{
"lowlevel": {
    "average_loudness": 0.944273650646,
    "barkbands_crest": {
        "dmean": 2.4058713913,
        "dmean2": 3.95952582359,
        "dvar": 4.84706258774,
        "dvar2": 12.1658163071,
        "max": 25.1326160431,
        "mean": 9.10365486145,
        "median": 8.02130699158,
        "min": 2.54031157494,
        "var": 17.3137207031
    },
    "barkbands_flatness_db": {
        "dmean": 0.0151618290693,
        "dmean2": 0.0240005161613,
        "dvar": 0.00020930285973,
        "dvar2": 0.000468208512757,
        "max": 0.350018978119,
        "mean": 0.168087124825,
        "median": 0.158530756831,
        "min": 0.0565856546164,
        "var": 0.00175077468157
    },
    "barkbands_kurtosis": {
        "dmean": 1.02525269985,
        "dmean2": 1.66175866127,
        "dvar": 4.43291425705,
        "dvar2": 10.9542455673,
        "max": 52.4165496826,
        "mean": 0.567625641823,
        "median": -0.451123714447,
        "min": -1.90751886368,
        "var": 9.98255062103
    },
    "barkbands_skewness": {
        "dmean": 0.359930545092,
        "dmean2": 0.567797005177,
        "dvar": 0.130462154746,
        "dvar2": 0.303465664387,
        "max": 7.07609033585,
        "mean": 0.592771291733,
        "median": 0.410846143961,
        "min": -2.46819734573,
        "var": 0.798181355
    },
    "barkbands_spread": {
        "dmean": 3.1558907032,
        "dmean2": 4.96764755249,
        "dvar": 8.66931819916,
        "dvar2": 20.9451007843,
        "max": 49.5889511108,
        "mean": 17.6215896606,
        "median": 17.4947013855,
        "min": 1.48514676094,
        "var": 48.7383499146
    },
    "dissonance": {
        "dmean": 0.0194466803223,
        "dmean2": 0.033256676048,
        "dvar": 0.000392598536564,
        "dvar2": 0.00109472253826,
        "max": 0.500000059605,
        "mean": 0.461037874222,
        "median": 0.468367278576,
        "min": 0.248887643218,
        "var": 0.000896812707651
    },
    "dynamic_complexity": 1.62998723984,
    "erbbands_crest": {
        "dmean": 3.01675081253,
        "dmean2": 4.9321846962,
        "dvar": 7.5996222496,
        "dvar2": 18.7260608673,
        "max": 33.5014953613,
        "mean": 10.7057762146,
        "median": 9.68190479279,
        "min": 1.71449184418,
        "var": 22.4649085999
    },
    "erbbands_flatness_db": {
        "dmean": 0.0141213219613,
        "dmean2": 0.021297108382,
        "dvar": 0.000168619226315,
        "dvar2": 0.000343650579453,
        "max": 0.381410747766,
        "mean": 0.246990814805,
        "median": 0.245441362262,
        "min": 0.021314105019,
        "var": 0.00120484328363
    },
    "erbbands_kurtosis": {
        "dmean": 0.737839818001,
        "dmean2": 1.18126392365,
        "dvar": 1.37010729313,
        "dvar2": 2.90552592278,
        "max": 35.0465316772,
        "mean": 0.018635828048,
        "median": -0.421677708626,
        "min": -1.87772715092,
        "var": 3.19185996056
    },
    "erbbands_skewness": {
        "dmean": 0.331963449717,
        "dmean2": 0.52730691433,
        "dvar": 0.0869766846299,
        "dvar2": 0.208524212241,
        "max": 3.53152251244,
        "mean": -0.0439658947289,
        "median": -0.0832266956568,
        "min": -3.88027000427,
        "var": 0.443760603666
    },
    "erbbands_spread": {
        "dmean": 4.36966943741,
        "dmean2": 6.78647661209,
        "dvar": 16.4639987946,
        "dvar2": 37.3915786743,
        "max": 91.934387207,
        "mean": 24.3304271698,
        "median": 23.0761222839,
        "min": 2.04300451279,
        "var": 93.0195846558
    },
    "hfc": {
        "dmean": 5.77562141418,
        "dmean2": 9.08943462372,
        "dvar": 35.2936477661,
        "dvar2": 84.6333312988,
        "max": 108.59651947,
        "mean": 26.5714321136,
        "median": 25.6440544128,
        "min": 1.133860561e-08,
        "var": 178.342575073
    },
    "melbands_crest": {
        "dmean": 2.87924575806,
        "dmean2": 4.74194145203,
        "dvar": 7.30663633347,
        "dvar2": 18.9081516266,
        "max": 33.448223114,
        "mean": 11.3362827301,
        "median": 9.97416114807,
        "min": 2.79232907295,
        "var": 27.4964599609
    },
    "melbands_flatness_db": {
        "dmean": 0.016855482012,
        "dmean2": 0.0264822933823,
        "dvar": 0.000289606658043,
        "dvar2": 0.000655085372273,
        "max": 0.412223726511,
        "mean": 0.213722884655,
        "median": 0.202314078808,
        "min": 0.0131551958621,
        "var": 0.00309811811894
    },
    "melbands_kurtosis": {
        "dmean": 1.86692237854,
        "dmean2": 2.99961900711,
        "dvar": 16.4475040436,
        "dvar2": 39.7704696655,
        "max": 128.600585938,
        "mean": 2.7165851593,
        "median": 0.660427451134,
        "min": -1.87241387367,
        "var": 36.929889679
    },
    "melbands_skewness": {
        "dmean": 0.406538635492,
        "dmean2": 0.637037217617,
        "dvar": 0.186933472753,
        "dvar2": 0.42362383008,
        "max": 9.8873167038,
        "mean": 1.21277141571,
        "median": 0.997524321079,
        "min": -1.75694811344,
        "var": 1.06613898277
    },
    "melbands_spread": {
        "dmean": 5.66091394424,
        "dmean2": 9.04383563995,
        "dvar": 29.2587795258,
        "dvar2": 70.0905532837,
        "max": 138.383132935,
        "mean": 29.0671367645,
        "median": 28.6644859314,
        "min": 1.97815108299,
        "var": 190.274658203
    },
    "pitch_salience": {
        "dmean": 0.0587993115187,
        "dmean2": 0.095762103796,
        "dvar": 0.00263441586867,
        "dvar2": 0.00678005348891,
        "max": 0.901144444942,
        "mean": 0.557330906391,
        "median": 0.563467144966,
        "min": 0.146851211786,
        "var": 0.00944861024618
    },
    "silence_rate_20dB": {
        "dmean": 0,
        "dmean2": 0,
        "dvar": 0,
        "dvar2": 0,
        "max": 1,
        "mean": 1,
        "median": 1,
        "min": 1,
        "var": 0
    },
    "silence_rate_30dB": {
        "dmean": 0,
        "dmean2": 0,
        "dvar": 0,
        "dvar2": 0,
        "max": 1,
        "mean": 1,
        "median": 1,
        "min": 1,
        "var": 0
    },
    "silence_rate_60dB": {
        "dmean": 0.00294787622988,
        "dmean2": 0.00576253002509,
        "dvar": 0.00293978583068,
        "dvar2": 0.00653413357213,
        "max": 1,
        "mean": 0.00388531619683,
        "median": 0,
        "min": 0,
        "var": 0.00387036427855
    },
    "spectral_centroid": {
        "dmean": 185.284744263,
        "dmean2": 297.759887695,
        "dvar": 33114.6210938,
        "dvar2": 81191.390625,
        "max": 3610.0246582,
        "mean": 1562.09216309,
        "median": 1632.20336914,
        "min": 326.922912598,
        "var": 318176.5625
    },
    "spectral_complexity": {
        "dmean": 3.00040197372,
        "dmean2": 4.89614057541,
        "dvar": 8.31683158875,
        "dvar2": 19.4280891418,
        "max": 53,
        "mean": 24.3887996674,
        "median": 24,
        "min": 0,
        "var": 74.112739563
    },
    "spectral_decrease": {
        "dmean": 1.47125578387e-09,
        "dmean2": 2.34916197606e-09,
        "dvar": 2.65246051327e-18,
        "dvar2": 6.37523111423e-18,
        "max": -8.55296158456e-20,
        "mean": -6.18862516788e-09,
        "median": -5.77423353576e-09,
        "min": -2.79828817895e-08,
        "var": 8.8602326348e-18
    },
    "spectral_energy": {
        "dmean": 0.00599757116288,
        "dmean2": 0.00955785438418,
        "dvar": 4.24838544859e-05,
        "dvar2": 0.000101857098343,
        "max": 0.111001111567,
        "mean": 0.0257673952729,
        "median": 0.0243840590119,
        "min": 1.35125537062e-12,
        "var": 0.000144719393575
    },
    "spectral_energyband_high": {
        "dmean": 9.84599537333e-05,
        "dmean2": 0.000163333985256,
        "dvar": 2.44109656933e-08,
        "dvar2": 6.37937631609e-08,
        "max": 0.00242944830097,
        "mean": 0.000257257255726,
        "median": 0.000144385820022,
        "min": 9.65401153116e-13,
        "var": 8.94566838383e-08
    },
    "spectral_energyband_low": {
        "dmean": 0.000551312579773,
        "dmean2": 0.000871084688697,
        "dvar": 1.47420826124e-06,
        "dvar2": 3.36360108122e-06,
        "max": 0.027423646301,
        "mean": 0.00113689748105,
        "median": 0.000645779655315,
        "min": 3.58751080871e-14,
        "var": 2.72982060778e-06
    },
    "spectral_energyband_middle_high": {
        "dmean": 0.00314683956094,
        "dmean2": 0.00494828308001,
        "dvar": 1.33735511554e-05,
        "dvar2": 3.23683270835e-05,
        "max": 0.0611380971968,
        "mean": 0.0113945621997,
        "median": 0.0103462645784,
        "min": 2.80071159407e-13,
        "var": 5.81919121032e-05
    },
    "spectral_energyband_middle_low": {
        "dmean": 0.00443133106455,
        "dmean2": 0.0070515172556,
        "dvar": 3.35685581376e-05,
        "dvar2": 8.18038315629e-05,
        "max": 0.0935557335615,
        "mean": 0.013405630365,
        "median": 0.0101133305579,
        "min": 4.2503645731e-14,
        "var": 0.000114789771033
    },
    "spectral_entropy": {
        "dmean": 0.110701076686,
        "dmean2": 0.1710177809,
        "dvar": 0.0137366531417,
        "dvar2": 0.029120631516,
        "max": 8.88207626343,
        "mean": 7.18246507645,
        "median": 7.23362541199,
        "min": 5.76344442368,
        "var": 0.130471989512
    },
    "spectral_flux": {
        "dmean": 0.0190572366118,
        "dmean2": 0.0316257812083,
        "dvar": 0.000414643960539,
        "dvar2": 0.00105909083504,
        "max": 0.284054398537,
        "mean": 0.0819504931569,
        "median": 0.0787050426006,
        "min": 3.57416647603e-05,
        "var": 0.000964714738075
    },
    "spectral_kurtosis": {
        "dmean": 3.99272108078,
        "dmean2": 7.08707523346,
        "dvar": 13.683300972,
        "dvar2": 41.7062835693,
        "max": 41.033821106,
        "mean": 8.38156700134,
        "median": 6.99747467041,
        "min": 0.470995903015,
        "var": 30.1847400665
    },
    "spectral_rms": {
        "dmean": 0.000573549186811,
        "dmean2": 0.000906124943867,
        "dvar": 3.15013522822e-07,
        "dvar2": 7.26728330847e-07,
        "max": 0.010406428948,
        "mean": 0.00487127061933,
        "median": 0.00487743038684,
        "min": 3.63083714205e-08,
        "var": 1.40968040796e-06
    },
    "spectral_rolloff": {
        "dmean": 298.393157959,
        "dmean2": 516.270080566,
        "dvar": 166427.9375,
        "dvar2": 371270.03125,
        "max": 15460.8398438,
        "mean": 1859.2668457,
        "median": 1851.85546875,
        "min": 43.06640625,
        "var": 608861.5625
    },
    "spectral_skewness": {
        "dmean": 0.364921927452,
        "dmean2": 0.636714756489,
        "dvar": 0.109001725912,
        "dvar2": 0.316231787205,
        "max": 4.54556417465,
        "mean": 1.47186911106,
        "median": 1.34193229675,
        "min": 0.14490789175,
        "var": 0.438236564398
    },
    "spectral_spread": {
        "dmean": 174417.546875,
        "dmean2": 281509.90625,
        "dvar": 42903007232,
        "dvar2": 92796379136,
        "max": 13988618,
        "mean": 2288157.5,
        "median": 2222310,
        "min": 1485906.125,
        "var": 205243056128
    },
    "spectral_strongpeak": {
        "dmean": 1.06117808819,
        "dmean2": 1.76414048672,
        "dvar": 1.54001402855,
        "dvar2": 3.84840011597,
        "max": 13.7789611816,
        "mean": 2.20271110535,
        "median": 1.75690031052,
        "min": 0,
        "var": 3.28188419342
    },
    "zerocrossingrate": {
        "dmean": 0.00506378337741,
        "dmean2": 0.00638665584847,
        "dvar": 4.11554028688e-05,
        "dvar2": 4.19782736572e-05,
        "max": 0.59619140625,
        "mean": 0.0611360296607,
        "median": 0.0625,
        "min": 0.0126953125,
        "var": 0.000426604499808
    },
    "barkbands": {
        "dmean": [3.64450602319e-06, 0.000220951886149, 0.000307856913423, 0.000406792154536, 0.00147441332228, 0.00142245332245, 0.00112593325321, 0.00110602588393, 0.00132831360679, 0.00115891150199, 0.000574559089728, 0.000787155004218, 0.000700012198649, 0.000572071003262, 0.000772737781517, 0.000538591411896, 0.000521284062415, 0.000338599726092, 0.000264537200565, 0.000138274364872, 3.97265648644e-05, 9.71175904851e-06, 6.8120641572e-07, 1.13289581805e-06, 2.97572313457e-07, 5.09530764248e-08, 5.22656229407e-08],
        "dmean2": [6.31970169707e-06, 0.00036112536327, 0.000497017696034, 0.000682805432007, 0.00243094214238, 0.00225083250552, 0.00179237034172, 0.00174919853453, 0.00204156758264, 0.00186822295655, 0.000882506079506, 0.00123929406982, 0.00108243606519, 0.00090552290203, 0.00126083765645, 0.00087735085981, 0.000845055677928, 0.000553718069568, 0.000436469243141, 0.000228542296099, 6.70003646519e-05, 1.60582731041e-05, 1.08817744149e-06, 1.72699219547e-06, 4.57504654605e-07, 8.80540937942e-08, 8.86035422809e-08],
        "dvar": [2.21869231321e-10, 5.68001610191e-07, 4.02307819058e-07, 4.44583662329e-07, 8.15167732071e-06, 1.10055289042e-05, 7.34484319764e-06, 5.52552955924e-06, 6.75075352774e-06, 5.99977101956e-06, 1.82975043117e-06, 3.10113500746e-06, 2.05450464819e-06, 1.88783883459e-06, 2.22130552174e-06, 1.18562945772e-06, 6.68401924031e-07, 3.04765649162e-07, 1.51598527509e-07, 5.42713678442e-08, 4.77415129652e-09, 4.62283072933e-10, 3.84428426592e-12, 1.10030378905e-11, 3.44894143627e-13, 1.56886817804e-15, 1.86434598669e-15],
        "dvar2": [5.79998493677e-10, 1.31402873649e-06, 1.04781440768e-06, 1.20951995086e-06, 2.15996169572e-05, 2.53322959907e-05, 1.70555795194e-05, 1.31810475068e-05, 1.50192436195e-05, 1.53680593939e-05, 4.09209451391e-06, 7.31123964215e-06, 4.21027061748e-06, 4.31365879194e-06, 5.21064657732e-06, 3.00801434605e-06, 1.73330897724e-06, 7.7393411857e-07, 3.85767521038e-07, 1.41087184602e-07, 1.24802683743e-08, 1.21478216375e-09, 9.39780024634e-12, 2.44306085778e-11, 6.85277518325e-13, 4.62041183783e-15, 5.24376201843e-15],
        "max": [0.000803441682365, 0.0161719508469, 0.0123656112701, 0.0164626538754, 0.0554537475109, 0.0651635080576, 0.0824310183525, 0.0573127493262, 0.0502450354397, 0.0474743284285, 0.0291443653405, 0.0314350388944, 0.0488580539823, 0.0467288196087, 0.0361121818423, 0.0333884693682, 0.0121737448499, 0.0127019537613, 0.00564575521275, 0.00605685915798, 0.0011341443751, 0.00049475079868, 5.13207996846e-05, 0.000106594066892, 1.9308159608e-05, 5.45119860362e-07, 4.79666027786e-07],
        "mean": [4.04867432735e-06, 0.000298803875921, 0.000550059136003, 0.000727985869162, 0.0030608351808, 0.00284030823968, 0.00209772563539, 0.00194194400683, 0.00244552991353, 0.00203246320598, 0.00087513984181, 0.00137163908221, 0.00129379378632, 0.00105871283449, 0.00134714972228, 0.00104272598401, 0.00102962611709, 0.000727786275093, 0.0005729708937, 0.000328313064529, 9.3773327535e-05, 2.03677791433e-05, 1.45918238559e-06, 2.67877953775e-06, 1.02348849396e-06, 3.53416680809e-07, 1.92025595425e-07],
        "median": [2.13007547245e-06, 0.000107743828266, 0.000232059435803, 0.00038807396777, 0.00153809972107, 0.000870486488566, 0.000810245866887, 0.000705955782905, 0.00105893786531, 0.00072924408596, 0.000268023111857, 0.000466265075374, 0.000516792933922, 0.000394740665797, 0.000651962938718, 0.000452744308859, 0.000612057861872, 0.000446089718025, 0.000386243598768, 0.000180432311026, 4.83797193738e-05, 8.4044313553e-06, 7.0627373816e-07, 1.23578445255e-06, 6.92133369284e-07, 3.50120046733e-07, 1.99863478656e-07],
        "min": [3.28854477016e-14, 1.69912217298e-14, 2.87440143607e-15, 1.488074258e-15, 2.49991207646e-15, 3.15094689368e-15, 2.61480193136e-15, 7.81511814762e-15, 1.59896510095e-14, 1.50217634013e-14, 1.1879373658e-14, 7.26941208916e-15, 2.60100507755e-14, 1.06253388385e-14, 3.62794341823e-14, 4.33369398039e-14, 3.50355019248e-14, 2.55188190999e-14, 4.5211650721e-14, 8.92796375566e-14, 5.70458258539e-14, 1.00890683882e-13, 7.87457257604e-14, 1.29551426011e-13, 1.63469403487e-13, 1.91073868424e-13, 1.89844085005e-13],
        "var": [1.84066664688e-10, 6.60799400976e-07, 7.57490681735e-07, 9.12547307053e-07, 2.10814778256e-05, 3.59152290912e-05, 1.79690123332e-05, 1.22366782307e-05, 1.98239868041e-05, 1.51050180648e-05, 3.30612897415e-06, 6.72641454003e-06, 5.62586455999e-06, 5.81257472732e-06, 4.77459889225e-06, 2.86080899059e-06, 1.69582062881e-06, 8.09967446003e-07, 3.77058483991e-07, 1.65694345355e-07, 1.44027554327e-08, 1.12623266268e-09, 7.45090621146e-12, 2.59661354918e-11, 1.14650704295e-12, 2.21419282852e-15, 2.98272043288e-15]
    },
    "erbbands": {
        "dmean": [0.00310971587896, 0.0633640959859, 0.316228419542, 0.770126879215, 2.55691027641, 5.72511672974, 9.72635746002, 12.7973546982, 15.4872817993, 17.3754405975, 24.1987495422, 32.0635910034, 24.0126094818, 40.1947364807, 23.141122818, 31.604724884, 35.986579895, 18.713104248, 44.7201805115, 26.9068031311, 29.3226451874, 24.3835659027, 19.5919265747, 13.7932291031, 10.2804956436, 7.6181473732, 2.40127468109, 1.04763293266, 0.324519485235, 0.0590329729021, 0.0171105805784, 0.0211295261979, 0.0200002118945, 0.00590252457187, 0.00143563305028, 0.000286360562313, 0.000115182629088, 3.49076944985e-05, 1.24159096231e-05, 7.09750975147e-06],
        "dmean2": [0.00487222103402, 0.102896012366, 0.506793677807, 1.27895855904, 4.29563903809, 9.60022926331, 15.4634056091, 20.1217823029, 24.778465271, 27.0500068665, 38.0493278503, 48.9017944336, 36.6520423889, 65.6933288574, 35.5914230347, 49.7264404297, 55.5544586182, 29.318983078, 72.7104568481, 44.2153167725, 48.2584228516, 39.3303794861, 32.0559997559, 22.4025707245, 17.0988788605, 12.5698490143, 4.01009321213, 1.77171754837, 0.536906421185, 0.0959843918681, 0.0270248278975, 0.0327604711056, 0.0309797171503, 0.00904803629965, 0.00226084329188, 0.000487910234369, 0.000199585410883, 5.93086078879e-05, 2.10099624383e-05, 1.12929446914e-05],
        "dvar": [0.000145292899106, 0.0423401892185, 0.481709480286, 1.67587780952, 19.6643314362, 143.963577271, 535.171325684, 1140.22241211, 1635.36352539, 1445.50439453, 2809.71533203, 3840.85766602, 3800.4440918, 7531.26025391, 2182.55175781, 5679.60595703, 5959.68359375, 1493.14489746, 7198.796875, 2576.45703125, 3345.41650391, 1454.30773926, 894.135620117, 394.93347168, 260.900604248, 180.636993408, 15.5030441284, 3.94930171967, 0.486215651035, 0.0162546746433, 0.00295235635713, 0.00444540567696, 0.00345635879785, 0.000242543290369, 6.32723367744e-06, 5.20773575374e-08, 8.27576496221e-09, 7.7752992933e-10, 1.02677942537e-10, 5.65076839487e-11],
        "dvar2": [0.000347637193045, 0.0974841341376, 1.23623204231, 4.48445034027, 53.6458015442, 406.106048584, 1284.52441406, 2621.15893555, 3746.5378418, 3354.61547852, 6829.68066406, 8390.40332031, 8537.01367188, 20055.4511719, 4710.953125, 13397.0341797, 11934.5253906, 3349.98681641, 17093.65625, 6432.78466797, 8855.35058594, 3655.68530273, 2339.22387695, 998.778381348, 689.549621582, 467.108459473, 40.695148468, 10.636932373, 1.27979230881, 0.0406061559916, 0.00702420715243, 0.00973527878523, 0.00807926338166, 0.000550779572222, 1.34819993036e-05, 1.46171828419e-07, 2.41391635569e-08, 2.23603136007e-09, 2.89095580808e-10, 1.35107439125e-10],
        "max": [0.361366719007, 4.17901325226, 13.2331848145, 27.0301456451, 80.8209915161, 227.995742798, 452.443145752, 700.350402832, 1335.45410156, 1051.25561523, 1200.75415039, 1125.80908203, 1544.33081055, 1771.02709961, 1025.62219238, 1533.2980957, 2742.41772461, 974.605895996, 1943.39428711, 1571.72900391, 1128.19421387, 746.522460938, 550.950622559, 321.118103027, 361.998687744, 372.26184082, 57.9302139282, 34.0424766541, 23.0657272339, 3.54090452194, 1.4470564127, 2.77734565735, 1.22288799286, 0.3640229702, 0.0846456289291, 0.00453146873042, 0.00125250162091, 0.000394096714444, 0.0001160443353, 0.000126353203086],
        "mean": [0.00426957430318, 0.0899922996759, 0.585429012775, 1.52231991291, 4.65814065933, 11.1912069321, 19.6498126984, 24.8506259918, 28.7703113556, 33.2792434692, 44.81772995, 57.4158744812, 48.3707771301, 71.1722412109, 43.2277450562, 57.7064399719, 69.4486541748, 39.0009536743, 85.9779052734, 53.6460266113, 60.5988616943, 54.823513031, 45.2391242981, 32.2575798035, 24.7857131958, 18.0902004242, 5.98404788971, 2.49186182022, 0.776612222195, 0.139659807086, 0.0403608195484, 0.0488670505583, 0.0452698618174, 0.0166345294565, 0.00534548936412, 0.00161277141888, 0.000665499072056, 0.000184348100447, 5.44743197679e-05, 3.28191272274e-05],
        "median": [0.00135212065652, 0.0351395979524, 0.261677622795, 0.929692924023, 3.12757229805, 5.14796972275, 6.44441604614, 7.41835689545, 10.7748241425, 16.6520385742, 20.1095809937, 26.0040512085, 19.0545349121, 28.0416793823, 21.9237747192, 25.267364502, 28.1396141052, 21.7781982422, 39.6135215759, 29.4547615051, 29.2520484924, 35.9394798279, 27.9914779663, 22.6612014771, 17.1103134155, 9.96411514282, 3.62132310867, 1.09713065624, 0.347002029419, 0.0622542314231, 0.0206641480327, 0.021881442517, 0.0215223748237, 0.0098695512861, 0.00400674017146, 0.00157179182861, 0.000657124328427, 0.00018162750348, 5.49039905309e-05, 3.15551078529e-05],
        "min": [9.70775651706e-13, 2.26613064251e-12, 3.441640202e-12, 4.49918748091e-12, 5.85718496274e-12, 8.67711891922e-12, 1.47276878193e-11, 2.99850179408e-11, 3.54977193473e-11, 7.2694225639e-11, 2.07930006546e-10, 2.93059604362e-10, 6.74959643732e-10, 3.59850510501e-10, 3.60143470601e-10, 4.39583786038e-10, 1.18557785811e-09, 5.58351476165e-10, 7.90804033368e-10, 3.356580347e-09, 1.83371029472e-09, 1.69167035935e-09, 1.3623212558e-09, 2.35181119024e-09, 1.8112971123e-09, 4.36588676322e-09, 2.76341327599e-09, 2.78965428535e-09, 3.03553315817e-09, 3.8406020586e-09, 2.40918640593e-09, 2.94641533394e-09, 1.8242564126e-09, 1.87731585832e-09, 1.01548680576e-09, 7.51916862107e-10, 3.81826736895e-10, 1.30156829758e-10, 2.8354894821e-11, 2.26959141585e-12],
        "var": [0.000179064853, 0.0494393035769, 0.865996718407, 3.39318537712, 30.0935840607, 310.005065918, 1734.3182373, 3474.65844727, 3983.39794922, 3189.26464844, 5886.30615234, 8989.50683594, 12469.7480469, 16691.7421875, 4971.86035156, 11185.7773438, 16469.9375, 4006.66430664, 20423.6640625, 6244.00537109, 8594.48632812, 4405.48681641, 2948.60375977, 1022.26605225, 724.176940918, 545.370666504, 46.9204559326, 12.0370283127, 1.33472788334, 0.0433862656355, 0.00581848714501, 0.0110945841298, 0.00684537412599, 0.000511611055117, 2.0155828679e-05, 1.02778685118e-07, 1.13993703366e-08, 1.28163757385e-09, 1.88916007837e-10, 1.99027419545e-10]
    },
    "gfcc": {
        "mean": [-23.5414543152, 131.193237305, -176.246627808, 5.8356757164, -40.9097976685, -26.8417701721, -32.905632019, 0.207867145538, -30.5479755402, -4.95841407776, -13.7405567169, -13.1165266037, -4.64349555969],
        "cov": [[1152.82421875, 2.02881288528, -394.809539795, 282.14730835, 0.72973960638, 46.7671394348, 199.023178101, -3.23245191574, 24.7598724365, 10.8834562302, -68.537612915, -81.7107849121, 4.37932920456], [2.02881288528, 403.503570557, 219.419021606, -151.075775146, 151.036254883, -29.542848587, -22.2358283997, 6.10456562042, -24.0568370819, -5.02319574356, -0.240123391151, -5.86188650131, -0.593971550465], [-394.809539795, 219.419021606, 494.493377686, -18.3299694061, 14.1987733841, 12.9989328384, -132.970092773, -21.4314098358, -30.5775279999, -33.2403717041, 25.3361873627, 33.0554733276, 4.49977493286], [282.14730835, -151.075775146, -18.3299694061, 435.902191162, -5.17742109299, 53.4018211365, 89.5801620483, -7.93128061295, 8.68126487732, -1.3348171711, -51.3483352661, -12.6641016006, -16.7642879486], [0.72973960638, 151.036254883, 14.1987733841, -5.17742109299, 222.711151123, 47.3401451111, 33.6060066223, 21.2089157104, -1.826151371, 10.5076580048, -15.6486330032, -9.48457145691, -22.8117046356], [46.7671394348, -29.542848587, 12.9989328384, 53.4018211365, 47.3401451111, 232.033721924, 87.6854400635, -35.4001350403, -1.98463392258, 11.552605629, -26.2336158752, -34.4688186646, -12.2049436569], [199.023178101, -22.2358283997, -132.970092773, 89.5801620483, 33.6060066223, 87.6854400635, 195.305603027, 24.9385585785, 0.0783481001854, 25.5337772369, -38.862071991, -24.188079834, -8.57175254822], [-3.23245191574, 6.10456562042, -21.4314098358, -7.93128061295, 21.2089157104, -35.4001350403, 24.9385585785, 116.702842712, 55.1443786621, -4.96494579315, 5.13223838806, 3.10323119164, -0.206590905786], [24.7598724365, -24.0568370819, -30.5775279999, 8.68126487732, -1.826151371, -1.98463392258, 0.0783481001854, 55.1443786621, 82.9491348267, 26.7237606049, -2.29933404922, -5.0092215538, -0.948609530926], [10.8834562302, -5.02319574356, -33.2403717041, -1.3348171711, 10.5076580048, 11.552605629, 25.5337772369, -4.96494579315, 26.7237606049, 70.4583892822, 22.7121868134, -9.96906089783, -15.919172287], [-68.537612915, -0.240123391151, 25.3361873627, -51.3483352661, -15.6486330032, -26.2336158752, -38.862071991, 5.13223838806, -2.29933404922, 22.7121868134, 87.6697463989, 38.0372505188, -4.46967554092], [-81.7107849121, -5.86188650131, 33.0554733276, -12.6641016006, -9.48457145691, -34.4688186646, -24.188079834, 3.10323119164, -5.0092215538, -9.96906089783, 38.0372505188, 85.2948608398, 30.344493866], [4.37932920456, -0.593971550465, 4.49977493286, -16.7642879486, -22.8117046356, -12.2049436569, -8.57175254822, -0.206590905786, -0.948609530926, -15.919172287, -4.46967554092, 30.344493866, 76.886428833]],
        "icov": [[0.00576255144551, -0.0111068906263, 0.010272600688, -0.00757370749488, 0.0067970091477, -0.00453259376809, 0.00353053142317, -0.00076523743337, -0.00062834250275, 0.00253041833639, -0.00289587886073, 0.00160436774604, -0.00126330077183], [-0.0111068906263, 0.030965808779, -0.0257718767971, 0.0183332115412, -0.0201745294034, 0.0145691977814, -0.0140674132854, 0.00701000355184, -0.00331071368419, -0.00111284165177, 0.00317593012005, 0.00171791610774, 0.000390459696064], [0.010272600688, -0.0257718767971, 0.0250877216458, -0.0162306167185, 0.0165131557733, -0.0134676638991, 0.0144034940749, -0.00707497214898, 0.00472040567547, 0.00075601239223, -0.0025064360816, -0.00157603574917, -0.000752044201363], [-0.00757370749488, 0.0183332115412, -0.0162306167185, 0.0142522444949, -0.0113936401904, 0.00843774992973, -0.00929603073746, 0.0044364114292, -0.00251019140705, -0.000938245619182, 0.00397531827912, -0.000968829670455, 0.00195323047228], [0.0067970091477, -0.0201745294034, 0.0165131557733, -0.0113936401904, 0.0188671462238, -0.0115016233176, 0.010698677972, -0.00881015323102, 0.00632532918826, -0.00337590929121, 0.00169151031878, -0.00359514402226, 0.00184365629684], [-0.00453259376809, 0.0145691977814, -0.0134676638991, 0.00843774992973, -0.0115016233176, 0.0153119815513, -0.0138945542276, 0.0116739487275, -0.00955683644861, 0.00585832260549, -0.00316664180718, 0.00547821493819, -0.000751947634853], [0.00353053142317, -0.0140674132854, 0.0144034940749, -0.00929603073746, 0.010698677972, -0.0138945542276, 0.0234709605575, -0.0170984901488, 0.0168048515916, -0.0141296312213, 0.00939920730889, -0.00687014823779, 0.000899361039046], [-0.00076523743337, 0.00701000355184, -0.00707497214898, 0.0044364114292, -0.00881015323102, 0.0116739487275, -0.0170984901488, 0.030002463609, -0.0271013230085, 0.0203353427351, -0.0127678588033, 0.00779997184873, -0.00105191033799], [-0.00062834250275, -0.00331071368419, 0.00472040567547, -0.00251019140705, 0.00632532918826, -0.00955683644861, 0.0168048515916, -0.0271013230085, 0.0396406985819, -0.0264109931886, 0.0154772242531, -0.00829160492867, 0.000539848813787], [0.00253041833639, -0.00111284165177, 0.00075601239223, -0.000938245619182, -0.00337590929121, 0.00585832260549, -0.0141296312213, 0.0203353427351, -0.0264109931886, 0.0384301058948, -0.0206611137837, 0.0113271968439, -3.43698375218e-05], [-0.00289587886073, 0.00317593012005, -0.0025064360816, 0.00397531827912, 0.00169151031878, -0.00316664180718, 0.00939920730889, -0.0127678588033, 0.0154772242531, -0.0206611137837, 0.0293472316116, -0.0156940352172, 0.00602878676727], [0.00160436774604, 0.00171791610774, -0.00157603574917, -0.000968829670455, -0.00359514402226, 0.00547821493819, -0.00687014823779, 0.00779997184873, -0.00829160492867, 0.0113271968439, -0.0156940352172, 0.0246576815844, -0.00954006426036], [-0.00126330077183, 0.000390459696064, -0.000752044201363, 0.00195323047228, 0.00184365629684, -0.000751947634853, 0.000899361039046, -0.00105191033799, 0.000539848813787, -3.43698375218e-05, 0.00602878676727, -0.00954006426036, 0.0181913021952]]
    },
    "melbands": {
        "dmean": [4.42838281742e-05, 0.000133725319756, 0.000169785751496, 0.000293238845188, 0.000320021179505, 0.00027619060711, 0.000238831635215, 0.000203155810595, 0.00019492728461, 0.000200829323148, 0.000123512698337, 0.000171107618371, 8.2570091763e-05, 9.47958978941e-05, 7.51487750676e-05, 6.12784133409e-05, 3.78386466764e-05, 7.56009903853e-05, 5.0620354159e-05, 3.10455034196e-05, 3.89495507989e-05, 2.54572423728e-05, 3.26312911056e-05, 1.48668577822e-05, 1.23420431919e-05, 1.00922261481e-05, 6.04440947427e-06, 5.20024877915e-06, 1.82890164524e-06, 1.03721174582e-06, 5.50943695998e-07, 2.41097211529e-07, 8.0184605622e-08, 1.96131235697e-08, 8.3433571163e-09, 1.42962406358e-08, 1.35411291069e-08, 1.44881262543e-08, 1.31219159982e-08, 3.52242590651e-09],
        "dmean2": [7.16602735338e-05, 0.000211994760321, 0.000281597545836, 0.000492817198392, 0.000513857288752, 0.000435773254139, 0.000381836784072, 0.000318368140142, 0.000304392218823, 0.000307421054458, 0.000188907506526, 0.000280109117739, 0.000126250160974, 0.000149260173202, 0.000117845629575, 9.45556603256e-05, 5.94598604948e-05, 0.0001223628351, 8.13269580249e-05, 5.03619339725e-05, 6.44758038106e-05, 4.06775034207e-05, 5.35978324478e-05, 2.42572295974e-05, 2.00028025574e-05, 1.67941743712e-05, 1.00920906334e-05, 8.6141999418e-06, 3.0760700156e-06, 1.73453599928e-06, 9.30946441713e-07, 3.99591698397e-07, 1.31760259592e-07, 3.2399714911e-08, 1.35366535758e-08, 2.28395009572e-08, 2.1088752078e-08, 2.26361986932e-08, 2.08995647455e-08, 5.52288748068e-09],
        "dvar": [2.58626453586e-08, 9.81133467803e-08, 7.30841023255e-08, 3.22195489844e-07, 5.19240586527e-07, 4.8677753739e-07, 3.53831097755e-07, 1.73722540353e-07, 1.64595064689e-07, 1.6158935523e-07, 9.91892648017e-08, 1.38302411301e-07, 3.45144748337e-08, 4.4826219181e-08, 2.06122461321e-08, 1.6429327232e-08, 7.85626674826e-09, 2.22527578586e-08, 9.77782033118e-09, 5.30475663396e-09, 6.12512840448e-09, 1.87493931492e-09, 3.07472602934e-09, 6.69336364112e-10, 3.31133037657e-10, 2.50273385349e-10, 1.0027166597e-10, 8.13668923905e-11, 9.63872211213e-12, 4.33584982154e-12, 1.18498873908e-12, 2.89065510894e-13, 3.35124079366e-14, 2.46684560427e-15, 6.06512965563e-16, 2.67778391319e-15, 1.59474577573e-15, 1.5173976916e-15, 2.24685314841e-15, 6.06936230574e-17],
        "dvar2": [6.02622094448e-08, 2.36304657619e-07, 1.95744888742e-07, 9.26031759718e-07, 1.25690792174e-06, 1.12498935323e-06, 8.15227451767e-07, 4.04535200005e-07, 4.01157706165e-07, 3.49655692844e-07, 2.23095909746e-07, 3.69875806427e-07, 7.53396136588e-08, 1.06217761697e-07, 4.61922375905e-08, 3.22361373151e-08, 1.76735550639e-08, 5.18917637748e-08, 2.17095976751e-08, 1.25420855923e-08, 1.6248534962e-08, 4.60027305138e-09, 7.86331355584e-09, 1.70523017928e-09, 8.2077605823e-10, 6.56041443392e-10, 2.62153021513e-10, 2.12312417647e-10, 2.58075626841e-11, 1.13149689271e-11, 3.22173949845e-12, 7.69151073127e-13, 8.49811621897e-14, 6.2436827186e-15, 1.47529083676e-15, 6.60795220218e-15, 3.3429277582e-15, 3.2986095121e-15, 5.78114386061e-15, 1.26429408257e-16],
        "max": [0.00371043686755, 0.00640581082553, 0.00547524774447, 0.00860353372991, 0.0159829482436, 0.0141957597807, 0.0190249718726, 0.00952681805938, 0.00965263880789, 0.00824042130262, 0.00784292817116, 0.00710961967707, 0.00439814617857, 0.00441497610882, 0.00286335800774, 0.00470394967124, 0.00237777200527, 0.00449888873845, 0.0024932611268, 0.00342380255461, 0.00142465555109, 0.00079676770838, 0.00113155622967, 0.000762439274695, 0.000289096846245, 0.000244458031375, 0.000241680900217, 0.000220152462134, 5.87938520766e-05, 4.7086046834e-05, 1.97678327822e-05, 1.87161585927e-05, 5.09816482008e-06, 1.07462722099e-06, 7.436276519e-07, 1.59452417847e-06, 1.74777301254e-06, 9.32795046538e-07, 1.13269959456e-06, 2.91609325132e-07],
        "mean": [5.96770623815e-05, 0.000238788546994, 0.000341471808497, 0.000564635090996, 0.000674592913128, 0.000539436470717, 0.000445219426183, 0.000386236584745, 0.000358227232937, 0.000358251767466, 0.000237696382101, 0.000298095575999, 0.000138817180414, 0.000164963174029, 0.000141824959428, 0.000115998453111, 6.81068049744e-05, 0.000142686330946, 8.91523086466e-05, 5.88067960052e-05, 7.4134033639e-05, 5.13795821462e-05, 6.14672680967e-05, 3.06716356135e-05, 2.5535826353e-05, 2.11667811527e-05, 1.41889267979e-05, 1.10987948574e-05, 3.81750533052e-06, 2.24749351219e-06, 1.15988666494e-06, 5.11527559865e-07, 1.6538118075e-07, 3.74961928173e-08, 1.75962888704e-08, 2.75649725268e-08, 3.04396046147e-08, 3.20245447938e-08, 2.66611692723e-08, 1.03945048124e-08],
        "median": [2.03654599318e-05, 0.000106326115201, 0.00022464315407, 0.000325270579197, 0.000239417393459, 0.00016095576575, 0.000171901963768, 0.000189628772205, 0.000170211758814, 0.000152024789713, 8.22787696961e-05, 0.000109634434921, 5.64026122447e-05, 5.47671443201e-05, 6.34662428638e-05, 5.12693804922e-05, 3.0023878935e-05, 6.12962394371e-05, 4.36324044131e-05, 2.73534569715e-05, 3.06860820274e-05, 3.10078976327e-05, 3.04177156067e-05, 1.92270890693e-05, 1.58338589245e-05, 1.35594946187e-05, 8.09704397398e-06, 5.60112403036e-06, 2.16129274122e-06, 8.92497268978e-07, 4.44312547643e-07, 2.21034440528e-07, 5.50187948534e-08, 1.64503681788e-08, 9.33758581567e-09, 1.12536024943e-08, 1.31248683033e-08, 1.50651970898e-08, 1.28656942877e-08, 6.6286740541e-09],
        "min": [8.27266247584e-15, 2.1764043594e-15, 8.26278098948e-16, 5.08519406258e-16, 5.02651638455e-16, 6.60889145584e-16, 5.39342141115e-16, 9.60645158832e-16, 1.7448576958e-15, 2.12099421685e-15, 3.36103499328e-15, 1.36061348125e-15, 1.49607469594e-15, 6.30825828704e-16, 2.30087542748e-15, 2.19044520105e-15, 9.32304812846e-16, 9.19662740229e-16, 3.48781613196e-15, 4.44587731091e-15, 1.83965307045e-15, 1.90064897177e-15, 1.68654148908e-15, 9.18362968171e-16, 2.06268023359e-15, 1.59020599677e-15, 1.38274793447e-15, 3.32585835025e-15, 2.18238123563e-15, 1.02000596893e-15, 1.65993364311e-15, 1.46622694895e-15, 2.31201983997e-15, 1.80453635501e-15, 1.28102340679e-15, 1.52184630864e-15, 1.98142944516e-15, 1.28781629339e-15, 1.28255081895e-15, 1.72783000421e-15],
        "var": [3.07167340452e-08, 1.61229053219e-07, 1.47777441839e-07, 5.59115733267e-07, 1.76112632744e-06, 1.52663744757e-06, 8.76657679783e-07, 3.85891183896e-07, 3.32159430627e-07, 4.14701958107e-07, 3.28812660655e-07, 3.15006076335e-07, 7.16999792871e-08, 1.01997265745e-07, 5.04645853994e-08, 4.45719336994e-08, 1.9274544627e-08, 7.07958918156e-08, 2.04912069535e-08, 1.2444375308e-08, 1.52135459786e-08, 4.65494398583e-09, 8.214902536e-09, 1.4469865306e-09, 7.86863518787e-10, 6.13690820384e-10, 3.10490633204e-10, 2.25287677402e-10, 2.29596133772e-11, 1.16069038061e-11, 3.1424749955e-12, 7.0504328287e-13, 8.09750080573e-14, 4.80927816221e-15, 1.08091155536e-15, 4.66178770323e-15, 4.37254670405e-15, 3.67698569414e-15, 2.79269833204e-15, 1.72011493696e-16]
    },
    "mfcc": {
        "mean": [-656.57043457, 168.869094849, -70.9595565796, 28.2133674622, -6.81270933151, -19.5750370026, 2.18622517586, -13.8344364166, -2.21681237221, -5.52363300323, -6.49158811569, -3.08091163635, -9.5125541687],
        "cov": [[1368.80639648, -376.456634521, -378.946228027, 245.523712158, -218.691574097, 163.611557007, 109.627349854, 27.164056778, 200.413604736, 32.6872596741, 50.312713623, 41.6819419861, 32.421875], [-376.456634521, 697.454284668, 51.5965957642, -123.798072815, 151.935348511, -76.7678527832, 9.49411964417, -12.9465465546, -69.5103683472, 37.8348731995, -11.1915645599, -61.8781051636, -20.6267566681], [-378.946228027, 51.5965957642, 451.020874023, -0.485334575176, 80.7596740723, 11.8180112839, -46.3888626099, -5.76063251495, -68.0353927612, -24.6438541412, -34.4963722229, -24.149848938, -39.7309074402], [245.523712158, -123.798072815, -0.485334575176, 297.127960205, 0.272780805826, 10.7188911438, 18.9225978851, 23.8988857269, 57.3811225891, -31.1779556274, 7.12608671188, 35.906463623, 20.6868114471], [-218.691574097, 151.935348511, 80.7596740723, 0.272780805826, 199.355606079, -4.67840719223, -18.7434577942, 18.3200073242, -31.7165126801, 6.68525934219, -3.87640213966, -4.39183759689, -2.00495219231], [163.611557007, -76.7678527832, 11.8180112839, 10.7188911438, -4.67840719223, 255.123916626, 104.134872437, 6.37833213806, 55.4235916138, 11.9811191559, 21.9376220703, -16.3245277405, -2.39215159416], [109.627349854, 9.49411964417, -46.3888626099, 18.9225978851, -18.7434577942, 104.134872437, 134.505645752, 33.4579544067, 27.8377857208, 20.2609157562, 11.2954320908, 4.28531551361, 3.82761764526], [27.164056778, -12.9465465546, -5.76063251495, 23.8988857269, 18.3200073242, 6.37833213806, 33.4579544067, 92.2390823364, 49.0189476013, 0.420161247253, 4.91080093384, 4.28896856308, 11.3251676559], [200.413604736, -69.5103683472, -68.0353927612, 57.3811225891, -31.7165126801, 55.4235916138, 27.8377857208, 49.0189476013, 135.248184204, 44.3659515381, 11.5070838928, -10.1122102737, 6.765645504], [32.6872596741, 37.8348731995, -24.6438541412, -31.1779556274, 6.68525934219, 11.9811191559, 20.2609157562, 0.420161247253, 44.3659515381, 109.241622925, 26.568315506, -23.7837524414, -10.8100004196], [50.312713623, -11.1915645599, -34.4963722229, 7.12608671188, -3.87640213966, 21.9376220703, 11.2954320908, 4.91080093384, 11.5070838928, 26.568315506, 83.7232666016, 42.3367347717, 7.33102989197], [41.6819419861, -61.8781051636, -24.149848938, 35.906463623, -4.39183759689, -16.3245277405, 4.28531551361, 4.28896856308, -10.1122102737, -23.7837524414, 42.3367347717, 128.636795044, 42.0115470886], [32.421875, -20.6267566681, -39.7309074402, 20.6868114471, -2.00495219231, -2.39215159416, 3.82761764526, 11.3251676559, 6.765645504, -10.8100004196, 7.33102989197, 42.0115470886, 79.7161102295]],
