{
"lowlevel": {
    "average_loudness": 0.919405698776,
    "barkbands_crest": {
        "dmean": 2.52374911308,
        "dmean2": 3.9469845295,
        "dvar": 5.16648387909,
        "dvar2": 11.7780065536,
        "max": 26.731716156,
        "mean": 10.8138036728,
        "median": 9.90577411652,
        "min": 2.63002920151,
        "var": 22.2760486603
    },
    "barkbands_flatness_db": {
        "dmean": 0.0220176689327,
        "dmean2": 0.0315912738442,
        "dvar": 0.000413885951275,
        "dvar2": 0.000786626071204,
        "max": 0.400381028652,
        "mean": 0.149301812053,
        "median": 0.145371392369,
        "min": 0.0316686667502,
        "var": 0.00266049685888
    },
    "barkbands_kurtosis": {
        "dmean": 2.68720817566,
        "dmean2": 4.1069111824,
        "dvar": 24.256980896,
        "dvar2": 54.5456695557,
        "max": 151.424667358,
        "mean": 4.34355211258,
        "median": 1.52246284485,
        "min": -1.93011140823,
        "var": 72.4041213989
    },
    "barkbands_skewness": {
        "dmean": 0.490157723427,
        "dmean2": 0.726850152016,
        "dvar": 0.277557790279,
        "dvar2": 0.593495368958,
        "max": 12.2885341644,
        "mean": 1.45490944386,
        "median": 1.30707895756,
        "min": -2.50802826881,
        "var": 1.7710518837
    },
    "barkbands_spread": {
        "dmean": 5.55455493927,
        "dmean2": 8.21207237244,
        "dvar": 52.0079460144,
        "dvar2": 95.4515991211,
        "max": 143.567443848,
        "mean": 21.331111908,
        "median": 18.3748435974,
        "min": 0.642030477524,
        "var": 216.082672119
    },
    "dissonance": {
        "dmean": 0.0185767188668,
        "dmean2": 0.0312711074948,
        "dvar": 0.000310143164825,
        "dvar2": 0.00084797112504,
        "max": 0.500000059605,
        "mean": 0.459005624056,
        "median": 0.46394726634,
        "min": 0.187873750925,
        "var": 0.00077104778029
    },
    "dynamic_complexity": 2.76940488815,
    "erbbands_crest": {
        "dmean": 2.68875908852,
        "dmean2": 4.25821208954,
        "dvar": 6.25060939789,
        "dvar2": 14.6837892532,
        "max": 30.9874362946,
        "mean": 10.4409942627,
        "median": 9.1036195755,
        "min": 2.58229780197,
        "var": 28.2972621918
    },
    "erbbands_flatness_db": {
        "dmean": 0.0180744677782,
        "dmean2": 0.0245906747878,
        "dvar": 0.000299992389046,
        "dvar2": 0.000503624789417,
        "max": 0.388712376356,
        "mean": 0.182402163744,
        "median": 0.183170616627,
        "min": 0.0594376213849,
        "var": 0.00275137554854
    },
    "erbbands_kurtosis": {
        "dmean": 0.86950224638,
        "dmean2": 1.35385715961,
        "dvar": 2.18009972572,
        "dvar2": 4.69724035263,
        "max": 69.4439926147,
        "mean": 0.330930411816,
        "median": -0.372487187386,
        "min": -1.82736206055,
        "var": 7.69046783447
    },
    "erbbands_skewness": {
        "dmean": 0.343225300312,
        "dmean2": 0.521609306335,
        "dvar": 0.109046593308,
        "dvar2": 0.235244885087,
        "max": 7.44821071625,
        "mean": 0.465278208256,
        "median": 0.398233056068,
        "min": -2.64934206009,
        "var": 0.627724349499
    },
    "erbbands_spread": {
        "dmean": 7.72062921524,
        "dmean2": 11.5345077515,
        "dvar": 77.9600067139,
        "dvar2": 151.927871704,
        "max": 147.160522461,
        "mean": 38.5561141968,
        "median": 35.0077590942,
        "min": 2.17421269417,
        "var": 383.481811523
    },
    "hfc": {
        "dmean": 6.96978378296,
        "dmean2": 10.1331605911,
        "dvar": 93.3304595947,
        "dvar2": 200.549667358,
        "max": 132.177307129,
        "mean": 21.7650356293,
        "median": 18.4406356812,
        "min": 1.07018218902e-16,
        "var": 288.487365723
    },
    "melbands_crest": {
        "dmean": 3.02014780045,
        "dmean2": 4.79935979843,
        "dvar": 7.15646696091,
        "dvar2": 17.1105937958,
        "max": 39.7676391602,
        "mean": 13.7091150284,
        "median": 12.9475784302,
        "min": 1.58852863312,
        "var": 28.6017742157
    },
    "melbands_flatness_db": {
        "dmean": 0.0254482012242,
        "dmean2": 0.0359188243747,
        "dvar": 0.000613957177848,
        "dvar2": 0.00115049397573,
        "max": 0.450520008802,
        "mean": 0.191947266459,
        "median": 0.191024959087,
        "min": 0.00174698117189,
        "var": 0.00424791919068
    },
    "melbands_kurtosis": {
        "dmean": 5.56954336166,
        "dmean2": 8.54969978333,
        "dvar": 88.4940567017,
        "dvar2": 201.35597229,
        "max": 260.723937988,
        "mean": 12.1242761612,
        "median": 6.84331607819,
        "min": -1.71364712715,
        "var": 286.931091309
    },
    "melbands_skewness": {
        "dmean": 0.611438572407,
        "dmean2": 0.918771743774,
        "dvar": 0.412764310837,
        "dvar2": 0.913683474064,
        "max": 15.7436904907,
        "mean": 2.44807195663,
        "median": 2.30242824554,
        "min": -1.40051496029,
        "var": 2.48049402237
    },
    "melbands_spread": {
        "dmean": 6.8864274025,
        "dmean2": 10.3436803818,
        "dvar": 89.2581710815,
        "dvar2": 184.170471191,
        "max": 250.510787964,
        "mean": 25.5649108887,
        "median": 20.3852081299,
        "min": 0.619932711124,
        "var": 494.636871338
    },
    "pitch_salience": {
        "dmean": 0.0651194304228,
        "dmean2": 0.102233991027,
        "dvar": 0.00341377942823,
        "dvar2": 0.00797353032976,
        "max": 0.955921411514,
        "mean": 0.541412830353,
        "median": 0.544335722923,
        "min": 0.0139043815434,
        "var": 0.0142842624336
    },
    "silence_rate_20dB": {
        "dmean": 0,
        "dmean2": 0,
        "dvar": 0,
        "dvar2": 0,
        "max": 1,
        "mean": 1,
        "median": 1,
        "min": 1,
        "var": 0
    },
    "silence_rate_30dB": {
        "dmean": 0,
        "dmean2": 0,
        "dvar": 0,
        "dvar2": 0,
        "max": 1,
        "mean": 1,
        "median": 1,
        "min": 1,
        "var": 0
    },
    "silence_rate_60dB": {
        "dmean": 0.0166442301124,
        "dmean2": 0.0332925319672,
        "dvar": 0.0163655746728,
        "dvar2": 0.0387937910855,
        "max": 1,
        "mean": 0.0522515922785,
        "median": 0,
        "min": 0,
        "var": 0.0495152212679
    },
    "spectral_centroid": {
        "dmean": 254.305419922,
        "dmean2": 384.146331787,
        "dvar": 89626.1875,
        "dvar2": 184229.9375,
        "max": 11820.9570312,
        "mean": 1455.79455566,
        "median": 1307.39416504,
        "min": 265.414398193,
        "var": 1416465.25
    },
    "spectral_complexity": {
        "dmean": 3.59246110916,
        "dmean2": 5.43867826462,
        "dvar": 16.9942378998,
        "dvar2": 33.9502983093,
        "max": 53,
        "mean": 17.6844100952,
        "median": 17,
        "min": 0,
        "var": 72.3520126343
    },
    "spectral_decrease": {
        "dmean": 1.67213565216e-09,
        "dmean2": 2.54768139918e-09,
        "dvar": 3.43990502356e-18,
        "dvar2": 7.82884180852e-18,
        "max": 1.83621073867e-28,
        "mean": -6.06359629174e-09,
        "median": -5.81644066244e-09,
        "min": -2.45220856954e-08,
        "var": 1.5200178292e-17
    },
    "spectral_energy": {
        "dmean": 0.00676088221371,
        "dmean2": 0.0102908900008,
        "dvar": 5.38617205166e-05,
        "dvar2": 0.000122638302855,
        "max": 0.094822652638,
        "mean": 0.024859584868,
        "median": 0.0242064595222,
        "min": 9.73221207624e-21,
        "var": 0.000239568049437
    },
    "spectral_energyband_high": {
        "dmean": 0.000467301520985,
        "dmean2": 0.000685579783749,
        "dvar": 9.50062201355e-07,
        "dvar2": 2.06082700061e-06,
        "max": 0.0204156097025,
        "mean": 0.000786144461017,
        "median": 0.000263849156909,
        "min": 6.85729658191e-21,
        "var": 1.84010229987e-06
    },
    "spectral_energyband_low": {
        "dmean": 0.00163831200916,
        "dmean2": 0.00249217287637,
        "dvar": 1.46665261127e-05,
        "dvar2": 3.24660177284e-05,
        "max": 0.0844109356403,
        "mean": 0.00317264487967,
        "median": 0.00152247608639,
        "min": 1.1432083886e-23,
        "var": 2.84879242827e-05
    },
    "spectral_energyband_middle_high": {
        "dmean": 0.0020590107888,
        "dmean2": 0.0030404406134,
        "dvar": 9.05766864889e-06,
        "dvar2": 2.10023408727e-05,
        "max": 0.052046392113,
        "mean": 0.00624861940742,
        "median": 0.00369098037481,
        "min": 1.18239097093e-21,
        "var": 4.95707863593e-05
    },
    "spectral_energyband_middle_low": {
        "dmean": 0.00516657205299,
        "dmean2": 0.00799270439893,
        "dvar": 4.2406427383e-05,
        "dvar2": 9.78101888904e-05,
        "max": 0.0854201316833,
        "mean": 0.0152395404875,
        "median": 0.011100191623,
        "min": 1.62396256479e-22,
        "var": 0.000175225839484
    },
    "spectral_entropy": {
        "dmean": 0.176575943828,
        "dmean2": 0.243873029947,
        "dvar": 0.0334926173091,
        "dvar2": 0.0585070587695,
        "max": 9.8194026947,
        "mean": 7.45071363449,
        "median": 7.42541790009,
        "min": 5.17517328262,
        "var": 0.262819856405
    },
    "spectral_flux": {
        "dmean": 0.0199121069163,
        "dmean2": 0.0312734730542,
        "dvar": 0.000439589784946,
        "dvar2": 0.0010212342022,
        "max": 0.296062201262,
        "mean": 0.0742336213589,
        "median": 0.0690274089575,
        "min": 6.33667701644e-11,
        "var": 0.0013593591284
    },
    "spectral_kurtosis": {
        "dmean": 1.8230817318,
        "dmean2": 3.07449650764,
        "dvar": 3.63810825348,
        "dvar2": 10.3304796219,
        "max": 34.8649215698,
        "mean": 4.65883159637,
        "median": 4.21184539795,
        "min": -1.33688259125,
        "var": 8.26100158691
    },
    "spectral_rms": {
        "dmean": 0.000660682679154,
        "dmean2": 0.000986568513326,
        "dvar": 4.18028406557e-07,
        "dvar2": 8.85573740561e-07,
        "max": 0.00961820688099,
        "mean": 0.00461649615318,
        "median": 0.00485963560641,
        "min": 3.08137001158e-12,
        "var": 2.94131177725e-06
    },
    "spectral_rolloff": {
        "dmean": 571.614990234,
        "dmean2": 931.297973633,
        "dvar": 1131543.5,
        "dvar2": 2163234.5,
        "max": 19659.8144531,
        "mean": 1896.35705566,
        "median": 1162.79296875,
        "min": 21.533203125,
        "var": 6437305
    },
    "spectral_skewness": {
        "dmean": 0.236933246255,
        "dmean2": 0.384744405746,
        "dvar": 0.0512814484537,
        "dvar2": 0.129001542926,
        "max": 4.47377586365,
        "mean": 1.47743022442,
        "median": 1.45078873634,
        "min": -0.0939853489399,
        "var": 0.203372836113
    },
    "spectral_spread": {
        "dmean": 558615.5,
        "dmean2": 759466.0625,
        "dvar": 847295283200,
        "dvar2": 1.39795981926e+12,
        "max": 42374360,
        "mean": 4647098.5,
        "median": 3719321.5,
        "min": 1606033.5,
        "var": 1.75310351892e+13
    },
    "spectral_strongpeak": {
        "dmean": 0.634027063847,
        "dmean2": 1.03179740906,
        "dvar": 1.0782687664,
        "dvar2": 2.63154745102,
        "max": 18.1291694641,
        "mean": 1.52674782276,
        "median": 1.04711258411,
        "min": 0,
        "var": 2.90885472298
    },
    "zerocrossingrate": {
        "dmean": 0.0114940609783,
        "dmean2": 0.0127189792693,
        "dvar": 0.000302498199744,
        "dvar2": 0.000285557587631,
        "max": 0.7744140625,
        "mean": 0.0698269084096,
        "median": 0.05615234375,
        "min": 0,
        "var": 0.00424105161801
    },
    "barkbands": {
        "dmean": [7.43624768802e-05, 0.000981322140433, 0.000798485474661, 0.000702855119016, 0.00242349482141, 0.00213511660695, 0.000761840783525, 0.00102904078085, 0.000389087974327, 0.000378324300982, 0.000789169163909, 0.000465487653855, 0.000286499969661, 0.000361342128599, 0.000238663880737, 0.000182495743502, 0.000257401930867, 0.000260146538494, 0.000230623059906, 0.000185190699995, 0.00010772493988, 6.17049954599e-05, 0.000114042777568, 6.57838900224e-05, 6.84557235218e-05, 3.89815540984e-05, 8.72829915011e-08],
        "dmean2": [0.000131129127112, 0.00154133874457, 0.00127284473274, 0.00118452613242, 0.00376110663638, 0.00334419170395, 0.00113868701737, 0.00160296575632, 0.000576669932343, 0.000574843259528, 0.00124000455253, 0.000711837725248, 0.00043350760825, 0.000542946509086, 0.000341944600223, 0.00029139049002, 0.000404519581934, 0.000397839816287, 0.000363811093848, 0.000294469064102, 0.000171100706211, 9.71373010543e-05, 0.000167884631082, 9.84467624221e-05, 9.91000051727e-05, 5.79312873015e-05, 1.48789766286e-07],
        "dvar": [1.15229710218e-08, 5.18627211932e-06, 7.8927132563e-06, 3.80919027521e-06, 1.89761376532e-05, 1.87364639714e-05, 3.87925410905e-06, 3.86705642086e-06, 1.29086845391e-06, 5.98749124947e-07, 4.27985878559e-06, 1.70715497916e-06, 4.99905581819e-07, 1.014038844e-06, 9.19248179798e-07, 1.31787928126e-07, 2.5985249863e-07, 2.58530320707e-07, 1.75248743517e-07, 1.70988244008e-07, 8.7271452287e-08, 3.13189971735e-08, 9.70309486092e-08, 5.38801252503e-08, 7.8513018309e-08, 1.84978894424e-08, 1.52054706174e-13],
        "dvar2": [3.34335261698e-08, 1.24105590658e-05, 1.90703703993e-05, 1.01994392026e-05, 4.28881867265e-05, 4.30226427852e-05, 7.58980968385e-06, 9.6000621852e-06, 2.58610248238e-06, 1.36413052587e-06, 1.06020625026e-05, 3.58964348379e-06, 9.88813440017e-07, 1.59105502462e-06, 1.31239255552e-06, 2.9811022273e-07, 5.74887053517e-07, 6.01156102675e-07, 4.10007970686e-07, 4.08334074109e-07, 2.15643595425e-07, 7.30928988446e-08, 2.11048188703e-07, 1.19418785971e-07, 1.58311252108e-07, 4.02745179429e-08, 3.91966813824e-13],
        "max": [0.00183875276707, 0.042270436883, 0.0464677959681, 0.032408695668, 0.0830601379275, 0.0766781494021, 0.0432538166642, 0.0364961586893, 0.023229746148, 0.020557589829, 0.0416920781136, 0.028544517234, 0.0275267027318, 0.0434873253107, 0.0372305624187, 0.0105047747493, 0.0116486111656, 0.0144649408758, 0.0101587148383, 0.00902685243636, 0.00800881441683, 0.00581942824647, 0.0053825690411, 0.00969632342458, 0.00787678640336, 0.0046149189584, 1.11199587991e-05],
        "mean": [8.07188553154e-05, 0.00178549590055, 0.000926945882384, 0.00110405194573, 0.00525249075145, 0.00459757028148, 0.00141930568498, 0.00190314638894, 0.000630182912573, 0.000645978143439, 0.00140506401658, 0.000867966213264, 0.000504815659951, 0.000615399854723, 0.000414188107243, 0.000320102029946, 0.000476078188512, 0.000465668243123, 0.000490713107865, 0.000301327905618, 0.000146800273797, 7.8297125583e-05, 0.000187169018318, 9.63363054325e-05, 9.70954060904e-05, 4.66064884677e-05, 7.04478608782e-08],
        "median": [4.58571958006e-05, 0.000766098848544, 0.000236916181166, 0.000191332961549, 0.00224208529107, 0.00133762438782, 0.000501453818288, 0.000573393888772, 0.000184335789527, 0.000290309166303, 0.000269265321549, 0.000153103086632, 0.000186822275282, 0.000173114196514, 8.40629945742e-05, 0.000142743403558, 0.000206783035537, 0.000207929173484, 0.00019581070228, 0.000128343293909, 4.67576974188e-05, 2.27153723245e-05, 2.89757626888e-05, 1.61033331096e-05, 7.95092546468e-06, 2.36085497818e-06, 1.1589931237e-09],
        "min": [6.58975548822e-25, 2.35301095543e-24, 6.01619789682e-25, 1.21572320458e-24, 1.30401847299e-23, 5.40854080672e-24, 1.06490076978e-23, 8.37674908061e-24, 1.23673944517e-23, 1.94916974721e-23, 1.90925306986e-23, 1.99794896129e-23, 1.07866670812e-23, 2.76028583852e-23, 3.81388278373e-23, 5.38243519056e-23, 7.11138037435e-23, 8.95388303209e-23, 1.17654501937e-22, 1.37444270502e-22, 2.27032123795e-22, 2.55042264755e-22, 4.12892296904e-22, 5.99377475042e-22, 8.09084370579e-22, 1.44936300876e-21, 1.91117899488e-21],
        "var": [1.1184580373e-08, 1.06052657429e-05, 7.71477334638e-06, 5.44688737136e-06, 6.25172178843e-05, 7.01160170138e-05, 1.15983402793e-05, 1.09643433461e-05, 2.67812788479e-06, 1.41602401982e-06, 1.24533789858e-05, 6.01339979767e-06, 1.67740824963e-06, 3.94887092625e-06, 3.56984810423e-06, 3.27865933514e-07, 6.52772484955e-07, 5.65172172173e-07, 5.62645368518e-07, 2.78100515061e-07, 1.14023897879e-07, 3.53980702528e-08, 2.03730195381e-07, 1.06261289545e-07, 1.49775829072e-07, 2.74355524965e-08, 1.32341904904e-13]
    },
    "erbbands": {
        "dmean": [0.0208151172847, 0.254486650229, 0.83326280117, 1.50178480148, 4.01996231079, 8.96518611908, 17.0641212463, 17.0401496887, 11.9993581772, 18.8016815186, 12.9689702988, 10.215713501, 11.4987125397, 9.38382530212, 40.6059761047, 17.252407074, 14.0638751984, 17.2445030212, 14.9272089005, 9.03981208801, 9.20817279816, 11.2600011826, 13.3811807632, 12.536356926, 11.2694940567, 8.3528175354, 5.56964159012, 3.31632518768, 2.25106072426, 2.07925081253, 3.85649347305, 1.39208841324, 1.1791741848, 0.692270576954, 0.57559710741, 0.227136343718, 0.0603065416217, 0.0026359250769, 6.63094542688e-05, 1.1735116459e-05],
        "dmean2": [0.0331006422639, 0.396677285433, 1.28289008141, 2.44099450111, 6.60241651535, 13.6836004257, 26.4325485229, 26.3242340088, 17.6580429077, 29.7838611603, 19.9366016388, 15.1313848495, 17.4469127655, 13.9983100891, 63.273563385, 25.6483078003, 20.8170146942, 25.6826000214, 21.0653572083, 13.9021692276, 14.5499515533, 17.416097641, 20.5983448029, 19.6898326874, 17.6413841248, 13.2344846725, 8.87232208252, 5.26653957367, 3.55877780914, 3.15804672241, 5.7315659523, 2.07775402069, 1.75918376446, 1.01012825966, 0.854131698608, 0.332325398922, 0.0911065489054, 0.00387319922447, 9.59698663792e-05, 1.74330343725e-05],
        "dvar": [0.00203916081227, 0.377419143915, 7.56839990616, 18.3152618408, 93.6889801025, 350.147216797, 1087.77392578, 1428.46887207, 1092.89819336, 1452.15063477, 733.880126953, 904.315002441, 556.128601074, 425.902709961, 11006.5097656, 2752.96142578, 1149.72607422, 2461.21557617, 3171.48974609, 446.221740723, 305.013580322, 486.760925293, 653.247497559, 556.887573242, 463.980163574, 384.133178711, 193.921264648, 96.0117340088, 44.3675575256, 28.8961582184, 123.35370636, 20.1041717529, 23.2784156799, 7.68834400177, 6.48886156082, 0.748288810253, 0.0392819978297, 7.62726340326e-05, 4.05060376352e-08, 2.99496955014e-10],
        "dvar2": [0.00494699878618, 0.895055890083, 17.6966247559, 46.6264533997, 247.389541626, 753.093688965, 2479.11083984, 3202.27954102, 2101.3293457, 3674.11572266, 1730.33508301, 1834.07751465, 1188.20666504, 944.498962402, 28061.8535156, 5406.03613281, 2132.96533203, 3701.49926758, 4618.84521484, 932.823364258, 698.797973633, 1096.66381836, 1562.1739502, 1285.21582031, 1053.90234375, 935.309692383, 461.0987854, 234.778244019, 105.055915833, 66.8021087646, 260.180358887, 49.602016449, 54.5855102539, 16.5193157196, 13.5165929794, 1.55959272385, 0.0919419750571, 0.000167247053469, 8.69273222293e-08, 6.52651876987e-10],
        "max": [1.0457341671, 11.7244968414, 54.6507339478, 57.6534042358, 215.065612793, 341.989135742, 551.953186035, 659.104980469, 738.501586914, 690.798583984, 735.143066406, 664.562805176, 662.677612305, 574.999511719, 2000.00952148, 1428.66455078, 1522.85583496, 2211.72045898, 2175.74291992, 512.607849121, 458.665740967, 473.79675293, 642.918640137, 698.409484863, 510.382080078, 571.247619629, 364.964874268, 316.378997803, 206.216110229, 133.982376099, 193.737945557, 222.825759888, 195.041259766, 101.506362915, 82.3784866333, 36.4562644958, 3.79157805443, 0.151722937822, 0.00346626900136, 0.000254905753536],
        "mean": [0.0397271923721, 0.442325651646, 1.10302710533, 2.35486149788, 7.50297498703, 18.6143817902, 35.6246528625, 36.3808708191, 26.0620594025, 35.0833473206, 24.6779384613, 17.7788467407, 19.824338913, 17.3677444458, 76.7428207397, 33.5237426758, 25.8894691467, 31.1949138641, 28.6348514557, 16.9272079468, 17.7398395538, 22.4368934631, 26.3224143982, 27.5858592987, 22.2082118988, 14.2093334198, 8.3628616333, 4.41147136688, 2.80061244965, 2.93100881577, 6.5954914093, 2.13501667976, 1.69667291641, 0.978700637817, 0.781417787075, 0.296443879604, 0.0670351609588, 0.00289077893831, 8.99806836969e-05, 3.60457888746e-05],
        "median": [0.0146936979145, 0.180911898613, 0.312446802855, 0.637037456036, 2.98102045059, 6.86088132858, 11.0793170929, 11.2471733093, 9.75502109528, 11.886510849, 9.35000228882, 6.01622200012, 9.20564556122, 7.39296102524, 15.2313785553, 7.99955463409, 10.5269088745, 10.1874828339, 7.217710495, 6.52199077606, 8.92653274536, 10.4550695419, 13.3901433945, 11.5197095871, 9.32237434387, 6.32145166397, 3.0114262104, 1.39166259766, 0.814221382141, 0.750473797321, 0.862467706203, 0.458481609821, 0.253639936447, 0.0997156053782, 0.0516573339701, 0.0184099711478, 0.00256651616655, 7.37724185456e-05, 2.06521144719e-05, 3.34661672241e-05],
        "min": [6.34305509622e-23, 6.07456975811e-22, 8.14723526983e-22, 3.70315956712e-21, 1.49122343685e-20, 2.45110805347e-20, 3.87095129645e-20, 5.95488098459e-20, 1.55519609909e-19, 2.80997028096e-19, 2.69214796698e-19, 3.5130321841e-19, 5.63537420118e-19, 4.89152479751e-19, 9.8233829217e-19, 7.85704535869e-19, 1.35494552141e-18, 1.60385450748e-18, 1.97627799923e-18, 2.58267728205e-18, 2.7277643479e-18, 4.43232323527e-18, 5.53625077024e-18, 5.30859536282e-18, 7.96835160909e-18, 7.23482769422e-18, 9.2220852753e-18, 1.00255489653e-17, 8.49669833611e-18, 1.00405043908e-17, 9.99155266934e-18, 1.06928363927e-17, 1.01696380378e-17, 9.16055958134e-18, 5.86698694405e-18, 4.26099055577e-18, 2.58443648842e-18, 9.50374172144e-19, 2.54667998445e-19, 2.50946079892e-20],
        "var": [0.00526933511719, 0.700990259647, 8.37591362, 22.1331920624, 210.445968628, 1076.96508789, 3494.26928711, 4950.37646484, 4215.01904297, 3784.82495117, 1961.27355957, 1875.63977051, 1352.46142578, 1004.78479004, 35837.9257812, 8239.70800781, 3621.80810547, 9940.60058594, 12931.5244141, 1151.09350586, 743.375976562, 1265.62854004, 1517.12792969, 1795.22424316, 1182.70935059, 614.808105469, 288.292907715, 113.949996948, 47.4975166321, 39.2688865662, 287.433898926, 30.4932098389, 42.4179077148, 13.7700920105, 11.3723573685, 1.37442970276, 0.0461475588381, 9.81272387435e-05, 6.01905227882e-08, 7.37617245061e-10]
    },
    "gfcc": {
        "mean": [-23.4299221039, 98.3252868652, -135.1065979, 32.2307815552, -67.5866928101, 4.21759939194, -45.7888031006, 8.50322532654, -29.1239833832, -0.283677428961, -3.08290314674, 1.56752431393, -5.55805253983],
        "cov": [[19269.0078125, 664.966674805, -1419.8659668, 529.251342773, -903.812438965, 214.706634521, -735.614929199, 227.952011108, -509.012451172, 125.588813782, -221.660736084, 133.72756958, -335.581726074], [664.966674805, 1479.49389648, -420.24005127, 68.8799591064, 69.5636367798, -257.51751709, 137.177825928, -121.382301331, 30.7270336151, -188.796066284, 209.080612183, -181.603790283, 130.447891235], [-1419.8659668, -420.24005127, 1278.09216309, 36.0260009766, 73.4733047485, 220.500488281, -158.735427856, 12.6468811035, -42.3011322021, 8.57093048096, -214.491378784, 96.3686447144, -95.0175170898], [529.251342773, 68.8799591064, 36.0260009766, 310.024505615, 78.0024490356, 61.5305213928, 4.67752170563, -14.5217561722, 50.0767402649, 4.27838563919, -57.9614143372, -21.8130302429, -7.6544919014], [-903.812438965, 69.5636367798, 73.4733047485, 78.0024490356, 254.074645996, 65.2670288086, 112.973403931, 15.2907276154, 63.2565383911, 15.0561475754, -1.39399385452, -38.1695289612, -14.5463628769], [214.706634521, -257.51751709, 220.500488281, 61.5305213928, 65.2670288086, 279.71963501, 25.5723514557, 63.0628395081, -5.6247625351, 49.9066886902, -87.2552947998, 37.6348190308, -81.6745071411], [-735.614929199, 137.177825928, -158.735427856, 4.67752170563, 112.973403931, 25.5723514557, 278.05480957, 51.046710968, 42.9878044128, 7.41483259201, 93.9996032715, -25.3450984955, -1.58788871765], [227.952011108, -121.382301331, 12.6468811035, -14.5217561722, 15.2907276154, 63.0628395081, 51.046710968, 143.457717896, 24.9737625122, 42.2140197754, 4.11469316483, 27.056602478, -30.451965332], [-509.012451172, 30.7270336151, -42.3011322021, 50.0767402649, 63.2565383911, -5.6247625351, 42.9878044128, 24.9737625122, 143.515625, 29.9582290649, 19.2414665222, -15.8061227798, 11.4326705933], [125.588813782, -188.796066284, 8.57093048096, 4.27838563919, 15.0561475754, 49.9066886902, 7.41483259201, 42.2140197754, 29.9582290649, 130.648925781, -3.35831451416, 33.2972068787, -27.2215614319], [-221.660736084, 209.080612183, -214.491378784, -57.9614143372, -1.39399385452, -87.2552947998, 93.9996032715, 4.11469316483, 19.2414665222, -3.35831451416, 205.246765137, -0.500286877155, 38.7233467102], [133.72756958, -181.603790283, 96.3686447144, -21.8130302429, -38.1695289612, 37.6348190308, -25.3450984955, 27.056602478, -15.8061227798, 33.2972068787, -0.500286877155, 111.422431946, 1.13589513302], [-335.581726074, 130.447891235, -95.0175170898, -7.6544919014, -14.5463628769, -81.6745071411, -1.58788871765, -30.451965332, 11.4326705933, -27.2215614319, 38.7233467102, 1.13589513302, 141.946914673]],
        "icov": [[0.000207958277315, -0.000371020054445, 0.000387871550629, -0.000512040860485, 0.00051059393445, -0.000323330721585, 0.00068953121081, -0.000689632841386, 0.000745099619962, -0.000422708922997, 0.000238478678511, -0.000454485532828, 0.000588183756918], [-0.000371020054445, 0.00202662823722, -0.00065341941081, 0.000433370209066, -0.00110367569141, 0.00102235807572, -0.00143426586874, 0.00152378028724, -0.00125732773449, 0.00201852992177, -0.00153714593034, 0.00220532552339, -0.00147755700164], [0.000387871550629, -0.00065341941081, 0.00195185211487, -0.000765658973251, 0.000174080676516, -0.00109873071779, 0.00195055617951, -0.00117722526193, 0.00142382911872, -0.000244577648118, 0.00115145172458, -0.00194306136109, 0.00147748668678], [-0.000512040860485, 0.000433370209066, -0.000765658973251, 0.00548454094678, -0.00204947544262, -0.000256463856203, -0.00143243302591, 0.00246241223067, -0.00323641998693, 0.00085441180272, 0.000836799445096, 0.000821978435852, -0.00148125551641], [0.00051059393445, -0.00110367569141, 0.000174080676516, -0.00204947544262, 0.00789873674512, -0.00183376122732, -0.000923442305066, -0.00109582394361, 1.82540716196e-05, -0.00181679497473, 0.000747041136492, 0.000954720773734, 0.001174975303], [-0.000323330721585, 0.00102235807572, -0.00109873071779, -0.000256463856203, -0.00183376122732, 0.00720092607662, -0.00230143871158, -0.000401617697207, -6.75842238707e-05, -5.20904586665e-06, 0.0013078970369, -0.000544739770703, 0.00104226591066], [0.00068953121081, -0.00143426586874, 0.00195055617951, -0.00143243302591, -0.000923442305066, -0.00230143871158, 0.00874454528093, -0.00407413532957, 0.00235186726786, -0.000868820992764, -0.00170164881274, -0.00112901185639, 0.00209880596958], [-0.000689632841386, 0.00152378028724, -0.00117722526193, 0.00246241223067, -0.00109582394361, -0.000401617697207, -0.00407413532957, 0.0119291441515, -0.00423160521314, 0.00025963873486, -0.000811580161098, 7.5967014709e-05, -0.00090434536105], [0.000745099619962, -0.00125732773449, 0.00142382911872, -0.00323641998693, 1.82540716196e-05, -6.75842238707e-05, 0.00235186726786, -0.00423160521314, 0.0120622972026, -0.00370389292948, 0.000251911784289, -0.000408349209465, 0.00102976185735], [-0.000422708922997, 0.00201852992177, -0.000244577648118, 0.00085441180272, -0.00181679497473, -5.20904586665e-06, -0.000868820992764, 0.00025963873486, -0.00370389292948, 0.0121641745791, -0.0015969441738, -0.000872508797329, -4.14831774833e-05], [0.000238478678511, -0.00153714593034, 0.00115145172458, 0.000836799445096, 0.000747041136492, 0.0013078970369, -0.00170164881274, -0.000811580161098, 0.000251911784289, -0.0015969441738, 0.00932320021093, -0.00345062767155, 0.000585958128795], [-0.000454485532828, 0.00220532552339, -0.00194306136109, 0.000821978435852, 0.000954720773734, -0.000544739770703, -0.00112901185639, 7.5967014709e-05, -0.000408349209465, -0.000872508797329, -0.00345062767155, 0.0154188899323, -0.00388589012437], [0.000588183756918, -0.00147755700164, 0.00147748668678, -0.00148125551641, 0.001174975303, 0.00104226591066, 0.00209880596958, -0.00090434536105, 0.00102976185735, -4.14831774833e-05, 0.000585958128795, -0.00388589012437, 0.0110323643312]]
    },
    "melbands": {
        "dmean": [0.000226034317166, 0.000389354245272, 0.000319395359838, 0.000425000180257, 0.000577711965889, 0.000384691549698, 0.000167386388057, 0.00022439188615, 9.54998176894e-05, 6.13814409007e-05, 5.77553910261e-05, 3.46660744981e-05, 0.00011690500105, 7.25704012439e-05, 3.3981345041e-05, 2.57494230027e-05, 3.75507006538e-05, 2.58081818174e-05, 1.43817833305e-05, 1.44926925714e-05, 1.187338421e-05, 1.18364432637e-05, 1.60817835422e-05, 1.36587441375e-05, 1.1162802366e-05, 8.42194640427e-06, 7.99711233412e-06, 5.4950151025e-06, 3.85582961826e-06, 2.91638730232e-06, 1.83857355296e-06, 1.45378282923e-06, 9.37990137118e-07, 1.37269637435e-06, 2.39934684032e-06, 1.41963664646e-06, 7.69789608057e-07, 8.35889522932e-07, 7.85666145475e-07, 6.01483236551e-07],
        "dmean2": [0.000354655901901, 0.000593230419327, 0.000516646367032, 0.000669176049996, 0.000887561880518, 0.000597159611061, 0.000247465999564, 0.000353258481482, 0.000145474434248, 9.10128728719e-05, 8.78034843481e-05, 5.20859357493e-05, 0.000181897717994, 0.000113565969514, 5.16093678016e-05, 3.89664419345e-05, 5.60411717743e-05, 3.71673668269e-05, 2.12305421883e-05, 2.31032081501e-05, 1.88986505236e-05, 1.84093732969e-05, 2.52887384704e-05, 2.09933168662e-05, 1.76858666237e-05, 1.31385986606e-05, 1.26821159938e-05, 8.76778631209e-06, 6.20581386102e-06, 4.70704208055e-06, 2.9788327538e-06, 2.33393802773e-06, 1.48425920088e-06, 2.1114037736e-06, 3.56469240614e-06, 2.1138748707e-06, 1.19592607462e-06, 1.24378664168e-06, 1.20789786706e-06, 8.9919757329e-07],
        "dvar": [2.42677941742e-07, 1.26138320411e-06, 6.40497034965e-07, 7.68886422975e-07, 1.07926121018e-06, 6.57538180349e-07, 2.06210287956e-07, 2.01331019412e-07, 4.19279615471e-08, 3.34750360764e-08, 1.46981093962e-08, 7.70886021684e-09, 8.89149305294e-08, 3.3852199266e-08, 8.49397618907e-09, 4.46797798759e-09, 1.27790436011e-08, 7.23106863276e-09, 2.26333196629e-09, 8.94566531962e-10, 5.85108073103e-10, 5.42091482814e-10, 1.12035558608e-09, 1.08971787149e-09, 5.0003617913e-10, 2.82909223825e-10, 2.72654482325e-10, 1.81074627514e-10, 9.7587070369e-11, 8.71355140819e-11, 3.36618545538e-11, 1.85708930872e-11, 8.18522159773e-12, 1.42368348013e-11, 5.00072483423e-11, 1.2422097205e-11, 1.32488542706e-11, 1.4683117569e-11, 1.03414481839e-11, 8.17430324818e-12],
        "dvar2": [5.68637688048e-07, 2.8786691928e-06, 1.62510650625e-06, 1.79567450687e-06, 2.44584498432e-06, 1.47040145748e-06, 4.04438054602e-07, 5.10171901169e-07, 9.51742933353e-08, 6.82926355466e-08, 3.17950075157e-08, 1.7286419407e-08, 2.19831918002e-07, 8.27561521533e-08, 1.7706112132e-08, 9.33787802637e-09, 1.88591933181e-08, 1.13872040686e-08, 3.60563667812e-09, 2.02483652068e-09, 1.35575806137e-09, 1.2582943576e-09, 2.49126741458e-09, 2.6439546108e-09, 1.15332643436e-09, 6.56191878612e-10, 6.2793115152e-10, 4.41757685987e-10, 2.35494956868e-10, 2.17773674094e-10, 8.44269584799e-11, 4.45494995061e-11, 1.97607763486e-11, 3.40505158791e-11, 1.07032369079e-10, 2.72086120995e-11, 3.54930564106e-11, 3.40457766146e-11, 2.61935750867e-11, 1.80441096093e-11],
        "max": [0.010196137242, 0.0243886969984, 0.0136680882424, 0.0230534821749, 0.0167665593326, 0.0143960397691, 0.010287867859, 0.00854604318738, 0.00527549907565, 0.00387761043385, 0.00339810177684, 0.00211027520709, 0.00581271294504, 0.00390576082282, 0.00214029941708, 0.00274905585684, 0.00508555211127, 0.00307003385387, 0.00172411662061, 0.000956907693762, 0.000671328336466, 0.00062332249945, 0.000847994233482, 0.0011269642273, 0.000722408469301, 0.000421912933234, 0.00037409979268, 0.00034616139601, 0.000282170251012, 0.000318910490023, 0.000211368722375, 0.000144683217513, 9.27863657125e-05, 8.19319757284e-05, 0.000116010582133, 6.13410811638e-05, 0.00021467312763, 0.000202549359528, 0.000121338380268, 0.000128420957481],
        "mean": [0.000442149001174, 0.000596605241299, 0.000564488640521, 0.000857388600707, 0.00127018953208, 0.000843564921524, 0.000354270741809, 0.000416680617491, 0.000177801921382, 0.000101148994872, 9.60916804615e-05, 5.72222015762e-05, 0.000218906920054, 0.00014579485287, 5.66269809497e-05, 4.60418596049e-05, 6.35297401459e-05, 4.74442131235e-05, 2.48683518294e-05, 2.49921595241e-05, 2.05462129088e-05, 2.16052449105e-05, 2.83450281131e-05, 2.32690945268e-05, 2.25616659009e-05, 1.5588118913e-05, 1.37097395054e-05, 8.46908551466e-06, 5.50703589397e-06, 3.92065976484e-06, 2.1891137294e-06, 1.72243323959e-06, 1.17632509955e-06, 1.80816073225e-06, 3.9888595893e-06, 2.33717605624e-06, 1.04412845303e-06, 1.19453272873e-06, 1.03113552541e-06, 7.89084310782e-07],
        "median": [0.000190795937669, 0.000203932257136, 0.000181942799827, 0.000382313912269, 0.000431973487139, 0.000257647887338, 0.000122817786178, 0.000126144237584, 6.89003718435e-05, 3.14712378895e-05, 4.16517796111e-05, 2.00043923542e-05, 4.20995675086e-05, 2.74273406831e-05, 1.7378886696e-05, 1.67813850567e-05, 1.72863001353e-05, 1.16661758511e-05, 6.6012444222e-06, 1.03761885839e-05, 9.75986949925e-06, 9.57899374043e-06, 1.17684357974e-05, 9.85310362012e-06, 8.14756458567e-06, 6.25758639217e-06, 5.59717773285e-06, 3.25336441165e-06, 1.90641549125e-06, 1.21043979107e-06, 5.70523525312e-07, 4.71832464655e-07, 3.3629612517e-07, 3.96614893816e-07, 4.86210524286e-07, 3.92868770405e-07, 1.91679504269e-07, 1.79497931185e-07, 1.24047943473e-07, 6.39342374598e-08],
        "min": [1.04740454488e-24, 4.37293998757e-25, 9.50913445537e-25, 1.75475126947e-24, 1.06903165964e-24, 1.33074267444e-24, 2.48019051893e-24, 2.96042241397e-24, 2.04189210302e-24, 1.91893097322e-24, 2.67251184939e-24, 1.64599939812e-24, 2.77499040301e-24, 2.5176791613e-24, 8.91479383039e-25, 2.57675222132e-24, 2.56854649019e-24, 2.40473340955e-24, 2.47244508813e-24, 4.31758719557e-24, 2.20830448035e-24, 3.51556848488e-24, 4.33323740707e-24, 3.45737224375e-24, 3.79333982024e-24, 4.74052077041e-24, 4.60918174057e-24, 4.58759298418e-24, 5.56811711266e-24, 4.71799248068e-24, 5.07643628208e-24, 3.79360132763e-24, 6.23663137033e-24, 4.61363367709e-24, 5.135217858e-24, 5.8344085497e-24, 5.05533070299e-24, 5.99788064521e-24, 5.97119150864e-24, 6.31392317296e-24],
        "var": [6.18418255272e-07, 1.69266968442e-06, 1.09088784939e-06, 1.87086880032e-06, 3.80584401682e-06, 2.48940682468e-06, 7.72528380821e-07, 5.56504744509e-07, 1.09276513172e-07, 6.63605561613e-08, 3.53209159698e-08, 1.69062559507e-08, 2.9072560892e-07, 1.30841229407e-07, 1.93955731476e-08, 1.76333259105e-08, 5.11923232693e-08, 2.8480677372e-08, 7.95879984139e-09, 2.35074026911e-09, 1.18755716372e-09, 1.24443777505e-09, 2.80051337676e-09, 2.03806838073e-09, 1.50627232909e-09, 6.86360301927e-10, 5.15830822501e-10, 2.76225708973e-10, 1.39407069222e-10, 1.23045934552e-10, 3.54461113239e-11, 1.94640466938e-11, 8.56147184397e-12, 1.80155907553e-11, 1.09566057616e-10, 2.83732343176e-11, 1.40433402754e-11, 2.62114323302e-11, 1.43300284833e-11, 1.201699764e-11]
    },
    "mfcc": {
        "mean": [-650.524902344, 121.458190918, -11.7393903732, 23.4522380829, -0.770808696747, -7.38965940475, -2.64902162552, -0.280240774155, -15.250207901, -1.34502911568, -6.64692974091, 1.82939112186, 0.314549207687],
        "cov": [[6615.01025391, 113.556182861, -83.1382217407, 174.908859253, 40.3304481506, 10.9065313339, 12.0063886642, 43.9108467102, -110.212738037, 100.533119202, -20.5311832428, 60.550151825, 4.81686067581], [113.556182861, 1206.88305664, -170.872360229, 179.975646973, -39.0118713379, -94.8982849121, 80.0417022705, -5.91369438171, -91.4914779663, -35.6612739563, -25.367307663, 15.7023849487, -4.38115882874], [-83.1382217407, -170.872360229, 839.176086426, -58.4440155029, 200.364532471, 100.283340454, -55.2648391724, 34.4631996155, 11.7463083267, -39.8721008301, -50.8264656067, -86.5827026367, -40.7792015076], [174.908859253, 179.975646973, -58.4440155029, 267.646850586, 29.5751781464, 38.0831756592, -4.13883733749, 1.8867713213, 23.6511802673, 10.8998117447, -3.93743300438, 18.946395874, -3.21920466423], [40.3304481506, -39.0118713379, 200.364532471, 29.5751781464, 216.349029541, 79.6329956055, -33.2573471069, 18.3278999329, 37.8542175293, 30.7956047058, -12.6602287292, -23.5456600189, -32.6365737915], [10.9065313339, -94.8982849121, 100.283340454, 38.0831756592, 79.6329956055, 221.773666382, 22.4821872711, 37.2814178467, 62.9183731079, 32.9906463623, 30.3292884827, -19.2929210663, -25.1538391113], [12.0063886642, 80.0417022705, -55.2648391724, -4.13883733749, -33.2573471069, 22.4821872711, 186.991241455, 54.3889083862, -7.72949886322, 21.2735500336, 40.8940124512, 21.4613838196, 24.8667469025], [43.9108467102, -5.91369438171, 34.4631996155, 1.8867713213, 18.3278999329, 37.2814178467, 54.3889083862, 130.278533936, 29.8907051086, 26.3687038422, 22.7839031219, 15.0477495193, 21.8055896759], [-110.212738037, -91.4914779663, 11.7463083267, 23.6511802673, 37.8542175293, 62.9183731079, -7.72949886322, 29.8907051086, 143.953674316, 34.9237785339, 17.991065979, -11.2425880432, -21.5182342529], [100.533119202, -35.6612739563, -39.8721008301, 10.8998117447, 30.7956047058, 32.9906463623, 21.2735500336, 26.3687038422, 34.9237785339, 125.203865051, 40.8540115356, 14.9619464874, 0.520482122898], [-20.5311832428, -25.367307663, -50.8264656067, -3.93743300438, -12.6602287292, 30.3292884827, 40.8940124512, 22.7839031219, 17.991065979, 40.8540115356, 116.023895264, 46.4910926819, 18.0170879364], [60.550151825, 15.7023849487, -86.5827026367, 18.946395874, -23.5456600189, -19.2929210663, 21.4613838196, 15.0477495193, -11.2425880432, 14.9619464874, 46.4910926819, 104.025695801, 49.8777770996], [4.81686067581, -4.38115882874, -40.7792015076, -3.21920466423, -32.6365737915, -25.1538391113, 24.8667469025, 21.8055896759, -21.5182342529, 0.520482122898, 18.0170879364, 49.8777770996, 100.575492859]],
