{
"lowlevel": {
    "average_loudness": 0.952580213547,
    "barkbands_crest": {
        "dmean": 2.25077652931,
        "dmean2": 3.63436436653,
        "dvar": 4.27330160141,
        "dvar2": 10.4535942078,
        "max": 25.3985404968,
        "mean": 9.29602146149,
        "median": 8.27054405212,
        "min": 2.58525061607,
        "var": 17.2715415955
    },
    "barkbands_flatness_db": {
        "dmean": 0.0145633276552,
        "dmean2": 0.0225155968219,
        "dvar": 0.000180619710591,
        "dvar2": 0.000399878714234,
        "max": 0.336774259806,
        "mean": 0.173396378756,
        "median": 0.169299244881,
        "min": 0.027218291536,
        "var": 0.00132576737087
    },
    "barkbands_kurtosis": {
        "dmean": 1.163438797,
        "dmean2": 1.84991514683,
        "dvar": 5.19881486893,
        "dvar2": 12.5331745148,
        "max": 73.6146850586,
        "mean": 1.18002748489,
        "median": 0.0960943698883,
        "min": -1.83429455757,
        "var": 18.6027870178
    },
    "barkbands_skewness": {
        "dmean": 0.35637113452,
        "dmean2": 0.550684869289,
        "dvar": 0.113966494799,
        "dvar2": 0.267805248499,
        "max": 7.95766639709,
        "mean": 0.70901954174,
        "median": 0.561780452728,
        "min": -2.73035430908,
        "var": 0.903380155563
    },
    "barkbands_spread": {
        "dmean": 2.68225097656,
        "dmean2": 4.0765337944,
        "dvar": 6.93415498734,
        "dvar2": 15.5772638321,
        "max": 49.6767997742,
        "mean": 15.2546253204,
        "median": 14.424659729,
        "min": 1.0988972187,
        "var": 44.4095535278
    },
    "dissonance": {
        "dmean": 0.0208785627037,
        "dmean2": 0.035085067153,
        "dvar": 0.000396187824663,
        "dvar2": 0.00108663574792,
        "max": 0.500000059605,
        "mean": 0.45578160882,
        "median": 0.462417513132,
        "min": 0.277558684349,
        "var": 0.00093944312539
    },
    "dynamic_complexity": 1.36816310883,
    "erbbands_crest": {
        "dmean": 2.61466741562,
        "dmean2": 4.18471002579,
        "dvar": 5.55661296844,
        "dvar2": 13.1531381607,
        "max": 31.7185287476,
        "mean": 10.4158124924,
        "median": 9.28733348846,
        "min": 3.0890147686,
        "var": 21.6295986176
    },
    "erbbands_flatness_db": {
        "dmean": 0.0133659504354,
        "dmean2": 0.0195921305567,
        "dvar": 0.000142718679854,
        "dvar2": 0.000276384409517,
        "max": 0.416655689478,
        "mean": 0.251165121794,
        "median": 0.25113555789,
        "min": 0.0958355143666,
        "var": 0.00113022862934
    },
    "erbbands_kurtosis": {
        "dmean": 0.69533765316,
        "dmean2": 1.10058903694,
        "dvar": 0.846062064171,
        "dvar2": 2.07744026184,
        "max": 18.4132766724,
        "mean": 0.217667460442,
        "median": -0.178363800049,
        "min": -1.78687894344,
        "var": 2.510181427
    },
    "erbbands_skewness": {
        "dmean": 0.306730121374,
        "dmean2": 0.471696764231,
        "dvar": 0.0713748633862,
        "dvar2": 0.167914494872,
        "max": 4.20404481888,
        "mean": 0.149894043803,
        "median": 0.141496777534,
        "min": -3.48307919502,
        "var": 0.479997754097
    },
    "erbbands_spread": {
        "dmean": 3.89172720909,
        "dmean2": 5.923204422,
        "dvar": 13.2607021332,
        "dvar2": 29.3352012634,
        "max": 72.8823852539,
        "mean": 22.9401454926,
        "median": 21.8212928772,
        "min": 2.91493058205,
        "var": 91.285369873
    },
    "hfc": {
        "dmean": 5.81376552582,
        "dmean2": 8.89444065094,
        "dvar": 33.8212852478,
        "dvar2": 74.9677429199,
        "max": 100.428733826,
        "mean": 28.4021720886,
        "median": 27.5004272461,
        "min": 1.18672240821e-16,
        "var": 195.04335022
    },
    "melbands_crest": {
        "dmean": 2.75502252579,
        "dmean2": 4.41621446609,
        "dvar": 6.41406393051,
        "dvar2": 15.7673969269,
        "max": 30.4497833252,
        "mean": 11.3616809845,
        "median": 10.1892738342,
        "min": 2.36101436615,
        "var": 24.1967563629
    },
    "melbands_flatness_db": {
        "dmean": 0.0159880761057,
        "dmean2": 0.0244706664234,
        "dvar": 0.000247119867709,
        "dvar2": 0.000534263090231,
        "max": 0.428484797478,
        "mean": 0.219654232264,
        "median": 0.214486092329,
        "min": 0.00561402924359,
        "var": 0.00249101221561
    },
    "melbands_kurtosis": {
        "dmean": 1.93422710896,
        "dmean2": 3.05554771423,
        "dvar": 11.6995992661,
        "dvar2": 28.110994339,
        "max": 113.124168396,
        "mean": 3.32548570633,
        "median": 1.27002835274,
        "min": -1.71253192425,
        "var": 48.368560791
    },
    "melbands_skewness": {
        "dmean": 0.393652260303,
        "dmean2": 0.605517864227,
        "dvar": 0.14376565814,
        "dvar2": 0.339898973703,
        "max": 8.5450630188,
        "mean": 1.22811937332,
        "median": 1.04322648048,
        "min": -1.72713196278,
        "var": 1.1679071188
    },
    "melbands_spread": {
        "dmean": 4.73599052429,
        "dmean2": 7.31118965149,
        "dvar": 21.9045219421,
        "dvar2": 50.4563903809,
        "max": 134.100906372,
        "mean": 24.8308334351,
        "median": 23.2926559448,
        "min": 1.406945467,
        "var": 149.678283691
    },
    "pitch_salience": {
        "dmean": 0.0565309599042,
        "dmean2": 0.090102173388,
        "dvar": 0.00234538083896,
        "dvar2": 0.00582820689306,
        "max": 0.862906873226,
        "mean": 0.565925240517,
        "median": 0.572781205177,
        "min": 0.122707501054,
        "var": 0.00984793249518
    },
    "silence_rate_20dB": {
        "dmean": 0,
        "dmean2": 0,
        "dvar": 0,
        "dvar2": 0,
        "max": 1,
        "mean": 1,
        "median": 1,
        "min": 1,
        "var": 0
    },
    "silence_rate_30dB": {
        "dmean": 0,
        "dmean2": 0,
        "dvar": 0,
        "dvar2": 0,
        "max": 1,
        "mean": 1,
        "median": 1,
        "min": 1,
        "var": 0
    },
    "silence_rate_60dB": {
        "dmean": 0.00223297346383,
        "dmean2": 0.00434243166819,
        "dvar": 0.0022278057877,
        "dvar2": 0.00506818341091,
        "max": 1,
        "mean": 0.00310096750036,
        "median": 0,
        "min": 0,
        "var": 0.00309127825312
    },
    "spectral_centroid": {
        "dmean": 180.437332153,
        "dmean2": 275.646179199,
        "dvar": 51539.1835938,
        "dvar2": 90374.0078125,
        "max": 11026.3994141,
        "mean": 1462.21447754,
        "median": 1447.8416748,
        "min": 277.03894043,
        "var": 321341.75
    },
    "spectral_complexity": {
        "dmean": 2.8755736351,
        "dmean2": 4.65161275864,
        "dvar": 8.12549304962,
        "dvar2": 18.0882396698,
        "max": 53,
        "mean": 23.6771278381,
        "median": 24,
        "min": 0,
        "var": 59.0163803101
    },
    "spectral_decrease": {
        "dmean": 1.48658241272e-09,
        "dmean2": 2.31629782022e-09,
        "dvar": 1.98542496244e-18,
        "dvar2": 4.8106479369e-18,
        "max": 6.56570808595e-30,
        "mean": -6.74800348932e-09,
        "median": -6.63221566555e-09,
        "min": -1.66883982189e-08,
        "var": 6.86887637378e-18
    },
    "spectral_energy": {
        "dmean": 0.00605417788029,
        "dmean2": 0.00942280236632,
        "dvar": 3.23101594404e-05,
        "dvar2": 7.7754004451e-05,
        "max": 0.0664622560143,
        "mean": 0.0280446447432,
        "median": 0.0277094654739,
        "min": 1.07391396821e-20,
        "var": 0.000116000097478
    },
    "spectral_energyband_high": {
        "dmean": 0.00015131875989,
        "dmean2": 0.000242002104642,
        "dvar": 7.05265108536e-08,
        "dvar2": 1.71472535726e-07,
        "max": 0.00568223465234,
        "mean": 0.000367315660696,
        "median": 0.00023329515534,
        "min": 8.13792645871e-21,
        "var": 1.88566431802e-07
    },
    "spectral_energyband_low": {
        "dmean": 0.000468769372674,
        "dmean2": 0.000710979453288,
        "dvar": 1.34048968903e-06,
        "dvar2": 2.82516316474e-06,
        "max": 0.0231245718896,
        "mean": 0.000993910594843,
        "median": 0.000519963097759,
        "min": 3.92047682469e-23,
        "var": 2.32652450904e-06
    },
    "spectral_energyband_middle_high": {
        "dmean": 0.00325384549797,
        "dmean2": 0.00492898514494,
        "dvar": 1.29986974571e-05,
        "dvar2": 2.87788934656e-05,
        "max": 0.0611263327301,
        "mean": 0.0129335895181,
        "median": 0.011244257912,
        "min": 1.34647969377e-21,
        "var": 8.00798734417e-05
    },
    "spectral_energyband_middle_low": {
        "dmean": 0.00446807686239,
        "dmean2": 0.00697551155463,
        "dvar": 2.43641607085e-05,
        "dvar2": 6.1018341512e-05,
        "max": 0.0598798468709,
        "mean": 0.0142403338104,
        "median": 0.0122263766825,
        "min": 3.37705017394e-22,
        "var": 7.87549215602e-05
    },
    "spectral_entropy": {
        "dmean": 0.112808682024,
        "dmean2": 0.168966069818,
        "dvar": 0.0140244299546,
        "dvar2": 0.0273422263563,
        "max": 9.81354522705,
        "mean": 7.15233325958,
        "median": 7.20217609406,
        "min": 5.57325124741,
        "var": 0.126609772444
    },
    "spectral_flux": {
        "dmean": 0.0194047410041,
        "dmean2": 0.0309606883675,
        "dvar": 0.000327688612742,
        "dvar2": 0.000807103118859,
        "max": 0.222959265113,
        "mean": 0.0845760181546,
        "median": 0.0819074437022,
        "min": 1.82378721547e-06,
        "var": 0.000884210166987
    },
    "spectral_kurtosis": {
        "dmean": 3.7984457016,
        "dmean2": 6.71209096909,
        "dvar": 11.1709394455,
        "dvar2": 34.5505561829,
        "max": 47.2863006592,
        "mean": 7.97463130951,
        "median": 6.68758106232,
        "min": -1.23193609715,
        "var": 29.0275802612
    },
    "spectral_rms": {
        "dmean": 0.000565926718991,
        "dmean2": 0.000873831973877,
        "dvar": 2.56928700537e-07,
        "dvar2": 5.96307302203e-07,
        "max": 0.00805240496993,
        "mean": 0.00512069184333,
        "median": 0.00519938673824,
        "min": 3.23685175885e-12,
        "var": 1.13911880817e-06
    },
    "spectral_rolloff": {
        "dmean": 265.002746582,
        "dmean2": 446.312957764,
        "dvar": 137033.359375,
        "dvar2": 296674.78125,
        "max": 18389.3554688,
        "mean": 1684.68017578,
        "median": 1658.05664062,
        "min": 236.865234375,
        "var": 581928.9375
    },
    "spectral_skewness": {
        "dmean": 0.35603249073,
        "dmean2": 0.612343788147,
        "dvar": 0.0919457003474,
        "dvar2": 0.264941871166,
        "max": 5.02828121185,
        "mean": 1.50026488304,
        "median": 1.3824326992,
        "min": -0.0433154962957,
        "var": 0.444777995348
    },
    "spectral_spread": {
        "dmean": 174723.203125,
        "dmean2": 276986.6875,
        "dvar": 339571277824,
        "dvar2": 348213936128,
        "max": 41679892,
        "mean": 2363209.5,
        "median": 2304660,
        "min": 1374468.375,
        "var": 524865437696
    },
    "spectral_strongpeak": {
        "dmean": 1.00665068626,
        "dmean2": 1.65477311611,
        "dvar": 1.48964262009,
        "dvar2": 3.63586902618,
        "max": 15.409907341,
        "mean": 2.35225367546,
        "median": 1.79844355583,
        "min": 3.46824735598e-10,
        "var": 3.60478544235
    },
    "zerocrossingrate": {
        "dmean": 0.00515957176685,
        "dmean2": 0.00629816157743,
        "dvar": 3.77174583264e-05,
        "dvar2": 4.92465187563e-05,
        "max": 0.6376953125,
        "mean": 0.0582916475832,
        "median": 0.0576171875,
        "min": 0.01171875,
        "var": 0.000454325723695
    },
    "barkbands": {
        "dmean": [3.3577935028e-06, 0.000226631469559, 0.000230282879784, 0.000300502346363, 0.000996569637209, 0.00188043073285, 0.00153549364768, 0.000792102247942, 0.00136156752706, 0.00107316765934, 0.0010675592348, 0.000656450283714, 0.000906187226065, 0.000824218266644, 0.000648283516057, 0.000595983001404, 0.000355495343683, 0.000247758725891, 0.000269922311418, 0.000175334018422, 6.33843665128e-05, 9.96995095193e-06, 8.55279211009e-07, 6.1571694232e-07, 3.6141716464e-07, 5.32644932605e-08, 5.92034012925e-08],
        "dmean2": [5.70434258407e-06, 0.000366125226719, 0.000383217353374, 0.000483823328977, 0.00159471656661, 0.00296949292533, 0.00242018396966, 0.00116410921328, 0.00208229757845, 0.00158945657313, 0.00165903870948, 0.00102028576657, 0.00137360638473, 0.00127150013577, 0.00103160936851, 0.000956407398917, 0.00057057198137, 0.000396695919335, 0.000435195106547, 0.000280231208308, 0.000103826365375, 1.60128365678e-05, 1.38897223678e-06, 9.56427243182e-07, 5.48008017631e-07, 9.10965169965e-08, 1.00336201569e-07],
        "dvar": [3.61040849994e-11, 7.09461232873e-07, 3.82167712587e-07, 3.52966196715e-07, 3.1628042052e-06, 1.11228737296e-05, 8.8246733867e-06, 4.13367888541e-06, 4.69222413813e-06, 3.76296611648e-06, 4.50110246675e-06, 1.61612911143e-06, 2.35080801758e-06, 2.19469711737e-06, 1.47787523019e-06, 1.53696691996e-06, 4.73708382742e-07, 1.62795416259e-07, 2.45945102506e-07, 8.13162941427e-08, 1.23413741449e-08, 7.90623011504e-10, 9.63275379601e-12, 2.83672022504e-12, 1.03775050619e-12, 2.50981367986e-15, 2.94900873334e-15],
        "dvar2": [8.50737189029e-11, 1.65491417192e-06, 1.01075090697e-06, 9.64244804891e-07, 8.04201044957e-06, 2.79716241494e-05, 2.12004815694e-05, 8.57039958646e-06, 1.09588008854e-05, 8.03532202553e-06, 1.11712579383e-05, 3.55317843059e-06, 5.01768226968e-06, 4.68897542305e-06, 3.33603202307e-06, 3.63135450243e-06, 1.11385168111e-06, 3.83216161026e-07, 5.85062764458e-07, 1.96448780798e-07, 3.11798018515e-08, 1.84482351617e-09, 2.43096150848e-11, 6.11170749426e-12, 2.08290416165e-12, 7.33226871011e-15, 8.23535067451e-15],
        "max": [0.000140259740874, 0.0157907567918, 0.0103601142764, 0.0213748458773, 0.0399908460677, 0.0527863502502, 0.0524049140513, 0.04172077775, 0.0405491925776, 0.0423960238695, 0.0442429743707, 0.0362074971199, 0.0320111326873, 0.0361762195826, 0.020325595513, 0.029957415536, 0.0148961888626, 0.0131514901295, 0.0160475950688, 0.00495004281402, 0.00238753226586, 0.00127162714489, 0.000119862015708, 3.8389232941e-05, 2.83305125777e-05, 1.99035207515e-06, 1.29406555516e-06],
        "mean": [3.91749063056e-06, 0.000266772462055, 0.000382852798793, 0.000817039224785, 0.00239882455207, 0.00370100536384, 0.00282491231337, 0.00145026331302, 0.00268035824411, 0.00216813827865, 0.00223414856009, 0.00118075218052, 0.0017487546429, 0.00153957563452, 0.00117441581097, 0.00108432059642, 0.000732933927793, 0.00051309238188, 0.000578610051889, 0.000409200438298, 0.000129454972921, 2.05105625355e-05, 1.62839592122e-06, 1.52710299517e-06, 1.09433267426e-06, 3.72760212031e-07, 2.26581491347e-07],
        "median": [1.93567666429e-06, 5.31666082679e-05, 0.00015876328689, 0.000451175263152, 0.00162438489497, 0.00139194703661, 0.00120482232887, 0.000469209626317, 0.0015201473143, 0.000844408292323, 0.000687852618285, 0.000497588305734, 0.000808151089586, 0.000701743294485, 0.000550022232346, 0.000483419455122, 0.000348644127371, 0.000294333294732, 0.000361735437764, 0.000246370909736, 7.07763247192e-05, 7.95062351244e-06, 7.59258171001e-07, 8.86869997885e-07, 7.13194253876e-07, 3.69815069234e-07, 2.28726889873e-07],
        "min": [6.42930591326e-24, 2.80789359415e-23, 3.97691130276e-24, 2.94205359058e-23, 3.54418607082e-23, 3.90355260283e-23, 6.25525235311e-23, 5.31302489723e-23, 1.15299783689e-22, 3.85083870833e-23, 1.21219837684e-22, 1.27270299853e-22, 7.09411631121e-23, 1.08060438717e-22, 2.76407521076e-22, 1.1253861906e-22, 5.8787877343e-23, 2.08303846464e-22, 1.48291234167e-22, 2.37768735285e-22, 4.13345342877e-22, 5.27137455605e-22, 8.02172484924e-22, 9.10117080994e-22, 1.39002693619e-21, 1.87876506631e-21, 2.33141825e-21],
        "var": [6.29293284149e-11, 7.98817325176e-07, 4.39033755129e-07, 1.27995986077e-06, 8.07867763797e-06, 3.29836584569e-05, 2.01025304705e-05, 1.06379802673e-05, 1.2251296539e-05, 1.29653690237e-05, 1.7254931663e-05, 4.50253082818e-06, 6.91609056958e-06, 6.36234290141e-06, 3.56096097676e-06, 3.62183936886e-06, 1.5540961158e-06, 5.1946142321e-07, 5.48843388515e-07, 2.4438810442e-07, 2.92655517597e-08, 1.50779255748e-09, 1.12248066744e-11, 6.45811269046e-12, 2.52236729767e-12, 2.84911750259e-15, 4.04365355151e-15]
    },
    "erbbands": {
        "dmean": [0.00354486191645, 0.0627018287778, 0.232540503144, 0.609934747219, 1.84198188782, 4.47514057159, 7.18681812286, 18.5623531342, 21.6688137054, 20.2708835602, 17.3975048065, 30.9626502991, 29.9228973389, 31.2246208191, 41.7092132568, 25.4236125946, 42.3610992432, 32.1300506592, 35.3885383606, 33.9846115112, 26.3650493622, 19.0742168427, 11.117398262, 13.1533632278, 11.5026435852, 8.16940116882, 4.38808202744, 1.12901592255, 0.407969325781, 0.108222655952, 0.0142535027117, 0.0104317013174, 0.0121304998174, 0.00555171119049, 0.00165797281079, 0.000313135940814, 0.000120847900689, 3.81840727641e-05, 1.39299263537e-05, 7.15555188435e-06],
        "dmean2": [0.0055120754987, 0.101005226374, 0.379007935524, 0.976083993912, 3.01426386833, 7.18275785446, 11.4613027573, 29.0107307434, 34.2680206299, 31.3599224091, 24.9533653259, 46.973941803, 45.1130332947, 46.3761940002, 63.49584198, 38.4256896973, 64.2865600586, 50.0876464844, 55.0195617676, 55.3722915649, 42.1863365173, 30.6656093597, 17.9422893524, 20.9825439453, 18.322177887, 13.0366458893, 7.17172431946, 1.85544228554, 0.645899653435, 0.172879368067, 0.0227008573711, 0.0164979174733, 0.018784403801, 0.00846257153898, 0.00255263922736, 0.000526308256667, 0.000207195131225, 6.54177201795e-05, 2.36000560108e-05, 1.11247254608e-05],
        "dvar": [0.000154222667334, 0.0525592193007, 0.435294151306, 1.44717276096, 10.1518278122, 77.0629348755, 221.970443726, 1148.68457031, 2017.12219238, 1732.07946777, 1611.62597656, 3140.93505859, 3209.62329102, 2593.9375, 6678.00878906, 2159.34692383, 5452.84130859, 3678.66210938, 4958.93945312, 4297.75634766, 3525.27709961, 1199.35998535, 355.179321289, 480.326019287, 512.609313965, 198.418899536, 61.6027030945, 5.41186237335, 1.57616198063, 0.106284156442, 0.00213188049383, 0.000816278043203, 0.00107415008824, 0.000259237160208, 1.60614363267e-05, 9.85626016359e-08, 1.04419370928e-08, 1.17230991581e-09, 1.51031312456e-10, 4.413982721e-11],
        "dvar2": [0.000362591032172, 0.121078804135, 1.09169769287, 3.92444086075, 25.7593536377, 194.993103027, 559.699829102, 2709.28222656, 4821.22851562, 4268.38671875, 3150.54638672, 7072.37695312, 7331.37451172, 5625.11865234, 15632.2382812, 4717.31396484, 11603.5878906, 8069.421875, 11115.8203125, 11012.2333984, 8357.0625, 2878.29980469, 867.546142578, 1071.91308594, 1287.77392578, 479.827056885, 159.881835938, 13.2459354401, 3.346534729, 0.26098793745, 0.00513096200302, 0.00181332160719, 0.00234761391766, 0.000519467983395, 3.11966359732e-05, 2.57516632018e-07, 3.07129113253e-08, 3.34908056843e-09, 4.20550372304e-10, 1.05255699989e-10],
        "max": [0.263133108616, 4.316883564, 11.7834815979, 38.4174919128, 60.6565322876, 245.602661133, 242.837341309, 598.08215332, 848.603515625, 970.964172363, 1041.5378418, 1228.6348877, 1050.14624023, 1262.70849609, 1931.63696289, 1405.93676758, 1675.78637695, 2030.82885742, 1945.23706055, 1658.71679688, 1768.7791748, 931.817932129, 468.760894775, 844.262878418, 921.805664062, 351.200531006, 186.764282227, 45.6384010315, 75.4834442139, 11.7965021133, 1.15619194508, 0.692299604416, 0.943065643311, 0.54998165369, 0.13123562932, 0.00920761283487, 0.00325602083467, 0.00109389785212, 0.000273549929261, 8.38835185277e-05],
        "mean": [0.00465457793325, 0.0743545368314, 0.385856360197, 1.652333498, 4.20728254318, 10.3324260712, 14.6283035278, 35.8567504883, 40.560874939, 40.060508728, 34.3952484131, 59.9153060913, 61.5343170166, 69.5217666626, 90.7189254761, 52.9364433289, 87.6585540771, 67.6190643311, 72.3767242432, 66.3271789551, 53.6849937439, 42.3150596619, 26.6526641846, 30.8365707397, 27.146697998, 19.4957008362, 9.8028345108, 2.60724234581, 0.881615459919, 0.227839753032, 0.0339362993836, 0.0259639639407, 0.0288682505488, 0.0155791100115, 0.00559404306114, 0.00170321820769, 0.000699576339684, 0.000206623619306, 6.27365516266e-05, 3.57170174539e-05],
        "median": [0.000990700908005, 0.0182186178863, 0.177337244153, 0.988123893738, 2.95367765427, 6.48588371277, 6.83287620544, 13.6841430664, 15.7459278107, 18.950876236, 16.2407531738, 31.4652938843, 28.8173503876, 37.5123596191, 34.7049484253, 28.301864624, 44.1443519592, 32.2131996155, 33.5437850952, 35.5076255798, 24.7588157654, 21.8680000305, 15.4900712967, 20.8927688599, 17.1866645813, 11.7569580078, 6.14412879944, 1.38061022758, 0.361762285233, 0.0846784859896, 0.0187210459262, 0.0157481767237, 0.01622056216, 0.009452002123, 0.00415231008083, 0.00164502044208, 0.000692173605785, 0.0002039893443, 6.27480840194e-05, 3.5712007957e-05],
        "min": [1.02649640505e-21, 5.42701931176e-21, 4.28188388111e-21, 4.55035770816e-20, 1.58226067325e-19, 7.4670110883e-20, 2.1677206285e-19, 3.50046886156e-19, 9.00043747388e-19, 8.51094300664e-19, 1.40030779601e-18, 2.72377051311e-18, 8.99276744165e-19, 4.25031951227e-18, 3.53291197086e-18, 5.36246632739e-18, 3.53571197723e-18, 5.28985889477e-18, 7.76943535129e-18, 1.40067866243e-17, 6.53003589792e-18, 4.09163111561e-18, 1.08981963874e-17, 6.71538846162e-18, 9.00341925319e-18, 1.26796621855e-17, 1.6207733909e-17, 1.53451086072e-17, 1.80791555986e-17, 2.103463884e-17, 2.31821254417e-17, 1.67227117429e-17, 1.82950679365e-17, 1.13685246663e-17, 1.07712167188e-17, 6.08697314641e-18, 4.06450579537e-18, 1.12515123172e-18, 3.56575900279e-19, 3.45713739291e-20],
        "var": [0.000221184076509, 0.057258259505, 0.492336779833, 4.22434186935, 20.5288295746, 198.440216064, 502.40045166, 3288.58203125, 4881.46923828, 4721.17431641, 4020.04907227, 8007.78027344, 8619.02636719, 8407.32128906, 26598.2519531, 6010.2109375, 17047.953125, 11693.8417969, 15152.9589844, 9388.18652344, 9011.23339844, 4350.92236328, 1341.42871094, 1308.93286133, 1163.49499512, 622.514648438, 133.289306641, 15.232216835, 3.07558298111, 0.176235646009, 0.00296719186008, 0.0017947225133, 0.00238172523677, 0.000628431793302, 4.00448152504e-05, 1.84908444112e-07, 1.32480337811e-08, 1.57950208468e-09, 2.37533631653e-10, 1.67898972503e-10]
    },
    "gfcc": {
        "mean": [-21.5053119659, 131.113418579, -178.982589722, 0.106074646115, -45.1557388306, -27.9868068695, -28.7996864319, -6.03963899612, -33.4790267944, -0.263070315123, -14.2109804153, -12.1187934875, -2.47888207436],
        "cov": [[1311.8717041, 39.0390167236, -426.93862915, 265.22354126, -69.0516433716, -19.4419536591, 165.31413269, -17.9631462097, -8.67506790161, -10.3303403854, -36.9222984314, -47.2283287048, 20.4128665924], [39.0390167236, 420.084411621, 316.524658203, -81.6283340454, 79.9995117188, -32.8225097656, -46.0506134033, -7.03319263458, -33.4131813049, -25.8257579803, -2.51063966751, -22.0725898743, -24.2454872131], [-426.93862915, 316.524658203, 632.860290527, 0.986696481705, 17.5982513428, 16.0299224854, -157.227355957, -22.6604328156, 1.31102657318, -25.7118358612, -0.158651724458, 18.4380016327, -35.9923477173], [265.22354126, -81.6283340454, 0.986696481705, 345.651489258, 2.72924017906, 2.24376153946, 19.6258125305, -0.509682178497, 34.1865730286, -8.74279689789, -34.4192695618, 17.5882740021, 3.053784132], [-69.0516433716, 79.9995117188, 17.5982513428, 2.72924017906, 201.551635742, 50.1468238831, 3.43887066841, 31.0990943909, -10.5745677948, -16.9395503998, -11.6154098511, -12.397983551, -5.78445291519], [-19.4419536591, -32.8225097656, 16.0299224854, 2.24376153946, 50.1468238831, 219.698883057, 83.6686782837, -23.2327537537, -8.03991603851, -3.52821779251, -22.7992954254, -24.4304351807, -26.1794242859], [165.31413269, -46.0506134033, -157.227355957, 19.6258125305, 3.43887066841, 83.6686782837, 182.210464478, 24.51811409, -21.778181076, 22.5171775818, -1.71886754036, -31.4273834229, -6.41185760498], [-17.9631462097, -7.03319263458, -22.6604328156, -0.509682178497, 31.0990943909, -23.2327537537, 24.51811409, 110.211280823, 45.3115730286, 4.37921142578, 11.2323541641, 0.715744912624, 7.3534245491], [-8.67506790161, -33.4131813049, 1.31102657318, 34.1865730286, -10.5745677948, -8.03991603851, -21.778181076, 45.3115730286, 104.461120605, 33.3393516541, -4.85945606232, 23.7505130768, -6.6666021347], [-10.3303403854, -25.8257579803, -25.7118358612, -8.74279689789, -16.9395503998, -3.52821779251, 22.5171775818, 4.37921142578, 33.3393516541, 89.304649353, 50.5468788147, -2.96868109703, -3.81774306297], [-36.9222984314, -2.51063966751, -0.158651724458, -34.4192695618, -11.6154098511, -22.7992954254, -1.71886754036, 11.2323541641, -4.85945606232, 50.5468788147, 95.7975311279, 28.22889328, 4.92410087585], [-47.2283287048, -22.0725898743, 18.4380016327, 17.5882740021, -12.397983551, -24.4304351807, -31.4273834229, 0.715744912624, 23.7505130768, -2.96868109703, 28.22889328, 87.6473922729, 25.8308887482], [20.4128665924, -24.2454872131, -35.9923477173, 3.053784132, -5.78445291519, -26.1794242859, -6.41185760498, 7.3534245491, -6.6666021347, -3.81774306297, 4.92410087585, 25.8308887482, 75.2171630859]],
        "icov": [[0.00555658340454, -0.0107959005982, 0.0101416241378, -0.00742676807567, 0.0071226307191, -0.0055516064167, 0.00488113425672, -0.00248281261884, 0.00152053346392, -0.000354479154339, -0.000841742556076, 0.00091681885533, -0.000702153833117], [-0.0107959005982, 0.0281962025911, -0.0246570352465, 0.0166269633919, -0.0180812217295, 0.0160295199603, -0.0157976988703, 0.00997716374695, -0.00748700508848, 0.00572771485895, -0.00127245509066, 0.00178047688678, 0.000510380312335], [0.0101416241378, -0.0246570352465, 0.0243651960045, -0.01539917849, 0.0163480658084, -0.0152807673439, 0.0167056825012, -0.00990798976272, 0.00827679876238, -0.00560999987647, 0.0014468220761, -0.00181826076005, 0.000893992080819], [-0.00742676807567, 0.0166269633919, -0.01539917849, 0.013926920481, -0.0112519916147, 0.00979690719396, -0.0101061007008, 0.0062962253578, -0.00557584222406, 0.00288421777077, 0.000988229992799, -0.000716340902727, 0.000341916573234], [0.0071226307191, -0.0180812217295, 0.0163480658084, -0.0112519916147, 0.0181317441165, -0.0130171468481, 0.0129563650116, -0.0113284736872, 0.00923204701394, -0.00578095624223, 0.00301502761431, -0.00207760394551, 0.000634955125861], [-0.0055516064167, 0.0160295199603, -0.0152807673439, 0.00979690719396, -0.0130171468481, 0.0178819801658, -0.0165905058384, 0.0127108898014, -0.0110706593841, 0.0086375689134, -0.00358763127588, 0.00386323384009, -0.000104960337922], [0.00488113425672, -0.0157976988703, 0.0167056825012, -0.0101061007008, 0.0129563650116, -0.0165905058384, 0.0257996823639, -0.0178893506527, 0.0187363158911, -0.0161792002618, 0.00906041264534, -0.00577015895396, 0.00338537991047], [-0.00248281261884, 0.00997716374695, -0.00990798976272, 0.0062962253578, -0.0113284736872, 0.0127108898014, -0.0178893506527, 0.0288665406406, -0.0257378462702, 0.0204919688404, -0.0158003401011, 0.0118652703241, -0.00618253368884], [0.00152053346392, -0.00748700508848, 0.00827679876238, -0.00557584222406, 0.00923204701394, -0.0110706593841, 0.0187363158911, -0.0257378462702, 0.0399150401354, -0.03073903732, 0.0235142856836, -0.0186768956482, 0.00918323826045], [-0.000354479154339, 0.00572771485895, -0.00560999987647, 0.00288421777077, -0.00578095624223, 0.0086375689134, -0.0161792002618, 0.0204919688404, -0.03073903732, 0.0421613454819, -0.0292493887246, 0.0186418518424, -0.00675149122253], [-0.000841742556076, -0.00127245509066, 0.0014468220761, 0.000988229992799, 0.00301502761431, -0.00358763127588, 0.00906041264534, -0.0158003401011, 0.0235142856836, -0.0292493887246, 0.0337459594011, -0.018637387082, 0.00656142970547], [0.00091681885533, 0.00178047688678, -0.00181826076005, -0.000716340902727, -0.00207760394551, 0.00386323384009, -0.00577015895396, 0.0118652703241, -0.0186768956482, 0.0186418518424, -0.018637387082, 0.025956235826, -0.0093857916072], [-0.000702153833117, 0.000510380312335, 0.000893992080819, 0.000341916573234, 0.000634955125861, -0.000104960337922, 0.00338537991047, -0.00618253368884, 0.00918323826045, -0.00675149122253, 0.00656142970547, -0.0093857916072, 0.0182340610772]]
    },
    "melbands": {
        "dmean": [4.81841343571e-05, 0.000104893195385, 0.000129989173729, 0.000219487657887, 0.000239113200223, 0.000402059959015, 0.000320179853588, 0.000211210281122, 0.000158211914822, 0.000194660548004, 0.000156424750458, 0.000135381138534, 0.000163386008353, 7.22590848454e-05, 0.000105911945866, 7.56167137297e-05, 6.23693485977e-05, 6.46583503112e-05, 4.88676887471e-05, 4.19463613071e-05, 3.32341332978e-05, 2.28200879064e-05, 1.33524772536e-05, 1.35579421112e-05, 1.13867836262e-05, 1.2127105947e-05, 6.9020097726e-06, 6.01343390372e-06, 3.72878230337e-06, 1.24577229599e-06, 5.34008677278e-07, 2.73879464885e-07, 1.32352909077e-07, 3.95196479985e-08, 8.29807333957e-09, 4.94185270483e-09, 7.63354357503e-09, 9.55774215328e-09, 8.17520717789e-09, 4.25963087025e-09],
        "dmean2": [7.67855890444e-05, 0.00016522561782, 0.000207485441933, 0.000355615280569, 0.000381160556572, 0.000632088398561, 0.000504863855895, 0.000323740328895, 0.000229204379139, 0.000294785422739, 0.00023577932734, 0.000199689879082, 0.000253102072747, 0.000110856526589, 0.000158876835485, 0.00011628260836, 9.66269362834e-05, 0.000100168887002, 7.84459771239e-05, 6.74386537867e-05, 5.30709548912e-05, 3.63042745448e-05, 2.16974513023e-05, 2.17830183828e-05, 1.8335533241e-05, 1.94298409042e-05, 1.11362887765e-05, 9.70669498201e-06, 6.14261398368e-06, 2.0507420686e-06, 8.87938767846e-07, 4.39387719098e-07, 2.14526338027e-07, 6.39512478529e-08, 1.35845024118e-08, 8.09734057583e-09, 1.21531549269e-08, 1.51089132316e-08, 1.29410455685e-08, 6.63452537353e-09],
        "dvar": [3.1377780374e-08, 9.198891604e-08, 5.3967990965e-08, 1.66782086808e-07, 2.03374980856e-07, 5.08795892529e-07, 4.01705875674e-07, 1.87417882103e-07, 1.04023563097e-07, 1.15085541097e-07, 8.63598401679e-08, 5.28851629156e-08, 1.04979676507e-07, 2.17472120312e-08, 3.59134659789e-08, 1.64588556117e-08, 1.44612837261e-08, 1.94226768002e-08, 9.75946612414e-09, 8.24204704486e-09, 6.76052458459e-09, 2.03991001868e-09, 7.24844184674e-10, 5.40916866854e-10, 4.09811962143e-10, 6.4873667549e-10, 1.40248243574e-10, 1.28852456482e-10, 4.95976905379e-11, 5.35032521759e-12, 1.57939958854e-12, 6.86061071235e-13, 2.41674654464e-13, 1.59981077864e-14, 8.01700485071e-16, 1.80584605323e-16, 4.27210913706e-16, 6.43606655906e-16, 7.23352055032e-16, 1.24371343188e-16],
        "dvar2": [7.36146787972e-08, 2.0704432302e-07, 1.45126648476e-07, 4.34444842767e-07, 5.09666790549e-07, 1.2246081269e-06, 9.59628209785e-07, 4.56457229348e-07, 2.05854490787e-07, 2.58527762753e-07, 1.95170940742e-07, 1.12426604915e-07, 2.60041588263e-07, 4.74466368416e-08, 7.54696287686e-08, 3.51819480215e-08, 3.07689731471e-08, 4.35834976997e-08, 2.32441159653e-08, 1.90041919979e-08, 1.57640052123e-08, 4.7043786644e-09, 1.73969305628e-09, 1.25849730637e-09, 9.14456621537e-10, 1.60602464661e-09, 3.40009603805e-10, 3.12378567457e-10, 1.30516097929e-10, 1.2713367685e-11, 3.88349942482e-12, 1.47048649299e-12, 6.26879136708e-13, 3.95483240611e-14, 2.01108216282e-15, 4.50311513881e-16, 9.39157309389e-16, 1.44058006186e-15, 1.66251508189e-15, 2.46878922724e-16],
        "max": [0.00336725939997, 0.00551599962637, 0.00746000837535, 0.00958710722625, 0.00711063295603, 0.011970278807, 0.0125100016594, 0.0105433799326, 0.00790999084711, 0.00697000185028, 0.00566296465695, 0.00532121257856, 0.00711828004569, 0.00467050215229, 0.0042197490111, 0.00273903738707, 0.00365352164954, 0.0041150287725, 0.00226579839364, 0.00270651397295, 0.00260685221292, 0.00125072128139, 0.00100722420029, 0.000885702203959, 0.000820718996692, 0.0011075809598, 0.000306091591483, 0.000279706029687, 0.000183048439794, 5.70908341615e-05, 3.70032867067e-05, 5.07246186316e-05, 2.47207117354e-05, 4.48149103249e-06, 7.67366714172e-07, 3.68798851014e-07, 5.35427659543e-07, 7.05004879364e-07, 1.33342416575e-06, 3.3482518802e-07],
        "mean": [5.85885900364e-05, 0.000165396893863, 0.000356171978638, 0.000514885352459, 0.000528720673174, 0.000791236467194, 0.000604214263149, 0.000418032868765, 0.000298691447824, 0.000373114569811, 0.000310623232508, 0.000283493980533, 0.000344818952726, 0.000133363340865, 0.000202675539185, 0.000151191343321, 0.000119336888019, 0.000121220800793, 9.02354295249e-05, 7.58440146456e-05, 6.00786770519e-05, 4.43593271484e-05, 2.82019791484e-05, 2.64492591668e-05, 2.42885107582e-05, 2.46214294748e-05, 1.49489105752e-05, 1.25507422126e-05, 7.41933536119e-06, 2.51789674621e-06, 1.09582185814e-06, 5.35593812856e-07, 2.49417411169e-07, 7.30759381895e-08, 1.6029835237e-08, 1.15732641248e-08, 1.69174096953e-08, 2.06983425954e-08, 1.87256166129e-08, 1.13978408933e-08],
        "median": [1.20419954328e-05, 6.53374372632e-05, 0.000239202869125, 0.000355389667675, 0.000282647728454, 0.000309297553031, 0.000248181109782, 0.000184068223462, 0.00014354736777, 0.000199788832106, 0.000134876405355, 0.000136606977321, 0.000111504283268, 5.0969007134e-05, 9.22657782212e-05, 7.80406408012e-05, 4.84447737108e-05, 4.64673212264e-05, 4.13878951804e-05, 3.45072839991e-05, 2.23640236072e-05, 2.04493499041e-05, 1.35253449116e-05, 1.46507463796e-05, 1.55895122589e-05, 1.39912744999e-05, 8.6558457042e-06, 6.90597198627e-06, 4.41809243057e-06, 1.28689600842e-06, 4.79832124256e-07, 2.12106428421e-07, 8.15863927528e-08, 2.65807891253e-08, 8.81454553792e-09, 7.44175654432e-09, 9.75115455049e-09, 1.12281455245e-08, 1.02023802739e-08, 7.04422031816e-09],
        "min": [8.53536534283e-24, 3.84310747703e-24, 1.25654837359e-23, 8.84857625436e-24, 6.4683781939e-24, 8.04583849695e-24, 1.34248096415e-23, 1.05457544828e-23, 1.27433150721e-23, 1.7052926095e-23, 3.59550454927e-24, 1.59715950092e-23, 1.32618940874e-23, 1.50957905882e-23, 8.59716076184e-24, 8.23457346853e-24, 1.00389413279e-23, 1.00010231508e-23, 2.39378942388e-23, 1.00259740324e-23, 7.40931846544e-24, 3.19782142593e-24, 8.49423886839e-24, 9.18588923312e-24, 4.59941879801e-24, 7.47709345011e-24, 4.98809096044e-24, 9.16318423855e-24, 1.06423686445e-23, 9.41037222548e-24, 8.38929906875e-24, 1.00756549145e-23, 1.10915310555e-23, 1.18216573221e-23, 1.35707047328e-23, 1.17012022061e-23, 9.57943142836e-24, 1.37685968017e-23, 1.09027022095e-23, 9.25018691893e-24],
        "var": [3.79596833966e-08, 1.16693691155e-07, 1.6241219214e-07, 3.776658275e-07, 5.00012163229e-07, 1.49353320467e-06, 9.72715042735e-07, 5.41246606645e-07, 2.54513111031e-07, 2.95576256804e-07, 2.4210513061e-07, 1.72826929656e-07, 4.16629916344e-07, 6.60775327788e-08, 1.03523369432e-07, 4.75817962808e-08, 4.39941096886e-08, 5.87366528748e-08, 2.3142950667e-08, 1.96708178635e-08, 1.65902598326e-08, 6.15332318432e-09, 3.10513281754e-09, 1.61681834587e-09, 9.70381996979e-10, 1.31175814655e-09, 3.78498232756e-10, 3.34969330051e-10, 9.07479022483e-11, 1.38215853693e-11, 3.77262977802e-12, 1.2685813771e-12, 3.06395859205e-13, 2.26252291912e-14, 8.76193062315e-16, 3.09108659884e-16, 9.01590445266e-16, 1.33459707603e-15, 1.22580723478e-15, 3.16992736678e-16]
    },
    "mfcc": {
        "mean": [-654.588134766, 171.500976562, -72.8317260742, 25.097530365, -17.1787414551, -15.615732193, 3.85254740715, -19.7164001465, -3.71711874008, -6.74266719818, -7.47817802429, -7.27059268951, -5.97154855728],
        "cov": [[1474.18566895, -361.381591797, -416.795715332, 232.207946777, -265.687957764, 87.0372009277, 71.6256332397, 30.918340683, 140.27935791, -38.7087669373, 42.9717102051, -5.51932764053, 52.9082756042], [-361.381591797, 614.917480469, 201.505950928, -76.8983840942, 132.586044312, -71.97290802, 23.6334972382, -17.3745613098, -76.8615570068, 36.5660247803, -38.4080657959, 1.97071373463, -47.8759689331], [-416.795715332, 201.505950928, 540.923461914, 30.2190818787, 112.906082153, 33.0227050781, -83.2819137573, -10.5488777161, -53.4551811218, -34.6465148926, 13.6347465515, -3.67495584488, -32.5792007446], [232.207946777, -76.8983840942, 30.2190818787, 269.278778076, 39.0142936707, -25.6286430359, -34.8504257202, 5.08192062378, 30.5166015625, -34.5219459534, -8.49350070953, 18.1616802216, 24.0953102112], [-265.687957764, 132.586044312, 112.906082153, 39.0142936707, 234.084121704, -7.05879592896, -34.6935310364, 27.4199733734, -9.57108688354, -3.34327554703, -20.5148830414, 7.42300796509, -13.729142189], [87.0372009277, -71.97290802, 33.0227050781, -25.6286430359, -7.05879592896, 218.508682251, 59.0529251099, 26.2665081024, 29.9685077667, -12.1440191269, 50.3980751038, -30.6704864502, -15.4945821762], [71.6256332397, 23.6334972382, -83.2819137573, -34.8504257202, -34.6935310364, 59.0529251099, 190.583450317, 17.502407074, -8.35405063629, 55.2164154053, -14.1465072632, -8.85704135895, -4.54677391052], [30.918340683, -17.3745613098, -10.5488777161, 5.08192062378, 27.4199733734, 26.2665081024, 17.502407074, 106.313812256, 51.4494819641, -16.6477203369, 15.2975873947, -0.64161914587, -2.04568958282], [140.27935791, -76.8615570068, -53.4551811218, 30.5166015625, -9.57108688354, 29.9685077667, -8.35405063629, 51.4494819641, 109.489372253, 19.6815605164, 16.3307857513, -9.70313453674, -0.0559630580246], [-38.7087669373, 36.5660247803, -34.6465148926, -34.5219459534, -3.34327554703, -12.1440191269, 55.2164154053, -16.6477203369, 19.6815605164, 112.181037903, 13.695766449, -8.34166240692, 0.1175750494], [42.9717102051, -38.4080657959, 13.6347465515, -8.49350070953, -20.5148830414, 50.3980751038, -14.1465072632, 15.2975873947, 16.3307857513, 13.695766449, 118.968673706, 36.7983093262, -3.16142773628], [-5.51932764053, 1.97071373463, -3.67495584488, 18.1616802216, 7.42300796509, -30.6704864502, -8.85704135895, -0.64161914587, -9.70313453674, -8.34166240692, 36.7983093262, 104.268539429, 40.6220436096], [52.9082756042, -47.8759689331, -32.5792007446, 24.0953102112, -13.729142189, -15.4945821762, -4.54677391052, -2.04568958282, -0.0559630580246, 0.1175750494, -3.16142773628, 40.6220436096, 95.0919265747]],
