{
"lowlevel": {
    "average_loudness": 0.941028177738,
    "barkbands_crest": {
        "dmean": 2.3102581501,
        "dmean2": 3.74849009514,
        "dvar": 4.22267341614,
        "dvar2": 10.8240089417,
        "max": 26.683008194,
        "mean": 9.68388080597,
        "median": 8.80626678467,
        "min": 2.53268074989,
        "var": 16.9524803162
    },
    "barkbands_flatness_db": {
        "dmean": 0.014729863964,
        "dmean2": 0.0227735508233,
        "dvar": 0.000191016995814,
        "dvar2": 0.000443518278189,
        "max": 0.435812532902,
        "mean": 0.169940963387,
        "median": 0.168564260006,
        "min": 0.0304562207311,
        "var": 0.00170261738822
    },
    "barkbands_kurtosis": {
        "dmean": 1.74354791641,
        "dmean2": 2.71467494965,
        "dvar": 599.086303711,
        "dvar2": 1502.07922363,
        "max": 1536.41650391,
        "mean": 2.05133676529,
        "median": 0.359398841858,
        "min": -1.91197669506,
        "var": 349.825164795
    },
    "barkbands_skewness": {
        "dmean": 0.375164210796,
        "dmean2": 0.576051473618,
        "dvar": 0.3867880404,
        "dvar2": 0.95926874876,
        "max": 35.110496521,
        "mean": 0.899555742741,
        "median": 0.767806410789,
        "min": -3.30391049385,
        "var": 1.27651631832
    },
    "barkbands_spread": {
        "dmean": 2.98537111282,
        "dmean2": 4.67107582092,
        "dvar": 9.41599464417,
        "dvar2": 20.5653457642,
        "max": 65.7780227661,
        "mean": 16.093629837,
        "median": 14.8287963867,
        "min": 0.197635650635,
        "var": 64.3153610229
    },
    "dissonance": {
        "dmean": 0.0205704588443,
        "dmean2": 0.0347715653479,
        "dvar": 0.000426776910899,
        "dvar2": 0.00117584271356,
        "max": 0.500000119209,
        "mean": 0.457753509283,
        "median": 0.46544355154,
        "min": 0.255512148142,
        "var": 0.00105527613778
    },
    "dynamic_complexity": 2.75892758369,
    "erbbands_crest": {
        "dmean": 2.66952037811,
        "dmean2": 4.24776697159,
        "dvar": 6.24590873718,
        "dvar2": 15.1005764008,
        "max": 31.4693183899,
        "mean": 10.421423912,
        "median": 9.11536026001,
        "min": 2.18122959137,
        "var": 26.0389213562
    },
    "erbbands_flatness_db": {
        "dmean": 0.0135006774217,
        "dmean2": 0.0201540961862,
        "dvar": 0.000171872714418,
        "dvar2": 0.000335351302056,
        "max": 0.395189315081,
        "mean": 0.237924262881,
        "median": 0.2386726439,
        "min": 0.0476130731404,
        "var": 0.00185851252172
    },
    "erbbands_kurtosis": {
        "dmean": 0.795093774796,
        "dmean2": 1.24984061718,
        "dvar": 1.4110622406,
        "dvar2": 3.21882915497,
        "max": 40.9049682617,
        "mean": 0.379843354225,
        "median": -0.306416511536,
        "min": -1.79521417618,
        "var": 5.698138237
    },
    "erbbands_skewness": {
        "dmean": 0.336531192064,
        "dmean2": 0.520272791386,
        "dvar": 0.0920512601733,
        "dvar2": 0.211306065321,
        "max": 5.92263507843,
        "mean": 0.194719433784,
        "median": 0.154166847467,
        "min": -4.29498958588,
        "var": 0.635495066643
    },
    "erbbands_spread": {
        "dmean": 4.50929260254,
        "dmean2": 6.9543595314,
        "dvar": 21.4749450684,
        "dvar2": 48.7435379028,
        "max": 91.8462600708,
        "mean": 25.3230075836,
        "median": 24.1829338074,
        "min": 3.17838692665,
        "var": 131.358184814
    },
    "hfc": {
        "dmean": 5.53040838242,
        "dmean2": 8.38146972656,
        "dvar": 50.1626091003,
        "dvar2": 107.058113098,
        "max": 127.452354431,
        "mean": 23.9667663574,
        "median": 22.6463699341,
        "min": 4.75443499681e-07,
        "var": 230.978240967
    },
    "melbands_crest": {
        "dmean": 2.75859355927,
        "dmean2": 4.4823756218,
        "dvar": 6.42360639572,
        "dvar2": 16.2088756561,
        "max": 39.2325172424,
        "mean": 11.9228363037,
        "median": 10.8298110962,
        "min": 3.07062530518,
        "var": 25.83335495
    },
    "melbands_flatness_db": {
        "dmean": 0.0168644804507,
        "dmean2": 0.0259610675275,
        "dvar": 0.000257800274994,
        "dvar2": 0.0005787613336,
        "max": 0.437967807055,
        "mean": 0.222477063537,
        "median": 0.220467448235,
        "min": 0.0209630466998,
        "var": 0.00256215664558
    },
    "melbands_kurtosis": {
        "dmean": 2.46767735481,
        "dmean2": 3.87135028839,
        "dvar": 118.965324402,
        "dvar2": 299.867736816,
        "max": 662.979003906,
        "mean": 4.70639705658,
        "median": 2.1028854847,
        "min": -1.85704374313,
        "var": 148.072921753
    },
    "melbands_skewness": {
        "dmean": 0.419218152761,
        "dmean2": 0.645592033863,
        "dvar": 0.25330427289,
        "dvar2": 0.60532450676,
        "max": 22.0103054047,
        "mean": 1.46910333633,
        "median": 1.31019568443,
        "min": -1.90961754322,
        "var": 1.44978582859
    },
    "melbands_spread": {
        "dmean": 5.03534173965,
        "dmean2": 7.90654325485,
        "dvar": 31.9643859863,
        "dvar2": 70.8406524658,
        "max": 123.228157043,
        "mean": 23.9092998505,
        "median": 22.076877594,
        "min": 0.493464529514,
        "var": 175.630325317
    },
    "pitch_salience": {
        "dmean": 0.0575583651662,
        "dmean2": 0.0931291952729,
        "dvar": 0.00248397910036,
        "dvar2": 0.00649552466348,
        "max": 0.868751347065,
        "mean": 0.570588290691,
        "median": 0.574371755123,
        "min": 0.0354727692902,
        "var": 0.0108665917069
    },
    "silence_rate_20dB": {
        "dmean": 0,
        "dmean2": 0,
        "dvar": 0,
        "dvar2": 0,
        "max": 1,
        "mean": 1,
        "median": 1,
        "min": 1,
        "var": 0
    },
    "silence_rate_30dB": {
        "dmean": 0,
        "dmean2": 0,
        "dvar": 0,
        "dvar2": 0,
        "max": 1,
        "mean": 1,
        "median": 1,
        "min": 1,
        "var": 0
    },
    "silence_rate_60dB": {
        "dmean": 0.00435506599024,
        "dmean2": 0.00871124770492,
        "dvar": 0.00433620065451,
        "dvar2": 0.0104292407632,
        "max": 1,
        "mean": 0.0690317600965,
        "median": 0,
        "min": 0,
        "var": 0.064261905849
    },
    "spectral_centroid": {
        "dmean": 176.9896698,
        "dmean2": 273.717376709,
        "dvar": 46705.5976562,
        "dvar2": 91639.125,
        "max": 10978.3300781,
        "mean": 1323.04223633,
        "median": 1278.13879395,
        "min": 284.816497803,
        "var": 292559.59375
    },
    "spectral_complexity": {
        "dmean": 2.92250537872,
        "dmean2": 4.70689201355,
        "dvar": 9.3568315506,
        "dvar2": 20.6285533905,
        "max": 53,
        "mean": 21.3132686615,
        "median": 22,
        "min": 0,
        "var": 78.3559036255
    },
    "spectral_decrease": {
        "dmean": 1.51173995544e-09,
        "dmean2": 2.37117725455e-09,
        "dvar": 2.90808744669e-18,
        "dvar2": 6.70934880238e-18,
        "max": -4.98994884725e-18,
        "mean": -6.45726805359e-09,
        "median": -6.47269837728e-09,
        "min": -2.3879813682e-08,
        "var": 1.1827833245e-17
    },
    "spectral_energy": {
        "dmean": 0.00613398756832,
        "dmean2": 0.00959196407348,
        "dvar": 4.78608635603e-05,
        "dvar2": 0.000109448737931,
        "max": 0.0960865393281,
        "mean": 0.0265450850129,
        "median": 0.0267852172256,
        "min": 6.19573628513e-11,
        "var": 0.000197501343791
    },
    "spectral_energyband_high": {
        "dmean": 0.000120038865134,
        "dmean2": 0.000194201405975,
        "dvar": 6.12808861433e-08,
        "dvar2": 1.55941464186e-07,
        "max": 0.00419263774529,
        "mean": 0.000271459168289,
        "median": 0.000143418175867,
        "min": 3.84688357558e-11,
        "var": 1.23357295934e-07
    },
    "spectral_energyband_low": {
        "dmean": 0.000571262207814,
        "dmean2": 0.00087858363986,
        "dvar": 1.58481589096e-06,
        "dvar2": 3.71401188204e-06,
        "max": 0.0429356917739,
        "mean": 0.00142366846558,
        "median": 0.000851535936818,
        "min": 5.51805725679e-13,
        "var": 3.75058334612e-06
    },
    "spectral_energyband_middle_high": {
        "dmean": 0.00314753665589,
        "dmean2": 0.00471773883328,
        "dvar": 1.96995933948e-05,
        "dvar2": 4.11234432249e-05,
        "max": 0.072262622416,
        "mean": 0.0104244370013,
        "median": 0.00787258706987,
        "min": 2.05027366612e-11,
        "var": 8.66044865688e-05
    },
    "spectral_energyband_middle_low": {
        "dmean": 0.00468733627349,
        "dmean2": 0.00743758538738,
        "dvar": 3.16681689583e-05,
        "dvar2": 7.74759901105e-05,
        "max": 0.0736004412174,
        "mean": 0.0153518561274,
        "median": 0.0133875338361,
        "min": 1.85246414562e-12,
        "var": 0.000115485301649
    },
    "spectral_entropy": {
        "dmean": 0.116881266236,
        "dmean2": 0.179497048259,
        "dvar": 0.0139865782112,
        "dvar2": 0.029849614948,
        "max": 9.81208133698,
        "mean": 7.2025437355,
        "median": 7.21391248703,
        "min": 5.5161242485,
        "var": 0.13841816783
    },
    "spectral_flux": {
        "dmean": 0.020545868203,
        "dmean2": 0.03218408674,
        "dvar": 0.000470058090286,
        "dvar2": 0.00108392548282,
        "max": 0.270231276751,
        "mean": 0.0820431187749,
        "median": 0.0785607770085,
        "min": 7.87130011304e-06,
        "var": 0.00165976921562
    },
    "spectral_kurtosis": {
        "dmean": 3.59120726585,
        "dmean2": 6.2968082428,
        "dvar": 11.0025568008,
        "dvar2": 33.5751800537,
        "max": 38.0994720459,
        "mean": 7.54048109055,
        "median": 6.18454790115,
        "min": -1.18701529503,
        "var": 29.2905044556
    },
    "spectral_rms": {
        "dmean": 0.000567394832615,
        "dmean2": 0.000878057209775,
        "dvar": 3.36624680131e-07,
        "dvar2": 7.35965443255e-07,
        "max": 0.00968209467828,
        "mean": 0.00482756597921,
        "median": 0.00511193880811,
        "min": 2.45858103654e-07,
        "var": 2.59228795585e-06
    },
    "spectral_rolloff": {
        "dmean": 275.31640625,
        "dmean2": 458.83480835,
        "dvar": 154667.546875,
        "dvar2": 317962.5,
        "max": 15396.2402344,
        "mean": 1543.78564453,
        "median": 1464.2578125,
        "min": 21.533203125,
        "var": 559030.5
    },
    "spectral_skewness": {
        "dmean": 0.342199683189,
        "dmean2": 0.584276795387,
        "dvar": 0.0896346643567,
        "dvar2": 0.258544147015,
        "max": 4.60263347626,
        "mean": 1.52852034569,
        "median": 1.42870891094,
        "min": -0.157272979617,
        "var": 0.465286642313
    },
    "spectral_spread": {
        "dmean": 197061.53125,
        "dmean2": 314013.0625,
        "dvar": 227444162560,
        "dvar2": 274058723328,
        "max": 40541888,
        "mean": 2525100,
        "median": 2401550.75,
        "min": 1108880.375,
        "var": 534956408832
    },
    "spectral_strongpeak": {
        "dmean": 0.815643548965,
        "dmean2": 1.33367323875,
        "dvar": 1.17740225792,
        "dvar2": 2.82179117203,
        "max": 14.8605957031,
        "mean": 1.90415453911,
        "median": 1.35116457939,
        "min": 0,
        "var": 3.17969036102
    },
    "zerocrossingrate": {
        "dmean": 0.00513079948723,
        "dmean2": 0.0062942369841,
        "dvar": 3.18542261084e-05,
        "dvar2": 4.93940497108e-05,
        "max": 0.31982421875,
        "mean": 0.0538634620607,
        "median": 0.05224609375,
        "min": 0.009765625,
        "var": 0.000382798811188
    },
    "barkbands": {
        "dmean": [4.62679327029e-06, 0.00019304981106, 0.000301134597976, 0.000475349428598, 0.00162109546363, 0.00140810862649, 0.00136408756953, 0.00104677665513, 0.00121488235891, 0.00129491824191, 0.000968167907558, 0.000687873107381, 0.000623027270194, 0.000658637203742, 0.000612707983237, 0.000419967720518, 0.000424220168497, 0.000237551997998, 0.000192993116798, 0.000117825067719, 5.61501474294e-05, 1.98264951905e-05, 2.48499577538e-06, 2.27911641559e-07, 1.96009523279e-07, 4.02785396147e-08, 4.64392790889e-08],
        "dmean2": [8.07096239441e-06, 0.000312803051202, 0.000477427907754, 0.000771220307797, 0.0026750061661, 0.00225607398897, 0.00210433010943, 0.00161001819652, 0.00186349824071, 0.00198922283016, 0.00148804858327, 0.00105634960346, 0.000950958637986, 0.001023834222, 0.000985745922662, 0.000648544810247, 0.000683362712152, 0.000384060695069, 0.000314518663799, 0.000193548868992, 9.23810584936e-05, 3.17245430779e-05, 3.99290456699e-06, 3.67080559727e-07, 3.00709416479e-07, 6.90213468602e-08, 7.87804452784e-08],
        "dvar": [4.05736599873e-09, 4.06270487474e-07, 4.57224103911e-07, 9.60703118835e-07, 6.05594505032e-06, 7.97846041678e-06, 6.98353005646e-06, 7.18074261385e-06, 7.64440119383e-06, 9.95478330879e-06, 5.65211803405e-06, 2.17880187847e-06, 2.08392293644e-06, 2.91973469757e-06, 2.13502630686e-06, 1.05248341242e-06, 8.98354187484e-07, 2.48811545589e-07, 1.36630063707e-07, 5.60411912431e-08, 1.55187205308e-08, 3.09354342143e-09, 2.85547089446e-11, 2.56048844237e-13, 2.10053437318e-13, 9.74402456203e-16, 1.78292812101e-15],
        "dvar2": [1.14681011354e-08, 9.88940314528e-07, 1.17413696898e-06, 2.4898411084e-06, 1.63171280292e-05, 1.98184188775e-05, 1.60753461387e-05, 1.66167646967e-05, 1.64047742146e-05, 2.26106058108e-05, 1.20346121548e-05, 4.63721289634e-06, 4.71158591608e-06, 6.49731055091e-06, 5.08850371261e-06, 2.3023835638e-06, 2.18010563913e-06, 5.92531989696e-07, 3.38506254138e-07, 1.44103140087e-07, 4.06953866161e-08, 7.20223569672e-09, 7.01294508576e-11, 6.08482394245e-13, 4.42458352942e-13, 2.85789128162e-15, 4.76699808913e-15],
        "max": [0.00450845342129, 0.0198988877237, 0.017823420465, 0.0258795525879, 0.0445350334048, 0.062157984823, 0.0595739260316, 0.062775246799, 0.0590750873089, 0.0640469416976, 0.0574892386794, 0.0288098473102, 0.0298106390983, 0.0464423149824, 0.0332665145397, 0.0287215933204, 0.0218946896493, 0.0126719931141, 0.00821077730507, 0.00476809870452, 0.0027065272443, 0.00205201515928, 0.00011069066386, 9.17118359212e-06, 1.29751379063e-05, 5.4605771993e-07, 6.87408771682e-07],
        "mean": [5.10844711243e-06, 0.000292795390124, 0.000706182036083, 0.001049536746, 0.00371415819973, 0.00286599295214, 0.0026118606329, 0.00196932465769, 0.00221427646466, 0.00224174419418, 0.00162781774998, 0.00125211151317, 0.00109374965541, 0.00108414469287, 0.00100757030305, 0.000771429564338, 0.000784682692029, 0.000461793097202, 0.00038177051465, 0.000252515194006, 0.000113240290375, 3.70878988178e-05, 4.60640603706e-06, 5.78059314194e-07, 6.37620360067e-07, 2.77676065252e-07, 1.63837995615e-07],
        "median": [2.09580980481e-06, 9.09103982849e-05, 0.000326516630594, 0.00055542611517, 0.0024882061407, 0.0011908558663, 0.00110065285116, 0.000516372732818, 0.000627819099464, 0.000551479752176, 0.000373959599528, 0.000450663326774, 0.000389009481296, 0.000372946000425, 0.000426507380325, 0.000238296153839, 0.000369546789443, 0.000245417148108, 0.0002238167217, 0.000133853100124, 5.13464001415e-05, 1.59330775205e-05, 2.00308818421e-06, 3.85302257655e-07, 4.29582229344e-07, 2.75117315596e-07, 1.65319519851e-07],
        "min": [4.80234992398e-13, 1.94952506829e-13, 1.51515220726e-13, 1.88901594833e-14, 6.83509103266e-14, 8.0579342027e-14, 5.73665789351e-13, 1.77667803429e-13, 7.94036819803e-13, 1.05764561605e-12, 1.90592095058e-12, 1.88154504997e-12, 3.45519316283e-12, 1.47364813494e-12, 1.35076867226e-12, 2.51992133757e-12, 2.27029484622e-12, 1.3460753779e-12, 2.65115100012e-12, 1.22431958235e-12, 2.75271819228e-12, 5.40325293188e-12, 2.85006827166e-12, 4.38558087415e-12, 6.62712853344e-12, 7.27546061591e-12, 8.93545480662e-12],
        "var": [2.77296496876e-09, 4.76105299185e-07, 1.10741189019e-06, 2.58553995991e-06, 1.69216837094e-05, 2.45748360612e-05, 2.07982084248e-05, 2.15058389585e-05, 1.93432533706e-05, 2.25892235903e-05, 1.3475918422e-05, 6.08141317571e-06, 5.40096925761e-06, 6.28226825938e-06, 3.88019088859e-06, 2.63734682449e-06, 1.96477208192e-06, 5.30321187853e-07, 2.50821500458e-07, 1.17521160803e-07, 2.85543393375e-08, 4.51237402999e-09, 5.16965810438e-11, 4.06162001818e-13, 5.03533087622e-13, 1.47860051212e-15, 2.77492588674e-15]
    },
    "erbbands": {
        "dmean": [0.0030594621785, 0.0542616769671, 0.285845786333, 0.936019718647, 3.44301486015, 6.29940366745, 8.30100250244, 13.0471496582, 17.8552379608, 19.7334938049, 23.3337364197, 25.3982582092, 40.153793335, 36.1660957336, 28.893196106, 26.6671676636, 25.5126857758, 29.3642215729, 29.5015544891, 25.7811737061, 23.0114994049, 20.3170261383, 13.5125207901, 10.2656469345, 7.92052602768, 5.14647102356, 3.09700250626, 1.637134552, 0.80587464571, 0.243927836418, 0.0500841923058, 0.00642842240632, 0.0045932661742, 0.0025773474481, 0.00130704324692, 0.000238368331338, 8.98312136997e-05, 3.0375103961e-05, 1.11236540761e-05, 7.23460789231e-06],
        "dmean2": [0.00493427272886, 0.0881198868155, 0.453021526337, 1.5019505024, 5.79374742508, 10.3515911102, 13.3255977631, 20.8286876678, 27.5234928131, 30.5768527985, 35.4792671204, 38.6348609924, 61.9325447083, 56.5114593506, 42.8697357178, 40.7200889587, 38.1452522278, 45.3164291382, 44.880115509, 41.5505142212, 35.5529632568, 32.3447418213, 21.581703186, 16.3581790924, 12.8753032684, 8.36400032043, 5.1068572998, 2.66219806671, 1.2956199646, 0.380542904139, 0.0798310339451, 0.0102370884269, 0.00738001707941, 0.00399981020018, 0.00205120677128, 0.000398863165174, 0.000155525907758, 5.19032837474e-05, 1.86884626601e-05, 1.12760608317e-05],
        "dvar": [0.000326071080053, 0.0277248695493, 0.436476558447, 3.41131472588, 35.2617149353, 97.1188201904, 337.763061523, 783.901184082, 1598.10888672, 1624.14221191, 3920.22949219, 3934.60131836, 9417.49511719, 6130.15185547, 6934.32617188, 3232.16333008, 3293.27172852, 5408.64404297, 5742.16748047, 3580.62573242, 2819.53564453, 2227.33935547, 750.815979004, 431.385406494, 260.292663574, 126.155845642, 42.5515174866, 16.8142414093, 5.68186950684, 0.338281989098, 0.0144549077377, 0.00024824362481, 0.000118064563139, 3.50667542079e-05, 8.13737551653e-06, 4.58818902871e-08, 4.77055372983e-09, 5.95069660214e-10, 9.83442216551e-11, 6.5995237053e-11],
        "dvar2": [0.00091354426695, 0.0659352615476, 1.11625087261, 8.32633304596, 101.483230591, 259.360229492, 859.715209961, 1987.08154297, 3755.57299805, 3949.46484375, 9213.43261719, 8229.88671875, 22058.8867188, 14905.3554688, 13155.2734375, 6940.92041016, 7134.06005859, 11733.6113281, 11749.6044922, 8847.24121094, 5892.22363281, 5333.31933594, 1816.29418945, 1071.93322754, 664.609619141, 327.493377686, 110.259880066, 43.3400001526, 13.5931215286, 0.815399050713, 0.0363046489656, 0.00059359514853, 0.000287953967927, 7.38819871913e-05, 1.79384642252e-05, 1.19730898973e-07, 1.39499212182e-08, 1.6914152301e-09, 2.65239552544e-10, 1.49353779344e-10],
        "max": [1.07037973404, 2.88237714767, 16.1747322083, 64.6361846924, 134.844589233, 202.494827271, 450.37411499, 688.283874512, 1043.71142578, 866.081359863, 1585.23242188, 1666.19970703, 2318.93066406, 1489.2713623, 2671.14501953, 1336.90075684, 1188.24401855, 1913.86828613, 2968.55810547, 1592.66186523, 1974.46081543, 1269.93115234, 778.80847168, 458.914306641, 266.779602051, 268.989746094, 132.645446777, 95.0480804443, 98.9327316284, 13.2372903824, 3.31009960175, 0.4513040483, 0.199291810393, 0.175158664584, 0.102074675262, 0.00571637833491, 0.000890704803169, 0.000422255281592, 0.000145872021676, 0.000118523515994],
        "mean": [0.00465076556429, 0.0878792703152, 0.665132761002, 2.29395270348, 7.31436395645, 13.3421602249, 16.3835945129, 26.554391861, 36.6480751038, 37.5687637329, 47.2889823914, 49.3854980469, 75.4338684082, 67.2126922607, 55.6067352295, 50.4148216248, 49.8658790588, 52.7061958313, 53.0860099792, 50.257396698, 48.1452713013, 41.3913230896, 28.4110374451, 21.5266742706, 16.8461666107, 11.3386001587, 6.511906147, 3.26162862778, 1.53128790855, 0.500328660011, 0.095995798707, 0.015953110531, 0.0107409385964, 0.00769929448143, 0.00409858347848, 0.00127836107276, 0.000516756146681, 0.000159403993166, 4.77516077808e-05, 3.29310751113e-05],
        "median": [0.00164159294218, 0.0325809940696, 0.330825924873, 1.34054398537, 4.90434455872, 8.26493740082, 7.99330282211, 10.3607406616, 15.2644395828, 17.2890815735, 14.8566207886, 16.4488716125, 22.365940094, 24.253288269, 17.3851051331, 21.1174297333, 21.8223152161, 23.6037425995, 22.8770217896, 22.6092224121, 19.2566394806, 20.5442028046, 15.840637207, 13.2542266846, 9.43933105469, 6.04658794403, 3.13502001762, 1.53657031059, 0.66638302803, 0.216119587421, 0.045686878264, 0.0101297553629, 0.00675220740959, 0.00509925931692, 0.00288021471351, 0.00122561166063, 0.000511252088472, 0.000156856578542, 4.76105851703e-05, 3.34093274432e-05],
        "min": [7.72106163727e-12, 4.1219954533e-11, 1.78974834952e-10, 9.01092325756e-11, 5.38828842656e-11, 1.58860161137e-10, 9.92854465309e-10, 4.87969109564e-10, 5.51318457553e-09, 6.78786760133e-09, 5.65548008424e-09, 1.62446216478e-08, 3.04615390689e-08, 6.54716885151e-08, 5.49398855298e-08, 9.28988725946e-08, 1.52662778419e-07, 1.04701584291e-07, 5.24217718123e-08, 9.70925739807e-08, 1.63194542324e-07, 1.25117097127e-07, 7.75772761585e-08, 1.14844539212e-07, 1.24479754504e-07, 7.49357695895e-08, 1.15469035222e-07, 1.44464891605e-07, 1.83435361123e-07, 1.12290983623e-07, 7.25938917867e-08, 8.93111717915e-08, 7.19712076602e-08, 7.83784415148e-08, 4.25266861726e-08, 3.52135565151e-08, 1.18933254356e-08, 4.25148671823e-09, 1.35814903768e-09, 1.28645399888e-10],
        "var": [0.000256423692917, 0.0341608598828, 0.972090780735, 10.8334817886, 71.93699646, 252.527145386, 822.306396484, 2410.65649414, 5202.56005859, 3950.92163086, 12122.0058594, 9816.01660156, 24319.9921875, 14772.3349609, 19152.1542969, 8435.41113281, 9692.41992188, 11494.7705078, 12986.6044922, 7897.84130859, 8772.9140625, 4998.26269531, 1894.32470703, 820.806274414, 503.613311768, 244.459716797, 84.3011550903, 26.5832061768, 7.8263630867, 0.626379132271, 0.022156521678, 0.000398134347051, 0.00017083932471, 8.16585306893e-05, 1.85758472071e-05, 1.05674999418e-07, 7.04540870089e-09, 9.28983778792e-10, 1.90681900825e-10, 2.78671141718e-10]
    },
    "gfcc": {
        "mean": [-34.4231300354, 135.093231201, -168.379592896, 10.5069513321, -46.6734771729, -25.4529056549, -27.4829235077, -11.5230588913, -25.6413936615, -3.84619665146, -19.7036628723, -5.23055648804, -8.61723423004],
        "cov": [[3033.33007812, 655.860229492, -963.916015625, 316.279815674, -108.970123291, -262.352294922, 275.733306885, -214.336349487, 16.9072093964, -127.886405945, -85.1470184326, -63.9504165649, 53.9969749451], [655.860229492, 585.537475586, 47.324924469, -127.185874939, 69.7946395874, -82.8365859985, 12.6473960876, -45.3149833679, -28.773935318, -60.576965332, -9.66572856903, -49.9078712463, -15.6000499725], [-963.916015625, 47.324924469, 704.864501953, -20.1475830078, 20.6500396729, 87.7073974609, -139.114593506, 35.5018577576, -24.8909416199, 25.763092041, 21.1886367798, 3.41366457939, -50.5846595764], [316.279815674, -127.185874939, -20.1475830078, 440.642974854, -1.69561088085, -18.5125808716, 36.1610412598, -34.5567550659, 32.1762924194, 7.8164434433, -45.9937400818, 8.85096263885, 9.97591686249], [-108.970123291, 69.7946395874, 20.6500396729, -1.69561088085, 219.179794312, 47.0763168335, -14.5569763184, 42.4601173401, 7.70866918564, -5.42688465118, -12.2597723007, -20.321559906, -0.677433013916], [-262.352294922, -82.8365859985, 87.7073974609, -18.5125808716, 47.0763168335, 197.826812744, 74.313621521, 20.1561470032, -14.1402101517, 5.44306612015, 1.50320470333, -1.3028601408, -26.8836460114], [275.733306885, 12.6473960876, -139.114593506, 36.1610412598, -14.5569763184, 74.313621521, 205.486129761, 35.7306137085, -21.2585964203, -23.2980098724, -8.0477848053, -7.14285039902, -2.69425082207], [-214.336349487, -45.3149833679, 35.5018577576, -34.5567550659, 42.4601173401, 20.1561470032, 35.7306137085, 135.703659058, 45.9936828613, -11.427107811, -10.5453872681, 7.22703027725, 3.8547039032], [16.9072093964, -28.773935318, -24.8909416199, 32.1762924194, 7.70866918564, -14.1402101517, -21.2585964203, 45.9936828613, 119.559547424, 27.5377025604, -21.4168834686, 17.7747879028, 0.379765510559], [-127.886405945, -60.576965332, 25.763092041, 7.8164434433, -5.42688465118, 5.44306612015, -23.2980098724, -11.427107811, 27.5377025604, 100.327415466, 49.2211990356, 2.33467102051, 4.79936933517], [-85.1470184326, -9.66572856903, 21.1886367798, -45.9937400818, -12.2597723007, 1.50320470333, -8.0477848053, -10.5453872681, -21.4168834686, 49.2211990356, 91.9546127319, 28.1703853607, -5.68244314194], [-63.9504165649, -49.9078712463, 3.41366457939, 8.85096263885, -20.321559906, -1.3028601408, -7.14285039902, 7.22703027725, 17.7747879028, 2.33467102051, 28.1703853607, 75.9193496704, 21.138086319], [53.9969749451, -15.6000499725, -50.5846595764, 9.97591686249, -0.677433013916, -26.8836460114, -2.69425082207, 3.8547039032, 0.379765510559, 4.79936933517, -5.68244314194, 21.138086319, 80.4956665039]],
        "icov": [[0.00638725142926, -0.0104092042893, 0.00946396123618, -0.00753772165626, 0.00636469013989, -0.00328466878273, 0.00137514423113, 0.000905483553652, -0.00183535530232, 0.00285269063897, -0.00280761648901, 0.00247441418469, -0.00147063378245], [-0.0104092042893, 0.0214355830103, -0.0178195554763, 0.0144426869228, -0.0136352349073, 0.0100259128958, -0.00741214631125, 0.00447569973767, -0.00159021455329, 0.000220905174501, 0.00164309644606, -0.000746127625462, 0.00122630468104], [0.00946396123618, -0.0178195554763, 0.0178769826889, -0.0128419008106, 0.0119011066854, -0.00927736144513, 0.00794680416584, -0.00425193738192, 0.00203193328343, 0.000610620481893, -0.00198859116063, 0.00138882920146, -5.59826476092e-05], [-0.00753772165626, 0.0144426869228, -0.0128419008106, 0.0129236793146, -0.00976905133575, 0.0073349638842, -0.0059826085344, 0.00359450769611, -0.000632813607808, -0.0026625036262, 0.00475749606267, -0.00313087715767, 0.00149851513561], [0.00636469013989, -0.0136352349073, 0.0119011066854, -0.00976905133575, 0.0146834757179, -0.00930508878082, 0.00779617065564, -0.00620069727302, 0.00183913402725, 0.000372831767891, -0.00179376197048, 0.00274466304109, -0.00152696773876], [-0.00328466878273, 0.0100259128958, -0.00927736144513, 0.0073349638842, -0.00930508878082, 0.0155535237864, -0.0115522667766, 0.00730686774477, -0.00307676685043, 0.000408810330555, 0.0017065834254, -0.00115876377095, 0.00220187148079], [0.00137514423113, -0.00741214631125, 0.00794680416584, -0.0059826085344, 0.00779617065564, -0.0115522667766, 0.0172519367188, -0.012241919525, 0.00861487817019, -0.00384904677048, 0.00166065245867, -0.00162390922196, 0.00147999939509], [0.000905483553652, 0.00447569973767, -0.00425193738192, 0.00359450769611, -0.00620069727302, 0.00730686774477, -0.012241919525, 0.0215988941491, -0.0146582201123, 0.0109478412196, -0.00670187408105, 0.00554957985878, -0.00442738784477], [-0.00183535530232, -0.00159021455329, 0.00203193328343, -0.000632813607808, 0.00183913402725, -0.00307676685043, 0.00861487817019, -0.0146582201123, 0.0248777065426, -0.0184752345085, 0.017136560753, -0.0138288345188, 0.0080818394199], [0.00285269063897, 0.000220905174501, 0.000610620481893, -0.0026625036262, 0.000372831767891, 0.000408810330555, -0.00384904677048, 0.0109478412196, -0.0184752345085, 0.0313753224909, -0.0246551353484, 0.0167109109461, -0.00958279240876], [-0.00280761648901, 0.00164309644606, -0.00198859116063, 0.00475749606267, -0.00179376197048, 0.0017065834254, 0.00166065245867, -0.00670187408105, 0.017136560753, -0.0246551353484, 0.0344691798091, -0.0203641410917, 0.0104639660567], [0.00247441418469, -0.000746127625462, 0.00138882920146, -0.00313087715767, 0.00274466304109, -0.00115876377095, -0.00162390922196, 0.00554957985878, -0.0138288345188, 0.0167109109461, -0.0203641410917, 0.0284645557404, -0.0110711278394], [-0.00147063378245, 0.00122630468104, -5.59826476092e-05, 0.00149851513561, -0.00152696773876, 0.00220187148079, 0.00147999939509, -0.00442738784477, 0.0080818394199, -0.00958279240876, 0.0104639660567, -0.0110711278394, 0.0185895524919]]
    },
    "melbands": {
        "dmean": [4.009330587e-05, 0.000120517805044, 0.000218662302359, 0.000347970431903, 0.000285054644337, 0.000289880699711, 0.000275519181741, 0.000215127962292, 0.00019438106392, 0.000167000805959, 0.000206674085348, 0.000152701701154, 0.000109590946522, 8.01938222139e-05, 6.44525207463e-05, 6.28269845038e-05, 6.02685358899e-05, 5.23915805388e-05, 4.77925059386e-05, 2.93302382488e-05, 3.07555892505e-05, 2.54705100815e-05, 1.54386652866e-05, 1.0631852092e-05, 9.24078358366e-06, 6.9973839345e-06, 5.24110782862e-06, 3.64223069482e-06, 2.31946114582e-06, 1.50310904701e-06, 9.00580630514e-07, 5.56679651709e-07, 2.49944207553e-07, 1.0226919045e-07, 3.45854758166e-08, 7.72488295553e-09, 2.56601007109e-09, 3.62731644721e-09, 2.93870794366e-09, 2.29803576168e-09],
        "dmean2": [6.47803899483e-05, 0.000189508529729, 0.000355682015652, 0.00058281456586, 0.000457963324152, 0.000462341296952, 0.000424754980486, 0.000330804701662, 0.000294620927889, 0.000253391219303, 0.000318789185258, 0.000238222521148, 0.000163881617482, 0.000120887219964, 9.93645153358e-05, 9.59317694651e-05, 9.32926632231e-05, 7.93503422756e-05, 7.71269769757e-05, 4.63933210995e-05, 4.76666355098e-05, 4.09007589042e-05, 2.44960410782e-05, 1.72296131495e-05, 1.48000035551e-05, 1.14615104394e-05, 8.5806932475e-06, 5.96724976276e-06, 3.83233555112e-06, 2.50631819654e-06, 1.4707960645e-06, 9.04643684407e-07, 3.98717247663e-07, 1.62396474934e-07, 5.62490747313e-08, 1.25095658277e-08, 4.2280450252e-09, 5.9482681003e-09, 4.67050442765e-09, 3.62139251919e-09],
        "dvar": [2.46517526392e-08, 8.09124429679e-08, 1.62933673664e-07, 2.73662038808e-07, 3.24498586224e-07, 3.69163700498e-07, 3.17775118219e-07, 1.96954573539e-07, 2.64808647898e-07, 1.61444333457e-07, 2.47721544611e-07, 1.12614131353e-07, 8.2517409794e-08, 3.35775638405e-08, 2.74088254315e-08, 2.0913486054e-08, 2.62591939304e-08, 2.1128382599e-08, 1.24224728282e-08, 5.54632695327e-09, 5.20018028638e-09, 3.66191010848e-09, 1.54078005909e-09, 4.53185239335e-10, 3.7086320126e-10, 2.25718652103e-10, 1.00580432871e-10, 7.02652311335e-11, 2.54512817072e-11, 1.12326979315e-11, 5.93798881593e-12, 2.95956618587e-12, 3.45723070398e-13, 6.3178473141e-14, 7.18286649777e-15, 4.27158027086e-16, 3.1908124861e-17, 8.00316764108e-17, 3.69746127304e-17, 2.95318764979e-17],
        "dvar2": [6.3448368337e-08, 1.96156292986e-07, 4.34717634334e-07, 7.4916141557e-07, 8.35014418499e-07, 9.26767768306e-07, 7.48672846385e-07, 4.69978971296e-07, 6.24738504484e-07, 3.43403911529e-07, 5.78646847771e-07, 2.73841834542e-07, 1.62604038678e-07, 6.72548452485e-08, 6.0407145952e-08, 4.51623023423e-08, 5.73887071198e-08, 4.27618012111e-08, 3.00436298062e-08, 1.31231328027e-08, 1.10743387793e-08, 8.97546748035e-09, 3.68399888373e-09, 1.14832288123e-09, 9.15354236852e-10, 5.66007629654e-10, 2.58568250144e-10, 1.84874768272e-10, 6.55833581886e-11, 2.96368207753e-11, 1.53420175869e-11, 6.94844485769e-12, 8.51366828598e-13, 1.57125844996e-13, 1.85626287833e-14, 1.06439748339e-15, 7.71652441253e-17, 2.04346923518e-16, 8.26497295193e-17, 6.2984688361e-17],
        "max": [0.00734378537163, 0.00669472198933, 0.0108057688922, 0.0109526915476, 0.0135181155056, 0.0137410042807, 0.0143662998453, 0.0118383336812, 0.0133057814091, 0.0101653756574, 0.0118539342657, 0.00612578401342, 0.00926427077502, 0.00401228433475, 0.00454908423126, 0.00346963130869, 0.00453642802313, 0.00625903252512, 0.00265500601381, 0.00167321215849, 0.00260382285342, 0.00132531754207, 0.00141677469946, 0.000399806682253, 0.000440989359049, 0.000354948802851, 0.000191759798327, 0.00021423464932, 8.27230905998e-05, 8.05331146694e-05, 6.809176557e-05, 6.58855060465e-05, 1.88415815501e-05, 6.20344417257e-06, 2.27002442443e-06, 7.0443502409e-07, 1.50318882675e-07, 1.58603171485e-07, 1.68947991597e-07, 1.84371344858e-07],
        "mean": [6.01467036176e-05, 0.000269061420113, 0.000535137951374, 0.000752594147343, 0.000602067855652, 0.000598205020651, 0.000564164889511, 0.000411273736972, 0.0003841673024, 0.000312556076096, 0.00037767124013, 0.000269337469945, 0.000195624685148, 0.000148350256495, 0.000112702182378, 0.000112072630145, 9.71341723925e-05, 8.64473331603e-05, 7.94560619397e-05, 5.40529217687e-05, 5.82545580983e-05, 4.64107724838e-05, 3.02217067656e-05, 2.00744216272e-05, 1.74241195054e-05, 1.31692040668e-05, 1.05739263745e-05, 6.87594683768e-06, 4.39210180048e-06, 2.86720273834e-06, 1.55461111717e-06, 9.63554839473e-07, 4.74221366176e-07, 1.89576567777e-07, 5.82044137332e-08, 1.48047583082e-08, 6.27684615395e-09, 7.21763404599e-09, 7.27511562104e-09, 6.32126617717e-09],
        "median": [2.02314186026e-05, 0.000132756089442, 0.000346667540725, 0.000518317334354, 0.000328879570588, 0.000233553349972, 0.000249900709605, 0.000178143789526, 0.000113559835881, 9.15778073249e-05, 9.74495633272e-05, 8.68204369908e-05, 5.2230880101e-05, 4.74271728308e-05, 3.89017077396e-05, 3.74434130208e-05, 3.58994548151e-05, 2.88277806249e-05, 3.28441019519e-05, 1.81665072887e-05, 2.17756969505e-05, 2.15481722989e-05, 1.45536241689e-05, 1.1048399756e-05, 9.987019439e-06, 6.81392066326e-06, 5.37987671123e-06, 3.30843545271e-06, 1.92854258785e-06, 1.28749547912e-06, 6.70892177368e-07, 3.99471787205e-07, 1.96160726773e-07, 7.65046337392e-08, 2.65878377093e-08, 7.88869147783e-09, 4.54659065952e-09, 4.49636372579e-09, 4.69372807288e-09, 4.13399980914e-09],
        "min": [8.56608485316e-14, 8.14645388907e-14, 1.70033326069e-14, 4.00763474598e-15, 2.93182870288e-14, 1.05547886173e-14, 1.0349069556e-13, 6.95969364496e-14, 4.73355079092e-14, 1.13034452946e-13, 1.5167467976e-13, 2.5381216226e-13, 2.0514389883e-13, 1.71831244979e-13, 2.94305541309e-13, 3.71569447303e-13, 1.63034828151e-13, 8.44419477918e-14, 9.77982208021e-14, 1.34115375056e-13, 2.12633011784e-13, 1.45513036841e-13, 6.44575335489e-14, 6.93201125299e-14, 9.67836582904e-14, 9.16392883885e-14, 6.0054961221e-14, 4.41089086914e-14, 7.07205154897e-14, 6.19313357108e-14, 1.04747617915e-13, 1.23326411475e-13, 6.4134271895e-14, 6.21256653977e-14, 4.00743281333e-14, 3.81532912902e-14, 6.4852061167e-14, 4.83570296436e-14, 5.06475490345e-14, 7.29001819848e-14],
        "var": [2.5401218906e-08, 1.64123861168e-07, 4.30982225907e-07, 6.45626300866e-07, 8.56960923556e-07, 1.17282763767e-06, 1.0415245697e-06, 5.19074774274e-07, 7.99888368874e-07, 4.01129483407e-07, 6.36515892438e-07, 2.58391196439e-07, 2.15258936009e-07, 1.01726072899e-07, 5.93714446495e-08, 5.62465096721e-08, 5.18528615601e-08, 4.68768455164e-08, 2.31912782311e-08, 1.24151746661e-08, 1.47479477519e-08, 7.12304837336e-09, 3.49845796777e-09, 8.7236740054e-10, 6.49441778133e-10, 3.94123705894e-10, 2.21526672006e-10, 1.13731746243e-10, 4.5418599437e-11, 1.94703732304e-11, 8.04164287244e-12, 3.8500925538e-12, 6.03854043591e-13, 1.02145973158e-13, 9.43717861832e-15, 5.90734859338e-16, 4.80369589745e-17, 9.42745288014e-17, 7.51397104158e-17, 6.50381410706e-17]
    },
    "mfcc": {
        "mean": [-668.628845215, 170.901031494, -61.8381652832, 33.9025802612, -17.7970294952, -2.93992996216, -8.58129501343, -10.1072502136, -3.26836299896, -10.7003965378, -3.06241226196, -9.50234413147, -3.17575860023],
        "cov": [[3706.44091797, 176.206970215, -882.458129883, 502.122375488, -531.234802246, 128.453781128, -90.249786377, 35.5083847046, 64.6971206665, -96.1338119507, -2.77014732361, -191.487045288, 22.3234195709], [176.206970215, 736.349914551, 23.68608284, -149.361450195, 78.4117202759, -90.7030944824, 30.9491214752, -24.1290340424, -40.6668624878, -14.7627096176, -28.4356441498, 21.7268943787, -45.5785827637], [-882.458129883, 23.68608284, 579.690063477, -24.2847824097, 100.796470642, 22.0567188263, 3.28132796288, -24.1466712952, -42.6949462891, -21.8959732056, 19.2681865692, 59.1446418762, -14.8088312149], [502.122375488, -149.361450195, -24.2847824097, 351.124206543, -8.11925125122, 35.1411628723, -41.1085700989, -5.32040548325, 40.4715423584, -11.0060415268, -13.9468975067, -19.7387275696, 24.4144134521], [-531.234802246, 78.4117202759, 100.796470642, -8.11925125122, 277.771881104, -7.74097251892, -27.1666164398, -11.7300291061, 11.4385604858, 26.5349826813, -15.5233316422, 41.9143333435, -13.6918516159], [128.453781128, -90.7030944824, 22.0567188263, 35.1411628723, -7.74097251892, 171.144561768, 47.3103561401, 10.8127765656, 4.86526727676, -3.25584244728, 30.4311161041, -16.2742652893, -1.56676530838], [-90.249786377, 30.9491214752, 3.28132796288, -41.1085700989, -27.1666164398, 47.3103561401, 193.783569336, 41.4976921082, -17.6927185059, 31.4294567108, -6.16165208817, -14.9949712753, 0.763064026833], [35.5083847046, -24.1290340424, -24.1466712952, -5.32040548325, -11.7300291061, 10.8127765656, 41.4976921082, 163.188934326, 63.2601776123, -3.74526667595, 30.9653625488, -11.1644210815, -9.6632232666], [64.6971206665, -40.6668624878, -42.6949462891, 40.4715423584, 11.4385604858, 4.86526727676, -17.6927185059, 63.2601776123, 129.59828186, 32.3810081482, 2.52227735519, -7.12805700302, -4.83207607269], [-96.1338119507, -14.7627096176, -21.8959732056, -11.0060415268, 26.5349826813, -3.25584244728, 31.4294567108, -3.74526667595, 32.3810081482, 111.540306091, 8.29886436462, -12.2664070129, 4.7471985817], [-2.77014732361, -28.4356441498, 19.2681865692, -13.9468975067, -15.5233316422, 30.4311161041, -6.16165208817, 30.9653625488, 2.52227735519, 8.29886436462, 103.210739136, 30.4611568451, -12.9033870697], [-191.487045288, 21.7268943787, 59.1446418762, -19.7387275696, 41.9143333435, -16.2742652893, -14.9949712753, -11.1644210815, -7.12805700302, -12.2664070129, 30.4611568451, 105.177062988, 31.3416919708], [22.3234195709, -45.5785827637, -14.8088312149, 24.4144134521, -13.6918516159, -1.56676530838, 0.763064026833, -9.6632232666, -4.83207607269, 4.7471985817, -12.9033870697, 31.3416919708, 89.36668396]],
