{
"lowlevel": {
    "average_loudness": 0.803182244301,
    "barkbands_crest": {
        "dmean": 2.59350705147,
        "dmean2": 4.18067979813,
        "dvar": 5.41591072083,
        "dvar2": 12.9651031494,
        "max": 25.3775978088,
        "mean": 10.049498558,
        "median": 9.29646396637,
        "min": 2.23587417603,
        "var": 17.3109436035
    },
    "barkbands_flatness_db": {
        "dmean": 0.0217455457896,
        "dmean2": 0.0328913256526,
        "dvar": 0.000412034831243,
        "dvar2": 0.000832932884805,
        "max": 0.357889205217,
        "mean": 0.199884682894,
        "median": 0.203251749277,
        "min": 0.0171564593911,
        "var": 0.00251595512964
    },
    "barkbands_kurtosis": {
        "dmean": 2.17823052406,
        "dmean2": 3.3971786499,
        "dvar": 16.3630943298,
        "dvar2": 36.155330658,
        "max": 107.576049805,
        "mean": 3.00845432281,
        "median": 1.3036646843,
        "min": -1.93251574039,
        "var": 35.8192405701
    },
    "barkbands_skewness": {
        "dmean": 0.49936196208,
        "dmean2": 0.741869568825,
        "dvar": 0.30482673645,
        "dvar2": 0.603057801723,
        "max": 6.73565006256,
        "mean": 1.00879526138,
        "median": 0.967439472675,
        "min": -8.41633796692,
        "var": 1.24600100517
    },
    "barkbands_spread": {
        "dmean": 3.79351210594,
        "dmean2": 5.78392219543,
        "dvar": 31.0140781403,
        "dvar2": 68.6880111694,
        "max": 91.8173217773,
        "mean": 14.2516107559,
        "median": 11.656378746,
        "min": 0.572801053524,
        "var": 92.623046875
    },
    "dissonance": {
        "dmean": 0.0266318693757,
        "dmean2": 0.0442528426647,
        "dvar": 0.000685969484039,
        "dvar2": 0.00186943716835,
        "max": 0.499999940395,
        "mean": 0.447493582964,
        "median": 0.455969154835,
        "min": 0.13344283402,
        "var": 0.00158225977793
    },
    "dynamic_complexity": 3.64672803879,
    "erbbands_crest": {
        "dmean": 3.08253908157,
        "dmean2": 4.96129560471,
        "dvar": 7.43803262711,
        "dvar2": 18.1941223145,
        "max": 32.6441078186,
        "mean": 11.5680179596,
        "median": 10.4332132339,
        "min": 2.48839783669,
        "var": 26.2360401154
    },
    "erbbands_flatness_db": {
        "dmean": 0.019559873268,
        "dmean2": 0.028130473569,
        "dvar": 0.000403235753765,
        "dvar2": 0.000722740718629,
        "max": 0.409917622805,
        "mean": 0.256553262472,
        "median": 0.262425333261,
        "min": 0.0626544952393,
        "var": 0.00270026060753
    },
    "erbbands_kurtosis": {
        "dmean": 1.42920303345,
        "dmean2": 2.2220582962,
        "dvar": 7.30147790909,
        "dvar2": 15.8049564362,
        "max": 80.7497406006,
        "mean": 1.53731322289,
        "median": 0.395887374878,
        "min": -1.80333805084,
        "var": 17.0570545197
    },
    "erbbands_skewness": {
        "dmean": 0.427644938231,
        "dmean2": 0.640375196934,
        "dvar": 0.191325306892,
        "dvar2": 0.395618498325,
        "max": 6.64144706726,
        "mean": 0.506285429001,
        "median": 0.487472891808,
        "min": -5.70092344284,
        "var": 0.989326059818
    },
    "erbbands_spread": {
        "dmean": 5.58629798889,
        "dmean2": 8.46048069,
        "dvar": 47.0873146057,
        "dvar2": 100.107162476,
        "max": 110.332115173,
        "mean": 23.6319732666,
        "median": 20.8096084595,
        "min": 1.431188941,
        "var": 180.936981201
    },
    "hfc": {
        "dmean": 5.66203451157,
        "dmean2": 8.05289840698,
        "dvar": 63.0333862305,
        "dvar2": 116.39100647,
        "max": 113.721160889,
        "mean": 18.1432304382,
        "median": 14.4378995895,
        "min": 1.16700678992e-16,
        "var": 242.594268799
    },
    "melbands_crest": {
        "dmean": 3.29761457443,
        "dmean2": 5.2981004715,
        "dvar": 8.64853286743,
        "dvar2": 20.8347587585,
        "max": 33.3335494995,
        "mean": 12.7059926987,
        "median": 11.7070035934,
        "min": 1.82747960091,
        "var": 26.8330612183
    },
    "melbands_flatness_db": {
        "dmean": 0.0235395878553,
        "dmean2": 0.0345207974315,
        "dvar": 0.000553076562937,
        "dvar2": 0.00105844123755,
        "max": 0.459988027811,
        "mean": 0.227832973003,
        "median": 0.233777344227,
        "min": 0.00389263709076,
        "var": 0.00360400113277
    },
    "melbands_kurtosis": {
        "dmean": 3.3915002346,
        "dmean2": 5.30022525787,
        "dvar": 41.2296562195,
        "dvar2": 96.2388381958,
        "max": 146.499221802,
        "mean": 5.56473112106,
        "median": 3.12683820724,
        "min": -1.86340117455,
        "var": 76.7061309814
    },
    "melbands_skewness": {
        "dmean": 0.552750051022,
        "dmean2": 0.827094018459,
        "dvar": 0.37979722023,
        "dvar2": 0.81300675869,
        "max": 10.1400556564,
        "mean": 1.46406686306,
        "median": 1.34099674225,
        "min": -4.70057249069,
        "var": 1.39905011654
    },
    "melbands_spread": {
        "dmean": 6.66032838821,
        "dmean2": 10.1404495239,
        "dvar": 134.517364502,
        "dvar2": 287.224151611,
        "max": 201.180664062,
        "mean": 21.8896579742,
        "median": 17.0896224976,
        "min": 0.968660712242,
        "var": 334.361328125
    },
    "pitch_salience": {
        "dmean": 0.0677967891097,
        "dmean2": 0.109286688268,
        "dvar": 0.00365665927529,
        "dvar2": 0.00876903347671,
        "max": 0.961111545563,
        "mean": 0.598331093788,
        "median": 0.606755971909,
        "min": 0.155418381095,
        "var": 0.0154616283253
    },
    "silence_rate_20dB": {
        "dmean": 0,
        "dmean2": 0,
        "dvar": 0,
        "dvar2": 0,
        "max": 1,
        "mean": 1,
        "median": 1,
        "min": 1,
        "var": 0
    },
    "silence_rate_30dB": {
        "dmean": 0.00107971928082,
        "dmean2": 0.00215963297524,
        "dvar": 0.00107837445103,
        "dvar2": 0.00269427779131,
        "max": 1,
        "mean": 0.99883043766,
        "median": 1,
        "min": 0,
        "var": 0.00116798479576
    },
    "silence_rate_60dB": {
        "dmean": 0.0404894724488,
        "dmean2": 0.0809862315655,
        "dvar": 0.0388552248478,
        "dvar2": 0.0855670645833,
        "max": 1,
        "mean": 0.123076923192,
        "median": 0,
        "min": 0,
        "var": 0.107921138406
    },
    "spectral_centroid": {
        "dmean": 229.265594482,
        "dmean2": 338.447052002,
        "dvar": 116287.96875,
        "dvar2": 210135.78125,
        "max": 11210.1337891,
        "mean": 1243.7298584,
        "median": 1048.84155273,
        "min": 205.688919067,
        "var": 546345.0625
    },
    "spectral_complexity": {
        "dmean": 2.95195245743,
        "dmean2": 4.44866371155,
        "dvar": 10.7306499481,
        "dvar2": 20.4428462982,
        "max": 45,
        "mean": 15.7139005661,
        "median": 15,
        "min": 0,
        "var": 68.1032485962
    },
    "spectral_decrease": {
        "dmean": 1.64929181423e-09,
        "dmean2": 2.41230035947e-09,
        "dvar": 5.07850763081e-18,
        "dvar2": 1.01156587125e-17,
        "max": 1.37781642112e-28,
        "mean": -5.12146547393e-09,
        "median": -4.24696855461e-09,
        "min": -4.84649333998e-08,
        "var": 1.8751911517e-17
    },
    "spectral_energy": {
        "dmean": 0.00667415559292,
        "dmean2": 0.00974035169929,
        "dvar": 8.20751156425e-05,
        "dvar2": 0.000162262018421,
        "max": 0.190772235394,
        "mean": 0.0209753122181,
        "median": 0.01742410101,
        "min": 1.02605688458e-20,
        "var": 0.000306526490021
    },
    "spectral_energyband_high": {
        "dmean": 0.000229259370826,
        "dmean2": 0.000328674941557,
        "dvar": 5.58348915547e-07,
        "dvar2": 1.04029868453e-06,
        "max": 0.0206175576895,
        "mean": 0.00043433503015,
        "median": 0.00010603757255,
        "min": 7.61875268647e-21,
        "var": 1.30164107759e-06
    },
    "spectral_energyband_low": {
        "dmean": 0.000427507882705,
        "dmean2": 0.000697936513461,
        "dvar": 9.6157475582e-07,
        "dvar2": 2.48883543463e-06,
        "max": 0.0210484415293,
        "mean": 0.000749350176193,
        "median": 0.000287406786811,
        "min": 1.82784073118e-23,
        "var": 1.79354094598e-06
    },
    "spectral_energyband_middle_high": {
        "dmean": 0.00233118562028,
        "dmean2": 0.00338249676861,
        "dvar": 1.2310004422e-05,
        "dvar2": 2.34795716096e-05,
        "max": 0.082392193377,
        "mean": 0.00646050460637,
        "median": 0.00426766322926,
        "min": 1.27151412835e-21,
        "var": 4.89490557811e-05
    },
    "spectral_energyband_middle_low": {
        "dmean": 0.00543022388592,
        "dmean2": 0.00811492465436,
        "dvar": 6.39454519842e-05,
        "dvar2": 0.000135811118525,
        "max": 0.180024549365,
        "mean": 0.0139510361478,
        "median": 0.0101256566122,
        "min": 2.18781370789e-22,
        "var": 0.000200575508643
    },
    "spectral_entropy": {
        "dmean": 0.152244836092,
        "dmean2": 0.224321499467,
        "dvar": 0.0238739084452,
        "dvar2": 0.0464341342449,
        "max": 9.80673122406,
        "mean": 7.21206712723,
        "median": 7.23179960251,
        "min": 5.3516740799,
        "var": 0.191762655973
    },
    "spectral_flux": {
        "dmean": 0.0217223148793,
        "dmean2": 0.0346572846174,
        "dvar": 0.000591546937358,
        "dvar2": 0.00133751390968,
        "max": 0.321962445974,
        "mean": 0.0747230127454,
        "median": 0.0671915113926,
        "min": 6.54208701101e-11,
        "var": 0.00189323269296
    },
    "spectral_kurtosis": {
        "dmean": 3.39640593529,
        "dmean2": 5.92884683609,
        "dvar": 11.2665195465,
        "dvar2": 34.333366394,
        "max": 43.3474082947,
        "mean": 6.44710493088,
        "median": 4.69965648651,
        "min": -1.26833045483,
        "var": 37.7984313965
    },
    "spectral_rms": {
        "dmean": 0.000703570374753,
        "dmean2": 0.000998511444777,
        "dvar": 6.19130787527e-07,
        "dvar2": 1.08101664864e-06,
        "max": 0.0136425532401,
        "mean": 0.00409345747903,
        "median": 0.00412299949676,
        "min": 3.16390750404e-12,
        "var": 3.70737575395e-06
    },
    "spectral_rolloff": {
        "dmean": 348.259124756,
        "dmean2": 567.568847656,
        "dvar": 437813.4375,
        "dvar2": 850186.6875,
        "max": 19401.4160156,
        "mean": 1528.59741211,
        "median": 1291.9921875,
        "min": 107.666015625,
        "var": 1427480.625
    },
    "spectral_skewness": {
        "dmean": 0.366111785173,
        "dmean2": 0.605532705784,
        "dvar": 0.10814204812,
        "dvar2": 0.285756021738,
        "max": 4.97981977463,
        "mean": 1.56594729424,
        "median": 1.46905696392,
        "min": -0.959166049957,
        "var": 0.697079122066
    },
    "spectral_spread": {
        "dmean": 314851.28125,
        "dmean2": 479072.59375,
        "dvar": 239663611904,
        "dvar2": 409651642368,
        "max": 42292820,
        "mean": 2969757.5,
        "median": 2781715.75,
        "min": 1398828.75,
        "var": 1.59333600461e+12
    },
    "spectral_strongpeak": {
        "dmean": 0.735706150532,
        "dmean2": 1.17491590977,
        "dvar": 0.822031378746,
        "dvar2": 1.99073529243,
        "max": 12.0336227417,
        "mean": 1.65489113331,
        "median": 1.22931528091,
        "min": 0,
        "var": 2.24160552025
    },
    "zerocrossingrate": {
        "dmean": 0.00777783617377,
        "dmean2": 0.00872205756605,
        "dvar": 0.00015742307005,
        "dvar2": 0.000150567793753,
        "max": 0.70751953125,
        "mean": 0.0553244836628,
        "median": 0.0478515625,
        "min": 0.00634765625,
        "var": 0.00112356804311
    },
    "barkbands": {
        "dmean": [4.91850278195e-06, 0.000155689791427, 0.000208977508009, 0.000420310680056, 0.00114014709834, 0.00150124263018, 0.00107781763654, 0.00181548239198, 0.00182187836617, 0.000912560266443, 0.000511477759574, 0.000533431360964, 0.000582681328524, 0.000482312432723, 0.000347565190168, 0.000242644571699, 0.000164107012097, 7.59491813369e-05, 9.72342386376e-05, 0.000136410555569, 0.000102201316622, 7.53377753426e-05, 2.28473254538e-05, 3.30945727001e-06, 1.98834129606e-07, 6.25395557563e-08, 4.38915783718e-08],
        "dmean2": [8.347320545e-06, 0.000251721823588, 0.000354743708158, 0.000695409078617, 0.00180804310367, 0.00234459922649, 0.00166927755345, 0.00273967301473, 0.00274182879366, 0.0013777918648, 0.000781572191045, 0.000822270754725, 0.000895699602552, 0.000754191947635, 0.000542750232853, 0.000378157536034, 0.000255841878243, 0.00012295981287, 0.000155407207785, 0.000210527461604, 0.000152281587361, 0.000109959953988, 3.36601769959e-05, 4.84574047732e-06, 3.22926268836e-07, 1.07149581652e-07, 8.00793813482e-08],
        "dvar": [1.35215089125e-10, 2.49031245403e-07, 3.34725712037e-07, 1.26751137941e-06, 6.12321673543e-06, 1.02896101453e-05, 7.57274301577e-06, 1.96180244529e-05, 1.98332163563e-05, 5.01075419379e-06, 1.7252921225e-06, 1.7240371335e-06, 2.19913090405e-06, 1.8216422859e-06, 7.21000958492e-07, 4.96840812048e-07, 1.91118118664e-07, 2.90783823687e-08, 6.21487146191e-08, 1.35884050678e-07, 1.44723628637e-07, 1.15439803494e-07, 9.18793752192e-09, 2.26994076313e-10, 3.85643042023e-13, 3.61776411508e-14, 2.90876568979e-14],
        "dvar2": [3.46390138795e-10, 6.32500416486e-07, 9.35252785439e-07, 3.14016369884e-06, 1.46124521052e-05, 2.3904372938e-05, 1.74064189196e-05, 4.13985435443e-05, 4.19359421358e-05, 1.04134560388e-05, 3.79452785637e-06, 3.8046289319e-06, 5.11086545885e-06, 4.30726504419e-06, 1.614281814e-06, 1.12832401555e-06, 4.13438300484e-07, 7.73997186343e-08, 1.45418795228e-07, 3.04173170207e-07, 3.13454648904e-07, 2.30338372376e-07, 1.81453359005e-08, 4.99180474733e-10, 8.89094950007e-13, 1.03828268682e-13, 8.73948537237e-14],
        "max": [0.000313489028485, 0.0175962932408, 0.00991122797132, 0.0250659100711, 0.0570384599268, 0.148983627558, 0.0660637840629, 0.0999387577176, 0.114721886814, 0.0745764672756, 0.0320276506245, 0.0292528998107, 0.0413360148668, 0.0382434241474, 0.0220205299556, 0.019430976361, 0.0148779908195, 0.00655570672825, 0.00685070315376, 0.00717034749687, 0.0154467262328, 0.0147517407313, 0.00343488669023, 0.000889670511242, 3.12862939609e-05, 1.03434058474e-05, 9.70338805928e-06],
        "mean": [5.23321159562e-06, 0.000234716222622, 0.000286515831249, 0.000588795577642, 0.00215381593443, 0.00289255473763, 0.00161474454217, 0.00282085989602, 0.0031871648971, 0.00161974329967, 0.000835975690279, 0.000870627409313, 0.00100322568323, 0.000794650171883, 0.000561622495297, 0.000366094667697, 0.000280759762973, 0.000138072049594, 0.000167546430021, 0.000223700786592, 0.000164799435879, 0.000120966229588, 3.71024434571e-05, 5.49552942175e-06, 3.43637992728e-07, 1.18231120894e-07, 5.54245076501e-08],
        "median": [1.54462600221e-06, 3.8917089114e-05, 8.4754814452e-05, 0.000158891212777, 0.000981792458333, 0.00125658523757, 0.000525802723132, 0.000678013311699, 0.000704911304638, 0.000385944964364, 0.000201220274903, 0.000217489083298, 0.00017933367053, 0.00016616472567, 0.0001504306274, 0.000112064633868, 9.99212497845e-05, 5.80574451305e-05, 5.52347701159e-05, 5.31024052179e-05, 2.97911337839e-05, 2.00409431272e-05, 6.69665450914e-06, 1.16344574508e-06, 4.96031589137e-08, 1.73654868263e-09, 8.85331030709e-10],
        "min": [3.66710274831e-24, 5.06683347828e-24, 1.57342744889e-24, 1.18710652583e-23, 9.34012258415e-24, 1.4166346781e-23, 3.04856937653e-23, 1.35543122031e-23, 3.22110398501e-23, 4.96014153969e-23, 1.82680132805e-23, 2.94542896862e-23, 5.66710101246e-23, 6.60271718287e-23, 3.79518330929e-23, 8.81014752645e-23, 9.78398874088e-23, 9.93577125884e-23, 2.27043533879e-22, 2.10965084505e-22, 2.47700506704e-22, 4.06677284661e-22, 5.73714125855e-22, 7.03682607683e-22, 9.66712612907e-22, 1.60537955146e-21, 2.25584795013e-21],
        "var": [1.70059355487e-10, 4.60926543155e-07, 3.62288005817e-07, 1.58749162438e-06, 1.44694295159e-05, 2.88746705337e-05, 1.23451600302e-05, 4.20876567659e-05, 5.20805588167e-05, 1.28012652567e-05, 3.82927009923e-06, 3.69305303138e-06, 5.33857928531e-06, 3.78994241146e-06, 1.5181138906e-06, 8.01493627023e-07, 4.25858075914e-07, 5.67815874319e-08, 1.11853360352e-07, 2.54973656411e-07, 2.51943106377e-07, 2.29963632137e-07, 1.79778059106e-08, 4.2940631606e-10, 7.01317909996e-13, 5.36812076995e-14, 2.48862413424e-14]
    },
    "erbbands": {
        "dmean": [0.00289835827425, 0.0419158563018, 0.196114122868, 0.779277980328, 2.57133769989, 3.85421919823, 8.78538990021, 13.758769989, 13.9778690338, 23.6106777191, 41.0172195435, 45.4832267761, 31.6289386749, 19.5507144928, 22.3923168182, 21.2967700958, 25.5237598419, 25.4926071167, 19.0974311829, 14.2446088791, 11.6865606308, 7.86043977737, 4.28558397293, 3.59560322762, 6.09444713593, 6.31510305405, 4.69313001633, 3.59076929092, 2.78481197357, 1.56847989559, 0.543575584888, 0.132459133863, 0.0295374244452, 0.0040355278179, 0.00099640537519, 0.000448098988272, 9.26648426685e-05, 6.94165282766e-05, 5.16226737091e-06, 7.88233865023e-06],
        "dmean2": [0.00459136068821, 0.0682285428047, 0.328251451254, 1.29458141327, 4.19792127609, 6.08254623413, 13.5490541458, 21.6480255127, 21.5948982239, 36.622051239, 61.2250137329, 67.8190383911, 46.5624237061, 29.1549682617, 33.8661346436, 32.7430152893, 38.8602104187, 39.2668571472, 29.1103019714, 21.9361915588, 17.9139976501, 11.9599838257, 6.87632369995, 5.71707963943, 9.53874111176, 9.69811916351, 7.16670227051, 5.35118198395, 4.08300828934, 2.22573542595, 0.786580979824, 0.191796436906, 0.0426980257034, 0.00612012669444, 0.00165669096168, 0.00076952035306, 0.00015627744142, 0.000125590275275, 8.13802398625e-06, 1.14636923172e-05],
        "dvar": [0.000102584475826, 0.0173290669918, 0.305859357119, 3.31896710396, 56.3253898621, 94.8849105835, 374.354248047, 1077.7088623, 1382.76257324, 3932.48413086, 12052.6152344, 13257.5537109, 6807.18603516, 2008.12304688, 3139.5065918, 2974.05908203, 3770.11743164, 4757.75488281, 2127.05273438, 1453.54797363, 1161.9128418, 390.691375732, 102.227912903, 91.3843612671, 252.765792847, 288.57421875, 309.459014893, 165.863525391, 158.766876221, 58.2882118225, 4.07801675797, 0.332981675863, 0.0125348083675, 0.000189521815628, 4.94868345413e-06, 1.21065477288e-06, 1.00387765656e-07, 3.93122476794e-08, 5.78818160069e-10, 1.12350573289e-10],
        "dvar2": [0.000265897833742, 0.0435636565089, 0.83232152462, 8.4603729248, 142.834945679, 227.642440796, 799.530212402, 2559.51220703, 3273.28613281, 9051.21289062, 26008.2480469, 28756.3359375, 14330.0087891, 4342.41748047, 6941.44433594, 6839.37158203, 8577.53125, 11137.7080078, 4659.63720703, 3340.52416992, 2554.17578125, 803.930786133, 269.094909668, 220.583511353, 585.566589355, 638.083679199, 702.612243652, 343.839447021, 334.395690918, 99.0674514771, 7.39670228958, 0.692404329777, 0.0230759382248, 0.000373162998585, 1.26823188111e-05, 3.41343525179e-06, 2.88827123995e-07, 1.18554929429e-07, 1.70195613158e-09, 2.20567231146e-10],
        "max": [0.309846848249, 4.45933437347, 9.9497013092, 31.7887382507, 195.388259888, 309.519927979, 617.396606445, 1504.15075684, 1214.28845215, 1443.00476074, 2637.39453125, 3443.13232422, 2555.40307617, 1507.09509277, 1371.07043457, 1413.98486328, 1484.75793457, 2000.21557617, 1539.55310059, 1204.15515137, 924.424194336, 606.341125488, 442.879669189, 359.325897217, 377.077972412, 370.672119141, 742.425964355, 296.931182861, 615.754455566, 348.913787842, 58.60754776, 34.0457649231, 4.65163898468, 0.635749340057, 0.0736391991377, 0.0434207879007, 0.0179938897491, 0.0066509055905, 0.00177002896089, 0.000214235973544],
        "mean": [0.00422302773222, 0.0636287927628, 0.287364840508, 1.1879992485, 3.72366738319, 7.26942682266, 17.5175628662, 24.6348209381, 23.08644104, 36.0472602844, 67.3594512939, 80.7626419067, 58.1552505493, 36.4940414429, 40.4761123657, 38.8071517944, 47.3606033325, 44.5323410034, 32.9681472778, 26.1423816681, 19.2430114746, 14.538020134, 8.50523090363, 6.74855327606, 10.5090942383, 10.5524606705, 7.43200778961, 5.9951748848, 4.48464298248, 2.46802663803, 0.91196513176, 0.22817465663, 0.0494530275464, 0.00678838603199, 0.00193983281497, 0.000887762871571, 0.00016518382472, 9.5435694675e-05, 1.44431051012e-05, 2.52135105256e-05],
        "median": [0.000676418363582, 0.0125032933429, 0.0953693091869, 0.434960216284, 1.42796134949, 2.96870326996, 6.62570047379, 10.2333106995, 8.71245288849, 11.673579216, 17.3018341064, 20.1053104401, 17.1463928223, 10.9982862473, 11.2848081589, 11.0268573761, 10.7770614624, 11.9594602585, 10.745136261, 8.49108791351, 6.49639415741, 5.70641517639, 3.87077593803, 2.79485058784, 2.95996570587, 2.61700963974, 1.59415137768, 0.995328843594, 0.732284367085, 0.418442994356, 0.16962505877, 0.0491614677012, 0.0112818963826, 0.00258019403554, 0.000236931213294, 5.91218122281e-05, 2.38955308305e-05, 7.20160096535e-06, 1.2704665096e-05, 2.12547674892e-05],
        "min": [1.62936089773e-22, 1.16979958968e-21, 3.36288965369e-21, 3.049398097e-20, 2.26558113559e-20, 3.17257950738e-20, 7.08725570026e-20, 1.15270358395e-19, 2.85029275088e-19, 5.66608896829e-19, 4.86089223148e-19, 8.87718859658e-19, 1.49876017668e-18, 1.17608797987e-18, 6.86492389802e-19, 1.59253960728e-18, 2.81642756301e-18, 3.88922787793e-18, 3.10764497626e-18, 3.83691821677e-18, 3.83435312969e-18, 6.61229446034e-18, 7.63015302539e-18, 1.03056736798e-17, 1.17737571397e-17, 1.05287800074e-17, 1.11201860212e-17, 1.02331183595e-17, 1.46313741613e-17, 1.18772746574e-17, 1.58963450761e-17, 1.41415310374e-17, 1.11452661374e-17, 8.83993444975e-18, 8.03263512322e-18, 5.25074648668e-18, 2.94400011337e-18, 1.22556351346e-18, 2.84486877251e-19, 3.43486103128e-20],
        "var": [0.000165634744917, 0.0322389304638, 0.382141858339, 4.41087388992, 64.8253860474, 214.194854736, 1333.55273438, 2615.98193359, 2632.71289062, 6132.10693359, 26414.6503906, 33892.3085938, 17270.9257812, 5283.66552734, 7616.03320312, 7130.34326172, 10378.7119141, 9499.87109375, 4166.99511719, 4199.29052734, 2069, 974.289978027, 200.152404785, 175.891860962, 471.638824463, 550.733764648, 478.213409424, 328.18649292, 304.817321777, 121.059860229, 8.9997177124, 0.679005622864, 0.0303467754275, 0.000425720209023, 9.34531999519e-06, 2.21521077037e-06, 1.24594464523e-07, 4.71209276043e-08, 3.7219791138e-10, 4.20473350582e-10]
    },
    "gfcc": {
        "mean": [-73.2960281372, 139.240341187, -177.13571167, 20.2574443817, -75.3173828125, -12.9768924713, -24.5017318726, -24.0955047607, -6.44307041168, -14.8061265945, -7.40457868576, -12.9041776657, -5.73443078995],
        "cov": [[3685.75268555, 1001.96020508, -1181.42529297, 302.001281738, -441.959136963, -353.355255127, 428.58380127, -534.51965332, 429.316345215, -417.629486084, 224.893295288, -259.102966309, 94.786781311], [1001.96020508, 1282.12719727, -292.335998535, -137.38394165, 16.1487007141, -306.2734375, 211.81703186, -285.491149902, 195.237716675, -276.442016602, 146.588104248, -99.5014953613, 30.2527675629], [-1181.42529297, -292.335998535, 1365.22900391, -98.623085022, 138.99937439, 278.258209229, -267.787963867, 355.395263672, -258.82635498, 333.792877197, -169.444458008, 147.526138306, -102.920761108], [302.001281738, -137.38394165, -98.623085022, 894.395446777, -156.51234436, 49.8372955322, 196.691879272, -155.585754395, 255.537567139, -124.724983215, 57.4376792908, -67.5245895386, 49.0331268311], [-441.959136963, 16.1487007141, 138.99937439, -156.51234436, 414.811035156, 36.5263900757, -143.815475464, 147.347808838, -131.035552979, 115.092460632, -68.5747756958, 39.5605049133, -46.2430763245], [-353.355255127, -306.2734375, 278.258209229, 49.8372955322, 36.5263900757, 374.303375244, 19.3244857788, 131.384429932, -65.143409729, 76.9202651978, -51.6524772644, 31.1124305725, -30.4618492126], [428.58380127, 211.81703186, -267.787963867, 196.691879272, -143.815475464, 19.3244857788, 439.405853271, -130.888961792, 191.29486084, -153.820800781, 51.2230300903, -26.8424739838, -12.6868066788], [-534.51965332, -285.491149902, 355.395263672, -155.585754395, 147.347808838, 131.384429932, -130.888961792, 335.137237549, -143.132736206, 164.450378418, -82.416305542, 52.7660331726, -31.7429084778], [429.316345215, 195.237716675, -258.82635498, 255.537567139, -131.035552979, -65.143409729, 191.29486084, -143.132736206, 341.313079834, -101.035507202, 44.350151062, -74.4488220215, 29.8067321777], [-417.629486084, -276.442016602, 333.792877197, -124.724983215, 115.092460632, 76.9202651978, -153.820800781, 164.450378418, -101.035507202, 267.937805176, -62.4142074585, 52.0910110474, -41.9404220581], [224.893295288, 146.588104248, -169.444458008, 57.4376792908, -68.5747756958, -51.6524772644, 51.2230300903, -82.416305542, 44.350151062, -62.4142074585, 151.590072632, -9.88241291046, 21.4522438049], [-259.102966309, -99.5014953613, 147.526138306, -67.5245895386, 39.5605049133, 31.1124305725, -26.8424739838, 52.7660331726, -74.4488220215, 52.0910110474, -9.88241291046, 131.938751221, -6.50255870819], [94.786781311, 30.2527675629, -102.920761108, 49.0331268311, -46.2430763245, -30.4618492126, -12.6868066788, -31.7429084778, 29.8067321777, -41.9404220581, 21.4522438049, -6.50255870819, 110.803840637]],
        "icov": [[0.000610136718024, -0.000725183694158, 0.000663300510496, -0.000357996905223, 0.000819775974378, -0.000238034626818, 0.000170081490069, -0.000161836564075, 0.000270480522886, -0.000643215957098, 0.000436185800936, 9.03470063349e-05, 0.000305017078063], [-0.000725183694158, 0.00363590265624, -0.00235483096913, 0.0019097647164, -0.00301324017346, 0.00189158564899, -0.00158508820459, 0.00185577222146, -0.00165240152273, 0.00328969187103, -0.00280855386518, 0.00180793076288, -0.00145260046702], [0.000663300510496, -0.00235483096913, 0.00316849607043, -0.00155459577218, 0.00250144000165, -0.00164451904129, 0.0014974931255, -0.00176719273441, 0.00135373219382, -0.00295300222933, 0.0025232762564, -0.00195123755839, 0.00187865376938], [-0.000357996905223, 0.0019097647164, -0.00155459577218, 0.00264436122961, -0.00158684130292, 0.000514788611326, -0.00102835369762, 0.00144090864342, -0.00188649841584, 0.00203981273808, -0.00179758155718, 0.00132675853092, -0.00134959432762], [0.000819775974378, -0.00301324017346, 0.00250144000165, -0.00158684130292, 0.00599485682324, -0.00145743205212, 0.00191763765179, -0.0023793480359, 0.00179378536996, -0.00316560640931, 0.00308469566517, -0.00177221046761, 0.00240431516431], [-0.000238034626818, 0.00189158564899, -0.00164451904129, 0.000514788611326, -0.00145743205212, 0.0047699813731, -0.00187728786841, -3.31233313773e-05, -0.0001264668972, 0.001397612039, -0.00112842826638, 0.00126100610942, -0.00073398911627], [0.000170081490069, -0.00158508820459, 0.0014974931255, -0.00102835369762, 0.00191763765179, -0.00187728786841, 0.00500128651038, -0.000926185050048, -0.0010446755914, 0.000194741252926, 0.00123429740779, -0.00224690558389, 0.0027087284252], [-0.000161836564075, 0.00185577222146, -0.00176719273441, 0.00144090864342, -0.0023793480359, -3.31233313773e-05, -0.000926185050048, 0.00688527710736, -0.000273847661447, 6.25424072496e-05, -0.000709855637979, 0.00126929196995, -0.00147374975495], [0.000270480522886, -0.00165240152273, 0.00135373219382, -0.00188649841584, 0.00179378536996, -0.0001264668972, -0.0010446755914, -0.000273847661447, 0.00638071401045, -0.00241212174296, 0.00160213827621, 0.000864582834765, -6.10978022451e-05], [-0.000643215957098, 0.00328969187103, -0.00295300222933, 0.00203981273808, -0.00316560640931, 0.001397612039, 0.000194741252926, 6.25424072496e-05, -0.00241212174296, 0.0102235432714, -0.00234906072728, 0.000630309921689, 0.000120151824376], [0.000436185800936, -0.00280855386518, 0.0025232762564, -0.00179758155718, 0.00308469566517, -0.00112842826638, 0.00123429740779, -0.000709855637979, 0.00160213827621, -0.00234906072728, 0.0106487078592, -0.00245212065056, 0.000922349165194], [9.03470063349e-05, 0.00180793076288, -0.00195123755839, 0.00132675853092, -0.00177221046761, 0.00126100610942, -0.00224690558389, 0.00126929196995, 0.000864582834765, 0.000630309921689, -0.00245212065056, 0.0112011004239, -0.00211894395761], [0.000305017078063, -0.00145260046702, 0.00187865376938, -0.00134959432762, 0.00240431516431, -0.00073398911627, 0.0027087284252, -0.00147374975495, -6.10978022451e-05, 0.000120151824376, 0.000922349165194, -0.00211894395761, 0.011951431632]]
    },
    "melbands": {
        "dmean": [3.4734588553e-05, 8.33196827443e-05, 0.000187122088391, 0.000214639425394, 0.000279957632301, 0.000300221494399, 0.000212741986616, 0.000281357788481, 0.000348159868736, 0.000277671177173, 0.000157269983902, 8.53325036587e-05, 7.21285687177e-05, 6.15462486167e-05, 5.34175051143e-05, 5.99932027399e-05, 5.00138303323e-05, 3.36691955454e-05, 2.41269917751e-05, 1.73905882548e-05, 1.45466920003e-05, 9.92501190922e-06, 5.55986798645e-06, 3.26038275489e-06, 3.07951563627e-06, 3.9692131395e-06, 5.25631094206e-06, 4.23258825322e-06, 3.17148237627e-06, 2.78719198832e-06, 1.98385487238e-06, 1.76127844043e-06, 1.32781838147e-06, 7.21016988336e-07, 3.69061922356e-07, 1.42037237083e-07, 6.20548945562e-08, 2.49366767235e-08, 8.03124411419e-09, 1.96644300843e-09],
        "dmean2": [5.57917264814e-05, 0.000137211856782, 0.000308157992549, 0.000344358908478, 0.000433587265434, 0.000470557482913, 0.000327352812747, 0.00043309290777, 0.000520948204212, 0.000412242137827, 0.000232895690715, 0.000127623396111, 0.000109196793346, 9.34581985348e-05, 8.2248407125e-05, 9.29012603592e-05, 7.7964286902e-05, 5.1848925068e-05, 3.72866998077e-05, 2.75678885373e-05, 2.2349129722e-05, 1.51276499309e-05, 8.95315952221e-06, 5.32077001481e-06, 4.94667347084e-06, 6.36132199361e-06, 8.21544108476e-06, 6.57959617456e-06, 4.9516593208e-06, 4.2785882215e-06, 3.03181855088e-06, 2.6206369057e-06, 1.93493269762e-06, 1.06208835859e-06, 5.47072374957e-07, 2.04513469271e-07, 9.2854520517e-08, 3.72267585647e-08, 1.24604486729e-08, 3.21395643432e-09],
        "dvar": [1.34586581879e-08, 5.32013473276e-08, 2.55091663348e-07, 2.52172327464e-07, 3.62866501291e-07, 4.70999225399e-07, 2.88722475261e-07, 4.9519417189e-07, 8.49618231769e-07, 4.98005988447e-07, 1.74601922254e-07, 3.96983672601e-08, 3.31683764898e-08, 2.15394138081e-08, 1.7163317878e-08, 2.51510812177e-08, 2.03052437087e-08, 7.46320161227e-09, 3.82758580386e-09, 2.74172551329e-09, 1.94391924779e-09, 7.57470974833e-10, 1.66822181069e-10, 6.32310800941e-11, 7.5099579333e-11, 1.1989699511e-10, 2.13557324602e-10, 1.37633807129e-10, 1.25428750719e-10, 1.44429496141e-10, 4.93397718515e-11, 6.33354896307e-11, 4.39002063868e-11, 1.21496337296e-11, 1.88678066226e-12, 2.98010233027e-13, 9.34312712917e-14, 9.02572812902e-15, 1.02543894413e-15, 3.83218087068e-17],
        "dvar2": [3.48384148197e-08, 1.40036959806e-07, 6.36447452962e-07, 6.2883185592e-07, 7.88243426086e-07, 1.10617952487e-06, 6.66981065933e-07, 1.10835571832e-06, 1.84463931419e-06, 1.06443292225e-06, 3.6470802911e-07, 8.6478138428e-08, 7.25459088358e-08, 4.69139607162e-08, 3.74343009923e-08, 5.94371236673e-08, 4.85383111481e-08, 1.61900572948e-08, 8.3908977544e-09, 6.49903952876e-09, 4.32940350237e-09, 1.57847046545e-09, 4.27318763707e-10, 1.67583974475e-10, 1.82364470747e-10, 2.85145990153e-10, 4.87545337435e-10, 3.07073227956e-10, 2.81455830864e-10, 3.36657673961e-10, 1.07019976214e-10, 1.4630013867e-10, 8.12094766434e-11, 2.18557082154e-11, 3.71590432036e-12, 5.48999268355e-13, 2.24894904674e-13, 1.78696152249e-14, 2.29122496936e-15, 8.33613033694e-17],
        "max": [0.00408235564828, 0.00465061375871, 0.0124145261943, 0.014903396368, 0.0181663762778, 0.033890735358, 0.016556026414, 0.0168960373849, 0.0206353701651, 0.0217955131084, 0.0131222344935, 0.00618170434609, 0.00410522939637, 0.00369049492292, 0.00294447224587, 0.00441004429013, 0.00449523888528, 0.00268635386601, 0.00124367501121, 0.00177125749178, 0.00120733946096, 0.000872704840731, 0.000434642366599, 0.000367689732229, 0.000334703247063, 0.00029687982169, 0.000327380752424, 0.000247920572292, 0.000350329733919, 0.000548712967429, 0.00017412348825, 0.0004199797404, 0.000308956368826, 0.000126151819131, 3.83118349419e-05, 2.49900622293e-05, 1.78472128027e-05, 3.57278372576e-06, 1.57283659519e-06, 2.4556476319e-07],
        "mean": [5.22745540366e-05, 0.000129084291984, 0.00028054980794, 0.000373655551812, 0.000572926655877, 0.000551639182959, 0.000345646170899, 0.000428325496614, 0.000572771532461, 0.000482439383632, 0.00027869315818, 0.000147014026879, 0.00012447910558, 0.000104611928691, 9.42523329286e-05, 0.000103279257019, 8.21493813419e-05, 5.44448776054e-05, 3.96465547965e-05, 2.93669490929e-05, 2.19115918298e-05, 1.67196776601e-05, 9.91169054032e-06, 5.87602198721e-06, 5.21852416568e-06, 6.50997026241e-06, 8.63399054651e-06, 6.59734041619e-06, 4.67479276267e-06, 4.19639218308e-06, 3.19073137689e-06, 2.68692929239e-06, 1.99182613869e-06, 1.09589313979e-06, 5.87790111695e-07, 2.30013711189e-07, 9.87963133525e-08, 3.86205307734e-08, 1.13359694964e-08, 3.02655944751e-09],
        "median": [8.5509263954e-06, 3.83628866985e-05, 0.000107745312562, 0.00016914193111, 0.000231541227549, 0.000237533909967, 0.000123985912069, 0.000124592872453, 0.000131954089738, 0.000107059284346, 6.87294523232e-05, 3.58532088285e-05, 3.17496596836e-05, 2.83773570118e-05, 2.11299666262e-05, 1.85512708413e-05, 1.81155101018e-05, 1.57410777319e-05, 1.06843763206e-05, 8.88677368494e-06, 6.18430112809e-06, 5.60024363949e-06, 3.96571113015e-06, 2.38720485868e-06, 1.90845366888e-06, 1.82723385933e-06, 1.84759983313e-06, 1.48586070736e-06, 9.12891835014e-07, 6.82442646394e-07, 4.52899683978e-07, 4.0793571543e-07, 3.0706638654e-07, 1.75691013737e-07, 9.93372992752e-08, 4.58201228071e-08, 2.01385805809e-08, 8.01289345986e-09, 3.10360115385e-09, 1.75796141533e-10],
        "min": [2.00536074336e-24, 1.6456779373e-24, 5.70836908743e-24, 1.75464575933e-24, 2.44993928094e-24, 3.23626656214e-24, 4.77376179123e-24, 5.06943238053e-24, 4.3789968616e-24, 5.28422539996e-24, 6.74054191152e-24, 5.56053063733e-24, 2.44891869214e-24, 2.86266913718e-24, 5.40406559881e-24, 6.82143091988e-24, 6.93260272067e-24, 5.7914381129e-24, 3.17124016608e-24, 5.77555045427e-24, 3.93716888479e-24, 5.15659796069e-24, 7.61103572093e-24, 4.79016142059e-24, 8.44085822866e-24, 7.57836504654e-24, 8.05944634757e-24, 6.45577101334e-24, 6.80866951702e-24, 4.27227029201e-24, 6.04823679224e-24, 8.45848059242e-24, 6.11413626011e-24, 7.09265786517e-24, 9.21074466253e-24, 8.54086212561e-24, 8.5908680184e-24, 8.54856061919e-24, 6.25402378114e-24, 7.77390552115e-24],
        "var": [2.35642989566e-08, 8.08947859809e-08, 3.04191956957e-07, 4.69661699753e-07, 1.25822487007e-06, 1.20875859011e-06, 5.59513239295e-07, 8.52991036027e-07, 1.86030240457e-06, 1.24572432014e-06, 4.41328921852e-07, 9.86201058595e-08, 7.90098582115e-08, 4.52327952871e-08, 4.11560563407e-08, 5.94419837796e-08, 3.9711757438e-08, 1.40083109557e-08, 8.63385718475e-09, 5.61763346951e-09, 3.35190608602e-09, 1.7453656298e-09, 3.25142052171e-10, 1.24217372499e-10, 1.35405950341e-10, 1.99619668018e-10, 4.15654843877e-10, 2.42562858688e-10, 1.95828672722e-10, 2.12905998387e-10, 9.1091148513e-11, 1.0726459998e-10, 8.59663729091e-11, 2.37563354405e-11, 3.78261267794e-12, 6.63876072171e-13, 1.52655381283e-13, 1.9632439866e-14, 1.85349041243e-15, 7.13205579706e-17]
    },
    "mfcc": {
        "mean": [-692.297058105, 153.170791626, -41.437171936, 19.8925476074, -30.5375823975, 6.33430337906, -21.7042102814, -4.20506668091, -11.8438777924, 1.27562189102, -8.55924892426, -3.55820965767, -5.92392539978],
        "cov": [[4262.36816406, 244.964569092, -851.251037598, 474.309936523, -914.991638184, 278.980895996, -435.6456604, 212.778900146, -203.967468262, 136.868942261, -169.706039429, 56.0461540222, -93.2717590332], [244.964569092, 1345.79748535, -143.967590332, -237.115890503, 62.1310920715, -237.655792236, 35.1071586609, -86.9007568359, -61.9088096619, -103.671699524, 21.9863567352, -57.8765449524, 28.1737976074], [-851.251037598, -143.967590332, 965.090454102, 56.374332428, 109.821563721, 98.4355545044, 61.3315734863, 19.3562698364, 87.294380188, -5.7272233963, 64.82006073, 79.8096694946, 25.6886901855], [474.309936523, -237.115890503, 56.374332428, 495.332855225, -53.8209648132, 118.092338562, -96.0630264282, 47.0319099426, 18.3555641174, 58.1120758057, -46.1561393738, 26.4665222168, 49.5646476746], [-914.991638184, 62.1310920715, 109.821563721, -53.8209648132, 541.692504883, -107.072319031, 96.207901001, -115.843238831, 45.3953056335, -10.6909503937, 23.2005290985, -28.9324531555, 23.041759491], [278.980895996, -237.655792236, 98.4355545044, 118.092338562, -107.072319031, 321.973419189, -14.8522567749, 98.0571136475, 43.779045105, 42.0750350952, 37.1124038696, 24.6742897034, -42.231628418], [-435.6456604, 35.1071586609, 61.3315734863, -96.0630264282, 96.207901001, -14.8522567749, 259.481964111, 41.2279205322, 8.22251033783, -43.12707901, 41.8538246155, 5.53489875793, 3.41332197189], [212.778900146, -86.9007568359, 19.3562698364, 47.0319099426, -115.843238831, 98.0571136475, 41.2279205322, 222.183761597, 42.7461090088, 9.40291595459, 11.3939313889, 19.5543861389, -10.4320211411], [-203.967468262, -61.9088096619, 87.294380188, 18.3555641174, 45.3953056335, 43.779045105, 8.22251033783, 42.7461090088, 169.855819702, 53.588104248, 25.0828495026, 6.59997224808, 1.54755985737], [136.868942261, -103.671699524, -5.7272233963, 58.1120758057, -10.6909503937, 42.0750350952, -43.12707901, 9.40291595459, 53.588104248, 163.89616394, 22.1780757904, 14.1857271194, 2.882635355], [-169.706039429, 21.9863567352, 64.82006073, -46.1561393738, 23.2005290985, 37.1124038696, 41.8538246155, 11.3939313889, 25.0828495026, 22.1780757904, 137.101531982, 25.8868045807, -6.96539545059], [56.0461540222, -57.8765449524, 79.8096694946, 26.4665222168, -28.9324531555, 24.6742897034, 5.53489875793, 19.5543861389, 6.59997224808, 14.1857271194, 25.8868045807, 118.840492249, 32.6841888428], [-93.2717590332, 28.1737976074, 25.6886901855, 49.5646476746, 23.041759491, -42.231628418, 3.41332197189, -10.4320211411, 1.54755985737, 2.882635355, -6.96539545059, 32.6841888428, 130.598983765]],
