{
"lowlevel": {
    "average_loudness": 0.960343599319,
    "barkbands_crest": {
        "dmean": 2.72701978683,
        "dmean2": 4.47896146774,
        "dvar": 6.12827825546,
        "dvar2": 15.0958757401,
        "max": 23.8409061432,
        "mean": 8.5934305191,
        "median": 7.79224872589,
        "min": 2.2476143837,
        "var": 15.3264760971
    },
    "barkbands_flatness_db": {
        "dmean": 0.0173913314939,
        "dmean2": 0.0277697648853,
        "dvar": 0.000235703788348,
        "dvar2": 0.00055490352679,
        "max": 0.327808588743,
        "mean": 0.123745754361,
        "median": 0.118916407228,
        "min": 0.0242834500968,
        "var": 0.00103485304862
    },
    "barkbands_kurtosis": {
        "dmean": 1.11286067963,
        "dmean2": 1.75444686413,
        "dvar": 4.00561666489,
        "dvar2": 9.04569339752,
        "max": 64.6377716064,
        "mean": 0.407454371452,
        "median": -0.448105454445,
        "min": -1.86692237854,
        "var": 9.09205150604
    },
    "barkbands_skewness": {
        "dmean": 0.434041202068,
        "dmean2": 0.669618189335,
        "dvar": 0.17922347784,
        "dvar2": 0.420687496662,
        "max": 7.27922010422,
        "mean": 0.554655253887,
        "median": 0.445351362228,
        "min": -2.43119645119,
        "var": 0.808417797089
    },
    "barkbands_spread": {
        "dmean": 5.74625730515,
        "dmean2": 8.89229774475,
        "dvar": 29.6718425751,
        "dvar2": 69.4059677124,
        "max": 74.1255722046,
        "mean": 28.9907093048,
        "median": 28.8203659058,
        "min": 1.58655440807,
        "var": 127.990982056
    },
    "dissonance": {
        "dmean": 0.0140267144889,
        "dmean2": 0.0237652715296,
        "dvar": 0.000207068791497,
        "dvar2": 0.000557595689315,
        "max": 0.500000119209,
        "mean": 0.475242555141,
        "median": 0.480646669865,
        "min": 0.335734516382,
        "var": 0.000385309569538
    },
    "dynamic_complexity": 1.75387990475,
    "erbbands_crest": {
        "dmean": 2.74650788307,
        "dmean2": 4.42163610458,
        "dvar": 6.94247102737,
        "dvar2": 16.5488777161,
        "max": 30.2553424835,
        "mean": 9.0315694809,
        "median": 7.77341175079,
        "min": 2.47643375397,
        "var": 22.3208332062
    },
    "erbbands_flatness_db": {
        "dmean": 0.0149773666635,
        "dmean2": 0.0215389262885,
        "dvar": 0.000198352441657,
        "dvar2": 0.000365594489267,
        "max": 0.329639434814,
        "mean": 0.185122266412,
        "median": 0.179600939155,
        "min": 0.086558714509,
        "var": 0.00137079949491
    },
    "erbbands_kurtosis": {
        "dmean": 0.845689594746,
        "dmean2": 1.35433220863,
        "dvar": 1.24806439877,
        "dvar2": 2.9497859478,
        "max": 25.1419906616,
        "mean": 0.23397962749,
        "median": -0.266149401665,
        "min": -1.82761085033,
        "var": 3.06017208099
    },
    "erbbands_skewness": {
        "dmean": 0.35098618269,
        "dmean2": 0.54276573658,
        "dvar": 0.104871921241,
        "dvar2": 0.235743567348,
        "max": 4.5702881813,
        "mean": -0.144136145711,
        "median": -0.180759072304,
        "min": -3.10515928268,
        "var": 0.612280786037
    },
    "erbbands_spread": {
        "dmean": 7.40376520157,
        "dmean2": 11.2353487015,
        "dvar": 53.5690193176,
        "dvar2": 115.941497803,
        "max": 127.447525024,
        "mean": 35.9082221985,
        "median": 33.2040557861,
        "min": 4.10086011887,
        "var": 280.79876709
    },
    "hfc": {
        "dmean": 7.78289699554,
        "dmean2": 12.0802640915,
        "dvar": 81.8924865723,
        "dvar2": 192.512176514,
        "max": 123.788146973,
        "mean": 27.8526153564,
        "median": 26.0543022156,
        "min": 1.14265631322e-16,
        "var": 261.759674072
    },
    "melbands_crest": {
        "dmean": 3.7020046711,
        "dmean2": 6.09492874146,
        "dvar": 11.0413761139,
        "dvar2": 27.7863025665,
        "max": 31.2500972748,
        "mean": 11.8459558487,
        "median": 10.9495916367,
        "min": 1.02565407753,
        "var": 23.9157657623
    },
    "melbands_flatness_db": {
        "dmean": 0.0224688258022,
        "dmean2": 0.0347517430782,
        "dvar": 0.00044476945186,
        "dvar2": 0.00104544835631,
        "max": 0.387927502394,
        "mean": 0.135349616408,
        "median": 0.129945665598,
        "min": 1.40531310535e-05,
        "var": 0.00206769444048
    },
    "melbands_kurtosis": {
        "dmean": 3.07607889175,
        "dmean2": 4.78821229935,
        "dvar": 28.0563316345,
        "dvar2": 65.8937530518,
        "max": 149.895523071,
        "mean": 4.48197126389,
        "median": 1.70877814293,
        "min": -1.77211916447,
        "var": 68.3416213989
    },
    "melbands_skewness": {
        "dmean": 0.572593212128,
        "dmean2": 0.870627641678,
        "dvar": 0.320434004068,
        "dvar2": 0.731832206249,
        "max": 10.3982048035,
        "mean": 1.56888389587,
        "median": 1.3154129982,
        "min": -1.36371052265,
        "var": 1.56657266617
    },
    "melbands_spread": {
        "dmean": 10.4337177277,
        "dmean2": 16.5070362091,
        "dvar": 119.087173462,
        "dvar2": 290.917297363,
        "max": 156.661880493,
        "mean": 41.4494895935,
        "median": 39.467048645,
        "min": 1.44365334511,
        "var": 382.126800537
    },
    "pitch_salience": {
        "dmean": 0.0713452622294,
        "dmean2": 0.115655049682,
        "dvar": 0.00381539878435,
        "dvar2": 0.00991427153349,
        "max": 0.992177426815,
        "mean": 0.582355260849,
        "median": 0.585042655468,
        "min": 0.143833503127,
        "var": 0.0104213487357
    },
    "silence_rate_20dB": {
        "dmean": 0,
        "dmean2": 0,
        "dvar": 0,
        "dvar2": 0,
        "max": 1,
        "mean": 1,
        "median": 1,
        "min": 1,
        "var": 0
    },
    "silence_rate_30dB": {
        "dmean": 0,
        "dmean2": 0,
        "dvar": 0,
        "dvar2": 0,
        "max": 1,
        "mean": 1,
        "median": 1,
        "min": 1,
        "var": 0
    },
    "silence_rate_60dB": {
        "dmean": 0.0107238609344,
        "dmean2": 0.0213227774948,
        "dvar": 0.0106083126739,
        "dvar2": 0.026233099401,
        "max": 1,
        "mean": 0.0148072503507,
        "median": 0,
        "min": 0,
        "var": 0.014589516446
    },
    "spectral_centroid": {
        "dmean": 298.973510742,
        "dmean2": 479.391571045,
        "dvar": 100508.992188,
        "dvar2": 253955.4375,
        "max": 10406.2998047,
        "mean": 2066.86499023,
        "median": 2120.55029297,
        "min": 327.947692871,
        "var": 348218.84375
    },
    "spectral_complexity": {
        "dmean": 4.74122285843,
        "dmean2": 7.51174688339,
        "dvar": 25.3576107025,
        "dvar2": 55.4312286377,
        "max": 57,
        "mean": 25.076461792,
        "median": 24,
        "min": 0,
        "var": 91.7830429077
    },
    "spectral_decrease": {
        "dmean": 1.41150147126e-09,
        "dmean2": 2.14478634852e-09,
        "dvar": 1.91511088806e-18,
        "dvar2": 4.26162086739e-18,
        "max": 2.1797255318e-29,
        "mean": -4.87066786903e-09,
        "median": -4.82726569828e-09,
        "min": -1.76387899842e-08,
        "var": 5.41931927807e-18
    },
    "spectral_energy": {
        "dmean": 0.00583844538778,
        "dmean2": 0.00888456683606,
        "dvar": 3.20923609252e-05,
        "dvar2": 7.05319689587e-05,
        "max": 0.0746659934521,
        "mean": 0.0209093317389,
        "median": 0.020970068872,
        "min": 1.0667738001e-20,
        "var": 9.57071752055e-05
    },
    "spectral_energyband_high": {
        "dmean": 0.000581232772674,
        "dmean2": 0.000954000686761,
        "dvar": 7.72233192947e-07,
        "dvar2": 1.9803919713e-06,
        "max": 0.0160075705498,
        "mean": 0.00143882422708,
        "median": 0.00112414942123,
        "min": 7.73682060201e-21,
        "var": 1.53319251694e-06
    },
    "spectral_energyband_low": {
        "dmean": 0.00166918616742,
        "dmean2": 0.00254214787856,
        "dvar": 9.43894519878e-06,
        "dvar2": 2.26146239584e-05,
        "max": 0.0459169335663,
        "mean": 0.00265245931223,
        "median": 0.00127559783868,
        "min": 3.84179489137e-23,
        "var": 1.38274217534e-05
    },
    "spectral_energyband_middle_high": {
        "dmean": 0.00295260734856,
        "dmean2": 0.00446259928867,
        "dvar": 1.26158520288e-05,
        "dvar2": 2.75585298368e-05,
        "max": 0.0701722428203,
        "mean": 0.00923619419336,
        "median": 0.00737663917243,
        "min": 1.55085833245e-21,
        "var": 5.37735177204e-05
    },
    "spectral_energyband_middle_low": {
        "dmean": 0.00340146198869,
        "dmean2": 0.00531597109511,
        "dvar": 1.72359086719e-05,
        "dvar2": 3.97230833187e-05,
        "max": 0.0519950725138,
        "mean": 0.0080956555903,
        "median": 0.0064139245078,
        "min": 3.88926551142e-22,
        "var": 4.1537645302e-05
    },
    "spectral_entropy": {
        "dmean": 0.120116151869,
        "dmean2": 0.182472363114,
        "dvar": 0.0150980148464,
        "dvar2": 0.0309018269181,
        "max": 9.80876350403,
        "mean": 7.7307062149,
        "median": 7.77822780609,
        "min": 6.10558509827,
        "var": 0.0793377235532
    },
    "spectral_flux": {
        "dmean": 0.0222310591489,
        "dmean2": 0.0351243130863,
        "dvar": 0.000421400123741,
        "dvar2": 0.0010201826226,
        "max": 0.226723790169,
        "mean": 0.0906768217683,
        "median": 0.0870274156332,
        "min": 6.74413511148e-11,
        "var": 0.00109337642789
    },
    "spectral_kurtosis": {
        "dmean": 1.21355509758,
        "dmean2": 2.08770704269,
        "dvar": 1.4692363739,
        "dvar2": 4.29087495804,
        "max": 15.5335597992,
        "mean": 2.81338191032,
        "median": 2.45307207108,
        "min": -1.18395149708,
        "var": 3.20759892464
    },
    "spectral_rms": {
        "dmean": 0.000636531447526,
        "dmean2": 0.000952296250034,
        "dvar": 3.38407318168e-07,
        "dvar2": 6.87218573603e-07,
        "max": 0.00853492040187,
        "mean": 0.00436991918832,
        "median": 0.00452311895788,
        "min": 3.22607327137e-12,
        "var": 1.30318915126e-06
    },
    "spectral_rolloff": {
        "dmean": 613.406982422,
        "dmean2": 1015.71600342,
        "dvar": 544605.625,
        "dvar2": 1304265.75,
        "max": 18992.2851562,
        "mean": 2555.99511719,
        "median": 2562.45117188,
        "min": 129.19921875,
        "var": 1423174.125
    },
    "spectral_skewness": {
        "dmean": 0.185953125358,
        "dmean2": 0.312441200018,
        "dvar": 0.0324698537588,
        "dvar2": 0.0875060334802,
        "max": 2.75537085533,
        "mean": 1.00832426548,
        "median": 0.989515542984,
        "min": -0.053960558027,
        "var": 0.103796817362
    },
    "spectral_spread": {
        "dmean": 319012.03125,
        "dmean2": 486008.15625,
        "dvar": 247853072384,
        "dvar2": 446197563392,
        "max": 41644724,
        "mean": 3815191,
        "median": 3761140,
        "min": 1896524.125,
        "var": 903647592448
    },
    "spectral_strongpeak": {
        "dmean": 0.950999736786,
        "dmean2": 1.56588327885,
        "dvar": 1.67259669304,
        "dvar2": 3.98868298531,
        "max": 17.8745346069,
        "mean": 1.64584374428,
        "median": 0.881214618683,
        "min": 0,
        "var": 3.61352849007
    },
    "zerocrossingrate": {
        "dmean": 0.00894714798778,
        "dmean2": 0.0109622627497,
        "dvar": 7.60037437431e-05,
        "dvar2": 0.000105972205347,
        "max": 0.53955078125,
        "mean": 0.0847344994545,
        "median": 0.08447265625,
        "min": 0.01123046875,
        "var": 0.000683264108375
    },
    "barkbands": {
        "dmean": [6.50811780361e-05, 0.000957250129431, 0.000798064167611, 0.000459029775811, 0.00196471507661, 0.00102577579673, 0.000476578978123, 0.000354929623427, 0.000755582295824, 0.00080644339323, 0.000718250870705, 0.000491943908855, 0.000535694183782, 0.000466520898044, 0.00053274288075, 0.000532945268787, 0.000646645436063, 0.000427264516475, 0.000372672628146, 0.000318979757139, 0.000267425348284, 0.000151432948769, 7.72014755057e-05, 3.15815086651e-05, 1.09462698674e-05, 1.63976665135e-06, 1.25428534226e-09],
        "dmean2": [0.000115294635179, 0.00156934803817, 0.00126722140703, 0.000737026974093, 0.00316781620495, 0.00164999777917, 0.000764639233239, 0.000556330371182, 0.00120545458049, 0.00125392002519, 0.00107976538129, 0.000762486073654, 0.000828636169899, 0.000727256701794, 0.00085439014947, 0.000858629064169, 0.00101010291837, 0.00069454498589, 0.000605842564255, 0.00052957382286, 0.000452695181593, 0.00025483884383, 0.000123283622088, 4.97615619679e-05, 1.66035715665e-05, 2.65257335741e-06, 2.17007056769e-09],
        "dvar": [6.05574790313e-09, 4.31325088357e-06, 2.47400589615e-06, 5.01063993852e-07, 1.13350188258e-05, 3.62259061149e-06, 1.42431076711e-06, 7.91157219737e-07, 2.31672129303e-06, 3.27844509229e-06, 3.70361340174e-06, 1.63810739195e-06, 1.72258182829e-06, 1.12958844056e-06, 1.36658218253e-06, 1.85059741398e-06, 2.47532761932e-06, 7.17369800896e-07, 3.06459128296e-07, 1.89438139842e-07, 1.78669452566e-07, 8.02007704692e-08, 2.48278091419e-08, 3.69908925713e-09, 7.35810856689e-10, 1.19512273342e-11, 6.80379744278e-16],
        "dvar2": [1.66631028975e-08, 1.11837671284e-05, 6.22642801318e-06, 1.23262202578e-06, 2.70514356089e-05, 8.44625810714e-06, 3.50311870534e-06, 1.73629416622e-06, 5.36546122021e-06, 7.69046710047e-06, 7.47060994399e-06, 3.56628243026e-06, 3.73948955712e-06, 2.50898074228e-06, 3.14129715662e-06, 4.51008281743e-06, 5.39822121937e-06, 1.81379823516e-06, 7.75699732003e-07, 4.99951511301e-07, 4.74220485103e-07, 2.14183401681e-07, 5.99069593932e-08, 8.82146089509e-09, 1.58460178312e-09, 2.75305091224e-11, 1.68780134471e-15],
        "max": [0.00177636614535, 0.0264372006059, 0.0195248741657, 0.0129294879735, 0.042111273855, 0.0379980392754, 0.0333241969347, 0.0289605371654, 0.032014362514, 0.034712433815, 0.0633195638657, 0.0510141775012, 0.0335242450237, 0.0224336273968, 0.0269401147962, 0.0263377446681, 0.0386770516634, 0.0231005363166, 0.0101725878194, 0.00897665508091, 0.00786992628127, 0.00499180192128, 0.00576945999637, 0.00114019564353, 0.00137217552401, 0.000104740269308, 1.64358448274e-06],
        "mean": [7.02849065419e-05, 0.00115964491852, 0.00110043038148, 0.000716106616892, 0.00287200044841, 0.00169404677581, 0.000708204286639, 0.000548128096852, 0.0012376725208, 0.00129499740433, 0.00123431987595, 0.000871671712957, 0.000824007031042, 0.000713688030373, 0.000802532478701, 0.000776285072789, 0.00111297296826, 0.000762517098337, 0.00070906127803, 0.000647076230962, 0.000495139393024, 0.000310293195071, 0.000156117821462, 6.50898145977e-05, 2.43401536864e-05, 2.69695055977e-06, 8.94293195053e-10],
        "median": [4.67672361992e-05, 0.000322639738442, 0.000413247762481, 0.000338340993039, 0.00148962670937, 0.000692798988894, 0.00026859017089, 0.000203586037969, 0.000433843932115, 0.000302679545712, 0.000241698595346, 0.000239081942709, 0.000265009439318, 0.000249950622674, 0.00032611421193, 0.000302527972963, 0.000390018685721, 0.000443849945441, 0.00049439095892, 0.000462868367322, 0.000333428004524, 0.000183915428352, 0.000103655082057, 4.26683618571e-05, 1.56864261953e-05, 1.36285916597e-06, 2.99547053828e-10],
        "min": [2.36660677592e-24, 1.55383257788e-23, 1.82819287869e-23, 3.07456092341e-24, 2.86990216338e-23, 1.0357156773e-22, 3.62049100846e-23, 3.06557532438e-23, 4.37612130582e-23, 6.58447430112e-23, 4.45321668209e-23, 8.8280376296e-23, 5.84358181873e-23, 1.1700041634e-22, 9.87211144597e-23, 1.48686851066e-22, 2.05058321239e-22, 1.29389091892e-22, 2.20688596645e-22, 2.80165654429e-22, 3.09926637458e-22, 5.16051953024e-22, 6.72727857224e-22, 8.77689117017e-22, 1.11395621455e-21, 1.59603085553e-21, 2.14007780339e-21],
        "var": [6.92922830225e-09, 5.06399783262e-06, 3.18340630656e-06, 9.48153228819e-07, 1.5926805645e-05, 8.8855786089e-06, 2.33613127421e-06, 1.68345218299e-06, 5.37250889465e-06, 7.37514164939e-06, 1.05857589006e-05, 5.85045245316e-06, 3.23792914969e-06, 2.28335511565e-06, 2.29567444876e-06, 2.58379191109e-06, 5.64128276892e-06, 1.22099027067e-06, 5.80313269438e-07, 4.16737094611e-07, 2.83505784182e-07, 1.38631719437e-07, 4.00672028888e-08, 6.20316953359e-09, 1.1717956605e-09, 1.94997629155e-11, 3.45537191135e-16]
    },
    "erbbands": {
        "dmean": [0.0197791233659, 0.247849881649, 0.892314612865, 1.13867878914, 4.25654649734, 7.62739658356, 6.43855857849, 9.10362625122, 7.28055763245, 6.07367086411, 8.4563035965, 16.435968399, 22.700170517, 26.1348381042, 22.6855602264, 18.3966789246, 22.395116806, 19.9180908203, 23.2328586578, 24.1576766968, 30.6462078094, 34.8127861023, 21.8333568573, 22.2141685486, 14.1571063995, 14.4944553375, 13.5810451508, 7.79950809479, 5.71306705475, 3.9897005558, 1.87761211395, 0.802281975746, 0.494851589203, 0.139671698213, 0.071815431118, 0.0168377421796, 0.00040610160795, 1.82799922186e-05, 5.00858413943e-06, 7.44958015275e-06],
        "dmean2": [0.0299763120711, 0.408753186464, 1.4174246788, 1.7810639143, 6.82452058792, 12.4344377518, 10.4973144531, 14.6320180893, 11.5602426529, 9.67836380005, 13.2706365585, 26.1309108734, 34.8057899475, 39.3980636597, 33.2789649963, 27.9155807495, 34.055519104, 30.5570354462, 36.4753494263, 38.0436630249, 48.6543617249, 54.8386573792, 35.416557312, 35.6277923584, 23.5161838531, 24.1169300079, 22.7076148987, 13.3757629395, 9.69912910461, 6.50336885452, 2.98594641685, 1.2782715559, 0.777413368225, 0.212475508451, 0.11004011333, 0.0265256054699, 0.000637932156678, 2.79992545984e-05, 7.65285585658e-06, 1.14080366984e-05],
        "dvar": [0.00146716460586, 0.33569175005, 3.74769759178, 2.98059606552, 59.941192627, 179.721893311, 175.875610352, 318.535522461, 303.111785889, 265.046936035, 445.16506958, 1147.41027832, 2381.07543945, 3147.19726562, 4172.81445312, 2325.75683594, 3005.03588867, 1945.93066406, 2704.99975586, 2687.5168457, 6594.95263672, 7326.49804688, 2222.46411133, 1131.7833252, 476.70791626, 459.740020752, 465.386383057, 163.943222046, 110.687744141, 54.0145454407, 17.8215675354, 2.83178877831, 0.954726874828, 0.0847067683935, 0.0385827310383, 0.00136198254768, 7.77870184265e-07, 1.99833083414e-09, 5.97061497465e-11, 5.25803255103e-11],
        "dvar2": [0.00286985374987, 0.858138501644, 9.31462287903, 7.2236533165, 144.062698364, 440.708740234, 424.328094482, 732.713989258, 746.87286377, 627.122253418, 1015.41662598, 2767.23803711, 5220.02880859, 7193.22021484, 8558.96289062, 4917.53076172, 6223.50195312, 4245.05859375, 5825.30810547, 6135.28417969, 15818.4072266, 16479.3027344, 5762.69921875, 2778.76293945, 1277.79370117, 1221.68884277, 1205.68481445, 435.944458008, 298.970001221, 131.522750854, 43.7004966736, 6.79275798798, 2.27808094025, 0.178289368749, 0.0860425531864, 0.00291783013381, 1.66424865711e-06, 4.47243042601e-09, 1.3851093883e-10, 1.14582593413e-10],
        "max": [0.875615179539, 7.84881401062, 27.9448699951, 23.7833766937, 113.808822632, 232.34286499, 373.762969971, 485.773498535, 442.109649658, 446.205718994, 598.371398926, 605.671203613, 1067.47363281, 1169.59521484, 1945.01342773, 1614.04345703, 1526.38977051, 998.108032227, 1295.32336426, 1261.95605469, 1767.70385742, 2145.9621582, 1403.44152832, 673.416137695, 455.431671143, 401.154998779, 513.658447266, 179.780410767, 165.044326782, 249.005249023, 120.646965027, 40.1431121826, 15.0691194534, 11.1201725006, 10.6353673935, 1.3218228817, 0.0314113982022, 0.00170656491537, 0.000337030505762, 9.26272550714e-05],
        "mean": [0.0291163772345, 0.283353060484, 1.17690348625, 1.94688248634, 5.70375776291, 10.7909574509, 10.8617658615, 14.5828418732, 11.5484247208, 9.87559127808, 13.8156938553, 26.9784088135, 39.2323570251, 46.9625549316, 41.7034912109, 35.4947280884, 37.7052688599, 35.5862693787, 39.9280700684, 40.8012199402, 50.9057998657, 62.8831977844, 43.3108787537, 44.1131401062, 28.6045265198, 29.5762825012, 26.4999752045, 15.0476255417, 11.5096654892, 8.51768016815, 3.64297842979, 1.64930963516, 0.973418414593, 0.314851164818, 0.154155522585, 0.033599473536, 0.00083380297292, 4.55431472801e-05, 1.88293652172e-05, 2.81777956843e-05],
        "median": [0.00865956582129, 0.0824235081673, 0.413988769054, 1.11652088165, 2.7601275444, 5.19091272354, 4.52742338181, 6.055560112, 4.66742038727, 4.53000164032, 6.163397789, 9.63490867615, 12.7006454468, 14.4670085907, 11.0794029236, 11.6972942352, 14.176109314, 14.5693664551, 16.9567184448, 19.9171657562, 20.3863754272, 23.7945842743, 24.6932849884, 29.776058197, 21.7781639099, 20.943572998, 18.8820400238, 10.2214326859, 7.07968521118, 5.12725067139, 2.41378045082, 1.08126330376, 0.621945381165, 0.204317867756, 0.0972229614854, 0.0190536379814, 0.000490774516948, 3.26720291923e-05, 1.81563955266e-05, 2.82970540866e-05],
        "min": [5.04031277929e-22, 3.5302412567e-21, 1.91537645181e-20, 1.70934434048e-20, 1.93276582393e-20, 1.21340726718e-19, 6.11219109156e-19, 7.95848665311e-19, 5.20090223733e-19, 3.65377050298e-19, 6.10434063055e-19, 9.50062221656e-19, 2.86897297065e-18, 2.04819783797e-18, 2.07246773073e-18, 2.60928664838e-18, 2.70431770664e-18, 5.68548780122e-18, 5.45819883482e-18, 7.78363307932e-18, 1.05295683105e-17, 1.21008045015e-17, 7.41494461824e-18, 1.31839412654e-17, 1.0449935633e-17, 1.20938321961e-17, 1.26938433699e-17, 1.41766183846e-17, 1.75666973568e-17, 2.05503146652e-17, 1.71281543202e-17, 1.56043106152e-17, 1.40156490374e-17, 1.15526501076e-17, 8.09319963331e-18, 6.12157204348e-18, 2.52735275434e-18, 1.33230114195e-18, 3.18326810261e-19, 2.93896237664e-20],
        "var": [0.00337453535758, 0.340091824532, 4.22214698792, 5.35238409042, 71.6041641235, 269.831970215, 407.43548584, 730.563903809, 550.952575684, 462.457580566, 876.307434082, 2525.26977539, 5570.03417969, 8095.90625, 12154.4287109, 8487.17480469, 6020.87841797, 4346.47607422, 5913.75488281, 4527.10791016, 10671.4169922, 16718.5644531, 4121.53173828, 2364.265625, 767.817138672, 973.551208496, 772.650512695, 266.551727295, 181.966201782, 112.160575867, 25.0185546875, 4.52319145203, 1.4597401619, 0.162650391459, 0.0552537292242, 0.00247357250191, 1.41892792271e-06, 2.82642531602e-09, 9.97013374637e-11, 1.63079882931e-10]
    },
    "gfcc": {
        "mean": [7.54607868195, 88.4232940674, -162.357452393, 56.9879302979, -73.9060440063, 14.2015018463, -39.5805854797, 3.85605859756, -25.0299034119, -6.90329456329, -11.4166679382, -7.39029026031, 1.78070425987],
        "cov": [[1713.56811523, -75.9670333862, -139.409942627, 118.045883179, -88.4845352173, 39.2540359497, -3.80908513069, -12.6040019989, -64.7756576538, -61.6994094849, -64.5447006226, -41.1794662476, -27.8231735229], [-75.9670333862, 456.594085693, 165.008895874, -5.23626661301, 96.0790786743, -62.3071136475, 34.4238166809, -33.529800415, 4.8782544136, -23.1951274872, 31.610086441, -40.6508369446, 10.8096847534], [-139.409942627, 165.008895874, 543.302368164, 187.676956177, -11.9999332428, -16.6784877777, -112.720176697, -3.01825785637, -17.0489521027, 4.37503194809, -55.3473510742, 13.9633388519, -53.5132904053], [118.045883179, -5.23626661301, 187.676956177, 307.327270508, 22.2862548828, -43.4661979675, -74.0752258301, -27.639383316, 36.2564086914, -39.1888809204, -43.9082794189, 3.96523928642, -22.6930789948], [-88.4845352173, 96.0790786743, -11.9999332428, 22.2862548828, 230.644989014, 62.5176925659, 45.7971725464, 61.5296707153, 23.8364658356, 24.2214317322, 15.1171960831, -2.56571173668, 11.4988918304], [39.2540359497, -62.3071136475, -16.6784877777, -43.4661979675, 62.5176925659, 258.487182617, 139.528289795, 14.3401222229, -50.7523536682, 18.7607345581, -6.57768774033, -24.1014442444, -34.4479064941], [-3.80908513069, 34.4238166809, -112.720176697, -74.0752258301, 45.7971725464, 139.528289795, 230.332748413, 38.5471038818, -43.1061439514, -2.08015298843, 28.7594738007, -33.6579666138, -1.86771690845], [-12.6040019989, -33.529800415, -3.01825785637, -27.639383316, 61.5296707153, 14.3401222229, 38.5471038818, 171.871154785, 61.5146713257, 26.1188011169, -10.2174386978, 25.0946674347, 7.38981819153], [-64.7756576538, 4.8782544136, -17.0489521027, 36.2564086914, 23.8364658356, -50.7523536682, -43.1061439514, 61.5146713257, 126.051177979, 21.6212921143, -1.98006701469, 14.5799617767, 15.9416122437], [-61.6994094849, -23.1951274872, 4.37503194809, -39.1888809204, 24.2214317322, 18.7607345581, -2.08015298843, 26.1188011169, 21.6212921143, 112.42515564, 43.5349845886, 8.71290302277, -7.5799870491], [-64.5447006226, 31.610086441, -55.3473510742, -43.9082794189, 15.1171960831, -6.57768774033, 28.7594738007, -10.2174386978, -1.98006701469, 43.5349845886, 99.0972900391, 25.9874267578, 13.8179426193], [-41.1794662476, -40.6508369446, 13.9633388519, 3.96523928642, -2.56571173668, -24.1014442444, -33.6579666138, 25.0946674347, 14.5799617767, 8.71290302277, 25.9874267578, 81.2806243896, 33.9000587463], [-27.8231735229, 10.8096847534, -53.5132904053, -22.6930789948, 11.4988918304, -34.4479064941, -1.86771690845, 7.38981819153, 15.9416122437, -7.5799870491, 13.8179426193, 33.9000587463, 73.8067092896]],
        "icov": [[0.000946743530221, -0.00128251512069, 0.00164760090411, -0.00170544639695, 0.00148940936197, -0.00126515713055, 0.00151929585263, -0.00175965053495, 0.00196250062436, -0.000685448467266, 0.000593520642724, 1.68940332514e-05, -6.10789174971e-06], [-0.00128251512069, 0.00917892064899, -0.00758144725114, 0.00637039449066, -0.00697087403387, 0.00633838260546, -0.00680968118832, 0.00701838266104, -0.00699496036395, 0.00496060959995, -0.00423573190346, 0.00423697894439, -0.00132946483791], [0.00164760090411, -0.00758144725114, 0.00972777232528, -0.00766721228138, 0.00633972650394, -0.0057692094706, 0.00737024936825, -0.0073665836826, 0.00834895297885, -0.00512172980234, 0.00435773376375, -0.003710166784, 0.0022298078984], [-0.00170544639695, 0.00637039449066, -0.00766721228138, 0.0109660560265, -0.00694907829165, 0.0057035763748, -0.00611454900354, 0.00837699696422, -0.00904864817858, 0.00531737552956, -0.00129745493177, 0.000251820223639, 0.00161568331532], [0.00148940936197, -0.00697087403387, 0.00633972650394, -0.00694907829165, 0.0116543089971, -0.00721815088764, 0.00647336011752, -0.00875851325691, 0.00623843632638, -0.00409802980721, 0.000815609411802, 4.13213747379e-05, -0.00204148795456], [-0.00126515713055, 0.00633838260546, -0.0057692094706, 0.0057035763748, -0.00721815088764, 0.0126947294921, -0.0106671219692, 0.00750042265281, -0.0045868572779, 0.000917049590498, 0.00160359672736, -0.00121867540292, 0.00353858456947], [0.00151929585263, -0.00680968118832, 0.00737024936825, -0.00611454900354, 0.00647336011752, -0.0106671219692, 0.0170146040618, -0.0114156780764, 0.00955827627331, -0.000659680576064, -0.00359050976112, 0.00477721355855, -0.00303409784101], [-0.00175965053495, 0.00701838266104, -0.0073665836826, 0.00837699696422, -0.00875851325691, 0.00750042265281, -0.0114156780764, 0.0185176320374, -0.0128542501479, 0.00163165410049, 0.00323479948565, -0.00516627309844, 0.00297685805708], [0.00196250062436, -0.00699496036395, 0.00834895297885, -0.00904864817858, 0.00623843632638, -0.0045868572779, 0.00955827627331, -0.0128542501479, 0.0208142045885, -0.00630606850609, 0.00219288142398, 0.000475697073853, -0.00232071848586], [-0.000685448467266, 0.00496060959995, -0.00512172980234, 0.00531737552956, -0.00409802980721, 0.000917049590498, -0.000659680576064, 0.00163165410049, -0.00630606850609, 0.0168417003006, -0.0102780470625, 0.00438839383423, 0.000823231064714], [0.000593520642724, -0.00423573190346, 0.00435773376375, -0.00129745493177, 0.000815609411802, 0.00160359672736, -0.00359050976112, 0.00323479948565, 0.00219288142398, -0.0102780470625, 0.0223538409919, -0.012533320114, 0.00385379511863], [1.68940332514e-05, 0.00423697894439, -0.003710166784, 0.000251820223639, 4.13213747379e-05, -0.00121867540292, 0.00477721355855, -0.00516627309844, 0.000475697073853, 0.00438839383423, -0.012533320114, 0.0271094627678, -0.0129210716113], [-6.10789174971e-06, -0.00132946483791, 0.0022298078984, 0.00161568331532, -0.00204148795456, 0.00353858456947, -0.00303409784101, 0.00297685805708, -0.00232071848586, 0.000823231064714, 0.00385379511863, -0.0129210716113, 0.0232486501336]]
    },
    "melbands": {
        "dmean": [0.000216463420657, 0.00041033414891, 0.000236354127992, 0.000492929422762, 0.000223820679821, 0.00019829699886, 0.000108006723167, 6.86107741785e-05, 7.29519888409e-05, 0.000112377070764, 0.00011895976786, 0.000111485031084, 8.82447711774e-05, 5.27183801751e-05, 5.69239746255e-05, 5.29240642209e-05, 4.0061884647e-05, 4.00716817239e-05, 4.29053143307e-05, 3.33644202328e-05, 4.10960383306e-05, 4.49165163445e-05, 2.14773808693e-05, 2.13632411032e-05, 2.02170649573e-05, 1.34508863994e-05, 1.02105832411e-05, 1.07773530544e-05, 1.00814950201e-05, 6.60858086121e-06, 4.36902109868e-06, 3.51073822458e-06, 3.02149555864e-06, 2.13177122532e-06, 1.27835494368e-06, 7.21314108887e-07, 4.45243017566e-07, 4.22286433377e-07, 2.14249041619e-07, 1.02304319682e-07],
        "dmean2": [0.000347962864907, 0.000647192820907, 0.00036864267895, 0.000801494868938, 0.000365354004316, 0.000318316335324, 0.000170794228325, 0.000108242566057, 0.000114570335427, 0.00017989607295, 0.00018307940627, 0.000168631551787, 0.00012901192531, 8.10175697552e-05, 8.60465006554e-05, 8.19617634988e-05, 6.14231539657e-05, 6.32103256066e-05, 6.97009163559e-05, 5.34238715773e-05, 6.5143503889e-05, 7.03952537151e-05, 3.42914936482e-05, 3.48706780642e-05, 3.2626943721e-05, 2.22362214117e-05, 1.73881653609e-05, 1.78398749995e-05, 1.6786305423e-05, 1.12452653411e-05, 7.53804215492e-06, 6.00192470301e-06, 5.0632725106e-06, 3.46194678968e-06, 2.06503227673e-06, 1.16719104426e-06, 7.19892739198e-07, 6.69708754231e-07, 3.3683582501e-07, 1.57944157309e-07],
        "dvar": [1.73670713366e-07, 8.17217710392e-07, 1.15117963162e-07, 8.12751807189e-07, 1.6349707721e-07, 1.4060864828e-07, 6.39231814148e-08, 2.84688539409e-08, 3.06853102927e-08, 5.48466836392e-08, 6.53644249837e-08, 5.7505626927e-08, 6.3631922842e-08, 2.58167336398e-08, 2.50569041071e-08, 1.79373138565e-08, 8.90450024826e-09, 8.99067575943e-09, 9.44560429872e-09, 6.75046063492e-09, 1.34834969856e-08, 1.35990401162e-08, 2.29301755361e-09, 2.21353446683e-09, 1.01696229216e-09, 5.52819900967e-10, 2.18018519904e-10, 2.60553412179e-10, 2.64050115106e-10, 1.15906735598e-10, 5.43229974892e-11, 4.09788591949e-11, 3.34447018691e-11, 1.5384324023e-11, 8.61705064942e-12, 2.72753846418e-12, 7.60685893615e-13, 8.10739821631e-13, 1.38722502452e-13, 6.03476077161e-14],
        "dvar2": [4.31783547583e-07, 1.98234783966e-06, 2.74419960533e-07, 1.94625749828e-06, 4.03812606464e-07, 3.23006048575e-07, 1.57121107236e-07, 6.57034675555e-08, 7.22579542867e-08, 1.31428734562e-07, 1.43818851939e-07, 1.32211582127e-07, 1.25842333887e-07, 5.79418149016e-08, 5.37752811169e-08, 3.85613709852e-08, 1.90515940801e-08, 1.95171558914e-08, 2.26023626482e-08, 1.61267603715e-08, 3.20420845412e-08, 3.00425959665e-08, 5.59350032958e-09, 5.77901149157e-09, 2.49234344274e-09, 1.4274791349e-09, 5.84934267689e-10, 6.87268575383e-10, 6.74572508963e-10, 3.00207192439e-10, 1.46292131187e-10, 1.12955894638e-10, 8.71822475323e-11, 3.76391209866e-11, 2.16340799442e-11, 6.67688820899e-12, 1.87436828211e-12, 2.00054577938e-12, 3.2286228812e-13, 1.2672900381e-13],
        "max": [0.00568869290873, 0.0136912753806, 0.00476270448416, 0.0113066835329, 0.00972511060536, 0.00938963796943, 0.00701104942709, 0.00398147618398, 0.00434175785631, 0.00476048886776, 0.00518624391407, 0.00529834069312, 0.00920939352363, 0.00757957017049, 0.00630604987964, 0.00313953729346, 0.0022391944658, 0.00281362421811, 0.0021822261624, 0.00198912993073, 0.00257187965326, 0.00319507578388, 0.00138783617876, 0.00147576886229, 0.000650205591228, 0.000621984188911, 0.000252355530392, 0.000286972062895, 0.000410459848354, 0.000238616150455, 0.000109035638161, 9.10008311621e-05, 0.00011115133384, 0.000164449360454, 7.52692503738e-05, 5.21307083545e-05, 1.69040504261e-05, 1.51976992129e-05, 9.88173269434e-06, 9.63700040302e-06],
        "mean": [0.000290459021926, 0.00053988530999, 0.000411734654335, 0.000658384582493, 0.000392848305637, 0.000325108179823, 0.000170482991962, 0.000110787826998, 0.000114242131531, 0.000182633681106, 0.000199912799872, 0.000192050938495, 0.000153239918291, 9.41278922255e-05, 9.45647334447e-05, 8.18445041659e-05, 6.38940909994e-05, 6.33122108411e-05, 6.39240606688e-05, 4.93307379656e-05, 6.14205710008e-05, 7.23695629858e-05, 3.88576554542e-05, 3.78517506761e-05, 3.64868101315e-05, 2.33321497944e-05, 1.82531657629e-05, 2.0214531105e-05, 1.84358013939e-05, 1.1520107364e-05, 7.68068184698e-06, 6.51356822345e-06, 5.8638779592e-06, 4.29477904618e-06, 2.21598907046e-06, 1.35602829232e-06, 8.52445850796e-07, 7.45464490137e-07, 4.45550682571e-07, 2.09866811929e-07],
        "median": [8.67800190463e-05, 0.000200803537155, 0.000244141410803, 0.00031979510095, 0.000181360461283, 0.000135435242555, 6.9324109063e-05, 4.77599387523e-05, 4.65808334411e-05, 6.00893399678e-05, 5.72424287384e-05, 5.28080709046e-05, 3.41897175531e-05, 2.52084464591e-05, 2.6190880817e-05, 2.44176226261e-05, 2.23496572289e-05, 2.18420173042e-05, 2.61066470557e-05, 2.11044025491e-05, 2.0705818315e-05, 2.45974661084e-05, 1.86023680726e-05, 2.2100226488e-05, 2.34937415371e-05, 1.55145535246e-05, 1.25950009533e-05, 1.30317257572e-05, 1.25920214487e-05, 7.0632504503e-06, 4.79422487842e-06, 3.9631954678e-06, 3.04779405269e-06, 2.69273414233e-06, 1.3949050981e-06, 8.52173684507e-07, 5.45179943856e-07, 4.54239938108e-07, 2.87114204411e-07, 1.27838234221e-07],
        "min": [4.37264140371e-24, 8.14730099772e-24, 2.63727954643e-24, 4.35946269343e-24, 1.80239602268e-23, 1.79273657867e-23, 1.08329203627e-23, 4.40161942021e-24, 4.15587504873e-24, 6.29431011871e-24, 1.37072281565e-23, 7.92393582127e-24, 6.22371022313e-24, 1.1210032163e-23, 4.84850991187e-24, 5.77916146506e-24, 1.09637939646e-23, 9.00657404962e-24, 7.10203505475e-24, 8.05821335797e-24, 1.22496538062e-23, 1.24245561018e-23, 8.86080754269e-24, 5.92672657485e-24, 1.16568595458e-23, 6.23717252891e-24, 8.44503524715e-24, 7.53528929681e-24, 8.19648647516e-24, 5.61605106227e-24, 1.0141014407e-23, 9.85292003786e-24, 9.4162800048e-24, 1.26995254032e-23, 9.55583265438e-24, 1.05373349704e-23, 9.07058853436e-24, 8.57401558288e-24, 9.89790956415e-24, 9.18241666742e-24],
        "var": [2.80510136008e-07, 9.10863320769e-07, 2.25216595595e-07, 1.00378997558e-06, 3.9430204879e-07, 3.35496025627e-07, 1.15102764653e-07, 5.61941462252e-08, 5.94023319422e-08, 1.25235445125e-07, 1.54812852315e-07, 1.4064472964e-07, 1.71375106106e-07, 7.72822517092e-08, 6.49876170655e-08, 3.43665078617e-08, 1.88602822249e-08, 1.98559817477e-08, 1.52562886768e-08, 8.88441231695e-09, 2.11438546671e-08, 2.85044929882e-08, 4.53461002081e-09, 3.48926598726e-09, 1.92206295324e-09, 8.11429923253e-10, 3.57122165173e-10, 5.59954083101e-10, 4.38656583279e-10, 1.84835619033e-10, 8.41479108615e-11, 5.98602348245e-11, 6.14412756783e-11, 2.92037505289e-11, 1.07585329534e-11, 3.8451438214e-12, 1.19081578365e-12, 1.04102696515e-12, 2.76971994602e-13, 1.0073252589e-13]
    },
    "mfcc": {
        "mean": [-610.84942627, 93.0919952393, -22.6842861176, 31.9934024811, -7.80584192276, 5.77670288086, -4.05773830414, 3.69573760033, -3.99360227585, -1.26408207417, -6.81002092361, -4.75569343567, -5.36439466476],
        "cov": [[1444.70410156, -257.580291748, -95.1465911865, 10.3949947357, -94.8099822998, 25.4228630066, 5.70986938477, 35.3497962952, 7.4672961235, -15.9121932983, -29.7556533813, -29.5394515991, -62.8696174622], [-257.580291748, 510.64050293, 24.9602928162, 14.7962360382, 50.4051170349, -20.5019283295, 61.813167572, -20.9864025116, -16.783290863, 40.485660553, -1.53555345535, -0.445411115885, 13.0810117722], [-95.1465911865, 24.9602928162, 495.327911377, 149.461151123, 53.0225219727, 30.9966239929, -73.1939468384, -18.4129581451, -30.8835144043, -58.3797035217, 5.33966684341, -31.443447113, -15.0902996063], [10.3949947357, 14.7962360382, 149.461151123, 298.237915039, 115.281608582, -44.3456878662, -101.964164734, -8.63364982605, 5.14635133743, -43.1692352295, -18.3506736755, 17.0319576263, 7.29770040512], [-94.8099822998, 50.4051170349, 53.0225219727, 115.281608582, 219.555328369, -7.33912992477, -58.3602104187, 8.04262542725, 40.3702087402, -6.57266044617, 3.00090718269, 30.9931602478, 25.0184421539], [25.4228630066, -20.5019283295, 30.9966239929, -44.3456878662, -7.33912992477, 192.615249634, 110.342788696, 10.2791185379, -15.4105472565, 22.1014633179, 8.37329006195, -33.6746253967, -10.5122556686], [5.70986938477, 61.813167572, -73.1939468384, -101.964164734, -58.3602104187, 110.342788696, 246.623245239, 56.0255012512, -2.42662334442, 51.3371543884, 20.7122745514, -11.7113409042, -3.18812823296], [35.3497962952, -20.9864025116, -18.4129581451, -8.63364982605, 8.04262542725, 10.2791185379, 56.0255012512, 125.756759644, 65.1358947754, 3.2543258667, 5.70741844177, 5.2708697319, -3.24101948738], [7.4672961235, -16.783290863, -30.8835144043, 5.14635133743, 40.3702087402, -15.4105472565, -2.42662334442, 65.1358947754, 116.36240387, 34.0972175598, 10.7699708939, 10.6017427444, 4.51464366913], [-15.9121932983, 40.485660553, -58.3797035217, -43.1692352295, -6.57266044617, 22.1014633179, 51.3371543884, 3.2543258667, 34.0972175598, 100.181350708, 34.2725639343, 1.8359041214, -5.43863296509], [-29.7556533813, -1.53555345535, 5.33966684341, -18.3506736755, 3.00090718269, 8.37329006195, 20.7122745514, 5.70741844177, 10.7699708939, 34.2725639343, 83.5275344849, 34.3258666992, 4.17552947998], [-29.5394515991, -0.445411115885, -31.443447113, 17.0319576263, 30.9931602478, -33.6746253967, -11.7113409042, 5.2708697319, 10.6017427444, 1.8359041214, 34.3258666992, 86.2468490601, 37.3040771484], [-62.8696174622, 13.0810117722, -15.0902996063, 7.29770040512, 25.0184421539, -10.5122556686, -3.18812823296, -3.24101948738, 4.51464366913, -5.43863296509, 4.17552947998, 37.3040771484, 73.1564941406]],
