{
"lowlevel": {
    "average_loudness": 0.956643819809,
    "barkbands_crest": {
        "dmean": 2.37369370461,
        "dmean2": 3.91194009781,
        "dvar": 4.49713945389,
        "dvar2": 11.4048252106,
        "max": 24.6213264465,
        "mean": 8.65701293945,
        "median": 7.78157997131,
        "min": 2.33590984344,
        "var": 14.0477705002
    },
    "barkbands_flatness_db": {
        "dmean": 0.0141296396032,
        "dmean2": 0.0222865566611,
        "dvar": 0.000150672873133,
        "dvar2": 0.000352794508217,
        "max": 0.289128154516,
        "mean": 0.151965066791,
        "median": 0.148297742009,
        "min": 0.0250127390027,
        "var": 0.000894436438102
    },
    "barkbands_kurtosis": {
        "dmean": 0.954595088959,
        "dmean2": 1.52868294716,
        "dvar": 1.71336686611,
        "dvar2": 4.08364391327,
        "max": 28.1000823975,
        "mean": 0.544565737247,
        "median": -0.159305810928,
        "min": -1.90635609627,
        "var": 5.83478593826
    },
    "barkbands_skewness": {
        "dmean": 0.358598738909,
        "dmean2": 0.560886442661,
        "dvar": 0.107761405408,
        "dvar2": 0.258784115314,
        "max": 4.78252029419,
        "mean": 0.578187704086,
        "median": 0.537615656853,
        "min": -2.561450243,
        "var": 0.675672113895
    },
    "barkbands_spread": {
        "dmean": 3.58948254585,
        "dmean2": 5.61134195328,
        "dvar": 10.4300584793,
        "dvar2": 25.0884628296,
        "max": 49.8418655396,
        "mean": 19.9045124054,
        "median": 19.540184021,
        "min": 1.9496076107,
        "var": 64.6241836548
    },
    "dissonance": {
        "dmean": 0.0164858940989,
        "dmean2": 0.0283020287752,
        "dvar": 0.000284945679596,
        "dvar2": 0.000804251118097,
        "max": 0.500000238419,
        "mean": 0.471777915955,
        "median": 0.477910012007,
        "min": 0.326493263245,
        "var": 0.000514543266036
    },
    "dynamic_complexity": 1.48320746422,
    "erbbands_crest": {
        "dmean": 2.73463010788,
        "dmean2": 4.41630363464,
        "dvar": 6.7114071846,
        "dvar2": 16.3650608063,
        "max": 31.0300540924,
        "mean": 9.85681724548,
        "median": 8.38419532776,
        "min": 2.88915729523,
        "var": 26.8340568542
    },
    "erbbands_flatness_db": {
        "dmean": 0.013806165196,
        "dmean2": 0.020186631009,
        "dvar": 0.000157529051648,
        "dvar2": 0.000300928484648,
        "max": 0.379144877195,
        "mean": 0.228833585978,
        "median": 0.222527071834,
        "min": 0.0304200295359,
        "var": 0.00145984231494
    },
    "erbbands_kurtosis": {
        "dmean": 0.762982606888,
        "dmean2": 1.21244227886,
        "dvar": 1.06428909302,
        "dvar2": 2.46973013878,
        "max": 21.5057277679,
        "mean": 0.344802975655,
        "median": -0.301670789719,
        "min": -1.84063184261,
        "var": 3.60963249207
    },
    "erbbands_skewness": {
        "dmean": 0.323313444853,
        "dmean2": 0.504343509674,
        "dvar": 0.0763966143131,
        "dvar2": 0.176925688982,
        "max": 3.8143954277,
        "mean": -0.0554167144001,
        "median": -0.0984243378043,
        "min": -3.47699785233,
        "var": 0.532315194607
    },
    "erbbands_spread": {
        "dmean": 4.91960716248,
        "dmean2": 7.68104839325,
        "dvar": 22.632686615,
        "dvar2": 52.8123779297,
        "max": 83.7437210083,
        "mean": 27.2074127197,
        "median": 26.9047737122,
        "min": 2.78251981735,
        "var": 154.48336792
    },
    "hfc": {
        "dmean": 6.57435321808,
        "dmean2": 10.2910270691,
        "dvar": 50.5527229309,
        "dvar2": 117.150039673,
        "max": 93.1964035034,
        "mean": 28.1308231354,
        "median": 25.3978004456,
        "min": 1.03950434038e-07,
        "var": 210.503601074
    },
    "melbands_crest": {
        "dmean": 2.99423408508,
        "dmean2": 4.90360164642,
        "dvar": 7.22717857361,
        "dvar2": 18.561258316,
        "max": 33.0553512573,
        "mean": 11.1645746231,
        "median": 10.1530694962,
        "min": 3.55279040337,
        "var": 21.9893856049
    },
    "melbands_flatness_db": {
        "dmean": 0.0172611661255,
        "dmean2": 0.0272315461189,
        "dvar": 0.000260319240624,
        "dvar2": 0.000634561059996,
        "max": 0.359212934971,
        "mean": 0.20006403327,
        "median": 0.196578606963,
        "min": 0.0190271642059,
        "var": 0.00144728447776
    },
    "melbands_kurtosis": {
        "dmean": 1.91957557201,
        "dmean2": 3.06532859802,
        "dvar": 8.59751701355,
        "dvar2": 21.3301277161,
        "max": 79.142539978,
        "mean": 2.97786402702,
        "median": 1.49321889877,
        "min": -1.83169353008,
        "var": 24.599811554
    },
    "melbands_skewness": {
        "dmean": 0.428324729204,
        "dmean2": 0.661327898502,
        "dvar": 0.171160086989,
        "dvar2": 0.415124714375,
        "max": 8.29661560059,
        "mean": 1.26027095318,
        "median": 1.20359992981,
        "min": -1.63546359539,
        "var": 1.13276481628
    },
    "melbands_spread": {
        "dmean": 6.26038408279,
        "dmean2": 9.89812469482,
        "dvar": 36.7167167664,
        "dvar2": 86.9617004395,
        "max": 151.440124512,
        "mean": 30.0028057098,
        "median": 28.7594871521,
        "min": 3.11634945869,
        "var": 175.271102905
    },
    "pitch_salience": {
        "dmean": 0.0620585642755,
        "dmean2": 0.101801425219,
        "dvar": 0.00276008853689,
        "dvar2": 0.00718055106699,
        "max": 0.95491963625,
        "mean": 0.604291021824,
        "median": 0.613596379757,
        "min": 0.186339244246,
        "var": 0.00923000276089
    },
    "silence_rate_20dB": {
        "dmean": 0,
        "dmean2": 0,
        "dvar": 0,
        "dvar2": 0,
        "max": 1,
        "mean": 1,
        "median": 1,
        "min": 1,
        "var": 0
    },
    "silence_rate_30dB": {
        "dmean": 0,
        "dmean2": 0,
        "dvar": 0,
        "dvar2": 0,
        "max": 1,
        "mean": 1,
        "median": 1,
        "min": 1,
        "var": 0
    },
    "silence_rate_60dB": {
        "dmean": 0.00166759314016,
        "dmean2": 0.00319666438736,
        "dvar": 0.00166487635579,
        "dvar2": 0.00402037380263,
        "max": 1,
        "mean": 0.00180630816612,
        "median": 0,
        "min": 0,
        "var": 0.00180309999269
    },
    "spectral_centroid": {
        "dmean": 211.875656128,
        "dmean2": 336.556335449,
        "dvar": 45190.375,
        "dvar2": 113607.6875,
        "max": 4013.05761719,
        "mean": 1634.2277832,
        "median": 1642.41992188,
        "min": 328.918243408,
        "var": 223779.96875
    },
    "spectral_complexity": {
        "dmean": 3.8582546711,
        "dmean2": 6.16761636734,
        "dvar": 13.6906070709,
        "dvar2": 29.0556621552,
        "max": 56,
        "mean": 28.1895236969,
        "median": 28,
        "min": 0,
        "var": 56.3385467529
    },
    "spectral_decrease": {
        "dmean": 1.55599844121e-09,
        "dmean2": 2.478625305e-09,
        "dvar": 2.80114209247e-18,
        "dvar2": 6.98599439517e-18,
        "max": -3.12539983942e-19,
        "mean": -6.57813403748e-09,
        "median": -6.22949025697e-09,
        "min": -4.06216109639e-08,
        "var": 7.5961906438e-18
    },
    "spectral_energy": {
        "dmean": 0.00635303976014,
        "dmean2": 0.0101107563823,
        "dvar": 4.52724707429e-05,
        "dvar2": 0.000111658569949,
        "max": 0.158981993794,
        "mean": 0.0273789316416,
        "median": 0.0259710177779,
        "min": 1.06082096232e-11,
        "var": 0.000128883388243
    },
    "spectral_energyband_high": {
        "dmean": 0.000175624765689,
        "dmean2": 0.000287449394818,
        "dvar": 5.49152083806e-08,
        "dvar2": 1.39001770094e-07,
        "max": 0.00390432192944,
        "mean": 0.000438418792328,
        "median": 0.000345658976585,
        "min": 8.4427603797e-12,
        "var": 1.393728013e-07
    },
    "spectral_energyband_low": {
        "dmean": 0.00128718523774,
        "dmean2": 0.00201683747582,
        "dvar": 7.04441799826e-06,
        "dvar2": 1.71204465005e-05,
        "max": 0.0607635341585,
        "mean": 0.00234808539972,
        "median": 0.00140768988058,
        "min": 2.25072103966e-13,
        "var": 9.49856439547e-06
    },
    "spectral_energyband_middle_high": {
        "dmean": 0.00360566191375,
        "dmean2": 0.00564364530146,
        "dvar": 1.87813820958e-05,
        "dvar2": 4.25967627962e-05,
        "max": 0.075875595212,
        "mean": 0.012630735524,
        "median": 0.0090337600559,
        "min": 1.36086205239e-12,
        "var": 0.000100629789813
    },
    "spectral_energyband_middle_low": {
        "dmean": 0.00411747768521,
        "dmean2": 0.00654872320592,
        "dvar": 2.47285224759e-05,
        "dvar2": 6.21516155661e-05,
        "max": 0.0811829939485,
        "mean": 0.012786494568,
        "median": 0.0108968652785,
        "min": 3.06786524353e-13,
        "var": 7.21379547031e-05
    },
    "spectral_entropy": {
        "dmean": 0.101417921484,
        "dmean2": 0.154003351927,
        "dvar": 0.0100120315328,
        "dvar2": 0.0208061058074,
        "max": 8.86505031586,
        "mean": 7.37811231613,
        "median": 7.42107057571,
        "min": 6.22548007965,
        "var": 0.06301356107
    },
    "spectral_flux": {
        "dmean": 0.0203565210104,
        "dmean2": 0.0323092974722,
        "dvar": 0.000400743621867,
        "dvar2": 0.000932723807637,
        "max": 0.374217838049,
        "mean": 0.0918893814087,
        "median": 0.0870188623667,
        "min": 2.54960214079e-05,
        "var": 0.000982695375569
    },
    "spectral_kurtosis": {
        "dmean": 3.090528965,
        "dmean2": 5.50045681,
        "dvar": 7.37146568298,
        "dvar2": 22.4232845306,
        "max": 26.0524330139,
        "mean": 6.02601146698,
        "median": 5.18194580078,
        "min": 0.129314899445,
        "var": 13.1976270676
    },
    "spectral_rms": {
        "dmean": 0.000595098535996,
        "dmean2": 0.000936107011512,
        "dvar": 3.09068155957e-07,
        "dvar2": 7.1347579933e-07,
        "max": 0.0124540906399,
        "mean": 0.00505725853145,
        "median": 0.00503364484757,
        "min": 1.01732361202e-07,
        "var": 1.13529176815e-06
    },
    "spectral_rolloff": {
        "dmean": 320.831970215,
        "dmean2": 537.793518066,
        "dvar": 189159.890625,
        "dvar2": 427688.90625,
        "max": 16602.0996094,
        "mean": 1817.01879883,
        "median": 1765.72265625,
        "min": 43.06640625,
        "var": 533979.6875
    },
    "spectral_skewness": {
        "dmean": 0.316908687353,
        "dmean2": 0.549066781998,
        "dvar": 0.0743866339326,
        "dvar2": 0.214244574308,
        "max": 3.60397052765,
        "mean": 1.19993746281,
        "median": 1.14089250565,
        "min": -0.0757966712117,
        "var": 0.205063998699
    },
    "spectral_spread": {
        "dmean": 166446.28125,
        "dmean2": 265763.78125,
        "dvar": 34637045760,
        "dvar2": 77378428928,
        "max": 10523969,
        "mean": 2463910.25,
        "median": 2448097.25,
        "min": 1356233.5,
        "var": 152469733376
    },
    "spectral_strongpeak": {
        "dmean": 1.00543475151,
        "dmean2": 1.65829312801,
        "dvar": 1.74657213688,
        "dvar2": 4.17634487152,
        "max": 18.9373054504,
        "mean": 2.07090711594,
        "median": 1.129540205,
        "min": 0,
        "var": 4.66828727722
    },
    "zerocrossingrate": {
        "dmean": 0.00545876193792,
        "dmean2": 0.00675239693373,
        "dvar": 4.36545960838e-05,
        "dvar2": 4.99075722473e-05,
        "max": 0.66748046875,
        "mean": 0.0617313161492,
        "median": 0.06103515625,
        "min": 0.013671875,
        "var": 0.000347458990291
    },
    "barkbands": {
        "dmean": [7.19201989341e-06, 0.000594017503317, 0.000721330172382, 0.000584052177146, 0.00206131208688, 0.00114851759281, 0.000802990747616, 0.000892043462954, 0.0011501130648, 0.00112315430306, 0.000870835676324, 0.000987515668385, 0.000733422173653, 0.000891695905011, 0.000739415292628, 0.000520543078892, 0.000493961269967, 0.000339356920449, 0.000276902457699, 0.000224358635023, 7.09283922333e-05, 7.83859104558e-06, 7.27791530153e-07, 1.35465700168e-06, 4.20388289513e-07, 5.74700997902e-08, 7.24419351172e-08],
        "dmean2": [1.20267668535e-05, 0.000985525199212, 0.001179938321, 0.000971807341557, 0.00340367527679, 0.00183414982166, 0.0012794964714, 0.00141100573819, 0.00178358494304, 0.00178198714275, 0.00137477868702, 0.00158964085858, 0.00116770027671, 0.00140218331944, 0.00119686231483, 0.000826032075565, 0.000775024003815, 0.000546705326997, 0.00045514019439, 0.000366038671928, 0.000117857547593, 1.28818346639e-05, 1.16614421586e-06, 2.05453807212e-06, 6.43511214093e-07, 9.94144286892e-08, 1.22883662357e-07],
        "dvar": [1.33366961919e-09, 2.33475043387e-06, 2.24206610255e-06, 8.73633837273e-07, 9.53039852902e-06, 3.82415692002e-06, 2.12327017834e-06, 3.21001016346e-06, 6.03677608524e-06, 6.22028983344e-06, 4.87461284138e-06, 4.10896018366e-06, 2.77307071883e-06, 3.96852419726e-06, 2.01756915885e-06, 1.53839789618e-06, 1.20853519547e-06, 3.73518560082e-07, 1.52562307676e-07, 8.5631654656e-08, 1.0041744325e-08, 2.65383437448e-10, 2.04374668231e-12, 5.22787932736e-12, 5.28802750286e-13, 3.50675494163e-15, 4.46649197527e-15],
        "dvar2": [3.61744256772e-09, 5.84851295571e-06, 5.94139646637e-06, 2.4502908218e-06, 2.56719104073e-05, 8.85064764589e-06, 5.37028836334e-06, 7.41526446291e-06, 1.35249538289e-05, 1.4554473637e-05, 1.11517019832e-05, 1.02874819277e-05, 6.64213939672e-06, 8.77391721588e-06, 4.79550089949e-06, 3.46720844391e-06, 2.64350796897e-06, 9.05364174741e-07, 3.89360764075e-07, 2.13945639871e-07, 2.57244376911e-08, 6.8545297216e-10, 5.23661756319e-12, 1.16561179112e-11, 1.13353759972e-12, 1.03503326515e-14, 1.25375470571e-14],
        "max": [0.0015304130502, 0.0228802151978, 0.0248158723116, 0.0226009860635, 0.0420067980886, 0.0433349460363, 0.0405668616295, 0.0482600517571, 0.0510431230068, 0.0492874272168, 0.0709565803409, 0.036689825356, 0.0466946177185, 0.0445599034429, 0.0280060023069, 0.0260508842766, 0.0275496020913, 0.0204163901508, 0.00572574371472, 0.00432268390432, 0.0015586533118, 0.000533354759682, 4.98991175846e-05, 7.02815668774e-05, 1.9282071662e-05, 2.70273403657e-06, 1.84405746495e-06],
        "mean": [7.82579627412e-06, 0.000671781657729, 0.00114682351705, 0.0010654819198, 0.00404320191592, 0.00206935172901, 0.00135944806971, 0.00149529392365, 0.00206788163632, 0.00206299754791, 0.00180194212589, 0.0016794501571, 0.0012429455528, 0.00157764414325, 0.00129902781919, 0.000873157987371, 0.000920614402276, 0.000707962200977, 0.000584260793403, 0.000530214980245, 0.000148449442349, 1.58295679284e-05, 1.7244059336e-06, 3.6470323721e-06, 1.36178255161e-06, 3.96055014562e-07, 2.40918950567e-07],
        "median": [3.37627329827e-06, 0.000150195672177, 0.00063037261134, 0.000792103935964, 0.0028962942306, 0.00116233539302, 0.000760077207815, 0.0007325221668, 0.000786285614595, 0.000624047592282, 0.000371468806406, 0.000661829661112, 0.000398953154217, 0.000538263004273, 0.000606538262218, 0.000395323499106, 0.000422347162385, 0.000422348006396, 0.000462228228571, 0.00039783390821, 0.000106460225652, 9.1796837296e-06, 1.21101766126e-06, 2.43420095103e-06, 1.03249578842e-06, 3.92336261257e-07, 2.43263798438e-07],
        "min": [3.33109896004e-13, 8.25903676504e-14, 2.89286506025e-15, 1.19741934907e-15, 1.66615327898e-14, 7.06368599748e-15, 7.30965309982e-14, 8.8997521375e-14, 1.12633908006e-13, 4.99474322579e-14, 1.2916450136e-13, 1.9148945667e-13, 7.03334011041e-14, 1.44503034755e-13, 4.50674721608e-14, 8.4896973891e-14, 1.40840654026e-13, 1.75359862265e-13, 1.28974996373e-13, 4.19132176882e-13, 4.50490502107e-13, 6.969880402e-13, 7.64192582912e-13, 9.08616226963e-13, 1.39710888258e-12, 1.95111136449e-12, 2.12031499129e-12],
        "var": [9.28488175234e-10, 2.43590397986e-06, 2.93595553558e-06, 1.18131777072e-06, 1.59499923029e-05, 8.84773180587e-06, 3.53991481461e-06, 9.12142058951e-06, 1.74755641638e-05, 2.01324310183e-05, 2.49833028647e-05, 8.47449427965e-06, 5.81303538638e-06, 9.93004687189e-06, 4.37775088358e-06, 3.00381520901e-06, 3.0493451959e-06, 9.27144640173e-07, 2.41943382662e-07, 2.28611853004e-07, 2.1700746089e-08, 4.57995918968e-10, 3.43749746549e-12, 1.65022370768e-11, 1.41711393054e-12, 3.48781782603e-15, 5.98805622193e-15]
    },
    "erbbands": {
        "dmean": [0.00897234212607, 0.164835751057, 0.708849489689, 1.41150617599, 4.36571884155, 8.76214313507, 7.34034442902, 10.0993824005, 10.1164960861, 14.9625320435, 19.1166191101, 24.3926868439, 31.5458259583, 32.2377243042, 35.5234527588, 40.6583175659, 33.1061172485, 38.65782547, 37.5345001221, 35.8215370178, 24.7926654816, 23.9068965912, 16.9293231964, 16.3260555267, 11.829864502, 10.9558181763, 4.74029064178, 1.31113135815, 0.331495940685, 0.0537386164069, 0.0230758115649, 0.0286266207695, 0.022800123319, 0.00697198836133, 0.0017340608174, 0.000322514766594, 0.000130991931655, 4.47212878498e-05, 1.69421309693e-05, 7.58928081268e-06],
        "dmean2": [0.0145590351894, 0.270596802235, 1.1504098177, 2.33270049095, 7.37976264954, 14.4367895126, 11.8651418686, 16.2274837494, 16.3902854919, 23.2394123077, 29.6090087891, 37.7785987854, 49.1991157532, 51.0333824158, 55.7287559509, 64.9063491821, 52.358795166, 60.4725036621, 59.924407959, 56.9039993286, 39.1285820007, 37.2574882507, 27.1392555237, 26.6276054382, 19.49036026, 17.8752555847, 7.83693647385, 2.20564675331, 0.54375654459, 0.0881360247731, 0.0367278084159, 0.0451026186347, 0.0344787687063, 0.0105185452849, 0.0027534046676, 0.000550405879039, 0.000225900337682, 7.6590309618e-05, 2.8518594263e-05, 1.20679596876e-05],
        "dvar": [0.000597869162448, 0.171002656221, 2.28494596481, 6.15526723862, 45.0368995667, 180.555114746, 139.405029297, 401.532409668, 385.494659424, 704.209960938, 1925.70715332, 3316.69702148, 4727.59082031, 5554.28417969, 7358.67578125, 6945.08447266, 5499.76708984, 7494.89648438, 5787.95996094, 5425.10742188, 2689.56884766, 2939.1237793, 1088.44812012, 672.532287598, 258.478271484, 199.866516113, 41.9192695618, 4.4373421669, 0.495726138353, 0.015427201055, 0.00181169994175, 0.00250877183862, 0.00157036574092, 0.000154388530063, 7.00184909874e-06, 9.25796399542e-08, 1.49135583882e-08, 2.05335148884e-09, 2.24109425462e-10, 6.19022749726e-11],
        "dvar2": [0.00165460561402, 0.41518008709, 5.87687540054, 17.0327377319, 125.198883057, 487.395904541, 354.368347168, 910.662597656, 972.035949707, 1567.36010742, 4122.93212891, 7583.52587891, 10402.9443359, 13280.9003906, 16436.5234375, 17257.1289062, 13569.8349609, 16853.2421875, 13446.4482422, 12548.2060547, 6090.59033203, 6243.07617188, 2660.04858398, 1696.44567871, 668.763793945, 497.774291992, 107.53338623, 11.7197027206, 1.2642621994, 0.0396367125213, 0.00452952412888, 0.0059962538071, 0.0034132534638, 0.000314234930556, 1.54089229909e-05, 2.65872870386e-07, 4.3706620545e-08, 5.90914916998e-09, 6.37180253005e-10, 1.50492104889e-10],
        "max": [0.564285874367, 5.64067554474, 24.3828144073, 58.7680625916, 94.3349456787, 185.890380859, 228.169662476, 504.347259521, 557.498718262, 926.700073242, 1314.82189941, 1533.21142578, 1796.44104004, 2381.69702148, 2557.53442383, 1587.60009766, 2406.32519531, 2165.03125, 1700.4309082, 1715.1192627, 1527.43359375, 1581.70385742, 1425.65930176, 507.888427734, 260.372406006, 244.637756348, 101.424568176, 35.0170593262, 27.0120220184, 3.78536081314, 1.24854207039, 1.10191261768, 1.42380547523, 0.378984421492, 0.07048805058, 0.0121272597462, 0.00471187662333, 0.00181169121061, 0.000378052995075, 0.00017936869699],
        "mean": [0.0110632479191, 0.191626444459, 1.10065221786, 2.77427053452, 7.86273097992, 15.9447135925, 13.7129802704, 17.3518028259, 17.4465885162, 26.3146629333, 35.8846969604, 44.4830513, 65.3705291748, 64.8731079102, 75.6399536133, 73.6748733521, 62.354598999, 75.9589080811, 72.1828765869, 65.1675338745, 49.3545455933, 48.4438018799, 37.8015098572, 35.3792533875, 28.083026886, 26.1167984009, 11.2249917984, 3.00093841553, 0.734646201134, 0.120863765478, 0.0550775825977, 0.0709201097488, 0.0602186173201, 0.021500274539, 0.0064936936833, 0.00182755372953, 0.000744756718632, 0.000224122137297, 6.50649308227e-05, 3.5150515032e-05],
        "median": [0.00258221360855, 0.0532805472612, 0.570655345917, 2.01025938988, 5.69726896286, 10.6023111343, 8.92635726929, 8.89984512329, 9.87913417816, 14.6276054382, 16.5769386292, 18.2587909698, 20.358247757, 22.9288921356, 22.851442337, 32.5690994263, 24.2367572784, 27.9308128357, 31.7648181915, 32.1021080017, 24.8743457794, 23.8896713257, 22.4769878387, 25.2709350586, 23.1790504456, 20.0835399628, 8.55258750916, 2.12321734428, 0.444862812757, 0.067618213594, 0.0383307375014, 0.0485112853348, 0.0396796576679, 0.0157333333045, 0.00532508967444, 0.00179151759949, 0.000735341513064, 0.00021934081451, 6.50577931083e-05, 3.35461627401e-05],
        "min": [5.81158385304e-12, 8.62119663853e-12, 5.46685656813e-12, 3.61987501606e-12, 2.587838277e-11, 7.11263131725e-11, 3.91688730061e-11, 8.82240877575e-11, 5.24901677679e-10, 1.83895376704e-09, 2.24901275381e-09, 3.00003999421e-09, 1.1363515684e-09, 3.29018945422e-09, 8.21026535647e-09, 5.28482990703e-09, 3.27970317571e-09, 8.09673483815e-09, 3.28171489983e-09, 3.45971651328e-09, 5.22979304307e-09, 8.13884959427e-09, 8.59789484053e-09, 6.10939832058e-09, 1.12864428914e-08, 2.00992040789e-08, 1.4032784712e-08, 2.11731325805e-08, 2.58202828007e-08, 2.49197533719e-08, 2.15223590061e-08, 2.01127363653e-08, 1.4236126944e-08, 1.24917356459e-08, 1.06093880348e-08, 5.52618040217e-09, 4.23303703201e-09, 1.4268255466e-09, 2.91551560672e-10, 3.07602034122e-11],
        "var": [0.000625129789114, 0.1806858778, 2.76376080513, 8.3107509613, 61.2639732361, 303.168151855, 296.289093018, 849.797302246, 653.765930176, 1443.8963623, 6908.14501953, 8466.93554688, 23283.671875, 19266.6191406, 35228.6601562, 14525.2822266, 11890.4169922, 22569.3496094, 14089.9667969, 12086.9658203, 6939.65869141, 7821.03613281, 3077.05981445, 1156.64440918, 476.527862549, 531.820007324, 98.4857559204, 9.54147434235, 0.886349022388, 0.0258385781199, 0.00349932373501, 0.0060233687982, 0.00508921500295, 0.000457471876871, 1.85935550689e-05, 1.28908567376e-07, 1.6613240561e-08, 2.40348252412e-09, 3.34061139862e-10, 1.85947465758e-10]
    },
    "gfcc": {
        "mean": [-7.80263710022, 131.213745117, -171.382781982, 17.54986763, -40.0703849792, -22.0780239105, -28.5755977631, -2.87659215927, -35.7065658569, -4.38128232956, -12.7973194122, -17.5690231323, -2.44531583786],
        "cov": [[777.811645508, 96.7136917114, -124.342628479, 114.956176758, -35.5610122681, 19.5645179749, 43.2195167542, -19.9174575806, -4.85389041901, -9.28384304047, 12.2408828735, -37.1042861938, 9.47712421417], [96.7136917114, 321.574371338, 200.204681396, -41.9317893982, 86.4159164429, -7.2286028862, 26.382226944, 37.7167930603, 5.68626070023, 3.98819851875, 5.65170383453, -0.136089026928, -6.50005340576], [-124.342628479, 200.204681396, 395.946014404, 129.791549683, -9.25099563599, -18.6723194122, -51.5053253174, 29.9495944977, 30.0144138336, -20.5382328033, -15.5103054047, 26.4595317841, -22.1008052826], [114.956176758, -41.9317893982, 129.791549683, 308.625793457, -24.3602104187, -44.3906517029, -56.0943107605, -3.87374091148, 36.7375068665, -16.7672634125, -25.2536697388, 23.1973152161, -5.57256507874], [-35.5610122681, 86.4159164429, -9.25099563599, -24.3602104187, 188.586761475, 46.4124107361, 25.5983009338, 27.3387584686, 6.67281723022, 20.1683883667, 12.331817627, 5.46905231476, 19.5020618439], [19.5645179749, -7.2286028862, -18.6723194122, -44.3906517029, 46.4124107361, 207.505111694, 102.057678223, -20.3723945618, -22.4637126923, 28.4714431763, 34.4649658203, -25.9377231598, 3.07737421989], [43.2195167542, 26.382226944, -51.5053253174, -56.0943107605, 25.5983009338, 102.057678223, 162.650482178, 21.1180782318, -29.8323440552, 25.3435268402, 20.7871360779, -23.1047668457, 5.9590420723], [-19.9174575806, 37.7167930603, 29.9495944977, -3.87374091148, 27.3387584686, -20.3723945618, 21.1180782318, 121.015953064, 63.231010437, -11.0358467102, -0.0903738215566, 13.4961576462, 13.4118146896], [-4.85389041901, 5.68626070023, 30.0144138336, 36.7375068665, 6.67281723022, -22.4637126923, -29.8323440552, 63.231010437, 98.6356506348, 22.8495578766, -8.42887592316, 16.3577041626, 7.69067907333], [-9.28384304047, 3.98819851875, -20.5382328033, -16.7672634125, 20.1683883667, 28.4714431763, 25.3435268402, -11.0358467102, 22.8495578766, 80.8522338867, 35.1056632996, -7.49816036224, -5.25876092911], [12.2408828735, 5.65170383453, -15.5103054047, -25.2536697388, 12.331817627, 34.4649658203, 20.7871360779, -0.0903738215566, -8.42887592316, 35.1056632996, 73.2906570435, 16.1348304749, -3.65923070908], [-37.1042861938, -0.136089026928, 26.4595317841, 23.1973152161, 5.46905231476, -25.9377231598, -23.1047668457, 13.4961576462, 16.3577041626, -7.49816036224, 16.1348304749, 67.4280700684, 21.2404556274], [9.47712421417, -6.50005340576, -22.1008052826, -5.57256507874, 19.5020618439, 3.07737421989, 5.9590420723, 13.4118146896, 7.69067907333, -5.25876092911, -3.65923070908, 21.2404556274, 59.3732147217]],
        "icov": [[0.00595383439213, -0.0113154239953, 0.0103560918942, -0.00793019682169, 0.0066046519205, -0.0042968345806, 0.00279399147257, -0.00064379919786, -0.000398931704694, 0.00234215287492, -0.00231808633544, 0.00231743045151, -0.00187301333062], [-0.0113154239953, 0.0308276228607, -0.0263978745788, 0.0186224803329, -0.0177706554532, 0.0130885979161, -0.0108825545758, 0.00539937894791, -0.00368142873049, -0.000763579388149, 0.000523016031366, -0.000759688671678, 0.00284718931653], [0.0103560918942, -0.0263978745788, 0.0262610204518, -0.0176431965083, 0.0155083024874, -0.0123178334907, 0.0105798095465, -0.00667063100263, 0.00436221109703, 0.000229945129831, 0.000425745151006, -0.000518534507137, -0.000767123652622], [-0.00793019682169, 0.0186224803329, -0.0176431965083, 0.0162356644869, -0.0108417384326, 0.00836174469441, -0.00652800453827, 0.00510036945343, -0.00446967827156, 0.000112994908704, 0.00152265978977, -0.00215679430403, 0.00234616943635], [0.0066046519205, -0.0177706554532, 0.0155083024874, -0.0108417384326, 0.0169073846191, -0.0100199067965, 0.00837656576186, -0.00764975650236, 0.00615942571312, -0.00391254061833, 0.00194896978792, -0.0010156747885, -0.00305233360268], [-0.0042968345806, 0.0130885979161, -0.0123178334907, 0.00836174469441, -0.0100199067965, 0.0160503070801, -0.0130326934159, 0.0110814496875, -0.00996795203537, 0.00643704272807, -0.00757302809507, 0.00513946311548, -0.000861469074152], [0.00279399147257, -0.0108825545758, 0.0105798095465, -0.00652800453827, 0.00837656576186, -0.0130326934159, 0.0212970376015, -0.0170413516462, 0.0181097276509, -0.0132505008951, 0.00807248055935, -0.00297323637642, -0.000634044816252], [-0.00064379919786, 0.00539937894791, -0.00667063100263, 0.00510036945343, -0.00764975650236, 0.0110814496875, -0.0170413516462, 0.0323345288634, -0.0305828638375, 0.0224917363375, -0.0150717440993, 0.00743802078068, -0.00260206800885], [-0.000398931704694, -0.00368142873049, 0.00436221109703, -0.00446967827156, 0.00615942571312, -0.00996795203537, 0.0181097276509, -0.0305828638375, 0.0433490760624, -0.0294000543654, 0.0198732297868, -0.0114363590255, 0.0015462070005], [0.00234215287492, -0.000763579388149, 0.000229945129831, 0.000112994908704, -0.00391254061833, 0.00643704272807, -0.0132505008951, 0.0224917363375, -0.0294000543654, 0.0381571017206, -0.023320151493, 0.0124525791034, -0.001864757156], [-0.00231808633544, 0.000523016031366, 0.000425745151006, 0.00152265978977, 0.00194896978792, -0.00757302809507, 0.00807248055935, -0.0150717440993, 0.0198732297868, -0.023320151493, 0.0329533219337, -0.0165676884353, 0.00639361515641], [0.00231743045151, -0.000759688671678, -0.000518534507137, -0.00215679430403, -0.0010156747885, 0.00513946311548, -0.00297323637642, 0.00743802078068, -0.0114363590255, 0.0124525791034, -0.0165676884353, 0.0280784480274, -0.0106447497383], [-0.00187301333062, 0.00284718931653, -0.000767123652622, 0.00234616943635, -0.00305233360268, -0.000861469074152, -0.000634044816252, -0.00260206800885, 0.0015462070005, -0.001864757156, 0.00639361515641, -0.0106447497383, 0.0229232963175]]
    },
    "melbands": {
        "dmean": [0.000124436395708, 0.000307324866299, 0.000279756524833, 0.000505635689478, 0.000260871573118, 0.000222796879825, 0.000157001355547, 0.00016902248899, 0.000157289221534, 0.000162462791195, 0.000160854571732, 0.00013581418898, 0.000128380968818, 0.000123068297398, 8.77584025147e-05, 7.15555579518e-05, 7.99885601737e-05, 6.79058866808e-05, 5.23364942637e-05, 4.05940045312e-05, 3.3140546293e-05, 2.98843406199e-05, 2.02063492907e-05, 1.64740722539e-05, 1.44360310514e-05, 1.023162622e-05, 8.79302479007e-06, 7.80660047894e-06, 3.87553109249e-06, 1.61168350132e-06, 5.9123618712e-07, 2.25450293101e-07, 7.70378036918e-08, 1.5697960265e-08, 1.22873915487e-08, 1.86560082938e-08, 1.90129991751e-08, 1.85364896765e-08, 1.34564572818e-08, 4.57711024637e-09],
        "dmean2": [0.00020609695639, 0.00048522252473, 0.000463226897409, 0.000836532795802, 0.000420079129981, 0.000358081801096, 0.000253899168456, 0.000262732151896, 0.000242612688453, 0.000251314981142, 0.000251280609518, 0.000216106825974, 0.000202109265956, 0.000196322405827, 0.000137826922582, 0.00011187131895, 0.000124675309053, 0.000107960528112, 8.32766818348e-05, 6.40982252662e-05, 5.30009310751e-05, 4.70922896056e-05, 3.22623491229e-05, 2.70686668955e-05, 2.36588839471e-05, 1.70150324266e-05, 1.45175936268e-05, 1.27346274894e-05, 6.4396772359e-06, 2.70163695859e-06, 1.00208183085e-06, 3.70571314079e-07, 1.27541369466e-07, 2.60668198138e-08, 1.98512211114e-08, 2.9966155779e-08, 3.02267046948e-08, 2.87228765217e-08, 2.07242276673e-08, 7.15799908235e-09],
        "dvar": [1.04686385782e-07, 4.30585828326e-07, 2.03770539997e-07, 6.15857118191e-07, 1.58011076223e-07, 1.7522950202e-07, 8.61800231178e-08, 8.07211293363e-08, 1.40855064501e-07, 1.39727035275e-07, 1.221865773e-07, 1.04582703386e-07, 1.12685690112e-07, 6.34915195974e-08, 3.47285045166e-08, 2.34690205048e-08, 3.41192460951e-08, 2.19515765565e-08, 1.16137952588e-08, 9.98916593886e-09, 5.28140997602e-09, 5.53038104201e-09, 2.03998218318e-09, 8.28270507736e-10, 5.57576707028e-10, 2.02427449802e-10, 1.43157680155e-10, 1.09376729895e-10, 2.92267390845e-11, 5.78823837818e-12, 1.01365530553e-12, 2.44739748216e-13, 2.86817959791e-14, 1.60381209876e-15, 5.40738527868e-16, 1.34812832149e-15, 9.63481978052e-16, 1.10473340409e-15, 5.11008465513e-16, 7.11404906774e-17],
        "dvar2": [2.74697214309e-07, 1.03663103346e-06, 5.68566008496e-07, 1.66009658642e-06, 4.12120357396e-07, 3.99632369863e-07, 2.18508986904e-07, 1.81218567263e-07, 2.97256065096e-07, 3.17337963907e-07, 2.69680299425e-07, 2.51150680697e-07, 2.58880447745e-07, 1.5976095824e-07, 7.99540487151e-08, 5.45720126865e-08, 7.42348262861e-08, 5.08781496933e-08, 2.75119269588e-08, 2.22053362364e-08, 1.20668097736e-08, 1.18204503963e-08, 4.40284519954e-09, 2.08560124726e-09, 1.41275346976e-09, 5.32031196876e-10, 3.6945904669e-10, 2.71877631519e-10, 7.43478334453e-11, 1.48905037606e-11, 2.66217972146e-12, 6.33673126992e-13, 7.39772894093e-14, 4.28949004138e-15, 1.39528688083e-15, 3.37831234782e-15, 2.30309613611e-15, 2.55630414196e-15, 1.10139567077e-15, 1.53889462018e-16],
        "max": [0.0057594338432, 0.0111983353272, 0.0111009310931, 0.0109953824431, 0.00765439867973, 0.00983850378543, 0.0089275110513, 0.0109766256064, 0.0106851812452, 0.00999865029007, 0.00863568577915, 0.00965842697769, 0.0113985762, 0.00548416143283, 0.00415200041607, 0.00376708945259, 0.00499780382961, 0.00395617354661, 0.00311664026231, 0.00229430361651, 0.00209627649747, 0.00234078476205, 0.0011144366581, 0.000798992638011, 0.000457629386801, 0.000242177673499, 0.000149751926074, 0.000187071418623, 8.4098210209e-05, 4.83767325932e-05, 2.03007402888e-05, 1.95973061636e-05, 4.39375617134e-06, 1.48916092257e-06, 7.08872960331e-07, 8.60526370161e-07, 7.31379429908e-07, 1.18556647521e-06, 6.33080958323e-07, 3.01748656284e-07],
        "mean": [0.000142878750921, 0.000475712353364, 0.00057849654695, 0.000933061062824, 0.000522119691595, 0.00038928797585, 0.000273762270808, 0.000293574354146, 0.000290907424642, 0.000291378004476, 0.000322356761899, 0.00025417105644, 0.000270905147772, 0.000199640227947, 0.000153111046529, 0.000125874299556, 0.000144393998198, 0.000118129799375, 9.36532742344e-05, 6.81919191265e-05, 5.87937392993e-05, 5.32240592293e-05, 3.9144881157e-05, 3.28194546455e-05, 2.8278438549e-05, 2.11362985283e-05, 1.91921899386e-05, 1.693170816e-05, 8.06307525636e-06, 3.23306630889e-06, 1.17753586437e-06, 4.49155038496e-07, 1.44593144569e-07, 3.06376790604e-08, 2.55064325216e-08, 3.97625292692e-08, 4.47287149541e-08, 4.47225048106e-08, 3.30564695616e-08, 1.3372095431e-08],
        "median": [3.17179801641e-05, 0.000231665952015, 0.000452401902294, 0.000637889374048, 0.000362572522135, 0.000203813877306, 0.000159847986652, 0.000166394544067, 0.000128167448565, 0.000111129542347, 9.32664624997e-05, 8.2875318185e-05, 6.14715536358e-05, 8.24622256914e-05, 6.43027524347e-05, 4.3120522605e-05, 4.70893428428e-05, 4.46855228802e-05, 4.22976518166e-05, 3.04040549963e-05, 2.61769491772e-05, 2.39399923885e-05, 1.89465445146e-05, 1.93832202058e-05, 1.92964052985e-05, 1.65239544003e-05, 1.454305675e-05, 1.230169255e-05, 5.79686229685e-06, 2.15062641473e-06, 7.61115870773e-07, 2.59742051867e-07, 6.68099673362e-08, 1.80931198912e-08, 1.68673999212e-08, 2.58537458109e-08, 2.98344779992e-08, 2.82999366163e-08, 2.2189254878e-08, 9.95340254661e-09],
        "min": [5.39012431423e-14, 5.43066746154e-15, 9.67089173737e-16, 3.91474784243e-15, 1.69212121274e-15, 1.89738620086e-15, 9.86108049194e-15, 1.97261810022e-14, 1.96282860164e-14, 1.70585354382e-14, 4.7445279991e-15, 1.20801204665e-14, 2.14958818567e-14, 2.7142301739e-14, 4.58545732919e-15, 1.09085256697e-14, 1.45298524053e-14, 5.48985473577e-15, 3.04953227418e-15, 5.35389535982e-15, 6.66434807933e-15, 9.72516219709e-15, 6.07809582423e-15, 9.15900791624e-15, 4.12679957616e-15, 5.69006876054e-15, 1.18286550192e-14, 1.38407792443e-14, 6.80363205959e-15, 1.50512808055e-14, 1.05257743507e-14, 1.42417426187e-14, 1.42084533768e-14, 1.44055638729e-14, 1.27078328668e-14, 1.02934628594e-14, 1.36122184149e-14, 7.94028759437e-15, 1.26475368264e-14, 1.00904146624e-14],
        "var": [1.09031333295e-07, 5.50576544356e-07, 2.75806172567e-07, 9.59165618042e-07, 3.37471050216e-07, 3.83043385455e-07, 1.45442839994e-07, 1.6154014304e-07, 4.86034821279e-07, 3.80098953201e-07, 5.85614884585e-07, 3.42077498772e-07, 6.01334932071e-07, 1.24272119706e-07, 7.25642834709e-08, 5.82285721862e-08, 9.53286516392e-08, 4.85175313258e-08, 2.45296689627e-08, 2.04300576456e-08, 1.25050361177e-08, 1.16989520293e-08, 6.2468119566e-09, 1.78754067104e-09, 8.816746222e-10, 3.2993424659e-10, 2.85897278074e-10, 2.76907746732e-10, 6.45847056391e-11, 1.25195964706e-11, 1.9321835798e-12, 3.86656608424e-13, 5.00445835488e-14, 1.87432890524e-15, 9.01785898119e-16, 2.36183977683e-15, 2.41290845201e-15, 3.11054553967e-15, 1.44602595431e-15, 1.73198425083e-16]
    },
    "mfcc": {
        "mean": [-639.008850098, 163.793395996, -64.8737182617, 34.7273750305, -6.59992980957, -13.4460048676, 11.5955076218, -16.8582134247, -2.84222650528, -2.27828073502, -12.5742559433, -1.26268684864, -10.8167133331],
        "cov": [[701.900512695, -131.701095581, -79.9922790527, 64.8202438354, -78.1607513428, 50.0788726807, 24.656003952, -10.6514778137, 12.7130393982, -5.54069328308, 23.3745441437, 8.84123420715, -18.3822364807], [-131.701095581, 463.243774414, 31.6400222778, -47.0327301025, 66.0156326294, -26.0079250336, 62.2714233398, 24.4182319641, 0.0995722040534, 51.2349891663, 5.8120880127, -3.95905447006, 23.874622345], [-79.9922790527, 31.6400222778, 394.057495117, 126.990905762, 30.7161712646, 8.69963169098, -65.2083435059, 25.1817684174, 10.3075733185, -46.0450668335, 30.4317359924, -2.49718236923, 2.6122853756], [64.8202438354, -47.0327301025, 126.990905762, 274.385131836, 65.8483963013, -49.0918731689, -92.4868927002, 10.2722864151, 30.2405071259, -54.1088142395, -1.77452278137, 11.5542268753, 13.7829027176], [-78.1607513428, 66.0156326294, 30.7161712646, 65.8483963013, 175.424301147, -11.1326818466, -40.1900749207, 23.6015415192, 19.8632125854, 0.485896527767, -16.6866950989, 25.000623703, 18.6202335358], [50.0788726807, -26.0079250336, 8.69963169098, -49.0918731689, -11.1326818466, 177.697692871, 96.359336853, -26.634431839, -8.96104621887, 13.306886673, 22.6347637177, -8.93064117432, -2.26029849052], [24.656003952, 62.2714233398, -65.2083435059, -92.4868927002, -40.1900749207, 96.359336853, 196.145629883, 18.0378246307, -23.5327262878, 58.4505233765, 6.00630807877, -4.84257221222, -3.59722018242], [-10.6514778137, 24.4182319641, 25.1817684174, 10.2722864151, 23.6015415192, -26.634431839, 18.0378246307, 95.9116897583, 39.781917572, 1.42477428913, 1.20823740959, 9.65658569336, 3.94391107559], [12.7130393982, 0.0995722040534, 10.3075733185, 30.2405071259, 19.8632125854, -8.96104621887, -23.5327262878, 39.781917572, 93.9059143066, 23.7752590179, 1.62318325043, 4.02601575851, 3.7829117775], [-5.54069328308, 51.2349891663, -46.0450668335, -54.1088142395, 0.485896527767, 13.306886673, 58.4505233765, 1.42477428913, 23.7752590179, 106.542526245, 15.3594017029, 2.96690893173, -1.09743726254], [23.3745441437, 5.8120880127, 30.4317359924, -1.77452278137, -16.6866950989, 22.6347637177, 6.00630807877, 1.20823740959, 1.62318325043, 15.3594017029, 85.2121200562, 20.2100563049, 0.642348527908], [8.84123420715, -3.95905447006, -2.49718236923, 11.5542268753, 25.000623703, -8.93064117432, -4.84257221222, 9.65658569336, 4.02601575851, 2.96690893173, 20.2100563049, 76.2868347168, 31.3625621796], [-18.3822364807, 23.874622345, 2.6122853756, 13.7829027176, 18.6202335358, -2.26029849052, -3.59722018242, 3.94391107559, 3.7829117775, -1.09743726254, 0.642348527908, 31.3625621796, 65.0224609375]],
