{
"lowlevel": {
    "average_loudness": 0.698632657528,
    "barkbands_crest": {
        "dmean": 2.35057735443,
        "dmean2": 3.76038122177,
        "dvar": 4.65598487854,
        "dvar2": 11.593047142,
        "max": 25.5692234039,
        "mean": 10.1222448349,
        "median": 9.38494110107,
        "min": 2.62166285515,
        "var": 14.8084201813
    },
    "barkbands_flatness_db": {
        "dmean": 0.0167762953788,
        "dmean2": 0.0256126318127,
        "dvar": 0.000250165758189,
        "dvar2": 0.00055170012638,
        "max": 0.344502806664,
        "mean": 0.130701735616,
        "median": 0.123062111437,
        "min": 0.0259139165282,
        "var": 0.0021164228674
    },
    "barkbands_kurtosis": {
        "dmean": 1.85276472569,
        "dmean2": 2.87480711937,
        "dvar": 17.7973155975,
        "dvar2": 36.8414611816,
        "max": 209.412307739,
        "mean": 2.96583366394,
        "median": 1.10105752945,
        "min": -1.90696275234,
        "var": 47.9314651489
    },
    "barkbands_skewness": {
        "dmean": 0.394707620144,
        "dmean2": 0.598212063313,
        "dvar": 0.201956167817,
        "dvar2": 0.430484265089,
        "max": 12.7484512329,
        "mean": 1.23948287964,
        "median": 1.1070022583,
        "min": -2.18560647964,
        "var": 1.19581472874
    },
    "barkbands_spread": {
        "dmean": 4.58933067322,
        "dmean2": 6.94143009186,
        "dvar": 32.7202377319,
        "dvar2": 67.5277252197,
        "max": 110.111068726,
        "mean": 24.8823451996,
        "median": 23.8892688751,
        "min": 0.990739107132,
        "var": 175.452850342
    },
    "dissonance": {
        "dmean": 0.0205079577863,
        "dmean2": 0.0347442179918,
        "dvar": 0.000422783050453,
        "dvar2": 0.00111786474008,
        "max": 0.5,
        "mean": 0.460641980171,
        "median": 0.469754368067,
        "min": 0.0095240753144,
        "var": 0.0010328105418
    },
    "dynamic_complexity": 3.26111459732,
    "erbbands_crest": {
        "dmean": 2.45378732681,
        "dmean2": 3.90714335442,
        "dvar": 5.26889371872,
        "dvar2": 12.7665615082,
        "max": 27.0393161774,
        "mean": 10.0991029739,
        "median": 9.26069736481,
        "min": 2.1318602562,
        "var": 22.4575157166
    },
    "erbbands_flatness_db": {
        "dmean": 0.0140310702845,
        "dmean2": 0.0207765493542,
        "dvar": 0.000190130347619,
        "dvar2": 0.000379924138542,
        "max": 0.376029193401,
        "mean": 0.156071677804,
        "median": 0.14695726335,
        "min": 0.0497234426439,
        "var": 0.00279856356792
    },
    "erbbands_kurtosis": {
        "dmean": 0.818462908268,
        "dmean2": 1.28982079029,
        "dvar": 1.1112524271,
        "dvar2": 2.64159440994,
        "max": 16.996843338,
        "mean": 0.985004782677,
        "median": 0.317889213562,
        "min": -1.65659117699,
        "var": 4.2684841156
    },
    "erbbands_skewness": {
        "dmean": 0.288326084614,
        "dmean2": 0.443169742823,
        "dvar": 0.0752240121365,
        "dvar2": 0.166845530272,
        "max": 3.51873064041,
        "mean": 0.548069953918,
        "median": 0.483701407909,
        "min": -2.90299725533,
        "var": 0.532432794571
    },
    "erbbands_spread": {
        "dmean": 5.74379205704,
        "dmean2": 8.7183265686,
        "dvar": 46.6456985474,
        "dvar2": 100.623313904,
        "max": 163.231399536,
        "mean": 34.0434532166,
        "median": 30.8938312531,
        "min": 5.27325439453,
        "var": 293.668457031
    },
    "hfc": {
        "dmean": 4.98583173752,
        "dmean2": 7.18319606781,
        "dvar": 58.4641342163,
        "dvar2": 115.753677368,
        "max": 219.844116211,
        "mean": 24.6225395203,
        "median": 17.9116420746,
        "min": 4.11057909933e-10,
        "var": 469.691925049
    },
    "melbands_crest": {
        "dmean": 2.75831604004,
        "dmean2": 4.46897029877,
        "dvar": 6.37403059006,
        "dvar2": 16.4829807281,
        "max": 29.8026103973,
        "mean": 13.2307863235,
        "median": 12.6029605865,
        "min": 2.93191719055,
        "var": 20.1795082092
    },
    "melbands_flatness_db": {
        "dmean": 0.0199145749211,
        "dmean2": 0.0301374774426,
        "dvar": 0.000371531175915,
        "dvar2": 0.000822380476166,
        "max": 0.453369796276,
        "mean": 0.181005358696,
        "median": 0.176024585962,
        "min": 0.0355135351419,
        "var": 0.00271407910623
    },
    "melbands_kurtosis": {
        "dmean": 4.50319623947,
        "dmean2": 7.05122900009,
        "dvar": 92.3934402466,
        "dvar2": 201.350769043,
        "max": 386.535827637,
        "mean": 9.59939575195,
        "median": 5.06690788269,
        "min": -1.84413528442,
        "var": 263.944152832
    },
    "melbands_skewness": {
        "dmean": 0.547515869141,
        "dmean2": 0.846415936947,
        "dvar": 0.403198629618,
        "dvar2": 0.880748510361,
        "max": 16.8729000092,
        "mean": 2.13328194618,
        "median": 1.84458553791,
        "min": -0.591253459454,
        "var": 2.30142641068
    },
    "melbands_spread": {
        "dmean": 5.53033638,
        "dmean2": 8.38868713379,
        "dvar": 46.4938011169,
        "dvar2": 95.607208252,
        "max": 217.971374512,
        "mean": 27.2701301575,
        "median": 23.9979667664,
        "min": 0.705674827099,
        "var": 265.644805908
    },
    "pitch_salience": {
        "dmean": 0.0601410157979,
        "dmean2": 0.0962870270014,
        "dvar": 0.00290166609921,
        "dvar2": 0.00710568390787,
        "max": 0.97566652298,
        "mean": 0.531748950481,
        "median": 0.528927743435,
        "min": 0.105342872441,
        "var": 0.0114258285612
    },
    "silence_rate_20dB": {
        "dmean": 0,
        "dmean2": 0,
        "dvar": 0,
        "dvar2": 0,
        "max": 1,
        "mean": 1,
        "median": 1,
        "min": 1,
        "var": 0
    },
    "silence_rate_30dB": {
        "dmean": 0.00151095446199,
        "dmean2": 0.00302228936926,
        "dvar": 0.0015087359352,
        "dvar2": 0.00326496269554,
        "max": 1,
        "mean": 0.99785977602,
        "median": 1,
        "min": 0,
        "var": 0.0021356313955
    },
    "silence_rate_60dB": {
        "dmean": 0.0196424070746,
        "dmean2": 0.0392897613347,
        "dvar": 0.0192543193698,
        "dvar2": 0.0448083989322,
        "max": 1,
        "mean": 0.0620672293007,
        "median": 0,
        "min": 0,
        "var": 0.0582087449729
    },
    "spectral_centroid": {
        "dmean": 193.247589111,
        "dmean2": 289.24420166,
        "dvar": 43311.8632812,
        "dvar2": 84660.984375,
        "max": 4595.39160156,
        "mean": 1550.18225098,
        "median": 1538.77929688,
        "min": 275.038909912,
        "var": 373863.90625
    },
    "spectral_complexity": {
        "dmean": 2.85318565369,
        "dmean2": 4.59639835358,
        "dvar": 8.27153873444,
        "dvar2": 19.6674556732,
        "max": 51,
        "mean": 18.3800830841,
        "median": 17,
        "min": 0,
        "var": 90.1628494263
    },
    "spectral_decrease": {
        "dmean": 1.56943191776e-09,
        "dmean2": 2.45240983077e-09,
        "dvar": 4.76248741369e-18,
        "dvar2": 1.17915167074e-17,
        "max": -1.02232027387e-20,
        "mean": -6.26763796419e-09,
        "median": -5.61864199611e-09,
        "min": -4.54476349887e-08,
        "var": 1.96193361207e-17
    },
    "spectral_energy": {
        "dmean": 0.00624642288312,
        "dmean2": 0.00970852188766,
        "dvar": 7.41555486456e-05,
        "dvar2": 0.000181464580237,
        "max": 0.190643176436,
        "mean": 0.0258888080716,
        "median": 0.0231176242232,
        "min": 7.58688901634e-14,
        "var": 0.000334314798238
    },
    "spectral_energyband_high": {
        "dmean": 0.000302086991724,
        "dmean2": 0.000431980151916,
        "dvar": 2.89678411036e-07,
        "dvar2": 6.03570526891e-07,
        "max": 0.0147798014805,
        "mean": 0.000989272259176,
        "median": 0.00057082506828,
        "min": 4.55388121147e-14,
        "var": 1.33291666771e-06
    },
    "spectral_energyband_low": {
        "dmean": 0.00363316223957,
        "dmean2": 0.00588985206559,
        "dvar": 4.76216191601e-05,
        "dvar2": 0.000122163954074,
        "max": 0.110566705465,
        "mean": 0.0082250861451,
        "median": 0.00565990293398,
        "min": 2.10571268369e-15,
        "var": 9.56702424446e-05
    },
    "spectral_energyband_middle_high": {
        "dmean": 0.00229994673282,
        "dmean2": 0.00344867352396,
        "dvar": 1.61903699336e-05,
        "dvar2": 3.59103105438e-05,
        "max": 0.165928289294,
        "mean": 0.00909710861742,
        "median": 0.00445422856137,
        "min": 1.30693456816e-14,
        "var": 0.000107483378088
    },
    "spectral_energyband_middle_low": {
        "dmean": 0.00285612838343,
        "dmean2": 0.00452562840655,
        "dvar": 2.12317518162e-05,
        "dvar2": 5.37820560567e-05,
        "max": 0.133105903864,
        "mean": 0.00841339398175,
        "median": 0.00642476370558,
        "min": 1.58499532536e-14,
        "var": 5.27889278601e-05
    },
    "spectral_entropy": {
        "dmean": 0.127074971795,
        "dmean2": 0.185980275273,
        "dvar": 0.0167632643133,
        "dvar2": 0.0339071787894,
        "max": 8.76519107819,
        "mean": 7.610871315,
        "median": 7.64103317261,
        "min": 6.35015439987,
        "var": 0.142766609788
    },
    "spectral_flux": {
        "dmean": 0.0233113523573,
        "dmean2": 0.0377182401717,
        "dvar": 0.000572326942347,
        "dvar2": 0.00137037364766,
        "max": 0.345407754183,
        "mean": 0.0791843384504,
        "median": 0.0686527639627,
        "min": 0.000226476942771,
        "var": 0.00197370443493
    },
    "spectral_kurtosis": {
        "dmean": 0.940120756626,
        "dmean2": 1.58322811127,
        "dvar": 0.984132707119,
        "dvar2": 2.77987909317,
        "max": 16.1888580322,
        "mean": 3.88736128807,
        "median": 3.69285869598,
        "min": -1.25130987167,
        "var": 2.93100619316
    },
    "spectral_rms": {
        "dmean": 0.000576018413994,
        "dmean2": 0.000880178180523,
        "dvar": 4.198803083e-07,
        "dvar2": 9.68300355453e-07,
        "max": 0.0136379376054,
        "mean": 0.00468226056546,
        "median": 0.00474908202887,
        "min": 8.60339621767e-09,
        "var": 3.33379944095e-06
    },
    "spectral_rolloff": {
        "dmean": 380.768920898,
        "dmean2": 621.372497559,
        "dvar": 525033.1875,
        "dvar2": 1161067.25,
        "max": 12812.2558594,
        "mean": 1538.12597656,
        "median": 1313.52539062,
        "min": 86.1328125,
        "var": 1358861.25
    },
    "spectral_skewness": {
        "dmean": 0.144548028708,
        "dmean2": 0.233058258891,
        "dvar": 0.0191143602133,
        "dvar2": 0.0466001965106,
        "max": 3.32105231285,
        "mean": 1.55304825306,
        "median": 1.54621684551,
        "min": 0.122872583568,
        "var": 0.092627055943
    },
    "spectral_spread": {
        "dmean": 462987.3125,
        "dmean2": 681194.6875,
        "dvar": 396869763072,
        "dvar2": 672211206144,
        "max": 32535728,
        "mean": 5026385.5,
        "median": 4949690,
        "min": 2152899.75,
        "var": 1.7456847913e+12
    },
    "spectral_strongpeak": {
        "dmean": 0.695187091827,
        "dmean2": 1.18601715565,
        "dvar": 1.27360248566,
        "dvar2": 3.1632912159,
        "max": 18.5861606598,
        "mean": 1.40884280205,
        "median": 0.485456258059,
        "min": 0,
        "var": 3.05202007294
    },
    "zerocrossingrate": {
        "dmean": 0.00886738952249,
        "dmean2": 0.0106310164556,
        "dvar": 0.000143883153214,
        "dvar2": 0.000162601572811,
        "max": 0.505859375,
        "mean": 0.066388733685,
        "median": 0.06298828125,
        "min": 0.00341796875,
        "var": 0.000940506055485
    },
    "barkbands": {
        "dmean": [0.000101487537904, 0.00305241555907, 0.000927723536734, 0.000464502692921, 0.000996415736154, 0.000474246568047, 0.000665830564685, 0.000467266392661, 0.000924366584513, 0.00126216409262, 0.00052955118008, 0.000656410236843, 0.000495737302117, 0.000431951775681, 0.000338152924087, 0.000282417458948, 0.000214718835196, 9.98015311779e-05, 0.000204400697839, 0.000201223054319, 9.34891286306e-05, 4.63219803351e-05, 5.15670981258e-05, 5.45732436876e-05, 4.19184943894e-05, 2.46224772127e-05, 1.24067028651e-07],
        "dmean2": [0.000172212457983, 0.00491871312261, 0.00154746265616, 0.000800566165708, 0.00161849870346, 0.000778387475293, 0.00106051098555, 0.000694572983775, 0.00139464635868, 0.00198134500533, 0.000803731381893, 0.00100861361716, 0.000746732926928, 0.00065125070978, 0.000519439752679, 0.000438495801063, 0.000335969409207, 0.000162517375429, 0.000311015755869, 0.000306110363454, 0.000147582351929, 7.19828385627e-05, 7.84813673818e-05, 8.08121549198e-05, 6.19440470473e-05, 3.61118909495e-05, 2.1558365404e-07],
        "dvar": [5.88746402741e-08, 3.7550325942e-05, 3.7737652292e-06, 9.8208295185e-07, 3.30996749653e-06, 8.48768365813e-07, 3.75484364667e-06, 1.52628581418e-06, 4.89797548653e-06, 1.16146111395e-05, 2.03065792448e-06, 2.62684466179e-06, 1.78529603545e-06, 8.74784404914e-07, 1.00351439869e-06, 4.4042408831e-07, 5.23650044215e-07, 8.79515908991e-08, 1.33690676307e-07, 1.39964939194e-07, 4.20397086032e-08, 9.33552080085e-09, 1.17504574959e-08, 1.72557772515e-08, 1.34572806232e-08, 4.53530724087e-09, 1.20673436521e-13],
        "dvar2": [1.60267475735e-07, 9.69611937762e-05, 1.04004411696e-05, 2.70851546702e-06, 8.67370999913e-06, 2.18230570681e-06, 9.05409888219e-06, 3.08438416141e-06, 1.15715147331e-05, 3.0440336559e-05, 4.29123565482e-06, 5.6743647292e-06, 3.65699679605e-06, 1.74358285676e-06, 2.32679894907e-06, 9.44382918533e-07, 9.25866459056e-07, 2.2920485776e-07, 2.82348963765e-07, 3.12352710807e-07, 1.03530233275e-07, 2.18060698387e-08, 2.5811866422e-08, 3.88292917819e-08, 3.07636156549e-08, 9.32061894332e-09, 3.36295796982e-13],
        "max": [0.00458840886131, 0.0952118486166, 0.0434358678758, 0.0140412058681, 0.0310650300235, 0.0175296738744, 0.0588793456554, 0.0278366170824, 0.048054613173, 0.11554633081, 0.0353975333273, 0.045013923198, 0.0347105003893, 0.0285730268806, 0.0421731732786, 0.0115442238748, 0.0397058464587, 0.0152074703947, 0.0141834821552, 0.00851261708885, 0.00548540661111, 0.00202221330255, 0.00287260650657, 0.00743846595287, 0.00527355913073, 0.00294588133693, 1.17450599646e-05],
        "mean": [0.000167393533047, 0.00592729775235, 0.00176748121157, 0.000698688440025, 0.00213644467294, 0.000865975453053, 0.00114512129221, 0.000929307134356, 0.00181733025238, 0.00250508333556, 0.000991783221252, 0.00137681723572, 0.00111988058779, 0.000876553182025, 0.000569026917219, 0.00059844047064, 0.000442281685537, 0.000206659984542, 0.000506218813825, 0.000507291639224, 0.000203750852961, 0.000111438574095, 0.000126648519654, 0.000139280236908, 0.000102080397482, 5.04406780237e-05, 1.30890782657e-07],
        "median": [3.04380773741e-05, 0.00345221580938, 0.000892361975275, 0.000329066911945, 0.00122236169409, 0.000506938784383, 0.000266901857685, 0.00029629850178, 0.000405956001487, 0.000608195434324, 0.000176000175998, 0.000283192028292, 0.000189143043826, 0.00021768885199, 0.000164820317877, 0.000165779638337, 0.000154919121996, 9.88135725493e-05, 0.00023837799381, 0.000193364452571, 7.60481125326e-05, 4.08349005738e-05, 5.51108678337e-05, 8.01618880359e-05, 5.28351665707e-05, 1.78611517185e-05, 1.65877391822e-08],
        "min": [5.73868739292e-16, 8.80310542411e-16, 6.16666773018e-16, 6.54053007365e-16, 1.87402291459e-15, 2.32297007015e-15, 2.78214578383e-15, 3.04684739149e-15, 4.10911098713e-15, 3.45905343417e-15, 2.79359174004e-15, 2.36653509221e-15, 8.27732983914e-16, 1.05051646627e-16, 2.20640568406e-17, 1.64344402921e-16, 1.4339355119e-15, 6.25594500282e-16, 3.09939784494e-16, 4.32587645921e-15, 5.1541865902e-15, 7.69962689933e-15, 1.15369097671e-14, 5.42048146684e-15, 4.66353343814e-15, 3.16853659162e-15, 4.9210776174e-15],
        "var": [8.48795735919e-08, 6.83945909259e-05, 6.53280267215e-06, 1.19617550354e-06, 7.2571929195e-06, 1.5245287841e-06, 6.78983224134e-06, 4.56149064121e-06, 1.36570897666e-05, 2.2613656256e-05, 6.25146822131e-06, 8.90854335012e-06, 9.36099786486e-06, 3.04207469526e-06, 1.74017839072e-06, 1.63506604167e-06, 1.5715555719e-06, 1.24962554082e-07, 4.93321977046e-07, 5.25860912148e-07, 1.10545521181e-07, 3.38097692065e-08, 3.87411418501e-08, 4.0343394403e-08, 2.68749733578e-08, 8.97945984235e-09, 1.64261209886e-13]
    },
    "erbbands": {
        "dmean": [0.0828838720918, 0.730829715729, 1.17035090923, 1.2426469326, 2.61880540848, 3.56589722633, 3.79876852036, 4.01685285568, 9.40115737915, 8.40683555603, 10.9158687592, 19.4019584656, 34.6278610229, 29.0168552399, 18.9499111176, 25.6702594757, 20.6194972992, 15.7828016281, 20.4823207855, 13.8924283981, 13.3798828125, 11.941819191, 5.36819458008, 7.83746337891, 9.96313285828, 9.33690357208, 5.41351985931, 2.36772561073, 1.67428302765, 1.48434507847, 1.4493650198, 1.48990082741, 0.781952023506, 0.534546136856, 0.288308650255, 0.130456402898, 0.0415882505476, 0.00535464566201, 0.000101609934063, 9.65536946751e-06],
        "dmean2": [0.135295033455, 1.17945349216, 1.94988179207, 2.1342446804, 4.41028118134, 5.74003839493, 6.07252788544, 6.60831832886, 15.0834236145, 12.8800144196, 16.3557052612, 29.069196701, 53.5888442993, 44.8494033813, 27.8406257629, 38.5047111511, 29.8218898773, 23.4098472595, 30.5210151672, 21.1406517029, 20.1718063354, 18.2584476471, 8.53788375854, 12.2455425262, 15.0136041641, 14.1251688004, 8.10922622681, 3.82677936554, 2.64775490761, 2.28135323524, 2.18781471252, 2.25973200798, 1.16200530529, 0.81108802557, 0.427916705608, 0.189387887716, 0.0620961636305, 0.00815115962178, 0.000153512184625, 1.4456448298e-05],
        "dvar": [0.0351052731276, 2.02736639977, 5.22269248962, 7.75065565109, 31.3796482086, 49.8668746948, 38.9382553101, 82.9214935303, 757.746154785, 675.674743652, 709.549987793, 2627.76123047, 8815.48730469, 8611.73144531, 2529.27978516, 3908.18579102, 2560.02050781, 1602.41162109, 2368.84887695, 1770.6854248, 1015.37921143, 1840.81274414, 199.843582153, 303.46081543, 315.570129395, 321.44052124, 137.600997925, 50.4548492432, 13.4157876968, 8.88720798492, 9.88544750214, 17.8851337433, 2.37511372566, 1.21662056446, 1.15673923492, 0.246455654502, 0.00808548089117, 0.000150576306623, 4.98788814696e-08, 1.96147945108e-10],
        "dvar2": [0.0943344309926, 5.25822114944, 14.5053243637, 21.3007736206, 87.4170227051, 126.558654785, 97.7125396729, 211.494369507, 1872.60925293, 1477.96801758, 1534.13623047, 6372.01367188, 22686.3417969, 21828.53125, 5160.79003906, 8754.79785156, 5120.03857422, 3256.86865234, 5048.85644531, 3931.3293457, 1974.20581055, 3044.88476562, 447.807922363, 735.004455566, 653.609924316, 723.665771484, 325.276153564, 137.044021606, 33.161075592, 19.7242908478, 21.2634181976, 41.6581230164, 5.14110612869, 2.87421178818, 2.6250770092, 0.465932309628, 0.0182625930756, 0.000368464767234, 1.20390126312e-07, 4.43108910675e-10],
        "max": [2.2948372364, 23.482460022, 63.4379615784, 46.5209503174, 90.4890899658, 149.45664978, 152.209686279, 167.93057251, 1013.79504395, 713.472473145, 666.160583496, 1239.93432617, 4519.30761719, 4997.00732422, 1144.54431152, 2037.16882324, 1405.79382324, 1706.1965332, 1423.65905762, 2302.38916016, 648.648010254, 2534.87915039, 807.47467041, 810.09161377, 560.863769531, 373.382446289, 362.729492188, 159.615951538, 77.2862548828, 74.7363052368, 96.908203125, 253.690216064, 52.6640167236, 41.3697929382, 55.4355583191, 27.5971698761, 2.24163603783, 0.309477567673, 0.00539994379506, 0.000270370888757],
        "mean": [0.14416398108, 1.40392899513, 2.3632414341, 2.26915168762, 4.39646530151, 7.08448457718, 8.13125705719, 7.36867666245, 15.9246673584, 17.7926063538, 23.3372955322, 38.0737037659, 74.2939453125, 58.3103637695, 40.645652771, 60.960899353, 55.4188766479, 35.9801292419, 45.0056419373, 29.724647522, 29.3354930878, 25.5795478821, 13.1234941483, 18.410823822, 27.4066009521, 24.1171894073, 13.5592336655, 5.00539875031, 3.83019208908, 3.61601448059, 3.63923454285, 3.60026860237, 1.95136344433, 1.28144156933, 0.64895015955, 0.26811850071, 0.082387521863, 0.0090753249824, 0.000196515291464, 4.0276809159e-05],
        "median": [0.0727108418941, 0.813548862934, 1.31384444237, 1.29289424419, 2.08636116982, 3.43315792084, 4.56180763245, 3.90360736847, 4.58688306808, 4.71840238571, 8.87782764435, 10.9850320816, 22.2700977325, 18.7155284882, 11.2900838852, 14.6338977814, 12.0087490082, 11.9377784729, 12.5852108002, 10.5392751694, 10.3248624802, 9.14004516602, 6.19969654083, 9.57414340973, 12.3621482849, 9.22833347321, 4.90156936646, 2.29740095139, 1.39745879173, 1.35030972958, 1.61485338211, 1.82181334496, 1.14598846436, 0.723591327667, 0.274362355471, 0.097876496613, 0.0273578222841, 0.00278495973907, 7.85874362919e-05, 3.45849584846e-05],
        "min": [3.17380534831e-14, 1.80534013845e-13, 6.30091519325e-13, 1.60854803869e-12, 3.48380677605e-12, 6.79202093873e-12, 1.23321457213e-11, 2.11830032681e-11, 3.44359471494e-11, 5.23737789249e-11, 7.31633226225e-11, 9.23716658718e-11, 1.05753655832e-10, 1.13295269e-10, 1.1314320314e-10, 9.03314992251e-11, 4.33140606715e-11, 1.03344381663e-11, 2.32916463894e-12, 1.38337572734e-12, 2.22421300128e-11, 8.09036865279e-11, 4.78407487237e-11, 1.65038521044e-11, 3.85674304992e-11, 2.11973244513e-10, 2.53751519796e-10, 2.41881042973e-10, 3.23262971946e-10, 3.03208569363e-10, 2.57837723394e-10, 6.87784482145e-11, 1.06821072821e-10, 6.54956852641e-11, 3.17866427624e-11, 1.28134308719e-11, 2.50042152782e-12, 6.11810255235e-12, 9.18454223266e-13, 2.11976737433e-14],
        "var": [0.0487329475582, 3.83417487144, 9.57360935211, 10.08934021, 44.1741294861, 116.667182922, 107.744483948, 139.834136963, 1204.10766602, 2219.3046875, 2100.97558594, 6425.046875, 18019.2675781, 17632.4121094, 9496.265625, 16229.1054688, 19532.8125, 6145.28613281, 7692.96386719, 3631.69702148, 3569.32226562, 5337.73583984, 482.300292969, 721.007446289, 1368.22216797, 1143.18530273, 472.552337646, 69.4219741821, 41.2059135437, 35.8135490417, 31.6635971069, 31.8736152649, 7.64423179626, 2.89909601212, 1.8898859024, 0.467269837856, 0.0166664440185, 0.000226748947171, 8.37575342416e-08, 8.96586471733e-10]
    },
    "gfcc": {
        "mean": [10.5218496323, 75.3050079346, -121.79775238, 26.2645759583, -59.9625053406, 23.2699108124, -34.9969215393, 18.8678398132, -31.5027122498, 4.85447883606, -14.4717607498, -2.63829827309, -7.95659732819],
        "cov": [[4630.41015625, -254.472137451, 535.307128906, 651.685974121, 557.456848145, 421.980895996, 94.1836090088, 291.551361084, 48.6224899292, 341.544586182, 133.53187561, 243.859634399, -31.2157077789], [-254.472137451, 865.510314941, 425.497802734, 195.332214355, 131.435409546, 29.8239097595, 84.7941436768, -2.50035429001, -29.9928855896, -24.9165058136, 111.155387878, -109.843513489, 60.3733100891], [535.307128906, 425.497802734, 1291.57739258, 605.118591309, 234.193893433, 151.148193359, -100.675483704, 104.683151245, -27.0440540314, 60.6971359253, -56.9749450684, 69.8023300171, -78.5936203003], [651.685974121, 195.332214355, 605.118591309, 601.910461426, 280.711761475, 148.324798584, -27.7318153381, 46.5487632751, 15.9116296768, 84.5115661621, 18.4037265778, 75.2533416748, -3.65355920792], [557.456848145, 131.435409546, 234.193893433, 280.711761475, 317.774169922, 145.205871582, 56.5936050415, 29.0931167603, 13.056883812, 86.3921508789, 36.1801643372, 59.2153549194, 1.36945176125], [421.980895996, 29.8239097595, 151.148193359, 148.324798584, 145.205871582, 211.372909546, 105.61857605, 18.0877380371, -12.5549097061, 72.7497024536, 42.6276512146, 8.51957511902, 10.4716501236], [94.1836090088, 84.7941436768, -100.675483704, -27.7318153381, 56.5936050415, 105.61857605, 211.941375732, 25.8935718536, -6.58552503586, 37.8239822388, 64.9112167358, -32.3514633179, 32.3068313599], [291.551361084, -2.50035429001, 104.683151245, 46.5487632751, 29.0931167603, 18.0877380371, 25.8935718536, 157.139450073, 58.5865364075, 2.51462602615, 4.28448152542, 14.1324586868, 10.2848110199], [48.6224899292, -29.9928855896, -27.0440540314, 15.9116296768, 13.056883812, -12.5549097061, -6.58552503586, 58.5865364075, 141.258544922, 21.1878528595, -11.4100170135, 53.3197174072, 6.65957546234], [341.544586182, -24.9165058136, 60.6971359253, 84.5115661621, 86.3921508789, 72.7497024536, 37.8239822388, 2.51462602615, 21.1878528595, 117.614326477, 48.3750495911, 33.5065307617, -3.13699698448], [133.53187561, 111.155387878, -56.9749450684, 18.4037265778, 36.1801643372, 42.6276512146, 64.9112167358, 4.28448152542, -11.4100170135, 48.3750495911, 132.925842285, -18.6180152893, 32.7651176453], [243.859634399, -109.843513489, 69.8023300171, 75.2533416748, 59.2153549194, 8.51957511902, -32.3514633179, 14.1324586868, 53.3197174072, 33.5065307617, -18.6180152893, 149.525909424, -7.95564699173], [-31.2157077789, 60.3733100891, -78.5936203003, -3.65355920792, 1.36945176125, 10.4716501236, 32.3068313599, 10.2848110199, 6.65957546234, -3.13699698448, 32.7651176453, -7.95564699173, 89.53881073]],
        "icov": [[0.000425977952546, -1.50851319631e-05, 0.000237226660829, -0.000235439496464, -0.000161941861734, -0.000515353633091, 0.000384519749787, -0.00105113547761, 0.000623692059889, -0.000835363985971, -7.82405322752e-07, -0.000442032294814, 0.000287402363028], [-1.50851319631e-05, 0.00426539825276, -0.00306681869552, 0.00100644549821, -0.0027717272751, 0.00329400622286, -0.0027707987465, 0.00347002432682, -0.00295436149463, 0.00394024187699, -0.00453582266346, 0.00351481814869, -0.00294395675883], [0.000237226660829, -0.00306681869552, 0.0043122745119, -0.00275276857428, 0.00238017574884, -0.00336359860376, 0.00294502777979, -0.00446452526376, 0.00360608263873, -0.00353275449015, 0.00403338763863, -0.00276419450529, 0.00351704051718], [-0.000235439496464, 0.00100644549821, -0.00275276857428, 0.00560284592211, -0.003546993481, 0.000289523188258, 0.00047809726675, 0.00198244163767, -0.00189610302914, 0.0013355629053, -0.00192718487233, 0.000904446525965, -0.00235477741808], [-0.000161941861734, -0.0027717272751, 0.00238017574884, -0.003546993481, 0.00914383679628, -0.00408437103033, 0.000597625272349, -0.00224346108735, 0.00209694448858, -0.00366390612908, 0.00300660263747, -0.00356791238301, 0.00243525439873], [-0.000515353633091, 0.00329400622286, -0.00336359860376, 0.000289523188258, -0.00408437103033, 0.0137560302392, -0.00724507402629, 0.0041531091556, -0.00177065364551, 0.00083755934611, -0.00277886888944, 0.00348252104595, -0.00326322671026], [0.000384519749787, -0.0027707987465, 0.00294502777979, 0.00047809726675, 0.000597625272349, -0.00724507402629, 0.0112142767757, -0.00491948937997, 0.00266019324772, -0.00357485399581, 0.00105193769559, -0.00116582051851, 0.00115222041495], [-0.00105113547761, 0.00347002432682, -0.00446452526376, 0.00198244163767, -0.00224346108735, 0.0041531091556, -0.00491948937997, 0.0145715391263, -0.00852132309228, 0.00712788105011, -0.00458078784868, 0.0042203865014, -0.00395945133641], [0.000623692059889, -0.00295436149463, 0.00360608263873, -0.00189610302914, 0.00209694448858, -0.00177065364551, 0.00266019324772, -0.00852132309228, 0.0140759125352, -0.00690938998014, 0.00505778985098, -0.00600980315357, 0.00181757647078], [-0.000835363985971, 0.00394024187699, -0.00353275449015, 0.0013355629053, -0.00366390612908, 0.00083755934611, -0.00357485399581, 0.00712788105011, -0.00690938998014, 0.0203964654356, -0.00949315261096, 0.00186422036495, -0.000697256589774], [-7.82405322752e-07, -0.00453582266346, 0.00403338763863, -0.00192718487233, 0.00300660263747, -0.00277886888944, 0.00105193769559, -0.00458078784868, 0.00505778985098, -0.00949315261096, 0.0166055168957, -0.00222623883747, -3.76401148969e-05], [-0.000442032294814, 0.00351481814869, -0.00276419450529, 0.000904446525965, -0.00356791238301, 0.00348252104595, -0.00116582051851, 0.0042203865014, -0.00600980315357, 0.00186422036495, -0.00222623883747, 0.0126844244078, -0.00287629640661], [0.000287402363028, -0.00294395675883, 0.00351704051718, -0.00235477741808, 0.00243525439873, -0.00326322671026, 0.00115222041495, -0.00395945133641, 0.00181757647078, -0.000697256589774, -3.76401148969e-05, -0.00287629640661, 0.0162266436964]]
    },
    "melbands": {
        "dmean": [0.000799969420768, 0.000720014097169, 0.000236384672462, 0.000223672497668, 0.000137779876241, 9.46682412177e-05, 0.000139380979817, 9.2710579338e-05, 0.000101185614767, 0.000130487998831, 0.000181105526281, 0.000130890286528, 6.7807493906e-05, 6.02032087045e-05, 7.69134858274e-05, 3.7626192352e-05, 3.31321025442e-05, 3.94613634853e-05, 2.09392528632e-05, 2.27069613175e-05, 1.61408243002e-05, 1.48368171722e-05, 7.44163571653e-06, 4.22192442784e-06, 7.44250337448e-06, 8.70733947522e-06, 7.48574029785e-06, 6.87921146891e-06, 4.36677737525e-06, 2.33886748902e-06, 1.23660413465e-06, 1.05276831164e-06, 9.82799519988e-07, 8.64869093675e-07, 8.57773727603e-07, 1.13469286589e-06, 8.978107644e-07, 5.9055400925e-07, 5.45292550669e-07, 4.82867392293e-07],
        "dmean2": [0.00128728069831, 0.00118380482309, 0.00040416023694, 0.00036703562364, 0.000219620429561, 0.000155382571393, 0.000222877031774, 0.000139518961078, 0.000152094653458, 0.000195363158127, 0.000280339067103, 0.000202958995942, 0.000100695237052, 8.93803589861e-05, 0.000115172268124, 5.39174106962e-05, 4.93467632623e-05, 5.87211216043e-05, 3.21819388773e-05, 3.47689565388e-05, 2.4371967811e-05, 2.27750788326e-05, 1.18356701932e-05, 6.93219817549e-06, 1.17229774332e-05, 1.31003725983e-05, 1.14307504191e-05, 1.04930895759e-05, 6.62001002638e-06, 3.67698135051e-06, 2.06014942705e-06, 1.69431712038e-06, 1.55641646415e-06, 1.36215828661e-06, 1.32260061037e-06, 1.75887396381e-06, 1.37510619425e-06, 8.98457130916e-07, 8.30488090742e-07, 7.45449824535e-07],
        "dvar": [2.89245645035e-06, 1.73899547917e-06, 2.25666639153e-07, 2.10032837344e-07, 5.09008408756e-08, 4.30311359878e-08, 1.61545514743e-07, 7.39939167715e-08, 6.28054337426e-08, 1.14677106922e-07, 2.27870984304e-07, 1.70787672005e-07, 3.29696057122e-08, 2.12936335231e-08, 3.34389440582e-08, 1.13682903091e-08, 6.73485800462e-09, 7.87108778155e-09, 5.32758148708e-09, 3.71170227886e-09, 1.72832836931e-09, 3.42407191489e-09, 6.47303655121e-10, 5.92161805701e-11, 3.01313474171e-10, 2.45490322515e-10, 2.06288611193e-10, 1.8714095551e-10, 9.31491481171e-11, 2.34376320435e-11, 2.20407442297e-11, 5.91829276558e-12, 3.7123850001e-12, 3.29071925959e-12, 3.45772455806e-12, 8.82032467897e-12, 6.49876289935e-12, 1.61066548553e-12, 9.31746108219e-13, 1.20586342561e-12],
        "dvar2": [7.56741064833e-06, 4.6687532631e-06, 6.24762776624e-07, 5.50868548999e-07, 1.25377965787e-07, 1.10564535305e-07, 3.95156575905e-07, 1.57472669571e-07, 1.38526033311e-07, 2.81057111806e-07, 5.8480725329e-07, 4.39820695419e-07, 6.71848781053e-08, 4.50596466806e-08, 6.92934776225e-08, 2.16850430945e-08, 1.3249073838e-08, 1.61149493749e-08, 1.36868871792e-08, 8.14834866247e-09, 3.40279560085e-09, 5.31442934104e-09, 1.3286179934e-09, 1.53411172654e-10, 7.42842842794e-10, 5.25035126486e-10, 4.36283814631e-10, 4.3531722671e-10, 2.18348381043e-10, 5.51568096752e-11, 6.18504206185e-11, 1.49914126252e-11, 8.78823316203e-12, 7.63517287589e-12, 7.8476513482e-12, 2.00368697328e-11, 1.53746980425e-11, 3.68635157122e-12, 2.10692487762e-12, 2.95582677258e-12],
        "max": [0.0247735157609, 0.032213948667, 0.00677323620766, 0.00866825226694, 0.00640740199015, 0.00395913887769, 0.0139987943694, 0.00736813573167, 0.00540230702609, 0.00780092785135, 0.022593839094, 0.0211884714663, 0.00488702161238, 0.00283101038076, 0.00496780360118, 0.00309661542997, 0.00341890682466, 0.002144476166, 0.00387634220533, 0.00213287607767, 0.000989467836916, 0.00364929344505, 0.00139085424598, 0.000278060353594, 0.000771301216446, 0.000422712706495, 0.000451684783911, 0.000302825268591, 0.000260583852651, 0.000102271682408, 0.000110642635264, 5.61047563679e-05, 3.56305281457e-05, 4.83714793518e-05, 4.68497455586e-05, 0.000140600430313, 0.000156822730787, 4.48974897154e-05, 2.10148955375e-05, 4.24387835665e-05],
        "mean": [0.0015241386136, 0.00151688756887, 0.000447901315056, 0.000423836725531, 0.0003058956936, 0.000173640262801, 0.000237415559241, 0.000196052511455, 0.000205884411116, 0.000249564152909, 0.000382423400879, 0.000250565382885, 0.000134531175718, 0.000127449122374, 0.000192905485164, 8.16669271444e-05, 6.54769537505e-05, 8.21437788545e-05, 3.7058860471e-05, 4.55295339634e-05, 3.00746596622e-05, 2.87589627987e-05, 1.51373596964e-05, 9.39485835261e-06, 1.50034084072e-05, 2.09662539419e-05, 1.86515280802e-05, 1.55385550897e-05, 9.63816819421e-06, 4.87492343382e-06, 2.15475461118e-06, 2.18495188165e-06, 2.11325800592e-06, 1.92241759578e-06, 1.95153074856e-06, 2.48619176091e-06, 2.0463319288e-06, 1.34577760491e-06, 1.21221250993e-06, 1.05100150449e-06],
        "median": [0.000840437947772, 0.00094821176026, 0.000275296741165, 0.000217475550016, 0.00016918516485, 9.39634046517e-05, 6.60981313558e-05, 4.75384695164e-05, 6.84920887579e-05, 5.74831938138e-05, 0.000102881087514, 6.48521527182e-05, 2.66129773081e-05, 2.74131380138e-05, 3.29283284373e-05, 1.63696222444e-05, 1.82029143616e-05, 1.78257541847e-05, 1.20056220112e-05, 1.14214581117e-05, 1.10241453513e-05, 9.66447259998e-06, 6.09145718045e-06, 4.53576649306e-06, 6.8528815973e-06, 9.2703885457e-06, 7.61659612181e-06, 5.3160410971e-06, 3.08262929138e-06, 1.75039781425e-06, 8.81523874341e-07, 7.58942235279e-07, 7.0115396511e-07, 7.23418679627e-07, 8.40048869577e-07, 1.02869000784e-06, 1.07818175366e-06, 7.54808297643e-07, 6.93148535902e-07, 5.44656586499e-07],
        "min": [2.91219350508e-16, 3.02947209877e-16, 3.26608916439e-16, 3.62631718909e-16, 4.14941323827e-16, 4.76244433412e-16, 5.41734426856e-16, 5.93649182072e-16, 6.11784263352e-16, 5.85790939783e-16, 5.25886546292e-16, 4.56706242055e-16, 3.85032087534e-16, 2.90139833486e-16, 1.66664042351e-16, 6.04970915613e-17, 1.37694122583e-17, 3.72988642218e-18, 1.38157722161e-18, 2.27034298173e-18, 3.18074635979e-17, 8.50041105357e-17, 7.3140024446e-17, 2.06875373114e-17, 1.20853171989e-17, 1.17700943839e-17, 6.83246355234e-17, 1.56898970079e-16, 1.74041725792e-16, 9.86292244449e-17, 1.74941182138e-16, 2.48264536277e-16, 4.4634526887e-17, 2.56303567161e-16, 2.13259073317e-16, 2.05080060313e-17, 4.58167168749e-17, 5.91167322597e-17, 8.42851185298e-17, 5.33951967546e-17],
        "var": [4.79946083942e-06, 3.44264662999e-06, 3.07619501427e-07, 3.85868219155e-07, 1.58471962663e-07, 7.56524869416e-08, 2.64510617853e-07, 2.57196830944e-07, 1.81330378268e-07, 2.83372003196e-07, 4.74705643683e-07, 3.32908797418e-07, 1.13891331921e-07, 8.35704980773e-08, 1.98393365736e-07, 6.09722334843e-08, 2.35474040267e-08, 2.83523124978e-08, 7.65005125913e-09, 1.098317437e-08, 4.30622337788e-09, 9.5348458018e-09, 1.22145105141e-09, 1.68964175984e-10, 6.04309990937e-10, 8.82769746191e-10, 7.90343235302e-10, 5.53795065361e-10, 2.81884876552e-10, 6.34574476299e-11, 2.13659333281e-11, 1.5471146933e-11, 1.20062518955e-11, 1.14243692631e-11, 1.0602859736e-11, 1.71507148761e-11, 1.07368957475e-11, 4.40163747464e-12, 2.68861408831e-12, 2.29314484068e-12]
    },
    "mfcc": {
        "mean": [-632.706359863, 107.308143616, -2.70624923706, 11.1410570145, 2.65875148773, 0.0178416520357, 12.1860113144, 3.67667126656, -0.0845279991627, 9.87333869934, -7.06843185425, -1.49270701408, -0.0494489222765],
        "cov": [[4150.98583984, -455.12020874, 67.1403656006, 358.361480713, 419.477081299, 264.194549561, 239.497192383, 158.934616089, 66.6657562256, 239.479782104, 52.92420578, 139.712615967, 271.296325684], [-455.12020874, 670.344909668, 256.346923828, 110.957000732, 70.4426422119, 1.74307882786, 140.970779419, -17.0099983215, -10.32558918, 41.1192817688, -3.26389741898, 8.13713169098, -11.0260124207], [67.1403656006, 256.346923828, 974.171142578, 418.16116333, 363.638916016, 121.479316711, 94.5119781494, 40.1015663147, 57.4037094116, -30.4353408813, 43.1381111145, 68.0043029785, 43.7223968506], [358.361480713, 110.957000732, 418.16116333, 457.168518066, 319.136047363, 158.619567871, 66.240196228, 48.3675537109, 43.0166435242, -10.1408729553, 14.4723768234, 83.5620117188, 79.666229248], [419.477081299, 70.4426422119, 363.638916016, 319.136047363, 375.808258057, 116.662200928, 51.7904319763, 51.5670776367, 44.7910575867, 4.30068063736, 9.69587898254, 63.1254653931, 69.4872360229], [264.194549561, 1.74307882786, 121.479316711, 158.619567871, 116.662200928, 291.119812012, 105.296463013, 15.7972841263, 12.0775222778, 16.1979408264, 43.1805992126, 18.4186210632, 40.8750457764], [239.497192383, 140.970779419, 94.5119781494, 66.240196228, 51.7904319763, 105.296463013, 312.229431152, -11.5417890549, -22.4743251801, 127.564048767, -33.5347290039, 7.05021905899, 24.0585613251], [158.934616089, -17.0099983215, 40.1015663147, 48.3675537109, 51.5670776367, 15.7972841263, -11.5417890549, 125.725440979, 57.9458961487, -2.64821648598, 32.5362434387, 10.2590169907, 26.579202652], [66.6657562256, -10.32558918, 57.4037094116, 43.0166435242, 44.7910575867, 12.0775222778, -22.4743251801, 57.9458961487, 114.71207428, 12.4391031265, 23.1058330536, 5.06053543091, 5.60575437546], [239.479782104, 41.1192817688, -30.4353408813, -10.1408729553, 4.30068063736, 16.1979408264, 127.564048767, -2.64821648598, 12.4391031265, 163.450424194, -12.291138649, -1.79067611694, 19.4244556427], [52.92420578, -3.26389741898, 43.1381111145, 14.4723768234, 9.69587898254, 43.1805992126, -33.5347290039, 32.5362434387, 23.1058330536, -12.291138649, 111.43825531, 24.6913223267, 12.1419734955], [139.712615967, 8.13713169098, 68.0043029785, 83.5620117188, 63.1254653931, 18.4186210632, 7.05021905899, 10.2590169907, 5.06053543091, -1.79067611694, 24.6913223267, 100.817855835, 42.6581230164], [271.296325684, -11.0260124207, 43.7223968506, 79.666229248, 69.4872360229, 40.8750457764, 24.0585613251, 26.579202652, 5.60575437546, 19.4244556427, 12.1419734955, 42.6581230164, 94.4103546143]],
