{
"lowlevel": {
    "average_loudness": 0.753720164299,
    "barkbands_crest": {
        "dmean": 2.78752970695,
        "dmean2": 4.42500162125,
        "dvar": 6.08376026154,
        "dvar2": 14.3118314743,
        "max": 25.1184024811,
        "mean": 8.95775127411,
        "median": 7.85899353027,
        "min": 2.36716079712,
        "var": 18.7539978027
    },
    "barkbands_flatness_db": {
        "dmean": 0.025218969211,
        "dmean2": 0.0424941368401,
        "dvar": 0.000410884269513,
        "dvar2": 0.0011274254648,
        "max": 0.388670057058,
        "mean": 0.215726271272,
        "median": 0.210333496332,
        "min": 0.0462750717998,
        "var": 0.00131956662517
    },
    "barkbands_kurtosis": {
        "dmean": 1.23225700855,
        "dmean2": 1.92610347271,
        "dvar": 7.71840047836,
        "dvar2": 18.6627235413,
        "max": 126.207305908,
        "mean": 0.342550605536,
        "median": -0.598618030548,
        "min": -1.90446412563,
        "var": 10.1541624069
    },
    "barkbands_skewness": {
        "dmean": 0.454002231359,
        "dmean2": 0.677027642727,
        "dvar": 0.215843424201,
        "dvar2": 0.454586267471,
        "max": 9.48649120331,
        "mean": 0.586903631687,
        "median": 0.503254175186,
        "min": -4.97295379639,
        "var": 0.910170316696
    },
    "barkbands_spread": {
        "dmean": 6.79011297226,
        "dmean2": 10.4200801849,
        "dvar": 45.5322990417,
        "dvar2": 99.9094619751,
        "max": 92.244102478,
        "mean": 32.9359855652,
        "median": 33.4687995911,
        "min": 1.45349776745,
        "var": 229.111083984
    },
    "dissonance": {
        "dmean": 0.0134230200201,
        "dmean2": 0.0225183740258,
        "dvar": 0.000224282688578,
        "dvar2": 0.000567845243495,
        "max": 0.500000059605,
        "mean": 0.479967653751,
        "median": 0.485828995705,
        "min": 0.105888538063,
        "var": 0.000413164467318
    },
    "dynamic_complexity": 1.83472561836,
    "erbbands_crest": {
        "dmean": 2.63909220695,
        "dmean2": 4.37062263489,
        "dvar": 6.09477090836,
        "dvar2": 15.8474559784,
        "max": 31.3336429596,
        "mean": 8.55144309998,
        "median": 7.84297180176,
        "min": 2.44651150703,
        "var": 13.9753904343
    },
    "erbbands_flatness_db": {
        "dmean": 0.0152970831841,
        "dmean2": 0.0232670474797,
        "dvar": 0.000205355638172,
        "dvar2": 0.000429968931712,
        "max": 0.456932991743,
        "mean": 0.256019949913,
        "median": 0.250338822603,
        "min": 0.0724501460791,
        "var": 0.00180785101838
    },
    "erbbands_kurtosis": {
        "dmean": 0.914099752903,
        "dmean2": 1.46041464806,
        "dvar": 2.02687263489,
        "dvar2": 4.68961048126,
        "max": 37.002407074,
        "mean": 0.134801715612,
        "median": -0.447910904884,
        "min": -1.82759070396,
        "var": 4.29878139496
    },
    "erbbands_skewness": {
        "dmean": 0.402027487755,
        "dmean2": 0.615586221218,
        "dvar": 0.137540772557,
        "dvar2": 0.297802239656,
        "max": 4.16345262527,
        "mean": -0.229216679931,
        "median": -0.240371719003,
        "min": -4.81040287018,
        "var": 0.770023167133
    },
    "erbbands_spread": {
        "dmean": 6.65268945694,
        "dmean2": 10.3398637772,
        "dvar": 42.8465766907,
        "dvar2": 99.3136444092,
        "max": 96.2091293335,
        "mean": 33.7477684021,
        "median": 32.2955856323,
        "min": 3.16300010681,
        "var": 179.707687378
    },
    "hfc": {
        "dmean": 7.80627632141,
        "dmean2": 11.2794294357,
        "dvar": 115.737464905,
        "dvar2": 209.268005371,
        "max": 294.615966797,
        "mean": 23.1504650116,
        "median": 20.1849727631,
        "min": 1.06955068625e-16,
        "var": 288.934082031
    },
    "melbands_crest": {
        "dmean": 3.64840149879,
        "dmean2": 5.83925104141,
        "dvar": 10.3671560287,
        "dvar2": 24.0914173126,
        "max": 34.7834205627,
        "mean": 13.3342561722,
        "median": 11.9466867447,
        "min": 1.68167376518,
        "var": 37.1412277222
    },
    "melbands_flatness_db": {
        "dmean": 0.0268474277109,
        "dmean2": 0.042429190129,
        "dvar": 0.00048088101903,
        "dvar2": 0.00116579793394,
        "max": 0.450123459101,
        "mean": 0.255106985569,
        "median": 0.249445766211,
        "min": 0.00532407220453,
        "var": 0.00199471507221
    },
    "melbands_kurtosis": {
        "dmean": 3.33515930176,
        "dmean2": 5.10175180435,
        "dvar": 36.2444610596,
        "dvar2": 82.7509307861,
        "max": 141.995056152,
        "mean": 4.83184957504,
        "median": 2.24569058418,
        "min": -1.9330971241,
        "var": 75.1116027832
    },
    "melbands_skewness": {
        "dmean": 0.571430265903,
        "dmean2": 0.861291408539,
        "dvar": 0.340792655945,
        "dvar2": 0.727722108364,
        "max": 10.7032728195,
        "mean": 1.72304332256,
        "median": 1.5002874136,
        "min": -2.92540979385,
        "var": 1.53098428249
    },
    "melbands_spread": {
        "dmean": 12.3208045959,
        "dmean2": 18.6574268341,
        "dvar": 195.024291992,
        "dvar2": 405.106689453,
        "max": 213.930297852,
        "mean": 45.6088562012,
        "median": 41.617805481,
        "min": 2.03761792183,
        "var": 732.969665527
    },
    "pitch_salience": {
        "dmean": 0.0752872824669,
        "dmean2": 0.117188535631,
        "dvar": 0.00407636025921,
        "dvar2": 0.00963528547436,
        "max": 0.929362416267,
        "mean": 0.572592914104,
        "median": 0.589163482189,
        "min": 0.100867204368,
        "var": 0.0156896822155
    },
    "silence_rate_20dB": {
        "dmean": 0,
        "dmean2": 0,
        "dvar": 0,
        "dvar2": 0,
        "max": 1,
        "mean": 1,
        "median": 1,
        "min": 1,
        "var": 0
    },
    "silence_rate_30dB": {
        "dmean": 0.00400489475578,
        "dmean2": 0.00801068078727,
        "dvar": 0.00398811046034,
        "dvar2": 0.00972374156117,
        "max": 1,
        "mean": 0.996329247952,
        "median": 1,
        "min": 0,
        "var": 0.0036588429939
    },
    "silence_rate_60dB": {
        "dmean": 0.00444988301024,
        "dmean2": 0.0089007569477,
        "dvar": 0.00442939018831,
        "dvar2": 0.0117115238681,
        "max": 1,
        "mean": 0.00478309253231,
        "median": 0,
        "min": 0,
        "var": 0.00476022437215
    },
    "spectral_centroid": {
        "dmean": 314.204040527,
        "dmean2": 474.311523438,
        "dvar": 108188.382812,
        "dvar2": 210426.765625,
        "max": 11456.2822266,
        "mean": 2412.34204102,
        "median": 2458.95996094,
        "min": 424.886810303,
        "var": 597001.375
    },
    "spectral_complexity": {
        "dmean": 4.72644329071,
        "dmean2": 6.87049388885,
        "dvar": 18.5982704163,
        "dvar2": 34.6732025146,
        "max": 55,
        "mean": 22.278087616,
        "median": 22,
        "min": 0,
        "var": 68.98046875
    },
    "spectral_decrease": {
        "dmean": 1.42158296246e-09,
        "dmean2": 2.1490409452e-09,
        "dvar": 5.59213219729e-18,
        "dvar2": 1.03783348791e-17,
        "max": 1.29310210547e-28,
        "mean": -4.07511446809e-09,
        "median": -3.34393845947e-09,
        "min": -4.48999841751e-08,
        "var": 1.09181843798e-17
    },
    "spectral_energy": {
        "dmean": 0.00589776225388,
        "dmean2": 0.00888563320041,
        "dvar": 9.24809282878e-05,
        "dvar2": 0.000170263883774,
        "max": 0.18299677968,
        "mean": 0.0174802560359,
        "median": 0.0147219691426,
        "min": 1.01469421792e-20,
        "var": 0.00018176829326
    },
    "spectral_energyband_high": {
        "dmean": 0.000741685274988,
        "dmean2": 0.00110890204087,
        "dvar": 1.76403170826e-06,
        "dvar2": 3.61808338312e-06,
        "max": 0.0489804111421,
        "mean": 0.00148404331412,
        "median": 0.000964787788689,
        "min": 7.11585918579e-21,
        "var": 3.44682848663e-06
    },
    "spectral_energyband_low": {
        "dmean": 0.00172619498335,
        "dmean2": 0.00264729605988,
        "dvar": 6.66710911901e-06,
        "dvar2": 1.54350564117e-05,
        "max": 0.0473735444248,
        "mean": 0.00368712679483,
        "median": 0.00243797013536,
        "min": 2.54072376049e-23,
        "var": 1.89117708942e-05
    },
    "spectral_energyband_middle_high": {
        "dmean": 0.00235488032922,
        "dmean2": 0.00347052351572,
        "dvar": 1.2363312635e-05,
        "dvar2": 2.43923150265e-05,
        "max": 0.0920112431049,
        "mean": 0.00661441870034,
        "median": 0.00535569200292,
        "min": 1.16436212923e-21,
        "var": 3.23289459629e-05
    },
    "spectral_energyband_middle_low": {
        "dmean": 0.00374185480177,
        "dmean2": 0.0056440862827,
        "dvar": 6.35210381006e-05,
        "dvar2": 0.000124523590785,
        "max": 0.154206484556,
        "mean": 0.00623103138059,
        "median": 0.00303180003539,
        "min": 1.79769712537e-22,
        "var": 0.000119035132229
    },
    "spectral_entropy": {
        "dmean": 0.114509940147,
        "dmean2": 0.169980272651,
        "dvar": 0.012674103491,
        "dvar2": 0.0242113638669,
        "max": 9.81122398376,
        "mean": 7.56648540497,
        "median": 7.61916255951,
        "min": 6.27993392944,
        "var": 0.0779197961092
    },
    "spectral_flux": {
        "dmean": 0.0208271872252,
        "dmean2": 0.0323433950543,
        "dvar": 0.000535522471182,
        "dvar2": 0.00111909920815,
        "max": 0.392646670341,
        "mean": 0.0870824381709,
        "median": 0.0801961869001,
        "min": 6.77186293152e-11,
        "var": 0.00132849346846
    },
    "spectral_kurtosis": {
        "dmean": 2.35770845413,
        "dmean2": 4.18117666245,
        "dvar": 5.58861112595,
        "dvar2": 17.3122348785,
        "max": 27.845331192,
        "mean": 2.0822687149,
        "median": 1.24072408676,
        "min": -1.30056643486,
        "var": 8.40993404388
    },
    "spectral_rms": {
        "dmean": 0.00065101828659,
        "dmean2": 0.000968478329014,
        "dvar": 6.24225151569e-07,
        "dvar2": 1.09321001673e-06,
        "max": 0.0133616412058,
        "mean": 0.00394436484203,
        "median": 0.00378984119743,
        "min": 3.1463399594e-12,
        "var": 1.4958874317e-06
    },
    "spectral_rolloff": {
        "dmean": 660.70501709,
        "dmean2": 1046.51318359,
        "dvar": 695477.1875,
        "dvar2": 1345680.875,
        "max": 19358.3496094,
        "mean": 2816.70336914,
        "median": 2950.04882812,
        "min": 43.06640625,
        "var": 2172985
    },
    "spectral_skewness": {
        "dmean": 0.299171566963,
        "dmean2": 0.509014308453,
        "dvar": 0.0715437531471,
        "dvar2": 0.207445681095,
        "max": 3.31732153893,
        "mean": 0.419039309025,
        "median": 0.357712030411,
        "min": -0.952991187572,
        "var": 0.203621402383
    },
    "spectral_spread": {
        "dmean": 250396.3125,
        "dmean2": 389469.28125,
        "dvar": 213766258688,
        "dvar2": 347272675328,
        "max": 41618252,
        "mean": 2851460.5,
        "median": 2791898.5,
        "min": 1385614.875,
        "var": 1.34016244122e+12
    },
    "spectral_strongpeak": {
        "dmean": 0.841902554035,
        "dmean2": 1.42474019527,
        "dvar": 1.98715877533,
        "dvar2": 5.11854028702,
        "max": 18.2923164368,
        "mean": 1.18832612038,
        "median": 0.460221529007,
        "min": 0,
        "var": 2.81152701378
    },
    "zerocrossingrate": {
        "dmean": 0.0117053873837,
        "dmean2": 0.0129530346021,
        "dvar": 0.000164963057614,
        "dvar2": 0.000177081499714,
        "max": 0.72802734375,
        "mean": 0.085786126554,
        "median": 0.083984375,
        "min": 0.009765625,
        "var": 0.00123028457165
    },
    "barkbands": {
        "dmean": [0.000107773550553, 0.00136858678889, 0.000732865009923, 0.00058056821581, 0.000793703657109, 0.000815567502286, 0.000976669020019, 0.000749805185478, 0.00108435202856, 0.000951106194407, 0.00044989673188, 0.00047576444922, 0.000391901645344, 0.000426085171057, 0.000321979197906, 0.000206859680475, 0.00021770899184, 0.000296073587378, 0.00040972820716, 0.000489307625685, 0.000239341534325, 0.000327751768054, 2.0218483769e-05, 6.95782853555e-09, 6.39863717566e-09, 6.63506405374e-09, 2.14158846212e-09],
        "dmean2": [0.000176261630259, 0.00190342590213, 0.00110669678543, 0.00096757360734, 0.00139884091914, 0.00129471172113, 0.00155276234727, 0.001231934526, 0.00173839228228, 0.00153837818652, 0.000740870484151, 0.000758087320719, 0.000617552781478, 0.000690068583935, 0.00051258597523, 0.000330237147864, 0.000341925944667, 0.000457998015918, 0.00062819669256, 0.000738114293199, 0.00037203222746, 0.000499550544191, 3.3355114283e-05, 1.26359402941e-08, 1.15351594943e-08, 1.22316405893e-08, 3.89831722458e-09],
        "dvar": [2.91532380459e-08, 5.92980950387e-06, 2.13325984078e-06, 1.96009136744e-06, 4.48214723292e-06, 9.1634619821e-06, 1.70242092281e-05, 1.41750842886e-05, 1.17723957374e-05, 5.30622446604e-06, 1.91205595002e-06, 1.06947618406e-06, 8.88376348485e-07, 8.68617405558e-07, 6.27962549515e-07, 2.08516851785e-07, 2.57467803522e-07, 2.96972075375e-07, 5.86097030464e-07, 7.51987784042e-07, 2.50011083835e-07, 6.04684885275e-07, 2.9897817555e-09, 1.14856320865e-14, 7.11118887571e-15, 2.87600550471e-14, 9.98878849643e-16],
        "dvar2": [7.23692963334e-08, 1.15969723993e-05, 4.38124243374e-06, 4.95039421367e-06, 1.23066201922e-05, 1.75850545929e-05, 3.9667920646e-05, 3.33903954015e-05, 2.66507358901e-05, 1.21523880807e-05, 5.11082362209e-06, 2.64212940237e-06, 2.05909645956e-06, 2.05486139748e-06, 1.42962630889e-06, 4.82917130284e-07, 5.96404731823e-07, 6.58012424992e-07, 1.30592138703e-06, 1.58423199537e-06, 5.2627393643e-07, 1.3804660739e-06, 7.26920124094e-09, 3.2741001479e-14, 1.97439856348e-14, 8.56853311719e-14, 2.88420732474e-15],
        "max": [0.00327478884719, 0.0433644577861, 0.0293099656701, 0.0235620103776, 0.0253564734012, 0.138416230679, 0.113412767649, 0.13127976656, 0.108587570488, 0.0634278729558, 0.0394924357533, 0.0376022495329, 0.0254409946501, 0.0218942090869, 0.0235196631402, 0.0083750365302, 0.0132157634944, 0.0204491186887, 0.0165017545223, 0.0210339706391, 0.0219712201506, 0.0243200100958, 0.00158746552188, 6.32594537819e-06, 3.35135359819e-06, 1.1015356904e-05, 1.88326202988e-06],
        "mean": [0.000136224523885, 0.00227733026259, 0.00096945365658, 0.000602138694376, 0.000810827477835, 0.00105711247306, 0.0011226949282, 0.000805422547273, 0.00138394616079, 0.00129609915894, 0.000621268060058, 0.000735803856514, 0.000564192712773, 0.000644204090349, 0.00045487267198, 0.000318122765748, 0.000349073874531, 0.000528993085027, 0.000803763396107, 0.00105962343514, 0.000392007204937, 0.000523112947121, 2.39358687395e-05, 4.66991867398e-09, 4.35764446749e-09, 4.32852731436e-09, 1.55792101442e-09],
        "median": [5.04992895003e-05, 0.0010772398673, 0.00035859819036, 0.000189760175999, 0.000258390791714, 0.000287878210656, 0.000236210908042, 0.000157436850714, 0.000400219811127, 0.000483939307742, 0.00025712698698, 0.000318758131471, 0.000223438226385, 0.000269696582109, 0.000191069731954, 0.000141686206916, 0.000131853070343, 0.000284950539935, 0.000347288383637, 0.000449250568636, 0.000229452678468, 0.000234280712903, 7.61727005738e-06, 3.47050777005e-10, 2.61738380969e-10, 2.47064563252e-10, 2.40748532221e-10],
        "min": [3.84243773412e-24, 1.01418987201e-23, 8.17906418625e-25, 1.27085767932e-24, 2.08182002164e-23, 2.37925024408e-23, 1.57180062049e-23, 4.77680600546e-24, 2.22930608757e-23, 2.86420248556e-23, 3.28184311927e-23, 1.50348305728e-23, 7.39547127443e-23, 7.91522711242e-23, 9.47062037271e-23, 9.92772109108e-23, 9.41308148937e-23, 9.53381254884e-23, 1.53897233169e-22, 2.38544469545e-22, 3.2617151755e-22, 3.92556371535e-22, 5.85875760928e-22, 6.59707991973e-22, 9.95149874715e-22, 1.6171210329e-21, 1.96116929977e-21],
        "var": [4.62025333547e-08, 1.26631366584e-05, 2.99574617202e-06, 1.75356603904e-06, 3.51602966475e-06, 1.46187139762e-05, 2.02533046831e-05, 1.53043747559e-05, 1.49450906974e-05, 7.43737427911e-06, 2.19503340304e-06, 1.72585487235e-06, 1.25596977796e-06, 1.3034591575e-06, 9.00535269466e-07, 3.18118878795e-07, 4.9412159342e-07, 6.02639545377e-07, 1.49292282003e-06, 2.13427733797e-06, 3.72584906927e-07, 9.30923931719e-07, 3.51905704576e-09, 7.19974278221e-15, 4.72657513579e-15, 1.49738213365e-14, 5.7240983092e-16]
    },
    "erbbands": {
        "dmean": [0.0366638079286, 0.334279626608, 0.772968351841, 1.43965601921, 2.37023735046, 2.64700984955, 3.76727151871, 8.07708644867, 12.3627681732, 14.8791246414, 16.3576545715, 22.3481941223, 32.2016906738, 22.3299789429, 16.5151424408, 17.2560710907, 16.0385360718, 19.6854381561, 17.2495594025, 13.6312561035, 10.8319826126, 11.7475271225, 13.3703384399, 20.6613922119, 18.3392333984, 23.0560264587, 12.5180225372, 9.37958240509, 12.7266025543, 5.21688222885, 0.218251302838, 0.00861408840865, 0.000954158545937, 0.000232274047448, 8.86331254151e-05, 4.2798143113e-05, 1.95827342395e-05, 6.31983903077e-06, 4.39224731963e-06, 7.53177710067e-06],
        "dmean2": [0.0556357391179, 0.45893484354, 1.10459768772, 2.27637672424, 4.0686750412, 4.64449977875, 6.10062170029, 12.9436588287, 19.539358139, 23.8391609192, 26.5063667297, 35.7185592651, 51.4859275818, 36.0674591064, 26.8958053589, 27.4355106354, 24.9129600525, 31.2863235474, 27.3291225433, 21.590051651, 17.1697273254, 18.0417232513, 20.5795536041, 31.8422164917, 27.3022441864, 35.0483474731, 19.017999649, 14.6890258789, 19.4290981293, 7.97804450989, 0.336677342653, 0.0130916470662, 0.00145572214387, 0.000365902320482, 0.000143346813275, 7.14435445843e-05, 3.28298992827e-05, 1.03057227534e-05, 6.5460649239e-06, 1.12670568342e-05],
        "dvar": [0.00408095587045, 0.387387037277, 2.01025176048, 10.4345779419, 40.6423912048, 50.3881988525, 305.165283203, 955.567382812, 2187.38891602, 4122.72900391, 6298.38720703, 6368.13085938, 7178.33105469, 3427.3605957, 1819.07836914, 1452.62255859, 1462.77209473, 2213.70849609, 1413.18261719, 1155.38781738, 579.015563965, 701.430053711, 679.102783203, 1490.96728516, 1147.63061523, 1657.52355957, 718.416320801, 354.405395508, 934.922546387, 151.174453735, 0.250727534294, 0.000379761535442, 6.25005532129e-06, 1.18071545785e-06, 4.25991117936e-07, 3.51005638777e-07, 1.16662569383e-07, 6.61633858812e-09, 7.28441820752e-11, 1.3447794267e-10],
        "dvar2": [0.00901750009507, 0.709529399872, 4.07954549789, 25.5207748413, 109.375556946, 136.737976074, 632.953308105, 2143.64892578, 5029.74121094, 9615.41503906, 14689.2714844, 14760.7412109, 15847.4980469, 8191.12695312, 4961.58447266, 3586.02807617, 3271.92285156, 5113.22460938, 3290.29052734, 2712.02392578, 1290.68786621, 1561.46240234, 1446.35998535, 3373.10522461, 2362.20922852, 3494.32495117, 1577.57006836, 752.601379395, 2090.24365234, 345.32699585, 0.562445640564, 0.000846659240779, 1.52516886374e-05, 3.22698656419e-06, 1.20313791285e-06, 1.04035450477e-06, 3.47804729017e-07, 1.96161256127e-08, 1.63026009359e-10, 2.46278109017e-10],
        "max": [0.850507318974, 10.7830810547, 24.5598888397, 51.9832649231, 76.1236495972, 109.685600281, 1171.67370605, 1072.6829834, 1132.70129395, 1641.92431641, 2392.7175293, 3234.33422852, 2613.16577148, 1624.25061035, 1313.47436523, 1492.18041992, 1011.13781738, 1172.0065918, 806.146789551, 798.662780762, 668.969482422, 545.305725098, 1254.23620605, 850.846618652, 898.020996094, 1028.24182129, 921.391296387, 733.36895752, 979.902770996, 341.569366455, 14.6155891418, 0.521649003029, 0.0937209427357, 0.0518285594881, 0.0323494598269, 0.0380170717835, 0.0225107017905, 0.00526795256883, 0.000386114174034, 0.00021684692183],
        "mean": [0.0638322904706, 0.510193824768, 1.12135827541, 1.72711467743, 2.34328079224, 2.66454315186, 4.50018215179, 10.21118927, 14.829908371, 16.9923171997, 18.8162631989, 28.9303817749, 44.4738388062, 33.7825622559, 26.38438797, 28.2198905945, 25.9152565002, 31.7400550842, 27.6775245667, 21.0215682983, 17.8957061768, 20.6747817993, 26.2840099335, 39.66355896, 41.2690467834, 49.6960411072, 22.6652183533, 15.5101642609, 19.8408355713, 8.07716464996, 0.334845453501, 0.0138853825629, 0.00156524870545, 0.000364216772141, 0.0001328849321, 6.13658849034e-05, 2.86063768726e-05, 1.07495434349e-05, 1.29539748741e-05, 2.30739151448e-05],
        "median": [0.0259215421975, 0.226134568453, 0.491341412067, 0.686379373074, 0.710631608963, 0.771888554096, 1.24186897278, 2.81784915924, 3.57244229317, 3.62376785278, 4.28730487823, 8.14982223511, 16.85704422, 14.795750618, 12.6249027252, 13.3297252655, 11.977519989, 13.7494068146, 13.1827096939, 9.73202514648, 8.50520324707, 8.66528320312, 14.8527774811, 20.2987785339, 18.7735595703, 20.7522125244, 14.2574901581, 8.48749160767, 8.94666290283, 3.4181599617, 0.143687531352, 0.00632096081972, 0.000761935603805, 0.000191960658412, 7.40694376873e-05, 3.6063232983e-05, 1.75496661541e-05, 7.2179586823e-06, 1.1285452274e-05, 2.00652502826e-05],
        "min": [4.2756033871e-22, 2.12972088012e-21, 2.45041573399e-21, 5.077441395e-21, 9.90423090853e-21, 3.27444066058e-20, 4.4438769451e-20, 2.86012973782e-19, 2.7368007274e-19, 2.07324807224e-19, 1.33383481235e-19, 5.01702153812e-19, 6.45019001454e-19, 8.80819242772e-19, 1.42857648665e-18, 8.86068634336e-19, 3.51668640956e-18, 4.0705545536e-18, 4.46897891694e-18, 6.67613584643e-18, 6.55793752716e-18, 5.58133542234e-18, 6.41993443607e-18, 1.05492295665e-17, 7.26157457932e-18, 1.22725445675e-17, 9.47619185076e-18, 1.45810948149e-17, 1.3468051336e-17, 1.46158612161e-17, 1.75116153998e-17, 1.2361666661e-17, 1.16858245318e-17, 1.09365444806e-17, 7.13818570171e-18, 5.45451043647e-18, 3.1331064227e-18, 1.13233736329e-18, 2.95472275225e-19, 2.67043790094e-20],
        "var": [0.00943225901574, 0.752633750439, 3.40632534027, 11.1139230728, 31.5460968018, 43.410785675, 374.05456543, 1290.41687012, 2766.1159668, 5001.19433594, 7068.78613281, 7801.27441406, 10598.9521484, 4764.67578125, 2713.87207031, 2221.91259766, 2245.93383789, 3560.57519531, 2276.05322266, 1535.23400879, 930.387634277, 1541.05603027, 1597.7635498, 2999.76025391, 3634.3269043, 4729.60400391, 1091.62841797, 578.516052246, 1432.56616211, 234.621139526, 0.403104990721, 0.000624530599453, 7.96811218606e-06, 9.23267805319e-07, 2.84730930389e-07, 1.91882307377e-07, 6.18938855723e-08, 3.63867980191e-09, 1.0806287809e-10, 2.69535005426e-10]
    },
    "gfcc": {
        "mean": [-60.7231521606, 148.028869629, -204.179275513, 62.3257102966, -52.6587562561, -20.684671402, 24.058927536, -29.6621341705, 2.91590023041, -6.71285963058, -10.8437662125, 1.65270411968, -9.18858337402],
        "cov": [[2455.72460938, 108.268463135, -56.3796615601, 370.857025146, -105.753677368, 40.1469650269, -16.8634605408, -94.2276229858, -68.7440948486, -39.0112724304, -44.2169151306, -40.3231658936, -62.2894096375], [108.268463135, 612.147949219, 173.011535645, -36.0257415771, 109.432037354, -128.866500854, -48.7232246399, -33.163974762, 17.1250629425, -19.5557518005, -14.72286129, -5.3445854187, 14.1263036728], [-56.3796615601, 173.011535645, 608.284240723, 440.824432373, 36.7281112671, 140.161575317, -17.9687862396, -18.7745399475, 67.7590942383, 12.9563035965, 25.2063770294, 56.0261802673, 9.60776996613], [370.857025146, -36.0257415771, 440.824432373, 696.602783203, 129.28793335, 244.539459229, 64.687828064, 3.94345474243, 57.6655960083, 25.5513935089, 59.8696060181, 51.0764923096, 6.6140089035], [-105.753677368, 109.432037354, 36.7281112671, 129.28793335, 284.461212158, 57.3455162048, 76.7203292847, 60.3787956238, -9.99329853058, 35.8461532593, 49.3056221008, -18.8794460297, 9.24929141998], [40.1469650269, -128.866500854, 140.161575317, 244.539459229, 57.3455162048, 394.719787598, 187.766921997, 6.23814821243, 43.382019043, 11.8464765549, 44.3865470886, 27.0413780212, -11.2056388855], [-16.8634605408, -48.7232246399, -17.9687862396, 64.687828064, 76.7203292847, 187.766921997, 238.754226685, 87.6200790405, -8.3499917984, 33.0493888855, 62.513835907, -6.86885452271, 0.165606662631], [-94.2276229858, -33.163974762, -18.7745399475, 3.94345474243, 60.3787956238, 6.23814821243, 87.6200790405, 132.444244385, 57.4498710632, 32.5121002197, 25.6008529663, 11.5454530716, 17.7318248749], [-68.7440948486, 17.1250629425, 67.7590942383, 57.6655960083, -9.99329853058, 43.382019043, -8.3499917984, 57.4498710632, 163.162307739, 40.7106132507, -0.467898964882, 50.3059616089, 31.8395996094], [-39.0112724304, -19.5557518005, 12.9563035965, 25.5513935089, 35.8461532593, 11.8464765549, 33.0493888855, 32.5121002197, 40.7106132507, 107.838348389, 76.7576370239, 16.0557174683, 17.2318229675], [-44.2169151306, -14.72286129, 25.2063770294, 59.8696060181, 49.3056221008, 44.3865470886, 62.513835907, 25.6008529663, -0.467898964882, 76.7576370239, 128.76751709, 40.9677696228, 3.88566923141], [-40.3231658936, -5.3445854187, 56.0261802673, 51.0764923096, -18.8794460297, 27.0413780212, -6.86885452271, 11.5454530716, 50.3059616089, 16.0557174683, 40.9677696228, 83.1027832031, 43.5732765198], [-62.2894096375, 14.1263036728, 9.60776996613, 6.6140089035, 9.24929141998, -11.2056388855, 0.165606662631, 17.7318248749, 31.8395996094, 17.2318229675, 3.88566923141, 43.5732765198, 70.584274292]],
        "icov": [[0.000938821176533, -0.00158471625764, 0.00197603926063, -0.00206379895099, 0.00196498935111, -0.00137754809111, 0.00168724835385, -0.00216790381819, 0.00226685358211, -0.00190442032181, 0.00130335555878, -0.000423646037234, 0.000766686629504], [-0.00158471625764, 0.00740966619924, -0.00650919275358, 0.00550146494061, -0.00737337954342, 0.00797513965517, -0.00938178598881, 0.011948088184, -0.00963535625488, 0.00687179388478, -0.00292572681792, 0.00026770166005, -0.000593569595367], [0.00197603926063, -0.00650919275358, 0.00959024019539, -0.00774740613997, 0.00706404540688, -0.00695026014, 0.00876817107201, -0.0101039493456, 0.00845975056291, -0.00683035561815, 0.00367228221148, -0.00162314658519, 0.00160699477419], [-0.00206379895099, 0.00550146494061, -0.00774740613997, 0.00884060002863, -0.00709996093065, 0.00397241255268, -0.0058869747445, 0.00812486931682, -0.00745567306876, 0.0061030513607, -0.00391204282641, 0.000660521152895, -0.00148158683442], [0.00196498935111, -0.00737337954342, 0.00706404540688, -0.00709996093065, 0.0132954586297, -0.00923609919846, 0.0113974316046, -0.0154687734321, 0.0106094004586, -0.00552335148677, -0.00121094950009, 0.00641390122473, -0.00376589200459], [-0.00137754809111, 0.00797513965517, -0.00695026014, 0.00397241255268, -0.00923609919846, 0.0186046976596, -0.0217917896807, 0.022222565487, -0.0152925550938, 0.00717119453475, 0.000734801404178, -0.00625416450202, 0.0053623765707], [0.00168724835385, -0.00938178598881, 0.00876817107201, -0.0058869747445, 0.0113974316046, -0.0217917896807, 0.0329185537994, -0.0310859493911, 0.0188166219741, -0.00622777082026, -0.00581975281239, 0.0117154410109, -0.00837570242584], [-0.00216790381819, 0.011948088184, -0.0101039493456, 0.00812486931682, -0.0154687734321, 0.022222565487, -0.0310859493911, 0.0428657829762, -0.0264007933438, 0.0114050777629, -0.00180183490738, -0.00484247179702, 0.00338227604516], [0.00226685358211, -0.00963535625488, 0.00845975056291, -0.00745567306876, 0.0106094004586, -0.0152925550938, 0.0188166219741, -0.0264007933438, 0.0303185004741, -0.0208906643093, 0.0150633845478, -0.0120025798678, 0.00425005424768], [-0.00190442032181, 0.00687179388478, -0.00683035561815, 0.0061030513607, -0.00552335148677, 0.00717119453475, -0.00622777082026, 0.0114050777629, -0.0208906643093, 0.0372139923275, -0.0302315168083, 0.0235489998013, -0.0162210073322], [0.00130335555878, -0.00292572681792, 0.00367228221148, -0.00391204282641, -0.00121094950009, 0.000734801404178, -0.00581975281239, -0.00180183490738, 0.0150633845478, -0.0302315168083, 0.0411920435727, -0.0359351187944, 0.0228455848992], [-0.000423646037234, 0.00026770166005, -0.00162314658519, 0.000660521152895, 0.00641390122473, -0.00625416450202, 0.0117154410109, -0.00484247179702, -0.0120025798678, 0.0235489998013, -0.0359351187944, 0.0557645596564, -0.0336940772831], [0.000766686629504, -0.000593569595367, 0.00160699477419, -0.00148158683442, -0.00376589200459, 0.0053623765707, -0.00837570242584, 0.00338227604516, 0.00425005424768, -0.0162210073322, 0.0228455848992, -0.0336940772831, 0.0369830690324]]
    },
    "melbands": {
        "dmean": [0.000356716453098, 0.000373171264073, 0.000242135225562, 0.000183560987352, 0.000124915095512, 0.000175180815859, 0.000193500469322, 0.000164774362929, 0.000134699963382, 0.00015352841001, 0.000164181910804, 9.66873849393e-05, 5.77265964239e-05, 5.52370147489e-05, 4.3635856855e-05, 3.72567592422e-05, 3.92822330468e-05, 3.0963889003e-05, 2.41068119067e-05, 1.54338158609e-05, 1.33620487759e-05, 1.32802042572e-05, 1.27368039102e-05, 1.47830987771e-05, 1.91339822777e-05, 1.6606407371e-05, 1.67573416547e-05, 1.69917457242e-05, 1.01875593828e-05, 5.74462046643e-06, 5.6015978771e-06, 7.61381943448e-06, 6.77236585034e-06, 1.5623827494e-06, 8.3789828409e-09, 1.49070158995e-10, 9.36315538991e-11, 7.58091159292e-11, 6.63737606543e-11, 6.15531237091e-11],
        "dmean2": [0.000512810482178, 0.000523885362782, 0.000366980500985, 0.000321985542541, 0.000204532800126, 0.000280549400486, 0.000305436784402, 0.000264721747953, 0.000218086279347, 0.000246618466917, 0.000263720052317, 0.00015678795171, 9.40423924476e-05, 8.85017288965e-05, 6.98763687978e-05, 5.79729785386e-05, 6.28506531939e-05, 4.95435706398e-05, 3.82391735911e-05, 2.46190684265e-05, 2.1454785383e-05, 2.07474804483e-05, 1.98151392397e-05, 2.3139446057e-05, 2.96120397252e-05, 2.50335797318e-05, 2.57449246419e-05, 2.61086224782e-05, 1.57928261615e-05, 9.07707726583e-06, 8.95539960766e-06, 1.18242460303e-05, 1.0441066479e-05, 2.48667834057e-06, 1.4179651231e-08, 2.53723736465e-10, 1.70934738586e-10, 1.36992889255e-10, 1.19902393569e-10, 1.10541450993e-10],
        "dvar": [3.96744894715e-07, 3.88952742014e-07, 2.53323293009e-07, 2.52713363125e-07, 2.34687121292e-07, 4.12621460555e-07, 5.74675084408e-07, 5.12890949267e-07, 3.99474572532e-07, 2.7001490821e-07, 1.80168342467e-07, 5.97851439466e-08, 2.34663239951e-08, 1.83808221976e-08, 9.38109501192e-09, 8.64784066579e-09, 8.87476403477e-09, 4.46749348626e-09, 4.28930846397e-09, 1.38737343836e-09, 1.01394070917e-09, 1.04216835162e-09, 9.35865052121e-10, 6.75698663688e-10, 1.3856811254e-09, 1.12638587346e-09, 9.9167118961e-10, 9.84752834832e-10, 5.21312493174e-10, 1.59580210157e-10, 1.33186323081e-10, 3.20792281627e-10, 2.93072344171e-10, 1.36515364985e-11, 5.40512317131e-16, 7.94176850575e-18, 2.2938191947e-18, 1.34332125566e-18, 8.71509428375e-19, 7.15359545614e-19],
        "dvar2": [8.46006628308e-07, 7.15131022844e-07, 5.55668975721e-07, 6.96432778113e-07, 4.80097810396e-07, 8.88103954821e-07, 1.33088599341e-06, 1.21270375075e-06, 9.14634597393e-07, 6.30717977401e-07, 4.02782774245e-07, 1.43554245824e-07, 6.25488709716e-08, 4.76606807354e-08, 2.30640306853e-08, 1.86625843668e-08, 2.05293737565e-08, 1.06227062702e-08, 9.45859390811e-09, 3.32661520552e-09, 2.25766583206e-09, 2.36427344369e-09, 2.08744577179e-09, 1.50494627871e-09, 3.19554294137e-09, 2.38859243495e-09, 2.16534323805e-09, 2.16382978202e-09, 1.20990151231e-09, 3.33408578523e-10, 3.01588781726e-10, 7.24244553219e-10, 6.96163959812e-10, 3.17843563968e-11, 1.44260161186e-15, 1.92162692062e-17, 6.610815875e-18, 3.75204783156e-18, 2.45385403461e-18, 1.99964647192e-18],
        "max": [0.0104107381776, 0.00917060486972, 0.00874068215489, 0.00531655922532, 0.0310574080795, 0.023390494287, 0.0191293675452, 0.0220545008779, 0.0229968428612, 0.0207030456513, 0.0124457357451, 0.00609857495874, 0.00392058910802, 0.00527447974309, 0.00330678839236, 0.00226285052486, 0.00228137872182, 0.00153451110236, 0.00218393653631, 0.000816532585304, 0.00107202888466, 0.000729814812075, 0.00146715459414, 0.000677367555909, 0.000793899060227, 0.000944090948906, 0.000704454840161, 0.000868382747285, 0.000633479852695, 0.000615770346485, 0.000297777325613, 0.000541102665011, 0.000496765016578, 0.000120444390632, 6.82827192122e-07, 1.9752836522e-07, 9.05120103312e-08, 6.96459068195e-08, 5.01436154821e-08, 4.11955980439e-08],
        "mean": [0.000610775256064, 0.000640491489321, 0.000321415165672, 0.00017980816483, 0.000150178879267, 0.000225685216719, 0.000230673947954, 0.000185987431905, 0.00015183200594, 0.000196391963982, 0.000224098766921, 0.000140410120366, 8.60656946315e-05, 8.45162649057e-05, 6.66868436383e-05, 5.49666983716e-05, 5.89234296058e-05, 4.62126881757e-05, 3.38768440997e-05, 2.28686440096e-05, 2.00061967917e-05, 2.08094061236e-05, 2.13361927308e-05, 2.61621535174e-05, 3.26793051499e-05, 3.19076243613e-05, 3.29031281581e-05, 3.34176584147e-05, 1.61923453561e-05, 8.87662736204e-06, 8.64143021317e-06, 1.14138874778e-05, 1.00059842225e-05, 2.19000912693e-06, 8.29605806274e-09, 1.06144933121e-10, 6.20945447838e-11, 5.16633819059e-11, 4.523602673e-11, 4.14120265857e-11],
        "median": [0.000283830362605, 0.00032632361399, 0.000132467481308, 5.44399372302e-05, 4.300396904e-05, 6.39835052425e-05, 5.48444222659e-05, 3.90618224628e-05, 3.3123887988e-05, 5.51618504687e-05, 8.43751622597e-05, 5.78064937145e-05, 3.9016988012e-05, 3.34572760039e-05, 2.66780916718e-05, 2.2024511054e-05, 2.30232617469e-05, 1.88850754057e-05, 1.38972573041e-05, 9.70095061348e-06, 8.99268707144e-06, 7.87968747318e-06, 9.1870133474e-06, 1.40758556881e-05, 1.51743242895e-05, 1.29183372337e-05, 1.27509720187e-05, 1.3202467926e-05, 8.71845077199e-06, 4.78791480418e-06, 4.42500231657e-06, 5.20300545759e-06, 3.97411895392e-06, 8.85474946699e-07, 1.87962889697e-09, 6.25285196884e-12, 4.72993606088e-12, 3.70389222765e-12, 2.95624635882e-12, 2.45552471585e-12],
        "min": [3.94333659377e-24, 2.20838060543e-24, 9.21409554644e-25, 4.65265862607e-24, 2.42521736624e-24, 5.948234473e-24, 4.11490595205e-24, 1.31175242587e-24, 1.21598106349e-24, 3.23573329217e-24, 3.31985209429e-24, 3.5204310235e-24, 5.37709207787e-24, 1.57000665218e-24, 4.59009998414e-24, 7.69895584654e-24, 7.74734851877e-24, 6.61641030935e-24, 8.09759487208e-24, 8.78410975232e-24, 6.47570671171e-24, 5.70752658398e-24, 4.52197513965e-24, 4.35547973472e-24, 7.77573094528e-24, 5.53314927531e-24, 5.70767528426e-24, 8.53494093566e-24, 4.61811204045e-24, 7.03054611294e-24, 7.24833877596e-24, 6.95952654336e-24, 7.9410604138e-24, 8.27567312169e-24, 8.61214044157e-24, 9.36290094279e-24, 6.79361962867e-24, 7.85998681199e-24, 6.41318751282e-24, 8.40037230928e-24],
        "var": [8.58686576066e-07, 9.039808333e-07, 3.37005161555e-07, 1.91118189719e-07, 3.05757112073e-07, 5.968592518e-07, 7.0534548513e-07, 6.02444629294e-07, 4.55138120969e-07, 3.31392072894e-07, 2.61834230741e-07, 8.35122122567e-08, 3.2439842812e-08, 2.78206098159e-08, 1.46732768158e-08, 1.36986271215e-08, 1.36874778178e-08, 7.11975856049e-09, 6.03238348162e-09, 1.93612437194e-09, 1.5084776761e-09, 1.99843719351e-09, 1.87226323334e-09, 1.39364508822e-09, 2.50901499577e-09, 2.94895308173e-09, 2.69523736662e-09, 2.51237364246e-09, 7.39791949922e-10, 2.30811272872e-10, 1.9868179324e-10, 4.75465056216e-10, 4.08856198897e-10, 1.97146309694e-11, 5.02054903744e-16, 7.05364122566e-18, 1.38650235838e-18, 8.83070518206e-19, 5.74097001023e-19, 4.69466149859e-19]
    },
    "mfcc": {
        "mean": [-672.258666992, 153.533889771, -79.9935455322, 71.8161849976, -49.36145401, 26.3247852325, 2.98144745827, -0.83937138319, 14.9201593399, -12.9794111252, 21.054933548, -17.3844146729, 8.58835506439],
        "cov": [[1117.57397461, 174.906555176, -163.262161255, 297.33694458, -134.105163574, 135.269226074, -26.25182724, -19.5114402771, -6.20792388916, -60.2026786804, 16.4214057922, -91.996421814, 26.2756328583], [174.906555176, 419.063262939, 106.955223083, -59.5727500916, 88.0853347778, -118.046463013, -47.4539756775, -58.839881897, -14.1970586777, -38.6731872559, -35.9376716614, 40.2503013611, -73.8510437012], [-163.262161255, 106.955223083, 514.047973633, 237.245071411, 101.969604492, 165.151824951, -44.7738113403, 50.1756629944, 28.7031440735, -45.1556549072, 30.4458637238, 35.4285011292, 56.1631011963], [297.33694458, -59.5727500916, 237.245071411, 558.778869629, 123.347869873, 199.354888916, 43.5494537354, 41.396270752, 21.8918895721, 3.24316334724, 28.8823890686, -26.8670902252, 124.510444641], [-134.105163574, 88.0853347778, 101.969604492, 123.347869873, 269.600708008, 13.40883255, 11.2767496109, 12.9750137329, 10.3765573502, 33.1293487549, -17.895067215, 30.6361808777, 22.92877388], [135.269226074, -118.046463013, 165.151824951, 199.354888916, 13.40883255, 398.398956299, 123.86100769, 102.134399414, 41.9221992493, 16.2173023224, 77.0609893799, -53.9798164368, 99.0178527832], [-26.25182724, -47.4539756775, -44.7738113403, 43.5494537354, 11.2767496109, 123.86100769, 319.830230713, 74.5400619507, -32.6808128357, 116.986968994, 38.7800292969, -30.2157917023, 45.4738311768], [-19.5114402771, -58.839881897, 50.1756629944, 41.396270752, 12.9750137329, 102.134399414, 74.5400619507, 146.851638794, 67.4567184448, 26.3528556824, 37.8607902527, -5.36238002777, 41.8991966248], [-6.20792388916, -14.1970586777, 28.7031440735, 21.8918895721, 10.3765573502, 41.9221992493, -32.6808128357, 67.4567184448, 148.850280762, 13.4585399628, 12.9469451904, 28.7108211517, 1.86524939537], [-60.2026786804, -38.6731872559, -45.1556549072, 3.24316334724, 33.1293487549, 16.2173023224, 116.986968994, 26.3528556824, 13.4585399628, 139.311691284, 43.810760498, -3.96733164787, 34.4392585754], [16.4214057922, -35.9376716614, 30.4458637238, 28.8823890686, -17.895067215, 77.0609893799, 38.7800292969, 37.8607902527, 12.9469451904, 43.810760498, 101.496200562, 24.3862609863, 27.0501346588], [-91.996421814, 40.2503013611, 35.4285011292, -26.8670902252, 30.6361808777, -53.9798164368, -30.2157917023, -5.36238002777, 28.7108211517, -3.96733164787, 24.3862609863, 105.216629028, 12.8188991547], [26.2756328583, -73.8510437012, 56.1631011963, 124.510444641, 22.92877388, 99.0178527832, 45.4738311768, 41.8991966248, 1.86524939537, 34.4392585754, 27.0501346588, 12.8188991547, 129.274612427]],
