{
"lowlevel": {
    "average_loudness": 0.697099030018,
    "barkbands_crest": {
        "dmean": 2.87472224236,
        "dmean2": 4.60146713257,
        "dvar": 6.96701478958,
        "dvar2": 15.5947055817,
        "max": 26.085515976,
        "mean": 10.3609209061,
        "median": 9.39759349823,
        "min": 2.01848244667,
        "var": 24.7596950531
    },
    "barkbands_flatness_db": {
        "dmean": 0.0203758459538,
        "dmean2": 0.0314687900245,
        "dvar": 0.00034270886681,
        "dvar2": 0.000754292006604,
        "max": 0.304367363453,
        "mean": 0.121593117714,
        "median": 0.116087898612,
        "min": 0.0153837343678,
        "var": 0.00221103755757
    },
    "barkbands_kurtosis": {
        "dmean": 1.58616435528,
        "dmean2": 2.52042365074,
        "dvar": 9.0420923233,
        "dvar2": 20.7141265869,
        "max": 62.6901931763,
        "mean": 1.42479753494,
        "median": 0.0669957399368,
        "min": -1.90758359432,
        "var": 22.8053073883
    },
    "barkbands_skewness": {
        "dmean": 0.456270962954,
        "dmean2": 0.710227608681,
        "dvar": 0.231995239854,
        "dvar2": 0.516666650772,
        "max": 7.55938816071,
        "mean": 0.853807508945,
        "median": 0.675975084305,
        "min": -3.69598770142,
        "var": 1.07492029667
    },
    "barkbands_spread": {
        "dmean": 6.40579891205,
        "dmean2": 10.0180864334,
        "dvar": 40.9056015015,
        "dvar2": 91.3629989624,
        "max": 102.383987427,
        "mean": 29.1813926697,
        "median": 28.5912284851,
        "min": 2.52765250206,
        "var": 192.198440552
    },
    "dissonance": {
        "dmean": 0.0170383043587,
        "dmean2": 0.0292996671051,
        "dvar": 0.000304361339658,
        "dvar2": 0.000862685963511,
        "max": 0.500000059605,
        "mean": 0.47372853756,
        "median": 0.48032617569,
        "min": 0.327429920435,
        "var": 0.000519234978128
    },
    "dynamic_complexity": 3.49061846733,
    "erbbands_crest": {
        "dmean": 3.11363101006,
        "dmean2": 5.0074300766,
        "dvar": 8.41855239868,
        "dvar2": 20.5480575562,
        "max": 33.9923171997,
        "mean": 11.0798254013,
        "median": 9.64296531677,
        "min": 2.14617419243,
        "var": 35.6563529968
    },
    "erbbands_flatness_db": {
        "dmean": 0.0165122747421,
        "dmean2": 0.0253478474915,
        "dvar": 0.00023010498262,
        "dvar2": 0.000525057374034,
        "max": 0.388899236917,
        "mean": 0.165337264538,
        "median": 0.158482193947,
        "min": 0.0589877590537,
        "var": 0.00286162039265
    },
    "erbbands_kurtosis": {
        "dmean": 0.918635606766,
        "dmean2": 1.45811784267,
        "dvar": 2.6536564827,
        "dvar2": 5.80097675323,
        "max": 60.3334693909,
        "mean": 0.692077755928,
        "median": 0.00546884536743,
        "min": -1.73753011227,
        "var": 7.70681905746
    },
    "erbbands_skewness": {
        "dmean": 0.342046678066,
        "dmean2": 0.535539925098,
        "dvar": 0.101539544761,
        "dvar2": 0.242269352078,
        "max": 4.77188301086,
        "mean": 0.307872653008,
        "median": 0.229000329971,
        "min": -2.70898842812,
        "var": 0.550762891769
    },
    "erbbands_spread": {
        "dmean": 6.41367673874,
        "dmean2": 10.076789856,
        "dvar": 41.7287788391,
        "dvar2": 101.113868713,
        "max": 121.290000916,
        "mean": 33.3919219971,
        "median": 32.2379646301,
        "min": 1.26429462433,
        "var": 218.404373169
    },
    "hfc": {
        "dmean": 6.85289335251,
        "dmean2": 10.2660226822,
        "dvar": 78.4275665283,
        "dvar2": 170.486938477,
        "max": 129.191741943,
        "mean": 25.9090538025,
        "median": 18.8367919922,
        "min": 1.16660603746e-16,
        "var": 494.205993652
    },
    "melbands_crest": {
        "dmean": 3.4907412529,
        "dmean2": 5.64465999603,
        "dvar": 9.63994121552,
        "dvar2": 23.101436615,
        "max": 33.0878677368,
        "mean": 13.9998683929,
        "median": 12.8972015381,
        "min": 1.99945163727,
        "var": 34.7517166138
    },
    "melbands_flatness_db": {
        "dmean": 0.0246211476624,
        "dmean2": 0.0377982929349,
        "dvar": 0.00056783988839,
        "dvar2": 0.00122356473003,
        "max": 0.364204317331,
        "mean": 0.148640111089,
        "median": 0.139100313187,
        "min": 0.00653605954722,
        "var": 0.00319451186806
    },
    "melbands_kurtosis": {
        "dmean": 4.54371166229,
        "dmean2": 7.20221757889,
        "dvar": 90.6603775024,
        "dvar2": 209.570770264,
        "max": 217.358901978,
        "mean": 7.34468889236,
        "median": 2.95013689995,
        "min": -1.76931166649,
        "var": 245.332519531
    },
    "melbands_skewness": {
        "dmean": 0.628511428833,
        "dmean2": 0.983849108219,
        "dvar": 0.519748747349,
        "dvar2": 1.18440425396,
        "max": 12.9973573685,
        "mean": 1.83589625359,
        "median": 1.45196282864,
        "min": -2.67520833015,
        "var": 2.5235991478
    },
    "melbands_spread": {
        "dmean": 9.88389205933,
        "dmean2": 15.6184053421,
        "dvar": 123.028411865,
        "dvar2": 282.661499023,
        "max": 188.648513794,
        "mean": 37.6080055237,
        "median": 35.7968902588,
        "min": 1.90246760845,
        "var": 443.126342773
    },
    "pitch_salience": {
        "dmean": 0.0729800313711,
        "dmean2": 0.115869425237,
        "dvar": 0.00446790549904,
        "dvar2": 0.010337500833,
        "max": 0.864646494389,
        "mean": 0.531200230122,
        "median": 0.529986679554,
        "min": 0.0767476782203,
        "var": 0.0182351581752
    },
    "silence_rate_20dB": {
        "dmean": 0,
        "dmean2": 0,
        "dvar": 0,
        "dvar2": 0,
        "max": 1,
        "mean": 1,
        "median": 1,
        "min": 1,
        "var": 0
    },
    "silence_rate_30dB": {
        "dmean": 0,
        "dmean2": 0,
        "dvar": 0,
        "dvar2": 0,
        "max": 1,
        "mean": 1,
        "median": 1,
        "min": 1,
        "var": 0
    },
    "silence_rate_60dB": {
        "dmean": 0.0217257123441,
        "dmean2": 0.0434567891061,
        "dvar": 0.0212546046823,
        "dvar2": 0.0479913689196,
        "max": 1,
        "mean": 0.0638114064932,
        "median": 0,
        "min": 0,
        "var": 0.0597296208143
    },
    "spectral_centroid": {
        "dmean": 266.903259277,
        "dmean2": 414.859924316,
        "dvar": 77100.625,
        "dvar2": 172847.5,
        "max": 4576.87890625,
        "mean": 2024.20324707,
        "median": 2027.44262695,
        "min": 408.768127441,
        "var": 345145.59375
    },
    "spectral_complexity": {
        "dmean": 4.13381052017,
        "dmean2": 6.48222208023,
        "dvar": 24.04022789,
        "dvar2": 53.7005310059,
        "max": 54,
        "mean": 18.1378669739,
        "median": 17,
        "min": 0,
        "var": 79.987487793
    },
    "spectral_decrease": {
        "dmean": 1.45071488156e-09,
        "dmean2": 2.27319763013e-09,
        "dvar": 3.49094703044e-18,
        "dvar2": 8.68328546688e-18,
        "max": 2.69482557647e-29,
        "mean": -4.62593696682e-09,
        "median": -3.46646578109e-09,
        "min": -3.32847243101e-08,
        "var": 1.37426488296e-17
    },
    "spectral_energy": {
        "dmean": 0.00595310050994,
        "dmean2": 0.00930509716272,
        "dvar": 5.70863958274e-05,
        "dvar2": 0.000139652838698,
        "max": 0.130205348134,
        "mean": 0.0198093894869,
        "median": 0.0151879433542,
        "min": 1.0479752321e-20,
        "var": 0.000245472881943
    },
    "spectral_energyband_high": {
        "dmean": 0.000489080150146,
        "dmean2": 0.000732319487724,
        "dvar": 6.00260705141e-07,
        "dvar2": 1.31716649321e-06,
        "max": 0.013878159225,
        "mean": 0.00147640693467,
        "median": 0.000934475916438,
        "min": 7.47178191711e-21,
        "var": 2.56417888522e-06
    },
    "spectral_energyband_low": {
        "dmean": 0.00272692251019,
        "dmean2": 0.00436735805124,
        "dvar": 2.22140079131e-05,
        "dvar2": 6.00993625994e-05,
        "max": 0.0919539704919,
        "mean": 0.00491922721267,
        "median": 0.00221001543105,
        "min": 6.29718946101e-23,
        "var": 4.78479814774e-05
    },
    "spectral_energyband_middle_high": {
        "dmean": 0.00313907163218,
        "dmean2": 0.00472816126421,
        "dvar": 2.34053804888e-05,
        "dvar2": 5.12629230798e-05,
        "max": 0.0874778106809,
        "mean": 0.00970882270485,
        "median": 0.00526860682294,
        "min": 1.69032025671e-21,
        "var": 0.000130674787215
    },
    "spectral_energyband_middle_low": {
        "dmean": 0.00213045906276,
        "dmean2": 0.003501315834,
        "dvar": 1.909650382e-05,
        "dvar2": 4.8535890528e-05,
        "max": 0.0818119943142,
        "mean": 0.00435035536066,
        "median": 0.00282503385097,
        "min": 2.52398735063e-22,
        "var": 2.66256702162e-05
    },
    "spectral_entropy": {
        "dmean": 0.132000297308,
        "dmean2": 0.200173929334,
        "dvar": 0.0148398252204,
        "dvar2": 0.0321861207485,
        "max": 8.8874206543,
        "mean": 7.75171947479,
        "median": 7.79729366302,
        "min": 6.40748596191,
        "var": 0.128759294748
    },
    "spectral_flux": {
        "dmean": 0.0211334284395,
        "dmean2": 0.033467810601,
        "dvar": 0.000473350926768,
        "dvar2": 0.00108972506132,
        "max": 0.313735425472,
        "mean": 0.0777870640159,
        "median": 0.0697341263294,
        "min": 2.28314820561e-06,
        "var": 0.00166591920424
    },
    "spectral_kurtosis": {
        "dmean": 0.863022089005,
        "dmean2": 1.47504842281,
        "dvar": 0.976414561272,
        "dvar2": 2.88066625595,
        "max": 23.6332511902,
        "mean": 3.04939031601,
        "median": 2.64127445221,
        "min": -1.07083547115,
        "var": 3.30521440506
    },
    "spectral_rms": {
        "dmean": 0.000644379062578,
        "dmean2": 0.000998583622277,
        "dvar": 4.59320119717e-07,
        "dvar2": 1.06748052531e-06,
        "max": 0.0112707410008,
        "mean": 0.00405876059085,
        "median": 0.00384935131297,
        "min": 3.19752232504e-12,
        "var": 2.85273495138e-06
    },
    "spectral_rolloff": {
        "dmean": 652.75378418,
        "dmean2": 1069.40563965,
        "dvar": 762691.25,
        "dvar2": 1629834.5,
        "max": 18647.7539062,
        "mean": 2354.23242188,
        "median": 2002.58789062,
        "min": 64.599609375,
        "var": 2130680.75
    },
    "spectral_skewness": {
        "dmean": 0.136326760054,
        "dmean2": 0.222152337432,
        "dvar": 0.01544985082,
        "dvar2": 0.0400610566139,
        "max": 3.27586936951,
        "mean": 1.29374647141,
        "median": 1.26023626328,
        "min": 0.134571254253,
        "var": 0.0857573896646
    },
    "spectral_spread": {
        "dmean": 410471.8125,
        "dmean2": 620662.8125,
        "dvar": 455621345280,
        "dvar2": 616310898688,
        "max": 52161592,
        "mean": 4833749,
        "median": 4867413.5,
        "min": 1975431,
        "var": 1.48668533965e+12
    },
    "spectral_strongpeak": {
        "dmean": 0.799282371998,
        "dmean2": 1.31318104267,
        "dvar": 1.39933729172,
        "dvar2": 3.35462427139,
        "max": 13.7100629807,
        "mean": 1.79180669785,
        "median": 0.612847805023,
        "min": 0,
        "var": 4.65943193436
    },
    "zerocrossingrate": {
        "dmean": 0.0107725653797,
        "dmean2": 0.0128223858774,
        "dvar": 0.000151507541887,
        "dvar2": 0.000192213061382,
        "max": 0.67724609375,
        "mean": 0.0832417085767,
        "median": 0.0810546875,
        "min": 0.00830078125,
        "var": 0.00112683710176
    },
    "barkbands": {
        "dmean": [5.94188131799e-05, 0.00215790024959, 0.000920768419746, 0.000522160087712, 0.000503090268467, 0.000244084760197, 0.000422157434514, 0.000483394047478, 0.000519808905665, 0.00147640204523, 0.00103091413621, 0.000319268845487, 0.000377200805815, 0.000360885926057, 0.000693424837664, 0.000224947492825, 0.000149686165969, 0.0002723717771, 0.000270737014944, 0.000200355076231, 0.000190424922039, 0.000141487340443, 0.000101825382444, 6.64463659632e-05, 5.28853415744e-05, 1.8146034563e-05, 4.50403909724e-08],
        "dmean2": [9.52313857852e-05, 0.00333658768795, 0.00154927547555, 0.000907032052055, 0.000868296716362, 0.000402936188038, 0.000713325222023, 0.000796518230345, 0.000856465892866, 0.00228503951803, 0.00158261624165, 0.000520470319316, 0.000597111938987, 0.000566843082197, 0.00108924740925, 0.000361107493518, 0.000240775421844, 0.000433014938608, 0.000433227105532, 0.000306066882331, 0.000289555755444, 0.000219550202019, 0.000157909234986, 0.000105940947833, 8.18517146399e-05, 2.74392150459e-05, 7.72244064251e-08],
        "dvar": [1.25769421544e-08, 1.61626485351e-05, 5.34094351679e-06, 1.54391238993e-06, 1.11555573312e-06, 3.12475918918e-07, 2.85295095637e-06, 3.50756954504e-06, 4.3703234951e-06, 1.48933868331e-05, 8.98025155038e-06, 1.59350076956e-06, 9.41578207403e-07, 1.13611713459e-06, 2.00006979867e-06, 3.14912711019e-07, 1.22690479998e-07, 2.37030803873e-07, 2.3953734285e-07, 1.66754148268e-07, 1.316797551e-07, 7.7738626203e-08, 3.28299982755e-08, 1.3926598541e-08, 1.53746526621e-08, 1.71847991393e-09, 1.58962351339e-14],
        "dvar2": [2.78684986199e-08, 3.73252441932e-05, 1.42569842865e-05, 4.29744659414e-06, 3.04100990434e-06, 8.35661126075e-07, 7.77697823651e-06, 9.56041822064e-06, 1.13786845759e-05, 3.37036326528e-05, 1.99729711312e-05, 3.63764797839e-06, 2.12776217268e-06, 2.46948388849e-06, 4.62482330477e-06, 7.48379250126e-07, 3.15788838634e-07, 5.63402352327e-07, 5.6766458556e-07, 3.43178982121e-07, 2.79027204897e-07, 1.69372697201e-07, 7.36166896331e-08, 3.35878169722e-08, 3.3055894022e-08, 3.90031074105e-09, 4.11316420919e-14],
        "max": [0.00266526360065, 0.0523772761226, 0.0594301745296, 0.0430414825678, 0.0214991979301, 0.0132776219398, 0.0386009290814, 0.0473219007254, 0.0761095881462, 0.0776641890407, 0.0713679268956, 0.0484491921961, 0.0251914672554, 0.0306335054338, 0.0274952854961, 0.0101879341528, 0.00922682881355, 0.010880285874, 0.009571374394, 0.0142316985875, 0.00762042449787, 0.00655724760145, 0.00459128990769, 0.0033663881477, 0.0053696311079, 0.00110547849908, 3.5932857827e-06],
        "mean": [8.54608806549e-05, 0.00352068175562, 0.00102657510433, 0.000597010657657, 0.00067487207707, 0.000402461155318, 0.000535198894795, 0.000713573128451, 0.00082222110359, 0.00311200413853, 0.00193554442376, 0.000463715085061, 0.000642295868602, 0.00056164409034, 0.00141656701453, 0.000353296170942, 0.000254558923189, 0.000503394228872, 0.000538335938472, 0.000406952400226, 0.000426741840784, 0.000301948108245, 0.00023427180713, 0.000147380909766, 0.000104734695924, 2.78927436739e-05, 4.45911538804e-08],
        "median": [2.40756962739e-05, 0.00104337604716, 0.000331650837325, 0.000216813932639, 0.000398904376198, 0.00015230687859, 0.000178323884029, 0.000150676627527, 0.000226140182349, 0.000478644476971, 0.000298961967928, 0.000120506956591, 0.00020405385294, 0.000183340307558, 0.000338879530318, 0.000118960742839, 0.000125631238916, 0.00025878433371, 0.000275589874946, 0.000161603064043, 0.000172346102772, 0.000135488473461, 0.00012479009456, 8.24218441267e-05, 5.33230922883e-05, 1.15087641461e-05, 5.38092326252e-09],
        "min": [1.5868722814e-23, 4.32412969237e-23, 6.72643313423e-24, 2.38718934023e-24, 5.05146070916e-23, 7.75536476552e-23, 3.46218871289e-23, 3.16920703487e-23, 4.51097613094e-23, 5.44461573146e-23, 6.45700005863e-23, 1.63658408683e-22, 1.83904492262e-22, 1.69291998885e-22, 1.93527042827e-22, 1.39376563201e-22, 1.0082753716e-22, 1.463473673e-22, 2.91344305705e-22, 4.41461304794e-22, 3.40528457859e-22, 4.77530903146e-22, 5.87556173496e-22, 6.19569537425e-22, 1.26303916214e-21, 1.67542302873e-21, 2.44236728278e-21],
        "var": [3.20298845224e-08, 3.55013216904e-05, 4.78734500575e-06, 1.26843963244e-06, 1.0276797866e-06, 4.98756662637e-07, 2.2760889351e-06, 3.87355021303e-06, 4.85421833218e-06, 5.17985208717e-05, 2.9877975976e-05, 2.72533793577e-06, 2.24744781008e-06, 2.21301456804e-06, 7.08284096618e-06, 6.92794799306e-07, 1.853691316e-07, 4.89528758862e-07, 5.1054485084e-07, 4.89838953399e-07, 4.90505215112e-07, 2.72063346074e-07, 8.89992506359e-08, 3.45838486737e-08, 3.03878060492e-08, 2.56553844835e-09, 1.91322381115e-14]
    },
    "erbbands": {
        "dmean": [0.0536864809692, 0.528713822365, 1.01465499401, 1.37742364407, 1.76981079578, 1.83133900166, 1.42626810074, 2.26845264435, 4.72393894196, 9.16839027405, 9.04586696625, 12.45058918, 26.1500492096, 51.4629859924, 35.1779518127, 11.9136915207, 17.0937919617, 17.7473602295, 28.8093700409, 28.0838871002, 7.22927427292, 7.64300918579, 10.7719631195, 16.7767677307, 10.4001045227, 9.43099689484, 8.10392475128, 6.61909341812, 5.11932086945, 3.71739149094, 2.78217291832, 1.66624879837, 1.02340197563, 0.680809438229, 0.34189337492, 0.107363261282, 0.0288898553699, 0.00299973622896, 6.00782550464e-05, 9.20699858398e-06],
        "dmean2": [0.0789075568318, 0.824207544327, 1.69567298889, 2.36005043983, 3.05027341843, 3.17830634117, 2.33607339859, 3.7679400444, 7.90780496597, 15.2074928284, 14.8749961853, 20.384601593, 41.4624862671, 77.7672271729, 53.3163261414, 18.7744560242, 26.5556240082, 27.6630496979, 44.4947547913, 43.8346824646, 11.582406044, 12.2943372726, 17.227388382, 26.6216201782, 16.1381530762, 14.3275413513, 12.0420885086, 10.0932598114, 7.8902463913, 5.76471328735, 4.33842420578, 2.64484643936, 1.63288712502, 1.05714976788, 0.532394707203, 0.164385169744, 0.0439284406602, 0.00468957005069, 9.27767468966e-05, 1.44357427416e-05],
        "dvar": [0.0091141955927, 1.04664194584, 4.76648330688, 12.9928035736, 14.9225025177, 13.6328687668, 5.68960475922, 33.2570266724, 439.765686035, 1231.4510498, 1345.57751465, 3041.42651367, 7836.23925781, 16747.3652344, 11387.0185547, 1204.4173584, 2158.65234375, 2869.09667969, 4327.33398438, 4536.81494141, 154.730407715, 372.768585205, 370.943084717, 1027.67260742, 344.710571289, 448.172576904, 244.219818115, 213.547653198, 107.681549072, 52.5805702209, 24.4961547852, 9.56600284576, 3.27561473846, 2.07281851768, 0.982902705669, 0.0660245493054, 0.00419077463448, 5.82377506362e-05, 1.91325160159e-08, 1.48840204051e-10],
        "dvar2": [0.0198494680226, 2.4317252636, 12.7985057831, 35.7071914673, 40.8843269348, 37.3714179993, 14.1328706741, 89.4595489502, 1198.84997559, 3362.19067383, 3666.8737793, 8021.77050781, 18287.8261719, 37354.7929688, 25238.59375, 2524.16967773, 4795.47314453, 6394.26025391, 9840.76464844, 10935.6455078, 379.523956299, 974.509277344, 888.940856934, 2424.93139648, 806.812438965, 940.433776855, 506.310058594, 460.059387207, 239.405731201, 113.318756104, 55.2132759094, 22.6618251801, 8.08759117126, 4.46542406082, 2.1566016674, 0.148116394877, 0.0094434004277, 0.000135641152156, 4.4197648208e-08, 3.45841494331e-10],
        "max": [1.19563448429, 13.9948921204, 45.5044898987, 138.160812378, 82.1399002075, 68.5828704834, 41.4598236084, 157.715698242, 663.6640625, 978.46282959, 784.022033691, 2095.02392578, 2972.73486328, 2805.64746094, 3223.94628906, 1413.34594727, 1362.51696777, 1808.2911377, 1738.37036133, 1276.07250977, 242.886062622, 635.650390625, 426.85559082, 889.313598633, 464.07699585, 863.862182617, 440.258209229, 364.656097412, 246.860595703, 214.766204834, 114.78515625, 104.639022827, 43.985206604, 58.6457443237, 54.661819458, 9.57877254486, 2.08206176758, 0.277732104063, 0.00470846658573, 0.000212722443393],
        "mean": [0.0923319682479, 0.809590220451, 1.3528996706, 1.61355781555, 2.200953722, 2.29266834259, 2.43341064453, 3.53674960136, 6.04630804062, 13.3804807663, 14.0310707092, 21.0189094543, 49.8196678162, 116.153770447, 68.6765899658, 21.0526580811, 31.366897583, 32.0640144348, 60.6629524231, 55.038772583, 13.998506546, 13.8805751801, 21.549911499, 33.9046440125, 23.3606872559, 20.8450050354, 18.5780887604, 15.6928691864, 11.0049476624, 8.44028186798, 6.29181098938, 3.60961413383, 2.21585822105, 1.44889450073, 0.586003363132, 0.175707727671, 0.0410580448806, 0.00393196986988, 9.76905430434e-05, 3.11440162477e-05],
        "median": [0.024287328124, 0.23305156827, 0.535172343254, 0.646048665047, 1.09025728703, 1.25835180283, 1.14902687073, 1.31372189522, 2.25124883652, 3.37196040154, 3.86188459396, 6.03751945496, 11.245177269, 19.3068790436, 15.371629715, 8.26303482056, 10.3014984131, 14.7685346603, 17.3424091339, 14.7803010941, 7.33870410919, 7.3767285347, 12.1699485779, 17.2816390991, 13.3976316452, 9.13318061829, 8.68946170807, 5.56641292572, 4.77576065063, 4.17127132416, 3.43310904503, 1.97811055183, 1.2090241909, 0.746393799782, 0.269086480141, 0.0793151929975, 0.0163539592177, 0.00143965159077, 5.36856241524e-05, 2.49262229772e-05],
        "min": [1.60492092666e-21, 8.04813535698e-21, 9.62117761929e-21, 8.14491468086e-21, 4.58592518203e-20, 2.73373188733e-19, 2.24417925896e-19, 7.35024627304e-19, 8.10253653787e-19, 3.13336713969e-19, 6.29733272421e-19, 7.99672979777e-19, 1.67525560058e-18, 1.6021298359e-18, 4.82953371106e-18, 6.65433963729e-18, 8.3207619829e-18, 8.46173093008e-18, 6.57915801859e-18, 1.21983365404e-17, 7.32518559561e-18, 5.86832408151e-18, 7.16825371698e-18, 1.5612842156e-17, 1.38256059461e-17, 2.02138076659e-17, 1.2224311666e-17, 1.57740745467e-17, 1.60954143623e-17, 1.56098345273e-17, 1.91464965215e-17, 1.46770179875e-17, 1.15096954455e-17, 1.49251969867e-17, 7.35920670702e-18, 4.96782755613e-18, 3.42619305734e-18, 1.35065545256e-18, 3.42275756946e-19, 3.59603878922e-20],
        "var": [0.0230465400964, 2.10224294662, 5.58328390121, 10.268948555, 13.1226577759, 12.6982698441, 12.1274147034, 45.9106216431, 335.483734131, 1175.53088379, 1605.53186035, 3269.69775391, 18047.0546875, 72479.25, 35500.8046875, 2753.13623047, 5687.31738281, 5874.22900391, 16625.5195312, 13065.0566406, 397.757537842, 509.894897461, 773.598205566, 2212.3605957, 840.472839355, 1237.82739258, 796.791931152, 990.147766113, 349.065002441, 147.937561035, 64.3603363037, 22.5545768738, 7.68029499054, 4.73839187622, 1.56167221069, 0.102649495006, 0.0059258020483, 6.98865624145e-05, 2.50337279795e-08, 5.67956126574e-10]
    },
    "gfcc": {
        "mean": [1.99681353569, 58.9905281067, -140.334777832, 35.9890441895, -65.397644043, 28.5873317719, -29.8169631958, 16.391582489, -26.6100616455, 3.05796289444, -17.101316452, -1.10016214848, -9.43195056915],
        "cov": [[4325.95800781, -531.593322754, 570.890625, 676.197021484, 179.778289795, 516.549926758, -18.3969631195, 190.937973022, -101.674034119, 184.041061401, -88.8205413818, -26.3464984894, -138.458984375], [-531.593322754, 749.519104004, 355.784820557, 192.222503662, 133.347518921, -15.250041008, 88.415473938, 8.8275680542, 40.2598075867, -11.3181905746, 90.3528518677, 8.30059432983, 58.0707817078], [570.890625, 355.784820557, 1138.32470703, 666.816894531, 336.087921143, 260.863647461, 14.0560045242, 110.175506592, -57.4886779785, 149.47744751, -12.2619152069, 87.7793121338, -68.252746582], [676.197021484, 192.222503662, 666.816894531, 671.542419434, 251.803253174, 228.085754395, 33.8100204468, 93.2190322876, 6.16820573807, 96.8468399048, 17.0359859467, 44.0926055908, -2.54980874062], [179.778289795, 133.347518921, 336.087921143, 251.803253174, 301.292114258, 173.2368927, 61.7196540833, 58.028755188, -7.04367828369, 62.1380271912, -16.5003948212, 32.801651001, -35.4398460388], [516.549926758, -15.250041008, 260.863647461, 228.085754395, 173.2368927, 350.069793701, 146.090942383, 47.86926651, -7.1134853363, 47.8986816406, -11.2825689316, 15.2101392746, -12.7155733109], [-18.3969631195, 88.415473938, 14.0560045242, 33.8100204468, 61.7196540833, 146.090942383, 229.482894897, 70.4986419678, 34.0978507996, 1.82241809368, 26.4710044861, -4.48955440521, 11.8264913559], [190.937973022, 8.8275680542, 110.175506592, 93.2190322876, 58.028755188, 47.86926651, 70.4986419678, 159.690704346, 62.1792221069, 42.1137199402, 18.5254192352, -8.24533081055, -0.854104697704], [-101.674034119, 40.2598075867, -57.4886779785, 6.16820573807, -7.04367828369, -7.1134853363, 34.0978507996, 62.1792221069, 136.645278931, 25.0607566833, 8.78695774078, 1.89553976059, 22.4960861206], [184.041061401, -11.3181905746, 149.47744751, 96.8468399048, 62.1380271912, 47.8986816406, 1.82241809368, 42.1137199402, 25.0607566833, 108.020645142, 24.0195903778, 19.5157260895, -18.5396347046], [-88.8205413818, 90.3528518677, -12.2619152069, 17.0359859467, -16.5003948212, -11.2825689316, 26.4710044861, 18.5254192352, 8.78695774078, 24.0195903778, 130.657028198, 13.3399772644, 38.4350395203], [-26.3464984894, 8.30059432983, 87.7793121338, 44.0926055908, 32.801651001, 15.2101392746, -4.48955440521, -8.24533081055, 1.89553976059, 19.5157260895, 13.3399772644, 91.5554351807, 11.5800285339], [-138.458984375, 58.0707817078, -68.252746582, -2.54980874062, -35.4398460388, -12.7155733109, 11.8264913559, -0.854104697704, 22.4960861206, -18.5396347046, 38.4350395203, 11.5800285339, 113.580345154]],
        "icov": [[0.000449447630672, 2.41128582275e-05, 0.000334839918651, -0.000563482695725, 0.000517116684932, -0.000808761338703, 0.000552711833734, -0.00080910208635, 0.000718233291991, -0.000521372072399, 0.000325093104038, -2.0372632207e-05, 0.000396012328565], [2.41128582275e-05, 0.004100298509, -0.00299895065837, 0.000781949958764, -0.00240217335522, 0.00291313161142, -0.00279820756987, 0.00361341214739, -0.00352367712185, 0.00328755145893, -0.00329568143934, 0.00279032345861, -0.00189114094246], [0.000334839918651, -0.00299895065837, 0.00543198222294, -0.00332254148088, 0.0016159178922, -0.00281125633046, 0.00274434266612, -0.00438889954239, 0.00501231057569, -0.00425273738801, 0.00333452550694, -0.00361850042827, 0.00255540385842], [-0.000563482695725, 0.000781949958764, -0.00332254148088, 0.00535065820441, -0.00216653617099, 0.000286568625597, -0.000213068575249, 0.0015354049392, -0.00290585472248, 0.00185321108438, -0.00201524468139, 0.00146434246562, -0.00216266815551], [0.000517116684932, -0.00240217335522, 0.0016159178922, -0.00216653617099, 0.00848742760718, -0.0041409144178, 0.00165831646882, -0.00383858871646, 0.00346564943902, -0.00356074911542, 0.00329905049875, -0.00288824923337, 0.00267457240261], [-0.000808761338703, 0.00291313161142, -0.00281125633046, 0.000286568625597, -0.0041409144178, 0.00988622475415, -0.00709744915366, 0.00519144674763, -0.00274871569127, 0.00151752424426, -0.0014166450128, 0.0022805177141, -0.00252645579167], [0.000552711833734, -0.00279820756987, 0.00274434266612, -0.000213068575249, 0.00165831646882, -0.00709744915366, 0.0109066348523, -0.00644132355228, 0.00205571227707, -0.000233602069784, 0.000437486654846, -0.00187102076598, 0.00188497838099], [-0.00080910208635, 0.00361341214739, -0.00438889954239, 0.0015354049392, -0.00383858871646, 0.00519144674763, -0.00644132355228, 0.0154349375516, -0.00873388536274, 0.00209822459146, -0.00423095701262, 0.00513414433226, -0.00228581833653], [0.000718233291991, -0.00352367712185, 0.00501231057569, -0.00290585472248, 0.00346564943902, -0.00274871569127, 0.00205571227707, -0.00873388536274, 0.0156216165051, -0.00736935669556, 0.0053850193508, -0.00393856223673, 0.000400131160859], [-0.000521372072399, 0.00328755145893, -0.00425273738801, 0.00185321108438, -0.00356074911542, 0.00151752424426, -0.000233602069784, 0.00209822459146, -0.00736935669556, 0.0185804683715, -0.00718310009688, 0.00103914027568, 0.00108583748806], [0.000325093104038, -0.00329568143934, 0.00333452550694, -0.00201524468139, 0.00329905049875, -0.0014166450128, 0.000437486654846, -0.00423095701262, 0.0053850193508, -0.00718310009688, 0.013304207474, -0.00346247898415, -0.00155486748554], [-2.0372632207e-05, 0.00279032345861, -0.00361850042827, 0.00146434246562, -0.00288824923337, 0.0022805177141, -0.00187102076598, 0.00513414433226, -0.00393856223673, 0.00103914027568, -0.00346247898415, 0.0152536230162, -0.00343927019276], [0.000396012328565, -0.00189114094246, 0.00255540385842, -0.00216266815551, 0.00267457240261, -0.00252645579167, 0.00188497838099, -0.00228581833653, 0.000400131160859, 0.00108583748806, -0.00155486748554, -0.00343927019276, 0.0130540579557]]
    },
    "melbands": {
        "dmean": [0.000546823313925, 0.00056470715208, 0.000243469025008, 0.000131215798319, 5.25297000422e-05, 5.10864847456e-05, 7.47528320062e-05, 0.000104151302367, 7.45054421714e-05, 7.94482402853e-05, 0.000135524212965, 0.000217736393097, 0.00014045793796, 4.61964591523e-05, 3.21600637108e-05, 3.57098033419e-05, 3.58185025107e-05, 4.41948723164e-05, 4.6610384743e-05, 2.68766889349e-05, 6.90708111506e-06, 8.21989215183e-06, 9.53193830355e-06, 1.39017993206e-05, 1.54129684233e-05, 9.95200480247e-06, 6.43852536086e-06, 6.9002426244e-06, 6.38183382762e-06, 4.79161280964e-06, 4.06868639402e-06, 3.23837457472e-06, 2.66270262728e-06, 2.11898577618e-06, 1.85412909559e-06, 1.34062054258e-06, 9.8659768355e-07, 7.85596341757e-07, 6.74082684782e-07, 5.89784463045e-07],
        "dmean2": [0.000818052270915, 0.000917840981856, 0.000411238434026, 0.000227763608564, 8.68173665367e-05, 8.45205213409e-05, 0.000125858423417, 0.000171833191416, 0.000122058372654, 0.00013007146481, 0.00021457632829, 0.000328885536874, 0.000214781466639, 7.28936793166e-05, 5.09051860718e-05, 5.68518735236e-05, 5.57978164579e-05, 6.85926061124e-05, 7.22288386896e-05, 4.25735015597e-05, 1.12630996227e-05, 1.328984672e-05, 1.53463788592e-05, 2.23724455282e-05, 2.45653536695e-05, 1.55500329129e-05, 1.00506476883e-05, 1.06283005152e-05, 9.64819446381e-06, 7.24724031897e-06, 6.23755568085e-06, 5.02662533108e-06, 4.23667870564e-06, 3.29422164214e-06, 2.91005267172e-06, 2.12304485103e-06, 1.58250850291e-06, 1.26010627355e-06, 1.06751383555e-06, 9.18486591672e-07],
        "dvar": [9.68354584074e-07, 1.14210638458e-06, 3.5701032175e-07, 8.09921871792e-08, 7.09030389956e-09, 1.83995823022e-08, 1.00502212774e-07, 1.56245803851e-07, 8.48595433922e-08, 1.13793056755e-07, 2.0586800531e-07, 3.06189036792e-07, 1.8520819367e-07, 3.00312521517e-08, 7.20533233078e-09, 9.38188549071e-09, 1.31934196901e-08, 1.1266737765e-08, 1.01728927504e-08, 4.44825998258e-09, 1.75468958807e-10, 4.51110010458e-10, 4.32726271482e-10, 6.83965439841e-10, 9.34718302759e-10, 3.52332274467e-10, 2.00982383514e-10, 2.8787960904e-10, 1.73914188606e-10, 1.27316546195e-10, 8.53180096017e-11, 4.61168082888e-11, 3.00146539567e-11, 1.74883701271e-11, 1.1463349367e-11, 6.73815690744e-12, 3.38115624908e-12, 1.94447431247e-12, 1.33999116057e-12, 2.0660519736e-12],
        "dvar2": [2.10637472264e-06, 3.11023973154e-06, 9.65904177974e-07, 2.20599275735e-07, 1.82343864452e-08, 4.9503331212e-08, 2.73422784858e-07, 4.24488121098e-07, 2.29170979082e-07, 3.00474027881e-07, 4.79466791603e-07, 6.82935876739e-07, 4.2018524482e-07, 6.63255264044e-08, 1.53193795427e-08, 2.26078231691e-08, 2.90911987832e-08, 2.54453649262e-08, 2.31387620175e-08, 1.07207798195e-08, 4.29912327959e-10, 1.18873311195e-09, 1.09337261467e-09, 1.61046109781e-09, 2.22631468816e-09, 7.97635735239e-10, 4.86991280635e-10, 6.4584643189e-10, 3.62391977538e-10, 2.85706347469e-10, 1.83908277496e-10, 1.05085370961e-10, 6.73738842494e-11, 3.85668788572e-11, 2.61101262139e-11, 1.62739179771e-11, 8.22029770642e-12, 4.8408369327e-12, 3.22502528155e-12, 4.4385142263e-12],
        "max": [0.0109888445586, 0.0168373323977, 0.0222270637751, 0.00531952409074, 0.00157520547509, 0.00439537968487, 0.00876997597516, 0.0100641343743, 0.00610688980669, 0.0133001273498, 0.0148728191853, 0.0123356096447, 0.0113967834041, 0.00627333950251, 0.00257511390373, 0.00311639974825, 0.00359649816528, 0.00273979292251, 0.00169278867543, 0.00125470582861, 0.00033828188316, 0.000793368672021, 0.000491098558996, 0.000519225315657, 0.000781140639447, 0.000488553079776, 0.000399034121074, 0.000773515203036, 0.000437576905824, 0.000264073110884, 0.000292743701721, 0.000131175591378, 0.000174273460289, 0.000139711148222, 8.36910185171e-05, 0.000103565165773, 6.48645873298e-05, 2.98132945318e-05, 2.69321772066e-05, 6.63919345243e-05],
        "mean": [0.000925521890167, 0.000864808564074, 0.000305224093609, 0.000168926475453, 8.72800083016e-05, 7.95067753643e-05, 9.5422808954e-05, 0.000152169770445, 0.000116432856885, 0.000127735605929, 0.000248837517574, 0.000478623434901, 0.000270128017291, 7.04753110767e-05, 5.42654888704e-05, 6.18699486949e-05, 5.76091042603e-05, 8.67112903506e-05, 8.96165511222e-05, 4.8921952839e-05, 1.10172350105e-05, 1.32469867822e-05, 1.61565349117e-05, 2.54919996223e-05, 2.78145635093e-05, 1.94485746761e-05, 1.24708176372e-05, 1.37208271553e-05, 1.29498375827e-05, 9.75805505732e-06, 8.57609029481e-06, 6.34885282125e-06, 5.10560357725e-06, 4.65400717076e-06, 3.92742686017e-06, 2.71083945336e-06, 1.96668202079e-06, 1.5747116322e-06, 1.38040377351e-06, 1.18131231375e-06],
        "median": [0.00026115050423, 0.000331573100993, 0.000135117763421, 9.35775460675e-05, 4.74336447951e-05, 2.97896986012e-05, 3.4475197026e-05, 3.65843225154e-05, 2.99993916997e-05, 3.50812442775e-05, 4.96000538988e-05, 7.12024047971e-05, 4.69570513815e-05, 1.86204051715e-05, 1.8094189727e-05, 2.18016339204e-05, 1.93254054466e-05, 1.99204660021e-05, 2.27653345064e-05, 1.22464252854e-05, 5.36668449058e-06, 6.54949008094e-06, 7.45777197153e-06, 1.28722867885e-05, 1.16225328384e-05, 1.04457230918e-05, 6.30782096778e-06, 5.14172188559e-06, 4.73872023576e-06, 3.18134061672e-06, 2.6528541639e-06, 2.55335953625e-06, 2.35913353208e-06, 2.10601706385e-06, 1.99079659069e-06, 1.38576012887e-06, 1.03480579128e-06, 8.01677856543e-07, 7.05713318894e-07, 5.36475226909e-07],
        "min": [1.42288640078e-23, 7.60319286581e-24, 2.29124097719e-24, 1.07287118371e-23, 9.57984163603e-24, 1.72155150608e-23, 1.09929052986e-23, 4.56670591956e-24, 4.10088000516e-24, 6.36574896785e-24, 9.14102750231e-24, 6.4124089071e-24, 1.27604333537e-23, 2.07215899991e-23, 1.85731699222e-23, 1.46006162871e-23, 1.69751806974e-23, 1.09158698757e-23, 1.25978719981e-23, 1.48615951403e-23, 7.24660328197e-24, 4.75541091442e-24, 7.14354570445e-24, 7.06719106857e-24, 1.35942427644e-23, 1.068042645e-23, 1.14410366685e-23, 1.40072714018e-23, 8.28971642352e-24, 7.19472226681e-24, 9.62974813233e-24, 8.34071154788e-24, 1.05591588073e-23, 7.23744855116e-24, 1.01591960732e-23, 1.32983457721e-23, 6.99322825896e-24, 5.6874469185e-24, 1.31767010539e-23, 1.28100093173e-23],
        "var": [2.39219775722e-06, 1.88559499747e-06, 3.02949729303e-07, 7.30531581894e-08, 1.26396146882e-08, 2.37538273495e-08, 7.79487052682e-08, 1.53602826458e-07, 1.05467123035e-07, 1.20640677892e-07, 4.75192933891e-07, 1.31616366161e-06, 6.03296939516e-07, 5.51309753405e-08, 1.58999764466e-08, 1.88681887892e-08, 2.53995331434e-08, 3.70670747429e-08, 2.87128898435e-08, 1.25472379153e-08, 3.19755194544e-10, 5.52462686709e-10, 7.08553493656e-10, 1.34888866743e-09, 1.82836112916e-09, 7.48906325843e-10, 3.64590663215e-10, 6.88951617978e-10, 5.39789934972e-10, 3.98523103406e-10, 3.73394398734e-10, 1.35544173108e-10, 7.51657763809e-11, 4.64481092477e-11, 2.81897300641e-11, 1.44277801511e-11, 7.39305144881e-12, 4.22188065757e-12, 3.34864991638e-12, 4.17621709783e-12]
    },
    "mfcc": {
        "mean": [-631.968444824, 83.7096557617, -11.9973363876, 12.2188606262, -5.93895959854, 7.60022258759, 7.57472372055, 10.2147293091, 1.55917453766, 8.47863960266, 0.513100028038, -7.53409576416, -3.08841586113],
        "cov": [[3752.31689453, -779.260253906, 409.203765869, 173.614456177, 287.536315918, 236.2159729, 216.462600708, 55.1611862183, 115.78540802, 128.555023193, 76.1426696777, 23.4689388275, 56.9630203247], [-779.260253906, 643.981262207, 93.9718170166, 120.16104126, 44.068611145, -3.37574887276, 26.6841869354, 24.9674739838, -29.6550388336, 15.12271595, 6.01086568832, 22.4280414581, -2.07370781898], [409.203765869, 93.9718170166, 824.686462402, 453.330322266, 352.128570557, 248.362426758, 176.612045288, 64.8348617554, 50.7031021118, 40.8546066284, 58.787563324, 49.418926239, 61.7038154602], [173.614456177, 120.16104126, 453.330322266, 470.076049805, 287.992797852, 138.408370972, 100.505844116, 51.6941566467, 33.9876251221, 47.9881095886, 40.4167556763, 49.7923927307, 53.1475257874], [287.536315918, 44.068611145, 352.128570557, 287.992797852, 337.81439209, 163.207061768, 107.894226074, 43.1699562073, 43.9116134644, 28.296585083, 38.5950546265, 48.0137214661, 44.453086853], [236.2159729, -3.37574887276, 248.362426758, 138.408370972, 163.207061768, 325.923431396, 143.632797241, 88.6329269409, 82.2552032471, -14.3807830811, 57.3669662476, 28.5609855652, 12.9591026306], [216.462600708, 26.6841869354, 176.612045288, 100.505844116, 107.894226074, 143.632797241, 246.750991821, 80.4159317017, 33.9153747559, 60.4106330872, 25.9428977966, 32.5150337219, 18.4658432007], [55.1611862183, 24.9674739838, 64.8348617554, 51.6941566467, 43.1699562073, 88.6329269409, 80.4159317017, 139.750198364, 75.0540390015, 34.0809059143, 35.2073287964, 19.6590175629, 16.379278183], [115.78540802, -29.6550388336, 50.7031021118, 33.9876251221, 43.9116134644, 82.2552032471, 33.9153747559, 75.0540390015, 148.515335083, 39.3288421631, 44.3470802307, 11.9355707169, 3.94401454926], [128.555023193, 15.12271595, 40.8546066284, 47.9881095886, 28.296585083, -14.3807830811, 60.4106330872, 34.0809059143, 39.3288421631, 151.581436157, 29.4842376709, 12.0695371628, 12.8337450027], [76.1426696777, 6.01086568832, 58.787563324, 40.4167556763, 38.5950546265, 57.3669662476, 25.9428977966, 35.2073287964, 44.3470802307, 29.4842376709, 101.969734192, 45.960067749, 15.5065965652], [23.4689388275, 22.4280414581, 49.418926239, 49.7923927307, 48.0137214661, 28.5609855652, 32.5150337219, 19.6590175629, 11.9355707169, 12.0695371628, 45.960067749, 102.671707153, 34.9145126343], [56.9630203247, -2.07370781898, 61.7038154602, 53.1475257874, 44.453086853, 12.9591026306, 18.4658432007, 16.379278183, 3.94401454926, 12.8337450027, 15.5065965652, 34.9145126343, 76.0579605103]],
