{
"lowlevel": {
    "average_loudness": 0.909567952156,
    "barkbands_crest": {
        "dmean": 2.58426141739,
        "dmean2": 4.16420936584,
        "dvar": 5.78947591782,
        "dvar2": 13.9738054276,
        "max": 24.9208316803,
        "mean": 9.81908130646,
        "median": 8.96862411499,
        "min": 2.41670107841,
        "var": 16.8439884186
    },
    "barkbands_flatness_db": {
        "dmean": 0.0176537893713,
        "dmean2": 0.0267314948142,
        "dvar": 0.000267816591077,
        "dvar2": 0.000609736889601,
        "max": 0.308017224073,
        "mean": 0.108527228236,
        "median": 0.0973211377859,
        "min": 0.0189165454358,
        "var": 0.00216279458255
    },
    "barkbands_kurtosis": {
        "dmean": 1.44878733158,
        "dmean2": 2.23992872238,
        "dvar": 10.2212934494,
        "dvar2": 22.6850891113,
        "max": 88.1694107056,
        "mean": 1.23758435249,
        "median": -0.214962482452,
        "min": -1.94190263748,
        "var": 22.1675109863
    },
    "barkbands_skewness": {
        "dmean": 0.400920540094,
        "dmean2": 0.602814555168,
        "dvar": 0.197044283152,
        "dvar2": 0.43352869153,
        "max": 8.76170730591,
        "mean": 0.958734750748,
        "median": 0.747600078583,
        "min": -1.82129251957,
        "var": 0.970178246498
    },
    "barkbands_spread": {
        "dmean": 6.72752141953,
        "dmean2": 10.1128969193,
        "dvar": 57.2555503845,
        "dvar2": 120.812286377,
        "max": 107.558036804,
        "mean": 35.1683921814,
        "median": 35.5456008911,
        "min": 2.00608992577,
        "var": 294.37713623
    },
    "dissonance": {
        "dmean": 0.0150509746745,
        "dmean2": 0.0256992317736,
        "dvar": 0.000267703115242,
        "dvar2": 0.000741681607906,
        "max": 0.500000059605,
        "mean": 0.476895421743,
        "median": 0.483710229397,
        "min": 0.286737918854,
        "var": 0.000507120566908
    },
    "dynamic_complexity": 2.98361182213,
    "erbbands_crest": {
        "dmean": 2.60116171837,
        "dmean2": 4.23755788803,
        "dvar": 6.41357088089,
        "dvar2": 15.9504384995,
        "max": 30.108379364,
        "mean": 9.17844676971,
        "median": 7.78626441956,
        "min": 2.27256965637,
        "var": 26.1559410095
    },
    "erbbands_flatness_db": {
        "dmean": 0.0155569659546,
        "dmean2": 0.022650545463,
        "dvar": 0.000210653233808,
        "dvar2": 0.00041394456639,
        "max": 0.392418384552,
        "mean": 0.149639979005,
        "median": 0.141034707427,
        "min": 0.0449990555644,
        "var": 0.00363131472841
    },
    "erbbands_kurtosis": {
        "dmean": 0.781981468201,
        "dmean2": 1.23999488354,
        "dvar": 1.28437554836,
        "dvar2": 2.90457201004,
        "max": 27.0512619019,
        "mean": 0.488341391087,
        "median": -0.118200778961,
        "min": -1.66917526722,
        "var": 4.10626792908
    },
    "erbbands_skewness": {
        "dmean": 0.322633445263,
        "dmean2": 0.491544753313,
        "dvar": 0.0887821391225,
        "dvar2": 0.197689458728,
        "max": 4.40621376038,
        "mean": 0.11291975528,
        "median": 0.0841178968549,
        "min": -3.80154323578,
        "var": 0.628179967403
    },
    "erbbands_spread": {
        "dmean": 6.72313833237,
        "dmean2": 10.2952079773,
        "dvar": 60.3554878235,
        "dvar2": 134.66104126,
        "max": 145.736404419,
        "mean": 37.8808746338,
        "median": 34.0654144287,
        "min": 3.71320462227,
        "var": 383.209533691
    },
    "hfc": {
        "dmean": 8.02922439575,
        "dmean2": 11.4818429947,
        "dvar": 94.2704696655,
        "dvar2": 181.93536377,
        "max": 206.893081665,
        "mean": 34.8817634583,
        "median": 32.5415344238,
        "min": 4.45599027898e-07,
        "var": 612.662475586
    },
    "melbands_crest": {
        "dmean": 3.05540060997,
        "dmean2": 4.84842252731,
        "dvar": 7.55819225311,
        "dvar2": 17.8500080109,
        "max": 32.4207267761,
        "mean": 14.356921196,
        "median": 13.761800766,
        "min": 3.20995235443,
        "var": 25.3677825928
    },
    "melbands_flatness_db": {
        "dmean": 0.021841045469,
        "dmean2": 0.0329806245863,
        "dvar": 0.000430095824413,
        "dvar2": 0.000972673587967,
        "max": 0.362515777349,
        "mean": 0.158126041293,
        "median": 0.151029884815,
        "min": 0.0246311258525,
        "var": 0.00249749957584
    },
    "melbands_kurtosis": {
        "dmean": 5.44243431091,
        "dmean2": 8.37137699127,
        "dvar": 188.847015381,
        "dvar2": 435.51373291,
        "max": 337.511077881,
        "mean": 9.89639377594,
        "median": 3.53578710556,
        "min": -1.64021813869,
        "var": 406.561920166
    },
    "melbands_skewness": {
        "dmean": 0.621712386608,
        "dmean2": 0.945812880993,
        "dvar": 0.591443121433,
        "dvar2": 1.29514551163,
        "max": 16.3121776581,
        "mean": 2.27875161171,
        "median": 1.74175059795,
        "min": -1.2202860117,
        "var": 3.09746909142
    },
    "melbands_spread": {
        "dmean": 8.44325351715,
        "dmean2": 12.8461780548,
        "dvar": 90.8728103638,
        "dvar2": 205.123748779,
        "max": 219.472183228,
        "mean": 37.2528381348,
        "median": 35.6064224243,
        "min": 1.56331443787,
        "var": 465.043914795
    },
    "pitch_salience": {
        "dmean": 0.0640001744032,
        "dmean2": 0.103225164115,
        "dvar": 0.00353323156014,
        "dvar2": 0.00873326789588,
        "max": 0.894232034683,
        "mean": 0.531737685204,
        "median": 0.525885879993,
        "min": 0.125642567873,
        "var": 0.0138939842582
    },
    "silence_rate_20dB": {
        "dmean": 0,
        "dmean2": 0,
        "dvar": 0,
        "dvar2": 0,
        "max": 1,
        "mean": 1,
        "median": 1,
        "min": 1,
        "var": 0
    },
    "silence_rate_30dB": {
        "dmean": 0,
        "dmean2": 0,
        "dvar": 0,
        "dvar2": 0,
        "max": 1,
        "mean": 1,
        "median": 1,
        "min": 1,
        "var": 0
    },
    "silence_rate_60dB": {
        "dmean": 0.00334728043526,
        "dmean2": 0.00669536087662,
        "dvar": 0.00333631015383,
        "dvar2": 0.00856443028897,
        "max": 1,
        "mean": 0.0566578991711,
        "median": 0,
        "min": 0,
        "var": 0.0534423440695
    },
    "spectral_centroid": {
        "dmean": 252.648956299,
        "dmean2": 384.896087646,
        "dvar": 64271.0039062,
        "dvar2": 138502.46875,
        "max": 4635.37646484,
        "mean": 2070.72119141,
        "median": 2112.20141602,
        "min": 380.2237854,
        "var": 375641.96875
    },
    "spectral_complexity": {
        "dmean": 4.05738210678,
        "dmean2": 6.3768529892,
        "dvar": 15.0549354553,
        "dvar2": 34.1178894043,
        "max": 56,
        "mean": 24.7742042542,
        "median": 25,
        "min": 0,
        "var": 144.185897827
    },
    "spectral_decrease": {
        "dmean": 1.78421544206e-09,
        "dmean2": 2.76721623393e-09,
        "dvar": 4.70597732937e-18,
        "dvar2": 1.11591106593e-17,
        "max": -3.63208389527e-17,
        "mean": -6.76295019986e-09,
        "median": -6.30827612369e-09,
        "min": -3.24724709344e-08,
        "var": 1.64594730935e-17
    },
    "spectral_energy": {
        "dmean": 0.00715968385339,
        "dmean2": 0.0110394032672,
        "dvar": 7.25749559933e-05,
        "dvar2": 0.000170721948962,
        "max": 0.128267228603,
        "mean": 0.0286887604743,
        "median": 0.0270764771849,
        "min": 1.77500888987e-10,
        "var": 0.000284309062408
    },
    "spectral_energyband_high": {
        "dmean": 0.000738613423891,
        "dmean2": 0.00104081013706,
        "dvar": 1.10647783913e-06,
        "dvar2": 2.04460548048e-06,
        "max": 0.0239329896867,
        "mean": 0.0023081083782,
        "median": 0.00175157375634,
        "min": 1.72830864203e-11,
        "var": 5.22103346157e-06
    },
    "spectral_energyband_low": {
        "dmean": 0.00458774296567,
        "dmean2": 0.00712692691013,
        "dvar": 5.1405542763e-05,
        "dvar2": 0.000121209079225,
        "max": 0.0817189216614,
        "mean": 0.0107992812991,
        "median": 0.00928146578372,
        "min": 2.47554608106e-13,
        "var": 0.000102727433841
    },
    "spectral_energyband_middle_high": {
        "dmean": 0.00247178366408,
        "dmean2": 0.00371864484623,
        "dvar": 1.23587260532e-05,
        "dvar2": 2.71085082204e-05,
        "max": 0.0858950614929,
        "mean": 0.0095366248861,
        "median": 0.00633660843596,
        "min": 1.51536561077e-10,
        "var": 7.6856216765e-05
    },
    "spectral_energyband_middle_low": {
        "dmean": 0.00298472633585,
        "dmean2": 0.00482881767675,
        "dvar": 2.3137736207e-05,
        "dvar2": 5.69696530874e-05,
        "max": 0.080197148025,
        "mean": 0.00665759993717,
        "median": 0.00402987748384,
        "min": 8.906497935e-12,
        "var": 5.76747515879e-05
    },
    "spectral_entropy": {
        "dmean": 0.116669088602,
        "dmean2": 0.169713780284,
        "dvar": 0.0132157867774,
        "dvar2": 0.025766916573,
        "max": 8.7348985672,
        "mean": 7.90840244293,
        "median": 7.95020389557,
        "min": 6.41211795807,
        "var": 0.0987694188952
    },
    "spectral_flux": {
        "dmean": 0.0239375401288,
        "dmean2": 0.037393193692,
        "dvar": 0.000594682584051,
        "dvar2": 0.00141629343852,
        "max": 0.291329652071,
        "mean": 0.0971007794142,
        "median": 0.094375886023,
        "min": 0.00017309836403,
        "var": 0.00213207979687
    },
    "spectral_kurtosis": {
        "dmean": 0.900262773037,
        "dmean2": 1.5094243288,
        "dvar": 1.28983044624,
        "dvar2": 3.76551914215,
        "max": 22.689409256,
        "mean": 2.99383115768,
        "median": 2.44303607941,
        "min": -0.891409397125,
        "var": 4.75771951675
    },
    "spectral_rms": {
        "dmean": 0.000631726637948,
        "dmean2": 0.000967778323684,
        "dvar": 4.40143651304e-07,
        "dvar2": 9.95593609332e-07,
        "max": 0.0111865438521,
        "mean": 0.00500464998186,
        "median": 0.00513965729624,
        "min": 4.16138931314e-07,
        "var": 2.94249184662e-06
    },
    "spectral_rolloff": {
        "dmean": 667.544250488,
        "dmean2": 1073.26928711,
        "dvar": 930285.1875,
        "dvar2": 2058645,
        "max": 10874.2675781,
        "mean": 2323.30932617,
        "median": 2088.72070312,
        "min": 64.599609375,
        "var": 2278235.25
    },
    "spectral_skewness": {
        "dmean": 0.146122381091,
        "dmean2": 0.232119694352,
        "dvar": 0.0197463613003,
        "dvar2": 0.0486737415195,
        "max": 3.37487983704,
        "mean": 1.20602691174,
        "median": 1.15159726143,
        "min": -0.111651904881,
        "var": 0.136258915067
    },
    "spectral_spread": {
        "dmean": 539605.25,
        "dmean2": 747684.5625,
        "dvar": 410142310400,
        "dvar2": 690249596928,
        "max": 18868196,
        "mean": 4943000.5,
        "median": 4718658,
        "min": 1675490.125,
        "var": 2.49306074317e+12
    },
    "spectral_strongpeak": {
        "dmean": 0.692151665688,
        "dmean2": 1.20566284657,
        "dvar": 1.61734449863,
        "dvar2": 4.05797147751,
        "max": 11.773765564,
        "mean": 1.13825452328,
        "median": 0.333281695843,
        "min": 0,
        "var": 2.98600959778
    },
    "zerocrossingrate": {
        "dmean": 0.0120856761932,
        "dmean2": 0.0141214514151,
        "dvar": 0.000166894911672,
        "dvar2": 0.000214954474359,
        "max": 0.30078125,
        "mean": 0.0827150568366,
        "median": 0.0791015625,
        "min": 0.0107421875,
        "var": 0.00105121545494
    },
    "barkbands": {
        "dmean": [0.000155753470608, 0.00407943641767, 0.0013147094287, 0.000475461216411, 0.00121677690186, 0.000401981873438, 0.0004042989749, 0.000531913363375, 0.00118549040053, 0.00103648740333, 0.000901078281458, 0.000652897928376, 0.000463151896838, 0.000410801207181, 0.000637992110569, 0.000387480395148, 0.000328533846186, 0.000261975510512, 0.000244786089752, 0.000228855540627, 0.000237477186602, 0.000243774600676, 0.000141840951983, 0.000114337984996, 0.00010514366295, 5.34858627361e-05, 8.9147251856e-06],
        "dmean2": [0.000245949660894, 0.00638940464705, 0.00222975388169, 0.000822823494673, 0.00207362091169, 0.000664567924105, 0.000645581865683, 0.000829068303574, 0.00183102570008, 0.00161812559236, 0.00142052548472, 0.00100188562647, 0.000721016083844, 0.000642348197289, 0.00101773138158, 0.00061831966741, 0.000533566868398, 0.000424040365033, 0.000390911998693, 0.000368345004972, 0.000364989013178, 0.00036849375465, 0.000211764709093, 0.000164254393894, 0.000149230938405, 7.66024313634e-05, 1.27302155306e-05],
        "dvar": [1.62309675034e-07, 4.91928913107e-05, 5.36313109478e-06, 7.77751779424e-07, 6.53271990814e-06, 2.04225534617e-06, 1.93876326193e-06, 2.35342486121e-06, 1.0977418242e-05, 8.05189938546e-06, 5.04766921949e-06, 2.6343866466e-06, 1.1771080608e-06, 1.00679665138e-06, 2.56852013081e-06, 9.54080405791e-07, 3.09121730879e-07, 1.4810915161e-07, 1.57841952841e-07, 1.1620056739e-07, 1.60514346703e-07, 1.55263620627e-07, 7.09204996951e-08, 6.90582524498e-08, 4.11788434462e-08, 1.13003650881e-08, 3.38754441165e-10],
        "dvar2": [4.30004433838e-07, 0.000116928793432, 1.52787979459e-05, 2.14674514609e-06, 1.74687866092e-05, 5.53982772544e-06, 4.39461882706e-06, 4.91452283313e-06, 2.4846094675e-05, 1.81624036486e-05, 1.17330273497e-05, 5.68351197217e-06, 2.59011085291e-06, 2.1751402528e-06, 5.50121694687e-06, 1.88704973425e-06, 7.40059419968e-07, 3.62281753041e-07, 3.56715787575e-07, 2.79431674244e-07, 3.69040634496e-07, 3.39796315529e-07, 1.44566698168e-07, 1.32689237375e-07, 7.89718797023e-08, 2.40231781135e-08, 7.07085889839e-10],
        "max": [0.0144858071581, 0.0789044797421, 0.029674237594, 0.0172453913838, 0.0334388241172, 0.0465262532234, 0.0629227533937, 0.0301658380777, 0.0716601759195, 0.0790767520666, 0.0481416136026, 0.0361209213734, 0.022117106244, 0.022824505344, 0.0313192978501, 0.0193324573338, 0.0107772452757, 0.00801958236843, 0.0114514958113, 0.00662068650126, 0.0126046976075, 0.00747515866533, 0.00801679026335, 0.00902714114636, 0.00604750728235, 0.00133151060436, 0.000179810915142],
        "mean": [0.000220888468903, 0.00798015855253, 0.00223767245188, 0.000681585806888, 0.00149570335634, 0.000644216488581, 0.000560485059395, 0.000742537260521, 0.00202390528284, 0.00162760436069, 0.0014807038242, 0.00111550325528, 0.000811942911241, 0.000738673901651, 0.00131151836831, 0.000665507861413, 0.00063687277725, 0.000559264037292, 0.000546977622434, 0.000559660198633, 0.00061541859759, 0.00062986620469, 0.000294102152111, 0.000246468669502, 0.000178223810508, 7.300193829e-05, 1.03334887172e-05],
        "median": [8.31487559481e-05, 0.00586499739438, 0.00177050917409, 0.000430680665886, 0.000717969378456, 0.000354340532795, 0.000215072839637, 0.000176509027369, 0.00045815599151, 0.000322433072142, 0.00030069227796, 0.000286514230538, 0.000215142572415, 0.000189744285308, 0.00032231915975, 0.000294577679597, 0.000361369340681, 0.000377094111172, 0.000368093606085, 0.000386672501918, 0.000352258386556, 0.000347880471963, 0.000177191133844, 0.00010829931125, 6.55583717162e-05, 1.94466701942e-05, 1.10369478534e-06],
        "min": [4.30512559196e-13, 7.92537693459e-14, 1.1808365192e-14, 3.14832829132e-14, 3.55116055919e-14, 3.44849626285e-12, 1.74636585575e-12, 7.95713213202e-13, 1.73499864649e-12, 2.97428574825e-11, 2.26431911415e-11, 4.48434128372e-12, 1.49238486152e-11, 3.28776311731e-11, 1.18763479953e-11, 1.58953510077e-11, 6.98134128632e-12, 4.65986927864e-12, 3.90237581832e-12, 4.58252923455e-12, 1.06908991208e-12, 1.41519510954e-12, 1.43744315496e-12, 1.83582142543e-12, 2.35044796126e-12, 3.81278775913e-12, 4.68932878639e-12],
        "var": [2.75813789585e-07, 8.01387286629e-05, 5.7243437368e-06, 8.74913553162e-07, 6.0917132032e-06, 1.85609428627e-06, 2.80743847725e-06, 4.58499926026e-06, 2.80855801975e-05, 1.61352327268e-05, 1.1292408999e-05, 6.19553838987e-06, 3.19820264849e-06, 3.21172137774e-06, 9.33487081056e-06, 1.75894422227e-06, 7.272931839e-07, 4.10896376479e-07, 4.51294823733e-07, 3.48327603206e-07, 7.12716087037e-07, 6.10243375831e-07, 1.87011707453e-07, 1.87865609291e-07, 8.67445137942e-08, 1.57401842671e-08, 4.40857184092e-10]
    },
    "erbbands": {
        "dmean": [0.135709345341, 0.900450289249, 1.54343187809, 1.50072312355, 2.56408548355, 5.22777700424, 2.58870220184, 3.92613887787, 5.16732978821, 7.43736886978, 13.5763864517, 26.6109828949, 30.1205387115, 34.7293510437, 28.4175930023, 24.1856269836, 19.1191444397, 17.0064334869, 27.3292255402, 27.4607906342, 17.0967159271, 17.4493255615, 13.7915067673, 11.4490871429, 12.5724449158, 10.4157943726, 8.70564746857, 10.295085907, 9.06826686859, 5.93234968185, 3.83716607094, 2.60161161423, 1.88878858089, 1.35079503059, 0.680930793285, 0.266153931618, 0.095536775887, 0.0162417814136, 0.00172989012208, 5.19729110238e-05],
        "dmean2": [0.207476198673, 1.45588326454, 2.61152172089, 2.57407808304, 4.29678630829, 9.07206726074, 4.28809785843, 6.54309844971, 8.11158180237, 12.0728788376, 20.3648853302, 39.881313324, 45.4591560364, 53.8884048462, 42.8571090698, 36.5466041565, 29.0886497498, 25.9803924561, 41.2566833496, 42.1144180298, 26.8772659302, 28.0018920898, 22.2952136993, 18.0457439423, 20.052406311, 16.7328624725, 13.6692399979, 15.7359924316, 13.5181598663, 8.95073699951, 5.72138357162, 3.77576875687, 2.76178002357, 1.92984008789, 0.966173768044, 0.377278149128, 0.140080228448, 0.0236510895193, 0.00244105956517, 7.36458896426e-05],
        "dvar": [0.0712311267853, 2.24560785294, 6.71848344803, 7.21589422226, 20.008562088, 143.786178589, 36.95079422, 219.527450562, 448.669372559, 506.591583252, 1572.72375488, 6048.52148438, 8529.28027344, 7301.69677734, 4513.45019531, 4209.92626953, 1913.15869141, 1544.12255859, 4241.25488281, 5159.34912109, 976.850708008, 854.566040039, 396.50793457, 294.76473999, 469.764862061, 240.036743164, 189.931777954, 344.355560303, 221.36882019, 84.6345443726, 62.2426185608, 38.5204849243, 19.2295589447, 7.15460443497, 1.73359119892, 0.268411189318, 0.0415649972856, 0.00112182169687, 1.24532080008e-05, 1.04990229843e-08],
        "dvar2": [0.155087038875, 5.80900669098, 18.7869377136, 20.2901802063, 51.2990989685, 392.022583008, 94.7370986938, 598.880981445, 978.237365723, 1213.8659668, 3059.95166016, 12647.7324219, 19833.0429688, 16878.3085938, 9637.59863281, 9224.84277344, 4287.33300781, 3402.00268555, 9025.11914062, 11503.8222656, 2187.76269531, 2090.42602539, 939.347106934, 669.176208496, 1111.00354004, 582.464477539, 439.643920898, 762.51940918, 488.293395996, 181.670974731, 130.009078979, 70.8401870728, 39.3329772949, 13.5363426208, 3.48186898232, 0.563715279102, 0.0898043364286, 0.00238885148428, 2.53321741184e-05, 2.13734203669e-08],
        "max": [2.57401561737, 19.1780090332, 41.3525810242, 40.7793388367, 76.0964508057, 163.085906982, 181.644989014, 462.145690918, 1178.1204834, 862.46862793, 1246.49536133, 1726.06872559, 2392.12304688, 1870.77233887, 1459.44335938, 1839.85144043, 973.405517578, 926.595092773, 1773.1965332, 1798.73779297, 685.332702637, 640.429138184, 433.543579102, 418.79989624, 756.471496582, 312.688354492, 310.298980713, 622.219421387, 327.516204834, 277.177215576, 242.44229126, 206.67918396, 188.040908813, 90.2048721313, 36.0180931091, 9.72867393494, 2.62500953674, 0.33153000474, 0.0406457483768, 0.00131863122806],
        "mean": [0.227616846561, 1.76585936546, 2.9524435997, 2.42856574059, 3.5500869751, 5.57366991043, 4.20521211624, 5.95179319382, 7.62670040131, 10.1188421249, 21.9342441559, 43.4788818359, 52.2098731995, 61.003944397, 51.7565917969, 43.9024047852, 37.6349716187, 33.5983276367, 60.9962081909, 56.9095001221, 35.350894928, 37.0120582581, 31.640953064, 27.2700710297, 29.3306007385, 25.5894565582, 22.3509101868, 26.7981491089, 23.653963089, 13.9814252853, 7.89531469345, 5.66937589645, 3.7775323391, 2.31617569923, 1.07950603962, 0.400569468737, 0.118929900229, 0.0195010323077, 0.00207170448266, 9.20767706702e-05],
        "median": [0.130126774311, 1.30421328545, 2.33490228653, 1.82289481163, 1.87675523758, 2.28222560883, 2.36340665817, 2.97757029533, 3.13997411728, 3.93635368347, 5.86894512177, 10.3744916916, 12.2923679352, 14.5401115417, 13.1316251755, 13.0340137482, 11.6991910934, 12.1953792572, 16.9821205139, 18.3603725433, 20.264257431, 23.0475769043, 21.4788188934, 18.8939666748, 20.8719940186, 17.650686264, 14.9328594208, 13.9409685135, 12.9839096069, 8.83164596558, 4.71374034882, 2.55978870392, 1.67282569408, 0.9159745574, 0.370393633842, 0.123374290764, 0.0287195034325, 0.00343217374757, 0.000239290253376, 5.20721696375e-05],
        "min": [4.88530873741e-12, 1.28285099557e-11, 1.49441205938e-11, 5.39359147622e-11, 1.2154549589e-10, 1.52663895414e-10, 3.35917715866e-09, 3.86741909608e-08, 4.04712459101e-08, 1.07454019016e-08, 1.96301339628e-08, 5.44256799628e-08, 3.22580177681e-07, 1.45002923091e-06, 5.0314724831e-07, 2.6669528097e-07, 7.3251288768e-07, 1.53382757162e-06, 1.04445075522e-06, 5.97144037329e-07, 7.70972405917e-07, 4.4411581257e-07, 3.28600890498e-07, 1.83455654224e-07, 2.66099192459e-07, 1.51264302417e-07, 5.1598085804e-08, 4.89868803299e-08, 4.35745910465e-08, 3.9500793747e-08, 4.32602362821e-08, 3.50975071228e-08, 3.28326130727e-08, 2.57144350257e-08, 1.66807456736e-08, 1.1558475066e-08, 7.065644958e-09, 4.12400780192e-09, 7.97869437186e-10, 4.172704543e-11],
        "var": [0.106679707766, 3.51391863823, 8.60055065155, 7.2412610054, 26.3214492798, 116.823921204, 49.1460952759, 195.008422852, 680.657287598, 636.631103516, 3740.32324219, 14155.3964844, 18142.9492188, 16341.1484375, 11554.6669922, 8979.96972656, 5773.20703125, 4466.10351562, 21478.9628906, 16699.8417969, 2274.84667969, 2232.07202148, 1270.5111084, 970.234069824, 1221.83178711, 720.992492676, 647.364196777, 1626.25024414, 913.082641602, 268.33114624, 153.396453857, 110.903701782, 42.6065559387, 15.2890882492, 3.24443626404, 0.433159679174, 0.0512781701982, 0.00140727928374, 1.7009817384e-05, 1.48874770289e-08]
    },
    "gfcc": {
        "mean": [28.3630847931, 57.5442047119, -128.064041138, 40.6621398926, -56.3257522583, 25.5316028595, -26.025636673, 15.2765398026, -20.8351516724, 3.42765545845, -19.1623325348, 2.75980782509, -8.5746049881],
        "cov": [[5842.4296875, -202.633468628, 1948.29528809, 1569.66259766, 774.58190918, 593.168334961, 200.86541748, 130.236526489, -62.2611122131, 232.986022949, -89.7684707642, 204.978179932, 43.0935783386], [-202.633468628, 851.124755859, -92.063835144, 171.172775269, 0.893890202045, -110.24017334, 42.2747764587, 25.6049041748, 62.2391548157, -17.3361682892, 67.712638855, -43.5953102112, 43.7321891785], [1948.29528809, -92.063835144, 1906.39428711, 939.391235352, 422.703643799, 316.503875732, 30.3448867798, 167.348648071, -4.19315004349, 146.789108276, -9.6201839447, 111.575813293, -46.9464111328], [1569.66259766, 171.172775269, 939.391235352, 943.002990723, 338.758636475, 223.393737793, 15.160243988, 57.894733429, 26.1395740509, 109.229057312, 22.1118278503, 55.9646186829, 23.4646987915], [774.58190918, 0.893890202045, 422.703643799, 338.758636475, 305.076629639, 133.394088745, 41.498500824, 35.2635002136, 1.64853465557, 62.8304824829, -9.39464092255, 33.6795196533, 6.3691740036], [593.168334961, -110.24017334, 316.503875732, 223.393737793, 133.394088745, 250.082550049, 89.024848938, 8.95983600616, -33.9386138916, 24.4742946625, 9.17676067352, 44.5301628113, 10.4120187759], [200.86541748, 42.2747764587, 30.3448867798, 15.160243988, 41.498500824, 89.024848938, 223.079116821, 42.0358963013, -45.3980369568, -7.98947906494, 13.3959245682, 31.9420013428, 5.08061599731], [130.236526489, 25.6049041748, 167.348648071, 57.894733429, 35.2635002136, 8.95983600616, 42.0358963013, 131.140899658, 52.4307479858, 10.7895898819, -7.23323106766, -2.1661465168, 6.47679233551], [-62.2611122131, 62.2391548157, -4.19315004349, 26.1395740509, 1.64853465557, -33.9386138916, -45.3980369568, 52.4307479858, 144.417709351, 30.6187038422, -10.5123996735, -31.9889564514, 15.684384346], [232.986022949, -17.3361682892, 146.789108276, 109.229057312, 62.8304824829, 24.4742946625, -7.98947906494, 10.7895898819, 30.6187038422, 93.955116272, 22.321269989, 3.23458600044, -10.9878959656], [-89.7684707642, 67.712638855, -9.6201839447, 22.1118278503, -9.39464092255, 9.17676067352, 13.3959245682, -7.23323106766, -10.5123996735, 22.321269989, 92.7407684326, 21.3191204071, -9.14317131042], [204.978179932, -43.5953102112, 111.575813293, 55.9646186829, 33.6795196533, 44.5301628113, 31.9420013428, -2.1661465168, -31.9889564514, 3.23458600044, 21.3191204071, 87.2257232666, 15.4720239639], [43.0935783386, 43.7321891785, -46.9464111328, 23.4646987915, 6.3691740036, 10.4120187759, 5.08061599731, 6.47679233551, 15.684384346, -10.9878959656, -9.14317131042, 15.4720239639, 81.9640274048]],
        "icov": [[0.000417020957684, 9.21228929656e-05, -3.23632048094e-05, -0.000515840249136, -0.000183317068149, -0.000154419583851, -0.00020327657694, -5.25979048689e-05, 0.000210109938052, -0.000439409137471, 0.000698758929502, -0.000410534790717, -3.23199928971e-05], [9.21228929656e-05, 0.00210132705979, 1.18606021715e-05, -0.00105675938539, -0.000271185330348, 0.00184907123912, -0.0013888888061, 0.000534734630492, -0.000864146335516, 0.00147397897672, -0.00208079605363, 0.00152688787784, -0.00118764373474], [-3.23632048094e-05, 1.18606021715e-05, 0.00163508427795, -0.00113439687993, -0.000151520100189, -0.000792181235738, 0.000853451667354, -0.00204787962139, 0.000823527341709, -0.00079544109758, 0.000934622657951, -0.00136118393857, 0.00159027590416], [-0.000515840249136, -0.00105675938539, -0.00113439687993, 0.00396180292591, -0.00125333981123, -0.0011063539423, 0.000978198368102, 0.000740291085094, -0.000492094899528, -0.000342239887686, -0.00109842210077, 0.000582731503528, -0.00101432786323], [-0.000183317068149, -0.000271185330348, -0.000151520100189, -0.00125333981123, 0.0067669400014, -0.00151243200526, -0.000251443823799, -0.0005348471459, 0.000454379973235, -0.00256859860383, 0.0019850009121, -0.000720971729606, 0.000163466815138], [-0.000154419583851, 0.00184907123912, -0.000792181235738, -0.0011063539423, -0.00151243200526, 0.00893766712397, -0.00381994736381, 0.0024390371982, -0.00076419726247, 0.00191315077245, -0.00263728876598, 0.00116145750508, -0.00212691747583], [-0.00020327657694, -0.0013888888061, 0.000853451667354, 0.000978198368102, -0.000251443823799, -0.00381994736381, 0.00806254986674, -0.00461459113285, 0.00332901789807, -0.000886052788701, 0.000679075135849, -0.00206957664341, 0.00113699026406], [-5.25979048689e-05, 0.000534734630492, -0.00204787962139, 0.000740291085094, -0.0005348471459, 0.0024390371982, -0.00461459113285, 0.0136905536056, -0.00634251767769, 0.00244062999263, -0.00124996947125, 0.00170418748166, -0.00162686617114], [0.000210109938052, -0.000864146335516, 0.000823527341709, -0.000492094899528, 0.000454379973235, -0.00076419726247, 0.00332901789807, -0.00634251767769, 0.0125762717798, -0.0054197916761, 0.00232404726557, 0.00175430288073, -0.00188525370322], [-0.000439409137471, 0.00147397897672, -0.00079544109758, -0.000342239887686, -0.00256859860383, 0.00191315077245, -0.000886052788701, 0.00244062999263, -0.0054197916761, 0.0179914347827, -0.00698308600113, 0.00225449469872, 0.00115004251711], [0.000698758929502, -0.00208079605363, 0.000934622657951, -0.00109842210077, 0.0019850009121, -0.00263728876598, 0.000679075135849, -0.00124996947125, 0.00232404726557, -0.00698308600113, 0.0174419973046, -0.00667261704803, 0.0036544422619], [-0.000410534790717, 0.00152688787784, -0.00136118393857, 0.000582731503528, -0.000720971729606, 0.00116145750508, -0.00206957664341, 0.00170418748166, 0.00175430288073, 0.00225449469872, -0.00667261704803, 0.0182773787528, -0.00587114924565], [-3.23199928971e-05, -0.00118764373474, 0.00159027590416, -0.00101432786323, 0.000163466815138, -0.00212691747583, 0.00113699026406, -0.00162686617114, -0.00188525370322, 0.00115004251711, 0.0036544422619, -0.00587114924565, 0.0163987986743]]
    },
    "melbands": {
        "dmean": [0.00116432190407, 0.000861533102579, 0.000256265513599, 0.000307991926093, 0.000111263449071, 8.50129799801e-05, 7.851668488e-05, 8.73456592672e-05, 0.000122891171486, 0.000178562855581, 0.00015474484826, 0.00014379795175, 0.000110436070827, 7.22835175111e-05, 6.1517341237e-05, 4.2097093683e-05, 3.41741615557e-05, 4.5725129894e-05, 5.36498446309e-05, 3.11018557113e-05, 2.09852369153e-05, 2.11300575756e-05, 1.619957402e-05, 1.21893172036e-05, 1.02848171082e-05, 1.03134816527e-05, 9.82849815045e-06, 7.32572425477e-06, 6.25981328994e-06, 5.73740726395e-06, 6.93561287335e-06, 6.03978469371e-06, 4.89302874485e-06, 3.24013899444e-06, 2.4826219942e-06, 2.00897216018e-06, 1.60485228662e-06, 1.42418866744e-06, 1.2999117871e-06, 1.16551643714e-06],
        "dmean2": [0.00179975584615, 0.00143747928087, 0.000437766226241, 0.000523021968547, 0.000188289501239, 0.000141394339153, 0.000123499412439, 0.000140555159305, 0.000184627977433, 0.000267491966952, 0.000234698818531, 0.000222998147365, 0.000167753503774, 0.000111281573481, 9.6169023891e-05, 6.55244293739e-05, 5.25796785951e-05, 6.98802177794e-05, 8.41814326122e-05, 4.67591125926e-05, 3.40664446412e-05, 3.42950297636e-05, 2.5951081625e-05, 1.96960372705e-05, 1.63950480783e-05, 1.6602456526e-05, 1.60059644259e-05, 1.19348014778e-05, 1.00515353552e-05, 8.96965411812e-06, 1.07746900539e-05, 9.1903948487e-06, 7.48349793867e-06, 5.05933257955e-06, 3.82861890103e-06, 3.00738543046e-06, 2.38259690377e-06, 2.1453752197e-06, 1.8720289745e-06, 1.70435703239e-06],
        "dvar": [4.55879217043e-06, 1.78131608664e-06, 1.91000424365e-07, 4.34211528955e-07, 5.4282338624e-08, 1.04006964818e-07, 8.44983887305e-08, 6.23849558679e-08, 1.39784575026e-07, 2.68115940116e-07, 2.19675115432e-07, 1.24038024296e-07, 7.1343855268e-08, 3.34067919994e-08, 2.59091379462e-08, 9.95090942979e-09, 7.01578972695e-09, 1.29339188248e-08, 1.89828401886e-08, 7.52269357918e-09, 1.61621716011e-09, 1.38716993447e-09, 7.8550871363e-10, 3.47964435043e-10, 2.50864495843e-10, 3.53071766268e-10, 2.45668235754e-10, 1.22694576721e-10, 1.00364078159e-10, 1.03328956502e-10, 1.72992273284e-10, 1.10991098257e-10, 6.4631931751e-11, 2.81133571284e-11, 2.20016799918e-11, 2.8805808433e-11, 1.41219900357e-11, 1.11702452843e-11, 1.08451650438e-11, 4.85317211765e-12],
        "dvar2": [1.04111277324e-05, 4.80622884425e-06, 5.32123863195e-07, 1.1496561001e-06, 1.44258578416e-07, 2.79127306158e-07, 1.83796487363e-07, 1.45158779219e-07, 2.79934084801e-07, 5.70235556552e-07, 5.03500245941e-07, 2.78255924968e-07, 1.54857104917e-07, 7.26135525042e-08, 6.18329707436e-08, 2.2622199225e-08, 1.50582142311e-08, 2.86995831544e-08, 3.97670163466e-08, 1.27511716741e-08, 3.83832876594e-09, 3.45022166393e-09, 1.73739178599e-09, 8.60631121924e-10, 5.82135173399e-10, 8.35300328905e-10, 5.96109994699e-10, 3.03166436399e-10, 2.36964642353e-10, 2.39231884303e-10, 3.96114335777e-10, 2.51133031037e-10, 1.40131239945e-10, 6.451525425e-11, 4.84851013505e-11, 5.96606444803e-11, 2.67386390806e-11, 2.40392358797e-11, 2.07100048916e-11, 9.68740972856e-12],
        "max": [0.0232655908912, 0.0224374365062, 0.00704581756145, 0.00900779850781, 0.00535594113171, 0.0097412224859, 0.0150225469843, 0.00766530400142, 0.0125224944204, 0.0115138553083, 0.012603841722, 0.00757185043767, 0.00625726860017, 0.00352821615525, 0.00473489006981, 0.00280101317912, 0.00210147397593, 0.00330341490917, 0.00292784557678, 0.00204696366563, 0.000949607638177, 0.000933415256441, 0.000663991901092, 0.000363484869013, 0.000358977908036, 0.000673535047099, 0.000384655373637, 0.000237066269619, 0.000260048225755, 0.000263859430561, 0.000473714841064, 0.000206670942134, 0.000195680477191, 0.000135720707476, 0.000125780701637, 0.000213330160477, 0.000147429542267, 0.000142375414725, 0.000180527596967, 4.99861635035e-05],
        "mean": [0.00215335655957, 0.00187888799701, 0.000451056868769, 0.000353228126187, 0.000163888340467, 0.000131824199343, 0.000117127747217, 0.000117757241242, 0.000196486987988, 0.000290790456347, 0.000258535495959, 0.000242965863436, 0.000190146805835, 0.000123877543956, 0.000108081316284, 7.28382728994e-05, 5.90736417507e-05, 9.26236534724e-05, 0.000101869140053, 5.41170229553e-05, 3.84642662539e-05, 3.9283226215e-05, 3.23470885633e-05, 2.48114574788e-05, 2.14942247112e-05, 2.12852173718e-05, 2.11204187508e-05, 1.57705089805e-05, 1.3951850633e-05, 1.36730513987e-05, 1.60622948897e-05, 1.39007679536e-05, 1.10605187729e-05, 6.43003659206e-06, 4.61666513729e-06, 3.81469999411e-06, 3.34362675858e-06, 2.7658795716e-06, 2.20740434997e-06, 1.87604950952e-06],
        "median": [0.00147802801803, 0.0016097847838, 0.000343945110217, 0.000156467751367, 9.09435329959e-05, 6.7895220127e-05, 4.93236948387e-05, 4.08239284297e-05, 4.61094459752e-05, 6.43506646156e-05, 5.43034839211e-05, 5.27643060195e-05, 4.00664430344e-05, 3.02589978673e-05, 2.68864132522e-05, 2.18557543121e-05, 1.68411206687e-05, 2.03833842534e-05, 2.53998259723e-05, 1.85838398465e-05, 2.04417738132e-05, 2.22547605517e-05, 1.84270957106e-05, 1.66476729646e-05, 1.35939881147e-05, 1.39119256346e-05, 1.43284196383e-05, 1.00423912954e-05, 9.15257078304e-06, 7.34203331376e-06, 7.61018327466e-06, 6.99815291227e-06, 5.74306613998e-06, 3.92412221117e-06, 2.66475012722e-06, 1.87668661056e-06, 1.33705452754e-06, 1.16909961889e-06, 9.29515749704e-07, 6.76893250784e-07],
        "min": [5.35140067838e-14, 9.60589402888e-15, 1.1859859713e-14, 8.44092302971e-15, 8.91638515408e-14, 8.38344964196e-13, 5.55198736377e-13, 1.23789081199e-13, 1.63018239858e-13, 3.01528984073e-13, 1.73696560607e-12, 6.06364741404e-12, 2.4069893214e-12, 3.61549928451e-13, 1.32731878873e-12, 1.44258693532e-12, 3.22643127493e-12, 1.90927612262e-12, 7.73137576095e-13, 1.00844224464e-12, 8.20873100396e-13, 4.10558522942e-13, 4.51397599854e-13, 1.58764738552e-13, 1.46957641368e-13, 1.46532376619e-13, 2.63581853826e-13, 5.99223700716e-14, 3.53826126384e-14, 1.93862853152e-14, 3.52347410146e-14, 2.65949947882e-14, 2.18209680197e-14, 2.16936623559e-14, 2.48774508345e-14, 2.69544145847e-14, 1.79987962197e-14, 1.98077468869e-14, 2.4734524189e-14, 2.12341876396e-14],
        "var": [7.13567260391e-06, 2.89565582534e-06, 2.24044768515e-07, 3.90038565001e-07, 6.63492301101e-08, 9.61706518865e-08, 1.31249009883e-07, 8.72564456245e-08, 3.36673139145e-07, 6.29231351468e-07, 4.69702342798e-07, 2.77408702232e-07, 1.75940186864e-07, 8.25678512228e-08, 6.53718430499e-08, 2.45822278089e-08, 1.79695387459e-08, 6.45359321538e-08, 6.12482082829e-08, 1.89270998874e-08, 3.08707792662e-09, 3.10646841584e-09, 1.97541694114e-09, 8.61381577177e-10, 7.25945970004e-10, 8.65554627971e-10, 6.14717332592e-10, 3.20293486178e-10, 2.65351046691e-10, 3.93155230594e-10, 6.56059262472e-10, 3.6750741339e-10, 2.17801082725e-10, 6.72338920649e-11, 4.89189973252e-11, 6.55303866726e-11, 4.25766297218e-11, 2.62662443878e-11, 2.11709746956e-11, 9.4269557438e-12]
    },
    "mfcc": {
        "mean": [-609.585327148, 85.0459747314, -8.33592319489, 21.2415599823, -1.50690901279, 11.885843277, 5.51680040359, 12.2602720261, 8.24480724335, 4.00552749634, 1.30737543106, -1.34065651894, -0.00169280311093],
        "cov": [[4769.50244141, -450.310974121, 1103.83032227, 1074.21594238, 707.713500977, 680.752746582, 415.359588623, 182.664611816, 260.24230957, 2.51421785355, 83.9482421875, 2.07990193367, 91.2494888306], [-450.310974121, 597.307800293, -162.728805542, 21.2314033508, -103.670417786, -125.42816925, -40.081325531, -3.55398488045, -16.9310874939, 23.3613090515, 1.12068927288, 14.4381999969, 18.5135536194], [1103.83032227, -162.728805542, 1364.29431152, 648.958435059, 530.375854492, 286.94833374, 206.056869507, 126.574836731, 89.9656448364, 71.3240890503, 88.3200302124, 46.7315559387, 66.6038208008], [1074.21594238, 21.2314033508, 648.958435059, 685.644592285, 386.477508545, 222.176498413, 132.459533691, 56.967590332, 80.1963729858, 51.2063102722, 53.7538642883, 46.6536445618, 65.5263748169], [707.713500977, -103.670417786, 530.375854492, 386.477508545, 437.288421631, 176.38482666, 60.6301116943, 25.7955989838, 68.3095169067, 51.0441665649, 34.6606636047, 22.4700603485, 37.0927772522], [680.752746582, -125.42816925, 286.94833374, 222.176498413, 176.38482666, 286.973175049, 157.066421509, 49.9049568176, 34.6884307861, -12.1321868896, 22.4541015625, 13.3033275604, 11.3866405487], [415.359588623, -40.081325531, 206.056869507, 132.459533691, 60.6301116943, 157.066421509, 253.902206421, 87.7758178711, 15.4749307632, -19.4075927734, 19.8639183044, 13.4872808456, 17.7055530548], [182.664611816, -3.55398488045, 126.574836731, 56.967590332, 25.7955989838, 49.9049568176, 87.7758178711, 133.24546814, 41.6837654114, 9.59082508087, 1.15926170349, -6.70161485672, 12.9339904785], [260.24230957, -16.9310874939, 89.9656448364, 80.1963729858, 68.3095169067, 34.6884307861, 15.4749307632, 41.6837654114, 136.315933228, 42.103717804, -1.02865469456, -13.1538858414, 2.64329004288], [2.51421785355, 23.3613090515, 71.3240890503, 51.2063102722, 51.0441665649, -12.1321868896, -19.4075927734, 9.59082508087, 42.103717804, 112.535820007, 34.5625991821, 1.43639373779, -6.81974363327], [83.9482421875, 1.12068927288, 88.3200302124, 53.7538642883, 34.6606636047, 22.4541015625, 19.8639183044, 1.15926170349, -1.02865469456, 34.5625991821, 89.4008102417, 27.6778240204, 2.90351057053], [2.07990193367, 14.4381999969, 46.7315559387, 46.6536445618, 22.4700603485, 13.3033275604, 13.4872808456, -6.70161485672, -13.1538858414, 1.43639373779, 27.6778240204, 88.8523101807, 28.316236496], [91.2494888306, 18.5135536194, 66.6038208008, 65.5263748169, 37.0927772522, 11.3866405487, 17.7055530548, 12.9339904785, 2.64329004288, -6.81974363327, 2.90351057053, 28.316236496, 81.5959243774]],
