{
"lowlevel": {
    "average_loudness": 0.945004165173,
    "barkbands_crest": {
        "dmean": 2.28438925743,
        "dmean2": 3.75465106964,
        "dvar": 4.54465389252,
        "dvar2": 11.8534946442,
        "max": 21.1257228851,
        "mean": 7.43225717545,
        "median": 6.63761234283,
        "min": 2.26372098923,
        "var": 10.697019577
    },
    "barkbands_flatness_db": {
        "dmean": 0.0146028948948,
        "dmean2": 0.0236051008105,
        "dvar": 0.000178354996024,
        "dvar2": 0.000457966176327,
        "max": 0.270002871752,
        "mean": 0.116221666336,
        "median": 0.111073926091,
        "min": 0.0564301498234,
        "var": 0.000742409261875
    },
    "barkbands_kurtosis": {
        "dmean": 0.871849238873,
        "dmean2": 1.41346371174,
        "dvar": 2.37938547134,
        "dvar2": 5.8189496994,
        "max": 38.6094779968,
        "mean": -0.118094727397,
        "median": -0.741572499275,
        "min": -1.94453430176,
        "var": 4.71546649933
    },
    "barkbands_skewness": {
        "dmean": 0.397406488657,
        "dmean2": 0.616042673588,
        "dvar": 0.161742419004,
        "dvar2": 0.369833409786,
        "max": 5.80294513702,
        "mean": 0.535672008991,
        "median": 0.449287891388,
        "min": -3.27386116982,
        "var": 0.634059607983
    },
    "barkbands_spread": {
        "dmean": 6.87756967545,
        "dmean2": 10.6838941574,
        "dvar": 56.4927177429,
        "dvar2": 121.887069702,
        "max": 111.103225708,
        "mean": 39.4067230225,
        "median": 39.007194519,
        "min": 4.16654872894,
        "var": 265.838745117
    },
    "dissonance": {
        "dmean": 0.0112861758098,
        "dmean2": 0.0191334765404,
        "dvar": 0.000124703714391,
        "dvar2": 0.000345859501977,
        "max": 0.500000059605,
        "mean": 0.480436593294,
        "median": 0.484643310308,
        "min": 0.366365462542,
        "var": 0.000252893543802
    },
    "dynamic_complexity": 2.72469687462,
    "erbbands_crest": {
        "dmean": 2.11865973473,
        "dmean2": 3.48449110985,
        "dvar": 3.90628004074,
        "dvar2": 10.1207714081,
        "max": 25.1190605164,
        "mean": 7.3930811882,
        "median": 6.68269443512,
        "min": 2.53646421432,
        "var": 9.02054691315
    },
    "erbbands_flatness_db": {
        "dmean": 0.0131223406643,
        "dmean2": 0.0202774107456,
        "dvar": 0.000151830667164,
        "dvar2": 0.000348612142261,
        "max": 0.336577117443,
        "mean": 0.165780588984,
        "median": 0.161469578743,
        "min": 0.046492729336,
        "var": 0.00125465239398
    },
    "erbbands_kurtosis": {
        "dmean": 0.747305870056,
        "dmean2": 1.1747906208,
        "dvar": 1.20337796211,
        "dvar2": 2.84196448326,
        "max": 22.708524704,
        "mean": 0.313838779926,
        "median": -0.0842020511627,
        "min": -1.62519156933,
        "var": 2.53223156929
    },
    "erbbands_skewness": {
        "dmean": 0.296869784594,
        "dmean2": 0.456279993057,
        "dvar": 0.0840841680765,
        "dvar2": 0.179587200284,
        "max": 2.49864125252,
        "mean": -0.300840973854,
        "median": -0.330196857452,
        "min": -4.23550844193,
        "var": 0.487758845091
    },
    "erbbands_spread": {
        "dmean": 6.48215675354,
        "dmean2": 10.1317300797,
        "dvar": 42.5339927673,
        "dvar2": 103.699119568,
        "max": 106.844535828,
        "mean": 36.0279159546,
        "median": 34.8252258301,
        "min": 5.78497219086,
        "var": 160.688995361
    },
    "hfc": {
        "dmean": 8.43312072754,
        "dmean2": 12.3891630173,
        "dvar": 155.437744141,
        "dvar2": 308.861480713,
        "max": 214.143707275,
        "mean": 32.7582206726,
        "median": 28.7443466187,
        "min": 1.15590284973e-16,
        "var": 643.011535645
    },
    "melbands_crest": {
        "dmean": 3.34420394897,
        "dmean2": 5.3075709343,
        "dvar": 9.06597614288,
        "dvar2": 21.5555286407,
        "max": 33.8061523438,
        "mean": 12.2531585693,
        "median": 11.1017570496,
        "min": 1.10422968864,
        "var": 29.0079288483
    },
    "melbands_flatness_db": {
        "dmean": 0.0201129969209,
        "dmean2": 0.0315664708614,
        "dvar": 0.000356952485163,
        "dvar2": 0.000864944013301,
        "max": 0.344221383333,
        "mean": 0.125481635332,
        "median": 0.119420289993,
        "min": 2.74141166301e-05,
        "var": 0.00160809769295
    },
    "melbands_kurtosis": {
        "dmean": 3.12511587143,
        "dmean2": 5.02627563477,
        "dvar": 30.9023933411,
        "dvar2": 77.3625793457,
        "max": 109.069747925,
        "mean": 4.62768507004,
        "median": 2.18413496017,
        "min": -1.84990251064,
        "var": 65.6521072388
    },
    "melbands_skewness": {
        "dmean": 0.552150309086,
        "dmean2": 0.866931200027,
        "dvar": 0.338484823704,
        "dvar2": 0.821974396706,
        "max": 9.78886604309,
        "mean": 1.7872068882,
        "median": 1.54249334335,
        "min": -1.01731431484,
        "var": 1.34078729153
    },
    "melbands_spread": {
        "dmean": 12.3805141449,
        "dmean2": 19.2137260437,
        "dvar": 263.669586182,
        "dvar2": 551.455322266,
        "max": 244.140548706,
        "mean": 50.5392112732,
        "median": 46.6306686401,
        "min": 2.72111272812,
        "var": 869.97076416
    },
    "pitch_salience": {
        "dmean": 0.0640071555972,
        "dmean2": 0.102178357542,
        "dvar": 0.00296151288785,
        "dvar2": 0.00768605479971,
        "max": 0.982634007931,
        "mean": 0.59020370245,
        "median": 0.593765795231,
        "min": 0.165330201387,
        "var": 0.0106326481327
    },
    "silence_rate_20dB": {
        "dmean": 0,
        "dmean2": 0,
        "dvar": 0,
        "dvar2": 0,
        "max": 1,
        "mean": 1,
        "median": 1,
        "min": 1,
        "var": 0
    },
    "silence_rate_30dB": {
        "dmean": 0,
        "dmean2": 0,
        "dvar": 0,
        "dvar2": 0,
        "max": 1,
        "mean": 1,
        "median": 1,
        "min": 1,
        "var": 0
    },
    "silence_rate_60dB": {
        "dmean": 0.00534954387695,
        "dmean2": 0.0107003888115,
        "dvar": 0.00532098859549,
        "dvar2": 0.0125313615426,
        "max": 1,
        "mean": 0.0775589570403,
        "median": 0,
        "min": 0,
        "var": 0.0715400502086
    },
    "spectral_centroid": {
        "dmean": 266.042633057,
        "dmean2": 408.387451172,
        "dvar": 91845.109375,
        "dvar2": 174930.875,
        "max": 10844.4580078,
        "mean": 2325.84960938,
        "median": 2338.99511719,
        "min": 470.156158447,
        "var": 369282.90625
    },
    "spectral_complexity": {
        "dmean": 4.16389036179,
        "dmean2": 6.40831708908,
        "dvar": 15.4327325821,
        "dvar2": 31.4465637207,
        "max": 59,
        "mean": 25.1911010742,
        "median": 26,
        "min": 0,
        "var": 108.989234924
    },
    "spectral_decrease": {
        "dmean": 1.59142266032e-09,
        "dmean2": 2.52785237187e-09,
        "dvar": 4.28467687261e-18,
        "dvar2": 1.04341422735e-17,
        "max": 6.5859797254e-21,
        "mean": -5.09808728566e-09,
        "median": -4.71711159022e-09,
        "min": -2.62350123847e-08,
        "var": 1.0370543665e-17
    },
    "spectral_energy": {
        "dmean": 0.0065031372942,
        "dmean2": 0.0102732302621,
        "dvar": 6.73680333421e-05,
        "dvar2": 0.000162783107953,
        "max": 0.102640964091,
        "mean": 0.0222125742584,
        "median": 0.0211095288396,
        "min": 1.05713011816e-20,
        "var": 0.000180180417374
    },
    "spectral_energyband_high": {
        "dmean": 0.000761972274631,
        "dmean2": 0.00109037104994,
        "dvar": 2.34537401411e-06,
        "dvar2": 4.53402071798e-06,
        "max": 0.0244495235384,
        "mean": 0.00215980876237,
        "median": 0.00142531655729,
        "min": 7.54402855036e-21,
        "var": 7.53700214773e-06
    },
    "spectral_energyband_low": {
        "dmean": 0.00350645161234,
        "dmean2": 0.00566579867154,
        "dvar": 3.29825925292e-05,
        "dvar2": 8.58813436935e-05,
        "max": 0.0796354115009,
        "mean": 0.0065733618103,
        "median": 0.00449834577739,
        "min": 9.86180134948e-23,
        "var": 5.10513855261e-05
    },
    "spectral_energyband_middle_high": {
        "dmean": 0.00214391178451,
        "dmean2": 0.00323354359716,
        "dvar": 8.22967103886e-06,
        "dvar2": 1.79654944077e-05,
        "max": 0.0485800653696,
        "mean": 0.00768582522869,
        "median": 0.00568565353751,
        "min": 1.46602869881e-21,
        "var": 4.07321858802e-05
    },
    "spectral_energyband_middle_low": {
        "dmean": 0.00280833244324,
        "dmean2": 0.0044987378642,
        "dvar": 2.07546399906e-05,
        "dvar2": 5.01542708662e-05,
        "max": 0.068343013525,
        "mean": 0.00620180461556,
        "median": 0.0044059199281,
        "min": 3.19611602698e-22,
        "var": 3.6986079067e-05
    },
    "spectral_entropy": {
        "dmean": 0.0920204743743,
        "dmean2": 0.139683052897,
        "dvar": 0.00791441183537,
        "dvar2": 0.0156544372439,
        "max": 9.79381752014,
        "mean": 7.95441007614,
        "median": 7.93814563751,
        "min": 7.05536031723,
        "var": 0.0507991425693
    },
    "spectral_flux": {
        "dmean": 0.0193500537425,
        "dmean2": 0.0300187598914,
        "dvar": 0.000422837940278,
        "dvar2": 0.000929156725761,
        "max": 0.300916999578,
        "mean": 0.086524002254,
        "median": 0.0841359198093,
        "min": 1.02816831438e-10,
        "var": 0.00137499358971
    },
    "spectral_kurtosis": {
        "dmean": 0.845316171646,
        "dmean2": 1.44251918793,
        "dvar": 0.660159111023,
        "dvar2": 1.91782128811,
        "max": 11.2154512405,
        "mean": 2.2109515667,
        "median": 2.08675909042,
        "min": -1.17480015755,
        "var": 2.02031731606
    },
    "spectral_rms": {
        "dmean": 0.000645513064228,
        "dmean2": 0.00100018340163,
        "dvar": 4.94918197091e-07,
        "dvar2": 1.12923009965e-06,
        "max": 0.0100068738684,
        "mean": 0.00439790356904,
        "median": 0.00453813374043,
        "min": 3.21145844293e-12,
        "var": 2.32925981436e-06
    },
    "spectral_rolloff": {
        "dmean": 682.282348633,
        "dmean2": 1078.02282715,
        "dvar": 845373.5625,
        "dvar2": 1595374.5,
        "max": 19186.0839844,
        "mean": 3038.33447266,
        "median": 2799.31640625,
        "min": 64.599609375,
        "var": 3104909
    },
    "spectral_skewness": {
        "dmean": 0.149300277233,
        "dmean2": 0.23984888196,
        "dvar": 0.0180051401258,
        "dvar2": 0.0421196371317,
        "max": 2.57084655762,
        "mean": 1.03401279449,
        "median": 1.04266119003,
        "min": -0.200886398554,
        "var": 0.0891228169203
    },
    "spectral_spread": {
        "dmean": 382580.40625,
        "dmean2": 561860.6875,
        "dvar": 309745811456,
        "dvar2": 467050201088,
        "max": 39232704,
        "mean": 4477079,
        "median": 4236165.5,
        "min": 1880047.5,
        "var": 1.55049053389e+12
    },
    "spectral_strongpeak": {
        "dmean": 0.671634495258,
        "dmean2": 1.1435444355,
        "dvar": 1.30097126961,
        "dvar2": 3.14701747894,
        "max": 13.9736337662,
        "mean": 0.998859226704,
        "median": 0.276876747608,
        "min": 0,
        "var": 2.41978788376
    },
    "zerocrossingrate": {
        "dmean": 0.0117756221443,
        "dmean2": 0.0131676821038,
        "dvar": 0.000234303719481,
        "dvar2": 0.000233091515838,
        "max": 0.662109375,
        "mean": 0.0988324955106,
        "median": 0.0927734375,
        "min": 0.01171875,
        "var": 0.00182872416917
    },
    "barkbands": {
        "dmean": [0.000453409884358, 0.0026131530758, 0.00100133090746, 0.00052535510622, 0.00105943356175, 0.00056137581123, 0.000402010657126, 0.000647551554721, 0.000831108540297, 0.000414824375184, 0.0004315955739, 0.00034257772495, 0.000348826200934, 0.000439146300778, 0.000446092861239, 0.000473234191304, 0.000483153329697, 0.000341686623869, 0.0003995137522, 0.00021243080846, 0.000160831405083, 0.000343030958902, 0.000208109544474, 0.000155658242875, 8.15108360257e-05, 1.64842802519e-07, 8.58009385762e-10],
        "dmean2": [0.000696149712894, 0.0042132018134, 0.00171791249886, 0.000899965118151, 0.00175465352368, 0.000898876052815, 0.000661579193547, 0.00104151887354, 0.00129777519032, 0.0006694541662, 0.000695608614478, 0.000540641718544, 0.000548471987713, 0.000696387200151, 0.000728426908609, 0.000737862079404, 0.000770421465859, 0.000543491973076, 0.000621877086814, 0.000342090410413, 0.000251832680078, 0.000530178367626, 0.000315426412271, 0.000222448768909, 0.000116010058264, 2.7713750228e-07, 1.57956125957e-09],
        "dvar": [7.6343320643e-07, 2.04272528208e-05, 3.02491662296e-06, 1.02400861124e-06, 5.18607748745e-06, 1.84374835044e-06, 1.26017630464e-06, 3.06208380607e-06, 4.13277211919e-06, 8.40206439534e-07, 7.83997052167e-07, 6.30180636563e-07, 7.68447421251e-07, 1.22630069654e-06, 6.62987758915e-07, 1.19950675526e-06, 7.16177055438e-07, 2.79460749653e-07, 4.29575749195e-07, 8.93736853413e-08, 1.08336728033e-07, 3.96826891347e-07, 2.52850753668e-07, 3.04762863834e-07, 1.10437142098e-07, 2.66319843782e-13, 1.48034879061e-18],
        "dvar2": [1.710186325e-06, 5.33853344677e-05, 8.53865640238e-06, 2.69753309112e-06, 1.33665644171e-05, 4.44113129561e-06, 3.1230733839e-06, 7.57575207899e-06, 9.48610249907e-06, 2.12810732592e-06, 1.94112726604e-06, 1.42328997299e-06, 1.71188742115e-06, 2.87673492494e-06, 1.63393508501e-06, 2.42235523729e-06, 1.71520559888e-06, 6.89291482558e-07, 9.77735112428e-07, 2.15821572169e-07, 2.58410466358e-07, 9.27113376292e-07, 5.47684521734e-07, 5.9800481722e-07, 2.28748859854e-07, 6.58290370999e-13, 4.64816154046e-18],
        "max": [0.0136089110747, 0.0533127300441, 0.029672395438, 0.0326996743679, 0.0478833802044, 0.0331089571118, 0.0334361307323, 0.0387272387743, 0.0384402237833, 0.022103600204, 0.020205155015, 0.0272815153003, 0.0195542238653, 0.0370843112469, 0.015992525965, 0.0310575328767, 0.016554299742, 0.00770543888211, 0.01308393199, 0.00435548182577, 0.0079284729436, 0.0113856112584, 0.0122442040592, 0.0159346256405, 0.0107848281041, 1.74674023583e-05, 1.56481636537e-08],
        "mean": [0.000651111884508, 0.00416675163433, 0.00150547374506, 0.000672234338708, 0.00144256418571, 0.000830298115034, 0.000602674437687, 0.000929623376578, 0.00146432372276, 0.000714296067599, 0.0007532160962, 0.000565812166315, 0.000560988322832, 0.000738318543881, 0.0007270303322, 0.000863538705744, 0.000946048647165, 0.000697266776115, 0.000922317209188, 0.000458029389847, 0.000335544260452, 0.000763995805755, 0.000434586370829, 0.000305434979964, 0.000160933836014, 1.8607840957e-07, 1.06440678493e-09],
        "median": [0.000258448591921, 0.00246104458347, 0.00106713571586, 0.00036566099152, 0.000731723150238, 0.000331750983605, 0.000202558469027, 0.000270306423772, 0.000288132869173, 0.000275304744719, 0.000258178566583, 0.000272019969998, 0.000186892226338, 0.000243743881583, 0.000385723920772, 0.00035243894672, 0.000503780436702, 0.000430199201219, 0.000552990415599, 0.000330590701196, 0.00021173193818, 0.000421260076109, 0.000227006006753, 0.000104205682874, 5.69458861719e-05, 5.87088919701e-08, 6.39450381534e-10],
        "min": [1.43671955007e-23, 4.28633505086e-23, 3.9146585022e-23, 9.64587244924e-24, 3.22832995091e-23, 4.17256647774e-23, 3.49235854044e-23, 1.04044366781e-22, 7.58858694838e-23, 3.52885534799e-23, 5.04430479412e-23, 1.35419851471e-22, 1.11333113379e-22, 1.09965581979e-22, 1.12853974095e-22, 6.88827094661e-23, 1.29698880725e-22, 2.39206330155e-22, 2.44834657077e-22, 5.65178676104e-22, 5.05142599928e-22, 4.15194761005e-22, 5.71661017531e-22, 1.11393824114e-21, 1.27187854422e-21, 1.39946368162e-21, 2.22272053789e-21],
        "var": [1.16794547012e-06, 2.90552470688e-05, 3.26438180309e-06, 1.13889495879e-06, 5.80132245886e-06, 2.99901489598e-06, 2.05611877391e-06, 4.35201127402e-06, 8.56201040733e-06, 1.68254882738e-06, 2.15484419641e-06, 1.07704966013e-06, 1.69890029156e-06, 2.64567029262e-06, 1.08830704448e-06, 3.47879927176e-06, 1.7191596271e-06, 6.04294768891e-07, 1.1922423937e-06, 2.16835260858e-07, 1.95961959548e-07, 9.34077775128e-07, 5.64380229662e-07, 7.65250831591e-07, 2.41283430569e-07, 3.37722742567e-13, 1.20973355128e-18]
    },
    "erbbands": {
        "dmean": [0.110580563545, 0.498859167099, 1.11507844925, 1.3650097847, 3.34287571907, 3.28511500359, 3.74685120583, 4.45152139664, 4.73519992828, 8.85963344574, 16.9078464508, 18.5307292938, 13.4959917068, 13.5770816803, 14.4722518921, 13.4355688095, 14.6141824722, 18.2583694458, 22.573184967, 23.0427246094, 21.8486633301, 25.6107940674, 18.286775589, 18.735704422, 19.2609977722, 8.63855648041, 5.69127702713, 7.7056517601, 12.9912805557, 9.68179225922, 5.26821041107, 3.62447690964, 2.53740000725, 1.24507033825, 0.430863410234, 0.024154368788, 0.000656288524624, 5.01405484101e-05, 1.05108674688e-05, 9.38156244956e-06],
        "dmean2": [0.170882806182, 0.83414119482, 1.89732456207, 2.33748531342, 5.62630748749, 5.49889183044, 6.07607269287, 7.12651777267, 7.71301603317, 14.6182174683, 26.7557888031, 28.4890708923, 21.4072704315, 21.499256134, 22.8892059326, 21.3936977386, 22.6576328278, 29.3118953705, 35.157535553, 36.3606147766, 34.1462249756, 40.7282714844, 28.8655986786, 29.6050834656, 30.105052948, 13.8266382217, 9.08493232727, 11.9261474609, 20.2002735138, 14.7061271667, 7.94133615494, 5.44716215134, 3.58731865883, 1.77670454979, 0.628534555435, 0.0358279086649, 0.000946999294683, 6.97306531947e-05, 1.47597083924e-05, 1.42871358548e-05],
        "dvar": [0.0421521402895, 0.743010699749, 3.62679052353, 6.98343801498, 46.1454734802, 62.655002594, 69.227104187, 154.8125, 165.214996338, 571.866455078, 1909.7401123, 2326.70458984, 736.808837891, 1067.43566895, 828.276306152, 907.363098145, 1238.77026367, 1625.00256348, 3286.08935547, 1843.27966309, 2163.02246094, 2173.5949707, 853.765258789, 871.567138672, 952.160827637, 147.57258606, 114.344909668, 256.498077393, 559.180541992, 398.960571289, 189.971435547, 132.506195068, 111.223182678, 29.7075042725, 2.6113576889, 0.00726849632338, 5.59146292289e-06, 3.19466337828e-08, 7.92419019291e-10, 1.51924958725e-10],
        "dvar2": [0.0992617234588, 2.03818511963, 10.2180500031, 19.1234130859, 120.220581055, 165.194534302, 170.007995605, 372.758636475, 390.582183838, 1452.50195312, 4610.63574219, 5389.58007812, 1805.23303223, 2641.40893555, 1917.83691406, 2112.44775391, 2647.49633789, 3874.17138672, 7834.87011719, 4224.09814453, 4709.5078125, 5276.44238281, 2075.52001953, 2088.52001953, 2129.83129883, 348.386779785, 281.451904297, 608.82434082, 1317.60437012, 913.787475586, 408.555206299, 296.449859619, 212.241348267, 62.8682785034, 5.49047231674, 0.0153813418001, 1.13175583465e-05, 6.12335568917e-08, 1.46619760777e-09, 3.29317295655e-10],
        "max": [2.20240616798, 10.215215683, 31.3326511383, 69.9937820435, 151.582061768, 153.580657959, 180.710479736, 292.839385986, 440.271942139, 464.798217773, 984.098144531, 1024.82922363, 664.349243164, 1145.15844727, 550.210876465, 1110.21630859, 817.590454102, 1027.75158691, 1660.30834961, 1178.74243164, 1254.14562988, 990.182922363, 522.227539062, 579.981567383, 787.965332031, 252.203369141, 272.814666748, 368.852264404, 476.992095947, 485.69833374, 386.41973877, 267.36541748, 346.330230713, 206.76222229, 62.2314910889, 3.26430583, 0.0882007926702, 0.00599223235622, 0.000799495261163, 0.000213215738768],
        "mean": [0.168982028961, 0.739534497261, 1.75465250015, 2.00776958466, 4.25781726837, 4.32434368134, 5.70596551895, 6.33927440643, 7.57435512543, 12.532740593, 27.4760894775, 31.9784259796, 24.3657150269, 25.041185379, 26.5262756348, 24.2993621826, 25.3890075684, 32.7521896362, 39.6374015808, 44.5865859985, 45.7187423706, 52.2831077576, 40.1676177979, 42.9488716125, 44.8680953979, 20.258310318, 12.6970663071, 16.4620437622, 28.072517395, 20.4853019714, 11.0719766617, 7.10038089752, 4.68392324448, 2.38681173325, 0.843763947487, 0.0466601587832, 0.00136945548002, 0.000117466865049, 3.33072930516e-05, 3.40198894264e-05],
        "median": [0.0805205106735, 0.473451256752, 1.27483952045, 1.30842649937, 2.05926036835, 2.08285593987, 2.43881392479, 2.53924369812, 3.19498682022, 4.3530497551, 7.8215303421, 7.37641525269, 9.72789001465, 9.37100601196, 10.5328140259, 12.8275356293, 9.89615631104, 13.2089557648, 18.0771789551, 24.490562439, 21.8934745789, 28.6016464233, 24.7388305664, 27.1351051331, 28.9784965515, 15.4672880173, 8.90436649323, 10.052488327, 14.6189279556, 11.1664352417, 5.59017181396, 2.89768338203, 1.27466654778, 0.752918481827, 0.321178346872, 0.0192557163537, 0.000566588365473, 5.4657644796e-05, 2.45882911258e-05, 3.1761261198e-05],
        "min": [1.04050768545e-21, 1.03140544734e-20, 4.40388728613e-20, 3.52681120365e-20, 8.27005224414e-20, 1.2148142497e-19, 8.42824795135e-20, 3.41069934408e-19, 6.0357621879e-19, 1.14792248001e-18, 2.16463798485e-18, 1.56394903999e-18, 1.6834041568e-18, 1.37700332642e-18, 2.15189609469e-18, 5.52879249624e-18, 5.93783703146e-18, 4.47081484431e-18, 5.14546211114e-18, 6.86430330576e-18, 4.62149116956e-18, 6.30303479036e-18, 1.10736562846e-17, 1.19316088431e-17, 1.76421825508e-17, 2.40536081935e-17, 1.71597443478e-17, 2.52952691587e-17, 1.65025609316e-17, 1.36427394737e-17, 1.77886348782e-17, 2.03456089703e-17, 1.91563945647e-17, 1.2435983876e-17, 1.02343913905e-17, 5.90613119858e-18, 2.36078339439e-18, 1.0639653022e-18, 2.43012532476e-19, 3.99715805529e-20],
        "var": [0.0676264241338, 0.832861721516, 4.03642940521, 7.08055353165, 50.9829444885, 67.3030319214, 128.334899902, 213.758071899, 285.591217041, 734.364318848, 3303.13720703, 4241.87695312, 1753.71057129, 2235.62817383, 2058.36767578, 1620.27282715, 2653.18505859, 3377.09155273, 5683.89746094, 5300.01953125, 5997.7578125, 4879.16796875, 1981.56738281, 2227.14477539, 2786.61547852, 378.972473145, 224.834884644, 475.89440918, 1302.21203613, 887.964294434, 420.432312012, 276.481170654, 267.82699585, 61.9740905762, 5.6079583168, 0.0152265429497, 1.30008802444e-05, 8.36626625755e-08, 2.37311370554e-09, 5.21626408734e-10]
    },
    "gfcc": {
        "mean": [12.1979808807, 78.206199646, -154.213088989, 62.8297996521, -71.381111145, 32.2165031433, -37.7978134155, 15.5991716385, -13.440237999, -5.79871463776, -7.42774677277, -8.71650600433, -0.575900495052],
        "cov": [[4187.92431641, 348.866943359, 846.650268555, 938.798095703, 214.298568726, 244.720901489, 39.3804550171, 93.7405548096, 80.7553024292, 19.2994880676, 7.74299764633, 134.835784912, -69.803604126], [348.866943359, 682.916137695, 88.9341049194, 129.950286865, 173.727523804, -79.7383346558, 107.978546143, 6.0424747467, 25.2960758209, -29.6915225983, 51.8186035156, -20.9653339386, 5.50973415375], [846.650268555, 88.9341049194, 883.540222168, 505.804718018, 154.892425537, 182.147918701, -43.0267181396, 54.8555793762, -28.747220993, 68.70703125, 2.39846682549, 67.7472000122, 18.9902153015], [938.798095703, 129.950286865, 505.804718018, 538.482666016, 205.08454895, 80.205329895, 10.5686321259, 32.4765472412, 21.6171321869, 34.9995422363, 2.48112463951, 53.7078552246, 21.5472583771], [214.298568726, 173.727523804, 154.892425537, 205.08454895, 217.354766846, 44.4569854736, 33.464225769, 29.9256134033, -11.4208621979, 20.6131134033, 16.32862854, 0.673888206482, 21.5905590057], [244.720901489, -79.7383346558, 182.147918701, 80.205329895, 44.4569854736, 224.609649658, 81.9819259644, 12.167596817, -5.43473577499, -0.247446388006, 12.8388929367, 7.6552233696, -24.0479755402], [39.3804550171, 107.978546143, -43.0267181396, 10.5686321259, 33.464225769, 81.9819259644, 176.205551147, 28.0065307617, 21.9415969849, -28.8591518402, 30.7117938995, -18.2734375, -29.9147052765], [93.7405548096, 6.0424747467, 54.8555793762, 32.4765472412, 29.9256134033, 12.167596817, 28.0065307617, 95.4981765747, 25.8989601135, 8.17836856842, 3.60169625282, -7.04797410965, -6.03915119171], [80.7553024292, 25.2960758209, -28.747220993, 21.6171321869, -11.4208621979, -5.43473577499, 21.9415969849, 25.8989601135, 140.58265686, -0.730644881725, -4.08132648468, 16.5642986298, -6.82667589188], [19.2994880676, -29.6915225983, 68.70703125, 34.9995422363, 20.6131134033, -0.247446388006, -28.8591518402, 8.17836856842, -0.730644881725, 75.7540588379, 13.983455658, 5.14717340469, 13.6807851791], [7.74299764633, 51.8186035156, 2.39846682549, 2.48112463951, 16.32862854, 12.8388929367, 30.7117938995, 3.60169625282, -4.08132648468, 13.983455658, 68.8456420898, 13.0675916672, -3.36762309074], [134.835784912, -20.9653339386, 67.7472000122, 53.7078552246, 0.673888206482, 7.6552233696, -18.2734375, -7.04797410965, 16.5642986298, 5.14717340469, 13.0675916672, 75.2875595093, 22.7570400238], [-69.803604126, 5.50973415375, 18.9902153015, 21.5472583771, 21.5905590057, -24.0479755402, -29.9147052765, -6.03915119171, -6.82667589188, 13.6807851791, -3.36762309074, 22.7570400238, 70.9742355347]],
        "icov": [[0.000699506315868, -0.00115921499673, 0.00114358845167, -0.00232976977713, 0.0019532898441, -0.0020255560521, 0.00156506290659, -0.00145962950774, 0.000680534576531, -0.000572472112253, 0.000524097471498, -0.00100147875492, 0.000956006464548], [-0.00115921499673, 0.00610606838018, -0.00456359796226, 0.00593339279294, -0.0076687708497, 0.00853607431054, -0.00672459974885, 0.00540850870311, -0.00303495605476, 0.0036690083798, -0.00317240110599, 0.00314665748738, -0.00150200608186], [0.00114358845167, -0.00456359796226, 0.00760773848742, -0.00888048764318, 0.00742764072493, -0.00945780705661, 0.00740281073377, -0.00640398357064, 0.00382481771521, -0.00381088862196, 0.0020587167237, -0.00311353406869, 0.00144916190766], [-0.00232976977713, 0.00593339279294, -0.00888048764318, 0.015801474452, -0.0133724333718, 0.0113659761846, -0.00903399661183, 0.00814806763083, -0.00505264336243, 0.00348087330349, -0.00126791081857, 0.00182777666487, -0.00217159371823], [0.0019532898441, -0.0076687708497, 0.00742764072493, -0.0133724333718, 0.019409218803, -0.0124763920903, 0.00831893645227, -0.00935945659876, 0.00552634242922, -0.0052766604349, 0.00193018943537, -0.00151681422722, -0.000706346298102], [-0.0020255560521, 0.00853607431054, -0.00945780705661, 0.0113659761846, -0.0124763920903, 0.0204081255943, -0.0143933538347, 0.00962916761637, -0.00427071750164, 0.00452605588362, -0.00300856609829, 0.00317175081, -0.000554893806111], [0.00156506290659, -0.00672459974885, 0.00740281073377, -0.00903399661183, 0.00831893645227, -0.0143933538347, 0.0188256278634, -0.00901283323765, 0.00224676867947, 0.000146938240505, -0.00185206555761, -0.000854619895108, 0.00295749190263], [-0.00145962950774, 0.00540850870311, -0.00640398357064, 0.00814806763083, -0.00935945659876, 0.00962916761637, -0.00901283323765, 0.0185576453805, -0.00575308734551, 0.0019313642988, -0.00217152107507, 0.00460752379149, -0.00123159878422], [0.000680534576531, -0.00303495605476, 0.00382481771521, -0.00505264336243, 0.00552634242922, -0.00427071750164, 0.00224676867947, -0.00575308734551, 0.0105687258765, -0.0030920477584, 0.00331152416766, -0.00482116965577, 0.00206031417474], [-0.000572472112253, 0.0036690083798, -0.00381088862196, 0.00348087330349, -0.0052766604349, 0.00452605588362, 0.000146938240505, 0.0019313642988, -0.0030920477584, 0.0196195505559, -0.00763567024842, 0.00448874756694, -0.00340074906126], [0.000524097471498, -0.00317240110599, 0.0020587167237, -0.00126791081857, 0.00193018943537, -0.00300856609829, -0.00185206555761, -0.00217152107507, 0.00331152416766, -0.00763567024842, 0.0213176868856, -0.00807290989906, 0.00341419246979], [-0.00100147875492, 0.00314665748738, -0.00311353406869, 0.00182777666487, -0.00151681422722, 0.00317175081, -0.000854619895108, 0.00460752379149, -0.00482116965577, 0.00448874756694, -0.00807290989906, 0.0219815410674, -0.00814325921237], [0.000956006464548, -0.00150200608186, 0.00144916190766, -0.00217159371823, -0.000706346298102, -0.000554893806111, 0.00295749190263, -0.00123159878422, 0.00206031417474, -0.00340074906126, 0.00341419246979, -0.00814325921237, 0.0202133283019]]
    },
    "melbands": {
        "dmean": [0.000812778773252, 0.000581685337238, 0.00027219261392, 0.000262158631813, 0.000123576261103, 0.00010192557238, 7.29452222004e-05, 0.000101822952274, 0.000153658213094, 0.000112482412078, 6.87302454025e-05, 5.60564549232e-05, 5.30876895937e-05, 3.53757641278e-05, 3.8038528146e-05, 3.40258811775e-05, 3.82712460123e-05, 4.00442404498e-05, 3.54868425347e-05, 3.86367064493e-05, 2.53032176261e-05, 3.06232468574e-05, 2.0504299755e-05, 1.69472259586e-05, 1.68308015418e-05, 1.65937944985e-05, 1.21685370686e-05, 5.29534599991e-06, 3.71297369384e-06, 4.17906767325e-06, 5.19551304023e-06, 8.00844918558e-06, 7.32269654691e-06, 5.28696045876e-06, 3.43640704159e-06, 2.67709015134e-06, 2.16757280214e-06, 1.98301813725e-06, 1.44979458128e-06, 1.01330351754e-06],
        "dmean2": [0.00127661507577, 0.00098303402774, 0.000464949785965, 0.000439379829913, 0.000200915339519, 0.000163136181072, 0.000119500742585, 0.000166130717844, 0.00024198765459, 0.000174248110852, 0.00010902613576, 8.86644775164e-05, 8.43162124511e-05, 5.5671298469e-05, 6.00946586928e-05, 5.3888776165e-05, 6.15711760474e-05, 6.20204591542e-05, 5.74630685151e-05, 6.04645683779e-05, 4.01766119467e-05, 4.90695238113e-05, 3.26188128383e-05, 2.70786622423e-05, 2.70656419161e-05, 2.6031759262e-05, 1.94149906747e-05, 8.63513378135e-06, 6.07899801253e-06, 6.64538220008e-06, 8.13379665487e-06, 1.25254919112e-05, 1.13930691441e-05, 8.12720372778e-06, 5.29228236701e-06, 4.11023938796e-06, 3.3466574223e-06, 2.87500415652e-06, 2.10023063119e-06, 1.49701133978e-06],
        "dvar": [2.11348788071e-06, 9.62638978308e-07, 2.43200616978e-07, 3.45824020087e-07, 6.89448640401e-08, 6.90073349574e-08, 4.08280023123e-08, 7.46926929196e-08, 1.47301733477e-07, 8.29194632956e-08, 1.92137026289e-08, 1.8483097719e-08, 1.23756302983e-08, 5.97912386269e-09, 1.03971347087e-08, 8.8841591861e-09, 7.31556459854e-09, 1.35564777182e-08, 3.81142273298e-09, 8.86912587816e-09, 2.69918554174e-09, 3.33926619689e-09, 1.24638210863e-09, 7.31105509466e-10, 7.55876528036e-10, 8.88915996367e-10, 3.287019823e-10, 6.10687819758e-11, 4.93322327433e-11, 8.34393595883e-11, 1.09057006481e-10, 2.07011949249e-10, 2.04384204006e-10, 1.27296048702e-10, 8.17185971669e-11, 5.64694541128e-11, 5.89349818947e-11, 7.06376762638e-11, 4.01330808864e-11, 2.00163705055e-11],
        "dvar2": [5.13677014169e-06, 2.70296641247e-06, 6.58274359466e-07, 9.02303042949e-07, 1.71479129563e-07, 1.65650590134e-07, 9.89089841141e-08, 1.88402751178e-07, 3.44971994082e-07, 1.92822540157e-07, 4.70552805609e-08, 4.5977856189e-08, 2.95104563008e-08, 1.38139437666e-08, 2.26702514539e-08, 2.02881391687e-08, 1.75965446658e-08, 3.16640189624e-08, 9.03333674529e-09, 1.83568378276e-08, 6.24861762333e-09, 8.23969870112e-09, 2.97749158662e-09, 1.81545223299e-09, 1.85350512716e-09, 2.03688621525e-09, 7.80542797063e-10, 1.5024492761e-10, 1.28335897465e-10, 2.03003530652e-10, 2.58707943956e-10, 4.96871932487e-10, 4.87417106676e-10, 2.90881124743e-10, 1.84208731602e-10, 1.2815945527e-10, 1.35832636805e-10, 1.44674300318e-10, 7.45651318468e-11, 4.54186688259e-11],
        "max": [0.0163769479841, 0.0157245937735, 0.0114819817245, 0.0125067038462, 0.00560306105763, 0.00623135687783, 0.0062173162587, 0.00531382020563, 0.00827351491898, 0.00561940809712, 0.00324437697418, 0.00467078993097, 0.00254268827848, 0.00186396820936, 0.00570728816092, 0.00253398367204, 0.00210186792538, 0.00375459319912, 0.00150504114572, 0.00306975096464, 0.00120674236678, 0.0012876142282, 0.000693153589964, 0.000436708884081, 0.000574139761738, 0.000594203302171, 0.000344770407537, 0.000157091853907, 0.000260798638919, 0.000210874801269, 0.000212686965824, 0.000285543967038, 0.000365382089512, 0.000250478333328, 0.000250428973231, 0.000202266601264, 0.000208840472624, 0.000290965544991, 0.000171685940586, 0.000178498070454],
        "mean": [0.00131688406691, 0.000945203239098, 0.000419776130002, 0.00033384791459, 0.000191979968804, 0.000149473780766, 0.000116271061415, 0.000141869299114, 0.00025556908804, 0.000191547820577, 0.000118999218103, 9.87313542282e-05, 9.55752184382e-05, 6.0114707594e-05, 6.6523476562e-05, 5.28602286067e-05, 6.343050336e-05, 6.50521906209e-05, 5.82833963563e-05, 6.77809148328e-05, 4.88584009872e-05, 5.7714387367e-05, 3.94004346163e-05, 3.38897843903e-05, 3.4422340832e-05, 3.50486188836e-05, 2.56344319496e-05, 1.05701828943e-05, 7.54518259782e-06, 7.86306009104e-06, 1.00743145595e-05, 1.62559663295e-05, 1.45535896081e-05, 1.02393441921e-05, 6.54624500385e-06, 5.09630217493e-06, 3.94433982365e-06, 3.3839542084e-06, 2.63315655502e-06, 1.8317730337e-06],
        "median": [0.000712035340257, 0.000703662983142, 0.000285315851215, 0.000159296119818, 8.99680890143e-05, 6.2214639911e-05, 4.65172051918e-05, 4.6670968004e-05, 6.21998551651e-05, 4.03365047532e-05, 4.23746241722e-05, 3.49979272869e-05, 3.45204753103e-05, 3.05385401589e-05, 2.84961424768e-05, 1.74155720742e-05, 2.33654227486e-05, 2.3093620257e-05, 3.01521649817e-05, 2.84149027721e-05, 2.24692121265e-05, 2.93749017146e-05, 2.30520236073e-05, 2.00976101041e-05, 2.08196761378e-05, 1.96363544092e-05, 1.62676951732e-05, 7.58230180509e-06, 5.01138129039e-06, 4.80870949104e-06, 5.53238714929e-06, 7.95850246504e-06, 7.13768531568e-06, 5.23943208464e-06, 3.13105101668e-06, 2.21815571422e-06, 1.43799843499e-06, 8.79242065821e-07, 6.40825192022e-07, 6.11857160493e-07],
        "min": [1.16426497943e-23, 2.09278203278e-23, 7.47806059358e-24, 8.93703674969e-24, 2.79313992307e-24, 8.92128793057e-24, 8.71444229034e-24, 1.60975476968e-23, 1.75662678628e-23, 9.54297579934e-24, 8.19827640055e-24, 4.94788824213e-24, 6.87152043192e-24, 1.21089730855e-23, 1.58797857993e-23, 1.06592636785e-23, 8.71767583119e-24, 9.27142147677e-24, 8.1732868648e-24, 8.1190660882e-24, 5.20156658216e-24, 6.32721469035e-24, 7.14946058351e-24, 1.37691474266e-23, 8.58944412446e-24, 1.14146705704e-23, 1.47106197849e-23, 1.74102453752e-23, 1.08957562892e-23, 1.34352099837e-23, 1.36527257565e-23, 1.01459652981e-23, 6.23477794163e-24, 7.83055835592e-24, 1.03476620432e-23, 1.02410616913e-23, 1.33825740286e-23, 1.41165665025e-23, 1.17929940611e-23, 9.58123713097e-24],
        "var": [3.35738036483e-06, 1.05123046978e-06, 2.67716927738e-07, 3.58830845926e-07, 1.1782661602e-07, 1.00218606747e-07, 6.80729286273e-08, 9.57859498385e-08, 2.89417812382e-07, 1.5517937868e-07, 4.60985027928e-08, 3.62128709241e-08, 3.26509663751e-08, 1.05501989367e-08, 1.97955269954e-08, 1.78841172982e-08, 1.44404985747e-08, 2.39477202513e-08, 7.15340497948e-09, 2.48967868544e-08, 6.5927605597e-09, 6.94022794789e-09, 2.42158448849e-09, 1.60819246808e-09, 1.65696323329e-09, 2.14863149495e-09, 9.03889463277e-10, 1.23633284166e-10, 9.05764421799e-11, 1.31841551565e-10, 2.01806307776e-10, 4.60382593159e-10, 4.29607821539e-10, 2.64301580621e-10, 1.5992522584e-10, 1.13576217875e-10, 1.0912746401e-10, 1.4956753891e-10, 9.84309300733e-11, 3.55736377855e-11]
    },
    "mfcc": {
        "mean": [-605.47052002, 79.9636993408, -12.1916131973, 23.2433185577, 3.19866776466, 9.43492221832, -2.32267451286, 14.0647420883, 2.57312464714, 4.78538942337, 4.14751005173, -3.10330486298, 2.086196661],
        "cov": [[3339.40454102, -14.845243454, 652.148742676, 648.69329834, 331.337127686, 292.81427002, 49.0514984131, 263.113616943, 7.74540376663, 46.1733322144, 164.348297119, -69.8611297607, 53.7979507446], [-14.845243454, 575.164489746, -108.096694946, 110.45009613, -0.722197413445, -29.6539421082, 52.6604614258, 19.4995079041, -19.4674606323, 22.2295837402, 22.3705615997, -3.44745802879, -6.47650051117], [652.148742676, -108.096694946, 748.098144531, 283.359985352, 256.375701904, 172.718948364, 78.3187103271, 50.5668373108, 46.0257759094, -19.4108848572, 18.1851482391, 51.1934356689, 42.0090065002], [648.69329834, 110.45009613, 283.359985352, 486.90145874, 234.131958008, 80.7565002441, 44.4816093445, 23.3056945801, 53.1819267273, -10.903339386, -3.6778345108, 27.5188789368, 62.9613342285], [331.337127686, -0.722197413445, 256.375701904, 234.131958008, 261.224212646, 78.772605896, 47.8729171753, -0.189084529877, 44.2688980103, -4.08509922028, -18.1013736725, 23.7445583344, 43.0126838684], [292.81427002, -29.6539421082, 172.718948364, 80.7565002441, 78.772605896, 191.251419067, 71.8469238281, 62.7482681274, 8.77356433868, 11.1426677704, 35.1417999268, -16.7188243866, 2.60377550125], [49.0514984131, 52.6604614258, 78.3187103271, 44.4816093445, 47.8729171753, 71.8469238281, 211.122833252, 29.0799217224, -9.95105266571, 31.9108505249, 4.15032339096, -2.75897455215, -1.53295588493], [263.113616943, 19.4995079041, 50.5668373108, 23.3056945801, -0.189084529877, 62.7482681274, 29.0799217224, 165.566452026, 10.5059289932, 36.4972267151, 56.4456291199, -19.5912818909, -3.01624131203], [7.74540376663, -19.4674606323, 46.0257759094, 53.1819267273, 44.2688980103, 8.77356433868, -9.95105266571, 10.5059289932, 88.7618560791, 14.5052728653, -10.8880796432, 17.6437702179, 6.06870222092], [46.1733322144, 22.2295837402, -19.4108848572, -10.903339386, -4.08509922028, 11.1426677704, 31.9108505249, 36.4972267151, 14.5052728653, 100.84438324, 28.6830196381, -4.95947408676, -4.20714759827], [164.348297119, 22.3705615997, 18.1851482391, -3.6778345108, -18.1013736725, 35.1417999268, 4.15032339096, 56.4456291199, -10.8880796432, 28.6830196381, 102.196266174, -1.97022390366, -9.10133552551], [-69.8611297607, -3.44745802879, 51.1934356689, 27.5188789368, 23.7445583344, -16.7188243866, -2.75897455215, -19.5912818909, 17.6437702179, -4.95947408676, -1.97022390366, 75.4605941772, 24.3550167084], [53.7979507446, -6.47650051117, 42.0090065002, 62.9613342285, 43.0126838684, 2.60377550125, -1.53295588493, -3.01624131203, 6.06870222092, -4.20714759827, -9.10133552551, 24.3550167084, 70.135925293]],
