{
"lowlevel": {
    "average_loudness": 0.855752110481,
    "barkbands_crest": {
        "dmean": 2.80521941185,
        "dmean2": 4.4443602562,
        "dvar": 6.34844493866,
        "dvar2": 15.2956399918,
        "max": 26.4817523956,
        "mean": 11.2309360504,
        "median": 10.3348941803,
        "min": 2.96541428566,
        "var": 21.3251838684
    },
    "barkbands_flatness_db": {
        "dmean": 0.0205007083714,
        "dmean2": 0.0311432983726,
        "dvar": 0.000362943363143,
        "dvar2": 0.000803567876574,
        "max": 0.412762224674,
        "mean": 0.185387611389,
        "median": 0.181816548109,
        "min": 0.0756591781974,
        "var": 0.00198898580857
    },
    "barkbands_kurtosis": {
        "dmean": 2.27015304565,
        "dmean2": 3.50751066208,
        "dvar": 21.681678772,
        "dvar2": 52.5276145935,
        "max": 127.423446655,
        "mean": 2.58900284767,
        "median": 0.409435749054,
        "min": -1.91515088081,
        "var": 48.5756874084
    },
    "barkbands_skewness": {
        "dmean": 0.53593224287,
        "dmean2": 0.781629562378,
        "dvar": 0.32301235199,
        "dvar2": 0.699776649475,
        "max": 10.7407808304,
        "mean": 1.13856840134,
        "median": 1.01005506516,
        "min": -6.57111883163,
        "var": 1.55419743061
    },
    "barkbands_spread": {
        "dmean": 5.86408758163,
        "dmean2": 8.69058036804,
        "dvar": 55.2889976501,
        "dvar2": 116.103729248,
        "max": 109.270141602,
        "mean": 23.765712738,
        "median": 20.874797821,
        "min": 0.770657777786,
        "var": 212.83744812
    },
    "dissonance": {
        "dmean": 0.0168160703033,
        "dmean2": 0.0282249823213,
        "dvar": 0.000283349538222,
        "dvar2": 0.000767689431086,
        "max": 0.499999970198,
        "mean": 0.465729117393,
        "median": 0.471361368895,
        "min": 0.279738515615,
        "var": 0.000654811563436
    },
    "dynamic_complexity": 3.13096690178,
    "erbbands_crest": {
        "dmean": 2.94103288651,
        "dmean2": 4.73953866959,
        "dvar": 7.60128879547,
        "dvar2": 18.7021579742,
        "max": 32.7738304138,
        "mean": 11.126127243,
        "median": 9.86349105835,
        "min": 2.5701444149,
        "var": 26.8599910736
    },
    "erbbands_flatness_db": {
        "dmean": 0.0167011711746,
        "dmean2": 0.0241466648877,
        "dvar": 0.000243850256084,
        "dvar2": 0.000497543951496,
        "max": 0.478551745415,
        "mean": 0.217419296503,
        "median": 0.210153773427,
        "min": 0.0318621136248,
        "var": 0.00295581039973
    },
    "erbbands_kurtosis": {
        "dmean": 1.09335374832,
        "dmean2": 1.71016860008,
        "dvar": 3.39138197899,
        "dvar2": 7.97618341446,
        "max": 38.848110199,
        "mean": 0.493452906609,
        "median": -0.296050667763,
        "min": -1.83135294914,
        "var": 8.59045791626
    },
    "erbbands_skewness": {
        "dmean": 0.419265270233,
        "dmean2": 0.620987474918,
        "dvar": 0.171112850308,
        "dvar2": 0.372305095196,
        "max": 5.3779425621,
        "mean": 0.178446665406,
        "median": 0.156280785799,
        "min": -4.3307929039,
        "var": 0.895287930965
    },
    "erbbands_spread": {
        "dmean": 7.24173069,
        "dmean2": 11.015999794,
        "dvar": 64.001335144,
        "dvar2": 144.108551025,
        "max": 124.390144348,
        "mean": 35.9071044922,
        "median": 34.2674331665,
        "min": 1.14220929146,
        "var": 308.044891357
    },
    "hfc": {
        "dmean": 4.75596046448,
        "dmean2": 6.4918422699,
        "dvar": 53.8769950867,
        "dvar2": 103.362670898,
        "max": 144.698776245,
        "mean": 15.8309326172,
        "median": 10.6846733093,
        "min": 1.21630238691e-16,
        "var": 233.690841675
    },
    "melbands_crest": {
        "dmean": 3.49694037437,
        "dmean2": 5.56873512268,
        "dvar": 9.74790763855,
        "dvar2": 24.3704357147,
        "max": 34.3957138062,
        "mean": 14.9213485718,
        "median": 14.2150173187,
        "min": 2.08269190788,
        "var": 29.8403377533
    },
    "melbands_flatness_db": {
        "dmean": 0.0242810528725,
        "dmean2": 0.0352537371218,
        "dvar": 0.000538535241503,
        "dvar2": 0.00109305384103,
        "max": 0.440689206123,
        "mean": 0.192774295807,
        "median": 0.190332591534,
        "min": 0.0072651039809,
        "var": 0.00304429815151
    },
    "melbands_kurtosis": {
        "dmean": 5.44515609741,
        "dmean2": 8.34941196442,
        "dvar": 110.429573059,
        "dvar2": 257.73449707,
        "max": 260.507843018,
        "mean": 9.67886447906,
        "median": 4.65001583099,
        "min": -1.86848056316,
        "var": 267.008880615
    },
    "melbands_skewness": {
        "dmean": 0.681603610516,
        "dmean2": 1.00846600533,
        "dvar": 0.54870980978,
        "dvar2": 1.21952152252,
        "max": 12.9715709686,
        "mean": 2.22551751137,
        "median": 2.0041885376,
        "min": -2.89643621445,
        "var": 2.60016870499
    },
    "melbands_spread": {
        "dmean": 9.11531257629,
        "dmean2": 13.4043121338,
        "dvar": 169.620788574,
        "dvar2": 335.339416504,
        "max": 250.560195923,
        "mean": 29.9683742523,
        "median": 24.3043365479,
        "min": 0.903246879578,
        "var": 571.325134277
    },
    "pitch_salience": {
        "dmean": 0.066340893507,
        "dmean2": 0.104607023299,
        "dvar": 0.003782116808,
        "dvar2": 0.00902621541172,
        "max": 0.89985626936,
        "mean": 0.504120588303,
        "median": 0.499032407999,
        "min": 0.0743855088949,
        "var": 0.0160761456937
    },
    "silence_rate_20dB": {
        "dmean": 0,
        "dmean2": 0,
        "dvar": 0,
        "dvar2": 0,
        "max": 1,
        "mean": 1,
        "median": 1,
        "min": 1,
        "var": 0
    },
    "silence_rate_30dB": {
        "dmean": 0,
        "dmean2": 0,
        "dvar": 0,
        "dvar2": 0,
        "max": 1,
        "mean": 1,
        "median": 1,
        "min": 1,
        "var": 0
    },
    "silence_rate_60dB": {
        "dmean": 0.0441318452358,
        "dmean2": 0.0882758647203,
        "dvar": 0.0421873927116,
        "dvar2": 0.09620744735,
        "max": 1,
        "mean": 0.116657473147,
        "median": 0,
        "min": 0,
        "var": 0.103049658239
    },
    "spectral_centroid": {
        "dmean": 290.868591309,
        "dmean2": 415.843139648,
        "dvar": 106442.5625,
        "dvar2": 193088.796875,
        "max": 10889.7705078,
        "mean": 1682.22875977,
        "median": 1624.3972168,
        "min": 300.380096436,
        "var": 497181.65625
    },
    "spectral_complexity": {
        "dmean": 2.47138333321,
        "dmean2": 3.77848267555,
        "dvar": 5.7771935463,
        "dvar2": 12.559466362,
        "max": 42,
        "mean": 12.6034193039,
        "median": 12,
        "min": 0,
        "var": 39.0519638062
    },
    "spectral_decrease": {
        "dmean": 1.22191057272e-09,
        "dmean2": 1.68129277167e-09,
        "dvar": 2.55750017895e-18,
        "dvar2": 5.07265905029e-18,
        "max": 2.6445654253e-29,
        "mean": -3.75154307619e-09,
        "median": -2.94694713077e-09,
        "min": -2.41408795176e-08,
        "var": 9.6359775025e-18
    },
    "spectral_energy": {
        "dmean": 0.00492569524795,
        "dmean2": 0.00677435053512,
        "dvar": 4.01684665121e-05,
        "dvar2": 7.92168648331e-05,
        "max": 0.0986324697733,
        "mean": 0.0155950831249,
        "median": 0.0123146465048,
        "min": 1.09324139866e-20,
        "var": 0.000160725030582
    },
    "spectral_energyband_high": {
        "dmean": 0.000233712446061,
        "dmean2": 0.000329712114763,
        "dvar": 5.31920306912e-07,
        "dvar2": 1.01533589714e-06,
        "max": 0.0237692724913,
        "mean": 0.000470350438263,
        "median": 0.000176001878572,
        "min": 8.31374919091e-21,
        "var": 1.09887128019e-06
    },
    "spectral_energyband_low": {
        "dmean": 0.00140380149242,
        "dmean2": 0.00205406174064,
        "dvar": 1.19128353617e-05,
        "dvar2": 2.57002175204e-05,
        "max": 0.0663562715054,
        "mean": 0.00262841093354,
        "median": 0.000899654696696,
        "min": 2.47453422847e-23,
        "var": 2.2154461476e-05
    },
    "spectral_energyband_middle_high": {
        "dmean": 0.00149124441668,
        "dmean2": 0.00208244868554,
        "dvar": 5.68872701479e-06,
        "dvar2": 1.08466765596e-05,
        "max": 0.0488221235573,
        "mean": 0.00477999961004,
        "median": 0.00274275941774,
        "min": 1.4140251704e-21,
        "var": 2.91170817945e-05
    },
    "spectral_energyband_middle_low": {
        "dmean": 0.00328498193994,
        "dmean2": 0.00461643654853,
        "dvar": 2.48134329013e-05,
        "dvar2": 4.9507136282e-05,
        "max": 0.0881741568446,
        "mean": 0.00786161329597,
        "median": 0.00481923203915,
        "min": 3.34825233328e-22,
        "var": 7.93339131633e-05
    },
    "spectral_entropy": {
        "dmean": 0.148876056075,
        "dmean2": 0.21171683073,
        "dvar": 0.021359147504,
        "dvar2": 0.0385785400867,
        "max": 9.80137443542,
        "mean": 7.42621088028,
        "median": 7.41182851791,
        "min": 5.74561691284,
        "var": 0.162645280361
    },
    "spectral_flux": {
        "dmean": 0.0183673929423,
        "dmean2": 0.0294012632221,
        "dvar": 0.000371560570784,
        "dvar2": 0.000924061459955,
        "max": 0.231484338641,
        "mean": 0.0614498369396,
        "median": 0.0539864599705,
        "min": 1.04558181557e-10,
        "var": 0.00104294531047
    },
    "spectral_kurtosis": {
        "dmean": 1.76332712173,
        "dmean2": 3.0532784462,
        "dvar": 3.10381031036,
        "dvar2": 9.44221591949,
        "max": 33.5304756165,
        "mean": 4.12476062775,
        "median": 3.58872771263,
        "min": -1.4858045578,
        "var": 8.19447994232
    },
    "spectral_rms": {
        "dmean": 0.000600784027483,
        "dmean2": 0.000813708873466,
        "dvar": 3.96304784545e-07,
        "dvar2": 7.27964675207e-07,
        "max": 0.00980952568352,
        "mean": 0.00357788987458,
        "median": 0.00346616329625,
        "min": 3.26584896279e-12,
        "var": 2.41343150265e-06
    },
    "spectral_rolloff": {
        "dmean": 565.171203613,
        "dmean2": 911.610717773,
        "dvar": 999155.375,
        "dvar2": 1956589.625,
        "max": 18798.4863281,
        "mean": 2016.4621582,
        "median": 1701.12304688,
        "min": 86.1328125,
        "var": 2901037
    },
    "spectral_skewness": {
        "dmean": 0.227152973413,
        "dmean2": 0.372568488121,
        "dvar": 0.0384697653353,
        "dvar2": 0.102100692689,
        "max": 4.01648378372,
        "mean": 1.32701563835,
        "median": 1.30313563347,
        "min": -0.253264576197,
        "var": 0.17844723165
    },
    "spectral_spread": {
        "dmean": 420715.125,
        "dmean2": 605799.1875,
        "dvar": 522995957760,
        "dvar2": 769163722752,
        "max": 39254956,
        "mean": 3856774.75,
        "median": 3525012,
        "min": 1559817.625,
        "var": 2.38010944717e+12
    },
    "spectral_strongpeak": {
        "dmean": 0.587169349194,
        "dmean2": 0.960556209087,
        "dvar": 0.921029746532,
        "dvar2": 2.25617361069,
        "max": 16.7457103729,
        "mean": 1.2131319046,
        "median": 0.740902781487,
        "min": 0,
        "var": 1.98780715466
    },
    "zerocrossingrate": {
        "dmean": 0.0111780781299,
        "dmean2": 0.012362472713,
        "dvar": 0.000282705470454,
        "dvar2": 0.000278172490653,
        "max": 0.8037109375,
        "mean": 0.0693992301822,
        "median": 0.0615234375,
        "min": 0.00439453125,
        "var": 0.00189467100427
    },
    "barkbands": {
        "dmean": [4.6383274821e-06, 0.00114048237447, 0.00034375191899, 8.72684104252e-05, 0.00110145693179, 0.00141881627496, 0.000976100738626, 0.000394198956201, 0.000287637958536, 0.000338332727551, 0.000254868617048, 0.000244225317147, 0.000219173074584, 0.000254413578659, 0.000240631619818, 0.000218289846089, 0.000188790756511, 0.000275438796962, 0.00023405138927, 0.000198560694116, 2.64081372734e-05, 6.37813936919e-05, 6.32122973911e-05, 3.83589649573e-05, 4.7154022468e-05, 9.0176968115e-08, 6.9688904647e-10],
        "dmean2": [7.59398744776e-06, 0.00167105195578, 0.000535964325536, 0.00012982802582, 0.00147296302021, 0.00212589465082, 0.00143159285653, 0.000607927388046, 0.000452233478427, 0.000520913861692, 0.00039078106056, 0.000360645353794, 0.000324730208376, 0.000392713875044, 0.000363342580386, 0.000338172947522, 0.000297120917821, 0.000411815417465, 0.000359593774192, 0.000307472917484, 3.96877148887e-05, 9.21551909414e-05, 9.36344295042e-05, 5.7971185015e-05, 6.90967426635e-05, 1.50201501015e-07, 1.2840666308e-09],
        "dvar": [1.08347786298e-09, 8.68794722919e-06, 7.66643665884e-07, 4.63845495347e-08, 6.70374038236e-06, 8.88281192601e-06, 7.94160405349e-06, 2.20018705477e-06, 5.4471496469e-07, 7.83158725426e-07, 1.20744596188e-06, 7.57154793973e-07, 7.23127925539e-07, 4.69390812441e-07, 5.04128138346e-07, 3.34475458885e-07, 1.74489613869e-07, 3.86950176789e-07, 2.52489513741e-07, 2.1470445688e-07, 9.8932524395e-09, 8.96881644508e-08, 4.21576800136e-08, 2.70755347032e-08, 7.97156332055e-08, 4.30895445193e-13, 1.6341030756e-17],
        "dvar2": [2.93676816199e-09, 1.81451159733e-05, 1.71982662778e-06, 8.25730310794e-08, 1.27751991386e-05, 1.95208849618e-05, 1.6532771042e-05, 5.11684856974e-06, 1.37476990858e-06, 1.8505721755e-06, 2.85179908133e-06, 1.5217510736e-06, 1.24521545786e-06, 1.03233890059e-06, 1.00953138826e-06, 7.48565469166e-07, 4.30122383932e-07, 7.48079855839e-07, 5.62264347082e-07, 5.04888589603e-07, 1.78986496735e-08, 1.72671491327e-07, 9.30413435185e-08, 5.83552690614e-08, 1.65500452454e-07, 1.05957072543e-12, 4.71330093836e-17],
        "max": [0.00191353552509, 0.0530865117908, 0.0198714789003, 0.00998320709914, 0.0455231554806, 0.0702265575528, 0.0786441192031, 0.0346674099565, 0.0195595305413, 0.0206430070102, 0.044529274106, 0.0256872866303, 0.0327823273838, 0.0175131838769, 0.0229046102613, 0.017746290192, 0.0107145374641, 0.0177128594369, 0.00976140331477, 0.0068542426452, 0.00511831603944, 0.0133336661384, 0.00554390856996, 0.00455169100314, 0.00900515913963, 2.39881646849e-05, 2.50172831784e-07],
        "mean": [6.36866661807e-06, 0.00205581425689, 0.000531541416422, 0.000168471946381, 0.00174945185427, 0.00267403642647, 0.00179340143222, 0.000708790379576, 0.000534915248863, 0.000662225240376, 0.000478823960293, 0.000471170322271, 0.000415185117163, 0.000491888960823, 0.000402977631893, 0.000342561397702, 0.000330622075126, 0.000552256009541, 0.000499201705679, 0.000339340767823, 4.69424376206e-05, 0.000106508850877, 0.000112662899483, 5.739766857e-05, 6.24511376373e-05, 9.28654699806e-08, 8.45686687345e-10],
        "median": [1.17211516226e-06, 0.000485020893393, 0.000121840152133, 2.63182937488e-05, 0.000332610739861, 0.000674987968523, 0.000189275713637, 8.6555191956e-05, 0.000124976591906, 0.00015263617388, 6.08850823482e-05, 7.47370213503e-05, 7.1155387559e-05, 0.000114197122457, 0.000109433865873, 0.000104470913357, 0.000125658290926, 0.000152649183292, 0.000149692437844, 9.27872315515e-05, 2.13359162444e-05, 2.33747086895e-05, 2.87115944957e-05, 1.37955958053e-05, 4.45026398666e-06, 4.37010161392e-09, 4.76270856087e-10],
        "min": [1.99505565614e-24, 5.07336011898e-24, 4.59342739944e-24, 3.33088186858e-23, 4.50528276401e-23, 7.61121715894e-23, 9.27296653974e-23, 4.11480702889e-23, 3.47371428626e-23, 7.77880403182e-23, 5.13737523481e-23, 1.11405776935e-22, 4.67156990967e-23, 2.05769204821e-22, 1.06740630246e-22, 1.16951027336e-22, 1.43854730923e-22, 1.37309091297e-22, 1.65162457196e-22, 3.51640289461e-22, 6.72232780741e-22, 5.72774308527e-22, 7.3327158117e-22, 9.15217994447e-22, 1.03801493547e-21, 1.833687358e-21, 2.55256042274e-21],
        "var": [1.75804781843e-09, 1.74287561094e-05, 1.53017026605e-06, 3.35470787149e-07, 1.31884098664e-05, 2.52361751336e-05, 2.27881137107e-05, 4.6746422413e-06, 1.34381423322e-06, 2.44410421146e-06, 3.42911062035e-06, 2.73231353276e-06, 2.7760629564e-06, 1.25791916616e-06, 1.09865629838e-06, 6.82651545958e-07, 3.16812247547e-07, 1.34401443574e-06, 8.36288904793e-07, 4.63456473199e-07, 1.68804259459e-08, 1.54868004643e-07, 7.10127139314e-08, 3.8577219641e-08, 1.39529490184e-07, 4.71837412891e-13, 9.40879152008e-18]
    },
    "erbbands": {
        "dmean": [0.0196380447596, 0.298638105392, 0.510458230972, 0.237111836672, 1.90098428726, 4.1495347023, 6.20724058151, 13.3699274063, 15.3163881302, 11.2846927643, 6.44953393936, 5.97802829742, 9.96534729004, 8.8563709259, 10.8082828522, 10.9059848785, 10.9193201065, 11.3541593552, 11.7338161469, 11.620475769, 11.4966974258, 8.96074390411, 12.3694782257, 11.4025058746, 12.9341621399, 7.52046251297, 1.49022436142, 1.01094150543, 2.13065981865, 2.57030916214, 1.63001251221, 0.908912777901, 0.606530725956, 0.629814684391, 0.278501302004, 0.0167297720909, 0.000439185270807, 3.04795848933e-05, 6.35594369669e-06, 6.49010962661e-06],
        "dmean2": [0.0260914936662, 0.443824052811, 0.78515201807, 0.357044279575, 2.69388747215, 5.67479753494, 9.2211971283, 19.8633861542, 22.4175262451, 16.9605121613, 10.0153312683, 9.27534484863, 15.6419553757, 13.4028425217, 16.2389373779, 15.9696817398, 15.9924468994, 17.3544960022, 17.7188568115, 17.8890228271, 17.6756286621, 13.8370513916, 18.1597309113, 16.6983737946, 19.1445560455, 11.2975234985, 2.20842170715, 1.4621322155, 3.13311886787, 3.80264925957, 2.43357539177, 1.3479899168, 0.922355949879, 0.952577292919, 0.403032839298, 0.025283973664, 0.000647532637231, 4.38512615801e-05, 8.85691224539e-06, 8.97365407582e-06],
        "dvar": [0.0022568537388, 0.608100771904, 1.75755441189, 0.206885397434, 29.6228599548, 103.110046387, 175.445510864, 968.21697998, 1984.1192627, 1171.4095459, 687.12487793, 296.934631348, 559.962219238, 864.788757324, 2344.69750977, 1543.51953125, 1999.88586426, 952.494750977, 1360.02624512, 988.25201416, 984.522277832, 488.857879639, 744.585327148, 629.308044434, 725.656921387, 302.143707275, 11.2860660553, 39.5150108337, 123.062660217, 111.192878723, 24.1106300354, 10.537820816, 10.1726608276, 14.4015197754, 2.93572473526, 0.0119801927358, 7.54450957174e-06, 3.11334176217e-08, 5.20458232067e-10, 7.77093597804e-11],
        "dvar2": [0.00382087519392, 1.3059592247, 4.08263874054, 0.450349241495, 63.1302490234, 195.659103394, 394.583953857, 2095.39916992, 4065.09643555, 2743.38061523, 1638.8371582, 721.056945801, 1382.35266113, 1931.09277344, 5505.73193359, 3081.57177734, 3350.19262695, 2128.74951172, 2786.81518555, 2071.8581543, 2229.078125, 1231.6463623, 1460.42590332, 1169.52124023, 1581.44274902, 660.294006348, 24.3763408661, 63.9388961792, 259.791931152, 240.859436035, 50.3329277039, 22.4156265259, 22.2479496002, 31.0733451843, 6.21459770203, 0.0255430024117, 1.5714804249e-05, 6.36823429545e-08, 1.06611131034e-09, 1.59229046615e-10],
        "max": [1.02963149548, 13.8303804398, 29.683265686, 12.0696382523, 109.062210083, 172.171401978, 306.917663574, 815.305236816, 1385.26171875, 798.799682617, 780.475708008, 586.491760254, 602.949279785, 862.94744873, 1746.23242188, 1331.47521973, 1837.66125488, 977.631591797, 1421.19335938, 713.847839355, 1148.25805664, 703.116760254, 585.709533691, 847.770019531, 599.264770508, 378.168182373, 125.336723328, 366.980895996, 570.956970215, 356.11038208, 126.241889954, 115.441360474, 99.6206741333, 109.554466248, 57.6397438049, 3.65593147278, 0.0940732359886, 0.00609105220065, 0.0007860334008, 0.000195083121071],
        "mean": [0.0360536985099, 0.534428536892, 0.847587049007, 0.464000314474, 2.74944329262, 6.46331167221, 11.1889266968, 25.1789550781, 29.6214065552, 21.8031711578, 12.3985586166, 11.5135202408, 19.6176261902, 18.8312625885, 22.2559452057, 22.7637424469, 22.4968795776, 24.3931007385, 21.256816864, 20.2549648285, 19.9859256744, 17.4991188049, 25.1281204224, 27.1114578247, 30.1009140015, 15.0218448639, 3.12904882431, 1.73600113392, 3.46308469772, 4.34770011902, 2.9367442131, 1.50939965248, 0.844040393829, 0.800061821938, 0.37412416935, 0.0222716424614, 0.000606829533353, 4.5990684157e-05, 1.5268487914e-05, 2.05413471122e-05],
        "median": [0.00756066758186, 0.129187256098, 0.263658344746, 0.167114943266, 0.307012826204, 1.19918751717, 3.08020329475, 5.53236293793, 3.96009325981, 3.00412845612, 2.62558102608, 3.08730268478, 5.28402519226, 4.78880310059, 3.94440793991, 4.20251750946, 4.89498758316, 6.1680431366, 6.20890426636, 6.772960186, 6.55113220215, 6.95372962952, 8.28553962708, 8.98996734619, 7.57549619675, 4.74869823456, 1.46522653103, 0.75797444582, 0.753312826157, 0.984271466732, 0.745995163918, 0.401867061853, 0.161918342113, 0.0625512003899, 0.0239674542099, 0.00142782903276, 5.56682862225e-05, 7.70331826061e-06, 9.09407935978e-06, 1.62616579473e-05],
        "min": [1.02322340223e-22, 1.40256934496e-21, 6.33902107612e-21, 5.80364328804e-20, 1.01458174075e-19, 1.84538256095e-19, 2.33877485833e-19, 9.09728171205e-19, 5.65742270041e-19, 2.03143667722e-18, 1.09379953554e-18, 9.28995275622e-19, 1.70294299005e-18, 2.30943719185e-18, 2.16251295785e-18, 5.29217334612e-18, 3.08647535644e-18, 1.04880653505e-17, 6.51080601662e-18, 4.68913841364e-18, 7.12486313076e-18, 7.22076479662e-18, 6.62999695263e-18, 8.08915802883e-18, 1.19323053292e-17, 1.83526976097e-17, 1.68270589228e-17, 3.04630932705e-17, 2.15681554459e-17, 2.35582461206e-17, 1.95309287112e-17, 1.68236542474e-17, 1.70473222307e-17, 9.11336975457e-18, 8.97412299744e-18, 6.57130352509e-18, 3.5192018658e-18, 1.59541137157e-18, 3.53134079299e-19, 3.73558642038e-20],
        "var": [0.00595864187926, 1.16271281242, 2.88917088509, 0.762987196445, 55.7790145874, 197.0675354, 436.720855713, 2784.47143555, 5725.15234375, 3053.37109375, 1498.97375488, 756.921081543, 1712.22802734, 2572.80444336, 7534.21142578, 6087.0078125, 7782.26416016, 2899.92138672, 3256.40917969, 2128.92724609, 2235.41845703, 849.870056152, 2231.57617188, 2826.44726562, 3069.37011719, 778.924316406, 24.3922367096, 70.1381607056, 187.325653076, 168.81199646, 46.227897644, 16.5019264221, 13.7076244354, 22.7351703644, 5.21996068954, 0.0197221636772, 1.31150363814e-05, 5.6378322455e-08, 1.00515284984e-09, 2.85323403793e-10]
    },
    "gfcc": {
        "mean": [-58.1436195374, 94.8263702393, -165.351745605, 45.0958480835, -73.2564315796, 11.4389925003, -43.1887969971, 8.81048583984, -13.0933618546, -8.2106180191, 8.12947463989, -8.48883152008, 3.0504758358],
        "cov": [[4009.32861328, 618.94909668, 997.434875488, 1028.15905762, 238.056335449, 13.7456741333, -242.979553223, -7.37029266357, -4.68979215622, 112.946258545, 396.47744751, 217.730194092, -24.1121749878], [618.94909668, 1480.97570801, 632.165100098, 447.253875732, 442.629425049, 1.06995153427, 179.02494812, -163.317459106, -9.25470161438, -60.6912155151, 187.232574463, -25.2381324768, 55.2659034729], [997.434875488, 632.165100098, 1556.93554688, 909.942504883, 312.817474365, 161.41368103, -244.935531616, -67.9796600342, -103.439369202, 73.8505477905, 126.95867157, 206.47215271, 39.011680603], [1028.15905762, 447.253875732, 909.942504883, 1021.62615967, 328.022094727, 18.22382164, -132.779281616, -80.0041809082, 15.8401670456, -14.8662090302, 145.688110352, 197.724411011, 39.2727203369], [238.056335449, 442.629425049, 312.817474365, 328.022094727, 483.664337158, 189.118377686, 98.8385848999, -10.3932180405, 4.51750707626, 11.9201574326, 21.9184684753, 47.6153068542, 45.4479255676], [13.7456741333, 1.06995153427, 161.41368103, 18.22382164, 189.118377686, 394.779937744, 169.922317505, 74.4758071899, -16.0967445374, 58.3413467407, -70.5988693237, -18.4707889557, -8.79290485382], [-242.979553223, 179.02494812, -244.935531616, -132.779281616, 98.8385848999, 169.922317505, 397.815155029, 93.9633331299, 44.2341308594, -4.61716747284, 0.0678129270673, -93.7113189697, -12.2355108261], [-7.37029266357, -163.317459106, -67.9796600342, -80.0041809082, -10.3932180405, 74.4758071899, 93.9633331299, 207.651809692, 92.3476104736, 76.6918563843, 13.2913703918, -24.5676002502, -24.6153316498], [-4.68979215622, -9.25470161438, -103.439369202, 15.8401670456, 4.51750707626, -16.0967445374, 44.2341308594, 92.3476104736, 235.20539856, 78.6171035767, 73.8190002441, -8.53843784332, -28.0832233429], [112.946258545, -60.6912155151, 73.8505477905, -14.8662090302, 11.9201574326, 58.3413467407, -4.61716747284, 76.6918563843, 78.6171035767, 199.830627441, 82.1683197021, 5.05867958069, -34.5370750427], [396.47744751, 187.232574463, 126.95867157, 145.688110352, 21.9184684753, -70.5988693237, 0.0678129270673, 13.2913703918, 73.8190002441, 82.1683197021, 231.784118652, 69.354095459, -11.9856758118], [217.730194092, -25.2381324768, 206.47215271, 197.724411011, 47.6153068542, -18.4707889557, -93.7113189697, -24.5676002502, -8.53843784332, 5.05867958069, 69.354095459, 190.660629272, 66.5859832764], [-24.1121749878, 55.2659034729, 39.011680603, 39.2727203369, 45.4479255676, -8.79290485382, -12.2355108261, -24.6153316498, -28.0832233429, -34.5370750427, -11.9856758118, 66.5859832764, 119.910728455]],
        "icov": [[0.000455371162388, -0.000334300188115, 0.000352098257281, -0.000611604424194, 0.000344221945852, -0.000554697471671, 0.000684689905029, -0.000595485849772, 0.000481994415168, -6.36544791632e-05, -0.000610431889072, 5.85566522204e-06, 0.000138168310514], [-0.000334300188115, 0.0031522421632, -0.00230217631906, 0.0014957889216, -0.00255652749911, 0.00226945034228, -0.00284160417505, 0.00301968189888, -0.00140534259845, 0.00135633081663, -0.0017799109919, 0.0026170106139, -0.00136527174618], [0.000352098257281, -0.00230217631906, 0.00374790746719, -0.00288139190525, 0.00195533409715, -0.00297628459521, 0.00341370911337, -0.00264167343266, 0.00235657580197, -0.00157568883151, 0.000335234042723, -0.00140607880894, 0.000615291821305], [-0.000611604424194, 0.0014957889216, -0.00288139190525, 0.00441897474229, -0.00260645244271, 0.00224219309166, -0.00202498561703, 0.00221740570851, -0.00232592411339, 0.00191668048501, -0.000302403786918, -0.000585314701311, 0.000380737939849], [0.000344221945852, -0.00255652749911, 0.00195533409715, -0.00260645244271, 0.00591163290665, -0.00352435931563, 0.00164336781017, -0.00177954987157, 0.000971152214333, -0.00137221021578, 0.00114058982581, -0.00157731864601, -0.000409539876273], [-0.000554697471671, 0.00226945034228, -0.00297628459521, 0.00224219309166, -0.00352435931563, 0.00800449959934, -0.00535258837044, 0.00178187328856, -0.000816096784547, -0.00140613655094, 0.00284231966361, -0.000153880828293, 0.000592215335928], [0.000684689905029, -0.00284160417505, 0.00341370911337, -0.00202498561703, 0.00164336781017, -0.00535258837044, 0.00862529035658, -0.00467085000128, 0.00172052532434, 0.000958151882514, -0.00212541990913, 0.00080447102664, -7.43738637539e-05], [-0.000595485849772, 0.00301968189888, -0.00264167343266, 0.00221740570851, -0.00177954987157, 0.00178187328856, -0.00467085000128, 0.0107434904203, -0.00412597088143, -0.000737491180189, -0.000217051274376, 0.00158293126151, -0.00092373881489], [0.000481994415168, -0.00140534259845, 0.00235657580197, -0.00232592411339, 0.000971152214333, -0.000816096784547, 0.00172052532434, -0.00412597088143, 0.00787043198943, -0.00241510244086, -0.00111688137986, -0.000368911394617, 0.000881253567059], [-6.36544791632e-05, 0.00135633081663, -0.00157568883151, 0.00191668048501, -0.00137221021578, -0.00140613655094, 0.000958151882514, -0.000737491180189, -0.00241510244086, 0.00995116122067, -0.00486024376005, 0.00180053815711, 0.000425228965469], [-0.000610431889072, -0.0017799109919, 0.000335234042723, -0.000302403786918, 0.00114058982581, 0.00284231966361, -0.00212541990913, -0.000217051274376, -0.00111688137986, -0.00486024376005, 0.0115417111665, -0.00580942677334, 0.00292043527588], [5.85566522204e-06, 0.0026170106139, -0.00140607880894, -0.000585314701311, -0.00157731864601, -0.000153880828293, 0.00080447102664, 0.00158293126151, -0.000368911394617, 0.00180053815711, -0.00580942677334, 0.0132006322965, -0.00704100029543], [0.000138168310514, -0.00136527174618, 0.000615291821305, 0.000380737939849, -0.000409539876273, 0.000592215335928, -7.43738637539e-05, -0.00092373881489, 0.000881253567059, 0.000425228965469, 0.00292043527588, -0.00704100029543, 0.0132037410513]]
    },
    "melbands": {
        "dmean": [0.000261309061898, 0.000317820376949, 7.39941751817e-05, 0.00023801100906, 0.000203034971491, 0.000291367963655, 0.000224206596613, 0.000114681432024, 4.84313641209e-05, 4.044862726e-05, 5.0965569244e-05, 3.70433299395e-05, 3.67344473489e-05, 3.02447806462e-05, 2.56345083471e-05, 2.11436599784e-05, 2.24365267059e-05, 1.97635163204e-05, 1.64893244801e-05, 1.52718603204e-05, 1.42098415381e-05, 9.63811453403e-06, 1.16714982141e-05, 1.47004147948e-05, 9.75463353825e-06, 8.61532498675e-06, 1.10547025542e-05, 4.20852666139e-06, 1.09477343813e-06, 5.38299843811e-07, 6.51740606372e-07, 1.13440728455e-06, 1.55983400418e-06, 1.47402192852e-06, 1.06217567009e-06, 6.95844505572e-07, 5.48265916223e-07, 4.58592325003e-07, 3.97353716153e-07, 6.17588227669e-07],
        "dmean2": [0.000368949171389, 0.000481633614982, 0.000108631225885, 0.000323481683154, 0.00029431071016, 0.000435618509073, 0.000329404167132, 0.000171584077179, 7.50593244447e-05, 6.3283732743e-05, 8.0153287854e-05, 5.64552028663e-05, 5.55944388907e-05, 4.54756518593e-05, 3.76096504624e-05, 3.10976574838e-05, 3.43915380654e-05, 3.03236483887e-05, 2.5218425435e-05, 2.38861484831e-05, 2.18591139856e-05, 1.51371541506e-05, 1.80313963938e-05, 2.18594195758e-05, 1.45898211485e-05, 1.29491118059e-05, 1.67974048964e-05, 6.47788328934e-06, 1.68740939444e-06, 8.10817653019e-07, 9.57512384048e-07, 1.68065662365e-06, 2.33072842093e-06, 2.210231969e-06, 1.61888397088e-06, 1.03195725387e-06, 8.35912999264e-07, 7.08459197085e-07, 6.04449780894e-07, 9.45244096329e-07],
        "dvar": [4.33310873404e-07, 6.64173626319e-07, 2.45542448596e-08, 4.09106689858e-07, 1.69446138898e-07, 4.27728281238e-07, 4.00763781272e-07, 1.305583055e-07, 3.96860535545e-08, 1.19436043278e-08, 1.44952849723e-08, 1.57419339786e-08, 2.58471288817e-08, 1.17582006354e-08, 6.52665876899e-09, 5.16335019185e-09, 3.62916452445e-09, 4.26326618452e-09, 2.7512077061e-09, 1.5908481199e-09, 1.67884317559e-09, 7.71193997551e-10, 7.55928764029e-10, 1.31098398803e-09, 5.05302300002e-10, 3.35931199524e-10, 6.71421473974e-10, 1.20129919901e-10, 7.97874700337e-12, 3.62855492181e-12, 2.04477788868e-11, 4.04594309444e-11, 4.76413145045e-11, 3.11685781351e-11, 9.34587823798e-12, 5.21035384976e-12, 4.57677342205e-12, 5.83905580137e-12, 4.68142798832e-12, 1.53413861476e-11],
        "dvar2": [8.37093750761e-07, 1.53148425852e-06, 4.98454149067e-08, 8.15030375634e-07, 3.59551023621e-07, 9.31098043111e-07, 8.28857878332e-07, 3.03936246837e-07, 9.45382865325e-08, 2.97066495847e-08, 3.59276022266e-08, 3.5449549074e-08, 5.66349456221e-08, 2.57847077023e-08, 1.21904655259e-08, 8.77520545117e-09, 7.99911070715e-09, 9.08254538246e-09, 5.87144066699e-09, 3.37439365339e-09, 3.98532673529e-09, 1.99497862674e-09, 1.64077784692e-09, 2.52388621114e-09, 9.55438728134e-10, 7.68804298001e-10, 1.5841058465e-09, 2.67617844552e-10, 1.87391369783e-11, 7.06531578035e-12, 3.38641059638e-11, 8.40682246039e-11, 9.90552501134e-11, 6.94871660212e-11, 1.97567205651e-11, 1.12948504716e-11, 1.01492685783e-11, 1.33147737627e-11, 9.58440705273e-12, 3.42494296812e-11],
        "max": [0.0131474239752, 0.0178331285715, 0.00538050662726, 0.0121725592762, 0.00937060732394, 0.0165417287499, 0.018182458356, 0.00887745432556, 0.00588101381436, 0.00330501399003, 0.0029743174091, 0.00349654699676, 0.00739063834772, 0.00296529941261, 0.00209199241363, 0.00302294152789, 0.00170296442229, 0.00218149344437, 0.00165387778543, 0.00105553364847, 0.00171577837318, 0.000968536827713, 0.000779018679168, 0.00110189744737, 0.000695021008141, 0.000438088172814, 0.000444256642368, 0.000282263848931, 0.000109276377771, 9.78360840236e-05, 0.000273849174846, 0.000356341566658, 0.000277690414805, 0.000162157244631, 7.65447111917e-05, 8.65130205057e-05, 6.90884116921e-05, 8.18594635348e-05, 4.88727746415e-05, 0.000121719065646],
        "mean": [0.000475073378766, 0.000565716763958, 0.00013426473015, 0.00034301384585, 0.00037338148104, 0.000556833634619, 0.000439512979938, 0.000215763720917, 9.09204754862e-05, 7.53951972001e-05, 9.75799412117e-05, 7.48458624003e-05, 7.32933840482e-05, 5.86140922678e-05, 5.19688474014e-05, 4.21712647949e-05, 4.52611020592e-05, 3.37224046234e-05, 2.71362605417e-05, 2.42812147917e-05, 2.35167226492e-05, 1.64093798958e-05, 2.06976710615e-05, 2.85331534542e-05, 2.07524808502e-05, 1.97036006284e-05, 2.11486130866e-05, 7.28511440684e-06, 2.00815065909e-06, 9.09777099878e-07, 9.98122004603e-07, 1.76075650415e-06, 2.46963395512e-06, 2.4309915716e-06, 1.84179600637e-06, 1.15766147246e-06, 8.28383861062e-07, 6.0758611653e-07, 5.15752219599e-07, 7.49389300836e-07],
        "median": [0.000106224149931, 0.000184226169949, 3.63170693163e-05, 4.60144547105e-05, 0.000102813566627, 0.000125621940242, 5.68041650695e-05, 2.58730560745e-05, 1.68258302438e-05, 1.78119207703e-05, 2.53721591434e-05, 1.53793225763e-05, 1.00664974525e-05, 9.75859984464e-06, 9.16099997994e-06, 9.2441077868e-06, 1.02026824607e-05, 7.8109851529e-06, 7.95013511379e-06, 7.50925482862e-06, 6.70801318847e-06, 6.38951814835e-06, 5.83713699598e-06, 7.56090048526e-06, 6.47826163913e-06, 5.29721228304e-06, 4.5091355787e-06, 2.17365345634e-06, 7.97961888566e-07, 4.11041924053e-07, 3.56622024356e-07, 3.75734430236e-07, 4.60928333723e-07, 5.52176175006e-07, 4.38097430333e-07, 2.93749678804e-07, 2.04094817491e-07, 1.14920787553e-07, 5.69280445006e-08, 4.34593019349e-08],
        "min": [1.33652305272e-24, 2.43611705737e-24, 1.22279072776e-23, 8.75374334064e-24, 9.75313465538e-24, 1.77955565958e-23, 1.16792513626e-23, 1.84840601943e-23, 9.15482862384e-24, 5.01002208247e-24, 8.7955411357e-24, 9.94831619827e-24, 6.71559181881e-24, 1.18393278063e-23, 9.63172975093e-24, 9.52680415079e-24, 1.92964181105e-23, 1.02367347893e-23, 6.45531229073e-24, 7.90694454623e-24, 8.46124239445e-24, 7.86278805706e-24, 5.39713663905e-24, 8.0506884138e-24, 6.30920815133e-24, 5.7381758023e-24, 1.37792527348e-23, 1.0668266948e-23, 1.01795983828e-23, 1.01629179189e-23, 2.09370563113e-23, 1.16890782029e-23, 1.12706640122e-23, 1.35717365628e-23, 1.15090317453e-23, 8.90957334613e-24, 1.15652735836e-23, 1.34880873302e-23, 7.93941327223e-24, 7.64216811656e-24],
        "var": [9.80027266451e-07, 1.07169887542e-06, 1.01409412423e-07, 6.78303592849e-07, 4.47924520586e-07, 1.257914505e-06, 1.20530251024e-06, 3.32847093887e-07, 9.12750124371e-08, 2.92737656338e-08, 4.32096634029e-08, 4.70279211129e-08, 8.77596164628e-08, 3.65012411407e-08, 2.67119339981e-08, 1.93908000767e-08, 1.07077191558e-08, 1.01608916836e-08, 5.22472287656e-09, 3.11806069853e-09, 3.61793439652e-09, 9.73539138194e-10, 1.91405979955e-09, 4.29776525479e-09, 1.96990579404e-09, 1.42250622392e-09, 1.82442927432e-09, 2.57696530781e-10, 1.39292214915e-11, 5.96250479545e-12, 3.57651269711e-11, 6.11309891596e-11, 7.66767621618e-11, 4.57240079133e-11, 1.815473466e-11, 8.39808517866e-12, 6.48130681069e-12, 7.09279553493e-12, 7.59794744482e-12, 2.25439771018e-11]
    },
    "mfcc": {
        "mean": [-677.74597168, 102.740005493, -25.0880031586, 20.4084281921, -0.166011855006, -5.39242267609, -7.09052705765, 7.0363035202, -14.7651844025, 6.73142766953, -0.651549339294, -3.8752412796, 4.89805173874],
        "cov": [[3268.58740234, 92.7381515503, 676.793884277, 746.510498047, 447.98626709, 86.4899139404, 25.6186676025, 86.8168716431, -388.95513916, 126.056274414, 4.78400468826, 34.2961997986, 235.869842529], [92.7381515503, 1166.38513184, 225.903411865, 289.343170166, 181.811203003, 202.412277222, 252.853317261, 1.85495829582, -6.92382192612, -1.06783246994, -5.86290884018, 39.3345603943, -2.53483009338], [676.793884277, 225.903411865, 1263.19433594, 663.988525391, 524.077697754, 213.176925659, 57.1870269775, 2.00445580482, -168.37512207, -93.9954986572, -34.5517959595, -0.0859890207648, 106.057975769], [746.510498047, 289.343170166, 663.988525391, 923.001037598, 491.189361572, 194.91242981, 0.325973629951, 99.8688812256, -198.777709961, -65.6883773804, -67.3587646484, -19.155380249, 135.0546875], [447.98626709, 181.811203003, 524.077697754, 491.189361572, 576.439880371, 231.289749146, 26.4056148529, 44.1606788635, -49.4651107788, -59.1902999878, -28.6139431, 15.8655366898, 91.1545028687], [86.4899139404, 202.412277222, 213.176925659, 194.91242981, 231.289749146, 374.896636963, 158.338699341, 80.9951629639, 73.4368591309, -20.5173854828, 12.6577396393, 13.2898960114, 6.36121416092], [25.6186676025, 252.853317261, 57.1870269775, 0.325973629951, 26.4056148529, 158.338699341, 324.90637207, 66.1208572388, 98.9542236328, 31.6147346497, 30.1164989471, 34.6181640625, -9.80563545227], [86.8168716431, 1.85495829582, 2.00445580482, 99.8688812256, 44.1606788635, 80.9951629639, 66.1208572388, 207.507553101, 50.3233375549, 32.7836341858, -3.98962879181, -12.7658557892, 18.4791145325], [-388.95513916, -6.92382192612, -168.37512207, -198.777709961, -49.4651107788, 73.4368591309, 98.9542236328, 50.3233375549, 281.906341553, 40.8798179626, 31.3473434448, 24.7313156128, -60.2049407959], [126.056274414, -1.06783246994, -93.9954986572, -65.6883773804, -59.1902999878, -20.5173854828, 31.6147346497, 32.7836341858, 40.8798179626, 243.519134521, 116.274116516, 47.0741691589, -1.44258975983], [4.78400468826, -5.86290884018, -34.5517959595, -67.3587646484, -28.6139431, 12.6577396393, 30.1164989471, -3.98962879181, 31.3473434448, 116.274116516, 192.806686401, 79.6988754272, 22.4201030731], [34.2961997986, 39.3345603943, -0.0859890207648, -19.155380249, 15.8655366898, 13.2898960114, 34.6181640625, -12.7658557892, 24.7313156128, 47.0741691589, 79.6988754272, 170.266036987, 80.3562469482], [235.869842529, -2.53483009338, 106.057975769, 135.0546875, 91.1545028687, 6.36121416092, -9.80563545227, 18.4791145325, -60.2049407959, -1.44258975983, 22.4201030731, 80.3562469482, 175.825942993]],
