{
"lowlevel": {
    "average_loudness": 0.769769668579,
    "barkbands_crest": {
        "dmean": 2.34244084358,
        "dmean2": 3.80691432953,
        "dvar": 5.77107715607,
        "dvar2": 14.6316957474,
        "max": 25.0418701172,
        "mean": 8.29944324493,
        "median": 7.54217338562,
        "min": 2.0913465023,
        "var": 12.7260150909
    },
    "barkbands_flatness_db": {
        "dmean": 0.01621860452,
        "dmean2": 0.025609254837,
        "dvar": 0.000251759251114,
        "dvar2": 0.000606899207924,
        "max": 0.328776299953,
        "mean": 0.12223418057,
        "median": 0.111821107566,
        "min": 0.0271950084716,
        "var": 0.00280141551048
    },
    "barkbands_kurtosis": {
        "dmean": 1.4300018549,
        "dmean2": 2.32786369324,
        "dvar": 7.31177854538,
        "dvar2": 18.0251159668,
        "max": 76.0015716553,
        "mean": 1.41643595695,
        "median": 0.119502782822,
        "min": -1.83951842785,
        "var": 19.0641765594
    },
    "barkbands_skewness": {
        "dmean": 0.401689320803,
        "dmean2": 0.635010421276,
        "dvar": 0.183034867048,
        "dvar2": 0.436466097832,
        "max": 7.77642679214,
        "mean": 1.04764807224,
        "median": 0.908426523209,
        "min": -2.28798794746,
        "var": 0.839405536652
    },
    "barkbands_spread": {
        "dmean": 4.895424366,
        "dmean2": 7.70044231415,
        "dvar": 30.8035793304,
        "dvar2": 70.8872909546,
        "max": 99.8849945068,
        "mean": 26.8447990417,
        "median": 26.2176971436,
        "min": 1.61436808109,
        "var": 175.859588623
    },
    "dissonance": {
        "dmean": 0.0152448778972,
        "dmean2": 0.0261079128832,
        "dvar": 0.000233879531152,
        "dvar2": 0.000640738930088,
        "max": 0.500000059605,
        "mean": 0.474457770586,
        "median": 0.479700416327,
        "min": 0.298588782549,
        "var": 0.000452374777524
    },
    "dynamic_complexity": 3.6101102829,
    "erbbands_crest": {
        "dmean": 2.49867677689,
        "dmean2": 4.12080526352,
        "dvar": 5.71028995514,
        "dvar2": 14.5111293793,
        "max": 32.5929756165,
        "mean": 8.27418327332,
        "median": 7.23532104492,
        "min": 2.17817544937,
        "var": 15.7082490921
    },
    "erbbands_flatness_db": {
        "dmean": 0.0140801286325,
        "dmean2": 0.0215850248933,
        "dvar": 0.000182732896064,
        "dvar2": 0.000389844324673,
        "max": 0.413433074951,
        "mean": 0.160941138864,
        "median": 0.143494993448,
        "min": 0.056114770472,
        "var": 0.00415887124836
    },
    "erbbands_kurtosis": {
        "dmean": 0.733132302761,
        "dmean2": 1.18139564991,
        "dvar": 1.06501758099,
        "dvar2": 2.77113771439,
        "max": 31.1089363098,
        "mean": 0.343540370464,
        "median": -0.0317523479462,
        "min": -1.80869758129,
        "var": 2.28066134453
    },
    "erbbands_skewness": {
        "dmean": 0.310192793608,
        "dmean2": 0.490227222443,
        "dvar": 0.0801489055157,
        "dvar2": 0.187845185399,
        "max": 4.0932302475,
        "mean": 0.126042842865,
        "median": 0.0687847882509,
        "min": -3.31603741646,
        "var": 0.454190701246
    },
    "erbbands_spread": {
        "dmean": 6.34048128128,
        "dmean2": 9.95734882355,
        "dvar": 49.1728935242,
        "dvar2": 113.38973999,
        "max": 131.442687988,
        "mean": 33.8984718323,
        "median": 32.2314376831,
        "min": 3.52931046486,
        "var": 250.016433716
    },
    "hfc": {
        "dmean": 6.36276197433,
        "dmean2": 8.81426429749,
        "dvar": 110.904960632,
        "dvar2": 179.672653198,
        "max": 165.073776245,
        "mean": 23.4735240936,
        "median": 15.3308572769,
        "min": 4.7820157556e-11,
        "var": 603.772766113
    },
    "melbands_crest": {
        "dmean": 2.77770614624,
        "dmean2": 4.50547266006,
        "dvar": 7.16222190857,
        "dvar2": 17.523273468,
        "max": 27.9767608643,
        "mean": 12.1887464523,
        "median": 11.3067073822,
        "min": 2.39121484756,
        "var": 20.5231399536
    },
    "melbands_flatness_db": {
        "dmean": 0.0199001580477,
        "dmean2": 0.0306641738862,
        "dvar": 0.000410548498621,
        "dvar2": 0.000936835887842,
        "max": 0.377736002207,
        "mean": 0.162170261145,
        "median": 0.156148761511,
        "min": 0.00912489555776,
        "var": 0.00293451640755
    },
    "melbands_kurtosis": {
        "dmean": 4.21052408218,
        "dmean2": 6.8312792778,
        "dvar": 85.6637878418,
        "dvar2": 208.295959473,
        "max": 205.398895264,
        "mean": 7.35869836807,
        "median": 3.57465720177,
        "min": -1.85196197033,
        "var": 202.871063232
    },
    "melbands_skewness": {
        "dmean": 0.56357973814,
        "dmean2": 0.889837026596,
        "dvar": 0.472109675407,
        "dvar2": 1.12252128124,
        "max": 12.0783233643,
        "mean": 2.03584694862,
        "median": 1.76582169533,
        "min": -1.46963214874,
        "var": 1.89349508286
    },
    "melbands_spread": {
        "dmean": 7.27255105972,
        "dmean2": 11.268494606,
        "dvar": 82.0297851562,
        "dvar2": 183.777130127,
        "max": 218.786071777,
        "mean": 30.6755771637,
        "median": 28.766752243,
        "min": 1.55812621117,
        "var": 303.349578857
    },
    "pitch_salience": {
        "dmean": 0.0618966333568,
        "dmean2": 0.0998051315546,
        "dvar": 0.00351095688529,
        "dvar2": 0.00884889718145,
        "max": 0.966389298439,
        "mean": 0.576202213764,
        "median": 0.582504868507,
        "min": 0.156029865146,
        "var": 0.0122271906585
    },
    "silence_rate_20dB": {
        "dmean": 0,
        "dmean2": 0,
        "dvar": 0,
        "dvar2": 0,
        "max": 1,
        "mean": 1,
        "median": 1,
        "min": 1,
        "var": 0
    },
    "silence_rate_30dB": {
        "dmean": 0.00121080037206,
        "dmean2": 0.00242189387791,
        "dvar": 0.00120935239829,
        "dvar2": 0.00314253126271,
        "max": 1,
        "mean": 0.999152541161,
        "median": 1,
        "min": 0,
        "var": 0.000846796727274
    },
    "silence_rate_60dB": {
        "dmean": 0.019372805953,
        "dmean2": 0.0387503020465,
        "dvar": 0.0190010890365,
        "dvar2": 0.0425719618797,
        "max": 1,
        "mean": 0.107021793723,
        "median": 0,
        "min": 0,
        "var": 0.0955789685249
    },
    "spectral_centroid": {
        "dmean": 222.652160645,
        "dmean2": 344.643951416,
        "dvar": 53438.8554688,
        "dvar2": 115114.8125,
        "max": 4999.45996094,
        "mean": 1639.5144043,
        "median": 1605.67565918,
        "min": 303.801574707,
        "var": 259388.140625
    },
    "spectral_complexity": {
        "dmean": 3.17108607292,
        "dmean2": 4.92649555206,
        "dvar": 9.91902160645,
        "dvar2": 21.450094223,
        "max": 57,
        "mean": 21.2065372467,
        "median": 20,
        "min": 0,
        "var": 130.601593018
    },
    "spectral_decrease": {
        "dmean": 1.6806507297e-09,
        "dmean2": 2.55126053617e-09,
        "dvar": 7.66748285925e-18,
        "dvar2": 1.72247706701e-17,
        "max": -2.85794107568e-22,
        "mean": -4.99321872738e-09,
        "median": -4.03154487572e-09,
        "min": -3.30658345149e-08,
        "var": 1.93534868893e-17
    },
    "spectral_energy": {
        "dmean": 0.00678398786113,
        "dmean2": 0.0101928180084,
        "dvar": 0.000119407559396,
        "dvar2": 0.000263474561507,
        "max": 0.130662485957,
        "mean": 0.0209747273475,
        "median": 0.0169184599072,
        "min": 5.41608197771e-15,
        "var": 0.000334293756168
    },
    "spectral_energyband_high": {
        "dmean": 0.000456793786725,
        "dmean2": 0.000637180812191,
        "dvar": 9.83974814517e-07,
        "dvar2": 1.72128397935e-06,
        "max": 0.0162327755243,
        "mean": 0.00122733472381,
        "median": 0.000421201344579,
        "min": 3.69933974065e-15,
        "var": 3.82435791835e-06
    },
    "spectral_energyband_low": {
        "dmean": 0.00349040725268,
        "dmean2": 0.00553414132446,
        "dvar": 7.98298788141e-05,
        "dvar2": 0.00018986890791,
        "max": 0.118878662586,
        "mean": 0.00643276423216,
        "median": 0.00329429283738,
        "min": 1.57317477147e-17,
        "var": 0.000113828267786
    },
    "spectral_energyband_middle_high": {
        "dmean": 0.00225231004879,
        "dmean2": 0.0033175139688,
        "dvar": 1.33257872221e-05,
        "dvar2": 2.89673625957e-05,
        "max": 0.0708713755012,
        "mean": 0.00687488773838,
        "median": 0.00436878344044,
        "min": 1.4460990109e-15,
        "var": 6.04073829891e-05
    },
    "spectral_energyband_middle_low": {
        "dmean": 0.00303285312839,
        "dmean2": 0.00488323904574,
        "dvar": 2.80146741716e-05,
        "dvar2": 6.97305003996e-05,
        "max": 0.0979336202145,
        "mean": 0.00713665317744,
        "median": 0.00544502865523,
        "min": 2.39913003175e-16,
        "var": 4.96285829286e-05
    },
    "spectral_entropy": {
        "dmean": 0.105833239853,
        "dmean2": 0.161707803607,
        "dvar": 0.0118734845892,
        "dvar2": 0.0247803349048,
        "max": 8.83329582214,
        "mean": 7.75122833252,
        "median": 7.7713060379,
        "min": 6.07944869995,
        "var": 0.0983373075724
    },
    "spectral_flux": {
        "dmean": 0.0189603399485,
        "dmean2": 0.0287132579833,
        "dvar": 0.000602018961217,
        "dvar2": 0.00117718544789,
        "max": 0.276447445154,
        "mean": 0.0737487077713,
        "median": 0.0645418986678,
        "min": 3.73784359908e-06,
        "var": 0.00221703550778
    },
    "spectral_kurtosis": {
        "dmean": 1.2099313736,
        "dmean2": 2.01820015907,
        "dvar": 1.86284923553,
        "dvar2": 5.58316707611,
        "max": 22.0454597473,
        "mean": 4.58156347275,
        "median": 4.1007232666,
        "min": -0.959571123123,
        "var": 7.55338811874
    },
    "spectral_rms": {
        "dmean": 0.000632475479506,
        "dmean2": 0.000932659080718,
        "dvar": 6.66045195885e-07,
        "dvar2": 1.36608275625e-06,
        "max": 0.0112905092537,
        "mean": 0.00410331366584,
        "median": 0.00406273454428,
        "min": 2.2986914594e-09,
        "var": 3.625935733e-06
    },
    "spectral_rolloff": {
        "dmean": 490.988861084,
        "dmean2": 794.19342041,
        "dvar": 621539.9375,
        "dvar2": 1362721,
        "max": 16386.7675781,
        "mean": 1989.66174316,
        "median": 1787.25585938,
        "min": 86.1328125,
        "var": 1633449.75
    },
    "spectral_skewness": {
        "dmean": 0.176977694035,
        "dmean2": 0.285973519087,
        "dvar": 0.028646973893,
        "dvar2": 0.0716814100742,
        "max": 3.37155580521,
        "mean": 1.59118688107,
        "median": 1.59597575665,
        "min": 0.00971552263945,
        "var": 0.155174046755
    },
    "spectral_spread": {
        "dmean": 426600,
        "dmean2": 634684.375,
        "dvar": 288680837120,
        "dvar2": 546190426112,
        "max": 13549585,
        "mean": 4638119,
        "median": 4613701,
        "min": 1641463.5,
        "var": 2.09767314227e+12
    },
    "spectral_strongpeak": {
        "dmean": 0.567508161068,
        "dmean2": 0.957132458687,
        "dvar": 0.845079779625,
        "dvar2": 2.08026075363,
        "max": 12.8858804703,
        "mean": 0.890050113201,
        "median": 0.392954528332,
        "min": 0,
        "var": 1.38516056538
    },
    "zerocrossingrate": {
        "dmean": 0.00943957176059,
        "dmean2": 0.011439842172,
        "dvar": 0.000135180074722,
        "dvar2": 0.000172086482053,
        "max": 0.7177734375,
        "mean": 0.0751628577709,
        "median": 0.06982421875,
        "min": 0.01123046875,
        "var": 0.00101788341999
    },
    "barkbands": {
        "dmean": [8.31615398056e-05, 0.00270599755459, 0.00119747384451, 0.00056182249682, 0.000922683917452, 0.000503249466419, 0.000389877473935, 0.000412706634961, 0.00149316817988, 0.00069888914004, 0.000771682767663, 0.000472982617794, 0.000368311972125, 0.000473931548186, 0.000390166038414, 0.000313120166538, 0.000291176955216, 0.000231037614867, 0.000132342043798, 0.000147627259139, 0.000145852536662, 0.000133124660351, 8.9962821221e-05, 8.42461085995e-05, 4.60631999886e-05, 3.15651159326e-05, 1.23895986803e-07],
        "dmean2": [0.00011670494132, 0.00433190818876, 0.00206236448139, 0.000952715519816, 0.0015713450266, 0.000798771390691, 0.000600805215072, 0.000675158691593, 0.00245139491744, 0.00117342208978, 0.00122441060375, 0.000743232143577, 0.000580912339501, 0.000779936613981, 0.000635225675069, 0.00050375511637, 0.00046224318794, 0.000359565892722, 0.000211152146221, 0.000230358738918, 0.000217891982174, 0.000198105568415, 0.000131958746351, 0.000121048353321, 6.58451899653e-05, 4.56749003206e-05, 2.147144329e-07],
        "dvar": [5.26492378583e-08, 5.97218531766e-05, 8.07919786894e-06, 1.26226234443e-06, 6.23284722678e-06, 1.56745340973e-06, 6.02783813974e-07, 1.34565118515e-06, 1.49022043843e-05, 4.02395062338e-06, 3.61011711902e-06, 1.41332941439e-06, 8.80691857219e-07, 1.19261346754e-06, 5.89369676618e-07, 3.89481982666e-07, 4.10032924947e-07, 2.68634437361e-07, 6.27261371733e-08, 9.18413363138e-08, 9.95065647658e-08, 1.39491319828e-07, 7.01950924054e-08, 4.80739856812e-08, 9.78787806361e-09, 4.68948035959e-09, 1.06528569061e-13],
        "dvar2": [1.03522779682e-07, 0.000144149526022, 2.35980678553e-05, 3.52897927769e-06, 1.72870750248e-05, 3.78896311304e-06, 1.34126742068e-06, 3.42380803886e-06, 3.82880461984e-05, 1.08794956759e-05, 8.71795418789e-06, 3.39796179105e-06, 2.09099380299e-06, 3.01276031678e-06, 1.41066868764e-06, 9.71292138274e-07, 9.60573402153e-07, 6.15547492089e-07, 1.52566457245e-07, 2.06652302381e-07, 2.00284375751e-07, 2.71755595804e-07, 1.44089312926e-07, 9.2375429972e-08, 1.79742851714e-08, 9.76167058298e-09, 2.97582542375e-13],
        "max": [0.00297715445049, 0.100751399994, 0.0366343595088, 0.0390535891056, 0.0639873817563, 0.0306036565453, 0.0149985793978, 0.0250453539193, 0.0953589603305, 0.0410347506404, 0.0461962893605, 0.0262531209737, 0.0212980452925, 0.0275924578309, 0.0158975869417, 0.014236856252, 0.0169524308294, 0.010158220306, 0.00446823006496, 0.00724753923714, 0.00730106700212, 0.00773914624006, 0.00598356546834, 0.00529228663072, 0.00347900460474, 0.000993549707346, 5.25211771674e-06],
        "mean": [0.00011488772725, 0.00367730227299, 0.00209734286182, 0.00105246133171, 0.00147258641664, 0.000811279693153, 0.000730589032173, 0.000611087423749, 0.00207760557532, 0.00107437546831, 0.00123454502318, 0.000771453371271, 0.000584270164836, 0.000772592262365, 0.000674714741763, 0.000585996778682, 0.000557767692953, 0.000431762688095, 0.000276145845419, 0.000289840711048, 0.000289945601253, 0.000251299905358, 0.000174410641193, 0.000169661550899, 0.000119407362945, 7.12247856427e-05, 1.31877243348e-07],
        "median": [1.71588781086e-05, 0.00110650970601, 0.00104188965634, 0.000516564119607, 0.000812765909359, 0.000331142247887, 0.000272366189165, 0.000199357426027, 0.000707474595401, 0.000292661570711, 0.000371412868844, 0.000252156343777, 0.000222125643631, 0.000316716264933, 0.000324699794874, 0.000305768509861, 0.000293509103358, 0.00020021101227, 0.000132709697937, 0.000109066750156, 8.97184290807e-05, 5.19013774465e-05, 3.90205677832e-05, 3.83153237635e-05, 3.05370122078e-05, 1.06975930976e-05, 7.71499308883e-09],
        "min": [1.57193577899e-19, 3.6307769499e-18, 6.90585300152e-18, 1.11998981082e-17, 4.32019757975e-17, 5.18999089787e-17, 5.20585092806e-17, 4.70836961842e-17, 3.14508693446e-17, 2.44020398286e-17, 9.4595296208e-17, 1.34875901693e-16, 1.34103050303e-16, 9.7861236877e-17, 2.12714497306e-16, 2.28345947717e-16, 1.80288765831e-16, 1.7131032247e-16, 1.58162227076e-16, 7.26534106352e-17, 1.74089755207e-16, 2.56992549054e-16, 1.73874410315e-16, 4.45074203289e-16, 5.58275921524e-16, 1.09564188183e-15, 9.51443628168e-16],
        "var": [8.53383426147e-08, 6.58125209156e-05, 9.71333702182e-06, 2.49534764407e-06, 5.98240421823e-06, 2.45030173573e-06, 1.48637980146e-06, 1.99303281079e-06, 1.71895862877e-05, 6.7474734351e-06, 7.21065680409e-06, 2.90111597678e-06, 1.42605733799e-06, 1.88984483884e-06, 1.11930125968e-06, 7.29864666482e-07, 7.81994515364e-07, 5.30135991994e-07, 1.42181065144e-07, 2.26122338631e-07, 2.80191983393e-07, 3.42755811289e-07, 1.62436322171e-07, 1.26238830944e-07, 5.00582544305e-08, 1.44413521141e-08, 1.08597748578e-13]
    },
    "erbbands": {
        "dmean": [0.0635783970356, 0.693482875824, 1.46566867828, 1.52350139618, 1.96689808369, 4.14847993851, 3.15218448639, 4.58515548706, 4.11357069016, 8.92326831818, 10.3874540329, 30.6268024445, 32.5466766357, 19.211353302, 27.0634975433, 17.3116798401, 16.124414444, 19.8159046173, 20.2752895355, 20.3116397858, 17.6669998169, 15.4261808395, 11.9500627518, 8.83733558655, 6.03746652603, 6.95206880569, 6.11516332626, 5.5479722023, 4.54353284836, 3.98635339737, 2.47576737404, 1.95052266121, 1.30910563469, 0.642085194588, 0.289621889591, 0.157801985741, 0.0547960065305, 0.00785667542368, 0.00013976272021, 1.16813516797e-05],
        "dmean2": [0.0956167951226, 1.1587665081, 2.52980208397, 2.6116373539, 3.31175851822, 7.14130830765, 5.33201026917, 7.23113012314, 6.59197235107, 13.6234931946, 16.8839359283, 50.0739479065, 54.2814750671, 30.9947814941, 42.6800003052, 26.9367141724, 25.1779327393, 32.0771446228, 32.875579834, 32.9049835205, 28.2212657928, 24.230840683, 18.4240341187, 13.8083696365, 9.33443069458, 10.8344841003, 9.39493846893, 8.16801643372, 6.72549295425, 5.92112970352, 3.62770080566, 2.83894681931, 1.88404881954, 0.925409436226, 0.425428777933, 0.233670935035, 0.0795536637306, 0.0116006014869, 0.000203604984563, 1.62708729476e-05],
        "dvar": [0.0332093127072, 4.17596483231, 14.7414360046, 8.71775817871, 14.0735044479, 155.322494507, 47.500629425, 165.4112854, 84.6571807861, 431.366485596, 837.229614258, 9123.46386719, 8126.51318359, 2551.34912109, 4485.38525391, 1652.43884277, 1675.33703613, 2083.38769531, 2058.46142578, 1391.54858398, 1434.58691406, 1302.95861816, 583.848144531, 304.210998535, 142.856521606, 224.353149414, 141.760681152, 205.581268311, 170.262619019, 141.299728394, 55.3816452026, 27.7098808289, 13.0231781006, 2.63822174072, 0.316928058863, 0.106161132455, 0.0153338946402, 0.000413585774368, 1.21319587265e-07, 3.46407375007e-10],
        "dvar2": [0.0718324109912, 10.7969141006, 41.8990211487, 25.7988853455, 37.3631439209, 436.543548584, 131.084091187, 396.134307861, 202.38041687, 968.06628418, 2203.7980957, 23066.5566406, 21349.5644531, 6912.28173828, 10586.8857422, 4022.55297852, 3910.79663086, 5124.89990234, 5156.79736328, 3391.26879883, 3571.73608398, 3131.69335938, 1286.83081055, 694.564941406, 325.70904541, 515.506896973, 311.770141602, 388.817199707, 329.781738281, 291.875976562, 115.956703186, 54.9784889221, 23.8673305511, 4.74792909622, 0.649456560612, 0.232324913144, 0.0320534780622, 0.000921344500966, 2.6470144121e-07, 6.48939291192e-10],
        "max": [2.22259616852, 25.0945110321, 55.5033111572, 58.6035079956, 123.620193481, 316.676727295, 128.121734619, 329.482635498, 232.307373047, 438.383728027, 746.530639648, 2913.11206055, 2290.58374023, 1668.81433105, 1701.37915039, 919.604370117, 1018.46630859, 927.401794434, 1551.06018066, 789.835632324, 921.436218262, 1179.6685791, 508.252380371, 427.675842285, 265.460174561, 423.097381592, 241.676773071, 351.783782959, 275.514923096, 223.468078613, 224.605545044, 118.408836365, 115.19997406, 63.4154891968, 14.7195596695, 7.29030895233, 1.63091409206, 0.565538108349, 0.00939851161093, 0.000272295583272],
        "mean": [0.0838487073779, 0.890975117683, 2.40675568581, 3.17470765114, 3.97842478752, 5.61091470718, 5.05054664612, 7.19781112671, 7.34422922134, 15.734295845, 16.9692440033, 43.3446998596, 46.1891288757, 36.9386253357, 45.235584259, 31.0775852203, 28.4044513702, 34.2231178284, 36.6241416931, 36.9475021362, 34.2535133362, 30.9332942963, 23.9593734741, 19.0301170349, 12.8981809616, 13.7618684769, 12.2107553482, 10.8091430664, 8.51226425171, 7.58739089966, 4.7744846344, 3.73718929291, 2.67886447906, 1.52755963802, 0.736745893955, 0.380332887173, 0.113703124225, 0.0140147972852, 0.000274329882814, 3.83527549275e-05],
        "median": [0.0201743617654, 0.279053211212, 1.22939443588, 1.84191679955, 2.22740936279, 2.65784025192, 2.65783596039, 2.62355923653, 3.19154453278, 5.01676177979, 7.29488658905, 15.2519016266, 13.5309925079, 13.5289421082, 15.7295398712, 12.5316314697, 11.8098220825, 15.0267314911, 16.6579627991, 19.9238090515, 18.5430355072, 16.3328170776, 12.3813514709, 9.25071620941, 5.79640865326, 5.36224555969, 4.30861091614, 2.7613863945, 1.83205127716, 1.57196807861, 1.06138145924, 0.834941923618, 0.612134814262, 0.36100423336, 0.180296942592, 0.0779401138425, 0.0127408513799, 0.00105775927659, 4.4998152589e-05, 2.67756549874e-05],
        "min": [7.3952739324e-17, 9.97255510999e-16, 6.42268195618e-15, 2.51137035701e-14, 7.14493365189e-14, 1.59310742766e-13, 2.92557292411e-13, 4.633927248e-13, 6.70436037416e-13, 9.06596683576e-13, 1.03123466797e-12, 7.51668096256e-13, 4.77912143453e-13, 1.93949240349e-12, 4.68250568528e-12, 5.50941670757e-12, 6.12961851415e-12, 5.09166797266e-12, 8.7438728133e-12, 1.27558207053e-11, 1.04007791962e-11, 1.11989627641e-11, 1.20215113905e-11, 6.71654658974e-12, 5.59000068456e-12, 3.45344738049e-12, 4.89888728541e-12, 9.44063056896e-12, 1.04398937412e-11, 7.59181953414e-12, 3.80519227239e-12, 6.06699065986e-12, 8.52455259159e-12, 4.20619572158e-12, 5.28511609477e-12, 6.09656335832e-12, 1.33716844021e-12, 8.81647077393e-13, 1.3679152483e-13, 7.6142112499e-15],
        "var": [0.0426438115537, 3.93434357643, 15.4498672485, 16.5773067474, 26.8807582855, 127.927993774, 59.4830474854, 245.036300659, 156.472412109, 930.40802002, 1188.74255371, 10224.9423828, 10316.7285156, 6137.14013672, 8828.88378906, 4061.45263672, 3028.76196289, 3572.03930664, 3980.66040039, 2670.13476562, 2667.46875, 2404.12792969, 1317.30175781, 736.799743652, 353.695129395, 536.812927246, 381.982757568, 553.033081055, 404.336730957, 320.718719482, 123.733459473, 65.4797439575, 36.443901062, 11.9103088379, 1.3955886364, 0.365994632244, 0.0413360819221, 0.000814772676677, 2.61592305151e-07, 1.42092482225e-09]
    },
    "gfcc": {
        "mean": [-3.68255090714, 68.8148880005, -139.553863525, 21.0273933411, -59.2805290222, 19.6042251587, -40.1327095032, 15.8572635651, -27.5200614929, 1.13737499714, -25.0521869659, -0.93764346838, -11.2841529846],
        "cov": [[7245.03417969, -151.871414185, 1962.27832031, 1322.46789551, 447.501495361, 557.489807129, -33.4784965515, 146.558944702, -99.260635376, 365.925628662, -74.747253418, 189.615249634, -164.945922852], [-151.871414185, 1198.50317383, 617.59954834, 486.871826172, 383.262084961, 79.7184829712, -8.29134845734, -25.3289337158, 51.9143486023, 57.4383201599, 51.9389953613, -45.012676239, 45.1469650269], [1962.27832031, 617.59954834, 1977.58618164, 1145.64416504, 608.049804688, 409.718536377, -85.763092041, 124.803771973, -42.3009033203, 255.974761963, -68.8664779663, 109.398033142, -78.3544540405], [1322.46789551, 486.871826172, 1145.64416504, 999.70526123, 374.235717773, 283.926971436, 14.0270881653, 61.1831245422, 42.7200546265, 133.3462677, -5.34919548035, 63.6328620911, -2.24775242805], [447.501495361, 383.262084961, 608.049804688, 374.235717773, 507.331604004, 167.856414795, 37.5905914307, 94.0234375, 13.4178380966, 112.986129761, -37.9391021729, 36.7912521362, -19.4571990967], [557.489807129, 79.7184829712, 409.718536377, 283.926971436, 167.856414795, 267.688110352, 76.8328018188, 46.513458252, 23.0089206696, 45.8628005981, 7.27434682846, 22.151424408, -6.10794591904], [-33.4784965515, -8.29134845734, -85.763092041, 14.0270881653, 37.5905914307, 76.8328018188, 206.421127319, 60.2884750366, 50.3194389343, 0.968523621559, 17.1958866119, -10.515630722, 6.92536735535], [146.558944702, -25.3289337158, 124.803771973, 61.1831245422, 94.0234375, 46.513458252, 60.2884750366, 126.197387695, 42.6653671265, 36.3663406372, -9.43008422852, 4.03264570236, -8.30542469025], [-99.260635376, 51.9143486023, -42.3009033203, 42.7200546265, 13.4178380966, 23.0089206696, 50.3194389343, 42.6653671265, 135.765808105, 25.9889602661, 29.0043182373, 4.58981704712, 12.7726993561], [365.925628662, 57.4383201599, 255.974761963, 133.3462677, 112.986129761, 45.8628005981, 0.968523621559, 36.3663406372, 25.9889602661, 123.842819214, 11.2331390381, 29.3168087006, -16.0179824829], [-74.747253418, 51.9389953613, -68.8664779663, -5.34919548035, -37.9391021729, 7.27434682846, 17.1958866119, -9.43008422852, 29.0043182373, 11.2331390381, 85.9638977051, 13.7028856277, 14.0810537338], [189.615249634, -45.012676239, 109.398033142, 63.6328620911, 36.7912521362, 22.151424408, -10.515630722, 4.03264570236, 4.58981704712, 29.3168087006, 13.7028856277, 91.4012069702, 13.671962738], [-164.945922852, 45.1469650269, -78.3544540405, -2.24775242805, -19.4571990967, -6.10794591904, 6.92536735535, -8.30542469025, 12.7726993561, -16.0179824829, 14.0810537338, 13.671962738, 74.1705322266]],
        "icov": [[0.000248534372076, 8.93729811651e-05, 2.81522989098e-05, -0.000312908960041, 0.000162933894899, -0.000279472966213, 7.42058909964e-05, -0.000128800675157, 0.000332729658112, -0.000493331463076, 0.000157822447363, -0.000207248449442, 0.000361343903933], [8.93729811651e-05, 0.00265991617925, -0.00157201814, 0.000112966758024, -0.00240643182769, 0.00213762908243, -0.000780174217653, 0.00286692846566, -0.0017041118117, 0.00168812519405, -0.00336097972468, 0.00358424265869, -0.00250354176387], [2.81522989098e-05, -0.00157201814, 0.00441313581541, -0.00298442854546, 0.00100226793438, -0.00337972072884, 0.00274102273397, -0.00352017488331, 0.00325329205953, -0.00370624684729, 0.00343611952849, -0.00316324061714, 0.00349571020342], [-0.000312908960041, 0.000112966758024, -0.00298442854546, 0.00451187696308, -0.000759262416977, 0.000673370610457, -0.00142058357596, 0.00213714456186, -0.0026998417452, 0.00212274421938, -0.0014432691969, 0.00107335508801, -0.00255293934606], [0.000162933894899, -0.00240643182769, 0.00100226793438, -0.000759262416977, 0.00618493650109, -0.00295595126227, 0.000364397885278, -0.00404087873176, 0.00220766430721, -0.00368688628078, 0.0047610537149, -0.00374299264513, 0.00236515677534], [-0.000279472966213, 0.00213762908243, -0.00337972072884, 0.000673370610457, -0.00295595126227, 0.00995764974505, -0.00427057547495, 0.00348140462302, -0.00276271672919, 0.00393038475886, -0.00473399693146, 0.00338301761076, -0.00303975888528], [7.42058909964e-05, -0.000780174217653, 0.00274102273397, -0.00142058357596, 0.000364397885278, -0.00427057547495, 0.00869691930711, -0.00478153442964, 0.000582586333621, -0.0012357296655, 0.000729941297323, -0.000698527437635, 0.00151193677448], [-0.000128800675157, 0.00286692846566, -0.00352017488331, 0.00213714456186, -0.00404087873176, 0.00348140462302, -0.00478153442964, 0.016175320372, -0.00617335317656, 0.00173621100839, -0.00221796403639, 0.00448313355446, -0.00316837453283], [0.000332729658112, -0.0017041118117, 0.00325329205953, -0.0026998417452, 0.00220766430721, -0.00276271672919, 0.000582586333621, -0.00617335317656, 0.0128480447456, -0.00504212314263, 0.00064486003248, -0.0028224545531, 0.00183458358515], [-0.000493331463076, 0.00168812519405, -0.00370624684729, 0.00212274421938, -0.00368688628078, 0.00393038475886, -0.0012357296655, 0.00173621100839, -0.00504212314263, 0.0168117228895, -0.00634088134393, 0.00105707009789, -0.000801435031462], [0.000157822447363, -0.00336097972468, 0.00343611952849, -0.0014432691969, 0.0047610537149, -0.00473399693146, 0.000729941297323, -0.00221796403639, 0.00064486003248, -0.00634088134393, 0.0198891181499, -0.00704216631129, 0.00256736250594], [-0.000207248449442, 0.00358424265869, -0.00316324061714, 0.00107335508801, -0.00374299264513, 0.00338301761076, -0.000698527437635, 0.00448313355446, -0.0028224545531, 0.00105707009789, -0.00704216631129, 0.0185571890324, -0.00745722558349], [0.000361343903933, -0.00250354176387, 0.00349571020342, -0.00255293934606, 0.00236515677534, -0.00303975888528, 0.00151193677448, -0.00316837453283, 0.00183458358515, -0.000801435031462, 0.00256736250594, -0.00745722558349, 0.019697804004]]
    },
    "melbands": {
        "dmean": [0.000655393407214, 0.000803424452897, 0.000259269989328, 0.000211103324546, 0.000126815619296, 9.97196111712e-05, 6.69336877763e-05, 9.58223608905e-05, 0.000100837183709, 0.000210794518352, 0.000162615819136, 7.67907695263e-05, 0.000109807377157, 5.33825732418e-05, 4.41126576334e-05, 3.66383574146e-05, 3.79980738217e-05, 3.72186950699e-05, 3.00408046314e-05, 2.13769162656e-05, 2.32117727137e-05, 1.68845508597e-05, 1.48820563481e-05, 1.24019543364e-05, 7.2924599408e-06, 4.9830291573e-06, 4.93304105476e-06, 5.06960259372e-06, 4.16987813878e-06, 3.55482097802e-06, 3.440262617e-06, 2.72893248621e-06, 2.83193890027e-06, 2.08602250495e-06, 1.53857661189e-06, 1.31074170895e-06, 1.25111887428e-06, 1.05468029687e-06, 7.33760430194e-07, 5.28392604338e-07],
        "dmean2": [0.0010179617675, 0.00135752779897, 0.000440778938355, 0.000359044963261, 0.00021673788433, 0.000157380694873, 0.000106096653326, 0.00014790717978, 0.000164046621649, 0.000346912391251, 0.000271600030828, 0.000125297810882, 0.000173894470208, 8.37767220219e-05, 6.95110065863e-05, 5.84903864365e-05, 6.1714927142e-05, 6.09772832831e-05, 4.85556956846e-05, 3.47596651409e-05, 3.73521143047e-05, 2.69329866569e-05, 2.33650280279e-05, 1.9642740881e-05, 1.15099255709e-05, 7.99962890596e-06, 7.76798151492e-06, 8.05997933639e-06, 6.49863613944e-06, 5.4581846598e-06, 5.11190364705e-06, 4.10439315601e-06, 4.30532872997e-06, 3.12817655868e-06, 2.29142619901e-06, 1.94557605937e-06, 1.84645023182e-06, 1.54627957727e-06, 1.07790208403e-06, 7.81202629696e-07],
        "dvar": [3.52694587491e-06, 4.75566184832e-06, 2.40145510588e-07, 3.10390277036e-07, 9.78026974963e-08, 7.40063370586e-08, 1.92749887162e-08, 5.34865236546e-08, 8.78283827888e-08, 3.72964620965e-07, 2.00470196887e-07, 4.36526903513e-08, 7.84778251273e-08, 2.40995312595e-08, 7.76153097348e-09, 1.00147703463e-08, 7.37285876795e-09, 8.83204887003e-09, 4.45446701747e-09, 1.37568201275e-09, 2.77393419346e-09, 1.63789704022e-09, 1.44820888615e-09, 9.22998066866e-10, 1.95499325062e-10, 1.07416679718e-10, 1.22365492738e-10, 1.33483113451e-10, 6.83799128431e-11, 6.0292770776e-11, 9.60112822579e-11, 6.5866131993e-11, 7.23076251652e-11, 3.97322591494e-11, 2.23358866125e-11, 1.46006123858e-11, 1.13788544559e-11, 8.72780667183e-12, 4.85287201049e-12, 1.69465960362e-12],
        "dvar2": [8.08326149127e-06, 1.27551111291e-05, 6.94138293511e-07, 8.51164429605e-07, 2.76238495189e-07, 1.77083435915e-07, 4.56297684082e-08, 1.25109067994e-07, 2.3306584751e-07, 9.53220364863e-07, 5.26970325154e-07, 1.19331744486e-07, 1.85363546734e-07, 5.75675151993e-08, 1.82384098935e-08, 2.50184264416e-08, 1.82244104252e-08, 2.26073630927e-08, 1.05831841068e-08, 3.3393274812e-09, 6.93621959869e-09, 4.13804102095e-09, 3.05064040695e-09, 2.23696461354e-09, 4.57659854458e-10, 2.65311550507e-10, 2.81027340288e-10, 3.18990417414e-10, 1.53175916395e-10, 1.31791660918e-10, 1.84113849167e-10, 1.32922256535e-10, 1.45868386814e-10, 8.49159284555e-11, 4.8561845517e-11, 3.00279245913e-11, 2.29344477437e-11, 1.66229321974e-11, 9.02163933836e-12, 3.12305563355e-12],
        "max": [0.0247653014958, 0.0304781384766, 0.0139409229159, 0.013754944317, 0.00730247888714, 0.00695405295119, 0.00308683374897, 0.00527180824429, 0.00890988111496, 0.0174002405256, 0.0111074503511, 0.00626980653033, 0.00740642100573, 0.00338815781288, 0.00228018197231, 0.00248081097379, 0.00204215641133, 0.00328491907567, 0.00131830060855, 0.000744264223613, 0.00131180416793, 0.00147048023064, 0.0011039924575, 0.000621568760835, 0.000353091862053, 0.000206316573895, 0.000407055311371, 0.000377557735192, 0.000220133399125, 0.000140286108945, 0.000280105392449, 0.000183338081115, 0.000194301042939, 0.000119387390441, 0.000144149598782, 0.000106262486952, 7.33268752811e-05, 9.3991853646e-05, 7.46364530642e-05, 5.43872556591e-05],
        "mean": [0.000892207550351, 0.00129206199199, 0.00058866571635, 0.000342753512086, 0.000198016801733, 0.000158517446835, 0.000122661178466, 0.000164144003065, 0.000157469679834, 0.000290540279821, 0.000227657918003, 0.000142540797242, 0.000175941662746, 8.70552976266e-05, 7.45652723708e-05, 5.84899935347e-05, 6.2837760197e-05, 6.15071330685e-05, 5.08031080244e-05, 3.97440599045e-05, 4.05873106502e-05, 3.14311182592e-05, 2.63271031145e-05, 2.14757110371e-05, 1.48276076288e-05, 9.59392400546e-06, 9.49187779042e-06, 8.96970050235e-06, 7.71320083004e-06, 6.58347607896e-06, 6.20866285317e-06, 4.62512161903e-06, 5.08243556396e-06, 3.75680360776e-06, 2.77737740362e-06, 2.36316304836e-06, 2.2496674319e-06, 1.98203497348e-06, 1.53549274273e-06, 1.19860817449e-06],
        "median": [0.000260988395894, 0.000646394561045, 0.000362003280316, 0.000193340354599, 0.000107432584628, 5.90031777392e-05, 5.32711783308e-05, 5.22908449057e-05, 6.06949761277e-05, 9.60463803494e-05, 6.13386728219e-05, 4.88290606881e-05, 5.58197425562e-05, 2.72157376457e-05, 2.74463636742e-05, 2.34835861193e-05, 2.65328562818e-05, 2.42786682065e-05, 2.27067175729e-05, 2.26948322961e-05, 2.00609956664e-05, 1.57451504492e-05, 1.24567668536e-05, 9.10827566258e-06, 6.95689868735e-06, 4.31936678069e-06, 3.58742317985e-06, 3.21545417137e-06, 2.71675844488e-06, 1.91887056644e-06, 1.32812670017e-06, 9.24711628159e-07, 9.49895138547e-07, 7.82651000009e-07, 5.91275806983e-07, 5.36191009815e-07, 4.74998103073e-07, 4.22460658456e-07, 3.53477844328e-07, 2.70227758392e-07],
        "min": [8.35091250944e-19, 2.67281432622e-18, 5.47703456454e-18, 8.12639273693e-18, 9.87014985237e-18, 1.04257645883e-17, 1.04373566974e-17, 1.008327211e-17, 8.24898007653e-18, 4.30382072711e-18, 2.1926372214e-18, 6.95967350808e-18, 1.44426032737e-17, 1.5474836997e-17, 1.38991786985e-17, 1.28732083867e-17, 8.64688455685e-18, 1.26472019639e-17, 1.68212041385e-17, 1.79252156323e-17, 9.98106732789e-18, 9.65570906883e-18, 1.50682793803e-17, 6.70511239687e-18, 5.19069979165e-18, 6.5095739311e-18, 1.2720631614e-18, 2.68428566695e-18, 3.26960549263e-18, 2.96701227801e-18, 6.43828543796e-18, 5.3295449526e-18, 5.46724570918e-18, 4.08932700401e-18, 1.82110822209e-18, 2.48753207286e-18, 4.43642191521e-18, 6.12062781682e-18, 5.22352769504e-18, 2.77083750355e-18],
        "var": [4.18277750214e-06, 5.0351977734e-06, 5.09901610712e-07, 3.11420762955e-07, 9.74647136331e-08, 1.11916996559e-07, 3.88676681951e-08, 1.01705182942e-07, 1.09614290977e-07, 4.11753660501e-07, 2.58458356939e-07, 1.03025129761e-07, 1.51889267386e-07, 4.50991848311e-08, 1.82185662112e-08, 1.4542719029e-08, 1.23203829361e-08, 1.52644528129e-08, 7.76176634076e-09, 2.7704218919e-09, 4.74404382445e-09, 2.63229482655e-09, 2.90636115174e-09, 1.55223844889e-09, 4.52059834011e-10, 2.05193029235e-10, 2.5840096729e-10, 2.74165162795e-10, 1.57114543597e-10, 1.55761153975e-10, 2.31697133701e-10, 1.36297598208e-10, 1.65135807806e-10, 8.21817475183e-11, 4.67032315599e-11, 3.05772455966e-11, 2.52873971762e-11, 2.13951027034e-11, 1.55122269196e-11, 7.52856544467e-12]
    },
    "mfcc": {
        "mean": [-640.340454102, 103.425323486, -21.3926124573, 6.57520723343, 0.601064622402, 1.07941973209, -0.703566074371, 5.90398406982, 4.7721786499, 1.74140942097, -3.01529502869, -2.97830104828, -5.56053447723],
        "cov": [[5971.16845703, -555.023681641, 1254.67578125, 729.058349609, 515.374084473, 461.842254639, 257.16305542, 47.4545478821, 59.7313690186, 106.630630493, 18.5487575531, 103.990707397, 114.884536743], [-555.023681641, 926.883361816, 169.060913086, 286.164398193, 313.719116211, 113.773902893, 70.6658401489, -38.427734375, 34.8678855896, 28.2724494934, 27.3060474396, 32.787525177, 45.1480140686], [1254.67578125, 169.060913086, 1418.74328613, 772.657348633, 652.566894531, 423.949676514, 191.428436279, 55.9623451233, 88.8422012329, 54.0780334473, 51.7719230652, 100.730674744, 81.9239578247], [729.058349609, 286.164398193, 772.657348633, 743.463134766, 490.534423828, 295.430053711, 139.748779297, 45.3686981201, 101.978660583, 58.2959251404, 34.3740119934, 79.9825286865, 76.1063995361], [515.374084473, 313.719116211, 652.566894531, 490.534423828, 587.315246582, 268.643432617, 138.224304199, 33.1895332336, 97.3241195679, 45.8893051147, 35.7005157471, 72.3072280884, 64.0844345093], [461.842254639, 113.773902893, 423.949676514, 295.430053711, 268.643432617, 298.155395508, 126.61932373, 63.9324760437, 65.323638916, 44.0526580811, 37.5180778503, 33.4225006104, 36.9058151245], [257.16305542, 70.6658401489, 191.428436279, 139.748779297, 138.224304199, 126.61932373, 193.260009766, 59.9962615967, 56.5928726196, 47.1044654846, 23.8526649475, 13.0402498245, 10.4409313202], [47.4545478821, -38.427734375, 55.9623451233, 45.3686981201, 33.1895332336, 63.9324760437, 59.9962615967, 130.120254517, 54.7682762146, 37.3575057983, 19.3045558929, 11.8130311966, 6.52410125732], [59.7313690186, 34.8678855896, 88.8422012329, 101.978660583, 97.3241195679, 65.323638916, 56.5928726196, 54.7682762146, 130.989730835, 58.6044883728, 23.4549846649, 19.3607177734, 17.1926403046], [106.630630493, 28.2724494934, 54.0780334473, 58.2959251404, 45.8893051147, 44.0526580811, 47.1044654846, 37.3575057983, 58.6044883728, 108.893432617, 41.7230834961, 17.4499855042, 9.2129573822], [18.5487575531, 27.3060474396, 51.7719230652, 34.3740119934, 35.7005157471, 37.5180778503, 23.8526649475, 19.3045558929, 23.4549846649, 41.7230834961, 85.8450622559, 36.6970329285, 11.737197876], [103.990707397, 32.787525177, 100.730674744, 79.9825286865, 72.3072280884, 33.4225006104, 13.0402498245, 11.8130311966, 19.3607177734, 17.4499855042, 36.6970329285, 95.4385986328, 34.8006973267], [114.884536743, 45.1480140686, 81.9239578247, 76.1063995361, 64.0844345093, 36.9058151245, 10.4409313202, 6.52410125732, 17.1926403046, 9.2129573822, 11.737197876, 34.8006973267, 87.4926452637]],
