{
"lowlevel": {
    "average_loudness": 0.763580441475,
    "barkbands_crest": {
        "dmean": 2.88106894493,
        "dmean2": 4.67304039001,
        "dvar": 7.38379144669,
        "dvar2": 18.5757694244,
        "max": 25.7273826599,
        "mean": 10.3028392792,
        "median": 9.45457363129,
        "min": 2.24115014076,
        "var": 20.6356639862
    },
    "barkbands_flatness_db": {
        "dmean": 0.0203729048371,
        "dmean2": 0.0316382721066,
        "dvar": 0.000447032944066,
        "dvar2": 0.000998780713417,
        "max": 0.354700565338,
        "mean": 0.153548121452,
        "median": 0.144097179174,
        "min": 0.0466589182615,
        "var": 0.00317113753408
    },
    "barkbands_kurtosis": {
        "dmean": 2.06407880783,
        "dmean2": 3.3750538826,
        "dvar": 15.838259697,
        "dvar2": 42.0364608765,
        "max": 78.7208633423,
        "mean": 2.35385918617,
        "median": 1.23030996323,
        "min": -1.91159498692,
        "var": 20.3966426849
    },
    "barkbands_skewness": {
        "dmean": 0.51438164711,
        "dmean2": 0.799602985382,
        "dvar": 0.374545007944,
        "dvar2": 0.871208488941,
        "max": 8.45310688019,
        "mean": 1.08141303062,
        "median": 1.01597464085,
        "min": -4.68659210205,
        "var": 1.02909767628
    },
    "barkbands_spread": {
        "dmean": 6.18712997437,
        "dmean2": 9.51905727386,
        "dvar": 66.747505188,
        "dvar2": 135.991256714,
        "max": 113.586959839,
        "mean": 23.8680953979,
        "median": 19.5600566864,
        "min": 1.76242554188,
        "var": 247.634750366
    },
    "dissonance": {
        "dmean": 0.0212816186249,
        "dmean2": 0.0355085320771,
        "dvar": 0.000467228295747,
        "dvar2": 0.00121594662778,
        "max": 0.500000059605,
        "mean": 0.460934251547,
        "median": 0.470256239176,
        "min": 0.257570296526,
        "var": 0.00112358003389
    },
    "dynamic_complexity": 3.62999296188,
    "erbbands_crest": {
        "dmean": 2.95200634003,
        "dmean2": 4.77977752686,
        "dvar": 8.00577545166,
        "dvar2": 19.0377731323,
        "max": 31.8558311462,
        "mean": 10.1479539871,
        "median": 9.05578136444,
        "min": 2.25661277771,
        "var": 25.9313583374
    },
    "erbbands_flatness_db": {
        "dmean": 0.018095402047,
        "dmean2": 0.0266309734434,
        "dvar": 0.000337533187121,
        "dvar2": 0.000659550249111,
        "max": 0.407984912395,
        "mean": 0.189447894692,
        "median": 0.181237727404,
        "min": 0.0749249532819,
        "var": 0.00395974935964
    },
    "erbbands_kurtosis": {
        "dmean": 1.12011086941,
        "dmean2": 1.75448226929,
        "dvar": 2.75333046913,
        "dvar2": 6.36394309998,
        "max": 37.1712722778,
        "mean": 1.08852827549,
        "median": 0.258318185806,
        "min": -1.75736749172,
        "var": 6.93864107132
    },
    "erbbands_skewness": {
        "dmean": 0.39399215579,
        "dmean2": 0.602627635002,
        "dvar": 0.145798310637,
        "dvar2": 0.314080357552,
        "max": 4.93900108337,
        "mean": 0.59944653511,
        "median": 0.566031694412,
        "min": -3.7654542923,
        "var": 0.626414120197
    },
    "erbbands_spread": {
        "dmean": 7.54875993729,
        "dmean2": 11.4751644135,
        "dvar": 83.8309020996,
        "dvar2": 180.896682739,
        "max": 112.102111816,
        "mean": 33.9190788269,
        "median": 30.0886001587,
        "min": 2.08587694168,
        "var": 348.587524414
    },
    "hfc": {
        "dmean": 6.39197444916,
        "dmean2": 9.10511302948,
        "dvar": 72.3982467651,
        "dvar2": 146.985977173,
        "max": 129.414352417,
        "mean": 22.8574981689,
        "median": 18.1605625153,
        "min": 1.2144547963e-16,
        "var": 334.560577393
    },
    "melbands_crest": {
        "dmean": 3.55193185806,
        "dmean2": 5.71517038345,
        "dvar": 10.4074640274,
        "dvar2": 25.7832603455,
        "max": 34.6657180786,
        "mean": 13.5878067017,
        "median": 12.6458148956,
        "min": 1.14391863346,
        "var": 32.0924224854
    },
    "melbands_flatness_db": {
        "dmean": 0.0239866320044,
        "dmean2": 0.0365227200091,
        "dvar": 0.000696644419804,
        "dvar2": 0.00150850357022,
        "max": 0.362848073244,
        "mean": 0.165567085147,
        "median": 0.16263204813,
        "min": 4.25129292125e-05,
        "var": 0.00356862647459
    },
    "melbands_kurtosis": {
        "dmean": 5.41310834885,
        "dmean2": 8.96597671509,
        "dvar": 201.225296021,
        "dvar2": 534.787963867,
        "max": 275.706878662,
        "mean": 8.33677005768,
        "median": 4.50635576248,
        "min": -1.80841326714,
        "var": 239.05039978
    },
    "melbands_skewness": {
        "dmean": 0.68925088644,
        "dmean2": 1.07109606266,
        "dvar": 0.902042508125,
        "dvar2": 2.14171934128,
        "max": 15.1770582199,
        "mean": 1.91267645359,
        "median": 1.71176302433,
        "min": -1.90079545975,
        "var": 2.42116999626
    },
    "melbands_spread": {
        "dmean": 9.16160106659,
        "dmean2": 13.8939647675,
        "dvar": 199.709182739,
        "dvar2": 384.715393066,
        "max": 259.701751709,
        "mean": 29.2819271088,
        "median": 23.4837474823,
        "min": 1.67869830132,
        "var": 562.623352051
    },
    "pitch_salience": {
        "dmean": 0.0743194073439,
        "dmean2": 0.119866147637,
        "dvar": 0.00512506673113,
        "dvar2": 0.0124938478693,
        "max": 0.979953050613,
        "mean": 0.582317173481,
        "median": 0.600726902485,
        "min": 0.0701565220952,
        "var": 0.0164000317454
    },
    "silence_rate_20dB": {
        "dmean": 0,
        "dmean2": 0,
        "dvar": 0,
        "dvar2": 0,
        "max": 1,
        "mean": 1,
        "median": 1,
        "min": 1,
        "var": 0
    },
    "silence_rate_30dB": {
        "dmean": 0.00193330110051,
        "dmean2": 0.00386706949212,
        "dvar": 0.00192961713765,
        "dvar2": 0.00530247204006,
        "max": 1,
        "mean": 0.99879181385,
        "median": 1,
        "min": 0,
        "var": 0.00120686518494
    },
    "silence_rate_60dB": {
        "dmean": 0.0343160964549,
        "dmean2": 0.0686404854059,
        "dvar": 0.0331363454461,
        "dvar2": 0.0733461678028,
        "max": 1,
        "mean": 0.1031774804,
        "median": 0,
        "min": 0,
        "var": 0.092513076961
    },
    "spectral_centroid": {
        "dmean": 265.438781738,
        "dmean2": 399.118408203,
        "dvar": 113038.679688,
        "dvar2": 203319.515625,
        "max": 11427.6367188,
        "mean": 1587.59326172,
        "median": 1455.25231934,
        "min": 386.906463623,
        "var": 464720.53125
    },
    "spectral_complexity": {
        "dmean": 3.28492021561,
        "dmean2": 5.0027794838,
        "dvar": 10.432849884,
        "dvar2": 21.6194477081,
        "max": 49,
        "mean": 15.9928722382,
        "median": 15,
        "min": 0,
        "var": 67.5207977295
    },
    "spectral_decrease": {
        "dmean": 1.99211780405e-09,
        "dmean2": 3.10008330118e-09,
        "dvar": 1.13173833977e-17,
        "dvar2": 2.79809724064e-17,
        "max": 1.20258026845e-28,
        "mean": -5.52578027779e-09,
        "median": -4.2790344601e-09,
        "min": -5.34403277186e-08,
        "var": 2.40819804885e-17
    },
    "spectral_energy": {
        "dmean": 0.00795787386596,
        "dmean2": 0.0123395668343,
        "dvar": 0.000170333485585,
        "dvar2": 0.000417783739977,
        "max": 0.209646776319,
        "mean": 0.0229288302362,
        "median": 0.0179476793855,
        "min": 1.0561571308e-20,
        "var": 0.000388855434721
    },
    "spectral_energyband_high": {
        "dmean": 0.000314112869091,
        "dmean2": 0.000428939441917,
        "dvar": 4.25990663189e-07,
        "dvar2": 6.70962663207e-07,
        "max": 0.0133210159838,
        "mean": 0.000836685590912,
        "median": 0.000495013897307,
        "min": 7.30564139861e-21,
        "var": 1.35994037009e-06
    },
    "spectral_energyband_low": {
        "dmean": 0.00320332613774,
        "dmean2": 0.00549493636936,
        "dvar": 0.000115126735182,
        "dvar2": 0.000316485937219,
        "max": 0.122191801667,
        "mean": 0.00418964307755,
        "median": 0.00112473720219,
        "min": 9.2904142497e-23,
        "var": 9.26293505472e-05
    },
    "spectral_energyband_middle_high": {
        "dmean": 0.00267476588488,
        "dmean2": 0.0038254216779,
        "dvar": 1.72531708813e-05,
        "dvar2": 3.53739123966e-05,
        "max": 0.0792671665549,
        "mean": 0.00816535577178,
        "median": 0.00388715416193,
        "min": 1.68253494426e-21,
        "var": 0.000116084484034
    },
    "spectral_energyband_middle_low": {
        "dmean": 0.00451591238379,
        "dmean2": 0.00689790491015,
        "dvar": 5.01377980981e-05,
        "dvar2": 0.000113766596769,
        "max": 0.096305757761,
        "mean": 0.0102274920791,
        "median": 0.00616668025032,
        "min": 2.68742140728e-22,
        "var": 0.000126814717078
    },
    "spectral_entropy": {
        "dmean": 0.146411299706,
        "dmean2": 0.213240116835,
        "dvar": 0.0235848817974,
        "dvar2": 0.0406471565366,
        "max": 9.80483722687,
        "mean": 7.70402908325,
        "median": 7.74196910858,
        "min": 5.88653564453,
        "var": 0.194383919239
    },
    "spectral_flux": {
        "dmean": 0.0270294379443,
        "dmean2": 0.0426802784204,
        "dvar": 0.00104595220182,
        "dvar2": 0.00226568244398,
        "max": 0.413193166256,
        "mean": 0.0828007981181,
        "median": 0.0711311995983,
        "min": 1.02769508181e-10,
        "var": 0.00251849228516
    },
    "spectral_kurtosis": {
        "dmean": 1.04587578773,
        "dmean2": 1.70070421696,
        "dvar": 1.3223553896,
        "dvar2": 3.69903850555,
        "max": 20.6829833984,
        "mean": 3.39051389694,
        "median": 3.15240716934,
        "min": -1.41735327244,
        "var": 4.62484884262
    },
    "spectral_rms": {
        "dmean": 0.000777284149081,
        "dmean2": 0.00115936156362,
        "dvar": 1.01090427052e-06,
        "dvar2": 2.1953965188e-06,
        "max": 0.0143015189096,
        "mean": 0.004276745487,
        "median": 0.00418448681012,
        "min": 3.20998002484e-12,
        "var": 4.07895004173e-06
    },
    "spectral_rolloff": {
        "dmean": 659.677062988,
        "dmean2": 1083.07775879,
        "dvar": 1580424.5,
        "dvar2": 3082463.25,
        "max": 19659.8144531,
        "mean": 2195.56347656,
        "median": 1636.5234375,
        "min": 64.599609375,
        "var": 4428231.5
    },
    "spectral_skewness": {
        "dmean": 0.171170592308,
        "dmean2": 0.263376146555,
        "dvar": 0.0292243883014,
        "dvar2": 0.0607286058366,
        "max": 3.22695016861,
        "mean": 1.51050150394,
        "median": 1.52433717251,
        "min": -0.276999980211,
        "var": 0.145302370191
    },
    "spectral_spread": {
        "dmean": 541081.6875,
        "dmean2": 793868.9375,
        "dvar": 520655863808,
        "dvar2": 831881412608,
        "max": 40804572,
        "mean": 5212306,
        "median": 5029403,
        "min": 1824855.75,
        "var": 2.68984202035e+12
    },
    "spectral_strongpeak": {
        "dmean": 0.720488786697,
        "dmean2": 1.16033864021,
        "dvar": 0.898439884186,
        "dvar2": 2.14590787888,
        "max": 10.23508358,
        "mean": 1.53052663803,
        "median": 0.878800213337,
        "min": 0,
        "var": 2.74780368805
    },
    "zerocrossingrate": {
        "dmean": 0.0137961870059,
        "dmean2": 0.0155065730214,
        "dvar": 0.000388852698961,
        "dvar2": 0.000366454536561,
        "max": 0.6748046875,
        "mean": 0.0858894214034,
        "median": 0.07080078125,
        "min": 0.01513671875,
        "var": 0.00285109016113
    },
    "barkbands": {
        "dmean": [0.000217024964513, 0.00266121863388, 0.000584421213716, 0.00025667421869, 0.0010417511221, 0.00133027229458, 0.000847013841849, 0.000819100998342, 0.00184391008224, 0.00139713007957, 0.000653341354337, 0.000453492859378, 0.000371380912839, 0.000501933332998, 0.000432978704339, 0.000320387509419, 0.000173295848072, 0.00018197177269, 0.000137444716529, 9.51846886892e-05, 5.84417502978e-05, 6.33290619589e-05, 5.91109674133e-05, 8.34895909065e-05, 9.82660421869e-05, 3.53039212087e-07, 1.20481780108e-09],
        "dmean2": [0.000353767565684, 0.00462022889405, 0.00102594366763, 0.000432508211816, 0.00166855554562, 0.00208752695471, 0.00137142243329, 0.00129160832148, 0.00283837947063, 0.00213307375088, 0.000937513890676, 0.000687327701598, 0.000572410586756, 0.00076092715608, 0.000681243778672, 0.000520741101354, 0.000273495155852, 0.000287029717583, 0.000214283893001, 0.000145475234604, 9.05692213564e-05, 9.63884376688e-05, 8.6348001787e-05, 0.000118375523016, 0.000143599812873, 6.06154060279e-07, 2.24615814837e-09],
        "dvar": [2.78534429299e-07, 8.88669965207e-05, 3.01001364278e-06, 3.23196729823e-07, 4.98476447319e-06, 1.04535365608e-05, 6.74216744301e-06, 4.8311790124e-06, 1.95932789211e-05, 1.11651897896e-05, 3.08920402858e-06, 1.32123057028e-06, 9.21031528378e-07, 1.31384615543e-06, 1.13512237476e-06, 1.87608600299e-06, 1.47963618247e-07, 8.575891286e-08, 5.36696340703e-08, 2.51790766015e-08, 1.33316246931e-08, 2.05915853257e-08, 2.40972983789e-08, 5.4184525311e-08, 8.98105838587e-08, 7.67630588001e-13, 1.76524604353e-16],
        "dvar2": [6.9917342671e-07, 0.000247176474659, 8.74889065017e-06, 8.91949468951e-07, 1.17845720524e-05, 2.42418136622e-05, 1.60272793437e-05, 1.09725824586e-05, 4.42514356109e-05, 2.57380961557e-05, 5.61835577173e-06, 2.53090024671e-06, 1.94892936634e-06, 2.76193850368e-06, 2.55564305007e-06, 5.10596873937e-06, 3.48481478341e-07, 2.04347941235e-07, 1.30989633362e-07, 5.65775053474e-08, 2.76280474054e-08, 4.25664552495e-08, 4.3096214597e-08, 9.59502557407e-08, 1.77681314995e-07, 2.0626584208e-12, 5.24735957912e-16],
        "max": [0.0115145975724, 0.112215474248, 0.0213153529912, 0.0111474525183, 0.0351261794567, 0.0761811435223, 0.0803287029266, 0.0540012829006, 0.0757620632648, 0.0645338967443, 0.041831497103, 0.0262092240155, 0.0232879929245, 0.0285693462938, 0.020620085299, 0.0385298915207, 0.0100985867903, 0.00739005068317, 0.00424461765215, 0.00282952538691, 0.00370585708879, 0.0036640886683, 0.00498203095049, 0.00643171509728, 0.0100985020399, 2.10272301047e-05, 8.61669661845e-07],
        "mean": [0.000292005570373, 0.00301233655773, 0.000740492891055, 0.000365618878277, 0.00161789369304, 0.00223103491589, 0.00138571392745, 0.00111013452988, 0.00281933508813, 0.00293163815513, 0.00115057453513, 0.00078803364886, 0.000619115191512, 0.000956533593126, 0.000634813390207, 0.000416294991737, 0.000295085425023, 0.000361367914593, 0.000265028589638, 0.000196370107005, 0.000110286964627, 0.000125227772514, 0.000121376513562, 0.00017262151232, 0.000209495614399, 4.01545037221e-07, 1.39610289995e-09],
        "median": [3.55618467438e-05, 0.000577406957746, 0.000171042745933, 0.000122646495583, 0.000521018693689, 0.000597204896621, 0.00019256847736, 0.000195598753635, 0.000539931643289, 0.000393300957512, 0.000186811375897, 0.000185131066246, 0.000162646683748, 0.000202919414733, 0.000193297106307, 0.000155792571604, 0.00013560190564, 0.00018399572582, 0.000145377751323, 9.48522647377e-05, 5.53770478291e-05, 5.67040078749e-05, 5.48956195416e-05, 7.80215850682e-05, 9.54692586674e-05, 1.46284975244e-07, 7.7043066371e-10],
        "min": [1.79642150573e-23, 4.34745094509e-23, 3.03120686355e-23, 3.54385001608e-23, 5.52286505346e-23, 3.10136247267e-23, 4.5134156044e-23, 3.29050670528e-23, 4.71991319921e-23, 3.33535502546e-23, 1.20072745576e-22, 1.6077117777e-22, 9.6550642565e-23, 1.32099605341e-22, 1.36842729352e-22, 1.92923444328e-22, 2.30612845485e-22, 8.52514596534e-23, 3.07903013598e-22, 3.27043126809e-22, 3.09247485016e-22, 4.64170653881e-22, 5.90678447094e-22, 7.44715239223e-22, 1.12322877593e-21, 1.62377876651e-21, 2.59335561345e-21],
        "var": [3.99529795914e-07, 6.53874521959e-05, 2.38933625951e-06, 4.84616407448e-07, 9.78714251687e-06, 2.26148986258e-05, 1.92371171579e-05, 8.00153338787e-06, 3.84657068935e-05, 5.01314170833e-05, 1.00518400359e-05, 3.83348333344e-06, 2.19646949517e-06, 4.74877742818e-06, 1.88749891095e-06, 1.51779818225e-06, 2.6247582241e-07, 2.55296953355e-07, 1.17501684826e-07, 6.60521024543e-08, 3.0087097258e-08, 4.47621815169e-08, 5.77100109922e-08, 1.25811979501e-07, 1.85665314234e-07, 7.6253998775e-13, 9.14393705606e-17]
    },
    "erbbands": {
        "dmean": [0.0828022658825, 0.582678258419, 0.825632631779, 0.687122762203, 1.93885958195, 3.75513505936, 8.25621891022, 11.068696022, 11.5088119507, 12.7739439011, 22.8898963928, 41.1942634583, 40.5023193359, 36.507232666, 19.8493938446, 17.26587677, 15.8051319122, 19.1034851074, 23.8118476868, 20.7115745544, 13.6188278198, 9.41315555573, 8.15345954895, 9.99066448212, 4.76362848282, 4.28047418594, 2.60629272461, 2.45623016357, 2.34736347198, 1.7674164772, 1.76233565807, 1.67833328247, 1.48670828342, 1.22328400612, 0.700613081455, 0.050248850137, 0.00120227131993, 7.34366840334e-05, 1.1286663721e-05, 1.02039566627e-05],
        "dmean2": [0.139966964722, 1.03964269161, 1.45642948151, 1.16083276272, 3.23651099205, 5.95027780533, 12.5452547073, 17.5495033264, 18.5458431244, 20.7152194977, 35.5361175537, 62.9923744202, 60.8668212891, 51.7024650574, 27.8520259857, 25.4796237946, 24.0322742462, 27.4994773865, 36.3166732788, 33.4197502136, 21.6306934357, 14.6272182465, 12.7609491348, 15.6112108231, 7.26412963867, 6.51606607437, 4.02835941315, 3.77263402939, 3.64476156235, 2.57485365868, 2.56131315231, 2.4047267437, 2.13888430595, 1.79294788837, 1.05741488934, 0.0788474977016, 0.00184976262972, 0.000109890992462, 1.65643159562e-05, 1.5557909137e-05],
        "dvar": [0.0678282082081, 4.83555316925, 7.48004484177, 2.1506383419, 22.1866416931, 73.7886505127, 419.535400391, 932.540283203, 1130.88342285, 2057.0480957, 3171.19140625, 12319.15625, 9811.10742188, 6941.52441406, 2452.84375, 2006.22167969, 1708.39282227, 2143.77978516, 3199.28955078, 4411.1328125, 2066.29101562, 331.220245361, 166.350448608, 306.38293457, 56.9723701477, 52.3910217285, 24.365032196, 27.5664043427, 26.2350292206, 23.4863471985, 22.7754325867, 20.2281684875, 18.6515254974, 15.2396507263, 4.06862592697, 0.015379355289, 9.45141346165e-06, 3.84841314371e-08, 6.65266619571e-10, 2.32374994247e-10],
        "dvar2": [0.181788727641, 13.7372846603, 21.6475772858, 5.95206260681, 59.4407196045, 173.05406189, 856.762084961, 2248.00219727, 2712.34130859, 5154.43554688, 7091.49804688, 28174.6152344, 19918.1855469, 13749.8535156, 4197.08398438, 3997.16772461, 3782.99707031, 3933.43701172, 7022.640625, 11709.0839844, 5401.49072266, 751.424743652, 391.249359131, 746.450561523, 127.899169922, 116.444458008, 54.2747039795, 58.6086235046, 56.9054031372, 43.1442565918, 42.4711303711, 35.8725013733, 34.2089576721, 30.0966053009, 8.4276342392, 0.0331944189966, 1.95607080968e-05, 7.60445928449e-08, 1.30068134041e-09, 5.59036650305e-10],
        "max": [3.43901324272, 26.8463954926, 30.4858074188, 26.0727920532, 97.5321273804, 159.874465942, 709.628967285, 890.938781738, 1073.33813477, 1367.46801758, 1239.74194336, 1840.00195312, 1944.77819824, 1891.05908203, 1180.85668945, 1293.42089844, 825.423217773, 1705.32250977, 1263.88220215, 1336.30395508, 1194.18688965, 459.127044678, 412.148864746, 324.776031494, 162.812423706, 142.568450928, 114.620704651, 135.159133911, 118.700912476, 115.833496094, 164.772186279, 104.730072021, 123.092987061, 114.511276245, 76.2769546509, 3.94272375107, 0.105170823634, 0.00691313203424, 0.00087522668764, 0.000236997497268],
        "mean": [0.100372187793, 0.609730601311, 0.992767512798, 1.05612564087, 2.54024887085, 5.72189474106, 14.7103662491, 17.4681663513, 21.223192215, 17.5459880829, 35.6635627747, 62.3770713806, 80.8253707886, 76.3317565918, 38.0766220093, 33.8342781067, 29.8116950989, 37.3300628662, 45.7880859375, 29.9251155853, 20.9391288757, 17.3123455048, 17.4989719391, 19.6708106995, 10.4498901367, 8.9004650116, 5.28367328644, 4.6246638298, 4.52504444122, 3.61762714386, 3.53389215469, 3.38058567047, 3.00951361656, 2.49089717865, 1.39192771912, 0.0939109772444, 0.00238666101359, 0.000158551440109, 3.31267292495e-05, 3.2110929169e-05],
        "median": [0.016016472131, 0.102693647146, 0.226924583316, 0.449809521437, 0.885698974133, 1.64843142033, 3.47429800034, 4.62145376205, 3.60962343216, 3.73239016533, 8.22687339783, 13.6490211487, 15.681640625, 15.2015590668, 10.5355834961, 9.09281158447, 9.08249664307, 10.0168581009, 11.8242530823, 11.121887207, 9.05488109589, 8.36354923248, 9.76027870178, 10.6483678818, 5.9962477684, 4.48544645309, 2.73650193214, 2.16552376747, 2.06107378006, 1.5341552496, 1.5735502243, 1.54022443295, 1.36990296841, 1.06188559532, 0.62650591135, 0.0442501232028, 0.00114421441685, 7.87890458014e-05, 2.52791651292e-05, 2.76220689557e-05],
        "min": [1.62468995765e-21, 9.19709569017e-21, 3.43377632608e-20, 6.60355666719e-20, 1.46424306709e-19, 1.83149032106e-19, 2.00737089127e-19, 2.74823856733e-19, 7.89801768238e-19, 3.69051645073e-19, 1.04751712591e-18, 1.17103245876e-18, 1.2260141201e-18, 2.10128628968e-18, 4.94603300135e-18, 6.84379005375e-18, 4.17260920245e-18, 5.78561470565e-18, 6.17185014907e-18, 8.52332610721e-18, 1.27792596943e-17, 1.02242716629e-17, 7.02677522655e-18, 1.37663227387e-17, 1.44385616692e-17, 1.39328730735e-17, 1.15613123429e-17, 1.38738098962e-17, 1.60158826008e-17, 1.52804561705e-17, 1.70417404159e-17, 1.23054812451e-17, 1.43078257734e-17, 1.02208115664e-17, 9.78427857862e-18, 6.46342635191e-18, 2.84505070054e-18, 1.03551432163e-18, 3.41075492028e-19, 4.37479443926e-20],
        "var": [0.0605725720525, 3.20429825783, 5.26968812943, 2.998234272, 26.1154766083, 153.728134155, 1080.50366211, 1809.91821289, 4909.57177734, 3029.85668945, 5855.34179688, 21519.2890625, 34746.34375, 28075.7617188, 7781.51025391, 6463.08056641, 4191.76074219, 7585.43310547, 10100.6923828, 4515.51318359, 2229.46142578, 756.927062988, 545.682006836, 667.215576172, 160.327972412, 131.864532471, 55.3890304565, 57.6070747375, 55.3002510071, 53.6123199463, 51.9426078796, 47.5981674194, 41.5071601868, 31.6058197021, 7.72251176834, 0.0284846574068, 1.86183697224e-05, 8.11324127881e-08, 1.55758694831e-09, 6.09493899795e-10]
    },
    "gfcc": {
        "mean": [-17.8194656372, 67.8316345215, -153.642745972, 23.9985485077, -82.071434021, 25.2768344879, -50.2934684753, 20.5949287415, -24.7322406769, -2.25384879112, -7.02636766434, -8.82127666473, 4.74757051468],
        "cov": [[4640.62792969, 1183.39099121, 1306.03198242, 820.24407959, 400.884796143, 458.06036377, 131.477584839, 162.688232422, -22.8218288422, 110.067855835, 84.8918533325, 108.251281738, 37.4544677734], [1183.39099121, 1510.54919434, 639.517578125, 259.988525391, 318.495544434, 109.228088379, 242.737838745, 35.2832565308, 27.4480552673, -72.5441207886, 116.65335083, -7.27160453796, -2.37254214287], [1306.03198242, 639.517578125, 1619.00854492, 877.195007324, 390.741973877, 381.098052979, -53.8105545044, 112.412017822, -40.5740394592, 96.2439041138, -105.35849762, 120.78225708, -78.0818328857], [820.24407959, 259.988525391, 877.195007324, 802.803283691, 350.016906738, 281.440155029, 39.5319404602, 101.740371704, 57.6196327209, 87.9584121704, -71.4188842773, 90.5253219604, -56.4440460205], [400.884796143, 318.495544434, 390.741973877, 350.016906738, 396.229644775, 280.601287842, 134.899139404, 108.604347229, 40.599773407, 50.8583488464, -26.8885536194, 7.4562921524, -21.8691177368], [458.06036377, 109.228088379, 381.098052979, 281.440155029, 280.601287842, 491.886230469, 266.651031494, 124.159217834, 16.2927341461, 65.3286209106, -44.7123718262, -9.64319992065, -52.8803520203], [131.477584839, 242.737838745, -53.8105545044, 39.5319404602, 134.899139404, 266.651031494, 430.431182861, 125.765266418, 59.9200172424, 9.4456205368, 61.8975448608, -27.9739952087, -27.8281211853], [162.688232422, 35.2832565308, 112.412017822, 101.740371704, 108.604347229, 124.159217834, 125.765266418, 162.505935669, 73.681060791, 33.3675422668, -3.92796158791, 15.5656175613, -18.5149593353], [-22.8218288422, 27.4480552673, -40.5740394592, 57.6196327209, 40.599773407, 16.2927341461, 59.9200172424, 73.681060791, 148.165390015, 34.1077651978, 13.3276071548, 9.24605464935, -0.716479241848], [110.067855835, -72.5441207886, 96.2439041138, 87.9584121704, 50.8583488464, 65.3286209106, 9.4456205368, 33.3675422668, 34.1077651978, 108.461181641, 6.5173368454, 30.1031703949, -8.37665653229], [84.8918533325, 116.65335083, -105.35849762, -71.4188842773, -26.8885536194, -44.7123718262, 61.8975448608, -3.92796158791, 13.3276071548, 6.5173368454, 164.257614136, 36.1343803406, 38.0428009033], [108.251281738, -7.27160453796, 120.78225708, 90.5253219604, 7.4562921524, -9.64319992065, -27.9739952087, 15.5656175613, 9.24605464935, 30.1031703949, 36.1343803406, 122.17150116, 22.9586086273], [37.4544677734, -2.37254214287, -78.0818328857, -56.4440460205, -21.8691177368, -52.8803520203, -27.8281211853, -18.5149593353, -0.716479241848, -8.37665653229, 38.0428009033, 22.9586086273, 91.819152832]],
        "icov": [[0.000435765483417, -0.000599319115281, 0.000315428536851, -0.000667731976137, 0.000844716967549, -0.000808202312328, 0.000724564306438, -0.000884723500349, 0.0006645899266, -0.000572719145566, -0.000203455696465, 0.000181933850399, -0.000566809030715], [-0.000599319115281, 0.00309048267081, -0.00257259141654, 0.00241472222842, -0.00373860821128, 0.00339154410176, -0.00354352314025, 0.00345868617296, -0.00251536094584, 0.00277304998599, -0.000931205053348, 0.000337154953741, 0.00084218889242], [0.000315428536851, -0.00257259141654, 0.00426935590804, -0.00383788743056, 0.00316643319093, -0.0036922309082, 0.00406999699771, -0.00380207598209, 0.00343928788789, -0.00206111744046, 0.000611809664406, -0.000803303089924, -4.3042771722e-05], [-0.000667731976137, 0.00241472222842, -0.00383788743056, 0.00664460239932, -0.00516636716202, 0.00302444165573, -0.00328326039016, 0.00427511241287, -0.00425415206701, 0.00182436872274, 0.000610668445006, -0.00179452821612, 0.00186296831816], [0.000844716967549, -0.00373860821128, 0.00316643319093, -0.00516636716202, 0.0106869172305, -0.00643382500857, 0.00460438570008, -0.00599111244082, 0.00322665297426, -0.0032841397915, 0.000303978886222, 0.00135472323745, -0.00263612251729], [-0.000808202312328, 0.00339154410176, -0.0036922309082, 0.00302444165573, -0.00643382500857, 0.0104006826878, -0.00785772223026, 0.00378385698423, -0.00128629838582, 0.000437286595115, 0.00145270046778, 0.000583054265007, 0.00125796662178], [0.000724564306438, -0.00354352314025, 0.00406999699771, -0.00328326039016, 0.00460438570008, -0.00785772223026, 0.0104460800067, -0.00683226482943, 0.00236178841442, -0.00106015009806, -0.00251104007475, 0.000704671256244, 0.000201023343834], [-0.000884723500349, 0.00345868617296, -0.00380207598209, 0.00427511241287, -0.00599111244082, 0.00378385698423, -0.00683226482943, 0.0162659659982, -0.00809523742646, 0.00246003549546, 0.000964016711805, -0.00206186505966, 0.00208399537951], [0.0006645899266, -0.00251536094584, 0.00343928788789, -0.00425415206701, 0.00322665297426, -0.00128629838582, 0.00236178841442, -0.00809523742646, 0.0133048882708, -0.00492623494938, 0.00020456816128, 0.00072030100273, -0.00152584933676], [-0.000572719145566, 0.00277304998599, -0.00206111744046, 0.00182436872274, -0.0032841397915, 0.000437286595115, -0.00106015009806, 0.00246003549546, -0.00492623494938, 0.0150277307257, -0.00242106989026, -0.00198068027385, 0.00214930810034], [-0.000203455696465, -0.000931205053348, 0.000611809664406, 0.000610668445006, 0.000303978886222, 0.00145270046778, -0.00251104007475, 0.000964016711805, 0.00020456816128, -0.00242106989026, 0.0103269768879, -0.00357387284748, -0.00230737053789], [0.000181933850399, 0.000337154953741, -0.000803303089924, -0.00179452821612, 0.00135472323745, 0.000583054265007, 0.000704671256244, -0.00206186505966, 0.00072030100273, -0.00198068027385, -0.00357387284748, 0.0126575296745, -0.00325476331636], [-0.000566809030715, 0.00084218889242, -4.3042771722e-05, 0.00186296831816, -0.00263612251729, 0.00125796662178, 0.000201023343834, 0.00208399537951, -0.00152584933676, 0.00214930810034, -0.00230737053789, -0.00325476331636, 0.014784344472]]
    },
    "melbands": {
        "dmean": [0.000737885420676, 0.000556246784981, 0.00013997007045, 0.000210394879105, 0.000253673264524, 0.00025030595134, 0.00017356321041, 0.000140621312312, 0.000222534843488, 0.000257624051301, 0.00020823070372, 0.000161763047799, 7.90587073425e-05, 5.00471760461e-05, 4.73385807709e-05, 3.13609016303e-05, 4.03184239985e-05, 4.40150033683e-05, 3.14470671583e-05, 2.70858654403e-05, 1.49688821693e-05, 1.12757570605e-05, 6.93146239428e-06, 9.55038558459e-06, 8.83291431819e-06, 4.43944236395e-06, 3.4992676774e-06, 3.00252258967e-06, 2.00369072445e-06, 1.30940918552e-06, 1.63005586273e-06, 1.56003318352e-06, 1.11908786948e-06, 1.00462557384e-06, 1.06819913981e-06, 1.09369091206e-06, 1.09950713068e-06, 1.11598683361e-06, 1.09455868369e-06, 1.11805536562e-06],
        "dmean2": [0.00126444897614, 0.000981251127087, 0.000235635103309, 0.000344752625097, 0.000386792788049, 0.000394508533645, 0.000278996798443, 0.000226555290283, 0.000342592858942, 0.000395896786358, 0.000314644625178, 0.000231880927458, 0.00011018213263, 7.33926426619e-05, 7.2100549005e-05, 4.81204588141e-05, 5.79192637815e-05, 6.77093194099e-05, 5.00118403579e-05, 4.48151113233e-05, 2.37593758357e-05, 1.77393212653e-05, 1.10242044684e-05, 1.5087126485e-05, 1.38803761729e-05, 6.91857439961e-06, 5.46834326087e-06, 4.62784873889e-06, 3.14138287649e-06, 2.04772572943e-06, 2.55155396189e-06, 2.4667699563e-06, 1.70290127244e-06, 1.48663571053e-06, 1.59952253398e-06, 1.62267974702e-06, 1.62243793511e-06, 1.64235348166e-06, 1.62439164342e-06, 1.65815777109e-06],
        "dvar": [6.19376396571e-06, 3.95562165068e-06, 8.36200442222e-08, 2.44754801315e-07, 3.41876244647e-07, 4.15145279931e-07, 2.53226460245e-07, 2.18666158958e-07, 2.96794297583e-07, 4.56830520079e-07, 2.6126608077e-07, 1.43560981769e-07, 4.43386554139e-08, 1.88610922436e-08, 1.31027668715e-08, 7.04635283455e-09, 9.82906112057e-09, 1.24795072054e-08, 7.23573512218e-09, 1.67493876546e-08, 1.7600114699e-09, 5.93177451602e-10, 1.37995892491e-10, 2.8601016e-10, 2.57441207241e-10, 6.02203356626e-11, 3.7976309597e-11, 2.74848702825e-11, 1.49816339889e-11, 1.0095119185e-11, 1.36226594241e-11, 1.24382466132e-11, 8.10553360542e-12, 7.74259909658e-12, 8.85350386753e-12, 8.51439405092e-12, 9.18537555045e-12, 1.1068672888e-11, 9.50433742125e-12, 1.38060092872e-11],
        "dvar2": [1.69460199686e-05, 1.13159894681e-05, 2.30867755135e-07, 6.30674037438e-07, 6.94242260124e-07, 9.94617039396e-07, 6.04974957241e-07, 5.39066320471e-07, 6.61052069972e-07, 1.04803996237e-06, 5.40281064332e-07, 2.95808035844e-07, 7.56292877213e-08, 3.55721994083e-08, 2.75923017767e-08, 1.52753880656e-08, 1.82152479766e-08, 2.79239955603e-08, 1.70326419635e-08, 4.63486564684e-08, 4.26829949163e-09, 1.35773980947e-09, 3.39950734229e-10, 6.68139932269e-10, 6.32445928961e-10, 1.45446113486e-10, 8.84273487767e-11, 6.15787767999e-11, 3.46071157842e-11, 2.23148877848e-11, 3.02079888881e-11, 2.90389847585e-11, 1.6495768293e-11, 1.4484896789e-11, 1.76166130295e-11, 1.62171612944e-11, 1.74622018234e-11, 2.11318584159e-11, 1.91483287559e-11, 2.84354050722e-11],
        "max": [0.0297688823193, 0.022770524025, 0.00546327605844, 0.00848644413054, 0.0187438726425, 0.0181292686611, 0.0154989697039, 0.0127029698342, 0.0106122577563, 0.0102682793513, 0.0101249320433, 0.00871363282204, 0.00542817870155, 0.00393352843821, 0.00321091501974, 0.00195668754168, 0.00339268520474, 0.0024996898137, 0.00193155591842, 0.00354857416824, 0.00123420916498, 0.000603780790698, 0.000293851509923, 0.000571283162571, 0.000305803143419, 0.000166040321346, 0.000121529112221, 9.97215029201e-05, 9.36561409617e-05, 0.000144031553646, 7.25132631487e-05, 7.35578723834e-05, 8.97763384273e-05, 7.07629442331e-05, 0.000100810299045, 9.62581325439e-05, 7.68401514506e-05, 9.83500867733e-05, 9.68301756075e-05, 0.000108112173621],
        "mean": [0.000875116500538, 0.000636297219899, 0.000216331900447, 0.000291029457003, 0.000464273878606, 0.000410793494666, 0.00030626609805, 0.000186892342754, 0.000342329731211, 0.000386700266972, 0.000416411785409, 0.000334624113748, 0.000143296143506, 8.63657260197e-05, 9.14855481824e-05, 5.09622695972e-05, 7.2246119089e-05, 8.2448561443e-05, 4.52394597232e-05, 3.34433025273e-05, 2.20792389882e-05, 1.86802990356e-05, 1.29532863866e-05, 1.89012189367e-05, 1.59758837981e-05, 8.52379162097e-06, 6.74156308378e-06, 5.73336683374e-06, 3.72184103981e-06, 2.30716932492e-06, 2.84186739918e-06, 2.7534158562e-06, 2.10505436371e-06, 1.93584128283e-06, 1.9873787096e-06, 2.09702716347e-06, 2.04579873753e-06, 2.07957577913e-06, 2.11959786611e-06, 2.10575103665e-06],
        "median": [0.000169122213265, 0.000142072691233, 9.79679316515e-05, 8.98026191862e-05, 0.000122851182823, 0.000113220856292, 4.92985273013e-05, 3.40585320373e-05, 7.04871999915e-05, 7.34487985028e-05, 6.21642393526e-05, 5.60494409001e-05, 2.80470594589e-05, 2.06759268622e-05, 2.03410181712e-05, 1.55293218995e-05, 1.6949552446e-05, 1.69664654095e-05, 1.43740053318e-05, 1.14823669719e-05, 8.68285042088e-06, 8.12789676274e-06, 6.87182955517e-06, 9.00980012375e-06, 8.03339389677e-06, 4.61352146885e-06, 3.32905347022e-06, 2.67353675554e-06, 1.71812371264e-06, 1.02761430298e-06, 1.24143343783e-06, 1.21871323699e-06, 8.83785162387e-07, 7.73439865043e-07, 8.33164847336e-07, 9.46568206928e-07, 8.89136231308e-07, 8.9798385261e-07, 9.33724265906e-07, 8.26943448828e-07],
        "min": [1.42179083075e-23, 1.50742830844e-23, 1.56033815599e-23, 1.06463097935e-23, 8.58058442763e-24, 6.50426702635e-24, 1.15508461065e-23, 4.22977593276e-24, 9.29434419696e-24, 6.69419160017e-24, 5.72501799683e-24, 6.89448259515e-24, 1.74133030001e-23, 1.99595361651e-23, 1.04970683543e-23, 9.70983644688e-24, 1.12396609897e-23, 1.03015365572e-23, 1.19770905305e-23, 1.0386171866e-23, 1.68166322772e-23, 9.64821221068e-24, 1.12283952671e-23, 4.01240373261e-24, 1.21265654726e-23, 1.08326387394e-23, 1.19721625164e-23, 8.3244696907e-24, 6.85705824494e-24, 7.92370705161e-24, 8.38313017648e-24, 9.08731790757e-24, 9.49842251314e-24, 8.30815920263e-24, 1.03991825489e-23, 7.36545464367e-24, 8.27391317301e-24, 1.07346432823e-23, 8.25401494553e-24, 8.96244359286e-24],
        "var": [4.96858183396e-06, 2.68290159511e-06, 1.18487925249e-07, 3.65669052371e-07, 9.35768184718e-07, 8.65837478159e-07, 9.29479028855e-07, 3.37363871949e-07, 5.65513573747e-07, 8.38531661884e-07, 9.72358293438e-07, 6.07208619385e-07, 1.45010446317e-07, 5.4911456715e-08, 4.83141135987e-08, 1.45802827589e-08, 3.32705809569e-08, 4.21102690495e-08, 1.11213882548e-08, 1.24843948512e-08, 2.52851628524e-09, 1.14017495445e-09, 3.24891197279e-10, 9.36907440519e-10, 5.12358211413e-10, 1.33867569807e-10, 8.49185444185e-11, 6.5276992145e-11, 3.13167929089e-11, 1.92105290009e-11, 2.41889962921e-11, 2.19076735919e-11, 1.71937273447e-11, 1.69241686637e-11, 1.79185555282e-11, 1.9496428777e-11, 1.88688925595e-11, 2.26232747813e-11, 1.95340792153e-11, 2.66690454442e-11]
    },
    "mfcc": {
        "mean": [-645.138427734, 87.8451538086, -15.2320222855, -5.93276643753, -2.27972197533, -10.9038219452, -1.12814855576, 1.53291213512, -1.20667421818, 2.41654038429, -0.810095787048, -5.74850797653, -4.23400211334],
        "cov": [[3714.12646484, 708.158081055, 914.027832031, 559.735168457, 433.406005859, 376.438323975, 336.835998535, 199.915222168, 109.543380737, 53.1387672424, 115.704421997, 78.7893218994, 82.5938339233], [708.158081055, 1254.77978516, 344.464233398, 221.492141724, 149.278198242, 102.922637939, 204.261276245, 129.22215271, 11.6716213226, -14.3919334412, 66.1951980591, 35.3316650391, 6.96278142929], [914.027832031, 344.464233398, 1236.7298584, 570.352478027, 501.68057251, 348.573852539, 149.904006958, 125.990623474, 121.726043701, -72.3902587891, 77.9671020508, 69.0792388916, 54.9163360596], [559.735168457, 221.492141724, 570.352478027, 573.447753906, 352.778930664, 197.930236816, 55.5340538025, 102.066459656, 98.4264221191, -35.5907096863, 51.3678436279, 84.7141876221, 77.2852783203], [433.406005859, 149.278198242, 501.68057251, 352.778930664, 488.837554932, 209.38494873, 67.1782836914, 58.6744117737, 104.785644531, 3.37063884735, 26.412733078, 15.9048528671, 23.6786384583], [376.438323975, 102.922637939, 348.573852539, 197.930236816, 209.38494873, 373.097961426, 217.927185059, 139.008712769, 143.490585327, 48.3975944519, 108.761207581, 24.6507930756, 23.5313434601], [336.835998535, 204.261276245, 149.904006958, 55.5340538025, 67.1782836914, 217.927185059, 337.211303711, 154.217803955, 78.1851119995, 84.0485839844, 72.7651824951, 20.5740089417, 20.2324924469], [199.915222168, 129.22215271, 125.990623474, 102.066459656, 58.6744117737, 139.008712769, 154.217803955, 224.111206055, 114.623023987, 46.1301651001, 87.3302993774, 56.2331085205, 44.6420173645], [109.543380737, 11.6716213226, 121.726043701, 98.4264221191, 104.785644531, 143.490585327, 78.1851119995, 114.623023987, 203.702438354, 57.6858558655, 73.0336761475, 32.1342658997, 22.5692634583], [53.1387672424, -14.3919334412, -72.3902587891, -35.5907096863, 3.37063884735, 48.3975944519, 84.0485839844, 46.1301651001, 57.6858558655, 153.039031982, 30.2876205444, 2.44295573235, 2.87573814392], [115.704421997, 66.1951980591, 77.9671020508, 51.3678436279, 26.412733078, 108.761207581, 72.7651824951, 87.3302993774, 73.0336761475, 30.2876205444, 140.784667969, 51.7632064819, 26.502456665], [78.7893218994, 35.3316650391, 69.0792388916, 84.7141876221, 15.9048528671, 24.6507930756, 20.5740089417, 56.2331085205, 32.1342658997, 2.44295573235, 51.7632064819, 119.728851318, 63.3115653992], [82.5938339233, 6.96278142929, 54.9163360596, 77.2852783203, 23.6786384583, 23.5313434601, 20.2324924469, 44.6420173645, 22.5692634583, 2.87573814392, 26.502456665, 63.3115653992, 102.98008728]],
