{
"lowlevel": {
    "average_loudness": 0.950023591518,
    "barkbands_crest": {
        "dmean": 2.99889922142,
        "dmean2": 4.6840338707,
        "dvar": 7.07680273056,
        "dvar2": 16.7700595856,
        "max": 25.6555175781,
        "mean": 9.78284358978,
        "median": 8.42144489288,
        "min": 1.8436845541,
        "var": 25.5754737854
    },
    "barkbands_flatness_db": {
        "dmean": 0.0231801103801,
        "dmean2": 0.0340645797551,
        "dvar": 0.000429318257375,
        "dvar2": 0.000922982115299,
        "max": 0.399977207184,
        "mean": 0.134428203106,
        "median": 0.123413003981,
        "min": 0.019309014082,
        "var": 0.0027400192339
    },
    "barkbands_kurtosis": {
        "dmean": 2.46670651436,
        "dmean2": 3.81791400909,
        "dvar": 39.5362129211,
        "dvar2": 94.9888153076,
        "max": 173.917388916,
        "mean": 2.14490818977,
        "median": -0.0326243638992,
        "min": -1.90436708927,
        "var": 67.998550415
    },
    "barkbands_skewness": {
        "dmean": 0.58552891016,
        "dmean2": 0.837229549885,
        "dvar": 0.42253023386,
        "dvar2": 0.867872238159,
        "max": 12.5580148697,
        "mean": 0.948800802231,
        "median": 0.676015138626,
        "min": -2.97597146034,
        "var": 1.83253121376
    },
    "barkbands_spread": {
        "dmean": 7.71869277954,
        "dmean2": 11.5845317841,
        "dvar": 65.0911483765,
        "dvar2": 136.008666992,
        "max": 106.2735672,
        "mean": 31.2166519165,
        "median": 28.5890274048,
        "min": 0.875806927681,
        "var": 307.289154053
    },
    "dissonance": {
        "dmean": 0.0125662181526,
        "dmean2": 0.0212839059532,
        "dvar": 0.000203385905479,
        "dvar2": 0.000553152931388,
        "max": 0.500000119209,
        "mean": 0.480940818787,
        "median": 0.487525820732,
        "min": 0.288125932217,
        "var": 0.000394018774386
    },
    "dynamic_complexity": 3.14503598213,
    "erbbands_crest": {
        "dmean": 2.33803510666,
        "dmean2": 3.82800674438,
        "dvar": 4.78854942322,
        "dvar2": 11.7989673615,
        "max": 26.9283790588,
        "mean": 7.71083259583,
        "median": 6.8352599144,
        "min": 2.43925094604,
        "var": 12.8359060287
    },
    "erbbands_flatness_db": {
        "dmean": 0.0166221857071,
        "dmean2": 0.0242489725351,
        "dvar": 0.0002323413064,
        "dvar2": 0.000481405673781,
        "max": 0.448417723179,
        "mean": 0.168524250388,
        "median": 0.15409091115,
        "min": 0.0669881999493,
        "var": 0.00339949433692
    },
    "erbbands_kurtosis": {
        "dmean": 0.94082057476,
        "dmean2": 1.45970916748,
        "dvar": 1.5243922472,
        "dvar2": 3.94736337662,
        "max": 33.5927124023,
        "mean": 0.785414040089,
        "median": 0.30545091629,
        "min": -1.74464452267,
        "var": 4.47926664352
    },
    "erbbands_skewness": {
        "dmean": 0.356566905975,
        "dmean2": 0.546593368053,
        "dvar": 0.102154247463,
        "dvar2": 0.245248377323,
        "max": 5.0187163353,
        "mean": -0.0338442735374,
        "median": -0.0921311080456,
        "min": -2.68495941162,
        "var": 0.635639309883
    },
    "erbbands_spread": {
        "dmean": 8.13053035736,
        "dmean2": 11.9718208313,
        "dvar": 76.2021789551,
        "dvar2": 148.035812378,
        "max": 133.635040283,
        "mean": 34.3985099792,
        "median": 30.6713104248,
        "min": 2.55040454865,
        "var": 336.01159668
    },
    "hfc": {
        "dmean": 11.012512207,
        "dmean2": 16.2308959961,
        "dvar": 271.5050354,
        "dvar2": 655.026184082,
        "max": 141.133071899,
        "mean": 25.9346923828,
        "median": 19.9831256866,
        "min": 1.1498886511e-16,
        "var": 520.094116211
    },
    "melbands_crest": {
        "dmean": 3.80614709854,
        "dmean2": 5.76543569565,
        "dvar": 10.2821092606,
        "dvar2": 23.2753124237,
        "max": 33.050201416,
        "mean": 13.9777040482,
        "median": 13.0496788025,
        "min": 1.74430513382,
        "var": 38.1588973999
    },
    "melbands_flatness_db": {
        "dmean": 0.0316707417369,
        "dmean2": 0.0437408722937,
        "dvar": 0.000818884174805,
        "dvar2": 0.00155653594993,
        "max": 0.434315145016,
        "mean": 0.152752578259,
        "median": 0.146190837026,
        "min": 0.00583933852613,
        "var": 0.00446040416136
    },
    "melbands_kurtosis": {
        "dmean": 8.16610145569,
        "dmean2": 12.288974762,
        "dvar": 436.914672852,
        "dvar2": 901.638305664,
        "max": 502.309082031,
        "mean": 11.6871557236,
        "median": 3.07946300507,
        "min": -1.6762856245,
        "var": 920.333129883
    },
    "melbands_skewness": {
        "dmean": 0.862521111965,
        "dmean2": 1.22722434998,
        "dvar": 1.07023441792,
        "dvar2": 1.99890398979,
        "max": 18.0362033844,
        "mean": 2.27150273323,
        "median": 1.66216170788,
        "min": -1.20109677315,
        "var": 4.77714776993
    },
    "melbands_spread": {
        "dmean": 12.1575708389,
        "dmean2": 18.0529670715,
        "dvar": 202.324676514,
        "dvar2": 430.02444458,
        "max": 220.158432007,
        "mean": 38.3602142334,
        "median": 32.1805953979,
        "min": 0.835316956043,
        "var": 722.50793457
    },
    "pitch_salience": {
        "dmean": 0.0897170007229,
        "dmean2": 0.134954914451,
        "dvar": 0.00719240540639,
        "dvar2": 0.0152904642746,
        "max": 0.983091771603,
        "mean": 0.539059698582,
        "median": 0.555583834648,
        "min": 0.0457507185638,
        "var": 0.0240492895246
    },
    "silence_rate_20dB": {
        "dmean": 0,
        "dmean2": 0,
        "dvar": 0,
        "dvar2": 0,
        "max": 1,
        "mean": 1,
        "median": 1,
        "min": 1,
        "var": 0
    },
    "silence_rate_30dB": {
        "dmean": 0,
        "dmean2": 0,
        "dvar": 0,
        "dvar2": 0,
        "max": 1,
        "mean": 1,
        "median": 1,
        "min": 1,
        "var": 0
    },
    "silence_rate_60dB": {
        "dmean": 0.0222414433956,
        "dmean2": 0.0444883853197,
        "dvar": 0.0217454768717,
        "dvar2": 0.0504217110574,
        "max": 1,
        "mean": 0.0905609056354,
        "median": 0,
        "min": 0,
        "var": 0.0823605060577
    },
    "spectral_centroid": {
        "dmean": 302.853790283,
        "dmean2": 452.641387939,
        "dvar": 106750.984375,
        "dvar2": 214208.34375,
        "max": 11298.9765625,
        "mean": 1996.22973633,
        "median": 1937.02539062,
        "min": 201.377243042,
        "var": 464406.78125
    },
    "spectral_complexity": {
        "dmean": 6.06178188324,
        "dmean2": 8.66880893707,
        "dvar": 49.7205467224,
        "dvar2": 94.1235733032,
        "max": 61,
        "mean": 23.0722751617,
        "median": 22,
        "min": 0,
        "var": 174.182998657
    },
    "spectral_decrease": {
        "dmean": 1.95932958746e-09,
        "dmean2": 2.9589448669e-09,
        "dvar": 6.12121635582e-18,
        "dvar2": 1.20014352945e-17,
        "max": 3.05469308286e-22,
        "mean": -5.57894974662e-09,
        "median": -4.37114522356e-09,
        "min": -2.7782434131e-08,
        "var": 2.15259824695e-17
    },
    "spectral_energy": {
        "dmean": 0.00802061893046,
        "dmean2": 0.0123198591173,
        "dvar": 0.000100698285678,
        "dvar2": 0.000200069291168,
        "max": 0.108910858631,
        "mean": 0.0234085768461,
        "median": 0.0187327638268,
        "min": 1.05242011621e-20,
        "var": 0.000349621142959
    },
    "spectral_energyband_high": {
        "dmean": 0.000973815505859,
        "dmean2": 0.00149646168575,
        "dvar": 3.08388575831e-06,
        "dvar2": 7.6255064414e-06,
        "max": 0.0171636063606,
        "mean": 0.00142780167516,
        "median": 0.000667535350658,
        "min": 7.75489013631e-21,
        "var": 3.88869693779e-06
    },
    "spectral_energyband_low": {
        "dmean": 0.00527902552858,
        "dmean2": 0.00778671633452,
        "dvar": 8.14028608147e-05,
        "dvar2": 0.000152185108163,
        "max": 0.0846872553229,
        "mean": 0.00911793299019,
        "median": 0.00427005439997,
        "min": 3.29917691771e-23,
        "var": 0.000179436407052
    },
    "spectral_energyband_middle_high": {
        "dmean": 0.0028132700827,
        "dmean2": 0.0041642030701,
        "dvar": 1.42509152283e-05,
        "dvar2": 3.1759369449e-05,
        "max": 0.0650263503194,
        "mean": 0.00726677197963,
        "median": 0.00514266546816,
        "min": 1.35571297619e-21,
        "var": 4.95211315865e-05
    },
    "spectral_energyband_middle_low": {
        "dmean": 0.00355322030373,
        "dmean2": 0.00559652037919,
        "dvar": 3.18941347359e-05,
        "dvar2": 7.37884547561e-05,
        "max": 0.0629584267735,
        "mean": 0.00639323657379,
        "median": 0.00339431175962,
        "min": 2.39051915366e-22,
        "var": 5.85694579058e-05
    },
    "spectral_entropy": {
        "dmean": 0.13007029891,
        "dmean2": 0.183221995831,
        "dvar": 0.015985250473,
        "dvar2": 0.0316009558737,
        "max": 9.81847000122,
        "mean": 7.87370967865,
        "median": 7.90977334976,
        "min": 6.13602781296,
        "var": 0.115363061428
    },
    "spectral_flux": {
        "dmean": 0.024348154664,
        "dmean2": 0.0369190424681,
        "dvar": 0.00074146699626,
        "dvar2": 0.00139104225673,
        "max": 0.319513469934,
        "mean": 0.0892927497625,
        "median": 0.0776434093714,
        "min": 6.97756089019e-11,
        "var": 0.00257732323371
    },
    "spectral_kurtosis": {
        "dmean": 1.33410274982,
        "dmean2": 2.18352985382,
        "dvar": 2.53191304207,
        "dvar2": 7.50732040405,
        "max": 30.4544563293,
        "mean": 3.16426634789,
        "median": 2.71462845802,
        "min": -1.25022494793,
        "var": 5.59641456604
    },
    "spectral_rms": {
        "dmean": 0.000804795126896,
        "dmean2": 0.00122851820197,
        "dvar": 8.05903141554e-07,
        "dvar2": 1.56737439738e-06,
        "max": 0.010307982564,
        "mean": 0.00436968915164,
        "median": 0.00427502859384,
        "min": 3.20429598653e-12,
        "var": 3.74362298317e-06
    },
    "spectral_rolloff": {
        "dmean": 805.822631836,
        "dmean2": 1241.06347656,
        "dvar": 1198295,
        "dvar2": 2350213.25,
        "max": 18992.2851562,
        "mean": 2438.91870117,
        "median": 1959.52148438,
        "min": 64.599609375,
        "var": 3612104
    },
    "spectral_skewness": {
        "dmean": 0.207349970937,
        "dmean2": 0.324046671391,
        "dvar": 0.0393237136304,
        "dvar2": 0.102236293256,
        "max": 3.94289326668,
        "mean": 1.2800129652,
        "median": 1.2737019062,
        "min": -0.21984256804,
        "var": 0.124709241092
    },
    "spectral_spread": {
        "dmean": 512723.34375,
        "dmean2": 708028.625,
        "dvar": 478970544128,
        "dvar2": 832587497472,
        "max": 41539064,
        "mean": 4484409.5,
        "median": 4354578,
        "min": 1123489.75,
        "var": 2.53265130291e+12
    },
    "spectral_strongpeak": {
        "dmean": 0.593883097172,
        "dmean2": 0.996657788754,
        "dvar": 0.83962726593,
        "dvar2": 2.10528898239,
        "max": 8.42219543457,
        "mean": 0.954760432243,
        "median": 0.413681685925,
        "min": 0,
        "var": 1.4907412529
    },
    "zerocrossingrate": {
        "dmean": 0.0148568302393,
        "dmean2": 0.0159755833447,
        "dvar": 0.000240628287429,
        "dvar2": 0.000260784581769,
        "max": 0.58056640625,
        "mean": 0.0854174271226,
        "median": 0.07421875,
        "min": 0.00537109375,
        "var": 0.00211164588109
    },
    "barkbands": {
        "dmean": [4.53790125903e-05, 0.00425262795761, 0.00274697807617, 0.00138806237374, 0.00107632228173, 0.000450524705229, 0.000463539152406, 0.000728492974304, 0.00106307480019, 0.000547042058315, 0.000419436517404, 0.00062075216556, 0.000438868126366, 0.000503501214553, 0.000560439482797, 0.000463026866782, 0.000303473178064, 0.000323143147398, 0.00034629626316, 0.000254624261288, 0.000297493330436, 0.0002316012542, 0.000150589694385, 0.00015897549747, 8.50285287015e-05, 1.52016937136e-05, 1.05450237431e-09],
        "dmean2": [7.522458327e-05, 0.00679053552449, 0.00444690138102, 0.00240152981132, 0.00188884721138, 0.000736630172469, 0.000746366742533, 0.00116291188169, 0.00169955170713, 0.000870741321705, 0.000645688967779, 0.000990810920484, 0.000705331680365, 0.000801525136922, 0.000911645358428, 0.000735769572202, 0.000473875348689, 0.000511257385369, 0.000532084028237, 0.000419553631218, 0.000485638040118, 0.000368745444575, 0.000235590123339, 0.000239160232013, 0.000121274810226, 2.23317238124e-05, 1.94160154621e-09],
        "dvar": [5.40522249182e-09, 6.62300371914e-05, 4.39365103375e-05, 1.32118457259e-05, 8.20196328277e-06, 6.87036617819e-07, 9.35773300625e-07, 3.39051507581e-06, 7.13164672561e-06, 1.81518555564e-06, 8.05024626516e-07, 2.04378943636e-06, 9.10051255687e-07, 9.9830617728e-07, 9.86952045423e-07, 6.44716749321e-07, 2.13184563336e-07, 2.41801842549e-07, 3.37293016628e-07, 2.82162631038e-07, 3.4429609741e-07, 2.23541107403e-07, 7.50149808937e-08, 8.31411597346e-08, 2.48832243699e-08, 1.3302169366e-09, 1.47723952208e-17],
        "dvar2": [1.43456571067e-08, 0.000160810493981, 0.000110115834104, 3.64823608834e-05, 2.29208508244e-05, 1.69561189978e-06, 2.28653516388e-06, 8.31864053907e-06, 1.83613101399e-05, 4.18428089688e-06, 1.6846405515e-06, 5.04967192683e-06, 2.14393776332e-06, 2.26822407967e-06, 2.5122774332e-06, 1.58863247179e-06, 5.200199098e-07, 5.79293555347e-07, 7.59868100886e-07, 7.54481618515e-07, 8.97540530787e-07, 5.64858453345e-07, 1.86880612318e-07, 1.92945336153e-07, 5.00157426586e-08, 2.76228107055e-09, 4.30343923141e-17],
        "max": [0.000735442212317, 0.0709211155772, 0.0578403845429, 0.0382373780012, 0.0284539163113, 0.0178059246391, 0.0189489871264, 0.0287762731314, 0.0560081899166, 0.0331500098109, 0.0204463321716, 0.0407314747572, 0.0227763336152, 0.0195782463998, 0.0183729622513, 0.0126451114193, 0.00873630773276, 0.00651668664068, 0.00816204771399, 0.0066337059252, 0.00580709567294, 0.00582852074876, 0.00402931356803, 0.0041512362659, 0.00313817593269, 0.000778007844929, 2.14130963627e-07],
        "mean": [5.60720181966e-05, 0.00562422070652, 0.0027810218744, 0.00118893804029, 0.000983184552751, 0.000619198195636, 0.000670908659231, 0.00104698946234, 0.00161951337941, 0.000938846089412, 0.00070389569737, 0.000977820716798, 0.000691199966241, 0.000777536886744, 0.000846805225592, 0.000707844330464, 0.000534336897545, 0.000522766495124, 0.000527061230969, 0.000335906108376, 0.000353232433554, 0.000278829276795, 0.000208336176001, 0.000239443179453, 0.0001504594984, 2.42529858951e-05, 8.36309188568e-10],
        "median": [1.76292051037e-05, 0.00203496776521, 0.000741165014915, 0.000207065197174, 0.000253301521298, 0.000223834111239, 0.000182306393981, 0.000216265791096, 0.000400845980039, 0.000210987709579, 0.000208405603189, 0.000291954609565, 0.000254623068031, 0.000300971471006, 0.000345906766597, 0.000298644008581, 0.000242825190071, 0.000268207833869, 0.000236805906752, 0.00017014000332, 0.000163773875101, 0.000106125997263, 8.29433847684e-05, 8.49944408401e-05, 5.00701207784e-05, 4.58908471046e-06, 2.72824735026e-10],
        "min": [3.30199050846e-24, 1.53389285632e-23, 4.92362248626e-24, 1.02941315199e-23, 1.96730834155e-23, 1.69029620592e-23, 1.26519925894e-23, 1.18828129749e-23, 3.43256603927e-23, 2.25634208629e-23, 3.54016445793e-23, 5.84325680804e-23, 6.93837181824e-23, 4.61510072172e-23, 7.45659663499e-23, 1.45895444665e-22, 1.24561275774e-22, 1.98330360081e-22, 1.57240135384e-22, 2.70912076197e-22, 3.4684588318e-22, 5.27854069473e-22, 4.92258948868e-22, 6.80653069422e-22, 9.56761202008e-22, 1.3645581138e-21, 2.22364889465e-21],
        "var": [7.94701549012e-09, 8.94297045306e-05, 4.06049548474e-05, 9.43252325669e-06, 5.88124112255e-06, 1.21021719224e-06, 1.89703052911e-06, 6.16305942458e-06, 1.31871192934e-05, 5.07853701492e-06, 2.2223086944e-06, 3.98048814532e-06, 1.85517581031e-06, 1.95856728169e-06, 1.75946729541e-06, 1.18023888263e-06, 5.21798085629e-07, 4.07546053793e-07, 5.41159977274e-07, 2.57891429101e-07, 3.1175437698e-07, 2.22355708956e-07, 9.83546186717e-08, 1.49469570943e-07, 6.9938757008e-08, 3.30792881975e-09, 8.81448458384e-18]
    },
    "erbbands": {
        "dmean": [0.0659571513534, 1.12991952896, 2.9430065155, 3.75305175781, 3.82663965225, 3.44656872749, 3.51661276817, 3.77621173859, 5.37210512161, 8.78931903839, 19.7065467834, 23.3779907227, 16.8925056458, 16.7924900055, 16.3076248169, 22.3556728363, 19.7935333252, 21.6859893799, 25.476474762, 24.7090587616, 22.7006435394, 18.0743808746, 17.0297527313, 18.4289913177, 15.801156044, 11.4956464767, 11.9187116623, 11.0583200455, 9.24978065491, 5.80197381973, 4.08964824677, 3.46830248833, 2.55805563927, 1.18027579784, 0.543289899826, 0.142071217299, 0.00446935556829, 0.000144992663991, 1.65719611687e-05, 1.1530853044e-05],
        "dmean2": [0.106096901, 1.77170729637, 4.38606119156, 6.02870130539, 6.45696210861, 6.05836200714, 5.94471359253, 6.11114311218, 8.61673355103, 14.189286232, 31.5312290192, 37.4458808899, 26.7808036804, 26.1898784637, 25.8029098511, 35.564250946, 31.2489795685, 34.49949646, 41.1145210266, 38.8186378479, 36.259185791, 28.1133289337, 26.7754459381, 28.6782836914, 24.9434909821, 18.7591018677, 19.7047958374, 17.757724762, 14.9396839142, 9.06844806671, 6.40389537811, 5.37132263184, 3.87486314774, 1.72978055477, 0.771942555904, 0.202553793788, 0.00644093798473, 0.000203012023121, 2.37549211306e-05, 1.8037713744e-05],
        "dvar": [0.0118888439611, 4.84149932861, 41.4065818787, 81.5966491699, 95.1178131104, 80.8360061646, 52.9456253052, 47.7481613159, 117.433181763, 475.029266357, 2489.68286133, 3833.49438477, 1927.99316406, 1529.24804688, 1118.11499023, 2999.69335938, 1895.50744629, 2121.03369141, 2173.4609375, 1586.92932129, 1496.98730469, 776.568481445, 686.10760498, 927.123962402, 758.061767578, 525.397521973, 602.786132812, 437.377075195, 395.17388916, 114.146095276, 57.3996620178, 43.6437835693, 21.1721343994, 4.50942754745, 1.23981332779, 0.105870850384, 0.00012096210412, 9.77970984195e-08, 7.67776453525e-10, 2.14963963296e-10],
        "dvar2": [0.0310142245144, 11.2398347855, 94.32421875, 204.503875732, 249.842529297, 225.27130127, 137.346572876, 112.516822815, 281.410308838, 1153.54455566, 6219.52783203, 9870.35546875, 4716.16015625, 3607.58911133, 2481.51733398, 7596.34814453, 4425.99023438, 4844.34863281, 5456.09082031, 3831.12646484, 3718.21899414, 1891.8782959, 1621.85754395, 2103.6940918, 1858.25354004, 1389.70654297, 1605.22753906, 1112.12194824, 1017.03955078, 280.364074707, 143.492126465, 105.214317322, 49.0066833496, 9.71781158447, 2.46671819687, 0.207701146603, 0.000248653377639, 1.86771373478e-07, 1.48318857196e-09, 4.52072018708e-10],
        "max": [0.924641609192, 19.5317802429, 57.8663101196, 88.902961731, 93.4842224121, 156.707366943, 209.867584229, 139.478393555, 222.233474731, 480.000518799, 820.726074219, 1319.68041992, 1407.0333252, 911.59765625, 657.358520508, 1841.67944336, 1127.62780762, 998.256225586, 1153.82189941, 665.40423584, 564.153320312, 609.560668945, 364.347839355, 471.544006348, 322.372528076, 284.765167236, 281.464569092, 185.59475708, 264.864196777, 123.322593689, 99.6203460693, 112.971916199, 70.8571548462, 37.3014411926, 19.4758605957, 7.81272983551, 0.229705512524, 0.00690404511988, 0.000603522639722, 0.000147553757415],
        "mean": [0.101467162371, 1.44672942162, 3.5321893692, 3.67954850197, 3.5389547348, 3.11837768555, 4.15931034088, 5.33367729187, 8.00766468048, 13.5622606277, 30.3262691498, 36.0624542236, 29.4875450134, 30.8666667938, 28.9922275543, 36.8897514343, 34.0319709778, 36.4178390503, 41.0393218994, 41.6125602722, 36.8787155151, 32.6893692017, 28.8385810852, 29.1715335846, 23.2321891785, 15.4901990891, 14.3741893768, 13.3494844437, 10.547999382, 7.66660785675, 5.66757011414, 4.94160509109, 3.95337247849, 1.95803117752, 0.956537902355, 0.25879701972, 0.00786023773253, 0.000280252628727, 4.00702047045e-05, 3.40988444805e-05],
        "median": [0.0318410694599, 0.508356809616, 1.08277654648, 0.867157459259, 0.691127300262, 0.804258584976, 1.34209394455, 1.9687731266, 2.45378088951, 3.87775754929, 6.74241828918, 9.39816665649, 8.17065048218, 8.51362037659, 10.5006713867, 12.0002803802, 13.0433635712, 14.6540565491, 19.2066707611, 19.6199493408, 17.5008106232, 15.3577728271, 14.7967176437, 14.3882827759, 10.7590684891, 7.89961242676, 6.79711771011, 5.91293811798, 3.94244360924, 2.93915939331, 2.21683692932, 1.78129005432, 1.40633034706, 0.65272963047, 0.288765221834, 0.0656113624573, 0.00180494319648, 8.68080242071e-05, 2.37105195993e-05, 2.81730135612e-05],
        "min": [3.12591876601e-22, 2.12876727981e-21, 6.47605921578e-21, 2.09975161762e-20, 4.118042747e-20, 6.85319654488e-20, 2.30885315063e-19, 1.10958834548e-19, 1.69606663762e-19, 2.09053976596e-19, 3.75630781171e-19, 7.47926783703e-19, 7.90493756519e-19, 1.62750132645e-18, 9.77459270724e-19, 3.05616187532e-18, 3.35708790742e-18, 2.79376322782e-18, 4.09086514636e-18, 4.52151563918e-18, 9.1979448363e-18, 6.85071024675e-18, 8.42423483291e-18, 1.08758658196e-17, 8.6271794603e-18, 1.33070993596e-17, 1.15122911383e-17, 1.67874038843e-17, 1.91345057113e-17, 1.74153464658e-17, 1.23668621825e-17, 1.32943698772e-17, 1.17562010583e-17, 9.07052262602e-18, 7.7981062585e-18, 5.35655446756e-18, 2.40182271971e-18, 1.10472452348e-18, 2.97765323281e-19, 3.35073482428e-20],
        "var": [0.0232030600309, 6.47836685181, 49.5682487488, 73.0107955933, 74.4325408936, 61.3278427124, 67.3523254395, 100.568862915, 253.213806152, 932.738586426, 4708.88476562, 6820.91210938, 4555.75195312, 3920.02685547, 2921.32958984, 5470.31103516, 4128.76464844, 4447.17675781, 3706.06005859, 3272.81738281, 2765.23828125, 1928.75915527, 1233.33703613, 1478.60681152, 1021.51202393, 505.092041016, 523.653625488, 428.465637207, 361.039855957, 138.35710144, 74.8135147095, 67.7848434448, 39.8403930664, 11.3113985062, 3.25749230385, 0.305628478527, 0.00031656055944, 3.00199985759e-07, 2.43395459343e-09, 6.50817622017e-10]
    },
    "gfcc": {
        "mean": [-4.79024744034, 72.6940002441, -152.263977051, 46.44323349, -65.5172576904, 32.3940696716, -38.0897750854, 18.9455337524, -18.0313282013, 0.668106079102, -10.3677768707, -9.21555519104, -3.31257629395],
        "cov": [[6090.15625, -201.852005005, 1250.80236816, 950.441101074, 260.273284912, 555.139099121, -370.775665283, 298.436889648, -323.685089111, 350.762878418, -212.07862854, 26.1277885437, -179.832061768], [-201.852005005, 986.853942871, -123.993209839, -128.748977661, 108.113044739, -102.910751343, 249.999237061, -63.4233169556, 149.927810669, -96.3810501099, 120.18019104, -58.1688423157, 59.5659561157], [1250.80236816, -123.993209839, 1642.75708008, 885.930969238, 556.028076172, 576.504150391, -74.4004821777, 381.284057617, -199.060058594, 257.469512939, -149.445556641, 101.641899109, -166.6434021], [950.441101074, -128.748977661, 885.930969238, 800.661071777, 387.073486328, 344.485198975, -79.2862472534, 156.567382812, -114.345703125, 102.614318848, -74.4264602661, 8.62703800201, -76.2019042969], [260.273284912, 108.113044739, 556.028076172, 387.073486328, 494.962585449, 289.813415527, 62.5099525452, 189.475708008, -50.01795578, 92.8737716675, -37.1430473328, 46.274887085, -57.4941253662], [555.139099121, -102.910751343, 576.504150391, 344.485198975, 289.813415527, 408.217407227, 60.9510650635, 198.01751709, -53.2999267578, 119.012641907, -39.4588317871, 35.6042022705, -57.7263336182], [-370.775665283, 249.999237061, -74.4004821777, -79.2862472534, 62.5099525452, 60.9510650635, 253.029296875, 42.2504386902, 82.0308990479, -35.9341430664, 44.6171417236, -11.9497499466, 21.5322723389], [298.436889648, -63.4233169556, 381.284057617, 156.567382812, 189.475708008, 198.01751709, 42.2504386902, 257.04208374, -3.48316049576, 101.873374939, -33.9715461731, 53.823551178, -50.476348877], [-323.685089111, 149.927810669, -199.060058594, -114.345703125, -50.01795578, -53.2999267578, 82.0308990479, -3.48316049576, 185.160705566, -5.56507492065, 60.9927940369, -27.08644104, 32.7890701294], [350.762878418, -96.3810501099, 257.469512939, 102.614318848, 92.8737716675, 119.012641907, -35.9341430664, 101.873374939, -5.56507492065, 184.93321228, 8.6293964386, 62.0347137451, -23.3135719299], [-212.07862854, 120.18019104, -149.445556641, -74.4264602661, -37.1430473328, -39.4588317871, 44.6171417236, -33.9715461731, 60.9927940369, 8.6293964386, 110.79246521, 17.1907596588, 47.0766334534], [26.1277885437, -58.1688423157, 101.641899109, 8.62703800201, 46.274887085, 35.6042022705, -11.9497499466, 53.823551178, -27.08644104, 62.0347137451, 17.1907596588, 95.6704788208, 10.528755188], [-179.832061768, 59.5659561157, -166.6434021, -76.2019042969, -57.4941253662, -57.7263336182, 21.5322723389, -50.476348877, 32.7890701294, -23.3135719299, 47.0766334534, 10.528755188, 89.6480636597]],
        "icov": [[0.000347472494468, -0.000554634490982, 0.000435961410403, -0.000623692991212, 0.000715190777555, -0.000708675594069, 0.000639572623186, -0.000444391102064, 0.000514571147505, -0.000681777251884, 0.000733707216568, -0.000158768816618, 0.000212152532185], [-0.000554634490982, 0.00349718681537, -0.00220498000272, 0.00219595758244, -0.00299524399452, 0.00314969662577, -0.00288591813296, 0.00167214043904, -0.00152255350258, 0.00182539457455, -0.00374378473498, 0.00259154173546, -0.00123337283731], [0.000435961410403, -0.00220498000272, 0.00439340109006, -0.00369569403119, 0.00206331163645, -0.00295601552352, 0.00162399350666, -0.00228414474986, 0.00181345257442, -0.00241899536923, 0.00365771306679, -0.00302712200209, 0.00225103483535], [-0.000623692991212, 0.00219595758244, -0.00369569403119, 0.00632221158594, -0.00393451238051, 0.00108268857002, -2.28371800404e-06, 0.00217905314639, -0.00137901597191, 0.00256826472469, -0.00372674316168, 0.0039855199866, -0.00214352225885], [0.000715190777555, -0.00299524399452, 0.00206331163645, -0.00393451238051, 0.00754229584709, -0.00383058120497, 0.00105541828088, -0.00261342013255, 0.00177315925248, -0.00196291971952, 0.00360648497008, -0.00355945993215, 0.00192655751016], [-0.000708675594069, 0.00314969662577, -0.00295601552352, 0.00108268857002, -0.00383058120497, 0.0103748720139, -0.0052837440744, -0.000356568576535, -8.17458130769e-05, -0.000335413176799, -0.00348282116465, 0.00366421276703, -0.00145540328231], [0.000639572623186, -0.00288591813296, 0.00162399350666, -2.28371800404e-06, 0.00105541828088, -0.0052837440744, 0.00995027646422, -0.00250341882929, -0.000809131190181, 0.00145104562398, 0.000653132854495, -0.000848167517688, 0.000122347089928], [-0.000444391102064, 0.00167214043904, -0.00228414474986, 0.00217905314639, -0.00261342013255, -0.000356568576535, -0.00250341882929, 0.010395870544, -0.00362537265755, -5.81803360546e-05, 0.000734208617359, -0.00267007644288, 0.00139174005017], [0.000514571147505, -0.00152255350258, 0.00181345257442, -0.00137901597191, 0.00177315925248, -8.17458130769e-05, -0.000809131190181, -0.00362537265755, 0.0106258168817, -0.00355541193858, -0.00191956025083, 0.00398855563253, -0.000791192462202], [-0.000681777251884, 0.00182539457455, -0.00241899536923, 0.00256826472469, -0.00196291971952, -0.000335413176799, 0.00145104562398, -5.81803360546e-05, -0.00355541193858, 0.0124701904133, -0.00505323521793, -0.00335437711328, 0.000840740452986], [0.000733707216568, -0.00374378473498, 0.00365771306679, -0.00372674316168, 0.00360648497008, -0.00348282116465, 0.000653132854495, 0.000734208617359, -0.00191956025083, -0.00505323521793, 0.0205776691437, -0.00748223299161, -0.00262163137086], [-0.000158768816618, 0.00259154173546, -0.00302712200209, 0.0039855199866, -0.00355945993215, 0.00366421276703, -0.000848167517688, -0.00267007644288, 0.00398855563253, -0.00335437711328, -0.00748223299161, 0.0220459420234, -0.00649390323088], [0.000212152532185, -0.00123337283731, 0.00225103483535, -0.00214352225885, 0.00192655751016, -0.00145540328231, 0.000122347089928, 0.00139174005017, -0.000791192462202, 0.000840740452986, -0.00262163137086, -0.00649390323088, 0.0184621736407]]
    },
    "melbands": {
        "dmean": [0.000913366384339, 0.00136988307349, 0.000622238731012, 0.000255643768469, 0.00012506825442, 8.44193855301e-05, 8.51629738463e-05, 0.000104481587186, 0.000178424525075, 0.000142621604027, 8.56331607793e-05, 7.04972117092e-05, 5.47197669221e-05, 6.37191114947e-05, 6.36330878478e-05, 4.24060926889e-05, 4.2714720621e-05, 4.21310141974e-05, 4.94245141454e-05, 3.31705159624e-05, 2.44920174737e-05, 2.07950633921e-05, 1.49329325723e-05, 1.68710867001e-05, 1.57082122314e-05, 1.31558217618e-05, 1.01311170511e-05, 7.49289165469e-06, 7.96574204287e-06, 7.66678022046e-06, 5.64948504689e-06, 5.58031024411e-06, 4.15677868659e-06, 3.05006892631e-06, 2.42065493694e-06, 2.41013185587e-06, 2.02026558327e-06, 1.88401190826e-06, 1.55168152105e-06, 8.77608101746e-07],
        "dmean2": [0.00147335079964, 0.0020294629503, 0.000960845965892, 0.000441577343736, 0.000212586062844, 0.000136587521411, 0.000136810500408, 0.000167206744663, 0.000287763803499, 0.000227776108659, 0.000135920054163, 0.000110648332338, 8.49985153764e-05, 0.000103022255644, 0.0001002845529, 6.86928760842e-05, 6.84655387886e-05, 6.84072292643e-05, 8.02249996923e-05, 5.24735623912e-05, 3.94141934521e-05, 3.28910718963e-05, 2.33321534324e-05, 2.69243482762e-05, 2.47041953116e-05, 2.05865489988e-05, 1.68793885678e-05, 1.23129466374e-05, 1.33394778459e-05, 1.26778686536e-05, 9.01539442566e-06, 9.08549736778e-06, 6.68846541885e-06, 4.79425625599e-06, 3.85766225008e-06, 3.80834512725e-06, 3.14824410452e-06, 2.89810236609e-06, 2.35282345784e-06, 1.3072733509e-06],
        "dvar": [2.72213355856e-06, 7.31441468815e-06, 1.96984365175e-06, 4.70870077152e-07, 6.78553888633e-08, 2.29885817049e-08, 2.86275234629e-08, 6.47704112566e-08, 2.1083582169e-07, 1.34747423886e-07, 4.91505645073e-08, 2.80169647482e-08, 1.32887008064e-08, 2.83599366213e-08, 2.25139302756e-08, 8.43450287391e-09, 8.36635738466e-09, 7.28599580668e-09, 8.37926172892e-09, 3.68680219687e-09, 1.80174053455e-09, 1.12302422917e-09, 5.68013580615e-10, 7.33913541051e-10, 7.16996684247e-10, 4.89353557676e-10, 4.44564884905e-10, 2.12692155555e-10, 2.77313172425e-10, 2.44290809803e-10, 1.05602075695e-10, 1.428210189e-10, 7.67083480069e-11, 2.98553820555e-11, 2.03686668226e-11, 2.16545809062e-11, 1.46588071542e-11, 1.1863473745e-11, 8.14899883683e-12, 2.75599595229e-12],
        "dvar2": [6.97505493008e-06, 1.36531043609e-05, 4.61426225229e-06, 1.28870988192e-06, 1.79243045295e-07, 5.50820864476e-08, 6.9914300127e-08, 1.57528816658e-07, 5.34533796781e-07, 3.40925083719e-07, 1.18815059125e-07, 6.58718875002e-08, 2.7421053872e-08, 7.10464362896e-08, 5.19734051352e-08, 2.05359853567e-08, 1.90796392019e-08, 1.82328108167e-08, 2.14858228986e-08, 9.11293263073e-09, 4.50071313551e-09, 2.80762257887e-09, 1.3446980196e-09, 1.78832415543e-09, 1.64903213307e-09, 1.13869713658e-09, 1.19626375472e-09, 5.58458224109e-10, 7.41967043361e-10, 6.44471864764e-10, 2.62906224568e-10, 3.70023289786e-10, 1.95618493626e-10, 7.3426403846e-11, 5.18042726771e-11, 5.35008357061e-11, 3.52370528589e-11, 2.8126771745e-11, 1.85590709467e-11, 6.05270044154e-12],
        "max": [0.0131680835038, 0.024388872087, 0.0144920814782, 0.00771593954414, 0.00644108047709, 0.00283315056004, 0.00311665935442, 0.00493793049827, 0.0092179486528, 0.00760016590357, 0.0068457541056, 0.00404837122187, 0.00295154214837, 0.00544158509001, 0.00315005122684, 0.00199247524142, 0.00215879571624, 0.00195571454242, 0.00151521235239, 0.00117535609752, 0.000654115632642, 0.000785099691711, 0.00035644415766, 0.000346870860085, 0.000446972408099, 0.000302574393572, 0.000229601864703, 0.000192244770005, 0.000186922610737, 0.000167670252267, 9.15803393582e-05, 0.000169188322616, 0.000102802128822, 7.20042007742e-05, 5.53987229068e-05, 9.29828674998e-05, 7.20304451534e-05, 4.88635560032e-05, 5.35443869012e-05, 3.31678020302e-05],
        "mean": [0.00125607755035, 0.00197780341841, 0.000657745928038, 0.000230635268963, 0.000145108744618, 0.000121098564705, 0.00012623690418, 0.000159438932315, 0.00027300149668, 0.000218688801397, 0.000145598605741, 0.000126189275761, 9.63977072388e-05, 9.75186776486e-05, 0.000101269753941, 6.6236629209e-05, 6.75237824908e-05, 6.21028520982e-05, 7.24570927559e-05, 5.08499906573e-05, 3.78816839657e-05, 3.47878267348e-05, 2.56114872172e-05, 2.59258213191e-05, 2.33407554333e-05, 1.92512779904e-05, 1.27385164888e-05, 9.72793714027e-06, 9.2754189609e-06, 8.68523511599e-06, 6.963524811e-06, 6.20853870714e-06, 4.86915678266e-06, 4.02987780035e-06, 3.20259755426e-06, 3.29940962729e-06, 2.82906148641e-06, 2.81279881165e-06, 2.37374501921e-06, 1.41546001942e-06],
        "median": [0.000459225528175, 0.000719901523553, 0.000159645278472, 5.26188850927e-05, 4.7356064897e-05, 4.41652991867e-05, 3.83157021133e-05, 4.04055681429e-05, 5.48521638848e-05, 5.52486490051e-05, 3.63268409274e-05, 3.20594190271e-05, 3.1564712117e-05, 3.08201852022e-05, 2.8041728001e-05, 2.27577074838e-05, 2.57169958786e-05, 2.6352932764e-05, 2.72281868092e-05, 2.05396481761e-05, 1.71846804733e-05, 1.50356900122e-05, 1.14553868116e-05, 1.29803029267e-05, 1.07539763121e-05, 8.45718386699e-06, 5.93287768424e-06, 4.52583208244e-06, 4.14383976022e-06, 3.68256905858e-06, 3.08125481752e-06, 2.25938401854e-06, 1.73968123818e-06, 1.54075894443e-06, 1.24933444567e-06, 1.18940602079e-06, 9.57010342972e-07, 9.83631707641e-07, 8.13949782241e-07, 4.34469200172e-07],
        "min": [3.54843913551e-24, 2.72932265356e-24, 5.95624851094e-24, 4.0770276124e-24, 6.78127080006e-24, 2.46528873921e-24, 2.80323063734e-24, 2.54835993405e-24, 2.47521970915e-24, 5.1433427309e-24, 3.55074615923e-24, 6.08245521172e-24, 3.22739404633e-24, 5.30391379043e-24, 6.20280107041e-24, 6.54405519826e-24, 3.94698389217e-24, 6.50434788459e-24, 5.55356184009e-24, 6.87781317536e-24, 1.13320855111e-23, 6.34264757067e-24, 7.02495072254e-24, 9.3699730808e-24, 8.72656944903e-24, 5.62216039555e-24, 7.00882246133e-24, 8.7782666596e-24, 5.7555693964e-24, 6.19373548089e-24, 9.08887985217e-24, 1.10828654185e-23, 9.28407165025e-24, 6.45586252121e-24, 7.26469896227e-24, 5.68219665474e-24, 9.02091238543e-24, 8.93451791681e-24, 6.00729648898e-24, 8.54234833956e-24],
        "var": [3.98039628635e-06, 1.19923388411e-05, 2.00909903469e-06, 3.42831725675e-07, 8.00023371994e-08, 4.77532040577e-08, 5.96046945134e-08, 1.31506070034e-07, 4.05651491064e-07, 2.49189611168e-07, 1.20913128399e-07, 7.24276176811e-08, 3.80912688058e-08, 5.12062641178e-08, 4.55448443404e-08, 1.66142548608e-08, 1.6767852884e-08, 1.10098481443e-08, 1.43321070567e-08, 6.69942901155e-09, 3.15756043534e-09, 2.48314191431e-09, 1.25249088878e-09, 1.0992662336e-09, 1.08475872729e-09, 7.51977702329e-10, 3.99262845008e-10, 2.16869480707e-10, 2.37615233045e-10, 2.11778053427e-10, 1.11482351128e-10, 1.2844439401e-10, 7.45775247113e-11, 3.74123405866e-11, 2.43906179975e-11, 3.04330102785e-11, 2.34388793097e-11, 2.08942533414e-11, 1.5391061689e-11, 6.89223764866e-12]
    },
    "mfcc": {
        "mean": [-627.311584473, 86.1601715088, -18.076581955, 12.7463693619, 3.97381544113, 6.68678236008, 3.13176870346, 8.17530345917, 5.25734615326, 6.83723974228, 3.20522284508, 1.69307947159, -1.52776646614],
        "cov": [[4712.56347656, -354.847167969, 807.56060791, 451.602661133, 491.937347412, 270.439666748, 140.131790161, -82.0813903809, 9.48724746704, 42.1815834045, 46.7151374817, 66.1544113159, -22.4779529572], [-354.847167969, 946.630859375, -222.611938477, -58.9477043152, -150.175704956, -41.6575622559, 38.8710517883, 71.5195083618, 38.4903297424, 19.9831008911, 30.6548213959, 54.884727478, 34.7113113403], [807.56060791, -222.611938477, 1055.40319824, 474.498657227, 559.594421387, 301.778808594, 275.791717529, 130.475189209, 113.668190002, 84.0654907227, 101.722229004, 44.8918304443, 54.9063720703], [451.602661133, -58.9477043152, 474.498657227, 484.287750244, 413.492279053, 195.873077393, 174.348602295, 79.1911392212, 55.8260536194, 41.032623291, 42.6285057068, -8.65295028687, 27.4786453247], [491.937347412, -150.175704956, 559.594421387, 413.492279053, 625.239440918, 263.527648926, 242.085922241, 131.36227417, 94.9201889038, 81.3059692383, 86.8203048706, 21.0934772491, 50.6379203796], [270.439666748, -41.6575622559, 301.778808594, 195.873077393, 263.527648926, 264.838928223, 183.426818848, 76.4348907471, 65.4993057251, 55.2811546326, 51.1097221375, 22.474527359, 26.6035041809], [140.131790161, 38.8710517883, 275.791717529, 174.348602295, 242.085922241, 183.426818848, 279.274993896, 141.741271973, 80.8897476196, 44.3899383545, 56.6954078674, 25.682220459, 33.8770027161], [-82.0813903809, 71.5195083618, 130.475189209, 79.1911392212, 131.36227417, 76.4348907471, 141.741271973, 188.081726074, 92.3077392578, 51.2217063904, 46.3244819641, 22.2203712463, 18.198392868], [9.48724746704, 38.4903297424, 113.668190002, 55.8260536194, 94.9201889038, 65.4993057251, 80.8897476196, 92.3077392578, 119.507461548, 63.7022094727, 48.3299751282, 31.7647094727, 18.242723465], [42.1815834045, 19.9831008911, 84.0654907227, 41.032623291, 81.3059692383, 55.2811546326, 44.3899383545, 51.2217063904, 63.7022094727, 105.633773804, 58.8364448547, 32.8397941589, 13.3018865585], [46.7151374817, 30.6548213959, 101.722229004, 42.6285057068, 86.8203048706, 51.1097221375, 56.6954078674, 46.3244819641, 48.3299751282, 58.8364448547, 94.3728179932, 51.7853126526, 26.6371612549], [66.1544113159, 54.884727478, 44.8918304443, -8.65295028687, 21.0934772491, 22.474527359, 25.682220459, 22.2203712463, 31.7647094727, 32.8397941589, 51.7853126526, 102.602523804, 41.7472877502], [-22.4779529572, 34.7113113403, 54.9063720703, 27.4786453247, 50.6379203796, 26.6035041809, 33.8770027161, 18.198392868, 18.242723465, 13.3018865585, 26.6371612549, 41.7472877502, 75.7222671509]],
