{
"lowlevel": {
    "average_loudness": 0.813128769398,
    "barkbands_crest": {
        "dmean": 2.89481973648,
        "dmean2": 4.61123418808,
        "dvar": 7.79508829117,
        "dvar2": 18.4190139771,
        "max": 25.429485321,
        "mean": 9.88796901703,
        "median": 8.73678398132,
        "min": 2.09923267365,
        "var": 22.1128559113
    },
    "barkbands_flatness_db": {
        "dmean": 0.0184313505888,
        "dmean2": 0.0285698883235,
        "dvar": 0.000292411772534,
        "dvar2": 0.000711173051968,
        "max": 0.323678851128,
        "mean": 0.111289322376,
        "median": 0.0987711846828,
        "min": 0.0127551676705,
        "var": 0.00274279294536
    },
    "barkbands_kurtosis": {
        "dmean": 2.37426280975,
        "dmean2": 3.78124856949,
        "dvar": 22.6882190704,
        "dvar2": 59.8751716614,
        "max": 139.272720337,
        "mean": 2.99318861961,
        "median": 0.563945531845,
        "min": -1.89256286621,
        "var": 59.0854606628
    },
    "barkbands_skewness": {
        "dmean": 0.520170390606,
        "dmean2": 0.783992111683,
        "dvar": 0.319656521082,
        "dvar2": 0.706672549248,
        "max": 10.9069213867,
        "mean": 1.33610594273,
        "median": 1.15494549274,
        "min": -4.46610307693,
        "var": 1.52722704411
    },
    "barkbands_spread": {
        "dmean": 6.7111530304,
        "dmean2": 10.0022506714,
        "dvar": 62.8559074402,
        "dvar2": 136.216003418,
        "max": 102.819236755,
        "mean": 30.1296615601,
        "median": 28.2652549744,
        "min": 1.20620894432,
        "var": 294.952758789
    },
    "dissonance": {
        "dmean": 0.0150792393833,
        "dmean2": 0.0254848692566,
        "dvar": 0.000200803478947,
        "dvar2": 0.000555308186449,
        "max": 0.5,
        "mean": 0.472474455833,
        "median": 0.477066367865,
        "min": 0.302259862423,
        "var": 0.000435034919064
    },
    "dynamic_complexity": 4.09522104263,
    "erbbands_crest": {
        "dmean": 2.20636487007,
        "dmean2": 3.64683532715,
        "dvar": 4.77012109756,
        "dvar2": 12.6613578796,
        "max": 29.1793880463,
        "mean": 7.61531114578,
        "median": 6.53131818771,
        "min": 2.46700739861,
        "var": 14.739616394
    },
    "erbbands_flatness_db": {
        "dmean": 0.0158588048071,
        "dmean2": 0.0233306344599,
        "dvar": 0.000233773578657,
        "dvar2": 0.000493715400808,
        "max": 0.388816535473,
        "mean": 0.150801539421,
        "median": 0.135446742177,
        "min": 0.0511890314519,
        "var": 0.00345789385028
    },
    "erbbands_kurtosis": {
        "dmean": 0.807386755943,
        "dmean2": 1.30631434917,
        "dvar": 2.21539092064,
        "dvar2": 5.46314573288,
        "max": 34.1842155457,
        "mean": 0.219735920429,
        "median": -0.543066501617,
        "min": -1.82846426964,
        "var": 5.90847873688
    },
    "erbbands_skewness": {
        "dmean": 0.352673888206,
        "dmean2": 0.539699494839,
        "dvar": 0.115553677082,
        "dvar2": 0.252794861794,
        "max": 5.55920362473,
        "mean": 0.288387805223,
        "median": 0.248707428575,
        "min": -3.69828414917,
        "var": 0.831649541855
    },
    "erbbands_spread": {
        "dmean": 7.892557621,
        "dmean2": 12.2197036743,
        "dvar": 74.0502090454,
        "dvar2": 171.203170776,
        "max": 116.686302185,
        "mean": 44.3874588013,
        "median": 44.8547515869,
        "min": 3.41305422783,
        "var": 342.424377441
    },
    "hfc": {
        "dmean": 9.343334198,
        "dmean2": 13.3563175201,
        "dvar": 311.374572754,
        "dvar2": 643.198730469,
        "max": 264.720092773,
        "mean": 24.7870616913,
        "median": 15.618938446,
        "min": 1.16649751136e-16,
        "var": 846.541015625
    },
    "melbands_crest": {
        "dmean": 3.68100667,
        "dmean2": 5.65728282928,
        "dvar": 10.2590284348,
        "dvar2": 24.1758422852,
        "max": 30.9822368622,
        "mean": 14.1855134964,
        "median": 13.2235584259,
        "min": 2.27713441849,
        "var": 34.2626647949
    },
    "melbands_flatness_db": {
        "dmean": 0.0242328587919,
        "dmean2": 0.0364984236658,
        "dvar": 0.000600458413828,
        "dvar2": 0.00119986163918,
        "max": 0.371683865786,
        "mean": 0.149320960045,
        "median": 0.142109408975,
        "min": 0.00742431497201,
        "var": 0.00349427224137
    },
    "melbands_kurtosis": {
        "dmean": 6.4673705101,
        "dmean2": 10.2554244995,
        "dvar": 116.32649231,
        "dvar2": 293.571960449,
        "max": 236.695861816,
        "mean": 11.773774147,
        "median": 6.78217601776,
        "min": -1.85491502285,
        "var": 231.636123657
    },
    "melbands_skewness": {
        "dmean": 0.712768375874,
        "dmean2": 1.08669364452,
        "dvar": 0.636290132999,
        "dvar2": 1.41954314709,
        "max": 11.3710927963,
        "mean": 2.59804773331,
        "median": 2.35129880905,
        "min": -3.08623456955,
        "var": 2.04877018929
    },
    "melbands_spread": {
        "dmean": 9.95349693298,
        "dmean2": 14.8450155258,
        "dvar": 192.574661255,
        "dvar2": 383.425689697,
        "max": 193.100189209,
        "mean": 33.3395690918,
        "median": 27.0588722229,
        "min": 1.04090857506,
        "var": 687.493896484
    },
    "pitch_salience": {
        "dmean": 0.0747229754925,
        "dmean2": 0.120106726885,
        "dvar": 0.00551942968741,
        "dvar2": 0.0128973489627,
        "max": 0.895037531853,
        "mean": 0.593042731285,
        "median": 0.613972663879,
        "min": 0.155084133148,
        "var": 0.0160935893655
    },
    "silence_rate_20dB": {
        "dmean": 0,
        "dmean2": 0,
        "dvar": 0,
        "dvar2": 0,
        "max": 1,
        "mean": 1,
        "median": 1,
        "min": 1,
        "var": 0
    },
    "silence_rate_30dB": {
        "dmean": 0.0156171284616,
        "dmean2": 0.0312381908298,
        "dvar": 0.015373439528,
        "dvar2": 0.0426072105765,
        "max": 1,
        "mean": 0.990555346012,
        "median": 1,
        "min": 0,
        "var": 0.00935530662537
    },
    "silence_rate_60dB": {
        "dmean": 0.0304785892367,
        "dmean2": 0.0609648562968,
        "dvar": 0.0295507442206,
        "dvar2": 0.0683336481452,
        "max": 1,
        "mean": 0.189019009471,
        "median": 0,
        "min": 0,
        "var": 0.153303682804
    },
    "spectral_centroid": {
        "dmean": 303.756408691,
        "dmean2": 455.424682617,
        "dvar": 126013.851562,
        "dvar2": 245837.203125,
        "max": 11165.9541016,
        "mean": 1942.78039551,
        "median": 1941.41442871,
        "min": 364.818237305,
        "var": 616965.8125
    },
    "spectral_complexity": {
        "dmean": 3.7657430172,
        "dmean2": 5.57904005051,
        "dvar": 18.9866638184,
        "dvar2": 35.3174133301,
        "max": 60,
        "mean": 19.4227428436,
        "median": 19,
        "min": 0,
        "var": 136.029541016
    },
    "spectral_decrease": {
        "dmean": 2.3001525129e-09,
        "dmean2": 3.45784445521e-09,
        "dvar": 1.88026425039e-17,
        "dvar2": 4.15402890609e-17,
        "max": -1.00377873791e-29,
        "mean": -5.23660004248e-09,
        "median": -2.99569857809e-09,
        "min": -4.27392663482e-08,
        "var": 3.88119165285e-17
    },
    "spectral_energy": {
        "dmean": 0.00932060368359,
        "dmean2": 0.013932146132,
        "dvar": 0.000292718905257,
        "dvar2": 0.000647779146675,
        "max": 0.165806621313,
        "mean": 0.0220124050975,
        "median": 0.0131511874497,
        "min": 1.07473040517e-20,
        "var": 0.000626069610007
    },
    "spectral_energyband_high": {
        "dmean": 0.000996740418486,
        "dmean2": 0.00141321355477,
        "dvar": 4.75387787446e-06,
        "dvar2": 9.23844072531e-06,
        "max": 0.0380679816008,
        "mean": 0.00215950678103,
        "median": 0.000882147869561,
        "min": 7.63073549625e-21,
        "var": 1.21021585073e-05
    },
    "spectral_energyband_low": {
        "dmean": 0.00556968618184,
        "dmean2": 0.00831595808268,
        "dvar": 0.000178851027158,
        "dvar2": 0.000386392697692,
        "max": 0.130319550633,
        "mean": 0.00840705633163,
        "median": 0.000559344945941,
        "min": 1.83875998606e-23,
        "var": 0.000295325386105
    },
    "spectral_energyband_middle_high": {
        "dmean": 0.0012180673657,
        "dmean2": 0.00174662610516,
        "dvar": 3.83980659535e-06,
        "dvar2": 7.92679566075e-06,
        "max": 0.0538222417235,
        "mean": 0.00390476570465,
        "median": 0.00273659010418,
        "min": 1.42296572863e-21,
        "var": 1.64225857588e-05
    },
    "spectral_energyband_middle_low": {
        "dmean": 0.0044155116193,
        "dmean2": 0.00722659984604,
        "dvar": 7.54343200242e-05,
        "dvar2": 0.000199113273993,
        "max": 0.125228926539,
        "mean": 0.00828965287656,
        "median": 0.0043239207007,
        "min": 3.55262637764e-22,
        "var": 0.00011171267397
    },
    "spectral_entropy": {
        "dmean": 0.111926674843,
        "dmean2": 0.172434464097,
        "dvar": 0.012994190678,
        "dvar2": 0.0294535830617,
        "max": 9.81387329102,
        "mean": 7.90700817108,
        "median": 7.95758247375,
        "min": 6.26363182068,
        "var": 0.113361500204
    },
    "spectral_flux": {
        "dmean": 0.024926841259,
        "dmean2": 0.0384681262076,
        "dvar": 0.0016161602689,
        "dvar2": 0.00315237906761,
        "max": 0.360854566097,
        "mean": 0.0763738900423,
        "median": 0.0616302229464,
        "min": 1.03818266484e-10,
        "var": 0.00348308426328
    },
    "spectral_kurtosis": {
        "dmean": 0.811297476292,
        "dmean2": 1.38519716263,
        "dvar": 0.934910774231,
        "dvar2": 2.80038452148,
        "max": 17.8910293579,
        "mean": 2.71469807625,
        "median": 2.18055963516,
        "min": -1.23440623283,
        "var": 3.70883464813
    },
    "spectral_rms": {
        "dmean": 0.000807077798527,
        "dmean2": 0.00118237326387,
        "dvar": 1.41636314765e-06,
        "dvar2": 2.93187576972e-06,
        "max": 0.0127185909078,
        "mean": 0.00397915858775,
        "median": 0.00358195835724,
        "min": 3.23808189463e-12,
        "var": 5.64184210816e-06
    },
    "spectral_rolloff": {
        "dmean": 799.382629395,
        "dmean2": 1253.71911621,
        "dvar": 1393270,
        "dvar2": 2781802.75,
        "max": 19078.4179688,
        "mean": 2566.30664062,
        "median": 1873.38867188,
        "min": 86.1328125,
        "var": 4216842.5
    },
    "spectral_skewness": {
        "dmean": 0.139453023672,
        "dmean2": 0.223476111889,
        "dvar": 0.0178009252995,
        "dvar2": 0.0444711446762,
        "max": 2.91261982918,
        "mean": 1.17677509785,
        "median": 1.1276538372,
        "min": 0.000786337361205,
        "var": 0.144716277719
    },
    "spectral_spread": {
        "dmean": 545970.4375,
        "dmean2": 800958.125,
        "dvar": 686296858624,
        "dvar2": 1.14098936218e+12,
        "max": 40613760,
        "mean": 5139207,
        "median": 5096804,
        "min": 1933374,
        "var": 2.21834221978e+12
    },
    "spectral_strongpeak": {
        "dmean": 0.345861196518,
        "dmean2": 0.574862599373,
        "dvar": 0.319361150265,
        "dvar2": 0.830887258053,
        "max": 11.3027706146,
        "mean": 0.673012316227,
        "median": 0.437304109335,
        "min": 1.05604036627e-09,
        "var": 0.585939824581
    },
    "zerocrossingrate": {
        "dmean": 0.0142848705873,
        "dmean2": 0.0160568822175,
        "dvar": 0.000299491919577,
        "dvar2": 0.000328410911607,
        "max": 0.6337890625,
        "mean": 0.0889838933945,
        "median": 0.0791015625,
        "min": 0.01416015625,
        "var": 0.00231845886447
    },
    "barkbands": {
        "dmean": [0.000111043664219, 0.00460885791108, 0.00128138472792, 0.00145000207704, 0.00157600967214, 0.000952861562837, 0.000580343708862, 0.000752136460505, 0.000507181335706, 0.000470214872621, 0.000311628420604, 0.000312619376928, 0.000206182579859, 0.000185863274965, 0.000100985322206, 6.92162138876e-05, 0.000103082675196, 0.000149603540194, 0.000225281401072, 0.000235045270529, 0.000235090439674, 0.000299714825815, 0.00021708724671, 0.000132697517984, 0.00010710531933, 6.6691529355e-05, 4.97688643009e-06],
        "dmean2": [0.000138361821882, 0.00685213552788, 0.00234756385908, 0.0024799075909, 0.00272729014978, 0.00156900600996, 0.000941558682825, 0.00117706996389, 0.00082229427062, 0.000753780535888, 0.000497664033901, 0.000487662211526, 0.000330507435137, 0.000297992984997, 0.000163610384334, 0.000110865839815, 0.000166233352502, 0.000232967897318, 0.000336730736308, 0.000352635921445, 0.000350351474481, 0.000443538010586, 0.000325791537762, 0.000200935508474, 0.000161038697115, 0.000103637008579, 7.80046866566e-06],
        "dvar": [6.20313045374e-08, 0.000138636212796, 2.16253811232e-05, 1.6856172806e-05, 1.41833515954e-05, 3.80423807655e-06, 2.15584782381e-06, 5.90028594161e-06, 1.3517538946e-06, 9.8461748621e-07, 3.59532407401e-07, 8.21388027816e-07, 3.11984393875e-07, 9.91668542838e-08, 3.12607575381e-08, 2.27369483241e-08, 3.97348038916e-08, 9.35819528536e-08, 1.79286871571e-07, 2.43749411766e-07, 3.6000474779e-07, 7.71837108005e-07, 2.47508950224e-07, 7.91037138015e-08, 4.83168349774e-08, 1.83021917621e-08, 1.23866930601e-10],
        "dvar2": [9.48611997842e-08, 0.000306322297547, 6.25154571026e-05, 4.43550743512e-05, 3.95447241317e-05, 1.04957434814e-05, 5.15066449225e-06, 1.32365948957e-05, 3.21017455462e-06, 2.57838200923e-06, 9.54852680479e-07, 1.80863037258e-06, 6.93758181569e-07, 2.32566861769e-07, 7.53289555178e-08, 5.01159718169e-08, 9.35842621175e-08, 1.97096454713e-07, 3.8090499288e-07, 4.95092990604e-07, 7.19941681382e-07, 1.52290078859e-06, 5.39108498288e-07, 1.77935405077e-07, 1.08161131607e-07, 4.27784385693e-08, 3.00271557618e-10],
        "max": [0.0025548255071, 0.111792013049, 0.0459941327572, 0.0298228859901, 0.0561726503074, 0.0349272638559, 0.046585701406, 0.0699452161789, 0.0341174118221, 0.037834290415, 0.0180820580572, 0.0385327339172, 0.0259991027415, 0.0123187275603, 0.00712165236473, 0.00701539078727, 0.00498315645382, 0.0148728555068, 0.0109765045345, 0.0201850235462, 0.0154374595731, 0.0237001180649, 0.010374372825, 0.00760682066903, 0.0054593635723, 0.00197158171795, 0.000110500805022],
        "mean": [0.000210773709114, 0.00636474275962, 0.0012322422117, 0.00128470116761, 0.00210882909596, 0.00159691472072, 0.000867671391461, 0.00138056313153, 0.000793777348008, 0.000782101007644, 0.000506313808728, 0.000546329712961, 0.000364414125215, 0.00032388715772, 0.000187005774933, 0.000124219965073, 0.000193538115127, 0.000278906431049, 0.000460562645458, 0.000508719647769, 0.00047972574248, 0.000588549359236, 0.000361572077964, 0.000221733454964, 0.00016650588077, 7.33397246222e-05, 4.77538605992e-06],
        "median": [9.51287165663e-06, 0.0002099260455, 0.00015941428137, 0.000118162344734, 0.000553750607651, 0.000651166192256, 0.000293873512419, 0.000176551926415, 0.000327794579789, 0.000332394760335, 0.000228323129704, 0.000219799563638, 0.000173282809556, 0.000173041087692, 0.000126301747514, 7.2813956649e-05, 0.000119623728096, 0.000164488053997, 0.000228884920944, 0.000277439889032, 0.000196754030185, 0.000166725512827, 0.000108935237222, 7.97325992608e-05, 5.7188251958e-05, 1.44289297168e-05, 4.95748622598e-07],
        "min": [1.09417058593e-23, 5.59679693973e-24, 9.09411867744e-24, 6.39664509964e-24, 3.61695280953e-23, 1.47589517148e-23, 7.23895622212e-23, 1.69581381464e-23, 5.86562637896e-23, 6.39808224643e-23, 6.78546154473e-23, 4.5333154096e-23, 8.22763496355e-23, 5.29421592889e-23, 7.11294926092e-23, 9.86998467697e-23, 1.0827584192e-22, 2.51451420401e-22, 1.84432069813e-22, 2.17900572879e-22, 4.48200726523e-22, 6.25364093116e-22, 5.88359978582e-22, 8.41891139252e-22, 9.69158510854e-22, 1.55037648359e-21, 2.33527041558e-21],
        "var": [1.87989385836e-07, 0.000209916179301, 1.32511631818e-05, 1.36305507112e-05, 1.59516148415e-05, 8.59564534039e-06, 3.46830211129e-06, 1.5671195797e-05, 2.27863552027e-06, 1.79434653091e-06, 7.44770488836e-07, 1.80892175194e-06, 6.62114814531e-07, 2.35503577528e-07, 6.5124261539e-08, 5.67803617457e-08, 7.54860280949e-08, 1.78731113465e-07, 4.59735559843e-07, 6.28158545624e-07, 7.6887869227e-07, 1.74009585407e-06, 4.75563041391e-07, 1.53294124061e-07, 9.44335880604e-08, 2.33601742394e-08, 1.2792533699e-10]
    },
    "erbbands": {
        "dmean": [0.156689867377, 1.02366089821, 1.53921306133, 3.25335693359, 4.83264732361, 5.56963443756, 6.83160352707, 8.34840965271, 7.68787002563, 9.90528774261, 18.2075595856, 11.8067760468, 13.1006336212, 15.5253915787, 9.13070487976, 12.9974651337, 8.66770172119, 9.88841819763, 5.47396945953, 4.15175437927, 4.0710644722, 5.3033490181, 7.48974084854, 10.9927997589, 10.881114006, 11.0850601196, 8.87966918945, 10.1792345047, 11.1609792709, 8.84684848785, 5.48965120316, 3.28101038933, 2.06763219833, 1.26635146141, 0.747706890106, 0.363353818655, 0.10954901576, 0.0154808228835, 0.00087011809228, 3.45678163285e-05],
        "dmean2": [0.219319373369, 1.58811903, 2.74451088905, 5.7019701004, 8.38876533508, 9.46812152863, 11.0505123138, 13.8851776123, 12.5001935959, 15.4571666718, 28.4203605652, 19.0386047363, 21.4693431854, 24.5576972961, 14.3156871796, 20.2447853088, 13.7825260162, 15.8185911179, 8.89208030701, 6.60088682175, 6.46726179123, 8.45722770691, 11.7544898987, 16.5707950592, 16.2626514435, 16.6057929993, 13.2490339279, 14.9833831787, 16.6685028076, 13.3167695999, 8.18974685669, 4.9950594902, 3.16679239273, 1.90897142887, 1.14630270004, 0.556849896908, 0.175051540136, 0.0246492866427, 0.00131636182778, 5.11462421855e-05],
        "dvar": [0.137694612145, 7.83179521561, 29.3369750977, 91.1823348999, 190.597442627, 173.727996826, 198.949371338, 419.286193848, 379.624816895, 521.121032715, 3853.54296875, 649.845153809, 736.096984863, 948.631164551, 514.920532227, 1397.66003418, 474.644165039, 322.551635742, 82.8523712158, 71.9268798828, 92.1335296631, 117.101715088, 218.545898438, 434.678405762, 450.664916992, 555.339294434, 475.427124023, 772.958068848, 1167.90100098, 560.291320801, 161.26449585, 51.1448631287, 18.712474823, 7.31000423431, 2.39869999886, 0.566247999668, 0.0534166283906, 0.00113325088751, 3.47391892319e-06, 4.47455494879e-09],
        "dvar2": [0.26473352313, 19.0151500702, 82.6189575195, 253.251617432, 517.94342041, 470.986358643, 457.039520264, 1226.75463867, 894.553283691, 1158.19152832, 8540.25683594, 1582.09204102, 1950.79138184, 2465.03222656, 1209.48962402, 3080.16357422, 971.640808105, 754.662597656, 196.176559448, 167.504730225, 206.040893555, 274.382873535, 478.340118408, 926.431945801, 961.773986816, 1149.63037109, 950.623840332, 1521.51428223, 2433.4831543, 1191.24926758, 352.304199219, 114.181297302, 43.2762374878, 16.9122524261, 5.31351327896, 1.26292073727, 0.132232934237, 0.0028321146965, 7.84086569183e-06, 1.01152481946e-08],
        "max": [3.49140119553, 27.0343608856, 51.8533706665, 82.1408233643, 146.389129639, 320.729766846, 316.15234375, 430.334716797, 743.913879395, 867.75604248, 1796.83642578, 782.805847168, 949.326416016, 782.647338867, 981.862854004, 1916.47680664, 790.67767334, 692.947937012, 340.4034729, 489.630584717, 472.519744873, 296.355743408, 518.95690918, 665.583190918, 485.8331604, 958.555419922, 669.135620117, 779.286010742, 975.411804199, 656.030883789, 302.200958252, 191.105758667, 98.2750473022, 74.8377075195, 31.1205654144, 15.9497032166, 2.19311571121, 0.334229081869, 0.0211551748216, 0.000760178198107],
        "mean": [0.228696465492, 1.23324370384, 1.58345735073, 2.9767203331, 4.58234262466, 7.99920225143, 11.5859651566, 13.5164079666, 11.7849111557, 17.0842113495, 32.6989479065, 19.5280361176, 21.627696991, 27.4566230774, 17.2458839417, 23.4734592438, 16.8397750854, 18.8958683014, 11.2076787949, 8.47145652771, 7.92865085602, 10.6532125473, 14.8282709122, 21.9895687103, 23.1334571838, 23.8915729523, 18.7163829803, 20.491312027, 21.3879833221, 16.5053443909, 9.07178115845, 5.27944517136, 3.4357688427, 2.05282020569, 1.08817446232, 0.450818449259, 0.105439677835, 0.0143499067053, 0.000920653750654, 5.51343255211e-05],
        "median": [0.0077982628718, 0.0409201458097, 0.166260883212, 0.381033778191, 0.882784605026, 1.91666316986, 3.83805513382, 4.95311641693, 4.65319681168, 4.92349338531, 5.99920368195, 8.4809589386, 10.6697721481, 12.4952535629, 8.42251873016, 9.78294563293, 9.26348495483, 10.5145921707, 7.48246526718, 5.96595859528, 5.09969568253, 6.5242433548, 9.2150220871, 11.5924310684, 12.0565462112, 12.4454612732, 9.02398777008, 7.22289323807, 5.94246578217, 4.93514108658, 2.69555997849, 1.61241889, 1.33634579182, 0.762051463127, 0.347318291664, 0.109322041273, 0.0159449614584, 0.00194007309619, 0.000120460295875, 2.53719681496e-05],
        "min": [1.07777572129e-22, 1.5923714497e-21, 9.47032782522e-21, 1.33808920257e-20, 6.64429918976e-20, 1.50589264491e-19, 6.61250443497e-20, 1.7024223574e-19, 4.403748798e-19, 1.40633411696e-18, 4.48489314814e-19, 1.15320113309e-18, 2.08922537597e-18, 2.6588291836e-18, 3.36164215708e-18, 2.39888271302e-18, 3.58986459681e-18, 1.84596127719e-18, 3.91325044369e-18, 4.69592956647e-18, 5.63155314374e-18, 6.68359784273e-18, 1.22885116348e-17, 1.13360073692e-17, 8.71345191664e-18, 1.07420652196e-17, 1.78459353336e-17, 1.38236852327e-17, 2.23968895036e-17, 1.54585977872e-17, 2.14583935417e-17, 1.56644830417e-17, 1.31766769652e-17, 1.00639086391e-17, 7.72854615925e-18, 4.36637667453e-18, 3.00316027757e-18, 1.31087654369e-18, 2.87014560257e-19, 3.63494632793e-20],
        "var": [0.261781007051, 9.17627334595, 19.6538619995, 63.939250946, 148.431945801, 261.043945312, 480.951538086, 941.327514648, 582.389892578, 1298.20068359, 9884.53222656, 1225.03710938, 1117.37231445, 2222.86621094, 937.637145996, 3481.79516602, 1079.48681641, 912.165588379, 212.699676514, 134.808303833, 234.916717529, 241.391983032, 420.795410156, 1068.65258789, 1126.32592773, 1395.57751465, 1064.66516113, 1631.60424805, 2423.68969727, 1176.75561523, 297.675384521, 98.198135376, 34.1384658813, 14.1430397034, 4.43918657303, 0.897652745247, 0.0527773760259, 0.00106199795846, 4.24022573497e-06, 6.35835828433e-09]
    },
    "gfcc": {
        "mean": [-10.7126636505, 53.0599746704, -131.857788086, 28.7355804443, -80.14427948, 12.265381813, -34.3184814453, 10.2419052124, -30.2494335175, 4.7122092247, -14.0936346054, 2.64523386955, -11.1776695251],
        "cov": [[10185.5273438, -296.644714355, 2705.20996094, 1735.17907715, 743.92779541, 975.999694824, 226.68157959, 303.362731934, 60.2112960815, 647.086486816, 146.477554321, 266.728759766, -111.706443787], [-296.644714355, 1010.79449463, 295.388122559, 157.155929565, 153.593566895, 5.34507894516, 74.1859436035, 26.4213237762, -0.192225679755, -54.2231063843, 99.2884902954, -9.30011940002, 95.4612426758], [2705.20996094, 295.388122559, 1763.20715332, 910.449584961, 323.808105469, 246.260437012, -34.3815536499, 57.8510475159, -37.461353302, 187.376251221, 104.359214783, 132.039993286, -9.00755596161], [1735.17907715, 157.155929565, 910.449584961, 827.757507324, 272.689910889, 201.627609253, 46.1610832214, 41.3379402161, -7.6447224617, 132.664337158, 48.3534660339, 57.5434875488, 5.23818397522], [743.92779541, 153.593566895, 323.808105469, 272.689910889, 446.788726807, 259.772674561, 177.518966675, 142.344406128, 54.7413978577, 80.5291748047, -0.940978467464, 14.6300621033, -13.7593460083], [975.999694824, 5.34507894516, 246.260437012, 201.627609253, 259.772674561, 341.321960449, 197.030761719, 143.06854248, 56.9925117493, 104.091636658, 19.24949646, 21.5164642334, -10.6060409546], [226.68157959, 74.1859436035, -34.3815536499, 46.1610832214, 177.518966675, 197.030761719, 258.457611084, 129.652053833, 52.1294593811, 37.9614906311, 4.643430233, -7.85100984573, -12.3233985901], [303.362731934, 26.4213237762, 57.8510475159, 41.3379402161, 142.344406128, 143.06854248, 129.652053833, 150.183029175, 56.4983139038, 50.5307579041, 15.5641937256, 5.40913152695, 0.573930561543], [60.2112960815, -0.192225679755, -37.461353302, -7.6447224617, 54.7413978577, 56.9925117493, 52.1294593811, 56.4983139038, 101.666435242, 52.4943466187, 6.15275859833, 4.11813640594, -1.64850962162], [647.086486816, -54.2231063843, 187.376251221, 132.664337158, 80.5291748047, 104.091636658, 37.9614906311, 50.5307579041, 52.4943466187, 136.132659912, 48.2978858948, 42.7791137695, 0.842854201794], [146.477554321, 99.2884902954, 104.359214783, 48.3534660339, -0.940978467464, 19.24949646, 4.643430233, 15.5641937256, 6.15275859833, 48.2978858948, 98.262878418, 47.6924629211, 37.96251297], [266.728759766, -9.30011940002, 132.039993286, 57.5434875488, 14.6300621033, 21.5164642334, -7.85100984573, 5.40913152695, 4.11813640594, 42.7791137695, 47.6924629211, 77.9766464233, 31.1017551422], [-111.706443787, 95.4612426758, -9.00755596161, 5.23818397522, -13.7593460083, -10.6060409546, -12.3233985901, 0.573930561543, -1.64850962162, 0.842854201794, 37.96251297, 31.1017551422, 77.9890441895]],
        "icov": [[0.000261242268607, 4.36298250861e-05, -0.000202027425985, -0.000170124592842, 0.000179952854523, -0.000508668541443, 0.000120621123642, -0.000114316593681, 0.000262260989984, -0.000613646174315, 0.000282415770926, -0.000250023178523, 0.000265761744231], [4.36298250861e-05, 0.00216365675442, -0.000831660989206, 0.000205385847948, -0.00113437278196, 0.000946862041019, -0.00134994741529, 0.00109799392521, -0.00126755528618, 0.00222097337246, -0.00320146605372, 0.00297556840815, -0.00266757770441], [-0.000202027425985, -0.000831660989206, 0.00221687299199, -0.00156749517191, -6.43956036583e-06, -0.000510974903591, 0.00184749485925, -0.00123344222084, 0.00111508765258, -0.000275625032373, 0.000176175730303, -0.00250903260894, 0.0022617042996], [-0.000170124592842, 0.000205385847948, -0.00156749517191, 0.00355995143764, -0.00113248755224, 0.000320564722642, -0.00106517458335, 0.00184127676766, 0.000162101016031, -0.00101696024649, -7.09400956111e-06, 0.00186592550017, -0.00197954685427], [0.000179952854523, -0.00113437278196, -6.43956036583e-06, -0.00113248755224, 0.00583627820015, -0.00279508670792, -0.000147239858052, -0.0025789483916, 0.000237947286223, -0.00115637667477, 0.00347211328335, -0.00219112634659, 0.00156808632892], [-0.000508668541443, 0.000946862041019, -0.000510974903591, 0.000320564722642, -0.00279508670792, 0.0106374360621, -0.0052033928223, -0.00143619137816, -0.000104160360934, -0.00158012576867, -0.000705578597263, 0.00182643707376, -0.00219631404616], [0.000120621123642, -0.00134994741529, 0.00184749485925, -0.00106517458335, -0.000147239858052, -0.0052033928223, 0.0113270962611, -0.0055032838136, 0.000572932127398, 0.000642901053652, 0.000209983743844, -0.00200024992228, 0.00390745513141], [-0.000114316593681, 0.00109799392521, -0.00123344222084, 0.00184127676766, -0.0025789483916, -0.00143619137816, -0.0055032838136, 0.0171371232718, -0.00510625587776, 0.000662081001792, -0.00315798586234, 0.00359586207196, -0.00343177607283], [0.000262260989984, -0.00126755528618, 0.00111508765258, 0.000162101016031, 0.000237947286223, -0.000104160360934, 0.000572932127398, -0.00510625587776, 0.0173079762608, -0.0095171444118, 0.00426813773811, -0.00142652518116, 0.00116101256572], [-0.000613646174315, 0.00222097337246, -0.000275625032373, -0.00101696024649, -0.00115637667477, -0.00158012576867, 0.000642901053652, 0.000662081001792, -0.0095171444118, 0.0217178352177, -0.0102574313059, -0.00137259543408, 0.00122127390932], [0.000282415770926, -0.00320146605372, 0.000176175730303, -7.09400956111e-06, 0.00347211328335, -0.000705578597263, 0.000209983743844, -0.00315798586234, 0.00426813773811, -0.0102574313059, 0.0242073778063, -0.0102301351726, -0.00258546229452], [-0.000250023178523, 0.00297556840815, -0.00250903260894, 0.00186592550017, -0.00219112634659, 0.00182643707376, -0.00200024992228, 0.00359586207196, -0.00142652518116, -0.00137259543408, -0.0102301351726, 0.027850586921, -0.0110384868458], [0.000265761744231, -0.00266757770441, 0.0022617042996, -0.00197954685427, 0.00156808632892, -0.00219631404616, 0.00390745513141, -0.00343177607283, 0.00116101256572, 0.00122127390932, -0.00258546229452, -0.0110384868458, 0.0231549851596]]
    },
    "melbands": {
        "dmean": [0.00134037923999, 0.000943037797697, 0.000621460785624, 0.000363651924999, 0.0002357326739, 0.000181790339411, 0.000119988719234, 0.000116269795399, 0.000146506077726, 7.20594398445e-05, 6.69828223181e-05, 6.43606545054e-05, 3.44380350725e-05, 3.48756184394e-05, 2.43294598476e-05, 2.22573999054e-05, 1.9807353965e-05, 1.01034584077e-05, 7.57356383474e-06, 5.22430445926e-06, 5.30161514689e-06, 5.64915717405e-06, 7.06990613253e-06, 7.21444257579e-06, 9.96956987365e-06, 8.50644482853e-06, 8.55908365338e-06, 7.87881708675e-06, 5.77344098929e-06, 6.05406648901e-06, 6.36788263364e-06, 6.77612797517e-06, 6.01803731115e-06, 4.99149109601e-06, 3.47730997419e-06, 2.65085850515e-06, 1.8388728904e-06, 1.55660939072e-06, 1.23262623219e-06, 1.06483798845e-06],
        "dmean2": [0.00192907662131, 0.0015589534305, 0.00107832462527, 0.000628350186162, 0.000382875499781, 0.00030152007821, 0.000194613909116, 0.000181199458893, 0.000229185490753, 0.000117300318379, 0.000109809465357, 0.000102111189335, 5.44686299691e-05, 5.45673829038e-05, 3.82764192182e-05, 3.55949960067e-05, 3.19438186125e-05, 1.64566972671e-05, 1.21007315101e-05, 8.44606620376e-06, 8.53809615364e-06, 9.13901567401e-06, 1.13451478683e-05, 1.11655135697e-05, 1.52732536662e-05, 1.30306571009e-05, 1.32130089696e-05, 1.20826989587e-05, 8.78474111232e-06, 9.30597889237e-06, 9.55013911152e-06, 1.04007185655e-05, 9.06814329937e-06, 7.62136278354e-06, 5.24294136994e-06, 4.10711436416e-06, 2.84006796392e-06, 2.40456984102e-06, 1.91749768419e-06, 1.62679862115e-06],
        "dvar": [1.07475325422e-05, 8.21054709377e-06, 3.25591599903e-06, 8.75289003943e-07, 2.1505493919e-07, 1.71757235989e-07, 8.37265901055e-08, 7.61335812172e-08, 2.33660188087e-07, 2.45490046069e-08, 1.98685938813e-08, 1.69363616465e-08, 5.15099074505e-09, 1.04656630029e-08, 4.15917611463e-09, 3.98735977569e-09, 1.15884701835e-09, 3.02807362518e-10, 1.65690947074e-10, 1.01348124337e-10, 1.65373409411e-10, 1.31410118898e-10, 1.85419346543e-10, 2.29611066271e-10, 3.59499929825e-10, 2.69059635682e-10, 3.10632963796e-10, 3.06024094954e-10, 1.85997217628e-10, 2.64815031015e-10, 3.13958303799e-10, 4.73781291976e-10, 3.06434488895e-10, 1.61623339712e-10, 6.83637799148e-11, 3.63677456205e-11, 1.58871821948e-11, 1.06950351353e-11, 7.44647746242e-12, 5.24363712173e-12],
        "dvar2": [2.24329887715e-05, 2.13962684938e-05, 8.89406237548e-06, 2.4307505555e-06, 5.19332104432e-07, 4.97039025049e-07, 2.01026878699e-07, 1.67544371266e-07, 5.16050988608e-07, 6.07131838137e-08, 5.2812396234e-08, 4.37720046875e-08, 1.30439135049e-08, 2.2024845947e-08, 8.91859830432e-09, 8.94224250203e-09, 2.7968876104e-09, 7.17378156878e-10, 3.92212790024e-10, 2.33590036203e-10, 3.77816222752e-10, 3.10064557363e-10, 4.33283242618e-10, 4.78042605501e-10, 7.94374566127e-10, 5.81490411378e-10, 6.86271650618e-10, 6.65723309812e-10, 3.71399216936e-10, 5.57093482456e-10, 6.41380559774e-10, 1.05730335598e-09, 6.28860852281e-10, 3.58334861783e-10, 1.51428550255e-10, 8.36813743299e-11, 3.58849512605e-11, 2.51878379265e-11, 1.74944694148e-11, 1.2258524057e-11],
        "max": [0.0289798304439, 0.0304899141192, 0.0144489705563, 0.0138343879953, 0.00837394129485, 0.00846858229488, 0.0106835151091, 0.007585412357, 0.0125804813579, 0.00537839159369, 0.00511293532327, 0.00321427802555, 0.0020173122175, 0.00398551067337, 0.00297604268417, 0.003107534023, 0.00121586595196, 0.000602972169872, 0.000478675792692, 0.000412546272855, 0.000686358776875, 0.000347844033968, 0.00032836056198, 0.00078463362297, 0.000673483591527, 0.000444549019448, 0.000371523405192, 0.000805329356808, 0.000489845464472, 0.00053092406597, 0.000514746352565, 0.000704697566107, 0.000492270861287, 0.0003152739082, 0.000201319402549, 0.000144311241456, 0.000116334791528, 7.24351193639e-05, 8.34073143778e-05, 6.25252578175e-05],
        "mean": [0.00188953219913, 0.00111158029176, 0.000577787752263, 0.000428238068707, 0.00041069832514, 0.000298943341477, 0.000185226323083, 0.00020651955856, 0.000252906931564, 0.000115493334306, 0.000106401312223, 0.000111081368232, 5.97299513174e-05, 6.21911531198e-05, 4.27673003287e-05, 3.94483868149e-05, 3.49429938069e-05, 1.8408500182e-05, 1.37944225571e-05, 9.33989304031e-06, 9.32232433115e-06, 1.04409054984e-05, 1.28858173412e-05, 1.33513940455e-05, 1.84575383173e-05, 1.65136170835e-05, 1.71499450516e-05, 1.56615260494e-05, 1.1474625353e-05, 1.14603672046e-05, 1.19451779028e-05, 1.21799612316e-05, 1.122330832e-05, 8.48618492455e-06, 5.49275773665e-06, 3.91845014747e-06, 2.9157301924e-06, 2.48481137533e-06, 1.99162809622e-06, 1.65669007401e-06],
        "median": [6.38252531644e-05, 7.28219238226e-05, 7.24753772374e-05, 0.0001008942927, 0.000140161588206, 0.00011786743562, 7.09599407855e-05, 5.04106792505e-05, 4.73424552183e-05, 4.96152788401e-05, 5.00524911331e-05, 4.83346448164e-05, 2.85252026515e-05, 2.46214913204e-05, 2.00483209483e-05, 1.80673814612e-05, 1.82594285434e-05, 1.09850334411e-05, 9.16518092708e-06, 5.92837250224e-06, 5.61632668905e-06, 6.35177548247e-06, 7.37885784474e-06, 7.77389413997e-06, 9.08053425519e-06, 7.91398724687e-06, 8.9674431365e-06, 7.81546168582e-06, 5.61510341868e-06, 4.57616351923e-06, 3.84256691177e-06, 3.32278364112e-06, 2.89320587399e-06, 2.56442376667e-06, 1.61261164067e-06, 1.13822170533e-06, 8.90734440873e-07, 9.12936798159e-07, 8.16355395727e-07, 5.67800725548e-07],
        "min": [1.17957030094e-24, 4.65360249815e-24, 3.16907829277e-24, 9.13850393627e-24, 2.82490695729e-24, 3.62011543179e-24, 8.95007030956e-24, 1.29320090229e-23, 3.28351321669e-24, 8.09409942941e-24, 1.05373917684e-23, 1.1095901345e-23, 1.03665970715e-23, 5.5547613031e-24, 8.73028261731e-24, 6.26912060671e-24, 2.5285474952e-24, 7.01819018458e-24, 6.19307993747e-24, 5.2079409727e-24, 4.69506187188e-24, 6.42080120384e-24, 7.92197629078e-24, 8.39218235536e-24, 9.42958414397e-24, 6.49147840779e-24, 7.20626172413e-24, 6.44908028958e-24, 1.11394701327e-23, 9.0552885771e-24, 7.5508046131e-24, 1.13740395006e-23, 1.22411348973e-23, 7.37574375646e-24, 1.1148304586e-23, 1.03644371703e-23, 9.28438246145e-24, 1.0014752486e-23, 7.4380369467e-24, 8.72343530466e-24],
        "var": [1.81150444405e-05, 7.56281360736e-06, 2.39382416112e-06, 8.41948008201e-07, 5.092686024e-07, 3.87411489555e-07, 1.34046246103e-07, 2.05316226243e-07, 5.65343668768e-07, 4.72844661203e-08, 2.91912947148e-08, 3.92692669493e-08, 1.02916706268e-08, 2.35367618728e-08, 8.66546567835e-09, 8.41400460416e-09, 2.9890903086e-09, 6.81543932401e-10, 3.3463221083e-10, 1.84567708339e-10, 3.98318933392e-10, 2.4886157024e-10, 3.42302325373e-10, 4.38814762305e-10, 8.37635072415e-10, 6.51392606521e-10, 6.95983048971e-10, 6.82713940936e-10, 4.21158330433e-10, 4.94991880817e-10, 6.19121920398e-10, 8.60051085905e-10, 6.60827725874e-10, 3.08599645837e-10, 1.1699081981e-10, 6.06046463014e-11, 3.07398724531e-11, 1.86569926175e-11, 1.26493477151e-11, 1.01947911918e-11]
    },
    "mfcc": {
        "mean": [-645.426208496, 82.1395263672, -4.32882213593, 13.2069044113, -18.6573295593, -1.47893178463, 0.299322098494, 1.10626280308, -6.28885030746, -0.83088093996, -0.0240734573454, -3.74872088432, -2.33696198463],
        "cov": [[8253.83789062, -619.411499023, 1896.86157227, 1038.51025391, 899.253540039, 932.356445312, 587.703735352, 171.920074463, 220.39944458, 279.843017578, 416.744567871, 269.004516602, 222.010620117], [-619.411499023, 841.493652344, 52.6374588013, 28.1256408691, 78.1719512939, -44.5029945374, 95.7438430786, 62.2169075012, 10.5631341934, 17.7940120697, -33.0178031921, -15.8676395416, 16.6560306549], [1896.86157227, 52.6374588013, 1381.29406738, 671.145690918, 439.147369385, 254.032928467, 148.178894043, -20.3103904724, -56.1500167847, -18.3962879181, 32.8532791138, 77.4693756104, 119.991218567], [1038.51025391, 28.1256408691, 671.145690918, 614.794677734, 320.474395752, 207.580551147, 132.141815186, 10.5777759552, 15.9630384445, 5.83173704147, 22.2886371613, 41.9827079773, 65.821685791], [899.253540039, 78.1719512939, 439.147369385, 320.474395752, 391.386901855, 200.437896729, 150.630310059, 58.4488716125, 71.230506897, 69.5635604858, 39.320098877, 47.6509475708, 56.9478721619], [932.356445312, -44.5029945374, 254.032928467, 207.580551147, 200.437896729, 280.106689453, 173.472290039, 91.306022644, 95.368812561, 86.8706512451, 97.2276763916, 47.193271637, 33.842376709], [587.703735352, 95.7438430786, 148.178894043, 132.141815186, 150.630310059, 173.472290039, 267.975128174, 135.706268311, 96.9029693604, 96.2954940796, 80.3804321289, 27.6718235016, 29.4906749725], [171.920074463, 62.2169075012, -20.3103904724, 10.5777759552, 58.4488716125, 91.306022644, 135.706268311, 152.679382324, 95.4590988159, 78.1079483032, 56.7698554993, 11.4916658401, 3.66223835945], [220.39944458, 10.5631341934, -56.1500167847, 15.9630384445, 71.230506897, 95.368812561, 96.9029693604, 95.4590988159, 141.27784729, 94.3782958984, 62.8692245483, 23.6469459534, 3.77788448334], [279.843017578, 17.7940120697, -18.3962879181, 5.83173704147, 69.5635604858, 86.8706512451, 96.2954940796, 78.1079483032, 94.3782958984, 125.359710693, 78.8832015991, 27.8740615845, 10.0281009674], [416.744567871, -33.0178031921, 32.8532791138, 22.2886371613, 39.320098877, 97.2276763916, 80.3804321289, 56.7698554993, 62.8692245483, 78.8832015991, 120.453964233, 43.0376052856, 21.199388504], [269.004516602, -15.8676395416, 77.4693756104, 41.9827079773, 47.6509475708, 47.193271637, 27.6718235016, 11.4916658401, 23.6469459534, 27.8740615845, 43.0376052856, 68.7864608765, 30.2203350067], [222.010620117, 16.6560306549, 119.991218567, 65.821685791, 56.9478721619, 33.842376709, 29.4906749725, 3.66223835945, 3.77788448334, 10.0281009674, 21.199388504, 30.2203350067, 73.9959640503]],
