{
"lowlevel": {
    "average_loudness": 0.865519344807,
    "barkbands_crest": {
        "dmean": 2.71216773987,
        "dmean2": 4.37014198303,
        "dvar": 5.90397310257,
        "dvar2": 14.1834869385,
        "max": 24.8991394043,
        "mean": 10.3200206757,
        "median": 9.76853370667,
        "min": 2.20814990997,
        "var": 16.4490756989
    },
    "barkbands_flatness_db": {
        "dmean": 0.0209842324257,
        "dmean2": 0.0324044749141,
        "dvar": 0.000400519173127,
        "dvar2": 0.00091460213298,
        "max": 0.34689027071,
        "mean": 0.125745281577,
        "median": 0.119342409074,
        "min": 0.0129100847989,
        "var": 0.00212982413359
    },
    "barkbands_kurtosis": {
        "dmean": 2.3694961071,
        "dmean2": 3.7804505825,
        "dvar": 27.370973587,
        "dvar2": 66.7562789917,
        "max": 185.859619141,
        "mean": 3.4731054306,
        "median": 0.677574634552,
        "min": -1.95897114277,
        "var": 88.5209579468
    },
    "barkbands_skewness": {
        "dmean": 0.501821219921,
        "dmean2": 0.770501852036,
        "dvar": 0.31691506505,
        "dvar2": 0.70070874691,
        "max": 10.9592428207,
        "mean": 1.25110828876,
        "median": 1.0114095211,
        "min": -4.21499872208,
        "var": 1.7208160162
    },
    "barkbands_spread": {
        "dmean": 6.29177856445,
        "dmean2": 9.63962650299,
        "dvar": 64.7640762329,
        "dvar2": 129.919281006,
        "max": 120.851028442,
        "mean": 26.5072345734,
        "median": 24.7411670685,
        "min": 0.790508925915,
        "var": 246.394195557
    },
    "dissonance": {
        "dmean": 0.0187612380832,
        "dmean2": 0.0317394435406,
        "dvar": 0.000358409190085,
        "dvar2": 0.000967293512076,
        "max": 0.499999910593,
        "mean": 0.467488855124,
        "median": 0.475720405579,
        "min": 0.273471385241,
        "var": 0.000801002548542
    },
    "dynamic_complexity": 2.91727423668,
    "erbbands_crest": {
        "dmean": 2.99524450302,
        "dmean2": 4.81876373291,
        "dvar": 8.12702560425,
        "dvar2": 19.6223869324,
        "max": 32.5585174561,
        "mean": 10.5695323944,
        "median": 8.94736766815,
        "min": 2.33723902702,
        "var": 33.8677749634
    },
    "erbbands_flatness_db": {
        "dmean": 0.016729760915,
        "dmean2": 0.0249282643199,
        "dvar": 0.000252185302088,
        "dvar2": 0.000520491332281,
        "max": 0.34919834137,
        "mean": 0.156384810805,
        "median": 0.147957324982,
        "min": 0.0573821514845,
        "var": 0.00254416186363
    },
    "erbbands_kurtosis": {
        "dmean": 1.17987549305,
        "dmean2": 1.86992609501,
        "dvar": 3.42042398453,
        "dvar2": 8.03371620178,
        "max": 44.5050430298,
        "mean": 1.21071147919,
        "median": 0.145851612091,
        "min": -1.80985605717,
        "var": 10.2065038681
    },
    "erbbands_skewness": {
        "dmean": 0.392945200205,
        "dmean2": 0.60282677412,
        "dvar": 0.158209502697,
        "dvar2": 0.342088639736,
        "max": 4.71829223633,
        "mean": 0.423220843077,
        "median": 0.335632622242,
        "min": -4.80326557159,
        "var": 0.820673286915
    },
    "erbbands_spread": {
        "dmean": 7.69531440735,
        "dmean2": 11.6565771103,
        "dvar": 72.0071182251,
        "dvar2": 158.29309082,
        "max": 162.343048096,
        "mean": 37.2168464661,
        "median": 34.88048172,
        "min": 3.08518123627,
        "var": 413.115386963
    },
    "hfc": {
        "dmean": 8.28865146637,
        "dmean2": 12.185883522,
        "dvar": 181.399780273,
        "dvar2": 348.495056152,
        "max": 341.966949463,
        "mean": 27.817440033,
        "median": 21.2511348724,
        "min": 1.33353800225e-10,
        "var": 640.605285645
    },
    "melbands_crest": {
        "dmean": 3.21342349052,
        "dmean2": 5.18416976929,
        "dvar": 8.33036613464,
        "dvar2": 21.1739082336,
        "max": 31.7818126678,
        "mean": 13.7117490768,
        "median": 13.1178188324,
        "min": 2.7556681633,
        "var": 23.5235767365
    },
    "melbands_flatness_db": {
        "dmean": 0.0256725791842,
        "dmean2": 0.0394952222705,
        "dvar": 0.000647714943625,
        "dvar2": 0.00142541760579,
        "max": 0.472816407681,
        "mean": 0.177503824234,
        "median": 0.172431632876,
        "min": 0.0114895915613,
        "var": 0.00344066880643
    },
    "melbands_kurtosis": {
        "dmean": 6.29930734634,
        "dmean2": 10.0633459091,
        "dvar": 173.198150635,
        "dvar2": 436.601470947,
        "max": 324.974273682,
        "mean": 12.1811523438,
        "median": 4.78041791916,
        "min": -1.89325582981,
        "var": 501.095825195
    },
    "melbands_skewness": {
        "dmean": 0.710300266743,
        "dmean2": 1.10133099556,
        "dvar": 0.60387378931,
        "dvar2": 1.39478647709,
        "max": 13.1006069183,
        "mean": 2.33959293365,
        "median": 1.95842087269,
        "min": -1.51933968067,
        "var": 3.21556162834
    },
    "melbands_spread": {
        "dmean": 8.31581783295,
        "dmean2": 12.7396650314,
        "dvar": 188.834640503,
        "dvar2": 380.437011719,
        "max": 257.993011475,
        "mean": 29.6317367554,
        "median": 26.4075088501,
        "min": 0.688139557838,
        "var": 544.35369873
    },
    "pitch_salience": {
        "dmean": 0.0717321559787,
        "dmean2": 0.11434917897,
        "dvar": 0.00440729875118,
        "dvar2": 0.0108594708145,
        "max": 0.899938046932,
        "mean": 0.532176017761,
        "median": 0.520819723606,
        "min": 0.139484122396,
        "var": 0.0147549351677
    },
    "silence_rate_20dB": {
        "dmean": 0,
        "dmean2": 0,
        "dvar": 0,
        "dvar2": 0,
        "max": 1,
        "mean": 1,
        "median": 1,
        "min": 1,
        "var": 0
    },
    "silence_rate_30dB": {
        "dmean": 0.00150413636584,
        "dmean2": 0.00300864991732,
        "dvar": 0.00150170491543,
        "dvar2": 0.004252940882,
        "max": 1,
        "mean": 0.999122679234,
        "median": 1,
        "min": 0,
        "var": 0.000876617617905
    },
    "silence_rate_60dB": {
        "dmean": 0.0117824012414,
        "dmean2": 0.0235677566379,
        "dvar": 0.0116423564032,
        "dvar2": 0.0260174814612,
        "max": 1,
        "mean": 0.0324602089822,
        "median": 0,
        "min": 0,
        "var": 0.031405672431
    },
    "spectral_centroid": {
        "dmean": 269.168212891,
        "dmean2": 409.831665039,
        "dvar": 102944.367188,
        "dvar2": 207922.203125,
        "max": 6102.82177734,
        "mean": 1624.85791016,
        "median": 1597.88171387,
        "min": 207.684249878,
        "var": 448881.03125
    },
    "spectral_complexity": {
        "dmean": 3.74855852127,
        "dmean2": 5.79114961624,
        "dvar": 17.505191803,
        "dvar2": 36.6736831665,
        "max": 54,
        "mean": 20.676651001,
        "median": 19,
        "min": 0,
        "var": 97.6363143921
    },
    "spectral_decrease": {
        "dmean": 2.15882711707e-09,
        "dmean2": 3.3704565805e-09,
        "dvar": 7.11769230203e-18,
        "dvar2": 1.66914376983e-17,
        "max": -5.45637089491e-22,
        "mean": -6.93645452188e-09,
        "median": -6.01177285731e-09,
        "min": -3.58468739137e-08,
        "var": 2.42779478474e-17
    },
    "spectral_energy": {
        "dmean": 0.0086567029357,
        "dmean2": 0.0134580880404,
        "dvar": 0.000109258478915,
        "dvar2": 0.000255579914665,
        "max": 0.141931414604,
        "mean": 0.0287028197199,
        "median": 0.0249822363257,
        "min": 1.41549513877e-14,
        "var": 0.000394355942262
    },
    "spectral_energyband_high": {
        "dmean": 0.000589404604398,
        "dmean2": 0.000847710762173,
        "dvar": 1.91033973351e-06,
        "dvar2": 3.60231661034e-06,
        "max": 0.0310496874154,
        "mean": 0.00135955237783,
        "median": 0.00070982897887,
        "min": 1.06948328096e-14,
        "var": 4.96909569847e-06
    },
    "spectral_energyband_low": {
        "dmean": 0.00492017716169,
        "dmean2": 0.00794980209321,
        "dvar": 7.33775523258e-05,
        "dvar2": 0.000178702146513,
        "max": 0.103284470737,
        "mean": 0.00983348861337,
        "median": 0.0085979970172,
        "min": 2.72942179451e-16,
        "var": 0.000119051997899
    },
    "spectral_energyband_middle_high": {
        "dmean": 0.00311773293652,
        "dmean2": 0.00477041304111,
        "dvar": 2.55525756074e-05,
        "dvar2": 6.28403868177e-05,
        "max": 0.0848584100604,
        "mean": 0.00943692587316,
        "median": 0.00436764955521,
        "min": 2.58732820596e-15,
        "var": 0.000128807019792
    },
    "spectral_energyband_middle_low": {
        "dmean": 0.00432968512177,
        "dmean2": 0.00685303611681,
        "dvar": 4.27493214374e-05,
        "dvar2": 9.90930275293e-05,
        "max": 0.0798879936337,
        "mean": 0.00914028473198,
        "median": 0.00576154328883,
        "min": 2.90540030084e-16,
        "var": 8.56320693856e-05
    },
    "spectral_entropy": {
        "dmean": 0.139373958111,
        "dmean2": 0.211249515414,
        "dvar": 0.0233506858349,
        "dvar2": 0.0479746237397,
        "max": 9.44578647614,
        "mean": 7.74730110168,
        "median": 7.75188684464,
        "min": 6.17643642426,
        "var": 0.125437393785
    },
    "spectral_flux": {
        "dmean": 0.0242069344968,
        "dmean2": 0.0372172109783,
        "dvar": 0.000626745109912,
        "dvar2": 0.00133025669493,
        "max": 0.331586897373,
        "mean": 0.0899306461215,
        "median": 0.0839725285769,
        "min": 9.58493546932e-06,
        "var": 0.00208172318526
    },
    "spectral_kurtosis": {
        "dmean": 0.945385992527,
        "dmean2": 1.55994451046,
        "dvar": 1.03663563728,
        "dvar2": 3.08032059669,
        "max": 14.9173660278,
        "mean": 3.49448180199,
        "median": 3.29593086243,
        "min": -1.45988214016,
        "var": 3.78832101822
    },
    "spectral_rms": {
        "dmean": 0.000764687021729,
        "dmean2": 0.00117478868924,
        "dvar": 6.05622119565e-07,
        "dvar2": 1.35295124437e-06,
        "max": 0.0117673138157,
        "mean": 0.00494945188984,
        "median": 0.00493689300492,
        "min": 3.71614161665e-09,
        "var": 3.50578807229e-06
    },
    "spectral_rolloff": {
        "dmean": 581.793762207,
        "dmean2": 934.503234863,
        "dvar": 1211023.625,
        "dvar2": 2307683.5,
        "max": 16774.3652344,
        "mean": 1861.1541748,
        "median": 1442.72460938,
        "min": 86.1328125,
        "var": 3357945.25
    },
    "spectral_skewness": {
        "dmean": 0.158230349422,
        "dmean2": 0.246434375644,
        "dvar": 0.023296199739,
        "dvar2": 0.0521001704037,
        "max": 2.81459832191,
        "mean": 1.4165147543,
        "median": 1.43474698067,
        "min": -0.318800806999,
        "var": 0.142359435558
    },
    "spectral_spread": {
        "dmean": 498143.46875,
        "dmean2": 698360.5,
        "dvar": 466644238336,
        "dvar2": 676217028608,
        "max": 30256070,
        "mean": 5159390.5,
        "median": 4927135,
        "min": 1754640.125,
        "var": 3.07472236544e+12
    },
    "spectral_strongpeak": {
        "dmean": 0.758151292801,
        "dmean2": 1.29140424728,
        "dvar": 1.50139033794,
        "dvar2": 3.83484506607,
        "max": 12.8894739151,
        "mean": 1.37356448174,
        "median": 0.487829387188,
        "min": 0,
        "var": 3.40506386757
    },
    "zerocrossingrate": {
        "dmean": 0.0121969934553,
        "dmean2": 0.0136336795986,
        "dvar": 0.000295252772048,
        "dvar2": 0.000274684862234,
        "max": 0.5361328125,
        "mean": 0.0728196948767,
        "median": 0.06396484375,
        "min": 0.00341796875,
        "var": 0.00199949508533
    },
    "barkbands": {
        "dmean": [2.43471131398e-05, 0.00349625153467, 0.00173776887823, 0.00122276763432, 0.00138475198764, 0.000695713912137, 0.00112409784924, 0.000668765685987, 0.000962815480307, 0.000994266476482, 0.00139551935717, 0.00086029060185, 0.00046609796118, 0.000413916888647, 0.000314677570714, 0.000248834723607, 0.000190552178537, 0.000160306386533, 0.000195850807359, 0.00017228302022, 0.000143638346344, 0.000115427610581, 9.60440083873e-05, 0.000123782097944, 0.0001426407689, 3.8774953282e-05, 1.43719921653e-06],
        "dmean2": [4.21306867793e-05, 0.0055901077576, 0.00296776648611, 0.0021408633329, 0.00238212500699, 0.00111450359691, 0.00181395094842, 0.00105484423693, 0.00155530299526, 0.00156576838344, 0.0022082477808, 0.00134809699375, 0.000740290619433, 0.000654683855828, 0.00049855344696, 0.000403334066505, 0.000307051697746, 0.000252070720308, 0.000306324160192, 0.00027135873097, 0.000219285939238, 0.000179313632543, 0.000146182632307, 0.000185273020179, 0.000199303380214, 5.62879067729e-05, 2.15132217818e-06],
        "dvar": [2.57342902543e-09, 3.93388872908e-05, 1.45745361806e-05, 8.50045125844e-06, 7.86601049185e-06, 2.48565470429e-06, 8.26222094474e-06, 3.97410849473e-06, 8.68650568009e-06, 9.32356761041e-06, 1.15106186058e-05, 5.1505016927e-06, 1.50547896283e-06, 7.66457446844e-07, 4.66831295398e-07, 3.31677426857e-07, 1.64606404951e-07, 8.39090930072e-08, 9.27749113089e-08, 1.14997448009e-07, 6.33494678937e-08, 9.77896021936e-08, 9.81072574291e-08, 2.37584131924e-07, 3.76606777763e-07, 2.31994690125e-08, 1.77867755247e-11],
        "dvar2": [6.77231781765e-09, 0.000101905672636, 3.61653219443e-05, 2.29617980949e-05, 2.11563310586e-05, 5.9294957282e-06, 2.00529248104e-05, 8.50052128953e-06, 2.10539947147e-05, 2.16521111724e-05, 2.77821436612e-05, 1.23806485135e-05, 3.62046580449e-06, 1.83766928785e-06, 1.0602252587e-06, 8.50247147355e-07, 4.15404002752e-07, 1.9530790496e-07, 2.16236728079e-07, 2.64781533588e-07, 1.44393794699e-07, 2.18601542201e-07, 2.13586233144e-07, 4.94967935083e-07, 6.62899878989e-07, 4.61345557312e-08, 3.50240253466e-11],
        "max": [0.00182127032895, 0.0645815357566, 0.0468292310834, 0.0407959334552, 0.0463154539466, 0.0371571630239, 0.0454620532691, 0.0644576698542, 0.0556607954204, 0.0676998347044, 0.0689553022385, 0.0444920659065, 0.0363245941699, 0.0178694278002, 0.0298137143254, 0.0244959052652, 0.0104829445481, 0.00556004839018, 0.0052541391924, 0.0162178706378, 0.00425161840394, 0.00644139386714, 0.00878545083106, 0.012977026403, 0.0219207108021, 0.00810671970248, 0.000130348169478],
        "mean": [2.5112343792e-05, 0.00626940000802, 0.00273697637022, 0.00145902193617, 0.00208100746386, 0.00117459800094, 0.00159921741579, 0.00100110378116, 0.00137212779373, 0.00151819712482, 0.00263061188161, 0.00163952005096, 0.000787315482739, 0.00075439439388, 0.000551837671082, 0.000431000196841, 0.000374875206035, 0.000327241636114, 0.00041811002302, 0.000371761474526, 0.000317963276757, 0.000194975087652, 0.000153363143909, 0.000211364720599, 0.00024145754287, 5.8459230786e-05, 1.85514488749e-06],
        "median": [1.06245879579e-05, 0.00382484472357, 0.00107521307655, 0.000658443721477, 0.000894148950465, 0.000519731838722, 0.00038079341175, 0.000286368187517, 0.000308974063955, 0.000324095221004, 0.000371217553038, 0.000271551893093, 0.000232921243878, 0.000256595521932, 0.000210458310903, 0.000178568996489, 0.000149530838826, 0.000128910862259, 0.000232215839787, 0.000201442235266, 0.000154344859766, 8.00158668426e-05, 5.31900404894e-05, 7.34287168598e-05, 7.35111316317e-05, 1.72826858034e-05, 2.28014414461e-07],
        "min": [1.83288996235e-16, 1.57779447593e-16, 2.21658993176e-17, 1.05077034454e-17, 6.88843985701e-17, 8.01136334658e-17, 3.52698728972e-17, 5.65338616242e-18, 8.00794345106e-17, 8.0879245371e-17, 1.37543129034e-16, 2.82663391298e-16, 1.92246859343e-16, 1.07186004218e-16, 1.77088291545e-16, 3.10226399267e-16, 3.66097248333e-16, 2.14621022887e-16, 6.29418536402e-16, 3.62161509744e-16, 7.25831002832e-16, 7.91529154622e-16, 1.00694863841e-15, 1.51204603156e-15, 1.60742035324e-15, 2.16210961962e-15, 2.66141330742e-15],
        "var": [2.52459386729e-09, 6.21348590357e-05, 1.85665103345e-05, 7.12496694177e-06, 1.14009599201e-05, 4.84236215925e-06, 1.37176893986e-05, 1.10771716209e-05, 1.52188194988e-05, 1.88503981917e-05, 3.97129406338e-05, 1.80558545253e-05, 4.11824703406e-06, 2.33748801293e-06, 1.40180520702e-06, 5.67815845898e-07, 4.04873759408e-07, 2.38908910433e-07, 2.57553551819e-07, 2.48172227657e-07, 1.98625883741e-07, 1.41441006463e-07, 1.66390520917e-07, 4.26403744314e-07, 8.80152867921e-07, 3.87778733568e-08, 4.57987849034e-11]
    },
    "erbbands": {
        "dmean": [0.0528441481292, 0.940677464008, 2.18179011345, 3.02247905731, 4.11974048615, 5.29957342148, 3.85449194908, 7.28006315231, 15.4969682693, 14.4940977097, 12.9472990036, 22.0934867859, 29.1647605896, 34.0473556519, 58.2924461365, 26.2343940735, 19.903673172, 19.3586483002, 18.2327823639, 13.3490409851, 11.0540342331, 10.2862520218, 8.66836547852, 9.1510515213, 9.31105518341, 7.32700395584, 6.70276832581, 4.94996213913, 4.01200389862, 3.47704982758, 2.72701597214, 2.24613046646, 2.46410822868, 1.89490795135, 0.868104279041, 0.276777207851, 0.0473201461136, 0.00490423385054, 0.000246363517363, 1.66507124959e-05],
        "dmean2": [0.0837799459696, 1.51260566711, 3.67457771301, 5.1456079483, 7.09446811676, 9.28347110748, 6.34676361084, 11.5162601471, 24.8717136383, 23.509223938, 20.4317436218, 35.4295654297, 45.4296264648, 53.5865440369, 91.0944366455, 40.9111022949, 31.3075847626, 30.5723152161, 28.4210624695, 21.0026378632, 17.6344203949, 16.3916473389, 13.5641021729, 14.1864957809, 14.4471321106, 11.5416755676, 10.4516687393, 7.4968624115, 6.29331874847, 5.28943014145, 4.13928747177, 3.41564631462, 3.70206236839, 2.72967123985, 1.22620105743, 0.408568680286, 0.0654112994671, 0.00676120398566, 0.000350225076545, 2.44912607741e-05],
        "dvar": [0.00826451182365, 2.96294641495, 22.0628395081, 49.7824401855, 67.6237716675, 140.536499023, 54.7226867676, 301.414398193, 1744.89746094, 1594.39538574, 1924.99755859, 4421.11328125, 7647.77050781, 11007.2490234, 21163.6132812, 5337.72119141, 2681.18896484, 1657.63024902, 1262.18701172, 843.629089355, 495.204498291, 494.831787109, 251.459640503, 230.534408569, 263.68170166, 184.888793945, 136.356140137, 99.6114120483, 115.5286026, 118.083900452, 81.8538360596, 58.6581115723, 127.169174194, 68.9616165161, 16.5430698395, 1.65717697144, 0.0119019160047, 0.000107180560008, 5.46857336303e-07, 7.51653184139e-10],
        "dvar2": [0.0212371982634, 7.68509817123, 55.9135856628, 132.177719116, 177.089080811, 383.400817871, 131.776916504, 704.952453613, 4288.06884766, 3954.33886719, 4254.140625, 10669.9082031, 17243.0820312, 27012.7226562, 52015.4570312, 13961.6103516, 6451.06738281, 4015.03369141, 2875.13208008, 1891.19494629, 1159.10668945, 1250.57373047, 583.649230957, 533.137084961, 601.366027832, 432.892028809, 317.164825439, 225.654052734, 265.335754395, 263.464416504, 180.045959473, 129.854019165, 283.817077637, 125.481788635, 29.5976581573, 3.04881286621, 0.0231351293623, 0.000212260885746, 1.16314697607e-06, 1.43454326196e-09],
        "max": [1.35831093788, 18.8607769012, 61.6139984131, 87.9591598511, 140.890838623, 212.162567139, 141.309463501, 393.808990479, 712.624450684, 1007.02960205, 1543.80432129, 1385.81872559, 2444.27490234, 2408.85961914, 3659.22705078, 1685.92736816, 1789.2322998, 738.875793457, 1070.41357422, 1053.2878418, 641.042114258, 610.813354492, 274.969329834, 324.214324951, 687.950134277, 541.590942383, 206.375839233, 238.861801147, 237.002883911, 391.536102295, 262.691711426, 208.261703491, 342.376525879, 277.583557129, 202.258148193, 69.3864974976, 3.66001176834, 0.222797960043, 0.0214021578431, 0.000819422537461],
        "mean": [0.0991746559739, 1.66779410839, 3.50147652626, 4.32802534103, 5.62489700317, 7.12210941315, 6.81836509705, 12.3978881836, 22.9870910645, 22.793138504, 18.4902553558, 31.5708522797, 46.1955871582, 57.4862594604, 124.025260925, 56.8960838318, 36.8961486816, 37.2106590271, 35.5132598877, 26.2604789734, 21.399148941, 21.2821502686, 18.9801311493, 20.4705142975, 20.3776397705, 16.6008205414, 14.8613367081, 10.5547714233, 6.84857749939, 5.74376153946, 4.31819248199, 3.78043460846, 3.96887230873, 3.15280818939, 1.42132687569, 0.428775906563, 0.0715533792973, 0.00735757825896, 0.000364693609299, 4.89890990139e-05],
        "median": [0.0506472997367, 1.04850435257, 1.78536748886, 2.39037251472, 2.21700572968, 2.79554438591, 3.54906177521, 4.86905860901, 5.7121720314, 7.18374156952, 6.12959241867, 8.31104755402, 11.7773923874, 14.5120973587, 18.2707443237, 12.2448720932, 12.7446203232, 13.8476715088, 16.5235996246, 11.9905843735, 9.74189758301, 8.98342418671, 7.90234565735, 10.2793626785, 11.5966176987, 9.34076595306, 7.34707021713, 5.15456151962, 3.04729223251, 1.98212039471, 1.45564985275, 1.3898614645, 1.29740417004, 0.879079639912, 0.453090518713, 0.127655550838, 0.0205498710275, 0.00180721096694, 8.03022412583e-05, 3.86175925087e-05],
        "min": [7.54300627222e-15, 2.5091413051e-14, 3.21323744251e-14, 2.86294188497e-14, 1.00240189684e-13, 2.61905541742e-13, 4.52856014407e-13, 7.08583257174e-13, 6.39121730799e-13, 2.80647114706e-13, 2.92597895782e-13, 1.86363077748e-12, 1.75813367771e-12, 3.86302491731e-12, 9.02338533754e-12, 1.03553996975e-11, 9.00494609435e-12, 5.01126744268e-12, 5.53460879557e-12, 1.30009883068e-11, 2.35856802838e-11, 1.73460447395e-11, 1.0175935615e-11, 2.22419582752e-11, 2.97972202468e-11, 1.52963024191e-11, 4.19765507076e-11, 1.92681252897e-11, 3.35410622887e-11, 2.50379786348e-11, 2.88993117631e-11, 2.66152950373e-11, 2.64930195837e-11, 1.74879607323e-11, 1.33949873762e-11, 8.06625686384e-12, 4.30552468678e-12, 1.62034545937e-12, 3.98758933859e-13, 3.55300641339e-14],
        "var": [0.0158519819379, 4.47584629059, 27.1051902771, 45.8996047974, 97.7351531982, 184.754257202, 116.126190186, 615.633239746, 2999.51171875, 3732.20581055, 3102.75610352, 7415.984375, 15841.3964844, 22758.3242188, 90877.0703125, 20353.5605469, 7321.67333984, 4344.75488281, 3956.24414062, 2316.4128418, 1048.43798828, 1259.27246094, 772.233825684, 759.697814941, 639.90447998, 429.37878418, 420.846282959, 239.982833862, 156.087432861, 197.450241089, 136.109970093, 92.2823638916, 206.821121216, 160.607330322, 33.1858901978, 2.96345043182, 0.0241996925324, 0.000257699808571, 1.26606198592e-06, 2.20042073451e-09]
    },
    "gfcc": {
        "mean": [16.4915599823, 71.9504394531, -123.884628296, 30.5304832458, -61.8482666016, 22.2195396423, -35.9959526062, 14.4155006409, -31.9172935486, 7.33083438873, -16.4136810303, -1.55435323715, -9.04463100433],
        "cov": [[4128.05175781, -89.4063186646, 855.499816895, 604.404541016, 368.838226318, 429.406341553, 9.05552959442, 227.900787354, -105.517784119, 257.395996094, 87.2265167236, 91.5762481689, 29.3820819855], [-89.4063186646, 885.812988281, 125.455490112, 201.417541504, 324.816955566, 46.077331543, 157.7865448, 30.8469009399, 50.7198371887, 17.8133182526, 76.8622055054, -42.247341156, 42.9810218811], [855.499816895, 125.455490112, 1452.34179688, 589.307922363, 108.822692871, 164.091018677, -137.854431152, 71.5063323975, -20.1544551849, 110.379165649, -8.71500205994, 7.62683916092, -57.9148292542], [604.404541016, 201.417541504, 589.307922363, 610.229248047, 215.461654663, 115.616287231, 7.44031095505, 55.0311088562, 29.6911811829, 67.9976272583, 37.5075569153, 28.8005504608, 3.48655724525], [368.838226318, 324.816955566, 108.822692871, 215.461654663, 387.986846924, 178.083053589, 161.062637329, 63.6913108826, 20.8268299103, 58.9385452271, 47.6494445801, 15.1931085587, 19.2896747589], [429.406341553, 46.077331543, 164.091018677, 115.616287231, 178.083053589, 343.62588501, 172.906311035, 46.6932983398, -6.44832086563, 61.4283256531, 57.3622817993, 7.72161960602, 30.7247428894], [9.05552959442, 157.7865448, -137.854431152, 7.44031095505, 161.062637329, 172.906311035, 288.072021484, 57.2117424011, 18.5363121033, 29.7272129059, 34.6565589905, -8.74753093719, 40.8097877502], [227.900787354, 30.8469009399, 71.5063323975, 55.0311088562, 63.6913108826, 46.6932983398, 57.2117424011, 190.305587769, 82.3828964233, 24.4389419556, 30.9404640198, 9.68115329742, 21.3501586914], [-105.517784119, 50.7198371887, -20.1544551849, 29.6911811829, 20.8268299103, -6.44832086563, 18.5363121033, 82.3828964233, 141.928787231, 13.7045660019, 14.7237625122, 13.0486650467, 0.0048013352789], [257.395996094, 17.8133182526, 110.379165649, 67.9976272583, 58.9385452271, 61.4283256531, 29.7272129059, 24.4389419556, 13.7045660019, 127.232818604, 47.7880096436, 0.688554406166, 22.6123657227], [87.2265167236, 76.8622055054, -8.71500205994, 37.5075569153, 47.6494445801, 57.3622817993, 34.6565589905, 30.9404640198, 14.7237625122, 47.7880096436, 101.718391418, 21.3765354156, 29.1329059601], [91.5762481689, -42.247341156, 7.62683916092, 28.8005504608, 15.1931085587, 7.72161960602, -8.74753093719, 9.68115329742, 13.0486650467, 0.688554406166, 21.3765354156, 84.3176040649, 13.9699420929], [29.3820819855, 42.9810218811, -57.9148292542, 3.48655724525, 19.2896747589, 30.7247428894, 40.8097877502, 21.3501586914, 0.0048013352789, 22.6123657227, 29.1329059601, 13.9699420929, 102.296508789]],
        "icov": [[0.000440982083092, -6.27785129836e-06, 9.5320334367e-05, -0.000293841905659, -8.58438070281e-05, -0.000512142491061, 0.000491324928589, -0.000820989953354, 0.00087875558529, -0.000775916327257, 0.000431091000792, -0.000454166030977, 0.000196031949599], [-6.27785129836e-06, 0.00278406008147, -0.000860987755004, 0.000291811360512, -0.002744756639, 0.00204641092569, -0.00141199817881, 0.00155755656306, -0.0015325427521, 0.00207402836531, -0.00301449629478, 0.00259117246605, -0.00147794105578], [9.5320334367e-05, -0.000860987755004, 0.00197447137907, -0.00165554089472, 0.00126569415443, -0.00181404815521, 0.00178415142, -0.00160180334933, 0.00147361133713, -0.00191555044148, 0.00212498684414, -0.000818650238216, 0.00136735348497], [-0.000293841905659, 0.000291811360512, -0.00165554089472, 0.00387830729596, -0.00198478461243, 0.00100312044378, -0.000484538497403, 0.00129272649065, -0.0016900957562, 0.00110791693442, -0.0014315181179, 0.000133016787004, -0.000966506137047], [-8.58438070281e-05, -0.002744756639, 0.00126569415443, -0.00198478461243, 0.00755664566532, -0.00297274510376, -0.000468415848445, -0.00197253702208, 0.00170781102497, -0.00270590465516, 0.00290105887689, -0.00297333253548, 0.00220651202835], [-0.000512142491061, 0.00204641092569, -0.00181404815521, 0.00100312044378, -0.00297274510376, 0.00790335517377, -0.0048388345167, 0.00234336382709, -0.00144041515887, 0.00216584582813, -0.00454261247069, 0.00206802971661, -0.00161325279623], [0.000491324928589, -0.00141199817881, 0.00178415142, -0.000484538497403, -0.000468415848445, -0.0048388345167, 0.00863793864846, -0.00300068128854, 0.00164630950894, -0.00218466902152, 0.0027831948828, -0.000402347533964, -5.41351946595e-05], [-0.000820989953354, 0.00155755656306, -0.00160180334933, 0.00129272649065, -0.00197253702208, 0.00234336382709, -0.00300068128854, 0.0107342256233, -0.00724464841187, 0.00330673181452, -0.00399400107563, 0.00252361316234, -0.00268244068138], [0.00087875558529, -0.0015325427521, 0.00147361133713, -0.0016900957562, 0.00170781102497, -0.00144041515887, 0.00164630950894, -0.00724464841187, 0.0129086365923, -0.00392469903454, 0.00272592855617, -0.00357683072798, 0.0028283263091], [-0.000775916327257, 0.00207402836531, -0.00191555044148, 0.00110791693442, -0.00270590465516, 0.00216584582813, -0.00218466902152, 0.00330673181452, -0.00392469903454, 0.014187598601, -0.00777335651219, 0.00435990933329, -0.00324725988321], [0.000431091000792, -0.00301449629478, 0.00212498684414, -0.0014315181179, 0.00290105887689, -0.00454261247069, 0.0027831948828, -0.00399400107563, 0.00272592855617, -0.00777335651219, 0.0183867048472, -0.00610260851681, 0.000250409182627], [-0.000454166030977, 0.00259117246605, -0.000818650238216, 0.000133016787004, -0.00297333253548, 0.00206802971661, -0.000402347533964, 0.00252361316234, -0.00357683072798, 0.00435990933329, -0.00610260851681, 0.0163077525795, -0.00330558558926], [0.000196031949599, -0.00147794105578, 0.00136735348497, -0.000966506137047, 0.00220651202835, -0.00161325279623, -5.41351946595e-05, -0.00268244068138, 0.0028283263091, -0.00324725988321, 0.000250409182627, -0.00330558558926, 0.0128949210048]]
    },
    "melbands": {
        "dmean": [0.000745865108911, 0.00119483890012, 0.000534706457984, 0.000334552896675, 0.000153696877533, 0.000162181037012, 0.000229444689467, 0.000157346308697, 0.000104775550426, 0.000149689774844, 0.000151504631503, 0.000139195937663, 0.000182154282811, 0.000117226787552, 5.23201815668e-05, 4.74708576803e-05, 3.89851593354e-05, 3.39751313732e-05, 2.32429374591e-05, 2.0069135644e-05, 1.24953758132e-05, 1.21782622955e-05, 9.04880562302e-06, 8.24993458082e-06, 8.29300006444e-06, 7.63877233112e-06, 7.25498421161e-06, 5.0217986427e-06, 4.64309687231e-06, 3.89396927858e-06, 2.92078425446e-06, 2.39962355408e-06, 2.33083096646e-06, 1.87349689895e-06, 1.6599249193e-06, 1.46616139318e-06, 1.48153765167e-06, 1.77925767275e-06, 1.93969935935e-06, 1.60871809385e-06],
        "dmean2": [0.00118564348668, 0.00197309581563, 0.000899647013284, 0.000580165011343, 0.000257963518379, 0.000258203275735, 0.000368000939488, 0.000252158759395, 0.00016674460494, 0.000239632339799, 0.000236975611188, 0.000220195986913, 0.000287139875581, 0.000179978960659, 8.07871765574e-05, 7.59151298553e-05, 6.17549376329e-05, 5.28870878043e-05, 3.63512408512e-05, 3.27198649757e-05, 1.97645022126e-05, 1.96071832761e-05, 1.43427132571e-05, 1.29607387862e-05, 1.29963318614e-05, 1.19679461932e-05, 1.14039603432e-05, 8.01359328761e-06, 7.35237927074e-06, 6.00139583185e-06, 4.48105811302e-06, 3.80334768124e-06, 3.67010193258e-06, 2.88554178951e-06, 2.5549604743e-06, 2.30626847042e-06, 2.28677981795e-06, 2.73974114862e-06, 2.84100337922e-06, 2.3607442472e-06],
        "dvar": [1.65802850915e-06, 5.529990176e-06, 1.33972434924e-06, 4.92521564865e-07, 8.86876421191e-08, 1.4092604772e-07, 3.55109989414e-07, 1.76529624696e-07, 1.32518607643e-07, 2.0600135997e-07, 2.09444124266e-07, 1.89379960602e-07, 1.90004627143e-07, 9.12967266231e-08, 2.25113598873e-08, 1.76773653493e-08, 7.44795469743e-09, 4.80562922789e-09, 3.26112892246e-09, 2.53942933348e-09, 6.54729104266e-10, 7.18662407362e-10, 3.65193680851e-10, 2.50885312525e-10, 2.03034922208e-10, 1.60384261427e-10, 2.4540572352e-10, 8.48968256806e-11, 6.75273795214e-11, 5.10845254986e-11, 4.32189076194e-11, 4.16168592643e-11, 4.67341478017e-11, 3.80325736182e-11, 2.95160909602e-11, 2.7669038935e-11, 2.78041218521e-11, 7.46059672374e-11, 1.01957789433e-10, 5.02447909667e-11],
        "dvar2": [4.23932988269e-06, 1.41272230394e-05, 3.48003550243e-06, 1.32845161716e-06, 2.21076732032e-07, 3.32758759214e-07, 8.65334072842e-07, 4.28559275178e-07, 2.94920596389e-07, 4.94508924476e-07, 4.75233917996e-07, 4.63448003529e-07, 4.60336678998e-07, 2.08861550277e-07, 5.25025427578e-08, 4.42757617236e-08, 1.81907893193e-08, 1.06964463953e-08, 7.01209401655e-09, 6.76640077302e-09, 1.49901602242e-09, 1.82482107203e-09, 8.80201189712e-10, 5.96098392869e-10, 4.77360651008e-10, 3.6835268169e-10, 5.77726588791e-10, 2.09425449205e-10, 1.63032115585e-10, 1.15694780145e-10, 9.94190910153e-11, 9.63545979116e-11, 1.06940879763e-10, 8.56094292678e-11, 6.54027457192e-11, 6.43954195523e-11, 6.54361426156e-11, 1.82411766247e-10, 2.26874824483e-10, 9.36987570865e-11],
        "max": [0.014978537336, 0.0301350913942, 0.0183258652687, 0.0119576714933, 0.00490489974618, 0.00867477152497, 0.0096351923421, 0.0127986762673, 0.0130906654522, 0.00954243633896, 0.0119161745533, 0.00902878772467, 0.00943557545543, 0.00644248258322, 0.00351414363831, 0.00453262869269, 0.00165562075563, 0.00175852468237, 0.00327101885341, 0.00229858979583, 0.000499125162605, 0.000641668681055, 0.000423623889219, 0.000404333259212, 0.000321059633279, 0.000268547330052, 0.00081203924492, 0.00025771788205, 0.000163602351677, 0.000133833586005, 0.000171564126504, 0.00015506343334, 0.00020204752218, 0.00024684946402, 0.000166139245266, 0.00013671904162, 0.000143128418131, 0.00025155741605, 0.000320989987813, 0.000218534201849],
        "mean": [0.00138446164783, 0.00209101010114, 0.000797527725808, 0.000457429036032, 0.000267542694928, 0.000274776888546, 0.00033837693627, 0.000247502146522, 0.000141228345456, 0.000212088838452, 0.000232876220252, 0.000219041728997, 0.000373637565644, 0.000240764624323, 9.71054178081e-05, 7.78457033448e-05, 6.99827505741e-05, 6.12614167039e-05, 4.02180085075e-05, 3.50407899532e-05, 2.17767301365e-05, 2.2598722353e-05, 1.81806553883e-05, 1.59294595505e-05, 1.67906382558e-05, 1.48027884279e-05, 1.44062114487e-05, 1.02717076516e-05, 9.55809628067e-06, 7.99783174443e-06, 5.47683202967e-06, 3.78285653824e-06, 3.71247415387e-06, 2.9146963243e-06, 2.48152605309e-06, 2.26282872973e-06, 2.36715709434e-06, 2.70646955869e-06, 2.90918364954e-06, 2.60270076069e-06],
        "median": [0.00077923561912, 0.00156003492884, 0.000466612982564, 0.0001853977883, 0.000136663453304, 0.000110684544779, 8.34016027511e-05, 7.43554919609e-05, 4.29733117926e-05, 4.87909928779e-05, 5.15696192451e-05, 4.35867368651e-05, 5.25890245626e-05, 3.43000865541e-05, 2.37657714024e-05, 2.25595176744e-05, 2.31618087128e-05, 2.51822220889e-05, 1.46375377881e-05, 1.44247187563e-05, 9.38601806411e-06, 8.82306358108e-06, 7.05460433892e-06, 6.31958437225e-06, 8.11495010566e-06, 8.12975304143e-06, 7.1549425229e-06, 5.60741409572e-06, 4.66604251415e-06, 3.57401108886e-06, 2.49895879278e-06, 1.6306607904e-06, 1.30051864744e-06, 9.39263145483e-07, 7.47874821627e-07, 8.6663322918e-07, 8.27932524317e-07, 9.07294577246e-07, 7.88236263816e-07, 6.90691081218e-07],
        "min": [6.44063272839e-17, 2.25700845803e-17, 6.61675089589e-18, 1.29413159568e-17, 1.54693544439e-17, 1.58689505086e-17, 9.1547759345e-18, 2.41723309453e-18, 3.28127514992e-18, 1.2411202372e-17, 8.69845430496e-18, 1.47989377923e-17, 2.37975792503e-17, 3.47447091612e-17, 2.22689544414e-17, 1.64466402135e-17, 9.12880411762e-18, 8.48711296717e-18, 1.58802150542e-17, 1.54724447907e-17, 3.28641107299e-17, 2.08376656295e-17, 1.17207770486e-17, 8.24602952328e-18, 1.82461584012e-17, 2.69950988477e-17, 1.10314560113e-17, 1.03071336536e-17, 2.46281761188e-17, 2.24465947866e-17, 8.42874544879e-18, 2.08795573644e-17, 1.19970743983e-17, 1.63895614425e-17, 1.96454733737e-17, 1.2420852261e-17, 1.57208769071e-17, 1.82284666623e-17, 1.39282888386e-17, 1.58355224857e-17],
        "var": [2.93427547149e-06, 7.25872769181e-06, 1.36361666137e-06, 6.39232155208e-07, 1.86159098803e-07, 2.84310743837e-07, 6.10920153576e-07, 5.05471177803e-07, 2.02935794391e-07, 3.73421670474e-07, 4.29719108297e-07, 3.7885743609e-07, 7.63212881338e-07, 3.47286601254e-07, 7.97117110096e-08, 4.4810906985e-08, 1.94227123274e-08, 1.43298830579e-08, 9.79173808702e-09, 4.28542312747e-09, 1.25555410513e-09, 1.58638457926e-09, 8.78643768853e-10, 6.21188822603e-10, 5.89709392429e-10, 3.64053370783e-10, 4.63788951688e-10, 1.77531059298e-10, 1.82711831775e-10, 1.54425097709e-10, 8.06828701072e-11, 5.36750331681e-11, 6.60629814742e-11, 6.2074123619e-11, 4.90886047089e-11, 3.76167638705e-11, 3.89774254539e-11, 9.39720037896e-11, 1.72643649377e-10, 1.09654216263e-10]
    },
    "mfcc": {
        "mean": [-624.027404785, 102.207489014, -4.05794239044, 14.831492424, -0.267190337181, 4.74561214447, 9.26417732239, -0.0974190160632, 1.545596838, 2.22125506401, -2.37694406509, -1.41974389553, 0.0112442784011],
        "cov": [[3477.40966797, -250.781845093, 386.11618042, 291.622741699, 439.567047119, 207.459854126, 349.687194824, 29.0315170288, 144.678039551, 28.5977134705, 61.2729797363, 140.601043701, 151.435424805], [-250.781845093, 730.965759277, -86.9891967773, 137.324523926, 106.544021606, 74.9617385864, 133.407791138, 38.5676612854, 55.638999939, 45.8160209656, 36.9904632568, 46.904296875, 2.71850061417], [386.11618042, -86.9891967773, 1221.63476562, 372.74609375, 343.801208496, 119.390586853, 39.5284576416, -30.7390327454, -10.4981241226, 42.6203613281, 27.0131263733, 29.6965732574, 32.5065193176], [291.622741699, 137.324523926, 372.74609375, 513.033325195, 259.111907959, 104.897987366, 63.9391059875, 18.1003627777, 47.1754798889, 8.58162879944, 32.1281776428, 57.3798522949, 42.9477729797], [439.567047119, 106.544021606, 343.801208496, 259.111907959, 346.540771484, 103.449081421, 90.0691604614, 45.0651054382, 49.6756896973, 28.0354270935, 40.7731513977, 62.0846595764, 55.0157623291], [207.459854126, 74.9617385864, 119.390586853, 104.897987366, 103.449081421, 311.8387146, 187.607696533, 40.2866630554, 39.9690055847, 30.2424278259, 22.7251338959, 17.9816532135, 70.8161239624], [349.687194824, 133.407791138, 39.5284576416, 63.9391059875, 90.0691604614, 187.607696533, 315.850250244, 45.7586669922, 86.5885772705, 59.2868270874, 21.251701355, 56.1278381348, 60.520401001], [29.0315170288, 38.5676612854, -30.7390327454, 18.1003627777, 45.0651054382, 40.2866630554, 45.7586669922, 191.65965271, 52.5282287598, 30.5036182404, 44.1933784485, 12.3060626984, 16.7926597595], [144.678039551, 55.638999939, -10.4981241226, 47.1754798889, 49.6756896973, 39.9690055847, 86.5885772705, 52.5282287598, 155.890304565, 55.2385292053, 29.1667423248, 36.6859207153, 34.3874130249], [28.5977134705, 45.8160209656, 42.6203613281, 8.58162879944, 28.0354270935, 30.2424278259, 59.2868270874, 30.5036182404, 55.2385292053, 100.961555481, 41.0627708435, 27.2026939392, 8.69232273102], [61.2729797363, 36.9904632568, 27.0131263733, 32.1281776428, 40.7731513977, 22.7251338959, 21.251701355, 44.1933784485, 29.1667423248, 41.0627708435, 97.6461257935, 44.0122489929, 13.1640853882], [140.601043701, 46.904296875, 29.6965732574, 57.3798522949, 62.0846595764, 17.9816532135, 56.1278381348, 12.3060626984, 36.6859207153, 27.2026939392, 44.0122489929, 98.2434463501, 32.9742546082], [151.435424805, 2.71850061417, 32.5065193176, 42.9477729797, 55.0157623291, 70.8161239624, 60.520401001, 16.7926597595, 34.3874130249, 8.69232273102, 13.1640853882, 32.9742546082, 102.944015503]],
