{
"lowlevel": {
    "average_loudness": 0.776304781437,
    "barkbands_crest": {
        "dmean": 3.26474571228,
        "dmean2": 5.13336515427,
        "dvar": 10.7344655991,
        "dvar2": 20.4344348907,
        "max": 26.0471000671,
        "mean": 10.9885730743,
        "median": 9.81015300751,
        "min": 2.47365093231,
        "var": 25.9064464569
    },
    "barkbands_flatness_db": {
        "dmean": 0.0253755059093,
        "dmean2": 0.0373200327158,
        "dvar": 0.000685687060468,
        "dvar2": 0.00126013497356,
        "max": 0.381423562765,
        "mean": 0.134299188852,
        "median": 0.125104635954,
        "min": 0.0268498193473,
        "var": 0.00273908674717
    },
    "barkbands_kurtosis": {
        "dmean": 3.18185210228,
        "dmean2": 4.86302089691,
        "dvar": 97.2716140747,
        "dvar2": 200.760543823,
        "max": 316.727935791,
        "mean": 3.17883777618,
        "median": 0.516224861145,
        "min": -1.95294392109,
        "var": 122.635360718
    },
    "barkbands_skewness": {
        "dmean": 0.589206039906,
        "dmean2": 0.850852608681,
        "dvar": 0.624928534031,
        "dvar2": 1.08634436131,
        "max": 16.2552528381,
        "mean": 1.15136349201,
        "median": 0.870174825191,
        "min": -2.23880720139,
        "var": 1.84265375137
    },
    "barkbands_spread": {
        "dmean": 7.01281833649,
        "dmean2": 10.711848259,
        "dvar": 76.0207443237,
        "dvar2": 150.31842041,
        "max": 121.130241394,
        "mean": 28.3079395294,
        "median": 26.2743434906,
        "min": 0.716010808945,
        "var": 315.667419434
    },
    "dissonance": {
        "dmean": 0.0179619286209,
        "dmean2": 0.0306043233722,
        "dvar": 0.000329000817146,
        "dvar2": 0.000915170763619,
        "max": 0.500000059605,
        "mean": 0.468378275633,
        "median": 0.476381361485,
        "min": 0.230905383825,
        "var": 0.000791330705397
    },
    "dynamic_complexity": 3.61086845398,
    "erbbands_crest": {
        "dmean": 2.74191045761,
        "dmean2": 4.39637327194,
        "dvar": 6.36637163162,
        "dvar2": 15.407661438,
        "max": 30.0461540222,
        "mean": 10.0331802368,
        "median": 8.90129375458,
        "min": 2.16775178909,
        "var": 24.3999652863
    },
    "erbbands_flatness_db": {
        "dmean": 0.0169579833746,
        "dmean2": 0.0250074770302,
        "dvar": 0.000266349321464,
        "dvar2": 0.000527977535967,
        "max": 0.397058993578,
        "mean": 0.165635719895,
        "median": 0.156267434359,
        "min": 0.0511906705797,
        "var": 0.00361898029223
    },
    "erbbands_kurtosis": {
        "dmean": 0.952837646008,
        "dmean2": 1.51025378704,
        "dvar": 2.22873902321,
        "dvar2": 5.22016429901,
        "max": 41.2820472717,
        "mean": 0.6847666502,
        "median": -0.00437545776367,
        "min": -1.79754710197,
        "var": 5.64767074585
    },
    "erbbands_skewness": {
        "dmean": 0.361770480871,
        "dmean2": 0.553939342499,
        "dvar": 0.121181927621,
        "dvar2": 0.255651384592,
        "max": 5.63278388977,
        "mean": 0.316699773073,
        "median": 0.266595602036,
        "min": -4.32246828079,
        "var": 0.83064031601
    },
    "erbbands_spread": {
        "dmean": 7.12275505066,
        "dmean2": 10.7423028946,
        "dvar": 68.1062774658,
        "dvar2": 142.215896606,
        "max": 146.527587891,
        "mean": 35.0988540649,
        "median": 31.7810211182,
        "min": 4.28154087067,
        "var": 342.442504883
    },
    "hfc": {
        "dmean": 5.95453739166,
        "dmean2": 8.8817281723,
        "dvar": 71.4121856689,
        "dvar2": 161.44178772,
        "max": 136.645446777,
        "mean": 21.0945930481,
        "median": 14.9579992294,
        "min": 3.71497299589e-09,
        "var": 392.045410156
    },
    "melbands_crest": {
        "dmean": 4.06704807281,
        "dmean2": 6.2542681694,
        "dvar": 13.2571668625,
        "dvar2": 30.471540451,
        "max": 32.1868476868,
        "mean": 15.1069498062,
        "median": 14.081908226,
        "min": 3.61661696434,
        "var": 35.7275657654
    },
    "melbands_flatness_db": {
        "dmean": 0.0303149018437,
        "dmean2": 0.0437744148076,
        "dvar": 0.000996560673229,
        "dvar2": 0.00175374140963,
        "max": 0.480620026588,
        "mean": 0.175828263164,
        "median": 0.165202721953,
        "min": 0.0239363983274,
        "var": 0.00355325476266
    },
    "melbands_kurtosis": {
        "dmean": 8.60391807556,
        "dmean2": 12.9655370712,
        "dvar": 572.305175781,
        "dvar2": 1071.11193848,
        "max": 474.078094482,
        "mean": 11.6790456772,
        "median": 4.15302658081,
        "min": -1.76450490952,
        "var": 834.663024902
    },
    "melbands_skewness": {
        "dmean": 0.821324944496,
        "dmean2": 1.18064057827,
        "dvar": 1.33543622494,
        "dvar2": 2.28486895561,
        "max": 16.5881652832,
        "mean": 2.2122657299,
        "median": 1.79715156555,
        "min": -1.12317466736,
        "var": 3.88506793976
    },
    "melbands_spread": {
        "dmean": 9.72834968567,
        "dmean2": 14.723654747,
        "dvar": 186.553970337,
        "dvar2": 365.497070312,
        "max": 246.624801636,
        "mean": 32.5254669189,
        "median": 29.1065673828,
        "min": 0.537895858288,
        "var": 570.715698242
    },
    "pitch_salience": {
        "dmean": 0.0837444365025,
        "dmean2": 0.128913715482,
        "dvar": 0.00737526081502,
        "dvar2": 0.0142744537443,
        "max": 0.91861140728,
        "mean": 0.520870804787,
        "median": 0.525784254074,
        "min": 0.0643417909741,
        "var": 0.0181689336896
    },
    "silence_rate_20dB": {
        "dmean": 0,
        "dmean2": 0,
        "dvar": 0,
        "dvar2": 0,
        "max": 1,
        "mean": 1,
        "median": 1,
        "min": 1,
        "var": 0
    },
    "silence_rate_30dB": {
        "dmean": 0.0127312038094,
        "dmean2": 0.0254654660821,
        "dvar": 0.0125674773008,
        "dvar2": 0.0356211848557,
        "max": 1,
        "mean": 0.992674410343,
        "median": 1,
        "min": 0,
        "var": 0.00727166654542
    },
    "silence_rate_60dB": {
        "dmean": 0.019457122311,
        "dmean2": 0.0389189198613,
        "dvar": 0.0190799217671,
        "dvar2": 0.0443766154349,
        "max": 1,
        "mean": 0.0798606947064,
        "median": 0,
        "min": 0,
        "var": 0.0734759792686
    },
    "spectral_centroid": {
        "dmean": 251.860733032,
        "dmean2": 379.917388916,
        "dvar": 90005.4140625,
        "dvar2": 168671.25,
        "max": 5458.03369141,
        "mean": 1817.76293945,
        "median": 1825.17089844,
        "min": 256.082397461,
        "var": 463523.65625
    },
    "spectral_complexity": {
        "dmean": 3.52918577194,
        "dmean2": 5.44048070908,
        "dvar": 18.2465896606,
        "dvar2": 38.0828781128,
        "max": 54,
        "mean": 16.8412399292,
        "median": 15,
        "min": 0,
        "var": 97.496055603
    },
    "spectral_decrease": {
        "dmean": 2.46775488932e-09,
        "dmean2": 3.55256046802e-09,
        "dvar": 1.898236569e-17,
        "dvar2": 3.63290578193e-17,
        "max": -1.02264209883e-20,
        "mean": -5.57155255265e-09,
        "median": -3.29512928054e-09,
        "min": -4.22056523064e-08,
        "var": 3.98207956344e-17
    },
    "spectral_energy": {
        "dmean": 0.00965705234557,
        "dmean2": 0.0139551954344,
        "dvar": 0.000277254672255,
        "dvar2": 0.000531892525032,
        "max": 0.166171103716,
        "mean": 0.0229416768998,
        "median": 0.0139471786097,
        "min": 3.75555326854e-13,
        "var": 0.000617730722297
    },
    "spectral_energyband_high": {
        "dmean": 0.000397976575186,
        "dmean2": 0.000596242432948,
        "dvar": 5.00410749282e-07,
        "dvar2": 1.07036214558e-06,
        "max": 0.00987790431827,
        "mean": 0.0009568806272,
        "median": 0.000486371776788,
        "min": 3.0007292766e-13,
        "var": 1.65461528923e-06
    },
    "spectral_energyband_low": {
        "dmean": 0.00739460112527,
        "dmean2": 0.0103154126555,
        "dvar": 0.00027120046434,
        "dvar2": 0.000500552472658,
        "max": 0.145385473967,
        "mean": 0.00963729247451,
        "median": 0.00294254743494,
        "min": 1.17075208374e-14,
        "var": 0.000402156496421
    },
    "spectral_energyband_middle_high": {
        "dmean": 0.002373539377,
        "dmean2": 0.00359669304453,
        "dvar": 1.64899574884e-05,
        "dvar2": 3.92791407648e-05,
        "max": 0.103752918541,
        "mean": 0.00800313614309,
        "median": 0.00385265098885,
        "min": 4.46567662135e-14,
        "var": 0.000123408288346
    },
    "spectral_energyband_middle_low": {
        "dmean": 0.00257764104754,
        "dmean2": 0.00420224061236,
        "dvar": 2.40719891735e-05,
        "dvar2": 6.25549218967e-05,
        "max": 0.0782060101628,
        "mean": 0.0048314537853,
        "median": 0.00312987272628,
        "min": 1.24488161207e-14,
        "var": 3.29273098032e-05
    },
    "spectral_entropy": {
        "dmean": 0.142753094435,
        "dmean2": 0.208394676447,
        "dvar": 0.02144991979,
        "dvar2": 0.0433383211493,
        "max": 8.94966888428,
        "mean": 7.72006797791,
        "median": 7.72044706345,
        "min": 5.9704875946,
        "var": 0.158821329474
    },
    "spectral_flux": {
        "dmean": 0.0279512517154,
        "dmean2": 0.0445652343333,
        "dvar": 0.00115372892469,
        "dvar2": 0.00269054970704,
        "max": 0.313905090094,
        "mean": 0.0829258561134,
        "median": 0.0670644938946,
        "min": 1.7267648218e-05,
        "var": 0.0031158993952
    },
    "spectral_kurtosis": {
        "dmean": 1.0681630373,
        "dmean2": 1.81173419952,
        "dvar": 1.25560116768,
        "dvar2": 3.68550157547,
        "max": 17.8302783966,
        "mean": 3.56538796425,
        "median": 3.31854009628,
        "min": -1.39211726189,
        "var": 4.3621134758
    },
    "spectral_rms": {
        "dmean": 0.000846282346174,
        "dmean2": 0.00119523203466,
        "dvar": 1.33259982249e-06,
        "dvar2": 2.18567424781e-06,
        "max": 0.012732562609,
        "mean": 0.00417883787304,
        "median": 0.00368876731955,
        "min": 1.91414581963e-08,
        "var": 4.91948367198e-06
    },
    "spectral_rolloff": {
        "dmean": 608.633300781,
        "dmean2": 981.004516602,
        "dvar": 1129972.375,
        "dvar2": 2120469,
        "max": 17334.2285156,
        "mean": 1982.27746582,
        "median": 1658.05664062,
        "min": 64.599609375,
        "var": 2950185
    },
    "spectral_skewness": {
        "dmean": 0.157772377133,
        "dmean2": 0.255346179008,
        "dvar": 0.021509071812,
        "dvar2": 0.052406784147,
        "max": 3.14030456543,
        "mean": 1.3696461916,
        "median": 1.34643340111,
        "min": -0.144465982914,
        "var": 0.128730639815
    },
    "spectral_spread": {
        "dmean": 475523.96875,
        "dmean2": 712772.8125,
        "dvar": 420500373504,
        "dvar2": 756599947264,
        "max": 25206056,
        "mean": 4749773,
        "median": 4396079.5,
        "min": 1975642.25,
        "var": 2.63707793818e+12
    },
    "spectral_strongpeak": {
        "dmean": 0.658302009106,
        "dmean2": 1.10698735714,
        "dvar": 1.10128700733,
        "dvar2": 2.70492935181,
        "max": 11.9967956543,
        "mean": 1.24199748039,
        "median": 0.486794024706,
        "min": 0,
        "var": 3.17716121674
    },
    "zerocrossingrate": {
        "dmean": 0.0125478198752,
        "dmean2": 0.0147852739319,
        "dvar": 0.000268738833256,
        "dvar2": 0.00028194321203,
        "max": 0.69921875,
        "mean": 0.0733631551266,
        "median": 0.06640625,
        "min": 0.00439453125,
        "var": 0.00171864125878
    },
    "barkbands": {
        "dmean": [0.000391450768802, 0.00700564216822, 0.00109951070044, 0.00077743845759, 0.00056574982591, 0.00059018691536, 0.000428744155215, 0.000263048481429, 0.00066217337735, 0.00100486923475, 0.000878265942447, 0.000443756754976, 0.000215828942601, 0.000324642460328, 0.000230041987379, 0.000284989335341, 0.000225674855756, 0.000183060983545, 0.000263869791524, 0.000123860998428, 0.000130299391458, 9.90436601569e-05, 7.14080815669e-05, 6.83552498231e-05, 5.36917323188e-05, 1.84108685062e-05, 5.66348212772e-08],
        "dmean2": [0.000666198786348, 0.0103867491707, 0.00192348903511, 0.001421366469, 0.00100446364377, 0.000947380205616, 0.000702243880369, 0.000433059671195, 0.0010683654109, 0.00163664051797, 0.00137791479938, 0.000685898354277, 0.000338757148711, 0.000511486374307, 0.00035485762055, 0.000442620395916, 0.000357358658221, 0.000295807403745, 0.000410089356592, 0.000191439205082, 0.000200941678486, 0.000157506903633, 0.000110022308945, 0.000107118707092, 8.23321679491e-05, 2.81692482531e-05, 9.80066232614e-08],
        "dvar": [3.95574858203e-07, 0.000292028416879, 1.20875392895e-05, 6.74547618473e-06, 2.79631649391e-06, 1.62931223713e-06, 8.91510580914e-07, 6.40160294552e-07, 3.92858555642e-06, 7.87439876149e-06, 8.24336711958e-06, 3.38606855621e-06, 4.11749368823e-07, 6.35610263089e-07, 4.86175679271e-07, 3.89385490962e-07, 2.36843050061e-07, 1.18122692072e-07, 2.15586240415e-07, 4.48328982827e-08, 7.44248112028e-08, 4.8762515803e-08, 2.47350442351e-08, 2.73354547886e-08, 3.12583665618e-08, 2.20099005688e-09, 3.22397849791e-14],
        "dvar2": [1.06944389699e-06, 0.000600441650022, 3.29460999637e-05, 1.91901854123e-05, 8.00911402621e-06, 3.94028438677e-06, 2.2000572244e-06, 1.57453837346e-06, 9.38896664593e-06, 1.88917765627e-05, 1.85690860235e-05, 7.06429273123e-06, 8.3599888967e-07, 1.42854344176e-06, 1.03987838429e-06, 8.80952484295e-07, 5.73138379423e-07, 2.94957118285e-07, 4.97885935147e-07, 1.02692027326e-07, 1.73599502773e-07, 1.17233348362e-07, 5.33732986696e-08, 5.77461420903e-08, 6.25003693244e-08, 4.83590234523e-09, 8.64087650715e-14],
        "max": [0.00574574340135, 0.142305895686, 0.0393898636103, 0.0285777710378, 0.0229507032782, 0.0268495567143, 0.0198106896132, 0.0203997194767, 0.0713805034757, 0.0669250488281, 0.0976144969463, 0.0567550435662, 0.0265697315335, 0.0193419698626, 0.0236277300864, 0.017424210906, 0.0133186914027, 0.00860170181841, 0.0109473466873, 0.00355150830001, 0.0055360882543, 0.00395778752863, 0.00267524947412, 0.0045563718304, 0.00527605367824, 0.00190334802028, 4.0333029574e-06],
        "mean": [0.000476863002405, 0.00791116245091, 0.000949553039391, 0.000644317595288, 0.000625587417744, 0.000983837409876, 0.000723121862393, 0.000338462617947, 0.00122171780095, 0.00215444015339, 0.00182436790783, 0.000809415592812, 0.000338500190992, 0.000552952347789, 0.00041687436169, 0.000518720189575, 0.000430158630479, 0.000327113695676, 0.000614048505668, 0.000254882470472, 0.000276684411801, 0.000172841842868, 0.000136196409585, 0.00011920902034, 9.09270092961e-05, 2.9651553632e-05, 4.81659725438e-08],
        "median": [0.000227373850066, 0.00205786223523, 0.000269492040388, 0.000116086011985, 0.0001631238556, 0.000306769623421, 0.000296513695503, 7.35916910344e-05, 0.000273362791631, 0.000287603528704, 0.000311185256578, 0.000113634720037, 0.000116651906865, 0.000172175903572, 0.000104904829641, 0.000159285234986, 0.000136502916575, 0.000129577107145, 0.000225425799727, 0.000107509265945, 6.86576313456e-05, 7.58810056141e-05, 6.18990088697e-05, 4.6000295697e-05, 2.00244085136e-05, 8.4500925368e-06, 4.08245970362e-09],
        "min": [9.31434105327e-15, 5.41113149365e-15, 1.41593267364e-15, 9.5097257197e-16, 7.22568020161e-16, 1.17998479051e-16, 1.01959145218e-15, 4.13969988795e-15, 4.31690045107e-15, 5.59492959639e-15, 1.28541950779e-15, 2.39306014071e-15, 2.810886247e-15, 6.07239402194e-15, 1.75439952195e-15, 3.40191597968e-15, 4.41396322704e-15, 9.19027783156e-16, 9.02224851768e-15, 1.49942754881e-14, 2.65128105695e-14, 2.09158591054e-14, 2.05985707278e-14, 3.41436338295e-14, 3.97182219297e-14, 6.19519219995e-14, 9.14055005188e-14],
        "var": [4.81094957649e-07, 0.000345005304553, 8.04943010735e-06, 4.12100325775e-06, 2.15719137486e-06, 3.42959083355e-06, 1.79754624696e-06, 8.26859434255e-07, 9.00027043826e-06, 3.30334769387e-05, 3.75512427127e-05, 1.0414197277e-05, 7.93996150605e-07, 1.41685973176e-06, 1.72661168563e-06, 1.02425633486e-06, 6.91341483616e-07, 2.67886946403e-07, 8.44793476062e-07, 1.36957893915e-07, 2.48201615705e-07, 9.20024803008e-08, 6.03997349913e-08, 6.4372663644e-08, 8.44072900463e-08, 4.49374315536e-09, 2.91331357909e-14]
    },
    "erbbands": {
        "dmean": [0.239810049534, 1.48562955856, 1.33573615551, 2.05689620972, 1.94800043106, 1.77450287342, 4.24837970734, 4.67320537567, 6.24812316895, 5.40039825439, 7.02383947372, 15.1844978333, 22.6856861115, 34.241607666, 29.6279067993, 14.0607233047, 8.92107009888, 11.7598133087, 15.4074048996, 11.41401577, 14.2519569397, 12.9146614075, 8.69745922089, 14.3846597672, 9.26379680634, 5.59599113464, 5.91071462631, 4.24248886108, 3.42964029312, 2.87629199028, 2.02039289474, 1.54353022575, 1.09764039516, 0.728185534477, 0.356712341309, 0.120013237, 0.0268754065037, 0.00300935842097, 6.1194463342e-05, 1.24672260426e-05],
        "dmean2": [0.373228102922, 2.16994285583, 2.04643058777, 3.70864415169, 3.48276376724, 3.13110280037, 6.99392557144, 7.41747951508, 10.2364358902, 9.01156425476, 11.2691230774, 23.750043869, 35.5133934021, 53.3389511108, 44.3371429443, 21.1482849121, 13.8773050308, 18.3527851105, 23.8215198517, 17.8343486786, 21.9093475342, 20.3379936218, 13.9550018311, 22.5542888641, 14.1023845673, 8.59133148193, 9.03892326355, 6.5150551796, 5.43126487732, 4.55199432373, 3.15829634666, 2.42716407776, 1.71009218693, 1.12973451614, 0.544452309608, 0.1835090518, 0.0411566458642, 0.00469325482845, 9.2936650617e-05, 1.84848995559e-05],
        "dvar": [0.336426138878, 13.5652570724, 12.5501451492, 47.6752967834, 40.9352455139, 26.0453681946, 91.585975647, 111.483673096, 221.002243042, 189.487884521, 435.050170898, 2175.6237793, 4305.80224609, 8477.265625, 10004.2226562, 2432.92114258, 645.392089844, 1110.93395996, 1786.65014648, 682.029907227, 1184.90490723, 754.689453125, 291.683929443, 708.730041504, 264.088562012, 99.5847625732, 163.875595093, 81.4349060059, 59.2822875977, 41.9104194641, 20.0436954498, 13.6302576065, 7.90905570984, 6.21817684174, 1.44488990307, 0.129338890314, 0.00397855229676, 6.74586626701e-05, 2.12511785946e-08, 4.03084926548e-10],
        "dvar2": [0.765164732933, 27.8729000092, 29.0995750427, 134.243499756, 115.282356262, 74.2127304077, 241.669189453, 259.452392578, 540.381896973, 501.556182861, 1063.00476074, 5000.07275391, 9830.90917969, 19787.1367188, 20984.3730469, 5443.93847656, 1314.27185059, 2445.60522461, 3819.24951172, 1616.41479492, 2548.13208008, 1770.23999023, 709.118286133, 1711.97827148, 583.516906738, 227.50970459, 376.498779297, 187.350769043, 141.512908936, 95.121673584, 44.6630210876, 29.1553287506, 17.0239677429, 12.5203990936, 3.16205692291, 0.262788742781, 0.00876035820693, 0.000163479577168, 4.97543375388e-08, 7.74510566792e-10],
        "max": [4.40092754364, 32.5561103821, 48.8700370789, 75.7041015625, 88.6965637207, 67.8926849365, 230.010559082, 216.763198853, 360.393157959, 257.897003174, 870.825195312, 1822.59423828, 1797.70056152, 1948.88891602, 3426.24804688, 1628.01757812, 1038.55151367, 986.038391113, 1507.23498535, 663.930908203, 1160.13354492, 630.403259277, 577.805541992, 650.415649414, 363.049682617, 196.283630371, 294.993927002, 195.567626953, 119.360061646, 120.052581787, 85.7713928223, 102.038124084, 73.68409729, 85.6819152832, 36.0284118652, 14.6594257355, 1.54058742523, 0.277914613485, 0.00439373264089, 0.000223611699766],
        "mean": [0.266584426165, 1.59983921051, 1.46320939064, 1.74195098877, 1.67305934429, 2.04231262207, 6.27895355225, 8.03620052338, 10.3047857285, 8.5033121109, 10.8609380722, 26.6019363403, 45.4335136414, 76.4661941528, 68.0769119263, 27.2237873077, 15.9429626465, 21.2536735535, 29.95362854, 22.3218288422, 27.0273284912, 25.7914638519, 17.8978252411, 31.97265625, 22.191280365, 12.4751443863, 12.8946428299, 8.51835346222, 6.15966033936, 5.32074785233, 3.68057394028, 2.68625736237, 1.85565161705, 1.19788300991, 0.543901860714, 0.188484370708, 0.043317053467, 0.00438698288053, 0.000104208753328, 3.33520656568e-05],
        "median": [0.0797500759363, 0.34736096859, 0.431684136391, 0.430697232485, 0.410528957844, 0.528694391251, 1.9541311264, 2.40166282654, 3.88843679428, 3.68566441536, 3.95992851257, 6.20874881744, 9.03914833069, 14.6044502258, 10.7050104141, 6.1468539238, 5.94928073883, 6.95157194138, 8.93967247009, 8.10876369476, 9.11535263062, 8.50773239136, 7.89839839935, 12.2191295624, 9.08310890198, 5.49566936493, 3.29600286484, 2.6894826889, 2.73873257637, 2.31071186066, 1.66846621037, 1.14174067974, 0.636466860771, 0.264540374279, 0.118826381862, 0.0544583648443, 0.0104002570733, 0.00100615399424, 3.79831253667e-05, 2.09571862797e-05],
        "min": [2.93184503368e-13, 7.7590467688e-13, 1.54796574864e-12, 2.72199840792e-12, 3.14803239899e-12, 2.15193466345e-12, 6.43845708085e-13, 1.46717913426e-12, 9.42710493002e-12, 3.40630752771e-11, 1.19716458968e-10, 9.93930840409e-11, 1.21348861515e-10, 1.38820385742e-10, 6.19791093448e-11, 1.19347087768e-10, 1.38869235555e-10, 1.84298729056e-10, 2.29928534545e-10, 7.60750351603e-11, 2.40102937532e-10, 2.84323314892e-10, 8.19880274783e-11, 2.0241987253e-10, 7.32904237299e-10, 5.79758907548e-10, 1.11653319923e-09, 8.6039320113e-10, 6.2948091184e-10, 8.08840550093e-10, 6.73248845562e-10, 7.39586392129e-10, 4.25337792764e-10, 2.92611102015e-10, 3.8022637816e-10, 3.30055871522e-10, 9.20987938691e-11, 3.68071857715e-11, 1.56633404164e-11, 1.15374929662e-12],
        "var": [0.353146135807, 15.983001709, 12.4862155914, 29.5479030609, 25.8237991333, 22.1765918732, 136.927566528, 261.393890381, 467.615631104, 262.537506104, 603.381408691, 3886.61645508, 12044.3574219, 34816.7617188, 47207.7695312, 6956.31445312, 1414.15136719, 2375.63867188, 6536.19726562, 1608.76623535, 2978.50878906, 2373.80664062, 752.136352539, 2250.44238281, 1029.26184082, 321.415161133, 531.641601562, 236.012115479, 114.148727417, 94.8329315186, 44.1005897522, 28.5959625244, 18.5275764465, 14.6060256958, 3.23296642303, 0.277414232492, 0.00886709149927, 9.73941132543e-05, 3.66782941796e-08, 1.09363251788e-09]
    },
    "gfcc": {
        "mean": [-14.0236635208, 69.6365966797, -133.733398438, 33.0984306335, -63.4378967285, 23.5548381805, -29.1872215271, 22.5892753601, -19.3050842285, 6.72464799881, -10.9868183136, 7.76381635666, -5.36654281616],
        "cov": [[5306.42285156, -261.849578857, 792.812255859, 1020.06365967, 601.274414062, 390.173828125, 182.134796143, 284.195617676, -129.367172241, 167.310394287, 0.252848416567, 154.66394043, 13.4810838699], [-261.849578857, 894.419006348, 327.72644043, 190.682113647, 156.831390381, -22.2390060425, 65.3382415771, -11.3927135468, 31.3356380463, 10.435002327, 119.59236145, 6.86971235275, 59.3740844727], [792.812255859, 327.72644043, 1660.71264648, 833.027954102, 264.701538086, 332.768859863, -120.689125061, 121.627616882, 29.5592689514, 210.407592773, 81.6001815796, 219.827056885, 0.838103175163], [1020.06365967, 190.682113647, 833.027954102, 793.215454102, 288.400848389, 167.498123169, -25.1396884918, 124.764862061, 55.7081871033, 123.3204422, 77.6233673096, 137.070785522, 34.9051704407], [601.274414062, 156.831390381, 264.701538086, 288.400848389, 337.559509277, 136.027801514, 72.9889144897, 69.7792358398, -3.81107234955, 52.7026786804, 6.64551115036, 34.6387214661, 4.18882989883], [390.173828125, -22.2390060425, 332.768859863, 167.498123169, 136.027801514, 310.066986084, 112.384819031, 38.7103652954, -18.8054122925, 67.5062713623, 8.32983875275, 16.6362857819, -0.452704757452], [182.134796143, 65.3382415771, -120.689125061, -25.1396884918, 72.9889144897, 112.384819031, 244.601821899, 39.9854011536, -19.5050678253, -3.5901389122, 12.628944397, -39.9319496155, 17.8112602234], [284.195617676, -11.3927135468, 121.627616882, 124.764862061, 69.7792358398, 38.7103652954, 39.9854011536, 157.913253784, 59.659362793, 6.14063453674, 1.9261238575, 17.7321205139, 5.21097803116], [-129.367172241, 31.3356380463, 29.5592689514, 55.7081871033, -3.81107234955, -18.8054122925, -19.5050678253, 59.659362793, 133.512191772, 20.3414936066, 16.7114238739, 17.9387779236, 11.4244976044], [167.310394287, 10.435002327, 210.407592773, 123.3204422, 52.7026786804, 67.5062713623, -3.5901389122, 6.14063453674, 20.3414936066, 115.757217407, 43.027545929, 34.9935035706, -2.03454947472], [0.252848416567, 119.59236145, 81.6001815796, 77.6233673096, 6.64551115036, 8.32983875275, 12.628944397, 1.9261238575, 16.7114238739, 43.027545929, 132.78338623, 38.6409835815, 15.999994278], [154.66394043, 6.86971235275, 219.827056885, 137.070785522, 34.6387214661, 16.6362857819, -39.9319496155, 17.7321205139, 17.9387779236, 34.9935035706, 38.6409835815, 113.835899353, 24.0430145264], [13.4810838699, 59.3740844727, 0.838103175163, 34.9051704407, 4.18882989883, -0.452704757452, 17.8112602234, 5.21097803116, 11.4244976044, -2.03454947472, 15.999994278, 24.0430145264, 94.3681488037]],
        "icov": [[0.00035122357076, 0.000148411549162, 0.000149913117639, -0.000489207741339, -0.000195833999896, -4.05993414461e-05, -0.000107532054244, -0.00046499518794, 0.000700901960954, -0.000259414548054, 0.000130450571305, -0.000165596531588, 2.01640832529e-05], [0.000148411549162, 0.00267234095372, -0.00166287575848, 0.000548772222828, -0.00206201709807, 0.00224987883121, -0.00173782603815, 0.00180253526196, -0.00130427291151, 0.00188565254211, -0.00257007172331, 0.00241972110234, -0.00154218496755], [0.000149913117639, -0.00166287575848, 0.00329866656102, -0.00227917917073, 0.00176107638981, -0.00320778624155, 0.00241639395244, -0.00214404053986, 0.00208930997178, -0.00249662180431, 0.00200114143081, -0.00318780448288, 0.00157344515901], [-0.000489207741339, 0.000548772222828, -0.00227917917073, 0.00487837241963, -0.00248837005347, 0.00127334007993, -0.000149987157783, 0.000395831477363, -0.00206872099079, 0.000813815393485, -0.00190358853433, 0.000657170487102, -0.00151324935723], [-0.000195833999896, -0.00206201709807, 0.00176107638981, -0.00248837005347, 0.00702953292057, -0.00268677109852, 0.000252265366726, -0.00216099550016, 0.00190188735723, -0.00231806654483, 0.00302861118689, -0.00232545495965, 0.00177566485945], [-4.05993414461e-05, 0.00224987883121, -0.00320778624155, 0.00127334007993, -0.00268677109852, 0.00875943340361, -0.00504658790305, 0.00214293040335, -0.00103683921043, -5.52199198864e-05, -0.00131147017237, 0.00290353153832, -0.00124987924937], [-0.000107532054244, -0.00173782603815, 0.00241639395244, -0.000149987157783, 0.000252265366726, -0.00504658790305, 0.00893437955528, -0.00363822840154, 0.0022671869956, -0.00102624169085, -0.000289040937787, 0.000333214178681, -0.000710512627847], [-0.00046499518794, 0.00180253526196, -0.00214404053986, 0.000395831477363, -0.00216099550016, 0.00214293040335, -0.00363822840154, 0.0123206973076, -0.00702711706981, 0.00415850244462, -0.00130580598488, 0.00168169138487, -0.000349188310793], [0.000700901960954, -0.00130427291151, 0.00208930997178, -0.00206872099079, 0.00190188735723, -0.00103683921043, 0.0022671869956, -0.00702711706981, 0.0130500793457, -0.00448089325801, 0.00137835450005, -0.00209321966395, -3.90368186345e-05], [-0.000259414548054, 0.00188565254211, -0.00249662180431, 0.000813815393485, -0.00231806654483, -5.52199198864e-05, -0.00102624169085, 0.00415850244462, -0.00448089325801, 0.0157123077661, -0.00545406946912, 0.00149990443606, 6.23136220383e-05], [0.000130450571305, -0.00257007172331, 0.00200114143081, -0.00190358853433, 0.00302861118689, -0.00131147017237, -0.000289040937787, -0.00130580598488, 0.00137835450005, -0.00545406946912, 0.0127065991983, -0.00532722100616, 0.00118907680735], [-0.000165596531588, 0.00241972110234, -0.00318780448288, 0.000657170487102, -0.00232545495965, 0.00290353153832, 0.000333214178681, 0.00168169138487, -0.00209321966395, 0.00149990443606, -0.00532722100616, 0.0170815754682, -0.00491519179195], [2.01640832529e-05, -0.00154218496755, 0.00157344515901, -0.00151324935723, 0.00177566485945, -0.00124987924937, -0.000710512627847, -0.000349188310793, -3.90368186345e-05, 6.23136220383e-05, 0.00118907680735, -0.00491519179195, 0.0132352923974]]
    },
    "melbands": {
        "dmean": [0.00208264682442, 0.00103277398739, 0.000351758557372, 0.00011997778347, 0.000133237452246, 0.00010869322432, 8.96268466022e-05, 5.79025945626e-05, 6.88661093591e-05, 9.5872048405e-05, 0.000123569610878, 0.000147496219142, 0.000116921306471, 5.31897567271e-05, 3.14554818033e-05, 1.73674070538e-05, 2.52277786785e-05, 2.98998074868e-05, 1.60410963872e-05, 2.02912942768e-05, 1.64503799169e-05, 1.49474717546e-05, 9.56866642809e-06, 9.36415108299e-06, 1.35240288728e-05, 9.63540242083e-06, 4.99996303915e-06, 3.80882920581e-06, 4.22243374487e-06, 3.63240224033e-06, 2.32027377933e-06, 2.15934619519e-06, 1.87871205526e-06, 1.58525313054e-06, 1.26751024254e-06, 1.05759727376e-06, 9.46860893691e-07, 8.06191280844e-07, 7.44712281175e-07, 6.2377176846e-07],
        "dmean2": [0.00313349696808, 0.00142251385842, 0.00062866701046, 0.000215245163417, 0.000221739945118, 0.000173205538886, 0.000146145102917, 9.65873841778e-05, 0.000110779270472, 0.000151183776325, 0.000193181651412, 0.000230461897445, 0.000178241534741, 7.80253831181e-05, 5.00708265463e-05, 2.74623016594e-05, 3.9558239223e-05, 4.64997901872e-05, 2.50850389421e-05, 3.19632708852e-05, 2.51155579463e-05, 2.32871316257e-05, 1.51946251208e-05, 1.52140819409e-05, 2.13207731576e-05, 1.49139368659e-05, 7.81430571806e-06, 5.94575794821e-06, 6.45427826385e-06, 5.77075161345e-06, 3.60733588423e-06, 3.44219097315e-06, 3.04366767523e-06, 2.49591926149e-06, 2.0050040348e-06, 1.69436418673e-06, 1.50013215716e-06, 1.27045643694e-06, 1.17939055144e-06, 9.8882230759e-07],
        "dvar": [2.54891765508e-05, 5.71338250666e-06, 1.30635930873e-06, 1.53396413793e-07, 8.75339409845e-08, 5.56364838644e-08, 4.15222736194e-08, 2.35815331706e-08, 4.41664802509e-08, 8.55217621165e-08, 1.23457368773e-07, 1.58848749265e-07, 1.57608624818e-07, 5.22285290572e-08, 6.89570622825e-09, 3.57252205596e-09, 5.45817924191e-09, 6.12843154002e-09, 2.20845586263e-09, 1.93361993084e-09, 1.85074611192e-09, 1.22683962989e-09, 4.18465817553e-10, 3.20252352415e-10, 6.85376089216e-10, 3.16419057622e-10, 8.68910499108e-11, 5.08761748008e-11, 9.12826342292e-11, 6.69536232012e-11, 2.88589829117e-11, 2.434828901e-11, 1.91119394616e-11, 1.32693257424e-11, 8.45424858592e-12, 5.7802812016e-12, 5.6072282234e-12, 4.52895273367e-12, 4.74885885823e-12, 6.01633239755e-12],
        "dvar2": [5.46023802599e-05, 1.01730111055e-05, 3.61035904461e-06, 4.3744728373e-07, 2.33975100628e-07, 1.30555321221e-07, 1.01552060983e-07, 6.19549282987e-08, 1.07300714092e-07, 2.02581006192e-07, 2.82345922642e-07, 3.7328126723e-07, 3.47682146185e-07, 1.04478161234e-07, 1.50395944587e-08, 7.36099492471e-09, 1.22864154406e-08, 1.32528850116e-08, 4.95650898102e-09, 4.53331949757e-09, 3.87109722055e-09, 2.82076917379e-09, 1.00263486402e-09, 7.97145571774e-10, 1.66618652209e-09, 6.92993884499e-10, 2.04711317342e-10, 1.17881121531e-10, 2.02965144691e-10, 1.66592808992e-10, 6.69702696077e-11, 5.92869017768e-11, 4.67318128639e-11, 3.00015984278e-11, 1.96603341246e-11, 1.29622198392e-11, 1.22050416648e-11, 9.96405128545e-12, 1.09306825744e-11, 1.24616844621e-11],
        "max": [0.0415332578123, 0.0262659341097, 0.012809112668, 0.00567393610254, 0.00705688819289, 0.00430017895997, 0.00464550638571, 0.00287722912617, 0.00880543515086, 0.0101434020326, 0.00867961999029, 0.00927489809692, 0.0154325794429, 0.00709022115916, 0.00199154368602, 0.00271882815287, 0.00226204912178, 0.00240226625465, 0.00168551213574, 0.000948567001615, 0.00169173069298, 0.00089658430079, 0.000458460650407, 0.000524988863617, 0.000646661326755, 0.000409951870097, 0.000200938244234, 0.000146457387018, 0.000260816741502, 0.000178078276804, 0.00012790018809, 9.3850918347e-05, 8.44606547616e-05, 7.83154391684e-05, 5.9322672314e-05, 5.29742137587e-05, 6.52167000226e-05, 6.43095045234e-05, 5.69819676457e-05, 0.000100009936432],
        "mean": [0.00234290095977, 0.0012579326285, 0.000307797483401, 0.000115775605082, 0.00019952931325, 0.00018745631678, 0.000151473403093, 8.66697882884e-05, 0.000106983534351, 0.000169462902704, 0.000241433415795, 0.000323344895151, 0.000262678018771, 0.000101038654975, 5.22187365277e-05, 2.72154211416e-05, 4.17754890805e-05, 5.42511552339e-05, 2.76040955214e-05, 3.59861223842e-05, 2.80881195067e-05, 2.70930249826e-05, 1.73238931893e-05, 1.71412593772e-05, 2.75211004919e-05, 2.10884081753e-05, 9.97488768917e-06, 7.62297304391e-06, 8.24038579594e-06, 7.25868949303e-06, 4.01592888011e-06, 3.55773840965e-06, 3.14328121931e-06, 2.82805240204e-06, 2.15402019421e-06, 1.80669121619e-06, 1.56563976361e-06, 1.33660239499e-06, 1.11353779175e-06, 9.90936541712e-07],
        "median": [0.000646400323603, 0.000332388561219, 7.55060609663e-05, 3.36432713084e-05, 6.19429774815e-05, 5.86938695051e-05, 6.06630164839e-05, 3.32082672685e-05, 3.49511137756e-05, 3.49523033947e-05, 4.05981190852e-05, 5.60525804758e-05, 4.0026872739e-05, 1.19317810459e-05, 1.58275342983e-05, 8.17680756882e-06, 1.20223821796e-05, 1.45022595461e-05, 7.68949576013e-06, 1.12139205157e-05, 8.41820292408e-06, 8.21915728011e-06, 5.86417490922e-06, 6.73439899401e-06, 9.56371059146e-06, 7.40621544537e-06, 4.22280754719e-06, 3.05318121718e-06, 2.10098687603e-06, 1.52666643771e-06, 1.3181071381e-06, 1.38504663028e-06, 1.36365338221e-06, 1.14328508971e-06, 9.11558799999e-07, 7.91538809608e-07, 6.19820752945e-07, 4.48917546692e-07, 2.94189646866e-07, 1.89272029161e-07],
        "min": [2.50617800269e-15, 8.79526983996e-16, 4.90942149113e-16, 2.00760824248e-16, 3.20567493648e-17, 3.17074276834e-17, 1.59750969718e-16, 4.49653369281e-16, 1.05985103404e-15, 5.57894121423e-16, 6.27255531892e-16, 6.16181264321e-16, 1.7995982588e-16, 2.38636074538e-16, 3.94584872174e-16, 2.13742504137e-16, 4.05548893113e-16, 4.82702900817e-16, 1.36884163871e-16, 1.11307620217e-16, 2.92483441302e-16, 3.18051924908e-16, 1.35662570307e-16, 2.99596579148e-17, 1.57466693912e-16, 4.01402269789e-16, 5.93106498651e-16, 3.3428083795e-16, 7.0498303384e-16, 5.80124236426e-16, 4.92284590455e-16, 2.99707997068e-16, 4.76167565172e-16, 4.29695155461e-16, 4.34144222486e-16, 3.10457348094e-16, 5.14142063901e-16, 3.25638719608e-16, 2.31876778088e-16, 2.53621675561e-16],
        "var": [2.88971950795e-05, 8.20270906843e-06, 8.48217666771e-07, 9.87717783119e-08, 1.29382840441e-07, 1.27985799736e-07, 8.83545325792e-08, 3.19911706015e-08, 6.62134382878e-08, 1.74674667619e-07, 3.5469841464e-07, 6.75043452247e-07, 7.95367270712e-07, 1.8250206324e-07, 1.67777436388e-08, 6.46771791679e-09, 1.04756789909e-08, 1.97816749647e-08, 5.31679322791e-09, 4.61630378368e-09, 4.00426447555e-09, 3.29611404837e-09, 1.11244691237e-09, 7.73141273225e-10, 1.93268046011e-09, 1.16432929964e-09, 2.20176751831e-10, 1.46980747018e-10, 2.63584210014e-10, 1.94448152024e-10, 6.61565455196e-11, 4.52291468167e-11, 3.23864719765e-11, 3.03497435516e-11, 1.6616203205e-11, 1.1281304016e-11, 1.1258127243e-11, 9.89126402312e-12, 9.31464020498e-12, 1.28653988504e-11]
    },
    "mfcc": {
        "mean": [-650.445739746, 96.9982070923, -10.0004644394, 14.6835927963, -4.19665670395, 2.2473859787, 3.39985632896, 12.8787641525, 3.09210157394, 7.91931724548, 0.685960948467, -1.37172842026, 3.8133790493],
        "cov": [[4658.09619141, -549.166503906, 219.207519531, 664.918273926, 447.834411621, 245.671386719, 440.97845459, 178.304489136, 206.861724854, 90.7038803101, -26.7568321228, 111.545593262, 45.1562614441], [-549.166503906, 735.667419434, 72.7629776001, 91.2799072266, 35.9571609497, 21.9595756531, 52.6278610229, 0.671147882938, -51.9546394348, 33.3359947205, -1.21258091927, -6.64488792419, 11.2895345688], [219.207519531, 72.7629776001, 1337.73620605, 508.397674561, 487.550750732, 287.582855225, 83.0045776367, 65.4310379028, -0.0822135284543, -9.89046478271, 106.978988647, 79.80909729, 141.172424316], [664.918273926, 91.2799072266, 508.397674561, 607.362976074, 363.937103271, 121.959877014, 78.9720916748, 67.1685791016, 37.7594108582, 4.04321098328, 34.4578285217, 98.2644729614, 71.8804244995], [447.834411621, 35.9571609497, 487.550750732, 363.937103271, 429.624633789, 147.171081543, 63.9272766113, 65.1946563721, 45.7914505005, 7.38327312469, 44.0102577209, 62.8745880127, 71.4019317627], [245.671386719, 21.9595756531, 287.582855225, 121.959877014, 147.171081543, 276.588684082, 152.564743042, 25.1737747192, 40.1410331726, 20.2179260254, 40.3569908142, 12.2738857269, 45.8751754761], [440.97845459, 52.6278610229, 83.0045776367, 78.9720916748, 63.9272766113, 152.564743042, 272.11328125, 54.8602142334, 42.3631210327, 50.0790405273, 5.12598705292, 11.1427059174, 18.8243560791], [178.304489136, 0.671147882938, 65.4310379028, 67.1685791016, 65.1946563721, 25.1737747192, 54.8602142334, 143.879165649, 51.2198257446, 42.3311309814, 22.658914566, -1.5244641304, 22.5088214874], [206.861724854, -51.9546394348, -0.0822135284543, 37.7594108582, 45.7914505005, 40.1410331726, 42.3631210327, 51.2198257446, 155.056381226, 24.8566799164, -3.98473906517, 6.82722806931, -2.43914246559], [90.7038803101, 33.3359947205, -9.89046478271, 4.04321098328, 7.38327312469, 20.2179260254, 50.0790405273, 42.3311309814, 24.8566799164, 144.848144531, 27.9735145569, -28.5078086853, 9.04560852051], [-26.7568321228, -1.21258091927, 106.978988647, 34.4578285217, 44.0102577209, 40.3569908142, 5.12598705292, 22.658914566, -3.98473906517, 27.9735145569, 105.977401733, 18.6379756927, 21.5077705383], [111.545593262, -6.64488792419, 79.80909729, 98.2644729614, 62.8745880127, 12.2738857269, 11.1427059174, -1.5244641304, 6.82722806931, -28.5078086853, 18.6379756927, 106.194908142, 29.3985271454], [45.1562614441, 11.2895345688, 141.172424316, 71.8804244995, 71.4019317627, 45.8751754761, 18.8243560791, 22.5088214874, -2.43914246559, 9.04560852051, 21.5077705383, 29.3985271454, 96.2092971802]],
