{
"lowlevel": {
    "average_loudness": 0.891408443451,
    "barkbands_crest": {
        "dmean": 2.63071417809,
        "dmean2": 4.09039783478,
        "dvar": 5.43936634064,
        "dvar2": 12.7466773987,
        "max": 24.3207244873,
        "mean": 9.10632038116,
        "median": 8.23188304901,
        "min": 2.08480358124,
        "var": 17.8684101105
    },
    "barkbands_flatness_db": {
        "dmean": 0.019214136526,
        "dmean2": 0.0288921613246,
        "dvar": 0.000295773003018,
        "dvar2": 0.000663940212689,
        "max": 0.303628534079,
        "mean": 0.0976271852851,
        "median": 0.0844624340534,
        "min": 0.00995283946395,
        "var": 0.00264039356261
    },
    "barkbands_kurtosis": {
        "dmean": 1.83379435539,
        "dmean2": 2.82312369347,
        "dvar": 10.7260694504,
        "dvar2": 23.7604598999,
        "max": 62.5238723755,
        "mean": 1.90479922295,
        "median": 0.157802820206,
        "min": -1.94979143143,
        "var": 29.2683982849
    },
    "barkbands_skewness": {
        "dmean": 0.4890845716,
        "dmean2": 0.723541855812,
        "dvar": 0.241390094161,
        "dvar2": 0.501491069794,
        "max": 7.21854019165,
        "mean": 1.11053168774,
        "median": 0.898875236511,
        "min": -5.02611160278,
        "var": 1.22385215759
    },
    "barkbands_spread": {
        "dmean": 7.4490737915,
        "dmean2": 11.3198957443,
        "dvar": 71.2435913086,
        "dvar2": 150.930084229,
        "max": 124.920814514,
        "mean": 32.8625259399,
        "median": 30.3763790131,
        "min": 2.08084607124,
        "var": 337.768310547
    },
    "dissonance": {
        "dmean": 0.0136870304123,
        "dmean2": 0.0232832990587,
        "dvar": 0.000180973074748,
        "dvar2": 0.000496598950122,
        "max": 0.5,
        "mean": 0.477993875742,
        "median": 0.482219904661,
        "min": 0.24317483604,
        "var": 0.000315400626278
    },
    "dynamic_complexity": 3.016933918,
    "erbbands_crest": {
        "dmean": 2.38134241104,
        "dmean2": 3.92105269432,
        "dvar": 4.84438991547,
        "dvar2": 12.2148017883,
        "max": 28.1316585541,
        "mean": 7.96524477005,
        "median": 7.1354932785,
        "min": 2.35741662979,
        "var": 12.9803543091
    },
    "erbbands_flatness_db": {
        "dmean": 0.0177323296666,
        "dmean2": 0.0259050596505,
        "dvar": 0.000249651930062,
        "dvar2": 0.00050208135508,
        "max": 0.386752039194,
        "mean": 0.140851587057,
        "median": 0.12726418674,
        "min": 0.0347929447889,
        "var": 0.00376848247834
    },
    "erbbands_kurtosis": {
        "dmean": 0.7767547369,
        "dmean2": 1.23427116871,
        "dvar": 1.0990383625,
        "dvar2": 2.54607009888,
        "max": 22.8129711151,
        "mean": 0.194864854217,
        "median": -0.232789039612,
        "min": -1.72926795483,
        "var": 2.7358891964
    },
    "erbbands_skewness": {
        "dmean": 0.345447331667,
        "dmean2": 0.523149430752,
        "dvar": 0.0958124473691,
        "dvar2": 0.212598204613,
        "max": 3.88801407814,
        "mean": 0.139861956239,
        "median": 0.142519772053,
        "min": -4.49688529968,
        "var": 0.61663967371
    },
    "erbbands_spread": {
        "dmean": 7.77151823044,
        "dmean2": 12.041103363,
        "dvar": 67.1361541748,
        "dvar2": 153.655212402,
        "max": 129.594390869,
        "mean": 39.413028717,
        "median": 36.9852714539,
        "min": 4.46776342392,
        "var": 319.592254639
    },
    "hfc": {
        "dmean": 8.2916841507,
        "dmean2": 11.8205289841,
        "dvar": 124.074562073,
        "dvar2": 235.750732422,
        "max": 156.617614746,
        "mean": 24.4017658234,
        "median": 16.370059967,
        "min": 1.17560404199e-16,
        "var": 498.993011475
    },
    "melbands_crest": {
        "dmean": 3.80946516991,
        "dmean2": 6.00522041321,
        "dvar": 11.3504238129,
        "dvar2": 25.2404289246,
        "max": 35.5446853638,
        "mean": 14.5496788025,
        "median": 13.4492645264,
        "min": 1.9544801712,
        "var": 43.203666687
    },
    "melbands_flatness_db": {
        "dmean": 0.0249396637082,
        "dmean2": 0.0364197045565,
        "dvar": 0.000518094922882,
        "dvar2": 0.00105699745473,
        "max": 0.349415272474,
        "mean": 0.150144010782,
        "median": 0.145139619708,
        "min": 0.00522315734997,
        "var": 0.00329919462092
    },
    "melbands_kurtosis": {
        "dmean": 5.74215078354,
        "dmean2": 8.84389209747,
        "dvar": 117.102073669,
        "dvar2": 273.438751221,
        "max": 258.22769165,
        "mean": 10.1621866226,
        "median": 4.17933654785,
        "min": -1.66808152199,
        "var": 336.75201416
    },
    "melbands_skewness": {
        "dmean": 0.699617862701,
        "dmean2": 1.05118501186,
        "dvar": 0.585939049721,
        "dvar2": 1.23189544678,
        "max": 14.2764062881,
        "mean": 2.31581234932,
        "median": 1.90016782284,
        "min": -1.66563415527,
        "var": 2.8485352993
    },
    "melbands_spread": {
        "dmean": 9.96183204651,
        "dmean2": 15.050494194,
        "dvar": 137.31930542,
        "dvar2": 291.003082275,
        "max": 208.509597778,
        "mean": 35.453414917,
        "median": 32.0799598694,
        "min": 2.0882666111,
        "var": 523.435974121
    },
    "pitch_salience": {
        "dmean": 0.0734764784575,
        "dmean2": 0.114628687501,
        "dvar": 0.00422002142295,
        "dvar2": 0.00976961199194,
        "max": 0.901933133602,
        "mean": 0.560711920261,
        "median": 0.557578027248,
        "min": 0.0917823761702,
        "var": 0.0153001267463
    },
    "silence_rate_20dB": {
        "dmean": 0,
        "dmean2": 0,
        "dvar": 0,
        "dvar2": 0,
        "max": 1,
        "mean": 1,
        "median": 1,
        "min": 1,
        "var": 0
    },
    "silence_rate_30dB": {
        "dmean": 0,
        "dmean2": 0,
        "dvar": 0,
        "dvar2": 0,
        "max": 1,
        "mean": 1,
        "median": 1,
        "min": 1,
        "var": 0
    },
    "silence_rate_60dB": {
        "dmean": 0.0356033444405,
        "dmean2": 0.071215197444,
        "dvar": 0.0343371368945,
        "dvar2": 0.0776099264622,
        "max": 1,
        "mean": 0.0887588113546,
        "median": 0,
        "min": 0,
        "var": 0.0808771029115
    },
    "spectral_centroid": {
        "dmean": 301.194946289,
        "dmean2": 446.026855469,
        "dvar": 102650.453125,
        "dvar2": 183170.34375,
        "max": 11143.5703125,
        "mean": 2053.38500977,
        "median": 2010.63708496,
        "min": 427.084869385,
        "var": 452764.59375
    },
    "spectral_complexity": {
        "dmean": 4.31684589386,
        "dmean2": 6.30397891998,
        "dvar": 22.1222877502,
        "dvar2": 37.0629348755,
        "max": 57,
        "mean": 19.2487163544,
        "median": 17,
        "min": 0,
        "var": 115.778106689
    },
    "spectral_decrease": {
        "dmean": 1.4559305983e-09,
        "dmean2": 2.19181961469e-09,
        "dvar": 3.61132248908e-18,
        "dvar2": 7.39483089446e-18,
        "max": 1.02683049434e-28,
        "mean": -4.47713022211e-09,
        "median": -3.72892516864e-09,
        "min": -2.22510596615e-08,
        "var": 1.2069526321e-17
    },
    "spectral_energy": {
        "dmean": 0.00599994976074,
        "dmean2": 0.00898574385792,
        "dvar": 5.81475724175e-05,
        "dvar2": 0.000116934352263,
        "max": 0.0886393263936,
        "mean": 0.0191110186279,
        "median": 0.0160253290087,
        "min": 1.08210564122e-20,
        "var": 0.000208149358514
    },
    "spectral_energyband_high": {
        "dmean": 0.000693580368534,
        "dmean2": 0.00100636435673,
        "dvar": 9.98305608846e-07,
        "dvar2": 2.00000272343e-06,
        "max": 0.0177275221795,
        "mean": 0.00155657099094,
        "median": 0.000843143614475,
        "min": 7.51860163225e-21,
        "var": 3.43272017744e-06
    },
    "spectral_energyband_low": {
        "dmean": 0.00356414122507,
        "dmean2": 0.0054931701161,
        "dvar": 3.83382175642e-05,
        "dvar2": 8.5088177002e-05,
        "max": 0.0567042678595,
        "mean": 0.00715656997636,
        "median": 0.00397488474846,
        "min": 7.30587750152e-23,
        "var": 8.28473566798e-05
    },
    "spectral_energyband_middle_high": {
        "dmean": 0.00212060823105,
        "dmean2": 0.00302817975171,
        "dvar": 1.03820611912e-05,
        "dvar2": 1.9694578441e-05,
        "max": 0.0612846463919,
        "mean": 0.00597392441705,
        "median": 0.00311201415025,
        "min": 1.33487069047e-21,
        "var": 4.84071824758e-05
    },
    "spectral_energyband_middle_low": {
        "dmean": 0.00213488377631,
        "dmean2": 0.00336421001703,
        "dvar": 8.05117997515e-06,
        "dvar2": 1.87849036593e-05,
        "max": 0.0445473790169,
        "mean": 0.004944648128,
        "median": 0.00352960126474,
        "min": 3.09255058081e-22,
        "var": 2.1277799533e-05
    },
    "spectral_entropy": {
        "dmean": 0.134677380323,
        "dmean2": 0.189968883991,
        "dvar": 0.0158858541399,
        "dvar2": 0.0278333537281,
        "max": 9.80844783783,
        "mean": 7.91537475586,
        "median": 7.90924453735,
        "min": 6.56305837631,
        "var": 0.0973186939955
    },
    "spectral_flux": {
        "dmean": 0.0197182316333,
        "dmean2": 0.0308833513409,
        "dvar": 0.000480327173136,
        "dvar2": 0.00104281154927,
        "max": 0.239343345165,
        "mean": 0.0778552740812,
        "median": 0.0714454799891,
        "min": 1.07114206394e-10,
        "var": 0.00160729780328
    },
    "spectral_kurtosis": {
        "dmean": 0.869553804398,
        "dmean2": 1.40806818008,
        "dvar": 0.786043643951,
        "dvar2": 2.17387485504,
        "max": 16.0138893127,
        "mean": 3.38996839523,
        "median": 3.28395748138,
        "min": -1.31195425987,
        "var": 2.84800004959
    },
    "spectral_rms": {
        "dmean": 0.000650248664897,
        "dmean2": 0.000957603973802,
        "dvar": 5.10820939326e-07,
        "dvar2": 9.43371446738e-07,
        "max": 0.00929932203144,
        "mean": 0.00398684758693,
        "median": 0.00395404454321,
        "min": 3.2491734997e-12,
        "var": 2.74986268778e-06
    },
    "spectral_rolloff": {
        "dmean": 799.977661133,
        "dmean2": 1268.85009766,
        "dvar": 1409183.125,
        "dvar2": 2896671,
        "max": 19336.8164062,
        "mean": 2550.54467773,
        "median": 2088.72070312,
        "min": 64.599609375,
        "var": 4260581.5
    },
    "spectral_skewness": {
        "dmean": 0.154124185443,
        "dmean2": 0.236075729132,
        "dvar": 0.0199772045016,
        "dvar2": 0.0429227761924,
        "max": 2.82940411568,
        "mean": 1.36663079262,
        "median": 1.39521050453,
        "min": -0.334254533052,
        "var": 0.0949135944247
    },
    "spectral_spread": {
        "dmean": 638089.75,
        "dmean2": 867613.375,
        "dvar": 690603229184,
        "dvar2": 891541389312,
        "max": 41255352,
        "mean": 5317658,
        "median": 5069395.5,
        "min": 2041253.375,
        "var": 3.27949955891e+12
    },
    "spectral_strongpeak": {
        "dmean": 0.515426635742,
        "dmean2": 0.89044034481,
        "dvar": 1.03593873978,
        "dvar2": 2.7265124321,
        "max": 13.6818656921,
        "mean": 0.75767159462,
        "median": 0.30546939373,
        "min": 0,
        "var": 1.30903685093
    },
    "zerocrossingrate": {
        "dmean": 0.0155605375767,
        "dmean2": 0.017694812268,
        "dvar": 0.000313247845042,
        "dvar2": 0.000344581581885,
        "max": 0.6640625,
        "mean": 0.0929067805409,
        "median": 0.0830078125,
        "min": 0.0068359375,
        "var": 0.00224069948308
    },
    "barkbands": {
        "dmean": [0.000353943760274, 0.00285432883538, 0.00109702325426, 0.000497784232721, 0.00034506781958, 0.000718740280718, 0.000575040583499, 0.000294096127618, 0.000648352550343, 0.000627404544502, 0.000468327809358, 0.000379348639399, 0.000392390822526, 0.000295338977594, 0.000226013944484, 0.000358830264304, 0.000306284549879, 0.000193251718883, 0.000362939230399, 0.000327108311467, 0.000157068032422, 0.000123459481983, 0.000116412295029, 9.64911741903e-05, 0.000100059769466, 9.00717350305e-05, 3.4871911339e-05],
        "dmean2": [0.000544113048818, 0.00428109802306, 0.0019202248659, 0.000853719888255, 0.000577991420869, 0.00112270517275, 0.000902326661162, 0.000487343524583, 0.00104181375355, 0.00102546426933, 0.000761457544286, 0.000574729638174, 0.000638998229988, 0.000464105629362, 0.000351509021129, 0.000546840194147, 0.000469346705358, 0.000303042528685, 0.000539386004675, 0.000458151072962, 0.000243892180151, 0.000186947756447, 0.000174530214281, 0.000144744393765, 0.000144658450154, 0.000139508993016, 5.92473879806e-05],
        "dvar": [3.74637750156e-07, 2.59409007413e-05, 6.71195175528e-06, 1.03739785118e-06, 3.64210762882e-07, 2.16249077312e-06, 1.73783530499e-06, 3.93010708422e-07, 1.51757740241e-06, 2.11638439396e-06, 7.55167775424e-07, 8.83004076968e-07, 7.87390661117e-07, 4.29371738164e-07, 2.41182789296e-07, 6.8432336775e-07, 4.47381921731e-07, 1.23216977954e-07, 3.90120106886e-07, 4.9051050155e-07, 9.02208867615e-08, 6.64432917574e-08, 4.37562626132e-08, 3.59244616277e-08, 4.26373816254e-08, 2.45643789754e-08, 6.30206420382e-09],
        "dvar2": [8.22034280645e-07, 6.16408942733e-05, 1.8367474695e-05, 2.8731835755e-06, 9.22333015296e-07, 4.93495144838e-06, 3.93060054193e-06, 1.01529576568e-06, 3.5631121591e-06, 5.44646172784e-06, 1.702836812e-06, 1.72185605152e-06, 1.82440339813e-06, 9.65817093856e-07, 5.3374884601e-07, 1.50205767113e-06, 1.01659543361e-06, 2.78339200577e-07, 8.44009377943e-07, 8.89172042662e-07, 2.01685992351e-07, 1.34159847676e-07, 9.5314149462e-08, 7.39993240018e-08, 7.77491138138e-08, 5.37584448068e-08, 1.67964415709e-08],
        "max": [0.00639140792191, 0.0515097007155, 0.0301409065723, 0.0123252365738, 0.0144738862291, 0.0366994738579, 0.0293420404196, 0.0120489113033, 0.0296002738178, 0.0591686703265, 0.0361165143549, 0.0224648397416, 0.0224893689156, 0.0113910185173, 0.0104845762253, 0.0160759501159, 0.0138414101675, 0.00637200009078, 0.00899388082325, 0.0167015828192, 0.00653295731172, 0.00554399238899, 0.0044221309945, 0.00649673864245, 0.006898494903, 0.00401063030586, 0.000627953966614],
        "mean": [0.000713291112334, 0.00488026393577, 0.00123811536469, 0.000560018408578, 0.000508165045176, 0.00127618841361, 0.000916289864108, 0.0003812648647, 0.000986127299257, 0.00104794034269, 0.000761669129133, 0.000610139220953, 0.000563321518712, 0.000444105418865, 0.000373280636268, 0.000526100164279, 0.00048286508536, 0.000323675078107, 0.000665506406222, 0.000656975025777, 0.000265178008704, 0.000231145924772, 0.000217240914935, 0.000171544903424, 0.000171650463017, 0.000109923290438, 2.90092302748e-05],
        "median": [3.94093658542e-05, 0.0024645763915, 0.000487735494971, 0.00023832518491, 0.000325229746522, 0.000423631689046, 0.000194738007849, 0.000149838291691, 0.000457745802123, 0.000337888777722, 0.000338450539857, 0.00020246116037, 0.000211282298551, 0.000137382245157, 0.00012922885071, 0.000157490911079, 0.000155513727805, 0.000134119443828, 0.00022760873253, 0.000190000253497, 0.000106878316728, 9.97893803287e-05, 9.26519132918e-05, 7.59725662647e-05, 7.03208497725e-05, 3.1555427995e-05, 5.16863883604e-06],
        "min": [1.76716281253e-24, 5.00744826599e-23, 2.084356525e-23, 2.5450486904e-24, 3.56766099364e-23, 6.87333938739e-23, 4.59926607454e-23, 3.189572268e-23, 7.71649727318e-23, 7.3964860651e-23, 8.66201964329e-23, 1.25072987755e-22, 6.16229172186e-23, 6.1036011016e-23, 8.96307988807e-23, 7.08532398311e-23, 1.41642007638e-22, 1.49324061351e-22, 2.40452074053e-22, 3.208960702e-22, 4.52150736091e-22, 4.76177293563e-22, 5.50221317983e-22, 7.7839386959e-22, 1.19332910167e-21, 1.47377675178e-21, 2.44471250946e-21],
        "var": [1.12558007004e-06, 4.62596181023e-05, 6.15828093942e-06, 9.20742650123e-07, 4.39315584799e-07, 5.45271586816e-06, 3.73843931811e-06, 4.90839227041e-07, 2.65308699454e-06, 7.13685676601e-06, 2.72259376288e-06, 2.05336664294e-06, 1.3248373989e-06, 8.18563478333e-07, 5.7661691244e-07, 1.1650521401e-06, 8.92796549579e-07, 2.54466698379e-07, 9.78241814664e-07, 1.4858163695e-06, 1.94846620616e-07, 1.74074173742e-07, 1.08688333e-07, 8.35842826064e-08, 1.25398486261e-07, 4.11664871081e-08, 4.66892435824e-09]
    },
    "erbbands": {
        "dmean": [0.108295895159, 0.572074115276, 1.15559601784, 1.64658415318, 1.18812811375, 1.23046195507, 2.07640910149, 7.62466287613, 9.82727909088, 5.66065835953, 6.16067790985, 15.0701169968, 18.5538902283, 17.4110965729, 17.6418151855, 13.7844047546, 16.3453636169, 14.4781036377, 13.0370082855, 13.8547697067, 17.1849956512, 15.9931354523, 10.4696493149, 16.4601802826, 15.8912801743, 14.2858171463, 9.27774715424, 4.42797279358, 4.56878423691, 4.0380525589, 3.21776413918, 2.26922559738, 1.55689680576, 1.22968804836, 0.700694620609, 0.540229260921, 0.126948803663, 0.0303661916405, 0.00689123105258, 0.000145711906953],
        "dmean2": [0.157289773226, 0.888946115971, 1.94427847862, 2.86201095581, 2.01993513107, 2.07027292252, 3.34890198708, 11.8816394806, 15.200758934, 9.15557575226, 10.016998291, 24.4061908722, 29.6155910492, 27.9816913605, 27.5204391479, 20.2507743835, 26.3592605591, 22.9252624512, 20.0035114288, 20.8883857727, 26.2038917542, 24.1362915039, 15.8104982376, 24.8430023193, 22.8353900909, 20.0439014435, 13.9249334335, 6.75940513611, 6.92067241669, 6.17340612411, 4.81787061691, 3.39458394051, 2.35021519661, 1.80876028538, 1.03219711781, 0.84682071209, 0.194070592523, 0.0489119030535, 0.011935136281, 0.00024648042745],
        "dvar": [0.0363859981298, 1.25575852394, 6.69637680054, 12.5211610794, 6.15860319138, 4.578769207, 24.0232315063, 259.023529053, 486.484954834, 171.993118286, 163.680618286, 832.114074707, 1665.15344238, 1700.2479248, 1018.49353027, 1298.12939453, 1343.29272461, 984.018249512, 982.270935059, 892.48449707, 1564.49267578, 1223.98193359, 355.707122803, 887.33770752, 883.318725586, 869.768066406, 320.148864746, 82.3243789673, 93.8193740845, 64.4480209351, 33.2046890259, 20.6141815186, 8.90835857391, 7.17650699615, 2.0304980278, 0.981024682522, 0.0429954379797, 0.0035035784822, 0.000298044877127, 1.14701109055e-07],
        "dvar2": [0.0805679485202, 2.94935035706, 16.7626972198, 35.1452026367, 16.477804184, 11.5884389877, 60.6080627441, 583.282226562, 1086.63928223, 435.7371521, 399.973144531, 1956.18835449, 4046.82470703, 4405.61669922, 2161.69799805, 2380.64306641, 3087.91259766, 2382.02758789, 2172.92236328, 1836.54187012, 3639.26196289, 2740.86962891, 763.41204834, 2005.37316895, 1787.26342773, 1625.33544922, 670.326538086, 173.815490723, 196.585083008, 139.322067261, 70.9822387695, 42.5272521973, 18.4837245941, 14.1133575439, 3.80788612366, 2.13464570045, 0.0922941938043, 0.00884170457721, 0.000810171070043, 3.0838535281e-07],
        "max": [1.9554131031, 12.0358781815, 28.9237709045, 41.2248153687, 27.9493083954, 65.0640335083, 155.986068726, 473.554168701, 518.581542969, 299.21081543, 289.782867432, 750.149353027, 1332.07897949, 1550.7199707, 1315.63793945, 1157.72644043, 1154.89990234, 476.582122803, 651.266418457, 679.166442871, 776.192260742, 948.797058105, 452.847839355, 491.477233887, 868.037902832, 787.950134277, 402.065917969, 254.437515259, 230.187606812, 136.776016235, 139.541290283, 169.377288818, 76.3173828125, 76.9319763184, 47.8433685303, 26.6528015137, 3.71996355057, 0.587462425232, 0.136777341366, 0.00336055434309],
        "mean": [0.204840525985, 0.820267081261, 1.43220078945, 1.95363926888, 1.42445266247, 1.80098044872, 3.5817117691, 13.6821537018, 16.9462223053, 7.93149805069, 9.065574646, 22.7427520752, 31.5087471008, 30.3046207428, 31.440788269, 24.7496204376, 25.566942215, 22.7848472595, 22.1377391815, 23.5586929321, 27.66056633, 27.0577011108, 19.4569072723, 28.4930667877, 32.1968650818, 29.7501335144, 17.0608062744, 8.40001773834, 8.37832260132, 7.26110696793, 6.13918352127, 4.17831754684, 2.61155796051, 2.04355931282, 1.15259420872, 0.685640752316, 0.151373252273, 0.0287738461047, 0.00549031281844, 0.000142998644151],
        "median": [0.0327908173203, 0.408661961555, 0.649404942989, 0.777319133282, 0.753399550915, 1.12743508816, 1.77326464653, 4.70989561081, 3.85230827332, 3.05112814903, 4.16847753525, 10.8350915909, 12.5645303726, 11.0399580002, 14.7941980362, 8.44254779816, 9.93398857117, 8.9870223999, 8.39877891541, 7.99586486816, 8.67738628387, 9.1662197113, 8.50200843811, 9.83756923676, 11.3972959518, 8.83478832245, 6.48129320145, 3.63543725014, 3.55033564568, 3.22757863998, 2.62670779228, 1.75603747368, 1.12338781357, 0.80941516161, 0.455961167812, 0.214028060436, 0.0384773388505, 0.00608453294262, 0.000875695142895, 4.88771838718e-05],
        "min": [1.5140002266e-21, 1.07104193897e-20, 2.99301507538e-20, 9.74212693449e-21, 6.75212412131e-20, 1.14132661935e-19, 1.82125357324e-19, 4.27779142119e-19, 7.53561331241e-19, 4.67391374088e-19, 9.41092171696e-19, 1.34646092307e-18, 2.5768042997e-18, 3.4255544739e-18, 4.09331815047e-18, 3.72635560173e-18, 3.04062907778e-18, 3.0501513742e-18, 4.43653399818e-18, 4.55281615356e-18, 4.99096379786e-18, 7.7957595471e-18, 8.27493286825e-18, 1.2489137675e-17, 1.13672607343e-17, 1.66299732157e-17, 1.29801702846e-17, 1.68064621256e-17, 1.618891555e-17, 1.58042898001e-17, 1.63696478964e-17, 1.17751666554e-17, 1.67698593835e-17, 1.27186927027e-17, 9.32590636834e-18, 5.11872142988e-18, 2.84259397412e-18, 1.26727016674e-18, 3.06497429568e-19, 3.59874619014e-20],
        "var": [0.0930030047894, 1.67813873291, 7.10099458694, 11.8344373703, 5.42014598846, 5.84250879288, 42.8890533447, 683.088867188, 1201.69519043, 216.032821655, 247.228942871, 1397.58374023, 4093.53393555, 5062.97119141, 4146.16113281, 3379.75732422, 2503.51269531, 1658.26196289, 1837.42895508, 1994.46655273, 2701.16381836, 2560.36499023, 899.248840332, 1864.2232666, 2597.296875, 2751.83984375, 750.481933594, 224.356201172, 237.854522705, 144.386383057, 86.5921478271, 47.5886764526, 21.0048427582, 18.6331005096, 5.66974163055, 1.83910596371, 0.0645058602095, 0.00317113171332, 0.000206116746995, 8.66322764637e-08]
    },
    "gfcc": {
        "mean": [7.99317884445, 44.3961296082, -125.390541077, 22.5674324036, -60.0460014343, 17.1019554138, -29.1884441376, 16.9162464142, -25.6800785065, 6.15428781509, -13.5653352737, 4.87470531464, -9.93292713165],
        "cov": [[5610.57763672, -128.548843384, 1867.66247559, 981.960266113, 721.93762207, 139.434463501, -24.9780712128, 147.09588623, 25.8480949402, 317.322143555, 130.718231201, 195.754898071, 5.91443967819], [-128.548843384, 846.98828125, 290.989593506, 352.684448242, 201.80078125, 117.863380432, 110.907394409, 41.2134971619, 19.3889942169, 43.2387542725, 66.868057251, -3.0404779911, 49.0117301941], [1867.66247559, 290.989593506, 2319.47558594, 999.523010254, 664.437744141, 320.663421631, 57.1768951416, 53.6710853577, -19.6054382324, 204.176620483, 24.0902824402, 193.054229736, 17.0716896057], [981.960266113, 352.684448242, 999.523010254, 814.020446777, 359.815887451, 172.975219727, 38.5086021423, 70.5521011353, 29.6853237152, 110.303627014, 64.6426925659, 87.1183776855, 55.3673706055], [721.93762207, 201.80078125, 664.437744141, 359.815887451, 405.671325684, 138.47428894, 94.1346511841, 54.5194244385, 18.2657299042, 85.6930847168, 28.72514534, 58.9284248352, 13.537115097], [139.434463501, 117.863380432, 320.663421631, 172.975219727, 138.47428894, 285.293426514, 113.350769043, 5.93872261047, -3.46343564987, 28.645860672, -12.5515451431, -6.69042825699, -10.3543605804], [-24.9780712128, 110.907394409, 57.1768951416, 38.5086021423, 94.1346511841, 113.350769043, 185.724853516, 38.9326553345, 2.31309223175, 13.3342704773, 11.046462059, -15.8543195724, 9.43029117584], [147.09588623, 41.2134971619, 53.6710853577, 70.5521011353, 54.5194244385, 5.93872261047, 38.9326553345, 108.022369385, 48.5496864319, 17.517364502, 17.4562473297, 12.2051925659, 14.6885967255], [25.8480949402, 19.3889942169, -19.6054382324, 29.6853237152, 18.2657299042, -3.46343564987, 2.31309223175, 48.5496864319, 112.871177673, 32.4155502319, 13.054608345, 14.0208654404, 9.28789806366], [317.322143555, 43.2387542725, 204.176620483, 110.303627014, 85.6930847168, 28.645860672, 13.3342704773, 17.517364502, 32.4155502319, 104.176933289, 44.1839141846, 24.0928630829, 6.85569047928], [130.718231201, 66.868057251, 24.0902824402, 64.6426925659, 28.72514534, -12.5515451431, 11.046462059, 17.4562473297, 13.054608345, 44.1839141846, 92.0560455322, 27.7382411957, 24.6880397797], [195.754898071, -3.0404779911, 193.054229736, 87.1183776855, 58.9284248352, -6.69042825699, -15.8543195724, 12.2051925659, 14.0208654404, 24.0928630829, 27.7382411957, 88.7924499512, 19.7644348145], [5.91443967819, 49.0117301941, 17.0716896057, 55.3673706055, 13.537115097, -10.3543605804, 9.43029117584, 14.6885967255, 9.28789806366, 6.85569047928, 24.6880397797, 19.7644348145, 76.4552688599]],
        "icov": [[0.000320774212014, 0.000241905436269, -8.79042563611e-05, -0.000193756990484, -0.000334357551765, 0.000103836398921, 0.000174429980689, -0.000284337409539, 0.000223643146455, -0.000441865762696, -0.000208223544178, 0.00010072292207, 0.000140083138831], [0.000241905436269, 0.00189363548998, 7.95363012003e-05, -0.000912858813535, -0.000708585896064, 2.99210350931e-05, -0.000466145895189, 0.000152893713675, -9.04892876861e-05, 0.000197647124878, -0.00114576041233, 0.00101472821552, -0.000330751558067], [-8.79042563611e-05, 7.95363012003e-05, 0.00163855683059, -0.00121892127208, -0.000991838751361, -0.000529701763298, 0.000292812037515, 0.000108565931441, 0.00111867836677, -0.00141286756843, 0.00164858973585, -0.00192880770192, 0.000476625195006], [-0.000193756990484, -0.000912858813535, -0.00121892127208, 0.0039276201278, -0.000600910396315, -0.000942548562307, 0.00133540027309, -0.000943115504924, -0.000568139890675, 0.000683323829435, -0.00140416808426, 0.000603428459726, -0.00167155731469], [-0.000334357551765, -0.000708585896064, -0.000991838751361, -0.000600910396315, 0.00664177816361, -0.000179557799129, -0.00242752744816, -0.000628129229881, -0.000233292914345, -0.00109516945668, 0.000796343199909, -0.00135250983294, 0.000575565849431], [0.000103836398921, 2.99210350931e-05, -0.000529701763298, -0.000942548562307, -0.000179557799129, 0.00631760153919, -0.00376918679103, 0.00164170411881, -0.000551667355467, -0.000382778351195, 0.00130688305944, 0.00105699151754, 0.00121662195306], [0.000174429980689, -0.000466145895189, 0.000292812037515, 0.00133540027309, -0.00242752744816, -0.00376918679103, 0.00992343854159, -0.00362722272985, 0.00147204578388, -0.000106635008706, -0.00149006128777, 0.00185078952927, -0.00152145978063], [-0.000284337409539, 0.000152893713675, 0.000108565931441, -0.000943115504924, -0.000628129229881, 0.00164170411881, -0.00362722272985, 0.0142890810966, -0.00604713847861, 0.0020005509723, -0.000902722356841, 6.71175221214e-05, -0.000552171899471], [0.000223643146455, -9.04892876861e-05, 0.00111867836677, -0.000568139890675, -0.000233292914345, -0.000551667355467, 0.00147204578388, -0.00604713847861, 0.0134298764169, -0.00569047825411, 0.00242466945201, -0.00247188797221, -0.000116001436254], [-0.000441865762696, 0.000197647124878, -0.00141286756843, 0.000683323829435, -0.00109516945668, -0.000382778351195, -0.000106635008706, 0.0020005509723, -0.00569047825411, 0.0184603501111, -0.00862122140825, 0.00220224680379, 0.000749508792069], [-0.000208223544178, -0.00114576041233, 0.00164858973585, -0.00140416808426, 0.000796343199909, 0.00130688305944, -0.00149006128777, -0.000902722356841, 0.00242466945201, -0.00862122140825, 0.0190046075732, -0.00581345893443, -0.0023628345225], [0.00010072292207, 0.00101472821552, -0.00192880770192, 0.000603428459726, -0.00135250983294, 0.00105699151754, 0.00185078952927, 6.71175221214e-05, -0.00247188797221, 0.00220224680379, -0.00581345893443, 0.0183133650571, -0.00327730225399], [0.000140083138831, -0.000330751558067, 0.000476625195006, -0.00167155731469, 0.000575565849431, 0.00121662195306, -0.00152145978063, -0.000552171899471, -0.000116001436254, 0.000749508792069, -0.0023628345225, -0.00327730225399, 0.016298500821]]
    },
    "melbands": {
        "dmean": [0.000843083136715, 0.000606018409599, 0.000263511843514, 8.06821990409e-05, 6.79335062159e-05, 0.000164738230524, 0.000136963251862, 6.24887179583e-05, 5.26497642568e-05, 0.000103139980638, 9.51881738729e-05, 7.46323930798e-05, 6.03345506534e-05, 4.2456893425e-05, 4.06981125707e-05, 3.91713801946e-05, 2.83002136712e-05, 2.38425545831e-05, 1.74991055246e-05, 2.65322796622e-05, 2.00467493414e-05, 2.00005670195e-05, 1.12043071567e-05, 9.13311760087e-06, 1.50380474224e-05, 1.43347233461e-05, 1.11049212137e-05, 1.05512499431e-05, 7.33446040613e-06, 4.30981617683e-06, 2.39593487095e-06, 2.76198534266e-06, 2.64028176389e-06, 2.28333601626e-06, 1.98874067792e-06, 1.77321658157e-06, 1.34233016524e-06, 1.18578964248e-06, 1.06194283944e-06, 1.08438337065e-06],
        "dmean2": [0.00125135644339, 0.000971296743955, 0.000455723202322, 0.000136094604386, 0.000108951186121, 0.000256821804214, 0.000212316095713, 0.000102176411019, 8.51207150845e-05, 0.000166573023307, 0.00015201777569, 0.000119838012324, 9.63299389696e-05, 6.42114464426e-05, 6.16933903075e-05, 6.42123341095e-05, 4.49218823633e-05, 3.66335989384e-05, 2.67448449449e-05, 4.05601058446e-05, 3.11967341986e-05, 3.10237592203e-05, 1.69347276824e-05, 1.44742007251e-05, 2.30853038374e-05, 2.16281241592e-05, 1.60864765348e-05, 1.53069631779e-05, 1.10041137305e-05, 6.86850626153e-06, 3.70188013221e-06, 4.27498525823e-06, 4.06435401601e-06, 3.55824795406e-06, 3.02597231894e-06, 2.7064841106e-06, 2.04304342333e-06, 1.85583007806e-06, 1.59233673003e-06, 1.61688501521e-06],
        "dvar": [2.19881553676e-06, 1.44341731811e-06, 3.13385811523e-07, 2.4066723725e-08, 1.9665568729e-08, 1.11825357862e-07, 9.10181441327e-08, 2.02735570554e-08, 1.32909470096e-08, 3.72402269022e-08, 4.44180550119e-08, 3.24459534795e-08, 1.22821690596e-08, 9.25956822329e-09, 1.23281092002e-08, 6.50379528011e-09, 4.01766886426e-09, 3.78016595803e-09, 1.56808976914e-09, 4.23848334208e-09, 2.39422348614e-09, 2.11066342182e-09, 4.96974184028e-10, 3.07223996243e-10, 8.01029298447e-10, 7.42323480463e-10, 7.21962378769e-10, 5.22248189139e-10, 2.41009018298e-10, 8.63753027436e-11, 2.89968882239e-11, 3.57903012782e-11, 3.16305419357e-11, 2.06077759024e-11, 1.32371101927e-11, 1.12115525197e-11, 8.38209970183e-12, 5.86350889717e-12, 4.378797238e-12, 6.28750046819e-12],
        "dvar2": [5.12287761012e-06, 3.15949341712e-06, 8.76279443673e-07, 6.1979655186e-08, 4.91652905055e-08, 2.51877395385e-07, 2.04275480087e-07, 5.19352845174e-08, 3.12259693658e-08, 8.88900402174e-08, 1.08356040585e-07, 8.43430640884e-08, 2.70619953113e-08, 1.85247746032e-08, 2.28623058263e-08, 1.62939741699e-08, 9.50393808097e-09, 8.30827406872e-09, 3.24235482907e-09, 9.04933639134e-09, 5.76693093279e-09, 4.92990936962e-09, 1.10849684987e-09, 7.24915294459e-10, 1.83326176462e-09, 1.63649060969e-09, 1.36373778936e-09, 1.07133879546e-09, 5.0280202224e-10, 2.02225292067e-10, 6.34269858857e-11, 7.82051576276e-11, 6.91357388005e-11, 4.73364958342e-11, 2.90830866334e-11, 2.54830566371e-11, 1.73477985449e-11, 1.34278040076e-11, 8.76040646275e-12, 1.28623318593e-11],
        "max": [0.0129399141297, 0.011846717447, 0.00610056007281, 0.00406470755115, 0.00423689512536, 0.00911846384406, 0.00686126668006, 0.00319627602585, 0.00358843291178, 0.00451657595113, 0.00688285054639, 0.00685111852363, 0.00574673246592, 0.00302009307779, 0.00304173352197, 0.00155595643446, 0.0010542368982, 0.0013100336073, 0.000833176367451, 0.00169228937011, 0.00112208887003, 0.00114162126556, 0.000417680188548, 0.000352936796844, 0.000492540595587, 0.000416244758526, 0.000999051961116, 0.00057369901333, 0.000404764927225, 0.00026469482691, 0.000118773808936, 0.000135475056595, 0.000118801704957, 9.27895234781e-05, 9.23443512875e-05, 8.26166578918e-05, 0.000114163747639, 5.16179097758e-05, 6.02327636443e-05, 7.37621885492e-05],
        "mean": [0.00156017148402, 0.000889492919669, 0.000322410371155, 0.000108676133095, 0.000120023920317, 0.000303156964947, 0.000233553393628, 8.17524341983e-05, 7.59054819355e-05, 0.000153326021973, 0.00016010881518, 0.000124992977362, 0.000101516387076, 7.09540836397e-05, 6.3841624069e-05, 5.47991621715e-05, 4.11608962168e-05, 3.66094645869e-05, 2.94102374028e-05, 3.83671213058e-05, 3.00533083646e-05, 3.04482364299e-05, 1.90992777789e-05, 1.48360995809e-05, 2.39724849962e-05, 2.52724203165e-05, 2.15001145989e-05, 2.00373488042e-05, 1.24793023133e-05, 6.49084176985e-06, 4.24427071266e-06, 4.76475179312e-06, 4.47082538813e-06, 3.83091128242e-06, 3.62486821359e-06, 3.09956681122e-06, 2.34258436649e-06, 1.84057523711e-06, 1.70086241269e-06, 1.73628563971e-06],
        "median": [0.000568501127418, 0.000458054011688, 0.000145273370435, 6.41009173705e-05, 6.42697996227e-05, 0.000104760736576, 5.35078943358e-05, 2.99376515613e-05, 3.13446653308e-05, 6.80406374158e-05, 6.09533854004e-05, 4.2654290155e-05, 4.63942706119e-05, 2.82388209598e-05, 1.63411768881e-05, 2.14079536818e-05, 1.38687528306e-05, 1.24643065647e-05, 9.11096049094e-06, 1.1357034964e-05, 8.83020311448e-06, 9.71638655756e-06, 7.34403556635e-06, 6.31693410469e-06, 7.65943968872e-06, 8.59515239426e-06, 6.5810486376e-06, 5.46938144907e-06, 4.21195318268e-06, 2.38315055867e-06, 1.68292410763e-06, 1.99087116926e-06, 1.78527102435e-06, 1.64707023487e-06, 1.55843997618e-06, 1.20574668472e-06, 9.71144686446e-07, 7.5208816952e-07, 6.80657876728e-07, 6.43388602839e-07],
        "min": [1.30825402497e-23, 1.51990887683e-23, 3.46129446017e-24, 7.53488855547e-24, 7.308642459e-24, 1.2240206408e-23, 1.11599063634e-23, 5.58831629057e-24, 7.76553412922e-24, 9.92032425791e-24, 1.2597554876e-23, 1.3005742274e-23, 1.26876057149e-23, 1.57615039952e-23, 9.93773362923e-24, 6.0294193042e-24, 5.19760650041e-24, 7.09327554326e-24, 6.37074285181e-24, 5.23627961743e-24, 6.23090779003e-24, 8.23095417469e-24, 7.52599888193e-24, 8.22592124212e-24, 1.05108907751e-23, 8.49446763806e-24, 7.45167871833e-24, 1.11732728225e-23, 8.96691091217e-24, 5.74159157002e-24, 8.01005892173e-24, 7.31787844247e-24, 1.10066543553e-23, 7.39155410672e-24, 9.03883609406e-24, 8.01772822745e-24, 5.48339779017e-24, 1.2117074687e-23, 1.02582746363e-23, 9.84145394461e-24],
        "var": [4.74457465316e-06, 2.05429932976e-06, 2.92698388193e-07, 2.47536959819e-08, 3.71228807694e-08, 2.95941418926e-07, 2.18084636572e-07, 2.44877824684e-08, 2.20367297743e-08, 6.41150990077e-08, 1.17041068393e-07, 1.00912835421e-07, 4.84336908357e-08, 2.27602079406e-08, 2.87640489205e-08, 9.53662926406e-09, 6.87804302402e-09, 6.3835394748e-09, 4.34466063126e-09, 7.40959826828e-09, 3.86291443277e-09, 3.75446251866e-09, 1.17076293105e-09, 5.34738642255e-10, 1.52659807018e-09, 1.65078961611e-09, 1.94162019795e-09, 1.38066269528e-09, 5.26782339971e-10, 1.52672791076e-10, 7.23067994368e-11, 8.21871390388e-11, 6.9047483009e-11, 4.02704987412e-11, 3.16298411074e-11, 2.47565527106e-11, 1.72681573901e-11, 1.11991691962e-11, 1.02688534759e-11, 1.54900085814e-11]
    },
    "mfcc": {
        "mean": [-634.641235352, 84.263710022, -10.8770914078, 11.1082935333, -5.76731491089, 1.50599575043, 6.48684740067, 7.75587081909, -0.105159416795, 4.93800115585, -1.69456887245, -1.62433326244, 3.7822124958],
        "cov": [[4166.82226562, -190.748214722, 840.145141602, 734.995361328, 629.092407227, 177.051025391, 199.486373901, -29.4802742004, 20.9973754883, 141.660766602, -55.23279953, 174.721557617, 283.956298828], [-190.748214722, 566.545593262, 152.530456543, 176.880889893, 120.351852417, 113.104782104, 129.036453247, 39.4296951294, 33.9589385986, 45.7026863098, 29.8019390106, 8.74827480316, 22.8530082703], [840.145141602, 152.530456543, 1472.97424316, 739.62512207, 634.800842285, 415.505279541, 249.894638062, 72.5305633545, 97.1625289917, 5.02674293518, 38.9233932495, 84.1571273804, 105.137580872], [734.995361328, 176.880889893, 739.62512207, 714.073974609, 449.623443604, 192.668914795, 163.712188721, 45.6040267944, 62.8773384094, 31.7802639008, -1.44302737713, 90.3575286865, 124.212615967], [629.092407227, 120.351852417, 634.800842285, 449.623443604, 455.652252197, 208.363052368, 129.064819336, 48.3297119141, 61.6079864502, 26.3452911377, 20.3409748077, 56.1331825256, 86.4229660034], [177.051025391, 113.104782104, 415.505279541, 192.668914795, 208.363052368, 317.454345703, 168.193466187, 59.5367050171, 59.0012702942, 37.2441101074, 42.8493232727, 6.82046794891, 19.7436351776], [199.486373901, 129.036453247, 249.894638062, 163.712188721, 129.064819336, 168.193466187, 238.354705811, 58.572052002, 33.297870636, 59.9002494812, 3.56630969048, 0.986235260963, 27.4997615814], [-29.4802742004, 39.4296951294, 72.5305633545, 45.6040267944, 48.3297119141, 59.5367050171, 58.572052002, 115.402046204, 52.5436210632, 10.0023193359, 27.8161067963, 4.43954563141, -1.07619547844], [20.9973754883, 33.9589385986, 97.1625289917, 62.8773384094, 61.6079864502, 59.0012702942, 33.297870636, 52.5436210632, 106.725357056, 30.2510223389, 21.1483058929, 16.7088012695, 6.89740133286], [141.660766602, 45.7026863098, 5.02674293518, 31.7802639008, 26.3452911377, 37.2441101074, 59.9002494812, 10.0023193359, 30.2510223389, 113.657211304, 11.6407155991, 2.84589624405, 28.0152492523], [-55.23279953, 29.8019390106, 38.9233932495, -1.44302737713, 20.3409748077, 42.8493232727, 3.56630969048, 27.8161067963, 21.1483058929, 11.6407155991, 91.1167221069, 23.9105052948, -5.25761461258], [174.721557617, 8.74827480316, 84.1571273804, 90.3575286865, 56.1331825256, 6.82046794891, 0.986235260963, 4.43954563141, 16.7088012695, 2.84589624405, 23.9105052948, 86.4001312256, 41.9303092957], [283.956298828, 22.8530082703, 105.137580872, 124.212615967, 86.4229660034, 19.7436351776, 27.4997615814, -1.07619547844, 6.89740133286, 28.0152492523, -5.25761461258, 41.9303092957, 100.629959106]],
