{
"lowlevel": {
    "average_loudness": 0.95903813839,
    "barkbands_crest": {
        "dmean": 2.23730921745,
        "dmean2": 3.61336946487,
        "dvar": 4.66422843933,
        "dvar2": 11.8980703354,
        "max": 25.8975219727,
        "mean": 9.93995571136,
        "median": 9.00522518158,
        "min": 2.59645223618,
        "var": 18.5369091034
    },
    "barkbands_flatness_db": {
        "dmean": 0.0157508514822,
        "dmean2": 0.0246867127717,
        "dvar": 0.000219808134716,
        "dvar2": 0.000527528114617,
        "max": 0.354186117649,
        "mean": 0.127598196268,
        "median": 0.121684283018,
        "min": 0.0302061364055,
        "var": 0.00202965224162
    },
    "barkbands_kurtosis": {
        "dmean": 1.6697063446,
        "dmean2": 2.56468439102,
        "dvar": 9.63102149963,
        "dvar2": 20.8168201447,
        "max": 146.231124878,
        "mean": 2.71147751808,
        "median": 0.815694928169,
        "min": -1.94109511375,
        "var": 39.4565200806
    },
    "barkbands_skewness": {
        "dmean": 0.372848272324,
        "dmean2": 0.571036100388,
        "dvar": 0.169562011957,
        "dvar2": 0.385583370924,
        "max": 10.6120147705,
        "mean": 1.28393638134,
        "median": 1.12466549873,
        "min": -1.93203389645,
        "var": 1.01395666599
    },
    "barkbands_spread": {
        "dmean": 5.89261817932,
        "dmean2": 8.93691158295,
        "dvar": 60.4008331299,
        "dvar2": 122.704750061,
        "max": 106.250167847,
        "mean": 28.6622810364,
        "median": 25.7144622803,
        "min": 0.584645152092,
        "var": 315.81237793
    },
    "dissonance": {
        "dmean": 0.0163387469947,
        "dmean2": 0.0276587195694,
        "dvar": 0.0002716089366,
        "dvar2": 0.000750173698179,
        "max": 0.500000178814,
        "mean": 0.466709315777,
        "median": 0.472261667252,
        "min": 0.227111026645,
        "var": 0.000654751027469
    },
    "dynamic_complexity": 2.35917687416,
    "erbbands_crest": {
        "dmean": 2.49069905281,
        "dmean2": 3.95362019539,
        "dvar": 5.6854929924,
        "dvar2": 13.8560476303,
        "max": 33.1206741333,
        "mean": 9.67139053345,
        "median": 8.50300216675,
        "min": 2.42003560066,
        "var": 23.5531024933
    },
    "erbbands_flatness_db": {
        "dmean": 0.0141348522156,
        "dmean2": 0.021057125181,
        "dvar": 0.000202678289497,
        "dvar2": 0.000444029807113,
        "max": 0.400198608637,
        "mean": 0.155024424195,
        "median": 0.147209346294,
        "min": 0.049593847245,
        "var": 0.00255539803766
    },
    "erbbands_kurtosis": {
        "dmean": 0.756880700588,
        "dmean2": 1.2035381794,
        "dvar": 2.46428728104,
        "dvar2": 5.2461977005,
        "max": 75.6207275391,
        "mean": 0.145306631923,
        "median": -0.524153828621,
        "min": -1.7581474781,
        "var": 8.63731479645
    },
    "erbbands_skewness": {
        "dmean": 0.343413621187,
        "dmean2": 0.525549769402,
        "dvar": 0.123680487275,
        "dvar2": 0.272038549185,
        "max": 7.81516551971,
        "mean": 0.368467658758,
        "median": 0.327001273632,
        "min": -3.92891645432,
        "var": 0.74675154686
    },
    "erbbands_spread": {
        "dmean": 6.7435336113,
        "dmean2": 10.4873113632,
        "dvar": 55.5799102783,
        "dvar2": 130.702514648,
        "max": 131.42350769,
        "mean": 44.1121520996,
        "median": 42.483997345,
        "min": 1.71544206142,
        "var": 391.556091309
    },
    "hfc": {
        "dmean": 6.21154308319,
        "dmean2": 9.0732717514,
        "dvar": 82.8788146973,
        "dvar2": 185.656158447,
        "max": 121.271957397,
        "mean": 24.43724823,
        "median": 20.049287796,
        "min": 1.26030005752e-16,
        "var": 312.078765869
    },
    "melbands_crest": {
        "dmean": 2.72351169586,
        "dmean2": 4.47098207474,
        "dvar": 7.01833677292,
        "dvar2": 18.6496257782,
        "max": 32.7463607788,
        "mean": 12.9954462051,
        "median": 12.1447696686,
        "min": 2.3569920063,
        "var": 23.1123752594
    },
    "melbands_flatness_db": {
        "dmean": 0.0183340758085,
        "dmean2": 0.0280234646052,
        "dvar": 0.000331236165948,
        "dvar2": 0.000757974397857,
        "max": 0.403364032507,
        "mean": 0.169405385852,
        "median": 0.16084164381,
        "min": 0.00876229535788,
        "var": 0.00326614500955
    },
    "melbands_kurtosis": {
        "dmean": 4.07484483719,
        "dmean2": 6.43434047699,
        "dvar": 47.5636024475,
        "dvar2": 116.13671875,
        "max": 182.181472778,
        "mean": 10.8700084686,
        "median": 6.19698095322,
        "min": -1.71390390396,
        "var": 185.206665039
    },
    "melbands_skewness": {
        "dmean": 0.468577027321,
        "dmean2": 0.735284388065,
        "dvar": 0.284342646599,
        "dvar2": 0.692148208618,
        "max": 10.8619480133,
        "mean": 2.37484383583,
        "median": 2.14246463776,
        "min": -1.13410770893,
        "var": 1.8728479147
    },
    "melbands_spread": {
        "dmean": 7.22153186798,
        "dmean2": 11.0530014038,
        "dvar": 100.463035583,
        "dvar2": 221.390655518,
        "max": 181.527389526,
        "mean": 29.4619464874,
        "median": 24.8134174347,
        "min": 0.679892957211,
        "var": 416.338592529
    },
    "pitch_salience": {
        "dmean": 0.0553983673453,
        "dmean2": 0.0894735902548,
        "dvar": 0.00271456083283,
        "dvar2": 0.00703671015799,
        "max": 0.899905025959,
        "mean": 0.547214448452,
        "median": 0.545167803764,
        "min": 0.103127680719,
        "var": 0.0104749677703
    },
    "silence_rate_20dB": {
        "dmean": 0,
        "dmean2": 0,
        "dvar": 0,
        "dvar2": 0,
        "max": 1,
        "mean": 1,
        "median": 1,
        "min": 1,
        "var": 0
    },
    "silence_rate_30dB": {
        "dmean": 0,
        "dmean2": 0,
        "dvar": 0,
        "dvar2": 0,
        "max": 1,
        "mean": 1,
        "median": 1,
        "min": 1,
        "var": 0
    },
    "silence_rate_60dB": {
        "dmean": 0.00453229248524,
        "dmean2": 0.00906572677195,
        "dvar": 0.00451214937493,
        "dvar2": 0.0107479551807,
        "max": 1,
        "mean": 0.0387713983655,
        "median": 0,
        "min": 0,
        "var": 0.0372726432979
    },
    "spectral_centroid": {
        "dmean": 254.894287109,
        "dmean2": 391.387878418,
        "dvar": 89409.453125,
        "dvar2": 188264.78125,
        "max": 4591.59570312,
        "mean": 1651.74841309,
        "median": 1612.1328125,
        "min": 175.357437134,
        "var": 531053.5625
    },
    "spectral_complexity": {
        "dmean": 3.01498174667,
        "dmean2": 4.83266162872,
        "dvar": 10.2580747604,
        "dvar2": 24.1430034637,
        "max": 51,
        "mean": 19.0135955811,
        "median": 19,
        "min": 0,
        "var": 61.6540603638
    },
    "spectral_decrease": {
        "dmean": 1.46161982517e-09,
        "dmean2": 2.28139085401e-09,
        "dvar": 4.30361020965e-18,
        "dvar2": 1.05636878564e-17,
        "max": 1.92659089947e-28,
        "mean": -5.64545654669e-09,
        "median": -5.08464559346e-09,
        "min": -3.07652641141e-08,
        "var": 1.13037448438e-17
    },
    "spectral_energy": {
        "dmean": 0.00588627485558,
        "dmean2": 0.0091576334089,
        "dvar": 6.71231682645e-05,
        "dvar2": 0.000164629236679,
        "max": 0.119583658874,
        "mean": 0.0235237777233,
        "median": 0.0214077699929,
        "min": 1.07041484882e-20,
        "var": 0.000182820265763
    },
    "spectral_energyband_high": {
        "dmean": 0.000472953892313,
        "dmean2": 0.000698075862601,
        "dvar": 1.10228927497e-06,
        "dvar2": 2.44541365646e-06,
        "max": 0.0156186921522,
        "mean": 0.00123921176419,
        "median": 0.00068126549013,
        "min": 7.78397716707e-21,
        "var": 2.84514476334e-06
    },
    "spectral_energyband_low": {
        "dmean": 0.00176348269451,
        "dmean2": 0.00283593731001,
        "dvar": 2.03126055567e-05,
        "dvar2": 5.248853995e-05,
        "max": 0.0715954303741,
        "mean": 0.0054350043647,
        "median": 0.00454605184495,
        "min": 5.04330483404e-23,
        "var": 3.07363516185e-05
    },
    "spectral_energyband_middle_high": {
        "dmean": 0.00157035363372,
        "dmean2": 0.00232357461937,
        "dvar": 7.70385122451e-06,
        "dvar2": 1.66033696587e-05,
        "max": 0.0768393203616,
        "mean": 0.00563907111064,
        "median": 0.00326492940076,
        "min": 1.44941238514e-21,
        "var": 4.27934355685e-05
    },
    "spectral_energyband_middle_low": {
        "dmean": 0.00438962457702,
        "dmean2": 0.00688831089064,
        "dvar": 4.28623970947e-05,
        "dvar2": 0.00010660411499,
        "max": 0.0781311616302,
        "mean": 0.0116484602913,
        "median": 0.00810030754656,
        "min": 2.65683379899e-22,
        "var": 0.00010968332208
    },
    "spectral_entropy": {
        "dmean": 0.128481626511,
        "dmean2": 0.187097519636,
        "dvar": 0.0169274434447,
        "dvar2": 0.0353119857609,
        "max": 8.71119976044,
        "mean": 7.68828392029,
        "median": 7.74100875854,
        "min": 5.84247398376,
        "var": 0.178503677249
    },
    "spectral_flux": {
        "dmean": 0.0187677312642,
        "dmean2": 0.0294064804912,
        "dvar": 0.000499190646224,
        "dvar2": 0.0010526998667,
        "max": 0.287586301565,
        "mean": 0.0730833485723,
        "median": 0.0654710754752,
        "min": 6.18913109065e-05,
        "var": 0.00141150783747
    },
    "spectral_kurtosis": {
        "dmean": 1.03366327286,
        "dmean2": 1.75687325001,
        "dvar": 1.9825694561,
        "dvar2": 6.01373577118,
        "max": 27.8232135773,
        "mean": 3.41988539696,
        "median": 2.85386323929,
        "min": -1.0872387886,
        "var": 7.37089014053
    },
    "spectral_rms": {
        "dmean": 0.00056082138326,
        "dmean2": 0.000858540995978,
        "dvar": 4.35344475136e-07,
        "dvar2": 1.01022601484e-06,
        "max": 0.0108012491837,
        "mean": 0.00457687070593,
        "median": 0.00457007996738,
        "min": 3.23157407951e-12,
        "var": 2.00218005375e-06
    },
    "spectral_rolloff": {
        "dmean": 593.254211426,
        "dmean2": 971.100280762,
        "dvar": 1114401.25,
        "dvar2": 2287346,
        "max": 19401.4160156,
        "mean": 2074.40039062,
        "median": 1636.5234375,
        "min": 86.1328125,
        "var": 3321737.75
    },
    "spectral_skewness": {
        "dmean": 0.154969140887,
        "dmean2": 0.249944642186,
        "dvar": 0.0256623942405,
        "dvar2": 0.064205981791,
        "max": 3.88497567177,
        "mean": 1.35589540005,
        "median": 1.31026744843,
        "min": -0.34511885047,
        "var": 0.175957277417
    },
    "spectral_spread": {
        "dmean": 471924.875,
        "dmean2": 682631.6875,
        "dvar": 462377811968,
        "dvar2": 760800542720,
        "max": 32897840,
        "mean": 5056601,
        "median": 4805736.5,
        "min": 1776733.625,
        "var": 2.76575158272e+12
    },
    "spectral_strongpeak": {
        "dmean": 0.603828132153,
        "dmean2": 0.987691760063,
        "dvar": 1.14881014824,
        "dvar2": 2.84916138649,
        "max": 15.5954942703,
        "mean": 1.31665015221,
        "median": 0.82520365715,
        "min": 1.90357640761e-09,
        "var": 2.3800342083
    },
    "zerocrossingrate": {
        "dmean": 0.0111071532592,
        "dmean2": 0.013005360961,
        "dvar": 0.00020452735771,
        "dvar2": 0.00023840436188,
        "max": 0.5205078125,
        "mean": 0.079375885427,
        "median": 0.072265625,
        "min": 0.0107421875,
        "var": 0.00175513362046
    },
    "barkbands": {
        "dmean": [3.21991428791e-05, 0.0011310466798, 0.000802843132988, 0.00049594102893, 0.0012619572226, 0.00203534751199, 0.00093608838506, 0.000364412524505, 0.000883335364051, 0.000661713769659, 0.000415005139075, 0.000316275720252, 0.000219879424549, 0.000282544293441, 0.000182317788131, 0.000156593683641, 0.000167763922946, 0.000178691436304, 0.000312921765726, 0.000195810571313, 0.00010491500143, 0.00012539565796, 0.000122000798001, 9.36965880101e-05, 7.13005065336e-05, 4.81013485114e-05, 6.32134771195e-08],
        "dmean2": [5.37301348231e-05, 0.00179288710933, 0.00142083875835, 0.00089316238882, 0.00203749909997, 0.00321247149259, 0.00143620336894, 0.000558827538043, 0.00135225278791, 0.000991899287328, 0.00065381207969, 0.000503434508573, 0.00034631244489, 0.000430852174759, 0.000299353472656, 0.00025604350958, 0.000258330372162, 0.000282109424006, 0.000473249412607, 0.000306494883262, 0.000169448918314, 0.00019833278202, 0.000186454315553, 0.000139483148814, 0.000104672275484, 7.27971055312e-05, 1.10153052901e-07],
        "dvar": [2.29826868647e-09, 6.20779383098e-06, 7.19458694221e-06, 2.13932435145e-06, 8.37372499518e-06, 1.5931103917e-05, 6.24445101494e-06, 1.60513411629e-06, 6.47966271572e-06, 4.1431653699e-06, 2.28626208809e-06, 6.44688725515e-07, 3.2906845604e-07, 4.25459035114e-07, 1.80734815558e-07, 8.22215895369e-08, 1.15008418788e-07, 9.3278494262e-08, 4.23773201419e-07, 1.6321841656e-07, 8.49146815085e-08, 1.1548662826e-07, 9.48686249558e-08, 5.48908971609e-08, 3.72782267277e-08, 1.98050411626e-08, 4.01805020191e-14],
        "dvar2": [6.08426997672e-09, 1.544580482e-05, 2.07858811336e-05, 6.18400281382e-06, 2.05365577131e-05, 3.99216514779e-05, 1.37668475872e-05, 3.51592052539e-06, 1.44567256939e-05, 8.66976279212e-06, 5.65912296224e-06, 1.52244251694e-06, 7.47017963931e-07, 8.27895462407e-07, 4.18003509139e-07, 2.03871721283e-07, 2.31438434639e-07, 2.12965034052e-07, 8.87594580945e-07, 3.53290175781e-07, 2.16546808929e-07, 2.68372133405e-07, 2.13553136064e-07, 1.12919046558e-07, 7.59014966434e-08, 4.3903103375e-08, 1.11928532848e-13],
        "max": [0.00123028783128, 0.0475222468376, 0.0434147119522, 0.0260380730033, 0.04638614133, 0.0749153718352, 0.0597425624728, 0.0475462675095, 0.0622039847076, 0.0530681684613, 0.0662732869387, 0.0216806381941, 0.0158723536879, 0.013851409778, 0.0118818450719, 0.0076061161235, 0.0145554244518, 0.00702197477221, 0.0139003237709, 0.00864694546908, 0.00693374825642, 0.00928675197065, 0.00807844195515, 0.00569860450923, 0.00508933141828, 0.00258363806643, 6.10801589573e-06],
        "mean": [0.000110827415483, 0.00352487061173, 0.00147980707698, 0.000648135435767, 0.00230583874509, 0.00419390574098, 0.0018826056039, 0.000689838605467, 0.00166680617258, 0.00123309262563, 0.00068570219446, 0.000561803928576, 0.000389363209251, 0.000518830027431, 0.000302437721984, 0.000277198851109, 0.000344778527506, 0.000372220529243, 0.00081944843987, 0.000399557960918, 0.000195940767298, 0.000259030552115, 0.000251319026574, 0.000198826382984, 0.000136617949465, 7.4889678217e-05, 5.4281457551e-08],
        "median": [4.72711435577e-05, 0.00292865256779, 0.000727147678845, 0.000302372442093, 0.000894008146133, 0.00148279767018, 0.000504724041093, 0.00022158169304, 0.000473711348604, 0.000230763980653, 0.000181047536898, 0.000185340701137, 0.000140426724101, 0.000197677218239, 0.000165908670169, 0.000150328371092, 0.00016730997595, 0.00021994888084, 0.000234225415625, 0.000179372334969, 9.45000356296e-05, 0.000127135193907, 0.00012073887774, 8.10381316114e-05, 3.46956876456e-05, 1.01971318145e-05, 6.11432060538e-09],
        "min": [1.04321979555e-23, 1.1307596902e-23, 2.86862704861e-23, 1.24891393552e-23, 7.6312283513e-23, 1.52613220051e-23, 6.73336453946e-23, 1.28429442601e-23, 5.09441008338e-23, 6.86251179815e-23, 4.04711108808e-23, 3.47590952839e-23, 5.47082232182e-23, 1.41287663941e-22, 1.92029052766e-22, 2.30481881953e-22, 1.22779257922e-22, 1.82490424379e-22, 2.85772675795e-22, 1.98578011918e-22, 3.24198607981e-22, 7.56166116931e-22, 5.51096663287e-22, 7.52588247762e-22, 1.13575533175e-21, 1.44524114111e-21, 3.00184652089e-21],
        "var": [2.00442666909e-08, 1.15318462122e-05, 6.97474661138e-06, 1.77924266609e-06, 1.91180624824e-05, 5.15893298143e-05, 1.72129530256e-05, 5.58768715564e-06, 1.45142594192e-05, 1.28830697577e-05, 4.17141154685e-06, 1.57762360686e-06, 7.70204280798e-07, 1.2347933307e-06, 2.95746815482e-07, 1.81591573778e-07, 3.79418224838e-07, 2.44556957796e-07, 2.21008804147e-06, 4.63716304466e-07, 1.13768102494e-07, 2.16180652046e-07, 1.97819261416e-07, 1.50852088154e-07, 9.45179152723e-08, 3.60222749407e-08, 3.37048334934e-14]
    },
    "erbbands": {
        "dmean": [0.0246713515371, 0.294128984213, 0.870173156261, 1.28598606586, 2.56684923172, 4.9240937233, 8.53651714325, 21.0933265686, 16.0505561829, 8.69917678833, 8.97305393219, 17.4729366302, 23.1189651489, 18.9248962402, 13.5038261414, 10.024731636, 8.42861557007, 13.0433225632, 9.55749702454, 8.1455745697, 8.38285732269, 9.52921295166, 8.60484027863, 13.5510187149, 14.0241632462, 7.58308458328, 3.88698267937, 4.7452878952, 4.42705345154, 4.42387962341, 3.06045007706, 2.21891403198, 1.44198441505, 0.826390266418, 0.544380247593, 0.242997020483, 0.0879805460572, 0.00744070159271, 0.000137891969644, 1.27205739773e-05],
        "dmean2": [0.0391507707536, 0.466652035713, 1.51454722881, 2.32344794273, 4.52395057678, 7.81644487381, 12.915722847, 33.3692092896, 24.2473144531, 13.5919780731, 13.5924749374, 26.6724014282, 34.0373497009, 29.126947403, 21.2088623047, 15.4445943832, 13.1331319809, 20.1742420197, 15.1451559067, 13.3784570694, 13.4875802994, 14.582742691, 13.4984378815, 20.6418514252, 20.4405422211, 11.9307546616, 6.31941890717, 7.64868021011, 7.0838804245, 6.91497373581, 4.658618927, 3.33960008621, 2.18320655823, 1.22904217243, 0.821609020233, 0.365988075733, 0.13634224236, 0.0113888960332, 0.000208626239328, 1.90926875803e-05],
        "dvar": [0.00197546649724, 0.47841539979, 7.9108247757, 16.4456768036, 64.4024734497, 138.836166382, 379.164489746, 1972.82495117, 1545.21728516, 607.553649902, 1264.4375, 2980.09814453, 4552.10253906, 4009.86450195, 1534.41333008, 713.854614258, 458.707702637, 1101.02490234, 409.296630859, 355.69418335, 247.151794434, 436.864562988, 204.579421997, 758.148376465, 874.319396973, 222.889282227, 91.6674728394, 190.907531738, 169.936584473, 113.719894409, 67.4193649292, 35.4660339355, 14.2631826401, 6.18610954285, 2.04521465302, 0.437429010868, 0.0769837722182, 0.000599523773417, 1.88982625104e-07, 5.49328083022e-10],
        "dvar2": [0.00554245617241, 1.17599999905, 22.2040805817, 48.0613098145, 179.963226318, 322.341369629, 805.793212891, 5100.06835938, 3303.56689453, 1425.9083252, 2955.38134766, 6879.77294922, 9360.6171875, 9606.08984375, 3767.09960938, 1596.37231445, 1074.61132812, 2282.47192383, 895.58984375, 820.196105957, 585.319152832, 833.283691406, 456.225616455, 1619.81225586, 1682.22583008, 512.299682617, 231.592926025, 484.841949463, 406.598846436, 257.110168457, 151.771514893, 77.1779251099, 30.1804656982, 12.3952951431, 4.5020365715, 0.935198485851, 0.18075747788, 0.00137356226332, 4.29108212074e-07, 1.24788090972e-09],
        "max": [1.08021533489, 11.6218919754, 38.0783958435, 72.8633651733, 135.609802246, 231.599197388, 500.815460205, 960.260131836, 950.440429688, 729.624206543, 1304.3425293, 1463.85656738, 2320.74731445, 2412.39526367, 1363.01074219, 685.055725098, 672.108093262, 775.653320312, 520.29309082, 679.375793457, 516.416564941, 1028.75109863, 327.961608887, 726.286315918, 707.744018555, 363.233032227, 233.220199585, 398.632110596, 382.52444458, 243.553268433, 202.011917114, 182.22795105, 118.389938354, 88.8363647461, 26.1197967529, 12.2079563141, 4.79466295242, 0.420570462942, 0.00712718209252, 0.000366723979823],
        "mean": [0.0934798568487, 0.809869885445, 1.76224207878, 2.02453660965, 3.49490404129, 8.95656681061, 18.127658844, 41.4332504272, 35.1109046936, 15.0134754181, 18.5061397552, 33.0134773254, 45.0748634338, 37.6766242981, 25.4314937592, 18.7004508972, 17.3672142029, 26.0890693665, 18.9977378845, 15.3670291901, 16.4955883026, 20.6019744873, 20.1174602509, 34.4501457214, 37.8982582092, 17.1463832855, 7.80686283112, 8.75681781769, 8.92700958252, 9.25195980072, 6.4230465889, 4.70375585556, 2.90948677063, 1.60966312885, 0.968589484692, 0.409729659557, 0.122070290148, 0.0109935570508, 0.000223743219976, 4.10180837207e-05],
        "median": [0.0860714837909, 0.635994791985, 1.03813791275, 1.05807220936, 1.43172574043, 2.84464597702, 6.562915802, 14.6197986603, 11.3824996948, 6.7090139389, 6.37115478516, 10.0194168091, 12.6934013367, 9.80939674377, 9.37089729309, 7.3446393013, 7.0204334259, 9.5464553833, 10.3328104019, 9.26225090027, 9.31296730042, 10.2475347519, 12.6160802841, 14.1738529205, 11.0578985214, 8.60557937622, 4.40212154388, 4.04581737518, 4.30911874771, 4.73213481903, 3.0347032547, 1.98599171638, 1.04858744144, 0.439237475395, 0.223614394665, 0.0796984136105, 0.0107654863968, 0.000670257373713, 3.63443177775e-05, 3.35322984029e-05],
        "min": [1.51461735565e-22, 3.3782145074e-21, 2.14341689888e-20, 5.441913975e-20, 2.60479097345e-19, 1.70429747245e-19, 8.10957532789e-20, 1.70187215305e-19, 9.71074470371e-19, 5.37303542088e-19, 3.36028966508e-19, 7.18034492618e-19, 2.35476379428e-18, 2.35782746447e-18, 2.00833848579e-18, 1.00207523518e-18, 2.17653242847e-18, 6.57122659729e-18, 6.8251557425e-18, 1.71281460484e-17, 8.12456963086e-18, 6.9093821676e-18, 1.09606195724e-17, 1.47219173511e-17, 1.18867582831e-17, 8.7018912404e-18, 1.33502326926e-17, 1.36837295817e-17, 1.96547377965e-17, 2.49971797357e-17, 1.46771371015e-17, 1.54220529478e-17, 1.4334020929e-17, 1.01150465989e-17, 9.00105765254e-18, 4.79181138e-18, 2.83223250298e-18, 1.51007673124e-18, 3.8483639666e-19, 4.5137187769e-20],
        "var": [0.00663301395252, 0.769062697887, 7.79534006119, 13.1215295792, 54.2635574341, 376.902435303, 1347.34228516, 5680.98486328, 4964.08740234, 902.361572266, 3913.0925293, 6423.75390625, 11626.6132812, 11571.4628906, 3026.11254883, 1627.92565918, 1205.37463379, 3445.82080078, 1004.32250977, 655.987915039, 612.462280273, 1490.70117188, 645.011352539, 3177.23632812, 4767.43310547, 638.612121582, 129.712509155, 264.947692871, 288.236907959, 227.881271362, 142.319854736, 89.5037460327, 36.516040802, 15.9563474655, 4.41488981247, 0.878334701061, 0.115847945213, 0.00110153178684, 3.47103167542e-07, 1.20352616761e-09]
    },
    "gfcc": {
        "mean": [13.6515655518, 75.7783584595, -123.921882629, 38.3025779724, -68.8817520142, 15.6541042328, -40.5863418579, 16.286283493, -22.2026977539, 7.19450283051, -9.12470149994, 7.48169088364, -7.92008399963],
        "cov": [[3210.59814453, -440.05770874, 923.733520508, 648.200500488, 100.228652954, 240.823486328, -100.21333313, 139.29019165, -222.525695801, 45.2261505127, 3.05657434464, 91.8260269165, -173.342605591], [-440.05770874, 1174.95996094, 1.12367546558, 32.2211380005, 137.401931763, -183.402282715, 91.5835037231, -133.060775757, 87.6162872314, -73.7460021973, 174.412643433, -33.2427520752, 115.366973877], [923.733520508, 1.12367546558, 1207.77246094, 576.597290039, 175.473205566, 116.369567871, -168.191162109, -54.1198959351, -50.0731925964, 104.084030151, -32.9472541809, 116.583892822, -48.4091873169], [648.200500488, 32.2211380005, 576.597290039, 657.881774902, 127.066955566, 112.707481384, -102.776603699, -36.0066108704, 2.77991604805, 14.3666582108, 43.6314315796, 52.9287528992, -11.9729537964], [100.228652954, 137.401931763, 175.473205566, 127.066955566, 210.458068848, 35.8330307007, 19.9576721191, 16.2478237152, -24.2467422485, 17.4975395203, 14.100564003, 9.2124042511, -13.6303071976], [240.823486328, -183.402282715, 116.369567871, 112.707481384, 35.8330307007, 241.839996338, 61.1327667236, 42.2215957642, -35.3169021606, 9.55822372437, -11.3315515518, -12.5007953644, -32.4909439087], [-100.21333313, 91.5835037231, -168.191162109, -102.776603699, 19.9576721191, 61.1327667236, 200.43586731, 57.8740844727, -17.4898757935, -7.50719070435, 31.3034687042, -30.4226093292, -7.78821802139], [139.29019165, -133.060775757, -54.1198959351, -36.0066108704, 16.2478237152, 42.2215957642, 57.8740844727, 146.743591309, 14.1080846786, 13.7945833206, 7.82282590866, -4.33723592758, -27.2489719391], [-222.525695801, 87.6162872314, -50.0731925964, 2.77991604805, -24.2467422485, -35.3169021606, -17.4898757935, 14.1080846786, 132.670166016, 19.3183383942, 22.9503879547, 9.58684539795, 31.3720741272], [45.2261505127, -73.7460021973, 104.084030151, 14.3666582108, 17.4975395203, 9.55822372437, -7.50719070435, 13.7945833206, 19.3183383942, 94.8046264648, 8.24274253845, 28.1703987122, -4.80829238892], [3.05657434464, 174.412643433, -32.9472541809, 43.6314315796, 14.100564003, -11.3315515518, 31.3034687042, 7.82282590866, 22.9503879547, 8.24274253845, 151.14364624, 23.1321582794, 20.6843891144], [91.8260269165, -33.2427520752, 116.583892822, 52.9287528992, 9.2124042511, -12.5007953644, -30.4226093292, -4.33723592758, 9.58684539795, 28.1703987122, 23.1321582794, 90.3096084595, 21.7810344696], [-173.342605591, 115.366973877, -48.4091873169, -11.9729537964, -13.6303071976, -32.4909439087, -7.78821802139, -27.2489719391, 31.3720741272, -4.80829238892, 20.6843891144, 21.7810344696, 92.6575469971]],
        "icov": [[0.000625186716206, -0.000174563290784, -0.000171180523466, -0.000489672238473, 0.000548569136299, -0.000180071874638, 0.000370081310393, -0.00108787964564, 0.00122764566913, -0.000155397341587, 9.45431202126e-06, -0.000439145747805, 0.000640362733975], [-0.000174563290784, 0.00349499145523, -0.00135363207664, 0.000787765253335, -0.00272760400549, 0.00274756620638, -0.00323739787564, 0.00358515186235, -0.00321699795313, 0.00346247362904, -0.0034429077059, 0.00327771273442, -0.00267216400243], [-0.000171180523466, -0.00135363207664, 0.00277433497831, -0.00157746055629, 0.00020175804093, -0.00134043756407, 0.00192247796804, -0.000587985210586, 0.00155247258954, -0.00305712316185, 0.002269460354, -0.00274983001873, 0.00161459646188], [-0.000489672238473, 0.000787765253335, -0.00157746055629, 0.00401530088857, -0.00189199834131, -0.000817755877506, 0.000372679845896, 0.00186789233703, -0.00256812945008, 0.00251713907346, -0.00224146386608, 0.00105278659612, -0.000933610135689], [0.000548569136299, -0.00272760400549, 0.00020175804093, -0.00189199834131, 0.00858669076115, -0.00161916867364, 0.00122919119895, -0.00423325877637, 0.00431268149987, -0.00336243468337, 0.00232474622317, -0.00213410914876, 0.00218507810496], [-0.000180071874638, 0.00274756620638, -0.00134043756407, -0.000817755877506, -0.00161916867364, 0.00824768468738, -0.00501766335219, 0.00156765547581, -0.00136571668554, 0.00196208525449, -0.00168905442115, 0.0034831778612, -0.00174815603532], [0.000370081310393, -0.00323739787564, 0.00192247796804, 0.000372679845896, 0.00122919119895, -0.00501766335219, 0.0113857770339, -0.00550472317263, 0.00439226673916, -0.00324416300282, 0.000965560320765, -0.00171735137701, 0.00206793821417], [-0.00108787964564, 0.00358515186235, -0.000587985210586, 0.00186789233703, -0.00423325877637, 0.00156765547581, -0.00550472317263, 0.0141339274123, -0.006989964284, 0.00280551193282, -0.00327560468577, 0.00232914369553, -0.000248059484875], [0.00122764566913, -0.00321699795313, 0.00155247258954, -0.00256812945008, 0.00431268149987, -0.00136571668554, 0.00439226673916, -0.006989964284, 0.0147953825071, -0.00610990682617, 0.0022001885809, -0.00265872804448, 5.77723258175e-05], [-0.000155397341587, 0.00346247362904, -0.00305712316185, 0.00251713907346, -0.00336243468337, 0.00196208525449, -0.00324416300282, 0.00280551193282, -0.00610990682617, 0.0175677705556, -0.0042795361951, 0.000119476710097, -0.00122039276175], [9.45431202126e-06, -0.0034429077059, 0.002269460354, -0.00224146386608, 0.00232474622317, -0.00168905442115, 0.000965560320765, -0.00327560468577, 0.0022001885809, -0.0042795361951, 0.0118660889566, -0.005558188539, 0.00175864982884], [-0.000439145747805, 0.00327771273442, -0.00274983001873, 0.00105278659612, -0.00213410914876, 0.0034831778612, -0.00171735137701, 0.00232914369553, -0.00265872804448, 0.000119476710097, -0.005558188539, 0.0192829687148, -0.00714081805199], [0.000640362733975, -0.00267216400243, 0.00161459646188, -0.000933610135689, 0.00218507810496, -0.00174815603532, 0.00206793821417, -0.000248059484875, 5.77723258175e-05, -0.00122039276175, 0.00175864982884, -0.00714081805199, 0.0170528199524]]
    },
    "melbands": {
        "dmean": [0.000263822992565, 0.000417884148192, 0.000251952034887, 0.000255626131548, 0.000282572524156, 0.000441733456682, 0.000230868099607, 8.75386976986e-05, 7.79155088821e-05, 0.000124684404, 0.000119107200589, 8.16533429315e-05, 5.04601703142e-05, 3.9619524614e-05, 1.88967405848e-05, 2.4517015845e-05, 2.52555473708e-05, 1.74025262822e-05, 1.48948001879e-05, 1.03180300357e-05, 1.05077888293e-05, 1.08377453216e-05, 8.62823526404e-06, 9.01430394151e-06, 1.26385102703e-05, 1.3940698409e-05, 9.63328420767e-06, 4.67986774311e-06, 2.58005593423e-06, 2.6270699891e-06, 3.14866724693e-06, 2.84668726636e-06, 2.43343970396e-06, 2.77309754892e-06, 2.01148532142e-06, 1.63924653407e-06, 1.39687119827e-06, 1.0924640037e-06, 9.4333955758e-07, 6.60588966639e-07],
        "dmean2": [0.000416563212639, 0.000695753609762, 0.000452544423752, 0.000425337260822, 0.000427390215918, 0.000698149902746, 0.000349534820998, 0.000136636590469, 0.000118645060866, 0.000189517595572, 0.000175319932168, 0.000125275895698, 7.87331009633e-05, 6.27667977824e-05, 2.89831605187e-05, 3.83283622796e-05, 3.89424094465e-05, 2.76157315966e-05, 2.44531202043e-05, 1.70572875504e-05, 1.69457598531e-05, 1.67372327269e-05, 1.3716932699e-05, 1.43370752994e-05, 1.94877447939e-05, 2.05967699003e-05, 1.46514439621e-05, 7.46683690522e-06, 4.20178412242e-06, 4.34445246356e-06, 5.1247002375e-06, 4.64222966912e-06, 3.8521498027e-06, 4.36534946857e-06, 3.11943745146e-06, 2.55735380961e-06, 2.12702389035e-06, 1.67238988524e-06, 1.4703581428e-06, 9.9419912658e-07],
        "dvar": [2.80408471554e-07, 1.47011849094e-06, 5.76668924168e-07, 4.46237322649e-07, 3.47913754695e-07, 7.97057509772e-07, 3.04180190369e-07, 6.07926367024e-08, 1.09507382717e-07, 1.3698758039e-07, 1.17405882349e-07, 7.18597021887e-08, 2.77031535489e-08, 1.10127729158e-08, 2.6855788704e-09, 3.74961039995e-09, 4.28845137179e-09, 1.56751134295e-09, 1.30887956029e-09, 4.58382776181e-10, 4.51829212933e-10, 6.11493355951e-10, 2.3830884488e-10, 2.38268987873e-10, 7.24675097707e-10, 1.01964292565e-09, 4.55539411748e-10, 9.29051210963e-11, 3.99934529938e-11, 5.83806405996e-11, 8.13676626077e-11, 6.89923049246e-11, 4.23824413065e-11, 4.27941501679e-11, 2.8058066287e-11, 2.49305003724e-11, 1.31338212875e-11, 8.29149856413e-12, 7.59406253159e-12, 4.15545375887e-12],
        "dvar2": [7.11965185474e-07, 3.9074329834e-06, 1.67055372913e-06, 1.16948888262e-06, 7.23847620065e-07, 2.03513650376e-06, 6.64893718749e-07, 1.37139608114e-07, 2.69699711453e-07, 3.12736005981e-07, 2.41266462808e-07, 1.68268300627e-07, 6.74933318123e-08, 2.59617003451e-08, 5.37511990473e-09, 8.45872794031e-09, 8.59130189212e-09, 3.35785488303e-09, 2.92921065181e-09, 1.13499154519e-09, 1.04818398405e-09, 1.18803034077e-09, 5.74617020632e-10, 5.52541179477e-10, 1.57128021705e-09, 2.08252770584e-09, 9.55452938989e-10, 2.20605603229e-10, 1.02540247127e-10, 1.54051757462e-10, 2.06980058093e-10, 1.70039954339e-10, 9.68829946824e-11, 1.00252174617e-10, 6.51756357217e-11, 5.94464269477e-11, 2.84536092604e-11, 1.82338970312e-11, 1.58553517537e-11, 8.64988202592e-12],
        "max": [0.0120174502954, 0.0177671778947, 0.0130842328072, 0.0122065944597, 0.0131065128371, 0.0185215938836, 0.0126405544579, 0.00662915082648, 0.010498540476, 0.00894221290946, 0.011207588017, 0.00898096896708, 0.00671669701114, 0.00298310979269, 0.00198381044902, 0.00179507909343, 0.00150302844122, 0.00114040507469, 0.0011151478393, 0.00069869402796, 0.000740224146284, 0.00117586436681, 0.000267259689281, 0.000325260130921, 0.00069517979864, 0.000791206024587, 0.000512800528668, 0.000222479342483, 0.000190265607671, 0.000198537760298, 0.000273452780675, 0.000224505682127, 0.000168741767993, 0.00015700799122, 0.000151698608533, 0.000199670583243, 9.20212842175e-05, 0.000106271043478, 8.31197685329e-05, 7.35039138817e-05],
        "mean": [0.000920474645682, 0.00101086508948, 0.000390987464925, 0.000423232180765, 0.000603287131526, 0.000897948048078, 0.000496217340697, 0.00014882501273, 0.000151455940795, 0.000230590027058, 0.000228788849199, 0.000158943119459, 8.97452046047e-05, 6.8530862336e-05, 3.37897326972e-05, 4.67078425572e-05, 4.75792476209e-05, 3.17037593049e-05, 2.43284739554e-05, 1.81502782652e-05, 1.86723591469e-05, 2.13206167246e-05, 1.77222391358e-05, 1.82867333933e-05, 2.86814210995e-05, 3.35672157235e-05, 2.14864812733e-05, 8.77571073943e-06, 4.69443602924e-06, 4.40716621597e-06, 5.41801364307e-06, 5.19302466273e-06, 4.76975401398e-06, 5.3171484069e-06, 3.79314838028e-06, 3.23815675074e-06, 2.72390684586e-06, 2.07270068131e-06, 1.73373098278e-06, 1.2110544958e-06],
        "median": [0.0008011800237, 0.000760733906645, 0.000200220529223, 0.000146917111124, 0.000224460978643, 0.000331043964252, 0.000167817197507, 6.20468781563e-05, 4.66162346129e-05, 6.48940113024e-05, 5.9379843151e-05, 3.52537754225e-05, 2.806026896e-05, 2.1217032554e-05, 1.22131896205e-05, 1.61558782565e-05, 1.69595296029e-05, 1.44431669469e-05, 1.26756931422e-05, 9.68581298366e-06, 9.73373971647e-06, 9.54559254751e-06, 9.75970215222e-06, 1.07575988295e-05, 1.08081912913e-05, 8.69114592206e-06, 6.54147333989e-06, 4.33610966866e-06, 2.43662725552e-06, 1.98815814656e-06, 2.40468330048e-06, 2.32215256801e-06, 2.35378411162e-06, 2.57837609752e-06, 1.69069721778e-06, 1.33077071496e-06, 1.03177035271e-06, 7.20549110156e-07, 5.07025731622e-07, 2.90196624064e-07],
        "min": [2.88929654539e-24, 1.00151145731e-23, 1.41663704468e-23, 1.95851254246e-23, 2.55875929015e-24, 4.37852827822e-24, 1.36501051606e-23, 4.71854310559e-24, 2.96578390711e-24, 5.89866324258e-24, 1.12444888185e-23, 8.86461774086e-24, 6.50534461035e-24, 4.02716647559e-24, 2.71607827061e-24, 6.94071694394e-24, 1.26715334629e-23, 1.10197044813e-23, 1.62904667866e-23, 2.16858083726e-23, 7.34608653072e-24, 6.22237113175e-24, 8.23902264403e-24, 1.07737218738e-23, 1.23673802522e-23, 9.80111317564e-24, 7.82828880309e-24, 4.90549406822e-24, 7.52150316363e-24, 9.19213385605e-24, 7.73632655421e-24, 1.09297041294e-23, 1.60159810569e-23, 1.19696208066e-23, 8.23878677462e-24, 9.89798135049e-24, 8.90464927636e-24, 1.02711827673e-23, 9.15441841617e-24, 7.91718317192e-24],
        "var": [6.785791129e-07, 1.69596262367e-06, 4.68065849191e-07, 7.72748194322e-07, 1.25609324186e-06, 2.392514034e-06, 9.39807989653e-07, 1.01504895156e-07, 2.59144258052e-07, 3.04584915511e-07, 3.13873869118e-07, 2.16853450752e-07, 5.37078612695e-08, 2.52664893452e-08, 8.25244761415e-09, 1.07550084394e-08, 1.23921513051e-08, 4.16941015047e-09, 2.26946883508e-09, 8.8023627276e-10, 1.0560081698e-09, 1.98298266696e-09, 6.22091933522e-10, 6.04493621825e-10, 2.65234167962e-09, 4.45464509724e-09, 1.89402094009e-09, 1.98122643291e-10, 5.35143145075e-11, 6.77334438537e-11, 1.12808512531e-10, 1.09560020778e-10, 7.70537800232e-11, 7.88694942688e-11, 5.17809267686e-11, 5.070742784e-11, 3.17454222631e-11, 1.91764278068e-11, 1.78364701481e-11, 1.00480682802e-11]
    },
    "mfcc": {
        "mean": [-624.422668457, 100.824333191, 0.472095966339, 21.3707199097, -1.51535785198, -0.124765627086, -3.53356409073, 6.17333126068, -6.25331068039, 3.84896945953, 1.61528491974, -2.76875162125, 1.36642432213],
        "cov": [[2631.53540039, -583.030944824, 612.313171387, 336.077301025, 263.256530762, 104.804397583, 206.298080444, 142.057601929, -134.424606323, 64.3205871582, 7.35150289536, -72.4364929199, 82.301940918], [-583.030944824, 1035.61193848, -160.138427734, 77.4492263794, -59.1391410828, -54.742855072, 9.96820831299, -40.8603630066, -45.8369903564, -8.46368408203, -31.4396266937, 8.49603748322, 21.1899242401], [612.313171387, -160.138427734, 945.295349121, 414.236419678, 344.663665771, 232.88041687, 3.72360086441, -14.0945920944, -17.6450061798, -80.8322296143, -22.8796672821, 98.1470108032, 43.9839439392], [336.077301025, 77.4492263794, 414.236419678, 473.605010986, 256.770874023, 119.936782837, -2.79369163513, 0.825432002544, -44.4520492554, -48.3025474548, -29.0364532471, 68.1111297607, 51.9766807556], [263.256530762, -59.1391410828, 344.663665771, 256.770874023, 311.9347229, 109.945701599, 9.41697883606, 8.30919265747, -14.9513196945, -28.6561450958, -13.9805555344, 53.7222137451, 25.5963363647], [104.804397583, -54.742855072, 232.88041687, 119.936782837, 109.945701599, 207.722488403, 58.2605361938, 12.2715730667, 6.28965520859, -18.2863330841, 7.925968647, 19.5425243378, -3.0196416378], [206.298080444, 9.96820831299, 3.72360086441, -2.79369163513, 9.41697883606, 58.2605361938, 227.466247559, 72.7872543335, -23.5756015778, 63.1175880432, 35.7988052368, -51.7186546326, 13.4618873596], [142.057601929, -40.8603630066, -14.0945920944, 0.825432002544, 8.30919265747, 12.2715730667, 72.7872543335, 128.920883179, -6.37771511078, 50.4837684631, 27.8948402405, -24.73021698, 11.5278339386], [-134.424606323, -45.8369903564, -17.6450061798, -44.4520492554, -14.9513196945, 6.28965520859, -23.5756015778, -6.37771511078, 134.687698364, -0.955079734325, 1.26459336281, 16.060218811, -15.951385498], [64.3205871582, -8.46368408203, -80.8322296143, -48.3025474548, -28.6561450958, -18.2863330841, 63.1175880432, 50.4837684631, -0.955079734325, 119.818984985, 40.4096107483, -24.4474983215, 10.6840934753], [7.35150289536, -31.4396266937, -22.8796672821, -29.0364532471, -13.9805555344, 7.925968647, 35.7988052368, 27.8948402405, 1.26459336281, 40.4096107483, 97.6817855835, 1.13659214973, -5.98572444916], [-72.4364929199, 8.49603748322, 98.1470108032, 68.1111297607, 53.7222137451, 19.5425243378, -51.7186546326, -24.73021698, 16.060218811, -24.4474983215, 1.13659214973, 108.06439209, 26.435426712], [82.301940918, 21.1899242401, 43.9839439392, 51.9766807556, 25.5963363647, -3.0196416378, 13.4618873596, 11.5278339386, -15.951385498, 10.6840934753, -5.98572444916, 26.435426712, 88.9940109253]],
