{
"lowlevel": {
    "average_loudness": 0.908425688744,
    "barkbands_crest": {
        "dmean": 2.11989283562,
        "dmean2": 3.4628226757,
        "dvar": 4.14209890366,
        "dvar2": 10.5575466156,
        "max": 24.1472167969,
        "mean": 8.80024051666,
        "median": 7.89809513092,
        "min": 2.55138301849,
        "var": 13.4493551254
    },
    "barkbands_flatness_db": {
        "dmean": 0.0159592442214,
        "dmean2": 0.0255317371339,
        "dvar": 0.000233265018323,
        "dvar2": 0.000535947328899,
        "max": 0.354342013597,
        "mean": 0.168825313449,
        "median": 0.161843061447,
        "min": 0.0539041869342,
        "var": 0.00198255851865
    },
    "barkbands_kurtosis": {
        "dmean": 1.50270485878,
        "dmean2": 2.37662649155,
        "dvar": 10.8700656891,
        "dvar2": 24.8931465149,
        "max": 147.373275757,
        "mean": 1.82482743263,
        "median": -0.300039291382,
        "min": -1.95485079288,
        "var": 43.6442070007
    },
    "barkbands_skewness": {
        "dmean": 0.395650953054,
        "dmean2": 0.595330834389,
        "dvar": 0.205779373646,
        "dvar2": 0.423975616693,
        "max": 9.48525047302,
        "mean": 0.739506900311,
        "median": 0.512939453125,
        "min": -2.86545872688,
        "var": 1.51119053364
    },
    "barkbands_spread": {
        "dmean": 5.16856861115,
        "dmean2": 7.9432554245,
        "dvar": 56.1712608337,
        "dvar2": 114.208572388,
        "max": 97.6093521118,
        "mean": 26.8025627136,
        "median": 24.646030426,
        "min": 1.12330627441,
        "var": 271.53112793
    },
    "dissonance": {
        "dmean": 0.0161778107285,
        "dmean2": 0.02734946087,
        "dvar": 0.000274154095678,
        "dvar2": 0.000758438371122,
        "max": 0.5,
        "mean": 0.465985894203,
        "median": 0.474779129028,
        "min": 0.272014170885,
        "var": 0.000921324535739
    },
    "dynamic_complexity": 3.41698479652,
    "erbbands_crest": {
        "dmean": 2.33259892464,
        "dmean2": 3.77084445953,
        "dvar": 4.97765207291,
        "dvar2": 12.1901292801,
        "max": 28.2525234222,
        "mean": 9.93741226196,
        "median": 9.35912704468,
        "min": 2.37575554848,
        "var": 15.744187355
    },
    "erbbands_flatness_db": {
        "dmean": 0.0152371348813,
        "dmean2": 0.0229520723224,
        "dvar": 0.000254998594755,
        "dvar2": 0.000504750350956,
        "max": 0.376749664545,
        "mean": 0.216402113438,
        "median": 0.217255145311,
        "min": 0.0854727998376,
        "var": 0.00215329695493
    },
    "erbbands_kurtosis": {
        "dmean": 1.03463852406,
        "dmean2": 1.61237466335,
        "dvar": 2.20434188843,
        "dvar2": 4.65326547623,
        "max": 31.008644104,
        "mean": 0.891233801842,
        "median": -0.109772324562,
        "min": -1.86775910854,
        "var": 9.80809211731
    },
    "erbbands_skewness": {
        "dmean": 0.377717792988,
        "dmean2": 0.564584314823,
        "dvar": 0.149266004562,
        "dvar2": 0.286261439323,
        "max": 4.21331644058,
        "mean": -0.137265309691,
        "median": -0.0673901289701,
        "min": -4.95720481873,
        "var": 1.30250132084
    },
    "erbbands_spread": {
        "dmean": 6.13358068466,
        "dmean2": 9.42477703094,
        "dvar": 70.449546814,
        "dvar2": 159.114852905,
        "max": 139.15057373,
        "mean": 31.4709300995,
        "median": 28.4317092896,
        "min": 4.34950399399,
        "var": 260.994018555
    },
    "hfc": {
        "dmean": 4.36407661438,
        "dmean2": 6.21481323242,
        "dvar": 38.0962257385,
        "dvar2": 67.1161727905,
        "max": 117.40700531,
        "mean": 21.0189495087,
        "median": 18.0589523315,
        "min": 1.21537753282e-16,
        "var": 308.953338623
    },
    "melbands_crest": {
        "dmean": 2.71859240532,
        "dmean2": 4.43197584152,
        "dvar": 6.79821205139,
        "dvar2": 17.7515277863,
        "max": 31.1435070038,
        "mean": 11.8952760696,
        "median": 11.0477313995,
        "min": 1.10694599152,
        "var": 24.4175891876
    },
    "melbands_flatness_db": {
        "dmean": 0.0192222371697,
        "dmean2": 0.0296038016677,
        "dvar": 0.000413557194406,
        "dvar2": 0.000851400895044,
        "max": 0.451071619987,
        "mean": 0.177016720176,
        "median": 0.164034128189,
        "min": 2.33744885918e-05,
        "var": 0.00483008939773
    },
    "melbands_kurtosis": {
        "dmean": 3.29813289642,
        "dmean2": 5.19437837601,
        "dvar": 52.9173698425,
        "dvar2": 123.640434265,
        "max": 305.190948486,
        "mean": 6.45063972473,
        "median": 1.95174360275,
        "min": -1.9048191309,
        "var": 236.800628662
    },
    "melbands_skewness": {
        "dmean": 0.466230034828,
        "dmean2": 0.718861997128,
        "dvar": 0.310581386089,
        "dvar2": 0.695020675659,
        "max": 13.7409687042,
        "mean": 1.69437885284,
        "median": 1.32713127136,
        "min": -1.39574110508,
        "var": 1.90929067135
    },
    "melbands_spread": {
        "dmean": 8.70546722412,
        "dmean2": 12.966252327,
        "dvar": 177.819412231,
        "dvar2": 312.273529053,
        "max": 228.14175415,
        "mean": 40.5318756104,
        "median": 34.6287078857,
        "min": 0.727256596088,
        "var": 894.7421875
    },
    "pitch_salience": {
        "dmean": 0.0585146993399,
        "dmean2": 0.0942979902029,
        "dvar": 0.00277071259916,
        "dvar2": 0.00695572700351,
        "max": 0.978652834892,
        "mean": 0.584031820297,
        "median": 0.581670284271,
        "min": 0.184201091528,
        "var": 0.0140551952645
    },
    "silence_rate_20dB": {
        "dmean": 0,
        "dmean2": 0,
        "dvar": 0,
        "dvar2": 0,
        "max": 1,
        "mean": 1,
        "median": 1,
        "min": 1,
        "var": 0
    },
    "silence_rate_30dB": {
        "dmean": 0,
        "dmean2": 0,
        "dvar": 0,
        "dvar2": 0,
        "max": 1,
        "mean": 1,
        "median": 1,
        "min": 1,
        "var": 0
    },
    "silence_rate_60dB": {
        "dmean": 0.0198684036732,
        "dmean2": 0.0397419370711,
        "dvar": 0.0194750800729,
        "dvar2": 0.0464264824986,
        "max": 1,
        "mean": 0.148993805051,
        "median": 0,
        "min": 0,
        "var": 0.126799061894
    },
    "spectral_centroid": {
        "dmean": 231.680435181,
        "dmean2": 342.603973389,
        "dvar": 103686.304688,
        "dvar2": 179852.765625,
        "max": 11573.1425781,
        "mean": 1951.14941406,
        "median": 2088.10424805,
        "min": 184.712387085,
        "var": 707202.8125
    },
    "spectral_complexity": {
        "dmean": 2.73074436188,
        "dmean2": 4.42890310287,
        "dvar": 8.02712154388,
        "dvar2": 19.5273551941,
        "max": 43,
        "mean": 16.0544376373,
        "median": 16,
        "min": 0,
        "var": 74.2602539062
    },
    "spectral_decrease": {
        "dmean": 7.93408949651e-10,
        "dmean2": 1.21752297133e-09,
        "dvar": 1.00847668254e-18,
        "dvar2": 2.17684634351e-18,
        "max": 4.39309916622e-29,
        "mean": -3.5524543307e-09,
        "median": -3.52543549909e-09,
        "min": -1.38048221743e-08,
        "var": 5.51402070486e-18
    },
    "spectral_energy": {
        "dmean": 0.00327317183837,
        "dmean2": 0.00500140339136,
        "dvar": 1.63274180522e-05,
        "dvar2": 3.47885834344e-05,
        "max": 0.0556609891355,
        "mean": 0.0153142847121,
        "median": 0.01522824727,
        "min": 1.08580323549e-20,
        "var": 9.9702992884e-05
    },
    "spectral_energyband_high": {
        "dmean": 0.000254505925113,
        "dmean2": 0.000356145348633,
        "dvar": 5.01538636399e-07,
        "dvar2": 7.67709650518e-07,
        "max": 0.0158618818969,
        "mean": 0.000739418843295,
        "median": 0.000132430548547,
        "min": 8.02982106124e-21,
        "var": 2.16916828322e-06
    },
    "spectral_energyband_low": {
        "dmean": 0.00115181377623,
        "dmean2": 0.00189490290359,
        "dvar": 4.97972223457e-06,
        "dvar2": 1.25105261759e-05,
        "max": 0.0337025374174,
        "mean": 0.00285109644756,
        "median": 0.00161153578665,
        "min": 2.40262592819e-23,
        "var": 1.35207401399e-05
    },
    "spectral_energyband_middle_high": {
        "dmean": 0.0014140564017,
        "dmean2": 0.00205350387841,
        "dvar": 4.18467334384e-06,
        "dvar2": 8.04826049716e-06,
        "max": 0.0335843078792,
        "mean": 0.00632911641151,
        "median": 0.00396309839562,
        "min": 1.69035923275e-21,
        "var": 3.8772537664e-05
    },
    "spectral_energyband_middle_low": {
        "dmean": 0.00200255634263,
        "dmean2": 0.00306925992481,
        "dvar": 9.38190351008e-06,
        "dvar2": 2.13378152694e-05,
        "max": 0.0453811883926,
        "mean": 0.00581227429211,
        "median": 0.00397650804371,
        "min": 1.55571044548e-22,
        "var": 3.10630748572e-05
    },
    "spectral_entropy": {
        "dmean": 0.130841940641,
        "dmean2": 0.191912889481,
        "dvar": 0.0240574888885,
        "dvar2": 0.0410407856107,
        "max": 9.8223400116,
        "mean": 7.41625452042,
        "median": 7.44555091858,
        "min": 5.88601589203,
        "var": 0.246760487556
    },
    "spectral_flux": {
        "dmean": 0.0172744616866,
        "dmean2": 0.0276061818004,
        "dvar": 0.000339566264302,
        "dvar2": 0.000835566665046,
        "max": 0.187522962689,
        "mean": 0.0650248229504,
        "median": 0.0601236596704,
        "min": 1.04201883233e-10,
        "var": 0.00129005056806
    },
    "spectral_kurtosis": {
        "dmean": 2.25190258026,
        "dmean2": 3.87079501152,
        "dvar": 7.0506644249,
        "dvar2": 21.223323822,
        "max": 40.3064880371,
        "mean": 5.39876508713,
        "median": 4.29941558838,
        "min": -1.2196201086,
        "var": 20.9173049927
    },
    "spectral_rms": {
        "dmean": 0.000410715379985,
        "dmean2": 0.000625782529823,
        "dvar": 2.04782764968e-07,
        "dvar2": 4.05390636615e-07,
        "max": 0.00736908428371,
        "mean": 0.00358432135545,
        "median": 0.00385445542634,
        "min": 3.25472006117e-12,
        "var": 2.09340714719e-06
    },
    "spectral_rolloff": {
        "dmean": 448.877716064,
        "dmean2": 741.973266602,
        "dvar": 838557.6875,
        "dvar2": 1643370.75,
        "max": 18755.4199219,
        "mean": 2468.1027832,
        "median": 2691.65039062,
        "min": 107.666015625,
        "var": 2630954.5
    },
    "spectral_skewness": {
        "dmean": 0.261555105448,
        "dmean2": 0.432742416859,
        "dvar": 0.0677189677954,
        "dvar2": 0.178159028292,
        "max": 4.71154785156,
        "mean": 1.41340529919,
        "median": 1.39283788204,
        "min": -0.405858784914,
        "var": 0.375085324049
    },
    "spectral_spread": {
        "dmean": 401659.875,
        "dmean2": 587957.0625,
        "dvar": 438434136064,
        "dvar2": 659342360576,
        "max": 41617960,
        "mean": 3578575.75,
        "median": 3290732.75,
        "min": 1176536.5,
        "var": 1.91632900096e+12
    },
    "spectral_strongpeak": {
        "dmean": 0.744853854179,
        "dmean2": 1.26800596714,
        "dvar": 1.73855340481,
        "dvar2": 4.63914632797,
        "max": 12.3224534988,
        "mean": 1.43141055107,
        "median": 0.63345515728,
        "min": 0,
        "var": 3.01750469208
    },
    "zerocrossingrate": {
        "dmean": 0.00974426977336,
        "dmean2": 0.0107978833839,
        "dvar": 0.000256888684817,
        "dvar2": 0.000231061523664,
        "max": 0.67822265625,
        "mean": 0.0788742378354,
        "median": 0.07666015625,
        "min": 0.005859375,
        "var": 0.00190242030658
    },
    "barkbands": {
        "dmean": [2.5355067919e-05, 0.000697599723935, 0.000488906458486, 0.000311410665745, 0.000438792922068, 0.000568416493479, 0.000444300414529, 0.000615244673099, 0.000624398177024, 0.000521055830177, 0.000172226544237, 0.000182765259524, 0.000206740980502, 0.00015370863548, 0.000196758483071, 0.000207935852814, 0.000354440824594, 0.000506707292516, 0.000345919659594, 0.000104049286165, 6.30908980384e-05, 7.81396083767e-05, 8.75913829077e-05, 4.16838374804e-05, 2.10837424675e-05, 5.07833632923e-08, 6.13836981245e-10],
        "dmean2": [3.77471806132e-05, 0.00110474636313, 0.000842769979499, 0.000525249692146, 0.000683125632349, 0.000880271254573, 0.000676499097608, 0.000963646511082, 0.000958702643402, 0.000788462872151, 0.000268649426289, 0.000285106303636, 0.000316798628774, 0.000242378533585, 0.000295457808534, 0.000324808119331, 0.000534660939593, 0.000758577079978, 0.000528283941094, 0.000166726793395, 0.000100034842035, 0.000115483082482, 0.000123238511151, 6.16557736066e-05, 3.01399795717e-05, 8.68559837386e-08, 1.13370979271e-09],
        "dvar": [6.0111515765e-09, 3.5831869809e-06, 8.89877696864e-07, 3.80717892767e-07, 8.23788923299e-07, 2.71690487352e-06, 2.11092037716e-06, 2.27745204029e-06, 2.57102442447e-06, 1.94313861357e-06, 2.08542132896e-07, 2.26207376386e-07, 3.14209415819e-07, 2.26965241268e-07, 3.50878224253e-07, 2.63064833916e-07, 4.61123363493e-07, 7.28601207811e-07, 3.68293285646e-07, 4.71870755803e-08, 2.58114294382e-08, 5.33076480735e-08, 9.55356185273e-08, 2.98411961808e-08, 6.79365941281e-09, 5.29122237561e-14, 7.92545422932e-19],
        "dvar2": [1.29808208627e-08, 8.7982889454e-06, 2.60212232206e-06, 1.02644969502e-06, 1.97231247512e-06, 5.88178954786e-06, 4.49050367024e-06, 5.14249450134e-06, 6.0534939621e-06, 4.59623015558e-06, 4.61261720375e-07, 5.08042148795e-07, 6.63727007577e-07, 5.35383662736e-07, 7.21692117622e-07, 6.14549378497e-07, 9.75971374828e-07, 1.52592133418e-06, 8.13264762201e-07, 1.2122505666e-07, 6.18170048483e-08, 1.01162243027e-07, 1.71242632518e-07, 6.21461637706e-08, 1.22965344573e-08, 1.41353305471e-13, 2.48910847231e-18],
        "max": [0.00124041642994, 0.0307049974799, 0.0155346952379, 0.0150365848094, 0.0203996207565, 0.0345551632345, 0.0383895821869, 0.0271009244025, 0.0388612784445, 0.0304478518665, 0.0124671645463, 0.0122477635741, 0.0144827794284, 0.0123753324151, 0.0116081628948, 0.0126213235781, 0.0150498924777, 0.0152466539294, 0.0121345603839, 0.00614905962721, 0.0049957735464, 0.00676000257954, 0.00725842919201, 0.00670428620651, 0.00286946701817, 7.96202493802e-06, 1.10321378699e-08],
        "mean": [3.54571129719e-05, 0.0015861367574, 0.000953671173193, 0.000532090722118, 0.000994843314402, 0.000992599525489, 0.000703180325218, 0.00112635688856, 0.00116721563973, 0.00116528966464, 0.000323717045831, 0.000320746155921, 0.000375519448426, 0.000225962037803, 0.000342134502716, 0.000491174461786, 0.000812787737232, 0.00140400161035, 0.000838074483909, 0.000305232970277, 0.000149278479512, 0.000174852582859, 0.000173447304405, 8.05261661299e-05, 3.99187883886e-05, 4.94111347393e-08, 8.40884584186e-10],
        "median": [1.95725942831e-06, 0.000235452753259, 0.000460443465272, 0.000256721919868, 0.000630848458968, 0.000319231825415, 0.000173542968696, 0.000347502093064, 0.000335986027494, 0.000143484619912, 8.91029412742e-05, 9.73886490101e-05, 8.23249865789e-05, 7.13229019311e-05, 6.29695350653e-05, 0.000106583000161, 0.000286107882857, 0.00042569776997, 0.000294551078696, 3.80359924748e-05, 1.38142358992e-05, 3.06836154778e-05, 2.72992183454e-05, 2.0550123736e-05, 7.12593191565e-06, 4.71000660696e-09, 5.25941457052e-10],
        "min": [2.50048585898e-23, 1.36359577291e-23, 3.35410364594e-24, 2.84866015079e-24, 3.39710611049e-23, 1.27649030396e-23, 1.72120014743e-23, 6.6044671919e-23, 1.50801222329e-23, 4.51739493435e-23, 7.110246939e-23, 1.23980005194e-22, 1.59253851151e-22, 1.06461840491e-22, 1.77632480085e-22, 1.11639393358e-22, 2.28230510795e-22, 1.94821696101e-22, 3.48636004212e-22, 2.58633235326e-22, 4.49167907858e-22, 4.88078213262e-22, 6.14352604621e-22, 1.10236740609e-21, 1.18021709746e-21, 1.7562298504e-21, 2.39543609213e-21],
        "var": [1.2667331184e-08, 7.91222646512e-06, 1.807860599e-06, 6.79037214013e-07, 2.08780033972e-06, 5.90018271396e-06, 4.11371183873e-06, 5.61632350582e-06, 6.04622346145e-06, 8.70288658916e-06, 5.70048655391e-07, 4.76710397379e-07, 8.03728255505e-07, 3.25501616771e-07, 8.67252765602e-07, 1.22216738419e-06, 1.56675832841e-06, 3.74556543647e-06, 1.58452462529e-06, 3.83173784257e-07, 8.26741555215e-08, 1.61279871236e-07, 2.70416450121e-07, 6.68972575113e-08, 2.00225418467e-08, 5.3265561856e-14, 6.53151737839e-19]
    },
    "erbbands": {
        "dmean": [0.0209131408483, 0.168572843075, 0.474083691835, 0.848811209202, 1.1745262146, 1.38244569302, 3.02890515327, 5.1872587204, 6.38620519638, 8.58131313324, 13.7800941467, 13.1015224457, 16.0136795044, 9.72994804382, 6.34432888031, 6.99389362335, 8.88062000275, 6.8092675209, 7.53755760193, 9.78737163544, 11.7068939209, 18.3515968323, 23.9445896149, 22.966802597, 8.76339912415, 4.25641107559, 2.99355554581, 2.34714126587, 2.61841773987, 3.06552481651, 2.39857244492, 1.20581066608, 0.565756142139, 0.317688494921, 0.11264450103, 0.00663078483194, 0.000179787311936, 1.41124537549e-05, 3.74101068701e-06, 4.40164649262e-06],
        "dmean2": [0.0335204638541, 0.267155528069, 0.80496430397, 1.45469200611, 1.89665317535, 2.17345285416, 4.68563938141, 7.98873853683, 9.64699554443, 13.3394479752, 21.1601753235, 19.9401435852, 23.9457988739, 14.3468084335, 9.97432804108, 10.7326622009, 13.3347330093, 10.5589799881, 11.6068048477, 14.3019809723, 17.213596344, 27.0585155487, 34.6198959351, 33.9393386841, 13.0142641068, 6.81747436523, 4.74003791809, 3.64847254753, 3.90350699425, 4.41456222534, 3.37494516373, 1.76139307022, 0.847779691219, 0.455004900694, 0.167686149478, 0.00995616056025, 0.000263433146756, 2.00369686354e-05, 5.37689265911e-06, 6.62953107167e-06],
        "dvar": [0.00409524235874, 0.20517064631, 0.884774029255, 2.27120113373, 5.69878339767, 11.0964841843, 54.1289024353, 320.196105957, 477.212982178, 631.817626953, 1259.30627441, 1281.71374512, 1533.09741211, 740.877075195, 295.175842285, 348.547668457, 586.942016602, 359.858764648, 495.132263184, 819.611572266, 706.992980957, 1264.45080566, 1842.56530762, 1458.36437988, 293.152374268, 78.4259719849, 47.6688232422, 43.1081085205, 60.2837562561, 92.3873596191, 86.3477935791, 26.8892097473, 4.82267475128, 1.43132185936, 0.230604231358, 0.000718056457117, 5.1003291901e-07, 2.71711164679e-09, 7.48851397558e-11, 2.95605484535e-11],
        "dvar2": [0.0108643984422, 0.494239807129, 2.49550771713, 6.53629875183, 14.2803955078, 26.2550621033, 122.228851318, 701.70715332, 1001.13659668, 1516.46472168, 2790.19384766, 3002.34716797, 3332.95385742, 1698.09411621, 708.217834473, 774.025634766, 1236.19946289, 776.964538574, 1147.83789062, 1700.64599609, 1462.50708008, 2569.25439453, 3655.60205078, 3056.35595703, 597.68359375, 202.015533447, 120.652618408, 93.8506622314, 117.61139679, 170.583938599, 164.418670654, 55.4218025208, 10.6943407059, 2.60624694824, 0.451497107744, 0.00153806619346, 1.0207561445e-06, 4.95335861217e-09, 1.29219579481e-10, 5.96940621933e-11],
        "max": [0.977829098701, 7.14491510391, 13.833864212, 28.0364017487, 69.8177185059, 100.858894348, 159.819061279, 443.123809814, 681.670410156, 493.733734131, 743.16595459, 771.377319336, 722.797058105, 721.457336426, 586.279724121, 483.237457275, 755.313171387, 452.503814697, 751.987976074, 683.950561523, 594.727783203, 750.766235352, 900.815856934, 645.885559082, 494.711090088, 196.819564819, 174.59576416, 169.801086426, 187.534484863, 222.807846069, 253.772033691, 220.774597168, 74.7578353882, 31.7886791229, 23.4305000305, 1.2143471241, 0.0324389971793, 0.00221836334094, 0.000314411328873, 0.000100064644357],
        "mean": [0.040194734931, 0.379852384329, 1.01839959621, 1.59285378456, 2.48623538017, 2.97652792931, 5.49733638763, 8.93704223633, 10.771021843, 15.079366684, 26.2430210114, 25.267282486, 34.8968963623, 24.1946430206, 13.0626516342, 14.2220392227, 16.9231014252, 11.9207229614, 13.2551679611, 22.7769145966, 30.1362552643, 48.2068138123, 72.4184951782, 67.2547302246, 26.1743278503, 13.0173149109, 7.76531982422, 5.43398666382, 5.80620241165, 6.51790142059, 4.54486942291, 2.26872229576, 1.09999990463, 0.593422889709, 0.205252110958, 0.0113681778312, 0.000344616186339, 3.30087823386e-05, 1.4929021745e-05, 2.10933358176e-05],
        "median": [0.00187040120363, 0.08299292624, 0.49981534481, 1.00106739998, 1.36949157715, 1.68889164925, 2.59590482712, 2.26312208176, 2.83460474014, 5.18951892853, 8.96621799469, 8.63498878479, 6.68643808365, 4.47178268433, 4.75368213654, 4.80663967133, 4.52881240845, 3.98665738106, 3.90130496025, 4.37467193604, 8.13557434082, 18.8107872009, 22.4835777283, 27.5870895386, 9.36178970337, 2.20398759842, 0.724918365479, 0.63413310051, 0.980540156364, 1.1068161726, 0.704446792603, 0.509294629097, 0.268651157618, 0.115183122456, 0.0292569007725, 0.00158343068324, 6.44324391033e-05, 1.13694595711e-05, 1.22177689263e-05, 2.11123660847e-05],
        "min": [4.19468014218e-22, 3.05363275283e-21, 3.35442498685e-21, 1.06614242864e-20, 3.29807120736e-20, 1.61622173652e-19, 6.2427443614e-20, 1.24364653468e-19, 2.34704278705e-19, 8.30411476628e-19, 1.18728469664e-18, 4.21281871052e-19, 5.92910448574e-19, 2.46325411509e-18, 3.33747731626e-18, 6.47967011119e-18, 7.32409702592e-18, 5.12883329928e-18, 1.03877084898e-17, 6.12015632387e-18, 7.52117363404e-18, 1.22803787951e-17, 1.26910185481e-17, 8.87543290573e-18, 2.25656376573e-17, 1.433660835e-17, 1.90998203739e-17, 1.59146621636e-17, 1.65507127694e-17, 1.39438993911e-17, 1.99205539408e-17, 2.04424006825e-17, 1.94472312681e-17, 1.06608915046e-17, 9.8890666458e-18, 6.56642233229e-18, 3.21130394191e-18, 1.27107147525e-18, 3.73651880803e-19, 3.56815375529e-20],
        "var": [0.00763144018129, 0.413789480925, 2.05424165726, 3.8166000843, 13.7683582306, 27.4469299316, 109.264129639, 671.965515137, 1005.52587891, 1167.08154297, 3334.07983398, 2850.64257812, 5402.33447266, 3678.31958008, 701.958618164, 841.632080078, 1441.28393555, 708.25958252, 833.96496582, 3329.74194336, 3409.72851562, 4889.06933594, 9789.29199219, 7852.95800781, 1731.95605469, 561.644836426, 204.168487549, 122.416755676, 177.354934692, 271.238769531, 221.968276978, 63.8049430847, 10.2294101715, 3.95459604263, 0.65531629324, 0.00168929831125, 1.37849974635e-06, 8.59291127142e-09, 3.02675301489e-10, 1.97219254816e-10]
    },
    "gfcc": {
        "mean": [-52.3230018616, 100.444320679, -160.401596069, 44.2335166931, -75.9030227661, 9.36104488373, -43.0909614563, 15.3348884583, -14.6115207672, -21.0561542511, -1.57103407383, -14.3110198975, -6.75699234009],
        "cov": [[6033.94482422, -265.722137451, 539.366027832, 1514.70544434, 310.50592041, 316.165924072, 358.940307617, 742.521057129, 136.40234375, 14.4032249451, 131.237609863, 210.234603882, -30.1541671753], [-265.722137451, 1744.7878418, 660.788879395, -2.80733084679, 516.542236328, -327.415130615, -53.7832527161, -122.630783081, 52.9583282471, -285.519958496, 178.638717651, -83.1428527832, -98.3292694092], [539.366027832, 660.788879395, 1535.01916504, 610.494018555, 60.418056488, 149.290435791, 20.2670993805, -62.6607208252, -32.6973381042, 45.2804870605, -39.1463470459, 35.1613807678, -28.3926029205], [1514.70544434, -2.80733084679, 610.494018555, 795.40625, 167.193206787, 154.074523926, 150.971572876, 170.557632446, 67.823677063, 104.200218201, -23.8626384735, 57.7530708313, 29.6700382233], [310.50592041, 516.542236328, 60.418056488, 167.193206787, 545.583374023, -74.9963607788, -78.1146469116, 104.927139282, 105.793128967, -53.9327278137, 77.8969268799, -17.3562602997, 6.24855899811], [316.165924072, -327.415130615, 149.290435791, 154.074523926, -74.9963607788, 361.466796875, 192.400588989, 53.7925224304, -29.7570800781, 139.352706909, -73.5979690552, 78.9417495728, 57.2883834839], [358.940307617, -53.7832527161, 20.2670993805, 150.971572876, -78.1146469116, 192.400588989, 440.240966797, 115.864784241, -31.7183914185, 50.4207038879, -18.0135784149, 52.3493766785, 37.6615333557], [742.521057129, -122.630783081, -62.6607208252, 170.557632446, 104.927139282, 53.7925224304, 115.864784241, 292.118621826, 67.7520065308, 9.78890132904, 39.108505249, 49.5407142639, 21.1831226349], [136.40234375, 52.9583282471, -32.6973381042, 67.823677063, 105.793128967, -29.7570800781, -31.7183914185, 67.7520065308, 145.501907349, 27.8045501709, 15.7104883194, 6.04101371765, 15.6717538834], [14.4032249451, -285.519958496, 45.2804870605, 104.200218201, -53.9327278137, 139.352706909, 50.4207038879, 9.78890132904, 27.8045501709, 223.052185059, -63.3017578125, 36.9403953552, 66.3421707153], [131.237609863, 178.638717651, -39.1463470459, -23.8626384735, 77.8969268799, -73.5979690552, -18.0135784149, 39.108505249, 15.7104883194, -63.3017578125, 145.143737793, 27.0921535492, -36.740650177], [210.234603882, -83.1428527832, 35.1613807678, 57.7530708313, -17.3562602997, 78.9417495728, 52.3493766785, 49.5407142639, 6.04101371765, 36.9403953552, 27.0921535492, 108.780319214, 36.1233978271], [-30.1541671753, -98.3292694092, -28.3926029205, 29.6700382233, 6.24855899811, 57.2883834839, 37.6615333557, 21.1831226349, 15.6717538834, 66.3421707153, -36.740650177, 36.1233978271, 111.256919861]],
        "icov": [[0.000588642025832, -0.000531731115188, 0.000663516344503, -0.0016110278666, 0.000745571276639, -0.000726763857529, 0.000727934238967, -0.00114042731002, 0.000468976068078, 0.000252226454904, -0.000102546160633, -0.000321983970935, 0.000445843528723], [-0.000531731115188, 0.004506083671, -0.00340244011022, 0.00376368430443, -0.00459343008697, 0.00369859160855, -0.00395594676957, 0.00346444826573, -0.00220394181088, 0.00195628707297, -0.00159282155801, 0.000520284462254, -0.000551624398213], [0.000663516344503, -0.00340244011022, 0.00386649626307, -0.00452774716541, 0.00356869772077, -0.00329534825869, 0.00337524642237, -0.00218662782572, 0.00206536869518, -0.000933375151362, 0.00108631118201, -0.000804352399427, 0.00102265260648], [-0.0016110278666, 0.00376368430443, -0.00452774716541, 0.00855659507215, -0.00496063288301, 0.00386297819205, -0.00451477151364, 0.0031908378005, -0.00279502337798, -0.000367091532098, 3.03409115077e-06, 0.000622130115516, -0.000925775908399], [0.000745571276639, -0.00459343008697, 0.00356869772077, -0.00496063288301, 0.00760867772624, -0.0042398897931, 0.00480697490275, -0.00430654501542, 0.000961453653872, -0.000882671680301, -0.000191383762285, 0.000982642872259, -0.000666707579512], [-0.000726763857529, 0.00369859160855, -0.00329534825869, 0.00386297819205, -0.0042398897931, 0.0092846211046, -0.00514620682225, 0.0027124658227, -0.000444969686214, -0.00118435360491, 0.00157660490368, -0.00293496577069, 0.000126076760353], [0.000727934238967, -0.00395594676957, 0.00337524642237, -0.00451477151364, 0.00480697490275, -0.00514620682225, 0.00721476785839, -0.00449136225507, 0.00286235660315, -0.00090561498655, 0.000560401997063, -1.10113182927e-06, -0.000118598982226], [-0.00114042731002, 0.00346444826573, -0.00218662782572, 0.0031908378005, -0.00430654501542, 0.0027124658227, -0.00449136225507, 0.00951903127134, -0.00391466636211, 0.00170826422982, -0.00169023196213, -0.000595846096985, -0.000934945244808], [0.000468976068078, -0.00220394181088, 0.00206536869518, -0.00279502337798, 0.000961453653872, -0.000444969686214, 0.00286235660315, -0.00391466636211, 0.0111901536584, -0.00305131264031, 0.000657727068756, -0.00066880468512, 8.08348922874e-05], [0.000252226454904, 0.00195628707297, -0.000933375151362, -0.000367091532098, -0.000882671680301, -0.00118435360491, -0.00090561498655, 0.00170826422982, -0.00305131264031, 0.00921810232103, 6.25668617431e-05, -0.000205033153179, -0.00268191867508], [-0.000102546160633, -0.00159282155801, 0.00108631118201, 3.03409115077e-06, -0.000191383762285, 0.00157660490368, 0.000560401997063, -0.00169023196213, 0.000657727068756, 6.25668617431e-05, 0.0130668412894, -0.00688361469656, 0.00459206290543], [-0.000321983970935, 0.000520284462254, -0.000804352399427, 0.000622130115516, 0.000982642872259, -0.00293496577069, -1.10113182927e-06, -0.000595846096985, -0.00066880468512, -0.000205033153179, -0.00688361469656, 0.0164579115808, -0.00582906696945], [0.000445843528723, -0.000551624398213, 0.00102265260648, -0.000925775908399, -0.000666707579512, 0.000126076760353, -0.000118598982226, -0.000934945244808, 8.08348922874e-05, -0.00268191867508, 0.00459206290543, -0.00582906696945, 0.01431695465]]
    },
    "melbands": {
        "dmean": [0.000185073877219, 0.000229071752983, 0.000147602753714, 8.31688812468e-05, 9.85755541478e-05, 0.000116119699669, 9.41109246924e-05, 0.000103771541035, 0.000116755552881, 8.24336384539e-05, 8.38301421027e-05, 4.59306320408e-05, 2.21300779231e-05, 1.87095520232e-05, 2.40339813899e-05, 1.7604788809e-05, 1.36481803565e-05, 1.29474919959e-05, 1.65005840245e-05, 1.34103847813e-05, 1.62764972629e-05, 2.11459700949e-05, 2.22295566346e-05, 2.56270759564e-05, 2.15222007682e-05, 1.01754085335e-05, 5.02835837324e-06, 2.90989260066e-06, 2.30396494771e-06, 1.46440856952e-06, 1.5234137436e-06, 1.59641535902e-06, 1.77085735231e-06, 1.85284659437e-06, 1.57426086389e-06, 1.10497671812e-06, 6.66215271394e-07, 4.31201954143e-07, 3.41551896099e-07, 2.68852659246e-07],
        "dmean2": [0.000292853655992, 0.000383177364711, 0.000250466080615, 0.000131340158987, 0.000151785774506, 0.000178596819751, 0.000141927361256, 0.00016189921007, 0.000178482543561, 0.000125537757413, 0.000125422695419, 6.85914565111e-05, 3.44731779478e-05, 2.90334610327e-05, 3.67050197383e-05, 2.66251172434e-05, 2.12906525121e-05, 2.02894971153e-05, 2.44480925176e-05, 1.94793010451e-05, 2.39096170844e-05, 3.16470832331e-05, 3.27097877744e-05, 3.80655001209e-05, 3.21911466017e-05, 1.53147921083e-05, 7.8942402979e-06, 4.70767054139e-06, 3.68992664335e-06, 2.33346736422e-06, 2.4047626539e-06, 2.43694648816e-06, 2.66452298092e-06, 2.70273790193e-06, 2.25094117923e-06, 1.61561865752e-06, 1.01067962532e-06, 6.5976581709e-07, 5.03735179791e-07, 3.88672788176e-07],
        "dvar": [2.79340071074e-07, 2.18970583887e-07, 6.45748627903e-08, 2.59626293797e-08, 5.52045307245e-08, 1.39726154202e-07, 9.5251053267e-08, 7.58913216714e-08, 9.11277453497e-08, 4.93968741466e-08, 4.21940988815e-08, 1.8053931683e-08, 3.29497518159e-09, 2.37135666659e-09, 4.67518779246e-09, 2.51814991081e-09, 1.58998925137e-09, 1.77769832188e-09, 2.8056086343e-09, 1.34138100627e-09, 1.45044798394e-09, 1.83941961662e-09, 1.78831582875e-09, 1.94891414118e-09, 1.36011024665e-09, 4.07300693173e-10, 1.21453291868e-10, 4.6816991256e-11, 2.98053352832e-11, 1.51936501575e-11, 1.80152073814e-11, 2.14337159132e-11, 3.08597834786e-11, 3.54223178567e-11, 3.7261953939e-11, 2.18405814267e-11, 8.29069885661e-12, 3.53645606722e-12, 1.38940345774e-12, 1.16159816141e-12],
        "dvar2": [6.95702112807e-07, 5.70603560845e-07, 1.7945362174e-07, 6.11639592307e-08, 1.27441239783e-07, 3.05188848415e-07, 2.02408287464e-07, 1.81222063134e-07, 2.04170277129e-07, 1.14774557858e-07, 9.31877721655e-08, 4.27026449756e-08, 7.44706474265e-09, 5.71420022411e-09, 1.01775485817e-08, 5.33926591828e-09, 3.41504136081e-09, 4.29336344254e-09, 5.55065238217e-09, 2.61211141606e-09, 3.0044973176e-09, 3.87710397121e-09, 3.58165186398e-09, 4.19563672693e-09, 2.94679414203e-09, 8.74505856618e-10, 3.05350078555e-10, 1.20223872524e-10, 7.62357538209e-11, 3.63886420995e-11, 4.00170799275e-11, 4.57482142446e-11, 6.502571398e-11, 6.83976000837e-11, 7.33979960144e-11, 4.35276120703e-11, 1.7747772002e-11, 8.41917421196e-12, 2.86586314575e-12, 2.17547377682e-12],
        "max": [0.00825182907283, 0.0067347236909, 0.00594143569469, 0.00416568852961, 0.00518246460706, 0.00856014620513, 0.00904736761004, 0.00510874250904, 0.00582607137039, 0.00463793054223, 0.003521398874, 0.00360963819548, 0.00182288978249, 0.00142253178637, 0.00181258027442, 0.00146124220919, 0.00104290188756, 0.00162709422875, 0.0012898973655, 0.000984343932942, 0.000819085282274, 0.000770845625084, 0.000883743923623, 0.000789308920503, 0.00067125482019, 0.000397264928324, 0.000347159948433, 0.000149517611135, 0.000107875508547, 0.000130951229949, 0.000101808422187, 0.000111972571176, 0.000202965093195, 0.000112189874926, 0.00014540652046, 0.00015734891349, 0.00013492598373, 7.10737949703e-05, 3.81791869586e-05, 3.44932122971e-05],
        "mean": [0.000411249813624, 0.000537994666956, 0.000309755589115, 0.00018709115102, 0.000189199956367, 0.000203945208341, 0.000157964794198, 0.000182416915777, 0.000220910209464, 0.000155558955157, 0.000181842828169, 0.000110736553324, 4.32840315625e-05, 3.32432246068e-05, 4.75296837976e-05, 3.04076456814e-05, 2.12488848774e-05, 1.89923739526e-05, 2.95214103971e-05, 3.2266449125e-05, 3.52147580998e-05, 4.74856933579e-05, 5.65922673559e-05, 7.13915069355e-05, 5.47665913473e-05, 2.41185789491e-05, 1.30623211589e-05, 7.3508931564e-06, 5.54095186089e-06, 3.13355758408e-06, 3.14877229357e-06, 3.18751744999e-06, 3.61459910891e-06, 3.6063911466e-06, 2.78029233414e-06, 1.91077560885e-06, 1.17005595257e-06, 7.82958522905e-07, 6.14419832345e-07, 4.66017553435e-07],
        "median": [4.12756562582e-05, 0.000290980737191, 0.000202974260901, 0.00011860342056, 9.31933900574e-05, 5.53524077986e-05, 4.01252837037e-05, 5.81707281526e-05, 7.05666170688e-05, 4.57114947494e-05, 2.83715889964e-05, 1.44298983287e-05, 1.35509935717e-05, 1.08552249003e-05, 1.06747229438e-05, 6.88359523338e-06, 6.35039623376e-06, 5.78857907385e-06, 4.6823060984e-06, 6.289371413e-06, 8.4878074631e-06, 1.68850310729e-05, 1.70004423126e-05, 2.14596420847e-05, 1.94684798771e-05, 7.52447795094e-06, 2.22121980187e-06, 8.75113755683e-07, 4.26714507284e-07, 3.08628045786e-07, 3.72768937495e-07, 5.03638375449e-07, 6.51982418276e-07, 5.48237039766e-07, 3.93781419916e-07, 3.20814024235e-07, 2.89492220418e-07, 1.88559496905e-07, 1.29725890474e-07, 7.90880747559e-08],
        "min": [4.56942867298e-24, 2.72287253237e-24, 1.5180021803e-24, 7.86031734471e-24, 3.25186727262e-24, 2.78539863379e-24, 3.70791565054e-24, 1.09785559187e-23, 8.07438342881e-24, 2.34844167586e-24, 2.66090159181e-24, 9.22944618801e-24, 1.04659312255e-23, 1.42486880823e-23, 1.9595456347e-23, 1.16823894513e-23, 8.64568201839e-24, 1.73954968317e-23, 1.03389151535e-23, 6.66870981521e-24, 8.97303562823e-24, 1.2684003776e-23, 1.19281093681e-23, 1.00315552233e-23, 5.82778448468e-24, 1.59293972616e-23, 1.24916526661e-23, 8.59105576729e-24, 1.10748576914e-23, 1.04607633977e-23, 9.12466968257e-24, 9.40368426272e-24, 9.02654169685e-24, 6.92946305427e-24, 1.09876073087e-23, 1.22306730239e-23, 1.29601256033e-23, 1.4063308925e-23, 1.08653330796e-23, 8.58716510531e-24],
        "var": [6.10312952176e-07, 5.14805094554e-07, 1.28782488673e-07, 6.67878978788e-08, 1.22431274008e-07, 3.02676113506e-07, 2.01271319611e-07, 1.51205696852e-07, 2.40796680373e-07, 1.14451083277e-07, 1.5678065779e-07, 9.11899675771e-08, 8.72720473666e-09, 5.39486277873e-09, 1.36355149394e-08, 6.36254871011e-09, 2.93041590993e-09, 2.26428320538e-09, 7.59251328475e-09, 6.96106061682e-09, 5.07970465691e-09, 5.79425929459e-09, 7.01878066778e-09, 9.85772086182e-09, 6.13199446775e-09, 1.75061276586e-09, 9.04234964683e-10, 2.28281296644e-10, 1.22024487736e-10, 4.13499963436e-11, 4.50396213381e-11, 5.47604045442e-11, 7.85500692269e-11, 9.3572961879e-11, 8.79373032725e-11, 5.22752396925e-11, 1.7331048055e-11, 5.8639933187e-12, 3.34581776347e-12, 3.02264767035e-12]
    },
    "mfcc": {
        "mean": [-671.896484375, 107.689239502, -18.6447734833, 19.1399707794, -0.22146140039, -14.7112379074, -8.76138401031, 16.196269989, -9.13564300537, -0.172226399183, 4.15870904922, -3.27072238922, -5.28652763367],
        "cov": [[5633.37841797, -1135.04919434, 308.53237915, 1065.90454102, 301.938720703, 22.5636177063, 389.308044434, 679.143310547, 318.458557129, 210.077148438, 341.45703125, 241.785507202, 98.3217315674], [-1135.04919434, 1827.97412109, 146.930908203, 163.864883423, 463.222869873, -182.051620483, -56.5894966125, 45.8973274231, -275.598571777, -116.550468445, -1.32899284363, -75.9371414185, -47.2020454407], [308.53237915, 146.930908203, 1418.58557129, 443.954284668, 37.3608474731, 327.811096191, 117.865653992, 30.4175167084, 28.4549179077, -2.42867660522, -20.8944702148, -3.52494359016, 57.3647651672], [1065.90454102, 163.864883423, 443.954284668, 689.33795166, 284.230377197, 77.2443618774, 101.373451233, 143.176696777, 89.6538085938, 80.8964538574, 70.4581680298, 39.947467804, 53.1894187927], [301.938720703, 463.222869873, 37.3608474731, 284.230377197, 675.681518555, -101.538566589, -107.275497437, 41.2678070068, -44.1497344971, -5.52895545959, 47.5182113647, 9.02129459381, -15.2763767242], [22.5636177063, -182.051620483, 327.811096191, 77.2443618774, -101.538566589, 383.536102295, 108.190071106, -49.4653587341, 138.074203491, 32.8319778442, -15.7298212051, 27.8018512726, 40.4208297729], [389.308044434, -56.5894966125, 117.865653992, 101.373451233, -107.275497437, 108.190071106, 284.321289062, 131.328048706, 84.787689209, 36.32371521, 39.1114883423, 28.9916687012, 33.4694480896], [679.143310547, 45.8973274231, 30.4175167084, 143.176696777, 41.2678070068, -49.4653587341, 131.328048706, 282.895202637, 26.5786914825, 19.6891689301, 89.2449264526, 36.0174598694, 21.7625713348], [318.458557129, -275.598571777, 28.4549179077, 89.6538085938, -44.1497344971, 138.074203491, 84.787689209, 26.5786914825, 272.136688232, 83.4085998535, 0.295489996672, 56.1754646301, 35.8035392761], [210.077148438, -116.550468445, -2.42867660522, 80.8964538574, -5.52895545959, 32.8319778442, 36.32371521, 19.6891689301, 83.4085998535, 136.056640625, 19.7420349121, 0.762544393539, 25.4657077789], [341.45703125, -1.32899284363, -20.8944702148, 70.4581680298, 47.5182113647, -15.7298212051, 39.1114883423, 89.2449264526, 0.295489996672, 19.7420349121, 128.719573975, 44.2030639648, 7.55213928223], [241.785507202, -75.9371414185, -3.52494359016, 39.947467804, 9.02129459381, 27.8018512726, 28.9916687012, 36.0174598694, 56.1754646301, 0.762544393539, 44.2030639648, 128.95350647, 23.010761261], [98.3217315674, -47.2020454407, 57.3647651672, 53.1894187927, -15.2763767242, 40.4208297729, 33.4694480896, 21.7625713348, 35.8035392761, 25.4657077789, 7.55213928223, 23.010761261, 92.0855636597]],
