{
"lowlevel": {
    "average_loudness": 0.950152337551,
    "barkbands_crest": {
        "dmean": 2.6655061245,
        "dmean2": 4.0864944458,
        "dvar": 5.58309793472,
        "dvar2": 12.0530729294,
        "max": 25.5206985474,
        "mean": 10.3722372055,
        "median": 9.46957015991,
        "min": 2.11469244957,
        "var": 21.2075767517
    },
    "barkbands_flatness_db": {
        "dmean": 0.0184457022697,
        "dmean2": 0.025977820158,
        "dvar": 0.000290270400001,
        "dvar2": 0.000578246195801,
        "max": 0.263648599386,
        "mean": 0.0851249098778,
        "median": 0.0800040960312,
        "min": 0.0133532825857,
        "var": 0.00140872783959
    },
    "barkbands_kurtosis": {
        "dmean": 1.2340170145,
        "dmean2": 1.91632819176,
        "dvar": 8.62542629242,
        "dvar2": 19.0437545776,
        "max": 69.9053878784,
        "mean": 0.764205396175,
        "median": -0.255697250366,
        "min": -1.95509552956,
        "var": 17.1802692413
    },
    "barkbands_skewness": {
        "dmean": 0.395689070225,
        "dmean2": 0.604677557945,
        "dvar": 0.201874926686,
        "dvar2": 0.432089626789,
        "max": 7.78008794785,
        "mean": 0.870231926441,
        "median": 0.725559413433,
        "min": -2.70144963264,
        "var": 0.829374909401
    },
    "barkbands_spread": {
        "dmean": 6.77513647079,
        "dmean2": 10.4637832642,
        "dvar": 58.3170051575,
        "dvar2": 120.774375916,
        "max": 127.563354492,
        "mean": 38.0898742676,
        "median": 37.081867218,
        "min": 3.1643474102,
        "var": 272.338226318
    },
    "dissonance": {
        "dmean": 0.0128308422863,
        "dmean2": 0.0220011714846,
        "dvar": 0.000162187468959,
        "dvar2": 0.000450693973107,
        "max": 0.500000119209,
        "mean": 0.48096716404,
        "median": 0.486143618822,
        "min": 0.320061594248,
        "var": 0.000283380330075
    },
    "dynamic_complexity": 2.5054731369,
    "erbbands_crest": {
        "dmean": 2.49848246574,
        "dmean2": 4.04440355301,
        "dvar": 5.56170558929,
        "dvar2": 13.9440231323,
        "max": 27.8261852264,
        "mean": 8.12186908722,
        "median": 7.07821989059,
        "min": 2.31967663765,
        "var": 16.8741207123
    },
    "erbbands_flatness_db": {
        "dmean": 0.0139275025576,
        "dmean2": 0.0205946844071,
        "dvar": 0.00016367113858,
        "dvar2": 0.000333529198542,
        "max": 0.323190033436,
        "mean": 0.125433042645,
        "median": 0.119368560612,
        "min": 0.0467143058777,
        "var": 0.00161798950285
    },
    "erbbands_kurtosis": {
        "dmean": 0.584871947765,
        "dmean2": 0.946487188339,
        "dvar": 0.425813347101,
        "dvar2": 1.06882953644,
        "max": 9.65539550781,
        "mean": 0.19081492722,
        "median": -0.0289092063904,
        "min": -1.69375872612,
        "var": 1.05877482891
    },
    "erbbands_skewness": {
        "dmean": 0.2883913517,
        "dmean2": 0.462225109339,
        "dvar": 0.0656250119209,
        "dvar2": 0.160390034318,
        "max": 2.79965925217,
        "mean": 0.167508810759,
        "median": 0.149983510375,
        "min": -2.4299197197,
        "var": 0.359513044357
    },
    "erbbands_spread": {
        "dmean": 5.91360759735,
        "dmean2": 9.15122032166,
        "dvar": 35.5752334595,
        "dvar2": 82.4306793213,
        "max": 115.463088989,
        "mean": 36.0208702087,
        "median": 33.8528327942,
        "min": 8.11754131317,
        "var": 184.521575928
    },
    "hfc": {
        "dmean": 10.4203224182,
        "dmean2": 15.5397338867,
        "dvar": 267.686279297,
        "dvar2": 589.768188477,
        "max": 572.235107422,
        "mean": 37.5131454468,
        "median": 33.8608551025,
        "min": 1.0878606269e-16,
        "var": 695.490966797
    },
    "melbands_crest": {
        "dmean": 3.72581601143,
        "dmean2": 5.78995656967,
        "dvar": 10.1280460358,
        "dvar2": 21.809633255,
        "max": 34.052280426,
        "mean": 15.9300289154,
        "median": 15.3277025223,
        "min": 1.50738227367,
        "var": 39.3353996277
    },
    "melbands_flatness_db": {
        "dmean": 0.0246743932366,
        "dmean2": 0.0351316407323,
        "dvar": 0.000528591568582,
        "dvar2": 0.00108711153734,
        "max": 0.366174131632,
        "mean": 0.14359664917,
        "median": 0.138944968581,
        "min": 0.0026912172325,
        "var": 0.00247090798803
    },
    "melbands_kurtosis": {
        "dmean": 4.2407746315,
        "dmean2": 6.54668807983,
        "dvar": 86.1797409058,
        "dvar2": 194.710159302,
        "max": 222.416107178,
        "mean": 7.39896678925,
        "median": 3.3581328392,
        "min": -1.68807077408,
        "var": 193.668182373
    },
    "melbands_skewness": {
        "dmean": 0.603984415531,
        "dmean2": 0.925746202469,
        "dvar": 0.461409986019,
        "dvar2": 1.01023232937,
        "max": 13.1175775528,
        "mean": 2.12166237831,
        "median": 1.77034938335,
        "min": -0.622407615185,
        "var": 2.10183334351
    },
    "melbands_spread": {
        "dmean": 9.29880142212,
        "dmean2": 14.6411161423,
        "dvar": 126.396560669,
        "dvar2": 284.66003418,
        "max": 256.112091064,
        "mean": 39.6679954529,
        "median": 38.0857543945,
        "min": 1.7682248354,
        "var": 440.335113525
    },
    "pitch_salience": {
        "dmean": 0.0692961961031,
        "dmean2": 0.104468107224,
        "dvar": 0.0042509585619,
        "dvar2": 0.00895079132169,
        "max": 0.937493264675,
        "mean": 0.528542876244,
        "median": 0.528159797192,
        "min": 0.077618137002,
        "var": 0.0164728891104
    },
    "silence_rate_20dB": {
        "dmean": 0,
        "dmean2": 0,
        "dvar": 0,
        "dvar2": 0,
        "max": 1,
        "mean": 1,
        "median": 1,
        "min": 1,
        "var": 0
    },
    "silence_rate_30dB": {
        "dmean": 0.000733675726224,
        "dmean2": 0.00146753084846,
        "dvar": 0.000733135500923,
        "dvar2": 0.00170995818917,
        "max": 1,
        "mean": 0.999388694763,
        "median": 1,
        "min": 0,
        "var": 0.000610951159615
    },
    "silence_rate_60dB": {
        "dmean": 0.0031792614609,
        "dmean2": 0.00635930057615,
        "dvar": 0.00316926906817,
        "dvar2": 0.00876468978822,
        "max": 1,
        "mean": 0.0387577936053,
        "median": 0,
        "min": 0,
        "var": 0.0372489802539
    },
    "spectral_centroid": {
        "dmean": 259.98449707,
        "dmean2": 414.251251221,
        "dvar": 79920.8984375,
        "dvar2": 182953.28125,
        "max": 11654.5332031,
        "mean": 2262.69335938,
        "median": 2203.04052734,
        "min": 563.647277832,
        "var": 948224.625
    },
    "spectral_complexity": {
        "dmean": 4.90095376968,
        "dmean2": 7.64632511139,
        "dvar": 25.442445755,
        "dvar2": 54.4046096802,
        "max": 62,
        "mean": 30.6854133606,
        "median": 32,
        "min": 0,
        "var": 141.594238281
    },
    "spectral_decrease": {
        "dmean": 1.67675939799e-09,
        "dmean2": 2.73340505785e-09,
        "dvar": 3.57512175675e-18,
        "dvar2": 9.06983275739e-18,
        "max": 1.64767868789e-28,
        "mean": -7.19627024637e-09,
        "median": -7.06152558649e-09,
        "min": -4.1057965916e-08,
        "var": 1.19175368465e-17
    },
    "spectral_energy": {
        "dmean": 0.00684568006545,
        "dmean2": 0.0112207811326,
        "dvar": 5.92936812609e-05,
        "dvar2": 0.000149145518662,
        "max": 0.165066078305,
        "mean": 0.0305630657822,
        "median": 0.0300395749509,
        "min": 1.00268362005e-20,
        "var": 0.000203351853997
    },
    "spectral_energyband_high": {
        "dmean": 0.000878375489265,
        "dmean2": 0.00131567253266,
        "dvar": 2.45930482379e-06,
        "dvar2": 5.24215238329e-06,
        "max": 0.0733761787415,
        "mean": 0.00241252779961,
        "median": 0.0019075794844,
        "min": 6.99629846773e-21,
        "var": 5.63204048376e-06
    },
    "spectral_energyband_low": {
        "dmean": 0.00462318444625,
        "dmean2": 0.00707548949867,
        "dvar": 2.78580100712e-05,
        "dvar2": 7.65423756093e-05,
        "max": 0.065567985177,
        "mean": 0.0122283361852,
        "median": 0.0118221407756,
        "min": 1.84453760333e-23,
        "var": 6.37455668766e-05
    },
    "spectral_energyband_middle_high": {
        "dmean": 0.00302822515368,
        "dmean2": 0.00474654883146,
        "dvar": 1.63284476002e-05,
        "dvar2": 3.90492714359e-05,
        "max": 0.0877084434032,
        "mean": 0.0101451035589,
        "median": 0.00726857595146,
        "min": 1.23056182178e-21,
        "var": 7.44090430089e-05
    },
    "spectral_energyband_middle_low": {
        "dmean": 0.00294742081314,
        "dmean2": 0.00462039466947,
        "dvar": 2.33355494856e-05,
        "dvar2": 5.57042258151e-05,
        "max": 0.145723417401,
        "mean": 0.00654016481712,
        "median": 0.0044237296097,
        "min": 1.61371519852e-22,
        "var": 4.73867658002e-05
    },
    "spectral_entropy": {
        "dmean": 0.0965700671077,
        "dmean2": 0.142375320196,
        "dvar": 0.0095260925591,
        "dvar2": 0.0180828217417,
        "max": 9.8246011734,
        "mean": 8.07419300079,
        "median": 8.08400249481,
        "min": 6.82548999786,
        "var": 0.089928291738
    },
    "spectral_flux": {
        "dmean": 0.0203607268631,
        "dmean2": 0.030858097598,
        "dvar": 0.000388850341551,
        "dvar2": 0.000907623965759,
        "max": 0.351762473583,
        "mean": 0.0974729880691,
        "median": 0.0966002196074,
        "min": 6.46678682825e-11,
        "var": 0.00147569016553
    },
    "spectral_kurtosis": {
        "dmean": 0.676692247391,
        "dmean2": 1.11179876328,
        "dvar": 0.490258842707,
        "dvar2": 1.24110019207,
        "max": 14.4677391052,
        "mean": 3.29033350945,
        "median": 3.23883008957,
        "min": -1.39276945591,
        "var": 2.20931220055
    },
    "spectral_rms": {
        "dmean": 0.000609729962889,
        "dmean2": 0.000989920925349,
        "dvar": 4.11068867834e-07,
        "dvar2": 1.00496959021e-06,
        "max": 0.0126901566982,
        "mean": 0.00524949422106,
        "median": 0.00541358487681,
        "min": 3.12766349278e-12,
        "var": 2.26051770369e-06
    },
    "spectral_rolloff": {
        "dmean": 742.834472656,
        "dmean2": 1164.59655762,
        "dvar": 1074416.25,
        "dvar2": 2083769.875,
        "max": 19487.5488281,
        "mean": 2615.52172852,
        "median": 2088.72070312,
        "min": 64.599609375,
        "var": 5754080.5
    },
    "spectral_skewness": {
        "dmean": 0.117938481271,
        "dmean2": 0.189329817891,
        "dvar": 0.0133784068748,
        "dvar2": 0.0304764788598,
        "max": 2.83337807655,
        "mean": 1.36414396763,
        "median": 1.37338650227,
        "min": -0.0562039762735,
        "var": 0.0728500559926
    },
    "spectral_spread": {
        "dmean": 538347.5,
        "dmean2": 794037.25,
        "dvar": 689203904512,
        "dvar2": 1.25265903616e+12,
        "max": 42444556,
        "mean": 5610638.5,
        "median": 5157338,
        "min": 1817337,
        "var": 1.30119484047e+13
    },
    "spectral_strongpeak": {
        "dmean": 0.590861141682,
        "dmean2": 1.03176939487,
        "dvar": 1.31578099728,
        "dvar2": 3.41116881371,
        "max": 17.1341362,
        "mean": 0.901088476181,
        "median": 0.328617274761,
        "min": 0,
        "var": 1.88323259354
    },
    "zerocrossingrate": {
        "dmean": 0.0144755868241,
        "dmean2": 0.016294810921,
        "dvar": 0.000291383068543,
        "dvar2": 0.000318610633258,
        "max": 0.70849609375,
        "mean": 0.0957668870687,
        "median": 0.08642578125,
        "min": 0.00439453125,
        "var": 0.00342676322907
    },
    "barkbands": {
        "dmean": [0.000201290706173, 0.00429750140756, 0.00166733318474, 0.000894520198926, 0.000653251016047, 0.000316903373459, 0.000375062634703, 0.000610406103078, 0.00132952444255, 0.000960172037594, 0.00116791727487, 0.000676347815897, 0.000658675737213, 0.000562207540497, 0.000389983208152, 0.000336625322234, 0.000317780824844, 0.000294307275908, 0.000313277123496, 0.000360078847734, 0.000245125498623, 0.000138605653774, 0.000127322622575, 0.000139435709571, 0.000177896785317, 0.000109308333776, 1.19008318507e-05],
        "dmean2": [0.000299880775856, 0.0064989249222, 0.00254295230843, 0.00152135931421, 0.00113471935038, 0.000515834486578, 0.00062482454814, 0.000977116753347, 0.00215144059621, 0.00153633928858, 0.00187616643962, 0.00105813005939, 0.00107086298522, 0.00090486073168, 0.000632571405731, 0.000546322437003, 0.000527235039044, 0.000512881902978, 0.000529463111889, 0.000586729729548, 0.000397438067012, 0.000224832721869, 0.000198386216653, 0.000212365470361, 0.00026365800295, 0.000157548958668, 1.86491288332e-05],
        "dvar": [1.27332654642e-07, 2.55830436799e-05, 7.29721614334e-06, 3.31349292537e-06, 1.55509565047e-06, 7.68602433254e-07, 1.0673320503e-06, 3.31838236889e-06, 9.81237008091e-06, 4.68891175842e-06, 5.84441613682e-06, 2.22281892093e-06, 1.21526318253e-06, 1.14376041438e-06, 5.57279463465e-07, 2.15614605281e-07, 2.23239766228e-07, 2.82814824004e-07, 2.34756527107e-07, 2.53981852438e-07, 1.43936389918e-07, 4.56828885831e-08, 9.69780842297e-08, 2.54884980677e-07, 4.1290269337e-07, 1.08722154835e-07, 4.11066097827e-10],
        "dvar2": [2.95396262118e-07, 6.6835898906e-05, 1.56153473654e-05, 8.64884714247e-06, 4.16546936322e-06, 1.91308527064e-06, 2.66816914518e-06, 7.85747761256e-06, 2.52317531704e-05, 1.11457129606e-05, 1.4887999896e-05, 4.81372944705e-06, 2.97455039799e-06, 2.8520360047e-06, 1.33803769131e-06, 5.23099231486e-07, 5.41477504612e-07, 7.79631648129e-07, 6.25786128694e-07, 6.33501429093e-07, 3.65449551509e-07, 1.12652195128e-07, 2.16215212845e-07, 5.55777546651e-07, 8.29872419672e-07, 2.29340784585e-07, 1.01119568274e-09],
        "max": [0.0113549306989, 0.0545618012547, 0.0279199257493, 0.0150841027498, 0.0234705563635, 0.0335102565587, 0.0463518351316, 0.0820966586471, 0.104713156819, 0.0548703670502, 0.0463210679591, 0.0439830683172, 0.0195399131626, 0.0212938394397, 0.0244987662882, 0.0112808393314, 0.0169919393957, 0.01050188113, 0.00793164502829, 0.00774711882696, 0.00983116030693, 0.0062177288346, 0.0212990753353, 0.0367022380233, 0.0162739306688, 0.0128624346107, 0.000387172942283],
        "mean": [0.000322596228216, 0.00942740496248, 0.00201588869095, 0.00096435501473, 0.000876342121046, 0.000483885989524, 0.000504226656631, 0.00085291871801, 0.00235807546414, 0.00155472487677, 0.00206509139389, 0.00116061943118, 0.00116110383533, 0.00100976927206, 0.000672516063787, 0.000636404554825, 0.000619859842118, 0.000485617376398, 0.000619372061919, 0.000847045273986, 0.000515114050359, 0.000306866306346, 0.000280263542663, 0.000301531952573, 0.000328029447701, 0.000172047031811, 2.13343628275e-05],
        "median": [0.000154773151735, 0.00833456870168, 0.000919970101677, 0.000307173089823, 0.000533767743036, 0.000298631057376, 0.000247738615144, 0.000341426522937, 0.000608019414358, 0.000454167049611, 0.000604688364547, 0.000438853923697, 0.000498996232636, 0.000463194330223, 0.000415119866375, 0.00046520945034, 0.000456859415863, 0.000353917275788, 0.000474103260785, 0.000562632689252, 0.000368862325558, 0.000234059902141, 0.000196997003513, 0.000169667546288, 0.000169452832779, 9.1400987003e-05, 1.01044988696e-05],
        "min": [2.30498648403e-25, 1.10705406501e-24, 1.75763179507e-24, 1.22811699826e-24, 1.06329780442e-23, 7.90833451915e-24, 6.1726985327e-24, 6.40421619217e-24, 1.07144484431e-23, 1.04903914356e-23, 1.36553226866e-23, 3.33892951199e-23, 4.26292229028e-23, 4.36080478249e-23, 3.32742160911e-23, 4.50055022967e-23, 6.09334401657e-23, 1.0462982779e-22, 1.28359824048e-22, 1.75728561135e-22, 2.42079096515e-22, 3.49733063606e-22, 3.86533487944e-22, 5.7431875934e-22, 9.14266211676e-22, 1.26428185157e-21, 2.1215042059e-21],
        "var": [2.00441888865e-07, 5.9907011746e-05, 9.16569115361e-06, 2.86366162072e-06, 1.63865797731e-06, 8.07625042398e-07, 1.2459587424e-06, 4.4188859647e-06, 2.16683383769e-05, 9.50554021983e-06, 1.46918528117e-05, 5.10266136189e-06, 2.86586328002e-06, 2.99919406643e-06, 9.93145135908e-07, 4.70336743774e-07, 4.73786940347e-07, 2.76176365333e-07, 3.35240883942e-07, 7.46449472899e-07, 2.6738044312e-07, 8.81171260403e-08, 1.61855851388e-07, 3.86409595876e-07, 7.5224761531e-07, 1.5382299523e-07, 8.75332639705e-10]
    },
    "erbbands": {
        "dmean": [0.154684662819, 0.938044011593, 1.85231292248, 2.28633785248, 2.51361942291, 2.17925190926, 2.39758133888, 2.85937547684, 3.94839668274, 9.7579908371, 13.4790277481, 31.1601676941, 29.0827102661, 38.3356437683, 37.5334358215, 22.1068229675, 27.4398365021, 27.7177867889, 20.7231769562, 18.8288879395, 16.4185161591, 16.2726764679, 16.0443477631, 15.4191627502, 15.5479812622, 16.4053153992, 12.6582975388, 7.55798578262, 5.02849721909, 4.30054998398, 3.64465498924, 3.20530152321, 2.29123926163, 2.14026832581, 1.2207146883, 0.612089931965, 0.163539871573, 0.0285670217127, 0.00221247109585, 6.30057256785e-05],
        "dmean2": [0.212148874998, 1.42226243019, 2.80227732658, 3.55990934372, 4.39416885376, 3.68352627754, 4.00707244873, 4.63276720047, 6.54545450211, 15.8867759705, 21.2496242523, 50.7060279846, 45.8172340393, 60.781879425, 59.9339675903, 34.3162002563, 44.4573059082, 44.7953147888, 32.7548446655, 30.6157875061, 26.5426559448, 26.5680599213, 27.8567409515, 26.2139854431, 26.0511951447, 26.8797359467, 20.2001552582, 12.547451973, 8.25744724274, 6.84977912903, 5.67179918289, 4.94528245926, 3.50247883797, 3.28964304924, 1.7642108202, 0.876316010952, 0.238471910357, 0.0435403548181, 0.0034730148036, 9.88727770164e-05],
        "dvar": [0.0272293426096, 1.38346195221, 8.12272262573, 15.6096973419, 28.8537425995, 19.4621696472, 20.1546630859, 85.5924911499, 106.713874817, 607.839904785, 2720.44824219, 5207.45019531, 3362.43237305, 7179.34179688, 6049.58203125, 2442.25732422, 2169.88208008, 2278.0949707, 1863.36401367, 1116.57409668, 491.902374268, 687.045959473, 804.086975098, 599.652404785, 616.083312988, 561.901550293, 332.756835938, 175.263580322, 57.5958518982, 53.4893074036, 75.4932785034, 226.605606079, 41.3630561829, 65.2105636597, 20.5050640106, 5.98736524582, 0.123877808452, 0.00492022000253, 1.16847613754e-05, 9.64582724805e-09],
        "dvar2": [0.072216629982, 3.42659115791, 16.8971977234, 37.0562095642, 77.8253631592, 49.9525032043, 50.820766449, 212.610580444, 260.443206787, 1493.74597168, 6928.05419922, 13559.1503906, 7945.02050781, 18687.59375, 15093.5908203, 5448.05957031, 5304.23095703, 5627.67333984, 4189.53417969, 2623.89868164, 1212.27575684, 1622.02172852, 2196.22558594, 1641.69494629, 1614.96936035, 1384.49316406, 782.804138184, 464.725921631, 144.598388672, 122.531410217, 153.959457397, 518.928527832, 89.9738388062, 147.703277588, 40.5354270935, 12.1730213165, 0.280714184046, 0.0123886931688, 2.83331264654e-05, 2.36764154948e-08],
        "max": [1.7198997736, 14.2160282135, 26.5584259033, 33.0206756592, 110.304107666, 133.323852539, 125.37802124, 338.365447998, 391.379455566, 873.073120117, 2268.71166992, 1707.18676758, 1249.55822754, 1408.19677734, 1666.68005371, 2197.72412109, 1054.3927002, 1079.03625488, 1331.80627441, 1760.31018066, 568.577575684, 1173.30322266, 547.096252441, 408.200042725, 456.702270508, 466.879608154, 287.468994141, 359.746826172, 180.444198608, 268.249328613, 632.101013184, 1162.39221191, 344.210235596, 224.099304199, 120.203117371, 99.5341339111, 7.38870859146, 1.14288282394, 0.0783140361309, 0.0019270874327],
        "mean": [0.31430464983, 1.92797064781, 2.58331394196, 2.85403871536, 2.9677670002, 2.909273386, 3.57949900627, 4.21991205215, 5.62263393402, 14.0638160706, 20.8115406036, 55.7805137634, 51.9557342529, 70.835357666, 73.0098495483, 43.1616249084, 51.883605957, 53.3637123108, 40.6247596741, 36.0942573547, 34.7732200623, 33.8244628906, 28.0746154785, 29.7237701416, 33.0024642944, 38.7245826721, 29.5365791321, 15.6965351105, 10.9297561646, 9.65340614319, 7.9262046814, 6.62493658066, 4.81787919998, 3.8471326828, 2.1493871212, 0.994669139385, 0.254035949707, 0.0457425713539, 0.00403890060261, 0.000140983072924],
        "median": [0.24292857945, 1.54229736328, 1.54546046257, 1.48532271385, 1.142816782, 1.59239006042, 2.02133631706, 2.59703493118, 3.20032095909, 7.09408092499, 8.07040119171, 15.2647829056, 18.5063419342, 20.2387542725, 27.2415294647, 20.2414360046, 25.1497879028, 26.8053340912, 23.8315601349, 24.481595993, 27.7233982086, 25.6894626617, 20.633813858, 22.8634414673, 25.1171607971, 26.5155391693, 19.4339389801, 11.7459583282, 8.64536857605, 6.96173524857, 5.52780294418, 3.97024250031, 2.69769644737, 2.03408575058, 1.06270575523, 0.475702226162, 0.147263884544, 0.0271678622812, 0.00194412865676, 9.36985743465e-05],
        "min": [6.53837263873e-23, 4.50494355382e-22, 2.07989980798e-21, 5.13065277674e-21, 1.34108070449e-20, 2.65161938045e-20, 2.64278567312e-20, 7.01574141266e-20, 1.06131634676e-19, 1.93543021792e-19, 2.73252937352e-19, 2.70413484803e-19, 5.69004670377e-19, 8.23711778955e-19, 8.61532854706e-19, 1.55622141531e-18, 2.15059266484e-18, 1.79367643144e-18, 2.75828193583e-18, 2.63057620939e-18, 3.60223218774e-18, 3.79881455544e-18, 5.89835570083e-18, 6.74507762817e-18, 8.13018866876e-18, 8.7983330552e-18, 8.6260230618e-18, 1.14417516572e-17, 1.18242978751e-17, 1.22638608254e-17, 1.00440422423e-17, 9.93859243062e-18, 9.26699456512e-18, 7.0725662909e-18, 5.53064827595e-18, 4.30616206184e-18, 2.35036298663e-18, 9.9703791204e-19, 2.34669226926e-19, 2.9465042605e-20],
        "var": [0.0824055746198, 2.80715560913, 10.9402074814, 17.6929302216, 24.7820835114, 23.8489646912, 29.0589904785, 85.8596420288, 131.249511719, 751.723815918, 3237.08959961, 12577.3037109, 7881.61523438, 19544.0546875, 16157.0341797, 5409.99316406, 5252.80419922, 5746.61816406, 4355.47460938, 2238.00390625, 1042.97619629, 1493.88977051, 868.983520508, 773.381103516, 962.510314941, 1508.43640137, 951.27722168, 235.901290894, 102.670173645, 112.063331604, 140.357696533, 268.63571167, 76.7244949341, 100.956138611, 36.4913711548, 8.86592483521, 0.163264647126, 0.00528872292489, 2.99705716316e-05, 2.33689565476e-08]
    },
    "gfcc": {
        "mean": [43.5035362244, 43.9490814209, -117.765647888, 29.6123657227, -45.9317092896, 29.0089187622, -21.6807022095, 22.0866470337, -22.9448375702, 10.9751005173, -16.6459522247, 3.22718167305, -10.6971206665],
        "cov": [[16626.1660156, 222.467498779, -639.078552246, 671.681884766, -321.755737305, 451.396484375, -170.442169189, 265.441986084, -343.224151611, 164.743545532, -191.829544067, 58.2562217712, -170.467575073], [222.467498779, 607.579589844, -72.7676773071, 39.295463562, 14.7472734451, -14.9928951263, 90.499168396, 46.4307479858, -0.496764332056, 25.3328456879, 18.2859725952, -20.2857189178, 23.6491165161], [-639.078552246, -72.7676773071, 836.095092773, 274.593902588, 175.670394897, 47.8212280273, -75.0594100952, -24.6211299896, 23.8445720673, 20.4375553131, 20.241312027, 44.9894371033, -13.5981636047], [671.681884766, 39.295463562, 274.593902588, 297.177825928, 95.9312973022, 75.3535385132, -21.2674102783, 20.357339859, 9.36561584473, 47.1975059509, 18.3964195251, 40.9102020264, 10.0618238449], [-321.755737305, 14.7472734451, 175.670394897, 95.9312973022, 189.920349121, 53.6693115234, 53.5560493469, 0.650078713894, 20.9424514771, 23.0118427277, 30.1792087555, 35.0357666016, 15.3589048386], [451.396484375, -14.9928951263, 47.8212280273, 75.3535385132, 53.6693115234, 155.852920532, 65.1382980347, 38.1968269348, -0.255970925093, 27.87541008, 22.172328949, 34.7566223145, 13.3931589127], [-170.442169189, 90.499168396, -75.0594100952, -21.2674102783, 53.5560493469, 65.1382980347, 208.648986816, 57.8334312439, 13.5559186935, 15.5639715195, 39.1534881592, 4.81733417511, 38.2916259766], [265.441986084, 46.4307479858, -24.6211299896, 20.357339859, 0.650078713894, 38.1968269348, 57.8334312439, 98.8271102905, 41.3184089661, 26.5481815338, 1.87182438374, -1.55624103546, 14.8676347733], [-343.224151611, -0.496764332056, 23.8445720673, 9.36561584473, 20.9424514771, -0.255970925093, 13.5559186935, 41.3184089661, 112.950119019, 41.0901794434, 29.0995922089, 8.71220302582, 26.5191822052], [164.743545532, 25.3328456879, 20.4375553131, 47.1975059509, 23.0118427277, 27.87541008, 15.5639715195, 26.5481815338, 41.0901794434, 88.3213806152, 45.5406532288, 17.8664283752, 11.1654586792], [-191.829544067, 18.2859725952, 20.241312027, 18.3964195251, 30.1792087555, 22.172328949, 39.1534881592, 1.87182438374, 29.0995922089, 45.5406532288, 99.4703445435, 45.3371543884, 31.2337665558], [58.2562217712, -20.2857189178, 44.9894371033, 40.9102020264, 35.0357666016, 34.7566223145, 4.81733417511, -1.55624103546, 8.71220302582, 17.8664283752, 45.3371543884, 74.73802948, 29.7839984894], [-170.467575073, 23.6491165161, -13.5981636047, 10.0618238449, 15.3589048386, 13.3931589127, 38.2916259766, 14.8676347733, 26.5191822052, 11.1654586792, 31.2337665558, 29.7839984894, 74.83984375]],
        "icov": [[0.000116326176794, -1.63388140209e-05, 0.000189264581422, -0.000375093135517, 0.0002077822719, -0.000225940166274, 0.000155174813699, -0.000330002134433, 0.000406247447245, -0.000251011078944, 0.000215960142668, -0.000223406153964, 0.000231176265515], [-1.63388140209e-05, 0.00200908933766, 0.000218270259211, -0.000697714916896, -0.000184330070624, 0.00105888803955, -0.000827720854431, -0.000711006461643, 0.00065088563133, -0.000341202772688, -0.000458426657133, 0.000915485201403, -0.000478284579003], [0.000189264581422, 0.000218270259211, 0.00245141237974, -0.0023010938894, -0.00110381003469, -0.000225463925744, 0.000980605953373, -0.000340309547028, 0.000117817209684, 0.000519174383953, -0.000271325552603, -0.000120857344882, 0.000991797540337], [-0.000375093135517, -0.000697714916896, -0.0023010938894, 0.00801897700876, -0.00216536293738, -0.00138437922578, 0.00154162303079, -0.000525738054421, 0.000159726187121, -0.00190464244224, 0.000348101108102, -0.000373421877157, -0.00189141393639], [0.0002077822719, -0.000184330070624, -0.00110381003469, -0.00216536293738, 0.00955575890839, -0.00121428794228, -0.00351805239916, 0.00274263159372, -0.00147200073116, -0.000919688260183, 0.00161122938152, -0.0031221176032, 0.00136236427352], [-0.000225940166274, 0.00105888803955, -0.000225463925744, -0.00138437922578, -0.00121428794228, 0.0113190049306, -0.00358766526915, -0.00235743471421, 0.00147819390986, -0.00135546876118, 0.000604921253398, -0.00365051091649, 0.000702205405105], [0.000155174813699, -0.000827720854431, 0.000980605953373, 0.00154162303079, -0.00351805239916, -0.00358766526915, 0.0104264449328, -0.00566733395681, 0.00264809280634, 0.00146061461419, -0.00446237949654, 0.00405951263383, -0.00316832982935], [-0.000330002134433, -0.000711006461643, -0.000340309547028, -0.000525738054421, 0.00274263159372, -0.00235743471421, -0.00566733395681, 0.0195763129741, -0.00820747949183, -0.00228000362404, 0.00484435772523, -0.00015256307961, -0.000361047161277], [0.000406247447245, 0.00065088563133, 0.000117817209684, 0.000159726187121, -0.00147200073116, 0.00147819390986, 0.00264809280634, -0.00820747949183, 0.0162748284638, -0.0055751199834, -0.00184349028859, 0.00138474244159, -0.00368412886746], [-0.000251011078944, -0.000341202772688, 0.000519174383953, -0.00190464244224, -0.000919688260183, -0.00135546876118, 0.00146061461419, -0.00228000362404, -0.0055751199834, 0.0207526404411, -0.00979741942137, 0.00260620703921, 0.00195449590683], [0.000215960142668, -0.000458426657133, -0.000271325552603, 0.000348101108102, 0.00161122938152, 0.000604921253398, -0.00446237949654, 0.00484435772523, -0.00184349028859, -0.00979741942137, 0.0221748817712, -0.0113909495994, -0.00118377956096], [-0.000223406153964, 0.000915485201403, -0.000120857344882, -0.000373421877157, -0.0031221176032, -0.00365051091649, 0.00405951263383, -0.00015256307961, 0.00138474244159, 0.00260620703921, -0.0113909495994, 0.0263422820717, -0.00813164375722], [0.000231176265515, -0.000478284579003, 0.000991797540337, -0.00189141393639, 0.00136236427352, 0.000702205405105, -0.00316832982935, -0.000361047161277, -0.00368412886746, 0.00195449590683, -0.00118377956096, -0.00813164375722, 0.0205056555569]]
    },
    "melbands": {
        "dmean": [0.00126263301354, 0.000944251019973, 0.000380558572942, 0.000157874208526, 8.48899653647e-05, 6.25381289865e-05, 6.49313151371e-05, 0.000114651797048, 0.000123151112348, 0.000205467673368, 0.000148608203745, 0.000156073627295, 0.000136994683999, 8.38927517179e-05, 5.73049328523e-05, 6.42504892312e-05, 5.6145414419e-05, 3.79586927011e-05, 2.94031087833e-05, 2.75573875115e-05, 2.06266522582e-05, 1.95348766283e-05, 1.70080456883e-05, 1.32923978526e-05, 1.3638496057e-05, 1.17016306831e-05, 1.24446123664e-05, 1.23577192426e-05, 9.97622828436e-06, 6.14205782767e-06, 4.39072027802e-06, 3.08020344164e-06, 2.80854897028e-06, 2.4642945391e-06, 2.23931692744e-06, 2.16243051909e-06, 2.12589839066e-06, 1.75826789928e-06, 1.70483883721e-06, 1.96316318579e-06],
        "dmean2": [0.00179378734902, 0.00139790133107, 0.000573558267206, 0.000275171827525, 0.00014141300926, 0.000101705511042, 0.000107646956167, 0.000185860175407, 0.000194745283807, 0.000333417119691, 0.000233697734075, 0.000247846328421, 0.000217640699702, 0.000129886961076, 9.2716763902e-05, 0.000104698119685, 9.10697272047e-05, 6.01327628829e-05, 4.79699483549e-05, 4.51801970485e-05, 3.40880251315e-05, 3.19180435326e-05, 2.90512434731e-05, 2.31175981753e-05, 2.32457223319e-05, 1.97832741833e-05, 2.04755997402e-05, 2.0286457584e-05, 1.59752344189e-05, 9.95002483251e-06, 7.37639857107e-06, 5.163710739e-06, 4.6033765102e-06, 3.98391830458e-06, 3.52287543137e-06, 3.42723569702e-06, 3.33296043209e-06, 2.75424736174e-06, 2.65325070359e-06, 3.05896492137e-06],
        "dvar": [1.957699169e-06, 1.41744419579e-06, 3.98151172476e-07, 1.03084467185e-07, 2.39950317393e-08, 3.74408983816e-08, 2.98812636856e-08, 8.00101886966e-08, 2.43423215807e-07, 2.09983809896e-07, 9.16925984029e-08, 1.18083356426e-07, 7.79461757361e-08, 3.38505223851e-08, 1.23724612777e-08, 1.33922446466e-08, 1.06645181575e-08, 6.82021905618e-09, 2.46617415378e-09, 1.85818971321e-09, 8.68676408583e-10, 1.08431585932e-09, 7.11411707321e-10, 5.17816345358e-10, 4.45084857859e-10, 3.16248471854e-10, 3.3259639487e-10, 3.29327481952e-10, 2.19883763974e-10, 1.04864325556e-10, 5.20804510629e-11, 2.08338919033e-11, 2.19866919809e-11, 1.77410915819e-11, 1.6662312155e-11, 8.53282097757e-11, 8.83879219815e-11, 2.52871282941e-11, 2.16308602974e-11, 6.70054220442e-11],
        "dvar2": [5.33232559974e-06, 3.03894489662e-06, 9.14921372441e-07, 2.74745929119e-07, 6.08374790545e-08, 9.28595511596e-08, 7.32770146783e-08, 1.8864220408e-07, 6.33469369404e-07, 5.41779684227e-07, 2.15551651195e-07, 3.03210526909e-07, 1.94851409674e-07, 7.16023151881e-08, 3.06194145594e-08, 3.35808643115e-08, 2.67781725682e-08, 1.52862167369e-08, 6.03722005721e-09, 4.36447722407e-09, 2.23589613491e-09, 2.63546029444e-09, 1.87418391917e-09, 1.42386602509e-09, 1.22229759647e-09, 8.25079615741e-10, 8.33498325914e-10, 8.17860223989e-10, 5.14385367634e-10, 2.64101324143e-10, 1.37949596191e-10, 5.37545841173e-11, 5.40103378688e-11, 4.14943149285e-11, 3.31407366827e-11, 2.04111713642e-10, 2.0193575978e-10, 5.78233017023e-11, 4.90161244926e-11, 1.54883175729e-10],
        "max": [0.0155845694244, 0.014339312911, 0.0060841338709, 0.00612000236288, 0.00488076126203, 0.00711691426113, 0.00772160291672, 0.0103273661807, 0.0206560287625, 0.00915350951254, 0.00703997863457, 0.00519885728136, 0.0071813785471, 0.00463741831481, 0.00307639199309, 0.00228709657677, 0.0024473760277, 0.00230931886472, 0.00158679066226, 0.00174482213333, 0.000694240734447, 0.00143664621282, 0.000684370170347, 0.000315794430207, 0.000344237370882, 0.0003420226858, 0.00031821851735, 0.00036912271753, 0.000287415983621, 0.000324299006024, 0.000142561562825, 7.66037264839e-05, 0.000168949467479, 0.000135606838739, 0.000252714264207, 0.000696958624758, 0.000706734543201, 0.000272269244306, 0.000123261823319, 0.000217363442061],
        "mean": [0.00273465900682, 0.00179556035437, 0.000524381466676, 0.00019939665799, 0.000130721440655, 9.36478973017e-05, 9.12770701689e-05, 0.000165983074112, 0.000183641954209, 0.000366995605873, 0.000251309538726, 0.000273833546089, 0.000256817264017, 0.000153606815729, 9.8494332633e-05, 0.000115136514069, 9.9570293969e-05, 6.87327337801e-05, 5.08637858729e-05, 4.74184816994e-05, 3.95572351408e-05, 3.688360448e-05, 2.84717589238e-05, 2.20043657464e-05, 2.42962469201e-05, 2.25797466555e-05, 2.5393004762e-05, 2.63703350356e-05, 2.10928028537e-05, 1.21076245705e-05, 8.05950003269e-06, 6.12249777987e-06, 5.80255391469e-06, 5.1015090321e-06, 4.57929490949e-06, 4.14307623942e-06, 4.07606648878e-06, 3.44377258443e-06, 3.18023239743e-06, 3.27352699969e-06],
        "median": [0.00232665985823, 0.00146664201748, 0.000272618868621, 0.000102574573248, 7.95337109594e-05, 5.94334342168e-05, 4.96050779475e-05, 8.03881848697e-05, 6.08210793871e-05, 9.47143998928e-05, 8.03510338301e-05, 6.59613506286e-05, 8.45983813633e-05, 6.12294606981e-05, 4.47060992883e-05, 4.69475307909e-05, 4.53988395748e-05, 3.48138528352e-05, 3.16911755363e-05, 3.14080170938e-05, 3.08013914037e-05, 2.66125498456e-05, 2.06466374948e-05, 1.61590796779e-05, 1.8085938791e-05, 1.72402724274e-05, 1.76534504135e-05, 1.68121860042e-05, 1.24061552924e-05, 8.17725322122e-06, 5.67751158087e-06, 4.6303621275e-06, 4.29339070251e-06, 3.50632535628e-06, 3.18067600347e-06, 2.65537892119e-06, 2.27923806051e-06, 1.85741942005e-06, 1.79899166142e-06, 1.66896688825e-06],
        "min": [1.11062385783e-24, 1.08120358619e-24, 1.0336830983e-24, 1.03420453535e-24, 1.14082855303e-24, 1.8109489315e-24, 1.53018633419e-24, 2.11881057723e-24, 2.13317790369e-24, 1.65164774081e-24, 2.47097129874e-24, 3.02609133724e-24, 2.5937064199e-24, 3.31756558096e-24, 3.97771909633e-24, 3.77046640387e-24, 3.09530954294e-24, 3.95340127563e-24, 3.31733799459e-24, 3.13333323022e-24, 3.94867126565e-24, 3.08571147231e-24, 4.35528567494e-24, 4.52459849659e-24, 4.83946167729e-24, 4.61536246577e-24, 4.94753483245e-24, 5.50724821078e-24, 3.58252187092e-24, 4.97453399136e-24, 5.27389723856e-24, 5.96013443976e-24, 6.62834932472e-24, 6.60380549537e-24, 6.05560199208e-24, 4.73582980903e-24, 5.74086779014e-24, 5.61880182025e-24, 6.39588463772e-24, 4.73409786492e-24],
        "var": [5.38850781595e-06, 2.48782635026e-06, 5.21922459029e-07, 1.00676743386e-07, 3.46894957204e-08, 3.81994524901e-08, 3.64337360281e-08, 1.10108082652e-07, 2.86910704972e-07, 5.4828001339e-07, 2.09443882682e-07, 3.07667221477e-07, 1.98806759499e-07, 8.77366730379e-08, 2.62277044527e-08, 3.26666942385e-08, 2.5836124351e-08, 1.67927076689e-08, 4.72015315722e-09, 3.75829989352e-09, 1.48829903956e-09, 2.17519824375e-09, 1.00965236172e-09, 5.17345444262e-10, 5.75496761357e-10, 4.76451378351e-10, 6.8186883917e-10, 8.24320722792e-10, 6.14105766239e-10, 1.85243667628e-10, 6.81886908049e-11, 3.46211392888e-11, 3.76679173963e-11, 3.54405810254e-11, 3.79732287281e-11, 9.44736233688e-11, 1.06828004776e-10, 4.22581067361e-11, 3.6823537275e-11, 9.67231503224e-11]
    },
    "mfcc": {
        "mean": [-594.919921875, 82.7506103516, -10.229634285, 14.2256937027, 3.72565960884, 11.1808643341, 14.5865917206, 10.6660966873, 9.31039237976, 10.3583993912, 2.08703684807, 3.81258869171, 3.52245283127],
        "cov": [[5768.51757812, 164.994506836, 291.735809326, 322.766235352, 162.846313477, 196.343338013, 258.38684082, 85.3648834229, 80.9825668335, 58.8114814758, 14.5048055649, 60.588306427, 49.1824264526], [164.994506836, 541.044616699, -72.5293731689, 52.7477684021, -52.3504905701, -10.9035100937, 62.3272895813, 20.4591293335, 18.9423923492, 53.1969413757, 2.68742346764, 2.66422152519, 6.72436761856], [291.735809326, -72.5293731689, 531.296447754, 191.965484619, 209.546417236, 78.7065200806, -5.88025522232, 2.83650445938, -9.49987316132, -24.9347343445, 26.3105106354, 4.27952814102, 39.2971153259], [322.766235352, 52.7477684021, 191.965484619, 237.885635376, 127.64037323, 62.2701301575, 33.5563087463, 3.72027254105, 15.0341997147, 6.87913131714, 12.0326747894, 16.4899978638, 39.5744361877], [162.846313477, -52.3504905701, 209.546417236, 127.64037323, 215.630630493, 75.2246856689, -15.0403404236, 0.677630007267, 1.93900358677, -22.3263702393, 25.3549594879, 7.25264406204, 34.0987091064], [196.343338013, -10.9035100937, 78.7065200806, 62.2701301575, 75.2246856689, 133.213668823, 74.8372192383, 30.4801521301, 11.8740901947, -3.67361450195, 17.0118751526, 22.1955375671, 27.9271354675], [258.38684082, 62.3272895813, -5.88025522232, 33.5563087463, -15.0403404236, 74.8372192383, 163.416900635, 58.3776054382, 22.9492645264, 19.2340507507, 2.2377474308, 21.9694194794, 24.316280365], [85.3648834229, 20.4591293335, 2.83650445938, 3.72027254105, 0.677630007267, 30.4801521301, 58.3776054382, 89.7622299194, 42.2603111267, 13.0498046875, 6.85983324051, 1.62357664108, 9.79930686951], [80.9825668335, 18.9423923492, -9.49987316132, 15.0341997147, 1.93900358677, 11.8740901947, 22.9492645264, 42.2603111267, 89.9142608643, 48.7028694153, 8.42497062683, 4.47386312485, 3.21362042427], [58.8114814758, 53.1969413757, -24.9347343445, 6.87913131714, -22.3263702393, -3.67361450195, 19.2340507507, 13.0498046875, 48.7028694153, 96.8883361816, 24.4270133972, 13.6607065201, 8.07873916626], [14.5048055649, 2.68742346764, 26.3105106354, 12.0326747894, 25.3549594879, 17.0118751526, 2.2377474308, 6.85983324051, 8.42497062683, 24.4270133972, 70.3013076782, 35.0633277893, 18.6060714722], [60.588306427, 2.66422152519, 4.27952814102, 16.4899978638, 7.25264406204, 22.1955375671, 21.9694194794, 1.62357664108, 4.47386312485, 13.6607065201, 35.0633277893, 70.8881454468, 38.1251296997], [49.1824264526, 6.72436761856, 39.2971153259, 39.5744361877, 34.0987091064, 27.9271354675, 24.316280365, 9.79930686951, 3.21362042427, 8.07873916626, 18.6060714722, 38.1251296997, 70.3549728394]],
