{
"lowlevel": {
    "average_loudness": 0.640611112118,
    "barkbands_crest": {
        "dmean": 2.60434651375,
        "dmean2": 4.07043504715,
        "dvar": 6.41380977631,
        "dvar2": 14.1972074509,
        "max": 26.2442741394,
        "mean": 11.3557376862,
        "median": 10.4510984421,
        "min": 2.10918045044,
        "var": 22.5064353943
    },
    "barkbands_flatness_db": {
        "dmean": 0.0230407509953,
        "dmean2": 0.0333802811801,
        "dvar": 0.000594387296587,
        "dvar2": 0.00112874945626,
        "max": 0.431689858437,
        "mean": 0.148083463311,
        "median": 0.140701323748,
        "min": 0.0236007403582,
        "var": 0.00316264247522
    },
    "barkbands_kurtosis": {
        "dmean": 3.78707003593,
        "dmean2": 5.65482282639,
        "dvar": 161.116577148,
        "dvar2": 292.020446777,
        "max": 892.360900879,
        "mean": 6.06279802322,
        "median": 1.5534055233,
        "min": -1.96984791756,
        "var": 404.171691895
    },
    "barkbands_skewness": {
        "dmean": 0.562309801579,
        "dmean2": 0.815869212151,
        "dvar": 0.551977217197,
        "dvar2": 1.02056026459,
        "max": 26.5079708099,
        "mean": 1.52101051807,
        "median": 1.18641424179,
        "min": -2.6421649456,
        "var": 2.62733697891
    },
    "barkbands_spread": {
        "dmean": 5.63190507889,
        "dmean2": 8.42841434479,
        "dvar": 61.4855690002,
        "dvar2": 124.750465393,
        "max": 111.338279724,
        "mean": 21.3873100281,
        "median": 18.5491409302,
        "min": 0.261142075062,
        "var": 214.864059448
    },
    "dissonance": {
        "dmean": 0.02299538441,
        "dmean2": 0.0388449877501,
        "dvar": 0.000491840706673,
        "dvar2": 0.00135053333361,
        "max": 0.500000119209,
        "mean": 0.454825252295,
        "median": 0.462333619595,
        "min": 0.232130914927,
        "var": 0.00113926234189
    },
    "dynamic_complexity": 4.40544605255,
    "erbbands_crest": {
        "dmean": 2.78268551826,
        "dmean2": 4.38060760498,
        "dvar": 7.21108055115,
        "dvar2": 16.8925914764,
        "max": 33.1440353394,
        "mean": 11.1203393936,
        "median": 9.83731460571,
        "min": 2.55107021332,
        "var": 30.8907718658
    },
    "erbbands_flatness_db": {
        "dmean": 0.0187822077423,
        "dmean2": 0.0266863629222,
        "dvar": 0.000359687081072,
        "dvar2": 0.000688902451657,
        "max": 0.39501824975,
        "mean": 0.173578083515,
        "median": 0.16811196506,
        "min": 0.0559748820961,
        "var": 0.00360011379234
    },
    "erbbands_kurtosis": {
        "dmean": 1.13982236385,
        "dmean2": 1.77145397663,
        "dvar": 3.38513803482,
        "dvar2": 7.52646398544,
        "max": 60.6520881653,
        "mean": 1.28370988369,
        "median": 0.255363583565,
        "min": -1.85062897205,
        "var": 11.4633560181
    },
    "erbbands_skewness": {
        "dmean": 0.375788897276,
        "dmean2": 0.564620792866,
        "dvar": 0.148645371199,
        "dvar2": 0.316409260035,
        "max": 6.0101776123,
        "mean": 0.590350687504,
        "median": 0.554280817509,
        "min": -5.7368144989,
        "var": 0.823257684708
    },
    "erbbands_spread": {
        "dmean": 7.58212995529,
        "dmean2": 11.2385950089,
        "dvar": 81.2579650879,
        "dvar2": 173.696044922,
        "max": 153.211914062,
        "mean": 34.883895874,
        "median": 31.0596370697,
        "min": 2.29938793182,
        "var": 399.929138184
    },
    "hfc": {
        "dmean": 5.99666690826,
        "dmean2": 8.67495346069,
        "dvar": 113.60799408,
        "dvar2": 248.511413574,
        "max": 226.196655273,
        "mean": 20.0427074432,
        "median": 11.5603904724,
        "min": 1.23410993114e-16,
        "var": 458.813323975
    },
    "melbands_crest": {
        "dmean": 3.08207774162,
        "dmean2": 4.8778924942,
        "dvar": 8.98438739777,
        "dvar2": 20.8009586334,
        "max": 35.8144645691,
        "mean": 15.0425386429,
        "median": 14.2623920441,
        "min": 2.24213290215,
        "var": 31.3498096466
    },
    "melbands_flatness_db": {
        "dmean": 0.0263443198055,
        "dmean2": 0.0375815555453,
        "dvar": 0.000837425352074,
        "dvar2": 0.00153131247498,
        "max": 0.542115092278,
        "mean": 0.203342229128,
        "median": 0.193319439888,
        "min": 0.0082595134154,
        "var": 0.00468873512
    },
    "melbands_kurtosis": {
        "dmean": 7.94076108932,
        "dmean2": 11.9814176559,
        "dvar": 362.018798828,
        "dvar2": 753.5546875,
        "max": 576.170227051,
        "mean": 15.493180275,
        "median": 5.64758682251,
        "min": -1.86916732788,
        "var": 1036.3338623
    },
    "melbands_skewness": {
        "dmean": 0.72128623724,
        "dmean2": 1.05371105671,
        "dvar": 0.808527946472,
        "dvar2": 1.57984983921,
        "max": 18.1163406372,
        "mean": 2.45374512672,
        "median": 1.99025917053,
        "min": -1.77071940899,
        "var": 4.30521297455
    },
    "melbands_spread": {
        "dmean": 6.6436123848,
        "dmean2": 9.90051269531,
        "dvar": 110.175331116,
        "dvar2": 233.962356567,
        "max": 238.481536865,
        "mean": 23.4976654053,
        "median": 20.2597885132,
        "min": 0.336864501238,
        "var": 306.616729736
    },
    "pitch_salience": {
        "dmean": 0.0692088976502,
        "dmean2": 0.107939235866,
        "dvar": 0.00475101498887,
        "dvar2": 0.0104423640296,
        "max": 0.922301590443,
        "mean": 0.511624455452,
        "median": 0.515721797943,
        "min": 0.06810516119,
        "var": 0.0182512290776
    },
    "silence_rate_20dB": {
        "dmean": 0,
        "dmean2": 0,
        "dvar": 0,
        "dvar2": 0,
        "max": 1,
        "mean": 1,
        "median": 1,
        "min": 1,
        "var": 0
    },
    "silence_rate_30dB": {
        "dmean": 0.00179838144686,
        "dmean2": 0.00359712238424,
        "dvar": 0.00179522531107,
        "dvar2": 0.00458307377994,
        "max": 1,
        "mean": 0.99860137701,
        "median": 1,
        "min": 0,
        "var": 0.00139660981949
    },
    "silence_rate_60dB": {
        "dmean": 0.0297732036561,
        "dmean2": 0.0595523566008,
        "dvar": 0.0288854893297,
        "dvar2": 0.0627946555614,
        "max": 1,
        "mean": 0.130469530821,
        "median": 0,
        "min": 0,
        "var": 0.113453857601
    },
    "spectral_centroid": {
        "dmean": 234.383026123,
        "dmean2": 346.058990479,
        "dvar": 100898.492188,
        "dvar2": 196946.453125,
        "max": 11275.0449219,
        "mean": 1369.16149902,
        "median": 1276.90478516,
        "min": 144.625869751,
        "var": 414631.71875
    },
    "spectral_complexity": {
        "dmean": 2.7545208931,
        "dmean2": 4.28237390518,
        "dvar": 13.3574142456,
        "dvar2": 28.2301445007,
        "max": 58,
        "mean": 13.3801202774,
        "median": 13,
        "min": 0,
        "var": 61.5895423889
    },
    "spectral_decrease": {
        "dmean": 1.60508673019e-09,
        "dmean2": 2.30184116212e-09,
        "dvar": 5.45146434386e-18,
        "dvar2": 1.02707542502e-17,
        "max": 2.46804613151e-22,
        "mean": -5.62471624832e-09,
        "median": -4.34220837064e-09,
        "min": -3.76310822503e-08,
        "var": 2.43848063477e-17
    },
    "spectral_energy": {
        "dmean": 0.00643686810508,
        "dmean2": 0.00923321954906,
        "dvar": 8.48252093419e-05,
        "dvar2": 0.000160536714247,
        "max": 0.149986684322,
        "mean": 0.0230468790978,
        "median": 0.0177429486066,
        "min": 1.1058323962e-20,
        "var": 0.000401242403314
    },
    "spectral_energyband_high": {
        "dmean": 0.000413680652855,
        "dmean2": 0.000617963611148,
        "dvar": 1.35857919759e-06,
        "dvar2": 3.15924262395e-06,
        "max": 0.0304355472326,
        "mean": 0.000765693606809,
        "median": 0.000271410332061,
        "min": 7.95301604889e-21,
        "var": 2.30979003391e-06
    },
    "spectral_energyband_low": {
        "dmean": 0.00340734026395,
        "dmean2": 0.00492638954893,
        "dvar": 5.26993680978e-05,
        "dvar2": 9.76160445134e-05,
        "max": 0.120258539915,
        "mean": 0.00767591455951,
        "median": 0.00463212095201,
        "min": 7.09003001173e-23,
        "var": 0.000127889870782
    },
    "spectral_energyband_middle_high": {
        "dmean": 0.00209864601493,
        "dmean2": 0.00292426394299,
        "dvar": 1.52394286488e-05,
        "dvar2": 2.87577513518e-05,
        "max": 0.0781448483467,
        "mean": 0.00688433647156,
        "median": 0.00227185082622,
        "min": 1.61643844734e-21,
        "var": 0.000101880425063
    },
    "spectral_energyband_middle_low": {
        "dmean": 0.00328916730359,
        "dmean2": 0.00508237304166,
        "dvar": 2.87060684059e-05,
        "dvar2": 6.52471426292e-05,
        "max": 0.0948735103011,
        "mean": 0.00867782719433,
        "median": 0.00501498486847,
        "min": 3.26133778445e-22,
        "var": 0.000102215512015
    },
    "spectral_entropy": {
        "dmean": 0.179876238108,
        "dmean2": 0.251419216394,
        "dvar": 0.0371194779873,
        "dvar2": 0.0685632377863,
        "max": 9.79302310944,
        "mean": 7.50474357605,
        "median": 7.53889465332,
        "min": 5.63915300369,
        "var": 0.216443300247
    },
    "spectral_flux": {
        "dmean": 0.0241255555302,
        "dmean2": 0.0382397063076,
        "dvar": 0.000736881862395,
        "dvar2": 0.00172179355286,
        "max": 0.347706079483,
        "mean": 0.070462487638,
        "median": 0.0589650273323,
        "min": 1.05158562413e-10,
        "var": 0.00230760965496
    },
    "spectral_kurtosis": {
        "dmean": 1.52606976032,
        "dmean2": 2.53019857407,
        "dvar": 3.85602998734,
        "dvar2": 10.5770578384,
        "max": 45.5468559265,
        "mean": 4.25233745575,
        "median": 3.49200510979,
        "min": -1.25865161419,
        "var": 11.7758111954
    },
    "spectral_rms": {
        "dmean": 0.000632432755083,
        "dmean2": 0.000896630226634,
        "dvar": 5.72417491185e-07,
        "dvar2": 9.96395897346e-07,
        "max": 0.0120966304094,
        "mean": 0.00425030989572,
        "median": 0.00416055181995,
        "min": 3.28460175725e-12,
        "var": 4.41958354713e-06
    },
    "spectral_rolloff": {
        "dmean": 475.493408203,
        "dmean2": 777.74395752,
        "dvar": 908398.375,
        "dvar2": 1865902.75,
        "max": 18626.2207031,
        "mean": 1480.08813477,
        "median": 1119.7265625,
        "min": 43.06640625,
        "var": 2001403.625
    },
    "spectral_skewness": {
        "dmean": 0.218707025051,
        "dmean2": 0.344802051783,
        "dvar": 0.0514407455921,
        "dvar2": 0.121983513236,
        "max": 4.88838577271,
        "mean": 1.54109632969,
        "median": 1.49641346931,
        "min": -0.374563574791,
        "var": 0.257108896971
    },
    "spectral_spread": {
        "dmean": 560417.25,
        "dmean2": 813088.3125,
        "dvar": 626657722368,
        "dvar2": 1.04153677824e+12,
        "max": 39923708,
        "mean": 4771443.5,
        "median": 4538219.5,
        "min": 1549956.25,
        "var": 2.71232480051e+12
    },
    "spectral_strongpeak": {
        "dmean": 0.556200623512,
        "dmean2": 0.907681107521,
        "dvar": 0.85945469141,
        "dvar2": 1.99804496765,
        "max": 11.0430984497,
        "mean": 1.3390481472,
        "median": 0.45210057497,
        "min": 0,
        "var": 3.10066604614
    },
    "zerocrossingrate": {
        "dmean": 0.0108408294618,
        "dmean2": 0.0123719386756,
        "dvar": 0.000198875539354,
        "dvar2": 0.000226319170906,
        "max": 0.5654296875,
        "mean": 0.0598617196083,
        "median": 0.05419921875,
        "min": 0.00244140625,
        "var": 0.00123176828492
    },
    "barkbands": {
        "dmean": [9.60027900874e-05, 0.00283165019937, 0.000989596825093, 0.000471468752949, 0.000728040293325, 0.000881069747265, 0.000528024218511, 0.000443143886514, 0.00122437742539, 0.00100972561631, 0.000515008287039, 0.000385473686038, 0.000388034677599, 0.000366758817108, 0.000317896658089, 0.000170600847923, 0.000152753971634, 0.000193222804228, 0.000171936320839, 0.000101351026387, 6.44775718683e-05, 0.000114719638077, 0.000120650045574, 6.58332646708e-05, 5.14064377057e-05, 2.25415406021e-05, 1.93348932953e-06],
        "dmean2": [0.000149733779836, 0.00396129256114, 0.00160605332348, 0.000820099026896, 0.00124060595408, 0.00138248933945, 0.00080504862126, 0.000709922867827, 0.00186838104855, 0.00150056253187, 0.000744906021282, 0.00055917003192, 0.000559921725653, 0.000536319741514, 0.000476252724184, 0.000263624009676, 0.000227974713198, 0.000297457561828, 0.000256708794041, 0.000156002337462, 0.000101539633761, 0.000178676375072, 0.000187205034308, 0.000101833094959, 7.88905745139e-05, 3.49594956788e-05, 3.13270152219e-06],
        "dvar": [1.3845618696e-07, 4.54469663964e-05, 4.97613382322e-06, 1.99894589059e-06, 2.86509248326e-06, 4.72091778647e-06, 2.95648919746e-06, 2.90701154881e-06, 1.05000835902e-05, 9.20238198887e-06, 3.02261219076e-06, 1.71589522324e-06, 1.84378177437e-06, 1.20469212561e-06, 1.13434077775e-06, 3.20214525118e-07, 1.87416560493e-07, 1.84494950872e-07, 1.66327694728e-07, 6.48430642514e-08, 3.64798893315e-08, 1.69547831774e-07, 1.31810736548e-07, 6.75111024862e-08, 4.5896744183e-08, 4.40669856161e-09, 3.13734455082e-11],
        "dvar2": [2.50046724659e-07, 8.20369677967e-05, 1.25038131955e-05, 5.31521027369e-06, 7.74157160777e-06, 1.01753985291e-05, 6.7598921305e-06, 6.85722170601e-06, 2.39797464019e-05, 1.98500620172e-05, 6.83079315422e-06, 3.36057405548e-06, 3.48346725332e-06, 2.32111847254e-06, 2.28337671615e-06, 6.63099228859e-07, 3.642103934e-07, 4.16140295556e-07, 3.50872397803e-07, 1.46069481843e-07, 9.11236455181e-08, 4.25977248142e-07, 3.22124407148e-07, 1.47554516161e-07, 1.02813075387e-07, 1.04465183171e-08, 7.80466385963e-11],
        "max": [0.0333913564682, 0.117216646671, 0.0353344082832, 0.036384113133, 0.0430487841368, 0.0476763397455, 0.0439738482237, 0.0618264190853, 0.0551409199834, 0.100106798112, 0.060738645494, 0.0334608778358, 0.0676248446107, 0.0268764887005, 0.0374372340739, 0.0178795307875, 0.0149082364514, 0.00926671829075, 0.00850991904736, 0.00624266639352, 0.00470058852807, 0.0112837301567, 0.0128870056942, 0.011007277295, 0.00676506292075, 0.00270008062944, 9.9375640275e-05],
        "mean": [0.000119750504382, 0.00546229816973, 0.0018146596849, 0.000547922682017, 0.00108891644049, 0.00174700922798, 0.000930637994315, 0.000651157752145, 0.00240465975367, 0.00231785117649, 0.00109532813076, 0.000794180785306, 0.000774792977609, 0.000655815762002, 0.000542757508811, 0.000259584543528, 0.000286153983325, 0.000354868418071, 0.000326221634168, 0.000181501047336, 0.00010677978571, 0.000190404927707, 0.000198766734684, 0.00010109761206, 6.65963525535e-05, 2.53440321103e-05, 1.84194686881e-06],
        "median": [1.4004721379e-05, 0.00137529242784, 0.000883453874849, 0.000167985883309, 0.000522810849361, 0.000627289235126, 0.000231544428971, 9.90884145722e-05, 0.000376267533284, 0.00023415585747, 0.000141565920785, 7.57107627578e-05, 8.55851831147e-05, 9.44510247791e-05, 0.000123559642816, 6.05912646279e-05, 8.5693463916e-05, 9.11969837034e-05, 8.18552362034e-05, 5.07776640006e-05, 3.63429498975e-05, 5.31254772795e-05, 5.44845097465e-05, 2.80858585029e-05, 1.04735399873e-05, 3.6694859773e-06, 1.5633924022e-07],
        "min": [2.43805430254e-23, 1.4990269398e-23, 4.20498392778e-23, 9.94308762819e-24, 4.00435482702e-23, 6.53886804338e-23, 5.08944877937e-23, 1.77288221186e-23, 7.31514630162e-23, 1.75196174687e-22, 5.7316361454e-23, 7.82070832311e-23, 1.77178083582e-22, 1.97272907815e-22, 4.60878194587e-23, 5.62518851702e-23, 2.6193145646e-22, 2.2688555975e-22, 2.44634930117e-22, 3.21156255459e-22, 2.91388633377e-22, 7.06910449803e-22, 6.5385971801e-22, 8.76380693387e-22, 1.31470826401e-21, 1.56953250023e-21, 2.54354746601e-21],
        "var": [2.89448166768e-07, 0.000103064601717, 6.49065168545e-06, 1.90940158973e-06, 3.15614738611e-06, 1.22398505482e-05, 6.64945173412e-06, 6.03525631959e-06, 2.59564822045e-05, 5.22416194144e-05, 1.00258885141e-05, 7.37926575312e-06, 7.16830481906e-06, 3.58276884072e-06, 3.04086847791e-06, 6.25907034646e-07, 5.92757146478e-07, 4.61760521375e-07, 4.90846787216e-07, 1.4889442923e-07, 4.95477969764e-08, 2.27468774483e-07, 2.0153217406e-07, 9.99882843189e-08, 7.41380077329e-08, 5.25369081572e-09, 3.01727670626e-11]
    },
    "erbbands": {
        "dmean": [0.0769485682249, 0.696026682854, 1.30485653877, 1.21758186817, 1.90965294838, 2.4159257412, 4.89670085907, 8.08615016937, 7.81451225281, 7.41426944733, 11.993973732, 28.1413078308, 34.8635215759, 20.7540721893, 19.4512023926, 15.851521492, 16.5746860504, 16.8675403595, 17.4736118317, 11.707321167, 8.27354049683, 7.55495929718, 8.40900802612, 10.7790184021, 6.34763050079, 4.82167291641, 2.82085299492, 2.66008591652, 3.85688042641, 4.60265159607, 3.06688284874, 1.73104810715, 0.981990516186, 0.618335962296, 0.345834612846, 0.121099844575, 0.0347826443613, 0.00708535825834, 0.000293390796287, 1.56127607625e-05],
        "dmean2": [0.108163930476, 1.01311230659, 2.06591057777, 2.0258872509, 3.29478693008, 4.15270423889, 7.95782136917, 12.7443675995, 11.8391618729, 11.5777111053, 18.7645721436, 42.9295845032, 51.7837867737, 29.8615665436, 27.6077880859, 22.6263542175, 23.9369506836, 24.1070632935, 25.0534191132, 17.740070343, 12.3644142151, 11.3367471695, 12.708823204, 16.3439235687, 9.48350524902, 7.43157100677, 4.40626621246, 4.19625377655, 5.98978996277, 7.16075944901, 4.68681144714, 2.63852310181, 1.51136136055, 0.952672421932, 0.53269469738, 0.184252247214, 0.0549386292696, 0.011428934522, 0.000468678190373, 2.37179010583e-05],
        "dvar": [0.0442701354623, 2.85981369019, 8.8029050827, 10.2558927536, 26.1378173828, 40.1190605164, 154.070068359, 531.895202637, 562.046325684, 937.075622559, 1622.29919434, 6207.69628906, 11631.2578125, 3481.41552734, 3565.96777344, 2572.57373047, 3749.66259766, 2547.64086914, 2966.34448242, 1482.59191895, 603.940673828, 476.966522217, 409.412261963, 625.043029785, 215.291732788, 171.354873657, 73.3113708496, 73.9108886719, 214.319335938, 208.744384766, 93.4825057983, 46.6914176941, 14.1037473679, 7.1641087532, 1.93093597889, 0.191685318947, 0.00915224757046, 0.000402704958105, 7.48049501453e-07, 9.82082970502e-10],
        "dvar2": [0.0776363760233, 5.46833181381, 21.2731494904, 25.4982967377, 70.2589874268, 111.937110901, 369.474609375, 1167.26672363, 1288.94519043, 2136.28295898, 3851.72290039, 14456.7753906, 25613.0019531, 6557.64892578, 7618.80273438, 5182.42041016, 6960.86914062, 4554.79736328, 5429.29101562, 3214.27490234, 1226.27355957, 918.272888184, 907.08190918, 1332.32458496, 468.597259521, 382.026855469, 187.218276978, 181.047042847, 530.546142578, 511.388793945, 230.67036438, 103.486488342, 31.6727046967, 15.7856340408, 4.4755449295, 0.435913234949, 0.0224279370159, 0.00102631561458, 1.80302788522e-06, 2.34415864497e-09],
        "max": [3.7672867775, 25.4046440125, 47.6155433655, 92.1158294678, 83.412399292, 177.968765259, 285.556274414, 558.870361328, 588.861572266, 965.023742676, 1012.56182861, 1713.89318848, 3772.12011719, 1891.42431641, 2013.92004395, 1575.9017334, 3691.4309082, 1471.41345215, 2131.62109375, 1068.92260742, 723.483398438, 962.504577637, 661.887817383, 467.744934082, 457.191375732, 385.250488281, 283.098846436, 224.723144531, 446.611572266, 433.52520752, 371.500152588, 345.652526855, 110.852790833, 79.3107528687, 45.588344574, 21.0390548706, 1.95863139629, 0.276557534933, 0.0295089147985, 0.000699921918567],
        "mean": [0.124704577029, 1.31782996655, 2.46756792068, 1.8845345974, 2.47349786758, 3.48759055138, 8.81439685822, 15.3664207458, 15.1309270859, 11.6148538589, 20.2102031708, 58.3644485474, 82.8697357178, 46.5292930603, 43.6563987732, 35.3916435242, 36.2182044983, 35.9871749878, 33.0590591431, 20.1266746521, 14.998588562, 14.9094781876, 17.2924118042, 21.7224845886, 12.9290266037, 9.03007793427, 4.8119893074, 4.36691427231, 6.21743583679, 7.78503704071, 5.07966566086, 2.64408159256, 1.45423638821, 0.842089831829, 0.418683111668, 0.148759737611, 0.0361146256328, 0.00692663202062, 0.00030014058575, 3.77432515961e-05],
        "median": [0.0265374202281, 0.382229208946, 1.56244289875, 0.969984054565, 0.781057536602, 1.76734542847, 3.28130698204, 4.96566438675, 4.19921636581, 3.18986105919, 4.58003091812, 10.7712917328, 11.1095867157, 11.149105072, 8.71081638336, 4.88341331482, 5.19034862518, 5.89885616302, 7.63698196411, 5.32202529907, 3.98577308655, 4.54382228851, 5.37677383423, 5.18756198883, 3.74011778831, 2.6670422554, 1.63710188866, 1.45051050186, 1.73662400246, 1.99546504021, 1.42706429958, 0.781777739525, 0.371541112661, 0.142521440983, 0.0600107461214, 0.0244188122451, 0.00411443412304, 0.000696736620739, 4.36708396592e-05, 2.59542921413e-05],
        "min": [6.45332699604e-22, 3.45991111369e-21, 3.95196297458e-20, 4.46971729196e-20, 5.61580543434e-20, 1.83039430675e-19, 2.4421851011e-19, 5.71037208238e-19, 1.04362007125e-18, 2.54116630868e-19, 7.90374745908e-19, 1.21651601872e-18, 4.74012003634e-18, 4.10680160804e-18, 2.60311877614e-18, 3.317930418e-18, 8.71348665823e-18, 1.10472783221e-17, 4.37437137515e-18, 2.51043918556e-18, 4.25640921594e-18, 1.49187962631e-17, 1.30987912931e-17, 1.02626214104e-17, 1.47987922085e-17, 1.65929453028e-17, 1.04565042742e-17, 1.40144463168e-17, 2.07576921535e-17, 2.69797811171e-17, 1.84890202834e-17, 1.64232458914e-17, 1.49451436199e-17, 1.4201529756e-17, 9.77143329089e-18, 5.78893666299e-18, 3.07910104128e-18, 1.19145627187e-18, 3.74753426885e-19, 3.75870902656e-20],
        "var": [0.0859678909183, 5.60527181625, 11.2701005936, 12.3681240082, 28.7602310181, 36.5063743591, 328.125976562, 1271.8659668, 1347.57739258, 1595.51525879, 3478.33959961, 15717.0029297, 71433.0390625, 11659.3212891, 12491.7480469, 11412.5527344, 14347.4785156, 10337.546875, 9764.39355469, 3115.74975586, 1622.29858398, 1487.54931641, 1098.47436523, 1897.30627441, 626.443786621, 412.581298828, 105.975570679, 90.0077362061, 273.761291504, 329.982269287, 137.414352417, 65.1046218872, 21.8106994629, 11.9406509399, 2.81670689583, 0.263002097607, 0.00933499634266, 0.000362188700819, 7.86204907399e-07, 1.69962810492e-09]
    },
    "gfcc": {
        "mean": [-28.4273166656, 82.9717407227, -127.095283508, 25.3889732361, -65.3740615845, 19.0194797516, -33.1051750183, 12.2667226791, -18.7618141174, -1.05246388912, -12.8535070419, 2.26889824867, -10.8965749741],
        "cov": [[7520.59130859, -336.845001221, 785.137329102, 968.696594238, 161.474243164, 524.823730469, 228.7293396, 137.379653931, -124.355705261, -16.7285270691, 55.860168457, 212.085067749, -127.221374512], [-336.845001221, 1190.10168457, 164.42880249, 115.231376648, 247.474029541, -13.7321720123, 136.852172852, -64.0961990356, 90.3949432373, -77.7692108154, 153.015029907, -38.9384346008, 82.1308135986], [785.137329102, 164.42880249, 1792.06030273, 705.50769043, 383.310821533, 315.438415527, 16.34897995, 125.59249115, -16.9709682465, 159.272796631, -50.6818351746, 103.854179382, -40.083316803], [968.696594238, 115.231376648, 705.50769043, 731.96282959, 209.299697876, 177.45539856, 57.232963562, 59.294216156, 62.8027763367, 45.5047607422, 22.3466300964, 75.9759216309, 19.2697467804], [161.474243164, 247.474029541, 383.310821533, 209.299697876, 429.023925781, 177.504165649, 110.497550964, 112.343841553, 42.1059417725, 60.5703125, 36.4150848389, 30.5056419373, -1.15962541103], [524.823730469, -13.7321720123, 315.438415527, 177.45539856, 177.504165649, 363.964019775, 177.159545898, 74.5035934448, 14.0390348434, 54.2275657654, 35.6615028381, 17.9334697723, -23.8583679199], [228.7293396, 136.852172852, 16.34897995, 57.232963562, 110.497550964, 177.159545898, 263.897186279, 100.358078003, 49.3021583557, 18.8521652222, 63.246635437, 1.57947814465, -1.34041368961], [137.379653931, -64.0961990356, 125.59249115, 59.294216156, 112.343841553, 74.5035934448, 100.358078003, 210.393127441, 82.7313766479, 48.2235069275, 5.41448640823, 21.072347641, -3.66572380066], [-124.355705261, 90.3949432373, -16.9709682465, 62.8027763367, 42.1059417725, 14.0390348434, 49.3021583557, 82.7313766479, 171.521408081, 33.8816833496, 33.7094764709, 17.5483322144, 32.6264686584], [-16.7285270691, -77.7692108154, 159.272796631, 45.5047607422, 60.5703125, 54.2275657654, 18.8521652222, 48.2235069275, 33.8816833496, 130.884384155, 24.1949501038, 25.919670105, -1.92572128773], [55.860168457, 153.015029907, -50.6818351746, 22.3466300964, 36.4150848389, 35.6615028381, 63.246635437, 5.41448640823, 33.7094764709, 24.1949501038, 146.224014282, 42.6744194031, 25.6145992279], [212.085067749, -38.9384346008, 103.854179382, 75.9759216309, 30.5056419373, 17.9334697723, 1.57947814465, 21.072347641, 17.5483322144, 25.919670105, 42.6744194031, 111.914428711, 37.4693107605], [-127.221374512, 82.1308135986, -40.083316803, 19.2697467804, -1.15962541103, -23.8583679199, -1.34041368961, -3.66572380066, 32.6264686584, -1.92572128773, 25.6145992279, 37.4693107605, 113.424377441]],
        "icov": [[0.000203260351554, -2.30422301684e-05, 8.7787368102e-05, -0.000318337843055, 0.000143821220263, -0.000238136068219, 7.11054826752e-06, -0.000205553194974, 0.000319349201163, 0.000122594487038, 2.39949295064e-05, -0.000414529349655, 0.000316336430842], [-2.30422301684e-05, 0.00251309247687, -0.000994714093395, 0.000486823584652, -0.00179952417966, 0.00180942576844, -0.00189651933033, 0.00241948082112, -0.00186451454647, 0.00246017170139, -0.00276404386386, 0.00256324838847, -0.00150628236588], [8.7787368102e-05, -0.000994714093395, 0.00174518628046, -0.00130780029576, 0.000278342631646, -0.00136211083736, 0.00136950891465, -0.00139310967643, 0.00155838020146, -0.00188333494589, 0.00180304644164, -0.00169517018367, 0.00101771997288], [-0.000318337843055, 0.000486823584652, -0.00130780029576, 0.00316477543674, -0.000821683672257, 0.000339530291967, -0.000500014110003, 0.0012968260562, -0.00202274788171, 0.00112853338942, -0.000706155202352, 0.000427070743171, -0.000990989967249], [0.000143821220263, -0.00179952417966, 0.000278342631646, -0.000821683672257, 0.00502805970609, -0.00222618412226, 0.00105941935908, -0.00302660441957, 0.00158619799186, -0.00183911796194, 0.00125347520225, -0.00168945000041, 0.000987693783827], [-0.000238136068219, 0.00180942576844, -0.00136211083736, 0.000339530291967, -0.00222618412226, 0.00714888004586, -0.00499165244401, 0.00258656032383, -0.00111079448834, 0.000622936408035, -0.00180408509914, 0.00206253863871, -0.000554611498956], [7.11054826752e-06, -0.00189651933033, 0.00136950891465, -0.000500014110003, 0.00105941935908, -0.00499165244401, 0.00952680781484, -0.0048540616408, 0.00124091352336, -0.000746995036025, -0.000649811408948, -0.000341238541296, 0.000756578636356], [-0.000205553194974, 0.00241948082112, -0.00139310967643, 0.0012968260562, -0.00302660441957, 0.00258656032383, -0.0048540616408, 0.0109510812908, -0.00549987703562, 0.000934484996833, -0.000414780777646, 0.00104544276837, -0.000539236294571], [0.000319349201163, -0.00186451454647, 0.00155838020146, -0.00202274788171, 0.00158619799186, -0.00111079448834, 0.00124091352336, -0.00549987703562, 0.0106919202954, -0.00330430245958, 0.00087516871281, -0.00161618960556, -0.00057322223438], [0.000122594487038, 0.00246017170139, -0.00188333494589, 0.00112853338942, -0.00183911796194, 0.000622936408035, -0.000746995036025, 0.000934484996833, -0.00330430245958, 0.0127877183259, -0.00448073772714, 0.0013146790443, -0.000622413004749], [2.39949295064e-05, -0.00276404386386, 0.00180304644164, -0.000706155202352, 0.00125347520225, -0.00180408509914, -0.000649811408948, -0.000414780777646, 0.00087516871281, -0.00448073772714, 0.0131491785869, -0.00672199903056, 0.00132105918601], [-0.000414529349655, 0.00256324838847, -0.00169517018367, 0.000427070743171, -0.00168945000041, 0.00206253863871, -0.000341238541296, 0.00104544276837, -0.00161618960556, 0.0013146790443, -0.00672199903056, 0.0163337085396, -0.0059368275106], [0.000316336430842, -0.00150628236588, 0.00101771997288, -0.000990989967249, 0.000987693783827, -0.000554611498956, 0.000756578636356, -0.000539236294571, -0.00057322223438, -0.000622413004749, 0.00132105918601, -0.0059368275106, 0.0124921239913]]
    },
    "melbands": {
        "dmean": [0.000742596166674, 0.000763292831834, 0.000221230104216, 0.000150124746142, 0.000156648195116, 0.000176802786882, 0.000117015617434, 8.12367288745e-05, 0.000114165231935, 0.000185985336429, 0.000175863824552, 8.82474341779e-05, 7.23414559616e-05, 4.83326257381e-05, 3.83399092243e-05, 3.60939302482e-05, 3.3832686313e-05, 3.06437650579e-05, 2.06344047911e-05, 1.35877062348e-05, 1.03809315988e-05, 8.98678536032e-06, 7.49501623432e-06, 9.75401144387e-06, 9.61682326306e-06, 5.76169531996e-06, 4.23145456807e-06, 3.1616373235e-06, 1.93358255274e-06, 1.54611768721e-06, 1.68318729266e-06, 2.15261457015e-06, 2.56612975136e-06, 2.78266202258e-06, 2.0453610432e-06, 1.35878326546e-06, 1.00263753211e-06, 7.36978677196e-07, 5.80641653869e-07, 5.32749368176e-07],
        "dmean2": [0.000996912247501, 0.00114742247388, 0.000364189647371, 0.000257209234405, 0.00025669473689, 0.000277326762443, 0.000177514884854, 0.000128149273223, 0.000177978348802, 0.000282484194031, 0.000262082903646, 0.000126976097818, 0.00010267514881, 6.83052494423e-05, 5.48550888197e-05, 5.34682367288e-05, 4.85497803311e-05, 4.401881597e-05, 3.14109602186e-05, 2.07460561796e-05, 1.5570101823e-05, 1.34680203701e-05, 1.14926206152e-05, 1.50696550918e-05, 1.46560241774e-05, 8.65633865033e-06, 6.5436697696e-06, 4.89881313115e-06, 3.06470633404e-06, 2.46517538471e-06, 2.68734197562e-06, 3.3831397559e-06, 4.04471074944e-06, 4.36147547589e-06, 3.15573174703e-06, 2.11616520573e-06, 1.54600422775e-06, 1.14688168651e-06, 8.96823792118e-07, 8.32721298138e-07],
        "dvar": [3.26042027154e-06, 2.95112886306e-06, 2.99675178894e-07, 1.47470743173e-07, 1.41107420859e-07, 2.2551361667e-07, 1.22956336668e-07, 1.10535573583e-07, 1.3248114783e-07, 2.64810779527e-07, 2.98000855992e-07, 6.55502603308e-08, 5.97270997105e-08, 2.73912892368e-08, 1.73137149062e-08, 1.63112492402e-08, 1.09107416435e-08, 8.67328875387e-09, 6.21699358661e-09, 2.16574469469e-09, 1.07997200072e-09, 8.756795844e-10, 3.93508697849e-10, 5.20525345049e-10, 5.49605416733e-10, 2.28786850576e-10, 1.12659326312e-10, 8.03877381328e-11, 3.4989369041e-11, 2.28685057002e-11, 3.31314767288e-11, 7.39629260615e-11, 7.7764780726e-11, 6.7471687959e-11, 4.22662981003e-11, 2.06239001571e-11, 1.94642444523e-11, 8.85022350544e-12, 6.17797219632e-12, 5.70688938814e-12],
        "dvar2": [5.77194896323e-06, 6.44310784992e-06, 7.30364376977e-07, 4.0209602048e-07, 3.47315108229e-07, 4.88910188778e-07, 2.81240147615e-07, 2.49470815561e-07, 3.13954245712e-07, 6.1170646859e-07, 6.56794611587e-07, 1.2497199009e-07, 1.34921421591e-07, 4.98653243142e-08, 3.29332827675e-08, 3.24194822099e-08, 1.91541644767e-08, 1.59277639966e-08, 1.32203412662e-08, 4.52045156862e-09, 2.15095541378e-09, 1.7490812132e-09, 8.57882043181e-10, 1.19653875696e-09, 1.1806958744e-09, 4.91064910957e-10, 2.55603122001e-10, 1.79895279229e-10, 8.90251483643e-11, 5.92202259453e-11, 8.22095655439e-11, 1.85197315816e-10, 1.96035299105e-10, 1.62488356104e-10, 1.04865907624e-10, 5.03667732521e-11, 4.2609908657e-11, 2.06995150187e-11, 1.40348236505e-11, 1.27646278963e-11],
        "max": [0.0346128493547, 0.028955610469, 0.0137040195987, 0.00900064501911, 0.00860413815826, 0.0112942997366, 0.0077070845291, 0.0130142206326, 0.00845054071397, 0.0107955662534, 0.018965959549, 0.00721653178334, 0.00933694560081, 0.00499989511445, 0.00501640792936, 0.00541898608208, 0.0026128415484, 0.00301627349108, 0.00288961292244, 0.0015555327991, 0.000953892536927, 0.00125756056514, 0.000657566182781, 0.000645512307528, 0.000460745912278, 0.000602585438173, 0.000336638244335, 0.00025048686075, 0.00013851118274, 0.000165032935911, 0.000158494454809, 0.000253990845522, 0.000212671424379, 0.000239510583924, 0.000223737413762, 0.000174036147655, 0.000229989207583, 9.89340187516e-05, 9.05422348296e-05, 7.95990563347e-05],
        "mean": [0.00135414151009, 0.00151642842684, 0.000353334646206, 0.000207225573831, 0.000280389067484, 0.000343989435351, 0.000223585710046, 0.000123071920825, 0.000189140919247, 0.000378330587409, 0.00040752653149, 0.000183328185813, 0.000157056565513, 0.000101369267213, 7.77516688686e-05, 7.62907584431e-05, 6.53059541946e-05, 5.40989312867e-05, 3.3599557355e-05, 2.05312026083e-05, 1.72889431269e-05, 1.59991977853e-05, 1.39799585668e-05, 1.8003041987e-05, 1.78967329703e-05, 1.06687193693e-05, 7.47373178456e-06, 5.4215702221e-06, 3.00893998428e-06, 2.44127249971e-06, 2.56632824858e-06, 3.31385308527e-06, 4.03867079513e-06, 4.47844968221e-06, 3.20121375808e-06, 2.01578222914e-06, 1.44038847338e-06, 1.05783976778e-06, 7.94915933966e-07, 6.90938918524e-07],
        "median": [0.000328815513058, 0.00100080145057, 0.000187857876881, 8.53264937177e-05, 0.000114748843771, 0.000114626905997, 6.06809044257e-05, 2.90647949441e-05, 3.55019583367e-05, 6.16497272858e-05, 4.16251132265e-05, 3.39254838764e-05, 2.13085586438e-05, 1.16840501505e-05, 1.01629566416e-05, 8.75363639352e-06, 8.70400890562e-06, 1.05810595414e-05, 7.4496056186e-06, 5.14122802997e-06, 3.9688011384e-06, 4.23296478402e-06, 4.43467069999e-06, 4.31696116721e-06, 3.87838008464e-06, 2.62182152255e-06, 1.96602218239e-06, 1.43070792546e-06, 9.66115749179e-07, 7.58862370276e-07, 8.08977574707e-07, 8.91053673513e-07, 1.01301975519e-06, 1.07246091829e-06, 8.21413209451e-07, 5.89378601035e-07, 3.70797806681e-07, 2.56701923718e-07, 1.58639721803e-07, 9.26288237224e-08],
        "min": [5.44358200813e-24, 1.50031909397e-23, 7.84180435698e-24, 8.61460878734e-24, 8.39111975972e-24, 1.38370131303e-23, 1.43811141625e-23, 1.97120898263e-24, 8.12751321077e-24, 8.81327709543e-24, 2.40611853097e-23, 1.74403262192e-23, 8.36320749431e-24, 6.90396549209e-24, 1.31396198582e-23, 2.08158557218e-23, 2.05621738319e-23, 7.6599119649e-24, 2.87510079618e-24, 3.26277465514e-24, 4.8568450162e-24, 1.54932250231e-23, 1.40841269643e-23, 1.0827196388e-23, 7.62504194631e-24, 1.03147618103e-23, 9.94465509481e-24, 1.15574354616e-23, 6.01690402594e-24, 6.93742108308e-24, 8.82565984506e-24, 1.08911958844e-23, 1.5070474464e-23, 1.41354281667e-23, 9.9528395267e-24, 1.23071712325e-23, 8.88767535626e-24, 1.01681740991e-23, 1.05323667244e-23, 1.33181256704e-23],
        "var": [7.41219992051e-06, 4.65920584247e-06, 3.79787678639e-07, 1.42974158734e-07, 2.84340615053e-07, 5.64093966204e-07, 2.97256320891e-07, 1.91210247635e-07, 2.61803222656e-07, 6.67325195991e-07, 1.7983569478e-06, 2.10399150546e-07, 1.95866164177e-07, 1.231775002e-07, 6.38950794496e-08, 7.36338847673e-08, 3.94533259396e-08, 2.77121703363e-08, 1.24746026842e-08, 4.04496836026e-09, 2.76794276388e-09, 2.21769824726e-09, 1.04331898676e-09, 1.2480954048e-09, 1.52646739693e-09, 6.00558769381e-10, 2.48368214883e-10, 1.79490228236e-10, 4.67514048308e-11, 3.07771169661e-11, 3.69509943476e-11, 8.54916207271e-11, 1.1268286304e-10, 1.08388804876e-10, 6.00313271315e-11, 2.72678754576e-11, 2.58425659344e-11, 1.27939403863e-11, 8.85754230379e-12, 9.54963625538e-12]
    },
    "mfcc": {
        "mean": [-668.691833496, 111.827461243, -3.81817364693, 11.6722640991, -3.85999274254, 3.77177500725, -3.49780654907, 11.8986053467, -3.59767842293, 6.34405612946, 0.980873882771, -4.89118432999, -2.10120797157],
        "cov": [[6828.9453125, -738.788879395, 456.516723633, 505.115600586, 116.753318787, 357.05758667, 247.431243896, 400.287445068, -111.559432983, 61.8261489868, 93.185836792, -141.154190063, 22.0718822479], [-738.788879395, 1056.22497559, -10.8197431564, 83.5325317383, 120.260391235, 33.1620864868, 75.4110717773, 28.1748580933, -26.1937503815, 34.0988540649, 8.86300182343, 17.4757156372, 8.79211044312], [456.516723633, -10.8197431564, 1260.23352051, 479.960235596, 403.951782227, 312.609863281, 180.443695068, 78.1162490845, 90.3022079468, 29.4185085297, 33.4932670593, 57.9020881653, 75.4147186279], [505.115600586, 83.5325317383, 479.960235596, 541.657104492, 275.364868164, 149.245895386, 59.080039978, 82.4589767456, 57.031791687, 21.6125450134, 1.62262737751, 48.2268333435, 71.8132324219], [116.753318787, 120.260391235, 403.951782227, 275.364868164, 414.686279297, 156.529754639, 119.24458313, 71.2158432007, 93.1723327637, 41.5856132507, 26.7156906128, 49.4396629333, 71.8509750366], [357.05758667, 33.1620864868, 312.609863281, 149.245895386, 156.529754639, 301.782104492, 160.497009277, 83.177696228, 34.5666007996, 40.1647262573, 59.9759902954, 9.01574611664, 35.5682525635], [247.431243896, 75.4110717773, 180.443695068, 59.080039978, 119.24458313, 160.497009277, 293.779632568, 103.152984619, 49.7294921875, 60.2132530212, 78.4819412231, 20.2027359009, 32.1498336792], [400.287445068, 28.1748580933, 78.1162490845, 82.4589767456, 71.2158432007, 83.177696228, 103.152984619, 209.373153687, 56.1380805969, 63.3457069397, 64.2096252441, 20.2885990143, 15.5357131958], [-111.559432983, -26.1937503815, 90.3022079468, 57.031791687, 93.1723327637, 34.5666007996, 49.7294921875, 56.1380805969, 190.757537842, 58.2983818054, 31.8501663208, 37.3101196289, 30.6192779541], [61.8261489868, 34.0988540649, 29.4185085297, 21.6125450134, 41.5856132507, 40.1647262573, 60.2132530212, 63.3457069397, 58.2983818054, 130.719192505, 67.2646636963, 19.2413578033, 8.09547519684], [93.185836792, 8.86300182343, 33.4932670593, 1.62262737751, 26.7156906128, 59.9759902954, 78.4819412231, 64.2096252441, 31.8501663208, 67.2646636963, 152.834869385, 35.4513320923, 4.80124235153], [-141.154190063, 17.4757156372, 57.9020881653, 48.2268333435, 49.4396629333, 9.01574611664, 20.2027359009, 20.2885990143, 37.3101196289, 19.2413578033, 35.4513320923, 124.703994751, 54.219669342], [22.0718822479, 8.79211044312, 75.4147186279, 71.8132324219, 71.8509750366, 35.5682525635, 32.1498336792, 15.5357131958, 30.6192779541, 8.09547519684, 4.80124235153, 54.219669342, 111.410430908]],
