{
"lowlevel": {
    "average_loudness": 0.902666211128,
    "barkbands_crest": {
        "dmean": 2.32534503937,
        "dmean2": 3.81970572472,
        "dvar": 4.3663020134,
        "dvar2": 11.3353977203,
        "max": 23.0912723541,
        "mean": 8.49354076385,
        "median": 7.65608215332,
        "min": 2.14931178093,
        "var": 12.9643011093
    },
    "barkbands_flatness_db": {
        "dmean": 0.0164626948535,
        "dmean2": 0.0258858390152,
        "dvar": 0.000225969197345,
        "dvar2": 0.000522095127963,
        "max": 0.318485230207,
        "mean": 0.138293221593,
        "median": 0.12878985703,
        "min": 0.0523689649999,
        "var": 0.00174605753273
    },
    "barkbands_kurtosis": {
        "dmean": 1.89743065834,
        "dmean2": 2.96106386185,
        "dvar": 10.4736366272,
        "dvar2": 22.9102478027,
        "max": 59.877822876,
        "mean": 2.55287337303,
        "median": 0.546764016151,
        "min": -1.94170880318,
        "var": 33.0494918823
    },
    "barkbands_skewness": {
        "dmean": 0.451028734446,
        "dmean2": 0.688726007938,
        "dvar": 0.220514476299,
        "dvar2": 0.480387419462,
        "max": 6.70171976089,
        "mean": 1.2134270668,
        "median": 1.09169149399,
        "min": -2.80015659332,
        "var": 1.28678023815
    },
    "barkbands_spread": {
        "dmean": 5.99762439728,
        "dmean2": 9.10129737854,
        "dvar": 57.6114349365,
        "dvar2": 118.422073364,
        "max": 102.108261108,
        "mean": 27.7458992004,
        "median": 25.999168396,
        "min": 1.84707987309,
        "var": 267.995147705
    },
    "dissonance": {
        "dmean": 0.0150496261194,
        "dmean2": 0.0255037751049,
        "dvar": 0.000241988207563,
        "dvar2": 0.000652492337395,
        "max": 0.500000119209,
        "mean": 0.47351911664,
        "median": 0.480711519718,
        "min": 0.308830469847,
        "var": 0.000574249832425
    },
    "dynamic_complexity": 3.15885853767,
    "erbbands_crest": {
        "dmean": 2.51751232147,
        "dmean2": 4.09026384354,
        "dvar": 5.99408578873,
        "dvar2": 14.7703828812,
        "max": 29.6812667847,
        "mean": 8.4991941452,
        "median": 7.44732046127,
        "min": 2.07435154915,
        "var": 18.0939998627
    },
    "erbbands_flatness_db": {
        "dmean": 0.0147165106609,
        "dmean2": 0.021603345871,
        "dvar": 0.00018842285499,
        "dvar2": 0.000388693413697,
        "max": 0.386179804802,
        "mean": 0.169333830476,
        "median": 0.160511106253,
        "min": 0.0777038559318,
        "var": 0.00240256078541
    },
    "erbbands_kurtosis": {
        "dmean": 0.915577471256,
        "dmean2": 1.42743766308,
        "dvar": 1.99373614788,
        "dvar2": 4.56157159805,
        "max": 29.6294403076,
        "mean": 0.570016860962,
        "median": -0.195298552513,
        "min": -1.77048957348,
        "var": 5.72626829147
    },
    "erbbands_skewness": {
        "dmean": 0.359380066395,
        "dmean2": 0.54055172205,
        "dvar": 0.13303270936,
        "dvar2": 0.273898661137,
        "max": 3.63077664375,
        "mean": 0.14891782403,
        "median": 0.151276856661,
        "min": -4.90881490707,
        "var": 0.911808490753
    },
    "erbbands_spread": {
        "dmean": 7.85935926437,
        "dmean2": 11.9715299606,
        "dvar": 77.9258422852,
        "dvar2": 172.794540405,
        "max": 132.193435669,
        "mean": 41.2636375427,
        "median": 37.8269348145,
        "min": 4.58607959747,
        "var": 420.501678467
    },
    "hfc": {
        "dmean": 6.43891239166,
        "dmean2": 8.86642551422,
        "dvar": 83.92237854,
        "dvar2": 143.091064453,
        "max": 177.591064453,
        "mean": 25.9940872192,
        "median": 18.5288524628,
        "min": 1.19539549619e-16,
        "var": 589.702758789
    },
    "melbands_crest": {
        "dmean": 3.145383358,
        "dmean2": 5.17715549469,
        "dvar": 7.51574325562,
        "dvar2": 20.225194931,
        "max": 30.1578216553,
        "mean": 12.8614416122,
        "median": 12.2526512146,
        "min": 1.86472785473,
        "var": 21.8122005463
    },
    "melbands_flatness_db": {
        "dmean": 0.020818984136,
        "dmean2": 0.0320697277784,
        "dvar": 0.00040300906403,
        "dvar2": 0.000878769671544,
        "max": 0.397422671318,
        "mean": 0.157255426049,
        "median": 0.150250211358,
        "min": 0.00682765571401,
        "var": 0.00314045604318
    },
    "melbands_kurtosis": {
        "dmean": 5.26969671249,
        "dmean2": 8.36090564728,
        "dvar": 88.8351287842,
        "dvar2": 202.789474487,
        "max": 190.658035278,
        "mean": 10.9098539352,
        "median": 5.77385997772,
        "min": -1.87968277931,
        "var": 256.774749756
    },
    "melbands_skewness": {
        "dmean": 0.614745676517,
        "dmean2": 0.957726895809,
        "dvar": 0.449542731047,
        "dvar2": 1.03015935421,
        "max": 11.6965208054,
        "mean": 2.40103673935,
        "median": 2.14265537262,
        "min": -0.676290214062,
        "var": 2.41675567627
    },
    "melbands_spread": {
        "dmean": 8.77770709991,
        "dmean2": 13.2627820969,
        "dvar": 167.327484131,
        "dvar2": 336.313690186,
        "max": 252.673751831,
        "mean": 33.079208374,
        "median": 26.7277832031,
        "min": 1.70498502254,
        "var": 729.257446289
    },
    "pitch_salience": {
        "dmean": 0.0637650564313,
        "dmean2": 0.10461371392,
        "dvar": 0.0029277279973,
        "dvar2": 0.0078252274543,
        "max": 0.998720169067,
        "mean": 0.604396522045,
        "median": 0.606873035431,
        "min": 0.260284006596,
        "var": 0.00912244524807
    },
    "silence_rate_20dB": {
        "dmean": 0,
        "dmean2": 0,
        "dvar": 0,
        "dvar2": 0,
        "max": 1,
        "mean": 1,
        "median": 1,
        "min": 1,
        "var": 0
    },
    "silence_rate_30dB": {
        "dmean": 0,
        "dmean2": 0,
        "dvar": 0,
        "dvar2": 0,
        "max": 1,
        "mean": 1,
        "median": 1,
        "min": 1,
        "var": 0
    },
    "silence_rate_60dB": {
        "dmean": 0.0154458787292,
        "dmean2": 0.030895486474,
        "dvar": 0.0152080189437,
        "dvar2": 0.0386325828731,
        "max": 1,
        "mean": 0.0631032809615,
        "median": 0,
        "min": 0,
        "var": 0.0591078773141
    },
    "spectral_centroid": {
        "dmean": 264.735321045,
        "dmean2": 399.864929199,
        "dvar": 94490.6796875,
        "dvar2": 183865.234375,
        "max": 11151.0869141,
        "mean": 1654.25085449,
        "median": 1585.73779297,
        "min": 256.656860352,
        "var": 543952.5625
    },
    "spectral_complexity": {
        "dmean": 3.81947636604,
        "dmean2": 5.69635534286,
        "dvar": 14.2109031677,
        "dvar2": 27.4746894836,
        "max": 53,
        "mean": 20.7104244232,
        "median": 21,
        "min": 0,
        "var": 109.494186401
    },
    "spectral_decrease": {
        "dmean": 1.44606060459e-09,
        "dmean2": 2.22412976925e-09,
        "dvar": 3.0943232325e-18,
        "dvar2": 6.77067638659e-18,
        "max": 4.4828426868e-29,
        "mean": -5.22504262079e-09,
        "median": -4.51837500748e-09,
        "min": -2.25554863675e-08,
        "var": 1.24704582824e-17
    },
    "spectral_energy": {
        "dmean": 0.00584920076653,
        "dmean2": 0.00891736801714,
        "dvar": 4.91582723043e-05,
        "dvar2": 0.000106450686872,
        "max": 0.0902053639293,
        "mean": 0.0220782235265,
        "median": 0.0194473359734,
        "min": 1.06733941715e-20,
        "var": 0.000214819636312
    },
    "spectral_energyband_high": {
        "dmean": 0.000535362807568,
        "dmean2": 0.000710031366907,
        "dvar": 1.2457920775e-06,
        "dvar2": 1.93517053049e-06,
        "max": 0.0234149508178,
        "mean": 0.0015315474011,
        "median": 0.000645564869046,
        "min": 7.86728653322e-21,
        "var": 7.13758663551e-06
    },
    "spectral_energyband_low": {
        "dmean": 0.00207061413676,
        "dmean2": 0.00326942000538,
        "dvar": 9.83936024568e-06,
        "dvar2": 2.35721308854e-05,
        "max": 0.0423434600234,
        "mean": 0.00478055328131,
        "median": 0.00374378776178,
        "min": 7.16335494841e-23,
        "var": 1.97983645194e-05
    },
    "spectral_energyband_middle_high": {
        "dmean": 0.00180037808605,
        "dmean2": 0.00265309866518,
        "dvar": 7.29568955649e-06,
        "dvar2": 1.54533863679e-05,
        "max": 0.0464679710567,
        "mean": 0.00620904844254,
        "median": 0.00332651194185,
        "min": 1.32689736407e-21,
        "var": 4.82644682052e-05
    },
    "spectral_energyband_middle_low": {
        "dmean": 0.00428897002712,
        "dmean2": 0.00679286196828,
        "dvar": 3.44012296409e-05,
        "dvar2": 8.02545473562e-05,
        "max": 0.0793661549687,
        "mean": 0.010861990042,
        "median": 0.00760675501078,
        "min": 3.16162450385e-22,
        "var": 9.70008331933e-05
    },
    "spectral_entropy": {
        "dmean": 0.124374553561,
        "dmean2": 0.180925041437,
        "dvar": 0.0159550830722,
        "dvar2": 0.0315778590739,
        "max": 9.80226230621,
        "mean": 7.80592012405,
        "median": 7.81232118607,
        "min": 6.19881391525,
        "var": 0.105279289186
    },
    "spectral_flux": {
        "dmean": 0.0198190640658,
        "dmean2": 0.030072581023,
        "dvar": 0.0004341560998,
        "dvar2": 0.00091933272779,
        "max": 0.247197061777,
        "mean": 0.0812924802303,
        "median": 0.0772652179003,
        "min": 1.03312122746e-10,
        "var": 0.00164589902852
    },
    "spectral_kurtosis": {
        "dmean": 1.00501060486,
        "dmean2": 1.68074655533,
        "dvar": 1.10107064247,
        "dvar2": 3.18359160423,
        "max": 26.0572891235,
        "mean": 2.70484876633,
        "median": 2.46490430832,
        "min": -1.18054449558,
        "var": 3.91598367691
    },
    "spectral_rms": {
        "dmean": 0.000600442755967,
        "dmean2": 0.000897465390153,
        "dvar": 4.09021026826e-07,
        "dvar2": 8.12065081846e-07,
        "max": 0.00938111077994,
        "mean": 0.00434142444283,
        "median": 0.00435580173507,
        "min": 3.22692849004e-12,
        "var": 2.69175461654e-06
    },
    "spectral_rolloff": {
        "dmean": 581.993530273,
        "dmean2": 940.600891113,
        "dvar": 980217.5625,
        "dvar2": 2013390.75,
        "max": 18712.3535156,
        "mean": 2115.56005859,
        "median": 1787.25585938,
        "min": 129.19921875,
        "var": 3199447.5
    },
    "spectral_skewness": {
        "dmean": 0.164617881179,
        "dmean2": 0.25886669755,
        "dvar": 0.0239669736475,
        "dvar2": 0.0563838370144,
        "max": 3.85070371628,
        "mean": 1.23096430302,
        "median": 1.23184585571,
        "min": -0.286533296108,
        "var": 0.155829876661
    },
    "spectral_spread": {
        "dmean": 474458.6875,
        "dmean2": 690710.4375,
        "dvar": 391293501440,
        "dvar2": 648974106624,
        "max": 39514260,
        "mean": 4779049,
        "median": 4476143,
        "min": 2053817.625,
        "var": 2.16471463526e+12
    },
    "spectral_strongpeak": {
        "dmean": 0.590710759163,
        "dmean2": 0.984538078308,
        "dvar": 0.871585428715,
        "dvar2": 2.15214085579,
        "max": 12.3769454956,
        "mean": 1.13949978352,
        "median": 0.456460654736,
        "min": 0,
        "var": 2.21495747566
    },
    "zerocrossingrate": {
        "dmean": 0.0112456111237,
        "dmean2": 0.0127615481615,
        "dvar": 0.000225136886002,
        "dvar2": 0.000238093954977,
        "max": 0.79736328125,
        "mean": 0.0792752429843,
        "median": 0.07177734375,
        "min": 0.0078125,
        "var": 0.00195454852656
    },
    "barkbands": {
        "dmean": [0.000105173443444, 0.00100997264963, 0.00103077478707, 0.00145383598283, 0.00124558876269, 0.000679318094626, 0.00130611483473, 0.000603780848905, 0.00111981062219, 0.000713769521099, 0.000304218527162, 0.000347861117916, 0.00041995322681, 0.000405137834605, 0.000394221046008, 0.00034161991789, 0.000242245470872, 0.000224934352445, 0.000228103075642, 0.000132309258333, 0.00013276138634, 0.000164993354701, 0.000148224804434, 0.000107341322291, 9.496275743e-05, 2.4642650942e-07, 9.25030607668e-10],
        "dmean2": [0.000174887187313, 0.0016893260181, 0.00172158353962, 0.00244028610177, 0.00203899340704, 0.00109602906741, 0.00213200110011, 0.000963128346484, 0.00179589167237, 0.00106673373375, 0.000485658587422, 0.000555786769837, 0.000638757774141, 0.000648794288281, 0.000625100568868, 0.000545400485862, 0.000381705525797, 0.000352822768036, 0.000357896118658, 0.000208244237001, 0.000198761961656, 0.000233249054872, 0.000213263425394, 0.000153136250447, 0.000132467146614, 4.0782299493e-07, 1.70080305395e-09],
        "dvar": [1.11986679485e-07, 4.97889595863e-06, 2.78086849903e-06, 5.4086262935e-06, 4.01271699957e-06, 2.21157961278e-06, 9.3020425993e-06, 4.23530536864e-06, 8.46187776915e-06, 3.77411060981e-06, 8.43594420985e-07, 1.05291167074e-06, 1.35816515012e-06, 9.74784370555e-07, 7.42753115901e-07, 6.19715535777e-07, 2.16287588728e-07, 1.65572828337e-07, 1.71395740267e-07, 4.93333658369e-08, 6.28429219773e-08, 1.4596983533e-07, 1.51174134544e-07, 9.45824396581e-08, 5.85469486225e-08, 5.05302126096e-13, 1.81114048892e-18],
        "dvar2": [2.78302110246e-07, 1.32997520268e-05, 7.67060919316e-06, 1.46681222759e-05, 1.0621302863e-05, 4.90175079904e-06, 2.19996163651e-05, 9.81045013759e-06, 2.05217329494e-05, 7.56034569349e-06, 2.08296501114e-06, 2.60519914264e-06, 2.72667080026e-06, 2.45926389653e-06, 1.74473541392e-06, 1.49513823544e-06, 5.11992993779e-07, 3.93576527813e-07, 4.12522524584e-07, 1.18068754773e-07, 1.3295915835e-07, 2.75514508985e-07, 2.8659593454e-07, 1.94978909462e-07, 1.17840215808e-07, 1.30897517218e-12, 5.72492198256e-18],
        "max": [0.0142315058038, 0.0252887308598, 0.0239063743502, 0.0301302019507, 0.0303309820592, 0.0352044142783, 0.049582272768, 0.0439558885992, 0.047716345638, 0.0427522063255, 0.0212293863297, 0.0280628111213, 0.025385722518, 0.0195203609765, 0.0276137311012, 0.0169543661177, 0.0104396631941, 0.00998047646135, 0.0111842295155, 0.0049545513466, 0.00548270577565, 0.0115205803886, 0.0121329743415, 0.00775571912527, 0.00602075643837, 1.89605234482e-05, 1.65737663593e-08],
        "mean": [0.000104482060124, 0.00164402532391, 0.00192686135415, 0.00236467900686, 0.00218541640788, 0.00106914155185, 0.00194784416817, 0.000918932259083, 0.00186487927567, 0.00122175796423, 0.000446209771326, 0.00056063971715, 0.000697367649991, 0.000675608403981, 0.000698826857843, 0.000639965001028, 0.000468618876766, 0.000472737388918, 0.000471377832582, 0.000308623246383, 0.000300021230942, 0.000383390724892, 0.000330951268552, 0.000211701510125, 0.000163893026183, 2.69433286348e-07, 1.13381304345e-09],
        "median": [2.08226410905e-05, 0.00118229957297, 0.00114128016867, 0.00152501231059, 0.00143307796679, 0.000486873381305, 0.000454707711469, 0.000248743424891, 0.000435247260612, 0.00026584873558, 0.000125994614791, 0.000156672089361, 0.000163066753885, 0.000213025035919, 0.000246139767114, 0.000260038126726, 0.000230113015277, 0.000214891915675, 0.000211976715946, 0.000162532087415, 0.000123064412037, 0.000117690819025, 0.000105785991764, 6.72504975228e-05, 4.15755275753e-05, 5.68592284367e-08, 6.70486610677e-10],
        "min": [8.23127888956e-25, 3.59876609468e-23, 3.41823716978e-23, 1.24490238061e-24, 1.7286144933e-23, 9.0820388504e-23, 9.76125061415e-23, 3.33824478073e-23, 6.04792456109e-23, 5.03601418155e-23, 1.00624566404e-22, 8.71102873143e-23, 5.17062477533e-23, 8.41049102811e-23, 1.16385066968e-22, 2.50606872227e-22, 7.15776224014e-23, 2.10097249157e-22, 2.07923501912e-22, 2.86538211661e-22, 5.05826296209e-22, 4.39034289022e-22, 7.19354560189e-22, 1.02126059008e-21, 1.20043526168e-21, 1.59921558167e-21, 2.42450191831e-21],
        "var": [1.06300923619e-07, 4.76540571981e-06, 5.17395119459e-06, 7.74596628617e-06, 6.33542958894e-06, 4.34424691775e-06, 1.88791600522e-05, 9.37234472076e-06, 2.08246292459e-05, 1.01415216704e-05, 1.41658028951e-06, 1.77268725565e-06, 3.39138432537e-06, 1.80953543349e-06, 2.3125039661e-06, 1.6086441974e-06, 5.40571022611e-07, 5.69746134715e-07, 5.452335472e-07, 1.61549365885e-07, 2.37071546394e-07, 6.82901259097e-07, 5.88992747907e-07, 3.07580421577e-07, 1.66111391309e-07, 6.47600300208e-13, 1.50014849594e-18]
    },
    "erbbands": {
        "dmean": [0.0342580601573, 0.213808164001, 0.915182232857, 2.99594306946, 5.21725797653, 3.9985704422, 3.75137972832, 6.73216867447, 17.1979789734, 16.9857521057, 11.9434404373, 22.9239139557, 27.7816429138, 13.5591812134, 13.9920053482, 12.2831125259, 17.4486045837, 18.6055011749, 18.0985565186, 18.1550559998, 18.8093566895, 12.044383049, 10.1149053574, 12.1316795349, 9.63945484161, 5.96685028076, 5.36951112747, 5.3072977066, 5.66795635223, 5.60555076599, 4.07551193237, 2.58133482933, 1.75188589096, 1.20151615143, 0.613413095474, 0.0412295237184, 0.00102736847475, 6.74091352266e-05, 1.12375937533e-05, 8.31779379951e-06],
        "dmean2": [0.0586889013648, 0.351997107267, 1.51247167587, 5.04995584488, 8.7403717041, 6.5840716362, 6.09647130966, 10.9100170135, 28.2282810211, 27.2341442108, 18.6117019653, 36.6126213074, 42.1379585266, 21.0714855194, 21.9677028656, 19.0502529144, 26.0227050781, 29.5157546997, 28.6623210907, 28.328584671, 29.8386459351, 18.5983219147, 15.6319799423, 18.7038249969, 15.1750001907, 9.34101772308, 8.0435590744, 7.84397315979, 8.16831493378, 7.94725847244, 5.88221263885, 3.75213313103, 2.50725650787, 1.69347929955, 0.880998969078, 0.0605555921793, 0.00148075306788, 9.41390389926e-05, 1.53020500875e-05, 1.20949980555e-05],
        "dvar": [0.0101783787832, 0.153175204992, 1.97344017029, 19.2489833832, 87.8870391846, 51.0723190308, 80.147315979, 223.466079712, 1551.0020752, 2467.11621094, 1429.36242676, 4063.69067383, 6276.67285156, 1243.5949707, 1981.53552246, 1078.26574707, 2465.84057617, 2406.17773438, 1472.49450684, 1657.26977539, 1744.54821777, 494.444122314, 271.177886963, 530.138244629, 309.098266602, 86.2883529663, 92.5004043579, 124.114578247, 188.660522461, 197.235641479, 115.983047485, 59.1048698425, 23.6003513336, 10.7914705276, 2.39085292816, 0.0104091437533, 6.28310817774e-06, 2.61150319147e-08, 5.19992049419e-10, 1.0568008274e-10],
        "dvar2": [0.0272257253528, 0.407790452242, 5.27512598038, 52.8727760315, 239.565704346, 133.460128784, 205.977798462, 497.569580078, 3703.24365234, 5897.06591797, 3108.62304688, 9749.91308594, 13414.2128906, 2943.24780273, 4873.79248047, 2520.67431641, 4929.44238281, 5985.71044922, 3542.46533203, 3886.67089844, 4192.35644531, 1106.87268066, 607.059509277, 1234.66809082, 756.284362793, 205.985671997, 183.154098511, 268.521362305, 374.177429199, 343.446807861, 223.839828491, 124.92540741, 50.1420669556, 22.1571750641, 4.85887002945, 0.0216224007308, 1.26089416881e-05, 5.04474328977e-08, 9.66065338837e-10, 2.0867531314e-10],
        "max": [1.11736571789, 4.89692354202, 24.9046897888, 62.8722343445, 115.506813049, 126.077857971, 333.062866211, 367.159881592, 628.961853027, 1399.65063477, 1002.05334473, 1327.76782227, 1812.69958496, 1358.24108887, 1110.7097168, 760.249450684, 1174.57507324, 1132.78674316, 795.522216797, 1296.07946777, 1093.62634277, 578.982055664, 440.392089844, 547.851623535, 417.526550293, 185.071243286, 265.41204834, 273.793334961, 457.970581055, 396.756622314, 308.149139404, 185.104110718, 136.362915039, 102.375907898, 41.8755760193, 2.73618388176, 0.0637238025665, 0.00420954823494, 0.000567578943446, 0.000189232509001],
        "mean": [0.0401270873845, 0.405562400818, 1.9405683279, 5.43519067764, 8.35677623749, 6.76066970825, 5.96866798401, 10.6489562988, 25.6457290649, 25.1842288971, 19.6142635345, 38.2870330811, 52.0346450806, 25.5358333588, 22.7370491028, 22.1964225769, 31.6583995819, 35.5256004333, 34.0579109192, 35.0161361694, 37.5543174744, 26.3535270691, 23.3850002289, 27.7569026947, 20.9978961945, 14.6884527206, 12.2689685822, 11.8833971024, 13.0457868576, 12.8662157059, 8.95595359802, 5.21250486374, 3.24089074135, 2.07185578346, 1.0118111372, 0.0641798451543, 0.00170595152304, 0.000125118531287, 3.10321483994e-05, 3.19140708598e-05],
        "median": [0.0201883092523, 0.311133146286, 1.26403999329, 3.80336880684, 5.52922964096, 4.10913181305, 3.33297920227, 4.80789470673, 6.5776052475, 6.46033763885, 7.09541511536, 10.0541191101, 9.60065555573, 8.17802429199, 6.91312170029, 6.75629663467, 8.06259632111, 10.6703290939, 12.4202785492, 13.9769487381, 16.0653858185, 14.2474822998, 12.439412117, 11.9159183502, 10.4788303375, 7.86934995651, 5.67913627625, 4.29121589661, 4.08061981201, 3.80699920654, 2.81736183167, 1.7355632782, 0.970396518707, 0.543752491474, 0.236659348011, 0.0152258314192, 0.000436275557149, 3.89554625144e-05, 1.94373933482e-05, 2.72218894679e-05],
        "min": [1.34434166614e-21, 7.2987993871e-21, 3.76379586421e-20, 1.64201038458e-20, 6.10408643407e-21, 6.18768902929e-20, 4.76933419442e-19, 6.88143390605e-19, 1.11488829846e-18, 1.33662771014e-18, 1.00602636677e-18, 1.20816201152e-18, 1.4698192984e-18, 3.56458140779e-18, 2.35630172983e-18, 3.43940457929e-18, 2.76291538803e-18, 2.82895955609e-18, 6.74945300002e-18, 9.41064523184e-18, 1.00226124742e-17, 5.39582693509e-18, 1.11965827683e-17, 1.34102984128e-17, 9.47316767844e-18, 1.2432512199e-17, 2.09437829759e-17, 2.00210745831e-17, 1.43870134278e-17, 1.79424160259e-17, 1.71871455327e-17, 2.2724955952e-17, 1.67515803463e-17, 1.45096843126e-17, 7.99173600501e-18, 6.42192215108e-18, 2.76035092134e-18, 1.33458891672e-18, 3.61396631341e-19, 3.1484242179e-20],
        "var": [0.00762750068679, 0.195285767317, 4.6344461441, 32.1722106934, 110.50969696, 77.947479248, 104.935211182, 462.395050049, 3123.44555664, 4241.63476562, 3294.41015625, 8574.49902344, 20096.2734375, 3584.09741211, 3117.1706543, 2230.65625, 7041.42285156, 5328.51855469, 3643.30200195, 4881.71386719, 5018.11132812, 1486.140625, 1037.08093262, 2044.00769043, 909.048828125, 330.591278076, 348.28302002, 462.348083496, 790.2265625, 902.124084473, 423.667144775, 187.353485107, 68.7754440308, 28.7914657593, 6.39696121216, 0.0250773709267, 1.68173191923e-05, 7.99088724079e-08, 1.91655535886e-09, 5.25930299311e-10]
    },
    "gfcc": {
        "mean": [-4.60854530334, 88.5685119629, -144.558746338, 51.5361022949, -77.8050308228, 23.6034679413, -46.558467865, 9.76848602295, -19.6304531097, -8.18803882599, -12.4458322525, -16.0435581207, -3.16642689705],
        "cov": [[5325.29296875, 101.456939697, 838.934020996, 934.942871094, 175.185775757, 288.574951172, -267.589447021, 29.9690189362, -185.055618286, 87.6340103149, -20.7120990753, 141.325805664, -50.198638916], [101.456939697, 1145.00170898, 394.055725098, 209.181640625, 335.887390137, -116.761566162, 75.228263855, -25.9939002991, 48.5486297607, -57.2913894653, 85.9716033936, -54.7932739258, 15.9429960251], [838.934020996, 394.055725098, 1570.51123047, 748.169067383, 145.847747803, 130.618087769, -243.873977661, -46.9583358765, -134.337249756, 47.6509666443, -72.73412323, 53.5466957092, -46.0802993774], [934.942871094, 209.181640625, 748.169067383, 711.378845215, 233.477401733, 70.4526824951, -127.300605774, -68.6457977295, -40.1627693176, 22.0908527374, -32.416633606, 28.090297699, -12.6391963959], [175.185775757, 335.887390137, 145.847747803, 233.477401733, 307.12387085, 19.8211746216, -14.7314167023, -6.12355232239, 9.82590866089, -3.91872930527, 8.71838378906, -17.6945419312, 18.4917755127], [288.574951172, -116.761566162, 130.618087769, 70.4526824951, 19.8211746216, 186.877685547, 41.6447257996, 2.22670650482, -44.0797576904, 8.39734458923, -22.1687870026, 21.8764324188, -11.1934366226], [-267.589447021, 75.228263855, -243.873977661, -127.300605774, -14.7314167023, 41.6447257996, 265.628753662, 23.3092346191, 25.7392120361, -35.9123306274, 32.1330108643, -22.024723053, 7.31240320206], [29.9690189362, -25.9939002991, -46.9583358765, -68.6457977295, -6.12355232239, 2.22670650482, 23.3092346191, 109.049926758, 24.5982341766, 3.69621658325, 8.50354480743, 5.56188869476, 6.90934181213], [-185.055618286, 48.5486297607, -134.337249756, -40.1627693176, 9.82590866089, -44.0797576904, 25.7392120361, 24.5982341766, 130.038803101, 9.66864776611, 19.2752132416, -12.6066656113, 10.9081430435], [87.6340103149, -57.2913894653, 47.6509666443, 22.0908527374, -3.91872930527, 8.39734458923, -35.9123306274, 3.69621658325, 9.66864776611, 81.7094650269, 14.8528594971, 10.6472835541, -1.43185079098], [-20.7120990753, 85.9716033936, -72.73412323, -32.416633606, 8.71838378906, -22.1687870026, 32.1330108643, 8.50354480743, 19.2752132416, 14.8528594971, 93.6396636963, 18.3584880829, -3.64164161682], [141.325805664, -54.7932739258, 53.5466957092, 28.090297699, -17.6945419312, 21.8764324188, -22.024723053, 5.56188869476, -12.6066656113, 10.6472835541, 18.3584880829, 68.2340774536, 13.6280813217], [-50.198638916, 15.9429960251, -46.0802993774, -12.6391963959, 18.4917755127, -11.1934366226, 7.31240320206, 6.90934181213, 10.9081430435, -1.43185079098, -3.64164161682, 13.6280813217, 58.2491836548]],
        "icov": [[0.000423483754275, -0.000699034368154, 0.000750573235564, -0.00125284539536, 0.00112201145384, -0.00111039460171, 0.000796829292085, -0.0010057737818, 0.000739439565223, -0.000569892872591, 0.000376116950065, -0.00046255151392, 0.000307155045448], [-0.000699034368154, 0.0046396558173, -0.00353300152346, 0.00395508203655, -0.00601012911648, 0.00486900098622, -0.00343617610633, 0.00324225286022, -0.00238279579207, 0.00320414756425, -0.00366363418289, 0.00209250464104, -0.00111226178706], [0.000750573235564, -0.00353300152346, 0.00447708135471, -0.00517917983234, 0.00522383814678, -0.00436376407743, 0.00347512261942, -0.00356024852954, 0.00300847296603, -0.0027434702497, 0.00291206431575, -0.00170044088736, 0.00146999885328], [-0.00125284539536, 0.00395508203655, -0.00517917983234, 0.0090586990118, -0.00815001595765, 0.00487867882475, -0.00352019094862, 0.00588476518169, -0.00381251168437, 0.00273968488909, -0.00193050282542, 0.00028614513576, -0.0004314466496], [0.00112201145384, -0.00601012911648, 0.00522383814678, -0.00815001595765, 0.0134838977829, -0.00764157110825, 0.00526946317405, -0.0055889650248, 0.00326717528515, -0.00320981792174, 0.00221066758968, 0.00103101786226, -0.00156532449182], [-0.00111039460171, 0.00486900098622, -0.00436376407743, 0.00487867882475, -0.00764157110825, 0.0137213114649, -0.00702659040689, 0.0036094461102, -0.000877327052876, 0.00117832992692, 6.67828790029e-05, -0.00197961879894, 0.00149406865239], [0.000796829292085, -0.00343617610633, 0.00347512261942, -0.00352019094862, 0.00526946317405, -0.00702659040689, 0.0089360056445, -0.00351982284337, 0.00134515936952, 0.00047961625387, -0.000796200241894, 0.00164872291498, -0.000790522899479], [-0.0010057737818, 0.00324225286022, -0.00356024852954, 0.00588476518169, -0.0055889650248, 0.0036094461102, -0.00351982284337, 0.013961837627, -0.00456505315378, 0.00192454620264, -0.00198864028789, -0.000188082107343, -0.00121824652888], [0.000739439565223, -0.00238279579207, 0.00300847296603, -0.00381251168437, 0.00326717528515, -0.000877327052876, 0.00134515936952, -0.00456505315378, 0.0118128973991, -0.00374744227156, 0.000904661486857, 0.000283271889202, -0.000305026565911], [-0.000569892872591, 0.00320414756425, -0.0027434702497, 0.00273968488909, -0.00320981792174, 0.00117832992692, 0.00047961625387, 0.00192454620264, -0.00374744227156, 0.0170918721706, -0.00647496664897, 0.00231052422896, -0.00181050854735], [0.000376116950065, -0.00366363418289, 0.00291206431575, -0.00193050282542, 0.00221066758968, 6.67828790029e-05, -0.000796200241894, -0.00198864028789, 0.000904661486857, -0.00647496664897, 0.0189985446632, -0.00989344064146, 0.00603243662044], [-0.00046255151392, 0.00209250464104, -0.00170044088736, 0.00028614513576, 0.00103101786226, -0.00197961879894, 0.00164872291498, -0.000188082107343, 0.000283271889202, 0.00231052422896, -0.00989344064146, 0.0241955146194, -0.00942244194448], [0.000307155045448, -0.00111226178706, 0.00146999885328, -0.0004314466496, -0.00156532449182, 0.00149406865239, -0.000790522899479, -0.00121824652888, -0.000305026565911, -0.00181050854735, 0.00603243662044, -0.00942244194448, 0.0224280636758]]
    },
    "melbands": {
        "dmean": [0.000285275949864, 0.000384184677387, 0.000582819571719, 0.000311325158691, 0.000136660863063, 0.000150418811245, 0.000263727153651, 0.000175830209628, 9.82036654023e-05, 0.000157941889483, 0.000140123025631, 5.93026306888e-05, 4.58831163996e-05, 4.10400607507e-05, 3.62997161574e-05, 4.20963588112e-05, 3.66828789993e-05, 3.09750357701e-05, 2.91567648674e-05, 2.2107087716e-05, 2.42518945015e-05, 1.44191808431e-05, 1.07988662421e-05, 1.16583514682e-05, 1.09120001071e-05, 9.03865202417e-06, 5.96925565333e-06, 4.08769619753e-06, 3.77917945116e-06, 3.2902021303e-06, 3.46680917573e-06, 3.46050978806e-06, 3.64109564543e-06, 3.18045090353e-06, 2.63747870122e-06, 2.03618378691e-06, 1.51650306179e-06, 1.35124673761e-06, 1.13817065994e-06, 1.02752733255e-06],
        "dmean2": [0.000481579743791, 0.000622033956461, 0.000979878939688, 0.000512937142048, 0.000221723908908, 0.000242309295572, 0.000428610801464, 0.000279833126115, 0.000153767090524, 0.000252841564361, 0.000212914717849, 9.22468389035e-05, 7.22788099665e-05, 6.58308636048e-05, 5.61444285267e-05, 6.10020579188e-05, 5.86668757023e-05, 4.93424158776e-05, 4.60535738966e-05, 3.42433850165e-05, 3.90265377064e-05, 2.25742733164e-05, 1.71970204974e-05, 1.81083341886e-05, 1.70164839801e-05, 1.41631862789e-05, 9.67941650742e-06, 6.47660590403e-06, 5.79027209824e-06, 5.00900387124e-06, 5.2459863582e-06, 5.16510499438e-06, 5.30311763214e-06, 4.61101035398e-06, 3.90295508623e-06, 3.01664294966e-06, 2.26549263971e-06, 2.01174293579e-06, 1.60774959568e-06, 1.49435823005e-06],
        "dvar": [5.4483052736e-07, 3.21069052234e-07, 8.0450445239e-07, 2.58137021092e-07, 8.28522885854e-08, 1.0582376575e-07, 3.63641134982e-07, 2.65256204557e-07, 8.89301574603e-08, 1.76211315761e-07, 1.56041906507e-07, 2.4963082268e-08, 1.99925871414e-08, 1.51946721871e-08, 1.64589994966e-08, 1.27992265675e-08, 9.72790115128e-09, 4.49205961317e-09, 5.72987080005e-09, 2.99804225889e-09, 3.12206660524e-09, 8.55740645012e-10, 3.04290009856e-10, 5.10099851248e-10, 4.7501874656e-10, 3.22336407566e-10, 1.32239663664e-10, 4.30991804745e-11, 4.82440892791e-11, 4.10308627352e-11, 5.94759519412e-11, 6.73430131104e-11, 8.14114539671e-11, 6.91958434995e-11, 5.03879542257e-11, 3.33558666799e-11, 2.2505131439e-11, 1.44678453246e-11, 9.76469686359e-12, 8.56111449093e-12],
        "dvar2": [1.45476815305e-06, 8.26658151709e-07, 2.18563468479e-06, 6.87912631747e-07, 2.15022197381e-07, 2.34279283973e-07, 8.62418914949e-07, 6.29508519978e-07, 1.88379360111e-07, 4.20470797735e-07, 3.34311835104e-07, 5.82770098845e-08, 4.88387286168e-08, 3.83021436789e-08, 3.76877231645e-08, 2.41267041901e-08, 2.45729339099e-08, 1.09293400996e-08, 1.27384938153e-08, 7.20911996765e-09, 7.66852714662e-09, 2.00922878335e-09, 7.03872238272e-10, 1.16229226244e-09, 1.125064375e-09, 7.51470996541e-10, 3.33909788708e-10, 1.04138149493e-10, 1.00342782694e-10, 8.98425361884e-11, 1.35152028458e-10, 1.45202114221e-10, 1.61581456548e-10, 1.25332091927e-10, 1.03900513193e-10, 7.14223194476e-11, 4.99795690945e-11, 3.36653240007e-11, 1.95764984084e-11, 1.8390398579e-11],
        "max": [0.00817187130451, 0.00897620804608, 0.0117158452049, 0.00802236795425, 0.0092708459124, 0.00775494705886, 0.01054326538, 0.0134157752618, 0.00685225939378, 0.00772230327129, 0.00873973127455, 0.00568405305967, 0.00303203053772, 0.00362555519678, 0.00424435921013, 0.00253861071542, 0.00215055746958, 0.00158478377853, 0.0030055118259, 0.00163949723355, 0.00162207777612, 0.000729661842342, 0.000386248866562, 0.000652729417197, 0.000455656525446, 0.000512894184794, 0.000272179604508, 0.000136120244861, 0.000269448268227, 0.000168157901498, 0.000201087314053, 0.000232589576626, 0.000260382134002, 0.000266736547928, 0.000216652275412, 0.000126680446556, 0.000121995843074, 0.000106574007077, 0.000114735106763, 7.71888080635e-05],
        "mean": [0.00040261723916, 0.000863712863065, 0.00106909126043, 0.000549343065359, 0.000223824579734, 0.000235856714426, 0.000397878466174, 0.000264217524091, 0.000153118540766, 0.000267207913566, 0.000258842745097, 0.000104963473859, 7.04805133864e-05, 6.71039088047e-05, 6.09336093476e-05, 7.16653157724e-05, 6.37269185972e-05, 5.24145434611e-05, 5.26248913957e-05, 4.01929064537e-05, 4.46861959063e-05, 2.75510774372e-05, 2.09433765122e-05, 2.36189880525e-05, 2.24672949116e-05, 1.76309331437e-05, 1.22696592371e-05, 8.93266042112e-06, 7.84680196375e-06, 6.66104006086e-06, 6.98308167557e-06, 7.21047217667e-06, 7.77221703174e-06, 6.80863195157e-06, 5.3758044487e-06, 4.0287700358e-06, 2.81709867522e-06, 2.3182624318e-06, 1.96070163838e-06, 1.67348878222e-06],
        "median": [0.000268372357823, 0.000641447899397, 0.00078164547449, 0.000366673164535, 0.000132656074129, 0.000103903264971, 0.000100119534181, 6.94148038747e-05, 5.36246006959e-05, 6.22281222604e-05, 4.56103080069e-05, 3.17835583701e-05, 2.11159749597e-05, 1.77744605026e-05, 1.652571882e-05, 1.67556518136e-05, 1.86425095308e-05, 1.82120420504e-05, 1.78310183401e-05, 1.67023936228e-05, 1.80179958988e-05, 1.34780166263e-05, 1.10500368464e-05, 9.77868421614e-06, 8.74460329214e-06, 7.58982378102e-06, 6.2078938754e-06, 4.42482360086e-06, 3.46285992237e-06, 2.56346447713e-06, 2.31549029195e-06, 2.23346523853e-06, 2.14972760659e-06, 1.9803928808e-06, 1.62459093644e-06, 1.21516598028e-06, 8.78189212017e-07, 6.77101297697e-07, 5.52325104763e-07, 4.12747453993e-07],
        "min": [1.01780040949e-23, 1.58873541308e-23, 2.84812490867e-24, 1.53506790408e-24, 1.40316093384e-23, 1.54830313625e-23, 1.89963101786e-23, 1.29843412665e-23, 8.55300821697e-24, 7.88868478286e-24, 6.9380521718e-24, 1.35340700323e-23, 1.05932210323e-23, 6.1067391114e-24, 1.02708806336e-23, 5.22554874254e-24, 5.29427864334e-24, 1.12692535289e-23, 9.38926151879e-24, 1.7457925706e-23, 1.04661489511e-23, 5.00205024859e-24, 6.09068460868e-24, 1.19046715217e-23, 1.13039184436e-23, 6.8087081712e-24, 6.72334868809e-24, 8.66478270749e-24, 1.22918807416e-23, 1.35138546828e-23, 1.12016268501e-23, 8.32826805596e-24, 7.06245080339e-24, 1.19792898747e-23, 8.4424675049e-24, 1.37353400037e-23, 1.45637670165e-23, 1.12484512668e-23, 1.10469856579e-23, 1.26435241676e-23],
        "var": [4.46613995564e-07, 7.50819936002e-07, 1.22932556224e-06, 3.98441557081e-07, 1.15321640237e-07, 2.1813099238e-07, 7.5332019378e-07, 4.88407408739e-07, 1.84726815178e-07, 4.24621731554e-07, 5.01089346017e-07, 7.12236598588e-08, 3.37605179368e-08, 2.71551261477e-08, 2.91432069588e-08, 3.59081795409e-08, 1.88987261396e-08, 9.55111811862e-09, 1.96197653679e-08, 6.88284407246e-09, 8.15687961619e-09, 2.08822759085e-09, 8.04471045335e-10, 1.6942457437e-09, 1.54411272657e-09, 9.30136412336e-10, 3.07801478749e-10, 1.42168152251e-10, 1.60842880681e-10, 1.24663099288e-10, 1.89297993947e-10, 2.37480979326e-10, 3.32006255821e-10, 2.78155914968e-10, 1.61758925699e-10, 1.02219697984e-10, 6.18277859465e-11, 3.58705808112e-11, 2.64629082536e-11, 2.03393222403e-11]
    },
    "mfcc": {
        "mean": [-626.680664062, 95.3282012939, -3.70704674721, 18.4538440704, 0.990730404854, 2.83668994904, -6.06444454193, 4.23363208771, -0.566219091415, 2.80143356323, -0.722534418106, -5.0779209137, -3.60772681236],
        "cov": [[4607.53857422, -348.895629883, 502.504760742, 497.635345459, 418.139007568, 250.487213135, 100.667503357, 52.7597007751, -76.9258346558, -42.5973892212, -18.0192947388, -4.09773254395, 45.5657577515], [-348.895629883, 1005.45977783, 56.9080734253, 211.410644531, 151.423751831, -29.8351325989, 84.58934021, 26.5014247894, 11.9281167984, 8.40187835693, 36.2256164551, 33.3000488281, 17.9506454468], [502.504760742, 56.9080734253, 1322.05371094, 509.759674072, 403.408233643, 205.583175659, 41.548828125, -37.7319145203, -14.9625053406, -124.951255798, -38.3532524109, 36.2355079651, 23.4212417603], [497.635345459, 211.410644531, 509.759674072, 604.825622559, 363.126312256, 159.776199341, 30.4053173065, -13.8058681488, -3.64553070068, -20.9573688507, -33.0449180603, -3.19634962082, 46.358455658], [418.139007568, 151.423751831, 403.408233643, 363.126312256, 453.860107422, 105.657562256, -1.92230379581, -35.5292320251, 4.1079826355, -33.3254203796, -37.3199920654, 13.6839342117, 35.1131210327], [250.487213135, -29.8351325989, 205.583175659, 159.776199341, 105.657562256, 224.423416138, 69.954460144, 19.0523605347, 5.65863752365, -9.09675216675, -1.43114161491, -4.83628702164, -13.0166625977], [100.667503357, 84.58934021, 41.548828125, 30.4053173065, -1.92230379581, 69.954460144, 170.349685669, 50.5788345337, -0.472934186459, 3.71930670738, 11.4684686661, -4.42574310303, -13.9972162247], [52.7597007751, 26.5014247894, -37.7319145203, -13.8058681488, -35.5292320251, 19.0523605347, 50.5788345337, 122.658729553, 19.1368770599, 16.7597312927, 18.0319881439, -7.21820116043, -11.3545513153], [-76.9258346558, 11.9281167984, -14.9625053406, -3.64553070068, 4.1079826355, 5.65863752365, -0.472934186459, 19.1368770599, 99.4409637451, 21.9657974243, -4.34499979019, -0.840833187103, -7.95061254501], [-42.5973892212, 8.40187835693, -124.951255798, -20.9573688507, -33.3254203796, -9.09675216675, 3.71930670738, 16.7597312927, 21.9657974243, 93.5624237061, 22.8738899231, -7.74814558029, -3.59789347649], [-18.0192947388, 36.2256164551, -38.3532524109, -33.0449180603, -37.3199920654, -1.43114161491, 11.4684686661, 18.0319881439, -4.34499979019, 22.8738899231, 75.1750488281, 23.2531604767, -4.81640052795], [-4.09773254395, 33.3000488281, 36.2355079651, -3.19634962082, 13.6839342117, -4.83628702164, -4.42574310303, -7.21820116043, -0.840833187103, -7.74814558029, 23.2531604767, 74.8671798706, 22.4265155792], [45.5657577515, 17.9506454468, 23.4212417603, 46.358455658, 35.1131210327, -13.0166625977, -13.9972162247, -11.3545513153, -7.95061254501, -3.59789347649, -4.81640052795, 22.4265155792, 66.9922103882]],
