{
"lowlevel": {
    "average_loudness": 0.931734085083,
    "barkbands_crest": {
        "dmean": 2.72176790237,
        "dmean2": 4.40907621384,
        "dvar": 5.79468631744,
        "dvar2": 14.6930561066,
        "max": 26.2133407593,
        "mean": 9.19452476501,
        "median": 8.28539276123,
        "min": 2.30326795578,
        "var": 17.8442211151
    },
    "barkbands_flatness_db": {
        "dmean": 0.0180691275746,
        "dmean2": 0.0280918702483,
        "dvar": 0.000255796592683,
        "dvar2": 0.00060534174554,
        "max": 0.432581841946,
        "mean": 0.143163055182,
        "median": 0.13397474587,
        "min": 0.0513783022761,
        "var": 0.00214374181814
    },
    "barkbands_kurtosis": {
        "dmean": 1.87784087658,
        "dmean2": 2.96079659462,
        "dvar": 15.297170639,
        "dvar2": 37.048740387,
        "max": 82.7517776489,
        "mean": 1.99354887009,
        "median": -0.0325118303299,
        "min": -1.9554169178,
        "var": 38.3501243591
    },
    "barkbands_skewness": {
        "dmean": 0.488110095263,
        "dmean2": 0.74049448967,
        "dvar": 0.289960354567,
        "dvar2": 0.63554006815,
        "max": 7.99588441849,
        "mean": 1.04618608952,
        "median": 0.816137671471,
        "min": -5.12486600876,
        "var": 1.37526261806
    },
    "barkbands_spread": {
        "dmean": 6.12975406647,
        "dmean2": 9.32005500793,
        "dvar": 53.793926239,
        "dvar2": 114.638626099,
        "max": 116.109092712,
        "mean": 30.6103210449,
        "median": 29.1410083771,
        "min": 0.604332923889,
        "var": 270.913269043
    },
    "dissonance": {
        "dmean": 0.0156194735318,
        "dmean2": 0.0267118643969,
        "dvar": 0.00027396454243,
        "dvar2": 0.000782370974775,
        "max": 0.500000178814,
        "mean": 0.473884880543,
        "median": 0.47997790575,
        "min": 0.308745414019,
        "var": 0.000487179815536
    },
    "dynamic_complexity": 2.75592541695,
    "erbbands_crest": {
        "dmean": 2.46852827072,
        "dmean2": 3.95243954659,
        "dvar": 5.43757581711,
        "dvar2": 13.3006696701,
        "max": 32.6369056702,
        "mean": 8.85089874268,
        "median": 7.74013471603,
        "min": 2.27250146866,
        "var": 20.4125461578
    },
    "erbbands_flatness_db": {
        "dmean": 0.0154168866575,
        "dmean2": 0.0226275268942,
        "dvar": 0.000204272306291,
        "dvar2": 0.000415725749917,
        "max": 0.484393715858,
        "mean": 0.178832232952,
        "median": 0.169233903289,
        "min": 0.0319538079202,
        "var": 0.00291070179082
    },
    "erbbands_kurtosis": {
        "dmean": 0.951317667961,
        "dmean2": 1.50612998009,
        "dvar": 3.0534760952,
        "dvar2": 6.81296253204,
        "max": 47.6633338928,
        "mean": 0.544350862503,
        "median": -0.251832962036,
        "min": -1.83978366852,
        "var": 8.34841156006
    },
    "erbbands_skewness": {
        "dmean": 0.34986448288,
        "dmean2": 0.53396654129,
        "dvar": 0.126863926649,
        "dvar2": 0.275660336018,
        "max": 5.41827011108,
        "mean": 0.0182899050415,
        "median": -0.0135291423649,
        "min": -4.71121311188,
        "var": 0.878101348877
    },
    "erbbands_spread": {
        "dmean": 7.80674314499,
        "dmean2": 12.0339536667,
        "dvar": 73.2790298462,
        "dvar2": 172.165878296,
        "max": 137.444351196,
        "mean": 38.0671424866,
        "median": 35.5191345215,
        "min": 1.30213415623,
        "var": 292.842315674
    },
    "hfc": {
        "dmean": 7.8126950264,
        "dmean2": 11.5433073044,
        "dvar": 145.810302734,
        "dvar2": 315.285705566,
        "max": 287.639282227,
        "mean": 23.7337322235,
        "median": 18.4660224915,
        "min": 1.12980827925e-16,
        "var": 437.60836792
    },
    "melbands_crest": {
        "dmean": 3.69376850128,
        "dmean2": 5.96779489517,
        "dvar": 9.58763980865,
        "dvar2": 25.2855625153,
        "max": 34.8478469849,
        "mean": 13.8957176208,
        "median": 13.1019706726,
        "min": 2.18211627007,
        "var": 31.0713882446
    },
    "melbands_flatness_db": {
        "dmean": 0.0234299451113,
        "dmean2": 0.0356419868767,
        "dvar": 0.000473012973089,
        "dvar2": 0.00102572853211,
        "max": 0.410287261009,
        "mean": 0.158612951636,
        "median": 0.152222424746,
        "min": 0.00531529635191,
        "var": 0.00328073115088
    },
    "melbands_kurtosis": {
        "dmean": 5.517329216,
        "dmean2": 8.58773994446,
        "dvar": 115.426345825,
        "dvar2": 274.146087646,
        "max": 220.963150024,
        "mean": 9.33036994934,
        "median": 3.83660244942,
        "min": -1.85653722286,
        "var": 268.167755127
    },
    "melbands_skewness": {
        "dmean": 0.691788434982,
        "dmean2": 1.05666184425,
        "dvar": 0.613667488098,
        "dvar2": 1.37502801418,
        "max": 12.6288728714,
        "mean": 2.23488068581,
        "median": 1.866065979,
        "min": -3.69869637489,
        "var": 2.48849630356
    },
    "melbands_spread": {
        "dmean": 9.82116699219,
        "dmean2": 14.9862413406,
        "dvar": 174.657455444,
        "dvar2": 350.471343994,
        "max": 240.033248901,
        "mean": 36.8240699768,
        "median": 32.9941864014,
        "min": 0.932003319263,
        "var": 635.411010742
    },
    "pitch_salience": {
        "dmean": 0.0762923583388,
        "dmean2": 0.122684463859,
        "dvar": 0.00477166101336,
        "dvar2": 0.0119001548737,
        "max": 0.880978763103,
        "mean": 0.562785148621,
        "median": 0.559561371803,
        "min": 0.124400496483,
        "var": 0.0125563070178
    },
    "silence_rate_20dB": {
        "dmean": 0,
        "dmean2": 0,
        "dvar": 0,
        "dvar2": 0,
        "max": 1,
        "mean": 1,
        "median": 1,
        "min": 1,
        "var": 0
    },
    "silence_rate_30dB": {
        "dmean": 0,
        "dmean2": 0,
        "dvar": 0,
        "dvar2": 0,
        "max": 1,
        "mean": 1,
        "median": 1,
        "min": 1,
        "var": 0
    },
    "silence_rate_60dB": {
        "dmean": 0.0140159167349,
        "dmean2": 0.0280351620167,
        "dvar": 0.01382105425,
        "dvar2": 0.0331953726709,
        "max": 1,
        "mean": 0.0577197149396,
        "median": 0,
        "min": 0,
        "var": 0.0543830767274
    },
    "spectral_centroid": {
        "dmean": 281.839324951,
        "dmean2": 424.247558594,
        "dvar": 102999.101562,
        "dvar2": 202627.75,
        "max": 11040.9814453,
        "mean": 1933.82897949,
        "median": 1932.80224609,
        "min": 317.852050781,
        "var": 511916.6875
    },
    "spectral_complexity": {
        "dmean": 4.52357769012,
        "dmean2": 6.71964836121,
        "dvar": 23.7320175171,
        "dvar2": 45.0155487061,
        "max": 56,
        "mean": 19.923871994,
        "median": 19,
        "min": 0,
        "var": 107.481285095
    },
    "spectral_decrease": {
        "dmean": 1.6261044733e-09,
        "dmean2": 2.59654653334e-09,
        "dvar": 4.1097091479e-18,
        "dvar2": 1.00499995971e-17,
        "max": 3.52176061206e-29,
        "mean": -4.78821560179e-09,
        "median": -4.29740332208e-09,
        "min": -2.60591939139e-08,
        "var": 9.36545635497e-18
    },
    "spectral_energy": {
        "dmean": 0.00666239112616,
        "dmean2": 0.0105647537857,
        "dvar": 6.82253885316e-05,
        "dvar2": 0.000167460573721,
        "max": 0.105332717299,
        "mean": 0.0202245041728,
        "median": 0.0183262173086,
        "min": 1.01147709926e-20,
        "var": 0.000161691219546
    },
    "spectral_energyband_high": {
        "dmean": 0.000620036618784,
        "dmean2": 0.000895833363757,
        "dvar": 2.03174818125e-06,
        "dvar2": 3.94704557038e-06,
        "max": 0.0430902913213,
        "mean": 0.00134166749194,
        "median": 0.000693525187671,
        "min": 7.28953641827e-21,
        "var": 4.63578317067e-06
    },
    "spectral_energyband_low": {
        "dmean": 0.00304393353872,
        "dmean2": 0.00476194312796,
        "dvar": 2.16182597796e-05,
        "dvar2": 4.74698244943e-05,
        "max": 0.0544296503067,
        "mean": 0.00589832942933,
        "median": 0.00421383138746,
        "min": 6.09489460156e-23,
        "var": 4.02934019803e-05
    },
    "spectral_energyband_middle_high": {
        "dmean": 0.00243990751915,
        "dmean2": 0.00385093688965,
        "dvar": 1.15007342174e-05,
        "dvar2": 2.83364461211e-05,
        "max": 0.0539173148572,
        "mean": 0.00681916065514,
        "median": 0.00417858362198,
        "min": 1.50410182716e-21,
        "var": 4.89527119498e-05
    },
    "spectral_energyband_middle_low": {
        "dmean": 0.00342422141694,
        "dmean2": 0.00562423793599,
        "dvar": 2.51739147643e-05,
        "dvar2": 6.51131485938e-05,
        "max": 0.0671568438411,
        "mean": 0.00692172395065,
        "median": 0.00472349394113,
        "min": 2.94451786583e-22,
        "var": 4.19928146584e-05
    },
    "spectral_entropy": {
        "dmean": 0.119902834296,
        "dmean2": 0.17298579216,
        "dvar": 0.0129459574819,
        "dvar2": 0.0261861290783,
        "max": 9.79491233826,
        "mean": 7.78073501587,
        "median": 7.80243015289,
        "min": 5.84579372406,
        "var": 0.110623195767
    },
    "spectral_flux": {
        "dmean": 0.0227776635438,
        "dmean2": 0.0351008027792,
        "dvar": 0.000606429006439,
        "dvar2": 0.00122522725724,
        "max": 0.257821381092,
        "mean": 0.0828900486231,
        "median": 0.0760809406638,
        "min": 1.00572217221e-10,
        "var": 0.00167543394491
    },
    "spectral_kurtosis": {
        "dmean": 1.10762667656,
        "dmean2": 1.88815462589,
        "dvar": 1.55758881569,
        "dvar2": 4.68859434128,
        "max": 33.4259376526,
        "mean": 2.69268488884,
        "median": 2.26037287712,
        "min": -1.57293832302,
        "var": 4.61700630188
    },
    "spectral_rms": {
        "dmean": 0.00070513470564,
        "dmean2": 0.00109574722592,
        "dvar": 5.89860974287e-07,
        "dvar2": 1.37510949116e-06,
        "max": 0.0101372394711,
        "mean": 0.0041944058612,
        "median": 0.00422838469967,
        "min": 3.1413482926e-12,
        "var": 2.13818339034e-06
    },
    "spectral_rolloff": {
        "dmean": 593.114746094,
        "dmean2": 948.139648438,
        "dvar": 770423.75,
        "dvar2": 1502756.625,
        "max": 19121.484375,
        "mean": 2239.46875,
        "median": 1981.0546875,
        "min": 64.599609375,
        "var": 2628731.75
    },
    "spectral_skewness": {
        "dmean": 0.169586792588,
        "dmean2": 0.270377010107,
        "dvar": 0.0241498444229,
        "dvar2": 0.0615954212844,
        "max": 4.05902862549,
        "mean": 1.1249755621,
        "median": 1.0988587141,
        "min": -0.453483968973,
        "var": 0.129343643785
    },
    "spectral_spread": {
        "dmean": 425633.96875,
        "dmean2": 615488.375,
        "dvar": 379371651072,
        "dvar2": 606663868416,
        "max": 40454148,
        "mean": 4330000.5,
        "median": 4174502.25,
        "min": 1666491.125,
        "var": 1.67211551949e+12
    },
    "spectral_strongpeak": {
        "dmean": 0.596890568733,
        "dmean2": 1.02169978619,
        "dvar": 1.21460962296,
        "dvar2": 3.09941577911,
        "max": 21.6475353241,
        "mean": 1.03104257584,
        "median": 0.368307471275,
        "min": 0,
        "var": 2.13922309875
    },
    "zerocrossingrate": {
        "dmean": 0.0111045558006,
        "dmean2": 0.0128313908353,
        "dvar": 0.000208448473131,
        "dvar2": 0.000232105085161,
        "max": 0.79638671875,
        "mean": 0.0788118988276,
        "median": 0.07275390625,
        "min": 0.00390625,
        "var": 0.00154281710275
    },
    "barkbands": {
        "dmean": [0.000236059378949, 0.0023959397804, 0.00110981066246, 0.000905729539227, 0.00118967506569, 0.000632803014014, 0.000567011360545, 0.00035965317511, 0.000876062258612, 0.000864040164743, 0.000519211927895, 0.000401675584726, 0.000266699964413, 0.000355793134077, 0.000327505986206, 0.000310486357193, 0.000349536101567, 0.000292489072308, 0.000245360832196, 0.000335016695317, 0.000117194023915, 0.000164126162417, 0.000148904204252, 9.01585590327e-05, 5.65588561585e-05, 1.04011043334e-07, 7.98889676634e-10],
        "dmean2": [0.000386351777706, 0.00398113345727, 0.00186082918663, 0.0015908164205, 0.00198811246082, 0.00106233067345, 0.000928746012505, 0.000569819414522, 0.00137953169178, 0.00142939458601, 0.000866499322001, 0.000658691045828, 0.000436178146629, 0.000570567033719, 0.000535439932719, 0.000500349793583, 0.000554663944058, 0.000465778779471, 0.000373959512217, 0.000509487465024, 0.000185604105354, 0.00024452895741, 0.000219911031309, 0.000133173089125, 8.43840971356e-05, 1.76100840577e-07, 1.47297130049e-09],
        "dvar": [1.65293172927e-07, 1.74510478246e-05, 6.07706078881e-06, 3.94647895519e-06, 4.29398960478e-06, 1.38762879942e-06, 1.79109713372e-06, 7.02209263181e-07, 3.15119154948e-06, 3.01448744722e-06, 1.57590761773e-06, 7.06544312834e-07, 2.95076205248e-07, 6.01628300956e-07, 4.41640054305e-07, 4.20649769239e-07, 5.85958275678e-07, 3.39492771673e-07, 2.32074825135e-07, 4.3967605734e-07, 1.06394367094e-07, 3.28807402639e-07, 1.78815639629e-07, 5.44128617719e-08, 5.9375892647e-08, 1.70075515086e-13, 1.38551460133e-18],
        "dvar2": [4.46154558631e-07, 4.64698714495e-05, 1.58059974638e-05, 1.08678241304e-05, 1.07205414679e-05, 3.67720031136e-06, 4.22800349043e-06, 1.56470559887e-06, 6.75456976751e-06, 7.28210989109e-06, 3.85106477552e-06, 1.75040122485e-06, 7.12613996257e-07, 1.28220995066e-06, 1.01998296032e-06, 9.85059728009e-07, 1.38239158787e-06, 7.97816710474e-07, 4.82451241623e-07, 9.62644321589e-07, 2.28426728199e-07, 6.72651140121e-07, 3.58967895409e-07, 1.12391241203e-07, 1.36143825102e-07, 4.41047805916e-13, 4.38707769654e-18],
        "max": [0.0105168633163, 0.0505057200789, 0.0340485349298, 0.0253065899014, 0.0324590280652, 0.0155808767304, 0.0441843569279, 0.0232358258218, 0.0361911356449, 0.0448064021766, 0.0336386039853, 0.0253449417651, 0.01593340002, 0.0195445939898, 0.0173520911485, 0.0170390233397, 0.0204848460853, 0.0155328642577, 0.0153229935095, 0.0174990277737, 0.00960441306233, 0.0195813644677, 0.0129396878183, 0.00652704341337, 0.0104586146772, 1.29037935039e-05, 1.45306513488e-08],
        "mean": [0.000450526596978, 0.00341015309095, 0.00152678543236, 0.000979992328212, 0.00194789341185, 0.000883419357706, 0.000800824898761, 0.000509084202349, 0.00137192860711, 0.00161388632841, 0.000767186516896, 0.000624661624897, 0.000383032194804, 0.000576107937377, 0.000447547645308, 0.000453731394373, 0.000647446489893, 0.000560922839213, 0.000518656044733, 0.000751769344788, 0.00018690507568, 0.000275989092188, 0.000290953088552, 0.000159156013979, 8.58545608935e-05, 1.02627858212e-07, 9.94432092227e-10],
        "median": [0.000173126696609, 0.00180975487456, 0.000872801523656, 0.000461520219687, 0.000759715447202, 0.000350629095919, 0.000230857753195, 0.000145558762597, 0.000369161105482, 0.000301470630802, 0.000170187529875, 0.000189220794709, 0.000164402357768, 0.000202335300855, 0.000174602406332, 0.000181933850399, 0.000246159121161, 0.000237328436924, 0.000227228738368, 0.000271466968115, 8.84309702087e-05, 0.000122171943076, 0.00012873893138, 5.96536192461e-05, 2.31489502767e-05, 1.75525833868e-08, 5.99237104382e-10],
        "min": [4.91014676984e-24, 1.40994781975e-23, 3.58813445849e-23, 1.36432199826e-23, 3.43608814544e-23, 2.40560971568e-23, 7.96882484667e-23, 5.37539792019e-23, 4.52223822477e-23, 1.97734157941e-22, 6.27920658781e-23, 1.33378683345e-22, 1.14590805995e-22, 1.48316351498e-22, 1.59326905982e-22, 1.41061330281e-22, 1.07116708638e-22, 2.30285083246e-22, 1.7541328183e-22, 1.83165499987e-22, 5.47216527863e-22, 4.89401530586e-22, 5.04916316755e-22, 8.0484002123e-22, 1.00138462741e-21, 1.6243986471e-21, 2.388502598e-21],
        "var": [3.69538014411e-07, 2.08385717997e-05, 5.61072056371e-06, 3.00120245811e-06, 9.94788479147e-06, 1.93851678887e-06, 3.00860892821e-06, 1.48200888361e-06, 8.18272928882e-06, 1.16121373139e-05, 4.85461350763e-06, 1.82954624961e-06, 4.75222662999e-07, 1.58366367486e-06, 7.34292314064e-07, 6.84579561039e-07, 1.67418124875e-06, 8.90032822554e-07, 7.70179497067e-07, 1.37312622428e-06, 1.64342594644e-07, 4.84278530166e-07, 4.10371114867e-07, 1.36310674748e-07, 9.66829816207e-08, 1.90606617946e-13, 1.15877891536e-18]
    },
    "erbbands": {
        "dmean": [0.0892638638616, 0.471320450306, 1.06764471531, 2.26604962349, 3.46764850616, 4.17993593216, 5.81017303467, 4.59413957596, 7.4388589859, 7.26295089722, 10.2551288605, 18.1268844604, 26.7936248779, 24.3129844666, 16.3732414246, 15.0972032547, 12.0288009644, 14.427980423, 15.837015152, 16.6317806244, 16.0547466278, 18.6527194977, 15.5059900284, 11.7862348557, 13.1009550095, 15.4256820679, 5.92709922791, 5.14425182343, 5.60164833069, 5.80942964554, 4.02441263199, 2.29068732262, 1.34704196453, 0.808134615421, 0.313209056854, 0.0183560848236, 0.000496133114211, 3.73669463443e-05, 8.71804877534e-06, 9.09132904781e-06],
        "dmean2": [0.143197000027, 0.798380017281, 1.73880195618, 3.95833516121, 5.91568803787, 6.87075567245, 9.56334018707, 7.79022741318, 12.0641145706, 12.0200881958, 16.177652359, 27.77592659, 43.1057624817, 39.0834884644, 26.7409954071, 24.7546138763, 19.4819278717, 23.1407718658, 25.5671691895, 27.0556602478, 25.0801944733, 29.5141029358, 24.2039833069, 18.2412548065, 19.6174144745, 23.4906902313, 9.12790584564, 8.07106876373, 8.3515958786, 8.6997051239, 5.96163463593, 3.40273618698, 1.99526572227, 1.21079838276, 0.467568069696, 0.0282140243798, 0.000743142794818, 5.42591988051e-05, 1.26972718135e-05, 1.40574411489e-05],
        "dvar": [0.0189585462213, 0.886061251163, 4.77289104462, 28.8257713318, 43.1957168579, 72.9597015381, 120.513511658, 98.1203460693, 327.172271729, 302.34375, 501.729705811, 1613.3717041, 3072.12475586, 2356.82299805, 1514.32739258, 934.776916504, 495.693817139, 1203.9786377, 1050.83129883, 1210.43347168, 1199.04138184, 1423.85693359, 932.523620605, 396.585998535, 801.650024414, 901.305786133, 208.507461548, 291.064422607, 369.276031494, 406.655181885, 115.791572571, 31.0065231323, 15.8835983276, 11.3541231155, 1.9696816206, 0.0061297188513, 4.26463338954e-06, 2.02384935477e-08, 4.40008723901e-10, 1.38631814361e-10],
        "dvar2": [0.0489572025836, 2.40559458733, 11.5724802017, 78.4993743896, 113.807014465, 169.900726318, 305.81539917, 260.918365479, 748.068603516, 710.106811523, 1111.26635742, 3120.47363281, 7272.21679688, 5467.38476562, 3475.82910156, 2196.17480469, 1252.03417969, 2569.60424805, 2373.22436523, 3017.89624023, 2557.34082031, 3588.88330078, 2071.67382812, 882.116027832, 1759.00512695, 1995.84533691, 423.041625977, 639.44342041, 740.437011719, 868.786804199, 228.709838867, 68.8177108765, 31.7170715332, 25.8449268341, 4.44971513748, 0.014150602743, 9.67868527368e-06, 4.4843876168e-08, 9.53610523879e-10, 3.27103705233e-10],
        "max": [1.32407712936, 11.730884552, 28.8674507141, 66.802772522, 92.3312454224, 179.021484375, 204.994873047, 174.443984985, 783.641967773, 481.777160645, 588.012512207, 1039.86071777, 1405.34436035, 1145.27893066, 1116.10778809, 796.211486816, 621.102233887, 1098.19311523, 808.589294434, 999.682312012, 989.495605469, 1092.97375488, 982.762268066, 490.709777832, 699.752807617, 728.297119141, 713.241027832, 584.627624512, 564.589111328, 697.993469238, 364.921325684, 138.524475098, 132.735717773, 140.703735352, 58.2829017639, 3.40351247787, 0.0860281139612, 0.00580525444821, 0.000801669084467, 0.000217702647205],
        "mean": [0.147770240903, 0.573122680187, 1.63775873184, 2.75429606438, 4.28010845184, 7.07939720154, 8.40489578247, 6.57727003098, 11.0084781647, 10.0068511963, 16.6179656982, 28.569524765, 47.862663269, 42.2908706665, 24.9486713409, 24.6446418762, 19.1481876373, 24.6056270599, 26.8210067749, 24.2385044098, 29.1834774017, 36.6410980225, 32.3729324341, 25.707321167, 30.9558734894, 34.4783821106, 11.7012815475, 7.99454402924, 9.19365119934, 10.4086484909, 7.84416103363, 4.18756961823, 2.23809623718, 1.24663484097, 0.452638089657, 0.0259184166789, 0.000752679014113, 6.48110290058e-05, 2.23998031288e-05, 2.80501462839e-05],
        "median": [0.0541830286384, 0.338876903057, 0.982672154903, 1.60557031631, 2.00682806969, 2.24351406097, 2.98555493355, 2.68558573723, 3.34538960457, 3.32732963562, 4.92150402069, 8.1652431488, 12.020647049, 11.5208148956, 7.49471473694, 8.67213344574, 9.16877174377, 10.1232967377, 10.5785245895, 11.2442798615, 11.6697473526, 14.5905399323, 13.3680877686, 13.4939584732, 12.5257701874, 12.4699420929, 5.32633543015, 3.59744691849, 3.93561458588, 4.69695472717, 3.41683912277, 1.72871255875, 0.730560064316, 0.327063083649, 0.119887985289, 0.00682835280895, 0.000225617419346, 2.46231720666e-05, 1.65746059793e-05, 2.53249836533e-05],
        "min": [2.26327803535e-22, 4.34428916533e-21, 3.54643186316e-20, 4.69691311007e-20, 6.32870135174e-20, 1.77793554627e-19, 1.56932757512e-19, 2.12696001134e-19, 1.05164134505e-18, 9.73359867006e-19, 1.32317299709e-18, 1.17102139522e-18, 3.63525034266e-18, 5.01370092495e-18, 4.32635643572e-18, 5.01349206185e-18, 5.5974307027e-18, 5.93821381223e-18, 9.67539679459e-18, 7.00142710386e-18, 8.58016416864e-18, 5.36162012163e-18, 1.13915707453e-17, 1.01653060929e-17, 8.74975521937e-18, 9.17575158047e-18, 1.84090153746e-17, 1.95211084229e-17, 1.83574191567e-17, 1.5957609381e-17, 1.61994257069e-17, 1.39319697923e-17, 1.35551195401e-17, 9.46105609991e-18, 8.57196267287e-18, 6.00787193239e-18, 2.9038630353e-18, 1.25645105792e-18, 3.13363674887e-19, 3.84972280463e-20],
        "var": [0.0375610440969, 0.780148148537, 5.28929710388, 21.3111286163, 46.5341644287, 213.747283936, 237.554428101, 136.374679565, 599.051330566, 490.17755127, 1301.31677246, 4215.79980469, 10185.4912109, 7067.07128906, 3858.0769043, 2350.0559082, 824.137023926, 3271.71850586, 2873.9831543, 1705.9432373, 2987.03125, 4394.20214844, 3148.78637695, 1200.17663574, 2624.86938477, 2813.27807617, 475.503601074, 389.976776123, 557.914855957, 639.814941406, 298.418762207, 74.5082931519, 36.5683288574, 18.644033432, 3.2134282589, 0.0103732319549, 7.47563399273e-06, 3.81333542521e-08, 9.65178492685e-10, 3.51852991187e-10]
    },
    "gfcc": {
        "mean": [-12.7068881989, 90.4680328369, -154.386138916, 56.3327293396, -74.6525726318, 26.8133411407, -35.8081474304, 11.6459217072, -16.6067314148, -11.9888153076, -4.66769886017, -12.3804483414, 2.51925563812],
        "cov": [[4846.12695312, 221.442886353, 927.397888184, 1081.66931152, 217.564407349, 303.272491455, -280.819702148, 71.4316253662, -177.853088379, 102.793121338, 157.856033325, 89.9231948853, -25.1295051575], [221.442886353, 901.040100098, 362.051147461, 226.023117065, 265.438995361, 35.0127716064, 157.705001831, -43.3422622681, 8.64722156525, -55.895866394, 80.7233428955, -30.8925914764, 40.000793457], [927.397888184, 362.051147461, 1249.23583984, 765.464111328, 246.559112549, 277.334320068, -124.839485168, 0.849957704544, -24.4331150055, 73.0582733154, -1.75206828117, 115.829315186, 3.66139650345], [1081.66931152, 226.023117065, 765.464111328, 804.364929199, 281.18838501, 145.703811646, -101.754760742, 8.56037139893, -6.28790903091, 65.3946304321, 53.8374099731, 87.4689407349, 9.67735481262], [217.564407349, 265.438995361, 246.559112549, 281.18838501, 288.034210205, 103.197784424, 67.4906921387, 48.8970756531, 14.297791481, 23.6501617432, 54.755027771, 14.4979839325, 24.7240390778], [303.272491455, 35.0127716064, 277.334320068, 145.703811646, 103.197784424, 230.52444458, 65.9476013184, 33.3519020081, -7.83808374405, 39.8032188416, 1.15046608448, 13.4204015732, -3.98131775856], [-280.819702148, 157.705001831, -124.839485168, -101.754760742, 67.4906921387, 65.9476013184, 270.233276367, 53.5542831421, 7.32961988449, -11.8760414124, 36.7690505981, -51.0004692078, 16.0533695221], [71.4316253662, -43.3422622681, 0.849957704544, 8.56037139893, 48.8970756531, 33.3519020081, 53.5542831421, 132.417510986, 43.7804450989, 28.3383865356, 24.580701828, 7.01447439194, 0.782537996769], [-177.853088379, 8.64722156525, -24.4331150055, -6.28790903091, 14.297791481, -7.83808374405, 7.32961988449, 43.7804450989, 139.403610229, 25.5502128601, 2.31403326988, 15.8785877228, 5.87235069275], [102.793121338, -55.895866394, 73.0582733154, 65.3946304321, 23.6501617432, 39.8032188416, -11.8760414124, 28.3383865356, 25.5502128601, 102.735572815, 31.0382556915, 22.091293335, -3.80871367455], [157.856033325, 80.7233428955, -1.75206828117, 53.8374099731, 54.755027771, 1.15046608448, 36.7690505981, 24.580701828, 2.31403326988, 31.0382556915, 122.942192078, 19.6472187042, 5.10973215103], [89.9231948853, -30.8925914764, 115.829315186, 87.4689407349, 14.4979839325, 13.4204015732, -51.0004692078, 7.01447439194, 15.8785877228, 22.091293335, 19.6472187042, 90.7659759521, 22.3740444183], [-25.1295051575, 40.000793457, 3.66139650345, 9.67735481262, 24.7240390778, -3.98131775856, 16.0533695221, 0.782537996769, 5.87235069275, -3.80871367455, 5.10973215103, 22.3740444183, 60.4237136841]],
        "icov": [[0.000529047043528, -0.0006456070696, 0.000721758580767, -0.00123860267922, 0.00126018479932, -0.00137441465631, 0.00115027860738, -0.00123199587688, 0.000903746346012, -6.8551977165e-05, -0.000382051017368, 0.000276547129033, -0.00025603978429], [-0.0006456070696, 0.00421683397144, -0.00314204208553, 0.00279512279667, -0.00458717904985, 0.0041425768286, -0.00352930510417, 0.00426150904968, -0.00247062905692, 0.00203737313859, -0.00170841359068, 0.00159410922788, -0.000362202670658], [0.000721758580767, -0.00314204208553, 0.00516040623188, -0.00469032395631, 0.00401817262173, -0.00563423382118, 0.00350793614052, -0.0033707942348, 0.00236095488071, -0.00119800772518, 0.00171617115848, -0.00196768552996, 0.000193506450159], [-0.00123860267922, 0.00279512279667, -0.00469032395631, 0.00783670414239, -0.00705782417208, 0.00501660071313, -0.00239118048921, 0.00434117345139, -0.00249074585736, 0.000291454489343, -0.000805880583357, -0.000370883644791, 0.000927029061131], [0.00126018479932, -0.00458717904985, 0.00401817262173, -0.00705782417208, 0.0134526053444, -0.00713550392538, 0.00321144843474, -0.00678404793143, 0.00267203082331, -0.000888580281753, -0.000810517929494, 0.000714469468221, -0.00280401739292], [-0.00137441465631, 0.0041425768286, -0.00563423382118, 0.00501660071313, -0.00713550392538, 0.0140129709616, -0.00758094433695, 0.00469416799024, -0.0021531553939, -0.00121100235265, 0.00149733212311, -0.000637817953248, 0.00226274132729], [0.00115027860738, -0.00352930510417, 0.00350793614052, -0.00239118048921, 0.00321144843474, -0.00758094433695, 0.0109470011666, -0.00600329041481, 0.00247796298936, 0.00023024409893, -0.00201852852479, 0.00338921509683, -0.00296959746629], [-0.00123199587688, 0.00426150904968, -0.0033707942348, 0.00434117345139, -0.00678404793143, 0.00469416799024, -0.00600329041481, 0.0152606982738, -0.00573887350038, 5.54288089916e-06, -0.00132671860047, -0.000452892796602, 0.00149594515096], [0.000903746346012, -0.00247062905692, 0.00236095488071, -0.00249074585736, 0.00267203082331, -0.0021531553939, 0.00247796298936, -0.00573887350038, 0.0108304079622, -0.00301907816902, 0.00172564445529, -0.00211610877886, -0.000157185335411], [-6.8551977165e-05, 0.00203737313859, -0.00119800772518, 0.000291454489343, -0.000888580281753, -0.00121100235265, 0.00023024409893, 5.54288089916e-06, -0.00301907816902, 0.0143679399043, -0.00470999721438, 0.000434043555288, 0.000307859270833], [-0.000382051017368, -0.00170841359068, 0.00171617115848, -0.000805880583357, -0.000810517929494, 0.00149733212311, -0.00201852852479, -0.00132671860047, 0.00172564445529, -0.00470999721438, 0.0132522825152, -0.00534998252988, 0.00237668096088], [0.000276547129033, 0.00159410922788, -0.00196768552996, -0.000370883644791, 0.000714469468221, -0.000637817953248, 0.00338921509683, -0.000452892796602, -0.00211610877886, 0.000434043555288, -0.00534998252988, 0.0196079984307, -0.00856574159116], [-0.00025603978429, -0.000362202670658, 0.000193506450159, 0.000927029061131, -0.00280401739292, 0.00226274132729, -0.00296959746629, 0.00149594515096, -0.000157185335411, 0.000307859270833, 0.00237668096088, -0.00856574159116, 0.0215943846852]]
    },
    "melbands": {
        "dmean": [0.000719708914403, 0.000496924214531, 0.000416721304646, 0.000260899018031, 0.000197856832528, 0.00010824277706, 0.000113375768706, 7.63494172134e-05, 9.60062679951e-05, 0.000119004158478, 0.00013740088616, 0.000104921331513, 6.59011639073e-05, 3.98246957047e-05, 4.3651634769e-05, 2.32879501709e-05, 3.02884618577e-05, 2.77585859294e-05, 2.5551613362e-05, 2.00916347239e-05, 2.15895615838e-05, 2.2647993319e-05, 1.65494366229e-05, 1.42721082739e-05, 1.02786107163e-05, 9.67372579908e-06, 1.27887806229e-05, 1.12043071567e-05, 4.83576422994e-06, 2.83095255327e-06, 3.21222933053e-06, 3.32449985763e-06, 3.37368328474e-06, 3.37997198585e-06, 2.62777598437e-06, 1.75655304702e-06, 1.38290340601e-06, 1.01364889815e-06, 8.71156544235e-07, 6.59551290028e-07],
        "dmean2": [0.00117394910194, 0.000793440325651, 0.000716389797162, 0.000441239593783, 0.00032259215368, 0.000182673727977, 0.00018461739819, 0.000125630729599, 0.000152362990775, 0.000183488431503, 0.000222471499001, 0.000168611251866, 0.000107453444798, 6.52886519674e-05, 7.18558585504e-05, 3.72552567569e-05, 4.85159471282e-05, 4.47582642664e-05, 4.18674753746e-05, 3.2575608202e-05, 3.36498960678e-05, 3.61817328667e-05, 2.55042705248e-05, 2.24002014875e-05, 1.61669377121e-05, 1.48551034727e-05, 1.96457021957e-05, 1.7417845811e-05, 7.57401357987e-06, 4.53715256299e-06, 5.09007122673e-06, 5.05588923261e-06, 5.11904545419e-06, 5.1422607612e-06, 3.96589939555e-06, 2.65979952019e-06, 2.11701876651e-06, 1.52958057242e-06, 1.3337424889e-06, 1.00406703041e-06],
        "dvar": [1.37955862556e-06, 8.63462730649e-07, 7.63604361964e-07, 2.26454446306e-07, 1.31378939727e-07, 4.78376840363e-08, 7.15641874649e-08, 2.89831021405e-08, 4.44117596032e-08, 6.25506118013e-08, 8.03275312933e-08, 4.30160689291e-08, 2.66047130992e-08, 1.07540820693e-08, 6.70698652172e-09, 2.80556733401e-09, 5.28724131144e-09, 3.90567223008e-09, 2.72017253167e-09, 1.91654336845e-09, 2.56337484572e-09, 2.42663200645e-09, 1.69799674321e-09, 7.40305594604e-10, 3.34993560669e-10, 5.30056110115e-10, 8.55230442021e-10, 5.21463872083e-10, 1.60434873719e-10, 6.32082719498e-11, 1.27016133722e-10, 1.21706089651e-10, 1.56768056869e-10, 1.33213343134e-10, 5.30620061778e-11, 1.77830632164e-11, 1.23962819176e-11, 8.03620971851e-12, 1.2172017734e-11, 7.69060162775e-12],
        "dvar2": [3.6107046526e-06, 1.92195943782e-06, 2.05266087505e-06, 5.83045959957e-07, 3.21861222119e-07, 1.26342627027e-07, 1.67906534898e-07, 6.738655145e-08, 9.88954553804e-08, 1.25781113525e-07, 1.9168284382e-07, 9.72251328335e-08, 6.16579995949e-08, 2.65225779117e-08, 1.68365055231e-08, 6.54956799906e-09, 1.10744489135e-08, 8.64828386682e-09, 6.51772191773e-09, 4.67366101375e-09, 5.49692513729e-09, 6.0567453275e-09, 3.66716124134e-09, 1.73638559087e-09, 7.67442609462e-10, 1.16587095533e-09, 1.93110327729e-09, 1.20072274346e-09, 3.32814192872e-10, 1.32021157895e-10, 2.90489465815e-10, 2.48971510075e-10, 3.4259242665e-10, 2.88801288439e-10, 1.04419764502e-10, 3.87946688662e-11, 2.9254532824e-11, 1.68598364436e-11, 2.64429571989e-11, 1.78860346672e-11],
        "max": [0.0134924808517, 0.0113963345066, 0.0100906342268, 0.00854005757719, 0.00684987055138, 0.00343674398027, 0.0103147029877, 0.00453767925501, 0.00459488434717, 0.00590612133965, 0.0072689591907, 0.00445694755763, 0.00466113118455, 0.00374018517323, 0.00160737219267, 0.00191647710744, 0.0024796507787, 0.00167382147629, 0.00182574870996, 0.00116718839854, 0.00134467205498, 0.00160121999215, 0.00101147033274, 0.00107062584721, 0.000435482419562, 0.000834801699966, 0.000797066953965, 0.000490626320243, 0.000715017260518, 0.000241052082856, 0.000389874156099, 0.000276123173535, 0.000447639351478, 0.000342480052495, 0.000279897678411, 0.000137292125146, 7.69566540839e-05, 8.18945336505e-05, 0.000137685448863, 0.000106124687591],
        "mean": [0.00109494815115, 0.000819179171231, 0.000519762164913, 0.000406086095609, 0.000305255089188, 0.000157625501743, 0.000166804224136, 0.000104655620817, 0.000157546484843, 0.000181299925316, 0.000246621348197, 0.0001827494998, 9.68519379967e-05, 6.23080923106e-05, 6.43641978968e-05, 3.46536508005e-05, 4.73638683616e-05, 4.57697678939e-05, 3.46757260559e-05, 2.81834418274e-05, 3.63762155757e-05, 3.99013624701e-05, 3.08822673105e-05, 2.63141846517e-05, 1.98963662115e-05, 2.02675400942e-05, 2.71587305178e-05, 2.21523077926e-05, 8.54021163832e-06, 4.05764239986e-06, 4.73893351227e-06, 5.09524807057e-06, 5.5439213611e-06, 5.88535840507e-06, 4.87336637889e-06, 3.19646574098e-06, 2.31015405916e-06, 1.60954414241e-06, 1.28342321659e-06, 9.73235955826e-07],
        "median": [0.000486313190777, 0.000564732647035, 0.000317019526847, 0.000158814102178, 0.000108125270344, 6.52856979286e-05, 4.99820307596e-05, 3.10480681947e-05, 3.93559384975e-05, 4.72180254292e-05, 5.29890276084e-05, 4.44262841484e-05, 2.37573221966e-05, 1.7737478629e-05, 2.10100479308e-05, 1.56218538905e-05, 1.76026460394e-05, 1.46626871356e-05, 1.41559048643e-05, 1.21208104247e-05, 1.23634090414e-05, 1.53411310748e-05, 1.05293092929e-05, 1.14170725283e-05, 9.92539571598e-06, 8.18628723209e-06, 9.33183400775e-06, 7.31017871658e-06, 3.33729849444e-06, 1.71034685081e-06, 1.98253610506e-06, 2.07994889934e-06, 2.3559850888e-06, 2.56482917393e-06, 2.03373247132e-06, 1.33456637741e-06, 8.66000050337e-07, 5.1832751069e-07, 3.04951697672e-07, 2.44561334739e-07],
        "min": [3.23938118221e-24, 1.43609035461e-23, 8.73035677024e-24, 8.2936354845e-24, 6.16921768395e-24, 5.52007390581e-24, 1.53843322415e-23, 1.01749827576e-23, 1.11804916887e-23, 6.77283866584e-24, 1.9489491817e-23, 2.2167171297e-23, 1.22697831699e-23, 1.21592053814e-23, 1.52741220621e-23, 1.06636079355e-23, 1.18929238051e-23, 1.72733511869e-23, 8.67309966802e-24, 1.03962968957e-23, 9.8938082763e-24, 5.07252037655e-24, 7.95835066712e-24, 1.14816322395e-23, 7.85722974312e-24, 6.57819157621e-24, 5.66577927601e-24, 6.30796293439e-24, 8.01589964788e-24, 1.83406137273e-23, 8.67339706858e-24, 9.53227884547e-24, 1.01979638535e-23, 8.41000666752e-24, 9.92309710399e-24, 8.11307942279e-24, 8.30669428792e-24, 9.80393414223e-24, 8.249021456e-24, 7.87590208075e-24],
        "var": [2.069986067e-06, 1.11994688723e-06, 6.09606331636e-07, 4.88239948027e-07, 2.94250867228e-07, 6.97000572814e-08, 1.25228694969e-07, 5.0777870797e-08, 1.26881914753e-07, 1.57057769457e-07, 2.76748323813e-07, 1.36032184628e-07, 7.78915492106e-08, 2.87211303629e-08, 1.36240831949e-08, 4.96002305894e-09, 1.38354252499e-08, 1.12458771184e-08, 4.45418324446e-09, 2.60647214922e-09, 6.19442497296e-09, 5.89868998091e-09, 4.42579439763e-09, 1.84385384738e-09, 8.58557891448e-10, 1.48535861388e-09, 2.16083395621e-09, 1.39965639079e-09, 3.5391883868e-10, 9.35690760984e-11, 1.56760188164e-10, 1.78888917568e-10, 2.11692163798e-10, 2.14150447375e-10, 1.30073854465e-10, 4.46193117176e-11, 2.42645313564e-11, 1.68323011779e-11, 2.18411712327e-11, 1.16701665692e-11]
    },
    "mfcc": {
        "mean": [-631.258605957, 92.7538986206, -11.2353239059, 21.0983314514, -1.87221550941, 5.22801160812, 0.367895185947, 13.1613340378, -2.08996891975, 6.79438209534, -3.24439358711, -4.83823680878, -0.532862842083],
        "cov": [[4286.13134766, -271.733764648, 722.59552002, 623.376525879, 558.816467285, 175.86730957, 175.235534668, 7.08175802231, -206.08404541, 63.1102790833, -110.877357483, 59.6988220215, 186.268035889], [-271.733764648, 752.218322754, 38.3614959717, 104.312545776, 23.6495952606, 77.793510437, 133.228729248, 75.4228134155, 5.32237100601, 54.2379837036, -0.120876230299, -47.4715995789, 13.1874017715], [722.59552002, 38.3614959717, 1025.57434082, 465.59085083, 435.102386475, 295.772949219, 54.8107566833, 48.507976532, 3.55902314186, -44.5352134705, 15.4597616196, 9.9753704071, 51.4221763611], [623.376525879, 104.312545776, 465.59085083, 577.301025391, 360.543304443, 168.138275146, 81.2760238647, 41.9686470032, -11.9084062576, -3.10767102242, -16.4021205902, 46.5546073914, 97.610168457], [558.816467285, 23.6495952606, 435.102386475, 360.543304443, 420.964996338, 149.617553711, 42.1127700806, 37.6370658875, 7.80364274979, -11.9090061188, 4.72949314117, 52.7441825867, 70.4751586914], [175.86730957, 77.793510437, 295.772949219, 168.138275146, 149.617553711, 234.842025757, 90.4293289185, 35.7909164429, 30.7175102234, 7.81782484055, 25.8907203674, -10.5437469482, 5.20027685165], [175.235534668, 133.228729248, 54.8107566833, 81.2760238647, 42.1127700806, 90.4293289185, 259.703674316, 61.6249885559, -9.25215053558, 76.2983551025, 15.9226560593, -31.6553478241, 33.0102157593], [7.08175802231, 75.4228134155, 48.507976532, 41.9686470032, 37.6370658875, 35.7909164429, 61.6249885559, 121.050689697, 34.3409118652, 37.7055511475, 15.8222103119, 1.0034583807, 13.8102817535], [-206.08404541, 5.32237100601, 3.55902314186, -11.9084062576, 7.80364274979, 30.7175102234, -9.25215053558, 34.3409118652, 132.890975952, 6.86077785492, 29.1840305328, 7.18744564056, -23.8979606628], [63.1102790833, 54.2379837036, -44.5352134705, -3.10767102242, -11.9090061188, 7.81782484055, 76.2983551025, 37.7055511475, 6.86077785492, 140.173309326, 33.191532135, -15.499879837, 14.1757946014], [-110.877357483, -0.120876230299, 15.4597616196, -16.4021205902, 4.72949314117, 25.8907203674, 15.9226560593, 15.8222103119, 29.1840305328, 33.191532135, 95.8071365356, 23.5689487457, -6.15931749344], [59.6988220215, -47.4715995789, 9.9753704071, 46.5546073914, 52.7441825867, -10.5437469482, -31.6553478241, 1.0034583807, 7.18744564056, -15.499879837, 23.5689487457, 106.096099854, 40.5725250244], [186.268035889, 13.1874017715, 51.4221763611, 97.610168457, 70.4751586914, 5.20027685165, 33.0102157593, 13.8102817535, -23.8979606628, 14.1757946014, -6.15931749344, 40.5725250244, 110.093544006]],
