{
"lowlevel": {
    "average_loudness": 0.881918668747,
    "barkbands_crest": {
        "dmean": 2.88046479225,
        "dmean2": 4.47051048279,
        "dvar": 7.08679580688,
        "dvar2": 15.0664110184,
        "max": 25.5415687561,
        "mean": 9.79878234863,
        "median": 8.728099823,
        "min": 2.07278704643,
        "var": 20.9799404144
    },
    "barkbands_flatness_db": {
        "dmean": 0.0195507481694,
        "dmean2": 0.0287969801575,
        "dvar": 0.000312971475068,
        "dvar2": 0.000651640002616,
        "max": 0.308739930391,
        "mean": 0.141692101955,
        "median": 0.135063931346,
        "min": 0.0491508506238,
        "var": 0.00171853171196
    },
    "barkbands_kurtosis": {
        "dmean": 1.70867168903,
        "dmean2": 2.60601758957,
        "dvar": 9.40980434418,
        "dvar2": 21.3831272125,
        "max": 73.3567123413,
        "mean": 1.61719048023,
        "median": 0.260961532593,
        "min": -1.93330013752,
        "var": 20.2526245117
    },
    "barkbands_skewness": {
        "dmean": 0.495236843824,
        "dmean2": 0.714235186577,
        "dvar": 0.258556097746,
        "dvar2": 0.522682726383,
        "max": 8.0864982605,
        "mean": 0.982946157455,
        "median": 0.853989958763,
        "min": -4.75425863266,
        "var": 1.17558026314
    },
    "barkbands_spread": {
        "dmean": 7.25429868698,
        "dmean2": 10.8839349747,
        "dvar": 66.6995315552,
        "dvar2": 139.674499512,
        "max": 117.217796326,
        "mean": 30.7162647247,
        "median": 28.4376182556,
        "min": 2.35310482979,
        "var": 278.366210938
    },
    "dissonance": {
        "dmean": 0.0162883829325,
        "dmean2": 0.0277350787073,
        "dvar": 0.000249619100941,
        "dvar2": 0.00067177566234,
        "max": 0.5,
        "mean": 0.472936451435,
        "median": 0.478410691023,
        "min": 0.285682946444,
        "var": 0.000448080827482
    },
    "dynamic_complexity": 2.9655752182,
    "erbbands_crest": {
        "dmean": 2.85937428474,
        "dmean2": 4.6525387764,
        "dvar": 6.80647754669,
        "dvar2": 16.6684818268,
        "max": 27.5698547363,
        "mean": 9.23351573944,
        "median": 8.16042709351,
        "min": 2.16701459885,
        "var": 20.7866039276
    },
    "erbbands_flatness_db": {
        "dmean": 0.016049284488,
        "dmean2": 0.022973427549,
        "dvar": 0.00020666202181,
        "dvar2": 0.000392131507397,
        "max": 0.376866966486,
        "mean": 0.176786929369,
        "median": 0.167733371258,
        "min": 0.0501075647771,
        "var": 0.00300334114581
    },
    "erbbands_kurtosis": {
        "dmean": 0.845346987247,
        "dmean2": 1.31305396557,
        "dvar": 1.36323130131,
        "dvar2": 2.99265003204,
        "max": 25.3256568909,
        "mean": 0.369606792927,
        "median": -0.0868806838989,
        "min": -1.72698628902,
        "var": 3.11025810242
    },
    "erbbands_skewness": {
        "dmean": 0.347351163626,
        "dmean2": 0.512662351131,
        "dvar": 0.106100022793,
        "dvar2": 0.214522957802,
        "max": 3.27083611488,
        "mean": 0.235324546695,
        "median": 0.258419632912,
        "min": -4.34638977051,
        "var": 0.603523075581
    },
    "erbbands_spread": {
        "dmean": 8.09621238708,
        "dmean2": 11.98990345,
        "dvar": 78.1707077026,
        "dvar2": 169.738723755,
        "max": 130.832977295,
        "mean": 38.0130691528,
        "median": 35.2076530457,
        "min": 3.51852869987,
        "var": 335.027435303
    },
    "hfc": {
        "dmean": 8.84554386139,
        "dmean2": 12.1884174347,
        "dvar": 186.144744873,
        "dvar2": 391.163665771,
        "max": 483.833648682,
        "mean": 29.5404701233,
        "median": 21.3380813599,
        "min": 1.18924974277e-16,
        "var": 713.877075195
    },
    "melbands_crest": {
        "dmean": 3.88837981224,
        "dmean2": 6.07885217667,
        "dvar": 12.1941518784,
        "dvar2": 29.3261928558,
        "max": 35.4860153198,
        "mean": 14.8698186874,
        "median": 13.2823877335,
        "min": 1.07344520092,
        "var": 46.4270553589
    },
    "melbands_flatness_db": {
        "dmean": 0.0252528954297,
        "dmean2": 0.0361358337104,
        "dvar": 0.000567149545532,
        "dvar2": 0.00112467911094,
        "max": 0.364238142967,
        "mean": 0.151310384274,
        "median": 0.146802082658,
        "min": 1.37683300636e-05,
        "var": 0.00293007306755
    },
    "melbands_kurtosis": {
        "dmean": 5.75910329819,
        "dmean2": 8.51810836792,
        "dvar": 148.264465332,
        "dvar2": 310.94821167,
        "max": 279.161499023,
        "mean": 9.42738342285,
        "median": 4.05699968338,
        "min": -1.83761632442,
        "var": 321.429901123
    },
    "melbands_skewness": {
        "dmean": 0.727999269962,
        "dmean2": 1.04325079918,
        "dvar": 0.699785232544,
        "dvar2": 1.38202989101,
        "max": 14.8890647888,
        "mean": 2.17246961594,
        "median": 1.77828741074,
        "min": -2.24473690987,
        "var": 2.97270894051
    },
    "melbands_spread": {
        "dmean": 11.2498559952,
        "dmean2": 16.7143306732,
        "dvar": 239.432418823,
        "dvar2": 475.705932617,
        "max": 262.825073242,
        "mean": 37.649143219,
        "median": 31.4048519135,
        "min": 1.90001237392,
        "var": 781.18560791
    },
    "pitch_salience": {
        "dmean": 0.0759018957615,
        "dmean2": 0.116678468883,
        "dvar": 0.0049354005605,
        "dvar2": 0.0105759063736,
        "max": 0.979382753372,
        "mean": 0.543457567692,
        "median": 0.554762303829,
        "min": 0.0948230996728,
        "var": 0.0176968220621
    },
    "silence_rate_20dB": {
        "dmean": 0,
        "dmean2": 0,
        "dvar": 0,
        "dvar2": 0,
        "max": 1,
        "mean": 1,
        "median": 1,
        "min": 1,
        "var": 0
    },
    "silence_rate_30dB": {
        "dmean": 0.00152207002975,
        "dmean2": 0.00304452609271,
        "dvar": 0.00151965604164,
        "dvar2": 0.00405030185357,
        "max": 1,
        "mean": 0.998985409737,
        "median": 1,
        "min": 0,
        "var": 0.0010134979384
    },
    "silence_rate_60dB": {
        "dmean": 0.0124302385375,
        "dmean2": 0.0248636305332,
        "dvar": 0.0122751621529,
        "dvar2": 0.0293242223561,
        "max": 1,
        "mean": 0.0829422920942,
        "median": 0,
        "min": 0,
        "var": 0.0760665759444
    },
    "spectral_centroid": {
        "dmean": 297.500671387,
        "dmean2": 443.61239624,
        "dvar": 103738.648438,
        "dvar2": 208939.546875,
        "max": 10635.1914062,
        "mean": 2016.86022949,
        "median": 1972.20385742,
        "min": 457.270019531,
        "var": 491806.3125
    },
    "spectral_complexity": {
        "dmean": 4.32952833176,
        "dmean2": 6.42268180847,
        "dvar": 20.4627037048,
        "dvar2": 40.6577606201,
        "max": 56,
        "mean": 19.523399353,
        "median": 19,
        "min": 0,
        "var": 81.551651001
    },
    "spectral_decrease": {
        "dmean": 1.99247174315e-09,
        "dmean2": 2.76328182558e-09,
        "dvar": 7.00578965441e-18,
        "dvar2": 1.16156862333e-17,
        "max": 4.09804098114e-29,
        "mean": -5.90403814726e-09,
        "median": -4.69209204823e-09,
        "min": -3.12107388822e-08,
        "var": 2.36807035928e-17
    },
    "spectral_energy": {
        "dmean": 0.0080544212833,
        "dmean2": 0.0111324079335,
        "dvar": 0.000107627027319,
        "dvar2": 0.000179258990102,
        "max": 0.124684214592,
        "mean": 0.0249626375735,
        "median": 0.0204081442207,
        "min": 1.06321684268e-20,
        "var": 0.000386508501833
    },
    "spectral_energyband_high": {
        "dmean": 0.000855959369801,
        "dmean2": 0.00119946617633,
        "dvar": 2.52983636528e-06,
        "dvar2": 5.40704877494e-06,
        "max": 0.053417082876,
        "mean": 0.00202989717945,
        "median": 0.00108125398401,
        "min": 8.05125828691e-21,
        "var": 7.00072132531e-06
    },
    "spectral_energyband_low": {
        "dmean": 0.00532451970503,
        "dmean2": 0.00742908706889,
        "dvar": 8.76821941347e-05,
        "dvar2": 0.000152291962877,
        "max": 0.105772271752,
        "mean": 0.0096023036167,
        "median": 0.00335005810484,
        "min": 5.13074249232e-23,
        "var": 0.000208561687032
    },
    "spectral_energyband_middle_high": {
        "dmean": 0.00257904874161,
        "dmean2": 0.00375831476413,
        "dvar": 1.58315506269e-05,
        "dvar2": 3.20757717418e-05,
        "max": 0.0755735933781,
        "mean": 0.00812671054155,
        "median": 0.00439490424469,
        "min": 1.52355945373e-21,
        "var": 8.0306585005e-05
    },
    "spectral_energyband_middle_low": {
        "dmean": 0.00283799576573,
        "dmean2": 0.00459885131568,
        "dvar": 2.2315647584e-05,
        "dvar2": 5.69957628613e-05,
        "max": 0.0654198229313,
        "mean": 0.00591645622626,
        "median": 0.00389198353514,
        "min": 2.06133103201e-22,
        "var": 3.82367288694e-05
    },
    "spectral_entropy": {
        "dmean": 0.120981477201,
        "dmean2": 0.173266351223,
        "dvar": 0.0116031644866,
        "dvar2": 0.0216496698558,
        "max": 9.77983283997,
        "mean": 7.87606906891,
        "median": 7.86355733871,
        "min": 6.65291166306,
        "var": 0.0852190554142
    },
    "spectral_flux": {
        "dmean": 0.0270381830633,
        "dmean2": 0.0423427671194,
        "dvar": 0.000875858822837,
        "dvar2": 0.00194071920123,
        "max": 0.314579516649,
        "mean": 0.0955503433943,
        "median": 0.0861816629767,
        "min": 1.03112407501e-10,
        "var": 0.00274890149012
    },
    "spectral_kurtosis": {
        "dmean": 0.884929120541,
        "dmean2": 1.46573174,
        "dvar": 0.942113995552,
        "dvar2": 2.77641367912,
        "max": 18.7555274963,
        "mean": 2.20876765251,
        "median": 1.82555055618,
        "min": -1.17178094387,
        "var": 3.38654589653
    },
    "spectral_rms": {
        "dmean": 0.000764248834457,
        "dmean2": 0.00105156155769,
        "dvar": 7.13427994015e-07,
        "dvar2": 1.17020283597e-06,
        "max": 0.0110291950405,
        "mean": 0.00453292950988,
        "median": 0.00446210568771,
        "min": 3.22069042442e-12,
        "var": 3.80624783247e-06
    },
    "spectral_rolloff": {
        "dmean": 783.390197754,
        "dmean2": 1233.02075195,
        "dvar": 1272181.75,
        "dvar2": 2532988.75,
        "max": 18497.0214844,
        "mean": 2454.77490234,
        "median": 1851.85546875,
        "min": 64.599609375,
        "var": 3671876
    },
    "spectral_skewness": {
        "dmean": 0.155594542623,
        "dmean2": 0.240228757262,
        "dvar": 0.0192559529096,
        "dvar2": 0.0438096113503,
        "max": 3.1445479393,
        "mean": 1.1271007061,
        "median": 1.10364675522,
        "min": -0.309148579836,
        "var": 0.129650697112
    },
    "spectral_spread": {
        "dmean": 483224.46875,
        "dmean2": 679601.5625,
        "dvar": 382106566656,
        "dvar2": 604247097344,
        "max": 38503092,
        "mean": 4898407.5,
        "median": 4747731.5,
        "min": 1688665.25,
        "var": 1.80094409114e+12
    },
    "spectral_strongpeak": {
        "dmean": 0.732792198658,
        "dmean2": 1.24948334694,
        "dvar": 1.63043475151,
        "dvar2": 4.13308572769,
        "max": 18.3881416321,
        "mean": 1.18014931679,
        "median": 0.485421806574,
        "min": 0,
        "var": 2.68600583076
    },
    "zerocrossingrate": {
        "dmean": 0.0146346259862,
        "dmean2": 0.0163013953716,
        "dvar": 0.000286103517283,
        "dvar2": 0.000308562273858,
        "max": 0.57275390625,
        "mean": 0.0871600285172,
        "median": 0.07861328125,
        "min": 0.00830078125,
        "var": 0.00201004114933
    },
    "barkbands": {
        "dmean": [0.000296354381135, 0.00468273973092, 0.00159297452774, 0.000774119456764, 0.000835986749735, 0.000559489184525, 0.000665324972942, 0.000529329408891, 0.000619855825789, 0.00103717506863, 0.000690525455866, 0.000520611763932, 0.000462147116195, 0.000637551536784, 0.00061254564207, 0.000307438371237, 0.000176530753379, 0.000190469087102, 0.000336671248078, 0.000337100791512, 0.000220348825678, 0.000178261412657, 0.000249304721365, 0.000166294179508, 0.00010652578203, 2.35350782418e-07, 9.25126086848e-10],
        "dmean2": [0.000398818636313, 0.0067423209548, 0.00286924256943, 0.00139381398913, 0.00144629052375, 0.000880115840118, 0.00105252210051, 0.000838739098981, 0.000960200442933, 0.00160484807566, 0.00106350134593, 0.000804542098194, 0.00072082481347, 0.00100372708403, 0.000965710089076, 0.00047331355745, 0.000278578867437, 0.000309546856442, 0.00052685564151, 0.000523764989339, 0.000330435752403, 0.000261846056674, 0.000367272179574, 0.000236013322137, 0.000156605121447, 4.00892645303e-07, 1.69848157761e-09],
        "dvar": [3.45280284364e-07, 8.47072806209e-05, 2.38271641138e-05, 4.55159261037e-06, 4.33707191405e-06, 1.01204818748e-06, 2.72355396191e-06, 2.85290730062e-06, 2.66280630967e-06, 6.73417343933e-06, 3.38345739692e-06, 2.04913021662e-06, 1.73964247097e-06, 2.07814764508e-06, 2.91131277663e-06, 1.00556871985e-06, 1.97465126917e-07, 1.42498464584e-07, 4.76781764291e-07, 5.78180106459e-07, 3.22518019402e-07, 1.50307656099e-07, 2.25375330842e-07, 1.93830061335e-07, 2.10050984606e-07, 1.07818018836e-12, 1.94813173132e-18],
        "dvar2": [6.84238273152e-07, 0.000156289970619, 6.74753173371e-05, 1.30858406919e-05, 1.21319344544e-05, 2.36252299146e-06, 6.55626763546e-06, 6.82829795551e-06, 5.74961859456e-06, 1.48992248796e-05, 7.01138651493e-06, 4.39596169599e-06, 3.88414946428e-06, 4.65819448436e-06, 6.77163097862e-06, 2.16479202209e-06, 4.45474825028e-07, 3.64380781548e-07, 1.08463893866e-06, 1.3498864746e-06, 7.13774397809e-07, 2.99455564345e-07, 4.97370933772e-07, 4.45150732276e-07, 5.58793999517e-07, 3.063076702e-12, 6.05274565344e-18],
        "max": [0.00798626430333, 0.0992808863521, 0.0432065576315, 0.0241758339107, 0.032612953335, 0.0209005381912, 0.0642769634724, 0.0515126809478, 0.0390776842833, 0.0665119439363, 0.0379799343646, 0.0430551432073, 0.0339023508132, 0.0290312673897, 0.035771690309, 0.0289282053709, 0.0142612867057, 0.00746066961437, 0.0233241021633, 0.0178704038262, 0.018021017313, 0.0117551935837, 0.0153172845021, 0.018107580021, 0.0247886162251, 5.26303483639e-05, 1.87940312202e-08],
        "mean": [0.000593751086853, 0.00719047524035, 0.00144686910789, 0.000716928974725, 0.00102478219196, 0.000927292800043, 0.00101184181403, 0.000790059857536, 0.000865015317686, 0.00176446838304, 0.00109136558603, 0.000915481592529, 0.00072708557127, 0.000915544922464, 0.000956679694355, 0.000454097404145, 0.000296048936434, 0.000308111892082, 0.000645368476398, 0.000620410544798, 0.000385497318348, 0.000328697642544, 0.000534377875738, 0.000292008073302, 0.000160110037541, 2.27205205761e-07, 1.18855547626e-09],
        "median": [2.54568803939e-05, 0.00164388818666, 0.000480113580124, 0.000187710131286, 0.00037781833089, 0.000374091061531, 0.000380110694095, 0.000182261457667, 0.000230014775298, 0.000491673650686, 0.000221505528316, 0.000234736566199, 0.000186656747246, 0.000279043248156, 0.000251867633779, 0.000137447059387, 0.000150329477037, 0.00016822249745, 0.000300284533296, 0.000250148994382, 0.000144795878441, 0.000141682423418, 0.000234960592934, 0.000116754519695, 5.38539061381e-05, 4.97182988113e-08, 7.04884428604e-10],
        "min": [1.86501785238e-24, 8.41313686759e-24, 3.76007836792e-23, 9.44498191997e-24, 5.60284103421e-23, 1.38118326902e-23, 5.52841232335e-23, 1.93704669059e-23, 3.6493854057e-23, 7.92326970712e-23, 1.13679160467e-22, 1.28395960189e-22, 7.60795379915e-23, 1.01077612378e-22, 9.31010295572e-23, 1.68783821e-22, 2.22698008386e-22, 1.52094528228e-22, 3.12749547808e-22, 2.32794241526e-22, 4.85787209732e-22, 4.75038809504e-22, 6.79728246762e-22, 7.81178384503e-22, 1.11093112861e-21, 2.01448650246e-21, 2.59624387935e-21],
        "var": [1.32985962864e-06, 0.000156166352099, 1.46531629071e-05, 3.07410209643e-06, 3.92012088923e-06, 2.22004473471e-06, 3.66483777725e-06, 5.79129846301e-06, 4.86843464387e-06, 1.49253110067e-05, 7.81847575126e-06, 5.60593571208e-06, 3.50835534846e-06, 3.77232413484e-06, 5.78007302465e-06, 1.99058194994e-06, 3.94530189851e-07, 2.16332608716e-07, 1.16453747978e-06, 1.19159972201e-06, 6.70023325711e-07, 3.42662161756e-07, 6.72325541018e-07, 3.29346562467e-07, 2.13382023162e-07, 8.15137996164e-13, 1.59102814151e-18]
    },
    "erbbands": {
        "dmean": [0.176683455706, 0.973296642303, 1.75240409374, 2.26809191704, 2.891528368, 2.78254318237, 2.54774212837, 5.50359344482, 8.75796222687, 10.5636501312, 11.7813863754, 12.651309967, 27.1862125397, 31.2318477631, 21.3682174683, 20.4680862427, 19.6910457611, 28.633682251, 32.7944908142, 22.2048740387, 14.5197544098, 7.78173351288, 7.46460390091, 18.5059814453, 13.2523794174, 15.4480628967, 11.4157819748, 6.7196764946, 5.99468135834, 7.67207765579, 7.11413240433, 3.96573066711, 2.6105902195, 1.5143122673, 0.596449613571, 0.036611109972, 0.000966860272456, 6.95924827596e-05, 1.32897421281e-05, 1.12987499961e-05],
        "dmean2": [0.239759653807, 1.40047693253, 2.90546798706, 4.10239171982, 5.11245632172, 4.82816123962, 4.205265522, 8.62306785583, 13.7875766754, 16.4291801453, 18.5580425262, 19.1210536957, 41.7286453247, 47.4140968323, 31.8407726288, 31.2108745575, 30.1093177795, 44.8354682922, 50.469543457, 34.2884788513, 21.6587219238, 11.8866605759, 11.9812555313, 29.3994255066, 20.3233146667, 23.9231700897, 17.0843410492, 9.94085979462, 8.76399803162, 11.2213001251, 10.4303236008, 5.72561788559, 3.73795890808, 2.26173591614, 0.873471260071, 0.0545258335769, 0.00141110038385, 9.91278793663e-05, 1.80074803211e-05, 1.53904547915e-05],
        "dvar": [0.107508227229, 4.49025583267, 21.3605823517, 46.5923271179, 55.010887146, 48.0725479126, 28.81183815, 115.927322388, 420.099975586, 890.102355957, 1403.7833252, 1161.23388672, 4923.24316406, 6193.83203125, 3037.75952148, 3635.84326172, 3096.60961914, 4050.71508789, 7637.453125, 4769.34814453, 2105.3972168, 308.659393311, 142.100860596, 1860.13342285, 844.429992676, 1232.68591309, 881.74017334, 295.529785156, 175.795196533, 237.346160889, 189.643859863, 140.698608398, 37.4409332275, 44.5395431519, 5.80074930191, 0.0189310628921, 1.35545042212e-05, 6.78620892813e-08, 1.43981282452e-09, 2.46318770936e-10],
        "dvar2": [0.232189446688, 8.3707857132, 56.3257675171, 133.113540649, 156.755432129, 133.049911499, 76.7266921997, 264.521606445, 1016.22393799, 2132.03466797, 3254.79663086, 2514.32177734, 10617.7705078, 13676.6650391, 6591.75927734, 7992.56933594, 6837.96679688, 9316.22070312, 16773.4921875, 11137.5449219, 4260.32519531, 618.774169922, 346.730560303, 4593.81201172, 1883.7598877, 2775.19213867, 1978.04699707, 657.806335449, 346.096801758, 527.108154297, 422.817474365, 330.123596191, 82.631690979, 119.525489807, 15.1232938766, 0.0477697588503, 3.43488281942e-05, 1.72536402943e-07, 3.60699181634e-09, 4.9778436928e-10],
        "max": [4.78627729416, 20.2553844452, 44.7976951599, 61.7460975647, 114.695167542, 121.393005371, 87.2590713501, 229.727676392, 917.281677246, 595.88293457, 836.945129395, 899.389831543, 1718.28930664, 2425.38549805, 1216.00036621, 2202.10913086, 1667.67700195, 1147.18273926, 2056.86816406, 1798.27294922, 1213.4185791, 786.302185059, 214.824707031, 1262.65124512, 970.041442871, 747.383239746, 706.209106445, 648.115722656, 413.949920654, 515.481872559, 431.278167725, 403.770446777, 251.380401611, 367.371490479, 120.991661072, 6.58430862427, 0.188469216228, 0.0139615358785, 0.00204218528233, 0.000568116549402],
        "mean": [0.271311342716, 1.33050858974, 1.95461332798, 2.09655761719, 3.11555218697, 3.23851132393, 3.6057446003, 9.17240047455, 14.082075119, 15.471446991, 18.1280574799, 18.688331604, 45.6987571716, 58.0597114563, 37.9034118652, 37.89868927, 33.8303718567, 45.4554824829, 52.7297554016, 36.1955451965, 25.1048297882, 15.0537433624, 14.610622406, 33.995929718, 28.3367977142, 29.6325893402, 21.0176124573, 11.797832489, 10.9428958893, 15.5182266235, 14.8051280975, 7.36661338806, 4.42703294754, 2.31429171562, 0.854099869728, 0.0510719902813, 0.00144670251757, 0.000118475865747, 3.36021876137e-05, 3.61663369404e-05],
        "median": [0.0359939262271, 0.328808456659, 0.70522159338, 0.616433262825, 1.17205417156, 1.03560996056, 1.3802216053, 3.33182454109, 5.70875692368, 4.88805675507, 4.58983039856, 6.25131893158, 14.9300632477, 15.3252983093, 10.3987627029, 11.3824596405, 10.6826200485, 17.4985179901, 16.6868190765, 12.6955337524, 9.44295215607, 7.99733972549, 9.15488052368, 14.3180427551, 14.6127767563, 12.1261587143, 8.15541934967, 4.67158508301, 4.62009429932, 7.14943599701, 6.25999879837, 3.06030702591, 1.69698953629, 0.815838515759, 0.255276083946, 0.0146014643833, 0.000487124576466, 5.06391079398e-05, 2.38530865317e-05, 3.08717353619e-05],
        "min": [1.41600090725e-22, 2.71326166325e-21, 3.20802419663e-20, 4.32606865442e-20, 6.59682354625e-20, 2.83838445199e-19, 1.05825241807e-19, 2.09621732689e-19, 6.75445961408e-19, 6.01049078621e-19, 4.69552176643e-19, 6.84760738888e-19, 1.91360872807e-18, 4.03550773823e-18, 5.15910852329e-18, 4.17802434033e-18, 3.13545954475e-18, 4.9141468431e-18, 5.34366823438e-18, 4.53886409817e-18, 1.17552134047e-17, 1.32970226454e-17, 8.78747134658e-18, 1.26950154848e-17, 1.35304248901e-17, 1.23981155476e-17, 1.91632287309e-17, 1.805752648e-17, 1.76630936767e-17, 1.96873022429e-17, 1.68262218161e-17, 1.94725281056e-17, 1.05488523722e-17, 1.05716122467e-17, 9.46873399035e-18, 6.87106468009e-18, 3.99394108527e-18, 1.4306048369e-18, 3.69590863435e-19, 3.68033430975e-20],
        "var": [0.242296129465, 6.80053663254, 17.2657032013, 29.5525531769, 40.7608451843, 47.2930145264, 41.2014350891, 263.695556641, 642.890991211, 1150.02270508, 2968.4934082, 1959.55163574, 9771.2109375, 18095.2382812, 7803.36572266, 9676.04199219, 6495.07275391, 6982.36035156, 15950.9228516, 7246.63623047, 5019.26513672, 830.478271484, 308.22076416, 3723.53564453, 2171.7331543, 2708.90820312, 1820.96740723, 569.603820801, 396.117523193, 590.558105469, 551.806213379, 238.283081055, 65.240234375, 43.5054855347, 6.15100812912, 0.0219001173973, 1.56882633746e-05, 8.02337254413e-08, 2.03929495513e-09, 7.75149333609e-10]
    },
    "gfcc": {
        "mean": [-3.94899272919, 75.2206268311, -153.967788696, 48.7050743103, -79.4986190796, 35.4089241028, -36.0837173462, 13.4812784195, -16.1844577789, -2.23195409775, 0.00518144201487, -12.4570083618, 1.29389882088],
        "cov": [[5397.59130859, 140.74520874, 1404.48205566, 1380.87243652, 298.712585449, 640.890380859, 18.8953304291, 171.291397095, -40.6051139832, 155.887512207, 68.7833557129, -18.3025684357, -39.5084838867], [140.74520874, 907.052124023, 429.668823242, 199.741027832, 201.754211426, -20.0485992432, 74.2495346069, 22.1264324188, 49.928653717, 11.5004854202, 97.5681304932, 8.76662445068, 46.5072975159], [1404.48205566, 429.668823242, 1554.54260254, 892.652099609, 251.097015381, 298.771911621, -92.6276321411, 104.991477966, -33.6129798889, 125.179527283, -46.5385246277, 89.6260375977, 15.6803913116], [1380.87243652, 199.741027832, 892.652099609, 826.325012207, 277.103393555, 260.03137207, 19.7985630035, 54.6612510681, 28.9571819305, 76.8858795166, 0.916064083576, 34.289150238, 19.0800361633], [298.712585449, 201.754211426, 251.097015381, 277.103393555, 298.792724609, 171.208374023, 80.1392288208, 48.3718185425, 33.7456626892, 34.5945243835, 35.4682655334, 0.00410257838666, 31.8100280762], [640.890380859, -20.0485992432, 298.771911621, 260.03137207, 171.208374023, 296.389953613, 112.721809387, 40.9777069092, 1.51368105412, 40.0380325317, 22.6789207458, 8.4122838974, 10.1396865845], [18.8953304291, 74.2495346069, -92.6276321411, 19.7985630035, 80.1392288208, 112.721809387, 265.994842529, 48.7967033386, 35.3841094971, 19.8650283813, 72.7029495239, -4.27828645706, 26.8654079437], [171.291397095, 22.1264324188, 104.991477966, 54.6612510681, 48.3718185425, 40.9777069092, 48.7967033386, 130.37059021, 49.2129325867, 29.0800552368, 11.5968875885, 10.6530351639, 6.41415405273], [-40.6051139832, 49.928653717, -33.6129798889, 28.9571819305, 33.7456626892, 1.51368105412, 35.3841094971, 49.2129325867, 159.527511597, 32.8246192932, 36.4578399658, 10.467918396, 11.8698272705], [155.887512207, 11.5004854202, 125.179527283, 76.8858795166, 34.5945243835, 40.0380325317, 19.8650283813, 29.0800552368, 32.8246192932, 101.477813721, 32.1353263855, 14.1279468536, 5.50668334961], [68.7833557129, 97.5681304932, -46.5385246277, 0.916064083576, 35.4682655334, 22.6789207458, 72.7029495239, 11.5968875885, 36.4578399658, 32.1353263855, 135.550079346, 25.6705150604, 13.2712631226], [-18.3025684357, 8.76662445068, 89.6260375977, 34.289150238, 0.00410257838666, 8.4122838974, -4.27828645706, 10.6530351639, 10.467918396, 14.1279468536, 25.6705150604, 86.0609054565, 32.330581665], [-39.5084838867, 46.5072975159, 15.6803913116, 19.0800361633, 31.8100280762, 10.1396865845, 26.8654079437, 6.41415405273, 11.8698272705, 5.50668334961, 13.2712631226, 32.330581665, 80.7357940674]],
        "icov": [[0.000604781322181, -0.000587352900766, 0.000863066117745, -0.00171417335514, 0.00162029219791, -0.00180607102811, 0.00110594567377, -0.00131968467031, 0.000828372081742, -0.000523351656739, -0.000363898376236, 0.000467247708002, -1.63471759151e-05], [-0.000587352900766, 0.00386575213633, -0.00367899984121, 0.00351667124778, -0.00467207934707, 0.00544527731836, -0.00324555579573, 0.00315943057649, -0.00218438752927, 0.00276021193713, -0.00228560180403, 0.00161568762269, -0.000783321680501], [0.000863066117745, -0.00367899984121, 0.00622364832088, -0.00646604597569, 0.00535540282726, -0.00651631690562, 0.00473005697131, -0.00504849338904, 0.00369950989261, -0.0040404801257, 0.00235928432085, -0.00264017144218, 0.000797557469923], [-0.00171417335514, 0.00351667124778, -0.00646604597569, 0.0104077970609, -0.0081940498203, 0.0066727893427, -0.00488610053435, 0.00628652051091, -0.00454578036442, 0.0032021147199, -0.000438628398115, 0.000424455472967, -0.000199491259991], [0.00162029219791, -0.00467207934707, 0.00535540282726, -0.0081940498203, 0.013994066976, -0.0107584791258, 0.00517143309116, -0.00647057965398, 0.00314437109046, -0.00321154017001, 0.000183369964361, 0.00139034644235, -0.00181885703932], [-0.00180607102811, 0.00544527731836, -0.00651631690562, 0.0066727893427, -0.0107584791258, 0.0166068207473, -0.0086743440479, 0.00639997702092, -0.0031714302022, 0.00345854600891, -0.00122349185403, 0.000339709891705, 0.00049474282423], [0.00110594567377, -0.00324555579573, 0.00473005697131, -0.00488610053435, 0.00517143309116, -0.0086743440479, 0.0102463718504, -0.00599822588265, 0.00268164067529, -0.00248619052581, -0.00158936984371, 0.000814636587165, -0.00152396212798], [-0.00131968467031, 0.00315943057649, -0.00504849338904, 0.00628652051091, -0.00647057965398, 0.00639997702092, -0.00599822588265, 0.0147790005431, -0.00587644614279, 0.00155011820607, 0.000447755737696, -0.000448878563475, 0.000460912939161], [0.000828372081742, -0.00218438752927, 0.00369950989261, -0.00454578036442, 0.00314437109046, -0.0031714302022, 0.00268164067529, -0.00587644614279, 0.0103142838925, -0.003866459243, -0.000449632003438, -0.000939597317483, -4.9136535381e-05], [-0.000523351656739, 0.00276021193713, -0.0040404801257, 0.0032021147199, -0.00321154017001, 0.00345854600891, -0.00248619052581, 0.00155011820607, -0.003866459243, 0.0151663338766, -0.00443265354261, 0.00140844576526, -0.000584344321396], [-0.000363898376236, -0.00228560180403, 0.00235928432085, -0.000438628398115, 0.000183369964361, -0.00122349185403, -0.00158936984371, 0.000447755737696, -0.000449632003438, -0.00443265354261, 0.0131076900288, -0.00601310702041, 0.00198044092394], [0.000467247708002, 0.00161568762269, -0.00264017144218, 0.000424455472967, 0.00139034644235, 0.000339709891705, 0.000814636587165, -0.000448878563475, -0.000939597317483, 0.00140844576526, -0.00601310702041, 0.0187229029834, -0.00758254062384], [-1.63471759151e-05, -0.000783321680501, 0.000797557469923, -0.000199491259991, -0.00181885703932, 0.00049474282423, -0.00152396212798, 0.000460912939161, -4.9136535381e-05, -0.000584344321396, 0.00198044092394, -0.00758254062384, 0.0166044998914]]
    },
    "melbands": {
        "dmean": [0.00137478718534, 0.000927317072637, 0.000402251782361, 0.000204407944693, 9.20171005419e-05, 0.000120068703836, 0.000133158275275, 0.00011511456978, 9.58539312705e-05, 8.5896353994e-05, 0.000140846837894, 0.000131879089167, 8.08956101537e-05, 6.27223489573e-05, 5.07462682435e-05, 4.81121169287e-05, 6.05571913184e-05, 5.87364957028e-05, 4.43125463789e-05, 2.59037933574e-05, 1.76212361112e-05, 1.00754232335e-05, 6.37900666334e-06, 9.15751934372e-06, 1.78027348738e-05, 1.08472750071e-05, 1.14115009637e-05, 1.13283422252e-05, 8.53523852129e-06, 5.95729125052e-06, 3.67767233911e-06, 3.49442484548e-06, 3.93617528971e-06, 4.89188551001e-06, 4.69581118523e-06, 3.24898519466e-06, 2.27527402785e-06, 2.08230517273e-06, 1.49212530687e-06, 1.28858152948e-06],
        "dmean2": [0.00196574768052, 0.00133832904976, 0.000720492331311, 0.000357736862497, 0.000153716377099, 0.000188764504855, 0.000210006692214, 0.000177646870725, 0.000150064137415, 0.000130670756334, 0.00021605011716, 0.000201678223675, 0.000120499047625, 9.54504648689e-05, 7.68687168602e-05, 7.45009965613e-05, 9.58277087193e-05, 9.13289331947e-05, 6.90806555212e-05, 4.00576282118e-05, 2.66837432719e-05, 1.56637961481e-05, 1.0329817087e-05, 1.4723465938e-05, 2.849507473e-05, 1.68315291376e-05, 1.77857345989e-05, 1.79046255653e-05, 1.30915996124e-05, 9.15326836548e-06, 5.59723912374e-06, 5.20299636264e-06, 5.89239607507e-06, 7.27233191355e-06, 7.04210106051e-06, 4.86680983158e-06, 3.32792001245e-06, 3.03414935843e-06, 2.21921663979e-06, 1.96518135454e-06],
        "dvar": [6.97096947988e-06, 4.03397098125e-06, 1.28995952764e-06, 2.77535491477e-07, 3.95242665263e-08, 5.05474702095e-08, 9.97237208367e-08, 1.09698852668e-07, 8.98740637467e-08, 5.02878130249e-08, 1.31760529598e-07, 1.11937168867e-07, 4.36826574912e-08, 3.32319594065e-08, 2.23054907877e-08, 1.92695353007e-08, 1.82255490699e-08, 2.4376307195e-08, 1.72433267664e-08, 7.52888507094e-09, 3.01720115559e-09, 6.85735801476e-10, 1.25035717891e-10, 3.15994841404e-10, 1.88415394398e-09, 5.19523646325e-10, 8.04944444432e-10, 7.26119775418e-10, 5.15967490955e-10, 3.1094440911e-10, 9.0034972533e-11, 6.00992311472e-11, 8.54298784492e-11, 8.9147599025e-11, 7.64307644952e-11, 8.57845114388e-11, 4.67662297776e-11, 2.32701722475e-11, 1.74272905135e-11, 4.84449355631e-11],
        "dvar2": [1.30896842165e-05, 8.42976987769e-06, 3.66335416402e-06, 7.82603876814e-07, 1.06480094075e-07, 1.16453485077e-07, 2.40691178988e-07, 2.59541963032e-07, 2.04020807359e-07, 1.09379840296e-07, 2.82550189468e-07, 2.48626776056e-07, 8.86799895738e-08, 6.94579895821e-08, 4.76250718862e-08, 4.31292015435e-08, 4.13031813196e-08, 5.3127500621e-08, 4.06133864317e-08, 1.69017244644e-08, 6.19137008329e-09, 1.47559109376e-09, 3.11320608182e-10, 7.70857211396e-10, 4.68551153432e-09, 1.12704057198e-09, 1.91984539377e-09, 1.70730873883e-09, 1.16788811955e-09, 7.35747129887e-10, 2.10076830931e-10, 1.20411403071e-10, 1.82508216873e-10, 2.03823541378e-10, 1.71255551407e-10, 2.03422750866e-10, 1.11802352099e-10, 5.07360577162e-11, 4.26011240173e-11, 1.34191116552e-10],
        "max": [0.03390712291, 0.0212478227913, 0.0106022581458, 0.00800105277449, 0.00336458184756, 0.00478833308443, 0.0142934499308, 0.00795854069293, 0.00706584611908, 0.00577538693324, 0.00864514615387, 0.0108456071466, 0.00434114644304, 0.00460264785215, 0.00314650079235, 0.0032381080091, 0.00221216515638, 0.00319974753074, 0.00309037324041, 0.00274975551292, 0.00137909245677, 0.00110357766971, 0.000278852938209, 0.000397175899707, 0.00124674185645, 0.00095618685009, 0.000751660030801, 0.000623191008344, 0.000469183491077, 0.000578388629947, 0.000333597592544, 0.000202236129553, 0.000312072777888, 0.000285748712486, 0.000191814804566, 0.000326436827891, 0.000218593137106, 0.000172169719008, 0.000148793536937, 0.00041067993152],
        "mean": [0.00217909296043, 0.00129659636877, 0.000397923926357, 0.000234091698076, 0.000127586885355, 0.000205133692361, 0.000217454522499, 0.000168888393091, 0.000143453653436, 0.000122569923406, 0.000230271092732, 0.000236457024585, 0.000133064371767, 0.000106256229628, 7.85887968959e-05, 7.56504596211e-05, 8.75601836015e-05, 8.48373019835e-05, 6.72107926221e-05, 3.63238541468e-05, 2.79579689959e-05, 1.70143175637e-05, 1.09810225695e-05, 1.50315290739e-05, 2.99450675811e-05, 2.03558993235e-05, 2.04620810109e-05, 1.95431821339e-05, 1.42748212966e-05, 9.42853057495e-06, 5.88556940784e-06, 5.8814480326e-06, 6.87274496158e-06, 9.4776332844e-06, 9.36571268539e-06, 6.07983383816e-06, 3.83213136956e-06, 3.32710214934e-06, 2.37460812968e-06, 1.80828237717e-06],
        "median": [0.000429262639955, 0.000463739095721, 0.000138794624945, 8.76818739926e-05, 4.64088952867e-05, 7.74721775088e-05, 8.85995104909e-05, 4.84941447212e-05, 3.1799016142e-05, 3.6394019844e-05, 6.86284693074e-05, 5.64015754208e-05, 3.06899964926e-05, 2.67612304015e-05, 2.13444945985e-05, 2.01737675525e-05, 2.89073595923e-05, 2.38380707742e-05, 1.78115187737e-05, 1.1758724213e-05, 1.01429550341e-05, 8.26030009193e-06, 6.27455210633e-06, 8.10027722764e-06, 1.10751743705e-05, 9.68296808423e-06, 9.18088426261e-06, 6.86364410285e-06, 4.89838930662e-06, 3.17105445902e-06, 2.1897658371e-06, 2.25624944505e-06, 2.8558770282e-06, 4.18027457272e-06, 3.73503280571e-06, 2.45394426202e-06, 1.48673518652e-06, 1.16740181966e-06, 9.05107583549e-07, 5.62606203403e-07],
        "min": [1.70030192043e-24, 1.28463253179e-23, 8.05277416203e-24, 1.23901223233e-23, 6.34029439859e-24, 4.3772937109e-24, 1.07315328037e-23, 5.76971919446e-24, 3.77137122732e-24, 4.79003796386e-24, 9.66689164806e-24, 1.57581560695e-23, 1.73697910103e-23, 1.60336972951e-23, 7.67745465371e-24, 6.25322032631e-24, 9.97667969212e-24, 8.57343340353e-24, 7.38928928706e-24, 6.82165574524e-24, 1.56853852287e-23, 1.43755274495e-23, 1.18069600545e-23, 4.84979062755e-24, 1.14595693777e-23, 8.25774625762e-24, 8.63161268415e-24, 8.62721162916e-24, 1.00450581554e-23, 1.30913975799e-23, 1.00469269669e-23, 1.01594224763e-23, 8.94153325684e-24, 1.24083852421e-23, 8.39683347926e-24, 1.44360977676e-23, 9.89082480436e-24, 6.25219559599e-24, 9.34922761672e-24, 8.59215228395e-24],
        "var": [1.44655787153e-05, 5.62456307307e-06, 8.42825613745e-07, 2.25096826512e-07, 5.29979153896e-08, 1.18944385008e-07, 1.48380195242e-07, 1.59937414423e-07, 1.91418621398e-07, 8.77974315472e-08, 2.61750329855e-07, 3.15616063062e-07, 1.07049039855e-07, 7.83372229307e-08, 4.23880592848e-08, 4.02360029739e-08, 3.15759400848e-08, 4.49079102793e-08, 2.89632904327e-08, 1.18547589523e-08, 6.73334632495e-09, 1.48403511702e-09, 2.21543561274e-10, 5.326948882e-10, 3.46184703126e-09, 1.21057064373e-09, 1.48940026978e-09, 1.39910927288e-09, 9.61570378877e-10, 5.52375756246e-10, 1.50680301569e-10, 1.30244148799e-10, 1.66622535214e-10, 2.2085132334e-10, 2.23132609611e-10, 1.56974835908e-10, 7.36132127477e-11, 3.89379223309e-11, 2.47547989052e-11, 4.01983724085e-11]
    },
    "mfcc": {
        "mean": [-623.438781738, 81.4852828979, -7.81575393677, 8.59377193451, -3.75273180008, 7.54874610901, 3.36125946045, 7.35020494461, -3.09439086914, 11.8215360641, 0.0622723549604, -2.66235876083, 3.60947585106],
        "cov": [[4355.46337891, -431.537902832, 1146.21142578, 727.159057617, 579.887023926, 483.229888916, 346.792999268, 166.536087036, 11.8375797272, 305.495635986, 4.2269282341, 39.5311088562, 94.1479721069], [-431.537902832, 796.022399902, 81.5298309326, 107.394058228, 58.9075012207, -41.7031517029, 36.3746261597, 5.03479862213, -5.45691013336, -10.0946617126, 35.2037086487, 25.0743370056, 19.5689697266], [1146.21142578, 81.5298309326, 1280.16015625, 603.535339355, 483.572723389, 292.675964355, 121.516700745, 56.8765220642, 88.5260696411, -1.30444395542, 43.8178215027, 51.6296310425, 15.5048437119], [727.159057617, 107.394058228, 603.535339355, 542.369445801, 323.317810059, 199.952484131, 99.6828460693, 52.4108123779, 67.0907974243, 42.9740142822, 19.193605423, 47.9203948975, 34.2676811218], [579.887023926, 58.9075012207, 483.572723389, 323.317810059, 426.373413086, 182.024002075, 75.5577087402, 44.4127616882, 61.6728096008, 42.6418876648, 10.184006691, 22.6018791199, 24.5748825073], [483.229888916, -41.7031517029, 292.675964355, 199.952484131, 182.024002075, 289.105560303, 152.700241089, 62.2356491089, 48.7585945129, 55.2731285095, 21.7123336792, 7.51029586792, 28.818031311], [346.792999268, 36.3746261597, 121.516700745, 99.6828460693, 75.5577087402, 152.700241089, 256.516967773, 70.8117752075, 22.1981201172, 70.8164749146, 9.41560745239, 2.64168357849, 26.2402572632], [166.536087036, 5.03479862213, 56.8765220642, 52.4108123779, 44.4127616882, 62.2356491089, 70.8117752075, 132.581344604, 39.3123054504, 46.2576408386, 16.9712638855, 11.5663967133, 36.0964050293], [11.8375797272, -5.45691013336, 88.5260696411, 67.0907974243, 61.6728096008, 48.7585945129, 22.1981201172, 39.3123054504, 137.287857056, 18.6612033844, 25.9817829132, 18.1102275848, -7.70716810226], [305.495635986, -10.0946617126, -1.30444395542, 42.9740142822, 42.6418876648, 55.2731285095, 70.8164749146, 46.2576408386, 18.6612033844, 154.852798462, 26.0150642395, 21.103307724, 38.6712036133], [4.2269282341, 35.2037086487, 43.8178215027, 19.193605423, 10.184006691, 21.7123336792, 9.41560745239, 16.9712638855, 25.9817829132, 26.0150642395, 95.46534729, 31.2360591888, 11.5326185226], [39.5311088562, 25.0743370056, 51.6296310425, 47.9203948975, 22.6018791199, 7.51029586792, 2.64168357849, 11.5663967133, 18.1102275848, 21.103307724, 31.2360591888, 94.6242675781, 34.6223335266], [94.1479721069, 19.5689697266, 15.5048437119, 34.2676811218, 24.5748825073, 28.818031311, 26.2402572632, 36.0964050293, -7.70716810226, 38.6712036133, 11.5326185226, 34.6223335266, 99.8118515015]],
