{
"lowlevel": {
    "average_loudness": 0.922132909298,
    "barkbands_crest": {
        "dmean": 2.11853051186,
        "dmean2": 3.42018795013,
        "dvar": 3.773832798,
        "dvar2": 9.44349861145,
        "max": 25.1319103241,
        "mean": 9.1480588913,
        "median": 8.3659286499,
        "min": 2.33390307426,
        "var": 14.6098442078
    },
    "barkbands_flatness_db": {
        "dmean": 0.0162755399942,
        "dmean2": 0.0242606028914,
        "dvar": 0.000233083788771,
        "dvar2": 0.000486637087306,
        "max": 0.312136113644,
        "mean": 0.124970383942,
        "median": 0.117869101465,
        "min": 0.0299355424941,
        "var": 0.00239341729321
    },
    "barkbands_kurtosis": {
        "dmean": 1.18099713326,
        "dmean2": 1.83925127983,
        "dvar": 3.72614836693,
        "dvar2": 8.00769042969,
        "max": 50.7394294739,
        "mean": 1.21037769318,
        "median": 0.0706323385239,
        "min": -1.95711278915,
        "var": 12.5821962357
    },
    "barkbands_skewness": {
        "dmean": 0.358373433352,
        "dmean2": 0.548231005669,
        "dvar": 0.135621696711,
        "dvar2": 0.291791349649,
        "max": 6.57572460175,
        "mean": 0.898840487003,
        "median": 0.794187128544,
        "min": -3.76167726517,
        "var": 0.827984631062
    },
    "barkbands_spread": {
        "dmean": 5.24615240097,
        "dmean2": 7.72412252426,
        "dvar": 39.8970336914,
        "dvar2": 75.9591751099,
        "max": 115.520332336,
        "mean": 28.1229038239,
        "median": 26.8279972076,
        "min": 2.07383108139,
        "var": 228.977035522
    },
    "dissonance": {
        "dmean": 0.017141032964,
        "dmean2": 0.0290361605585,
        "dvar": 0.000322420644807,
        "dvar2": 0.000886706577148,
        "max": 0.500000119209,
        "mean": 0.467644900084,
        "median": 0.474594652653,
        "min": 0.237687677145,
        "var": 0.000713939429261
    },
    "dynamic_complexity": 3.16584062576,
    "erbbands_crest": {
        "dmean": 2.56910800934,
        "dmean2": 4.10393190384,
        "dvar": 5.83664274216,
        "dvar2": 13.859161377,
        "max": 31.5616359711,
        "mean": 9.26356601715,
        "median": 8.26974964142,
        "min": 2.3818693161,
        "var": 20.3318557739
    },
    "erbbands_flatness_db": {
        "dmean": 0.0153145315126,
        "dmean2": 0.0223981030285,
        "dvar": 0.000203330608201,
        "dvar2": 0.000422089942731,
        "max": 0.356513023376,
        "mean": 0.170592084527,
        "median": 0.16187402606,
        "min": 0.064838513732,
        "var": 0.0029897512868
    },
    "erbbands_kurtosis": {
        "dmean": 0.854483425617,
        "dmean2": 1.36530566216,
        "dvar": 1.98912930489,
        "dvar2": 5.06286096573,
        "max": 45.7958526611,
        "mean": 0.629329144955,
        "median": -0.101273536682,
        "min": -1.78879892826,
        "var": 5.605884552
    },
    "erbbands_skewness": {
        "dmean": 0.326564103365,
        "dmean2": 0.496826887131,
        "dvar": 0.0951867923141,
        "dvar2": 0.208627834916,
        "max": 4.44097518921,
        "mean": 0.193702831864,
        "median": 0.152331084013,
        "min": -4.79563045502,
        "var": 0.734683394432
    },
    "erbbands_spread": {
        "dmean": 6.12776422501,
        "dmean2": 9.36102104187,
        "dvar": 49.5565299988,
        "dvar2": 112.134529114,
        "max": 131.852828979,
        "mean": 33.3755531311,
        "median": 31.0906429291,
        "min": 2.5439851284,
        "var": 271.109313965
    },
    "hfc": {
        "dmean": 5.18158960342,
        "dmean2": 7.19731426239,
        "dvar": 47.3110809326,
        "dvar2": 86.1483612061,
        "max": 113.288085938,
        "mean": 21.2213497162,
        "median": 16.4484863281,
        "min": 1.12713350802e-16,
        "var": 319.257537842
    },
    "melbands_crest": {
        "dmean": 2.62074136734,
        "dmean2": 4.23097467422,
        "dvar": 6.09396028519,
        "dvar2": 15.1613035202,
        "max": 32.1050987244,
        "mean": 13.1661300659,
        "median": 12.34349823,
        "min": 3.2033162117,
        "var": 23.9510917664
    },
    "melbands_flatness_db": {
        "dmean": 0.0191347245127,
        "dmean2": 0.0284930448979,
        "dvar": 0.000369333050912,
        "dvar2": 0.000758062291425,
        "max": 0.389973193407,
        "mean": 0.168643444777,
        "median": 0.165041923523,
        "min": 0.00645768735558,
        "var": 0.0029057150241
    },
    "melbands_kurtosis": {
        "dmean": 2.96868419647,
        "dmean2": 4.68969154358,
        "dvar": 24.3277759552,
        "dvar2": 54.0095176697,
        "max": 121.09362793,
        "mean": 6.11133337021,
        "median": 3.32977890968,
        "min": -1.77911829948,
        "var": 82.2397994995
    },
    "melbands_skewness": {
        "dmean": 0.475231289864,
        "dmean2": 0.736656367779,
        "dvar": 0.250789910555,
        "dvar2": 0.577121973038,
        "max": 9.37120246887,
        "mean": 1.86526608467,
        "median": 1.65937149525,
        "min": -1.35118377209,
        "var": 1.42901134491
    },
    "melbands_spread": {
        "dmean": 7.39271974564,
        "dmean2": 11.1036348343,
        "dvar": 94.1712417603,
        "dvar2": 185.984405518,
        "max": 204.234634399,
        "mean": 33.9581680298,
        "median": 30.116733551,
        "min": 2.19354271889,
        "var": 469.582855225
    },
    "pitch_salience": {
        "dmean": 0.0581129863858,
        "dmean2": 0.0934037417173,
        "dvar": 0.00280435686,
        "dvar2": 0.00696275290102,
        "max": 0.911385118961,
        "mean": 0.5391664505,
        "median": 0.532265007496,
        "min": 0.126213744283,
        "var": 0.0128054395318
    },
    "silence_rate_20dB": {
        "dmean": 0,
        "dmean2": 0,
        "dvar": 0,
        "dvar2": 0,
        "max": 1,
        "mean": 1,
        "median": 1,
        "min": 1,
        "var": 0
    },
    "silence_rate_30dB": {
        "dmean": 0,
        "dmean2": 0,
        "dvar": 0,
        "dvar2": 0,
        "max": 1,
        "mean": 1,
        "median": 1,
        "min": 1,
        "var": 0
    },
    "silence_rate_60dB": {
        "dmean": 0.0195675808936,
        "dmean2": 0.0391398891807,
        "dvar": 0.0191834215075,
        "dvar2": 0.044851064682,
        "max": 1,
        "mean": 0.0724637657404,
        "median": 0,
        "min": 0,
        "var": 0.0672110617161
    },
    "spectral_centroid": {
        "dmean": 250.191085815,
        "dmean2": 371.778747559,
        "dvar": 78330.859375,
        "dvar2": 144433.375,
        "max": 10852.7177734,
        "mean": 1810.29064941,
        "median": 1774.65112305,
        "min": 333.53616333,
        "var": 470179.0625
    },
    "spectral_complexity": {
        "dmean": 3.22551035881,
        "dmean2": 5.02585172653,
        "dvar": 14.1995210648,
        "dvar2": 29.393535614,
        "max": 53,
        "mean": 19.2027778625,
        "median": 18,
        "min": 0,
        "var": 98.9432601929
    },
    "spectral_decrease": {
        "dmean": 9.92143589507e-10,
        "dmean2": 1.56166068965e-09,
        "dvar": 1.46484690894e-18,
        "dvar2": 3.4728197809e-18,
        "max": -1.65701445274e-29,
        "mean": -4.44177983283e-09,
        "median": -4.15572909418e-09,
        "min": -2.27570549072e-08,
        "var": 8.06287271051e-18
    },
    "spectral_energy": {
        "dmean": 0.00407936517149,
        "dmean2": 0.00635066907853,
        "dvar": 2.44782604568e-05,
        "dvar2": 5.65221525903e-05,
        "max": 0.0935886204243,
        "mean": 0.0186891723424,
        "median": 0.0174148716033,
        "min": 1.0285975569e-20,
        "var": 0.00014373837621
    },
    "spectral_energyband_high": {
        "dmean": 0.000334856886184,
        "dmean2": 0.000452562584542,
        "dvar": 3.64506433925e-07,
        "dvar2": 6.81462211105e-07,
        "max": 0.011592795141,
        "mean": 0.000864129164256,
        "median": 0.000462808529846,
        "min": 7.61236707833e-21,
        "var": 1.32265267894e-06
    },
    "spectral_energyband_low": {
        "dmean": 0.00169009913225,
        "dmean2": 0.00279795774259,
        "dvar": 7.34612149245e-06,
        "dvar2": 2.02120245376e-05,
        "max": 0.0316918715835,
        "mean": 0.00521083828062,
        "median": 0.00496385153383,
        "min": 3.47350224045e-23,
        "var": 1.9347136913e-05
    },
    "spectral_energyband_middle_high": {
        "dmean": 0.00197358010337,
        "dmean2": 0.0029074922204,
        "dvar": 8.12719736132e-06,
        "dvar2": 1.72940526681e-05,
        "max": 0.0528777875006,
        "mean": 0.00683233886957,
        "median": 0.0041577112861,
        "min": 1.44922386632e-21,
        "var": 5.01853828609e-05
    },
    "spectral_energyband_middle_low": {
        "dmean": 0.00225931196474,
        "dmean2": 0.00352856190875,
        "dvar": 1.05821090983e-05,
        "dvar2": 2.4538487196e-05,
        "max": 0.0671233460307,
        "mean": 0.00626992620528,
        "median": 0.00447162240744,
        "min": 3.82402608347e-22,
        "var": 3.59471378033e-05
    },
    "spectral_entropy": {
        "dmean": 0.126663312316,
        "dmean2": 0.179392516613,
        "dvar": 0.0171084627509,
        "dvar2": 0.0316657200456,
        "max": 9.78213214874,
        "mean": 7.63891649246,
        "median": 7.64336109161,
        "min": 5.97412109375,
        "var": 0.1412897259
    },
    "spectral_flux": {
        "dmean": 0.0171517152339,
        "dmean2": 0.027564112097,
        "dvar": 0.000333643518388,
        "dvar2": 0.000801543530542,
        "max": 0.239548131824,
        "mean": 0.0693289712071,
        "median": 0.0638254210353,
        "min": 6.06009535886e-08,
        "var": 0.00126649078447
    },
    "spectral_kurtosis": {
        "dmean": 1.29627943039,
        "dmean2": 2.20605993271,
        "dvar": 2.22655153275,
        "dvar2": 6.51118326187,
        "max": 23.3170642853,
        "mean": 4.20159244537,
        "median": 3.61545419693,
        "min": -1.46224677563,
        "var": 6.53078222275
    },
    "spectral_rms": {
        "dmean": 0.00045485974988,
        "dmean2": 0.000702750578057,
        "dvar": 2.43842777081e-07,
        "dvar2": 5.36848233423e-07,
        "max": 0.00955541618168,
        "mean": 0.004005279392,
        "median": 0.00412190705538,
        "min": 3.16782234125e-12,
        "var": 2.19106436816e-06
    },
    "spectral_rolloff": {
        "dmean": 514.938659668,
        "dmean2": 824.729003906,
        "dvar": 694525.625,
        "dvar2": 1405694.5,
        "max": 18303.2226562,
        "mean": 2066.97827148,
        "median": 1636.5234375,
        "min": 64.599609375,
        "var": 2194600.25
    },
    "spectral_skewness": {
        "dmean": 0.176239609718,
        "dmean2": 0.287038683891,
        "dvar": 0.0312397666276,
        "dvar2": 0.0773954167962,
        "max": 3.46544575691,
        "mean": 1.41016638279,
        "median": 1.33032059669,
        "min": -0.133464679122,
        "var": 0.168387398124
    },
    "spectral_spread": {
        "dmean": 413179.125,
        "dmean2": 593362.5625,
        "dvar": 467969376256,
        "dvar2": 709101158400,
        "max": 40662024,
        "mean": 4239964.5,
        "median": 4054928.5,
        "min": 1880969,
        "var": 2.01571198566e+12
    },
    "spectral_strongpeak": {
        "dmean": 0.654738843441,
        "dmean2": 1.1114256382,
        "dvar": 1.51955938339,
        "dvar2": 3.75659155846,
        "max": 20.6432437897,
        "mean": 1.20505690575,
        "median": 0.412108957767,
        "min": 0,
        "var": 3.10851383209
    },
    "zerocrossingrate": {
        "dmean": 0.00967786554247,
        "dmean2": 0.0107954517007,
        "dvar": 0.000171012696228,
        "dvar2": 0.000190331280464,
        "max": 0.70849609375,
        "mean": 0.0723494812846,
        "median": 0.06591796875,
        "min": 0.005859375,
        "var": 0.00127543415874
    },
    "barkbands": {
        "dmean": [2.39406053879e-05, 0.000984391197562, 0.0008621942834, 0.000429205218097, 0.000593234843109, 0.000563280947972, 0.000425711594289, 0.000560913234949, 0.000871430616826, 0.000733354361728, 0.000315972720273, 0.000529777316842, 0.000442776741693, 0.000368323584553, 0.000242184381932, 0.000256738392636, 0.000229043784202, 0.000220877263928, 0.000276603241218, 0.000298523082165, 7.49507235014e-05, 6.31082148175e-05, 7.29218663764e-05, 6.00947678322e-05, 3.35956028721e-05, 1.45126314237e-05, 7.5288573953e-07],
        "dmean2": [4.08665109717e-05, 0.00157779105939, 0.00148618908133, 0.000761957780924, 0.000955496274401, 0.000896515964996, 0.000666809559334, 0.000874372199178, 0.00137158879079, 0.00115084333811, 0.000494796782732, 0.00081678602146, 0.000683539663441, 0.000588577182498, 0.000384906685213, 0.000408038758906, 0.000366503634723, 0.000341792649124, 0.00041682520532, 0.000445365527412, 0.000112663532491, 9.10488961381e-05, 0.000103176433186, 8.78024438862e-05, 4.7581110266e-05, 2.15682121052e-05, 1.06631421204e-06],
        "dvar": [1.86301751803e-09, 1.97191138795e-06, 3.08195058096e-06, 9.2774996574e-07, 1.20768299894e-06, 8.46067734983e-07, 7.72202611188e-07, 2.3468485324e-06, 4.68476673632e-06, 3.03322781292e-06, 6.95857295341e-07, 1.50460073201e-06, 1.62656260727e-06, 8.81427069999e-07, 3.72538210058e-07, 3.59509897407e-07, 2.60496761939e-07, 1.89024063957e-07, 3.60596430937e-07, 3.37025710451e-07, 2.89685395671e-08, 2.10529833566e-08, 3.20238129348e-08, 2.12549036149e-08, 1.25663657258e-08, 1.63669555686e-09, 3.69037135919e-12],
        "dvar2": [5.11290476624e-09, 5.12730866831e-06, 8.78444279806e-06, 2.67459017778e-06, 3.0722410429e-06, 2.09460995393e-06, 1.79350899998e-06, 5.19919785802e-06, 1.07026035039e-05, 6.96402776157e-06, 1.55810084834e-06, 3.31892920258e-06, 3.76615548703e-06, 2.06007007364e-06, 8.41226835746e-07, 8.54817585605e-07, 6.19908917088e-07, 4.19618686465e-07, 7.72349665112e-07, 7.07853018866e-07, 6.11153794239e-08, 4.19556904774e-08, 6.47407958354e-08, 4.79859210145e-08, 2.45243949593e-08, 3.77140585428e-09, 7.84049648123e-12],
        "max": [0.000637496006675, 0.0162070933729, 0.0221167113632, 0.0245231464505, 0.0191193725914, 0.0163722895086, 0.0178997460753, 0.0437973998487, 0.0560434572399, 0.0399819500744, 0.0235616657883, 0.0358751602471, 0.030992815271, 0.0180263444781, 0.0144239971414, 0.0142211057246, 0.0118623357266, 0.00908930506557, 0.0252198949456, 0.0102528017014, 0.00575256347656, 0.00424824235961, 0.00587938772514, 0.00343639077619, 0.00366254709661, 0.000907858717255, 3.5812608985e-05],
        "mean": [4.9598460464e-05, 0.00317755085416, 0.00166444806382, 0.000530033954419, 0.000946232757997, 0.00111107632983, 0.000733778229915, 0.000956091738772, 0.00163975730538, 0.00129143917002, 0.000578375940677, 0.00100693525746, 0.000712207809556, 0.000614585762378, 0.000381001067581, 0.000491493323352, 0.000486793374876, 0.000441518233856, 0.000595105637331, 0.000625203014351, 0.000162424301379, 0.000135279231472, 0.00015875925601, 0.000114076094178, 6.20258797426e-05, 2.2394107873e-05, 9.8328371223e-07],
        "median": [9.76831870503e-06, 0.00288652675226, 0.000700571050402, 0.000185130687896, 0.000539806671441, 0.000568054849282, 0.000323078653309, 0.000334600772476, 0.000409029249568, 0.00039609457599, 0.000149430532474, 0.000310010364046, 0.000218804911128, 0.000205166390515, 0.000142486096593, 0.000176258632564, 0.000157199683599, 0.000182726202183, 0.000235276762396, 0.000243545800913, 7.98750115791e-05, 5.42031848454e-05, 6.80374505464e-05, 4.42615637439e-05, 2.00701433641e-05, 6.83778216626e-06, 4.93752452257e-08],
        "min": [4.05947742941e-24, 2.46641464094e-23, 6.11210297112e-24, 3.71921687187e-24, 2.3749858198e-23, 4.23413896466e-23, 4.50614640893e-23, 6.28143559319e-23, 1.98345581941e-22, 2.31159942611e-23, 5.13560850192e-23, 7.83342349872e-23, 1.63904520664e-22, 9.47138840769e-23, 7.06980677356e-23, 1.80078756685e-22, 2.09560899472e-22, 2.64996755367e-22, 1.78584401695e-22, 2.90422133618e-22, 2.81086589582e-22, 6.07287591598e-22, 5.90580704072e-22, 8.84055742015e-22, 1.15423744661e-21, 1.85346032698e-21, 2.27561688014e-21],
        "var": [6.19488682574e-09, 8.30195949675e-06, 5.77064247409e-06, 9.28450901938e-07, 1.7543584363e-06, 2.40313352151e-06, 1.66560153048e-06, 5.07369077241e-06, 1.43154911711e-05, 8.52313678479e-06, 2.06479467124e-06, 5.63717003388e-06, 3.00246006191e-06, 2.00375393433e-06, 6.40341625058e-07, 1.13254043299e-06, 1.03748027414e-06, 4.96095424296e-07, 1.48155334045e-06, 9.90102421383e-07, 7.44272412589e-08, 6.24811633543e-08, 8.14121747794e-08, 5.1087329922e-08, 3.12929806512e-08, 2.56496157647e-09, 6.08613550182e-12]
    },
    "erbbands": {
        "dmean": [0.0205499473959, 0.254777491093, 0.871382772923, 1.25383448601, 1.79357647896, 1.70556020737, 3.29231262207, 5.33764696121, 6.59823846817, 6.92776870728, 12.6390628815, 17.834482193, 22.6017971039, 16.4519062042, 13.5288972855, 18.9734802246, 18.5474720001, 15.5901374817, 14.4425125122, 11.5854148865, 13.5776548386, 12.9777030945, 10.1557979584, 13.0196218491, 13.7477588654, 12.6048460007, 4.72401237488, 2.27943396568, 2.3464987278, 2.19600391388, 2.00546073914, 1.75909423828, 0.736071288586, 0.476202964783, 0.191819280386, 0.0804155692458, 0.0231173448265, 0.00210534059443, 0.000166006095242, 9.19689682632e-06],
        "dmean2": [0.0334809869528, 0.409956037998, 1.49174296856, 2.16578555107, 3.08769083023, 2.78493237495, 5.2588186264, 8.42574596405, 10.4244947433, 10.8986930847, 19.595451355, 28.1841335297, 35.3213844299, 25.4722995758, 20.8108539581, 28.8907623291, 28.425031662, 24.3552513123, 22.943944931, 18.071893692, 21.4876422882, 20.2498817444, 15.5083150864, 19.8220481873, 20.2149925232, 18.7447681427, 7.04560661316, 3.42154717445, 3.39346981049, 3.17178225517, 2.85205936432, 2.62177538872, 1.05157196522, 0.680468320847, 0.272006034851, 0.117878429592, 0.0346449911594, 0.00302053312771, 0.000231877565966, 1.30991602418e-05],
        "dvar": [0.00107930309605, 0.133526965976, 2.77910637856, 7.99281311035, 15.7280483246, 9.74545383453, 25.1732273102, 92.501953125, 163.160263062, 380.226531982, 1185.38537598, 2466.46264648, 3260.51000977, 1356.1151123, 960.620910645, 2044.57128906, 2561.65820312, 2149.19482422, 1269.43481445, 858.519287109, 1188.28112793, 848.303710938, 355.98449707, 900.883117676, 667.954711914, 615.650146484, 133.224868774, 20.3658065796, 27.0196819305, 30.7386875153, 26.9287986755, 18.0175323486, 4.11829519272, 2.2171728611, 0.559718430042, 0.0525572299957, 0.00505995424464, 2.76386799669e-05, 1.76416776299e-07, 2.41357878128e-10],
        "dvar2": [0.00281424284913, 0.348837614059, 7.86985349655, 22.0153007507, 43.1153182983, 24.6104793549, 63.1312141418, 223.600982666, 401.009033203, 821.68536377, 2657.08056641, 5441.36035156, 7582.79443359, 3129.87084961, 1982.17370605, 4315.32910156, 6180.76123047, 4982.77978516, 3054.58789062, 1984.5814209, 2825.7097168, 1975.05493164, 776.385314941, 2020.78869629, 1346.8067627, 1319.38989258, 269.750671387, 47.4752044678, 54.6304893494, 62.2132797241, 55.2646789551, 41.8902244568, 8.8519821167, 4.49282360077, 1.11969721317, 0.11102847755, 0.0120467143133, 6.21257931925e-05, 3.65014528825e-07, 4.9020870696e-10],
        "max": [0.353711426258, 4.16881608963, 21.8846492767, 56.8385734558, 73.7363967896, 50.3235740662, 90.6534118652, 175.401367188, 286.787109375, 627.770446777, 1015.85003662, 1792.31665039, 1736.75354004, 860.199645996, 1102.42077637, 1393.4786377, 1410.20837402, 1268.66760254, 870.506591797, 834.092773438, 957.10369873, 800.630371094, 488.07913208, 1161.00158691, 811.606201172, 439.731109619, 352.60446167, 148.874237061, 174.456359863, 170.284439087, 162.535125732, 110.550460815, 57.2238273621, 50.6172065735, 30.4095001221, 7.3759303093, 1.03247094154, 0.0745986327529, 0.00775183131918, 0.000257940235315],
        "mean": [0.0706338956952, 0.784532904625, 2.03099226952, 1.87896871567, 2.19894886017, 2.68030047417, 6.11505651474, 10.5263986588, 12.3719053268, 12.7077131271, 24.2617435455, 33.9813919067, 43.3329734802, 31.1444282532, 26.6641712189, 39.332649231, 34.6466178894, 27.5058250427, 25.2199268341, 22.6480007172, 27.9583892822, 29.0997657776, 23.6900501251, 28.4783630371, 33.5476341248, 27.3189964294, 10.388630867, 5.11691379547, 4.85064792633, 4.78309202194, 4.28338527679, 3.29854106903, 1.4083827734, 0.871549963951, 0.339992016554, 0.13503549993, 0.032371878624, 0.00298824743368, 0.000233450366068, 3.10679970426e-05],
        "median": [0.0419978573918, 0.639098584652, 1.13585746288, 0.922692298889, 0.900130331516, 1.4458874464, 3.59543395042, 4.88729095459, 6.46056652069, 5.19081068039, 8.37498283386, 9.13208389282, 14.0625247955, 12.4895191193, 10.5705871582, 12.5024871826, 12.0506649017, 9.59264945984, 10.1890201569, 9.62586212158, 9.65508556366, 10.0426244736, 10.4788732529, 12.1751623154, 13.7186946869, 10.8918247223, 5.12824344635, 2.48634433746, 2.01446843147, 1.88909316063, 1.86001849174, 1.24468755722, 0.537638306618, 0.281142890453, 0.0992720872164, 0.0447432622313, 0.00818313658237, 0.00056735961698, 3.52438073605e-05, 2.58899090113e-05],
        "min": [1.15712248133e-21, 3.17083895458e-21, 6.96302383513e-21, 1.54600702721e-20, 7.91746715427e-20, 5.14893694179e-20, 1.20098572856e-19, 4.43906630823e-19, 4.98434790393e-19, 9.68962264677e-19, 1.67519387223e-18, 4.75459735142e-18, 2.18755915962e-18, 1.13437688049e-18, 2.36015060123e-18, 4.20037558766e-18, 7.17633527156e-18, 5.14232420148e-18, 3.54624901747e-18, 6.27148115872e-18, 1.18797346926e-17, 1.03036727299e-17, 1.17605354847e-17, 1.24567072319e-17, 1.0904597111e-17, 1.30728939225e-17, 9.61003050105e-18, 1.64378671359e-17, 1.83143362817e-17, 2.09052065809e-17, 1.6603475312e-17, 1.64750191259e-17, 1.66588715976e-17, 1.48544631181e-17, 6.42742621088e-18, 5.36724991288e-18, 3.56629656679e-18, 1.62007148679e-18, 3.20737628156e-19, 3.0462813063e-20],
        "var": [0.00543320737779, 0.556625366211, 7.0620059967, 9.59381580353, 15.8262252808, 14.3276252747, 59.8899803162, 260.213592529, 365.268280029, 1060.16223145, 3086.69262695, 7220.11328125, 9672.35546875, 3314.83911133, 2963.71044922, 8694.92578125, 5721.43164062, 4623.79052734, 2560.64379883, 2080.09204102, 4215.64550781, 3650.28515625, 1229.85473633, 2651.26977539, 3075.50927734, 1798.64831543, 365.050598145, 53.5438957214, 76.7833328247, 87.03515625, 62.5578308105, 38.0666770935, 10.6091566086, 5.48797941208, 1.21910834312, 0.106437519193, 0.00634234165773, 4.16172551923e-05, 2.91621034876e-07, 6.76851297232e-10]
    },
    "gfcc": {
        "mean": [-9.25689506531, 80.4533233643, -139.531021118, 30.1392612457, -63.2663497925, 16.5160770416, -31.741727829, 17.3804187775, -22.7011909485, 4.01880788803, -8.58834934235, 0.494077384472, -10.2660274506],
        "cov": [[6267.31982422, -439.532714844, 1243.34191895, 1368.11303711, 483.769104004, 464.209899902, -101.771560669, 220.130630493, -200.194610596, 124.180343628, 66.3536605835, 63.3324508667, -151.991928101], [-439.532714844, 1093.68762207, 108.650650024, 87.5923919678, 219.245025635, -38.0487251282, 110.452095032, -18.3465976715, 40.3651351929, -34.6479187012, 133.209884644, -42.9759635925, 44.699420929], [1243.34191895, 108.650650024, 1246.8079834, 728.488647461, 198.160339355, 317.655548096, -30.626531601, 63.686706543, -3.36554646492, 95.3493423462, 42.3239860535, 106.708572388, -33.3928642273], [1368.11303711, 87.5923919678, 728.488647461, 831.686889648, 286.496002197, 161.513275146, -33.6683540344, 63.6182289124, 0.137389719486, 75.8148651123, 61.6496887207, 53.6502037048, 17.0580558777], [483.769104004, 219.245025635, 198.160339355, 286.496002197, 304.770080566, 79.3899841309, 50.1022415161, 78.5732650757, -5.13438796997, 35.0778961182, 68.7378997803, 6.41180086136, 22.8410568237], [464.209899902, -38.0487251282, 317.655548096, 161.513275146, 79.3899841309, 281.028167725, 101.227508545, 62.3415031433, -16.7066631317, 42.3646812439, 40.4194641113, 28.7543373108, -23.5656223297], [-101.771560669, 110.452095032, -30.626531601, -33.6683540344, 50.1022415161, 101.227508545, 224.719329834, 43.8037147522, 3.44617128372, 6.50586605072, 41.9873886108, -8.32489109039, -18.5938777924], [220.130630493, -18.3465976715, 63.686706543, 63.6182289124, 78.5732650757, 62.3415031433, 43.8037147522, 209.928604126, 50.6189460754, 24.8613796234, 31.304889679, 7.08333921432, 32.6272850037], [-200.194610596, 40.3651351929, -3.36554646492, 0.137389719486, -5.13438796997, -16.7066631317, 3.44617128372, 50.6189460754, 139.87689209, 27.5899677277, -13.1675481796, 10.8210678101, 22.1963615417], [124.180343628, -34.6479187012, 95.3493423462, 75.8148651123, 35.0778961182, 42.3646812439, 6.50586605072, 24.8613796234, 27.5899677277, 104.437965393, 45.1895713806, 31.3095855713, 10.3670301437], [66.3536605835, 133.209884644, 42.3239860535, 61.6496887207, 68.7378997803, 40.4194641113, 41.9873886108, 31.304889679, -13.1675481796, 45.1895713806, 134.21572876, 34.4658546448, 21.0546092987], [63.3324508667, -42.9759635925, 106.708572388, 53.6502037048, 6.41180086136, 28.7543373108, -8.32489109039, 7.08333921432, 10.8210678101, 31.3095855713, 34.4658546448, 100.921089172, 32.4534072876], [-151.991928101, 44.699420929, -33.3928642273, 17.0580558777, 22.8410568237, -23.5656223297, -18.5938777924, 32.6272850037, 22.1963615417, 10.3670301437, 21.0546092987, 32.4534072876, 103.06073761]],
        "icov": [[0.000341584091075, 6.85497434461e-05, 0.000128482977743, -0.000565593596548, -7.28569211788e-05, -0.000271277211141, 0.000292022537906, -0.000402887002565, 0.000509965990204, -7.92440914665e-05, 0.000119770658785, -0.000173090753378, 0.000671800749842], [6.85497434461e-05, 0.00207115383819, -0.00107253587339, 0.000722612894606, -0.00166285817977, 0.00119124283083, -0.000996458460577, 0.0013516448671, -0.00152763829101, 0.00197163154371, -0.00274810194969, 0.0020495231729, -0.00118437199853], [0.000128482977743, -0.00107253587339, 0.00313669024035, -0.00249550142325, 0.00119177857414, -0.00272108591162, 0.001522726845, -0.000994465313852, 0.000903704494704, -0.00120766903274, 0.00197827629745, -0.00272761052474, 0.00216887169518], [-0.000565593596548, 0.000722612894606, -0.00249550142325, 0.00483621610329, -0.00285389623605, 0.00133909739088, -0.000338798883604, 0.00152403966058, -0.00157720921561, 0.00053973402828, -0.00145928747952, 0.0016322293086, -0.00229195365682], [-7.28569211788e-05, -0.00166285817977, 0.00119177857414, -0.00285389623605, 0.00751806795597, -0.000972895883024, -0.000354536634404, -0.00233309250325, 0.00181644991972, -0.00164452125318, 0.000535679282621, -0.000349453883246, 3.30812363245e-05], [-0.000271277211141, 0.00119124283083, -0.00272108591162, 0.00133909739088, -0.000972895883024, 0.00840258132666, -0.00412391219288, -0.000213020015508, 0.000248290481977, -0.0001508591522, -0.00157077691983, 0.000924661173485, -0.0005682646879], [0.000292022537906, -0.000996458460577, 0.001522726845, -0.000338798883604, -0.000354536634404, -0.00412391219288, 0.00767397461459, -0.00137082545552, 0.000184475065907, -0.000118377742183, -0.000277667917544, -0.000855960417539, 0.00266485498287], [-0.000402887002565, 0.0013516448671, -0.000994465313852, 0.00152403966058, -0.00233309250325, -0.000213020015508, -0.00137082545552, 0.0080783283338, -0.00421599857509, 0.0016529817367, -0.00281156064011, 0.00265973317437, -0.0036127124913], [0.000509965990204, -0.00152763829101, 0.000903704494704, -0.00157720921561, 0.00181644991972, 0.000248290481977, 0.000184475065907, -0.00421599857509, 0.0114856958389, -0.0049987193197, 0.00497418874875, -0.00260733417235, 0.000824691785965], [-7.92440914665e-05, 0.00197163154371, -0.00120766903274, 0.00053973402828, -0.00164452125318, -0.0001508591522, -0.000118377742183, 0.0016529817367, -0.0049987193197, 0.0155872888863, -0.00691379187629, 0.000225126190344, -0.000817138818093], [0.000119770658785, -0.00274810194969, 0.00197827629745, -0.00145928747952, 0.000535679282621, -0.00157077691983, -0.000277667917544, -0.00281156064011, 0.00497418874875, -0.00691379187629, 0.0152837829664, -0.00589365419, 0.000970846798737], [-0.000173090753378, 0.0020495231729, -0.00272761052474, 0.0016322293086, -0.000349453883246, 0.000924661173485, -0.000855960417539, 0.00265973317437, -0.00260733417235, 0.000225126190344, -0.00589365419, 0.016730632633, -0.00653117476031], [0.000671800749842, -0.00118437199853, 0.00216887169518, -0.00229195365682, 3.30812363245e-05, -0.0005682646879, 0.00266485498287, -0.0036127124913, 0.000824691785965, -0.000817138818093, 0.000970846798737, -0.00653117476031, 0.0155396740884]]
    },
    "melbands": {
        "dmean": [0.000229889905313, 0.000399078446208, 0.000222003756789, 0.000125266873511, 0.00010692304204, 0.000116934614198, 9.43961786106e-05, 8.8910026534e-05, 0.000110539120215, 0.000115964736324, 0.000116864663141, 7.49621685827e-05, 4.53359607491e-05, 5.63414068893e-05, 6.15775788901e-05, 3.34386386385e-05, 3.09808710881e-05, 2.74129452009e-05, 1.79624748853e-05, 1.5653356968e-05, 1.74568449438e-05, 1.41013470056e-05, 1.14252006824e-05, 1.19046917462e-05, 1.1635899682e-05, 1.10631990538e-05, 1.32442537506e-05, 8.09554421721e-06, 3.94246262658e-06, 1.76767298399e-06, 1.3251889186e-06, 1.4345382624e-06, 1.26121562971e-06, 1.35806203616e-06, 1.21430866784e-06, 1.41292264288e-06, 9.24049686546e-07, 5.33499246558e-07, 4.80841890749e-07, 4.0934031631e-07],
        "dmean2": [0.000369524088455, 0.000671700283419, 0.000383583043003, 0.000209409015952, 0.000169796097907, 0.000184570919373, 0.000148597799125, 0.000139231109642, 0.00017193693202, 0.000182266085176, 0.000182806732482, 0.000116662595246, 6.99221927789e-05, 8.5167492216e-05, 9.43602208281e-05, 5.14162311447e-05, 4.88541372761e-05, 4.40787480329e-05, 2.78307288681e-05, 2.47108055191e-05, 2.81052980426e-05, 2.22813105211e-05, 1.7941923943e-05, 1.82937310456e-05, 1.79738017323e-05, 1.67439902725e-05, 1.97180761461e-05, 1.23664231069e-05, 6.00557359576e-06, 2.71513135885e-06, 2.03280751521e-06, 2.11985889109e-06, 1.85386829799e-06, 2.00371323444e-06, 1.77947993052e-06, 2.11255905924e-06, 1.40118061154e-06, 7.83991254139e-07, 7.02121894847e-07, 5.92400908772e-07],
        "dvar": [1.13365899779e-07, 4.68549899324e-07, 2.09450448097e-07, 8.02324180427e-08, 2.55002898797e-08, 4.0616335184e-08, 3.25837135051e-08, 5.80591468236e-08, 8.35815257005e-08, 9.72582085979e-08, 8.46298391366e-08, 3.03769702725e-08, 1.29766215551e-08, 2.02214778255e-08, 2.73334190837e-08, 1.04123065725e-08, 8.29368485e-09, 5.25537791063e-09, 2.6227178207e-09, 1.41556788513e-09, 2.18734652613e-09, 1.12930731433e-09, 6.35430208451e-10, 7.14298897808e-10, 8.43382919058e-10, 5.68168179171e-10, 7.50785877912e-10, 2.79721273921e-10, 1.11046304097e-10, 1.79188296145e-11, 7.34243395251e-12, 9.78194955592e-12, 9.93731139043e-12, 1.18860806614e-11, 1.10276891785e-11, 1.12271737046e-11, 5.43568705672e-12, 2.33048953399e-12, 1.81499292592e-12, 1.88592500991e-12],
        "dvar2": [2.90519579949e-07, 1.31547460569e-06, 5.83123437536e-07, 2.11295002828e-07, 6.29418082099e-08, 9.92638362618e-08, 7.93311585312e-08, 1.25164092424e-07, 1.88632867548e-07, 2.16581170775e-07, 1.98372902105e-07, 6.98155702139e-08, 2.79802687686e-08, 4.30338857882e-08, 6.16838917722e-08, 2.47536835474e-08, 1.91901001756e-08, 1.26121335597e-08, 5.49039302911e-09, 3.26928106809e-09, 5.39742472938e-09, 2.72088618303e-09, 1.5590813085e-09, 1.54643053918e-09, 1.92616944616e-09, 1.14210607638e-09, 1.59731827765e-09, 6.20218987279e-10, 2.39477881969e-10, 4.32889835089e-11, 1.77467311679e-11, 2.06296299488e-11, 2.02719317027e-11, 2.56362448631e-11, 2.33782212339e-11, 2.46408934923e-11, 1.31300421924e-11, 5.27131723688e-12, 3.85338289055e-12, 3.97222055595e-12],
        "max": [0.00417762622237, 0.00887804478407, 0.00991620868444, 0.00496323686093, 0.00319291441701, 0.00355033390224, 0.00363360880874, 0.00739216106012, 0.00812538806349, 0.0108262812719, 0.00845187343657, 0.00390656711534, 0.00383943831548, 0.00544184166938, 0.0052536977455, 0.00331713445485, 0.00221473537385, 0.0018603305798, 0.00157630618196, 0.00092679716181, 0.00140176468994, 0.000973885762505, 0.000693838286679, 0.000676192983519, 0.00118689611554, 0.00130682089366, 0.000609340611845, 0.000290604046313, 0.000372418988263, 0.000191186612938, 0.00010183883569, 0.000101777310192, 9.43694612943e-05, 0.000115541872219, 0.000107751162432, 9.20389866224e-05, 6.82175304973e-05, 4.2561092414e-05, 5.05195093865e-05, 4.318730862e-05],
        "mean": [0.000770360580646, 0.00109008525033, 0.000339826045092, 0.000169688966707, 0.000200583104743, 0.000233822327573, 0.000175952722202, 0.000157484959345, 0.000216213971726, 0.000215486565139, 0.000220348680159, 0.000134602509206, 8.49471543916e-05, 0.000101281410025, 0.00011639938748, 5.51929260837e-05, 5.04851232108e-05, 4.42326090706e-05, 2.9755055948e-05, 2.97506121569e-05, 3.18151942338e-05, 2.85565056402e-05, 2.39082073676e-05, 2.31528902077e-05, 2.25899002544e-05, 2.46018789767e-05, 2.77030485449e-05, 1.52092570715e-05, 7.36082893127e-06, 3.56913733413e-06, 2.64999403043e-06, 2.77535514215e-06, 2.49799290941e-06, 2.76033847513e-06, 2.42554597207e-06, 2.64648906523e-06, 1.65524545537e-06, 9.53038352236e-07, 8.64266041845e-07, 7.00845589563e-07],
        "median": [0.000625125248916, 0.000857948500197, 0.000188982783584, 7.9780627857e-05, 0.00012085212802, 0.000118298456073, 9.10237868084e-05, 6.00464118179e-05, 6.75440824125e-05, 5.41306544619e-05, 6.66184860165e-05, 4.85743767058e-05, 2.75077709375e-05, 3.02241860481e-05, 3.04305212921e-05, 1.81755131052e-05, 1.58552393259e-05, 1.52105149027e-05, 1.08418043965e-05, 1.18116968224e-05, 9.22581784835e-06, 9.09299160412e-06, 8.69790983415e-06, 8.96120400284e-06, 8.90954561328e-06, 9.07565390662e-06, 9.60982833931e-06, 5.78225535719e-06, 3.06462993649e-06, 1.68729116012e-06, 1.10567862066e-06, 1.0953929177e-06, 9.38539528761e-07, 1.06438801595e-06, 1.0422172636e-06, 9.84411826721e-07, 6.0879153807e-07, 3.43891628063e-07, 3.02599289626e-07, 1.95302320094e-07],
        "min": [7.21852535577e-24, 4.29437733001e-24, 4.03486733575e-24, 5.64857776955e-24, 3.50812479338e-24, 8.99561282734e-24, 8.41222731096e-24, 1.07284357358e-23, 1.43450505973e-23, 3.16560320271e-23, 9.93461526207e-24, 4.0578815638e-24, 7.57013801616e-24, 9.57762809233e-24, 1.43371083457e-23, 1.31369787519e-23, 9.31164707205e-24, 6.18576206929e-24, 5.34564887105e-24, 1.06794624619e-23, 1.60525289826e-23, 1.08498019861e-23, 1.06095370424e-23, 1.21928226889e-23, 9.96224590414e-24, 6.71190862724e-24, 8.78690863081e-24, 9.09621152542e-24, 5.46853367856e-24, 7.20136053133e-24, 1.04902549627e-23, 1.06788321621e-23, 1.10632172599e-23, 1.11937855727e-23, 1.00794051592e-23, 8.01202791855e-24, 1.06779691483e-23, 1.06301310452e-23, 1.37977136577e-23, 1.27568771687e-23],
        "var": [5.24351378317e-07, 1.30011005695e-06, 2.41924169586e-07, 9.09701682872e-08, 6.26757810096e-08, 1.14979101795e-07, 7.26351032654e-08, 1.54659787199e-07, 2.64303707809e-07, 2.79511169765e-07, 2.54505295061e-07, 7.40722256865e-08, 3.89829502012e-08, 6.05903593964e-08, 1.03263566587e-07, 1.83257498065e-08, 1.74334982006e-08, 1.10723368252e-08, 4.93277640956e-09, 3.86224829896e-09, 6.73365763149e-09, 3.98146937641e-09, 2.16259632424e-09, 1.83032577983e-09, 2.06658778978e-09, 2.95761126701e-09, 2.36253727692e-09, 6.55359599921e-10, 2.68380345725e-10, 3.23738015562e-11, 1.7351424117e-11, 2.5528777009e-11, 2.60555587522e-11, 2.98566588119e-11, 2.36173702123e-11, 2.36355570532e-11, 1.08714868705e-11, 5.41317598385e-12, 4.41455465933e-12, 4.23826815657e-12]
    },
    "mfcc": {
        "mean": [-643.528747559, 107.499313354, -15.9939842224, 15.6837816238, -4.94373130798, -1.29660367966, 4.30004930496, 8.3786945343, -4.45560216904, 9.12889480591, -0.475183665752, 1.13555383682, 3.17378878593],
        "cov": [[5314.39892578, -786.702453613, 848.880065918, 872.764953613, 720.388305664, 315.894134521, 374.659332275, 144.002319336, -65.5335006714, 195.334533691, -61.0384635925, 60.978679657, 154.12588501], [-786.702453613, 949.690673828, -145.147918701, 6.69074869156, -3.76612401009, -21.5304737091, 67.3169937134, 25.6208114624, -28.2305812836, 6.14169549942, 43.0701255798, 9.96532821655, 31.1988544464], [848.880065918, -145.147918701, 1083.18017578, 414.686279297, 359.571929932, 297.778442383, 119.719497681, 90.2533111572, 17.2025699615, 9.45211410522, 28.5207672119, 68.4381103516, 99.6978683472], [872.764953613, 6.69074869156, 414.686279297, 603.6328125, 354.460021973, 140.767868042, 113.056877136, 29.6835193634, 27.9873390198, 18.512096405, -3.10299801826, 66.2557296753, 90.3395690918], [720.388305664, -3.76612401009, 359.571929932, 354.460021973, 411.038482666, 80.7260131836, 100.964889526, 43.3521461487, 35.0416946411, 36.7671089172, -3.89826965332, 48.9595031738, 90.3251953125], [315.894134521, -21.5304737091, 297.778442383, 140.767868042, 80.7260131836, 273.835571289, 104.809417725, 36.5192375183, -13.3423166275, 12.2619895935, 35.3502540588, 18.3210601807, 13.9090013504], [374.659332275, 67.3169937134, 119.719497681, 113.056877136, 100.964889526, 104.809417725, 278.908538818, 87.8277282715, -23.9020729065, 66.6029281616, 32.0767974854, 16.3538265228, 44.5634765625], [144.002319336, 25.6208114624, 90.2533111572, 29.6835193634, 43.3521461487, 36.5192375183, 87.8277282715, 148.375152588, 37.0443649292, 51.7627334595, 32.7111053467, 6.32305431366, 20.8555755615], [-65.5335006714, -28.2305812836, 17.2025699615, 27.9873390198, 35.0416946411, -13.3423166275, -23.9020729065, 37.0443649292, 138.379608154, 27.2044372559, 14.4366788864, 17.5511417389, -0.530687868595], [195.334533691, 6.14169549942, 9.45211410522, 18.512096405, 36.7671089172, 12.2619895935, 66.6029281616, 51.7627334595, 27.2044372559, 130.631027222, 39.5320167542, 0.79961168766, 8.88427257538], [-61.0384635925, 43.0701255798, 28.5207672119, -3.10299801826, -3.89826965332, 35.3502540588, 32.0767974854, 32.7111053467, 14.4366788864, 39.5320167542, 101.034629822, 20.228351593, 6.01385974884], [60.978679657, 9.96532821655, 68.4381103516, 66.2557296753, 48.9595031738, 18.3210601807, 16.3538265228, 6.32305431366, 17.5511417389, 0.79961168766, 20.228351593, 96.0749511719, 46.2133712769], [154.12588501, 31.1988544464, 99.6978683472, 90.3395690918, 90.3251953125, 13.9090013504, 44.5634765625, 20.8555755615, -0.530687868595, 8.88427257538, 6.01385974884, 46.2133712769, 110.14818573]],
