{
"lowlevel": {
    "average_loudness": 0.79519957304,
    "barkbands_crest": {
        "dmean": 2.49680709839,
        "dmean2": 4.05734443665,
        "dvar": 5.89071655273,
        "dvar2": 15.0040178299,
        "max": 25.7893981934,
        "mean": 9.58211421967,
        "median": 8.81405448914,
        "min": 2.4057290554,
        "var": 14.4451436996
    },
    "barkbands_flatness_db": {
        "dmean": 0.0194307249039,
        "dmean2": 0.0297819394618,
        "dvar": 0.00036117984564,
        "dvar2": 0.000836225168314,
        "max": 0.324407637119,
        "mean": 0.138231873512,
        "median": 0.13825173676,
        "min": 0.0213493034244,
        "var": 0.00135989044793
    },
    "barkbands_kurtosis": {
        "dmean": 1.84554958344,
        "dmean2": 3.00407171249,
        "dvar": 18.9384899139,
        "dvar2": 49.9335517883,
        "max": 90.7895050049,
        "mean": 2.32893848419,
        "median": 0.977897882462,
        "min": -1.91191983223,
        "var": 24.6502761841
    },
    "barkbands_skewness": {
        "dmean": 0.417734861374,
        "dmean2": 0.644108593464,
        "dvar": 0.283118903637,
        "dvar2": 0.658122241497,
        "max": 9.06818294525,
        "mean": 1.14449620247,
        "median": 1.01871752739,
        "min": -2.97327280045,
        "var": 0.937980651855
    },
    "barkbands_spread": {
        "dmean": 5.5577545166,
        "dmean2": 8.48951625824,
        "dvar": 52.7420730591,
        "dvar2": 111.152702332,
        "max": 111.736106873,
        "mean": 24.3636379242,
        "median": 21.8095684052,
        "min": 1.32342076302,
        "var": 192.33013916
    },
    "dissonance": {
        "dmean": 0.0218144711107,
        "dmean2": 0.0367048606277,
        "dvar": 0.000411188811995,
        "dvar2": 0.00109804747626,
        "max": 0.4999807477,
        "mean": 0.459228485823,
        "median": 0.465518414974,
        "min": 0.255070835352,
        "var": 0.000822675880045
    },
    "dynamic_complexity": 3.00253200531,
    "erbbands_crest": {
        "dmean": 2.66456460953,
        "dmean2": 4.21596908569,
        "dvar": 5.74101924896,
        "dvar2": 13.668053627,
        "max": 29.3960361481,
        "mean": 10.3967866898,
        "median": 9.40599060059,
        "min": 2.23738074303,
        "var": 21.7683486938
    },
    "erbbands_flatness_db": {
        "dmean": 0.0178476572037,
        "dmean2": 0.024730315432,
        "dvar": 0.000286176597001,
        "dvar2": 0.000502185721416,
        "max": 0.396788328886,
        "mean": 0.16786493361,
        "median": 0.167353346944,
        "min": 0.0498314090073,
        "var": 0.00227210787125
    },
    "erbbands_kurtosis": {
        "dmean": 0.870648384094,
        "dmean2": 1.37010252476,
        "dvar": 1.35904550552,
        "dvar2": 3.19596982002,
        "max": 22.2754402161,
        "mean": 0.566382169724,
        "median": -0.0489256381989,
        "min": -1.79344904423,
        "var": 4.36835432053
    },
    "erbbands_skewness": {
        "dmean": 0.338317632675,
        "dmean2": 0.517866611481,
        "dvar": 0.104190543294,
        "dvar2": 0.225619867444,
        "max": 3.96638035774,
        "mean": 0.50395077467,
        "median": 0.542571425438,
        "min": -4.07923030853,
        "var": 0.627165138721
    },
    "erbbands_spread": {
        "dmean": 7.0405254364,
        "dmean2": 10.6111917496,
        "dvar": 72.542640686,
        "dvar2": 156.086456299,
        "max": 140.680038452,
        "mean": 35.3090019226,
        "median": 31.8372306824,
        "min": 3.24043607712,
        "var": 299.877288818
    },
    "hfc": {
        "dmean": 5.51529169083,
        "dmean2": 8.07432460785,
        "dvar": 67.161277771,
        "dvar2": 139.318450928,
        "max": 134.163146973,
        "mean": 21.0729866028,
        "median": 14.2560596466,
        "min": 4.93022333029e-12,
        "var": 330.125183105
    },
    "melbands_crest": {
        "dmean": 2.82523941994,
        "dmean2": 4.55735063553,
        "dvar": 6.7846159935,
        "dvar2": 16.5944137573,
        "max": 28.6856708527,
        "mean": 12.2442407608,
        "median": 11.4574813843,
        "min": 3.03004384041,
        "var": 18.1315460205
    },
    "melbands_flatness_db": {
        "dmean": 0.0233161728829,
        "dmean2": 0.0353718437254,
        "dvar": 0.000569733965676,
        "dvar2": 0.00129293149803,
        "max": 0.379752486944,
        "mean": 0.18572153151,
        "median": 0.184212580323,
        "min": 0.0226948913187,
        "var": 0.00212834496051
    },
    "melbands_kurtosis": {
        "dmean": 4.82028341293,
        "dmean2": 7.80368518829,
        "dvar": 191.914428711,
        "dvar2": 495.245391846,
        "max": 378.166687012,
        "mean": 8.06849002838,
        "median": 4.19369268417,
        "min": -1.86289215088,
        "var": 218.507614136
    },
    "melbands_skewness": {
        "dmean": 0.585144102573,
        "dmean2": 0.900734782219,
        "dvar": 0.632549226284,
        "dvar2": 1.4349104166,
        "max": 16.1943130493,
        "mean": 1.96536576748,
        "median": 1.67453384399,
        "min": -0.488018363714,
        "var": 1.84656059742
    },
    "melbands_spread": {
        "dmean": 6.70691490173,
        "dmean2": 10.0625886917,
        "dvar": 101.010559082,
        "dvar2": 190.780715942,
        "max": 224.728927612,
        "mean": 28.105386734,
        "median": 23.6335411072,
        "min": 1.44796049595,
        "var": 379.814331055
    },
    "pitch_salience": {
        "dmean": 0.0639502480626,
        "dmean2": 0.102695286274,
        "dvar": 0.00384361925535,
        "dvar2": 0.0094949780032,
        "max": 0.969403505325,
        "mean": 0.533205270767,
        "median": 0.525802016258,
        "min": 0.0870670899749,
        "var": 0.0123505527154
    },
    "silence_rate_20dB": {
        "dmean": 0,
        "dmean2": 0,
        "dvar": 0,
        "dvar2": 0,
        "max": 1,
        "mean": 1,
        "median": 1,
        "min": 1,
        "var": 0
    },
    "silence_rate_30dB": {
        "dmean": 0,
        "dmean2": 0,
        "dvar": 0,
        "dvar2": 0,
        "max": 1,
        "mean": 1,
        "median": 1,
        "min": 1,
        "var": 0
    },
    "silence_rate_60dB": {
        "dmean": 0.0136087480932,
        "dmean2": 0.0272208042443,
        "dvar": 0.013421908021,
        "dvar2": 0.0301311928779,
        "max": 1,
        "mean": 0.0606244690716,
        "median": 0,
        "min": 0,
        "var": 0.0569366142154
    },
    "spectral_centroid": {
        "dmean": 241.70324707,
        "dmean2": 358.522460938,
        "dvar": 78229.453125,
        "dvar2": 154378.0625,
        "max": 5458.55126953,
        "mean": 1626.87988281,
        "median": 1546.67175293,
        "min": 343.668579102,
        "var": 486366.65625
    },
    "spectral_complexity": {
        "dmean": 2.96306204796,
        "dmean2": 4.71977138519,
        "dvar": 11.190454483,
        "dvar2": 23.8163814545,
        "max": 49,
        "mean": 16.0114192963,
        "median": 16,
        "min": 0,
        "var": 45.3007888794
    },
    "spectral_decrease": {
        "dmean": 1.42437084349e-09,
        "dmean2": 2.28492935683e-09,
        "dvar": 4.18786075858e-18,
        "dvar2": 1.05084470808e-17,
        "max": -2.50305644113e-23,
        "mean": -5.38747091383e-09,
        "median": -4.75936490218e-09,
        "min": -2.48413023485e-08,
        "var": 1.34142184217e-17
    },
    "spectral_energy": {
        "dmean": 0.00573068298399,
        "dmean2": 0.00913403276354,
        "dvar": 6.29068745184e-05,
        "dvar2": 0.000156872556545,
        "max": 0.0983518213034,
        "mean": 0.0222449768335,
        "median": 0.0196512937546,
        "min": 5.41656817462e-16,
        "var": 0.000224249160965
    },
    "spectral_energyband_high": {
        "dmean": 0.000409708591178,
        "dmean2": 0.000600999162998,
        "dvar": 7.42902102502e-07,
        "dvar2": 1.44004854974e-06,
        "max": 0.0185376517475,
        "mean": 0.000795534520876,
        "median": 0.00038111145841,
        "min": 3.78815871553e-16,
        "var": 1.72072236637e-06
    },
    "spectral_energyband_low": {
        "dmean": 0.00366353103891,
        "dmean2": 0.00606106314808,
        "dvar": 5.59548352612e-05,
        "dvar2": 0.000142973934999,
        "max": 0.0817254632711,
        "mean": 0.00659014098346,
        "median": 0.00414901413023,
        "min": 1.46367475265e-17,
        "var": 6.85690829414e-05
    },
    "spectral_energyband_middle_high": {
        "dmean": 0.00208327546716,
        "dmean2": 0.00319960061461,
        "dvar": 1.04374839793e-05,
        "dvar2": 2.50199318543e-05,
        "max": 0.0623199082911,
        "mean": 0.00759156001732,
        "median": 0.00322914193384,
        "min": 1.16484857644e-16,
        "var": 8.24776434456e-05
    },
    "spectral_energyband_middle_low": {
        "dmean": 0.00216246768832,
        "dmean2": 0.00335579458624,
        "dvar": 7.4918266364e-06,
        "dvar2": 1.73046191776e-05,
        "max": 0.0441951006651,
        "mean": 0.00770465889946,
        "median": 0.00640953052789,
        "min": 2.76644070772e-17,
        "var": 3.19756472891e-05
    },
    "spectral_entropy": {
        "dmean": 0.160765260458,
        "dmean2": 0.222332760692,
        "dvar": 0.0258159656078,
        "dvar2": 0.0461859740317,
        "max": 8.85496139526,
        "mean": 7.52310848236,
        "median": 7.49709939957,
        "min": 6.45154476166,
        "var": 0.141515150666
    },
    "spectral_flux": {
        "dmean": 0.0227103754878,
        "dmean2": 0.0364101976156,
        "dvar": 0.000605589011684,
        "dvar2": 0.00146406388376,
        "max": 0.265918731689,
        "mean": 0.0781357511878,
        "median": 0.0699050724506,
        "min": 4.65344419354e-06,
        "var": 0.00169099099003
    },
    "spectral_kurtosis": {
        "dmean": 1.29105353355,
        "dmean2": 2.15113830566,
        "dvar": 1.57095229626,
        "dvar2": 4.33753252029,
        "max": 20.0728282928,
        "mean": 3.98128557205,
        "median": 3.70324802399,
        "min": -1.21227777004,
        "var": 4.36345291138
    },
    "spectral_rms": {
        "dmean": 0.000573562458158,
        "dmean2": 0.000893285672646,
        "dvar": 4.56424885442e-07,
        "dvar2": 1.07122298232e-06,
        "max": 0.00979555957019,
        "mean": 0.00436463719234,
        "median": 0.00437858374789,
        "min": 7.26942672724e-10,
        "var": 2.6524239729e-06
    },
    "spectral_rolloff": {
        "dmean": 491.581329346,
        "dmean2": 806.520324707,
        "dvar": 760826,
        "dvar2": 1565248.375,
        "max": 14577.9785156,
        "mean": 1661.23181152,
        "median": 1119.7265625,
        "min": 86.1328125,
        "var": 2000034.75
    },
    "spectral_skewness": {
        "dmean": 0.193465784192,
        "dmean2": 0.305733144283,
        "dvar": 0.0306478887796,
        "dvar2": 0.0719928443432,
        "max": 3.42833924294,
        "mean": 1.41520392895,
        "median": 1.40378677845,
        "min": -0.274880558252,
        "var": 0.156795203686
    },
    "spectral_spread": {
        "dmean": 561957.0625,
        "dmean2": 762513.5,
        "dvar": 512239435776,
        "dvar2": 894438211584,
        "max": 14046602,
        "mean": 4467890.5,
        "median": 4102344.5,
        "min": 2015094.625,
        "var": 2.00648464794e+12
    },
    "spectral_strongpeak": {
        "dmean": 0.659318327904,
        "dmean2": 1.11597573757,
        "dvar": 1.08487427235,
        "dvar2": 2.65428876877,
        "max": 13.1129236221,
        "mean": 1.34884107113,
        "median": 0.607439994812,
        "min": 0,
        "var": 2.64928483963
    },
    "zerocrossingrate": {
        "dmean": 0.0104815531522,
        "dmean2": 0.0122941378504,
        "dvar": 0.000185375203728,
        "dvar2": 0.000201378308702,
        "max": 0.55126953125,
        "mean": 0.0644107684493,
        "median": 0.05908203125,
        "min": 0.00927734375,
        "var": 0.00112452288158
    },
    "barkbands": {
        "dmean": [5.38907661394e-05, 0.00309894955717, 0.000936734257266, 0.00041781499749, 0.000577454979066, 0.000609146372881, 0.000504069030285, 0.000610197719652, 0.000775389198679, 0.000528625387233, 0.00108744727913, 0.000540837063454, 0.000281625514617, 0.000320445862599, 0.00017624697648, 0.000116396258818, 0.000105676663225, 0.000228257704293, 0.000251351448242, 0.000282852794044, 7.34907298465e-05, 8.01084024715e-05, 7.80392801971e-05, 5.57889034098e-05, 5.14519342687e-05, 2.64871778199e-05, 5.70528797539e-08],
        "dmean2": [9.00100931176e-05, 0.00522324442863, 0.00162951264065, 0.000717561575584, 0.000924971653149, 0.000907655456103, 0.000779827241786, 0.000919887097552, 0.00117011019029, 0.000825989118312, 0.00167931441683, 0.000835010840092, 0.000436033384176, 0.00048632355174, 0.000288451788947, 0.000198820169317, 0.000169494145666, 0.000354074145434, 0.000372627080651, 0.000429339008406, 0.000114330068754, 0.000123642472317, 0.000114689035399, 8.09827397461e-05, 7.74428190198e-05, 3.96127616114e-05, 9.89406174767e-08],
        "dvar": [8.10206568502e-09, 4.43082608399e-05, 5.09237588631e-06, 7.3725391303e-07, 6.8875164061e-07, 1.10488849714e-06, 7.06257594629e-07, 2.25317148761e-06, 2.56056341641e-06, 2.58032446254e-06, 6.50962783766e-06, 3.14247267852e-06, 5.02197394781e-07, 4.8181539114e-07, 1.48048812321e-07, 8.49191437169e-08, 7.15701844456e-08, 1.95776806322e-07, 2.98217770478e-07, 3.153300554e-07, 2.54749075168e-08, 6.24426661489e-08, 7.6318663389e-08, 3.31966667488e-08, 3.13644328287e-08, 4.25953228245e-09, 5.67379801995e-14],
        "dvar2": [2.1057216415e-08, 0.000117951218272, 1.45301937664e-05, 2.02382489078e-06, 1.79253049737e-06, 2.55021996054e-06, 1.71585429598e-06, 5.07699314767e-06, 5.52568508283e-06, 5.44545491721e-06, 1.53386554302e-05, 7.09217738404e-06, 1.04083062524e-06, 9.73620899458e-07, 3.68776625237e-07, 2.25548234312e-07, 1.71310844621e-07, 4.25763886369e-07, 6.75049534493e-07, 7.33510546524e-07, 5.65059217195e-08, 1.36853742561e-07, 1.52155010369e-07, 6.42589341737e-08, 6.43353175178e-08, 9.43177536072e-09, 1.5412744323e-13],
        "max": [0.00113614986185, 0.0699065700173, 0.0243874788284, 0.0134169068187, 0.0146002760157, 0.0201359335333, 0.0180266853422, 0.0337556041777, 0.0315871834755, 0.0481157973409, 0.0479245483875, 0.0422363653779, 0.0185869373381, 0.0149377603084, 0.00610486464575, 0.00367801310495, 0.00689998688176, 0.0074028451927, 0.0136149842292, 0.0156328845769, 0.00397470360622, 0.00620158296078, 0.00826204195619, 0.00553320115432, 0.00501506123692, 0.00151002802886, 1.15608945634e-05],
        "mean": [8.72191303642e-05, 0.00488539645448, 0.00135191984009, 0.000783741124906, 0.00155544222798, 0.00140734552406, 0.00108763203025, 0.00113838352263, 0.00145541061647, 0.00109604641329, 0.00235488382168, 0.00114038097672, 0.000459189293906, 0.000526736315805, 0.000252366589848, 0.000142295277328, 0.000189341197256, 0.000454487162642, 0.000645297986921, 0.00066935637733, 0.000127016057377, 0.00012144241191, 0.000133283800096, 8.63144596224e-05, 6.32766532362e-05, 3.07349218929e-05, 4.76838124541e-08],
        "median": [2.63963047473e-05, 0.00261439103633, 0.000767062767409, 0.000338329758961, 0.000902375148144, 0.000813107180875, 0.000590299256146, 0.000329279253492, 0.000539699045476, 0.00018831610214, 0.000330199982272, 0.000154033055878, 0.000125526217744, 0.000139936732012, 9.24423366087e-05, 6.37468037894e-05, 6.57936980133e-05, 0.00016550476721, 0.000152335938765, 0.000207036544452, 5.44114664081e-05, 3.92241599911e-05, 4.37664675701e-05, 2.89919207717e-05, 1.13783498819e-05, 4.06057279179e-06, 4.05773459278e-09],
        "min": [4.71812406308e-18, 6.67987594357e-18, 3.89377240822e-18, 3.26892058709e-18, 5.11367025147e-18, 1.65783931279e-18, 9.45215356856e-19, 3.15576331327e-18, 9.92275771215e-18, 1.24480143908e-17, 8.91810467199e-18, 5.0960649529e-18, 5.54434555971e-18, 8.52937941493e-18, 9.493239216e-18, 1.39306959342e-17, 4.86028787264e-18, 2.44376201754e-17, 1.06989492574e-17, 1.62619704874e-17, 7.22208332252e-18, 7.70300530348e-18, 2.155610177e-17, 4.06286764689e-17, 1.09851391909e-16, 1.38068461515e-16, 5.67258560346e-17],
        "var": [1.75725336504e-08, 4.96837346873e-05, 4.18050467488e-06, 1.72218642547e-06, 3.53766245098e-06, 3.1579422739e-06, 2.01773173103e-06, 5.18644401382e-06, 6.29656506135e-06, 1.39729272632e-05, 2.70252421615e-05, 1.3532831872e-05, 1.1638394426e-06, 1.10705457246e-06, 2.34533587218e-07, 7.69567449765e-08, 1.80025509167e-07, 5.04115234889e-07, 1.43704937727e-06, 1.03813124497e-06, 5.41838360846e-08, 1.12910207406e-07, 1.42092119404e-07, 6.22374045633e-08, 5.0138751817e-08, 5.42866773756e-09, 4.09912412987e-14]
    },
    "erbbands": {
        "dmean": [0.0747653245926, 0.754177987576, 1.18780839443, 1.14613378048, 1.50408959389, 2.27096104622, 3.26894044876, 5.67231273651, 4.04376602173, 12.4695425034, 13.8039731979, 14.6608638763, 17.8503704071, 29.069026947, 35.0524024963, 17.3298988342, 10.3977766037, 16.0843067169, 9.01400852203, 8.34446620941, 5.6465177536, 6.33500385284, 9.5224647522, 12.4101648331, 13.9812049866, 12.578909874, 4.18170070648, 2.34195256233, 2.88394665718, 2.86363244057, 2.00098419189, 1.36985135078, 0.848835647106, 0.57188886404, 0.382205605507, 0.157090678811, 0.0382927171886, 0.00472765089944, 9.13095136639e-05, 1.01312753031e-05],
        "dmean2": [0.125801026821, 1.27349436283, 2.03957176208, 1.97967100143, 2.38571882248, 3.63632369041, 5.16243028641, 8.30408573151, 6.02234125137, 18.7102222443, 20.6011447906, 21.6780090332, 26.7851753235, 42.5566062927, 51.2772789001, 24.6352214813, 15.7335634232, 23.9442939758, 14.1621084213, 13.9646749496, 9.49704742432, 10.0438404083, 14.5169315338, 17.9818096161, 20.8078937531, 19.1543426514, 6.35531997681, 3.54811549187, 4.46027231216, 4.3057513237, 2.95201635361, 2.0157225132, 1.24018096924, 0.858554124832, 0.580770254135, 0.233848690987, 0.0576843470335, 0.00747421011329, 0.000142465578392, 1.55334346346e-05],
        "dvar": [0.023865852505, 2.69463944435, 7.56618070602, 6.95674800873, 8.1272354126, 11.9788599014, 28.5574645996, 114.639671326, 50.2264709473, 463.98046875, 1377.24353027, 1150.21362305, 1855.89916992, 4669.84716797, 6297.67089844, 3435.89770508, 703.309020996, 1162.64562988, 446.5987854, 358.107269287, 155.054672241, 279.515991211, 327.227294922, 621.304748535, 1120.01953125, 676.038696289, 89.0574493408, 41.3436813354, 77.109085083, 96.9059829712, 47.7044906616, 14.7764482498, 12.2898645401, 5.81849241257, 1.253226161, 0.154555112123, 0.0105307623744, 0.000183871481568, 6.12209163364e-08, 2.26838103856e-10],
        "dvar2": [0.0647976770997, 7.1592168808, 20.9778194427, 19.4963321686, 19.5317573547, 30.8718891144, 68.4403381348, 261.856628418, 109.479232788, 1110.92871094, 3074.8762207, 2430.5168457, 3838.30737305, 9455.44335938, 12821.8046875, 6133.62646484, 1435.34631348, 2334.82861328, 978.119750977, 933.349853516, 398.282226562, 666.83972168, 711.578369141, 1250.77880859, 2586.47924805, 1556.29943848, 214.791442871, 86.4056472778, 169.385452271, 206.519104004, 92.7494735718, 28.3132915497, 25.7256698608, 12.4337787628, 2.58623862267, 0.318273454905, 0.0248713344336, 0.000465051882202, 1.52062128222e-07, 5.09789876979e-10],
        "max": [1.49471902847, 17.1157722473, 30.2481689453, 33.9390335083, 84.5966415405, 81.5029144287, 164.392028809, 220.86340332, 149.068511963, 425.753051758, 870.054626465, 816.790771484, 1238.64807129, 1691.3918457, 1569.70617676, 1863.98547363, 684.241821289, 803.768005371, 488.683410645, 374.474182129, 273.174407959, 477.560913086, 410.566711426, 526.879455566, 859.28918457, 744.797851562, 379.919494629, 197.900192261, 219.915359497, 226.203033447, 242.957778931, 112.874702454, 155.936904907, 78.4268112183, 27.217464447, 8.90855407715, 2.94223237038, 0.266875088215, 0.0044078566134, 0.000190697974176],
        "mean": [0.117922052741, 1.15493130684, 1.81761133671, 1.99850511551, 4.29912567139, 5.24118041992, 7.35257959366, 12.8786287308, 10.0612716675, 25.7199382782, 29.3276252747, 27.5326404572, 36.334690094, 64.1202850342, 78.1893234253, 36.7610168457, 19.91847229, 29.9406833649, 15.4055013657, 12.0527620316, 8.37109184265, 12.1525726318, 21.430639267, 30.951997757, 34.6981010437, 31.9377536774, 8.92596912384, 3.98888874054, 4.26390266418, 4.59457111359, 3.48038458824, 2.25360012054, 1.20635056496, 0.729005396366, 0.4477173388, 0.187676012516, 0.0429676249623, 0.00472673075274, 0.000106732295535, 3.21720654028e-05],
        "median": [0.0723273158073, 0.562777042389, 1.03800177574, 1.22163844109, 1.69925189018, 3.08378267288, 4.43213129044, 6.84148693085, 6.17102622986, 14.9941892624, 8.03154754639, 10.5513658524, 11.6173391342, 14.5761365891, 13.5714015961, 7.67536354065, 7.54084634781, 8.76296329498, 5.35500097275, 5.02070903778, 4.30429458618, 4.80164480209, 8.92840576172, 9.5202960968, 9.3150396347, 10.0547838211, 4.13786268234, 1.65355908871, 1.37034547329, 1.46262443066, 1.14942264557, 0.850577235222, 0.335909366608, 0.134913548827, 0.0784986689687, 0.0287418011576, 0.00495920749381, 0.00043947971426, 2.7033727747e-05, 2.7079562642e-05],
        "min": [2.50627890549e-16, 1.32564309075e-15, 4.09384787693e-15, 8.59516180018e-15, 1.38484143993e-14, 1.75105630408e-14, 1.69203809763e-14, 1.22088677804e-14, 1.07073417922e-14, 3.07333402705e-14, 9.63848345212e-14, 2.16541791009e-13, 3.5088479431e-13, 4.06240145689e-13, 3.21407939326e-13, 2.010144167e-13, 2.4603428561e-13, 4.06910507893e-13, 4.61844917778e-13, 6.23485258647e-13, 6.95672360863e-13, 3.21652210075e-13, 1.15994659624e-12, 7.85063854203e-13, 9.04065722025e-13, 6.97444651945e-13, 4.16746037636e-13, 1.1566981639e-13, 2.0129622795e-13, 5.45695812756e-13, 7.47154508401e-13, 5.87108541037e-13, 7.78421814854e-13, 1.16267043736e-12, 8.71886330495e-13, 5.56532847151e-13, 2.79548926325e-13, 5.32249720372e-14, 9.67609188439e-15, 5.49432844616e-16],
        "var": [0.0263880398124, 3.03659248352, 6.78426551819, 7.4570555687, 75.5990524292, 45.0968513489, 92.1058654785, 304.759521484, 172.722976685, 1083.67651367, 3834.00048828, 2516.40429688, 8927.14941406, 18992.7441406, 25557.6328125, 13818.2167969, 1751.78063965, 3320.1003418, 937.823852539, 467.902008057, 190.552658081, 656.596862793, 1013.746521, 2669.6640625, 3787.77050781, 2451.37329102, 192.944061279, 84.9397964478, 133.433563232, 172.753250122, 94.6957778931, 28.8603668213, 19.9560012817, 8.95697689056, 1.86025166512, 0.228546336293, 0.0114461779594, 0.000165134842973, 5.84639359147e-08, 5.63389446206e-10]
    },
    "gfcc": {
        "mean": [-4.25317382812, 89.7779541016, -127.142425537, 31.7978191376, -67.6239624023, 14.4654445648, -28.9773807526, 17.9009799957, -28.1162242889, 3.81595182419, -8.30845546722, 0.240542933345, -12.0749397278],
        "cov": [[4061.19726562, 37.1681938171, 719.887939453, 815.998779297, 451.953948975, 359.253601074, 194.925979614, 214.095123291, -159.836334229, 210.052047729, 308.948974609, 151.067153931, -101.330345154], [37.1681938171, 1079.77172852, 213.361740112, 239.041793823, 207.183364868, -49.2722625732, 120.20615387, 15.3997430801, 67.4499435425, -21.1349964142, 205.118896484, -50.6590499878, 62.6119041443], [719.887939453, 213.361740112, 1171.3828125, 468.569549561, 172.482803345, 225.26385498, -58.6415328979, 107.145935059, 42.7001037598, 193.88142395, -29.1071777344, 148.202087402, 10.0743818283], [815.998779297, 239.041793823, 468.569549561, 591.039672852, 207.203323364, 99.458114624, 65.2590179443, 63.9736328125, 32.1598625183, 74.369178772, 110.279655457, 41.0983428955, 15.4575510025], [451.953948975, 207.183364868, 172.482803345, 207.203323364, 272.914428711, 69.1570205688, 61.3195571899, 56.9366798401, -4.29219675064, 48.4476127625, 77.7853088379, 33.9695892334, -2.08513236046], [359.253601074, -49.2722625732, 225.26385498, 99.458114624, 69.1570205688, 209.252151489, 64.5384674072, 19.8271255493, -5.65849256516, 35.5624313354, 21.3056335449, 63.1849517822, -15.7323465347], [194.925979614, 120.20615387, -58.6415328979, 65.2590179443, 61.3195571899, 64.5384674072, 172.461791992, 40.9401130676, -12.3458471298, -19.4686527252, 89.3349227905, -3.45543861389, -3.37539196014], [214.095123291, 15.3997430801, 107.145935059, 63.9736328125, 56.9366798401, 19.8271255493, 40.9401130676, 135.367935181, 32.0556373596, 29.4550209045, 26.8848819733, 5.04625654221, 3.67192411423], [-159.836334229, 67.4499435425, 42.7001037598, 32.1598625183, -4.29219675064, -5.65849256516, -12.3458471298, 32.0556373596, 139.456390381, 25.8511676788, -27.0907878876, -0.840302348137, 18.2798175812], [210.052047729, -21.1349964142, 193.88142395, 74.369178772, 48.4476127625, 35.5624313354, -19.4686527252, 29.4550209045, 25.8511676788, 120.019798279, 15.5642652512, 36.8801956177, -8.26476287842], [308.948974609, 205.118896484, -29.1071777344, 110.279655457, 77.7853088379, 21.3056335449, 89.3349227905, 26.8848819733, -27.0907878876, 15.5642652512, 215.643554688, 8.03561401367, -12.3647499084], [151.067153931, -50.6590499878, 148.202087402, 41.0983428955, 33.9695892334, 63.1849517822, -3.45543861389, 5.04625654221, -0.840302348137, 36.8801956177, 8.03561401367, 121.017929077, 25.2116127014], [-101.330345154, 62.6119041443, 10.0743818283, 15.4575510025, -2.08513236046, -15.7323465347, -3.37539196014, 3.67192411423, 18.2798175812, -8.26476287842, -12.3647499084, 25.2116127014, 87.9674453735]],
        "icov": [[0.000514020852279, -6.24990279903e-05, 0.000271209544735, -0.000700677628629, -2.54137885349e-05, -0.000590450537857, 0.000249177770456, -0.00075507524889, 0.000895616482012, -0.000552761775907, -2.8831704185e-05, -0.000339456484653, 0.000518722226843], [-6.24990279903e-05, 0.00316606997512, -0.00253996578977, 0.00149612571113, -0.0025933443103, 0.00296785449609, -0.00255717826076, 0.00322142150253, -0.00297573814169, 0.0028642360121, -0.00355889066122, 0.00283768866211, -0.00248683290556], [0.000271209544735, -0.00253996578977, 0.00465674512088, -0.00322642386891, 0.00232979236171, -0.00446999864653, 0.00387190375477, -0.00432316958904, 0.00334486132488, -0.00440635159612, 0.00382840773091, -0.00337087805383, 0.00213388260454], [-0.000700677628629, 0.00149612571113, -0.00322642386891, 0.00539173185825, -0.00282650091685, 0.00259989826009, -0.00248063029721, 0.00333954556845, -0.00349773280323, 0.00264666648582, -0.00311657367274, 0.00275170430541, -0.00253774877638], [-2.54137885349e-05, -0.0025933443103, 0.00232979236171, -0.00282650091685, 0.00794590637088, -0.00295138382353, 0.00145323562901, -0.003944050055, 0.00315209757537, -0.00349768949673, 0.00245903548785, -0.0029508753214, 0.00213506841101], [-0.000590450537857, 0.00296785449609, -0.00446999864653, 0.00259989826009, -0.00295138382353, 0.0125310700387, -0.00746296485886, 0.00523136882111, -0.00386568787508, 0.00341919274069, -0.00236798659898, -0.000455421424704, -0.000148855600855], [0.000249177770456, -0.00255717826076, 0.00387190375477, -0.00248063029721, 0.00145323562901, -0.00746296485886, 0.013606836088, -0.00622066482902, 0.00315449899063, -0.000434903660789, -0.000239415734541, -0.00122429127805, 0.00120197830256], [-0.00075507524889, 0.00322142150253, -0.00432316958904, 0.00333954556845, -0.003944050055, 0.00523136882111, -0.00622066482902, 0.0145032815635, -0.0064530656673, 0.00266563426703, -0.00395293114707, 0.00416094111279, -0.00341311423108], [0.000895616482012, -0.00297573814169, 0.00334486132488, -0.00349773280323, 0.00315209757537, -0.00386568787508, 0.00315449899063, -0.0064530656673, 0.0129591841251, -0.00591998500749, 0.00475092418492, -0.00246755289845, 0.0012808595784], [-0.000552761775907, 0.0028642360121, -0.00440635159612, 0.00264666648582, -0.00349768949673, 0.00341919274069, -0.000434903660789, 0.00266563426703, -0.00591998500749, 0.0166306123137, -0.0051035489887, 0.000768117257394, -0.00038001552457], [-2.8831704185e-05, -0.00355889066122, 0.00382840773091, -0.00311657367274, 0.00245903548785, -0.00236798659898, -0.000239415734541, -0.00395293114707, 0.00475092418492, -0.0051035489887, 0.0114574497566, -0.00434121210128, 0.0037875957787], [-0.000339456484653, 0.00283768866211, -0.00337087805383, 0.00275170430541, -0.0029508753214, -0.000455421424704, -0.00122429127805, 0.00416094111279, -0.00246755289845, 0.000768117257394, -0.00434121210128, 0.0154935112223, -0.0073460591957], [0.000518722226843, -0.00248683290556, 0.00213388260454, -0.00253774877638, 0.00213506841101, -0.000148855600855, 0.00120197830256, -0.00341311423108, 0.0012808595784, -0.00038001552457, 0.0037875957787, -0.0073460591957, 0.0164854321629]]
    },
    "melbands": {
        "dmean": [0.000786747958045, 0.000738497299608, 0.000208957295399, 0.000118380834465, 0.000114544156531, 0.000121845063404, 7.29629973648e-05, 0.000134640824399, 0.000116495728435, 9.83527424978e-05, 9.09410227905e-05, 0.000118148775073, 0.000143764860695, 6.82147365296e-05, 2.6513431294e-05, 3.04500499624e-05, 3.08418566419e-05, 1.61606276379e-05, 1.38050436362e-05, 8.64776757226e-06, 6.80332641423e-06, 7.28908435121e-06, 6.32430464975e-06, 1.33509774969e-05, 1.19919523058e-05, 1.29611162265e-05, 1.30239868668e-05, 8.71233532962e-06, 3.6187650494e-06, 1.37811559853e-06, 1.43809268138e-06, 1.74756041815e-06, 1.57471436069e-06, 1.76048990852e-06, 1.26469183215e-06, 1.06644836251e-06, 7.78163325776e-07, 6.21776962362e-07, 5.45694888388e-07, 4.77623586903e-07],
        "dmean2": [0.0013219488319, 0.00124104088172, 0.000354061252438, 0.000191112616449, 0.000181734794751, 0.00017877794744, 0.00011097145034, 0.000201211631065, 0.00017304791254, 0.000147416780237, 0.00013840214524, 0.000169000981259, 0.000212575076148, 0.000102262936707, 3.96812938561e-05, 4.61761082988e-05, 4.56894413219e-05, 2.51839446719e-05, 2.25519361265e-05, 1.48928484123e-05, 1.14132099043e-05, 1.17906483865e-05, 9.70380096987e-06, 2.0430827135e-05, 1.76390130946e-05, 1.90955215658e-05, 1.99040368898e-05, 1.32836139528e-05, 5.61212527828e-06, 2.13957514461e-06, 2.20443598664e-06, 2.74788317256e-06, 2.45118508246e-06, 2.64528944172e-06, 1.87798491424e-06, 1.63238223649e-06, 1.15093882869e-06, 9.21581545299e-07, 8.14787483705e-07, 7.26339010271e-07],
        "dvar": [2.78417815025e-06, 2.54550081991e-06, 1.94566766254e-07, 3.31187059999e-08, 2.80777587847e-08, 4.94227982983e-08, 1.41726985703e-08, 5.50498349128e-08, 9.5782084486e-08, 4.61391529427e-08, 4.90970855083e-08, 7.95433621192e-08, 1.06968592206e-07, 5.14811979713e-08, 5.98215699199e-09, 5.80102943459e-09, 4.33834124181e-09, 1.65682756403e-09, 9.20810760974e-10, 5.50604783989e-10, 2.28254165568e-10, 3.86101511873e-10, 1.92780860719e-10, 7.16108672361e-10, 7.08913316938e-10, 1.2825612794e-09, 6.92585100381e-10, 3.40298178525e-10, 7.08344632949e-11, 1.13682752448e-11, 2.01358270335e-11, 3.04165130582e-11, 2.37675712444e-11, 4.35049531122e-11, 2.31756350222e-11, 9.35315540296e-12, 5.40772851845e-12, 6.59779002266e-12, 5.42506881432e-12, 4.65146064027e-12],
        "dvar2": [7.42837710277e-06, 6.75174578646e-06, 5.37542973689e-07, 8.70013678878e-08, 6.84946783736e-08, 1.12776660899e-07, 3.19403490323e-08, 1.29090338419e-07, 2.08789231237e-07, 9.83525723086e-08, 1.0485419466e-07, 1.51279607508e-07, 2.34605579408e-07, 1.17181492953e-07, 1.08488480421e-08, 1.20596377329e-08, 8.52671178109e-09, 3.44681927444e-09, 2.28555951942e-09, 1.49710099873e-09, 5.70822000778e-10, 9.4491714453e-10, 4.08972605781e-10, 1.5241937712e-09, 1.4852631347e-09, 2.96590574322e-09, 1.61851487768e-09, 7.78565933945e-10, 1.70264788379e-10, 2.57784973923e-11, 4.38584585316e-11, 6.91749574289e-11, 5.200349526e-11, 9.71759478441e-11, 4.79619781391e-11, 2.01860004406e-11, 1.06912716527e-11, 1.36737114687e-11, 1.17757765344e-11, 1.03378859292e-11],
        "max": [0.0169714000076, 0.0167264882475, 0.00617560604587, 0.00371281360276, 0.00438054930419, 0.00442388746887, 0.0030151004903, 0.00440370244905, 0.0068638343364, 0.00480825360864, 0.00629101088271, 0.00627448223531, 0.00706074200571, 0.00605402234942, 0.00249576987699, 0.00214961683378, 0.00140214292333, 0.00113863009028, 0.000648965127766, 0.000389155757148, 0.000444422243163, 0.000535136030521, 0.00037554721348, 0.000542856694665, 0.000532347185072, 0.0008813336608, 0.000514894491062, 0.000462161318865, 0.000285976828309, 0.000112509493192, 0.000152946682647, 0.000150137129822, 0.000117002055049, 0.0001616304653, 0.000154110777657, 0.000101260353404, 8.76285921549e-05, 9.37970908126e-05, 0.00010123597167, 8.13624283182e-05],
        "mean": [0.00124667747878, 0.00121071969625, 0.000450633786386, 0.000319181359373, 0.000264332367806, 0.000280610431219, 0.000177625144715, 0.000275155325653, 0.000245105766226, 0.000178921982297, 0.000182097865036, 0.000245516042924, 0.0003123061324, 0.00015321119281, 4.19405914727e-05, 5.51500816073e-05, 5.3361782193e-05, 2.5316612664e-05, 1.99198384507e-05, 1.04217888293e-05, 9.36257765716e-06, 1.24597745526e-05, 1.17588406283e-05, 2.57524716289e-05, 2.43312697421e-05, 2.72649740509e-05, 2.7012783903e-05, 1.89071415662e-05, 6.45522641207e-06, 2.27557779908e-06, 2.20485981117e-06, 2.38840334532e-06, 2.41014345193e-06, 2.65808807853e-06, 2.07144421438e-06, 1.71515125658e-06, 1.21465848224e-06, 8.56520500747e-07, 7.04213846348e-07, 5.81474012051e-07],
        "median": [0.000728270970285, 0.00067433406366, 0.000254753453191, 0.000175915891305, 0.000167138583492, 0.000154853172717, 0.000113892579975, 0.000150976877194, 5.40959845239e-05, 6.77426287439e-05, 4.89307603857e-05, 5.00943642692e-05, 4.84655683977e-05, 1.80891802302e-05, 1.19746373457e-05, 1.46944121298e-05, 1.41711534525e-05, 6.22026709607e-06, 7.10824360795e-06, 4.28295061283e-06, 4.29733472629e-06, 4.17760793425e-06, 4.48242280982e-06, 8.36579329189e-06, 6.91693003319e-06, 5.59097725272e-06, 7.63023035688e-06, 5.46578667127e-06, 2.30266186918e-06, 9.79342871688e-07, 7.20811726751e-07, 7.03756086295e-07, 7.21958144823e-07, 7.71809482103e-07, 6.0239102595e-07, 6.61499768739e-07, 4.32242245552e-07, 2.32485191987e-07, 1.40464521792e-07, 9.67957447529e-08],
        "min": [2.27039054462e-18, 2.04447366406e-18, 1.64670422097e-18, 1.15612108065e-18, 6.40624914643e-19, 2.78018428258e-19, 1.6972173234e-19, 3.93296980911e-19, 8.81526482195e-19, 1.44239412519e-18, 1.7708261874e-18, 1.66077383941e-18, 1.16899604349e-18, 6.42717888388e-19, 4.5087237046e-19, 6.09647259197e-19, 7.73603297097e-19, 7.30064748953e-19, 7.4503589086e-19, 9.45731310764e-19, 7.72675252149e-19, 2.60105857943e-19, 6.38860848589e-19, 1.28978540263e-18, 5.56777183165e-19, 3.65605533093e-19, 9.61736118243e-19, 3.05659521457e-19, 2.43041923237e-19, 1.81740550318e-19, 2.95499481713e-20, 7.22829710328e-20, 2.24175329332e-19, 3.10366515184e-19, 4.69020661401e-19, 2.95432906598e-19, 3.64264647471e-19, 4.27046415192e-19, 7.21058871733e-19, 1.06098414327e-18],
        "var": [3.0999556202e-06, 2.76577793556e-06, 4.29713196581e-07, 1.7509417205e-07, 9.94606352833e-08, 1.35203436002e-07, 4.56019328965e-08, 1.29039861463e-07, 3.03025018411e-07, 1.03543968066e-07, 2.54292274349e-07, 3.12362999466e-07, 4.47675148507e-07, 2.64191982069e-07, 1.37516709131e-08, 1.53182533325e-08, 1.14233156268e-08, 3.79725895172e-09, 1.59571444946e-09, 4.87779761027e-10, 3.03487068809e-10, 8.33803193157e-10, 4.96448993026e-10, 1.96110661044e-09, 2.16638973427e-09, 3.34898020427e-09, 1.99107619281e-09, 1.05116937377e-09, 1.36229985626e-10, 2.18490434079e-11, 3.65715339956e-11, 4.70077900216e-11, 4.47934848935e-11, 6.77909534064e-11, 4.15070477988e-11, 1.6239246059e-11, 9.82162007973e-12, 1.10029468176e-11, 7.90876739099e-12, 6.73807667648e-12]
    },
    "mfcc": {
        "mean": [-643.967712402, 117.270103455, -3.16781258583, 20.8106536865, -9.86966991425, -2.76692485809, 7.77907514572, 8.59460926056, -8.68634128571, 10.1966123581, -0.920614123344, -1.76535463333, 1.875390172],
        "cov": [[3286.85205078, -221.033889771, 351.255523682, 571.181091309, 349.673156738, 236.02331543, 477.659576416, 195.257293701, -202.532501221, 238.291656494, 42.073348999, 87.6959991455, 194.13092041], [-221.033889771, 839.214416504, 78.4243087769, 171.069854736, 100.307167053, -13.2578639984, 78.7470397949, 20.8597316742, -36.2040138245, 48.4442672729, 9.19333457947, 64.5785751343, 59.4010696411], [351.255523682, 78.4243087769, 912.702026367, 297.445617676, 272.24029541, 206.644500732, 51.3822555542, 28.915512085, 96.3861160278, -17.1500549316, 82.4725112915, 63.3158950806, 88.2397613525], [571.181091309, 171.069854736, 297.445617676, 500.373352051, 230.102264404, 94.3053741455, 132.302841187, 53.310005188, -26.2668399811, 89.6602554321, 17.9726829529, 70.5022125244, 83.2439041138], [349.673156738, 100.307167053, 272.24029541, 230.102264404, 279.760375977, 93.2412185669, 61.9194412231, 31.1549491882, 31.0372714996, 31.8946647644, 21.9740142822, 57.229183197, 66.0051193237], [236.02331543, -13.2578639984, 206.644500732, 94.3053741455, 93.2412185669, 215.728820801, 50.2589035034, 38.3661651611, 22.2965755463, -23.0188217163, 32.7907867432, 13.144197464, 41.1445121765], [477.659576416, 78.7470397949, 51.3822555542, 132.302841187, 61.9194412231, 50.2589035034, 265.520751953, 78.8213043213, -92.2773361206, 75.0545196533, 9.39848423004, 18.9315776825, 50.7823524475], [195.257293701, 20.8597316742, 28.915512085, 53.310005188, 31.1549491882, 38.3661651611, 78.8213043213, 134.939453125, -9.95960712433, 40.7209587097, 8.52647972107, 7.86276054382, 37.8616676331], [-202.532501221, -36.2040138245, 96.3861160278, -26.2668399811, 31.0372714996, 22.2965755463, -92.2773361206, -9.95960712433, 209.538269043, -51.5721931458, 10.2039422989, 11.5061769485, -31.8614177704], [238.291656494, 48.4442672729, -17.1500549316, 89.6602554321, 31.8946647644, -23.0188217163, 75.0545196533, 40.7209587097, -51.5721931458, 157.152755737, 19.6644992828, 19.2021312714, 21.3704490662], [42.073348999, 9.19333457947, 82.4725112915, 17.9726829529, 21.9740142822, 32.7907867432, 9.39848423004, 8.52647972107, 10.2039422989, 19.6644992828, 91.3067932129, 24.4784889221, 14.802066803], [87.6959991455, 64.5785751343, 63.3158950806, 70.5022125244, 57.229183197, 13.144197464, 18.9315776825, 7.86276054382, 11.5061769485, 19.2021312714, 24.4784889221, 101.166130066, 41.7070045471], [194.13092041, 59.4010696411, 88.2397613525, 83.2439041138, 66.0051193237, 41.1445121765, 50.7823524475, 37.8616676331, -31.8614177704, 21.3704490662, 14.802066803, 41.7070045471, 121.484161377]],
