{
"lowlevel": {
    "average_loudness": 0.669163823128,
    "barkbands_crest": {
        "dmean": 2.42419743538,
        "dmean2": 3.9085290432,
        "dvar": 5.23263883591,
        "dvar2": 13.3317718506,
        "max": 26.1741847992,
        "mean": 10.547917366,
        "median": 9.72155189514,
        "min": 2.76360058784,
        "var": 18.2492771149
    },
    "barkbands_flatness_db": {
        "dmean": 0.0174550525844,
        "dmean2": 0.027170766145,
        "dvar": 0.000289625109872,
        "dvar2": 0.00063450098969,
        "max": 0.354443430901,
        "mean": 0.15474922955,
        "median": 0.151081591845,
        "min": 0.0377117209136,
        "var": 0.00199591205455
    },
    "barkbands_kurtosis": {
        "dmean": 2.2174551487,
        "dmean2": 3.41325521469,
        "dvar": 29.0211677551,
        "dvar2": 55.3230743408,
        "max": 232.38218689,
        "mean": 3.77081179619,
        "median": 1.32588243484,
        "min": -1.91184771061,
        "var": 87.7708358765
    },
    "barkbands_skewness": {
        "dmean": 0.438263684511,
        "dmean2": 0.64993339777,
        "dvar": 0.27499333024,
        "dvar2": 0.531676590443,
        "max": 14.1508378983,
        "mean": 1.2257361412,
        "median": 1.10257339478,
        "min": -5.27864313126,
        "var": 1.81903707981
    },
    "barkbands_spread": {
        "dmean": 4.85694074631,
        "dmean2": 7.36076641083,
        "dvar": 47.8442802429,
        "dvar2": 97.6939163208,
        "max": 114.151977539,
        "mean": 22.3222122192,
        "median": 19.4338951111,
        "min": 0.845345497131,
        "var": 224.175048828
    },
    "dissonance": {
        "dmean": 0.0212075300515,
        "dmean2": 0.0356525667012,
        "dvar": 0.000423938123276,
        "dvar2": 0.00113543204498,
        "max": 0.500000059605,
        "mean": 0.456584095955,
        "median": 0.463832855225,
        "min": 0.252839446068,
        "var": 0.00108901713975
    },
    "dynamic_complexity": 4.75106239319,
    "erbbands_crest": {
        "dmean": 2.57663106918,
        "dmean2": 4.10781478882,
        "dvar": 6.09040212631,
        "dvar2": 14.6462697983,
        "max": 32.477142334,
        "mean": 10.5200948715,
        "median": 9.55714130402,
        "min": 2.48882699013,
        "var": 22.2315406799
    },
    "erbbands_flatness_db": {
        "dmean": 0.0152232022956,
        "dmean2": 0.0223168786615,
        "dvar": 0.000238248278038,
        "dvar2": 0.000459650327684,
        "max": 0.440553307533,
        "mean": 0.1857945472,
        "median": 0.185821741819,
        "min": 0.053110703826,
        "var": 0.00258145621046
    },
    "erbbands_kurtosis": {
        "dmean": 1.00159740448,
        "dmean2": 1.56848371029,
        "dvar": 2.88021302223,
        "dvar2": 6.24358797073,
        "max": 63.5323486328,
        "mean": 0.910915732384,
        "median": 0.0355966091156,
        "min": -1.79003858566,
        "var": 10.3279809952
    },
    "erbbands_skewness": {
        "dmean": 0.343159854412,
        "dmean2": 0.514423727989,
        "dvar": 0.122491113842,
        "dvar2": 0.246247023344,
        "max": 5.63443279266,
        "mean": 0.496205538511,
        "median": 0.501434326172,
        "min": -3.99773430824,
        "var": 0.851998269558
    },
    "erbbands_spread": {
        "dmean": 6.15742301941,
        "dmean2": 9.38249492645,
        "dvar": 63.7159614563,
        "dvar2": 138.627243042,
        "max": 153.248153687,
        "mean": 33.1185760498,
        "median": 28.555727005,
        "min": 0.874507546425,
        "var": 334.902618408
    },
    "hfc": {
        "dmean": 3.80342793465,
        "dmean2": 5.37720775604,
        "dvar": 39.6295623779,
        "dvar2": 74.8999252319,
        "max": 142.683273315,
        "mean": 16.5352745056,
        "median": 9.91718673706,
        "min": 2.74185174565e-10,
        "var": 307.969085693
    },
    "melbands_crest": {
        "dmean": 2.88659334183,
        "dmean2": 4.69234514236,
        "dvar": 7.34165906906,
        "dvar2": 18.7918300629,
        "max": 33.0695266724,
        "mean": 13.4425210953,
        "median": 12.5855369568,
        "min": 2.57057571411,
        "var": 25.6726341248
    },
    "melbands_flatness_db": {
        "dmean": 0.0203202720731,
        "dmean2": 0.0306776259094,
        "dvar": 0.000443953089416,
        "dvar2": 0.000932428112719,
        "max": 0.457254469395,
        "mean": 0.193015649915,
        "median": 0.190712213516,
        "min": 0.0150439627469,
        "var": 0.00333054969087
    },
    "melbands_kurtosis": {
        "dmean": 4.7715716362,
        "dmean2": 7.24077272415,
        "dvar": 114.707862854,
        "dvar2": 229.013717651,
        "max": 486.391082764,
        "mean": 10.1527900696,
        "median": 4.95472812653,
        "min": -1.88475394249,
        "var": 433.425872803
    },
    "melbands_skewness": {
        "dmean": 0.557548642159,
        "dmean2": 0.845036029816,
        "dvar": 0.445429593325,
        "dvar2": 0.913658797741,
        "max": 16.1810150146,
        "mean": 2.06610107422,
        "median": 1.78568434715,
        "min": -3.86272573471,
        "var": 2.76247596741
    },
    "melbands_spread": {
        "dmean": 6.8431429863,
        "dmean2": 10.3882980347,
        "dvar": 144.99597168,
        "dvar2": 297.940429688,
        "max": 270.875793457,
        "mean": 28.7029876709,
        "median": 21.5181369781,
        "min": 0.643138229847,
        "var": 611.681518555
    },
    "pitch_salience": {
        "dmean": 0.0626698508859,
        "dmean2": 0.101368449628,
        "dvar": 0.00335889006965,
        "dvar2": 0.0082774264738,
        "max": 0.943607985973,
        "mean": 0.540127158165,
        "median": 0.539360105991,
        "min": 0.0695054158568,
        "var": 0.0145799005404
    },
    "silence_rate_20dB": {
        "dmean": 0,
        "dmean2": 0,
        "dvar": 0,
        "dvar2": 0,
        "max": 1,
        "mean": 1,
        "median": 1,
        "min": 1,
        "var": 0
    },
    "silence_rate_30dB": {
        "dmean": 0,
        "dmean2": 0,
        "dvar": 0,
        "dvar2": 0,
        "max": 1,
        "mean": 1,
        "median": 1,
        "min": 1,
        "var": 0
    },
    "silence_rate_60dB": {
        "dmean": 0.0276867039502,
        "dmean2": 0.0553801320493,
        "dvar": 0.0269171129912,
        "dvar2": 0.0615318417549,
        "max": 1,
        "mean": 0.1907479316,
        "median": 0,
        "min": 0,
        "var": 0.1543584764
    },
    "spectral_centroid": {
        "dmean": 220.976303101,
        "dmean2": 328.104949951,
        "dvar": 88472.0703125,
        "dvar2": 161988.578125,
        "max": 6493.55273438,
        "mean": 1598.14379883,
        "median": 1495.0300293,
        "min": 243.661209106,
        "var": 669075.375
    },
    "spectral_complexity": {
        "dmean": 2.29313898087,
        "dmean2": 3.62424087524,
        "dvar": 7.93590831757,
        "dvar2": 15.7200527191,
        "max": 52,
        "mean": 12.6372022629,
        "median": 12,
        "min": 0,
        "var": 61.8232154846
    },
    "spectral_decrease": {
        "dmean": 9.34650246087e-10,
        "dmean2": 1.43226408511e-09,
        "dvar": 2.02880169338e-18,
        "dvar2": 4.53662243871e-18,
        "max": 3.44210204232e-22,
        "mean": -3.66294528042e-09,
        "median": -2.97729574328e-09,
        "min": -2.25588774327e-08,
        "var": 9.70720106196e-18
    },
    "spectral_energy": {
        "dmean": 0.00378239410929,
        "dmean2": 0.00576403364539,
        "dvar": 3.18054408126e-05,
        "dvar2": 7.06054634065e-05,
        "max": 0.0903198197484,
        "mean": 0.0153246214613,
        "median": 0.0123605486006,
        "min": 2.35702621564e-14,
        "var": 0.000167463134858
    },
    "spectral_energyband_high": {
        "dmean": 0.000221200680244,
        "dmean2": 0.00031025041244,
        "dvar": 2.92685967906e-07,
        "dvar2": 4.96375832881e-07,
        "max": 0.015333914198,
        "mean": 0.000547168368939,
        "median": 0.000186395467608,
        "min": 2.01014470911e-14,
        "var": 1.18050331821e-06
    },
    "spectral_energyband_low": {
        "dmean": 0.00164943875279,
        "dmean2": 0.00267765717581,
        "dvar": 1.60984964168e-05,
        "dvar2": 3.95642819058e-05,
        "max": 0.0542715378106,
        "mean": 0.00357569288462,
        "median": 0.00189333071467,
        "min": 2.95197387805e-16,
        "var": 2.80396943708e-05
    },
    "spectral_energyband_middle_high": {
        "dmean": 0.00137868430465,
        "dmean2": 0.0019995640032,
        "dvar": 5.48312300452e-06,
        "dvar2": 1.12125626401e-05,
        "max": 0.0456687994301,
        "mean": 0.00544404704124,
        "median": 0.00235497951508,
        "min": 2.30835959885e-15,
        "var": 4.73521940876e-05
    },
    "spectral_energyband_middle_low": {
        "dmean": 0.00206411769614,
        "dmean2": 0.00313844834454,
        "dvar": 1.23553982121e-05,
        "dvar2": 2.68565599981e-05,
        "max": 0.065075494349,
        "mean": 0.0060440916568,
        "median": 0.00388280395418,
        "min": 7.22967872651e-16,
        "var": 4.43846001872e-05
    },
    "spectral_entropy": {
        "dmean": 0.144817560911,
        "dmean2": 0.212231516838,
        "dvar": 0.0222995448858,
        "dvar2": 0.0432909354568,
        "max": 8.84104537964,
        "mean": 7.41726875305,
        "median": 7.3975777626,
        "min": 5.78483819962,
        "var": 0.192581117153
    },
    "spectral_flux": {
        "dmean": 0.018019432202,
        "dmean2": 0.028926057741,
        "dvar": 0.000419120595325,
        "dvar2": 0.00104601564817,
        "max": 0.235079094768,
        "mean": 0.0628884211183,
        "median": 0.0541719347239,
        "min": 2.52044128501e-06,
        "var": 0.00174763565883
    },
    "spectral_kurtosis": {
        "dmean": 1.45837128162,
        "dmean2": 2.45603704453,
        "dvar": 2.56064271927,
        "dvar2": 7.40006685257,
        "max": 41.8139228821,
        "mean": 4.66927576065,
        "median": 4.19821882248,
        "min": -1.21499538422,
        "var": 9.78682613373
    },
    "spectral_rms": {
        "dmean": 0.000447310303571,
        "dmean2": 0.000672736845445,
        "dvar": 2.86138060801e-07,
        "dvar2": 5.97104417466e-07,
        "max": 0.00938706006855,
        "mean": 0.00345778698102,
        "median": 0.00347261736169,
        "min": 4.79534945086e-09,
        "var": 2.99451858154e-06
    },
    "spectral_rolloff": {
        "dmean": 451.847259521,
        "dmean2": 735.22845459,
        "dvar": 841498.4375,
        "dvar2": 1691516.75,
        "max": 18281.6894531,
        "mean": 1782.6595459,
        "median": 1270.45898438,
        "min": 64.599609375,
        "var": 2683922
    },
    "spectral_skewness": {
        "dmean": 0.192552492023,
        "dmean2": 0.311538159847,
        "dvar": 0.0328119397163,
        "dvar2": 0.0816393122077,
        "max": 4.33749961853,
        "mean": 1.53044974804,
        "median": 1.48389232159,
        "min": -0.274279385805,
        "var": 0.23817743361
    },
    "spectral_spread": {
        "dmean": 419938.9375,
        "dmean2": 602379.25,
        "dvar": 320098500608,
        "dvar2": 534501818368,
        "max": 19718892,
        "mean": 4290192.5,
        "median": 3941089,
        "min": 1441796,
        "var": 2.18389099315e+12
    },
    "spectral_strongpeak": {
        "dmean": 0.614369273186,
        "dmean2": 1.03070104122,
        "dvar": 1.26211702824,
        "dvar2": 3.27880215645,
        "max": 15.1328401566,
        "mean": 1.23141801357,
        "median": 0.515675485134,
        "min": 0,
        "var": 2.36058354378
    },
    "zerocrossingrate": {
        "dmean": 0.00918377842754,
        "dmean2": 0.010485297069,
        "dvar": 0.000218627945287,
        "dvar2": 0.000222621150897,
        "max": 0.70703125,
        "mean": 0.0653692185879,
        "median": 0.05810546875,
        "min": 0.00341796875,
        "var": 0.00179086357821
    },
    "barkbands": {
        "dmean": [8.18724147393e-05, 0.00141138373874, 0.000369007873815, 0.00019835709827, 0.000639045494609, 0.000531257712282, 0.000361216196325, 0.000513981620315, 0.000835592160001, 0.00053823023336, 0.000298450147966, 0.000393208232708, 0.000307000154862, 0.000288718176307, 0.000128603671328, 9.42768456298e-05, 0.000148574821651, 0.000188247009646, 0.000333440635586, 0.000137505528983, 4.59674265585e-05, 4.14058486058e-05, 4.73786349175e-05, 3.91829526052e-05, 3.40477417922e-05, 6.79466756992e-06, 1.5353888827e-08],
        "dmean2": [0.000130218832055, 0.00230448064394, 0.000624365056865, 0.000343778112438, 0.00105501781218, 0.00083550409181, 0.000566871894989, 0.00075602036668, 0.00119861029088, 0.000821420690045, 0.000455282221083, 0.000583146349527, 0.000451735395472, 0.00043622875819, 0.000199849659111, 0.000149300685734, 0.000222090719035, 0.000291543750791, 0.000503287126776, 0.000208684374229, 7.10069434717e-05, 6.42353479634e-05, 6.91180175636e-05, 5.38272361155e-05, 4.73412328574e-05, 9.51929450821e-06, 2.71892588444e-08],
        "dvar": [4.57611868399e-08, 1.2884554053e-05, 1.13836813398e-06, 3.7540047515e-07, 2.35760012401e-06, 1.69341365108e-06, 1.25706844756e-06, 2.9937373256e-06, 5.43283658772e-06, 2.1226132958e-06, 7.84144390309e-07, 1.00599811503e-06, 7.20037633073e-07, 6.21106437393e-07, 1.77888082931e-07, 1.19644198548e-07, 1.4371030943e-07, 2.64574026687e-07, 4.94552523378e-07, 1.0328873401e-07, 1.89646733872e-08, 1.22203536179e-08, 1.51512402624e-08, 2.2534665689e-08, 4.59308395762e-08, 1.36007127782e-09, 9.29878444617e-15],
        "dvar2": [1.09542305893e-07, 3.13826094498e-05, 3.11997996505e-06, 1.07579944597e-06, 6.13579231867e-06, 3.78327126782e-06, 2.93757420877e-06, 5.98134965912e-06, 1.10405835585e-05, 4.82504674437e-06, 1.70170062574e-06, 2.07415337172e-06, 1.422354444e-06, 1.29957686568e-06, 3.71679078626e-07, 2.76144987765e-07, 2.86460050347e-07, 5.84256554248e-07, 1.08901110707e-06, 2.29777526783e-07, 4.46868781978e-08, 2.60183856682e-08, 2.80948562192e-08, 3.78689435365e-08, 8.78099584156e-08, 2.58466026359e-09, 2.67934071739e-14],
        "max": [0.00363896391355, 0.0513125136495, 0.0180327519774, 0.0131105128676, 0.0371414236724, 0.0406373180449, 0.0319507904351, 0.0480262115598, 0.0571893453598, 0.0375798121095, 0.0267935562879, 0.0229031983763, 0.0204943343997, 0.0170286428183, 0.0155964549631, 0.0112529927865, 0.010853426531, 0.010540782474, 0.0149991903454, 0.00830917432904, 0.0033590728417, 0.00296956999227, 0.00364900217392, 0.00620055105537, 0.0080946367234, 0.00154179614037, 4.52916674476e-06],
        "mean": [0.000121762575873, 0.00280080013908, 0.000543808506336, 0.000267621187959, 0.00115639122669, 0.00106721930206, 0.000621418701485, 0.000948091968894, 0.00167537969537, 0.00100813503377, 0.000509573204909, 0.000864294241183, 0.000577476981562, 0.000567656708881, 0.000205088857911, 0.000169782128069, 0.000299342529615, 0.000363299186574, 0.00082201656187, 0.000326904410031, 7.83477298683e-05, 8.15309904283e-05, 9.76063456619e-05, 7.93580256868e-05, 5.97898178967e-05, 1.18897278298e-05, 1.43739278258e-08],
        "median": [1.91625258594e-05, 0.00117298983969, 0.000204376061447, 9.46881555137e-05, 0.000498901645187, 0.000422151584644, 0.000180439048563, 0.00010751485388, 0.00021293797181, 0.000160077674082, 6.93428592058e-05, 0.000118329466204, 8.60432264744e-05, 7.14968773536e-05, 4.26658771175e-05, 4.16778566432e-05, 5.94959710725e-05, 6.84557962813e-05, 0.000156401656568, 5.07581062266e-05, 1.91503568203e-05, 2.82607052213e-05, 3.35086224368e-05, 2.15301915887e-05, 8.51382537803e-06, 2.20299625653e-06, 1.37184508198e-09],
        "min": [1.69067088058e-16, 1.57169504462e-16, 4.17291542471e-17, 2.71595721319e-17, 8.67564099453e-17, 1.02020684809e-16, 5.80787529398e-17, 1.35248741773e-16, 2.36738958964e-16, 1.97418286654e-16, 3.56451250365e-17, 4.84923682238e-17, 1.74344354782e-16, 5.94847680753e-17, 4.39501904401e-17, 7.54875233197e-17, 3.07686253337e-16, 4.7945977048e-16, 5.98659699592e-16, 5.47509973946e-16, 6.17392680254e-16, 5.41071411816e-16, 2.29249805988e-15, 1.36959012467e-15, 3.01677708659e-15, 4.48016520462e-15, 7.63241652903e-15],
        "var": [8.80032686723e-08, 2.09180798265e-05, 1.19309152069e-06, 3.46226670445e-07, 4.87289662487e-06, 4.48001537734e-06, 2.21031064029e-06, 7.36579522709e-06, 1.47148366523e-05, 4.55164581581e-06, 1.88886099295e-06, 4.44283841716e-06, 2.31524836636e-06, 2.12653321796e-06, 3.87200287832e-07, 2.42312637511e-07, 5.10580662194e-07, 7.23993366591e-07, 2.00351178137e-06, 4.13204560346e-07, 4.04891089545e-08, 3.22298774336e-08, 4.58019755456e-08, 7.31065910031e-08, 1.09363170964e-07, 3.24025273279e-09, 9.03959659947e-15]
    },
    "erbbands": {
        "dmean": [0.0417437404394, 0.335209131241, 0.492199659348, 0.487718105316, 1.25403356552, 2.46183300018, 3.78475379944, 4.23027276993, 5.31308794022, 4.90393161774, 14.2290649414, 18.7316665649, 15.6421632767, 13.9775466919, 11.5655889511, 16.1260986328, 13.1669425964, 13.673707962, 8.49647808075, 5.0137963295, 4.62730360031, 8.02327442169, 6.7481098175, 17.2182407379, 11.114780426, 6.69318580627, 2.55499339104, 1.36739802361, 1.45634520054, 1.59934437275, 1.27050995827, 0.929756462574, 0.602978527546, 0.475820720196, 0.193640202284, 0.0543687045574, 0.00690464116633, 0.000600501836743, 1.49640836753e-05, 5.2504155974e-06],
        "dmean2": [0.0672450065613, 0.546380400658, 0.821965932846, 0.837460160255, 2.11939811707, 4.04302406311, 6.04437923431, 6.67444133759, 8.37136459351, 7.39928197861, 21.1052379608, 26.537229538, 23.4762554169, 20.7613964081, 17.0588417053, 23.7124919891, 18.5656452179, 19.8767547607, 12.8546609879, 7.7610707283, 7.20843553543, 12.0397815704, 10.314781189, 26.1596508026, 16.8350505829, 10.0741519928, 3.90119361877, 2.1436111927, 2.26019573212, 2.39364862442, 1.84265255928, 1.33886790276, 0.821338832378, 0.663558244705, 0.277213454247, 0.0761111676693, 0.00964701455086, 0.000858835468534, 2.06290260394e-05, 7.73989813752e-06],
        "dvar": [0.00996240694076, 0.800568223, 1.95353651047, 2.15122795105, 8.92087459564, 45.9908943176, 102.49848175, 132.164779663, 231.512954712, 390.239624023, 1953.4095459, 3110.0949707, 2087.10522461, 1299.15380859, 1168.14624023, 1803.74438477, 1359.6439209, 1294.85681152, 688.522155762, 281.790405273, 188.621047974, 507.514221191, 315.587860107, 1661.3782959, 445.959106445, 266.433013916, 55.8260879517, 15.01304245, 16.6530151367, 18.7122211456, 11.4222812653, 9.26197242737, 7.10583639145, 8.91644763947, 1.52101624012, 0.105738647282, 0.00110207765829, 6.04760998613e-06, 3.37858363508e-09, 7.64950117138e-11],
        "dvar2": [0.0254480559379, 1.96544027328, 5.2810125351, 6.0727853775, 25.1153869629, 117.02432251, 245.841842651, 279.657958984, 549.324279785, 800.646911621, 3994.32666016, 6357.92578125, 4771.04052734, 2732.83496094, 2487.7578125, 3773.11352539, 2543.65136719, 2531.36767578, 1487.16674805, 652.132141113, 406.545654297, 1026.89416504, 677.631896973, 3843.2644043, 998.809753418, 583.21282959, 133.530960083, 33.9735336304, 35.6099967957, 38.036239624, 21.1198406219, 15.9979162216, 12.2108640671, 17.764623642, 3.08042788506, 0.201450318098, 0.00220214645378, 1.20920431073e-05, 6.23417095724e-09, 1.54138105057e-10],
        "max": [1.27575182915, 12.9352312088, 18.8306026459, 30.5730438232, 89.9949569702, 196.156784058, 272.910919189, 472.533782959, 483.577331543, 868.745727539, 1016.96856689, 1592.64880371, 1577.19726562, 1238.82299805, 915.221740723, 1053.56018066, 1146.52380371, 964.801818848, 945.794677734, 478.434326172, 678.779541016, 764.194763184, 499.260467529, 949.54284668, 369.596557617, 387.145751953, 194.043258667, 120.513298035, 126.843658447, 123.722602844, 102.184059143, 104.975196838, 109.506660461, 116.982933044, 46.7653274536, 11.5439319611, 1.19901382923, 0.072041131556, 0.00174272316508, 0.000231371639529],
        "mean": [0.0741396173835, 0.637449860573, 0.820586264133, 0.756109952927, 1.95227229595, 4.20783042908, 7.70219326019, 8.18034648895, 9.66994667053, 8.36223983765, 30.888469696, 38.1003227234, 31.8555698395, 28.3013191223, 22.7228946686, 36.1871109009, 27.7959785461, 29.5468673706, 17.7922897339, 9.40681362152, 10.2456502914, 17.0619392395, 17.1371955872, 43.1057929993, 29.0064888, 16.3242893219, 5.52603387833, 2.43133378029, 2.76595616341, 3.29027938843, 2.6232111454, 1.87789070606, 1.19390845299, 0.826565504074, 0.32331931591, 0.0954946130514, 0.0123927546665, 0.00100569182541, 3.48657522409e-05, 2.13440271182e-05],
        "median": [0.0267427377403, 0.239208444953, 0.437071740627, 0.353449523449, 0.901544868946, 1.53680467606, 2.29761147499, 3.17270088196, 3.77512264252, 2.19333934784, 4.16247940063, 6.24611520767, 6.779088974, 6.49617242813, 5.22403049469, 6.1961812973, 5.89062929153, 5.0528793335, 3.24486112595, 2.37642240524, 2.9335193634, 3.42329359055, 3.87209606171, 6.94327497482, 7.04912090302, 2.90076231956, 1.32140922546, 0.661844968796, 0.893402814865, 1.2915327549, 0.801483869553, 0.505516171455, 0.28404417634, 0.121612638235, 0.0470136664808, 0.0162258390337, 0.00263014715165, 0.000215581676457, 1.58128641488e-05, 1.68404949363e-05],
        "min": [7.15995340951e-15, 2.64414870072e-14, 4.97161922633e-14, 7.49460850368e-14, 1.31483799543e-13, 3.12559575661e-13, 7.56014825395e-13, 7.87003275049e-13, 5.35161379187e-13, 1.8392260371e-12, 3.5707116517e-12, 5.3024412118e-12, 6.87166035879e-12, 3.30970103754e-12, 2.02665575294e-12, 2.14370101531e-12, 7.20848424354e-12, 5.28366760066e-12, 1.00975315349e-12, 3.73938423628e-12, 6.16347251015e-12, 1.85439927303e-11, 1.94561571715e-11, 3.81453688081e-11, 2.42176296378e-11, 2.71131676138e-11, 2.664699017e-11, 2.05796022584e-11, 1.10805305903e-11, 4.11284166446e-11, 8.06962136002e-11, 4.23534922411e-11, 1.48278403445e-11, 1.35981555877e-11, 3.00078746573e-11, 1.74662229124e-11, 1.11236887756e-11, 2.51894078512e-12, 1.15150705811e-12, 1.22603560334e-13],
        "var": [0.0165359098464, 1.16084110737, 2.05891561508, 2.06776094437, 10.4123125076, 92.7113189697, 339.379547119, 301.674377441, 405.263092041, 631.799316406, 5841.25195312, 8369.87988281, 4291.48925781, 3508.31738281, 2925.81323242, 7219.1015625, 4603.19824219, 5285.87353516, 2187.74633789, 572.854736328, 590.499145508, 1787.66711426, 1265.41625977, 7283.12158203, 1929.609375, 975.456176758, 157.194610596, 33.5065612793, 43.5121383667, 47.3217391968, 36.5355262756, 31.2354393005, 21.9419517517, 21.8662281036, 3.01711010933, 0.245574593544, 0.00233045499772, 1.2115096979e-05, 8.49664072433e-09, 3.82412657096e-10]
    },
    "gfcc": {
        "mean": [-51.7467803955, 86.8721694946, -135.02104187, 28.3541316986, -69.9226455688, 15.1513805389, -35.6562614441, 14.7278203964, -27.3904075623, -0.883335292339, -5.10200119019, -0.214069262147, -12.3520545959],
        "cov": [[8588.96582031, -458.076690674, 275.083740234, 1345.60229492, 423.538970947, 668.361877441, 520.546630859, 843.756652832, -19.7399978638, 197.945648193, 505.180175781, 107.734413147, 3.1847820282], [-458.076690674, 1355.17370605, 471.280609131, 144.268630981, 292.262145996, -113.249931335, 50.4066047668, -69.9720993042, 62.0317268372, -74.7715377808, 141.91696167, -21.5434875488, -23.8777694702], [275.083740234, 471.280609131, 1342.48266602, 624.376953125, 72.1095275879, 153.617416382, -117.825340271, -39.9787406921, -10.1981239319, 70.6119766235, -8.16923713684, 90.2521743774, -43.4856414795], [1345.60229492, 144.268630981, 624.376953125, 821.015625, 270.339447021, 192.997406006, 76.9520568848, 150.001525879, 35.6378822327, 74.4493637085, 119.137619019, 53.9122314453, 38.8905448914], [423.538970947, 292.262145996, 72.1095275879, 270.339447021, 429.43661499, 116.79209137, 120.933494568, 112.1195755, 22.7003440857, 64.2335510254, 93.5228729248, 21.6226596832, 47.5135498047], [668.361877441, -113.249931335, 153.617416382, 192.997406006, 116.79209137, 322.356140137, 175.86756897, 79.7004470825, -20.9707603455, 89.9858627319, 70.851348877, 14.8990812302, 32.193561554], [520.546630859, 50.4066047668, -117.825340271, 76.9520568848, 120.933494568, 175.86756897, 367.074737549, 161.463684082, 5.86589670181, 46.1629180908, 117.667076111, 2.82640910149, 12.8340301514], [843.756652832, -69.9720993042, -39.9787406921, 150.001525879, 112.1195755, 79.7004470825, 161.463684082, 249.823455811, 56.7435379028, 42.2070770264, 71.4890823364, 19.9149360657, 14.6940021515], [-19.7399978638, 62.0317268372, -10.1981239319, 35.6378822327, 22.7003440857, -20.9707603455, 5.86589670181, 56.7435379028, 151.679458618, 26.3677501678, -0.984528660774, 1.85968720913, 21.77044487], [197.945648193, -74.7715377808, 70.6119766235, 74.4493637085, 64.2335510254, 89.9858627319, 46.1629180908, 42.2070770264, 26.3677501678, 140.184295654, 34.0260009766, 10.9734516144, 23.788936615], [505.180175781, 141.91696167, -8.16923713684, 119.137619019, 93.5228729248, 70.851348877, 117.667076111, 71.4890823364, -0.984528660774, 34.0260009766, 183.821151733, 14.8791685104, 23.2776298523], [107.734413147, -21.5434875488, 90.2521743774, 53.9122314453, 21.6226596832, 14.8990812302, 2.82640910149, 19.9149360657, 1.85968720913, 10.9734516144, 14.8791685104, 103.629562378, 18.1638050079], [3.1847820282, -23.8777694702, -43.4856414795, 38.8905448914, 47.5135498047, 32.193561554, 12.8340301514, 14.6940021515, 21.77044487, 23.788936615, 23.2776298523, 18.1638050079, 121.829399109]],
        "icov": [[0.000298232393106, -0.000189190715901, 0.000374014663976, -0.000587926188018, 0.000440507224994, -0.000599804159719, 0.000490134407301, -0.000997801311314, 0.000464027252747, -0.00015930608788, -0.000188756661373, -0.000222083370318, 0.000349079724401], [-0.000189190715901, 0.00338589330204, -0.00285570975393, 0.00222225254402, -0.00363248190843, 0.0031908203382, -0.00246093166061, 0.00286186905578, -0.00264004478231, 0.00308350846171, -0.0033002353739, 0.00231576850638, -0.000417610426666], [0.000374014663976, -0.00285570975393, 0.00423773610964, -0.00366171938367, 0.00357251451351, -0.0035792265553, 0.00287749432027, -0.00223009474576, 0.00240196706727, -0.00306911068037, 0.00294147362001, -0.0030871569179, 0.00169872900005], [-0.000587926188018, 0.00222225254402, -0.00366171938367, 0.00537547422573, -0.00388779491186, 0.00217929296196, -0.00170487479772, 0.00175377132837, -0.00248208525591, 0.00263392343186, -0.00267506181262, 0.0020918387454, -0.00153515534475], [0.000440507224994, -0.00363248190843, 0.00357251451351, -0.00388779491186, 0.00753615424037, -0.00388559722342, 0.00255194958299, -0.00404177093878, 0.00316265039146, -0.00397574109957, 0.00282226805575, -0.00267941481434, 0.000170499362866], [-0.000599804159719, 0.0031908203382, -0.0035792265553, 0.00217929296196, -0.00388559722342, 0.00974662229419, -0.0056593795307, 0.00410748878494, -0.00131492584478, 0.000258271553321, -0.00214986992069, 0.0027180549223, -0.00210150866769], [0.000490134407301, -0.00246093166061, 0.00287749432027, -0.00170487479772, 0.00255194958299, -0.0056593795307, 0.00817893538624, -0.00568621000275, 0.00238989316858, -0.00162697478663, -0.00010713381198, -0.00161677843425, 0.0015527792275], [-0.000997801311314, 0.00286186905578, -0.00223009474576, 0.00175377132837, -0.00404177093878, 0.00410748878494, -0.00568621000275, 0.012295473367, -0.00537715805694, 0.00195069448091, -0.00178838788997, 0.00091997301206, -0.000377417483833], [0.000464027252747, -0.00264004478231, 0.00240196706727, -0.00248208525591, 0.00316265039146, -0.00131492584478, 0.00238989316858, -0.00537715805694, 0.0106258541346, -0.0042068217881, 0.00298673310317, -0.00136603007559, -0.000813412771095], [-0.00015930608788, 0.00308350846171, -0.00306911068037, 0.00263392343186, -0.00397574109957, 0.000258271553321, -0.00162697478663, 0.00195069448091, -0.0042068217881, 0.0125373341143, -0.00394529663026, 0.00208950717933, -0.00116343004629], [-0.000188756661373, -0.0033002353739, 0.00294147362001, -0.00267506181262, 0.00282226805575, -0.00214986992069, -0.00010713381198, -0.00178838788997, 0.00298673310317, -0.00394529663026, 0.0115762045607, -0.00278527545743, -0.00060353736626], [-0.000222083370318, 0.00231576850638, -0.0030871569179, 0.0020918387454, -0.00267941481434, 0.0027180549223, -0.00161677843425, 0.00091997301206, -0.00136603007559, 0.00208950717933, -0.00278527545743, 0.012628601864, -0.00243847258389], [0.000349079724401, -0.000417610426666, 0.00169872900005, -0.00153515534475, 0.000170499362866, -0.00210150866769, 0.0015527792275, -0.000377417483833, -0.000813412771095, -0.00116343004629, -0.00060353736626, -0.00243847258389, 0.0104358009994]]
    },
    "melbands": {
        "dmean": [0.000382622063626, 0.000315392797347, 9.92570057861e-05, 0.000134904461447, 0.000121473167383, 9.71177651081e-05, 7.98684632173e-05, 6.10598290223e-05, 0.000130587635795, 0.000114759408461, 8.00582492957e-05, 6.0870363086e-05, 4.10360298702e-05, 4.28592938988e-05, 4.21907825512e-05, 2.68478906946e-05, 2.82144737866e-05, 1.70492803591e-05, 8.23854952614e-06, 7.21053720554e-06, 5.96256631979e-06, 9.20701495488e-06, 7.91520778876e-06, 8.98101643543e-06, 1.70530274772e-05, 1.28164165289e-05, 6.1882474256e-06, 4.64672939415e-06, 2.09222343983e-06, 1.01371313121e-06, 8.07521018942e-07, 8.91915078682e-07, 8.60804959757e-07, 9.97174538497e-07, 8.17398472464e-07, 6.69989333346e-07, 5.74524165131e-07, 4.38367521838e-07, 4.4774685648e-07, 4.08472715208e-07],
        "dmean2": [0.000619435624685, 0.000516144209541, 0.000169274178916, 0.00022467195231, 0.000195013883058, 0.000152868728037, 0.000125804217532, 9.23608895391e-05, 0.0001917231275, 0.000164494413184, 0.000120619173686, 9.04667758732e-05, 6.10089882684e-05, 6.13095762674e-05, 6.19443671894e-05, 3.95719907829e-05, 4.13078232668e-05, 2.61927380052e-05, 1.28620813484e-05, 1.13614423753e-05, 9.40001518757e-06, 1.39153271448e-05, 1.18616726468e-05, 1.36784237839e-05, 2.60820033873e-05, 1.95164575416e-05, 9.40686913964e-06, 7.083429864e-06, 3.28430792251e-06, 1.5934891735e-06, 1.2980279962e-06, 1.418482384e-06, 1.34673871344e-06, 1.49432514718e-06, 1.20187326047e-06, 1.00120587376e-06, 8.32233183701e-07, 6.2652577526e-07, 6.51824507258e-07, 5.84289693961e-07],
        "dvar": [8.7891766043e-07, 7.21478613741e-07, 7.43975263617e-08, 1.10844595724e-07, 9.71082343426e-08, 6.17304394268e-08, 5.05621997604e-08, 5.55007702019e-08, 1.52214283844e-07, 1.16405914241e-07, 5.45406173558e-08, 2.48595810604e-08, 1.55156829607e-08, 1.28756223461e-08, 1.25160237729e-08, 5.3652184917e-09, 5.77122438727e-09, 2.89863866243e-09, 6.33705754538e-10, 8.99077645666e-10, 2.7146515591e-10, 7.07216951668e-10, 4.22337387285e-10, 7.31361027295e-10, 1.74361658445e-09, 7.03156477488e-10, 1.87824228393e-10, 1.40866776577e-10, 3.76220721243e-11, 1.02951223935e-11, 5.36861137143e-12, 6.14515339656e-12, 5.84728836531e-12, 7.53642200729e-12, 4.85780859982e-12, 3.92585616793e-12, 4.05005499624e-12, 3.3147289167e-12, 7.67385460732e-12, 6.72420105707e-12],
        "dvar2": [2.15108457269e-06, 1.84737393738e-06, 2.09568483456e-07, 2.96229387686e-07, 2.34450482139e-07, 1.33629086463e-07, 1.18076982858e-07, 1.12598790736e-07, 3.14469872364e-07, 2.42091942937e-07, 1.24472762764e-07, 5.22788035084e-08, 3.26201536893e-08, 2.42311823939e-08, 2.60153960596e-08, 1.0802427397e-08, 1.14221512248e-08, 6.46160192019e-09, 1.41243461371e-09, 2.09682071706e-09, 6.09851114053e-10, 1.43970124711e-09, 8.28677404474e-10, 1.45733314305e-09, 3.99202226831e-09, 1.55860502282e-09, 4.25446761154e-10, 3.18683746059e-10, 9.24230900146e-11, 2.46246408681e-11, 1.27638151784e-11, 1.35753812705e-11, 1.29616144207e-11, 1.58885578305e-11, 9.72512261693e-12, 7.95691811051e-12, 7.25901196791e-12, 6.16052131183e-12, 1.623186828e-11, 1.35948361943e-11],
        "max": [0.0124268904328, 0.0114130498841, 0.00608317553997, 0.00657633179799, 0.00846876762807, 0.00929795857519, 0.00618315394968, 0.0090857790783, 0.00862083770335, 0.00981117971241, 0.00774744339287, 0.00517128966749, 0.00369045324624, 0.00276591535658, 0.00249357055873, 0.00209275726229, 0.00163358566351, 0.00138389726635, 0.000696585979313, 0.00099762971513, 0.000683886697516, 0.000815482984763, 0.000431334250607, 0.00076682009967, 0.000934629177209, 0.000547220639419, 0.000457299058326, 0.000236682870309, 0.00016683760623, 8.3290557086e-05, 5.97161924816e-05, 8.32988516777e-05, 6.22371371719e-05, 7.47004669392e-05, 6.91129534971e-05, 5.7233748521e-05, 7.51975749154e-05, 7.16161084711e-05, 0.000113552523544, 9.49439126998e-05],
        "mean": [0.000748944934458, 0.000600185187068, 0.000159395713126, 0.000223072813242, 0.000253025995335, 0.000189912228961, 0.000144590259879, 9.81981720543e-05, 0.000284213572741, 0.000229078388656, 0.000157317030244, 0.000117817755381, 7.27705701138e-05, 9.32567927521e-05, 8.02192880656e-05, 5.42712878087e-05, 5.61189553991e-05, 3.23633212247e-05, 1.35123209475e-05, 1.17862418847e-05, 1.17127856356e-05, 1.75278455572e-05, 1.50877385749e-05, 1.81611085281e-05, 3.78587465093e-05, 2.81026459561e-05, 1.37990891744e-05, 9.90952139546e-06, 3.97379835704e-06, 1.61952095823e-06, 1.2843473769e-06, 1.52126915509e-06, 1.66981351413e-06, 1.91155004359e-06, 1.581355491e-06, 1.25384246985e-06, 1.09821064598e-06, 8.23599918931e-07, 7.98141172709e-07, 6.64585456889e-07],
        "median": [0.00030427967431, 0.000313497672323, 8.3952647401e-05, 9.37917357078e-05, 8.01013738965e-05, 7.6207856182e-05, 5.28096643393e-05, 1.96308537852e-05, 3.27564630425e-05, 3.1874726119e-05, 2.43487775151e-05, 2.06488221011e-05, 1.20057793538e-05, 1.3699162082e-05, 1.13414553198e-05, 9.25216954784e-06, 7.61973478802e-06, 4.24931567977e-06, 3.03743831864e-06, 2.59980879491e-06, 3.27542443301e-06, 3.2538364394e-06, 2.93022321785e-06, 3.32884565069e-06, 5.35221988684e-06, 5.68104042031e-06, 2.86466411126e-06, 1.28652413878e-06, 7.56950839786e-07, 3.71874421035e-07, 3.0021413977e-07, 4.24800759902e-07, 5.98269423335e-07, 7.15693090569e-07, 4.46484222039e-07, 3.1925887356e-07, 2.79698440409e-07, 1.97867024099e-07, 1.30264709242e-07, 7.94701975337e-08],
        "min": [6.19093800345e-17, 2.94104728538e-17, 1.44228237309e-17, 1.47198659432e-17, 2.46778119186e-17, 1.76058593957e-17, 9.22768115215e-18, 2.20661297552e-17, 3.14093779651e-17, 3.36487080845e-17, 3.46945985597e-17, 1.47087420183e-17, 5.74489301768e-18, 6.32650562665e-18, 8.76523507735e-18, 1.84029819192e-17, 8.34190802808e-18, 8.35527743813e-19, 4.24835289037e-18, 4.37900896325e-18, 7.7534095541e-18, 1.88816035109e-17, 1.82956486173e-17, 2.113056863e-17, 3.31254203941e-17, 2.08598721202e-17, 1.90554537146e-17, 1.65694384841e-17, 1.64858171417e-17, 1.33246943184e-17, 1.23648835664e-17, 5.36392175168e-18, 1.05009883932e-17, 2.4537363268e-17, 4.92435276293e-17, 4.14108319863e-17, 1.7659298572e-17, 7.68583055242e-18, 1.35254030766e-17, 8.97765423147e-18],
        "var": [1.51868505327e-06, 9.20199852317e-07, 7.44292520949e-08, 1.75500787236e-07, 3.31764795192e-07, 1.45156860754e-07, 9.3487521724e-08, 9.04795669499e-08, 4.63306918164e-07, 3.11452907908e-07, 1.12971932253e-07, 6.53164207165e-08, 3.56646374655e-08, 6.03239342922e-08, 3.51265860843e-08, 2.10423536373e-08, 2.22338414346e-08, 8.59555182586e-09, 1.31135824422e-09, 1.49483414535e-09, 8.28071500258e-10, 2.17211137965e-09, 1.24592391959e-09, 2.09524908534e-09, 6.39633190858e-09, 2.35778196966e-09, 7.01347480092e-10, 4.27392232716e-10, 1.01998888502e-10, 1.95057980185e-11, 1.02524369203e-11, 1.48292246538e-11, 1.35456212219e-11, 1.73793184705e-11, 1.3681284404e-11, 1.07686758816e-11, 1.29367679763e-11, 8.57845305208e-12, 2.10146761104e-11, 1.44052261439e-11]
    },
    "mfcc": {
        "mean": [-688.013000488, 111.898406982, -7.06225204468, 13.0082626343, -5.40119457245, -4.8773226738, 4.12660884857, 9.16001415253, -13.4002628326, 5.77220869064, 2.03437948227, -4.27774190903, 1.14299929142],
        "cov": [[8093.5, -952.735900879, -21.4751033783, 819.554626465, 328.387390137, 119.666763306, 809.285827637, 647.855224609, -33.1051521301, 561.555725098, 311.852294922, 119.210533142, 216.349212646], [-952.735900879, 1195.64001465, 145.957229614, 125.911567688, 144.521209717, -16.0203437805, -14.9244174957, 17.5758190155, -100.540672302, -29.8518314362, 57.3311805725, -15.1588373184, -8.4476146698], [-21.4751033783, 145.957229614, 1233.59838867, 407.550598145, 255.373886108, 232.866317749, -6.25708770752, -8.81304550171, -29.8537902832, -87.5945281982, 30.6848564148, 36.6822624207, 39.2708396912], [819.554626465, 125.911567688, 407.550598145, 616.801391602, 326.095672607, 115.990242004, 139.35383606, 134.846923828, 15.9736623764, 68.4618759155, 56.7475738525, 57.6035652161, 88.1549453735], [328.387390137, 144.521209717, 255.373886108, 326.095672607, 405.862121582, 105.400344849, 56.5023651123, 21.3386650085, 18.4019889832, 35.3408050537, -6.45120620728, 28.6550960541, 54.5348739624], [119.666763306, -16.0203437805, 232.866317749, 115.990242004, 105.400344849, 264.810638428, 137.462982178, 16.506811142, 46.9140281677, 30.4995384216, 19.3520069122, 35.1858825684, 22.0357322693], [809.285827637, -14.9244174957, -6.25708770752, 139.35383606, 56.5023651123, 137.462982178, 417.971496582, 141.057250977, 8.89066505432, 138.922958374, 58.6221084595, 46.1683197021, 60.9765167236], [647.855224609, 17.5758190155, -8.81304550171, 134.846923828, 21.3386650085, 16.506811142, 141.057250977, 227.629150391, 19.9022846222, 62.077167511, 74.7014846802, 22.925283432, 29.4522953033], [-33.1051521301, -100.540672302, -29.8537902832, 15.9736623764, 18.4019889832, 46.9140281677, 8.89066505432, 19.9022846222, 176.477157593, 42.6200828552, -1.18508458138, 32.0752296448, -6.79770755768], [561.555725098, -29.8518314362, -87.5945281982, 68.4618759155, 35.3408050537, 30.4995384216, 138.922958374, 62.077167511, 42.6200828552, 210.176727295, 46.0408210754, 17.6801624298, 38.3580207825], [311.852294922, 57.3311805725, 30.6848564148, 56.7475738525, -6.45120620728, 19.3520069122, 58.6221084595, 74.7014846802, -1.18508458138, 46.0408210754, 151.226806641, 36.5178947449, 2.96576929092], [119.210533142, -15.1588373184, 36.6822624207, 57.6035652161, 28.6550960541, 35.1858825684, 46.1683197021, 22.925283432, 32.0752296448, 17.6801624298, 36.5178947449, 107.62297821, 31.0742778778], [216.349212646, -8.4476146698, 39.2708396912, 88.1549453735, 54.5348739624, 22.0357322693, 60.9765167236, 29.4522953033, -6.79770755768, 38.3580207825, 2.96576929092, 31.0742778778, 111.901039124]],
