{
"lowlevel": {
    "average_loudness": 0.741267085075,
    "barkbands_crest": {
        "dmean": 2.47363710403,
        "dmean2": 4.06223630905,
        "dvar": 5.20815134048,
        "dvar2": 13.4562225342,
        "max": 26.3344230652,
        "mean": 10.0554456711,
        "median": 8.97067737579,
        "min": 2.10278606415,
        "var": 21.0932331085
    },
    "barkbands_flatness_db": {
        "dmean": 0.0183129440993,
        "dmean2": 0.0288111306727,
        "dvar": 0.000294852972729,
        "dvar2": 0.00070354755735,
        "max": 0.410575568676,
        "mean": 0.133180573583,
        "median": 0.113129928708,
        "min": 0.0255644191056,
        "var": 0.00417499151081
    },
    "barkbands_kurtosis": {
        "dmean": 2.22207570076,
        "dmean2": 3.56853699684,
        "dvar": 33.2445297241,
        "dvar2": 80.0921554565,
        "max": 211.775894165,
        "mean": 2.95282244682,
        "median": 0.353853344917,
        "min": -1.95360648632,
        "var": 92.7166976929
    },
    "barkbands_skewness": {
        "dmean": 0.479696601629,
        "dmean2": 0.744506776333,
        "dvar": 0.330822408199,
        "dvar2": 0.708053588867,
        "max": 12.8687496185,
        "mean": 1.20563113689,
        "median": 1.01022028923,
        "min": -4.69624423981,
        "var": 1.72191309929
    },
    "barkbands_spread": {
        "dmean": 6.60823392868,
        "dmean2": 10.3467979431,
        "dvar": 76.4914550781,
        "dvar2": 168.176269531,
        "max": 119.061836243,
        "mean": 31.035900116,
        "median": 29.5313644409,
        "min": 0.830359041691,
        "var": 378.75100708
    },
    "dissonance": {
        "dmean": 0.0162351764739,
        "dmean2": 0.0273397378623,
        "dvar": 0.000304112734739,
        "dvar2": 0.000800985319074,
        "max": 0.500000059605,
        "mean": 0.46797144413,
        "median": 0.476546764374,
        "min": 0.160487920046,
        "var": 0.000926503853407
    },
    "dynamic_complexity": 3.66881155968,
    "erbbands_crest": {
        "dmean": 2.50653338432,
        "dmean2": 3.99450302124,
        "dvar": 5.32726430893,
        "dvar2": 12.8273057938,
        "max": 31.7319221497,
        "mean": 9.4456281662,
        "median": 8.35315704346,
        "min": 2.30813503265,
        "var": 20.624912262
    },
    "erbbands_flatness_db": {
        "dmean": 0.0148580195382,
        "dmean2": 0.0226916782558,
        "dvar": 0.000217132255784,
        "dvar2": 0.00047825142974,
        "max": 0.397568911314,
        "mean": 0.172336786985,
        "median": 0.151619136333,
        "min": 0.0561658777297,
        "var": 0.0045020612888
    },
    "erbbands_kurtosis": {
        "dmean": 0.954123258591,
        "dmean2": 1.48536813259,
        "dvar": 3.06704688072,
        "dvar2": 6.36775398254,
        "max": 42.8007392883,
        "mean": 0.596398890018,
        "median": -0.188715815544,
        "min": -1.90605139732,
        "var": 7.75460004807
    },
    "erbbands_skewness": {
        "dmean": 0.355898439884,
        "dmean2": 0.53799945116,
        "dvar": 0.159103602171,
        "dvar2": 0.298295706511,
        "max": 6.15723371506,
        "mean": 0.182474479079,
        "median": 0.149700403214,
        "min": -5.18688106537,
        "var": 1.00607025623
    },
    "erbbands_spread": {
        "dmean": 7.90133714676,
        "dmean2": 12.2699213028,
        "dvar": 99.3365783691,
        "dvar2": 237.988143921,
        "max": 154.539337158,
        "mean": 40.8418655396,
        "median": 38.8969688416,
        "min": 3.37550210953,
        "var": 440.191680908
    },
    "hfc": {
        "dmean": 7.80871677399,
        "dmean2": 11.4494915009,
        "dvar": 275.671936035,
        "dvar2": 548.397888184,
        "max": 444.585723877,
        "mean": 28.6467609406,
        "median": 21.6151542664,
        "min": 1.23048555657e-16,
        "var": 916.896728516
    },
    "melbands_crest": {
        "dmean": 3.17890286446,
        "dmean2": 5.20316171646,
        "dvar": 7.72898197174,
        "dvar2": 20.0191936493,
        "max": 35.0048866272,
        "mean": 14.5358219147,
        "median": 13.7019357681,
        "min": 2.88232827187,
        "var": 30.1639175415
    },
    "melbands_flatness_db": {
        "dmean": 0.0226987153292,
        "dmean2": 0.0355304665864,
        "dvar": 0.000481404713355,
        "dvar2": 0.00108894088771,
        "max": 0.473562717438,
        "mean": 0.170353651047,
        "median": 0.161086305976,
        "min": 0.00728832744062,
        "var": 0.00469840271398
    },
    "melbands_kurtosis": {
        "dmean": 6.28150129318,
        "dmean2": 10.1630496979,
        "dvar": 211.878143311,
        "dvar2": 522.436218262,
        "max": 491.198669434,
        "mean": 12.6509208679,
        "median": 5.29866361618,
        "min": -1.88424515724,
        "var": 625.905883789
    },
    "melbands_skewness": {
        "dmean": 0.661782801151,
        "dmean2": 1.04548156261,
        "dvar": 0.639835834503,
        "dvar2": 1.46385014057,
        "max": 15.9444169998,
        "mean": 2.50607800484,
        "median": 2.05167412758,
        "min": -2.80401039124,
        "var": 3.20539546013
    },
    "melbands_spread": {
        "dmean": 10.1222200394,
        "dmean2": 15.6391611099,
        "dvar": 279.197479248,
        "dvar2": 576.647277832,
        "max": 268.969329834,
        "mean": 35.8840789795,
        "median": 28.8666572571,
        "min": 0.59592205286,
        "var": 942.390563965
    },
    "pitch_salience": {
        "dmean": 0.0664850324392,
        "dmean2": 0.10882422328,
        "dvar": 0.0037592665758,
        "dvar2": 0.0100224642083,
        "max": 0.975913226604,
        "mean": 0.536410868168,
        "median": 0.535583734512,
        "min": 0.0748724490404,
        "var": 0.0169719345868
    },
    "silence_rate_20dB": {
        "dmean": 0,
        "dmean2": 0,
        "dvar": 0,
        "dvar2": 0,
        "max": 1,
        "mean": 1,
        "median": 1,
        "min": 1,
        "var": 0
    },
    "silence_rate_30dB": {
        "dmean": 0.000455425266409,
        "dmean2": 0.000910954200663,
        "dvar": 0.000455241941381,
        "dvar2": 0.00136569782626,
        "max": 1,
        "mean": 0.999772310257,
        "median": 1,
        "min": 0,
        "var": 0.00022763486777
    },
    "silence_rate_60dB": {
        "dmean": 0.013662757352,
        "dmean2": 0.027328627184,
        "dvar": 0.0134736057371,
        "dvar2": 0.0322744250298,
        "max": 1,
        "mean": 0.122950822115,
        "median": 0,
        "min": 0,
        "var": 0.10785215348
    },
    "spectral_centroid": {
        "dmean": 285.203491211,
        "dmean2": 424.070648193,
        "dvar": 131906.5625,
        "dvar2": 230357.8125,
        "max": 11774.3398438,
        "mean": 1887.00390625,
        "median": 1845.33361816,
        "min": 176.884994507,
        "var": 660595.6875
    },
    "spectral_complexity": {
        "dmean": 3.08801102638,
        "dmean2": 4.81302642822,
        "dvar": 11.0454750061,
        "dvar2": 23.4163799286,
        "max": 57,
        "mean": 17.8849048615,
        "median": 18,
        "min": 0,
        "var": 106.120483398
    },
    "spectral_decrease": {
        "dmean": 1.59821500478e-09,
        "dmean2": 2.58209964521e-09,
        "dvar": 5.09002860238e-18,
        "dvar2": 1.26118325481e-17,
        "max": 4.63358853374e-29,
        "mean": -5.43588818402e-09,
        "median": -4.74564343378e-09,
        "min": -3.30642251356e-08,
        "var": 1.81640276382e-17
    },
    "spectral_energy": {
        "dmean": 0.00647915806621,
        "dmean2": 0.0103988368064,
        "dvar": 7.90577978478e-05,
        "dvar2": 0.000194857959286,
        "max": 0.130395695567,
        "mean": 0.0231146477163,
        "median": 0.0209331549704,
        "min": 1.0985978778e-20,
        "var": 0.000305213965476
    },
    "spectral_energyband_high": {
        "dmean": 0.000766259036027,
        "dmean2": 0.00111909687985,
        "dvar": 3.63827552974e-06,
        "dvar2": 7.08211337042e-06,
        "max": 0.0419824384153,
        "mean": 0.00202550319955,
        "median": 0.00108351232484,
        "min": 8.16641895341e-21,
        "var": 1.01399882624e-05
    },
    "spectral_energyband_low": {
        "dmean": 0.0033885743469,
        "dmean2": 0.00570417335257,
        "dvar": 3.58991637768e-05,
        "dvar2": 9.85319056781e-05,
        "max": 0.0877548903227,
        "mean": 0.00722309434786,
        "median": 0.00377957569435,
        "min": 1.54581282859e-22,
        "var": 8.80218940438e-05
    },
    "spectral_energyband_middle_high": {
        "dmean": 0.00167608505581,
        "dmean2": 0.00255244038999,
        "dvar": 9.35910156841e-06,
        "dvar2": 2.16101780097e-05,
        "max": 0.0820971503854,
        "mean": 0.00581872463226,
        "median": 0.00378787354566,
        "min": 1.42057243824e-21,
        "var": 4.40080439148e-05
    },
    "spectral_energyband_middle_low": {
        "dmean": 0.00371048529632,
        "dmean2": 0.00578100420535,
        "dvar": 4.24237878178e-05,
        "dvar2": 9.68107342487e-05,
        "max": 0.100564703345,
        "mean": 0.00877513736486,
        "median": 0.00515539105982,
        "min": 2.27333279334e-22,
        "var": 0.000108565058326
    },
    "spectral_entropy": {
        "dmean": 0.133256569505,
        "dmean2": 0.20100389421,
        "dvar": 0.0199092291296,
        "dvar2": 0.0408325344324,
        "max": 9.80043792725,
        "mean": 7.74676418304,
        "median": 7.79568862915,
        "min": 5.67600059509,
        "var": 0.172846183181
    },
    "spectral_flux": {
        "dmean": 0.0211853664368,
        "dmean2": 0.034911185503,
        "dvar": 0.000590770679992,
        "dvar2": 0.00149193475954,
        "max": 0.301821827888,
        "mean": 0.0815853774548,
        "median": 0.0774662196636,
        "min": 1.04814018576e-10,
        "var": 0.00216242088936
    },
    "spectral_kurtosis": {
        "dmean": 1.02891266346,
        "dmean2": 1.76542150974,
        "dvar": 1.57886445522,
        "dvar2": 4.75446748734,
        "max": 17.970905304,
        "mean": 2.7449965477,
        "median": 2.09455966949,
        "min": -1.35064291954,
        "var": 5.66757154465
    },
    "spectral_rms": {
        "dmean": 0.000615349039435,
        "dmean2": 0.0009717552457,
        "dvar": 5.19813397659e-07,
        "dvar2": 1.20537970361e-06,
        "max": 0.0112789766863,
        "mean": 0.00433125672862,
        "median": 0.00451913569123,
        "min": 3.27383996648e-12,
        "var": 3.79114226234e-06
    },
    "spectral_rolloff": {
        "dmean": 676.817687988,
        "dmean2": 1104.97924805,
        "dvar": 1276617,
        "dvar2": 2520867.25,
        "max": 18884.6191406,
        "mean": 2450.18920898,
        "median": 1937.98828125,
        "min": 86.1328125,
        "var": 4014174.25
    },
    "spectral_skewness": {
        "dmean": 0.169002562761,
        "dmean2": 0.268991500139,
        "dvar": 0.0268531665206,
        "dvar2": 0.0652436390519,
        "max": 3.2891869545,
        "mean": 1.17429697514,
        "median": 1.11864376068,
        "min": -0.478225409985,
        "var": 0.18507732451
    },
    "spectral_spread": {
        "dmean": 504730.75,
        "dmean2": 743897.6875,
        "dvar": 539539668992,
        "dvar2": 905115009024,
        "max": 40032252,
        "mean": 4928883,
        "median": 4799584,
        "min": 1801502.25,
        "var": 2.6484581335e+12
    },
    "spectral_strongpeak": {
        "dmean": 0.565716207027,
        "dmean2": 0.984262108803,
        "dvar": 1.03190517426,
        "dvar2": 2.88522720337,
        "max": 13.9643030167,
        "mean": 1.03240537643,
        "median": 0.401476323605,
        "min": 1.87375315264e-09,
        "var": 1.84533119202
    },
    "zerocrossingrate": {
        "dmean": 0.0124461408705,
        "dmean2": 0.0142876477912,
        "dvar": 0.000335722259479,
        "dvar2": 0.000348592555383,
        "max": 0.5498046875,
        "mean": 0.0837471857667,
        "median": 0.07421875,
        "min": 0.0048828125,
        "var": 0.00233820825815
    },
    "barkbands": {
        "dmean": [6.9031775638e-05, 0.00245394627564, 0.00133126578294, 0.000974944094196, 0.000990649685264, 0.000922446954064, 0.00074170040898, 0.000807239441201, 0.000867373659275, 0.000606920977589, 0.000503315124661, 0.000237829633988, 0.000318573409459, 0.000244068956818, 0.000230104356888, 0.000296085083392, 0.000266024726443, 0.000179426162504, 0.00021573540289, 0.000232029356994, 0.000147952858242, 0.000235988598433, 0.000203961419174, 0.000185956814676, 0.000113874979434, 3.02705266222e-05, 1.21097627925e-06],
        "dmean2": [0.000104154605651, 0.00409891270101, 0.00233724922873, 0.00163536658511, 0.00164878380019, 0.00148657977115, 0.0011778192129, 0.00126504199579, 0.00137960666325, 0.000962563615758, 0.00082124536857, 0.000382390047889, 0.000500780821312, 0.000380311656045, 0.000361413432984, 0.000459411385236, 0.000410316308262, 0.000292503682431, 0.000336926459568, 0.000355519761797, 0.000226191201364, 0.000360265461495, 0.00031392366509, 0.000279736152152, 0.000169542239746, 4.50207953691e-05, 1.90135983758e-06],
        "dvar": [1.87589517253e-08, 1.90161154023e-05, 9.05703836906e-06, 1.05098251879e-05, 6.39015570414e-06, 6.35657306702e-06, 6.55760413792e-06, 6.40774305793e-06, 5.64531410419e-06, 3.46967863152e-06, 1.82135113391e-06, 1.19629351047e-06, 8.69307939411e-07, 3.24717916556e-07, 3.98268980462e-07, 5.3758623153e-07, 3.28054568399e-07, 1.24637026033e-07, 1.88933256595e-07, 2.22635833325e-07, 1.21253250995e-07, 2.04842351081e-07, 3.58510476417e-07, 6.43557200419e-07, 4.36693426309e-07, 3.50695650297e-08, 2.61507811933e-11],
        "dvar2": [4.17636272232e-08, 5.19097120559e-05, 2.63753663603e-05, 2.50965804298e-05, 1.73830358108e-05, 1.58508064487e-05, 1.57619087986e-05, 1.45964595504e-05, 1.41909595186e-05, 7.74082673161e-06, 4.4156417971e-06, 3.06299079966e-06, 1.99096552933e-06, 6.87322199155e-07, 9.16065289402e-07, 1.27267321659e-06, 7.65008280723e-07, 3.03919222233e-07, 4.18003338609e-07, 4.8740719194e-07, 2.70815377235e-07, 4.38761418309e-07, 8.67004246174e-07, 1.33100775201e-06, 9.59067392614e-07, 7.08696958895e-08, 6.03274930011e-11],
        "max": [0.0020145024173, 0.0598014518619, 0.046478047967, 0.0457141622901, 0.0419049747288, 0.0623765774071, 0.0651075169444, 0.0678735971451, 0.0650233924389, 0.0630508735776, 0.0433649756014, 0.0697707682848, 0.0272745378315, 0.0193173307925, 0.0317648947239, 0.0149510568008, 0.0133323585615, 0.00994769204408, 0.0106855519116, 0.0114676533267, 0.0139743052423, 0.0117770312354, 0.0238396078348, 0.0231106709689, 0.0211864281446, 0.0101339323446, 0.000306543835904],
        "mean": [0.0001095693151, 0.00468193832785, 0.00187161064241, 0.000977977761067, 0.00161072914489, 0.00135694781784, 0.00150539015885, 0.00113589130342, 0.00187021552119, 0.00108818232547, 0.000760628900025, 0.000363111932529, 0.000605755252764, 0.000420692289481, 0.000402177800424, 0.000567276612855, 0.000609308655839, 0.000349904439645, 0.000485213822685, 0.000513139588293, 0.000320039398503, 0.000575351587031, 0.000416182796471, 0.000304402463371, 0.000170130326296, 4.11165492551e-05, 1.75820559889e-06],
        "median": [1.26083614305e-05, 0.00226969365031, 0.000896299839951, 0.000154028835823, 0.000648527406156, 0.000268849835265, 0.000162655138411, 0.000210053374758, 0.000309216295136, 0.000190688588191, 0.000224131392315, 0.000119042349979, 0.000131759603391, 0.000147358252434, 0.000147250058944, 0.000158055278007, 0.000190634367755, 0.000184518736205, 0.000231152851484, 0.000199279515073, 0.000151445507072, 0.00025248908787, 0.000183006806765, 8.02497816039e-05, 4.10684660892e-05, 8.00125690148e-06, 2.82236896965e-07],
        "min": [2.17572823261e-23, 1.18922371806e-22, 1.88853600477e-23, 1.06654704361e-23, 3.89152878491e-23, 2.61812931687e-23, 4.21664329196e-23, 1.5729949559e-23, 7.11393060389e-23, 7.41391105586e-23, 9.98797428702e-23, 1.01983186831e-22, 6.53720828003e-23, 1.07656693394e-22, 1.12707144993e-22, 2.33285859642e-22, 1.37168042968e-22, 1.59888739029e-22, 2.51803492179e-22, 2.39988400546e-22, 2.85883595949e-22, 5.64774324937e-22, 1.00430389239e-21, 6.38230528076e-22, 1.65783574719e-21, 1.4786367408e-21, 2.63096587609e-21],
        "var": [3.81133986593e-08, 4.20001742896e-05, 9.760341527e-06, 9.7396223282e-06, 8.55356029206e-06, 1.04702794488e-05, 2.96464440908e-05, 9.16693261388e-06, 3.01767577184e-05, 1.04902464955e-05, 2.85962801172e-06, 1.29033617213e-06, 3.02489820569e-06, 8.14913846625e-07, 8.08570575828e-07, 1.44196860674e-06, 1.39032636071e-06, 2.5803856829e-07, 6.20234573034e-07, 7.7359760553e-07, 3.17398161087e-07, 6.93471463364e-07, 5.922534001e-07, 1.1779303577e-06, 7.0549162956e-07, 6.61864874019e-08, 4.58016298499e-11]
    },
    "erbbands": {
        "dmean": [0.0671289339662, 0.590190112591, 1.46424973011, 2.53134608269, 2.38329052925, 3.26704120636, 6.70153188705, 8.19565010071, 8.05669498444, 15.4850101471, 16.853723526, 19.6015434265, 20.1197452545, 20.4862499237, 14.857339859, 8.31887626648, 13.2356548309, 11.2400722504, 11.9455308914, 10.600476265, 16.1342315674, 13.9048271179, 10.8611278534, 8.59047031403, 11.4591474533, 10.2747402191, 6.82000017166, 5.60006332397, 8.18466949463, 7.76178312302, 5.6607003212, 4.82202959061, 2.58593034744, 1.5677062273, 0.675015628338, 0.256493955851, 0.0256043188274, 0.00217207660899, 0.000197053930606, 1.27685189e-05],
        "dmean2": [0.105606257915, 0.995799541473, 2.55497503281, 4.17096042633, 3.9667224884, 5.46672821045, 10.5762329102, 13.2535018921, 12.4071044922, 23.704240799, 25.8617897034, 30.2594127655, 30.6148014069, 32.064704895, 23.7480983734, 13.2092676163, 20.2541732788, 17.8969516754, 18.5120029449, 16.3469352722, 24.9553890228, 21.0231571198, 17.5079231262, 13.5684652328, 17.5495300293, 15.5525846481, 10.2975215912, 8.56978797913, 12.528178215, 11.8215351105, 8.73311805725, 7.25220346451, 3.87321805954, 2.35527968407, 1.00997257233, 0.384514808655, 0.0382256880403, 0.003270189045, 0.000306462519802, 1.95007960428e-05],
        "dvar": [0.0182365439832, 1.07672059536, 9.94456863403, 62.2754554749, 52.3870277405, 75.9820556641, 275.50201416, 630.469665527, 808.282897949, 2332.18969727, 2934.45263672, 3350.97167969, 3607.50170898, 3485.95483398, 1281.44592285, 2645.34375, 1249.15026855, 894.964294434, 840.462646484, 935.820373535, 1793.6505127, 893.293823242, 494.176635742, 350.845703125, 570.774536133, 487.044799805, 265.78604126, 165.027282715, 278.014190674, 274.169921875, 347.546569824, 450.043243408, 127.303459167, 66.16355896, 23.6493625641, 2.65527677536, 0.0195134747773, 8.77593411133e-05, 1.37974211611e-06, 1.33068311925e-09],
        "dvar2": [0.042294409126, 3.02283668518, 29.1097507477, 151.562149048, 137.926834106, 207.254562378, 654.687805176, 1589.29321289, 1799.28747559, 5340.60693359, 6833.70117188, 7832.30712891, 7732.74169922, 8176.31591797, 3063.83496094, 7227.28369141, 2635.90844727, 1983.49914551, 1885.85095215, 2350.04296875, 4236.75537109, 2008.18225098, 1189.58337402, 803.400024414, 1285.63500977, 1052.31469727, 580.543273926, 372.187408447, 613.577392578, 594.949951172, 860.763793945, 1029.09643555, 263.144042969, 148.163070679, 53.3557014465, 5.40908145905, 0.0352303385735, 0.000155684349011, 3.24897609971e-06, 2.64689181684e-09],
        "max": [2.13419866562, 11.8117389679, 52.7917671204, 117.358283997, 128.537490845, 177.586105347, 289.882598877, 755.940551758, 1052.87451172, 1162.3215332, 1797.06018066, 1444.10656738, 2755.7890625, 2584.99047852, 866.180603027, 3373.46337891, 790.708984375, 1212.52539062, 1213.79089355, 1618.44287109, 1031.96459961, 643.602783203, 662.896484375, 701.977661133, 728.761291504, 560.078063965, 605.45880127, 483.118682861, 417.730041504, 483.150604248, 720.532958984, 616.836791992, 286.289581299, 281.026123047, 218.652526855, 92.880897522, 8.38571548462, 0.556523323059, 0.0796973332763, 0.00220067496412],
        "mean": [0.135790199041, 1.03000485897, 2.29713129997, 2.84660768509, 3.10963058472, 5.47825193405, 10.8091039658, 11.6260128021, 14.0800580978, 29.9942474365, 25.9824371338, 41.7251930237, 39.0014801025, 34.8271102905, 25.5016765594, 14.7132139206, 24.7461853027, 22.9238529205, 24.1441230774, 21.3987026215, 34.9860610962, 34.498550415, 22.9851779938, 19.8285446167, 27.6266307831, 22.9614048004, 14.1996173859, 12.8725223541, 19.2426395416, 18.0693092346, 11.390414238, 8.01268196106, 4.02661466599, 2.30288410187, 0.978620707989, 0.349247306585, 0.0366188399494, 0.00340986950323, 0.000290770462016, 4.02851001127e-05],
        "median": [0.0243794023991, 0.51682394743, 1.1895377636, 0.701056182384, 1.23525691032, 1.97683954239, 2.41239213943, 2.4220867157, 2.53214025497, 4.21307945251, 6.65588474274, 7.62423229218, 7.81279277802, 8.62581634521, 8.75815486908, 5.3642578125, 6.64021348953, 8.4518032074, 10.5713233948, 9.73857021332, 10.1262607574, 11.7200374603, 12.1334342957, 10.3345537186, 12.4576625824, 9.17984771729, 6.50454139709, 6.4389500618, 8.30181121826, 7.82662391663, 4.77795267105, 2.3297829628, 0.986698031425, 0.536196351051, 0.22191002965, 0.0676286742091, 0.00766912661493, 0.000788858858868, 6.29913702141e-05, 3.42085695593e-05],
        "min": [3.97600234567e-21, 2.43967163526e-20, 2.30114521673e-20, 3.06087910541e-20, 1.66457677642e-19, 6.58297861074e-20, 9.74241887108e-20, 1.96434366999e-19, 5.45509483957e-19, 4.7834272841e-19, 5.49537543347e-19, 1.65984874129e-18, 2.33701601385e-18, 3.41944698585e-18, 3.08672475139e-18, 4.20301553458e-18, 3.57871047984e-18, 5.02177338055e-18, 4.96621414035e-18, 7.59319045971e-18, 1.21714622694e-17, 7.58658459534e-18, 9.24244715326e-18, 1.07642005728e-17, 1.23637925152e-17, 9.95595081577e-18, 1.13988954297e-17, 1.3148867153e-17, 2.05484882504e-17, 2.53502601258e-17, 2.5350453686e-17, 1.56390025701e-17, 1.36302937142e-17, 1.71622457419e-17, 1.13588483075e-17, 5.11856219761e-18, 3.07377896121e-18, 1.30932061696e-18, 3.70611966202e-19, 3.70167621579e-20],
        "var": [0.0497589819133, 1.98379600048, 11.8314714432, 61.6648368835, 48.3480377197, 109.462776184, 496.650115967, 967.474243164, 1756.89172363, 10154.2519531, 4121.2421875, 15118.5869141, 11337.6191406, 8127.49169922, 2742.94067383, 2391.3347168, 3636.48388672, 2852.67724609, 2650.0144043, 1465.88305664, 5587.41943359, 4149.58691406, 1097.2010498, 1125.27050781, 2095.91967773, 1583.63684082, 683.590393066, 455.941375732, 874.501098633, 730.916015625, 528.216552734, 736.36315918, 222.369827271, 104.50668335, 34.6047286987, 4.82690143585, 0.0429745055735, 0.000204827869311, 2.18647346628e-06, 3.225538725e-09]
    },
    "gfcc": {
        "mean": [-12.1979455948, 61.4768600464, -138.6146698, 38.7050628662, -73.7417373657, 19.4072132111, -34.8195724487, 12.7705039978, -17.7315216064, 0.556857943535, -15.7975082397, 0.520096838474, -9.14536952972],
        "cov": [[9229.88085938, -42.0190124512, 2596.70214844, 2176.88891602, 728.391662598, 831.310791016, -68.0357666016, 440.137359619, 69.7658004761, 253.408569336, -68.4680023193, 369.494812012, -118.043869019], [-42.0190124512, 1133.71655273, 471.543792725, 409.395324707, 249.780563354, 35.4626731873, 119.722145081, -24.6555938721, 32.6283073425, -44.5723571777, 70.066696167, -34.1333580017, 41.8330955505], [2596.70214844, 471.543792725, 2505.88110352, 1595.51171875, 477.061584473, 465.805969238, -122.683509827, 96.7263031006, -49.396232605, 88.8360900879, -58.6779899597, 117.430862427, 3.17479968071], [2176.88891602, 409.395324707, 1595.51171875, 1545.44299316, 539.299194336, 375.199249268, -24.1393165588, 82.9981918335, 22.1600646973, 24.0357723236, -50.2336425781, 91.8527450562, 69.6524581909], [728.391662598, 249.780563354, 477.061584473, 539.299194336, 418.358123779, 173.566543579, 33.8899497986, 65.8471374512, 13.4528341293, 23.0786705017, -28.5572376251, 24.0349521637, 29.626203537], [831.310791016, 35.4626731873, 465.805969238, 375.199249268, 173.566543579, 323.214660645, 117.677467346, 78.2000045776, -19.9392147064, 5.1288766861, -9.12230587006, 0.92596167326, -13.5608558655], [-68.0357666016, 119.722145081, -122.683509827, -24.1393165588, 33.8899497986, 117.677467346, 306.185699463, 73.49974823, -7.50128889084, -27.8649749756, 21.4797077179, -49.7171554565, -27.48462677], [440.137359619, -24.6555938721, 96.7263031006, 82.9981918335, 65.8471374512, 78.2000045776, 73.49974823, 160.827774048, 51.4253845215, 8.95417022705, -14.2345142365, -0.174028545618, -4.54674053192], [69.7658004761, 32.6283073425, -49.396232605, 22.1600646973, 13.4528341293, -19.9392147064, -7.50128889084, 51.4253845215, 170.066970825, 32.9857521057, 10.354180336, 5.96905660629, 3.09615778923], [253.408569336, -44.5723571777, 88.8360900879, 24.0357723236, 23.0786705017, 5.1288766861, -27.8649749756, 8.95417022705, 32.9857521057, 125.902198792, 37.0293540955, 20.413318634, -23.0610942841], [-68.4680023193, 70.066696167, -58.6779899597, -50.2336425781, -28.5572376251, -9.12230587006, 21.4797077179, -14.2345142365, 10.354180336, 37.0293540955, 125.045730591, 28.8586368561, -6.57097387314], [369.494812012, -34.1333580017, 117.430862427, 91.8527450562, 24.0349521637, 0.92596167326, -49.7171554565, -0.174028545618, 5.96905660629, 20.413318634, 28.8586368561, 118.153297424, 20.1409988403], [-118.043869019, 41.8330955505, 3.17479968071, 69.6524581909, 29.626203537, -13.5608558655, -27.48462677, -4.54674053192, 3.09615778923, -23.0610942841, -6.57097387314, 20.1409988403, 98.1498413086]],
        "icov": [[0.000264513626462, -4.35001311416e-05, 9.39703822951e-05, -0.000376118783606, 0.000203622475965, -0.000376218202291, 0.000245787523454, -0.000603822816629, 0.000178643647814, -0.000368695036741, 0.000254009704804, -0.00068521022331, 0.0005933077191], [-4.35001311416e-05, 0.00176606851164, -0.000800576526672, 0.000381299003493, -0.00141499144956, 0.00139990518801, -0.00129340472631, 0.00121205497999, -0.000958544143941, 0.00147499865852, -0.00177687383257, 0.00123196688946, -0.000730218598619], [9.39703822951e-05, -0.000800576526672, 0.00199748296291, -0.0019553641323, 0.00133646442555, -0.00152341427747, 0.00152483384591, -0.00129419052973, 0.00136313145049, -0.00152945809532, 0.00105958885979, -0.000910163100343, 0.00138576049358], [-0.000376118783606, 0.000381299003493, -0.0019553641323, 0.0038638105616, -0.00263774511404, 0.000295160716632, -0.000930623384193, 0.00194018543698, -0.00165455054957, 0.00173912523314, -0.000652167072985, 0.000715773610864, -0.00235706591047], [0.000203622475965, -0.00141499144956, 0.00133646442555, -0.00263774511404, 0.00626666052267, -0.0022300905548, 0.00105586147401, -0.00222926493734, 0.00131446309388, -0.00275129056536, 0.00235090474598, -0.00137663958594, 0.000421336735599], [-0.000376218202291, 0.00139990518801, -0.00152341427747, 0.000295160716632, -0.0022300905548, 0.00807490758598, -0.00361995375715, 0.000389125518268, -1.55929046741e-05, 0.00163393304683, -0.00181215442717, 0.00199012435041, -0.000561477732845], [0.000245787523454, -0.00129340472631, 0.00152483384591, -0.000930623384193, 0.00105586147401, -0.00361995375715, 0.00683398917317, -0.00358518073335, 0.00157634343486, -6.16754768998e-05, -0.000499177083839, 0.000427290244261, 0.00220141839236], [-0.000603822816629, 0.00121205497999, -0.00129419052973, 0.00194018543698, -0.00222926493734, 0.000389125518268, -0.00358518073335, 0.0114436578006, -0.00431035831571, 0.00147886574268, 0.000117034462164, 0.00126564572565, -0.00209341640584], [0.000178643647814, -0.000958544143941, 0.00136313145049, -0.00165455054957, 0.00131446309388, -1.55929046741e-05, 0.00157634343486, -0.00431035831571, 0.00843613967299, -0.0030459749978, 0.000550359662157, -0.000683746708091, 0.000791649043094], [-0.000368695036741, 0.00147499865852, -0.00152945809532, 0.00173912523314, -0.00275129056536, 0.00163393304683, -6.16754768998e-05, 0.00147886574268, -0.0030459749978, 0.0125994076952, -0.0050797034055, 0.00126524257939, 0.00130736059509], [0.000254009704804, -0.00177687383257, 0.00105958885979, -0.000652167072985, 0.00235090474598, -0.00181215442717, -0.000499177083839, 0.000117034462164, 0.000550359662157, -0.0050797034055, 0.012517048046, -0.00491103017703, 0.00103191088419], [-0.00068521022331, 0.00123196688946, -0.000910163100343, 0.000715773610864, -0.00137663958594, 0.00199012435041, 0.000427290244261, 0.00126564572565, -0.000683746708091, 0.00126524257939, -0.00491103017703, 0.0134061258286, -0.00371987302788], [0.0005933077191, -0.000730218598619, 0.00138576049358, -0.00235706591047, 0.000421336735599, -0.000561477732845, 0.00220141839236, -0.00209341640584, 0.000791649043094, 0.00130736059509, 0.00103191088419, -0.00371987302788, 0.0142705328763]]
    },
    "melbands": {
        "dmean": [0.000639422622044, 0.000716668670066, 0.000411106826505, 0.000182135700015, 0.000222034068429, 0.000177852911293, 0.000131189241074, 0.000172771484358, 0.00013606500579, 0.000127947365399, 0.000104323647975, 8.61724474817e-05, 5.89250776102e-05, 2.95378031296e-05, 2.2805737899e-05, 3.41582053807e-05, 2.24185951083e-05, 2.17313554458e-05, 1.81498653546e-05, 1.80406386789e-05, 2.10719044844e-05, 1.69269897015e-05, 1.31248662001e-05, 7.61649789638e-06, 7.79851416155e-06, 8.69749328558e-06, 1.02694448287e-05, 6.83722328176e-06, 4.71241401101e-06, 4.09050562666e-06, 3.4545375911e-06, 4.77474759464e-06, 5.62991135666e-06, 4.27441773354e-06, 3.49840320268e-06, 3.46342949342e-06, 2.987229891e-06, 1.89162653896e-06, 1.74393426278e-06, 1.26025452118e-06],
        "dmean2": [0.00104818993714, 0.00123308505863, 0.000671768852044, 0.000311028241413, 0.000350958376657, 0.000287350005237, 0.000202931158128, 0.000263773399638, 0.000207521981793, 0.000200545953703, 0.000158055292559, 0.000134361092933, 9.51375841396e-05, 4.70915729238e-05, 3.65038467862e-05, 5.28935670445e-05, 3.54226503987e-05, 3.39235812135e-05, 2.83178742393e-05, 2.80549593299e-05, 3.31028059009e-05, 2.62967023446e-05, 2.08329474845e-05, 1.23581803564e-05, 1.2422787222e-05, 1.35898217195e-05, 1.58795228344e-05, 1.04994669528e-05, 7.23174116501e-06, 6.34316029391e-06, 5.36467996426e-06, 7.3778528531e-06, 8.62759497977e-06, 6.54124369248e-06, 5.44927343071e-06, 5.41201097803e-06, 4.46461399406e-06, 2.93565585707e-06, 2.68606299869e-06, 1.93556911654e-06],
        "dvar": [1.4268208588e-06, 1.86676345493e-06, 1.51126550918e-06, 2.74111727094e-07, 2.85727054461e-07, 2.7421273785e-07, 1.9907778892e-07, 2.52841914516e-07, 1.81579835612e-07, 1.42006228998e-07, 9.57327088713e-08, 6.09694836839e-08, 2.36052706271e-08, 1.64696984939e-08, 6.61041132943e-09, 1.09294306938e-08, 3.56504492594e-09, 3.02374969507e-09, 3.22090154548e-09, 1.90703564051e-09, 3.27410920598e-09, 1.5029381073e-09, 8.1162071508e-10, 2.5161267514e-10, 3.32543464987e-10, 3.37078420731e-10, 4.67556049433e-10, 2.49066101077e-10, 1.3109932584e-10, 1.07901750035e-10, 5.76279926556e-11, 1.06840661318e-10, 1.15084823615e-10, 9.73967712037e-11, 1.68183397764e-10, 2.10902517672e-10, 1.83491610795e-10, 7.10390010705e-11, 8.36576780072e-11, 4.70545442888e-11],
        "dvar2": [3.70561724594e-06, 5.38189760846e-06, 3.59453520105e-06, 7.76621334353e-07, 6.80392133745e-07, 6.88898069257e-07, 4.51627499842e-07, 5.73110128244e-07, 4.17387525431e-07, 3.51242192664e-07, 2.024112149e-07, 1.40269548865e-07, 5.86968980087e-08, 4.11424565527e-08, 1.61175872648e-08, 2.51038176913e-08, 7.74620989574e-09, 6.79878642273e-09, 7.62403562504e-09, 4.41274305985e-09, 7.89195464534e-09, 3.56530782675e-09, 1.95033189598e-09, 6.36581454216e-10, 7.53173357015e-10, 7.60495166841e-10, 1.03937103368e-09, 5.45138545416e-10, 2.89193780034e-10, 2.57583676611e-10, 1.28920332743e-10, 2.48320725094e-10, 2.51882431579e-10, 2.19935153423e-10, 4.40015551773e-10, 5.51252821168e-10, 3.90666138328e-10, 1.54168483535e-10, 2.01422017954e-10, 1.05262312755e-10],
        "max": [0.0182485450059, 0.0234956797212, 0.0178763493896, 0.00755533203483, 0.00959906633943, 0.0148444278166, 0.0153530165553, 0.0104006361216, 0.0130971660838, 0.0101815965027, 0.0135032059625, 0.0109709044918, 0.00324105401523, 0.00808287784457, 0.00360776670277, 0.0031454958953, 0.00216439506039, 0.00187293405179, 0.0032029915601, 0.00102670036722, 0.00131268147379, 0.000784575706348, 0.00122340884991, 0.000468280282803, 0.000731360982172, 0.000488031015266, 0.000514433195349, 0.000454286520835, 0.000391332956497, 0.000362894730642, 0.000277126295259, 0.000282290187897, 0.00025477539748, 0.000338444049703, 0.000614128541201, 0.000645827734843, 0.000437903450802, 0.000236889216467, 0.000270006392384, 0.0002475430083],
        "mean": [0.00124667584896, 0.00128766777925, 0.000509049626999, 0.000275737809716, 0.000376788491849, 0.000255662715062, 0.000245222065132, 0.000317774829455, 0.000208640718483, 0.000277606479358, 0.000194043954252, 0.000142357079312, 9.28270019358e-05, 4.66125238745e-05, 3.81563258998e-05, 6.4923093305e-05, 3.92473375541e-05, 3.963873678e-05, 3.16023542837e-05, 3.24837928929e-05, 4.20173964812e-05, 3.82162688766e-05, 2.59777189058e-05, 1.42755652632e-05, 1.59978917509e-05, 1.88337235159e-05, 2.20953588723e-05, 1.33708945214e-05, 8.76614103618e-06, 7.89066689322e-06, 7.18237561159e-06, 1.01140331026e-05, 1.26330087369e-05, 8.92426578503e-06, 6.62279080643e-06, 5.68814311919e-06, 4.58277099824e-06, 2.8078327432e-06, 2.407534339e-06, 1.78977552423e-06],
        "median": [0.000459287140984, 0.000706880178768, 0.000157426664373, 0.000131717417389, 9.22737162909e-05, 4.97170440212e-05, 3.58881879947e-05, 4.56694942841e-05, 4.62370990135e-05, 4.25471662311e-05, 3.33798016072e-05, 2.96416728816e-05, 2.91486630886e-05, 1.57572976605e-05, 1.09701959445e-05, 1.30514717966e-05, 1.34033325594e-05, 1.37066217576e-05, 1.13637643153e-05, 1.020313357e-05, 1.05816698124e-05, 1.11592180474e-05, 1.17063136713e-05, 8.03000421001e-06, 7.54735992814e-06, 8.0032441474e-06, 8.12203506939e-06, 4.69508040624e-06, 3.37937672157e-06, 3.36099810738e-06, 3.20392109643e-06, 4.12372855862e-06, 4.7856542551e-06, 3.81489735446e-06, 2.68417943516e-06, 1.77938909474e-06, 1.13981684535e-06, 6.30545173408e-07, 4.89338958687e-07, 3.88931425732e-07],
        "min": [3.66574480315e-23, 2.0031013274e-23, 9.74435463351e-24, 9.85946837224e-24, 2.65849576326e-24, 5.0138019095e-24, 8.82779686925e-24, 4.88458176006e-24, 5.26101040681e-24, 1.07795610222e-23, 1.17255354096e-23, 1.34841856241e-23, 1.24326001164e-23, 1.02347074167e-23, 9.20740462545e-24, 7.05583304926e-24, 9.8066628121e-24, 7.01273205598e-24, 1.07364332077e-23, 1.42022304859e-23, 1.32814562601e-23, 6.45360598459e-24, 1.15409324915e-23, 6.52070097116e-24, 8.98818649078e-24, 8.78770064716e-24, 6.94546352001e-24, 7.08419812083e-24, 7.07452984157e-24, 8.63015092489e-24, 6.85352493695e-24, 1.00872582695e-23, 1.36670009835e-23, 1.50369526087e-23, 1.3678278539e-23, 1.51776065081e-23, 7.55590459885e-24, 7.91959393085e-24, 1.44990599118e-23, 1.39020420902e-23],
        "var": [3.44694149135e-06, 2.98275153909e-06, 1.60292336204e-06, 2.53279893059e-07, 5.40728876786e-07, 4.29253930179e-07, 5.87993611134e-07, 9.11030895168e-07, 2.8435420063e-07, 7.67127517065e-07, 3.03515747646e-07, 1.53629358124e-07, 3.87076326547e-08, 1.77491550346e-08, 1.25647083848e-08, 4.08584241995e-08, 8.69889404953e-09, 8.76805916761e-09, 5.10626874117e-09, 4.60231142085e-09, 9.43547195931e-09, 6.00260241512e-09, 1.74054526347e-09, 4.40046388217e-10, 9.88528925383e-10, 1.04962971648e-09, 1.60655400094e-09, 6.61251109424e-10, 3.12355419307e-10, 2.39046143991e-10, 1.55679247271e-10, 2.95743707301e-10, 3.68414132534e-10, 2.08254552492e-10, 2.03121006126e-10, 2.85028722846e-10, 3.03893549214e-10, 1.13356768416e-10, 1.07636601021e-10, 7.43887729193e-11]
    },
    "mfcc": {
        "mean": [-644.39263916, 83.0111923218, -7.67141151428, 16.2149162292, -8.5883026123, 4.79720258713, -5.78650522232, 10.3226089478, 0.420922279358, 4.74308013916, 0.12292136997, -2.87145495415, 1.61921024323],
        "cov": [[7656.70605469, -571.065734863, 1762.44213867, 1344.77954102, 1111.40527344, 683.707702637, 273.237518311, 492.874023438, 165.569244385, 183.637405396, 152.787857056, 70.0062484741, 189.703445435], [-571.065734863, 876.469177246, 21.6204566956, 110.613075256, 9.76847457886, 24.7534408569, 71.5651245117, 14.258846283, -21.552488327, 1.96079206467, 26.3989772797, -16.4612007141, 29.5162773132], [1762.44213867, 21.6204566956, 2052.71801758, 1106.68554688, 836.970458984, 525.501037598, 224.846740723, 156.135391235, 103.502685547, -4.19689369202, -26.0659484863, 103.662414551, 44.6110687256], [1344.77954102, 110.613075256, 1106.68554688, 1077.64904785, 685.965332031, 402.577789307, 158.103805542, 137.350418091, 131.450317383, 2.88743209839, -24.2687034607, 46.8831138611, 43.1552047729], [1111.40527344, 9.76847457886, 836.970458984, 685.965332031, 690.523925781, 292.947174072, 85.6109237671, 83.436126709, 119.37689209, -5.61175775528, -23.5446376801, 51.9733352661, 23.2791213989], [683.707702637, 24.7534408569, 525.501037598, 402.577789307, 292.947174072, 336.196899414, 167.537567139, 100.0834198, 51.5659179688, 38.9818763733, 18.5990753174, 4.28408193588, 10.8951768875], [273.237518311, 71.5651245117, 224.846740723, 158.103805542, 85.6109237671, 167.537567139, 306.393981934, 103.920402527, 27.1905975342, 59.2476959229, 23.7965373993, -25.8019580841, -20.9866676331], [492.874023438, 14.258846283, 156.135391235, 137.350418091, 83.436126709, 100.0834198, 103.920402527, 207.384170532, 58.3471984863, 56.142539978, 30.9595088959, -12.9295005798, 13.6692504883], [165.569244385, -21.552488327, 103.502685547, 131.450317383, 119.37689209, 51.5659179688, 27.1905975342, 58.3471984863, 152.036148071, 39.3367805481, 2.93380331993, 4.17853784561, -22.3892211914], [183.637405396, 1.96079206467, -4.19689369202, 2.88743209839, -5.61175775528, 38.9818763733, 59.2476959229, 56.142539978, 39.3367805481, 146.612930298, 65.2489929199, -12.6200275421, 1.93956005573], [152.787857056, 26.3989772797, -26.0659484863, -24.2687034607, -23.5446376801, 18.5990753174, 23.7965373993, 30.9595088959, 2.93380331993, 65.2489929199, 129.203735352, 17.6169090271, 19.371131897], [70.0062484741, -16.4612007141, 103.662414551, 46.8831138611, 51.9733352661, 4.28408193588, -25.8019580841, -12.9295005798, 4.17853784561, -12.6200275421, 17.6169090271, 111.714096069, 36.3043136597], [189.703445435, 29.5162773132, 44.6110687256, 43.1552047729, 23.2791213989, 10.8951768875, -20.9866676331, 13.6692504883, -22.3892211914, 1.93956005573, 19.371131897, 36.3043136597, 112.634269714]],
