{
"lowlevel": {
    "average_loudness": 0.9621296525,
    "barkbands_crest": {
        "dmean": 2.1902115345,
        "dmean2": 3.54873895645,
        "dvar": 4.74043369293,
        "dvar2": 12.3521823883,
        "max": 25.5727386475,
        "mean": 11.5627841949,
        "median": 11.1815395355,
        "min": 2.86333227158,
        "var": 14.2476825714
    },
    "barkbands_flatness_db": {
        "dmean": 0.0159428827465,
        "dmean2": 0.0242800861597,
        "dvar": 0.000245969102252,
        "dvar2": 0.000575804791879,
        "max": 0.315462082624,
        "mean": 0.131123483181,
        "median": 0.12306766212,
        "min": 0.0351396165788,
        "var": 0.00182656385005
    },
    "barkbands_kurtosis": {
        "dmean": 1.6422675848,
        "dmean2": 2.61969351768,
        "dvar": 9.03983592987,
        "dvar2": 23.4280853271,
        "max": 79.9805679321,
        "mean": 2.44393396378,
        "median": 0.998877763748,
        "min": -1.94702899456,
        "var": 21.8327941895
    },
    "barkbands_skewness": {
        "dmean": 0.394921302795,
        "dmean2": 0.604606926441,
        "dvar": 0.191546782851,
        "dvar2": 0.431794464588,
        "max": 7.60145950317,
        "mean": 1.27894890308,
        "median": 1.20860862732,
        "min": -5.62387704849,
        "var": 1.11539363861
    },
    "barkbands_spread": {
        "dmean": 4.7345085144,
        "dmean2": 7.19237947464,
        "dvar": 47.3023681641,
        "dvar2": 89.9641342163,
        "max": 115.950645447,
        "mean": 24.8347301483,
        "median": 23.3182277679,
        "min": 1.28482675552,
        "var": 203.188491821
    },
    "dissonance": {
        "dmean": 0.0171583313495,
        "dmean2": 0.0290475673974,
        "dvar": 0.000340836122632,
        "dvar2": 0.000937341537792,
        "max": 0.500000119209,
        "mean": 0.465879559517,
        "median": 0.47376447916,
        "min": 0.257240056992,
        "var": 0.00079450616613
    },
    "dynamic_complexity": 1.96832036972,
    "erbbands_crest": {
        "dmean": 2.37682533264,
        "dmean2": 3.76651072502,
        "dvar": 5.32073974609,
        "dvar2": 12.2314662933,
        "max": 32.4508056641,
        "mean": 9.92414951324,
        "median": 8.38257789612,
        "min": 2.50515818596,
        "var": 28.5058422089
    },
    "erbbands_flatness_db": {
        "dmean": 0.0131991850212,
        "dmean2": 0.0196587480605,
        "dvar": 0.000172008323716,
        "dvar2": 0.000353480456397,
        "max": 0.386514276266,
        "mean": 0.153250798583,
        "median": 0.144007027149,
        "min": 0.0495797842741,
        "var": 0.00238404516131
    },
    "erbbands_kurtosis": {
        "dmean": 0.907922506332,
        "dmean2": 1.39965164661,
        "dvar": 3.10241484642,
        "dvar2": 6.13174009323,
        "max": 50.185344696,
        "mean": 0.875066936016,
        "median": 0.0965849161148,
        "min": -1.70623075962,
        "var": 9.38789463043
    },
    "erbbands_skewness": {
        "dmean": 0.315119892359,
        "dmean2": 0.475734859705,
        "dvar": 0.109502851963,
        "dvar2": 0.217708647251,
        "max": 4.25173187256,
        "mean": 0.126280426979,
        "median": 0.152060985565,
        "min": -4.89621114731,
        "var": 0.765401721001
    },
    "erbbands_spread": {
        "dmean": 6.02508068085,
        "dmean2": 9.34264087677,
        "dvar": 49.2575111389,
        "dvar2": 117.644454956,
        "max": 138.689300537,
        "mean": 34.4471549988,
        "median": 33.8849487305,
        "min": 1.18497014046,
        "var": 221.882766724
    },
    "hfc": {
        "dmean": 7.66167497635,
        "dmean2": 10.9340734482,
        "dvar": 359.240814209,
        "dvar2": 539.832275391,
        "max": 956.476257324,
        "mean": 30.2705421448,
        "median": 23.8378639221,
        "min": 1.09507622264e-16,
        "var": 1234.13952637
    },
    "melbands_crest": {
        "dmean": 2.47836923599,
        "dmean2": 4.05121231079,
        "dvar": 6.14273500443,
        "dvar2": 16.1878414154,
        "max": 30.2711849213,
        "mean": 15.7012662888,
        "median": 15.3821792603,
        "min": 2.12210321426,
        "var": 22.6221389771
    },
    "melbands_flatness_db": {
        "dmean": 0.0191992912441,
        "dmean2": 0.029139842838,
        "dvar": 0.000394768168917,
        "dvar2": 0.000919796177186,
        "max": 0.440691620111,
        "mean": 0.19888946414,
        "median": 0.191592216492,
        "min": 0.00539524294436,
        "var": 0.00279046874493
    },
    "melbands_kurtosis": {
        "dmean": 4.32287883759,
        "dmean2": 6.87905025482,
        "dvar": 49.65001297,
        "dvar2": 126.353874207,
        "max": 149.634979248,
        "mean": 9.82088565826,
        "median": 6.27014303207,
        "min": -1.88344287872,
        "var": 140.227020264
    },
    "melbands_skewness": {
        "dmean": 0.558561444283,
        "dmean2": 0.862151503563,
        "dvar": 0.350335150957,
        "dvar2": 0.842198371887,
        "max": 10.335814476,
        "mean": 2.41196918488,
        "median": 2.25782728195,
        "min": -3.73298358917,
        "var": 2.12542128563
    },
    "melbands_spread": {
        "dmean": 5.85503339767,
        "dmean2": 9.05155277252,
        "dvar": 101.959266663,
        "dvar2": 192.726959229,
        "max": 253.363815308,
        "mean": 25.14128685,
        "median": 22.3125724792,
        "min": 1.0506259203,
        "var": 335.940155029
    },
    "pitch_salience": {
        "dmean": 0.0569534637034,
        "dmean2": 0.0928206369281,
        "dvar": 0.00311081763357,
        "dvar2": 0.00815860927105,
        "max": 0.997721672058,
        "mean": 0.488090693951,
        "median": 0.480298876762,
        "min": 0.151966497302,
        "var": 0.0112106874585
    },
    "silence_rate_20dB": {
        "dmean": 0,
        "dmean2": 0,
        "dvar": 0,
        "dvar2": 0,
        "max": 1,
        "mean": 1,
        "median": 1,
        "min": 1,
        "var": 0
    },
    "silence_rate_30dB": {
        "dmean": 0.00256049167365,
        "dmean2": 0.00512163899839,
        "dvar": 0.00255363178439,
        "dvar2": 0.00586403720081,
        "max": 1,
        "mean": 0.997823834419,
        "median": 1,
        "min": 0,
        "var": 0.00217103632167
    },
    "silence_rate_60dB": {
        "dmean": 0.00230444245972,
        "dmean2": 0.00460947491229,
        "dvar": 0.00229950062931,
        "dvar2": 0.00535788433626,
        "max": 1,
        "mean": 0.00985663104802,
        "median": 0,
        "min": 0,
        "var": 0.00976148061454
    },
    "spectral_centroid": {
        "dmean": 216.930480957,
        "dmean2": 332.565063477,
        "dvar": 81477.96875,
        "dvar2": 158424.421875,
        "max": 11272.8798828,
        "mean": 1483.1854248,
        "median": 1436.72216797,
        "min": 253.840286255,
        "var": 438809.0625
    },
    "spectral_complexity": {
        "dmean": 3.29586482048,
        "dmean2": 5.38437891006,
        "dvar": 10.7301559448,
        "dvar2": 26.2709255219,
        "max": 54,
        "mean": 25.2318229675,
        "median": 26,
        "min": 0,
        "var": 94.3111114502
    },
    "spectral_decrease": {
        "dmean": 2.24094942602e-09,
        "dmean2": 3.65571817262e-09,
        "dvar": 9.25333533166e-18,
        "dvar2": 2.53945308322e-17,
        "max": 1.02916026772e-28,
        "mean": -1.00093933142e-08,
        "median": -1.01549328946e-08,
        "min": -5.2426862851e-08,
        "var": 2.302709856e-17
    },
    "spectral_energy": {
        "dmean": 0.0088649475947,
        "dmean2": 0.0143893007189,
        "dvar": 0.000138915434945,
        "dvar2": 0.000379653676646,
        "max": 0.201218858361,
        "mean": 0.0405234321952,
        "median": 0.0412828177214,
        "min": 1.00991611898e-20,
        "var": 0.000359424884664
    },
    "spectral_energyband_high": {
        "dmean": 0.000550460012164,
        "dmean2": 0.000733360997401,
        "dvar": 4.51738560514e-06,
        "dvar2": 6.31464808976e-06,
        "max": 0.0983949825168,
        "mean": 0.00134288577829,
        "median": 0.000615060154814,
        "min": 6.87630396454e-21,
        "var": 1.47469299918e-05
    },
    "spectral_energyband_low": {
        "dmean": 0.0057028811425,
        "dmean2": 0.00921846646816,
        "dvar": 8.1474048784e-05,
        "dvar2": 0.000226098243729,
        "max": 0.185934051871,
        "mean": 0.0189897790551,
        "median": 0.0192747861147,
        "min": 2.17920269158e-23,
        "var": 0.000191853498109
    },
    "spectral_energyband_middle_high": {
        "dmean": 0.00216324394569,
        "dmean2": 0.00326541252434,
        "dvar": 7.70789756643e-06,
        "dvar2": 1.71430710907e-05,
        "max": 0.0524786300957,
        "mean": 0.00855938345194,
        "median": 0.00647568283603,
        "min": 1.37811793856e-21,
        "var": 4.9841542932e-05
    },
    "spectral_energyband_middle_low": {
        "dmean": 0.00471677957103,
        "dmean2": 0.00758769223467,
        "dvar": 7.24385172362e-05,
        "dvar2": 0.000187820187421,
        "max": 0.121366597712,
        "mean": 0.0124108130112,
        "median": 0.00891042873263,
        "min": 2.0041095863e-22,
        "var": 0.000124894344481
    },
    "spectral_entropy": {
        "dmean": 0.110791496933,
        "dmean2": 0.166252076626,
        "dvar": 0.0150646613911,
        "dvar2": 0.0297542158514,
        "max": 9.81812858582,
        "mean": 7.68023490906,
        "median": 7.73711872101,
        "min": 6.09432649612,
        "var": 0.166037276387
    },
    "spectral_flux": {
        "dmean": 0.0204898305237,
        "dmean2": 0.0317148454487,
        "dvar": 0.000646324886475,
        "dvar2": 0.00136544986162,
        "max": 0.369396865368,
        "mean": 0.0835168063641,
        "median": 0.0747157335281,
        "min": 6.6552589828e-11,
        "var": 0.00161401089281
    },
    "spectral_kurtosis": {
        "dmean": 1.30273258686,
        "dmean2": 2.19374012947,
        "dvar": 3.5524687767,
        "dvar2": 10.4422473907,
        "max": 40.4197273254,
        "mean": 4.7582526207,
        "median": 3.73429441452,
        "min": -1.44155073166,
        "var": 21.1256408691
    },
    "spectral_rms": {
        "dmean": 0.000667123007588,
        "dmean2": 0.00106442079414,
        "dvar": 5.97339635533e-07,
        "dvar2": 1.56195392265e-06,
        "max": 0.0140111055225,
        "mean": 0.00607658643275,
        "median": 0.00634633097798,
        "min": 3.13892336602e-12,
        "var": 2.61011018665e-06
    },
    "spectral_rolloff": {
        "dmean": 409.217010498,
        "dmean2": 670.780517578,
        "dvar": 739781.9375,
        "dvar2": 1373875.5,
        "max": 19293.75,
        "mean": 1414.28039551,
        "median": 1076.66015625,
        "min": 86.1328125,
        "var": 2472142.75
    },
    "spectral_skewness": {
        "dmean": 0.171582490206,
        "dmean2": 0.275640904903,
        "dvar": 0.034350194037,
        "dvar2": 0.0860586166382,
        "max": 4.90339326859,
        "mean": 1.55560469627,
        "median": 1.46497452259,
        "min": -0.55107820034,
        "var": 0.32737377286
    },
    "spectral_spread": {
        "dmean": 419913.4375,
        "dmean2": 618798.0625,
        "dvar": 534749413376,
        "dvar2": 980880064512,
        "max": 42431000,
        "mean": 4477883.5,
        "median": 4235902,
        "min": 1245668.25,
        "var": 3.33723834778e+12
    },
    "spectral_strongpeak": {
        "dmean": 0.572144150734,
        "dmean2": 0.985018014908,
        "dvar": 1.45166766644,
        "dvar2": 3.43180346489,
        "max": 46.5037765503,
        "mean": 1.19175171852,
        "median": 0.490970909595,
        "min": 0,
        "var": 2.86343193054
    },
    "zerocrossingrate": {
        "dmean": 0.00889001972973,
        "dmean2": 0.0101210512221,
        "dvar": 0.000214919462451,
        "dvar2": 0.00018478941638,
        "max": 0.7568359375,
        "mean": 0.0567638836801,
        "median": 0.05078125,
        "min": 0.00439453125,
        "var": 0.00158121308777
    },
    "barkbands": {
        "dmean": [0.000128441577544, 0.00455876020715, 0.00172182859387, 0.000838010048028, 0.0022216939833, 0.000782036746386, 0.000798117427621, 0.000981860794127, 0.0012150190305, 0.00048622477334, 0.00086459366139, 0.000552788551431, 0.000470228667837, 0.000357336655725, 0.000339130521752, 0.000317800499033, 0.000245775823714, 0.000163913573488, 0.000213834209717, 0.000156366557349, 8.1842605141e-05, 0.000120807380881, 0.00011684945639, 0.00014732661657, 0.00015530239034, 1.99298410735e-05, 1.7971840407e-06],
        "dmean2": [0.000219505396672, 0.00731599703431, 0.00286497804336, 0.00146822875831, 0.00377394608222, 0.00125424109865, 0.00121971301269, 0.00150833977386, 0.00181168993004, 0.000733679975383, 0.00130914489273, 0.000865782320034, 0.000751946936361, 0.000577928614803, 0.000560773012694, 0.000528111064341, 0.000403396988986, 0.000272186618531, 0.000342507351888, 0.000252305238973, 0.000128802596009, 0.000177831490873, 0.000168898215634, 0.000202136609005, 0.00021520422888, 2.8365129765e-05, 2.60679712483e-06],
        "dvar": [3.7821141774e-08, 4.8536236136e-05, 1.35290492835e-05, 3.35443928634e-06, 4.0917959268e-05, 3.81494464818e-06, 9.21677201404e-06, 7.12909195499e-06, 8.70436997502e-06, 1.55215002451e-06, 3.4942597722e-06, 1.15858290428e-06, 8.4360863184e-07, 4.7280752824e-07, 4.31770018849e-07, 2.03328369253e-07, 1.54432214572e-07, 6.72123192658e-08, 1.77696762194e-07, 7.8951124749e-08, 4.09774933985e-08, 1.30604917103e-07, 2.52921324773e-07, 6.09555229403e-07, 1.10992368718e-06, 9.67062963042e-09, 2.26416784627e-11],
        "dvar2": [1.01605827751e-07, 0.000134326037369, 3.75146773877e-05, 9.45027477428e-06, 0.000111803834443, 9.4762608569e-06, 2.18466120714e-05, 1.66671125044e-05, 1.89843522094e-05, 3.23820245285e-06, 8.01806163508e-06, 2.49992490353e-06, 1.72844136159e-06, 1.00849445062e-06, 1.06725065052e-06, 5.38488222901e-07, 3.97105594629e-07, 1.79177675363e-07, 4.09504650634e-07, 1.90518761656e-07, 8.81742039383e-08, 2.2501100716e-07, 4.55384338238e-07, 1.00870875031e-06, 1.88781939414e-06, 1.71088139211e-08, 4.44807697619e-11],
        "max": [0.00516679231077, 0.147677838802, 0.107903584838, 0.0527819469571, 0.084057867527, 0.0648188218474, 0.0914740487933, 0.0645892620087, 0.076378248632, 0.0410553738475, 0.039766471833, 0.0271362978965, 0.025764008984, 0.0241340063512, 0.0293866004795, 0.00933858007193, 0.00714206602424, 0.00405949307606, 0.0133295832202, 0.00723914429545, 0.00597416982055, 0.0145462080836, 0.0186615101993, 0.0274585559964, 0.0647555142641, 0.00505058653653, 0.000112953901407],
        "mean": [0.000273410929367, 0.0143299773335, 0.00381330680102, 0.00135063671041, 0.00319292373024, 0.00150490738451, 0.00144085439388, 0.00185876898468, 0.0026754012797, 0.00106129480992, 0.00204824167304, 0.00109454244375, 0.000905543041881, 0.000690704444423, 0.000661354803015, 0.00069707602961, 0.00054278713651, 0.000347335851984, 0.000466722587589, 0.000349206704414, 0.000165498960996, 0.0002895523794, 0.000236665742705, 0.000255875027506, 0.000234486506088, 3.38054778695e-05, 2.5509475563e-06],
        "median": [0.000182360294275, 0.0145416567102, 0.00187760835979, 0.000733525375836, 0.00165455765091, 0.000864591100253, 0.000543173169717, 0.000427243183367, 0.000579406856559, 0.00024950876832, 0.000401285040425, 0.000507823482621, 0.000499584362842, 0.000416145194322, 0.000428447208833, 0.000487992423587, 0.000365211686585, 0.000257738458458, 0.000283499917714, 0.000228452059673, 9.04300977709e-05, 0.000134080881253, 9.67664818745e-05, 5.35470862815e-05, 3.12118318107e-05, 9.85184760793e-06, 5.14865860168e-07],
        "min": [1.24092139405e-24, 1.02949235362e-23, 4.74850828289e-25, 6.06533022476e-24, 6.74247304301e-24, 1.47739022067e-23, 1.62960850539e-23, 1.0918023466e-23, 2.51343343302e-23, 2.25440259286e-23, 4.47715797948e-23, 7.35509989765e-23, 5.68287444403e-23, 6.6697987588e-23, 5.8855990749e-23, 1.06008087698e-22, 1.25446933068e-22, 9.62173772316e-23, 2.1990841952e-22, 2.38111946577e-22, 3.16075965986e-22, 3.37127116828e-22, 6.48870582992e-22, 5.59878742512e-22, 9.96126598112e-22, 1.23165002069e-21, 1.93703020656e-21],
        "var": [9.11144226734e-08, 0.000113758003863, 2.63813944912e-05, 5.94726361669e-06, 3.37102101184e-05, 6.34536399957e-06, 1.59647934197e-05, 2.04008119908e-05, 3.51357666659e-05, 6.64033632347e-06, 2.00955601031e-05, 3.49354945683e-06, 2.67952805189e-06, 1.3370212173e-06, 9.62862372944e-07, 6.11281620877e-07, 4.65714009579e-07, 1.2569906005e-07, 4.73920920285e-07, 1.90621207707e-07, 8.77567529756e-08, 3.13543154107e-07, 4.98320332554e-07, 1.65806000041e-06, 2.73891055258e-06, 2.08303436722e-08, 4.04122776909e-11]
    },
    "erbbands": {
        "dmean": [0.111105844378, 1.13121008873, 2.19257879257, 2.09485054016, 4.43832349777, 9.23586750031, 7.43892192841, 6.80230903625, 6.59866571426, 19.5114345551, 18.187084198, 29.8530693054, 18.9618377686, 20.3285083771, 33.7480239868, 16.6527309418, 20.3658466339, 16.8809738159, 17.0849571228, 14.5526027679, 16.4343490601, 12.8352460861, 8.51853752136, 9.94372463226, 10.7528867722, 6.58314609528, 3.28672480583, 3.58607196808, 4.07354164124, 4.49528360367, 3.12372779846, 3.11942911148, 2.64018702507, 2.23085427284, 0.843181848526, 0.160092756152, 0.023141939193, 0.0039118565619, 0.000274613121292, 1.64730627148e-05],
        "dmean2": [0.181947603822, 1.81220555305, 3.61643743515, 3.64874839783, 7.76351213455, 15.6818714142, 12.1328582764, 10.889166832, 10.2679834366, 29.7271347046, 27.8813476562, 44.527557373, 28.3622608185, 30.1834793091, 51.7756614685, 26.4136238098, 32.4222145081, 27.000328064, 28.0820350647, 24.2116508484, 27.3353710175, 21.2637653351, 14.1721000671, 16.3446979523, 17.1709098816, 10.6160087585, 5.32043933868, 5.47735834122, 6.00268793106, 6.6520819664, 4.50675821304, 4.39174222946, 3.58447432518, 3.16792297363, 1.15743386745, 0.225479915738, 0.0323619954288, 0.00541700376198, 0.000393838621676, 2.44836319325e-05],
        "dvar": [0.0282259974629, 3.20550727844, 17.7443771362, 22.6775074005, 135.770217896, 785.043579102, 269.132781982, 330.281280518, 423.56137085, 4518.51318359, 2745.01367188, 5117.22216797, 2257.54272461, 2479.30834961, 5804.94335938, 923.670959473, 1562.29846191, 877.85333252, 893.713012695, 583.630981445, 564.934692383, 424.330810547, 178.048751831, 305.615356445, 482.332824707, 136.697875977, 47.4074897766, 100.341156006, 138.822494507, 268.244537354, 181.936706543, 261.237457275, 214.848815918, 250.015197754, 36.0151557922, 0.849023222923, 0.00799400825053, 0.000107441606815, 6.01392173394e-07, 1.08363074069e-09],
        "dvar2": [0.0744392797351, 8.99552536011, 48.5822753906, 65.4953689575, 376.849121094, 2135.31323242, 671.258422852, 853.427734375, 1041.41772461, 10777.484375, 6500.31738281, 11149.6591797, 5008.72509766, 5142.40820312, 13388.0517578, 2093.22949219, 3222.99389648, 1856.53198242, 2074.85717773, 1465.79614258, 1485.16589355, 1107.19567871, 484.290161133, 763.767578125, 1124.91137695, 338.056152344, 112.779090881, 197.45690918, 234.573654175, 508.533966064, 323.914215088, 493.371551514, 351.365570068, 459.673065186, 61.3079948425, 1.43295371532, 0.0155501589179, 0.000201658956939, 1.14799479434e-06, 1.91662063997e-09],
        "max": [2.30139303207, 38.4756317139, 95.463104248, 143.908004761, 185.230148315, 361.8621521, 448.926147461, 425.913116455, 661.413024902, 2496.27392578, 1897.44775391, 1737.77380371, 1409.66516113, 1428.44396973, 1866.95922852, 719.358093262, 1075.31188965, 1040.10668945, 882.638427734, 891.976501465, 473.346252441, 384.096984863, 221.030273438, 407.757965088, 506.43347168, 209.518798828, 175.771835327, 349.825805664, 491.110443115, 551.793212891, 463.103393555, 660.999145508, 618.823974609, 950.044006348, 302.695648193, 51.3878822327, 4.05250549316, 0.30205771327, 0.0217277053744, 0.00137631921098],
        "mean": [0.360622942448, 3.31914353371, 5.64738941193, 3.79359555244, 6.46716356277, 12.248497963, 13.1344203949, 13.3206253052, 13.7829999924, 37.3379669189, 33.8912658691, 68.5632629395, 43.8947067261, 50.6654701233, 80.8048400879, 36.9927825928, 41.4075584412, 36.096031189, 36.6673088074, 33.879447937, 38.8224601746, 29.673532486, 19.6746330261, 21.9969005585, 24.7057590485, 15.4306325912, 7.23574018478, 7.12836027145, 9.43890476227, 10.2927885056, 6.22521400452, 5.30740785599, 4.30565690994, 3.23410272598, 1.28401327133, 0.262606143951, 0.0400059632957, 0.00665502343327, 0.00042930431664, 6.16816760157e-05],
        "median": [0.319451987743, 3.06692361832, 3.54881763458, 2.66360116005, 3.6277616024, 5.65609741211, 6.393887043, 7.5545091629, 6.76735162735, 12.3792848587, 12.5476093292, 15.9195013046, 13.0750322342, 14.967625618, 21.2758369446, 20.9988479614, 24.7049160004, 23.1288566589, 25.6577301025, 25.3092193604, 27.9845695496, 20.8985137939, 15.3411083221, 15.6425666809, 14.4528799057, 10.465089798, 4.92614078522, 3.44258642197, 4.14620447159, 4.83580780029, 2.39558434486, 1.4508972168, 0.697317957878, 0.398368060589, 0.177224099636, 0.0646119564772, 0.0129489712417, 0.00220200559124, 9.84145808616e-05, 5.5413118389e-05],
        "min": [1.10823673317e-22, 1.578028772e-21, 1.34501526501e-21, 1.49645341552e-20, 1.70685665941e-20, 1.275808157e-20, 1.81475128739e-19, 7.10192587767e-20, 1.77767162396e-19, 4.012311681e-19, 3.82241220886e-19, 5.77990850359e-19, 6.50347905755e-19, 1.49615290339e-18, 1.57403795512e-18, 3.8961029896e-18, 2.83546243647e-18, 3.62187400497e-18, 3.19848181523e-18, 4.9048753892e-18, 5.88967071798e-18, 7.60068058016e-18, 5.72323246616e-18, 1.08977786612e-17, 9.47985543369e-18, 1.06838656189e-17, 1.2005495097e-17, 1.54182975478e-17, 1.10041003213e-17, 1.60373760618e-17, 1.65624885126e-17, 9.85477173761e-18, 1.10298893312e-17, 6.6772674295e-18, 8.69873720073e-18, 4.11805415951e-18, 2.33935176511e-18, 1.07973219185e-18, 2.51800059864e-19, 2.74780255267e-20],
        "var": [0.0844352841377, 7.27645921707, 43.7859611511, 25.5736865997, 134.021362305, 625.810791016, 503.851165771, 482.725921631, 889.140441895, 7920.29296875, 5345.20654297, 23881.1191406, 7018.51660156, 15372.4091797, 28819.5371094, 2552.34155273, 4793.63574219, 2686.79833984, 2244.37768555, 1428.52404785, 1850.69958496, 1181.54455566, 357.505950928, 647.682434082, 1417.67114258, 326.899627686, 97.3301391602, 213.407440186, 352.030517578, 538.821594238, 372.072509766, 525.961242676, 627.568603516, 566.945861816, 83.7359542847, 1.96280038357, 0.0146136889234, 0.00020911777392, 1.19248920782e-06, 3.02308933442e-09]
    },
    "gfcc": {
        "mean": [31.7217960358, 92.9466934204, -119.854652405, 34.3820037842, -51.4004440308, 24.5898933411, -31.7696018219, 12.8233938217, -18.3367652893, 4.64489841461, -12.8240699768, 1.94236528873, -11.5647745132],
        "cov": [[5543.34277344, -466.037567139, 152.850860596, 854.637878418, -20.2700042725, 371.884918213, 2.58284640312, 344.070922852, 59.9490280151, 24.7531547546, -27.8576488495, 206.229705811, 60.2739944458], [-466.037567139, 855.910949707, -37.3558540344, -182.038024902, 149.223724365, -136.763092041, 76.2470626831, -105.593193054, -4.5093331337, -35.4876174927, 75.851234436, -62.519569397, -27.7638683319], [152.850860596, -37.3558540344, 547.570983887, 154.370300293, 44.9508743286, 136.870437622, -11.5754518509, 9.09564971924, -5.1442232132, 65.1542663574, 26.7616767883, 43.4772415161, 16.4576530457], [854.637878418, -182.038024902, 154.370300293, 542.648193359, 75.1498336792, 95.8359909058, -16.8826522827, 122.781333923, 82.6796646118, 34.8466873169, 6.02208471298, 73.0498962402, 47.8943099976], [-20.2700042725, 149.223724365, 44.9508743286, 75.1498336792, 334.804504395, 31.7271766663, 42.7123184204, 22.3404026031, -0.995930194855, 48.314704895, 31.2553482056, 27.480588913, 4.44922924042], [371.884918213, -136.763092041, 136.870437622, 95.8359909058, 31.7271766663, 230.653503418, 78.5160980225, 47.2755584717, 10.1624889374, 13.9622955322, 5.70082473755, 49.3640060425, 15.2459363937], [2.58284640312, 76.2470626831, -11.5754518509, -16.8826522827, 42.7123184204, 78.5160980225, 187.424865723, 58.0732192993, 16.6327838898, -33.0533981323, 16.5828552246, 25.0110015869, -8.77454853058], [344.070922852, -105.593193054, 9.09564971924, 122.781333923, 22.3404026031, 47.2755584717, 58.0732192993, 171.853607178, 73.284324646, 19.4966869354, -4.65770196915, 20.4561576843, 9.77259254456], [59.9490280151, -4.5093331337, -5.1442232132, 82.6796646118, -0.995930194855, 10.1624889374, 16.6327838898, 73.284324646, 124.905464172, 31.9009056091, 0.825637936592, -1.37292194366, 4.7451467514], [24.7531547546, -35.4876174927, 65.1542663574, 34.8466873169, 48.314704895, 13.9622955322, -33.0533981323, 19.4966869354, 31.9009056091, 113.155181885, 23.7787704468, -1.49686038494, -6.76164484024], [-27.8576488495, 75.851234436, 26.7616767883, 6.02208471298, 31.2553482056, 5.70082473755, 16.5828552246, -4.65770196915, 0.825637936592, 23.7787704468, 75.771987915, 23.2145900726, -2.25592541695], [206.229705811, -62.519569397, 43.4772415161, 73.0498962402, 27.480588913, 49.3640060425, 25.0110015869, 20.4561576843, -1.37292194366, -1.49686038494, 23.2145900726, 94.6722564697, 33.004650116], [60.2739944458, -27.7638683319, 16.4576530457, 47.8943099976, 4.44922924042, 15.2459363937, -8.77454853058, 9.77259254456, 4.7451467514, -6.76164484024, -2.25592541695, 33.004650116, 63.8808021545]],
        "icov": [[0.000314964854624, -0.00022364925826, 0.000192600229639, -0.000440238916781, 0.000261151057202, -0.000552540121134, 0.000429718173109, -0.00064471969381, 0.000514226441737, -0.000116662427899, 0.000321432191413, -0.00055970007088, 0.000407380488468], [-0.00022364925826, 0.00263927713968, -0.000640504877083, 0.000677562085912, -0.00150409340858, 0.0020402749069, -0.00193959812168, 0.00218644435517, -0.0017832943704, 0.00153981219046, -0.00277285953052, 0.00245470111258, -0.00103868159931], [0.000192600229639, -0.000640504877083, 0.00271699787118, -0.000897089543287, 0.000500103167724, -0.00204811780713, 0.000913907308131, -0.000345552805811, 0.00121686421335, -0.00156140746549, 0.000293199642329, -0.000836723251268, 0.000331870949594], [-0.000440238916781, 0.000677562085912, -0.000897089543287, 0.00373038486578, -0.00120791362133, 0.000292278156849, 0.000847750285175, -0.000586566748098, -0.00235183141194, 0.00127536372747, -0.00086726952577, -0.000350584916305, -0.00117510429118], [0.000261151057202, -0.00150409340858, 0.000500103167724, -0.00120791362133, 0.00456433510408, -0.000970301858615, -0.000305897352519, -0.00122699735221, 0.00224848883227, -0.00303472601809, 0.00118920812383, -0.00178308214527, 0.000411037908634], [-0.000552540121134, 0.0020402749069, -0.00204811780713, 0.000292278156849, -0.000970301858615, 0.00911650341004, -0.00526500120759, 0.00220657815225, -0.00109816167969, -0.000443894154159, -0.00056198774837, 0.000395598734031, -0.00164197967388], [0.000429718173109, -0.00193959812168, 0.000913907308131, 0.000847750285175, -0.000305897352519, -0.00526500120759, 0.0115864584222, -0.00544944871217, 0.000107601998025, 0.00391151430085, -0.000715769070666, -0.00339813763276, 0.0037199689541], [-0.00064471969381, 0.00218644435517, -0.000345552805811, -0.000586566748098, -0.00122699735221, 0.00220657815225, -0.00544944871217, 0.01274482999, -0.00592007488012, -0.000672504073009, -0.000302476779325, 0.00191580096725, -0.00168396090157], [0.000514226441737, -0.0017832943704, 0.00121686421335, -0.00235183141194, 0.00224848883227, -0.00109816167969, 0.000107601998025, -0.00592007488012, 0.014088794589, -0.00480396812782, 0.00188848143443, -0.000135221212986, -0.000203016170417], [-0.000116662427899, 0.00153981219046, -0.00156140746549, 0.00127536372747, -0.00303472601809, -0.000443894154159, 0.00391151430085, -0.000672504073009, -0.00480396812782, 0.0152377570048, -0.00612551625818, 0.002290481003, 0.00175285129808], [0.000321432191413, -0.00277285953052, 0.000293199642329, -0.00086726952577, 0.00118920812383, -0.00056198774837, -0.000715769070666, -0.000302476779325, 0.00188848143443, -0.00612551625818, 0.0201504100114, -0.00786992069334, 0.00305454991758], [-0.00055970007088, 0.00245470111258, -0.000836723251268, -0.000350584916305, -0.00178308214527, 0.000395598734031, -0.00339813763276, 0.00191580096725, -0.000135221212986, 0.002290481003, -0.00786992069334, 0.0199510101229, -0.00899001769722], [0.000407380488468, -0.00103868159931, 0.000331870949594, -0.00117510429118, 0.000411037908634, -0.00164197967388, 0.0037199689541, -0.00168396090157, -0.000203016170417, 0.00175285129808, 0.00305454991758, -0.00899001769722, 0.0216989740729]]
    },
    "melbands": {
        "dmean": [0.00112792872824, 0.00125037436374, 0.000397256953875, 0.000512272003107, 0.00028941698838, 0.000144217789057, 0.000123354664538, 0.000227723619901, 0.000142971533933, 0.000199428701308, 9.43736013141e-05, 8.12619400676e-05, 0.000105803308543, 7.29467938072e-05, 4.26180122304e-05, 5.44593094673e-05, 3.23904278048e-05, 3.01997752103e-05, 2.88324845314e-05, 2.23601728067e-05, 2.00870526896e-05, 1.59672563314e-05, 9.90406169876e-06, 7.38234575692e-06, 8.8547139967e-06, 9.03751606529e-06, 7.90235480963e-06, 4.18397939939e-06, 2.37681615545e-06, 1.94979111257e-06, 2.36794062403e-06, 2.41840712079e-06, 2.84141947304e-06, 2.59259559243e-06, 1.95853135665e-06, 1.8614405235e-06, 2.05393075703e-06, 1.98798716156e-06, 1.8277704612e-06, 2.02797423299e-06],
        "dmean2": [0.00182645954192, 0.00203745090403, 0.000692533794791, 0.000881524698343, 0.00047488528071, 0.000231274592807, 0.000190022983588, 0.000345891108736, 0.000219126202865, 0.000296174024697, 0.000141591226566, 0.000120019816677, 0.000161526637385, 0.000113251473522, 6.9781766797e-05, 8.69915020303e-05, 5.22110676684e-05, 4.97512737638e-05, 4.80446251458e-05, 3.75597192033e-05, 3.36218581651e-05, 2.64873597189e-05, 1.64610464708e-05, 1.2386920389e-05, 1.46408456203e-05, 1.44471059684e-05, 1.27917301143e-05, 6.81299479766e-06, 3.93436175727e-06, 3.12407064484e-06, 3.63320259567e-06, 3.64130914932e-06, 4.29973169958e-06, 3.83911537938e-06, 2.89789522867e-06, 2.73483033197e-06, 2.9782954698e-06, 2.72625038633e-06, 2.73435216513e-06, 2.8629449389e-06],
        "dvar": [2.88803471449e-06, 4.67453310193e-06, 7.23389462109e-07, 2.60877118308e-06, 3.79613055657e-07, 1.43043465073e-07, 1.63840979894e-07, 4.65948687633e-07, 1.85472103453e-07, 2.28375611755e-07, 5.80122723193e-08, 3.96790014179e-08, 5.22850029938e-08, 2.11923865123e-08, 7.22330018021e-09, 1.41343949878e-08, 3.39607142408e-09, 3.33091643157e-09, 4.03452782294e-09, 1.2181281539e-09, 9.25118592843e-10, 7.23393400737e-10, 2.0922429067e-10, 1.60875743282e-10, 2.43985859294e-10, 3.790203984e-10, 2.28902272137e-10, 5.90030871384e-11, 2.28222562376e-11, 2.73860829847e-11, 4.46205884741e-11, 4.89721041497e-11, 7.00269772724e-11, 9.66547952785e-11, 5.92486476547e-11, 1.12816679609e-10, 1.17023279955e-10, 1.33672628522e-10, 1.00015308535e-10, 2.5831345396e-10],
        "dvar2": [7.77883815317e-06, 1.30527605506e-05, 2.05600531444e-06, 7.13462259228e-06, 9.73259147941e-07, 3.64470082559e-07, 3.96670202463e-07, 1.10939254228e-06, 4.42125497102e-07, 4.92587105327e-07, 1.27979788545e-07, 8.09418168046e-08, 1.23150769582e-07, 4.68042884449e-08, 1.62389302005e-08, 2.83066299289e-08, 7.41977190799e-09, 7.49732009808e-09, 9.97658489155e-09, 3.32802119196e-09, 2.45837372681e-09, 1.91154869711e-09, 5.62827229267e-10, 4.37241798323e-10, 6.11078576629e-10, 8.54418535923e-10, 5.59819246515e-10, 1.48958734236e-10, 5.79157589942e-11, 6.49900203098e-11, 8.90583579105e-11, 8.81286918442e-11, 1.37725511551e-10, 1.85495063754e-10, 1.07163999896e-10, 2.46135195558e-10, 2.31337032863e-10, 2.32133770539e-10, 1.80859743848e-10, 5.03407593389e-10],
        "max": [0.0319379717112, 0.0420507825911, 0.0220404230058, 0.0223986171186, 0.013166513294, 0.00871081650257, 0.0133639797568, 0.0233083665371, 0.0157674457878, 0.0130148176104, 0.00684318179265, 0.00543504348025, 0.00514990836382, 0.00361996237189, 0.00268708006479, 0.00358294462785, 0.00173298944719, 0.00208601751365, 0.00305208447389, 0.000957587035373, 0.000581322005019, 0.000498301989865, 0.000293925957521, 0.000231865633396, 0.000421649834607, 0.000668196415063, 0.000436688918853, 0.000157003567438, 0.000115792303404, 0.000183807627764, 0.000228615564993, 0.000286852271529, 0.000284661975456, 0.000334026379278, 0.00020941614639, 0.000503790506627, 0.000349213980371, 0.000448015809525, 0.000437439011876, 0.000970510183834],
        "mean": [0.00365322083235, 0.00358991208486, 0.000758691108786, 0.000680465367623, 0.000500169990119, 0.000281575950794, 0.000242681649979, 0.000445700599812, 0.000247697258601, 0.000455250119558, 0.000207994991797, 0.000190004400793, 0.000254774291534, 0.00015802893904, 7.63233110774e-05, 0.000101502344478, 6.22895822744e-05, 5.82360080443e-05, 5.42828020116e-05, 4.60212686448e-05, 4.38776623923e-05, 3.30941256834e-05, 2.05978849408e-05, 1.52581333168e-05, 1.77870006155e-05, 1.86735487659e-05, 1.6634900021e-05, 8.63681816554e-06, 4.66068877358e-06, 3.60102626473e-06, 4.28710427514e-06, 5.00958412886e-06, 6.29184023637e-06, 5.41439976587e-06, 3.68141036233e-06, 3.08655421577e-06, 3.26400049744e-06, 3.14879889629e-06, 2.60938122665e-06, 2.81845564132e-06],
        "median": [0.00366337876767, 0.00302220368758, 0.000544526847079, 0.000365560757928, 0.000251144403592, 0.000161680101883, 0.000106576815597, 0.000140156596899, 7.98548353487e-05, 9.31608228711e-05, 5.14636158186e-05, 4.6244742407e-05, 5.99599879934e-05, 6.00751409365e-05, 4.37139751739e-05, 4.88328369102e-05, 3.72644426534e-05, 3.69466106349e-05, 3.41781051247e-05, 3.06425572489e-05, 2.96343569062e-05, 2.10615726246e-05, 1.54790595843e-05, 1.1207528587e-05, 1.20187542052e-05, 9.98305586108e-06, 8.96502024261e-06, 5.7669844864e-06, 3.16240584652e-06, 1.86785314327e-06, 1.88180456462e-06, 2.08309597838e-06, 2.83730514639e-06, 2.3880588742e-06, 1.37961853852e-06, 9.3051244221e-07, 8.11436962067e-07, 4.83903079385e-07, 3.48875857981e-07, 3.15468014378e-07],
        "min": [2.5996256377e-24, 1.51855822863e-24, 2.9072589082e-24, 1.52326960178e-24, 4.77155495285e-24, 1.65061778429e-24, 3.05892984179e-24, 5.42150849671e-24, 3.14674721826e-24, 3.61359312982e-24, 3.15564221662e-24, 5.75113047608e-24, 5.21596960457e-24, 7.50360864286e-24, 8.22561516409e-24, 5.24336871596e-24, 6.93842766959e-24, 3.9210189299e-24, 5.39347119685e-24, 6.11153223026e-24, 6.20000179749e-24, 6.72959409988e-24, 4.59715752823e-24, 5.2423084869e-24, 8.2263432827e-24, 6.99485883445e-24, 7.88665583261e-24, 5.941105537e-24, 7.07429870533e-24, 6.26248352548e-24, 8.60946541424e-24, 5.57752743439e-24, 7.64856183419e-24, 8.70907093643e-24, 8.3221291404e-24, 6.41775028429e-24, 5.63833046639e-24, 7.58171454995e-24, 6.93822651006e-24, 4.87445041945e-24],
        "var": [7.33051410862e-06, 1.09843003884e-05, 1.03273976038e-06, 1.9565140974e-06, 6.22039010523e-07, 2.15368373802e-07, 3.33640628014e-07, 1.00191743968e-06, 3.23276083236e-07, 1.10995131308e-06, 1.82986440223e-07, 2.31705485021e-07, 2.71298091548e-07, 8.16893646061e-08, 1.757192436e-08, 4.78170676388e-08, 9.28346999274e-09, 8.61156568277e-09, 8.81150796772e-09, 2.98696023471e-09, 2.81106693478e-09, 1.80164838604e-09, 4.65818383866e-10, 2.59872207087e-10, 4.79809025844e-10, 1.06799935562e-09, 6.42391861927e-10, 1.09702177897e-10, 3.75155496946e-11, 5.19791952536e-11, 8.85392037464e-11, 1.13294332249e-10, 1.50093840134e-10, 1.82779333335e-10, 1.21684939902e-10, 1.61830479573e-10, 2.25781851548e-10, 3.59332896771e-10, 2.54037318959e-10, 5.13885212161e-10]
    },
    "mfcc": {
        "mean": [-608.551147461, 120.28037262, -4.00825929642, 18.8917388916, 7.4022102356, 12.6113443375, 2.77336192131, 10.074845314, -0.178694233298, 7.14251470566, 3.34320187569, -0.840255498886, 5.33060789108],
        "cov": [[3980.11108398, -893.586547852, 251.721939087, 471.854736328, 268.366851807, 135.221435547, 49.656047821, 339.251281738, 192.621276855, 91.7740020752, 2.89629364014, 3.29227662086, 216.468658447], [-893.586547852, 1046.46618652, -190.047012329, -69.6582336426, -53.9345550537, -15.9313678741, 66.1356124878, -80.4950942993, -123.802192688, -4.49161815643, -2.45384430885, 5.6502289772, -35.2731628418], [251.721939087, -190.047012329, 533.762207031, 30.4572105408, 47.5766639709, 81.4718322754, 5.42415809631, 10.1321001053, 34.3308486938, -40.5897445679, 36.2742729187, 23.7679271698, 20.3679141998], [471.854736328, -69.6582336426, 30.4572105408, 333.655822754, 158.108444214, 27.0545845032, -2.57591795921, 39.7944717407, 48.8798675537, 23.5516204834, -0.386036008596, 37.633934021, 77.3958282471], [268.366851807, -53.9345550537, 47.5766639709, 158.108444214, 246.855834961, 66.9002304077, 28.78266716, -6.72138404846, 42.9916877747, 10.7082538605, 12.7367248535, 40.4038047791, 46.0672645569], [135.221435547, -15.9313678741, 81.4718322754, 27.0545845032, 66.9002304077, 169.014358521, 64.650062561, 37.2663078308, 10.928481102, -9.35649681091, 7.43000841141, 12.3554792404, 21.0412197113], [49.656047821, 66.1356124878, 5.42415809631, -2.57591795921, 28.78266716, 64.650062561, 149.888366699, 55.4736366272, 5.58138608932, -5.35080766678, -0.874762237072, 20.586107254, 24.8583335876], [339.251281738, -80.4950942993, 10.1321001053, 39.7944717407, -6.72138404846, 37.2663078308, 55.4736366272, 190.632293701, 54.1811599731, 28.8492565155, -4.77770185471, -2.89248466492, 46.3690185547], [192.621276855, -123.802192688, 34.3308486938, 48.8798675537, 42.9916877747, 10.928481102, 5.58138608932, 54.1811599731, 117.940216064, 38.2293548584, 17.367641449, 17.0516967773, 14.3246984482], [91.7740020752, -4.49161815643, -40.5897445679, 23.5516204834, 10.7082538605, -9.35649681091, -5.35080766678, 28.8492565155, 38.2293548584, 116.477890015, 36.3864250183, 0.337816506624, -1.87866449356], [2.89629364014, -2.45384430885, 36.2742729187, -0.386036008596, 12.7367248535, 7.43000841141, -0.874762237072, -4.77770185471, 17.367641449, 36.3864250183, 86.3722610474, 27.3984413147, 6.32325792313], [3.29227662086, 5.6502289772, 23.7679271698, 37.633934021, 40.4038047791, 12.3554792404, 20.586107254, -2.89248466492, 17.0516967773, 0.337816506624, 27.3984413147, 92.6001586914, 38.972366333], [216.468658447, -35.2731628418, 20.3679141998, 77.3958282471, 46.0672645569, 21.0412197113, 24.8583335876, 46.3690185547, 14.3246984482, -1.87866449356, 6.32325792313, 38.972366333, 103.939437866]],
