{
"lowlevel": {
    "average_loudness": 0.621843397617,
    "barkbands_crest": {
        "dmean": 2.65443086624,
        "dmean2": 4.23109006882,
        "dvar": 5.45968675613,
        "dvar2": 13.3483324051,
        "max": 25.1161956787,
        "mean": 10.9077806473,
        "median": 10.1658363342,
        "min": 2.87441968918,
        "var": 16.869052887
    },
    "barkbands_flatness_db": {
        "dmean": 0.018351059407,
        "dmean2": 0.028227802366,
        "dvar": 0.000273595593171,
        "dvar2": 0.00061292713508,
        "max": 0.326398819685,
        "mean": 0.156633004546,
        "median": 0.152852058411,
        "min": 0.0388621203601,
        "var": 0.00261089019477
    },
    "barkbands_kurtosis": {
        "dmean": 1.92415618896,
        "dmean2": 3.01635837555,
        "dvar": 8.49502944946,
        "dvar2": 19.100440979,
        "max": 85.731086731,
        "mean": 3.33271551132,
        "median": 1.80450248718,
        "min": -1.93379938602,
        "var": 29.3063468933
    },
    "barkbands_skewness": {
        "dmean": 0.411510109901,
        "dmean2": 0.630994141102,
        "dvar": 0.165908589959,
        "dvar2": 0.357273042202,
        "max": 6.93066978455,
        "mean": 1.22208917141,
        "median": 1.16218662262,
        "min": -1.83105480671,
        "var": 1.04285573959
    },
    "barkbands_spread": {
        "dmean": 3.88875031471,
        "dmean2": 5.95013904572,
        "dvar": 25.6426258087,
        "dvar2": 51.8766326904,
        "max": 120.698112488,
        "mean": 16.8938159943,
        "median": 14.0407533646,
        "min": 1.30639994144,
        "var": 139.25567627
    },
    "dissonance": {
        "dmean": 0.0244076456875,
        "dmean2": 0.0412897467613,
        "dvar": 0.000559386506211,
        "dvar2": 0.00151473958977,
        "max": 0.500000059605,
        "mean": 0.450061798096,
        "median": 0.460449099541,
        "min": 0.227414399385,
        "var": 0.00159173784778
    },
    "dynamic_complexity": 4.05121040344,
    "erbbands_crest": {
        "dmean": 3.09326171875,
        "dmean2": 4.90703010559,
        "dvar": 7.66518068314,
        "dvar2": 18.1653175354,
        "max": 32.0162773132,
        "mean": 12.3349609375,
        "median": 11.2905015945,
        "min": 2.74755740166,
        "var": 29.0073699951
    },
    "erbbands_flatness_db": {
        "dmean": 0.0165179036558,
        "dmean2": 0.0248303040862,
        "dvar": 0.000237871558056,
        "dvar2": 0.000511933525559,
        "max": 0.396467626095,
        "mean": 0.210052847862,
        "median": 0.204191729426,
        "min": 0.0670729577541,
        "var": 0.00320102646947
    },
    "erbbands_kurtosis": {
        "dmean": 1.25468599796,
        "dmean2": 1.97844707966,
        "dvar": 3.13420009613,
        "dvar2": 7.36256837845,
        "max": 41.3916816711,
        "mean": 1.72429347038,
        "median": 0.661990523338,
        "min": -1.87483358383,
        "var": 12.0224714279
    },
    "erbbands_skewness": {
        "dmean": 0.385137379169,
        "dmean2": 0.590905487537,
        "dvar": 0.127118721604,
        "dvar2": 0.286945998669,
        "max": 5.42712306976,
        "mean": 0.811709523201,
        "median": 0.783641934395,
        "min": -2.50008893013,
        "var": 0.746186494827
    },
    "erbbands_spread": {
        "dmean": 5.26021242142,
        "dmean2": 8.04152011871,
        "dvar": 42.0010147095,
        "dvar2": 91.5860595703,
        "max": 155.278152466,
        "mean": 26.5578727722,
        "median": 21.9424819946,
        "min": 3.42160749435,
        "var": 290.727752686
    },
    "hfc": {
        "dmean": 4.25885343552,
        "dmean2": 6.57926034927,
        "dvar": 32.5872154236,
        "dvar2": 78.4762496948,
        "max": 100.306770325,
        "mean": 18.2855472565,
        "median": 12.7281541824,
        "min": 1.22026081011e-16,
        "var": 293.306121826
    },
    "melbands_crest": {
        "dmean": 3.3816742897,
        "dmean2": 5.35575866699,
        "dvar": 8.94518947601,
        "dvar2": 21.5409488678,
        "max": 34.1739883423,
        "mean": 14.2005195618,
        "median": 13.0771207809,
        "min": 2.34334158897,
        "var": 29.7366352081
    },
    "melbands_flatness_db": {
        "dmean": 0.0195281263441,
        "dmean2": 0.0298883318901,
        "dvar": 0.000331026822096,
        "dvar2": 0.000738101138268,
        "max": 0.384056359529,
        "mean": 0.195455104113,
        "median": 0.197413861752,
        "min": 0.00975740887225,
        "var": 0.00244556413963
    },
    "melbands_kurtosis": {
        "dmean": 3.4761505127,
        "dmean2": 5.43312311172,
        "dvar": 34.652053833,
        "dvar2": 79.9312973022,
        "max": 118.545524597,
        "mean": 7.27001142502,
        "median": 4.46640872955,
        "min": -1.66707026958,
        "var": 94.3937225342
    },
    "melbands_skewness": {
        "dmean": 0.484190970659,
        "dmean2": 0.741093873978,
        "dvar": 0.259076833725,
        "dvar2": 0.582013249397,
        "max": 9.42399120331,
        "mean": 1.70832884312,
        "median": 1.51719021797,
        "min": -1.1956731081,
        "var": 1.57939815521
    },
    "melbands_spread": {
        "dmean": 5.5034236908,
        "dmean2": 8.44253826141,
        "dvar": 55.9111061096,
        "dvar2": 118.984153748,
        "max": 213.368774414,
        "mean": 22.3452415466,
        "median": 18.2552242279,
        "min": 1.71440887451,
        "var": 255.677337646
    },
    "pitch_salience": {
        "dmean": 0.0647594556212,
        "dmean2": 0.102867126465,
        "dvar": 0.00317125814036,
        "dvar2": 0.00795909482986,
        "max": 0.946956217289,
        "mean": 0.569591343403,
        "median": 0.568501472473,
        "min": 0.158333107829,
        "var": 0.0139714982361
    },
    "silence_rate_20dB": {
        "dmean": 0,
        "dmean2": 0,
        "dvar": 0,
        "dvar2": 0,
        "max": 1,
        "mean": 1,
        "median": 1,
        "min": 1,
        "var": 0
    },
    "silence_rate_30dB": {
        "dmean": 0,
        "dmean2": 0,
        "dvar": 0,
        "dvar2": 0,
        "max": 1,
        "mean": 1,
        "median": 1,
        "min": 1,
        "var": 0
    },
    "silence_rate_60dB": {
        "dmean": 0.0352359116077,
        "dmean2": 0.0704803317785,
        "dvar": 0.0339916348457,
        "dvar2": 0.0756521821022,
        "max": 1,
        "mean": 0.156008690596,
        "median": 0,
        "min": 0,
        "var": 0.13167694211
    },
    "spectral_centroid": {
        "dmean": 193.233261108,
        "dmean2": 292.829620361,
        "dvar": 55031.2226562,
        "dvar2": 105956.945312,
        "max": 11003.3007812,
        "mean": 1319.87792969,
        "median": 1264.37670898,
        "min": 296.278839111,
        "var": 309343.4375
    },
    "spectral_complexity": {
        "dmean": 2.20827794075,
        "dmean2": 3.5896692276,
        "dvar": 6.13029003143,
        "dvar2": 13.919002533,
        "max": 46,
        "mean": 14.6415300369,
        "median": 13,
        "min": 0,
        "var": 69.7631607056
    },
    "spectral_decrease": {
        "dmean": 1.189425336e-09,
        "dmean2": 1.86782100897e-09,
        "dvar": 2.21533485061e-18,
        "dvar2": 5.55277577092e-18,
        "max": -2.26895386613e-29,
        "mean": -4.46650050279e-09,
        "median": -3.68220343105e-09,
        "min": -2.31020589325e-08,
        "var": 1.35740644577e-17
    },
    "spectral_energy": {
        "dmean": 0.00482031656429,
        "dmean2": 0.00756273139268,
        "dvar": 3.60449303116e-05,
        "dvar2": 9.02158208191e-05,
        "max": 0.0939118638635,
        "mean": 0.0185162201524,
        "median": 0.0151556720957,
        "min": 1.11537631564e-20,
        "var": 0.000233164639212
    },
    "spectral_energyband_high": {
        "dmean": 9.79692413239e-05,
        "dmean2": 0.000149624189362,
        "dvar": 5.26682519819e-08,
        "dvar2": 1.10195124137e-07,
        "max": 0.00629657506943,
        "mean": 0.000295083242236,
        "median": 0.000161561125424,
        "min": 7.92963688748e-21,
        "var": 1.84664727954e-07
    },
    "spectral_energyband_low": {
        "dmean": 0.000980080803856,
        "dmean2": 0.00156885338947,
        "dvar": 8.22155107016e-06,
        "dvar2": 2.13961757254e-05,
        "max": 0.0533415526152,
        "mean": 0.00202990113758,
        "median": 0.000233550468693,
        "min": 2.34247686189e-23,
        "var": 1.77336278284e-05
    },
    "spectral_energyband_middle_high": {
        "dmean": 0.00275449990295,
        "dmean2": 0.00431855907664,
        "dvar": 2.01649509108e-05,
        "dvar2": 4.96977299917e-05,
        "max": 0.0790302157402,
        "mean": 0.00891762971878,
        "median": 0.00399605045095,
        "min": 1.9292210642e-21,
        "var": 0.000124779006001
    },
    "spectral_energyband_middle_low": {
        "dmean": 0.00284124771133,
        "dmean2": 0.00444647716358,
        "dvar": 1.43295874295e-05,
        "dvar2": 3.4999116906e-05,
        "max": 0.0590913593769,
        "mean": 0.00780803803355,
        "median": 0.00565997324884,
        "min": 2.57088860244e-22,
        "var": 5.28271448275e-05
    },
    "spectral_entropy": {
        "dmean": 0.139622151852,
        "dmean2": 0.208438813686,
        "dvar": 0.0199311170727,
        "dvar2": 0.0396395325661,
        "max": 9.81213283539,
        "mean": 7.34857606888,
        "median": 7.36445331573,
        "min": 5.90987539291,
        "var": 0.149593040347
    },
    "spectral_flux": {
        "dmean": 0.0167639721185,
        "dmean2": 0.0272603221238,
        "dvar": 0.000317458558129,
        "dvar2": 0.000804015202448,
        "max": 0.214275628328,
        "mean": 0.064998075366,
        "median": 0.0592398531735,
        "min": 1.05611380752e-10,
        "var": 0.00147287535947
    },
    "spectral_kurtosis": {
        "dmean": 1.66247534752,
        "dmean2": 2.84653139114,
        "dvar": 2.74086594582,
        "dvar2": 8.14293575287,
        "max": 24.7740402222,
        "mean": 5.65201854706,
        "median": 5.41906261444,
        "min": -1.53614735603,
        "var": 8.48466873169
    },
    "spectral_rms": {
        "dmean": 0.000523634196725,
        "dmean2": 0.000805212242994,
        "dvar": 2.79122900793e-07,
        "dvar2": 6.67299502766e-07,
        "max": 0.00957190338522,
        "mean": 0.00384844117798,
        "median": 0.00384525954723,
        "min": 3.29874517459e-12,
        "var": 3.25410633195e-06
    },
    "spectral_rolloff": {
        "dmean": 362.265563965,
        "dmean2": 605.359436035,
        "dvar": 536257.6875,
        "dvar2": 1089820.125,
        "max": 18690.8203125,
        "mean": 1567.31091309,
        "median": 1291.9921875,
        "min": 64.599609375,
        "var": 1503232.875
    },
    "spectral_skewness": {
        "dmean": 0.199288770556,
        "dmean2": 0.326901227236,
        "dvar": 0.032085314393,
        "dvar2": 0.0830641537905,
        "max": 3.68846845627,
        "mean": 1.77272343636,
        "median": 1.77663946152,
        "min": -0.140093296766,
        "var": 0.167033135891
    },
    "spectral_spread": {
        "dmean": 366113.15625,
        "dmean2": 554421,
        "dvar": 407017291776,
        "dvar2": 618760110080,
        "max": 40061664,
        "mean": 4063172.75,
        "median": 3758956.25,
        "min": 1943044.125,
        "var": 2.22787377562e+12
    },
    "spectral_strongpeak": {
        "dmean": 0.737097024918,
        "dmean2": 1.20104181767,
        "dvar": 1.04483437538,
        "dvar2": 2.63423848152,
        "max": 15.1794319153,
        "mean": 1.73099112511,
        "median": 1.17924535275,
        "min": 0,
        "var": 3.00358390808
    },
    "zerocrossingrate": {
        "dmean": 0.00714397849515,
        "dmean2": 0.00843401812017,
        "dvar": 0.000110704102553,
        "dvar2": 0.000109165761387,
        "max": 0.56103515625,
        "mean": 0.0591661036015,
        "median": 0.0546875,
        "min": 0.009765625,
        "var": 0.000880607753061
    },
    "barkbands": {
        "dmean": [5.69544863538e-05, 0.000815963139758, 0.000277352897683, 0.000153516040882, 0.000689284584951, 0.000569173542317, 0.000722238735761, 0.000680697732605, 0.00101328687742, 0.00178114708979, 0.000867567374371, 0.000346227374393, 0.000372714217519, 0.000288805284072, 0.000308195041725, 0.000205167933018, 0.000140308882692, 0.000208014535019, 0.00022285716841, 4.04615639127e-05, 1.97401695914e-05, 2.27498367167e-05, 3.81810168619e-05, 2.10668749787e-05, 1.44199220813e-05, 4.03970170737e-06, 4.32668343819e-07],
        "dmean2": [8.46809780342e-05, 0.00131123501342, 0.000471221574116, 0.000269120268058, 0.00112005986739, 0.000889086048119, 0.00109993724618, 0.00104125228245, 0.00159611075651, 0.00282592047006, 0.00140350265428, 0.000556284910999, 0.000603442487773, 0.000467480771476, 0.000507828313857, 0.000331313116476, 0.000225248673814, 0.000329850008711, 0.000346268789144, 6.52662711218e-05, 3.21421393892e-05, 3.63064391422e-05, 5.9900823544e-05, 3.29620052071e-05, 2.17346223508e-05, 6.21084882368e-06, 6.89968885581e-07],
        "dvar": [4.40664678081e-08, 6.64412937113e-06, 9.87242742667e-07, 3.49210182549e-07, 1.74752358362e-06, 1.86057388873e-06, 2.22876747102e-06, 3.17526883009e-06, 5.30897477802e-06, 1.5292176613e-05, 4.47766342404e-06, 9.00383952285e-07, 9.58840587373e-07, 6.56966449242e-07, 5.81828771828e-07, 3.93082387973e-07, 1.36419259888e-07, 2.75244303793e-07, 3.41400976822e-07, 9.67477742364e-09, 1.95918636869e-09, 1.97955740688e-09, 6.85448187099e-09, 5.33826183258e-09, 9.43953892829e-09, 1.8007977054e-10, 1.47185790032e-12],
        "dvar2": [1.01551016485e-07, 1.74913402589e-05, 2.66751271738e-06, 9.76906903816e-07, 4.63945934825e-06, 4.14298938267e-06, 5.17651869814e-06, 7.27090036889e-06, 1.24411844808e-05, 3.6791578168e-05, 1.11105928227e-05, 2.11180099541e-06, 2.46867989517e-06, 1.60240642799e-06, 1.53073426645e-06, 9.90978037407e-07, 3.31023329636e-07, 6.59209433707e-07, 7.60134582833e-07, 2.43077753481e-08, 4.90286300447e-09, 4.6288515243e-09, 1.68088529762e-08, 1.06057136406e-08, 2.10449329074e-08, 3.75348557791e-10, 3.77254130712e-12],
        "max": [0.00581154087558, 0.0487079247832, 0.0184106230736, 0.0126571245492, 0.0213393010199, 0.0334132947028, 0.0240496043116, 0.0418256632984, 0.0546587742865, 0.0699897408485, 0.0419395975769, 0.0332280769944, 0.0214510895312, 0.0176582708955, 0.0153341013938, 0.0168245993555, 0.00854606088251, 0.00898432265967, 0.0142551893368, 0.00257604802027, 0.00103400810622, 0.00123146467377, 0.00212984345853, 0.00268422486261, 0.00457449071109, 0.000493949977681, 2.58419258898e-05],
        "mean": [0.000130289015942, 0.00144767889287, 0.000375510833692, 0.000174810396857, 0.00117256550584, 0.00107917864807, 0.0014108074829, 0.00126023031771, 0.00194271304645, 0.0036816583015, 0.00153045449406, 0.000660480931401, 0.000675670919009, 0.000505158735905, 0.00053106964333, 0.000393212510971, 0.000261276669335, 0.000422500219429, 0.000516083615366, 7.93866784079e-05, 4.1867755499e-05, 5.3104275139e-05, 8.54667378007e-05, 4.93870829814e-05, 2.69474348897e-05, 8.08622280601e-06, 6.18741239578e-07],
        "median": [1.008278673e-06, 4.53519460279e-05, 9.59090975812e-05, 5.08413941134e-05, 0.000612976204138, 0.000246799434535, 0.000355481810402, 0.000251484976616, 0.000447213824373, 0.00073077797424, 0.000244250230026, 0.000149832019815, 0.000150980617036, 0.000123216334032, 0.000105924096715, 6.24899912509e-05, 9.47713415371e-05, 0.000112814159365, 0.000102299425635, 2.71632234217e-05, 1.27821003844e-05, 2.553548984e-05, 3.62155988114e-05, 2.05147407542e-05, 7.12870678399e-06, 3.10907557832e-06, 4.52112871585e-08],
        "min": [1.09261834432e-23, 6.98219525034e-24, 1.30114094507e-23, 1.30382338769e-24, 3.92232086594e-23, 3.37016272404e-23, 1.63087241834e-23, 4.47420006663e-23, 9.6964699877e-23, 1.30967470035e-22, 1.23770256545e-22, 4.24148957057e-23, 1.36986011736e-22, 9.56908409763e-23, 1.21695249442e-22, 8.30592972394e-23, 2.59309106106e-22, 3.32999746085e-22, 4.65211091995e-22, 3.78222781509e-22, 6.46984990858e-22, 4.26238031128e-22, 4.2847228716e-22, 9.82683095623e-22, 1.07679286371e-21, 1.83826209492e-21, 2.47852553648e-21],
        "var": [1.23737734725e-07, 1.16810533655e-05, 9.90425974123e-07, 2.78956463262e-07, 2.74892818197e-06, 6.31054081168e-06, 5.78833805776e-06, 8.74189299793e-06, 1.52505854203e-05, 5.40874971193e-05, 1.2059983419e-05, 2.71956810138e-06, 2.30197906603e-06, 1.44335592722e-06, 1.35291054448e-06, 1.00394174751e-06, 3.14382077704e-07, 7.07625474661e-07, 1.30037972212e-06, 2.17271463043e-08, 5.12991071844e-09, 6.13571149444e-09, 1.67516400751e-08, 1.53816070991e-08, 1.83245738583e-08, 3.45450584804e-10, 2.76321955768e-12]
    },
    "erbbands": {
        "dmean": [0.0316378436983, 0.162716343999, 0.288593500853, 0.414261370897, 1.23579871655, 2.67533254623, 3.97405529022, 4.79364395142, 9.56270599365, 12.459321022, 13.6407623291, 25.1741771698, 32.8908843994, 59.0200767517, 29.9837532043, 14.4738435745, 18.1359786987, 14.1731710434, 17.3521957397, 10.6172370911, 9.13957023621, 6.31404399872, 7.51040935516, 15.3191175461, 6.70246887207, 1.92406713963, 1.076405406, 0.643131971359, 0.650713205338, 1.25198149681, 1.03035533428, 0.521431922913, 0.345532596111, 0.198697701097, 0.0838193669915, 0.0288627240807, 0.00483294017613, 0.000733163382392, 8.14466911834e-05, 6.78450305713e-06],
        "dmean2": [0.049931589514, 0.267932265997, 0.48173391819, 0.717792093754, 2.02945160866, 4.36328601837, 6.31544160843, 7.33965826035, 14.383014679, 19.1276855469, 20.765871048, 38.8643417358, 51.8640441895, 92.8458099365, 48.3032913208, 22.8349437714, 29.1000537872, 23.139831543, 28.2115077972, 17.1618118286, 14.7407503128, 9.91750526428, 11.883389473, 23.644235611, 10.5644483566, 3.11368536949, 1.77896845341, 1.03250384331, 1.01965200901, 2.00155925751, 1.61880779266, 0.814091444016, 0.531942367554, 0.30578070879, 0.125944286585, 0.0445630140603, 0.00742168352008, 0.00112867052667, 0.000128878149553, 1.04865812318e-05],
        "dvar": [0.0114130089059, 0.253639012575, 0.951336681843, 2.72834277153, 10.6228647232, 27.149471283, 84.7947540283, 172.507125854, 434.187774658, 922.439575195, 1270.8470459, 3668.4921875, 5716.99121094, 19882.1875, 5845.78662109, 1853.18579102, 2390.53613281, 1610.45446777, 1827.43969727, 861.184997559, 752.763000488, 238.072814941, 327.928894043, 1744.52246094, 287.371582031, 18.555891037, 8.09560775757, 2.05762314796, 1.54640638828, 9.52706623077, 4.2444357872, 2.16289639473, 2.02809667587, 2.12476921082, 0.265086263418, 0.0110088801011, 0.000503464776557, 3.59387513527e-06, 5.47780238946e-08, 8.54448178877e-11],
        "dvar2": [0.0281255152076, 0.686230480671, 2.52769231796, 7.61808872223, 28.2387733459, 73.1857223511, 190.918167114, 379.354980469, 1010.37329102, 2241.68066406, 2642.43798828, 8343.49414062, 13786.5957031, 47185.0820312, 14556.3828125, 4263.80712891, 6222.49072266, 3989.328125, 4843.89550781, 1978.76623535, 1846.18237305, 499.318695068, 812.957824707, 3818.71386719, 699.573303223, 47.2153511047, 21.6736431122, 4.98600101471, 3.46958470345, 24.4779415131, 9.98133659363, 4.62460422516, 4.34095096588, 5.0329875946, 0.545377075672, 0.0228579733521, 0.00108639209066, 8.31993020256e-06, 1.39435755386e-07, 2.05653744034e-10],
        "max": [1.93852245808, 9.47915077209, 20.3734130859, 41.2111129761, 71.5744400024, 81.7041625977, 258.366149902, 330.920623779, 331.273590088, 596.565307617, 868.67010498, 1583.23425293, 1930.65625, 2677.02124023, 1868.70996094, 1652.03076172, 1067.89318848, 1007.02911377, 805.996520996, 836.28515625, 719.37890625, 497.956115723, 478.681518555, 1125.26538086, 283.170623779, 97.4493484497, 54.3839988708, 44.7117385864, 32.2410964966, 106.867347717, 43.9189796448, 59.3634757996, 46.377155304, 66.5417480469, 23.2809848785, 4.18715810776, 1.34395349026, 0.038457352668, 0.00413628853858, 0.000198651177925],
        "mean": [0.0615355297923, 0.246312752366, 0.433820307255, 0.538578808308, 1.81912696362, 4.41615343094, 7.21170091629, 9.21660518646, 18.9925880432, 24.165807724, 26.4946269989, 49.6384124756, 68.2779998779, 119.578025818, 59.9641418457, 31.0043010712, 35.0717773438, 26.1214084625, 32.8869934082, 20.9141426086, 19.2665023804, 13.8448448181, 17.5035762787, 36.5427589417, 16.2570400238, 4.41558122635, 2.14531040192, 1.4325324297, 1.56556177139, 2.73521947861, 2.29379010201, 1.20446527004, 0.748899579048, 0.366619080305, 0.156102836132, 0.0577279813588, 0.00959213264287, 0.00131772609893, 0.00012885639444, 2.59189000644e-05],
        "median": [0.00039951413055, 0.0153372474015, 0.108735062182, 0.182032898068, 0.639524579048, 2.15128850937, 2.44066619873, 2.51710939407, 5.08544540405, 6.71713018417, 8.9185218811, 13.2383489609, 18.2689723969, 24.8512458801, 15.9266347885, 9.18214035034, 9.20750617981, 8.64386367798, 7.54150676727, 5.08162355423, 4.05830287933, 5.12903118134, 6.6896109581, 7.33217334747, 3.52370023727, 1.50042200089, 0.693805813789, 0.51856637001, 0.806971728802, 1.17985439301, 1.00425171852, 0.553239107132, 0.264254033566, 0.0910595208406, 0.0459679886699, 0.0221677012742, 0.00331784039736, 0.000306518457364, 2.3202454031e-05, 2.00527683774e-05],
        "min": [5.9766090109e-23, 2.30115850493e-21, 1.55373631918e-20, 7.14837206906e-21, 3.92876314333e-20, 1.80098415856e-19, 2.57575770943e-19, 2.27859850274e-19, 2.08516154101e-19, 5.14086029859e-19, 9.86195228571e-19, 2.13902454397e-18, 3.18404834072e-18, 5.38747199731e-18, 3.95927766811e-18, 1.87711868932e-18, 5.48265318886e-18, 4.72741412854e-18, 5.61781615531e-18, 5.93891567498e-18, 8.38865035014e-18, 1.44850409478e-17, 1.56883720178e-17, 2.75162193249e-17, 1.70748855431e-17, 1.92186167447e-17, 2.62463498464e-17, 2.24699411323e-17, 1.5342547656e-17, 1.35883771638e-17, 1.26401080629e-17, 1.6382235931e-17, 1.7898234655e-17, 1.11673402792e-17, 8.70818939359e-18, 6.63101645273e-18, 3.58409418485e-18, 1.49170019015e-18, 3.34548442459e-19, 3.56249629226e-20],
        "var": [0.0228144600987, 0.369252502918, 1.10832607746, 2.22332143784, 14.2829256058, 42.2147064209, 229.866531372, 571.80090332, 1135.43591309, 2380.97412109, 3416.02856445, 10709.3544922, 18650.5234375, 65218.2695312, 17183.1640625, 5932.828125, 5847.3671875, 3154.22973633, 4815.82275391, 1978.68652344, 2080.43554688, 812.866455078, 841.20526123, 6485.38623047, 1072.41503906, 52.844745636, 14.2516088486, 5.99006986618, 5.18843841553, 19.0804100037, 11.9001483917, 6.00436687469, 5.03561115265, 3.93426585197, 0.522616147995, 0.0227765440941, 0.00071915530134, 8.26892210171e-06, 1.04081095742e-07, 5.26399590584e-10]
    },
    "gfcc": {
        "mean": [-41.9322166443, 82.6479263306, -149.986862183, 5.10003614426, -75.3818588257, 9.36884975433, -41.1135063171, 12.2729740143, -23.9165859222, -8.71564769745, -11.3351898193, 1.27594017982, -14.5058851242],
        "cov": [[5467.66552734, -319.934661865, 428.464477539, 356.745788574, 380.770111084, 476.158966064, 215.800354004, 453.025695801, 196.257232666, 302.310211182, 285.210968018, 226.941543579, 102.738525391], [-319.934661865, 1073.515625, 725.04473877, 399.098846436, 251.692352295, -0.972199082375, -20.8265533447, -49.6604042053, -8.43301773071, 8.8955450058, 88.1097488403, -29.5077877045, -43.0388717651], [428.464477539, 725.04473877, 1728.57641602, 851.483337402, 108.870002747, 175.648254395, -310.825622559, -1.44075417519, 30.0017547607, 57.2404899597, 67.5217590332, 88.6605377197, -83.5584564209], [356.745788574, 399.098846436, 851.483337402, 804.103393555, 278.144897461, 103.48274231, -110.859992981, 24.8373794556, 63.6697769165, 67.0298156738, 46.874961853, 74.0243911743, 6.9729590416], [380.770111084, 251.692352295, 108.870002747, 278.144897461, 422.678100586, 99.6075363159, 151.483322144, 100.267555237, 45.7472229004, 110.814964294, 70.7648162842, 35.1698112488, 45.0813560486], [476.158966064, -0.972199082375, 175.648254395, 103.48274231, 99.6075363159, 233.651260376, 94.4239273071, 76.3372116089, 38.9454917908, 63.3887634277, 48.7593765259, 23.4209861755, 14.9497032166], [215.800354004, -20.8265533447, -310.825622559, -110.859992981, 151.483322144, 94.4239273071, 310.036712646, 97.8206481934, 26.6642379761, 73.6140823364, 39.3159942627, -0.61438280344, 51.5108795166], [453.025695801, -49.6604042053, -1.44075417519, 24.8373794556, 100.267555237, 76.3372116089, 97.8206481934, 189.967803955, 96.1356277466, 52.9606971741, 47.9263725281, 34.8325653076, 16.3276138306], [196.257232666, -8.43301773071, 30.0017547607, 63.6697769165, 45.7472229004, 38.9454917908, 26.6642379761, 96.1356277466, 162.076675415, 40.6867523193, 8.14240837097, 34.97631073, 19.8314189911], [302.310211182, 8.8955450058, 57.2404899597, 67.0298156738, 110.814964294, 63.3887634277, 73.6140823364, 52.9606971741, 40.6867523193, 136.385391235, 46.3531951904, 17.5660686493, 19.6886940002], [285.210968018, 88.1097488403, 67.5217590332, 46.874961853, 70.7648162842, 48.7593765259, 39.3159942627, 47.9263725281, 8.14240837097, 46.3531951904, 146.092132568, 43.1500549316, 1.42811048031], [226.941543579, -29.5077877045, 88.6605377197, 74.0243911743, 35.1698112488, 23.4209861755, -0.61438280344, 34.8325653076, 34.97631073, 17.5660686493, 43.1500549316, 103.749191284, 37.1528930664], [102.738525391, -43.0388717651, -83.5584564209, 6.9729590416, 45.0813560486, 14.9497032166, 51.5108795166, 16.3276138306, 19.8314189911, 19.6886940002, 1.42811048031, 37.1528930664, 110.751396179]],
        "icov": [[0.00028952525463, 0.000138074057759, -5.02718430653e-05, -1.03621587186e-05, -7.45110519347e-05, -0.00029745415668, 0.000113803478598, -0.000452503591077, 0.00012935459381, -0.000229426645092, -0.000253478297964, -0.000165210745763, -9.162191418e-05], [0.000138074057759, 0.00309113250114, -0.00234714220278, 0.000942380633205, -0.00247160415165, 0.00216505699791, -0.00205607456155, 0.00222727330402, -0.00178655853961, 0.00235470500775, -0.00256456225179, 0.00293682212941, -0.000466098048491], [-5.02718430653e-05, -0.00234714220278, 0.0037099213805, -0.00257261702791, 0.00256408564746, -0.0029674959369, 0.00298597081564, -0.0022213018965, 0.00207216641866, -0.0025546553079, 0.00182326731738, -0.00285722850822, 0.00140913948417], [-1.03621587186e-05, 0.000942380633205, -0.00257261702791, 0.00464991154149, -0.00365210254677, 0.000853520527016, 0.000161502626725, 0.0018330354942, -0.00188808725215, 0.00131244736258, -0.000472310610348, 0.000535645580385, -0.000900697719771], [-7.45110519347e-05, -0.00247160415165, 0.00256408564746, -0.00365210254677, 0.00767534133047, -0.00160549685825, -0.000569017895032, -0.00324339582585, 0.00248485594057, -0.00381011981517, 0.0013263648143, -0.00202451623045, 2.81748657471e-06], [-0.00029745415668, 0.00216505699791, -0.0029674959369, 0.000853520527016, -0.00160549685825, 0.008948485367, -0.00445265509188, 0.00132565572858, -0.00182924233377, 0.0014253485715, -0.00224416400306, 0.00280231330544, -0.000691179360729], [0.000113803478598, -0.00205607456155, 0.00298597081564, 0.000161502626725, -0.000569017895032, -0.00445265509188, 0.00950744468719, -0.00384052493609, 0.00228752847761, -0.00339379906654, 0.00141137558967, -0.00136371294502, -0.00105202826671], [-0.000452503591077, 0.00222727330402, -0.0022213018965, 0.0018330354942, -0.00324339582585, 0.00132565572858, -0.00384052493609, 0.0131096718833, -0.00716112973168, 0.00276661384851, -0.00310051068664, 0.00153725291602, 0.000803557923064], [0.00012935459381, -0.00178655853961, 0.00207216641866, -0.00188808725215, 0.00248485594057, -0.00182924233377, 0.00228752847761, -0.00716112973168, 0.0115036424249, -0.00378966075368, 0.00330293015577, -0.00381762441248, -5.28418786416e-05], [-0.000229426645092, 0.00235470500775, -0.0025546553079, 0.00131244736258, -0.00381011981517, 0.0014253485715, -0.00339379906654, 0.00276661384851, -0.00378966075368, 0.0134927667677, -0.00392700172961, 0.00349316652864, -0.00119430862833], [-0.000253478297964, -0.00256456225179, 0.00182326731738, -0.000472310610348, 0.0013263648143, -0.00224416400306, 0.00141137558967, -0.00310051068664, 0.00330293015577, -0.00392700172961, 0.0119078708813, -0.0065333112143, 0.00235237064771], [-0.000165210745763, 0.00293682212941, -0.00285722850822, 0.000535645580385, -0.00202451623045, 0.00280231330544, -0.00136371294502, 0.00153725291602, -0.00381762441248, 0.00349316652864, -0.0065333112143, 0.0179564747959, -0.00591830629855], [-9.162191418e-05, -0.000466098048491, 0.00140913948417, -0.000900697719771, 2.81748657471e-06, -0.000691179360729, -0.00105202826671, 0.000803557923064, -5.28418786416e-05, -0.00119430862833, 0.00235237064771, -0.00591830629855, 0.0126927569509]]
    },
    "melbands": {
        "dmean": [0.000248638069024, 0.000153150162078, 8.30093340483e-05, 0.000145098369103, 0.000133099587401, 0.000106804996904, 0.000146423917613, 0.000140745090903, 0.000123504141811, 0.000160220966791, 0.000171442676219, 0.000253120757407, 0.000113210255222, 4.68698417535e-05, 3.98984484491e-05, 3.25181172229e-05, 2.91181058856e-05, 2.84297730104e-05, 1.75829027285e-05, 1.63100594364e-05, 1.07107771328e-05, 7.45602483221e-06, 7.33521346774e-06, 9.96953804133e-06, 1.47293667396e-05, 6.74245075061e-06, 2.70564623861e-06, 1.17465651783e-06, 9.08900119612e-07, 4.14754595113e-07, 4.24189096293e-07, 3.60586057013e-07, 5.73917247948e-07, 8.29272948977e-07, 7.09502728569e-07, 4.28778747619e-07, 3.21214287169e-07, 2.73946028528e-07, 2.14372249729e-07, 1.75643663169e-07],
        "dmean2": [0.000398918840801, 0.000254730985034, 0.000141970158438, 0.000234523540712, 0.000213164079469, 0.000164884229889, 0.000220046465984, 0.000216272950638, 0.000188559220987, 0.000247929565376, 0.000269990734523, 0.000398549454985, 0.000183107680641, 7.48523962102e-05, 6.39876525383e-05, 5.22877198819e-05, 4.75842462038e-05, 4.60781157017e-05, 2.84812686004e-05, 2.59079042735e-05, 1.70752628037e-05, 1.16608325698e-05, 1.19371616165e-05, 1.55120596901e-05, 2.26510310313e-05, 1.07764290078e-05, 4.32718297816e-06, 1.91757840184e-06, 1.54985639256e-06, 6.56596910176e-07, 6.92712660566e-07, 5.71978887365e-07, 9.28131157707e-07, 1.32720936108e-06, 1.13054341e-06, 6.82654842876e-07, 5.01008059928e-07, 4.18443875105e-07, 3.40741337368e-07, 2.68644015478e-07],
        "dvar": [6.59724264551e-07, 2.1280621354e-07, 8.58862421182e-08, 9.48746006202e-08, 7.54529665414e-08, 7.5189696247e-08, 9.70871880668e-08, 1.2738897226e-07, 9.34422246246e-08, 1.51192253384e-07, 1.52280463794e-07, 3.7444428358e-07, 7.98218806608e-08, 1.49812269257e-08, 1.02829789128e-08, 7.57182849753e-09, 7.34589988838e-09, 4.71692152004e-09, 1.87423809805e-09, 2.72463607232e-09, 1.1292942137e-09, 4.32749752699e-10, 3.4984287689e-10, 6.02280558759e-10, 1.78480474844e-09, 3.04557407071e-10, 5.64809865544e-11, 7.33582205398e-12, 7.03798781407e-12, 9.59620837654e-13, 8.21795593815e-13, 5.09463022984e-13, 1.56586701071e-12, 4.93989528103e-12, 2.0823783236e-12, 8.36921515163e-13, 1.11843954237e-12, 1.05582448166e-12, 1.42465379771e-12, 2.0894588143e-12],
        "dvar2": [1.70659654941e-06, 5.46447040506e-07, 2.33946636286e-07, 2.46424662009e-07, 1.76865484036e-07, 1.66605673257e-07, 2.25049518576e-07, 3.08936961346e-07, 1.94675322973e-07, 3.43257767099e-07, 3.65594900131e-07, 8.91225738542e-07, 2.01863613825e-07, 3.69259289812e-08, 2.47521256824e-08, 1.87982074351e-08, 1.82526207482e-08, 1.21560290722e-08, 4.65340033173e-09, 6.67757138473e-09, 2.54176857339e-09, 9.42280919958e-10, 8.41674174801e-10, 1.39810962807e-09, 3.86520682127e-09, 7.16412762447e-10, 1.41484476912e-10, 1.88838753662e-11, 1.96207373265e-11, 2.29867470544e-12, 2.0904766633e-12, 1.18005811286e-12, 3.75909503178e-12, 1.30871242662e-11, 4.95942956841e-12, 1.95106170803e-12, 2.40371134455e-12, 2.14690960322e-12, 3.55792608916e-12, 5.06461018956e-12],
        "max": [0.0152677129954, 0.00925216916949, 0.00633228430524, 0.0054774954915, 0.00679900217801, 0.00637521222234, 0.0046643614769, 0.00672724330798, 0.00659397616982, 0.0106266662478, 0.00998626928777, 0.0116562191397, 0.00697593297809, 0.00386950769462, 0.00262480927631, 0.00211472110823, 0.00227064592764, 0.001410279423, 0.000902074913029, 0.00137230660766, 0.00093608268071, 0.000641236780211, 0.000530601188075, 0.000433175795479, 0.00104522425681, 0.000374461669708, 0.000150476451381, 5.61741544516e-05, 4.83247931697e-05, 3.03217802866e-05, 2.46151503234e-05, 1.77491965587e-05, 3.90363384213e-05, 8.82576787262e-05, 3.02691987599e-05, 2.49680015258e-05, 4.7885299864e-05, 3.52875613316e-05, 3.63542894775e-05, 7.16395516065e-05],
        "mean": [0.000463412172394, 0.000258209562162, 0.000116909694043, 0.000235994317336, 0.000246108218562, 0.000203490635613, 0.000291038159048, 0.000269049109193, 0.000230216610362, 0.0003035562695, 0.000344141764799, 0.000504790747073, 0.000212458297028, 8.95459234016e-05, 7.82026836532e-05, 5.98164806433e-05, 4.79773334519e-05, 5.22740956512e-05, 3.15336183121e-05, 2.9953505873e-05, 2.03521267395e-05, 1.38276973303e-05, 1.3958805539e-05, 2.04039006348e-05, 3.21378138324e-05, 1.40806314448e-05, 5.5571217672e-06, 2.25546000365e-06, 1.53602093178e-06, 7.91703143932e-07, 8.60153363647e-07, 7.86537668773e-07, 1.20169625006e-06, 1.66227948739e-06, 1.46077195495e-06, 9.0685836085e-07, 6.64471485834e-07, 5.61274703159e-07, 3.94045031271e-07, 2.84042300791e-07],
        "median": [7.5216184996e-06, 4.93038314744e-05, 4.47489728685e-05, 9.80790500762e-05, 0.000103597616544, 5.04145900777e-05, 7.24959027139e-05, 6.7628789111e-05, 7.43314012652e-05, 7.10741733201e-05, 7.56673180149e-05, 8.92557291081e-05, 4.24240497523e-05, 2.21489262913e-05, 1.90262107935e-05, 1.47274849951e-05, 1.16553601401e-05, 1.08273834485e-05, 6.99807605997e-06, 4.81452934764e-06, 4.20223113906e-06, 4.49974322692e-06, 5.15107512911e-06, 5.65660047869e-06, 5.49510878045e-06, 2.92502363664e-06, 1.45794228956e-06, 7.51875859351e-07, 4.25991316888e-07, 2.57709587004e-07, 2.83705901438e-07, 3.78647001753e-07, 5.22981395079e-07, 6.28363068245e-07, 5.70122949739e-07, 3.89703103565e-07, 2.57442053453e-07, 1.88183179262e-07, 1.00273126691e-07, 5.30411305988e-08],
        "min": [1.56729228041e-24, 6.40891346443e-24, 1.69150986842e-24, 8.04059099421e-24, 9.12734944307e-24, 5.47721706498e-24, 3.15129164872e-24, 7.21325655378e-24, 7.62799386381e-24, 1.45081886102e-23, 1.63831547875e-23, 2.2250104244e-23, 1.66879012215e-23, 4.68616588745e-24, 8.3024533717e-24, 1.2960762214e-23, 8.28013570783e-24, 8.67945394261e-24, 1.04098408486e-23, 5.68360989905e-24, 1.09815251912e-23, 1.67982707508e-23, 1.45676008805e-23, 1.28455979882e-23, 2.47011865843e-23, 1.36783700468e-23, 1.06037373371e-23, 1.28397075638e-23, 1.49028935864e-23, 1.29781802628e-23, 1.50469695645e-23, 9.49706409466e-24, 6.65794817474e-24, 8.16081812933e-24, 8.27130283227e-24, 6.47428124005e-24, 1.09122860807e-23, 1.42079055512e-23, 9.21569003154e-24, 9.16189918414e-24],
        "var": [1.22225958421e-06, 3.38400383271e-07, 8.01419233198e-08, 1.53720804974e-07, 1.9410830987e-07, 2.53646675219e-07, 2.61404892399e-07, 3.31713209789e-07, 2.38703648847e-07, 4.25427998607e-07, 5.02866043917e-07, 1.24511598187e-06, 2.38157937815e-07, 3.81762959023e-08, 2.88438730678e-08, 1.73511462975e-08, 1.35914968169e-08, 1.3278239841e-08, 4.48032899669e-09, 6.65228361285e-09, 2.77939538051e-09, 1.05983644083e-09, 8.22675927381e-10, 1.52155310573e-09, 5.91131010808e-09, 9.20610310207e-10, 1.34238828386e-10, 1.58943483375e-11, 9.52522956343e-12, 2.17877343771e-12, 2.28810742055e-12, 1.50505140035e-12, 3.95625979893e-12, 8.18284329185e-12, 5.25101359963e-12, 2.30825059587e-12, 2.74048080236e-12, 2.67680127196e-12, 2.49498815705e-12, 3.50964006121e-12]
    },
    "mfcc": {
        "mean": [-676.950073242, 117.503097534, -23.0877456665, -4.79416704178, -12.1377391815, -11.5460395813, -9.00777244568, 12.2356815338, -13.496629715, 2.91298913956, -1.35962879658, -8.83506393433, -3.97487282753],
        "cov": [[4825.76220703, -480.664001465, -91.3360595703, -1.78667831421, 238.060470581, 114.397392273, 303.735626221, 253.477371216, 151.453109741, 349.664703369, 162.137527466, 47.1972045898, 239.157745361], [-480.664001465, 825.794433594, 333.386352539, 257.53314209, 181.016143799, 72.1678009033, 99.4883575439, -12.2145090103, -44.2147216797, -3.23731327057, 57.3047180176, 64.4931793213, 7.76041555405], [-91.3360595703, 333.386352539, 1600.48840332, 575.492370605, 552.323181152, 182.751251221, -112.974319458, 39.4294319153, -185.984939575, 25.9008331299, 12.0103282928, 41.6711349487, 40.3577308655], [-1.78667831421, 257.53314209, 575.492370605, 661.739379883, 417.716033936, 172.239562988, 31.304019928, 15.7204380035, 17.5400047302, -0.0444118529558, 39.8854217529, 31.6576194763, 81.4601287842], [238.060470581, 181.016143799, 552.323181152, 417.716033936, 469.22366333, 130.679122925, 24.7733879089, 57.8989524841, -10.2361526489, 42.3028717041, 59.6357116699, 39.7926864624, 62.7211074829], [114.397392273, 72.1678009033, 182.751251221, 172.239562988, 130.679122925, 213.905975342, 93.3393936157, 10.8125972748, 44.2816200256, 35.5432052612, 28.6513595581, 11.4907627106, 34.0829391479], [303.735626221, 99.4883575439, -112.974319458, 31.304019928, 24.7733879089, 93.3393936157, 280.885925293, 18.5095844269, 55.6169967651, 41.4184417725, 64.5671691895, 28.0378875732, 49.4293479919], [253.477371216, -12.2145090103, 39.4294319153, 15.7204380035, 57.8989524841, 10.8125972748, 18.5095844269, 162.254623413, 22.1584739685, 62.0234107971, 37.0823135376, 11.4377298355, 16.8700561523], [151.453109741, -44.2147216797, -185.984939575, 17.5400047302, -10.2361526489, 44.2816200256, 55.6169967651, 22.1584739685, 208.922393799, 46.921787262, 23.1039524078, 15.9652204514, 25.2461776733], [349.664703369, -3.23731327057, 25.9008331299, -0.0444118529558, 42.3028717041, 35.5432052612, 41.4184417725, 62.0234107971, 46.921787262, 159.011108398, 57.6717948914, 3.99286532402, 16.5901756287], [162.137527466, 57.3047180176, 12.0103282928, 39.8854217529, 59.6357116699, 28.6513595581, 64.5671691895, 37.0823135376, 23.1039524078, 57.6717948914, 129.592956543, 42.9720535278, 20.4736061096], [47.1972045898, 64.4931793213, 41.6711349487, 31.6576194763, 39.7926864624, 11.4907627106, 28.0378875732, 11.4377298355, 15.9652204514, 3.99286532402, 42.9720535278, 125.443725586, 47.0396652222], [239.157745361, 7.76041555405, 40.3577308655, 81.4601287842, 62.7211074829, 34.0829391479, 49.4293479919, 16.8700561523, 25.2461776733, 16.5901756287, 20.4736061096, 47.0396652222, 120.158226013]],
