{
"lowlevel": {
    "average_loudness": 0.926776647568,
    "barkbands_crest": {
        "dmean": 2.73289179802,
        "dmean2": 4.16305303574,
        "dvar": 6.54927110672,
        "dvar2": 13.3921785355,
        "max": 26.3225593567,
        "mean": 10.0793981552,
        "median": 8.73738288879,
        "min": 2.00225114822,
        "var": 28.3806037903
    },
    "barkbands_flatness_db": {
        "dmean": 0.0192223601043,
        "dmean2": 0.0278752017766,
        "dvar": 0.000311494863126,
        "dvar2": 0.000602715823334,
        "max": 0.327330887318,
        "mean": 0.140530452132,
        "median": 0.130648240447,
        "min": 0.0513227544725,
        "var": 0.00252706510946
    },
    "barkbands_kurtosis": {
        "dmean": 1.86731100082,
        "dmean2": 2.78453302383,
        "dvar": 14.4341669083,
        "dvar2": 29.7426872253,
        "max": 100.357948303,
        "mean": 1.72018456459,
        "median": -0.119813203812,
        "min": -1.92635250092,
        "var": 39.817024231
    },
    "barkbands_skewness": {
        "dmean": 0.518575787544,
        "dmean2": 0.752036631107,
        "dvar": 0.290399104357,
        "dvar2": 0.567629337311,
        "max": 9.77338314056,
        "mean": 0.959185063839,
        "median": 0.751655220985,
        "min": -2.71663808823,
        "var": 1.53860771656
    },
    "barkbands_spread": {
        "dmean": 7.58299016953,
        "dmean2": 11.1309175491,
        "dvar": 75.4522171021,
        "dvar2": 149.8019104,
        "max": 115.857757568,
        "mean": 32.6025123596,
        "median": 31.09333992,
        "min": 1.45869874954,
        "var": 345.362731934
    },
    "dissonance": {
        "dmean": 0.0134480465204,
        "dmean2": 0.0231366027147,
        "dvar": 0.000182740564924,
        "dvar2": 0.000508738390636,
        "max": 0.500000059605,
        "mean": 0.480222344398,
        "median": 0.484537899494,
        "min": 0.331722825766,
        "var": 0.000276945531368
    },
    "dynamic_complexity": 2.80750060081,
    "erbbands_crest": {
        "dmean": 2.48533844948,
        "dmean2": 4.07534170151,
        "dvar": 5.37044763565,
        "dvar2": 13.8566894531,
        "max": 28.9388027191,
        "mean": 8.23337554932,
        "median": 7.29590606689,
        "min": 2.27327609062,
        "var": 15.2726039886
    },
    "erbbands_flatness_db": {
        "dmean": 0.0165691450238,
        "dmean2": 0.0243102610111,
        "dvar": 0.000236404419411,
        "dvar2": 0.000464545621071,
        "max": 0.401272118092,
        "mean": 0.174116775393,
        "median": 0.162443742156,
        "min": 0.0733290761709,
        "var": 0.00326304207556
    },
    "erbbands_kurtosis": {
        "dmean": 0.84433221817,
        "dmean2": 1.31831514835,
        "dvar": 1.19832396507,
        "dvar2": 3.01337122917,
        "max": 25.4749584198,
        "mean": 0.469208657742,
        "median": -0.00839018821716,
        "min": -1.79850745201,
        "var": 2.96487879753
    },
    "erbbands_skewness": {
        "dmean": 0.350866526365,
        "dmean2": 0.536014080048,
        "dvar": 0.0980533733964,
        "dvar2": 0.223051413894,
        "max": 4.48326730728,
        "mean": -0.036442425102,
        "median": -0.0520213060081,
        "min": -3.47537231445,
        "var": 0.619839429855
    },
    "erbbands_spread": {
        "dmean": 7.97073364258,
        "dmean2": 11.6973209381,
        "dvar": 70.8118743896,
        "dvar2": 145.582473755,
        "max": 154.655029297,
        "mean": 37.0111198425,
        "median": 32.9881820679,
        "min": 3.34085488319,
        "var": 387.088867188
    },
    "hfc": {
        "dmean": 9.92483043671,
        "dmean2": 14.5216836929,
        "dvar": 149.394195557,
        "dvar2": 322.105834961,
        "max": 131.210494995,
        "mean": 30.0196266174,
        "median": 27.0415382385,
        "min": 1.22020601766e-16,
        "var": 488.767822266
    },
    "melbands_crest": {
        "dmean": 3.83072543144,
        "dmean2": 5.85685586929,
        "dvar": 12.1118412018,
        "dvar2": 25.5371742249,
        "max": 32.7137031555,
        "mean": 14.4861898422,
        "median": 13.272023201,
        "min": 1.97309613228,
        "var": 44.6079368591
    },
    "melbands_flatness_db": {
        "dmean": 0.0254624877125,
        "dmean2": 0.0345972962677,
        "dvar": 0.000580493186135,
        "dvar2": 0.00100987113547,
        "max": 0.377166062593,
        "mean": 0.15226790309,
        "median": 0.143103554845,
        "min": 0.00390716595575,
        "var": 0.00430296221748
    },
    "melbands_kurtosis": {
        "dmean": 6.27798175812,
        "dmean2": 9.12265968323,
        "dvar": 183.122894287,
        "dvar2": 362.885437012,
        "max": 373.627685547,
        "mean": 11.0120153427,
        "median": 3.70797729492,
        "min": -1.81088614464,
        "var": 598.297790527
    },
    "melbands_skewness": {
        "dmean": 0.749396026134,
        "dmean2": 1.07561349869,
        "dvar": 0.68261295557,
        "dvar2": 1.25134956837,
        "max": 16.4959316254,
        "mean": 2.33990621567,
        "median": 1.87064576149,
        "min": -0.992658853531,
        "var": 4.06946372986
    },
    "melbands_spread": {
        "dmean": 12.036649704,
        "dmean2": 18.040813446,
        "dvar": 299.021514893,
        "dvar2": 621.541381836,
        "max": 281.503814697,
        "mean": 39.5130729675,
        "median": 34.439868927,
        "min": 1.37841928005,
        "var": 852.84387207
    },
    "pitch_salience": {
        "dmean": 0.0793015956879,
        "dmean2": 0.117314964533,
        "dvar": 0.00561368092895,
        "dvar2": 0.0107187191024,
        "max": 0.922882199287,
        "mean": 0.55752915144,
        "median": 0.594692468643,
        "min": 0.0534287542105,
        "var": 0.0254526212811
    },
    "silence_rate_20dB": {
        "dmean": 0,
        "dmean2": 0,
        "dvar": 0,
        "dvar2": 0,
        "max": 1,
        "mean": 1,
        "median": 1,
        "min": 1,
        "var": 0
    },
    "silence_rate_30dB": {
        "dmean": 0,
        "dmean2": 0,
        "dvar": 0,
        "dvar2": 0,
        "max": 1,
        "mean": 1,
        "median": 1,
        "min": 1,
        "var": 0
    },
    "silence_rate_60dB": {
        "dmean": 0.0156644769013,
        "dmean2": 0.0313329137862,
        "dvar": 0.0154179353267,
        "dvar2": 0.0384321436286,
        "max": 1,
        "mean": 0.0583554394543,
        "median": 0,
        "min": 0,
        "var": 0.0549614615738
    },
    "spectral_centroid": {
        "dmean": 283.644256592,
        "dmean2": 428.246551514,
        "dvar": 95189.6484375,
        "dvar2": 185435.015625,
        "max": 11050.7753906,
        "mean": 2066.07080078,
        "median": 2073.0300293,
        "min": 324.620910645,
        "var": 406671.25
    },
    "spectral_complexity": {
        "dmean": 5.41334009171,
        "dmean2": 7.97245740891,
        "dvar": 30.2889003754,
        "dvar2": 59.1140289307,
        "max": 58,
        "mean": 23.6006069183,
        "median": 23,
        "min": 0,
        "var": 142.44430542
    },
    "spectral_decrease": {
        "dmean": 1.92825377887e-09,
        "dmean2": 2.84702883491e-09,
        "dvar": 4.64127898417e-18,
        "dvar2": 1.02084973286e-17,
        "max": 7.71282521321e-29,
        "mean": -6.06017458438e-09,
        "median": -5.28941779265e-09,
        "min": -2.49095357674e-08,
        "var": 1.94181393259e-17
    },
    "spectral_energy": {
        "dmean": 0.00792207382619,
        "dmean2": 0.0117305153981,
        "dvar": 7.59572576499e-05,
        "dvar2": 0.000168205049704,
        "max": 0.101925216615,
        "mean": 0.0255953352898,
        "median": 0.0230456627905,
        "min": 1.07765227528e-20,
        "var": 0.000312235759338
    },
    "spectral_energyband_high": {
        "dmean": 0.000750073522795,
        "dmean2": 0.0010884674266,
        "dvar": 1.35113930355e-06,
        "dvar2": 2.73135651696e-06,
        "max": 0.0154260676354,
        "mean": 0.00163801712915,
        "median": 0.00101762765553,
        "min": 7.94912490728e-21,
        "var": 3.3521325804e-06
    },
    "spectral_energyband_low": {
        "dmean": 0.0040754894726,
        "dmean2": 0.00541080348194,
        "dvar": 3.10355680995e-05,
        "dvar2": 5.93751065026e-05,
        "max": 0.0791272222996,
        "mean": 0.00986622739583,
        "median": 0.00415522884578,
        "min": 7.7057050249e-23,
        "var": 0.000155764835654
    },
    "spectral_energyband_middle_high": {
        "dmean": 0.00285355979577,
        "dmean2": 0.00425791321322,
        "dvar": 1.4426488633e-05,
        "dvar2": 3.15190263791e-05,
        "max": 0.0609252676368,
        "mean": 0.00862939096987,
        "median": 0.0053868801333,
        "min": 1.44439255397e-21,
        "var": 7.53557178541e-05
    },
    "spectral_energyband_middle_low": {
        "dmean": 0.00401033088565,
        "dmean2": 0.00620122766122,
        "dvar": 4.29707142757e-05,
        "dvar2": 9.13944750209e-05,
        "max": 0.0710839703679,
        "mean": 0.00626062741503,
        "median": 0.00341791450046,
        "min": 2.62846636084e-22,
        "var": 6.04143970122e-05
    },
    "spectral_entropy": {
        "dmean": 0.127989053726,
        "dmean2": 0.184281036258,
        "dvar": 0.0155118498951,
        "dvar2": 0.0275853201747,
        "max": 9.80272102356,
        "mean": 7.90023469925,
        "median": 7.89529275894,
        "min": 6.74669122696,
        "var": 0.118844635785
    },
    "spectral_flux": {
        "dmean": 0.0237008240074,
        "dmean2": 0.0373819582164,
        "dvar": 0.000584718480241,
        "dvar2": 0.00129417411517,
        "max": 0.279476523399,
        "mean": 0.0938881412148,
        "median": 0.0888080224395,
        "min": 1.03810030017e-10,
        "var": 0.00199037836865
    },
    "spectral_kurtosis": {
        "dmean": 1.15563595295,
        "dmean2": 1.88525092602,
        "dvar": 1.46593928337,
        "dvar2": 4.16446113586,
        "max": 16.1493740082,
        "mean": 2.99164247513,
        "median": 2.70843505859,
        "min": -1.50792849064,
        "var": 4.89558696747
    },
    "spectral_rms": {
        "dmean": 0.000789434183389,
        "dmean2": 0.00115051190369,
        "dvar": 6.50544677683e-07,
        "dvar2": 1.33333071517e-06,
        "max": 0.0099719222635,
        "mean": 0.00464479066432,
        "median": 0.00474168453366,
        "min": 3.24248071969e-12,
        "var": 3.39693770002e-06
    },
    "spectral_rolloff": {
        "dmean": 814.490356445,
        "dmean2": 1250.3203125,
        "dvar": 1673854.5,
        "dvar2": 3002066.5,
        "max": 19143.0175781,
        "mean": 2707.17114258,
        "median": 2110.25390625,
        "min": 64.599609375,
        "var": 5378300.5
    },
    "spectral_skewness": {
        "dmean": 0.173485264182,
        "dmean2": 0.275361031294,
        "dvar": 0.0251460205764,
        "dvar2": 0.0602662451565,
        "max": 2.89776349068,
        "mean": 1.24961209297,
        "median": 1.24454474449,
        "min": -0.146111816168,
        "var": 0.126710772514
    },
    "spectral_spread": {
        "dmean": 631961.75,
        "dmean2": 849186.1875,
        "dvar": 723483885568,
        "dvar2": 1.00466629018e+12,
        "max": 40049240,
        "mean": 4811348.5,
        "median": 4356112.5,
        "min": 1755270.875,
        "var": 4.00260202496e+12
    },
    "spectral_strongpeak": {
        "dmean": 0.611931562424,
        "dmean2": 1.04651236534,
        "dvar": 1.01809227467,
        "dvar2": 2.52313828468,
        "max": 9.17125892639,
        "mean": 0.992429554462,
        "median": 0.448157012463,
        "min": 0,
        "var": 1.83641374111
    },
    "zerocrossingrate": {
        "dmean": 0.0163893122226,
        "dmean2": 0.0167157519609,
        "dvar": 0.000472130224807,
        "dvar2": 0.000431700638728,
        "max": 0.79541015625,
        "mean": 0.0915287733078,
        "median": 0.078125,
        "min": 0.00830078125,
        "var": 0.00335464859381
    },
    "barkbands": {
        "dmean": [0.000179610651685, 0.0034207215067, 0.00162336439826, 0.00116305309348, 0.00144907110371, 0.000692397356033, 0.000490964681376, 0.00066346215317, 0.000912072719075, 0.000768750207499, 0.000802595168352, 0.000492156192195, 0.000457231595647, 0.000498073059134, 0.000602220476139, 0.000385110120988, 0.000356176664354, 0.000375530944439, 0.000273056910373, 0.000224283037824, 0.000146537771798, 0.000120625372801, 0.000155120535055, 0.000187386700418, 0.000190514168935, 4.06928592156e-07, 1.0849051657e-09],
        "dmean2": [0.000290139811113, 0.00437069358304, 0.00245787436143, 0.00200724089518, 0.00244673038833, 0.00115550018381, 0.000818501750473, 0.00108394422568, 0.00146948010661, 0.00122220767662, 0.0012975706486, 0.00077386549674, 0.000710460240953, 0.000788223580457, 0.000959155964665, 0.000605182605796, 0.000566016125958, 0.00059610727476, 0.000431118503911, 0.000347413704731, 0.00022792944219, 0.000187010591617, 0.000233360799029, 0.000275033409707, 0.000270914868452, 6.79039715124e-07, 2.00286320862e-09],
        "dvar": [9.71977200948e-08, 2.73903278867e-05, 1.34824640554e-05, 1.06639918158e-05, 8.81513460627e-06, 2.34142271438e-06, 1.22475569242e-06, 3.22675418829e-06, 4.33950481238e-06, 2.93166840493e-06, 4.03401736548e-06, 1.37340259698e-06, 1.06742470507e-06, 1.25907729398e-06, 1.33855076001e-06, 4.88324019443e-07, 3.88583714539e-07, 3.1678851542e-07, 1.36946454177e-07, 9.19149343304e-08, 4.89005600457e-08, 4.61128699669e-08, 9.44040152717e-08, 1.31858811869e-07, 1.92098042362e-07, 1.71520111482e-12, 2.72138885333e-18],
        "dvar2": [2.59099607547e-07, 4.619959509e-05, 2.9805880331e-05, 2.62457560893e-05, 2.33794180531e-05, 6.05151308264e-06, 3.11577537104e-06, 7.99227473181e-06, 1.06877459984e-05, 6.84564747644e-06, 1.05662575152e-05, 3.18203888128e-06, 2.29831152865e-06, 3.18350362249e-06, 3.22160644828e-06, 1.13474732188e-06, 9.01737337244e-07, 7.48691604713e-07, 3.3510019648e-07, 2.10337390172e-07, 1.14171250232e-07, 1.01252418006e-07, 2.02331449373e-07, 2.73348945257e-07, 3.78359658271e-07, 4.6425623762e-12, 8.72425406826e-18],
        "max": [0.00469363853335, 0.0767042711377, 0.0535422712564, 0.0326998867095, 0.0298822894692, 0.0228099543601, 0.0226223934442, 0.0430562011898, 0.0373706184328, 0.0361125953496, 0.0441029667854, 0.0247147940099, 0.0214622542262, 0.0263510011137, 0.0226238928735, 0.0132441269234, 0.0118933990598, 0.00793602969497, 0.00601222831756, 0.00538687873632, 0.0043192896992, 0.00523336324841, 0.00628281291574, 0.00520993489772, 0.00697540352121, 3.48491375917e-05, 4.07496578703e-08],
        "mean": [0.000245311210165, 0.00726034911349, 0.00180415657815, 0.00100482953712, 0.0015317928046, 0.000757068803068, 0.000608275760897, 0.000774303334765, 0.00118195719551, 0.00119683658704, 0.00120405794587, 0.000767991063185, 0.000836491759401, 0.000852063123602, 0.00104783358984, 0.000662700971588, 0.000661318190396, 0.000732004176825, 0.000584166089538, 0.000505690579303, 0.000282319815597, 0.000210753685678, 0.000257184903603, 0.000321226572851, 0.000304185465211, 4.20786790301e-07, 1.26595323113e-09],
        "median": [9.00556333363e-05, 0.00200626184233, 0.000451374042314, 0.000195953645743, 0.000582949374802, 0.000252787664067, 0.000221515030717, 0.000224211442401, 0.000383140926715, 0.0003691126185, 0.000298584200209, 0.000211887876503, 0.000237414875301, 0.000231481171795, 0.000310837291181, 0.000244009162998, 0.000284821959212, 0.000412454392063, 0.000346684741089, 0.00032878658385, 0.000168767146533, 0.000103269238025, 0.0001114699553, 0.000118157746329, 7.82904753578e-05, 7.24959363652e-08, 7.25765669785e-10],
        "min": [2.76516001284e-24, 3.75649914822e-23, 1.87434345045e-23, 2.61838585443e-23, 5.00527984514e-23, 6.05326988258e-23, 2.11223897146e-23, 5.40132178281e-23, 5.02554820615e-23, 9.24801076723e-23, 3.3866139449e-23, 6.98942563385e-23, 1.42201177491e-22, 1.02460056404e-22, 1.33319954228e-22, 1.9827665443e-22, 2.21972534032e-22, 1.40802407199e-22, 1.87484822677e-22, 2.40052418186e-22, 3.57562956163e-22, 7.95263224597e-22, 7.6712222108e-22, 9.0068800961e-22, 8.98061569801e-22, 1.70826024112e-21, 2.78386383075e-21],
        "var": [1.57690763558e-07, 0.000117792747915, 1.5870500647e-05, 8.82858330442e-06, 7.73977444624e-06, 2.22500102609e-06, 1.49040204178e-06, 3.53980908585e-06, 5.39049005965e-06, 6.19084994469e-06, 8.46405237098e-06, 3.00832857647e-06, 3.36516495736e-06, 3.27826614921e-06, 3.31133514919e-06, 1.08653523512e-06, 1.10212783966e-06, 7.68840607179e-07, 4.22150634449e-07, 2.8674307373e-07, 1.09156289341e-07, 1.01117052509e-07, 1.63915871099e-07, 2.8275971431e-07, 4.49978330153e-07, 1.7106013871e-12, 2.09662698809e-18]
    },
    "erbbands": {
        "dmean": [0.104390740395, 0.80178630352, 1.86290872097, 2.79753804207, 3.96442532539, 5.56442117691, 5.14008808136, 5.91743612289, 6.04952430725, 10.9976139069, 14.2545289993, 20.345664978, 23.9704551697, 23.3642978668, 29.8474235535, 19.0351333618, 20.4742603302, 21.9907093048, 27.6684150696, 27.4113845825, 17.3468818665, 18.1365032196, 19.3203964233, 16.9689693451, 11.4692020416, 11.0445365906, 7.29848003387, 4.86444997787, 4.14018917084, 4.84852409363, 4.27074861526, 3.5593187809, 3.49668312073, 2.63921046257, 1.11492574215, 0.0667713358998, 0.00175176956691, 0.000121128789033, 1.96450309886e-05, 1.22808214655e-05],
        "dmean2": [0.133725777268, 1.02893233299, 2.80187344551, 4.4794344902, 6.72819519043, 9.67087936401, 8.68000411987, 9.93606376648, 10.0626182556, 18.105676651, 23.0294551849, 32.6330223083, 38.2739448547, 37.3661880493, 47.7304000854, 29.4883346558, 31.3182792664, 34.5587425232, 43.2646141052, 43.3307952881, 26.9766044617, 28.1487026215, 30.3386096954, 26.4486255646, 17.9807434082, 17.1503677368, 11.1856307983, 7.6923828125, 6.52791118622, 7.34445381165, 6.46189260483, 5.313393116, 5.16770839691, 3.7943315506, 1.61703252792, 0.0985484495759, 0.00253302394412, 0.000172219748492, 2.79181185761e-05, 1.8116494175e-05],
        "dvar": [0.0268327072263, 1.68113434315, 16.1648082733, 50.8633499146, 76.5612487793, 151.970230103, 131.957122803, 185.173400879, 170.917831421, 807.401672363, 1540.19189453, 2302.60766602, 3272.26757812, 2501.39379883, 5054.59521484, 2032.20788574, 2206.15380859, 2611.64550781, 2938.84863281, 3106.78051758, 831.378356934, 974.899291992, 921.949523926, 566.551696777, 225.723770142, 229.323547363, 119.575439453, 68.7159347534, 61.0009841919, 87.4364929199, 69.2832641602, 45.0351486206, 50.8159561157, 36.3813667297, 7.36013746262, 0.0290427207947, 1.81077321031e-05, 7.59556115781e-08, 1.36478184309e-09, 1.85885584703e-10],
        "dvar2": [0.0429169647396, 2.7941365242, 34.241607666, 117.086875916, 198.608810425, 419.74822998, 350.856109619, 483.617706299, 425.834533691, 2100.7409668, 3915.82617188, 5567.47167969, 8003.58740234, 5915.79199219, 13057.1035156, 4838.71044922, 4749.12695312, 6782.99365234, 6847.34716797, 7949.328125, 1921.23303223, 2156.50292969, 2185.82617188, 1349.63671875, 564.483093262, 528.556762695, 259.362884521, 170.32572937, 137.970993042, 184.311859131, 150.684432983, 98.0018157959, 105.187683105, 73.6743164062, 15.0882225037, 0.063148483634, 3.77193173335e-05, 1.51631141421e-07, 2.72041567051e-09, 4.12081452295e-10],
        "max": [1.83515584469, 19.1319923401, 57.9364585876, 72.8893508911, 121.932518005, 129.896591187, 153.457458496, 234.051635742, 329.891021729, 591.723510742, 1120.29284668, 1162.53649902, 1139.47265625, 1024.59106445, 1570.43823242, 1093.88793945, 1015.12915039, 1394.37109375, 1027.54492188, 1091.97119141, 544.352111816, 677.552185059, 441.434509277, 499.610229492, 229.280426025, 233.221984863, 286.038726807, 214.289581299, 241.673126221, 216.957275391, 129.811447144, 100.387710571, 117.165420532, 104.440788269, 47.9099731445, 2.93421459198, 0.0731339529157, 0.004516182933, 0.000561643624678, 0.000151832849951],
        "mean": [0.205046489835, 1.61737561226, 2.47654390335, 2.87065505981, 3.97759175301, 5.47076416016, 5.38331031799, 6.41666078568, 7.73022413254, 13.3206472397, 17.2652797699, 27.4980602264, 36.2826347351, 37.8023109436, 48.5872612, 33.5382499695, 40.1648445129, 41.8601799011, 53.9806060791, 49.6541938782, 33.0789680481, 36.6144447327, 39.013458252, 36.6905937195, 26.0675544739, 24.8446598053, 15.9162883759, 8.69853496552, 7.21855020523, 7.96696996689, 7.04373073578, 6.08626651764, 5.77075338364, 4.19317722321, 1.68540012836, 0.0981421247125, 0.00269666546956, 0.000199741116376, 4.33531713497e-05, 3.84679806302e-05],
        "median": [0.0640973299742, 0.374609172344, 0.758147358894, 0.723118722439, 1.28030836582, 1.89025449753, 1.90535748005, 2.09070897102, 2.97532892227, 4.28207111359, 6.14385128021, 9.68630981445, 12.1329097748, 13.8085784912, 14.0510196686, 10.7285966873, 11.8689908981, 12.4074754715, 16.7584609985, 16.530960083, 14.7718782425, 16.4452972412, 21.7941112518, 21.1573085785, 17.8345985413, 15.9124355316, 9.86752033234, 4.98266124725, 3.53110527992, 3.70284700394, 3.11834478378, 2.35415577888, 1.95428907871, 1.12494647503, 0.408054471016, 0.023860597983, 0.000703154830262, 5.93979239056e-05, 2.70378386631e-05, 3.73189504899e-05],
        "min": [1.31356745755e-21, 7.59681866775e-21, 1.62171053225e-20, 7.34546723705e-20, 1.05328636171e-19, 1.8571776395e-19, 1.76753840296e-19, 7.15708615832e-19, 3.29135191584e-19, 8.05787447166e-19, 1.01925474252e-18, 1.28436705942e-18, 1.36202070738e-18, 2.91694179476e-18, 1.68255577968e-18, 3.37005871981e-18, 6.75681697542e-18, 5.05568116822e-18, 6.07393636637e-18, 9.8146576138e-18, 1.04146406634e-17, 1.13323785279e-17, 6.11615938715e-18, 1.04499182622e-17, 9.67258851641e-18, 1.19540717598e-17, 9.49495396141e-18, 1.87662217416e-17, 2.25610881639e-17, 3.42884661138e-17, 1.78686265522e-17, 1.56480006408e-17, 1.66379340019e-17, 9.32216254889e-18, 7.75529469872e-18, 5.49794486325e-18, 3.47594776439e-18, 1.34389573259e-18, 3.57532948248e-19, 4.09636706066e-20],
        "var": [0.0922378152609, 6.75777196884, 23.5814056396, 51.0723419189, 65.7959594727, 117.397819519, 110.810516357, 176.597213745, 235.239303589, 892.448364258, 1538.1315918, 3065.15185547, 6075.05029297, 4745.97509766, 11048.2265625, 5271.45947266, 7299.02392578, 7583.79248047, 8878.9609375, 7070.25048828, 2023.99365234, 3195.24267578, 2267.61010742, 1714.28686523, 744.352478027, 707.373291016, 356.68927002, 114.803955078, 123.21395874, 163.541152954, 119.235084534, 91.35546875, 103.129013062, 80.4555587769, 15.7372436523, 0.0568688437343, 3.86452375096e-05, 1.75805141112e-07, 3.31854832503e-09, 6.16134920861e-10]
    },
    "gfcc": {
        "mean": [1.39879667759, 74.4727478027, -153.83821106, 48.6245422363, -69.2739868164, 32.4351577759, -39.6949653625, 21.1990280151, -20.1636600494, -4.68993425369, -3.67556667328, -13.3197746277, 3.76072955132],
        "cov": [[4985.5234375, 229.33404541, 1229.17150879, 1129.17687988, 297.638153076, 414.180877686, -230.235671997, 58.089630127, -295.288574219, 173.804473877, 70.886100769, 103.210136414, 4.65793657303], [229.33404541, 1201.23217773, 273.234130859, 348.771697998, 401.841064453, -99.2864761353, 141.253860474, -34.2774848938, 32.1166877747, -32.4267692566, 106.809867859, -63.8367080688, 100.434684753], [1229.17150879, 273.234130859, 1666.31677246, 899.502868652, 295.56237793, 311.871459961, -190.79447937, 88.3662033081, -122.866867065, 111.868293762, 32.01304245, 123.142082214, -19.8943557739], [1129.17687988, 348.771697998, 899.502868652, 867.750183105, 366.810638428, 142.927932739, -32.1669769287, 58.5434608459, -16.8403835297, 82.4910202026, 73.8100585938, 66.0858306885, 38.441204071], [297.638153076, 401.841064453, 295.56237793, 366.810638428, 455.928283691, 158.630004883, 127.378067017, 59.7254180908, 21.6342868805, 64.7492141724, 95.3751983643, -6.24089956284, 57.4594955444], [414.180877686, -99.2864761353, 311.871459961, 142.927932739, 158.630004883, 337.280212402, 72.5031585693, 25.5227146149, -43.3124084473, 83.2953643799, 49.3764457703, 39.3967247009, -26.6077976227], [-230.235671997, 141.253860474, -190.79447937, -32.1669769287, 127.378067017, 72.5031585693, 266.930297852, 67.6096801758, 63.4938392639, 11.7175569534, 62.4086647034, -23.3581218719, 31.8251132965], [58.089630127, -34.2774848938, 88.3662033081, 58.5434608459, 59.7254180908, 25.5227146149, 67.6096801758, 155.510009766, 65.2826309204, 16.6182575226, 4.90115118027, 14.8863801956, 18.8348827362], [-295.288574219, 32.1166877747, -122.866867065, -16.8403835297, 21.6342868805, -43.3124084473, 63.4938392639, 65.2826309204, 157.134140015, 12.438533783, 8.30561447144, -2.02497911453, 23.4894542694], [173.804473877, -32.4267692566, 111.868293762, 82.4910202026, 64.7492141724, 83.2953643799, 11.7175569534, 16.6182575226, 12.438533783, 102.783073425, 55.3352737427, 24.5625, -2.06299090385], [70.886100769, 106.809867859, 32.01304245, 73.8100585938, 95.3751983643, 49.3764457703, 62.4086647034, 4.90115118027, 8.30561447144, 55.3352737427, 113.187049866, 26.2891216278, 19.9076004028], [103.210136414, -63.8367080688, 123.142082214, 66.0858306885, -6.24089956284, 39.3967247009, -23.3581218719, 14.8863801956, -2.02497911453, 24.5625, 26.2891216278, 89.9195175171, 20.0514354706], [4.65793657303, 100.434684753, -19.8943557739, 38.441204071, 57.4594955444, -26.6077976227, 31.8251132965, 18.8348827362, 23.4894542694, -2.06299090385, 19.9076004028, 20.0514354706, 71.1393890381]],
        "icov": [[0.000574737845454, -0.00065951095894, 0.000887295871507, -0.00144623511005, 0.0012743686093, -0.00161359226331, 0.00128637533635, -0.00159641390201, 0.00140957406256, -0.00076050934149, 0.00021010103228, 0.000408654828789, -0.000524004746694], [-0.00065951095894, 0.00347545952536, -0.00260455673561, 0.00243860902265, -0.00391339464113, 0.00463231652975, -0.00346800871193, 0.004606239032, -0.00242692069151, 0.00253708777018, -0.00192247366067, 0.000970173685346, -0.000544776208699], [0.000887295871507, -0.00260455673561, 0.00469622388482, -0.00485947262496, 0.00368450931273, -0.00564668234438, 0.00492863263935, -0.00574304768816, 0.00371270277537, -0.00197026808746, 0.0014183530584, -0.000622197927441, 0.000281316257315], [-0.00144623511005, 0.00243860902265, -0.00485947262496, 0.00808275956661, -0.00640065874904, 0.00648442469537, -0.00431906757876, 0.00579384574667, -0.00445036543533, 0.00188521563541, -0.000976542709395, -0.00186737568583, 0.00124237441923], [0.0012743686093, -0.00391339464113, 0.00368450931273, -0.00640065874904, 0.0114616174251, -0.00878047756851, 0.00408763950691, -0.00676890276372, 0.0036253684666, -0.00293798930943, -0.000751127197873, 0.00445559434593, -0.0049755605869], [-0.00161359226331, 0.00463231652975, -0.00564668234438, 0.00648442469537, -0.00878047756851, 0.0148420473561, -0.00934601854533, 0.00840364955366, -0.00291300588287, -0.00031104174559, 0.000109552798676, -0.00397891737521, 0.00512574287131], [0.00128637533635, -0.00346800871193, 0.00492863263935, -0.00431906757876, 0.00408763950691, -0.00934601854533, 0.0133571680635, -0.00919310096651, 0.00237887306139, 0.000317236728733, -0.00307581783272, 0.00331676099449, -0.00266507896595], [-0.00159641390201, 0.004606239032, -0.00574304768816, 0.00579384574667, -0.00676890276372, 0.00840364955366, -0.00919310096651, 0.0177927631885, -0.0085127428174, 0.00250713294372, 0.000649256049655, -0.00186584389303, 0.000104583254142], [0.00140957406256, -0.00242692069151, 0.00371270277537, -0.00445036543533, 0.0036253684666, -0.00291300588287, 0.00237887306139, -0.0085127428174, 0.0137042151764, -0.00538596743718, 0.00245219725184, -0.000234916748013, -0.00135219108779], [-0.00076050934149, 0.00253708777018, -0.00197026808746, 0.00188521563541, -0.00293798930943, -0.00031104174559, 0.000317236728733, 0.00250713294372, -0.00538596743718, 0.0200480148196, -0.0100502250716, 0.000627329223789, 0.00134460709523], [0.00021010103228, -0.00192247366067, 0.0014183530584, -0.000976542709395, -0.000751127197873, 0.000109552798676, -0.00307581783272, 0.000649256049655, 0.00245219725184, -0.0100502250716, 0.0191647075117, -0.0068500796333, 0.00094309693668], [0.000408654828789, 0.000970173685346, -0.000622197927441, -0.00186737568583, 0.00445559434593, -0.00397891737521, 0.00331676099449, -0.00186584389303, -0.000234916748013, 0.000627329223789, -0.0068500796333, 0.0209634006023, -0.0105342734605], [-0.000524004746694, -0.000544776208699, 0.000281316257315, 0.00124237441923, -0.0049755605869, 0.00512574287131, -0.00266507896595, 0.000104583254142, -0.00135219108779, 0.00134460709523, 0.00094309693668, -0.0105342734605, 0.0245589222759]]
    },
    "melbands": {
        "dmean": [0.000939136953093, 0.000913934607524, 0.000488063757075, 0.000347374123521, 0.00019095625612, 0.000131025895826, 9.38742159633e-05, 0.000127358551254, 0.000119645563245, 0.000133766880026, 0.000122256969917, 9.63713755482e-05, 0.000111026267405, 6.03277694609e-05, 4.81827009935e-05, 4.486853868e-05, 4.48945356766e-05, 4.71307757834e-05, 4.42150194431e-05, 3.28921159962e-05, 2.12875565921e-05, 2.07157681871e-05, 1.93291343749e-05, 1.90219398064e-05, 1.47980972542e-05, 9.72710950009e-06, 8.05759555078e-06, 7.70716906118e-06, 5.43509440831e-06, 3.5928392208e-06, 2.88402247861e-06, 2.43030785896e-06, 2.49047434409e-06, 2.95253926197e-06, 2.60747378888e-06, 2.28521844292e-06, 2.32337993111e-06, 2.45842966251e-06, 2.61957870862e-06, 2.2610186079e-06],
        "dmean2": [0.00116702681407, 0.00130421319045, 0.000777451961767, 0.000584745954257, 0.000325728644384, 0.000219407666009, 0.000156069596414, 0.000209126024856, 0.00019273655198, 0.000215012594708, 0.000195270826225, 0.000154101013322, 0.000178817848791, 9.28711160668e-05, 7.57231246098e-05, 6.97451541782e-05, 7.0622896601e-05, 7.36454749131e-05, 6.93906331435e-05, 5.23341841472e-05, 3.37694400514e-05, 3.26770750689e-05, 3.07989539579e-05, 3.04378590954e-05, 2.33195423789e-05, 1.57033773576e-05, 1.26764934976e-05, 1.2047114069e-05, 8.37799871078e-06, 5.66808239455e-06, 4.66153232992e-06, 3.92234596802e-06, 3.84090390071e-06, 4.51196956419e-06, 4.02005434808e-06, 3.46390379491e-06, 3.5650987229e-06, 3.7060744944e-06, 3.90486502511e-06, 3.32204626829e-06],
        "dvar": [1.9858775886e-06, 2.7260580282e-06, 1.37409335821e-06, 5.1185168104e-07, 1.77470482754e-07, 8.72448708833e-08, 4.1711849974e-08, 1.09140636084e-07, 9.829756209e-08, 1.0289684127e-07, 8.50591490575e-08, 4.27826059024e-08, 8.26621118222e-08, 1.89992359623e-08, 1.28498065521e-08, 1.05841078124e-08, 1.10038387291e-08, 9.19579612457e-09, 8.15080358763e-09, 4.36487201938e-09, 1.44338685448e-09, 1.46350376262e-09, 1.2081342593e-09, 9.30887145145e-10, 4.73973027493e-10, 1.70381625475e-10, 1.17332532579e-10, 1.16184263599e-10, 6.61465049401e-11, 3.11242281947e-11, 3.0863714362e-11, 2.25675120952e-11, 1.94306602058e-11, 3.58162006997e-11, 2.72960421627e-11, 1.86699544713e-11, 2.02048811709e-11, 2.4958814529e-11, 3.5118016134e-11, 2.8717774686e-11],
        "dvar2": [3.17381454806e-06, 5.50029199076e-06, 3.13623286274e-06, 1.35572315685e-06, 4.80166477246e-07, 2.26695547667e-07, 1.03750288361e-07, 2.78412386479e-07, 2.48785141821e-07, 2.51265191764e-07, 2.0672810308e-07, 9.98154447984e-08, 2.19145860569e-07, 4.23850075038e-08, 2.93459425649e-08, 2.21295710645e-08, 2.83773022858e-08, 2.16158735356e-08, 1.8951300973e-08, 1.05774811132e-08, 3.41147510241e-09, 3.22931659191e-09, 2.88759283151e-09, 2.28683383341e-09, 1.1512408804e-09, 4.3625991708e-10, 2.83700479775e-10, 2.67753291761e-10, 1.44500258981e-10, 7.41244426949e-11, 7.92541171579e-11, 5.33271482528e-11, 4.15068188153e-11, 7.79328129807e-11, 6.07489614168e-11, 4.12024095398e-11, 4.51388822154e-11, 5.28665167199e-11, 7.244184419e-11, 6.06950323334e-11],
        "max": [0.0199528001249, 0.0228945575655, 0.0123750325292, 0.00807304587215, 0.00518325343728, 0.00481895823032, 0.00495983380824, 0.00694116344675, 0.00817483384162, 0.00708416942507, 0.00582856219262, 0.00401298655197, 0.00673407362774, 0.00219221413136, 0.00237727188505, 0.00220876536332, 0.00255753542297, 0.0015637393808, 0.00227816100232, 0.00135501055047, 0.000660903868265, 0.000882104563061, 0.000872685050126, 0.000462487980258, 0.000455916015198, 0.000196009117644, 0.00017858184583, 0.000158215247211, 0.000198823196115, 0.000105079547211, 0.000164773096913, 0.000156334222993, 0.000123469188111, 0.000138339732075, 9.3127193395e-05, 8.82528183865e-05, 6.73567410558e-05, 7.59224349167e-05, 0.000141025229823, 8.41685614432e-05],
        "mean": [0.00197057286277, 0.00163280463312, 0.00052105425857, 0.000355718599167, 0.000199548245291, 0.000143518351251, 0.000119353542686, 0.000153249828145, 0.000144850870129, 0.000175631299498, 0.000180734234164, 0.000149114071974, 0.000172533167643, 9.48769738898e-05, 8.37093684822e-05, 8.44470487209e-05, 7.62372947065e-05, 8.5486091848e-05, 7.42241027183e-05, 5.64002693864e-05, 3.55238880729e-05, 3.83876067644e-05, 3.57731623808e-05, 3.53498035111e-05, 2.95021909551e-05, 1.9674826035e-05, 1.70435268956e-05, 1.62676969921e-05, 1.1221510249e-05, 6.32189130556e-06, 4.63058859168e-06, 4.04932870879e-06, 4.02097339247e-06, 4.60064347862e-06, 4.06660319641e-06, 3.75427930521e-06, 3.7511190385e-06, 3.88612488678e-06, 4.16979355577e-06, 3.38460245075e-06],
        "median": [0.000585796951782, 0.000519631139468, 0.000148386490764, 0.000123709629406, 7.55309374654e-05, 4.80418348161e-05, 4.52098611277e-05, 4.65943194286e-05, 5.04833515151e-05, 5.75277554162e-05, 5.50454351469e-05, 4.86912904307e-05, 4.41056181444e-05, 2.81309385173e-05, 2.46253675869e-05, 2.3580108973e-05, 2.1077814381e-05, 2.47181505983e-05, 2.168188621e-05, 1.86271645362e-05, 1.48170611283e-05, 1.547035572e-05, 1.75483473868e-05, 1.97179961106e-05, 1.56162313942e-05, 1.2285460798e-05, 1.16950850497e-05, 9.7045340226e-06, 6.24386211712e-06, 3.61449178854e-06, 2.32586876336e-06, 1.91160097529e-06, 1.88482943031e-06, 2.03919148589e-06, 1.76674541308e-06, 1.51980384544e-06, 1.37172639825e-06, 1.34492404413e-06, 1.23137942865e-06, 8.4180317117e-07],
        "min": [1.13540142666e-23, 9.2672278922e-24, 1.24642365942e-23, 1.12003914939e-23, 7.13111167886e-24, 1.4099367757e-23, 5.25944964551e-24, 9.97629393914e-24, 8.75327475726e-24, 7.3827022985e-24, 7.91588707345e-24, 1.34390470031e-23, 5.03083696632e-24, 7.28810052102e-24, 1.00573012766e-23, 1.60085799639e-23, 8.06190364929e-24, 8.97475218956e-24, 1.20937259819e-23, 1.54451423732e-23, 1.14189146421e-23, 1.38910169702e-23, 6.06147427266e-24, 6.52702763562e-24, 8.71537472393e-24, 7.16618522357e-24, 7.24070102467e-24, 8.21654010823e-24, 4.7923193496e-24, 8.48124869587e-24, 1.08935182909e-23, 1.17329956672e-23, 1.73411553594e-23, 1.98311190761e-23, 9.70517980095e-24, 1.11253787104e-23, 8.68795076342e-24, 1.18307300113e-23, 9.90919106396e-24, 7.25902863008e-24],
        "var": [8.39788299345e-06, 6.8800372901e-06, 1.43143608966e-06, 4.52540604101e-07, 1.42374162238e-07, 8.36838154328e-08, 5.59613049234e-08, 1.24861543327e-07, 1.02070266905e-07, 1.31045524654e-07, 1.61391156439e-07, 7.96579868734e-08, 1.76514348027e-07, 4.07128410984e-08, 3.16684669599e-08, 3.65342458508e-08, 2.74730300731e-08, 2.50842244753e-08, 1.81302226565e-08, 9.98344873437e-09, 2.94315194438e-09, 4.30530278095e-09, 2.95670554706e-09, 1.89531390582e-09, 1.28574395575e-09, 4.92399843122e-10, 3.19339193977e-10, 3.46661227502e-10, 2.08556866221e-10, 6.21381418542e-11, 4.29655408474e-11, 4.12612617684e-11, 4.17086885862e-11, 5.99764474196e-11, 4.39858566237e-11, 3.34175395689e-11, 3.88992414668e-11, 4.62735683104e-11, 7.11908657025e-11, 5.79560635594e-11]
    },
    "mfcc": {
        "mean": [-618.92388916, 83.7735519409, -15.2020797729, 11.5945940018, 6.12364149094, -0.231196239591, 7.83290958405, 8.177942276, 3.08960437775, 7.3903260231, 0.138474717736, -0.345560103655, -0.979261815548],
        "cov": [[4186.76318359, -200.369308472, 827.751159668, 632.258605957, 524.051391602, 312.567504883, 295.364990234, -46.2764930725, -96.1329345703, 9.23035144806, -97.1118164062, 15.0624275208, 138.481491089], [-200.369308472, 927.483764648, -71.0665512085, 268.075958252, 133.802886963, 38.5485534668, 129.12828064, 6.37270355225, 28.6877250671, 47.3157691956, -42.0137863159, 30.6465015411, 15.0236091614], [827.751159668, -71.0665512085, 1351.13171387, 533.640197754, 530.774230957, 226.650039673, 122.433616638, 24.9356002808, -18.3790988922, -82.5281982422, -9.4444732666, 55.3077278137, 91.9419555664], [632.258605957, 268.075958252, 533.640197754, 747.50604248, 431.39666748, 127.760780334, 138.430953979, 35.0190887451, 62.186000824, 7.37922716141, -41.1934242249, 106.305305481, 91.0283660889], [524.051391602, 133.802886963, 530.774230957, 431.39666748, 501.322265625, 198.223419189, 164.611831665, 25.5875301361, 34.8108787537, 19.1897277832, -6.5521569252, 65.3787155151, 80.4451904297], [312.567504883, 38.5485534668, 226.650039673, 127.760780334, 198.223419189, 299.102996826, 178.547607422, 26.8782482147, -19.1462535858, 38.4111366272, 44.5279426575, 5.874522686, 55.5621490479], [295.364990234, 129.12828064, 122.433616638, 138.430953979, 164.611831665, 178.547607422, 291.639526367, 59.2229003906, 6.12499666214, 71.755355835, 22.450756073, 31.5323791504, 54.9740943909], [-46.2764930725, 6.37270355225, 24.9356002808, 35.0190887451, 25.5875301361, 26.8782482147, 59.2229003906, 126.029403687, 72.7998886108, 27.4231796265, 27.2335777283, 24.072927475, 23.8610363007], [-96.1329345703, 28.6877250671, -18.3790988922, 62.186000824, 34.8108787537, -19.1462535858, 6.12499666214, 72.7998886108, 135.411026001, 42.2351036072, 13.91938591, 33.3302001953, 7.32703113556], [9.23035144806, 47.3157691956, -82.5281982422, 7.37922716141, 19.1897277832, 38.4111366272, 71.755355835, 27.4231796265, 42.2351036072, 113.171257019, 40.8505363464, 16.2920093536, 15.9067516327], [-97.1118164062, -42.0137863159, -9.4444732666, -41.1934242249, -6.5521569252, 44.5279426575, 22.450756073, 27.2335777283, 13.91938591, 40.8505363464, 88.7779312134, 26.3455944061, 17.0535411835], [15.0624275208, 30.6465015411, 55.3077278137, 106.305305481, 65.3787155151, 5.874522686, 31.5323791504, 24.072927475, 33.3302001953, 16.2920093536, 26.3455944061, 92.154624939, 40.1107749939], [138.481491089, 15.0236091614, 91.9419555664, 91.0283660889, 80.4451904297, 55.5621490479, 54.9740943909, 23.8610363007, 7.32703113556, 15.9067516327, 17.0535411835, 40.1107749939, 84.3603820801]],
