{
"lowlevel": {
    "average_loudness": 0.919181346893,
    "barkbands_crest": {
        "dmean": 3.09485673904,
        "dmean2": 4.69971609116,
        "dvar": 8.02448272705,
        "dvar2": 16.5341701508,
        "max": 26.1627044678,
        "mean": 10.5861911774,
        "median": 9.78305625916,
        "min": 2.25126886368,
        "var": 22.5290813446
    },
    "barkbands_flatness_db": {
        "dmean": 0.024072162807,
        "dmean2": 0.0343689993024,
        "dvar": 0.00055120367324,
        "dvar2": 0.00105882249773,
        "max": 0.376097768545,
        "mean": 0.110015369952,
        "median": 0.104901134968,
        "min": 0.017558965832,
        "var": 0.00200315448456
    },
    "barkbands_kurtosis": {
        "dmean": 2.31234169006,
        "dmean2": 3.36722993851,
        "dvar": 38.0538635254,
        "dvar2": 79.5562133789,
        "max": 176.960449219,
        "mean": 2.21736693382,
        "median": 0.199809074402,
        "min": -1.91679275036,
        "var": 61.7288780212
    },
    "barkbands_skewness": {
        "dmean": 0.540297806263,
        "dmean2": 0.750100374222,
        "dvar": 0.431098163128,
        "dvar2": 0.845501899719,
        "max": 12.6672515869,
        "mean": 1.01462650299,
        "median": 0.749110877514,
        "min": -3.30593061447,
        "var": 1.53763914108
    },
    "barkbands_spread": {
        "dmean": 7.8571062088,
        "dmean2": 11.8276920319,
        "dvar": 75.5860061646,
        "dvar2": 164.095367432,
        "max": 108.779998779,
        "mean": 31.0041904449,
        "median": 28.8818683624,
        "min": 0.824122548103,
        "var": 248.005249023
    },
    "dissonance": {
        "dmean": 0.0158958937973,
        "dmean2": 0.0269316006452,
        "dvar": 0.000237783388002,
        "dvar2": 0.000641386955976,
        "max": 0.500000119209,
        "mean": 0.474048554897,
        "median": 0.480114042759,
        "min": 0.342653006315,
        "var": 0.000445522513473
    },
    "dynamic_complexity": 3.0848929882,
    "erbbands_crest": {
        "dmean": 2.68109321594,
        "dmean2": 4.40194988251,
        "dvar": 6.63434123993,
        "dvar2": 16.8102550507,
        "max": 29.65974617,
        "mean": 8.91460418701,
        "median": 7.66091537476,
        "min": 2.24831724167,
        "var": 22.4951343536
    },
    "erbbands_flatness_db": {
        "dmean": 0.0171406138688,
        "dmean2": 0.0245520565659,
        "dvar": 0.000272101722658,
        "dvar2": 0.000504932249896,
        "max": 0.367131888866,
        "mean": 0.147032514215,
        "median": 0.141824245453,
        "min": 0.0451425872743,
        "var": 0.00211618305184
    },
    "erbbands_kurtosis": {
        "dmean": 0.765518844128,
        "dmean2": 1.22087228298,
        "dvar": 1.04597818851,
        "dvar2": 2.45287251472,
        "max": 23.9526576996,
        "mean": 0.294566899538,
        "median": -0.0969877243042,
        "min": -1.73953676224,
        "var": 2.3755338192
    },
    "erbbands_skewness": {
        "dmean": 0.339654058218,
        "dmean2": 0.521683633327,
        "dvar": 0.103230267763,
        "dvar2": 0.235329806805,
        "max": 4.06363201141,
        "mean": 0.248554900289,
        "median": 0.201756119728,
        "min": -4.29632043839,
        "var": 0.521439611912
    },
    "erbbands_spread": {
        "dmean": 7.37660598755,
        "dmean2": 11.0796041489,
        "dvar": 69.169342041,
        "dvar2": 151.089691162,
        "max": 154.136413574,
        "mean": 37.1729927063,
        "median": 34.3633117676,
        "min": 6.04316473007,
        "var": 302.72164917
    },
    "hfc": {
        "dmean": 8.72693538666,
        "dmean2": 13.0272989273,
        "dvar": 129.913818359,
        "dvar2": 286.993438721,
        "max": 182.827835083,
        "mean": 29.0809688568,
        "median": 24.8189506531,
        "min": 1.16007422229e-16,
        "var": 497.699493408
    },
    "melbands_crest": {
        "dmean": 3.57932972908,
        "dmean2": 5.8187417984,
        "dvar": 11.4889059067,
        "dvar2": 27.364692688,
        "max": 33.2307891846,
        "mean": 14.7802181244,
        "median": 14.0749092102,
        "min": 1.84639203548,
        "var": 30.5789604187
    },
    "melbands_flatness_db": {
        "dmean": 0.0303826369345,
        "dmean2": 0.0427063889802,
        "dvar": 0.00094488292234,
        "dvar2": 0.00188748340588,
        "max": 0.483214408159,
        "mean": 0.15836186707,
        "median": 0.150361850858,
        "min": 0.00377701828256,
        "var": 0.0034306300804
    },
    "melbands_kurtosis": {
        "dmean": 6.99761962891,
        "dmean2": 10.0644626617,
        "dvar": 315.281005859,
        "dvar2": 629.888549805,
        "max": 488.143951416,
        "mean": 10.6195230484,
        "median": 3.60586476326,
        "min": -1.89437806606,
        "var": 560.845397949
    },
    "melbands_skewness": {
        "dmean": 0.774453997612,
        "dmean2": 1.09687817097,
        "dvar": 0.947179555893,
        "dvar2": 1.81574714184,
        "max": 17.6189994812,
        "mean": 2.20207476616,
        "median": 1.7792263031,
        "min": -0.946164131165,
        "var": 3.58141803741
    },
    "melbands_spread": {
        "dmean": 11.0420713425,
        "dmean2": 16.6632785797,
        "dvar": 185.994216919,
        "dvar2": 388.410644531,
        "max": 249.328582764,
        "mean": 35.7855453491,
        "median": 33.1112594604,
        "min": 0.710712075233,
        "var": 546.156860352
    },
    "pitch_salience": {
        "dmean": 0.0787175446749,
        "dmean2": 0.119598150253,
        "dvar": 0.00582711258903,
        "dvar2": 0.0121483430266,
        "max": 0.861409664154,
        "mean": 0.518788039684,
        "median": 0.522903978825,
        "min": 0.0548106320202,
        "var": 0.0164187718183
    },
    "silence_rate_20dB": {
        "dmean": 0,
        "dmean2": 0,
        "dvar": 0,
        "dvar2": 0,
        "max": 1,
        "mean": 1,
        "median": 1,
        "min": 1,
        "var": 0
    },
    "silence_rate_30dB": {
        "dmean": 0,
        "dmean2": 0,
        "dvar": 0,
        "dvar2": 0,
        "max": 1,
        "mean": 1,
        "median": 1,
        "min": 1,
        "var": 0
    },
    "silence_rate_60dB": {
        "dmean": 0.0181939806789,
        "dmean2": 0.0363928303123,
        "dvar": 0.0178619511425,
        "dvar2": 0.0401433818042,
        "max": 1,
        "mean": 0.050829321146,
        "median": 0,
        "min": 0,
        "var": 0.0482548028231
    },
    "spectral_centroid": {
        "dmean": 306.04598999,
        "dmean2": 466.212097168,
        "dvar": 117547.40625,
        "dvar2": 263291.28125,
        "max": 11403.0576172,
        "mean": 1958.38977051,
        "median": 1969.05505371,
        "min": 250.399902344,
        "var": 507161.625
    },
    "spectral_complexity": {
        "dmean": 4.88535118103,
        "dmean2": 7.63232517242,
        "dvar": 28.6234073639,
        "dvar2": 62.3796577454,
        "max": 55,
        "mean": 22.99077034,
        "median": 23,
        "min": 0,
        "var": 123.892250061
    },
    "spectral_decrease": {
        "dmean": 1.99152361269e-09,
        "dmean2": 2.74398570532e-09,
        "dvar": 5.64386572716e-18,
        "dvar2": 1.04961311886e-17,
        "max": 1.25343962457e-28,
        "mean": -6.28450624873e-09,
        "median": -5.44278000447e-09,
        "min": -2.74952292045e-08,
        "var": 1.86666143066e-17
    },
    "spectral_energy": {
        "dmean": 0.00797485467046,
        "dmean2": 0.0109982760623,
        "dvar": 8.62779779709e-05,
        "dvar2": 0.00016255232913,
        "max": 0.112120121717,
        "mean": 0.0263569075614,
        "median": 0.0231045465916,
        "min": 1.05552390143e-20,
        "var": 0.000310792645905
    },
    "spectral_energyband_high": {
        "dmean": 0.00064193533035,
        "dmean2": 0.000966962485109,
        "dvar": 1.03135266727e-06,
        "dvar2": 2.45092951445e-06,
        "max": 0.0297116097063,
        "mean": 0.00148942763917,
        "median": 0.00109413010068,
        "min": 7.69814183044e-21,
        "var": 2.42897726821e-06
    },
    "spectral_energyband_low": {
        "dmean": 0.00494940113276,
        "dmean2": 0.006674668286,
        "dvar": 6.29096757621e-05,
        "dvar2": 0.000107362153358,
        "max": 0.0596098564565,
        "mean": 0.00946334004402,
        "median": 0.00589505629614,
        "min": 1.9634378744e-23,
        "var": 0.000119173084386
    },
    "spectral_energyband_middle_high": {
        "dmean": 0.00321957515553,
        "dmean2": 0.00495034689084,
        "dvar": 2.72152228717e-05,
        "dvar2": 5.94577104494e-05,
        "max": 0.08826071769,
        "mean": 0.00974108185619,
        "median": 0.00535141630098,
        "min": 1.21727654586e-21,
        "var": 0.000117378331197
    },
    "spectral_energyband_middle_low": {
        "dmean": 0.00280747143552,
        "dmean2": 0.0043837283738,
        "dvar": 2.17230372073e-05,
        "dvar2": 5.3969280998e-05,
        "max": 0.0777630284429,
        "mean": 0.0063238539733,
        "median": 0.00393968634307,
        "min": 2.50354083328e-22,
        "var": 4.9472302635e-05
    },
    "spectral_entropy": {
        "dmean": 0.138177126646,
        "dmean2": 0.200197696686,
        "dvar": 0.0231141112745,
        "dvar2": 0.0461661852896,
        "max": 9.80342960358,
        "mean": 7.90027141571,
        "median": 7.90877056122,
        "min": 6.10251712799,
        "var": 0.116070374846
    },
    "spectral_flux": {
        "dmean": 0.0243510622531,
        "dmean2": 0.0352781228721,
        "dvar": 0.000527404074091,
        "dvar2": 0.00113111361861,
        "max": 0.281315416098,
        "mean": 0.0919178202748,
        "median": 0.0863861143589,
        "min": 6.60869553526e-11,
        "var": 0.00203658570535
    },
    "spectral_kurtosis": {
        "dmean": 0.873111486435,
        "dmean2": 1.4480919838,
        "dvar": 0.808911502361,
        "dvar2": 2.32368397713,
        "max": 13.5551700592,
        "mean": 3.05602622032,
        "median": 2.89192032814,
        "min": -1.2080976963,
        "var": 2.33516049385
    },
    "spectral_rms": {
        "dmean": 0.000734276312869,
        "dmean2": 0.000985928694718,
        "dvar": 5.290653462e-07,
        "dvar2": 9.09737423171e-07,
        "max": 0.0104587515816,
        "mean": 0.00475582014769,
        "median": 0.00474773813039,
        "min": 3.20901768699e-12,
        "var": 3.09620418193e-06
    },
    "spectral_rolloff": {
        "dmean": 776.407409668,
        "dmean2": 1228.53515625,
        "dvar": 1164432.625,
        "dvar2": 2367977.5,
        "max": 19229.1503906,
        "mean": 2165.3125,
        "median": 1722.65625,
        "min": 64.599609375,
        "var": 3213538.5
    },
    "spectral_skewness": {
        "dmean": 0.146568626165,
        "dmean2": 0.230763584375,
        "dvar": 0.0199747961015,
        "dvar2": 0.0476470477879,
        "max": 2.642329216,
        "mean": 1.2635127306,
        "median": 1.26534986496,
        "min": -0.196846947074,
        "var": 0.0812627151608
    },
    "spectral_spread": {
        "dmean": 508906.9375,
        "dmean2": 705353.5,
        "dvar": 510437457920,
        "dvar2": 1.04775961805e+12,
        "max": 46162912,
        "mean": 4861335.5,
        "median": 4642125.5,
        "min": 2003274,
        "var": 3.02456897536e+12
    },
    "spectral_strongpeak": {
        "dmean": 0.729401886463,
        "dmean2": 1.22777402401,
        "dvar": 1.42105972767,
        "dvar2": 3.56153225899,
        "max": 17.9193477631,
        "mean": 1.27273750305,
        "median": 0.389569163322,
        "min": 0,
        "var": 2.98843431473
    },
    "zerocrossingrate": {
        "dmean": 0.014994381927,
        "dmean2": 0.0172673463821,
        "dvar": 0.000261941546341,
        "dvar2": 0.00031188110006,
        "max": 0.6494140625,
        "mean": 0.079089216888,
        "median": 0.07373046875,
        "min": 0.00341796875,
        "var": 0.00183428626042
    },
    "barkbands": {
        "dmean": [8.50442957017e-05, 0.00459579518065, 0.00143184012268, 0.0003063454933, 0.000560913525987, 0.000577559520025, 0.000518335727975, 0.000682824815158, 0.000980524346232, 0.00124013994355, 0.000906445202418, 0.000877981481608, 0.000586459238548, 0.00056885345839, 0.000545718590729, 0.000266371382168, 0.000211470163777, 0.000267021066975, 0.000291259435471, 0.000277937069768, 0.000151636224473, 0.000146165839396, 0.000125979466247, 9.72886045929e-05, 7.8411801951e-05, 5.04217023263e-05, 6.43501243758e-06],
        "dmean2": [0.000131079490529, 0.00654217600822, 0.00241577904671, 0.000530210905708, 0.000895369506907, 0.000924421998207, 0.000823477574158, 0.00111047597602, 0.00152049527969, 0.00196102075279, 0.00145406532101, 0.00137949397322, 0.000930065463763, 0.000894606171641, 0.000875764293596, 0.000439027353423, 0.000355390453478, 0.00044044808601, 0.000456905661849, 0.000446141842986, 0.000245793053182, 0.000233787854086, 0.000191884246306, 0.000143100551213, 0.000115106551675, 7.71108097979e-05, 9.80135610007e-06],
        "dvar": [2.91791621976e-08, 6.54556206428e-05, 1.00046727312e-05, 3.0848278243e-07, 1.81954442269e-06, 3.43566352967e-06, 1.6799704099e-06, 5.27870497535e-06, 6.8574222496e-06, 1.19234182421e-05, 7.35687763154e-06, 5.18490469403e-06, 2.13607722799e-06, 1.52028781031e-06, 1.90859304894e-06, 2.2973175362e-07, 1.5309990431e-07, 2.04951192018e-07, 2.17879644993e-07, 1.99747674401e-07, 6.47492299777e-08, 1.20626864941e-07, 4.69543159909e-08, 4.82505129185e-08, 2.36820945076e-08, 7.93565835266e-09, 1.41073597248e-10],
        "dvar2": [6.03996213044e-08, 0.000127550883917, 2.66053175437e-05, 8.68008498855e-07, 4.53353322882e-06, 8.91211038834e-06, 4.09173981097e-06, 1.35545815283e-05, 1.63589229487e-05, 2.85499827442e-05, 1.80707975233e-05, 1.24877033159e-05, 4.62305797555e-06, 3.53026166522e-06, 4.26800579589e-06, 5.77694549975e-07, 3.71982054048e-07, 5.11251414537e-07, 5.06076275997e-07, 4.69418154125e-07, 1.59558027235e-07, 3.25860980865e-07, 1.02915961975e-07, 9.3927191358e-08, 5.16191214217e-08, 1.9752375735e-08, 3.34582334061e-10],
        "max": [0.00232410104945, 0.0546647384763, 0.0291665960103, 0.00667918752879, 0.0487915799022, 0.0637374520302, 0.0321408957243, 0.0684829354286, 0.0501699708402, 0.0701898038387, 0.0586419738829, 0.040042296052, 0.0304679945111, 0.0283604599535, 0.0553257018328, 0.0112299369648, 0.0103250490502, 0.0107939587906, 0.0137422801927, 0.00841745641083, 0.00761874159798, 0.0178340673447, 0.00432664714754, 0.00920269265771, 0.00355022237636, 0.000614602700807, 9.571154078e-05],
        "mean": [0.000102922953374, 0.00742160109803, 0.001720598666, 0.000383390957722, 0.00099982554093, 0.000874202058185, 0.000806083029602, 0.00098840740975, 0.00150584545918, 0.00188754266128, 0.00149541208521, 0.00170003797393, 0.000914952834137, 0.00102874916047, 0.000857300648931, 0.00039632502012, 0.000340110185789, 0.000479315553093, 0.000633633288089, 0.00059385568602, 0.000294678786304, 0.000304333661916, 0.000261692359345, 0.000182206174941, 0.000123721809359, 5.38242602488e-05, 6.36463119008e-06],
        "median": [1.64362518262e-05, 0.00376738281921, 0.000829428434372, 0.000204841780942, 0.000395042879973, 0.000304286135361, 0.000262941292021, 0.000171799911186, 0.000306066591293, 0.000374938506866, 0.000300692627206, 0.000293072982458, 0.000275774713373, 0.000272290490102, 0.000344077969203, 0.000199624570087, 0.000198368681595, 0.000280099950032, 0.000376226904336, 0.000362056249287, 0.000209787336644, 0.000206239375984, 0.00015978331794, 8.6547988758e-05, 4.74127082271e-05, 1.28854480863e-05, 7.1164390647e-07],
        "min": [1.4115319905e-24, 9.004138836e-24, 9.77149184308e-25, 4.02529016993e-24, 2.05400241954e-23, 1.07211734823e-23, 2.80557434309e-23, 1.66861215513e-23, 6.83398280129e-23, 1.95110513856e-23, 3.78152623376e-23, 4.24388676109e-23, 5.99609008873e-23, 5.1511970245e-23, 3.98236674924e-23, 1.05903768732e-22, 7.87569445256e-23, 1.05556613136e-22, 1.94643375671e-22, 2.31576013096e-22, 1.76506920724e-22, 3.23777545584e-22, 5.83733492389e-22, 7.55322982396e-22, 1.06723424243e-21, 1.57290453351e-21, 2.16964446158e-21],
        "var": [5.56560770804e-08, 9.78522512014e-05, 7.67372148403e-06, 2.71634291948e-07, 3.26247322846e-06, 4.02601517635e-06, 2.71914768746e-06, 1.03411421151e-05, 1.36793642014e-05, 2.10190046346e-05, 1.60194067576e-05, 1.80326824193e-05, 4.4334242375e-06, 3.99112968807e-06, 3.35549248121e-06, 3.39465600518e-07, 2.85314968096e-07, 4.26939834597e-07, 6.25116456376e-07, 5.01189276747e-07, 1.07759269952e-07, 1.49452660025e-07, 1.16902370451e-07, 1.35398281031e-07, 5.31294332973e-08, 8.12931055805e-09, 1.49242354586e-10]
    },
    "erbbands": {
        "dmean": [0.0966094583273, 1.19283282757, 1.92974460125, 1.11755824089, 0.989263236523, 2.33601903915, 3.72985672951, 4.99597740173, 6.4648270607, 9.1019115448, 16.8706455231, 21.4871482849, 37.8318214417, 32.2204666138, 33.352645874, 34.2966957092, 24.3337097168, 27.2953186035, 28.3856201172, 21.3646144867, 11.9677371979, 11.1062440872, 13.5774049759, 13.8642606735, 14.1183280945, 13.4049320221, 6.91066169739, 5.56101417542, 5.49117422104, 4.54091644287, 3.42239189148, 2.25879430771, 1.57521247864, 0.966457605362, 0.549582958221, 0.256120681763, 0.0862335786223, 0.0147151499987, 0.00100483966526, 3.14213430102e-05],
        "dmean2": [0.132316082716, 1.75156629086, 3.04547524452, 1.88980543613, 1.63531780243, 3.72169685364, 5.97015762329, 8.07725811005, 10.2925786972, 14.2833805084, 27.59126091, 33.099357605, 59.694694519, 51.061340332, 52.0076560974, 53.0595054626, 37.9727592468, 43.1431922913, 45.1737861633, 34.1468467712, 19.7626266479, 18.3548145294, 22.2886562347, 22.019695282, 21.8616600037, 21.3490619659, 11.137263298, 8.96573257446, 8.91798210144, 6.96477603912, 5.2553486824, 3.36721730232, 2.36133432388, 1.43878674507, 0.825592875481, 0.3910792768, 0.13219666481, 0.022983353585, 0.00150051852688, 4.51345622423e-05],
        "dvar": [0.0303520783782, 4.59896707535, 14.5279512405, 5.10887622833, 2.64412999153, 35.3507118225, 165.050262451, 308.742248535, 290.547637939, 525.89251709, 3487.87060547, 3472.73461914, 10920.6542969, 7803.45556641, 10486.0507812, 8332.7109375, 3403.49633789, 3148.20898438, 5736.75878906, 1982.79736328, 432.115539551, 484.071929932, 612.235961914, 486.430175781, 549.421081543, 540.008605957, 120.62902832, 109.975486755, 306.872680664, 50.0989646912, 37.2935829163, 26.8445701599, 11.3619623184, 4.9131565094, 0.94368070364, 0.198071479797, 0.0237631443888, 0.000757565081585, 3.26243412019e-06, 2.73279843199e-09],
        "dvar2": [0.049862191081, 9.38171577454, 35.6238708496, 13.8438177109, 6.9980430603, 83.1736373901, 433.83416748, 826.894287109, 712.342041016, 1259.00390625, 9121.90527344, 8298.50683594, 26406.7285156, 19135.3164062, 26226.65625, 19678.3242188, 7364.10693359, 7177.48925781, 13952.125, 4325.58544922, 1100.69360352, 1124.00598145, 1517.15478516, 1149.99182129, 1257.40197754, 1294.53601074, 292.950500488, 280.004211426, 863.196533203, 108.712409973, 81.6356201172, 52.4200172424, 22.7453212738, 10.8146247864, 2.18200182915, 0.489837676287, 0.058683115989, 0.00189962284639, 7.14860334483e-06, 5.93803850535e-09],
        "max": [1.26510035992, 14.2051916122, 31.5707626343, 24.7483482361, 33.7856254578, 141.841537476, 498.606018066, 614.999633789, 429.721588135, 497.16607666, 1942.60229492, 1159.3684082, 2301.87231445, 2623.90551758, 2279.44213867, 2042.3416748, 1529.69104004, 1548.48718262, 2583.06420898, 1106.11816406, 581.982299805, 678.890014648, 599.832519531, 467.543426514, 663.963806152, 513.444396973, 294.950195312, 448.665985107, 1002.5791626, 137.865646362, 128.31980896, 160.549377441, 144.317703247, 57.168132782, 15.2526903152, 5.22141265869, 1.03464794159, 0.189869448543, 0.0192237384617, 0.000764017750043],
        "mean": [0.150802329183, 1.83375024796, 2.78204989433, 1.43843054771, 1.65292513371, 3.98491668701, 5.56979560852, 7.44584274292, 10.3690280914, 14.1123104095, 25.657743454, 34.1205863953, 59.6440429688, 54.7137489319, 61.9575271606, 70.1252822876, 43.7104682922, 51.9283752441, 49.568031311, 36.367275238, 20.2307796478, 19.1114501953, 25.1815299988, 30.1825447083, 32.8696632385, 28.7862491608, 14.1232910156, 10.996799469, 10.904545784, 9.87243843079, 6.93634128571, 4.37399101257, 2.78070998192, 1.60312020779, 0.766201078892, 0.296716749668, 0.0883988216519, 0.0141093367711, 0.00110264099203, 6.26734326943e-05],
        "median": [0.0616054236889, 0.899560809135, 1.73004126549, 0.869782447815, 0.962718963623, 1.20197153091, 1.86795949936, 2.59752941132, 3.77178049088, 4.49824476242, 5.39826965332, 7.94521141052, 12.3533802032, 17.0202217102, 13.6593322754, 13.8293075562, 14.8283214569, 16.8503417969, 18.5857772827, 17.6570281982, 11.6164894104, 11.128663063, 15.2328014374, 18.0783576965, 20.4769115448, 17.610162735, 10.1896877289, 7.79897117615, 7.33235168457, 6.49315643311, 4.03715610504, 2.16446590424, 1.28176403046, 0.655302286148, 0.263951182365, 0.0846619904041, 0.0188416093588, 0.00229343865067, 0.00016344380856, 4.27580707765e-05],
        "min": [2.02598640314e-22, 1.54439891217e-21, 2.78056217649e-21, 8.00621733321e-21, 3.47284930091e-20, 7.92640135112e-20, 3.1445025417e-20, 1.1457257985e-19, 3.74863674551e-19, 4.50571328416e-19, 6.31344465158e-19, 1.30309525567e-18, 1.0043996127e-18, 1.01737942068e-18, 1.97192640882e-18, 2.30311339606e-18, 2.8630406381e-18, 3.80139411818e-18, 3.09830755471e-18, 5.62915886946e-18, 4.77944420266e-18, 4.92265977237e-18, 5.55921040891e-18, 6.17907184941e-18, 1.11280450642e-17, 1.21861819484e-17, 8.28864173254e-18, 9.87880464312e-18, 1.02240805842e-17, 1.61996358108e-17, 1.57521410256e-17, 1.23245080536e-17, 1.35977474658e-17, 1.04784187702e-17, 7.67265935552e-18, 5.58312626837e-18, 2.77814316272e-18, 1.21616798247e-18, 2.80968955654e-19, 3.48482532522e-20],
        "var": [0.0540677756071, 6.17384624481, 14.1621999741, 4.0006608963, 4.29629611969, 69.9911346436, 214.989364624, 310.898254395, 447.275543213, 914.176269531, 6676.69189453, 6784.27929688, 21220.4550781, 13092.2119141, 25420.0898438, 30308.3574219, 8068.73681641, 8491.56347656, 10011.7626953, 4084.86572266, 708.146057129, 952.633972168, 1248.87414551, 1289.50170898, 1608.09655762, 1296.09863281, 241.973739624, 160.76864624, 272.102142334, 130.434234619, 91.2451248169, 76.8219070435, 29.4478492737, 11.0498752594, 1.65555500984, 0.224727407098, 0.0237125642598, 0.000713605317287, 3.93917798647e-06, 4.0781147348e-09]
    },
    "gfcc": {
        "mean": [21.1248722076, 63.4021492004, -128.172073364, 38.2651748657, -55.4071388245, 27.5299091339, -26.0971755981, 15.8248291016, -21.4373207092, 7.17511177063, -12.3185119629, 1.11708772182, -11.6299123764],
        "cov": [[5416.91015625, -817.519104004, 8.87035560608, 80.6780776978, 55.9637718201, 312.256958008, 174.807006836, 201.71434021, -17.906375885, 240.391143799, 41.8037490845, 155.299041748, -104.757461548], [-817.519104004, 1084.13098145, -26.2173023224, 59.9433898926, 57.4786071777, -121.136474609, 56.4444885254, -5.48530054092, 40.0714378357, -99.0176010132, 73.5573501587, -79.9867858887, 59.6071929932], [8.87035560608, -26.2173023224, 910.445922852, 257.598205566, 153.460983276, 14.0404310226, -152.395385742, 49.226650238, 58.1646270752, 56.5590934753, -66.2229309082, 52.5429153442, -16.234003067], [80.6780776978, 59.9433898926, 257.598205566, 317.717102051, 91.9245300293, 69.2273406982, -41.9140586853, 21.4581871033, 45.0792007446, 27.2187290192, 3.85212922096, 22.5562973022, 23.0266056061], [55.9637718201, 57.4786071777, 153.460983276, 91.9245300293, 248.615097046, 98.6204833984, 74.1242141724, 23.2174072266, 9.25219726562, 17.2241191864, -7.59679746628, 17.0875835419, -9.47776889801], [312.256958008, -121.136474609, 14.0404310226, 69.2273406982, 98.6204833984, 284.133392334, 138.202392578, 29.8428268433, -1.03574109077, 32.5398406982, 21.0250473022, 20.7011394501, -7.14468288422], [174.807006836, 56.4444885254, -152.395385742, -41.9140586853, 74.1242141724, 138.202392578, 256.6378479, 64.9470062256, 7.81075572968, -0.989486813545, 47.2698173523, -7.55639266968, -9.91832256317], [201.71434021, -5.48530054092, 49.226650238, 21.4581871033, 23.2174072266, 29.8428268433, 64.9470062256, 145.558578491, 67.3861236572, 19.6530971527, 2.74145841599, 6.13529777527, 13.6747732162], [-17.906375885, 40.0714378357, 58.1646270752, 45.0792007446, 9.25219726562, -1.03574109077, 7.81075572968, 67.3861236572, 122.033554077, 44.8068771362, 1.27875423431, 13.5844326019, 26.8649711609], [240.391143799, -99.0176010132, 56.5590934753, 27.2187290192, 17.2241191864, 32.5398406982, -0.989486813545, 19.6530971527, 44.8068771362, 98.5378189087, 30.4957714081, 31.227186203, -0.194277942181], [41.8037490845, 73.5573501587, -66.2229309082, 3.85212922096, -7.59679746628, 21.0250473022, 47.2698173523, 2.74145841599, 1.27875423431, 30.4957714081, 101.920043945, 17.4452018738, 9.09024047852], [155.299041748, -79.9867858887, 52.5429153442, 22.5562973022, 17.0875835419, 20.7011394501, -7.55639266968, 6.13529777527, 13.5844326019, 31.227186203, 17.4452018738, 74.5332717896, 23.1277446747], [-104.757461548, 59.6071929932, -16.234003067, 23.0266056061, -9.47776889801, -7.14468288422, -9.91832256317, 13.6747732162, 26.8649711609, -0.194277942181, 9.09024047852, 23.1277446747, 71.2362136841]],
        "icov": [[0.000274563732091, 3.46936540154e-05, 0.000115564202133, -0.000176841465873, 0.000124262325699, -8.67013950483e-05, -7.09760934114e-05, -0.000546810799278, 0.000535456929356, -0.000685398059431, 0.000267946830718, -0.000559150474146, 0.000504694937263], [3.46936540154e-05, 0.00185647641774, -0.000300712126773, -0.000258504558587, -0.000863400287926, 0.00107435148675, -0.000682673184201, 0.000836030871142, -0.00142876734026, 0.00230909395032, -0.0024598413147, 0.0023541233968, -0.00165530317463], [0.000115564202133, -0.000300712126773, 0.00216273684055, -0.00113633426372, -0.000827189534903, -0.000207653036341, 0.00155332055874, -0.00142888200935, 0.000403471640311, -0.00103871687315, 0.00135629577562, -0.0017627608031, 0.00188566499855], [-0.000176841465873, -0.000258504558587, -0.00113633426372, 0.00540795642883, -0.00128128286451, -0.00187345955055, 0.00201776181348, 0.000321372703183, -0.00177586416248, 0.00113902741577, -0.00168048916385, 0.000991585548036, -0.00162458082195], [0.000124262325699, -0.000863400287926, -0.000827189534903, -0.00128128286451, 0.00672794133425, -0.000995368813165, -0.00261649000458, 8.19114284241e-05, 0.00145264912862, -0.00206541293301, 0.00286404090002, -0.00224295305088, 0.00135539518669], [-8.67013950483e-05, 0.00107435148675, -0.000207653036341, -0.00187345955055, -0.000995368813165, 0.00696784211323, -0.00439611123875, 0.00103430682793, 0.000835951941554, -0.000968283624388, 6.52854987493e-06, 0.000423492689151, -0.00116864510346], [-7.09760934114e-05, -0.000682673184201, 0.00155332055874, 0.00201776181348, -0.00261649000458, -0.00439611123875, 0.0102520054206, -0.00408844137564, -0.00080870045349, 0.00221295794472, -0.00336845358834, 0.000212602288229, 0.00226365122944], [-0.000546810799278, 0.000836030871142, -0.00142888200935, 0.000321372703183, 8.19114284241e-05, 0.00103430682793, -0.00408844137564, 0.0128773134202, -0.00730411475524, 0.00276657892391, -0.000877707381733, 0.00240170885809, -0.00276539777406], [0.000535456929356, -0.00142876734026, 0.000403471640311, -0.00177586416248, 0.00145264912862, 0.000835951941554, -0.00080870045349, -0.00730411475524, 0.0178695563227, -0.0108054503798, 0.00516232894734, -0.00153837446123, -0.00271224952303], [-0.000685398059431, 0.00230909395032, -0.00103871687315, 0.00113902741577, -0.00206541293301, -0.000968283624388, 0.00221295794472, 0.00276657892391, -0.0108054503798, 0.02275387384, -0.00984545424581, -0.000684532802552, 0.00147581123747], [0.000267946830718, -0.0024598413147, 0.00135629577562, -0.00168048916385, 0.00286404090002, 6.52854987493e-06, -0.00336845358834, -0.000877707381733, 0.00516232894734, -0.00984545424581, 0.0180233549327, -0.00592973269522, 0.00103736971505], [-0.000559150474146, 0.0023541233968, -0.0017627608031, 0.000991585548036, -0.00224295305088, 0.000423492689151, 0.000212602288229, 0.00240170885809, -0.00153837446123, -0.000684532802552, -0.00592973269522, 0.0234815459698, -0.0104903262109], [0.000504694937263, -0.00165530317463, 0.00188566499855, -0.00162458082195, 0.00135539518669, -0.00116864510346, 0.00226365122944, -0.00276539777406, -0.00271224952303, 0.00147581123747, 0.00103736971505, -0.0104903262109, 0.0223294049501]]
    },
    "melbands": {
        "dmean": [0.00109973654617, 0.00115361681674, 0.000185444383533, 0.000110128348751, 0.00012614269508, 0.000111648034363, 0.000102145851997, 0.000107150975964, 0.000143119963468, 0.000142871547723, 0.000194789419766, 0.000136000991915, 0.000116526760394, 0.000102599151433, 7.05563434167e-05, 6.02356303716e-05, 5.51338853256e-05, 4.99346424476e-05, 3.94017297367e-05, 2.42187852564e-05, 1.34515848913e-05, 1.24368789329e-05, 1.33018811539e-05, 1.29958389152e-05, 1.23154177345e-05, 1.14701851999e-05, 1.12338193503e-05, 9.24110190681e-06, 4.84799375045e-06, 4.0272861952e-06, 3.40148199029e-06, 3.42380826623e-06, 2.97013070849e-06, 2.62422531705e-06, 2.18011928155e-06, 1.71814576788e-06, 1.36364212722e-06, 1.21007940379e-06, 9.9040596524e-07, 7.88564364029e-07],
        "dmean2": [0.00151976116467, 0.00170244451147, 0.000310805044137, 0.000177724650712, 0.000200530135771, 0.000179197013495, 0.000162648022524, 0.00016783902538, 0.000234081220697, 0.000220364250708, 0.000307252688799, 0.000215587308048, 0.000183062904398, 0.000158818322234, 0.000108986147097, 9.49926834437e-05, 8.69354407769e-05, 7.92720966274e-05, 6.18740232312e-05, 3.97966796299e-05, 2.25432540901e-05, 2.07525281439e-05, 2.23751176236e-05, 2.11824353755e-05, 1.97756799025e-05, 1.8012655346e-05, 1.77298479684e-05, 1.49403194882e-05, 7.86408327258e-06, 6.63993796479e-06, 5.42814450455e-06, 5.6601952565e-06, 4.7395033107e-06, 4.05633727496e-06, 3.42016096511e-06, 2.65034577751e-06, 2.05603578252e-06, 1.84990676644e-06, 1.51163681039e-06, 1.18147124795e-06],
        "dvar": [3.75595732294e-06, 4.15123895436e-06, 1.26357491581e-07, 5.85868882297e-08, 1.61990428182e-07, 1.37834703651e-07, 6.70944189096e-08, 8.19034013944e-08, 2.46847775998e-07, 1.53492436539e-07, 2.90601803954e-07, 1.44884111819e-07, 1.32317197199e-07, 7.34706233629e-08, 3.6808128101e-08, 2.42785329618e-08, 1.3441021629e-08, 1.78127024242e-08, 1.03053467981e-08, 2.02960670492e-09, 5.81657222387e-10, 7.26132431961e-10, 7.11513459262e-10, 5.83888604133e-10, 4.30727842282e-10, 3.67721464389e-10, 3.46000977869e-10, 2.96646429643e-10, 6.67642885421e-11, 5.47761142e-11, 2.78452920444e-11, 1.71181915865e-10, 2.36857807673e-11, 1.72916941182e-11, 1.44975568009e-11, 1.50414593975e-11, 1.14041632041e-11, 7.37212808161e-12, 5.42522450575e-12, 3.42650539019e-12],
        "dvar2": [6.85245049681e-06, 8.5995579866e-06, 3.37316180321e-07, 1.42640971035e-07, 4.28636724337e-07, 3.63907474821e-07, 1.63323861102e-07, 1.97612678221e-07, 6.48742911835e-07, 3.5938424503e-07, 7.00077634974e-07, 3.55109222028e-07, 3.24548039998e-07, 1.75596667873e-07, 7.86177949408e-08, 5.2567472153e-08, 3.13494794568e-08, 4.37488267835e-08, 2.15793871661e-08, 5.08279374145e-09, 1.47510403892e-09, 1.66575631066e-09, 1.87101911742e-09, 1.40839251372e-09, 1.02451913619e-09, 8.80408190795e-10, 7.75182196211e-10, 7.28044347031e-10, 1.62482902133e-10, 1.39467271065e-10, 7.03450284134e-11, 4.88580176317e-10, 5.77137122815e-11, 3.86729155644e-11, 3.36672321966e-11, 3.36680232305e-11, 2.29374418764e-11, 1.55219309628e-11, 1.20773434656e-11, 7.71584966058e-12],
        "max": [0.0137156294659, 0.0160189103335, 0.00397487776354, 0.00427301973104, 0.016661465168, 0.0123282503337, 0.00598910963163, 0.0066158096306, 0.0160403288901, 0.00699017709121, 0.0120096802711, 0.0105780661106, 0.00832159817219, 0.0051710116677, 0.00442578690127, 0.00375333358534, 0.00273571745493, 0.00327227078378, 0.00369731266983, 0.000711809843779, 0.000639731006231, 0.000937369884923, 0.0006437539123, 0.000835073762573, 0.000451590429293, 0.000520399655215, 0.000510765705258, 0.000477374182083, 0.000294929486699, 0.00028594568721, 0.000135696376674, 0.000779805530328, 9.80398326647e-05, 7.98288892838e-05, 7.76831366238e-05, 9.10060844035e-05, 0.000127429681015, 0.000130941989482, 6.88923173584e-05, 4.67765239591e-05],
        "mean": [0.00176812987775, 0.00190963048954, 0.000256944680586, 0.000196398308617, 0.000198166526388, 0.000168863247382, 0.000166036916198, 0.000162001757417, 0.000214002997382, 0.000222569549805, 0.000299412437016, 0.000217557913857, 0.000204963958822, 0.0001974641782, 0.000127025952679, 9.46964064497e-05, 9.76298979367e-05, 8.17859690869e-05, 6.23152518529e-05, 3.58316974598e-05, 2.10704674828e-05, 1.94340136659e-05, 2.07809644053e-05, 2.36673531617e-05, 2.42622372753e-05, 2.39581531787e-05, 2.34435883613e-05, 1.79836206371e-05, 9.12071482162e-06, 6.77558819007e-06, 6.27171039014e-06, 6.25501934337e-06, 5.74630303163e-06, 5.37930282007e-06, 4.11781456933e-06, 3.18539491673e-06, 2.48665355684e-06, 2.02355386136e-06, 1.61748505434e-06, 1.25353244584e-06],
        "median": [0.000887796049938, 0.0011818150524, 0.000167454039911, 8.07984033599e-05, 6.79333970766e-05, 5.83451073908e-05, 5.84782064834e-05, 4.62016832898e-05, 4.01230063289e-05, 4.553321196e-05, 5.3799856687e-05, 5.96582867729e-05, 4.09992280765e-05, 3.37999153999e-05, 2.88594419544e-05, 2.96489160974e-05, 2.75922157016e-05, 2.55667455349e-05, 2.56725325016e-05, 1.73065782292e-05, 1.16807495942e-05, 1.08870517579e-05, 1.13071246233e-05, 1.34536558107e-05, 1.35313339342e-05, 1.39856820169e-05, 1.38645209518e-05, 9.97063034447e-06, 6.11369705439e-06, 4.37354310634e-06, 4.28325711255e-06, 4.01011129725e-06, 3.70827319784e-06, 3.40680639965e-06, 2.35525749304e-06, 1.67482380675e-06, 1.16371757031e-06, 9.05533170226e-07, 7.14751308806e-07, 4.89503804602e-07],
        "min": [1.99883015836e-24, 2.08034256405e-24, 1.67913323247e-24, 4.05190278699e-24, 1.51290081404e-24, 3.04416591552e-24, 5.99720222483e-24, 4.74318830356e-24, 5.89646665939e-24, 9.2048147951e-24, 4.53636909016e-24, 3.68938491344e-24, 5.59006203975e-24, 5.65696099439e-24, 5.65252877939e-24, 5.22900434773e-24, 6.00242211744e-24, 5.75843256705e-24, 3.64797681567e-24, 7.74627724566e-24, 4.22883206069e-24, 4.71958321869e-24, 5.54682733455e-24, 4.97730723187e-24, 4.49261097575e-24, 5.60818178031e-24, 6.36034211521e-24, 7.91555417415e-24, 6.17477047586e-24, 3.1801722409e-24, 6.72704371257e-24, 5.22017423319e-24, 6.145953387e-24, 7.55696561677e-24, 8.56673360786e-24, 7.33152889158e-24, 7.65769526576e-24, 7.35069821158e-24, 8.08776645406e-24, 7.73130545454e-24],
        "var": [6.07706488154e-06, 5.54225744054e-06, 1.05214489565e-07, 1.23806842112e-07, 2.13878706745e-07, 1.48684463852e-07, 1.1025062463e-07, 1.54834310706e-07, 4.69706634476e-07, 3.12137331093e-07, 5.58876990908e-07, 2.33343399714e-07, 3.13113758921e-07, 2.5597705644e-07, 1.01579459511e-07, 5.14869533674e-08, 3.55872273872e-08, 3.18679163058e-08, 1.94880431792e-08, 3.0883671176e-09, 9.28872256889e-10, 1.28686805656e-09, 1.00402031133e-09, 1.40626554845e-09, 1.00325425745e-09, 1.00686325943e-09, 8.55820914136e-10, 6.46235454038e-10, 1.28709917724e-10, 7.23858958884e-11, 4.89707545348e-11, 1.28680691103e-10, 4.64253913091e-11, 4.19296264376e-11, 3.08135426896e-11, 3.37100902748e-11, 3.0280163793e-11, 1.62909200019e-11, 1.23795878063e-11, 7.08207494385e-12]
    },
    "mfcc": {
        "mean": [-615.608703613, 90.824836731, -9.01079750061, 18.4609203339, 0.477315962315, 12.6943368912, 8.8578119278, 10.4930038452, 1.01440298557, 10.6903028488, 3.79465508461, -1.58657181263, 2.97522926331],
        "cov": [[3935.88647461, -723.772705078, -97.1085281372, -103.22984314, -80.9493637085, 150.723464966, 220.715805054, 94.3729095459, 52.6379585266, 118.220108032, 112.962333679, 76.956741333, 166.391281128], [-723.772705078, 861.952087402, -26.8067035675, 117.678993225, 16.3237667084, -75.3564071655, 18.5384731293, 32.9412384033, -26.717710495, 34.1493263245, -1.16079485416, -39.2304840088, -22.5601215363], [-97.1085281372, -26.8067035675, 622.364807129, 194.939224243, 247.277740479, 28.8032360077, -72.6831893921, -19.5674247742, 56.5258979797, -25.70221138, 6.25585174561, 61.9147338867, 8.89080238342], [-103.22984314, 117.678993225, 194.939224243, 261.631286621, 159.177246094, -2.00100064278, -36.8478546143, -4.27226066589, 31.2148857117, -8.5566368103, -4.92280578613, 32.1527137756, 24.834859848], [-80.9493637085, 16.3237667084, 247.277740479, 159.177246094, 268.960693359, 60.6817512512, -20.8509883881, -0.634194672108, 56.401386261, -16.1161384583, -0.954452514648, 33.7997665405, 9.07206439972], [150.723464966, -75.3564071655, 28.8032360077, -2.00100064278, 60.6817512512, 231.720825195, 112.543037415, 45.6706848145, 20.5540447235, 6.76968050003, 34.7037391663, 5.20120096207, 10.9120950699], [220.715805054, 18.5384731293, -72.6831893921, -36.8478546143, -20.8509883881, 112.543037415, 215.028991699, 96.7408370972, -7.6187171936, 50.8657798767, 42.1708106995, -18.6430568695, 9.33977985382], [94.3729095459, 32.9412384033, -19.5674247742, -4.27226066589, -0.634194672108, 45.6706848145, 96.7408370972, 134.116455078, 54.844707489, 43.3135261536, 28.9763031006, -5.73855447769, 3.39119338989], [52.6379585266, -26.717710495, 56.5258979797, 31.2148857117, 56.401386261, 20.5540447235, -7.6187171936, 54.844707489, 141.825775146, 32.3165626526, 20.475894928, 28.2590713501, 0.86899638176], [118.220108032, 34.1493263245, -25.70221138, -8.5566368103, -16.1161384583, 6.76968050003, 50.8657798767, 43.3135261536, 32.3165626526, 100.164535522, 41.2029457092, -4.80262136459, 5.34365415573], [112.962333679, -1.16079485416, 6.25585174561, -4.92280578613, -0.954452514648, 34.7037391663, 42.1708106995, 28.9763031006, 20.475894928, 41.2029457092, 77.282913208, 30.3091716766, 13.2832479477], [76.956741333, -39.2304840088, 61.9147338867, 32.1527137756, 33.7997665405, 5.20120096207, -18.6430568695, -5.73855447769, 28.2590713501, -4.80262136459, 30.3091716766, 83.7833786011, 39.2201004028], [166.391281128, -22.5601215363, 8.89080238342, 24.834859848, 9.07206439972, 10.9120950699, 9.33977985382, 3.39119338989, 0.86899638176, 5.34365415573, 13.2832479477, 39.2201004028, 84.8608779907]],
