{
"lowlevel": {
    "average_loudness": 0.944141328335,
    "barkbands_crest": {
        "dmean": 2.05975103378,
        "dmean2": 3.38308477402,
        "dvar": 4.66316318512,
        "dvar2": 12.2060575485,
        "max": 25.386510849,
        "mean": 9.14485931396,
        "median": 8.21629524231,
        "min": 2.52238559723,
        "var": 15.6118879318
    },
    "barkbands_flatness_db": {
        "dmean": 0.0139673966914,
        "dmean2": 0.0220748577267,
        "dvar": 0.000217213833821,
        "dvar2": 0.000513976905495,
        "max": 0.341234385967,
        "mean": 0.112263828516,
        "median": 0.0974845737219,
        "min": 0.0203127749264,
        "var": 0.00271555641666
    },
    "barkbands_kurtosis": {
        "dmean": 1.32255196571,
        "dmean2": 2.13348770142,
        "dvar": 6.51743268967,
        "dvar2": 15.6929931641,
        "max": 65.3552703857,
        "mean": 1.89912414551,
        "median": 0.392123103142,
        "min": -1.87122929096,
        "var": 19.0115909576
    },
    "barkbands_skewness": {
        "dmean": 0.333213955164,
        "dmean2": 0.523089766502,
        "dvar": 0.16979368031,
        "dvar2": 0.374996542931,
        "max": 7.55265569687,
        "mean": 1.00506901741,
        "median": 0.873361766338,
        "min": -4.73494100571,
        "var": 0.924781262875
    },
    "barkbands_spread": {
        "dmean": 4.41093397141,
        "dmean2": 6.91166210175,
        "dvar": 32.3105049133,
        "dvar2": 74.0368347168,
        "max": 96.9428863525,
        "mean": 26.2322788239,
        "median": 25.6223220825,
        "min": 1.72572541237,
        "var": 208.188095093
    },
    "dissonance": {
        "dmean": 0.0183850582689,
        "dmean2": 0.0312687382102,
        "dvar": 0.000332752097165,
        "dvar2": 0.000907336652745,
        "max": 0.500000059605,
        "mean": 0.462307065725,
        "median": 0.471206724644,
        "min": 0.262933760881,
        "var": 0.00102764216717
    },
    "dynamic_complexity": 2.41957330704,
    "erbbands_crest": {
        "dmean": 2.1906607151,
        "dmean2": 3.56935954094,
        "dvar": 4.83386230469,
        "dvar2": 12.2012109756,
        "max": 28.4046897888,
        "mean": 8.85191822052,
        "median": 7.72375011444,
        "min": 2.3108727932,
        "var": 18.3246688843
    },
    "erbbands_flatness_db": {
        "dmean": 0.012829025276,
        "dmean2": 0.0195845905691,
        "dvar": 0.000182118572411,
        "dvar2": 0.000373852031771,
        "max": 0.352499485016,
        "mean": 0.158327922225,
        "median": 0.151563316584,
        "min": 0.0414239987731,
        "var": 0.00234049325809
    },
    "erbbands_kurtosis": {
        "dmean": 0.725787758827,
        "dmean2": 1.17416119576,
        "dvar": 1.26752340794,
        "dvar2": 2.96708726883,
        "max": 18.775478363,
        "mean": 0.59117013216,
        "median": -0.00511515140533,
        "min": -1.77662348747,
        "var": 4.09434938431
    },
    "erbbands_skewness": {
        "dmean": 0.282147139311,
        "dmean2": 0.443897008896,
        "dvar": 0.0916417688131,
        "dvar2": 0.197758823633,
        "max": 4.05672931671,
        "mean": 0.436320483685,
        "median": 0.374891132116,
        "min": -3.6838593483,
        "var": 0.613541901112
    },
    "erbbands_spread": {
        "dmean": 5.39587783813,
        "dmean2": 8.53707122803,
        "dvar": 45.7882537842,
        "dvar2": 109.596176147,
        "max": 106.845314026,
        "mean": 32.7057991028,
        "median": 32.2637710571,
        "min": 5.74651288986,
        "var": 187.29989624
    },
    "hfc": {
        "dmean": 6.56669712067,
        "dmean2": 9.92460632324,
        "dvar": 234.127319336,
        "dvar2": 467.135375977,
        "max": 465.248535156,
        "mean": 29.1564502716,
        "median": 25.4217987061,
        "min": 1.07050022342e-16,
        "var": 706.315856934
    },
    "melbands_crest": {
        "dmean": 2.57855772972,
        "dmean2": 4.22531461716,
        "dvar": 7.28518152237,
        "dvar2": 19.6293888092,
        "max": 30.2504062653,
        "mean": 13.1428308487,
        "median": 12.5477275848,
        "min": 1.52494525909,
        "var": 22.5557861328
    },
    "melbands_flatness_db": {
        "dmean": 0.0167964976281,
        "dmean2": 0.0260703489184,
        "dvar": 0.000351957103703,
        "dvar2": 0.000813932856545,
        "max": 0.404092341661,
        "mean": 0.166797488928,
        "median": 0.154794469476,
        "min": 0.00280768773519,
        "var": 0.00396920042112
    },
    "melbands_kurtosis": {
        "dmean": 2.95893001556,
        "dmean2": 4.76458644867,
        "dvar": 37.7928733826,
        "dvar2": 93.9134750366,
        "max": 143.335174561,
        "mean": 6.26634216309,
        "median": 3.49350643158,
        "min": -1.89894938469,
        "var": 77.8052139282
    },
    "melbands_skewness": {
        "dmean": 0.438770622015,
        "dmean2": 0.695948243141,
        "dvar": 0.288072139025,
        "dvar2": 0.680851340294,
        "max": 10.6168518066,
        "mean": 1.82785916328,
        "median": 1.6110637188,
        "min": -1.80833077431,
        "var": 1.14176607132
    },
    "melbands_spread": {
        "dmean": 6.09351921082,
        "dmean2": 9.71570396423,
        "dvar": 106.249893188,
        "dvar2": 245.423599243,
        "max": 232.550689697,
        "mean": 31.8556537628,
        "median": 27.8589019775,
        "min": 1.8512301445,
        "var": 513.234375
    },
    "pitch_salience": {
        "dmean": 0.0563490130007,
        "dmean2": 0.0927305743098,
        "dvar": 0.00305043021217,
        "dvar2": 0.00819156039506,
        "max": 0.880010306835,
        "mean": 0.563198506832,
        "median": 0.563803493977,
        "min": 0.158367827535,
        "var": 0.0106206443161
    },
    "silence_rate_20dB": {
        "dmean": 0,
        "dmean2": 0,
        "dvar": 0,
        "dvar2": 0,
        "max": 1,
        "mean": 1,
        "median": 1,
        "min": 1,
        "var": 0
    },
    "silence_rate_30dB": {
        "dmean": 0.000749157217797,
        "dmean2": 0.00149850151502,
        "dvar": 0.000748513790313,
        "dvar2": 0.00174578698352,
        "max": 1,
        "mean": 0.999126076698,
        "median": 1,
        "min": 0,
        "var": 0.000873328885064
    },
    "silence_rate_60dB": {
        "dmean": 0.00599325774238,
        "dmean2": 0.0119880121201,
        "dvar": 0.00595604255795,
        "dvar2": 0.0143429413438,
        "max": 1,
        "mean": 0.0325842685997,
        "median": 0,
        "min": 0,
        "var": 0.03152827546
    },
    "spectral_centroid": {
        "dmean": 184.496963501,
        "dmean2": 288.408172607,
        "dvar": 72644.5703125,
        "dvar2": 144521.640625,
        "max": 11742.7177734,
        "mean": 1643.65686035,
        "median": 1564.86157227,
        "min": 342.021331787,
        "var": 1287610
    },
    "spectral_complexity": {
        "dmean": 3.03258824348,
        "dmean2": 4.93156862259,
        "dvar": 8.65065002441,
        "dvar2": 20.5271682739,
        "max": 53,
        "mean": 22.7684135437,
        "median": 23,
        "min": 0,
        "var": 91.1839675903
    },
    "spectral_decrease": {
        "dmean": 1.56270152374e-09,
        "dmean2": 2.49274245689e-09,
        "dvar": 5.89421979776e-18,
        "dvar2": 1.3509251548e-17,
        "max": 2.19333472455e-28,
        "mean": -6.2946075019e-09,
        "median": -6.21599394179e-09,
        "min": -5.23277421394e-08,
        "var": 1.37832559531e-17
    },
    "spectral_energy": {
        "dmean": 0.00633051013574,
        "dmean2": 0.0100772976875,
        "dvar": 9.44746934692e-05,
        "dvar2": 0.000215287305764,
        "max": 0.211327344179,
        "mean": 0.0264018718153,
        "median": 0.0264681037515,
        "min": 1.00745121769e-20,
        "var": 0.000235160201555
    },
    "spectral_energyband_high": {
        "dmean": 0.000492749037221,
        "dmean2": 0.000722039490938,
        "dvar": 3.36544053425e-06,
        "dvar2": 6.29435726296e-06,
        "max": 0.060093164444,
        "mean": 0.00152175338008,
        "median": 0.00097205262864,
        "min": 7.14613286529e-21,
        "var": 7.96936546976e-06
    },
    "spectral_energyband_low": {
        "dmean": 0.0026605555322,
        "dmean2": 0.00436659203842,
        "dvar": 3.6858538806e-05,
        "dvar2": 9.66123261605e-05,
        "max": 0.125282943249,
        "mean": 0.00694264471531,
        "median": 0.00504901073873,
        "min": 7.66072606935e-24,
        "var": 6.27125191386e-05
    },
    "spectral_energyband_middle_high": {
        "dmean": 0.00200692052022,
        "dmean2": 0.00315855676308,
        "dvar": 9.57906013355e-06,
        "dvar2": 2.14327592403e-05,
        "max": 0.0901050046086,
        "mean": 0.00792805664241,
        "median": 0.0062393900007,
        "min": 1.20345671254e-21,
        "var": 4.63464857603e-05
    },
    "spectral_energyband_middle_low": {
        "dmean": 0.00388707499951,
        "dmean2": 0.00616465462372,
        "dvar": 4.79850823467e-05,
        "dvar2": 0.000106648076326,
        "max": 0.1685513556,
        "mean": 0.0104619041085,
        "median": 0.00759026315063,
        "min": 1.55876074972e-22,
        "var": 0.00010375315469
    },
    "spectral_entropy": {
        "dmean": 0.10434256494,
        "dmean2": 0.159102901816,
        "dvar": 0.0144846681505,
        "dvar2": 0.0283019784838,
        "max": 9.8308391571,
        "mean": 7.68452978134,
        "median": 7.75107622147,
        "min": 5.77518081665,
        "var": 0.236221000552
    },
    "spectral_flux": {
        "dmean": 0.0194848626852,
        "dmean2": 0.0306302346289,
        "dvar": 0.000574985228013,
        "dvar2": 0.00126336864196,
        "max": 0.41692045331,
        "mean": 0.0782604962587,
        "median": 0.0722755938768,
        "min": 6.36059538373e-11,
        "var": 0.00173591682687
    },
    "spectral_kurtosis": {
        "dmean": 1.32465195656,
        "dmean2": 2.23282575607,
        "dvar": 3.84853124619,
        "dvar2": 10.7280387878,
        "max": 41.715297699,
        "mean": 4.83941793442,
        "median": 3.44235634804,
        "min": -1.34059131145,
        "var": 21.0555839539
    },
    "spectral_rms": {
        "dmean": 0.000574383127969,
        "dmean2": 0.000901946157683,
        "dvar": 5.57487851438e-07,
        "dvar2": 1.20016989058e-06,
        "max": 0.0143587263301,
        "mean": 0.00482513243333,
        "median": 0.00508158840239,
        "min": 3.1350904945e-12,
        "var": 2.47601474257e-06
    },
    "spectral_rolloff": {
        "dmean": 426.216308594,
        "dmean2": 706.444946289,
        "dvar": 633530.1875,
        "dvar2": 1356506.25,
        "max": 19552.1484375,
        "mean": 2029.68676758,
        "median": 1507.32421875,
        "min": 86.1328125,
        "var": 4480031
    },
    "spectral_skewness": {
        "dmean": 0.172771111131,
        "dmean2": 0.277864098549,
        "dvar": 0.0356986522675,
        "dvar2": 0.0863080769777,
        "max": 4.78617715836,
        "mean": 1.59094691277,
        "median": 1.45019030571,
        "min": -0.343486368656,
        "var": 0.371063739061
    },
    "spectral_spread": {
        "dmean": 379109.25,
        "dmean2": 572346.5,
        "dvar": 579415506944,
        "dvar2": 1.24456193229e+12,
        "max": 50682820,
        "mean": 4894936.5,
        "median": 4522660,
        "min": 1495268,
        "var": 1.35392353321e+13
    },
    "spectral_strongpeak": {
        "dmean": 0.547846138477,
        "dmean2": 0.940694212914,
        "dvar": 1.00844037533,
        "dvar2": 2.53540945053,
        "max": 15.0966186523,
        "mean": 1.16269814968,
        "median": 0.492192715406,
        "min": 0,
        "var": 1.9200258255
    },
    "zerocrossingrate": {
        "dmean": 0.00844191852957,
        "dmean2": 0.010204821825,
        "dvar": 0.000176172296051,
        "dvar2": 0.000198812718736,
        "max": 0.6455078125,
        "mean": 0.0741637051105,
        "median": 0.0673828125,
        "min": 0.0107421875,
        "var": 0.00312558817677
    },
    "barkbands": {
        "dmean": [9.46565633058e-05, 0.00199944525957, 0.00085229909746, 0.000423007149948, 0.000856416998431, 0.00077629025327, 0.00101289444137, 0.00104724813718, 0.00137400487438, 0.000846939743496, 0.000516649684869, 0.000611011288129, 0.000427453545853, 0.000392890302464, 0.000255837716395, 0.000262943503913, 0.000285200425424, 0.00021648927941, 0.000233950078837, 0.000114951093565, 0.000124764002976, 0.000172567553818, 0.000134478046675, 0.000106589097413, 4.85355049022e-05, 2.4089582439e-05, 6.93535321261e-06],
        "dmean2": [0.000161976320669, 0.00332129909657, 0.0014673685655, 0.000740372284781, 0.00143207469955, 0.00126015278511, 0.00160879082978, 0.00163298693951, 0.00219853757881, 0.00137046165764, 0.000829058815725, 0.00101282668766, 0.000703161640558, 0.000655806681607, 0.000423612771556, 0.000429448846262, 0.000467080972157, 0.000348164670868, 0.000372838432668, 0.000185429991689, 0.000197431974811, 0.000264262140263, 0.000206885611988, 0.000161334479344, 7.26447906345e-05, 3.61781312677e-05, 1.06336947283e-05],
        "dvar": [7.12912466838e-08, 2.5437984732e-05, 3.38983591064e-06, 1.10938731268e-06, 4.31707530879e-06, 5.10223435413e-06, 1.01951991383e-05, 1.12068546514e-05, 1.38519453685e-05, 3.22158962263e-06, 1.04224113784e-06, 1.9403260012e-06, 6.46137323201e-07, 6.2817144908e-07, 4.29333198326e-07, 2.69371184913e-07, 4.01333409172e-07, 1.69439800857e-07, 2.40857247036e-07, 5.48807044254e-08, 9.78150040964e-08, 1.83179494684e-07, 4.45051313136e-07, 5.36574816579e-07, 5.18413934003e-08, 5.75359937471e-09, 8.75531425137e-10],
        "dvar2": [1.85897448546e-07, 6.76295821904e-05, 1.01142331914e-05, 3.05598496197e-06, 1.06121879071e-05, 1.22529027067e-05, 2.41055822698e-05, 2.39892870013e-05, 3.08406852128e-05, 7.5900752563e-06, 2.39760629483e-06, 5.17048920301e-06, 1.62205208198e-06, 1.59745775363e-06, 1.14289275643e-06, 6.37392702174e-07, 9.72361021923e-07, 4.07248933243e-07, 5.57468638362e-07, 1.27098502389e-07, 2.27032330713e-07, 3.64216731441e-07, 9.09699281237e-07, 1.01499881566e-06, 1.03029059062e-07, 1.21133547637e-08, 1.98828709053e-09],
        "max": [0.00402258802205, 0.103183552623, 0.0258225444704, 0.0250485632569, 0.0524746403098, 0.08083550632, 0.0858538299799, 0.0879838615656, 0.095988497138, 0.0578387863934, 0.0238589663059, 0.0559718832374, 0.0191349759698, 0.018250124529, 0.0209376756102, 0.0140209421515, 0.0173900462687, 0.00935173593462, 0.0132069773972, 0.00784360617399, 0.012976391241, 0.0163578484207, 0.0234458595514, 0.0394984036684, 0.0137777514756, 0.00207495572977, 0.000958509801421],
        "mean": [0.000105456943857, 0.0047895363532, 0.00178338342812, 0.000521955022123, 0.00144272285979, 0.00145714380778, 0.00223081954755, 0.00191720260773, 0.00250590452924, 0.00156842754222, 0.000983784440905, 0.00106665166095, 0.000825394527055, 0.000724592013285, 0.000471849634778, 0.000604461529292, 0.000601382111199, 0.000488031597342, 0.000633980263956, 0.00025793001987, 0.000304980290821, 0.000449492741609, 0.000286289840005, 0.000213341365452, 0.000101650846773, 5.38483291166e-05, 1.16424325824e-05],
        "median": [2.68187286565e-05, 0.00277359131724, 0.00109776481986, 0.000240873923758, 0.000722254335415, 0.000609926297329, 0.000823933223728, 0.00048342574155, 0.000952476751991, 0.000676135707181, 0.000354453222826, 0.000586173031479, 0.000459825561848, 0.000398241216317, 0.000233453320106, 0.000246028910624, 0.000230856792768, 0.000254255108302, 0.000185770273674, 0.000132540240884, 0.000157662812853, 0.000220172223635, 0.000140226387884, 9.54306015046e-05, 3.97403127863e-05, 1.68558162841e-05, 7.75825810706e-07],
        "min": [2.2307268162e-25, 9.13206683128e-25, 1.15781548933e-24, 4.36652309714e-25, 5.06352302349e-24, 5.19890457103e-24, 7.15285110768e-24, 5.45877941347e-24, 1.59959992102e-23, 8.53589151305e-24, 1.78526669698e-23, 2.97362885271e-23, 3.01698875014e-23, 3.70172317132e-23, 5.89723004009e-23, 5.34549188773e-23, 6.51930492402e-23, 1.12792682758e-22, 1.56431773838e-22, 1.47180934531e-22, 1.76674007774e-22, 3.42744159883e-22, 3.96627651113e-22, 4.78553569801e-22, 9.66536816832e-22, 1.35591502555e-21, 2.10114679827e-21],
        "var": [6.51733174095e-08, 4.17758019466e-05, 5.06809874423e-06, 1.02610977137e-06, 6.7610176302e-06, 9.52354912442e-06, 1.8767444999e-05, 2.55395407294e-05, 2.57406900346e-05, 8.21513094706e-06, 4.04504908147e-06, 2.99814473692e-06, 1.49364700519e-06, 1.09471181986e-06, 7.18176238479e-07, 1.36929804739e-06, 1.00858233054e-06, 5.25212101365e-07, 1.04689547697e-06, 1.40761187595e-07, 2.254965068e-07, 5.01405395426e-07, 7.49628156882e-07, 1.12299039756e-06, 1.03107772986e-07, 1.46189460537e-08, 1.86285076254e-09]
    },
    "erbbands": {
        "dmean": [0.054494202137, 0.475152015686, 1.06933987141, 1.0991410017, 1.98044085503, 3.0622959137, 4.90671157837, 7.33428668976, 13.8052558899, 16.0277271271, 24.9052867889, 30.096912384, 28.1441574097, 21.8449859619, 19.4441127777, 18.4740943909, 17.1001167297, 17.5976428986, 14.9884319305, 10.8658723831, 15.6345243454, 16.8588905334, 11.2540693283, 10.4049263, 10.6926221848, 4.51628351212, 3.82887196541, 6.10014724731, 6.15837478638, 4.95619916916, 3.5905482769, 2.93213915825, 1.29706466198, 0.658338427544, 0.304186016321, 0.135917037725, 0.0372047796845, 0.00966873392463, 0.00128559023142, 3.59339574061e-05],
        "dmean2": [0.091167062521, 0.791636109352, 1.81453716755, 1.93952918053, 3.44252729416, 5.09400606155, 7.80575895309, 11.9902410507, 21.9847011566, 25.426738739, 38.3939476013, 47.7900238037, 45.2887191772, 34.4323654175, 31.5292701721, 30.1767616272, 28.1481170654, 29.2188930511, 24.7633533478, 17.8770370483, 25.3775463104, 27.4324741364, 18.254524231, 16.5856971741, 16.7808551788, 7.16970872879, 6.16446304321, 9.56134414673, 9.51803874969, 7.64411449432, 5.49321842194, 4.51329565048, 1.97710883617, 0.994509756565, 0.459249138832, 0.20738068223, 0.0563500225544, 0.0146720726043, 0.00197981856763, 5.50508921151e-05],
        "dvar": [0.0291640702635, 1.28554987907, 4.93654584885, 7.03878927231, 24.252790451, 70.6898803711, 179.653182983, 541.153747559, 1170.58081055, 3208.73022461, 6450.73876953, 8437.73632812, 3807.1105957, 1960.5357666, 1504.98986816, 1466.73474121, 1013.14538574, 1468.42944336, 1170.42260742, 659.428344727, 1064.4050293, 1304.6348877, 493.552154541, 416.391082764, 582.754577637, 93.8477401733, 84.6623764038, 224.535491943, 199.750946045, 321.916992188, 364.228607178, 392.214050293, 87.199760437, 12.1626815796, 1.46896672249, 0.208481520414, 0.0150729715824, 0.00145143340342, 3.12640659104e-05, 2.11136512718e-08],
        "dvar2": [0.0747678056359, 3.55599308014, 14.6559095383, 20.0510005951, 67.3381729126, 166.614929199, 413.037536621, 1287.43139648, 2766.10522461, 7674.93896484, 14406.6972656, 19142.3730469, 9020.0546875, 4436.04150391, 3638.09472656, 3777.25366211, 2512.16796875, 3692.92602539, 2979.23144531, 1717.44543457, 2494.109375, 3152.29907227, 1195.70446777, 1006.94091797, 1355.81518555, 213.641357422, 193.254837036, 495.820007324, 393.84185791, 679.946105957, 727.315795898, 772.867980957, 178.51550293, 22.8268661499, 3.16454982758, 0.451702594757, 0.0332304388285, 0.00314556993544, 7.07435974618e-05, 4.97310637115e-08],
        "max": [2.76682281494, 23.257648468, 32.1346549988, 42.0232162476, 101.061988831, 254.266830444, 450.952819824, 855.73034668, 882.902587891, 1505.17553711, 2232.5456543, 2533.9375, 1911.82141113, 1276.33752441, 1316.1060791, 1378.11254883, 821.770751953, 1031.82275391, 792.322814941, 808.189331055, 933.722351074, 1040.22302246, 487.502075195, 457.575012207, 564.148986816, 387.820251465, 311.420593262, 615.932373047, 482.970458984, 675.092285156, 709.203430176, 1163.43188477, 426.04309082, 219.963119507, 54.6863021851, 17.2437038422, 3.07294654846, 1.10303628445, 0.165652811527, 0.00441081169993],
        "mean": [0.0935029610991, 1.19971930981, 2.58160018921, 1.66339302063, 2.66147422791, 4.96220397949, 8.8445930481, 14.8323402405, 32.6687507629, 28.9363918304, 46.9797325134, 53.8171310425, 53.9467582703, 46.5915794373, 38.8798904419, 35.1992645264, 36.0066223145, 36.8385391235, 29.6687507629, 24.2030181885, 38.4995079041, 37.2730026245, 27.1429786682, 29.6379528046, 29.6639537811, 11.3152599335, 9.49580001831, 15.6632051468, 16.3392124176, 11.4907684326, 7.57626628876, 5.83386659622, 2.57469415665, 1.29746496677, 0.647761702538, 0.30066844821, 0.0804775953293, 0.0191356427968, 0.00213862280361, 8.57410705066e-05],
        "median": [0.0337248146534, 0.69747197628, 1.71427321434, 0.957394719124, 1.39270687103, 2.09372854233, 3.95904111862, 7.05136394501, 14.2097320557, 8.70147705078, 15.6329612732, 20.9091072083, 26.3973770142, 21.9503803253, 21.9918708801, 21.4199962616, 21.6197395325, 21.8556137085, 16.773683548, 13.4061336517, 14.5391807556, 15.7695465088, 16.1899452209, 11.7995815277, 9.31387710571, 6.53769016266, 5.0934472084, 7.54347610474, 8.07760429382, 5.36396121979, 3.77708005905, 2.58398938179, 1.03299021721, 0.468774557114, 0.268628895283, 0.114381581545, 0.020090829581, 0.00288842571899, 0.000152183580212, 4.37798153143e-05],
        "min": [7.40801479391e-23, 1.33130993643e-22, 1.93104203284e-21, 4.53715593789e-21, 6.64523542251e-21, 1.7767094772e-20, 5.42449729946e-20, 4.24650841977e-20, 6.78968070606e-20, 1.32921332842e-19, 2.82117651031e-19, 3.8091967061e-19, 3.88857295768e-19, 5.37541149718e-19, 7.22307707663e-19, 1.62359393203e-18, 1.66455260724e-18, 2.29334749496e-18, 1.7050398929e-18, 2.48228113033e-18, 3.6726835741e-18, 4.07258445483e-18, 6.24105538784e-18, 6.11691832536e-18, 7.10830380208e-18, 7.21572726669e-18, 8.97640684311e-18, 8.55724051232e-18, 1.19765421212e-17, 1.23191810104e-17, 1.00776795419e-17, 1.05609002578e-17, 8.95659007717e-18, 9.49726510404e-18, 6.1444361428e-18, 4.42252983041e-18, 2.19220150401e-18, 9.24031364767e-19, 2.53497331083e-19, 2.55214267229e-20],
        "var": [0.0320572815835, 2.37104487419, 8.81653690338, 6.71129608154, 21.6895847321, 112.032783508, 400.248626709, 1033.93054199, 2436.11279297, 5253.87255859, 11411.6494141, 14388.5830078, 7836.94970703, 6738.03369141, 3211.34350586, 2548.99072266, 2437.32397461, 2563.02294922, 2071.72192383, 1324.34985352, 5648.50195312, 3614.38134766, 1307.15466309, 1920.453125, 2523.48144531, 245.282424927, 219.140716553, 596.684082031, 600.727050781, 592.4609375, 629.079956055, 782.857116699, 164.750610352, 24.6952114105, 2.79974722862, 0.44631716609, 0.0368236675858, 0.00328955170698, 6.69130458846e-05, 4.38898659638e-08]
    },
    "gfcc": {
        "mean": [12.0761642456, 78.0327758789, -127.055900574, 19.5490112305, -63.6916351318, 17.2683753967, -32.2711372375, 11.9608516693, -18.6705513, 3.75885081291, -15.6171722412, 4.96955776215, -14.8330507278],
        "cov": [[17108.6484375, -810.76763916, -1165.58642578, 1130.12609863, -480.40020752, 684.471862793, -8.25527381897, 553.453369141, 15.5041637421, 290.253295898, -182.91998291, 293.188323975, -275.464782715], [-810.76763916, 1421.78149414, -115.467758179, -333.486846924, 69.0075073242, -202.898773193, -75.3261108398, -153.881362915, -82.1927108765, -99.6775894165, 60.3819313049, -92.477355957, 27.892742157], [-1165.58642578, -115.467758179, 695.370788574, 80.0773086548, 205.061279297, 19.2248439789, 10.6376285553, -15.0635986328, 2.8834733963, 50.8997459412, 17.8963108063, 39.1078987122, 2.77273726463], [1130.12609863, -333.486846924, 80.0773086548, 459.406799316, 123.453269958, 204.108840942, 104.20324707, 142.172775269, 62.1657676697, 75.3706665039, 12.0515546799, 64.0231781006, -10.1003017426], [-480.40020752, 69.0075073242, 205.061279297, 123.453269958, 501.079650879, 96.0451965332, 132.831802368, 124.866836548, 51.715133667, 64.7691497803, 29.8385925293, 24.2240924835, 22.0797233582], [684.471862793, -202.898773193, 19.2248439789, 204.108840942, 96.0451965332, 302.99395752, 174.469985962, 115.408561707, 49.293838501, 57.4787330627, 9.8233537674, 37.5989151001, -11.9100551605], [-8.25527381897, -75.3261108398, 10.6376285553, 104.20324707, 132.831802368, 174.469985962, 271.755737305, 106.448295593, 58.8061408997, 43.1089515686, 33.4813270569, 29.521112442, -10.1058807373], [553.453369141, -153.881362915, -15.0635986328, 142.172775269, 124.866836548, 115.408561707, 106.448295593, 188.291625977, 68.593460083, 54.5713043213, 19.9471492767, 27.7268619537, 0.0790301114321], [15.5041637421, -82.1927108765, 2.8834733963, 62.1657676697, 51.715133667, 49.293838501, 58.8061408997, 68.593460083, 113.982124329, 44.3866081238, 15.455072403, 13.39012146, 5.11352777481], [290.253295898, -99.6775894165, 50.8997459412, 75.3706665039, 64.7691497803, 57.4787330627, 43.1089515686, 54.5713043213, 44.3866081238, 96.4358901978, 23.7715415955, 33.0519943237, -2.62200760841], [-182.91998291, 60.3819313049, 17.8963108063, 12.0515546799, 29.8385925293, 9.8233537674, 33.4813270569, 19.9471492767, 15.455072403, 23.7715415955, 87.8282089233, 25.2987365723, 7.87748575211], [293.188323975, -92.477355957, 39.1078987122, 64.0231781006, 24.2240924835, 37.5989151001, 29.521112442, 27.7268619537, 13.39012146, 33.0519943237, 25.2987365723, 77.7444839478, 11.8348741531], [-275.464782715, 27.892742157, 2.77273726463, -10.1003017426, 22.0797233582, -11.9100551605, -10.1058807373, 0.0790301114321, 5.11352777481, -2.62200760841, 7.87748575211, 11.8348741531, 60.7114067078]],
        "icov": [[0.000147576240124, -0.00011307287059, 0.000247945834417, -0.000268823292572, 0.000178391783265, -0.000197270157514, 0.000306043308228, -0.000414150446886, 0.000266837450908, -0.000387978943763, 0.000502596783917, -0.000664841441903, 0.000638559809886], [-0.00011307287059, 0.0012090416858, 8.71638621902e-05, 0.000639754231088, -0.00075989268953, 0.000329815404257, -0.00026818815968, 0.0010211172048, 4.66688761662e-05, 0.000780909031164, -0.00164350797422, 0.00141060224269, -0.000702905352227], [0.000247945834417, 8.71638621902e-05, 0.0023334431462, -0.000617666344624, -0.000783498748206, -0.000256506027654, 0.000723536359146, 0.0005773906596, 0.00056919711642, -0.0011849560542, 0.000505259784404, -0.00157662166748, 0.00137260218617], [-0.000268823292572, 0.000639754231088, -0.000617666344624, 0.00448847468942, -0.000731428503059, -0.00160777347628, 0.000282951572444, -0.000572207034566, -0.000759536866099, 0.000590807001572, -0.000951608642936, -0.000246468989644, -0.000479255570099], [0.000178391783265, -0.00075989268953, -0.000783498748206, -0.000731428503059, 0.00371067039669, 3.16159166687e-05, -0.00074329628842, -0.00256117247045, 0.000572732882574, -0.0015421975404, 0.0012125254143, -0.000301551423036, -0.000604458386078], [-0.000197270157514, 0.000329815404257, -0.000256506027654, -0.00160777347628, 3.16159166687e-05, 0.00746969552711, -0.00411069346592, -0.000336035969667, 0.000386607891414, -0.000716148701031, 0.000375870935386, 0.000887727714144, -0.000817624852061], [0.000306043308228, -0.00026818815968, 0.000723536359146, 0.000282951572444, -0.00074329628842, -0.00411069346592, 0.0078945774585, -0.00202108640224, -0.00102266215254, 0.000269337382633, -0.000701107026543, -0.00228531658649, 0.00294073182158], [-0.000414150446886, 0.0010211172048, 0.0005773906596, -0.000572207034566, -0.00256117247045, -0.000336035969667, -0.00202108640224, 0.0122232520953, -0.00371233792976, -8.82827225723e-05, -0.00246501946822, 0.00206848722883, -0.00173113425262], [0.000266837450908, 4.66688761662e-05, 0.00056919711642, -0.000759536866099, 0.000572732882574, 0.000386607891414, -0.00102266215254, -0.00371233792976, 0.0133561687544, -0.00497078709304, 0.000418214069214, 0.000527388241608, -0.000757626898121], [-0.000387978943763, 0.000780909031164, -0.0011849560542, 0.000590807001572, -0.0015421975404, -0.000716148701031, 0.000269337382633, -8.82827225723e-05, -0.00497078709304, 0.018001658842, -0.00405189022422, -0.00232335971668, 0.000673375732731], [0.000502596783917, -0.00164350797422, 0.000505259784404, -0.000951608642936, 0.0012125254143, 0.000375870935386, -0.000701107026543, -0.00246501946822, 0.000418214069214, -0.00405189022422, 0.0168154388666, -0.00675397273153, 0.00129790243227], [-0.000664841441903, 0.00141060224269, -0.00157662166748, -0.000246468989644, -0.000301551423036, 0.000887727714144, -0.00228531658649, 0.00206848722883, 0.000527388241608, -0.00232335971668, -0.00675397273153, 0.0220443289727, -0.00729858875275], [0.000638559809886, -0.000702905352227, 0.00137260218617, -0.000479255570099, -0.000604458386078, -0.000817624852061, 0.00294073182158, -0.00173113425262, -0.000757626898121, 0.000673375732731, 0.00129790243227, -0.00729858875275, 0.0214476566762]]
    },
    "melbands": {
        "dmean": [0.000516131462064, 0.000570352131035, 0.000205343661946, 0.000178332426003, 0.000163072574651, 0.000165309626027, 0.000206274489756, 0.000193102721823, 0.000212685379665, 0.000194085863768, 0.0001464124216, 9.68435051618e-05, 6.1574690335e-05, 7.70710976212e-05, 4.33847453678e-05, 4.40775474999e-05, 3.41423910868e-05, 2.88926803478e-05, 2.23826591537e-05, 1.48268427438e-05, 1.96640903596e-05, 1.95699158212e-05, 1.23345917018e-05, 1.03405664049e-05, 9.26072152652e-06, 1.03454885902e-05, 5.92139622313e-06, 2.86930344373e-06, 2.55554596151e-06, 2.81925122181e-06, 4.26213955507e-06, 3.96817540604e-06, 3.36198877449e-06, 2.881016826e-06, 2.27074997383e-06, 2.06003642234e-06, 1.84344332865e-06, 9.94772335616e-07, 7.52707592255e-07, 5.42799398318e-07],
        "dmean2": [0.000853693287354, 0.000959999102633, 0.000360160251148, 0.000304422108456, 0.000260111322859, 0.000269762414973, 0.000328799884301, 0.00030454507214, 0.000328863534378, 0.000309285504045, 0.000236167004914, 0.000153108863742, 9.89546679193e-05, 0.000127285456983, 7.24594428902e-05, 7.23058765288e-05, 5.66677008464e-05, 4.79054288007e-05, 3.72932918253e-05, 2.43261474679e-05, 3.18746751873e-05, 3.19809405482e-05, 2.02252613235e-05, 1.6917279936e-05, 1.47569007822e-05, 1.64658067661e-05, 9.51992205955e-06, 4.63903597847e-06, 4.19256684836e-06, 4.47970887762e-06, 6.73830436426e-06, 6.19110733169e-06, 5.22401069247e-06, 4.50428296972e-06, 3.51026528733e-06, 3.1804304399e-06, 2.91649280371e-06, 1.54612735059e-06, 1.18779996683e-06, 8.36561071083e-07],
        "dvar": [2.05916398954e-06, 1.45332080592e-06, 2.30688087299e-07, 2.09053268918e-07, 1.78723681188e-07, 2.38712885903e-07, 3.18383115427e-07, 3.87454150541e-07, 4.57763292161e-07, 3.07295920265e-07, 1.02562395909e-07, 3.83145284388e-08, 1.27392967286e-08, 3.5249517083e-08, 7.94936827475e-09, 8.07707856154e-09, 5.79599701567e-09, 4.02200894811e-09, 2.72744582475e-09, 9.93401916283e-10, 1.73045033858e-09, 1.79413361945e-09, 8.39168012856e-10, 4.22953505552e-10, 3.47241319032e-10, 5.8115107171e-10, 1.5606324566e-10, 3.99562466447e-11, 3.43169277717e-11, 4.95060589745e-11, 9.87870757418e-11, 7.3894945718e-11, 8.8647991725e-11, 1.2668152638e-10, 1.58291935115e-10, 1.32304389666e-10, 1.80554377005e-10, 4.76170491925e-11, 3.08115442882e-11, 6.63069295651e-12],
        "dvar2": [5.353223969e-06, 4.19165826315e-06, 6.4871488803e-07, 5.43623798421e-07, 4.04292734402e-07, 5.75454464524e-07, 7.52496532641e-07, 9.08909271402e-07, 1.07830828711e-06, 6.86882401624e-07, 2.44914986069e-07, 8.83178969957e-08, 2.89930977004e-08, 9.45620115544e-08, 2.07372092831e-08, 2.01072527517e-08, 1.46546321744e-08, 1.02280930392e-08, 7.24466842073e-09, 2.49362397398e-09, 4.03738820154e-09, 4.35506963825e-09, 2.15091455757e-09, 9.90357906794e-10, 8.4863260863e-10, 1.35928057698e-09, 3.63545665794e-10, 9.37523877975e-11, 8.17276524234e-11, 1.13591434869e-10, 2.18504533911e-10, 1.57294940961e-10, 1.88751583807e-10, 2.7742116937e-10, 3.20404897058e-10, 2.60030164068e-10, 3.84914156104e-10, 1.03150897546e-10, 6.7576264029e-11, 1.29853393663e-11],
        "max": [0.0273228120059, 0.0215386282653, 0.00943980831653, 0.0108934501186, 0.0142227644101, 0.0187361892313, 0.0143023785204, 0.013225899078, 0.0221291389316, 0.0142883462831, 0.00931398011744, 0.00552943907678, 0.00316853984259, 0.00785448309034, 0.00202667666599, 0.00244604167528, 0.00195584865287, 0.00148955220357, 0.00139478524216, 0.000684847764205, 0.00107080291491, 0.00112914305646, 0.000812299142126, 0.000685520877596, 0.000414955546148, 0.000617271580268, 0.000300161686027, 0.000231398647884, 0.00016340331058, 0.000267434486886, 0.000360866892152, 0.000287775445031, 0.000413576199207, 0.000379143079044, 0.000568178365938, 0.000609802431427, 0.000718138471711, 0.000277797953459, 0.000260005064774, 0.000155588641064],
        "mean": [0.00110086414497, 0.00150810170453, 0.000321538187563, 0.000268375937594, 0.00030027597677, 0.000345384760294, 0.000468839803943, 0.000348386180121, 0.000390229863115, 0.000343652791344, 0.00027344468981, 0.000197242043214, 0.000123566016555, 0.000131015432999, 7.42738848203e-05, 8.5491068603e-05, 6.6034066549e-05, 4.98990630149e-05, 3.94993803638e-05, 3.2411677239e-05, 4.39502291556e-05, 3.99269702029e-05, 2.51540695899e-05, 2.3820590286e-05, 2.31388821703e-05, 2.68221720034e-05, 1.3553944882e-05, 5.9682220126e-06, 5.49428887098e-06, 6.53366714687e-06, 1.02089552456e-05, 9.8599894045e-06, 7.52479081711e-06, 5.99222039455e-06, 4.40602207163e-06, 3.95137112719e-06, 3.40426254297e-06, 1.86479121567e-06, 1.32423554078e-06, 1.01678085684e-06],
        "median": [0.000558791100048, 0.00109947053716, 0.000200151349418, 0.000123447913211, 0.000139897339977, 0.000177941823495, 0.000196121924091, 7.91481070337e-05, 0.000120113531011, 0.000128250554553, 0.000127015606267, 8.94179393072e-05, 6.0668142396e-05, 6.74546172377e-05, 3.82407160942e-05, 4.39859722974e-05, 3.64145125786e-05, 2.58657710219e-05, 1.84179680218e-05, 1.54164208652e-05, 1.530676127e-05, 1.47869541252e-05, 1.4315772205e-05, 1.18686484711e-05, 8.06073785498e-06, 6.63562968839e-06, 5.37051619176e-06, 2.98311488223e-06, 2.62042385657e-06, 3.23190261042e-06, 4.39535506302e-06, 4.61537183583e-06, 3.26082931679e-06, 2.5563813324e-06, 2.02608634936e-06, 1.72405998455e-06, 1.37639608511e-06, 6.843833944e-07, 4.06731658131e-07, 3.58023555691e-07],
        "min": [6.86383386986e-25, 9.02741161322e-25, 1.94917668919e-24, 1.44412594817e-24, 1.70124875073e-24, 8.30595985842e-25, 1.04905533493e-24, 1.2247421527e-24, 1.91586309316e-24, 2.18442901341e-24, 1.75532694072e-24, 1.99117899644e-24, 2.29337622644e-24, 2.96946887362e-24, 3.31005838616e-24, 3.36040901115e-24, 4.17372697102e-24, 1.45036278109e-24, 3.52458398173e-24, 4.23530348113e-24, 3.44069177991e-24, 2.88378457703e-24, 3.74528675263e-24, 5.6837724044e-24, 3.95767571845e-24, 5.16562884033e-24, 3.66463479697e-24, 4.37144430729e-24, 5.10674116262e-24, 3.13787588574e-24, 5.15734580082e-24, 5.39794956021e-24, 6.53136952604e-24, 5.84469371818e-24, 4.89248930177e-24, 6.01363814179e-24, 5.71978627131e-24, 5.89077502796e-24, 6.55100348511e-24, 7.27410060654e-24],
        "var": [2.88434625872e-06, 2.72795955425e-06, 2.20539106977e-07, 2.39520630885e-07, 4.14941297322e-07, 4.41406513119e-07, 6.08062691754e-07, 7.4656719562e-07, 7.35518540296e-07, 5.70590657389e-07, 2.13471537336e-07, 1.20213542232e-07, 3.83813478777e-08, 5.15825533398e-08, 1.58878279422e-08, 1.96401916952e-08, 9.9120693875e-09, 6.73217659397e-09, 5.1457247352e-09, 3.19339599208e-09, 7.54645945733e-09, 4.75415529166e-09, 1.46430945147e-09, 1.62170632478e-09, 1.42255263125e-09, 2.44023445894e-09, 5.10446906965e-10, 9.17314280091e-11, 7.95238042084e-11, 1.15886661378e-10, 2.75587386245e-10, 2.24326709986e-10, 1.7979659428e-10, 2.11038173048e-10, 2.44114506387e-10, 2.58400634223e-10, 3.21557502847e-10, 8.53642434517e-11, 4.86743145789e-11, 1.30408236293e-11]
    },
    "mfcc": {
        "mean": [-622.375183105, 112.514022827, -9.13164424896, 7.8478064537, -6.92194223404, 5.36769104004, -4.27206087112, 9.85505008698, -1.27637863159, 2.04559135437, 3.25947356224, 1.17861664295, -1.28707361221],
        "cov": [[7253.99365234, -1403.66809082, 82.0714035034, 446.982452393, 109.690376282, 375.865264893, 181.975631714, 460.179718018, 297.026153564, 188.706451416, 404.120269775, 121.463043213, 106.199539185], [-1403.66809082, 1645.42297363, -151.099685669, -88.0475616455, 23.8633041382, -132.49382019, -17.2354564667, -139.23336792, -135.233230591, -65.8932800293, -141.966766357, -18.9434680939, -18.1676139832], [82.0714035034, -151.099685669, 418.838989258, 51.0620269775, 16.3337554932, 61.1502685547, -15.6249265671, -14.9953489304, -30.2604980469, -34.369644165, -4.17370223999, 19.0739955902, 29.8243560791], [446.982452393, -88.0475616455, 51.0620269775, 243.725326538, 140.864151001, 56.4334144592, 64.4700012207, 47.912940979, 56.1304244995, 18.7303848267, 50.0210037231, 24.1707248688, 48.1717796326], [109.690376282, 23.8633041382, 16.3337554932, 140.864151001, 311.089019775, 39.8372039795, 80.9625854492, 24.7193107605, 78.7897567749, 37.1709899902, 14.0781593323, 27.8866195679, 56.1143341064], [375.865264893, -132.49382019, 61.1502685547, 56.4334144592, 39.8372039795, 207.341812134, 108.182022095, 88.6977462769, 67.6470947266, 36.6320800781, 74.4340820312, 20.5807056427, -0.370189040899], [181.975631714, -17.2354564667, -15.6249265671, 64.4700012207, 80.9625854492, 108.182022095, 220.506713867, 109.110023499, 74.0806884766, 57.4062042236, 69.5359344482, 29.4123191833, 18.2038421631], [460.179718018, -139.23336792, -14.9953489304, 47.912940979, 24.7193107605, 88.6977462769, 109.110023499, 170.095581055, 78.041633606, 59.6354942322, 78.5333251953, 22.9902954102, 13.4842500687], [297.026153564, -135.233230591, -30.2604980469, 56.1304244995, 78.7897567749, 67.6470947266, 74.0806884766, 78.041633606, 146.128433228, 64.4990692139, 57.8246879578, 25.4159622192, 11.5763216019], [188.706451416, -65.8932800293, -34.369644165, 18.7303848267, 37.1709899902, 36.6320800781, 57.4062042236, 59.6354942322, 64.4990692139, 105.341690063, 55.26304245, 20.4670028687, 7.13793039322], [404.120269775, -141.966766357, -4.17370223999, 50.0210037231, 14.0781593323, 74.4340820312, 69.5359344482, 78.5333251953, 57.8246879578, 55.26304245, 125.069122314, 36.1429443359, 14.4498739243], [121.463043213, -18.9434680939, 19.0739955902, 24.1707248688, 27.8866195679, 20.5807056427, 29.4123191833, 22.9902954102, 25.4159622192, 20.4670028687, 36.1429443359, 75.6428604126, 33.4433784485], [106.199539185, -18.1676139832, 29.8243560791, 48.1717796326, 56.1143341064, -0.370189040899, 18.2038421631, 13.4842500687, 11.5763216019, 7.13793039322, 14.4498739243, 33.4433784485, 97.7020263672]],
