{
"lowlevel": {
    "average_loudness": 0.956699073315,
    "barkbands_crest": {
        "dmean": 2.55594468117,
        "dmean2": 4.30766248703,
        "dvar": 7.81981658936,
        "dvar2": 21.2034645081,
        "max": 24.3337440491,
        "mean": 8.10744667053,
        "median": 7.19954204559,
        "min": 2.16385221481,
        "var": 13.2524290085
    },
    "barkbands_flatness_db": {
        "dmean": 0.0174024999142,
        "dmean2": 0.0281147398055,
        "dvar": 0.000313734810334,
        "dvar2": 0.000823878799565,
        "max": 0.3035569489,
        "mean": 0.102925017476,
        "median": 0.0920800492167,
        "min": 0.0262974090874,
        "var": 0.00187037955038
    },
    "barkbands_kurtosis": {
        "dmean": 1.20453071594,
        "dmean2": 1.99910795689,
        "dvar": 4.89315128326,
        "dvar2": 12.6304035187,
        "max": 48.2983016968,
        "mean": 0.329085111618,
        "median": -0.760162353516,
        "min": -1.90842223167,
        "var": 9.21959495544
    },
    "barkbands_skewness": {
        "dmean": 0.433191597462,
        "dmean2": 0.699505567551,
        "dvar": 0.227877706289,
        "dvar2": 0.577366411686,
        "max": 6.66678237915,
        "mean": 0.79822152853,
        "median": 0.657215356827,
        "min": -4.28157806396,
        "var": 0.755730390549
    },
    "barkbands_spread": {
        "dmean": 6.30994510651,
        "dmean2": 10.1204319,
        "dvar": 51.4820823669,
        "dvar2": 122.203399658,
        "max": 102.543823242,
        "mean": 37.2405700684,
        "median": 37.7419242859,
        "min": 2.48095703125,
        "var": 233.89289856
    },
    "dissonance": {
        "dmean": 0.0105054983869,
        "dmean2": 0.0178537722677,
        "dvar": 0.000120158263599,
        "dvar2": 0.000318955339026,
        "max": 0.500000178814,
        "mean": 0.482031673193,
        "median": 0.486086219549,
        "min": 0.294317603111,
        "var": 0.000229752651649
    },
    "dynamic_complexity": 2.3950715065,
    "erbbands_crest": {
        "dmean": 2.05997776985,
        "dmean2": 3.34394550323,
        "dvar": 3.90404391289,
        "dvar2": 9.80468940735,
        "max": 29.3162631989,
        "mean": 7.94502353668,
        "median": 7.18121480942,
        "min": 2.32585549355,
        "var": 12.5234012604
    },
    "erbbands_flatness_db": {
        "dmean": 0.0138068646193,
        "dmean2": 0.0203829985112,
        "dvar": 0.000182580042747,
        "dvar2": 0.000378368014935,
        "max": 0.383485943079,
        "mean": 0.153466835618,
        "median": 0.145326673985,
        "min": 0.0484968014061,
        "var": 0.00237230933271
    },
    "erbbands_kurtosis": {
        "dmean": 0.664934396744,
        "dmean2": 1.06330955029,
        "dvar": 0.788375973701,
        "dvar2": 1.77311623096,
        "max": 29.5990257263,
        "mean": 0.0592683888972,
        "median": -0.442464113235,
        "min": -1.7191003561,
        "var": 2.6654381752
    },
    "erbbands_skewness": {
        "dmean": 0.2937720716,
        "dmean2": 0.453833371401,
        "dvar": 0.0749176740646,
        "dvar2": 0.163497537374,
        "max": 3.62668037415,
        "mean": -0.353520125151,
        "median": -0.414588004351,
        "min": -3.96983027458,
        "var": 0.581513941288
    },
    "erbbands_spread": {
        "dmean": 6.48353385925,
        "dmean2": 10.307803154,
        "dvar": 46.4024658203,
        "dvar2": 114.288772583,
        "max": 133.411148071,
        "mean": 41.0919075012,
        "median": 40.4957275391,
        "min": 5.10455656052,
        "var": 235.11730957
    },
    "hfc": {
        "dmean": 5.87789678574,
        "dmean2": 8.951836586,
        "dvar": 51.2465744019,
        "dvar2": 115.460838318,
        "max": 107.226402283,
        "mean": 25.8276176453,
        "median": 23.0569114685,
        "min": 1.13705861658e-16,
        "var": 276.673126221
    },
    "melbands_crest": {
        "dmean": 3.01757049561,
        "dmean2": 4.98649787903,
        "dvar": 7.52205896378,
        "dvar2": 19.395647049,
        "max": 35.4267425537,
        "mean": 12.2858810425,
        "median": 11.5814313889,
        "min": 1.78209102154,
        "var": 20.5873031616
    },
    "melbands_flatness_db": {
        "dmean": 0.0232814289629,
        "dmean2": 0.0377865172923,
        "dvar": 0.000628174166195,
        "dvar2": 0.00164337060414,
        "max": 0.356599330902,
        "mean": 0.140292003751,
        "median": 0.128995850682,
        "min": 0.00382440164685,
        "var": 0.00246655242518
    },
    "melbands_kurtosis": {
        "dmean": 4.46118164062,
        "dmean2": 7.40405273438,
        "dvar": 71.9969482422,
        "dvar2": 190.907455444,
        "max": 164.314376831,
        "mean": 6.85034751892,
        "median": 3.55000829697,
        "min": -1.89126980305,
        "var": 112.258232117
    },
    "melbands_skewness": {
        "dmean": 0.621934354305,
        "dmean2": 1.01410257816,
        "dvar": 0.593884944916,
        "dvar2": 1.5195171833,
        "max": 11.2391767502,
        "mean": 2.17061781883,
        "median": 1.9001506567,
        "min": -1.37951910496,
        "var": 1.61002409458
    },
    "melbands_spread": {
        "dmean": 10.7419490814,
        "dmean2": 17.341255188,
        "dvar": 144.161911011,
        "dvar2": 342.58026123,
        "max": 235.339920044,
        "mean": 42.9110565186,
        "median": 41.6946525574,
        "min": 2.18387675285,
        "var": 526.714294434
    },
    "pitch_salience": {
        "dmean": 0.0706217139959,
        "dmean2": 0.117118477821,
        "dvar": 0.00488358736038,
        "dvar2": 0.0130903450772,
        "max": 0.979448616505,
        "mean": 0.579930841923,
        "median": 0.585054516792,
        "min": 0.116653315723,
        "var": 0.0125778103247
    },
    "silence_rate_20dB": {
        "dmean": 0,
        "dmean2": 0,
        "dvar": 0,
        "dvar2": 0,
        "max": 1,
        "mean": 1,
        "median": 1,
        "min": 1,
        "var": 0
    },
    "silence_rate_30dB": {
        "dmean": 0,
        "dmean2": 0,
        "dvar": 0,
        "dvar2": 0,
        "max": 1,
        "mean": 1,
        "median": 1,
        "min": 1,
        "var": 0
    },
    "silence_rate_60dB": {
        "dmean": 0.00955109857023,
        "dmean2": 0.0191044770181,
        "dvar": 0.00946018937975,
        "dvar2": 0.0211287494749,
        "max": 1,
        "mean": 0.0372448377311,
        "median": 0,
        "min": 0,
        "var": 0.0358585901558
    },
    "spectral_centroid": {
        "dmean": 255.690368652,
        "dmean2": 402.112762451,
        "dvar": 76071.421875,
        "dvar2": 167349.15625,
        "max": 11247.8144531,
        "mean": 2299.0246582,
        "median": 2372.52758789,
        "min": 402.414794922,
        "var": 384880.71875
    },
    "spectral_complexity": {
        "dmean": 4.4625120163,
        "dmean2": 7.18901491165,
        "dvar": 19.9738254547,
        "dvar2": 46.276309967,
        "max": 53,
        "mean": 25.4073066711,
        "median": 27,
        "min": 0,
        "var": 108.389022827
    },
    "spectral_decrease": {
        "dmean": 1.50359003026e-09,
        "dmean2": 2.47940246112e-09,
        "dvar": 3.89218091272e-18,
        "dvar2": 9.53048054154e-18,
        "max": 1.2103115531e-28,
        "mean": -4.54393322968e-09,
        "median": -4.13190859305e-09,
        "min": -1.97940295266e-08,
        "var": 7.11858317555e-18
    },
    "spectral_energy": {
        "dmean": 0.0060103200376,
        "dmean2": 0.00983130931854,
        "dvar": 5.95387318754e-05,
        "dvar2": 0.000144241275848,
        "max": 0.0797887668014,
        "mean": 0.0194924492389,
        "median": 0.0179539229721,
        "min": 1.04933038659e-20,
        "var": 0.000122526107589
    },
    "spectral_energyband_high": {
        "dmean": 0.000450843101135,
        "dmean2": 0.000700867560226,
        "dvar": 4.64633501451e-07,
        "dvar2": 1.0366314882e-06,
        "max": 0.0112419892102,
        "mean": 0.00136806548107,
        "median": 0.00109835818876,
        "min": 7.48716876897e-21,
        "var": 1.70866189819e-06
    },
    "spectral_energyband_low": {
        "dmean": 0.00370015460066,
        "dmean2": 0.00623456435278,
        "dvar": 4.45755322289e-05,
        "dvar2": 0.000114100585051,
        "max": 0.0633746385574,
        "mean": 0.00586366420612,
        "median": 0.00381816737354,
        "min": 5.68545117929e-23,
        "var": 4.91023165523e-05
    },
    "spectral_energyband_middle_high": {
        "dmean": 0.00149912224151,
        "dmean2": 0.00229914486408,
        "dvar": 3.89476645068e-06,
        "dvar2": 8.51383720146e-06,
        "max": 0.0455108061433,
        "mean": 0.00614538742229,
        "median": 0.00447455048561,
        "min": 1.42444045676e-21,
        "var": 2.40390691033e-05
    },
    "spectral_energyband_middle_low": {
        "dmean": 0.00263238488697,
        "dmean2": 0.00433618761599,
        "dvar": 1.37211582114e-05,
        "dvar2": 3.60662888852e-05,
        "max": 0.0402920432389,
        "mean": 0.00681936275214,
        "median": 0.00531061599031,
        "min": 2.37281736739e-22,
        "var": 2.72389424936e-05
    },
    "spectral_entropy": {
        "dmean": 0.105663307011,
        "dmean2": 0.158084958792,
        "dvar": 0.0128924008459,
        "dvar2": 0.0261044688523,
        "max": 9.81221580505,
        "mean": 7.85254096985,
        "median": 7.8784031868,
        "min": 6.48005485535,
        "var": 0.0822519138455
    },
    "spectral_flux": {
        "dmean": 0.0204050391912,
        "dmean2": 0.0317878015339,
        "dvar": 0.000476618792163,
        "dvar2": 0.00100518914405,
        "max": 0.207305476069,
        "mean": 0.0787622928619,
        "median": 0.073149561882,
        "min": 6.74561448366e-11,
        "var": 0.00117633200716
    },
    "spectral_kurtosis": {
        "dmean": 0.999772071838,
        "dmean2": 1.70816767216,
        "dvar": 1.22221159935,
        "dvar2": 3.65082263947,
        "max": 17.3917675018,
        "mean": 3.13210582733,
        "median": 2.72525596619,
        "min": -1.21777939796,
        "var": 3.71982169151
    },
    "spectral_rms": {
        "dmean": 0.000636261946056,
        "dmean2": 0.00102008576505,
        "dvar": 5.30728073045e-07,
        "dvar2": 1.23876554881e-06,
        "max": 0.00882285088301,
        "mean": 0.00415989244357,
        "median": 0.00418521463871,
        "min": 3.19958903122e-12,
        "var": 1.71242709257e-06
    },
    "spectral_rolloff": {
        "dmean": 660.755859375,
        "dmean2": 1107.63793945,
        "dvar": 874431.9375,
        "dvar2": 1985770.625,
        "max": 19466.015625,
        "mean": 2891.46435547,
        "median": 3165.38085938,
        "min": 64.599609375,
        "var": 2349248
    },
    "spectral_skewness": {
        "dmean": 0.153995797038,
        "dmean2": 0.251941174269,
        "dvar": 0.0212901942432,
        "dvar2": 0.0569415837526,
        "max": 2.86739826202,
        "mean": 1.09066271782,
        "median": 1.04877507687,
        "min": -0.0792879313231,
        "var": 0.123499616981
    },
    "spectral_spread": {
        "dmean": 390433,
        "dmean2": 581058.4375,
        "dvar": 303543353344,
        "dvar2": 519494533120,
        "max": 41663676,
        "mean": 4303887.5,
        "median": 4139713.75,
        "min": 1995086,
        "var": 2.23008784384e+12
    },
    "spectral_strongpeak": {
        "dmean": 0.614513933659,
        "dmean2": 1.06409406662,
        "dvar": 1.43139326572,
        "dvar2": 3.70496821404,
        "max": 11.9189491272,
        "mean": 0.997954666615,
        "median": 0.361037164927,
        "min": 7.6586720299e-10,
        "var": 2.09833192825
    },
    "zerocrossingrate": {
        "dmean": 0.0108200702816,
        "dmean2": 0.0131709417328,
        "dvar": 0.000166101002833,
        "dvar2": 0.000218674598727,
        "max": 0.51708984375,
        "mean": 0.0907763615251,
        "median": 0.0888671875,
        "min": 0.00732421875,
        "var": 0.00125379534438
    },
    "barkbands": {
        "dmean": [2.99919138342e-05, 0.00287195551209, 0.00107097032014, 0.000656170246657, 0.000982780009508, 0.00060469401069, 0.000472199928481, 0.000512062862981, 0.000724252138752, 0.000372368027456, 0.000253076985246, 0.000214280182263, 0.000192249804968, 0.000241001020186, 0.000250638229772, 0.000291381671559, 0.000315513985697, 0.000194671098143, 0.000511878053658, 0.000320330873365, 0.000149506493472, 0.000144630626892, 9.46352884057e-05, 5.2528877859e-05, 4.22076664108e-05, 1.61815823958e-05, 1.10588246116e-06],
        "dmean2": [5.25128707523e-05, 0.00494638551027, 0.00183450803161, 0.00113102549221, 0.00169999699574, 0.000999282114208, 0.000752446241677, 0.00081380456686, 0.00114732678048, 0.000601809704676, 0.000394753995351, 0.000344258151017, 0.000306020054268, 0.000382702244679, 0.00038862801739, 0.000462508440251, 0.000507713411935, 0.000321512168739, 0.000796093139797, 0.0005242798361, 0.000251800054684, 0.000234311097302, 0.000146294783917, 7.67408055253e-05, 6.14425225649e-05, 2.50537304964e-05, 1.74757110472e-06],
        "dvar": [1.41391405251e-08, 3.65620326193e-05, 3.27214729623e-06, 9.99880285235e-07, 4.0308568714e-06, 1.39003805089e-06, 1.13370538202e-06, 1.24254245293e-06, 2.04005141313e-06, 1.18959314932e-06, 5.48449236248e-07, 1.98984267286e-07, 2.55689656115e-07, 2.65178641712e-07, 3.32844592776e-07, 2.91256611717e-07, 2.4912762342e-07, 8.08690643339e-08, 5.59254090149e-07, 2.06133577763e-07, 4.63030929154e-08, 4.95155738633e-08, 3.02635854155e-08, 1.93831457551e-08, 1.45994958345e-08, 2.52947374157e-09, 7.70653766496e-12],
        "dvar2": [4.82910884614e-08, 9.63808197412e-05, 9.25231597648e-06, 2.69005113296e-06, 1.12340258056e-05, 3.49204128725e-06, 2.68714165941e-06, 2.76131027022e-06, 5.12020869792e-06, 3.11494522975e-06, 1.18591970022e-06, 4.64694920765e-07, 5.87787496897e-07, 5.93621734879e-07, 7.15846852017e-07, 6.5563580165e-07, 5.82788516112e-07, 2.03823844913e-07, 1.24447501548e-06, 5.15729652761e-07, 1.24632748566e-07, 1.18997434129e-07, 6.33580512499e-08, 3.75961874965e-08, 2.90943180659e-08, 6.47137188281e-09, 1.87237395727e-11],
        "max": [0.0073823351413, 0.0577960088849, 0.0272621382028, 0.0196406319737, 0.024992460385, 0.026244673878, 0.0210777185857, 0.0226552505046, 0.0249522496015, 0.0333275422454, 0.0256042033434, 0.0113535905257, 0.0132858874276, 0.00991224031895, 0.0145157184452, 0.0110226199031, 0.0112936971709, 0.00717929610983, 0.0125218909234, 0.00617301976308, 0.0033695299644, 0.00509051000699, 0.00477528525516, 0.00482486095279, 0.00393308978528, 0.00147044169717, 0.000101707722933],
        "mean": [2.92236909445e-05, 0.00345600745641, 0.00182307022624, 0.000996559043415, 0.00137340696529, 0.00099460768979, 0.000849437550642, 0.000762254407164, 0.00155611522496, 0.000637986231595, 0.000448730483185, 0.000391338195186, 0.000332630996127, 0.000454519962659, 0.000480528949993, 0.000605699897278, 0.000694286078215, 0.000397369614802, 0.00134346238337, 0.000708655104972, 0.000345780747011, 0.000342976592947, 0.00023271808459, 0.000124800586491, 8.44006062835e-05, 2.47303523793e-05, 1.17232912089e-06],
        "median": [1.00482229755e-05, 0.0014431043528, 0.00103825016413, 0.000641824910417, 0.000882266438566, 0.000510192185175, 0.000270711432677, 0.000229403842241, 0.000535362341907, 0.000234682360315, 0.000159594696015, 0.000172676795046, 0.000128039668198, 0.000170908737346, 0.000178773043444, 0.000332654715749, 0.000400246208301, 0.000275258469628, 0.000773832318373, 0.000481123744976, 0.000275556638371, 0.000241500631091, 0.000156228343258, 7.04017220414e-05, 4.3175463361e-05, 1.0404659406e-05, 1.86457356222e-07],
        "min": [1.02129269672e-23, 2.14317888503e-23, 3.99437116118e-24, 3.65922833876e-24, 1.07387027605e-23, 1.69814284757e-23, 1.18783961427e-23, 1.93671947109e-23, 3.25051619055e-23, 2.92062844394e-23, 3.91902248073e-23, 1.92067120038e-23, 6.29501157382e-23, 6.58866031263e-23, 5.87929828508e-23, 9.6304271838e-23, 1.13518207599e-22, 1.86532295222e-22, 1.74526021571e-22, 1.74150978164e-22, 2.41432609226e-22, 4.03519190468e-22, 4.55458953671e-22, 5.92816929101e-22, 1.12028275279e-21, 1.3826773274e-21, 1.87503649316e-21],
        "var": [1.73774648005e-08, 3.29694448737e-05, 5.06669402967e-06, 1.55461827944e-06, 3.51887752004e-06, 2.27370924222e-06, 3.3005962905e-06, 2.5958322567e-06, 7.23467792341e-06, 1.98711427402e-06, 1.27208636513e-06, 5.22154891769e-07, 5.34086325388e-07, 7.31869761239e-07, 1.08689880562e-06, 8.80795255398e-07, 7.61668786708e-07, 1.89004197182e-07, 2.32408774536e-06, 5.68361201658e-07, 1.01687554377e-07, 1.43675492836e-07, 1.10713038737e-07, 5.81400882993e-08, 3.28808908989e-08, 2.90809532011e-09, 8.57776003005e-12]
    },
    "erbbands": {
        "dmean": [0.0575457215309, 0.726202189922, 1.28308725357, 1.73841643333, 2.47308802605, 3.90969896317, 3.64002013206, 5.31777048111, 5.56473445892, 9.63265991211, 10.8159999847, 16.5893516541, 14.2516784668, 9.37409877777, 8.50939083099, 7.94785118103, 8.35414218903, 11.5746488571, 9.44152832031, 13.3373651505, 15.7698631287, 15.1376476288, 9.72770500183, 17.3144035339, 27.4616603851, 12.595870018, 6.348508358, 5.99752426147, 5.36139774323, 4.03948926926, 2.59166741371, 1.36278891563, 0.784508645535, 0.494081526995, 0.296637117863, 0.11689555645, 0.0185716804117, 0.00260705850087, 0.000181903189514, 1.03835927803e-05],
        "dmean2": [0.0987584218383, 1.2503247261, 2.17127633095, 2.97282505035, 4.23210382462, 6.84262943268, 6.21464109421, 8.67125320435, 8.85709953308, 15.0624408722, 17.4767723083, 26.2724628448, 22.6254081726, 14.8189868927, 13.4487314224, 12.6019277573, 13.131644249, 18.1350688934, 14.7429485321, 20.8395786285, 25.0216655731, 24.2617645264, 16.0450305939, 27.7939414978, 42.227848053, 20.491985321, 10.733048439, 10.1008462906, 8.78705120087, 6.41460418701, 4.03685808182, 2.02736520767, 1.15333819389, 0.724754452705, 0.435916483402, 0.179878428578, 0.0282889772207, 0.00399583904073, 0.000279610481812, 1.59549181262e-05],
        "dvar": [0.0163259729743, 2.24622440338, 4.70116186142, 7.6382393837, 14.6094064713, 79.7844238281, 50.5186500549, 139.766296387, 175.264144897, 472.335906982, 577.823669434, 1289.71203613, 1362.69384766, 1000.65643311, 383.290405273, 291.300201416, 493.8621521, 698.576599121, 374.957397461, 810.343383789, 787.597045898, 522.155029297, 188.212203979, 623.889709473, 1624.20996094, 289.751281738, 94.6393051147, 76.1318893433, 71.1122741699, 43.9075126648, 25.7618656158, 11.1340990067, 5.08011102676, 2.61553144455, 0.698147594929, 0.144484207034, 0.00217731343582, 3.84533050237e-05, 1.94299119016e-07, 2.09862682787e-10],
        "dvar2": [0.0428658500314, 5.93976640701, 13.0758085251, 20.4947395325, 40.4540252686, 225.063201904, 135.843154907, 344.237548828, 433.321716309, 1029.26379395, 1396.55310059, 3175.77294922, 3466.90112305, 2588.51147461, 847.449462891, 648.933288574, 1148.61132812, 1566.21337891, 833.635620117, 1753.27185059, 1799.24951172, 1257.41064453, 476.285003662, 1450.57128906, 3632.22485352, 721.550537109, 256.522125244, 204.240753174, 176.272491455, 97.1175842285, 55.0255241394, 23.2489414215, 9.12432670593, 5.29551935196, 1.41877961159, 0.362408787012, 0.00519984448329, 9.39816818573e-05, 4.24414054123e-07, 4.54463883193e-10],
        "max": [1.09884333611, 15.5237569809, 27.8816871643, 53.2716560364, 51.0844573975, 125.191223145, 138.420349121, 283.856445312, 337.826293945, 418.544616699, 472.897888184, 709.018676758, 1255.21374512, 1254.49523926, 673.494262695, 519.618286133, 620.588195801, 580.83026123, 376.77130127, 727.034484863, 662.40057373, 453.614959717, 344.322967529, 502.587310791, 675.024719238, 259.845336914, 157.530410767, 132.095092773, 222.769226074, 131.603515625, 164.151641846, 133.41847229, 71.8873825073, 45.6433792114, 28.1481781006, 11.5093994141, 1.21722245216, 0.218689650297, 0.0113908490166, 0.000348426838173],
        "mean": [0.0612793825567, 0.901004314423, 2.15596008301, 3.00520396233, 3.79910421371, 4.97644090652, 5.35137081146, 8.67476177216, 9.28535366058, 17.6434116364, 19.2500572205, 35.3864326477, 28.6604881287, 17.4508991241, 17.3953323364, 15.6298294067, 15.9691267014, 23.2579402924, 19.8502674103, 30.4970760345, 37.2117500305, 36.0991668701, 23.6074352264, 43.6760101318, 73.3728485107, 32.1027526855, 14.2722606659, 13.8895235062, 12.258808136, 9.74557685852, 6.24535608292, 3.27597403526, 1.80436396599, 1.00780367851, 0.552317559719, 0.188511401415, 0.0279941521585, 0.00357967242599, 0.000221984548261, 3.23224412568e-05],
        "median": [0.0227288380265, 0.406699210405, 1.30708503723, 2.12362790108, 2.67296242714, 2.82326078415, 3.00816106796, 4.04424285889, 3.73045325279, 5.09772396088, 7.67850923538, 11.7046308517, 10.7668924332, 7.12633705139, 7.08336591721, 7.68749189377, 7.03121566772, 8.67161750793, 9.10710048676, 12.8033447266, 21.2581520081, 22.8788814545, 16.3688678741, 31.7125091553, 39.7506866455, 23.8932857513, 11.6326065063, 10.9287834167, 8.72669219971, 6.48707056046, 4.11287403107, 1.90386080742, 0.999897658825, 0.51846665144, 0.270347803831, 0.0811844244599, 0.0115888258442, 0.00122865661979, 5.715700172e-05, 2.96609741781e-05],
        "min": [4.51616885518e-22, 1.90960117209e-21, 5.55732651153e-21, 1.11784986032e-20, 2.23202232121e-20, 4.80222354181e-20, 6.5998356469e-20, 1.64831233763e-19, 1.9877093251e-19, 6.27912802989e-19, 4.79108904453e-19, 9.51629625519e-19, 9.55408703545e-19, 1.97146422165e-18, 1.90734573006e-18, 1.71634021404e-18, 2.87471918757e-18, 2.89608216087e-18, 4.69844005963e-18, 5.95862532103e-18, 5.34579160702e-18, 7.40637419991e-18, 9.77329113855e-18, 1.06728599809e-17, 9.32515032526e-18, 7.85609244662e-18, 1.1551172763e-17, 1.19077479912e-17, 1.56389628654e-17, 1.25238726433e-17, 1.27846611837e-17, 1.02575086071e-17, 1.24997479207e-17, 1.12196602802e-17, 7.51753486653e-18, 4.60687861045e-18, 3.01368201497e-18, 9.05572105614e-19, 2.73438096562e-19, 2.80015823868e-20],
        "var": [0.0136336013675, 2.08437180519, 6.48111057281, 12.7852134705, 16.9501895905, 63.9626426697, 61.0546455383, 221.477035522, 319.295379639, 1572.3449707, 1183.04382324, 4388.78662109, 3516.51708984, 1762.79016113, 1154.46850586, 748.704772949, 980.488525391, 2037.58605957, 1119.42321777, 3538.63720703, 2699.66308594, 1708.37353516, 609.899353027, 1984.12878418, 7156.59179688, 904.257019043, 167.586395264, 170.785797119, 179.923309326, 151.001571655, 85.376411438, 31.4122676849, 15.421125412, 5.56984233856, 1.45726585388, 0.182779073715, 0.00284078437835, 4.64912845928e-05, 2.5867652198e-07, 4.42248071497e-10]
    },
    "gfcc": {
        "mean": [13.4657945633, 67.291809082, -136.617233276, 49.7636184692, -65.2654724121, 10.9674491882, -34.2238960266, 16.3580780029, -24.4645423889, 0.423426926136, -19.3389892578, -3.11169552803, -13.5649204254],
        "cov": [[5377.22558594, -1.6812376976, 1000.04412842, 1174.17407227, 268.563995361, 300.455474854, -120.400238037, 210.837692261, -66.7182388306, 172.597915649, -7.05808782578, 46.933631897, -90.5077362061], [-1.6812376976, 760.54699707, 44.2392578125, 268.751251221, 166.637039185, -86.6696166992, 118.22000885, -5.87995243073, 52.5353622437, -19.2108955383, 92.6321716309, -71.8972320557, 34.9304008484], [1000.04412842, 44.2392578125, 1122.66223145, 712.925964355, 229.128250122, 141.087295532, -36.3686676025, 71.0171813965, -50.1887626648, 114.092895508, -15.71463871, 61.4814186096, -41.1100120544], [1174.17407227, 268.751251221, 712.925964355, 917.903259277, 268.239318848, 119.416244507, -26.7527236938, 37.6802062988, 31.319688797, 74.1007766724, 25.8771972656, -11.6923236847, 36.56615448], [268.563995361, 166.637039185, 229.128250122, 268.239318848, 258.158721924, 51.7818946838, 26.8962478638, 46.8277206421, 28.8019390106, 43.3117370605, 15.2851648331, -4.44718837738, 20.7738761902], [300.455474854, -86.6696166992, 141.087295532, 119.416244507, 51.7818946838, 197.566238403, 68.7294235229, 29.0417804718, -19.2964248657, 11.6284971237, -18.2087154388, 18.7520751953, 0.733176350594], [-120.400238037, 118.22000885, -36.3686676025, -26.7527236938, 26.8962478638, 68.7294235229, 192.848052979, 35.8170661926, -4.60220146179, -15.4044771194, 14.8197278976, 0.18113835156, 0.171210765839], [210.837692261, -5.87995243073, 71.0171813965, 37.6802062988, 46.8277206421, 29.0417804718, 35.8170661926, 111.105964661, 22.4196777344, 12.2012138367, 12.4202156067, 0.360366642475, -12.4347496033], [-66.7182388306, 52.5353622437, -50.1887626648, 31.319688797, 28.8019390106, -19.2964248657, -4.60220146179, 22.4196777344, 102.436149597, 25.4188137054, 16.1946640015, -20.7809906006, 13.4893598557], [172.597915649, -19.2108955383, 114.092895508, 74.1007766724, 43.3117370605, 11.6284971237, -15.4044771194, 12.2012138367, 25.4188137054, 85.6342544556, 18.8861942291, 13.8741827011, -8.46603870392], [-7.05808782578, 92.6321716309, -15.71463871, 25.8771972656, 15.2851648331, -18.2087154388, 14.8197278976, 12.4202156067, 16.1946640015, 18.8861942291, 94.4637451172, 8.46384239197, -3.2638297081], [46.933631897, -71.8972320557, 61.4814186096, -11.6923236847, -4.44718837738, 18.7520751953, 0.18113835156, 0.360366642475, -20.7809906006, 13.8741827011, 8.46384239197, 71.3067016602, 11.2108020782], [-90.5077362061, 34.9304008484, -41.1100120544, 36.56615448, 20.7738761902, 0.733176350594, 0.171210765839, -12.4347496033, 13.4893598557, -8.46603870392, -3.2638297081, 11.2108020782, 76.5242156982]],
        "icov": [[0.000373317132471, -0.000159184201038, 0.000326925772242, -0.000677713484038, 0.000256192637607, -0.000380845798645, 0.000495777116157, -0.000893742195331, 0.000652833841741, -0.000632053182926, 0.000435482477769, -0.000530337449163, 0.000712690409273], [-0.000159184201038, 0.00359607720748, -0.000350555696059, -0.000595492834691, -0.00180037028622, 0.00301145203412, -0.00329843326472, 0.00207463442348, -0.00076094281394, 0.00199790066108, -0.00288817798719, 0.00293851504102, -0.00112764234655], [0.000326925772242, -0.000350555696059, 0.00336739397608, -0.00286678993143, -6.48209825158e-05, -0.000383303064154, 0.000864883593749, -0.00207365863025, 0.00252109696157, -0.00258895033039, 0.00228890846483, -0.00338449841365, 0.00327055901289], [-0.000677713484038, -0.000595492834691, -0.00286678993143, 0.00502213090658, -0.00133013084996, -0.00116543821059, 0.000521648034919, 0.00217328127474, -0.00230126944371, 0.00156522425823, -0.00203037704341, 0.00320315198041, -0.00372238713317], [0.000256192637607, -0.00180037028622, -6.48209825158e-05, -0.00133013084996, 0.00749804265797, -0.00174955523107, 0.000869279785547, -0.00307234469801, 0.000306953646941, -0.00306844711304, 0.0014266744256, -0.000522777962033, -0.00105046899989], [-0.000380845798645, 0.00301145203412, -0.000383303064154, -0.00116543821059, -0.00174955523107, 0.0101463552564, -0.00582679919899, 0.00122260244098, 0.000287297938485, 0.000970702094492, -7.28297309252e-05, 0.000708155275788, -0.000934743671678], [0.000495777116157, -0.00329843326472, 0.000864883593749, 0.000521648034919, 0.000869279785547, -0.00582679919899, 0.0103991497308, -0.00424432149157, 0.00164395268075, -0.000694268906955, 0.00106397410855, -0.00247155595571, 0.00145511317533], [-0.000893742195331, 0.00207463442348, -0.00207365863025, 0.00217328127474, -0.00307234469801, 0.00122260244098, -0.00424432149157, 0.0148418834433, -0.00554924784228, 0.00371868768707, -0.00359636009671, 0.00233609648421, -1.90036062122e-05], [0.000652833841741, -0.00076094281394, 0.00252109696157, -0.00230126944371, 0.000306953646941, 0.000287297938485, 0.00164395268075, -0.00554924784228, 0.0162192266434, -0.0074995807372, 0.000763233751059, 0.0025422940962, -0.00144664780237], [-0.000632053182926, 0.00199790066108, -0.00258895033039, 0.00156522425823, -0.00306844711304, 0.000970702094492, -0.000694268906955, 0.00371868768707, -0.0074995807372, 0.0199137013406, -0.00511454325169, -0.00117198703811, 0.00110988540109], [0.000435482477769, -0.00288817798719, 0.00228890846483, -0.00203037704341, 0.0014266744256, -7.28297309252e-05, 0.00106397410855, -0.00359636009671, 0.000763233751059, -0.00511454325169, 0.0160805229098, -0.00670594582334, 0.00402776291594], [-0.000530337449163, 0.00293851504102, -0.00338449841365, 0.00320315198041, -0.000522777962033, 0.000708155275788, -0.00247155595571, 0.00233609648421, 0.0025422940962, -0.00117198703811, -0.00670594582334, 0.0237569622695, -0.00914131104946], [0.000712690409273, -0.00112764234655, 0.00327055901289, -0.00372238713317, -0.00105046899989, -0.000934743671678, 0.00145511317533, -1.90036062122e-05, -0.00144664780237, 0.00110988540109, 0.00402776291594, -0.00914131104946, 0.0201376695186]]
    },
    "melbands": {
        "dmean": [0.000685506325681, 0.000767358520534, 0.000295708392514, 0.000232753023738, 0.0001337685826, 0.000117473573482, 8.80522784428e-05, 0.000106140541902, 9.61036421359e-05, 0.000104083606857, 7.07527651684e-05, 3.93453592551e-05, 3.3158918086e-05, 2.47416628554e-05, 2.01210059458e-05, 1.94639760593e-05, 2.33061582549e-05, 1.58264483616e-05, 2.07816792681e-05, 1.79377439053e-05, 2.1295985789e-05, 1.76890516741e-05, 1.42180388139e-05, 8.42863755679e-06, 1.56294718181e-05, 2.31038739003e-05, 1.82941184903e-05, 7.45396437196e-06, 4.39902896687e-06, 4.03525018555e-06, 3.61141246685e-06, 3.30889042743e-06, 3.02007811115e-06, 2.24390078074e-06, 1.81115763098e-06, 1.1293263924e-06, 8.2033363924e-07, 6.17540820258e-07, 5.03634112192e-07, 4.26668265163e-07],
        "dmean2": [0.00118540739641, 0.00130098278169, 0.000503766990732, 0.000403665006161, 0.000229445387959, 0.000191896018805, 0.000138956442242, 0.000165177189047, 0.000154870111146, 0.000163924822118, 0.000112743757199, 6.24595923e-05, 5.18572196597e-05, 3.99231066694e-05, 3.17904814437e-05, 3.05617941194e-05, 3.64552652172e-05, 2.50231823884e-05, 3.17921840178e-05, 2.78035204246e-05, 3.36466982844e-05, 2.83113131445e-05, 2.32073361985e-05, 1.39753437907e-05, 2.5347349947e-05, 3.56394994014e-05, 2.91100222967e-05, 1.2275768313e-05, 7.49169339542e-06, 6.84338965584e-06, 6.085696441e-06, 5.47614718016e-06, 4.92001754537e-06, 3.5970922454e-06, 2.87155648948e-06, 1.73871467268e-06, 1.25611575186e-06, 9.33188346153e-07, 7.57645125304e-07, 6.42589668587e-07],
        "dvar": [2.2218371214e-06, 1.84040311524e-06, 1.87456151934e-07, 2.24806655069e-07, 7.28851787812e-08, 6.12543686884e-08, 3.8830432203e-08, 5.35060422635e-08, 4.57749429472e-08, 4.8500542249e-08, 3.45082078468e-08, 1.70722103121e-08, 7.84649145658e-09, 2.83416379254e-09, 2.00577798815e-09, 2.90635826516e-09, 2.84989121191e-09, 1.13931675205e-09, 2.87137025268e-09, 1.38703093455e-09, 1.48575129977e-09, 7.81830378216e-10, 5.52806078691e-10, 1.24923016376e-10, 5.41639066931e-10, 1.32468025438e-09, 7.17869153011e-10, 1.09127172576e-10, 4.89583998342e-11, 3.12331827068e-11, 2.89377757867e-11, 2.81460375839e-11, 2.21838884068e-11, 1.51841247908e-11, 1.28786824954e-11, 5.89285217845e-12, 4.68790024161e-12, 3.34976144045e-12, 2.28227159393e-12, 2.0280530727e-12],
        "dvar2": [5.86426040172e-06, 4.8325091484e-06, 5.08352513862e-07, 6.25331040283e-07, 2.01339787509e-07, 1.51288148231e-07, 9.41230808849e-08, 1.15689161362e-07, 1.13845146643e-07, 1.19376650787e-07, 8.78340387089e-08, 4.44884626916e-08, 1.70725478199e-08, 6.8913661444e-09, 4.38431557725e-09, 6.6847833935e-09, 6.3250058524e-09, 2.49942422315e-09, 6.23902041141e-09, 2.85683721124e-09, 3.37117223026e-09, 1.86278703573e-09, 1.35389033318e-09, 3.20941828669e-10, 1.27754373747e-09, 2.89869839243e-09, 1.72150649291e-09, 2.80258122265e-10, 1.33280414483e-10, 8.51466744334e-11, 7.80956271873e-11, 7.23299128924e-11, 5.33936575509e-11, 3.43338378561e-11, 2.89025262057e-11, 1.24905979657e-11, 1.04267289247e-11, 6.511984528e-12, 4.64904720623e-12, 4.29591084927e-12],
        "max": [0.0119140874594, 0.0141605706885, 0.00756547925994, 0.00616677012295, 0.00425641518086, 0.00581272272393, 0.00468911463395, 0.00465239584446, 0.00439894758165, 0.00424126163125, 0.00633987877518, 0.0052512823604, 0.00305161694996, 0.0012339183595, 0.00116696767509, 0.00171890598722, 0.00110490934458, 0.000677730713505, 0.00150123087224, 0.00100702221971, 0.000879344996065, 0.000678781012539, 0.000617530895397, 0.000208551995456, 0.000465417222586, 0.000634189287666, 0.000409965548897, 0.000187768338947, 0.00012803831487, 8.69097784744e-05, 8.04919473012e-05, 0.00016246236919, 8.95121265785e-05, 8.89718357939e-05, 0.000110441476863, 6.7114327976e-05, 8.45642935019e-05, 6.30367867416e-05, 4.60450210085e-05, 4.58379727206e-05],
        "mean": [0.000783862778917, 0.00121812336147, 0.000545932154637, 0.000324178690789, 0.000196221968508, 0.000194130741875, 0.000153951870743, 0.000187959900359, 0.000174605695065, 0.000220458081458, 0.000137133538374, 6.8182576797e-05, 6.20150822215e-05, 4.65756202175e-05, 3.51530143234e-05, 3.61102393072e-05, 4.37647504441e-05, 2.92324803013e-05, 4.00734497816e-05, 3.81542085961e-05, 4.58356007584e-05, 3.82853104384e-05, 2.95934241876e-05, 1.7496458895e-05, 3.52077004209e-05, 5.73085744691e-05, 4.32603810623e-05, 1.59572609846e-05, 8.41581459099e-06, 8.57289342093e-06, 7.68711834098e-06, 6.92971434546e-06, 6.51667960483e-06, 4.95217818752e-06, 3.88210128222e-06, 2.53381608672e-06, 1.7673809225e-06, 1.31079332277e-06, 1.00787406154e-06, 7.95435937562e-07],
        "median": [0.000310914620059, 0.000745918601751, 0.000418099225499, 0.000209039601032, 0.000116419832921, 9.30973692448e-05, 5.99147679168e-05, 5.52565870748e-05, 6.39433710603e-05, 7.33086344553e-05, 4.68554353574e-05, 2.61544009845e-05, 2.30872974498e-05, 1.90877963178e-05, 1.84380951396e-05, 1.30540101964e-05, 1.54423305503e-05, 1.24463394968e-05, 1.38771283673e-05, 1.88782178157e-05, 2.47546522587e-05, 2.25294297707e-05, 1.6653952116e-05, 1.24831249195e-05, 2.50492394116e-05, 2.95116842608e-05, 2.39545552176e-05, 1.1743189134e-05, 6.28396765023e-06, 6.91750210535e-06, 5.65491200177e-06, 4.79271557197e-06, 4.18979516326e-06, 3.20191452374e-06, 2.47065486292e-06, 1.48484991769e-06, 9.7033637303e-07, 6.93692129516e-07, 5.15846068083e-07, 3.84008899346e-07],
        "min": [7.70180126783e-24, 3.43479504464e-24, 2.23501294402e-24, 1.99754924547e-24, 2.03085041693e-24, 3.80035673799e-24, 2.69521704118e-24, 6.16253484879e-24, 4.79986085985e-24, 5.64805869907e-24, 4.35694109955e-24, 7.65488139891e-24, 5.87813944841e-24, 2.67277572337e-24, 4.91666276092e-24, 5.67594177663e-24, 4.77108045301e-24, 6.40967313749e-24, 6.92265439579e-24, 7.09413934595e-24, 4.97362640689e-24, 5.5366462957e-24, 9.05516393708e-24, 9.64017529578e-24, 8.18642534318e-24, 6.48620802808e-24, 6.24220270047e-24, 4.9793839082e-24, 6.75960394643e-24, 6.95628905821e-24, 6.39517466291e-24, 7.92007592486e-24, 6.5221197375e-24, 7.99696146412e-24, 8.03729118904e-24, 5.31772082843e-24, 5.39958960203e-24, 8.28975271112e-24, 8.28898593832e-24, 9.64942547875e-24],
        "var": [1.88324383998e-06, 2.19550929614e-06, 3.17551098306e-07, 1.95174195028e-07, 7.5714076786e-08, 1.01408105024e-07, 8.67509513114e-08, 1.67348218838e-07, 9.86141444059e-08, 1.6188214147e-07, 8.80272494896e-08, 2.87882144789e-08, 1.95797262847e-08, 8.3835551834e-09, 3.71699293567e-09, 6.80153666721e-09, 7.90809728812e-09, 2.9281597147e-09, 9.0577589873e-09, 4.75302686098e-09, 4.77529127352e-09, 2.22290830187e-09, 1.77753112229e-09, 2.94125418465e-10, 1.4778508417e-09, 5.23571674904e-09, 2.59049448559e-09, 2.69652578044e-10, 7.42245917507e-11, 6.22473253498e-11, 6.01635616326e-11, 6.17807124903e-11, 6.21318552163e-11, 4.6255936581e-11, 3.56297491511e-11, 1.79056162258e-11, 1.09758886008e-11, 9.04128421436e-12, 5.41817068642e-12, 3.78859747394e-12]
    },
    "mfcc": {
        "mean": [-617.55670166, 87.7869338989, -12.0653162003, 33.6537513733, -4.87833547592, 0.404793769121, -1.20550191402, 8.89941883087, 0.0190671123564, 6.32036304474, -0.354883879423, -4.4527387619, 1.00708413124],
        "cov": [[3895.47924805, -337.295410156, 790.481628418, 770.640686035, 523.62701416, 272.889343262, 177.251708984, 105.621284485, 28.9029426575, 142.974533081, 102.038970947, 29.0356998444, 91.2971343994], [-337.295410156, 577.386779785, -155.834259033, 93.4801559448, -38.1817932129, -46.6450004578, 50.4559288025, 11.3236255646, -15.8573713303, 23.9726734161, 18.573091507, 23.8828086853, 30.4341716766], [790.481628418, -155.834259033, 867.440246582, 525.255004883, 316.158477783, 201.709671021, 115.162002563, 36.2875213623, 25.8094749451, 15.0763626099, 29.9185142517, 26.9617443085, 73.1883850098], [770.640686035, 93.4801559448, 525.255004883, 712.37286377, 365.859771729, 176.497161865, 88.5621795654, 14.795958519, 43.4967536926, 75.6804275513, 11.9120283127, 23.9396362305, 94.3290176392], [523.62701416, -38.1817932129, 316.158477783, 365.859771729, 360.052642822, 108.310279846, 30.022693634, 3.77076196671, 34.912902832, 64.8929672241, 2.92673397064, 4.59351158142, 63.2592887878], [272.889343262, -46.6450004578, 201.709671021, 176.497161865, 108.310279846, 199.732666016, 82.6195907593, 21.2217903137, 51.8145141602, 2.33391284943, 18.7049865723, 15.7657928467, -2.17385315895], [177.251708984, 50.4559288025, 115.162002563, 88.5621795654, 30.022693634, 82.6195907593, 177.206466675, 77.2530517578, 26.4805107117, 3.07225608826, 32.49766922, 22.0433139801, 9.77512454987], [105.621284485, 11.3236255646, 36.2875213623, 14.795958519, 3.77076196671, 21.2217903137, 77.2530517578, 111.791519165, 28.8920211792, 12.4608316422, 17.9432525635, 5.35760784149, 5.08828496933], [28.9029426575, -15.8573713303, 25.8094749451, 43.4967536926, 34.912902832, 51.8145141602, 26.4805107117, 28.8920211792, 108.911941528, 21.6075191498, 1.29530143738, 4.17210435867, -11.0676546097], [142.974533081, 23.9726734161, 15.0763626099, 75.6804275513, 64.8929672241, 2.33391284943, 3.07225608826, 12.4608316422, 21.6075191498, 95.7128982544, 23.1210594177, 6.08844852448, 19.8076553345], [102.038970947, 18.573091507, 29.9185142517, 11.9120283127, 2.92673397064, 18.7049865723, 32.49766922, 17.9432525635, 1.29530143738, 23.1210594177, 87.1111221313, 34.3720474243, 4.52627134323], [29.0356998444, 23.8828086853, 26.9617443085, 23.9396362305, 4.59351158142, 15.7657928467, 22.0433139801, 5.35760784149, 4.17210435867, 6.08844852448, 34.3720474243, 65.3120727539, 22.4284210205], [91.2971343994, 30.4341716766, 73.1883850098, 94.3290176392, 63.2592887878, -2.17385315895, 9.77512454987, 5.08828496933, -11.0676546097, 19.8076553345, 4.52627134323, 22.4284210205, 86.9466247559]],
