{
"lowlevel": {
    "average_loudness": 0.824884951115,
    "barkbands_crest": {
        "dmean": 3.00335884094,
        "dmean2": 4.85657119751,
        "dvar": 7.09224367142,
        "dvar2": 17.0373973846,
        "max": 25.024263382,
        "mean": 10.2214336395,
        "median": 9.19558143616,
        "min": 2.08181786537,
        "var": 22.7225246429
    },
    "barkbands_flatness_db": {
        "dmean": 0.0210050735623,
        "dmean2": 0.0325000472367,
        "dvar": 0.000382189755328,
        "dvar2": 0.000885641667992,
        "max": 0.345423340797,
        "mean": 0.124325595796,
        "median": 0.116662457585,
        "min": 0.0214079543948,
        "var": 0.0027908582706
    },
    "barkbands_kurtosis": {
        "dmean": 1.97896456718,
        "dmean2": 3.16185808182,
        "dvar": 19.0575065613,
        "dvar2": 47.9641914368,
        "max": 125.566162109,
        "mean": 1.99987018108,
        "median": 0.312679767609,
        "min": -1.94921386242,
        "var": 33.096862793
    },
    "barkbands_skewness": {
        "dmean": 0.516877114773,
        "dmean2": 0.79281103611,
        "dvar": 0.314769208431,
        "dvar2": 0.683355808258,
        "max": 10.3411026001,
        "mean": 0.985881507397,
        "median": 0.845959424973,
        "min": -4.2724404335,
        "var": 1.26301276684
    },
    "barkbands_spread": {
        "dmean": 5.81906652451,
        "dmean2": 8.94303703308,
        "dvar": 48.2882461548,
        "dvar2": 103.951477051,
        "max": 116.898277283,
        "mean": 25.1166191101,
        "median": 22.6655464172,
        "min": 1.38138389587,
        "var": 217.064208984
    },
    "dissonance": {
        "dmean": 0.0148879187182,
        "dmean2": 0.025431599468,
        "dvar": 0.000231634214288,
        "dvar2": 0.000639179605059,
        "max": 0.500000119209,
        "mean": 0.477094203234,
        "median": 0.482538461685,
        "min": 0.277712017298,
        "var": 0.000391878187656
    },
    "dynamic_complexity": 3.61046409607,
    "erbbands_crest": {
        "dmean": 2.73633337021,
        "dmean2": 4.39530897141,
        "dvar": 6.82080602646,
        "dvar2": 16.2338848114,
        "max": 32.0357666016,
        "mean": 9.240858078,
        "median": 7.91676712036,
        "min": 2.27254009247,
        "var": 22.5767650604
    },
    "erbbands_flatness_db": {
        "dmean": 0.0167523417622,
        "dmean2": 0.0253208838403,
        "dvar": 0.000240111534367,
        "dvar2": 0.000518456159625,
        "max": 0.378805607557,
        "mean": 0.175307840109,
        "median": 0.163168549538,
        "min": 0.0637480691075,
        "var": 0.00367152201943
    },
    "erbbands_kurtosis": {
        "dmean": 0.914906561375,
        "dmean2": 1.43918550014,
        "dvar": 1.7265843153,
        "dvar2": 3.8523414135,
        "max": 26.2887191772,
        "mean": 0.664057075977,
        "median": 0.0107854604721,
        "min": -1.79627180099,
        "var": 5.48022794724
    },
    "erbbands_skewness": {
        "dmean": 0.371599555016,
        "dmean2": 0.563831150532,
        "dvar": 0.126941740513,
        "dvar2": 0.262006193399,
        "max": 4.37368154526,
        "mean": 0.266436189413,
        "median": 0.252600967884,
        "min": -4.8353729248,
        "var": 0.741378247738
    },
    "erbbands_spread": {
        "dmean": 6.52213525772,
        "dmean2": 10.1389713287,
        "dvar": 50.8004226685,
        "dvar2": 123.298728943,
        "max": 112.585998535,
        "mean": 31.4798202515,
        "median": 29.4461650848,
        "min": 3.26012802124,
        "var": 213.696899414
    },
    "hfc": {
        "dmean": 7.79174900055,
        "dmean2": 11.3516874313,
        "dvar": 166.059707642,
        "dvar2": 333.813568115,
        "max": 295.624267578,
        "mean": 24.2839298248,
        "median": 15.9174041748,
        "min": 4.77812824029e-11,
        "var": 658.425048828
    },
    "melbands_crest": {
        "dmean": 3.74605369568,
        "dmean2": 6.12049007416,
        "dvar": 10.1349878311,
        "dvar2": 25.0706310272,
        "max": 33.4874954224,
        "mean": 13.8562669754,
        "median": 12.9870901108,
        "min": 2.80871343613,
        "var": 32.6727905273
    },
    "melbands_flatness_db": {
        "dmean": 0.025888575241,
        "dmean2": 0.039301533252,
        "dvar": 0.000628677487839,
        "dvar2": 0.00135497550946,
        "max": 0.412429690361,
        "mean": 0.164555042982,
        "median": 0.161050349474,
        "min": 0.0116198230535,
        "var": 0.00338086183183
    },
    "melbands_kurtosis": {
        "dmean": 4.75873613358,
        "dmean2": 7.5884346962,
        "dvar": 93.8210678101,
        "dvar2": 229.959381104,
        "max": 220.919845581,
        "mean": 7.30903339386,
        "median": 3.16716241837,
        "min": -1.85761702061,
        "var": 174.517120361
    },
    "melbands_skewness": {
        "dmean": 0.674759507179,
        "dmean2": 1.05033481121,
        "dvar": 0.560258626938,
        "dvar2": 1.25431251526,
        "max": 11.6454944611,
        "mean": 1.90453779697,
        "median": 1.62208867073,
        "min": -1.3672400713,
        "var": 2.09738183022
    },
    "melbands_spread": {
        "dmean": 9.72508811951,
        "dmean2": 14.8041095734,
        "dvar": 223.657363892,
        "dvar2": 422.833618164,
        "max": 266.077697754,
        "mean": 33.3549995422,
        "median": 28.0990810394,
        "min": 1.0434949398,
        "var": 783.780639648
    },
    "pitch_salience": {
        "dmean": 0.0779625177383,
        "dmean2": 0.125918030739,
        "dvar": 0.00506478361785,
        "dvar2": 0.0120523013175,
        "max": 0.937092244625,
        "mean": 0.56434994936,
        "median": 0.571290850639,
        "min": 0.106484942138,
        "var": 0.0182016845793
    },
    "silence_rate_20dB": {
        "dmean": 0,
        "dmean2": 0,
        "dvar": 0,
        "dvar2": 0,
        "max": 1,
        "mean": 1,
        "median": 1,
        "min": 1,
        "var": 0
    },
    "silence_rate_30dB": {
        "dmean": 0,
        "dmean2": 0,
        "dvar": 0,
        "dvar2": 0,
        "max": 1,
        "mean": 1,
        "median": 1,
        "min": 1,
        "var": 0
    },
    "silence_rate_60dB": {
        "dmean": 0.0227299090475,
        "dmean2": 0.0454650893807,
        "dvar": 0.0222152341157,
        "dvar2": 0.0543070733547,
        "max": 1,
        "mean": 0.111201301217,
        "median": 0,
        "min": 0,
        "var": 0.0988356247544
    },
    "spectral_centroid": {
        "dmean": 278.412597656,
        "dmean2": 418.137878418,
        "dvar": 101884.953125,
        "dvar2": 191608.828125,
        "max": 6004.85595703,
        "mean": 1788.43408203,
        "median": 1699.32995605,
        "min": 288.492004395,
        "var": 491259.40625
    },
    "spectral_complexity": {
        "dmean": 4.15052747726,
        "dmean2": 6.33530521393,
        "dvar": 17.8092937469,
        "dvar2": 36.5678482056,
        "max": 57,
        "mean": 21.0146102905,
        "median": 20,
        "min": 0,
        "var": 125.946228027
    },
    "spectral_decrease": {
        "dmean": 1.72227743178e-09,
        "dmean2": 2.64272292938e-09,
        "dvar": 5.42991670249e-18,
        "dvar2": 1.17936822662e-17,
        "max": -1.30646839098e-22,
        "mean": -5.35603517093e-09,
        "median": -3.90560872532e-09,
        "min": -3.67955586e-08,
        "var": 2.14507321949e-17
    },
    "spectral_energy": {
        "dmean": 0.0069615803659,
        "dmean2": 0.0106804240495,
        "dvar": 8.51270597195e-05,
        "dvar2": 0.000184459553566,
        "max": 0.148483321071,
        "mean": 0.0224175713956,
        "median": 0.0171629358083,
        "min": 4.82699173872e-15,
        "var": 0.000353142037056
    },
    "spectral_energyband_high": {
        "dmean": 0.0005397531786,
        "dmean2": 0.000778686779086,
        "dvar": 2.13152907236e-06,
        "dvar2": 3.77027254217e-06,
        "max": 0.0375519655645,
        "mean": 0.0012530554086,
        "median": 0.000480559712742,
        "min": 3.81941724884e-15,
        "var": 7.32795615477e-06
    },
    "spectral_energyband_low": {
        "dmean": 0.00388211384416,
        "dmean2": 0.00622141640633,
        "dvar": 5.23476555827e-05,
        "dvar2": 0.000117916046293,
        "max": 0.0725578665733,
        "mean": 0.00716523174196,
        "median": 0.00261042150669,
        "min": 1.21959284522e-16,
        "var": 0.000118971685879
    },
    "spectral_energyband_middle_high": {
        "dmean": 0.00270503456704,
        "dmean2": 0.00411156611517,
        "dvar": 1.94371805264e-05,
        "dvar2": 4.38204297097e-05,
        "max": 0.0767341181636,
        "mean": 0.00780071970075,
        "median": 0.00400167796761,
        "min": 7.11393696823e-16,
        "var": 9.09293667064e-05
    },
    "spectral_energyband_middle_low": {
        "dmean": 0.00339763099328,
        "dmean2": 0.00537164835259,
        "dvar": 3.52438619302e-05,
        "dvar2": 8.38496998767e-05,
        "max": 0.101495735347,
        "mean": 0.00679525267333,
        "median": 0.00366252521053,
        "min": 1.52000882948e-16,
        "var": 7.50426916056e-05
    },
    "spectral_entropy": {
        "dmean": 0.123184278607,
        "dmean2": 0.18079662323,
        "dvar": 0.0146096628159,
        "dvar2": 0.0297415610403,
        "max": 9.00303173065,
        "mean": 7.76841163635,
        "median": 7.76949262619,
        "min": 6.28724861145,
        "var": 0.111994087696
    },
    "spectral_flux": {
        "dmean": 0.0219678189605,
        "dmean2": 0.0345612205565,
        "dvar": 0.000589384231716,
        "dvar2": 0.0013147451682,
        "max": 0.327722996473,
        "mean": 0.0858934149146,
        "median": 0.076346680522,
        "min": 3.36822449754e-06,
        "var": 0.00237523694523
    },
    "spectral_kurtosis": {
        "dmean": 1.26937067509,
        "dmean2": 2.17231321335,
        "dvar": 2.06541347504,
        "dvar2": 6.4453587532,
        "max": 19.7356472015,
        "mean": 4.24282598495,
        "median": 3.92736554146,
        "min": -1.24363672733,
        "var": 5.04320526123
    },
    "spectral_rms": {
        "dmean": 0.000680984056089,
        "dmean2": 0.00102899014018,
        "dvar": 5.64772903999e-07,
        "dvar2": 1.1329938161e-06,
        "max": 0.0120358532295,
        "mean": 0.00423270463943,
        "median": 0.00409198319539,
        "min": 2.17008300218e-09,
        "var": 3.95503730033e-06
    },
    "spectral_rolloff": {
        "dmean": 557.963806152,
        "dmean2": 886.342224121,
        "dvar": 724452.375,
        "dvar2": 1387196.125,
        "max": 16817.4316406,
        "mean": 2035.44592285,
        "median": 1722.65625,
        "min": 86.1328125,
        "var": 2500749.25
    },
    "spectral_skewness": {
        "dmean": 0.179883509874,
        "dmean2": 0.290344834328,
        "dvar": 0.0318087935448,
        "dvar2": 0.0803289264441,
        "max": 2.74982905388,
        "mean": 1.44050657749,
        "median": 1.46024656296,
        "min": -0.373107552528,
        "var": 0.151456996799
    },
    "spectral_spread": {
        "dmean": 418432.4375,
        "dmean2": 638466.6875,
        "dvar": 282267680768,
        "dvar2": 592389668864,
        "max": 13303295,
        "mean": 4210520.5,
        "median": 4118777.75,
        "min": 1641066,
        "var": 1.70496308019e+12
    },
    "spectral_strongpeak": {
        "dmean": 0.665025949478,
        "dmean2": 1.11348009109,
        "dvar": 1.26926898956,
        "dvar2": 3.15726065636,
        "max": 15.9576873779,
        "mean": 1.22133302689,
        "median": 0.484592556953,
        "min": 0,
        "var": 2.81603360176
    },
    "zerocrossingrate": {
        "dmean": 0.0111795058474,
        "dmean2": 0.0125082004815,
        "dvar": 0.000238509353949,
        "dvar2": 0.000228851436987,
        "max": 0.64892578125,
        "mean": 0.0749020278454,
        "median": 0.06640625,
        "min": 0.0029296875,
        "var": 0.00183054583613
    },
    "barkbands": {
        "dmean": [7.16632421245e-05, 0.00317739718594, 0.0017257645959, 0.000955062627327, 0.000639755337033, 0.00106717424933, 0.00051004224224, 0.000488828576636, 0.00110102549661, 0.000786585907917, 0.000742433010601, 0.000689238251653, 0.000461418589111, 0.000472906278446, 0.000419315387262, 0.000381901190849, 0.000202207957045, 0.000227176453336, 0.000231244310271, 0.000202906579943, 0.000114693000796, 0.000136292466777, 0.000150162726641, 9.91194392554e-05, 5.62690001971e-05, 1.80848455784e-05, 1.5632836039e-06],
        "dmean2": [0.00010528472194, 0.00496097747236, 0.00275250500999, 0.0017386933323, 0.00106908497401, 0.00164732243866, 0.00084888888523, 0.000788507983088, 0.0017218273133, 0.00127159850672, 0.00114533049054, 0.00106048618909, 0.000748137652408, 0.000775202235673, 0.000666003557853, 0.000628529349342, 0.000332071678713, 0.000368407985661, 0.000359629717423, 0.000314062956022, 0.000180449991603, 0.00020322544151, 0.000221843438339, 0.0001457593753, 8.62555389176e-05, 2.89184863504e-05, 2.6373907076e-06],
        "dvar": [1.43043568102e-08, 4.30045620305e-05, 1.76536177605e-05, 8.01980240794e-06, 1.89908064385e-06, 8.08159802546e-06, 2.82010705632e-06, 2.65869925897e-06, 1.01067344076e-05, 6.14376631347e-06, 4.52920085081e-06, 3.67563802683e-06, 1.58296529662e-06, 1.39814869726e-06, 9.08925983367e-07, 9.71747340373e-07, 1.7383604245e-07, 1.78225889158e-07, 2.40953397679e-07, 1.47951340068e-07, 9.25408087937e-08, 2.18267729224e-07, 3.33458956447e-07, 1.89497271208e-07, 5.95290288175e-08, 5.60038815323e-09, 1.59415293466e-11],
        "dvar2": [3.06261895844e-08, 9.77615272859e-05, 4.17709052272e-05, 2.2658114176e-05, 4.74912485515e-06, 1.80274473678e-05, 6.87150213707e-06, 6.18153899268e-06, 2.42051864916e-05, 1.4070384168e-05, 1.00115275927e-05, 7.90118701843e-06, 3.74545152226e-06, 3.34947844749e-06, 2.15562727135e-06, 2.39239557231e-06, 4.38489507815e-07, 4.3340639877e-07, 5.49797391614e-07, 3.26091367242e-07, 2.15272365267e-07, 4.26813670629e-07, 6.85632301156e-07, 3.73948637389e-07, 1.22159022453e-07, 1.35761064612e-08, 4.19716275624e-11],
        "max": [0.00173840392381, 0.0680976733565, 0.0404565185308, 0.0268603079021, 0.030956145376, 0.0656961426139, 0.0631919279695, 0.0401416495442, 0.0946754068136, 0.0723974853754, 0.0480574406683, 0.0512400865555, 0.031946066767, 0.0356747955084, 0.0279789604247, 0.0277423728257, 0.0152208199725, 0.0111635578796, 0.014606767334, 0.00806430540979, 0.00927179772407, 0.0140454135835, 0.0221863351762, 0.0173548255116, 0.00857486110181, 0.00355274532922, 7.78398170951e-05],
        "mean": [0.000108033462311, 0.0047436603345, 0.00184110645205, 0.000767842167988, 0.00090701750014, 0.00191507244017, 0.000601720937993, 0.000637609220576, 0.0017327646492, 0.00118198757991, 0.00129580684006, 0.00139675464015, 0.000689545297064, 0.000750377017539, 0.000668699445669, 0.000556782353669, 0.000329921924276, 0.000397086521843, 0.000431291206041, 0.000411642889958, 0.0002095586824, 0.000271117954981, 0.000262969027972, 0.000178100322955, 9.74982103799e-05, 3.17561680276e-05, 1.81100995178e-06],
        "median": [2.24558498303e-05, 0.00137248984538, 0.000341855804436, 0.000167516875081, 0.000389450200601, 0.000385724764783, 0.000165608289535, 0.000197187677259, 0.000571755401324, 0.000382287806133, 0.000261452863924, 0.000295170553727, 0.000244621624006, 0.00029544706922, 0.000248978030868, 0.000213901483221, 0.00015822671412, 0.000198040768737, 0.000185655808309, 0.000163037941093, 7.4088879046e-05, 6.28078560112e-05, 5.70743068238e-05, 3.88613880205e-05, 3.24998545693e-05, 8.75214209373e-06, 2.58591910551e-07],
        "min": [5.49439534852e-17, 6.38395298932e-17, 2.36901450323e-17, 1.3065728884e-17, 2.31540856733e-17, 2.02822237743e-17, 3.45143956089e-17, 3.37287990201e-17, 1.32759775162e-17, 8.2879871018e-17, 1.1807721341e-16, 6.14986484644e-17, 6.41667823959e-17, 3.7120699444e-17, 9.1655198526e-17, 8.71499957157e-17, 5.53568853557e-17, 4.08291817406e-17, 6.8587764985e-17, 2.22230111758e-17, 8.35102885239e-17, 2.175564288e-16, 4.41438208483e-16, 7.3847646358e-16, 4.46055649777e-16, 6.73177687825e-16, 1.21341334282e-15],
        "var": [3.48888562485e-08, 7.45021534385e-05, 1.89241836779e-05, 5.12239557793e-06, 2.88242517854e-06, 2.46329054789e-05, 3.38009522238e-06, 3.89609431295e-06, 1.60790041264e-05, 1.15846987683e-05, 1.43791748997e-05, 1.62811465998e-05, 2.68965914074e-06, 2.4195453534e-06, 1.80136487415e-06, 1.51221036049e-06, 3.10211191845e-07, 3.31529236064e-07, 4.85674661377e-07, 4.1377592197e-07, 1.98006134156e-07, 6.82779841554e-07, 7.16054046279e-07, 4.1797974859e-07, 1.00499690348e-07, 8.79579609148e-09, 1.54113284634e-11]
    },
    "erbbands": {
        "dmean": [0.0867093876004, 0.782411694527, 1.7522714138, 2.82193732262, 1.90370929241, 2.16584181786, 6.48035001755, 9.62963962555, 7.79067420959, 7.75414943695, 12.2363138199, 25.3189849854, 21.6537208557, 26.8691673279, 31.426399231, 21.3479537964, 20.5028400421, 21.8416595459, 21.4063873291, 20.8909931183, 17.6117191315, 10.581577301, 11.2735595703, 12.3986101151, 10.2819623947, 9.52076625824, 5.47620534897, 4.20161771774, 4.85467815399, 4.86196994781, 4.31044864655, 2.72360444069, 1.35490489006, 0.70572924614, 0.403261393309, 0.133465573192, 0.0224885065109, 0.00242911092937, 0.000244388385909, 1.26115919556e-05],
        "dmean2": [0.126713871956, 1.26783430576, 2.66193604469, 4.83099651337, 3.32422327995, 3.6372616291, 10.3551130295, 14.8858175278, 12.92116642, 12.546746254, 19.3896808624, 39.43126297, 33.9814453125, 42.5837440491, 47.3069419861, 32.8816871643, 33.0369262695, 35.1679191589, 34.0596389771, 32.9393997192, 28.8860359192, 17.2457141876, 18.2443885803, 19.4025440216, 15.7402992249, 14.7052946091, 8.54064083099, 6.55601167679, 7.32177257538, 7.27103996277, 6.40781164169, 3.98410534859, 2.03477907181, 1.06863033772, 0.618991792202, 0.211798965931, 0.0365995280445, 0.00395446829498, 0.000405147642596, 1.93813866645e-05],
        "dvar": [0.0334914252162, 2.58534026146, 15.1251039505, 60.0582580566, 20.1468906403, 26.4885063171, 299.900177002, 733.474304199, 748.388793945, 617.369262695, 1433.03356934, 6912.20410156, 4233.33154297, 5854.58642578, 7821.57568359, 3145.45874023, 3421.57446289, 3138.35693359, 2043.44055176, 3068.16821289, 1834.9777832, 391.655883789, 436.246795654, 648.533935547, 401.532623291, 356.143554688, 154.183532715, 198.618164062, 304.829559326, 310.575866699, 321.444335938, 135.437088013, 46.2664642334, 11.3446779251, 2.92849326134, 0.38679638505, 0.00404108129442, 4.19246316596e-05, 3.3972716551e-07, 3.97791494189e-10],
        "dvar2": [0.0700990632176, 6.23226213455, 33.554397583, 158.691192627, 56.3011512756, 65.7541275024, 731.017272949, 1644.86987305, 1803.77941895, 1494.79345703, 3363.30541992, 16596.828125, 9228.36621094, 13581.5722656, 17436.671875, 7075.17480469, 7994.53417969, 7514.48632812, 4486.46142578, 7182.67285156, 4636.26953125, 951.103027344, 1061.66174316, 1479.06518555, 910.650695801, 787.999328613, 349.62689209, 441.23046875, 628.36907959, 660.979736328, 708.692382812, 260.673187256, 94.3908920288, 22.2403926849, 6.93739080429, 0.933445155621, 0.00987324211746, 0.000107495056, 8.86901830199e-07, 9.02164287719e-10],
        "max": [1.57275390625, 16.969991684, 45.4800453186, 71.2829055786, 50.9580764771, 158.708404541, 502.596862793, 762.284362793, 973.251708984, 742.944641113, 1053.13232422, 2699.70166016, 2280.85131836, 1879.26904297, 2100.3815918, 1811.02099609, 1619.15527344, 1716.3079834, 1224.71081543, 1738.57177734, 1334.86352539, 549.487976074, 471.85369873, 749.632141113, 543.340942383, 423.309143066, 330.216156006, 477.270233154, 528.065368652, 524.487915039, 846.782165527, 342.646697998, 349.267486572, 128.482513428, 78.9544830322, 29.3208084106, 1.83741748333, 0.11563385278, 0.010434566997, 0.000432374450611],
        "mean": [0.12381772697, 1.09622120857, 2.20699429512, 2.59054470062, 1.97894656658, 2.97673511505, 10.7762031555, 15.949760437, 9.48098278046, 10.3883857727, 18.3584442139, 38.2924919128, 35.3560409546, 43.4374542236, 67.935295105, 42.9198875427, 32.518661499, 35.656162262, 37.9883155823, 34.8570518494, 28.2980384827, 19.2212429047, 20.8624897003, 22.8356838226, 21.0916290283, 19.4195308685, 11.2125024796, 7.60690355301, 9.393201828, 9.29499912262, 7.24396705627, 4.79616928101, 2.34804797173, 1.23738360405, 0.63414144516, 0.233757466078, 0.0382762998343, 0.00353633938357, 0.00031530141132, 3.7199271901e-05],
        "median": [0.0297254920006, 0.305441200733, 0.526948988438, 0.550138831139, 0.737018108368, 1.21132934093, 2.51910638809, 3.47807025909, 2.78756475449, 3.46385383606, 6.83251523972, 12.0501279831, 14.0932941437, 14.4462203979, 13.4792118073, 12.639585495, 12.7775754929, 14.8836135864, 16.0062332153, 12.4917993546, 12.3896694183, 9.66862487793, 11.0575819016, 10.9972858429, 9.16016578674, 7.71142721176, 4.32614707947, 2.41827774048, 2.10690665245, 2.07680654526, 1.57503318787, 0.977466583252, 0.505373716354, 0.357634574175, 0.205979079008, 0.0727776288986, 0.0112034976482, 0.00100556341931, 7.30727479095e-05, 2.90149364446e-05],
        "min": [2.63359568664e-15, 1.16973691475e-14, 2.70004745423e-14, 3.8961492859e-14, 5.08108197173e-14, 8.24990710512e-14, 1.29664101721e-13, 1.78689392926e-13, 3.69485041521e-13, 7.24308904954e-13, 6.06161659495e-13, 2.8060176795e-13, 1.50190602143e-12, 4.04041080107e-12, 4.25995089898e-12, 2.39082928802e-12, 2.70015802252e-12, 2.85619835075e-12, 2.60522376241e-12, 6.11085574503e-12, 4.53695414571e-12, 2.85968514493e-12, 2.357005216e-12, 3.46485275367e-12, 2.30652975018e-12, 1.21367781276e-12, 2.49919139203e-12, 3.54083017247e-12, 8.33121679283e-12, 9.01542295678e-12, 1.42497333377e-11, 1.54278621128e-11, 1.23154082418e-11, 6.80183123367e-12, 2.48258076423e-12, 1.27883326758e-12, 1.47069888819e-12, 9.63033906093e-13, 2.1345563663e-13, 1.07587160345e-14],
        "var": [0.0558468364179, 4.163230896, 20.2711162567, 46.6377830505, 16.1980934143, 36.1360588074, 770.757141113, 1782.65710449, 820.889831543, 871.058288574, 2214.80786133, 9867.99121094, 7479.30810547, 10970.4794922, 32570.375, 10352.9160156, 5576.36425781, 5511.45800781, 5452.30615234, 5930.24267578, 3240.45996094, 854.510742188, 848.722900391, 1216.421875, 964.297668457, 952.395263672, 391.439147949, 429.42300415, 873.723754883, 756.063842773, 613.281311035, 298.216033936, 86.1724014282, 18.854057312, 4.41418886185, 0.600426733494, 0.0059003168717, 4.85040909552e-05, 3.79207449441e-07, 1.16378118253e-09]
    },
    "gfcc": {
        "mean": [-10.4114198685, 69.5357284546, -148.303955078, 23.8191509247, -62.188079834, 19.2175121307, -33.9637451172, 15.3195533752, -23.7652606964, 2.90958309174, -13.8275365829, -0.403678178787, -8.61154460907],
        "cov": [[7109.07128906, -69.5702819824, 2365.87255859, 1344.99316406, 662.409301758, 876.931518555, 115.564277649, 256.504058838, -36.0002288818, 463.727813721, 143.165725708, 405.858459473, -41.288318634], [-69.5702819824, 1486.73327637, 461.492370605, 384.465393066, 442.893798828, -151.861373901, 5.40333414078, -87.9219284058, -8.15790843964, -48.7667312622, 112.052635193, -81.927986145, 132.283813477], [2365.87255859, 461.492370605, 2025.25134277, 1001.9944458, 514.395507812, 467.625854492, 1.27257156372, 118.02570343, 11.7615566254, 267.270721436, 76.8338012695, 238.359481812, 38.026222229], [1344.99316406, 384.465393066, 1001.9944458, 814.557434082, 316.911560059, 206.882568359, 4.88742589951, 18.3631877899, 22.3316230774, 111.598152161, 75.6516189575, 96.6352462769, 70.4366531372], [662.409301758, 442.893798828, 514.395507812, 316.911560059, 406.694152832, 160.683364868, 65.0794219971, 43.2190055847, 3.02913594246, 67.7657012939, 35.1658554077, 43.4604606628, 20.8360042572], [876.931518555, -151.861373901, 467.625854492, 206.882568359, 160.683364868, 388.315368652, 131.965881348, 93.7005233765, 13.4981632233, 105.568061829, 13.458442688, 111.209007263, -21.0597381592], [115.564277649, 5.40333414078, 1.27257156372, 4.88742589951, 65.0794219971, 131.965881348, 199.969848633, 84.4765090942, 26.6765117645, 17.2419471741, 16.4347686768, 14.8691539764, 3.35936284065], [256.504058838, -87.9219284058, 118.02570343, 18.3631877899, 43.2190055847, 93.7005233765, 84.4765090942, 169.698135376, 54.3049545288, 60.3984718323, 4.08656215668, 34.3053016663, -3.52416014671], [-36.0002288818, -8.15790843964, 11.7615566254, 22.3316230774, 3.02913594246, 13.4981632233, 26.6765117645, 54.3049545288, 111.191635132, 32.699848175, 5.83423900604, 7.68617630005, 9.00690460205], [463.727813721, -48.7667312622, 267.270721436, 111.598152161, 67.7657012939, 105.568061829, 17.2419471741, 60.3984718323, 32.699848175, 131.065734863, 30.6494693756, 66.5236129761, 2.22902011871], [143.165725708, 112.052635193, 76.8338012695, 75.6516189575, 35.1658554077, 13.458442688, 16.4347686768, 4.08656215668, 5.83423900604, 30.6494693756, 116.429756165, 31.9415779114, 37.0257339478], [405.858459473, -81.927986145, 238.359481812, 96.6352462769, 43.4604606628, 111.209007263, 14.8691539764, 34.3053016663, 7.68617630005, 66.5236129761, 31.9415779114, 127.545196533, 24.5989151001], [-41.288318634, 132.283813477, 38.026222229, 70.4366531372, 20.8360042572, -21.0597381592, 3.35936284065, -3.52416014671, 9.00690460205, 2.22902011871, 37.0257339478, 24.5989151001, 96.2193145752]],
        "icov": [[0.000299987063045, 8.19748893264e-05, -8.53557648952e-05, -0.000310695817461, -8.62736487761e-05, -0.000170226208866, 4.94227351737e-05, -0.000188121426618, 0.000360694888514, -0.000305489840684, -0.00013580796076, -0.000174498578417, 0.0003201943764], [8.19748893264e-05, 0.00240517547354, -0.000934591924306, 0.000362580671208, -0.00276384898461, 0.00200334633701, -0.00107610505074, 0.00123550440185, -0.000509890844114, 0.00111456261948, -0.00150615593884, 0.0019455999136, -0.00194367882796], [-8.53557648952e-05, -0.000934591924306, 0.00248582381755, -0.00200391490944, 0.000353685143637, -0.00153697514907, 0.00158676155843, -0.00126365420874, 0.000878407852724, -0.00152864679694, 0.00102220638655, -0.00183360255323, 0.00124674139079], [-0.000310695817461, 0.000362580671208, -0.00200391490944, 0.00438862340525, -0.00113313435577, 0.000272465666058, -0.000296254263958, 0.00163537089247, -0.00164413196035, 0.00108246179298, -0.00104469177313, 0.00167748855893, -0.00257528247312], [-8.62736487761e-05, -0.00276384898461, 0.000353685143637, -0.00113313435577, 0.00740405451506, -0.0026950489264, 3.02968346659e-05, -0.00139474123716, 0.00107679900248, -0.00160340266302, 0.00145740841981, -0.00105557288043, 0.00185253866948], [-0.000170226208866, 0.00200334633701, -0.00153697514907, 0.000272465666058, -0.0026950489264, 0.00868870690465, -0.00521629676223, 0.00134429929312, -2.24482428166e-05, -0.000329655798851, -3.14270837407e-05, -0.00189016025979, 0.000802422466222], [4.94227351737e-05, -0.00107610505074, 0.00158676155843, -0.000296254263958, 3.02968346659e-05, -0.00521629676223, 0.0102636544034, -0.00445421831682, -0.000168430342455, 0.00129959790502, -0.00095483782934, 0.00059432577109, -0.000378170923796], [-0.000188121426618, 0.00123550440185, -0.00126365420874, 0.00163537089247, -0.00139474123716, 0.00134429929312, -0.00445421831682, 0.0111811971292, -0.00405082805082, -0.00205276929773, 0.000209206264117, 0.000819559558295, -0.00117906287778], [0.000360694888514, -0.000509890844114, 0.000878407852724, -0.00164413196035, 0.00107679900248, -2.24482428166e-05, -0.000168430342455, -0.00405082805082, 0.0123632038012, -0.00371730700135, 0.000770226994064, -0.000106789280835, -8.63695004227e-06], [-0.000305489840684, 0.00111456261948, -0.00152864679694, 0.00108246179298, -0.00160340266302, -0.000329655798851, 0.00129959790502, -0.00205276929773, -0.00371730700135, 0.0161488614976, -0.00345317926258, -0.00241800677031, 0.000223655515583], [-0.00013580796076, -0.00150615593884, 0.00102220638655, -0.00104469177313, 0.00145740841981, -3.14270837407e-05, -0.00095483782934, 0.000209206264117, 0.000770226994064, -0.00345317926258, 0.0121746137738, -0.00301249441691, -0.00181509135291], [-0.000174498578417, 0.0019455999136, -0.00183360255323, 0.00167748855893, -0.00105557288043, -0.00189016025979, 0.00059432577109, 0.000819559558295, -0.000106789280835, -0.00241800677031, -0.00301249441691, 0.0167942233384, -0.00649720570073], [0.0003201943764, -0.00194367882796, 0.00124674139079, -0.00257528247312, 0.00185253866948, 0.000802422466222, -0.000378170923796, -0.00117906287778, -8.63695004227e-06, 0.000223655515583, -0.00181509135291, -0.00649720570073, 0.0166946314275]]
    },
    "melbands": {
        "dmean": [0.000845965463668, 0.000871034571901, 0.000448230421171, 0.000116391762276, 0.000204088166356, 0.000210287849768, 0.000115116774396, 8.8900247647e-05, 0.000113904243335, 0.00016140723892, 0.000111110028229, 0.000114321373985, 0.000107595529698, 8.55141479406e-05, 4.44640099886e-05, 4.80065791635e-05, 4.26691476605e-05, 3.78926342819e-05, 3.00140636682e-05, 2.93790581054e-05, 2.01729108085e-05, 1.15933216875e-05, 1.10505288831e-05, 1.20071654237e-05, 1.0886092241e-05, 8.8291535576e-06, 7.82747156336e-06, 6.64826211505e-06, 4.25951748184e-06, 2.58186423707e-06, 2.63563629233e-06, 2.87508214569e-06, 2.9901441394e-06, 2.84098564407e-06, 2.6884347335e-06, 2.21740333473e-06, 1.58055638622e-06, 1.10230473638e-06, 6.96823747148e-07, 6.12006317624e-07],
        "dmean2": [0.0012173835421, 0.00135893421248, 0.000756997673307, 0.000197204659344, 0.000327514280798, 0.000322809937643, 0.000189227328519, 0.000143597237184, 0.000179481910891, 0.000252259982517, 0.000176001005457, 0.000182466581464, 0.00016290244821, 0.000129735679366, 7.1481015766e-05, 7.76051601861e-05, 6.92495377734e-05, 6.05452260061e-05, 4.74514272355e-05, 4.76009772683e-05, 3.31482478941e-05, 1.89843776752e-05, 1.81923569471e-05, 1.95157790586e-05, 1.72793588717e-05, 1.38410041473e-05, 1.21999200928e-05, 1.04956116047e-05, 6.6995285124e-06, 4.14857413489e-06, 4.14257510784e-06, 4.44533907284e-06, 4.5836100071e-06, 4.34199273514e-06, 4.09699987358e-06, 3.32086392518e-06, 2.36311302615e-06, 1.66595191331e-06, 1.071953875e-06, 9.49109733028e-07],
        "dvar": [3.0197425076e-06, 2.79089135802e-06, 1.40702570661e-06, 5.09870936583e-08, 2.67304216095e-07, 3.33772135264e-07, 1.47885927504e-07, 7.98780916966e-08, 1.11486741616e-07, 2.68679571036e-07, 1.13691406511e-07, 1.13053708617e-07, 9.28439405357e-08, 6.26459240038e-08, 1.2837276131e-08, 1.97081124753e-08, 1.32832305155e-08, 7.02216995663e-09, 4.76200856525e-09, 6.89296131284e-09, 2.71323097323e-09, 5.75248348955e-10, 4.32333502332e-10, 6.46278530692e-10, 5.72117464515e-10, 3.57442297982e-10, 2.31700075792e-10, 1.91509530456e-10, 8.48879369575e-11, 5.83294662571e-11, 8.63632984571e-11, 1.16553142138e-10, 1.03607615543e-10, 1.22731588781e-10, 1.23650395478e-10, 9.69726798861e-11, 5.01254697471e-11, 4.07171275862e-11, 1.02747038308e-11, 8.67763499945e-12],
        "dvar2": [6.46632952339e-06, 6.15898079559e-06, 3.65215623788e-06, 1.31447251306e-07, 6.56307690861e-07, 7.44047270018e-07, 3.51734570359e-07, 1.93633027834e-07, 2.63183864035e-07, 6.44980502784e-07, 2.45200595828e-07, 2.63955854507e-07, 2.05232268513e-07, 1.34707661914e-07, 3.04610203727e-08, 4.60817091152e-08, 3.17755954882e-08, 1.55185340134e-08, 1.12631397542e-08, 1.58761181979e-08, 6.60702781374e-09, 1.40125833159e-09, 1.08136566368e-09, 1.60763791168e-09, 1.33790223344e-09, 8.34855795606e-10, 5.41183209357e-10, 4.38737018937e-10, 1.95114521762e-10, 1.39133649046e-10, 1.9422347064e-10, 2.51550030805e-10, 2.20468282519e-10, 2.83796763867e-10, 2.81102696675e-10, 1.94892685323e-10, 1.03613395641e-10, 8.95286761393e-11, 2.08738026863e-11, 1.79425935914e-11],
        "max": [0.0168728716671, 0.0203821342438, 0.0111732613295, 0.00517863826826, 0.0146487271413, 0.0151542229578, 0.01400064677, 0.00920865498483, 0.00804541725665, 0.0171936526895, 0.011952072382, 0.00871166959405, 0.00778370862827, 0.00706199603155, 0.00266024935991, 0.00427005207166, 0.00394796440378, 0.00241920212284, 0.0022499433253, 0.00242375885136, 0.00178794853855, 0.000802042603027, 0.000410003704019, 0.000792368431576, 0.000756919791456, 0.000514980172738, 0.000300868705381, 0.000283118104562, 0.000207839751965, 0.000298680388369, 0.000310463597998, 0.000376150826924, 0.000300577172311, 0.000401160010369, 0.000534995982889, 0.000370834721252, 0.000248345750151, 0.000353430281393, 0.000122189638205, 0.000109763990622],
        "mean": [0.00123472546693, 0.00130775489379, 0.000439228548203, 0.000149434214109, 0.000338424404617, 0.000356959964847, 0.000139949523145, 0.000118258918519, 0.000171582913026, 0.000244447845034, 0.00017630768707, 0.000173886903212, 0.000211665595998, 0.000186290213605, 6.90695233061e-05, 6.91971654305e-05, 6.55046533211e-05, 6.38100827928e-05, 4.72965657536e-05, 4.26725455327e-05, 3.04065415548e-05, 1.91142407857e-05, 1.82216554094e-05, 1.99213936867e-05, 1.82842941285e-05, 1.63494132721e-05, 1.45981066453e-05, 1.24538719319e-05, 8.04753653938e-06, 4.34690173279e-06, 4.37580047219e-06, 5.16865793543e-06, 5.56962368137e-06, 4.99529733133e-06, 4.28994781032e-06, 3.55769043381e-06, 2.67841915047e-06, 1.77625361175e-06, 1.13956696168e-06, 1.01141199593e-06],
        "median": [0.000343215302564, 0.000369718240108, 0.000111979541543, 6.58449280309e-05, 8.75896512298e-05, 7.5827454566e-05, 4.06801700592e-05, 3.84417871828e-05, 5.91123025515e-05, 7.72606072132e-05, 6.51824084343e-05, 5.42902926099e-05, 4.29865831393e-05, 3.22211781167e-05, 2.68965086434e-05, 2.45915616688e-05, 2.5655983336e-05, 2.40549870796e-05, 1.75903824129e-05, 1.42815260915e-05, 1.32485092763e-05, 9.00394115888e-06, 8.87083569978e-06, 9.49706918618e-06, 8.17663749331e-06, 6.79415325067e-06, 5.56706982024e-06, 4.66880192107e-06, 2.7762685022e-06, 1.46686511471e-06, 1.20819754557e-06, 1.13495127607e-06, 1.17020317703e-06, 1.05934157091e-06, 9.4136368034e-07, 6.57671989757e-07, 5.33452634954e-07, 3.61227648682e-07, 2.67586244718e-07, 2.70050293238e-07],
        "min": [2.32561200562e-17, 1.48601375771e-17, 7.10450207999e-18, 4.67273128619e-18, 4.47856263152e-18, 4.03923625484e-18, 6.07987221444e-18, 8.12742753987e-18, 4.2760332488e-18, 1.74358030559e-18, 7.71999063017e-18, 1.59841287914e-17, 1.56789901353e-17, 7.88349363159e-18, 4.97953464334e-18, 7.15579306823e-18, 4.65945958686e-18, 2.99760493258e-18, 7.70457777382e-18, 6.79792991982e-18, 5.56271972266e-18, 3.64957338855e-18, 1.18970016743e-18, 2.37603433014e-18, 2.95532028685e-18, 2.14114688263e-18, 8.83057179919e-19, 7.5051973643e-19, 1.08088466124e-18, 2.63358714682e-18, 1.48569692686e-18, 4.21674549198e-18, 5.08294421403e-18, 5.31695236855e-18, 8.96860818429e-18, 7.44959686846e-18, 9.76015054734e-18, 8.34043316505e-18, 6.52032355675e-18, 5.46875407302e-18],
        "var": [5.29903491042e-06, 5.14422936249e-06, 1.15592979455e-06, 6.35832151374e-08, 6.50060314911e-07, 8.62784986566e-07, 1.7147742426e-07, 1.16631468927e-07, 1.8742831287e-07, 3.8101339328e-07, 2.05422963973e-07, 2.07683484632e-07, 3.2756344126e-07, 3.14739054375e-07, 2.21087272934e-08, 2.94731972161e-08, 2.1845089293e-08, 1.85950668197e-08, 8.54952642015e-09, 1.08165281176e-08, 4.38848424267e-09, 1.15623099983e-09, 7.17520598492e-10, 1.02514507994e-09, 9.40960198648e-10, 7.43232031475e-10, 5.27483057233e-10, 4.6604231585e-10, 2.16190523816e-10, 1.09992147335e-10, 1.74491518456e-10, 2.98123886688e-10, 2.81781681322e-10, 2.32697000557e-10, 2.19298246229e-10, 1.90150575841e-10, 9.88230261512e-11, 6.35792737902e-11, 1.76791029732e-11, 1.32494510155e-11]
    },
    "mfcc": {
        "mean": [-642.739868164, 100.315734863, -26.3656864166, 7.84575748444, -5.20138454437, 1.39076411724, 1.84928274155, 7.3462805748, -1.52517282963, 7.32325029373, -0.886360228062, -3.62759208679, 0.0815730690956],
        "cov": [[5555.19042969, -377.08026123, 1553.01513672, 718.245361328, 763.925048828, 674.710449219, 460.604980469, 215.779998779, 84.329536438, 185.518585205, 82.2104263306, 175.587463379, 308.238250732], [-377.08026123, 1211.16271973, 69.4475860596, 380.774871826, 291.086334229, 32.1570129395, 109.442390442, -45.6551551819, -15.2972269058, 13.1581945419, -53.0203514099, -8.5547618866, -1.06091046333], [1553.01513672, 69.4475860596, 1460.40026855, 639.326171875, 601.909545898, 448.462768555, 223.151824951, 98.8665771484, 66.5822525024, 57.3759880066, 61.1375083923, 111.789901733, 133.689926147], [718.245361328, 380.774871826, 639.326171875, 658.4140625, 419.033996582, 209.413269043, 118.756202698, 7.01978063583, 12.9124059677, 37.48595047, -28.552444458, 40.4694900513, 66.7628707886], [763.925048828, 291.086334229, 601.909545898, 419.033996582, 485.301086426, 235.472488403, 140.947357178, 36.6795120239, 37.6626625061, 39.277015686, 13.1362810135, 54.1414451599, 88.2578125], [674.710449219, 32.1570129395, 448.462768555, 209.413269043, 235.472488403, 329.225006104, 149.077819824, 79.2122192383, 58.7776870728, 5.88865375519, 50.1069107056, 35.0096740723, 67.1554336548], [460.604980469, 109.442390442, 223.151824951, 118.756202698, 140.947357178, 149.077819824, 231.275192261, 85.0135269165, 38.5682144165, 45.9149742126, 30.7257328033, 29.1671123505, 56.6785163879], [215.779998779, -45.6551551819, 98.8665771484, 7.01978063583, 36.6795120239, 79.2122192383, 85.0135269165, 135.366149902, 67.4447555542, 31.8840637207, 42.5235023499, 24.0633049011, 30.9370098114], [84.329536438, -15.2972269058, 66.5822525024, 12.9124059677, 37.6626625061, 58.7776870728, 38.5682144165, 67.4447555542, 142.042617798, 33.3733940125, 44.3359146118, 25.0032730103, 7.14803504944], [185.518585205, 13.1581945419, 57.3759880066, 37.48595047, 39.277015686, 5.88865375519, 45.9149742126, 31.8840637207, 33.3733940125, 120.80280304, 24.5034351349, 25.0585575104, 20.7628898621], [82.2104263306, -53.0203514099, 61.1375083923, -28.552444458, 13.1362810135, 50.1069107056, 30.7257328033, 42.5235023499, 44.3359146118, 24.5034351349, 104.609092712, 28.4994716644, 17.2024669647], [175.587463379, -8.5547618866, 111.789901733, 40.4694900513, 54.1414451599, 35.0096740723, 29.1671123505, 24.0633049011, 25.0032730103, 25.0585575104, 28.4994716644, 82.768989563, 36.9389839172], [308.238250732, -1.06091046333, 133.689926147, 66.7628707886, 88.2578125, 67.1554336548, 56.6785163879, 30.9370098114, 7.14803504944, 20.7628898621, 17.2024669647, 36.9389839172, 99.4491882324]],
