{
"lowlevel": {
    "average_loudness": 0.601342737675,
    "barkbands_crest": {
        "dmean": 2.15398645401,
        "dmean2": 3.46507024765,
        "dvar": 4.2718706131,
        "dvar2": 10.5624361038,
        "max": 23.9194297791,
        "mean": 8.89110660553,
        "median": 7.9691734314,
        "min": 2.39394164085,
        "var": 13.4369182587
    },
    "barkbands_flatness_db": {
        "dmean": 0.0177078545094,
        "dmean2": 0.0269523710012,
        "dvar": 0.000305110646877,
        "dvar2": 0.000640495971311,
        "max": 0.339212983847,
        "mean": 0.149062991142,
        "median": 0.147488892078,
        "min": 0.0170311592519,
        "var": 0.00230304384604
    },
    "barkbands_kurtosis": {
        "dmean": 1.99464559555,
        "dmean2": 3.14392089844,
        "dvar": 10.7757339478,
        "dvar2": 25.3422241211,
        "max": 83.990562439,
        "mean": 3.50201463699,
        "median": 1.95157909393,
        "min": -1.90095221996,
        "var": 31.5144042969
    },
    "barkbands_skewness": {
        "dmean": 0.415285855532,
        "dmean2": 0.623483538628,
        "dvar": 0.203260451555,
        "dvar2": 0.41904759407,
        "max": 7.58368778229,
        "mean": 1.02199304104,
        "median": 1.06556725502,
        "min": -6.80271625519,
        "var": 1.76792514324
    },
    "barkbands_spread": {
        "dmean": 4.00236606598,
        "dmean2": 6.13384151459,
        "dvar": 34.092880249,
        "dvar2": 64.7372817993,
        "max": 94.4404907227,
        "mean": 17.2343902588,
        "median": 14.3827171326,
        "min": 1.56895422935,
        "var": 134.196365356
    },
    "dissonance": {
        "dmean": 0.0192665401846,
        "dmean2": 0.0322339907289,
        "dvar": 0.000382546742912,
        "dvar2": 0.00102696020622,
        "max": 0.500000059605,
        "mean": 0.460139662027,
        "median": 0.466238886118,
        "min": 0.272434055805,
        "var": 0.000948077999055
    },
    "dynamic_complexity": 3.8123896122,
    "erbbands_crest": {
        "dmean": 2.44041728973,
        "dmean2": 3.88454008102,
        "dvar": 5.84232902527,
        "dvar2": 13.9680547714,
        "max": 31.6931686401,
        "mean": 9.2533864975,
        "median": 8.27013397217,
        "min": 2.56693482399,
        "var": 21.4605464935
    },
    "erbbands_flatness_db": {
        "dmean": 0.0157829895616,
        "dmean2": 0.0225028134882,
        "dvar": 0.000228526769206,
        "dvar2": 0.000424754136475,
        "max": 0.386245071888,
        "mean": 0.185905709863,
        "median": 0.189666554332,
        "min": 0.0585889108479,
        "var": 0.00249588768929
    },
    "erbbands_kurtosis": {
        "dmean": 0.969146192074,
        "dmean2": 1.51652133465,
        "dvar": 2.71109294891,
        "dvar2": 6.10545730591,
        "max": 47.3795776367,
        "mean": 0.780547082424,
        "median": 0.160157203674,
        "min": -1.84657692909,
        "var": 6.50906515121
    },
    "erbbands_skewness": {
        "dmean": 0.343627095222,
        "dmean2": 0.515674233437,
        "dvar": 0.124964557588,
        "dvar2": 0.250142514706,
        "max": 5.3720998764,
        "mean": 0.453160047531,
        "median": 0.45845168829,
        "min": -5.17853736877,
        "var": 0.720375180244
    },
    "erbbands_spread": {
        "dmean": 5.88648223877,
        "dmean2": 8.99504375458,
        "dvar": 55.6623306274,
        "dvar2": 122.988563538,
        "max": 129.784210205,
        "mean": 30.4004936218,
        "median": 27.1975746155,
        "min": 2.47434616089,
        "var": 238.163314819
    },
    "hfc": {
        "dmean": 4.79242038727,
        "dmean2": 6.5516037941,
        "dvar": 170.403259277,
        "dvar2": 275.538513184,
        "max": 416.17086792,
        "mean": 16.7249641418,
        "median": 9.25158977509,
        "min": 1.0597866463e-16,
        "var": 605.89630127
    },
    "melbands_crest": {
        "dmean": 2.78178882599,
        "dmean2": 4.46483945847,
        "dvar": 7.35037517548,
        "dvar2": 17.9177589417,
        "max": 31.3676204681,
        "mean": 11.124581337,
        "median": 10.4652109146,
        "min": 1.47208106518,
        "var": 30.5011024475
    },
    "melbands_flatness_db": {
        "dmean": 0.0198743287474,
        "dmean2": 0.0294425077736,
        "dvar": 0.000493545609061,
        "dvar2": 0.000994273228571,
        "max": 0.458768814802,
        "mean": 0.179608523846,
        "median": 0.185360923409,
        "min": 0.0026274016127,
        "var": 0.00665762647986
    },
    "melbands_kurtosis": {
        "dmean": 3.52078294754,
        "dmean2": 5.49324321747,
        "dvar": 39.7659492493,
        "dvar2": 96.5212020874,
        "max": 148.907546997,
        "mean": 7.24365472794,
        "median": 3.7602763176,
        "min": -1.86620092392,
        "var": 113.142478943
    },
    "melbands_skewness": {
        "dmean": 0.480127900839,
        "dmean2": 0.727436542511,
        "dvar": 0.288868188858,
        "dvar2": 0.639503955841,
        "max": 9.13573169708,
        "mean": 1.7362344265,
        "median": 1.54986083508,
        "min": -3.84215068817,
        "var": 1.69159173965
    },
    "melbands_spread": {
        "dmean": 6.65756082535,
        "dmean2": 10.0295772552,
        "dvar": 134.528686523,
        "dvar2": 239.708892822,
        "max": 236.067276001,
        "mean": 31.4861125946,
        "median": 19.0617656708,
        "min": 1.27139091492,
        "var": 1394.77722168
    },
    "pitch_salience": {
        "dmean": 0.0572504550219,
        "dmean2": 0.0915990769863,
        "dvar": 0.00284412619658,
        "dvar2": 0.00703671015799,
        "max": 0.92536431551,
        "mean": 0.627845942974,
        "median": 0.628290653229,
        "min": 0.167687103152,
        "var": 0.0130147021264
    },
    "silence_rate_20dB": {
        "dmean": 0,
        "dmean2": 0,
        "dvar": 0,
        "dvar2": 0,
        "max": 1,
        "mean": 1,
        "median": 1,
        "min": 1,
        "var": 0
    },
    "silence_rate_30dB": {
        "dmean": 0.00505902199075,
        "dmean2": 0.0101191103458,
        "dvar": 0.00503323739395,
        "dvar2": 0.0125463157892,
        "max": 1,
        "mean": 0.994625329971,
        "median": 1,
        "min": 0,
        "var": 0.00534583954141
    },
    "silence_rate_60dB": {
        "dmean": 0.01412310265,
        "dmean2": 0.0282491836697,
        "dvar": 0.0139227882028,
        "dvar2": 0.0329299122095,
        "max": 1,
        "mean": 0.167983978987,
        "median": 0,
        "min": 0,
        "var": 0.139758497477
    },
    "spectral_centroid": {
        "dmean": 219.216156006,
        "dmean2": 333.99432373,
        "dvar": 100521.03125,
        "dvar2": 186753.71875,
        "max": 12035.3359375,
        "mean": 2039.16833496,
        "median": 1061.90551758,
        "min": 211.403808594,
        "var": 8082511.5
    },
    "spectral_complexity": {
        "dmean": 2.27044677734,
        "dmean2": 3.6180036068,
        "dvar": 6.08883094788,
        "dvar2": 13.6948518753,
        "max": 48,
        "mean": 15.5611763,
        "median": 16,
        "min": 0,
        "var": 83.3862075806
    },
    "spectral_decrease": {
        "dmean": 1.29397237369e-09,
        "dmean2": 1.93461380249e-09,
        "dvar": 5.40972232861e-18,
        "dvar2": 1.12667169309e-17,
        "max": 2.35446259778e-28,
        "mean": -4.63147475926e-09,
        "median": -3.4439193719e-09,
        "min": -6.69311077672e-08,
        "var": 2.30445851582e-17
    },
    "spectral_energy": {
        "dmean": 0.00522574223578,
        "dmean2": 0.0077793141827,
        "dvar": 8.57686100062e-05,
        "dvar2": 0.000177508118213,
        "max": 0.265662997961,
        "mean": 0.0189972408116,
        "median": 0.014193543233,
        "min": 9.75426160945e-21,
        "var": 0.000377437361749
    },
    "spectral_energyband_high": {
        "dmean": 0.00038223946467,
        "dmean2": 0.000496677414048,
        "dvar": 3.4650076941e-06,
        "dvar2": 5.42968518857e-06,
        "max": 0.0647059679031,
        "mean": 0.000765138480347,
        "median": 0.000121003344248,
        "min": 6.92291284556e-21,
        "var": 9.57485281106e-06
    },
    "spectral_energyband_low": {
        "dmean": 0.00121161737479,
        "dmean2": 0.00194266822655,
        "dvar": 6.23007554168e-06,
        "dvar2": 1.63270033227e-05,
        "max": 0.0476567447186,
        "mean": 0.00240197195671,
        "median": 0.000949372770265,
        "min": 8.30158325812e-24,
        "var": 1.50535006469e-05
    },
    "spectral_energyband_middle_high": {
        "dmean": 0.00129302404821,
        "dmean2": 0.00190880743321,
        "dvar": 5.57226849196e-06,
        "dvar2": 1.17067747851e-05,
        "max": 0.067591920495,
        "mean": 0.00448034331203,
        "median": 0.00257839122787,
        "min": 9.97879510152e-22,
        "var": 3.27458728862e-05
    },
    "spectral_energyband_middle_low": {
        "dmean": 0.00426200311631,
        "dmean2": 0.00646310579032,
        "dvar": 7.32000917196e-05,
        "dvar2": 0.000154042994836,
        "max": 0.230444639921,
        "mean": 0.0120186833665,
        "median": 0.00798036903143,
        "min": 1.41294757379e-22,
        "var": 0.000235585626797
    },
    "spectral_entropy": {
        "dmean": 0.133534833789,
        "dmean2": 0.195531606674,
        "dvar": 0.0251358766109,
        "dvar2": 0.0508533976972,
        "max": 9.82963085175,
        "mean": 7.62994718552,
        "median": 7.49646854401,
        "min": 5.7992606163,
        "var": 0.615147411823
    },
    "spectral_flux": {
        "dmean": 0.0151170594618,
        "dmean2": 0.024142710492,
        "dvar": 0.000402539677452,
        "dvar2": 0.000932407507207,
        "max": 0.377160608768,
        "mean": 0.0633358731866,
        "median": 0.057226870209,
        "min": 6.11929604211e-11,
        "var": 0.00195341114886
    },
    "spectral_kurtosis": {
        "dmean": 1.86302232742,
        "dmean2": 3.13633918762,
        "dvar": 5.41719245911,
        "dvar2": 15.2638034821,
        "max": 44.8482017517,
        "mean": 4.94961500168,
        "median": 4.17750644684,
        "min": -1.28003203869,
        "var": 20.175037384
    },
    "spectral_rms": {
        "dmean": 0.000507518881932,
        "dmean2": 0.000742807693314,
        "dvar": 4.46949059096e-07,
        "dvar2": 8.80657808011e-07,
        "max": 0.0160991735756,
        "mean": 0.0037328558974,
        "median": 0.00372120412067,
        "min": 3.08485854049e-12,
        "var": 4.59961029264e-06
    },
    "spectral_rolloff": {
        "dmean": 375.343231201,
        "dmean2": 606.146972656,
        "dvar": 519746.75,
        "dvar2": 922882.8125,
        "max": 20004.3457031,
        "mean": 2973.01464844,
        "median": 1270.45898438,
        "min": 107.666015625,
        "var": 25483056
    },
    "spectral_skewness": {
        "dmean": 0.233383148909,
        "dmean2": 0.375057041645,
        "dvar": 0.0636090710759,
        "dvar2": 0.152588024735,
        "max": 4.86448049545,
        "mean": 1.52860593796,
        "median": 1.5624243021,
        "min": -0.396350473166,
        "var": 0.580701768398
    },
    "spectral_spread": {
        "dmean": 462015.1875,
        "dmean2": 666302.5625,
        "dvar": 485314002944,
        "dvar2": 966355058688,
        "max": 43132572,
        "mean": 7001882.5,
        "median": 3665335,
        "min": 1324795.875,
        "var": 1.08358250004e+14
    },
    "spectral_strongpeak": {
        "dmean": 0.510447740555,
        "dmean2": 0.832422077656,
        "dvar": 0.737591803074,
        "dvar2": 1.78823673725,
        "max": 20.0741271973,
        "mean": 1.06464421749,
        "median": 0.634541988373,
        "min": 0,
        "var": 1.73875522614
    },
    "zerocrossingrate": {
        "dmean": 0.00916268397123,
        "dmean2": 0.0106909759343,
        "dvar": 0.0001977840584,
        "dvar2": 0.000191326224012,
        "max": 0.73779296875,
        "mean": 0.0957054942846,
        "median": 0.05078125,
        "min": 0.00537109375,
        "var": 0.0170543994755
    },
    "barkbands": {
        "dmean": [2.66513143288e-05, 0.000773507868871, 0.000388631771784, 0.000692434376106, 0.00149945053272, 0.00100732990541, 0.00110722729005, 0.00130848027766, 0.000960633798968, 0.000602687476203, 0.000300541520119, 0.000328169873683, 0.000356278178515, 0.000279982195934, 0.000227905868087, 0.000166683035786, 0.000119095937407, 9.29911111598e-05, 7.63217103668e-05, 6.28942871117e-05, 0.000104556653241, 0.00012533282279, 0.000107768275484, 6.11697905697e-05, 1.31086080728e-05, 4.71368275612e-06, 1.46423895231e-08],
        "dmean2": [3.38578902301e-05, 0.00118257629219, 0.000661902711727, 0.00114775367547, 0.00243371585384, 0.00152155582327, 0.00165211118292, 0.00196737283841, 0.00143709848635, 0.0009156052256, 0.000469615275506, 0.000517192936968, 0.000554840196855, 0.000452274602139, 0.000355883152224, 0.000257862149738, 0.00019056025485, 0.000149349099956, 0.000119675423775, 9.61391706369e-05, 0.00015656890173, 0.000184215532499, 0.000147712504258, 8.34739039419e-05, 1.7060800019e-05, 6.18310878053e-06, 2.54550780454e-08],
        "dvar": [6.0456821771e-09, 3.84152053812e-06, 1.10083692562e-06, 2.99662815451e-06, 1.26906588775e-05, 7.59965178077e-06, 1.32645245685e-05, 2.34196195379e-05, 9.32566854317e-06, 3.47377067555e-06, 6.8841711709e-07, 1.030637236e-06, 8.5415626927e-07, 6.06253024671e-07, 3.600165428e-07, 2.02633657409e-07, 6.04674568194e-08, 4.52795063666e-08, 4.80013113702e-08, 4.39891927329e-08, 2.04282542882e-07, 4.7155705829e-07, 5.54350549464e-07, 2.13353331446e-07, 4.94977836496e-09, 2.32642502485e-10, 1.40454927081e-14],
        "dvar2": [8.69645511159e-09, 9.57250176725e-06, 3.00803344544e-06, 7.77355853643e-06, 3.33602583851e-05, 1.70437433553e-05, 2.74385238299e-05, 4.76421846543e-05, 2.01795701287e-05, 6.87990495862e-06, 1.56769237947e-06, 2.34835556512e-06, 1.91799904314e-06, 1.31057095132e-06, 7.63004663895e-07, 4.30550556985e-07, 1.5154034827e-07, 1.09252397351e-07, 1.01606204339e-07, 8.96470382372e-08, 4.43283227014e-07, 8.82441952399e-07, 9.28083125018e-07, 3.8499226207e-07, 8.81718786871e-09, 3.78540560009e-10, 3.86618939174e-14],
        "max": [0.0020971451886, 0.0425379909575, 0.0309993177652, 0.0529553666711, 0.118915915489, 0.114978149533, 0.143985927105, 0.198034822941, 0.0930499881506, 0.0900654941797, 0.0214345548302, 0.0294869244099, 0.0329984165728, 0.0460719875991, 0.0217786580324, 0.0172916278243, 0.0050365338102, 0.00555656524375, 0.0102926883847, 0.00863418914378, 0.0156236775219, 0.0351734310389, 0.0359985381365, 0.0174800921232, 0.00478216493502, 0.000479223701404, 6.79258982927e-06],
        "mean": [4.01976394642e-05, 0.00123764958698, 0.000574305071495, 0.00110704125836, 0.00294825132005, 0.00192392442841, 0.00193500425667, 0.00207688217051, 0.00173221947625, 0.00107891089283, 0.000486383854877, 0.00055272388272, 0.000683722784743, 0.000478531583212, 0.000407889543567, 0.000320678343996, 0.000233673024923, 0.000191307393834, 0.000160984520335, 0.000127630177303, 0.000186267294339, 0.000222140108235, 0.000170762985363, 8.97380377864e-05, 2.27975651796e-05, 7.65450658946e-06, 1.22179111273e-08],
        "median": [3.81553172701e-06, 0.000245632108999, 0.000196400651475, 0.000357954355422, 0.00137031252962, 0.00081933918409, 0.000729818304535, 0.000453502201708, 0.000444675330073, 0.000285314512439, 0.00012860102288, 0.000152762135258, 0.000192218707525, 0.000157756381668, 0.000137968920171, 0.000109202628664, 9.23540792428e-05, 6.90042506903e-05, 6.03609441896e-05, 3.9600112359e-05, 3.73169605155e-05, 2.42238984356e-05, 1.15527300295e-05, 6.78863261783e-06, 3.27471752826e-06, 8.11677125512e-07, 6.94140189772e-10],
        "min": [6.18163423134e-26, 4.72164855515e-25, 4.17376740014e-25, 3.85544427551e-25, 5.39172939197e-24, 5.71232798588e-24, 2.66471573428e-24, 5.20529118892e-24, 4.83564161836e-24, 8.24069108485e-24, 7.58671513923e-24, 1.35414285268e-23, 1.69517136632e-23, 2.169364965e-23, 3.48598107334e-23, 4.26304598367e-23, 5.14030064659e-23, 8.63298577544e-23, 8.20176789892e-23, 1.29213346304e-22, 1.88931151815e-22, 2.93490587969e-22, 3.50946369544e-22, 5.45753108842e-22, 7.60489327127e-22, 1.19490015918e-21, 1.78030048311e-21],
        "var": [1.56090163017e-08, 7.19374565961e-06, 1.49481240896e-06, 4.96232632941e-06, 2.45859882853e-05, 1.65561868926e-05, 2.20081419684e-05, 5.46538285562e-05, 2.66317219939e-05, 8.99374481378e-06, 1.37074539452e-06, 2.06394588531e-06, 2.61119657807e-06, 1.61613070304e-06, 9.21460411973e-07, 6.62434786136e-07, 1.47886098034e-07, 1.1743481565e-07, 1.28109618913e-07, 1.03602765478e-07, 3.84570796541e-07, 1.15806051326e-06, 1.18851187381e-06, 3.68075632196e-07, 8.77864714255e-09, 6.11199535427e-10, 1.16852193069e-14]
    },
    "erbbands": {
        "dmean": [0.0226037353277, 0.176490619779, 0.367925822735, 1.4518944025, 3.40370368958, 5.50568819046, 8.65014266968, 7.69001150131, 13.5496644974, 18.7941131592, 31.1083812714, 21.809797287, 16.4349765778, 16.216501236, 11.4972610474, 13.0405597687, 17.2040214539, 13.3293581009, 12.2427453995, 9.77955150604, 7.71975803375, 5.91602611542, 4.47324419022, 4.01350641251, 3.65489292145, 2.82689714432, 3.47202348709, 4.7159614563, 4.57406616211, 3.82604265213, 3.10836625099, 1.81576502323, 0.697456240654, 0.171972155571, 0.0902930572629, 0.0315948426723, 0.00657281884924, 0.000344449741533, 1.18637071864e-05, 6.85340819473e-06],
        "dmean2": [0.0318089164793, 0.279962360859, 0.623810052872, 2.40193390846, 5.6081829071, 8.97363567352, 13.2835302353, 11.556101799, 20.3973407745, 28.1915016174, 46.6753883362, 32.884979248, 24.3701725006, 24.8141746521, 18.0359687805, 20.2650413513, 26.6784687042, 21.3067302704, 19.629699707, 15.0911359787, 11.9765501022, 9.36485767365, 7.13206958771, 6.38262462616, 5.67793941498, 4.2995057106, 5.24645042419, 7.00154304504, 6.61077594757, 5.19524812698, 4.36002492905, 2.52324485779, 0.93240660429, 0.225693270564, 0.117234453559, 0.0413197055459, 0.00851742643863, 0.000445597921498, 1.54511872097e-05, 9.89298496279e-06],
        "dvar": [0.00396585371345, 0.202939584851, 0.811279535294, 12.8714256287, 95.1233444214, 176.518371582, 407.788482666, 650.402954102, 2270.2121582, 4948.96191406, 15466.5039062, 5150.62939453, 3467.68945312, 1705.5793457, 1053.58935547, 1435.04663086, 2094.37011719, 1645.22155762, 678.92199707, 835.740722656, 339.840881348, 157.323425293, 110.269645691, 113.230354309, 110.322608948, 80.8855819702, 223.326568604, 439.473266602, 654.591247559, 512.395263672, 564.446350098, 175.763046265, 28.5634708405, 1.28796815872, 0.143631026149, 0.0104553550482, 0.000510525365826, 3.36923380928e-06, 2.18468443336e-09, 1.5916697127e-10],
        "dvar2": [0.00802303850651, 0.528831660748, 2.27130866051, 33.5680007935, 247.658737183, 463.843414307, 974.412658691, 1418.6496582, 4767.17431641, 11343.3378906, 31743.0761719, 12136.2197266, 6640.15478516, 3924.09643555, 2470.9753418, 3208.68725586, 4646.015625, 3435.88452148, 1628.94726562, 1680.71618652, 746.260437012, 395.118164062, 259.924041748, 262.852844238, 222.950164795, 162.549468994, 457.233856201, 966.436157227, 1219.68688965, 915.894592285, 978.405822754, 321.147644043, 53.0877571106, 2.38276791573, 0.250143766403, 0.0173912253231, 0.000806307885796, 5.98995984546e-06, 4.39803704566e-09, 3.04618941183e-10],
        "max": [2.09488677979, 10.653386116, 23.3484344482, 96.1215896606, 272.23614502, 509.625946045, 530.81060791, 1197.01525879, 2336.39404297, 2167.82739258, 5564.30371094, 1961.76184082, 3388.17285156, 1183.1171875, 863.209838867, 1095.64086914, 1828.203125, 2703.57495117, 682.152587891, 813.591430664, 613.161560059, 324.78817749, 361.375610352, 446.25189209, 372.691162109, 373.756011963, 556.171203613, 755.163024902, 1552.15429688, 958.500366211, 1116.21582031, 439.034179688, 234.0546875, 79.8637924194, 18.2536811829, 3.32622766495, 0.752837240696, 0.0868784934282, 0.00199274392799, 0.000301295192912],
        "mean": [0.0363194830716, 0.271668344736, 0.638961017132, 2.43848800659, 5.64959383011, 10.2365512848, 17.4884662628, 14.0522975922, 23.3700618744, 33.2843322754, 52.0052452087, 41.740852356, 30.8393173218, 30.8233222961, 21.787103653, 24.5546531677, 35.0300712585, 25.1549892426, 23.7869758606, 19.1825695038, 16.4163131714, 12.9251661301, 10.2597045898, 8.87764072418, 8.04709625244, 5.96039390564, 6.37900781631, 8.34035110474, 8.00879001617, 6.41880846024, 4.80216503143, 2.67086577415, 1.01855957508, 0.284485578537, 0.156603768468, 0.055087082088, 0.00963091943413, 0.000444132572738, 2.51032925007e-05, 2.4571785616e-05],
        "median": [0.00417558522895, 0.0663961842656, 0.273800760508, 0.879612565041, 2.26821517944, 4.55007076263, 6.47166776657, 6.62876319885, 9.55911636353, 9.7325220108, 12.1791028976, 11.2008466721, 7.94368362427, 10.1298866272, 8.17434597015, 8.14756393433, 10.4201231003, 8.90109539032, 10.1557426453, 6.56624603271, 6.30389118195, 5.35879659653, 4.13639259338, 3.18178296089, 2.94207334518, 1.96208333969, 1.60940361023, 1.32648706436, 0.870117247105, 0.528388023376, 0.306330323219, 0.182446211576, 0.0883750319481, 0.0371661297977, 0.022532876581, 0.00767955090851, 0.00057277281303, 2.19040812226e-05, 1.06883981061e-05, 1.75586756086e-05],
        "min": [2.41868066757e-23, 2.18574474662e-22, 1.20851410611e-21, 3.95829066392e-21, 8.74281278296e-21, 1.61848856683e-20, 2.8980925458e-20, 4.27190286458e-20, 4.94150330862e-20, 1.12293891132e-19, 1.59437227763e-19, 1.53580543456e-19, 4.00900140758e-19, 4.40772598578e-19, 6.13645023097e-19, 9.86577489411e-19, 1.06566360739e-18, 1.46912457008e-18, 1.79022564072e-18, 2.22307415922e-18, 2.98750298935e-18, 3.09966102899e-18, 5.36993411396e-18, 4.93659859288e-18, 5.40244479358e-18, 6.54785047318e-18, 8.3316162469e-18, 7.87044651179e-18, 7.56010737112e-18, 9.729445603e-18, 1.01570773002e-17, 9.77217196318e-18, 9.02163128874e-18, 7.44612850015e-18, 5.1286277449e-18, 3.26057102598e-18, 2.21589257714e-18, 8.96312335645e-19, 2.36573784437e-19, 2.47976517649e-20],
        "var": [0.00956273637712, 0.318689972162, 1.29349792004, 22.0984325409, 130.364212036, 347.644439697, 1382.40429688, 1083.30419922, 3713.58447266, 8294.171875, 39167.203125, 16757.2265625, 9299.59863281, 4829.56835938, 2404.68652344, 3414.5625, 6571.57470703, 4774.13916016, 1846.67407227, 2263.64794922, 1233.87316895, 416.282073975, 304.914520264, 288.221740723, 343.024505615, 205.681137085, 449.580871582, 818.699890137, 1566.21777344, 1247.06555176, 1077.10766602, 317.677520752, 46.7940635681, 2.07437109947, 0.30630299449, 0.0280154682696, 0.00123254070058, 5.82213988309e-06, 3.9472562996e-09, 6.75345890322e-10]
    },
    "gfcc": {
        "mean": [-131.957305908, 102.127456665, -131.039901733, 23.2555427551, -68.1095733643, 7.29083681107, -38.5234603882, 0.840220212936, -20.4111404419, -0.0457479767501, -12.7685251236, -4.95608377457, -5.3588514328],
        "cov": [[102253.65625, 9285.07421875, -12682.8427734, 2500.33569336, -6861.47167969, 806.225280762, -3724.88647461, 81.8269042969, -1936.1940918, 123.479751587, -1419.89501953, -382.051452637, -698.657653809], [9285.07421875, 2587.82568359, -813.705810547, 212.631454468, -345.87979126, -114.026931763, -226.335220337, -83.0030593872, -68.6029205322, -94.6579818726, 38.8632164001, -174.71774292, 56.2403564453], [-12682.8427734, -813.705810547, 2878.51855469, 100.837966919, 967.49420166, -32.0776596069, 454.142852783, -3.1223077774, 177.198669434, 48.8107299805, 114.165672302, 73.4323883057, 40.8266601562], [2500.33569336, 212.631454468, 100.837966919, 542.932312012, -146.413925171, 80.5526428223, -63.8937797546, -45.2835922241, -30.8600673676, -21.4062747955, -52.7437477112, -14.2543544769, -12.2316761017], [-6861.47167969, -345.87979126, 967.49420166, -146.413925171, 688.497253418, -45.053981781, 267.074066162, 33.6703186035, 132.44152832, 27.4546451569, 110.704833984, 25.4491271973, 55.0867118835], [806.225280762, -114.026931763, -32.0776596069, 80.5526428223, -45.053981781, 172.124694824, 23.8574752808, 35.5540733337, -25.6531887054, 25.3410396576, -29.6916999817, 16.4628658295, -33.6181526184], [-3724.88647461, -226.335220337, 454.142852783, -63.8937797546, 267.074066162, 23.8574752808, 333.001251221, 30.1555480957, 100.621841431, -30.4169845581, 78.643737793, 9.83596897125, 18.3660984039], [81.8269042969, -83.0030593872, -3.1223077774, -45.2835922241, 33.6703186035, 35.5540733337, 30.1555480957, 122.876686096, -8.82175636292, 41.942527771, -16.4023132324, 25.3592166901, -16.0912380219], [-1936.1940918, -68.6029205322, 177.198669434, -30.8600673676, 132.44152832, -25.6531887054, 100.621841431, -8.82175636292, 182.61819458, -6.01089191437, 62.0647201538, -25.1591510773, 30.2212162018], [123.479751587, -94.6579818726, 48.8107299805, -21.4062747955, 27.4546451569, 25.3410396576, -30.4169845581, 41.942527771, -6.01089191437, 114.211120605, -4.78185081482, 18.2149143219, -24.5791568756], [-1419.89501953, 38.8632164001, 114.165672302, -52.7437477112, 110.704833984, -29.6916999817, 78.643737793, -16.4023132324, 62.0647201538, -4.78185081482, 108.088890076, 8.82360744476, 36.5018844604], [-382.051452637, -174.71774292, 73.4323883057, -14.2543544769, 25.4491271973, 16.4628658295, 9.83596897125, 25.3592166901, -25.1591510773, 18.2149143219, 8.82360744476, 84.4922103882, 10.4095201492], [-698.657653809, 56.2403564453, 40.8266601562, -12.2316761017, 55.0867118835, -33.6181526184, 18.3660984039, -16.0912380219, 30.2212162018, -24.5791568756, 36.5018844604, 10.4095201492, 88.1582946777]],
        "icov": [[0.000270452554105, -0.000707740429789, 0.000547111092601, -0.000619418511633, 0.00101197534241, -0.000551445118617, 0.00059142668033, -0.000493692583404, 0.000237913569435, -0.000675645598676, 0.000919602171052, -0.000898856145795, 0.000655019597616], [-0.000707740429789, 0.00246701971628, -0.00133725523483, 0.00130874931347, -0.00256655970588, 0.00174094433896, -0.00129632523749, 0.000918875390198, -0.000110756292997, 0.00197002035566, -0.00337864411995, 0.00375115615316, -0.00213318294846], [0.000547111092601, -0.00133725523483, 0.00196790718473, -0.00180957268458, 0.000901512859855, -0.000733667286113, 0.000673544418532, -0.000461977469968, 0.000515449151862, -0.00175011204556, 0.00228842790239, -0.0022826178465, 0.00161617260892], [-0.000619418511633, 0.00130874931347, -0.00180957268458, 0.00414335448295, -0.0014618326677, -0.000332479423378, -0.00097707961686, 0.0020089650061, -0.000960458011832, 0.00194300152361, -0.00114123197272, 0.00183492619544, -0.00184718833771], [0.00101197534241, -0.00256655970588, 0.000901512859855, -0.0014618326677, 0.00798077881336, -0.00169919373002, 0.00108363595791, -0.00274392403662, 0.000533142068889, -0.0033861414995, 0.00213293870911, -0.00259053590707, 0.000971405941527], [-0.000551445118617, 0.00174094433896, -0.000733667286113, -0.000332479423378, -0.00169919373002, 0.00950363092124, -0.00327933370136, -0.000239434957621, 0.000203189250897, -0.000334633223247, -0.000838647771161, 0.000996762304567, 0.000204720330657], [0.00059142668033, -0.00129632523749, 0.000673544418532, -0.00097707961686, 0.00108363595791, -0.00327933370136, 0.00802584644407, -0.00337484455667, -0.000897540885489, 0.00230757822283, -0.00145581830293, -0.00129315711092, 0.00255741178989], [-0.000493692583404, 0.000918875390198, -0.000461977469968, 0.0020089650061, -0.00274392403662, -0.000239434957621, -0.00337484455667, 0.0130655327812, -0.000791782513261, -0.00285820127465, 0.00254436326213, -0.00205480051227, -0.000631209404673], [0.000237913569435, -0.000110756292997, 0.000515449151862, -0.000960458011832, 0.000533142068889, 0.000203189250897, -0.000897540885489, -0.000791782513261, 0.00911173224449, -0.00143248832319, -0.00294814747758, 0.00387975829653, -0.00138941057958], [-0.000675645598676, 0.00197002035566, -0.00175011204556, 0.00194300152361, -0.0033861414995, -0.000334633223247, 0.00230757822283, -0.00285820127465, -0.00143248832319, 0.0147215202451, -0.00478661525995, 0.00120865541976, 0.00188932032324], [0.000919602171052, -0.00337864411995, 0.00228842790239, -0.00114123197272, 0.00213293870911, -0.000838647771161, -0.00145581830293, 0.00254436326213, -0.00294814747758, -0.00478661525995, 0.0209842119366, -0.00803116988391, -0.000723840377759], [-0.000898856145795, 0.00375115615316, -0.0022826178465, 0.00183492619544, -0.00259053590707, 0.000996762304567, -0.00129315711092, -0.00205480051227, 0.00387975829653, 0.00120865541976, -0.00803116988391, 0.0217141378671, -0.00654332106933], [0.000655019597616, -0.00213318294846, 0.00161617260892, -0.00184718833771, 0.000971405941527, 0.000204720330657, 0.00255741178989, -0.000631209404673, -0.00138941057958, 0.00188932032324, -0.000723840377759, -0.00654332106933, 0.0177888460457]]
    },
    "melbands": {
        "dmean": [0.000211254038732, 0.000193205603864, 0.000281820015516, 0.000324431341141, 0.000277998100501, 0.000175931068952, 0.000208920871955, 0.000209390214877, 0.000255806546193, 0.00012913280807, 8.36547405925e-05, 7.04433259671e-05, 4.13909219787e-05, 3.95641218347e-05, 3.60539816029e-05, 3.39277976309e-05, 2.54834358202e-05, 2.11347378354e-05, 1.59815026564e-05, 1.22612955238e-05, 1.00789138742e-05, 6.78777723806e-06, 6.05510422247e-06, 4.09551648772e-06, 3.46796264239e-06, 3.23595986629e-06, 2.47023513111e-06, 1.94389190256e-06, 2.15941440729e-06, 2.63654669652e-06, 2.96575649372e-06, 2.76511900665e-06, 2.54811448031e-06, 2.15104864765e-06, 2.06643017009e-06, 1.33935361646e-06, 1.11298254524e-06, 5.73654460823e-07, 2.53987906262e-07, 1.19176711166e-07],
        "dmean2": [0.000315758690704, 0.00032359213219, 0.000464830023702, 0.000532062025741, 0.000430487387348, 0.000264149479335, 0.000313408061629, 0.000313982571242, 0.000381790159736, 0.000195340136997, 0.000124211408547, 0.000108637963422, 6.45874024485e-05, 6.24361055088e-05, 5.49467549718e-05, 5.3217059758e-05, 4.06307044614e-05, 3.42126986652e-05, 2.44680340984e-05, 1.85501303349e-05, 1.59974606504e-05, 1.08140066004e-05, 9.7870524769e-06, 6.64496701575e-06, 5.55851420359e-06, 5.08552056999e-06, 3.87301997762e-06, 3.03879619423e-06, 3.34240371558e-06, 3.97669555241e-06, 4.44443639935e-06, 4.10707025367e-06, 3.83383849112e-06, 2.94216010843e-06, 2.93625703307e-06, 1.90217951967e-06, 1.53606265485e-06, 7.87599446994e-07, 3.52248378022e-07, 1.62283555483e-07],
        "dvar": [3.0648462257e-07, 1.85520647733e-07, 4.79022617128e-07, 7.95047583324e-07, 3.65007736036e-07, 3.04363680925e-07, 5.02738600971e-07, 5.48393643385e-07, 1.00754050436e-06, 1.79554817237e-07, 8.94306282362e-08, 3.48498545577e-08, 1.23598820068e-08, 1.58372461811e-08, 1.03291073472e-08, 6.87979229141e-09, 7.00631552775e-09, 2.20133578033e-09, 2.85746737383e-09, 1.69247260651e-09, 6.10931805145e-10, 2.15118672875e-10, 1.94075408522e-10, 1.05939396144e-10, 9.19595649629e-11, 8.37300506706e-11, 6.74497818709e-11, 4.57024591782e-11, 7.82540907074e-11, 1.48965284552e-10, 1.72585154501e-10, 2.54972126745e-10, 2.02898337021e-10, 1.84811319026e-10, 3.01970393135e-10, 8.29387114543e-11, 7.68136804163e-11, 2.06056352536e-11, 4.1197245268e-12, 3.67572400468e-13],
        "dvar2": [7.28300335595e-07, 5.14506325544e-07, 1.23802169583e-06, 2.10566463466e-06, 8.77090201357e-07, 6.61045191919e-07, 1.03984109501e-06, 1.24640655486e-06, 2.0472664346e-06, 4.21305998088e-07, 1.70024378576e-07, 7.98618131626e-08, 2.89762738248e-08, 3.59847405207e-08, 1.97653307055e-08, 1.58676130013e-08, 1.38703759589e-08, 5.4439683872e-09, 5.58886448232e-09, 3.50007645089e-09, 1.43243661377e-09, 5.3798981936e-10, 4.66405303268e-10, 2.66237532021e-10, 2.17756868093e-10, 1.7959697618e-10, 1.39607519989e-10, 9.92330592697e-11, 1.55228510601e-10, 3.4777500324e-10, 3.93319432579e-10, 5.01044816748e-10, 4.17145012976e-10, 3.41055572672e-10, 5.29290111739e-10, 1.68160846359e-10, 1.45263273632e-10, 3.95397395381e-11, 7.98006192376e-12, 6.74714353398e-13],
        "max": [0.0144160883501, 0.0087353028357, 0.0178078431636, 0.0315833650529, 0.015762263909, 0.0246861428022, 0.0340037569404, 0.0230349302292, 0.0456657670438, 0.0116464020684, 0.0170677583665, 0.00535749038681, 0.0029947522562, 0.00437728641555, 0.00392711721361, 0.00300100096501, 0.00607682252303, 0.00137869548053, 0.00229941145517, 0.00170255277772, 0.000887016416527, 0.000330364011461, 0.00031323422445, 0.000352701317752, 0.000393541733501, 0.000407841464039, 0.000300778832752, 0.000293752498692, 0.000310545874527, 0.000462518219138, 0.000488979334477, 0.00102837977465, 0.000547288858797, 0.000614626216702, 0.000945105333813, 0.000407763436669, 0.000333397038048, 0.000220847927267, 0.000140945790918, 3.78547265427e-05],
        "mean": [0.000334341166308, 0.000347118242644, 0.000492567080073, 0.000581597385462, 0.000580177933443, 0.000323628395563, 0.00036922536674, 0.000365531072021, 0.000431038934039, 0.000240851761191, 0.00014937396918, 0.000128712927108, 7.20821044524e-05, 6.62659731461e-05, 6.88138097757e-05, 6.55268740957e-05, 4.40569419879e-05, 3.7266749132e-05, 2.87810817099e-05, 2.2516318495e-05, 1.89620568563e-05, 1.31155238705e-05, 1.17871613838e-05, 8.31698434922e-06, 6.91892228133e-06, 6.51087930237e-06, 4.75003162137e-06, 3.71860573978e-06, 3.74558521798e-06, 4.36984737462e-06, 4.95746826346e-06, 4.59787133877e-06, 4.13825773649e-06, 3.32158333549e-06, 3.00559759125e-06, 1.96177984435e-06, 1.5015596091e-06, 7.97834616151e-07, 3.67825435887e-07, 1.93942497617e-07],
        "median": [5.5065836932e-05, 0.000143336510519, 0.000192575826077, 0.000254297279753, 0.000245475763222, 0.000150562555064, 0.000152221735334, 0.000104806742456, 9.5862953458e-05, 6.17657788098e-05, 3.60676749551e-05, 3.92198344343e-05, 2.27488199016e-05, 1.9269369659e-05, 1.98182879103e-05, 2.29737488553e-05, 1.24241196318e-05, 1.51125595949e-05, 9.5849381978e-06, 6.38831852484e-06, 6.79078539179e-06, 4.7092139539e-06, 4.49366643807e-06, 2.88963587991e-06, 2.34360027207e-06, 2.33391278925e-06, 1.54964459398e-06, 1.11141366688e-06, 9.63122374742e-07, 8.2900947973e-07, 7.26856683286e-07, 4.99972202306e-07, 3.80326042659e-07, 2.44548630235e-07, 1.78493891667e-07, 1.32751225124e-07, 9.73699272322e-08, 6.19249362899e-08, 4.08541929175e-08, 2.52993821448e-08],
        "min": [3.36709475524e-25, 5.66054735328e-25, 8.82241920446e-25, 1.32237098669e-24, 1.3236754668e-24, 9.52146829562e-25, 6.62635173169e-25, 1.28560208129e-24, 9.48821090593e-25, 8.20314810968e-25, 1.4685141747e-24, 1.61369110671e-24, 1.28118229085e-24, 1.17717916493e-24, 2.00165250546e-24, 1.55496751206e-24, 2.11098231604e-24, 2.35906605453e-24, 2.69071067326e-24, 2.31958632723e-24, 3.07680740205e-24, 2.50712262466e-24, 3.53044206282e-24, 3.52957234367e-24, 3.25118628844e-24, 2.69477488464e-24, 3.10262938328e-24, 3.77238688574e-24, 3.39666269177e-24, 4.30949387711e-24, 3.77227920623e-24, 3.56968315969e-24, 4.30753237447e-24, 4.93355976708e-24, 5.19169714337e-24, 4.81248578978e-24, 5.30729327055e-24, 5.13655142736e-24, 5.11508849428e-24, 5.2850095277e-24],
        "var": [6.21561810021e-07, 3.40681225452e-07, 8.08313188827e-07, 1.27978626097e-06, 1.2320354017e-06, 5.36510924576e-07, 8.56758958889e-07, 9.80707682174e-07, 2.7489918466e-06, 5.78061701617e-07, 2.36264185105e-07, 9.51294296669e-08, 2.73896940683e-08, 2.95177624565e-08, 2.68047344321e-08, 1.98959835274e-08, 2.13029665019e-08, 5.07210717871e-09, 6.75192080024e-09, 4.3855856724e-09, 1.65633740057e-09, 5.08601938343e-10, 4.67374750013e-10, 2.49950948827e-10, 2.02249952896e-10, 2.15947149051e-10, 1.527515614e-10, 9.81121989208e-11, 1.59524241039e-10, 2.47159542832e-10, 2.93614521585e-10, 5.67836055954e-10, 4.37979152945e-10, 4.07913702816e-10, 5.35241684307e-10, 1.48274018064e-10, 1.21683774168e-10, 3.22957632859e-11, 5.85397182118e-12, 6.53940660303e-13]
    },
    "mfcc": {
        "mean": [-708.021850586, 122.072753906, -12.7265777588, 13.2252445221, -11.1162872314, 1.77803266048, -10.1435270309, -2.78943920135, -5.44479799271, -1.45102465153, -1.7866717577, -1.2879858017, -4.72599077225],
        "cov": [[23330.5859375, 4158.43261719, -726.40435791, 562.321044922, -792.562194824, 205.685516357, -664.35748291, -50.772895813, -240.268081665, -17.5628433228, -11.0157594681, 3.66895675659, -260.582183838], [4158.43261719, 3016.86010742, 9.96129989624, 314.030578613, 39.1447563171, -36.7836265564, -16.4145717621, -67.7093505859, -50.0748062134, 1.86996757984, 31.0300254822, -4.3284163475, -17.3821907043], [-726.40435791, 9.96129989624, 1044.63232422, 367.04876709, 199.218704224, 147.941619873, 83.4303741455, 13.3912477493, 29.2522602081, 6.989361763, -20.003068924, -9.80240917206, 15.2283201218], [562.321044922, 314.030578613, 367.04876709, 412.947357178, 107.552383423, 92.1337051392, 24.0412750244, 14.3731536865, 8.217420578, 0.855936229229, -14.6736745834, -9.77384376526, 1.4073189497], [-792.562194824, 39.1447563171, 199.218704224, 107.552383423, 255.202972412, 29.2525691986, 32.1014060974, -33.6398887634, 25.9613647461, 14.1392841339, -8.26000785828, -4.11358213425, 36.6603355408], [205.685516357, -36.7836265564, 147.941619873, 92.1337051392, 29.2525691986, 148.609939575, 31.3035316467, 31.2065906525, 9.11229801178, 17.2845401764, 9.73363685608, 12.7859401703, -3.12834715843], [-664.35748291, -16.4145717621, 83.4303741455, 24.0412750244, 32.1014060974, 31.3035316467, 177.837432861, 50.6743202209, 23.8913784027, 1.70300865173, 26.2171802521, 1.25084209442, 7.34546327591], [-50.772895813, -67.7093505859, 13.3912477493, 14.3731536865, -33.6398887634, 31.2065906525, 50.6743202209, 130.032989502, 25.073633194, 6.08473730087, 17.2523880005, 3.81710243225, -6.63249158859], [-240.268081665, -50.0748062134, 29.2522602081, 8.217420578, 25.9613647461, 9.11229801178, 23.8913784027, 25.073633194, 79.4752349854, 32.3810653687, 7.62972402573, 4.10043668747, 8.89733505249], [-17.5628433228, 1.86996757984, 6.989361763, 0.855936229229, 14.1392841339, 17.2845401764, 1.70300865173, 6.08473730087, 32.3810653687, 84.0853805542, 32.6651725769, 10.5845966339, 4.42393445969], [-11.0157594681, 31.0300254822, -20.003068924, -14.6736745834, -8.26000785828, 9.73363685608, 26.2171802521, 17.2523880005, 7.62972402573, 32.6651725769, 89.9930953979, 30.3611412048, 2.72405934334], [3.66895675659, -4.3284163475, -9.80240917206, -9.77384376526, -4.11358213425, 12.7859401703, 1.25084209442, 3.81710243225, 4.10043668747, 10.5845966339, 30.3611412048, 65.1309585571, 20.1882743835], [-260.582183838, -17.3821907043, 15.2283201218, 1.4073189497, 36.6603355408, -3.12834715843, 7.34546327591, -6.63249158859, 8.89733505249, 4.42393445969, 2.72405934334, 20.1882743835, 60.9378738403]],
