{
"lowlevel": {
    "average_loudness": 0.820624411106,
    "barkbands_crest": {
        "dmean": 2.62194871902,
        "dmean2": 4.29248476028,
        "dvar": 5.28504514694,
        "dvar2": 13.2954540253,
        "max": 26.9190273285,
        "mean": 10.4982128143,
        "median": 9.70568466187,
        "min": 2.7172806263,
        "var": 19.6769485474
    },
    "barkbands_flatness_db": {
        "dmean": 0.017831351608,
        "dmean2": 0.0286178644747,
        "dvar": 0.000261726701865,
        "dvar2": 0.000638148165308,
        "max": 0.669616520405,
        "mean": 0.177606284618,
        "median": 0.17470420897,
        "min": 0.0710004419088,
        "var": 0.00119641446508
    },
    "barkbands_kurtosis": {
        "dmean": 8.64132213593,
        "dmean2": 13.0673036575,
        "dvar": 98890.9375,
        "dvar2": 235850.390625,
        "max": 23217.4941406,
        "mean": 9.2519826889,
        "median": 1.49551582336,
        "min": -1.82209265232,
        "var": 91773.828125
    },
    "barkbands_skewness": {
        "dmean": 0.526147663593,
        "dmean2": 0.808106064796,
        "dvar": 3.03991556168,
        "dvar2": 6.30789899826,
        "max": 137.547821045,
        "mean": 1.36772167683,
        "median": 1.18253958225,
        "min": -2.27258586884,
        "var": 5.99016523361
    },
    "barkbands_spread": {
        "dmean": 3.1960747242,
        "dmean2": 5.04250431061,
        "dvar": 13.0936641693,
        "dvar2": 30.4762420654,
        "max": 99.4472503662,
        "mean": 13.6755828857,
        "median": 11.8089160919,
        "min": 0.0185350459069,
        "var": 60.5085525513
    },
    "dissonance": {
        "dmean": 0.0201752781868,
        "dmean2": 0.0340299867094,
        "dvar": 0.000374078692403,
        "dvar2": 0.00105824763887,
        "max": 0.500000119209,
        "mean": 0.459075927734,
        "median": 0.465802878141,
        "min": 0.265332609415,
        "var": 0.000886747555342
    },
    "dynamic_complexity": 3.09067797661,
    "erbbands_crest": {
        "dmean": 2.99974751472,
        "dmean2": 4.88654613495,
        "dvar": 7.50279045105,
        "dvar2": 19.0043563843,
        "max": 30.8966026306,
        "mean": 11.0684690475,
        "median": 9.59366321564,
        "min": 2.51252245903,
        "var": 29.1313228607
    },
    "erbbands_flatness_db": {
        "dmean": 0.0147361727431,
        "dmean2": 0.0221180729568,
        "dvar": 0.000167392121512,
        "dvar2": 0.000340192491421,
        "max": 0.366509795189,
        "mean": 0.232226073742,
        "median": 0.23186224699,
        "min": 0.0215515308082,
        "var": 0.00140488101169
    },
    "erbbands_kurtosis": {
        "dmean": 1.03533315659,
        "dmean2": 1.64917016029,
        "dvar": 2.20944285393,
        "dvar2": 5.16928100586,
        "max": 29.1188583374,
        "mean": 0.824829101562,
        "median": 0.0669484138489,
        "min": -1.76155769825,
        "var": 7.16908359528
    },
    "erbbands_skewness": {
        "dmean": 0.37505415082,
        "dmean2": 0.582324981689,
        "dvar": 0.117053441703,
        "dvar2": 0.27074560523,
        "max": 4.97003078461,
        "mean": 0.515253245831,
        "median": 0.468332469463,
        "min": -2.6704595089,
        "var": 0.812061667442
    },
    "erbbands_spread": {
        "dmean": 5.35871887207,
        "dmean2": 8.15377426147,
        "dvar": 31.1935997009,
        "dvar2": 64.8964233398,
        "max": 129.436859131,
        "mean": 26.1717300415,
        "median": 23.6707267761,
        "min": 2.22715377808,
        "var": 173.824981689
    },
    "hfc": {
        "dmean": 4.1239528656,
        "dmean2": 6.21972370148,
        "dvar": 26.7113895416,
        "dvar2": 57.6133613586,
        "max": 92.7971115112,
        "mean": 18.3795852661,
        "median": 13.6726856232,
        "min": 1.19350317165e-16,
        "var": 249.938354492
    },
    "melbands_crest": {
        "dmean": 3.43719649315,
        "dmean2": 5.58044862747,
        "dvar": 9.39739990234,
        "dvar2": 23.0263519287,
        "max": 39.9905204773,
        "mean": 13.7315425873,
        "median": 12.8674354553,
        "min": 2.13610339165,
        "var": 31.4909915924
    },
    "melbands_flatness_db": {
        "dmean": 0.0209847297519,
        "dmean2": 0.0328000187874,
        "dvar": 0.000377071410185,
        "dvar2": 0.000876182923093,
        "max": 0.662153601646,
        "mean": 0.20900644362,
        "median": 0.208822309971,
        "min": 0.00560552068055,
        "var": 0.00230547878891
    },
    "melbands_kurtosis": {
        "dmean": 11.8514165878,
        "dmean2": 18.8005771637,
        "dvar": 135950.375,
        "dvar2": 352081.03125,
        "max": 26654.6425781,
        "mean": 14.6149539948,
        "median": 4.21696949005,
        "min": -1.73423230648,
        "var": 111022.320312
    },
    "melbands_skewness": {
        "dmean": 0.63760381937,
        "dmean2": 0.975641310215,
        "dvar": 3.93659830093,
        "dvar2": 9.21029281616,
        "max": 149.85369873,
        "mean": 1.95309150219,
        "median": 1.68687427044,
        "min": -1.71576476097,
        "var": 6.84939575195
    },
    "melbands_spread": {
        "dmean": 5.06502628326,
        "dmean2": 7.9490404129,
        "dvar": 39.1622619629,
        "dvar2": 79.6044235229,
        "max": 159.441497803,
        "mean": 19.7316799164,
        "median": 16.5808315277,
        "min": 0.023845506832,
        "var": 187.395172119
    },
    "pitch_salience": {
        "dmean": 0.0726019367576,
        "dmean2": 0.117879785597,
        "dvar": 0.00417112978175,
        "dvar2": 0.00996917206794,
        "max": 0.908834338188,
        "mean": 0.566680669785,
        "median": 0.574361801147,
        "min": 0.00250971596688,
        "var": 0.0164736174047
    },
    "silence_rate_20dB": {
        "dmean": 0,
        "dmean2": 0,
        "dvar": 0,
        "dvar2": 0,
        "max": 1,
        "mean": 1,
        "median": 1,
        "min": 1,
        "var": 0
    },
    "silence_rate_30dB": {
        "dmean": 0,
        "dmean2": 0,
        "dvar": 0,
        "dvar2": 0,
        "max": 1,
        "mean": 1,
        "median": 1,
        "min": 1,
        "var": 0
    },
    "silence_rate_60dB": {
        "dmean": 0.0182926822454,
        "dmean2": 0.0365902148187,
        "dvar": 0.0179590824991,
        "dvar2": 0.0418829806149,
        "max": 1,
        "mean": 0.0406891964376,
        "median": 0,
        "min": 0,
        "var": 0.0390328578651
    },
    "spectral_centroid": {
        "dmean": 187.284179688,
        "dmean2": 293.85055542,
        "dvar": 50912.28125,
        "dvar2": 98460.078125,
        "max": 10818.5380859,
        "mean": 1235.58569336,
        "median": 1126.3347168,
        "min": 292.017700195,
        "var": 348417.90625
    },
    "spectral_complexity": {
        "dmean": 2.67974543571,
        "dmean2": 4.37571239471,
        "dvar": 5.68269062042,
        "dvar2": 13.7709369659,
        "max": 53,
        "mean": 17.7029819489,
        "median": 16,
        "min": 0,
        "var": 63.1663322449
    },
    "spectral_decrease": {
        "dmean": 1.44524203716e-09,
        "dmean2": 2.19144524749e-09,
        "dvar": 3.3158138696e-18,
        "dvar2": 6.84257906133e-18,
        "max": 9.16845028742e-29,
        "mean": -4.99419527955e-09,
        "median": -4.21137791307e-09,
        "min": -2.22269456174e-08,
        "var": 1.31365702861e-17
    },
    "spectral_energy": {
        "dmean": 0.00577202206478,
        "dmean2": 0.00873526837677,
        "dvar": 5.09666715516e-05,
        "dvar2": 0.000105399587483,
        "max": 0.0855970904231,
        "mean": 0.0205162484199,
        "median": 0.0173799376935,
        "min": 1.04793815438e-20,
        "var": 0.000216322150663
    },
    "spectral_energyband_high": {
        "dmean": 9.8797303508e-05,
        "dmean2": 0.000146878446685,
        "dvar": 7.16100743148e-08,
        "dvar2": 1.27751860646e-07,
        "max": 0.0104558933526,
        "mean": 0.000257970095845,
        "median": 0.000107468549686,
        "min": 7.63175735511e-21,
        "var": 2.10501710285e-07
    },
    "spectral_energyband_low": {
        "dmean": 0.000684927159455,
        "dmean2": 0.00111996324267,
        "dvar": 2.38658981289e-06,
        "dvar2": 5.53497375222e-06,
        "max": 0.0243519004434,
        "mean": 0.000936660217121,
        "median": 0.000254343613051,
        "min": 8.63249857495e-23,
        "var": 3.77338506041e-06
    },
    "spectral_energyband_middle_high": {
        "dmean": 0.00223309732974,
        "dmean2": 0.003417031141,
        "dvar": 1.32652348839e-05,
        "dvar2": 2.95321879094e-05,
        "max": 0.0640671998262,
        "mean": 0.00778930727392,
        "median": 0.00356773729436,
        "min": 1.45092013183e-21,
        "var": 8.75299883774e-05
    },
    "spectral_energyband_middle_low": {
        "dmean": 0.0048971362412,
        "dmean2": 0.00751879438758,
        "dvar": 4.89294252475e-05,
        "dvar2": 0.000103930804471,
        "max": 0.0843824520707,
        "mean": 0.0128956325352,
        "median": 0.0086797773838,
        "min": 3.01667150184e-22,
        "var": 0.000153498578584
    },
    "spectral_entropy": {
        "dmean": 0.124299444258,
        "dmean2": 0.192213445902,
        "dvar": 0.0139362160116,
        "dvar2": 0.0314274094999,
        "max": 9.80079650879,
        "mean": 7.29372596741,
        "median": 7.29058265686,
        "min": 5.75003290176,
        "var": 0.090136282146
    },
    "spectral_flux": {
        "dmean": 0.0194336287677,
        "dmean2": 0.0323180630803,
        "dvar": 0.00045369725558,
        "dvar2": 0.00124984176364,
        "max": 0.227143630385,
        "mean": 0.0723644271493,
        "median": 0.0680909827352,
        "min": 1.02368849508e-10,
        "var": 0.00111917464528
    },
    "spectral_kurtosis": {
        "dmean": 2.65940284729,
        "dmean2": 4.60128736496,
        "dvar": 5.20921802521,
        "dvar2": 15.139257431,
        "max": 24.5246753693,
        "mean": 6.02044677734,
        "median": 5.48868370056,
        "min": -1.20879352093,
        "var": 10.8057479858
    },
    "spectral_rms": {
        "dmean": 0.000609229202382,
        "dmean2": 0.000914022442885,
        "dvar": 3.98479869546e-07,
        "dvar2": 7.77942545938e-07,
        "max": 0.00913834571838,
        "mean": 0.00417271675542,
        "median": 0.00411777105182,
        "min": 3.19746572969e-12,
        "var": 2.60430124399e-06
    },
    "spectral_rolloff": {
        "dmean": 291.346832275,
        "dmean2": 486.053466797,
        "dvar": 224790.515625,
        "dvar2": 431132.75,
        "max": 18992.2851562,
        "mean": 1397.25537109,
        "median": 1205.859375,
        "min": 21.533203125,
        "var": 794932.4375
    },
    "spectral_skewness": {
        "dmean": 0.290400475264,
        "dmean2": 0.482146203518,
        "dvar": 0.0622898712754,
        "dvar2": 0.166836678982,
        "max": 3.52339053154,
        "mean": 1.54753923416,
        "median": 1.52791810036,
        "min": -0.336409837008,
        "var": 0.224659308791
    },
    "spectral_spread": {
        "dmean": 246450.234375,
        "dmean2": 366395.875,
        "dvar": 241363681280,
        "dvar2": 279167664128,
        "max": 40981080,
        "mean": 2954902.75,
        "median": 2832098.75,
        "min": 1497327.125,
        "var": 582830129152
    },
    "spectral_strongpeak": {
        "dmean": 0.717070877552,
        "dmean2": 1.16475343704,
        "dvar": 0.902750194073,
        "dvar2": 2.21509838104,
        "max": 11.8189916611,
        "mean": 1.67341649532,
        "median": 1.04150271416,
        "min": 0,
        "var": 2.94075584412
    },
    "zerocrossingrate": {
        "dmean": 0.00574643071741,
        "dmean2": 0.00707946298644,
        "dvar": 6.83207399561e-05,
        "dvar2": 7.68538593547e-05,
        "max": 0.53955078125,
        "mean": 0.0504559874535,
        "median": 0.0458984375,
        "min": 0,
        "var": 0.00056657026289
    },
    "barkbands": {
        "dmean": [6.75210230838e-06, 0.000200721027795, 0.000210408135899, 0.00132733175997, 0.00142082583625, 0.00147451122757, 0.000625863613095, 0.000712166132871, 0.00091376225464, 0.00135941558983, 0.000507705612108, 0.000386741914554, 0.000323750224197, 0.000676105206367, 0.000428712985013, 0.000236356805544, 0.000206895245356, 0.000222136281081, 0.000128488463815, 9.46590444073e-05, 4.19008283643e-05, 2.18061268242e-05, 9.82626443147e-06, 3.05445382764e-06, 6.67602421345e-07, 2.2893766527e-07, 2.89536803422e-08],
        "dmean2": [1.17098952614e-05, 0.000345575332176, 0.000340672209859, 0.00208844011649, 0.00224118470214, 0.00224392535165, 0.000931460002903, 0.00109424919356, 0.00138334010262, 0.00219872943126, 0.000757829868235, 0.000627042900305, 0.000529614801053, 0.00109909765888, 0.000689675274771, 0.000384886487154, 0.000332400464686, 0.000360149715561, 0.000204957279493, 0.000148665523739, 6.42540326226e-05, 3.21669103869e-05, 1.4292258129e-05, 4.50030711363e-06, 1.0585504242e-06, 3.66892322745e-07, 4.75281112244e-08],
        "dvar": [7.07191361027e-10, 6.64116271309e-07, 4.28586133694e-07, 1.11343279059e-05, 9.82788697002e-06, 8.50829474075e-06, 2.34896560869e-06, 2.15374370782e-06, 5.102342584e-06, 1.36594399009e-05, 2.40099825533e-06, 1.07601863419e-06, 1.08454673864e-06, 3.18338129546e-06, 1.42456713093e-06, 4.09375559229e-07, 2.23846640779e-07, 2.17554628534e-07, 7.10318630581e-08, 3.57053338007e-08, 1.56789372596e-08, 1.02015471626e-08, 7.63770768852e-10, 4.42420371172e-11, 1.34746066301e-12, 2.31303637268e-13, 6.03741198474e-15],
        "dvar2": [1.94090388206e-09, 1.76609387381e-06, 1.05529170469e-06, 2.4279954232e-05, 1.99681799131e-05, 1.90796690731e-05, 4.91784840051e-06, 5.04746958541e-06, 1.0758625649e-05, 3.32111412717e-05, 4.63030755782e-06, 2.74775447906e-06, 2.6160237212e-06, 7.98644941824e-06, 3.39811936101e-06, 1.00699014638e-06, 5.43645114703e-07, 5.68117684452e-07, 1.65333233326e-07, 8.2094516074e-08, 3.22921032136e-08, 1.86095476806e-08, 1.45939860197e-09, 8.69929475678e-11, 3.28594204797e-12, 5.68957695627e-13, 1.52346532742e-14],
        "max": [0.00119844102301, 0.0118663543835, 0.0103547144681, 0.045515421778, 0.044288598001, 0.0697737112641, 0.0352886207402, 0.0423532128334, 0.045783046633, 0.0664967000484, 0.0609583482146, 0.0301747154444, 0.0348846502602, 0.0351911000907, 0.0343165807426, 0.0194564256817, 0.012585112825, 0.0112308403477, 0.00696569029242, 0.0045532672666, 0.00523846689612, 0.00565865961835, 0.00106902141124, 0.000252232566709, 3.12425290758e-05, 1.05546469058e-05, 1.56089924985e-06],
        "mean": [6.02609952693e-06, 0.000205905089388, 0.000234945982811, 0.00167003669776, 0.00219284789637, 0.00330158905126, 0.00125761178788, 0.00130182260182, 0.00160870933905, 0.00250403326936, 0.000995393493213, 0.000712357810698, 0.000569501833525, 0.00119609863032, 0.000761047122069, 0.000439984403783, 0.000414517795434, 0.000472081213957, 0.000288662675302, 0.000226245610975, 8.3015896962e-05, 4.48510145361e-05, 1.99323476409e-05, 6.78281139699e-06, 1.81129405519e-06, 4.53083032426e-07, 3.89461440875e-08],
        "median": [1.11683732484e-06, 3.08056405629e-05, 6.37520570308e-05, 0.000299657112919, 0.00103128037881, 0.00117475015577, 0.000410057691624, 0.000546316208784, 0.000384613464121, 0.000399907235987, 0.000195669897948, 0.000143459110404, 0.000111977555207, 0.000187470854144, 0.000187131809071, 0.000104089689557, 0.000141129799886, 0.000151595711941, 0.000106004641566, 9.97262905003e-05, 2.92293625535e-05, 1.5280678781e-05, 7.23621269572e-06, 2.07762241189e-06, 9.92574996417e-07, 1.50324709125e-07, 1.15482390317e-09],
        "min": [2.17758805108e-23, 3.77651538929e-23, 2.92780108283e-23, 3.79185210746e-23, 7.58009691178e-23, 2.45043784103e-23, 3.85641153731e-23, 4.43488765673e-23, 6.64205168087e-23, 4.6166910653e-23, 5.66769486695e-23, 4.80912043027e-23, 7.5868173756e-23, 1.23192696767e-22, 4.92153247817e-23, 2.57439265947e-22, 2.81547360082e-22, 1.8469003364e-22, 1.24613681382e-22, 3.55990207332e-22, 4.53859774844e-22, 4.46766186123e-22, 5.92235974065e-22, 7.14636086503e-22, 1.21571477797e-21, 1.74799479888e-21, 2.54344467428e-21],
        "var": [5.11229614197e-10, 6.11879045209e-07, 4.21644301696e-07, 1.77993624675e-05, 1.55005909619e-05, 3.77581200155e-05, 8.51433742355e-06, 5.84356848776e-06, 1.48585240822e-05, 4.31024600402e-05, 1.12625011752e-05, 3.37415531249e-06, 3.1547672279e-06, 8.47256887937e-06, 2.99213138533e-06, 9.20433933516e-07, 6.26670043857e-07, 7.3013148949e-07, 3.0592181588e-07, 1.24125904222e-07, 3.18455590786e-08, 2.24972769303e-08, 2.1678743245e-09, 1.94152277588e-10, 4.07137127831e-12, 5.75708914135e-13, 1.21249090276e-14]
    },
    "erbbands": {
        "dmean": [0.00244308635592, 0.0566448122263, 0.232085093856, 1.9765598774, 6.39217758179, 3.69015240669, 6.36430358887, 14.3576364517, 11.5347700119, 10.015458107, 14.5773429871, 20.3134326935, 45.2542114258, 22.5880451202, 15.5578269958, 17.7924995422, 14.8290538788, 31.9015579224, 21.0133113861, 20.0343761444, 9.50785636902, 10.5786342621, 11.9285297394, 6.96678924561, 6.21296644211, 4.5822763443, 2.4423263073, 1.0846914053, 0.824357330799, 0.51235973835, 0.244219750166, 0.0891881883144, 0.042885825038, 0.0101714329794, 0.00393506744877, 0.00152028014418, 0.000303351931507, 3.73276052414e-05, 8.82105814526e-06, 6.77908201396e-06],
        "dmean2": [0.0040412559174, 0.0965985581279, 0.369193404913, 3.1320669651, 10.0621147156, 5.96996736526, 9.99412155151, 22.1253871918, 16.614364624, 15.7220525742, 22.0553531647, 30.665271759, 73.5671081543, 35.0341529846, 23.756444931, 28.7144241333, 23.9194526672, 52.0096092224, 33.2742881775, 32.1811561584, 15.4399557114, 16.9038639069, 19.3077220917, 11.2629289627, 9.87802219391, 7.16486644745, 3.86019182205, 1.6158721447, 1.22921431065, 0.754613697529, 0.356675386429, 0.1292450279, 0.0649531260133, 0.0159078575671, 0.00630203774199, 0.00243095937185, 0.000485195720103, 5.94401426497e-05, 1.39520034281e-05, 1.02108260762e-05],
        "dvar": [6.75500632497e-05, 0.0540772527456, 0.560645997524, 20.5971240997, 361.212799072, 49.0514526367, 124.823379517, 902.681030273, 1015.50048828, 423.712615967, 1166.56762695, 2661.87060547, 17674.4257812, 3324.00976562, 1786.24206543, 2432.05249023, 2341.55883789, 8208.44335938, 3199.82958984, 2865.75830078, 588.575500488, 650.647521973, 575.960876465, 252.887084961, 162.376495361, 93.4893341064, 48.8958206177, 15.211151123, 15.0529918671, 3.21740698814, 0.443780452013, 0.0406876131892, 0.0111875766888, 0.000311559677357, 4.52267813671e-05, 8.93890046427e-06, 5.60524256343e-07, 7.55947215936e-09, 3.51526252551e-10, 6.67591051884e-11],
        "dvar2": [0.000161459174706, 0.141689524055, 1.27168810368, 46.621635437, 743.130126953, 120.659202576, 300.692230225, 2037.53442383, 2102.90136719, 1024.62145996, 2660.00195312, 5341.31738281, 44346.875, 7333.63085938, 3753.76660156, 6165.72363281, 5461.984375, 21031.2558594, 7100.27587891, 7192.16162109, 1558.60571289, 1556.68237305, 1489.52807617, 667.772827148, 363.203704834, 210.317672729, 104.109710693, 29.5905246735, 25.5973548889, 5.85874557495, 0.843128323555, 0.0727961733937, 0.0248299334198, 0.000761049624998, 0.00010984907567, 2.1590727556e-05, 1.43299075717e-06, 1.85773938455e-08, 8.71613947684e-10, 1.38405620298e-10],
        "max": [0.117204368114, 3.31416702271, 11.4441213608, 67.6711120605, 257.498474121, 118.059913635, 357.385131836, 640.087341309, 717.912109375, 435.919189453, 1081.28027344, 1416.28686523, 2505.70410156, 1839.53076172, 1203.06262207, 1550.49731445, 1888.26806641, 1856.35388184, 2193.20678711, 1497.27661133, 709.443847656, 756.504516602, 555.052307129, 405.474334717, 438.403991699, 238.460571289, 357.109069824, 173.327087402, 236.672775269, 77.701385498, 25.6920700073, 8.37069988251, 3.95292758942, 0.543160259724, 0.122374884784, 0.0676979124546, 0.0162512790412, 0.00171729596332, 0.000347369903466, 9.44147541304e-05],
        "mean": [0.00307270232588, 0.0578142218292, 0.279365628958, 2.64888978004, 7.82770490646, 6.01608657837, 12.837647438, 30.398021698, 26.657119751, 18.4981250763, 29.6083679199, 40.0641441345, 85.0549545288, 46.8497810364, 32.2546577454, 33.6114845276, 28.9420051575, 59.5693855286, 41.6890640259, 39.8594970703, 21.4441127777, 23.6556148529, 26.7399024963, 16.9331874847, 14.4592609406, 11.1406002045, 5.52147388458, 2.25999879837, 1.68771922588, 1.08878850937, 0.488545447588, 0.188560083508, 0.0964527577162, 0.0265591200441, 0.0106378095224, 0.00343892094679, 0.000510597776156, 6.21890794719e-05, 1.99352161872e-05, 2.4902052246e-05],
        "median": [0.000736839370802, 0.00952116400003, 0.0777030587196, 0.554660737514, 1.79975056648, 3.13882088661, 6.33407926559, 9.98532009125, 7.06206941605, 8.09798240662, 11.1873474121, 11.3703966141, 13.5696363449, 11.4042730331, 9.21736240387, 7.78513240814, 7.33930587769, 9.60776519775, 11.1620883942, 9.80993652344, 6.28477430344, 8.73459339142, 9.36133670807, 5.63105154037, 6.11470794678, 4.73343038559, 1.92277443409, 0.823781728745, 0.571532666683, 0.40420371294, 0.170422837138, 0.0617055147886, 0.027906043455, 0.0131040662527, 0.00623581884429, 0.00150540156756, 7.71776612964e-05, 6.85880831952e-06, 1.02658132164e-05, 2.09857553273e-05],
        "min": [1.6623099138e-21, 6.63312417356e-21, 3.43890646146e-20, 6.06620527787e-20, 2.85904199532e-19, 2.40147308081e-19, 1.0823476077e-19, 2.32154313521e-19, 4.35646922214e-19, 7.79780268322e-19, 1.1220162172e-18, 1.29195768231e-18, 1.57641403143e-18, 2.2732796797e-18, 1.98189724392e-18, 2.07673246718e-18, 3.42225319608e-18, 5.27012071099e-18, 5.01208668199e-18, 8.91282808687e-18, 9.70122385486e-18, 1.6953147718e-17, 1.10478978803e-17, 8.71998333476e-18, 1.0694006026e-17, 1.61448268234e-17, 2.05398045084e-17, 1.55444012322e-17, 1.74073972601e-17, 1.35632565158e-17, 1.51766019902e-17, 1.53825104057e-17, 1.25713991325e-17, 1.03915184837e-17, 1.05428917087e-17, 5.71167344428e-18, 3.27375008109e-18, 1.40422222146e-18, 3.5346722629e-19, 3.85968225307e-20],
        "var": [8.76629419508e-05, 0.0488746203482, 0.601581454277, 37.2092132568, 478.027404785, 89.1780014038, 430.888763428, 3592.45776367, 5090.39697266, 1006.85449219, 3939.69897461, 8794.19335938, 56054.8632812, 14389.3681641, 6170.82519531, 7698.57470703, 7626.80664062, 21089.8046875, 8255.54589844, 7000.75634766, 1687.53479004, 1943.25854492, 2045.86755371, 1168.53063965, 700.918823242, 333.102111816, 112.303520203, 30.843914032, 34.7154273987, 8.49520397186, 1.2669839859, 0.145833522081, 0.0494146458805, 0.00110831565689, 0.000128011204652, 2.31693302339e-05, 1.19788660413e-06, 1.85304944722e-08, 8.82789230605e-10, 3.1670488454e-10]
    },
    "gfcc": {
        "mean": [-48.13539505, 122.375953674, -171.586593628, 19.4706726074, -72.519241333, -10.1669683456, -42.0612754822, -5.80062437057, -24.5458145142, -9.59698581696, -11.69572258, -12.7127599716, -1.83647346497],
        "cov": [[3305.12744141, -465.795013428, -662.403442383, 65.3759841919, 21.2630691528, -72.5796585083, 159.312332153, -53.2619934082, -15.3606805801, -103.146881104, -96.7607803345, -14.2604999542, -163.514785767], [-465.795013428, 724.464416504, 463.31362915, 65.4897537231, -13.8362131119, -54.0428161621, -79.4845275879, -8.70164489746, -36.0289268494, -24.1209831238, 35.1936531067, -63.6471481323, 28.521648407], [-662.403442383, 463.31362915, 748.534057617, 253.446533203, -87.7178726196, 7.28568935394, -71.7167892456, -39.7750015259, -0.67279779911, -17.0882129669, 15.8821763992, -14.1843280792, 23.1319599152], [65.3759841919, 65.4897537231, 253.446533203, 441.806945801, -8.66229820251, -3.7190694809, -41.9431037903, -43.0525054932, 47.4960823059, -44.3887519836, -0.192393034697, -1.69124984741, -10.278878212], [21.2630691528, -13.8362131119, -87.7178726196, -8.66229820251, 218.22857666, 10.1620969772, -8.86917877197, 43.5591850281, -20.3806381226, 2.38045072556, -20.6526832581, -8.40777873993, -5.86027050018], [-72.5796585083, -54.0428161621, 7.28568935394, -3.7190694809, 10.1620969772, 208.512374878, 75.178894043, 1.20876288414, 6.86803770065, -4.61661577225, -29.4148769379, -14.0927734375, -4.74051523209], [159.312332153, -79.4845275879, -71.7167892456, -41.9431037903, -8.86917877197, 75.178894043, 167.609817505, 34.4982376099, -14.221326828, -11.376739502, 0.430628478527, -6.15830039978, -18.1993370056], [-53.2619934082, -8.70164489746, -39.7750015259, -43.0525054932, 43.5591850281, 1.20876288414, 34.4982376099, 105.420211792, 24.367225647, 20.0487651825, 5.1211605072, 6.84518003464, 14.6681528091], [-15.3606805801, -36.0289268494, -0.67279779911, 47.4960823059, -20.3806381226, 6.86803770065, -14.221326828, 24.367225647, 115.095787048, 32.6163902283, 5.38955259323, 23.2103805542, 15.7748508453], [-103.146881104, -24.1209831238, -17.0882129669, -44.3887519836, 2.38045072556, -4.61661577225, -11.376739502, 20.0487651825, 32.6163902283, 104.823822021, 57.4038887024, 20.687953949, 19.2588653564], [-96.7607803345, 35.1936531067, 15.8821763992, -0.192393034697, -20.6526832581, -29.4148769379, 0.430628478527, 5.1211605072, 5.38955259323, 57.4038887024, 114.807662964, 51.8573913574, 24.581401825], [-14.2604999542, -63.6471481323, -14.1843280792, -1.69124984741, -8.40777873993, -14.0927734375, -6.15830039978, 6.84518003464, 23.2103805542, 20.687953949, 51.8573913574, 107.355056763, 54.2368812561], [-163.514785767, 28.521648407, 23.1319599152, -10.278878212, -5.86027050018, -4.74051523209, -18.1993370056, 14.6681528091, 15.7748508453, 19.2588653564, 24.581401825, 54.2368812561, 93.6379776001]],
        "icov": [[0.000508230004925, -0.000226791162277, 0.000655589799862, -0.000452513806522, 0.000157586706337, 0.000356614851626, -0.000582478300203, 0.000327365793055, 0.000118526484584, -0.000226470918278, 0.000790325924754, -0.000794934923761, 0.000887951115146], [-0.000226791162277, 0.00380149646662, -0.0027604047209, 0.00145635113586, -0.00110840052366, 0.000496998545714, 0.00100563722663, -0.00025883645867, -0.000801409885753, 0.00310166692361, -0.00418382743374, 0.00493817869574, -0.00278525752947], [0.000655589799862, -0.0027604047209, 0.00446639303118, -0.0026396359317, 0.00189554854296, -0.00052112567937, -0.000267876748694, -0.000109731117846, 0.00164277758449, -0.00243098055944, 0.00322921946645, -0.00337678799406, 0.00198129494675], [-0.000452513806522, 0.00145635113586, -0.0026396359317, 0.00451588910073, -0.0015923838364, 5.63795074413e-05, 0.000708507432137, 0.00133846187964, -0.003258863464, 0.00384353427216, -0.00348045956343, 0.0025416885037, -0.00105478195474], [0.000157586706337, -0.00110840052366, 0.00189554854296, -0.0015923838364, 0.00661615189165, -0.00103985553142, 0.00153443228919, -0.00372495711781, 0.00328187551349, -0.00226773368195, 0.00292149651796, -0.0022180932574, 0.00164423917886], [0.000356614851626, 0.000496998545714, -0.00052112567937, 5.63795074413e-05, -0.00103985553142, 0.00695354025811, -0.00416791439056, 0.00218342873268, -0.00124289130326, -0.000907687179279, 0.00218273117207, 0.000475793174701, -0.000711383821908], [-0.000582478300203, 0.00100563722663, -0.000267876748694, 0.000708507432137, 0.00153443228919, -0.00416791439056, 0.0105408802629, -0.00503883883357, 0.00180388742592, 0.00283300573938, -0.00368838431314, 0.00143944914453, 0.00079147843644], [0.000327365793055, -0.00025883645867, -0.000109731117846, 0.00133846187964, -0.00372495711781, 0.00218342873268, -0.00503883883357, 0.0147969098762, -0.00476183416322, -0.000877548358403, 0.00040568219265, 0.000749464205001, -0.00215319474228], [0.000118526484584, -0.000801409885753, 0.00164277758449, -0.003258863464, 0.00328187551349, -0.00124289130326, 0.00180388742592, -0.00476183416322, 0.0141241941601, -0.0067170499824, 0.00512289488688, -0.00468077464029, 0.0012949469965], [-0.000226470918278, 0.00310166692361, -0.00243098055944, 0.00384353427216, -0.00226773368195, -0.000907687179279, 0.00283300573938, -0.000877548358403, -0.0067170499824, 0.0207377113402, -0.0141088608652, 0.00757847214118, -0.00363696971908], [0.000790325924754, -0.00418382743374, 0.00322921946645, -0.00348045956343, 0.00292149651796, 0.00218273117207, -0.00368838431314, 0.00040568219265, 0.00512289488688, -0.0141088608652, 0.0233074463904, -0.0138693908229, 0.00494124367833], [-0.000794934923761, 0.00493817869574, -0.00337678799406, 0.0025416885037, -0.0022180932574, 0.000475793174701, 0.00143944914453, 0.000749464205001, -0.00468077464029, 0.00757847214118, -0.0138693908229, 0.0244989711791, -0.0130509389564], [0.000887951115146, -0.00278525752947, 0.00198129494675, -0.00105478195474, 0.00164423917886, -0.000711383821908, 0.00079147843644, -0.00215319474228, 0.0012949469965, -0.00363696971908, 0.00494124367833, -0.0130509389564, 0.0198232289404]]
    },
    "melbands": {
        "dmean": [3.86780484405e-05, 9.9949153082e-05, 0.000526932883076, 0.000330520182615, 0.00021200691117, 0.000315208220854, 0.000159549541422, 0.00012163745123, 0.000129838765133, 0.000132693880005, 0.000228684293688, 9.26094435272e-05, 6.28032357781e-05, 4.30186519225e-05, 3.9372327592e-05, 3.5341232433e-05, 6.86260245857e-05, 3.92980582546e-05, 2.98102568195e-05, 2.32936290558e-05, 1.08197764348e-05, 1.1794254533e-05, 1.38821806104e-05, 9.77422405413e-06, 5.91666866967e-06, 5.11993584951e-06, 4.06258595831e-06, 3.02859211843e-06, 2.04375533031e-06, 9.27957785279e-07, 5.94618825289e-07, 5.21468848547e-07, 4.02337377636e-07, 2.68507676537e-07, 1.62958912142e-07, 8.48534469355e-08, 4.79385455776e-08, 3.90362302483e-08, 1.33505215771e-08, 7.66246355255e-09],
        "dmean2": [6.63435203023e-05, 0.000160896641319, 0.000825775088742, 0.000519513851032, 0.000335847988026, 0.000482690782519, 0.000229784098337, 0.000190377395484, 0.000192303879885, 0.000200510869035, 0.000370877678506, 0.000144598350744, 9.45578503888e-05, 7.00245873304e-05, 6.36432087049e-05, 5.68050563743e-05, 0.000112164641905, 6.17884652456e-05, 4.80093513033e-05, 3.77104734071e-05, 1.76862140506e-05, 1.9103727027e-05, 2.18664517888e-05, 1.58877046488e-05, 9.65650269791e-06, 8.15393377707e-06, 6.41559336145e-06, 4.79567597722e-06, 3.28057853949e-06, 1.43929025853e-06, 9.10541757548e-07, 7.92183641352e-07, 6.12370001818e-07, 3.98860635187e-07, 2.42654039084e-07, 1.25680983842e-07, 7.11068040005e-08, 6.00706329124e-08, 2.07721786438e-08, 1.23327446033e-08],
        "dvar": [2.1346574286e-08, 1.28012786149e-07, 1.92328684534e-06, 6.89197179327e-07, 1.21141653153e-07, 4.22189856408e-07, 1.77572758275e-07, 6.0030323823e-08, 9.9791911623e-08, 1.02023811621e-07, 4.47572830353e-07, 6.11095174463e-08, 3.43924710933e-08, 1.25996573175e-08, 1.19569163459e-08, 1.06959419099e-08, 4.10400247119e-08, 1.08086259942e-08, 7.24402360319e-09, 3.82893849959e-09, 7.00148050647e-10, 7.36156968717e-10, 9.37982691518e-10, 6.90334345244e-10, 1.93944860172e-10, 1.28878352434e-10, 5.43902804739e-11, 4.67271915605e-11, 4.17769777106e-11, 7.34801716001e-12, 5.84324819433e-12, 6.15008001123e-12, 3.34588758609e-12, 6.49080669855e-13, 2.034646594e-13, 4.38371025948e-14, 1.09196107899e-14, 1.20460062145e-14, 5.8042525076e-16, 1.71562222127e-16],
        "dvar2": [5.65366669036e-08, 2.93881583957e-07, 4.08668256568e-06, 1.35929587941e-06, 2.96081196893e-07, 9.41412849897e-07, 3.65381623624e-07, 1.4407541471e-07, 2.14638717466e-07, 2.10169474713e-07, 1.11590122742e-06, 1.3548321931e-07, 6.91930566177e-08, 3.12342578468e-08, 2.90469248654e-08, 2.60318788747e-08, 1.04613263829e-07, 2.36017072552e-08, 1.73024421457e-08, 9.45387057527e-09, 1.86398985136e-09, 1.82065862386e-09, 2.11655404314e-09, 1.84913284684e-09, 5.15732456741e-10, 2.78891881811e-10, 1.25877877566e-10, 1.05480901791e-10, 9.38906036252e-11, 1.52248821189e-11, 1.23074328506e-11, 1.0063787477e-11, 7.34974754668e-12, 1.23609358426e-12, 4.20206567025e-13, 8.09969428225e-14, 2.06229771351e-14, 2.74847249723e-14, 1.36393713266e-15, 4.36861213013e-16],
        "max": [0.00220484822057, 0.0054838815704, 0.0195279251784, 0.0115718059242, 0.00981227774173, 0.0132226711139, 0.00938454363495, 0.00585464574397, 0.00864086765796, 0.00792803335935, 0.0125823961571, 0.00872593931854, 0.00547644123435, 0.00314273801632, 0.00347916339524, 0.00295228022151, 0.00427258759737, 0.00355675234459, 0.00382549292408, 0.00193927390501, 0.000839102314785, 0.000679031014442, 0.000924693478737, 0.000798200373538, 0.000339309597621, 0.000460926617961, 0.000149938758113, 0.000188629652257, 0.000342487182934, 0.00012383502326, 0.000104339516838, 0.000163421413163, 7.95047890279e-05, 2.74279536825e-05, 1.55836351041e-05, 7.98737164587e-06, 4.66381152364e-06, 4.36958180217e-06, 7.63619027566e-07, 3.65304885008e-07],
        "mean": [4.2466843297e-05, 0.00011310926493, 0.00068501511123, 0.00047220280976, 0.000425327249104, 0.000697909039445, 0.000363927218132, 0.000213656603592, 0.000253567821346, 0.0002469146566, 0.00042230123654, 0.000184310323675, 0.000125746737467, 7.91296188254e-05, 7.01518729329e-05, 6.14668533672e-05, 0.000121774697618, 6.91791283316e-05, 5.33959937457e-05, 4.43700955657e-05, 2.13840048673e-05, 2.29241159104e-05, 2.84778725472e-05, 1.98812194867e-05, 1.29123363877e-05, 1.08693220682e-05, 8.97005702427e-06, 6.84417955199e-06, 4.17725823354e-06, 1.77768447429e-06, 1.10063422198e-06, 9.94356810224e-07, 7.78115577305e-07, 5.33095374067e-07, 3.03428379311e-07, 1.61533932896e-07, 9.54974197498e-08, 8.25114341296e-08, 3.02549416631e-08, 1.87400548413e-08],
        "median": [7.59102977099e-06, 2.86427548417e-05, 0.00014292706328, 0.000184257049114, 0.000218630812014, 0.000229914745432, 0.000101531855762, 9.24494306673e-05, 8.26057803351e-05, 6.50314759696e-05, 5.76976563025e-05, 4.11806504417e-05, 2.66653387371e-05, 1.84812051884e-05, 1.4453365111e-05, 1.28105475596e-05, 1.63075346791e-05, 1.54263634613e-05, 1.42618910104e-05, 9.65870913205e-06, 6.18505328021e-06, 7.94782044977e-06, 9.27703513298e-06, 5.95449364482e-06, 3.69289728042e-06, 3.84349959859e-06, 4.13273846789e-06, 2.62054459199e-06, 1.1805068425e-06, 6.7229365186e-07, 3.36621695851e-07, 3.16694126923e-07, 2.73580411658e-07, 1.99582586902e-07, 1.0335764955e-07, 5.25533963014e-08, 3.02915026396e-08, 1.98429823683e-08, 1.37309177362e-08, 1.0358446545e-08],
        "min": [1.30613475014e-23, 1.44534369303e-23, 1.94642104027e-23, 2.00135620931e-23, 4.89832608361e-24, 5.11787869531e-24, 6.78859221812e-24, 8.39097224273e-24, 9.13947029088e-24, 8.43113394028e-24, 7.66945560413e-24, 8.77385692714e-24, 7.10943220346e-24, 6.98252657192e-24, 3.8184756897e-24, 9.31714385484e-24, 9.93783539229e-24, 9.18206483546e-24, 4.01974566105e-24, 2.0883899708e-23, 8.70752476906e-24, 1.66355240128e-23, 1.32637999753e-23, 8.70045184218e-24, 6.73382160547e-24, 6.10183870745e-24, 1.1029296241e-23, 1.02698748359e-23, 1.06913182525e-23, 1.40054333559e-23, 7.7907027364e-24, 1.18179394206e-23, 6.44268459979e-24, 8.08155023013e-24, 7.5058900286e-24, 1.12352023479e-23, 8.67684833504e-24, 9.91634366578e-24, 6.33830173595e-24, 9.66765368769e-24],
        "var": [2.16805400299e-08, 1.34896325221e-07, 2.94908340948e-06, 1.04912123788e-06, 4.09373200227e-07, 1.88240164789e-06, 9.05436252197e-07, 1.36532548822e-07, 3.2808151218e-07, 3.31482056026e-07, 1.42220380894e-06, 2.51976132404e-07, 1.43460084701e-07, 3.56612765984e-08, 3.4566312479e-08, 2.77034448715e-08, 1.0471445222e-07, 2.6088351035e-08, 1.35093607412e-08, 8.70728822377e-09, 1.82794945847e-09, 1.87110305028e-09, 2.90280821602e-09, 1.76549064257e-09, 7.72279462602e-10, 5.54101875494e-10, 1.83976472945e-10, 1.45588485712e-10, 8.36063926424e-11, 1.48485841678e-11, 9.99919678307e-12, 1.38393480703e-11, 6.43013073343e-12, 1.75714868003e-12, 5.10020573951e-13, 1.29084826053e-13, 3.70218585606e-14, 4.88394758934e-14, 1.84315385762e-15, 4.7703503279e-16]
    },
    "mfcc": {
        "mean": [-670.940429688, 142.890350342, -42.2975692749, 18.528673172, -17.1045722961, -8.89352321625, -13.9474716187, -8.00264263153, -11.0173015594, -2.70554471016, -8.96220302582, -10.6234092712, -5.90763711929],
        "cov": [[2443.99951172, -673.811279297, -597.34777832, 75.7695846558, -179.29145813, 67.5901412964, -3.38038086891, 163.30682373, -33.0006103516, 105.212882996, -22.2880439758, 11.1361646652, -129.260375977], [-673.811279297, 738.062927246, 252.480163574, 4.32392454147, 83.3332519531, -97.6300430298, 47.8476715088, -78.4370498657, -15.4277486801, -46.461025238, 31.6546058655, -39.7191772461, 43.8725242615], [-597.34777832, 252.480163574, 800.113586426, 216.22819519, 32.8547554016, 86.6649169922, -48.0436706543, -12.993303299, -23.6705532074, -43.8758506775, -22.5246772766, -6.91333961487, 45.612903595], [75.7695846558, 4.32392454147, 216.22819519, 346.808044434, 100.002670288, -11.0649738312, -42.2969818115, 8.16062831879, -33.3726921082, -18.0752849579, -21.5538005829, -5.22545576096, 32.6398200989], [-179.29145813, 83.3332519531, 32.8547554016, 100.002670288, 208.572723389, 5.91917991638, -21.3429718018, -11.9997320175, 17.2194519043, -7.45070886612, 2.88586449623, -11.5877695084, -6.20558214188], [67.5901412964, -97.6300430298, 86.6649169922, -11.0649738312, 5.91917991638, 163.061004639, 20.7155265808, 33.7257766724, 19.0064277649, 7.56922769547, 0.810028672218, 7.55309438705, -33.6726531982], [-3.38038086891, 47.8476715088, -48.0436706543, -42.2969818115, -21.3429718018, 20.7155265808, 163.331069946, 29.0370044708, 0.257438331842, 22.7620983124, 7.62325048447, 2.04898691177, -22.1648521423], [163.30682373, -78.4370498657, -12.993303299, 8.16062831879, -11.9997320175, 33.7257766724, 29.0370044708, 115.202445984, 38.2010574341, 7.42587566376, -0.746360838413, -2.60258841515, -12.2412595749], [-33.0006103516, -15.4277486801, -23.6705532074, -33.3726921082, 17.2194519043, 19.0064277649, 0.257438331842, 38.2010574341, 105.359863281, 33.1238288879, -3.36025929451, -3.57296586037, -21.513463974], [105.212882996, -46.461025238, -43.8758506775, -18.0752849579, -7.45070886612, 7.56922769547, 22.7620983124, 7.42587566376, 33.1238288879, 92.0463104248, 31.6119613647, 8.34315109253, -19.6842536926], [-22.2880439758, 31.6546058655, -22.5246772766, -21.5538005829, 2.88586449623, 0.810028672218, 7.62325048447, -0.746360838413, -3.36025929451, 31.6119613647, 74.1140441895, 23.4233837128, -2.03917574883], [11.1361646652, -39.7191772461, -6.91333961487, -5.22545576096, -11.5877695084, 7.55309438705, 2.04898691177, -2.60258841515, -3.57296586037, 8.34315109253, 23.4233837128, 72.7087631226, 34.6374092102], [-129.260375977, 43.8725242615, 45.612903595, 32.6398200989, -6.20558214188, -33.6726531982, -22.1648521423, -12.2412595749, -21.513463974, -19.6842536926, -2.03917574883, 34.6374092102, 121.931625366]],
