{
"lowlevel": {
    "average_loudness": 0.958618223667,
    "barkbands_crest": {
        "dmean": 2.41024947166,
        "dmean2": 3.9331433773,
        "dvar": 4.80855894089,
        "dvar2": 12.069767952,
        "max": 26.6909217834,
        "mean": 8.35891056061,
        "median": 7.54550790787,
        "min": 2.34862160683,
        "var": 13.3961677551
    },
    "barkbands_flatness_db": {
        "dmean": 0.016583962366,
        "dmean2": 0.0259109027684,
        "dvar": 0.000260881264694,
        "dvar2": 0.000600552244578,
        "max": 0.409148663282,
        "mean": 0.126516908407,
        "median": 0.122815564275,
        "min": 0.0407808423042,
        "var": 0.00125873775687
    },
    "barkbands_kurtosis": {
        "dmean": 1.76229691505,
        "dmean2": 2.84915184975,
        "dvar": 94.9594268799,
        "dvar2": 259.424224854,
        "max": 667.113830566,
        "mean": 1.71643447876,
        "median": 0.423152923584,
        "min": -1.84979474545,
        "var": 70.5772247314
    },
    "barkbands_skewness": {
        "dmean": 0.443280279636,
        "dmean2": 0.677561223507,
        "dvar": 0.310192078352,
        "dvar2": 0.694372057915,
        "max": 24.9742507935,
        "mean": 0.950336158276,
        "median": 0.869286835194,
        "min": -4.11500597,
        "var": 1.01085007191
    },
    "barkbands_spread": {
        "dmean": 4.89870452881,
        "dmean2": 7.79959154129,
        "dvar": 27.0994186401,
        "dvar2": 63.8201751709,
        "max": 92.5370559692,
        "mean": 21.9679412842,
        "median": 20.76420784,
        "min": 0.653846502304,
        "var": 91.4610977173
    },
    "dissonance": {
        "dmean": 0.0154704712331,
        "dmean2": 0.025851411745,
        "dvar": 0.000193619387574,
        "dvar2": 0.000531796249561,
        "max": 0.500000059605,
        "mean": 0.470934033394,
        "median": 0.47511151433,
        "min": 0.296511381865,
        "var": 0.000441949407104
    },
    "dynamic_complexity": 1.89083969593,
    "erbbands_crest": {
        "dmean": 2.598341465,
        "dmean2": 4.19841766357,
        "dvar": 5.9189453125,
        "dvar2": 14.6807451248,
        "max": 29.3963260651,
        "mean": 8.76898860931,
        "median": 7.6634645462,
        "min": 2.14229559898,
        "var": 17.4904499054
    },
    "erbbands_flatness_db": {
        "dmean": 0.0156736113131,
        "dmean2": 0.0228901468217,
        "dvar": 0.000207270830288,
        "dvar2": 0.000411012239056,
        "max": 0.320410788059,
        "mean": 0.183077052236,
        "median": 0.182167261839,
        "min": 0.0505377501249,
        "var": 0.00127280678134
    },
    "erbbands_kurtosis": {
        "dmean": 0.698535501957,
        "dmean2": 1.13393008709,
        "dvar": 1.81800937653,
        "dvar2": 5.08347988129,
        "max": 40.8044471741,
        "mean": -0.0964852273464,
        "median": -0.422122478485,
        "min": -1.85979771614,
        "var": 2.37048578262
    },
    "erbbands_skewness": {
        "dmean": 0.346318721771,
        "dmean2": 0.545801103115,
        "dvar": 0.110489085317,
        "dvar2": 0.26696896553,
        "max": 5.12618637085,
        "mean": 0.193145081401,
        "median": 0.191845789552,
        "min": -5.53047466278,
        "var": 0.426890105009
    },
    "erbbands_spread": {
        "dmean": 6.53434276581,
        "dmean2": 9.98778247833,
        "dvar": 46.324005127,
        "dvar2": 103.725883484,
        "max": 105.176361084,
        "mean": 34.1699905396,
        "median": 32.5019721985,
        "min": 5.64095592499,
        "var": 198.819290161
    },
    "hfc": {
        "dmean": 5.07449817657,
        "dmean2": 7.304063797,
        "dvar": 35.5484466553,
        "dvar2": 66.8445968628,
        "max": 124.963157654,
        "mean": 23.8662967682,
        "median": 21.0164680481,
        "min": 1.22197697827e-16,
        "var": 231.368667603
    },
    "melbands_crest": {
        "dmean": 3.0846414566,
        "dmean2": 5.01739597321,
        "dvar": 7.92759037018,
        "dvar2": 19.1435241699,
        "max": 39.1129341125,
        "mean": 10.9980945587,
        "median": 10.2132749557,
        "min": 2.0378549099,
        "var": 20.9940567017
    },
    "melbands_flatness_db": {
        "dmean": 0.0208801738918,
        "dmean2": 0.0319530293345,
        "dvar": 0.000437206821516,
        "dvar2": 0.000917047902476,
        "max": 0.389480113983,
        "mean": 0.162886247039,
        "median": 0.158884495497,
        "min": 0.00381646957248,
        "var": 0.0026067418512
    },
    "melbands_kurtosis": {
        "dmean": 3.76651096344,
        "dmean2": 5.94036054611,
        "dvar": 102.49016571,
        "dvar2": 268.690673828,
        "max": 575.272216797,
        "mean": 6.36896705627,
        "median": 3.38663339615,
        "min": -1.92123377323,
        "var": 128.025360107
    },
    "melbands_skewness": {
        "dmean": 0.556912064552,
        "dmean2": 0.844095170498,
        "dvar": 0.403157293797,
        "dvar2": 0.886314809322,
        "max": 22.1757888794,
        "mean": 1.78400969505,
        "median": 1.65342223644,
        "min": -1.69352567196,
        "var": 1.56434714794
    },
    "melbands_spread": {
        "dmean": 7.5549325943,
        "dmean2": 11.74497509,
        "dvar": 90.8087921143,
        "dvar2": 191.888244629,
        "max": 237.761962891,
        "mean": 29.164018631,
        "median": 26.8160228729,
        "min": 1.21710968018,
        "var": 282.725769043
    },
    "pitch_salience": {
        "dmean": 0.0651359036565,
        "dmean2": 0.105518318713,
        "dvar": 0.00337130459957,
        "dvar2": 0.00845824647695,
        "max": 0.94493740797,
        "mean": 0.606431484222,
        "median": 0.609093785286,
        "min": 0.0345983989537,
        "var": 0.0113509744406
    },
    "silence_rate_20dB": {
        "dmean": 0,
        "dmean2": 0,
        "dvar": 0,
        "dvar2": 0,
        "max": 1,
        "mean": 1,
        "median": 1,
        "min": 1,
        "var": 0
    },
    "silence_rate_30dB": {
        "dmean": 0,
        "dmean2": 0,
        "dvar": 0,
        "dvar2": 0,
        "max": 1,
        "mean": 1,
        "median": 1,
        "min": 1,
        "var": 0
    },
    "silence_rate_60dB": {
        "dmean": 0.00462962966412,
        "dmean2": 0.00926033128053,
        "dvar": 0.00460821390152,
        "dvar2": 0.0110266460106,
        "max": 1,
        "mean": 0.0113412803039,
        "median": 0,
        "min": 0,
        "var": 0.0112127587199
    },
    "spectral_centroid": {
        "dmean": 265.864135742,
        "dmean2": 407.152404785,
        "dvar": 84751.0703125,
        "dvar2": 163861.515625,
        "max": 10678.2958984,
        "mean": 1609.36022949,
        "median": 1597.57055664,
        "min": 308.647979736,
        "var": 384334.40625
    },
    "spectral_complexity": {
        "dmean": 3.63310194016,
        "dmean2": 5.78400278091,
        "dvar": 10.9147777557,
        "dvar2": 25.6497459412,
        "max": 55,
        "mean": 24.0843658447,
        "median": 24,
        "min": 0,
        "var": 71.6949310303
    },
    "spectral_decrease": {
        "dmean": 1.42166634021e-09,
        "dmean2": 2.12165196523e-09,
        "dvar": 2.19368174372e-18,
        "dvar2": 4.41248165392e-18,
        "max": 7.95686280573e-29,
        "mean": -5.9163220989e-09,
        "median": -5.948844084e-09,
        "min": -1.72262168974e-08,
        "var": 7.69741190817e-18
    },
    "spectral_energy": {
        "dmean": 0.00563666177914,
        "dmean2": 0.00838574580848,
        "dvar": 3.3516826079e-05,
        "dvar2": 6.66785199428e-05,
        "max": 0.0672996938229,
        "mean": 0.024494247511,
        "median": 0.0247268527746,
        "min": 1.07833938449e-20,
        "var": 0.000126979561173
    },
    "spectral_energyband_high": {
        "dmean": 0.000264521921054,
        "dmean2": 0.000394172064262,
        "dvar": 3.25460547401e-07,
        "dvar2": 6.23900689334e-07,
        "max": 0.0176040306687,
        "mean": 0.000717139162589,
        "median": 0.000462407420855,
        "min": 8.02312687595e-21,
        "var": 8.42488987018e-07
    },
    "spectral_energyband_low": {
        "dmean": 0.00208038906567,
        "dmean2": 0.00333679979667,
        "dvar": 1.14082604341e-05,
        "dvar2": 2.85690002784e-05,
        "max": 0.0520982481539,
        "mean": 0.00374411279336,
        "median": 0.00258535472676,
        "min": 4.13094806965e-23,
        "var": 1.82234907697e-05
    },
    "spectral_energyband_middle_high": {
        "dmean": 0.00231060339138,
        "dmean2": 0.00347155355848,
        "dvar": 9.01939620235e-06,
        "dvar2": 1.92682909983e-05,
        "max": 0.0539657995105,
        "mean": 0.00834317877889,
        "median": 0.00598173448816,
        "min": 1.48300892349e-21,
        "var": 5.76838974666e-05
    },
    "spectral_energyband_middle_low": {
        "dmean": 0.00442134542391,
        "dmean2": 0.00673649506643,
        "dvar": 2.90996540571e-05,
        "dvar2": 5.97545440542e-05,
        "max": 0.063766464591,
        "mean": 0.0123730879277,
        "median": 0.0104695241898,
        "min": 2.97866632913e-22,
        "var": 8.40760549181e-05
    },
    "spectral_entropy": {
        "dmean": 0.116004258394,
        "dmean2": 0.172052189708,
        "dvar": 0.0141616612673,
        "dvar2": 0.027807565406,
        "max": 9.81464767456,
        "mean": 7.59306669235,
        "median": 7.60295200348,
        "min": 5.92427206039,
        "var": 0.0834068506956
    },
    "spectral_flux": {
        "dmean": 0.0206998623908,
        "dmean2": 0.0333578139544,
        "dvar": 0.000392902671592,
        "dvar2": 0.000988805550151,
        "max": 0.232957199216,
        "mean": 0.0887530967593,
        "median": 0.0861551389098,
        "min": 1.03843121602e-10,
        "var": 0.000978079857305
    },
    "spectral_kurtosis": {
        "dmean": 1.57270503044,
        "dmean2": 2.72134065628,
        "dvar": 2.27768039703,
        "dvar2": 6.55630540848,
        "max": 29.1702842712,
        "mean": 3.81911492348,
        "median": 3.48441457748,
        "min": -1.24947309494,
        "var": 4.28742837906
    },
    "spectral_rms": {
        "dmean": 0.000573395111132,
        "dmean2": 0.000841121713165,
        "dvar": 3.1941166867e-07,
        "dvar2": 5.89588637467e-07,
        "max": 0.00810297764838,
        "mean": 0.00473138410598,
        "median": 0.00491159455851,
        "min": 3.2435141812e-12,
        "var": 1.51081087552e-06
    },
    "spectral_rolloff": {
        "dmean": 459.407440186,
        "dmean2": 748.224609375,
        "dvar": 425480.8125,
        "dvar2": 838174.375,
        "max": 18992.2851562,
        "mean": 1788.19641113,
        "median": 1744.18945312,
        "min": 21.533203125,
        "var": 1254917.25
    },
    "spectral_skewness": {
        "dmean": 0.205046564341,
        "dmean2": 0.342117965221,
        "dvar": 0.0349079854786,
        "dvar2": 0.0894188210368,
        "max": 3.55913114548,
        "mean": 1.28285837173,
        "median": 1.26959586143,
        "min": -0.395437896252,
        "var": 0.0986505374312
    },
    "spectral_spread": {
        "dmean": 340393.4375,
        "dmean2": 493878.625,
        "dvar": 261353422848,
        "dvar2": 335606218752,
        "max": 41998076,
        "mean": 3613483.75,
        "median": 3419610.75,
        "min": 1819257.875,
        "var": 854605692928
    },
    "spectral_strongpeak": {
        "dmean": 0.770064771175,
        "dmean2": 1.26580667496,
        "dvar": 1.15419185162,
        "dvar2": 2.69872617722,
        "max": 14.1459741592,
        "mean": 1.42497563362,
        "median": 0.878172755241,
        "min": 0,
        "var": 2.65760493279
    },
    "zerocrossingrate": {
        "dmean": 0.0082677770406,
        "dmean2": 0.00972221698612,
        "dvar": 0.000129078078317,
        "dvar2": 0.000132546163513,
        "max": 0.57177734375,
        "mean": 0.0643725469708,
        "median": 0.060546875,
        "min": 0.009765625,
        "var": 0.000810414610896
    },
    "barkbands": {
        "dmean": [6.92121320753e-05, 0.00142215576489, 0.000812446291093, 0.00106165767647, 0.00195566448383, 0.00147625163663, 0.0010281013092, 0.000805720861536, 0.000934802810661, 0.000731359992642, 0.000778936897404, 0.000463265663711, 0.000401447556214, 0.00044970336603, 0.000533546262886, 0.00040116548189, 0.00035490441951, 0.000267804949544, 0.000301662046695, 0.000193835207028, 9.80363547569e-05, 6.47868000669e-05, 4.81590650452e-05, 2.9424270906e-05, 1.02647891254e-05, 2.10424263969e-06, 8.63021725195e-08],
        "dmean2": [0.000122866418678, 0.00240780878812, 0.00130904302932, 0.00168127054349, 0.00309909228235, 0.00237975385971, 0.00162862311117, 0.00126969662961, 0.0014247483341, 0.00115974561777, 0.00125697744079, 0.00072169204941, 0.000635242147837, 0.000728287152015, 0.000858051585965, 0.000637515506241, 0.000557641440537, 0.000421641016146, 0.00047453775187, 0.000308317161398, 0.000158004288096, 9.89899272099e-05, 7.07046565367e-05, 4.32031811215e-05, 1.52143065861e-05, 3.28915371028e-06, 1.44746721276e-07],
        "dvar": [6.88183154907e-09, 6.9224802246e-06, 1.96854693968e-06, 3.68992073163e-06, 1.00733495856e-05, 6.83247390043e-06, 3.46689535036e-06, 2.9565285331e-06, 3.65167738892e-06, 2.511002549e-06, 4.24486643169e-06, 1.44074147101e-06, 7.17288685337e-07, 6.70009114856e-07, 1.20771426282e-06, 7.06178013843e-07, 5.81936944855e-07, 2.7224450605e-07, 2.83616770957e-07, 1.39627374551e-07, 4.87393343462e-08, 4.01561059959e-08, 1.83156476652e-08, 5.28957855295e-09, 1.01625752258e-09, 4.52812579099e-11, 1.43912266544e-13],
        "dvar2": [2.00812930728e-08, 1.91538001673e-05, 4.90254160468e-06, 8.08441564004e-06, 2.18866207433e-05, 1.65260153153e-05, 8.04129831522e-06, 6.90395336278e-06, 7.12411974746e-06, 5.80802088734e-06, 1.05510825961e-05, 3.10775817525e-06, 1.64196228525e-06, 1.54131214458e-06, 2.69376596407e-06, 1.60339175181e-06, 1.22769665722e-06, 6.15471151377e-07, 6.17624664301e-07, 3.39188005682e-07, 1.11779435485e-07, 8.94499194715e-08, 3.4311188557e-08, 9.69051949795e-09, 1.70358216423e-09, 9.52885895189e-11, 3.33261386152e-13],
        "max": [0.00104785175063, 0.0387346595526, 0.0199278891087, 0.0338278077543, 0.0456068590283, 0.0602618157864, 0.0372576266527, 0.0299857463688, 0.0469903238118, 0.0406166277826, 0.0426298454404, 0.0356943383813, 0.0354207903147, 0.0188970379531, 0.0267377365381, 0.0214658640325, 0.0204047765583, 0.0167161840945, 0.0137571692467, 0.0154558122158, 0.0100769326091, 0.00947360321879, 0.00596687337384, 0.0027859818656, 0.00120264687575, 0.000355483003659, 2.14298379433e-05],
        "mean": [7.46420992073e-05, 0.00203256728128, 0.00117890711408, 0.00134752562735, 0.00309707014821, 0.00277812895365, 0.00168453925289, 0.00130220560823, 0.00174332247116, 0.00118478317745, 0.00131944008172, 0.000817043008283, 0.000721571268514, 0.000797219458036, 0.000929571688175, 0.000687994004693, 0.000672406575177, 0.000556190672796, 0.000642175320536, 0.000404549471568, 0.000202467170311, 0.000135170514113, 9.64058635873e-05, 6.58718272462e-05, 1.96182209038e-05, 2.85187343252e-06, 9.34571318112e-08],
        "median": [4.63282958663e-05, 0.00117453653365, 0.000601784267928, 0.000561648979783, 0.00164381996728, 0.00126143381931, 0.000801681482699, 0.000477888097521, 0.000615798169747, 0.000453468295746, 0.000327671587002, 0.000316945981467, 0.00028795475373, 0.000364475417882, 0.000439339462901, 0.00031742270221, 0.000323686777847, 0.000285814865492, 0.000332672701916, 0.000253114529187, 0.000127992418129, 7.21437027096e-05, 4.65546727355e-05, 2.76557093457e-05, 8.61867283675e-06, 9.89067302726e-07, 1.33456454776e-08],
        "min": [4.07394829385e-24, 2.73704441853e-23, 6.98639120149e-24, 7.11396815367e-24, 4.72351576919e-23, 3.82117217404e-23, 2.19830464286e-23, 3.00175458389e-23, 1.45820648029e-22, 1.5997911409e-23, 8.68591266238e-23, 8.17259077394e-23, 1.01447089582e-22, 1.31387472203e-22, 1.44612933538e-22, 1.84139194158e-22, 1.01635444323e-22, 2.25707847216e-22, 2.26845851647e-22, 3.47197298625e-22, 3.81946861314e-22, 5.33688812894e-22, 4.50413525539e-22, 8.45420793243e-22, 1.53106365402e-21, 1.77628635493e-21, 2.56042833208e-21],
        "var": [6.86995704768e-09, 8.22478523332e-06, 2.9247630664e-06, 5.12047427037e-06, 1.8568136511e-05, 1.92875177163e-05, 6.51363643556e-06, 6.56425982015e-06, 1.30371226987e-05, 5.17111948284e-06, 1.07773976197e-05, 4.04948195865e-06, 2.55711188402e-06, 1.75998297891e-06, 2.84540192297e-06, 1.41652992625e-06, 1.57956162639e-06, 9.01401847386e-07, 8.37515528929e-07, 2.54583227388e-07, 8.78854962139e-08, 6.33542427408e-08, 3.87346155151e-08, 1.62263784631e-08, 2.34557151479e-09, 7.04409308661e-11, 1.73467116322e-13]
    },
    "erbbands": {
        "dmean": [0.0306280851364, 0.365559339523, 0.962004482746, 1.85812985897, 6.0079741478, 7.31736850739, 7.9810962677, 13.6424951553, 13.0578346252, 18.991443634, 16.2681465149, 20.8598136902, 21.7019748688, 25.3363361359, 26.0025749207, 16.7800979614, 17.978717804, 20.3336410522, 22.1607818604, 27.5381793976, 17.4642772675, 18.464017868, 13.4818964005, 15.2046003342, 13.1298713684, 8.84217262268, 5.26466178894, 2.96840882301, 2.45112991333, 1.89539158344, 1.26585066319, 0.667744219303, 0.511187791824, 0.16903360188, 0.0511256828904, 0.0146880503744, 0.00267368229106, 0.000258718704572, 1.49617108036e-05, 6.89341277393e-06],
        "dmean2": [0.0497378148139, 0.62153249979, 1.54674184322, 2.95406746864, 9.43480873108, 11.895989418, 12.679066658, 22.150138855, 20.8896636963, 30.1608371735, 25.397769928, 31.9097003937, 33.4264793396, 40.3991966248, 40.8907814026, 26.1996021271, 28.0675048828, 32.0795059204, 35.5751266479, 43.5743637085, 27.6238098145, 28.5586948395, 20.8423156738, 23.3596591949, 20.8017063141, 14.0130491257, 8.46751022339, 4.69578266144, 3.77156972885, 2.86077404022, 1.87146568298, 0.990881741047, 0.754142105579, 0.252302885056, 0.0765652358532, 0.0225339084864, 0.00421865424141, 0.000416760623921, 2.34274430113e-05, 1.01829664345e-05],
        "dvar": [0.00221748021431, 0.507872462273, 3.13978743553, 9.53768062592, 139.879043579, 155.267318726, 255.660476685, 686.706298828, 578.398742676, 1454.87536621, 1237.72729492, 1932.93371582, 2256.98217773, 2920.23779297, 5375.80615234, 1444.93823242, 1741.7277832, 1303.66088867, 1680.1171875, 3424.99316406, 1076.54199219, 1652.93920898, 610.678955078, 860.421447754, 540.412414551, 309.367004395, 93.2962493896, 65.4646606445, 56.4798431396, 28.9826126099, 11.4976758957, 2.8824441433, 1.80503666401, 0.269013166428, 0.0242374204099, 0.00195056712255, 7.28396917111e-05, 8.7784593461e-07, 4.37138680809e-09, 5.30343824412e-11],
        "dvar2": [0.005782650318, 1.39000737667, 7.65514850616, 22.0836620331, 291.404327393, 373.852111816, 578.109130859, 1673.1217041, 1336.04370117, 3408.98974609, 2809.24609375, 3843.19921875, 4852.60986328, 6992.08642578, 12985.8388672, 3155.95996094, 4115.92724609, 2870.27783203, 3975.2175293, 7689.9375, 2573.21533203, 3556.52368164, 1304.04785156, 1775.15246582, 1227.18115234, 774.749328613, 217.076721191, 151.517181396, 127.056877136, 60.5659561157, 20.8275356293, 5.7090716362, 3.45733547211, 0.464476794004, 0.0415094271302, 0.00382181932218, 0.00014375099272, 1.98311568056e-06, 9.17545239787e-09, 1.04467559603e-10],
        "max": [0.685836076736, 10.7663564682, 23.0284004211, 86.0572738647, 160.864135742, 219.913223267, 531.97265625, 624.423095703, 605.38079834, 690.441101074, 751.961181641, 1211.71105957, 1314.92980957, 1151.25842285, 2043.65332031, 1146.62646484, 1851.18566895, 1117.82092285, 1237.6854248, 1375.27185059, 858.566223145, 1170.89233398, 987.348083496, 844.390625, 583.546325684, 830.242980957, 415.73815918, 260.575836182, 373.579528809, 168.41444397, 134.860153198, 59.6899414062, 51.1415519714, 20.4768428802, 6.47335004807, 2.36009311676, 0.422495752573, 0.0527001619339, 0.0040173958987, 0.000185978016816],
        "mean": [0.0472132116556, 0.494902163744, 1.39275538921, 2.80700731277, 7.7184381485, 11.0044841766, 14.971116066, 24.3312034607, 22.1165618896, 31.6941432953, 28.6978244781, 38.9245643616, 39.9297142029, 44.0029067993, 49.3165283203, 32.5604934692, 34.3571968079, 39.7974853516, 42.4610862732, 50.4147224426, 34.1746559143, 38.2379188538, 31.0899410248, 33.0592346191, 29.2767753601, 19.2007465363, 11.5134534836, 6.24563169479, 5.06496429443, 3.65940475464, 2.58108782768, 1.45598804951, 1.08819854259, 0.3368473351, 0.0877849906683, 0.0218445267528, 0.00347628770396, 0.000321893225191, 3.14442149829e-05, 3.12389165629e-05],
        "median": [0.03044269979, 0.261386394501, 0.736575186253, 1.65152668953, 3.37313818932, 5.45921897888, 6.92878913879, 10.3263521194, 11.8802928925, 12.9905395508, 12.5026283264, 14.7878723145, 16.1502552032, 16.9800186157, 14.7849960327, 14.6919698715, 15.3101377487, 20.0518035889, 23.2039470673, 25.5528850555, 18.8505458832, 18.8890380859, 17.4392242432, 16.7682304382, 16.4367332458, 12.36054039, 7.57943630219, 3.91525292397, 2.71588516235, 1.80829787254, 1.26584649086, 0.717726588249, 0.379433959723, 0.136657208204, 0.0408149324358, 0.00874356832355, 0.00111285876483, 8.48366544233e-05, 2.00015565497e-05, 3.1509607652e-05],
        "min": [1.23739757289e-21, 4.60689558381e-21, 6.53266696557e-21, 2.01586031698e-20, 8.68397665383e-20, 1.64872256751e-19, 1.40343779575e-19, 4.50402273378e-19, 3.16412171486e-19, 4.50092649335e-19, 1.04268825229e-18, 3.41812411726e-18, 1.43284897791e-18, 8.10157494041e-19, 4.43539290253e-18, 3.88234614883e-18, 4.86320533867e-18, 7.45133394775e-18, 8.73295435394e-18, 9.43010796447e-18, 5.9959845198e-18, 5.96874008556e-18, 1.2946157445e-17, 8.40986256977e-18, 1.44690052245e-17, 1.68818646015e-17, 1.47950748589e-17, 1.66559119454e-17, 2.03923529467e-17, 1.30475003049e-17, 1.30101133956e-17, 1.16911548837e-17, 1.68839441336e-17, 1.37072719692e-17, 1.38138376475e-17, 7.32186777417e-18, 3.26072302042e-18, 1.46973440899e-18, 3.04192387393e-19, 3.82982232543e-20],
        "var": [0.00338972359896, 0.567416727543, 4.26548719406, 13.9920969009, 181.820571899, 267.142059326, 859.638122559, 1703.5020752, 1065.8996582, 3098.81103516, 2903.18261719, 6137.33105469, 6495.46582031, 6237.60107422, 15927.5507812, 4044.38793945, 5669.12695312, 4240.95214844, 4252.74560547, 7819.828125, 2432.65112305, 5182.61865234, 2343.11914062, 2579.36962891, 1727.76623535, 543.241516113, 201.111633301, 104.252502441, 87.8324356079, 52.9099006653, 26.3234004974, 6.76347160339, 5.70141077042, 0.641926109791, 0.0519463196397, 0.00346635398455, 0.000118584342999, 1.25616747937e-06, 6.07439964995e-09, 2.13479414701e-10]
    },
    "gfcc": {
        "mean": [6.83701467514, 107.427085876, -153.291885376, 43.5408554077, -66.9141769409, 9.9745349884, -37.8453369141, 5.83338975906, -18.6798267365, -3.14596843719, -7.31824064255, -8.1014251709, -2.39873576164],
        "cov": [[2464.02807617, -391.258789062, -50.8996238708, -19.4910812378, -114.167579651, 138.436706543, -33.1689453125, 105.963874817, -135.858276367, -1.43586719036, -80.8682174683, 26.8364982605, -107.256759644], [-391.258789062, 971.063537598, 273.531494141, 61.6705436707, 122.825462341, -191.881988525, 42.5903663635, -74.4247589111, 76.8665542603, -86.795753479, 78.7365493774, -88.6239624023, 53.5330619812], [-50.8996238708, 273.531494141, 680.684753418, 229.364746094, -34.5302772522, -27.308555603, -64.7577514648, -12.7107648849, -23.3513431549, 13.2292098999, -24.5429382324, -1.04719424248, -21.3968162537], [-19.4910812378, 61.6705436707, 229.364746094, 256.99395752, 28.8373813629, -10.681265831, -15.6568918228, 3.12196469307, 10.578168869, -9.13511657715, 4.40472555161, -11.9706773758, 10.554646492], [-114.167579651, 122.825462341, -34.5302772522, 28.8373813629, 182.412902832, -3.90630912781, 42.3056564331, 22.1250858307, 11.5501565933, -11.1134576797, 11.8935747147, 1.23881423473, 4.95693016052], [138.436706543, -191.881988525, -27.308555603, -10.681265831, -3.90630912781, 235.822265625, 63.9336967468, 11.9799051285, -36.1931838989, 18.121843338, -26.3467388153, -0.411165297031, -1.19443106651], [-33.1689453125, 42.5903663635, -64.7577514648, -15.6568918228, 42.3056564331, 63.9336967468, 152.416213989, 41.1257896423, 0.945382714272, -4.35444879532, 23.2393741608, -7.53733205795, 6.83282661438], [105.963874817, -74.4247589111, -12.7107648849, 3.12196469307, 22.1250858307, 11.9799051285, 41.1257896423, 135.488265991, 38.8137435913, 13.8763942719, -8.47757911682, 20.5771331787, -12.3178434372], [-135.858276367, 76.8665542603, -23.3513431549, 10.578168869, 11.5501565933, -36.1931838989, 0.945382714272, 38.8137435913, 123.0496521, 14.0824241638, 10.6242103577, -8.24818992615, 8.76169109344], [-1.43586719036, -86.795753479, 13.2292098999, -9.13511657715, -11.1134576797, 18.121843338, -4.35444879532, 13.8763942719, 14.0824241638, 95.4348449707, 14.2655448914, 10.6766252518, -15.8922252655], [-80.8682174683, 78.7365493774, -24.5429382324, 4.40472555161, 11.8935747147, -26.3467388153, 23.2393741608, -8.47757911682, 10.6242103577, 14.2655448914, 101.938117981, 17.3801574707, 17.7033672333], [26.8364982605, -88.6239624023, -1.04719424248, -11.9706773758, 1.23881423473, -0.411165297031, -7.53733205795, 20.5771331787, -8.24818992615, 10.6766252518, 17.3801574707, 90.6873626709, 15.4495048523], [-107.256759644, 53.5330619812, -21.3968162537, 10.554646492, 4.95693016052, -1.19443106651, 6.83282661438, -12.3178434372, 8.76169109344, -15.8922252655, 17.7033672333, 15.4495048523, 84.3856964111]],
        "icov": [[0.000549118209165, -0.000235671483097, 0.00034306535963, -0.000326368084643, 0.000517557724379, -0.000404970371164, 0.000462435884401, -0.000828188145533, 0.00084996240912, -1.47301307152e-05, 0.000217687935219, -0.000296123354929, 0.000698312243912], [-0.000235671483097, 0.00409244000912, -0.00309769040905, 0.00259986100718, -0.00300410483032, 0.00268562976271, -0.00241654412821, 0.00263189035468, -0.00303984922357, 0.00305091333576, -0.00274544884451, 0.00394255295396, -0.00246767350473], [0.00034306535963, -0.00309769040905, 0.00476784259081, -0.00427494198084, 0.00298577640206, -0.00181305746082, 0.00223107100464, -0.00210348982364, 0.00309417373501, -0.00281948549673, 0.00268311589025, -0.00337816379033, 0.00265938346274], [-0.000326368084643, 0.00259986100718, -0.00427494198084, 0.00797552056611, -0.00335606699809, 0.00134459871333, -0.000937064178288, 0.00130925967824, -0.00278495624661, 0.00275065354072, -0.00280490610749, 0.003782246029, -0.00295930961147], [0.000517557724379, -0.00300410483032, 0.00298577640206, -0.00335606699809, 0.00874321907759, -0.0015905557666, 0.000213319945033, -0.0027411035262, 0.00249205436558, -0.00161994271912, 0.00200760480948, -0.00336365727708, 0.00241775182076], [-0.000404970371164, 0.00268562976271, -0.00181305746082, 0.00134459871333, -0.0015905557666, 0.00762032764032, -0.00469872541726, 0.00224148947746, -0.000587550806813, -2.42795958911e-05, 0.000616716395598, 0.00230362615548, -0.00243210466579], [0.000462435884401, -0.00241654412821, 0.00223107100464, -0.000937064178288, 0.000213319945033, -0.00469872541726, 0.0118433376774, -0.005540009588, 0.00292871589772, -0.000302341330098, -0.00205030594952, 0.000145457830513, 0.000999495270662], [-0.000828188145533, 0.00263189035468, -0.00210348982364, 0.00130925967824, -0.0027411035262, 0.00224148947746, -0.005540009588, 0.0132140237838, -0.00654036272317, 0.000886566354893, 0.000775701832026, -0.00130587257445, 7.31756881578e-05], [0.00084996240912, -0.00303984922357, 0.00309417373501, -0.00278495624661, 0.00249205436558, -0.000587550806813, 0.00292871589772, -0.00654036272317, 0.0137109626085, -0.00407191552222, 0.00138489727397, -0.000470538332593, 0.000400260556489], [-1.47301307152e-05, 0.00305091333576, -0.00281948549673, 0.00275065354072, -0.00161994271912, -2.42795958911e-05, -0.000302341330098, 0.000886566354893, -0.00407191552222, 0.0149363642558, -0.00501196132973, 0.00173864897806, 0.00120445550419], [0.000217687935219, -0.00274544884451, 0.00268311589025, -0.00280490610749, 0.00200760480948, 0.000616716395598, -0.00205030594952, 0.000775701832026, 0.00138489727397, -0.00501196132973, 0.0148300956935, -0.00559142092243, 4.43432109023e-05], [-0.000296123354929, 0.00394255295396, -0.00337816379033, 0.003782246029, -0.00336365727708, 0.00230362615548, 0.000145457830513, -0.00130587257445, -0.000470538332593, 0.00173864897806, -0.00559142092243, 0.0176139324903, -0.00585479242727], [0.000698312243912, -0.00246767350473, 0.00265938346274, -0.00295930961147, 0.00241775182076, -0.00243210466579, 0.000999495270662, 7.31756881578e-05, 0.000400260556489, 0.00120445550419, 4.43432109023e-05, -0.00585479242727, 0.0163490157574]]
    },
    "melbands": {
        "dmean": [0.000330685841618, 0.000485684315208, 0.000462928495836, 0.000455118191894, 0.000275366823189, 0.00029863868258, 0.00020192564989, 0.000200729336939, 0.000136915434268, 0.000134555477416, 0.000110717774078, 0.000103767386463, 0.000101013865788, 5.42481684533e-05, 4.26188271376e-05, 4.23786732426e-05, 4.01212164434e-05, 3.71881869796e-05, 4.31777698395e-05, 3.31459959853e-05, 2.04676834983e-05, 2.01717684831e-05, 1.88169760804e-05, 1.25138867588e-05, 1.39923558891e-05, 1.21145503726e-05, 8.09804168966e-06, 6.1786340666e-06, 4.21318281951e-06, 2.38835650634e-06, 1.73337366505e-06, 1.57355611918e-06, 1.21779748952e-06, 1.10045016299e-06, 8.43109205562e-07, 5.55849396733e-07, 3.97630259386e-07, 4.60524034906e-07, 2.0467572881e-07, 1.34199709123e-07],
        "dmean2": [0.000551928940695, 0.000785820535384, 0.000724385434296, 0.000720802287105, 0.000439846888185, 0.000484628224513, 0.000321097410051, 0.000318171747494, 0.000212990576983, 0.000205003656447, 0.00017100381956, 0.000166121521033, 0.000162029973581, 8.4062172391e-05, 6.79170771036e-05, 6.66508640279e-05, 6.37048578938e-05, 5.99605737079e-05, 6.83144389768e-05, 5.24209899595e-05, 3.27619309246e-05, 3.18759812217e-05, 2.92707409244e-05, 1.98629113584e-05, 2.1498892238e-05, 1.91566396097e-05, 1.28517158373e-05, 9.9554508779e-06, 6.84212682245e-06, 3.83692986361e-06, 2.77706567431e-06, 2.47490970651e-06, 1.86962120097e-06, 1.68791848409e-06, 1.26087604713e-06, 8.48275931276e-07, 6.02979639552e-07, 6.91688114784e-07, 3.07007724132e-07, 2.05986026458e-07],
        "dvar": [3.12593044782e-07, 8.31724548789e-07, 6.6386439812e-07, 6.03302567015e-07, 2.34250364883e-07, 3.0049795896e-07, 1.24425895365e-07, 1.56406656515e-07, 8.51686507986e-08, 8.14197704813e-08, 5.97772356059e-08, 4.97835124236e-08, 7.61583507369e-08, 2.18725109136e-08, 8.5422602325e-09, 9.02869068398e-09, 5.27283239293e-09, 4.98206453869e-09, 9.08315200832e-09, 5.39489253271e-09, 1.62390856318e-09, 1.79501935538e-09, 2.16782436446e-09, 5.90754500873e-10, 8.15239209473e-10, 5.5610471783e-10, 2.28963084603e-10, 1.65458619028e-10, 4.76409189876e-11, 3.81153719697e-11, 2.26365731715e-11, 2.39612635289e-11, 1.2563071243e-11, 1.02810685312e-11, 5.4501299307e-12, 2.43117678767e-12, 8.7887569401e-13, 1.48863495315e-12, 4.9809229007e-13, 1.61808175365e-13],
        "dvar2": [8.65338165568e-07, 2.06908839573e-06, 1.41178009017e-06, 1.28899239371e-06, 5.36388313321e-07, 7.293980957e-07, 2.88622459266e-07, 3.67771662013e-07, 1.89681728102e-07, 1.60327175536e-07, 1.2960029494e-07, 1.17514304065e-07, 1.88527081946e-07, 4.8398497654e-08, 2.02745464861e-08, 1.96472313974e-08, 1.17001732747e-08, 1.20925891522e-08, 1.92640499108e-08, 1.1935526345e-08, 3.93913035523e-09, 4.08809164298e-09, 4.28423208021e-09, 1.41871214776e-09, 1.66258928846e-09, 1.26208687945e-09, 5.08812880717e-10, 4.25758012179e-10, 1.17763923613e-10, 8.24116330733e-11, 5.48769849007e-11, 5.65243095385e-11, 2.74435335568e-11, 2.18734804575e-11, 1.0553880686e-11, 5.02919060563e-12, 1.86508360839e-12, 3.1426846802e-12, 8.470160337e-13, 3.08248245722e-13],
        "max": [0.00720753800124, 0.0136237973347, 0.0127539485693, 0.0100580062717, 0.0147009277716, 0.0125168636441, 0.00786079373211, 0.00658744992688, 0.00610788865015, 0.00819514971226, 0.00656708655879, 0.00432248553261, 0.00597264105454, 0.00506843952462, 0.00252047763206, 0.00409596599638, 0.00215398543514, 0.00175743387081, 0.00284197600558, 0.00234777410515, 0.00133650237694, 0.00123129540589, 0.00134594389237, 0.000750142964534, 0.000817890570033, 0.000682042911649, 0.000377187272534, 0.000613364216406, 0.000222630493226, 0.000333026866429, 0.000145882469951, 0.000259653868852, 0.000107088468212, 0.000120921635244, 9.36222204473e-05, 6.91656823619e-05, 2.70133623417e-05, 3.54489493475e-05, 3.34492324328e-05, 1.43275374285e-05],
        "mean": [0.000499812653288, 0.000721106189303, 0.000656168907881, 0.000681206351146, 0.000520524277817, 0.000545286980923, 0.00034455122659, 0.000336714700097, 0.000236154053709, 0.000248881638981, 0.000196066990611, 0.000171854597284, 0.000179461887456, 9.94559450191e-05, 7.43148120819e-05, 7.63355419622e-05, 7.29041857994e-05, 6.45556065137e-05, 7.36353395041e-05, 5.75454905629e-05, 3.54885596607e-05, 3.83951664844e-05, 3.54294497811e-05, 2.5508537874e-05, 2.68195635726e-05, 2.42548776441e-05, 1.61612115335e-05, 1.19694104797e-05, 8.35471109895e-06, 4.45455907538e-06, 3.27772363562e-06, 3.02551552522e-06, 2.26204565479e-06, 1.96180712919e-06, 1.59705734859e-06, 1.06653283183e-06, 8.10340452517e-07, 9.4655212024e-07, 3.72245267499e-07, 2.43551937729e-07],
        "median": [0.000314769451506, 0.000402138568461, 0.000348395959008, 0.000342712679412, 0.000269947049674, 0.000242127061938, 0.000182830961421, 0.000133549780003, 9.44640705711e-05, 8.77958227647e-05, 7.32964763301e-05, 6.27503686701e-05, 4.75938395539e-05, 3.53585419361e-05, 3.25874389091e-05, 3.09689057758e-05, 3.31964729412e-05, 3.09714378091e-05, 3.30372567987e-05, 2.67412506219e-05, 1.76036955963e-05, 1.72673644556e-05, 1.65303372341e-05, 1.27090997921e-05, 1.26096174426e-05, 1.23176350826e-05, 8.83484972292e-06, 7.34024570193e-06, 5.1767729019e-06, 2.69439419753e-06, 1.92380412045e-06, 1.5536020328e-06, 1.14645399663e-06, 9.0803087005e-07, 7.63073387589e-07, 5.32226351879e-07, 3.92395975268e-07, 2.93495020287e-07, 1.47911904946e-07, 9.6640107472e-08],
        "min": [9.47450425049e-24, 4.08081690575e-24, 4.8222443936e-24, 9.62381747605e-24, 5.7951023718e-24, 8.96683597038e-24, 5.16649777062e-24, 5.1571706737e-24, 1.05676548393e-23, 2.22048472938e-23, 6.41193914044e-24, 2.13230483188e-24, 1.37401820319e-23, 1.00607840975e-23, 8.67519961575e-24, 1.16256624636e-23, 1.430870462e-23, 1.37092807725e-23, 1.00646471494e-23, 1.51364390129e-23, 5.49380996526e-24, 4.56148247708e-24, 1.23472343224e-23, 9.47101275212e-24, 6.08480404507e-24, 1.05090700841e-23, 1.1659637125e-23, 1.0885135066e-23, 7.57289192958e-24, 1.14282634327e-23, 9.12760661172e-24, 1.42985646019e-23, 7.07310752536e-24, 6.87518547968e-24, 7.99766986122e-24, 6.34880384118e-24, 7.62370561593e-24, 1.2002223639e-23, 1.08201660596e-23, 1.13954483967e-23],
        "var": [4.1130240902e-07, 1.08485960482e-06, 9.31802844661e-07, 9.75411239779e-07, 8.01339751888e-07, 7.83406676419e-07, 2.35402154658e-07, 3.44557690823e-07, 2.16824304289e-07, 2.72999358231e-07, 1.67251471339e-07, 1.01063719171e-07, 2.01595085514e-07, 7.13782029038e-08, 1.85108426365e-08, 3.05020790847e-08, 1.57821808955e-08, 1.12903997262e-08, 2.12114841247e-08, 1.15238885101e-08, 3.17487924839e-09, 5.42277422966e-09, 5.99148997082e-09, 1.90527438271e-09, 2.15707629536e-09, 1.52103130091e-09, 5.6737586851e-10, 2.41147934954e-10, 1.02993821804e-10, 6.1817030661e-11, 3.26001274586e-11, 3.38630200269e-11, 1.99613329338e-11, 1.78875959184e-11, 1.12489644336e-11, 4.6090258346e-12, 1.98977574868e-12, 4.83368770357e-12, 1.03296288623e-12, 3.43548865571e-13]
    },
    "mfcc": {
        "mean": [-616.90057373, 119.287185669, -20.9076538086, 25.8888893127, -4.04074430466, 1.42371213436, -4.16977453232, 1.15482079983, -4.76028442383, 4.99375677109, -4.50458574295, -1.48568737507, -1.71941053867],
        "cov": [[1976.17077637, -456.050292969, -73.7980880737, -196.728439331, -57.5219764709, -29.5182552338, 87.9148712158, 55.3809890747, -0.851125478745, 11.652721405, -5.08697223663, -40.4254760742, -10.0249433517], [-456.050292969, 878.22668457, 96.4857635498, 182.405654907, 56.490032196, -50.3225631714, -23.0894966125, -14.9942245483, -33.7291717529, 5.59594678879, 7.54373836517, -1.55737566948, -35.3953094482], [-73.7980880737, 96.4857635498, 647.01159668, 179.923049927, 64.9992828369, 35.107749939, -16.6239013672, -37.0272140503, -13.2873029709, -16.5731945038, -8.73889827728, 0.564177930355, -34.7213745117], [-196.728439331, 182.405654907, 179.923049927, 314.449829102, 93.7550125122, -47.6838607788, -22.8554878235, -3.56751894951, -14.5225152969, 2.01146817207, -10.4471569061, 11.737241745, 6.31714820862], [-57.5219764709, 56.490032196, 64.9992828369, 93.7550125122, 142.716583252, 5.94294214249, -16.7747097015, 6.80764722824, 8.6197271347, -1.86748635769, -8.48967933655, 2.79337620735, -0.306197673082], [-29.5182552338, -50.3225631714, 35.107749939, -47.6838607788, 5.94294214249, 154.367828369, 57.322719574, -5.83702325821, 12.8517045975, 4.10209226608, -7.83814668655, -11.4613380432, -0.305519938469], [87.9148712158, -23.0894966125, -16.6239013672, -22.8554878235, -16.7747097015, 57.322719574, 165.363449097, 38.369430542, -1.95217061043, 21.3039264679, -8.75942325592, -9.99476909637, 18.2762451172], [55.3809890747, -14.9942245483, -37.0272140503, -3.56751894951, 6.80764722824, -5.83702325821, 38.369430542, 115.469642639, 41.6216888428, 3.17557859421, 11.1418609619, 6.12473106384, -0.174549713731], [-0.851125478745, -33.7291717529, -13.2873029709, -14.5225152969, 8.6197271347, 12.8517045975, -1.95217061043, 41.6216888428, 105.314071655, 30.2691726685, 8.38106155396, 4.27762699127, -5.76250934601], [11.652721405, 5.59594678879, -16.5731945038, 2.01146817207, -1.86748635769, 4.10209226608, 21.3039264679, 3.17557859421, 30.2691726685, 89.5323867798, 26.8958778381, -1.94230866432, 1.82013523579], [-5.08697223663, 7.54373836517, -8.73889827728, -10.4471569061, -8.48967933655, -7.83814668655, -8.75942325592, 11.1418609619, 8.38106155396, 26.8958778381, 93.5630874634, 35.9759635925, -11.9105148315], [-40.4254760742, -1.55737566948, 0.564177930355, 11.737241745, 2.79337620735, -11.4613380432, -9.99476909637, 6.12473106384, 4.27762699127, -1.94230866432, 35.9759635925, 74.4163589478, 20.8870067596], [-10.0249433517, -35.3953094482, -34.7213745117, 6.31714820862, -0.306197673082, -0.305519938469, 18.2762451172, -0.174549713731, -5.76250934601, 1.82013523579, -11.9105148315, 20.8870067596, 86.2234802246]],
