{
"lowlevel": {
    "average_loudness": 0.968260526657,
    "barkbands_crest": {
        "dmean": 3.0035173893,
        "dmean2": 4.94725370407,
        "dvar": 6.99421310425,
        "dvar2": 17.5936660767,
        "max": 26.7651824951,
        "mean": 9.74028873444,
        "median": 8.86340522766,
        "min": 2.89270758629,
        "var": 16.2688446045
    },
    "barkbands_flatness_db": {
        "dmean": 0.0240345802158,
        "dmean2": 0.0387995094061,
        "dvar": 0.000499024870805,
        "dvar2": 0.00121278478764,
        "max": 0.41839531064,
        "mean": 0.225661084056,
        "median": 0.222262188792,
        "min": 0.0561577267945,
        "var": 0.00135957030579
    },
    "barkbands_kurtosis": {
        "dmean": 3.31163215637,
        "dmean2": 5.38883209229,
        "dvar": 65.7995681763,
        "dvar2": 160.500335693,
        "max": 252.793579102,
        "mean": 3.99936723709,
        "median": 1.15747308731,
        "min": -1.85463786125,
        "var": 107.31855011
    },
    "barkbands_skewness": {
        "dmean": 0.606604933739,
        "dmean2": 0.952374339104,
        "dvar": 0.423986822367,
        "dvar2": 0.974242091179,
        "max": 14.5368051529,
        "mean": 1.36441397667,
        "median": 1.13350999355,
        "min": -3.08584427834,
        "var": 1.58945226669
    },
    "barkbands_spread": {
        "dmean": 3.15498638153,
        "dmean2": 5.04237508774,
        "dvar": 10.3493204117,
        "dvar2": 24.5878219604,
        "max": 79.8580627441,
        "mean": 12.556016922,
        "median": 12.0814886093,
        "min": 0.303144961596,
        "var": 32.850151062
    },
    "dissonance": {
        "dmean": 0.0253406763077,
        "dmean2": 0.0430950894952,
        "dvar": 0.000580530613661,
        "dvar2": 0.00164379063062,
        "max": 0.500000238419,
        "mean": 0.451853424311,
        "median": 0.458301275969,
        "min": 0,
        "var": 0.00101478002034
    },
    "dynamic_complexity": 2.02635836601,
    "erbbands_crest": {
        "dmean": 2.87823653221,
        "dmean2": 4.72498321533,
        "dvar": 7.06647157669,
        "dvar2": 17.7080001831,
        "max": 30.5514431,
        "mean": 9.55090141296,
        "median": 8.38646888733,
        "min": 2.62550067902,
        "var": 19.3601055145
    },
    "erbbands_flatness_db": {
        "dmean": 0.0143622113392,
        "dmean2": 0.0222997888923,
        "dvar": 0.000161926494911,
        "dvar2": 0.000367802713299,
        "max": 0.379996776581,
        "mean": 0.257025957108,
        "median": 0.254519790411,
        "min": 0.0758192911744,
        "var": 0.000934889365453
    },
    "erbbands_kurtosis": {
        "dmean": 0.874568283558,
        "dmean2": 1.41166758537,
        "dvar": 1.67546606064,
        "dvar2": 4.20310878754,
        "max": 40.240737915,
        "mean": 0.36246663332,
        "median": -0.0998177528381,
        "min": -1.76862156391,
        "var": 3.18478775024
    },
    "erbbands_skewness": {
        "dmean": 0.356852322817,
        "dmean2": 0.562915086746,
        "dvar": 0.106084689498,
        "dvar2": 0.256906300783,
        "max": 5.56064414978,
        "mean": 0.259221196175,
        "median": 0.252900660038,
        "min": -2.71921277046,
        "var": 0.409427702427
    },
    "erbbands_spread": {
        "dmean": 5.47130918503,
        "dmean2": 8.67178916931,
        "dvar": 25.3214015961,
        "dvar2": 62.4878005981,
        "max": 81.3707580566,
        "mean": 25.4333267212,
        "median": 24.4946994781,
        "min": 2.97327041626,
        "var": 107.232818604
    },
    "hfc": {
        "dmean": 4.69955015182,
        "dmean2": 6.82575559616,
        "dvar": 26.3288116455,
        "dvar2": 53.3376121521,
        "max": 92.3316802979,
        "mean": 18.3091773987,
        "median": 15.8771085739,
        "min": 1.12981516139e-16,
        "var": 142.087112427
    },
    "melbands_crest": {
        "dmean": 4.33504962921,
        "dmean2": 7.12236118317,
        "dvar": 15.2169427872,
        "dvar2": 37.2925376892,
        "max": 39.8223075867,
        "mean": 13.9751281738,
        "median": 12.3958911896,
        "min": 1.92399930954,
        "var": 40.0591621399
    },
    "melbands_flatness_db": {
        "dmean": 0.0282755382359,
        "dmean2": 0.0446458607912,
        "dvar": 0.000727750128135,
        "dvar2": 0.0016751580406,
        "max": 0.509615719318,
        "mean": 0.268350362778,
        "median": 0.264868229628,
        "min": 0.00477580493316,
        "var": 0.00256935390644
    },
    "melbands_kurtosis": {
        "dmean": 6.09777021408,
        "dmean2": 9.89450359344,
        "dvar": 195.483276367,
        "dvar2": 486.746246338,
        "max": 356.957336426,
        "mean": 8.8837223053,
        "median": 3.49689292908,
        "min": -1.78622889519,
        "var": 341.597045898
    },
    "melbands_skewness": {
        "dmean": 0.74956703186,
        "dmean2": 1.17700028419,
        "dvar": 0.675457179546,
        "dvar2": 1.56714820862,
        "max": 18.2467498779,
        "mean": 2.02404356003,
        "median": 1.7187987566,
        "min": -1.33728384972,
        "var": 2.51312351227
    },
    "melbands_spread": {
        "dmean": 4.6839094162,
        "dmean2": 7.44913005829,
        "dvar": 24.3161849976,
        "dvar2": 53.9701728821,
        "max": 173.854568481,
        "mean": 16.9103126526,
        "median": 16.1746807098,
        "min": 0.342873483896,
        "var": 92.8484725952
    },
    "pitch_salience": {
        "dmean": 0.0826941356063,
        "dmean2": 0.134875208139,
        "dvar": 0.005414174404,
        "dvar2": 0.0131187429652,
        "max": 0.973167479038,
        "mean": 0.552763044834,
        "median": 0.564171493053,
        "min": 0.0100896107033,
        "var": 0.014688921161
    },
    "silence_rate_20dB": {
        "dmean": 0,
        "dmean2": 0,
        "dvar": 0,
        "dvar2": 0,
        "max": 1,
        "mean": 1,
        "median": 1,
        "min": 1,
        "var": 0
    },
    "silence_rate_30dB": {
        "dmean": 0.0064882398583,
        "dmean2": 0.0129782343283,
        "dvar": 0.00644601136446,
        "dvar2": 0.0176760870963,
        "max": 1,
        "mean": 0.995945394039,
        "median": 1,
        "min": 0,
        "var": 0.00403868732974
    },
    "silence_rate_60dB": {
        "dmean": 0.0064882398583,
        "dmean2": 0.0129782343283,
        "dvar": 0.00644600670785,
        "dvar2": 0.0160537865013,
        "max": 1,
        "mean": 0.0168941747397,
        "median": 0,
        "min": 0,
        "var": 0.016605772078
    },
    "spectral_centroid": {
        "dmean": 178.12449646,
        "dmean2": 278.874298096,
        "dvar": 42970.4257812,
        "dvar2": 85264.5,
        "max": 11365.8652344,
        "mean": 886.827697754,
        "median": 846.678161621,
        "min": 166.897140503,
        "var": 190342.875
    },
    "spectral_complexity": {
        "dmean": 2.76696395874,
        "dmean2": 4.40340662003,
        "dvar": 6.26803064346,
        "dvar2": 14.1922941208,
        "max": 41,
        "mean": 18.4478988647,
        "median": 18,
        "min": 0,
        "var": 38.2791061401
    },
    "spectral_decrease": {
        "dmean": 3.0079609914e-09,
        "dmean2": 4.71361705223e-09,
        "dvar": 1.38868388181e-17,
        "dvar2": 3.18839414087e-17,
        "max": 6.85088250712e-19,
        "mean": -8.22450196836e-09,
        "median": -7.3658394939e-09,
        "min": -5.06339148387e-08,
        "var": 2.61421631396e-17
    },
    "spectral_energy": {
        "dmean": 0.0116910915822,
        "dmean2": 0.0182630568743,
        "dvar": 0.000204479525564,
        "dvar2": 0.000468641257612,
        "max": 0.194215029478,
        "mean": 0.0327018126845,
        "median": 0.029407184571,
        "min": 1.05550055619e-20,
        "var": 0.000399629992899
    },
    "spectral_energyband_high": {
        "dmean": 2.4471026336e-05,
        "dmean2": 3.82670514227e-05,
        "dvar": 1.76947878572e-09,
        "dvar2": 3.93024546241e-09,
        "max": 0.00149588088971,
        "mean": 6.5432053816e-05,
        "median": 4.27289451181e-05,
        "min": 7.9630601541e-21,
        "var": 6.78637235296e-09
    },
    "spectral_energyband_low": {
        "dmean": 0.00536321569234,
        "dmean2": 0.00880458112806,
        "dvar": 6.91888781148e-05,
        "dvar2": 0.000177368681761,
        "max": 0.10783906281,
        "mean": 0.00785817950964,
        "median": 0.00468503450975,
        "min": 6.47745616854e-23,
        "var": 9.37199220061e-05
    },
    "spectral_energyband_middle_high": {
        "dmean": 0.0026205193717,
        "dmean2": 0.00394213618711,
        "dvar": 1.20223530757e-05,
        "dvar2": 2.71698809229e-05,
        "max": 0.0560204982758,
        "mean": 0.00760497385636,
        "median": 0.0054811402224,
        "min": 1.26542780772e-21,
        "var": 4.89439735247e-05
    },
    "spectral_energyband_middle_low": {
        "dmean": 0.0101885255426,
        "dmean2": 0.0162231642753,
        "dvar": 0.000182328541996,
        "dvar2": 0.000413166853832,
        "max": 0.167763873935,
        "mean": 0.0217436719686,
        "median": 0.0176752656698,
        "min": 3.61400833887e-22,
        "var": 0.000294226047117
    },
    "spectral_entropy": {
        "dmean": 0.174002349377,
        "dmean2": 0.271898567677,
        "dvar": 0.0301764905453,
        "dvar2": 0.0697246566415,
        "max": 9.80401611328,
        "mean": 7.01449775696,
        "median": 7.01689291,
        "min": 5.08318281174,
        "var": 0.0982983037829
    },
    "spectral_flux": {
        "dmean": 0.0276735685766,
        "dmean2": 0.0452913232148,
        "dvar": 0.000909948779736,
        "dvar2": 0.00251771160401,
        "max": 0.360069334507,
        "mean": 0.0958234965801,
        "median": 0.0888655185699,
        "min": 6.64323873689e-11,
        "var": 0.00169966719113
    },
    "spectral_kurtosis": {
        "dmean": 5.26929092407,
        "dmean2": 9.34310054779,
        "dvar": 18.7531604767,
        "dvar2": 56.633140564,
        "max": 43.2370376587,
        "mean": 8.53521156311,
        "median": 7.44999408722,
        "min": -1.23050010204,
        "var": 30.8978366852
    },
    "spectral_rms": {
        "dmean": 0.000959164288361,
        "dmean2": 0.00147921091411,
        "dvar": 9.17209263207e-07,
        "dvar2": 2.05005699172e-06,
        "max": 0.0137651031837,
        "mean": 0.00539179472253,
        "median": 0.00535629875958,
        "min": 3.20898212516e-12,
        "var": 2.83279018731e-06
    },
    "spectral_rolloff": {
        "dmean": 234.866363525,
        "dmean2": 396.630401611,
        "dvar": 130966.59375,
        "dvar2": 255995.953125,
        "max": 18755.4199219,
        "mean": 1006.80322266,
        "median": 947.4609375,
        "min": 21.533203125,
        "var": 500184.3125
    },
    "spectral_skewness": {
        "dmean": 0.468424141407,
        "dmean2": 0.815159320831,
        "dvar": 0.143224343657,
        "dvar2": 0.418341487646,
        "max": 5.0529050827,
        "mean": 1.78468441963,
        "median": 1.70863318443,
        "min": -0.0218395404518,
        "var": 0.320058435202
    },
    "spectral_spread": {
        "dmean": 224249.296875,
        "dmean2": 365136.28125,
        "dvar": 339546472448,
        "dvar2": 692064026624,
        "max": 41636880,
        "mean": 2285232.5,
        "median": 2199704.25,
        "min": 1450724.75,
        "var": 906808721408
    },
    "spectral_strongpeak": {
        "dmean": 0.7665553689,
        "dmean2": 1.29578864574,
        "dvar": 1.04564213753,
        "dvar2": 2.52698302269,
        "max": 13.3008737564,
        "mean": 1.26095569134,
        "median": 0.749041318893,
        "min": 0,
        "var": 1.90275144577
    },
    "zerocrossingrate": {
        "dmean": 0.00528476340696,
        "dmean2": 0.00681283371523,
        "dvar": 6.84482074575e-05,
        "dvar2": 9.30752721615e-05,
        "max": 0.6611328125,
        "mean": 0.0373330265284,
        "median": 0.0361328125,
        "min": 0,
        "var": 0.000459617323941
    },
    "barkbands": {
        "dmean": [5.00372561874e-06, 0.00104171724524, 0.00169303826988, 0.00702833058313, 0.00300743151456, 0.00102740328293, 0.00101108232047, 0.00108183547854, 0.00165174424183, 0.00100630405359, 0.000974800379481, 0.000837135477923, 0.000603857275564, 0.000279414321994, 0.000297404854791, 0.000213933075429, 0.000205520613235, 0.000161642587045, 7.97086177045e-05, 3.05018693325e-05, 1.18287935038e-05, 6.43607609163e-06, 1.40957081385e-06, 3.41792741665e-07, 2.14213535799e-08, 1.50021273182e-09, 1.55957180503e-09],
        "dmean2": [8.31924353406e-06, 0.00167143915314, 0.00280541041866, 0.0117140980437, 0.00495323026553, 0.00157660385594, 0.00161833665334, 0.00168324320111, 0.0025738698896, 0.00158406351693, 0.00154114724137, 0.00131344341207, 0.000965263403486, 0.000445011799457, 0.000473794643767, 0.000327932008076, 0.000322810083162, 0.000252255587839, 0.000128477258841, 4.96513275721e-05, 1.90895170817e-05, 9.83088011708e-06, 2.14608076021e-06, 5.3350294138e-07, 3.68674939466e-08, 2.8105269223e-09, 2.91642709982e-09],
        "dvar": [5.51984985497e-11, 3.77731907975e-06, 8.11877998785e-06, 0.00016432988923, 1.75730037881e-05, 2.67135897047e-06, 3.96972927774e-06, 4.94120922667e-06, 1.03529509943e-05, 4.12776807934e-06, 3.5335785924e-06, 3.1749534628e-06, 2.08650953937e-06, 5.12847350365e-07, 5.65619018289e-07, 3.04291347675e-07, 1.85353144389e-07, 8.262158957e-08, 1.60584665565e-08, 3.55723095424e-09, 4.11246259269e-10, 1.85697610067e-10, 1.3405505872e-11, 3.86719193994e-13, 7.83643119064e-16, 3.50175570024e-16, 3.1202758836e-16],
        "dvar2": [1.36709574217e-10, 9.58515647653e-06, 2.07963421417e-05, 0.000397083058488, 4.59003349533e-05, 6.1543441916e-06, 9.62315971265e-06, 1.1612124581e-05, 2.51541023317e-05, 9.92570312519e-06, 8.77122056409e-06, 7.503525012e-06, 4.65761468149e-06, 1.16611909107e-06, 1.28138412947e-06, 5.63376261198e-07, 3.77471309321e-07, 1.94778891682e-07, 3.86258918184e-08, 8.07154343363e-09, 9.30585830616e-10, 3.98950539271e-10, 2.75605614719e-11, 7.73578792169e-13, 2.21270649745e-15, 1.04940860011e-15, 9.34243141866e-16],
        "max": [0.000124789774418, 0.0332867130637, 0.0440631248057, 0.157765045762, 0.0726337060332, 0.0448436625302, 0.04938300699, 0.0659637600183, 0.0539986714721, 0.0360656455159, 0.034159693867, 0.0389576330781, 0.0518577471375, 0.0250678565353, 0.0307564269751, 0.0254046246409, 0.0192376766354, 0.00534948147833, 0.00514268036932, 0.00316864089109, 0.00078773900168, 0.00060200021835, 0.000156183159561, 2.15808067878e-05, 1.09694451567e-06, 1.13707289984e-06, 1.07397261218e-06],
        "mean": [6.67937638354e-06, 0.00140176340938, 0.0023226425983, 0.00789809785783, 0.0049689351581, 0.00211740890518, 0.00166187633295, 0.00177132699173, 0.00259994785301, 0.00169637508225, 0.00152292021085, 0.00137866206933, 0.00106750871055, 0.000448466569651, 0.00050732283853, 0.000366906402633, 0.000383392645745, 0.00031538651092, 0.000160191848408, 6.25871180091e-05, 2.5176879717e-05, 1.39168660098e-05, 3.27160432789e-06, 1.05131960026e-06, 3.65467727192e-08, 1.21978616097e-09, 1.30483690519e-09],
        "median": [3.0643404898e-06, 0.000468234531581, 0.00106882699765, 0.00302921468392, 0.0034695614595, 0.00132415199187, 0.000787135912105, 0.000764848839026, 0.000969771645032, 0.000609918846749, 0.000561842229217, 0.000386910047382, 0.000325761677232, 0.000168569400557, 0.000231923986576, 0.000153643297381, 0.000181411029189, 0.000151664557052, 9.95702357613e-05, 3.45780536009e-05, 1.39526955536e-05, 8.46265720611e-06, 1.67030998455e-06, 7.29203975425e-07, 3.11683692189e-08, 5.03565467103e-10, 5.60675228467e-10],
        "min": [1.99230892136e-23, 1.69504372862e-23, 1.33782416045e-23, 6.72436631866e-24, 4.315310543e-23, 3.92241647588e-23, 2.81005002432e-23, 6.57391744894e-23, 3.54835662066e-23, 3.50196686626e-23, 4.29229000406e-23, 6.65978022531e-23, 7.56094084464e-23, 1.004032499e-22, 7.01080060894e-23, 1.02397073749e-22, 1.14987634585e-22, 1.45223007007e-22, 1.53510703947e-22, 2.11880895218e-22, 4.86833605324e-22, 4.39687541583e-22, 5.79251601244e-22, 8.90068957327e-22, 1.2081392899e-21, 1.87994404102e-21, 1.79505967937e-21],
        "var": [9.43278857801e-11, 5.57030080017e-06, 1.22504870887e-05, 0.000190086459043, 2.64111895376e-05, 6.91154264132e-06, 7.4603694884e-06, 9.18768910196e-06, 1.89261118066e-05, 9.21670471143e-06, 6.76716263115e-06, 7.30568945073e-06, 5.71218197365e-06, 1.09891504962e-06, 1.43559554999e-06, 7.55853875489e-07, 4.94955600061e-07, 1.97347702624e-07, 4.93300653659e-08, 9.31728916242e-09, 1.38851896647e-09, 4.47849035634e-10, 4.02801333954e-11, 1.21524329228e-12, 7.81340777634e-16, 1.76460229849e-16, 1.57872938855e-16]
    },
    "erbbands": {
        "dmean": [0.0132053811103, 0.293235719204, 1.5517770052, 13.5991535187, 15.3133382797, 10.6356658936, 8.438372612, 8.80426216125, 12.1428174973, 17.8109931946, 26.1586742401, 38.2231330872, 32.4669532776, 28.3548736572, 39.3112640381, 31.1268749237, 24.327419281, 16.4472885132, 13.7303390503, 12.6096534729, 10.620472908, 10.2102127075, 9.45492553711, 5.32775449753, 2.83868956566, 1.06041359901, 0.61127948761, 0.394168615341, 0.269015550613, 0.0951265022159, 0.0334010981023, 0.0122965639457, 0.00353302271105, 0.000439691182692, 1.92339030036e-05, 8.98250254977e-06, 4.94658797834e-06, 1.39836447488e-06, 5.51228868062e-06, 1.29669788294e-05],
        "dmean2": [0.0210086908191, 0.468578219414, 2.52458238602, 22.470741272, 25.1473827362, 17.2906551361, 13.3073148727, 13.5710573196, 19.0583019257, 28.5988559723, 40.7662582397, 59.6080207825, 50.5712356567, 44.4863853455, 62.7737884521, 48.5840415955, 38.6583442688, 25.3616161346, 21.5457115173, 19.6699829102, 16.1857528687, 15.6646261215, 14.5841655731, 8.44357585907, 4.45667314529, 1.70520234108, 1.00482964516, 0.629858493805, 0.41323402524, 0.145285010338, 0.0502295829356, 0.0186854284257, 0.00566606828943, 0.000731356791221, 3.17280246236e-05, 1.47175760503e-05, 8.00306770543e-06, 2.32832962865e-06, 8.53512938193e-06, 2.01637394639e-05],
        "dvar": [0.00054530944908, 0.289977908134, 5.99889326096, 601.256896973, 573.488708496, 238.994918823, 212.253143311, 236.210586548, 561.304870605, 1388.03051758, 2888.62573242, 5818.90039062, 4095.00415039, 2763.91650391, 8503.09765625, 4763.10498047, 2369.54125977, 1591.11242676, 948.705505371, 1227.2857666, 598.057312012, 427.710418701, 246.479003906, 65.4990005493, 25.0831775665, 3.21592831612, 1.08745670319, 0.596643269062, 0.259632140398, 0.0472565963864, 0.00735240802169, 0.000661447469611, 2.89722283924e-05, 3.12667083335e-07, 1.46223797515e-08, 4.24558033174e-09, 1.40903533286e-09, 2.04949640592e-10, 5.62395061077e-11, 2.43355585683e-10],
        "dvar2": [0.00143704889342, 0.73253685236, 15.1385574341, 1474.92980957, 1320.42895508, 609.188049316, 538.488220215, 541.350830078, 1311.35327148, 3426.18115234, 6802.68994141, 14399.9560547, 9815.58007812, 6375.27490234, 21440.1894531, 11128.84375, 5737.48144531, 3135.93920898, 2114.72753906, 2605.71386719, 1112.08850098, 834.776550293, 568.61126709, 149.936477661, 52.8368339539, 7.660135746, 2.67806577682, 1.49535536766, 0.572054862976, 0.0973086208105, 0.0141276912764, 0.0013313558884, 6.12722360529e-05, 7.89238129073e-07, 4.36379998803e-08, 1.26918298093e-08, 4.2113930121e-09, 6.13438522201e-10, 1.38410991002e-10, 5.56200419055e-10],
        "max": [0.345533370972, 9.40735149384, 38.1377563477, 305.268463135, 263.801208496, 296.267028809, 612.275512695, 410.165771484, 618.865112305, 1081.48535156, 1689.21801758, 1652.57263184, 1339.50415039, 1230.4395752, 1998.32958984, 1759.18322754, 1167.38952637, 1810.80322266, 887.976257324, 1500.89001465, 826.731140137, 935.590820312, 263.467224121, 335.948547363, 329.441986084, 62.4142570496, 29.700252533, 31.8330631256, 17.5646457672, 9.55262184143, 3.08612084389, 0.836749970913, 0.28152692318, 0.0200883708894, 0.00732779270038, 0.00395574932918, 0.00227957265452, 0.000873492856044, 0.00024767263676, 0.00021185130754],
        "mean": [0.020024234429, 0.407199174166, 2.38527941704, 16.1550998688, 19.917678833, 17.5463886261, 16.9467849731, 17.2620849609, 21.2752552032, 30.3971424103, 43.8973503113, 61.2734565735, 57.5956115723, 50.6040115356, 66.4323654175, 54.2882614136, 45.0954399109, 31.3141365051, 24.5962867737, 24.1114387512, 20.3888874054, 20.4539699554, 19.4998397827, 11.1736888885, 6.24269342422, 2.44343852997, 1.3215816021, 0.869848072529, 0.579926252365, 0.220578536391, 0.0808151960373, 0.0327849462628, 0.0123545490205, 0.00140565633774, 7.13937333785e-05, 2.65320977633e-05, 1.42280832733e-05, 3.88170474253e-06, 1.65014316735e-05, 3.73919538106e-05],
        "median": [0.00699230190367, 0.15545591712, 1.19514870644, 6.73524665833, 11.2107391357, 10.8817300797, 11.1329507828, 10.2717609406, 10.5374279022, 16.0139884949, 20.0049762726, 25.1940841675, 23.5344085693, 24.9297847748, 21.755405426, 17.1075668335, 17.0822296143, 13.4672584534, 12.8040409088, 11.1079359055, 10.1560192108, 10.2913360596, 10.001247406, 6.62824392319, 3.81880617142, 1.53639912605, 0.73349404335, 0.530109703541, 0.354192525148, 0.119977533817, 0.0427418760955, 0.0192584488541, 0.010103805922, 0.00122828246094, 6.34553362033e-05, 2.37820877373e-05, 1.27529920064e-05, 3.3622520732e-06, 1.49861434693e-05, 3.3729847928e-05],
        "min": [3.62729199921e-22, 3.28646491017e-21, 1.39050401907e-20, 2.1984909718e-20, 2.29167529119e-20, 2.16500734684e-19, 1.58559925175e-19, 4.15146465653e-19, 4.31988379913e-19, 7.89162822913e-19, 1.30557586693e-18, 8.90656591604e-19, 1.27364959042e-18, 1.15036235262e-18, 2.54739740854e-18, 2.34812442909e-18, 3.29250888303e-18, 6.34385863514e-18, 4.37944364666e-18, 4.61107531129e-18, 5.21668773855e-18, 7.21892018386e-18, 8.92527798227e-18, 8.51228490039e-18, 9.04263754039e-18, 9.07161864034e-18, 2.0122728463e-17, 1.77238732537e-17, 1.37609733617e-17, 1.74048131478e-17, 1.64884426129e-17, 1.65794208998e-17, 1.51718969869e-17, 1.29548138901e-17, 8.37635348315e-18, 5.63219172717e-18, 3.48384320333e-18, 1.08217320184e-18, 2.24637774993e-19, 2.79075293662e-20],
        "var": [0.000971191038843, 0.435206502676, 10.342291832, 713.102050781, 715.934448242, 437.000061035, 415.890991211, 555.611877441, 1264.50671387, 2240.86303711, 5418.63525391, 10156.2158203, 8966.13574219, 6582.34179688, 18083.0742188, 11982.6298828, 6378.16601562, 4072.68920898, 1874.31726074, 3502.92285156, 1613.4284668, 1162.5925293, 683.753540039, 192.068206787, 105.530265808, 10.3024120331, 3.60349988937, 1.59099662304, 0.672871947289, 0.158329725266, 0.0232532005757, 0.00195591524243, 0.000100628749351, 7.29348698769e-07, 8.33054691896e-09, 2.28098917532e-09, 7.530592816e-10, 1.07702742558e-10, 9.95717952534e-11, 5.0161924614e-10]
    },
    "gfcc": {
        "mean": [-56.4845352173, 188.446624756, -172.156066895, 30.7003250122, -51.4049263, -13.0151615143, -16.4556007385, -21.909740448, -4.8059053421, -34.0821380615, -1.39724838734, -21.1772174835, -4.60015392303],
        "cov": [[2675.67773438, 455.192962646, -478.501953125, -33.3286628723, -6.49446249008, -180.607772827, 127.324142456, -72.2562255859, -7.80158281326, -56.0942230225, -21.2912330627, 22.6601486206, -69.7838134766], [455.192962646, 363.15322876, 181.417617798, -17.1196746826, 47.6435012817, -47.352180481, 12.6492767334, 10.5484132767, -14.5792064667, -26.197353363, 23.5192451477, -9.49997234344, -10.9671926498], [-478.501953125, 181.417617798, 627.488037109, 180.024246216, 44.6674041748, 56.3468666077, -49.0227088928, -17.3348808289, -1.01642000675, -36.8288116455, -11.9443845749, -41.5242500305, -2.25147199631], [-33.3286628723, -17.1196746826, 180.024246216, 287.234863281, 46.0771408081, 49.0061454773, -33.6814537048, -31.6637897491, 53.1038703918, 10.4050359726, -26.5063514709, -18.1048412323, 37.3964805603], [-6.49446249008, 47.6435012817, 44.6674041748, 46.0771408081, 159.624008179, 32.1147499084, -0.288712590933, 15.1677618027, 10.6067218781, 11.232624054, -8.55547714233, -8.20142841339, -4.82872438431], [-180.607772827, -47.352180481, 56.3468666077, 49.0061454773, 32.1147499084, 166.018951416, 66.3683700562, -4.80848693848, -3.8851647377, 10.3494539261, 15.9079713821, -12.3064508438, -2.44428253174], [127.324142456, 12.6492767334, -49.0227088928, -33.6814537048, -0.288712590933, 66.3683700562, 166.357162476, 53.7922592163, -30.3517246246, 5.72354650497, 34.0889701843, 23.7838363647, -20.3996124268], [-72.2562255859, 10.5484132767, -17.3348808289, -31.6637897491, 15.1677618027, -4.80848693848, 53.7922592163, 115.439094543, 33.5320854187, 9.41603374481, 27.4661045074, 24.5856590271, 7.29071950912], [-7.80158281326, -14.5792064667, -1.01642000675, 53.1038703918, 10.6067218781, -3.8851647377, -30.3517246246, 33.5320854187, 97.3990249634, 45.6787147522, -6.11149263382, 9.930727005, 26.9921112061], [-56.0942230225, -26.197353363, -36.8288116455, 10.4050359726, 11.232624054, 10.3494539261, 5.72354650497, 9.41603374481, 45.6787147522, 87.0587921143, 34.0132064819, 14.6416444778, 25.568239212], [-21.2912330627, 23.5192451477, -11.9443845749, -26.5063514709, -8.55547714233, 15.9079713821, 34.0889701843, 27.4661045074, -6.11149263382, 34.0132064819, 74.7970504761, 36.4507293701, 4.1503033638], [22.6601486206, -9.49997234344, -41.5242500305, -18.1048412323, -8.20142841339, -12.3064508438, 23.7838363647, 24.5856590271, 9.930727005, 14.6416444778, 36.4507293701, 77.8328552246, 33.6455116272], [-69.7838134766, -10.9671926498, -2.25147199631, 37.3964805603, -4.82872438431, -2.44428253174, -20.3996124268, 7.29071950912, 26.9921112061, 25.568239212, 4.1503033638, 33.6455116272, 86.7649383545]],
        "icov": [[0.00185634964146, -0.00372824701481, 0.00283686397597, -0.00189289276022, 0.000479088979773, 0.00122464145534, -0.00238729338162, 0.00295042386279, -0.0022265589796, 0.00168089510407, 0.000723635952454, -0.000990996486507, 0.00171021698043], [-0.00372824701481, 0.0143809383735, -0.00840982981026, 0.00698781898245, -0.00569995865226, 0.00425405893475, -0.00239904457703, 0.00153129873797, -0.00484440801665, 0.00629803678021, -0.0129075786099, 0.00955641176552, -0.00873815268278], [0.00283686397597, -0.00840982981026, 0.00765376538038, -0.00564770121127, 0.00248366268352, -0.00144321820699, 0.00033228189568, 0.00070974038681, 0.00105511781294, -0.000199643152882, 0.00458290567622, -0.00375094707124, 0.00493341358379], [-0.00189289276022, 0.00698781898245, -0.00564770121127, 0.00993439927697, -0.00446146447212, 0.00180336076301, -0.00327436253428, 0.00515340967104, -0.00868989620358, 0.00608974369243, -0.00782575178891, 0.00691865989938, -0.00786763429642], [0.000479088979773, -0.00569995865226, 0.00248366268352, -0.00446146447212, 0.0114600323141, -0.00686951959506, 0.0073392582126, -0.00925613567233, 0.0106584299356, -0.0114954812452, 0.0133198816329, -0.00831939093769, 0.00726050883532], [0.00122464145534, 0.00425405893475, -0.00144321820699, 0.00180336076301, -0.00686951959506, 0.0178938433528, -0.0160618498921, 0.015168491751, -0.0162084177136, 0.0147516103461, -0.0172116663307, 0.0126820942387, -0.00762043753639], [-0.00238729338162, -0.00239904457703, 0.00033228189568, -0.00327436253428, 0.0073392582126, -0.0160618498921, 0.0268510729074, -0.024007698521, 0.026301799342, -0.0215593054891, 0.018551517278, -0.0151598313823, 0.0106450282037], [0.00295042386279, 0.00153129873797, 0.00070974038681, 0.00515340967104, -0.00925613567233, 0.015168491751, -0.024007698521, 0.0363953411579, -0.0339428298175, 0.0276795160025, -0.0259465593845, 0.0138288028538, -0.0101454537362], [-0.0022265589796, -0.00484440801665, 0.00105511781294, -0.00868989620358, 0.0106584299356, -0.0162084177136, 0.026301799342, -0.0339428298175, 0.0517866127193, -0.0400149635971, 0.0351919159293, -0.0212408900261, 0.012776914984], [0.00168089510407, 0.00629803678021, -0.000199643152882, 0.00608974369243, -0.0114954812452, 0.0147516103461, -0.0215593054891, 0.0276795160025, -0.0400149635971, 0.0496752522886, -0.0400115735829, 0.0224363729358, -0.0170773286372], [0.000723635952454, -0.0129075786099, 0.00458290567622, -0.00782575178891, 0.0133198816329, -0.0172116663307, 0.018551517278, -0.0259465593845, 0.0351919159293, -0.0400115735829, 0.0576750971377, -0.0325483754277, 0.0199462100863], [-0.000990996486507, 0.00955641176552, -0.00375094707124, 0.00691865989938, -0.00831939093769, 0.0126820942387, -0.0151598313823, 0.0138288028538, -0.0212408900261, 0.0224363729358, -0.0325483754277, 0.0379727818072, -0.0206722598523], [0.00171021698043, -0.00873815268278, 0.00493341358379, -0.00786763429642, 0.00726050883532, -0.00762043753639, 0.0106450282037, -0.0101454537362, 0.012776914984, -0.0170773286372, 0.0199462100863, -0.0206722598523, 0.0269798338413]]
    },
    "melbands": {
        "dmean": [0.000204669035156, 0.000619548431132, 0.00244713295251, 0.000820569694042, 0.000316634512274, 0.000197439221665, 0.000191575338249, 0.000201718896278, 0.000236925741774, 0.000243340007728, 0.000165307836141, 0.000117804374895, 0.000120658973174, 0.000101093828562, 7.21965334378e-05, 5.77849023102e-05, 2.99943731079e-05, 2.26721695071e-05, 2.42220012296e-05, 1.74676024471e-05, 1.2078529835e-05, 1.18716952784e-05, 1.07503374238e-05, 7.30669444238e-06, 4.63755850433e-06, 2.55172108155e-06, 1.73767170963e-06, 6.18749538717e-07, 4.73576079685e-07, 3.10408012183e-07, 2.29190803225e-07, 1.89866639744e-07, 8.7837264573e-08, 4.50592381185e-08, 2.25557315048e-08, 1.28000232635e-08, 6.11118133875e-09, 3.1615277063e-09, 1.46292633563e-09, 6.83292103454e-11],
        "dmean2": [0.000329531438183, 0.00101986154914, 0.00402663694695, 0.00132800510619, 0.000503254937939, 0.000303750130115, 0.00030220716144, 0.000322633422911, 0.000369401823264, 0.000379667530069, 0.000258125655819, 0.000185260942089, 0.000192020990653, 0.000159858886036, 0.000114939437481, 9.12412651815e-05, 4.65442026325e-05, 3.57658354915e-05, 3.87727595808e-05, 2.67432969849e-05, 1.88156282093e-05, 1.85138378583e-05, 1.66345453181e-05, 1.1398575225e-05, 7.46009754948e-06, 4.02133809985e-06, 2.78738002635e-06, 1.01855732737e-06, 7.86466557656e-07, 5.03234332427e-07, 3.6476356513e-07, 2.93992684419e-07, 1.39910909525e-07, 6.97219917356e-08, 3.48866109334e-08, 1.98079987968e-08, 9.5543990497e-09, 5.17072562545e-09, 2.44771625191e-09, 1.16683274154e-10],
        "dvar": [1.37455216986e-07, 9.51139213612e-07, 1.83221891348e-05, 1.21127686725e-06, 2.65133195398e-07, 1.10286926258e-07, 1.30410214183e-07, 1.63880784498e-07, 2.2801856403e-07, 2.40795543505e-07, 1.08020351774e-07, 4.86495181917e-08, 6.0713354344e-08, 4.66919978237e-08, 2.98058857595e-08, 2.2462394611e-08, 5.53795764802e-09, 3.23905036126e-09, 5.05920239036e-09, 2.45127873555e-09, 7.75947084364e-10, 7.16248671484e-10, 4.69873029374e-10, 1.63725144553e-10, 5.62689478345e-11, 2.54232242897e-11, 1.23151541048e-11, 1.48124828375e-12, 6.96909706593e-13, 2.88728757699e-13, 2.4918351345e-13, 1.47395564178e-13, 3.84584942018e-14, 1.25304641676e-14, 3.54041094876e-15, 8.53618257842e-16, 1.36378577846e-16, 2.07562512049e-17, 3.16157901336e-18, 3.2310763632e-20],
        "dvar2": [3.63803764003e-07, 2.40906479121e-06, 4.37296803284e-05, 2.92467552754e-06, 6.94625725828e-07, 2.51468549095e-07, 3.04337476109e-07, 3.99255412731e-07, 5.33159152383e-07, 5.97822349846e-07, 2.59298786887e-07, 1.12608056213e-07, 1.52038353463e-07, 1.14866928413e-07, 7.4617481971e-08, 5.0168953436e-08, 1.14939329166e-08, 7.19950232764e-09, 1.17299894242e-08, 4.45445103026e-09, 1.54429435906e-09, 1.37416134027e-09, 1.05269559736e-09, 3.85725840157e-10, 1.29016158867e-10, 5.39273556366e-11, 2.63048610671e-11, 3.69984034729e-12, 1.74627272278e-12, 6.86745148595e-13, 6.37975458052e-13, 3.33683981054e-13, 9.40341419097e-14, 2.73406887137e-14, 7.09494659543e-15, 1.83250792402e-15, 2.81174413256e-16, 4.57150927735e-17, 8.27174905007e-18, 9.58417728119e-20],
        "max": [0.00584548152983, 0.0148360170424, 0.053135342896, 0.0135314287618, 0.0190126765519, 0.00842278916389, 0.00902746897191, 0.00960171129555, 0.0120402881876, 0.0106030544266, 0.00676954910159, 0.00531766843051, 0.00494842929766, 0.00495039857924, 0.00314345350489, 0.00555287348107, 0.00288528110832, 0.00161935074721, 0.00327707245015, 0.0026677029673, 0.000873182958458, 0.0014062927803, 0.000526595453266, 0.000263187801465, 0.000331993913278, 0.000313544092933, 0.000219586640014, 4.27619997936e-05, 2.84063735307e-05, 1.25146534629e-05, 2.14491665247e-05, 1.65086948982e-05, 8.99598489923e-06, 4.94227151648e-06, 2.10119287658e-06, 9.46648867739e-07, 4.06726456958e-07, 2.47535410836e-07, 5.79461705286e-08, 1.0344861856e-08],
        "mean": [0.00028541291249, 0.000961885612924, 0.00297554768622, 0.00128830887843, 0.000638206722215, 0.000392520916648, 0.000333932053763, 0.000341554230545, 0.00038099149242, 0.000384255807148, 0.0002838189248, 0.000199620975764, 0.000200852300623, 0.000169510472915, 0.000114456677693, 0.00010553914035, 5.12709193572e-05, 3.69997687812e-05, 4.11998771597e-05, 2.93383345706e-05, 2.19238481804e-05, 2.16091993934e-05, 2.015994869e-05, 1.43422475958e-05, 8.62097385834e-06, 4.93910738442e-06, 3.38788868248e-06, 1.23807774344e-06, 9.08917570541e-07, 6.1782583316e-07, 4.58007775705e-07, 3.74921285129e-07, 1.77280568892e-07, 9.60723198773e-08, 4.87225939594e-08, 2.89655552876e-08, 1.59308441994e-08, 9.67514424133e-09, 4.15539025411e-09, 1.09954781391e-10],
        "median": [9.42565675359e-05, 0.000474005413707, 0.00138139794581, 0.000872420554515, 0.000432504544733, 0.000240363631747, 0.000166298239492, 0.000170573330252, 0.000156237729243, 0.000145507307025, 0.000107342930278, 8.92294119694e-05, 7.13715853635e-05, 5.08763296239e-05, 3.11485055136e-05, 3.21057923429e-05, 1.99115984287e-05, 1.64634693647e-05, 1.5898302081e-05, 1.25321912492e-05, 1.06959068944e-05, 1.02119329313e-05, 9.58313194133e-06, 6.62125512463e-06, 4.78602851217e-06, 2.82237942884e-06, 1.58925809046e-06, 7.12987059615e-07, 4.75874799122e-07, 3.17981260878e-07, 2.58380964624e-07, 2.21893017738e-07, 9.83584627079e-08, 4.84970748005e-08, 2.46275053684e-08, 1.53723611618e-08, 1.02566382054e-08, 7.93451615522e-09, 3.64038532652e-09, 9.39248262499e-11],
        "min": [4.99980751704e-24, 6.03332929328e-24, 4.08669865266e-24, 6.97973794862e-24, 7.66397144312e-24, 9.08588770275e-24, 6.64542579673e-24, 1.0222308101e-23, 9.86667777205e-24, 5.01613181018e-24, 6.2808292747e-24, 4.46921454459e-24, 7.94013981312e-24, 8.93813168862e-24, 5.61967587813e-24, 9.57757839409e-24, 1.09450245971e-23, 7.50454344303e-24, 5.59917141105e-24, 7.33316814454e-24, 5.72030139748e-24, 5.96517486651e-24, 6.81018570768e-24, 6.61976336262e-24, 7.04243740222e-24, 4.42059546928e-24, 8.56908520222e-24, 4.8412401642e-24, 1.14071850693e-23, 8.9551766062e-24, 1.03251968623e-23, 7.21651928248e-24, 8.29073563181e-24, 9.31558664341e-24, 8.62828526885e-24, 7.89842721504e-24, 8.94455459411e-24, 1.01421850766e-23, 9.78427572848e-24, 1.10367052226e-23],
        "var": [2.14327940284e-07, 1.71869317001e-06, 2.20558158617e-05, 1.82753160516e-06, 5.22612197074e-07, 2.72115613598e-07, 2.89028065481e-07, 2.86716527853e-07, 4.41554362851e-07, 4.27909441214e-07, 2.34612855365e-07, 1.13521373635e-07, 1.28280007061e-07, 1.06862898974e-07, 5.89109454552e-08, 7.13443100153e-08, 1.25386563354e-08, 6.17709838835e-09, 1.34668889373e-08, 5.67501823312e-09, 1.85337312164e-09, 1.69169733777e-09, 1.16541842843e-09, 4.47974268791e-10, 1.40569361706e-10, 7.3068592843e-11, 4.54018142526e-11, 3.38360611231e-12, 2.11671934321e-12, 8.23064869298e-13, 5.84088007995e-13, 3.09862243286e-13, 9.19735343658e-14, 3.68726384603e-14, 1.00805975505e-14, 2.15274905852e-15, 3.81489954567e-16, 6.63505193607e-17, 6.54941756685e-18, 1.92912332117e-20]
    },
    "mfcc": {
        "mean": [-673.468933105, 192.682266235, -42.7320709229, 30.8203296661, -10.7406930923, 3.29848074913, -7.57559347153, 8.40167236328, -7.59345817566, -4.49366998672, -6.23502445221, -4.09329319, -11.0106534958],
        "cov": [[1767.27844238, 212.931900024, -516.398742676, 99.0136642456, -236.506088257, 12.6401157379, -48.6006355286, 65.9497146606, -43.6495513916, 4.65185499191, 50.4099769592, -27.2585811615, -39.3019180298], [212.931900024, 444.423370361, 75.5185623169, 3.72891426086, 29.4252281189, -83.4413604736, 60.8706665039, 18.178647995, -15.4385547638, -32.9827003479, 44.2938270569, -2.10625624657, -4.52032184601], [-516.398742676, 75.5185623169, 556.588378906, 126.028465271, 117.859344482, 70.6344223022, 10.5796022415, 2.52675509453, 7.44951486588, 1.6431428194, -46.1995429993, 14.8871927261, 13.5586042404], [99.0136642456, 3.72891426086, 126.028465271, 207.353790283, 89.3333129883, 34.7822990417, -42.4328269958, -7.19619274139, 29.5725803375, 15.7691354752, -25.068655014, -4.83927965164, 16.4003543854], [-236.506088257, 29.4252281189, 117.859344482, 89.3333129883, 216.082580566, 40.5713691711, -42.6815109253, -31.3588790894, 36.1952209473, 18.0782871246, -24.8294582367, 3.09527087212, 11.9520320892], [12.6401157379, -83.4413604736, 70.6344223022, 34.7822990417, 40.5713691711, 174.943740845, 34.3785514832, -6.00153207779, 10.3465118408, 25.7905426025, -21.6366863251, 11.3210134506, 5.5157122612], [-48.6006355286, 60.8706665039, 10.5796022415, -42.4328269958, -42.6815109253, 34.3785514832, 178.926208496, 66.9408950806, -15.553237915, 2.4405143261, 35.6139831543, 14.7424716949, 4.90785694122], [65.9497146606, 18.178647995, 2.52675509453, -7.19619274139, -31.3588790894, -6.00153207779, 66.9408950806, 117.348937988, 12.5543050766, -7.0523853302, 32.9649581909, 4.36739110947, -1.67299747467], [-43.6495513916, -15.4385547638, 7.44951486588, 29.5725803375, 36.1952209473, 10.3465118408, -15.553237915, 12.5543050766, 83.9117889404, 33.6731300354, -9.82186126709, 7.91034984589, 19.367181778], [4.65185499191, -32.9827003479, 1.6431428194, 15.7691354752, 18.0782871246, 25.7905426025, 2.4405143261, -7.0523853302, 33.6731300354, 77.7649841309, 17.7320652008, 7.09048223495, 4.6133146286], [50.4099769592, 44.2938270569, -46.1995429993, -25.068655014, -24.8294582367, -21.6366863251, 35.6139831543, 32.9649581909, -9.82186126709, 17.7320652008, 97.1575927734, 25.6560573578, -14.5927877426], [-27.2585811615, -2.10625624657, 14.8871927261, -4.83927965164, 3.09527087212, 11.3210134506, 14.7424716949, 4.36739110947, 7.91034984589, 7.09048223495, 25.6560573578, 67.2526626587, 34.619644165], [-39.3019180298, -4.52032184601, 13.5586042404, 16.4003543854, 11.9520320892, 5.5157122612, 4.90785694122, -1.67299747467, 19.367181778, 4.6133146286, -14.5927877426, 34.619644165, 88.3366928101]],
