{
"lowlevel": {
    "average_loudness": 0.735610127449,
    "barkbands_crest": {
        "dmean": 2.20926737785,
        "dmean2": 3.60335469246,
        "dvar": 4.4443321228,
        "dvar2": 11.3644924164,
        "max": 24.3192920685,
        "mean": 8.98304271698,
        "median": 7.96824645996,
        "min": 2.44802308083,
        "var": 13.9274158478
    },
    "barkbands_flatness_db": {
        "dmean": 0.0171486958861,
        "dmean2": 0.0266834199429,
        "dvar": 0.000280214764643,
        "dvar2": 0.000595372461248,
        "max": 0.345242083073,
        "mean": 0.140528604388,
        "median": 0.137941375375,
        "min": 0.052622847259,
        "var": 0.00207356526516
    },
    "barkbands_kurtosis": {
        "dmean": 1.62013137341,
        "dmean2": 2.58430862427,
        "dvar": 7.09893846512,
        "dvar2": 17.0545692444,
        "max": 109.120437622,
        "mean": 2.82927656174,
        "median": 1.97064638138,
        "min": -1.8840842247,
        "var": 17.6977539062
    },
    "barkbands_skewness": {
        "dmean": 0.356897592545,
        "dmean2": 0.56023645401,
        "dvar": 0.138067141175,
        "dvar2": 0.314041286707,
        "max": 9.04017925262,
        "mean": 0.908781588078,
        "median": 1.07106864452,
        "min": -4.81842374802,
        "var": 1.64233231544
    },
    "barkbands_spread": {
        "dmean": 4.04145050049,
        "dmean2": 6.33084630966,
        "dvar": 22.4212245941,
        "dvar2": 46.3825874329,
        "max": 82.1158447266,
        "mean": 20.0088939667,
        "median": 18.4544277191,
        "min": 1.50148260593,
        "var": 118.660751343
    },
    "dissonance": {
        "dmean": 0.0178028084338,
        "dmean2": 0.0298854205757,
        "dvar": 0.00031835064874,
        "dvar2": 0.000832903839182,
        "max": 0.5,
        "mean": 0.464813798666,
        "median": 0.471007287502,
        "min": 0.262433618307,
        "var": 0.000810853322037
    },
    "dynamic_complexity": 3.03696894646,
    "erbbands_crest": {
        "dmean": 2.42143368721,
        "dmean2": 3.89415407181,
        "dvar": 6.03923988342,
        "dvar2": 14.3125753403,
        "max": 29.8183803558,
        "mean": 8.89762687683,
        "median": 7.65428876877,
        "min": 2.50256514549,
        "var": 23.0784797668
    },
    "erbbands_flatness_db": {
        "dmean": 0.0147136878222,
        "dmean2": 0.0217497833073,
        "dvar": 0.000198126785108,
        "dvar2": 0.000380678218789,
        "max": 0.420193552971,
        "mean": 0.171478927135,
        "median": 0.168039187789,
        "min": 0.0752567276359,
        "var": 0.00239368272014
    },
    "erbbands_kurtosis": {
        "dmean": 0.788694620132,
        "dmean2": 1.25406432152,
        "dvar": 1.15311121941,
        "dvar2": 2.75836420059,
        "max": 19.0239582062,
        "mean": 0.42282885313,
        "median": 0.0852551460266,
        "min": -1.84301567078,
        "var": 2.78007268906
    },
    "erbbands_skewness": {
        "dmean": 0.318004131317,
        "dmean2": 0.494825392962,
        "dvar": 0.0952943190932,
        "dvar2": 0.214187562466,
        "max": 3.76416635513,
        "mean": 0.388265788555,
        "median": 0.446394890547,
        "min": -2.75943827629,
        "var": 0.593600928783
    },
    "erbbands_spread": {
        "dmean": 5.72862958908,
        "dmean2": 8.82540035248,
        "dvar": 33.1205825806,
        "dvar2": 73.4792022705,
        "max": 111.967811584,
        "mean": 33.3459892273,
        "median": 32.7966003418,
        "min": 3.2861354351,
        "var": 188.588577271
    },
    "hfc": {
        "dmean": 4.0939617157,
        "dmean2": 5.86159467697,
        "dvar": 46.0868606567,
        "dvar2": 85.5453948975,
        "max": 163.712997437,
        "mean": 17.6998252869,
        "median": 13.6149835587,
        "min": 1.04309050195e-16,
        "var": 304.309051514
    },
    "melbands_crest": {
        "dmean": 2.66297268867,
        "dmean2": 4.36075496674,
        "dvar": 6.67014503479,
        "dvar2": 16.8487243652,
        "max": 33.6260108948,
        "mean": 10.7477397919,
        "median": 10.3159837723,
        "min": 1.46292603016,
        "var": 27.5318527222
    },
    "melbands_flatness_db": {
        "dmean": 0.0193554181606,
        "dmean2": 0.0293855313212,
        "dvar": 0.000432735512732,
        "dvar2": 0.000878906925209,
        "max": 0.417023390532,
        "mean": 0.169361904263,
        "median": 0.177574291825,
        "min": 0.00226222351193,
        "var": 0.00603552814573
    },
    "melbands_kurtosis": {
        "dmean": 3.03246569633,
        "dmean2": 4.8116106987,
        "dvar": 30.0048103333,
        "dvar2": 73.6020736694,
        "max": 176.800247192,
        "mean": 6.52961158752,
        "median": 4.30422592163,
        "min": -1.77513182163,
        "var": 79.5795669556
    },
    "melbands_skewness": {
        "dmean": 0.44841787219,
        "dmean2": 0.701575517654,
        "dvar": 0.219146519899,
        "dvar2": 0.51266759634,
        "max": 10.843542099,
        "mean": 1.72607648373,
        "median": 1.68557333946,
        "min": -2.58126139641,
        "var": 1.46491086483
    },
    "melbands_spread": {
        "dmean": 6.20489740372,
        "dmean2": 9.94565105438,
        "dvar": 63.766292572,
        "dvar2": 148.274887085,
        "max": 167.991226196,
        "mean": 35.1531486511,
        "median": 21.3713912964,
        "min": 1.18374943733,
        "var": 1444.82861328
    },
    "pitch_salience": {
        "dmean": 0.0574698634446,
        "dmean2": 0.092940017581,
        "dvar": 0.00278312922455,
        "dvar2": 0.00697998004034,
        "max": 0.955339550972,
        "mean": 0.609220206738,
        "median": 0.60839432478,
        "min": 0.170295923948,
        "var": 0.0160302892327
    },
    "silence_rate_20dB": {
        "dmean": 0,
        "dmean2": 0,
        "dvar": 0,
        "dvar2": 0,
        "max": 1,
        "mean": 1,
        "median": 1,
        "min": 1,
        "var": 0
    },
    "silence_rate_30dB": {
        "dmean": 0.00323428330012,
        "dmean2": 0.00646922085434,
        "dvar": 0.00322371907532,
        "dvar2": 0.006831349805,
        "max": 1,
        "mean": 0.995957553387,
        "median": 1,
        "min": 0,
        "var": 0.0040260348469
    },
    "silence_rate_60dB": {
        "dmean": 0.0103092780337,
        "dmean2": 0.0206206403673,
        "dvar": 0.0102034546435,
        "dvar2": 0.0222186334431,
        "max": 1,
        "mean": 0.166851952672,
        "median": 0,
        "min": 0,
        "var": 0.139004334807
    },
    "spectral_centroid": {
        "dmean": 232.184829712,
        "dmean2": 365.134185791,
        "dvar": 74288.6484375,
        "dvar2": 158743.328125,
        "max": 11883.0585938,
        "mean": 2423.87548828,
        "median": 1302.70214844,
        "min": 249.566955566,
        "var": 9865052
    },
    "spectral_complexity": {
        "dmean": 2.50656962395,
        "dmean2": 4.05498838425,
        "dvar": 6.75635147095,
        "dvar2": 15.8583898544,
        "max": 51,
        "mean": 17.0254669189,
        "median": 18,
        "min": 0,
        "var": 94.6130218506
    },
    "spectral_decrease": {
        "dmean": 1.54837487276e-09,
        "dmean2": 2.34518138242e-09,
        "dvar": 4.84576588981e-18,
        "dvar2": 9.85971745049e-18,
        "max": 2.20297568911e-28,
        "mean": -5.72052272219e-09,
        "median": -5.35708233329e-09,
        "min": -4.91434768435e-08,
        "var": 2.16804286704e-17
    },
    "spectral_energy": {
        "dmean": 0.00611559348181,
        "dmean2": 0.0092317564413,
        "dvar": 7.53507774789e-05,
        "dvar2": 0.000152531152708,
        "max": 0.195410117507,
        "mean": 0.023196015507,
        "median": 0.0218241866678,
        "min": 9.73724543796e-21,
        "var": 0.000350121496012
    },
    "spectral_energyband_high": {
        "dmean": 0.000205626041861,
        "dmean2": 0.000284286536044,
        "dvar": 5.95486483235e-07,
        "dvar2": 1.03431364096e-06,
        "max": 0.0236408058554,
        "mean": 0.000578907784075,
        "median": 0.000204976997338,
        "min": 6.89699478896e-21,
        "var": 2.90467824016e-06
    },
    "spectral_energyband_low": {
        "dmean": 0.002323520137,
        "dmean2": 0.00369816063903,
        "dvar": 1.61596271937e-05,
        "dvar2": 4.08715750382e-05,
        "max": 0.0668288618326,
        "mean": 0.00500917481259,
        "median": 0.0035096029751,
        "min": 1.06068801589e-23,
        "var": 3.52636525349e-05
    },
    "spectral_energyband_middle_high": {
        "dmean": 0.0012722274987,
        "dmean2": 0.00190554268192,
        "dvar": 3.88060152545e-06,
        "dvar2": 8.5338806457e-06,
        "max": 0.0500943288207,
        "mean": 0.00458792597055,
        "median": 0.00310113024898,
        "min": 1.01226934281e-21,
        "var": 2.26991796808e-05
    },
    "spectral_energyband_middle_low": {
        "dmean": 0.00476071704179,
        "dmean2": 0.00731086963788,
        "dvar": 5.84503723076e-05,
        "dvar2": 0.000116896124382,
        "max": 0.179395884275,
        "mean": 0.01358756423,
        "median": 0.0109399706125,
        "min": 8.74404540021e-23,
        "var": 0.000202907947823
    },
    "spectral_entropy": {
        "dmean": 0.126763477921,
        "dmean2": 0.188397750258,
        "dvar": 0.0201751645654,
        "dvar2": 0.0393335446715,
        "max": 9.82485771179,
        "mean": 7.76323890686,
        "median": 7.56981182098,
        "min": 6.08068466187,
        "var": 0.631222903728
    },
    "spectral_flux": {
        "dmean": 0.0168430376798,
        "dmean2": 0.0275787971914,
        "dvar": 0.000409829925047,
        "dvar2": 0.00104520574678,
        "max": 0.357406437397,
        "mean": 0.0704762414098,
        "median": 0.07214743644,
        "min": 6.24362159196e-11,
        "var": 0.00178471510299
    },
    "spectral_kurtosis": {
        "dmean": 1.42115557194,
        "dmean2": 2.42051243782,
        "dvar": 3.46433830261,
        "dvar2": 9.9614906311,
        "max": 47.2217826843,
        "mean": 3.81525158882,
        "median": 3.60055303574,
        "min": -1.27517771721,
        "var": 11.2579813004
    },
    "spectral_rms": {
        "dmean": 0.000563184788916,
        "dmean2": 0.000840558961499,
        "dvar": 4.42884982021e-07,
        "dvar2": 8.89748548616e-07,
        "max": 0.0138073898852,
        "mean": 0.00419866573066,
        "median": 0.00461431359872,
        "min": 3.08216668334e-12,
        "var": 5.00143551108e-06
    },
    "spectral_rolloff": {
        "dmean": 345.06237793,
        "dmean2": 572.382385254,
        "dvar": 307371.25,
        "dvar2": 637312.25,
        "max": 19918.2128906,
        "mean": 3344.5715332,
        "median": 1205.859375,
        "min": 86.1328125,
        "var": 31678446
    },
    "spectral_skewness": {
        "dmean": 0.189872667193,
        "dmean2": 0.308782845736,
        "dvar": 0.0397827215493,
        "dvar2": 0.0989467725158,
        "max": 4.83425331116,
        "mean": 1.32551419735,
        "median": 1.42103052139,
        "min": -0.0981483310461,
        "var": 0.420116096735
    },
    "spectral_spread": {
        "dmean": 419188.1875,
        "dmean2": 642599.25,
        "dvar": 437107654656,
        "dvar2": 980351713280,
        "max": 43656100,
        "mean": 8049973.5,
        "median": 3900313.75,
        "min": 1164274.875,
        "var": 1.3692630886e+14
    },
    "spectral_strongpeak": {
        "dmean": 0.525836408138,
        "dmean2": 0.866838932037,
        "dvar": 0.63957798481,
        "dvar2": 1.53930354118,
        "max": 11.2604017258,
        "mean": 1.07389557362,
        "median": 0.485109001398,
        "min": 0,
        "var": 1.79276430607
    },
    "zerocrossingrate": {
        "dmean": 0.00819210987538,
        "dmean2": 0.010560112074,
        "dvar": 0.000116859468108,
        "dvar2": 0.000163823104231,
        "max": 0.77099609375,
        "mean": 0.10621599853,
        "median": 0.0537109375,
        "min": 0.00439453125,
        "var": 0.0208612065762
    },
    "barkbands": {
        "dmean": [5.24802453583e-05, 0.00184056523722, 0.000638092227746, 0.000759701302741, 0.00179084599949, 0.0010892113205, 0.000943948049098, 0.00147866690531, 0.0012894119136, 0.000458752620034, 0.000246440729825, 0.000332861760398, 0.000375166186132, 0.000298866478261, 0.000175067936652, 0.000140364514664, 0.000183675219887, 0.000136019007186, 0.000161012911121, 0.000129297928652, 7.31208710931e-05, 7.54728971515e-05, 4.17240444222e-05, 2.00537997443e-05, 8.31738543638e-06, 2.67059499492e-06, 4.45352821288e-09],
        "dmean2": [8.05154413683e-05, 0.00291077117436, 0.00104618154, 0.00127515068743, 0.00292472937144, 0.00174257066101, 0.00147020048462, 0.00219982583076, 0.00202219747007, 0.000722472672351, 0.000389405962778, 0.000531404744834, 0.00060571229551, 0.000468141253805, 0.000287818635115, 0.00022473061108, 0.000290256080916, 0.000220614834689, 0.000246566603892, 0.000200089940336, 0.000108863314381, 0.000114199290692, 6.17409386905e-05, 2.98276208923e-05, 1.15608581837e-05, 3.88476155422e-06, 7.92747112399e-09],
        "dvar": [1.00814911974e-08, 1.35177569973e-05, 1.41591840475e-06, 2.65763105745e-06, 9.77491345111e-06, 5.73556235395e-06, 1.12757788884e-05, 1.77284073288e-05, 1.19484748211e-05, 1.1661429653e-06, 4.65276713157e-07, 8.58971418438e-07, 8.11619599972e-07, 6.42907593829e-07, 1.34800458795e-07, 2.05398137609e-07, 1.33509956868e-07, 7.1487242792e-08, 1.3402789989e-07, 9.28750267803e-08, 9.09140354111e-08, 1.17036336178e-07, 3.24791820105e-08, 5.50982148795e-09, 4.42303332848e-10, 8.17715686829e-11, 6.98024054668e-15],
        "dvar2": [2.17113953482e-08, 3.3515443647e-05, 3.71006331079e-06, 7.13418512532e-06, 2.45613009611e-05, 1.31531369334e-05, 2.34973140323e-05, 3.50564005203e-05, 2.82915007119e-05, 2.75029242403e-06, 1.0879251704e-06, 1.95958591576e-06, 2.02299588636e-06, 1.33171681682e-06, 3.32688614435e-07, 4.75941504874e-07, 2.98957644418e-07, 1.68849865645e-07, 2.91654828288e-07, 1.97784487455e-07, 1.798290441e-07, 2.52359058095e-07, 7.04329750079e-08, 1.12407638753e-08, 8.10403633089e-10, 1.45360987136e-10, 1.98221667758e-14],
        "max": [0.00156964373309, 0.0478051379323, 0.0231792088598, 0.0329748764634, 0.0899047106504, 0.111066110432, 0.133598074317, 0.16170746088, 0.0741330310702, 0.0348025709391, 0.0287013351917, 0.0322118811309, 0.0222588181496, 0.0264266151935, 0.00969856232405, 0.016220677644, 0.00956800766289, 0.0072195129469, 0.0122006423771, 0.00730856182054, 0.00996442977339, 0.0106055177748, 0.00873747654259, 0.00329816597514, 0.000668917840812, 0.000432786706369, 5.87756539971e-06],
        "mean": [8.45295071485e-05, 0.00336052011698, 0.00113813718781, 0.0010327558266, 0.00330708851106, 0.00205528573133, 0.00162542646285, 0.00289193703793, 0.00236755749211, 0.000823849230073, 0.000393025402445, 0.00060232024407, 0.000667248328682, 0.000512013328262, 0.00031455149292, 0.000271705532214, 0.000365560350474, 0.000270567368716, 0.000342604675097, 0.000274464982795, 0.000160745956236, 0.000174243090441, 9.18759033084e-05, 4.5395201596e-05, 1.77685924427e-05, 4.83161375087e-06, 3.27354121588e-09],
        "median": [2.56255516433e-05, 0.00191469420679, 0.000551053846721, 0.000419086485635, 0.00186904042494, 0.00106173567474, 0.000679688819218, 0.000607254914939, 0.000475871522212, 0.000295619043754, 0.000128719868371, 0.000220124580665, 0.000178192247404, 0.000174439279363, 0.000152080901898, 0.000107414220111, 0.000145278943819, 0.000121537945233, 0.000134127141791, 9.88771062111e-05, 3.95377137465e-05, 4.71596358693e-05, 2.93189605145e-05, 1.47144437506e-05, 6.45576756142e-06, 1.41246403018e-06, 4.01831401486e-10],
        "min": [3.22670703476e-26, 1.37152934704e-24, 3.27317470149e-25, 3.27180553478e-25, 4.57029839213e-24, 2.19361115713e-24, 5.35985783368e-24, 4.48753938899e-24, 9.70423080128e-24, 4.47377968265e-24, 8.72108923232e-24, 1.17036823848e-23, 1.04264021944e-23, 2.25454726995e-23, 2.82488281815e-23, 3.69676628493e-23, 5.0348558182e-23, 5.64847695312e-23, 9.72717245413e-23, 1.12268500464e-22, 2.06302765094e-22, 2.54152480141e-22, 3.14064358056e-22, 5.31080346492e-22, 7.57453184519e-22, 1.23572655093e-21, 1.75412877933e-21],
        "var": [1.92110025665e-08, 2.40043445956e-05, 3.22056780533e-06, 3.85838029615e-06, 2.49591194006e-05, 1.15535985969e-05, 2.23515107791e-05, 5.37329942745e-05, 3.19294449582e-05, 3.33300909006e-06, 8.12004373074e-07, 2.54893257079e-06, 1.86864212992e-06, 1.59104627073e-06, 3.24964986476e-07, 5.72489341266e-07, 4.14445509023e-07, 1.73680376747e-07, 3.76170248728e-07, 2.96596539329e-07, 3.49602117922e-07, 3.98356974074e-07, 8.08021312082e-08, 2.17932623059e-08, 1.48205414607e-09, 1.82150128314e-10, 4.12949441149e-15]
    },
    "erbbands": {
        "dmean": [0.0532813854516, 0.425512939692, 0.73971170187, 1.44556069374, 4.80065202713, 6.55378055573, 7.08867359161, 9.81605052948, 13.0685453415, 18.3815860748, 34.2049179077, 29.6250667572, 20.3061656952, 11.3670473099, 11.565820694, 12.6214141846, 14.2591371536, 16.4725437164, 9.67043113708, 7.2466583252, 7.89357280731, 8.97559642792, 7.759557724, 5.70698022842, 8.90935993195, 5.10427856445, 3.11794018745, 2.85082435608, 2.89283919334, 2.18960523605, 1.049908638, 0.528515160084, 0.289875775576, 0.0925616621971, 0.0628576651216, 0.0207201205194, 0.00306801265106, 0.000110835047963, 5.89214596403e-06, 7.11348047844e-06],
        "dmean2": [0.0808278024197, 0.685124754906, 1.21546494961, 2.40175938606, 8.02633285522, 10.6947050095, 11.1833610535, 15.8208122253, 20.5296287537, 28.0337963104, 50.1103744507, 45.8165283203, 32.0921974182, 17.9164047241, 18.3450813293, 19.998884201, 22.9416446686, 25.6522064209, 15.8910198212, 11.7362155914, 12.562874794, 13.8821763992, 12.3595657349, 8.97701072693, 13.3895397186, 7.82104063034, 4.6771402359, 4.20541477203, 4.41414165497, 3.32097434998, 1.55443441868, 0.778237521648, 0.423989623785, 0.129738226533, 0.0892058759928, 0.0295412689447, 0.00442685326561, 0.000161700634635, 8.43682300911e-06, 1.06476563815e-05],
        "dvar": [0.0127664282918, 0.726908743382, 1.75783061981, 9.06499004364, 72.7182235718, 170.482818604, 207.032119751, 576.800048828, 1626.23669434, 3987.36010742, 9080.57617188, 6940.34912109, 3199.18115234, 705.890869141, 1132.24707031, 1112.18481445, 1269.7401123, 1899.80651855, 357.073822021, 351.224456787, 752.796264648, 315.216033936, 211.563461304, 124.836502075, 459.551452637, 149.180450439, 127.343162537, 170.464004517, 183.576583862, 93.9839324951, 21.648481369, 3.93483734131, 1.40798783302, 0.0624740459025, 0.0288488883525, 0.00399495940655, 0.00020799478807, 8.42460053718e-07, 3.50585588338e-10, 9.86757411892e-11],
        "dvar2": [0.0277402065694, 1.88418066502, 4.69040155411, 23.1951694489, 192.51914978, 412.910919189, 490.825164795, 1277.94763184, 3250.20141602, 7523.39941406, 18699.7402344, 16250.8759766, 7521.91894531, 1592.91223145, 2737.02441406, 2520.49609375, 3237.29736328, 3966.99365234, 884.482849121, 813.433288574, 1739.82250977, 707.51550293, 494.5184021, 284.272125244, 950.938537598, 314.236663818, 249.370849609, 366.564605713, 432.822692871, 210.202819824, 46.8530158997, 8.17552375793, 2.77141857147, 0.122522301972, 0.0531212054193, 0.00671519665048, 0.000430636981037, 1.95118900592e-06, 7.57133411522e-10, 1.99061614414e-10],
        "max": [1.85563254356, 10.0467166901, 25.5358142853, 84.7731704712, 165.751068115, 539.046569824, 432.263214111, 1189.02514648, 1782.73706055, 2010.18310547, 3673.90039062, 1889.71948242, 1553.63769531, 790.067871094, 1087.35107422, 1601.19445801, 816.674560547, 1466.16235352, 379.072357178, 670.118347168, 1069.99499512, 564.482543945, 363.625823975, 233.283920288, 820.568359375, 293.606689453, 362.708129883, 524.157348633, 451.156341553, 365.925628662, 239.48425293, 61.242515564, 75.1700897217, 10.455072403, 4.89449930191, 2.55423331261, 0.810288608074, 0.0555068068206, 0.00110903428867, 0.000223719267524],
        "mean": [0.0947104245424, 0.753223896027, 1.42545545101, 2.41093564034, 7.17432022095, 11.6658658981, 12.9675855637, 17.6860980988, 23.2258281708, 34.698928833, 66.786315918, 55.5411567688, 38.2973403931, 22.1422100067, 20.8731307983, 23.6002941132, 27.679807663, 33.1696281433, 18.3676643372, 14.8318815231, 16.1671504974, 19.7299880981, 17.5213546753, 12.8647708893, 20.9673500061, 12.0640926361, 6.74958324432, 6.17890882492, 6.38838529587, 4.70871734619, 2.29901051521, 1.18569290638, 0.653563201427, 0.205002784729, 0.125407412648, 0.0406641699374, 0.0047763264738, 0.000154666558956, 1.95301854546e-05, 2.84939687845e-05],
        "median": [0.0461419150233, 0.394464462996, 0.845876455307, 1.35669076443, 3.50294589996, 5.71296358109, 6.24134349823, 8.54806804657, 10.9862794876, 12.0346622467, 16.5159454346, 14.0942993164, 11.9160671234, 9.20170307159, 7.90995931625, 10.0301952362, 9.63823699951, 10.6987609863, 9.85511493683, 6.56959295273, 7.1089425087, 8.09621047974, 8.17661190033, 6.24238681793, 7.97793674469, 4.79278230667, 1.92790019512, 1.588773489, 1.66711843014, 1.34082663059, 0.733354330063, 0.415822446346, 0.192269444466, 0.0723157003522, 0.044677875936, 0.0140306307003, 0.000966004910879, 3.1062940252e-05, 1.58750426635e-05, 2.68442872766e-05],
        "min": [3.68766156791e-23, 2.32978065049e-22, 6.53139923454e-22, 2.20958601644e-21, 3.63852436876e-21, 1.5872633065e-20, 1.22556565896e-20, 2.69427766625e-20, 7.1085717569e-20, 1.25958462487e-19, 1.8147953606e-19, 2.08538901568e-19, 2.40261148813e-19, 3.33454496098e-19, 4.89003380446e-19, 6.87252827278e-19, 1.07235591214e-18, 1.19256231574e-18, 1.39025579381e-18, 2.581339731e-18, 2.37163186813e-18, 3.18919505849e-18, 3.72058188106e-18, 5.99194994637e-18, 5.42609471447e-18, 6.70253986517e-18, 6.8080554377e-18, 8.57635665628e-18, 8.5034142155e-18, 8.74182173011e-18, 1.02560370528e-17, 9.20060091325e-18, 8.56121511517e-18, 7.24905354639e-18, 5.35856368926e-18, 3.72146365559e-18, 2.13826912128e-18, 8.57011950767e-19, 2.23374256607e-19, 2.5025499634e-20],
        "var": [0.0237313676625, 1.21415662766, 3.8257188797, 14.4897174835, 119.090591431, 445.75982666, 516.695068359, 1072.16845703, 3360.63769531, 9435.82617188, 25726.2851562, 17539.3535156, 8924.01757812, 2143.01220703, 2331.58691406, 2645.69555664, 2772.70458984, 5922.69628906, 763.735778809, 965.800292969, 2145.2355957, 1163.58251953, 631.472167969, 363.513153076, 1594.23486328, 535.593139648, 501.403289795, 552.088256836, 549.756347656, 257.243743896, 51.0803756714, 11.9651126862, 6.62526702881, 0.243603512645, 0.0815353915095, 0.0102985789999, 0.000327397399815, 9.11711879326e-07, 7.11999126324e-10, 5.13542264269e-10]
    },
    "gfcc": {
        "mean": [-137.453948975, 100.504753113, -124.51651001, 33.193069458, -63.7876434326, 10.9274682999, -33.6065559387, 8.97625160217, -16.659444809, 0.256017237902, -7.45219707489, -4.96194839478, -6.6747136116],
        "cov": [[133168.21875, 13117.0556641, -15536.2568359, 4793.90380859, -8262.85253906, 1544.63208008, -4273.91357422, 1295.59509277, -2198.4152832, 103.183372498, -999.309692383, -565.701904297, -1061.04821777], [13117.0556641, 2103.71728516, -1216.81433105, 520.309570312, -677.124511719, 77.0676040649, -370.460113525, 98.2446746826, -139.817672729, -58.3643226624, 3.93512630463, -116.776062012, -72.1303253174], [-15536.2568359, -1216.81433105, 2940.82275391, -120.85369873, 1129.23242188, -67.1683807373, 578.474609375, -84.4662628174, 224.230941772, 52.8231773376, 105.757965088, 115.909843445, 68.1807327271], [4793.90380859, 520.309570312, -120.85369873, 651.220153809, -205.310317993, 91.6312637329, -86.070274353, 77.1162948608, -66.6252059937, 11.5647478104, -16.7986507416, -2.48172354698, -46.4379577637], [-8262.85253906, -677.124511719, 1129.23242188, -205.310317993, 691.557983398, -48.5605621338, 298.989929199, -33.1166114807, 155.947631836, 6.2475271225, 68.9656829834, 43.2002105713, 55.1576271057], [1544.63208008, 77.0676040649, -67.1683807373, 91.6312637329, -48.5605621338, 218.994064331, 17.3253173828, 50.4309120178, -40.5437583923, 38.3810310364, -42.4526138306, 13.3570709229, -24.8986167908], [-4273.91357422, -370.460113525, 578.474609375, -86.070274353, 298.989929199, 17.3253173828, 283.049713135, 2.87550759315, 87.1532592773, -3.81194996834, 52.9676322937, 19.1315345764, 8.50761127472], [1295.59509277, 98.2446746826, -84.4662628174, 77.1162948608, -33.1166114807, 50.4309120178, 2.87550759315, 116.662361145, -6.200776577, 26.3457050323, -14.6620225906, -0.901957809925, -25.1737918854], [-2198.4152832, -139.817672729, 224.230941772, -66.6252059937, 155.947631836, -40.5437583923, 87.1532592773, -6.200776577, 142.22102356, 10.6767559052, 43.6861686707, -5.10663032532, 23.0023479462], [103.183372498, -58.3643226624, 52.8231773376, 11.5647478104, 6.2475271225, 38.3810310364, -3.81194996834, 26.3457050323, 10.6767559052, 88.2720184326, -2.96208906174, 18.9647312164, -10.6876926422], [-999.309692383, 3.93512630463, 105.757965088, -16.7986507416, 68.9656829834, -42.4526138306, 52.9676322937, -14.6620225906, 43.6861686707, -2.96208906174, 89.3385620117, 5.54217004776, 13.6156129837], [-565.701904297, -116.776062012, 115.909843445, -2.48172354698, 43.2002105713, 13.3570709229, 19.1315345764, -0.901957809925, -5.10663032532, 18.9647312164, 5.54217004776, 75.4542694092, 19.5342521667], [-1061.04821777, -72.1303253174, 68.1807327271, -46.4379577637, 55.1576271057, -24.8986167908, 8.50761127472, -25.1737918854, 23.0023479462, -10.6876926422, 13.6156129837, 19.5342521667, 92.4981079102]],
        "icov": [[0.000408878026064, -0.00113509851508, 0.000853094796184, -0.000986894126981, 0.00129631580785, -0.000739628158044, 0.000994041445665, -0.00111073802691, 0.000674750946928, -0.000690893852152, 0.000839090906084, -0.00105513061862, 0.0011666836217], [-0.00113509851508, 0.00420115562156, -0.00235043233261, 0.0022660640534, -0.00314418901689, 0.00153630028944, -0.00176906620618, 0.00247655063868, -0.00196648063138, 0.00282765761949, -0.0037605909165, 0.00394766777754, -0.00321371597238], [0.000853094796184, -0.00235043233261, 0.00298667210154, -0.00262217619456, 0.00100749195553, -0.00103910337202, 0.000993646215647, -0.00142287404742, 0.00181950430851, -0.00240003271028, 0.00232876511291, -0.00268811360002, 0.00257106334902], [-0.000986894126981, 0.0022660640534, -0.00262217619456, 0.00476871198043, -0.0022331813816, 0.0011484560091, -0.00196517095901, 0.00155890942551, -0.00157176633365, 0.00207764119841, -0.00236646272242, 0.00206127180718, -0.00243691145442], [0.00129631580785, -0.00314418901689, 0.00100749195553, -0.0022331813816, 0.0100395604968, -0.00266610854305, 0.00211727712303, -0.00460537336767, 2.23895749514e-05, -0.000909253256395, 0.00174335762858, -0.0032380851917, 0.00271856016479], [-0.000739628158044, 0.00153630028944, -0.00103910337202, 0.0011484560091, -0.00266610854305, 0.00860398355871, -0.00505807669833, 0.00145350443199, 0.000591059681028, -0.00225720484741, 0.00239849323407, 0.000743155600503, -0.00209492538124], [0.000994041445665, -0.00176906620618, 0.000993646215647, -0.00196517095901, 0.00211727712303, -0.00505807669833, 0.0124564124271, -0.00502675818279, -0.000583377666771, 0.00235570385121, -0.00278315856121, -0.00198080041446, 0.004411555361], [-0.00111073802691, 0.00247655063868, -0.00142287404742, 0.00155890942551, -0.00460537336767, 0.00145350443199, -0.00502675818279, 0.0149648711085, -0.00217571924441, -0.00179785164073, 0.000216588072362, 0.00224683061242, -0.00147910462692], [0.000674750946928, -0.00196648063138, 0.00181950430851, -0.00157176633365, 2.23895749514e-05, 0.000591059681028, -0.000583377666771, -0.00217571924441, 0.0131159899756, -0.0045472458005, -0.00117818755098, 0.00134567928035, -0.000214208776015], [-0.000690893852152, 0.00282765761949, -0.00240003271028, 0.00207764119841, -0.000909253256395, -0.00225720484741, 0.00235570385121, -0.00179785164073, -0.0045472458005, 0.0175875294954, -0.00384604465216, -0.00127538398374, 0.000318966107443], [0.000839090906084, -0.0037605909165, 0.00232876511291, -0.00236646272242, 0.00174335762858, 0.00239849323407, -0.00278315856121, 0.000216588072362, -0.00117818755098, -0.00384604465216, 0.0195127427578, -0.00488987844437, 0.00171809585299], [-0.00105513061862, 0.00394766777754, -0.00268811360002, 0.00206127180718, -0.0032380851917, 0.000743155600503, -0.00198080041446, 0.00224683061242, 0.00134567928035, -0.00127538398374, -0.00488987844437, 0.0205308198929, -0.00718217436224], [0.0011666836217, -0.00321371597238, 0.00257106334902, -0.00243691145442, 0.00271856016479, -0.00209492538124, 0.004411555361, -0.00147910462692, -0.000214208776015, 0.000318966107443, 0.00171809585299, -0.00718217436224, 0.0169301219285]]
    },
    "melbands": {
        "dmean": [0.000497254251968, 0.000430251617217, 0.000327734567691, 0.000420325843152, 0.000244777766056, 0.000218118104385, 0.000199255198822, 0.000223529568757, 0.000271433731541, 0.000186036006198, 0.000100263016066, 4.85484124511e-05, 3.6434026697e-05, 4.11729706684e-05, 2.63100882876e-05, 3.99441632908e-05, 3.05454595946e-05, 1.67344787769e-05, 1.1918286873e-05, 9.41902544582e-06, 1.03866650534e-05, 9.37076129048e-06, 1.10150504042e-05, 6.14749524175e-06, 4.86787303089e-06, 6.75726187183e-06, 6.61843205307e-06, 3.09485244543e-06, 2.11652877624e-06, 2.03312242775e-06, 1.65338519764e-06, 1.78984475951e-06, 1.65316384937e-06, 1.14549777663e-06, 6.90370200118e-07, 4.37928974861e-07, 3.20785829899e-07, 2.57847347029e-07, 1.21092440963e-07, 7.26879108015e-08],
        "dmean2": [0.000773703039158, 0.000700453063473, 0.00054447929142, 0.000688613858074, 0.000388514745282, 0.000350959773641, 0.000314079341479, 0.000339570426149, 0.000398090429371, 0.000290225900244, 0.000158627895871, 7.65091754147e-05, 5.74944351683e-05, 6.54303657939e-05, 4.21151416958e-05, 6.41473234282e-05, 4.7717065172e-05, 2.75056190731e-05, 1.9510724087e-05, 1.53891014634e-05, 1.6554218746e-05, 1.46048223542e-05, 1.72914660652e-05, 1.00936376839e-05, 7.79776837589e-06, 1.02861149571e-05, 1.01479099612e-05, 4.88241175844e-06, 3.30920033775e-06, 3.06746915157e-06, 2.51484084401e-06, 2.78918582808e-06, 2.52656309385e-06, 1.79167807346e-06, 1.04600940176e-06, 6.61775629851e-07, 4.90207753501e-07, 3.87299650129e-07, 1.7945777131e-07, 1.0648016513e-07],
        "dvar": [1.0442815892e-06, 5.52587437141e-07, 4.0410532165e-07, 5.59374029763e-07, 2.3662688875e-07, 2.65504297658e-07, 4.06651736284e-07, 5.1381010735e-07, 5.20724654507e-07, 2.66493884737e-07, 7.96725885266e-08, 1.34833308962e-08, 9.35307653549e-09, 1.38654252524e-08, 4.88721196845e-09, 9.65127355812e-09, 6.86770595948e-09, 1.18799170501e-09, 8.22903911679e-10, 6.84746814805e-10, 1.38119848891e-09, 3.72852859698e-10, 4.73354411223e-10, 1.42881650955e-10, 9.53116335856e-11, 2.60542531993e-10, 2.50560266979e-10, 6.445534384e-11, 5.73190037101e-11, 6.51567896859e-11, 5.91064627797e-11, 7.23628587607e-11, 5.69504998715e-11, 2.58831029526e-11, 9.48754616537e-12, 3.03867326266e-12, 1.3942356384e-12, 1.41565253443e-12, 1.3582440294e-13, 4.29368082159e-14],
        "dvar2": [2.45187584369e-06, 1.4928574501e-06, 1.07900439161e-06, 1.41616692417e-06, 5.72754743189e-07, 5.98252768214e-07, 8.13563985957e-07, 9.53898393163e-07, 1.0640852679e-06, 6.27318001989e-07, 1.8753820541e-07, 3.03724370099e-08, 2.2450576509e-08, 3.18047383985e-08, 1.21564589506e-08, 2.3797163351e-08, 1.43380392004e-08, 2.84913181936e-09, 1.91158533447e-09, 1.62798186043e-09, 3.02610381198e-09, 8.24149026801e-10, 1.05545849838e-09, 3.48963330454e-10, 2.24016846739e-10, 5.65410163134e-10, 5.22479060017e-10, 1.44615708297e-10, 1.28102708996e-10, 1.29524072023e-10, 1.34493166604e-10, 1.84990203711e-10, 1.28899002583e-10, 6.02940058991e-11, 2.13282707467e-11, 6.38355384178e-12, 3.08593103328e-12, 2.83076817195e-12, 3.03986382507e-13, 9.02536712358e-14],
        "max": [0.0149081423879, 0.0104524120688, 0.0136222988367, 0.019458476454, 0.0130433449522, 0.0252283941954, 0.0274725332856, 0.0201733689755, 0.0241510383785, 0.010874257423, 0.00781865324825, 0.00314916111529, 0.0033385339193, 0.00374061451294, 0.00205463194288, 0.00264563295059, 0.00260000070557, 0.000682957761455, 0.000877947139088, 0.000852196244523, 0.00161221623421, 0.000546210270841, 0.00059370987583, 0.000314388336847, 0.000216071261093, 0.000476830202388, 0.000410722772358, 0.000189700644114, 0.000229855824728, 0.000292666227324, 0.000282348773908, 0.000296947517199, 0.000290580588626, 0.000199735426577, 0.000156192691065, 7.32810149202e-05, 3.63610015484e-05, 7.63608913985e-05, 1.26596705741e-05, 7.19550507711e-06],
        "mean": [0.000903712760191, 0.000850757875014, 0.000542315014172, 0.000719832722098, 0.000464479002403, 0.000400369259296, 0.000354249175871, 0.000431063002907, 0.00052260060329, 0.000342098384863, 0.000184114906006, 8.89651128091e-05, 6.17839177721e-05, 7.47697267798e-05, 4.59551301901e-05, 7.53637796151e-05, 5.78557082918e-05, 2.86831673293e-05, 2.22613180085e-05, 1.75130498974e-05, 1.91309372894e-05, 1.83806732821e-05, 2.22655598918e-05, 1.22266010294e-05, 9.5685800261e-06, 1.42830185723e-05, 1.49671950567e-05, 6.23184632786e-06, 4.029122465e-06, 4.02191835747e-06, 3.35643017024e-06, 3.6057519992e-06, 3.39116400028e-06, 2.30150044445e-06, 1.39523467624e-06, 8.98173880159e-07, 6.51786706385e-07, 5.43890564586e-07, 2.42675838535e-07, 1.43827890042e-07],
        "median": [0.000505729636643, 0.00054825830739, 0.000307037029415, 0.000368637964129, 0.000235744693782, 0.000197010682314, 0.000169508042745, 0.000131097593112, 0.000124198224512, 7.06065256963e-05, 5.19786517543e-05, 3.20129365718e-05, 2.19269513764e-05, 2.62391531578e-05, 1.90064674825e-05, 2.0317527742e-05, 1.76230587385e-05, 1.39396915984e-05, 9.9111794043e-06, 7.09779533281e-06, 8.01320857136e-06, 7.69138841861e-06, 8.01836267783e-06, 5.55948190595e-06, 4.22701441494e-06, 5.18189790455e-06, 4.91639775646e-06, 2.23991742132e-06, 1.04713330984e-06, 9.05855642941e-07, 8.18995147256e-07, 8.89723253295e-07, 8.72903171967e-07, 6.57727525777e-07, 4.08794846862e-07, 3.01527990132e-07, 2.15097230694e-07, 1.35464830464e-07, 8.21418524311e-08, 5.00885306565e-08],
        "min": [5.30150076353e-25, 5.85863870822e-25, 4.80974311762e-25, 9.99295665361e-25, 3.49650418199e-25, 5.799936117e-25, 1.35031283438e-24, 1.246347771e-24, 1.37241711138e-24, 1.35974277904e-24, 7.6855587204e-25, 9.51174558497e-25, 1.27585550759e-24, 2.18419984931e-24, 1.17040639963e-24, 1.69569418388e-24, 2.05690333719e-24, 1.76330173283e-24, 2.42228694519e-24, 2.3465071917e-24, 2.13987967151e-24, 2.28014998729e-24, 2.65024723642e-24, 2.97851848871e-24, 3.59788257046e-24, 2.88562005914e-24, 3.73855737468e-24, 3.76875339241e-24, 3.79392397174e-24, 3.65988545989e-24, 3.81675715621e-24, 3.8854207927e-24, 4.22933140964e-24, 3.64474327482e-24, 4.81633858644e-24, 4.97535677328e-24, 4.68804416527e-24, 5.03234211292e-24, 4.66978716291e-24, 5.51943177303e-24],
        "var": [1.89842410236e-06, 1.10850407964e-06, 6.48053855912e-07, 1.22849814943e-06, 6.46168757612e-07, 5.04341926444e-07, 8.23564278107e-07, 1.35640641474e-06, 1.51481151534e-06, 6.92621313192e-07, 2.23531060328e-07, 4.06413924736e-08, 1.77160064396e-08, 4.08493185944e-08, 8.96545770956e-09, 2.45080613581e-08, 2.08760795317e-08, 2.3296313767e-09, 2.16516338192e-09, 1.69916070103e-09, 3.55042684141e-09, 1.11340991982e-09, 1.38438160935e-09, 3.44609785152e-10, 2.35648583979e-10, 7.49565076674e-10, 9.34857857793e-10, 1.79680548218e-10, 1.78662917794e-10, 2.33899594138e-10, 1.70396752264e-10, 1.80395740013e-10, 1.64265726021e-10, 5.87552922982e-11, 1.97246229766e-11, 7.67158558901e-12, 3.81654343545e-12, 6.18962563495e-12, 3.97005291055e-13, 1.23974303588e-13]
    },
    "mfcc": {
        "mean": [-695.312805176, 114.88571167, -8.83896446228, 19.465133667, -6.49298381805, 0.821359753609, -5.91392850876, 4.15252399445, -6.25411939621, 4.64633369446, 2.74292087555, -0.0471940897405, -1.19208204746],
        "cov": [[28640.9257812, 6367.18115234, -138.01222229, 1470.10205078, -353.65447998, 159.994812012, -291.099060059, 398.358947754, -416.088409424, 341.547729492, 280.346923828, 12.8739566803, -55.1606216431], [6367.18115234, 2483.21533203, 54.106212616, 354.094329834, 20.2632789612, -11.1262493134, -62.6182518005, 86.2860641479, -120.26839447, 94.3388137817, 79.6737213135, -5.43957805634, 11.2886533737], [-138.01222229, 54.106212616, 798.929931641, 342.930999756, 158.976287842, 141.123641968, 128.051834106, 50.0766105652, 33.1444015503, 13.8302583694, 25.0609264374, 21.4926052094, 34.0590286255], [1470.10205078, 354.094329834, 342.930999756, 486.446289062, 108.018936157, 55.3826637268, 38.4192581177, 75.9327850342, -26.4776058197, 45.2118873596, 27.9036693573, 3.85292100906, 48.4853935242], [-353.65447998, 20.2632789612, 158.976287842, 108.018936157, 190.913879395, 40.9186210632, 33.1103858948, 16.2740783691, 31.4860744476, 19.9671173096, -0.0527764409781, 0.392253547907, 22.4815196991], [159.994812012, -11.1262493134, 141.123641968, 55.3826637268, 40.9186210632, 154.509887695, 58.3656196594, 35.8484840393, 29.7676563263, 10.7605018616, 22.2405815125, 16.177526474, -6.00253486633], [-291.099060059, -62.6182518005, 128.051834106, 38.4192581177, 33.1103858948, 58.3656196594, 147.460083008, 55.2575721741, 23.0537319183, 16.7613945007, 16.0803070068, 1.84071552753, 9.59554481506], [398.358947754, 86.2860641479, 50.0766105652, 75.9327850342, 16.2740783691, 35.8484840393, 55.2575721741, 117.985847473, 9.51752758026, 30.7533569336, 31.8930416107, -1.60969662666, 6.72380495071], [-416.088409424, -120.26839447, 33.1444015503, -26.4776058197, 31.4860744476, 29.7676563263, 23.0537319183, 9.51752758026, 99.9004135132, 15.0253582001, -9.09625148773, 6.71829128265, 6.70278310776], [341.547729492, 94.3388137817, 13.8302583694, 45.2118873596, 19.9671173096, 10.7605018616, 16.7613945007, 30.7533569336, 15.0253582001, 89.1773605347, 42.2214164734, 7.62375879288, 5.70977973938], [280.346923828, 79.6737213135, 25.0609264374, 27.9036693573, -0.0527764409781, 22.2405815125, 16.0803070068, 31.8930416107, -9.09625148773, 42.2214164734, 89.3475189209, 30.2558498383, -1.02936959267], [12.8739566803, -5.43957805634, 21.4926052094, 3.85292100906, 0.392253547907, 16.177526474, 1.84071552753, -1.60969662666, 6.71829128265, 7.62375879288, 30.2558498383, 68.615524292, 19.7843399048], [-55.1606216431, 11.2886533737, 34.0590286255, 48.4853935242, 22.4815196991, -6.00253486633, 9.59554481506, 6.72380495071, 6.70278310776, 5.70977973938, -1.02936959267, 19.7843399048, 73.4899597168]],
