{
"lowlevel": {
    "average_loudness": 0.945517420769,
    "barkbands_crest": {
        "dmean": 2.07367777824,
        "dmean2": 3.36259293556,
        "dvar": 3.55516171455,
        "dvar2": 9.28772354126,
        "max": 22.094285965,
        "mean": 8.04616546631,
        "median": 7.32593917847,
        "min": 1.82652151585,
        "var": 9.7453327179
    },
    "barkbands_flatness_db": {
        "dmean": 0.016086243093,
        "dmean2": 0.0257351305336,
        "dvar": 0.000236455627601,
        "dvar2": 0.000588072638493,
        "max": 0.349069416523,
        "mean": 0.154581442475,
        "median": 0.152410879731,
        "min": 0.0157953314483,
        "var": 0.000927515211515
    },
    "barkbands_kurtosis": {
        "dmean": 1.1373642683,
        "dmean2": 1.80937564373,
        "dvar": 2.37530612946,
        "dvar2": 5.71519088745,
        "max": 33.9766387939,
        "mean": 1.2180352211,
        "median": 0.327530384064,
        "min": -1.80497813225,
        "var": 9.16224002838
    },
    "barkbands_skewness": {
        "dmean": 0.354075849056,
        "dmean2": 0.556555986404,
        "dvar": 0.0959500446916,
        "dvar2": 0.231841504574,
        "max": 4.9643201828,
        "mean": 0.931190729141,
        "median": 0.889625787735,
        "min": -2.166857481,
        "var": 0.643171548843
    },
    "barkbands_spread": {
        "dmean": 3.16405653954,
        "dmean2": 4.96204376221,
        "dvar": 9.43423557281,
        "dvar2": 21.6633987427,
        "max": 77.4201126099,
        "mean": 17.8223419189,
        "median": 16.8461666107,
        "min": 2.61942148209,
        "var": 61.2839622498
    },
    "dissonance": {
        "dmean": 0.0204083546996,
        "dmean2": 0.0342598445714,
        "dvar": 0.000339776277542,
        "dvar2": 0.000945731182583,
        "max": 0.5,
        "mean": 0.456577539444,
        "median": 0.461043864489,
        "min": 0.280304431915,
        "var": 0.000726649654098
    },
    "dynamic_complexity": 2.27466988564,
    "erbbands_crest": {
        "dmean": 2.70398139954,
        "dmean2": 4.40492105484,
        "dvar": 6.08073377609,
        "dvar2": 15.3360319138,
        "max": 29.888092041,
        "mean": 9.4119310379,
        "median": 8.44949245453,
        "min": 2.67019224167,
        "var": 16.2074718475
    },
    "erbbands_flatness_db": {
        "dmean": 0.0153954150155,
        "dmean2": 0.0237080249935,
        "dvar": 0.000200070309802,
        "dvar2": 0.00045730319107,
        "max": 0.399102598429,
        "mean": 0.208900406957,
        "median": 0.207216069102,
        "min": 0.0684965997934,
        "var": 0.00113922543824
    },
    "erbbands_kurtosis": {
        "dmean": 0.684842228889,
        "dmean2": 1.11686956882,
        "dvar": 0.734008014202,
        "dvar2": 1.93868136406,
        "max": 14.6075706482,
        "mean": 0.108183503151,
        "median": -0.243332386017,
        "min": -1.76400113106,
        "var": 1.86114943027
    },
    "erbbands_skewness": {
        "dmean": 0.326064556837,
        "dmean2": 0.513560175896,
        "dvar": 0.0769375637174,
        "dvar2": 0.189134970307,
        "max": 3.5390868187,
        "mean": 0.133412018418,
        "median": 0.115725189447,
        "min": -2.51474428177,
        "var": 0.388843178749
    },
    "erbbands_spread": {
        "dmean": 4.79440355301,
        "dmean2": 7.49120092392,
        "dvar": 19.3966903687,
        "dvar2": 45.1746482849,
        "max": 100.442512512,
        "mean": 27.5148963928,
        "median": 26.6849632263,
        "min": 4.11701822281,
        "var": 102.065643311
    },
    "hfc": {
        "dmean": 4.73571157455,
        "dmean2": 7.07126426697,
        "dvar": 32.6928672791,
        "dvar2": 71.2725906372,
        "max": 118.434738159,
        "mean": 20.240398407,
        "median": 16.8279743195,
        "min": 1.13191421492e-16,
        "var": 199.125564575
    },
    "melbands_crest": {
        "dmean": 2.6862745285,
        "dmean2": 4.40242195129,
        "dvar": 6.27400970459,
        "dvar2": 16.5796546936,
        "max": 29.5280036926,
        "mean": 11.1793746948,
        "median": 10.439863205,
        "min": 2.68538999557,
        "var": 16.8899402618
    },
    "melbands_flatness_db": {
        "dmean": 0.018953083083,
        "dmean2": 0.0296371690929,
        "dvar": 0.000332707597408,
        "dvar2": 0.000814016151708,
        "max": 0.428010135889,
        "mean": 0.204694032669,
        "median": 0.202021703124,
        "min": 0.00668691564351,
        "var": 0.00187270005699
    },
    "melbands_kurtosis": {
        "dmean": 2.19870424271,
        "dmean2": 3.48559474945,
        "dvar": 9.97924232483,
        "dvar2": 24.4427909851,
        "max": 80.2276382446,
        "mean": 4.26109170914,
        "median": 2.62946796417,
        "min": -1.7090255022,
        "var": 35.1211738586
    },
    "melbands_skewness": {
        "dmean": 0.41170245409,
        "dmean2": 0.649126887321,
        "dvar": 0.145895734429,
        "dvar2": 0.354146808386,
        "max": 7.24892425537,
        "mean": 1.59438765049,
        "median": 1.50559782982,
        "min": -1.384786129,
        "var": 0.892072021961
    },
    "melbands_spread": {
        "dmean": 5.10473823547,
        "dmean2": 8.016746521,
        "dvar": 30.4021434784,
        "dvar2": 68.3319854736,
        "max": 161.267410278,
        "mean": 24.3019542694,
        "median": 22.2802848816,
        "min": 2.21331000328,
        "var": 179.391235352
    },
    "pitch_salience": {
        "dmean": 0.0568588599563,
        "dmean2": 0.092797793448,
        "dvar": 0.00224367296323,
        "dvar2": 0.00606867065653,
        "max": 0.902472317219,
        "mean": 0.565722048283,
        "median": 0.567964851856,
        "min": 0.231717005372,
        "var": 0.00698295375332
    },
    "silence_rate_20dB": {
        "dmean": 0,
        "dmean2": 0,
        "dvar": 0,
        "dvar2": 0,
        "max": 1,
        "mean": 1,
        "median": 1,
        "min": 1,
        "var": 0
    },
    "silence_rate_30dB": {
        "dmean": 0,
        "dmean2": 0,
        "dvar": 0,
        "dvar2": 0,
        "max": 1,
        "mean": 1,
        "median": 1,
        "min": 1,
        "var": 0
    },
    "silence_rate_60dB": {
        "dmean": 0.0012693577446,
        "dmean2": 0.00253903772682,
        "dvar": 0.00126797612756,
        "dvar2": 0.00278595159762,
        "max": 1,
        "mean": 0.017007233575,
        "median": 0,
        "min": 0,
        "var": 0.0167186725885
    },
    "spectral_centroid": {
        "dmean": 167.98449707,
        "dmean2": 258.088684082,
        "dvar": 44371.6757812,
        "dvar2": 75725.9375,
        "max": 11116.3046875,
        "mean": 1217.94482422,
        "median": 1149.28320312,
        "min": 285.702484131,
        "var": 262357.59375
    },
    "spectral_complexity": {
        "dmean": 2.59050512314,
        "dmean2": 4.18509578705,
        "dvar": 5.64739274979,
        "dvar2": 13.2326126099,
        "max": 52,
        "mean": 20.5141506195,
        "median": 20,
        "min": 0,
        "var": 42.2729492188
    },
    "spectral_decrease": {
        "dmean": 1.35212097074e-09,
        "dmean2": 2.10902650899e-09,
        "dvar": 2.07290262094e-18,
        "dvar2": 5.0628412436e-18,
        "max": 6.32327217502e-29,
        "mean": -6.01322769356e-09,
        "median": -5.676949133e-09,
        "min": -2.3969587204e-08,
        "var": 8.29385627912e-18
    },
    "spectral_energy": {
        "dmean": 0.00545261474326,
        "dmean2": 0.00847538653761,
        "dvar": 3.35483528033e-05,
        "dvar2": 8.09126868262e-05,
        "max": 0.094329982996,
        "mean": 0.024531127885,
        "median": 0.0232012011111,
        "min": 1.0353715522e-20,
        "var": 0.000141081021866
    },
    "spectral_energyband_high": {
        "dmean": 0.000110512679385,
        "dmean2": 0.00016228678578,
        "dvar": 3.06471967804e-08,
        "dvar2": 6.48704698847e-08,
        "max": 0.00359915243462,
        "mean": 0.000281686661765,
        "median": 0.000172127460246,
        "min": 7.44013579633e-21,
        "var": 1.06634416852e-07
    },
    "spectral_energyband_low": {
        "dmean": 0.00135629216675,
        "dmean2": 0.00229263887741,
        "dvar": 6.59624765831e-06,
        "dvar2": 1.78393911483e-05,
        "max": 0.0595876462758,
        "mean": 0.00364024867304,
        "median": 0.00246800808236,
        "min": 1.07303182735e-22,
        "var": 1.44160394484e-05
    },
    "spectral_energyband_middle_high": {
        "dmean": 0.00252503925003,
        "dmean2": 0.00390782952309,
        "dvar": 1.2469653484e-05,
        "dvar2": 2.93986795441e-05,
        "max": 0.067006714642,
        "mean": 0.00805662944913,
        "median": 0.00581845780835,
        "min": 1.45162058983e-21,
        "var": 5.64715228393e-05
    },
    "spectral_energyband_middle_low": {
        "dmean": 0.00399497337639,
        "dmean2": 0.00627758400515,
        "dvar": 2.20674592128e-05,
        "dvar2": 5.5553191487e-05,
        "max": 0.069881759584,
        "mean": 0.0134973730892,
        "median": 0.0116850631312,
        "min": 2.23229132656e-22,
        "var": 7.00395612512e-05
    },
    "spectral_entropy": {
        "dmean": 0.141969785094,
        "dmean2": 0.221764549613,
        "dvar": 0.0219155605882,
        "dvar2": 0.0529347918928,
        "max": 9.80598926544,
        "mean": 7.25043821335,
        "median": 7.24344205856,
        "min": 5.68545246124,
        "var": 0.0800085663795
    },
    "spectral_flux": {
        "dmean": 0.0156067572534,
        "dmean2": 0.0251549072564,
        "dvar": 0.000243638933171,
        "dvar2": 0.000582290696912,
        "max": 0.261080503464,
        "mean": 0.0732711181045,
        "median": 0.0703123435378,
        "min": 1.01753210024e-10,
        "var": 0.000974728027359
    },
    "spectral_kurtosis": {
        "dmean": 2.79610943794,
        "dmean2": 4.83892154694,
        "dvar": 7.13037252426,
        "dvar2": 20.2083950043,
        "max": 55.9388618469,
        "mean": 6.18456220627,
        "median": 5.42210006714,
        "min": -1.20070946217,
        "var": 13.5362501144
    },
    "spectral_rms": {
        "dmean": 0.000525536364876,
        "dmean2": 0.000809096090961,
        "dvar": 2.44553575612e-07,
        "dvar2": 5.68927703171e-07,
        "max": 0.00959318783134,
        "mean": 0.00472493842244,
        "median": 0.00475765904412,
        "min": 3.17823631996e-12,
        "var": 1.60767001489e-06
    },
    "spectral_rolloff": {
        "dmean": 267.711334229,
        "dmean2": 452.366821289,
        "dvar": 159983.625,
        "dvar2": 331847.71875,
        "max": 19293.75,
        "mean": 1468.84155273,
        "median": 1399.65820312,
        "min": 150.732421875,
        "var": 773855.5625
    },
    "spectral_skewness": {
        "dmean": 0.281714528799,
        "dmean2": 0.472504109144,
        "dvar": 0.0600658096373,
        "dvar2": 0.163748681545,
        "max": 4.78033971786,
        "mean": 1.61242580414,
        "median": 1.57178151608,
        "min": -0.0689143314958,
        "var": 0.231228813529
    },
    "spectral_spread": {
        "dmean": 273551.0625,
        "dmean2": 405908.59375,
        "dvar": 251833925632,
        "dvar2": 263210827776,
        "max": 40336692,
        "mean": 2931643,
        "median": 2800976.5,
        "min": 1133985,
        "var": 876210683904
    },
    "spectral_strongpeak": {
        "dmean": 0.82293266058,
        "dmean2": 1.38914978504,
        "dvar": 1.40112268925,
        "dvar2": 3.45062041283,
        "max": 14.9700145721,
        "mean": 1.48020803928,
        "median": 0.873981237411,
        "min": 0,
        "var": 2.67207694054
    },
    "zerocrossingrate": {
        "dmean": 0.00519085489213,
        "dmean2": 0.00645285006613,
        "dvar": 5.29702956555e-05,
        "dvar2": 7.62398049119e-05,
        "max": 0.55029296875,
        "mean": 0.0514380969107,
        "median": 0.048828125,
        "min": 0.00830078125,
        "var": 0.000535352621228
    },
    "barkbands": {
        "dmean": [6.37868060949e-06, 0.000389345601434, 0.000827079056762, 0.000978518160991, 0.00123805855401, 0.00121524312999, 0.00118893652689, 0.00133970275056, 0.000904713582713, 0.00065971800359, 0.000818444066681, 0.000654995208606, 0.000665159663185, 0.000391495472286, 0.000574370031245, 0.000317291123793, 0.000410050473874, 0.000261136534391, 0.000128450352349, 8.85130793904e-05, 4.51639789389e-05, 2.48882715823e-05, 1.12620045911e-05, 4.93166453452e-06, 4.7569420758e-07, 1.09601941745e-07, 1.68470588591e-08],
        "dmean2": [1.11750459837e-05, 0.000645426625852, 0.00140080123674, 0.00170639180578, 0.00198003207333, 0.00180887011811, 0.00183967372868, 0.00207492150366, 0.0014031684259, 0.00106019922532, 0.00129256804939, 0.00106479960959, 0.00107334030326, 0.00062758103013, 0.000931885326281, 0.000508095312398, 0.000651951821055, 0.000413911300711, 0.000204084033612, 0.000138302202686, 6.90400484018e-05, 3.73729417333e-05, 1.63812910614e-05, 7.27145106794e-06, 7.59555518925e-07, 1.78350106239e-07, 2.82361742876e-08],
        "dvar": [1.0431407127e-10, 7.62432364354e-07, 3.39404118677e-06, 3.10750579047e-06, 2.38562120103e-06, 3.54092799171e-06, 4.45792557002e-06, 8.6066638687e-06, 4.29095825893e-06, 2.90741490971e-06, 3.51896460415e-06, 2.13771113522e-06, 2.25406074605e-06, 1.04898049358e-06, 1.3972112356e-06, 8.19106219296e-07, 9.00911629742e-07, 3.33463333391e-07, 8.33340294548e-08, 1.94329210501e-08, 6.87246970443e-09, 2.23419949208e-09, 6.30074159513e-10, 8.13564979274e-11, 3.94830327287e-13, 1.45925142087e-14, 1.42247049744e-15],
        "dvar2": [2.9062782736e-10, 1.95261031877e-06, 9.51990386966e-06, 9.33277806325e-06, 6.16294801148e-06, 7.76083834353e-06, 1.12020970846e-05, 2.16012376768e-05, 1.0366218703e-05, 7.16309796189e-06, 8.6118834588e-06, 5.51281164007e-06, 5.69736357647e-06, 2.67820792033e-06, 3.34019318871e-06, 1.93548430616e-06, 2.13634780266e-06, 8.51575578054e-07, 2.02500146429e-07, 4.52186235123e-08, 1.47240566406e-08, 4.97510566078e-09, 1.28726573845e-09, 1.783025394e-10, 9.3841373474e-13, 3.66483170308e-14, 4.11440070788e-15],
        "max": [0.000185684591997, 0.019902985543, 0.0343867428601, 0.0425703525543, 0.0216091033071, 0.0387327335775, 0.0336632281542, 0.056859087199, 0.0608077086508, 0.0497018285096, 0.0416446104646, 0.0282600615174, 0.0389419868588, 0.0351801179349, 0.0439599119127, 0.0265953894705, 0.0213725101203, 0.0155720803887, 0.00957599189132, 0.00348446867429, 0.001850805711, 0.0010916661704, 0.00056865811348, 0.000123469435493, 1.50223650053e-05, 2.84926750282e-06, 1.95304301087e-06],
        "mean": [6.31339571555e-06, 0.000845803762786, 0.0020789289847, 0.00166389369406, 0.00278348173015, 0.0024275816977, 0.00214100396261, 0.00251747551374, 0.00153325265273, 0.00102105690166, 0.00125077855773, 0.00106120982673, 0.00118944956921, 0.000663555518258, 0.000965852814261, 0.000531277968548, 0.00072187272599, 0.000509364646859, 0.000248464464676, 0.000199200789211, 9.82216151897e-05, 4.37959897681e-05, 1.94050880964e-05, 8.12326834421e-06, 1.40062172704e-06, 3.40911043395e-07, 3.52060176567e-08],
        "median": [2.84999623545e-06, 0.000453102577012, 0.00100897997618, 0.000979853677563, 0.00204465957358, 0.00149926636368, 0.00103943073191, 0.000910965900403, 0.000731214066036, 0.000406289589591, 0.000430191110354, 0.000393512484152, 0.000460155570181, 0.000281656510197, 0.000493031693622, 0.000172651547473, 0.000251646502875, 0.000184768345207, 0.0001110072335, 0.000117872579722, 4.84482370666e-05, 2.2803002139e-05, 8.02861723059e-06, 3.76777643396e-06, 1.21451330415e-06, 3.2089707247e-07, 2.2002748068e-08],
        "min": [5.97894340809e-23, 4.97640942927e-23, 1.22469243475e-23, 1.74835463305e-23, 4.02561967713e-23, 2.30792002108e-23, 1.58067404349e-23, 3.15177636431e-23, 5.60738550411e-23, 2.41214069512e-23, 8.74253709816e-23, 9.42642207391e-23, 4.31154388995e-23, 1.07128396402e-22, 3.22946811942e-23, 1.76246659734e-22, 1.60396778074e-22, 1.59098691677e-22, 2.31441086327e-22, 2.04539616795e-22, 2.91436772825e-22, 3.0181919208e-22, 5.33617020241e-22, 8.88324527119e-22, 1.13698529843e-21, 1.3206495857e-21, 2.4006132411e-21],
        "var": [1.04312045113e-10, 1.36276366902e-06, 8.119011909e-06, 4.49978142569e-06, 6.44172814646e-06, 8.63626519276e-06, 9.89218733594e-06, 2.18364439206e-05, 7.51752577344e-06, 4.34191542809e-06, 6.0713291532e-06, 4.33551213064e-06, 4.86127237309e-06, 1.85119540674e-06, 3.12208590003e-06, 1.90946025214e-06, 2.08585447581e-06, 9.68223616837e-07, 2.29217675951e-07, 6.16596409486e-08, 2.22130953631e-08, 3.92976717833e-09, 1.28956079148e-09, 1.34834907128e-10, 7.12172345835e-13, 2.33511635321e-14, 2.03403548514e-15]
    },
    "erbbands": {
        "dmean": [0.00470372289419, 0.115704737604, 0.768191337585, 2.09523248672, 3.49333810806, 5.16520833969, 6.95920372009, 11.4914808273, 14.0832185745, 16.4855957031, 33.3676452637, 23.9216785431, 17.9305057526, 31.7444324493, 19.1488571167, 29.3614711761, 29.0591888428, 21.7046089172, 25.102399826, 20.5561923981, 19.7971134186, 17.6186389923, 15.0446300507, 9.7412776947, 3.80577206612, 3.59719491005, 2.6191470623, 1.31171047688, 0.943156003952, 0.621142983437, 0.26045691967, 0.170510441065, 0.0391563884914, 0.00781215261668, 0.00275447941385, 0.000760589144193, 0.000151230560732, 3.47308414348e-05, 4.73826867164e-06, 6.37324865238e-06],
        "dmean2": [0.00796909816563, 0.192081555724, 1.2928429842, 3.6226952076, 5.94151973724, 8.01751041412, 10.8656692505, 16.6627616882, 21.6180953979, 25.1414775848, 52.0837020874, 37.1562728882, 28.18841362, 50.746711731, 30.8930835724, 47.3893699646, 46.5717849731, 34.5151748657, 40.7249336243, 33.0490608215, 31.6254138947, 27.4448623657, 23.9962272644, 15.4163446426, 6.05572938919, 5.54687595367, 4.00684785843, 2.00441455841, 1.44173908234, 0.907176136971, 0.373812407255, 0.252804279327, 0.05643748492, 0.0122045446187, 0.00446322467178, 0.00121302285697, 0.000249773322139, 5.83832661505e-05, 7.65457389207e-06, 9.85246424534e-06],
        "dvar": [0.000106710875116, 0.067864485085, 3.17126345634, 12.3754777908, 32.8931236267, 43.7628746033, 146.461929321, 430.796691895, 611.880065918, 1062.15881348, 5869.58740234, 3480.05273438, 1704.37280273, 5721.42236328, 2488.53442383, 4687.06494141, 4544.53955078, 2435.19555664, 3499.70092773, 1491.92333984, 3104.92602539, 1616.07275391, 1122.34362793, 516.526184082, 32.9656791687, 41.4922180176, 23.4229488373, 5.75065565109, 3.49284005165, 1.42577373981, 0.393582522869, 0.100163891912, 0.00506867840886, 0.000126908140373, 9.11087681743e-06, 7.42264546716e-07, 2.72317688399e-08, 2.46678766302e-09, 6.50151044113e-11, 4.56600209031e-11],
        "dvar2": [0.000283912639134, 0.175840094686, 8.85974407196, 35.8191680908, 98.2621459961, 108.185287476, 365.593841553, 890.059143066, 1480.3548584, 2591.74975586, 14895.7314453, 8466.80175781, 3892.17895508, 14460.1962891, 6785.19970703, 12346.9492188, 11767.5732422, 6164.85058594, 8373.90136719, 3482.54174805, 7419.25927734, 3820.1340332, 2893.83129883, 1264.21289062, 81.0521850586, 93.8636016846, 53.5480613708, 11.9603528976, 8.08415603638, 2.84044742584, 0.809093952179, 0.219902679324, 0.0106558604166, 0.000291489006486, 2.22267517529e-05, 1.77941421953e-06, 7.2886422231e-08, 6.97653268489e-09, 1.83465936887e-10, 1.07841249819e-10],
        "max": [0.180894911289, 6.39780712128, 40.1228981018, 67.0032653809, 118.02734375, 115.227111816, 240.652069092, 493.702728271, 613.138244629, 1105.92626953, 1568.10314941, 1895.48168945, 1352.27954102, 1816.94396973, 2096.16699219, 1468.12329102, 2004.72888184, 1787.04211426, 2421.9140625, 919.123046875, 1761.45373535, 834.767028809, 1092.57043457, 653.595031738, 184.915756226, 216.624038696, 101.466278076, 66.9965820312, 45.1207542419, 24.1846237183, 16.9861183167, 4.2112531662, 1.26207125187, 0.224332198501, 0.0809346288443, 0.0148714371026, 0.00549346162006, 0.00185815838631, 0.000405983038945, 0.000107713698526],
        "mean": [0.00910781417042, 0.272665053606, 2.02424788475, 4.10101985931, 6.90252876282, 11.1038398743, 13.5025253296, 22.0461215973, 27.0936489105, 32.6823120117, 64.0279006958, 41.9692230225, 31.2317810059, 49.7078971863, 33.810218811, 50.0357475281, 55.3823051453, 40.6948776245, 44.4424324036, 38.9898376465, 37.0326004028, 34.4011955261, 30.263463974, 20.8020133972, 8.79473304749, 8.44818878174, 5.98893117905, 2.78315663338, 1.65480971336, 1.09372448921, 0.455834776163, 0.279195576906, 0.0694533139467, 0.0193721633404, 0.00865448173136, 0.00232503865846, 0.000490142789204, 9.39740566537e-05, 2.02900391741e-05, 2.93867142318e-05],
        "median": [0.00472841691226, 0.169037431479, 1.08208739758, 2.74335336685, 4.81271886826, 7.39281892776, 7.99373722076, 11.8356389999, 14.4583005905, 17.1567516327, 23.106464386, 21.1305866241, 15.1111660004, 18.7978725433, 13.7022285461, 19.4412937164, 23.7394294739, 22.6605834961, 22.0077400208, 21.7296581268, 15.2157840729, 12.1798782349, 11.7573976517, 8.00068187714, 5.3406624794, 4.70209741592, 3.03082752228, 1.44791281223, 0.930133283138, 0.50383245945, 0.187472939491, 0.124971047044, 0.0340881086886, 0.0150776961818, 0.00806179642677, 0.00216105440632, 0.000463752163341, 7.8909448348e-05, 1.87372115761e-05, 2.76558039332e-05],
        "min": [2.69593509709e-21, 7.04914997744e-21, 1.00332411957e-20, 5.73919299363e-20, 5.06488795986e-20, 1.5577747054e-19, 1.76385202086e-19, 1.42042485435e-19, 2.70757643636e-19, 3.18567571518e-19, 8.51084322798e-19, 1.21277023471e-18, 6.71664143346e-19, 2.62738660095e-18, 3.42389804473e-18, 3.29219993107e-18, 2.051234418e-18, 3.57997151668e-18, 4.31746631209e-18, 3.87410784352e-18, 7.99584626547e-18, 1.03830134127e-17, 8.43057930821e-18, 9.27484285477e-18, 8.55935726751e-18, 9.47669229503e-18, 1.37646493524e-17, 1.13897195151e-17, 1.01776335656e-17, 1.02488306553e-17, 1.65253563749e-17, 1.5963224283e-17, 1.74800650769e-17, 1.10010893838e-17, 9.21997431038e-18, 4.69078036716e-18, 2.64999530825e-18, 1.04585997295e-18, 3.38135020046e-19, 3.31450592903e-20],
        "var": [0.000178438785952, 0.118575371802, 6.96497106552, 19.9240512848, 51.9072570801, 136.794876099, 298.540313721, 1056.20275879, 1496.35400391, 2254.77685547, 14844.8447266, 5785.828125, 3038.33813477, 9206.39453125, 4649.80517578, 9636.64257812, 9828.87988281, 4010.1496582, 7851.72753906, 3379.50415039, 7807.52490234, 4166.4765625, 3301.26318359, 1737.49414062, 113.107688904, 129.746109009, 72.5473175049, 16.0496253967, 5.53856372833, 3.01567053795, 0.782937288284, 0.166623935103, 0.0097683230415, 0.000242465132033, 1.55862599058e-05, 1.2600548871e-06, 4.33611333506e-08, 3.92865473486e-09, 1.15238998899e-10, 2.06492933863e-10]
    },
    "gfcc": {
        "mean": [-17.6827392578, 134.807571411, -157.172988892, 24.866027832, -58.1504516602, -3.45790553093, -34.9770698547, -7.0691409111, -18.8995876312, -6.40802383423, -14.8251800537, -10.861035347, -11.345416069],
        "cov": [[2464.94677734, 379.448516846, -612.801818848, 114.220169067, -68.3580245972, -112.359924316, 91.5802688599, -67.8859176636, 78.3600234985, -126.745269775, 61.625617981, -66.4426269531, 8.77600479126], [379.448516846, 478.949462891, 84.4278030396, -86.9342651367, 144.082504272, -21.4373474121, 45.4835700989, -24.7911643982, -2.13926148415, 8.46979904175, 14.5290803909, -48.1318740845, 3.33222794533], [-612.801818848, 84.4278030396, 580.087097168, 85.9763565063, 33.7938919067, 162.341125488, -39.8731689453, 11.1249952316, 13.4487247467, 45.2471885681, -36.7187385559, -0.0293469708413, -54.8880577087], [114.220169067, -86.9342651367, 85.9763565063, 298.900695801, 6.43981456757, 30.8223438263, 9.62829208374, 38.6174621582, 59.1610145569, -19.496925354, -12.0828666687, 14.9893312454, -11.0153341293], [-68.3580245972, 144.082504272, 33.7938919067, 6.43981456757, 205.379272461, 14.2706041336, 27.2668838501, 31.2117862701, -8.13557243347, 23.4523448944, -5.32560634613, 0.0220881719142, 20.8756122589], [-112.359924316, -21.4373474121, 162.341125488, 30.8223438263, 14.2706041336, 253.097167969, 50.0089569092, -8.91197681427, 17.2795791626, 7.30684232712, -3.17048835754, -3.01825857162, -40.9347114563], [91.5802688599, 45.4835700989, -39.8731689453, 9.62829208374, 27.2668838501, 50.0089569092, 133.143218994, 37.1975402832, -4.94267272949, 15.2940359116, 18.1951961517, -15.6339797974, -6.12403392792], [-67.8859176636, -24.7911643982, 11.1249952316, 38.6174621582, 31.2117862701, -8.91197681427, 37.1975402832, 105.804450989, 37.5613899231, 14.3786249161, 3.72783613205, 8.47940158844, 4.41286039352], [78.3600234985, -2.13926148415, 13.4487247467, 59.1610145569, -8.13557243347, 17.2795791626, -4.94267272949, 37.5613899231, 97.768157959, 13.6963119507, -1.37018799782, 4.28990316391, -12.3905200958], [-126.745269775, 8.46979904175, 45.2471885681, -19.496925354, 23.4523448944, 7.30684232712, 15.2940359116, 14.3786249161, 13.6963119507, 87.4795532227, 24.1714706421, 1.11495900154, -0.331974476576], [61.625617981, 14.5290803909, -36.7187385559, -12.0828666687, -5.32560634613, -3.17048835754, 18.1951961517, 3.72783613205, -1.37018799782, 24.1714706421, 70.5679931641, 17.934211731, 0.476867437363], [-66.4426269531, -48.1318740845, -0.0293469708413, 14.9893312454, 0.0220881719142, -3.01825857162, -15.6339797974, 8.47940158844, 4.28990316391, 1.11495900154, 17.934211731, 73.5768432617, 27.0365161896], [8.77600479126, 3.33222794533, -54.8880577087, -11.0153341293, 20.8756122589, -40.9347114563, -6.12403392792, 4.41286039352, -12.3905200958, -0.331974476576, 0.476867437363, 27.0365161896, 71.7376556396]],
        "icov": [[0.00171750527807, -0.00343996589072, 0.00321554997936, -0.00250542862341, 0.00256821070798, -0.00166331720538, 0.00144789926708, -0.000743889715523, 0.000634025665931, -0.000286508060526, 0.000407347572036, -0.000251883204328, 0.000698558520526], [-0.00343996589072, 0.0126977488399, -0.00944319739938, 0.0077391481027, -0.00987019110471, 0.0067204516381, -0.00754395499825, 0.00672993948683, -0.00670084403828, 0.00504847662523, -0.00496727740392, 0.00424123788252, -0.00325623061508], [0.00321554997936, -0.00944319739938, 0.0106558613479, -0.00701639894396, 0.00702489353716, -0.00696087768301, 0.00743655581027, -0.00539136352018, 0.00571345444769, -0.00535970367491, 0.00469933310524, -0.00281677092426, 0.00406354898587], [-0.00250542862341, 0.0077391481027, -0.00701639894396, 0.00932320673019, -0.00615725666285, 0.0044229333289, -0.00539862178266, 0.00330486078747, -0.00630394602194, 0.00466712191701, -0.00250368542038, 0.00112692615949, -0.00181369856], [0.00256821070798, -0.00987019110471, 0.00702489353716, -0.00615725666285, 0.0134167410433, -0.00572680355981, 0.00544950691983, -0.00707547785714, 0.00663694320247, -0.00558309396729, 0.00486340001225, -0.00279715983197, 0.000444479956059], [-0.00166331720538, 0.0067204516381, -0.00696087768301, 0.0044229333289, -0.00572680355981, 0.0102505525574, -0.00837188400328, 0.00675773620605, -0.00616940809414, 0.00426899595186, -0.00272508664057, 0.000688308209646, 0.000342673447449], [0.00144789926708, -0.00754395499825, 0.00743655581027, -0.00539862178266, 0.00544950691983, -0.00837188400328, 0.0177615601569, -0.0107584353536, 0.0090024061501, -0.00610421644524, 0.00135816948023, 0.00059306784533, 0.00214340956882], [-0.000743889715523, 0.00672993948683, -0.00539136352018, 0.00330486078747, -0.00707547785714, 0.00675773620605, -0.0107584353536, 0.0199795439839, -0.0115519855171, 0.00448034889996, -0.00351016991772, 0.00110347708687, -0.0024386595469], [0.000634025665931, -0.00670084403828, 0.00571345444769, -0.00630394602194, 0.00663694320247, -0.00616940809414, 0.0090024061501, -0.0115519855171, 0.0211501214653, -0.00848489161581, 0.00545002194121, -0.00366759090684, 0.00462440820411], [-0.000286508060526, 0.00504847662523, -0.00535970367491, 0.00466712191701, -0.00558309396729, 0.00426899595186, -0.00610421644524, 0.00448034889996, -0.00848489161581, 0.0197362359613, -0.00963579397649, 0.00417585112154, -0.00320362881757], [0.000407347572036, -0.00496727740392, 0.00469933310524, -0.00250368542038, 0.00486340001225, -0.00272508664057, 0.00135816948023, -0.00351016991772, 0.00545002194121, -0.00963579397649, 0.0226783752441, -0.0093329064548, 0.00501703424379], [-0.000251883204328, 0.00424123788252, -0.00281677092426, 0.00112692615949, -0.00279715983197, 0.000688308209646, 0.00059306784533, 0.00110347708687, -0.00366759090684, 0.00417585112154, -0.0093329064548, 0.0219569131732, -0.00978607684374], [0.000698558520526, -0.00325623061508, 0.00406354898587, -0.00181369856, 0.000444479956059, 0.000342673447449, 0.00214340956882, -0.0024386595469, 0.00462440820411, -0.00320362881757, 0.00501703424379, -0.00978607684374, 0.0216740034521]]
    },
    "melbands": {
        "dmean": [7.3506264016e-05, 0.000309442199068, 0.000395429175114, 0.000289232557407, 0.000225171374041, 0.000247087067692, 0.000230320219998, 0.000182705043699, 0.000265565206064, 0.000148715407704, 8.81202286109e-05, 0.000125181220938, 7.9251389252e-05, 6.69964792905e-05, 7.02729157638e-05, 7.16601207387e-05, 4.12459594372e-05, 3.77342439606e-05, 4.58037902717e-05, 2.26613283303e-05, 2.67526538664e-05, 2.28178196267e-05, 1.48994913616e-05, 1.2077577594e-05, 8.81250707607e-06, 3.1923300412e-06, 3.19494006362e-06, 2.72662737189e-06, 2.16899411498e-06, 1.1888945437e-06, 7.33641002171e-07, 5.97181781359e-07, 4.45650670144e-07, 3.24887594161e-07, 1.53987045337e-07, 1.38018023677e-07, 9.70553983848e-08, 3.65755141729e-08, 5.39034417102e-09, 7.00491220584e-09],
        "dmean2": [0.000121822609799, 0.000518844870385, 0.000683554448187, 0.00046451378148, 0.000352828530595, 0.000360874691978, 0.000353603711119, 0.000277931132587, 0.000413280562498, 0.000230781311984, 0.000139002047945, 0.000200784517801, 0.000125984239276, 0.000109103937575, 0.00011223286856, 0.000115678180009, 6.59591532894e-05, 6.10999923083e-05, 7.45483703213e-05, 3.64421575796e-05, 4.27985614806e-05, 3.58536817657e-05, 2.37846943492e-05, 1.89883758139e-05, 1.40545644172e-05, 5.10296058565e-06, 5.19439754498e-06, 4.23448682341e-06, 3.35816480401e-06, 1.8721862034e-06, 1.13342332497e-06, 9.32846717205e-07, 6.77045591146e-07, 4.83252676986e-07, 2.24351651923e-07, 2.0873358153e-07, 1.457325709e-07, 5.40074331923e-08, 8.19663537044e-09, 1.13009379632e-08],
        "dvar": [2.59590109408e-08, 4.96632708291e-07, 4.47139683502e-07, 1.41416776955e-07, 1.24446543737e-07, 1.73758806454e-07, 1.57601022011e-07, 1.27746844214e-07, 3.50832038976e-07, 1.48944707234e-07, 4.31339373108e-08, 9.33284169946e-08, 3.2792904392e-08, 2.41820412583e-08, 2.6945722098e-08, 3.00673654863e-08, 1.17503793362e-08, 9.03964814114e-09, 9.16124154315e-09, 2.88760126921e-09, 6.27861052038e-09, 2.75500222635e-09, 1.47160195141e-09, 6.95421498165e-10, 4.58616866705e-10, 4.30074933999e-11, 2.69912078799e-11, 3.23421810167e-11, 1.6995457125e-11, 5.50226964685e-12, 2.02825061434e-12, 1.58814422117e-12, 7.43404524137e-13, 4.34751193379e-13, 1.61715015294e-13, 8.14676763008e-14, 3.52231807089e-14, 4.98984737535e-15, 6.82866844769e-17, 9.87027442577e-17],
        "dvar2": [6.53938485584e-08, 1.37612221351e-06, 1.31649221657e-06, 3.6703306705e-07, 3.1198214856e-07, 3.63045472795e-07, 3.91166508962e-07, 3.04195083345e-07, 8.74594263678e-07, 3.63192441455e-07, 9.80329559752e-08, 2.37125206581e-07, 8.40215221842e-08, 6.33861816368e-08, 6.44399094085e-08, 7.75222943616e-08, 2.97892572831e-08, 2.19715659e-08, 2.21384830468e-08, 6.72575239946e-09, 1.49047618692e-08, 6.52068044005e-09, 3.76470543628e-09, 1.68889591201e-09, 1.12156794962e-09, 9.84005654736e-11, 7.20997567205e-11, 7.41605457599e-11, 4.00582830795e-11, 1.26008110196e-11, 4.40400710691e-12, 3.77760106182e-12, 1.67953747698e-12, 8.79191684733e-13, 3.4037936315e-13, 1.83084680771e-13, 8.01173634813e-14, 1.09025820395e-14, 1.49816133514e-16, 2.40830313387e-16],
        "max": [0.00319891702384, 0.0167550817132, 0.0146180279553, 0.00581465754658, 0.00693835411221, 0.0095220496878, 0.00799458194524, 0.0112953819335, 0.0120777534321, 0.0120307654142, 0.00667869439349, 0.00806773453951, 0.00546218827367, 0.00295729911886, 0.0044131311588, 0.00474968645722, 0.00411125924438, 0.00330253667198, 0.0026921282988, 0.00145226251334, 0.00248600239865, 0.00105303328019, 0.0010996471392, 0.000858963467181, 0.00063713081181, 0.000314008328132, 9.77027084446e-05, 0.000205137897865, 8.34148595459e-05, 7.83012364991e-05, 4.92512263008e-05, 2.55383602052e-05, 2.09375557461e-05, 1.22238916447e-05, 1.06080115074e-05, 5.99741815677e-06, 3.50759478351e-06, 1.35051982397e-06, 2.04681228411e-07, 2.0168414494e-07],
        "mean": [0.000157383707119, 0.000828751653899, 0.0008235857822, 0.000643243256491, 0.000473944557598, 0.000483632873511, 0.000437367125414, 0.000367411237676, 0.000499527028296, 0.000246067094849, 0.000146113379742, 0.000191859944607, 0.000128504427266, 0.000108878688479, 0.0001241164573, 0.000122568613733, 7.07263316144e-05, 6.29219211987e-05, 7.53593994887e-05, 3.96826471842e-05, 4.61837516923e-05, 4.00958415412e-05, 2.76724185824e-05, 2.30384466704e-05, 1.70524926943e-05, 6.17763544142e-06, 6.27049257673e-06, 5.68615450902e-06, 4.38234201283e-06, 2.42240412263e-06, 1.30647924834e-06, 9.70364112618e-07, 7.27122881017e-07, 5.4632340607e-07, 2.56586218939e-07, 2.14652800423e-07, 1.50735644411e-07, 5.99510485699e-08, 1.16306546616e-08, 1.65163704935e-08],
        "median": [8.01471687737e-05, 0.000477579771541, 0.000571126467548, 0.000463210686576, 0.000314190459903, 0.000280856038444, 0.000233200073126, 0.00019082268409, 0.000178271773621, 0.000113801470434, 6.64010076434e-05, 6.9395180617e-05, 4.77708199469e-05, 4.00297467422e-05, 4.30546388088e-05, 4.56703928648e-05, 3.29773210979e-05, 2.6447683922e-05, 3.62693026545e-05, 1.73434909811e-05, 1.60599865922e-05, 1.33701605591e-05, 8.90907449502e-06, 8.84602104634e-06, 5.62534978599e-06, 2.95674249173e-06, 3.58658758159e-06, 2.44878833655e-06, 1.90070227291e-06, 1.21451512314e-06, 6.04735419074e-07, 5.14801286045e-07, 3.39226801316e-07, 2.37917703316e-07, 9.65006208276e-08, 8.39343243797e-08, 6.78292764178e-08, 2.74454130533e-08, 7.94612287081e-09, 1.33359696619e-08],
        "min": [2.20305784535e-23, 6.39851785542e-24, 8.78620575575e-24, 9.15285962702e-24, 5.59643327485e-24, 3.52694977559e-24, 4.068587984e-24, 3.77465249426e-24, 7.18452071759e-24, 6.56600919725e-24, 2.94667316004e-24, 9.8542429576e-24, 1.15516570555e-23, 1.21548153704e-23, 3.16250609535e-24, 5.84449571409e-24, 6.92224576584e-24, 7.49550940795e-24, 3.13588223702e-24, 7.8324815988e-24, 8.90033420721e-24, 1.06348784102e-23, 9.50736267378e-24, 7.87870332582e-24, 7.17435545596e-24, 7.03076226083e-24, 5.74832292012e-24, 5.90323745254e-24, 8.22294092562e-24, 8.15469814643e-24, 6.63012820606e-24, 5.74042760575e-24, 5.88791737933e-24, 5.43011457476e-24, 8.03229217749e-24, 9.58097128484e-24, 9.74801021494e-24, 1.21834147337e-23, 9.79525272797e-24, 8.48646306645e-24],
        "var": [4.90398228692e-08, 1.03676961771e-06, 7.37565358122e-07, 3.75712005507e-07, 2.73968765896e-07, 4.30990326095e-07, 3.73408482801e-07, 2.95001626682e-07, 8.92042351097e-07, 2.43880862172e-07, 7.56314975092e-08, 1.44998494989e-07, 5.92133631017e-08, 4.87227111989e-08, 6.31818721786e-08, 5.51814096639e-08, 1.81068262606e-08, 1.92466842464e-08, 1.82705015561e-08, 5.84554271654e-09, 1.55871529017e-08, 6.41255848421e-09, 3.87807519431e-09, 1.87535165175e-09, 1.38662736848e-09, 1.24640270327e-10, 6.53023191077e-11, 8.75214553608e-11, 4.38871196329e-11, 1.46324410921e-11, 4.61760751164e-12, 2.26590577898e-12, 1.26306452276e-12, 8.80101059305e-13, 3.05181715402e-13, 1.43426923441e-13, 5.17309888773e-14, 8.78216634614e-15, 1.46543449669e-16, 1.66384839116e-16]
    },
    "mfcc": {
        "mean": [-647.871276855, 158.049560547, -35.8295478821, 25.1256961823, -9.5812625885, 4.77240848541, -11.7444705963, -2.05587816238, -7.11910486221, 0.195163875818, -4.8852314949, -0.355197906494, -6.58807420731],
        "cov": [[2515.71459961, 44.3398323059, -521.390258789, 135.110229492, -218.637435913, -33.7311630249, -76.3409957886, 92.4445877075, -54.9862327576, 28.4080791473, -88.5067214966, 64.0274810791, 1.25161194801], [44.3398323059, 631.288513184, -34.1377067566, -57.2839431763, 76.3625411987, 3.07389426231, 85.4166641235, -69.2124557495, 17.4533042908, -0.214779630303, 35.6803817749, -34.1550102234, 15.5855674744], [-521.390258789, -34.1377067566, 522.148010254, 1.40013229847, 91.4867095947, 138.212585449, -16.5722045898, 41.4083137512, 0.538755476475, 40.9438781738, 64.5632095337, 6.98707866669, -18.0885219574], [135.110229492, -57.2839431763, 1.40013229847, 250.106689453, 47.9587936401, -43.4727973938, -16.6242294312, 16.9988975525, 45.9050712585, -10.4944047928, -0.762376785278, 61.7342529297, -6.35656452179], [-218.637435913, 76.3625411987, 91.4867095947, 47.9587936401, 178.754226685, 42.5688285828, -3.58183097839, 13.1222715378, 38.2109909058, -0.562396466732, 17.0031375885, 3.57483553886, -4.87950801849], [-33.7311630249, 3.07389426231, 138.212585449, -43.4727973938, 42.5688285828, 190.486328125, 41.7867240906, 36.6856040955, 4.28872776031, 31.1515140533, 26.2053203583, -10.6174268723, 5.94297456741], [-76.3409957886, 85.4166641235, -16.5722045898, -16.6242294312, -3.58183097839, 41.7867240906, 156.991287231, 14.744811058, 10.6281576157, 17.2989215851, 16.974521637, 1.63305735588, 18.3860626221], [92.4445877075, -69.2124557495, 41.4083137512, 16.9988975525, 13.1222715378, 36.6856040955, 14.744811058, 119.827758789, 25.8831157684, 13.170042038, 11.550737381, 11.1526250839, 12.9804801941], [-54.9862327576, 17.4533042908, 0.538755476475, 45.9050712585, 38.2109909058, 4.28872776031, 10.6281576157, 25.8831157684, 97.4600982666, 21.4116039276, 8.26915740967, 12.9893035889, 3.10363936424], [28.4080791473, -0.214779630303, 40.9438781738, -10.4944047928, -0.562396466732, 31.1515140533, 17.2989215851, 13.170042038, 21.4116039276, 90.6999588013, 32.7328681946, 3.0912232399, 6.94031143188], [-88.5067214966, 35.6803817749, 64.5632095337, -0.762376785278, 17.0031375885, 26.2053203583, 16.974521637, 11.550737381, 8.26915740967, 32.7328681946, 91.9679031372, 25.25025177, 5.49026250839], [64.0274810791, -34.1550102234, 6.98707866669, 61.7342529297, 3.57483553886, -10.6174268723, 1.63305735588, 11.1526250839, 12.9893035889, 3.0912232399, 25.25025177, 102.75793457, 18.1129455566], [1.25161194801, 15.5855674744, -18.0885219574, -6.35656452179, -4.87950801849, 5.94297456741, 18.3860626221, 12.9804801941, 3.10363936424, 6.94031143188, 5.49026250839, 18.1129455566, 88.3043823242]],
