{
"lowlevel": {
    "average_loudness": 0.931314170361,
    "barkbands_crest": {
        "dmean": 2.30881977081,
        "dmean2": 3.77240562439,
        "dvar": 4.15999984741,
        "dvar2": 11.0324802399,
        "max": 23.9217758179,
        "mean": 9.40794181824,
        "median": 8.64527225494,
        "min": 2.82249760628,
        "var": 14.202706337
    },
    "barkbands_flatness_db": {
        "dmean": 0.0162372253835,
        "dmean2": 0.0261566489935,
        "dvar": 0.000214434796362,
        "dvar2": 0.000541801098734,
        "max": 0.329350948334,
        "mean": 0.18672606349,
        "median": 0.180652052164,
        "min": 0.0447530038655,
        "var": 0.00174630479887
    },
    "barkbands_kurtosis": {
        "dmean": 1.55695855618,
        "dmean2": 2.53604674339,
        "dvar": 4.60077953339,
        "dvar2": 11.7893457413,
        "max": 59.8853912354,
        "mean": 2.33894681931,
        "median": 1.25590229034,
        "min": -1.90958416462,
        "var": 15.2695388794
    },
    "barkbands_skewness": {
        "dmean": 0.391655683517,
        "dmean2": 0.621680259705,
        "dvar": 0.139175906777,
        "dvar2": 0.344610095024,
        "max": 5.58519411087,
        "mean": 1.0914273262,
        "median": 1.08279824257,
        "min": -3.96575832367,
        "var": 0.736744582653
    },
    "barkbands_spread": {
        "dmean": 2.67628955841,
        "dmean2": 4.20418787003,
        "dvar": 9.36971569061,
        "dvar2": 21.9539356232,
        "max": 69.9403533936,
        "mean": 13.5065851212,
        "median": 11.9842767715,
        "min": 1.05699086189,
        "var": 57.8266563416
    },
    "dissonance": {
        "dmean": 0.0237708743662,
        "dmean2": 0.040226187557,
        "dvar": 0.000572636665311,
        "dvar2": 0.00161263649352,
        "max": 0.500000119209,
        "mean": 0.451256394386,
        "median": 0.462174296379,
        "min": 0.198761075735,
        "var": 0.00150156917516
    },
    "dynamic_complexity": 2.07059073448,
    "erbbands_crest": {
        "dmean": 2.6268184185,
        "dmean2": 4.2282500267,
        "dvar": 5.83645582199,
        "dvar2": 14.6518325806,
        "max": 32.8346061707,
        "mean": 10.1706113815,
        "median": 8.689661026,
        "min": 2.73430037498,
        "var": 24.5980091095
    },
    "erbbands_flatness_db": {
        "dmean": 0.0129500944167,
        "dmean2": 0.0195721294731,
        "dvar": 0.000151136249769,
        "dvar2": 0.000308225658955,
        "max": 0.414582043886,
        "mean": 0.235876858234,
        "median": 0.230360001326,
        "min": 0.0458243228495,
        "var": 0.00195307808463
    },
    "erbbands_kurtosis": {
        "dmean": 0.826897084713,
        "dmean2": 1.30636334419,
        "dvar": 1.49093532562,
        "dvar2": 3.5573527813,
        "max": 33.384147644,
        "mean": 0.627857804298,
        "median": -0.0890231132507,
        "min": -1.74625945091,
        "var": 5.30037927628
    },
    "erbbands_skewness": {
        "dmean": 0.327973157167,
        "dmean2": 0.513776898384,
        "dvar": 0.0829907059669,
        "dvar2": 0.20228818059,
        "max": 4.06246995926,
        "mean": 0.374665468931,
        "median": 0.358296602964,
        "min": -3.0678229332,
        "var": 0.506416201591
    },
    "erbbands_spread": {
        "dmean": 4.14938831329,
        "dmean2": 6.41199636459,
        "dvar": 18.6648406982,
        "dvar2": 41.8012619019,
        "max": 106.531982422,
        "mean": 23.8860263824,
        "median": 22.8722114563,
        "min": 1.86478304863,
        "var": 136.128372192
    },
    "hfc": {
        "dmean": 4.76518344879,
        "dmean2": 7.00257873535,
        "dvar": 51.9262657166,
        "dvar2": 101.117149353,
        "max": 179.713226318,
        "mean": 20.3977832794,
        "median": 16.1420249939,
        "min": 1.12886833738e-16,
        "var": 239.325256348
    },
    "melbands_crest": {
        "dmean": 2.96904110909,
        "dmean2": 4.85797405243,
        "dvar": 7.29758834839,
        "dvar2": 19.1297569275,
        "max": 31.8309593201,
        "mean": 12.2003536224,
        "median": 11.2832670212,
        "min": 1.39792370796,
        "var": 21.5408706665
    },
    "melbands_flatness_db": {
        "dmean": 0.0180673655123,
        "dmean2": 0.0286460407078,
        "dvar": 0.000304674176732,
        "dvar2": 0.000751978426706,
        "max": 0.393279522657,
        "mean": 0.224997252226,
        "median": 0.219483911991,
        "min": 0.00177406589501,
        "var": 0.00277088722214
    },
    "melbands_kurtosis": {
        "dmean": 2.58264183998,
        "dmean2": 4.21934175491,
        "dvar": 14.0352964401,
        "dvar2": 36.5720710754,
        "max": 54.1636962891,
        "mean": 4.78874874115,
        "median": 3.34383630753,
        "min": -1.76766443253,
        "var": 29.4511585236
    },
    "melbands_skewness": {
        "dmean": 0.453024148941,
        "dmean2": 0.71836400032,
        "dvar": 0.208258330822,
        "dvar2": 0.526765167713,
        "max": 6.36318254471,
        "mean": 1.54776072502,
        "median": 1.52933394909,
        "min": -2.37648272514,
        "var": 0.983650684357
    },
    "melbands_spread": {
        "dmean": 4.30310201645,
        "dmean2": 6.85718202591,
        "dvar": 29.4792156219,
        "dvar2": 69.2877578735,
        "max": 186.124008179,
        "mean": 18.6789550781,
        "median": 16.573720932,
        "min": 1.78115212917,
        "var": 121.635482788
    },
    "pitch_salience": {
        "dmean": 0.0635360851884,
        "dmean2": 0.104009188712,
        "dvar": 0.00322178378701,
        "dvar2": 0.0084229670465,
        "max": 0.937294125557,
        "mean": 0.598624825478,
        "median": 0.604276359081,
        "min": 0.198590368032,
        "var": 0.00995362177491
    },
    "silence_rate_20dB": {
        "dmean": 0,
        "dmean2": 0,
        "dvar": 0,
        "dvar2": 0,
        "max": 1,
        "mean": 1,
        "median": 1,
        "min": 1,
        "var": 0
    },
    "silence_rate_30dB": {
        "dmean": 0.00346706295386,
        "dmean2": 0.00693498458713,
        "dvar": 0.00345490523614,
        "dvar2": 0.00812587141991,
        "max": 1,
        "mean": 0.995914340019,
        "median": 1,
        "min": 0,
        "var": 0.00406923424453
    },
    "silence_rate_60dB": {
        "dmean": 0.00297176814638,
        "dmean2": 0.00594427250326,
        "dvar": 0.00296341977082,
        "dvar2": 0.00714665977284,
        "max": 1,
        "mean": 0.0159712769091,
        "median": 0,
        "min": 0,
        "var": 0.0157165005803
    },
    "spectral_centroid": {
        "dmean": 148.715698242,
        "dmean2": 234.227478027,
        "dvar": 35374.5546875,
        "dvar2": 77546.359375,
        "max": 11357.1025391,
        "mean": 1060.30322266,
        "median": 986.897521973,
        "min": 270.305084229,
        "var": 236315.703125
    },
    "spectral_complexity": {
        "dmean": 2.52327895164,
        "dmean2": 4.07975244522,
        "dvar": 5.81968021393,
        "dvar2": 13.5305767059,
        "max": 49,
        "mean": 20.0579414368,
        "median": 20,
        "min": 0,
        "var": 48.9155845642
    },
    "spectral_decrease": {
        "dmean": 1.8609723762e-09,
        "dmean2": 2.90939294878e-09,
        "dvar": 9.31015105922e-18,
        "dvar2": 2.19834381637e-17,
        "max": -1.5257223038e-29,
        "mean": -6.60288312915e-09,
        "median": -5.81542636269e-09,
        "min": -6.16062010295e-08,
        "var": 1.80948207451e-17
    },
    "spectral_energy": {
        "dmean": 0.0073827044107,
        "dmean2": 0.0114969927818,
        "dvar": 0.000143819008372,
        "dvar2": 0.000336076744134,
        "max": 0.247392401099,
        "mean": 0.0267710220069,
        "median": 0.0235319081694,
        "min": 1.03688818462e-20,
        "var": 0.00029434406315
    },
    "spectral_energyband_high": {
        "dmean": 7.55267974455e-05,
        "dmean2": 0.000108490639832,
        "dvar": 8.39874232383e-08,
        "dvar2": 1.6449632767e-07,
        "max": 0.0121056763455,
        "mean": 0.000189358892385,
        "median": 8.76791818882e-05,
        "min": 7.50484006104e-21,
        "var": 2.17859195573e-07
    },
    "spectral_energyband_low": {
        "dmean": 0.00159794266801,
        "dmean2": 0.0026327513624,
        "dvar": 2.46696072281e-05,
        "dvar2": 6.29181085969e-05,
        "max": 0.0787909552455,
        "mean": 0.00263565825298,
        "median": 0.00105292885564,
        "min": 5.37011823193e-23,
        "var": 2.78573170363e-05
    },
    "spectral_energyband_middle_high": {
        "dmean": 0.00224963808432,
        "dmean2": 0.00332830892876,
        "dvar": 1.28099281937e-05,
        "dvar2": 2.34003164223e-05,
        "max": 0.135015875101,
        "mean": 0.00813936628401,
        "median": 0.00490393862128,
        "min": 1.3792678327e-21,
        "var": 8.09310513432e-05
    },
    "spectral_energyband_middle_low": {
        "dmean": 0.00594361685216,
        "dmean2": 0.00955043546855,
        "dvar": 0.000117976465845,
        "dvar2": 0.000294655270409,
        "max": 0.233719468117,
        "mean": 0.0166860055178,
        "median": 0.0136681552976,
        "min": 3.82546395602e-22,
        "var": 0.000188063466339
    },
    "spectral_entropy": {
        "dmean": 0.113453917205,
        "dmean2": 0.17617444694,
        "dvar": 0.0114527512342,
        "dvar2": 0.0255242716521,
        "max": 9.7977514267,
        "mean": 7.12633323669,
        "median": 7.20454120636,
        "min": 5.51937389374,
        "var": 0.192730292678
    },
    "spectral_flux": {
        "dmean": 0.0196746997535,
        "dmean2": 0.030869660899,
        "dvar": 0.000641169666778,
        "dvar2": 0.00132874341216,
        "max": 0.444836437702,
        "mean": 0.078939460218,
        "median": 0.0705018043518,
        "min": 6.67992397507e-11,
        "var": 0.00162736931816
    },
    "spectral_kurtosis": {
        "dmean": 3.32866096497,
        "dmean2": 5.8210310936,
        "dvar": 9.76861190796,
        "dvar2": 29.6571903229,
        "max": 50.8895568848,
        "mean": 8.91536235809,
        "median": 7.43193054199,
        "min": -1.18013179302,
        "var": 40.051071167
    },
    "spectral_rms": {
        "dmean": 0.00065128901042,
        "dmean2": 0.000999146723188,
        "dvar": 6.42446138954e-07,
        "dvar2": 1.43293982546e-06,
        "max": 0.0155357150361,
        "mean": 0.00489588314667,
        "median": 0.0047914464958,
        "min": 3.18056323466e-12,
        "var": 2.14827855416e-06
    },
    "spectral_rolloff": {
        "dmean": 251.402801514,
        "dmean2": 424.652099609,
        "dvar": 207047.15625,
        "dvar2": 427696.59375,
        "max": 19013.8183594,
        "mean": 1272.13220215,
        "median": 1141.25976562,
        "min": 129.19921875,
        "var": 648408.5
    },
    "spectral_skewness": {
        "dmean": 0.309325277805,
        "dmean2": 0.525089979172,
        "dvar": 0.0699564218521,
        "dvar2": 0.199000105262,
        "max": 5.64039325714,
        "mean": 2.00510525703,
        "median": 1.83915627003,
        "min": -0.0602412931621,
        "var": 0.654803931713
    },
    "spectral_spread": {
        "dmean": 208353.96875,
        "dmean2": 332502.65625,
        "dvar": 204733382656,
        "dvar2": 424444952576,
        "max": 40629716,
        "mean": 2751242,
        "median": 2649586.5,
        "min": 1342410.75,
        "var": 787721748480
    },
    "spectral_strongpeak": {
        "dmean": 0.713646531105,
        "dmean2": 1.17357409,
        "dvar": 1.02921032906,
        "dvar2": 2.40384864807,
        "max": 14.8215942383,
        "mean": 1.64165461063,
        "median": 0.942480027676,
        "min": 0,
        "var": 3.06757760048
    },
    "zerocrossingrate": {
        "dmean": 0.00483934115618,
        "dmean2": 0.00602572318166,
        "dvar": 5.40242508578e-05,
        "dvar2": 6.21627186774e-05,
        "max": 0.62109375,
        "mean": 0.0456063263118,
        "median": 0.04248046875,
        "min": 0.0107421875,
        "var": 0.00050834112335
    },
    "barkbands": {
        "dmean": [7.77402419772e-06, 0.000513584876899, 0.000939321471378, 0.000980336684734, 0.00228916201741, 0.00144716817886, 0.00103905808646, 0.0018125907518, 0.00136735697743, 0.000898485013749, 0.000662493112031, 0.000467266101623, 0.000586624722928, 0.000509695266373, 0.00046834020759, 0.000285795715172, 0.000273933721473, 0.000118673109682, 0.000110217610199, 4.92718863825e-05, 3.26775043504e-05, 2.28670596698e-05, 1.11066274258e-05, 2.81809411717e-06, 5.06256753852e-07, 1.51701726736e-07, 1.11858822205e-09],
        "dmean2": [1.38976865856e-05, 0.000860765110701, 0.0015385588631, 0.00167922163382, 0.00394714903086, 0.0023438250646, 0.00161638413556, 0.00280555640347, 0.00212871097028, 0.0014102574205, 0.00102540268563, 0.000726676837076, 0.000907156267203, 0.000793365179561, 0.000730237632524, 0.000453769840533, 0.000439298222773, 0.000190527411178, 0.000173305175849, 7.90525518823e-05, 5.0878021284e-05, 3.36041666742e-05, 1.57477916218e-05, 4.0797103793e-06, 8.2680730884e-07, 2.55507956126e-07, 2.06600025976e-09],
        "dvar": [4.17554019139e-10, 4.51523328593e-06, 8.78147602634e-06, 6.18841295363e-06, 2.55585655395e-05, 6.72839541949e-06, 4.7568842092e-06, 3.03177366732e-05, 2.22901289817e-05, 5.00526357428e-06, 3.74088699573e-06, 1.2483884575e-06, 2.34079402617e-06, 1.9205863282e-06, 1.31281581162e-06, 5.03636101712e-07, 2.92218345521e-07, 7.09347389716e-08, 6.68318378416e-08, 1.34574227317e-08, 1.23188970136e-08, 1.20100009937e-08, 6.95516177984e-09, 4.18368256705e-10, 1.23490085345e-12, 2.4563894484e-14, 2.76572738852e-18],
        "dvar2": [1.19874632443e-09, 1.15199645734e-05, 2.25680287258e-05, 1.68116821442e-05, 7.30074898456e-05, 1.71974425029e-05, 1.05997305582e-05, 7.37727605156e-05, 4.97420223837e-05, 1.04673490569e-05, 7.96425229055e-06, 2.73483851743e-06, 4.90610500492e-06, 4.05487298849e-06, 2.69550378107e-06, 1.14894100989e-06, 7.05242769072e-07, 1.72420058675e-07, 1.53017623461e-07, 3.28364144764e-08, 2.80565579658e-08, 2.19763052201e-08, 1.27372894454e-08, 7.67457042361e-10, 2.7063958713e-12, 6.53635199893e-14, 8.61276749248e-18],
        "max": [0.000889552000444, 0.0349912121892, 0.0630257576704, 0.0667541101575, 0.0916528105736, 0.0766443237662, 0.0667379721999, 0.191622063518, 0.207689329982, 0.0970034226775, 0.0880811363459, 0.0371490120888, 0.0440711639822, 0.0387666597962, 0.0532056167722, 0.021280920133, 0.0133001599461, 0.00806494429708, 0.0099397432059, 0.00372107420117, 0.00529707595706, 0.00562291638926, 0.00453177047893, 0.00121009699069, 5.29607641511e-05, 1.62391665981e-06, 4.61992897272e-08],
        "mean": [7.63900698075e-06, 0.000557158375159, 0.00150541274343, 0.00144048710354, 0.00391901563853, 0.00292897876352, 0.00187244045082, 0.00344599131495, 0.00246109231375, 0.00173580844421, 0.00130459025968, 0.000884888751898, 0.00111113605089, 0.000878735329024, 0.000871934113093, 0.000564488873351, 0.000557971710805, 0.00024550803937, 0.000229350553127, 0.000101905628981, 7.14682901162e-05, 4.56356319773e-05, 2.09787995118e-05, 5.82711572861e-06, 2.34472122429e-06, 1.83225907335e-07, 1.12268461194e-09],
        "median": [2.46793433689e-06, 0.000127295745187, 0.000448854494607, 0.00059935398167, 0.00234579131939, 0.00186448497698, 0.000974521739408, 0.00128258275799, 0.00086240679957, 0.000745607248973, 0.000347336026607, 0.000302393222228, 0.000266516814008, 0.000270289892796, 0.000349651469151, 0.000210301353945, 0.00023563724244, 0.000117636067444, 8.81216255948e-05, 4.60106093669e-05, 3.36101220455e-05, 1.62584365171e-05, 4.50046309197e-06, 2.13839439311e-06, 2.06516438084e-06, 1.11094195177e-07, 6.2441984916e-10],
        "min": [1.78641752672e-24, 3.06781852925e-23, 1.66699688354e-23, 1.32230915971e-23, 1.35745906616e-23, 4.09540546825e-23, 2.70940367904e-23, 5.42007837078e-23, 1.08325811525e-22, 6.43274668787e-23, 2.03403603448e-23, 5.84951215947e-23, 6.68561889094e-23, 1.1013239135e-22, 1.10490016709e-22, 1.16058768854e-22, 1.30889416981e-22, 2.40044769391e-22, 2.06106900397e-22, 2.36758084559e-22, 4.39195544813e-22, 4.93852321679e-22, 6.71080715654e-22, 6.4900735254e-22, 1.05268396178e-21, 1.73995664705e-21, 2.19180829757e-21],
        "var": [3.29262839216e-10, 3.83664018955e-06, 1.06940306068e-05, 7.82131155574e-06, 2.80865424429e-05, 1.30741191242e-05, 9.97404458758e-06, 4.80473354401e-05, 4.49037106591e-05, 1.5285302652e-05, 1.34869305839e-05, 3.7007444007e-06, 7.43181271901e-06, 4.68061534775e-06, 4.41543897978e-06, 1.39691132972e-06, 8.21022695163e-07, 1.45982625099e-07, 2.24421654593e-07, 2.80002740993e-08, 2.06659258595e-08, 3.35955334663e-08, 1.84962765104e-08, 9.53131684689e-10, 3.29390247716e-12, 3.54829216682e-14, 2.12475774636e-18]
    },
    "erbbands": {
        "dmean": [0.00551936682314, 0.156078487635, 0.961827516556, 1.93731999397, 7.09304332733, 6.9015455246, 9.9245262146, 12.5207138062, 14.8092155457, 21.0073719025, 40.8754196167, 34.2373657227, 25.5657272339, 25.8269882202, 24.6159420013, 20.346534729, 23.7709770203, 26.7044963837, 24.2521266937, 19.3153476715, 12.9238510132, 11.9000778198, 7.33167266846, 5.62532567978, 4.58600187302, 2.2542951107, 1.40735268593, 1.22918701172, 0.875707447529, 0.525495648384, 0.286505192518, 0.100271210074, 0.029076449573, 0.00793100614101, 0.00352497352287, 0.00120676099323, 3.85462590202e-05, 2.07856191992e-06, 3.68480709767e-06, 8.41474502522e-06],
        "dmean2": [0.00908508524299, 0.261771738529, 1.59219944477, 3.29447484016, 12.5825176239, 11.6810655594, 16.0285739899, 20.4162521362, 23.2572097778, 32.0296554565, 63.3339195251, 52.684223175, 40.2782363892, 39.308631897, 37.7838668823, 31.3917770386, 36.6959190369, 40.7061843872, 37.8183517456, 30.2262783051, 20.5120105743, 18.8410243988, 11.6181335449, 8.85978412628, 7.24801826477, 3.60813736916, 2.23121738434, 1.88231432438, 1.31729257107, 0.743797063828, 0.398292094469, 0.143888741732, 0.0417341478169, 0.0125264078379, 0.00593215087429, 0.00201661093161, 6.42838567728e-05, 3.27779275722e-06, 5.6279391174e-06, 1.30315866045e-05],
        "dvar": [0.00040865803021, 0.406220495701, 10.6883077621, 24.7469272614, 358.507293701, 187.142623901, 294.311859131, 566.76361084, 906.846130371, 3025.39453125, 18272.4335938, 12523.1425781, 5587.56494141, 3790.40600586, 4190.50634766, 2461.34277344, 3814.64477539, 4926.13525391, 3848.99267578, 2378.92358398, 716.43145752, 567.668518066, 239.273040771, 156.54989624, 154.460678101, 27.5244026184, 28.1581878662, 16.6631507874, 18.0121669769, 10.5940876007, 4.87623596191, 0.584843993187, 0.0378940291703, 0.000465980148874, 1.38693721965e-05, 1.39717587899e-06, 1.82843018504e-09, 1.83895156047e-11, 3.3509587466e-11, 1.8182218231e-10],
        "dvar2": [0.00100732280407, 1.03925645351, 27.8285484314, 67.3930435181, 1033.03320312, 518.113464355, 720.031738281, 1521.4987793, 2105.24316406, 7115.1640625, 43235.3515625, 27745.2207031, 11476.3017578, 7270.43505859, 9545.81542969, 5456.07617188, 8104.26708984, 10136.2353516, 7938.48632812, 5303.76611328, 1670.81652832, 1338.28356934, 569.601074219, 361.911651611, 354.941711426, 69.2409286499, 69.1837387085, 35.6391983032, 34.4851570129, 18.7765522003, 9.15757083893, 1.15580332279, 0.0680978372693, 0.000860302185174, 3.560748155e-05, 3.72943463844e-06, 4.80404516168e-09, 4.59430375688e-11, 7.5311291925e-11, 4.18976214833e-10],
        "max": [0.342161029577, 10.7370557785, 59.8746185303, 113.218338013, 393.034423828, 215.040405273, 370.683776855, 683.569702148, 1184.16589355, 1694.99169922, 4839.35888672, 4007.85229492, 3925.03979492, 3208.56054688, 2201.00219727, 1883.97631836, 2453.14331055, 2024.13867188, 3414.81835938, 1390.76489258, 646.35760498, 606.108093262, 566.120117188, 313.243011475, 592.613769531, 183.64805603, 306.349578857, 148.448822021, 194.508255005, 178.896057129, 112.778205872, 45.6629829407, 11.8433380127, 0.901452898979, 0.125045001507, 0.0149194840342, 0.000959655444603, 0.000197425892111, 0.000124662823509, 0.000283908826532],
        "mean": [0.00679928390309, 0.181672513485, 1.50153946877, 3.34395456314, 10.0804891586, 12.1233444214, 18.3160037994, 24.4181079865, 28.6374797821, 40.2608261108, 78.7675857544, 64.390953064, 48.2681846619, 53.8155517578, 52.8070869446, 41.7422485352, 48.2060890198, 51.8079986572, 48.7798461914, 38.7844581604, 29.3168888092, 25.8373374939, 16.7364902496, 12.4119977951, 9.75385856628, 4.90546703339, 3.08493685722, 2.67123150826, 1.76935756207, 0.993773758411, 0.542140483856, 0.192857339978, 0.0682104900479, 0.0289248861372, 0.0154414149001, 0.00251094507985, 8.38713240228e-05, 7.83700033935e-06, 1.47375867527e-05, 3.15282486554e-05],
        "median": [0.00164723792113, 0.0457298383117, 0.454556018114, 1.74869179726, 4.45602941513, 7.06810188293, 11.0116405487, 14.9649391174, 16.1170368195, 17.949256897, 29.3346633911, 24.6738128662, 23.774848938, 21.8803386688, 18.3181381226, 15.9214258194, 14.377655983, 15.9261379242, 20.1257324219, 15.8155889511, 12.664607048, 11.9470720291, 8.96224212646, 5.72726535797, 3.87109279633, 2.33300542831, 1.48474764824, 1.08567154408, 0.646580457687, 0.271475106478, 0.1198438555, 0.0532198175788, 0.0336464345455, 0.0234437659383, 0.0139394439757, 0.00200986745767, 6.54586474411e-05, 6.76237141306e-06, 1.28954307002e-05, 2.76763803413e-05],
        "min": [6.73055417515e-22, 7.65379800258e-21, 1.9994467595e-20, 3.53279372281e-20, 5.89977395369e-20, 3.75927965193e-20, 1.0886686893e-19, 4.09942905064e-19, 2.93590697826e-19, 7.09970722417e-19, 1.66828929226e-18, 2.30196588976e-18, 1.20856164315e-18, 1.52640145083e-18, 1.2528464116e-18, 2.42533057234e-18, 2.70519989476e-18, 4.63304150604e-18, 5.3166897387e-18, 4.79730055054e-18, 7.09552717034e-18, 7.78646451856e-18, 1.40355973251e-17, 1.04474838696e-17, 1.08091346781e-17, 1.34234439671e-17, 2.19307401412e-17, 1.29414110826e-17, 1.74725923272e-17, 1.80042742465e-17, 1.88451827485e-17, 1.18497278887e-17, 1.30917958267e-17, 9.71163475005e-18, 7.94322186208e-18, 5.91483810171e-18, 3.17107008371e-18, 1.22816354892e-18, 2.70699715144e-19, 3.42284720223e-20],
        "var": [0.000406804610975, 0.348362743855, 11.7146663666, 31.6534023285, 326.005371094, 294.442199707, 602.048950195, 1012.87200928, 1991.27075195, 6062.47070312, 30067.7324219, 26552.609375, 11540.0302734, 15360.3623047, 14882.8105469, 7284.37011719, 12803.5634766, 13633.6640625, 15030.4140625, 6184.31591797, 2288.23632812, 1557.40551758, 549.393920898, 405.612091064, 558.729003906, 58.8870391846, 37.3191642761, 36.5527839661, 47.7250976562, 27.9236240387, 12.933350563, 1.30292618275, 0.088034696877, 0.00156873452943, 5.09744349984e-05, 2.61573222815e-06, 3.02563640808e-09, 3.53488349703e-11, 8.23377130366e-11, 3.99492605663e-10]
    },
    "gfcc": {
        "mean": [-33.233379364, 142.864074707, -164.143630981, 15.8440504074, -69.6718826294, -3.10395359993, -43.2072486877, -4.13507461548, -21.0034999847, -11.7297954559, -12.6730728149, -16.3785362244, -0.826440513134],
        "cov": [[2109.36669922, 129.917205811, -640.52911377, 442.534118652, 75.8458633423, -89.3625030518, 240.73991394, -136.138290405, 131.128890991, -58.7202949524, -2.12141656876, -8.58522319794, 32.65858078], [129.917205811, 463.146453857, 332.528137207, -55.4505767822, 62.2723846436, -51.7815132141, -30.0649375916, 9.46246814728, -30.9165477753, -14.234662056, 14.8915510178, -43.5925636292, -8.7134885788], [-640.52911377, 332.528137207, 864.478759766, 35.3210220337, -20.4567928314, 51.8260345459, -165.30581665, 77.788734436, -82.5125350952, 35.2888298035, 9.04565620422, -21.9209518433, -37.835308075], [442.534118652, -55.4505767822, 35.3210220337, 594.371520996, 138.250762939, 18.8229236603, 75.1660919189, 16.8212013245, 55.0065078735, 18.9108562469, -12.0253257751, 23.469587326, 27.6326789856], [75.8458633423, 62.2723846436, -20.4567928314, 138.250762939, 209.938156128, 42.5256538391, 47.60912323, 46.4988288879, 19.3137893677, 8.48375034332, -15.059969902, -0.905772745609, 10.0352334976], [-89.3625030518, -51.7815132141, 51.8260345459, 18.8229236603, 42.5256538391, 200.240280151, 93.5749282837, 25.1235466003, -6.59528541565, 15.5415611267, 14.9676179886, 6.93460464478, -19.117811203], [240.73991394, -30.0649375916, -165.30581665, 75.1660919189, 47.60912323, 93.5749282837, 245.021408081, 32.3373832703, 5.12490224838, -15.6844682693, 31.217918396, 6.45345497131, -16.5713729858], [-136.138290405, 9.46246814728, 77.788734436, 16.8212013245, 46.4988288879, 25.1235466003, 32.3373832703, 137.286849976, 8.96536445618, 8.83064079285, 3.13001155853, 4.78876686096, -13.4826745987], [131.128890991, -30.9165477753, -82.5125350952, 55.0065078735, 19.3137893677, -6.59528541565, 5.12490224838, 8.96536445618, 131.81350708, 33.8975601196, -16.2094898224, -4.17605400085, 9.52554988861], [-58.7202949524, -14.234662056, 35.2888298035, 18.9108562469, 8.48375034332, 15.5415611267, -15.6844682693, 8.83064079285, 33.8975601196, 83.235748291, 12.9944944382, 2.53630304337, 2.72639727592], [-2.12141656876, 14.8915510178, 9.04565620422, -12.0253257751, -15.059969902, 14.9676179886, 31.217918396, 3.13001155853, -16.2094898224, 12.9944944382, 74.583480835, 27.1871128082, -13.3830070496], [-8.58522319794, -43.5925636292, -21.9209518433, 23.469587326, -0.905772745609, 6.93460464478, 6.45345497131, 4.78876686096, -4.17605400085, 2.53630304337, 27.1871128082, 73.3955001831, 19.2782974243], [32.65858078, -8.7134885788, -37.835308075, 27.6326789856, 10.0352334976, -19.117811203, -16.5713729858, -13.4826745987, 9.52554988861, 2.72639727592, -13.3830070496, 19.2782974243, 68.2345733643]],
        "icov": [[0.00235519348644, -0.00472989119589, 0.00411585811526, -0.0032675806433, 0.00333224446513, -0.0019821182359, 0.000967866042629, -8.68358984008e-05, -8.74044271768e-05, -0.00011974748486, 0.0013184545096, -0.0010231223423, 0.001611325657], [-0.00472989119589, 0.0160493645817, -0.0124361906201, 0.00870840065181, -0.0112668322399, 0.00849519204348, -0.00545353908092, 0.00311238714494, -0.00170654128306, 0.00253820815124, -0.00591137679294, 0.0052051730454, -0.00527450954542], [0.00411585811526, -0.0124361906201, 0.0119072208181, -0.00772486720234, 0.00927934516221, -0.00760506652296, 0.00614430243149, -0.00361525081098, 0.00251309969462, -0.00216252543032, 0.00363715738058, -0.00270550628193, 0.00466839596629], [-0.0032675806433, 0.00870840065181, -0.00772486720234, 0.00760689610615, -0.00759882526472, 0.00494249491021, -0.00383688113652, 0.00190788717009, -0.0014964704169, 0.000677456846461, -0.00217945850454, 0.00128067145124, -0.00334784854203], [0.00333224446513, -0.0112668322399, 0.00927934516221, -0.00759882526472, 0.0145611800253, -0.00728080328554, 0.00390705699101, -0.00448500178754, 0.00158072635531, -0.00215035420842, 0.0051548066549, -0.00274411286227, 0.00272170919925], [-0.0019821182359, 0.00849519204348, -0.00760506652296, 0.00494249491021, -0.00728080328554, 0.0123098632321, -0.00721525400877, 0.00302863679826, -0.00112483720295, -0.000311330077238, -0.00194143387489, 0.0011691293912, -0.00136069394648], [0.000967866042629, -0.00545353908092, 0.00614430243149, -0.00383688113652, 0.00390705699101, -0.00721525400877, 0.010742738843, -0.00409903330728, 0.00148020882625, 0.00102148880251, -0.00179087382276, 7.50541075831e-05, 0.0023840602953], [-8.68358984008e-05, 0.00311238714494, -0.00361525081098, 0.00190788717009, -0.00448500178754, 0.00302863679826, -0.00409903330728, 0.0109585784376, -0.00226376974024, 0.000489603669848, -0.000274220656138, -0.000804348150268, 0.000809709425084], [-8.74044271768e-05, -0.00170654128306, 0.00251309969462, -0.0014964704169, 0.00158072635531, -0.00112483720295, 0.00148020882625, -0.00226376974024, 0.0110748670995, -0.00556137552485, 0.00338184367865, -0.000237930158619, 0.000594631826971], [-0.00011974748486, 0.00253820815124, -0.00216252543032, 0.000677456846461, -0.00215035420842, -0.000311330077238, 0.00102148880251, 0.000489603669848, -0.00556137552485, 0.0168242976069, -0.00650945911184, 0.00266761216335, -0.00244442140684], [0.0013184545096, -0.00591137679294, 0.00363715738058, -0.00217945850454, 0.0051548066549, -0.00194143387489, -0.00179087382276, -0.000274220656138, 0.00338184367865, -0.00650945911184, 0.0233084112406, -0.0112766511738, 0.00726778572425], [-0.0010231223423, 0.0052051730454, -0.00270550628193, 0.00128067145124, -0.00274411286227, 0.0011691293912, 7.50541075831e-05, -0.000804348150268, -0.000237930158619, 0.00266761216335, -0.0112766511738, 0.021629344672, -0.00867000501603], [0.001611325657, -0.00527450954542, 0.00466839596629, -0.00334784854203, 0.00272170919925, -0.00136069394648, 0.0023840602953, 0.000809709425084, 0.000594631826971, -0.00244442140684, 0.00726778572425, -0.00867000501603, 0.0210020076483]]
    },
    "melbands": {
        "dmean": [9.35509669944e-05, 0.000400710530812, 0.000475533743156, 0.000525730254594, 0.000320902123349, 0.000278576917481, 0.000219157795073, 0.000257483916357, 0.000332357623847, 0.000204041731195, 0.000127895458718, 0.0001080037473, 9.22710969462e-05, 5.72478056711e-05, 4.78675501654e-05, 6.03551343374e-05, 5.10400859639e-05, 4.14419737353e-05, 2.98231698252e-05, 2.58199779637e-05, 1.61483276315e-05, 1.40137071867e-05, 1.1651773093e-05, 5.68002587897e-06, 4.92674689667e-06, 4.47021966465e-06, 2.28567250815e-06, 1.50057178416e-06, 1.00071031284e-06, 8.65245056048e-07, 7.45430838833e-07, 5.69642338633e-07, 4.03542912863e-07, 2.86279174588e-07, 1.99345109309e-07, 1.07835866459e-07, 5.03474986147e-08, 2.52492107222e-08, 1.15042135818e-08, 6.79353018285e-09],
        "dmean2": [0.000153706234414, 0.000663588114548, 0.000814539263956, 0.000919858634006, 0.000515977502801, 0.000452525535366, 0.000342205690686, 0.000394699891331, 0.000516273372341, 0.000313271768391, 0.000202081879252, 0.000164388882695, 0.000141755052027, 8.93207616173e-05, 7.43904092815e-05, 9.22847102629e-05, 7.80229311204e-05, 6.50553556625e-05, 4.60861738247e-05, 4.07226980315e-05, 2.61012264673e-05, 2.24049417739e-05, 1.87066016224e-05, 9.12048926693e-06, 7.81241215009e-06, 7.0997716648e-06, 3.68620726476e-06, 2.43081149165e-06, 1.63081574556e-06, 1.36228345582e-06, 1.15373245535e-06, 8.85034467046e-07, 6.02145007633e-07, 4.22579489623e-07, 2.79072878584e-07, 1.59849136594e-07, 7.56822302606e-08, 3.74661190961e-08, 1.80282295759e-08, 1.12646239003e-08],
        "dvar": [1.43807170616e-07, 1.97181270778e-06, 1.3429273622e-06, 1.60243359915e-06, 2.84388391947e-07, 2.68050087016e-07, 1.91249682757e-07, 4.82114614897e-07, 1.20544655147e-06, 4.11737772765e-07, 1.38830600349e-07, 6.5522513637e-08, 6.65735768735e-08, 1.65395679375e-08, 1.51969246076e-08, 2.7946569503e-08, 1.75016161563e-08, 1.31473827381e-08, 6.45565245705e-09, 4.56222215561e-09, 1.02959352155e-09, 9.1683011183e-10, 6.11003081463e-10, 1.7487648829e-10, 1.34706301669e-10, 1.73022943195e-10, 2.77048488317e-11, 1.26462017941e-11, 1.47572388337e-11, 7.78190879791e-12, 5.92706005803e-12, 7.04901458384e-12, 6.10514460167e-12, 3.92741004648e-12, 2.46998255182e-12, 9.2714486262e-13, 1.46356437711e-13, 4.08636239267e-14, 2.10056208809e-15, 1.38417015573e-16],
        "dvar2": [3.56522235734e-07, 5.1134647947e-06, 3.73108423446e-06, 4.62341540697e-06, 7.01595752162e-07, 7.09080893557e-07, 4.37287781097e-07, 1.17321292237e-06, 2.79963001049e-06, 9.1297289373e-07, 2.86554723061e-07, 1.2743369382e-07, 1.47788583149e-07, 3.5857528502e-08, 3.04432106191e-08, 5.99601435169e-08, 3.58331995187e-08, 2.82920602501e-08, 1.40793154912e-08, 9.97136151426e-09, 2.50129139623e-09, 2.17425077942e-09, 1.5362764394e-09, 4.2989475868e-10, 3.15228093628e-10, 3.92280208317e-10, 6.4625325924e-11, 3.23335698493e-11, 3.79624803815e-11, 1.77114035244e-11, 1.29721511311e-11, 1.5224040778e-11, 1.29733368145e-11, 7.61251825465e-12, 4.92133373983e-12, 2.2111574724e-12, 2.9195789124e-13, 8.4514297958e-14, 4.09930361615e-15, 2.9432602913e-16],
        "max": [0.00603613443673, 0.0233366284519, 0.0230264086276, 0.0236087664962, 0.0106587884948, 0.0150980884209, 0.015565619804, 0.0195073634386, 0.0355075635016, 0.0216308683157, 0.0192456804216, 0.0119077246636, 0.00919462554157, 0.00406031636521, 0.00531559903175, 0.00446102535352, 0.00350110582076, 0.00567976711318, 0.00285186711699, 0.00225369399413, 0.000726355880033, 0.000883381115273, 0.000562911620364, 0.000382843485568, 0.000299316307064, 0.000683488615323, 0.000189439742826, 0.000124243670143, 0.000222117872909, 0.000109738073661, 8.08925033198e-05, 0.000109964887088, 0.000160214607604, 0.000105039471237, 7.89387486293e-05, 6.20439313934e-05, 2.19196244871e-05, 1.28936735564e-05, 1.78120194505e-06, 5.35917138222e-07],
        "mean": [0.000105198589154, 0.000594250624999, 0.000787874043453, 0.000830693519674, 0.000625910935923, 0.000554002996068, 0.000424343830673, 0.00049149536062, 0.00063548568869, 0.00036967403139, 0.000232686943491, 0.000215763415326, 0.000187803962035, 0.000114551010483, 9.38736338867e-05, 0.000113584392238, 9.20634338399e-05, 7.80685659265e-05, 5.47357303731e-05, 4.87480792799e-05, 3.31013652612e-05, 2.79274754575e-05, 2.2501397325e-05, 1.12048492156e-05, 9.72812722466e-06, 8.73126737133e-06, 4.51393134426e-06, 2.90024036076e-06, 1.94591757463e-06, 1.6906011524e-06, 1.50548692091e-06, 1.08178596747e-06, 6.88905231527e-07, 4.95643462273e-07, 3.44922881368e-07, 1.82046591135e-07, 9.08145665335e-08, 5.02523924695e-08, 3.01326394947e-08, 2.26147953697e-08],
        "median": [2.45540923061e-05, 0.000177078618435, 0.000426092883572, 0.000457171525341, 0.000389698252548, 0.000343260791851, 0.000232541147852, 0.000209720252315, 0.000227894895943, 0.000134060712298, 0.000108913045551, 8.03943912615e-05, 5.35368453711e-05, 4.15868234995e-05, 3.16306359309e-05, 2.70403797913e-05, 2.67524337687e-05, 2.89814252028e-05, 2.23707847908e-05, 1.73193548108e-05, 1.36900716825e-05, 1.16520268421e-05, 1.06755223896e-05, 5.29523094883e-06, 3.9740803004e-06, 2.94394521916e-06, 1.89985360066e-06, 1.31054014219e-06, 8.47664921366e-07, 7.26520681837e-07, 5.50406639377e-07, 3.89746219298e-07, 2.00194705258e-07, 1.14211651692e-07, 6.98361404261e-08, 4.37090328376e-08, 2.67704436396e-08, 2.24311342834e-08, 2.05125765262e-08, 1.94078975113e-08],
        "min": [7.62779585973e-24, 1.0607554635e-23, 7.41289989395e-24, 3.41648439974e-24, 3.51341410575e-24, 1.02002089516e-23, 5.20157131532e-24, 8.18072582314e-24, 1.56870686579e-23, 1.46797358804e-23, 5.90769096678e-24, 6.13069484494e-24, 3.36258902826e-24, 5.05138837062e-24, 6.44088718021e-24, 7.54698179315e-24, 8.55467902437e-24, 8.3150002044e-24, 6.03699315775e-24, 8.36231923693e-24, 7.53741527695e-24, 7.78498507256e-24, 1.00916624799e-23, 1.28988374218e-23, 7.67010641438e-24, 7.56768544761e-24, 7.1180394648e-24, 7.45608923965e-24, 1.42861794857e-23, 8.77624559796e-24, 6.87209866696e-24, 9.00775339667e-24, 8.70787029014e-24, 8.84786943499e-24, 7.98594186614e-24, 1.01329175387e-23, 6.43625893328e-24, 9.54763402299e-24, 7.09714569486e-24, 7.52086181972e-24],
        "var": [1.30724870928e-07, 2.02101750801e-06, 1.54148858655e-06, 1.54724750701e-06, 6.39195832264e-07, 5.09429639806e-07, 4.39431374843e-07, 8.86961174729e-07, 2.0546867745e-06, 8.74175100307e-07, 2.89857297275e-07, 2.79384977375e-07, 2.48095204824e-07, 5.55356507448e-08, 4.89855658259e-08, 8.03008006756e-08, 4.73886814234e-08, 4.52862103373e-08, 1.43653231532e-08, 1.33266278013e-08, 2.99653768465e-09, 2.30932006851e-09, 1.32083755044e-09, 3.30922456104e-10, 3.0986696542e-10, 6.2803190426e-10, 6.50148754278e-11, 2.31831030068e-11, 1.7459939744e-11, 1.27862000501e-11, 1.34131733498e-11, 1.61289263195e-11, 1.33851575657e-11, 8.66408333966e-12, 5.83720745351e-12, 1.51498323435e-12, 2.84628494818e-13, 6.74691286997e-14, 5.84790869158e-15, 3.90170692318e-16]
    },
    "mfcc": {
        "mean": [-658.616149902, 163.404006958, -35.1811103821, 12.740272522, -11.0906257629, -5.70623874664, -13.9053010941, -5.66017389297, -4.4046216011, -6.63285255432, -4.01282501221, -6.81105470657, -6.55533456802],
        "cov": [[2143.44750977, -386.9815979, -696.730957031, 468.312011719, -218.423065186, 267.88293457, -46.2156448364, 143.869796753, 57.249256134, 99.6067352295, -14.1442623138, -15.6038913727, -49.9404182434], [-386.9815979, 654.867736816, 265.496673584, -127.689102173, 88.3767089844, -125.751457214, 32.851020813, -69.6251068115, -20.4943599701, -59.7055664062, 31.8367042542, -1.11309087276, 5.12457799911], [-696.730957031, 265.496673584, 739.075683594, 23.7280712128, 143.782501221, -41.3460044861, 29.8697128296, -53.1378517151, -47.8948287964, -11.2176370621, -23.186000824, 21.1004524231, 53.9514312744], [468.312011719, -127.689102173, 23.7280712128, 465.718536377, 104.527427673, 66.4205093384, 15.2451581955, 45.4845466614, 52.1763458252, 49.231967926, -35.5760612488, 0.0269402246922, 32.4810333252], [-218.423065186, 88.3767089844, 143.782501221, 104.527427673, 232.499938965, 1.83454596996, -13.7035512924, -14.3134832382, 38.2362747192, 16.5142059326, -13.0611085892, 0.24391117692, 25.2094421387], [267.88293457, -125.751457214, -41.3460044861, 66.4205093384, 1.83454596996, 197.040390015, 51.6593589783, 38.2340240479, 27.8893070221, 40.166885376, 9.6125202179, 12.0040950775, -10.3542318344], [-46.2156448364, 32.851020813, 29.8697128296, 15.2451581955, -13.7035512924, 51.6593589783, 212.374938965, 84.4482192993, -3.04262399673, 14.8870687485, 18.6844158173, 23.5945262909, 5.39423179626], [143.869796753, -69.6251068115, -53.1378517151, 45.4845466614, -14.3134832382, 38.2340240479, 84.4482192993, 149.374557495, 30.5925369263, 14.4395885468, 29.856502533, 20.8319168091, 6.09413480759], [57.249256134, -20.4943599701, -47.8948287964, 52.1763458252, 38.2362747192, 27.8893070221, -3.04262399673, 30.5925369263, 110.566444397, 47.0496177673, 0.169313579798, 3.13819003105, 1.21189260483], [99.6067352295, -59.7055664062, -11.2176370621, 49.231967926, 16.5142059326, 40.166885376, 14.8870687485, 14.4395885468, 47.0496177673, 106.125595093, 18.1109962463, 3.01610636711, 6.30931949615], [-14.1442623138, 31.8367042542, -23.186000824, -35.5760612488, -13.0611085892, 9.6125202179, 18.6844158173, 29.856502533, 0.169313579798, 18.1109962463, 97.261428833, 34.4385719299, -8.68735313416], [-15.6038913727, -1.11309087276, 21.1004524231, 0.0269402246922, 0.24391117692, 12.0040950775, 23.5945262909, 20.8319168091, 3.13819003105, 3.01610636711, 34.4385719299, 73.8598861694, 25.2440853119], [-49.9404182434, 5.12457799911, 53.9514312744, 32.4810333252, 25.2094421387, -10.3542318344, 5.39423179626, 6.09413480759, 1.21189260483, 6.30931949615, -8.68735313416, 25.2440853119, 72.2342453003]],
