{
"lowlevel": {
    "average_loudness": 0.63214558363,
    "barkbands_crest": {
        "dmean": 2.32155823708,
        "dmean2": 3.81591916084,
        "dvar": 4.85479021072,
        "dvar2": 12.4721889496,
        "max": 25.3001785278,
        "mean": 8.62221336365,
        "median": 7.44828414917,
        "min": 2.43414640427,
        "var": 14.4832191467
    },
    "barkbands_flatness_db": {
        "dmean": 0.0176409520209,
        "dmean2": 0.0279095396399,
        "dvar": 0.000266506249318,
        "dvar2": 0.000611439289059,
        "max": 0.340923607349,
        "mean": 0.133692130446,
        "median": 0.128994166851,
        "min": 0.037259273231,
        "var": 0.00191296578851
    },
    "barkbands_kurtosis": {
        "dmean": 1.44257497787,
        "dmean2": 2.33976364136,
        "dvar": 7.81590175629,
        "dvar2": 20.5580005646,
        "max": 94.9529647827,
        "mean": 1.9356123209,
        "median": 0.946062326431,
        "min": -1.88410568237,
        "var": 15.5818691254
    },
    "barkbands_skewness": {
        "dmean": 0.376567393541,
        "dmean2": 0.590777397156,
        "dvar": 0.14633153379,
        "dvar2": 0.33798968792,
        "max": 8.4960603714,
        "mean": 0.618918001652,
        "median": 0.682782411575,
        "min": -2.37805438042,
        "var": 1.3054921627
    },
    "barkbands_spread": {
        "dmean": 4.45857000351,
        "dmean2": 6.95751619339,
        "dvar": 26.7751121521,
        "dvar2": 60.7087135315,
        "max": 99.3856735229,
        "mean": 19.5301074982,
        "median": 17.9663696289,
        "min": 1.36142611504,
        "var": 101.301567078
    },
    "dissonance": {
        "dmean": 0.0217048339546,
        "dmean2": 0.0367589332163,
        "dvar": 0.00047364513739,
        "dvar2": 0.00131427496672,
        "max": 0.500000059605,
        "mean": 0.461818307638,
        "median": 0.470305383205,
        "min": 0.250098347664,
        "var": 0.00109312974382
    },
    "dynamic_complexity": 3.85455465317,
    "erbbands_crest": {
        "dmean": 2.751070261,
        "dmean2": 4.52862548828,
        "dvar": 7.5998339653,
        "dvar2": 18.5949001312,
        "max": 30.9144878387,
        "mean": 9.53785228729,
        "median": 8.36506271362,
        "min": 2.4928958416,
        "var": 24.8207244873
    },
    "erbbands_flatness_db": {
        "dmean": 0.016735997051,
        "dmean2": 0.0247573927045,
        "dvar": 0.000248935539275,
        "dvar2": 0.000482620496769,
        "max": 0.369452118874,
        "mean": 0.183149024844,
        "median": 0.181919842958,
        "min": 0.0776462256908,
        "var": 0.00273950421251
    },
    "erbbands_kurtosis": {
        "dmean": 0.928673088551,
        "dmean2": 1.51029789448,
        "dvar": 1.72555923462,
        "dvar2": 4.44950294495,
        "max": 39.4898757935,
        "mean": 0.763442456722,
        "median": 0.270725250244,
        "min": -1.76692724228,
        "var": 3.94883084297
    },
    "erbbands_skewness": {
        "dmean": 0.336507201195,
        "dmean2": 0.535797536373,
        "dvar": 0.095365062356,
        "dvar2": 0.233821764588,
        "max": 5.13248825073,
        "mean": 0.468317717314,
        "median": 0.466940760612,
        "min": -2.53366684914,
        "var": 0.478479146957
    },
    "erbbands_spread": {
        "dmean": 5.92548465729,
        "dmean2": 9.08337497711,
        "dvar": 48.2586708069,
        "dvar2": 104.394058228,
        "max": 120.652336121,
        "mean": 28.1917610168,
        "median": 26.090681076,
        "min": 2.65919232368,
        "var": 191.250793457
    },
    "hfc": {
        "dmean": 5.34111404419,
        "dmean2": 7.01220321655,
        "dvar": 57.251285553,
        "dvar2": 94.5185775757,
        "max": 125.102470398,
        "mean": 17.716545105,
        "median": 11.7821865082,
        "min": 1.0213427325e-16,
        "var": 332.819091797
    },
    "melbands_crest": {
        "dmean": 2.89004063606,
        "dmean2": 4.77069377899,
        "dvar": 7.55966711044,
        "dvar2": 19.5070095062,
        "max": 30.7051067352,
        "mean": 10.4338912964,
        "median": 9.70620250702,
        "min": 1.02689039707,
        "var": 27.7921257019
    },
    "melbands_flatness_db": {
        "dmean": 0.0191013645381,
        "dmean2": 0.0297995079309,
        "dvar": 0.000401387689635,
        "dvar2": 0.000910774979275,
        "max": 0.437619686127,
        "mean": 0.150809690356,
        "median": 0.152824625373,
        "min": 1.35914096973e-05,
        "var": 0.00498929945752
    },
    "melbands_kurtosis": {
        "dmean": 2.57828187943,
        "dmean2": 4.09083223343,
        "dvar": 27.7951526642,
        "dvar2": 69.2351608276,
        "max": 144.741363525,
        "mean": 4.22100400925,
        "median": 2.09568047523,
        "min": -1.7860159874,
        "var": 62.6192245483
    },
    "melbands_skewness": {
        "dmean": 0.456172943115,
        "dmean2": 0.704872906208,
        "dvar": 0.238659396768,
        "dvar2": 0.53328704834,
        "max": 9.42439746857,
        "mean": 1.27051377296,
        "median": 1.11331772804,
        "min": -1.20146095753,
        "var": 1.1966714859
    },
    "melbands_spread": {
        "dmean": 6.92635393143,
        "dmean2": 11.1772012711,
        "dvar": 62.1413154602,
        "dvar2": 151.809204102,
        "max": 206.752853394,
        "mean": 36.2739448547,
        "median": 25.0931968689,
        "min": 1.05895066261,
        "var": 1225.07299805
    },
    "pitch_salience": {
        "dmean": 0.0578999519348,
        "dmean2": 0.0950602069497,
        "dvar": 0.00285445270129,
        "dvar2": 0.00749870948493,
        "max": 0.997663259506,
        "mean": 0.603742480278,
        "median": 0.594752073288,
        "min": 0.130676180124,
        "var": 0.0154022723436
    },
    "silence_rate_20dB": {
        "dmean": 0,
        "dmean2": 0,
        "dvar": 0,
        "dvar2": 0,
        "max": 1,
        "mean": 1,
        "median": 1,
        "min": 1,
        "var": 0
    },
    "silence_rate_30dB": {
        "dmean": 0.00106123310979,
        "dmean2": 0.00212269159965,
        "dvar": 0.00106001202948,
        "dvar2": 0.00233013671823,
        "max": 1,
        "mean": 0.998620569706,
        "median": 1,
        "min": 0,
        "var": 0.00137755763717
    },
    "silence_rate_60dB": {
        "dmean": 0.0237716231495,
        "dmean2": 0.0475482903421,
        "dvar": 0.0232060179114,
        "dvar2": 0.0537761226296,
        "max": 1,
        "mean": 0.212436333299,
        "median": 0,
        "min": 0,
        "var": 0.167291030288
    },
    "spectral_centroid": {
        "dmean": 237.33052063,
        "dmean2": 378.889007568,
        "dvar": 68371.3671875,
        "dvar2": 160070.84375,
        "max": 11781.2919922,
        "mean": 2436.24682617,
        "median": 1500.27148438,
        "min": 267.20803833,
        "var": 8713792
    },
    "spectral_complexity": {
        "dmean": 2.68428301811,
        "dmean2": 4.01613235474,
        "dvar": 8.42458438873,
        "dvar2": 16.9202289581,
        "max": 48,
        "mean": 16.2082977295,
        "median": 16,
        "min": 0,
        "var": 103.073707581
    },
    "spectral_decrease": {
        "dmean": 1.47279055618e-09,
        "dmean2": 2.09348294256e-09,
        "dvar": 4.50880642266e-18,
        "dvar2": 9.03967871534e-18,
        "max": 2.24058404536e-28,
        "mean": -4.35351221739e-09,
        "median": -3.01689473403e-09,
        "min": -4.87333480237e-08,
        "var": 1.96325313058e-17
    },
    "spectral_energy": {
        "dmean": 0.00596842821687,
        "dmean2": 0.00841597374529,
        "dvar": 7.28021768737e-05,
        "dvar2": 0.000143021417898,
        "max": 0.192670404911,
        "mean": 0.0180381704122,
        "median": 0.0126242432743,
        "min": 9.70077759738e-21,
        "var": 0.000329949281877
    },
    "spectral_energyband_high": {
        "dmean": 0.00022155836632,
        "dmean2": 0.000313297321554,
        "dvar": 2.37808990278e-07,
        "dvar2": 4.86506110065e-07,
        "max": 0.0174684599042,
        "mean": 0.000510421115905,
        "median": 0.000212043029023,
        "min": 6.97860132627e-21,
        "var": 7.67524511502e-07
    },
    "spectral_energyband_low": {
        "dmean": 0.00114197633229,
        "dmean2": 0.00184093718417,
        "dvar": 8.39041604195e-06,
        "dvar2": 2.29332563322e-05,
        "max": 0.0529969669878,
        "mean": 0.0018688053824,
        "median": 0.000522283546161,
        "min": 7.93381157094e-24,
        "var": 1.14745607789e-05
    },
    "spectral_energyband_middle_high": {
        "dmean": 0.00237145530991,
        "dmean2": 0.00327680609189,
        "dvar": 1.66479148902e-05,
        "dvar2": 3.12032134389e-05,
        "max": 0.0984240844846,
        "mean": 0.00671090371907,
        "median": 0.00342609500512,
        "min": 9.87129595312e-22,
        "var": 7.98747278168e-05
    },
    "spectral_energyband_middle_low": {
        "dmean": 0.00427885958925,
        "dmean2": 0.00638645514846,
        "dvar": 4.8548765335e-05,
        "dvar2": 0.000105790852103,
        "max": 0.136844009161,
        "mean": 0.00973938219249,
        "median": 0.00544587336481,
        "min": 1.2203743837e-22,
        "var": 0.00015134109708
    },
    "spectral_entropy": {
        "dmean": 0.126940980554,
        "dmean2": 0.189829438925,
        "dvar": 0.020043451339,
        "dvar2": 0.04060883075,
        "max": 9.82995033264,
        "mean": 7.77572631836,
        "median": 7.63654899597,
        "min": 6.07670021057,
        "var": 0.593522548676
    },
    "spectral_flux": {
        "dmean": 0.0171630773693,
        "dmean2": 0.0266961995512,
        "dvar": 0.000422174256528,
        "dvar2": 0.000961837533396,
        "max": 0.366051733494,
        "mean": 0.0683480724692,
        "median": 0.0643922835588,
        "min": 6.31874136348e-11,
        "var": 0.00205117324367
    },
    "spectral_kurtosis": {
        "dmean": 1.4322218895,
        "dmean2": 2.45381879807,
        "dvar": 2.71585679054,
        "dvar2": 7.99396038055,
        "max": 25.4593296051,
        "mean": 4.12538480759,
        "median": 3.97657084465,
        "min": -1.28776180744,
        "var": 9.59495258331
    },
    "spectral_rms": {
        "dmean": 0.000612782023381,
        "dmean2": 0.000842186098453,
        "dvar": 5.23168182553e-07,
        "dvar2": 9.21043522339e-07,
        "max": 0.0137102557346,
        "mean": 0.00358228688128,
        "median": 0.00350946350954,
        "min": 3.07638962048e-12,
        "var": 4.76537570648e-06
    },
    "spectral_rolloff": {
        "dmean": 436.130371094,
        "dmean2": 730.936767578,
        "dvar": 578294.625,
        "dvar2": 1347987.875,
        "max": 19875.1464844,
        "mean": 3472.10644531,
        "median": 1593.45703125,
        "min": 86.1328125,
        "var": 28127204
    },
    "spectral_skewness": {
        "dmean": 0.18899717927,
        "dmean2": 0.313295245171,
        "dvar": 0.0359523408115,
        "dvar2": 0.095985352993,
        "max": 3.75923013687,
        "mean": 1.41495549679,
        "median": 1.50316894054,
        "min": -0.11508025229,
        "var": 0.359617829323
    },
    "spectral_spread": {
        "dmean": 475749.5,
        "dmean2": 697634.5,
        "dvar": 503712645120,
        "dvar2": 1.02036871578e+12,
        "max": 43507792,
        "mean": 7726460.5,
        "median": 3801398,
        "min": 1536628.125,
        "var": 1.25307910619e+14
    },
    "spectral_strongpeak": {
        "dmean": 0.657476961613,
        "dmean2": 1.06631469727,
        "dvar": 0.731837809086,
        "dvar2": 1.7402677536,
        "max": 11.9502363205,
        "mean": 1.28088092804,
        "median": 0.776076674461,
        "min": 0,
        "var": 2.09212517738
    },
    "zerocrossingrate": {
        "dmean": 0.00894073396921,
        "dmean2": 0.0112633770332,
        "dvar": 0.000153136497829,
        "dvar2": 0.000197802204639,
        "max": 0.81005859375,
        "mean": 0.111604340374,
        "median": 0.06591796875,
        "min": 0.0048828125,
        "var": 0.0183024294674
    },
    "barkbands": {
        "dmean": [2.34677554545e-05, 0.000879151688423, 0.000323663029121, 0.000447421421995, 0.00106303533539, 0.000890715629794, 0.000728461134713, 0.000899938226212, 0.00159071071539, 0.00136614614166, 0.000495190150104, 0.000545551709365, 0.000423884863267, 0.000556055863854, 0.000284681766061, 0.000193602201762, 0.000153217435582, 0.000131073815282, 0.000156184032676, 8.80459192558e-05, 6.1247163103e-05, 6.29528076388e-05, 3.14177195833e-05, 4.31691514677e-05, 1.28297597257e-05, 2.53000143857e-05, 8.26806356713e-09],
        "dmean2": [3.86241044907e-05, 0.00147965713404, 0.000516546657309, 0.000733177817892, 0.00168068346102, 0.00140208320227, 0.001134607126, 0.00138418504503, 0.00247233291157, 0.00210727984086, 0.000772752624471, 0.00084555032663, 0.000661893573124, 0.000852768367622, 0.000439295370597, 0.000300707964925, 0.000235219107708, 0.00020205337205, 0.000237021726207, 0.000135225185659, 9.61386685958e-05, 9.61715632002e-05, 4.69870719826e-05, 6.45884283585e-05, 1.88471276488e-05, 3.91067296732e-05, 1.45019569686e-08],
        "dvar": [3.32624883193e-09, 5.8216155594e-06, 7.87953581494e-07, 1.982654112e-06, 7.42219981476e-06, 4.08429832532e-06, 3.97321855417e-06, 6.75635783409e-06, 1.46536258399e-05, 1.30998578243e-05, 1.30598527903e-06, 1.35840332405e-06, 1.13789883471e-06, 1.76575122168e-06, 5.95947881266e-07, 2.3231166324e-07, 9.09315787112e-08, 6.38637800421e-08, 9.80095720138e-08, 2.97603275357e-08, 1.76198931001e-08, 3.48994859678e-08, 1.18448681974e-08, 1.74869771996e-08, 1.04509711996e-09, 1.32123378904e-08, 2.50470712998e-15],
        "dvar2": [8.26063573101e-09, 1.70093062479e-05, 1.89732111266e-06, 4.80425478599e-06, 1.76099038072e-05, 9.84973758023e-06, 8.83171742316e-06, 1.37968181662e-05, 3.32272502419e-05, 2.917227539e-05, 3.01983504869e-06, 3.06631181957e-06, 2.55350414591e-06, 3.6381627524e-06, 1.27537464323e-06, 5.18738715982e-07, 2.09848366239e-07, 1.5304786416e-07, 2.18807457486e-07, 6.35205665844e-08, 4.03738873445e-08, 7.54538689307e-08, 2.76992384585e-08, 4.0129005896e-08, 2.42719888632e-09, 3.28382796511e-08, 6.7463120695e-15],
        "max": [0.00148803857155, 0.0394954308867, 0.0183682404459, 0.032259106636, 0.0661758631468, 0.06234504655, 0.0572082288563, 0.0861024111509, 0.120654188097, 0.0885687842965, 0.0231819394976, 0.0279898010194, 0.0298896878958, 0.0350592508912, 0.0233996007591, 0.0199485290796, 0.00611048704013, 0.00690699368715, 0.0112720588222, 0.00499230483547, 0.00348854763433, 0.0067525296472, 0.00746466079727, 0.00427108258009, 0.000995757523924, 0.0026687271893, 1.82462554221e-06],
        "mean": [3.11249677907e-05, 0.00126615923364, 0.000424477766501, 0.000519549241289, 0.00158115255181, 0.00153284356929, 0.00109044194687, 0.00133782275952, 0.00253506377339, 0.00219845538959, 0.000780345464591, 0.000925263448153, 0.000661134545226, 0.000935825693887, 0.000459536822746, 0.000337657314958, 0.000279893632978, 0.000242900568992, 0.000300106417853, 0.000178876929567, 0.000119548523799, 0.00010858441965, 6.4653577283e-05, 7.35015273676e-05, 2.58059881162e-05, 2.73755449598e-05, 6.24221518919e-09],
        "median": [4.95455424243e-06, 0.000170182989677, 7.93780927779e-05, 0.000127708248328, 0.000572675315198, 0.000500145892147, 0.000243988703005, 0.000310155563056, 0.000530580873601, 0.000431197986472, 0.000239153800067, 0.000275546626654, 0.000165977719007, 0.000238206615904, 0.000153482396854, 0.000111364381155, 0.000104293052573, 9.44887433434e-05, 0.000126123442897, 7.77005043346e-05, 4.89334961458e-05, 3.7105386582e-05, 2.27816726692e-05, 1.79444468813e-05, 8.16038664198e-06, 2.87691773337e-06, 2.89315599256e-10],
        "min": [1.87346206602e-25, 1.38663869578e-24, 9.13405155602e-26, 6.90592502258e-25, 5.1781247915e-24, 2.44675819933e-24, 4.98571057266e-24, 2.77673634941e-24, 8.04869338457e-24, 6.37880343254e-24, 5.63586606492e-24, 1.31778756678e-23, 1.75615173424e-23, 2.49211651809e-23, 3.19094961914e-23, 3.75769222145e-23, 4.08524872632e-23, 5.82644144898e-23, 9.48281426904e-23, 1.38319085692e-22, 1.96231990073e-22, 2.95290957881e-22, 3.42532442237e-22, 5.39320143797e-22, 7.67650820995e-22, 1.1224447113e-21, 1.73366252152e-21],
        "var": [4.67977834262e-09, 6.65097604724e-06, 9.60262241279e-07, 2.10563348446e-06, 1.18863099487e-05, 1.04969167296e-05, 7.98724249762e-06, 1.3413956367e-05, 3.48158391716e-05, 3.47712921211e-05, 2.66653933068e-06, 3.57340650226e-06, 2.37173208006e-06, 4.48525634056e-06, 1.30654086661e-06, 5.87323597756e-07, 2.26986827556e-07, 1.59564365276e-07, 2.46554975547e-07, 8.19348429104e-08, 4.16197849518e-08, 7.22438713296e-08, 2.75821090412e-08, 3.73888759952e-08, 2.97892199796e-09, 1.24136230184e-08, 1.84503130615e-15]
    },
    "erbbands": {
        "dmean": [0.0205173939466, 0.217158555984, 0.418713241816, 0.765942513943, 3.09994602203, 3.7551510334, 4.390209198, 8.45294189453, 10.900885582, 11.9890470505, 23.2403469086, 35.9065704346, 48.9222679138, 19.9037284851, 19.6142654419, 22.3985099792, 17.9549732208, 26.1566486359, 17.0005016327, 14.4975147247, 8.5319519043, 7.82837629318, 6.28733539581, 9.49712848663, 5.44986009598, 3.98894524574, 3.04962706566, 1.98495137691, 2.40843248367, 1.55211281776, 0.918228447437, 1.21284151077, 0.429655432701, 0.164051935077, 0.0945321917534, 0.205917626619, 0.0179344769567, 0.000435672554886, 1.99603855435e-05, 8.29106556921e-06],
        "dmean2": [0.0331539995968, 0.366810262203, 0.664612174034, 1.25011360645, 5.00633716583, 6.04236078262, 6.90559577942, 13.4147005081, 16.9274997711, 18.2615947723, 35.3210716248, 55.3391532898, 75.8229827881, 30.4824581146, 30.7219676971, 34.1683807373, 27.4382972717, 39.6538543701, 25.7820053101, 22.1695270538, 12.9581651688, 11.8946142197, 9.59610843658, 14.6353750229, 8.22594928741, 6.09211397171, 4.7828373909, 3.01543235779, 3.68824839592, 2.34264779091, 1.36329519749, 1.85869753361, 0.623442649841, 0.244198486209, 0.139081478119, 0.321024179459, 0.0268853716552, 0.000649922003504, 2.91328578896e-05, 1.15883804028e-05],
        "dvar": [0.00271495594643, 0.39095300436, 1.4774774313, 4.8251414299, 87.4277801514, 110.920455933, 93.4083633423, 468.227355957, 1000.00476074, 1619.44348145, 3778.8046875, 8647.55175781, 15302.3486328, 2474.58251953, 1931.04614258, 2496.14672852, 1828.58642578, 3842.68017578, 1663.50756836, 1830.69824219, 318.865020752, 247.253555298, 146.256729126, 370.956390381, 117.820716858, 60.1959838867, 52.4762496948, 17.529258728, 47.7951660156, 31.3832321167, 6.99084281921, 15.7574501038, 3.05210018158, 0.226368412375, 0.0605816841125, 0.907555580139, 0.00513083813712, 2.99139060189e-06, 5.260079039e-09, 1.54654247742e-10],
        "dvar2": [0.00728939753026, 1.13154637814, 3.51403141022, 12.0778007507, 199.060043335, 279.187683105, 221.289352417, 1142.40466309, 2223.96606445, 3615.27392578, 7657.58007812, 20365.4921875, 35172.1914062, 5603.46337891, 4694.796875, 5483.55664062, 3993.578125, 8175.45996094, 3459.83325195, 3838.09814453, 701.780517578, 558.692504883, 330.637268066, 872.048950195, 242.501373291, 134.008560181, 122.413490295, 36.5632476807, 107.590156555, 64.5225296021, 15.5765714645, 37.6213760376, 6.46527099609, 0.532559037209, 0.138449683785, 2.27523899078, 0.0122137209401, 6.90133538228e-06, 1.24982371119e-08, 3.10206638154e-10],
        "max": [1.21984839439, 10.5176277161, 23.8640136719, 68.7919616699, 190.766357422, 321.980682373, 301.844055176, 698.497558594, 1058.13366699, 1486.10705566, 2279.43481445, 3275.31933594, 2813.84521484, 1128.25292969, 887.174926758, 1313.39575195, 1424.74328613, 1214.87805176, 1534.60424805, 1538.80932617, 499.293243408, 355.083282471, 336.949401855, 757.650085449, 382.365814209, 217.249206543, 192.667541504, 116.108856201, 230.590484619, 369.011199951, 154.293869019, 89.4391326904, 104.074417114, 19.0572052002, 4.93969297409, 22.0378227234, 1.55630087852, 0.0378504358232, 0.00163122965023, 0.000221094422159],
        "mean": [0.0326655060053, 0.29366889596, 0.559753954411, 1.01576495171, 3.86104631424, 5.37629938126, 7.73320770264, 13.8414316177, 17.6031417847, 17.8154773712, 37.5808525085, 58.8705749512, 81.2469024658, 34.5960502625, 33.2542495728, 40.0733146667, 31.5783004761, 45.6740493774, 30.4631004333, 25.8793411255, 17.0287475586, 15.1483879089, 12.573718071, 18.0688667297, 11.4786930084, 8.26458454132, 5.86615800858, 4.23988103867, 4.12619400024, 2.79585671425, 1.84254920483, 1.84813141823, 0.905331492424, 0.341242939234, 0.16971693933, 0.222650080919, 0.0208659674972, 0.00052003224846, 3.22844643961e-05, 2.43225422309e-05],
        "median": [0.00382124213502, 0.0360184386373, 0.112649992108, 0.364056348801, 1.0359941721, 1.62914502621, 2.74610090256, 4.07154035568, 3.8479809761, 4.77791786194, 9.32585144043, 13.4584789276, 19.5263900757, 11.5345935822, 11.8144731522, 12.7678565979, 10.0169239044, 13.2418107986, 11.5154037476, 8.95831108093, 6.91829490662, 5.88349151611, 5.31625270844, 7.01636695862, 5.24104166031, 3.71349906921, 2.30117440224, 1.80577659607, 1.40983605385, 0.886698007584, 0.652280211449, 0.451046168804, 0.22887660563, 0.0943748429418, 0.0555966421962, 0.0258421860635, 0.00206536147743, 5.21043039043e-05, 1.31332526507e-05, 1.72257059603e-05],
        "min": [4.51438148569e-23, 2.05571257532e-22, 5.66878021334e-22, 2.28379579001e-21, 9.0350070642e-21, 1.50762940108e-20, 2.1931018578e-20, 4.49986479411e-20, 7.73129400155e-20, 1.25888643274e-19, 1.31494187791e-19, 2.27437031734e-19, 3.41057319904e-19, 4.7135108768e-19, 7.07754447062e-19, 8.54542506445e-19, 1.00290924003e-18, 1.54833404137e-18, 1.46447943395e-18, 2.42876709419e-18, 2.42457659721e-18, 3.31124266274e-18, 4.64528460629e-18, 4.12266362347e-18, 5.39653996478e-18, 6.17799403307e-18, 6.09972330838e-18, 7.03496266025e-18, 9.36279779648e-18, 9.15468329027e-18, 1.00496381191e-17, 9.42834524258e-18, 8.33882181722e-18, 7.35664079276e-18, 5.90776818902e-18, 3.72237934453e-18, 2.0434903531e-18, 8.5175196095e-19, 2.25204626357e-19, 2.45416749082e-20],
        "var": [0.00394053338096, 0.412959396839, 1.75360071659, 5.2673163414, 106.828636169, 178.312088013, 254.326217651, 1041.2713623, 2313.22973633, 2694.35620117, 9055.59082031, 20352.8945312, 38682.8242188, 5674.1953125, 4043.09667969, 6787.85546875, 4309.66015625, 9469.81445312, 3663.40625, 4609.39550781, 985.419372559, 646.632995605, 387.426544189, 915.428466797, 360.659790039, 163.251434326, 107.484786987, 53.364440918, 90.8263244629, 71.5443878174, 18.3480033875, 21.3619098663, 10.621090889, 0.797262430191, 0.108712226152, 0.835901260376, 0.00546844443306, 3.35738786816e-06, 5.96974691902e-09, 5.96213356463e-10]
    },
    "gfcc": {
        "mean": [-138.95753479, 80.3892440796, -138.586196899, 17.6901550293, -67.3576126099, 14.9339466095, -35.5890197754, 9.65749645233, -23.1200065613, 1.06650042534, -12.5690727234, -3.58940601349, -5.69238471985],
        "cov": [[120708.710938, 9208.03222656, -15288.5615234, 2438.08349609, -7833.734375, 1727.6862793, -4138.65332031, 1228.0847168, -2848.35327148, 247.757324219, -1611.19616699, -327.358856201, -856.580078125], [9208.03222656, 1947.48706055, -905.514709473, 387.468292236, -396.244171143, 98.916343689, -102.172920227, 89.2352371216, -84.8160629272, -64.3651885986, 68.2048721313, -153.475509644, 49.9406242371], [-15288.5615234, -905.514709473, 3221.89282227, 138.752288818, 1162.27941895, -141.819442749, 618.498046875, -98.9908828735, 354.434753418, 23.7426700592, 175.229858398, 125.11101532, 52.6308517456], [2438.08349609, 387.468292236, 138.752288818, 436.904174805, -34.3135147095, 91.4674835205, -26.90391922, 56.6936302185, -23.6533622742, 14.0931882858, -26.6253986359, -6.89460086823, -0.0162050314248], [-7833.734375, -396.244171143, 1162.27941895, -34.3135147095, 725.021606445, -27.6891765594, 377.645019531, -29.3835163116, 220.58052063, -1.50256252289, 136.847351074, 22.5014877319, 71.162109375], [1727.6862793, 98.916343689, -141.819442749, 91.4674835205, -27.6891765594, 223.26864624, 46.3311233521, 64.1137084961, -44.6629638672, 30.1349754333, -6.69500684738, 17.2180347443, -8.99049663544], [-4138.65332031, -102.172920227, 618.498046875, -26.90391922, 377.645019531, 46.3311233521, 353.120056152, 18.6927509308, 123.573753357, -6.08402633667, 119.079429626, -8.75812244415, 47.8540077209], [1228.0847168, 89.2352371216, -98.9908828735, 56.6936302185, -29.3835163116, 64.1137084961, 18.6927509308, 111.905075073, 18.4580307007, 23.850107193, -15.6657781601, 11.3290042877, -2.24145960808], [-2848.35327148, -84.8160629272, 354.434753418, -23.6533622742, 220.58052063, -44.6629638672, 123.573753357, 18.4580307007, 196.802856445, 16.3528442383, 64.7461166382, -4.47559928894, 56.8044281006], [247.757324219, -64.3651885986, 23.7426700592, 14.0931882858, -1.50256252289, 30.1349754333, -6.08402633667, 23.850107193, 16.3528442383, 84.0353622437, 5.91465330124, 30.6168708801, -9.14354515076], [-1611.19616699, 68.2048721313, 175.229858398, -26.6253986359, 136.847351074, -6.69500684738, 119.079429626, -15.6657781601, 64.7461166382, 5.91465330124, 137.925415039, 4.99262285233, 43.026058197], [-327.358856201, -153.475509644, 125.11101532, -6.89460086823, 22.5014877319, 17.2180347443, -8.75812244415, 11.3290042877, -4.47559928894, 30.6168708801, 4.99262285233, 99.8537750244, 8.75339889526], [-856.580078125, 49.9406242371, 52.6308517456, -0.0162050314248, 71.162109375, -8.99049663544, 47.8540077209, -2.24145960808, 56.8044281006, -9.14354515076, 43.026058197, 8.75339889526, 94.9388809204]],
        "icov": [[0.000223700568313, -0.000601108651608, 0.000428742117947, -0.000485507654957, 0.000752722844481, -0.000444377888925, 0.000401829369366, -0.000788987323176, 0.000701337237842, -0.00063969718758, 0.000610001501627, -0.000581954023801, 0.000565269612707], [-0.000601108651608, 0.00275798444636, -0.000973160902504, 0.000260537781287, -0.00150031363592, 0.00126085919328, -0.00109172216617, 0.00144980673213, -0.00169153930619, 0.00242332392372, -0.00321008218452, 0.00288941850886, -0.00207235245034], [0.000428742117947, -0.000973160902504, 0.00208775792271, -0.00208233064041, 0.00032195597305, 0.000221618625801, -0.000700741366018, -0.000203457326279, 0.000721945601981, -0.00130482926033, 0.00183486274909, -0.0028532310389, 0.00222442811355], [-0.000485507654957, 0.000260537781287, -0.00208233064041, 0.0055086677894, -0.00169462291524, -0.00094197987346, 0.00122856034432, -3.3351007005e-05, -0.000756679335609, 0.000769920821767, -0.000589888833929, 0.00240892218426, -0.00222910614684], [0.000752722844481, -0.00150031363592, 0.00032195597305, -0.00169462291524, 0.00860056187958, -0.0019738804549, -0.0018278247444, -0.00154973112512, -1.08183166958e-05, -0.00137117330451, 0.0013644968858, -0.00168246391695, 0.00106417934876], [-0.000444377888925, 0.00126085919328, 0.000221618625801, -0.00094197987346, -0.0019738804549, 0.00914054457098, -0.00470273941755, -0.000309207680402, 0.00120735506061, -0.00119227904361, -8.32456644275e-05, -0.000875811674632, -0.000806138792541], [0.000401829369366, -0.00109172216617, -0.000700741366018, 0.00122856034432, -0.0018278247444, -0.00470273941755, 0.0123580461368, -0.00616415590048, 0.0021658311598, 0.000760643859394, -0.00448384182528, 0.00373101420701, -0.000396010989789], [-0.000788987323176, 0.00144980673213, -0.000203457326279, -3.3351007005e-05, -0.00154973112512, -0.000309207680402, -0.00616415590048, 0.019065765664, -0.00792327709496, 0.000233854734688, 0.00295239780098, -0.00303621706553, 0.00062621460529], [0.000701337237842, -0.00169153930619, 0.000721945601981, -0.000756679335609, -1.08183166958e-05, 0.00120735506061, 0.0021658311598, -0.00792327709496, 0.0143960304558, -0.00547330407426, -0.000220258967602, 0.00227485783398, -0.00358966970816], [-0.00063969718758, 0.00242332392372, -0.00130482926033, 0.000769920821767, -0.00137117330451, -0.00119227904361, 0.000760643859394, 0.000233854734688, -0.00547330407426, 0.0185818597674, -0.00486828945577, -0.00197527767159, 0.00166695646476], [0.000610001501627, -0.00321008218452, 0.00183486274909, -0.000589888833929, 0.0013644968858, -8.32456644275e-05, -0.00448384182528, 0.00295239780098, -0.000220258967602, -0.00486828945577, 0.0168816093355, -0.00565710198134, 7.95551204646e-06], [-0.000581954023801, 0.00288941850886, -0.0028532310389, 0.00240892218426, -0.00168246391695, -0.000875811674632, 0.00373101420701, -0.00303621706553, 0.00227485783398, -0.00197527767159, -0.00565710198134, 0.0190694909543, -0.00670833187178], [0.000565269612707, -0.00207235245034, 0.00222442811355, -0.00222910614684, 0.00106417934876, -0.000806138792541, -0.000396010989789, 0.00062621460529, -0.00358966970816, 0.00166695646476, 7.95551204646e-06, -0.00670833187178, 0.0177534278482]]
    },
    "melbands": {
        "dmean": [0.000213163992157, 0.00024189913529, 0.000211066668271, 0.00023865744879, 0.000154430221301, 0.000191129671293, 0.000153998684254, 0.000139074007166, 0.000211666163523, 0.000230702295084, 0.000247035874054, 8.86586276465e-05, 6.50163929095e-05, 5.79737497901e-05, 5.56998784305e-05, 4.20978685725e-05, 5.48681273358e-05, 3.31910305249e-05, 2.10504476854e-05, 1.80507922778e-05, 9.79946980806e-06, 9.55051564233e-06, 5.88439297644e-06, 6.39754944132e-06, 8.74073793966e-06, 4.987887678e-06, 3.41671739079e-06, 2.84730685962e-06, 2.31556464314e-06, 1.59877879469e-06, 1.15572424875e-06, 1.47536752593e-06, 1.30102478124e-06, 7.76583988227e-07, 5.33917955181e-07, 7.82989104664e-07, 6.64416404561e-07, 3.78069358931e-07, 1.64781909007e-07, 1.38517066262e-07],
        "dmean2": [0.000353370240191, 0.000392529036617, 0.000342022045515, 0.000380417797714, 0.000245365779847, 0.000302235916024, 0.000239463755861, 0.000212159109651, 0.00032380776247, 0.000355733034667, 0.000383359350963, 0.000136094589834, 0.00010192359332, 8.93656469998e-05, 8.41115543153e-05, 6.65661791572e-05, 8.32615114632e-05, 5.0330247177e-05, 3.23393251165e-05, 2.79289961327e-05, 1.51614012793e-05, 1.4766982531e-05, 9.18874229683e-06, 9.89419277175e-06, 1.36318631121e-05, 7.64142623666e-06, 5.26390840605e-06, 4.43838325737e-06, 3.66614858649e-06, 2.54296423918e-06, 1.76372270744e-06, 2.26812630899e-06, 2.08678579838e-06, 1.16529611205e-06, 8.18101170807e-07, 1.21172479339e-06, 1.02586750472e-06, 5.58398767225e-07, 2.49423464993e-07, 2.10809446344e-07],
        "dvar": [3.05007660018e-07, 5.00105329593e-07, 3.97675904651e-07, 4.32764437619e-07, 1.09045814156e-07, 2.10485382013e-07, 1.80189090315e-07, 2.19220126496e-07, 3.03096072685e-07, 3.40534114684e-07, 3.95505594497e-07, 5.82719970055e-08, 2.23304486013e-08, 1.51562549178e-08, 1.62943347704e-08, 1.36198776701e-08, 1.78059593736e-08, 7.16581505245e-09, 3.63178109808e-09, 2.44286857409e-09, 4.52085313629e-10, 3.85816212312e-10, 1.75933323465e-10, 1.46759701614e-10, 3.36430938663e-10, 9.19280554457e-11, 5.33080628251e-11, 3.32720621887e-11, 3.1091185182e-11, 1.27276357856e-11, 6.93174077165e-12, 1.55842144745e-11, 2.17312261935e-11, 9.97254709367e-12, 2.68708427904e-12, 6.10991509123e-12, 3.98269915311e-12, 3.37303709269e-12, 1.99172004844e-13, 1.574921427e-13],
        "dvar2": [8.7691284989e-07, 1.29447425934e-06, 9.34778825012e-07, 1.01995067325e-06, 2.63165787828e-07, 5.05549792251e-07, 3.97194099833e-07, 4.85176997245e-07, 6.11242455761e-07, 8.04318460723e-07, 9.05287265596e-07, 1.28811663558e-07, 5.28740180528e-08, 3.51574165336e-08, 3.48938939965e-08, 3.1580938753e-08, 3.71858668302e-08, 1.46457086458e-08, 7.82301068369e-09, 5.33184518758e-09, 9.95412863247e-10, 8.7882973121e-10, 3.98393207313e-10, 3.45927092527e-10, 8.04828204082e-10, 2.0031969139e-10, 1.10943948473e-10, 7.77881856151e-11, 7.36112767963e-11, 2.9482912639e-11, 1.48748530854e-11, 3.52198964437e-11, 5.24469599694e-11, 2.18458393736e-11, 5.94661516209e-12, 1.47646877363e-11, 9.42779188051e-12, 7.1840909957e-12, 4.88202197852e-13, 3.73120588246e-13],
        "max": [0.0109203141183, 0.0137626118958, 0.0141864316538, 0.0142576182261, 0.0118241626769, 0.0146244456992, 0.0136603880674, 0.0191061589867, 0.0191990360618, 0.0216054897755, 0.0139816850424, 0.00648085260764, 0.00347698898986, 0.00368767278269, 0.00397147238255, 0.00395984435454, 0.00278072571382, 0.00350243342109, 0.00200394261628, 0.00211143866181, 0.000665687432047, 0.00050050043501, 0.00048325600801, 0.000286831113044, 0.000725554709788, 0.000260916800471, 0.000362266524462, 0.000144838733831, 0.000133264824399, 8.2010483311e-05, 8.01701607998e-05, 9.66832012637e-05, 0.000198826033738, 0.000234427076066, 9.47545267991e-05, 5.93212898821e-05, 4.04881648137e-05, 0.000103871447209, 1.83060292329e-05, 1.47443452079e-05],
        "mean": [0.000328546448145, 0.000334711774485, 0.00027233993751, 0.000333196745487, 0.000271760334726, 0.000322155858157, 0.00024725109688, 0.000202976894798, 0.00034002927714, 0.000369611661881, 0.000405385100748, 0.000144064615597, 0.000105792307295, 9.80544937192e-05, 9.36900178203e-05, 6.55329349684e-05, 9.10960807232e-05, 5.43752285012e-05, 3.44137843058e-05, 3.0937797419e-05, 1.80069218914e-05, 1.70689581864e-05, 1.09449847514e-05, 1.17404606499e-05, 1.54632616614e-05, 9.31328304432e-06, 6.55985104459e-06, 5.27737302036e-06, 4.01145280193e-06, 2.85887108475e-06, 2.26849988394e-06, 2.43876138484e-06, 1.91693266061e-06, 1.40402732995e-06, 1.0373483974e-06, 1.16136959605e-06, 1.02123749457e-06, 7.58047804084e-07, 3.30884944333e-07, 2.61697607584e-07],
        "median": [4.38927600044e-05, 5.9111880546e-05, 9.16197750485e-05, 0.000103084254079, 0.000101807723695, 9.87184903352e-05, 5.53829959244e-05, 4.59190341644e-05, 7.56134686526e-05, 7.85821466707e-05, 8.716560842e-05, 3.89201013604e-05, 3.33956631948e-05, 3.1756113458e-05, 2.67422055913e-05, 1.54629451572e-05, 2.28132812481e-05, 1.68244441738e-05, 1.09588827399e-05, 9.85426595435e-06, 6.73404156259e-06, 6.1371006268e-06, 4.14562418882e-06, 4.68597863801e-06, 5.43917212781e-06, 3.80617302653e-06, 2.67555878963e-06, 2.07978996514e-06, 1.33019989335e-06, 1.0961884982e-06, 8.41446990307e-07, 8.08999288893e-07, 5.58669512429e-07, 4.2077897433e-07, 3.63519632174e-07, 3.09120792963e-07, 2.532074177e-07, 1.68715757809e-07, 9.77681864356e-08, 6.64635422254e-08],
        "min": [5.12965234571e-25, 5.57288863645e-25, 6.00050843949e-25, 8.6000590368e-25, 7.04250790667e-25, 8.50360797215e-25, 1.01897212431e-24, 1.00105660012e-24, 1.02213378021e-24, 1.2296989602e-24, 1.21054689654e-24, 1.33042022754e-24, 1.51206087439e-24, 2.15525713435e-24, 1.44130005119e-24, 2.16832994005e-24, 2.21729887517e-24, 2.27076786733e-24, 2.13696187223e-24, 2.52520233053e-24, 2.38032723643e-24, 2.95382181756e-24, 2.06708161502e-24, 2.79770900543e-24, 3.134470176e-24, 3.12037362605e-24, 3.73974382148e-24, 3.51709177529e-24, 2.66701348888e-24, 4.15496943641e-24, 3.25349686204e-24, 4.43024323815e-24, 3.89848511815e-24, 4.38050398036e-24, 4.84590706532e-24, 4.77143346827e-24, 5.13611597614e-24, 5.20960823023e-24, 5.07893815444e-24, 4.5035627317e-24],
        "var": [4.01943907491e-07, 5.63041339774e-07, 4.55964141111e-07, 5.84719941799e-07, 3.11518618901e-07, 5.04809975155e-07, 4.17137727027e-07, 3.67829812831e-07, 7.82003667155e-07, 8.04988303571e-07, 1.02147464531e-06, 1.33488455845e-07, 4.56856241726e-08, 3.600368359e-08, 4.42697398739e-08, 2.821748879e-08, 4.45988241893e-08, 1.58043285126e-08, 8.10374700677e-09, 6.19624573872e-09, 1.34746414027e-09, 9.20282017258e-10, 4.20206480722e-10, 3.52295692618e-10, 7.63330176845e-10, 2.38814606979e-10, 1.52298784695e-10, 7.88310805522e-11, 5.96987667634e-11, 2.69935306746e-11, 1.92186874054e-11, 2.99158371686e-11, 3.25669942403e-11, 2.07734836277e-11, 7.03411677863e-12, 7.84738506815e-12, 6.09276257918e-12, 1.06698859817e-11, 6.06036271514e-13, 4.93172614292e-13]
    },
    "mfcc": {
        "mean": [-703.188232422, 103.260971069, -20.9655647278, 3.37445855141, -11.2795858383, -0.883797466755, -3.70237183571, 1.93878436089, -4.54625797272, 3.66276311874, -2.3336186409, -3.64550566673, -5.70462560654],
        "cov": [[26540.8515625, 4970.37402344, -702.379821777, 483.781494141, -572.716369629, -56.7425308228, -149.124542236, 95.7033309937, -267.739593506, 205.153121948, -84.1794433594, -194.524841309, -344.138671875], [4970.37402344, 2162.35009766, -52.0206871033, 278.089874268, -54.6755065918, 34.5616378784, 76.0477752686, 100.036834717, -61.3962974548, 151.626373291, 23.778377533, -52.6353111267, -59.115978241], [-702.379821777, -52.0206871033, 883.036682129, 355.073577881, 180.318908691, 127.730461121, 83.1446990967, 58.6191177368, 37.4363479614, 10.0473060608, 14.1373338699, 24.1047458649, 21.7079410553], [483.781494141, 278.089874268, 355.073577881, 370.331115723, 131.104476929, 63.8250541687, 47.3054542542, 41.8409004211, 34.9887504578, 36.6435203552, 14.1684093475, 9.06126499176, 7.29429721832], [-572.716369629, -54.6755065918, 180.318908691, 131.104476929, 180.66758728, 64.3562240601, 26.3603153229, 31.4218769073, 53.280330658, 12.9008836746, 10.9206514359, 23.834821701, 23.1016521454], [-56.7425308228, 34.5616378784, 127.730461121, 63.8250541687, 64.3562240601, 146.350845337, 101.704429626, 50.476852417, 25.2052993774, 30.5297412872, 20.3267478943, 7.76041269302, 16.8097896576], [-149.124542236, 76.0477752686, 83.1446990967, 47.3054542542, 26.3603153229, 101.704429626, 210.003341675, 82.142036438, 6.81747293472, 49.573677063, 30.3248500824, -1.86938929558, 16.972158432], [95.7033309937, 100.036834717, 58.6191177368, 41.8409004211, 31.4218769073, 50.476852417, 82.142036438, 118.077468872, 37.3134002686, 39.3714981079, 20.3193149567, 5.32419490814, 14.8145532608], [-267.739593506, -61.3962974548, 37.4363479614, 34.9887504578, 53.280330658, 25.2052993774, 6.81747293472, 37.3134002686, 115.375450134, 35.8343582153, 13.1474628448, 19.0320739746, 18.1192092896], [205.153121948, 151.626373291, 10.0473060608, 36.6435203552, 12.9008836746, 30.5297412872, 49.573677063, 39.3714981079, 35.8343582153, 113.327590942, 41.5339736938, -10.2374687195, -7.77425765991], [-84.1794433594, 23.778377533, 14.1373338699, 14.1684093475, 10.9206514359, 20.3267478943, 30.3248500824, 20.3193149567, 13.1474628448, 41.5339736938, 81.9850311279, 27.6039485931, 1.92370545864], [-194.524841309, -52.6353111267, 24.1047458649, 9.06126499176, 23.834821701, 7.76041269302, -1.86938929558, 5.32419490814, 19.0320739746, -10.2374687195, 27.6039485931, 89.3889541626, 39.8291397095], [-344.138671875, -59.115978241, 21.7079410553, 7.29429721832, 23.1016521454, 16.8097896576, 16.972158432, 14.8145532608, 18.1192092896, -7.77425765991, 1.92370545864, 39.8291397095, 84.5125961304]],
