{
"lowlevel": {
    "average_loudness": 0.939404070377,
    "barkbands_crest": {
        "dmean": 2.63523125648,
        "dmean2": 4.28444242477,
        "dvar": 6.22705078125,
        "dvar2": 14.9049654007,
        "max": 26.9067516327,
        "mean": 9.38940811157,
        "median": 8.5561208725,
        "min": 2.4371714592,
        "var": 16.5353336334
    },
    "barkbands_flatness_db": {
        "dmean": 0.0186825413257,
        "dmean2": 0.0290303491056,
        "dvar": 0.00042723477236,
        "dvar2": 0.000897583027836,
        "max": 0.834779620171,
        "mean": 0.134993240237,
        "median": 0.131620019674,
        "min": 0.049281116575,
        "var": 0.00153714662883
    },
    "barkbands_kurtosis": {
        "dmean": 7.98540401459,
        "dmean2": 10.8516016006,
        "dvar": 70357.6328125,
        "dvar2": 87954.515625,
        "max": 23826.7519531,
        "mean": 9.88369369507,
        "median": 0.386494398117,
        "min": -1.77793562412,
        "var": 145840.734375
    },
    "barkbands_skewness": {
        "dmean": 0.517778635025,
        "dmean2": 0.782529294491,
        "dvar": 1.44256532192,
        "dvar2": 2.35098934174,
        "max": 103.524200439,
        "mean": 1.08410263062,
        "median": 0.846220076084,
        "min": -2.46310925484,
        "var": 4.24464607239
    },
    "barkbands_spread": {
        "dmean": 5.00112199783,
        "dmean2": 7.98992061615,
        "dvar": 31.9229869843,
        "dvar2": 79.1707687378,
        "max": 72.7885818481,
        "mean": 21.1642360687,
        "median": 20.0057888031,
        "min": 0.00412049330771,
        "var": 86.9154663086
    },
    "dissonance": {
        "dmean": 0.0174245033413,
        "dmean2": 0.0293134003878,
        "dvar": 0.000264030211838,
        "dvar2": 0.000715072616003,
        "max": 0.499971598387,
        "mean": 0.466255158186,
        "median": 0.470421552658,
        "min": 0.30997222662,
        "var": 0.000508851138875
    },
    "dynamic_complexity": 2.60425782204,
    "erbbands_crest": {
        "dmean": 2.58283662796,
        "dmean2": 4.19328117371,
        "dvar": 5.78273630142,
        "dvar2": 13.7807512283,
        "max": 33.983165741,
        "mean": 9.27919387817,
        "median": 8.22466468811,
        "min": 2.215259552,
        "var": 19.5122756958
    },
    "erbbands_flatness_db": {
        "dmean": 0.0155921261758,
        "dmean2": 0.0221785772592,
        "dvar": 0.000231179088587,
        "dvar2": 0.000406481063692,
        "max": 0.345174372196,
        "mean": 0.186616122723,
        "median": 0.185156673193,
        "min": 0.0495152920485,
        "var": 0.00154287682381
    },
    "erbbands_kurtosis": {
        "dmean": 0.77311527729,
        "dmean2": 1.24055480957,
        "dvar": 1.67825210094,
        "dvar2": 3.94999575615,
        "max": 44.9286880493,
        "mean": 0.0229397248477,
        "median": -0.444414138794,
        "min": -1.80817937851,
        "var": 3.38739585876
    },
    "erbbands_skewness": {
        "dmean": 0.358269393444,
        "dmean2": 0.560988724232,
        "dvar": 0.112153090537,
        "dvar2": 0.278289943933,
        "max": 6.37425613403,
        "mean": 0.136731281877,
        "median": 0.110596477985,
        "min": -2.77896523476,
        "var": 0.51358962059
    },
    "erbbands_spread": {
        "dmean": 6.55879068375,
        "dmean2": 9.91866207123,
        "dvar": 56.0653152466,
        "dvar2": 119.666114807,
        "max": 167.731750488,
        "mean": 33.2699279785,
        "median": 30.5250968933,
        "min": 2.36811971664,
        "var": 243.705474854
    },
    "hfc": {
        "dmean": 5.38714361191,
        "dmean2": 8.10631561279,
        "dvar": 44.5858612061,
        "dvar2": 98.6673278809,
        "max": 146.961776733,
        "mean": 24.4777050018,
        "median": 22.5766944885,
        "min": 1.19621354473e-16,
        "var": 250.516067505
    },
    "melbands_crest": {
        "dmean": 3.50915670395,
        "dmean2": 5.55590772629,
        "dvar": 10.5052185059,
        "dvar2": 23.4648609161,
        "max": 39.9957962036,
        "mean": 13.2698879242,
        "median": 12.3247432709,
        "min": 2.33278727531,
        "var": 30.5741691589
    },
    "melbands_flatness_db": {
        "dmean": 0.0237772725523,
        "dmean2": 0.0366467684507,
        "dvar": 0.00076044362504,
        "dvar2": 0.00159001094289,
        "max": 0.846909582615,
        "mean": 0.178003117442,
        "median": 0.17402485013,
        "min": 0.0056716920808,
        "var": 0.00282097910531
    },
    "melbands_kurtosis": {
        "dmean": 63.6988716125,
        "dmean2": 102.654502869,
        "dvar": 9354357,
        "dvar2": 16467612,
        "max": 234672.5625,
        "mean": 69.5446777344,
        "median": 3.15280342102,
        "min": -1.74947285652,
        "var": 12007591
    },
    "melbands_skewness": {
        "dmean": 0.751011252403,
        "dmean2": 1.10860443115,
        "dvar": 21.7652854919,
        "dvar2": 31.316318512,
        "max": 414.343322754,
        "mean": 2.08217191696,
        "median": 1.58898365498,
        "min": -1.98515892029,
        "var": 43.5712661743
    },
    "melbands_spread": {
        "dmean": 7.74900436401,
        "dmean2": 12.3091201782,
        "dvar": 104.208297729,
        "dvar2": 251.191879272,
        "max": 158.806213379,
        "mean": 27.2339515686,
        "median": 25.0663661957,
        "min": 0.00163719442207,
        "var": 232.257797241
    },
    "pitch_salience": {
        "dmean": 0.0700452700257,
        "dmean2": 0.112875759602,
        "dvar": 0.00465376721695,
        "dvar2": 0.0112080322579,
        "max": 0.959823727608,
        "mean": 0.543707191944,
        "median": 0.546809613705,
        "min": 0.00223298161291,
        "var": 0.0129250129685
    },
    "silence_rate_20dB": {
        "dmean": 0,
        "dmean2": 0,
        "dvar": 0,
        "dvar2": 0,
        "max": 1,
        "mean": 1,
        "median": 1,
        "min": 1,
        "var": 0
    },
    "silence_rate_30dB": {
        "dmean": 0,
        "dmean2": 0,
        "dvar": 0,
        "dvar2": 0,
        "max": 1,
        "mean": 1,
        "median": 1,
        "min": 1,
        "var": 0
    },
    "silence_rate_60dB": {
        "dmean": 0.0144171016291,
        "dmean2": 0.0288377869874,
        "dvar": 0.0142075996846,
        "dvar2": 0.0304982252419,
        "max": 1,
        "mean": 0.0483409948647,
        "median": 0,
        "min": 0,
        "var": 0.046007797122
    },
    "spectral_centroid": {
        "dmean": 262.162994385,
        "dmean2": 410.840423584,
        "dvar": 94357.75,
        "dvar2": 209062.34375,
        "max": 11592.2236328,
        "mean": 1545.53735352,
        "median": 1525.14025879,
        "min": 262.084350586,
        "var": 284286.28125
    },
    "spectral_complexity": {
        "dmean": 3.81904053688,
        "dmean2": 6.21454334259,
        "dvar": 18.2453098297,
        "dvar2": 45.2556991577,
        "max": 56,
        "mean": 22.2349948883,
        "median": 22,
        "min": 0,
        "var": 80.0719985962
    },
    "spectral_decrease": {
        "dmean": 1.43615552783e-09,
        "dmean2": 2.1629620317e-09,
        "dvar": 2.47610912219e-18,
        "dvar2": 4.89338915922e-18,
        "max": 1.14088817329e-29,
        "mean": -6.6015353184e-09,
        "median": -6.96626312191e-09,
        "min": -1.87133899487e-08,
        "var": 1.12602525144e-17
    },
    "spectral_energy": {
        "dmean": 0.00566888414323,
        "dmean2": 0.00849509891123,
        "dvar": 3.70075176761e-05,
        "dvar2": 7.28301893105e-05,
        "max": 0.072786025703,
        "mean": 0.0271359011531,
        "median": 0.0288707576692,
        "min": 1.08069579911e-20,
        "var": 0.000184998250916
    },
    "spectral_energyband_high": {
        "dmean": 0.000251190242125,
        "dmean2": 0.000410832784837,
        "dvar": 3.22085952575e-07,
        "dvar2": 7.66588982515e-07,
        "max": 0.0163828767836,
        "mean": 0.000519656401593,
        "median": 0.000333086238243,
        "min": 7.94258258718e-21,
        "var": 4.58600396769e-07
    },
    "spectral_energyband_low": {
        "dmean": 0.00351521815173,
        "dmean2": 0.00545985577628,
        "dvar": 3.46388733306e-05,
        "dvar2": 7.21834367141e-05,
        "max": 0.0675634965301,
        "mean": 0.00697410712019,
        "median": 0.00397413549945,
        "min": 4.0876228821e-23,
        "var": 7.02702745912e-05
    },
    "spectral_energyband_middle_high": {
        "dmean": 0.0025522406213,
        "dmean2": 0.00382860517129,
        "dvar": 1.33967614602e-05,
        "dvar2": 2.98730119539e-05,
        "max": 0.0685300901532,
        "mean": 0.00879652891308,
        "median": 0.00645412039012,
        "min": 1.28769120427e-21,
        "var": 6.9445304689e-05
    },
    "spectral_energyband_middle_low": {
        "dmean": 0.00393515219912,
        "dmean2": 0.00603405386209,
        "dvar": 2.06714594242e-05,
        "dvar2": 4.5767526899e-05,
        "max": 0.068981744349,
        "mean": 0.0123102189973,
        "median": 0.0100200129673,
        "min": 4.15742874184e-22,
        "var": 9.34381241677e-05
    },
    "spectral_entropy": {
        "dmean": 0.120382420719,
        "dmean2": 0.181634411216,
        "dvar": 0.0163889396936,
        "dvar2": 0.0343204066157,
        "max": 9.804895401,
        "mean": 7.56337690353,
        "median": 7.55441474915,
        "min": 6.44110250473,
        "var": 0.0718684047461
    },
    "spectral_flux": {
        "dmean": 0.0222091320902,
        "dmean2": 0.0360006950796,
        "dvar": 0.00048758261255,
        "dvar2": 0.00127441552468,
        "max": 0.225106969476,
        "mean": 0.0862132310867,
        "median": 0.0846692845225,
        "min": 1.03956517006e-10,
        "var": 0.00129080051556
    },
    "spectral_kurtosis": {
        "dmean": 1.62719321251,
        "dmean2": 2.81580638885,
        "dvar": 2.4514067173,
        "dvar2": 7.11340475082,
        "max": 19.0007266998,
        "mean": 4.3806810379,
        "median": 4.05606794357,
        "min": -1.21224856377,
        "var": 5.12953329086
    },
    "spectral_rms": {
        "dmean": 0.000550838129129,
        "dmean2": 0.000806330353953,
        "dvar": 3.27599195771e-07,
        "dvar2": 5.6315582242e-07,
        "max": 0.00842678826302,
        "mean": 0.00491372868419,
        "median": 0.00530722085387,
        "min": 3.24705605285e-12,
        "var": 2.32931324717e-06
    },
    "spectral_rolloff": {
        "dmean": 465.961761475,
        "dmean2": 776.441955566,
        "dvar": 508214.4375,
        "dvar2": 1109892.375,
        "max": 18583.1542969,
        "mean": 1681.88842773,
        "median": 1658.05664062,
        "min": 21.533203125,
        "var": 1038119.375
    },
    "spectral_skewness": {
        "dmean": 0.199265494943,
        "dmean2": 0.331367403269,
        "dvar": 0.0311862565577,
        "dvar2": 0.0848161801696,
        "max": 3.30929589272,
        "mean": 1.37819945812,
        "median": 1.3710654974,
        "min": -0.044251922518,
        "var": 0.108460590243
    },
    "spectral_spread": {
        "dmean": 362333.0625,
        "dmean2": 513180.5,
        "dvar": 378886029312,
        "dvar2": 589175390208,
        "max": 40678340,
        "mean": 3553760,
        "median": 3398831.25,
        "min": 1830029.625,
        "var": 902359285760
    },
    "spectral_strongpeak": {
        "dmean": 0.787991046906,
        "dmean2": 1.31462001801,
        "dvar": 1.31310045719,
        "dvar2": 3.23455643654,
        "max": 14.5388250351,
        "mean": 1.52458238602,
        "median": 0.84007114172,
        "min": 0,
        "var": 2.84579610825
    },
    "zerocrossingrate": {
        "dmean": 0.00767547031865,
        "dmean2": 0.00951969437301,
        "dvar": 0.000103321224742,
        "dvar2": 0.000112048568553,
        "max": 0.57470703125,
        "mean": 0.0586268790066,
        "median": 0.05712890625,
        "min": 0,
        "var": 0.000547259522136
    },
    "barkbands": {
        "dmean": [4.84929369122e-05, 0.000976775889285, 0.0023780814372, 0.00144140969496, 0.000755674787797, 0.000967718602624, 0.000889991293661, 0.000993531313725, 0.00157353444956, 0.000964847567957, 0.000402688950999, 0.000529012759216, 0.000614925462287, 0.000600261439104, 0.000371804198949, 0.000402036763262, 0.000341420876794, 0.000463268195745, 0.000219888010179, 0.000122786557768, 0.000105552724563, 6.54915129417e-05, 3.7811423681e-05, 2.3239874281e-05, 1.00999104689e-05, 2.49989830081e-06, 3.75828363985e-08],
        "dmean2": [8.56899860082e-05, 0.00157180649694, 0.0038589539472, 0.00219158502296, 0.00121736689471, 0.00153761578258, 0.00136424764059, 0.0015176795423, 0.00238857301883, 0.00150868913624, 0.000642154132947, 0.000844038033392, 0.000944295257796, 0.000969943765085, 0.000610332761426, 0.000650355825201, 0.00054793083109, 0.000731228850782, 0.000362114747986, 0.00020959333051, 0.000180518283742, 0.000107231513539, 6.04746201134e-05, 3.73609473172e-05, 1.60440085892e-05, 3.97467920266e-06, 6.26684766303e-08],
        "dvar": [3.73306585644e-09, 2.87877992378e-06, 2.24659215746e-05, 1.06419956865e-05, 2.18273135033e-06, 3.86036072086e-06, 2.5061051474e-06, 3.44605768987e-06, 9.47873104451e-06, 6.65349534756e-06, 1.00506667877e-06, 1.84511748103e-06, 4.51984351457e-06, 2.44902366831e-06, 4.19769037308e-07, 6.20575121957e-07, 3.62985645097e-07, 6.21745869012e-07, 1.52339225679e-07, 6.22746227918e-08, 5.09211659505e-08, 1.83948429822e-08, 1.51307855134e-08, 5.84999826359e-09, 4.94434659881e-10, 2.88193739706e-11, 6.28956268171e-15],
        "dvar2": [1.08442117508e-08, 7.55511200623e-06, 5.20705070812e-05, 1.96180717467e-05, 4.79997424918e-06, 9.9787957879e-06, 5.91843263464e-06, 7.67248002376e-06, 2.14546762436e-05, 1.59784467542e-05, 2.40559393205e-06, 4.54883547718e-06, 9.02551255422e-06, 5.52932351638e-06, 1.00901422684e-06, 1.54643794303e-06, 8.73318128924e-07, 1.44867442486e-06, 3.78721011884e-07, 1.57586569571e-07, 1.36081467872e-07, 4.33280007428e-08, 3.46860957734e-08, 1.22507053391e-08, 1.08256559272e-09, 6.34445898595e-11, 1.53879492969e-14],
        "max": [0.000835379876662, 0.0278012994677, 0.0546171143651, 0.046065852046, 0.0500620827079, 0.0431069284678, 0.0339936241508, 0.0479823574424, 0.0663991421461, 0.0658685714006, 0.0237312074751, 0.0471314005554, 0.0601909533143, 0.0637037530541, 0.0138820121065, 0.0189398471266, 0.0121400756761, 0.0142950993031, 0.00876249372959, 0.00681664980948, 0.00582564808428, 0.00389764411375, 0.00463525252417, 0.00468878913671, 0.00096181005938, 0.000244664115598, 3.04934997075e-06],
        "mean": [5.33685961273e-05, 0.00174435880035, 0.00399350002408, 0.0018062555464, 0.00134556880221, 0.00194335961714, 0.00163513852749, 0.00169916020241, 0.00327433599159, 0.00186461058911, 0.000685541308485, 0.000838459644001, 0.000931964314077, 0.00105924659874, 0.000661191123072, 0.000795179570559, 0.000697664450854, 0.00105180998798, 0.000422670855187, 0.000209296107641, 0.000179593800567, 0.000120956785395, 6.74218172207e-05, 3.63739709428e-05, 1.51136200657e-05, 3.75970194e-06, 4.89119074132e-08],
        "median": [3.36311823048e-05, 0.000812078476883, 0.00163505459204, 0.000459627539385, 0.000660164572764, 0.000766368000768, 0.000669775879942, 0.000681011530105, 0.000937729957514, 0.000337508099619, 0.000222511036554, 0.000277316983556, 0.000293137098197, 0.000359477184247, 0.00032592820935, 0.000317404337693, 0.000337435194524, 0.000482678238768, 0.000253349979175, 0.000125413382193, 0.000109860622615, 7.19037707313e-05, 3.82802900276e-05, 1.98397574422e-05, 7.33245360607e-06, 1.87996761269e-06, 1.73297838302e-08],
        "min": [5.81505471513e-23, 1.05800352223e-23, 7.68022040004e-24, 2.0031404549e-23, 1.07715813786e-22, 3.7177869037e-23, 9.01150143261e-23, 8.43515082001e-23, 5.03003587807e-23, 4.2869819168e-23, 4.58887456761e-23, 7.24782238761e-23, 8.63360234912e-23, 1.20309454334e-22, 8.69743381813e-23, 1.61446240757e-22, 1.10730133346e-22, 2.85160948873e-22, 2.06650406628e-22, 2.36683818038e-22, 3.43405061238e-22, 6.49788034535e-22, 7.12820318026e-22, 1.13432614298e-21, 1.15532150558e-21, 1.70059125094e-21, 2.34362259716e-21],
        "var": [3.65654617696e-09, 5.78333947487e-06, 3.43773390341e-05, 1.71597039298e-05, 5.16527097716e-06, 1.28105511976e-05, 7.07329718352e-06, 8.3652757894e-06, 3.5684548493e-05, 2.17773012992e-05, 2.34671392718e-06, 3.02844682665e-06, 7.1824169936e-06, 5.89471392232e-06, 8.67663004556e-07, 1.83267525244e-06, 1.11276585812e-06, 2.37414337789e-06, 2.73021271369e-07, 8.31435258419e-08, 5.68522970923e-08, 2.72367781662e-08, 1.78865686706e-08, 6.92336099561e-09, 6.79951928095e-10, 3.84269734088e-11, 8.41000632714e-15]
    },
    "erbbands": {
        "dmean": [0.0156180458143, 0.28672966361, 2.16953158379, 4.22839355469, 2.46451354027, 2.92403841019, 5.05784463882, 8.93640899658, 10.7959928513, 17.9943466187, 24.1309299469, 32.4081764221, 33.2748336792, 19.135345459, 16.6679382324, 19.7015914917, 28.1661529541, 23.7820129395, 21.7363834381, 20.1332893372, 19.724199295, 18.9294834137, 24.2418365479, 16.5663032532, 6.89201164246, 5.05693531036, 4.88332271576, 3.96799397469, 2.41775560379, 1.53312397003, 0.982307612896, 0.594011127949, 0.334382772446, 0.153032183647, 0.0551025308669, 0.0184191912413, 0.00320236943662, 0.000155779285706, 1.07082487375e-05, 6.84373071635e-06],
        "dmean2": [0.0248163621873, 0.452679127455, 3.45098137856, 6.50211191177, 3.96719789505, 4.68811273575, 7.87949085236, 13.9732866287, 16.3454704285, 27.6757068634, 37.2772331238, 48.1522331238, 51.2875289917, 28.36602211, 26.1257343292, 30.5252590179, 43.7353897095, 37.0973320007, 36.1463623047, 32.6388435364, 31.6171112061, 29.9986305237, 38.3404006958, 25.8204994202, 11.4504299164, 8.52821063995, 8.30895709991, 6.82764959335, 3.97013139725, 2.43286013603, 1.56900274754, 0.955829620361, 0.542707800865, 0.244511514902, 0.0864838510752, 0.029227104038, 0.00504523562267, 0.000246674055234, 1.67394973687e-05, 1.0185719475e-05],
        "dvar": [0.000638316676486, 0.244056656957, 19.3097953796, 66.0344009399, 22.7068214417, 49.0007591248, 100.827857971, 383.23638916, 431.436187744, 1396.27478027, 2036.3001709, 4343.15332031, 6246.49316406, 2370.15209961, 1475.82434082, 2630.22851562, 11050.1884766, 6177.60693359, 2298.5625, 1301.67333984, 1345.60449219, 1065.44165039, 1843.88000488, 645.300415039, 271.352752686, 98.8546066284, 102.786254883, 76.3024597168, 24.0879802704, 15.4270763397, 12.8503189087, 4.65259075165, 1.19186627865, 0.138422980905, 0.0122049544007, 0.00130080385134, 6.07168622082e-05, 3.26258117411e-07, 4.8136389319e-10, 5.4694724444e-11],
        "dvar2": [0.00169107830152, 0.61493730545, 44.1137199402, 129.314117432, 49.643989563, 108.903503418, 230.740737915, 952.616699219, 907.197265625, 3374.92041016, 4956.95654297, 9219.390625, 14893.9941406, 5063.07080078, 3572.03125, 6057.875, 22562.3984375, 12938.6904297, 6286.23925781, 3135.2421875, 3180.98876953, 2537.99926758, 4439.35693359, 1403.54724121, 728.361694336, 248.822158813, 273.478637695, 204.882614136, 56.7306098938, 34.4029464722, 29.5725250244, 10.0004701614, 2.59783291817, 0.299956768751, 0.0276397243142, 0.00292025692761, 0.000140484349686, 6.65554750867e-07, 1.03285457964e-09, 1.06671733946e-10],
        "max": [0.471407175064, 7.758436203, 57.2207603455, 99.1485977173, 67.8741607666, 297.455383301, 225.661514282, 531.488464355, 450.345153809, 675.14855957, 1061.41589355, 1367.85046387, 2099.80957031, 1641.6072998, 771.246276855, 1532.77783203, 3366.89257812, 3720.76123047, 1528.87866211, 973.273681641, 904.263305664, 820.738586426, 870.040344238, 843.578491211, 665.417175293, 328.47164917, 200.695785522, 198.855529785, 154.249008179, 121.600906372, 159.786346436, 116.66002655, 64.4382171631, 18.4159736633, 4.52088737488, 1.6229133606, 0.377570509911, 0.0352164506912, 0.00107879634015, 0.000143976736581],
        "mean": [0.0305591374636, 0.523064494133, 3.84478282928, 6.13653039932, 3.80960845947, 5.03135299683, 9.29367828369, 17.877986908, 20.9486675262, 32.1612892151, 46.7019691467, 65.8676452637, 72.9876251221, 37.6146736145, 31.1129932404, 33.5345802307, 45.6751899719, 46.0979003906, 39.208240509, 43.4465484619, 43.3679504395, 42.4918823242, 53.6590614319, 39.8424949646, 14.3730621338, 9.39870357513, 8.28053379059, 6.37251758575, 4.50510168076, 2.93129348755, 1.71847081184, 0.975114226341, 0.493371635675, 0.221392974257, 0.0836416184902, 0.0279824137688, 0.00468425778672, 0.000246560346568, 2.85394144157e-05, 3.38961399393e-05],
        "median": [0.0147896576673, 0.252014935017, 1.67110097408, 2.36799931526, 1.58210647106, 2.1789624691, 4.67735528946, 6.90205144882, 9.35422611237, 12.325381279, 19.0714607239, 20.0451965332, 16.3411579132, 12.5960178375, 11.6243600845, 12.705616951, 16.0682220459, 15.8006839752, 19.0861988068, 20.6778450012, 18.3084144592, 22.8890037537, 28.0223064423, 22.5761241913, 9.77192497253, 5.99880504608, 4.84245300293, 3.80625605583, 2.68863916397, 1.73667395115, 0.973254442215, 0.541808009148, 0.248993963003, 0.105226054788, 0.0406316034496, 0.014466540888, 0.00213843793608, 0.000120191463793, 2.33757582464e-05, 3.58218057954e-05],
        "min": [4.20608643978e-22, 2.62813758886e-21, 8.36733579276e-21, 3.20911601041e-20, 3.40005999194e-19, 2.69701850982e-19, 2.07393321043e-19, 4.18593430663e-19, 1.51287218812e-18, 5.83388772543e-19, 2.26063643084e-18, 8.1912630323e-19, 2.16376820443e-18, 1.26968181182e-18, 1.74824064116e-18, 3.4719367656e-18, 3.64418472045e-18, 7.09033909354e-18, 3.20209886925e-18, 5.80004776657e-18, 9.94556721754e-18, 7.7787700845e-18, 1.16159013003e-17, 1.44213579668e-17, 9.17646378298e-18, 1.22546890468e-17, 1.37247718022e-17, 1.90315912082e-17, 2.34810470084e-17, 1.62400187683e-17, 2.03024996255e-17, 2.01967462386e-17, 2.07296672744e-17, 1.23224583e-17, 9.33880376846e-18, 6.87427290009e-18, 2.94470569843e-18, 1.2373291237e-18, 3.4291302206e-19, 3.20667712007e-20],
        "var": [0.00160963460803, 0.494518250227, 31.365486145, 106.501167297, 41.0094833374, 100.965919495, 254.463897705, 1202.81347656, 1301.02832031, 3255.59643555, 5572.18896484, 15132.9667969, 27289.0917969, 7013.88232422, 3350.99780273, 4700.75537109, 16772.4570312, 15569.0107422, 4016.6940918, 4321.33544922, 4607.24414062, 3444.37988281, 5585.28320312, 2508.71801758, 311.00088501, 143.022705078, 126.041351318, 76.7118911743, 35.7658538818, 23.6971054077, 14.2180709839, 5.26249647141, 1.35114479065, 0.183990553021, 0.0173490047455, 0.00178163021337, 7.60852126405e-05, 4.00139157364e-07, 8.2636320009e-10, 2.87905532748e-10]
    },
    "gfcc": {
        "mean": [0.683247745037, 106.024765015, -151.852981567, 39.3202095032, -62.7550354004, 10.0914020538, -35.8294487, 12.1081876755, -15.0141954422, -2.81604027748, -14.2311487198, -6.44238328934, -11.0872163773],
        "cov": [[3772.21508789, -374.726745605, -189.02281189, -149.656936646, -84.8592376709, -2.04452681541, -139.162857056, 66.0314102173, -148.923217773, 10.1683740616, -141.847366333, 96.5099105835, -201.903427124], [-374.726745605, 701.15234375, 167.549575806, 55.4399185181, 122.843589783, -84.1646575928, 64.142829895, -63.255405426, 91.9895935059, -69.8300933838, 55.6573410034, -62.8377838135, 40.8938674927], [-189.02281189, 167.549575806, 598.12109375, 327.565338135, 56.7970695496, 67.3754348755, -3.30377697945, -0.0733596608043, -7.78845787048, 19.9419879913, -45.1735420227, -61.4880447388, -9.55099391937], [-149.656936646, 55.4399185181, 327.565338135, 428.295776367, 94.4857559204, 50.9959182739, -23.6305427551, -32.7160682678, 20.3079032898, 17.6462497711, -40.7356834412, -54.145778656, 11.5940742493], [-84.8592376709, 122.843589783, 56.7970695496, 94.4857559204, 208.144668579, 39.8019485474, 21.2846107483, 3.47726082802, 21.3193225861, -20.5224456787, -4.5677947998, -17.5019893646, -12.600194931], [-2.04452681541, -84.1646575928, 67.3754348755, 50.9959182739, 39.8019485474, 196.915740967, 83.3374328613, 13.0098819733, -49.2157363892, 18.2936573029, 2.28034210205, -18.6619586945, -16.4986343384], [-139.162857056, 64.142829895, -3.30377697945, -23.6305427551, 21.2846107483, 83.3374328613, 181.993621826, 38.3444595337, -11.6372003555, -27.7599067688, 20.8960800171, -22.8074321747, -12.4991865158], [66.0314102173, -63.255405426, -0.0733596608043, -32.7160682678, 3.47726082802, 13.0098819733, 38.3444595337, 120.045974731, 30.2280960083, 6.26232719421, -14.8190097809, 1.40810620785, -16.5844669342], [-148.923217773, 91.9895935059, -7.78845787048, 20.3079032898, 21.3193225861, -49.2157363892, -11.6372003555, 30.2280960083, 127.431137085, 30.0340805054, 7.3828125, -5.97064161301, 25.783908844], [10.1683740616, -69.8300933838, 19.9419879913, 17.6462497711, -20.5224456787, 18.2936573029, -27.7599067688, 6.26232719421, 30.0340805054, 97.5216598511, 21.4421577454, 6.70337152481, 5.94489526749], [-141.847366333, 55.6573410034, -45.1735420227, -40.7356834412, -4.5677947998, 2.28034210205, 20.8960800171, -14.8190097809, 7.3828125, 21.4421577454, 88.5185089111, 32.6321334839, 6.08245611191], [96.5099105835, -62.8377838135, -61.4880447388, -54.145778656, -17.5019893646, -18.6619586945, -22.8074321747, 1.40810620785, -5.97064161301, 6.70337152481, 32.6321334839, 82.8848495483, 21.0468997955], [-201.903427124, 40.8938674927, -9.55099391937, 11.5940742493, -12.600194931, -16.4986343384, -12.4991865158, -16.5844669342, 25.783908844, 5.94489526749, 6.08245611191, 21.0468997955, 91.8939361572]],
        "icov": [[0.000458670780063, -0.000527799304109, 0.000453474698588, -0.000248397089308, 0.00036993570393, -0.000317385070957, 0.000325761095155, -0.000379705743399, 0.000644266954623, -0.000765718694311, 0.00168441515416, -0.00156952592079, 0.00140738417394], [-0.000527799304109, 0.00541014503688, -0.00307483645156, 0.00216086581349, -0.00291409273632, 0.0028916397132, -0.00203615659848, 0.0034980350174, -0.00413497816771, 0.00478617101908, -0.00683210697025, 0.00623529404402, -0.00381080107763], [0.000453474698588, -0.00307483645156, 0.00487359287217, -0.00359437428415, 0.00191536755301, -0.00180100055877, 0.0012583656935, -0.00281057762913, 0.00320826284587, -0.00320665421896, 0.00433653639629, -0.00309007777832, 0.00265587866306], [-0.000248397089308, 0.00216086581349, -0.00359437428415, 0.00588027946651, -0.00262360158376, 0.000377108313842, -0.000233268161537, 0.00301603646949, -0.00276139355265, 0.0014975850936, -0.0017227671342, 0.00348782166839, -0.00240918714553], [0.00036993570393, -0.00291409273632, 0.00191536755301, -0.00262360158376, 0.00789851695299, -0.00348096713424, 0.00148496648762, -0.00179890694562, -0.000189150276128, 0.000212874307181, 0.00316000217572, -0.00381912617013, 0.00367991672829], [-0.000317385070957, 0.0028916397132, -0.00180100055877, 0.000377108313842, -0.00348096713424, 0.0109617952257, -0.0056600831449, 0.00117039098404, 0.00283701042645, -0.0024146027863, -0.00288515840657, 0.00382660655305, -0.00261204806156], [0.000325761095155, -0.00203615659848, 0.0012583656935, -0.000233268161537, 0.00148496648762, -0.0056600831449, 0.0109283300117, -0.00480074156076, 0.000935925927479, 0.00313819246367, -0.00226179463789, 0.00145110371523, 0.000941242382396], [-0.000379705743399, 0.0034980350174, -0.00281057762913, 0.00301603646949, -0.00179890694562, 0.00117039098404, -0.00480074156076, 0.014613173902, -0.00736649986356, 0.00173089106102, 0.000686326820869, 0.000160681142006, 0.000756920257118], [0.000644266954623, -0.00413497816771, 0.00320826284587, -0.00276139355265, -0.000189150276128, 0.00283701042645, 0.000935925927479, -0.00736649986356, 0.0171793922782, -0.0089923273772, 0.00388203444891, -0.00166355166584, -0.000895684526768], [-0.000765718694311, 0.00478617101908, -0.00320665421896, 0.0014975850936, 0.000212874307181, -0.0024146027863, 0.00313819246367, 0.00173089106102, -0.0089923273772, 0.0205973219126, -0.0120610175654, 0.00679573183879, -0.00356716453098], [0.00168441515416, -0.00683210697025, 0.00433653639629, -0.0017227671342, 0.00316000217572, -0.00288515840657, -0.00226179463789, 0.000686326820869, 0.00388203444891, -0.0120610175654, 0.02930085361, -0.018250240013, 0.00907238386571], [-0.00156952592079, 0.00623529404402, -0.00309007777832, 0.00348782166839, -0.00381912617013, 0.00382660655305, 0.00145110371523, 0.000160681142006, -0.00166355166584, 0.00679573183879, -0.018250240013, 0.0285973567516, -0.0119093963876], [0.00140738417394, -0.00381080107763, 0.00265587866306, -0.00240918714553, 0.00367991672829, -0.00261204806156, 0.000941242382396, 0.000756920257118, -0.000895684526768, -0.00356716453098, 0.00907238386571, -0.0119093963876, 0.0191596671939]]
    },
    "melbands": {
        "dmean": [0.000198906040168, 0.000845127739012, 0.000650150177535, 0.000167601712747, 0.000166963538504, 0.00019801655435, 0.00016160751693, 0.000207169970963, 0.00021794931672, 0.000205308722798, 0.00017098870012, 8.88040594873e-05, 5.91614116274e-05, 5.76830389036e-05, 7.63163043302e-05, 5.1823011745e-05, 4.54083383374e-05, 4.19408206653e-05, 2.94369983749e-05, 2.54413589573e-05, 2.6115003493e-05, 2.10437319765e-05, 2.16481257667e-05, 2.48165815719e-05, 1.41744631037e-05, 6.52534208712e-06, 4.99121006214e-06, 3.26931717609e-06, 3.55278075403e-06, 2.38873144554e-06, 2.44969351115e-06, 1.59050853199e-06, 1.03500622117e-06, 8.71543932135e-07, 6.28090504051e-07, 4.62249602151e-07, 3.47360099795e-07, 2.46268569981e-07, 1.90742042605e-07, 1.14235589876e-07],
        "dmean2": [0.000316898600431, 0.00133750308305, 0.000987979117781, 0.000275983213214, 0.000260802451521, 0.000312147079967, 0.000245904375333, 0.000316461722832, 0.000337056728313, 0.000304895773297, 0.000264395319391, 0.000132638379, 9.33850751608e-05, 9.14366755751e-05, 0.00011661046301, 8.12957732705e-05, 7.13555491529e-05, 7.00620294083e-05, 4.76982677355e-05, 4.10394677601e-05, 4.18234121753e-05, 3.37520177709e-05, 3.43625106325e-05, 3.92743640987e-05, 2.23968745559e-05, 1.08408885353e-05, 8.60099771671e-06, 5.52514802621e-06, 6.0673896769e-06, 4.07487641496e-06, 4.2366677917e-06, 2.64303298536e-06, 1.66575841831e-06, 1.4069213421e-06, 1.00956026472e-06, 7.51549862343e-07, 5.65326217838e-07, 3.99431939968e-07, 3.14097292176e-07, 1.81904880492e-07],
        "dvar": [1.10427272659e-07, 2.65865628535e-06, 1.51555821049e-06, 1.12823997256e-07, 1.05516051008e-07, 1.70392524979e-07, 8.51240358202e-08, 1.52710242673e-07, 1.79377167342e-07, 1.70225689544e-07, 1.64358667121e-07, 5.65885294179e-08, 2.21540030765e-08, 3.44221504633e-08, 6.27030800615e-08, 3.18667119359e-08, 2.18884501635e-08, 1.02446833239e-08, 2.70912803302e-09, 3.17477444334e-09, 2.63300936609e-09, 1.58594593014e-09, 1.46047862692e-09, 2.30989205541e-09, 5.10565256739e-10, 1.93729116083e-10, 1.44362480303e-10, 3.84674757326e-11, 5.4926146964e-11, 2.69610878761e-11, 2.92407834057e-11, 9.84976596813e-12, 5.66676219838e-12, 5.12800826108e-12, 5.43181255183e-12, 2.87259994437e-12, 1.4938992968e-12, 7.0198876009e-13, 2.55757492008e-13, 7.39975707662e-14],
        "dvar2": [2.90486042331e-07, 5.96539121034e-06, 2.89942840936e-06, 2.60689517972e-07, 2.36577207602e-07, 4.28826808729e-07, 1.84674888715e-07, 3.59925735438e-07, 4.45954299266e-07, 3.69479778328e-07, 3.94333881104e-07, 1.2516635195e-07, 5.33961888038e-08, 8.60121858182e-08, 1.24742697949e-07, 6.56692051848e-08, 4.62935787482e-08, 2.83285608305e-08, 6.38580655021e-09, 7.88863285806e-09, 6.17318018925e-09, 3.86175047495e-09, 3.23724558271e-09, 5.62245805469e-09, 1.12978759681e-09, 5.30847976687e-10, 3.69771657738e-10, 1.00639892253e-10, 1.48526649313e-10, 7.15321760159e-11, 7.94270968441e-11, 2.41579794363e-11, 1.25470701537e-11, 1.17864277366e-11, 1.27609650277e-11, 6.59497369909e-12, 3.21671508874e-12, 1.54755667916e-12, 5.62425485958e-13, 1.5945614783e-13],
        "max": [0.00521389394999, 0.0213978793472, 0.0158024281263, 0.010765844956, 0.00856142770499, 0.010479346849, 0.00600780500099, 0.00734060909599, 0.00727446330711, 0.00959279481322, 0.0104424497113, 0.00816526450217, 0.0035542040132, 0.00714517803863, 0.00657279836014, 0.0058840312995, 0.00706064095721, 0.00306590483524, 0.0011335775489, 0.00190893735271, 0.00107527407818, 0.000812123937067, 0.00100037897937, 0.00110725010745, 0.000770079554059, 0.000464231387014, 0.000433708453784, 0.000177944821189, 0.000123935271404, 0.000134686400997, 0.000122545738122, 8.7264998001e-05, 8.20967616164e-05, 6.39119170955e-05, 0.000100263641798, 7.29581734049e-05, 7.26163270883e-05, 4.98941481055e-05, 2.60956257989e-05, 1.1847208043e-05],
        "mean": [0.000380109064281, 0.00156967830844, 0.00100296991877, 0.000289760180749, 0.000314643868478, 0.000403820013162, 0.000315210840199, 0.000360655161785, 0.000419146381319, 0.000418793031713, 0.000366466498235, 0.000163111631991, 0.000103990518255, 9.04875560082e-05, 0.000113948000944, 8.74381948961e-05, 8.31206780276e-05, 6.71863599564e-05, 5.45065158803e-05, 5.25784125784e-05, 5.06143842358e-05, 4.21553195338e-05, 4.28926832683e-05, 5.39966131328e-05, 3.07472182612e-05, 1.26138693304e-05, 8.02662088972e-06, 5.55794667889e-06, 5.61072647542e-06, 3.89343585994e-06, 3.6209105474e-06, 2.68880512522e-06, 1.94891208594e-06, 1.5193818399e-06, 1.03421575659e-06, 7.57085956593e-07, 5.24884399056e-07, 3.58729693062e-07, 2.54030140923e-07, 1.63720017099e-07],
        "median": [0.000186180113815, 0.000771330669522, 0.000409899861552, 0.000130993823404, 0.000163113989402, 0.00016423285706, 0.000145489320857, 0.00014488461602, 0.000147507584188, 0.000116807837912, 7.00904274709e-05, 4.36211630586e-05, 3.60089470632e-05, 2.72372071777e-05, 3.4216682252e-05, 2.77691106021e-05, 2.64539194177e-05, 2.59013977484e-05, 2.58140535152e-05, 2.01605853363e-05, 2.01173552341e-05, 1.88411031559e-05, 2.32658894674e-05, 2.20609617827e-05, 1.71239007614e-05, 7.61209639677e-06, 4.3947920858e-06, 3.39478742717e-06, 3.11160829369e-06, 2.35640823121e-06, 2.0687371034e-06, 1.59492344665e-06, 1.09946950033e-06, 8.82597021246e-07, 5.6661679082e-07, 4.06821868637e-07, 2.84057534827e-07, 1.80796078553e-07, 1.19002550036e-07, 7.55707674216e-08],
        "min": [6.65761369772e-24, 4.18663273543e-24, 1.52748052157e-23, 2.40442295334e-23, 8.44643626412e-24, 1.00605174625e-23, 2.09789369367e-23, 7.90238414134e-24, 1.65187047568e-23, 5.6825950295e-24, 1.06323012016e-23, 4.73138576112e-24, 6.14740528549e-24, 9.24631597846e-24, 8.19516039998e-24, 7.68685708684e-24, 1.42766973776e-23, 4.43579011361e-24, 7.1699236354e-24, 1.02851250949e-23, 1.00708791505e-23, 8.1076694147e-24, 7.73773782636e-24, 1.32694703075e-23, 1.15847702808e-23, 8.33120971828e-24, 5.36128961622e-24, 8.68796969608e-24, 9.08577095134e-24, 6.63714749039e-24, 1.36929939503e-23, 1.52685795254e-23, 8.82354017581e-24, 9.79332948508e-24, 1.14581659942e-23, 1.09058852633e-23, 1.38381632895e-23, 1.49404922749e-23, 1.23172000212e-23, 9.81116484129e-24],
        "var": [2.53233707781e-07, 4.64949835077e-06, 2.60459910351e-06, 2.47752211635e-07, 2.67906187901e-07, 5.63216815408e-07, 2.6174143386e-07, 3.6412626514e-07, 5.12136182351e-07, 6.4024590074e-07, 7.18200283245e-07, 1.63254298968e-07, 4.91997731444e-08, 5.02608514807e-08, 1.13821137404e-07, 5.42886624544e-08, 5.22238501333e-08, 1.78402483897e-08, 6.32288088553e-09, 1.04199218143e-08, 7.67019781023e-09, 4.51196724427e-09, 3.96803434555e-09, 8.30280644237e-09, 1.61018864908e-09, 2.63096017195e-10, 1.70351580064e-10, 5.51815988736e-11, 6.60415749865e-11, 2.91708358857e-11, 2.73771370157e-11, 1.26793592986e-11, 1.00645472859e-11, 7.05241550922e-12, 5.74468337483e-12, 3.09419980957e-12, 1.66178030538e-12, 7.75307118853e-13, 2.98698484566e-13, 1.10274623092e-13]
    },
    "mfcc": {
        "mean": [-625.853088379, 122.633560181, -24.01030159, 25.4424343109, -3.31781864166, 0.381511926651, -7.81445789337, 7.9885134697, 0.308177232742, 3.22528457642, 4.35012578964, 1.37445104122, -5.72639608383],
        "cov": [[2810.65893555, -292.612915039, -193.221572876, -170.023254395, -50.1275253296, -84.6630172729, -57.5087661743, 20.8893146515, -79.380821228, -62.8708763123, 15.9049396515, -42.9659004211, -36.5518836975], [-292.612915039, 661.527038574, -10.886879921, 46.9407539368, 24.7896728516, -25.3714942932, -19.8438987732, 34.9634284973, -10.3052377701, -2.82955431938, 20.4563102722, -2.53765821457, 4.54791069031], [-193.221572876, -10.886879921, 537.603637695, 219.905838013, 87.4520263672, 94.7448654175, 57.3885574341, -33.8020439148, 55.0539360046, 17.9945983887, -27.9325962067, 27.76121521, 22.5180282593], [-170.023254395, 46.9407539368, 219.905838013, 335.026123047, 151.071456909, 61.6330833435, -28.8844146729, -13.7137928009, 49.9890594482, 10.2366685867, -22.8916950226, 3.27371358871, 26.8383197784], [-50.1275253296, 24.7896728516, 87.4520263672, 151.071456909, 218.432174683, 57.1053123474, -21.1890277863, -6.10919809341, 31.4882698059, 12.9411592484, -8.80448722839, -10.8659801483, 18.3737773895], [-84.6630172729, -25.3714942932, 94.7448654175, 61.6330833435, 57.1053123474, 170.770812988, 89.5493087769, 1.87161266804, 10.1319961548, 9.57765865326, -3.87097597122, 6.34463500977, -8.64236927032], [-57.5087661743, -19.8438987732, 57.3885574341, -28.8844146729, -21.1890277863, 89.5493087769, 197.307632446, 62.4872322083, -2.09975481033, 13.3475980759, 25.9736595154, 4.1749329567, -50.6738853455], [20.8893146515, 34.9634284973, -33.8020439148, -13.7137928009, -6.10919809341, 1.87161266804, 62.4872322083, 120.614173889, 13.9593219757, 10.5954723358, 29.5765113831, -14.4458065033, -39.8250923157], [-79.380821228, -10.3052377701, 55.0539360046, 49.9890594482, 31.4882698059, 10.1319961548, -2.09975481033, 13.9593219757, 107.943351746, 51.4533500671, -12.3552675247, -1.37688541412, 18.2093048096], [-62.8708763123, -2.82955431938, 17.9945983887, 10.2366685867, 12.9411592484, 9.57765865326, 13.3475980759, 10.5954723358, 51.4533500671, 85.2719802856, 28.3264141083, 6.47367763519, 1.38843905926], [15.9049396515, 20.4563102722, -27.9325962067, -22.8916950226, -8.80448722839, -3.87097597122, 25.9736595154, 29.5765113831, -12.3552675247, 28.3264141083, 89.0818710327, 23.5136756897, -25.3323020935], [-42.9659004211, -2.53765821457, 27.76121521, 3.27371358871, -10.8659801483, 6.34463500977, 4.1749329567, -14.4458065033, -1.37688541412, 6.47367763519, 23.5136756897, 75.6566238403, 46.0605163574], [-36.5518836975, 4.54791069031, 22.5180282593, 26.8383197784, 18.3737773895, -8.64236927032, -50.6738853455, -39.8250923157, 18.2093048096, 1.38843905926, -25.3323020935, 46.0605163574, 121.54712677]],
