{
"lowlevel": {
    "average_loudness": 0.578571557999,
    "barkbands_crest": {
        "dmean": 2.1380045414,
        "dmean2": 3.43341135979,
        "dvar": 4.15480041504,
        "dvar2": 10.4106292725,
        "max": 24.5796108246,
        "mean": 9.14831161499,
        "median": 8.32599067688,
        "min": 2.4566655159,
        "var": 14.5182828903
    },
    "barkbands_flatness_db": {
        "dmean": 0.0181795004755,
        "dmean2": 0.0271270070225,
        "dvar": 0.00032184671727,
        "dvar2": 0.000634047319181,
        "max": 0.356401801109,
        "mean": 0.147279888391,
        "median": 0.143977060914,
        "min": 0.0278663001955,
        "var": 0.00277274637483
    },
    "barkbands_kurtosis": {
        "dmean": 2.17908716202,
        "dmean2": 3.35460710526,
        "dvar": 12.2910737991,
        "dvar2": 27.3514652252,
        "max": 92.7618179321,
        "mean": 4.57724761963,
        "median": 2.53801441193,
        "min": -1.88464272022,
        "var": 48.1921386719
    },
    "barkbands_skewness": {
        "dmean": 0.398832499981,
        "dmean2": 0.600897192955,
        "dvar": 0.168652966619,
        "dvar2": 0.369940787554,
        "max": 7.46124458313,
        "mean": 1.19029724598,
        "median": 1.22455453873,
        "min": -4.00911092758,
        "var": 2.11099553108
    },
    "barkbands_spread": {
        "dmean": 4.38139533997,
        "dmean2": 6.63050222397,
        "dvar": 37.4224777222,
        "dvar2": 74.6119537354,
        "max": 100.530403137,
        "mean": 17.923576355,
        "median": 15.7184829712,
        "min": 1.15376269817,
        "var": 124.938285828
    },
    "dissonance": {
        "dmean": 0.0207733921707,
        "dmean2": 0.034704297781,
        "dvar": 0.000474871543702,
        "dvar2": 0.00126701709814,
        "max": 0.500000119209,
        "mean": 0.455619215965,
        "median": 0.46381726861,
        "min": 0.229120925069,
        "var": 0.00133220339194
    },
    "dynamic_complexity": 4.18173074722,
    "erbbands_crest": {
        "dmean": 2.40516042709,
        "dmean2": 3.86865520477,
        "dvar": 5.74153089523,
        "dvar2": 13.9032258987,
        "max": 32.8811035156,
        "mean": 9.57096481323,
        "median": 8.30994129181,
        "min": 2.36484479904,
        "var": 25.9600944519
    },
    "erbbands_flatness_db": {
        "dmean": 0.016920382157,
        "dmean2": 0.0240060575306,
        "dvar": 0.000291592325084,
        "dvar2": 0.00051956193056,
        "max": 0.392147749662,
        "mean": 0.178169876337,
        "median": 0.178413450718,
        "min": 0.0563383661211,
        "var": 0.00288766529411
    },
    "erbbands_kurtosis": {
        "dmean": 1.08892190456,
        "dmean2": 1.68927383423,
        "dvar": 3.90957403183,
        "dvar2": 7.51961565018,
        "max": 108.008178711,
        "mean": 1.28587257862,
        "median": 0.302344083786,
        "min": -1.8116080761,
        "var": 14.3569755554
    },
    "erbbands_skewness": {
        "dmean": 0.320374459028,
        "dmean2": 0.496446698904,
        "dvar": 0.100746266544,
        "dvar2": 0.225050315261,
        "max": 6.25505399704,
        "mean": 0.634018778801,
        "median": 0.558972477913,
        "min": -4.07175540924,
        "var": 0.765309154987
    },
    "erbbands_spread": {
        "dmean": 6.51116418839,
        "dmean2": 9.91371631622,
        "dvar": 76.4695663452,
        "dvar2": 163.667266846,
        "max": 146.811447144,
        "mean": 31.8863239288,
        "median": 29.6121406555,
        "min": 1.2214012146,
        "var": 292.932891846
    },
    "hfc": {
        "dmean": 4.10758066177,
        "dmean2": 5.65833616257,
        "dvar": 48.9550666809,
        "dvar2": 88.1074447632,
        "max": 154.003189087,
        "mean": 15.2458782196,
        "median": 8.25619125366,
        "min": 1.02102701421e-16,
        "var": 301.747314453
    },
    "melbands_crest": {
        "dmean": 2.56783771515,
        "dmean2": 4.15656995773,
        "dvar": 6.34343719482,
        "dvar2": 16.1150608063,
        "max": 31.8095664978,
        "mean": 11.3005046844,
        "median": 10.9282932281,
        "min": 1.46421074867,
        "var": 30.1230392456
    },
    "melbands_flatness_db": {
        "dmean": 0.0194488689303,
        "dmean2": 0.0283802673221,
        "dvar": 0.000481175375171,
        "dvar2": 0.000944107479881,
        "max": 0.469471126795,
        "mean": 0.178787320852,
        "median": 0.179106757045,
        "min": 0.00285293278284,
        "var": 0.00735464459285
    },
    "melbands_kurtosis": {
        "dmean": 3.81755399704,
        "dmean2": 5.8854675293,
        "dvar": 41.8479194641,
        "dvar2": 94.5685043335,
        "max": 145.687637329,
        "mean": 9.25321292877,
        "median": 4.91461515427,
        "min": -1.8111499548,
        "var": 171.632980347
    },
    "melbands_skewness": {
        "dmean": 0.481264442205,
        "dmean2": 0.737212240696,
        "dvar": 0.266228437424,
        "dvar2": 0.598500311375,
        "max": 9.47992706299,
        "mean": 1.87560558319,
        "median": 1.77790212631,
        "min": -2.25160932541,
        "var": 2.09531641006
    },
    "melbands_spread": {
        "dmean": 5.53867292404,
        "dmean2": 8.7677564621,
        "dvar": 52.8010063171,
        "dvar2": 126.828308105,
        "max": 174.00340271,
        "mean": 30.0726356506,
        "median": 19.0577087402,
        "min": 1.13078343868,
        "var": 1169.43652344
    },
    "pitch_salience": {
        "dmean": 0.0535234548151,
        "dmean2": 0.0863437280059,
        "dvar": 0.00240528327413,
        "dvar2": 0.00596039555967,
        "max": 0.967928946018,
        "mean": 0.61294311285,
        "median": 0.606114983559,
        "min": 0.145460858941,
        "var": 0.0147107411176
    },
    "silence_rate_20dB": {
        "dmean": 0,
        "dmean2": 0,
        "dvar": 0,
        "dvar2": 0,
        "max": 1,
        "mean": 1,
        "median": 1,
        "min": 1,
        "var": 0
    },
    "silence_rate_30dB": {
        "dmean": 0.00359104340896,
        "dmean2": 0.00718284584582,
        "dvar": 0.00357827427797,
        "dvar2": 0.00903275143355,
        "max": 1,
        "mean": 0.996092498302,
        "median": 1,
        "min": 0,
        "var": 0.00389221031219
    },
    "silence_rate_60dB": {
        "dmean": 0.0255597811192,
        "dmean2": 0.0511249601841,
        "dvar": 0.0249078217894,
        "dvar2": 0.0569628477097,
        "max": 1,
        "mean": 0.196641668677,
        "median": 0,
        "min": 0,
        "var": 0.157989695668
    },
    "spectral_centroid": {
        "dmean": 201.140228271,
        "dmean2": 315.023284912,
        "dvar": 63893.9335938,
        "dvar2": 144738.0625,
        "max": 11829.2568359,
        "mean": 2088.6862793,
        "median": 1226.64453125,
        "min": 192.346252441,
        "var": 7972918.5
    },
    "spectral_complexity": {
        "dmean": 2.21588516235,
        "dmean2": 3.55022716522,
        "dvar": 6.87354421616,
        "dvar2": 15.1448535919,
        "max": 54,
        "mean": 14.8340902328,
        "median": 13,
        "min": 0,
        "var": 94.3591461182
    },
    "spectral_decrease": {
        "dmean": 1.13469211804e-09,
        "dmean2": 1.66292191128e-09,
        "dvar": 4.04705393881e-18,
        "dvar2": 8.11704559601e-18,
        "max": 7.21716861598e-21,
        "mean": -4.23197121791e-09,
        "median": -3.08620862199e-09,
        "min": -4.91995457708e-08,
        "var": 1.94755638584e-17
    },
    "spectral_energy": {
        "dmean": 0.00456075789407,
        "dmean2": 0.00665180431679,
        "dvar": 6.42541490379e-05,
        "dvar2": 0.000127749313833,
        "max": 0.196137264371,
        "mean": 0.017355279997,
        "median": 0.0126219084486,
        "min": 9.67053946079e-21,
        "var": 0.000319937331369
    },
    "spectral_energyband_high": {
        "dmean": 0.000204668191145,
        "dmean2": 0.000290300231427,
        "dvar": 2.26353776611e-07,
        "dvar2": 4.40712568661e-07,
        "max": 0.0119810858741,
        "mean": 0.000440525211161,
        "median": 0.000150096369907,
        "min": 6.74963264362e-21,
        "var": 6.13133465777e-07
    },
    "spectral_energyband_low": {
        "dmean": 0.000996705261059,
        "dmean2": 0.00148956116755,
        "dvar": 9.09964273887e-06,
        "dvar2": 1.93624891835e-05,
        "max": 0.0829839929938,
        "mean": 0.00255521154031,
        "median": 0.000750239007175,
        "min": 9.45214162155e-24,
        "var": 2.83361805486e-05
    },
    "spectral_energyband_middle_high": {
        "dmean": 0.00156012864318,
        "dmean2": 0.00232345703989,
        "dvar": 1.00510196717e-05,
        "dvar2": 2.31372978305e-05,
        "max": 0.0698904618621,
        "mean": 0.00501382863149,
        "median": 0.00183681456838,
        "min": 1.12015340485e-21,
        "var": 6.00673520239e-05
    },
    "spectral_energyband_middle_low": {
        "dmean": 0.00326859741472,
        "dmean2": 0.0049008494243,
        "dvar": 4.42446944362e-05,
        "dvar2": 8.94279874046e-05,
        "max": 0.171218469739,
        "mean": 0.00986315403134,
        "median": 0.00590012315661,
        "min": 1.35915306607e-22,
        "var": 0.000173201377038
    },
    "spectral_entropy": {
        "dmean": 0.145496070385,
        "dmean2": 0.210333377123,
        "dvar": 0.0317507199943,
        "dvar2": 0.0583157688379,
        "max": 9.83093738556,
        "mean": 7.5961894989,
        "median": 7.50102567673,
        "min": 5.43906116486,
        "var": 0.676162362099
    },
    "spectral_flux": {
        "dmean": 0.0131538454443,
        "dmean2": 0.0208746492863,
        "dvar": 0.000305694818962,
        "dvar2": 0.000708349922206,
        "max": 0.36041739583,
        "mean": 0.0569014213979,
        "median": 0.0506174340844,
        "min": 6.21697068826e-11,
        "var": 0.00163813005202
    },
    "spectral_kurtosis": {
        "dmean": 1.67797422409,
        "dmean2": 2.76329874992,
        "dvar": 5.2463760376,
        "dvar2": 13.8146114349,
        "max": 45.461353302,
        "mean": 4.94526338577,
        "median": 4.33131170273,
        "min": -1.31986403465,
        "var": 18.7871055603
    },
    "spectral_rms": {
        "dmean": 0.000462679599877,
        "dmean2": 0.00066817982588,
        "dvar": 3.80985909487e-07,
        "dvar2": 7.16366173492e-07,
        "max": 0.0138330552727,
        "mean": 0.00353866047226,
        "median": 0.00350913917646,
        "min": 3.0715911585e-12,
        "var": 4.40975691163e-06
    },
    "spectral_rolloff": {
        "dmean": 443.372680664,
        "dmean2": 753.630615234,
        "dvar": 978973,
        "dvar2": 2207301.5,
        "max": 19896.6796875,
        "mean": 2991.70629883,
        "median": 1248.92578125,
        "min": 107.666015625,
        "var": 25437736
    },
    "spectral_skewness": {
        "dmean": 0.21154987812,
        "dmean2": 0.337933450937,
        "dvar": 0.0567369610071,
        "dvar2": 0.136420547962,
        "max": 5.23868370056,
        "mean": 1.61311638355,
        "median": 1.60257840157,
        "min": -0.107509106398,
        "var": 0.551205694675
    },
    "spectral_spread": {
        "dmean": 671365.4375,
        "dmean2": 921590.25,
        "dvar": 1.08602713702e+12,
        "dvar2": 2.00422129664e+12,
        "max": 50360972,
        "mean": 7587749,
        "median": 4073000.75,
        "min": 1381961,
        "var": 1.0634790332e+14
    },
    "spectral_strongpeak": {
        "dmean": 0.502337157726,
        "dmean2": 0.815737426281,
        "dvar": 0.757019281387,
        "dvar2": 1.90660321712,
        "max": 14.9410581589,
        "mean": 1.13072550297,
        "median": 0.618862271309,
        "min": 0,
        "var": 2.01391792297
    },
    "zerocrossingrate": {
        "dmean": 0.0108452280983,
        "dmean2": 0.0130686797202,
        "dvar": 0.000223308859859,
        "dvar2": 0.000280879437923,
        "max": 0.73779296875,
        "mean": 0.101604580879,
        "median": 0.0634765625,
        "min": 0.00634765625,
        "var": 0.0164660289884
    },
    "barkbands": {
        "dmean": [1.44227597048e-05, 0.000642771541607, 0.000465456716483, 0.000302807340631, 0.00110407208558, 0.000919752987102, 0.00107240036596, 0.000777636480052, 0.000636797980405, 0.000622043618932, 0.000442385528004, 0.000424721889431, 0.000323168642353, 0.000358742690878, 0.000179199501872, 0.000135746595333, 0.000109406362753, 0.000117217306979, 0.000152110820636, 0.000122749246657, 3.27233137796e-05, 3.30936563842e-05, 3.31913324771e-05, 3.80422316084e-05, 2.97402348224e-05, 3.18050661008e-05, 2.41122499745e-08],
        "dmean2": [2.4751681849e-05, 0.00090910034487, 0.000754965585656, 0.000481463124743, 0.00180777965579, 0.00139897002373, 0.00159300607629, 0.00114746158943, 0.0010107770795, 0.000979820848443, 0.000702169956639, 0.000680208439007, 0.000510704761837, 0.000563534034882, 0.000292780401651, 0.000220320580411, 0.000175463021151, 0.000186260789633, 0.000233892453252, 0.00019018468447, 5.45791990589e-05, 5.23741218785e-05, 5.24923016201e-05, 5.70675547351e-05, 3.87946420233e-05, 4.57399692095e-05, 4.22367882891e-08],
        "dvar": [1.82388137926e-09, 7.24984283806e-06, 1.84378973245e-06, 3.91775216713e-07, 7.32060698283e-06, 3.70931729776e-06, 1.5120082935e-05, 9.55205268838e-06, 3.78301842829e-06, 2.94186884275e-06, 2.36759569816e-06, 2.2104090931e-06, 1.06588174731e-06, 1.49841480379e-06, 2.58688061194e-07, 2.52448216997e-07, 7.95239500917e-08, 8.07487197108e-08, 1.42451597185e-07, 1.0697514341e-07, 8.57510684682e-09, 7.63478524846e-09, 8.28854940238e-09, 2.82214482894e-08, 7.9183255508e-09, 1.66416480596e-08, 2.13113387885e-14],
        "dvar2": [5.11303754891e-09, 1.31729975692e-05, 5.02423154103e-06, 9.07489209112e-07, 1.91891012946e-05, 8.2335618572e-06, 3.04490640701e-05, 1.9349703507e-05, 8.91344461706e-06, 6.77926800563e-06, 6.05519244345e-06, 5.67188226341e-06, 2.42151099883e-06, 3.63077651855e-06, 6.60962939492e-07, 6.27389795227e-07, 1.83224372563e-07, 1.92252230136e-07, 3.1697555869e-07, 2.44955657536e-07, 2.23321627857e-08, 1.71052612075e-08, 2.0160932479e-08, 5.30553023737e-08, 1.25538237583e-08, 3.58707659132e-08, 5.53890463497e-14],
        "max": [0.00109289295506, 0.0795146673918, 0.0387154072523, 0.0167783405632, 0.0487682335079, 0.049166303128, 0.133253291249, 0.107618264854, 0.0775303468108, 0.0517794825137, 0.0685576498508, 0.0407329872251, 0.0239602420479, 0.0416209511459, 0.0124865230173, 0.0187420975417, 0.00704309390858, 0.00545420031995, 0.00913270004094, 0.00802386179566, 0.00179054576438, 0.00185492599849, 0.00231721298769, 0.00384296197444, 0.00393764069304, 0.00626603001729, 5.19930381415e-06],
        "mean": [1.73312564584e-05, 0.00103507377207, 0.00118137395475, 0.000678065523971, 0.00223875348456, 0.00206778920256, 0.00202530366369, 0.00136793183628, 0.00107973872218, 0.00110461807344, 0.000755979737733, 0.000752759631723, 0.000540199165698, 0.000602119311225, 0.000313274795189, 0.000247714255238, 0.000203578252695, 0.000237347747316, 0.00031539259362, 0.000253077771049, 6.39650897938e-05, 6.8303423177e-05, 6.1267244746e-05, 5.89128358115e-05, 4.65311422886e-05, 3.88195985579e-05, 1.77148375968e-08],
        "median": [2.83496751763e-06, 0.000181041992619, 0.000250645942288, 0.000217170119868, 0.00100280158222, 0.000766662531532, 0.000535910599865, 0.00028546754038, 0.000263140245806, 0.000214729370782, 0.000107026833575, 0.000137532071676, 0.000110310371383, 0.000131063439767, 0.000100080826087, 7.13243716746e-05, 6.85464619892e-05, 5.7379140344e-05, 5.91746756982e-05, 4.1269006033e-05, 1.78088284883e-05, 1.75340865098e-05, 1.9059258193e-05, 1.18168782137e-05, 6.76606487104e-06, 2.81012285086e-06, 6.57971344076e-10],
        "min": [1.04881547191e-25, 1.16808428895e-24, 4.25309771796e-25, 2.72893734431e-25, 3.28475922249e-24, 3.47004371647e-24, 2.69612876717e-24, 3.2488116199e-24, 8.9556325678e-24, 5.80988878061e-24, 6.88293446035e-24, 1.72086188387e-23, 2.15468852341e-23, 1.7916492128e-23, 3.15803297792e-23, 4.30815936112e-23, 4.55822732144e-23, 7.38362195254e-23, 8.79687636167e-23, 1.5359259402e-22, 2.1810870594e-22, 2.6540832619e-22, 3.3291762882e-22, 4.35536239955e-22, 8.10316811127e-22, 1.21527564119e-21, 1.86833120071e-21],
        "var": [2.69884448123e-09, 1.35931022669e-05, 7.37114305593e-06, 1.52176642132e-06, 1.31555507323e-05, 1.39404810398e-05, 4.02248260798e-05, 2.26047632168e-05, 8.70172698342e-06, 8.67605558597e-06, 6.60583646095e-06, 5.56704480914e-06, 2.36786058849e-06, 3.74175601792e-06, 5.66177163819e-07, 6.66860501042e-07, 1.94694024458e-07, 2.33457797094e-07, 4.27113832302e-07, 2.99477449062e-07, 1.69103184788e-08, 1.96001401775e-08, 1.49926275839e-08, 4.16371150891e-08, 1.91539406558e-08, 2.41421300728e-08, 1.57854635532e-14]
    },
    "erbbands": {
        "dmean": [0.0144032845274, 0.165757060051, 0.466332316399, 0.765572309494, 2.43925642967, 4.0855307579, 5.76781702042, 8.1601228714, 14.2308940887, 15.2899160385, 17.3215427399, 12.9322776794, 19.6484851837, 17.0679912567, 16.9894962311, 16.4722957611, 14.4477815628, 17.6892948151, 10.4555463791, 7.74494743347, 6.92775440216, 5.62247896194, 5.25642967224, 6.72924947739, 7.52907323837, 5.95622873306, 1.70680952072, 1.42045211792, 1.18223667145, 1.02933764458, 0.963345468044, 0.735412597656, 0.63136357069, 0.29162171483, 0.247474327683, 0.202929854393, 0.0453149676323, 0.0018459064886, 4.58669055661e-05, 7.66456469137e-06],
        "dmean2": [0.0210999399424, 0.235450282693, 0.750263094902, 1.21919429302, 3.94160437584, 6.81052780151, 9.10641098022, 12.2539024353, 21.7320995331, 22.2041606903, 25.5384960175, 20.0396633148, 30.1198997498, 27.1340999603, 26.9021015167, 26.2121505737, 22.6798000336, 27.9268684387, 16.9972229004, 12.3780012131, 11.1983366013, 8.9208240509, 8.20440101624, 10.3421602249, 11.5943899155, 9.13291072845, 2.71901750565, 2.44521069527, 1.92042529583, 1.56677222252, 1.54755866528, 1.13070511818, 0.924736380577, 0.386837273836, 0.329157561064, 0.295070379972, 0.0651821494102, 0.0027278161142, 6.53213064652e-05, 1.08178364826e-05],
        "dvar": [0.00338137499057, 0.476786643267, 1.87697911263, 2.7807238102, 56.140789032, 84.8001327515, 213.362213135, 351.308227539, 2376.97802734, 4552.38476562, 4903.64013672, 1841.72436523, 3356.86914062, 2132.90039062, 2936.36767578, 3117.71875, 2182.62744141, 4465.48486328, 792.61505127, 540.874511719, 649.439575195, 248.472808838, 150.108566284, 266.663116455, 413.895263672, 243.432754517, 15.9280767441, 19.9777317047, 10.8582496643, 6.91648578644, 7.36542844772, 5.93927574158, 8.35979175568, 0.703095138073, 0.652906060219, 0.734609246254, 0.0368383824825, 0.000140443182318, 5.17992724269e-08, 2.49334025648e-10],
        "dvar2": [0.00658182939515, 0.876924216747, 5.01384353638, 6.68980121613, 138.098388672, 241.083679199, 527.069213867, 735.975463867, 4919.35302734, 8698.20605469, 9893.22363281, 4475.20458984, 7016.49707031, 5345.88916016, 7396.88525391, 7606.60742188, 5026.60644531, 10875.7675781, 2012.76037598, 1178.92785645, 1659.19299316, 555.011657715, 353.908996582, 591.284118652, 903.589538574, 558.033081055, 37.8782958984, 54.5668563843, 25.8007774353, 14.0698986053, 18.410736084, 12.3318853378, 15.3979482651, 1.1859139204, 1.10714316368, 1.72079777718, 0.0736208409071, 0.000299760373309, 1.04930798273e-07, 4.6302647827e-10],
        "max": [1.63661563396, 20.4155521393, 37.5514259338, 47.944732666, 151.370513916, 155.497131348, 757.686401367, 553.262695312, 1456.92810059, 2921.31958008, 2873.05419922, 1377.9864502, 2312.25976562, 1138.79528809, 2280.11816406, 1861.81787109, 1175.23852539, 2354.04833984, 645.030456543, 982.101501465, 1224.29272461, 392.076446533, 289.057495117, 518.93536377, 646.079284668, 538.809997559, 92.4704437256, 92.1497650146, 75.7848129272, 76.3155822754, 55.5257911682, 45.0659713745, 70.6821899414, 29.9105873108, 38.2650985718, 33.6382865906, 10.4713439941, 0.81839042902, 0.0151802999899, 0.000818695640191],
        "mean": [0.021654708311, 0.275319248438, 1.21786940098, 1.94170248508, 4.65839290619, 7.71934890747, 11.9567527771, 17.8381385803, 27.291727066, 30.507226944, 31.3253116608, 23.4474983215, 35.2620010376, 31.1090240479, 31.7221298218, 31.1540813446, 27.049955368, 32.4801597595, 19.2686367035, 14.775135994, 13.8032035828, 11.4752836227, 11.6629304886, 14.9068241119, 16.742099762, 12.5247478485, 3.694013834, 2.59592366219, 2.39835715294, 2.11820840836, 1.69523108006, 1.17611443996, 0.962116122246, 0.463702589273, 0.363783240318, 0.252199023962, 0.0532129406929, 0.00201935111545, 6.24734311714e-05, 2.4943776225e-05],
        "median": [0.00315508781932, 0.0512541420758, 0.266987621784, 0.710141777992, 1.74696612358, 3.2887237072, 4.55893516541, 5.93083333969, 7.91474056244, 6.47028446198, 7.1401848793, 6.52536296844, 8.00274753571, 7.57039499283, 6.32809734344, 6.55828762054, 6.1123456955, 7.3873257637, 6.31342792511, 5.04563522339, 4.31901454926, 3.9024772644, 3.49316859245, 3.24026274681, 2.94830203056, 2.03414607048, 1.0550121069, 0.664786934853, 0.635550558567, 0.612997114658, 0.529637992382, 0.298719644547, 0.168616861105, 0.0744830369949, 0.0492489412427, 0.0225639026612, 0.00219412334263, 5.88135626458e-05, 1.43668848978e-05, 1.74256110768e-05],
        "min": [3.45605579267e-23, 3.78099567747e-22, 1.00797743461e-21, 3.03683327197e-21, 6.15583732504e-21, 8.5563247523e-21, 2.44383161057e-20, 4.85058840448e-20, 6.30077108137e-20, 8.5584487647e-20, 1.9330329451e-19, 2.62468440869e-19, 3.52874551381e-19, 4.38205391849e-19, 5.65046404351e-19, 7.31680904774e-19, 1.34877247929e-18, 1.24579872939e-18, 2.04279593498e-18, 2.3740778412e-18, 2.24085357931e-18, 3.22981541683e-18, 3.91110391e-18, 5.24074421871e-18, 6.10718778622e-18, 7.21763970827e-18, 7.44693003816e-18, 9.41800879365e-18, 9.69253349534e-18, 1.02969750485e-17, 1.03564559519e-17, 9.30035310486e-18, 8.40349741495e-18, 7.56949504389e-18, 5.50144631878e-18, 3.33465352844e-18, 1.97289358975e-18, 8.93903275508e-19, 2.31396460983e-19, 2.60472292492e-20],
        "var": [0.00653243903071, 0.860247671604, 7.77619552612, 11.3437652588, 94.981086731, 166.718963623, 634.874511719, 1350.14599609, 5580.23925781, 16550.9160156, 11663.7246094, 4398.39599609, 9550.24414062, 5443.4453125, 8245.71582031, 8525.38574219, 5302.10595703, 12105.0410156, 1766.61572266, 1465.25244141, 2027.48779297, 629.573059082, 508.781799316, 903.603759766, 1296.68762207, 703.080444336, 43.7832260132, 31.1503200531, 24.767490387, 17.9961853027, 12.0884408951, 9.15365886688, 12.608997345, 1.63755083084, 1.38631343842, 0.944264650345, 0.0565841160715, 0.000189148689969, 7.82600295679e-08, 8.34467384081e-10]
    },
    "gfcc": {
        "mean": [-133.16317749, 86.7499847412, -121.9662323, 16.9702377319, -68.6256027222, 8.19774341583, -43.5075492859, 6.89821434021, -27.6244411469, 1.07143974304, -12.5267562866, -3.24204182625, -8.97336673737],
        "cov": [[102975.273438, 7918.71337891, -11600.9208984, 1933.20410156, -6575.97998047, 845.643310547, -4097.16113281, 851.046203613, -2980.07495117, 179.766952515, -1242.94665527, -209.583557129, -1153.42944336], [7918.71337891, 2224.4230957, -550.109863281, 311.668395996, -369.100219727, -73.9449005127, -209.101242065, -64.1675415039, -101.593765259, -136.531280518, 58.3409576416, -201.374359131, 23.6952495575], [-11600.9208984, -550.109863281, 3145.87841797, 25.2042446136, 924.377380371, 52.4340400696, 395.191894531, 10.591627121, 241.834579468, 68.848487854, -2.50110697746, 104.782157898, 27.190486908], [1933.20410156, 311.668395996, 25.2042446136, 419.419921875, 1.3334274292, 46.7675628662, -14.0153245926, 21.0467853546, -39.2741546631, -27.541891098, -0.275930970907, -31.6047286987, -18.0063362122], [-6575.97998047, -369.100219727, 924.377380371, 1.3334274292, 730.27935791, 41.3554611206, 346.694854736, -17.6490058899, 176.065979004, 5.07060480118, 62.8745956421, 5.10749387741, 48.0161247253], [845.643310547, -73.9449005127, 52.4340400696, 46.7675628662, 41.3554611206, 271.167205811, 32.0588378906, 38.4820480347, -63.8935813904, 39.7702484131, -67.2855911255, 20.9326438904, -28.3139915466], [-4097.16113281, -209.101242065, 395.191894531, -14.0153245926, 346.694854736, 32.0588378906, 385.319641113, -10.4973936081, 111.807273865, -24.6798801422, 105.811676025, -16.4733753204, 31.393497467], [851.046203613, -64.1675415039, 10.591627121, 21.0467853546, -17.6490058899, 38.4820480347, -10.4973936081, 139.214645386, -8.1493396759, 35.644317627, -42.9995346069, 34.267665863, -35.0506362915], [-2980.07495117, -101.593765259, 241.834579468, -39.2741546631, 176.065979004, -63.8935813904, 111.807273865, -8.1493396759, 218.773773193, 0.521346688271, 57.9960975647, -15.2161750793, 59.2741279602], [179.766952515, -136.531280518, 68.848487854, -27.541891098, 5.07060480118, 39.7702484131, -24.6798801422, 35.644317627, 0.521346688271, 119.326217651, -16.663860321, 35.6819648743, -29.097026825], [-1242.94665527, 58.3409576416, -2.50110697746, -0.275930970907, 62.8745956421, -67.2855911255, 105.811676025, -42.9995346069, 57.9960975647, -16.663860321, 155.355545044, -5.3304901123, 33.8309555054], [-209.583557129, -201.374359131, 104.782157898, -31.6047286987, 5.10749387741, 20.9326438904, -16.4733753204, 34.267665863, -15.2161750793, 35.6819648743, -5.3304901123, 105.900894165, 4.62675476074], [-1153.42944336, 23.6952495575, 27.190486908, -18.0063362122, 48.0161247253, -28.3139915466, 31.393497467, -35.0506362915, 59.2741279602, -29.097026825, 33.8309555054, 4.62675476074, 107.885856628]],
        "icov": [[0.000198823327082, -0.000490565726068, 0.00039350654697, -0.000447227765108, 0.000535915256478, -0.000343611522112, 0.000510084268171, -0.000631054048426, 0.00082777364878, -0.000440804695245, 0.000365274143405, -0.000481716211652, 0.000709879619535], [-0.000490565726068, 0.00196647504345, -0.00104784045834, 0.000732905115001, -0.00106790475547, 0.000736443907954, -0.000759231334087, 0.0012649607379, -0.00173799623735, 0.00145744893234, -0.00167789857369, 0.00267467647791, -0.00223036110401], [0.00039350654697, -0.00104784045834, 0.00135319947731, -0.000987087376416, 0.000383357983083, -0.000510439218488, 0.000829930242617, -0.000969425251242, 0.00135393382516, -0.00106087711174, 0.00129955727607, -0.00177930213977, 0.00170916842762], [-0.000447227765108, 0.000732905115001, -0.000987087376416, 0.00394196109846, -0.00153536698781, 0.000120429016533, -0.000700471689925, 0.00056755769765, -0.00145262025762, 0.00170572870411, -0.00149628112558, 0.00161620159633, -0.00127448956482], [0.000535915256478, -0.00106790475547, 0.000383357983083, -0.00153536698781, 0.00513506541029, -0.00123069959227, -0.000854677055031, -0.0011923413258, 0.00118971208576, -0.00142699060962, 0.00139417173341, -0.00089951994596, 0.00142703694291], [-0.000343611522112, 0.000736443907954, -0.000510439218488, 0.000120429016533, -0.00123069959227, 0.00608021812513, -0.00278726872057, 0.00108915043529, 0.000281763263047, -0.00125048041809, 0.00241198809817, -1.28733454403e-05, -0.0016261159908], [0.000510084268171, -0.000759231334087, 0.000829930242617, -0.000700471689925, -0.000854677055031, -0.00278726872057, 0.00815905351192, -0.00325144268572, 0.00168889912311, 0.000965149316471, -0.00386780430563, 0.00108393398114, 0.00201121671125], [-0.000631054048426, 0.0012649607379, -0.000969425251242, 0.00056755769765, -0.0011923413258, 0.00108915043529, -0.00325144268572, 0.0123825343326, -0.00452805310488, -0.000145226411405, 0.00243462854996, -0.00290415692143, 0.000909760477953], [0.00082777364878, -0.00173799623735, 0.00135393382516, -0.00145262025762, 0.00118971208576, 0.000281763263047, 0.00168889912311, -0.00452805310488, 0.0117779178545, -0.00346681498922, 7.16287977411e-05, 0.00109344988596, -0.00124549272005], [-0.000440804695245, 0.00145744893234, -0.00106087711174, 0.00170572870411, -0.00142699060962, -0.00125048041809, 0.000965149316471, -0.000145226411405, -0.00346681498922, 0.0128319626674, -0.00248252949677, -0.00104949797969, 0.00168712786399], [0.000365274143405, -0.00167789857369, 0.00129955727607, -0.00149628112558, 0.00139417173341, 0.00241198809817, -0.00386780430563, 0.00243462854996, 7.16287977411e-05, -0.00248252949677, 0.0131250023842, -0.00466986373067, 0.00100108108018], [-0.000481716211652, 0.00267467647791, -0.00177930213977, 0.00161620159633, -0.00089951994596, -1.28733454403e-05, 0.00108393398114, -0.00290415692143, 0.00109344988596, -0.00104949797969, -0.00466986373067, 0.0175126250833, -0.00605182303116], [0.000709879619535, -0.00223036110401, 0.00170916842762, -0.00127448956482, 0.00142703694291, -0.0016261159908, 0.00201121671125, 0.000909760477953, -0.00124549272005, 0.00168712786399, 0.00100108108018, -0.00605182303116, 0.0164382774383]]
    },
    "melbands": {
        "dmean": [0.000159749703016, 0.000221135647735, 0.000160478448379, 0.000245163857471, 0.000184331642231, 0.000183040014235, 0.000216360960621, 0.000161767777172, 0.000136666494654, 8.2649574324e-05, 9.94242000161e-05, 7.13111658115e-05, 6.53791721561e-05, 4.95752537972e-05, 3.92413821828e-05, 3.16514633596e-05, 3.33424577548e-05, 1.84415639524e-05, 1.21218727145e-05, 9.60105990089e-06, 8.98194412002e-06, 6.39444169792e-06, 5.34281070941e-06, 6.40613416181e-06, 5.8227824411e-06, 6.55102167002e-06, 5.46912633581e-06, 4.07317156714e-06, 1.33680305225e-06, 7.19112676961e-07, 9.24419566672e-07, 7.27245492271e-07, 6.89505839091e-07, 5.86948374348e-07, 5.95055553276e-07, 4.89838384965e-07, 5.23182848156e-07, 5.70804786548e-07, 2.78218777794e-07, 2.50612913533e-07],
        "dmean2": [0.000227456839639, 0.000341922481311, 0.00025343708694, 0.000404411286581, 0.000293169810902, 0.000276466773357, 0.000327628134983, 0.000235325380345, 0.000203966104891, 0.000130030122818, 0.000152670123498, 0.000113845817395, 0.000103155558463, 7.8910125012e-05, 6.15634053247e-05, 4.98369408888e-05, 5.26710937265e-05, 3.0066623367e-05, 1.9356582925e-05, 1.55253437697e-05, 1.46579750435e-05, 1.01661235021e-05, 8.39034328237e-06, 1.0256616406e-05, 8.95799257705e-06, 1.03200973172e-05, 8.56269161886e-06, 6.3152151597e-06, 2.14439842239e-06, 1.21633604522e-06, 1.59028763846e-06, 1.20417803373e-06, 1.09898655865e-06, 9.03891816506e-07, 9.62378408076e-07, 8.02755664608e-07, 8.10921505945e-07, 8.68549136612e-07, 3.92545018713e-07, 3.4385183767e-07],
        "dvar": [4.60860661633e-07, 4.44360665597e-07, 1.29589452058e-07, 4.2877877604e-07, 1.95369139533e-07, 1.72414786448e-07, 5.48120851818e-07, 4.66053279524e-07, 2.97667611449e-07, 6.41893151965e-08, 8.44523739829e-08, 3.81506382041e-08, 5.01106889317e-08, 3.72993973485e-08, 1.64806817082e-08, 9.06122110678e-09, 1.49057157728e-08, 2.54394216803e-09, 1.14434917098e-09, 1.24728938289e-09, 1.32896305072e-09, 3.44490991289e-10, 1.92974358715e-10, 2.40699182807e-10, 2.17273990466e-10, 3.26459526079e-10, 2.65255539755e-10, 1.21078980175e-10, 1.06085513638e-11, 4.56570111579e-12, 8.07586376245e-12, 4.24516368239e-12, 3.04542762536e-12, 2.43646183958e-12, 2.60054543004e-12, 2.30751377207e-12, 4.96751901766e-12, 9.96987648688e-12, 6.17040327253e-13, 5.82749831463e-13],
        "dvar2": [8.57190002534e-07, 1.04165053472e-06, 3.07683308165e-07, 1.13965506898e-06, 4.90053764679e-07, 3.68094191572e-07, 1.11071722131e-06, 8.86754776275e-07, 5.94361836193e-07, 1.53769690314e-07, 1.76862016588e-07, 9.67115454387e-08, 1.2684246542e-07, 9.6324704657e-08, 3.89646750421e-08, 2.15861604147e-08, 3.59844563036e-08, 6.3023821717e-09, 2.73811617824e-09, 2.85430901137e-09, 3.40084316264e-09, 7.66920249529e-10, 4.5413706129e-10, 5.84843895535e-10, 4.82032636029e-10, 7.61503360369e-10, 5.98960436804e-10, 2.8033311783e-10, 2.5399151532e-11, 1.23720200751e-11, 2.21460801086e-11, 1.02340280347e-11, 6.94524429287e-12, 5.21761323383e-12, 6.46249677036e-12, 5.92019228779e-12, 1.00375497844e-11, 1.87471097673e-11, 1.21104309306e-12, 1.04306331367e-12],
        "max": [0.018832936883, 0.0167674236, 0.00810781028122, 0.0124761816114, 0.0214286614209, 0.0107853263617, 0.0259852558374, 0.0288899987936, 0.0208924580365, 0.00795886013657, 0.0111709274352, 0.00507284887135, 0.010615946725, 0.00618969229981, 0.00405779667199, 0.00225599482656, 0.00429529231042, 0.00143438391387, 0.000909981725272, 0.0015081645688, 0.00180904916488, 0.000527649419382, 0.000399829470553, 0.00033034561784, 0.000476981134852, 0.000481098337332, 0.000502968439832, 0.000346577726305, 8.31560028018e-05, 4.40537878603e-05, 6.96793067618e-05, 5.54740836378e-05, 3.20297694998e-05, 6.02744657954e-05, 3.58498909918e-05, 3.30131842929e-05, 4.82680079585e-05, 7.67261517467e-05, 1.64788434631e-05, 2.88186129183e-05],
        "mean": [0.000245987612288, 0.000550903030671, 0.000408464897191, 0.000456917565316, 0.000397277501179, 0.00040485340287, 0.000421670061769, 0.000317838857882, 0.000242594265728, 0.000144834411913, 0.000175976965693, 0.000125293809106, 0.000115954251669, 8.66652408149e-05, 6.97814539308e-05, 5.6800821767e-05, 5.81233362027e-05, 3.08737035084e-05, 2.14238916669e-05, 1.67011912708e-05, 1.64374559972e-05, 1.15686361823e-05, 1.024501762e-05, 1.20935992527e-05, 1.1706960322e-05, 1.28772599055e-05, 1.08742906377e-05, 7.67574238125e-06, 2.47164075518e-06, 1.30734895265e-06, 1.56130897722e-06, 1.38076211442e-06, 1.25447138544e-06, 1.14338240564e-06, 1.0259808505e-06, 7.47160413539e-07, 7.67776384691e-07, 8.12936491457e-07, 4.28706897537e-07, 3.79851655907e-07],
        "median": [4.12213521486e-05, 0.000131782115204, 0.000156959373271, 0.000193141968339, 0.000164433251484, 0.000138280156534, 0.00012647951371, 6.68138964102e-05, 5.10169084009e-05, 3.67280335922e-05, 3.75586896553e-05, 2.82263463305e-05, 1.81975665328e-05, 1.55879333761e-05, 1.27511111714e-05, 1.31077631522e-05, 1.19645010273e-05, 8.95878110896e-06, 6.6723200689e-06, 5.21384663443e-06, 4.50071956948e-06, 3.79658990823e-06, 2.8941014989e-06, 2.62860521616e-06, 2.35366951529e-06, 2.16797729991e-06, 1.71124156623e-06, 1.17840784242e-06, 6.73728493439e-07, 3.57900574954e-07, 3.56427364068e-07, 3.37357107583e-07, 3.18078150485e-07, 3.15641187854e-07, 2.9896764886e-07, 2.13561378359e-07, 1.58128543148e-07, 1.21699358147e-07, 8.16715655105e-08, 5.25202210611e-08],
        "min": [4.82462152733e-25, 5.39227104359e-25, 7.77806400141e-25, 4.65034341792e-25, 8.39142997927e-25, 9.33471533707e-25, 7.13623888031e-25, 9.21683289378e-25, 1.26196139907e-24, 1.50588241717e-24, 1.18649541501e-24, 1.24031239343e-24, 1.08611335785e-24, 2.0711548983e-24, 1.41041318852e-24, 2.25547895413e-24, 1.65175187045e-24, 2.73873889175e-24, 2.32292873089e-24, 2.44302057637e-24, 2.16424324613e-24, 2.51900661699e-24, 3.46980745263e-24, 2.99193385726e-24, 2.98975955939e-24, 3.0399717393e-24, 3.87332518844e-24, 4.12941073752e-24, 4.54356389605e-24, 3.97733255448e-24, 4.27618185881e-24, 4.69457041154e-24, 4.75990189956e-24, 4.74676973207e-24, 4.60391648846e-24, 4.78482793201e-24, 4.60691139889e-24, 4.57005187309e-24, 5.62780982292e-24, 5.24638255904e-24],
        "var": [8.44511760079e-07, 1.51878293764e-06, 4.73380623589e-07, 6.47357865091e-07, 5.78787307859e-07, 6.451194281e-07, 1.35463983497e-06, 1.65042592926e-06, 7.20932007425e-07, 1.50296841639e-07, 2.42165924647e-07, 9.68739968243e-08, 1.4593973674e-07, 8.68854428404e-08, 4.31043467586e-08, 2.36373534079e-08, 3.98786212941e-08, 5.24948884362e-09, 2.79947909299e-09, 2.71221844983e-09, 3.75385722506e-09, 7.53306805823e-10, 5.21790832764e-10, 6.30038909932e-10, 6.70334066033e-10, 8.3610535162e-10, 6.7630678835e-10, 2.9361285625e-10, 2.42201432521e-11, 8.11707211862e-12, 1.1885926271e-11, 9.01891495514e-12, 6.68158714121e-12, 5.66253207518e-12, 4.50787237399e-12, 2.88701376173e-12, 6.78835893747e-12, 1.36847243606e-11, 1.18761033993e-12, 1.27534842496e-12]
    },
    "mfcc": {
        "mean": [-714.902404785, 113.837638855, -6.61580657959, 7.44377851486, -7.02373695374, -5.47728872299, -6.03610992432, -2.68029594421, -10.2998332977, 1.15661668777, -4.26627826691, -4.79841041565, -1.81194722652],
        "cov": [[23149.1328125, 4038.24462891, -774.314453125, 560.375183105, -475.708221436, -252.93460083, -12.4985952377, 40.0225830078, -660.679748535, 144.577682495, -135.962722778, -308.612915039, 23.4886398315], [4038.24462891, 2535.80688477, 359.573303223, 335.051177979, 60.9602470398, -27.651052475, -18.2664890289, -25.3320198059, -118.438995361, 58.575920105, -51.6616630554, -34.3084220886, -3.56906270981], [-774.314453125, 359.573303223, 1285.69165039, 234.869506836, 276.592163086, 87.1449890137, 54.9622001648, 2.07424855232, 76.3648757935, -11.9681015015, 8.07722377777, 6.37073421478, -13.4513044357], [560.375183105, 335.051177979, 234.869506836, 399.728363037, 120.608009338, 21.4020843506, 54.8442459106, 46.4159240723, -29.5773887634, 50.9719467163, -5.26547050476, -14.4442529678, 16.9681968689], [-475.708221436, 60.9602470398, 276.592163086, 120.608009338, 279.678771973, 84.2680130005, 32.0535774231, 16.5416717529, 83.9707107544, -0.524973988533, 3.13210177422, 15.7237682343, -8.59929180145], [-252.93460083, -27.651052475, 87.1449890137, 21.4020843506, 84.2680130005, 214.50151062, 113.773674011, 31.2792167664, 54.8563842773, 9.45557785034, 10.5446491241, 13.25847435, 1.76810145378], [-12.4985952377, -18.2664890289, 54.9622001648, 54.8442459106, 32.0535774231, 113.773674011, 226.412918091, 77.5089187622, 3.02535629272, 30.932264328, 15.363360405, -11.9868612289, 27.9832992554], [40.0225830078, -25.3320198059, 2.07424855232, 46.4159240723, 16.5416717529, 31.2792167664, 77.5089187622, 129.671051025, 23.8068256378, 27.2329788208, 4.95692443848, -2.90125846863, 13.6962518692], [-660.679748535, -118.438995361, 76.3648757935, -29.5773887634, 83.9707107544, 54.8563842773, 3.02535629272, 23.8068256378, 171.793441772, -0.484390735626, 18.7395477295, 31.1465930939, -20.4386024475], [144.577682495, 58.575920105, -11.9681015015, 50.9719467163, -0.524973988533, 9.45557785034, 30.932264328, 27.2329788208, -0.484390735626, 110.351707458, 20.995010376, -9.276055336, 6.09674835205], [-135.962722778, -51.6616630554, 8.07722377777, -5.26547050476, 3.13210177422, 10.5446491241, 15.363360405, 4.95692443848, 18.7395477295, 20.995010376, 95.5920028687, 39.2988204956, 4.10758829117], [-308.612915039, -34.3084220886, 6.37073421478, -14.4442529678, 15.7237682343, 13.25847435, -11.9868612289, -2.90125846863, 31.1465930939, -9.276055336, 39.2988204956, 90.51902771, 23.5205783844], [23.4886398315, -3.56906270981, -13.4513044357, 16.9681968689, -8.59929180145, 1.76810145378, 27.9832992554, 13.6962518692, -20.4386024475, 6.09674835205, 4.10758829117, 23.5205783844, 87.9207763672]],
