{
"lowlevel": {
    "average_loudness": 0.935274481773,
    "barkbands_crest": {
        "dmean": 2.35568022728,
        "dmean2": 3.91005659103,
        "dvar": 4.58716917038,
        "dvar2": 11.6193943024,
        "max": 26.8754653931,
        "mean": 8.66972064972,
        "median": 7.77053260803,
        "min": 2.75258302689,
        "var": 14.2508382797
    },
    "barkbands_flatness_db": {
        "dmean": 0.0158508699387,
        "dmean2": 0.0254997964948,
        "dvar": 0.000221484660869,
        "dvar2": 0.000529996876139,
        "max": 0.596674919128,
        "mean": 0.163208901882,
        "median": 0.154273271561,
        "min": 0.0716454014182,
        "var": 0.00178632594179
    },
    "barkbands_kurtosis": {
        "dmean": 2.2920062542,
        "dmean2": 3.78373789787,
        "dvar": 2087.44848633,
        "dvar2": 5707.12109375,
        "max": 3028.77514648,
        "mean": 2.45986294746,
        "median": 0.662848711014,
        "min": -1.82004332542,
        "var": 1515.9675293
    },
    "barkbands_skewness": {
        "dmean": 0.381203949451,
        "dmean2": 0.595533132553,
        "dvar": 0.612132847309,
        "dvar2": 1.45294296741,
        "max": 54.0597496033,
        "mean": 0.910826206207,
        "median": 0.805161774158,
        "min": -2.64680981636,
        "var": 1.28649365902
    },
    "barkbands_spread": {
        "dmean": 3.3990149498,
        "dmean2": 5.42301273346,
        "dvar": 12.9334793091,
        "dvar2": 30.861076355,
        "max": 95.0779571533,
        "mean": 17.0875148773,
        "median": 16.2609062195,
        "min": 0.179217964411,
        "var": 64.2822418213
    },
    "dissonance": {
        "dmean": 0.0230411551893,
        "dmean2": 0.0389850400388,
        "dvar": 0.000444148521638,
        "dvar2": 0.00124204088934,
        "max": 0.500000059605,
        "mean": 0.455347448587,
        "median": 0.462720811367,
        "min": 0.290239214897,
        "var": 0.000975068076514
    },
    "dynamic_complexity": 2.76540017128,
    "erbbands_crest": {
        "dmean": 3.08924722672,
        "dmean2": 5.07311010361,
        "dvar": 7.81937074661,
        "dvar2": 19.6692829132,
        "max": 33.4785461426,
        "mean": 10.8904914856,
        "median": 9.68610572815,
        "min": 2.66355848312,
        "var": 26.2803115845
    },
    "erbbands_flatness_db": {
        "dmean": 0.0152644757181,
        "dmean2": 0.0233447533101,
        "dvar": 0.000209531906876,
        "dvar2": 0.000428504892625,
        "max": 0.381223291159,
        "mean": 0.218515262008,
        "median": 0.214159816504,
        "min": 0.0669456794858,
        "var": 0.0014175567776
    },
    "erbbands_kurtosis": {
        "dmean": 1.00100457668,
        "dmean2": 1.6135751009,
        "dvar": 1.8618285656,
        "dvar2": 4.36557006836,
        "max": 52.0877189636,
        "mean": 0.767872095108,
        "median": 0.159661054611,
        "min": -1.83366978168,
        "var": 6.05985450745
    },
    "erbbands_skewness": {
        "dmean": 0.363106369972,
        "dmean2": 0.577864527702,
        "dvar": 0.10321393609,
        "dvar2": 0.254469007254,
        "max": 4.37728309631,
        "mean": 0.480276793242,
        "median": 0.447703033686,
        "min": -2.3516163826,
        "var": 0.549836099148
    },
    "erbbands_spread": {
        "dmean": 5.21458435059,
        "dmean2": 8.22929000854,
        "dvar": 30.9877529144,
        "dvar2": 71.215385437,
        "max": 136.863220215,
        "mean": 26.4716300964,
        "median": 25.1657562256,
        "min": 1.39494264126,
        "var": 146.755310059
    },
    "hfc": {
        "dmean": 4.96856355667,
        "dmean2": 7.66128110886,
        "dvar": 33.5428314209,
        "dvar2": 75.7843170166,
        "max": 97.6343307495,
        "mean": 22.9184474945,
        "median": 22.4619903564,
        "min": 1.10357712471e-16,
        "var": 253.525726318
    },
    "melbands_crest": {
        "dmean": 2.96144151688,
        "dmean2": 4.87587928772,
        "dvar": 6.94702100754,
        "dvar2": 17.8907852173,
        "max": 39.9864578247,
        "mean": 11.0481958389,
        "median": 10.0847206116,
        "min": 1.87381792068,
        "var": 21.0095691681
    },
    "melbands_flatness_db": {
        "dmean": 0.0175161249936,
        "dmean2": 0.0272331945598,
        "dvar": 0.000289514631731,
        "dvar2": 0.000665456464048,
        "max": 0.571308374405,
        "mean": 0.188869014382,
        "median": 0.178319856524,
        "min": 0.00469386857003,
        "var": 0.00367482705042
    },
    "melbands_kurtosis": {
        "dmean": 3.9690258503,
        "dmean2": 6.60711288452,
        "dvar": 6393.59277344,
        "dvar2": 18097.9609375,
        "max": 5174.26220703,
        "mean": 5.60300445557,
        "median": 2.56050038338,
        "min": -1.64431118965,
        "var": 4315.54003906
    },
    "melbands_skewness": {
        "dmean": 0.455186873674,
        "dmean2": 0.709683537483,
        "dvar": 1.08626520634,
        "dvar2": 2.76675462723,
        "max": 70.2461700439,
        "mean": 1.42210268974,
        "median": 1.32449781895,
        "min": -2.01752924919,
        "var": 1.86002779007
    },
    "melbands_spread": {
        "dmean": 5.18674898148,
        "dmean2": 8.24230766296,
        "dvar": 31.226764679,
        "dvar2": 72.4855575562,
        "max": 175.525787354,
        "mean": 24.0203437805,
        "median": 22.5387630463,
        "min": 0.1945669204,
        "var": 163.220428467
    },
    "pitch_salience": {
        "dmean": 0.060231346637,
        "dmean2": 0.0983386188745,
        "dvar": 0.0027984874323,
        "dvar2": 0.00722606712952,
        "max": 0.9900791049,
        "mean": 0.583084642887,
        "median": 0.590268373489,
        "min": 0.00228414451703,
        "var": 0.00914894230664
    },
    "silence_rate_20dB": {
        "dmean": 0,
        "dmean2": 0,
        "dvar": 0,
        "dvar2": 0,
        "max": 1,
        "mean": 1,
        "median": 1,
        "min": 1,
        "var": 0
    },
    "silence_rate_30dB": {
        "dmean": 0,
        "dmean2": 0,
        "dvar": 0,
        "dvar2": 0,
        "max": 1,
        "mean": 1,
        "median": 1,
        "min": 1,
        "var": 0
    },
    "silence_rate_60dB": {
        "dmean": 0.0178810898215,
        "dmean2": 0.0357675105333,
        "dvar": 0.0175620056689,
        "dvar2": 0.0395567677915,
        "max": 1,
        "mean": 0.0414183549583,
        "median": 0,
        "min": 0,
        "var": 0.0396988540888
    },
    "spectral_centroid": {
        "dmean": 175.014526367,
        "dmean2": 272.223449707,
        "dvar": 40280.3085938,
        "dvar2": 85722.078125,
        "max": 11331.9833984,
        "mean": 1295.79418945,
        "median": 1259.07299805,
        "min": 291.234375,
        "var": 304407.3125
    },
    "spectral_complexity": {
        "dmean": 2.58202958107,
        "dmean2": 4.20685529709,
        "dvar": 5.15159797668,
        "dvar2": 12.7554159164,
        "max": 50,
        "mean": 20.7358455658,
        "median": 20,
        "min": 0,
        "var": 84.468963623
    },
    "spectral_decrease": {
        "dmean": 1.52641865814e-09,
        "dmean2": 2.408788502e-09,
        "dvar": 3.06221993933e-18,
        "dvar2": 7.09716912385e-18,
        "max": -6.90519551883e-29,
        "mean": -5.99098992637e-09,
        "median": -5.99067062623e-09,
        "min": -2.95690565366e-08,
        "var": 1.27589135328e-17
    },
    "spectral_energy": {
        "dmean": 0.00612813653424,
        "dmean2": 0.009666104801,
        "dvar": 4.89003650728e-05,
        "dvar2": 0.000112873625767,
        "max": 0.114675179124,
        "mean": 0.0246901158243,
        "median": 0.0248827822506,
        "min": 1.04160553749e-20,
        "var": 0.000215645894059
    },
    "spectral_energyband_high": {
        "dmean": 0.000123907608213,
        "dmean2": 0.000187126468518,
        "dvar": 3.17833546148e-08,
        "dvar2": 6.98575348679e-08,
        "max": 0.00364338094369,
        "mean": 0.000454172084574,
        "median": 0.000295708770864,
        "min": 7.69690994525e-21,
        "var": 2.57920873992e-07
    },
    "spectral_energyband_low": {
        "dmean": 0.00103791651782,
        "dmean2": 0.00168768386357,
        "dvar": 3.82282496503e-06,
        "dvar2": 9.27110068005e-06,
        "max": 0.0306690856814,
        "mean": 0.00238139159046,
        "median": 0.00191976083443,
        "min": 4.96728956612e-23,
        "var": 6.15428552919e-06
    },
    "spectral_energyband_middle_high": {
        "dmean": 0.00293539790437,
        "dmean2": 0.00458389241248,
        "dvar": 1.97712834051e-05,
        "dvar2": 4.70911872981e-05,
        "max": 0.0800122320652,
        "mean": 0.00951624754816,
        "median": 0.00733596505597,
        "min": 1.39766422047e-21,
        "var": 8.7204753072e-05
    },
    "spectral_energyband_middle_low": {
        "dmean": 0.00463707698509,
        "dmean2": 0.007398577407,
        "dvar": 3.62294995284e-05,
        "dvar2": 8.59586507431e-05,
        "max": 0.106329709291,
        "mean": 0.0132696582004,
        "median": 0.0112263392657,
        "min": 3.55873885059e-22,
        "var": 0.000105181265099
    },
    "spectral_entropy": {
        "dmean": 0.118495777249,
        "dmean2": 0.182622373104,
        "dvar": 0.0140182739124,
        "dvar2": 0.0297132283449,
        "max": 9.80277633667,
        "mean": 7.36634731293,
        "median": 7.45546770096,
        "min": 5.51497650146,
        "var": 0.148786917329
    },
    "spectral_flux": {
        "dmean": 0.0185160338879,
        "dmean2": 0.0307275541127,
        "dvar": 0.000376174168196,
        "dvar2": 0.000909726426471,
        "max": 0.283079326153,
        "mean": 0.0813474655151,
        "median": 0.08303309232,
        "min": 6.71227864957e-11,
        "var": 0.00132888799999
    },
    "spectral_kurtosis": {
        "dmean": 2.3815767765,
        "dmean2": 4.14297246933,
        "dvar": 6.48716068268,
        "dvar2": 18.8986721039,
        "max": 43.3028640747,
        "mean": 5.24588298798,
        "median": 3.93974757195,
        "min": -1.1702978611,
        "var": 19.145406723
    },
    "spectral_rms": {
        "dmean": 0.000593171687797,
        "dmean2": 0.000920611433685,
        "dvar": 3.53692058752e-07,
        "dvar2": 7.51123536702e-07,
        "max": 0.010577250272,
        "mean": 0.00464690336958,
        "median": 0.00492705637589,
        "min": 3.18779009266e-12,
        "var": 2.49419758802e-06
    },
    "spectral_rolloff": {
        "dmean": 271.436401367,
        "dmean2": 460.39944458,
        "dvar": 217404.015625,
        "dvar2": 470255.8125,
        "max": 18540.0878906,
        "mean": 1486.41223145,
        "median": 1335.05859375,
        "min": 21.533203125,
        "var": 787273
    },
    "spectral_skewness": {
        "dmean": 0.257139712572,
        "dmean2": 0.432998120785,
        "dvar": 0.0596331432462,
        "dvar2": 0.163474813104,
        "max": 5.30110883713,
        "mean": 1.51866102219,
        "median": 1.38371181488,
        "min": -0.0496831126511,
        "var": 0.342036902905
    },
    "spectral_spread": {
        "dmean": 283772.8125,
        "dmean2": 429699.4375,
        "dvar": 273028284416,
        "dvar2": 491262541824,
        "max": 39715740,
        "mean": 3238698.75,
        "median": 3105129.5,
        "min": 1526933.625,
        "var": 1.04939651072e+12
    },
    "spectral_strongpeak": {
        "dmean": 0.879829347134,
        "dmean2": 1.45938324928,
        "dvar": 1.30422306061,
        "dvar2": 3.27364730835,
        "max": 13.0874347687,
        "mean": 1.79050087929,
        "median": 1.22319817543,
        "min": 0,
        "var": 3.04812049866
    },
    "zerocrossingrate": {
        "dmean": 0.00564335566014,
        "dmean2": 0.00706705264747,
        "dvar": 7.09927990101e-05,
        "dvar2": 9.25166386878e-05,
        "max": 0.654296875,
        "mean": 0.0550616420805,
        "median": 0.0537109375,
        "min": 0,
        "var": 0.000607929483522
    },
    "barkbands": {
        "dmean": [1.67271828104e-05, 0.000604777655099, 0.000451625790447, 0.000599573424552, 0.00123071775306, 0.0013338776771, 0.00160947884433, 0.00131090299692, 0.000930796668399, 0.00141159596387, 0.00107846024912, 0.000802463153377, 0.000300242274534, 0.000397861702368, 0.000489823054522, 0.000364300329238, 0.00036281888606, 0.000322519743349, 0.000150563646457, 9.91559281829e-05, 4.99692941958e-05, 3.67899629055e-05, 2.08917736018e-05, 1.23491445265e-05, 2.34371077568e-06, 8.62214619701e-08, 1.30008723787e-08],
        "dmean2": [2.86155154754e-05, 0.00101919355802, 0.000748808612116, 0.000982396653853, 0.00203062966466, 0.00208947458304, 0.00262711569667, 0.00213185418397, 0.00144489319064, 0.00222629564814, 0.00178372161463, 0.00123775831889, 0.000482348841615, 0.000652061251458, 0.000786594464444, 0.000596725323703, 0.000573020719457, 0.000501932983752, 0.000245486269705, 0.000156912472448, 8.1207981566e-05, 5.7624445617e-05, 3.1712843338e-05, 1.86015040526e-05, 3.58864372174e-06, 1.47929213767e-07, 2.3710635233e-08],
        "dvar": [7.6321471365e-10, 1.55916916356e-06, 1.08348069716e-06, 2.91012224807e-06, 5.22504569744e-06, 4.0092004383e-06, 7.63583830121e-06, 4.9240379667e-06, 8.22054607852e-06, 1.16447645269e-05, 6.91017930876e-06, 3.25311748384e-06, 7.56375527544e-07, 8.32922808058e-07, 1.14189981559e-06, 5.83570340495e-07, 7.27522888155e-07, 7.09357379947e-07, 6.68431852091e-08, 3.76708300109e-08, 6.10849459903e-09, 4.266728304e-09, 1.61596369619e-09, 7.91411769452e-10, 2.34031058421e-11, 8.31579068301e-14, 2.55150142279e-14],
        "dvar2": [2.05049111024e-09, 4.25989219366e-06, 2.81428719973e-06, 7.42067049941e-06, 1.26814402392e-05, 1.03084248622e-05, 1.95497996174e-05, 1.31575661726e-05, 1.69955128513e-05, 2.72972501989e-05, 1.79993876372e-05, 7.09806136001e-06, 1.78330503786e-06, 2.01371267394e-06, 2.82578093902e-06, 1.44274054037e-06, 1.65052790635e-06, 1.56136479745e-06, 1.73852953367e-07, 8.72618386438e-08, 1.5395933417e-08, 9.96041382706e-09, 3.60907237429e-09, 1.64206681585e-09, 5.28495129604e-11, 2.41575043389e-13, 7.63212396385e-14],
        "max": [0.000404194637667, 0.0210266932845, 0.0195516943932, 0.045507479459, 0.0433310233057, 0.0436155162752, 0.0438753589988, 0.0392376855016, 0.0819943919778, 0.085706397891, 0.0366658046842, 0.0689235404134, 0.0339983515441, 0.0217258390039, 0.029367223382, 0.0146224815398, 0.0305488482118, 0.0161470025778, 0.00687311915681, 0.00545811746269, 0.00127046043053, 0.0015724345576, 0.00124044169206, 0.00102796463761, 0.000131990716909, 1.38633540701e-05, 9.09626851353e-06],
        "mean": [2.27198706853e-05, 0.0012666748371, 0.00071112747537, 0.000842269044369, 0.00229682354257, 0.0028336525429, 0.00260899402201, 0.00209789676592, 0.00164412055165, 0.00225215405226, 0.001740479609, 0.00148041895591, 0.000482390081743, 0.000673808390275, 0.000874319346622, 0.000648959248792, 0.00072221562732, 0.000583711313084, 0.000349148700479, 0.000235506813624, 0.000130586617161, 0.000102048339613, 5.37915439054e-05, 3.08844246319e-05, 5.34133960173e-06, 9.44933447045e-08, 9.62775281721e-09],
        "median": [1.00466259028e-05, 0.000992623507045, 0.000320268096402, 0.000373398535885, 0.00144574965816, 0.0018822097918, 0.00128985999618, 0.00100072380155, 0.000633710646071, 0.000819470384158, 0.000238889624598, 0.000497835339047, 0.000185778771993, 0.000271918193903, 0.000381029065466, 0.000229805940762, 0.000235390849411, 0.000215758700506, 0.000200747483177, 0.000141924916534, 8.38312116684e-05, 4.48944410891e-05, 2.63892579824e-05, 1.17149265861e-05, 2.22152539209e-06, 3.50073925404e-08, 6.65358101948e-10],
        "min": [4.1840172671e-24, 1.91185883521e-23, 1.25084246378e-23, 1.03842289016e-23, 4.96441590361e-23, 2.58316416165e-23, 1.8456782962e-23, 1.12813018015e-23, 1.00050376639e-22, 8.74814621474e-23, 8.83395093095e-23, 6.31641242355e-23, 5.49439537894e-23, 1.08994058753e-22, 1.06519484135e-22, 1.4012874523e-22, 1.81994174072e-22, 1.61016772258e-22, 1.83968888555e-22, 1.13346450492e-22, 4.51954896639e-22, 4.95978131424e-22, 7.04337879727e-22, 1.02134328794e-21, 1.22891311511e-21, 1.53166848945e-21, 2.01510809961e-21],
        "var": [1.06473796446e-09, 2.06791060009e-06, 1.34048366363e-06, 3.12405995828e-06, 8.95866014616e-06, 1.02377780422e-05, 1.43818442666e-05, 8.78095670487e-06, 2.31122376135e-05, 2.44920192927e-05, 1.50857458721e-05, 1.18876969282e-05, 1.49453251197e-06, 1.64193556884e-06, 2.51035771726e-06, 1.16351429824e-06, 2.29170836974e-06, 1.62484820976e-06, 1.97404418145e-07, 1.15367079445e-07, 2.27597425351e-08, 2.14183142333e-08, 6.72483491115e-09, 3.77824038722e-09, 8.17143505638e-11, 5.94318431274e-14, 1.30723839888e-14]
    },
    "erbbands": {
        "dmean": [0.0117420619354, 0.159442946315, 0.487577348948, 1.15938901901, 3.44553804398, 4.45893621445, 7.29975223541, 11.7637300491, 21.6351165771, 24.4652614594, 28.7023963928, 19.8185768127, 40.3046073914, 35.4716682434, 46.4094009399, 31.2520275116, 15.2290840149, 19.1532058716, 24.4631385803, 19.9515247345, 16.6417579651, 15.7032690048, 15.3688869476, 7.64915752411, 7.20800161362, 4.70970964432, 2.75662255287, 1.45596778393, 1.34074866772, 0.953861773014, 0.512113928795, 0.272812157869, 0.209220781922, 0.0459047853947, 0.00681357411668, 0.000667991174851, 0.000115556191304, 2.03320141736e-05, 5.75559943172e-06, 7.16125032341e-06],
        "dmean2": [0.0197859350592, 0.267561167479, 0.79667776823, 1.90856671333, 5.66440439224, 7.45301389694, 11.258471489, 18.5950927734, 35.2994499207, 39.2829093933, 46.5983924866, 30.6383800507, 64.3647613525, 54.9935073853, 76.1745376587, 49.1420135498, 24.1989517212, 31.0878582001, 39.5092697144, 32.1094322205, 27.183008194, 24.4806175232, 23.3466701508, 12.1397542953, 11.7899703979, 7.51529884338, 4.43997097015, 2.31965756416, 2.09794378281, 1.43971347809, 0.773867249489, 0.415222257376, 0.313126146793, 0.0692029595375, 0.0103635163978, 0.00109004357364, 0.000200932190637, 3.59494624718e-05, 9.52636219154e-06, 1.12847619675e-05],
        "dvar": [0.000365081679774, 0.117167443037, 1.23307776451, 6.26011180878, 105.313049316, 59.7902679443, 104.633995056, 400.529388428, 1317.28491211, 2083.21704102, 2594.25708008, 4004.36474609, 11498.2109375, 8074.30078125, 12776.7705078, 4613.49072266, 1898.52441406, 1747.57141113, 2887.99707031, 2590.20507812, 1211.67773438, 1538.8067627, 1587.55627441, 177.092269897, 192.918243408, 64.6386642456, 19.0448818207, 5.58180904388, 6.16746807098, 3.33333420753, 0.926006674767, 0.276704907417, 0.349300146103, 0.00959334429353, 0.000169039529283, 1.98854013433e-06, 2.707316753e-07, 2.69075730586e-08, 1.09767761547e-09, 6.72293332116e-11],
        "dvar2": [0.000960830133408, 0.317247092724, 3.00936388969, 16.0823249817, 251.907806396, 162.264160156, 240.302734375, 1033.22460938, 3472.91479492, 5308.00976562, 7065.40429688, 8252.45996094, 26451.8613281, 18352.2070312, 34515.8398438, 10953.6210938, 4454.90234375, 4185.97900391, 7011.92626953, 6708.85253906, 2989.86010742, 3377.41064453, 3431.09619141, 441.104370117, 508.842773438, 160.628372192, 48.1547050476, 13.6557159424, 14.2878303528, 7.41901826859, 2.07440662384, 0.612750351429, 0.712920367718, 0.0216358806938, 0.000378212687792, 5.41459849046e-06, 7.94829361439e-07, 8.02325956784e-08, 3.26253624117e-09, 1.54830107069e-10],
        "max": [0.35687533021, 5.55317544937, 18.5719528198, 61.8484382629, 247.022735596, 137.41217041, 210.079467773, 505.45513916, 630.860839844, 983.411376953, 1089.09521484, 2553.15991211, 2618.91357422, 1998.31896973, 2076.94897461, 3357.23535156, 1723.38659668, 1132.77478027, 1259.05700684, 2092.16992188, 950.776306152, 2046.23913574, 965.605407715, 325.657226562, 472.381439209, 220.399169922, 80.8624954224, 61.3137512207, 65.9098129272, 60.0060119629, 20.2629623413, 11.6073846817, 24.5948123932, 2.48431324959, 0.397559732199, 0.054231710732, 0.0263753701001, 0.00920019578189, 0.00186072208453, 0.000129506719531],
        "mean": [0.0253219641745, 0.322053313255, 0.841407120228, 1.92200016975, 4.81287574768, 7.84246444702, 15.1070261002, 23.5639667511, 37.2533912659, 39.1461105347, 47.0852203369, 37.9690093994, 68.2316131592, 60.0063362122, 83.9836959839, 61.6626701355, 27.7119541168, 34.0769538879, 45.3622970581, 39.4196662903, 33.552066803, 38.5201797485, 34.656211853, 18.2376880646, 17.7178287506, 12.0514993668, 7.25479888916, 4.15826654434, 3.66416931152, 2.69349145889, 1.34757196903, 0.693963885307, 0.499048173428, 0.112291775644, 0.0160091035068, 0.00126482103951, 0.000141913318657, 2.46021354542e-05, 1.69956947502e-05, 3.01131913147e-05],
        "median": [0.0206251181662, 0.239447921515, 0.46072602272, 1.07172727585, 2.07671356201, 4.76828718185, 9.257396698, 13.875837326, 20.7151298523, 17.4991397858, 23.4584846497, 16.8027687073, 24.6405181885, 23.2937736511, 16.6242904663, 23.3680953979, 13.5438871384, 16.1228675842, 21.8243217468, 17.2630691528, 15.7100009918, 12.477148056, 12.0299825668, 10.7928657532, 9.17215156555, 7.52403259277, 4.65996265411, 2.45951986313, 1.65413951874, 1.20161116123, 0.686477422714, 0.331202089787, 0.151089966297, 0.0423494428396, 0.00792183727026, 0.000679054064676, 4.61041709059e-05, 9.06702189241e-06, 1.55569723574e-05, 3.09362476401e-05],
        "min": [1.26632395371e-21, 1.55716992651e-21, 1.18040410167e-20, 1.85807933099e-20, 6.19349544945e-20, 1.70416913021e-19, 2.71830445192e-19, 1.78308448709e-19, 5.62024455079e-19, 1.62068347119e-19, 5.837361884e-19, 2.50853377502e-18, 1.96687192168e-18, 2.66454686279e-18, 3.37311763372e-18, 3.01608621542e-18, 2.52310724985e-18, 5.29566280753e-18, 4.92673777279e-18, 6.17102420923e-18, 8.29775891725e-18, 1.10622370563e-17, 9.08825655118e-18, 8.13471334671e-18, 9.92100822516e-18, 5.79922927135e-18, 1.26193747809e-17, 1.64434026286e-17, 1.83215526053e-17, 1.86012256791e-17, 1.79684705609e-17, 1.90735077586e-17, 1.47538911905e-17, 1.4391452079e-17, 9.3165774254e-18, 6.17851681121e-18, 2.25098116514e-18, 1.08585374198e-18, 2.93059983914e-19, 2.98955125657e-20],
        "var": [0.000659457815345, 0.149436056614, 1.6349234581, 8.02965450287, 122.452484131, 100.090194702, 307.682830811, 960.162963867, 2457.76269531, 4037.69995117, 4377.97216797, 13186.8955078, 26703.1230469, 16900.2265625, 32889.5507812, 20756.8339844, 3727.36303711, 3434.30908203, 6585.59423828, 4706.60986328, 2435.33911133, 6585.85839844, 5580.88623047, 509.514129639, 682.122375488, 233.659606934, 69.5070953369, 25.6382827759, 29.290391922, 16.8561401367, 3.99230384827, 1.1734136343, 1.51352083683, 0.0424927584827, 0.000529644137714, 2.83193026007e-06, 1.78987050958e-07, 1.45995127099e-08, 6.80498768446e-10, 3.20973914114e-10]
    },
    "gfcc": {
        "mean": [-23.7618694305, 136.846939087, -164.097442627, 36.7086296082, -74.1936950684, 5.91661024094, -33.8402366638, -1.78861534595, -9.46505832672, -11.2747793198, 2.42290043831, -12.80037117, 5.52239465714],
        "cov": [[5124.43115234, -527.301879883, -920.996704102, 410.198150635, -259.764831543, 133.450759888, 90.0942611694, -15.573466301, -2.19321966171, -139.910552979, -19.1796798706, 31.1891708374, -89.1950378418], [-527.301879883, 684.234191895, 319.66784668, -131.880462646, 193.533920288, -104.609565735, 49.3948783875, -7.85671186447, 12.3475627899, 39.2439498901, 26.2165489197, -40.7104110718, 26.468957901], [-920.996704102, 319.66784668, 654.727111816, 34.2526741028, 30.4203205109, 24.9911594391, -41.2333374023, 27.4962615967, -7.30558776855, 58.3517189026, 4.12255477905, -25.2067584991, 4.90404748917], [410.198150635, -131.880462646, 34.2526741028, 328.513702393, -47.4930992126, -3.86482143402, -24.0282726288, 31.7554416656, 49.6894378662, -22.7585353851, 6.57692575455, 21.6508197784, -12.5456609726], [-259.764831543, 193.533920288, 30.4203205109, -47.4930992126, 241.280319214, -11.58781147, 51.965965271, 12.7784261703, -1.63308489323, 3.93935537338, -6.80466938019, 13.1180257797, 19.5431480408], [133.450759888, -104.609565735, 24.9911594391, -3.86482143402, -11.58781147, 257.691070557, 45.4102096558, -32.3440666199, -48.3446006775, -6.65454339981, -17.9865875244, -23.5164833069, 3.13854575157], [90.0942611694, 49.3948783875, -41.2333374023, -24.0282726288, 51.965965271, 45.4102096558, 141.143844604, 11.6574249268, -7.63946151733, 6.50708627701, 1.8071141243, -6.01236963272, -4.44610738754], [-15.573466301, -7.85671186447, 27.4962615967, 31.7554416656, 12.7784261703, -32.3440666199, 11.6574249268, 108.851097107, 47.5542907715, 5.57734441757, 8.32739830017, 13.2849321365, 5.17061519623], [-2.19321966171, 12.3475627899, -7.30558776855, 49.6894378662, -1.63308489323, -48.3446006775, -7.63946151733, 47.5542907715, 113.55153656, 25.3281536102, 12.6951704025, 18.7696266174, -1.21776103973], [-139.910552979, 39.2439498901, 58.3517189026, -22.7585353851, 3.93935537338, -6.65454339981, 6.50708627701, 5.57734441757, 25.3281536102, 81.7423934937, 31.4524707794, -5.20163249969, -6.87197446823], [-19.1796798706, 26.2165489197, 4.12255477905, 6.57692575455, -6.80466938019, -17.9865875244, 1.8071141243, 8.32739830017, 12.6951704025, 31.4524707794, 79.7619552612, 17.1376972198, 1.61655688286], [31.1891708374, -40.7104110718, -25.2067584991, 21.6508197784, 13.1180257797, -23.5164833069, -6.01236963272, 13.2849321365, 18.7696266174, -5.20163249969, 17.1376972198, 82.4951400757, 21.5900192261], [-89.1950378418, 26.468957901, 4.90404748917, -12.5456609726, 19.5431480408, 3.13854575157, -4.44610738754, 5.17061519623, -1.21776103973, -6.87197446823, 1.61655688286, 21.5900192261, 71.9833679199]],
        "icov": [[0.000414868904045, -0.000609679380432, 0.000940417929087, -0.000776329485234, 0.000643919454888, -0.000539495842531, 9.85159858828e-05, -0.00046794465743, 0.000557958264835, -0.000249605975114, 0.000403961981647, -0.000512817001436, 0.000557627063245], [-0.000609679380432, 0.00555568700656, -0.004036183469, 0.00278569688089, -0.00373124447651, 0.00331750349142, -0.00239089573734, 0.00334308110178, -0.0032239893917, 0.00263856747188, -0.00320681603625, 0.00405572494492, -0.00250436295755], [0.000940417929087, -0.004036183469, 0.00552133424208, -0.00313088181429, 0.00259246211499, -0.00294467830099, 0.00245143705979, -0.00342956185341, 0.00352353043854, -0.00375652918592, 0.00280058570206, -0.00248568062671, 0.00193353532813], [-0.000776329485234, 0.00278569688089, -0.00313088181429, 0.00581741146743, -0.00154742680024, 0.00149636878632, -0.000735220208298, 0.00143743609078, -0.00383779546246, 0.00348261161707, -0.00238249218091, 0.00132473069243, -0.00062915525632], [0.000643919454888, -0.00373124447651, 0.00259246211499, -0.00154742680024, 0.00764999771491, -0.00172679673415, -0.000638983794488, -0.00244901678525, 0.00228636525571, -0.00171193736605, 0.00299904635176, -0.00370183144696, 0.000776573724579], [-0.000539495842531, 0.00331750349142, -0.00294467830099, 0.00149636878632, -0.00172679673415, 0.00687119504437, -0.00326536665671, 0.00304135610349, -0.000511597201694, 0.00125687487889, -0.00106707890518, 0.00312016392127, -0.00247841957025], [9.85159858828e-05, -0.00239089573734, 0.00245143705979, -0.000735220208298, -0.000638983794488, -0.00326536665671, 0.0102376872674, -0.00336488592438, 0.00207597552799, -0.00233853096142, 0.000869303068612, -0.00114874204155, 0.00203286297619], [-0.00046794465743, 0.00334308110178, -0.00342956185341, 0.00143743609078, -0.00244901678525, 0.00304135610349, -0.00336488592438, 0.0143023906276, -0.00696698389947, 0.00320683652535, -0.00264552608132, 0.00207517831586, -0.00240255426615], [0.000557958264835, -0.0032239893917, 0.00352353043854, -0.00383779546246, 0.00228636525571, -0.000511597201694, 0.00207597552799, -0.00696698389947, 0.0158997513354, -0.00722322287038, 0.00326511939056, -0.00416443217546, 0.00175329693593], [-0.000249605975114, 0.00263856747188, -0.00375652918592, 0.00348261161707, -0.00171193736605, 0.00125687487889, -0.00233853096142, 0.00320683652535, -0.00722322287038, 0.0202796105295, -0.00886397715658, 0.00392282940447, 0.000454872933915], [0.000403961981647, -0.00320681603625, 0.00280058570206, -0.00238249218091, 0.00299904635176, -0.00106707890518, 0.000869303068612, -0.00264552608132, 0.00326511939056, -0.00886397715658, 0.0182392522693, -0.00593209499493, 0.00112835760228], [-0.000512817001436, 0.00405572494492, -0.00248568062671, 0.00132473069243, -0.00370183144696, 0.00312016392127, -0.00114874204155, 0.00207517831586, -0.00416443217546, 0.00392282940447, -0.00593209499493, 0.0183016452938, -0.00612952373922], [0.000557627063245, -0.00250436295755, 0.00193353532813, -0.00062915525632, 0.000776573724579, -0.00247841957025, 0.00203286297619, -0.00240255426615, 0.00175329693593, 0.000454872933915, 0.00112835760228, -0.00612952373922, 0.0173440966755]]
    },
    "melbands": {
        "dmean": [0.000136017872137, 0.000236516774748, 0.000269328680588, 0.000276958482573, 0.00022921236814, 0.000268832605798, 0.000334173993906, 0.000255699793343, 0.000229204830248, 0.000129708787426, 0.000204891519388, 0.000146061138366, 0.00015833361249, 0.00010083498637, 5.19334898854e-05, 2.99328876281e-05, 3.87747095374e-05, 4.010394332e-05, 3.20297585858e-05, 2.64184382104e-05, 2.12225477298e-05, 1.73948028532e-05, 2.36968080571e-05, 1.06051274997e-05, 6.80995162838e-06, 5.96415793552e-06, 4.08966889154e-06, 3.58352440344e-06, 2.16696412281e-06, 1.32392483465e-06, 9.23208176573e-07, 8.91350339316e-07, 6.69754342653e-07, 5.51293169337e-07, 3.42025373357e-07, 2.20061764367e-07, 1.6587016205e-07, 2.00703709652e-07, 6.48012488114e-08, 3.26471685241e-08],
        "dmean2": [0.000228985896683, 0.000385302060749, 0.000440112053184, 0.000459249335108, 0.000360582722351, 0.000424350437243, 0.00054526590975, 0.000410923006712, 0.000371584261302, 0.000200538735953, 0.000327052432112, 0.000226072210353, 0.00026093039196, 0.000156330526806, 8.24078524602e-05, 4.82842078782e-05, 6.29977948847e-05, 6.48577915854e-05, 5.07406075485e-05, 4.31455737271e-05, 3.45479456882e-05, 2.68690018856e-05, 3.80283890991e-05, 1.67990983755e-05, 1.08145186459e-05, 9.63946058619e-06, 6.51443770039e-06, 5.73527313463e-06, 3.52044253304e-06, 2.17047067963e-06, 1.4897143501e-06, 1.42055671404e-06, 1.05526771677e-06, 8.45030001528e-07, 5.22791140156e-07, 3.41290075312e-07, 2.56308965163e-07, 3.04445194388e-07, 9.96794327079e-08, 5.01546359999e-08],
        "dvar": [6.37836166106e-08, 2.60500684135e-07, 5.50485253825e-07, 3.4400363802e-07, 9.5553637891e-08, 1.94606954551e-07, 3.1056856642e-07, 2.20905747028e-07, 1.75345945763e-07, 1.93559827721e-07, 3.02410995801e-07, 1.47682911233e-07, 1.4587290309e-07, 5.13899678367e-08, 1.39534543919e-08, 7.32111971047e-09, 7.98147237191e-09, 8.38079472487e-09, 5.25699173082e-09, 4.2399683764e-09, 2.26870700004e-09, 2.19932783097e-09, 4.35821823075e-09, 5.01804542363e-10, 1.56654689221e-10, 1.19951076849e-10, 9.43431582856e-11, 3.78070144635e-11, 1.33952285028e-11, 5.00381940743e-12, 2.61143905979e-12, 2.90740305095e-12, 1.45762471104e-12, 1.1865376303e-12, 4.09673027923e-13, 1.79523225712e-13, 1.03943858186e-13, 4.04402450112e-13, 1.62689770645e-14, 5.49009698719e-15],
        "dvar2": [1.74070578396e-07, 6.30056490536e-07, 1.35991274419e-06, 8.400266438e-07, 2.28586799267e-07, 5.04424349401e-07, 8.13835129065e-07, 5.66048413475e-07, 4.71885130082e-07, 4.03098340485e-07, 6.95749463375e-07, 3.37725197141e-07, 3.84062161629e-07, 1.16497581359e-07, 3.15479269375e-08, 1.74438756773e-08, 1.89133579909e-08, 2.05008525711e-08, 1.27201023048e-08, 1.08185691516e-08, 5.39182032355e-09, 4.51620429942e-09, 1.09746443044e-08, 1.11505848999e-09, 3.90338372735e-10, 2.99435032325e-10, 2.23315491099e-10, 9.1752758169e-11, 3.41923989122e-11, 1.32584186685e-11, 6.41923276687e-12, 7.0211531901e-12, 3.48731438692e-12, 2.65816904078e-12, 9.20740588807e-13, 4.32561159201e-13, 2.37053025863e-13, 8.24014413561e-13, 3.71633469441e-14, 1.29347106417e-14],
        "max": [0.00416980683804, 0.00845086295158, 0.0194314979017, 0.0115363318473, 0.00578368688002, 0.0102384733036, 0.00925400108099, 0.00947758369148, 0.00835866481066, 0.0159715693444, 0.0138007616624, 0.00862533226609, 0.00590958399698, 0.0094275791198, 0.0044099134393, 0.00309633905999, 0.00258075236343, 0.00209334376268, 0.00203709979542, 0.00176257523708, 0.0014465340646, 0.00279129878618, 0.00182656431571, 0.000460151815787, 0.000288678740617, 0.000272084551398, 0.000340202910593, 0.000151697866386, 7.90209887782e-05, 5.30756806256e-05, 4.21207041654e-05, 4.3114352593e-05, 2.63049005298e-05, 3.90306013287e-05, 1.22373066915e-05, 1.06702927951e-05, 6.69384235152e-06, 2.74330486718e-05, 3.60091098628e-06, 1.9025084157e-06],
        "mean": [0.000297674181638, 0.000450720690424, 0.00040942846681, 0.000462237047032, 0.000480003247503, 0.000543178641237, 0.000577759288717, 0.0004135267518, 0.000369175017113, 0.000236933148699, 0.000338082027156, 0.000233243437833, 0.000270463351626, 0.000193434447283, 9.36221840675e-05, 4.92961480631e-05, 6.49573776172e-05, 6.97294235579e-05, 5.81399981456e-05, 4.83587464259e-05, 3.8820951886e-05, 3.54945041181e-05, 5.17084226885e-05, 1.95393495233e-05, 1.37957649713e-05, 1.32671175379e-05, 9.58478267421e-06, 7.85028714745e-06, 4.95262656841e-06, 3.0594828786e-06, 2.23292249757e-06, 2.18037439481e-06, 1.73989519681e-06, 1.38139341743e-06, 8.21348464797e-07, 5.05925981997e-07, 3.81763499036e-07, 4.47396672598e-07, 1.45707872434e-07, 7.04695111153e-08],
        "median": [0.000242098234594, 0.000321226689266, 0.000209032237763, 0.000241187473875, 0.000318089674693, 0.000332218274707, 0.000318261998473, 0.000184310920304, 0.000184545133379, 8.9140739874e-05, 0.00011671971879, 7.56972731324e-05, 4.09136264352e-05, 6.21137587586e-05, 3.8916907215e-05, 2.18945369852e-05, 2.56830862781e-05, 3.09857678076e-05, 2.55767936324e-05, 1.56977475854e-05, 1.549748049e-05, 1.1743534742e-05, 1.00176785054e-05, 8.76661943039e-06, 7.04301328369e-06, 6.79409913573e-06, 4.73921954836e-06, 4.7707453632e-06, 2.76963146462e-06, 1.85174815215e-06, 1.14324234346e-06, 9.48762817643e-07, 7.26098392079e-07, 6.1152491071e-07, 4.03244712288e-07, 2.5351667432e-07, 1.68680401202e-07, 1.12116026685e-07, 6.01720344662e-08, 2.55796841486e-08],
        "min": [7.97625623195e-24, 4.61077366188e-24, 4.38488334167e-24, 9.16030962941e-24, 1.27217168493e-23, 4.25694982437e-24, 7.86686804566e-24, 1.62657685377e-24, 6.81640193161e-24, 1.58290178669e-23, 1.04874710726e-23, 1.07949217218e-23, 1.24016759801e-23, 6.25674614012e-24, 9.07384495217e-24, 5.39592100439e-24, 9.78031485787e-24, 6.6619887203e-24, 8.83562868032e-24, 8.82179048232e-24, 8.54162416525e-24, 1.19105761456e-23, 1.13024511623e-23, 4.65244800021e-24, 5.67729270093e-24, 6.71365595415e-24, 6.66441131214e-24, 3.20617644899e-24, 4.38021762385e-24, 1.12569614982e-23, 7.62225963389e-24, 1.03780142554e-23, 1.06657638923e-23, 9.57806354355e-24, 9.40863357604e-24, 9.78634412177e-24, 1.30786606317e-23, 9.02963876477e-24, 1.17912830218e-23, 1.13544796945e-23],
        "var": [9.75486358357e-08, 3.52372495627e-07, 6.15884573563e-07, 5.42359202882e-07, 2.64476909706e-07, 4.6266109166e-07, 5.9809292452e-07, 4.35022059264e-07, 2.8576994282e-07, 5.92828371282e-07, 6.89513569796e-07, 3.07356089024e-07, 3.53623278215e-07, 1.84553513805e-07, 4.17496792693e-08, 1.31173489848e-08, 1.62979834073e-08, 1.6671050318e-08, 1.09780646795e-08, 8.74035777088e-09, 4.43122960547e-09, 7.84394504905e-09, 1.69907306002e-08, 1.01192765278e-09, 3.70724534404e-10, 3.60816015954e-10, 3.34739319596e-10, 1.00638011813e-10, 4.02069245953e-11, 1.422791919e-11, 9.3616893751e-12, 1.11563102506e-11, 6.69892483499e-12, 5.05404659096e-12, 1.56193200734e-12, 6.11080793172e-13, 3.92006278783e-13, 1.57062839297e-12, 6.02791539015e-14, 1.81889483401e-14]
    },
    "mfcc": {
        "mean": [-641.726013184, 142.109786987, -23.6182250977, 19.811624527, -11.1375513077, -0.44115871191, -9.54151821136, 0.977056622505, -6.30671691895, 2.58859300613, -4.90439796448, 0.192981481552, 0.366601914167],
        "cov": [[4725.77148438, -1187.65405273, -533.552368164, 72.935874939, -240.150482178, 115.941642761, -7.29683208466, 214.369567871, 0.617065966129, -37.5980262756, -25.6250114441, 5.88392019272, 79.1586074829], [-1187.65405273, 997.129943848, 88.2332763672, 32.7100639343, 104.192268372, -26.8478126526, 70.5221633911, -68.4646606445, 3.36912894249, 53.8501396179, 17.5354328156, -24.2222328186, -11.7397661209], [-533.552368164, 88.2332763672, 557.067260742, 44.3903160095, 62.9058456421, 24.3144187927, 8.87706947327, -40.9200019836, 1.79379951954, 7.97281932831, 28.7403640747, 30.6550445557, -18.40574646], [72.935874939, 32.7100639343, 44.3903160095, 294.269866943, 49.1710281372, -63.5128517151, -56.4105110168, 26.9301605225, 15.9068899155, -1.8583933115, 6.3164730072, 63.9385261536, 37.5551719666], [-240.150482178, 104.192268372, 62.9058456421, 49.1710281372, 156.737091064, 2.00717878342, 1.34915184975, 6.41130018234, 22.9601020813, -8.20983886719, -13.3574953079, 16.1496105194, 3.39093780518], [115.941642761, -26.8478126526, 24.3144187927, -63.5128517151, 2.00717878342, 176.876968384, 69.1120452881, 8.8095407486, 5.67166757584, 6.7255859375, 0.623239636421, -35.616230011, -13.5812311172], [-7.29683208466, 70.5221633911, 8.87706947327, -56.4105110168, 1.34915184975, 69.1120452881, 158.504959106, 12.0966720581, -3.79897999763, 24.3848743439, -3.56491684914, -46.3579139709, -12.9701213837], [214.369567871, -68.4646606445, -40.9200019836, 26.9301605225, 6.41130018234, 8.8095407486, 12.0966720581, 101.132843018, 36.1604728699, -8.77629470825, -3.01261687279, 5.39928340912, 9.23467636108], [0.617065966129, 3.36912894249, 1.79379951954, 15.9068899155, 22.9601020813, 5.67166757584, -3.79897999763, 36.1604728699, 88.4521179199, 12.7414751053, -4.5268034935, 6.71236371994, -4.45809984207], [-37.5980262756, 53.8501396179, 7.97281932831, -1.8583933115, -8.20983886719, 6.7255859375, 24.3848743439, -8.77629470825, 12.7414751053, 92.2205810547, 27.0817661285, -17.038816452, -1.7219581604], [-25.6250114441, 17.5354328156, 28.7403640747, 6.3164730072, -13.3574953079, 0.623239636421, -3.56491684914, -3.01261687279, -4.5268034935, 27.0817661285, 81.1322021484, 33.2750396729, 2.44523048401], [5.88392019272, -24.2222328186, 30.6550445557, 63.9385261536, 16.1496105194, -35.616230011, -46.3579139709, 5.39928340912, 6.71236371994, -17.038816452, 33.2750396729, 112.40725708, 32.9909172058], [79.1586074829, -11.7397661209, -18.40574646, 37.5551719666, 3.39093780518, -13.5812311172, -12.9701213837, 9.23467636108, -4.45809984207, -1.7219581604, 2.44523048401, 32.9909172058, 81.1261978149]],
