{
"lowlevel": {
    "average_loudness": 0.90501087904,
    "barkbands_crest": {
        "dmean": 2.71794986725,
        "dmean2": 4.42683124542,
        "dvar": 5.80748128891,
        "dvar2": 14.4714326859,
        "max": 24.8216056824,
        "mean": 8.90808105469,
        "median": 8.10512447357,
        "min": 2.6369638443,
        "var": 13.8952312469
    },
    "barkbands_flatness_db": {
        "dmean": 0.0226492211223,
        "dmean2": 0.034898635,
        "dvar": 0.000439511437435,
        "dvar2": 0.000906146131456,
        "max": 0.361423283815,
        "mean": 0.181924775243,
        "median": 0.182228252292,
        "min": 0.0299492180347,
        "var": 0.00160733773373
    },
    "barkbands_kurtosis": {
        "dmean": 1.77914345264,
        "dmean2": 2.84463739395,
        "dvar": 7.99995994568,
        "dvar2": 19.1525325775,
        "max": 75.858505249,
        "mean": 1.71093010902,
        "median": 0.602471113205,
        "min": -1.85524988174,
        "var": 14.2548503876
    },
    "barkbands_skewness": {
        "dmean": 0.504171013832,
        "dmean2": 0.777509748936,
        "dvar": 0.264557003975,
        "dvar2": 0.575054228306,
        "max": 7.5710644722,
        "mean": 0.875298202038,
        "median": 0.834785401821,
        "min": -5.36559200287,
        "var": 0.867349267006
    },
    "barkbands_spread": {
        "dmean": 4.29395532608,
        "dmean2": 6.72146224976,
        "dvar": 23.7806415558,
        "dvar2": 54.9490013123,
        "max": 76.1136398315,
        "mean": 16.0138111115,
        "median": 14.8397846222,
        "min": 1.28936219215,
        "var": 64.1359558105
    },
    "dissonance": {
        "dmean": 0.020963717252,
        "dmean2": 0.0350612215698,
        "dvar": 0.00043347949395,
        "dvar2": 0.0011171689257,
        "max": 0.500000119209,
        "mean": 0.463432520628,
        "median": 0.470405936241,
        "min": 0.144784241915,
        "var": 0.000902317406144
    },
    "dynamic_complexity": 3.48029136658,
    "erbbands_crest": {
        "dmean": 3.21468377113,
        "dmean2": 5.24689769745,
        "dvar": 8.1788110733,
        "dvar2": 20.0719985962,
        "max": 31.594039917,
        "mean": 10.187587738,
        "median": 9.21682071686,
        "min": 2.4770629406,
        "var": 19.3447151184
    },
    "erbbands_flatness_db": {
        "dmean": 0.0206657461822,
        "dmean2": 0.0298808813095,
        "dvar": 0.000380655139452,
        "dvar2": 0.000701053009834,
        "max": 0.419951170683,
        "mean": 0.239497259259,
        "median": 0.239807441831,
        "min": 0.063439682126,
        "var": 0.00198423699476
    },
    "erbbands_kurtosis": {
        "dmean": 1.06717228889,
        "dmean2": 1.70675361156,
        "dvar": 2.53474879265,
        "dvar2": 5.90376853943,
        "max": 29.7525444031,
        "mean": 0.483666211367,
        "median": -0.081362247467,
        "min": -1.91591489315,
        "var": 4.82562065125
    },
    "erbbands_skewness": {
        "dmean": 0.444680213928,
        "dmean2": 0.689264833927,
        "dvar": 0.176097407937,
        "dvar2": 0.3904260993,
        "max": 4.87365913391,
        "mean": 0.286479651928,
        "median": 0.25812086463,
        "min": -4.05932712555,
        "var": 0.606119453907
    },
    "erbbands_spread": {
        "dmean": 6.02951860428,
        "dmean2": 9.3199968338,
        "dvar": 39.5736083984,
        "dvar2": 91.9003372192,
        "max": 100.409790039,
        "mean": 25.0388374329,
        "median": 23.7311325073,
        "min": 1.80834984779,
        "var": 128.255889893
    },
    "hfc": {
        "dmean": 6.00542545319,
        "dmean2": 8.76481628418,
        "dvar": 55.2090759277,
        "dvar2": 110.921691895,
        "max": 157.783401489,
        "mean": 18.2771968842,
        "median": 13.9450273514,
        "min": 1.13658361639e-16,
        "var": 243.512573242
    },
    "melbands_crest": {
        "dmean": 3.5608291626,
        "dmean2": 5.78796863556,
        "dvar": 9.71344947815,
        "dvar2": 24.100643158,
        "max": 31.9982910156,
        "mean": 11.9328937531,
        "median": 11.084069252,
        "min": 1.77483952045,
        "var": 24.9364948273
    },
    "melbands_flatness_db": {
        "dmean": 0.02552289702,
        "dmean2": 0.0381646342576,
        "dvar": 0.000631495262496,
        "dvar2": 0.00122546975035,
        "max": 0.392205655575,
        "mean": 0.20186586678,
        "median": 0.203670576215,
        "min": 0.00442983675748,
        "var": 0.00257126009092
    },
    "melbands_kurtosis": {
        "dmean": 3.01778674126,
        "dmean2": 4.83574199677,
        "dvar": 22.9617729187,
        "dvar2": 56.8872184753,
        "max": 152.311981201,
        "mean": 4.27752447128,
        "median": 2.43174648285,
        "min": -1.8438372612,
        "var": 39.247379303
    },
    "melbands_skewness": {
        "dmean": 0.567402660847,
        "dmean2": 0.873009204865,
        "dvar": 0.326220750809,
        "dvar2": 0.742304444313,
        "max": 9.7217092514,
        "mean": 1.41201198101,
        "median": 1.32110106945,
        "min": -3.23566246033,
        "var": 1.08209228516
    },
    "melbands_spread": {
        "dmean": 7.55450439453,
        "dmean2": 11.9456348419,
        "dvar": 118.634254456,
        "dvar2": 247.012908936,
        "max": 169.843765259,
        "mean": 24.0194301605,
        "median": 20.6780052185,
        "min": 1.76294136047,
        "var": 278.023986816
    },
    "pitch_salience": {
        "dmean": 0.071868725121,
        "dmean2": 0.117617934942,
        "dvar": 0.00395467644557,
        "dvar2": 0.0101234633476,
        "max": 0.991452693939,
        "mean": 0.621470451355,
        "median": 0.62259554863,
        "min": 0.170964837074,
        "var": 0.0126958237961
    },
    "silence_rate_20dB": {
        "dmean": 0,
        "dmean2": 0,
        "dvar": 0,
        "dvar2": 0,
        "max": 1,
        "mean": 1,
        "median": 1,
        "min": 1,
        "var": 0
    },
    "silence_rate_30dB": {
        "dmean": 0.000168804865098,
        "dmean2": 0.000337638222845,
        "dvar": 0.000168775062775,
        "dvar2": 0.00050633813953,
        "max": 1,
        "mean": 0.999915599823,
        "median": 1,
        "min": 0,
        "var": 8.43878588057e-05
    },
    "silence_rate_60dB": {
        "dmean": 0.0484469942749,
        "dmean2": 0.0969021692872,
        "dvar": 0.0460996925831,
        "dvar2": 0.100857339799,
        "max": 1,
        "mean": 0.120516501367,
        "median": 0,
        "min": 0,
        "var": 0.105994127691
    },
    "spectral_centroid": {
        "dmean": 258.754821777,
        "dmean2": 401.785400391,
        "dvar": 116733.46875,
        "dvar2": 220187.65625,
        "max": 11306.5078125,
        "mean": 1331.24841309,
        "median": 1214.18896484,
        "min": 301.721343994,
        "var": 443030.28125
    },
    "spectral_complexity": {
        "dmean": 3.4944293499,
        "dmean2": 5.3699669838,
        "dvar": 10.2943487167,
        "dvar2": 21.3436775208,
        "max": 58,
        "mean": 19.1322479248,
        "median": 20,
        "min": 0,
        "var": 86.9676055908
    },
    "spectral_decrease": {
        "dmean": 1.89737181522e-09,
        "dmean2": 2.85122592203e-09,
        "dvar": 5.34023171253e-18,
        "dvar2": 1.14859214475e-17,
        "max": 7.62562452201e-29,
        "mean": -5.1409876356e-09,
        "median": -4.29741531249e-09,
        "min": -2.98071931581e-08,
        "var": 1.64992489004e-17
    },
    "spectral_energy": {
        "dmean": 0.00763145694509,
        "dmean2": 0.0114356232807,
        "dvar": 8.49508869578e-05,
        "dvar2": 0.000181466326467,
        "max": 0.118505954742,
        "mean": 0.0210610609502,
        "median": 0.0176490377635,
        "min": 1.03438127806e-20,
        "var": 0.000272996723652
    },
    "spectral_energyband_high": {
        "dmean": 0.000136288086651,
        "dmean2": 0.000204479583772,
        "dvar": 2.6010556553e-07,
        "dvar2": 4.89643980472e-07,
        "max": 0.0229754708707,
        "mean": 0.000230021338211,
        "median": 0.000107913765532,
        "min": 7.52730076117e-21,
        "var": 4.20257180167e-07
    },
    "spectral_energyband_low": {
        "dmean": 0.0014262724435,
        "dmean2": 0.00235588476062,
        "dvar": 6.87912097419e-06,
        "dvar2": 1.72915933945e-05,
        "max": 0.0307237412781,
        "mean": 0.00233874167316,
        "median": 0.00102989468724,
        "min": 3.14195062842e-23,
        "var": 1.10471237349e-05
    },
    "spectral_energyband_middle_high": {
        "dmean": 0.00247776554897,
        "dmean2": 0.00375212961808,
        "dvar": 1.25728947751e-05,
        "dvar2": 2.75924157904e-05,
        "max": 0.0742501392961,
        "mean": 0.00672741513699,
        "median": 0.0042730672285,
        "min": 1.22190490007e-21,
        "var": 5.24814640812e-05
    },
    "spectral_energyband_middle_low": {
        "dmean": 0.00610180711374,
        "dmean2": 0.00930632185191,
        "dvar": 6.65362895234e-05,
        "dvar2": 0.000148004983203,
        "max": 0.102628305554,
        "mean": 0.0127664003521,
        "median": 0.00946018379182,
        "min": 1.53390759224e-22,
        "var": 0.000153586282977
    },
    "spectral_entropy": {
        "dmean": 0.156022936106,
        "dmean2": 0.230842456222,
        "dvar": 0.0253767333925,
        "dvar2": 0.0480592995882,
        "max": 9.81043243408,
        "mean": 7.36909914017,
        "median": 7.38065195084,
        "min": 5.80146074295,
        "var": 0.110845841467
    },
    "spectral_flux": {
        "dmean": 0.0238298028708,
        "dmean2": 0.0371869541705,
        "dvar": 0.000612882373389,
        "dvar2": 0.00134886638261,
        "max": 0.307766795158,
        "mean": 0.0829141587019,
        "median": 0.0790617913008,
        "min": 6.67943964028e-11,
        "var": 0.00177712063305
    },
    "spectral_kurtosis": {
        "dmean": 3.26104617119,
        "dmean2": 5.59197998047,
        "dvar": 9.0660161972,
        "dvar2": 26.1764526367,
        "max": 35.641834259,
        "mean": 6.0516076088,
        "median": 5.17936134338,
        "min": -1.24045360088,
        "var": 17.8983821869
    },
    "spectral_rms": {
        "dmean": 0.000805862946436,
        "dmean2": 0.00116815289948,
        "dvar": 6.88579973485e-07,
        "dvar2": 1.30171258661e-06,
        "max": 0.0107524674386,
        "mean": 0.00411654729396,
        "median": 0.00414952682331,
        "min": 3.17671605167e-12,
        "var": 3.60145600098e-06
    },
    "spectral_rolloff": {
        "dmean": 396.947113037,
        "dmean2": 662.38079834,
        "dvar": 399945.5625,
        "dvar2": 794470.5,
        "max": 19078.4179688,
        "mean": 1586.03442383,
        "median": 1442.72460938,
        "min": 43.06640625,
        "var": 1139358
    },
    "spectral_skewness": {
        "dmean": 0.362754225731,
        "dmean2": 0.593172490597,
        "dvar": 0.104673698545,
        "dvar2": 0.262821048498,
        "max": 4.44505929947,
        "mean": 1.51741158962,
        "median": 1.44384944439,
        "min": -0.434231281281,
        "var": 0.380364656448
    },
    "spectral_spread": {
        "dmean": 325002.5,
        "dmean2": 490194.65625,
        "dvar": 273965776896,
        "dvar2": 482328379392,
        "max": 42162476,
        "mean": 2843830.5,
        "median": 2617614,
        "min": 1374468,
        "var": 1.70961613619e+12
    },
    "spectral_strongpeak": {
        "dmean": 0.73918402195,
        "dmean2": 1.20108616352,
        "dvar": 0.870679974556,
        "dvar2": 2.13929963112,
        "max": 16.0707321167,
        "mean": 1.29172825813,
        "median": 0.877346217632,
        "min": 0,
        "var": 1.74034965038
    },
    "zerocrossingrate": {
        "dmean": 0.00800026208162,
        "dmean2": 0.00933183077723,
        "dvar": 0.000162755328347,
        "dvar2": 0.000175720109837,
        "max": 0.8212890625,
        "mean": 0.0561474002898,
        "median": 0.05029296875,
        "min": 0.0126953125,
        "var": 0.000953625596594
    },
    "barkbands": {
        "dmean": [1.31393553602e-05, 0.000298915576423, 0.000781536509749, 0.00107031979132, 0.00122490630019, 0.00137722713407, 0.00141753861681, 0.00180740200449, 0.00193932489492, 0.000759332440794, 0.000541744346265, 0.000524481176399, 0.000477824447444, 0.000523936294485, 0.000528243836015, 0.000381803605705, 0.000374388153432, 0.000190957624, 0.000127846171381, 8.68078568601e-05, 6.53157403576e-05, 3.20592007483e-05, 1.0269743143e-05, 2.86861882159e-06, 4.64393792754e-07, 3.48968143271e-08, 3.0457532052e-09],
        "dmean2": [2.18722398131e-05, 0.000499779416714, 0.0013390944805, 0.00174169125967, 0.00203332304955, 0.00212887581438, 0.00219261506572, 0.00283369701356, 0.0030659539625, 0.00121084076818, 0.000870271644089, 0.000852086057421, 0.000769778445829, 0.000839244050439, 0.000852407014463, 0.000608851201832, 0.000620555132627, 0.000305691093672, 0.000201166360057, 0.000137835595524, 0.000101318568341, 4.80062371935e-05, 1.50283813127e-05, 4.19563230025e-06, 7.10264373538e-07, 5.55414452208e-08, 5.10998221515e-09],
        "dvar": [6.01004856993e-10, 3.06133244976e-07, 2.52540485235e-06, 5.92006244915e-06, 4.72536203233e-06, 8.42526060296e-06, 1.02648327811e-05, 1.53052787937e-05, 2.10060043173e-05, 3.86365218219e-06, 2.2174726837e-06, 1.48172102854e-06, 1.76690775788e-06, 1.55801978963e-06, 1.38829557272e-06, 7.20096295481e-07, 5.74351531668e-07, 1.34884885483e-07, 6.36506740648e-08, 4.00989073057e-08, 7.17883921197e-08, 2.93140498542e-08, 2.11898343316e-09, 1.92310306568e-10, 7.75564616869e-13, 5.92446268232e-15, 2.663668215e-16],
        "dvar2": [1.52531953734e-09, 8.03406578598e-07, 6.74487364449e-06, 1.35693553602e-05, 1.25031883726e-05, 1.9476734451e-05, 2.36066916841e-05, 3.66592212231e-05, 4.88053665322e-05, 9.57655993261e-06, 5.48683919988e-06, 3.56048690264e-06, 3.91371122532e-06, 3.63354070032e-06, 3.39135885952e-06, 1.75735749508e-06, 1.4244826616e-06, 3.24479373148e-07, 1.48495189478e-07, 9.05158543674e-08, 1.39330268212e-07, 5.64276021464e-08, 4.053922531e-09, 3.8166014793e-10, 1.60557689106e-12, 1.41418596465e-14, 6.66460398916e-16],
        "max": [0.000454745080788, 0.00789735652506, 0.0237417183816, 0.0423482321203, 0.0517057627439, 0.0557176060975, 0.0646502077579, 0.0793754011393, 0.0755580216646, 0.0457918979228, 0.0536528378725, 0.0327377393842, 0.04847696051, 0.0324097685516, 0.0326230488718, 0.0192351751029, 0.0282616708428, 0.00738667277619, 0.00789329502732, 0.0055417320691, 0.0139805935323, 0.00773563794792, 0.00176457350608, 0.000756967521738, 4.17094452132e-05, 1.86864735952e-06, 3.61086364364e-07],
        "mean": [1.41017853821e-05, 0.000426859711297, 0.00109006825369, 0.0013726989273, 0.00174178730231, 0.00206121010706, 0.00195988081396, 0.00246867886744, 0.0027354862541, 0.00111273920629, 0.000790390942711, 0.000739301729482, 0.000703157915268, 0.000814430532046, 0.000872146396432, 0.000648453074973, 0.000586230598856, 0.000373101705918, 0.000241497604293, 0.00014789965644, 9.05832857825e-05, 4.81693059555e-05, 1.60687541211e-05, 4.95341419082e-06, 1.13211126518e-06, 5.89248791982e-08, 2.88190915576e-09],
        "median": [3.9180758904e-06, 0.000169101404026, 0.000327795103658, 0.000363804050721, 0.000898303231224, 0.000772349245381, 0.000557223160286, 0.000707897590473, 0.000712038599886, 0.000362093443982, 0.000199798887479, 0.000273574143648, 0.000226638148888, 0.000264313042862, 0.000305935333017, 0.000218832879909, 0.000248285679845, 0.000155684407218, 0.000120415767014, 6.91386376275e-05, 3.27058005496e-05, 1.72229520103e-05, 6.48656896374e-06, 2.30475893659e-06, 1.05403864836e-06, 9.49099021597e-10, 2.88137513849e-10],
        "min": [9.92671008694e-25, 1.0111415557e-23, 8.17282143686e-24, 3.48247064231e-24, 1.17153425379e-23, 1.48753355196e-23, 1.35831482247e-23, 2.22224846459e-23, 2.27219172182e-23, 2.24955614701e-23, 3.31719229198e-23, 3.20888547622e-23, 5.3136200139e-23, 5.67052214443e-23, 4.58092032533e-23, 6.52025534363e-23, 1.41817260977e-22, 1.74626415165e-22, 1.59732430974e-22, 2.65025255334e-22, 3.25920596674e-22, 3.33914446081e-22, 4.25475221566e-22, 7.03052276266e-22, 9.87701614131e-22, 1.48407187885e-21, 2.21161862701e-21],
        "var": [7.03937463875e-10, 4.29788940437e-07, 3.28435567098e-06, 8.56197584653e-06, 6.77485968481e-06, 1.59625269589e-05, 1.68330152519e-05, 2.33428090723e-05, 3.5180728446e-05, 6.2975432229e-06, 4.59518332718e-06, 2.69175370704e-06, 3.29489080286e-06, 2.98298027701e-06, 2.74058174909e-06, 1.56175576649e-06, 1.12026430088e-06, 3.5529996012e-07, 1.44378731193e-07, 7.51809068333e-08, 1.05461346322e-07, 4.38105232092e-08, 3.06123215665e-09, 3.1083180474e-10, 1.83800197284e-12, 1.50351888735e-14, 2.99742090144e-16]
    },
    "erbbands": {
        "dmean": [0.00687199505046, 0.0856800079346, 0.694920659065, 2.45667409897, 3.28775000572, 4.43167543411, 8.64360904694, 11.6110296249, 16.6954364777, 25.7799320221, 46.0731658936, 45.5050888062, 26.3785209656, 23.1549873352, 20.2945804596, 21.3296546936, 21.9182662964, 24.8908843994, 26.4695472717, 23.8350601196, 19.4925308228, 18.593378067, 10.3379011154, 6.90474843979, 5.75532579422, 4.24370288849, 3.06935501099, 2.14531683922, 1.23029255867, 0.585858047009, 0.263609230518, 0.102349534631, 0.0291258655488, 0.00786564312875, 0.00256385980174, 0.000362273945939, 1.50190835484e-05, 5.21583706359e-06, 4.07388552048e-06, 8.88335125637e-06],
        "dmean2": [0.00987058598548, 0.144816875458, 1.1782566309, 4.02528858185, 5.5190987587, 7.36369037628, 13.6354351044, 18.045841217, 25.8035316467, 39.5877494812, 72.0218811035, 71.2418289185, 41.7674102783, 36.9945487976, 32.6322860718, 34.5517997742, 35.0113525391, 39.2610206604, 41.896484375, 37.9422683716, 30.914894104, 30.5872344971, 16.4401016235, 10.8231391907, 9.02661418915, 6.7738609314, 4.79187726974, 3.28470134735, 1.84548962116, 0.873942017555, 0.385330080986, 0.150479614735, 0.0421882681549, 0.0118435174227, 0.00400236994028, 0.000556340091862, 2.27915716096e-05, 8.20216882857e-06, 6.05510967944e-06, 1.32654877234e-05],
        "dvar": [0.000173160020495, 0.0277714952826, 2.03992486, 25.9294338226, 44.4024200439, 70.9483795166, 340.959136963, 775.159545898, 1553.99511719, 4087.76196289, 10339.9853516, 14000.7324219, 4558.65722656, 4114.6484375, 2574.32836914, 2513.85253906, 3515.76025391, 3712.32885742, 3345.35302734, 2967.76025391, 1702.29003906, 1412.42956543, 372.833862305, 203.818725586, 148.121353149, 94.2578735352, 101.386550903, 126.979553223, 47.7083244324, 6.84005260468, 1.62906467915, 0.24528414011, 0.0126167619601, 0.00033291199361, 1.14468211905e-05, 3.89042014604e-07, 8.31215651864e-10, 6.81329825891e-10, 2.21668169931e-11, 1.11974991779e-10],
        "dvar2": [0.000332716474077, 0.0744975954294, 5.37014913559, 60.6361846924, 113.027946472, 186.306762695, 807.60723877, 1841.62060547, 3378.11254883, 9482.13769531, 24956.9316406, 32563.5097656, 11526.8730469, 10126.7275391, 6497.09130859, 5933.65820312, 7891.81103516, 8299.02539062, 7687.13818359, 7374.82519531, 4052.42871094, 3430.18676758, 864.842834473, 495.463653564, 344.456665039, 212.726135254, 205.671478271, 262.073974609, 92.9238510132, 12.9016895294, 3.11115121841, 0.481987297535, 0.0231434516609, 0.000656684918795, 2.54677124758e-05, 8.78008506788e-07, 1.83628678929e-09, 1.69778857639e-09, 4.6017908234e-11, 2.36875408177e-10],
        "max": [0.180004388094, 2.4826362133, 19.9052238464, 81.1837539673, 114.064125061, 206.886932373, 470.596252441, 590.194702148, 802.90020752, 1507.9979248, 2236.20507812, 2281.484375, 2136.15869141, 2079.94970703, 1449.39538574, 1638.63757324, 1860.37646484, 1723.81188965, 1526.65283203, 1575.07885742, 945.44152832, 1661.0871582, 392.071777344, 454.810272217, 487.205963135, 278.552886963, 526.130126953, 485.918182373, 386.962188721, 105.717277527, 56.8786201477, 22.0554084778, 5.78214502335, 0.888116538525, 0.105540812016, 0.0182290244848, 0.000884654640686, 0.000576390244532, 7.50918188714e-05, 0.000134763686219],
        "mean": [0.00984121765941, 0.120647192001, 1.01581764221, 3.4263074398, 4.142329216, 6.20840024948, 12.7297124863, 16.8155651093, 23.7755298615, 36.4652748108, 64.5176315308, 65.4033126831, 41.4693222046, 35.9300270081, 31.2613582611, 32.1724052429, 34.8775863647, 41.0537986755, 44.6077842712, 42.8120040894, 35.3199653625, 31.5055484772, 21.590719223, 14.1189365387, 10.9683637619, 7.25756406784, 4.5272898674, 2.95216441154, 1.83311390877, 0.920062422752, 0.410302966833, 0.167279675603, 0.0544829852879, 0.017172627151, 0.00613202154636, 0.000804578594398, 3.83715705539e-05, 8.90339015314e-06, 1.19947735584e-05, 2.51844685408e-05],
        "median": [0.0030544877518, 0.051828417927, 0.3261539042, 1.15854680538, 1.80590331554, 2.89157319069, 5.19659614563, 5.86126804352, 7.80648422241, 10.3859844208, 19.9725646973, 17.9092636108, 13.038936615, 12.881354332, 10.5542535782, 13.1875305176, 12.6665859222, 14.5259742737, 16.7569580078, 15.4569454193, 13.6042633057, 14.0049552917, 9.53373146057, 6.63300848007, 5.61698579788, 3.53429818153, 1.86856079102, 1.0129699707, 0.645444393158, 0.337964653969, 0.162643104792, 0.0705028995872, 0.0304757393897, 0.0151602439582, 0.0041530104354, 0.000147084254422, 2.27828095376e-05, 4.4344037633e-06, 1.0021696653e-05, 2.10734160646e-05],
        "min": [2.13868218854e-22, 2.82328193538e-21, 1.17334342044e-20, 1.33965963405e-20, 3.59119073535e-20, 3.1103344894e-20, 8.04391851301e-20, 1.36444463092e-19, 2.23991565989e-19, 3.67090916829e-19, 5.37732486934e-19, 6.47739753585e-19, 5.94923806185e-19, 1.02221305059e-18, 2.13559836188e-18, 1.49871189001e-18, 2.22871491061e-18, 2.79350886978e-18, 2.3282549304e-18, 3.37242569714e-18, 4.76378608725e-18, 8.98292585352e-18, 1.04008523898e-17, 6.6961089495e-18, 9.80514255521e-18, 1.29976287586e-17, 1.30886748742e-17, 1.42921755162e-17, 1.43609489667e-17, 1.17781519502e-17, 1.17152183949e-17, 1.53190970856e-17, 1.18089693911e-17, 1.03861112041e-17, 8.20404597129e-18, 5.38285922463e-18, 2.31062647077e-18, 1.00630161112e-18, 3.24581743258e-19, 3.31540742665e-20],
        "var": [0.00032328630914, 0.0339877046645, 2.787971735, 40.3039245605, 50.7759132385, 104.584320068, 638.773620605, 1334.79016113, 2633.97485352, 6494.77783203, 15949.4140625, 23250.7011719, 8342.90039062, 7142.34765625, 5317.7265625, 4701.67822266, 7156.20507812, 7451.38183594, 6825.06689453, 6786.34912109, 3975.3449707, 2928.55126953, 1121.15795898, 475.427307129, 318.874542236, 173.172317505, 157.18649292, 162.440048218, 70.7686386108, 10.6141548157, 2.27331805229, 0.382714062929, 0.0235081166029, 0.000708179839421, 4.29762731073e-05, 1.50319158365e-06, 2.51738008217e-09, 7.88793252937e-10, 7.88378598515e-11, 3.80019710144e-10]
    },
    "gfcc": {
        "mean": [-59.1745681763, 140.020370483, -178.511154175, 29.7633953094, -67.171836853, -3.88729143143, -33.3542518616, -7.12089347839, -7.95875024796, -15.4674882889, -4.29497051239, -19.6127986908, -0.544598937035],
        "cov": [[3973.36254883, 1341.47717285, -891.597167969, 426.774688721, 204.984619141, -372.403961182, 516.072814941, -421.908477783, 449.870910645, -508.662506104, 159.359695435, -278.091247559, -6.42279243469], [1341.47717285, 1206.50317383, 55.5333862305, 92.4069366455, 268.797973633, -203.156799316, 212.584991455, -140.781021118, 188.251251221, -249.762069702, 85.6908798218, -155.430953979, -34.2507286072], [-891.597167969, 55.5333862305, 1135.73864746, 55.4717216492, -80.7509841919, 153.336975098, -308.44644165, 252.003067017, -265.717498779, 214.470825195, -93.1003646851, 39.4512405396, -4.22443342209], [426.774688721, 92.4069366455, 55.4717216492, 535.056640625, 53.1391944885, -30.3687915802, 104.070220947, -120.927879333, 109.192565918, -88.960647583, 8.9859161377, -0.818797945976, 12.7545995712], [204.984619141, 268.797973633, -80.7509841919, 53.1391944885, 249.605865479, -23.1015739441, 71.0096511841, -17.358423233, 68.9491119385, -67.9229431152, 13.8237266541, -22.5782337189, -15.979224205], [-372.403961182, -203.156799316, 153.336975098, -30.3687915802, -23.1015739441, 333.822570801, 19.303691864, 69.4990310669, -101.169555664, 74.9343338013, -33.3409004211, 31.611415863, 7.69418907166], [516.072814941, 212.584991455, -308.44644165, 104.070220947, 71.0096511841, 19.303691864, 358.10848999, -119.293235779, 143.087097168, -144.066070557, 42.1544647217, -36.4057731628, -34.8906288147], [-421.908477783, -140.781021118, 252.003067017, -120.927879333, -17.358423233, 69.4990310669, -119.293235779, 250.851043701, -89.3856887817, 123.510269165, -40.6608543396, 13.6867294312, 0.598114788532], [449.870910645, 188.251251221, -265.717498779, 109.192565918, 68.9491119385, -101.169555664, 143.087097168, -89.3856887817, 252.277389526, -93.8589248657, 41.2166786194, -38.375328064, -12.2850141525], [-508.662506104, -249.762069702, 214.470825195, -88.960647583, -67.9229431152, 74.9343338013, -144.066070557, 123.510269165, -93.8589248657, 208.770065308, -17.2329063416, 37.6794433594, 13.1065511703], [159.359695435, 85.6908798218, -93.1003646851, 8.9859161377, 13.8237266541, -33.3409004211, 42.1544647217, -40.6608543396, 41.2166786194, -17.2329063416, 106.037361145, 7.93643045425, 4.5953669548], [-278.091247559, -155.430953979, 39.4512405396, -0.818797945976, -22.5782337189, 31.611415863, -36.4057731628, 13.6867294312, -38.375328064, 37.6794433594, 7.93643045425, 122.608322144, 28.0755348206], [-6.42279243469, -34.2507286072, -4.22443342209, 12.7545995712, -15.979224205, 7.69418907166, -34.8906288147, 0.598114788532, -12.2850141525, 13.1065511703, 4.5953669548, 28.0755348206, 96.0736312866]],
        "icov": [[0.00097359897336, -0.00167637551203, 0.00149019621313, -0.00117881502956, 0.001344865188, -0.000315927230986, 0.000458718364825, -0.000636157870758, 0.000533131242264, -0.000220465473831, 0.000327386049321, 0.000323245621985, 9.71357076196e-05], [-0.00167637551203, 0.00622200174257, -0.00501545751467, 0.00345955532975, -0.00497038243338, 0.00203690933995, -0.00244149984792, 0.00251196720637, -0.00217082933523, 0.00296276831068, -0.00275366310962, 0.00224784505554, -0.00167278421577], [0.00149019621313, -0.00501545751467, 0.0059303464368, -0.00384048954584, 0.00406169611961, -0.00189983122982, 0.00285561173223, -0.00317697669379, 0.00291062402539, -0.00262361159548, 0.00232350151055, -0.00135881092865, 0.00198279856704], [-0.00117881502956, 0.00345955532975, -0.00384048954584, 0.00483306357637, -0.00304273469374, 0.00105327437632, -0.00187034194823, 0.00281889596954, -0.00250910269096, 0.00177049147896, -0.000949978944845, 0.00036921541323, -0.00156801147386], [0.001344865188, -0.00497038243338, 0.00406169611961, -0.00304273469374, 0.00868517532945, -0.00178271671757, 0.00184957927559, -0.00294455280527, 0.000938575365581, -0.000910094880965, 0.00179094425403, -0.0015962915495, 0.00180282758083], [-0.000315927230986, 0.00203690933995, -0.00189983122982, 0.00105327437632, -0.00178271671757, 0.0051224832423, -0.00302006886341, 0.000508201133925, 0.000932412454858, -0.000347647088347, -9.56574440352e-05, 0.000590061710682, -0.00132621941157], [0.000458718364825, -0.00244149984792, 0.00285561173223, -0.00187034194823, 0.00184957927559, -0.00302006886341, 0.0070289731957, -0.000854042533319, -0.000772400293499, 0.00116227683611, 7.83194991527e-05, -0.000893208722118, 0.00264156609774], [-0.000636157870758, 0.00251196720637, -0.00317697669379, 0.00281889596954, -0.00294455280527, 0.000508201133925, -0.000854042533319, 0.00836305413395, -0.00130037381314, -0.00147916120477, 0.000204035764909, 0.00115468655713, -0.000865279056598], [0.000533131242264, -0.00217082933523, 0.00291062402539, -0.00250910269096, 0.000938575365581, 0.000932412454858, -0.000772400293499, -0.00130037381314, 0.00838485918939, -0.00145835662261, 0.000154272565851, 0.000249277218245, 0.000722741882782], [-0.000220465473831, 0.00296276831068, -0.00262361159548, 0.00177049147896, -0.000910094880965, -0.000347647088347, 0.00116227683611, -0.00147916120477, -0.00145835662261, 0.0117387371138, -0.00308912363835, 0.000886309600901, -0.000900277576875], [0.000327386049321, -0.00275366310962, 0.00232350151055, -0.000949978944845, 0.00179094425403, -9.56574440352e-05, 7.83194991527e-05, 0.000204035764909, 0.000154272565851, -0.00308912363835, 0.0127200046554, -0.00304733542725, 0.000324436638039], [0.000323245621985, 0.00224784505554, -0.00135881092865, 0.00036921541323, -0.0015962915495, 0.000590061710682, -0.000893208722118, 0.00115468655713, 0.000249277218245, 0.000886309600901, -0.00304733542725, 0.0121234608814, -0.00341622205451], [9.71357076196e-05, -0.00167278421577, 0.00198279856704, -0.00156801147386, 0.00180282758083, -0.00132621941157, 0.00264156609774, -0.000865279056598, 0.000722741882782, -0.000900277576875, 0.000324436638039, -0.00341622205451, 0.0126829864457]]
    },
    "melbands": {
        "dmean": [6.75364717608e-05, 0.000270010903478, 0.000437684269855, 0.000265023030806, 0.000272263976512, 0.000260480999714, 0.000264395726845, 0.00028691071202, 0.00039548825589, 0.00027226365637, 0.000128291590954, 9.48853848968e-05, 7.50105973566e-05, 6.04609049333e-05, 5.03463488712e-05, 4.91123573738e-05, 4.82945215481e-05, 4.45101322839e-05, 3.84934610338e-05, 2.92888908007e-05, 2.52333938988e-05, 2.38517186517e-05, 1.35346172101e-05, 8.24239214126e-06, 5.90633590036e-06, 4.88392743137e-06, 3.6583014662e-06, 2.88701448881e-06, 2.06441245609e-06, 1.64105858858e-06, 1.22646224554e-06, 7.9287127619e-07, 4.93015477332e-07, 2.75240296332e-07, 1.70359001572e-07, 1.00710657591e-07, 5.22230756417e-08, 2.27928396157e-08, 1.24519727862e-08, 5.75903325029e-09],
        "dmean2": [0.00010699951963, 0.000456903042505, 0.00071723642759, 0.000444360310212, 0.000430644577136, 0.000402816658607, 0.000406752253184, 0.000440272793639, 0.00061903410824, 0.000429314561188, 0.000203825096833, 0.000151884829393, 0.000120372795209, 9.85732258414e-05, 8.14427039586e-05, 7.85577576607e-05, 7.68273894209e-05, 7.03741243342e-05, 6.21889339527e-05, 4.66691599286e-05, 4.0591457946e-05, 3.99565724365e-05, 2.14175761357e-05, 1.33648018164e-05, 9.37925415201e-06, 7.72438761487e-06, 5.79816469326e-06, 4.66891287942e-06, 3.275275958e-06, 2.58708791989e-06, 1.88187686945e-06, 1.19702895063e-06, 7.51184984438e-07, 4.129780109e-07, 2.51574761023e-07, 1.51627389755e-07, 7.76423050297e-08, 3.36504832887e-08, 1.88577526927e-08, 9.01082586324e-09],
        "dvar": [1.46510448218e-08, 3.07823853518e-07, 8.31901900256e-07, 2.23249514875e-07, 3.05174523874e-07, 3.58750753549e-07, 3.48717492216e-07, 4.46807206345e-07, 7.55614337322e-07, 4.97873031691e-07, 1.12695317966e-07, 7.39783345693e-08, 4.11559994973e-08, 1.82673662863e-08, 1.48814018885e-08, 1.98076488545e-08, 1.44835734517e-08, 1.071184208e-08, 9.04496921805e-09, 4.6553854105e-09, 3.1372264786e-09, 2.7282072157e-09, 6.99694580053e-10, 2.59206739406e-10, 1.69320904519e-10, 1.09851003294e-10, 6.64875585143e-11, 4.69889648025e-11, 3.98509419908e-11, 5.31732227693e-11, 5.29376750769e-11, 2.10273656126e-11, 6.37120174327e-12, 1.33072047305e-12, 7.47325541294e-13, 1.9329236291e-13, 6.96793358147e-14, 7.71875036218e-15, 1.38474947332e-15, 8.91225104567e-17],
        "dvar2": [3.42799459929e-08, 8.14699660623e-07, 1.98352699954e-06, 5.85539908116e-07, 7.43723717278e-07, 8.29592011087e-07, 7.6150553241e-07, 1.02653655176e-06, 1.79782625764e-06, 1.16598084787e-06, 2.84330099021e-07, 1.81974726843e-07, 1.02215622633e-07, 4.41279546237e-08, 3.54308689055e-08, 4.26928963293e-08, 3.31297194123e-08, 2.47115963248e-08, 2.32536443434e-08, 1.13139124736e-08, 7.59716822785e-09, 6.69509825357e-09, 1.63971924927e-09, 6.54150233981e-10, 4.2101525044e-10, 2.58682242293e-10, 1.55085042031e-10, 1.08043018976e-10, 8.52680287489e-11, 1.08545741839e-10, 1.19322593473e-10, 4.22056972704e-11, 1.39658050749e-11, 2.54024015364e-12, 1.47909180563e-12, 3.77268393392e-13, 1.41827765894e-13, 1.39189925726e-14, 2.85838912523e-15, 1.75703088274e-16],
        "max": [0.00138863979373, 0.00764957303181, 0.0150271942839, 0.00961349718273, 0.0131504498422, 0.0118514746428, 0.0108380168676, 0.014052964747, 0.0180961564183, 0.013567885384, 0.0103205079213, 0.0086673386395, 0.00555078778416, 0.00343033066019, 0.00326296850108, 0.00591373117641, 0.00323830917478, 0.0034412315581, 0.00343683175743, 0.0017964100698, 0.00124680902809, 0.00244332361035, 0.000542021123692, 0.000419096904807, 0.000434974150266, 0.000393192487536, 0.00022541313956, 0.000233673927141, 0.000291754258797, 0.000430228683399, 0.00035503480467, 0.000232796475757, 0.000136641217978, 3.65364721802e-05, 4.04264428653e-05, 1.52835800691e-05, 1.43902370837e-05, 4.47782304036e-06, 1.72215425209e-06, 4.31776953747e-07],
        "mean": [0.00010083008965, 0.000397457595682, 0.000605485460255, 0.000354721618351, 0.000412252702517, 0.000382431986509, 0.000377489457605, 0.000403618963901, 0.000547938107047, 0.000389103312045, 0.00019341854204, 0.000140352567541, 0.000112038018415, 8.39192216517e-05, 7.68662866903e-05, 7.51878906158e-05, 7.43503696867e-05, 6.90153829055e-05, 6.39968493488e-05, 4.8913032515e-05, 4.12359258917e-05, 3.50489463017e-05, 2.50178181886e-05, 1.53185592353e-05, 1.10017808765e-05, 8.74683155416e-06, 6.33191621091e-06, 4.43832050223e-06, 2.93088487524e-06, 2.16010630538e-06, 1.57642864451e-06, 1.11173926598e-06, 7.37779828341e-07, 4.11278620049e-07, 2.4870016091e-07, 1.53026491034e-07, 8.10703895127e-08, 3.95303842993e-08, 2.29930030571e-08, 1.16041825038e-08],
        "median": [3.85682287742e-05, 0.000140812830068, 0.000236076826695, 0.000171010120539, 0.000183510011993, 0.000134928399348, 0.000124115962535, 0.000113681002404, 0.000159316463396, 9.83910067589e-05, 5.46839619346e-05, 4.61323215859e-05, 3.13641612593e-05, 3.19527680404e-05, 2.89102390525e-05, 2.62324374489e-05, 2.3388700356e-05, 2.31533322221e-05, 2.22916569328e-05, 1.57443773787e-05, 1.49820734805e-05, 1.44835494211e-05, 9.35205207497e-06, 6.67406629873e-06, 4.69550877824e-06, 4.2688193389e-06, 2.96187454296e-06, 1.94008521248e-06, 1.11941244541e-06, 7.32876742404e-07, 4.77121034237e-07, 3.6612593135e-07, 2.56830162471e-07, 1.50302113866e-07, 9.46452374251e-08, 5.93711106944e-08, 3.39607666433e-08, 2.13069917265e-08, 1.70036287273e-08, 1.10527516028e-08],
        "min": [2.98813588643e-24, 5.91621184785e-24, 2.7850761869e-24, 3.10475161633e-24, 2.12983865547e-24, 2.94640297518e-24, 3.64801113112e-24, 3.8162479465e-24, 5.03851849938e-24, 3.86000882193e-24, 2.72557300046e-24, 3.57369017865e-24, 6.50882782568e-24, 3.81740086671e-24, 5.42718553422e-24, 3.34661301721e-24, 5.45740640107e-24, 3.589638974e-24, 3.76915097831e-24, 4.25545611624e-24, 6.24684988006e-24, 8.1702702607e-24, 8.28115807156e-24, 9.20019838108e-24, 4.5376647942e-24, 5.80171618163e-24, 5.97915111517e-24, 8.06202513387e-24, 7.9889229715e-24, 8.11870873421e-24, 7.04280580027e-24, 6.80396396172e-24, 6.12002865664e-24, 6.21917979495e-24, 6.03651155817e-24, 7.64088306214e-24, 9.51044080903e-24, 7.47302687215e-24, 7.07555693847e-24, 7.60264302976e-24],
        "var": [2.56013787947e-08, 4.07519479495e-07, 1.17599324767e-06, 2.90084500421e-07, 5.62275602078e-07, 6.48521677249e-07, 6.07944400599e-07, 7.17594218713e-07, 1.18373304758e-06, 8.33490162222e-07, 2.04562269346e-07, 1.24147106817e-07, 8.79645796203e-08, 3.09712859803e-08, 3.10609848952e-08, 3.62488954408e-08, 2.734127591e-08, 2.04652028657e-08, 1.66711284777e-08, 1.01217620951e-08, 6.4659562149e-09, 4.67979388574e-09, 1.75909242728e-09, 5.91259929905e-10, 3.43835654393e-10, 2.23280005596e-10, 1.32862998381e-10, 7.7571844781e-11, 6.00570912446e-11, 7.39074426659e-11, 5.82867712429e-11, 2.89720678004e-11, 9.15290933323e-12, 1.96667855612e-12, 9.78715589475e-13, 2.8905572597e-13, 1.07272806089e-13, 1.42497657147e-14, 2.58742730881e-15, 2.16076318134e-16]
    },
    "mfcc": {
        "mean": [-674.851989746, 149.34437561, -43.7279243469, 20.7431621552, -12.2365322113, -2.19218254089, -14.1326637268, -1.16672122478, -5.4517364502, 2.71415019035, -4.42044830322, -1.44902050495, -4.40091991425],
        "cov": [[3944.48828125, 679.446350098, -937.669067383, 643.977905273, -307.31552124, 298.888793945, -179.415878296, 349.358703613, -55.9309997559, 164.188095093, -53.7000846863, 2.11135292053, -147.969329834], [679.446350098, 1086.44421387, 31.9378871918, 85.5260620117, 133.416305542, -105.863342285, 42.5974807739, 43.8105621338, -9.9150762558, 32.565864563, 54.6565971375, -29.3767356873, -12.6677904129], [-937.669067383, 31.9378871918, 963.088012695, 37.4034767151, 173.137802124, -44.3699035645, 95.9263916016, -116.69569397, 36.7410354614, -65.5685501099, 8.02016067505, 15.2287282944, 58.1363716125], [643.977905273, 85.5260620117, 37.4034767151, 499.209899902, 44.7119140625, 62.5494537354, -81.0988388062, 66.9247207642, -9.08873653412, 26.450252533, -43.7343940735, 1.30153977871, -1.87299394608], [-307.31552124, 133.416305542, 173.137802124, 44.7119140625, 270.943786621, -55.2951850891, 8.08637332916, -41.3860359192, 21.8920707703, -10.9181556702, 11.8249502182, -16.8483219147, 33.0109977722], [298.888793945, -105.863342285, -44.3699035645, 62.5494537354, -55.2951850891, 290.300964355, 44.5690727234, 90.0049972534, 14.6605224609, 4.6363120079, -2.87101268768, 3.97539496422, -42.6607513428], [-179.415878296, 42.5974807739, 95.9263916016, -81.0988388062, 8.08637332916, 44.5690727234, 196.756820679, 26.8717575073, 13.4768371582, -18.626783371, 41.2416687012, -4.08255577087, -7.45337820053], [349.358703613, 43.8105621338, -116.69569397, 66.9247207642, -41.3860359192, 90.0049972534, 26.8717575073, 190.354202271, 22.275182724, 17.3530368805, 15.1837625504, 0.106079697609, -29.1700210571], [-55.9309997559, -9.9150762558, 36.7410354614, -9.08873653412, 21.8920707703, 14.6605224609, 13.4768371582, 22.275182724, 115.369598389, 27.5150203705, 12.8340606689, -2.99469423294, -7.38353872299], [164.188095093, 32.565864563, -65.5685501099, 26.450252533, -10.9181556702, 4.6363120079, -18.626783371, 17.3530368805, 27.5150203705, 125.082427979, 30.9587688446, 0.682082414627, -15.9845666885], [-53.7000846863, 54.6565971375, 8.02016067505, -43.7343940735, 11.8249502182, -2.87101268768, 41.2416687012, 15.1837625504, 12.8340606689, 30.9587688446, 122.393516541, 11.1541566849, -13.7925662994], [2.11135292053, -29.3767356873, 15.2287282944, 1.30153977871, -16.8483219147, 3.97539496422, -4.08255577087, 0.106079697609, -2.99469423294, 0.682082414627, 11.1541566849, 90.5977096558, 31.1768131256], [-147.969329834, -12.6677904129, 58.1363716125, -1.87299394608, 33.0109977722, -42.6607513428, -7.45337820053, -29.1700210571, -7.38353872299, -15.9845666885, -13.7925662994, 31.1768131256, 103.805450439]],
