{
"lowlevel": {
    "average_loudness": 0.905201375484,
    "barkbands_crest": {
        "dmean": 2.38903307915,
        "dmean2": 3.91673326492,
        "dvar": 4.73248434067,
        "dvar2": 12.0505943298,
        "max": 26.8575115204,
        "mean": 9.92622661591,
        "median": 9.00870704651,
        "min": 2.88599276543,
        "var": 17.6899795532
    },
    "barkbands_flatness_db": {
        "dmean": 0.019160259515,
        "dmean2": 0.0310625359416,
        "dvar": 0.00029781574267,
        "dvar2": 0.000735212350264,
        "max": 0.474620133638,
        "mean": 0.22958317399,
        "median": 0.225760996342,
        "min": 0.0585301145911,
        "var": 0.00149885599967
    },
    "barkbands_kurtosis": {
        "dmean": 2.47140693665,
        "dmean2": 3.85121297836,
        "dvar": 87.5937271118,
        "dvar2": 218.157653809,
        "max": 580.696411133,
        "mean": 3.69454693794,
        "median": 1.06900930405,
        "min": -1.83673501015,
        "var": 103.201087952
    },
    "barkbands_skewness": {
        "dmean": 0.457011550665,
        "dmean2": 0.69316059351,
        "dvar": 0.299366086721,
        "dvar2": 0.64180380106,
        "max": 23.9076118469,
        "mean": 1.22752678394,
        "median": 1.13172233105,
        "min": -1.96761822701,
        "var": 1.49823665619
    },
    "barkbands_spread": {
        "dmean": 3.3036904335,
        "dmean2": 5.1406826973,
        "dvar": 14.0556879044,
        "dvar2": 32.8422737122,
        "max": 133.535522461,
        "mean": 15.8238143921,
        "median": 14.2052812576,
        "min": 0.877710044384,
        "var": 88.7101516724
    },
    "dissonance": {
        "dmean": 0.0230820812285,
        "dmean2": 0.0391314551234,
        "dvar": 0.00049750180915,
        "dvar2": 0.0013958850177,
        "max": 0.499990999699,
        "mean": 0.44972512126,
        "median": 0.458462566137,
        "min": 0.257967621088,
        "var": 0.00127975223586
    },
    "dynamic_complexity": 2.34135270119,
    "erbbands_crest": {
        "dmean": 2.72753357887,
        "dmean2": 4.34773635864,
        "dvar": 6.36063671112,
        "dvar2": 15.1987266541,
        "max": 31.968038559,
        "mean": 11.3079891205,
        "median": 10.0014457703,
        "min": 2.68300652504,
        "var": 25.818441391
    },
    "erbbands_flatness_db": {
        "dmean": 0.0131467105821,
        "dmean2": 0.0201068837196,
        "dvar": 0.000142787772347,
        "dvar2": 0.000315136596328,
        "max": 0.400137633085,
        "mean": 0.263871043921,
        "median": 0.262264698744,
        "min": 0.0745163112879,
        "var": 0.00112743338104
    },
    "erbbands_kurtosis": {
        "dmean": 1.01945626736,
        "dmean2": 1.61701858044,
        "dvar": 2.08515930176,
        "dvar2": 5.17157554626,
        "max": 25.326587677,
        "mean": 0.769056856632,
        "median": 0.0291068553925,
        "min": -1.87639081478,
        "var": 6.73370742798
    },
    "erbbands_skewness": {
        "dmean": 0.362660437822,
        "dmean2": 0.566413760185,
        "dvar": 0.107837021351,
        "dvar2": 0.256623119116,
        "max": 4.5670170784,
        "mean": 0.191480562091,
        "median": 0.167266443372,
        "min": -3.90754961967,
        "var": 1.01983070374
    },
    "erbbands_spread": {
        "dmean": 4.95865249634,
        "dmean2": 7.58127260208,
        "dvar": 24.8721981049,
        "dvar2": 54.3371086121,
        "max": 95.707069397,
        "mean": 26.8559989929,
        "median": 24.6236801147,
        "min": 3.30916070938,
        "var": 164.014526367
    },
    "hfc": {
        "dmean": 3.81708073616,
        "dmean2": 5.81237697601,
        "dvar": 20.0144710541,
        "dvar2": 46.8234710693,
        "max": 76.1678543091,
        "mean": 17.6650180817,
        "median": 15.5034389496,
        "min": 1.13696359007e-16,
        "var": 149.861709595
    },
    "melbands_crest": {
        "dmean": 3.04695558548,
        "dmean2": 4.96481180191,
        "dvar": 7.69268274307,
        "dvar2": 19.568687439,
        "max": 39.9302101135,
        "mean": 12.6573734283,
        "median": 11.6822557449,
        "min": 1.89542746544,
        "var": 25.8336296082
    },
    "melbands_flatness_db": {
        "dmean": 0.020877096802,
        "dmean2": 0.0322356298566,
        "dvar": 0.000402040284825,
        "dvar2": 0.000910317583475,
        "max": 0.455984205008,
        "mean": 0.26585817337,
        "median": 0.263908803463,
        "min": 0.00403622584417,
        "var": 0.00322295539081
    },
    "melbands_kurtosis": {
        "dmean": 4.33769607544,
        "dmean2": 6.66754627228,
        "dvar": 238.192123413,
        "dvar2": 583.579711914,
        "max": 942.150024414,
        "mean": 8.1319770813,
        "median": 4.39126968384,
        "min": -1.8508374691,
        "var": 286.637817383
    },
    "melbands_skewness": {
        "dmean": 0.542670726776,
        "dmean2": 0.823379039764,
        "dvar": 0.444006621838,
        "dvar2": 0.943808913231,
        "max": 29.8731803894,
        "mean": 1.92858886719,
        "median": 1.77419638634,
        "min": -1.32854878902,
        "var": 1.98027765751
    },
    "melbands_spread": {
        "dmean": 4.92437124252,
        "dmean2": 7.5835313797,
        "dvar": 30.8867721558,
        "dvar2": 69.2084503174,
        "max": 150.807373047,
        "mean": 21.7813587189,
        "median": 17.730266571,
        "min": 0.739144861698,
        "var": 259.051757812
    },
    "pitch_salience": {
        "dmean": 0.0651208385825,
        "dmean2": 0.105445668101,
        "dvar": 0.00335747352801,
        "dvar2": 0.00848228950053,
        "max": 0.937356591225,
        "mean": 0.542029201984,
        "median": 0.544538676739,
        "min": 0.00604140106589,
        "var": 0.0142267718911
    },
    "silence_rate_20dB": {
        "dmean": 0,
        "dmean2": 0,
        "dvar": 0,
        "dvar2": 0,
        "max": 1,
        "mean": 1,
        "median": 1,
        "min": 1,
        "var": 0
    },
    "silence_rate_30dB": {
        "dmean": 0.00381873734295,
        "dmean2": 0.00763844698668,
        "dvar": 0.00380441499874,
        "dvar2": 0.0106362774968,
        "max": 1,
        "mean": 0.997709035873,
        "median": 1,
        "min": 0,
        "var": 0.0022859396413
    },
    "silence_rate_60dB": {
        "dmean": 0.00534623209387,
        "dmean2": 0.0106938257813,
        "dvar": 0.00531622301787,
        "dvar2": 0.0123618580401,
        "max": 1,
        "mean": 0.0108183780685,
        "median": 0,
        "min": 0,
        "var": 0.0106993764639
    },
    "spectral_centroid": {
        "dmean": 173.352783203,
        "dmean2": 264.750335693,
        "dvar": 54117.2421875,
        "dvar2": 113349.609375,
        "max": 11105.5078125,
        "mean": 1134.18505859,
        "median": 1043.48522949,
        "min": 203.265441895,
        "var": 390946.59375
    },
    "spectral_complexity": {
        "dmean": 2.09139513969,
        "dmean2": 3.47167420387,
        "dvar": 3.84858870506,
        "dvar2": 9.38776302338,
        "max": 41,
        "mean": 15.8248691559,
        "median": 15,
        "min": 0,
        "var": 37.3333892822
    },
    "spectral_decrease": {
        "dmean": 1.75872849617e-09,
        "dmean2": 2.68622724064e-09,
        "dvar": 6.09215543295e-18,
        "dvar2": 1.19783999688e-17,
        "max": 6.29171701658e-29,
        "mean": -6.33242169812e-09,
        "median": -5.397786218e-09,
        "min": -4.54707418385e-08,
        "var": 1.92125071887e-17
    },
    "spectral_energy": {
        "dmean": 0.00691497186199,
        "dmean2": 0.0105549106374,
        "dvar": 9.08461151994e-05,
        "dvar2": 0.000179494338227,
        "max": 0.174751549959,
        "mean": 0.0255023166537,
        "median": 0.0220087133348,
        "min": 1.04341758002e-20,
        "var": 0.000296566140605
    },
    "spectral_energyband_high": {
        "dmean": 4.40856201749e-05,
        "dmean2": 6.68824504828e-05,
        "dvar": 9.25189258538e-09,
        "dvar2": 2.02160386209e-08,
        "max": 0.00250991573557,
        "mean": 0.000107677762571,
        "median": 4.32797460235e-05,
        "min": 7.49813052768e-21,
        "var": 3.02723286438e-08
    },
    "spectral_energyband_low": {
        "dmean": 0.00189683854114,
        "dmean2": 0.00311537832022,
        "dvar": 9.56467647484e-06,
        "dvar2": 2.41010729951e-05,
        "max": 0.0490534938872,
        "mean": 0.00400232896209,
        "median": 0.00251104589552,
        "min": 2.97542209132e-23,
        "var": 2.10304860957e-05
    },
    "spectral_energyband_middle_high": {
        "dmean": 0.00164891651366,
        "dmean2": 0.00249256123789,
        "dvar": 5.23072958458e-06,
        "dvar2": 1.17189829325e-05,
        "max": 0.0522655695677,
        "mean": 0.00641147140414,
        "median": 0.00456417910755,
        "min": 1.34679766151e-21,
        "var": 3.70993948309e-05
    },
    "spectral_energyband_middle_low": {
        "dmean": 0.00583909731358,
        "dmean2": 0.00894823484123,
        "dvar": 8.94119366421e-05,
        "dvar2": 0.00017483701231,
        "max": 0.17073751986,
        "mean": 0.0162212792784,
        "median": 0.0113704353571,
        "min": 1.86949785656e-22,
        "var": 0.000253350415733
    },
    "spectral_entropy": {
        "dmean": 0.145775362849,
        "dmean2": 0.227948993444,
        "dvar": 0.0210262555629,
        "dvar2": 0.0488485395908,
        "max": 9.80892372131,
        "mean": 6.89122581482,
        "median": 6.88504743576,
        "min": 5.6057434082,
        "var": 0.142717316747
    },
    "spectral_flux": {
        "dmean": 0.0205317344517,
        "dmean2": 0.0340653732419,
        "dvar": 0.000507524295244,
        "dvar2": 0.00134953577071,
        "max": 0.361357092857,
        "mean": 0.075781583786,
        "median": 0.0709450766444,
        "min": 6.50889550591e-11,
        "var": 0.00124249246437
    },
    "spectral_kurtosis": {
        "dmean": 5.11127471924,
        "dmean2": 9.00748634338,
        "dvar": 19.6461181641,
        "dvar2": 58.1213188171,
        "max": 51.7327423096,
        "mean": 8.58487415314,
        "median": 7.1783208847,
        "min": -1.23832035065,
        "var": 42.7706413269
    },
    "spectral_rms": {
        "dmean": 0.00064183404902,
        "dmean2": 0.000976246781647,
        "dvar": 4.6324484515e-07,
        "dvar2": 8.95427774594e-07,
        "max": 0.0130571555346,
        "mean": 0.00473506888375,
        "median": 0.00463377963752,
        "min": 3.19056174709e-12,
        "var": 2.45943556365e-06
    },
    "spectral_rolloff": {
        "dmean": 251.22076416,
        "dmean2": 435.923370361,
        "dvar": 193794.984375,
        "dvar2": 417501.59375,
        "max": 18992.2851562,
        "mean": 1256.81872559,
        "median": 1141.25976562,
        "min": 21.533203125,
        "var": 927451.4375
    },
    "spectral_skewness": {
        "dmean": 0.462016820908,
        "dmean2": 0.795577228069,
        "dvar": 0.145899519324,
        "dvar2": 0.420208156109,
        "max": 5.52121496201,
        "mean": 1.68610942364,
        "median": 1.56658673286,
        "min": -0.249706253409,
        "var": 0.56577205658
    },
    "spectral_spread": {
        "dmean": 228357.015625,
        "dmean2": 372037.46875,
        "dvar": 452180901888,
        "dvar2": 927491948544,
        "max": 46051304,
        "mean": 2383394,
        "median": 2274918.75,
        "min": 1204009.375,
        "var": 1.32392380006e+12
    },
    "spectral_strongpeak": {
        "dmean": 0.792973339558,
        "dmean2": 1.32888054848,
        "dvar": 1.2831505537,
        "dvar2": 3.22194647789,
        "max": 12.5140190125,
        "mean": 1.60019743443,
        "median": 0.913594126701,
        "min": 0,
        "var": 3.06104326248
    },
    "zerocrossingrate": {
        "dmean": 0.00529880868271,
        "dmean2": 0.00643026921898,
        "dvar": 8.10392957646e-05,
        "dvar2": 0.000102247977338,
        "max": 0.7314453125,
        "mean": 0.0455005802214,
        "median": 0.04150390625,
        "min": 0,
        "var": 0.000793050799984
    },
    "barkbands": {
        "dmean": [3.07161440105e-06, 0.000746106612496, 0.000956636038609, 0.00174476625398, 0.00293549825437, 0.000973750720732, 0.00115511519834, 0.000766052282415, 0.000840982946102, 0.000626994064078, 0.000355406053131, 0.000509632693138, 0.000239307191805, 0.000284997222479, 0.000392647139961, 0.000397998548578, 0.000360043573892, 0.000214179046452, 0.000142433200381, 3.72388713004e-05, 2.37468993873e-05, 7.80883601692e-06, 1.94648191609e-06, 3.66630672488e-07, 1.8111647293e-08, 9.42379618785e-10, 1.00095620681e-09],
        "dmean2": [5.25415043739e-06, 0.00124326546211, 0.00158031156752, 0.002777564805, 0.00458157295361, 0.00146988383494, 0.0017879466759, 0.00117973028682, 0.00133139779791, 0.00098783604335, 0.000554012542125, 0.000755014363676, 0.000369901768863, 0.000465287157567, 0.000622408697382, 0.00063373753801, 0.000569983734749, 0.00033966844785, 0.000228218021221, 5.9263104049e-05, 3.69776098523e-05, 1.18542366181e-05, 2.91794140139e-06, 5.5872970961e-07, 3.07098702024e-08, 1.73617908938e-09, 1.84395443359e-09],
        "dvar": [1.64859861873e-11, 3.22983032675e-06, 2.84041243503e-06, 1.88615867955e-05, 3.15236975439e-05, 3.05025923808e-06, 8.56450333231e-06, 4.42815189672e-06, 1.02619696918e-05, 3.13380132866e-06, 7.37510106319e-07, 1.57233068876e-06, 5.12854398949e-07, 4.95961273828e-07, 1.1415879726e-06, 1.22770404687e-06, 6.00783153004e-07, 1.99473518592e-07, 5.96093983063e-08, 9.06868891093e-09, 2.38967423627e-09, 3.35649702476e-10, 2.85963457775e-11, 5.15375665321e-13, 3.31160395042e-16, 1.69193321609e-18, 1.91435257023e-18],
        "dvar2": [4.3005560918e-11, 8.45131853566e-06, 7.27422275304e-06, 3.86648716812e-05, 6.34300013189e-05, 6.79851746099e-06, 2.08267501876e-05, 9.75600778474e-06, 2.54139977187e-05, 7.05240427123e-06, 1.79446146831e-06, 3.16154046232e-06, 1.06385630261e-06, 1.32866171043e-06, 2.63971469394e-06, 2.76944388133e-06, 1.56994690315e-06, 5.08739560701e-07, 1.42240679679e-07, 2.18660272111e-08, 5.38898836666e-09, 6.76178779635e-10, 5.74430607247e-11, 1.10764587606e-12, 8.77270435285e-16, 5.28943868701e-18, 5.98379849502e-18],
        "max": [9.32003022172e-05, 0.0279675722122, 0.0344268158078, 0.0762997940183, 0.101719096303, 0.0542690232396, 0.0837333872914, 0.0836651697755, 0.0910225585103, 0.0478185303509, 0.0179189536721, 0.0386689528823, 0.0326250530779, 0.0167855899781, 0.0224891528487, 0.0241403076798, 0.0193684175611, 0.00904774386436, 0.00414983322844, 0.00202379538678, 0.00143067410681, 0.000694057322107, 0.000208982339245, 2.42060814344e-05, 2.80465513924e-07, 1.5325046121e-08, 1.6386401569e-08],
        "mean": [4.84703923576e-06, 0.00140929222107, 0.00161114777438, 0.0023941618856, 0.00581464543939, 0.0021327692084, 0.00223565869965, 0.00148761400487, 0.00154031405691, 0.00104907515924, 0.00069398037158, 0.00103566166945, 0.000481113180285, 0.000521413225215, 0.000761985429563, 0.000679036078509, 0.000725893536583, 0.000472803891171, 0.000304040207993, 7.3230927228e-05, 5.08462144353e-05, 1.75097502506e-05, 4.17126557295e-06, 1.07485914214e-06, 3.01910105804e-08, 8.56948789707e-10, 9.30801491439e-10],
        "median": [2.16250123231e-06, 0.000711840810254, 0.000671291549224, 0.00100266374648, 0.00268882117234, 0.0010566955898, 0.000799151370302, 0.000480382121168, 0.000272611476248, 0.000267934578005, 0.000109654691187, 0.000229480370763, 7.49789251131e-05, 0.000122723402455, 0.000157561546075, 0.000137707422255, 0.000235096478718, 0.000178756890818, 0.000122297584312, 1.41433520184e-05, 2.13156836253e-05, 6.85753639118e-06, 1.72392458353e-06, 6.64802087158e-07, 2.61083439312e-08, 4.07193417873e-10, 4.49842441075e-10],
        "min": [4.66733972195e-24, 1.48312634385e-23, 7.46461130401e-24, 6.62990811387e-24, 2.37524014855e-23, 6.6728868337e-24, 2.08963589772e-23, 1.60242246533e-23, 1.95136483157e-23, 4.86750844349e-23, 3.93821262665e-23, 5.13463441648e-23, 7.20795777508e-23, 5.32253855975e-23, 7.0266529266e-23, 9.98926423237e-23, 8.59127649057e-23, 1.06946907906e-22, 1.4460106907e-22, 2.66720283917e-22, 3.21839472112e-22, 4.61042271344e-22, 4.96713476006e-22, 7.93552519771e-22, 8.88980455495e-22, 1.40835728684e-21, 2.23324790561e-21],
        "var": [4.66595130588e-11, 4.6614677558e-06, 6.60954037812e-06, 2.57285119005e-05, 7.89227779023e-05, 1.06102615973e-05, 3.03996603179e-05, 1.82069070433e-05, 2.9675407859e-05, 6.54697578284e-06, 2.59047965301e-06, 5.5026366681e-06, 1.7337645204e-06, 1.04721038952e-06, 3.25775044985e-06, 2.43398449129e-06, 1.53041708018e-06, 5.96942527409e-07, 1.92314189462e-07, 2.50681964076e-08, 6.73092648285e-09, 1.08557074441e-09, 7.15955975061e-11, 1.91718754587e-12, 4.35724547738e-16, 1.43310860922e-18, 1.62215070866e-18]
    },
    "erbbands": {
        "dmean": [0.00854741688818, 0.210868224502, 0.912950098515, 3.24929761887, 9.26426029205, 10.8757534027, 7.61853837967, 8.20337295532, 14.3236913681, 19.5562210083, 14.896946907, 16.1629600525, 25.6332054138, 11.485004425, 14.4851512909, 21.5718803406, 12.3702573776, 14.1307201385, 11.1861667633, 24.9032173157, 15.447057724, 14.6889305115, 9.38122367859, 9.2049779892, 4.40381908417, 2.06203222275, 1.11138319969, 0.696214914322, 0.284721642733, 0.14182561636, 0.044520072639, 0.0122402198613, 0.00472327508032, 0.000412769470131, 1.58539642143e-05, 5.95838810113e-06, 3.0942230751e-06, 1.00231784472e-06, 3.35572008225e-06, 7.79774109105e-06],
        "dmean2": [0.0146015929058, 0.348417371511, 1.46459829807, 5.30704307556, 14.3538541794, 17.1220302582, 11.7345495224, 12.6688489914, 22.1006546021, 30.6245365143, 22.3049983978, 24.4690856934, 41.422454834, 17.7651443481, 22.2145404816, 31.8089637756, 18.5653934479, 22.8481464386, 17.7471809387, 40.2068710327, 24.580116272, 22.964225769, 14.5584955215, 14.6800689697, 7.11598539352, 3.29108071327, 1.75142872334, 1.07247102261, 0.433624714613, 0.213031843305, 0.0666494071484, 0.0183817222714, 0.00739587424323, 0.000670602428727, 2.5234563509e-05, 9.53250582825e-06, 4.87833494844e-06, 1.63428603628e-06, 5.08835682922e-06, 1.18880843729e-05],
        "dvar": [0.000299328938127, 0.258199840784, 2.9728679657, 37.7813034058, 702.898925781, 386.352478027, 229.944244385, 247.746582031, 1177.00366211, 3260.72509766, 2169.77490234, 4104.73486328, 6916.25341797, 725.705871582, 1103.52197266, 2617.3112793, 1105.03857422, 1251.08496094, 628.392333984, 4689.73095703, 821.034790039, 879.125366211, 346.188537598, 306.674072266, 106.527778625, 28.7373714447, 5.2862443924, 2.50436353683, 0.431960374117, 0.179347857833, 0.0114189377055, 0.000681363453623, 0.00012505891209, 2.67028156031e-07, 3.87084919673e-10, 4.66488514483e-11, 1.25464343775e-11, 1.22607739933e-12, 1.90173311126e-11, 1.09855624597e-10],
        "dvar2": [0.000885828165337, 0.660628139973, 7.1629242897, 83.0640640259, 1329.77709961, 921.552429199, 561.347351074, 565.363220215, 2577.49804688, 8166.31640625, 4607.27929688, 9334.50195312, 17710.9433594, 1650.87902832, 2667.75317383, 5192.21142578, 2183.34790039, 3297.1965332, 1442.1829834, 11924.8085938, 2038.66235352, 2260.50390625, 864.79095459, 781.848571777, 256.798400879, 69.7008209229, 12.2127389908, 5.33734130859, 0.897378623486, 0.333252340555, 0.0213994700462, 0.00128116039559, 0.00030254086596, 6.35732931187e-07, 8.91026030736e-10, 1.11384873547e-10, 2.85466789096e-11, 3.19462663788e-12, 3.77880192415e-11, 2.18328452539e-10],
        "max": [0.362018048763, 7.8904967308, 25.4154891968, 99.6568756104, 520.83001709, 346.550201416, 315.737823486, 438.363464355, 1297.14453125, 1411.57653809, 2183.21679688, 2885.06176758, 2481.19287109, 699.795715332, 807.617553711, 1105.94506836, 1828.11950684, 942.456054688, 758.411010742, 1517.03186035, 601.340820312, 542.422119141, 451.406158447, 409.401977539, 280.704925537, 124.350135803, 47.703502655, 63.1285171509, 21.0777988434, 20.6086235046, 3.61405801773, 0.993209719658, 0.570242702961, 0.0204381402582, 0.000716858659871, 0.000104482591269, 5.89591327298e-05, 1.61834886967e-05, 7.89471741882e-05, 0.000191010607523],
        "mean": [0.018352182582, 0.3996296525, 1.61269855499, 5.23481941223, 13.2745246887, 21.3897438049, 17.8039302826, 17.5744552612, 30.1313037872, 34.2762985229, 32.0318336487, 30.4318599701, 50.0195159912, 23.1672172546, 31.4374027252, 47.306640625, 27.7870292664, 27.305229187, 25.009727478, 56.7899627686, 34.9650878906, 32.3306694031, 24.3427505493, 23.5567512512, 9.66471672058, 4.25123691559, 2.389149189, 1.52981960773, 0.656798541546, 0.310089409351, 0.10280713439, 0.032650668174, 0.0140775386244, 0.00131278589834, 6.73390532029e-05, 2.37295444094e-05, 1.24385578602e-05, 3.87670434066e-06, 1.34769888973e-05, 2.97445785691e-05],
        "median": [0.0123589364812, 0.208077445626, 0.806750059128, 2.6450855732, 5.5748705864, 9.07890129089, 7.32532835007, 8.55081367493, 12.6207685471, 10.1854753494, 10.6726636887, 7.50336027145, 10.5982532501, 6.81348371506, 7.35087108612, 12.0176124573, 7.02733039856, 7.65545320511, 8.39095973969, 10.3740129471, 13.6805076599, 14.3463411331, 10.9407167435, 10.5447845459, 3.39728951454, 0.972551643848, 0.905158996582, 0.674033045769, 0.265789628029, 0.11949069798, 0.0451089069247, 0.0176503583789, 0.00942128989846, 0.00110101606697, 5.83521868975e-05, 2.1532361643e-05, 1.13703963507e-05, 3.3909279864e-06, 1.2111572687e-05, 2.61962904915e-05],
        "min": [4.7754892704e-22, 2.35028749993e-21, 7.05266549504e-21, 2.23005728258e-20, 5.2266554071e-20, 1.03343745206e-19, 4.82603632681e-20, 4.96190978971e-20, 2.65639696241e-19, 3.11388910421e-19, 4.26104282324e-19, 5.34387678729e-19, 1.2823756221e-18, 1.96833003431e-18, 1.39975306801e-18, 2.42071842004e-18, 3.38458814727e-18, 3.19235819716e-18, 4.20736112793e-18, 4.44751068491e-18, 5.9364659796e-18, 6.40785925349e-18, 5.91213487547e-18, 6.25834263546e-18, 1.12911989954e-17, 1.1761054127e-17, 8.69788024161e-18, 1.61641315645e-17, 1.58799850979e-17, 1.36228391625e-17, 1.46455040605e-17, 1.09374130203e-17, 1.45191505676e-17, 1.00058885365e-17, 6.15723717637e-18, 5.00047844286e-18, 2.91260716156e-18, 1.18815065134e-18, 3.01775417342e-19, 3.08456425903e-20],
        "var": [0.000480337854242, 0.374110460281, 5.44440937042, 61.8726425171, 972.708129883, 1165.83508301, 941.786071777, 793.904907227, 5390.55810547, 7598.39892578, 10603.5429688, 9548.77929688, 24152.1894531, 2101.78564453, 4131.50244141, 10285.1279297, 4461.60888672, 2641.40429688, 2470.88110352, 19452.2207031, 2550.76025391, 2346.1965332, 1327.27539062, 1104.95703125, 343.204681396, 80.6828613281, 15.1532077789, 6.71823835373, 1.43185138702, 0.444217294455, 0.035096950829, 0.00226161745377, 0.000409048778238, 8.38661208036e-07, 1.64943192438e-09, 1.90809756884e-10, 5.41408792798e-11, 6.96315314436e-12, 7.15140308083e-11, 3.77683107011e-10]
    },
    "gfcc": {
        "mean": [-69.2675170898, 180.944915771, -170.306381226, 41.3030853271, -48.2411079407, -17.1978054047, -22.3324069977, -20.5799312592, 0.896349012852, -28.6991634369, 3.03284502029, -16.1448841095, -1.97277498245],
        "cov": [[3208.34008789, 174.158935547, -915.650512695, 109.712341309, 63.1435966492, -228.916564941, 186.964950562, -42.7094192505, -5.27781629562, -90.1514663696, -100.915779114, 49.5880622864, -81.4142608643], [174.158935547, 518.344543457, 394.588867188, -103.747810364, 32.4917297363, 4.42163181305, -73.666519165, 7.41709041595, -2.20173120499, -41.5440254211, 71.378364563, 0.44760787487, -15.1252651215], [-915.650512695, 394.588867188, 946.677429199, 74.7839813232, -64.9205169678, 61.2009773254, -167.822769165, -37.1117401123, 3.04495644569, -12.8789825439, 79.9802703857, -26.0424480438, 18.3695430756], [109.712341309, -103.747810364, 74.7839813232, 422.137878418, 65.3678970337, -47.8084030151, -35.7574577332, -50.836063385, 19.6390686035, 37.4249267578, -41.754524231, -23.5106563568, 37.5620422363], [63.1435966492, 32.4917297363, -64.9205169678, 65.3678970337, 295.275115967, -7.58329486847, -47.4504089355, 41.7232780457, 29.3028526306, 9.38704204559, -30.0913066864, 2.71836090088, 11.9987649918], [-228.916564941, 4.42163181305, 61.2009773254, -47.8084030151, -7.58329486847, 174.854614258, 64.0645370483, 11.9849290848, -7.56774187088, 7.29934597015, 36.7983360291, -15.4041643143, -7.40780115128], [186.964950562, -73.666519165, -167.822769165, -35.7574577332, -47.4504089355, 64.0645370483, 234.777175903, 66.3266143799, -45.8044700623, -5.31017351151, 5.33679294586, 24.6815013885, -25.2978401184], [-42.7094192505, 7.41709041595, -37.1117401123, -50.836063385, 41.7232780457, 11.9849290848, 66.3266143799, 130.892196655, 39.0227928162, -4.60423135757, 5.40097570419, 7.34075880051, -6.71667098999], [-5.27781629562, -2.20173120499, 3.04495644569, 19.6390686035, 29.3028526306, -7.56774187088, -45.8044700623, 39.0227928162, 118.187072754, 51.5555229187, -20.4857978821, -16.7854766846, 6.97618341446], [-90.1514663696, -41.5440254211, -12.8789825439, 37.4249267578, 9.38704204559, 7.29934597015, -5.31017351151, -4.60423135757, 51.5555229187, 100.919769287, 26.2353210449, -18.2774353027, 6.32521772385], [-100.915779114, 71.378364563, 79.9802703857, -41.754524231, -30.0913066864, 36.7983360291, 5.33679294586, 5.40097570419, -20.4857978821, 26.2353210449, 101.819564819, 29.868938446, -18.7422885895], [49.5880622864, 0.44760787487, -26.0424480438, -23.5106563568, 2.71836090088, -15.4041643143, 24.6815013885, 7.34075880051, -16.7854766846, -18.2774353027, 29.868938446, 83.9482574463, 12.1623086929], [-81.4142608643, -15.1252651215, 18.3695430756, 37.5620422363, 11.9987649918, -7.40780115128, -25.2978401184, -6.71667098999, 6.97618341446, 6.32521772385, -18.7422885895, 12.1623086929, 80.4251022339]],
        "icov": [[0.00152278086171, -0.00293227727525, 0.00263372017071, -0.00161465373822, 0.000541931076441, 0.000993073219433, -0.00144716072828, 0.00197878829204, -0.00200883625075, 0.00193748646416, -7.89284385974e-05, -0.000183254916919, 0.000894464086741], [-0.00293227727525, 0.0115364799276, -0.00782591849566, 0.00565117038786, -0.00506099266931, 0.00305891269818, -0.00305326585658, 0.00246772170067, -0.00416917307302, 0.00564209651202, -0.0103623773903, 0.007028255146, -0.00492788339034], [0.00263372017071, -0.00782591849566, 0.00748292263597, -0.00461661815643, 0.00350433029234, -0.00161776388995, 0.00197682110593, -0.000337784702424, 0.000542066060007, -0.000204800599022, 0.00341450469568, -0.00300170248374, 0.00278185470961], [-0.00161465373822, 0.00565117038786, -0.00461661815643, 0.00612202985212, -0.00364311574958, 0.00272437999956, -0.00297044543549, 0.0032443520613, -0.00269828503951, 0.00174986838829, -0.00450420100242, 0.0044178138487, -0.00386677333154], [0.000541931076441, -0.00506099266931, 0.00350433029234, -0.00364311574958, 0.00860052928329, -0.00602752435952, 0.00891604274511, -0.00971617735922, 0.00977561064065, -0.0103922588751, 0.0127923684195, -0.0089604947716, 0.00495824357495], [0.000993073219433, 0.00305891269818, -0.00161776388995, 0.00272437999956, -0.00602752435952, 0.0158902108669, -0.0143618136644, 0.0133876176551, -0.0156821813434, 0.0160419233143, -0.0188517048955, 0.0138634471223, -0.00674999831244], [-0.00144716072828, -0.00305326585658, 0.00197682110593, -0.00297044543549, 0.00891604274511, -0.0143618136644, 0.0243876092136, -0.0227635875344, 0.0256475973874, -0.0238494072109, 0.0239379797131, -0.0174647253007, 0.00988426897675], [0.00197878829204, 0.00246772170067, -0.000337784702424, 0.0032443520613, -0.00971617735922, 0.0133876176551, -0.0227635875344, 0.0324249714613, -0.0303728878498, 0.027705674991, -0.0262482017279, 0.0168451238424, -0.00894924998283], [-0.00200883625075, -0.00416917307302, 0.000542066060007, -0.00269828503951, 0.00977561064065, -0.0156821813434, 0.0256475973874, -0.0303728878498, 0.0447387434542, -0.038996104151, 0.0357009209692, -0.0213982444257, 0.0116887446493], [0.00193748646416, 0.00564209651202, -0.000204800599022, 0.00174986838829, -0.0103922588751, 0.0160419233143, -0.0238494072109, 0.027705674991, -0.038996104151, 0.0495139062405, -0.0413232110441, 0.0268515273929, -0.0141102541238], [-7.89284385974e-05, -0.0103623773903, 0.00341450469568, -0.00450420100242, 0.0127923684195, -0.0188517048955, 0.0239379797131, -0.0262482017279, 0.0357009209692, -0.0413232110441, 0.0540017038584, -0.0324893482029, 0.0186387579888], [-0.000183254916919, 0.007028255146, -0.00300170248374, 0.0044178138487, -0.0089604947716, 0.0138634471223, -0.0174647253007, 0.0168451238424, -0.0213982444257, 0.0268515273929, -0.0324893482029, 0.0340402759612, -0.0146891763434], [0.000894464086741, -0.00492788339034, 0.00278185470961, -0.00386677333154, 0.00495824357495, -0.00674999831244, 0.00988426897675, -0.00894924998283, 0.0116887446493, -0.0141102541238, 0.0186387579888, -0.0146891763434, 0.0212442371994]]
    },
    "melbands": {
        "dmean": [0.000141768090543, 0.000405471102567, 0.000756150984671, 0.000695104070473, 0.000310448464006, 0.000188373654964, 0.000222079746891, 0.000201982300496, 0.000117252282507, 0.000113316702482, 0.000127749430249, 4.66765268357e-05, 5.14261955686e-05, 5.14079802088e-05, 4.84204065287e-05, 2.14390311157e-05, 2.92166623694e-05, 1.80253646249e-05, 2.86882386717e-05, 3.34024698532e-05, 2.06904132938e-05, 1.93503383343e-05, 1.20267422972e-05, 9.38807443163e-06, 8.25765982881e-06, 3.87412592318e-06, 1.9140106815e-06, 1.34451931899e-06, 6.83949281211e-07, 7.55126507102e-07, 3.49015635948e-07, 1.88734546214e-07, 1.26364582798e-07, 6.66155202111e-08, 3.05417131585e-08, 1.31133424119e-08, 6.43226183428e-09, 4.53227899655e-09, 1.33896660426e-09, 5.55783127854e-11],
        "dmean2": [0.000238535285462, 0.000652389659081, 0.00119360722601, 0.00108509464189, 0.000481195456814, 0.000288699666271, 0.000343273888575, 0.000315006502206, 0.000173312189872, 0.00017385269166, 0.000206746626645, 7.24317942513e-05, 7.92856881162e-05, 7.75610242272e-05, 7.09340674803e-05, 3.27801790263e-05, 4.75475935673e-05, 2.88051705866e-05, 4.44814395451e-05, 5.16399959452e-05, 3.28796813847e-05, 3.0467628676e-05, 1.86164634215e-05, 1.45689618876e-05, 1.32880159072e-05, 6.285681593e-06, 3.06891274704e-06, 2.17234401134e-06, 1.08326707959e-06, 1.19611036098e-06, 5.4051912457e-07, 2.95643843629e-07, 1.92579832969e-07, 1.01219221449e-07, 4.68265319853e-08, 2.0238235976e-08, 1.00160839622e-08, 7.17855064281e-09, 2.21011386969e-09, 9.39519156917e-11],
        "dvar": [1.04882964536e-07, 6.45638863261e-07, 3.51076641891e-06, 2.10662847167e-06, 3.12694794502e-07, 1.17006848654e-07, 2.75578372566e-07, 3.09681581712e-07, 1.50886705796e-07, 2.0072994289e-07, 1.67392514072e-07, 1.33729587404e-08, 1.57502224596e-08, 1.5321063529e-08, 1.60677195993e-08, 3.70105879277e-09, 5.62733104559e-09, 1.72192449188e-09, 5.87957682541e-09, 8.3234539261e-09, 1.79629000563e-09, 2.00111327509e-09, 7.7197076509e-10, 5.4590493237e-10, 2.58837395961e-10, 7.6707487584e-11, 1.96212282533e-11, 1.50954092976e-11, 2.59881872966e-12, 2.93736866427e-12, 7.97851476726e-13, 2.02829235612e-13, 1.12936617252e-13, 4.50183747431e-14, 5.35545178286e-15, 9.80928845062e-16, 1.53986089948e-16, 1.45737233122e-16, 2.27788686892e-18, 3.42356363435e-21],
        "dvar2": [2.90045448992e-07, 1.53897701693e-06, 6.96408869771e-06, 4.15226259065e-06, 7.54619975396e-07, 2.709940361e-07, 6.15810563431e-07, 7.53358222028e-07, 3.17694258456e-07, 4.6597540404e-07, 4.3362138058e-07, 3.0534138773e-08, 3.85785625667e-08, 3.02451823586e-08, 3.11977927936e-08, 7.40787742259e-09, 1.49711674169e-08, 4.15802370313e-09, 1.32731399205e-08, 1.85795325791e-08, 4.50755166526e-09, 5.1681841029e-09, 1.82930226522e-09, 1.34290256693e-09, 6.56751097949e-10, 1.80434944763e-10, 4.65338566291e-11, 3.72855080144e-11, 6.14734305127e-12, 7.15885510594e-12, 1.69143030745e-12, 4.54946410405e-13, 2.41943699233e-13, 8.8651376279e-14, 1.07374953181e-14, 2.00267620785e-15, 3.18391690999e-16, 3.60419877655e-16, 5.63493465808e-18, 9.08417018848e-21],
        "max": [0.00589374452829, 0.0117337564006, 0.0351062305272, 0.0272708255798, 0.0132712237537, 0.00972213037312, 0.0195804573596, 0.012681662105, 0.0182323101908, 0.0171848703176, 0.0119645427912, 0.00289850565605, 0.00281992345117, 0.00581541704014, 0.00313730165362, 0.00329158687964, 0.00194227392785, 0.00105343421455, 0.00223010312766, 0.00211299117655, 0.00110863766167, 0.000904369517229, 0.000693960872013, 0.000675793737173, 0.000363451050362, 0.000230851233937, 0.0001050800347, 7.93328217696e-05, 2.94338551612e-05, 5.45280054212e-05, 3.81276840926e-05, 1.45931662701e-05, 1.11824347186e-05, 1.07239129647e-05, 2.36672349274e-06, 1.14290037345e-06, 4.11652138155e-07, 6.34597824956e-07, 3.1926418842e-08, 1.21799692554e-09],
        "mean": [0.000285137997707, 0.000768220401369, 0.0011536917882, 0.00127117231023, 0.000725441495888, 0.000405736092944, 0.0004672651703, 0.0003506646608, 0.00024133871193, 0.000212711282074, 0.000246346375206, 8.57401100802e-05, 0.000104317776277, 0.000108973123133, 0.000101480916783, 4.25541875302e-05, 5.28512064193e-05, 3.4806173062e-05, 6.26610635663e-05, 6.68465800118e-05, 4.19262250944e-05, 3.83345795854e-05, 2.61454570136e-05, 2.09087738767e-05, 1.96860146389e-05, 7.7785243775e-06, 3.7480415358e-06, 2.52840027315e-06, 1.3516329318e-06, 1.47474088408e-06, 7.0301229016e-07, 3.96282558768e-07, 2.59171400785e-07, 1.30083321892e-07, 6.34951149436e-08, 2.91656245821e-08, 1.59450319615e-08, 1.19025163059e-08, 3.69844443959e-09, 8.98598209731e-11],
        "median": [0.000157599512022, 0.000413576723076, 0.000574534817133, 0.00058344664285, 0.000308055721689, 0.000198912821361, 0.00019634567434, 0.000107073836261, 7.40185932955e-05, 4.07720217481e-05, 4.95884123666e-05, 2.15185827983e-05, 1.73243497557e-05, 2.76097271126e-05, 2.38964857999e-05, 9.72078487393e-06, 1.14951908472e-05, 1.01841233118e-05, 1.17097342809e-05, 1.02442936623e-05, 1.34175552375e-05, 1.19524538604e-05, 7.13927511242e-06, 8.30354474601e-06, 7.46240084482e-06, 2.07375069294e-06, 7.87946362379e-07, 4.03114455594e-07, 4.00886875696e-07, 5.39442226e-07, 2.68000064807e-07, 1.48770439523e-07, 9.12060542646e-08, 4.8178613099e-08, 2.66297206508e-08, 1.40219071909e-08, 9.35972011007e-09, 7.47945794188e-09, 3.22142557074e-09, 7.66287033827e-11],
        "min": [4.30643349123e-24, 4.23619410509e-24, 4.65995046185e-24, 6.01273607935e-24, 2.29745759555e-24, 1.16127070009e-24, 5.58680562193e-24, 4.19426378139e-24, 3.30064076745e-24, 2.94714706823e-24, 5.67845311532e-24, 7.64657942674e-24, 4.79934533925e-24, 4.09009193785e-24, 6.24229302505e-24, 7.38120030734e-24, 4.54686488451e-24, 6.48325808272e-24, 3.66085339222e-24, 6.75697861734e-24, 6.19533962954e-24, 6.24554510413e-24, 6.09515705559e-24, 5.70190240016e-24, 4.82876787886e-24, 4.8348507853e-24, 9.46495824468e-24, 6.02746687346e-24, 5.0137928376e-24, 6.04329655082e-24, 1.00226915821e-23, 8.42589984817e-24, 9.56776733101e-24, 6.79316051162e-24, 8.76621444269e-24, 5.86291758838e-24, 6.40111439109e-24, 9.14545616743e-24, 8.34507315982e-24, 7.81118629867e-24],
        "var": [1.58399799943e-07, 1.1300182905e-06, 4.89363537781e-06, 4.21386903326e-06, 1.54002748332e-06, 3.92514067471e-07, 1.25263682094e-06, 7.53128290398e-07, 6.48498712508e-07, 5.59242721465e-07, 5.89640421822e-07, 3.59182301679e-08, 5.66503111088e-08, 5.59988571069e-08, 5.56821646569e-08, 1.27499779623e-08, 1.17637055652e-08, 5.20716136876e-09, 2.31692212083e-08, 2.6027842992e-08, 4.84223150465e-09, 4.95102225884e-09, 2.73694378272e-09, 1.49196577315e-09, 9.12526776364e-10, 2.38603747871e-10, 5.84912049351e-11, 3.82846844504e-11, 7.03456954146e-12, 7.24154850668e-12, 1.90435276055e-12, 5.95974170622e-13, 3.04523360738e-13, 9.51846769264e-14, 1.4723866996e-14, 2.54983429255e-15, 4.55204876156e-16, 4.30905486133e-16, 4.82175035509e-18, 4.35983353694e-21]
    },
    "mfcc": {
        "mean": [-687.879638672, 182.785934448, -39.2058486938, 40.6191902161, -3.01676297188, 3.12165904045, -13.8339977264, 5.38145685196, -7.63263988495, -5.07475805283, -4.28749847412, 0.865779995918, -7.36077976227],
        "cov": [[2317.42016602, -162.045822144, -954.751464844, 225.608673096, -331.818878174, 53.1859436035, -53.4541053772, 168.111846924, 30.9231834412, 2.88097190857, 12.5874414444, -45.7683868408, -49.657409668], [-162.045822144, 651.660644531, 271.663604736, -142.493026733, 159.807388306, -94.2839050293, 33.6390991211, 26.8143444061, -39.8486251831, -88.5703582764, 88.7500991821, 32.3107757568, -41.813495636], [-954.751464844, 271.663604736, 903.875793457, 39.4382247925, 114.872322083, 18.8821563721, 6.84360837936, -72.8807601929, -82.9116363525, -35.1525688171, -15.4500236511, 50.1373100281, 22.3732357025], [225.608673096, -142.493026733, 39.4382247925, 384.234405518, 91.128074646, 41.8984260559, -55.3206977844, -38.3435401917, 38.1495246887, 19.8534641266, -46.8342628479, -40.0294265747, 22.3147163391], [-331.818878174, 159.807388306, 114.872322083, 91.128074646, 378.445404053, 5.13569831848, -79.5771331787, -55.0127716064, 25.0783367157, 7.1464343071, 13.5211172104, -26.8315315247, -25.8947525024], [53.1859436035, -94.2839050293, 18.8821563721, 41.8984260559, 5.13569831848, 144.175125122, 29.8815689087, -24.8839740753, -2.75002813339, 26.5530986786, -18.5875358582, 2.59766387939, 8.38750457764], [-53.4541053772, 33.6390991211, 6.84360837936, -55.3206977844, -79.5771331787, 29.8815689087, 194.17414856, 63.9655952454, -14.5185785294, -4.84187459946, 6.49959468842, 37.9673194885, 19.1218852997], [168.111846924, 26.8143444061, -72.8807601929, -38.3435401917, -55.0127716064, -24.8839740753, 63.9655952454, 158.708480835, 20.2241096497, -30.8915042877, 32.1655311584, 4.73562097549, -17.7702789307], [30.9231834412, -39.8486251831, -82.9116363525, 38.1495246887, 25.0783367157, -2.75002813339, -14.5185785294, 20.2241096497, 118.583633423, 51.656452179, -14.2627782822, -18.6022605896, 3.86986684799], [2.88097190857, -88.5703582764, -35.1525688171, 19.8534641266, 7.1464343071, 26.5530986786, -4.84187459946, -30.8915042877, 51.656452179, 136.109542847, 20.8251152039, -15.988038063, -1.57227015495], [12.5874414444, 88.7500991821, -15.4500236511, -46.8342628479, 13.5211172104, -18.5875358582, 6.49959468842, 32.1655311584, -14.2627782822, 20.8251152039, 128.999694824, 32.1048622131, -45.5860748291], [-45.7683868408, 32.3107757568, 50.1373100281, -40.0294265747, -26.8315315247, 2.59766387939, 37.9673194885, 4.73562097549, -18.6022605896, -15.988038063, 32.1048622131, 120.494346619, 53.4491424561], [-49.657409668, -41.813495636, 22.3732357025, 22.3147163391, -25.8947525024, 8.38750457764, 19.1218852997, -17.7702789307, 3.86986684799, -1.57227015495, -45.5860748291, 53.4491424561, 139.350540161]],
