{
"lowlevel": {
    "average_loudness": 0.251197308302,
    "barkbands_crest": {
        "dmean": 2.69364476204,
        "dmean2": 4.39159202576,
        "dvar": 6.13160467148,
        "dvar2": 14.7910175323,
        "max": 26.5862808228,
        "mean": 8.97706031799,
        "median": 7.91481018066,
        "min": 2.26967668533,
        "var": 17.8217391968
    },
    "barkbands_flatness_db": {
        "dmean": 0.0232980549335,
        "dmean2": 0.0358622148633,
        "dvar": 0.000606376561336,
        "dvar2": 0.00119399896357,
        "max": 0.45032402873,
        "mean": 0.181193992496,
        "median": 0.164791151881,
        "min": 0.0516214556992,
        "var": 0.00330245192163
    },
    "barkbands_kurtosis": {
        "dmean": 2.57533431053,
        "dmean2": 4.07496833801,
        "dvar": 51.9789276123,
        "dvar2": 127.486740112,
        "max": 244.605834961,
        "mean": 2.81240296364,
        "median": 0.572304964066,
        "min": -1.92066478729,
        "var": 66.2043304443
    },
    "barkbands_skewness": {
        "dmean": 0.546093523502,
        "dmean2": 0.818195104599,
        "dvar": 0.461899369955,
        "dvar2": 0.954761743546,
        "max": 12.7825450897,
        "mean": 1.00117301941,
        "median": 0.831870257854,
        "min": -6.0253739357,
        "var": 1.36983013153
    },
    "barkbands_spread": {
        "dmean": 4.58960533142,
        "dmean2": 7.27426624298,
        "dvar": 34.3283042908,
        "dvar2": 82.472442627,
        "max": 140.661529541,
        "mean": 17.9135055542,
        "median": 16.6347808838,
        "min": 0.43028947711,
        "var": 114.786064148
    },
    "dissonance": {
        "dmean": 0.0232266671956,
        "dmean2": 0.038176137954,
        "dvar": 0.000654800736811,
        "dvar2": 0.00156867597252,
        "max": 0.5,
        "mean": 0.455941647291,
        "median": 0.468112468719,
        "min": 0.159534096718,
        "var": 0.00175293174107
    },
    "dynamic_complexity": 4.32561063766,
    "erbbands_crest": {
        "dmean": 3.0830245018,
        "dmean2": 5.05222225189,
        "dvar": 8.30598449707,
        "dvar2": 20.4737739563,
        "max": 33.6697273254,
        "mean": 9.85670471191,
        "median": 8.66460418701,
        "min": 2.54617977142,
        "var": 21.7250804901
    },
    "erbbands_flatness_db": {
        "dmean": 0.0197003111243,
        "dmean2": 0.0288208480924,
        "dvar": 0.000438417308033,
        "dvar2": 0.000810214842204,
        "max": 0.491413652897,
        "mean": 0.234865769744,
        "median": 0.22371096909,
        "min": 0.0880720689893,
        "var": 0.0030657153111
    },
    "erbbands_kurtosis": {
        "dmean": 1.31287360191,
        "dmean2": 2.1013212204,
        "dvar": 7.56826257706,
        "dvar2": 18.4767169952,
        "max": 98.3090286255,
        "mean": 0.982848346233,
        "median": 0.160606861115,
        "min": -1.89628207684,
        "var": 11.4206552505
    },
    "erbbands_skewness": {
        "dmean": 0.429487287998,
        "dmean2": 0.652066707611,
        "dvar": 0.232811436057,
        "dvar2": 0.479006946087,
        "max": 7.04484319687,
        "mean": 0.411090970039,
        "median": 0.354356884956,
        "min": -4.62686681747,
        "var": 0.709770679474
    },
    "erbbands_spread": {
        "dmean": 6.17686605453,
        "dmean2": 9.64481449127,
        "dvar": 50.6771812439,
        "dvar2": 120.058876038,
        "max": 144.867248535,
        "mean": 25.9960365295,
        "median": 24.6499195099,
        "min": 0.764325976372,
        "var": 162.747253418
    },
    "hfc": {
        "dmean": 5.07719945908,
        "dmean2": 7.22728061676,
        "dvar": 70.7587814331,
        "dvar2": 122.68862915,
        "max": 236.158676147,
        "mean": 16.7788944244,
        "median": 12.1600933075,
        "min": 1.16184346236e-16,
        "var": 290.510894775
    },
    "melbands_crest": {
        "dmean": 3.4793381691,
        "dmean2": 5.67283344269,
        "dvar": 9.96860694885,
        "dvar2": 24.0092029572,
        "max": 35.2546424866,
        "mean": 11.8284749985,
        "median": 10.6899003983,
        "min": 1.68164658546,
        "var": 28.0456256866
    },
    "melbands_flatness_db": {
        "dmean": 0.0279980376363,
        "dmean2": 0.0411743037403,
        "dvar": 0.0008930292679,
        "dvar2": 0.00166357669514,
        "max": 0.531565845013,
        "mean": 0.196913450956,
        "median": 0.178515344858,
        "min": 0.00681396899745,
        "var": 0.0059662014246
    },
    "melbands_kurtosis": {
        "dmean": 4.2995839119,
        "dmean2": 6.83933496475,
        "dvar": 125.031898499,
        "dvar2": 319.980407715,
        "max": 308.085144043,
        "mean": 6.22180652618,
        "median": 2.91668319702,
        "min": -1.88744091988,
        "var": 159.628936768
    },
    "melbands_skewness": {
        "dmean": 0.622398495674,
        "dmean2": 0.956873953342,
        "dvar": 0.560635268688,
        "dvar2": 1.25013017654,
        "max": 14.4029521942,
        "mean": 1.60862934589,
        "median": 1.43490421772,
        "min": -3.14732146263,
        "var": 1.64354085922
    },
    "melbands_spread": {
        "dmean": 7.43136882782,
        "dmean2": 11.6074466705,
        "dvar": 146.178878784,
        "dvar2": 310.689178467,
        "max": 282.580993652,
        "mean": 25.1958122253,
        "median": 23.1397838593,
        "min": 0.619766533375,
        "var": 387.518554688
    },
    "pitch_salience": {
        "dmean": 0.0729214549065,
        "dmean2": 0.115181595087,
        "dvar": 0.00444528600201,
        "dvar2": 0.0102742128074,
        "max": 0.920643866062,
        "mean": 0.605689644814,
        "median": 0.606315791607,
        "min": 0.0774650946259,
        "var": 0.0151402223855
    },
    "silence_rate_20dB": {
        "dmean": 0.000323624582961,
        "dmean2": 0.000647301552817,
        "dvar": 0.000323428655975,
        "dvar2": 0.000970168446656,
        "max": 1,
        "mean": 0.999838173389,
        "median": 1,
        "min": 0,
        "var": 0.000161750198458
    },
    "silence_rate_30dB": {
        "dmean": 0.0118122976273,
        "dmean2": 0.0236265063286,
        "dvar": 0.0116710811853,
        "dvar2": 0.0272697359324,
        "max": 1,
        "mean": 0.984062790871,
        "median": 1,
        "min": 0,
        "var": 0.0156873911619
    },
    "silence_rate_60dB": {
        "dmean": 0.0504854358733,
        "dmean2": 0.100979045033,
        "dvar": 0.0479480586946,
        "dvar2": 0.105220980942,
        "max": 1,
        "mean": 0.166653186083,
        "median": 0,
        "min": 0,
        "var": 0.138917118311
    },
    "spectral_centroid": {
        "dmean": 252.430740356,
        "dmean2": 387.685333252,
        "dvar": 113640.546875,
        "dvar2": 219849.375,
        "max": 11061.09375,
        "mean": 1364.47644043,
        "median": 1318.06652832,
        "min": 213.208709717,
        "var": 426034.1875
    },
    "spectral_complexity": {
        "dmean": 3.0187702179,
        "dmean2": 4.70377874374,
        "dvar": 9.2085018158,
        "dvar2": 20.6195087433,
        "max": 50,
        "mean": 17.1986885071,
        "median": 18,
        "min": 0,
        "var": 90.581489563
    },
    "spectral_decrease": {
        "dmean": 1.84125559244e-09,
        "dmean2": 2.66045896424e-09,
        "dvar": 1.26660931147e-17,
        "dvar2": 2.1920246528e-17,
        "max": 2.14139847267e-29,
        "mean": -5.17054754567e-09,
        "median": -3.81775544511e-09,
        "min": -9.12105093676e-08,
        "var": 3.87266308986e-17
    },
    "spectral_energy": {
        "dmean": 0.00732843857259,
        "dmean2": 0.0105739952996,
        "dvar": 0.000199472502572,
        "dvar2": 0.00034402962774,
        "max": 0.364847928286,
        "mean": 0.021036753431,
        "median": 0.015664326027,
        "min": 1.04574442939e-20,
        "var": 0.000618204066996
    },
    "spectral_energyband_high": {
        "dmean": 0.000140530028148,
        "dmean2": 0.000215487729292,
        "dvar": 9.5473431827e-08,
        "dvar2": 2.0818855262e-07,
        "max": 0.0133059779182,
        "mean": 0.000364392559277,
        "median": 0.000157235845109,
        "min": 7.62543556265e-21,
        "var": 2.93476261959e-07
    },
    "spectral_energyband_low": {
        "dmean": 0.00171251571737,
        "dmean2": 0.00278399232775,
        "dvar": 9.3549488156e-06,
        "dvar2": 2.43731265073e-05,
        "max": 0.0419056564569,
        "mean": 0.00283957389183,
        "median": 0.000985440332443,
        "min": 7.19663478119e-23,
        "var": 1.91951476154e-05
    },
    "spectral_energyband_middle_high": {
        "dmean": 0.00195800024085,
        "dmean2": 0.00290222838521,
        "dvar": 9.11439929041e-06,
        "dvar2": 1.80603128683e-05,
        "max": 0.152467429638,
        "mean": 0.00578066147864,
        "median": 0.00366667448543,
        "min": 1.64640940621e-21,
        "var": 4.26727674494e-05
    },
    "spectral_energyband_middle_low": {
        "dmean": 0.00569928484038,
        "dmean2": 0.00813985802233,
        "dvar": 0.000171723368112,
        "dvar2": 0.000297796505038,
        "max": 0.325248301029,
        "mean": 0.0124378660694,
        "median": 0.00673193996772,
        "min": 1.4761766055e-22,
        "var": 0.000470432511065
    },
    "spectral_entropy": {
        "dmean": 0.171020403504,
        "dmean2": 0.248360767961,
        "dvar": 0.0404135212302,
        "dvar2": 0.073544614017,
        "max": 9.7975435257,
        "mean": 7.36942529678,
        "median": 7.46921873093,
        "min": 5.02177810669,
        "var": 0.239764243364
    },
    "spectral_flux": {
        "dmean": 0.020099952817,
        "dmean2": 0.031914383173,
        "dvar": 0.000801015004981,
        "dvar2": 0.00177643529605,
        "max": 0.499676972628,
        "mean": 0.0770141780376,
        "median": 0.0728712156415,
        "min": 1.02261643598e-10,
        "var": 0.00233759800903
    },
    "spectral_kurtosis": {
        "dmean": 3.7634563446,
        "dmean2": 6.37764596939,
        "dvar": 42.3386230469,
        "dvar2": 113.943344116,
        "max": 134.828948975,
        "mean": 6.46861600876,
        "median": 3.47140932083,
        "min": -1.33927929401,
        "var": 96.4088745117
    },
    "spectral_rms": {
        "dmean": 0.000725446094293,
        "dmean2": 0.00102943077218,
        "dvar": 9.80215418167e-07,
        "dvar2": 1.5452782236e-06,
        "max": 0.0188666153699,
        "mean": 0.003946820274,
        "median": 0.00390925444663,
        "min": 3.1941172797e-12,
        "var": 4.94622008773e-06
    },
    "spectral_rolloff": {
        "dmean": 391.051208496,
        "dmean2": 648.460083008,
        "dvar": 439703.03125,
        "dvar2": 924137.1875,
        "max": 19099.9511719,
        "mean": 1538.60302734,
        "median": 1378.125,
        "min": 86.1328125,
        "var": 1242432.375
    },
    "spectral_skewness": {
        "dmean": 0.370195239782,
        "dmean2": 0.605078876019,
        "dvar": 0.222086668015,
        "dvar2": 0.573099315166,
        "max": 8.94273853302,
        "mean": 1.52515268326,
        "median": 1.29937982559,
        "min": -0.611656785011,
        "var": 0.752133905888
    },
    "spectral_spread": {
        "dmean": 358321.65625,
        "dmean2": 527802.75,
        "dvar": 242132828160,
        "dvar2": 397056376832,
        "max": 39914420,
        "mean": 3051434.5,
        "median": 2996366.75,
        "min": 568039,
        "var": 986251395072
    },
    "spectral_strongpeak": {
        "dmean": 0.67519402504,
        "dmean2": 1.09987843037,
        "dvar": 0.838521301746,
        "dvar2": 2.03450798988,
        "max": 13.5938253403,
        "mean": 1.14576113224,
        "median": 0.620754599571,
        "min": 0,
        "var": 1.76870381832
    },
    "zerocrossingrate": {
        "dmean": 0.00831338297576,
        "dmean2": 0.00960747431964,
        "dvar": 0.00018081619055,
        "dvar2": 0.000179677197593,
        "max": 0.8876953125,
        "mean": 0.057870592922,
        "median": 0.05419921875,
        "min": 0.0048828125,
        "var": 0.00132449588273
    },
    "barkbands": {
        "dmean": [5.6558597862e-05, 0.00128585333005, 0.000613325915765, 0.000284186040517, 0.00108098064084, 0.00148965592962, 0.00244565377943, 0.00183588860091, 0.00117892608978, 0.000757221656386, 0.000495775719173, 0.000396452756831, 0.000648873858154, 0.000321108673234, 0.00035499499063, 0.000246567447903, 0.000182944611879, 0.000118282841868, 0.000119522650493, 7.54248467274e-05, 5.98962578806e-05, 4.25503640145e-05, 2.0420013243e-05, 1.59747905855e-05, 2.00417298402e-06, 7.94171339802e-10, 8.38117075741e-10],
        "dmean2": [9.03265317902e-05, 0.00203310535289, 0.0010153229814, 0.000481630384456, 0.00174418580718, 0.00225154496729, 0.00366726913489, 0.00276356865652, 0.00178130634595, 0.00117999326903, 0.000790159159806, 0.000622643448878, 0.0010200428078, 0.000515908119269, 0.00056937354384, 0.000401724857511, 0.0002954279189, 0.000192124440218, 0.000200405847863, 0.000121913952171, 9.59508251981e-05, 6.84528276906e-05, 3.05974717776e-05, 2.45987921517e-05, 3.20235949403e-06, 1.46382628241e-09, 1.54557122656e-09],
        "dvar": [1.19626610839e-08, 6.28550878901e-06, 1.69780651049e-06, 4.39601592461e-07, 3.90177683585e-06, 2.61252971541e-05, 7.26616635802e-05, 3.52608731191e-05, 1.32716368171e-05, 3.73254624719e-06, 1.15130023914e-06, 1.09763880118e-06, 2.24704581342e-06, 5.23051653545e-07, 6.44201122668e-07, 2.88064910592e-07, 1.09835575302e-07, 4.49856507601e-08, 5.37845181725e-08, 2.50720599837e-08, 2.24172627128e-08, 1.05027426756e-08, 3.31428218203e-09, 2.35120389824e-09, 3.73710125345e-11, 1.97070900575e-18, 2.22150355003e-18],
        "dvar2": [3.07436529567e-08, 1.59202118084e-05, 4.27712348028e-06, 1.23331574287e-06, 9.11127426662e-06, 5.4400665249e-05, 0.000146608130308, 7.21921678632e-05, 2.51730016316e-05, 8.07855303719e-06, 2.77768185697e-06, 2.52309541793e-06, 5.24148435943e-06, 1.23005349906e-06, 1.52171230638e-06, 7.3956863389e-07, 2.71311705546e-07, 1.12352871895e-07, 1.42781345858e-07, 6.17977562456e-08, 5.33294972627e-08, 2.49959164478e-08, 7.04507385763e-09, 5.10540987264e-09, 8.55202714201e-11, 6.1357747346e-18, 6.9123902099e-18],
        "max": [0.00186291895807, 0.0357335917652, 0.0221192501485, 0.0153542719781, 0.0441714525223, 0.170595124364, 0.245818153024, 0.190308615565, 0.130883067846, 0.0673973634839, 0.0263460315764, 0.034311581403, 0.0526654049754, 0.0159520469606, 0.0243979357183, 0.016517713666, 0.0132196359336, 0.00545571418479, 0.004598592408, 0.00694613158703, 0.00600581709296, 0.00430596247315, 0.00281366566196, 0.00234562321566, 0.000260115717538, 2.2600056937e-08, 2.4096447504e-08],
        "mean": [8.04494920885e-05, 0.00184145628009, 0.000773536739871, 0.000321725761751, 0.00169353361707, 0.0021768824663, 0.00350739061832, 0.00256935413927, 0.00173562811688, 0.00115613674279, 0.000780066708103, 0.00061067880597, 0.00105549569707, 0.000521912239492, 0.000577132799663, 0.000434597168351, 0.000334976532031, 0.000210399623029, 0.000217852197238, 0.000153793662321, 0.000119925782201, 8.96295823622e-05, 4.12829176639e-05, 3.02381358779e-05, 2.66745587396e-06, 7.625449161e-10, 8.32431956699e-10],
        "median": [1.32497507366e-05, 0.000420825555921, 0.00012553439592, 8.43007437652e-05, 0.000887275207788, 0.000694058660883, 0.000728900660761, 0.000533480895683, 0.000483305891976, 0.000402243982535, 0.000276986975223, 0.000199253088795, 0.00024094816763, 0.000177036854438, 0.000218565561227, 0.000177747249836, 0.000161313961144, 0.00010327387281, 8.56370825204e-05, 6.10268180026e-05, 4.34855428466e-05, 2.98508639389e-05, 1.35511854751e-05, 7.74341151555e-06, 4.83868973333e-07, 3.0032129561e-10, 3.43323869334e-10],
        "min": [1.20897398678e-23, 1.86536637112e-23, 4.78569978108e-23, 1.41124439154e-23, 2.17228027936e-23, 2.12946879804e-23, 2.46626507291e-23, 3.95383301921e-23, 2.13503200291e-23, 4.6081726297e-23, 1.48078885433e-22, 7.09629861602e-23, 8.93099975495e-23, 1.21627924897e-22, 1.77766472843e-22, 1.4457148363e-22, 1.35089514389e-22, 2.45862776339e-22, 2.01294078947e-22, 4.36867584727e-22, 3.62423374325e-22, 6.28460719268e-22, 7.222459058e-22, 9.41385659254e-22, 9.2871814346e-22, 1.59748841805e-21, 2.43692356194e-21],
        "var": [2.12508144415e-08, 1.11206145448e-05, 2.53047483056e-06, 5.34359969606e-07, 7.10571111995e-06, 4.07335282944e-05, 0.000127907929709, 5.99248778599e-05, 2.61480872723e-05, 6.73758859193e-06, 2.22673111239e-06, 2.22617609325e-06, 5.39859911441e-06, 1.16768944736e-06, 1.29242403091e-06, 6.6390595066e-07, 2.51630865478e-07, 8.87833877528e-08, 1.19025457934e-07, 6.5998527532e-08, 4.5168249585e-08, 2.42363960012e-08, 7.2276180596e-09, 5.46023093406e-09, 5.92784155096e-11, 1.60166382303e-18, 1.80412909925e-18]
    },
    "erbbands": {
        "dmean": [0.0390538647771, 0.296026617289, 0.703060865402, 0.741865158081, 1.85512566566, 4.35975170135, 7.28781366348, 14.5762872696, 32.5652809143, 36.739440918, 35.6203155518, 28.3512821198, 22.3728618622, 19.7853107452, 19.5598220825, 17.4085979462, 30.7159175873, 16.6225624084, 19.6961917877, 14.8043642044, 10.8179559708, 8.57666778564, 6.90546798706, 5.89832353592, 5.14929819107, 3.90195918083, 2.3071744442, 2.52581548691, 1.58908593655, 0.901754081249, 0.54794883728, 0.390176892281, 0.244450032711, 0.0455283895135, 0.00197228463367, 7.72073981352e-05, 9.81788343779e-06, 2.25653457164e-06, 3.82852704206e-06, 8.41914061311e-06],
        "dmean2": [0.0596752017736, 0.474223464727, 1.18843436241, 1.23010349274, 3.14004540443, 6.98811912537, 11.3570375443, 22.0610790253, 48.7490577698, 54.443862915, 52.5767822266, 42.3540000916, 34.1779670715, 30.7761230469, 30.9125385284, 27.2272129059, 47.9894752502, 26.2565479279, 31.7289505005, 23.5154800415, 17.5032310486, 13.6024150848, 11.1982564926, 9.73467254639, 8.50092601776, 6.38174295425, 3.65308594704, 4.0718421936, 2.57529520988, 1.38385009766, 0.830462753773, 0.595605790615, 0.380894839764, 0.0712224841118, 0.00311608519405, 0.0001185368601, 1.47529817696e-05, 3.40102724294e-06, 5.50433333046e-06, 1.21229286378e-05],
        "dvar": [0.00546940136701, 0.37551727891, 2.28708600998, 2.62711834908, 13.5491800308, 76.0231781006, 519.641723633, 3001.29589844, 14632.0605469, 13638.0390625, 14646.6923828, 6588.51269531, 4283.56738281, 2021.60803223, 1607.24169922, 2217.9440918, 5183.79882812, 1238.97717285, 2086.27758789, 1064.33679199, 472.32800293, 233.885055542, 148.714508057, 140.802764893, 124.147262573, 79.3168563843, 31.1333656311, 44.3596115112, 14.7002897263, 7.11628818512, 2.06429505348, 1.40831637383, 0.759146213531, 0.0184737276286, 6.80092925904e-05, 6.3451743415e-08, 5.07519359871e-10, 1.83462620096e-11, 4.76824447981e-11, 2.56043852787e-10],
        "dvar2": [0.013083438389, 0.957131028175, 5.96426057816, 7.21954011917, 38.6427001953, 173.524276733, 1201.66540527, 6271.890625, 29871.1152344, 27615.3789062, 28518.2832031, 12151.8574219, 8475.82617188, 4618.53662109, 3854.72119141, 5211.41015625, 12164.4003906, 2763.5390625, 4977.9765625, 2521.78759766, 1190.45727539, 561.7578125, 373.056152344, 355.021453857, 330.97543335, 204.211929321, 73.936378479, 110.344261169, 35.2143211365, 15.8517379761, 4.33113288879, 3.08599591255, 1.86093211174, 0.0403307452798, 0.000147155398736, 1.33749395559e-07, 1.05859754296e-09, 3.84374823637e-11, 8.15411627109e-11, 4.40149638958e-10],
        "max": [1.11075460911, 7.78163433075, 23.003534317, 42.484249115, 104.100646973, 225.420211792, 889.801574707, 2139.04541016, 3617.42504883, 3357.63574219, 4298.60498047, 2684.92138672, 2428.265625, 1578.15197754, 1324.80944824, 1718.21862793, 2912.79125977, 1130.51489258, 1411.59558105, 950.357788086, 569.977661133, 705.618225098, 287.574371338, 235.720230103, 283.897033691, 357.50390625, 246.230529785, 284.565887451, 171.594726562, 135.821777344, 67.1318893433, 46.6218719482, 58.8716201782, 6.57563209534, 0.429300427437, 0.0131821660325, 0.00125095411204, 0.000210914979107, 0.000181056675501, 0.000417489383835],
        "mean": [0.0580874793231, 0.395011842251, 0.897095143795, 0.9971139431, 2.46723937988, 6.51697635651, 10.9358797073, 20.9859256744, 46.3330993652, 53.4909553528, 52.0896682739, 43.5963058472, 34.9258117676, 32.6140937805, 33.3221511841, 29.3542156219, 51.2031326294, 29.8741455078, 34.2281074524, 26.3294830322, 20.9587993622, 17.0193576813, 13.279419899, 10.5862045288, 10.19272995, 8.03130626678, 4.9193353653, 4.92019748688, 3.32587361336, 1.863702178, 1.10500967503, 0.757585525513, 0.407796502113, 0.0713121891022, 0.00268786330707, 0.000138899093145, 2.49323584285e-05, 6.52467906548e-06, 1.22451328934e-05, 2.51506735367e-05],
        "median": [0.011015150696, 0.0776732042432, 0.172027364373, 0.33174046874, 1.10856866837, 2.91024303436, 4.57222223282, 5.91933584213, 9.34823036194, 12.4998321533, 12.1275987625, 13.1308774948, 11.6877164841, 13.0340461731, 13.1208581924, 10.2190656662, 12.7370862961, 11.9876832962, 13.6379890442, 11.5114736557, 10.0569448471, 9.08470535278, 6.78568887711, 4.72734260559, 3.76793050766, 3.22922682762, 2.02420258522, 1.65232825279, 1.12384283543, 0.598382413387, 0.367746502161, 0.210142865777, 0.0934573560953, 0.0154684735462, 0.000475875422126, 5.03347037011e-05, 1.54005283548e-05, 4.32108754467e-06, 9.68588847172e-06, 1.92205989151e-05],
        "min": [5.36083971307e-22, 4.91711173953e-21, 4.74695979895e-20, 4.62262841365e-20, 6.88199987854e-20, 5.9948583651e-20, 1.58473678671e-19, 1.76878809192e-19, 3.53671022914e-19, 4.05663822207e-19, 8.80316110164e-19, 4.89197871288e-19, 7.78940628301e-19, 2.73543892962e-18, 6.49901042109e-18, 2.91172373266e-18, 4.23305542571e-18, 6.79945151856e-18, 6.72100584516e-18, 9.76882932632e-18, 6.61234202323e-18, 9.17753415469e-18, 1.17212328251e-17, 1.35765269744e-17, 1.23673345026e-17, 1.93499531737e-17, 1.26151470608e-17, 1.8800394227e-17, 2.45140665533e-17, 1.61685470546e-17, 2.14365344668e-17, 2.04518537026e-17, 1.67801230405e-17, 1.07895726838e-17, 6.48578669823e-18, 5.60084985376e-18, 3.36338378586e-18, 1.03532479387e-18, 3.35881909305e-19, 3.94766680527e-20],
        "var": [0.011097191833, 0.579117178917, 3.16333627701, 3.46882343292, 17.5448608398, 136.162826538, 704.861999512, 4499.39599609, 25643.5117188, 22917.7109375, 25220.9453125, 13647.7382812, 8518.82421875, 3882.61035156, 3324.01953125, 4732.04101562, 12391.5087891, 3090.94897461, 4341.17041016, 2240.74291992, 1153.65405273, 575.567687988, 323.304351807, 269.703735352, 317.277801514, 201.035110474, 66.4679107666, 80.5396270752, 33.4703636169, 14.0022668839, 4.7998342514, 3.19644975662, 1.27288782597, 0.0355404540896, 0.00012056545529, 1.30847368496e-07, 1.34351885173e-09, 6.11742739798e-11, 1.62503940859e-10, 8.1442125266e-10]
    },
    "gfcc": {
        "mean": [-70.2639083862, 141.340744019, -177.085281372, 37.7300109863, -76.0967483521, 4.69592094421, -27.4467487335, -11.0647029877, 3.33350133896, -18.6080760956, 10.076212883, -17.2066249847, 6.19806814194],
        "cov": [[8123.484375, -54.62758255, -363.098022461, 714.149841309, -290.166717529, 437.862670898, 143.409622192, 142.123138428, 243.748580933, 206.194839478, 109.467536926, -51.3469161987, 145.513931274], [-54.62758255, 1229.4206543, 458.181396484, -282.784454346, 275.581726074, -309.44317627, 98.0772323608, -40.837978363, 85.0589675903, -47.9459457397, 34.831829071, -15.1080598831, -48.2057952881], [-363.098022461, 458.181396484, 884.251037598, 285.08291626, 43.0383644104, 18.579908371, 2.41433405876, 51.6934967041, 3.83489179611, -12.2360401154, -0.73816204071, -3.64567995071, -8.76091957092], [714.149841309, -282.784454346, 285.08291626, 882.914978027, 17.3041648865, 319.099121094, 59.2791976929, 84.2845230103, 3.81349921227, 20.0413761139, -37.4760437012, -16.5780944824, 66.4797210693], [-290.166717529, 275.581726074, 43.0383644104, 17.3041648865, 289.224273682, -9.6854763031, 57.4185028076, 18.9305610657, 35.5632781982, -5.47018480301, -7.11147212982, 1.52621197701, -10.5263547897], [437.862670898, -309.44317627, 18.579908371, 319.099121094, -9.6854763031, 438.83303833, 109.949989319, 67.2813491821, -24.4012413025, 41.535697937, 3.73409724236, -25.2908878326, 18.9487609863], [143.409622192, 98.0772323608, 2.41433405876, 59.2791976929, 57.4185028076, 109.949989319, 230.929290771, 47.4087295532, 6.07595252991, 16.6469841003, 14.3607654572, -7.66099643707, -11.7819051743], [142.123138428, -40.837978363, 51.6934967041, 84.2845230103, 18.9305610657, 67.2813491821, 47.4087295532, 146.236694336, 50.1271438599, 18.2016944885, 3.27406930923, 11.3834066391, 14.6418352127], [243.748580933, 85.0589675903, 3.83489179611, 3.81349921227, 35.5632781982, -24.4012413025, 6.07595252991, 50.1271438599, 134.915588379, 47.5987510681, 4.17664575577, 11.7048797607, 9.19851112366], [206.194839478, -47.9459457397, -12.2360401154, 20.0413761139, -5.47018480301, 41.535697937, 16.6469841003, 18.2016944885, 47.5987510681, 109.362922668, 47.2166633606, 5.81097364426, 5.4679312706], [109.467536926, 34.831829071, -0.73816204071, -37.4760437012, -7.11147212982, 3.73409724236, 14.3607654572, 3.27406930923, 4.17664575577, 47.2166633606, 100.568328857, 40.1164741516, -3.32516217232], [-51.3469161987, -15.1080598831, -3.64567995071, -16.5780944824, 1.52621197701, -25.2908878326, -7.66099643707, 11.3834066391, 11.7048797607, 5.81097364426, 40.1164741516, 88.4433135986, 34.276802063], [145.513931274, -48.2057952881, -8.76091957092, 66.4797210693, -10.5263547897, 18.9487609863, -11.7819051743, 14.6418352127, 9.19851112366, 5.4679312706, -3.32516217232, 34.276802063, 85.4546813965]],
        "icov": [[0.000221267502639, -0.000453132932307, 0.00042390532326, -0.000350803893525, 0.000584494438954, -0.000282564375084, 0.000196399210836, -0.000203928706469, -0.000161923948326, -0.000250776356552, -9.39330784604e-05, 8.33068042994e-05, -0.000122947632917], [-0.000453132932307, 0.00455404771492, -0.00313001917675, 0.0019706604071, -0.00372676271945, 0.00240557896905, -0.00280481018126, 0.00244113267399, -0.00270998384804, 0.00358362379484, -0.00331630464643, 0.00322538381442, -0.00167121423874], [0.00042390532326, -0.00313001917675, 0.00358018232509, -0.00205162912607, 0.00254838285036, -0.00129747798201, 0.00199313205667, -0.00210905447602, 0.00172856403515, -0.00216756295413, 0.00165604089852, -0.00191469874699, 0.00149846170098], [-0.000350803893525, 0.0019706604071, -0.00205162912607, 0.00293945521116, -0.00190311984625, -0.000250751618296, -0.0010318479035, 0.000845768372528, -0.000896854500752, 0.00134780467488, -0.000375669478672, 0.00124387978576, -0.0017573266523], [0.000584494438954, -0.00372676271945, 0.00254838285036, -0.00190311984625, 0.00720479339361, -0.00177967001218, 0.00108996173367, -0.00178830360528, 0.000464266020572, -0.00215759850107, 0.00249342434108, -0.00252022477798, 0.00157900492195], [-0.000282564375084, 0.00240557896905, -0.00129747798201, -0.000250751618296, -0.00177967001218, 0.00535647710785, -0.00275916140527, -2.27468262892e-05, 0.000400396151235, 0.000307727488689, -0.00180610851385, 0.00263466010801, -0.00107312412001], [0.000196399210836, -0.00280481018126, 0.00199313205667, -0.0010318479035, 0.00108996173367, -0.00275916140527, 0.00733997905627, -0.00287024583668, 0.00210091564804, -0.00223596650176, 0.0013696734095, -0.00182255182881, 0.00204153545201], [-0.000203928706469, 0.00244113267399, -0.00210905447602, 0.000845768372528, -0.00178830360528, -2.27468262892e-05, -0.00287024583668, 0.0108064366505, -0.00544941192493, 0.00282527157106, -0.00183565786574, 0.000732415355742, -0.00157182093244], [-0.000161923948326, -0.00270998384804, 0.00172856403515, -0.000896854500752, 0.000464266020572, 0.000400396151235, 0.00210091564804, -0.00544941192493, 0.0144635802135, -0.0088452771306, 0.00608839048073, -0.00447774492204, 0.00185576174408], [-0.000250776356552, 0.00358362379484, -0.00216756295413, 0.00134780467488, -0.00215759850107, 0.000307727488689, -0.00223596650176, 0.00282527157106, -0.0088452771306, 0.0191229470074, -0.0118610570207, 0.00681558391079, -0.00341535871848], [-9.39330784604e-05, -0.00331630464643, 0.00165604089852, -0.000375669478672, 0.00249342434108, -0.00180610851385, 0.0013696734095, -0.00183565786574, 0.00608839048073, -0.0118610570207, 0.0219760965556, -0.0132368523628, 0.00623036222532], [8.33068042994e-05, 0.00322538381442, -0.00191469874699, 0.00124387978576, -0.00252022477798, 0.00263466010801, -0.00182255182881, 0.000732415355742, -0.00447774492204, 0.00681558391079, -0.0132368523628, 0.0227688141167, -0.0103597855195], [-0.000122947632917, -0.00167121423874, 0.00149846170098, -0.0017573266523, 0.00157900492195, -0.00107312412001, 0.00204153545201, -0.00157182093244, 0.00185576174408, -0.00341535871848, 0.00623036222532, -0.0103597855195, 0.0178893413395]]
    },
    "melbands": {
        "dmean": [0.00035186909372, 0.000353562441887, 0.000147726241266, 0.000213805833482, 0.000242911599344, 0.000325055792928, 0.000493513594847, 0.000399669428589, 0.000277759681921, 0.000171703635715, 0.000111353823741, 8.2787424617e-05, 7.13250410627e-05, 4.34799185314e-05, 5.56057893846e-05, 6.25385073363e-05, 3.09939932777e-05, 3.35024560627e-05, 2.18805689656e-05, 2.06971271837e-05, 1.2575475921e-05, 9.58808323048e-06, 9.98181349132e-06, 5.27987458554e-06, 5.21345691595e-06, 4.50071183877e-06, 2.93340985991e-06, 2.76073183159e-06, 1.50318430769e-06, 1.69935140093e-06, 1.57707472681e-06, 1.0701668316e-06, 6.89033754497e-07, 4.84492147734e-07, 3.50760984702e-07, 2.70807532843e-07, 2.45344153882e-07, 2.03762738238e-07, 1.04716789906e-07, 1.91101872105e-08],
        "dmean2": [0.000546682393178, 0.000588391034398, 0.000243921240326, 0.000350347923813, 0.000377385382308, 0.00049024738837, 0.000736724818125, 0.00059286179021, 0.000407777843066, 0.000259697815636, 0.000171121850144, 0.000129282474518, 0.000113343900011, 6.87057327013e-05, 8.74351972016e-05, 9.76845549303e-05, 4.95159692946e-05, 5.42258021596e-05, 3.48987850884e-05, 3.34604956151e-05, 2.04645821213e-05, 1.52610973601e-05, 1.64240027516e-05, 8.66924892762e-06, 8.64751291374e-06, 7.51203833715e-06, 4.85278133056e-06, 4.51492178399e-06, 2.40388385464e-06, 2.73674618256e-06, 2.58712452705e-06, 1.76448588718e-06, 1.08051153802e-06, 7.54363895794e-07, 5.45214220438e-07, 4.09091796882e-07, 3.83889357636e-07, 3.23110157296e-07, 1.65942225294e-07, 3.05488363495e-08],
        "dvar": [4.49688911885e-07, 5.29095586899e-07, 8.91283491455e-08, 1.4700050599e-07, 4.36626208966e-07, 1.35003710966e-06, 3.11671624331e-06, 1.55467819241e-06, 8.70028600275e-07, 2.50087566656e-07, 1.04713826943e-07, 3.71930219956e-08, 2.36390231834e-08, 9.85272308185e-09, 1.63740683234e-08, 2.26046736884e-08, 4.94090279801e-09, 5.89049564681e-09, 2.35077268762e-09, 2.25778862273e-09, 5.70984370896e-10, 3.5297106904e-10, 3.73598790793e-10, 1.16253347227e-10, 1.17914733533e-10, 9.67596142099e-11, 3.30385094283e-11, 4.5517454389e-11, 1.51789223551e-11, 1.80127388699e-11, 1.67416462638e-11, 6.03404999577e-12, 4.59024962138e-12, 2.32027634953e-12, 8.75045424575e-13, 5.04084567057e-13, 6.89440041515e-13, 6.33142138978e-13, 8.34264366032e-14, 5.46083157534e-15],
        "dvar2": [1.11380848011e-06, 1.38759230595e-06, 2.44136856509e-07, 3.62573587154e-07, 9.92870695882e-07, 2.78857032754e-06, 6.27565123068e-06, 3.13063560498e-06, 1.64805555869e-06, 4.75855841842e-07, 2.09538498552e-07, 8.4870279693e-08, 5.65963311772e-08, 2.30124257428e-08, 3.77251048178e-08, 5.10894970773e-08, 1.14050244804e-08, 1.41308449386e-08, 5.46741363294e-09, 5.64113911139e-09, 1.4251061442e-09, 8.38110580936e-10, 9.94576088154e-10, 2.88851359498e-10, 2.95724611465e-10, 2.64109789594e-10, 8.29037810623e-11, 1.15197906769e-10, 3.67691814496e-11, 4.48747358717e-11, 4.31166456705e-11, 1.56454519479e-11, 9.94621052186e-12, 5.4535664179e-12, 1.93559491352e-12, 1.03337813567e-12, 1.59494086775e-12, 1.60589933278e-12, 1.86605505353e-13, 1.24965362629e-14],
        "max": [0.00998511910439, 0.0104326950386, 0.00692689605057, 0.00796896964312, 0.0243891552091, 0.0418745204806, 0.0496491603553, 0.0358374752104, 0.0287060569972, 0.0201109293848, 0.0113933812827, 0.00702651776373, 0.00362015469, 0.00301894755103, 0.00386040634476, 0.00619312049821, 0.00180514191743, 0.00205920846201, 0.00130752357654, 0.00144683965482, 0.000543305824976, 0.0010421652114, 0.000454893888673, 0.000375091243768, 0.0002194269764, 0.000304483866785, 0.000185983953997, 0.000310032599373, 0.000182566509466, 0.000165749152075, 0.000147990940604, 9.05556662474e-05, 0.000136255912366, 7.04114208929e-05, 4.34140347352e-05, 3.07447917294e-05, 3.42516868841e-05, 5.57366511202e-05, 1.18595289678e-05, 3.55897213922e-06],
        "mean": [0.00051825697301, 0.000493470812216, 0.000206480603083, 0.000319674494676, 0.000378746626666, 0.000469278893434, 0.000713531451765, 0.000582125096116, 0.00040962456842, 0.000256206578342, 0.00016853158013, 0.000130295316922, 0.000116168848763, 6.96436691214e-05, 9.12147515919e-05, 0.000102533798781, 5.02895600221e-05, 5.57931452931e-05, 3.63071776519e-05, 3.52933493559e-05, 2.23812858167e-05, 1.73700718733e-05, 1.71877818502e-05, 8.87018723006e-06, 8.46292005008e-06, 7.91729871708e-06, 5.79439256398e-06, 5.22308300788e-06, 2.87845705316e-06, 3.09881306748e-06, 2.83511531052e-06, 2.06973186323e-06, 1.30805858589e-06, 9.18102045944e-07, 6.62980539801e-07, 4.91060802688e-07, 4.4624150064e-07, 3.18824703527e-07, 1.63562475564e-07, 2.30555237124e-08],
        "median": [0.000115492883197, 0.00010925339302, 8.16620449768e-05, 0.000153036628035, 0.00016985090042, 0.000131786393467, 0.00014842771634, 0.000134215661092, 9.34326162678e-05, 7.4427225627e-05, 5.19270834047e-05, 4.70829909318e-05, 4.08861451433e-05, 2.59795488091e-05, 2.54095702985e-05, 2.40407935053e-05, 1.74936885742e-05, 2.09595182241e-05, 1.5064044419e-05, 1.31804572447e-05, 1.04104583443e-05, 8.80891639099e-06, 7.22326240066e-06, 4.18733407059e-06, 3.30846182806e-06, 2.77104254565e-06, 2.11750648305e-06, 1.85793794572e-06, 1.11869655939e-06, 9.68157678471e-07, 8.27898247735e-07, 6.65676282097e-07, 3.87322842244e-07, 2.80613932091e-07, 2.08456000905e-07, 1.45205035551e-07, 1.14009019114e-07, 6.88660719561e-08, 3.52413103144e-08, 3.46832296216e-09],
        "min": [4.52679231877e-24, 1.84552762376e-23, 9.88825785098e-24, 4.08423109575e-24, 4.98473475172e-24, 4.35372530807e-24, 5.10140057429e-24, 5.87958582488e-24, 6.42872412835e-24, 2.89167515823e-24, 4.1182897709e-24, 1.0122973947e-23, 2.15313020757e-23, 1.18396938378e-23, 5.38642548567e-24, 1.1867494085e-23, 1.19670293985e-23, 8.96716255879e-24, 1.47576374725e-23, 1.12176572925e-23, 6.48906252126e-24, 1.02286789417e-23, 8.5518635798e-24, 1.14273057555e-23, 1.10993952099e-23, 6.83002082628e-24, 1.48535708472e-23, 1.20007358473e-23, 6.60772771179e-24, 1.06762233991e-23, 1.07246957463e-23, 1.46091265185e-23, 1.06337534945e-23, 8.51557834474e-24, 1.0984968569e-23, 1.50418656344e-23, 1.08925440476e-23, 1.0758997785e-23, 1.27915144734e-23, 7.64564857087e-24],
        "var": [8.63646050675e-07, 8.02220597507e-07, 1.27772409542e-07, 2.58839065737e-07, 6.50852484796e-07, 2.11889914681e-06, 5.60222724744e-06, 2.7182222766e-06, 1.56233272719e-06, 4.9977973049e-07, 2.05667774367e-07, 6.96366342368e-08, 4.918240748e-08, 1.93386089364e-08, 3.88721339561e-08, 5.62286004424e-08, 1.07075806e-08, 1.1969714997e-08, 4.71547290104e-09, 5.05299846409e-09, 1.28965860213e-09, 8.00430333125e-10, 7.37081284896e-10, 1.9222153036e-10, 2.17958678883e-10, 2.13890363754e-10, 8.63548121899e-11, 1.06058030414e-10, 2.68387950753e-11, 3.50567561092e-11, 2.9896449899e-11, 1.28222528081e-11, 9.29629637159e-12, 4.04096764731e-12, 1.84880171068e-12, 1.1213297001e-12, 1.36571103818e-12, 9.25858456742e-13, 1.64269070351e-13, 8.3256138935e-15]
    },
    "mfcc": {
        "mean": [-679.451599121, 138.99357605, -28.4706401825, 14.7669725418, -13.4203605652, 1.89321267605, -13.1167459488, 2.3195579052, -6.72433185577, 4.17448854446, -4.04763936996, 5.09798669815, -4.05193328857],
        "cov": [[7782.42480469, -751.088012695, -228.81388855, 344.594085693, -277.265319824, 482.798248291, -63.3418121338, 170.826187134, 161.022094727, 277.518829346, 93.1594161987, 170.456451416, 71.797492981], [-751.088012695, 1630.4432373, 37.0115203857, -67.7981567383, 58.2284393311, -269.685852051, -67.2533493042, -66.4572296143, -50.6830787659, -46.9564361572, 85.232460022, -22.5341625214, 0.967243432999], [-228.81388855, 37.0115203857, 857.534240723, 281.920806885, 132.477478027, 83.9070205688, 82.8604507446, 52.489364624, 39.1972084045, 16.2045593262, 6.00344228745, 11.8841781616, 14.4722566605], [344.594085693, -67.7981567383, 281.920806885, 487.823638916, 132.806365967, 103.904006958, 36.4883537292, 63.4984474182, 81.0698547363, 29.453130722, -8.48131465912, 6.26218318939, 7.45151519775], [-277.265319824, 58.2284393311, 132.477478027, 132.806365967, 262.171905518, 35.33385849, 2.77115559578, 26.92070961, 44.3016700745, 0.857724428177, 12.7669229507, -14.4410104752, 1.51516187191], [482.798248291, -269.685852051, 83.9070205688, 103.904006958, 35.33385849, 291.888580322, 129.422119141, 62.3152351379, 51.0442352295, 61.7955055237, 18.5091342926, 12.3171958923, -2.29142832756], [-63.3418121338, -67.2533493042, 82.8604507446, 36.4883537292, 2.77115559578, 129.422119141, 237.301940918, 74.7646789551, 24.3975582123, 28.8309516907, 26.2376804352, 6.89503622055, -0.528287172318], [170.826187134, -66.4572296143, 52.489364624, 63.4984474182, 26.92070961, 62.3152351379, 74.7646789551, 151.579071045, 60.1925773621, 20.772895813, 18.4534034729, 4.53206443787, 4.46503686905], [161.022094727, -50.6830787659, 39.1972084045, 81.0698547363, 44.3016700745, 51.0442352295, 24.3975582123, 60.1925773621, 147.085067749, 49.7240905762, 12.5525484085, -5.53397226334, 6.65611171722], [277.518829346, -46.9564361572, 16.2045593262, 29.453130722, 0.857724428177, 61.7955055237, 28.8309516907, 20.772895813, 49.7240905762, 122.038825989, 39.0908317566, 4.39051055908, -1.84214651585], [93.1594161987, 85.232460022, 6.00344228745, -8.48131465912, 12.7669229507, 18.5091342926, 26.2376804352, 18.4534034729, 12.5525484085, 39.0908317566, 123.20161438, 27.9897384644, -0.931502282619], [170.456451416, -22.5341625214, 11.8841781616, 6.26218318939, -14.4410104752, 12.3171958923, 6.89503622055, 4.53206443787, -5.53397226334, 4.39051055908, 27.9897384644, 97.7340927124, 32.9029998779], [71.797492981, 0.967243432999, 14.4722566605, 7.45151519775, 1.51516187191, -2.29142832756, -0.528287172318, 4.46503686905, 6.65611171722, -1.84214651585, -0.931502282619, 32.9029998779, 89.1377944946]],
