{
"lowlevel": {
    "average_loudness": 0.823195338249,
    "barkbands_crest": {
        "dmean": 2.35803961754,
        "dmean2": 3.85217189789,
        "dvar": 4.66464185715,
        "dvar2": 12.1307325363,
        "max": 26.90442276,
        "mean": 8.98575019836,
        "median": 7.88676357269,
        "min": 2.50029945374,
        "var": 17.4655723572
    },
    "barkbands_flatness_db": {
        "dmean": 0.0183539893478,
        "dmean2": 0.0288083031774,
        "dvar": 0.000341919221682,
        "dvar2": 0.000809165707324,
        "max": 0.76684564352,
        "mean": 0.166205480695,
        "median": 0.160023778677,
        "min": 0.0577904544771,
        "var": 0.00154489895795
    },
    "barkbands_kurtosis": {
        "dmean": 9.15218925476,
        "dmean2": 13.4298286438,
        "dvar": 141213.875,
        "dvar2": 243559.359375,
        "max": 29104.8554688,
        "mean": 13.2238426208,
        "median": 1.33003354073,
        "min": -1.78002405167,
        "var": 253627.765625
    },
    "barkbands_skewness": {
        "dmean": 0.447204917669,
        "dmean2": 0.674411177635,
        "dvar": 2.56040334702,
        "dvar2": 3.72116351128,
        "max": 144.326477051,
        "mean": 1.08725190163,
        "median": 0.978283166885,
        "min": -2.98287153244,
        "var": 8.0772819519
    },
    "barkbands_spread": {
        "dmean": 3.43217110634,
        "dmean2": 5.34622430801,
        "dvar": 11.6186027527,
        "dvar2": 28.2380008698,
        "max": 56.7084312439,
        "mean": 15.5436458588,
        "median": 14.8354110718,
        "min": 0.00836837477982,
        "var": 49.3637695312
    },
    "dissonance": {
        "dmean": 0.0230686105788,
        "dmean2": 0.0391974411905,
        "dvar": 0.00050006370293,
        "dvar2": 0.0014355762396,
        "max": 0.5,
        "mean": 0.458722412586,
        "median": 0.46502828598,
        "min": 0.236817866564,
        "var": 0.000894187192898
    },
    "dynamic_complexity": 2.70200228691,
    "erbbands_crest": {
        "dmean": 3.01128768921,
        "dmean2": 4.84950447083,
        "dvar": 7.63745880127,
        "dvar2": 19.6476383209,
        "max": 33.9955101013,
        "mean": 10.8775491714,
        "median": 9.13347434998,
        "min": 2.3590157032,
        "var": 35.4123306274
    },
    "erbbands_flatness_db": {
        "dmean": 0.0167145784944,
        "dmean2": 0.0245366059244,
        "dvar": 0.00025407562498,
        "dvar2": 0.000534212507773,
        "max": 0.42540627718,
        "mean": 0.220529526472,
        "median": 0.213322535157,
        "min": 0.0479045398533,
        "var": 0.0021567097865
    },
    "erbbands_kurtosis": {
        "dmean": 1.15927696228,
        "dmean2": 1.85107314587,
        "dvar": 4.31223630905,
        "dvar2": 10.5635557175,
        "max": 62.9194717407,
        "mean": 1.31405222416,
        "median": 0.310382962227,
        "min": -1.69545793533,
        "var": 15.3704252243
    },
    "erbbands_skewness": {
        "dmean": 0.357498914003,
        "dmean2": 0.559106767178,
        "dvar": 0.116893939674,
        "dvar2": 0.284863203764,
        "max": 6.8324341774,
        "mean": 0.58398938179,
        "median": 0.530184984207,
        "min": -3.04781222343,
        "var": 0.595423221588
    },
    "erbbands_spread": {
        "dmean": 5.287586689,
        "dmean2": 8.13016700745,
        "dvar": 27.2269325256,
        "dvar2": 59.4092254639,
        "max": 172.791610718,
        "mean": 26.0689716339,
        "median": 24.8186759949,
        "min": 1.35467433929,
        "var": 162.02432251
    },
    "hfc": {
        "dmean": 5.06264829636,
        "dmean2": 7.05481910706,
        "dvar": 37.4363365173,
        "dvar2": 78.7911529541,
        "max": 101.377609253,
        "mean": 20.7935276031,
        "median": 17.9682540894,
        "min": 1.12222720202e-16,
        "var": 238.117782593
    },
    "melbands_crest": {
        "dmean": 3.1079518795,
        "dmean2": 5.07913398743,
        "dvar": 8.36878871918,
        "dvar2": 22.0068092346,
        "max": 39.9919281006,
        "mean": 11.7304763794,
        "median": 10.4142894745,
        "min": 2.59860134125,
        "var": 28.1910552979
    },
    "melbands_flatness_db": {
        "dmean": 0.0206308811903,
        "dmean2": 0.0317293256521,
        "dvar": 0.000428209255915,
        "dvar2": 0.00100683991332,
        "max": 0.772729337215,
        "mean": 0.192612439394,
        "median": 0.188235193491,
        "min": 0.00859890226275,
        "var": 0.00216439063661
    },
    "melbands_kurtosis": {
        "dmean": 41.9125328064,
        "dmean2": 61.5324554443,
        "dvar": 3944843.5,
        "dvar2": 9449295,
        "max": 152917.5625,
        "mean": 42.289932251,
        "median": 3.31734442711,
        "min": -1.74846458435,
        "var": 4018932.25
    },
    "melbands_skewness": {
        "dmean": 0.591605484486,
        "dmean2": 0.892713367939,
        "dvar": 17.5679664612,
        "dvar2": 37.1765403748,
        "max": 339.207000732,
        "mean": 1.59786903858,
        "median": 1.39777767658,
        "min": -2.80148720741,
        "var": 30.7023944855
    },
    "melbands_spread": {
        "dmean": 5.00269269943,
        "dmean2": 7.70549106598,
        "dvar": 27.9656085968,
        "dvar2": 60.3272972107,
        "max": 142.983840942,
        "mean": 21.5776062012,
        "median": 19.7236938477,
        "min": 0.00451965071261,
        "var": 129.03755188
    },
    "pitch_salience": {
        "dmean": 0.0664677247405,
        "dmean2": 0.108331717551,
        "dvar": 0.00340471952222,
        "dvar2": 0.00884171482176,
        "max": 0.912145972252,
        "mean": 0.588436245918,
        "median": 0.601408720016,
        "min": 0.00196314975619,
        "var": 0.013791446574
    },
    "silence_rate_20dB": {
        "dmean": 0,
        "dmean2": 0,
        "dvar": 0,
        "dvar2": 0,
        "max": 1,
        "mean": 1,
        "median": 1,
        "min": 1,
        "var": 0
    },
    "silence_rate_30dB": {
        "dmean": 0.00101458467543,
        "dmean2": 0.00202942662872,
        "dvar": 0.00101355498191,
        "dvar2": 0.00253266328946,
        "max": 1,
        "mean": 0.998985528946,
        "median": 1,
        "min": 0,
        "var": 0.00101342645939
    },
    "silence_rate_60dB": {
        "dmean": 0.0200380478054,
        "dmean2": 0.0400811769068,
        "dvar": 0.0196363646537,
        "dvar2": 0.043296393007,
        "max": 1,
        "mean": 0.0401978194714,
        "median": 0,
        "min": 0,
        "var": 0.0385834164917
    },
    "spectral_centroid": {
        "dmean": 182.8462677,
        "dmean2": 279.53994751,
        "dvar": 41433.5976562,
        "dvar2": 82611.46875,
        "max": 10445.7773438,
        "mean": 1244.40893555,
        "median": 1180.72497559,
        "min": 332.535339355,
        "var": 228892.8125
    },
    "spectral_complexity": {
        "dmean": 3.08281540871,
        "dmean2": 4.54134941101,
        "dvar": 8.3328294754,
        "dvar2": 15.5262508392,
        "max": 48,
        "mean": 19.6533088684,
        "median": 19,
        "min": 0,
        "var": 55.1579437256
    },
    "spectral_decrease": {
        "dmean": 1.66469771301e-09,
        "dmean2": 2.50956100345e-09,
        "dvar": 3.71431805587e-18,
        "dvar2": 8.64137801551e-18,
        "max": 2.4360670331e-30,
        "mean": -6.02023142449e-09,
        "median": -5.44980682804e-09,
        "min": -3.85240568335e-08,
        "var": 1.61215582328e-17
    },
    "spectral_energy": {
        "dmean": 0.00667973607779,
        "dmean2": 0.0100158685818,
        "dvar": 5.93848999415e-05,
        "dvar2": 0.000137226306833,
        "max": 0.152118593454,
        "mean": 0.0246078576893,
        "median": 0.0224755182862,
        "min": 1.01697324591e-20,
        "var": 0.000267456780421
    },
    "spectral_energyband_high": {
        "dmean": 0.000123198187794,
        "dmean2": 0.000169382343302,
        "dvar": 3.55004914354e-08,
        "dvar2": 6.58356711369e-08,
        "max": 0.00470553711057,
        "mean": 0.000351970054908,
        "median": 0.000255677790847,
        "min": 7.26395682717e-21,
        "var": 1.21034574363e-07
    },
    "spectral_energyband_low": {
        "dmean": 0.0010765461484,
        "dmean2": 0.00172140856739,
        "dvar": 2.76922196463e-06,
        "dvar2": 6.84859514877e-06,
        "max": 0.0289824455976,
        "mean": 0.00230845552869,
        "median": 0.00157050928101,
        "min": 6.14796853218e-23,
        "var": 6.57358896206e-06
    },
    "spectral_energyband_middle_high": {
        "dmean": 0.00324967177585,
        "dmean2": 0.00483859656379,
        "dvar": 2.75610200333e-05,
        "dvar2": 6.60137229715e-05,
        "max": 0.102895759046,
        "mean": 0.0100892940536,
        "median": 0.00575082749128,
        "min": 1.55675148944e-21,
        "var": 0.000146133766975
    },
    "spectral_energyband_middle_low": {
        "dmean": 0.00481685157865,
        "dmean2": 0.00745544722304,
        "dvar": 4.19436655648e-05,
        "dvar2": 0.000101027952041,
        "max": 0.142400860786,
        "mean": 0.013061969541,
        "median": 0.0101364925504,
        "min": 3.74105104289e-22,
        "var": 0.000127962615807
    },
    "spectral_entropy": {
        "dmean": 0.128498718143,
        "dmean2": 0.192258402705,
        "dvar": 0.0151680987328,
        "dvar2": 0.0327655598521,
        "max": 9.79759597778,
        "mean": 7.39040374756,
        "median": 7.41610527039,
        "min": 6.01001405716,
        "var": 0.100403159857
    },
    "spectral_flux": {
        "dmean": 0.0202031135559,
        "dmean2": 0.0319307893515,
        "dvar": 0.000426617159974,
        "dvar2": 0.00100247364026,
        "max": 0.348312854767,
        "mean": 0.0809899717569,
        "median": 0.0772620216012,
        "min": 1.00845089224e-10,
        "var": 0.0012704951223
    },
    "spectral_kurtosis": {
        "dmean": 2.3093662262,
        "dmean2": 4.04483890533,
        "dvar": 5.1329240799,
        "dvar2": 15.1514568329,
        "max": 28.0518741608,
        "mean": 4.74054145813,
        "median": 3.9598402977,
        "min": -1.17820358276,
        "var": 9.41045570374
    },
    "spectral_rms": {
        "dmean": 0.000659709621686,
        "dmean2": 0.000967252766714,
        "dvar": 4.33729866245e-07,
        "dvar2": 8.95982509519e-07,
        "max": 0.0121822981164,
        "mean": 0.00460370350629,
        "median": 0.00468266336247,
        "min": 3.14987142272e-12,
        "var": 2.81351572085e-06
    },
    "spectral_rolloff": {
        "dmean": 277.965698242,
        "dmean2": 463.62097168,
        "dvar": 190681.453125,
        "dvar2": 369931.6875,
        "max": 18540.0878906,
        "mean": 1309.16967773,
        "median": 1162.79296875,
        "min": 21.533203125,
        "var": 456161.34375
    },
    "spectral_skewness": {
        "dmean": 0.254130035639,
        "dmean2": 0.427407920361,
        "dvar": 0.051796272397,
        "dvar2": 0.144847244024,
        "max": 3.87075614929,
        "mean": 1.44989824295,
        "median": 1.39040899277,
        "min": 0.0377422198653,
        "var": 0.181150332093
    },
    "spectral_spread": {
        "dmean": 282269.34375,
        "dmean2": 421884.15625,
        "dvar": 305293393920,
        "dvar2": 367277539328,
        "max": 40370244,
        "mean": 3246229.25,
        "median": 3104398.5,
        "min": 1524958.875,
        "var": 831881674752
    },
    "spectral_strongpeak": {
        "dmean": 0.827287375927,
        "dmean2": 1.36118113995,
        "dvar": 1.20571672916,
        "dvar2": 2.85715174675,
        "max": 15.6836004257,
        "mean": 1.79130244255,
        "median": 0.980866372585,
        "min": 0,
        "var": 4.02710580826
    },
    "zerocrossingrate": {
        "dmean": 0.00554145034403,
        "dmean2": 0.00691422121599,
        "dvar": 7.31426116545e-05,
        "dvar2": 9.77464151219e-05,
        "max": 0.52734375,
        "mean": 0.0513919405639,
        "median": 0.04931640625,
        "min": 0,
        "var": 0.000338018930051
    },
    "barkbands": {
        "dmean": [1.60882063938e-05, 0.000463102041977, 0.000560702581424, 0.00114489148837, 0.00171817408409, 0.00129784329329, 0.000969665998127, 0.000965703336988, 0.000965144077782, 0.00184875144623, 0.00135117862374, 0.000610212096944, 0.000282688066363, 0.000444526871433, 0.000278519204585, 0.000268594856607, 0.000245371309575, 0.000156875190441, 0.000149327563122, 8.62843808136e-05, 5.53864192625e-05, 2.38863722188e-05, 1.71143201442e-05, 8.38200321596e-06, 2.85674263978e-06, 6.92852779594e-08, 4.86882756334e-09],
        "dmean2": [2.69490501523e-05, 0.00074815651169, 0.000925558328163, 0.00192285655066, 0.00281049124897, 0.00203217612579, 0.00149752269499, 0.00148090370931, 0.0015117310686, 0.00290074874647, 0.00210063136183, 0.000974506430794, 0.000445841404144, 0.000707747763954, 0.000447759783128, 0.00041956017958, 0.000365493557183, 0.000237819418544, 0.000228684060858, 0.000130955202621, 8.22205402073e-05, 3.55828415195e-05, 2.47066345764e-05, 1.2374041944e-05, 4.20023889092e-06, 1.14894753267e-07, 8.74914540816e-09],
        "dvar": [6.92009560765e-10, 6.37290611394e-07, 1.06356799279e-06, 4.64481536255e-06, 7.61250430514e-06, 7.7565682659e-06, 6.51413392916e-06, 4.17610135628e-06, 6.67922950015e-06, 1.90162336366e-05, 1.43550205394e-05, 1.53284111093e-06, 2.89569868528e-07, 9.62721742326e-07, 3.68156264585e-07, 4.79280174659e-07, 4.03270831839e-07, 1.1442909198e-07, 6.39476027686e-08, 1.73254584013e-08, 9.09439101804e-09, 2.17521956003e-09, 1.42195244468e-09, 2.85226287033e-10, 3.49234009767e-11, 1.48293344564e-14, 3.70121078349e-16],
        "dvar2": [1.87051862888e-09, 1.66890083619e-06, 2.86928138848e-06, 1.2933997823e-05, 2.02449973585e-05, 1.8227230612e-05, 1.31012193378e-05, 1.08280019049e-05, 1.64777120517e-05, 4.81262068206e-05, 3.39739781339e-05, 3.92470656152e-06, 6.63929768052e-07, 2.44078751166e-06, 8.47396620429e-07, 1.09344853172e-06, 7.92716775777e-07, 2.24466774057e-07, 1.35251312372e-07, 3.74320201502e-08, 1.89997777511e-08, 4.77067585436e-09, 2.75932232618e-09, 5.78425696229e-10, 7.06653832672e-11, 3.83847040795e-14, 1.0394462221e-15],
        "max": [0.000361603219062, 0.0107922879979, 0.0167054571211, 0.0302154775709, 0.0456430539489, 0.110144719481, 0.126531139016, 0.0533001422882, 0.0640820488334, 0.0922234654427, 0.0964105501771, 0.0308420490474, 0.009800712578, 0.0246505495161, 0.0153570687398, 0.016124272719, 0.0218201782554, 0.0116942413151, 0.00695085991174, 0.00333554716781, 0.00178487342782, 0.00129165139515, 0.00138841522858, 0.000518404471222, 0.000161172589287, 2.67502105089e-06, 8.20555328573e-07],
        "mean": [2.18928216782e-05, 0.000847891147714, 0.00092118838802, 0.00146531208884, 0.00301631353796, 0.0024279479403, 0.00164263369516, 0.00163036189042, 0.00169527565595, 0.00324958376586, 0.00282218842767, 0.00109733652789, 0.000483161536977, 0.000773202511482, 0.000457015994471, 0.000478296191432, 0.000468365673441, 0.000328612426529, 0.000341978709912, 0.000197314613615, 0.000128765736008, 5.43349524378e-05, 3.58331562893e-05, 1.74538254214e-05, 5.50143840883e-06, 8.59445350443e-08, 4.03920763503e-09],
        "median": [8.89365128387e-06, 0.000451069732662, 0.000380446668714, 0.000598061189521, 0.00192006409634, 0.00142424285877, 0.000786207674537, 0.000713957822882, 0.000569618132431, 0.00084107654402, 0.000397558324039, 0.00038969371235, 0.000205040123546, 0.000280248204945, 0.000210282116313, 0.000174466375029, 0.000165060759173, 0.000161288800882, 0.000188361300388, 0.000123650039313, 8.18205444375e-05, 2.85875175905e-05, 1.48154394992e-05, 7.76708111516e-06, 2.02723322218e-06, 3.9399147056e-08, 5.25998022916e-10],
        "min": [2.78032700759e-23, 2.97221584506e-23, 1.58704898624e-23, 7.82517990226e-24, 1.80898916435e-23, 3.87097264744e-23, 7.97809554003e-23, 1.64409656701e-22, 4.94417783486e-23, 6.0305847673e-23, 3.3096072366e-23, 3.56496372043e-23, 7.13742856144e-23, 1.3000085668e-22, 1.23770483737e-22, 2.10911681777e-22, 2.15692065267e-22, 3.12085465765e-22, 2.57437120245e-22, 2.64559739048e-22, 5.37292884867e-22, 4.43566465317e-22, 4.4148382204e-22, 8.13550812672e-22, 1.10687883219e-21, 1.32901862997e-21, 2.64411816899e-21],
        "var": [1.00385710855e-09, 1.16208707368e-06, 2.07768721339e-06, 5.88821330894e-06, 1.23915360746e-05, 1.31013566715e-05, 1.27834082377e-05, 8.64689081936e-06, 1.82977437362e-05, 4.94494779559e-05, 6.86077619321e-05, 4.20819515057e-06, 6.73440638366e-07, 2.22855987886e-06, 6.7108857138e-07, 1.11101405764e-06, 1.24927271372e-06, 3.78233409037e-07, 2.09157178688e-07, 5.30306287772e-08, 2.41002471313e-08, 5.34053112844e-09, 3.29247118458e-09, 6.78860634373e-10, 7.26901247528e-11, 1.88567101522e-14, 2.6594049923e-16]
    },
    "erbbands": {
        "dmean": [0.0102735282853, 0.119394078851, 0.519527971745, 1.97529363632, 6.59604358673, 5.38860368729, 8.48970317841, 10.9195156097, 13.4746837616, 16.7586994171, 20.9538459778, 18.9044094086, 50.0465393066, 54.1863746643, 46.3745384216, 27.8512973785, 13.5374231339, 21.8766975403, 14.5039873123, 15.1674880981, 10.819732666, 12.4059171677, 7.26335859299, 9.28251552582, 5.63478565216, 4.35861206055, 2.89659547806, 1.67062783241, 0.92661178112, 0.696996748447, 0.402539879084, 0.228897407651, 0.129042208195, 0.0514716096222, 0.0100833745673, 0.000840377644636, 6.71009111102e-05, 1.02668564068e-05, 4.17352339355e-06, 7.7644308476e-06],
        "dmean2": [0.0167974084616, 0.192702785134, 0.850373208523, 3.29043912888, 11.0254478455, 8.87559223175, 13.2848072052, 17.3434352875, 20.4520072937, 26.0872440338, 32.0204620361, 29.3967761993, 78.68359375, 84.8452758789, 70.6161575317, 43.9110450745, 20.9070701599, 34.6164016724, 23.1487789154, 23.6993045807, 16.5209503174, 17.7306652069, 10.7775306702, 13.9466705322, 8.56249427795, 6.56040525436, 4.27963495255, 2.46331524849, 1.37692046165, 1.01796197891, 0.590858638287, 0.336288362741, 0.191526949406, 0.0755008161068, 0.0149675253779, 0.00132178876083, 0.000109168569907, 1.68195965671e-05, 6.18660942564e-06, 1.1516084669e-05],
        "dvar": [0.000263583642663, 0.0446175299585, 0.875398755074, 10.4046239853, 165.552078247, 64.7188186646, 260.379455566, 843.381774902, 1482.29064941, 1569.78222656, 2614.66210938, 2081.99584961, 16128.4394531, 22290.671875, 18919.2480469, 3355.89160156, 584.625549316, 2494.35546875, 773.094787598, 1267.2857666, 631.29119873, 1459.05566406, 188.25138855, 359.519561768, 74.94896698, 52.8615074158, 22.1250686646, 9.41607952118, 3.11536240578, 2.34350633621, 0.792957127094, 0.203758582473, 0.0781049281359, 0.0109990993515, 0.000447920087026, 2.17214778786e-06, 2.18950440001e-08, 7.86371912032e-10, 3.42748260329e-11, 7.90996920741e-11],
        "dvar2": [0.000701959535945, 0.114379033446, 2.3416185379, 28.3051776886, 461.778869629, 173.971862793, 613.806274414, 2031.42749023, 2634.96337891, 3871.91259766, 6885.63232422, 5079.44238281, 42251.84375, 55061.046875, 43114.0039062, 8715.61132812, 1332.53771973, 6349.99121094, 1927.21362305, 2850.23828125, 1365.0645752, 2832.5715332, 348.887817383, 706.642272949, 171.389053345, 111.184364319, 46.4525718689, 20.1685314178, 6.9301071167, 4.8360209465, 1.59478545189, 0.387526422739, 0.168703168631, 0.0227892808616, 0.000943763006944, 4.95534641232e-06, 5.74505598649e-08, 2.15410489446e-09, 8.41979888588e-11, 1.79703488201e-10],
        "max": [0.261142969131, 3.239757061, 15.8174495697, 52.6364860535, 178.201431274, 109.775779724, 742.753173828, 1155.04748535, 2267.94750977, 931.690490723, 1506.53076172, 1302.10083008, 2367.87695312, 4070.25439453, 3727.421875, 1182.89733887, 546.754150391, 1441.03479004, 600.077514648, 1062.95288086, 802.769836426, 1538.01757812, 470.750518799, 502.628570557, 190.063598633, 222.905822754, 95.3873901367, 88.3288345337, 54.8987197876, 53.9795608521, 30.503276825, 13.0055370331, 9.2447977066, 2.34633493423, 0.35078021884, 0.0223480537534, 0.00413628760725, 0.00110291864257, 0.000177370238816, 0.000172228712472],
        "mean": [0.0191457495093, 0.21528249979, 0.91407173872, 3.00931811333, 8.58371257782, 9.37113571167, 14.9820299149, 18.9853954315, 24.0117549896, 28.0493774414, 36.7910766602, 36.1045837402, 88.5975112915, 108.407997131, 99.6090774536, 52.1856422424, 26.9555416107, 40.7598953247, 26.6404323578, 28.7843437195, 21.6586017609, 25.7740840912, 17.4963378906, 20.5763378143, 13.7512025833, 10.2658233643, 6.899725914, 3.81026792526, 2.0856730938, 1.4710829258, 0.877529025078, 0.482387691736, 0.249740973115, 0.0988039597869, 0.0197302941233, 0.00151836604346, 9.94636211544e-05, 1.54233584908e-05, 1.48476374306e-05, 2.94820529234e-05],
        "median": [0.0106628276408, 0.107197418809, 0.447346329689, 1.59595346451, 3.76095342636, 5.84375476837, 8.08216667175, 10.3698387146, 11.1265888214, 12.4457988739, 16.0125255585, 14.9939174652, 25.8242416382, 26.0667800903, 21.8037109375, 20.0780487061, 13.3045759201, 16.4654464722, 12.7339935303, 12.8824386597, 10.2702484131, 9.39470481873, 9.28011894226, 10.3045387268, 8.1385602951, 6.51528358459, 4.49223518372, 2.39532923698, 1.15945672989, 0.651866853237, 0.36337018013, 0.218640878797, 0.104264751077, 0.0374103710055, 0.00709445867687, 0.000726639118511, 4.3387284677e-05, 7.73058127379e-06, 1.33869107231e-05, 2.71121425612e-05],
        "min": [5.84978251788e-22, 7.42961993968e-21, 2.23528968463e-20, 2.17764682816e-20, 6.25251995603e-20, 4.30570482483e-20, 6.87028557935e-20, 3.41166895485e-19, 1.01428349044e-18, 1.7570451516e-18, 3.58288691475e-18, 1.21750708449e-18, 1.8165126134e-18, 2.04009601746e-18, 8.85985812878e-19, 1.6767182627e-18, 2.66997130645e-18, 5.1901728776e-18, 6.79802587277e-18, 7.24201506656e-18, 1.35825918626e-17, 1.53611757634e-17, 1.6927207334e-17, 1.32057424376e-17, 1.23735201592e-17, 1.16258605549e-17, 1.83670905524e-17, 2.22268344046e-17, 1.4098863407e-17, 1.42838855121e-17, 1.41798708588e-17, 1.55680089668e-17, 1.21187973342e-17, 8.31457798064e-18, 1.0716818013e-17, 5.69731772475e-18, 2.40629425131e-18, 1.37969735027e-18, 4.04622272569e-19, 3.3067252614e-20],
        "var": [0.000517373904586, 0.0808179304004, 1.666238904, 16.1892757416, 200.108016968, 117.165084839, 501.734191895, 1165.4552002, 3402.56201172, 2677.83569336, 5618.00830078, 6047.92773438, 37126.6875, 75330.7734375, 85595.4765625, 9214.92480469, 1569.87304688, 6271.30224609, 1849.54138184, 3251.28515625, 1521.95202637, 4590.98193359, 866.537719727, 1152.69604492, 272.789520264, 158.370407104, 64.1073684692, 22.1133460999, 7.15918207169, 5.27244997025, 1.97442352772, 0.522238075733, 0.15488794446, 0.0223411191255, 0.000929095665924, 3.88803755413e-06, 2.70428461846e-08, 7.88945020425e-10, 1.06823563883e-10, 3.75032144229e-10]
    },
    "gfcc": {
        "mean": [-28.8928337097, 135.353775024, -167.648727417, 34.0584564209, -74.6642837524, 4.56927013397, -30.9138793945, -4.14351987839, -19.7073173523, -14.8168115616, -2.36163377762, -16.0285358429, 5.6790060997],
        "cov": [[5171.96386719, 214.157577515, -407.965270996, 254.772567749, -204.22076416, 107.441047668, -77.3053131104, -60.403377533, -68.8686828613, -110.776542664, -1.08062970638, -68.3339996338, -48.8330993652], [214.157577515, 627.423461914, 212.649291992, 25.6228809357, 135.054214478, -75.9171905518, 104.46572113, -19.0121326447, 18.85505867, 16.5048751831, 28.0533924103, -33.0362091064, 0.268299847841], [-407.965270996, 212.649291992, 632.764038086, 160.460830688, -29.1942367554, 135.221923828, -68.7155609131, 18.9920692444, 30.6844615936, 23.7172203064, -3.64320969582, -22.3771686554, -47.8316040039], [254.772567749, 25.6228809357, 160.460830688, 311.064147949, 50.4545021057, 26.3664550781, -59.1456222534, 12.0646533966, 43.9418678284, -5.61462783813, -16.3964824677, 2.22846317291, -18.2038326263], [-204.22076416, 135.054214478, -29.1942367554, 50.4545021057, 296.598693848, -41.4940643311, 126.700927734, 36.315990448, -13.4303646088, 21.4235515594, -1.5154851675, 32.9161911011, 25.6096591949], [107.441047668, -75.9171905518, 135.221923828, 26.3664550781, -41.4940643311, 283.0831604, -11.0765151978, -3.99127960205, 15.023059845, 11.9117860794, 19.6211948395, -21.8411331177, -27.5868167877], [-77.3053131104, 104.46572113, -68.7155609131, -59.1456222534, 126.700927734, -11.0765151978, 232.851974487, 39.1590042114, -24.4138183594, 0.340053886175, 13.9202289581, 12.059589386, 18.8742427826], [-60.403377533, -19.0121326447, 18.9920692444, 12.0646533966, 36.315990448, -3.99127960205, 39.1590042114, 122.579406738, 27.5526390076, 7.56470918655, -8.32739925385, 15.3337564468, 16.5994205475], [-68.8686828613, 18.85505867, 30.6844615936, 43.9418678284, -13.4303646088, 15.023059845, -24.4138183594, 27.5526390076, 113.275779724, 34.058631897, 9.03274726868, 5.31297636032, -8.05170631409], [-110.776542664, 16.5048751831, 23.7172203064, -5.61462783813, 21.4235515594, 11.9117860794, 0.340053886175, 7.56470918655, 34.058631897, 95.7529907227, 36.8461914062, 3.89670133591, -7.42894697189], [-1.08062970638, 28.0533924103, -3.64320969582, -16.3964824677, -1.5154851675, 19.6211948395, 13.9202289581, -8.32739925385, 9.03274726868, 36.8461914062, 80.5861434937, 16.6962299347, 0.944173514843], [-68.3339996338, -33.0362091064, -22.3771686554, 2.22846317291, 32.9161911011, -21.8411331177, 12.059589386, 15.3337564468, 5.31297636032, 3.89670133591, 16.6962299347, 81.7900161743, 30.206281662], [-48.8330993652, 0.268299847841, -47.8316040039, -18.2038326263, 25.6096591949, -27.5868167877, 18.8742427826, 16.5994205475, -8.05170631409, -7.42894697189, 0.944173514843, 30.206281662, 78.0132217407]],
        "icov": [[0.000379230594262, -0.000730042112991, 0.000875381985679, -0.000788460776675, 0.00074346002657, -0.000619536265731, 0.00021137582371, -0.000457200483652, 0.000798860855866, -8.36049002828e-05, 0.00023979137768, -0.000367923552403, 0.00038967753062], [-0.000730042112991, 0.00463980110362, -0.00348872574978, 0.00204017013311, -0.00292370724492, 0.00291006383486, -0.00175956974272, 0.00253231520765, -0.00325203547254, 0.00126657797955, -0.00243833917193, 0.00327391922474, -0.00171334017068], [0.000875381985679, -0.00348872574978, 0.0051559866406, -0.00310975406319, 0.00275634392165, -0.00321192271076, 0.001519263722, -0.00251419050619, 0.00315995444544, -0.00146273744758, 0.00188653031364, -0.00221447646618, 0.00214377790689], [-0.000788460776675, 0.00204017013311, -0.00310975406319, 0.0064131822437, -0.00364208384417, 0.00147645280231, 0.0010050018318, 0.00116707407869, -0.00376258976758, 0.00197320315056, -0.000728983082809, 0.00103415607009, -0.000276553211734], [0.00074346002657, -0.00292370724492, 0.00275634392165, -0.00364208384417, 0.00781275238842, -0.00148140033707, -0.0022082249634, -0.00188450375572, 0.0036266441457, -0.00314115383662, 0.0028395827394, -0.00342893437482, 0.000530693039764], [-0.000619536265731, 0.00291006383486, -0.00321192271076, 0.00147645280231, -0.00148140033707, 0.00612826272845, -0.00146750803106, 0.00166865787469, -0.00248915329576, 0.000847505463753, -0.00263097789139, 0.00274653360248, -0.000577036989853], [0.00021137582371, -0.00175956974272, 0.001519263722, 0.0010050018318, -0.0022082249634, -0.00146750803106, 0.00768910860643, -0.00291883968748, 0.001795419259, 0.00091629155213, -0.000956272357143, -0.000473363063065, 0.000738536182325], [-0.000457200483652, 0.00253231520765, -0.00251419050619, 0.00116707407869, -0.00188450375572, 0.00166865787469, -0.00291883968748, 0.0115633970127, -0.00469039240852, 0.000126041020849, 0.000882336811628, 0.000541042885743, -0.00280188536271], [0.000798860855866, -0.00325203547254, 0.00315995444544, -0.00376258976758, 0.0036266441457, -0.00248915329576, 0.001795419259, -0.00469039240852, 0.0144658936188, -0.00517925806344, 0.00175461557228, -0.00306262238882, 0.00222800252959], [-8.36049002828e-05, 0.00126657797955, -0.00146273744758, 0.00197320315056, -0.00314115383662, 0.000847505463753, 0.00091629155213, 0.000126041020849, -0.00517925806344, 0.0159712340683, -0.00769628351554, 0.00215849000961, 0.0008329852717], [0.00023979137768, -0.00243833917193, 0.00188653031364, -0.000728983082809, 0.0028395827394, -0.00263097789139, -0.000956272357143, 0.000882336811628, 0.00175461557228, -0.00769628351554, 0.0187049712986, -0.00600663851947, 0.00087370921392], [-0.000367923552403, 0.00327391922474, -0.00221447646618, 0.00103415607009, -0.00342893437482, 0.00274653360248, -0.000473363063065, 0.000541042885743, -0.00306262238882, 0.00215849000961, -0.00600663851947, 0.0183811951429, -0.0064166886732], [0.00038967753062, -0.00171334017068, 0.00214377790689, -0.000276553211734, 0.000530693039764, -0.000577036989853, 0.000738536182325, -0.00280188536271, 0.00222800252959, 0.0008329852717, 0.00087370921392, -0.0064166886732, 0.0171404611319]]
    },
    "melbands": {
        "dmean": [0.000109964435978, 0.000217867534957, 0.000505494594108, 0.000408161926316, 0.000267359457212, 0.000248117547017, 0.000203497387702, 0.000178111571586, 0.000169230552274, 0.000131469598273, 0.000254146580119, 0.000223299633944, 0.000186137724086, 7.31768886908e-05, 4.92717736051e-05, 3.15425495501e-05, 4.41535230493e-05, 2.51004203164e-05, 1.94358563022e-05, 2.23410006583e-05, 1.29252657644e-05, 1.44520645335e-05, 1.0660177395e-05, 7.20132766219e-06, 8.64572939463e-06, 5.19664945386e-06, 3.13795453621e-06, 3.19486093758e-06, 2.15689647121e-06, 1.53907865297e-06, 9.1792657031e-07, 6.05459206326e-07, 4.10993294508e-07, 4.20052032268e-07, 2.53820644502e-07, 2.06301265848e-07, 1.28265071453e-07, 1.05083600488e-07, 6.65400534672e-08, 3.94645205404e-08],
        "dmean2": [0.000178421265446, 0.00034961476922, 0.000843786983751, 0.000672562688123, 0.000421315984568, 0.000389541790355, 0.00030920363497, 0.000278296822216, 0.000257529405644, 0.000205610369449, 0.000398690957809, 0.000348098896211, 0.000285980757326, 0.000114483045763, 7.7637268987e-05, 4.95251988468e-05, 7.02291727066e-05, 4.01924517064e-05, 3.06836518575e-05, 3.51057024091e-05, 1.99096703e-05, 2.12342220038e-05, 1.59035171237e-05, 1.07317209768e-05, 1.31502220029e-05, 8.06941443443e-06, 4.84665997647e-06, 4.86400995214e-06, 3.28694909513e-06, 2.35359311773e-06, 1.39343489991e-06, 9.21742469018e-07, 6.17106252321e-07, 6.28344821507e-07, 3.87379685662e-07, 3.09257444542e-07, 1.92884058947e-07, 1.59336110528e-07, 1.00298784389e-07, 5.8850396556e-08],
        "dvar": [3.3418174894e-08, 1.47072782397e-07, 8.17442355583e-07, 4.87909289859e-07, 2.20841172904e-07, 3.64979257483e-07, 2.98445684166e-07, 1.65346548897e-07, 1.8364330856e-07, 1.14027137954e-07, 4.11187528471e-07, 3.85772949585e-07, 3.10714369789e-07, 1.79829218183e-08, 1.16654836901e-08, 4.08750722158e-09, 9.99314941907e-09, 2.52472776019e-09, 1.85869852842e-09, 3.59201712818e-09, 9.58886303692e-10, 1.98208138791e-09, 7.7503992113e-10, 2.33626118451e-10, 3.30482502475e-10, 7.6928026449e-11, 2.17574031708e-11, 3.271730456e-11, 1.16364730351e-11, 9.15749420738e-12, 2.85811500335e-12, 1.34543710808e-12, 7.35089181365e-13, 9.12327505209e-13, 3.5727773821e-13, 1.77960727751e-13, 7.08795747247e-14, 5.66738869105e-14, 2.06473106977e-14, 6.81812309925e-15],
        "dvar2": [8.87008937411e-08, 3.73753863414e-07, 2.27741429626e-06, 1.30842715862e-06, 5.33050183549e-07, 8.43268708195e-07, 5.38644940207e-07, 4.07910107469e-07, 4.88841578772e-07, 2.78203600601e-07, 1.06987852178e-06, 9.51518018155e-07, 7.18986200354e-07, 4.35074873906e-08, 2.89424910704e-08, 1.00557899785e-08, 2.51992808842e-08, 6.30756247233e-09, 4.08422673459e-09, 8.35653679587e-09, 1.90781190845e-09, 3.84716747348e-09, 1.47604439782e-09, 4.36734315379e-10, 6.60895393967e-10, 1.88499937881e-10, 4.97068185223e-11, 6.83555226311e-11, 2.58769082551e-11, 2.130092977e-11, 6.30474318586e-12, 3.11414262433e-12, 1.61124173899e-12, 1.95172285451e-12, 7.58319297113e-13, 3.74473699662e-13, 1.37396252145e-13, 1.25538360089e-13, 4.53457597535e-14, 1.46045640994e-14],
        "max": [0.00274570658803, 0.00659348350018, 0.0111037902534, 0.0116740083322, 0.0217114835978, 0.0251997914165, 0.0298007652164, 0.00934984628111, 0.0125267021358, 0.00813934858888, 0.0120232151821, 0.0171526093036, 0.0158446375281, 0.00292177055962, 0.00406924681738, 0.00173398165498, 0.00279654073529, 0.00101185508538, 0.00123896612786, 0.00138672615867, 0.00129250914324, 0.00174946396146, 0.000894714321475, 0.000671118614264, 0.000492293329444, 0.000172831933014, 9.01998282643e-05, 0.00019815939595, 5.35427498107e-05, 7.00262171449e-05, 5.31897094334e-05, 3.8452733861e-05, 2.53261514445e-05, 3.45524167642e-05, 1.99642181542e-05, 1.1991230167e-05, 1.023893401e-05, 8.25784809422e-06, 3.85436669603e-06, 1.54151962306e-06],
        "mean": [0.000204616153496, 0.000418837036705, 0.000719245115761, 0.000649826019071, 0.000495492073242, 0.000448778417194, 0.00036189579987, 0.000299519131659, 0.000291078729788, 0.000238538297708, 0.000438820716226, 0.00042165236664, 0.000397395138862, 0.000130414700834, 9.17276192922e-05, 5.63835274079e-05, 7.77187669883e-05, 4.29312894994e-05, 3.35926088155e-05, 3.98426163883e-05, 2.27795717365e-05, 2.73227669823e-05, 2.0460171072e-05, 1.49204852278e-05, 1.72908003151e-05, 1.1106591046e-05, 7.09278947397e-06, 6.76564832247e-06, 4.55449753645e-06, 3.14453473038e-06, 1.87647583516e-06, 1.25029259834e-06, 8.48481988669e-07, 7.91387151367e-07, 5.13096154009e-07, 3.97898617166e-07, 2.51850622135e-07, 1.90186028703e-07, 1.19375414442e-07, 7.0888773962e-08],
        "median": [0.000115156755783, 0.000220156885916, 0.00036319825449, 0.000373591377866, 0.000294901197776, 0.000250279437751, 0.000174714339664, 0.000135088164825, 0.000120918048196, 8.53649908095e-05, 0.000119073403766, 9.16955395951e-05, 6.10476708971e-05, 5.30126635567e-05, 3.30212715198e-05, 2.40067711275e-05, 2.83421504719e-05, 1.75331060746e-05, 1.6336551198e-05, 1.37936513056e-05, 9.57707379712e-06, 8.93919786904e-06, 7.56598183216e-06, 7.47221929487e-06, 7.53119820729e-06, 5.66877224628e-06, 4.48533501185e-06, 3.96902623834e-06, 2.70804071079e-06, 1.90852574633e-06, 1.07856533305e-06, 6.71301961574e-07, 3.93677851207e-07, 3.27485849994e-07, 1.93679824179e-07, 1.68128764244e-07, 1.11722521012e-07, 7.41144958738e-08, 4.6522437458e-08, 2.42042030862e-08],
        "min": [7.92908234981e-24, 1.18893920748e-23, 4.98177534004e-24, 4.22376875697e-24, 2.117473458e-24, 8.40678732616e-24, 1.65609230148e-23, 2.36309737041e-23, 2.5836777101e-23, 7.07657378018e-24, 8.88534032798e-24, 8.29872758164e-24, 3.45001887682e-24, 3.24742085813e-24, 3.5682896369e-24, 8.94272680339e-24, 9.54024476289e-24, 1.16773715071e-23, 1.07412373706e-23, 1.02654509039e-23, 1.59849882896e-23, 1.72993441537e-23, 1.44309465058e-23, 1.21923501612e-23, 1.06917260936e-23, 1.00497834322e-23, 8.1961346432e-24, 7.73582168323e-24, 1.03272833994e-23, 1.39198356367e-23, 1.23858072541e-23, 8.37513033804e-24, 7.38428080917e-24, 7.36639259928e-24, 7.50557763968e-24, 8.73211435234e-24, 1.08194308412e-23, 9.10605414293e-24, 7.44071591833e-24, 6.48872607209e-24],
        "var": [6.18130542307e-08, 3.05085535501e-07, 1.08243921204e-06, 7.21923470337e-07, 4.37561254785e-07, 5.79072548135e-07, 6.75823798701e-07, 2.8781315109e-07, 3.85182119089e-07, 3.34688991188e-07, 9.53197115905e-07, 1.25947997276e-06, 1.54243173256e-06, 4.70215013593e-08, 3.09375316476e-08, 9.7653201081e-09, 2.39935022961e-08, 5.80001779937e-09, 3.61494034706e-09, 9.06278874169e-09, 2.36543806764e-09, 5.714418716e-09, 2.55227261547e-09, 8.26927415432e-10, 9.61491664064e-10, 2.20772358728e-10, 6.83176640259e-11, 8.69571012418e-11, 3.11682103737e-11, 1.70859160153e-11, 6.25664450804e-12, 2.78652860335e-12, 1.67448303487e-12, 1.77482399437e-12, 7.99286201461e-13, 3.88235071262e-13, 1.661747183e-13, 1.05442489863e-13, 3.71631165511e-14, 1.29010622579e-14]
    },
    "mfcc": {
        "mean": [-645.990661621, 142.586532593, -28.5581760406, 19.6201572418, -16.288936615, -1.2709223032, -2.29531240463, -0.991712033749, -5.96893692017, -1.77437961102, -8.52314853668, -3.6229660511, -5.53161048889],
        "cov": [[3295.8347168, -315.01473999, -27.6979217529, 30.5690517426, 26.8504505157, 98.4966201782, 8.11850261688, 56.5794830322, -57.6272468567, 7.80552482605, -36.7270240784, -37.6362686157, -2.50326490402], [-315.01473999, 720.915466309, 4.50066661835, 150.845428467, -3.72212767601, 5.59639453888, 106.15019989, -4.36541986465, 30.9470310211, 37.0356025696, 15.8960800171, 18.5731754303, 23.8993358612], [-27.6979217529, 4.50066661835, 701.04675293, -40.7776985168, 117.847595215, 94.8293228149, -77.8151092529, 7.25010538101, -34.703754425, 26.735584259, 63.3968429565, 26.1584281921, -10.9672603607], [30.5690517426, 150.845428467, -40.7776985168, 361.709899902, 75.1898040771, -35.6417007446, 20.3107509613, 13.2643346786, 60.6758842468, -31.9753456116, -14.3879556656, 41.6234054565, 9.44113922119], [26.8504505157, -3.72212767601, 117.847595215, 75.1898040771, 185.770996094, 48.5189323425, -17.2559814453, 11.2903623581, 19.8942432404, 1.41682600975, 13.9746809006, 24.8109874725, 8.1856098175], [98.4966201782, 5.59639453888, 94.8293228149, -35.6417007446, 48.5189323425, 181.411956787, 38.7149391174, 16.075504303, -21.273891449, 30.4014110565, 29.7560901642, -10.989944458, 16.9668884277], [8.11850261688, 106.15019989, -77.8151092529, 20.3107509613, -17.2559814453, 38.7149391174, 196.274688721, 38.1431350708, 20.3277893066, 25.5183868408, -14.398516655, -14.0704603195, 15.2426595688], [56.5794830322, -4.36541986465, 7.25010538101, 13.2643346786, 11.2903623581, 16.075504303, 38.1431350708, 111.674110413, 40.3381729126, 4.3797326088, -1.69654071331, -6.18445968628, 10.4445734024], [-57.6272468567, 30.9470310211, -34.703754425, 60.6758842468, 19.8942432404, -21.273891449, 20.3277893066, 40.3381729126, 110.635864258, 12.1318292618, -5.75941467285, 9.8556098938, 3.808552742], [7.80552482605, 37.0356025696, 26.735584259, -31.9753456116, 1.41682600975, 30.4014110565, 25.5183868408, 4.3797326088, 12.1318292618, 88.3138122559, 33.9003334045, 1.80842006207, -0.437655448914], [-36.7270240784, 15.8960800171, 63.3968429565, -14.3879556656, 13.9746809006, 29.7560901642, -14.398516655, -1.69654071331, -5.75941467285, 33.9003334045, 97.8970031738, 36.0582046509, 1.20046687126], [-37.6362686157, 18.5731754303, 26.1584281921, 41.6234054565, 24.8109874725, -10.989944458, -14.0704603195, -6.18445968628, 9.8556098938, 1.80842006207, 36.0582046509, 85.7495880127, 29.0358009338], [-2.50326490402, 23.8993358612, -10.9672603607, 9.44113922119, 8.1856098175, 16.9668884277, 15.2426595688, 10.4445734024, 3.808552742, -0.437655448914, 1.20046687126, 29.0358009338, 83.6506652832]],
