{
"lowlevel": {
    "average_loudness": 0.903908073902,
    "barkbands_crest": {
        "dmean": 2.70074796677,
        "dmean2": 4.42097091675,
        "dvar": 5.38130950928,
        "dvar2": 13.583571434,
        "max": 26.172454834,
        "mean": 11.3076677322,
        "median": 10.5455713272,
        "min": 3.33517146111,
        "var": 17.2239074707
    },
    "barkbands_flatness_db": {
        "dmean": 0.0193826351315,
        "dmean2": 0.0307341404259,
        "dvar": 0.000289450399578,
        "dvar2": 0.000711559026968,
        "max": 0.374110400677,
        "mean": 0.169836521149,
        "median": 0.166752174497,
        "min": 0.039751496166,
        "var": 0.00161252508406
    },
    "barkbands_kurtosis": {
        "dmean": 4.29624652863,
        "dmean2": 6.75826215744,
        "dvar": 53.4963760376,
        "dvar2": 119.343330383,
        "max": 437.701568604,
        "mean": 9.33498668671,
        "median": 5.82851409912,
        "min": -1.94229876995,
        "var": 171.000579834
    },
    "barkbands_skewness": {
        "dmean": 0.557682931423,
        "dmean2": 0.864606499672,
        "dvar": 0.308952748775,
        "dvar2": 0.732010304928,
        "max": 18.0591506958,
        "mean": 2.31506538391,
        "median": 2.15413665771,
        "min": -1.70477414131,
        "var": 1.5655258894
    },
    "barkbands_spread": {
        "dmean": 3.4971268177,
        "dmean2": 5.33674526215,
        "dvar": 29.3328552246,
        "dvar2": 56.2511558533,
        "max": 91.1161651611,
        "mean": 12.9331674576,
        "median": 9.92929935455,
        "min": 0.381310582161,
        "var": 120.800598145
    },
    "dissonance": {
        "dmean": 0.021817849949,
        "dmean2": 0.0362306907773,
        "dvar": 0.000386421976145,
        "dvar2": 0.00102253491059,
        "max": 0.500000059605,
        "mean": 0.450444102287,
        "median": 0.456948727369,
        "min": 0.217390686274,
        "var": 0.000989173655398
    },
    "dynamic_complexity": 2.99629068375,
    "erbbands_crest": {
        "dmean": 2.56404995918,
        "dmean2": 4.11380624771,
        "dvar": 5.33456468582,
        "dvar2": 13.1710824966,
        "max": 28.9349117279,
        "mean": 9.37919330597,
        "median": 8.61185264587,
        "min": 2.34879279137,
        "var": 14.7586975098
    },
    "erbbands_flatness_db": {
        "dmean": 0.0136473160237,
        "dmean2": 0.0203914642334,
        "dvar": 0.000161321659107,
        "dvar2": 0.000327841116814,
        "max": 0.32549905777,
        "mean": 0.181962996721,
        "median": 0.18147815764,
        "min": 0.0237032677978,
        "var": 0.000983711681329
    },
    "erbbands_kurtosis": {
        "dmean": 1.08300745487,
        "dmean2": 1.68159306049,
        "dvar": 2.88531255722,
        "dvar2": 6.09463834763,
        "max": 76.8158874512,
        "mean": 1.00764846802,
        "median": 0.0776388645172,
        "min": -1.82899713516,
        "var": 9.45607471466
    },
    "erbbands_skewness": {
        "dmean": 0.373954892159,
        "dmean2": 0.565612375736,
        "dvar": 0.118178844452,
        "dvar2": 0.254401892424,
        "max": 7.74721622467,
        "mean": 0.823877334595,
        "median": 0.771727919579,
        "min": -3.79485917091,
        "var": 0.68764102459
    },
    "erbbands_spread": {
        "dmean": 6.73302316666,
        "dmean2": 10.1272230148,
        "dvar": 63.4931945801,
        "dvar2": 130.813415527,
        "max": 135.222229004,
        "mean": 35.2629737854,
        "median": 32.015083313,
        "min": 3.53900766373,
        "var": 283.026092529
    },
    "hfc": {
        "dmean": 3.56035614014,
        "dmean2": 4.90980005264,
        "dvar": 33.112865448,
        "dvar2": 60.3127861023,
        "max": 133.540908813,
        "mean": 11.9248933792,
        "median": 7.74311971664,
        "min": 3.03069043639e-07,
        "var": 146.61555481
    },
    "melbands_crest": {
        "dmean": 3.16807341576,
        "dmean2": 5.23329210281,
        "dvar": 7.31288862228,
        "dvar2": 19.7327766418,
        "max": 35.781211853,
        "mean": 13.9293613434,
        "median": 13.3577651978,
        "min": 4.47190523148,
        "var": 18.1141834259
    },
    "melbands_flatness_db": {
        "dmean": 0.0229572840035,
        "dmean2": 0.0358128510416,
        "dvar": 0.000434373767348,
        "dvar2": 0.00103578460403,
        "max": 0.451890558004,
        "mean": 0.234411612153,
        "median": 0.233775615692,
        "min": 0.0277457553893,
        "var": 0.00305790966377
    },
    "melbands_kurtosis": {
        "dmean": 7.24082803726,
        "dmean2": 11.4153299332,
        "dvar": 104.112617493,
        "dvar2": 252.648468018,
        "max": 288.914306641,
        "mean": 18.1594295502,
        "median": 12.3310585022,
        "min": -1.65398585796,
        "var": 418.046630859
    },
    "melbands_skewness": {
        "dmean": 0.655755400658,
        "dmean2": 1.01792991161,
        "dvar": 0.420563280582,
        "dvar2": 1.02097821236,
        "max": 11.6610965729,
        "mean": 3.03123521805,
        "median": 2.82010364532,
        "min": -0.224623918533,
        "var": 1.98902738094
    },
    "melbands_spread": {
        "dmean": 4.19941043854,
        "dmean2": 6.47799539566,
        "dvar": 61.2501487732,
        "dvar2": 125.04058075,
        "max": 205.289215088,
        "mean": 13.6209754944,
        "median": 10.2303571701,
        "min": 0.474822849035,
        "var": 176.716049194
    },
    "pitch_salience": {
        "dmean": 0.0709219872952,
        "dmean2": 0.116744421422,
        "dvar": 0.00364331528544,
        "dvar2": 0.00960513483733,
        "max": 0.850205421448,
        "mean": 0.579157590866,
        "median": 0.586485445499,
        "min": 0.0743033215404,
        "var": 0.00986162666231
    },
    "silence_rate_20dB": {
        "dmean": 0,
        "dmean2": 0,
        "dvar": 0,
        "dvar2": 0,
        "max": 1,
        "mean": 1,
        "median": 1,
        "min": 1,
        "var": 0
    },
    "silence_rate_30dB": {
        "dmean": 0.00302280834876,
        "dmean2": 0.00604644790292,
        "dvar": 0.0030137966387,
        "dvar2": 0.00793433189392,
        "max": 1,
        "mean": 0.99780189991,
        "median": 1,
        "min": 0,
        "var": 0.00219325325452
    },
    "silence_rate_60dB": {
        "dmean": 0.0134652378038,
        "dmean2": 0.0269341766834,
        "dvar": 0.0132855819538,
        "dvar2": 0.0297869406641,
        "max": 1,
        "mean": 0.0478087663651,
        "median": 0,
        "min": 0,
        "var": 0.0455260686576
    },
    "spectral_centroid": {
        "dmean": 165.04977417,
        "dmean2": 253.616836548,
        "dvar": 65191.2226562,
        "dvar2": 119521.914062,
        "max": 10893.234375,
        "mean": 809.397827148,
        "median": 660.530517578,
        "min": 223.527542114,
        "var": 253155.5625
    },
    "spectral_complexity": {
        "dmean": 2.23852705956,
        "dmean2": 3.56231975555,
        "dvar": 4.89095115662,
        "dvar2": 10.7413825989,
        "max": 43,
        "mean": 13.7314195633,
        "median": 13,
        "min": 0,
        "var": 38.8037071228
    },
    "spectral_decrease": {
        "dmean": 1.88573623383e-09,
        "dmean2": 2.83358136954e-09,
        "dvar": 6.43177594013e-18,
        "dvar2": 1.4021674221e-17,
        "max": -1.08430705899e-17,
        "mean": -5.39406252997e-09,
        "median": -4.21627888159e-09,
        "min": -3.8337717001e-08,
        "var": 1.93051348737e-17
    },
    "spectral_energy": {
        "dmean": 0.00737341865897,
        "dmean2": 0.0110355764627,
        "dvar": 9.8432523373e-05,
        "dvar2": 0.000213525127037,
        "max": 0.150522306561,
        "mean": 0.0214400906116,
        "median": 0.0167175177485,
        "min": 1.46708326043e-10,
        "var": 0.000302909989841
    },
    "spectral_energyband_high": {
        "dmean": 0.000128569561639,
        "dmean2": 0.000172409447259,
        "dvar": 1.95609530351e-07,
        "dvar2": 3.44161151133e-07,
        "max": 0.016634164378,
        "mean": 0.000280038337223,
        "median": 8.59972278704e-05,
        "min": 2.19902290821e-11,
        "var": 4.77512116959e-07
    },
    "spectral_energyband_low": {
        "dmean": 0.00167318934109,
        "dmean2": 0.00272337323986,
        "dvar": 9.0079884103e-06,
        "dvar2": 2.37277163251e-05,
        "max": 0.0448688156903,
        "mean": 0.00303843198344,
        "median": 0.00167402601801,
        "min": 1.00787531532e-12,
        "var": 1.62823434948e-05
    },
    "spectral_energyband_middle_high": {
        "dmean": 0.000854706042446,
        "dmean2": 0.00119726569392,
        "dvar": 2.63753258878e-06,
        "dvar2": 4.36013033323e-06,
        "max": 0.0517631918192,
        "mean": 0.00264207390137,
        "median": 0.00145715789404,
        "min": 4.7748428475e-12,
        "var": 1.36361459226e-05
    },
    "spectral_energyband_middle_low": {
        "dmean": 0.00652499357238,
        "dmean2": 0.0099322879687,
        "dvar": 8.30979988677e-05,
        "dvar2": 0.000184809920029,
        "max": 0.146675020456,
        "mean": 0.0165230240673,
        "median": 0.0122039569542,
        "min": 1.28871704974e-11,
        "var": 0.000223538547289
    },
    "spectral_entropy": {
        "dmean": 0.1690620929,
        "dmean2": 0.257820606232,
        "dvar": 0.027335818857,
        "dvar2": 0.0577745474875,
        "max": 9.79227828979,
        "mean": 7.17410898209,
        "median": 7.18839263916,
        "min": 5.16467380524,
        "var": 0.163537368178
    },
    "spectral_flux": {
        "dmean": 0.0197123158723,
        "dmean2": 0.0315838232636,
        "dvar": 0.00047566802823,
        "dvar2": 0.00107647606637,
        "max": 0.31039211154,
        "mean": 0.0671934112906,
        "median": 0.0604339055717,
        "min": 1.25304686662e-05,
        "var": 0.00129621883389
    },
    "spectral_kurtosis": {
        "dmean": 1.89729011059,
        "dmean2": 3.20105409622,
        "dvar": 3.51603770256,
        "dvar2": 9.60196876526,
        "max": 28.8649177551,
        "mean": 6.02192544937,
        "median": 5.32665729523,
        "min": -1.27317512035,
        "var": 14.5298986435
    },
    "spectral_rms": {
        "dmean": 0.000736177782528,
        "dmean2": 0.00108748406637,
        "dvar": 6.08909999755e-07,
        "dvar2": 1.23706399791e-06,
        "max": 0.0121182110161,
        "mean": 0.00423377053812,
        "median": 0.00403853598982,
        "min": 3.78325353267e-07,
        "var": 2.99232351608e-06
    },
    "spectral_rolloff": {
        "dmean": 301.413482666,
        "dmean2": 502.418273926,
        "dvar": 536164.0625,
        "dvar2": 1055335.375,
        "max": 16322.1679688,
        "mean": 941.51751709,
        "median": 581.396484375,
        "min": 21.533203125,
        "var": 1248879.375
    },
    "spectral_skewness": {
        "dmean": 0.245260179043,
        "dmean2": 0.392132848501,
        "dvar": 0.0596439912915,
        "dvar2": 0.134100496769,
        "max": 4.09492540359,
        "mean": 1.86744761467,
        "median": 1.82410025597,
        "min": -0.236574873328,
        "var": 0.392574042082
    },
    "spectral_spread": {
        "dmean": 337189.4375,
        "dmean2": 504475.84375,
        "dvar": 374292316160,
        "dvar2": 480722649088,
        "max": 42229240,
        "mean": 4047871.25,
        "median": 3787243.25,
        "min": 2094965.5,
        "var": 1.40079162982e+12
    },
    "spectral_strongpeak": {
        "dmean": 0.415443837643,
        "dmean2": 0.673074007034,
        "dvar": 0.339539349079,
        "dvar2": 0.803521990776,
        "max": 12.6821403503,
        "mean": 0.828665792942,
        "median": 0.55151361227,
        "min": 0,
        "var": 0.826747834682
    },
    "zerocrossingrate": {
        "dmean": 0.00692120892927,
        "dmean2": 0.00836110301316,
        "dvar": 0.000132220506202,
        "dvar2": 0.000144851102959,
        "max": 0.39208984375,
        "mean": 0.0411102101207,
        "median": 0.03466796875,
        "min": 0.01025390625,
        "var": 0.000786419550423
    },
    "barkbands": {
        "dmean": [1.62833184731e-05, 0.000444839824922, 0.000916383520234, 0.0014567199396, 0.00368103547953, 0.001571585075, 0.00114649685565, 0.00102415843867, 0.000467631645733, 0.000230702615227, 0.000218060740735, 0.000141258336953, 0.000165125748026, 0.000173741267645, 0.000163246804732, 0.000122441997519, 0.000160861745826, 7.35350186005e-05, 9.4646398793e-05, 5.78919025429e-05, 3.0100440199e-05, 3.22581036016e-05, 3.31464070769e-05, 2.96509588225e-05, 5.12538144903e-06, 1.70593864368e-07, 1.57840496229e-08],
        "dmean2": [2.49652748607e-05, 0.000720041978639, 0.00152876891661, 0.0023691484239, 0.00588175142184, 0.00249706977047, 0.00170246919151, 0.00153445568867, 0.000731761450879, 0.000337301986292, 0.000340447615599, 0.000219634894165, 0.000270268908935, 0.000260171713307, 0.000252412137343, 0.000193317318917, 0.000242579582846, 0.000112459871161, 0.000138665855047, 8.90205046744e-05, 4.49516373919e-05, 4.59054645034e-05, 4.8502421123e-05, 4.07038169215e-05, 7.45452098272e-06, 2.91423475574e-07, 2.65712500891e-08],
        "dvar": [1.96367100358e-09, 1.14152226161e-06, 3.7985741983e-06, 1.02737121779e-05, 2.82408927887e-05, 1.12008801807e-05, 1.16789587992e-05, 7.61111414249e-06, 5.53180097995e-06, 5.62657248793e-07, 4.83785584038e-07, 1.18171307406e-07, 2.53790204852e-07, 3.95923251517e-07, 2.06091428367e-07, 1.38076615031e-07, 1.71796131099e-07, 7.23487190157e-08, 7.74847777052e-08, 1.99514076371e-08, 5.82716896957e-09, 6.08474914898e-09, 3.86815912634e-08, 4.03162658813e-08, 8.06833766465e-10, 2.2309494272e-14, 2.11519730864e-16],
        "dvar2": [4.06393141361e-09, 2.66581628239e-06, 1.03665252027e-05, 2.53937760135e-05, 6.72020178172e-05, 2.60191354755e-05, 2.43852409767e-05, 1.71027750184e-05, 1.36002181534e-05, 8.97921381693e-07, 1.03963520814e-06, 2.64871886202e-07, 6.11851589838e-07, 6.38906726635e-07, 4.44500017238e-07, 3.21071865983e-07, 3.51325695647e-07, 1.50521103137e-07, 1.55838506544e-07, 4.50524666462e-08, 1.14824425523e-08, 1.17150280587e-08, 8.90841747037e-08, 7.23468218666e-08, 1.71356129286e-09, 5.80348825095e-14, 5.65158964193e-16],
        "max": [0.000851755205076, 0.0189557038248, 0.03204241395, 0.0723870024085, 0.121496640146, 0.0943563506007, 0.119190961123, 0.0576252788305, 0.100841239095, 0.0410593226552, 0.0298013947904, 0.0105429040268, 0.0146193346009, 0.0426242351532, 0.0111817661673, 0.0166894365102, 0.00983846746385, 0.0088123884052, 0.00716802990064, 0.00299825938419, 0.00236723851413, 0.00208025984466, 0.00942332670093, 0.00702805770561, 0.000991813838482, 4.4595435611e-06, 1.55683352432e-07],
        "mean": [2.02795163204e-05, 0.0006761426921, 0.00140127539635, 0.00213232287206, 0.00705576455221, 0.0027827040758, 0.00197803322226, 0.00164753873833, 0.000749334867578, 0.000417263887357, 0.000356264266884, 0.000253587466432, 0.000257284176769, 0.000297400722047, 0.00027271831641, 0.000208646801184, 0.00029224640457, 0.000123984413221, 0.000178685892024, 0.000101142868516, 5.69658404856e-05, 6.82217578287e-05, 5.42783309356e-05, 4.61543568235e-05, 1.09506754598e-05, 8.78502703472e-07, 3.3214941908e-08],
        "median": [3.74003047909e-06, 0.000204367417609, 0.000554078433197, 0.00103333522566, 0.00429187668487, 0.00135071296245, 0.000628166482784, 0.00044490917935, 0.000225147203309, 0.000158611859661, 0.000144849036587, 0.000107304993435, 8.07489050203e-05, 9.04313637875e-05, 8.93948308658e-05, 7.14300913387e-05, 7.16715439921e-05, 3.45641456079e-05, 3.60934791388e-05, 3.3827527659e-05, 1.81894192792e-05, 1.64055200003e-05, 1.08669901238e-05, 5.57674047741e-06, 4.21069171352e-06, 8.51904985666e-07, 3.08411642891e-08],
        "min": [1.38691510533e-12, 3.34699336389e-13, 1.67686597572e-13, 1.0180416487e-13, 4.10055480239e-13, 2.15558907529e-12, 1.11799805524e-12, 5.99359808746e-13, 7.90642779112e-13, 7.22175520339e-13, 7.46607040514e-13, 8.07157617654e-13, 2.38207186181e-13, 5.03203381741e-13, 1.45436803876e-13, 2.96178175301e-13, 3.17962995343e-13, 4.03203268299e-13, 3.14579227468e-13, 6.47508088814e-13, 4.07166759076e-13, 4.70653247278e-13, 1.26629967363e-12, 2.93104321196e-12, 4.62115111802e-12, 4.52967004183e-12, 7.69458195077e-12],
        "var": [3.09387271358e-09, 1.83413146715e-06, 5.86019223192e-06, 1.37007054946e-05, 6.83270991431e-05, 2.29831821343e-05, 2.76873597613e-05, 1.49515944941e-05, 6.81696383253e-06, 1.96559813048e-06, 8.39237372929e-07, 2.64594973487e-07, 4.90790455387e-07, 1.34433810217e-06, 4.69057710006e-07, 2.198992064e-07, 4.57923846398e-07, 1.27370654468e-07, 1.89355375824e-07, 3.97882438108e-08, 1.41996361336e-08, 1.93069507048e-08, 5.35985975603e-08, 7.56885043529e-08, 1.70349434558e-09, 4.17250191646e-14, 4.16840133467e-16]
    },
    "erbbands": {
        "dmean": [0.0106705445796, 0.119644723833, 0.80630081892, 2.97499370575, 7.20801401138, 14.619307518, 16.2407913208, 13.1765737534, 14.9483585358, 18.3699493408, 19.36652565, 12.9156579971, 7.092856884, 6.00228500366, 9.11008262634, 6.49706745148, 7.92010164261, 7.7558221817, 9.21245861053, 6.5296049118, 6.50146245956, 7.13988924026, 4.26786422729, 2.71306300163, 5.50651597977, 2.39228153229, 1.5802937746, 1.099137187, 1.18797802925, 0.966321229935, 0.937041699886, 0.782022476196, 0.44805970788, 0.100193418562, 0.0206604227424, 0.00173377641477, 0.000172488202224, 1.56827336468e-05, 5.73750048716e-06, 8.35680930322e-06],
        "dmean2": [0.0154035873711, 0.194264411926, 1.3387362957, 4.87939214706, 11.8749322891, 23.0794010162, 25.8015594482, 20.9024925232, 22.170135498, 27.5330638885, 28.9116020203, 20.3061466217, 10.3886470795, 9.10711765289, 14.1594676971, 10.0103473663, 12.8290205002, 11.4437646866, 14.263171196, 10.2255039215, 9.92220687866, 10.8574304581, 6.29528808594, 4.01170396805, 8.06836414337, 3.62209939957, 2.38645195961, 1.65092015266, 1.68788099289, 1.40031027794, 1.35176122189, 1.1142115593, 0.615930855274, 0.141187340021, 0.0302414167672, 0.00273027038202, 0.000284977955744, 2.51214078162e-05, 9.01963358046e-06, 1.24153975776e-05],
        "dvar": [0.000873782148119, 0.0790296196938, 2.71716809273, 33.2417984009, 182.309051514, 516.039001465, 707.464111328, 1002.57824707, 2266.12817383, 2673.00219727, 3182.10644531, 5048.70751953, 803.726379395, 222.584976196, 809.489562988, 269.877563477, 473.886169434, 1009.5291748, 655.749694824, 278.281402588, 478.455688477, 311.249633789, 185.465911865, 48.418510437, 288.472717285, 30.3449172974, 18.0296707153, 6.6855096817, 8.70797157288, 7.20940351486, 31.6429271698, 33.8815231323, 10.0322551727, 0.321071326733, 0.0141943190247, 1.76129833562e-05, 4.83880420177e-08, 6.97762236879e-10, 4.36587398178e-11, 1.23387702833e-10],
        "dvar2": [0.00164499576204, 0.19319409132, 7.33446979523, 86.1637039185, 483.369781494, 1168.93969727, 1760.04699707, 2444.18603516, 4458.77978516, 5916.95849609, 7170.0546875, 12524.6337891, 1399.58349609, 457.407104492, 1725.2532959, 597.87286377, 1107.93530273, 1418.37658691, 1417.23339844, 646.773071289, 1110.25756836, 645.539428711, 354.973022461, 95.5385055542, 584.178466797, 67.0758666992, 36.2681655884, 13.3186254501, 17.0256614685, 14.904706955, 70.4495391846, 70.6526870728, 20.7423839569, 0.611950457096, 0.0314504615963, 3.13284181175e-05, 9.54093977157e-08, 1.26740096196e-09, 9.67763716386e-11, 2.67447120006e-10],
        "max": [0.432614058256, 4.9665350914, 23.3054485321, 134.089797974, 212.938156128, 546.386413574, 446.148284912, 725.566162109, 1857.74035645, 1743.32226562, 1204.74462891, 3138.23852539, 1462.27832031, 500.19619751, 1298.89892578, 531.128417969, 565.477355957, 2531.99707031, 704.186523438, 489.749908447, 1091.50476074, 379.219146729, 406.162536621, 286.667877197, 422.229278564, 144.613067627, 125.705665588, 80.8765335083, 92.9672317505, 85.502571106, 247.357620239, 289.158416748, 115.604484558, 17.7410564423, 6.01139116287, 0.171143114567, 0.00744804507121, 0.000835729588289, 0.000189866725123, 0.000168754952028],
        "mean": [0.0153938233852, 0.183732405305, 1.30426561832, 4.73601722717, 12.1365232468, 26.6933631897, 28.4083061218, 23.3577518463, 26.7962226868, 31.4764671326, 32.4330177307, 21.3383369446, 13.2327985764, 11.0319080353, 15.804889679, 12.5123376846, 13.4877271652, 14.31843853, 16.6498680115, 12.1123418808, 12.525384903, 13.7999763489, 8.23221111298, 5.67568635941, 10.2436628342, 4.56237506866, 2.92097592354, 2.21507239342, 2.44070863724, 1.95414292812, 1.48549079895, 1.13671481609, 0.665851593018, 0.188758939505, 0.0514493919909, 0.00774711417034, 0.000929626636207, 7.46263613109e-05, 1.9382332539e-05, 2.52633872151e-05],
        "median": [0.00382937095128, 0.0691756382585, 0.598976552486, 2.57955169678, 6.90208482742, 14.9106292725, 16.4979667664, 10.1437854767, 9.01344108582, 9.59757518768, 9.72210693359, 6.62056350708, 4.87236785889, 5.08980941772, 7.10826206207, 5.51105690002, 4.92698764801, 4.53618764877, 5.7404551506, 4.79875469208, 4.18868207932, 3.63572430611, 2.23315787315, 1.68075084686, 1.85778045654, 1.60054457188, 0.963914036751, 0.680239021778, 0.5764965415, 0.481354475021, 0.277848273516, 0.139437779784, 0.0850252732635, 0.0531182475388, 0.0267251618207, 0.00673070270568, 0.000873708166182, 6.76528507029e-05, 1.69491358974e-05, 1.98949510377e-05],
        "min": [1.60841080038e-11, 6.47568734746e-11, 1.17921492016e-10, 3.90443899434e-10, 5.25827825726e-10, 1.90014604051e-09, 3.83296416828e-09, 1.66628453258e-08, 1.56014525743e-08, 1.63039910461e-08, 1.23354055859e-08, 1.808083816e-08, 2.53461305277e-08, 2.19432347848e-08, 3.04236493776e-08, 3.48195783317e-08, 1.36932065686e-08, 1.99278105129e-08, 1.68901799213e-08, 5.90278270707e-09, 2.0990112759e-08, 1.82725035103e-08, 2.35276420568e-08, 1.9526870787e-08, 1.92366158558e-08, 2.74311062753e-08, 1.45644323268e-08, 2.03665866394e-08, 1.68937877021e-08, 1.90127664723e-08, 3.55393332541e-08, 5.58805233197e-08, 4.76072052891e-08, 3.48844402254e-08, 4.72666989992e-08, 1.26229648956e-08, 1.15577449833e-08, 5.23307708278e-09, 1.29442356833e-09, 7.0921116202e-11],
        "var": [0.00152425223496, 0.116467505693, 4.14593791962, 48.3075904846, 267.13961792, 1241.17163086, 1385.39562988, 1928.80700684, 5981.98876953, 5441.76171875, 6453.87792969, 5960.70556641, 2674.93701172, 508.463256836, 1395.75024414, 650.038146973, 1111.02111816, 4033.93481445, 1616.14428711, 551.588989258, 815.268249512, 842.569763184, 447.314239502, 133.013809204, 677.118713379, 66.5776672363, 39.6012229919, 18.1355018616, 26.9788341522, 17.1998596191, 47.0252990723, 51.5329170227, 16.2789611816, 0.679086863995, 0.0283395778388, 4.92265717185e-05, 1.36965056186e-07, 1.79572601233e-09, 1.23017512843e-10, 4.02227195995e-10]
    },
    "gfcc": {
        "mean": [-40.1212806702, 120.147674561, -119.89617157, 28.9695854187, -72.3140945435, 1.47288131714, -52.2191467285, -4.85523414612, -29.0661125183, -6.83646678925, -15.4486150742, -8.26585578918, -6.61673784256],
        "cov": [[2814.59082031, 177.002471924, -920.012023926, 355.474639893, -192.917633057, -132.323287964, 40.8930091858, -184.56350708, 257.579559326, -118.079208374, 63.2509307861, -88.6040649414, 6.87649965286], [177.002471924, 539.363586426, 93.6193237305, -195.417007446, 213.078323364, -20.5962848663, 65.5411911011, 9.22515773773, -0.0770107507706, 25.4047260284, -0.151882082224, 9.70497703552, 3.94420337677], [-920.012023926, 93.6193237305, 768.68157959, 40.5651473999, 53.705165863, 128.330871582, 31.0967388153, 70.1407699585, -96.097076416, 26.9374217987, -3.40330266953, 0.878301739693, 18.6755714417], [355.474639893, -195.417007446, 40.5651473999, 452.317230225, -45.8818397522, 24.6249790192, 38.6387519836, -11.8265924454, 54.8646011353, -30.3288402557, 9.57092475891, -22.2841053009, 12.8640899658], [-192.917633057, 213.078323364, 53.705165863, -45.8818397522, 305.008087158, 50.1666717529, 27.1348991394, 45.2636184692, -20.7680416107, 38.9820098877, -17.115278244, 23.4407501221, 12.5708751678], [-132.323287964, -20.5962848663, 128.330871582, 24.6249790192, 50.1666717529, 174.984710693, 43.6625213623, 22.7261657715, -18.7487831116, 13.6510629654, -0.658073544502, -14.8025751114, 2.33003568649], [40.8930091858, 65.5411911011, 31.0967388153, 38.6387519836, 27.1348991394, 43.6625213623, 124.317726135, 49.9804573059, -2.26542544365, 12.7495794296, 6.20342922211, -0.724696099758, -4.9966135025], [-184.56350708, 9.22515773773, 70.1407699585, -11.8265924454, 45.2636184692, 22.7261657715, 49.9804573059, 121.083969116, 13.0726690292, 22.3310337067, 4.7612361908, 2.00599431992, -1.48929703236], [257.579559326, -0.0770107507706, -96.097076416, 54.8646011353, -20.7680416107, -18.7487831116, -2.26542544365, 13.0726690292, 111.442687988, 17.8131694794, 5.02452707291, -8.76347160339, -10.2360019684], [-118.079208374, 25.4047260284, 26.9374217987, -30.3288402557, 38.9820098877, 13.6510629654, 12.7495794296, 22.3310337067, 17.8131694794, 78.8259506226, 17.455368042, 0.437066167593, -2.72576999664], [63.2509307861, -0.151882082224, -3.40330266953, 9.57092475891, -17.115278244, -0.658073544502, 6.20342922211, 4.7612361908, 5.02452707291, 17.455368042, 60.5005760193, 21.3745613098, 3.47323179245], [-88.6040649414, 9.70497703552, 0.878301739693, -22.2841053009, 23.4407501221, -14.8025751114, -0.724696099758, 2.00599431992, -8.76347160339, 0.437066167593, 21.3745613098, 69.1784133911, 23.1823749542], [6.87649965286, 3.94420337677, 18.6755714417, 12.8640899658, 12.5708751678, 2.33003568649, -4.9966135025, -1.48929703236, -10.2360019684, -2.72576999664, 3.47323179245, 23.1823749542, 59.2759437561]],
        "icov": [[0.00373257161118, -0.00624012248591, 0.00531419925392, -0.00494317431003, 0.00445690285414, -0.00298677105457, 0.00197472725995, 0.000379974459065, -0.00152996857651, 0.00281775603071, -0.00366841605864, 0.00365684344433, -0.00262095010839], [-0.00624012248591, 0.0177311301231, -0.0114788757637, 0.0130660859868, -0.0138873802498, 0.00945783033967, -0.0110233770683, 0.00542575260624, -0.00373424962163, -2.36704254348e-05, 0.00136086763814, -0.00117888383102, 0.00184090109542], [0.00531419925392, -0.0114788757637, 0.0103757157922, -0.00927009806037, 0.00888138636947, -0.00693981908262, 0.00623848289251, -0.00296110915951, 0.00209349067882, 0.00125436787494, -0.00296856020577, 0.00309794559143, -0.00288757472299], [-0.00494317431003, 0.0130660859868, -0.00927009806037, 0.0126787992194, -0.0101672904566, 0.00680540688336, -0.0091304872185, 0.00458932342008, -0.00448936410248, 0.00138773280196, 0.00044671606156, -0.000148766033817, 0.000428075145464], [0.00445690285414, -0.0138873802498, 0.00888138636947, -0.0101672904566, 0.0153505383059, -0.0086424164474, 0.00920644123107, -0.0061869234778, 0.00480375671759, -0.00332213146612, 0.00265392265283, -0.00234798993915, -0.00104023271706], [-0.00298677105457, 0.00945783033967, -0.00693981908262, 0.00680540688336, -0.0086424164474, 0.0127381272614, -0.00860547367483, 0.00395360868424, -0.00238780141808, 0.000530102697667, -0.000928399618715, 0.00263596745208, -0.000231680402067], [0.00197472725995, -0.0110233770683, 0.00623848289251, -0.0091304872185, 0.00920644123107, -0.00860547367483, 0.0204529259354, -0.0109087135643, 0.00782173220068, -0.00472683785483, 0.00303501309827, -0.00429442850873, 0.00299121742137], [0.000379974459065, 0.00542575260624, -0.00296110915951, 0.00458932342008, -0.0061869234778, 0.00395360868424, -0.0109087135643, 0.0169602353126, -0.00863811001182, 0.00391735881567, -0.0052195424214, 0.00499812373891, -0.00276531442069], [-0.00152996857651, -0.00373424962163, 0.00209349067882, -0.00448936410248, 0.00480375671759, -0.00238780141808, 0.00782173220068, -0.00863811001182, 0.0194819234312, -0.00998957362026, 0.00670800125226, -0.00596638582647, 0.00510328263044], [0.00281775603071, -2.36704254348e-05, 0.00125436787494, 0.00138773280196, -0.00332213146612, 0.000530102697667, -0.00472683785483, 0.00391735881567, -0.00998957362026, 0.0230873972178, -0.0126198781654, 0.00897143408656, -0.00407058512792], [-0.00366841605864, 0.00136086763814, -0.00296856020577, 0.00044671606156, 0.00265392265283, -0.000928399618715, 0.00303501309827, -0.0052195424214, 0.00670800125226, -0.0126198781654, 0.0292570162565, -0.0156635791063, 0.00576136773452], [0.00365684344433, -0.00117888383102, 0.00309794559143, -0.000148766033817, -0.00234798993915, 0.00263596745208, -0.00429442850873, 0.00499812373891, -0.00596638582647, 0.00897143408656, -0.0156635791063, 0.0284171141684, -0.0119453016669], [-0.00262095010839, 0.00184090109542, -0.00288757472299, 0.000428075145464, -0.00104023271706, -0.000231680402067, 0.00299121742137, -0.00276531442069, 0.00510328263044, -0.00407058512792, 0.00576136773452, -0.0119453016669, 0.0233092550188]]
    },
    "melbands": {
        "dmean": [0.000103875383502, 0.000324453925714, 0.00061019329587, 0.000728810206056, 0.000635404081549, 0.000288326002192, 0.000229403580306, 0.000205123011256, 0.000149716375745, 7.28761442588e-05, 3.3947871998e-05, 2.4537966965e-05, 3.28957248712e-05, 1.62667838595e-05, 1.85427179531e-05, 1.51572294271e-05, 1.53503988258e-05, 1.54458630277e-05, 1.06416609924e-05, 9.15013879421e-06, 8.66304253577e-06, 8.55000871525e-06, 7.05314459992e-06, 2.64435107056e-06, 2.24688574235e-06, 3.97902704208e-06, 3.58853708349e-06, 1.35698064696e-06, 1.17981790027e-06, 7.33116053198e-07, 6.72043370287e-07, 7.58529154155e-07, 6.0195424112e-07, 5.5387346265e-07, 5.1736367368e-07, 6.83414839386e-07, 4.17782274553e-07, 3.59856358045e-07, 2.01070236017e-07, 5.63807098786e-08],
        "dmean2": [0.000162620461197, 0.000534722639713, 0.000992907793261, 0.00118137348909, 0.00100035395008, 0.000455662462628, 0.000339989695931, 0.000310213828925, 0.000223617127631, 0.000115356015158, 4.94984305988e-05, 3.71862115571e-05, 5.13826271344e-05, 2.51890487561e-05, 2.97685819532e-05, 2.43314825639e-05, 2.26856136578e-05, 2.42216410697e-05, 1.65025412571e-05, 1.45522108141e-05, 1.32634777401e-05, 1.31796650749e-05, 1.06938223325e-05, 3.96415362047e-06, 3.4310976389e-06, 5.82269876759e-06, 5.40600422028e-06, 2.10063035411e-06, 1.8111522877e-06, 1.11830365768e-06, 1.03368336113e-06, 1.10708776901e-06, 8.87609587608e-07, 8.21276216811e-07, 7.62245633723e-07, 1.04450737126e-06, 6.01591750637e-07, 5.06877029238e-07, 2.91703457833e-07, 8.28435631206e-08],
        "dvar": [6.61245493916e-08, 4.3704227437e-07, 1.44588568673e-06, 1.14447186661e-06, 1.0371255712e-06, 4.50537839924e-07, 5.21964977906e-07, 3.28719920617e-07, 2.0302555015e-07, 1.78369205628e-07, 1.91531572824e-08, 3.84582010682e-09, 1.20660228475e-08, 1.17563137003e-09, 2.08824868508e-09, 2.22435181385e-09, 3.8773388944e-09, 1.94456117875e-09, 1.00598962494e-09, 5.95009375104e-10, 7.61728735643e-10, 4.6185594238e-10, 6.84373002713e-10, 7.1220654374e-11, 3.59733839939e-11, 1.47582113197e-10, 1.08192850512e-10, 9.57701279392e-12, 1.01372738329e-11, 3.80813132764e-12, 2.5151465112e-12, 3.73701980819e-12, 1.98838840358e-12, 3.08477765901e-12, 6.84152040575e-12, 5.08251635223e-11, 7.99964088027e-12, 7.31683550553e-12, 1.71580024494e-12, 8.94491390137e-14],
        "dvar2": [1.42110778256e-07, 1.15312957405e-06, 3.61854813491e-06, 2.86627869173e-06, 2.44614852818e-06, 1.06885795503e-06, 1.05423453078e-06, 7.32046657959e-07, 4.59345500303e-07, 4.44922477527e-07, 3.23373825495e-08, 7.86423104415e-09, 2.56176537761e-08, 2.55133647542e-09, 4.94069585244e-09, 5.2225153091e-09, 5.59285417978e-09, 4.26486579386e-09, 2.18627627113e-09, 1.38454292475e-09, 1.73654279845e-09, 9.9835240075e-10, 1.3587893033e-09, 1.07643519098e-10, 7.64312849122e-11, 2.9165683757e-10, 2.27168200917e-10, 2.22316661608e-11, 2.11587934673e-11, 7.88093808962e-12, 5.22225492017e-12, 7.54898227262e-12, 4.02526406304e-12, 6.8519924977e-12, 1.44528538443e-11, 1.33123456703e-10, 1.47853135984e-11, 1.6350001214e-11, 3.51098382138e-12, 1.97375522502e-13],
        "max": [0.00430772826076, 0.00901614129543, 0.0252961758524, 0.0191360525787, 0.0199201107025, 0.0167625620961, 0.02802888304, 0.017466455698, 0.0110530862585, 0.0183758344501, 0.00750772003084, 0.00214960426092, 0.00486532272771, 0.00109769345727, 0.00129389553331, 0.00160515541211, 0.00488672358915, 0.00125296239275, 0.000977918854915, 0.000643997860607, 0.00116489629727, 0.000555016449653, 0.000908158486709, 0.000504922587425, 0.000277166749584, 0.000413233792642, 0.000202344715944, 6.96351708029e-05, 8.04881274235e-05, 6.66592386551e-05, 4.26501501352e-05, 5.93933582422e-05, 2.96678190352e-05, 6.11816940363e-05, 9.39460005611e-05, 0.000418849318521, 9.62564663496e-05, 9.86355225905e-05, 3.98113843403e-05, 1.34177698783e-05],
        "mean": [0.000159906892804, 0.00052940211026, 0.0010123916436, 0.00138930277899, 0.0011440673843, 0.000512072059792, 0.000405944563681, 0.000342978019034, 0.000251776305959, 0.000116027840704, 6.16414909018e-05, 4.25730831921e-05, 5.4422293033e-05, 3.05088033201e-05, 3.23487111018e-05, 2.55344093603e-05, 2.64707505266e-05, 2.67849645752e-05, 1.76760568138e-05, 1.56277546921e-05, 1.55838133651e-05, 1.54206263687e-05, 1.19031601571e-05, 4.81837014377e-06, 4.1653606786e-06, 7.39388769944e-06, 6.06418325333e-06, 2.37488757193e-06, 1.98828229259e-06, 1.31120827973e-06, 1.26588656713e-06, 1.45430851717e-06, 1.19945480037e-06, 1.02745661934e-06, 8.20358593501e-07, 8.73407032032e-07, 6.08890331932e-07, 5.04428612658e-07, 2.99127748349e-07, 1.15067798845e-07],
        "median": [4.41255506303e-05, 0.000233748782193, 0.000576383259613, 0.000873806653544, 0.000657084980048, 0.000223755516345, 0.000131542052259, 9.85419537756e-05, 7.51667248551e-05, 3.370651757e-05, 2.08490691875e-05, 1.79365342774e-05, 2.27089949476e-05, 1.41232676469e-05, 1.4164706954e-05, 8.1165062511e-06, 7.88056786405e-06, 8.73325006978e-06, 6.12857047599e-06, 5.62877903576e-06, 4.43817316409e-06, 3.87360205423e-06, 2.44702391683e-06, 1.48150752466e-06, 1.18946240946e-06, 1.2636272686e-06, 1.23624135995e-06, 8.88527210918e-07, 6.21615015461e-07, 4.04156622835e-07, 3.6407504922e-07, 3.13647433359e-07, 2.89393966568e-07, 2.42281686269e-07, 1.61001821652e-07, 1.04074999285e-07, 7.28816260676e-08, 5.83959547384e-08, 4.94090848235e-08, 4.36743441412e-08],
        "min": [1.8295065983e-13, 7.5359538759e-14, 6.49354024327e-14, 8.60287725389e-14, 1.21071406481e-13, 3.81728448764e-13, 2.38372120437e-13, 1.70557470057e-13, 9.46786120099e-14, 1.18512621591e-13, 1.26406182613e-13, 8.56559018592e-14, 1.0345291789e-13, 9.22043677846e-14, 6.23632954088e-14, 2.10499816904e-14, 4.11122009917e-14, 3.30843886358e-14, 1.04112478729e-14, 8.0936412154e-15, 2.89588231867e-14, 1.66732370911e-14, 2.57865797671e-14, 1.66716328107e-14, 1.65477051143e-14, 9.2195047034e-15, 2.37585592747e-14, 1.67779320575e-14, 8.64129968481e-15, 9.05458145934e-15, 1.25016421775e-14, 1.08561502344e-14, 7.00431237601e-15, 1.22417258825e-14, 1.61405871985e-14, 3.06149589458e-14, 3.84902579373e-14, 4.06931094181e-14, 1.9518629131e-14, 3.23478291137e-14],
        "var": [1.16713621878e-07, 6.82157462961e-07, 2.12240752262e-06, 2.49195431934e-06, 2.27327382163e-06, 9.19793535559e-07, 1.33786886636e-06, 6.43096598196e-07, 4.02558981705e-07, 2.03233469165e-07, 6.68002257953e-08, 8.82970674354e-09, 2.04544363669e-08, 2.93702995258e-09, 4.64353355767e-09, 4.89411400295e-09, 1.4877531207e-08, 4.44904602048e-09, 1.96835836519e-09, 1.05464337263e-09, 1.44881173725e-09, 1.10552345056e-09, 1.45044642963e-09, 2.4163332446e-10, 8.04465799531e-11, 3.73058500758e-10, 2.30318791816e-10, 1.80666002991e-11, 2.01814519957e-11, 8.46707252922e-12, 6.21502849185e-12, 1.07189968707e-11, 5.89160708067e-12, 5.88594797901e-12, 1.1373311147e-11, 4.69310389162e-11, 1.40281076685e-11, 1.03220895373e-11, 2.86064509754e-12, 1.88975625513e-13]
    },
    "mfcc": {
        "mean": [-678.769470215, 142.645736694, 4.80062198639, 20.7159385681, -0.740640103817, -1.6465909481, -11.5475273132, -7.98625326157, -10.6986789703, -7.35936307907, -9.00740909576, -7.1805138588, -2.53252482414],
        "cov": [[3533.08374023, -429.539581299, -704.534545898, 222.291687012, -273.632446289, 87.049369812, -361.522735596, 45.1607666016, -90.0414352417, 49.270904541, 56.8364105225, -27.9416408539, 5.94066619873], [-429.539581299, 892.093139648, -103.755455017, -146.785964966, 112.848342896, -19.490650177, 112.000480652, -19.5943832397, 53.5697822571, -39.8876304626, 35.7300376892, 2.70646858215, 38.291103363], [-704.534545898, -103.755455017, 658.918579102, 65.4228210449, 21.141620636, 33.7733230591, 106.756973267, 17.0760803223, 19.4632453918, 24.8939704895, -47.202293396, 44.3107757568, -36.9670066833], [222.291687012, -146.785964966, 65.4228210449, 285.62210083, 28.6441745758, 29.6674785614, -3.06604290009, 35.7560310364, 23.7420749664, 14.3196744919, 7.16605997086, 7.08961391449, 2.78541493416], [-273.632446289, 112.848342896, 21.141620636, 28.6441745758, 199.476776123, 49.3926048279, 50.3595733643, 6.47628164291, 38.4351806641, 6.89559936523, -4.70448064804, 1.32659602165, 6.84259700775], [87.049369812, -19.490650177, 33.7733230591, 29.6674785614, 49.3926048279, 142.190429688, 40.1529655457, 5.81812620163, 16.1029605865, 6.08673810959, 9.42168426514, -2.10720729828, -6.11603116989], [-361.522735596, 112.000480652, 106.756973267, -3.06604290009, 50.3595733643, 40.1529655457, 193.250976562, 31.3170585632, 40.2193260193, 9.02633571625, -7.3164100647, 30.6409378052, -5.16424465179], [45.1607666016, -19.5943832397, 17.0760803223, 35.7560310364, 6.47628164291, 5.81812620163, 31.3170585632, 93.9105987549, 22.4508075714, 7.50854301453, 12.8374242783, -1.86503767967, 7.18239450455], [-90.0414352417, 53.5697822571, 19.4632453918, 23.7420749664, 38.4351806641, 16.1029605865, 40.2193260193, 22.4508075714, 94.8973999023, 30.3408889771, 5.77621793747, 20.2504348755, -3.82349348068], [49.270904541, -39.8876304626, 24.8939704895, 14.3196744919, 6.89559936523, 6.08673810959, 9.02633571625, 7.50854301453, 30.3408889771, 85.0211791992, 31.3112754822, 10.6381349564, -2.87108564377], [56.8364105225, 35.7300376892, -47.202293396, 7.16605997086, -4.70448064804, 9.42168426514, -7.3164100647, 12.8374242783, 5.77621793747, 31.3112754822, 88.9822158813, 15.9911441803, 11.3773670197], [-27.9416408539, 2.70646858215, 44.3107757568, 7.08961391449, 1.32659602165, -2.10720729828, 30.6409378052, -1.86503767967, 20.2504348755, 10.6381349564, 15.9911441803, 81.8884887695, 12.4085216522], [5.94066619873, 38.291103363, -36.9670066833, 2.78541493416, 6.84259700775, -6.11603116989, -5.16424465179, 7.18239450455, -3.82349348068, -2.87108564377, 11.3773670197, 12.4085216522, 65.2616271973]],
