{
"lowlevel": {
    "average_loudness": 0.978086054325,
    "barkbands_crest": {
        "dmean": 2.19673132896,
        "dmean2": 3.72039103508,
        "dvar": 4.04947566986,
        "dvar2": 11.2165327072,
        "max": 24.2685317993,
        "mean": 6.85140609741,
        "median": 6.21021986008,
        "min": 2.25573706627,
        "var": 7.95424509048
    },
    "barkbands_flatness_db": {
        "dmean": 0.0173738431185,
        "dmean2": 0.0281164944172,
        "dvar": 0.000263360649114,
        "dvar2": 0.000644844549242,
        "max": 0.29504430294,
        "mean": 0.13554161787,
        "median": 0.129463151097,
        "min": 0.0575131103396,
        "var": 0.000858359097037
    },
    "barkbands_kurtosis": {
        "dmean": 1.12156140804,
        "dmean2": 1.80897915363,
        "dvar": 3.8984618187,
        "dvar2": 9.35826969147,
        "max": 54.341884613,
        "mean": 0.544490814209,
        "median": -0.327276587486,
        "min": -1.89442706108,
        "var": 8.30777645111
    },
    "barkbands_skewness": {
        "dmean": 0.429222941399,
        "dmean2": 0.687995433807,
        "dvar": 0.217377856374,
        "dvar2": 0.545921623707,
        "max": 5.79642009735,
        "mean": 0.76858985424,
        "median": 0.662116527557,
        "min": -4.87725782394,
        "var": 0.649799764156
    },
    "barkbands_spread": {
        "dmean": 6.36268901825,
        "dmean2": 9.94988918304,
        "dvar": 44.9501571655,
        "dvar2": 108.962715149,
        "max": 92.5127105713,
        "mean": 31.5326423645,
        "median": 30.6835975647,
        "min": 3.40977740288,
        "var": 158.455795288
    },
    "dissonance": {
        "dmean": 0.0151126906276,
        "dmean2": 0.0251249726862,
        "dvar": 0.000212140323129,
        "dvar2": 0.000553162710276,
        "max": 0.5,
        "mean": 0.472669810057,
        "median": 0.477250993252,
        "min": 0.302096635103,
        "var": 0.000420337746618
    },
    "dynamic_complexity": 1.47869205475,
    "erbbands_crest": {
        "dmean": 2.22612977028,
        "dmean2": 3.67207980156,
        "dvar": 4.35490322113,
        "dvar2": 11.1304445267,
        "max": 26.857585907,
        "mean": 7.27323055267,
        "median": 6.44500160217,
        "min": 2.47484970093,
        "var": 10.454870224
    },
    "erbbands_flatness_db": {
        "dmean": 0.0139191066846,
        "dmean2": 0.0206589419395,
        "dvar": 0.000152529246407,
        "dvar2": 0.000312440737616,
        "max": 0.329805970192,
        "mean": 0.185965955257,
        "median": 0.183030292392,
        "min": 0.096949711442,
        "var": 0.000726698257495
    },
    "erbbands_kurtosis": {
        "dmean": 0.640096485615,
        "dmean2": 1.03026604652,
        "dvar": 0.727810382843,
        "dvar2": 1.78624105453,
        "max": 22.9203472137,
        "mean": -0.0957741364837,
        "median": -0.385141968727,
        "min": -1.72435975075,
        "var": 1.45710086823
    },
    "erbbands_skewness": {
        "dmean": 0.321034342051,
        "dmean2": 0.504300296307,
        "dvar": 0.0977565720677,
        "dvar2": 0.218876048923,
        "max": 2.62384557724,
        "mean": 0.05079331249,
        "median": 0.0461952015758,
        "min": -3.73194909096,
        "var": 0.381707072258
    },
    "erbbands_spread": {
        "dmean": 8.00811100006,
        "dmean2": 12.4005098343,
        "dvar": 56.5345191956,
        "dvar2": 131.697143555,
        "max": 107.550857544,
        "mean": 40.9587402344,
        "median": 39.2667617798,
        "min": 5.45906496048,
        "var": 228.196273804
    },
    "hfc": {
        "dmean": 12.0241107941,
        "dmean2": 19.4673423767,
        "dvar": 349.505493164,
        "dvar2": 920.780578613,
        "max": 270.705688477,
        "mean": 33.4905319214,
        "median": 29.6381320953,
        "min": 1.11011337356e-16,
        "var": 499.561859131
    },
    "melbands_crest": {
        "dmean": 3.16241598129,
        "dmean2": 5.20230150223,
        "dvar": 9.28373146057,
        "dvar2": 23.499502182,
        "max": 32.5558929443,
        "mean": 10.4340333939,
        "median": 9.43033790588,
        "min": 1.88177537918,
        "var": 19.5463809967
    },
    "melbands_flatness_db": {
        "dmean": 0.0244621783495,
        "dmean2": 0.0381910093129,
        "dvar": 0.000691770983394,
        "dvar2": 0.00169119844213,
        "max": 0.353474408388,
        "mean": 0.133309677243,
        "median": 0.125934153795,
        "min": 0.00631111115217,
        "var": 0.00233893212862
    },
    "melbands_kurtosis": {
        "dmean": 3.49969911575,
        "dmean2": 5.69898033142,
        "dvar": 34.2889785767,
        "dvar2": 87.3410263062,
        "max": 145.194168091,
        "mean": 5.5802989006,
        "median": 3.0000679493,
        "min": -1.76857566833,
        "var": 63.9761924744
    },
    "melbands_skewness": {
        "dmean": 0.584354162216,
        "dmean2": 0.931357860565,
        "dvar": 0.40071284771,
        "dvar2": 1.0114992857,
        "max": 10.1820249557,
        "mean": 1.85337865353,
        "median": 1.66276741028,
        "min": -2.20484042168,
        "var": 1.19518530369
    },
    "melbands_spread": {
        "dmean": 11.4797496796,
        "dmean2": 18.8594589233,
        "dvar": 214.538192749,
        "dvar2": 559.126220703,
        "max": 212.009109497,
        "mean": 40.0716781616,
        "median": 37.5433425903,
        "min": 2.00142860413,
        "var": 428.690155029
    },
    "pitch_salience": {
        "dmean": 0.0664925277233,
        "dmean2": 0.109410114586,
        "dvar": 0.00353261688724,
        "dvar2": 0.00916309189051,
        "max": 0.868439555168,
        "mean": 0.602435231209,
        "median": 0.605744183064,
        "min": 0.182446241379,
        "var": 0.00751721626148
    },
    "silence_rate_20dB": {
        "dmean": 0,
        "dmean2": 0,
        "dvar": 0,
        "dvar2": 0,
        "max": 1,
        "mean": 1,
        "median": 1,
        "min": 1,
        "var": 0
    },
    "silence_rate_30dB": {
        "dmean": 0,
        "dmean2": 0,
        "dvar": 0,
        "dvar2": 0,
        "max": 1,
        "mean": 1,
        "median": 1,
        "min": 1,
        "var": 0
    },
    "silence_rate_60dB": {
        "dmean": 0.00352526432835,
        "dmean2": 0.00705144926906,
        "dvar": 0.00351281627081,
        "dvar2": 0.00830741878599,
        "max": 1,
        "mean": 0.0159268938005,
        "median": 0,
        "min": 0,
        "var": 0.0156713537872
    },
    "spectral_centroid": {
        "dmean": 340.066741943,
        "dmean2": 542.115966797,
        "dvar": 150706.25,
        "dvar2": 368952.9375,
        "max": 11545.4912109,
        "mean": 1950.65576172,
        "median": 1961.61730957,
        "min": 258.111816406,
        "var": 462953.84375
    },
    "spectral_complexity": {
        "dmean": 5.1182923317,
        "dmean2": 7.88534879684,
        "dvar": 30.0441150665,
        "dvar2": 64.4890975952,
        "max": 58,
        "mean": 27.0515670776,
        "median": 27,
        "min": 0,
        "var": 94.0766296387
    },
    "spectral_decrease": {
        "dmean": 1.6739204467e-09,
        "dmean2": 2.61523314116e-09,
        "dvar": 2.65368660173e-18,
        "dvar2": 6.12446800281e-18,
        "max": -2.70906873119e-29,
        "mean": -5.99763394504e-09,
        "median": -5.92849858094e-09,
        "min": -2.24743903487e-08,
        "var": 6.1844907096e-18
    },
    "spectral_energy": {
        "dmean": 0.00697804102674,
        "dmean2": 0.0108571397141,
        "dvar": 4.57937057945e-05,
        "dvar2": 0.000101971854747,
        "max": 0.0864006280899,
        "mean": 0.0256741512567,
        "median": 0.0253435820341,
        "min": 1.04958193351e-20,
        "var": 0.000110403605504
    },
    "spectral_energyband_high": {
        "dmean": 0.00138526805677,
        "dmean2": 0.00229060067795,
        "dvar": 7.35511684979e-06,
        "dvar2": 1.95968732442e-05,
        "max": 0.0438461750746,
        "mean": 0.002442459343,
        "median": 0.00153876864351,
        "min": 7.53687473053e-21,
        "var": 8.04991395853e-06
    },
    "spectral_energyband_low": {
        "dmean": 0.00326812989078,
        "dmean2": 0.00534996390343,
        "dvar": 2.8152449886e-05,
        "dvar2": 7.33161941753e-05,
        "max": 0.0785380750895,
        "mean": 0.00513673992828,
        "median": 0.00318931508809,
        "min": 5.83390344206e-23,
        "var": 3.85070306947e-05
    },
    "spectral_energyband_middle_high": {
        "dmean": 0.00282850163057,
        "dmean2": 0.00449124444276,
        "dvar": 8.98969938135e-06,
        "dvar2": 2.14262036025e-05,
        "max": 0.0369633473456,
        "mean": 0.00854135584086,
        "median": 0.00759012624621,
        "min": 1.5465760168e-21,
        "var": 3.46692686435e-05
    },
    "spectral_energyband_middle_low": {
        "dmean": 0.00385479885153,
        "dmean2": 0.00618532579392,
        "dvar": 1.71185329236e-05,
        "dvar2": 4.08885316574e-05,
        "max": 0.0683072656393,
        "mean": 0.0104112010449,
        "median": 0.00926841236651,
        "min": 3.83031854292e-22,
        "var": 3.5665667383e-05
    },
    "spectral_entropy": {
        "dmean": 0.135441482067,
        "dmean2": 0.192015334964,
        "dvar": 0.0184466689825,
        "dvar2": 0.0343389436603,
        "max": 9.79779052734,
        "mean": 7.76786565781,
        "median": 7.79866313934,
        "min": 6.39371490479,
        "var": 0.0718435943127
    },
    "spectral_flux": {
        "dmean": 0.0207386314869,
        "dmean2": 0.0314348451793,
        "dvar": 0.000423477584263,
        "dvar2": 0.000871867581736,
        "max": 0.247322291136,
        "mean": 0.0943949371576,
        "median": 0.0910999774933,
        "min": 6.96402241429e-11,
        "var": 0.00097145838663
    },
    "spectral_kurtosis": {
        "dmean": 1.07956933975,
        "dmean2": 1.8582379818,
        "dvar": 1.21226668358,
        "dvar2": 3.27792835236,
        "max": 15.2506484985,
        "mean": 1.36626052856,
        "median": 1.01895475388,
        "min": -1.37462282181,
        "var": 2.30266737938
    },
    "spectral_rms": {
        "dmean": 0.000676187220961,
        "dmean2": 0.0010409753304,
        "dvar": 3.80500495112e-07,
        "dvar2": 8.13309952719e-07,
        "max": 0.00918113812804,
        "mean": 0.0048768427223,
        "median": 0.00497246906161,
        "min": 3.19997240511e-12,
        "var": 1.26428039948e-06
    },
    "spectral_rolloff": {
        "dmean": 760.059265137,
        "dmean2": 1276.87524414,
        "dvar": 966783.0625,
        "dvar2": 2342643.25,
        "max": 18884.6191406,
        "mean": 2547.13891602,
        "median": 2368.65234375,
        "min": 107.666015625,
        "var": 2338118.5
    },
    "spectral_skewness": {
        "dmean": 0.196277827024,
        "dmean2": 0.313431799412,
        "dvar": 0.0373309776187,
        "dvar2": 0.0877909734845,
        "max": 2.83663511276,
        "mean": 0.828302800655,
        "median": 0.797840833664,
        "min": -0.503358006477,
        "var": 0.127203390002
    },
    "spectral_spread": {
        "dmean": 347805.96875,
        "dmean2": 523308.40625,
        "dvar": 228716265472,
        "dvar2": 446412029952,
        "max": 40184556,
        "mean": 4088106,
        "median": 4015586.5,
        "min": 1865363,
        "var": 845635190784
    },
    "spectral_strongpeak": {
        "dmean": 0.761484026909,
        "dmean2": 1.31386911869,
        "dvar": 1.25728034973,
        "dvar2": 3.2374355793,
        "max": 22.4826526642,
        "mean": 1.10428357124,
        "median": 0.549412965775,
        "min": 0,
        "var": 1.79682028294
    },
    "zerocrossingrate": {
        "dmean": 0.0110741471872,
        "dmean2": 0.0136956581846,
        "dvar": 0.000160655428772,
        "dvar2": 0.000185911936569,
        "max": 0.85986328125,
        "mean": 0.0872366055846,
        "median": 0.0859375,
        "min": 0.01318359375,
        "var": 0.00121744000353
    },
    "barkbands": {
        "dmean": [6.56610864098e-05, 0.00156771147158, 0.0019576177001, 0.000987160834484, 0.001705644303, 0.00115378911141, 0.000665869913064, 0.000912754214369, 0.000804360839538, 0.00076538650319, 0.000639144855086, 0.000622057472356, 0.000603329681326, 0.000569827971049, 0.000500989786815, 0.000337406847393, 0.000415531394538, 0.000401044468163, 0.000333160365699, 0.000530884193722, 0.000452385720564, 0.000354362622602, 0.000307416310534, 0.000130754429847, 5.75890908294e-06, 3.54535512059e-09, 1.11319098384e-09],
        "dmean2": [0.000113981383038, 0.00250957091339, 0.00321373809129, 0.00165224063676, 0.00279421638697, 0.0018350565806, 0.00110019079875, 0.00144605140667, 0.0013020603219, 0.00122795091011, 0.00103489030153, 0.00102852133568, 0.000983783858828, 0.000924574618693, 0.00082479394041, 0.000556661630981, 0.000681764271576, 0.000668930879328, 0.00055088737281, 0.000910785398446, 0.000772653147578, 0.000586978450883, 0.000495976943057, 0.000210176338442, 9.4563647508e-06, 5.90527005073e-09, 2.06347916532e-09],
        "dvar": [9.21642229201e-09, 5.6548046814e-06, 1.6779962607e-05, 2.42541841544e-06, 5.28899954588e-06, 2.42217515734e-06, 1.29282727812e-06, 2.71393082585e-06, 2.36382220464e-06, 1.41445298141e-06, 1.23606230318e-06, 1.19810397337e-06, 1.29211412059e-06, 1.33687990456e-06, 8.17917964469e-07, 3.13411305797e-07, 5.00595206177e-07, 3.884424018e-07, 2.01156453272e-07, 8.97728398286e-07, 8.01566159225e-07, 4.8473549441e-07, 4.02956345624e-07, 7.9312201251e-08, 1.12641319883e-10, 6.22437264381e-17, 1.30596168465e-17],
        "dvar2": [2.55821923645e-08, 1.46466427395e-05, 4.22513112426e-05, 6.47705110168e-06, 1.28618385133e-05, 5.99669374424e-06, 3.373701702e-06, 6.68050461172e-06, 5.57967541681e-06, 3.61591878573e-06, 3.09766392093e-06, 3.08585117637e-06, 3.33356661031e-06, 3.31690125677e-06, 2.05961828215e-06, 8.0973097738e-07, 1.29457203002e-06, 1.0170844007e-06, 5.31862156095e-07, 2.47481148108e-06, 2.16064518099e-06, 1.22023391214e-06, 9.71992562881e-07, 1.88295757653e-07, 2.68399469316e-10, 1.55211653979e-16, 3.5250563193e-17],
        "max": [0.0014429052826, 0.0304656270891, 0.0562154501677, 0.0250564441085, 0.0631239265203, 0.0227031763643, 0.0214499570429, 0.0242635607719, 0.0313466750085, 0.0196098871529, 0.0230145286769, 0.0240008626133, 0.0181975755841, 0.0190627146512, 0.0213476326317, 0.00801708642393, 0.0118866562843, 0.0103821065277, 0.00667541893199, 0.00837259925902, 0.015826087445, 0.0243489742279, 0.0179336182773, 0.00926137901843, 0.000248746859143, 2.52303919979e-07, 2.08127559631e-07],
        "mean": [7.05735656084e-05, 0.00231244461611, 0.00219632661901, 0.00123162183445, 0.00286756758578, 0.00215093581937, 0.00107736757491, 0.0014425002737, 0.00119051604997, 0.00126039213501, 0.000946993706748, 0.00099948735442, 0.000990082044154, 0.000949617940933, 0.000722785422113, 0.000504808267578, 0.000717693590559, 0.000677255215123, 0.000621648156084, 0.00079375266796, 0.000635795295238, 0.000573003897443, 0.00052066158969, 0.000212682629353, 7.59888462198e-06, 4.81445505685e-09, 9.2068136448e-10],
        "median": [3.45824373653e-05, 0.00114070530981, 0.00086487835506, 0.000650844303891, 0.00205031363294, 0.00154377846047, 0.000666278996505, 0.00073088821955, 0.000534868915565, 0.000675755727571, 0.000471808481961, 0.000524834147654, 0.000414819107391, 0.000331601884682, 0.000332499854267, 0.000257653009612, 0.000337519944878, 0.000397250696551, 0.000440252944827, 0.000463364413008, 0.000341676350217, 0.000349022739101, 0.000321679690387, 0.000129024294438, 4.03333160648e-06, 2.69200528535e-09, 3.70673797212e-10],
        "min": [6.94933682705e-24, 1.77023384803e-23, 1.20183684662e-23, 1.7746934365e-23, 6.43113930489e-23, 1.50635025113e-23, 3.74783209123e-23, 2.41132154195e-23, 4.74605289416e-23, 4.03272794497e-23, 2.10155400827e-23, 4.24420198991e-23, 4.69095222211e-23, 9.6720007846e-23, 8.20709618102e-23, 1.70341663516e-22, 1.67946934243e-22, 8.45857935781e-23, 2.73838586072e-22, 3.28177369951e-22, 3.73503399056e-22, 4.53093633132e-22, 7.38958043984e-22, 8.08844304429e-22, 1.1987842326e-21, 1.46267322531e-21, 2.37972995986e-21],
        "var": [1.02134869451e-08, 9.54138158704e-06, 1.58742659551e-05, 2.84901489067e-06, 9.18369914871e-06, 4.69425731353e-06, 2.01779221243e-06, 4.58868089481e-06, 3.82314146918e-06, 2.92785603051e-06, 1.96207270164e-06, 2.07169136957e-06, 2.77863932752e-06, 3.24248708239e-06, 1.28255874188e-06, 5.09201868226e-07, 1.22428969007e-06, 6.90997467245e-07, 3.92307327957e-07, 9.61355681284e-07, 8.26111090646e-07, 5.70459064875e-07, 5.52377457552e-07, 1.19282887567e-07, 1.65803801244e-10, 8.40139885774e-17, 1.38147475462e-17]
    },
    "erbbands": {
        "dmean": [0.0321158356965, 0.418507248163, 1.98181664944, 2.53419351578, 4.5746421814, 6.22831201553, 10.7155885696, 8.31142997742, 9.13125610352, 13.5459194183, 17.7526187897, 19.7266349792, 21.4706439972, 23.300567627, 25.6595535278, 26.1829891205, 27.2644691467, 30.3387565613, 26.595495224, 17.7974033356, 18.0681114197, 19.3594913483, 23.6649150848, 15.6735258102, 18.1450557709, 24.3096466064, 22.9057216644, 14.726190567, 13.225394249, 11.4498949051, 8.29731941223, 4.23473882675, 1.47916543484, 0.165335103869, 0.00506565533578, 0.000347598193912, 5.39202774235e-05, 1.4283587916e-05, 7.73186184233e-06, 9.88599913399e-06],
        "dmean2": [0.0508236810565, 0.67800796032, 3.21090698242, 4.21567106247, 7.68137216568, 10.2653083801, 17.1684322357, 13.4111642838, 14.9771165848, 21.9005451202, 28.1512470245, 31.6526279449, 34.8005485535, 36.7091293335, 42.4713935852, 42.8238792419, 44.2480773926, 49.1617889404, 43.1736106873, 29.3441562653, 29.7798233032, 31.5686397552, 39.2413864136, 26.0667667389, 30.2796649933, 41.6428833008, 39.9034881592, 24.5919551849, 22.1387062073, 18.7660312653, 13.3082199097, 6.87203931808, 2.37856817245, 0.263418704271, 0.00806977972388, 0.000550273631234, 8.52961820783e-05, 2.27409327636e-05, 1.20098411571e-05, 1.53600612975e-05],
        "dvar": [0.00232149777003, 0.419673502445, 16.6594200134, 15.0153264999, 52.8338432312, 95.5557098389, 306.100402832, 113.672836304, 218.457687378, 550.557128906, 1307.36791992, 1431.28369141, 1602.14245605, 1438.26379395, 2364.44433594, 2367.76098633, 2495.99169922, 3495.41796875, 2197.83056641, 977.771972656, 778.240661621, 951.278259277, 1476.38793945, 560.262023926, 669.870300293, 1812.92602539, 2215.46875, 924.482116699, 678.492736816, 495.146453857, 285.64453125, 102.090065002, 9.87676811218, 0.0955881923437, 9.3801485491e-05, 4.4150397116e-07, 1.07640794056e-08, 7.57776286164e-10, 1.360406926e-10, 1.19252427377e-10],
        "dvar2": [0.00604126183316, 1.08447873592, 41.8670196533, 38.9399223328, 140.668533325, 230.00491333, 738.250732422, 294.119873047, 575.307128906, 1379.15319824, 3258.97412109, 3395.84204102, 4094.91967773, 3539.3984375, 6370.49267578, 6031.92822266, 6395.24267578, 8509.7734375, 5435.76123047, 2577.20166016, 1980.19897461, 2399.38037109, 3921.69799805, 1509.94250488, 1768.00854492, 4937.18994141, 6188.14501953, 2335.32202148, 1751.69042969, 1181.10461426, 682.537536621, 248.265731812, 23.436794281, 0.220446333289, 0.000216167230974, 1.02930471257e-06, 2.5800979131e-08, 1.86561766036e-09, 3.3417751899e-10, 2.71788203055e-10],
        "max": [0.653672039509, 7.38630867004, 57.1836433411, 44.0519790649, 107.516494751, 283.322998047, 370.53314209, 150.102584839, 322.162597656, 365.867004395, 728.575866699, 992.29876709, 746.144287109, 801.196960449, 1177.45056152, 1222.28088379, 988.118530273, 1108.43591309, 1274.39904785, 521.986999512, 460.405517578, 667.090454102, 720.747680664, 389.83795166, 393.006591797, 516.211730957, 452.630706787, 962.055175781, 838.523132324, 830.078613281, 496.246398926, 410.659332275, 99.7975921631, 6.66579294205, 0.208549484611, 0.0143613917753, 0.00262821069919, 0.00071154080797, 0.000267364754109, 0.000168236481841],
        "mean": [0.0449860468507, 0.612370014191, 2.39438056946, 3.40243434906, 6.20962095261, 9.84492397308, 17.4952831268, 15.8796415329, 15.8739280701, 22.3243618011, 28.1605606079, 30.4098243713, 35.559928894, 39.4755439758, 41.8723983765, 44.0526275635, 47.762840271, 54.4875984192, 42.8404693604, 28.6136016846, 30.9873466492, 36.0577812195, 41.6457099915, 29.1228885651, 33.4685058594, 37.5597496033, 30.7220306396, 22.1445140839, 20.3975067139, 19.3076190948, 14.2488746643, 6.98719120026, 2.23926520348, 0.249800175428, 0.00783489923924, 0.000596247089561, 0.000104804224975, 2.89104173135e-05, 2.30744553846e-05, 3.53203140548e-05],
        "median": [0.0220635384321, 0.298082590103, 1.03182291985, 1.96122407913, 3.6142873764, 6.36983680725, 10.2343215942, 11.4499835968, 10.3941068649, 12.546585083, 14.8625535965, 15.3091373444, 17.9431762695, 21.8660850525, 23.3907527924, 24.4415626526, 23.9048500061, 23.5201759338, 22.7136116028, 16.6810283661, 16.7200088501, 18.9942798615, 24.2652664185, 20.0427932739, 22.846912384, 22.9042129517, 16.6213436127, 11.8343677521, 12.2028541565, 12.1762237549, 8.77764129639, 4.2926864624, 1.24146389961, 0.142275303602, 0.00450393557549, 0.000368477893062, 7.03339537722e-05, 2.00814865821e-05, 2.03771269298e-05, 3.4293923818e-05],
        "min": [1.02967083182e-21, 2.46057050692e-21, 9.44673298292e-21, 4.92596685339e-20, 1.68660033099e-19, 2.28724667605e-19, 2.71720947158e-19, 1.5849954099e-19, 4.67742305463e-19, 6.18926106019e-19, 5.27735130352e-19, 1.13011514258e-18, 1.4158172257e-18, 1.80341937828e-18, 1.16659597894e-18, 1.69819786846e-18, 2.64502829547e-18, 2.89708118825e-18, 5.97108886491e-18, 7.90854893235e-18, 7.29779185526e-18, 1.05982234742e-17, 6.92800779346e-18, 1.66013014813e-17, 1.65556741988e-17, 1.50042407116e-17, 1.65461698935e-17, 1.51757930076e-17, 1.44939629179e-17, 1.78765277814e-17, 2.28518620016e-17, 1.78209875664e-17, 1.32766417423e-17, 1.14084022164e-17, 8.73741947489e-18, 5.36823094908e-18, 2.7880383108e-18, 1.20354686069e-18, 3.18647213501e-19, 3.74636529462e-20],
        "var": [0.00374979013577, 0.686702549458, 17.0086956024, 17.4431400299, 64.4342193604, 156.061279297, 530.9765625, 233.586181641, 360.752441406, 879.355895996, 1949.92175293, 2264.40087891, 3104.45776367, 2666.87524414, 3551.13574219, 4053.83959961, 5387.95800781, 8479.33691406, 3742.34130859, 1436.28955078, 1614.91210938, 2654.73828125, 2758.57006836, 1003.06170654, 1208.49072266, 2030.4967041, 1848.71191406, 1137.15795898, 750.612976074, 674.16986084, 409.335021973, 131.62689209, 15.1298408508, 0.161673635244, 0.000155533096404, 7.2290430353e-07, 1.64464744046e-08, 1.07999365007e-09, 2.10532966061e-10, 2.46235670742e-10]
    },
    "gfcc": {
        "mean": [12.4275388718, 114.430366516, -169.487976074, 66.545135498, -87.4289627075, 18.550567627, -27.691991806, -15.1801757812, -2.20639705658, -24.4321880341, 8.3613319397, -17.0625286102, 0.297298371792],
        "cov": [[2655.4699707, -250.950820923, -225.0756073, 196.001708984, -172.072906494, 71.4421005249, -45.7582435608, 28.7787380219, -54.7823829651, 34.0875511169, 0.813058674335, -17.1795272827, -21.677148819], [-250.950820923, 676.549377441, 189.285171509, -90.9599380493, 128.493667603, -55.496006012, 111.190803528, -7.45474243164, 58.5029373169, -48.4009590149, 73.6751556396, -6.70962238312, 6.09685659409], [-225.0756073, 189.285171509, 484.161437988, 147.262130737, -3.56847190857, 52.0100212097, 19.8351650238, 29.1174068451, 23.121515274, -2.69008874893, -2.97623109818, 13.3086929321, 8.07934093475], [196.001708984, -90.9599380493, 147.262130737, 279.583221436, 63.8281440735, 33.4889259338, 4.68055963516, 23.4954490662, 18.3718357086, 25.2671813965, -33.8832817078, 12.6272621155, 14.3489198685], [-172.072906494, 128.493667603, -3.56847190857, 63.8281440735, 198.392913818, 33.0035324097, 37.9213066101, 8.86590766907, 41.1990509033, -2.9607219696, 7.79661417007, -4.05589532852, 10.2584915161], [71.4421005249, -55.496006012, 52.0100212097, 33.4889259338, 33.0035324097, 161.335662842, 50.4835510254, 16.7233848572, -4.1554312706, 22.4562358856, 0.991989076138, -5.54092931747, -13.6893367767], [-45.7582435608, 111.190803528, 19.8351650238, 4.68055963516, 37.9213066101, 50.4835510254, 152.742965698, 36.3365135193, 6.79592037201, 8.02906227112, 29.4978790283, 0.785877883434, -19.8684082031], [28.7787380219, -7.45474243164, 29.1174068451, 23.4954490662, 8.86590766907, 16.7233848572, 36.3365135193, 89.804397583, 32.2924346924, 3.62588620186, 10.0464801788, 3.76667499542, -2.99665164948], [-54.7823829651, 58.5029373169, 23.121515274, 18.3718357086, 41.1990509033, -4.1554312706, 6.79592037201, 32.2924346924, 83.3800811768, 22.0544986725, -0.45979937911, 9.67701435089, 10.7904481888], [34.0875511169, -48.4009590149, -2.69008874893, 25.2671813965, -2.9607219696, 22.4562358856, 8.02906227112, 3.62588620186, 22.0544986725, 68.2731552124, 18.0145053864, 4.11943674088, 9.66703224182], [0.813058674335, 73.6751556396, -2.97623109818, -33.8832817078, 7.79661417007, 0.991989076138, 29.4978790283, 10.0464801788, -0.45979937911, 18.0145053864, 74.4173736572, 29.0207500458, -4.50165510178], [-17.1795272827, -6.70962238312, 13.3086929321, 12.6272621155, -4.05589532852, -5.54092931747, 0.785877883434, 3.76667499542, 9.67701435089, 4.11943674088, 29.0207500458, 60.26197052, 27.846540451], [-21.677148819, 6.09685659409, 8.07934093475, 14.3489198685, 10.2584915161, -13.6893367767, -19.8684082031, -2.99665164948, 10.7904481888, 9.66703224182, -4.50165510178, 27.846540451, 61.0855178833]],
        "icov": [[0.000786971766502, -0.00111189903691, 0.00162106368225, -0.00219312682748, 0.00221716007218, -0.00155229563825, 0.00113125354983, -0.000718262861483, 0.000205898555578, 0.000303746724967, -0.000702596793417, 0.000564963323995, -9.02621759451e-05], [-0.00111189903691, 0.00928451865911, -0.0064204451628, 0.00563017185777, -0.00581131875515, 0.0056843762286, -0.0076270098798, 0.00764972157776, -0.00864869076759, 0.00922494567931, -0.0109217008576, 0.0099180219695, -0.00690848380327], [0.00162106368225, -0.0064204451628, 0.00857080984861, -0.00828341487795, 0.00790873542428, -0.00651713320985, 0.00532304681838, -0.00425859540701, 0.00239302194677, -0.00127152935602, 0.00197291281074, -0.00233668019064, 0.00175112090074], [-0.00219312682748, 0.00563017185777, -0.00828341487795, 0.0145188281313, -0.011618360877, 0.00702807679772, -0.00466787302867, 0.000898306490853, 0.00166928942781, -0.0053212470375, 0.0072189331986, -0.00567678268999, 0.00206394935958], [0.00221716007218, -0.00581131875515, 0.00790873542428, -0.011618360877, 0.0171675570309, -0.00879445485771, 0.00353626464494, -0.000302279455354, -0.00508240330964, 0.006213654764, -0.0066194832325, 0.00651879003271, -0.00421366514638], [-0.00155229563825, 0.0056843762286, -0.00651713320985, 0.00702807679772, -0.00879445485771, 0.0137117030099, -0.00681186374277, 0.00206727511249, 0.000727724749595, -0.00300200795755, 0.00141676503699, -0.000330658105668, 0.0011300900951], [0.00113125354983, -0.0076270098798, 0.00532304681838, -0.00466787302867, 0.00353626464494, -0.00681186374277, 0.0154772456735, -0.00946348160505, 0.0079557383433, -0.00775895547122, 0.0060336724855, -0.00804406311363, 0.00793869234622], [-0.000718262861483, 0.00764972157776, -0.00425859540701, 0.000898306490853, -0.000302279455354, 0.00206727511249, -0.00946348160505, 0.023186320439, -0.0172909069806, 0.0148188192397, -0.0164353996515, 0.0140883345157, -0.00901702977717], [0.000205898555578, -0.00864869076759, 0.00239302194677, 0.00166928942781, -0.00508240330964, 0.000727724749595, 0.0079557383433, -0.0172909069806, 0.0335189551115, -0.025241125375, 0.0252708047628, -0.0231287628412, 0.0134630631655], [0.000303746724967, 0.00922494567931, -0.00127152935602, -0.0053212470375, 0.006213654764, -0.00300200795755, -0.00775895547122, 0.0148188192397, -0.025241125375, 0.0427673570812, -0.0343248695135, 0.0292216613889, -0.0210677161813], [-0.000702596793417, -0.0109217008576, 0.00197291281074, 0.0072189331986, -0.0066194832325, 0.00141676503699, 0.0060336724855, -0.0164353996515, 0.0252708047628, -0.0343248695135, 0.0549050346017, -0.0429214164615, 0.0260499659926], [0.000564963323995, 0.0099180219695, -0.00233668019064, -0.00567678268999, 0.00651879003271, -0.000330658105668, -0.00804406311363, 0.0140883345157, -0.0231287628412, 0.0292216613889, -0.0429214164615, 0.0561606176198, -0.0315443873405], [-9.02621759451e-05, -0.00690848380327, 0.00175112090074, 0.00206394935958, -0.00421366514638, 0.0011300900951, 0.00793869234622, -0.00901702977717, 0.0134630631655, -0.0210677161813, 0.0260499659926, -0.0315443873405, 0.0366676785052]]
    },
    "melbands": {
        "dmean": [0.000359430239769, 0.000829846714623, 0.000496444874443, 0.000368109467672, 0.00034124639933, 0.000191529485164, 0.00013865098299, 0.000161575633683, 0.000142581251566, 0.000127528837766, 0.000108354302938, 9.6393378044e-05, 8.29751807032e-05, 7.39161841921e-05, 5.46653427591e-05, 6.73521499266e-05, 6.01406645728e-05, 4.29770952906e-05, 3.40087863151e-05, 2.58150848822e-05, 2.23152219405e-05, 2.25914445764e-05, 2.46575855272e-05, 1.78829341166e-05, 1.35854934342e-05, 1.39146541187e-05, 1.35294294523e-05, 1.84562959475e-05, 1.65111905517e-05, 1.24610296552e-05, 7.95073628979e-06, 7.74076579546e-06, 7.33588103685e-06, 6.50273432257e-06, 4.97016890222e-06, 4.1198272811e-06, 2.27725945479e-06, 1.28400336052e-06, 4.08456344303e-07, 4.36718323726e-08],
        "dmean2": [0.000569150201045, 0.00136128650047, 0.000822541245725, 0.000608031288721, 0.000547342700884, 0.000307195994537, 0.000227525699302, 0.000258285843302, 0.000226258285693, 0.000204822732485, 0.000175637658685, 0.000152236563736, 0.000136161543196, 0.00012209531269, 8.90413139132e-05, 0.000109252105176, 9.76557857939e-05, 6.98663207004e-05, 5.64793626836e-05, 4.26277038059e-05, 3.69448280253e-05, 3.69060253433e-05, 4.12366862292e-05, 2.96992475342e-05, 2.27484997595e-05, 2.3196100301e-05, 2.2528347472e-05, 3.18803467962e-05, 2.88993633148e-05, 2.15004620259e-05, 1.3251909877e-05, 1.30005182655e-05, 1.23065974549e-05, 1.06433153633e-05, 7.97581651568e-06, 6.74302009429e-06, 3.71856572201e-06, 2.08156848203e-06, 6.53635765957e-07, 7.23658644119e-08],
        "dvar": [2.93558343856e-07, 2.48416063187e-06, 5.71657153614e-07, 2.8425210985e-07, 2.74701619674e-07, 5.73584522101e-08, 4.99969701195e-08, 7.94454990682e-08, 8.51779731192e-08, 6.12296275904e-08, 4.1267774975e-08, 2.44916389391e-08, 2.14436362e-08, 1.59645345832e-08, 9.42391675807e-09, 1.59712865155e-08, 1.5073068127e-08, 5.96094507088e-09, 4.66439908919e-09, 2.11403450301e-09, 1.40534106574e-09, 1.67028901821e-09, 1.35616984309e-09, 8.67336591437e-10, 4.64837973668e-10, 4.13877598859e-10, 4.77926254128e-10, 1.10715170365e-09, 1.16711640352e-09, 6.05251182506e-10, 2.83899431741e-10, 2.24836538276e-10, 2.24811808058e-10, 1.54153134702e-10, 9.39623240326e-11, 9.83873815752e-11, 2.91319468548e-11, 7.89450102512e-12, 5.68793981099e-13, 9.28902069738e-15],
        "dvar2": [7.5862567428e-07, 6.38289702692e-06, 1.477607384e-06, 7.31776651719e-07, 6.55267058391e-07, 1.47576884046e-07, 1.31823000515e-07, 1.96118264739e-07, 2.14614487959e-07, 1.44052449969e-07, 1.05317020882e-07, 6.0868977414e-08, 5.6187509756e-08, 4.23567776409e-08, 2.43272815226e-08, 4.06605060732e-08, 3.76600546304e-08, 1.49265702021e-08, 1.22621921506e-08, 5.57095614084e-09, 3.6100351597e-09, 4.15827550171e-09, 3.58832363823e-09, 2.28417973425e-09, 1.26423549407e-09, 1.08077646832e-09, 1.29999910836e-09, 3.04344949242e-09, 3.2650473436e-09, 1.65323388313e-09, 7.16013914825e-10, 5.85436366052e-10, 5.74749414728e-10, 3.65605601349e-10, 2.23567026003e-10, 2.40494790749e-10, 7.23451992757e-11, 1.90336114925e-11, 1.30908033979e-12, 2.32120790281e-14],
        "max": [0.00754688214511, 0.0227628033608, 0.0099253160879, 0.0109561868012, 0.0151569107547, 0.00354186701588, 0.00441231112927, 0.00427476502955, 0.00625238893554, 0.00606496678665, 0.00370571762323, 0.00294352252968, 0.0029128016904, 0.00227766623721, 0.00191571156029, 0.00221829116344, 0.00235658627935, 0.00185544171836, 0.0011532579083, 0.000724547135178, 0.000633302319329, 0.000735880748834, 0.000662774487864, 0.000592182565015, 0.000383397506084, 0.000355741241947, 0.000325586705003, 0.000347196706571, 0.000368731125491, 0.000365572428564, 0.00054395548068, 0.000527343538124, 0.000441802898422, 0.000441510812379, 0.000245272443863, 0.000357101147529, 0.000219562338316, 9.43280829233e-05, 1.60513427545e-05, 2.73043269772e-06],
        "mean": [0.000532978272531, 0.00112620019354, 0.000686426996253, 0.000565403606743, 0.000581681611948, 0.000367558124708, 0.000238170381635, 0.000263108406216, 0.00021907381597, 0.00018980394816, 0.000174269385752, 0.000157136251801, 0.000129794629174, 0.000121971177578, 9.12172181415e-05, 0.000111620778625, 0.000100688528619, 6.69705623295e-05, 4.84458287247e-05, 3.8319700252e-05, 3.65264495485e-05, 3.90105778934e-05, 4.02172263421e-05, 3.02986809402e-05, 2.24327704927e-05, 2.42697115027e-05, 2.21493319259e-05, 2.63195051957e-05, 2.05484975595e-05, 1.63293752848e-05, 1.17250719995e-05, 1.14554577522e-05, 1.11331728476e-05, 1.04161517811e-05, 8.48164563649e-06, 6.1245004872e-06, 3.63799790648e-06, 1.8503294541e-06, 5.80182302201e-07, 5.63638771212e-08],
        "median": [0.000271598779364, 0.000563962268643, 0.000423638266511, 0.000375112023903, 0.000371306028683, 0.000267696916126, 0.000152371823788, 0.000141062584589, 0.00011242167966, 8.66702539497e-05, 8.31953075249e-05, 8.09739140095e-05, 6.86166677042e-05, 6.80773591739e-05, 4.71149105579e-05, 4.65429911856e-05, 3.70718007616e-05, 3.29089634761e-05, 2.20834263018e-05, 1.92906154552e-05, 1.80038041435e-05, 1.72109648702e-05, 2.29377201322e-05, 1.71829615283e-05, 1.34990423248e-05, 1.52758329932e-05, 1.38563445944e-05, 1.47953487613e-05, 1.04250757431e-05, 7.78268531576e-06, 6.05255127084e-06, 6.44068313704e-06, 6.66378491587e-06, 6.37592165731e-06, 5.17422904522e-06, 3.41833538187e-06, 2.24159543905e-06, 9.87067323877e-07, 3.15448403398e-07, 2.82670882257e-08],
        "min": [9.02841287492e-24, 4.39645198685e-24, 1.0778070864e-23, 1.60866077737e-23, 1.3589004728e-23, 3.38511534584e-24, 7.86762219669e-24, 6.95635058936e-24, 4.62260894204e-24, 7.3763401353e-24, 5.90640867338e-24, 7.14635168269e-24, 3.19315472203e-24, 3.82571072749e-24, 5.71013968573e-24, 4.74216593982e-24, 6.06831921873e-24, 1.07756119845e-23, 7.04240821437e-24, 1.34928757158e-23, 6.99701558016e-24, 1.026343142e-23, 9.02040909218e-24, 3.95864601736e-24, 1.33167167648e-23, 1.0974873516e-23, 1.1687240157e-23, 9.30826916966e-24, 9.09000871212e-24, 1.01264993664e-23, 8.0094704315e-24, 7.46003748848e-24, 9.85859589208e-24, 9.40849079222e-24, 1.38522665448e-23, 1.14570647443e-23, 1.02425187174e-23, 8.02229415437e-24, 1.03424105961e-23, 9.10708360641e-24],
        "var": [5.0147048114e-07, 2.85187729787e-06, 6.57997873077e-07, 4.50203117452e-07, 4.87725344556e-07, 1.17563097035e-07, 8.34937523564e-08, 1.35376282628e-07, 1.21397704334e-07, 1.00390778357e-07, 8.0677978076e-08, 4.5173560892e-08, 3.377108726e-08, 2.72222866471e-08, 1.70996958815e-08, 3.37328529554e-08, 3.47779973708e-08, 1.00730472852e-08, 6.54440501791e-09, 3.14183146166e-09, 2.91602164637e-09, 4.50406822949e-09, 2.45125164611e-09, 1.51955659167e-09, 7.67724661621e-10, 7.62756968697e-10, 7.14219017262e-10, 1.17013831957e-09, 9.48909395504e-10, 6.12291106705e-10, 3.55367818505e-10, 2.50821086123e-10, 2.44983200393e-10, 2.18513165895e-10, 1.42419145921e-10, 1.14540786578e-10, 3.79516487681e-11, 1.16451015497e-11, 9.23732661542e-13, 1.17799887412e-14]
    },
    "mfcc": {
        "mean": [-592.577697754, 99.477142334, -10.312379837, 26.9571495056, -16.0790290833, 16.3534526825, -11.5449056625, 11.6974020004, -15.2384881973, 7.44700908661, -10.2540378571, 4.94197177887, -6.73105669022],
        "cov": [[2109.58398438, -501.938934326, -115.842674255, 30.1783065796, -79.8355484009, 9.38641262054, 23.1734695435, -29.1649341583, -15.4999570847, 1.16959893703, 7.66689062119, 19.5376224518, -29.146604538], [-501.938934326, 757.95880127, 37.2457847595, -9.21281909943, 11.68268013, -21.0547180176, 33.85206604, 64.8166732788, -47.9325904846, 47.2390174866, 17.2832298279, -7.06151628494, 29.3561954498], [-115.842674255, 37.2457847595, 477.262939453, 88.6686935425, 27.8873634338, 28.1928462982, 17.035484314, 21.0801105499, 39.6054267883, -17.8381633759, 5.07406330109, 20.8477611542, 25.6657371521], [30.1783065796, -9.21281909943, 88.6686935425, 241.97946167, 70.6047515869, 22.4354114532, -4.00696706772, 18.1038169861, 51.6689376831, -3.13702726364, -10.2629747391, 22.6730442047, 22.8579750061], [-79.8355484009, 11.68268013, 27.8873634338, 70.6047515869, 170.958633423, 38.7950057983, -20.2585716248, 9.02513790131, 34.491985321, 14.712770462, -10.8028392792, -1.58865785599, 5.10321903229], [9.38641262054, -21.0547180176, 28.1928462982, 22.4354114532, 38.7950057983, 142.683029175, 48.4284477234, 8.51278591156, 23.7996730804, 11.0579128265, 21.2467632294, 5.40653371811, -14.7641115189], [23.1734695435, 33.85206604, 17.035484314, -4.00696706772, -20.2585716248, 48.4284477234, 135.230789185, 42.6815795898, -5.68185758591, 12.0863218307, 37.8446350098, 5.25235080719, -1.69606721401], [-29.1649341583, 64.8166732788, 21.0801105499, 18.1038169861, 9.02513790131, 8.51278591156, 42.6815795898, 103.723876953, 11.6033716202, 19.2186584473, 18.4977798462, 7.91341304779, 7.76754236221], [-15.4999570847, -47.9325904846, 39.6054267883, 51.6689376831, 34.491985321, 23.7996730804, -5.68185758591, 11.6033716202, 103.187599182, 16.0414218903, -0.481449365616, 8.56132316589, 10.5561027527], [1.16959893703, 47.2390174866, -17.8381633759, -3.13702726364, 14.712770462, 11.0579128265, 12.0863218307, 19.2186584473, 16.0414218903, 76.2797851562, 26.0720653534, -3.31902599335, -2.78717064857], [7.66689062119, 17.2832298279, 5.07406330109, -10.2629747391, -10.8028392792, 21.2467632294, 37.8446350098, 18.4977798462, -0.481449365616, 26.0720653534, 75.2844543457, 18.0203914642, -8.71770000458], [19.5376224518, -7.06151628494, 20.8477611542, 22.6730442047, -1.58865785599, 5.40653371811, 5.25235080719, 7.91341304779, 8.56132316589, -3.31902599335, 18.0203914642, 63.7699165344, 28.1067714691], [-29.146604538, 29.3561954498, 25.6657371521, 22.8579750061, 5.10321903229, -14.7641115189, -1.69606721401, 7.76754236221, 10.5561027527, -2.78717064857, -8.71770000458, 28.1067714691, 76.1804885864]],
