{
"lowlevel": {
    "average_loudness": 0.985272288322,
    "barkbands_crest": {
        "dmean": 2.29219555855,
        "dmean2": 3.7517619133,
        "dvar": 4.07702541351,
        "dvar2": 10.5629920959,
        "max": 22.2184886932,
        "mean": 8.12759208679,
        "median": 7.51544570923,
        "min": 2.34355783463,
        "var": 9.12498283386
    },
    "barkbands_flatness_db": {
        "dmean": 0.0147796832025,
        "dmean2": 0.0236733406782,
        "dvar": 0.000156784357387,
        "dvar2": 0.000376325158868,
        "max": 0.327596753836,
        "mean": 0.178330481052,
        "median": 0.176983326674,
        "min": 0.0166004728526,
        "var": 0.00071519165067
    },
    "barkbands_kurtosis": {
        "dmean": 1.07223188877,
        "dmean2": 1.73069810867,
        "dvar": 1.67606008053,
        "dvar2": 4.17048740387,
        "max": 26.42619133,
        "mean": 0.781030297279,
        "median": 0.253920197487,
        "min": -1.86344385147,
        "var": 3.6745967865
    },
    "barkbands_skewness": {
        "dmean": 0.379141688347,
        "dmean2": 0.584232330322,
        "dvar": 0.113944135606,
        "dvar2": 0.261095911264,
        "max": 4.16332387924,
        "mean": 0.730573832989,
        "median": 0.698887228966,
        "min": -2.01677465439,
        "var": 0.530824542046
    },
    "barkbands_spread": {
        "dmean": 2.81982183456,
        "dmean2": 4.40585899353,
        "dvar": 6.27045679092,
        "dvar2": 14.7431383133,
        "max": 43.055065155,
        "mean": 14.743932724,
        "median": 14.1609420776,
        "min": 2.30163574219,
        "var": 25.9958133698
    },
    "dissonance": {
        "dmean": 0.0212509632111,
        "dmean2": 0.0360433571041,
        "dvar": 0.000357451703167,
        "dvar2": 0.000994979636744,
        "max": 0.500000119209,
        "mean": 0.462421923876,
        "median": 0.467468470335,
        "min": 0.288092523813,
        "var": 0.000621016020887
    },
    "dynamic_complexity": 1.0457777977,
    "erbbands_crest": {
        "dmean": 2.90925645828,
        "dmean2": 4.71287298203,
        "dvar": 7.37967920303,
        "dvar2": 17.7766704559,
        "max": 28.1674690247,
        "mean": 9.51800823212,
        "median": 8.40713596344,
        "min": 2.69955778122,
        "var": 18.6380119324
    },
    "erbbands_flatness_db": {
        "dmean": 0.0140735562891,
        "dmean2": 0.0205777026713,
        "dvar": 0.000165914461832,
        "dvar2": 0.000321057828842,
        "max": 0.407000154257,
        "mean": 0.24698805809,
        "median": 0.244201302528,
        "min": 0.105580851436,
        "var": 0.00105331535451
    },
    "erbbands_kurtosis": {
        "dmean": 0.689523458481,
        "dmean2": 1.09691643715,
        "dvar": 0.624509990215,
        "dvar2": 1.48066699505,
        "max": 12.4416761398,
        "mean": 0.194336250424,
        "median": -0.144805550575,
        "min": -1.68794429302,
        "var": 1.6420776844
    },
    "erbbands_skewness": {
        "dmean": 0.334946662188,
        "dmean2": 0.530370533466,
        "dvar": 0.0863425582647,
        "dvar2": 0.21022208035,
        "max": 2.48847007751,
        "mean": 0.176272124052,
        "median": 0.187060475349,
        "min": -2.79947900772,
        "var": 0.283659219742
    },
    "erbbands_spread": {
        "dmean": 4.39900159836,
        "dmean2": 6.7005777359,
        "dvar": 15.9795398712,
        "dvar2": 34.7535896301,
        "max": 66.2112731934,
        "mean": 23.0690021515,
        "median": 22.2705631256,
        "min": 3.60921835899,
        "var": 81.8715286255
    },
    "hfc": {
        "dmean": 6.81114721298,
        "dmean2": 10.3086051941,
        "dvar": 60.2097549438,
        "dvar2": 127.407981873,
        "max": 116.77734375,
        "mean": 28.8351478577,
        "median": 27.228187561,
        "min": 1.784256215e-10,
        "var": 183.206893921
    },
    "melbands_crest": {
        "dmean": 2.87182760239,
        "dmean2": 4.76695823669,
        "dvar": 6.68306064606,
        "dvar2": 17.7224082947,
        "max": 27.9006404877,
        "mean": 10.2023954391,
        "median": 9.41514778137,
        "min": 1.97187292576,
        "var": 14.0343227386
    },
    "melbands_flatness_db": {
        "dmean": 0.0166410803795,
        "dmean2": 0.0255654752254,
        "dvar": 0.000211879043491,
        "dvar2": 0.00046888802899,
        "max": 0.339584678411,
        "mean": 0.2014683038,
        "median": 0.200347870588,
        "min": 0.0192919503897,
        "var": 0.00130377546884
    },
    "melbands_kurtosis": {
        "dmean": 1.81617736816,
        "dmean2": 2.89627408981,
        "dvar": 5.1954369545,
        "dvar2": 12.6718540192,
        "max": 34.7887039185,
        "mean": 2.63401961327,
        "median": 1.54639959335,
        "min": -1.85702478886,
        "var": 13.0228681564
    },
    "melbands_skewness": {
        "dmean": 0.42651078105,
        "dmean2": 0.655346035957,
        "dvar": 0.147779881954,
        "dvar2": 0.332868427038,
        "max": 4.77041101456,
        "mean": 1.19989895821,
        "median": 1.15741062164,
        "min": -1.35668516159,
        "var": 0.725500822067
    },
    "melbands_spread": {
        "dmean": 4.86464452744,
        "dmean2": 7.66187238693,
        "dvar": 22.0863189697,
        "dvar2": 49.9329071045,
        "max": 153.951263428,
        "mean": 22.5893974304,
        "median": 21.7578411102,
        "min": 2.82769942284,
        "var": 75.591545105
    },
    "pitch_salience": {
        "dmean": 0.0643883794546,
        "dmean2": 0.104575701058,
        "dvar": 0.00295028532855,
        "dvar2": 0.0074920183979,
        "max": 0.911215126514,
        "mean": 0.632238566875,
        "median": 0.639855206013,
        "min": 0.271952062845,
        "var": 0.00720114633441
    },
    "silence_rate_20dB": {
        "dmean": 0,
        "dmean2": 0,
        "dvar": 0,
        "dvar2": 0,
        "max": 1,
        "mean": 1,
        "median": 1,
        "min": 1,
        "var": 0
    },
    "silence_rate_30dB": {
        "dmean": 0,
        "dmean2": 0,
        "dvar": 0,
        "dvar2": 0,
        "max": 1,
        "mean": 1,
        "median": 1,
        "min": 1,
        "var": 0
    },
    "silence_rate_60dB": {
        "dmean": 0.000843051820993,
        "dmean2": 0.00154581223615,
        "dvar": 0.000842344248667,
        "dvar2": 0.00154342013411,
        "max": 1,
        "mean": 0.00407417817041,
        "median": 0,
        "min": 0,
        "var": 0.00405755499378
    },
    "spectral_centroid": {
        "dmean": 170.972000122,
        "dmean2": 264.342987061,
        "dvar": 25000.8320312,
        "dvar2": 56586.4179688,
        "max": 4175.69482422,
        "mean": 1203.13232422,
        "median": 1192.02563477,
        "min": 386.579956055,
        "var": 128638.289062
    },
    "spectral_complexity": {
        "dmean": 3.3471968174,
        "dmean2": 5.24381685257,
        "dvar": 8.38541507721,
        "dvar2": 18.6458511353,
        "max": 49,
        "mean": 25.4446468353,
        "median": 25,
        "min": 0,
        "var": 36.6191902161
    },
    "spectral_decrease": {
        "dmean": 1.90479698681e-09,
        "dmean2": 3.03615310671e-09,
        "dvar": 3.7514870031e-18,
        "dvar2": 9.00767757899e-18,
        "max": -4.85982695775e-22,
        "mean": -7.95387933294e-09,
        "median": -7.80337217066e-09,
        "min": -2.58181067636e-08,
        "var": 7.5430418079e-18
    },
    "spectral_energy": {
        "dmean": 0.00770504539832,
        "dmean2": 0.0122331175953,
        "dvar": 6.15320750512e-05,
        "dvar2": 0.000145971687743,
        "max": 0.107230700552,
        "mean": 0.0326351858675,
        "median": 0.0321664661169,
        "min": 1.80179527169e-14,
        "var": 0.000127753795823
    },
    "spectral_energyband_high": {
        "dmean": 0.000113054280519,
        "dmean2": 0.000162547803484,
        "dvar": 2.30805508039e-08,
        "dvar2": 4.89835692008e-08,
        "max": 0.00257528829388,
        "mean": 0.000299863662804,
        "median": 0.000195165121113,
        "min": 1.43065101459e-14,
        "var": 8.97302427916e-08
    },
    "spectral_energyband_low": {
        "dmean": 0.000786279560998,
        "dmean2": 0.00125142780598,
        "dvar": 1.33813603043e-06,
        "dvar2": 3.21353581967e-06,
        "max": 0.0186434462667,
        "mean": 0.00160946010146,
        "median": 0.00117634003982,
        "min": 4.13413461679e-16,
        "var": 2.50384573519e-06
    },
    "spectral_energyband_middle_high": {
        "dmean": 0.00412855437025,
        "dmean2": 0.00621317885816,
        "dvar": 2.63214751612e-05,
        "dvar2": 5.60881271667e-05,
        "max": 0.101360365748,
        "mean": 0.0134072415531,
        "median": 0.0107350088656,
        "min": 2.82247111662e-15,
        "var": 8.78673308762e-05
    },
    "spectral_energyband_middle_low": {
        "dmean": 0.00619369139895,
        "dmean2": 0.0100717879832,
        "dvar": 4.70504346595e-05,
        "dvar2": 0.000120082513604,
        "max": 0.0824971720576,
        "mean": 0.0181640386581,
        "median": 0.0166424456984,
        "min": 2.5007766324e-16,
        "var": 8.62584056449e-05
    },
    "spectral_entropy": {
        "dmean": 0.112864241004,
        "dmean2": 0.163874357939,
        "dvar": 0.0107982642949,
        "dvar2": 0.0203403346241,
        "max": 9.29794788361,
        "mean": 7.3081111908,
        "median": 7.32411384583,
        "min": 6.35743713379,
        "var": 0.0693321228027
    },
    "spectral_flux": {
        "dmean": 0.0233875885606,
        "dmean2": 0.0367020703852,
        "dvar": 0.000489417929202,
        "dvar2": 0.00109991873614,
        "max": 0.287671595812,
        "mean": 0.102511152625,
        "median": 0.0973294749856,
        "min": 0.000148049322888,
        "var": 0.00108077179175
    },
    "spectral_kurtosis": {
        "dmean": 3.90241527557,
        "dmean2": 6.86206579208,
        "dvar": 13.634303093,
        "dvar2": 39.9257926941,
        "max": 37.8010292053,
        "mean": 6.65048408508,
        "median": 5.36828708649,
        "min": -0.414509296417,
        "var": 25.7538070679
    },
    "spectral_rms": {
        "dmean": 0.000657784927171,
        "dmean2": 0.00103144219611,
        "dvar": 3.82142502531e-07,
        "dvar2": 8.80472839526e-07,
        "max": 0.0102281626314,
        "mean": 0.00555181549862,
        "median": 0.00560195650905,
        "min": 4.19267109919e-09,
        "var": 1.01664318208e-06
    },
    "spectral_rolloff": {
        "dmean": 262.384674072,
        "dmean2": 436.670959473,
        "dvar": 117061.46875,
        "dvar2": 232139.78125,
        "max": 16882.03125,
        "mean": 1473.8326416,
        "median": 1464.2578125,
        "min": 322.998046875,
        "var": 275097.8125
    },
    "spectral_skewness": {
        "dmean": 0.357325047255,
        "dmean2": 0.611886680126,
        "dvar": 0.0993289649487,
        "dvar2": 0.278947293758,
        "max": 4.29826498032,
        "mean": 1.52493667603,
        "median": 1.44442927837,
        "min": 0.40844887495,
        "var": 0.284515589476
    },
    "spectral_spread": {
        "dmean": 222235.234375,
        "dmean2": 325266.21875,
        "dvar": 178163105792,
        "dvar2": 199184842752,
        "max": 30174744,
        "mean": 2470761.25,
        "median": 2375949,
        "min": 1402432.75,
        "var": 434736693248
    },
    "spectral_strongpeak": {
        "dmean": 1.05116355419,
        "dmean2": 1.70600771904,
        "dvar": 1.56527853012,
        "dvar2": 3.693400383,
        "max": 14.8146257401,
        "mean": 2.071570158,
        "median": 1.38039362431,
        "min": 0,
        "var": 3.52937984467
    },
    "zerocrossingrate": {
        "dmean": 0.00486470013857,
        "dmean2": 0.00598693452775,
        "dvar": 3.17376106977e-05,
        "dvar2": 3.58392862836e-05,
        "max": 0.546875,
        "mean": 0.0518185906112,
        "median": 0.05126953125,
        "min": 0.01708984375,
        "var": 0.000201462273253
    },
    "barkbands": {
        "dmean": [8.04013870948e-06, 0.000210386278923, 0.000448179926025, 0.00073486258043, 0.00218648975715, 0.00251404149458, 0.00163918861654, 0.00127548514865, 0.00185524532571, 0.0018293466419, 0.00132597016636, 0.00118865049444, 0.000699391879607, 0.000736811605748, 0.00111076945905, 0.000670110166539, 0.000335921969963, 0.000216044456465, 0.000149911313201, 8.52798257256e-05, 5.5954864365e-05, 2.69720894721e-05, 8.37833431433e-06, 2.26424390348e-06, 2.96423280588e-07, 3.01627323118e-09, 1.900457125e-09],
        "dmean2": [1.40670244946e-05, 0.00034138985211, 0.000723809120245, 0.00123998196796, 0.0036497998517, 0.00409934576601, 0.00266874604858, 0.00204387842678, 0.00303258094937, 0.00294559891336, 0.00204552290961, 0.00184229318984, 0.00110446906183, 0.00118560239207, 0.00176374253351, 0.00105201976839, 0.000540621113032, 0.000341770675732, 0.000240576511715, 0.000133970403112, 8.54655081639e-05, 3.93540394725e-05, 1.24522393889e-05, 3.30522038894e-06, 4.58284773686e-07, 4.94874941026e-09, 3.31807470388e-09],
        "dvar": [1.66221605924e-10, 1.2125880744e-07, 4.69307224193e-07, 1.21925427266e-06, 6.81148003423e-06, 1.01397918115e-05, 6.71870793667e-06, 4.29311467087e-06, 1.24491043607e-05, 1.58061138791e-05, 6.69436667522e-06, 4.70259283247e-06, 1.4252782421e-06, 2.40513372773e-06, 3.75224385607e-06, 2.57177953245e-06, 6.3915769033e-07, 1.34331145318e-07, 4.66102108021e-08, 1.2200536581e-08, 6.38169384004e-09, 2.55001997296e-09, 6.5528288351e-10, 8.04077776584e-11, 8.55914568821e-13, 7.65192954763e-17, 7.05538740393e-18],
        "dvar2": [4.62892252306e-10, 3.04116582583e-07, 1.17330694138e-06, 3.26116150973e-06, 1.86778106581e-05, 2.68764215434e-05, 1.74322940438e-05, 1.06037959995e-05, 3.0399480238e-05, 3.97180956497e-05, 1.39880748975e-05, 9.52782556851e-06, 3.16374189424e-06, 5.70072143091e-06, 9.19237299968e-06, 5.80672713113e-06, 1.55501788868e-06, 3.2349444723e-07, 1.15595440775e-07, 3.06879179846e-08, 1.46030156856e-08, 5.67248914507e-09, 1.59210278294e-09, 1.72269823406e-10, 1.87841148885e-12, 2.24339825984e-16, 2.02207179327e-17],
        "max": [0.000193025247427, 0.00580077897757, 0.0109751401469, 0.0185096524656, 0.0335037633777, 0.0383028574288, 0.0493892766535, 0.0567577369511, 0.0686355307698, 0.071532189846, 0.0585080198944, 0.0510073825717, 0.0239787902683, 0.0317863970995, 0.0340758487582, 0.0378621630371, 0.0343643724918, 0.00766155589372, 0.00396806746721, 0.00186076597311, 0.00137504760642, 0.000855864258483, 0.000938485958613, 0.000395480339648, 4.4929995056e-05, 5.10703216605e-07, 1.01357358062e-07],
        "mean": [8.00488487585e-06, 0.000351389171556, 0.000769507314544, 0.00105213245843, 0.0042298710905, 0.00470721675083, 0.00254421052523, 0.00197871821001, 0.00285472371615, 0.00277952686884, 0.0023185745813, 0.00209746765904, 0.00122162059415, 0.00114733318333, 0.00180444330908, 0.00107965129428, 0.000595496618189, 0.000393665861338, 0.000309433002258, 0.000192478633835, 0.000121653378301, 5.49752585357e-05, 1.74948818312e-05, 4.88559135192e-06, 7.80654204391e-07, 1.2030064056e-08, 2.16996665081e-09],
        "median": [3.72894669454e-06, 0.000199995120056, 0.000483156356495, 0.000644968124107, 0.00332006090321, 0.00338141573593, 0.00162223167717, 0.00117622315884, 0.00156633253209, 0.0013386340579, 0.00078762578778, 0.00100048468448, 0.000654123257846, 0.000584810040891, 0.000898308586329, 0.00044204533333, 0.000333667790983, 0.000235732339206, 0.000216380314669, 0.000131275737658, 7.66525772633e-05, 2.25534131459e-05, 7.64688502386e-06, 2.29636225413e-06, 5.49929040972e-07, 1.17815099898e-08, 1.24965837678e-09],
        "min": [2.67707780535e-16, 2.34638396664e-16, 4.05821756836e-17, 1.57602986808e-17, 2.57057724269e-17, 3.66133432522e-17, 5.10060145954e-17, 3.05720031786e-17, 4.21679603272e-17, 2.86341499523e-16, 2.06467523441e-16, 1.27108172815e-16, 3.28540336848e-16, 3.55989021839e-17, 1.44917953738e-16, 4.00543034273e-16, 3.90520596334e-16, 7.70951322966e-17, 6.97090063201e-16, 6.08208407886e-16, 8.78626058577e-16, 9.07041949315e-16, 9.19348596884e-16, 1.80281348999e-15, 2.22628591791e-15, 3.47217672738e-15, 3.71161367157e-15],
        "var": [1.55324419993e-10, 2.01130859523e-07, 8.23498567115e-07, 1.58648924753e-06, 1.23305371744e-05, 1.9636216166e-05, 9.24405503611e-06, 6.55869962429e-06, 1.68643236975e-05, 2.11768510781e-05, 1.86704728549e-05, 1.21009697978e-05, 3.2370990084e-06, 3.46269848706e-06, 6.31943112239e-06, 4.5359570322e-06, 9.01785710994e-07, 2.48424754545e-07, 9.64756665667e-08, 3.49979707437e-08, 1.73316934138e-08, 6.2215623764e-09, 1.01463770719e-09, 1.33914879186e-10, 1.53618209733e-12, 5.00358442334e-17, 7.7938694394e-18]
    },
    "erbbands": {
        "dmean": [0.00337632140145, 0.0615199841559, 0.424500077963, 1.41391468048, 4.84313297272, 8.03700733185, 19.2859764099, 20.2923965454, 22.1530189514, 21.9147777557, 31.4801158905, 39.684047699, 52.1022758484, 58.9748535156, 50.3474464417, 44.0516242981, 30.2581501007, 34.2274475098, 50.0199432373, 42.7850532532, 30.7180290222, 15.5401477814, 10.4553499222, 10.1992273331, 5.73597097397, 4.13889694214, 2.98888015747, 1.66812396049, 1.09034860134, 0.516085386276, 0.208348214626, 0.0764384269714, 0.0243803337216, 0.00512081990018, 0.00138111389242, 5.85496527492e-05, 8.81270625541e-06, 2.69658039542e-06, 4.04426009482e-06, 8.99940914678e-06],
        "dmean2": [0.00547762913629, 0.099471129477, 0.675772309303, 2.34208321571, 8.23650360107, 13.3281297684, 31.1590137482, 33.2660179138, 35.850769043, 35.9818115234, 50.2249183655, 64.7035446167, 83.92918396, 91.9394989014, 74.8974075317, 68.3131027222, 47.4013366699, 54.4754180908, 79.6251373291, 66.6669998169, 47.5361213684, 24.3895683289, 16.553144455, 15.9140148163, 9.23588752747, 6.52279853821, 4.57803821564, 2.52357292175, 1.60692965984, 0.7618085742, 0.31055688858, 0.11381509155, 0.0354546196759, 0.00775797851384, 0.00214146543294, 8.75820915098e-05, 1.35897234941e-05, 4.13118050346e-06, 6.3161160142e-06, 1.42089083965e-05],
        "dvar": [3.54156436515e-05, 0.010409434326, 0.437167942524, 4.33611249924, 50.7036132812, 94.220199585, 663.831970215, 764.111083984, 1170.51245117, 1396.46765137, 2589.79199219, 5847.76464844, 16177.4296875, 14678.2568359, 8589.96777344, 5473.44335938, 2375.20776367, 4835.828125, 9547.09570312, 6328.96044922, 6135.15917969, 1006.29547119, 255.87159729, 282.449035645, 67.7824935913, 30.8017787933, 16.5476036072, 8.13065338135, 4.33943605423, 0.993455171585, 0.561921834946, 0.112049885094, 0.0110749341547, 0.00033514451934, 1.01940304376e-05, 1.8547886782e-08, 2.64611582645e-10, 1.77772345455e-11, 1.73269436993e-11, 8.46805542354e-11],
        "dvar2": [8.70789081091e-05, 0.0261200796813, 1.08394551277, 11.091173172, 139.238754272, 252.524124146, 1750.1451416, 2011.78625488, 3083.39697266, 3613.72314453, 6336.59472656, 14661.1318359, 41103.0820312, 34780.3867188, 16940.9179688, 11603.8408203, 5314.74658203, 11404.7597656, 23040.4433594, 14362.4482422, 13908.4023438, 2436.02099609, 615.436828613, 652.474304199, 175.914916992, 76.9399871826, 37.8632965088, 18.9749755859, 9.91299819946, 2.2636346817, 1.38255465031, 0.275214850903, 0.0205906499177, 0.000664470542688, 2.07276716537e-05, 3.82385216824e-08, 7.23363091648e-10, 4.82596185236e-11, 3.93394067322e-11, 1.97414667946e-10],
        "max": [0.123079583049, 1.68398964405, 10.6939353943, 30.4385261536, 97.0664215088, 139.860977173, 442.128112793, 357.576690674, 900.297119141, 811.183837891, 1055.17480469, 1393.70703125, 2176.53491211, 2837.76416016, 2245.04541016, 1802.95141602, 987.817871094, 1562.9864502, 2124.02587891, 1867.17651367, 2115.60498047, 1180.81652832, 241.921554565, 313.595672607, 177.504211426, 85.7040328979, 79.3944702148, 62.8090667725, 36.8815574646, 18.4019603729, 28.0987854004, 16.512544632, 4.18471860886, 0.959411501884, 0.0922848582268, 0.00420818896964, 0.000845653004944, 0.000211132108234, 5.99953018536e-05, 0.0001292580273],
        "mean": [0.00511511508375, 0.107098422945, 0.776582419872, 2.37737083435, 7.07979917526, 14.9469366074, 33.9403915405, 35.6759147644, 36.6457710266, 34.6445655823, 50.3276901245, 63.4496078491, 78.7551651001, 101.498184204, 100.105857849, 81.9446334839, 57.6880493164, 61.8910369873, 84.4178924561, 79.2927856445, 55.4801368713, 31.0718460083, 21.3843517303, 20.5670146942, 12.7723226547, 9.44668006897, 6.56619548798, 3.59032344818, 2.19050908089, 1.08163464069, 0.433073967695, 0.164734184742, 0.0516648106277, 0.0139470752329, 0.0032236201223, 0.000164359633345, 4.41806041636e-05, 1.16528626677e-05, 1.83761112567e-05, 3.89591041312e-05],
        "median": [0.00290952133946, 0.0645926445723, 0.486832290888, 1.58788442612, 4.729429245, 11.0171422958, 21.7456665039, 22.9150009155, 24.6162834167, 21.8505592346, 30.5992240906, 36.7327461243, 41.0023117065, 47.8588066101, 43.5414848328, 45.8513946533, 34.9979438782, 35.8767929077, 46.0927505493, 38.3934249878, 26.0478515625, 18.4624156952, 14.0111665726, 13.9493837357, 8.94801616669, 6.40241956711, 4.52859830856, 1.96623766422, 0.92377358675, 0.423929750919, 0.193824291229, 0.0757609307766, 0.0255082733929, 0.0094131026417, 0.00220607966185, 0.000118373165606, 4.30306536146e-05, 1.13725800475e-05, 1.82044350368e-05, 3.85728271795e-05],
        "min": [1.10813017562e-14, 3.78670924098e-14, 5.4632059781e-14, 4.98616041034e-14, 7.25944911822e-14, 8.65071157611e-14, 1.23784988336e-13, 3.69406003183e-13, 6.76452763162e-13, 7.39644402583e-13, 6.2576728738e-13, 8.37796574737e-13, 5.22601406594e-12, 1.13252775213e-11, 6.63783914986e-12, 5.98645178568e-12, 1.47295162178e-11, 4.82544950178e-12, 4.49948195022e-12, 9.14876768093e-12, 2.52035319698e-11, 2.543410621e-11, 4.83152103395e-12, 2.01408403844e-11, 3.30762084388e-11, 1.97806580143e-11, 4.476477522e-11, 2.89429816919e-11, 4.66836673485e-11, 2.70720581369e-11, 2.47673132003e-11, 3.2076008516e-11, 3.23275919922e-11, 2.70222230009e-11, 1.60319969106e-11, 1.10171455292e-11, 7.16827075128e-12, 2.48728099748e-12, 5.35049110052e-13, 5.17187509453e-14],
        "var": [4.90913371323e-05, 0.01710565947, 0.81634914875, 6.57822179794, 58.3447685242, 195.214050293, 1371.36462402, 1454.56323242, 1658.05651855, 1893.50158691, 3962.78198242, 7720.20263672, 17804.1757812, 26841.4003906, 26887.5097656, 14341.7714844, 5504.28955078, 8211.078125, 16079.3994141, 14375.0966797, 11701.5390625, 1790.859375, 552.893676758, 553.315307617, 155.051589966, 86.9442443848, 41.7835006714, 21.2224712372, 9.89005947113, 2.57247829437, 0.760137200356, 0.145560011268, 0.020435648039, 0.000667254673317, 1.84875680134e-05, 3.14858290551e-08, 3.01422303783e-10, 2.55477340672e-11, 4.04745889582e-11, 1.83687773325e-10]
    },
    "gfcc": {
        "mean": [-12.8533716202, 155.89680481, -187.255279541, 21.7111129761, -66.2638702393, -9.62131404877, -29.8957023621, -19.0187263489, -13.4660816193, -18.435300827, -3.37569093704, -16.9502124786, 4.69476938248],
        "cov": [[845.520324707, -53.2204475403, -127.109901428, 237.798126221, -81.5510025024, -27.185585022, 48.8647842407, -69.8464431763, 39.2762298584, -31.5505199432, -25.7773208618, 2.00103354454, -38.9718017578], [-53.2204475403, 347.101867676, 185.862136841, -88.1748352051, 115.84765625, -51.0293540955, 4.49687147141, 23.4165229797, -13.9390087128, 10.4596500397, 12.5112333298, -18.860294342, 3.88237857819], [-127.109901428, 185.862136841, 320.895843506, 61.2208061218, -41.5027351379, 16.2406406403, -35.0860862732, 1.82651984692, -11.3486509323, 11.0657119751, 7.82421398163, -5.38418722153, -11.9881763458], [237.798126221, -88.1748352051, 61.2208061218, 288.317138672, -81.4230651855, 8.89185142517, 2.47312188148, -26.5986499786, 25.6426944733, -8.3881149292, -15.7287769318, 13.7670907974, -34.0468978882], [-81.5510025024, 115.84765625, -41.5027351379, -81.4230651855, 211.855712891, 0.808499693871, 11.4755086899, 60.4950332642, -2.67023038864, -1.40724122524, 5.78013563156, -10.3927612305, 20.7304420471], [-27.185585022, -51.0293540955, 16.2406406403, 8.89185142517, 0.808499693871, 137.471298218, 40.2038078308, 0.971601068974, -7.90662193298, 3.52696228027, -4.83444309235, -14.9831619263, -4.50629281998], [48.8647842407, 4.49687147141, -35.0860862732, 2.47312188148, 11.4755086899, 40.2038078308, 106.83946228, 7.48874235153, -10.2278699875, 5.27170848846, -5.90619421005, -8.5551109314, -9.44149875641], [-69.8464431763, 23.4165229797, 1.82651984692, -26.5986499786, 60.4950332642, 0.971601068974, 7.48874235153, 110.025222778, 31.2845458984, -9.07064342499, 0.476628988981, -4.25622940063, 10.1295938492], [39.2762298584, -13.9390087128, -11.3486509323, 25.6426944733, -2.67023038864, -7.90662193298, -10.2278699875, 31.2845458984, 69.428062439, 11.5949783325, -9.08876991272, 5.77100610733, 3.31450366974], [-31.5505199432, 10.4596500397, 11.0657119751, -8.3881149292, -1.40724122524, 3.52696228027, 5.27170848846, -9.07064342499, 11.5949783325, 63.9810180664, 21.2655658722, -3.7018828392, -3.3611330986], [-25.7773208618, 12.5112333298, 7.82421398163, -15.7287769318, 5.78013563156, -4.83444309235, -5.90619421005, 0.476628988981, -9.08876991272, 21.2655658722, 59.6983642578, 20.0053443909, -3.49338316917], [2.00103354454, -18.860294342, -5.38418722153, 13.7670907974, -10.3927612305, -14.9831619263, -8.5551109314, -4.25622940063, 5.77100610733, -3.7018828392, 20.0053443909, 49.8818435669, 16.438123703], [-38.9718017578, 3.88237857819, -11.9881763458, -34.0468978882, 20.7304420471, -4.50629281998, -9.44149875641, 10.1295938492, 3.31450366974, -3.3611330986, -3.49338316917, 16.438123703, 53.4947166443]],
        "icov": [[0.00325597589836, -0.00506465695798, 0.00559710431844, -0.00435631535947, 0.00332039152272, -0.0019324386958, 0.000806800788268, 0.000601918029133, -0.000983871752396, 0.00155261787586, -0.000773249659687, 0.000702522986103, -0.00030763229006], [-0.00506465695798, 0.0238568298519, -0.0219787880778, 0.0121496096253, -0.0156062887982, 0.012718568556, -0.00991027243435, 0.00562705332413, -0.0044328738004, 0.0013244105503, -0.00205933745019, 0.00406499160454, 0.000664954714011], [0.00559710431844, -0.0219787880778, 0.0244270041585, -0.0129057988524, 0.0151084931567, -0.0121142501011, 0.0104643059894, -0.00595391029492, 0.00536076910794, -0.00190094835125, 0.00143446470611, -0.00271493266337, -0.0004918758641], [-0.00435631535947, 0.0121496096253, -0.0129057988524, 0.0125453630462, -0.0070793912746, 0.00550066120923, -0.00456512253731, 0.00249849725515, -0.0031069831457, 0.000122473808005, 0.00162709341384, -0.00204900000244, 0.00390099338256], [0.00332039152272, -0.0156062887982, 0.0151084931567, -0.0070793912746, 0.0167461000383, -0.00823941081762, 0.00632690405473, -0.00733380857855, 0.00452001579106, -0.00131087366026, 0.000658416131046, -0.00112881569657, -0.00221906206571], [-0.0019324386958, 0.012718568556, -0.0121142501011, 0.00550066120923, -0.00823941081762, 0.0156678520143, -0.00917454622686, 0.00390269351192, -0.00298289000057, 0.00160703016445, -0.00225566676818, 0.0054878317751, -0.000938058248721], [0.000806800788268, -0.00991027243435, 0.0104643059894, -0.00456512253731, 0.00632690405473, -0.00917454622686, 0.0172214750201, -0.00609020562842, 0.00711970217526, -0.00500100059435, 0.00471918284893, -0.00433806749061, 0.0026004628744], [0.000601918029133, 0.00562705332413, -0.00595391029492, 0.00249849725515, -0.00733380857855, 0.00390269351192, -0.00609020562842, 0.0180454738438, -0.0125036109239, 0.00794975738972, -0.00608274620026, 0.00605173269287, -0.00201773620211], [-0.000983871752396, -0.0044328738004, 0.00536076910794, -0.0031069831457, 0.00452001579106, -0.00298289000057, 0.00711970217526, -0.0125036109239, 0.0265895985067, -0.0118641601875, 0.0103255035356, -0.00854567438364, 0.0013575257035], [0.00155261787586, 0.0013244105503, -0.00190094835125, 0.000122473808005, -0.00131087366026, 0.00160703016445, -0.00500100059435, 0.00794975738972, -0.0118641601875, 0.0251373182982, -0.0138691915199, 0.00991882290691, -0.00269679282792], [-0.000773249659687, -0.00205933745019, 0.00143446470611, 0.00162709341384, 0.000658416131046, -0.00225566676818, 0.00471918284893, -0.00608274620026, 0.0103255035356, -0.0138691915199, 0.0306381694973, -0.0186737626791, 0.0087104793638], [0.000702522986103, 0.00406499160454, -0.00271493266337, -0.00204900000244, -0.00112881569657, 0.0054878317751, -0.00433806749061, 0.00605173269287, -0.00854567438364, 0.00991882290691, -0.0186737626791, 0.036876693368, -0.0141059970483], [-0.00030763229006, 0.000664954714011, -0.0004918758641, 0.00390099338256, -0.00221906206571, -0.000938058248721, 0.0026004628744, -0.00201773620211, 0.0013575257035, -0.00269679282792, 0.0087104793638, -0.0141059970483, 0.0270654186606]]
    },
    "melbands": {
        "dmean": [4.20359974669e-05, 0.000168806189322, 0.000321302766679, 0.000458502647234, 0.000571772397961, 0.000450722436653, 0.000342120212736, 0.00023039347434, 0.000259200809523, 0.000270045507932, 0.000265235226834, 0.000246748328209, 0.000179857219337, 0.000147206505062, 7.87426761235e-05, 7.24819183233e-05, 6.58629942336e-05, 8.11651916592e-05, 7.65851509641e-05, 5.2021106967e-05, 3.72018876078e-05, 1.87487967196e-05, 1.22382843983e-05, 1.12303205242e-05, 8.89838247531e-06, 5.62756304134e-06, 3.28990745402e-06, 2.96401390187e-06, 2.23349275075e-06, 1.35709626647e-06, 9.68149720393e-07, 7.07686581336e-07, 4.47634192824e-07, 2.49053954349e-07, 1.45676636976e-07, 7.46129273921e-08, 4.30554010222e-08, 2.06774970479e-08, 8.93278695457e-09, 3.68541619444e-09],
        "dmean2": [6.82062454871e-05, 0.000268905539997, 0.000535011815373, 0.000770150218159, 0.0009302822873, 0.000737902359106, 0.000552953511942, 0.00037706195144, 0.00041423048242, 0.000441052136011, 0.000427170802141, 0.000385436869692, 0.00027056230465, 0.000223850802286, 0.000124359125039, 0.000113612601126, 0.000105336097477, 0.00012960380991, 0.000120393837278, 8.15414168756e-05, 5.8134442952e-05, 2.99182829622e-05, 1.96722030523e-05, 1.79104608833e-05, 1.40098263728e-05, 9.20202182897e-06, 5.27872225575e-06, 4.74873786516e-06, 3.47490936292e-06, 2.12781742448e-06, 1.48226502006e-06, 1.06712832348e-06, 6.80815276155e-07, 3.762721974e-07, 2.2204369543e-07, 1.14077082003e-07, 6.54443752524e-08, 3.09313712421e-08, 1.35543807289e-08, 5.80810066708e-09],
        "dvar": [4.92793450491e-09, 6.98732733895e-08, 2.09415148333e-07, 3.56335647211e-07, 5.35830906756e-07, 3.51584247937e-07, 2.70752536835e-07, 1.46923326838e-07, 1.75296719362e-07, 2.87665386622e-07, 4.13644357877e-07, 2.61864613549e-07, 1.12691218135e-07, 7.86697782473e-08, 1.52952104315e-08, 1.8339560981e-08, 1.96738465519e-08, 2.83291043957e-08, 1.94345144422e-08, 1.42113236734e-08, 1.04577670967e-08, 1.9956245545e-09, 4.40103231636e-10, 4.29567215132e-10, 2.22588961152e-10, 8.28158583377e-11, 2.05693413691e-11, 1.72674045201e-11, 9.52885773758e-12, 4.23536466315e-12, 2.98926139917e-12, 1.94732598102e-12, 7.70904444881e-13, 2.45251681377e-13, 2.43896808132e-13, 1.02119613492e-13, 3.4358854737e-14, 7.60522761846e-15, 1.30158237873e-15, 1.01278703799e-16],
        "dvar2": [1.19442002955e-08, 1.73497326728e-07, 5.51582616026e-07, 9.72401949184e-07, 1.42687292737e-06, 9.29461918986e-07, 7.05399202161e-07, 3.76877579811e-07, 4.28383629014e-07, 7.08549691808e-07, 1.04852972527e-06, 6.23215100859e-07, 2.24920285063e-07, 1.57643398779e-07, 3.42317001412e-08, 4.18117878098e-08, 4.59820839183e-08, 6.68185577979e-08, 4.58699105366e-08, 3.23417204129e-08, 2.35104185009e-08, 4.89429607953e-09, 1.07201247879e-09, 1.04344832774e-09, 5.14896236758e-10, 2.21665963362e-10, 5.23993314017e-11, 4.36405217519e-11, 2.25021407757e-11, 1.02782010333e-11, 7.02537767544e-12, 4.59201643724e-12, 1.80556567961e-12, 5.69229776162e-13, 6.09072525488e-13, 2.61798585198e-13, 8.36440020979e-14, 1.47160759869e-14, 2.46919972058e-15, 2.17891906787e-16],
        "max": [0.00107006286271, 0.0042561320588, 0.00713335582986, 0.00869824644178, 0.0119346231222, 0.00771179655567, 0.0127892065793, 0.00819172058254, 0.00705829774961, 0.0103398142383, 0.0106884241104, 0.0123630752787, 0.00892195571214, 0.00646295072511, 0.0024904073216, 0.00321562867612, 0.00300994724967, 0.0041733761318, 0.00253167911433, 0.00227257981896, 0.00256238412112, 0.00190152309369, 0.000474788772408, 0.000387739099097, 0.000259685592027, 0.000225002950174, 8.19406486698e-05, 7.07548679202e-05, 5.35721992492e-05, 3.00340907415e-05, 4.04678758059e-05, 2.53584257734e-05, 1.81903942575e-05, 1.13896048788e-05, 1.63949789567e-05, 1.51946596816e-05, 9.06087916519e-06, 3.25976884596e-06, 2.19892535824e-06, 4.58488557342e-07],
        "mean": [7.02933757566e-05, 0.000311735406285, 0.000521331327036, 0.000780446047429, 0.00106847565621, 0.000811308156699, 0.000566451461054, 0.000368883978808, 0.000408624851843, 0.000416693015723, 0.000388022948755, 0.000404432590585, 0.000335639779223, 0.000268443167442, 0.000138124029036, 0.000126795261167, 0.000108702020952, 0.000126274244394, 0.000128257554024, 8.46762122819e-05, 6.15174940322e-05, 3.34547221428e-05, 2.1925821784e-05, 1.95356878976e-05, 1.64487228176e-05, 1.07743881017e-05, 6.91068044034e-06, 6.07507035966e-06, 4.47825050287e-06, 2.74688022728e-06, 1.84708517281e-06, 1.30524824726e-06, 8.63558625497e-07, 4.89249430302e-07, 2.73925081729e-07, 1.37267790024e-07, 8.36560545281e-08, 3.8921520229e-08, 1.79259949107e-08, 9.63740287574e-09],
        "median": [4.09571075579e-05, 0.000199484464247, 0.000363452738384, 0.000574587262236, 0.00073308032006, 0.000553072895855, 0.000380966695957, 0.000236330422922, 0.000248245720286, 0.000224449700909, 0.000191307248315, 0.000178298621904, 0.000129717751406, 0.000122361569083, 8.04911469459e-05, 6.9281202741e-05, 5.57240491617e-05, 6.10183633398e-05, 5.98593105678e-05, 3.58015313395e-05, 2.56973398791e-05, 1.79818453034e-05, 1.33527892103e-05, 1.11006374937e-05, 1.05644066934e-05, 6.9135708145e-06, 4.56794350612e-06, 3.90416880691e-06, 3.07986738335e-06, 1.65276344433e-06, 8.74271108842e-07, 5.33574166184e-07, 3.32825493388e-07, 1.90448261606e-07, 1.17105301456e-07, 6.14680999433e-08, 3.73923469965e-08, 1.85574187128e-08, 9.74561054079e-09, 7.19803239235e-09],
        "min": [9.49277037003e-17, 3.63009535308e-17, 9.44475154285e-18, 5.96147040874e-18, 4.14709233491e-18, 8.24050891987e-18, 1.04852397015e-17, 7.82690537871e-18, 4.62630784227e-18, 5.85995301371e-18, 2.72732829964e-17, 4.69799975139e-17, 2.51610773022e-17, 1.26508415586e-17, 2.57744730855e-17, 3.07819250745e-17, 5.9848659716e-18, 4.55237361193e-18, 1.32350684719e-17, 1.66752563912e-17, 3.05995152058e-17, 3.0531788966e-17, 5.96222851978e-18, 3.98161692132e-18, 1.5893312632e-17, 3.45587986642e-17, 1.19335237662e-17, 1.35271169948e-17, 3.19106626512e-17, 2.66252200737e-17, 1.11127306424e-17, 2.98483988137e-17, 1.19186171444e-17, 1.86088340864e-17, 1.62431835613e-17, 1.1460958791e-17, 2.1774235915e-17, 1.92942425594e-17, 2.13254110233e-17, 2.43335840154e-17],
        "var": [8.02620725437e-09, 1.2619371148e-07, 2.86026192953e-07, 5.37061907835e-07, 1.14024680897e-06, 6.6340749072e-07, 3.95012222043e-07, 2.07462662161e-07, 2.66566132723e-07, 3.83629810585e-07, 4.58420146288e-07, 4.7318710017e-07, 3.44016314102e-07, 2.09271732388e-07, 3.36377645738e-08, 3.74214224053e-08, 3.26319060662e-08, 4.82229403076e-08, 3.70587720511e-08, 2.52924969857e-08, 2.00201153433e-08, 2.9225335485e-09, 8.60691462545e-10, 7.20033532797e-10, 4.09735662066e-10, 1.4744928889e-10, 4.89205030652e-11, 4.16842012296e-11, 2.03751026467e-11, 9.77323690726e-12, 7.1025936868e-12, 3.79460698974e-12, 1.78493461331e-12, 5.6587991671e-13, 3.19459384076e-13, 1.15224792056e-13, 4.38546734463e-14, 1.33072594488e-14, 2.50171329202e-15, 1.83688610498e-16]
    },
    "mfcc": {
        "mean": [-627.616821289, 167.161239624, -53.571975708, 19.5881481171, -19.871963501, 1.41248762608, -12.389251709, -5.45230960846, -8.89706707001, -3.53022098541, -10.8652763367, -6.57476902008, -5.23016929626],
        "cov": [[892.49029541, -326.913452148, -51.852355957, 208.085678101, -131.851272583, 109.48714447, -86.6911087036, 56.2066841125, -27.0621681213, 11.2013473511, -7.76299190521, -4.35265922546, -0.911558866501], [-326.913452148, 564.712585449, -7.54506587982, -59.2248649597, 118.491661072, -90.0590591431, 79.5084838867, -42.0320358276, 27.633562088, 8.68075942993, 9.97118186951, 3.97808933258, -1.99687314034], [-51.852355957, -7.54506587982, 384.856262207, 65.2718582153, -30.3184394836, 48.9757270813, -33.5085220337, -6.69240045547, -31.190410614, -20.496421814, 28.0058021545, 7.08262395859, -1.09570932388], [208.085678101, -59.2248649597, 65.2718582153, 203.046188354, -6.64122724533, 13.1557941437, -36.3095970154, 12.7804002762, -5.49985027313, -18.1041870117, 13.5007219315, 12.5717573166, 11.141084671], [-131.851272583, 118.491661072, -30.3184394836, -6.64122724533, 163.744918823, -44.9881896973, 14.0295753479, 14.830573082, 23.4908332825, 13.2999773026, -11.1207609177, 15.9885988235, -4.5437412262], [109.48714447, -90.0590591431, 48.9757270813, 13.1557941437, -44.9881896973, 133.120834351, 21.2869129181, -4.26221036911, -7.90737199783, 2.87674236298, 14.1023540497, -17.1704082489, 4.45426511765], [-86.6911087036, 79.5084838867, -33.5085220337, -36.3095970154, 14.0295753479, 21.2869129181, 119.168319702, 13.9745922089, 4.48090267181, 18.9012317657, 5.79196310043, -0.0179285667837, -3.75872588158], [56.2066841125, -42.0320358276, -6.69240045547, 12.7804002762, 14.830573082, -4.26221036911, 13.9745922089, 87.1531982422, 27.8627490997, 8.39960575104, -4.21493196487, 1.4566835165, -0.595749437809], [-27.0621681213, 27.633562088, -31.190410614, -5.49985027313, 23.4908332825, -7.90737199783, 4.48090267181, 27.8627490997, 84.5682678223, 27.3582839966, -4.5928478241, -6.34236907959, 1.79773056507], [11.2013473511, 8.68075942993, -20.496421814, -18.1041870117, 13.2999773026, 2.87674236298, 18.9012317657, 8.39960575104, 27.3582839966, 70.9549789429, 8.10844421387, -6.09788990021, -7.51300907135], [-7.76299190521, 9.97118186951, 28.0058021545, 13.5007219315, -11.1207609177, 14.1023540497, 5.79196310043, -4.21493196487, -4.5928478241, 8.10844421387, 69.8102340698, 16.8764591217, 0.918320298195], [-4.35265922546, 3.97808933258, 7.08262395859, 12.5717573166, 15.9885988235, -17.1704082489, -0.0179285667837, 1.4566835165, -6.34236907959, -6.09788990021, 16.8764591217, 64.3396759033, 15.5996522903], [-0.911558866501, -1.99687314034, -1.09570932388, 11.141084671, -4.5437412262, 4.45426511765, -3.75872588158, -0.595749437809, 1.79773056507, -7.51300907135, 0.918320298195, 15.5996522903, 51.8046455383]],
