{
"lowlevel": {
    "average_loudness": 0.91905683279,
    "barkbands_crest": {
        "dmean": 2.59930419922,
        "dmean2": 4.33075761795,
        "dvar": 5.41019153595,
        "dvar2": 14.0370674133,
        "max": 26.1103858948,
        "mean": 8.67739105225,
        "median": 7.80668973923,
        "min": 2.8567841053,
        "var": 13.012087822
    },
    "barkbands_flatness_db": {
        "dmean": 0.0169116873294,
        "dmean2": 0.027156772092,
        "dvar": 0.000231764337514,
        "dvar2": 0.000563873210922,
        "max": 0.271751344204,
        "mean": 0.145609736443,
        "median": 0.144349589944,
        "min": 0.0380510501564,
        "var": 0.000791219412349
    },
    "barkbands_kurtosis": {
        "dmean": 1.59875929356,
        "dmean2": 2.60964679718,
        "dvar": 5.64965248108,
        "dvar2": 14.9818325043,
        "max": 46.840637207,
        "mean": 1.88268721104,
        "median": 1.02406787872,
        "min": -1.83037102222,
        "var": 9.97451686859
    },
    "barkbands_skewness": {
        "dmean": 0.407918512821,
        "dmean2": 0.650019228458,
        "dvar": 0.154798492789,
        "dvar2": 0.38534244895,
        "max": 6.84433317184,
        "mean": 1.13516676426,
        "median": 1.06386876106,
        "min": -2.05450224876,
        "var": 0.515590667725
    },
    "barkbands_spread": {
        "dmean": 3.60629606247,
        "dmean2": 5.70170974731,
        "dvar": 15.166223526,
        "dvar2": 32.4422950745,
        "max": 84.0305709839,
        "mean": 15.5658731461,
        "median": 14.3681001663,
        "min": 1.99353003502,
        "var": 50.0325202942
    },
    "dissonance": {
        "dmean": 0.021551752463,
        "dmean2": 0.0365135483444,
        "dvar": 0.000346693384927,
        "dvar2": 0.000953614420723,
        "max": 0.500000119209,
        "mean": 0.458619952202,
        "median": 0.463366687298,
        "min": 0.26464048028,
        "var": 0.000732377346139
    },
    "dynamic_complexity": 2.67546272278,
    "erbbands_crest": {
        "dmean": 2.76860785484,
        "dmean2": 4.56029415131,
        "dvar": 6.47640562057,
        "dvar2": 16.2127685547,
        "max": 31.0114059448,
        "mean": 9.09477901459,
        "median": 8.14334774017,
        "min": 2.47021865845,
        "var": 16.5328865051
    },
    "erbbands_flatness_db": {
        "dmean": 0.0147563498467,
        "dmean2": 0.0223872046918,
        "dvar": 0.000187068551895,
        "dvar2": 0.000399501237553,
        "max": 0.323582231998,
        "mean": 0.202633082867,
        "median": 0.20282420516,
        "min": 0.0313735678792,
        "var": 0.00101994688157
    },
    "erbbands_kurtosis": {
        "dmean": 0.708246231079,
        "dmean2": 1.1505818367,
        "dvar": 0.814627289772,
        "dvar2": 2.00651884079,
        "max": 12.6658582687,
        "mean": 0.074152469635,
        "median": -0.258195161819,
        "min": -1.78430211544,
        "var": 1.79941809177
    },
    "erbbands_skewness": {
        "dmean": 0.343615949154,
        "dmean2": 0.546422958374,
        "dvar": 0.0899772644043,
        "dvar2": 0.218941912055,
        "max": 3.35194921494,
        "mean": 0.437875747681,
        "median": 0.413445115089,
        "min": -2.0635035038,
        "var": 0.280919224024
    },
    "erbbands_spread": {
        "dmean": 5.28273820877,
        "dmean2": 8.10916614532,
        "dvar": 28.4816646576,
        "dvar2": 62.575214386,
        "max": 108.429763794,
        "mean": 28.417181015,
        "median": 26.7576885223,
        "min": 5.12659883499,
        "var": 144.178970337
    },
    "hfc": {
        "dmean": 4.94639492035,
        "dmean2": 6.83801984787,
        "dvar": 42.7658653259,
        "dvar2": 77.0364532471,
        "max": 89.5719909668,
        "mean": 17.4325942993,
        "median": 13.4979467392,
        "min": 4.66926219911e-10,
        "var": 194.245178223
    },
    "melbands_crest": {
        "dmean": 3.21169710159,
        "dmean2": 5.32571315765,
        "dvar": 8.25405406952,
        "dvar2": 21.4470100403,
        "max": 38.439125061,
        "mean": 11.1333732605,
        "median": 10.188832283,
        "min": 3.25388622284,
        "var": 19.8339996338
    },
    "melbands_flatness_db": {
        "dmean": 0.0203862506896,
        "dmean2": 0.031836707145,
        "dvar": 0.000344623404089,
        "dvar2": 0.000783827970736,
        "max": 0.357602536678,
        "mean": 0.187350466847,
        "median": 0.187876194715,
        "min": 0.0212029274553,
        "var": 0.00170180248097
    },
    "melbands_kurtosis": {
        "dmean": 2.90853714943,
        "dmean2": 4.72490644455,
        "dvar": 17.475566864,
        "dvar2": 44.8366699219,
        "max": 74.0061416626,
        "mean": 5.28090238571,
        "median": 3.54954099655,
        "min": -1.48453950882,
        "var": 36.6120834351
    },
    "melbands_skewness": {
        "dmean": 0.482125192881,
        "dmean2": 0.764088571072,
        "dvar": 0.214658230543,
        "dvar2": 0.524748682976,
        "max": 7.95621681213,
        "mean": 1.68763303757,
        "median": 1.5798085928,
        "min": -0.901795089245,
        "var": 0.872637748718
    },
    "melbands_spread": {
        "dmean": 5.24004459381,
        "dmean2": 8.34492874146,
        "dvar": 37.2179718018,
        "dvar2": 80.8331069946,
        "max": 178.524459839,
        "mean": 20.5571422577,
        "median": 19.2533283234,
        "min": 2.06205415726,
        "var": 96.3961486816
    },
    "pitch_salience": {
        "dmean": 0.067060790956,
        "dmean2": 0.110001131892,
        "dvar": 0.00334198330529,
        "dvar2": 0.00857023149729,
        "max": 0.949252426624,
        "mean": 0.620910167694,
        "median": 0.631226301193,
        "min": 0.0542238727212,
        "var": 0.00959565117955
    },
    "silence_rate_20dB": {
        "dmean": 0,
        "dmean2": 0,
        "dvar": 0,
        "dvar2": 0,
        "max": 1,
        "mean": 1,
        "median": 1,
        "min": 1,
        "var": 0
    },
    "silence_rate_30dB": {
        "dmean": 0,
        "dmean2": 0,
        "dvar": 0,
        "dvar2": 0,
        "max": 1,
        "mean": 1,
        "median": 1,
        "min": 1,
        "var": 0
    },
    "silence_rate_60dB": {
        "dmean": 0.0151565074921,
        "dmean2": 0.0301532372832,
        "dvar": 0.0149260535836,
        "dvar2": 0.0368285030127,
        "max": 1,
        "mean": 0.0362378507853,
        "median": 0,
        "min": 0,
        "var": 0.0349237471819
    },
    "spectral_centroid": {
        "dmean": 200.178314209,
        "dmean2": 314.139678955,
        "dvar": 52487.2109375,
        "dvar2": 102607.5,
        "max": 11123.2460938,
        "mean": 1170.17028809,
        "median": 1112.15429688,
        "min": 288.850311279,
        "var": 188087.515625
    },
    "spectral_complexity": {
        "dmean": 3.12883019447,
        "dmean2": 4.83555793762,
        "dvar": 9.30619812012,
        "dvar2": 18.8918609619,
        "max": 51,
        "mean": 19.8407173157,
        "median": 19,
        "min": 0,
        "var": 60.2094573975
    },
    "spectral_decrease": {
        "dmean": 1.77617343056e-09,
        "dmean2": 2.68514521728e-09,
        "dvar": 5.44870238779e-18,
        "dvar2": 1.20377567952e-17,
        "max": -1.29730849155e-21,
        "mean": -5.21941068143e-09,
        "median": -4.27037694095e-09,
        "min": -3.62610705906e-08,
        "var": 1.47262153816e-17
    },
    "spectral_energy": {
        "dmean": 0.00708945095539,
        "dmean2": 0.0106561053544,
        "dvar": 8.63558161655e-05,
        "dvar2": 0.000188353151316,
        "max": 0.140832260251,
        "mean": 0.0212804470211,
        "median": 0.017360644415,
        "min": 4.72479145381e-14,
        "var": 0.000243726855842
    },
    "spectral_energyband_high": {
        "dmean": 0.000130300424644,
        "dmean2": 0.000177524008905,
        "dvar": 1.02225676812e-07,
        "dvar2": 2.04874126553e-07,
        "max": 0.0101432260126,
        "mean": 0.000302333210129,
        "median": 0.000132749875775,
        "min": 3.77760431443e-14,
        "var": 2.50411829938e-07
    },
    "spectral_energyband_low": {
        "dmean": 0.000921924249269,
        "dmean2": 0.00147544546053,
        "dvar": 2.55961663242e-06,
        "dvar2": 6.21593699179e-06,
        "max": 0.0275891385972,
        "mean": 0.00149119854905,
        "median": 0.0010210260516,
        "min": 1.37054483668e-15,
        "var": 3.24787902173e-06
    },
    "spectral_energyband_middle_high": {
        "dmean": 0.0019603217952,
        "dmean2": 0.00284538511187,
        "dvar": 7.95152936917e-06,
        "dvar2": 1.54520366777e-05,
        "max": 0.0618146173656,
        "mean": 0.00621277326718,
        "median": 0.00430608447641,
        "min": 5.68281053522e-15,
        "var": 3.62468636013e-05
    },
    "spectral_energyband_middle_low": {
        "dmean": 0.00601169746369,
        "dmean2": 0.0094288289547,
        "dvar": 6.99506927049e-05,
        "dvar2": 0.000166417245055,
        "max": 0.130606099963,
        "mean": 0.0139243081212,
        "median": 0.0110105834901,
        "min": 2.02647317499e-15,
        "var": 0.000136122500408
    },
    "spectral_entropy": {
        "dmean": 0.132296279073,
        "dmean2": 0.20337189734,
        "dvar": 0.0158693436533,
        "dvar2": 0.0341184176505,
        "max": 9.80529117584,
        "mean": 7.38038873672,
        "median": 7.36522769928,
        "min": 6.20602989197,
        "var": 0.0877374708652
    },
    "spectral_flux": {
        "dmean": 0.0198799744248,
        "dmean2": 0.0305781457573,
        "dvar": 0.000480928574689,
        "dvar2": 0.000957066542469,
        "max": 0.292548149824,
        "mean": 0.0806058421731,
        "median": 0.072917804122,
        "min": 1.80353817996e-05,
        "var": 0.00155591778457
    },
    "spectral_kurtosis": {
        "dmean": 2.14622092247,
        "dmean2": 3.67075514793,
        "dvar": 3.80231833458,
        "dvar2": 11.0048294067,
        "max": 22.9270782471,
        "mean": 5.94673109055,
        "median": 5.59198760986,
        "min": -1.22796797752,
        "var": 9.81002521515
    },
    "spectral_rms": {
        "dmean": 0.000717527058441,
        "dmean2": 0.00105878594331,
        "dvar": 5.87105716932e-07,
        "dvar2": 1.20321681152e-06,
        "max": 0.011721660383,
        "mean": 0.00426347134635,
        "median": 0.0041154846549,
        "min": 6.78936862286e-09,
        "var": 2.5842236937e-06
    },
    "spectral_rolloff": {
        "dmean": 340.573486328,
        "dmean2": 566.037719727,
        "dvar": 267409.28125,
        "dvar2": 519945.03125,
        "max": 16882.03125,
        "mean": 1389.48657227,
        "median": 1291.9921875,
        "min": 21.533203125,
        "var": 564272.8125
    },
    "spectral_skewness": {
        "dmean": 0.247919097543,
        "dmean2": 0.404108941555,
        "dvar": 0.0474301315844,
        "dvar2": 0.123657770455,
        "max": 3.55742478371,
        "mean": 1.71860122681,
        "median": 1.72443640232,
        "min": -0.00881127920002,
        "var": 0.209293395281
    },
    "spectral_spread": {
        "dmean": 284513.375,
        "dmean2": 425249,
        "dvar": 346599292928,
        "dvar2": 443517698048,
        "max": 41188288,
        "mean": 3289515,
        "median": 3124136.75,
        "min": 1993946.125,
        "var": 740748951552
    },
    "spectral_strongpeak": {
        "dmean": 0.591271936893,
        "dmean2": 0.966976583004,
        "dvar": 0.436060726643,
        "dvar2": 1.06057572365,
        "max": 9.18617248535,
        "mean": 1.19978368282,
        "median": 0.927697956562,
        "min": 0,
        "var": 1.01705098152
    },
    "zerocrossingrate": {
        "dmean": 0.00616754731163,
        "dmean2": 0.00774837750942,
        "dvar": 6.55163021293e-05,
        "dvar2": 8.65750917001e-05,
        "max": 0.5458984375,
        "mean": 0.0515521578491,
        "median": 0.04931640625,
        "min": 0.01220703125,
        "var": 0.000397684023483
    },
    "barkbands": {
        "dmean": [9.26518623601e-06, 0.000309222057695, 0.000496374501381, 0.000670903886203, 0.00221822760068, 0.00130747223739, 0.00158258923329, 0.00197047065012, 0.00140857207589, 0.000808978977147, 0.000560605898499, 0.000439580733655, 0.000427005987149, 0.000404959107982, 0.000370579917217, 0.000209903446375, 0.000256612460362, 0.000183846001164, 0.000104750222818, 6.24918175163e-05, 4.9230089644e-05, 3.93048358092e-05, 2.29943361774e-05, 1.00869874586e-05, 3.12690826831e-06, 8.29128836699e-08, 6.99811186777e-09],
        "dmean2": [1.47004166138e-05, 0.00049666367704, 0.000841429980937, 0.00111913157161, 0.00369825027883, 0.00215619313531, 0.00257215625606, 0.00315934396349, 0.00223042140715, 0.00127869471908, 0.000897482328583, 0.000706405437086, 0.000692140427418, 0.000640987826046, 0.000586774491239, 0.000334438023856, 0.000411704037106, 0.000283093220787, 0.000165468707564, 9.6846393717e-05, 7.22265322111e-05, 5.58197352802e-05, 3.23691929225e-05, 1.43348888741e-05, 4.5597330427e-06, 1.40468003451e-07, 1.18909220248e-08],
        "dvar": [3.9880268532e-10, 4.93719824135e-07, 8.92219020443e-07, 1.46798640799e-06, 1.59256505867e-05, 4.99604630022e-06, 9.28137797018e-06, 2.18231107283e-05, 1.19565356727e-05, 3.02608464153e-06, 1.63122456343e-06, 7.94718175712e-07, 6.75269234307e-07, 7.12485075383e-07, 5.31838679763e-07, 1.72595463255e-07, 1.95003622139e-07, 1.28547242184e-07, 3.05268912371e-08, 1.36288464958e-08, 1.4882981958e-08, 7.77699149523e-09, 1.38931675053e-08, 2.39760344911e-09, 2.42326242406e-10, 7.19555335725e-15, 1.32044469073e-16],
        "dvar2": [9.43665368069e-10, 1.17353215501e-06, 2.41283191826e-06, 3.84558961741e-06, 4.18211384385e-05, 1.34103929668e-05, 2.36419455177e-05, 5.37098239874e-05, 2.82598193735e-05, 7.18450246495e-06, 3.88922398997e-06, 1.86535453395e-06, 1.64502489497e-06, 1.64342236531e-06, 1.31327499275e-06, 3.85161911254e-07, 4.62822129066e-07, 2.8861637702e-07, 7.65884564657e-08, 3.13865378132e-08, 3.37158603259e-08, 1.55024242332e-08, 3.16137764855e-08, 4.63174831822e-09, 5.60333390798e-10, 1.91465580505e-14, 3.40137991371e-16],
        "max": [0.000373440299882, 0.00847729854286, 0.0196167305112, 0.0224604047835, 0.122335478663, 0.036966200918, 0.0516892932355, 0.0950743407011, 0.0674967169762, 0.0347376987338, 0.0251479912549, 0.0191177725792, 0.0200066883117, 0.0185073949397, 0.0119504183531, 0.0107240024954, 0.00798081886023, 0.0069062076509, 0.00247680302709, 0.00224588764831, 0.00436044298112, 0.00197773170657, 0.00501141231507, 0.00202225358225, 0.000721567019355, 2.55489021583e-06, 5.44512658962e-07],
        "mean": [1.06893057819e-05, 0.000402808887884, 0.00065751891816, 0.000944015977439, 0.00335669051856, 0.00193231680896, 0.00224635773338, 0.00282634794712, 0.00215606531128, 0.00129414245021, 0.00091111776419, 0.000741822761483, 0.00066847371636, 0.000729467079509, 0.000625325890724, 0.000379541947041, 0.000458400376374, 0.000380422163289, 0.000196733220946, 0.000123387479107, 9.42121041589e-05, 7.73777064751e-05, 4.13351372117e-05, 1.91278413695e-05, 6.37710900264e-06, 4.0646693833e-07, 1.1764132779e-08],
        "median": [3.73549505639e-06, 0.000222536589717, 0.000407840445405, 0.000577522499952, 0.00210505491123, 0.00108550535515, 0.00100800127257, 0.00097003870178, 0.00070148386294, 0.000539037631825, 0.000376830575988, 0.00031309822225, 0.000286440219497, 0.000255289778579, 0.000246606126893, 0.000181607814739, 0.000248845200986, 0.000148971521412, 0.000104281345557, 5.07748227392e-05, 3.17664671456e-05, 2.91445849143e-05, 1.35752134156e-05, 7.14260568202e-06, 2.97539327221e-06, 3.90960337882e-07, 8.62516369438e-09],
        "min": [7.01249736125e-16, 7.28519591285e-16, 2.24783591839e-16, 1.40852447054e-16, 2.80645944106e-16, 2.35766935717e-16, 3.803318223e-16, 5.62636500076e-16, 3.46013435409e-16, 1.70383046385e-16, 2.04609331678e-16, 2.64334948278e-16, 1.04707307881e-16, 4.10571269094e-16, 3.47424248192e-16, 2.17925999863e-16, 2.22026473126e-16, 9.69693376533e-16, 1.93538367536e-15, 1.3486292356e-15, 4.45455431642e-15, 1.5010475205e-15, 9.32564534323e-16, 6.23563294099e-15, 4.99004431051e-15, 8.73540419822e-15, 1.0573111634e-14],
        "var": [4.74367434222e-10, 4.99327597936e-07, 8.67227811341e-07, 1.69732038557e-06, 2.07174707612e-05, 6.65762900098e-06, 1.32566119646e-05, 3.05061003019e-05, 1.78184491233e-05, 5.01662225361e-06, 2.95651375382e-06, 1.75480658982e-06, 1.20844913454e-06, 1.86201430097e-06, 1.12878149139e-06, 3.7079712456e-07, 3.82835253276e-07, 3.39748652323e-07, 6.70442616979e-08, 3.36222676367e-08, 2.9835621973e-08, 2.02109724512e-08, 1.67414935248e-08, 3.93109544916e-09, 3.23817833658e-10, 1.13796852055e-14, 1.42654178777e-16]
    },
    "erbbands": {
        "dmean": [0.00731130922213, 0.0821913033724, 0.448928892612, 1.38394653797, 4.777739048, 9.10534477234, 10.1702070236, 10.4034290314, 17.4460124969, 34.2501449585, 40.7664070129, 30.8783798218, 23.9290313721, 22.2733211517, 20.5470790863, 17.9038314819, 19.2257728577, 19.6699123383, 19.2272453308, 14.2591342926, 10.4399604797, 12.957490921, 11.0511198044, 6.07312107086, 4.3997926712, 2.89517807961, 2.43818068504, 1.60403299332, 1.4527361393, 1.00542616844, 0.623848795891, 0.281618595123, 0.137401342392, 0.0529580265284, 0.0137371886522, 0.000981603865512, 8.9895525889e-05, 9.07912999537e-06, 4.25238840762e-06, 8.19320757728e-06],
        "dmean2": [0.011717739515, 0.133881926537, 0.760829746723, 2.266238451, 8.12515735626, 15.1898374557, 16.7798538208, 17.25806427, 28.5177688599, 54.4799079895, 65.3409118652, 49.135269165, 37.9410667419, 35.4174957275, 33.1382751465, 28.7414112091, 30.8551044464, 30.9944038391, 30.2784538269, 22.9363651276, 15.9678964615, 20.3807315826, 16.9611854553, 9.52165222168, 6.86201286316, 4.46501493454, 3.62839961052, 2.34269499779, 2.08727622032, 1.42916631699, 0.884420454502, 0.403799504042, 0.200647264719, 0.0766910165548, 0.0206975918263, 0.00154293142259, 0.000148842853378, 1.43244615174e-05, 6.39613745079e-06, 1.2163161955e-05],
        "dvar": [0.000322455511196, 0.0342949777842, 0.789657771587, 5.26330041885, 86.2930679321, 348.760467529, 298.457458496, 348.269866943, 1309.56079102, 4295.11572266, 12174.3007812, 6027.390625, 3334.70996094, 2538.71069336, 2224.71459961, 1286.52441406, 1280.4387207, 1992.53198242, 1349.64648438, 735.83795166, 493.072692871, 503.032501221, 469.579681396, 109.811439514, 61.945854187, 26.5091400146, 37.8607406616, 13.4866256714, 11.2503910065, 10.0551452637, 12.0757608414, 2.10094404221, 0.410366415977, 0.0762506499887, 0.00364704988897, 7.89576188254e-06, 1.76441226074e-08, 2.4012911104e-10, 2.92706518745e-11, 1.12918119299e-10],
        "dvar2": [0.000770037586335, 0.0849766284227, 2.12635040283, 13.4850702286, 237.489471436, 921.971435547, 766.726074219, 949.005737305, 3383.80566406, 10422.9033203, 30354.2890625, 14412.9677734, 7971.36572266, 5995.87011719, 5439.13574219, 3023.08984375, 3155.36157227, 4633.08984375, 3254.15161133, 1862.84277344, 1068.0168457, 1140.8059082, 1035.56555176, 262.840454102, 154.339599609, 59.7302322388, 86.6458969116, 29.5095825195, 22.5594596863, 21.6426258087, 27.2694358826, 4.08605146408, 0.840859889984, 0.176375061274, 0.00835405755788, 1.82498461072e-05, 4.11759408792e-08, 5.32874966375e-10, 6.22896317859e-11, 2.40436337506e-10],
        "max": [0.231304749846, 2.2676718235, 17.9086055756, 39.7676773071, 171.567672729, 677.36340332, 290.026702881, 329.722930908, 746.647155762, 1045.42041016, 2680.70727539, 1357.74743652, 1046.99853516, 1453.10473633, 950.863769531, 647.907897949, 915.760314941, 1058.99841309, 758.330200195, 485.339141846, 459.708892822, 414.73059082, 497.231689453, 155.962051392, 139.98348999, 99.0129318237, 208.854766846, 105.041931152, 85.2583389282, 102.724128723, 151.760406494, 63.0536422729, 26.54322052, 13.9843759537, 2.37188506126, 0.112925618887, 0.00556829199195, 0.000553285120986, 0.00014073451166, 0.00015675148461],
        "mean": [0.00885517150164, 0.107815422118, 0.631031155586, 2.14627456665, 6.46866321564, 12.8381004333, 14.7559814453, 15.8584213257, 25.3506317139, 51.5035629272, 59.9212799072, 46.9701347351, 42.6888923645, 37.9340515137, 35.6109771729, 32.4903030396, 33.3833274841, 37.2006187439, 34.5013389587, 26.9700183868, 20.7676525116, 25.921710968, 23.7072200775, 12.4387550354, 8.50440311432, 5.93791627884, 4.67482995987, 3.16315722466, 2.85925173759, 1.89955043793, 1.11627388, 0.524259805679, 0.257667720318, 0.10125824064, 0.0304978135973, 0.00389704131521, 0.0004533820902, 3.87541003875e-05, 1.46383990796e-05, 2.55384329648e-05],
        "median": [0.00405577383935, 0.0638838261366, 0.40121024847, 1.42847394943, 3.86977982521, 7.04948186874, 8.59724521637, 8.24505710602, 12.311006546, 22.0059204102, 21.5617771149, 18.0114078522, 15.303647995, 17.6498394012, 16.6286087036, 14.5463485718, 15.5146064758, 14.635386467, 15.851143837, 12.6440992355, 10.050942421, 13.1322479248, 9.9529914856, 6.87583684921, 4.14182472229, 2.52778983116, 1.62227678299, 1.14574623108, 1.11651074886, 0.63497364521, 0.352435767651, 0.180718526244, 0.101164981723, 0.043562233448, 0.0162420123816, 0.00326707935892, 0.000420205527917, 3.41160412063e-05, 1.23947402244e-05, 2.10303951462e-05],
        "min": [3.160768156e-14, 1.27918834379e-13, 2.63453755339e-13, 3.93697715487e-13, 6.58724431338e-13, 1.00148730454e-12, 1.2189940897e-12, 2.24442491502e-12, 4.48156572616e-12, 8.33334876799e-12, 1.26939700071e-11, 7.85168111084e-12, 6.84016515304e-12, 4.09378910979e-12, 1.14222841255e-11, 9.18872183203e-12, 4.90020957838e-12, 1.9616832464e-11, 2.0659602501e-11, 1.10238294188e-11, 1.51494372602e-11, 1.44253662834e-11, 5.31121362168e-11, 8.67825811213e-11, 7.88407880647e-11, 7.52088738509e-11, 1.19952589528e-10, 1.96642951922e-10, 7.31695259937e-11, 3.15456653854e-11, 2.94169480441e-11, 1.32447816603e-10, 8.75226141561e-11, 6.82328568646e-11, 2.84245960103e-11, 3.27221409691e-11, 1.77772709747e-11, 4.92693906506e-12, 1.84725715627e-12, 1.28164717879e-13],
        "var": [0.000320811610436, 0.0325851924717, 0.761206686497, 6.8965959549, 85.7833633423, 439.804534912, 405.275024414, 493.563049316, 1692.83483887, 6744.45849609, 16300.8798828, 8398.75683594, 6282.45898438, 4221.43701172, 3890.38574219, 3100.76000977, 2492.86816406, 4867.20214844, 2800.06811523, 1593.53417969, 1170.80834961, 1167.48303223, 1212.78015137, 243.978713989, 144.828598022, 74.4020996094, 71.0182342529, 31.9830322266, 27.3477554321, 18.2619438171, 14.3123245239, 3.2857093811, 0.647381544113, 0.101473167539, 0.00518414378166, 1.15645407277e-05, 3.21828430572e-08, 4.62362703679e-10, 8.18484377496e-11, 3.44190592694e-10]
    },
    "gfcc": {
        "mean": [-22.9977531433, 122.845985413, -155.969772339, 22.5299835205, -71.3383789062, 3.14092159271, -44.7434577942, 0.906972646713, -19.7412204742, -8.16622543335, -12.17877388, -9.46028995514, -7.70646047592],
        "cov": [[2605.12182617, 211.065917969, -439.442901611, 298.122955322, -258.531951904, -12.0830020905, 103.58795166, -190.703033447, 96.6956481934, -166.291656494, 45.7123985291, -98.9664611816, 77.7652816772], [211.065917969, 467.878173828, 204.867736816, -46.7436332703, 122.119766235, -53.1362686157, 31.1687240601, -20.539648056, 5.42679738998, -21.9864521027, -6.55613803864, 21.5718669891, 0.124574042857], [-439.442901611, 204.867736816, 519.203613281, 135.156646729, 59.9258499146, 3.58784532547, -67.5506820679, -17.6543636322, -39.2087898254, 16.2875556946, -30.755449295, 44.0367012024, 11.4398889542], [298.122955322, -46.7436332703, 135.156646729, 349.089447021, -35.7575950623, -0.568137049675, -38.0346183777, -84.9731369019, 8.08559036255, -38.7153167725, -37.9440040588, 15.238237381, 41.4697723389], [-258.531951904, 122.119766235, 59.9258499146, -35.7575950623, 193.075439453, 5.7365436554, -3.32276010513, 46.1409378052, 6.58186531067, 8.51434898376, -19.6327438354, 23.0803050995, -12.6936674118], [-12.0830020905, -53.1362686157, 3.58784532547, -0.568137049675, 5.7365436554, 149.702453613, 65.4685821533, 7.99201869965, -43.9314918518, 9.43350028992, 15.6444950104, -21.3179187775, 4.02567243576], [103.58795166, 31.1687240601, -67.5506820679, -38.0346183777, -3.32276010513, 65.4685821533, 150.931671143, 17.4524269104, -34.8497467041, 2.32874321938, 15.446846962, -21.8539848328, -14.3208284378], [-190.703033447, -20.539648056, -17.6543636322, -84.9731369019, 46.1409378052, 7.99201869965, 17.4524269104, 130.270614624, 36.2210578918, 18.6376037598, 15.67735672, -14.2943553925, -25.2725906372], [96.6956481934, 5.42679738998, -39.2087898254, 8.08559036255, 6.58186531067, -43.9314918518, -34.8497467041, 36.2210578918, 121.640220642, 10.0722475052, -11.4823236465, 2.97218251228, -13.1117134094], [-166.291656494, -21.9864521027, 16.2875556946, -38.7153167725, 8.51434898376, 9.43350028992, 2.32874321938, 18.6376037598, 10.0722475052, 77.8062744141, 24.6050281525, -8.31928920746, -9.18715190887], [45.7123985291, -6.55613803864, -30.755449295, -37.9440040588, -19.6327438354, 15.6444950104, 15.446846962, 15.67735672, -11.4823236465, 24.6050281525, 76.206741333, -2.84957623482, -4.83703041077], [-98.9664611816, 21.5718669891, 44.0367012024, 15.238237381, 23.0803050995, -21.3179187775, -21.8539848328, -14.2943553925, 2.97218251228, -8.31928920746, -2.84957623482, 77.4446029663, 13.3855848312], [77.7652816772, 0.124574042857, 11.4398889542, 41.4697723389, -12.6936674118, 4.02567243576, -14.3208284378, -25.2725906372, -13.1117134094, -9.18715190887, -4.83703041077, 13.3855848312, 65.1461715698]],
        "icov": [[0.00302803353406, -0.00626400671899, 0.00567794963717, -0.00500157987699, 0.00520825944841, -0.00324398139492, 0.00220834021457, -0.000678726064507, -0.000945113017224, 0.00167169992346, -0.001499130507, 0.00164951116312, -0.000383107224479], [-0.00626400671899, 0.0203919243068, -0.0167490877211, 0.0140865352005, -0.0161675214767, 0.011228421703, -0.0108435396105, 0.00779678067192, -0.00335373170674, 0.00241669570096, -0.00153606839012, 7.70960905356e-05, -0.00225460785441], [0.00567794963717, -0.0167490877211, 0.0168890003115, -0.01328556519, 0.0128435948864, -0.00937596522272, 0.00974903069437, -0.00652310624719, 0.00380122684874, -0.00251425663009, 0.00144655315671, -0.000654018425848, 0.00209235120565], [-0.00500157987699, 0.0140865352005, -0.01328556519, 0.0147421723232, -0.0108195403591, 0.00688087427989, -0.00690737972036, 0.0070390952751, -0.003327754559, 0.00217990158126, 0.000554336642381, -0.000347631634213, -0.0026787230745], [0.00520825944841, -0.0161675214767, 0.0128435948864, -0.0108195403591, 0.0196017753333, -0.0095174415037, 0.00852337665856, -0.00837499089539, 0.00269845104776, -0.00214199791662, 0.0034490537364, -0.00224534003064, 0.00243643322028], [-0.00324398139492, 0.011228421703, -0.00937596522272, 0.00688087427989, -0.0095174415037, 0.0157235693187, -0.00967348460108, 0.00372379273176, 0.000275126163615, 0.000734013679903, -0.00222255685367, 0.00230933981948, -0.00287140579894], [0.00220834021457, -0.0108435396105, 0.00974903069437, -0.00690737972036, 0.00852337665856, -0.00967348460108, 0.0166297946125, -0.00720512401313, 0.00638950662687, -0.00373893743381, 0.00292876455933, -0.00149406166747, 0.00447188783437], [-0.000678726064507, 0.00779678067192, -0.00652310624719, 0.0070390952751, -0.00837499089539, 0.00372379273176, -0.00720512401313, 0.0181684866548, -0.00940962135792, 0.00554165011272, -0.00636462075636, 0.00512068578973, -0.00157473993022], [-0.000945113017224, -0.00335373170674, 0.00380122684874, -0.003327754559, 0.00269845104776, 0.000275126163615, 0.00638950662687, -0.00940962135792, 0.0170475523919, -0.00794834177941, 0.00669237086549, -0.00449580745772, 0.00457929912955], [0.00167169992346, 0.00241669570096, -0.00251425663009, 0.00217990158126, -0.00214199791662, 0.000734013679903, -0.00373893743381, 0.00554165011272, -0.00794834177941, 0.0222225822508, -0.0101170456037, 0.00603054556996, -0.00253720185719], [-0.001499130507, -0.00153606839012, 0.00144655315671, 0.000554336642381, 0.0034490537364, -0.00222255685367, 0.00292876455933, -0.00636462075636, 0.00669237086549, -0.0101170456037, 0.0210565831512, -0.00545585202053, 0.00277434661984], [0.00164951116312, 7.70960905356e-05, -0.000654018425848, -0.000347631634213, -0.00224534003064, 0.00230933981948, -0.00149406166747, 0.00512068578973, -0.00449580745772, 0.00603054556996, -0.00545585202053, 0.018727645278, -0.00486264145002], [-0.000383107224479, -0.00225460785441, 0.00209235120565, -0.0026787230745, 0.00243643322028, -0.00287140579894, 0.00447188783437, -0.00157473993022, 0.00457929912955, -0.00253720185719, 0.00277434661984, -0.00486264145002, 0.0199427641928]]
    },
    "melbands": {
        "dmean": [7.45943107177e-05, 0.000186627759831, 0.000310043658828, 0.000503145216499, 0.000352715345798, 0.000239022163441, 0.000277236045804, 0.00039245132939, 0.000342707382515, 0.000181092822459, 0.000120839227748, 9.33996707317e-05, 7.47940794099e-05, 4.78108740936e-05, 5.09075216542e-05, 4.18594572693e-05, 3.86750762118e-05, 3.28020578308e-05, 2.69676111202e-05, 1.64461598615e-05, 1.30727976284e-05, 1.41566833918e-05, 1.49701818373e-05, 7.7235408753e-06, 5.2468717513e-06, 3.85446310247e-06, 2.45885621553e-06, 2.03821150535e-06, 1.75832860805e-06, 1.22197707242e-06, 9.62732428889e-07, 9.30521878217e-07, 6.95848939358e-07, 5.39592519999e-07, 4.23810689654e-07, 2.37806787595e-07, 1.58124379368e-07, 1.09718065744e-07, 7.07946483658e-08, 3.86769372085e-08],
        "dmean2": [0.000118969990581, 0.000311926880386, 0.000512826896738, 0.000841051980387, 0.000582522596233, 0.000393507827539, 0.000453340966487, 0.000621854385827, 0.000548646901734, 0.000288803770673, 0.0001922580268, 0.000149402912939, 0.000120714925288, 7.68466416048e-05, 8.24170565465e-05, 6.6970475018e-05, 6.12384974374e-05, 5.20224348293e-05, 4.31707048847e-05, 2.67477225862e-05, 2.03326490009e-05, 2.253623461e-05, 2.31947979046e-05, 1.20080376291e-05, 8.41592373035e-06, 6.11093582847e-06, 3.90780724047e-06, 3.20505682794e-06, 2.65776134256e-06, 1.8704397462e-06, 1.44179693962e-06, 1.38070208777e-06, 1.00310273865e-06, 7.83805717219e-07, 6.18892897819e-07, 3.45109924638e-07, 2.32844584502e-07, 1.61618970651e-07, 1.049431404e-07, 5.68780329502e-08],
        "dvar": [3.08853742581e-08, 1.42652808677e-07, 2.92317395179e-07, 9.35589241635e-07, 3.38269757094e-07, 1.72284487121e-07, 3.13143317499e-07, 5.87207694025e-07, 8.6574954139e-07, 2.04153479899e-07, 8.53049400007e-08, 4.54859581112e-08, 3.05055394278e-08, 1.21950254339e-08, 8.98295571261e-09, 6.67830013512e-09, 7.74188713137e-09, 3.84740372894e-09, 3.27231841624e-09, 9.64183399788e-10, 8.48350112381e-10, 6.36667329967e-10, 7.5628420193e-10, 2.69698041677e-10, 8.96675164674e-11, 5.31165007811e-11, 2.16003916143e-11, 1.3798319258e-11, 1.89042653059e-11, 1.04446104543e-11, 4.33534588437e-12, 4.72645013405e-12, 2.60717792841e-12, 4.01266606748e-12, 5.87817034631e-12, 1.47134149482e-12, 6.06846766848e-13, 2.29847011649e-13, 1.75112393119e-13, 3.27953267841e-14],
        "dvar2": [7.22518507246e-08, 3.74068122255e-07, 7.60415616696e-07, 2.5121746603e-06, 8.61665739649e-07, 4.66351849582e-07, 8.08452000456e-07, 1.42013220739e-06, 2.15466570808e-06, 4.92896617743e-07, 2.03698888868e-07, 1.06768112573e-07, 7.55690408027e-08, 2.9522533751e-08, 2.21219806917e-08, 1.59965214408e-08, 1.79155072999e-08, 9.2648066996e-09, 8.28810708953e-09, 2.39606490204e-09, 1.87539495045e-09, 1.47878609358e-09, 1.70573755121e-09, 6.34295227453e-10, 2.25404916954e-10, 1.34552355369e-10, 5.28938698396e-11, 3.23661167312e-11, 4.40028014026e-11, 2.49154776671e-11, 9.70684817247e-12, 1.01422559587e-11, 5.13402818522e-12, 9.22783550961e-12, 1.4008233809e-11, 2.97260133175e-12, 1.19460897337e-12, 4.49763463235e-13, 4.31458796642e-13, 7.29979770207e-14],
        "max": [0.0021355652716, 0.00734311249107, 0.0104415323585, 0.0312171000987, 0.00934039615095, 0.00765145942569, 0.0100647071376, 0.0105982003734, 0.0216989330947, 0.00790625996888, 0.00506454659626, 0.00621428061277, 0.00368377170525, 0.00291408202611, 0.00263523240574, 0.00162980181631, 0.00193786981981, 0.00132896064315, 0.00123434246052, 0.000914821284823, 0.000625411164947, 0.000543796923012, 0.000502297945786, 0.000319766433677, 0.000142949269502, 0.000137575159897, 0.000103376682091, 5.58628817089e-05, 0.000124843310914, 0.00011032394832, 4.96368229506e-05, 5.59470790904e-05, 3.98617703468e-05, 6.88832296873e-05, 0.000103895807115, 4.89773665322e-05, 3.21321967931e-05, 1.68450460478e-05, 2.15679556277e-05, 8.74061424838e-06],
        "mean": [9.53870840021e-05, 0.000265679467702, 0.000476222165162, 0.000716051843483, 0.000538742286153, 0.000362208054867, 0.00040228193393, 0.000584997760598, 0.000496682827361, 0.000276129838312, 0.000208290177397, 0.00015219913621, 0.000124264028273, 8.02661306807e-05, 8.7080639787e-05, 6.74959883327e-05, 6.85763152433e-05, 5.43794449186e-05, 4.5349013817e-05, 2.8954276786e-05, 2.30671012105e-05, 2.57364536083e-05, 2.83952904283e-05, 1.53791770572e-05, 9.56100666372e-06, 6.88667932991e-06, 4.62099797005e-06, 3.77027390641e-06, 3.14462545248e-06, 2.15312684304e-06, 1.7535284087e-06, 1.7253067881e-06, 1.29544253014e-06, 9.45111082729e-07, 7.05640786691e-07, 4.12025713104e-07, 2.81422387616e-07, 1.94162296907e-07, 1.23537645891e-07, 7.19799260196e-08],
        "median": [4.94646155857e-05, 0.000171634441358, 0.000324516819092, 0.000420299125835, 0.000333015515935, 0.000195171436644, 0.000190051912796, 0.000238776628976, 0.00016633218911, 9.77988383966e-05, 6.88160216669e-05, 6.74029288348e-05, 5.37790947419e-05, 3.72404538211e-05, 3.57300668838e-05, 2.68562071142e-05, 2.40814224526e-05, 2.31853628065e-05, 1.70403836819e-05, 1.42190820043e-05, 1.00603610917e-05, 1.27881221488e-05, 1.27245402837e-05, 6.33180889054e-06, 4.8751317081e-06, 3.13458713208e-06, 2.07758444049e-06, 1.45837918808e-06, 1.01385512608e-06, 6.70934412028e-07, 6.1875823576e-07, 6.63056766825e-07, 4.4709193503e-07, 2.95269160233e-07, 2.11971922681e-07, 1.21828350075e-07, 1.03822429764e-07, 7.19827468743e-08, 5.09169133522e-08, 3.05443030868e-08],
        "min": [2.75995971454e-16, 1.50832242179e-16, 7.57069577926e-17, 6.08624936338e-17, 4.37306335445e-17, 5.04415597803e-17, 7.12161346901e-17, 9.90312937796e-17, 1.01634841449e-16, 4.52076009241e-17, 3.35006857682e-17, 1.51495482211e-17, 3.37172813573e-17, 3.59707595739e-17, 8.60699542617e-18, 1.63567190635e-17, 3.87360276704e-17, 3.33830242892e-17, 2.32279744087e-17, 9.25844482631e-18, 1.9922726117e-17, 9.84317218388e-18, 3.55317218832e-17, 4.98372580207e-17, 7.2108424343e-17, 7.56755249294e-17, 4.2324856637e-17, 4.36679167104e-17, 6.88138433726e-17, 9.30660774835e-17, 1.11115211389e-16, 4.40941496452e-17, 1.70649494496e-17, 1.72086191414e-17, 9.04317686215e-18, 4.37901673875e-17, 9.84102134885e-17, 6.63120521535e-17, 5.13711949835e-17, 5.83841016999e-17],
        "var": [3.15712647136e-08, 1.39084718853e-07, 3.48687080987e-07, 1.14615659186e-06, 4.80697281091e-07, 2.41138593537e-07, 4.18398769853e-07, 9.10559492695e-07, 1.1687592405e-06, 2.84802581518e-07, 1.59509582431e-07, 7.43757411215e-08, 5.38049569343e-08, 2.12228794538e-08, 2.07603889635e-08, 1.30145316746e-08, 1.84142976423e-08, 7.51523820952e-09, 6.41476294305e-09, 1.8329207041e-09, 1.82027026785e-09, 1.34186028955e-09, 1.70348157802e-09, 5.69990388222e-10, 1.67430277975e-10, 1.10792160168e-10, 4.64864848004e-11, 3.36461206119e-11, 3.44542276653e-11, 1.78046015431e-11, 1.01736015445e-11, 1.02144924463e-11, 6.67995303169e-12, 5.71006826891e-12, 6.19201131341e-12, 2.18907270783e-12, 9.39235776827e-13, 3.66377230204e-13, 1.97126779418e-13, 4.73199597724e-14]
    },
    "mfcc": {
        "mean": [-649.488525391, 142.567077637, -25.5628662109, 12.1899595261, -7.55680894852, -4.42689418793, -13.4679584503, -1.09890186787, -6.54651737213, -4.35161828995, -1.32481026649, -2.88756585121, -4.96531915665],
        "cov": [[2810.25537109, -294.494171143, -185.470672607, 120.373786926, -305.559356689, 130.947021484, -88.1867141724, 58.4544258118, -73.5986480713, 55.5636138916, -73.9907913208, -50.9964981079, -110.384017944], [-294.494171143, 649.205993652, 20.0966854095, -14.7973575592, 87.8079986572, -33.7783622742, 34.9901580811, 25.9181613922, 10.4696941376, -27.4879169464, 57.1929092407, 5.51854467392, 2.31808853149], [-185.470672607, 20.0966854095, 439.865356445, 153.272796631, 60.5107498169, 66.8070449829, -3.36042237282, -26.4432487488, -12.4623746872, -41.2284965515, -58.0045166016, -0.415059179068, 21.5445232391], [120.373786926, -14.7973575592, 153.272796631, 271.25112915, 65.9946289062, 51.8833198547, -77.5229187012, 3.24967074394, 10.5686340332, -55.4695205688, -30.4461975098, -23.9145622253, -8.09218978882], [-305.559356689, 87.8079986572, 60.5107498169, 65.9946289062, 207.054031372, -12.5065526962, -51.6348381042, 6.55064725876, 29.1065540314, -11.6562232971, -1.62036025524, 5.08906316757, 13.2095746994], [130.947021484, -33.7783622742, 66.8070449829, 51.8833198547, -12.5065526962, 152.787353516, 41.2833595276, 1.46788012981, -4.01940822601, -27.1403808594, -22.3686180115, -19.6362438202, -9.44243907928], [-88.1867141724, 34.9901580811, -3.36042237282, -77.5229187012, -51.6348381042, 41.2833595276, 214.267028809, 9.55569171906, -17.561164856, 38.9568939209, -8.59385204315, 3.96717905998, 4.95554733276], [58.4544258118, 25.9181613922, -26.4432487488, 3.24967074394, 6.55064725876, 1.46788012981, 9.55569171906, 98.4435958862, 17.8300609589, -9.70352935791, 30.6989917755, -10.9897422791, -22.9103317261], [-73.5986480713, 10.4696941376, -12.4623746872, 10.5686340332, 29.1065540314, -4.01940822601, -17.561164856, 17.8300609589, 79.7075042725, 16.2191486359, 7.00737857819, 3.60205554962, 1.42187821865], [55.5636138916, -27.4879169464, -41.2284965515, -55.4695205688, -11.6562232971, -27.1403808594, 38.9568939209, -9.70352935791, 16.2191486359, 112.676803589, 5.1559715271, 7.26583242416, 8.83508586884], [-73.9907913208, 57.1929092407, -58.0045166016, -30.4461975098, -1.62036025524, -22.3686180115, -8.59385204315, 30.6989917755, 7.00737857819, 5.1559715271, 127.387161255, 22.7292671204, -20.7520561218], [-50.9964981079, 5.51854467392, -0.415059179068, -23.9145622253, 5.08906316757, -19.6362438202, 3.96717905998, -10.9897422791, 3.60205554962, 7.26583242416, 22.7292671204, 74.9585723877, 31.0706520081], [-110.384017944, 2.31808853149, 21.5445232391, -8.09218978882, 13.2095746994, -9.44243907928, 4.95554733276, -22.9103317261, 1.42187821865, 8.83508586884, -20.7520561218, 31.0706520081, 84.1781387329]],
