{
"lowlevel": {
    "average_loudness": 0.943539261818,
    "barkbands_crest": {
        "dmean": 2.64168858528,
        "dmean2": 4.4621925354,
        "dvar": 5.57180023193,
        "dvar2": 15.1554841995,
        "max": 24.2712879181,
        "mean": 9.44277191162,
        "median": 8.78880882263,
        "min": 2.01774740219,
        "var": 12.2060985565
    },
    "barkbands_flatness_db": {
        "dmean": 0.0250295512378,
        "dmean2": 0.0390890464187,
        "dvar": 0.000550510478206,
        "dvar2": 0.00123789918143,
        "max": 0.373850226402,
        "mean": 0.157271355391,
        "median": 0.158621668816,
        "min": 0.0326076038182,
        "var": 0.00240567373112
    },
    "barkbands_kurtosis": {
        "dmean": 5.60391998291,
        "dmean2": 8.93100357056,
        "dvar": 63.1780281067,
        "dvar2": 155.751739502,
        "max": 240.691345215,
        "mean": 9.60329246521,
        "median": 5.84265518188,
        "min": -1.87902808189,
        "var": 148.871398926
    },
    "barkbands_skewness": {
        "dmean": 0.70530462265,
        "dmean2": 1.11111068726,
        "dvar": 0.522843778133,
        "dvar2": 1.23402070999,
        "max": 9.38162326813,
        "mean": 1.91972219944,
        "median": 2.20652198792,
        "min": -14.7049331665,
        "var": 3.66741752625
    },
    "barkbands_spread": {
        "dmean": 5.70421743393,
        "dmean2": 8.89253902435,
        "dvar": 44.8658561707,
        "dvar2": 98.8557662964,
        "max": 90.5166168213,
        "mean": 17.4316730499,
        "median": 14.30215168,
        "min": 1.15240705013,
        "var": 150.650344849
    },
    "dissonance": {
        "dmean": 0.020222844556,
        "dmean2": 0.0339758098125,
        "dvar": 0.000390786706703,
        "dvar2": 0.0010530622676,
        "max": 0.500000119209,
        "mean": 0.461679548025,
        "median": 0.468658477068,
        "min": 0.291985750198,
        "var": 0.000931637478061
    },
    "dynamic_complexity": 1.99278831482,
    "erbbands_crest": {
        "dmean": 2.39930725098,
        "dmean2": 3.97308373451,
        "dvar": 5.65286588669,
        "dvar2": 14.3885889053,
        "max": 26.5430393219,
        "mean": 8.0407705307,
        "median": 7.19432067871,
        "min": 2.25871253014,
        "var": 16.1874961853
    },
    "erbbands_flatness_db": {
        "dmean": 0.0148166706786,
        "dmean2": 0.0231479983777,
        "dvar": 0.000192329389392,
        "dvar2": 0.000428831233876,
        "max": 0.456727772951,
        "mean": 0.157796531916,
        "median": 0.155602306128,
        "min": 0.068132840097,
        "var": 0.0013579451479
    },
    "erbbands_kurtosis": {
        "dmean": 1.46139538288,
        "dmean2": 2.28497004509,
        "dvar": 5.07138395309,
        "dvar2": 11.5186185837,
        "max": 92.2401199341,
        "mean": 1.44062304497,
        "median": 0.309988975525,
        "min": -1.83749949932,
        "var": 17.632270813
    },
    "erbbands_skewness": {
        "dmean": 0.437242776155,
        "dmean2": 0.675201356411,
        "dvar": 0.201176941395,
        "dvar2": 0.448015421629,
        "max": 4.87774133682,
        "mean": 0.767124414444,
        "median": 0.844539642334,
        "min": -4.83773851395,
        "var": 1.10944116116
    },
    "erbbands_spread": {
        "dmean": 9.75468826294,
        "dmean2": 15.1375732422,
        "dvar": 105.395828247,
        "dvar2": 229.785202026,
        "max": 151.836257935,
        "mean": 43.7809295654,
        "median": 40.163230896,
        "min": 0.650976836681,
        "var": 363.312652588
    },
    "hfc": {
        "dmean": 5.91422224045,
        "dmean2": 8.49094295502,
        "dvar": 71.8432617188,
        "dvar2": 143.432144165,
        "max": 199.140411377,
        "mean": 18.2395019531,
        "median": 15.3633317947,
        "min": 1.0476276207e-16,
        "var": 238.089584351
    },
    "melbands_crest": {
        "dmean": 3.56595921516,
        "dmean2": 6.00249862671,
        "dvar": 10.3143157959,
        "dvar2": 27.9771881104,
        "max": 32.1533813477,
        "mean": 12.0423574448,
        "median": 11.8728656769,
        "min": 1.50839221478,
        "var": 28.983921051
    },
    "melbands_flatness_db": {
        "dmean": 0.0320446714759,
        "dmean2": 0.0486269257963,
        "dvar": 0.00100804609247,
        "dvar2": 0.00215498870239,
        "max": 0.432215869427,
        "mean": 0.188369214535,
        "median": 0.20047557354,
        "min": 0.00230408203788,
        "var": 0.00695753516629
    },
    "melbands_kurtosis": {
        "dmean": 11.3464193344,
        "dmean2": 18.3633613586,
        "dvar": 277.218444824,
        "dvar2": 699.080322266,
        "max": 352.322479248,
        "mean": 21.4503440857,
        "median": 16.6948261261,
        "min": -1.86952853203,
        "var": 497.146118164
    },
    "melbands_skewness": {
        "dmean": 0.892038941383,
        "dmean2": 1.42467319965,
        "dvar": 0.879950225353,
        "dvar2": 2.15248298645,
        "max": 15.0229930878,
        "mean": 3.03370332718,
        "median": 3.08237671852,
        "min": -6.90482950211,
        "var": 3.62007474899
    },
    "melbands_spread": {
        "dmean": 7.16628408432,
        "dmean2": 11.5870704651,
        "dvar": 91.6535263062,
        "dvar2": 220.48538208,
        "max": 181.873153687,
        "mean": 28.1978492737,
        "median": 12.6772480011,
        "min": 0.885584414005,
        "var": 1497.09558105
    },
    "pitch_salience": {
        "dmean": 0.0808428302407,
        "dmean2": 0.135588243604,
        "dvar": 0.00598936295137,
        "dvar2": 0.015584605746,
        "max": 0.898632764816,
        "mean": 0.640670895576,
        "median": 0.652063965797,
        "min": 0.127779528499,
        "var": 0.0128928031772
    },
    "silence_rate_20dB": {
        "dmean": 0,
        "dmean2": 0,
        "dvar": 0,
        "dvar2": 0,
        "max": 1,
        "mean": 1,
        "median": 1,
        "min": 1,
        "var": 0
    },
    "silence_rate_30dB": {
        "dmean": 0.00264171720482,
        "dmean2": 0.0052840160206,
        "dvar": 0.0026350193657,
        "dvar2": 0.00723783439025,
        "max": 1,
        "mean": 0.998129010201,
        "median": 1,
        "min": 0,
        "var": 0.00186779745854
    },
    "silence_rate_60dB": {
        "dmean": 0.00352228945121,
        "dmean2": 0.00704535469413,
        "dvar": 0.00351074663922,
        "dvar2": 0.00831692200154,
        "max": 1,
        "mean": 0.130420431495,
        "median": 0,
        "min": 0,
        "var": 0.113426752388
    },
    "spectral_centroid": {
        "dmean": 291.357452393,
        "dmean2": 456.377075195,
        "dvar": 110531.304688,
        "dvar2": 243513.0625,
        "max": 11853.9482422,
        "mean": 2045.36889648,
        "median": 880.1328125,
        "min": 184.476913452,
        "var": 9661965
    },
    "spectral_complexity": {
        "dmean": 4.2927904129,
        "dmean2": 6.5708937645,
        "dvar": 28.0003223419,
        "dvar2": 60.3411750793,
        "max": 56,
        "mean": 15.7454328537,
        "median": 14,
        "min": 0,
        "var": 105.577522278
    },
    "spectral_decrease": {
        "dmean": 2.85781598386e-09,
        "dmean2": 4.43311432008e-09,
        "dvar": 1.18052421153e-17,
        "dvar2": 2.6128329371e-17,
        "max": 2.4206751063e-28,
        "mean": -8.08373989969e-09,
        "median": -7.89071652463e-09,
        "min": -8.44324432592e-08,
        "var": 3.06122901832e-17
    },
    "spectral_energy": {
        "dmean": 0.0110806878656,
        "dmean2": 0.0171464905143,
        "dvar": 0.000174169268575,
        "dvar2": 0.000383974635042,
        "max": 0.323157817125,
        "mean": 0.0321641974151,
        "median": 0.0316729880869,
        "min": 9.70797907703e-21,
        "var": 0.000467878126074
    },
    "spectral_energyband_high": {
        "dmean": 0.000428284518421,
        "dmean2": 0.000634654483292,
        "dvar": 1.02126739421e-06,
        "dvar2": 1.81566826996e-06,
        "max": 0.0378908030689,
        "mean": 0.000893447489943,
        "median": 0.000472913205158,
        "min": 6.74450517395e-21,
        "var": 2.78057746073e-06
    },
    "spectral_energyband_low": {
        "dmean": 0.00681346654892,
        "dmean2": 0.0114122563973,
        "dvar": 0.000130452346639,
        "dvar2": 0.000315983896144,
        "max": 0.252003520727,
        "mean": 0.00904529727995,
        "median": 0.00509557966143,
        "min": 9.91627661261e-24,
        "var": 0.000157265778398
    },
    "spectral_energyband_middle_high": {
        "dmean": 0.00143615319394,
        "dmean2": 0.00216521183029,
        "dvar": 5.65357277083e-06,
        "dvar2": 1.23454901768e-05,
        "max": 0.056455347687,
        "mean": 0.00329473637976,
        "median": 0.00166569137946,
        "min": 1.04172997809e-21,
        "var": 2.20541260205e-05
    },
    "spectral_energyband_middle_low": {
        "dmean": 0.00907394755632,
        "dmean2": 0.0145831815898,
        "dvar": 0.000112193825771,
        "dvar2": 0.000275183556369,
        "max": 0.156646162271,
        "mean": 0.0213748253882,
        "median": 0.0198382679373,
        "min": 1.27617587978e-22,
        "var": 0.000258526706602
    },
    "spectral_entropy": {
        "dmean": 0.199001058936,
        "dmean2": 0.296844810247,
        "dvar": 0.0417057015002,
        "dvar2": 0.0863676518202,
        "max": 9.83016395569,
        "mean": 7.71523427963,
        "median": 7.54870033264,
        "min": 5.79317855835,
        "var": 0.623015403748
    },
    "spectral_flux": {
        "dmean": 0.026826152578,
        "dmean2": 0.0412463247776,
        "dvar": 0.000783412833698,
        "dvar2": 0.00168588780798,
        "max": 0.496694386005,
        "mean": 0.100747361779,
        "median": 0.10141979903,
        "min": 6.24583718078e-11,
        "var": 0.00298659363762
    },
    "spectral_kurtosis": {
        "dmean": 1.12554514408,
        "dmean2": 1.86060678959,
        "dvar": 1.67617762089,
        "dvar2": 4.58380842209,
        "max": 31.7287406921,
        "mean": 2.24087643623,
        "median": 2.05217432976,
        "min": -1.27788209915,
        "var": 4.92187547684
    },
    "spectral_rms": {
        "dmean": 0.000893510412425,
        "dmean2": 0.00136060104705,
        "dvar": 8.59155761646e-07,
        "dvar2": 1.81537382105e-06,
        "max": 0.017756011337,
        "mean": 0.00507323909551,
        "median": 0.00555881951004,
        "min": 3.07753128537e-12,
        "var": 5.64198126085e-06
    },
    "spectral_rolloff": {
        "dmean": 421.760650635,
        "dmean2": 713.109741211,
        "dvar": 591203,
        "dvar2": 1337724.875,
        "max": 19789.0136719,
        "mean": 2855.10595703,
        "median": 667.529296875,
        "min": 107.666015625,
        "var": 30240826
    },
    "spectral_skewness": {
        "dmean": 0.224272117019,
        "dmean2": 0.338578671217,
        "dvar": 0.0492823235691,
        "dvar2": 0.11341136694,
        "max": 4.40338134766,
        "mean": 1.17797827721,
        "median": 1.23486661911,
        "min": -0.677088975906,
        "var": 0.33052366972
    },
    "spectral_spread": {
        "dmean": 561504.6875,
        "dmean2": 883898.375,
        "dvar": 563685228544,
        "dvar2": 1.27428775117e+12,
        "max": 43333956,
        "mean": 8490284,
        "median": 4845270,
        "min": 885683.3125,
        "var": 1.18525888823e+14
    },
    "spectral_strongpeak": {
        "dmean": 0.47498306632,
        "dmean2": 0.796595990658,
        "dvar": 0.445151090622,
        "dvar2": 1.12974762917,
        "max": 12.7490873337,
        "mean": 0.818539857864,
        "median": 0.50793838501,
        "min": 0,
        "var": 0.900849223137
    },
    "zerocrossingrate": {
        "dmean": 0.0106838736683,
        "dmean2": 0.0136022660881,
        "dvar": 0.000145287718624,
        "dvar2": 0.000191592378542,
        "max": 0.8046875,
        "mean": 0.0978481024504,
        "median": 0.046875,
        "min": 0.0068359375,
        "var": 0.0196197908372
    },
    "barkbands": {
        "dmean": [2.75854199572e-05, 0.00228571775369, 0.00418965704739, 0.00408442411572, 0.00457771820948, 0.00290668173693, 0.00120928592514, 0.000620680511929, 0.00111034116708, 0.000370114954421, 0.000400384218665, 0.000265120703261, 0.000218515240704, 0.000241105459281, 0.000170162209542, 0.000145626429003, 0.000126902101329, 0.000128208353999, 0.000169059247128, 0.000139520314406, 0.000161775315064, 0.000115270413517, 9.94387009996e-05, 5.81025997235e-05, 2.24146679102e-05, 1.661592961e-07, 1.45852085964e-09],
        "dmean2": [4.91748578497e-05, 0.00400289986283, 0.00720051163808, 0.00713557424024, 0.00775928841904, 0.0047327154316, 0.00195738207549, 0.00104287231807, 0.00173661031295, 0.000582663109526, 0.000622741878033, 0.000421872537117, 0.000354121206328, 0.000386377243558, 0.000279526197119, 0.000236208084971, 0.000209871184779, 0.000209638179513, 0.000275031808997, 0.000224545423407, 0.00025089821429, 0.000177656824235, 0.000153714267071, 8.65362671902e-05, 3.37120691256e-05, 2.78112764818e-07, 2.67359712147e-09],
        "dvar": [1.58618573831e-09, 2.39320288529e-05, 5.70844349568e-05, 3.99675664084e-05, 3.79895136575e-05, 2.17812394112e-05, 6.62887987346e-06, 1.87152170383e-06, 5.80262667427e-06, 9.83643303698e-07, 1.07361518076e-06, 4.14435675111e-07, 4.57028164647e-07, 5.03887974901e-07, 2.06046564699e-07, 2.72362569831e-07, 9.47584695155e-08, 7.48529487282e-08, 1.44010087411e-07, 1.36948713703e-07, 2.843626703e-07, 1.06773072162e-07, 3.48375017722e-08, 1.38270204175e-08, 2.48360776389e-09, 5.41251817129e-14, 3.71745927424e-18],
        "dvar2": [4.52625537051e-09, 6.58723147353e-05, 0.000148881677887, 0.000111927089165, 0.000100762343209, 5.3108746215e-05, 1.67672333191e-05, 4.70162331112e-06, 1.37786082632e-05, 2.24802511184e-06, 2.36161599787e-06, 9.81359789876e-07, 1.1132462987e-06, 1.17144077194e-06, 5.08466087012e-07, 6.57254133785e-07, 2.37618877463e-07, 1.87333952795e-07, 3.48193111677e-07, 3.40947849509e-07, 5.28903285613e-07, 2.15951729388e-07, 7.68449197608e-08, 2.90271557901e-08, 4.9367834265e-09, 1.52061374018e-13, 1.16459569078e-17],
        "max": [0.000817382358946, 0.158993393183, 0.142980456352, 0.108690276742, 0.107988417149, 0.0726947933435, 0.0688999071717, 0.0391642823815, 0.0520399287343, 0.0255548562855, 0.0253479350358, 0.018223112449, 0.0244134124368, 0.0284927673638, 0.014060667716, 0.023601654917, 0.00816638022661, 0.00787512585521, 0.0104613723233, 0.0152698913589, 0.0310466662049, 0.0135759655386, 0.00469401478767, 0.00350105972029, 0.00166673632339, 5.21563606526e-06, 2.75581815146e-08],
        "mean": [2.73025852948e-05, 0.00246328930371, 0.00418616458774, 0.00454083643854, 0.00705944467336, 0.00513974158093, 0.00178545166273, 0.000823374721222, 0.00180823577102, 0.000613768352196, 0.000643416831736, 0.000409030733863, 0.00030719183269, 0.000358680263162, 0.000232304184465, 0.000197442568606, 0.000167230609804, 0.000174114116817, 0.000231953832554, 0.000230588993873, 0.000263113412075, 0.000186272591236, 0.000182278454304, 9.99823023449e-05, 3.25424516632e-05, 4.31547817925e-07, 1.42918421542e-09],
        "median": [1.49227626025e-05, 0.00109293637797, 0.00174949271604, 0.00236473791301, 0.00477765407413, 0.00257634953596, 0.000901001621969, 0.000382328464184, 0.000677754404023, 0.00016053757281, 0.000204566691536, 0.000137883835123, 9.46305517573e-05, 9.17903598747e-05, 7.68557729316e-05, 5.80902378715e-05, 5.86876267334e-05, 6.32332375972e-05, 9.68479580479e-05, 8.66197078722e-05, 0.000106882449472, 7.64581200201e-05, 7.91580678197e-05, 4.31327352999e-05, 1.2611533748e-05, 4.24738118454e-07, 7.75084829652e-10],
        "min": [4.46172301607e-26, 1.54037476861e-24, 3.76053025703e-25, 5.05315058727e-25, 3.14302418922e-24, 4.35074144169e-24, 2.85815783888e-24, 4.98235278622e-24, 7.08705695275e-24, 6.154820578e-24, 8.57852471181e-24, 1.69110226399e-23, 1.77560772629e-23, 2.1098930569e-23, 2.71227134621e-23, 3.43562776621e-23, 3.99269356958e-23, 5.24261117283e-23, 7.90918317571e-23, 1.37711208411e-22, 1.85393344158e-22, 2.17241741494e-22, 2.95680390111e-22, 5.12458634803e-22, 8.09324335756e-22, 1.1342884796e-21, 1.80288699709e-21],
        "var": [1.44377232392e-09, 2.06887743843e-05, 5.16989457537e-05, 4.17085539084e-05, 6.12917428953e-05, 4.91949176649e-05, 8.44364512886e-06, 2.30674595514e-06, 1.03938100438e-05, 2.81752340925e-06, 2.62106573246e-06, 1.02500791854e-06, 7.26800465145e-07, 1.08687595457e-06, 3.2840839026e-07, 4.3650723569e-07, 1.17819034529e-07, 1.15035753367e-07, 1.85602843317e-07, 2.44729392307e-07, 5.8446806861e-07, 2.3678251182e-07, 8.48064374281e-08, 3.56317784167e-08, 6.06866246144e-09, 1.09126358123e-13, 3.5005270227e-18]
    },
    "erbbands": {
        "dmean": [0.0236943513155, 0.669409513474, 3.95180726051, 9.69636631012, 12.3943910599, 19.0625667572, 20.6173210144, 25.3400306702, 18.7172698975, 19.2472038269, 13.8985862732, 24.5622768402, 17.0552997589, 10.969250679, 13.6568136215, 9.22924995422, 9.51292133331, 11.425151825, 9.74147415161, 8.31949424744, 7.41415882111, 7.14257335663, 6.69170093536, 7.72564506531, 7.9410161972, 6.35016059875, 7.6845459938, 5.19511461258, 4.11513376236, 3.51284480095, 2.8098988533, 1.47003829479, 0.864905059338, 0.33823466301, 0.107764877379, 0.00504828570411, 0.000250380369835, 2.93583907478e-05, 6.54786572341e-06, 1.24977386804e-05],
        "dmean2": [0.0407386422157, 1.16091942787, 6.76657295227, 16.8110923767, 21.3452129364, 32.7592658997, 34.3363342285, 41.2149124146, 30.3121871948, 31.2835884094, 22.4550228119, 38.6104469299, 26.4154777527, 16.7643508911, 21.2349357605, 14.5019693375, 15.2133626938, 18.1716785431, 15.743680954, 13.4891777039, 11.6588373184, 11.685043335, 10.9988527298, 12.3806838989, 12.8677568436, 10.199090004, 11.9978685379, 8.17825508118, 6.37953186035, 5.32513809204, 4.37572479248, 2.22685909271, 1.29773569107, 0.512724816799, 0.161370396614, 0.00766176590696, 0.000411470042309, 4.83576041006e-05, 9.58953114605e-06, 1.91663348232e-05],
        "dvar": [0.0016391358804, 2.05695056915, 53.657283783, 264.022857666, 312.820678711, 751.743591309, 993.808349609, 2082.61376953, 1580.87670898, 1556.6237793, 955.944274902, 3635.63476562, 1737.73425293, 663.946655273, 1307.4309082, 423.933135986, 886.043701172, 1382.01635742, 792.14074707, 439.592132568, 858.194702148, 276.481719971, 199.677871704, 334.780761719, 284.499298096, 307.498260498, 544.168029785, 296.318603516, 150.272491455, 65.5279541016, 27.2036418915, 9.47739696503, 2.81816649437, 0.585331201553, 0.0550066456199, 9.88633400993e-05, 9.66250723877e-08, 1.06472175521e-09, 5.71249714199e-11, 2.12908204955e-10],
        "dvar2": [0.00458200927824, 5.56092643738, 136.396224976, 728.15625, 861.750854492, 2032.35253906, 2562.93798828, 5135.47509766, 3962.39550781, 3998.71069336, 2345.18310547, 8713.93847656, 3880.01269531, 1402.71105957, 2920.64013672, 965.405334473, 2188.12353516, 3188.90698242, 1906.95288086, 1054.44604492, 1899.35375977, 698.711547852, 513.707336426, 776.40612793, 704.819091797, 772.106872559, 1060.953125, 564.69909668, 309.014801025, 137.507278442, 61.4559326172, 20.7420387268, 5.71374416351, 1.20241641998, 0.1069971174, 0.000204529525945, 2.26053003871e-07, 2.65516897358e-09, 1.14910914117e-10, 4.63928340189e-10],
        "max": [1.10726678371, 46.3753204346, 141.604385376, 305.360534668, 291.798431396, 401.976104736, 512.791870117, 846.042419434, 916.452819824, 974.919677734, 751.060546875, 1532.53747559, 1049.81005859, 639.16796875, 1051.89013672, 582.83807373, 1226.60021973, 1676.77026367, 1001.38409424, 1031.22155762, 1507.79919434, 418.422668457, 298.764373779, 645.663452148, 380.937347412, 779.782775879, 1230.15405273, 875.991760254, 487.011535645, 279.212921143, 82.6636657715, 90.1974563599, 56.6773071289, 27.3722648621, 8.23858737946, 0.299781024456, 0.00934234075248, 0.00087201705901, 0.000146971273352, 0.000351809023414],
        "mean": [0.0287897009403, 0.736878156662, 4.15017938614, 11.2101449966, 17.2147254944, 26.2239837646, 31.8594360352, 43.5886573792, 29.1417331696, 27.5456752777, 21.502910614, 37.7668457031, 29.8977298737, 19.8858451843, 23.4618358612, 15.6722984314, 14.5204610825, 16.9274082184, 14.352432251, 12.5315952301, 10.6202716827, 9.89900684357, 9.29852294922, 11.0318307877, 11.4518499374, 10.6935386658, 12.3926696777, 8.61032676697, 6.67024230957, 6.13367891312, 5.00456666946, 2.52490258217, 1.44917571545, 0.51423484087, 0.153050735593, 0.00859420932829, 0.000870167219546, 9.69468892436e-05, 2.23129609367e-05, 3.84682934964e-05],
        "median": [0.0149862207472, 0.33486661315, 1.82662034035, 6.02268123627, 10.9846820831, 15.898399353, 17.9716091156, 19.4152126312, 14.9722938538, 13.7341270447, 10.7636985779, 14.1525344849, 9.92514419556, 7.36014270782, 8.64259338379, 6.0827999115, 5.13129997253, 4.6955537796, 4.1077709198, 4.21749305725, 3.31961369514, 3.49860811234, 3.42158746719, 4.5752415657, 4.88256549835, 4.21235561371, 4.77985095978, 3.59957790375, 2.7322165966, 2.62194490433, 2.11886310577, 1.08367574215, 0.623972833157, 0.208799630404, 0.0572898685932, 0.00482543278486, 0.000835688959341, 9.36630531214e-05, 2.1400366677e-05, 3.80359415431e-05],
        "min": [4.11770972148e-23, 2.08917062756e-22, 8.54821692827e-22, 2.32530264686e-21, 4.29548995206e-21, 1.1770880283e-20, 2.33325985778e-20, 3.18986532036e-20, 7.29255675841e-20, 7.78386649935e-20, 1.55558487397e-19, 1.66257357763e-19, 3.58338441219e-19, 4.10009829146e-19, 5.14639723882e-19, 7.91886108285e-19, 9.33545802967e-19, 1.55745929109e-18, 2.03891087444e-18, 2.56557532288e-18, 2.38527786669e-18, 3.1773337021e-18, 2.76699711076e-18, 5.02175559617e-18, 5.97457543119e-18, 6.71527472429e-18, 6.50362981122e-18, 7.52513252046e-18, 7.2642976579e-18, 1.00286980419e-17, 9.38564866091e-18, 9.67325605117e-18, 8.46018658387e-18, 7.77626290007e-18, 5.64612144869e-18, 3.68572242209e-18, 2.08274648382e-18, 8.57892329432e-19, 2.26160872995e-19, 2.55086054234e-20],
        "var": [0.00187028595246, 1.81498408318, 50.2508735657, 265.733093262, 408.95401001, 1080.80578613, 1781.07727051, 4367.68505859, 2128.92749023, 1937.90539551, 1360.66967773, 5517.51513672, 4250.91064453, 1877.55090332, 3385.63916016, 1200.77331543, 1297.17724609, 2661.3347168, 1655.46691895, 848.963317871, 1430.1973877, 380.047637939, 300.466705322, 460.170379639, 388.152374268, 530.284729004, 1071.62280273, 659.594482422, 321.956665039, 151.759307861, 62.3177604675, 23.0226573944, 7.18515586853, 1.42153406143, 0.130299031734, 0.000207396689802, 3.73282659893e-07, 4.20614210128e-09, 2.26249421975e-10, 6.26895590994e-10]
    },
    "gfcc": {
        "mean": [-113.338676453, 101.097694397, -105.090408325, 46.871471405, -77.4681549072, 11.5954113007, -37.3046569824, -2.82412362099, -20.3196105957, -9.33394432068, -8.15250873566, -11.0205039978, -3.42227959633],
        "cov": [[123184.085938, 12308.0712891, -12517.9267578, 5514.58105469, -9250.47167969, 1493.06323242, -4481.31298828, -394.036376953, -2399.27856445, -1244.55554199, -864.974121094, -1429.91540527, -350.937530518], [12308.0712891, 1753.6595459, -946.158508301, 440.507293701, -846.719055176, 68.5407714844, -428.295806885, -77.8638763428, -243.992507935, -168.355194092, -69.8474655151, -152.661972046, -50.8306922913], [-12517.9267578, -946.158508301, 1978.64453125, -484.622070312, 886.041503906, -139.835449219, 394.846466064, 27.8602218628, 244.107437134, 69.89818573, 95.4715652466, 159.305511475, 20.8563556671], [5514.58105469, 440.507293701, -484.622070312, 509.812774658, -318.943969727, 43.7989730835, -191.204284668, -26.3056087494, -101.751304626, -44.6942100525, -85.8401107788, -48.4618835449, -28.2627468109], [-9250.47167969, -846.719055176, 886.041503906, -318.943969727, 968.775878906, -117.218963623, 360.926940918, 36.8937034607, 161.872238159, 100.022117615, 17.2229404449, 96.4343490601, 8.41727256775], [1493.06323242, 68.5407714844, -139.835449219, 43.7989730835, -117.218963623, 179.994979858, -27.4224681854, 20.272310257, -29.4274311066, -21.2827911377, 7.34061193466, -28.6056613922, 3.85660171509], [-4481.31298828, -428.295806885, 394.846466064, -191.204284668, 360.926940918, -27.4224681854, 290.47769165, 18.8570079803, 88.8036270142, 55.2193756104, 30.7576847076, 48.8522491455, 9.59292507172], [-394.036376953, -77.8638763428, 27.8602218628, -26.3056087494, 36.8937034607, 20.272310257, 18.8570079803, 87.0544052124, 28.0564212799, 9.36232089996, 1.83835589886, 9.27100944519, 6.12787342072], [-2399.27856445, -243.992507935, 244.107437134, -101.751304626, 161.872238159, -29.4274311066, 88.8036270142, 28.0564212799, 117.624534607, 39.7903060913, 25.9809818268, 33.5971755981, 13.3709955215], [-1244.55554199, -168.355194092, 69.89818573, -44.6942100525, 100.022117615, -21.2827911377, 55.2193756104, 9.36232089996, 39.7903060913, 84.5268478394, 23.8343830109, 19.8649768829, 1.79747068882], [-864.974121094, -69.8474655151, 95.4715652466, -85.8401107788, 17.2229404449, 7.34061193466, 30.7576847076, 1.83835589886, 25.9809818268, 23.8343830109, 82.0287246704, 22.8077774048, 11.9143123627], [-1429.91540527, -152.661972046, 159.305511475, -48.4618835449, 96.4343490601, -28.6056613922, 48.8522491455, 9.27100944519, 33.5971755981, 19.8649768829, 22.8077774048, 71.6722793579, 16.1895370483], [-350.937530518, -50.8306922913, 20.8563556671, -28.2627468109, 8.41727256775, 3.85660171509, 9.59292507172, 6.12787342072, 13.3709955215, 1.79747068882, 11.9143123627, 16.1895370483, 48.3113975525]],
        "icov": [[0.00118021445815, -0.0036297570914, 0.00251508480869, -0.00378115847707, 0.00317665212788, -0.00280771870166, 0.00240475614555, -0.00152123905718, 0.00158050772734, -0.000794308551122, 0.000891438394319, -2.39566634264e-05, 0.00022275558149], [-0.0036297570914, 0.012514969334, -0.00767364213243, 0.0112878121436, -0.00921349134296, 0.00909345597029, -0.00694354949519, 0.00483223237097, -0.00413032062352, 0.00360649568029, -0.00327287008986, 0.00108247494791, -0.000184453441761], [0.00251508480869, -0.00767364213243, 0.00647618668154, -0.00776772852987, 0.00609126873314, -0.00588407600299, 0.00502883829176, -0.00288353441283, 0.00235358509235, -0.000638748984784, 0.00131481839344, -0.000985478051007, 0.00100992899388], [-0.00378115847707, 0.0112878121436, -0.00776772852987, 0.0157070197165, -0.0099035045132, 0.00829578004777, -0.00671244459227, 0.00542025221512, -0.00478411046788, 0.00160420197062, 0.000337826524628, -0.0013758931309, 0.000302748871036], [0.00317665212788, -0.00921349134296, 0.00609126873314, -0.0099035045132, 0.0116178104654, -0.00679914932698, 0.00462812976912, -0.00437571899965, 0.00439269840717, -0.00306193437427, 0.00412548938766, -0.000178637361387, 0.00105343572795], [-0.00280771870166, 0.00909345597029, -0.00588407600299, 0.00829578004777, -0.00679914932698, 0.0139807229862, -0.00671921623871, 0.00111752387602, -0.00223606079817, 0.00351118948311, -0.00460754008964, 0.00310441385955, -0.00158928148448], [0.00240475614555, -0.00694354949519, 0.00502883829176, -0.00671244459227, 0.00462812976912, -0.00671921623871, 0.0126004144549, -0.00249497895129, 0.00201221019961, -0.00253145117313, 0.00168081815355, -0.000698729883879, 0.000966249732301], [-0.00152123905718, 0.00483223237097, -0.00288353441283, 0.00542025221512, -0.00437571899965, 0.00111752387602, -0.00249497895129, 0.0155769614503, -0.00575755536556, 0.000758211768698, 0.000608296017163, -0.0015750140883, -0.000414559879573], [0.00158050772734, -0.00413032062352, 0.00235358509235, -0.00478411046788, 0.00439269840717, -0.00223606079817, 0.00201221019961, -0.00575755536556, 0.0180898979306, -0.00429901154712, -0.000171584746568, -1.73255489244e-06, -0.00173953711055], [-0.000794308551122, 0.00360649568029, -0.000638748984784, 0.00160420197062, -0.00306193437427, 0.00351118948311, -0.00253145117313, 0.000758211768698, -0.00429901154712, 0.0184459462762, -0.00584661215544, -0.000179103051778, 0.00190395594109], [0.000891438394319, -0.00327287008986, 0.00131481839344, 0.000337826524628, 0.00412548938766, -0.00460754008964, 0.00168081815355, 0.000608296017163, -0.000171584746568, -0.00584661215544, 0.019788056612, -0.0048439851962, -0.00109168363269], [-2.39566634264e-05, 0.00108247494791, -0.000985478051007, -0.0013758931309, -0.000178637361387, 0.00310441385955, -0.000698729883879, -0.0015750140883, -1.73255489244e-06, -0.000179103051778, -0.0048439851962, 0.0220276806504, -0.005472662393], [0.00022275558149, -0.000184453441761, 0.00100992899388, 0.000302748871036, 0.00105343572795, -0.00158928148448, 0.000966249732301, -0.000414559879573, -0.00173953711055, 0.00190395594109, -0.00109168363269, -0.005472662393, 0.0241820253432]]
    },
    "melbands": {
        "dmean": [0.000414434733102, 0.00162020232528, 0.00164978683461, 0.00107529503293, 0.000714881636668, 0.000554247351829, 0.00028030195972, 0.000193829924683, 0.000128863044665, 0.000153145767399, 8.46441471367e-05, 4.45133664471e-05, 5.3145315178e-05, 3.16219047818e-05, 2.49996282946e-05, 2.09841800825e-05, 2.18379354919e-05, 1.73192838702e-05, 1.26985314637e-05, 9.86236318568e-06, 9.24118103285e-06, 7.70025508245e-06, 7.12284054316e-06, 6.04175329499e-06, 6.61706144456e-06, 6.83812277202e-06, 5.30365150553e-06, 4.32248725701e-06, 5.16926866112e-06, 3.98776728616e-06, 3.08218636746e-06, 2.65502308139e-06, 2.03153922484e-06, 2.07245852835e-06, 1.91869025912e-06, 1.11128315439e-06, 8.97897166396e-07, 7.03669229551e-07, 4.43723138233e-07, 2.54323509807e-07],
        "dmean2": [0.000724805402569, 0.00277031795122, 0.00282275420614, 0.00184012844693, 0.00119055749383, 0.000899964943528, 0.000451170984888, 0.000316834222758, 0.000206875702133, 0.000239421671722, 0.00013182683324, 6.83602265781e-05, 8.27353651403e-05, 4.94216183142e-05, 3.99042110075e-05, 3.36085977324e-05, 3.50429691025e-05, 2.79757859971e-05, 2.06904969673e-05, 1.61977714015e-05, 1.45277927004e-05, 1.26326003738e-05, 1.18974794532e-05, 9.84542202787e-06, 1.06487250378e-05, 1.11206436486e-05, 8.64385674504e-06, 6.98753819961e-06, 8.20710647531e-06, 6.23251116849e-06, 4.9001437219e-06, 4.18709851147e-06, 3.12981524075e-06, 3.2271393593e-06, 3.04292984765e-06, 1.72113971075e-06, 1.37834854286e-06, 1.0744906831e-06, 6.84654253291e-07, 3.91435690972e-07],
        "dvar": [6.88800753323e-07, 9.23513380258e-06, 6.76110903441e-06, 2.19505045607e-06, 1.05502363112e-06, 9.40335212363e-07, 3.41078447263e-07, 1.53321408902e-07, 8.4834084646e-08, 1.34083379066e-07, 4.31490150277e-08, 1.16836273989e-08, 1.94158467082e-08, 7.029106186e-09, 3.56125773315e-09, 4.51570203452e-09, 5.58477886159e-09, 2.7505904221e-09, 1.02787278689e-09, 8.04489586059e-10, 1.88521820377e-09, 3.41883715782e-10, 2.5734592235e-10, 1.92294916102e-10, 2.68776806367e-10, 2.30412772195e-10, 1.28791338705e-10, 1.76123088336e-10, 2.24725280051e-10, 2.1415957896e-10, 1.08087400141e-10, 7.06725511446e-11, 2.8965978921e-11, 2.21031196818e-11, 1.30891322087e-11, 4.85928571686e-12, 4.1601795793e-12, 2.20717064417e-12, 8.3851171449e-13, 4.08334390606e-13],
        "dvar2": [1.90849868886e-06, 2.31781305047e-05, 1.85641765711e-05, 5.85859334024e-06, 2.72939678325e-06, 2.30160594583e-06, 8.54384268223e-07, 3.92370282043e-07, 2.08163754678e-07, 3.20947265209e-07, 9.6651945114e-08, 2.50118485923e-08, 4.33981490744e-08, 1.57791522071e-08, 8.42279757052e-09, 1.0707864817e-08, 1.28625261553e-08, 6.51771969729e-09, 2.46123810221e-09, 1.95907334799e-09, 4.0426826331e-09, 8.54876558432e-10, 6.64716059973e-10, 4.71486183429e-10, 6.27135177123e-10, 5.71247604775e-10, 3.20929005593e-10, 4.49377479672e-10, 4.64147165147e-10, 4.07214317821e-10, 2.32197053252e-10, 1.55107329758e-10, 5.97399352209e-11, 5.12159446797e-11, 3.07893953388e-11, 1.11063580208e-11, 9.48116064825e-12, 4.74765712855e-12, 1.84866813698e-12, 8.54120539486e-13],
        "max": [0.026568248868, 0.0737605839968, 0.0544610843062, 0.0298560019583, 0.0178960058838, 0.0164296980947, 0.0144598670304, 0.00896021723747, 0.00714707141742, 0.00906648486853, 0.00517424149439, 0.00297454558313, 0.00413541076705, 0.00258797639981, 0.0020617658738, 0.00247308239341, 0.00355908554047, 0.00204346515238, 0.00117220927496, 0.00120481790509, 0.00227257329971, 0.000472382671433, 0.000324939726852, 0.000498852459714, 0.000583934073802, 0.000350958347553, 0.000256442988757, 0.000598598504439, 0.000645344436634, 0.000842422596179, 0.000532836013008, 0.000339644117048, 0.000166984042153, 0.000170737417648, 5.51228658878e-05, 5.66042763239e-05, 6.51435184409e-05, 5.6944842072e-05, 2.74803023785e-05, 2.10857942875e-05],
        "mean": [0.000471655454021, 0.00180278159678, 0.00212174002081, 0.00154865498189, 0.00114462268539, 0.000971162866335, 0.000445860787295, 0.000273700396065, 0.000195898843231, 0.000239919289015, 0.000145226265886, 7.77141176513e-05, 8.8401735411e-05, 4.91235041409e-05, 3.79156663257e-05, 2.94449528155e-05, 3.08533708449e-05, 2.44497477979e-05, 1.74770921149e-05, 1.38760524351e-05, 1.22076362459e-05, 1.01848308987e-05, 8.78437549545e-06, 8.40509255795e-06, 8.90213686944e-06, 9.25307995203e-06, 7.35883986636e-06, 6.95229437042e-06, 8.16894043965e-06, 6.14906866758e-06, 4.68045163871e-06, 3.96228233512e-06, 3.20979825119e-06, 3.4964734823e-06, 3.22083951687e-06, 1.87719717815e-06, 1.41822158639e-06, 1.12511531825e-06, 6.66958442253e-07, 3.59235116321e-07],
        "median": [0.00022410575184, 0.000862515764311, 0.00126950978301, 0.00101163296495, 0.000699865981005, 0.000449618150014, 0.000228623379371, 0.000136441871291, 8.4998740931e-05, 8.78696155269e-05, 4.25161779276e-05, 2.52025820373e-05, 3.02783882944e-05, 1.44414034366e-05, 1.25618844322e-05, 9.07216235646e-06, 8.07620199339e-06, 5.53202562514e-06, 5.84225517741e-06, 4.08169034927e-06, 3.42883913618e-06, 3.40093743034e-06, 3.11147937282e-06, 2.89838476419e-06, 3.48760545421e-06, 3.77198693968e-06, 2.81789471046e-06, 2.46378272095e-06, 3.0235714803e-06, 2.28472822528e-06, 1.87900332094e-06, 1.49705442709e-06, 1.31311412588e-06, 1.42026897265e-06, 1.28881470118e-06, 8.03591149179e-07, 5.7178061752e-07, 4.66300065227e-07, 2.70935601066e-07, 1.32695021193e-07],
        "min": [6.08132477404e-25, 3.57037903361e-25, 8.27097387728e-25, 5.69808973679e-25, 7.41875018503e-25, 7.26267701316e-25, 9.70884839859e-25, 1.07340540032e-24, 9.81769345414e-25, 1.00827004284e-24, 1.42465094457e-24, 1.15694951727e-24, 1.43932799753e-24, 1.74229890287e-24, 1.49132142537e-24, 2.30226491391e-24, 2.40554731679e-24, 2.31875289569e-24, 2.4522987639e-24, 1.92825452026e-24, 2.54488756556e-24, 2.42161029975e-24, 2.51284699382e-24, 2.6522882168e-24, 3.23017280887e-24, 3.33605569172e-24, 3.42444716172e-24, 3.73218456186e-24, 2.9620703444e-24, 4.37138159285e-24, 3.62394929579e-24, 3.59906862284e-24, 4.81534383284e-24, 4.6866794359e-24, 4.87031442173e-24, 5.28197083549e-24, 5.26192272445e-24, 4.7679147542e-24, 5.09291361424e-24, 5.40399499576e-24],
        "var": [6.44605904654e-07, 9.04127045942e-06, 7.57777252147e-06, 3.17319222631e-06, 1.95915595214e-06, 2.01794591703e-06, 4.81337622205e-07, 1.90757731389e-07, 1.25365659187e-07, 2.1351650048e-07, 1.0848365406e-07, 3.54797862201e-08, 5.01863830493e-08, 1.89574524967e-08, 8.21227352787e-09, 6.4408052225e-09, 1.04201962614e-08, 6.30351459918e-09, 1.85551374265e-09, 1.44328415885e-09, 2.77072564892e-09, 4.48649201124e-10, 3.02103786431e-10, 3.15584225419e-10, 3.4428132567e-10, 2.92132401603e-10, 1.80853651499e-10, 2.89587215319e-10, 4.43871051026e-10, 4.29990848483e-10, 2.03493374928e-10, 1.33387273449e-10, 6.20941215113e-11, 4.57194143655e-11, 2.6901222569e-11, 1.08771394669e-11, 8.65234793535e-12, 4.70371181241e-12, 1.82956471154e-12, 9.16267604324e-13]
    },
    "mfcc": {
        "mean": [-678.819458008, 106.323013306, 21.7634487152, 25.1663761139, -7.88839960098, 4.08480119705, -5.71517324448, -0.0654726102948, -7.74265861511, -0.259655147791, -6.42102909088, -3.15425443649, -5.23017978668],
        "cov": [[27163.9589844, 5705.83056641, 972.99017334, 1162.73632812, -461.021514893, 220.712554932, -319.600097656, 1.2828592062, -512.625061035, 16.8086299896, -391.543579102, -228.080841064, -300.281829834], [5705.83056641, 1971.3371582, 449.681365967, 302.086883545, -48.9732131958, 3.01713085175, -54.4756698608, -5.35744571686, -132.792434692, -16.9214000702, -96.4254226685, -47.5245437622, -62.9651565552], [972.99017334, 449.681365967, 754.624023438, 60.1787834167, 0.801742434502, -9.97313785553, -60.0977859497, 32.0779953003, -69.7892456055, -22.6970672607, -29.3426246643, 1.9840170145, -18.3375606537], [1162.73632812, 302.086883545, 60.1787834167, 390.189422607, 55.2462043762, 59.1234855652, -21.6313781738, -3.82541537285, 20.8471660614, -34.5158042908, -10.4443559647, 2.73601269722, -26.2712726593], [-461.021514893, -48.9732131958, 0.801742434502, 55.2462043762, 198.476104736, 18.5179786682, 14.0202007294, 14.7194862366, 32.2004814148, -15.4144830704, 14.126584053, -1.46314680576, -3.92476534843], [220.712554932, 3.01713085175, -9.97313785553, 59.1234855652, 18.5179786682, 119.083984375, 39.8535842896, 8.30872821808, 13.9024763107, 5.29857969284, 5.69073486328, -8.4170331955, -5.73262453079], [-319.600097656, -54.4756698608, -60.0977859497, -21.6313781738, 14.0202007294, 39.8535842896, 113.274879456, 18.6110801697, 16.3982524872, 16.0442829132, 9.47755432129, -10.2476291656, 11.2966690063], [1.2828592062, -5.35744571686, 32.0779953003, -3.82541537285, 14.7194862366, 8.30872821808, 18.6110801697, 81.3739929199, 22.0629043579, 4.75586891174, 1.71826732159, -7.40227031708, -4.19750165939], [-512.625061035, -132.792434692, -69.7892456055, 20.8471660614, 32.2004814148, 13.9024763107, 16.3982524872, 22.0629043579, 93.4200439453, 10.7598657608, 12.3231163025, 7.25375270844, -0.990913808346], [16.8086299896, -16.9214000702, -22.6970672607, -34.5158042908, -15.4144830704, 5.29857969284, 16.0442829132, 4.75586891174, 10.7598657608, 74.4784622192, 8.95873737335, -2.93706965446, 6.88583612442], [-391.543579102, -96.4254226685, -29.3426246643, -10.4443559647, 14.126584053, 5.69073486328, 9.47755432129, 1.71826732159, 12.3231163025, 8.95873737335, 60.3936500549, 17.0316390991, 6.24078798294], [-228.080841064, -47.5245437622, 1.9840170145, 2.73601269722, -1.46314680576, -8.4170331955, -10.2476291656, -7.40227031708, 7.25375270844, -2.93706965446, 17.0316390991, 62.3819465637, 17.2732086182], [-300.281829834, -62.9651565552, -18.3375606537, -26.2712726593, -3.92476534843, -5.73262453079, 11.2966690063, -4.19750165939, -0.990913808346, 6.88583612442, 6.24078798294, 17.2732086182, 52.4486618042]],
