{
"lowlevel": {
    "average_loudness": 0.936073362827,
    "barkbands_crest": {
        "dmean": 2.0219976902,
        "dmean2": 3.32874941826,
        "dvar": 3.90720248222,
        "dvar2": 10.0380935669,
        "max": 22.7614154816,
        "mean": 8.02846240997,
        "median": 7.17152261734,
        "min": 2.08734726906,
        "var": 10.3861970901
    },
    "barkbands_flatness_db": {
        "dmean": 0.0138742234558,
        "dmean2": 0.0222007036209,
        "dvar": 0.000181449533557,
        "dvar2": 0.000434441521065,
        "max": 0.310764193535,
        "mean": 0.130597859621,
        "median": 0.129525437951,
        "min": 0.0266407206655,
        "var": 0.00121908588335
    },
    "barkbands_kurtosis": {
        "dmean": 1.19547474384,
        "dmean2": 1.93128144741,
        "dvar": 7.00474643707,
        "dvar2": 17.8804130554,
        "max": 128.105453491,
        "mean": 1.22711288929,
        "median": 0.206543445587,
        "min": -1.89177978039,
        "var": 16.3811454773
    },
    "barkbands_skewness": {
        "dmean": 0.366755843163,
        "dmean2": 0.568368375301,
        "dvar": 0.172190532088,
        "dvar2": 0.367145746946,
        "max": 6.23589229584,
        "mean": 0.595620214939,
        "median": 0.744341552258,
        "min": -9.34137630463,
        "var": 1.46107387543
    },
    "barkbands_spread": {
        "dmean": 4.07836818695,
        "dmean2": 6.27135038376,
        "dvar": 24.2975482941,
        "dvar2": 51.4660644531,
        "max": 80.2853927612,
        "mean": 22.9230155945,
        "median": 21.9713821411,
        "min": 1.61512768269,
        "var": 98.3026351929
    },
    "dissonance": {
        "dmean": 0.0139958709478,
        "dmean2": 0.0235568918288,
        "dvar": 0.00020440579101,
        "dvar2": 0.000561744498555,
        "max": 0.500000059605,
        "mean": 0.472445636988,
        "median": 0.476885229349,
        "min": 0.208699271083,
        "var": 0.000434634217527
    },
    "dynamic_complexity": 2.23679661751,
    "erbbands_crest": {
        "dmean": 2.10939621925,
        "dmean2": 3.4229195118,
        "dvar": 4.99870252609,
        "dvar2": 12.2867212296,
        "max": 29.0878372192,
        "mean": 7.68014287949,
        "median": 6.71728563309,
        "min": 2.27257847786,
        "var": 14.9275140762
    },
    "erbbands_flatness_db": {
        "dmean": 0.0120635069907,
        "dmean2": 0.0180434044451,
        "dvar": 0.000168461338035,
        "dvar2": 0.000328493246343,
        "max": 0.395125299692,
        "mean": 0.183990970254,
        "median": 0.188417509198,
        "min": 0.065271884203,
        "var": 0.00174926058389
    },
    "erbbands_kurtosis": {
        "dmean": 0.622951447964,
        "dmean2": 0.994361639023,
        "dvar": 3.28697729111,
        "dvar2": 7.84930944443,
        "max": 71.1839294434,
        "mean": -0.146348848939,
        "median": -0.502213001251,
        "min": -1.7694464922,
        "var": 4.54837417603
    },
    "erbbands_skewness": {
        "dmean": 0.298709720373,
        "dmean2": 0.459544420242,
        "dvar": 0.109741106629,
        "dvar2": 0.237682431936,
        "max": 3.1176571846,
        "mean": -0.00987153220922,
        "median": -0.00931006204337,
        "min": -6.87086343765,
        "var": 0.468657195568
    },
    "erbbands_spread": {
        "dmean": 5.70698261261,
        "dmean2": 8.8258562088,
        "dvar": 41.4160041809,
        "dvar2": 93.7787399292,
        "max": 123.994789124,
        "mean": 35.0949783325,
        "median": 34.3875427246,
        "min": 1.32067298889,
        "var": 153.515579224
    },
    "hfc": {
        "dmean": 5.10274553299,
        "dmean2": 7.22611522675,
        "dvar": 59.5935974121,
        "dvar2": 115.631538391,
        "max": 162.225402832,
        "mean": 20.8116035461,
        "median": 17.6535263062,
        "min": 1.04396182092e-16,
        "var": 281.792755127
    },
    "melbands_crest": {
        "dmean": 2.58890986443,
        "dmean2": 4.21895217896,
        "dvar": 6.26398897171,
        "dvar2": 16.1216030121,
        "max": 29.6324672699,
        "mean": 10.0901470184,
        "median": 9.63055324554,
        "min": 1.528236866,
        "var": 23.0645961761
    },
    "melbands_flatness_db": {
        "dmean": 0.0159755852073,
        "dmean2": 0.0245210342109,
        "dvar": 0.000306025787722,
        "dvar2": 0.000665705942083,
        "max": 0.347685337067,
        "mean": 0.137187004089,
        "median": 0.14305062592,
        "min": 0.00266718026251,
        "var": 0.00386640569195
    },
    "melbands_kurtosis": {
        "dmean": 2.38605070114,
        "dmean2": 3.83993911743,
        "dvar": 17.276725769,
        "dvar2": 44.8382949829,
        "max": 112.740142822,
        "mean": 4.29268550873,
        "median": 2.53397989273,
        "min": -1.89556407928,
        "var": 50.5187225342
    },
    "melbands_skewness": {
        "dmean": 0.425340026617,
        "dmean2": 0.663414120674,
        "dvar": 0.216195330024,
        "dvar2": 0.503297686577,
        "max": 9.20270252228,
        "mean": 1.57554447651,
        "median": 1.56018543243,
        "min": -5.23908042908,
        "var": 1.20981669426
    },
    "melbands_spread": {
        "dmean": 8.12024974823,
        "dmean2": 12.9030189514,
        "dvar": 112.884246826,
        "dvar2": 259.785552979,
        "max": 192.709823608,
        "mean": 42.359413147,
        "median": 29.6681995392,
        "min": 2.25871539116,
        "var": 1312.71728516
    },
    "pitch_salience": {
        "dmean": 0.0522053465247,
        "dmean2": 0.0849661380053,
        "dvar": 0.00245873164386,
        "dvar2": 0.00635004369542,
        "max": 0.988028287888,
        "mean": 0.636594355106,
        "median": 0.637313365936,
        "min": 0.222314327955,
        "var": 0.0102253397927
    },
    "silence_rate_20dB": {
        "dmean": 0,
        "dmean2": 0,
        "dvar": 0,
        "dvar2": 0,
        "max": 1,
        "mean": 1,
        "median": 1,
        "min": 1,
        "var": 0
    },
    "silence_rate_30dB": {
        "dmean": 0.000235960353166,
        "dmean2": 0.000471976411063,
        "dvar": 0.000235855797655,
        "dvar2": 0.000471767416457,
        "max": 1,
        "mean": 0.999764084816,
        "median": 1,
        "min": 0,
        "var": 0.000235828003497
    },
    "silence_rate_60dB": {
        "dmean": 0.00684285024181,
        "dmean2": 0.013687315397,
        "dvar": 0.00679509760812,
        "dvar2": 0.0160984285176,
        "max": 1,
        "mean": 0.148991391063,
        "median": 0,
        "min": 0,
        "var": 0.126809835434
    },
    "spectral_centroid": {
        "dmean": 258.311462402,
        "dmean2": 403.973297119,
        "dvar": 91346.21875,
        "dvar2": 195906.34375,
        "max": 12022.1591797,
        "mean": 2646.60400391,
        "median": 1628.03564453,
        "min": 349.147796631,
        "var": 8977356
    },
    "spectral_complexity": {
        "dmean": 2.97121286392,
        "dmean2": 4.57439517975,
        "dvar": 10.8348817825,
        "dvar2": 22.5559101105,
        "max": 55,
        "mean": 21.2418308258,
        "median": 22,
        "min": 0,
        "var": 128.185241699
    },
    "spectral_decrease": {
        "dmean": 1.11062425923e-09,
        "dmean2": 1.6530207203e-09,
        "dvar": 2.65870407253e-18,
        "dvar2": 5.49857807001e-18,
        "max": 2.42222379472e-28,
        "mean": -4.43724923471e-09,
        "median": -4.41135261653e-09,
        "min": -4.21315746735e-08,
        "var": 9.60635699195e-18
    },
    "spectral_energy": {
        "dmean": 0.00453487643972,
        "dmean2": 0.00671061128378,
        "dvar": 4.3694901251e-05,
        "dvar2": 8.94127588253e-05,
        "max": 0.165027350187,
        "mean": 0.0186348631978,
        "median": 0.0184482187033,
        "min": 9.74787923248e-21,
        "var": 0.000165276753251
    },
    "spectral_energyband_high": {
        "dmean": 0.000329000060447,
        "dmean2": 0.00046803324949,
        "dvar": 6.48519346669e-07,
        "dvar2": 1.20064828479e-06,
        "max": 0.0303344354033,
        "mean": 0.000818815431558,
        "median": 0.000370868656319,
        "min": 6.63904287702e-21,
        "var": 1.87642410765e-06
    },
    "spectral_energyband_low": {
        "dmean": 0.00041308690561,
        "dmean2": 0.000682611425873,
        "dvar": 1.01407397324e-06,
        "dvar2": 2.59088847088e-06,
        "max": 0.025311075151,
        "mean": 0.000884182110894,
        "median": 0.000472907355288,
        "min": 7.11789983642e-24,
        "var": 2.04045340979e-06
    },
    "spectral_energyband_middle_high": {
        "dmean": 0.00185416697059,
        "dmean2": 0.00273619615473,
        "dvar": 8.71011343406e-06,
        "dvar2": 1.71792689798e-05,
        "max": 0.074779972434,
        "mean": 0.00632831640542,
        "median": 0.00478164805099,
        "min": 1.01201377712e-21,
        "var": 3.60015546903e-05
    },
    "spectral_energyband_middle_low": {
        "dmean": 0.00365338847041,
        "dmean2": 0.00562124978751,
        "dvar": 3.04484346998e-05,
        "dvar2": 6.819202099e-05,
        "max": 0.154118597507,
        "mean": 0.0110875852406,
        "median": 0.00983725953847,
        "min": 1.32532772019e-22,
        "var": 8.31005163491e-05
    },
    "spectral_entropy": {
        "dmean": 0.104038260877,
        "dmean2": 0.151251032948,
        "dvar": 0.0134929716587,
        "dvar2": 0.0258469786495,
        "max": 9.82758903503,
        "mean": 7.79950904846,
        "median": 7.57789087296,
        "min": 6.30838441849,
        "var": 0.571526885033
    },
    "spectral_flux": {
        "dmean": 0.0155776552856,
        "dmean2": 0.0240463819355,
        "dvar": 0.00037815325777,
        "dvar2": 0.000777554523665,
        "max": 0.382255703211,
        "mean": 0.0676856562495,
        "median": 0.0680004954338,
        "min": 6.23643567343e-11,
        "var": 0.00165381748229
    },
    "spectral_kurtosis": {
        "dmean": 1.52194309235,
        "dmean2": 2.6162583828,
        "dvar": 2.58333110809,
        "dvar2": 7.70879077911,
        "max": 21.319683075,
        "mean": 3.35455107689,
        "median": 3.14533615112,
        "min": -1.30034911633,
        "var": 8.33508682251
    },
    "spectral_rms": {
        "dmean": 0.000469118531328,
        "dmean2": 0.000683914811816,
        "dvar": 3.33537030883e-07,
        "dvar2": 6.35862932086e-07,
        "max": 0.0126886675134,
        "mean": 0.0038420765195,
        "median": 0.00424243602902,
        "min": 3.08384914827e-12,
        "var": 3.4187842175e-06
    },
    "spectral_rolloff": {
        "dmean": 457.091522217,
        "dmean2": 748.545043945,
        "dvar": 465710.125,
        "dvar2": 927186.3125,
        "max": 19832.0800781,
        "mean": 3950.08666992,
        "median": 2002.58789062,
        "min": 193.798828125,
        "var": 28415620
    },
    "spectral_skewness": {
        "dmean": 0.201288878918,
        "dmean2": 0.330653816462,
        "dvar": 0.0395121350884,
        "dvar2": 0.100654743612,
        "max": 3.54869580269,
        "mean": 1.12694001198,
        "median": 1.1906311512,
        "min": -0.930698633194,
        "var": 0.3047542274
    },
    "spectral_spread": {
        "dmean": 391489.5,
        "dmean2": 601469.875,
        "dvar": 464897441792,
        "dvar2": 952263507968,
        "max": 43428992,
        "mean": 7609950.5,
        "median": 3458047,
        "min": 1441615.375,
        "var": 1.33496701977e+14
    },
    "spectral_strongpeak": {
        "dmean": 0.615868151188,
        "dmean2": 1.02189278603,
        "dvar": 1.01854419708,
        "dvar2": 2.57260537148,
        "max": 11.4820098877,
        "mean": 1.18679428101,
        "median": 0.742843091488,
        "min": 0,
        "var": 1.99529123306
    },
    "zerocrossingrate": {
        "dmean": 0.00914386752993,
        "dmean2": 0.0112298922613,
        "dvar": 0.000175265202415,
        "dvar2": 0.000208776225918,
        "max": 0.7998046875,
        "mean": 0.118891268969,
        "median": 0.06884765625,
        "min": 0.01904296875,
        "var": 0.0189473200589
    },
    "barkbands": {
        "dmean": [1.11563967948e-05, 0.000104272869066, 0.000238299791818, 0.000365075684385, 0.00146722630598, 0.00134640710894, 0.000878977007233, 0.000928110152017, 0.000902193423826, 0.000463621516246, 0.000366222026059, 0.000287498231046, 0.000367011321941, 0.000450533203548, 0.000406625884352, 0.000436882372014, 0.000367118947906, 0.000177132722456, 0.000231366691878, 0.000206703873118, 0.000118103365821, 8.12632133602e-05, 6.22517909505e-05, 3.17757439916e-05, 8.71774682309e-06, 8.64279172674e-08, 8.28442481282e-10],
        "dmean2": [1.97959070647e-05, 0.000170920771779, 0.000402173871407, 0.000630344031379, 0.002422895981, 0.00214263726957, 0.00136428908445, 0.00147246511187, 0.00140844250564, 0.000727192265913, 0.000572830671445, 0.000466878438601, 0.000580169260502, 0.000718951167073, 0.000648516928777, 0.000699314638041, 0.000582547159865, 0.000280523439869, 0.000363116414519, 0.000319274113281, 0.000182009389391, 0.000117764953757, 8.76078920555e-05, 4.40567055193e-05, 1.22314486362e-05, 1.43705250366e-07, 1.52412515941e-09],
        "dvar": [3.63097468759e-10, 3.99779231941e-08, 4.46143445743e-07, 1.15420289148e-06, 7.41827989259e-06, 5.107234756e-06, 3.21706170325e-06, 6.76296212987e-06, 6.33441868558e-06, 1.50926109654e-06, 7.78231026288e-07, 4.91026582949e-07, 8.47178625918e-07, 8.3190263922e-07, 7.45807597013e-07, 9.96924086394e-07, 6.95275161888e-07, 1.439497197e-07, 2.01845239189e-07, 1.58816632734e-07, 1.4965341677e-07, 7.62229603879e-08, 4.83887845348e-08, 1.04538440127e-08, 6.18345985526e-10, 1.97938690991e-14, 1.26028907256e-18],
        "dvar2": [1.05108100001e-09, 9.65314015389e-08, 1.21303037304e-06, 3.19003652294e-06, 1.82010262506e-05, 1.23703675854e-05, 7.53838321543e-06, 1.64832144947e-05, 1.431268538e-05, 3.4607978705e-06, 1.81136886113e-06, 1.22747132991e-06, 1.8431657054e-06, 1.91568165064e-06, 1.73461603481e-06, 2.38676057052e-06, 1.66838731275e-06, 3.41430052231e-07, 4.71152247883e-07, 3.73451428004e-07, 3.00473317338e-07, 1.62938405879e-07, 8.7560785289e-08, 1.77612609065e-08, 1.1256846566e-09, 5.48615548877e-14, 3.98457119688e-18],
        "max": [0.000711424509063, 0.00427454337478, 0.0151129048318, 0.0310829691589, 0.08934109658, 0.0577675141394, 0.0372456125915, 0.0972686931491, 0.0490785129368, 0.0430819354951, 0.0255289040506, 0.0303197409958, 0.0235951282084, 0.0231148879975, 0.0175161212683, 0.0256413649768, 0.0202688165009, 0.00980638433248, 0.0106406370178, 0.0102079464123, 0.0200945045799, 0.0101449526846, 0.0066961585544, 0.00274335430004, 0.000698027550243, 4.34712455899e-06, 1.48791654553e-08],
        "mean": [1.12335910671e-05, 0.000213063714909, 0.000422535202233, 0.000507484481204, 0.00296502956189, 0.00265496596694, 0.00170750368852, 0.00147637713235, 0.00138479436282, 0.000789059966337, 0.000635337026324, 0.000500799214933, 0.00059737887932, 0.000801047717687, 0.000652444374282, 0.000765864970163, 0.000687828112859, 0.000328799505951, 0.000510154641233, 0.000446098361863, 0.000223165072384, 0.000150719890371, 0.000118378411571, 6.59677825752e-05, 1.8564012862e-05, 2.70763564458e-07, 8.09594669082e-10],
        "median": [6.23864889349e-06, 0.000126234750496, 0.000142847100506, 0.00018499988073, 0.00184048374649, 0.00168514065444, 0.000837906845845, 0.000668209628202, 0.000430824584328, 0.000334008480422, 0.000284985610051, 0.000257113337284, 0.000259828462731, 0.000359675672371, 0.000300193321891, 0.00034516051528, 0.000318788574077, 0.000186726727406, 0.000210113284993, 0.000178238798981, 9.48173546931e-05, 4.16782640968e-05, 3.06240872305e-05, 1.68894475792e-05, 5.80845426157e-06, 2.59105576106e-07, 4.1737541201e-10],
        "min": [9.13654201455e-26, 8.87507961419e-25, 1.27230001288e-25, 2.98603229022e-25, 5.43714648087e-24, 3.50997151676e-24, 3.97707065266e-24, 4.41729921399e-24, 8.64814089784e-24, 1.00702567393e-23, 9.86350812893e-24, 1.18383322639e-23, 1.34148226624e-23, 1.88732731209e-23, 3.52040822542e-23, 3.50918715236e-23, 3.53838226337e-23, 7.90545217917e-23, 9.17160422431e-23, 1.23536122629e-22, 1.85871545328e-22, 2.62203834353e-22, 3.25337495936e-22, 5.15451156559e-22, 7.72621679683e-22, 1.15370511065e-21, 1.88050202443e-21],
        "var": [3.52771922785e-10, 8.90841391765e-08, 6.5755648393e-07, 1.30377668484e-06, 1.51214144353e-05, 1.05975559563e-05, 7.26467351342e-06, 8.69484392751e-06, 1.03635411506e-05, 2.65356629825e-06, 1.64330242569e-06, 1.04313062366e-06, 1.79654864496e-06, 2.01988814297e-06, 1.362735361e-06, 1.92107154362e-06, 1.32886793835e-06, 2.78757511296e-07, 6.43616658635e-07, 4.47432285e-07, 2.5581411478e-07, 1.54180071377e-07, 1.26063412154e-07, 3.20180859603e-08, 2.04888905841e-09, 4.12272145134e-14, 1.1272856679e-18]
    },
    "erbbands": {
        "dmean": [0.00196465011686, 0.029482671991, 0.208748400211, 0.757714390755, 2.63034582138, 5.66318225861, 9.97124004364, 11.4161605835, 13.2307853699, 15.7579603195, 17.6784248352, 23.8750190735, 15.6715269089, 10.4598617554, 15.3654584885, 12.3012056351, 16.4937324524, 20.4513282776, 22.4445705414, 21.424161911, 19.3163604736, 17.0576057434, 10.5522022247, 9.76323986053, 12.2297143936, 9.57071304321, 6.11979866028, 3.93769454956, 2.84983563423, 2.45722770691, 1.73220026493, 0.946063220501, 0.409172832966, 0.140223130584, 0.0394530333579, 0.00176870834548, 0.00013740718714, 1.80590213859e-05, 3.33361276716e-06, 5.5896075537e-06],
        "dmean2": [0.00333443423733, 0.0479453653097, 0.349066585302, 1.28300273418, 4.49900245667, 9.44022083282, 15.6553297043, 18.3853321075, 20.255153656, 25.3975639343, 27.796836853, 37.100982666, 24.6038761139, 16.1838474274, 24.2715568542, 19.7985191345, 26.0580768585, 32.3848991394, 34.550239563, 34.2969703674, 30.170249939, 26.5049858093, 16.3615646362, 15.3777332306, 19.0802459717, 14.8862638474, 9.34724998474, 5.99984645844, 4.21647977829, 3.52360033989, 2.45622396469, 1.3543664217, 0.568170309067, 0.194217264652, 0.0555210001767, 0.00255391723476, 0.000221355323447, 2.94457204291e-05, 4.6383361223e-06, 8.14336090116e-06],
        "dvar": [1.33056364575e-05, 0.00342205935158, 0.306131005287, 4.10406017303, 67.1194992065, 126.147476196, 301.263336182, 396.175506592, 718.333251953, 1606.16760254, 2860.52294922, 4392.63574219, 1891.72192383, 1052.97631836, 1292.00561523, 973.21887207, 1585.30761719, 1959.84472656, 2616.89672852, 1879.03161621, 2430.24755859, 1528.1081543, 451.046020508, 356.132080078, 698.468505859, 353.172241211, 205.132049561, 286.91506958, 105.185272217, 65.5346908569, 38.8975334167, 9.84782123566, 1.69012618065, 0.163129404187, 0.0134219015017, 2.06780368899e-05, 3.03671328084e-08, 4.56007509531e-10, 2.54473213335e-11, 6.32337307516e-11],
        "dvar2": [3.25433029502e-05, 0.00826058723032, 0.826932430267, 10.7517004013, 185.795288086, 334.755279541, 687.523498535, 965.070373535, 1711.25109863, 4227.30615234, 6757.09814453, 9770.03710938, 4612.76220703, 2379.27978516, 3158.48413086, 2388.43408203, 3423.3605957, 4560.72216797, 5843.83300781, 4358.1328125, 5951.31689453, 3556.57177734, 986.498840332, 834.430725098, 1635.61669922, 853.074584961, 457.079620361, 573.944274902, 230.077896118, 129.218505859, 72.2251281738, 18.175491333, 2.82390141487, 0.292042911053, 0.0239671450108, 3.84758059226e-05, 7.07524918653e-08, 1.12794007467e-09, 4.48736221792e-11, 1.2733031296e-10],
        "max": [0.0907914564013, 1.12391805649, 13.2081279755, 44.1453094482, 338.28994751, 442.790039062, 427.826324463, 549.050537109, 634.096740723, 1428.6998291, 1251.3059082, 1459.65283203, 1181.45996094, 1666.39611816, 1007.90185547, 1505.3717041, 1092.63879395, 1309.03186035, 1187.67456055, 816.212219238, 1331.50390625, 1114.82775879, 694.585388184, 450.505737305, 581.72076416, 465.738647461, 566.790771484, 949.110717773, 445.290802002, 192.707870483, 195.805633545, 65.1818237305, 41.8033981323, 12.0964183807, 4.19530773163, 0.156859144568, 0.00510183209553, 0.000430367013905, 9.82200654107e-05, 0.000186290664715],
        "mean": [0.00338185648434, 0.0623500868678, 0.413834601641, 1.22698378563, 3.97757172585, 11.1138954163, 19.251953125, 21.7429599762, 26.7772197723, 27.4698162079, 28.9719333649, 37.5730895996, 26.2524452209, 19.5256729126, 28.2775840759, 23.2777690887, 29.018409729, 38.4270401001, 40.2231521606, 38.653881073, 38.1827316284, 34.1649856567, 22.0356559753, 20.1875591278, 26.9736557007, 21.6454048157, 13.1615619659, 7.38910675049, 5.3638086319, 4.56964826584, 3.21976470947, 1.8370424509, 0.856636106968, 0.301423430443, 0.0825863704085, 0.00449938233942, 0.000535634229891, 6.38471610728e-05, 1.4888088117e-05, 2.40230401687e-05],
        "median": [0.00200496776961, 0.0369375869632, 0.161541104317, 0.511751532555, 1.73992455006, 6.52399206161, 11.6286859512, 13.0409383774, 14.0283193588, 13.899725914, 14.3155784607, 12.6999988556, 11.4964809418, 9.49233722687, 14.7636108398, 12.4044179916, 14.4549236298, 19.2662277222, 18.7107410431, 19.4169178009, 18.0750102997, 16.28125, 12.6011581421, 10.3091287613, 9.81336021423, 8.88097667694, 5.74921035767, 2.87871575356, 1.5521479845, 1.15881299973, 0.839413106441, 0.44714012742, 0.229812592268, 0.0971378237009, 0.024611344561, 0.00248731207103, 0.000502611801494, 6.06843059359e-05, 1.38452842293e-05, 2.39956134465e-05],
        "min": [4.93738164039e-23, 3.0911329031e-22, 4.75446947204e-22, 1.77017034788e-21, 5.02677779418e-21, 1.38534625715e-20, 2.4782765745e-20, 4.70659370818e-20, 6.99784006098e-20, 8.9144737627e-20, 1.654920606e-19, 2.66337397238e-19, 3.9476429592e-19, 3.90206996034e-19, 7.18669405437e-19, 6.93014967425e-19, 1.07735880388e-18, 1.47282527274e-18, 1.94093422601e-18, 2.25310122905e-18, 1.72480072075e-18, 3.0521225456e-18, 4.60220297203e-18, 4.85165458859e-18, 6.30663261244e-18, 6.35147365985e-18, 7.86736360965e-18, 7.51694343239e-18, 9.56712960576e-18, 9.80945630211e-18, 9.97178470706e-18, 9.26766209987e-18, 8.24589800156e-18, 6.26187386949e-18, 5.68310924337e-18, 3.85512818436e-18, 2.18127630928e-18, 8.39551408806e-19, 2.30470664932e-19, 2.52585383845e-20],
        "var": [2.25017192861e-05, 0.00799951795489, 0.524999141693, 6.26710319519, 73.7099227905, 229.047409058, 668.081298828, 826.441894531, 1647.1472168, 2094.51342773, 3771.48339844, 7487.26708984, 2889.01733398, 2080.78735352, 2558.53466797, 2310.15258789, 3405.57397461, 4700.47607422, 5354.60449219, 3844.80761719, 4558.08349609, 3144.62109375, 1133.46484375, 875.652587891, 2087.61987305, 1017.2612915, 443.816864014, 467.451477051, 200.017425537, 160.721206665, 95.458366394, 26.1925830841, 5.34721279144, 0.5482853055, 0.0433115065098, 6.7117085564e-05, 1.37674774692e-07, 1.81754211681e-09, 1.29312616171e-10, 2.67130151332e-10]
    },
    "gfcc": {
        "mean": [-131.642608643, 92.1937637329, -147.784957886, 30.1661701202, -70.1736526489, -1.11373329163, -44.1326751709, -3.83351707458, -19.3426132202, -4.36241292953, -6.07045650482, -9.72262096405, -0.372628360987],
        "cov": [[127683.929688, 11580.2304688, -18525.1269531, 4013.06323242, -8958.3359375, -131.274169922, -5475.16308594, -466.237762451, -2343.78637695, -681.826843262, -620.944396973, -1399.53161621, 24.3919963837], [11580.2304688, 1549.4354248, -1654.10620117, 189.161239624, -649.469177246, -149.158279419, -475.437194824, -80.6777572632, -247.900222778, -70.1103591919, -73.3477096558, -106.235923767, -19.0195503235], [-18525.1269531, -1654.10620117, 3031.74414062, -450.762756348, 1227.2401123, 109.054458618, 774.696350098, 40.5302505493, 345.867431641, 85.9280319214, 84.1725921631, 212.835327148, -36.9585151672], [4013.06323242, 189.161239624, -450.762756348, 408.917694092, -315.344512939, 65.5857620239, -144.699951172, -9.57482433319, -34.7925949097, -22.3575649261, -17.9057998657, -53.729347229, -0.733400523663], [-8958.3359375, -649.469177246, 1227.2401123, -315.344512939, 824.262512207, -50.0978813171, 392.533935547, 38.0896682739, 134.147903442, 54.5847053528, 25.6578884125, 103.467102051, 0.0152762997895], [-131.274169922, -149.158279419, 109.054458618, 65.5857620239, -50.0978813171, 220.489334106, 44.7323799133, 22.706199646, 10.1370649338, -9.48823738098, 1.98661613464, -11.9256534576, -17.0237808228], [-5475.16308594, -475.437194824, 774.696350098, -144.699951172, 392.533935547, 44.7323799133, 373.107635498, 46.7961082458, 98.5120162964, 31.9893417358, 35.2750205994, 39.2304725647, -13.0576467514], [-466.237762451, -80.6777572632, 40.5302505493, -9.57482433319, 38.0896682739, 22.706199646, 46.7961082458, 108.302330017, 42.0143470764, -5.09794378281, 13.7338542938, -20.0483207703, 10.2122879028], [-2343.78637695, -247.900222778, 345.867431641, -34.7925949097, 134.147903442, 10.1370649338, 98.5120162964, 42.0143470764, 138.691055298, 18.6182918549, 11.104092598, 18.3689537048, 8.56511878967], [-681.826843262, -70.1103591919, 85.9280319214, -22.3575649261, 54.5847053528, -9.48823738098, 31.9893417358, -5.09794378281, 18.6182918549, 76.3688201904, 16.0249118805, 11.9720191956, -7.86122560501], [-620.944396973, -73.3477096558, 84.1725921631, -17.9057998657, 25.6578884125, 1.98661613464, 35.2750205994, 13.7338542938, 11.104092598, 16.0249118805, 80.4788360596, 4.10401296616, 3.02596902847], [-1399.53161621, -106.235923767, 212.835327148, -53.729347229, 103.467102051, -11.9256534576, 39.2304725647, -20.0483207703, 18.3689537048, 11.9720191956, 4.10401296616, 96.7737503052, 8.92579936981], [24.3919963837, -19.0195503235, -36.9585151672, -0.733400523663, 0.0152762997895, -17.0237808228, -13.0576467514, 10.2122879028, 8.56511878967, -7.86122560501, 3.02596902847, 8.92579936981, 59.3008346558]],
        "icov": [[0.00103185058106, -0.00264195702039, 0.00263413903303, -0.00268202042207, 0.00289593241177, -0.00141749391332, 0.0021015603561, -0.00110301526729, 0.00163875543512, -0.000656697084196, 0.000471030769404, 0.00011879572412, 0.000216106374864], [-0.00264195702039, 0.00869379751384, -0.00588420080021, 0.0070404750295, -0.0074320640415, 0.0044394377619, -0.00500356871635, 0.0032130710315, -0.00348951318301, 0.00241152755916, -0.000849926727824, -0.000302960543195, 0.000828832853585], [0.00263413903303, -0.00588420080021, 0.00852838996798, -0.00668354425579, 0.00602280860767, -0.00410152273253, 0.00461835879833, -0.00156118080486, 0.00273212860338, -0.000816093641333, 0.000721445772797, -0.000597875448875, 0.00191899156198], [-0.00268202042207, 0.0070404750295, -0.00668354425579, 0.0106651419774, -0.00639464193955, 0.00284900306724, -0.00523916678503, 0.00326200178824, -0.00485794292763, 0.00174419221003, -0.000876336998772, 0.000352818402462, -0.000643630570266], [0.00289593241177, -0.0074320640415, 0.00602280860767, -0.00639464193955, 0.0129161383957, -0.00221970002167, 0.00382443703711, -0.00428423797712, 0.00551801454276, -0.00288309995085, 0.00268050376326, -0.0003794960503, -0.000219791152631], [-0.00141749391332, 0.0044394377619, -0.00410152273253, 0.00284900306724, -0.00221970002167, 0.00839407276362, -0.00402067089453, 4.89764061058e-05, -0.000987703213468, 0.00157140381634, 6.49808935123e-05, -0.000111889356049, 0.00136696232948], [0.0021015603561, -0.00500356871635, 0.00461835879833, -0.00523916678503, 0.00382443703711, -0.00402067089453, 0.0117000686005, -0.00359977292828, 0.00309605244547, -0.00168806314468, -0.000187843193999, 0.00124798004981, 0.00153608503751], [-0.00110301526729, 0.0032130710315, -0.00156118080486, 0.00326200178824, -0.00428423797712, 4.89764061058e-05, -0.00359977292828, 0.0144161842763, -0.00631267717108, 0.00277062924579, -0.00250779325143, 0.00297576072626, -0.0017494087806], [0.00163875543512, -0.00348951318301, 0.00273212860338, -0.00485794292763, 0.00551801454276, -0.000987703213468, 0.00309605244547, -0.00631267717108, 0.0154249155894, -0.00321190920658, 0.00207141065039, 9.30721289478e-05, -0.00144008325879], [-0.000656697084196, 0.00241152755916, -0.000816093641333, 0.00174419221003, -0.00288309995085, 0.00157140381634, -0.00168806314468, 0.00277062924579, -0.00321190920658, 0.0159756205976, -0.00327896489762, -0.00106275617145, 0.00306853908114], [0.000471030769404, -0.000849926727824, 0.000721445772797, -0.000876336998772, 0.00268050376326, 6.49808935123e-05, -0.000187843193999, -0.00250779325143, 0.00207141065039, -0.00327896489762, 0.0143975662068, 6.75668934491e-06, -0.00108862575144], [0.00011879572412, -0.000302960543195, -0.000597875448875, 0.000352818402462, -0.0003794960503, -0.000111889356049, 0.00124798004981, 0.00297576072626, 9.30721289478e-05, -0.00106275617145, 6.75668934491e-06, 0.0141283702105, -0.00306520937011], [0.000216106374864, 0.000828832853585, 0.00191899156198, -0.000643630570266, -0.000219791152631, 0.00136696232948, 0.00153608503751, -0.0017494087806, -0.00144008325879, 0.00306853908114, -0.00108862575144, -0.00306520937011, 0.0203918162733]]
    },
    "melbands": {
        "dmean": [2.2472897399e-05, 8.31713259686e-05, 0.000170764469658, 0.00027406195295, 0.000331657851348, 0.000254202430369, 0.00019379366131, 0.000181359282578, 0.000149775674799, 0.000144033692777, 7.73096908233e-05, 4.31801418017e-05, 5.34936443728e-05, 3.4594162571e-05, 2.86718513962e-05, 4.10644461226e-05, 4.10936954722e-05, 4.04623315262e-05, 2.64565023826e-05, 3.39475300279e-05, 2.41025099967e-05, 1.99286951101e-05, 1.69274335349e-05, 7.33639672035e-06, 9.01187650015e-06, 8.89328475751e-06, 8.48894433148e-06, 6.75557885188e-06, 4.8106739996e-06, 2.95312338494e-06, 2.32416800827e-06, 1.72116540398e-06, 1.59697958679e-06, 1.34424692533e-06, 1.1228656831e-06, 8.08767424587e-07, 5.31312196017e-07, 3.32577428708e-07, 2.10733929862e-07, 1.04035734694e-07],
        "dmean2": [3.70582383766e-05, 0.000137146911584, 0.00029170003836, 0.000463831936941, 0.000526799471118, 0.000406829087297, 0.000296313810395, 0.000292487704428, 0.000234581340919, 0.000223493625526, 0.000121613615192, 6.68808861519e-05, 8.43941234052e-05, 5.54222206119e-05, 4.6263976401e-05, 6.4269755967e-05, 6.57004566165e-05, 6.25102911727e-05, 4.23541241616e-05, 5.40172877663e-05, 3.81434911105e-05, 3.1609510188e-05, 2.65769958787e-05, 1.16993751362e-05, 1.43105062307e-05, 1.41632863233e-05, 1.30996722874e-05, 1.06570705611e-05, 7.46988189348e-06, 4.63265769213e-06, 3.53906898454e-06, 2.63240690401e-06, 2.38636107497e-06, 1.95891038857e-06, 1.64857203799e-06, 1.17752028927e-06, 7.78902233378e-07, 4.77494666029e-07, 3.03832734971e-07, 1.49295431129e-07],
        "dvar": [1.74725967028e-09, 4.45800516502e-08, 2.38908654637e-07, 3.63563600558e-07, 2.95156809216e-07, 1.86729195661e-07, 1.54277500997e-07, 2.36608755699e-07, 1.91763447788e-07, 1.67094796666e-07, 4.87277063144e-08, 1.93573548302e-08, 1.58515369719e-08, 6.70213129439e-09, 4.31440749793e-09, 1.32022135446e-08, 7.83025999596e-09, 9.12138276021e-09, 3.58067397954e-09, 5.8584306295e-09, 4.51682824476e-09, 2.45203923832e-09, 1.31561117556e-09, 2.49802983854e-10, 3.25399429624e-10, 3.80852405168e-10, 3.23913423861e-10, 1.79128004096e-10, 1.04694579395e-10, 1.01864836011e-10, 1.23919249861e-10, 3.8230071886e-11, 3.00662515718e-11, 2.05198861375e-11, 1.65138441116e-11, 8.19411899444e-12, 3.19311634425e-12, 1.20453668741e-12, 3.68076446058e-13, 9.03829013585e-14],
        "dvar2": [4.19914591987e-09, 1.18231170632e-07, 6.57887540001e-07, 9.31090028189e-07, 6.84584620103e-07, 4.53889526852e-07, 3.61031709417e-07, 6.16732449998e-07, 4.47568226036e-07, 3.70921071635e-07, 1.19037707691e-07, 4.50189183709e-08, 3.78731037642e-08, 1.67290838959e-08, 1.08058264559e-08, 2.7502792932e-08, 1.84901391975e-08, 2.04718872965e-08, 8.43917646876e-09, 1.33239215216e-08, 1.13260814061e-08, 5.98187455125e-09, 2.95846591669e-09, 6.04474137411e-10, 7.64067809023e-10, 9.21725584746e-10, 7.49919404353e-10, 4.42021558245e-10, 2.46067860532e-10, 2.16914111673e-10, 2.70063138519e-10, 8.51523435097e-11, 6.61387403178e-11, 4.06857846025e-11, 3.20869823767e-11, 1.64287229654e-11, 6.22832211153e-12, 2.22855414678e-12, 7.41421247313e-13, 1.76140745327e-13],
        "max": [0.000935066724196, 0.00502611743286, 0.0141480900347, 0.0218087416142, 0.012084200047, 0.0121835665777, 0.00873864907771, 0.0177697967738, 0.00900890026242, 0.00837846565992, 0.00603804038838, 0.00724372873083, 0.00328129762784, 0.00369354803115, 0.00215331884101, 0.00319230719469, 0.00275075109676, 0.00251033599488, 0.00135366700124, 0.00157260999549, 0.00175709859468, 0.00126152171288, 0.000817225372884, 0.000424002093496, 0.000426959741162, 0.000627063738648, 0.000341604521964, 0.000307266425807, 0.000306823552819, 0.000600714120083, 0.000685553182848, 0.000269514508545, 0.000130020271172, 0.000104631071736, 0.000132318396936, 8.6721018306e-05, 4.00789031119e-05, 3.79134180548e-05, 1.78566806426e-05, 9.89885211311e-06],
        "mean": [4.4345149945e-05, 0.000171525156475, 0.000274700665614, 0.0005135256215, 0.000679174321704, 0.000494769017678, 0.000392739428207, 0.000305019348161, 0.000240916226176, 0.000220648085815, 0.000123969468405, 7.50071340008e-05, 9.40969985095e-05, 6.27579065622e-05, 5.14490820933e-05, 6.89384978614e-05, 7.15007408871e-05, 6.81060482748e-05, 4.41328265879e-05, 5.7734989241e-05, 4.3730269681e-05, 3.66920503438e-05, 3.01899144688e-05, 1.3593426047e-05, 1.66042154888e-05, 1.81037084985e-05, 1.75697205123e-05, 1.39255980685e-05, 9.62063495535e-06, 5.06946707901e-06, 3.94670269088e-06, 3.05534081235e-06, 2.73259843198e-06, 2.41574662141e-06, 1.95760321731e-06, 1.42575663631e-06, 9.96492985905e-07, 6.34413311218e-07, 4.13017346546e-07, 2.05093769523e-07],
        "median": [2.7968431823e-05, 7.93522558524e-05, 0.00012759915262, 0.000291354837827, 0.000447776750661, 0.000305281602778, 0.000201282527996, 0.000149371830048, 0.000108942462248, 6.87536448822e-05, 4.93310508318e-05, 3.24538341374e-05, 4.39144932898e-05, 3.47097884514e-05, 2.85008954961e-05, 2.75417405646e-05, 3.2783827919e-05, 2.93833800242e-05, 2.19220801227e-05, 2.69038937404e-05, 1.89897909877e-05, 1.64036518981e-05, 1.34098927447e-05, 8.03811599326e-06, 7.59310114518e-06, 6.87670126354e-06, 5.98994529355e-06, 5.61510023545e-06, 3.66571271115e-06, 2.10221674024e-06, 1.27461021293e-06, 8.53172934967e-07, 6.67161145884e-07, 5.86352371101e-07, 4.87772524593e-07, 3.43701145766e-07, 2.24330435117e-07, 1.57305834136e-07, 1.17509451059e-07, 6.27041956136e-08],
        "min": [6.73578744684e-25, 4.80589939286e-25, 3.31094191037e-25, 8.37767421724e-25, 9.01273189785e-25, 9.71016283808e-25, 9.77053436315e-25, 9.86476774259e-25, 1.09152494366e-24, 1.42520097784e-24, 1.46822545161e-24, 1.07408589146e-24, 1.82903514548e-24, 2.09821913824e-24, 2.20640786152e-24, 1.47721501466e-24, 2.43320221632e-24, 2.83010594509e-24, 2.53826586713e-24, 2.58913240715e-24, 1.40094370222e-24, 2.31130269608e-24, 2.61352773343e-24, 2.94360054681e-24, 3.24453638823e-24, 3.03908111534e-24, 3.43583476331e-24, 3.2699367233e-24, 3.7828570421e-24, 3.39344690029e-24, 3.14801965091e-24, 4.60596634352e-24, 4.74484372817e-24, 4.54283301642e-24, 4.62899240449e-24, 4.66444105255e-24, 5.36527651924e-24, 5.22598932135e-24, 5.2837686495e-24, 4.7078524626e-24],
        "var": [3.47136941414e-09, 8.07145781323e-08, 2.98200745874e-07, 6.15688691141e-07, 6.84386918692e-07, 3.94844732909e-07, 3.67296848935e-07, 2.96517072229e-07, 2.62205219315e-07, 2.81119241663e-07, 7.25357125475e-08, 3.55932279206e-08, 3.28741514011e-08, 1.34292044152e-08, 8.35019609013e-09, 2.910700303e-08, 1.76993850687e-08, 1.78518320126e-08, 6.25173068869e-09, 1.11975957395e-08, 7.3299877279e-09, 4.07737044128e-09, 3.221571232e-09, 4.36405328541e-10, 7.22862714131e-10, 9.57319779005e-10, 8.68623506456e-10, 4.52679171925e-10, 2.48192327801e-10, 1.49449702613e-10, 1.82186335462e-10, 6.79710523976e-11, 5.89174264931e-11, 4.93940652269e-11, 3.79176585963e-11, 1.78145050794e-11, 8.00158030112e-12, 3.25722868816e-12, 1.06712002516e-12, 2.67692389522e-13]
    },
    "mfcc": {
        "mean": [-683.268615723, 103.714149475, -24.7855739594, 16.6663379669, -8.2748336792, -5.24001121521, -12.5629491806, -9.89189720154, -9.67036914825, -1.5488960743, -8.76695632935, -1.87092328072, -2.36819291115],
        "cov": [[28729.15625, 5579.20117188, -1385.31884766, 1026.09423828, -581.807006836, -382.598846436, -710.527832031, -512.354431152, -597.900939941, 38.1872024536, -560.95916748, -122.400756836, -92.7112808228], [5579.20117188, 2058.44433594, -530.976379395, 211.64805603, -68.586730957, -137.511505127, -142.091720581, -181.970672607, -146.723999023, -86.8967819214, -114.681144714, -42.2211532593, -44.1917686462], [-1385.31884766, -530.976379395, 550.870544434, -54.343788147, 17.7574520111, 122.81312561, 7.78181886673, 84.8575973511, 18.5457000732, 0.660086750984, 48.8827857971, 26.7149810791, 12.9633817673], [1026.09423828, 211.64805603, -54.343788147, 250.965103149, -2.72159051895, 0.428921669722, -31.8129825592, -34.8725128174, -3.45164179802, -12.6935443878, -29.1991252899, 5.36851739883, 21.7809867859], [-581.807006836, -68.586730957, 17.7574520111, -2.72159051895, 147.146377563, -0.938942492008, 0.922200322151, 11.9298191071, 19.6460208893, -4.18186235428, -9.11197280884, -0.26084753871, 10.9442949295], [-382.598846436, -137.511505127, 122.81312561, 0.428921669722, -0.938942492008, 166.888183594, 29.4076805115, 25.6621608734, 13.0400876999, -21.9816684723, 34.8076934814, -4.18695211411, -10.202501297], [-710.527832031, -142.091720581, 7.78181886673, -31.8129825592, 0.922200322151, 29.4076805115, 161.249588013, 35.6106300354, 6.87302303314, 31.5138473511, 23.1574001312, 4.2006444931, -4.02363395691], [-512.354431152, -181.970672607, 84.8575973511, -34.8725128174, 11.9298191071, 25.6621608734, 35.6106300354, 116.587203979, 40.7645492554, 11.3928174973, 18.4147605896, 1.53788888454, 3.28884792328], [-597.900939941, -146.723999023, 18.5457000732, -3.45164179802, 19.6460208893, 13.0400876999, 6.87302303314, 40.7645492554, 101.743110657, 23.7975444794, 13.2846345901, 2.88604259491, -0.98479115963], [38.1872024536, -86.8967819214, 0.660086750984, -12.6935443878, -4.18186235428, -21.9816684723, 31.5138473511, 11.3928174973, 23.7975444794, 112.327278137, 7.97936916351, 7.7795882225, -1.26759469509], [-560.95916748, -114.681144714, 48.8827857971, -29.1991252899, -9.11197280884, 34.8076934814, 23.1574001312, 18.4147605896, 13.2846345901, 7.97936916351, 83.0047302246, 17.436958313, -7.48017263412], [-122.400756836, -42.2211532593, 26.7149810791, 5.36851739883, -0.26084753871, -4.18695211411, 4.2006444931, 1.53788888454, 2.88604259491, 7.7795882225, 17.436958313, 63.6893196106, 16.4746761322], [-92.7112808228, -44.1917686462, 12.9633817673, 21.7809867859, 10.9442949295, -10.202501297, -4.02363395691, 3.28884792328, -0.98479115963, -1.26759469509, -7.48017263412, 16.4746761322, 60.1798286438]],
