{
"lowlevel": {
    "average_loudness": 0.880348682404,
    "barkbands_crest": {
        "dmean": 2.28322553635,
        "dmean2": 3.69996452332,
        "dvar": 4.68518209457,
        "dvar2": 11.3257484436,
        "max": 26.8819789886,
        "mean": 9.27354240417,
        "median": 8.11443328857,
        "min": 2.12301015854,
        "var": 18.6484165192
    },
    "barkbands_flatness_db": {
        "dmean": 0.0177853126079,
        "dmean2": 0.0279287490994,
        "dvar": 0.000306851259666,
        "dvar2": 0.000689293141477,
        "max": 0.516507267952,
        "mean": 0.13631144166,
        "median": 0.129168838263,
        "min": 0.0405072383583,
        "var": 0.00184457562864
    },
    "barkbands_kurtosis": {
        "dmean": 3.20723724365,
        "dmean2": 4.79815387726,
        "dvar": 2069.13549805,
        "dvar2": 3981.33227539,
        "max": 3331.9609375,
        "mean": 4.28557777405,
        "median": 0.868154525757,
        "min": -1.87902760506,
        "var": 1977.55480957
    },
    "barkbands_skewness": {
        "dmean": 0.501382648945,
        "dmean2": 0.750251710415,
        "dvar": 0.831002950668,
        "dvar2": 1.52825200558,
        "max": 53.8708839417,
        "mean": 1.27192115784,
        "median": 1.19509446621,
        "min": -13.4009199142,
        "var": 2.4272236824
    },
    "barkbands_spread": {
        "dmean": 5.84347057343,
        "dmean2": 9.20159244537,
        "dvar": 52.5577659607,
        "dvar2": 122.591201782,
        "max": 90.9358215332,
        "mean": 25.238866806,
        "median": 23.3971252441,
        "min": 0.0985293537378,
        "var": 189.818511963
    },
    "dissonance": {
        "dmean": 0.0168591849506,
        "dmean2": 0.0281114224344,
        "dvar": 0.0002772504522,
        "dvar2": 0.000734734814614,
        "max": 0.500000059605,
        "mean": 0.464865475893,
        "median": 0.471644669771,
        "min": 0.243827998638,
        "var": 0.000761631352361
    },
    "dynamic_complexity": 2.39866614342,
    "erbbands_crest": {
        "dmean": 2.3954782486,
        "dmean2": 3.87664699554,
        "dvar": 5.27618741989,
        "dvar2": 12.5531949997,
        "max": 32.2684326172,
        "mean": 8.99505329132,
        "median": 7.99476099014,
        "min": 2.18448615074,
        "var": 18.0669193268
    },
    "erbbands_flatness_db": {
        "dmean": 0.0155828194693,
        "dmean2": 0.0230492334813,
        "dvar": 0.000242812282522,
        "dvar2": 0.000497880857438,
        "max": 0.43198120594,
        "mean": 0.165936917067,
        "median": 0.16139793396,
        "min": 0.0603865049779,
        "var": 0.00185222551227
    },
    "erbbands_kurtosis": {
        "dmean": 1.05238485336,
        "dmean2": 1.65433430672,
        "dvar": 6.70262718201,
        "dvar2": 14.092997551,
        "max": 79.9890441895,
        "mean": 0.554892599583,
        "median": -0.552219867706,
        "min": -1.85496664047,
        "var": 17.0866775513
    },
    "erbbands_skewness": {
        "dmean": 0.380226433277,
        "dmean2": 0.578969120979,
        "dvar": 0.195175871253,
        "dvar2": 0.386033266783,
        "max": 8.35091209412,
        "mean": 0.202023640275,
        "median": 0.198459610343,
        "min": -5.90678119659,
        "var": 1.06626117229
    },
    "erbbands_spread": {
        "dmean": 7.9890165329,
        "dmean2": 12.5340709686,
        "dvar": 87.7981643677,
        "dvar2": 221.738021851,
        "max": 138.521560669,
        "mean": 42.3509521484,
        "median": 39.6819801331,
        "min": 0.778421759605,
        "var": 357.837402344
    },
    "hfc": {
        "dmean": 7.20537757874,
        "dmean2": 10.5121459961,
        "dvar": 228.195617676,
        "dvar2": 413.929229736,
        "max": 322.221862793,
        "mean": 23.8852806091,
        "median": 16.7553195953,
        "min": 1.28178968044e-16,
        "var": 807.273193359
    },
    "melbands_crest": {
        "dmean": 2.8210952282,
        "dmean2": 4.59796047211,
        "dvar": 7.22972106934,
        "dvar2": 17.8669242859,
        "max": 39.8185882568,
        "mean": 12.0492782593,
        "median": 10.794459343,
        "min": 2.2118074894,
        "var": 28.0813236237
    },
    "melbands_flatness_db": {
        "dmean": 0.0207803044468,
        "dmean2": 0.0321223512292,
        "dvar": 0.000457645655842,
        "dvar2": 0.000951836758759,
        "max": 0.493951112032,
        "mean": 0.165239825845,
        "median": 0.160024300218,
        "min": 0.00832906644791,
        "var": 0.0035106104333
    },
    "melbands_kurtosis": {
        "dmean": 5.3372592926,
        "dmean2": 8.3466835022,
        "dvar": 631.304870605,
        "dvar2": 1418.10974121,
        "max": 1768.18249512,
        "mean": 11.438958168,
        "median": 5.87877750397,
        "min": -1.93105661869,
        "var": 801.302429199
    },
    "melbands_skewness": {
        "dmean": 0.593181312084,
        "dmean2": 0.911502480507,
        "dvar": 0.656593024731,
        "dvar2": 1.42215025425,
        "max": 36.3498268127,
        "mean": 2.36065220833,
        "median": 2.14970016479,
        "min": -7.4011554718,
        "var": 2.70515847206
    },
    "melbands_spread": {
        "dmean": 9.73213577271,
        "dmean2": 15.1449432373,
        "dvar": 281.842224121,
        "dvar2": 611.174499512,
        "max": 259.412109375,
        "mean": 33.6739768982,
        "median": 25.0108547211,
        "min": 0.293741881847,
        "var": 875.029846191
    },
    "pitch_salience": {
        "dmean": 0.0627781897783,
        "dmean2": 0.101049810648,
        "dvar": 0.00323167257011,
        "dvar2": 0.00749951647595,
        "max": 0.878898918629,
        "mean": 0.594431698322,
        "median": 0.605248272419,
        "min": 0.0133418682963,
        "var": 0.0133508220315
    },
    "silence_rate_20dB": {
        "dmean": 0,
        "dmean2": 0,
        "dvar": 0,
        "dvar2": 0,
        "max": 1,
        "mean": 1,
        "median": 1,
        "min": 1,
        "var": 0
    },
    "silence_rate_30dB": {
        "dmean": 0,
        "dmean2": 0,
        "dvar": 0,
        "dvar2": 0,
        "max": 1,
        "mean": 1,
        "median": 1,
        "min": 1,
        "var": 0
    },
    "silence_rate_60dB": {
        "dmean": 0.0125816594809,
        "dmean2": 0.0251663643867,
        "dvar": 0.0124247586355,
        "dvar2": 0.0298630595207,
        "max": 1,
        "mean": 0.0558848418295,
        "median": 0,
        "min": 0,
        "var": 0.0527536943555
    },
    "spectral_centroid": {
        "dmean": 291.866027832,
        "dmean2": 439.433654785,
        "dvar": 146634.34375,
        "dvar2": 266530.75,
        "max": 11074.4238281,
        "mean": 1712.64770508,
        "median": 1513.30554199,
        "min": 288.178619385,
        "var": 908888.125
    },
    "spectral_complexity": {
        "dmean": 3.18872499466,
        "dmean2": 5.0744099617,
        "dvar": 11.3606748581,
        "dvar2": 25.2820968628,
        "max": 54,
        "mean": 18.5858230591,
        "median": 18,
        "min": 0,
        "var": 73.1198806763
    },
    "spectral_decrease": {
        "dmean": 1.11676845549e-09,
        "dmean2": 1.76905734506e-09,
        "dvar": 1.60084749916e-18,
        "dvar2": 3.77026937968e-18,
        "max": 1.13916083983e-28,
        "mean": -4.31624114228e-09,
        "median": -4.27404645009e-09,
        "min": -1.67433604759e-08,
        "var": 5.17533656614e-18
    },
    "spectral_energy": {
        "dmean": 0.00465609505773,
        "dmean2": 0.00732091115788,
        "dvar": 2.66262431978e-05,
        "dvar2": 6.17815749138e-05,
        "max": 0.0657562986016,
        "mean": 0.018456954509,
        "median": 0.0184640921652,
        "min": 1.11962676383e-20,
        "var": 9.13232142921e-05
    },
    "spectral_energyband_high": {
        "dmean": 0.000807348871604,
        "dmean2": 0.00119101582095,
        "dvar": 5.13388249601e-06,
        "dvar2": 9.01973362488e-06,
        "max": 0.0532095767558,
        "mean": 0.00173783500213,
        "median": 0.00058411230566,
        "min": 8.28998067299e-21,
        "var": 1.60195140779e-05
    },
    "spectral_energyband_low": {
        "dmean": 0.000673987087794,
        "dmean2": 0.00109980197158,
        "dvar": 1.58375860337e-06,
        "dvar2": 4.09338872487e-06,
        "max": 0.0217567458749,
        "mean": 0.00178129121196,
        "median": 0.00128889409825,
        "min": 8.95597698448e-23,
        "var": 3.57595263267e-06
    },
    "spectral_energyband_middle_high": {
        "dmean": 0.00140821246896,
        "dmean2": 0.00207804748788,
        "dvar": 3.73516422769e-06,
        "dvar2": 8.23848586151e-06,
        "max": 0.0351264066994,
        "mean": 0.00487169297412,
        "median": 0.00341414636932,
        "min": 1.41238161342e-21,
        "var": 1.97267945623e-05
    },
    "spectral_energyband_middle_low": {
        "dmean": 0.0037443714682,
        "dmean2": 0.00595543067902,
        "dvar": 2.163055251e-05,
        "dvar2": 5.10118006787e-05,
        "max": 0.0639704167843,
        "mean": 0.0106249647215,
        "median": 0.00890722405165,
        "min": 3.0650696961e-22,
        "var": 6.77798307152e-05
    },
    "spectral_entropy": {
        "dmean": 0.158678069711,
        "dmean2": 0.236840456724,
        "dvar": 0.0267119389027,
        "dvar2": 0.0565274804831,
        "max": 9.80129814148,
        "mean": 7.56565093994,
        "median": 7.58503818512,
        "min": 4.92052984238,
        "var": 0.188278496265
    },
    "spectral_flux": {
        "dmean": 0.0193443931639,
        "dmean2": 0.0319900028408,
        "dvar": 0.000379059260013,
        "dvar2": 0.00103269389365,
        "max": 0.211203068495,
        "mean": 0.0734606236219,
        "median": 0.0713829398155,
        "min": 1.05812414386e-10,
        "var": 0.00111679499969
    },
    "spectral_kurtosis": {
        "dmean": 1.23164725304,
        "dmean2": 2.08657050133,
        "dvar": 1.72508966923,
        "dvar2": 5.02448320389,
        "max": 21.5251331329,
        "mean": 3.55751609802,
        "median": 3.17001199722,
        "min": -1.21816134453,
        "var": 5.22577762604
    },
    "spectral_rms": {
        "dmean": 0.000524409289937,
        "dmean2": 0.000814941711724,
        "dvar": 2.94047680427e-07,
        "dvar2": 6.48405830361e-07,
        "max": 0.00800952501595,
        "mean": 0.00405578548089,
        "median": 0.00424426048994,
        "min": 3.30502465673e-12,
        "var": 1.55735619956e-06
    },
    "spectral_rolloff": {
        "dmean": 606.241699219,
        "dmean2": 992.330200195,
        "dvar": 1103801.375,
        "dvar2": 2410040.75,
        "max": 18733.8867188,
        "mean": 2224.17260742,
        "median": 1593.45703125,
        "min": 21.533203125,
        "var": 3297420.75
    },
    "spectral_skewness": {
        "dmean": 0.202073946595,
        "dmean2": 0.324298620224,
        "dvar": 0.0417561158538,
        "dvar2": 0.100721158087,
        "max": 3.73770642281,
        "mean": 1.29402196407,
        "median": 1.25452649593,
        "min": -0.621794402599,
        "var": 0.25487446785
    },
    "spectral_spread": {
        "dmean": 538325.875,
        "dmean2": 835802.3125,
        "dvar": 773998510080,
        "dvar2": 1.85879914086e+12,
        "max": 41307496,
        "mean": 4665493,
        "median": 4380871,
        "min": 2149847.25,
        "var": 2.15845909299e+12
    },
    "spectral_strongpeak": {
        "dmean": 0.719962418079,
        "dmean2": 1.21118497849,
        "dvar": 1.73051548004,
        "dvar2": 4.54868459702,
        "max": 17.102514267,
        "mean": 1.27759599686,
        "median": 0.791230022907,
        "min": 0,
        "var": 2.65299224854
    },
    "zerocrossingrate": {
        "dmean": 0.0116821853444,
        "dmean2": 0.0139961550012,
        "dvar": 0.000273546436802,
        "dvar2": 0.000326696084812,
        "max": 0.6416015625,
        "mean": 0.0794985890388,
        "median": 0.0703125,
        "min": 0,
        "var": 0.00210402114317
    },
    "barkbands": {
        "dmean": [2.10310536204e-05, 0.000265037233476, 0.000330666807713, 0.000519088818692, 0.00150857435074, 0.00196012319066, 0.000807112432085, 0.000451335363323, 0.000429748237366, 0.000326176319504, 0.00038374873111, 0.000290776893962, 0.000208327983273, 0.0002381078084, 0.000201510032639, 0.000101534045825, 0.000146055725054, 0.00019287262694, 0.000329909671564, 0.000389020395232, 0.000186221281183, 0.000192106570466, 0.000193812695215, 0.000113651527499, 4.98572881042e-05, 1.0214210306e-05, 9.99179050609e-09],
        "dmean2": [3.79426055588e-05, 0.000436565402197, 0.000547118368559, 0.000862525659613, 0.00241669104435, 0.00312785711139, 0.00129157269839, 0.000704315723851, 0.000671895628329, 0.00050854095025, 0.00060925813159, 0.000443956319941, 0.000332659546984, 0.000373487884644, 0.000325107161188, 0.000168564249179, 0.000237514585024, 0.000303777051158, 0.000498610956129, 0.00059237878304, 0.000290057243546, 0.000287628296064, 0.000294360361295, 0.000173564738361, 7.87976241554e-05, 1.63738532137e-05, 1.80043837616e-08],
        "dvar": [1.15072040785e-09, 2.96469096384e-07, 4.74701181474e-07, 7.18050159776e-07, 6.08964774074e-06, 1.15162101793e-05, 2.96545454148e-06, 1.14120973649e-06, 9.67639380178e-07, 7.12014809778e-07, 8.07000674286e-07, 3.34269600444e-07, 1.70118454434e-07, 2.9221084219e-07, 3.80737418482e-07, 7.76877229214e-08, 1.75882945541e-07, 2.66329607257e-07, 4.23460676302e-07, 6.81192830143e-07, 2.88913639679e-07, 5.32212993676e-07, 8.19331944513e-07, 2.15290185679e-07, 3.66469699031e-08, 7.31973981427e-10, 5.31864455906e-14],
        "dvar2": [3.40842443158e-09, 8.02217243745e-07, 1.25331609979e-06, 1.9682081529e-06, 1.41726595757e-05, 2.75531547231e-05, 7.09873893356e-06, 2.54392080024e-06, 2.22598964683e-06, 1.56266992235e-06, 2.00585418497e-06, 7.09249832198e-07, 3.92781601022e-07, 6.57170744489e-07, 9.26270274704e-07, 2.09804994711e-07, 4.21865564704e-07, 6.02930128935e-07, 9.32326770453e-07, 1.48830588387e-06, 5.78263438911e-07, 1.01458920199e-06, 1.66661766343e-06, 4.39723578438e-07, 7.71523076537e-08, 1.82503712143e-09, 1.43147510989e-13],
        "max": [0.000674053793773, 0.00951020605862, 0.011485369876, 0.0127965603024, 0.0530707240105, 0.0630821734667, 0.0342074967921, 0.0438573621213, 0.024751117453, 0.024986686185, 0.0223366580904, 0.0183956213295, 0.00764461420476, 0.0167730096728, 0.0331499688327, 0.00796750746667, 0.011156141758, 0.0120284296572, 0.0136399036273, 0.0199267435819, 0.0157205332071, 0.0189147181809, 0.0386122390628, 0.0173312667757, 0.00725447712466, 0.000697598967236, 1.58620514412e-05],
        "mean": [2.31084559346e-05, 0.000670865119901, 0.000663569255266, 0.000986311817542, 0.00300156744197, 0.00373647385277, 0.00123348517809, 0.000756384513807, 0.000716579903383, 0.000557105697226, 0.000767079007346, 0.000564443063922, 0.000376088020857, 0.000387217005482, 0.000327145418851, 0.000169625942362, 0.00026077235816, 0.000346368644387, 0.00071044662036, 0.000935723306611, 0.000351692491677, 0.000328172551235, 0.000304215122014, 0.000184197429917, 7.97928587417e-05, 1.85144417628e-05, 6.50765930033e-09],
        "median": [1.20510912893e-05, 0.000396651681513, 0.000282506458461, 0.000522308633663, 0.00194049766287, 0.00161996239331, 0.000504479801748, 0.000308919436065, 0.000272092729574, 0.000152270731633, 0.000203970514121, 0.000194397915038, 0.000139891693834, 0.000157050817506, 0.000137935843668, 8.00390553195e-05, 0.000110407607281, 0.000144452758832, 0.000246847281232, 0.000274961115792, 0.000101133868156, 5.45000802958e-05, 4.42409655079e-05, 3.96618561354e-05, 2.2259355319e-05, 6.14960845269e-06, 3.57517210281e-10],
        "min": [3.90358289509e-23, 3.9428413469e-23, 2.70543381542e-23, 3.90166690972e-23, 1.23487705502e-22, 2.72771945154e-23, 2.56164214289e-23, 1.14904674816e-23, 7.67380285881e-23, 2.92328942954e-23, 6.9774734445e-23, 1.03979415129e-22, 1.81535359947e-22, 1.89048584805e-22, 7.86411271229e-23, 7.82906267564e-23, 1.67356096358e-22, 1.0113844302e-22, 2.34297823033e-22, 2.81598755947e-22, 4.24583366981e-22, 7.20139786023e-22, 5.82826643136e-22, 9.44728510983e-22, 1.28479980817e-21, 1.41314013158e-21, 3.00406351034e-21],
        "var": [1.13262477175e-09, 6.52657433875e-07, 9.19212595818e-07, 1.55513032496e-06, 1.42254066304e-05, 3.70061825379e-05, 4.973596333e-06, 2.79999858321e-06, 1.92944548871e-06, 1.8136026938e-06, 2.55195027421e-06, 1.28110866626e-06, 4.42358583541e-07, 5.53305142148e-07, 5.57336136353e-07, 1.13511909205e-07, 3.68036978671e-07, 6.22322374966e-07, 1.27865303057e-06, 2.47893922278e-06, 7.94109212165e-07, 1.33268918034e-06, 1.58512921189e-06, 5.20179867181e-07, 8.20479257868e-08, 1.4652569158e-09, 3.49192754519e-14]
    },
    "erbbands": {
        "dmean": [0.00567520363256, 0.070555947721, 0.313131451607, 1.05934774876, 3.17660355568, 5.73256444931, 11.9656267166, 16.1922206879, 13.6677207947, 9.69561862946, 9.12816333771, 8.62746238708, 10.8206939697, 12.5953397751, 12.7695426941, 11.6646909714, 8.49344539642, 10.5333757401, 9.99126529694, 7.64609956741, 5.54993343353, 7.78890895844, 9.67826461792, 13.2443284988, 17.0718860626, 20.3823776245, 9.30608844757, 6.58871889114, 6.91803693771, 7.33906269073, 4.84548807144, 2.82076835632, 1.69000101089, 0.712752997875, 0.286644518375, 0.0790056064725, 0.0131188509986, 0.000329910224536, 1.73792632268e-05, 7.47353442421e-06],
        "dmean2": [0.00956198573112, 0.116354942322, 0.517705500126, 1.75113320351, 5.21773099899, 9.12896156311, 19.1369819641, 25.9407062531, 21.4725666046, 15.3413295746, 14.1632156372, 13.3654069901, 16.6099185944, 19.3538303375, 19.5098934174, 17.4869728088, 13.1569976807, 16.487739563, 15.886100769, 12.4184656143, 9.10836315155, 12.4913196564, 14.7830677032, 20.4863834381, 25.0310535431, 30.8188819885, 14.2536382675, 10.20540905, 10.4161710739, 10.9336700439, 7.31126832962, 4.35170459747, 2.57372403145, 1.11734306812, 0.449158966541, 0.125441372395, 0.0210469327867, 0.000524164061062, 2.70599375654e-05, 1.1386557162e-05],
        "dvar": [0.000145034326124, 0.021567536518, 0.473154187202, 3.10294723511, 32.1025009155, 116.742866516, 406.482543945, 1158.33459473, 881.626403809, 447.426818848, 377.053192139, 504.014862061, 737.101074219, 916.333068848, 704.600524902, 674.687133789, 272.572174072, 589.263061523, 565.191162109, 567.343139648, 245.082641602, 546.026916504, 655.043273926, 832.050537109, 1293.43359375, 2083.3815918, 512.360900879, 574.625, 706.107727051, 1031.12524414, 490.988647461, 139.778961182, 46.0970344543, 7.983086586, 1.2746065855, 0.0489292219281, 0.00106377643533, 6.85139013967e-07, 5.60805135663e-09, 1.22792734314e-10],
        "dvar2": [0.000386586005334, 0.0587362162769, 1.23597550392, 8.40216064453, 82.4343109131, 255.171691895, 963.974121094, 2798.67480469, 2051.57104492, 1089.91125488, 832.785827637, 1175.95556641, 1632.91101074, 2095.44116211, 1602.98022461, 1360.25549316, 600.51373291, 1313.59277344, 1338.31225586, 1386.76159668, 651.659118652, 1243.45593262, 1379.86425781, 1828.17089844, 2661.7902832, 4587.96142578, 1062.41894531, 1138.59643555, 1408.47497559, 2059.20117188, 1043.27380371, 304.465789795, 91.5927963257, 16.6701641083, 2.76368498802, 0.12030108273, 0.00266374927014, 1.69257168636e-06, 1.42291511906e-08, 2.49988890699e-10],
        "max": [0.302676975727, 2.72970438004, 13.4357881546, 26.9382514954, 87.3261871338, 321.800445557, 381.047851562, 782.021057129, 610.711914062, 755.266845703, 456.585540771, 726.153564453, 831.648254395, 808.290527344, 743.366699219, 928.433349609, 414.028045654, 713.756958008, 570.294677734, 1382.23156738, 518.453796387, 659.580932617, 843.808837891, 728.972045898, 740.991333008, 1378.7142334, 672.699523926, 867.19354248, 720.620239258, 995.65032959, 937.040344238, 418.294952393, 242.644119263, 98.1170501709, 57.2790107727, 5.92542695999, 0.646501541138, 0.016628716141, 0.00455453526229, 0.000277107465081],
        "mean": [0.0143842352554, 0.172707125545, 0.722195506096, 2.12397885323, 5.91200399399, 10.9840698242, 21.5335903168, 30.303527832, 22.649766922, 16.2122364044, 16.385099411, 14.6495275497, 18.791387558, 24.4541187286, 25.0071430206, 23.5560283661, 17.2242889404, 19.3058643341, 17.9892292023, 14.0576257706, 10.41061306, 15.0284366608, 19.2457351685, 26.1368045807, 40.7670783997, 46.8096008301, 21.1243648529, 11.8884992599, 11.5838851929, 11.7938766479, 7.77388238907, 4.58819103241, 2.64479184151, 1.1201031208, 0.452648848295, 0.141012459993, 0.0238506756723, 0.000616315286607, 3.99015370931e-05, 2.77183535218e-05],
        "median": [0.00657539442182, 0.104457251728, 0.367371767759, 1.26520347595, 3.4938685894, 6.49339485168, 10.1789999008, 11.9596366882, 8.33285808563, 8.10012817383, 8.18903446198, 6.13764429092, 6.37710475922, 8.1645116806, 9.30379867554, 9.07716846466, 8.02489852905, 8.75023937225, 8.78623390198, 6.90624284744, 5.64694690704, 6.52803611755, 8.46474456787, 12.0782785416, 13.0869503021, 12.9669046402, 7.52979278564, 3.01743602753, 2.08511734009, 1.58897638321, 1.20737278461, 0.891250550747, 0.602001905441, 0.294539839029, 0.127398088574, 0.0467588528991, 0.00809764955193, 0.000217091408558, 2.17070064537e-05, 2.57863521256e-05],
        "min": [1.11441292084e-21, 8.62250324027e-21, 4.02108360828e-20, 6.90070643884e-20, 1.6436118838e-19, 5.10743031112e-19, 5.45280096433e-19, 2.1034530893e-19, 1.18394813439e-19, 6.0656451215e-19, 5.25019186208e-19, 1.92812161191e-18, 8.93332107295e-19, 1.82709246023e-18, 3.46599678162e-18, 4.07831764365e-18, 7.93196889703e-18, 1.03561259069e-17, 5.43428049381e-18, 5.07670437708e-18, 5.02427270677e-18, 9.79504929738e-18, 5.0167197206e-18, 1.18873149757e-17, 1.07921195729e-17, 1.42874126102e-17, 1.60592632608e-17, 1.83763864081e-17, 2.14103773615e-17, 2.08367342241e-17, 1.76143363426e-17, 2.00527010067e-17, 1.60429429873e-17, 9.30538649889e-18, 1.15591037707e-17, 5.47631078151e-18, 2.69064834022e-18, 1.6224775484e-18, 4.50391881922e-19, 4.01883697281e-20],
        "var": [0.00038140421384, 0.0439738482237, 1.00520420074, 6.26856184006, 58.7607307434, 266.350097656, 1031.2746582, 3683.17504883, 1777.27636719, 914.738098145, 706.033203125, 857.160766602, 1602.81860352, 2260.37109375, 2030.17419434, 2243.3671875, 756.847167969, 1208.47290039, 984.53302002, 933.320800781, 352.066436768, 1274.71813965, 1983.5078125, 1696.64465332, 4702.7109375, 6826.86865234, 1592.41809082, 1464.44372559, 1613.48303223, 2195.46899414, 966.22869873, 292.435241699, 117.233375549, 17.9508533478, 2.70515489578, 0.0967497751117, 0.00212173187174, 1.43385580031e-06, 6.72877309427e-09, 4.15853934621e-10]
    },
    "gfcc": {
        "mean": [-5.39650249481, 83.7491073608, -129.704528809, 39.1146011353, -76.983215332, 7.74879598618, -47.182926178, 5.35508346558, -37.5404586792, 3.00331616402, -11.1320161819, -3.2965657711, -8.25821685791],
        "cov": [[4087.91381836, -436.66418457, -525.009155273, 333.787384033, -251.775680542, -9.41491603851, 85.2790145874, 11.360247612, -99.2545471191, 83.2895736694, 118.764175415, -12.1920137405, 1.43401944637], [-436.66418457, 1080.73608398, -6.05403757095, -288.859893799, 154.406036377, -211.66619873, 42.2211875916, -37.5751533508, 6.98459291458, -45.1127128601, 103.791007996, -40.7607574463, 85.8986663818], [-525.009155273, -6.05403757095, 684.573852539, 67.8027954102, 4.5599193573, 133.873733521, -152.577896118, 34.4270362854, 50.1566963196, 18.225151062, -102.929534912, 84.6646118164, -46.9096794128], [333.787384033, -288.859893799, 67.8027954102, 426.812225342, -14.0872888565, 53.0658493042, 63.2687149048, -14.3328199387, 28.4786720276, 12.2604579926, 9.56964969635, -8.14492416382, -27.0866909027], [-251.775680542, 154.406036377, 4.5599193573, -14.0872888565, 222.594787598, 35.7210884094, 0.10491488874, 40.864074707, -1.04785776138, 30.8058490753, -18.2673587799, 4.03319501877, -5.24847459793], [-9.41491603851, -211.66619873, 133.873733521, 53.0658493042, 35.7210884094, 252.374511719, 15.0075817108, 10.5002193451, 12.2117853165, 37.7037162781, -55.6592674255, 18.683303833, -34.2594451904], [85.2790145874, 42.2211875916, -152.577896118, 63.2687149048, 0.10491488874, 15.0075817108, 219.815994263, 10.7255592346, -55.9694137573, 13.9565372467, 76.1562347412, -48.4979286194, 24.5647277832], [11.360247612, -37.5751533508, 34.4270362854, -14.3328199387, 40.864074707, 10.5002193451, 10.7255592346, 115.191101074, 11.3679151535, 20.856967926, -9.65165615082, 12.8105430603, -13.8391895294], [-99.2545471191, 6.98459291458, 50.1566963196, 28.4786720276, -1.04785776138, 12.2117853165, -55.9694137573, 11.3679151535, 144.709289551, 11.8048181534, -20.4952983856, 31.6039943695, -0.293375998735], [83.2895736694, -45.1127128601, 18.225151062, 12.2604579926, 30.8058490753, 37.7037162781, 13.9565372467, 20.856967926, 11.8048181534, 86.7509918213, 15.3485736847, 7.25740098953, -8.01698589325], [118.764175415, 103.791007996, -102.929534912, 9.56964969635, -18.2673587799, -55.6592674255, 76.1562347412, -9.65165615082, -20.4952983856, 15.3485736847, 148.729522705, -5.1355175972, 35.5171432495], [-12.1920137405, -40.7607574463, 84.6646118164, -8.14492416382, 4.03319501877, 18.683303833, -48.4979286194, 12.8105430603, 31.6039943695, 7.25740098953, -5.1355175972, 92.9291229248, 11.0140752792], [1.43401944637, 85.8986663818, -46.9096794128, -27.0866909027, -5.24847459793, -34.2594451904, 24.5647277832, -13.8391895294, -0.293375998735, -8.01698589325, 35.5171432495, 11.0140752792, 71.0950775146]],
        "icov": [[0.000514890940394, -0.000682921032421, 0.00107509049121, -0.00116901705042, 0.00151042756625, -0.000901948427781, 0.00126567960251, -0.00113019789569, 0.00119004119188, -0.00114858709276, 0.000285987916868, -0.000673334987368, -6.49033972877e-05], [-0.000682921032421, 0.00428644614294, -0.00344570609741, 0.00428922427818, -0.0056141926907, 0.00421556551009, -0.00438634864986, 0.0041977209039, -0.0039944993332, 0.0035056443885, -0.00233209924772, 0.00287960516289, -0.000757170957513], [0.00107509049121, -0.00344570609741, 0.00572407618165, -0.00459874141961, 0.00560940662399, -0.00467788847163, 0.00577588519081, -0.00470013311133, 0.00429957173765, -0.00375496479683, 0.00221536075696, -0.00373272201978, 0.000481421622681], [-0.00116901705042, 0.00428922427818, -0.00459874141961, 0.00775923067704, -0.00631962018088, 0.00443480256945, -0.0067159854807, 0.00569030689076, -0.00576870935038, 0.0043114698492, -0.00243988144211, 0.00305462023243, 0.00106985832099], [0.00151042756625, -0.0056141926907, 0.00560940662399, -0.00631962018088, 0.0134394736961, -0.00646395608783, 0.00701424386352, -0.0079031214118, 0.00652926322073, -0.00704700406641, 0.00362015492283, -0.0039318758063, -5.60957096241e-06], [-0.000901948427781, 0.00421556551009, -0.00467788847163, 0.00443480256945, -0.00646395608783, 0.0102337580174, -0.00716328155249, 0.0056286980398, -0.00459526199847, 0.00165833183564, 0.000235592087847, 0.00137147295754, 0.00139080092777], [0.00126567960251, -0.00438634864986, 0.00577588519081, -0.0067159854807, 0.00701424386352, -0.00716328155249, 0.0147278178483, -0.00769534194842, 0.00749555043876, -0.00478909770027, -0.00112221483141, 0.000392841815483, -0.00300364755094], [-0.00113019789569, 0.0041977209039, -0.00470013311133, 0.00569030689076, -0.0079031214118, 0.0056286980398, -0.00769534194842, 0.0155034465715, -0.0057631181553, 0.00247075222433, -0.0011833923636, 0.000934291398153, 0.00252472329885], [0.00119004119188, -0.0039944993332, 0.00429957173765, -0.00576870935038, 0.00652926322073, -0.00459526199847, 0.00749555043876, -0.0057631181553, 0.0131194880232, -0.00541881751269, 0.00254089338705, -0.00443482305855, -0.00114195025526], [-0.00114858709276, 0.0035056443885, -0.00375496479683, 0.0043114698492, -0.00704700406641, 0.00165833183564, -0.00478909770027, 0.00247075222433, -0.00541881751269, 0.0181485582143, -0.00493689998984, 0.00229301210493, 0.00150243763346], [0.000285987916868, -0.00233209924772, 0.00221536075696, -0.00243988144211, 0.00362015492283, 0.000235592087847, -0.00112221483141, -0.0011833923636, 0.00254089338705, -0.00493689998984, 0.0121081285179, -0.0033948358614, -0.00218692864291], [-0.000673334987368, 0.00287960516289, -0.00373272201978, 0.00305462023243, -0.0039318758063, 0.00137147295754, 0.000392841815483, 0.000934291398153, -0.00443482305855, 0.00229301210493, -0.0033948358614, 0.0173206459731, -0.00509507302195], [-6.49033972877e-05, -0.000757170957513, 0.000481421622681, 0.00106985832099, -5.60957096241e-06, 0.00139080092777, -0.00300364755094, 0.00252472329885, -0.00114195025526, 0.00150243763346, -0.00218692864291, -0.00509507302195, 0.0199527014047]]
    },
    "melbands": {
        "dmean": [6.06821377005e-05, 0.00013526645489, 0.00022739857377, 0.000313088385155, 0.000367825385183, 0.000361552840332, 0.000196704626433, 0.000104906896013, 7.58509559091e-05, 5.66589660593e-05, 5.57295679755e-05, 5.12434635311e-05, 4.87545075885e-05, 3.46268861904e-05, 2.55641989497e-05, 2.0841778678e-05, 2.14037390833e-05, 1.75798140845e-05, 1.60359086294e-05, 7.24305755284e-06, 7.17042030374e-06, 8.91350373422e-06, 8.37022435007e-06, 1.04014688986e-05, 1.23469535538e-05, 1.54826484504e-05, 1.37852903208e-05, 1.52646571223e-05, 7.58903570386e-06, 4.26923634222e-06, 4.03150534112e-06, 4.20191645389e-06, 3.94465769205e-06, 4.5202932597e-06, 3.17869330502e-06, 2.105540716e-06, 1.69447798726e-06, 1.34197955504e-06, 8.66859465987e-07, 5.54454288704e-07],
        "dmean2": [0.000100917779491, 0.000223889059271, 0.000372998940293, 0.000504816474859, 0.000585998874158, 0.000577851198614, 0.00030910546775, 0.000165347286384, 0.000117374889669, 8.78249120433e-05, 8.52873854456e-05, 7.85603551776e-05, 7.51785119064e-05, 5.26839685335e-05, 3.93585105485e-05, 3.27199959429e-05, 3.35183103743e-05, 2.80891108559e-05, 2.60178094322e-05, 1.19471778817e-05, 1.1846358575e-05, 1.44058631122e-05, 1.27052080643e-05, 1.61632833624e-05, 1.93077521544e-05, 2.31795875152e-05, 2.13233906834e-05, 2.36110281548e-05, 1.17945128295e-05, 6.74406828693e-06, 6.36613594907e-06, 6.51068148727e-06, 5.97182770434e-06, 6.85246504872e-06, 4.91404125569e-06, 3.22797836816e-06, 2.6432062441e-06, 2.07470156965e-06, 1.35558957481e-06, 8.86620227902e-07],
        "dvar": [1.57328301498e-08, 8.49786587764e-08, 1.29469540866e-07, 3.19070920796e-07, 3.4643491631e-07, 4.89003866733e-07, 1.68563957459e-07, 5.51136238869e-08, 2.5291289063e-08, 2.05257038033e-08, 1.94766816008e-08, 1.48461456462e-08, 1.21028156386e-08, 5.35129762724e-09, 2.75532041627e-09, 2.05318428925e-09, 2.82091261461e-09, 1.81421444534e-09, 3.50535112048e-09, 3.41423084249e-10, 4.91033602668e-10, 6.57178034214e-10, 7.14141634717e-10, 9.31163146589e-10, 7.65459806651e-10, 1.15298193215e-09, 9.55180823325e-10, 1.31742761145e-09, 3.14377329724e-10, 1.82993814546e-10, 2.45903103435e-10, 2.69225197691e-10, 2.3386789727e-10, 4.81090278726e-10, 2.53765897185e-10, 8.95563970205e-11, 5.64696206462e-11, 3.21713385099e-11, 1.09845526772e-11, 5.49734216482e-12],
        "dvar2": [4.24700203894e-08, 2.23841155389e-07, 3.45956607362e-07, 7.46550256281e-07, 8.12277448858e-07, 1.17811532618e-06, 3.90460002109e-07, 1.31033729645e-07, 5.58077850599e-08, 4.76875996469e-08, 4.28682476183e-08, 3.32502594347e-08, 2.78227005879e-08, 1.15037153137e-08, 5.73026204265e-09, 4.72209871205e-09, 6.26787999281e-09, 4.22935020339e-09, 8.45309955366e-09, 9.28999710492e-10, 1.29483435085e-09, 1.51567580708e-09, 1.44619272113e-09, 1.97290273007e-09, 1.7054672119e-09, 2.41271802537e-09, 2.19732676499e-09, 2.95129831684e-09, 7.01474045517e-10, 3.77345071856e-10, 5.22039078632e-10, 5.75062164554e-10, 4.75337824657e-10, 1.0065036582e-09, 5.73679104221e-10, 2.04854314068e-10, 1.31731625608e-10, 6.6194709436e-11, 2.39806056956e-11, 1.24086158015e-11],
        "max": [0.00249788607471, 0.00584622658789, 0.00524539733306, 0.0141511149704, 0.0108683770522, 0.0153875770047, 0.00808660872281, 0.00976568832994, 0.00378607143648, 0.00432651350275, 0.00430322764441, 0.00333789386787, 0.00271257990971, 0.00187023892067, 0.00146189867519, 0.00101394613739, 0.00167743361089, 0.00117579184007, 0.00367409549654, 0.000543397618458, 0.00081953802146, 0.000618986785412, 0.000963625789154, 0.000874890189152, 0.000623323139735, 0.000864489877131, 0.000976058188826, 0.00120622979011, 0.000554528087378, 0.000457050831756, 0.000577085535042, 0.000489802157972, 0.000353030336555, 0.000797540182248, 0.000772163912188, 0.000355039432179, 0.000302411295706, 0.000218148095882, 0.000111450215627, 7.49040700612e-05],
        "mean": [0.000157924383529, 0.000327176705468, 0.000470559898531, 0.000604382832535, 0.000696528353728, 0.000691051944159, 0.000329297501594, 0.000173342268681, 0.000131794935442, 9.38469456742e-05, 9.37824661378e-05, 9.52130067162e-05, 9.46988729993e-05, 6.75145347486e-05, 4.70876329928e-05, 3.73304392269e-05, 3.55851952918e-05, 2.89853851427e-05, 2.57987539953e-05, 1.26981340145e-05, 1.20307749967e-05, 1.53500441229e-05, 1.48612034536e-05, 1.81573923328e-05, 2.02246519621e-05, 3.12960364681e-05, 2.99973980873e-05, 3.1193751056e-05, 1.48350163727e-05, 7.51364223106e-06, 6.54361610941e-06, 6.49636467642e-06, 6.41560518488e-06, 6.70132521918e-06, 4.83960275233e-06, 3.24959250975e-06, 2.61285526904e-06, 2.01792749976e-06, 1.2836900396e-06, 8.25276970318e-07],
        "median": [8.93419637578e-05, 0.000188928024727, 0.000305992929498, 0.000387081759982, 0.000367977831047, 0.000288828479825, 0.000125967868371, 8.23924638098e-05, 6.12648073002e-05, 3.53331197402e-05, 2.83951121673e-05, 2.92116274068e-05, 2.75666698144e-05, 2.13945822907e-05, 1.72168838617e-05, 1.29332611323e-05, 1.38155864988e-05, 1.22524297694e-05, 1.02937674455e-05, 6.0480178945e-06, 5.92479818806e-06, 6.42342729407e-06, 5.80925325266e-06, 7.33461592972e-06, 8.28762949823e-06, 8.95459561434e-06, 8.64769572217e-06, 7.98214659881e-06, 5.05065872858e-06, 1.92746665562e-06, 1.373314376e-06, 1.14302144993e-06, 9.82527922133e-07, 8.00087889274e-07, 6.89452519964e-07, 5.78147989927e-07, 5.14806572482e-07, 4.41205315838e-07, 3.06949885953e-07, 2.16127489239e-07],
        "min": [9.89709072653e-24, 1.7553466228e-23, 1.59689460143e-23, 2.03377997023e-23, 2.29151676296e-23, 4.26346936532e-24, 2.53550327624e-24, 5.52194745046e-24, 5.49513446272e-24, 1.20120780894e-23, 4.00711836454e-24, 6.73358810264e-24, 1.10471663071e-23, 1.3113044712e-23, 8.39322759606e-24, 2.23808390063e-23, 1.83476566775e-23, 9.39789007938e-24, 6.15859054427e-24, 6.41737715309e-24, 6.0507840241e-24, 1.20357644269e-23, 4.25727049632e-24, 4.57675640193e-24, 1.03630866405e-23, 8.59802456453e-24, 8.80706402694e-24, 8.77152426544e-24, 9.69072471372e-24, 9.25741840684e-24, 1.18625629154e-23, 1.07923800119e-23, 1.60253685017e-23, 9.37154528059e-24, 8.18606325602e-24, 1.46048461592e-23, 1.063629126e-23, 1.19094244087e-23, 9.25450119922e-24, 6.86672336875e-24],
        "var": [3.6523100988e-08, 1.73862900965e-07, 2.72924665978e-07, 6.49556170629e-07, 9.25842698507e-07, 1.61147340805e-06, 3.5085622585e-07, 1.27981593323e-07, 4.65243346071e-08, 3.91081691475e-08, 4.29450786044e-08, 3.75066981917e-08, 3.71594879311e-08, 2.10385024957e-08, 8.038635535e-09, 5.04267472223e-09, 5.49533085703e-09, 3.169326801e-09, 5.09007902494e-09, 5.93098070656e-10, 6.09717332178e-10, 1.29501209756e-09, 1.53885126863e-09, 2.09276174168e-09, 1.31119981539e-09, 3.44223760607e-09, 3.07363690055e-09, 3.43075989839e-09, 7.86213816273e-10, 4.53385468058e-10, 5.379526824e-10, 5.39853051151e-10, 5.37311750648e-10, 8.53874415618e-10, 4.26552931865e-10, 1.54805238073e-10, 1.07731885912e-10, 7.61321561349e-11, 2.43904271779e-11, 1.02694753742e-11]
    },
    "mfcc": {
        "mean": [-640.340759277, 104.634315491, 0.248020768166, 24.1634845734, -6.96507692337, -3.5457444191, 0.807094633579, -7.00517463684, -13.6156415939, -0.777393519878, -7.85032367706, -5.14604854584, -1.93416559696],
        "cov": [[4343.51708984, -785.290405273, -347.639068604, 217.457260132, -324.569763184, -2.81934285164, 105.464958191, -51.9586715698, -120.576087952, 73.4702377319, -6.55576372147, 25.8278121948, 66.7469482422], [-785.290405273, 1291.10046387, -148.886703491, -113.891860962, 63.4947433472, -177.582275391, 17.205291748, -69.0236282349, -22.133813858, -38.9777755737, -18.3542671204, -38.4158325195, -4.32701826096], [-347.639068604, -148.886703491, 608.089050293, 10.1535778046, 109.662750244, 91.7190856934, -97.4810638428, 45.1596450806, 33.8598327637, -47.2156295776, 34.5383033752, 10.763217926, -14.6780138016], [217.457260132, -113.891860962, 10.1535778046, 304.608306885, -21.3178653717, 5.92369413376, 44.6666183472, 2.95657372475, -21.6322250366, 26.4530010223, -4.96743154526, 20.7044639587, 23.8644142151], [-324.569763184, 63.4947433472, 109.662750244, -21.3178653717, 243.072387695, 32.1352081299, -76.5601425171, 27.4866981506, 59.9649429321, -43.8887443542, 35.2168922424, 25.0682830811, -19.6344833374], [-2.81934285164, -177.582275391, 91.7190856934, 5.92369413376, 32.1352081299, 202.695159912, 18.4469947815, 22.6699447632, 34.9258499146, 10.1434345245, 24.5167446136, -1.54713976383, -2.69437623024], [105.464958191, 17.205291748, -97.4810638428, 44.6666183472, -76.5601425171, 18.4469947815, 257.492919922, -9.28689670563, -37.9721260071, 79.0977096558, -28.6100940704, -13.5433158875, 47.0318641663], [-51.9586715698, -69.0236282349, 45.1596450806, 2.95657372475, 27.4866981506, 22.6699447632, -9.28689670563, 89.791595459, 32.0429115295, -9.73243713379, 12.5201435089, 8.4171257019, 0.440195322037], [-120.576087952, -22.133813858, 33.8598327637, -21.6322250366, 59.9649429321, 34.9258499146, -37.9721260071, 32.0429115295, 115.176727295, -2.98395228386, 25.1330871582, 6.82527732849, -14.8571004868], [73.4702377319, -38.9777755737, -47.2156295776, 26.4530010223, -43.8887443542, 10.1434345245, 79.0977096558, -9.73243713379, -2.98395228386, 112.864334106, 5.52277898788, -12.6628160477, 21.8282604218], [-6.55576372147, -18.3542671204, 34.5383033752, -4.96743154526, 35.2168922424, 24.5167446136, -28.6100940704, 12.5201435089, 25.1330871582, 5.52277898788, 81.6622848511, 23.6583099365, -6.78021430969], [25.8278121948, -38.4158325195, 10.763217926, 20.7044639587, 25.0682830811, -1.54713976383, -13.5433158875, 8.4171257019, 6.82527732849, -12.6628160477, 23.6583099365, 82.2789993286, 19.6844329834], [66.7469482422, -4.32701826096, -14.6780138016, 23.8644142151, -19.6344833374, -2.69437623024, 47.0318641663, 0.440195322037, -14.8571004868, 21.8282604218, -6.78021430969, 19.6844329834, 81.8918609619]],
