{
"lowlevel": {
    "average_loudness": 0.981887459755,
    "barkbands_crest": {
        "dmean": 2.32120084763,
        "dmean2": 3.81475377083,
        "dvar": 4.36344814301,
        "dvar2": 11.2479095459,
        "max": 24.2588005066,
        "mean": 9.05708503723,
        "median": 8.0662021637,
        "min": 2.48021817207,
        "var": 15.6964159012
    },
    "barkbands_flatness_db": {
        "dmean": 0.01677255705,
        "dmean2": 0.0265715606511,
        "dvar": 0.000245980423642,
        "dvar2": 0.000597756763455,
        "max": 0.396789938211,
        "mean": 0.192894592881,
        "median": 0.184282690287,
        "min": 0.011169844307,
        "var": 0.0016410164535
    },
    "barkbands_kurtosis": {
        "dmean": 2.16791963577,
        "dmean2": 3.427110672,
        "dvar": 15.3390932083,
        "dvar2": 37.8715324402,
        "max": 125.338806152,
        "mean": 3.35766386986,
        "median": 1.30422258377,
        "min": -1.84235262871,
        "var": 40.4660987854
    },
    "barkbands_skewness": {
        "dmean": 0.437737256289,
        "dmean2": 0.676138401031,
        "dvar": 0.211269795895,
        "dvar2": 0.49733954668,
        "max": 9.26435279846,
        "mean": 1.26001811028,
        "median": 1.10498213768,
        "min": -1.79907655716,
        "var": 0.987237632275
    },
    "barkbands_spread": {
        "dmean": 3.19248056412,
        "dmean2": 4.8828830719,
        "dvar": 13.586353302,
        "dvar2": 28.7703495026,
        "max": 66.9216766357,
        "mean": 14.1949329376,
        "median": 13.4795513153,
        "min": 0.739701092243,
        "var": 57.8555831909
    },
    "dissonance": {
        "dmean": 0.0225949008018,
        "dmean2": 0.0376620814204,
        "dvar": 0.000435795256635,
        "dvar2": 0.00120821059681,
        "max": 0.500000178814,
        "mean": 0.455584973097,
        "median": 0.463015377522,
        "min": 0.225264951587,
        "var": 0.00105582212564
    },
    "dynamic_complexity": 1.34779047966,
    "erbbands_crest": {
        "dmean": 2.87598872185,
        "dmean2": 4.6791267395,
        "dvar": 6.64972162247,
        "dvar2": 16.8456802368,
        "max": 29.8315448761,
        "mean": 9.97136306763,
        "median": 8.80260658264,
        "min": 2.67829728127,
        "var": 20.3753566742
    },
    "erbbands_flatness_db": {
        "dmean": 0.0149064501747,
        "dmean2": 0.0218560453504,
        "dvar": 0.000183146461495,
        "dvar2": 0.000380317127565,
        "max": 0.407908916473,
        "mean": 0.241245746613,
        "median": 0.23910561204,
        "min": 0.0669776424766,
        "var": 0.00109192321543
    },
    "erbbands_kurtosis": {
        "dmean": 0.970505714417,
        "dmean2": 1.55310761929,
        "dvar": 2.29233264923,
        "dvar2": 5.33011245728,
        "max": 54.0894165039,
        "mean": 0.614753067493,
        "median": -0.0283203125,
        "min": -1.82552886009,
        "var": 5.90035438538
    },
    "erbbands_skewness": {
        "dmean": 0.355281144381,
        "dmean2": 0.557076096535,
        "dvar": 0.112379871309,
        "dvar2": 0.25921729207,
        "max": 5.70853328705,
        "mean": 0.551288068295,
        "median": 0.472434461117,
        "min": -4.66503477097,
        "var": 0.498448580503
    },
    "erbbands_spread": {
        "dmean": 5.35156202316,
        "dmean2": 8.19628620148,
        "dvar": 34.0022773743,
        "dvar2": 75.9161911011,
        "max": 97.8697509766,
        "mean": 26.401096344,
        "median": 25.2679824829,
        "min": 1.53024113178,
        "var": 135.141891479
    },
    "hfc": {
        "dmean": 5.67005825043,
        "dmean2": 8.44253158569,
        "dvar": 50.9923477173,
        "dvar2": 107.217964172,
        "max": 147.026123047,
        "mean": 22.2806243896,
        "median": 19.9492206573,
        "min": 7.14281895853e-07,
        "var": 176.218200684
    },
    "melbands_crest": {
        "dmean": 2.93643760681,
        "dmean2": 4.80312871933,
        "dvar": 7.50054597855,
        "dvar2": 19.1327171326,
        "max": 33.0720214844,
        "mean": 11.4667205811,
        "median": 10.4358310699,
        "min": 3.11047005653,
        "var": 23.1994915009
    },
    "melbands_flatness_db": {
        "dmean": 0.0198904406279,
        "dmean2": 0.0303905121982,
        "dvar": 0.000416254944867,
        "dvar2": 0.00091149477521,
        "max": 0.462185502052,
        "mean": 0.230232581496,
        "median": 0.220460504293,
        "min": 0.0359220840037,
        "var": 0.00345188891515
    },
    "melbands_kurtosis": {
        "dmean": 3.58214116096,
        "dmean2": 5.71885538101,
        "dvar": 42.0561523438,
        "dvar2": 104.842536926,
        "max": 197.370605469,
        "mean": 6.86230707169,
        "median": 3.82458257675,
        "min": -1.8184312582,
        "var": 102.256240845
    },
    "melbands_skewness": {
        "dmean": 0.517653346062,
        "dmean2": 0.798424184322,
        "dvar": 0.311836242676,
        "dvar2": 0.723760008812,
        "max": 11.4218139648,
        "mean": 1.76331222057,
        "median": 1.60979712009,
        "min": -1.2008010149,
        "var": 1.34311366081
    },
    "melbands_spread": {
        "dmean": 4.62511539459,
        "dmean2": 7.12354421616,
        "dvar": 37.6509780884,
        "dvar2": 74.3681335449,
        "max": 167.441940308,
        "mean": 19.3497009277,
        "median": 18.0023822784,
        "min": 0.936231672764,
        "var": 144.380630493
    },
    "pitch_salience": {
        "dmean": 0.0661522299051,
        "dmean2": 0.107021048665,
        "dvar": 0.00335154193453,
        "dvar2": 0.00842070765793,
        "max": 0.875749111176,
        "mean": 0.610763192177,
        "median": 0.621409893036,
        "min": 0.132245510817,
        "var": 0.0111698256806
    },
    "silence_rate_20dB": {
        "dmean": 0,
        "dmean2": 0,
        "dvar": 0,
        "dvar2": 0,
        "max": 1,
        "mean": 1,
        "median": 1,
        "min": 1,
        "var": 0
    },
    "silence_rate_30dB": {
        "dmean": 0.00227905809879,
        "dmean2": 0.00455869315192,
        "dvar": 0.00227346317843,
        "dvar2": 0.00630996981636,
        "max": 1,
        "mean": 0.998607397079,
        "median": 1,
        "min": 0,
        "var": 0.0013906104723
    },
    "silence_rate_60dB": {
        "dmean": 0.00025322867441,
        "dmean2": 0.000379891105695,
        "dvar": 0.000253160047578,
        "dvar2": 0.000379721663194,
        "max": 1,
        "mean": 0.000506393203977,
        "median": 0,
        "min": 0,
        "var": 0.000506118754856
    },
    "spectral_centroid": {
        "dmean": 193.802337646,
        "dmean2": 288.44140625,
        "dvar": 51551.4257812,
        "dvar2": 99847.8203125,
        "max": 4514.43212891,
        "mean": 1160.55773926,
        "median": 1136.68469238,
        "min": 231.277359009,
        "var": 307271.84375
    },
    "spectral_complexity": {
        "dmean": 3.13446450233,
        "dmean2": 5.042927742,
        "dvar": 9.51174449921,
        "dvar2": 22.531999588,
        "max": 50,
        "mean": 21.5948848724,
        "median": 21,
        "min": 0,
        "var": 58.4802284241
    },
    "spectral_decrease": {
        "dmean": 1.98235294846e-09,
        "dmean2": 3.09264480691e-09,
        "dvar": 6.45975160204e-18,
        "dvar2": 1.50921898631e-17,
        "max": -1.39577805406e-15,
        "mean": -7.35502503346e-09,
        "median": -7.004728797e-09,
        "min": -4.4223320117e-08,
        "var": 1.12687890183e-17
    },
    "spectral_energy": {
        "dmean": 0.00787754822522,
        "dmean2": 0.0122718084604,
        "dvar": 0.000100356788607,
        "dvar2": 0.000233345039305,
        "max": 0.180244520307,
        "mean": 0.0297805331647,
        "median": 0.0285962447524,
        "min": 5.3327706695e-09,
        "var": 0.000179840935743
    },
    "spectral_energyband_high": {
        "dmean": 0.000153477783897,
        "dmean2": 0.000227976925089,
        "dvar": 2.36399898768e-07,
        "dvar2": 4.84971280912e-07,
        "max": 0.0225489586592,
        "mean": 0.000311306910589,
        "median": 0.000177808004082,
        "min": 2.49305021072e-11,
        "var": 4.64319668936e-07
    },
    "spectral_energyband_low": {
        "dmean": 0.00181998335756,
        "dmean2": 0.0028779914137,
        "dvar": 1.72558848135e-05,
        "dvar2": 3.89759079553e-05,
        "max": 0.0710572525859,
        "mean": 0.00329550192691,
        "median": 0.00193159270566,
        "min": 3.28048876952e-09,
        "var": 2.47724401561e-05
    },
    "spectral_energyband_middle_high": {
        "dmean": 0.00269513647072,
        "dmean2": 0.00405404856429,
        "dvar": 1.25301494336e-05,
        "dvar2": 2.64924601652e-05,
        "max": 0.0698418393731,
        "mean": 0.00855568051338,
        "median": 0.00629988079891,
        "min": 1.04084268981e-10,
        "var": 5.7459812524e-05
    },
    "spectral_energyband_middle_low": {
        "dmean": 0.00670840125531,
        "dmean2": 0.0106716062874,
        "dvar": 8.63353488967e-05,
        "dvar2": 0.000210818674532,
        "max": 0.157258778811,
        "mean": 0.0189228300005,
        "median": 0.0165417324752,
        "min": 6.09068684376e-10,
        "var": 0.000142350152601
    },
    "spectral_entropy": {
        "dmean": 0.135482415557,
        "dmean2": 0.203323200345,
        "dvar": 0.0207740329206,
        "dvar2": 0.0436308309436,
        "max": 8.50332641602,
        "mean": 7.13670969009,
        "median": 7.22736120224,
        "min": 5.19684028625,
        "var": 0.175145998597
    },
    "spectral_flux": {
        "dmean": 0.0222280938178,
        "dmean2": 0.035291403532,
        "dvar": 0.000588181428611,
        "dvar2": 0.00127729773521,
        "max": 0.35410156846,
        "mean": 0.0926979929209,
        "median": 0.0872357040644,
        "min": 0.000379284989322,
        "var": 0.00136822462082
    },
    "spectral_kurtosis": {
        "dmean": 3.93547844887,
        "dmean2": 6.81189537048,
        "dvar": 16.9145069122,
        "dvar2": 47.4147491455,
        "max": 79.4890060425,
        "mean": 6.89007711411,
        "median": 5.01488018036,
        "min": -1.24567723274,
        "var": 50.8699111938
    },
    "spectral_rms": {
        "dmean": 0.000687769090291,
        "dmean2": 0.0010558568174,
        "dvar": 5.37699463621e-07,
        "dvar2": 1.20646859614e-06,
        "max": 0.0132607808337,
        "mean": 0.00526808295399,
        "median": 0.00528192892671,
        "min": 2.28094359045e-06,
        "var": 1.30140551846e-06
    },
    "spectral_rolloff": {
        "dmean": 285.275604248,
        "dmean2": 478.217834473,
        "dvar": 201099.140625,
        "dvar2": 429005.6875,
        "max": 5986.23046875,
        "mean": 1224.30004883,
        "median": 1098.19335938,
        "min": 21.533203125,
        "var": 538712.9375
    },
    "spectral_skewness": {
        "dmean": 0.383616894484,
        "dmean2": 0.63662648201,
        "dvar": 0.121205076575,
        "dvar2": 0.31097561121,
        "max": 7.20484209061,
        "mean": 1.54819595814,
        "median": 1.34642124176,
        "min": -0.831869542599,
        "var": 0.717898905277
    },
    "spectral_spread": {
        "dmean": 235916.71875,
        "dmean2": 361700.21875,
        "dvar": 79999426560,
        "dvar2": 142709440512,
        "max": 13786747,
        "mean": 2589023.25,
        "median": 2505073.25,
        "min": 1120042.875,
        "var": 303267545088
    },
    "spectral_strongpeak": {
        "dmean": 0.810285806656,
        "dmean2": 1.34810721874,
        "dvar": 0.990859925747,
        "dvar2": 2.521276474,
        "max": 12.3840274811,
        "mean": 1.49623727798,
        "median": 0.994180083275,
        "min": 0,
        "var": 2.05537033081
    },
    "zerocrossingrate": {
        "dmean": 0.00555928424001,
        "dmean2": 0.00670615397394,
        "dvar": 4.08296436945e-05,
        "dvar2": 4.88128098368e-05,
        "max": 0.21728515625,
        "mean": 0.0461422391236,
        "median": 0.0458984375,
        "min": 0.0068359375,
        "var": 0.000352552655386
    },
    "barkbands": {
        "dmean": [1.28692554426e-05, 0.000665144354571, 0.00109149713535, 0.00124186009634, 0.00282219820656, 0.00199993792921, 0.00139016471803, 0.00172162940726, 0.00138968101237, 0.00124693696853, 0.000816714367829, 0.000793542363681, 0.000261712004431, 0.00038274761755, 0.000580687483307, 0.000316437130095, 0.000183284733794, 0.000151302432641, 0.000275593803963, 0.000165286546689, 6.11310897511e-05, 2.52629997703e-05, 8.90186402103e-06, 1.77341553353e-06, 2.74193581618e-07, 4.66458605075e-09, 2.28515406597e-09],
        "dmean2": [2.24958039325e-05, 0.00103876774665, 0.00183943472803, 0.00212949165143, 0.00469414098188, 0.00324911973439, 0.00221160706133, 0.00277817482129, 0.00221740873531, 0.00193813303486, 0.00130653753877, 0.00129258504603, 0.000432994012954, 0.000618991907686, 0.000933502160478, 0.000508594675921, 0.000296364887618, 0.000242631329456, 0.0004215624067, 0.000252779223956, 9.42491824389e-05, 3.65037885786e-05, 1.26952008941e-05, 2.65299627245e-06, 4.2881418949e-07, 7.32449212393e-09, 3.86053766732e-09],
        "dvar": [6.08513683886e-10, 3.74215323973e-06, 8.37866446091e-06, 8.02961312729e-06, 2.35023271671e-05, 1.07928335638e-05, 1.12252691906e-05, 1.37296501634e-05, 1.01121140688e-05, 6.81438314132e-06, 2.51935557571e-06, 2.3648892693e-06, 3.43443275597e-07, 5.43853445834e-07, 1.22793426272e-06, 5.38318374765e-07, 1.72287116129e-07, 9.16678146723e-08, 3.49237183173e-07, 1.39494531481e-07, 9.18544103001e-08, 1.98260927675e-08, 1.22963117466e-09, 3.52934972914e-11, 3.66345056504e-13, 8.66855127583e-15, 4.72766939647e-16],
        "dvar2": [1.66967195625e-09, 8.36251365399e-06, 2.15844265767e-05, 2.21738828259e-05, 6.24435851933e-05, 2.7242645956e-05, 2.50109169428e-05, 3.38265199389e-05, 2.40321551246e-05, 1.43943425428e-05, 6.18869444224e-06, 5.98160431764e-06, 8.53459198424e-07, 1.34189474466e-06, 2.91723358714e-06, 1.22583844586e-06, 4.14730294551e-07, 2.16054488078e-07, 7.19502565971e-07, 3.14767447662e-07, 2.12214104067e-07, 3.39449215403e-08, 2.11810302631e-09, 7.20528220421e-11, 7.91560935721e-13, 2.15417215858e-14, 1.18803358874e-15],
        "max": [0.000708050909452, 0.0380344875157, 0.0482274591923, 0.05564455688, 0.0903674811125, 0.100025117397, 0.0977681204677, 0.0732318758965, 0.0788023248315, 0.0537890680134, 0.037766482681, 0.0307339373976, 0.0158587899059, 0.0150151327252, 0.022486448288, 0.0178100224584, 0.0114325964823, 0.00749982520938, 0.0136675005779, 0.0119631206617, 0.0173823554069, 0.00765103287995, 0.0012920802692, 0.000169172417372, 2.30321111303e-05, 5.7550105339e-06, 1.17403385502e-06],
        "mean": [1.41982500281e-05, 0.000925898726564, 0.0015415539965, 0.00188206438906, 0.00550903938711, 0.00362858525477, 0.00217103213072, 0.00258587370627, 0.00221707113087, 0.00224471557885, 0.00142385973595, 0.00136039254721, 0.000420379103161, 0.000632481125649, 0.00103485933505, 0.000529583077878, 0.000317220867146, 0.000276231556199, 0.00057574827224, 0.000320768624078, 0.000105546430859, 4.35585461673e-05, 1.55222696776e-05, 3.54896656063e-06, 7.55267819841e-07, 1.1948872114e-08, 2.4502291307e-09],
        "median": [7.03653449818e-06, 0.000371644855477, 0.000752398977056, 0.00109058932867, 0.00383633933961, 0.00239774188958, 0.00113151897676, 0.00144923571497, 0.000949147855863, 0.000814881641418, 0.000416061171563, 0.000619235390332, 0.000208634955925, 0.00032161801937, 0.000383055477869, 0.000210901140235, 0.000158461465617, 0.00014843698591, 0.000248199474299, 0.000168290920556, 5.47189993085e-05, 1.53692271851e-05, 6.05871582593e-06, 1.76378557626e-06, 5.72802434817e-07, 1.0846139098e-08, 1.25067944889e-09],
        "min": [2.64291011298e-09, 1.09933973036e-09, 2.93521429384e-10, 1.40541384086e-10, 2.29619712133e-10, 1.11930957558e-10, 5.1938290474e-11, 3.70566737018e-11, 3.21400718539e-11, 2.23260541998e-11, 1.66288181142e-11, 1.27659107244e-11, 1.13216111833e-11, 9.49732913841e-12, 8.82943197722e-12, 6.36784895647e-12, 5.96870729924e-12, 5.38966527658e-12, 4.9523276105e-12, 5.95345474308e-12, 4.10758146246e-12, 4.18115628925e-12, 2.48633058586e-12, 3.11088112735e-12, 2.66841822076e-12, 2.67017723037e-12, 2.53920777633e-12],
        "var": [6.63319843497e-10, 4.79060327052e-06, 8.26326413517e-06, 7.71829127189e-06, 3.80231249437e-05, 1.81389714271e-05, 1.57711219799e-05, 1.76645935426e-05, 1.82987369044e-05, 1.8849323169e-05, 7.67877736507e-06, 4.95800259159e-06, 5.55027781957e-07, 1.03838885934e-06, 2.9813038509e-06, 1.03747311186e-06, 3.92968331653e-07, 1.80233485025e-07, 8.71979807471e-07, 2.46303557105e-07, 1.20230623679e-07, 4.03438349394e-08, 2.67757593875e-09, 6.89306181578e-11, 6.71324866357e-13, 4.49359660606e-15, 2.70005092706e-16]
    },
    "erbbands": {
        "dmean": [0.00883890781552, 0.188662424684, 1.03996026516, 2.62693834305, 6.81357049942, 10.2271614075, 18.3050441742, 15.2061653137, 17.5793075562, 25.4798126221, 37.9514732361, 27.7264652252, 42.9937019348, 32.8372421265, 29.0982227325, 32.0308074951, 11.8643884659, 16.419500351, 26.8525238037, 24.9033203125, 13.4633235931, 8.21018218994, 6.68006086349, 11.0288066864, 13.5553483963, 7.92676877975, 3.58627820015, 1.71178293228, 0.944107830524, 0.52755099535, 0.209751993418, 0.0688420534134, 0.0160523168743, 0.00437600165606, 0.00141131388955, 6.57360942569e-05, 1.22011333588e-05, 3.7179404444e-06, 4.09342328567e-06, 9.02560623217e-06],
        "dmean2": [0.0143261188641, 0.290249079466, 1.69931828976, 4.48533678055, 11.3462877274, 17.086725235, 29.8845424652, 24.6079597473, 28.3972568512, 39.9549865723, 61.4291381836, 44.0231895447, 68.0014419556, 50.3682441711, 46.3298950195, 52.2380905151, 19.4147758484, 26.4989776611, 43.1710510254, 40.3042411804, 21.5999946594, 13.1665172577, 10.5500488281, 17.0354232788, 20.2772445679, 12.0607328415, 5.56754970551, 2.59508180618, 1.36968672276, 0.745576798916, 0.295877188444, 0.101120494306, 0.02403225936, 0.00674442062154, 0.00224210508168, 0.000101535770227, 1.85389180842e-05, 5.54974621991e-06, 6.29387432127e-06, 1.40182255564e-05],
        "dvar": [0.000431107910117, 0.302190154791, 8.03444576263, 39.155330658, 147.623245239, 396.724212646, 1184.24279785, 680.179016113, 1625.70117188, 4192.10888672, 7224.14892578, 4009.96435547, 8582.00878906, 5028.32324219, 2846.71704102, 4416.37890625, 619.201171875, 1060.42565918, 3144.0065918, 3206.90307617, 731.400695801, 368.475524902, 167.402389526, 569.106506348, 843.492675781, 322.236724854, 151.026168823, 123.439033508, 29.7796783447, 5.54323816299, 0.679253757, 0.0601363331079, 0.00221535004675, 0.000109803833766, 8.18490752863e-06, 1.04936205503e-07, 3.07692573642e-08, 2.93535129536e-09, 3.6998681896e-11, 1.28646149289e-10],
        "dvar2": [0.00103808403946, 0.657714605331, 19.6359386444, 106.194641113, 398.759857178, 1049.98828125, 3002.07543945, 1723.28796387, 3828.39526367, 9565.25683594, 18345.8496094, 9277.31933594, 20001.0449219, 10663.4013672, 7051.02539062, 11523.8710938, 1514.87719727, 2630.46850586, 7307.55517578, 8240.10253906, 1689.39331055, 860.332702637, 385.440673828, 1231.64160156, 1744.09313965, 747.727233887, 328.857635498, 286.480560303, 52.8867835999, 8.377409935, 1.18808400631, 0.117707595229, 0.004527148325, 0.000224989271373, 1.86440447578e-05, 2.58235274941e-07, 7.60703855462e-08, 7.31452809433e-09, 8.7662190007e-11, 2.96934588029e-10],
        "max": [0.388994365931, 10.9949016571, 53.7123374939, 113.599601746, 227.45135498, 529.833496094, 796.152954102, 549.690368652, 1234.40270996, 1993.25256348, 2341.66699219, 1458.86889648, 1820.62243652, 1757.21179199, 1268.88867188, 1343.70898438, 650.222351074, 784.599914551, 1401.00036621, 1292.67822266, 788.729309082, 599.823547363, 374.078521729, 559.758178711, 726.481140137, 677.449462891, 499.471893311, 667.283508301, 280.415710449, 112.425125122, 26.75730896, 8.90095710754, 1.36985218525, 0.394027501345, 0.0774287059903, 0.0181031916291, 0.0106957955286, 0.00331765809096, 0.000196215783944, 0.000211363600101],
        "mean": [0.0136671904474, 0.268071323633, 1.53831470013, 4.30721664429, 11.3202161789, 18.2591571808, 30.9220581055, 27.1103553772, 28.920791626, 40.9228897095, 57.8421134949, 46.2172622681, 79.6474380493, 61.7269020081, 57.1882667542, 55.3827476501, 22.2140331268, 29.6950759888, 48.2694473267, 48.7363090515, 25.8162899017, 16.0586051941, 13.7775468826, 22.6088256836, 29.0222835541, 16.2249526978, 6.58642721176, 2.9607129097, 1.60615134239, 0.940714299679, 0.375462532043, 0.131663531065, 0.035103302449, 0.0125709017739, 0.00318438350223, 0.000156680936925, 4.18268209614e-05, 1.09330858322e-05, 1.64328976098e-05, 3.50693990185e-05],
        "median": [0.00621754536405, 0.109334342182, 0.738128721714, 2.6325776577, 7.20857858658, 11.0837602615, 18.017583847, 17.4749736786, 16.2737178802, 21.2971515656, 33.2220726013, 24.7257118225, 29.1214675903, 28.2862987518, 23.3586273193, 25.4975681305, 12.9475774765, 15.6275434494, 22.2134590149, 16.8962078094, 13.438501358, 8.64268398285, 8.02922916412, 11.8003807068, 12.2593841553, 8.76429176331, 3.90011739731, 1.3016051054, 0.543822467327, 0.387020677328, 0.142306938767, 0.0573403537273, 0.0197593364865, 0.00935833528638, 0.00231555686332, 0.000113422327559, 3.88158623537e-05, 9.95511982183e-06, 1.59014707606e-05, 3.37337514793e-05],
        "min": [7.22504012174e-08, 1.8756432496e-07, 3.58113624088e-07, 4.4322413828e-07, 5.53470385967e-07, 8.08322965895e-07, 1.00194654351e-06, 8.27918881896e-07, 7.27265501155e-07, 8.15086650618e-07, 8.05583454166e-07, 7.41787459901e-07, 6.76200556882e-07, 7.50861488541e-07, 6.19572006144e-07, 5.26643248122e-07, 5.23853657342e-07, 4.83984024413e-07, 4.73549675917e-07, 4.33763801766e-07, 3.45251038425e-07, 3.38711316772e-07, 2.91608984071e-07, 2.61345689978e-07, 2.76288574241e-07, 2.78213292404e-07, 2.16177340917e-07, 1.35771585974e-07, 1.50488375539e-07, 1.07204186861e-07, 7.19083246281e-08, 7.22413702192e-08, 4.53329143113e-08, 2.96809439249e-08, 1.92782323438e-08, 1.03931849793e-08, 4.64887150997e-09, 1.78296832853e-09, 4.87084483858e-10, 3.30649500835e-11],
        "var": [0.000659211887978, 0.395321458578, 8.51315498352, 37.8343009949, 181.701568604, 627.854797363, 1950.5447998, 1110.48388672, 2270.40185547, 5713.89599609, 9208.85644531, 6233.97851562, 24503.2988281, 12676.8867188, 8836.93652344, 8648.76660156, 1098.68835449, 2072.32006836, 6874.95898438, 7539.78369141, 1730.19250488, 916.014343262, 420.843811035, 1323.61315918, 2208.01464844, 563.957397461, 223.689331055, 169.801498413, 58.2028999329, 11.7783842087, 1.5467774868, 0.128695353866, 0.00457451911643, 0.00022123286908, 1.37429287861e-05, 7.27082891672e-08, 1.64822520077e-08, 1.54194201851e-09, 5.91353147006e-11, 2.42424219588e-10]
    },
    "gfcc": {
        "mean": [-29.393321991, 160.555770874, -167.777359009, 30.344171524, -66.5159988403, -11.5771617889, -24.7986335754, -12.6853914261, -16.739238739, -16.9673061371, -2.11972999573, -21.7913227081, 3.5897591114],
        "cov": [[1326.26550293, -222.428405762, -740.361938477, 210.969055176, 57.5146865845, -78.3916702271, 147.923660278, -5.56285238266, 72.7186889648, -25.4772968292, -15.6306705475, -23.9175891876, -87.4919509888], [-222.428405762, 463.02734375, 434.196807861, -89.9116134644, 95.0552749634, -31.8365535736, -2.98102903366, 13.8897447586, -73.5737075806, 14.8216924667, 43.7998199463, -38.2718315125, -4.28309726715], [-740.361938477, 434.196807861, 1011.22753906, 35.6180801392, -101.733688354, 51.6526603699, -135.534469604, -62.6199607849, -63.6920890808, 6.28845453262, 28.1025295258, 17.2421131134, 15.9913406372], [210.969055176, -89.9116134644, 35.6180801392, 313.983093262, -7.00720739365, 11.465968132, -8.61299800873, -36.3009490967, 55.797958374, -8.20003509521, -23.4505558014, 24.924413681, -28.8369426727], [57.5146865845, 95.0552749634, -101.733688354, -7.00720739365, 236.357635498, 17.345287323, 57.3318061829, 68.7554779053, -16.1626319885, 6.85513305664, -4.55967712402, -36.7481613159, 5.48814916611], [-78.3916702271, -31.8365535736, 51.6526603699, 11.465968132, 17.345287323, 203.642944336, 56.9907493591, -3.29024505615, 9.37315940857, -2.28421998024, -12.7618045807, 16.22123909, 6.45730113983], [147.923660278, -2.98102903366, -135.534469604, -8.61299800873, 57.3318061829, 56.9907493591, 198.608566284, 57.7291984558, -26.9954795837, 10.6816415787, 7.49646902084, -24.1688632965, -0.356265902519], [-5.56285238266, 13.8897447586, -62.6199607849, -36.3009490967, 68.7554779053, -3.29024505615, 57.7291984558, 117.480712891, 16.9223079681, 9.23901844025, 8.53790950775, -20.5919456482, 7.13901853561], [72.7186889648, -73.5737075806, -63.6920890808, 55.797958374, -16.1626319885, 9.37315940857, -26.9954795837, 16.9223079681, 124.892959595, 27.526638031, -22.1582660675, 24.7749233246, 0.654115915298], [-25.4772968292, 14.8216924667, 6.28845453262, -8.20003509521, 6.85513305664, -2.28421998024, 10.6816415787, 9.23901844025, 27.526638031, 84.3404464722, 29.1161079407, -5.74162006378, 4.54802179337], [-15.6306705475, 43.7998199463, 28.1025295258, -23.4505558014, -4.55967712402, -12.7618045807, 7.49646902084, 8.53790950775, -22.1582660675, 29.1161079407, 74.5141525269, 14.8179807663, -10.5841274261], [-23.9175891876, -38.2718315125, 17.2421131134, 24.924413681, -36.7481613159, 16.22123909, -24.1688632965, -20.5919456482, 24.7749233246, -5.74162006378, 14.8179807663, 80.9968185425, 25.3724880219], [-87.4919509888, -4.28309726715, 15.9913406372, -28.8369426727, 5.48814916611, 6.45730113983, -0.356265902519, 7.13901853561, 0.654115915298, 4.54802179337, -10.5841274261, 25.3724880219, 76.0850982666]],
        "icov": [[0.00274474616162, -0.00296792108566, 0.0034844444599, -0.00283269723877, 0.00185982859693, -0.000158395268954, -0.000623288564384, 0.000807841192, -0.000751886691432, 0.00107919296715, -0.00050748483045, 0.000630266673397, 0.000644955143798], [-0.00296792108566, 0.0129981562495, -0.00947358366102, 0.00685028126463, -0.00884700287133, 0.00445550261065, -0.00345505983569, 0.00300518772565, -0.00221117120236, 0.00107761973049, -0.00346328923479, 0.00108002359048, 0.000980800832622], [0.0034844444599, -0.00947358366102, 0.00914045888931, -0.00633062236011, 0.00699790613726, -0.00360482977703, 0.00308776646852, -0.00184594653547, 0.00235142395832, -0.000646159285679, 0.00140924740117, 9.22055187402e-05, -0.000674407696351], [-0.00283269723877, 0.00685028126463, -0.00633062236011, 0.00868707709014, -0.00547295156866, 0.00245112692937, -0.0022643271368, 0.00269309803843, -0.00291959173046, 0.000432369444752, 0.000125614533317, -0.0016965365503, 0.00225721253082], [0.00185982859693, -0.00884700287133, 0.00699790613726, -0.00547295156866, 0.0120036564767, -0.00412776926532, 0.00305330241099, -0.00584077555686, 0.00385119207203, -0.00195692037232, 0.00311958859675, 0.000887213391252, -0.00163569150027], [-0.000158395268954, 0.00445550261065, -0.00360482977703, 0.00245112692937, -0.00412776926532, 0.00835149269551, -0.0050035091117, 0.00336696836166, -0.00290727172978, 0.00129011564422, -7.24041965441e-05, -0.00157679978292, 0.00146856089123], [-0.000623288564384, -0.00345505983569, 0.00308776646852, -0.0022643271368, 0.00305330241099, -0.0050035091117, 0.0108992597088, -0.00666427239776, 0.00619711680338, -0.00380444084294, 0.00221956823952, -8.11611753306e-05, -0.00102770188823], [0.000807841192, 0.00300518772565, -0.00184594653547, 0.00269309803843, -0.00584077555686, 0.00336696836166, -0.00666427239776, 0.0174597557634, -0.00948862824589, 0.00591963483021, -0.00778709724545, 0.00582351908088, -0.00232460815459], [-0.000751886691432, -0.00221117120236, 0.00235142395832, -0.00291959173046, 0.00385119207203, -0.00290727172978, 0.00619711680338, -0.00948862824589, 0.0197128597647, -0.012032196857, 0.0125106116757, -0.0094449268654, 0.00373816583306], [0.00107919296715, 0.00107761973049, -0.000646159285679, 0.000432369444752, -0.00195692037232, 0.00129011564422, -0.00380444084294, 0.00591963483021, -0.012032196857, 0.0222757961601, -0.0152552230284, 0.00985292717814, -0.00557620357722], [-0.00050748483045, -0.00346328923479, 0.00140924740117, 0.000125614533317, 0.00311958859675, -7.24041965441e-05, 0.00221956823952, -0.00778709724545, 0.0125106116757, -0.0152552230284, 0.02980241552, -0.0153709501028, 0.00957101210952], [0.000630266673397, 0.00108002359048, 9.22055187402e-05, -0.0016965365503, 0.000887213391252, -0.00157679978292, -8.11611753306e-05, 0.00582351908088, -0.0094449268654, 0.00985292717814, -0.0153709501028, 0.0257485453039, -0.0115862991661], [0.000644955143798, 0.000980800832622, -0.000674407696351, 0.00225721253082, -0.00163569150027, 0.00146856089123, -0.00102770188823, -0.00232460815459, 0.00373816583306, -0.00557620357722, 0.00957101210952, -0.0115862991661, 0.0206402819604]]
    },
    "melbands": {
        "dmean": [0.000128454601509, 0.000426204671385, 0.000554144498892, 0.000594099925365, 0.000584700203035, 0.000345280132024, 0.000272421923, 0.000297136983136, 0.000288182985969, 0.000189605518244, 0.000218506465899, 0.000137025053846, 0.000112923749839, 9.91484484985e-05, 4.56717716588e-05, 2.73965797533e-05, 3.21943116433e-05, 4.44867437182e-05, 3.95276401832e-05, 2.66274764726e-05, 1.67910930031e-05, 1.03640904854e-05, 6.21445678917e-06, 7.79242054705e-06, 9.83282552625e-06, 1.27642324514e-05, 7.29977546143e-06, 5.47611080037e-06, 2.73705609288e-06, 1.5155969777e-06, 9.0087502258e-07, 5.73031229578e-07, 4.58680375459e-07, 2.5356771971e-07, 1.38816957929e-07, 7.46331636492e-08, 3.29986171721e-08, 1.31486608268e-08, 6.40196828883e-09, 3.72836073126e-09],
        "dmean2": [0.000202650306164, 0.000672774855047, 0.000928582856432, 0.000991329783574, 0.000957465381362, 0.000559782725759, 0.000437017588411, 0.0004660532868, 0.000464508717414, 0.000301058433251, 0.000345368112903, 0.000209498437471, 0.000180676826858, 0.000160348892678, 7.44405842852e-05, 4.49933686468e-05, 5.19716522831e-05, 7.17451912351e-05, 6.32114897599e-05, 4.21633994847e-05, 2.74181547866e-05, 1.68438727997e-05, 9.98934956442e-06, 1.24990583572e-05, 1.54311055667e-05, 1.93642827071e-05, 1.1085726328e-05, 8.47910723678e-06, 4.30447926192e-06, 2.39919404521e-06, 1.37744075346e-06, 8.63882291924e-07, 6.75232911362e-07, 3.66334575119e-07, 1.99855762162e-07, 1.1170485692e-07, 4.99014802813e-08, 2.02523011694e-08, 1.02443546979e-08, 5.92129190125e-09],
        "dvar": [1.17309923553e-07, 1.287462851e-06, 1.42066937769e-06, 1.11591691621e-06, 1.16757883006e-06, 3.2776279113e-07, 4.01716590659e-07, 5.03517583184e-07, 4.7195459274e-07, 1.80373845637e-07, 2.19049638872e-07, 9.35385173761e-08, 4.95250418453e-08, 3.86529350749e-08, 9.06404107326e-09, 3.69886055118e-09, 4.37528369091e-09, 9.29536003724e-09, 6.74665745493e-09, 4.54440973741e-09, 1.16756460056e-09, 6.50689946369e-10, 2.37912106682e-10, 2.32110955456e-10, 5.10541886545e-10, 9.4292906816e-10, 2.40221009751e-10, 1.93889418409e-10, 7.73623318184e-11, 9.67221441828e-11, 2.98804939125e-11, 1.15713150867e-11, 5.44622550183e-12, 1.14202787851e-12, 2.9358221583e-13, 9.30843808067e-14, 1.27992861671e-14, 1.42350027775e-15, 2.92355354039e-16, 6.50579603181e-17],
        "dvar2": [2.66967902007e-07, 2.93819994113e-06, 3.83880433219e-06, 2.99292651107e-06, 2.99403041026e-06, 8.34159664009e-07, 9.23067773329e-07, 1.16591206734e-06, 1.19639742024e-06, 4.19416011255e-07, 5.0594547929e-07, 1.96994790258e-07, 1.2443312869e-07, 9.54346646154e-08, 2.30356160813e-08, 9.35384214529e-09, 1.07983115782e-08, 2.18202362845e-08, 1.61972995016e-08, 1.08271125399e-08, 2.75401768057e-09, 1.58489610325e-09, 4.97784313769e-10, 5.52245305041e-10, 1.12148035303e-09, 1.9066821455e-09, 5.19453757786e-10, 4.68355965122e-10, 1.64567845462e-10, 2.40607339608e-10, 6.41392355893e-11, 2.17886576837e-11, 8.95290612479e-12, 1.91186021008e-12, 5.09736512982e-13, 2.06208016157e-13, 2.70030749334e-14, 3.06753807705e-15, 6.67959541353e-16, 1.4404458336e-16],
        "max": [0.00634125433862, 0.0219090990722, 0.0213364623487, 0.0210607666522, 0.0237295087427, 0.012726418674, 0.0199500881135, 0.0210571959615, 0.0225107613951, 0.0101152937859, 0.00926438998431, 0.00810581352562, 0.00582062406465, 0.00431643007323, 0.00241238367744, 0.00170949555468, 0.00167273439001, 0.00213790871203, 0.00204111915082, 0.00131179555319, 0.00115331064444, 0.000820868939627, 0.000717467453796, 0.000380234851036, 0.000531672267243, 0.000867274357006, 0.000317735102726, 0.00057754048612, 0.000266767281573, 0.000589370669331, 0.000283813278656, 0.000157358284923, 0.000135817652335, 4.13978086726e-05, 1.73420721694e-05, 1.58105594892e-05, 3.54358189725e-06, 1.0885746633e-06, 5.97695759552e-07, 3.39216768452e-07],
        "mean": [0.00018819764955, 0.00066030677408, 0.000949260138441, 0.00105318694841, 0.00104066659696, 0.000621965562459, 0.000451465661172, 0.000477086927276, 0.000435517402366, 0.000305250170641, 0.000396491697757, 0.00024537081481, 0.00020705582574, 0.000169076913153, 7.48890306568e-05, 4.57947753603e-05, 5.39132561244e-05, 7.37393493182e-05, 7.44731223676e-05, 4.67203899461e-05, 2.89316412818e-05, 1.78662576218e-05, 1.14255399239e-05, 1.39128187584e-05, 1.79907219717e-05, 2.4826704248e-05, 1.44953937706e-05, 9.92569039227e-06, 4.46443345936e-06, 2.43696194957e-06, 1.42884300658e-06, 9.19335775507e-07, 7.44253384255e-07, 4.28885584824e-07, 2.30547300362e-07, 1.25420996255e-07, 5.99811542656e-08, 2.54271537159e-08, 1.35755806596e-08, 9.72766134311e-09],
        "median": [7.89044133853e-05, 0.000318655336741, 0.000614901946392, 0.000690427375957, 0.000640454352833, 0.000408248975873, 0.000258092419244, 0.000258094369201, 0.000246794370469, 0.00013946936815, 0.000134372938192, 0.000103008642327, 6.74950279063e-05, 7.60028488003e-05, 3.6623179767e-05, 2.41170782829e-05, 2.61447585217e-05, 3.10073446599e-05, 2.57437786786e-05, 1.54901790665e-05, 1.380044705e-05, 8.63049717736e-06, 5.78038134336e-06, 7.50687422624e-06, 8.32117530081e-06, 9.30863097892e-06, 6.6297820922e-06, 4.92406297781e-06, 2.25027997658e-06, 1.17850640891e-06, 5.03505873439e-07, 2.69418990229e-07, 2.68560910399e-07, 1.68283477819e-07, 8.13820832946e-08, 4.42703083081e-08, 2.72448410499e-08, 1.37990268101e-08, 8.67131344506e-09, 7.59171303599e-09],
        "min": [6.43318232019e-10, 2.19527562795e-10, 7.97573396216e-11, 4.93072943586e-11, 3.58427246216e-11, 1.91426718227e-11, 1.10516960167e-11, 8.80763691147e-12, 6.36388858277e-12, 4.53022732175e-12, 3.34460172231e-12, 3.06453256868e-12, 2.21096101496e-12, 1.46115595751e-12, 1.3128970567e-12, 1.04602578769e-12, 8.84440741131e-13, 7.70797813597e-13, 6.64400934443e-13, 4.93563360755e-13, 3.78189314717e-13, 3.54175890005e-13, 2.91434601061e-13, 2.54482931039e-13, 2.04275805256e-13, 1.91146875888e-13, 2.04554553634e-13, 1.82119984783e-13, 1.42656123459e-13, 9.80201840918e-14, 7.06392884182e-14, 8.97258545132e-14, 7.62670634112e-14, 4.79912909814e-14, 3.82687283284e-14, 4.74194590387e-14, 4.14152659921e-14, 3.12239688586e-14, 2.86374758271e-14, 2.48362562341e-14],
        "var": [1.64349273746e-07, 1.58367004133e-06, 1.48510821418e-06, 1.62829599049e-06, 1.94896551875e-06, 5.42955547189e-07, 5.69882672607e-07, 6.71079305903e-07, 5.88904413235e-07, 3.1215407148e-07, 6.24679444172e-07, 2.34222568452e-07, 1.61168827617e-07, 8.15343810245e-08, 1.47443230958e-08, 5.86368020805e-09, 8.24940737942e-09, 1.83286203992e-08, 1.7574413036e-08, 9.71732649901e-09, 2.81570722294e-09, 1.3990212322e-09, 5.50909762254e-10, 4.3491987789e-10, 1.0866668676e-09, 2.0981958393e-09, 5.39514377618e-10, 2.82762785409e-10, 1.16106735337e-10, 1.02864737561e-10, 4.8107275108e-11, 2.18936500873e-11, 9.98739112246e-12, 2.28083415869e-12, 6.52458718563e-13, 1.70995121816e-13, 2.30340140679e-14, 2.64854073596e-15, 4.96398364782e-16, 1.10276331134e-16]
    },
    "mfcc": {
        "mean": [-650.530822754, 171.165710449, -36.1013183594, 29.9310970306, -19.5646896362, -2.4783551693, -3.8996860981, -5.02013063431, -8.72302818298, 2.85701394081, -9.68035697937, -9.32612419128, -1.1391479969],
        "cov": [[1932.86083984, -586.054016113, -907.369750977, 196.656433105, -208.059173584, 79.6864013672, -83.974281311, 136.866470337, -20.8787155151, 148.0546875, -5.48150634766, -26.1979579926, 57.4228019714], [-586.054016113, 702.325195312, 283.16305542, -49.9412269592, 121.805976868, -101.977127075, 169.524765015, -77.9815292358, -20.7248287201, -1.90497291088, 19.8440132141, -19.8848285675, -2.8697476387], [-907.369750977, 283.16305542, 974.796569824, 29.2122325897, 81.7785491943, 70.8188400269, -55.2709388733, -59.9013519287, -43.3575363159, -154.905258179, 13.5492238998, 76.9778518677, -55.1341629028], [196.656433105, -49.9412269592, 29.2122325897, 258.356506348, 31.9046230316, 2.78515768051, -24.1831092834, 3.81738710403, -4.04575109482, 13.3346786499, -0.147474974394, 10.9339599609, 13.4779872894], [-208.059173584, 121.805976868, 81.7785491943, 31.9046230316, 194.24609375, 1.93915081024, -8.32634067535, -3.78496265411, 17.8087081909, -11.5396127701, 7.1457285881, 3.91111421585, -4.3917517662], [79.6864013672, -101.977127075, 70.8188400269, 2.78515768051, 1.93915081024, 189.201568604, 5.61502933502, 30.9007606506, 30.6678409576, -26.4722423553, 15.7238025665, 15.4791879654, 0.272858589888], [-83.974281311, 169.524765015, -55.2709388733, -24.1831092834, -8.32634067535, 5.61502933502, 241.492874146, 27.403842926, -0.374780029058, 66.7325897217, 4.77847290039, -42.5848770142, 11.6873226166], [136.866470337, -77.9815292358, -59.9013519287, 3.81738710403, -3.78496265411, 30.9007606506, 27.403842926, 115.55997467, 30.9446640015, 9.20464897156, 2.99269843102, -10.440955162, 7.94119596481], [-20.8787155151, -20.7248287201, -43.3575363159, -4.04575109482, 17.8087081909, 30.6678409576, -0.374780029058, 30.9446640015, 117.385513306, 26.6247062683, 2.49016952515, -1.50026702881, 8.23788547516], [148.0546875, -1.90497291088, -154.905258179, 13.3346786499, -11.5396127701, -26.4722423553, 66.7325897217, 9.20464897156, 26.6247062683, 145.264709473, 20.3832931519, -38.6789398193, 5.21170806885], [-5.48150634766, 19.8440132141, 13.5492238998, -0.147474974394, 7.1457285881, 15.7238025665, 4.77847290039, 2.99269843102, 2.49016952515, 20.3832931519, 90.7556152344, 26.0995635986, -7.21237421036], [-26.1979579926, -19.8848285675, 76.9778518677, 10.9339599609, 3.91111421585, 15.4791879654, -42.5848770142, -10.440955162, -1.50026702881, -38.6789398193, 26.0995635986, 101.796195984, 21.0967006683], [57.4228019714, -2.8697476387, -55.1341629028, 13.4779872894, -4.3917517662, 0.272858589888, 11.6873226166, 7.94119596481, 8.23788547516, 5.21170806885, -7.21237421036, 21.0967006683, 77.0012664795]],
