{
"lowlevel": {
    "average_loudness": 0.954058885574,
    "barkbands_crest": {
        "dmean": 1.98469352722,
        "dmean2": 3.2028169632,
        "dvar": 3.49374604225,
        "dvar2": 8.54487037659,
        "max": 24.8059482574,
        "mean": 7.34327459335,
        "median": 6.5031003952,
        "min": 1.9245455265,
        "var": 11.691986084
    },
    "barkbands_flatness_db": {
        "dmean": 0.0141473244876,
        "dmean2": 0.0221720319241,
        "dvar": 0.000173805034137,
        "dvar2": 0.000392348010791,
        "max": 0.365230202675,
        "mean": 0.11256095767,
        "median": 0.106810972095,
        "min": 0.0356356278062,
        "var": 0.00125167972874
    },
    "barkbands_kurtosis": {
        "dmean": 1.09160780907,
        "dmean2": 1.72130179405,
        "dvar": 25.3255004883,
        "dvar2": 45.0639877319,
        "max": 355.417144775,
        "mean": 0.706910312176,
        "median": -0.331608057022,
        "min": -1.9007076025,
        "var": 40.9709281921
    },
    "barkbands_skewness": {
        "dmean": 0.363720268011,
        "dmean2": 0.548260867596,
        "dvar": 0.174012944102,
        "dvar2": 0.321552157402,
        "max": 17.0125217438,
        "mean": 0.593991160393,
        "median": 0.501692712307,
        "min": -5.12759160995,
        "var": 0.957178533077
    },
    "barkbands_spread": {
        "dmean": 5.30374383926,
        "dmean2": 8.01803588867,
        "dvar": 36.1502075195,
        "dvar2": 75.8330154419,
        "max": 140.137329102,
        "mean": 29.5574703217,
        "median": 27.9088821411,
        "min": 0.828182756901,
        "var": 178.641265869
    },
    "dissonance": {
        "dmean": 0.0136549957097,
        "dmean2": 0.0230483300984,
        "dvar": 0.000182680931175,
        "dvar2": 0.000501621805597,
        "max": 0.499999910593,
        "mean": 0.472843974829,
        "median": 0.477511703968,
        "min": 0.317009747028,
        "var": 0.000413638132159
    },
    "dynamic_complexity": 2.4240322113,
    "erbbands_crest": {
        "dmean": 2.44997096062,
        "dmean2": 3.97893309593,
        "dvar": 5.17585420609,
        "dvar2": 12.6883897781,
        "max": 29.7808666229,
        "mean": 8.46696281433,
        "median": 7.40254497528,
        "min": 2.23893880844,
        "var": 17.3256912231
    },
    "erbbands_flatness_db": {
        "dmean": 0.0137787684798,
        "dmean2": 0.0204509850591,
        "dvar": 0.000176373156137,
        "dvar2": 0.000343376974342,
        "max": 0.32815939188,
        "mean": 0.165825590491,
        "median": 0.163622349501,
        "min": 0.0583773963153,
        "var": 0.00142013444565
    },
    "erbbands_kurtosis": {
        "dmean": 0.696120202541,
        "dmean2": 1.10322058201,
        "dvar": 0.952435791492,
        "dvar2": 2.14820456505,
        "max": 22.7223377228,
        "mean": 0.0599345378578,
        "median": -0.352518677711,
        "min": -1.81729793549,
        "var": 2.43856406212
    },
    "erbbands_skewness": {
        "dmean": 0.312087625265,
        "dmean2": 0.472962379456,
        "dvar": 0.0876486152411,
        "dvar2": 0.176656290889,
        "max": 2.75508260727,
        "mean": -0.0601597130299,
        "median": -0.0379991829395,
        "min": -3.87007522583,
        "var": 0.474594473839
    },
    "erbbands_spread": {
        "dmean": 6.67291927338,
        "dmean2": 10.3326539993,
        "dvar": 46.6751098633,
        "dvar2": 105.203689575,
        "max": 122.837593079,
        "mean": 37.0397186279,
        "median": 35.5261001587,
        "min": 2.4590985775,
        "var": 232.806259155
    },
    "hfc": {
        "dmean": 7.11999320984,
        "dmean2": 10.2115535736,
        "dvar": 149.323669434,
        "dvar2": 258.742736816,
        "max": 457.053039551,
        "mean": 29.0987949371,
        "median": 23.6085929871,
        "min": 1.22160587196e-16,
        "var": 635.407409668
    },
    "melbands_crest": {
        "dmean": 2.55274605751,
        "dmean2": 4.12665224075,
        "dvar": 5.61734437943,
        "dvar2": 13.7537059784,
        "max": 35.7352828979,
        "mean": 10.1750297546,
        "median": 9.31980514526,
        "min": 2.0242421627,
        "var": 18.6186084747
    },
    "melbands_flatness_db": {
        "dmean": 0.0158929098397,
        "dmean2": 0.0236915200949,
        "dvar": 0.000263418391114,
        "dvar2": 0.00052374455845,
        "max": 0.4678863585,
        "mean": 0.128888458014,
        "median": 0.122458837926,
        "min": 0.00659990590066,
        "var": 0.00268316292204
    },
    "melbands_kurtosis": {
        "dmean": 2.55326390266,
        "dmean2": 3.90108180046,
        "dvar": 86.0171051025,
        "dvar2": 129.654602051,
        "max": 825.894165039,
        "mean": 4.60444688797,
        "median": 1.99783229828,
        "min": -1.84741675854,
        "var": 192.081970215
    },
    "melbands_skewness": {
        "dmean": 0.445354282856,
        "dmean2": 0.679643213749,
        "dvar": 0.233190655708,
        "dvar2": 0.46177560091,
        "max": 21.3803424835,
        "mean": 1.56517636776,
        "median": 1.42782473564,
        "min": -2.76948046684,
        "var": 1.39267468452
    },
    "melbands_spread": {
        "dmean": 9.07407474518,
        "dmean2": 13.7437372208,
        "dvar": 124.380561829,
        "dvar2": 245.247283936,
        "max": 222.028121948,
        "mean": 42.9432106018,
        "median": 38.9593734741,
        "min": 0.419908106327,
        "var": 616.799987793
    },
    "pitch_salience": {
        "dmean": 0.0531318560243,
        "dmean2": 0.0853088125587,
        "dvar": 0.00211924617179,
        "dvar2": 0.00513446005061,
        "max": 0.903301179409,
        "mean": 0.598847329617,
        "median": 0.600382447243,
        "min": 0.101914994419,
        "var": 0.00873339176178
    },
    "silence_rate_20dB": {
        "dmean": 0,
        "dmean2": 0,
        "dvar": 0,
        "dvar2": 0,
        "max": 1,
        "mean": 1,
        "median": 1,
        "min": 1,
        "var": 0
    },
    "silence_rate_30dB": {
        "dmean": 0,
        "dmean2": 0,
        "dvar": 0,
        "dvar2": 0,
        "max": 1,
        "mean": 1,
        "median": 1,
        "min": 1,
        "var": 0
    },
    "silence_rate_60dB": {
        "dmean": 0.0075178546831,
        "dmean2": 0.0150375943631,
        "dvar": 0.00746199768037,
        "dvar2": 0.0168189108372,
        "max": 1,
        "mean": 0.0598847419024,
        "median": 0,
        "min": 0,
        "var": 0.0563125014305
    },
    "spectral_centroid": {
        "dmean": 250.965927124,
        "dmean2": 375.392578125,
        "dvar": 78701.8125,
        "dvar2": 138027.390625,
        "max": 11244.0234375,
        "mean": 2018.10449219,
        "median": 2094.07910156,
        "min": 204.277267456,
        "var": 506233.4375
    },
    "spectral_complexity": {
        "dmean": 3.30635261536,
        "dmean2": 5.24335861206,
        "dvar": 9.91929721832,
        "dvar2": 22.2500419617,
        "max": 58,
        "mean": 24.2182407379,
        "median": 24,
        "min": 0,
        "var": 116.88558197
    },
    "spectral_decrease": {
        "dmean": 1.01190444912e-09,
        "dmean2": 1.55619717113e-09,
        "dvar": 1.32290343961e-18,
        "dvar2": 2.9880598887e-18,
        "max": -9.33113960835e-29,
        "mean": -4.46278702881e-09,
        "median": -4.52501502934e-09,
        "min": -1.69993104038e-08,
        "var": 5.28354213002e-18
    },
    "spectral_energy": {
        "dmean": 0.00426148157567,
        "dmean2": 0.0065184365958,
        "dvar": 2.26048505283e-05,
        "dvar2": 5.06086653331e-05,
        "max": 0.0667944923043,
        "mean": 0.019482921809,
        "median": 0.0197579190135,
        "min": 1.14325084825e-20,
        "var": 9.92955465335e-05
    },
    "spectral_energyband_high": {
        "dmean": 0.000750031438656,
        "dmean2": 0.00106923060957,
        "dvar": 2.94668552669e-06,
        "dvar2": 4.9932955335e-06,
        "max": 0.0639957040548,
        "mean": 0.00199345545843,
        "median": 0.00102862599306,
        "min": 8.09305029489e-21,
        "var": 9.14948941499e-06
    },
    "spectral_energyband_low": {
        "dmean": 0.000887557573151,
        "dmean2": 0.00140708498657,
        "dvar": 2.70575060313e-06,
        "dvar2": 6.43846033199e-06,
        "max": 0.0362136997283,
        "mean": 0.00225560273975,
        "median": 0.00165169523098,
        "min": 6.1015809866e-23,
        "var": 5.84830013395e-06
    },
    "spectral_energyband_middle_high": {
        "dmean": 0.00202381424606,
        "dmean2": 0.00309390155599,
        "dvar": 6.69095288686e-06,
        "dvar2": 1.47146201925e-05,
        "max": 0.0417178682983,
        "mean": 0.00736469822004,
        "median": 0.00558457244188,
        "min": 1.73940956885e-21,
        "var": 3.55569936801e-05
    },
    "spectral_energyband_middle_low": {
        "dmean": 0.00287332036532,
        "dmean2": 0.00447695143521,
        "dvar": 1.54730787472e-05,
        "dvar2": 3.62701393897e-05,
        "max": 0.063862837851,
        "mean": 0.00858511216938,
        "median": 0.00726449117064,
        "min": 3.83233575492e-22,
        "var": 4.54234141216e-05
    },
    "spectral_entropy": {
        "dmean": 0.115343652666,
        "dmean2": 0.16506627202,
        "dvar": 0.0142475552857,
        "dvar2": 0.0250909663737,
        "max": 9.80060958862,
        "mean": 7.71389389038,
        "median": 7.72999095917,
        "min": 6.02504444122,
        "var": 0.148735076189
    },
    "spectral_flux": {
        "dmean": 0.0159748215228,
        "dmean2": 0.0256490651518,
        "dvar": 0.00027114932891,
        "dvar2": 0.000660176970996,
        "max": 0.24019689858,
        "mean": 0.0740584880114,
        "median": 0.0728381946683,
        "min": 1.06922908027e-10,
        "var": 0.00102689047344
    },
    "spectral_kurtosis": {
        "dmean": 1.07210838795,
        "dmean2": 1.81908202171,
        "dvar": 1.15686035156,
        "dvar2": 3.39758181572,
        "max": 15.7635211945,
        "mean": 3.23459601402,
        "median": 2.90746998787,
        "min": -1.24727678299,
        "var": 3.96478557587
    },
    "spectral_rms": {
        "dmean": 0.000467200676212,
        "dmean2": 0.000706037972122,
        "dvar": 2.24833115681e-07,
        "dvar2": 4.75951594581e-07,
        "max": 0.00807250663638,
        "mean": 0.00416600937024,
        "median": 0.00439044646919,
        "min": 3.33971045263e-12,
        "var": 1.65210929026e-06
    },
    "spectral_rolloff": {
        "dmean": 583.553588867,
        "dmean2": 926.765014648,
        "dvar": 699063.5625,
        "dvar2": 1351054.625,
        "max": 18669.2871094,
        "mean": 2777.37231445,
        "median": 2648.58398438,
        "min": 64.599609375,
        "var": 2883406.75
    },
    "spectral_skewness": {
        "dmean": 0.161431849003,
        "dmean2": 0.261203050613,
        "dvar": 0.0213408097625,
        "dvar2": 0.0524268448353,
        "max": 2.80578446388,
        "mean": 1.20876634121,
        "median": 1.17879199982,
        "min": -0.13566800952,
        "var": 0.124445319176
    },
    "spectral_spread": {
        "dmean": 378756.375,
        "dmean2": 543787.5,
        "dvar": 335061286912,
        "dvar2": 467212959744,
        "max": 42876904,
        "mean": 4349338.5,
        "median": 4103823,
        "min": 2159675.25,
        "var": 1.6080413655e+12
    },
    "spectral_strongpeak": {
        "dmean": 0.916561961174,
        "dmean2": 1.54372632504,
        "dvar": 1.9538731575,
        "dvar2": 4.92240333557,
        "max": 15.8597249985,
        "mean": 1.59127902985,
        "median": 0.879867494106,
        "min": 0,
        "var": 3.46793556213
    },
    "zerocrossingrate": {
        "dmean": 0.0106345713139,
        "dmean2": 0.0119164492935,
        "dvar": 0.000197522254894,
        "dvar2": 0.000191105733393,
        "max": 0.6923828125,
        "mean": 0.0932865515351,
        "median": 0.08740234375,
        "min": 0.009765625,
        "var": 0.00190868368372
    },
    "barkbands": {
        "dmean": [3.54898293153e-05, 0.000398894509999, 0.000412162858993, 0.000515905499924, 0.00126531743445, 0.000977678224444, 0.000613124750089, 0.000514337560162, 0.00056768412469, 0.000721274642274, 0.000372773734853, 0.00038086771383, 0.000407665385865, 0.000407812331105, 0.000500118825585, 0.000282469089143, 0.000384430430131, 0.000413248024415, 0.000285283633275, 0.000355974567356, 0.00023562964634, 0.000178008922376, 0.000167289181263, 0.000107583888166, 5.1605355111e-05, 1.2080588931e-05, 3.61647778391e-09],
        "dmean2": [6.43622552161e-05, 0.000642932078335, 0.000673598609865, 0.000847959774546, 0.00203184620477, 0.00150774279609, 0.000941560370848, 0.000797757646069, 0.000876472680829, 0.00113331549801, 0.00059412169503, 0.000609247828834, 0.000643548439257, 0.000655134266708, 0.000818664208055, 0.000448533333838, 0.000624060805421, 0.000651673530228, 0.000460387323983, 0.000561702821869, 0.000370813766494, 0.000260853645159, 0.000239582921495, 0.000156027963385, 7.3500435974e-05, 1.78091122507e-05, 6.37871488962e-09],
        "dvar": [3.41105965695e-09, 7.08135416971e-07, 7.70828592067e-07, 9.49065906752e-07, 5.91364505453e-06, 2.93525613415e-06, 1.57931094691e-06, 1.30769308271e-06, 1.70941473243e-06, 2.08520054912e-06, 6.10601432527e-07, 4.92892354487e-07, 9.42273402416e-07, 9.50629669205e-07, 9.8806663118e-07, 5.49903290903e-07, 6.4332260763e-07, 7.79123695338e-07, 2.6862792879e-07, 4.61664569684e-07, 2.17354084953e-07, 5.01335250647e-07, 4.4217600248e-07, 1.35575106697e-07, 4.64934046818e-08, 1.14743547996e-09, 5.165249264e-16],
        "dvar2": [9.93242732505e-09, 1.74387105289e-06, 1.93752657651e-06, 2.45396608989e-06, 1.44229197758e-05, 6.92801722835e-06, 3.46012166119e-06, 2.92747859021e-06, 3.7284555674e-06, 4.96726352139e-06, 1.4772584791e-06, 1.20540732951e-06, 2.15686031879e-06, 2.31884359891e-06, 2.38201414504e-06, 1.30204909965e-06, 1.44647299294e-06, 1.77156937298e-06, 6.91767695571e-07, 1.07848939024e-06, 5.39859513538e-07, 8.86754094154e-07, 8.60687237036e-07, 2.69617515869e-07, 9.82498704616e-08, 2.37581598839e-09, 1.22013825503e-15],
        "max": [0.00117295794189, 0.0144257228822, 0.0179787985981, 0.0141062783077, 0.0570093989372, 0.0388165190816, 0.0330863259733, 0.0255820006132, 0.0268165096641, 0.0377767011523, 0.0182302519679, 0.0164326988161, 0.0192803423852, 0.0208063106984, 0.0181104559451, 0.0173418857157, 0.0203498918563, 0.0166273377836, 0.0177008956671, 0.0163347907364, 0.00963712483644, 0.0387055240571, 0.0349645353854, 0.0113732786849, 0.00834846962243, 0.000925946224015, 9.9215606042e-07],
        "mean": [4.12783811043e-05, 0.000943186576478, 0.000798689085059, 0.000918730394915, 0.00253987056203, 0.0019507171819, 0.00106735830195, 0.000799009052571, 0.000896590412594, 0.00122278276831, 0.00061112298863, 0.00063263066113, 0.00072762160562, 0.000664437306114, 0.000843312009238, 0.000522922317032, 0.000686862214934, 0.000757882546168, 0.000572345335968, 0.000763299933169, 0.000479759211885, 0.00035651345388, 0.000335218093824, 0.00022538031044, 0.000101254765468, 2.41327015829e-05, 2.91230106697e-09],
        "median": [2.07690973184e-05, 0.000651687441859, 0.000397927127779, 0.000415277550928, 0.00155931781046, 0.00107174227014, 0.000571456039324, 0.00036737381015, 0.00032115142676, 0.000469907390652, 0.000228240009164, 0.00030124298064, 0.000227959157201, 0.000211743637919, 0.000390307162888, 0.00021743720572, 0.000341896957252, 0.000361957325367, 0.000380395213142, 0.000451527186669, 0.000251803430729, 0.000111402376206, 9.42332189879e-05, 6.37223565718e-05, 2.31579761021e-05, 4.83421263198e-06, 4.19965506815e-10],
        "min": [9.36406735252e-23, 1.95868325196e-23, 4.13367255856e-24, 9.79148276171e-24, 4.65816148309e-23, 5.98823240302e-23, 1.0487351639e-22, 2.76248518272e-23, 8.69875594901e-23, 1.14016691961e-22, 3.49251157945e-23, 1.26040017629e-22, 1.52531582413e-22, 1.18482692292e-22, 7.75063727989e-23, 2.66124712866e-22, 1.04620493988e-22, 2.2402054316e-22, 3.38200649235e-22, 4.74530909299e-22, 6.08468585793e-22, 5.55034454978e-22, 6.26194101006e-22, 9.36589283976e-22, 1.38379692928e-21, 1.51871955857e-21, 2.39277966299e-21],
        "var": [3.93352417305e-09, 1.26471843487e-06, 1.35202299134e-06, 1.8458423483e-06, 1.28662259158e-05, 7.3579308264e-06, 2.89140461973e-06, 2.19912976718e-06, 3.11675375997e-06, 4.45890054834e-06, 1.31763113131e-06, 1.00061333796e-06, 2.47089110417e-06, 2.03985541702e-06, 1.92156721823e-06, 1.3828015426e-06, 1.44458397244e-06, 1.76177366029e-06, 4.82627001475e-07, 9.88001943369e-07, 4.48750370197e-07, 9.47417447605e-07, 9.04145053937e-07, 3.40785533126e-07, 8.58676685311e-08, 3.08386471914e-09, 4.91661756541e-16]
    },
    "erbbands": {
        "dmean": [0.0105085102841, 0.100419357419, 0.40587028861, 1.15193831921, 2.70360994339, 4.90062093735, 7.95880413055, 7.17002916336, 8.62082386017, 8.64895343781, 12.5471801758, 10.7823514938, 18.7157402039, 20.1844902039, 11.8247537613, 16.3843955994, 16.8854999542, 17.6855583191, 22.8541908264, 21.149181366, 15.173532486, 18.7641448975, 22.1590652466, 18.1113090515, 10.9239015579, 17.1963291168, 13.1385545731, 7.10340833664, 6.77538585663, 5.43860244751, 4.68083047867, 2.76230406761, 1.63489603996, 0.746860802174, 0.290957123041, 0.0915764793754, 0.015418891795, 0.000355672673322, 1.64078392118e-05, 6.87123792886e-06],
        "dmean2": [0.0172481779009, 0.162470415235, 0.660293161869, 1.86448180676, 4.51134681702, 7.88675069809, 12.1785058975, 11.0594549179, 12.9876918793, 13.499756813, 19.3098526001, 16.7454566956, 29.9043216705, 31.262556076, 18.626996994, 26.2288303375, 26.5440979004, 28.3917560577, 37.0440177917, 34.3309402466, 23.8370475769, 30.4035511017, 34.96717453, 29.1294631958, 17.5624961853, 27.3049907684, 20.7092933655, 10.9980516434, 10.085062027, 7.86580276489, 6.67796182632, 4.0459561348, 2.35456752777, 1.07414245605, 0.416748374701, 0.132962137461, 0.0234942883253, 0.000536147854291, 2.30856639973e-05, 1.00656698123e-05],
        "dvar": [0.000567252573092, 0.04669252038, 0.755102694035, 4.7698764801, 37.2257194519, 114.587432861, 238.949874878, 212.723098755, 386.369140625, 325.830078125, 669.708007812, 602.447692871, 1927.94604492, 1650.45141602, 750.211547852, 920.465698242, 1506.38000488, 1749.74023438, 2158.04174805, 2405.99584961, 1477.11572266, 1484.01623535, 2500.2644043, 1024.62548828, 603.465332031, 1154.69055176, 666.958190918, 422.807647705, 567.771728516, 385.271636963, 369.812469482, 95.2629547119, 29.3647537231, 12.871711731, 0.982152879238, 0.0620673410594, 0.0023859590292, 1.22107996958e-06, 1.84653814461e-09, 9.86076983955e-11],
        "dvar2": [0.00139686348848, 0.119260691106, 1.85910367966, 12.2700338364, 102.178359985, 261.825714111, 543.542419434, 483.903656006, 812.902832031, 777.932678223, 1512.32055664, 1323.22021484, 4868.65234375, 3791.74169922, 1780.32385254, 2266.51904297, 3363.25415039, 4361.04296875, 5123.49414062, 5689.76171875, 3513.77685547, 3509.30688477, 5765.70605469, 2578.34887695, 1577.07104492, 2714.72827148, 1633.57873535, 1038.44799805, 1019.87054443, 702.901916504, 690.32800293, 187.099533081, 57.4767875671, 27.8015575409, 2.01636099815, 0.122369304299, 0.00528477365151, 2.55412010119e-06, 3.4476195232e-09, 1.84148529758e-10],
        "max": [0.46251064539, 4.1364941597, 21.4588165283, 39.329574585, 84.8466567993, 311.098419189, 532.33203125, 437.74810791, 612.701721191, 325.513519287, 557.272521973, 511.366760254, 891.350646973, 1269.60375977, 673.468444824, 537.967285156, 838.736633301, 1221.71679688, 949.228942871, 1172.34985352, 1169.17114258, 918.81829834, 1085.63208008, 729.235656738, 1231.26245117, 797.05291748, 595.011474609, 890.155212402, 1224.9465332, 864.572937012, 950.972839355, 333.492492676, 159.041000366, 165.829818726, 33.1962013245, 7.74053144455, 1.84936821461, 0.0331761315465, 0.00106233707629, 0.000330147799104],
        "mean": [0.0214906278998, 0.23398347199, 0.883201599121, 2.20209932327, 4.67621040344, 9.36717605591, 16.1496181488, 13.6671743393, 15.6053533554, 14.8671255112, 20.8112258911, 18.6774291992, 32.2150535583, 36.5352058411, 21.6651554108, 29.0442428589, 33.0635070801, 32.7016601562, 40.4153060913, 40.8298606873, 32.5000190735, 36.6509475708, 42.8713417053, 36.2168121338, 25.5528793335, 36.2610473633, 27.7279148102, 14.640666008, 13.3619804382, 11.1454114914, 9.25696659088, 5.67871999741, 3.2814552784, 1.41259980202, 0.582661628723, 0.191923931241, 0.0282607208937, 0.000670890382025, 4.56279049104e-05, 3.05078247038e-05],
        "median": [0.0119777908549, 0.159526407719, 0.490169972181, 1.11010968685, 2.43491888046, 5.19600486755, 7.97095012665, 7.36332321167, 8.74838924408, 7.66632843018, 10.008392334, 8.26029968262, 12.3856124878, 16.0134181976, 9.30894088745, 14.5037755966, 12.6259155273, 13.7242994308, 18.2083854675, 18.86951828, 15.8232307434, 18.9085273743, 21.4613685608, 22.666217804, 17.9387245178, 20.9516487122, 15.6631031036, 6.71826267242, 4.13556194305, 3.109811306, 2.62104868889, 1.70720720291, 0.845120489597, 0.319776564837, 0.137474834919, 0.0412969589233, 0.00497984932736, 0.000123813573737, 2.15639993257e-05, 2.81421198451e-05],
        "min": [9.91790463219e-22, 3.4591804644e-21, 6.94576694115e-21, 1.77318604322e-20, 5.54716883054e-20, 1.97898050168e-19, 2.29694174981e-19, 6.81016609243e-19, 7.52591203478e-19, 2.13924436722e-18, 4.23002613521e-19, 2.77769793276e-18, 3.24237139815e-18, 2.22103515901e-18, 2.20392989112e-18, 4.86482330394e-18, 6.48320630831e-18, 6.96473419906e-18, 4.81458945252e-18, 5.33981936299e-18, 1.68149043309e-17, 7.92482950116e-18, 1.20707199426e-17, 1.24468364856e-17, 1.82216837812e-17, 2.74610347975e-17, 2.87148205761e-17, 1.71241110613e-17, 1.86496041645e-17, 2.16726862599e-17, 1.70079451248e-17, 1.84338440278e-17, 1.63474414057e-17, 1.28180652184e-17, 1.15044370584e-17, 6.68676180858e-18, 2.50145104103e-18, 1.26127879417e-18, 3.55862017561e-19, 3.36764485169e-20],
        "var": [0.000891781761311, 0.079075679183, 1.50334060192, 9.54953575134, 49.6336784363, 246.90411377, 615.664306641, 507.643432617, 736.17578125, 586.226501465, 1229.62902832, 1194.37927246, 3741.55444336, 3715.14941406, 1774.36730957, 1943.42321777, 4237.95751953, 3683.74731445, 4130.8203125, 5660.77392578, 4146.38232422, 3369.46435547, 5933.13818359, 2149.15600586, 952.768127441, 2330.12646484, 1352.33227539, 678.161071777, 1139.109375, 810.346618652, 766.6171875, 230.682357788, 72.9928283691, 20.2977180481, 2.30487060547, 0.188432320952, 0.00503149162978, 2.77066669696e-06, 5.6157776207e-09, 4.25992241482e-10]
    },
    "gfcc": {
        "mean": [11.5559825897, 78.2537765503, -146.620330811, 44.8918685913, -72.29347229, 14.3296012878, -44.9890174866, 8.62087631226, -28.5810718536, 1.4805791378, -14.1769342422, -2.74845576286, -4.7548661232],
        "cov": [[4401.98046875, -216.509490967, -67.5297775269, 337.449462891, -371.076171875, 69.1815032959, -42.801864624, 13.0122690201, -129.526855469, -68.8415908813, 33.2378120422, -87.5896682739, -91.0528869629], [-216.509490967, 1142.38574219, 2.64812135696, -33.3072090149, 66.8217010498, -294.202392578, 102.972564697, -71.0284042358, 58.3662033081, -72.5404052734, 155.593521118, -96.1116790771, 113.716751099], [-67.5297775269, 2.64812135696, 563.309814453, 103.158729553, -48.9858398438, 57.8666763306, -62.8977775574, 14.5546340942, -30.3131370544, 36.0260925293, -27.1892089844, 41.2239456177, -36.350440979], [337.449462891, -33.3072090149, 103.158729553, 254.235961914, 2.29795789719, 13.5240154266, 4.18456935883, 18.9660167694, 14.2691698074, -29.5602588654, 19.9358024597, -20.559967041, -7.06953573227], [-371.076171875, 66.8217010498, -48.9858398438, 2.29795789719, 190.816711426, 9.72426319122, 11.6270389557, 35.2104034424, 11.6803874969, 13.613986969, -9.56844425201, 12.4925642014, 11.5778808594], [69.1815032959, -294.202392578, 57.8666763306, 13.5240154266, 9.72426319122, 241.753662109, 34.3668327332, 9.93996047974, -27.9058189392, 28.3787612915, -38.8958015442, 18.1535205841, -45.5528831482], [-42.801864624, 102.972564697, -62.8977775574, 4.18456935883, 11.6270389557, 34.3668327332, 128.482391357, 12.7249202728, -6.30950880051, -11.9927167892, 28.4578876495, -21.3122062683, 11.3727617264], [13.0122690201, -71.0284042358, 14.5546340942, 18.9660167694, 35.2104034424, 9.93996047974, 12.7249202728, 122.592720032, 19.4372692108, -0.670208454132, 0.156754046679, 5.39093589783, 2.55177426338], [-129.526855469, 58.3662033081, -30.3131370544, 14.2691698074, 11.6803874969, -27.9058189392, -6.30950880051, 19.4372692108, 105.548446655, 13.249871254, 6.22709703445, 1.23246252537, 15.8206834793], [-68.8415908813, -72.5404052734, 36.0260925293, -29.5602588654, 13.613986969, 28.3787612915, -11.9927167892, -0.670208454132, 13.249871254, 97.597694397, 0.616319060326, 13.4801311493, -20.8615989685], [33.2378120422, 155.593521118, -27.1892089844, 19.9358024597, -9.56844425201, -38.8958015442, 28.4578876495, 0.156754046679, 6.22709703445, 0.616319060326, 127.523330688, -17.9548225403, 21.9484405518], [-87.5896682739, -96.1116790771, 41.2239456177, -20.559967041, 12.4925642014, 18.1535205841, -21.3122062683, 5.39093589783, 1.23246252537, 13.4801311493, -17.9548225403, 93.4194335938, 7.64732599258], [-91.0528869629, 113.716751099, -36.350440979, -7.06953573227, 11.5778808594, -45.5528831482, 11.3727617264, 2.55177426338, 15.8206834793, -20.8615989685, 21.9484405518, 7.64732599258, 88.8341751099]],
        "icov": [[0.000481713796034, -0.000691178254783, 0.000862995104399, -0.00120621034876, 0.00159300456289, -0.000885968387593, 0.00114636321086, -0.00106135511305, 0.00124560191762, -0.000712913228199, 0.000494410749525, -0.000474026572192, 0.000386862200685], [-0.000691178254783, 0.00476557994261, -0.00354960351251, 0.00365484971553, -0.00509890262038, 0.00536176236346, -0.00569994514808, 0.00489061698318, -0.00428494159132, 0.00366013264284, -0.00341777363792, 0.00370337301865, -0.00181898695882], [0.000862995104399, -0.00354960351251, 0.00540604256094, -0.00458716508001, 0.00536202406511, -0.00437496509403, 0.00554533768445, -0.00449342047796, 0.00475500244647, -0.00406438531354, 0.00281606987119, -0.00364383333363, 0.00156896817498], [-0.00120621034876, 0.00365484971553, -0.00458716508001, 0.00906592607498, -0.00599600607529, 0.00375411962159, -0.00493193557486, 0.00411947956309, -0.00582229159772, 0.005537787918, -0.00377155002207, 0.00398670695722, -0.000924854073673], [0.00159300456289, -0.00509890262038, 0.00536202406511, -0.00599600607529, 0.0133908139542, -0.0060663362965, 0.00651162071154, -0.00770211685449, 0.00617672596127, -0.0057816663757, 0.00446004234254, -0.00461187679321, 0.00124576594681], [-0.000885968387593, 0.00536176236346, -0.00437496509403, 0.00375411962159, -0.0060663362965, 0.0117727415636, -0.00899278465658, 0.00535406079143, -0.00381512893364, 0.00263555161655, -0.00214476138353, 0.00285134790465, 0.000144681005622], [0.00114636321086, -0.00569994514808, 0.00554533768445, -0.00493193557486, 0.00651162071154, -0.00899278465658, 0.0172689016908, -0.00719140656292, 0.00634911144152, -0.0035901106894, 0.00176667002961, -0.00237214937806, 0.000677755393554], [-0.00106135511305, 0.00489061698318, -0.00449342047796, 0.00411947956309, -0.00770211685449, 0.00535406079143, -0.00719140656292, 0.0145301604643, -0.00685096858069, 0.00466121220961, -0.00358214182779, 0.00330412504263, -0.00169126235414], [0.00124560191762, -0.00428494159132, 0.00475500244647, -0.00582229159772, 0.00617672596127, -0.00381512893364, 0.00634911144152, -0.00685096858069, 0.0161578264087, -0.00661354558542, 0.0035009260755, -0.00343614001758, -0.000133023873786], [-0.000712913228199, 0.00366013264284, -0.00406438531354, 0.005537787918, -0.0057816663757, 0.00263555161655, -0.0035901106894, 0.00466121220961, -0.00661354558542, 0.0163042675704, -0.0046284692362, 0.00198246119544, 0.00177182699554], [0.000494410749525, -0.00341777363792, 0.00281606987119, -0.00377155002207, 0.00446004234254, -0.00214476138353, 0.00176667002961, -0.00358214182779, 0.0035009260755, -0.0046284692362, 0.0120821585879, -0.00170078768861, -0.000619507685769], [-0.000474026572192, 0.00370337301865, -0.00364383333363, 0.00398670695722, -0.00461187679321, 0.00285134790465, -0.00237214937806, 0.00330412504263, -0.00343614001758, 0.00198246119544, -0.00170078768861, 0.0156441889703, -0.00397736113518], [0.000386862200685, -0.00181898695882, 0.00156896817498, -0.000924854073673, 0.00124576594681, 0.000144681005622, 0.000677755393554, -0.00169126235414, -0.000133023873786, 0.00177182699554, -0.000619507685769, -0.00397736113518, 0.0153592322022]]
    },
    "melbands": {
        "dmean": [9.96471499093e-05, 0.000178403439349, 0.000228194650845, 0.000261303124717, 0.000258287444012, 0.000167471487657, 0.000130946689751, 9.40150857787e-05, 0.000108789688966, 7.09708328941e-05, 9.66214720393e-05, 8.62606975716e-05, 4.50241241197e-05, 3.81512727472e-05, 4.59276343463e-05, 4.10151260439e-05, 3.53298819391e-05, 3.81968457077e-05, 3.91776884499e-05, 2.28927092394e-05, 2.01797283808e-05, 2.2887801606e-05, 2.04028729058e-05, 1.97789304366e-05, 1.64656121342e-05, 8.85791632754e-06, 9.44374005485e-06, 1.31938868435e-05, 1.06098605102e-05, 5.19976219948e-06, 4.21082677349e-06, 4.28205339631e-06, 3.5072321225e-06, 3.22518008034e-06, 3.01195723296e-06, 2.3240261271e-06, 1.65866947555e-06, 1.31944580062e-06, 9.24586856854e-07, 5.85829241118e-07],
        "dmean2": [0.000161381671205, 0.00029029964935, 0.000371747504687, 0.000425092584919, 0.000397926953156, 0.000258425454376, 0.000198505003937, 0.000145948288264, 0.000167304562638, 0.000109991276986, 0.000154159482918, 0.000133079913212, 7.13209665264e-05, 6.11339419265e-05, 7.34897039365e-05, 6.40827056486e-05, 5.72547214688e-05, 6.1497601564e-05, 6.39869904262e-05, 3.70090019715e-05, 3.20757062582e-05, 3.71828718926e-05, 3.28459464072e-05, 3.16999648931e-05, 2.67877712758e-05, 1.46028060044e-05, 1.50927589857e-05, 2.11601691262e-05, 1.68914211827e-05, 8.24449853098e-06, 6.62327374812e-06, 6.52795142742e-06, 5.19511195307e-06, 4.83672056362e-06, 4.38603137809e-06, 3.42805515174e-06, 2.50191374107e-06, 1.95489405996e-06, 1.36584515076e-06, 8.71043482675e-07],
        "dvar": [4.51707009574e-08, 1.42160601513e-07, 1.71886398448e-07, 2.85237575781e-07, 2.38751141524e-07, 1.0139007145e-07, 7.54804148073e-08, 4.25885531286e-08, 4.99694827738e-08, 2.84318257826e-08, 4.94156573438e-08, 3.17679749173e-08, 1.14626166337e-08, 6.17309625639e-09, 1.07271160843e-08, 1.14520330996e-08, 7.87163134675e-09, 7.32394900282e-09, 6.49080122983e-09, 3.70579988918e-09, 2.69962052712e-09, 2.41318098837e-09, 2.24488250211e-09, 1.92308347025e-09, 9.11596742537e-10, 3.85861620433e-10, 3.49614753814e-10, 7.5078965267e-10, 4.54891652124e-10, 1.05168769526e-10, 2.57663196335e-10, 2.42209002854e-10, 1.83483728211e-10, 1.37833716662e-10, 1.50110229802e-10, 8.09876818386e-11, 3.58963553326e-11, 1.77436034615e-11, 2.06767294259e-11, 9.04235974292e-12],
        "dvar2": [1.09260518855e-07, 3.51914934527e-07, 4.42199365125e-07, 7.2422727726e-07, 5.34866046564e-07, 2.32514096865e-07, 1.63112858331e-07, 9.99935352297e-08, 1.12577509981e-07, 6.22997902155e-08, 1.24115146605e-07, 7.20248181096e-08, 2.76178226954e-08, 1.50637671226e-08, 2.64690136476e-08, 2.5212845145e-08, 1.98061904655e-08, 1.71533951487e-08, 1.56282240482e-08, 8.32730862044e-09, 6.22186746568e-09, 5.52319612268e-09, 5.42094058531e-09, 4.57427606904e-09, 2.31995800348e-09, 1.04051034455e-09, 8.2709178395e-10, 1.81003978472e-09, 1.1007835754e-09, 2.61613897212e-10, 6.62726373779e-10, 4.81419626386e-10, 3.6486258459e-10, 2.82654788464e-10, 2.88488233302e-10, 1.62626717648e-10, 7.79619840907e-11, 3.60542255773e-11, 4.61428777132e-11, 2.09263613382e-11],
        "max": [0.00376030849293, 0.00944969803095, 0.00594306178391, 0.0102286739275, 0.016528794542, 0.00909076444805, 0.00781374052167, 0.00419174693525, 0.00510460045189, 0.00410904642195, 0.00432920083404, 0.00579084036872, 0.00285498285666, 0.00208926992491, 0.00361955002882, 0.00255611352623, 0.00261053792201, 0.00215146038681, 0.00162323436234, 0.00173993688077, 0.00133787875529, 0.00106063229032, 0.0011719573522, 0.00115427304991, 0.000619732076302, 0.000958868302405, 0.000453450367786, 0.000747196550947, 0.000390641245758, 0.000267114781309, 0.000825345516205, 0.000884508190211, 0.000589070608839, 0.000534311751835, 0.000573588244151, 0.000368040200556, 0.000193524567294, 0.000109079424874, 0.000206271506613, 0.000165834397194],
        "mean": [0.000226195115829, 0.000415496906498, 0.0004432759888, 0.000486490898766, 0.00054307206301, 0.000325580040226, 0.000237388230744, 0.000157595597557, 0.000177762762178, 0.000116352915938, 0.000162046591868, 0.000150612075231, 7.62605050113e-05, 6.43435487291e-05, 7.71963677835e-05, 7.45697470848e-05, 5.90354320593e-05, 6.16124088992e-05, 6.66882406222e-05, 4.18003219238e-05, 3.88334956369e-05, 4.0135699237e-05, 3.66746317013e-05, 3.56826349162e-05, 2.961584687e-05, 1.77635411092e-05, 1.9621442334e-05, 2.53962898569e-05, 2.02384344448e-05, 1.03459688034e-05, 7.619052667e-06, 7.75513490225e-06, 6.45057662041e-06, 6.15867566012e-06, 5.62681407246e-06, 4.31639864473e-06, 3.14527960654e-06, 2.49775257544e-06, 1.62342189469e-06, 1.03544311969e-06],
        "median": [0.000150960928295, 0.000265450187726, 0.00025510424166, 0.000281698215986, 0.000295282632578, 0.000183280077181, 0.000137125971378, 7.84539297456e-05, 7.92027567513e-05, 4.56661291537e-05, 5.8441550209e-05, 6.1419850681e-05, 2.88162700599e-05, 2.94241599477e-05, 3.20022372762e-05, 2.18477871385e-05, 2.19811845454e-05, 2.28483531828e-05, 2.94206074614e-05, 1.75256627699e-05, 1.63286968018e-05, 1.85819480976e-05, 1.76355570147e-05, 1.80485549208e-05, 1.70819948835e-05, 1.1587228073e-05, 1.20722170323e-05, 1.32452842081e-05, 1.07696869236e-05, 5.19925470144e-06, 2.92251843348e-06, 2.33259129345e-06, 1.85011253961e-06, 1.60526656146e-06, 1.45545243413e-06, 1.31464912556e-06, 9.11242182156e-07, 6.31860132216e-07, 3.52931124326e-07, 2.32297793445e-07],
        "min": [1.1483262815e-23, 4.12138644439e-24, 4.28371508602e-24, 7.91691338149e-24, 9.1444235485e-24, 1.37595643444e-23, 1.53395075871e-23, 2.02574526414e-23, 2.39031145448e-24, 1.75243840819e-23, 1.60635809239e-23, 9.50341521381e-24, 6.16371419585e-24, 1.13580421903e-23, 1.24320928789e-23, 1.7824088117e-23, 1.19031687417e-23, 8.04814354852e-24, 6.05885091572e-24, 8.60266779982e-24, 2.32109289379e-23, 6.33475186187e-24, 1.29993296237e-23, 6.78535867727e-24, 1.02217653647e-23, 1.34246124263e-23, 1.30234411572e-23, 1.94863663501e-23, 1.90104165893e-23, 1.26614959967e-23, 9.29336206513e-24, 1.0940674818e-23, 1.038612059e-23, 1.29727505332e-23, 9.73369948926e-24, 8.45397935209e-24, 1.28569820399e-23, 1.24470907024e-23, 9.40684443951e-24, 1.08303952189e-23],
        "var": [7.62046710179e-08, 2.83554385305e-07, 3.14783164868e-07, 4.99849306834e-07, 6.53062841138e-07, 2.41860902861e-07, 1.45356509051e-07, 7.45557784398e-08, 9.61513819675e-08, 5.51116023928e-08, 9.71021663076e-08, 7.11862142566e-08, 2.46276865568e-08, 1.2342420419e-08, 2.00930614369e-08, 3.32298242256e-08, 1.50932635279e-08, 1.40259377446e-08, 1.3717267322e-08, 8.67422667028e-09, 7.54720819174e-09, 5.16802245443e-09, 5.16500797687e-09, 3.85065002106e-09, 1.70250769038e-09, 5.4028598262e-10, 6.79361067402e-10, 1.33869060281e-09, 8.34632474245e-10, 2.1113821802e-10, 3.1390146038e-10, 4.29305174743e-10, 3.14571479976e-10, 2.63216448637e-10, 2.96695612523e-10, 1.62280147653e-10, 7.60628990348e-11, 4.27137630821e-11, 3.0784187699e-11, 1.22186340906e-11]
    },
    "mfcc": {
        "mean": [-616.079467773, 94.9735107422, -14.4273443222, 23.4787311554, -3.7446410656, 1.36281657219, -3.65182828903, -0.562305450439, -5.3470697403, 1.51558589935, -7.65007829666, -1.43977236748, -3.71834778786],
        "cov": [[4136.48291016, -536.085266113, 173.955886841, 120.800842285, -176.427825928, -33.1022872925, 78.0163116455, 32.5490188599, -149.352981567, 38.1405677795, -41.4437179565, 41.8020820618, -60.6403579712], [-536.085266113, 1038.37219238, -88.0288314819, 153.434494019, -38.5261878967, -131.099441528, -6.19183635712, -72.5998306274, -37.8901023865, 12.3041572571, -34.0469474792, 8.33515167236, 0.481991261244], [173.955886841, -88.0288314819, 534.229980469, 54.9200820923, 27.4315357208, 41.0415306091, -6.8489484787, -5.59935045242, -25.8540496826, -24.049697876, 6.04338693619, 5.51262569427, 2.31107616425], [120.800842285, 153.434494019, 54.9200820923, 244.902389526, 39.0630607605, -63.9541664124, -4.93492794037, -0.435614466667, -13.9166040421, 5.47800970078, -24.013086319, 27.5361442566, 15.6711301804], [-176.427825928, -38.5261878967, 27.4315357208, 39.0630607605, 167.062835693, 0.399695187807, -3.0727314949, 13.3157405853, 27.921546936, 0.242873176932, -3.35294270515, 17.2353610992, 20.3428192139], [-33.1022872925, -131.099441528, 41.0415306091, -63.9541664124, 0.399695187807, 187.769424438, 24.3421936035, 9.39589309692, 14.841591835, -17.3158588409, 38.7200279236, -26.5326366425, -6.75108385086], [78.0163116455, -6.19183635712, -6.8489484787, -4.93492794037, -3.0727314949, 24.3421936035, 160.643157959, 26.5401439667, -21.0537033081, 29.8422298431, -8.46304988861, 15.115852356, -8.24972724915], [32.5490188599, -72.5998306274, -5.59935045242, -0.435614466667, 13.3157405853, 9.39589309692, 26.5401439667, 108.126152039, 25.7558822632, 1.91805565357, -9.63869667053, -5.24916267395, 12.2579021454], [-149.352981567, -37.8901023865, -25.8540496826, -13.9166040421, 27.921546936, 14.841591835, -21.0537033081, 25.7558822632, 109.266265869, 3.21172404289, 7.24969577789, -17.3674316406, 3.18798756599], [38.1405677795, 12.3041572571, -24.049697876, 5.47800970078, 0.242873176932, -17.3158588409, 29.8422298431, 1.91805565357, 3.21172404289, 95.5170135498, 2.82503604889, 14.7464199066, -9.6795425415], [-41.4437179565, -34.0469474792, 6.04338693619, -24.013086319, -3.35294270515, 38.7200279236, -8.46304988861, -9.63869667053, 7.24969577789, 2.82503604889, 87.0595703125, 15.8830757141, 2.87966299057], [41.8020820618, 8.33515167236, 5.51262569427, 27.5361442566, 17.2353610992, -26.5326366425, 15.115852356, -5.24916267395, -17.3674316406, 14.7464199066, 15.8830757141, 96.5238952637, 21.0424995422], [-60.6403579712, 0.481991261244, 2.31107616425, 15.6711301804, 20.3428192139, -6.75108385086, -8.24972724915, 12.2579021454, 3.18798756599, -9.6795425415, 2.87966299057, 21.0424995422, 68.6780700684]],
