{
"lowlevel": {
    "average_loudness": 0.910217702389,
    "barkbands_crest": {
        "dmean": 2.42230153084,
        "dmean2": 3.94093060493,
        "dvar": 5.04571914673,
        "dvar2": 12.5578794479,
        "max": 24.8308372498,
        "mean": 8.62963008881,
        "median": 7.69659328461,
        "min": 2.23412251472,
        "var": 15.6539154053
    },
    "barkbands_flatness_db": {
        "dmean": 0.0167376957834,
        "dmean2": 0.0270412042737,
        "dvar": 0.000231766694924,
        "dvar2": 0.000587552145589,
        "max": 0.386701226234,
        "mean": 0.160971239209,
        "median": 0.153900295496,
        "min": 0.0396164879203,
        "var": 0.00125854148064
    },
    "barkbands_kurtosis": {
        "dmean": 1.61303317547,
        "dmean2": 2.52862930298,
        "dvar": 7.7568116188,
        "dvar2": 19.0457038879,
        "max": 60.373008728,
        "mean": 1.46730256081,
        "median": 0.193334579468,
        "min": -1.90536034107,
        "var": 18.3660449982
    },
    "barkbands_skewness": {
        "dmean": 0.446592211723,
        "dmean2": 0.67963796854,
        "dvar": 0.213325545192,
        "dvar2": 0.47409132123,
        "max": 7.0469326973,
        "mean": 0.927022516727,
        "median": 1.01355600357,
        "min": -6.42109012604,
        "var": 1.24637675285
    },
    "barkbands_spread": {
        "dmean": 6.37588882446,
        "dmean2": 9.57957363129,
        "dvar": 45.2927322388,
        "dvar2": 96.7962036133,
        "max": 124.463088989,
        "mean": 31.2171955109,
        "median": 30.0562267303,
        "min": 1.092441082,
        "var": 240.94758606
    },
    "dissonance": {
        "dmean": 0.0177829544991,
        "dmean2": 0.0299033373594,
        "dvar": 0.000292591197649,
        "dvar2": 0.000790129823145,
        "max": 0.499999642372,
        "mean": 0.46377581358,
        "median": 0.47056210041,
        "min": 0.321640998125,
        "var": 0.000721537217032
    },
    "dynamic_complexity": 2.64420795441,
    "erbbands_crest": {
        "dmean": 2.61632323265,
        "dmean2": 4.2019906044,
        "dvar": 6.45901584625,
        "dvar2": 15.5065221786,
        "max": 30.7701034546,
        "mean": 9.13612270355,
        "median": 7.63557529449,
        "min": 2.43171238899,
        "var": 23.5283660889
    },
    "erbbands_flatness_db": {
        "dmean": 0.0125246308744,
        "dmean2": 0.0191757492721,
        "dvar": 0.000144293633639,
        "dvar2": 0.000331649644068,
        "max": 0.368732988834,
        "mean": 0.202905520797,
        "median": 0.19546289742,
        "min": 0.0739955976605,
        "var": 0.00114221021067
    },
    "erbbands_kurtosis": {
        "dmean": 1.01776957512,
        "dmean2": 1.60872805119,
        "dvar": 3.52263188362,
        "dvar2": 8.12345981598,
        "max": 50.5897827148,
        "mean": 0.318524718285,
        "median": -0.609450101852,
        "min": -1.80252504349,
        "var": 8.72903251648
    },
    "erbbands_skewness": {
        "dmean": 0.40292519331,
        "dmean2": 0.600728929043,
        "dvar": 0.171654090285,
        "dvar2": 0.355741143227,
        "max": 4.72825527191,
        "mean": 0.191476345062,
        "median": 0.242745652795,
        "min": -6.71416330338,
        "var": 1.12440633774
    },
    "erbbands_spread": {
        "dmean": 8.49569702148,
        "dmean2": 13.0255708694,
        "dvar": 70.6996002197,
        "dvar2": 160.451644897,
        "max": 116.430603027,
        "mean": 46.9477462769,
        "median": 46.4491882324,
        "min": 5.04526424408,
        "var": 304.761627197
    },
    "hfc": {
        "dmean": 10.905424118,
        "dmean2": 15.5280103683,
        "dvar": 428.843963623,
        "dvar2": 880.290405273,
        "max": 505.963226318,
        "mean": 35.936088562,
        "median": 23.3212375641,
        "min": 1.30030965879e-16,
        "var": 1684.23571777
    },
    "melbands_crest": {
        "dmean": 3.19593930244,
        "dmean2": 5.19188404083,
        "dvar": 8.13346767426,
        "dvar2": 20.4831218719,
        "max": 31.7604084015,
        "mean": 12.0376806259,
        "median": 11.0200128555,
        "min": 1.00119018555,
        "var": 24.9008522034
    },
    "melbands_flatness_db": {
        "dmean": 0.0197018440813,
        "dmean2": 0.0301767233759,
        "dvar": 0.000324225402437,
        "dvar2": 0.000755532295443,
        "max": 0.4220097363,
        "mean": 0.144148513675,
        "median": 0.138867229223,
        "min": -1.2080109002e-07,
        "var": 0.00251443404704
    },
    "melbands_kurtosis": {
        "dmean": 3.5618751049,
        "dmean2": 5.64766216278,
        "dvar": 24.7992839813,
        "dvar2": 60.107257843,
        "max": 125.178497314,
        "mean": 7.24619340897,
        "median": 5.66807079315,
        "min": -1.93994021416,
        "var": 56.0640792847
    },
    "melbands_skewness": {
        "dmean": 0.518516838551,
        "dmean2": 0.804017841816,
        "dvar": 0.260439753532,
        "dvar2": 0.626401007175,
        "max": 8.86206817627,
        "mean": 2.13243055344,
        "median": 2.076618433,
        "min": -2.88464593887,
        "var": 0.974490642548
    },
    "melbands_spread": {
        "dmean": 12.5500154495,
        "dmean2": 19.2423667908,
        "dvar": 321.243530273,
        "dvar2": 701.91619873,
        "max": 289.835327148,
        "mean": 44.601272583,
        "median": 32.2604179382,
        "min": 1.33065783978,
        "var": 1533.56201172
    },
    "pitch_salience": {
        "dmean": 0.060735527426,
        "dmean2": 0.0969428345561,
        "dvar": 0.00282077724114,
        "dvar2": 0.00710873259231,
        "max": 0.997714996338,
        "mean": 0.589221119881,
        "median": 0.598211109638,
        "min": 0.168332740664,
        "var": 0.00998020730913
    },
    "silence_rate_20dB": {
        "dmean": 0,
        "dmean2": 0,
        "dvar": 0,
        "dvar2": 0,
        "max": 1,
        "mean": 1,
        "median": 1,
        "min": 1,
        "var": 0
    },
    "silence_rate_30dB": {
        "dmean": 0,
        "dmean2": 0,
        "dvar": 0,
        "dvar2": 0,
        "max": 1,
        "mean": 1,
        "median": 1,
        "min": 1,
        "var": 0
    },
    "silence_rate_60dB": {
        "dmean": 0.0119016813114,
        "dmean2": 0.0238064434379,
        "dvar": 0.0117615200579,
        "dvar2": 0.025566842407,
        "max": 1,
        "mean": 0.04566032812,
        "median": 0,
        "min": 0,
        "var": 0.0435757189989
    },
    "spectral_centroid": {
        "dmean": 325.028289795,
        "dmean2": 491.176879883,
        "dvar": 128173.46875,
        "dvar2": 267210.09375,
        "max": 10912.171875,
        "mean": 1976.29748535,
        "median": 1840.44616699,
        "min": 296.967773438,
        "var": 843327.8125
    },
    "spectral_complexity": {
        "dmean": 3.26468300819,
        "dmean2": 5.02833461761,
        "dvar": 10.7945518494,
        "dvar2": 22.1742248535,
        "max": 58,
        "mean": 21.31341362,
        "median": 20,
        "min": 0,
        "var": 96.4126434326
    },
    "spectral_decrease": {
        "dmean": 1.29957022921e-09,
        "dmean2": 1.98098448756e-09,
        "dvar": 2.36406936938e-18,
        "dvar2": 5.67759443023e-18,
        "max": 3.71460698665e-29,
        "mean": -4.51600401519e-09,
        "median": -4.22135437717e-09,
        "min": -2.75031570851e-08,
        "var": 7.19214600179e-18
    },
    "spectral_energy": {
        "dmean": 0.00562295503914,
        "dmean2": 0.00847630482167,
        "dvar": 4.35876572737e-05,
        "dvar2": 0.000101290643215,
        "max": 0.109988600016,
        "mean": 0.020303979516,
        "median": 0.0186811536551,
        "min": 1.1653984476e-20,
        "var": 0.000151213273057
    },
    "spectral_energyband_high": {
        "dmean": 0.0013804580085,
        "dmean2": 0.00195474037901,
        "dvar": 8.9651421149e-06,
        "dvar2": 1.80851693585e-05,
        "max": 0.0643596798182,
        "mean": 0.00366552639753,
        "median": 0.00150615687016,
        "min": 8.16778089336e-21,
        "var": 3.41852974088e-05
    },
    "spectral_energyband_low": {
        "dmean": 0.000708860985469,
        "dmean2": 0.00115245685447,
        "dvar": 2.04536922865e-06,
        "dvar2": 5.25214181835e-06,
        "max": 0.0317167453468,
        "mean": 0.00137543701567,
        "median": 0.000853137811646,
        "min": 1.01462324064e-22,
        "var": 3.27198358718e-06
    },
    "spectral_energyband_middle_high": {
        "dmean": 0.00129194988403,
        "dmean2": 0.00195378484204,
        "dvar": 2.49842810263e-06,
        "dvar2": 5.67201959711e-06,
        "max": 0.0283215623349,
        "mean": 0.00428339932114,
        "median": 0.00352253811434,
        "min": 1.52806047948e-21,
        "var": 1.13240575956e-05
    },
    "spectral_energyband_middle_low": {
        "dmean": 0.00439263880253,
        "dmean2": 0.00689132558182,
        "dvar": 3.12300908263e-05,
        "dvar2": 7.86770906416e-05,
        "max": 0.104797206819,
        "mean": 0.0117241395637,
        "median": 0.00996222347021,
        "min": 4.59344895112e-22,
        "var": 7.10098902346e-05
    },
    "spectral_entropy": {
        "dmean": 0.112613543868,
        "dmean2": 0.167572245002,
        "dvar": 0.0125086428598,
        "dvar2": 0.0249381288886,
        "max": 9.8021736145,
        "mean": 7.72376298904,
        "median": 7.75381755829,
        "min": 5.66694307327,
        "var": 0.116580843925
    },
    "spectral_flux": {
        "dmean": 0.0167407095432,
        "dmean2": 0.0259755775332,
        "dvar": 0.000285335525405,
        "dvar2": 0.000636088720057,
        "max": 0.236486628652,
        "mean": 0.0776640251279,
        "median": 0.0743948966265,
        "min": 1.07953625206e-10,
        "var": 0.00113552634139
    },
    "spectral_kurtosis": {
        "dmean": 0.96192085743,
        "dmean2": 1.65909051895,
        "dvar": 1.26050114632,
        "dvar2": 3.59099125862,
        "max": 25.257648468,
        "mean": 0.90665024519,
        "median": 0.429117918015,
        "min": -1.35961186886,
        "var": 2.86654186249
    },
    "spectral_rms": {
        "dmean": 0.000598744023591,
        "dmean2": 0.000885041954461,
        "dvar": 3.59886996648e-07,
        "dvar2": 7.87747239883e-07,
        "max": 0.0103588588536,
        "mean": 0.00421537365764,
        "median": 0.00426913518459,
        "min": 3.37190475194e-12,
        "var": 2.03926992981e-06
    },
    "spectral_rolloff": {
        "dmean": 772.150756836,
        "dmean2": 1247.03601074,
        "dvar": 1120004.875,
        "dvar2": 2283023.5,
        "max": 19186.0839844,
        "mean": 3201.39379883,
        "median": 2691.65039062,
        "min": 258.3984375,
        "var": 5156843
    },
    "spectral_skewness": {
        "dmean": 0.177622064948,
        "dmean2": 0.279047042131,
        "dvar": 0.030808320269,
        "dvar2": 0.0683076232672,
        "max": 3.54767870903,
        "mean": 0.670111358166,
        "median": 0.639109551907,
        "min": -0.752503335476,
        "var": 0.180087432265
    },
    "spectral_spread": {
        "dmean": 317235.71875,
        "dmean2": 484296.46875,
        "dvar": 210633326592,
        "dvar2": 288620478464,
        "max": 38769036,
        "mean": 4453260,
        "median": 4408667.5,
        "min": 1831764.125,
        "var": 833463123968
    },
    "spectral_strongpeak": {
        "dmean": 0.767872095108,
        "dmean2": 1.29887998104,
        "dvar": 2.30027318001,
        "dvar2": 6.27646303177,
        "max": 30.8449172974,
        "mean": 1.38272106647,
        "median": 0.963052451611,
        "min": 0,
        "var": 2.67868733406
    },
    "zerocrossingrate": {
        "dmean": 0.0131989428774,
        "dmean2": 0.0147406728938,
        "dvar": 0.000225889132707,
        "dvar2": 0.000255127786659,
        "max": 0.517578125,
        "mean": 0.104401744902,
        "median": 0.0927734375,
        "min": 0.01318359375,
        "var": 0.00325929210521
    },
    "barkbands": {
        "dmean": [1.78614152446e-06, 0.000131561522721, 0.000423231569584, 0.000508107827045, 0.00118421926163, 0.00126985891256, 0.000705942860804, 0.00190826063044, 0.0010749285575, 0.00046460723388, 0.000332850555424, 0.000338846119121, 0.00021028064657, 0.000177613415872, 0.000151458589244, 0.000133247231133, 0.000219424342504, 0.000126399158034, 0.000232934195083, 0.000294546334771, 0.000387050356949, 0.000404792430345, 0.000494835723657, 0.00031218395452, 3.03861270368e-06, 3.59568463892e-09, 8.66600735616e-10],
        "dmean2": [3.13515579364e-06, 0.00021473185916, 0.000698357995134, 0.000849894946441, 0.00193082774058, 0.0020285777282, 0.00113089976367, 0.00302016153, 0.00165902113076, 0.000733490509447, 0.000529962824658, 0.0005466286093, 0.000343021703884, 0.000285727641312, 0.000243007947574, 0.000210917700315, 0.000349344889401, 0.000200402428163, 0.000367937725969, 0.000461541581899, 0.000602552958298, 0.000598141225055, 0.00074071000563, 0.000477403256809, 4.84048950966e-06, 5.85510351314e-09, 1.60197854981e-09],
        "dvar": [1.30497218934e-11, 8.83164972265e-08, 8.96045833088e-07, 1.04379830645e-06, 4.01139141104e-06, 4.5673718887e-06, 1.95069537767e-06, 1.40314896271e-05, 7.13853842171e-06, 9.34631373184e-07, 5.81121241794e-07, 4.43271318318e-07, 1.93810350879e-07, 8.96434073638e-08, 9.54923464747e-08, 6.78726124193e-08, 1.44438999428e-07, 4.93285163827e-08, 1.69163143937e-07, 2.99611087939e-07, 6.74576597248e-07, 6.8010507448e-07, 1.40443933105e-06, 1.72732723058e-06, 1.27135788008e-10, 1.23742373248e-17, 1.5379606795e-18],
        "dvar2": [3.59090639168e-11, 2.36648276086e-07, 2.36647792917e-06, 2.85016335511e-06, 1.03807833511e-05, 1.16658102343e-05, 4.86513818032e-06, 3.51551643689e-05, 1.64528064488e-05, 2.24667155635e-06, 1.42717999552e-06, 1.06981281078e-06, 4.82710618144e-07, 2.07920436424e-07, 2.28733483709e-07, 1.52899772843e-07, 3.35616192615e-07, 1.14284681274e-07, 3.62480449212e-07, 7.14957991477e-07, 1.65026267496e-06, 1.4736472167e-06, 2.96313237413e-06, 4.18647687184e-06, 3.07710718017e-10, 3.20823754202e-17, 4.8078280782e-18],
        "max": [7.10511376383e-05, 0.00722796935588, 0.024666454643, 0.0147234871984, 0.0320804528892, 0.0488387793303, 0.0378925949335, 0.100585922599, 0.0690660998225, 0.025831464678, 0.0141106359661, 0.0137589536607, 0.0135186910629, 0.0050769536756, 0.00611884472892, 0.00731594720855, 0.0139104807749, 0.00474367057905, 0.0161088313907, 0.0167791154236, 0.0123758614063, 0.0163191910833, 0.0276989992708, 0.0497356578708, 0.000276898266748, 5.9977303124e-08, 1.25014656405e-08],
        "mean": [1.81922519005e-06, 0.000232796039199, 0.000668411608785, 0.000823820184451, 0.00209983042441, 0.00226058019325, 0.00111384678166, 0.00320900348015, 0.00179711112287, 0.000784309289884, 0.000524497649167, 0.000532146252226, 0.000331057555741, 0.000293153891107, 0.000257710751612, 0.00024929139181, 0.00040893710684, 0.000252212077612, 0.000495562562719, 0.000661616912112, 0.000797902350314, 0.000876853009686, 0.0010470963316, 0.000579565647058, 4.77063349535e-06, 8.57806714549e-09, 7.02013447373e-10],
        "median": [7.52772336909e-07, 0.000124607118778, 0.000353308947524, 0.000450957159046, 0.00137730839197, 0.0013026437955, 0.000555557315238, 0.00111261080019, 0.000491257058457, 0.000330296054017, 0.000179539012606, 0.000204840136576, 0.000155186717166, 0.000153492437676, 0.000123290970805, 0.000112458597869, 0.00023410837457, 0.00013834706624, 0.000277553132037, 0.000317465863191, 0.000334498530719, 0.000325244473061, 0.000322985171806, 0.00015608780086, 2.75226227586e-07, 8.71325411822e-09, 2.76473566263e-10],
        "min": [1.94352576298e-23, 6.20215696548e-23, 3.08697522748e-23, 1.19223654746e-24, 3.88346000003e-23, 1.80425678778e-22, 3.95288670167e-23, 5.9408736119e-23, 1.34796070754e-22, 5.23443415623e-23, 5.01975828265e-23, 9.00546317569e-23, 4.95444154633e-23, 7.63137287061e-23, 1.58915044858e-22, 1.45807029135e-22, 1.51136409327e-22, 2.66134709311e-22, 2.82889812016e-22, 3.01979968243e-22, 2.92904028865e-22, 7.11459539275e-22, 6.52534987047e-22, 9.60890137851e-22, 1.63500416884e-21, 1.74533130154e-21, 2.43242556541e-21],
        "var": [1.26736451195e-11, 1.30638753149e-07, 1.15981822546e-06, 1.38799805427e-06, 5.93741197008e-06, 8.55073903949e-06, 3.01631962429e-06, 2.72655233857e-05, 1.55878278747e-05, 2.09745053326e-06, 1.12622751658e-06, 8.5610588485e-07, 3.3286693224e-07, 1.79414271884e-07, 1.9091172021e-07, 1.77118877787e-07, 3.8338347963e-07, 1.29193836074e-07, 5.42887278243e-07, 8.74936233686e-07, 1.51009817273e-06, 2.21157574742e-06, 4.29457077189e-06, 2.70692748927e-06, 2.6612562154e-10, 2.69532617067e-17, 1.24538276094e-18]
    },
    "erbbands": {
        "dmean": [0.00165362516418, 0.0398034155369, 0.350714564323, 1.21110534668, 2.56509113312, 4.11127471924, 9.36608219147, 10.4557332993, 8.9000082016, 24.6649436951, 36.1486625671, 28.41223526, 16.129901886, 8.92290306091, 15.5663175583, 13.8471851349, 10.0202255249, 8.63061141968, 8.16857814789, 7.0390048027, 7.36499547958, 9.72574043274, 7.02428483963, 11.0701818466, 11.0254573822, 14.4567890167, 14.1866340637, 15.9081039429, 14.0702486038, 15.8818473816, 14.744843483, 11.1427497864, 2.17480778694, 0.136784210801, 0.00461861537769, 0.000416667287936, 7.78866451583e-05, 2.04024163395e-05, 9.11125334824e-06, 9.21145328903e-06],
        "dmean2": [0.00267259497195, 0.0645055547357, 0.574089825153, 1.99971020222, 4.29405069351, 6.70520114899, 15.0090932846, 16.8747119904, 14.083032608, 39.6292076111, 56.5912284851, 43.6459159851, 25.3605289459, 13.8130578995, 25.099067688, 22.3244991302, 16.3429775238, 13.8975086212, 13.0063085556, 11.1092977524, 11.6682481766, 15.198551178, 10.9973526001, 17.6028289795, 17.0569038391, 22.762752533, 22.3250083923, 24.3151340485, 21.2067832947, 23.956445694, 22.2240352631, 17.0814838409, 3.26091051102, 0.200583592057, 0.0067283520475, 0.00060651556123, 0.000113810805487, 2.93275679724e-05, 1.30631797219e-05, 1.35333884828e-05],
        "dvar": [1.45209805851e-05, 0.00793944019824, 0.596504092216, 6.1069817543, 35.8713264465, 48.7299423218, 271.470672607, 396.128143311, 265.307037354, 3078.64038086, 5189.52929688, 5536.57324219, 1103.68896484, 445.565704346, 1346.88134766, 811.956604004, 463.335571289, 208.220626831, 241.514572144, 210.268661499, 183.306365967, 392.956390381, 144.920654297, 467.318084717, 328.962860107, 787.831237793, 817.415588379, 1198.84655762, 887.32043457, 1135.3737793, 1477.48364258, 2232.91333008, 52.7393951416, 0.212563827634, 0.000240690744249, 1.88590377093e-06, 5.93356261902e-08, 3.79764308889e-09, 4.62783061872e-10, 1.95089527866e-10],
        "dvar2": [3.64285078831e-05, 0.0211268458515, 1.55267226696, 16.2951488495, 98.8249969482, 125.616325378, 683.078430176, 973.453430176, 674.976135254, 7770.203125, 12965.2080078, 12604.828125, 2608.99804688, 1035.23706055, 3518.70507812, 2013.03857422, 1150.15319824, 490.977508545, 582.918273926, 476.024780273, 412.495300293, 880.879455566, 330.135162354, 1024.67224121, 739.929931641, 1913.2064209, 1998.4810791, 2858.36328125, 1996.34619141, 2549.56835938, 3157.43701172, 5414.01611328, 124.595954895, 0.500992953777, 0.000548800860997, 4.28399062002e-06, 1.33261181645e-07, 8.37423996813e-09, 1.00164376793e-09, 4.21097323677e-10],
        "max": [0.0980004221201, 2.12626767159, 19.1630401611, 50.6640815735, 115.445472717, 122.927650452, 497.954772949, 576.079345703, 342.064575195, 1277.09558105, 1392.28381348, 2079.68701172, 1086.06872559, 785.397277832, 719.218322754, 703.782775879, 747.702392578, 263.066192627, 329.006713867, 605.804504395, 402.382751465, 978.633728027, 316.539489746, 677.928039551, 656.256591797, 853.97869873, 449.854309082, 609.887329102, 727.888244629, 709.337097168, 873.318237305, 1820.50305176, 198.477905273, 13.3452587128, 0.412017405033, 0.0423886850476, 0.00788105279207, 0.00196923711337, 0.000656973978039, 0.00035193678923],
        "mean": [0.00297303264961, 0.0731969028711, 0.595412611961, 2.13394427299, 4.07153558731, 6.89685583115, 15.3103990555, 18.171497345, 16.2788028717, 39.5745353699, 63.3248672485, 49.8217773438, 28.2758846283, 16.5253810883, 26.2265357971, 23.2908325195, 17.2699279785, 15.3752231598, 14.8794794083, 13.8352546692, 15.3274469376, 19.5849819183, 15.4605073929, 22.4237957001, 24.5957565308, 32.0426025391, 30.4173469543, 32.6728019714, 30.4502048492, 32.4009170532, 30.3239994049, 20.4931735992, 4.42642211914, 0.287955611944, 0.0103039005771, 0.000991140143014, 0.000202111579711, 5.15049032401e-05, 2.80137828668e-05, 3.26811168634e-05],
        "median": [0.0015695480397, 0.0408548489213, 0.322432368994, 1.23522901535, 2.13399839401, 4.35170555115, 8.6983833313, 9.32424259186, 9.02246379852, 14.4994468689, 23.7654438019, 15.4427261353, 13.0268917084, 7.2876958847, 9.57047271729, 10.3075256348, 9.10322666168, 9.01091098785, 8.01263713837, 7.523021698, 8.3107509613, 10.7617301941, 9.02557086945, 12.0317325592, 13.9278516769, 15.3229808807, 14.0414686203, 13.0312013626, 10.9055747986, 10.9302692413, 8.57431602478, 5.5385928154, 1.03955996037, 0.0493562109768, 0.00229172036052, 0.00030649828841, 8.23293521535e-05, 1.93609903363e-05, 1.68652986758e-05, 2.64660684479e-05],
        "min": [1.21586432075e-21, 1.59784653313e-20, 4.45542806999e-20, 9.95438277214e-21, 1.05299251873e-20, 1.17074671956e-19, 9.34355612787e-19, 1.49668964021e-18, 8.92910141785e-19, 4.37293063332e-19, 1.61170507188e-18, 2.51998236829e-18, 2.16840951485e-18, 2.80794523942e-18, 2.31369034776e-18, 3.10592464738e-18, 2.97731481254e-18, 4.12203207107e-18, 5.47268194016e-18, 6.58900312224e-18, 1.15829381529e-17, 8.93854595929e-18, 1.41040630644e-17, 1.72130495208e-17, 1.01835396351e-17, 1.58972830989e-17, 1.10522207262e-17, 1.35198154716e-17, 2.41619440383e-17, 2.14564926806e-17, 2.09508173199e-17, 1.85816578946e-17, 1.8484786773e-17, 2.05813322838e-17, 9.38949422357e-18, 6.48791131163e-18, 3.29949380291e-18, 1.38856762157e-18, 3.11596377659e-19, 3.60548997395e-20],
        "var": [2.24467275984e-05, 0.0119696808979, 0.836845934391, 8.84128761292, 40.1943016052, 71.9739379883, 432.773742676, 783.828674316, 488.140960693, 5426.29931641, 11191.6513672, 12147.2773438, 2545.08178711, 1054.31542969, 2777.42919922, 1570.37438965, 819.755981445, 427.359313965, 485.200836182, 536.828308105, 495.369445801, 1176.92492676, 442.026397705, 1313.46325684, 1036.28894043, 2127.77246094, 1843.53637695, 2978.76342773, 2646.01635742, 3446.76586914, 4140.17333984, 3369.37426758, 125.466316223, 0.646569013596, 0.000706972437911, 4.95877111462e-06, 1.51913141622e-07, 1.02266923818e-08, 1.41961864486e-09, 7.23268611669e-10]
    },
    "gfcc": {
        "mean": [-19.3389606476, 97.5830230713, -168.234725952, 57.3233757019, -107.275344849, 3.46858429909, -32.4376564026, -20.0695724487, -2.58682465553, -24.9168014526, 0.976655244827, -19.1162147522, -6.61825656891],
        "cov": [[6235.79492188, 447.962860107, -354.743041992, 412.093078613, -426.178161621, -9.37491893768, -35.9480209351, -230.135787964, 90.5469512939, -268.67086792, 32.3969688416, -229.749130249, -33.859790802], [447.962860107, 1331.05151367, -139.92074585, -226.156509399, 262.374786377, -202.92427063, 191.947189331, -45.3336830139, 83.1665649414, 1.26219165325, 47.1127738953, -46.3513717651, -34.2870826721], [-354.743041992, -139.92074585, 540.131591797, 262.319030762, 65.4125213623, 248.233810425, -19.5565929413, 52.5995826721, -14.3862037659, 24.3137817383, -13.2544803619, -8.6114358902, -25.1142539978], [412.093078613, -226.156509399, 262.319030762, 448.18057251, 83.7184066772, 165.587417603, -31.3190937042, 0.0875753611326, 3.15800619125, -13.6577663422, -44.7340126038, -10.1086959839, 2.50347781181], [-426.178161621, 262.374786377, 65.4125213623, 83.7184066772, 282.300506592, 46.522315979, 40.1531562805, 45.5616493225, 24.0236034393, 29.7847270966, -2.34515237808, 5.09725570679, -1.36154234409], [-9.37491893768, -202.92427063, 248.233810425, 165.587417603, 46.522315979, 313.034118652, 50.436668396, 67.7935256958, -11.232219696, 8.68325901031, -0.523398339748, -21.7807826996, -31.9478473663], [-35.9480209351, 191.947189331, -19.5565929413, -31.3190937042, 40.1531562805, 50.436668396, 251.825576782, 49.5758247375, 2.28838348389, 22.1929397583, 0.362812101841, -10.5967121124, -38.5312309265], [-230.135787964, -45.3336830139, 52.5995826721, 0.0875753611326, 45.5616493225, 67.7935256958, 49.5758247375, 131.740142822, 19.2056484222, 7.79842472076, 17.0390377045, -7.16896152496, -3.77461123466], [90.5469512939, 83.1665649414, -14.3862037659, 3.15800619125, 24.0236034393, -11.232219696, 2.28838348389, 19.2056484222, 133.285949707, 40.0737075806, -5.21694517136, 3.57518792152, -2.68676042557], [-268.67086792, 1.26219165325, 24.3137817383, -13.6577663422, 29.7847270966, 8.68325901031, 22.1929397583, 7.79842472076, 40.0737075806, 101.57522583, 20.8062133789, 10.1780910492, 10.7900695801], [32.3969688416, 47.1127738953, -13.2544803619, -44.7340126038, -2.34515237808, -0.523398339748, 0.362812101841, 17.0390377045, -5.21694517136, 20.8062133789, 84.3021240234, 25.6110134125, 1.16372060776], [-229.749130249, -46.3513717651, -8.6114358902, -10.1086959839, 5.09725570679, -21.7807826996, -10.5967121124, -7.16896152496, 3.57518792152, 10.1780910492, 25.6110134125, 84.7700500488, 35.3028373718], [-33.859790802, -34.2870826721, -25.1142539978, 2.50347781181, -1.36154234409, -31.9478473663, -38.5312309265, -3.77461123466, -2.68676042557, 10.7900695801, 1.16372060776, 35.3028373718, 81.6694946289]],
        "icov": [[0.000690528075211, -0.000851662072819, 0.00114657881204, -0.00181202357635, 0.00204703700729, -0.00094632973196, 0.000245141709456, 0.000438363902504, -0.000771621183958, 0.00122758909129, -0.00144725781865, 0.00163746858016, -0.000738046190236], [-0.000851662072819, 0.00433802045882, -0.00327169615775, 0.00438204267994, -0.0066913110204, 0.0036983853206, -0.00392644153908, 0.00389139167964, -0.00261975917965, 0.00279071484692, -0.00288820709102, 0.00276736007072, -0.00161967508029], [0.00114657881204, -0.00327169615775, 0.00673440285027, -0.00561995152384, 0.00576767744496, -0.00504008913413, 0.00351329916157, -0.00279638590291, 0.00173046044074, -0.00208983919583, 0.00103513360955, -0.00096280220896, 0.00173232657835], [-0.00181202357635, 0.00438204267994, -0.00561995152384, 0.0100477738306, -0.00902553647757, 0.00283368490636, -0.00276485458016, 0.00306525197811, -0.00104930158705, 0.000842645415105, 0.00188203842845, -0.000947567110416, -0.000915567739867], [0.00204703700729, -0.0066913110204, 0.00576767744496, -0.00902553647757, 0.015562037006, -0.00575795583427, 0.00489379186183, -0.00573447300121, 0.00213272077963, -0.00301330932416, 0.00200534262694, -0.00178686692379, 0.00135273393244], [-0.00094632973196, 0.0036983853206, -0.00504008913413, 0.00283368490636, -0.00575795583427, 0.00949451699853, -0.00413439236581, 0.000777540437412, -0.00105040322524, 0.00141769787297, -0.00229902751744, 0.00213960418478, 0.000113085283374], [0.000245141709456, -0.00392644153908, 0.00351329916157, -0.00276485458016, 0.00489379186183, -0.00413439236581, 0.00941021181643, -0.00669535668567, 0.00469480827451, -0.00626232661307, 0.00614463398233, -0.00585172558203, 0.0056366128847], [0.000438363902504, 0.00389139167964, -0.00279638590291, 0.00306525197811, -0.00573447300121, 0.000777540437412, -0.00669535668567, 0.0172003917396, -0.00784415192902, 0.00890143029392, -0.0103159602731, 0.00977232772857, -0.0068050683476], [-0.000771621183958, -0.00261975917965, 0.00173046044074, -0.00104930158705, 0.00213272077963, -0.00105040322524, 0.00469480827451, -0.00784415192902, 0.0144378729165, -0.0108925895765, 0.00919540133327, -0.00857140589505, 0.00610982161015], [0.00122758909129, 0.00279071484692, -0.00208983919583, 0.000842645415105, -0.00301330932416, 0.00141769787297, -0.00626232661307, 0.00890143029392, -0.0108925895765, 0.0219272170216, -0.0129501102492, 0.0106127252802, -0.00868500489742], [-0.00144725781865, -0.00288820709102, 0.00103513360955, 0.00188203842845, 0.00200534262694, -0.00229902751744, 0.00614463398233, -0.0103159602731, 0.00919540133327, -0.0129501102492, 0.0258763488382, -0.01625068672, 0.00867370143533], [0.00163746858016, 0.00276736007072, -0.00096280220896, -0.000947567110416, -0.00178686692379, 0.00213960418478, -0.00585172558203, 0.00977232772857, -0.00857140589505, 0.0106127252802, -0.01625068672, 0.027880044654, -0.0134324105456], [-0.000738046190236, -0.00161967508029, 0.00173232657835, -0.000915567739867, 0.00135273393244, 0.000113085283374, 0.0056366128847, -0.0068050683476, 0.00610982161015, -0.00868500489742, 0.00867370143533, -0.0134324105456, 0.0212620869279]]
    },
    "melbands": {
        "dmean": [2.48979922617e-05, 0.000137374780024, 0.000227583106607, 0.000221681169933, 0.000297717662761, 0.000232139296713, 0.000134218833409, 0.000307814450935, 0.000294555939035, 0.000163279022672, 7.89747646195e-05, 3.67544016626e-05, 4.78793081129e-05, 4.13746092818e-05, 2.8288908652e-05, 1.92152147065e-05, 1.78067257366e-05, 1.39138910527e-05, 9.75721559371e-06, 1.0967716662e-05, 1.01678479041e-05, 1.22345418276e-05, 9.69545999396e-06, 5.22308755535e-06, 1.049470211e-05, 8.32303976495e-06, 9.34543004405e-06, 1.0426733752e-05, 9.11056213226e-06, 1.0758542885e-05, 9.61369460128e-06, 8.61173703015e-06, 8.43882571644e-06, 9.41232610785e-06, 9.36262949836e-06, 8.39628228277e-06, 6.46834359941e-06, 1.83255917818e-06, 3.79426495556e-07, 1.63921551888e-08],
        "dmean2": [4.04033671657e-05, 0.000224645220442, 0.000375363859348, 0.000368375098333, 0.000478219270008, 0.000371937232558, 0.000212584636756, 0.00049223320093, 0.000458157999674, 0.000251038232818, 0.000124378784676, 5.71054879401e-05, 7.64118740335e-05, 6.69238143018e-05, 4.56202906207e-05, 3.14548924507e-05, 2.8738142646e-05, 2.22239777941e-05, 1.55081852427e-05, 1.73962434928e-05, 1.63612185133e-05, 1.94485146494e-05, 1.52965531015e-05, 8.34058300825e-06, 1.68491660588e-05, 1.30286753119e-05, 1.46838892761e-05, 1.65793626365e-05, 1.43480037877e-05, 1.70596194948e-05, 1.49759753185e-05, 1.32425730044e-05, 1.27902794702e-05, 1.44356672536e-05, 1.43838660733e-05, 1.28365709315e-05, 1.01444175016e-05, 2.80793801721e-06, 5.73458464714e-07, 2.57036969487e-08],
        "dvar": [3.06710834508e-09, 9.09603201649e-08, 2.08322106232e-07, 1.87844037214e-07, 2.37904941969e-07, 1.7218953019e-07, 6.27345855264e-08, 4.84359475195e-07, 3.52658275915e-07, 1.93764435608e-07, 2.81962808657e-08, 8.20839218818e-09, 1.19594583126e-08, 6.44763442637e-09, 2.85351053897e-09, 1.44148493142e-09, 9.23927268026e-10, 6.55567267138e-10, 4.62687083091e-10, 4.41217756775e-10, 3.40373090824e-10, 6.87536472199e-10, 3.40059619353e-10, 7.21431872575e-11, 4.50322196199e-10, 2.46608511389e-10, 3.48643114378e-10, 3.95831312172e-10, 2.92806834334e-10, 6.35476726796e-10, 4.33036828618e-10, 3.50037443475e-10, 3.44324485591e-10, 3.95681543086e-10, 5.45641420935e-10, 7.19561077389e-10, 8.90091944594e-10, 3.45060889584e-11, 1.93371273854e-12, 4.85436657302e-15],
        "dvar2": [8.06397970621e-09, 2.36945808751e-07, 5.58752390134e-07, 5.05304512899e-07, 5.9873968894e-07, 4.29066602692e-07, 1.60216316658e-07, 1.22817527881e-06, 8.79396907294e-07, 4.39680775344e-07, 6.69529569564e-08, 1.91848741338e-08, 2.96527407073e-08, 1.60844280117e-08, 7.0225660842e-09, 3.62784646768e-09, 2.15250461899e-09, 1.55706092464e-09, 1.05588338073e-09, 9.9645547369e-10, 8.0424611415e-10, 1.58646129567e-09, 7.62057694725e-10, 1.73384515079e-10, 9.91117521387e-10, 5.22244580914e-10, 7.91360699193e-10, 9.89897386283e-10, 7.00652647012e-10, 1.63659064079e-09, 1.02475039565e-09, 8.26727408754e-10, 8.05477684551e-10, 9.0947960274e-10, 1.22968168981e-09, 1.5855295965e-09, 2.24975815755e-09, 8.22902371245e-11, 5.03025182272e-12, 1.17870724777e-14],
        "max": [0.00124698434956, 0.00774981686845, 0.00737599655986, 0.00694424891844, 0.0147324055433, 0.0113598546013, 0.00519763352349, 0.018785873428, 0.012628884986, 0.0115006798878, 0.00531892711297, 0.00321008940227, 0.00202470622025, 0.00138644617982, 0.00122511480004, 0.00114075711463, 0.000589415023569, 0.000502048525959, 0.000489492318593, 0.000607502181083, 0.000372548820451, 0.00123262952548, 0.000441490818048, 0.000183002295671, 0.000655902549624, 0.000929810572416, 0.000681214150973, 0.000519326131325, 0.000377482821932, 0.000476917455671, 0.000377760385163, 0.000518655462656, 0.000487601268105, 0.00048562255688, 0.000522540998645, 0.000723865348846, 0.00117949955165, 0.000176901492523, 5.55966980755e-05, 1.86436932381e-06],
        "mean": [4.49823055533e-05, 0.000241464294959, 0.000414611364249, 0.00037341035204, 0.000506015785504, 0.000414521928178, 0.000235589352087, 0.000494645151775, 0.000513949722517, 0.000277204875601, 0.000131392240291, 6.3308107201e-05, 7.89413024904e-05, 6.74600742059e-05, 4.68207399535e-05, 3.11690382659e-05, 2.89321942546e-05, 2.39231158048e-05, 1.7104730432e-05, 2.06071981665e-05, 1.85345415957e-05, 2.2286641979e-05, 1.80466631718e-05, 1.0630147699e-05, 1.93851483345e-05, 1.63693748618e-05, 1.98941033887e-05, 2.13580533455e-05, 1.81270406756e-05, 1.95939210244e-05, 1.86262604984e-05, 1.71553274413e-05, 1.66658210219e-05, 1.81361392606e-05, 1.80498391273e-05, 1.56644036906e-05, 1.10358450911e-05, 3.49936249222e-06, 7.01539136116e-07, 2.66281663386e-08],
        "median": [2.53455109487e-05, 0.000134494737722, 0.000259123218711, 0.000229730052524, 0.000318032776704, 0.000225688694627, 0.000126781917061, 0.000171168387169, 0.000187637124327, 7.52798878239e-05, 5.38232088729e-05, 2.36946689256e-05, 2.70145319519e-05, 2.77376348095e-05, 2.19190060307e-05, 1.57864706125e-05, 1.51885387822e-05, 1.24628413687e-05, 8.41204837343e-06, 9.91526667349e-06, 1.00063143691e-05, 1.13922496894e-05, 8.96132041817e-06, 6.27277950116e-06, 9.65257459029e-06, 8.78141599969e-06, 9.84026337392e-06, 9.66655807133e-06, 8.22397760203e-06, 7.54408347348e-06, 7.004508916e-06, 6.14662303633e-06, 5.45580905964e-06, 6.0284828578e-06, 4.87164652441e-06, 4.16149623561e-06, 2.95405448014e-06, 7.75020566834e-07, 7.8189934527e-08, 2.2239856623e-09],
        "min": [1.51448025162e-23, 2.3177875666e-23, 1.88772067758e-24, 2.66415603747e-24, 2.78870818139e-23, 3.44569300027e-23, 1.16885630767e-23, 6.19022347214e-24, 1.29589517782e-23, 1.84113950609e-23, 1.10390370955e-23, 1.11573693867e-23, 7.03041279545e-24, 8.00034725513e-24, 9.16452924639e-24, 6.23463476338e-24, 7.15840942162e-24, 6.94615298444e-24, 1.16421078469e-23, 5.84055614273e-24, 1.60982624047e-23, 9.32117098976e-24, 1.00466003785e-23, 1.2563350656e-23, 1.47084519951e-23, 9.10233150832e-24, 8.97686081476e-24, 1.00381248569e-23, 5.75229404592e-24, 7.98134990681e-24, 7.71469283274e-24, 1.21598577693e-23, 1.6560757354e-23, 9.1379343787e-24, 1.23300174332e-23, 1.22874710091e-23, 9.96432770807e-24, 1.08085840038e-23, 1.90779825258e-23, 1.62405555571e-23],
        "var": [4.64608929107e-09, 1.29052892817e-07, 2.93409982532e-07, 2.3041475572e-07, 3.90715200638e-07, 3.4056978393e-07, 1.09555955419e-07, 8.63338186718e-07, 7.58323551509e-07, 4.25057976372e-07, 6.36275956367e-08, 1.89718267762e-08, 2.47884770488e-08, 1.27973605046e-08, 5.65746027803e-09, 2.40375408467e-09, 1.83864301562e-09, 1.28374177955e-09, 9.24890164455e-10, 1.21431020794e-09, 7.55280449294e-10, 1.92404780996e-09, 8.74310790433e-10, 1.89505647286e-10, 1.16279941231e-09, 7.21315063235e-10, 9.79353820263e-10, 9.99364480059e-10, 7.01381452917e-10, 1.05022657237e-09, 1.09883924182e-09, 8.55639281649e-10, 9.79721637151e-10, 1.09466347098e-09, 1.44731171492e-09, 1.50946766198e-09, 1.15586862304e-09, 7.95972870948e-11, 5.07546175227e-12, 1.00408954222e-14]
    },
    "mfcc": {
        "mean": [-627.874633789, 90.8833312988, -8.20725345612, 27.7609939575, -35.5139427185, 9.60335254669, -28.4536876678, 7.50321340561, -21.8819599152, 9.25344181061, -16.6291294098, 8.11463165283, -12.3006668091],
        "cov": [[5574.29345703, -339.044616699, 177.951187134, 347.459411621, -215.766418457, 229.239807129, -127.717163086, 153.125640869, -136.794708252, 79.7163085938, -133.281814575, 25.1600341797, -193.640701294], [-339.044616699, 1299.4654541, -322.017791748, 47.7056503296, -15.9716815948, -47.8351135254, 78.3431930542, -9.82218360901, 48.5399169922, 5.27089834213, 107.737953186, 43.0744476318, 91.2612228394], [177.951187134, -322.017791748, 572.809204102, 44.1712608337, 142.356689453, 154.631225586, 76.8746566772, 57.1822967529, 28.8035697937, 29.3829116821, 1.56891417503, 28.3635787964, -13.4436197281], [347.459411621, 47.7056503296, 44.1712608337, 284.631652832, 85.0331268311, 89.9889068604, -13.3309202194, 28.6429767609, 36.559135437, 5.3123292923, -6.1209602356, -6.7699098587, -6.86082029343], [-215.766418457, -15.9716815948, 142.356689453, 85.0331268311, 333.809204102, 73.8177261353, 22.7097549438, 21.567358017, 38.6043891907, 28.2426719666, -10.78647995, 21.2307243347, -4.70032548904], [229.239807129, -47.8351135254, 154.631225586, 89.9889068604, 73.8177261353, 229.351394653, 47.3759307861, 53.6271286011, 45.6064949036, 37.5163650513, 30.5497131348, 20.8892192841, -6.09651327133], [-127.717163086, 78.3431930542, 76.8746566772, -13.3309202194, 22.7097549438, 47.3759307861, 250.648895264, 58.896270752, 41.2347221375, 10.4625511169, 54.4126930237, 10.55397892, 17.4540920258], [153.125640869, -9.82218360901, 57.1822967529, 28.6429767609, 21.567358017, 53.6271286011, 58.896270752, 158.307235718, 20.8387985229, 42.643989563, 11.4487743378, 14.3661212921, 2.41609859467], [-136.794708252, 48.5399169922, 28.8035697937, 36.559135437, 38.6043891907, 45.6064949036, 41.2347221375, 20.8387985229, 132.632598877, 28.7726402283, 41.1263275146, 11.2582073212, 4.2870850563], [79.7163085938, 5.27089834213, 29.3829116821, 5.3123292923, 28.2426719666, 37.5163650513, 10.4625511169, 42.643989563, 28.7726402283, 122.252258301, 24.7287940979, 27.7424602509, -3.51148629189], [-133.281814575, 107.737953186, 1.56891417503, -6.1209602356, -10.78647995, 30.5497131348, 54.4126930237, 11.4487743378, 41.1263275146, 24.7287940979, 113.655525208, 23.3226928711, 25.5496826172], [25.1600341797, 43.0744476318, 28.3635787964, -6.7699098587, 21.2307243347, 20.8892192841, 10.55397892, 14.3661212921, 11.2582073212, 27.7424602509, 23.3226928711, 99.2828674316, 22.4311027527], [-193.640701294, 91.2612228394, -13.4436197281, -6.86082029343, -4.70032548904, -6.09651327133, 17.4540920258, 2.41609859467, 4.2870850563, -3.51148629189, 25.5496826172, 22.4311027527, 91.7905807495]],
