{
"lowlevel": {
    "average_loudness": 0.961699485779,
    "barkbands_crest": {
        "dmean": 3.19795560837,
        "dmean2": 5.15608453751,
        "dvar": 9.04351997375,
        "dvar2": 21.0787200928,
        "max": 26.0296955109,
        "mean": 9.71859741211,
        "median": 8.48918151855,
        "min": 2.4385869503,
        "var": 22.5530185699
    },
    "barkbands_flatness_db": {
        "dmean": 0.0237810015678,
        "dmean2": 0.0371052585542,
        "dvar": 0.000470386701636,
        "dvar2": 0.00107516848948,
        "max": 0.313983172178,
        "mean": 0.148285776377,
        "median": 0.142544716597,
        "min": 0.0496139675379,
        "var": 0.00147221586667
    },
    "barkbands_kurtosis": {
        "dmean": 2.21824526787,
        "dmean2": 3.6135995388,
        "dvar": 11.9698038101,
        "dvar2": 27.530506134,
        "max": 71.3806838989,
        "mean": 2.10734629631,
        "median": 0.813584327698,
        "min": -1.76591277122,
        "var": 19.6712207794
    },
    "barkbands_skewness": {
        "dmean": 0.528411149979,
        "dmean2": 0.831817924976,
        "dvar": 0.271364957094,
        "dvar2": 0.628132641315,
        "max": 6.40770292282,
        "mean": 0.933635413647,
        "median": 0.8469170928,
        "min": -1.70468664169,
        "var": 0.902431488037
    },
    "barkbands_spread": {
        "dmean": 5.77636528015,
        "dmean2": 9.15131473541,
        "dvar": 30.5498733521,
        "dvar2": 69.0413818359,
        "max": 80.8623657227,
        "mean": 20.5778388977,
        "median": 19.3732070923,
        "min": 1.19514560699,
        "var": 112.120956421
    },
    "dissonance": {
        "dmean": 0.0209749899805,
        "dmean2": 0.0354951769114,
        "dvar": 0.000598127837293,
        "dvar2": 0.00163877825253,
        "max": 0.500000119209,
        "mean": 0.468610435724,
        "median": 0.478006273508,
        "min": 0.279415607452,
        "var": 0.000872292846907
    },
    "dynamic_complexity": 2.07694244385,
    "erbbands_crest": {
        "dmean": 3.43460941315,
        "dmean2": 5.58695411682,
        "dvar": 12.3537158966,
        "dvar2": 29.4100265503,
        "max": 32.5674705505,
        "mean": 10.4121894836,
        "median": 8.28043556213,
        "min": 2.52172994614,
        "var": 40.5322952271
    },
    "erbbands_flatness_db": {
        "dmean": 0.0206393096596,
        "dmean2": 0.0310483369976,
        "dvar": 0.000394445727579,
        "dvar2": 0.00084050319856,
        "max": 0.359555155039,
        "mean": 0.194379091263,
        "median": 0.185150206089,
        "min": 0.0907953828573,
        "var": 0.00210762163624
    },
    "erbbands_kurtosis": {
        "dmean": 1.63093328476,
        "dmean2": 2.62982130051,
        "dvar": 9.66477489471,
        "dvar2": 23.1628398895,
        "max": 55.7903366089,
        "mean": 1.2643764019,
        "median": -0.156283020973,
        "min": -1.69654083252,
        "var": 16.7802314758
    },
    "erbbands_skewness": {
        "dmean": 0.482575505972,
        "dmean2": 0.761283874512,
        "dvar": 0.237705409527,
        "dvar2": 0.563644707203,
        "max": 6.13692951202,
        "mean": 0.410461187363,
        "median": 0.238292306662,
        "min": -2.03978991508,
        "var": 0.78161585331
    },
    "erbbands_spread": {
        "dmean": 7.48930931091,
        "dmean2": 11.7635498047,
        "dvar": 50.898147583,
        "dvar2": 115.288230896,
        "max": 100.918121338,
        "mean": 31.7866401672,
        "median": 31.8630447388,
        "min": 1.72824561596,
        "var": 268.243255615
    },
    "hfc": {
        "dmean": 9.79769706726,
        "dmean2": 15.3533973694,
        "dvar": 120.442207336,
        "dvar2": 296.574645996,
        "max": 115.309364319,
        "mean": 25.6957893372,
        "median": 22.2108917236,
        "min": 6.89457237968e-08,
        "var": 265.708526611
    },
    "melbands_crest": {
        "dmean": 4.07253026962,
        "dmean2": 6.63029384613,
        "dvar": 12.9463682175,
        "dvar2": 32.1089401245,
        "max": 32.2630615234,
        "mean": 13.0616855621,
        "median": 12.0843105316,
        "min": 2.69333696365,
        "var": 28.9052238464
    },
    "melbands_flatness_db": {
        "dmean": 0.0297251585871,
        "dmean2": 0.0463677570224,
        "dvar": 0.0007378422888,
        "dvar2": 0.00167770660482,
        "max": 0.360452711582,
        "mean": 0.169027253985,
        "median": 0.165519922972,
        "min": 0.0121955135837,
        "var": 0.00229177530855
    },
    "melbands_kurtosis": {
        "dmean": 4.29245281219,
        "dmean2": 6.94277572632,
        "dvar": 49.4912261963,
        "dvar2": 107.526351929,
        "max": 158.123672485,
        "mean": 6.617208004,
        "median": 3.65555882454,
        "min": -1.48254024982,
        "var": 105.541946411
    },
    "melbands_skewness": {
        "dmean": 0.663835585117,
        "dmean2": 1.0227035284,
        "dvar": 0.455825865269,
        "dvar2": 1.00825858116,
        "max": 11.2794570923,
        "mean": 1.66467964649,
        "median": 1.61304605007,
        "min": -2.2900686264,
        "var": 2.05618715286
    },
    "melbands_spread": {
        "dmean": 8.71705532074,
        "dmean2": 14.0350961685,
        "dvar": 83.1823730469,
        "dvar2": 198.114624023,
        "max": 157.715774536,
        "mean": 26.1619968414,
        "median": 23.8661994934,
        "min": 1.69779920578,
        "var": 193.491821289
    },
    "pitch_salience": {
        "dmean": 0.0848321914673,
        "dmean2": 0.136420220137,
        "dvar": 0.00563858170062,
        "dvar2": 0.0137339644134,
        "max": 0.878573775291,
        "mean": 0.57120603323,
        "median": 0.583638310432,
        "min": 0.120337076485,
        "var": 0.0147983003408
    },
    "silence_rate_20dB": {
        "dmean": 0,
        "dmean2": 0,
        "dvar": 0,
        "dvar2": 0,
        "max": 1,
        "mean": 1,
        "median": 1,
        "min": 1,
        "var": 0
    },
    "silence_rate_30dB": {
        "dmean": 0,
        "dmean2": 0,
        "dvar": 0,
        "dvar2": 0,
        "max": 1,
        "mean": 1,
        "median": 1,
        "min": 1,
        "var": 0
    },
    "silence_rate_60dB": {
        "dmean": 0.00734084285796,
        "dmean2": 0.014430379495,
        "dvar": 0.00728708459064,
        "dvar2": 0.0182732399553,
        "max": 1,
        "mean": 0.0125284735113,
        "median": 0,
        "min": 0,
        "var": 0.0123714106157
    },
    "spectral_centroid": {
        "dmean": 294.256713867,
        "dmean2": 470.337280273,
        "dvar": 93491.734375,
        "dvar2": 199100.484375,
        "max": 11129.3457031,
        "mean": 1487.32128906,
        "median": 1404.59411621,
        "min": 267.920898438,
        "var": 293372.96875
    },
    "spectral_complexity": {
        "dmean": 5.44007110596,
        "dmean2": 8.55291175842,
        "dvar": 31.6991882324,
        "dvar2": 70.7930221558,
        "max": 55,
        "mean": 24.0675773621,
        "median": 23,
        "min": 0,
        "var": 86.6800079346
    },
    "spectral_decrease": {
        "dmean": 2.4563819867e-09,
        "dmean2": 3.80717279924e-09,
        "dvar": 6.72176354261e-18,
        "dvar2": 1.5957710297e-17,
        "max": -4.30962572556e-19,
        "mean": -6.75445122056e-09,
        "median": -6.25064222604e-09,
        "min": -2.84291488128e-08,
        "var": 1.43057065367e-17
    },
    "spectral_energy": {
        "dmean": 0.00999177619815,
        "dmean2": 0.0154756270349,
        "dvar": 0.000110291548481,
        "dvar2": 0.000260887580225,
        "max": 0.112558536232,
        "mean": 0.027823580429,
        "median": 0.0258292071521,
        "min": 7.88014705572e-12,
        "var": 0.000237263695453
    },
    "spectral_energyband_high": {
        "dmean": 0.000419339630753,
        "dmean2": 0.000673254777212,
        "dvar": 4.73420442404e-07,
        "dvar2": 1.2461651977e-06,
        "max": 0.0128984134644,
        "mean": 0.000742894597352,
        "median": 0.000479285256006,
        "min": 5.46121307898e-12,
        "var": 6.86151508944e-07
    },
    "spectral_energyband_low": {
        "dmean": 0.0024568035733,
        "dmean2": 0.00383793469518,
        "dvar": 1.47059354276e-05,
        "dvar2": 3.56898090104e-05,
        "max": 0.045952860266,
        "mean": 0.00417653936893,
        "median": 0.00243446556851,
        "min": 2.10265480157e-13,
        "var": 2.66941460723e-05
    },
    "spectral_energyband_middle_high": {
        "dmean": 0.00511507550254,
        "dmean2": 0.00802813284099,
        "dvar": 5.82656793995e-05,
        "dvar2": 0.000136525588459,
        "max": 0.0840221196413,
        "mean": 0.0110163008794,
        "median": 0.00635581742972,
        "min": 1.82100536907e-12,
        "var": 0.000141610420542
    },
    "spectral_energyband_middle_low": {
        "dmean": 0.00644276943058,
        "dmean2": 0.0102702928707,
        "dvar": 7.58008827688e-05,
        "dvar2": 0.000185309341759,
        "max": 0.105360679328,
        "mean": 0.0132229011506,
        "median": 0.00985912233591,
        "min": 3.21344676129e-13,
        "var": 0.000139188865433
    },
    "spectral_entropy": {
        "dmean": 0.175360620022,
        "dmean2": 0.266111671925,
        "dvar": 0.0268452297896,
        "dvar2": 0.0596398897469,
        "max": 9.80183887482,
        "mean": 7.60360240936,
        "median": 7.64701461792,
        "min": 6.28393745422,
        "var": 0.0928340554237
    },
    "spectral_flux": {
        "dmean": 0.0280230566859,
        "dmean2": 0.0433142445982,
        "dvar": 0.000701676530298,
        "dvar2": 0.00158775597811,
        "max": 0.320879667997,
        "mean": 0.0989870131016,
        "median": 0.0930601656437,
        "min": 4.41452039013e-06,
        "var": 0.00172454828862
    },
    "spectral_kurtosis": {
        "dmean": 1.53716576099,
        "dmean2": 2.65843129158,
        "dvar": 2.13651633263,
        "dvar2": 6.19454479218,
        "max": 17.4406089783,
        "mean": 3.54446744919,
        "median": 3.09066557884,
        "min": -1.22061181068,
        "var": 4.0995926857
    },
    "spectral_rms": {
        "dmean": 0.000924956344534,
        "dmean2": 0.00140199798625,
        "dvar": 7.65942957059e-07,
        "dvar2": 1.6973494894e-06,
        "max": 0.010479179211,
        "mean": 0.00499492604285,
        "median": 0.00501988315955,
        "min": 8.76809451711e-08,
        "var": 2.19560752157e-06
    },
    "spectral_rolloff": {
        "dmean": 508.468292236,
        "dmean2": 854.30645752,
        "dvar": 437454.21875,
        "dvar2": 883514.8125,
        "max": 16602.0996094,
        "mean": 1625.6652832,
        "median": 1485.79101562,
        "min": 86.1328125,
        "var": 949583.625
    },
    "spectral_skewness": {
        "dmean": 0.222599878907,
        "dmean2": 0.364173829556,
        "dvar": 0.0384501069784,
        "dvar2": 0.0994369760156,
        "max": 3.07944560051,
        "mean": 1.30191040039,
        "median": 1.26332569122,
        "min": -0.0255813132972,
        "var": 0.133867412806
    },
    "spectral_spread": {
        "dmean": 326941.25,
        "dmean2": 505176.78125,
        "dvar": 298367647744,
        "dvar2": 414429577216,
        "max": 40691572,
        "mean": 3728330.5,
        "median": 3590178.25,
        "min": 2156955.25,
        "var": 699251359744
    },
    "spectral_strongpeak": {
        "dmean": 0.915471971035,
        "dmean2": 1.49036073685,
        "dvar": 1.34255254269,
        "dvar2": 3.33482646942,
        "max": 12.8006629944,
        "mean": 1.61115121841,
        "median": 0.915331065655,
        "min": 0,
        "var": 2.88882660866
    },
    "zerocrossingrate": {
        "dmean": 0.00869512651116,
        "dmean2": 0.0106531847268,
        "dvar": 0.000101562087366,
        "dvar2": 0.000123208694276,
        "max": 0.5625,
        "mean": 0.0614274144173,
        "median": 0.05810546875,
        "min": 0.00830078125,
        "var": 0.00055102573242
    },
    "barkbands": {
        "dmean": [4.29965120929e-06, 0.00125273445155, 0.0012611678103, 0.00117057398893, 0.00140104361344, 0.00172939454205, 0.00185232167132, 0.000541896442883, 0.00164277444128, 0.00264394260012, 0.00138282694388, 0.000790468708146, 0.000715245609172, 0.000834506296087, 0.000552496232558, 0.000376025884179, 0.000373396469513, 0.000328296096995, 0.000238693377469, 0.000208641184145, 0.000172723724972, 9.32164912228e-05, 6.2124345277e-05, 2.62089979515e-05, 9.55968607741e-06, 3.14064720897e-07, 1.05995867639e-09],
        "dmean2": [7.34975174055e-06, 0.0019433889538, 0.00206927605905, 0.00198120763525, 0.00233373045921, 0.00277391448617, 0.00296462420374, 0.000893647840712, 0.00263911718503, 0.00421510217711, 0.00219521508552, 0.00125482713338, 0.00115821568761, 0.00137851468753, 0.000928757770453, 0.000625028449576, 0.000634431955405, 0.000551969802473, 0.000402994744945, 0.000342314422596, 0.000284628011286, 0.000152389256982, 0.000101500976598, 4.24246427428e-05, 1.43214601849e-05, 5.06628225594e-07, 1.94764004924e-09],
        "dvar": [1.26975360781e-10, 4.57611577076e-06, 4.90698266731e-06, 3.21016136695e-06, 6.13163138041e-06, 1.42401677294e-05, 1.81019731826e-05, 4.00110457122e-06, 2.74322810583e-05, 4.42615419161e-05, 1.91895669559e-05, 3.68688120034e-06, 2.59184844253e-06, 3.21317816088e-06, 1.07163805296e-06, 5.95300605255e-07, 4.65645456416e-07, 2.7424982818e-07, 1.51791752501e-07, 1.58267809525e-07, 7.75988198143e-08, 2.76924918552e-08, 1.06635953401e-08, 2.54602117167e-09, 5.78870340551e-10, 3.23023834244e-13, 1.97550417176e-18],
        "dvar2": [3.22993021218e-10, 1.00308716355e-05, 1.2792380403e-05, 8.37627521832e-06, 1.5241543224e-05, 3.12334523187e-05, 4.45566693088e-05, 9.49065906752e-06, 6.60133446218e-05, 0.000105119041109, 4.6497254516e-05, 8.34532784211e-06, 6.40841108179e-06, 8.30893168313e-06, 2.85080250251e-06, 1.51178153374e-06, 1.18138916605e-06, 7.38005496714e-07, 4.0916009425e-07, 4.32615280488e-07, 2.03746253646e-07, 6.95619846169e-08, 2.72304756521e-08, 6.04379346569e-09, 9.39991640081e-10, 7.71398786861e-13, 5.97544314365e-18],
        "max": [0.000610785442404, 0.0271847881377, 0.0269675515592, 0.0280352719128, 0.0695215091109, 0.0966596826911, 0.0715266019106, 0.0683665499091, 0.0941680893302, 0.0820202678442, 0.0654172375798, 0.0495994463563, 0.0476604066789, 0.0263107232749, 0.016917783767, 0.0223386250436, 0.0153436660767, 0.00729826558381, 0.00737789599225, 0.00979552976787, 0.00461686821654, 0.00358744012192, 0.00230668811128, 0.0019993504975, 0.00141868123319, 2.02322808036e-05, 2.04617975896e-08],
        "mean": [4.84336032969e-06, 0.00191703962628, 0.00150392670184, 0.00168638036121, 0.0023048883304, 0.00275736185722, 0.00258987443522, 0.000674142793287, 0.0020710513927, 0.00347213773057, 0.00199183938093, 0.00110098649748, 0.000990515924059, 0.00112522824202, 0.000761920120567, 0.000555744336452, 0.000548153358977, 0.000492744613439, 0.000369371846318, 0.000339002726832, 0.000263632944552, 0.000142333024996, 0.000100070610642, 4.216317393e-05, 1.76109733729e-05, 5.83196538173e-07, 9.12623310256e-10],
        "median": [2.75267962024e-06, 0.000749953615014, 0.00070839934051, 0.000881965621375, 0.00128651177511, 0.00119803380221, 0.000902370084077, 0.000225461932132, 0.000425475707743, 0.000540307490155, 0.000320376944728, 0.000387467851397, 0.000409199914429, 0.000395749200834, 0.000329323433107, 0.000234769162489, 0.000295263249427, 0.000291401549475, 0.000227567375987, 0.000199585891096, 0.00015129816893, 8.83003813215e-05, 6.3116014644e-05, 2.30550867855e-05, 8.86753332452e-06, 4.16438325601e-07, 4.1611786239e-10],
        "min": [1.33515973885e-13, 7.08486343052e-14, 1.0761506161e-14, 2.70321484923e-14, 2.96926179933e-14, 1.27835101784e-14, 1.43782792476e-14, 4.35313982398e-14, 9.88775440648e-14, 7.31989338934e-14, 1.09727527899e-13, 5.75232949381e-14, 5.93526150536e-14, 8.68028047986e-14, 9.44595286321e-14, 4.26323635682e-13, 1.25497458562e-13, 1.78931874742e-13, 3.39468470695e-13, 4.25218562618e-13, 3.98416000712e-13, 4.24896202207e-13, 4.49605928659e-13, 5.38215685127e-13, 8.11579427794e-13, 1.13662584119e-12, 1.50354631089e-12],
        "var": [8.85718512422e-11, 9.64824357652e-06, 5.35222443432e-06, 5.23680910192e-06, 1.01735295175e-05, 2.58773561654e-05, 2.78564657492e-05, 5.12881342729e-06, 3.75767340302e-05, 7.21696196706e-05, 3.4515378502e-05, 5.90713807469e-06, 3.56655186806e-06, 4.69471842734e-06, 1.61624018347e-06, 1.1153348396e-06, 6.98186511272e-07, 3.57871641654e-07, 2.01327523541e-07, 2.01734081884e-07, 1.130028906e-07, 3.20860138459e-08, 1.57374966392e-08, 5.18030862651e-09, 2.09062300804e-09, 4.87473126101e-13, 1.68653265727e-18]
    },
    "erbbands": {
        "dmean": [0.0137515794486, 0.359950721264, 1.4617087841, 2.35432505608, 4.82822322845, 4.92601680756, 7.31779956818, 17.0605487823, 25.7590885162, 21.5569992065, 9.71479415894, 28.8564300537, 81.5719528198, 69.3014144897, 43.6442298889, 28.7449874878, 31.4856319427, 37.5397415161, 31.9081325531, 24.529592514, 19.8969116211, 20.2743816376, 18.4615459442, 14.9862565994, 9.65050029755, 9.49093723297, 8.24766540527, 5.41741037369, 3.49819087982, 2.69075894356, 1.58984792233, 0.754710197449, 0.359243035316, 0.148315444589, 0.059794344008, 0.00512473564595, 0.000195931366761, 1.07615314846e-05, 6.29931082585e-06, 1.20235727081e-05],
        "dmean2": [0.0224935598671, 0.556118428707, 2.34735488892, 3.90958595276, 8.14168453217, 8.12432289124, 11.9693555832, 27.2124214172, 41.2610473633, 35.162651062, 15.7445335388, 46.6705703735, 130.054229736, 108.414802551, 67.9055252075, 45.5789375305, 50.8329086304, 61.2091789246, 53.3727340698, 41.2355766296, 33.2120094299, 34.3018798828, 31.0177364349, 25.2346000671, 15.8274126053, 15.659576416, 13.6794757843, 8.86145496368, 5.66678714752, 4.42550468445, 2.60521650314, 1.23946154118, 0.579158306122, 0.240164473653, 0.088410384953, 0.00764153525233, 0.000296540092677, 1.59400042321e-05, 9.59462249739e-06, 1.85697190318e-05],
        "dvar": [0.000408752996009, 0.389278411865, 7.00770902634, 12.0251245499, 95.6077423096, 68.2221221924, 183.931838989, 1779.44262695, 4034.18457031, 3502.67138672, 994.513977051, 10405.6738281, 45100.0898438, 35319.265625, 17112.4882812, 4108.91308594, 5045.50585938, 6095.90478516, 4900.27392578, 2027.99023438, 1887.75268555, 1324.12695312, 946.760375977, 562.247314453, 249.797439575, 336.016662598, 195.46232605, 81.188331604, 48.2956047058, 17.5629291534, 7.80484056473, 2.06241440773, 0.734785079956, 0.145303919911, 0.0231429841369, 9.83164645731e-05, 1.31687841076e-07, 3.66495306325e-10, 4.15489760652e-11, 1.54121673757e-10],
        "dvar2": [0.000978512689471, 0.866839110851, 17.8927173615, 30.5521297455, 241.011550903, 175.397994995, 445.087249756, 3831.41845703, 9755.94140625, 8947.70996094, 2378.36694336, 25277.1796875, 109557.757812, 84108.65625, 39366.0234375, 9138.19042969, 12842.5195312, 15519.4267578, 12825.5078125, 5486.63232422, 4652.58496094, 3453.27929688, 2553.41699219, 1489.8614502, 660.352905273, 928.41027832, 532.499450684, 204.677566528, 116.877349854, 45.6465606689, 19.7850437164, 5.29990911484, 1.76188910007, 0.294429183006, 0.039074588567, 0.000178974310984, 2.55799875504e-07, 6.59604482145e-10, 9.58244039673e-11, 3.63555296978e-10],
        "max": [0.322746157646, 7.71127128601, 31.7282962799, 52.455291748, 315.060791016, 140.796478271, 313.794586182, 1149.78955078, 1344.74304199, 1157.52453613, 845.038574219, 2871.10717773, 2937.01611328, 2764.45678711, 2541.2878418, 1551.34472656, 2343.51660156, 1525.60925293, 1512.08422852, 742.37298584, 1521.51416016, 853.391235352, 513.854614258, 390.384857178, 324.048492432, 501.731384277, 232.459487915, 239.315063477, 216.586547852, 56.7596206665, 61.0880279541, 28.0242938995, 50.1297416687, 21.8159236908, 8.94428348541, 0.369135558605, 0.0137462457642, 0.000866826856509, 0.000132988818223, 0.000130136570078],
        "mean": [0.0226523745805, 0.542596757412, 1.81439578533, 3.71690058708, 6.80003118515, 8.66490268707, 10.8173561096, 27.5090999603, 36.2064476013, 30.0343208313, 13.9812326431, 37.7132339478, 109.707580566, 96.6980667114, 68.8751220703, 43.3832588196, 46.6633491516, 55.9158210754, 44.7000961304, 37.7986717224, 31.2144584656, 30.6359443665, 28.1607818604, 23.9950866699, 16.3149967194, 15.3837614059, 12.2104244232, 8.6854467392, 5.47433614731, 4.24110555649, 2.55502104759, 1.16627538204, 0.583452820778, 0.252760082483, 0.103038921952, 0.0101362997666, 0.000392516463762, 2.42986407102e-05, 1.84990112757e-05, 3.42518287653e-05],
        "median": [0.0115626519546, 0.214314848185, 0.829018950462, 2.18356704712, 3.9273686409, 4.39387607574, 5.40497112274, 10.607416153, 12.9342870712, 10.7849407196, 6.37504768372, 9.97519874573, 17.9339332581, 22.0119094849, 16.0947875977, 17.9724273682, 21.9323749542, 24.5816822052, 19.4861717224, 17.4820384979, 15.389081955, 16.660949707, 17.1399536133, 15.5502414703, 10.5488090515, 9.0492515564, 6.79989719391, 5.14156723022, 3.35736489296, 2.75787425041, 1.6029074192, 0.654160559177, 0.31467422843, 0.126265257597, 0.0492872446775, 0.00618661567569, 0.000260148837697, 1.74523920577e-05, 1.7426420527e-05, 3.20128237945e-05],
        "min": [4.96654930723e-12, 8.29997529039e-12, 9.69570170678e-12, 4.34422289808e-11, 1.34687899722e-10, 6.0775572075e-11, 9.34555419163e-11, 1.81312839742e-10, 2.23340249073e-10, 5.50282430734e-10, 1.20603982356e-09, 2.19378315514e-09, 2.72776290444e-09, 3.1204754336e-09, 3.56695295523e-09, 2.45507547625e-09, 2.23649987419e-09, 4.88633711271e-09, 4.45874359656e-09, 1.1023879587e-08, 2.36586785718e-08, 6.62387833472e-09, 7.40669214849e-09, 8.67070504285e-09, 2.3340797739e-08, 2.03830641254e-08, 1.28806112443e-08, 1.80801968952e-08, 1.57948090163e-08, 1.66457390094e-08, 1.14828084818e-08, 1.24732046913e-08, 7.84506948293e-09, 6.64262822525e-09, 7.4913888426e-09, 4.87336615507e-09, 2.17353957055e-09, 7.97496679805e-10, 2.5483132271e-10, 1.85300507577e-11],
        "var": [0.00103831628803, 0.776573121548, 8.19724369049, 20.6660194397, 123.413139343, 151.352661133, 278.096252441, 3312.34912109, 6144.76660156, 5205.1328125, 1209.84008789, 13015.2558594, 72917.1171875, 56605.3007812, 35325.0898438, 7112.73339844, 6654.36035156, 9635.79980469, 6444.89404297, 3619.24365234, 3474.89477539, 2013.78271484, 1197.08032227, 759.008911133, 368.576507568, 417.954376221, 266.048156738, 122.337547302, 60.250213623, 22.2968444824, 11.3033189774, 3.22848081589, 1.43287956715, 0.436543673277, 0.073719471693, 0.000254059355939, 3.33539503572e-07, 1.13224341014e-09, 9.66777560785e-11, 3.35139582752e-10]
    },
    "gfcc": {
        "mean": [4.14745235443, 111.738067627, -159.121078491, 46.2349128723, -72.7880096436, 16.7016925812, -38.4187545776, -1.25842165947, -21.3293075562, -8.29299926758, -6.29034996033, -9.85900592804, -0.7974781394],
        "cov": [[1616.34570312, -31.0235385895, -161.599395752, 220.173538208, -22.6901702881, -25.2027397156, -34.6721153259, -32.9245033264, 52.848613739, 8.77031707764, 53.7460632324, -2.69719052315, -13.8674678802], [-31.0235385895, 521.861083984, 181.253067017, -8.98021697998, 102.75226593, -73.6134033203, 109.826370239, 17.0316619873, 55.4002609253, -35.9436340332, 30.2259063721, 26.1823215485, 5.74792098999], [-161.599395752, 181.253067017, 493.975189209, 203.487686157, 22.5658359528, 0.708935797215, -40.7561378479, 32.1044044495, -16.1578540802, 45.7599487305, 17.7965240479, 36.8268737793, -15.1023311615], [220.173538208, -8.98021697998, 203.487686157, 392.95892334, 93.2235946655, -42.1580657959, -81.382270813, -10.1243228912, 18.4846916199, 77.217880249, 9.62124633789, 9.73786640167, -34.9017333984], [-22.6901702881, 102.75226593, 22.5658359528, 93.2235946655, 172.784988403, 35.4971160889, 51.0450439453, 7.8386516571, 19.3597793579, 12.8532915115, -3.35283660889, 7.29360055923, -5.59488105774], [-25.2027397156, -73.6134033203, 0.708935797215, -42.1580657959, 35.4971160889, 181.739822388, 86.4998321533, 6.93645238876, -36.0417823792, -14.7439985275, 2.33247470856, 2.98578429222, 7.16372680664], [-34.6721153259, 109.826370239, -40.7561378479, -81.382270813, 51.0450439453, 86.4998321533, 190.558746338, 37.6207885742, 6.55925226212, -41.0507125854, 9.89565753937, 6.22853517532, 17.8951778412], [-32.9245033264, 17.0316619873, 32.1044044495, -10.1243228912, 7.8386516571, 6.93645238876, 37.6207885742, 100.034729004, 42.3843269348, 0.948647499084, -15.3009366989, 10.5514364243, 10.9859361649], [52.848613739, 55.4002609253, -16.1578540802, 18.4846916199, 19.3597793579, -36.0417823792, 6.55925226212, 42.3843269348, 102.162208557, 25.8495407104, 4.52981901169, 1.82186424732, 7.4269118309], [8.77031707764, -35.9436340332, 45.7599487305, 77.217880249, 12.8532915115, -14.7439985275, -41.0507125854, 0.948647499084, 25.8495407104, 100.077636719, 30.5398349762, 4.79653501511, -12.2360935211], [53.7460632324, 30.2259063721, 17.7965240479, 9.62124633789, -3.35283660889, 2.33247470856, 9.89565753937, -15.3009366989, 4.52981901169, 30.5398349762, 84.6494979858, 34.249786377, -5.07906723022], [-2.69719052315, 26.1823215485, 36.8268737793, 9.73786640167, 7.29360055923, 2.98578429222, 6.22853517532, 10.5514364243, 1.82186424732, 4.79653501511, 34.249786377, 65.5142059326, 19.0170707703], [-13.8674678802, 5.74792098999, -15.1023311615, -34.9017333984, -5.59488105774, 7.16372680664, 17.8951778412, 10.9859361649, 7.4269118309, -12.2360935211, -5.07906723022, 19.0170707703, 59.4270935059]],
        "icov": [[0.0010093775345, -0.00102339533623, 0.00142789026722, -0.0017666388303, 0.00153007148765, -0.00127920450177, 0.000724129378796, -0.000522861257195, -4.02967452828e-05, 0.000353410170646, -0.000678838987369, 0.000204611977097, -0.000208988727536], [-0.00102339533623, 0.00869785901159, -0.00654668314382, 0.0051849312149, -0.00710549065843, 0.00819995813072, -0.00620045512915, 0.00454211561009, -0.00425510993227, 0.00342860235833, -0.00168337521609, 0.000211323451367, 0.00069757620804], [0.00142789026722, -0.00654668314382, 0.00839939527214, -0.00640486413613, 0.00636532250792, -0.00664485897869, 0.00482044043019, -0.00513447308913, 0.00418956857175, -0.00234139896929, 0.000419399351813, -0.00119411258493, -0.000350451125996], [-0.0017666388303, 0.0051849312149, -0.00640486413613, 0.00958701502532, -0.0079861395061, 0.00594281358644, -0.00212928722613, 0.00350327580236, -0.00231284694746, -0.000798284774646, 0.000662787701003, -0.000504963740241, 0.00195727893151], [0.00153007148765, -0.00710549065843, 0.00636532250792, -0.0079861395061, 0.0153534896672, -0.00823437795043, 0.00146046141163, -0.00200947932899, 0.00107927399222, -0.00317002716474, 0.00357001158409, -0.00249245436862, 0.000656582065858], [-0.00127920450177, 0.00819995813072, -0.00664485897869, 0.00594281358644, -0.00823437795043, 0.0160964280367, -0.0093561494723, 0.0036990318913, 7.29992752895e-05, 0.00137094815727, -0.00104638165794, 0.000389388005715, 0.00018703067326], [0.000724129378796, -0.00620045512915, 0.00482044043019, -0.00212928722613, 0.00146046141163, -0.0093561494723, 0.0150035303086, -0.00718650966883, 0.00236437306739, 0.00194178323727, -0.00371587509289, 0.00247910059988, -0.00218750745989], [-0.000522861257195, 0.00454211561009, -0.00513447308913, 0.00350327580236, -0.00200947932899, 0.0036990318913, -0.00718650966883, 0.0191144011915, -0.00973848905414, 6.06869580224e-05, 0.00624051084742, -0.00528364628553, 0.00164044601843], [-4.02967452828e-05, -0.00425510993227, 0.00418956857175, -0.00231284694746, 0.00107927399222, 7.29992752895e-05, 0.00236437306739, -0.00973848905414, 0.018566088751, -0.00565223395824, -0.00112139247358, 0.00226693064906, -0.0030157265719], [0.000353410170646, 0.00342860235833, -0.00234139896929, -0.000798284774646, -0.00317002716474, 0.00137094815727, 0.00194178323727, 6.06869580224e-05, -0.00565223395824, 0.0183456856757, -0.00903355237097, 0.00366341508925, 0.000166723621078], [-0.000678838987369, -0.00168337521609, 0.000419399351813, 0.000662787701003, 0.00357001158409, -0.00104638165794, -0.00371587509289, 0.00624051084742, -0.00112139247358, -0.00903355237097, 0.0237852968276, -0.0141032449901, 0.00575392879546], [0.000204611977097, 0.000211323451367, -0.00119411258493, -0.000504963740241, -0.00249245436862, 0.000389388005715, 0.00247910059988, -0.00528364628553, 0.00226693064906, 0.00366341508925, -0.0141032449901, 0.0267279036343, -0.00991157256067], [-0.000208988727536, 0.00069757620804, -0.000350451125996, 0.00195727893151, 0.000656582065858, 0.00018703067326, -0.00218750745989, 0.00164044601843, -0.0030157265719, 0.000166723621078, 0.00575392879546, -0.00991157256067, 0.0222410503775]]
    },
    "melbands": {
        "dmean": [0.000231977261137, 0.000654943520203, 0.000488995341584, 0.000331684015691, 0.000235066429013, 0.000374785333406, 0.000386656698538, 0.000208193989238, 7.69672333263e-05, 0.000224156450713, 0.000421898410423, 0.00029845937388, 0.000172266853042, 9.20461097849e-05, 7.29422972654e-05, 7.59821923566e-05, 7.38241942599e-05, 5.76139318582e-05, 4.31810185546e-05, 2.75905695162e-05, 2.39004766627e-05, 2.30604964599e-05, 1.77423789864e-05, 1.72615036718e-05, 1.26209788505e-05, 8.59802003106e-06, 6.84589349476e-06, 6.79991762809e-06, 5.62195327802e-06, 4.55452254755e-06, 2.85029432234e-06, 2.06952404369e-06, 1.83855740943e-06, 1.46089962527e-06, 1.05670869743e-06, 6.34788136722e-07, 4.34064077126e-07, 2.77393326087e-07, 1.91043298514e-07, 1.07540323313e-07],
        "dmean2": [0.000368800509023, 0.00102503306698, 0.000813875638414, 0.000554933445528, 0.000384312646929, 0.000597067584749, 0.000618897785898, 0.000339636782883, 0.000124149286421, 0.000362706341548, 0.000671379850246, 0.000467087549623, 0.000271415367024, 0.000142577089719, 0.000117215538921, 0.000122015117086, 0.000121316079458, 9.60089018918e-05, 7.2765215009e-05, 4.5739208872e-05, 4.02828809456e-05, 3.92992260458e-05, 2.97009228234e-05, 2.92400982289e-05, 2.13831608562e-05, 1.45360463648e-05, 1.11230128823e-05, 1.13500991574e-05, 9.3827738965e-06, 7.60734064897e-06, 4.67385780212e-06, 3.37522487825e-06, 3.04622881231e-06, 2.41439943238e-06, 1.73877776888e-06, 1.05689457541e-06, 7.19465731436e-07, 4.50962545528e-07, 3.14503409982e-07, 1.73969652906e-07],
        "dvar": [1.37653060506e-07, 1.3454339296e-06, 5.55782321499e-07, 3.60670810551e-07, 1.69615489654e-07, 7.603957215e-07, 8.21884896141e-07, 3.57468138645e-07, 6.2493811015e-08, 5.68846814986e-07, 1.18347486477e-06, 6.49338915082e-07, 3.08520924364e-07, 5.72485383543e-08, 2.85818515522e-08, 2.74384603927e-08, 2.70978617323e-08, 2.02387919757e-08, 7.2954078334e-09, 3.07003444888e-09, 3.15345638491e-09, 1.99172833781e-09, 8.5047024978e-10, 7.83924425374e-10, 4.27626017929e-10, 2.28721902529e-10, 1.63220256755e-10, 2.43584152848e-10, 9.38688501928e-11, 7.39298414154e-11, 2.34204079741e-11, 1.73455035057e-11, 1.25432563641e-11, 5.29151895912e-12, 3.43958347047e-12, 1.97347368482e-12, 7.0838164978e-13, 4.35725511661e-13, 2.35952804604e-13, 9.2738710049e-14],
        "dvar2": [3.09949200528e-07, 3.31389560415e-06, 1.41676457588e-06, 9.11150834781e-07, 4.12143691619e-07, 1.65672111052e-06, 1.99248916033e-06, 8.96735173228e-07, 1.43311311263e-07, 1.38174755193e-06, 2.87170973934e-06, 1.54527197083e-06, 7.42558370348e-07, 1.25470080548e-07, 6.80475622516e-08, 6.55258460824e-08, 6.9545059489e-08, 5.25028802656e-08, 1.90038722536e-08, 8.02451705084e-09, 7.7247195307e-09, 5.08507547181e-09, 2.28542607061e-09, 2.08991779438e-09, 1.1358124441e-09, 6.21844853388e-10, 4.23624191281e-10, 6.92574053662e-10, 2.60787946793e-10, 1.98929692163e-10, 5.6842947016e-11, 4.1664914574e-11, 3.34894403875e-11, 1.38892465237e-11, 8.78648803021e-12, 5.17944628159e-12, 1.84819542483e-12, 1.06688887325e-12, 5.67947544463e-13, 1.8053667014e-13],
        "max": [0.00517894886434, 0.0136387581006, 0.0148241007701, 0.0170823410153, 0.00817934889346, 0.0223561357707, 0.0176235418767, 0.0135704427958, 0.00582440616563, 0.0178499892354, 0.0150216091424, 0.0123017895967, 0.0102749150246, 0.00677386904135, 0.00432802084833, 0.00369389750995, 0.00329724792391, 0.00316755450331, 0.00174496858381, 0.00109252193943, 0.00178362522274, 0.00117846822832, 0.000468886370072, 0.000367678061593, 0.000362563092494, 0.000368920067558, 0.000382656609872, 0.000478237401694, 0.000181027950021, 0.000183107040357, 0.000135413793032, 0.000136143193231, 8.02047215984e-05, 3.77855540137e-05, 4.18001036451e-05, 3.0644263461e-05, 1.63513359439e-05, 3.61219790648e-05, 2.18428285734e-05, 1.86573233805e-05],
        "mean": [0.00037524610525, 0.000903824169654, 0.000761778792366, 0.000556025013793, 0.000376164418412, 0.000601932522841, 0.000552986341063, 0.000285721092951, 0.000107038875285, 0.000282608583802, 0.000559626554605, 0.000399122858653, 0.000256854778854, 0.000129348147311, 0.000101995487057, 0.00010916734027, 0.000102512996818, 7.36162473913e-05, 6.03956868872e-05, 4.11595938203e-05, 3.46725464624e-05, 3.23225322063e-05, 2.59129101323e-05, 2.46063846134e-05, 1.91389262909e-05, 1.29720874611e-05, 1.09457678263e-05, 1.0172158909e-05, 8.06625121186e-06, 6.40093594484e-06, 4.45183695774e-06, 3.09173765345e-06, 2.62149274022e-06, 2.26363181355e-06, 1.65179471878e-06, 8.96427593489e-07, 6.37901280243e-07, 4.28643176065e-07, 2.94535539069e-07, 1.80698549457e-07],
        "median": [0.000162427051691, 0.000412123335991, 0.000468658254249, 0.000312317919452, 0.00019877248269, 0.000242582435021, 0.000206616619835, 9.92321001831e-05, 4.21251461376e-05, 5.91367461311e-05, 8.36881081341e-05, 7.67804303905e-05, 4.55240406154e-05, 4.1810595576e-05, 3.66861349903e-05, 4.38203060185e-05, 3.94894159399e-05, 2.47035859502e-05, 2.53569742199e-05, 1.68332499015e-05, 1.55204434122e-05, 1.60179697559e-05, 1.52717220772e-05, 1.36369535539e-05, 1.16575793072e-05, 7.70933183958e-06, 6.51282516628e-06, 5.38622089152e-06, 4.37028347733e-06, 3.28051555698e-06, 2.62370167547e-06, 1.80926315352e-06, 1.56814110142e-06, 1.42973294714e-06, 1.03833838239e-06, 4.87349211653e-07, 3.37615176704e-07, 2.29045284073e-07, 1.45007703622e-07, 8.54321839938e-08],
        "min": [4.10013447077e-14, 6.4065142148e-15, 1.32912801723e-14, 7.15334909362e-15, 4.48831662618e-15, 3.82828398973e-15, 3.35156812954e-15, 7.60764589752e-15, 1.11801682888e-14, 1.48603646614e-14, 1.27964342071e-14, 1.13112076739e-14, 1.29198308139e-14, 6.47744051864e-15, 5.63637788311e-15, 7.46917379834e-15, 8.94314241667e-15, 6.95919897772e-15, 7.53658491545e-15, 2.67284228062e-14, 2.62637134263e-14, 7.20673165106e-15, 4.21044704432e-15, 9.41948494708e-15, 5.64023018896e-15, 1.47928781583e-14, 1.17402620489e-14, 1.38265482437e-14, 6.73894711803e-15, 8.58686003026e-15, 1.1624574289e-14, 8.41215270863e-15, 8.92556817708e-15, 9.45638847853e-15, 6.09638495962e-15, 6.27790412022e-15, 8.194871817e-15, 4.77904755632e-15, 5.60891961606e-15, 5.40609800036e-15],
        "var": [3.29313934344e-07, 1.92911966224e-06, 8.55906819197e-07, 6.01283318247e-07, 2.71592000445e-07, 1.39786970976e-06, 1.264138632e-06, 5.33958143478e-07, 8.22018506597e-08, 7.45244108202e-07, 1.92242305275e-06, 1.02772048649e-06, 5.81107940434e-07, 1.00722012064e-07, 4.63956837393e-08, 4.32171702869e-08, 3.96262826996e-08, 2.61211035024e-08, 1.17912311026e-08, 5.63167779077e-09, 5.42091305178e-09, 3.0535995954e-09, 1.02770503219e-09, 1.01470032376e-09, 5.7021498634e-10, 3.06069530831e-10, 2.32225252916e-10, 2.64724603349e-10, 1.21701940192e-10, 1.01761661597e-10, 3.41901715273e-11, 2.1946692727e-11, 1.22778055084e-11, 7.20413399075e-12, 4.75939730335e-12, 2.38782171119e-12, 1.08130800321e-12, 7.70955890274e-13, 4.74190456866e-13, 2.96307059834e-13]
    },
    "mfcc": {
        "mean": [-616.065185547, 117.867073059, -20.1205768585, 23.0907096863, -7.14054250717, 8.89740848541, -4.42740678787, 2.75930953026, -7.69336748123, -1.97893464565, -4.18249893188, -2.97837471962, -3.74358534813],
        "cov": [[1657.78063965, -277.21774292, -160.707397461, 126.490150452, 7.39771747589, 27.2429695129, -67.0847167969, -25.0936756134, -33.1907653809, -1.34473049641, 8.05597782135, 49.677570343, 37.6210327148], [-277.21774292, 569.915283203, 53.5760192871, 52.3818321228, -22.9041252136, -16.194152832, 25.5922641754, 95.2456283569, 22.9823551178, 8.67825603485, 29.9676742554, -17.5866832733, 23.1096477509], [-160.707397461, 53.5760192871, 424.037994385, 140.897827148, 72.8291778564, 9.9864358902, 11.6123247147, -11.3408536911, -28.7226886749, -14.5026578903, 20.2574501038, 19.5886726379, 10.2765369415], [126.490150452, 52.3818321228, 140.897827148, 376.419830322, 133.654006958, 25.9307937622, -42.0492897034, -29.6930789948, 4.6197719574, 0.742113530636, 38.1223182678, 53.0523109436, 47.4028434753], [7.39771747589, -22.9041252136, 72.8291778564, 133.654006958, 145.080566406, 38.3178253174, -18.4816608429, -17.625585556, 7.24717521667, -0.604757428169, 15.14366436, 22.0189990997, 23.1529846191], [27.2429695129, -16.194152832, 9.9864358902, 25.9307937622, 38.3178253174, 138.954345703, 75.8235015869, 19.7545032501, -2.34726071358, 10.2325258255, 10.2900123596, 5.7254319191, 1.27708256245], [-67.0847167969, 25.5922641754, 11.6123247147, -42.0492897034, -18.4816608429, 75.8235015869, 137.815124512, 59.3853034973, -2.00024175644, 6.70014286041, 2.2904188633, -8.49534797668, -7.88410186768], [-25.0936756134, 95.2456283569, -11.3408536911, -29.6930789948, -17.625585556, 19.7545032501, 59.3853034973, 135.6121521, 41.3485183716, 12.758310318, 1.90435349941, -14.7591524124, 8.49577236176], [-33.1907653809, 22.9823551178, -28.7226886749, 4.6197719574, 7.24717521667, -2.34726071358, -2.00024175644, 41.3485183716, 96.1069488525, 41.3207626343, -2.55058264732, -12.2589960098, -2.49882388115], [-1.34473049641, 8.67825603485, -14.5026578903, 0.742113530636, -0.604757428169, 10.2325258255, 6.70014286041, 12.758310318, 41.3207626343, 79.8188247681, 20.6313457489, -5.53018093109, -9.31995582581], [8.05597782135, 29.9676742554, 20.2574501038, 38.1223182678, 15.14366436, 10.2900123596, 2.2904188633, 1.90435349941, -2.55058264732, 20.6313457489, 68.2980194092, 28.8349342346, 5.84745073318], [49.677570343, -17.5866832733, 19.5886726379, 53.0523109436, 22.0189990997, 5.7254319191, -8.49534797668, -14.7591524124, -12.2589960098, -5.53018093109, 28.8349342346, 78.3636016846, 38.7767448425], [37.6210327148, 23.1096477509, 10.2765369415, 47.4028434753, 23.1529846191, 1.27708256245, -7.88410186768, 8.49577236176, -2.49882388115, -9.31995582581, 5.84745073318, 38.7767448425, 87.6198425293]],
