{
"lowlevel": {
    "average_loudness": 0.936654508114,
    "barkbands_crest": {
        "dmean": 2.6897778511,
        "dmean2": 4.46270561218,
        "dvar": 5.62105369568,
        "dvar2": 14.7303581238,
        "max": 24.8959140778,
        "mean": 9.03769874573,
        "median": 8.2568397522,
        "min": 2.36209893227,
        "var": 13.7981348038
    },
    "barkbands_flatness_db": {
        "dmean": 0.0192198753357,
        "dmean2": 0.0317855551839,
        "dvar": 0.000263734313194,
        "dvar2": 0.000674253911711,
        "max": 0.337452441454,
        "mean": 0.191461592913,
        "median": 0.189698144794,
        "min": 0.0385588370264,
        "var": 0.00130214344244
    },
    "barkbands_kurtosis": {
        "dmean": 1.50304281712,
        "dmean2": 2.46187281609,
        "dvar": 6.24199819565,
        "dvar2": 15.6826620102,
        "max": 65.6829910278,
        "mean": 1.6664968729,
        "median": 0.733550548553,
        "min": -1.87044906616,
        "var": 12.2421064377
    },
    "barkbands_skewness": {
        "dmean": 0.407794326544,
        "dmean2": 0.651893734932,
        "dvar": 0.164988577366,
        "dvar2": 0.38969451189,
        "max": 7.09158325195,
        "mean": 1.00620901585,
        "median": 0.944448947906,
        "min": -4.42301940918,
        "var": 0.629114568233
    },
    "barkbands_spread": {
        "dmean": 3.21938061714,
        "dmean2": 5.0781750679,
        "dvar": 12.6382112503,
        "dvar2": 29.5434246063,
        "max": 99.7383880615,
        "mean": 14.6326131821,
        "median": 13.561583519,
        "min": 1.54679083824,
        "var": 47.9276885986
    },
    "dissonance": {
        "dmean": 0.0217398572713,
        "dmean2": 0.0369371622801,
        "dvar": 0.000396446150262,
        "dvar2": 0.00109865737613,
        "max": 0.500000059605,
        "mean": 0.461417973042,
        "median": 0.467337578535,
        "min": 0.183669552207,
        "var": 0.000754015287384
    },
    "dynamic_complexity": 1.56126117706,
    "erbbands_crest": {
        "dmean": 2.90879011154,
        "dmean2": 4.77382612228,
        "dvar": 6.89497280121,
        "dvar2": 17.722454071,
        "max": 28.9356594086,
        "mean": 9.32191371918,
        "median": 8.39611339569,
        "min": 2.8846642971,
        "var": 15.6791706085
    },
    "erbbands_flatness_db": {
        "dmean": 0.0144847175106,
        "dmean2": 0.0218950677663,
        "dvar": 0.000180751289008,
        "dvar2": 0.000380525190849,
        "max": 0.400847017765,
        "mean": 0.245230510831,
        "median": 0.246266886592,
        "min": 0.0846438258886,
        "var": 0.00109478645027
    },
    "erbbands_kurtosis": {
        "dmean": 0.799734413624,
        "dmean2": 1.30116403103,
        "dvar": 1.35222697258,
        "dvar2": 3.28038454056,
        "max": 36.0830154419,
        "mean": 0.217960730195,
        "median": -0.181488513947,
        "min": -1.73970603943,
        "var": 2.49166798592
    },
    "erbbands_skewness": {
        "dmean": 0.362330794334,
        "dmean2": 0.580956101418,
        "dvar": 0.114449292421,
        "dvar2": 0.274570465088,
        "max": 3.70621871948,
        "mean": 0.402088433504,
        "median": 0.393518656492,
        "min": -4.69213247299,
        "var": 0.380076110363
    },
    "erbbands_spread": {
        "dmean": 4.90734195709,
        "dmean2": 7.60369825363,
        "dvar": 24.0785999298,
        "dvar2": 53.9282798767,
        "max": 95.9858856201,
        "mean": 25.2038059235,
        "median": 23.8007850647,
        "min": 2.38471460342,
        "var": 99.8064575195
    },
    "hfc": {
        "dmean": 5.9786400795,
        "dmean2": 9.22643661499,
        "dvar": 72.8656616211,
        "dvar2": 153.86328125,
        "max": 203.026947021,
        "mean": 23.9294548035,
        "median": 22.9114112854,
        "min": 1.09987155409e-16,
        "var": 190.491241455
    },
    "melbands_crest": {
        "dmean": 3.31865644455,
        "dmean2": 5.51017665863,
        "dvar": 8.62621688843,
        "dvar2": 22.4668388367,
        "max": 30.7329368591,
        "mean": 11.366060257,
        "median": 10.4843292236,
        "min": 1.56268000603,
        "var": 20.1978416443
    },
    "melbands_flatness_db": {
        "dmean": 0.0197290964425,
        "dmean2": 0.0307894051075,
        "dvar": 0.000339960533893,
        "dvar2": 0.000777500448748,
        "max": 0.396164268255,
        "mean": 0.198669731617,
        "median": 0.197479218245,
        "min": 0.00270645669661,
        "var": 0.00251456326805
    },
    "melbands_kurtosis": {
        "dmean": 2.49849390984,
        "dmean2": 4.07981538773,
        "dvar": 18.3772220612,
        "dvar2": 47.0844726562,
        "max": 142.449447632,
        "mean": 4.16758775711,
        "median": 2.66463756561,
        "min": -1.79129981995,
        "var": 35.8258361816
    },
    "melbands_skewness": {
        "dmean": 0.453134477139,
        "dmean2": 0.720361888409,
        "dvar": 0.201115712523,
        "dvar2": 0.47424980998,
        "max": 8.5992269516,
        "mean": 1.4703284502,
        "median": 1.36397135258,
        "min": -3.25771951675,
        "var": 0.755749642849
    },
    "melbands_spread": {
        "dmean": 5.31670570374,
        "dmean2": 8.54459762573,
        "dvar": 37.4461593628,
        "dvar2": 89.7874221802,
        "max": 157.937789917,
        "mean": 21.7555599213,
        "median": 19.4440383911,
        "min": 1.63569152355,
        "var": 164.287200928
    },
    "pitch_salience": {
        "dmean": 0.0679272934794,
        "dmean2": 0.112409390509,
        "dvar": 0.00330131314695,
        "dvar2": 0.00868254899979,
        "max": 0.956862866879,
        "mean": 0.613996446133,
        "median": 0.621458530426,
        "min": 0.197292581201,
        "var": 0.00821767374873
    },
    "silence_rate_20dB": {
        "dmean": 0,
        "dmean2": 0,
        "dvar": 0,
        "dvar2": 0,
        "max": 1,
        "mean": 1,
        "median": 1,
        "min": 1,
        "var": 0
    },
    "silence_rate_30dB": {
        "dmean": 0.00481134466827,
        "dmean2": 0.00962390750647,
        "dvar": 0.00478794053197,
        "dvar2": 0.0110498117283,
        "max": 1,
        "mean": 0.995315849781,
        "median": 1,
        "min": 0,
        "var": 0.00466312188655
    },
    "silence_rate_60dB": {
        "dmean": 0.00253228656948,
        "dmean2": 0.00506521482021,
        "dvar": 0.00252612354234,
        "dvar2": 0.00554525153711,
        "max": 1,
        "mean": 0.017343968153,
        "median": 0,
        "min": 0,
        "var": 0.017039956525
    },
    "spectral_centroid": {
        "dmean": 194.33996582,
        "dmean2": 305.014007568,
        "dvar": 52633.234375,
        "dvar2": 113285.273438,
        "max": 11569.2080078,
        "mean": 1271.44506836,
        "median": 1198.48486328,
        "min": 280.838989258,
        "var": 486851.3125
    },
    "spectral_complexity": {
        "dmean": 3.35097503662,
        "dmean2": 5.30707883835,
        "dvar": 9.57322978973,
        "dvar2": 21.0162620544,
        "max": 55,
        "mean": 24.0872268677,
        "median": 24,
        "min": 0,
        "var": 63.904750824
    },
    "spectral_decrease": {
        "dmean": 2.0704045145e-09,
        "dmean2": 3.26523452721e-09,
        "dvar": 9.87898165977e-18,
        "dvar2": 2.14956050887e-17,
        "max": 1.20828017849e-28,
        "mean": -6.79893785716e-09,
        "median": -6.28122576174e-09,
        "min": -9.47640614868e-08,
        "var": 1.63001018593e-17
    },
    "spectral_energy": {
        "dmean": 0.00828370638192,
        "dmean2": 0.0130400238559,
        "dvar": 0.000156647205586,
        "dvar2": 0.000339599588187,
        "max": 0.376076430082,
        "mean": 0.0278312750161,
        "median": 0.0258792638779,
        "min": 1.0154581483e-20,
        "var": 0.000263458030531
    },
    "spectral_energyband_high": {
        "dmean": 0.000138283096021,
        "dmean2": 0.000207522287383,
        "dvar": 1.16213044521e-07,
        "dvar2": 2.48720596119e-07,
        "max": 0.0102491211146,
        "mean": 0.000368213572074,
        "median": 0.000193520783796,
        "min": 7.45108463034e-21,
        "var": 3.00777031725e-07
    },
    "spectral_energyband_low": {
        "dmean": 0.000573969446123,
        "dmean2": 0.000954963616095,
        "dvar": 1.74314607193e-06,
        "dvar2": 4.62536536361e-06,
        "max": 0.0284509286284,
        "mean": 0.000973413407337,
        "median": 0.000565910711884,
        "min": 1.85482813606e-23,
        "var": 2.12721329262e-06
    },
    "spectral_energyband_middle_high": {
        "dmean": 0.00288032134995,
        "dmean2": 0.00452662445605,
        "dvar": 1.46599186337e-05,
        "dvar2": 3.58009892807e-05,
        "max": 0.0726682469249,
        "mean": 0.00905349198729,
        "median": 0.00791256036609,
        "min": 1.28639005078e-21,
        "var": 4.43484714197e-05
    },
    "spectral_energyband_middle_low": {
        "dmean": 0.00721693504602,
        "dmean2": 0.0114713301882,
        "dvar": 0.000125925056636,
        "dvar2": 0.000280356092844,
        "max": 0.355711638927,
        "mean": 0.01805290021,
        "median": 0.0152039360255,
        "min": 1.58717716036e-22,
        "var": 0.00019667444576
    },
    "spectral_entropy": {
        "dmean": 0.120703853667,
        "dmean2": 0.184468835592,
        "dvar": 0.0136822247878,
        "dvar2": 0.0285955611616,
        "max": 9.81118679047,
        "mean": 7.33528089523,
        "median": 7.34974575043,
        "min": 5.79498386383,
        "var": 0.113904245198
    },
    "spectral_flux": {
        "dmean": 0.0211486294866,
        "dmean2": 0.0337742343545,
        "dvar": 0.000594471523073,
        "dvar2": 0.00138548854738,
        "max": 0.568036019802,
        "mean": 0.0938237309456,
        "median": 0.0894188508391,
        "min": 6.57061349774e-11,
        "var": 0.0013926862739
    },
    "spectral_kurtosis": {
        "dmean": 3.45082259178,
        "dmean2": 6.05077791214,
        "dvar": 10.5348949432,
        "dvar2": 31.465801239,
        "max": 48.8388290405,
        "mean": 5.85502147675,
        "median": 4.61961650848,
        "min": -1.24694705009,
        "var": 22.0718860626
    },
    "spectral_rms": {
        "dmean": 0.000730014289729,
        "dmean2": 0.00113839330152,
        "dvar": 6.69117241614e-07,
        "dvar2": 1.41009525123e-06,
        "max": 0.0191547349095,
        "mean": 0.00503450259566,
        "median": 0.00502474512905,
        "min": 3.14752434186e-12,
        "var": 1.80612698841e-06
    },
    "spectral_rolloff": {
        "dmean": 306.312652588,
        "dmean2": 517.39440918,
        "dvar": 202779.8125,
        "dvar2": 456673.71875,
        "max": 19616.7480469,
        "mean": 1513.8067627,
        "median": 1399.65820312,
        "min": 172.265625,
        "var": 1403873.5
    },
    "spectral_skewness": {
        "dmean": 0.336999416351,
        "dmean2": 0.572721719742,
        "dvar": 0.0868934318423,
        "dvar2": 0.247917339206,
        "max": 5.60024356842,
        "mean": 1.4108697176,
        "median": 1.31006002426,
        "min": -0.795529484749,
        "var": 0.326449990273
    },
    "spectral_spread": {
        "dmean": 227382.078125,
        "dmean2": 353203.65625,
        "dvar": 345746341888,
        "dvar2": 722921783296,
        "max": 42995700,
        "mean": 2700848,
        "median": 2472689.25,
        "min": 1361219.125,
        "var": 4.22761568666e+12
    },
    "spectral_strongpeak": {
        "dmean": 0.79341840744,
        "dmean2": 1.31080234051,
        "dvar": 0.74399793148,
        "dvar2": 1.89867019653,
        "max": 11.1965284348,
        "mean": 1.55661940575,
        "median": 1.25419867039,
        "min": 0,
        "var": 1.36122965813
    },
    "zerocrossingrate": {
        "dmean": 0.00572527991608,
        "dmean2": 0.00705426372588,
        "dvar": 7.13415211067e-05,
        "dvar2": 9.04543630895e-05,
        "max": 0.6875,
        "mean": 0.054093144834,
        "median": 0.05078125,
        "min": 0.01123046875,
        "var": 0.00104454322718
    },
    "barkbands": {
        "dmean": [6.12344911133e-06, 0.000126751474454, 0.000289231509669, 0.00068288622424, 0.00261538708583, 0.0016721842112, 0.00194425869267, 0.00185816606972, 0.00247122696601, 0.00124250398949, 0.000822568312287, 0.000650579691865, 0.000605641689617, 0.000655703479424, 0.000564230023883, 0.000344851519912, 0.00031105542439, 0.00022908471874, 0.000141417025588, 0.000122379715322, 6.93032197887e-05, 3.22072919516e-05, 1.20313370644e-05, 3.05649223264e-06, 5.0006372021e-07, 1.89183668731e-09, 1.23068566449e-09],
        "dmean2": [1.07469049908e-05, 0.000209731879295, 0.000492116669193, 0.001158145722, 0.00427170842886, 0.00269232527353, 0.00314415455796, 0.00301293376833, 0.0039702677168, 0.00204128818586, 0.00134147715289, 0.00106921815313, 0.000997911556624, 0.00107938330621, 0.000929228612222, 0.000562254048418, 0.000503328978084, 0.000380461890018, 0.000230160629144, 0.000198191570234, 0.000109569089545, 4.8549460189e-05, 1.7968182874e-05, 4.47956790595e-06, 7.61716421493e-07, 3.44360939764e-09, 2.28016894255e-09],
        "dvar": [3.21884657817e-10, 7.90258098959e-08, 5.60687624329e-07, 2.68745225185e-06, 2.13584899029e-05, 1.06782781586e-05, 3.00981446344e-05, 2.04787083931e-05, 2.49085551332e-05, 6.64687786411e-06, 2.78652555608e-06, 1.83137046861e-06, 1.01019566046e-06, 1.7082653585e-06, 1.10110295282e-06, 5.33360434929e-07, 2.75984831433e-07, 1.830080123e-07, 5.21458360936e-08, 6.44797495397e-08, 3.88881957747e-08, 6.46652020819e-09, 1.18802068183e-09, 9.17468323536e-11, 2.91142717573e-12, 5.03820173345e-16, 2.72931386398e-17],
        "dvar2": [9.04002150914e-10, 2.02337815836e-07, 1.54490066961e-06, 6.92113553669e-06, 5.46058436157e-05, 2.58091513388e-05, 7.53458662075e-05, 4.88892219437e-05, 6.00850034971e-05, 1.75924596988e-05, 7.37820164431e-06, 4.52757467428e-06, 2.62002708951e-06, 4.14333680965e-06, 2.82163637166e-06, 1.34200240609e-06, 6.50492552268e-07, 4.79614925553e-07, 1.30793083031e-07, 1.55644542588e-07, 8.65469473865e-08, 1.37667246491e-08, 2.4613311389e-09, 1.90605989325e-10, 5.68108450907e-12, 1.38617354747e-15, 5.78309627156e-17],
        "max": [0.000503663904965, 0.00603372091427, 0.0147625375539, 0.0349071845412, 0.127635762095, 0.106520190835, 0.262757778168, 0.147245451808, 0.146686792374, 0.0603930428624, 0.0529047288001, 0.0462378636003, 0.0175111889839, 0.0285065267235, 0.0207418501377, 0.024014217779, 0.0134090213105, 0.0117358639836, 0.00652121938765, 0.00776247028261, 0.0063546365127, 0.00214689970016, 0.00107435649261, 0.000276732840575, 4.95741405757e-05, 1.12012219233e-06, 3.31225123773e-07],
        "mean": [5.82623488299e-06, 0.00021086090419, 0.000404035439715, 0.000890666386113, 0.00430944748223, 0.00289794313721, 0.00294718868099, 0.00276270043105, 0.00371502153575, 0.0019019410247, 0.00130460911896, 0.00104359863326, 0.00101896282285, 0.00104581657797, 0.000940459081903, 0.000598344020545, 0.000589179107919, 0.000430654588854, 0.000298419879982, 0.000265016016783, 0.000144184275996, 7.18201263226e-05, 2.63422352873e-05, 7.06057608113e-06, 1.13022178994e-06, 1.47698098196e-09, 1.00223496169e-09],
        "median": [2.0062961994e-06, 0.000116121234896, 0.000173450185684, 0.000385117018595, 0.00254365592264, 0.00167111156043, 0.00157215271611, 0.00118364358786, 0.00168878270779, 0.000702360761352, 0.000485344266053, 0.000542726949789, 0.00053858634783, 0.000521624519024, 0.000437958689872, 0.000276259088423, 0.000362462247722, 0.000250697514275, 0.000189074926311, 0.000160330877407, 7.02545439708e-05, 2.94076744467e-05, 8.47735464049e-06, 2.50016864811e-06, 5.83932489917e-07, 4.69838834505e-10, 3.86454007684e-10],
        "min": [3.34941391716e-25, 5.25902839379e-24, 3.44047602645e-24, 1.75403222276e-24, 1.77535765738e-23, 1.5623287676e-23, 1.59653661635e-23, 1.37019538324e-23, 2.98865759959e-23, 1.62081112858e-23, 2.52001174411e-23, 2.22998687453e-23, 2.56446784265e-23, 3.12321770627e-23, 5.96875006302e-23, 5.92225649453e-23, 1.12392105502e-22, 8.23357224626e-23, 1.74886385854e-22, 1.96175558119e-22, 3.04430309054e-22, 3.26039165623e-22, 3.91998059963e-22, 6.42418988208e-22, 9.5633963474e-22, 1.30050109368e-21, 2.10343184433e-21],
        "var": [2.47082909688e-10, 1.07143165451e-07, 5.99328586759e-07, 3.4504046198e-06, 3.13673845085e-05, 1.65466917679e-05, 3.24106185872e-05, 3.0276571124e-05, 3.71628084395e-05, 1.10665687316e-05, 5.14728617418e-06, 2.84903876491e-06, 1.94380504581e-06, 2.60900856119e-06, 1.87753983028e-06, 1.00304771422e-06, 6.37523328351e-07, 3.16867101446e-07, 1.13879735864e-07, 1.23288103282e-07, 7.07086513785e-08, 1.7944106645e-08, 3.58851637294e-09, 2.91447477263e-10, 7.02207823139e-12, 3.19313606953e-16, 2.66538703014e-17]
    },
    "erbbands": {
        "dmean": [0.00219701859169, 0.0366083942354, 0.259006500244, 1.25648105145, 4.75195407867, 11.2135658264, 12.2209386826, 14.3977270126, 23.2117271423, 32.0727272034, 45.5554389954, 55.7721176147, 37.4834251404, 39.7093734741, 26.4828796387, 23.924539566, 26.2630786896, 29.1631641388, 29.6233711243, 23.5741958618, 17.5809516907, 16.45221138, 13.3019628525, 8.35918331146, 6.41339874268, 5.44317865372, 3.4375269413, 2.19761347771, 1.26615273952, 0.704217493534, 0.29215413332, 0.101048633456, 0.0349852889776, 0.00815264228731, 0.00237223878503, 9.41424805205e-05, 7.20895059203e-06, 1.80548454409e-06, 4.20006745117e-06, 9.52098434936e-06],
        "dmean2": [0.00356673565693, 0.0606794580817, 0.437027394772, 2.12796807289, 7.96707391739, 18.3156204224, 19.8828296661, 23.2776298523, 37.7950325012, 52.190158844, 73.5481033325, 89.8592224121, 61.3716468811, 64.6473846436, 43.1371803284, 39.2952804565, 42.7673301697, 47.676815033, 48.34815979, 38.0706138611, 28.5270309448, 26.4906177521, 22.0442504883, 13.6276531219, 10.3654680252, 8.77548599243, 5.51423883438, 3.40003418922, 1.93323719501, 1.05140972137, 0.434001654387, 0.148549541831, 0.0509322248399, 0.0121756456792, 0.00363171938807, 0.00014542095596, 1.11472309072e-05, 2.8003096304e-06, 6.55926396576e-06, 1.49458655869e-05],
        "dvar": [2.84505749732e-05, 0.00676366640255, 0.440283149481, 8.93748092651, 91.2254638672, 485.426391602, 434.756134033, 1103.71887207, 4671.83837891, 6877.59912109, 9659.60253906, 13994.1132812, 5992.07226562, 6399.42236328, 2537.53100586, 2179.07299805, 1960.58728027, 3203.77734375, 3668.81640625, 2127.90991211, 1274.63378906, 737.83795166, 661.510131836, 166.605148315, 146.771530151, 137.526580811, 75.3850708008, 46.3151321411, 8.95875549316, 3.35925388336, 0.758406579494, 0.0949882790446, 0.0136330649257, 0.000825485796668, 6.99830052326e-05, 1.14590747557e-07, 1.46873624374e-09, 5.99947036495e-11, 3.9653769851e-11, 2.04080238819e-10],
        "dvar2": [6.68658249197e-05, 0.0176767688245, 1.20070934296, 23.403175354, 241.036743164, 1246.74731445, 1063.47875977, 2704.23852539, 11248.2822266, 17119.6972656, 22000.03125, 34326.6015625, 14886.4316406, 16835.6191406, 6368.03320312, 5306.27441406, 4984.3125, 8072.94042969, 9007.9375, 5308.04638672, 3213.37475586, 1706.88830566, 1736.64172363, 433.826171875, 339.323516846, 325.05960083, 167.262145996, 108.441246033, 19.4622268677, 7.01756572723, 1.61132633686, 0.190549358726, 0.0278810989112, 0.00149477960076, 0.000145321202581, 2.67495920525e-07, 4.06614653059e-09, 1.39313574565e-10, 8.37210301086e-11, 4.39504682648e-10],
        "max": [0.171051874757, 1.90097224712, 13.7513017654, 74.1914978027, 160.152359009, 707.847473145, 403.986328125, 1093.16638184, 2238.47680664, 3199.90332031, 3879.01611328, 2680.23535156, 2323.51904297, 2153.28125, 1393.21081543, 1338.13635254, 921.304321289, 1309.51696777, 1358.97180176, 1245.32666016, 973.388549805, 683.517211914, 773.285766602, 226.392333984, 509.369903564, 404.153839111, 276.944488525, 237.513046265, 80.4379806519, 49.5270767212, 28.4273986816, 11.3382539749, 3.71557998657, 0.969419538975, 0.32323679328, 0.0115208411589, 0.00176226091571, 0.000457278016256, 0.000184825374163, 0.000426741375122],
        "mean": [0.00364987738431, 0.0610681772232, 0.39816737175, 1.8062902689, 6.671895504, 17.6502933502, 20.9544353485, 24.5206298828, 36.3386154175, 49.3249435425, 71.5760650635, 84.1557846069, 61.5596084595, 65.0201644897, 47.0973587036, 41.5383758545, 47.4383544922, 51.2498474121, 51.2678756714, 43.4832229614, 33.5962409973, 33.0787162781, 26.2543144226, 18.1299571991, 14.4326343536, 12.0866250992, 7.46853637695, 4.52175569534, 2.82405424118, 1.53142976761, 0.65409219265, 0.236633241177, 0.0770397633314, 0.0201707221568, 0.00479691801593, 0.000188227175386, 2.34087729041e-05, 6.44614010525e-06, 1.5695750335e-05, 3.32501258526e-05],
        "median": [0.00206187134609, 0.0348075479269, 0.194439873099, 0.89793074131, 3.36886620522, 9.05977535248, 12.1644134521, 12.8957338333, 19.1470584869, 25.9604492188, 34.5206680298, 39.1356124878, 28.1684417725, 29.0472564697, 24.3699645996, 24.7861099243, 26.8608798981, 28.2043495178, 29.4418487549, 20.3501110077, 17.443977356, 20.9842071533, 15.3626565933, 11.6318283081, 9.45654010773, 7.53220558167, 3.97513699532, 2.04082584381, 1.19136285782, 0.540872454643, 0.214241549373, 0.0782987847924, 0.0283962376416, 0.0101851038635, 0.00236480613239, 8.74348916113e-05, 1.79274320544e-05, 5.31750220034e-06, 1.49659690578e-05, 3.13122582156e-05],
        "min": [1.21186251142e-22, 9.65431250362e-22, 4.25700424315e-21, 5.99834544837e-21, 1.20244394136e-20, 7.36132260918e-20, 6.95252478058e-20, 1.24308456885e-19, 2.29420946885e-19, 2.67450782343e-19, 5.20768098245e-19, 5.82495055589e-19, 5.58527652437e-19, 7.00193344179e-19, 1.0212610691e-18, 1.41764364049e-18, 1.61831910466e-18, 1.78245221091e-18, 3.15018191208e-18, 4.12237038794e-18, 4.66323028968e-18, 5.36743561492e-18, 4.92245918107e-18, 7.47459592093e-18, 9.05370852571e-18, 1.06132252218e-17, 9.9448608053e-18, 1.31228589402e-17, 1.20103506472e-17, 1.0490980335e-17, 1.24840794655e-17, 1.00888241463e-17, 1.07443498925e-17, 9.08901011272e-18, 6.73822071448e-18, 4.87856029238e-18, 2.54865555025e-18, 1.13880291715e-18, 2.62888054084e-19, 3.00313479007e-20],
        "var": [3.89533815905e-05, 0.00870964583009, 0.496243804693, 10.8696174622, 105.773612976, 702.50604248, 746.603515625, 1581.59204102, 5304.24121094, 8032.60302734, 15505.6064453, 20030.140625, 10616.3291016, 10687.8964844, 5106.06738281, 3575.48046875, 3929.94677734, 5251.85302734, 5357.42822266, 4230.43896484, 2397.07226562, 1813.55004883, 1178.03186035, 386.160644531, 303.603088379, 261.051147461, 143.168792725, 81.7286071777, 25.1688766479, 9.94090366364, 2.26381874084, 0.32811781764, 0.0376125350595, 0.00221167644486, 0.000153917440912, 2.15572754314e-07, 1.22675691827e-09, 6.60639251637e-11, 7.38129626865e-11, 3.55367291149e-10]
    },
    "gfcc": {
        "mean": [-30.5195789337, 147.820327759, -189.388397217, 26.0893936157, -75.8105926514, -12.3845119476, -32.4330291748, -16.6408672333, -10.3546323776, -19.8371448517, -2.25930142403, -21.2166938782, 3.39495968819],
        "cov": [[5272.55419922, 437.637878418, -927.467712402, 334.298095703, -338.988433838, -58.6136550903, 26.3301582336, -145.280334473, 46.0527763367, -101.769256592, 15.469171524, -42.0835189819, -30.0926895142], [437.637878418, 581.830078125, 111.88772583, -152.713668823, 92.6147003174, -109.582496643, -6.83210659027, -14.6678438187, -15.7510099411, -35.4141654968, 10.8150186539, -55.0625038147, -0.129456594586], [-927.467712402, 111.88772583, 572.447875977, 82.3510055542, 38.3562469482, 50.8506622314, -48.7916946411, 31.5239562988, -12.5508766174, 38.3118591309, -12.6450433731, -4.36668491364, -2.99919748306], [334.298095703, -152.713668823, 82.3510055542, 377.207702637, -10.1019821167, 73.5901870728, 0.769831061363, 0.369120717049, 44.4703559875, 36.4565582275, -0.918133556843, 31.1768951416, -1.99449717999], [-338.988433838, 92.6147003174, 38.3562469482, -10.1019821167, 203.794647217, -2.98159790039, 5.95416212082, 32.8874969482, 18.4291725159, 12.2857036591, 4.09988832474, -0.550064563751, 8.03974533081], [-58.6136550903, -109.582496643, 50.8506622314, 73.5901870728, -2.98159790039, 181.947662354, 42.3357200623, 18.4072494507, -9.16309738159, 19.3610916138, -0.683558642864, 17.7581176758, -3.35919547081], [26.3301582336, -6.83210659027, -48.7916946411, 0.769831061363, 5.95416212082, 42.3357200623, 138.953475952, 19.6757831573, 3.38068270683, -2.10675597191, 16.6887531281, 11.4977712631, -10.3241529465], [-145.280334473, -14.6678438187, 31.5239562988, 0.369120717049, 32.8874969482, 18.4072494507, 19.6757831573, 93.3230361938, 32.3398208618, 11.8985872269, 1.12415313721, -0.0278066806495, 0.419101715088], [46.0527763367, -15.7510099411, -12.5508766174, 44.4703559875, 18.4291725159, -9.16309738159, 3.38068270683, 32.3398208618, 99.0252380371, 31.3634033203, -3.36816239357, 1.6850014925, -4.06523990631], [-101.769256592, -35.4141654968, 38.3118591309, 36.4565582275, 12.2857036591, 19.3610916138, -2.10675597191, 11.8985872269, 31.3634033203, 84.5512695312, 24.2111873627, 7.61085605621, 7.53906965256], [15.469171524, 10.8150186539, -12.6450433731, -0.918133556843, 4.09988832474, -0.683558642864, 16.6887531281, 1.12415313721, -3.36816239357, 24.2111873627, 69.8807907104, 31.8396987915, 2.04421520233], [-42.0835189819, -55.0625038147, -4.36668491364, 31.1768951416, -0.550064563751, 17.7581176758, 11.4977712631, -0.0278066806495, 1.6850014925, 7.61085605621, 31.8396987915, 65.9054489136, 24.0288219452], [-30.0926895142, -0.129456594586, -2.99919748306, -1.99449717999, 8.03974533081, -3.35919547081, -10.3241529465, 0.419101715088, -4.06523990631, 7.53906965256, 2.04421520233, 24.0288219452, 54.3925628662]],
        "icov": [[0.00139272387605, -0.0032971885521, 0.0034091307316, -0.00289509329014, 0.0030173799023, -0.00134792504832, 0.00117924064398, -0.000577951839659, 0.000200763664907, -0.000324433727656, 0.000756121473387, -0.000751216546632, 0.000906954694074], [-0.0032971885521, 0.0109119499102, -0.00917024631053, 0.00766613287851, -0.00838163308799, 0.00436435267329, -0.00357226561755, 0.0027122865431, -0.00149197666906, 0.00295413238928, -0.00469864113256, 0.00559102697298, -0.00402756873518], [0.0034091307316, -0.00917024631053, 0.0108535923064, -0.00778910098597, 0.00745412427932, -0.00403285119683, 0.00409400928766, -0.00289212609641, 0.00207750103436, -0.00276662362739, 0.00363566586748, -0.00342912389897, 0.00354260555468], [-0.00289509329014, 0.00766613287851, -0.00778910098597, 0.00965258479118, -0.00637870794162, 0.00189775333274, -0.00244200788438, 0.00246931496076, -0.00241869897582, 0.000568696705159, -0.0014272556873, 0.000585900037549, -0.00154629710596], [0.0030173799023, -0.00838163308799, 0.00745412427932, -0.00637870794162, 0.0123928580433, -0.00317190820351, 0.00259680696763, -0.00328414933756, 0.00017789825506, -0.0016856509028, 0.00228027882986, -0.00255895219743, 0.00160875858273], [-0.00134792504832, 0.00436435267329, -0.00403285119683, 0.00189775333274, -0.00317190820351, 0.00926747452468, -0.003700789297, -0.000588239287026, 0.00226195366122, -0.0015390686458, 0.00103371520527, -0.000671833229717, 9.54619026743e-05], [0.00117924064398, -0.00357226561755, 0.00409400928766, -0.00244200788438, 0.00259680696763, -0.003700789297, 0.0101373111829, -0.00254073413089, 0.000240387642407, 0.000220392641495, -0.00060271442635, -0.00246714404784, 0.00321141676977], [-0.000577951839659, 0.0027122865431, -0.00289212609641, 0.00246931496076, -0.00328414933756, -0.000588239287026, -0.00254073413089, 0.0148378564045, -0.00586183555424, 0.00200496893376, -0.00260242819786, 0.00323265045881, -0.00257597770542], [0.000200763664907, -0.00149197666906, 0.00207750103436, -0.00241869897582, 0.00017789825506, 0.00226195366122, 0.000240387642407, -0.00586183555424, 0.0160713437945, -0.00763172097504, 0.00589898694307, -0.00445111328736, 0.00434117903933], [-0.000324433727656, 0.00295413238928, -0.00276662362739, 0.000568696705159, -0.0016856509028, -0.0015390686458, 0.000220392641495, 0.00200496893376, -0.00763172097504, 0.0200424976647, -0.011695289053, 0.00811505224556, -0.0066174636595], [0.000756121473387, -0.00469864113256, 0.00363566586748, -0.0014272556873, 0.00228027882986, 0.00103371520527, -0.00060271442635, -0.00260242819786, 0.00589898694307, -0.011695289053, 0.0280310753733, -0.0184289440513, 0.00933744013309], [-0.000751216546632, 0.00559102697298, -0.00342912389897, 0.000585900037549, -0.00255895219743, -0.000671833229717, -0.00246714404784, 0.00323265045881, -0.00445111328736, 0.00811505224556, -0.0184289440513, 0.0334655791521, -0.0162751730531], [0.000906954694074, -0.00402756873518, 0.00354260555468, -0.00154629710596, 0.00160875858273, 9.54619026743e-05, 0.00321141676977, -0.00257597770542, 0.00434117903933, -0.0066174636595, 0.00933744013309, -0.0162751730531, 0.027493769303]]
    },
    "melbands": {
        "dmean": [2.65167182079e-05, 0.000102156802313, 0.00029331157566, 0.000579916290008, 0.000431235035649, 0.000320117454976, 0.000367380067473, 0.000360221252777, 0.000397516327212, 0.000347265362507, 0.000190309088794, 0.000168288999703, 0.000101388483017, 7.38651797292e-05, 6.48013083264e-05, 6.20396895101e-05, 5.80755004194e-05, 5.25337018189e-05, 4.38237038907e-05, 2.53748439718e-05, 2.21444461204e-05, 1.89917718671e-05, 1.52677785081e-05, 1.0493764421e-05, 7.35726553103e-06, 5.31581599716e-06, 5.34197442903e-06, 3.70106999981e-06, 2.46500894718e-06, 1.85049566426e-06, 1.23905510918e-06, 8.31765532894e-07, 5.80596406508e-07, 3.6177695506e-07, 2.04062189368e-07, 1.08251526854e-07, 5.59462129957e-08, 3.02065501501e-08, 1.38689184581e-08, 6.24328144738e-09],
        "dmean2": [4.33375425928e-05, 0.000171761086676, 0.000492994731758, 0.000952722213697, 0.000701132288668, 0.000515588850249, 0.000595923920628, 0.000587686896324, 0.000640862563159, 0.000559890468139, 0.000312443735311, 0.000274658290436, 0.000164937897353, 0.000120852768305, 0.000106710438558, 0.000101807010651, 9.50818866841e-05, 8.59779538587e-05, 7.20705720596e-05, 4.07627303503e-05, 3.64975931006e-05, 3.06988295051e-05, 2.50732318818e-05, 1.74100314325e-05, 1.20502509162e-05, 8.73347471497e-06, 8.72977125255e-06, 6.0301135818e-06, 3.98772954213e-06, 2.97872065858e-06, 1.94317863134e-06, 1.29650129566e-06, 8.99220935935e-07, 5.53603683784e-07, 3.15378855476e-07, 1.67277278251e-07, 8.53344559459e-08, 4.54206983136e-08, 2.08835402304e-08, 9.63788870934e-09],
        "dvar": [3.71600838989e-09, 6.63564136971e-08, 4.12913152559e-07, 1.28100430175e-06, 5.05926777805e-07, 5.095186566e-07, 1.137710683e-06, 8.09754794773e-07, 6.91386674134e-07, 5.40908899893e-07, 1.55293719217e-07, 1.19619883776e-07, 4.1431079012e-08, 3.1617009455e-08, 1.47862300182e-08, 1.21846852608e-08, 1.33280853021e-08, 1.36287514607e-08, 7.65653673795e-09, 3.07154035539e-09, 2.18411577713e-09, 1.06583042392e-09, 8.32262370132e-10, 4.078003768e-10, 1.31562011285e-10, 9.16031209219e-11, 1.15493239972e-10, 6.83579165495e-11, 3.41117897817e-11, 3.67580479943e-11, 1.34067687507e-11, 3.78171495855e-12, 2.12852760591e-12, 9.27912260917e-13, 3.92632378433e-13, 1.27164785321e-13, 2.66159198902e-14, 9.22350608704e-15, 2.64245755709e-15, 3.7955599306e-16],
        "dvar2": [9.1192555729e-09, 1.80326892973e-07, 1.06707523173e-06, 3.32257923219e-06, 1.24702057747e-06, 1.23020015508e-06, 2.79605706055e-06, 2.01394436772e-06, 1.56506575877e-06, 1.31418869387e-06, 3.89655980371e-07, 3.14521940936e-07, 1.0758125768e-07, 7.87471492458e-08, 3.9756042014e-08, 3.24163238474e-08, 3.3096977603e-08, 3.32101457445e-08, 1.98722407418e-08, 7.34983585104e-09, 5.52577450463e-09, 2.53519827353e-09, 1.94843341461e-09, 1.08984954394e-09, 3.46422751596e-10, 2.32274907641e-10, 2.77049216901e-10, 1.65773922367e-10, 7.86494341876e-11, 8.32903884751e-11, 3.25024798742e-11, 8.63932189676e-12, 4.83514400393e-12, 1.98526937077e-12, 9.16139993729e-13, 2.80088615062e-13, 6.02864993712e-14, 2.03381826354e-14, 5.20245264511e-15, 7.31028396996e-16],
        "max": [0.0016677104868, 0.00563584826887, 0.0130756562576, 0.0344740487635, 0.0157580859959, 0.0240229126066, 0.0433023683727, 0.028627121821, 0.0307900570333, 0.0146261975169, 0.0114717129618, 0.00955173000693, 0.00716318050399, 0.00696540670469, 0.00209262710996, 0.00207835901529, 0.00271340995096, 0.00246001058258, 0.00168126926292, 0.00210596248507, 0.00126846740022, 0.000851674878504, 0.000835551065393, 0.000658135337289, 0.000192199615412, 0.000304227171, 0.000450802064734, 0.000299441831885, 0.00017260570894, 0.000238579916186, 0.000132906847284, 5.01468784933e-05, 3.8271300582e-05, 2.65221042355e-05, 2.1179263058e-05, 1.72771178768e-05, 4.45785462944e-06, 3.00646343021e-06, 1.99053215511e-06, 6.59488705423e-07],
        "mean": [4.57854148408e-05, 0.000161364470841, 0.000417901756009, 0.000894650467671, 0.00076234084554, 0.000550059659872, 0.000576335354708, 0.000553782680072, 0.000608109869063, 0.000517966691405, 0.000299332867144, 0.000265005015535, 0.00016928135301, 0.000120130149298, 0.000104392005596, 0.000104195009044, 9.35369971558e-05, 8.23363589006e-05, 7.32227854314e-05, 4.36555346823e-05, 3.81769423257e-05, 3.48007743014e-05, 2.80353324342e-05, 1.95628454094e-05, 1.42564795169e-05, 1.06343495645e-05, 1.03652000689e-05, 7.41099711377e-06, 4.95110589327e-06, 3.38719132742e-06, 2.35481547861e-06, 1.68448877957e-06, 1.15701800496e-06, 7.2296916187e-07, 4.14176412278e-07, 2.0940245804e-07, 1.14826150366e-07, 5.91552087315e-08, 2.65347619433e-08, 1.3904615237e-08],
        "median": [2.58505115198e-05, 8.5206280346e-05, 0.000212970015127, 0.000466442463221, 0.000484690826852, 0.00030608594534, 0.000316167745041, 0.000278784777038, 0.000287963426672, 0.000231143232668, 0.000122627941892, 0.000109317777969, 7.59625982028e-05, 5.66248527321e-05, 5.28718082933e-05, 5.10763202328e-05, 4.60396295239e-05, 4.06190520152e-05, 3.03858196276e-05, 1.97614735953e-05, 1.90055216081e-05, 2.00989961741e-05, 1.66255504155e-05, 1.10871023935e-05, 8.52368521009e-06, 6.80032007949e-06, 6.11347695667e-06, 4.30805494034e-06, 2.52076370089e-06, 1.55914528932e-06, 9.72709244706e-07, 6.9290376814e-07, 4.37678920662e-07, 2.30727721373e-07, 1.3016492062e-07, 6.30435366133e-08, 3.87092811138e-08, 2.12388631127e-08, 1.02192228013e-08, 7.84648968022e-09],
        "min": [1.67902653903e-24, 1.74670252166e-24, 1.40634493423e-24, 3.42676089075e-24, 2.04104190818e-24, 3.3139084218e-24, 3.47605089226e-24, 3.29925099175e-24, 4.07823890832e-24, 3.82873206476e-24, 2.63981770639e-24, 2.41227196157e-24, 2.76892425986e-24, 2.52718690736e-24, 4.67545907282e-24, 3.2950757482e-24, 2.6741335502e-24, 4.3162366657e-24, 5.1691929139e-24, 4.79282698159e-24, 5.31516689125e-24, 4.63251703501e-24, 5.92017824048e-24, 4.03541559408e-24, 5.38642903555e-24, 6.40071364975e-24, 3.81234505717e-24, 6.00092919818e-24, 6.63695895264e-24, 6.34706676946e-24, 5.59872925451e-24, 5.84425037835e-24, 5.8671778317e-24, 4.56165918192e-24, 7.46165623106e-24, 5.49606452973e-24, 5.79154421469e-24, 6.34961873449e-24, 5.93927616856e-24, 7.36954804291e-24],
        "var": [5.21625498351e-09, 7.49717301574e-08, 5.2796019645e-07, 1.72679301613e-06, 8.58021508066e-07, 7.37521077099e-07, 1.24667644741e-06, 9.90833882497e-07, 1.09085181066e-06, 8.03387877113e-07, 2.74910973985e-07, 1.95821272087e-07, 8.01786157467e-08, 4.75525325783e-08, 2.37865727115e-08, 2.18417923747e-08, 2.11364756808e-08, 1.90072331208e-08, 1.34981705813e-08, 6.17576434436e-09, 3.6284339977e-09, 2.34312280689e-09, 1.59827850954e-09, 6.97019109097e-10, 2.78726347558e-10, 1.68931660327e-10, 2.0620312402e-10, 1.1787290588e-10, 6.45482486905e-11, 5.48143405665e-11, 2.38122490476e-11, 9.49812450912e-12, 5.16231848935e-12, 2.54629065229e-12, 9.46220424063e-13, 3.20171894639e-13, 7.6745291437e-14, 2.26180023061e-14, 6.06167863164e-15, 8.83448323025e-16]
    },
    "mfcc": {
        "mean": [-639.852233887, 154.746292114, -49.8573989868, 20.6445922852, -23.6264095306, -4.20313930511, -16.9135131836, -5.92013597488, -9.90166473389, -3.22349405289, -6.1216545105, -5.68750476837, -7.26765441895],
        "cov": [[2433.09155273, -180.346359253, -301.714874268, 233.186325073, -243.047531128, 152.286499023, -86.8666534424, 112.739631653, -71.3201141357, 78.2528457642, -52.2188568115, 31.7059745789, -23.1780738831], [-180.346359253, 839.994384766, -23.4462757111, -70.157913208, 67.5701828003, -133.387817383, 34.4608001709, -61.2089805603, 0.181039407849, -43.8668518066, 30.6923656464, -36.9077835083, 3.05675292015], [-301.714874268, -23.4462757111, 474.00668335, 72.5446395874, 53.9225616455, 55.193157196, 4.90357303619, -11.8752965927, 11.3825187683, -17.1606502533, 12.9554891586, 21.7927684784, 13.9551200867], [233.186325073, -70.157913208, 72.5446395874, 243.335403442, 55.0135955811, 37.1748313904, -26.2603282928, 7.60188341141, 14.0955629349, 25.2302341461, -10.3569393158, 26.3166599274, 33.7837753296], [-243.047531128, 67.5701828003, 53.9225616455, 55.0135955811, 196.587387085, 5.26862716675, -11.7307844162, -11.4293479919, 31.9632053375, 9.92373466492, 5.3818602562, 2.78844308853, 25.2936820984], [152.286499023, -133.387817383, 55.193157196, 37.1748313904, 5.26862716675, 147.556930542, 33.1669845581, 20.7210674286, 11.7341051102, 5.13445234299, 8.78257465363, 17.5377254486, -5.74852466583], [-86.8666534424, 34.4608001709, 4.90357303619, -26.2603282928, -11.7307844162, 33.1669845581, 126.559646606, 30.6740665436, -3.19669723511, -9.53537559509, 11.1577329636, 9.23164272308, -3.15022063255], [112.739631653, -61.2089805603, -11.8752965927, 7.60188341141, -11.4293479919, 20.7210674286, 30.6740665436, 108.407920837, 13.1799678802, 14.4048852921, 5.87029743195, -2.23682284355, 2.43513083458], [-71.3201141357, 0.181039407849, 11.3825187683, 14.0955629349, 31.9632053375, 11.7341051102, -3.19669723511, 13.1799678802, 87.1611938477, 26.7634754181, 9.47326469421, 6.11075592041, 4.49414300919], [78.2528457642, -43.8668518066, -17.1606502533, 25.2302341461, 9.92373466492, 5.13445234299, -9.53537559509, 14.4048852921, 26.7634754181, 87.0328674316, 16.7162342072, 4.89327812195, 8.83305931091], [-52.2188568115, 30.6923656464, 12.9554891586, -10.3569393158, 5.3818602562, 8.78257465363, 11.1577329636, 5.87029743195, 9.47326469421, 16.7162342072, 71.3241882324, 19.9655704498, -3.98847079277], [31.7059745789, -36.9077835083, 21.7927684784, 26.3166599274, 2.78844308853, 17.5377254486, 9.23164272308, -2.23682284355, 6.11075592041, 4.89327812195, 19.9655704498, 79.612663269, 29.2339057922], [-23.1780738831, 3.05675292015, 13.9551200867, 33.7837753296, 25.2936820984, -5.74852466583, -3.15022063255, 2.43513083458, 4.49414300919, 8.83305931091, -3.98847079277, 29.2339057922, 77.7287521362]],
