{
"lowlevel": {
    "average_loudness": 0.802271008492,
    "barkbands_crest": {
        "dmean": 2.39183020592,
        "dmean2": 3.89992022514,
        "dvar": 4.40804243088,
        "dvar2": 11.2468290329,
        "max": 26.6743907928,
        "mean": 9.6787443161,
        "median": 8.96793174744,
        "min": 2.94844508171,
        "var": 13.1652030945
    },
    "barkbands_flatness_db": {
        "dmean": 0.0179317593575,
        "dmean2": 0.0280980616808,
        "dvar": 0.000267117895419,
        "dvar2": 0.000656510295812,
        "max": 0.397062659264,
        "mean": 0.171922177076,
        "median": 0.165113598108,
        "min": 0.040570769459,
        "var": 0.00173570157494
    },
    "barkbands_kurtosis": {
        "dmean": 3.01821398735,
        "dmean2": 4.84563779831,
        "dvar": 136.136932373,
        "dvar2": 395.548065186,
        "max": 700.62890625,
        "mean": 6.11889791489,
        "median": 3.68500709534,
        "min": -1.78824806213,
        "var": 116.685623169
    },
    "barkbands_skewness": {
        "dmean": 0.444937467575,
        "dmean2": 0.687560617924,
        "dvar": 0.300489455462,
        "dvar2": 0.744982004166,
        "max": 25.6366863251,
        "mean": 1.73411154747,
        "median": 1.66079497337,
        "min": -1.93598783016,
        "var": 1.0116764307
    },
    "barkbands_spread": {
        "dmean": 3.41129159927,
        "dmean2": 5.37524032593,
        "dvar": 15.0937833786,
        "dvar2": 34.3653068542,
        "max": 86.8355789185,
        "mean": 13.6988449097,
        "median": 12.4083614349,
        "min": 0.540780127048,
        "var": 64.8838577271
    },
    "dissonance": {
        "dmean": 0.0239305533469,
        "dmean2": 0.0400906391442,
        "dvar": 0.000496411405038,
        "dvar2": 0.0013693618821,
        "max": 0.499999940395,
        "mean": 0.450946301222,
        "median": 0.459839314222,
        "min": 0.265334695578,
        "var": 0.00124001700897
    },
    "dynamic_complexity": 2.40640759468,
    "erbbands_crest": {
        "dmean": 2.77549934387,
        "dmean2": 4.49511384964,
        "dvar": 6.30894088745,
        "dvar2": 15.9620923996,
        "max": 30.8117828369,
        "mean": 10.3826742172,
        "median": 8.88732624054,
        "min": 2.08399009705,
        "var": 26.0695323944
    },
    "erbbands_flatness_db": {
        "dmean": 0.014808094129,
        "dmean2": 0.0219372343272,
        "dvar": 0.000177328125574,
        "dvar2": 0.00037462261389,
        "max": 0.365818619728,
        "mean": 0.185336783528,
        "median": 0.181565374136,
        "min": 0.0256117153913,
        "var": 0.00121543020941
    },
    "erbbands_kurtosis": {
        "dmean": 1.36557304859,
        "dmean2": 2.14742636681,
        "dvar": 6.88414335251,
        "dvar2": 15.7924690247,
        "max": 93.1012039185,
        "mean": 1.42986047268,
        "median": 0.275131225586,
        "min": -1.83125519753,
        "var": 19.4241447449
    },
    "erbbands_skewness": {
        "dmean": 0.399416536093,
        "dmean2": 0.623309612274,
        "dvar": 0.135675489902,
        "dvar2": 0.329740583897,
        "max": 7.74182271957,
        "mean": 0.819915652275,
        "median": 0.730245649815,
        "min": -3.28255653381,
        "var": 0.742160499096
    },
    "erbbands_spread": {
        "dmean": 6.73514986038,
        "dmean2": 10.0386753082,
        "dvar": 57.6491470337,
        "dvar2": 120.172950745,
        "max": 135.403594971,
        "mean": 33.4486732483,
        "median": 30.1159172058,
        "min": 1.36522579193,
        "var": 313.153198242
    },
    "hfc": {
        "dmean": 3.8048658371,
        "dmean2": 5.48420095444,
        "dvar": 18.9742279053,
        "dvar2": 36.2328491211,
        "max": 83.0080108643,
        "mean": 15.4854488373,
        "median": 12.6175556183,
        "min": 1.45722378608e-10,
        "var": 127.093635559
    },
    "melbands_crest": {
        "dmean": 2.85492181778,
        "dmean2": 4.68957233429,
        "dvar": 6.65029144287,
        "dvar2": 16.9913196564,
        "max": 39.287853241,
        "mean": 12.2905073166,
        "median": 11.510974884,
        "min": 2.32851672173,
        "var": 18.4042625427
    },
    "melbands_flatness_db": {
        "dmean": 0.0221061557531,
        "dmean2": 0.0340281389654,
        "dvar": 0.000420399184804,
        "dvar2": 0.000984448124655,
        "max": 0.494622588158,
        "mean": 0.23791462183,
        "median": 0.228507369757,
        "min": 0.0127028804272,
        "var": 0.00343852303922
    },
    "melbands_kurtosis": {
        "dmean": 5.44355154037,
        "dmean2": 8.475689888,
        "dvar": 192.104385376,
        "dvar2": 525.512756348,
        "max": 755.715148926,
        "mean": 12.5828094482,
        "median": 8.93138504028,
        "min": -1.2062407732,
        "var": 244.91633606
    },
    "melbands_skewness": {
        "dmean": 0.574427843094,
        "dmean2": 0.873473584652,
        "dvar": 0.440155625343,
        "dvar2": 1.01106882095,
        "max": 24.9398860931,
        "mean": 2.38758683205,
        "median": 2.29152560234,
        "min": -1.11234986782,
        "var": 1.83226430416
    },
    "melbands_spread": {
        "dmean": 3.68192648888,
        "dmean2": 5.78507232666,
        "dvar": 20.51603508,
        "dvar2": 44.6576728821,
        "max": 151.402542114,
        "mean": 14.7041330338,
        "median": 13.0116348267,
        "min": 0.605518996716,
        "var": 80.7162017822
    },
    "pitch_salience": {
        "dmean": 0.0673914626241,
        "dmean2": 0.110344730318,
        "dvar": 0.00334768951871,
        "dvar2": 0.00873027183115,
        "max": 0.947589218616,
        "mean": 0.58527725935,
        "median": 0.601970255375,
        "min": 0.0371059551835,
        "var": 0.0115753943101
    },
    "silence_rate_20dB": {
        "dmean": 0,
        "dmean2": 0,
        "dvar": 0,
        "dvar2": 0,
        "max": 1,
        "mean": 1,
        "median": 1,
        "min": 1,
        "var": 0
    },
    "silence_rate_30dB": {
        "dmean": 0,
        "dmean2": 0,
        "dvar": 0,
        "dvar2": 0,
        "max": 1,
        "mean": 1,
        "median": 1,
        "min": 1,
        "var": 0
    },
    "silence_rate_60dB": {
        "dmean": 0.00206185574643,
        "dmean2": 0.00399536034092,
        "dvar": 0.00205739028752,
        "dvar2": 0.00475210463628,
        "max": 1,
        "mean": 0.00618476979434,
        "median": 0,
        "min": 0,
        "var": 0.00614641280845
    },
    "spectral_centroid": {
        "dmean": 172.41116333,
        "dmean2": 271.668395996,
        "dvar": 53291.5859375,
        "dvar2": 110902.78125,
        "max": 11056.3417969,
        "mean": 892.199829102,
        "median": 835.538696289,
        "min": 181.910903931,
        "var": 196476.015625
    },
    "spectral_complexity": {
        "dmean": 2.52680420876,
        "dmean2": 4.00051546097,
        "dvar": 5.93874979019,
        "dvar2": 13.0652809143,
        "max": 47,
        "mean": 16.4022674561,
        "median": 16,
        "min": 0,
        "var": 48.4150123596
    },
    "spectral_decrease": {
        "dmean": 2.01591587867e-09,
        "dmean2": 3.10089998123e-09,
        "dvar": 5.06364236803e-18,
        "dvar2": 1.13235367943e-17,
        "max": -3.36674298046e-22,
        "mean": -6.99272195703e-09,
        "median": -6.00710325926e-09,
        "min": -3.02415088527e-08,
        "var": 1.73690078079e-17
    },
    "spectral_energy": {
        "dmean": 0.00789473950863,
        "dmean2": 0.0121102640405,
        "dvar": 7.71904014982e-05,
        "dvar2": 0.000171217776369,
        "max": 0.117250680923,
        "mean": 0.027796767652,
        "median": 0.0239311978221,
        "min": 1.44881241742e-14,
        "var": 0.000272296078037
    },
    "spectral_energyband_high": {
        "dmean": 0.000111585060949,
        "dmean2": 0.000149753541336,
        "dvar": 4.47061943021e-08,
        "dvar2": 7.55961906407e-08,
        "max": 0.00439697271213,
        "mean": 0.000267821247689,
        "median": 9.56493458943e-05,
        "min": 1.16142540396e-14,
        "var": 1.62258587011e-07
    },
    "spectral_energyband_low": {
        "dmean": 0.00249982136302,
        "dmean2": 0.00411433167756,
        "dvar": 1.22462770378e-05,
        "dvar2": 3.28034293489e-05,
        "max": 0.0615330561996,
        "mean": 0.00587837677449,
        "median": 0.00447119632736,
        "min": 1.85259049287e-16,
        "var": 2.67054674623e-05
    },
    "spectral_energyband_middle_high": {
        "dmean": 0.00136747362558,
        "dmean2": 0.00201217643917,
        "dvar": 4.67453264719e-06,
        "dvar2": 9.68680797087e-06,
        "max": 0.0428786575794,
        "mean": 0.00437431782484,
        "median": 0.00241080205888,
        "min": 2.12494350796e-15,
        "var": 2.91560481855e-05
    },
    "spectral_energyband_middle_low": {
        "dmean": 0.00664200820029,
        "dmean2": 0.0101963346824,
        "dvar": 6.55971671222e-05,
        "dvar2": 0.000146329140989,
        "max": 0.113494716585,
        "mean": 0.0187383349985,
        "median": 0.014889633283,
        "min": 4.76328024976e-16,
        "var": 0.000197490880964
    },
    "spectral_entropy": {
        "dmean": 0.164465904236,
        "dmean2": 0.248069837689,
        "dvar": 0.0287799350917,
        "dvar2": 0.0617790222168,
        "max": 9.79357910156,
        "mean": 7.13694238663,
        "median": 7.18478488922,
        "min": 4.76404047012,
        "var": 0.177369743586
    },
    "spectral_flux": {
        "dmean": 0.0199760068208,
        "dmean2": 0.0322228260338,
        "dvar": 0.000383359903935,
        "dvar2": 0.000923853658605,
        "max": 0.265628129244,
        "mean": 0.0789184272289,
        "median": 0.0742740258574,
        "min": 1.17892504932e-05,
        "var": 0.00113210012205
    },
    "spectral_kurtosis": {
        "dmean": 2.2851793766,
        "dmean2": 3.79040408134,
        "dvar": 5.64614105225,
        "dvar2": 15.0045681,
        "max": 42.7194061279,
        "mean": 6.79957866669,
        "median": 5.98966407776,
        "min": -1.1513055563,
        "var": 19.904088974
    },
    "spectral_rms": {
        "dmean": 0.000719310541172,
        "dmean2": 0.00109430716839,
        "dvar": 4.73354731412e-07,
        "dvar2": 1.00827048755e-06,
        "max": 0.0106953689829,
        "mean": 0.00499061355367,
        "median": 0.00483192596585,
        "min": 3.75962150301e-09,
        "var": 2.21252480515e-06
    },
    "spectral_rolloff": {
        "dmean": 244.625534058,
        "dmean2": 419.829071045,
        "dvar": 229021.46875,
        "dvar2": 448637.46875,
        "max": 17118.8964844,
        "mean": 862.37677002,
        "median": 602.9296875,
        "min": 21.533203125,
        "var": 469033.53125
    },
    "spectral_skewness": {
        "dmean": 0.286832809448,
        "dmean2": 0.458634078503,
        "dvar": 0.091841109097,
        "dvar2": 0.223524212837,
        "max": 5.42397069931,
        "mean": 1.94000196457,
        "median": 1.86584818363,
        "min": -0.0050510391593,
        "var": 0.447082012892
    },
    "spectral_spread": {
        "dmean": 370998.3125,
        "dmean2": 525962.4375,
        "dvar": 336556556288,
        "dvar2": 453637046272,
        "max": 39422600,
        "mean": 3760621.25,
        "median": 3551850.25,
        "min": 1874939.625,
        "var": 1.14826687283e+12
    },
    "spectral_strongpeak": {
        "dmean": 0.521445691586,
        "dmean2": 0.845708012581,
        "dvar": 0.389802217484,
        "dvar2": 0.951997756958,
        "max": 8.31418228149,
        "mean": 1.08175384998,
        "median": 0.667396187782,
        "min": 0,
        "var": 1.16059720516
    },
    "zerocrossingrate": {
        "dmean": 0.0054846694693,
        "dmean2": 0.00692787952721,
        "dvar": 4.84387892357e-05,
        "dvar2": 6.60602745484e-05,
        "max": 0.54345703125,
        "mean": 0.0394023023546,
        "median": 0.03662109375,
        "min": 0.005859375,
        "var": 0.000358778022928
    },
    "barkbands": {
        "dmean": [1.19493652164e-05, 0.00127998227254, 0.00116134854034, 0.0016878497554, 0.00310837151483, 0.00224997126497, 0.00139209139161, 0.00101780577097, 0.00072334415745, 0.00075834285235, 0.000323116168147, 0.000265890586888, 0.000243522794335, 0.000250831420999, 0.000195444619749, 0.000145975165651, 0.000158681054018, 9.34064519242e-05, 0.000126417624415, 4.57426540379e-05, 3.79527955374e-05, 3.22096166201e-05, 3.0372346373e-05, 1.33630937853e-05, 5.78276376473e-06, 1.67084252212e-07, 1.77188113071e-08],
        "dmean2": [1.95675966097e-05, 0.00212294794619, 0.00191343750339, 0.00283193890937, 0.00481605855748, 0.00354798999615, 0.00217369175516, 0.00163105083629, 0.00111312686931, 0.00118428422138, 0.000505429750774, 0.000433911802247, 0.0003849369823, 0.000393174268538, 0.000318528153002, 0.000230939389439, 0.000254022394074, 0.000147796905367, 0.000197819812456, 7.20690732123e-05, 5.78218059673e-05, 4.81511488033e-05, 4.28759194619e-05, 1.81294144568e-05, 8.21294088382e-06, 2.88167910867e-07, 2.96701418989e-08],
        "dvar": [3.58900825725e-10, 5.48001298739e-06, 3.87672071156e-06, 6.5784643084e-06, 2.78039897239e-05, 1.22945930343e-05, 6.45660247756e-06, 5.83646897212e-06, 2.52617792285e-06, 4.13706356994e-06, 7.94243533164e-07, 4.07266725233e-07, 4.22513835474e-07, 4.18944665626e-07, 1.50576909164e-07, 1.20568742545e-07, 1.04064532991e-07, 3.0620821434e-08, 4.59668854091e-08, 8.16005929494e-09, 5.82028603091e-09, 4.39589875612e-09, 5.54320767066e-09, 1.08582631775e-09, 3.62642749163e-10, 2.03320331762e-14, 1.5837050189e-15],
        "dvar2": [8.41613223557e-10, 1.47171476783e-05, 1.01786145024e-05, 1.88536287169e-05, 5.99029299337e-05, 3.00045176118e-05, 1.49121851791e-05, 1.38493878694e-05, 5.61661090615e-06, 9.53875678533e-06, 1.83129759534e-06, 1.08060578441e-06, 9.93807930172e-07, 9.62995613918e-07, 3.92089049228e-07, 2.87860785875e-07, 2.61734271589e-07, 7.13327423796e-08, 1.14117149508e-07, 1.88898230391e-08, 1.24667183243e-08, 9.02871999386e-09, 1.08005933086e-08, 2.06071071318e-09, 7.52991446973e-10, 5.80099932933e-14, 4.29742038735e-15],
        "max": [0.000315841956763, 0.0383207127452, 0.0474627912045, 0.0384652130306, 0.0696267336607, 0.0672599375248, 0.0447710715234, 0.0587770752609, 0.0475507490337, 0.0485218800604, 0.0268404148519, 0.0101547911763, 0.0170923024416, 0.0183560643345, 0.00822183210403, 0.00677556963637, 0.00772055517882, 0.00440570572391, 0.00543656433001, 0.00211713975295, 0.0020206598565, 0.00150060083251, 0.00227392534725, 0.00102084409446, 0.000715829432011, 3.60659373655e-06, 2.23896790885e-06],
        "mean": [1.85113403859e-05, 0.00276528857648, 0.0019193753833, 0.00257097906433, 0.00566779170185, 0.00424873549491, 0.00246422854252, 0.00175130926073, 0.00139780540485, 0.00134417589288, 0.00053573952755, 0.000485761498567, 0.000436056754552, 0.000457281625131, 0.000338113430189, 0.000278986059129, 0.000330426875735, 0.00019351078663, 0.00027574080741, 9.12173418328e-05, 6.65839397698e-05, 6.43830644549e-05, 5.59804357181e-05, 2.59705720964e-05, 1.19320584417e-05, 8.43179236654e-07, 3.66085224357e-08],
        "median": [6.82894551574e-06, 0.00197961716913, 0.000963779399171, 0.00150818179827, 0.00316578010097, 0.00230672187172, 0.00110863579903, 0.000480155285913, 0.000407463405281, 0.00026729964884, 0.000126812388771, 0.000121755030705, 9.85526130535e-05, 9.61307086982e-05, 0.000128332452732, 9.5805276942e-05, 0.000105267412437, 8.06890602689e-05, 0.000105016915768, 3.44587788277e-05, 1.95684715436e-05, 1.85881654033e-05, 1.33435005409e-05, 8.17365071271e-06, 5.49207697986e-06, 8.25683969197e-07, 3.19177217989e-08],
        "min": [8.41240433035e-17, 9.89711412055e-17, 3.54348358724e-17, 1.47711329432e-17, 2.17770681814e-17, 6.66701419494e-17, 7.07469843164e-17, 9.53124485642e-17, 1.70642900212e-16, 1.10964638048e-16, 8.4268581535e-17, 4.87960957098e-17, 1.78531543043e-16, 2.37687874093e-16, 3.40434982298e-17, 8.44410255317e-17, 5.13824003029e-16, 4.94333086699e-16, 2.85747173561e-16, 2.80123113019e-16, 8.26739520146e-16, 8.73296368454e-16, 6.38318470397e-16, 1.48111164717e-15, 2.02472002855e-15, 2.24505045054e-15, 3.37139166512e-15],
        "var": [8.13523359788e-10, 8.69132600201e-06, 7.93558501755e-06, 9.97182269202e-06, 5.88312213949e-05, 3.54277653969e-05, 1.65283890965e-05, 1.69810664374e-05, 6.92897401677e-06, 1.20499544209e-05, 2.32249271903e-06, 1.11458541596e-06, 1.16295586849e-06, 1.38529321703e-06, 3.55487856041e-07, 3.01800128e-07, 3.32037586759e-07, 9.69651452465e-08, 1.77581071625e-07, 2.22595328836e-08, 1.51948729155e-08, 1.29772725899e-08, 1.22480408038e-08, 2.41289455083e-09, 6.29205243463e-10, 2.82432921045e-14, 1.41783214502e-15]
    },
    "erbbands": {
        "dmean": [0.0257521737367, 0.331697493792, 1.08237659931, 3.46747207642, 9.46391010284, 9.34285163879, 16.611125946, 18.596780777, 21.7468910217, 15.9013185501, 22.9476070404, 16.4759693146, 24.4524288177, 15.2770442963, 11.4617176056, 10.932100296, 10.9979276657, 12.3029327393, 9.75194740295, 10.2801465988, 6.82755756378, 8.29303455353, 4.43742704391, 6.95616006851, 4.02336597443, 2.05396580696, 1.61835241318, 1.41904234886, 1.10212397575, 1.18569552898, 0.81128013134, 0.343728303909, 0.200429916382, 0.0921658724546, 0.0280900541693, 0.00182047393173, 0.000165279067005, 1.59173923748e-05, 5.93763343204e-06, 8.90966475708e-06],
        "dmean2": [0.0404495857656, 0.552180469036, 1.79201245308, 5.7449054718, 14.4801177979, 15.1125059128, 25.9875869751, 29.4090194702, 34.3705101013, 24.7953243256, 36.4038887024, 25.2330112457, 37.5913200378, 23.9302978516, 17.8556537628, 17.6231536865, 17.3816432953, 19.0550384521, 15.8123598099, 16.5218811035, 10.6433210373, 13.229883194, 6.86451148987, 10.7772846222, 6.23063516617, 3.25540065765, 2.60763335228, 2.04043054581, 1.60904717445, 1.73246824741, 1.14230310917, 0.476823717356, 0.270739048719, 0.128570646048, 0.0412653237581, 0.0028791828081, 0.000277600833215, 2.65820453933e-05, 9.55637187872e-06, 1.35829368446e-05],
        "dvar": [0.00253353337757, 0.361828923225, 3.26988005638, 22.5921211243, 387.350891113, 228.037582397, 1091.50512695, 940.239868164, 1605.77038574, 1341.7286377, 2844.56079102, 1536.17041016, 5256.24414062, 1421.82019043, 925.077392578, 640.550476074, 840.437927246, 1112.4005127, 434.956726074, 561.009521484, 240.335525513, 339.181030273, 83.1003189087, 155.951293945, 45.7609138489, 14.3718271255, 10.9661455154, 9.36147212982, 5.18496417999, 7.42091941833, 4.31086111069, 0.62496650219, 0.313725650311, 0.0808964818716, 0.0106181101874, 1.46091197166e-05, 3.36243850541e-08, 1.02175801153e-09, 9.14637116045e-11, 9.80474867962e-11],
        "dvar2": [0.00583863770589, 0.991243243217, 8.58850288391, 63.2879180908, 806.427734375, 584.949707031, 2311.08007812, 2357.84130859, 3805.67114258, 2959.96582031, 6988.08447266, 3414.40576172, 12267.8720703, 3296.86279297, 2089.88891602, 1655.69030762, 1946.11621094, 2523.81225586, 1139.12927246, 1436.20947266, 572.383056641, 864.664978027, 181.56149292, 388.493682861, 107.789665222, 33.7651100159, 26.1569519043, 18.6497650146, 9.86174869537, 15.8073272705, 8.4828042984, 1.24747419357, 0.595336914062, 0.165099143982, 0.0227364227176, 3.22576452163e-05, 8.07159068472e-08, 2.56148013911e-09, 2.42627973268e-10, 2.13809414618e-10],
        "max": [0.712503552437, 10.2296142578, 34.2481994629, 67.8497085571, 295.281311035, 280.988525391, 906.552001953, 595.848876953, 702.849182129, 1283.31982422, 1238.70202637, 1224.58508301, 1861.97839355, 1233.06201172, 1322.1348877, 494.462036133, 739.442016602, 1020.5456543, 524.133239746, 503.706237793, 456.37677002, 359.334960938, 310.377593994, 300.72454834, 229.922821045, 77.21849823, 107.228561401, 82.3078613281, 41.1465072632, 64.4976577759, 73.2769241333, 19.4440536499, 21.8062934875, 11.3213701248, 5.0273566246, 0.18786072731, 0.00765740033239, 0.00167894805782, 0.000518286193255, 0.000129873063997],
        "mean": [0.0584337040782, 0.703698217869, 1.98600888252, 5.97950935364, 14.6401824951, 16.8545475006, 31.2602443695, 33.9182815552, 38.9002990723, 28.8633480072, 42.6697387695, 32.5729484558, 46.433391571, 27.6617240906, 20.8271064758, 21.2223110199, 21.137796402, 24.1761188507, 18.1596412659, 18.8503341675, 15.4791030884, 18.3075561523, 10.8351011276, 16.4809913635, 8.98082256317, 4.2534828186, 2.87048459053, 2.63937473297, 2.20589923859, 2.1708920002, 1.52394604683, 0.642912507057, 0.390654116869, 0.183462023735, 0.0596730783582, 0.00777994422242, 0.000903399777599, 7.765461487e-05, 2.25689982472e-05, 3.24460488628e-05],
        "median": [0.0414495244622, 0.490663588047, 1.22163271904, 3.84902691841, 6.42792463303, 10.3780126572, 14.5868167877, 18.576751709, 18.5320148468, 13.1021633148, 12.6011142731, 11.0260515213, 8.88228607178, 8.37460327148, 6.31217908859, 6.11623954773, 5.60238265991, 5.26024341583, 7.15354585648, 6.6625084877, 6.42779064178, 5.74165248871, 4.42036437988, 5.96299886703, 4.1024222374, 1.85442280769, 0.928384542465, 0.814345061779, 0.6984385252, 0.512371718884, 0.348646879196, 0.19910722971, 0.124937467277, 0.0732582658529, 0.0326072275639, 0.00689088972285, 0.000866264977958, 7.20018215361e-05, 2.07818120543e-05, 2.79356772808e-05],
        "min": [4.06198588559e-15, 1.81778454322e-14, 4.08992941782e-14, 4.98206856358e-14, 3.92502938246e-14, 7.57107931578e-14, 2.77179050111e-13, 6.2727438261e-13, 9.26714976458e-13, 1.34971200882e-12, 2.56099503583e-12, 3.85424071131e-12, 3.70564820149e-12, 3.57283213431e-12, 3.01942173521e-12, 2.21440335686e-12, 7.28552287943e-12, 1.40491273129e-11, 3.98122680656e-12, 1.94587835428e-12, 8.26305603802e-12, 2.9974835114e-11, 2.40029940368e-11, 2.7901904745e-11, 8.04397087134e-12, 1.3160351281e-11, 2.92885334041e-11, 3.11399274422e-11, 3.38202937877e-11, 2.6922903143e-11, 2.08059264262e-11, 3.56278652414e-11, 1.86573152761e-11, 1.73494135725e-11, 1.68925776145e-11, 6.10973121054e-12, 6.25743987875e-12, 1.66435355081e-12, 5.13344792022e-13, 4.60681839898e-14],
        "var": [0.00449453480542, 0.568531632423, 6.13365364075, 43.3349838257, 670.711914062, 408.949310303, 3939.71948242, 2159.1105957, 3733.96899414, 3200.54833984, 8781.43164062, 3707.96191406, 15167.1113281, 3637.66748047, 2828.43505859, 1896.31542969, 2428.49682617, 4023.77758789, 1068.62207031, 1212.74755859, 754.348388672, 1075.16723633, 346.818878174, 673.601318359, 151.750320435, 40.8872718811, 24.5505313873, 25.3518409729, 14.1429491043, 18.7208156586, 9.62424564362, 1.38644397259, 0.630249917507, 0.148993417621, 0.0162166785449, 2.43348185904e-05, 6.22121660854e-08, 1.19622400874e-09, 1.21449808543e-10, 3.60432461655e-10]
    },
    "gfcc": {
        "mean": [-17.3317909241, 130.535736084, -116.325439453, 35.5576019287, -65.2693405151, 7.12250566483, -45.42993927, 6.20324468613, -19.9524307251, -5.05263376236, -7.99677467346, -5.07062768936, -4.93655920029],
        "cov": [[2190.21020508, -125.640312195, -965.913085938, 170.563400269, -229.586914062, -10.9892044067, 50.5136909485, -69.4064102173, 99.6256790161, -107.43283844, -2.61581468582, -125.060775757, 25.4323234558], [-125.640312195, 414.430175781, 181.802932739, -211.728164673, 198.752838135, -64.1373062134, 20.158290863, 55.7416687012, -3.3252351284, 41.8993606567, 41.9832839966, 38.1919555664, -19.2954959869], [-965.913085938, 181.802932739, 855.495300293, 31.0466098785, 75.1188735962, 57.3060722351, -62.8251991272, 1.76073288918, -54.9618911743, 50.6012191772, 15.3944015503, 52.7879447937, 1.69801568985], [170.563400269, -211.728164673, 31.0466098785, 422.443237305, 8.23099040985, -37.1234321594, -80.3971786499, -26.3468074799, 22.283197403, -45.1233901978, -36.5242195129, 1.13795542717, 22.6005439758], [-229.586914062, 198.752838135, 75.1188735962, 8.23099040985, 311.830688477, -88.1516647339, -49.3084106445, 74.5853424072, 3.59981799126, 14.8445205688, 6.06166315079, 50.1431350708, -8.9862203598], [-10.9892044067, -64.1373062134, 57.3060722351, -37.1234321594, -88.1516647339, 197.578811646, 77.3203659058, -14.0368900299, -17.5084171295, 11.2065181732, 1.17288422585, -44.9112739563, -1.77457284927], [50.5136909485, 20.158290863, -62.8251991272, -80.3971786499, -49.3084106445, 77.3203659058, 145.097625732, 24.0761508942, -15.5393371582, 16.3440971375, 6.68448543549, -23.0994701385, -18.4340190887], [-69.4064102173, 55.7416687012, 1.76073288918, -26.3468074799, 74.5853424072, -14.0368900299, 24.0761508942, 98.0323791504, 23.7713718414, 7.64432907104, 11.5182790756, 15.6340503693, -12.3448171616], [99.6256790161, -3.3252351284, -54.9618911743, 22.283197403, 3.59981799126, -17.5084171295, -15.5393371582, 23.7713718414, 80.994644165, 20.258846283, -5.41054439545, -3.80326128006, -3.13181066513], [-107.43283844, 41.8993606567, 50.6012191772, -45.1233901978, 14.8445205688, 11.2065181732, 16.3440971375, 7.64432907104, 20.258846283, 78.0094985962, 26.4682884216, -2.81017255783, -10.279291153], [-2.61581468582, 41.9832839966, 15.3944015503, -36.5242195129, 6.06166315079, 1.17288422585, 6.68448543549, 11.5182790756, -5.41054439545, 26.4682884216, 62.2259941101, 22.374753952, -8.09656906128], [-125.060775757, 38.1919555664, 52.7879447937, 1.13795542717, 50.1431350708, -44.9112739563, -23.0994701385, 15.6340503693, -3.80326128006, -2.81017255783, 22.374753952, 79.6546173096, 22.4057350159], [25.4323234558, -19.2954959869, 1.69801568985, 22.6005439758, -8.9862203598, -1.77457284927, -18.4340190887, -12.3448171616, -3.13181066513, -10.279291153, -8.09656906128, 22.4057350159, 70.318862915]],
        "icov": [[0.00394851341844, -0.00859007611871, 0.00627573253587, -0.00610579224303, 0.00626446399838, -0.00375779508613, 0.00349766761065, -0.000672842550557, 7.10638487362e-05, 0.0015635387972, -0.00153079500888, 0.00212597684003, -0.00109174160752], [-0.00859007611871, 0.0291471686214, -0.0171205531806, 0.0188286136836, -0.0211043693125, 0.013341977261, -0.014032535255, 0.00598613545299, -0.00641694990918, 0.00197345321067, -0.00394856790081, 4.78101283079e-05, 1.14648528324e-05], [0.00627573253587, -0.0171205531806, 0.0129026873037, -0.0118071725592, 0.0125181665644, -0.00908862333745, 0.00948563124985, -0.00347961648367, 0.00442000338808, -0.00172887893859, 0.00141720450483, -0.000112357127364, -9.51085894485e-05], [-0.00610579224303, 0.0188286136836, -0.0118071725592, 0.0153327863663, -0.0138276815414, 0.00866006687284, -0.00790564436466, 0.00418560532853, -0.00484933238477, 0.00222305743955, -0.00101140979677, -0.000393971102312, -3.61074635293e-05], [0.00626446399838, -0.0211043693125, 0.0125181665644, -0.0138276815414, 0.0207497142255, -0.00866610743105, 0.0125121995807, -0.00915592908859, 0.00734666455537, -0.00416314881295, 0.00516200205311, -0.00225683208555, 0.00122296169866], [-0.00375779508613, 0.013341977261, -0.00908862333745, 0.00866006687284, -0.00866610743105, 0.0149818081409, -0.011170534417, 0.00377753935754, -0.0037280684337, 0.00232786685228, -0.00434766802937, 0.00537439109758, -0.00257710763253], [0.00349766761065, -0.014032535255, 0.00948563124985, -0.00790564436466, 0.0125121995807, -0.011170534417, 0.0206875801086, -0.00977891497314, 0.0097494572401, -0.00688866805285, 0.00637274142355, -0.00268796202727, 0.0032373003196], [-0.000672842550557, 0.00598613545299, -0.00347961648367, 0.00418560532853, -0.00915592908859, 0.00377753935754, -0.00977891497314, 0.0202206373215, -0.0112352287397, 0.00714368885383, -0.00705598434433, 0.0011323770741, -9.3075883342e-05], [7.10638487362e-05, -0.00641694990918, 0.00442000338808, -0.00484933238477, 0.00734666455537, -0.0037280684337, 0.0097494572401, -0.0112352287397, 0.0244033988565, -0.0136901605874, 0.010709784925, -0.00449186749756, 0.0028435101267], [0.0015635387972, 0.00197345321067, -0.00172887893859, 0.00222305743955, -0.00416314881295, 0.00232786685228, -0.00688866805285, 0.00714368885383, -0.0136901605874, 0.0262961909175, -0.0156505908817, 0.0086862379685, -0.00305717461742], [-0.00153079500888, -0.00394856790081, 0.00141720450483, -0.00101140979677, 0.00516200205311, -0.00434766802937, 0.00637274142355, -0.00705598434433, 0.010709784925, -0.0156505908817, 0.0318539887667, -0.0149636929855, 0.00736759230494], [0.00212597684003, 4.78101283079e-05, -0.000112357127364, -0.000393971102312, -0.00225683208555, 0.00537439109758, -0.00268796202727, 0.0011323770741, -0.00449186749756, 0.0086862379685, -0.0149636929855, 0.026625148952, -0.0104218879715], [-0.00109174160752, 1.14648528324e-05, -9.51085894485e-05, -3.61074635293e-05, 0.00122296169866, -0.00257710763253, 0.0032373003196, -9.3075883342e-05, 0.0028435101267, -0.00305717461742, 0.00736759230494, -0.0104218879715, 0.0194051805884]]
    },
    "melbands": {
        "dmean": [0.00029744967469, 0.000509991659783, 0.000755770190153, 0.000654927804135, 0.000529794371687, 0.000414627109421, 0.00031790137291, 0.000178204849362, 0.000182057512575, 0.000102393481939, 0.000123433987028, 6.51278969599e-05, 4.49772378488e-05, 3.08735470753e-05, 2.78037932731e-05, 2.2830638045e-05, 2.50578523264e-05, 1.6838494048e-05, 1.41152868309e-05, 1.10437786134e-05, 9.02116244106e-06, 9.98450923362e-06, 5.79527704758e-06, 4.37316793978e-06, 6.38724168311e-06, 4.54838482256e-06, 1.74369540673e-06, 1.41160899148e-06, 1.1481980664e-06, 9.88855504147e-07, 8.23999016575e-07, 7.08201980615e-07, 6.31196542145e-07, 7.12048858986e-07, 5.54441555778e-07, 2.87459158699e-07, 1.93379108282e-07, 1.5671349729e-07, 1.1302699221e-07, 7.46834416532e-08],
        "dmean2": [0.000484169955598, 0.000847362622153, 0.00121739855967, 0.00104053306859, 0.000829695956782, 0.000655732757878, 0.000499380636029, 0.000281164131593, 0.000287234957796, 0.000157153161126, 0.000190273975022, 0.000102267789771, 7.02327815816e-05, 5.00731439388e-05, 4.38372444478e-05, 3.56857999577e-05, 3.8909020077e-05, 2.74758094747e-05, 2.2602667741e-05, 1.77177789737e-05, 1.4364431081e-05, 1.60786203196e-05, 9.17640954867e-06, 6.91970808475e-06, 9.98643372441e-06, 7.2090329013e-06, 2.73128739536e-06, 2.2725873805e-06, 1.87418515907e-06, 1.48818310208e-06, 1.20325080388e-06, 1.07063453925e-06, 9.57274096436e-07, 1.06207562567e-06, 7.99434133114e-07, 4.19414419639e-07, 2.68279393367e-07, 2.16679083564e-07, 1.58864850164e-07, 1.08820394473e-07],
        "dvar": [3.1280666235e-07, 6.67536085075e-07, 1.35163350024e-06, 1.53500309352e-06, 9.9815986232e-07, 4.3958178253e-07, 3.34939329605e-07, 1.72892271166e-07, 1.69673811001e-07, 5.73613618826e-08, 1.31311864493e-07, 2.66458890508e-08, 1.56984203414e-08, 5.98253580009e-09, 4.72283900876e-09, 4.05980982165e-09, 5.42096101341e-09, 1.45083622893e-09, 7.41113226344e-10, 7.41583294772e-10, 4.37492791994e-10, 5.06434227887e-10, 1.72958758426e-10, 6.92781873535e-11, 1.46273076984e-10, 6.97037635944e-11, 1.42552514931e-11, 8.0200264832e-12, 5.71818590742e-12, 5.42057588052e-12, 2.83647931532e-12, 2.27973933134e-12, 1.9613575087e-12, 2.93909579833e-12, 2.47712223997e-12, 4.2237491716e-13, 2.07614280585e-13, 1.87018518619e-13, 1.30966377608e-13, 5.87530512523e-14],
        "dvar2": [7.91168190517e-07, 1.78883044555e-06, 3.39715143127e-06, 3.48990465682e-06, 2.10038228943e-06, 1.10296309686e-06, 7.87465580743e-07, 3.84765655781e-07, 4.0915128352e-07, 1.29666261728e-07, 3.05583682803e-07, 6.17852649043e-08, 3.70913362246e-08, 1.56854209621e-08, 1.21875718406e-08, 8.76322481247e-09, 1.22807639613e-08, 3.73728958891e-09, 1.8603177887e-09, 1.80227599511e-09, 1.08831554879e-09, 1.30240429552e-09, 4.2196296457e-10, 1.60818761086e-10, 3.71784325548e-10, 1.68489167063e-10, 3.23608917441e-11, 1.90822427304e-11, 1.43709471406e-11, 1.16771592396e-11, 5.83000227955e-12, 4.60544059486e-12, 4.49130359639e-12, 6.24096217414e-12, 5.02060415811e-12, 9.01040581123e-13, 4.25187174965e-13, 3.70295591065e-13, 2.71140396376e-13, 1.28463090317e-13],
        "max": [0.0082346778363, 0.0132103543729, 0.0162782315165, 0.0172699522227, 0.0266487300396, 0.0119537115097, 0.0101123191416, 0.0145628424361, 0.00938829872757, 0.00752288894728, 0.00929909944534, 0.00510207097977, 0.00355929858051, 0.00155310041737, 0.00183055817615, 0.00230076466687, 0.00234245159663, 0.00107262609527, 0.000438910443336, 0.000617079494987, 0.000581314670853, 0.000433191395132, 0.000445612473413, 0.000182709074579, 0.000297479680739, 0.000266360962996, 0.000136394592118, 6.43838502583e-05, 4.64930490125e-05, 7.14829802746e-05, 3.01749969367e-05, 2.59828102571e-05, 3.13944728987e-05, 5.02639013575e-05, 6.55222975183e-05, 1.26857012219e-05, 1.21670864246e-05, 1.64422399394e-05, 1.30623238874e-05, 8.3735494627e-06],
        "mean": [0.000672374095302, 0.0010347312782, 0.00130725814961, 0.00112151145004, 0.00103513232898, 0.000769378209952, 0.000576191174332, 0.000317058846122, 0.000339157675626, 0.00019657392113, 0.000229758355999, 0.000112953603093, 7.48697420931e-05, 5.59747204534e-05, 4.98011213494e-05, 4.28292769357e-05, 4.62130228698e-05, 2.86203594442e-05, 2.51790406764e-05, 2.10777361644e-05, 1.78571372089e-05, 2.0432191377e-05, 1.19271589938e-05, 9.01698695088e-06, 1.43519209814e-05, 9.01140356291e-06, 3.72602062271e-06, 2.57710644291e-06, 1.86624299658e-06, 1.57474914886e-06, 1.49768141e-06, 1.33692037707e-06, 1.08576523417e-06, 1.22596190977e-06, 1.01019497833e-06, 4.80197456909e-07, 3.47810328094e-07, 2.9091796705e-07, 2.05482251658e-07, 1.39794906318e-07],
        "median": [0.000495157961268, 0.000731286243536, 0.000799130939413, 0.000630854163319, 0.000528912001755, 0.000426877202699, 0.000273612648016, 0.000132288536406, 9.70856708591e-05, 5.67615497857e-05, 4.08944106312e-05, 3.12336451316e-05, 1.9166884158e-05, 1.46223901538e-05, 1.30603639263e-05, 1.00223287518e-05, 8.59282772581e-06, 9.46574891714e-06, 9.18565456232e-06, 6.79648337609e-06, 6.92855928719e-06, 5.94841685597e-06, 3.49419246959e-06, 3.77668766305e-06, 4.48796754426e-06, 3.36293419423e-06, 1.40089775869e-06, 8.46072452987e-07, 5.34467062607e-07, 3.75280791332e-07, 4.83589133182e-07, 3.83932388104e-07, 3.03503952637e-07, 2.53698601682e-07, 2.07106410244e-07, 1.50413953293e-07, 9.87032890976e-08, 8.72135075269e-08, 7.43451025187e-08, 5.62525173109e-08],
        "min": [3.59295395096e-17, 2.27719844786e-17, 8.41632781343e-18, 3.46041806877e-18, 8.54573856591e-18, 1.40317195024e-17, 1.43263562735e-17, 1.57168071785e-17, 2.2435897687e-17, 2.44869085594e-17, 1.82199665543e-17, 1.43850563185e-17, 1.10662885869e-17, 5.81156832455e-18, 7.59923549563e-18, 2.21245154715e-17, 2.67621317e-17, 7.00098373505e-18, 2.71343158263e-18, 3.4747909523e-18, 1.03173667049e-17, 2.98255884811e-17, 3.07472860592e-17, 1.91662330509e-17, 2.42817942373e-17, 6.58476671674e-18, 4.43405121557e-18, 9.65357411567e-18, 1.68015337835e-17, 2.13756010342e-17, 1.54648032962e-17, 1.86065444505e-17, 1.74588660922e-17, 1.31107407443e-17, 1.14304010848e-17, 9.46248298646e-18, 2.88024223117e-17, 1.54469014534e-17, 6.71787331218e-18, 1.82404475463e-17],
        "var": [5.15727720085e-07, 1.21309312817e-06, 2.50494485954e-06, 2.52654103861e-06, 3.57875569534e-06, 1.07273842787e-06, 8.2694481307e-07, 4.28008490871e-07, 5.15444185112e-07, 1.38703171615e-07, 3.83422246841e-07, 6.6978572022e-08, 3.98256609913e-08, 1.62201967413e-08, 1.11003739534e-08, 1.39273677036e-08, 1.93076754584e-08, 3.23383053669e-09, 1.81966064439e-09, 1.84802706471e-09, 1.12285369891e-09, 1.47775758297e-09, 5.19178755543e-10, 2.0466107975e-10, 5.77138337121e-10, 2.09397207906e-10, 4.87630595625e-11, 2.1571567449e-11, 1.14044104021e-11, 1.30172470025e-11, 7.19365626095e-12, 5.94411499188e-12, 4.63331543271e-12, 6.84160410616e-12, 5.39266504715e-12, 8.05347867387e-13, 4.61310135057e-13, 3.7549062709e-13, 2.15509264622e-13, 9.51043307692e-14]
    },
    "mfcc": {
        "mean": [-657.32598877, 150.26675415, 8.65798664093, 24.9188423157, 5.32408046722, -2.45093297958, -8.10171413422, 2.1628305912, -6.87688302994, -1.37148368359, 0.225241839886, -5.47064065933, -0.614327311516],
        "cov": [[2837.19824219, -608.561767578, -784.707824707, -18.9108791351, -327.932495117, 14.543009758, -140.738113403, 42.1995773315, 14.6936883926, 89.1753692627, -75.0694580078, -15.8833007812, -96.884552002], [-608.561767578, 811.930053711, -37.1853866577, -107.003707886, 130.206481934, -93.5721359253, 93.4857940674, -0.569827973843, -6.65921068192, -35.6045074463, 74.3669052124, 67.3486938477, 75.9069061279], [-784.707824707, -37.1853866577, 698.043334961, 5.87782096863, 33.2838401794, 103.298332214, 45.8946685791, -43.7338142395, -7.75747251511, -27.2558574677, -17.1189613342, 22.6873149872, 25.5278339386], [-18.9108791351, -107.003707886, 5.87782096863, 351.221954346, 174.574462891, -30.7654685974, -78.7058563232, 14.5223340988, 3.29152297974, -36.3069496155, -23.8863716125, -47.922328949, 35.6596069336], [-327.932495117, 130.206481934, 33.2838401794, 174.574462891, 296.366088867, -34.0064239502, -43.1138076782, 16.6253738403, -3.04547595978, -17.2208919525, -3.15590953827, -47.1897125244, 44.4323005676], [14.543009758, -93.5721359253, 103.298332214, -30.7654685974, -34.0064239502, 117.432388306, 36.2584342957, -20.5701179504, 9.56968593597, 17.2334346771, -7.3404750824, 4.06729841232, -13.5259113312], [-140.738113403, 93.4857940674, 45.8946685791, -78.7058563232, -43.1138076782, 36.2584342957, 146.898925781, 17.6574745178, 2.96591854095, 10.692492485, 9.86389827728, 34.449382782, -5.84651184082], [42.1995773315, -0.569827973843, -43.7338142395, 14.5223340988, 16.6253738403, -20.5701179504, 17.6574745178, 89.3040161133, 15.4407997131, -6.98473834991, 8.34831523895, -10.9574651718, 2.9593000412], [14.6936883926, -6.65921068192, -7.75747251511, 3.29152297974, -3.04547595978, 9.56968593597, 2.96591854095, 15.4407997131, 70.2238922119, 22.5491809845, -7.39129686356, 4.5227355957, -4.50345039368], [89.1753692627, -35.6045074463, -27.2558574677, -36.3069496155, -17.2208919525, 17.2334346771, 10.692492485, -6.98473834991, 22.5491809845, 92.0505523682, 20.7990226746, -1.61490857601, -12.4643239975], [-75.0694580078, 74.3669052124, -17.1189613342, -23.8863716125, -3.15590953827, -7.3404750824, 9.86389827728, 8.34831523895, -7.39129686356, 20.7990226746, 94.8625335693, 32.6111297607, 6.37851333618], [-15.8833007812, 67.3486938477, 22.6873149872, -47.922328949, -47.1897125244, 4.06729841232, 34.449382782, -10.9574651718, 4.5227355957, -1.61490857601, 32.6111297607, 106.707199097, 36.3635215759], [-96.884552002, 75.9069061279, 25.5278339386, 35.6596069336, 44.4323005676, -13.5259113312, -5.84651184082, 2.9593000412, -4.50345039368, -12.4643239975, 6.37851333618, 36.3635215759, 94.8453216553]],
