{
"lowlevel": {
    "average_loudness": 0.818823039532,
    "barkbands_crest": {
        "dmean": 2.67986750603,
        "dmean2": 4.39827013016,
        "dvar": 5.29310512543,
        "dvar2": 13.6416091919,
        "max": 26.9077682495,
        "mean": 9.64834785461,
        "median": 9.06076908112,
        "min": 2.45065164566,
        "var": 13.4695167542
    },
    "barkbands_flatness_db": {
        "dmean": 0.0273964535445,
        "dmean2": 0.0437753796577,
        "dvar": 0.000699625175912,
        "dvar2": 0.00163310323842,
        "max": 0.730801045895,
        "mean": 0.206864282489,
        "median": 0.204874038696,
        "min": 0.0448461920023,
        "var": 0.00227702013217
    },
    "barkbands_kurtosis": {
        "dmean": 9.30731487274,
        "dmean2": 13.6820211411,
        "dvar": 84970.359375,
        "dvar2": 131361.578125,
        "max": 28128.9375,
        "mean": 12.6382732391,
        "median": 3.24046993256,
        "min": -1.90889799595,
        "var": 143491.5
    },
    "barkbands_skewness": {
        "dmean": 0.689600110054,
        "dmean2": 1.03632569313,
        "dvar": 2.56691336632,
        "dvar2": 4.10136890411,
        "max": 148.14050293,
        "mean": 1.65134263039,
        "median": 1.61177062988,
        "min": -7.16581439972,
        "var": 7.12905788422
    },
    "barkbands_spread": {
        "dmean": 5.31122541428,
        "dmean2": 8.28685474396,
        "dvar": 50.967048645,
        "dvar2": 111.081977844,
        "max": 91.6696853638,
        "mean": 15.9061126709,
        "median": 12.1393928528,
        "min": 0.0128143606707,
        "var": 154.616317749
    },
    "dissonance": {
        "dmean": 0.0209790002555,
        "dmean2": 0.0345206670463,
        "dvar": 0.000421431206632,
        "dvar2": 0.00112283311319,
        "max": 0.5,
        "mean": 0.457715004683,
        "median": 0.463589429855,
        "min": 0.236523240805,
        "var": 0.000985231250525
    },
    "dynamic_complexity": 4.07048845291,
    "erbbands_crest": {
        "dmean": 2.93470573425,
        "dmean2": 4.79858207703,
        "dvar": 6.90610218048,
        "dvar2": 17.4069213867,
        "max": 29.3798542023,
        "mean": 9.58080101013,
        "median": 8.73056030273,
        "min": 2.70850205421,
        "var": 15.4195995331
    },
    "erbbands_flatness_db": {
        "dmean": 0.0192933939397,
        "dmean2": 0.0292291305959,
        "dvar": 0.000363796891179,
        "dvar2": 0.000776101602241,
        "max": 0.470462918282,
        "mean": 0.227908536792,
        "median": 0.223745048046,
        "min": 0.0676743090153,
        "var": 0.00146981852595
    },
    "erbbands_kurtosis": {
        "dmean": 1.34667396545,
        "dmean2": 2.14610815048,
        "dvar": 5.68188905716,
        "dvar2": 14.0771551132,
        "max": 71.8812332153,
        "mean": 0.833098232746,
        "median": 0.116155385971,
        "min": -1.87059140205,
        "var": 8.45502948761
    },
    "erbbands_skewness": {
        "dmean": 0.465012341738,
        "dmean2": 0.711546063423,
        "dvar": 0.221692115068,
        "dvar2": 0.490159481764,
        "max": 6.62558698654,
        "mean": 0.443973720074,
        "median": 0.525216639042,
        "min": -5.81396532059,
        "var": 0.877148032188
    },
    "erbbands_spread": {
        "dmean": 8.16001701355,
        "dmean2": 12.6277666092,
        "dvar": 80.0157699585,
        "dvar2": 180.614730835,
        "max": 177.326065063,
        "mean": 32.5380325317,
        "median": 30.1796894073,
        "min": 1.28269827366,
        "var": 243.053024292
    },
    "hfc": {
        "dmean": 5.42265224457,
        "dmean2": 7.62044334412,
        "dvar": 130.055648804,
        "dvar2": 239.327972412,
        "max": 240.4425354,
        "mean": 12.7947568893,
        "median": 7.77307033539,
        "min": 1.12028127618e-16,
        "var": 305.90637207
    },
    "melbands_crest": {
        "dmean": 3.53951406479,
        "dmean2": 5.81900548935,
        "dvar": 9.74016094208,
        "dvar2": 25.049621582,
        "max": 39.9969291687,
        "mean": 12.8528251648,
        "median": 12.0314531326,
        "min": 1.85781037807,
        "var": 23.6925621033
    },
    "melbands_flatness_db": {
        "dmean": 0.0339504741132,
        "dmean2": 0.0517163015902,
        "dvar": 0.00122395285871,
        "dvar2": 0.00263072666712,
        "max": 0.723946928978,
        "mean": 0.240362405777,
        "median": 0.243256613612,
        "min": 0.00327587290667,
        "var": 0.00503726070747
    },
    "melbands_kurtosis": {
        "dmean": 22.1236381531,
        "dmean2": 31.6583557129,
        "dvar": 563719.9375,
        "dvar2": 1188363.5,
        "max": 75100.875,
        "mean": 26.113243103,
        "median": 8.05634593964,
        "min": -1.94077908993,
        "var": 649938.0625
    },
    "melbands_skewness": {
        "dmean": 0.881782472134,
        "dmean2": 1.31166493893,
        "dvar": 5.99035596848,
        "dvar2": 9.52468490601,
        "max": 263.573516846,
        "mean": 2.50004267693,
        "median": 2.29059553146,
        "min": -5.44363975525,
        "var": 14.1082544327
    },
    "melbands_spread": {
        "dmean": 8.18241119385,
        "dmean2": 12.7215528488,
        "dvar": 190.430358887,
        "dvar2": 419.42010498,
        "max": 186.922027588,
        "mean": 20.6925926208,
        "median": 13.4913654327,
        "min": 0.0123237920925,
        "var": 471.843719482
    },
    "pitch_salience": {
        "dmean": 0.0774947926402,
        "dmean2": 0.126554951072,
        "dvar": 0.00494119431823,
        "dvar2": 0.0124278040603,
        "max": 0.920827329159,
        "mean": 0.604338109493,
        "median": 0.605395495892,
        "min": 0.00134311406873,
        "var": 0.0159956477582
    },
    "silence_rate_20dB": {
        "dmean": 0,
        "dmean2": 0,
        "dvar": 0,
        "dvar2": 0,
        "max": 1,
        "mean": 1,
        "median": 1,
        "min": 1,
        "var": 0
    },
    "silence_rate_30dB": {
        "dmean": 0.00692754145712,
        "dmean2": 0.0138563802466,
        "dvar": 0.00688017671928,
        "dvar2": 0.01741110906,
        "max": 1,
        "mean": 0.994196414948,
        "median": 1,
        "min": 0,
        "var": 0.00577055942267
    },
    "silence_rate_60dB": {
        "dmean": 0.0458715595305,
        "dmean2": 0.0917517095804,
        "dvar": 0.0437688529491,
        "dvar2": 0.0970055982471,
        "max": 1,
        "mean": 0.140316396952,
        "median": 0,
        "min": 0,
        "var": 0.120616920292
    },
    "spectral_centroid": {
        "dmean": 279.694793701,
        "dmean2": 422.478759766,
        "dvar": 152750.875,
        "dvar2": 287881.4375,
        "max": 11356.0556641,
        "mean": 1151.16723633,
        "median": 861.217163086,
        "min": 150.30506897,
        "var": 710216.1875
    },
    "spectral_complexity": {
        "dmean": 3.19846463203,
        "dmean2": 4.80179738998,
        "dvar": 13.5211896896,
        "dvar2": 25.5737876892,
        "max": 57,
        "mean": 13.7521295547,
        "median": 13,
        "min": 0,
        "var": 64.587059021
    },
    "spectral_decrease": {
        "dmean": 2.32336283545e-09,
        "dmean2": 3.50224049761e-09,
        "dvar": 1.35002071551e-17,
        "dvar2": 2.95949242042e-17,
        "max": 8.53747110051e-29,
        "mean": -5.47282397179e-09,
        "median": -3.98419253145e-09,
        "min": -5.62052804298e-08,
        "var": 3.12965372946e-17
    },
    "spectral_energy": {
        "dmean": 0.00918458774686,
        "dmean2": 0.0137952743098,
        "dvar": 0.000208098819712,
        "dvar2": 0.000451871310361,
        "max": 0.230059757829,
        "mean": 0.0218162462115,
        "median": 0.0159830003977,
        "min": 1.00630277757e-20,
        "var": 0.000488739402499
    },
    "spectral_energyband_high": {
        "dmean": 0.000211398291867,
        "dmean2": 0.000287735543679,
        "dvar": 7.61405885896e-07,
        "dvar2": 1.26723148242e-06,
        "max": 0.0312897451222,
        "mean": 0.000344190048054,
        "median": 8.10281853774e-05,
        "min": 7.25949861448e-21,
        "var": 1.6964858105e-06
    },
    "spectral_energyband_low": {
        "dmean": 0.00350225390866,
        "dmean2": 0.00564782042056,
        "dvar": 5.94411467318e-05,
        "dvar2": 0.000145374142448,
        "max": 0.120306588709,
        "mean": 0.00565033126622,
        "median": 0.00267687882297,
        "min": 3.40711391548e-23,
        "var": 8.59585634316e-05
    },
    "spectral_energyband_middle_high": {
        "dmean": 0.0014701122418,
        "dmean2": 0.00210387632251,
        "dvar": 1.26834002003e-05,
        "dvar2": 2.37279946305e-05,
        "max": 0.0977648869157,
        "mean": 0.00307736662216,
        "median": 0.00146383664105,
        "min": 1.55428135769e-21,
        "var": 2.93568518828e-05
    },
    "spectral_energyband_middle_low": {
        "dmean": 0.00680594425648,
        "dmean2": 0.0105981258675,
        "dvar": 0.00013457921159,
        "dvar2": 0.000317388970871,
        "max": 0.197881892323,
        "mean": 0.0141299124807,
        "median": 0.00958115141839,
        "min": 2.48913080579e-22,
        "var": 0.000262636167463
    },
    "spectral_entropy": {
        "dmean": 0.202651396394,
        "dmean2": 0.306853353977,
        "dvar": 0.0429808422923,
        "dvar2": 0.0924819409847,
        "max": 9.81126594543,
        "mean": 7.20912981033,
        "median": 7.18723535538,
        "min": 5.31104707718,
        "var": 0.186671286821
    },
    "spectral_flux": {
        "dmean": 0.0241676047444,
        "dmean2": 0.0379066392779,
        "dvar": 0.000845183560159,
        "dvar2": 0.00176941684913,
        "max": 0.428026348352,
        "mean": 0.0774983689189,
        "median": 0.0674441978335,
        "min": 6.45972164648e-11,
        "var": 0.00250382698141
    },
    "spectral_kurtosis": {
        "dmean": 3.59938311577,
        "dmean2": 6.29350614548,
        "dvar": 15.3636188507,
        "dvar2": 43.6884727478,
        "max": 56.1844139099,
        "mean": 5.38163566589,
        "median": 4.16894054413,
        "min": -1.33691895008,
        "var": 24.1854248047
    },
    "spectral_rms": {
        "dmean": 0.000887585745659,
        "dmean2": 0.00128695229068,
        "dvar": 1.04735067907e-06,
        "dvar2": 2.06390291169e-06,
        "max": 0.0149816069752,
        "mean": 0.0040629459545,
        "median": 0.00394881889224,
        "min": 3.1333030788e-12,
        "var": 4.77660341858e-06
    },
    "spectral_rolloff": {
        "dmean": 412.198638916,
        "dmean2": 668.965332031,
        "dvar": 523120.125,
        "dvar2": 998482.1875,
        "max": 19099.9511719,
        "mean": 1241.44580078,
        "median": 710.595703125,
        "min": 21.533203125,
        "var": 1711111.75
    },
    "spectral_skewness": {
        "dmean": 0.400473713875,
        "dmean2": 0.663295686245,
        "dvar": 0.152940958738,
        "dvar2": 0.4041685462,
        "max": 5.76791763306,
        "mean": 1.40932571888,
        "median": 1.39236092567,
        "min": -0.631291866302,
        "var": 0.473109871149
    },
    "spectral_spread": {
        "dmean": 373603.09375,
        "dmean2": 582675.3125,
        "dvar": 352961200128,
        "dvar2": 601647349760,
        "max": 41928900,
        "mean": 2952941.75,
        "median": 2832906.25,
        "min": 875227.9375,
        "var": 1.46430702387e+12
    },
    "spectral_strongpeak": {
        "dmean": 0.455969661474,
        "dmean2": 0.735675573349,
        "dvar": 0.392433911562,
        "dvar2": 0.89695250988,
        "max": 11.6275997162,
        "mean": 0.777014374733,
        "median": 0.509623944759,
        "min": 0,
        "var": 0.741983532906
    },
    "zerocrossingrate": {
        "dmean": 0.00898635014892,
        "dmean2": 0.0102423401549,
        "dvar": 0.000158358670888,
        "dvar2": 0.000172365966137,
        "max": 0.6240234375,
        "mean": 0.0467800237238,
        "median": 0.037109375,
        "min": 0,
        "var": 0.00119216227904
    },
    "barkbands": {
        "dmean": [2.38215361605e-05, 0.00123550486751, 0.00207054615021, 0.00238013314083, 0.0025522550568, 0.00164361763746, 0.00115877622738, 0.00125791807659, 0.000798352877609, 0.000317981786793, 0.000273520941846, 0.000180260845809, 0.00024442927679, 0.000237391228438, 0.000212045531953, 0.00021315223421, 0.000153678309289, 0.000135372014483, 0.000200298192794, 0.000149849031004, 6.73692265991e-05, 5.9579127992e-05, 3.79798475478e-05, 1.49781608343e-05, 3.00962312849e-07, 9.34570532074e-10, 8.71667404923e-10],
        "dmean2": [4.12379849877e-05, 0.00194300792646, 0.00348795228638, 0.00400932179764, 0.00429536215961, 0.00254099373706, 0.00180431478657, 0.00190534628928, 0.00121215672698, 0.000490035978146, 0.000428888452007, 0.000288278533844, 0.00036321094376, 0.000374519237084, 0.000326571433106, 0.000329062720994, 0.000240082707023, 0.000214890649659, 0.000307104259264, 0.000221276262891, 9.88526735455e-05, 8.37773550302e-05, 5.25398827449e-05, 2.069448783e-05, 4.56045285091e-07, 1.6955061799e-09, 1.61544144728e-09],
        "dvar": [1.54377977069e-09, 9.44449038798e-06, 2.77983945125e-05, 3.20751496474e-05, 2.73383320746e-05, 1.88809881365e-05, 8.92555999599e-06, 1.5367875676e-05, 6.75127284921e-06, 9.49720401877e-07, 9.12010762022e-07, 8.33598335248e-07, 1.51986921537e-06, 8.05330614639e-07, 4.73404980994e-07, 5.53722259156e-07, 1.86225591392e-07, 3.26494784986e-07, 1.01513853679e-06, 3.59598431032e-07, 1.19689133271e-07, 7.81253675086e-08, 4.29387156942e-08, 1.63554787491e-08, 3.64334300576e-12, 7.38174076127e-18, 2.0615038653e-18],
        "dvar2": [4.27994040209e-09, 2.36213418248e-05, 6.93833571859e-05, 8.47206756589e-05, 7.41906478652e-05, 4.52640852018e-05, 2.15644849959e-05, 3.33667048835e-05, 1.55135603563e-05, 2.07887114811e-06, 2.19709363591e-06, 1.71631995727e-06, 2.74164108305e-06, 1.77108483967e-06, 9.97870643005e-07, 1.19063838611e-06, 3.91667214217e-07, 7.74647446633e-07, 2.33951141126e-06, 6.85434827119e-07, 2.43623162532e-07, 1.38953680562e-07, 7.89392800016e-08, 3.30286198391e-08, 7.81469593897e-12, 2.16075275887e-17, 6.49696438984e-18],
        "max": [0.000613941811025, 0.0959616303444, 0.0836191028357, 0.0965724363923, 0.0712788328528, 0.173022329807, 0.118270732462, 0.111755654216, 0.0877914950252, 0.0301683638245, 0.0428669378161, 0.0509594380856, 0.0661184117198, 0.0404713302851, 0.0213084928691, 0.0258619617671, 0.0111350929365, 0.0200586356223, 0.0379729382694, 0.0272766724229, 0.0165563877672, 0.00937882158905, 0.00809690263122, 0.00927971675992, 8.36795661598e-05, 1.60896647117e-07, 2.05372252537e-08],
        "mean": [2.70319451374e-05, 0.00191469409037, 0.00242428225465, 0.00296252476983, 0.00380918919109, 0.00267396075651, 0.00163243687712, 0.00174183060881, 0.00110087660141, 0.000452697859146, 0.000401036173571, 0.000240655775997, 0.000345547799952, 0.00033422652632, 0.000298793776892, 0.000312338990625, 0.000233872036915, 0.000183288473636, 0.00024951150408, 0.000213746578083, 9.34751806199e-05, 8.76603298821e-05, 6.012295853e-05, 2.20736892516e-05, 3.72962574602e-07, 8.27483859211e-10, 7.07396752286e-10],
        "median": [1.33619232656e-05, 0.000509793695528, 0.000803875504062, 0.000770465296227, 0.00184043939225, 0.0010098204948, 0.000556437997147, 0.000331028015353, 0.000240645720623, 0.000125573613332, 0.00010687327449, 7.72008497734e-05, 7.57117450121e-05, 9.36810247367e-05, 8.98574726307e-05, 9.12607501959e-05, 7.04298654455e-05, 5.34989812877e-05, 4.37909366156e-05, 4.66155797767e-05, 2.12900977203e-05, 1.48437484313e-05, 1.00264369394e-05, 3.01238014799e-06, 3.5560439926e-08, 2.50399645463e-10, 2.1313784071e-10],
        "min": [8.45410990857e-25, 1.55655477909e-23, 7.25620924121e-24, 3.27318623858e-24, 1.55244654927e-23, 1.59097672469e-23, 1.67131889467e-23, 3.38064794765e-23, 3.88943861906e-23, 2.98128332785e-23, 3.96084283721e-23, 5.71758811039e-23, 4.44789155544e-23, 4.96626183813e-23, 8.4480969741e-23, 1.27371905138e-22, 1.06362999375e-22, 1.50944053484e-22, 1.66822952604e-22, 2.1802946644e-22, 3.40067384437e-22, 3.53430385249e-22, 5.14328121552e-22, 7.24149420854e-22, 8.72828017279e-22, 1.62618992933e-21, 2.20855809913e-21],
        "var": [1.63131130826e-09, 1.35400950967e-05, 2.90792813757e-05, 3.80087985832e-05, 3.45005682902e-05, 2.8753076549e-05, 1.16219216579e-05, 2.34174167417e-05, 9.64763421507e-06, 1.42571104789e-06, 1.46151035096e-06, 1.0232600971e-06, 2.67811878985e-06, 1.242723215e-06, 7.84447706792e-07, 8.64881599227e-07, 3.42693681432e-07, 3.84208135529e-07, 1.21843015677e-06, 6.18343733549e-07, 1.81069523819e-07, 1.61968657153e-07, 1.04038171855e-07, 2.62407393592e-08, 7.55998388891e-12, 5.68294008493e-18, 1.70037118213e-18]
    },
    "erbbands": {
        "dmean": [0.0206937920302, 0.347472459078, 1.98302805424, 5.02811193466, 10.0693883896, 7.48707723618, 8.29218673706, 14.9739675522, 15.797129631, 21.7051677704, 25.7028560638, 17.9556045532, 12.724817276, 8.39059734344, 11.0320596695, 7.37197160721, 10.6538467407, 11.5759391785, 10.7087287903, 11.3216629028, 10.454580307, 8.2091884613, 7.33402299881, 7.82201004028, 11.1243076324, 7.06846523285, 3.33857178688, 2.44030857086, 2.1895802021, 1.62596380711, 0.964426934719, 0.523055970669, 0.124059654772, 0.00983203668147, 0.000351588096237, 3.3580174204e-05, 8.37233437778e-06, 2.52510949394e-06, 4.9120831136e-06, 1.05862536657e-05],
        "dmean2": [0.0305517520756, 0.547682821751, 3.28078341484, 8.41610908508, 17.0504455566, 12.4054450989, 12.954826355, 23.3116149902, 24.9224910736, 32.9850921631, 38.3348846436, 27.0280437469, 19.4058742523, 12.6998119354, 17.138092041, 11.577132225, 15.8593912125, 17.9739093781, 16.4676856995, 17.401927948, 15.9218206406, 12.6504793167, 11.5747528076, 11.9272594452, 16.7913818359, 10.4826955795, 4.9510550499, 3.51576399803, 3.1190943718, 2.20202255249, 1.35918605328, 0.710714638233, 0.171237230301, 0.0137935010716, 0.000475443113828, 4.44835241069e-05, 1.13950318337e-05, 3.49471474692e-06, 7.16964541425e-06, 1.57820359163e-05],
        "dvar": [0.00198661023751, 0.786529123783, 27.8507442474, 129.119003296, 686.792297363, 189.330734253, 309.152160645, 2010.19018555, 2143.66308594, 3066.04492188, 6983.68603516, 3342.52661133, 1569.06286621, 1250.55859375, 1421.28417969, 884.299377441, 2501.65917969, 1946.30932617, 1392.82714844, 1155.09094238, 1397.18359375, 560.390319824, 983.954345703, 1564.30114746, 3054.40527344, 825.131347656, 319.635681152, 143.952606201, 108.810531616, 65.4151306152, 28.8427524567, 16.9781970978, 0.922885000706, 0.00346364732832, 4.60620185549e-06, 2.82380305805e-08, 8.92651175199e-10, 7.00700678036e-11, 5.97435781402e-11, 2.69541139408e-10],
        "dvar2": [0.00415640510619, 1.98107326031, 69.7892150879, 340.954559326, 1889.83972168, 488.335723877, 653.637817383, 4925.27441406, 5139.56640625, 6614.07128906, 14771.4853516, 7520.51611328, 3578.43432617, 2934.79614258, 3162.12524414, 1883.37963867, 4527.28759766, 3797.7253418, 2905.18725586, 2454.04736328, 2994.90844727, 1170.77880859, 2389.45703125, 3301.32055664, 7260.59716797, 1548.70849609, 621.433837891, 289.441986084, 195.214294434, 114.523406982, 49.7173995972, 30.2214393616, 1.80006682873, 0.0060242973268, 7.81325343269e-06, 4.66610927674e-08, 1.49619938661e-09, 1.14747690516e-10, 1.20851662011e-10, 5.76161673926e-10],
        "max": [1.22741484642, 26.0241165161, 88.334777832, 159.216934204, 416.161499023, 248.320999146, 881.850463867, 1897.58227539, 2325.83300781, 2219.99560547, 2654.59838867, 1916.43078613, 1310.03198242, 2119.53417969, 1416.79174805, 1094.5489502, 2690.10888672, 2168.21386719, 1518.69787598, 1181.24694824, 1482.17333984, 655.327331543, 1313.41223145, 1450.18811035, 2742.65820312, 1387.55102539, 1081.8972168, 478.141052246, 326.788269043, 308.096008301, 241.939208984, 324.379302979, 77.8550796509, 3.27196383476, 0.126535102725, 0.0101325437427, 0.00149795028847, 0.000381627731258, 0.000138045899803, 0.000276063277852],
        "mean": [0.0362713485956, 0.520564854145, 2.40797257423, 6.70789813995, 12.8536367416, 12.1709461212, 14.0791931152, 23.5871658325, 22.5559482574, 31.5360202789, 36.3406715393, 25.6130218506, 18.7892379761, 12.3087377548, 17.122877121, 10.9042730331, 16.0966300964, 17.5857944489, 15.9772081375, 17.009223938, 15.9502029419, 12.9162397385, 10.5952301025, 10.582742691, 13.8182554245, 10.2744159698, 4.69562387466, 3.42166757584, 3.17251014709, 2.4918782711, 1.5566855669, 0.778268277645, 0.191822975874, 0.0152584118769, 0.000595568795688, 6.48525747238e-05, 1.80902570719e-05, 5.04738318341e-06, 1.19594769785e-05, 2.54457972915e-05],
        "median": [0.00988970045, 0.144397780299, 0.891631782055, 2.40956044197, 4.3619055748, 5.43403530121, 6.67842531204, 8.7740688324, 7.83082437515, 9.65656852722, 7.30294799805, 5.99280691147, 5.10945701599, 3.99585270882, 4.45616960526, 3.97587418556, 4.15696668625, 4.89776563644, 4.38705062866, 5.77949571609, 4.72538948059, 4.02151060104, 3.30212283134, 2.52007102966, 2.31386184692, 2.35417342186, 1.15777266026, 0.716609597206, 0.536862313747, 0.40736874938, 0.252882122993, 0.116249226034, 0.0230273492634, 0.00196217512712, 0.000102960199001, 2.18356071855e-05, 8.87247733772e-06, 2.20511446969e-06, 8.5300180217e-06, 1.86197576113e-05],
        "min": [3.52812953285e-22, 3.99773764718e-21, 7.85826186349e-21, 9.7177897299e-21, 4.11379019855e-20, 4.44161027635e-20, 7.89617759326e-20, 1.23511364967e-19, 2.05563649227e-19, 2.82872996177e-19, 7.10167953294e-19, 8.89180177608e-19, 2.05231595665e-18, 1.16818985258e-18, 1.9663805764e-18, 3.27817342942e-18, 2.57185010822e-18, 2.81102317848e-18, 3.80004622737e-18, 5.63033925619e-18, 5.86790346017e-18, 7.0585290359e-18, 1.02083203119e-17, 8.89695366373e-18, 7.83633854641e-18, 1.17848198532e-17, 1.05595519534e-17, 1.19621897104e-17, 1.38211375164e-17, 1.83406555144e-17, 1.43365984238e-17, 1.20467168156e-17, 1.30824586119e-17, 9.74444900495e-18, 6.33423521589e-18, 5.21525878404e-18, 3.0400179981e-18, 1.21468112532e-18, 3.04517314278e-19, 2.916350296e-20],
        "var": [0.00399540178478, 1.0565315485, 28.5305500031, 151.871398926, 705.664916992, 362.321899414, 701.91619873, 2555.38354492, 2759.00268555, 4750.04296875, 11186.9453125, 5248.828125, 2359.02685547, 1496.87414551, 2745.74902344, 1182.81726074, 4741.79248047, 3659.58813477, 2403.51928711, 1809.05981445, 2319.50341797, 1037.09936523, 1115.61132812, 2065.72827148, 3504.52270508, 1432.0847168, 491.349334717, 232.351242065, 214.492675781, 157.83644104, 70.2300262451, 29.676607132, 1.92610633373, 0.0100810024887, 1.46724996739e-05, 8.14447247421e-08, 2.33712227349e-09, 1.80310266717e-10, 1.54172147271e-10, 6.49770737216e-10]
    },
    "gfcc": {
        "mean": [-87.3548049927, 161.605514526, -160.448913574, 57.9977226257, -65.7721176147, -5.34723043442, -21.9738254547, -23.0970497131, 5.96010065079, -25.2243747711, 5.68718671799, -19.4679756165, -1.95905947685],
        "cov": [[8273.68457031, 912.908996582, -204.845611572, -221.799240112, -585.582885742, -219.438262939, -241.050765991, -178.414413452, -1.26538991928, -291.278839111, -106.900085449, -336.498535156, -140.96206665], [912.908996582, 1301.58276367, 447.73348999, -389.576293945, 109.849105835, -179.360488892, 10.0277633667, -71.1579742432, 39.7739028931, -102.693237305, -7.68425655365, -103.620353699, -29.0710945129], [-204.845611572, 447.73348999, 914.746582031, 80.4415817261, 15.7813358307, 113.818489075, -51.9346733093, -16.3022441864, -20.9820690155, -81.2947998047, -16.7081604004, -56.7860488892, 25.2795352936], [-221.799240112, -389.576293945, 80.4415817261, 513.745605469, 54.7891769409, 68.1969070435, -10.0388946533, -0.99183267355, -17.1487693787, 7.43391990662, 0.933252811432, 47.6759490967, 29.8126869202], [-585.582885742, 109.849105835, 15.7813358307, 54.7891769409, 300.964813232, -36.1095924377, 63.2706184387, 21.6874866486, 28.5887069702, 36.6059684753, 4.16617822647, 26.7534542084, -6.16394758224], [-219.438262939, -179.360488892, 113.818489075, 68.1969070435, -36.1095924377, 392.111999512, 55.2508201599, 31.4230690002, -3.09118533134, -1.92274224758, 20.8678283691, -22.0699748993, 25.7996006012], [-241.050765991, 10.0277633667, -51.9346733093, -10.0388946533, 63.2706184387, 55.2508201599, 200.387451172, 58.0315437317, 4.68208551407, 30.405954361, 12.586224556, 24.1925678253, -26.1236515045], [-178.414413452, -71.1579742432, -16.3022441864, -0.99183267355, 21.6874866486, 31.4230690002, 58.0315437317, 128.288223267, 37.0708045959, 10.6755971909, 11.4984607697, 1.43982982635, 1.62143349648], [-1.26538991928, 39.7739028931, -20.9820690155, -17.1487693787, 28.5887069702, -3.09118533134, 4.68208551407, 37.0708045959, 102.835449219, 43.4319419861, -7.79712200165, 1.69446277618, -0.426849246025], [-291.278839111, -102.693237305, -81.2947998047, 7.43391990662, 36.6059684753, -1.92274224758, 30.405954361, 10.6755971909, 43.4319419861, 118.671081543, 33.7101516724, 12.4351387024, 1.75972390175], [-106.900085449, -7.68425655365, -16.7081604004, 0.933252811432, 4.16617822647, 20.8678283691, 12.586224556, 11.4984607697, -7.79712200165, 33.7101516724, 80.1430969238, 30.0560379028, 5.26056194305], [-336.498535156, -103.620353699, -56.7860488892, 47.6759490967, 26.7534542084, -22.0699748993, 24.1925678253, 1.43982982635, 1.69446277618, 12.4351387024, 30.0560379028, 120.583213806, 31.7015094757], [-140.96206665, -29.0710945129, 25.2795352936, 29.8126869202, -6.16394758224, 25.7996006012, -26.1236515045, 1.62143349648, -0.426849246025, 1.75972390175, 5.26056194305, 31.7015094757, 77.6679458618]],
        "icov": [[0.000225707670324, -0.000317026657285, 0.000272653269349, -0.000296518148389, 0.000515626685228, -1.10350638352e-05, 0.000108194173663, 5.83357323194e-05, -0.000183017429663, 0.000325260247337, -3.05583052977e-05, 0.000379173201509, 0.000234744220506], [-0.000317026657285, 0.00409984681755, -0.0021254082676, 0.00277527002618, -0.0023076464422, 0.00239572976716, -0.00337611115538, 0.00434055458754, -0.00491656269878, 0.00523383263499, -0.0049581960775, 0.00364869576879, -0.00291848788038], [0.000272653269349, -0.0021254082676, 0.0024769261945, -0.00168490374926, 0.00107900588773, -0.00144818983972, 0.00178653735202, -0.00176322914194, 0.00192717311438, -0.00120421347674, 0.00188174075447, -0.000693192705512, 0.000937622564379], [-0.000296518148389, 0.00277527002618, -0.00168490374926, 0.00419220374897, -0.00218317052349, 0.000973974121734, -0.00152895203792, 0.00238319626078, -0.00210353219882, 0.00245873373933, -0.00221338588744, 0.000873185286764, -0.00189471035264], [0.000515626685228, -0.0023076464422, 0.00107900588773, -0.00218317052349, 0.00586695317179, -0.000369529676391, 0.000256615574472, -0.00174123956822, 0.000963058613706, -0.00245191319846, 0.00223348243162, -0.00134457694367, 0.00172829709481], [-1.10350638352e-05, 0.00239572976716, -0.00144818983972, 0.000973974121734, -0.000369529676391, 0.00489029753953, -0.00380704458803, 0.00293650059029, -0.00396201852709, 0.00429855519906, -0.00479134172201, 0.0044256192632, -0.00362242246047], [0.000108194173663, -0.00337611115538, 0.00178653735202, -0.00152895203792, 0.000256615574472, -0.00380704458803, 0.0111365448684, -0.0077443192713, 0.00735027436167, -0.00757516920567, 0.0065480703488, -0.00675293523818, 0.00665536895394], [5.83357323194e-05, 0.00434055458754, -0.00176322914194, 0.00238319626078, -0.00174123956822, 0.00293650059029, -0.0077443192713, 0.0165488757193, -0.0117207383737, 0.0099042467773, -0.00942429900169, 0.00728539470583, -0.0052984142676], [-0.000183017429663, -0.00491656269878, 0.00192717311438, -0.00210353219882, 0.000963058613706, -0.00396201852709, 0.00735027436167, -0.0117207383737, 0.0229371692985, -0.0156863350421, 0.012919569388, -0.00856740120798, 0.00522056268528], [0.000325260247337, 0.00523383263499, -0.00120421347674, 0.00245873373933, -0.00245191319846, 0.00429855519906, -0.00757516920567, 0.0099042467773, -0.0156863350421, 0.0238281264901, -0.0153858978301, 0.00976004358381, -0.0059473416768], [-3.05583052977e-05, -0.0049581960775, 0.00188174075447, -0.00221338588744, 0.00223348243162, -0.00479134172201, 0.0065480703488, -0.00942429900169, 0.012919569388, -0.0153858978301, 0.0255562253296, -0.0116884307936, 0.00595332216471], [0.000379173201509, 0.00364869576879, -0.000693192705512, 0.000873185286764, -0.00134457694367, 0.0044256192632, -0.00675293523818, 0.00728539470583, -0.00856740120798, 0.00976004358381, -0.0116884307936, 0.0186192244291, -0.00913222040981], [0.000234744220506, -0.00291848788038, 0.000937622564379, -0.00189471035264, 0.00172829709481, -0.00362242246047, 0.00665536895394, -0.0052984142676, 0.00522056268528, -0.0059473416768, 0.00595332216471, -0.00913222040981, 0.0198083687574]]
    },
    "melbands": {
        "dmean": [0.000259692315012, 0.000805947929621, 0.00101968157105, 0.000608249567449, 0.000296042650007, 0.000332226918545, 0.000238962908043, 0.000248286582064, 0.000203487710678, 0.000108463871584, 6.26619148534e-05, 3.3739117498e-05, 3.8279533328e-05, 2.3024267648e-05, 2.05559390452e-05, 2.46329309448e-05, 2.26860429393e-05, 1.83821193787e-05, 1.56299356604e-05, 1.56008536578e-05, 1.22552773973e-05, 8.98981761566e-06, 8.10015808383e-06, 6.21152776148e-06, 6.54140831102e-06, 8.32244222693e-06, 7.63175376051e-06, 4.18221316068e-06, 2.27445070777e-06, 1.58167381414e-06, 1.48037815961e-06, 1.3372560943e-06, 1.11279143766e-06, 8.93284322956e-07, 6.05566015111e-07, 4.45247479774e-07, 2.91527243235e-07, 1.06264288036e-07, 2.46625884159e-08, 2.05694017374e-09],
        "dmean2": [0.000393770664232, 0.00131063931622, 0.00170129875187, 0.00102470477577, 0.000464774027932, 0.000515355262905, 0.000373950810172, 0.000375228875782, 0.000304632470943, 0.000165035598911, 9.63408747339e-05, 5.11538528372e-05, 5.99174891249e-05, 3.67370776075e-05, 3.21852858178e-05, 3.63468861906e-05, 3.58117104042e-05, 2.86497997877e-05, 2.40245481109e-05, 2.42948663072e-05, 1.88790763787e-05, 1.40303636726e-05, 1.28733054225e-05, 9.84216057986e-06, 1.00653369373e-05, 1.27733728732e-05, 1.15062111945e-05, 6.33671288597e-06, 3.42837211065e-06, 2.32796219279e-06, 2.17571232497e-06, 1.95816096493e-06, 1.57645263243e-06, 1.27404143768e-06, 8.79572382928e-07, 6.4570468794e-07, 4.11500451492e-07, 1.52895466954e-07, 3.62462770909e-08, 3.1422682234e-09],
        "dvar": [3.54124239266e-07, 4.30127010986e-06, 5.49253218196e-06, 1.72738089077e-06, 3.0916979199e-07, 8.6634560148e-07, 4.21526749506e-07, 4.49799301805e-07, 4.27635825417e-07, 1.29777021129e-07, 3.98916419897e-08, 2.05965413613e-08, 1.57600279493e-08, 1.33152777693e-08, 6.11329387112e-09, 2.04551842131e-08, 7.28809057549e-09, 4.43760450608e-09, 2.60509414041e-09, 2.81691003856e-09, 1.84506809831e-09, 7.34921512535e-10, 8.96677565532e-10, 7.49236561681e-10, 1.224654822e-09, 1.87412774189e-09, 1.10919473606e-09, 3.05103386999e-10, 1.56685817099e-10, 5.88223983411e-11, 5.44964004479e-11, 4.21255356986e-11, 3.39107249225e-11, 2.32069728018e-11, 1.04805322407e-11, 1.23445646066e-11, 6.60609240921e-12, 8.15677115695e-13, 2.29263392396e-14, 1.98389979028e-16],
        "dvar2": [8.28266024655e-07, 1.07361966002e-05, 1.42729013533e-05, 4.70561417387e-06, 6.7217177957e-07, 2.05970195566e-06, 9.91519527815e-07, 9.75411580839e-07, 8.79337562765e-07, 2.9934440704e-07, 9.18268199257e-08, 4.78454822428e-08, 3.56778393495e-08, 2.77000893334e-08, 1.28392745324e-08, 3.89893628494e-08, 1.50750114614e-08, 9.67179136779e-09, 5.43557998611e-09, 6.1082858771e-09, 4.03989997011e-09, 1.55710588867e-09, 2.11284834073e-09, 1.7716774714e-09, 2.60639221317e-09, 4.45846914943e-09, 2.43594922011e-09, 5.84548798255e-10, 3.06977360198e-10, 1.19254550679e-10, 1.13186716943e-10, 7.974586963e-11, 6.48809062032e-11, 4.62044499883e-11, 1.9477639987e-11, 2.14597714598e-11, 1.39110441916e-11, 1.62511139528e-12, 4.62407889756e-14, 3.85225502214e-16],
        "max": [0.0197873618454, 0.0359497889876, 0.0341962985694, 0.0189397670329, 0.0229734424502, 0.0395357199013, 0.0297921001911, 0.0240766406059, 0.0239066295326, 0.0107767824084, 0.00663594761863, 0.0080702630803, 0.00415377505124, 0.00693453289568, 0.00236468436196, 0.00869079586118, 0.00413104472682, 0.00321422563866, 0.00145588954911, 0.0020259572193, 0.00175462965854, 0.00072659534635, 0.00127703521866, 0.000892136013135, 0.0013157526264, 0.00167756201699, 0.00151164538693, 0.000825377181172, 0.000727787264623, 0.000323360349284, 0.0002856584033, 0.000229931742069, 0.000267009367235, 0.000226994336117, 0.000105495273601, 0.000256608560449, 0.000171971376403, 7.82820789027e-05, 6.86264638716e-06, 1.08138806354e-06],
        "mean": [0.000437847775174, 0.00108071800787, 0.00140943797305, 0.000895434990525, 0.000521817361005, 0.000530947872903, 0.000342430401361, 0.000354574265657, 0.000286213267827, 0.000150812411448, 8.93142423593e-05, 4.67217978439e-05, 5.76774400542e-05, 3.22224550473e-05, 3.04648274323e-05, 3.45581320289e-05, 3.26611079799e-05, 2.54849419434e-05, 2.20699566853e-05, 2.24946434173e-05, 1.78499667527e-05, 1.33782386911e-05, 1.14936119644e-05, 8.40450229589e-06, 8.36115395941e-06, 9.82019537332e-06, 9.83102199825e-06, 5.96709605816e-06, 3.01040290651e-06, 2.12752547668e-06, 1.96492533178e-06, 1.84646034995e-06, 1.57672104706e-06, 1.31672447878e-06, 9.48198078277e-07, 6.48307320716e-07, 4.08076118674e-07, 1.57893921937e-07, 3.41084103184e-08, 2.73679945373e-09],
        "median": [0.000114373273391, 0.000427819497418, 0.000523078721017, 0.000400226359488, 0.000262728775851, 0.0001975314226, 0.000118250653031, 9.74970316747e-05, 5.56638115086e-05, 3.37512719852e-05, 2.25853145821e-05, 1.36193802973e-05, 1.53430210048e-05, 9.44388466451e-06, 9.17343186302e-06, 7.9853407442e-06, 8.62217893882e-06, 6.3327670432e-06, 7.02181887391e-06, 6.73991962685e-06, 4.56066072729e-06, 3.76459138351e-06, 3.28024498231e-06, 2.34746153183e-06, 1.81377686204e-06, 1.55864745466e-06, 1.67099005921e-06, 1.40765746437e-06, 6.65312825276e-07, 4.66360262408e-07, 3.65821477999e-07, 2.91860544621e-07, 2.47842478984e-07, 2.03445395641e-07, 1.5539900744e-07, 9.12874327241e-08, 5.5642953356e-08, 1.57058117622e-08, 3.91743215644e-09, 2.67335598103e-10],
        "min": [5.38287837261e-24, 4.99557330613e-24, 2.80057335938e-24, 3.12359770057e-24, 3.10854505121e-24, 2.56540919037e-24, 3.44868372974e-24, 4.14593145702e-24, 5.92307612101e-24, 5.76791506957e-24, 9.78324784272e-24, 3.97932285055e-24, 5.70764609641e-24, 7.81041873701e-24, 7.85241059185e-24, 4.02155294139e-24, 3.91646799134e-24, 4.95560842938e-24, 7.2763330829e-24, 8.93573434033e-24, 5.05436632054e-24, 7.51695538052e-24, 8.33985405608e-24, 6.63603361879e-24, 7.12350705973e-24, 5.44073579799e-24, 6.38928581625e-24, 7.50574172275e-24, 5.17321452679e-24, 7.62301299606e-24, 4.79723908063e-24, 6.48882034097e-24, 7.15738942447e-24, 1.02037107052e-23, 8.59842293928e-24, 7.02421865962e-24, 7.35786580176e-24, 8.39245845668e-24, 8.70138822008e-24, 6.90061125552e-24],
        "var": [6.25763220796e-07, 4.87461738885e-06, 6.75920591675e-06, 2.10036273529e-06, 7.30130750526e-07, 1.20773006529e-06, 5.72157432543e-07, 6.88484533384e-07, 7.08926052084e-07, 1.93554015482e-07, 5.78198928736e-08, 2.47251659147e-08, 2.91569222099e-08, 1.66647122768e-08, 1.03618882363e-08, 3.21052553431e-08, 1.27147012918e-08, 6.88722767705e-09, 4.11435996384e-09, 4.12621137258e-09, 3.08219960665e-09, 1.30120381137e-09, 1.09960218708e-09, 8.86012596624e-10, 1.55534196633e-09, 2.12513717734e-09, 1.5023103872e-09, 5.22520360313e-10, 2.34370717278e-10, 9.11949543658e-11, 8.53346976415e-11, 7.58848747728e-11, 6.5074112765e-11, 5.05630225189e-11, 2.5362151615e-11, 2.13809820543e-11, 9.64955372551e-12, 1.62236836378e-12, 5.22867644635e-14, 5.26826435226e-16]
    },
    "mfcc": {
        "mean": [-699.417114258, 153.041366577, -18.5628852844, 42.2386131287, -9.42997837067, 11.9317464828, -16.8229598999, 5.8380484581, -12.5596599579, 8.17039966583, -8.85911273956, 1.53214216232, -3.36434721947],
        "cov": [[5935.48535156, 571.193603516, -196.204360962, 35.9397506714, -512.772766113, 27.5926151276, -459.1300354, 134.490814209, -304.025146484, 229.729431152, -230.25730896, 32.7270393372, -202.942703247], [571.193603516, 1640.82556152, 252.846939087, -178.965270996, 63.4907836914, -183.221069336, -29.7668628693, -54.4190864563, -13.4731845856, 15.6307849884, 3.11332845688, -60.8112754822, 25.8582344055], [-196.204360962, 252.846939087, 853.216247559, 8.32862281799, 124.515892029, 102.994468689, 36.1588897705, 37.8359603882, 12.5353899002, -28.6775379181, -81.6563796997, 35.8264389038, -76.3626022339], [35.9397506714, -178.965270996, 8.32862281799, 436.450256348, 81.4606399536, -4.86459779739, -19.102645874, 0.971222758293, -6.86840295792, -22.1701869965, -14.4174880981, -25.2912731171, 32.7083015442], [-512.772766113, 63.4907836914, 124.515892029, 81.4606399536, 268.627075195, 29.9598293304, 26.3480186462, -13.1538829803, 40.5234260559, -7.52176713943, -5.60881567001, -8.82089042664, 17.7681903839], [27.5926151276, -183.221069336, 102.994468689, -4.86459779739, 29.9598293304, 237.02986145, 60.998752594, 32.8502616882, 18.5739250183, 8.81230926514, 4.49951553345, 36.7018852234, -40.4083900452], [-459.1300354, -29.7668628693, 36.1588897705, -19.102645874, 26.3480186462, 60.998752594, 207.460891724, 47.9917945862, 31.9309654236, 1.93778610229, 42.3995895386, 19.0196609497, 8.73830127716], [134.490814209, -54.4190864563, 37.8359603882, 0.971222758293, -13.1538829803, 32.8502616882, 47.9917945862, 148.227233887, 27.5804367065, -1.52545666695, 0.301048636436, 21.8622055054, -9.20087528229], [-304.025146484, -13.4731845856, 12.5353899002, -6.86840295792, 40.5234260559, 18.5739250183, 31.9309654236, 27.5804367065, 126.210105896, 16.4816913605, 24.6551151276, 7.49472951889, 12.930765152], [229.729431152, 15.6307849884, -28.6775379181, -22.1701869965, -7.52176713943, 8.81230926514, 1.93778610229, -1.52545666695, 16.4816913605, 146.409683228, 28.1201877594, 3.36531996727, -6.68987035751], [-230.25730896, 3.11332845688, -81.6563796997, -14.4174880981, -5.60881567001, 4.49951553345, 42.3995895386, 0.301048636436, 24.6551151276, 28.1201877594, 120.751144409, 11.6328363419, 18.7714309692], [32.7270393372, -60.8112754822, 35.8264389038, -25.2912731171, -8.82089042664, 36.7018852234, 19.0196609497, 21.8622055054, 7.49472951889, 3.36531996727, 11.6328363419, 86.0952758789, 4.18324804306], [-202.942703247, 25.8582344055, -76.3626022339, 32.7083015442, 17.7681903839, -40.4083900452, 8.73830127716, -9.20087528229, 12.930765152, -6.68987035751, 18.7714309692, 4.18324804306, 119.771774292]],
