{
"lowlevel": {
    "average_loudness": 0.929375171661,
    "barkbands_crest": {
        "dmean": 2.59338879585,
        "dmean2": 4.15171194077,
        "dvar": 6.09050416946,
        "dvar2": 14.5511903763,
        "max": 26.8977966309,
        "mean": 10.1759786606,
        "median": 9.15547275543,
        "min": 2.4012298584,
        "var": 22.8045539856
    },
    "barkbands_flatness_db": {
        "dmean": 0.0180309414864,
        "dmean2": 0.027308376506,
        "dvar": 0.000424704689067,
        "dvar2": 0.00083891581744,
        "max": 0.628262579441,
        "mean": 0.14629547298,
        "median": 0.138403788209,
        "min": 0.0204888954759,
        "var": 0.00271274149418
    },
    "barkbands_kurtosis": {
        "dmean": 4.95337533951,
        "dmean2": 7.91216564178,
        "dvar": 7133.44384766,
        "dvar2": 18878.8359375,
        "max": 6413.98388672,
        "mean": 6.58737325668,
        "median": 1.59819126129,
        "min": -1.91481661797,
        "var": 5043.66064453
    },
    "barkbands_skewness": {
        "dmean": 0.543905615807,
        "dmean2": 0.81495141983,
        "dvar": 1.49998533726,
        "dvar2": 3.14576148987,
        "max": 77.949836731,
        "mean": 1.26728653908,
        "median": 1.05628609657,
        "min": -7.94928121567,
        "var": 3.30571699142
    },
    "barkbands_spread": {
        "dmean": 4.05067920685,
        "dmean2": 6.4953289032,
        "dvar": 40.37682724,
        "dvar2": 96.5276870728,
        "max": 105.891357422,
        "mean": 15.2422294617,
        "median": 13.2572040558,
        "min": 0.0852385833859,
        "var": 142.951797485
    },
    "dissonance": {
        "dmean": 0.0223274938762,
        "dmean2": 0.0370492301881,
        "dvar": 0.000513943610713,
        "dvar2": 0.00136265147012,
        "max": 0.500000059605,
        "mean": 0.454521089792,
        "median": 0.462943792343,
        "min": 0.232432052493,
        "var": 0.00138471578248
    },
    "dynamic_complexity": 1.79922068119,
    "erbbands_crest": {
        "dmean": 2.8142888546,
        "dmean2": 4.54711675644,
        "dvar": 6.96368551254,
        "dvar2": 16.5928382874,
        "max": 31.5664291382,
        "mean": 10.583278656,
        "median": 9.34255123138,
        "min": 1.91935122013,
        "var": 26.6056728363
    },
    "erbbands_flatness_db": {
        "dmean": 0.0157167986035,
        "dmean2": 0.0241241138428,
        "dvar": 0.000257196516031,
        "dvar2": 0.000563431589399,
        "max": 0.363781064749,
        "mean": 0.19924660027,
        "median": 0.198360964656,
        "min": 0.0336688421667,
        "var": 0.00149638357107
    },
    "erbbands_kurtosis": {
        "dmean": 1.50431990623,
        "dmean2": 2.42588233948,
        "dvar": 10.9547519684,
        "dvar2": 27.8866119385,
        "max": 138.589828491,
        "mean": 1.84785306454,
        "median": 0.40513753891,
        "min": -1.82601690292,
        "var": 33.1075668335
    },
    "erbbands_skewness": {
        "dmean": 0.425035178661,
        "dmean2": 0.660272061825,
        "dvar": 0.221357166767,
        "dvar2": 0.447972863913,
        "max": 9.6048116684,
        "mean": 0.647634387016,
        "median": 0.538630068302,
        "min": -6.24440574646,
        "var": 1.1251693964
    },
    "erbbands_spread": {
        "dmean": 5.90562295914,
        "dmean2": 9.38541316986,
        "dvar": 67.135383606,
        "dvar2": 159.295516968,
        "max": 182.623291016,
        "mean": 25.4851493835,
        "median": 22.6037273407,
        "min": 0.828009605408,
        "var": 199.78352356
    },
    "hfc": {
        "dmean": 6.82845497131,
        "dmean2": 10.2086181641,
        "dvar": 252.882598877,
        "dvar2": 476.84362793,
        "max": 362.87298584,
        "mean": 23.8949565887,
        "median": 20.7296695709,
        "min": 1.16622076981e-16,
        "var": 514.690368652
    },
    "melbands_crest": {
        "dmean": 3.08257555962,
        "dmean2": 4.94757843018,
        "dvar": 8.76498222351,
        "dvar2": 21.2749900818,
        "max": 39.9924354553,
        "mean": 12.6644248962,
        "median": 11.502825737,
        "min": 1.80657565594,
        "var": 33.0487442017
    },
    "melbands_flatness_db": {
        "dmean": 0.0213703792542,
        "dmean2": 0.0319538004696,
        "dvar": 0.000677799340338,
        "dvar2": 0.00124438118655,
        "max": 0.613135874271,
        "mean": 0.195802524686,
        "median": 0.187661513686,
        "min": 0.007799341809,
        "var": 0.00532891694456
    },
    "melbands_kurtosis": {
        "dmean": 8.03137302399,
        "dmean2": 13.0364933014,
        "dvar": 27589.8300781,
        "dvar2": 74067.6796875,
        "max": 12801.1347656,
        "mean": 11.2071790695,
        "median": 3.83755588531,
        "min": -1.87183487415,
        "var": 18743.9101562
    },
    "melbands_skewness": {
        "dmean": 0.613216638565,
        "dmean2": 0.934042870998,
        "dvar": 2.49432277679,
        "dvar2": 5.6117067337,
        "max": 109.626167297,
        "mean": 1.77538990974,
        "median": 1.4825322628,
        "min": -5.54538202286,
        "var": 4.3267993927
    },
    "melbands_spread": {
        "dmean": 6.85348510742,
        "dmean2": 11.0981874466,
        "dvar": 190.268966675,
        "dvar2": 443.839538574,
        "max": 200.407455444,
        "mean": 22.6193370819,
        "median": 18.5688743591,
        "min": 0.076661631465,
        "var": 399.058227539
    },
    "pitch_salience": {
        "dmean": 0.0636642798781,
        "dmean2": 0.101242832839,
        "dvar": 0.00366690941155,
        "dvar2": 0.00874715857208,
        "max": 0.955858707428,
        "mean": 0.594711184502,
        "median": 0.600188314915,
        "min": 0.00194062257651,
        "var": 0.0170446932316
    },
    "silence_rate_20dB": {
        "dmean": 0,
        "dmean2": 0,
        "dvar": 0,
        "dvar2": 0,
        "max": 1,
        "mean": 1,
        "median": 1,
        "min": 1,
        "var": 0
    },
    "silence_rate_30dB": {
        "dmean": 0.000367444416042,
        "dmean2": 0.000734956352971,
        "dvar": 0.000367405824363,
        "dvar2": 0.000734356581233,
        "max": 1,
        "mean": 0.999540746212,
        "median": 1,
        "min": 0,
        "var": 0.000458855676698
    },
    "silence_rate_60dB": {
        "dmean": 0.0132279992104,
        "dmean2": 0.0264584291726,
        "dvar": 0.0130477212369,
        "dvar2": 0.0334771648049,
        "max": 1,
        "mean": 0.0147882793099,
        "median": 0,
        "min": 0,
        "var": 0.0145661756396
    },
    "spectral_centroid": {
        "dmean": 212.026367188,
        "dmean2": 321.508392334,
        "dvar": 134238.71875,
        "dvar2": 231066.171875,
        "max": 11138.59375,
        "mean": 1259.3704834,
        "median": 1108.61242676,
        "min": 225.112792969,
        "var": 582818.5625
    },
    "spectral_complexity": {
        "dmean": 3.14275217056,
        "dmean2": 5.00358295441,
        "dvar": 11.0581350327,
        "dvar2": 23.6393280029,
        "max": 61,
        "mean": 21.3408660889,
        "median": 21,
        "min": 0,
        "var": 101.625801086
    },
    "spectral_decrease": {
        "dmean": 1.74789227536e-09,
        "dmean2": 2.62749288993e-09,
        "dvar": 5.11056873777e-18,
        "dvar2": 9.87745220282e-18,
        "max": 6.45584235903e-29,
        "mean": -6.64962662711e-09,
        "median": -6.43659348043e-09,
        "min": -2.94509732157e-08,
        "var": 1.41720970154e-17
    },
    "spectral_energy": {
        "dmean": 0.00707886693999,
        "dmean2": 0.0106457835063,
        "dvar": 7.98279361334e-05,
        "dvar2": 0.000155873407493,
        "max": 0.115325942636,
        "mean": 0.0272645428777,
        "median": 0.0264849252999,
        "min": 1.03343123205e-20,
        "var": 0.000221342910663
    },
    "spectral_energyband_high": {
        "dmean": 0.000483802752569,
        "dmean2": 0.000711635453627,
        "dvar": 6.38874780634e-06,
        "dvar2": 1.148021056e-05,
        "max": 0.0588245838881,
        "mean": 0.000820998684503,
        "median": 0.000261129549472,
        "min": 7.37795346314e-21,
        "var": 1.10513074105e-05
    },
    "spectral_energyband_low": {
        "dmean": 0.000987744657323,
        "dmean2": 0.00155741965864,
        "dvar": 4.47788079327e-06,
        "dvar2": 1.15370185085e-05,
        "max": 0.0625622048974,
        "mean": 0.00236992677674,
        "median": 0.00133423006628,
        "min": 4.29319814073e-23,
        "var": 9.90576882032e-06
    },
    "spectral_energyband_middle_high": {
        "dmean": 0.00202324893326,
        "dmean2": 0.00314101390541,
        "dvar": 7.88431589172e-06,
        "dvar2": 1.9600505766e-05,
        "max": 0.052703846246,
        "mean": 0.00742153124884,
        "median": 0.00498320022598,
        "min": 1.48809883075e-21,
        "var": 5.22590125911e-05
    },
    "spectral_energyband_middle_low": {
        "dmean": 0.00598382903263,
        "dmean2": 0.00901393126696,
        "dvar": 7.1845621278e-05,
        "dvar2": 0.000138249786687,
        "max": 0.104427747428,
        "mean": 0.0175321940333,
        "median": 0.0150862848386,
        "min": 3.51114441093e-22,
        "var": 0.000208847428439
    },
    "spectral_entropy": {
        "dmean": 0.137792512774,
        "dmean2": 0.204339668155,
        "dvar": 0.0265448130667,
        "dvar2": 0.0480055958033,
        "max": 9.805975914,
        "mean": 7.34414100647,
        "median": 7.38992404938,
        "min": 4.90503454208,
        "var": 0.24651388824
    },
    "spectral_flux": {
        "dmean": 0.0230812393129,
        "dmean2": 0.0376905165613,
        "dvar": 0.000685459119268,
        "dvar2": 0.00170836597681,
        "max": 0.365105748177,
        "mean": 0.0844550952315,
        "median": 0.0786767676473,
        "min": 1.0165782105e-10,
        "var": 0.00152383581735
    },
    "spectral_kurtosis": {
        "dmean": 2.1208782196,
        "dmean2": 3.59985136986,
        "dvar": 4.97227239609,
        "dvar2": 13.1944112778,
        "max": 40.3707962036,
        "mean": 6.25700426102,
        "median": 5.24285888672,
        "min": -1.39047765732,
        "var": 17.0872764587
    },
    "spectral_rms": {
        "dmean": 0.000679775897879,
        "dmean2": 0.00101186637767,
        "dvar": 6.43063458483e-07,
        "dvar2": 1.18178422781e-06,
        "max": 0.0106072202325,
        "mean": 0.0049484660849,
        "median": 0.00508320285007,
        "min": 3.17525693239e-12,
        "var": 2.11228825719e-06
    },
    "spectral_rolloff": {
        "dmean": 380.46282959,
        "dmean2": 634.377197266,
        "dvar": 653454.0625,
        "dvar2": 1328438.375,
        "max": 18970.7519531,
        "mean": 1550.57666016,
        "median": 1248.92578125,
        "min": 21.533203125,
        "var": 2002851.5
    },
    "spectral_skewness": {
        "dmean": 0.256507188082,
        "dmean2": 0.412778437138,
        "dvar": 0.0697886422276,
        "dvar2": 0.155724406242,
        "max": 5.06175374985,
        "mean": 1.7497740984,
        "median": 1.6453192234,
        "min": -0.618983924389,
        "var": 0.384648829699
    },
    "spectral_spread": {
        "dmean": 316256.96875,
        "dmean2": 482716.125,
        "dvar": 252869607424,
        "dvar2": 362632085504,
        "max": 40133672,
        "mean": 3467672,
        "median": 3237833.5,
        "min": 1513812.5,
        "var": 1.2256444416e+12
    },
    "spectral_strongpeak": {
        "dmean": 0.768937110901,
        "dmean2": 1.25307285786,
        "dvar": 1.00073635578,
        "dvar2": 2.43993163109,
        "max": 16.8025093079,
        "mean": 1.67498743534,
        "median": 1.24820959568,
        "min": 0,
        "var": 2.20365905762
    },
    "zerocrossingrate": {
        "dmean": 0.00833679921925,
        "dmean2": 0.00948346685618,
        "dvar": 0.00022083458316,
        "dvar2": 0.000221069072722,
        "max": 0.59375,
        "mean": 0.0576061531901,
        "median": 0.048828125,
        "min": 0,
        "var": 0.00158134743106
    },
    "barkbands": {
        "dmean": [4.33843088103e-05, 0.000265045848209, 0.000563868903555, 0.000733541615773, 0.00227005616762, 0.00201459019445, 0.00123768509366, 0.00120617018547, 0.00190529448446, 0.000863741501234, 0.000664543767925, 0.000377376534743, 0.00037775275996, 0.000378997152438, 0.000493829196785, 0.000306519330479, 0.000245995324804, 0.000183266718523, 0.000157445188961, 0.000121482662507, 0.000140847638249, 0.000186130331713, 0.00012069708464, 2.55039303738e-05, 1.01263503893e-05, 2.09319182431e-06, 1.29918271341e-06],
        "dmean2": [7.46862060623e-05, 0.00042747129919, 0.000908726942725, 0.00114191509783, 0.00337941059843, 0.00302796834148, 0.00186502037104, 0.00188596465159, 0.0030202018097, 0.00137646950316, 0.00106202438474, 0.000597109145019, 0.000608942296822, 0.000627079803962, 0.000811818288639, 0.000499982619658, 0.000409102096455, 0.000307148613501, 0.000254031590885, 0.000195388740394, 0.000214626139496, 0.00027856635279, 0.000177804846317, 3.93862610508e-05, 1.57405938808e-05, 3.41336999554e-06, 2.13248563341e-06],
        "dvar": [3.35043139899e-08, 5.33721049578e-07, 1.77058745976e-06, 3.0488736229e-06, 2.32023812714e-05, 1.84916680155e-05, 1.21326220324e-05, 8.01212445367e-06, 1.52127140609e-05, 4.08725918533e-06, 2.67120549324e-06, 6.01740453021e-07, 8.41299879539e-07, 5.23819096543e-07, 8.19835690891e-07, 3.29241458985e-07, 2.36387549535e-07, 4.06868707614e-07, 1.86393663171e-07, 1.99243288534e-07, 4.04603326842e-07, 1.51681410898e-06, 5.98105884819e-07, 3.10526218072e-08, 5.75147662829e-09, 3.52996493147e-10, 8.16489306721e-11],
        "dvar2": [9.32438410928e-08, 1.38649295423e-06, 4.70148006571e-06, 7.50318713472e-06, 4.2701161874e-05, 3.86329593312e-05, 2.53779526247e-05, 1.86277320608e-05, 3.64855404769e-05, 1.02234262158e-05, 6.8141293923e-06, 1.27182954657e-06, 2.10891244024e-06, 1.36448227295e-06, 2.07342668546e-06, 8.01733563094e-07, 5.98227245519e-07, 1.23278186948e-06, 4.59732859781e-07, 4.64952847778e-07, 8.50322351198e-07, 2.76556920653e-06, 1.18791820114e-06, 6.18071354097e-08, 1.37180888871e-08, 9.21251019914e-10, 2.18098830662e-10],
        "max": [0.0042889113538, 0.0306670181453, 0.0283229276538, 0.0457222945988, 0.0976625606418, 0.0801225826144, 0.0664601325989, 0.0575774610043, 0.0923441722989, 0.0388396307826, 0.0480268038809, 0.0292852800339, 0.0503199771047, 0.0136437900364, 0.0202295333147, 0.0139769008383, 0.0160197932273, 0.0337899290025, 0.0140174757689, 0.0146201401949, 0.016974683851, 0.039134606719, 0.0197827368975, 0.009462187998, 0.00377085153013, 0.000918616715353, 0.000524765753653],
        "mean": [4.07561637985e-05, 0.000517996784765, 0.00115717377048, 0.00144237326458, 0.00451859179884, 0.00390460481867, 0.00193570065312, 0.00185077846982, 0.00344740180299, 0.00155542697757, 0.0012412291253, 0.000676966097672, 0.000700754462741, 0.000668533786666, 0.000937673205044, 0.0006146588712, 0.000466501835035, 0.000361525220796, 0.000304061220959, 0.000219520719838, 0.000221658483497, 0.00024679582566, 0.000159625866218, 4.72533938591e-05, 1.78520040208e-05, 3.51349149241e-06, 5.69629855818e-06],
        "median": [6.41907399768e-06, 0.000182320858585, 0.000425838952651, 0.00039226457011, 0.00200835848227, 0.00179584661964, 0.000667853630148, 0.00059515144676, 0.00100823235698, 0.000385246938094, 0.000349763635313, 0.00034914520802, 0.000329151342157, 0.000291415955871, 0.000408212043112, 0.00027525704354, 0.00023064983543, 0.000178770438652, 0.000158702299814, 0.000100224860944, 6.90370361554e-05, 3.55668889824e-05, 2.93845823762e-05, 1.64131415659e-05, 5.47628360437e-06, 9.40248412462e-07, 9.48392425926e-07],
        "min": [5.94934558359e-24, 5.79161481774e-24, 2.89754637385e-23, 1.23020838685e-23, 1.07671511358e-22, 9.10852643301e-24, 2.26621389165e-23, 9.26862717367e-23, 9.91339663921e-23, 9.61201201483e-23, 2.73820341297e-23, 1.01988910806e-22, 7.38820933648e-23, 6.26862133664e-23, 5.58835439255e-23, 1.70010846807e-22, 1.76530599173e-22, 3.30228383061e-22, 2.70864769786e-22, 3.27132085076e-22, 2.75829822458e-22, 4.23335502625e-22, 5.67374915352e-22, 7.55722284853e-22, 1.42223790662e-21, 1.85249521562e-21, 2.13514561782e-21],
        "var": [2.77181495534e-08, 1.18408661365e-06, 3.39995040122e-06, 7.56880899644e-06, 6.74430775689e-05, 4.11657747463e-05, 1.95631564566e-05, 1.46325655805e-05, 3.98828524339e-05, 1.22161918625e-05, 8.5962956291e-06, 1.39676330946e-06, 1.56091016379e-06, 1.1829874893e-06, 2.21322670768e-06, 9.64137825576e-07, 4.94428036291e-07, 7.11319842139e-07, 2.94796194567e-07, 3.14002619461e-07, 6.40432460841e-07, 2.39248743128e-06, 8.39815413656e-07, 5.82563508544e-08, 7.73401520604e-09, 3.38249622756e-10, 1.21270715692e-09]
    },
    "erbbands": {
        "dmean": [0.00494425138459, 0.0744149386883, 0.502672672272, 1.575258255, 3.70829248428, 9.0685968399, 16.0399646759, 16.8415088654, 16.852640152, 19.8595790863, 29.2300567627, 40.8635215759, 30.0002498627, 26.6430053711, 19.2820987701, 13.2464227676, 15.6941108704, 15.8978891373, 21.6031608582, 21.9342842102, 14.0564527512, 13.8636064529, 9.85988903046, 9.55974197388, 6.06569337845, 5.41202259064, 5.98863935471, 5.43716049194, 6.66770553589, 5.55959796906, 3.14797639847, 0.821300566196, 0.375268816948, 0.157321900129, 0.0500788427889, 0.0107404245064, 0.00381174380891, 0.00235381792299, 9.16999124456e-05, 1.02138346847e-05],
        "dmean2": [0.00793910492212, 0.119806855917, 0.805338203907, 2.4557082653, 5.66996860504, 13.4937610626, 23.8648777008, 25.2574901581, 25.6263904572, 29.7972126007, 46.4159660339, 64.3369979858, 47.9753074646, 42.3816070557, 30.0939788818, 20.8128738403, 25.097700119, 26.0368747711, 34.9579772949, 35.5017585754, 22.6633453369, 23.1262626648, 16.4952850342, 15.6868457794, 9.67227077484, 8.65432262421, 9.16031646729, 8.31950378418, 10.0529222488, 8.26596260071, 4.68826818466, 1.25063586235, 0.583573281765, 0.242719858885, 0.0768815204501, 0.0170114692301, 0.00624202564359, 0.00385870877653, 0.000148820938193, 1.54271874635e-05],
        "dvar": [0.000204659445444, 0.0410961844027, 1.39486861229, 12.6383085251, 74.7255172729, 553.291503906, 1374.99963379, 1392.56689453, 2313.37158203, 2922.02954102, 4218.05322266, 7952.4453125, 4107.71582031, 3504.28027344, 1919.57702637, 545.042785645, 1225.26818848, 964.256958008, 1624.22521973, 1548.57250977, 623.251098633, 837.850646973, 1133.82165527, 623.194030762, 343.424041748, 469.437957764, 610.177062988, 875.07043457, 1872.77819824, 1488.58337402, 401.76071167, 25.1231002808, 7.78420591354, 1.37577903271, 0.10616505146, 0.00411234796047, 0.00125822320115, 0.000316414283589, 8.46232921958e-07, 5.85549941867e-10],
        "dvar2": [0.000493843166623, 0.105496652424, 3.66305375099, 32.0172576904, 165.074203491, 1047.84423828, 2684.42163086, 3000.40283203, 4777.14013672, 6343.39501953, 10177.5898438, 19114.0996094, 10289.5009766, 8458.25585938, 4477.11376953, 1244.00720215, 3044.67163086, 2448.05712891, 3883.41723633, 3886.12988281, 1496.41296387, 2129.51464844, 3589.20581055, 1597.60986328, 815.272094727, 1110.32788086, 1288.42248535, 1866.60949707, 3492.80224609, 2867.83862305, 803.555053711, 49.5292663574, 17.1929683685, 3.13640499115, 0.243347600102, 0.0103970058262, 0.00326866889372, 0.000845085887704, 2.19563298742e-06, 1.36719291444e-09],
        "max": [0.507909595966, 8.09749889374, 23.1783332825, 114.711235046, 196.313034058, 590.200561523, 799.895874023, 919.426147461, 1109.54553223, 1318.02770996, 1472.35339355, 2681.7019043, 1405.72045898, 1291.4041748, 1213.51123047, 863.639892578, 1843.04919434, 1013.69891357, 1227.76538086, 905.221740723, 699.454833984, 915.166748047, 1730.54919434, 947.274841309, 768.710388184, 654.814697266, 1069.18457031, 980.591308594, 1221.31555176, 1230.18041992, 507.404144287, 335.745056152, 133.223434448, 55.6480445862, 18.7875328064, 2.82261705399, 1.70799326897, 0.867779135704, 0.0513645485044, 0.00105007027742],
        "mean": [0.00938107166439, 0.151581555605, 1.10011029243, 3.34482741356, 7.00201129913, 16.8527908325, 29.7626075745, 32.7279052734, 28.0368251801, 31.7850875854, 49.8745689392, 75.073387146, 56.5479774475, 52.7966957092, 39.2627372742, 26.1597423553, 31.294172287, 32.5886611938, 44.2356262207, 44.9208297729, 31.133480072, 27.3012371063, 20.4637775421, 19.1334915161, 12.2651014328, 9.93332481384, 10.312584877, 7.84995365143, 8.87643623352, 7.08330440521, 4.20852375031, 1.40719234943, 0.662386715412, 0.277687937021, 0.0880794301629, 0.0194946341217, 0.00713635422289, 0.00961297377944, 0.000290757510811, 3.86934298149e-05],
        "median": [0.00342789222486, 0.0611443817616, 0.452920764685, 1.43128550053, 2.73247337341, 6.56574058533, 11.8224220276, 14.1522045135, 11.4289312363, 11.8829240799, 20.1431102753, 22.8514575958, 18.9878864288, 15.7817173004, 15.2170610428, 15.1448984146, 16.3124885559, 16.4792709351, 23.1856098175, 22.4064178467, 17.2921466827, 13.9199018478, 10.6184511185, 10.4664287567, 6.40784502029, 4.51271915436, 3.53295731544, 2.04823541641, 1.37774336338, 1.02217531204, 0.792121767998, 0.452819466591, 0.222297847271, 0.0870620012283, 0.0260194968432, 0.00601542182267, 0.00177045911551, 0.00170744967181, 6.35219403193e-05, 3.37924539053e-05],
        "min": [2.67712481609e-22, 1.60629720495e-21, 2.29730512767e-20, 4.52686577876e-20, 1.29184492726e-19, 3.93870268774e-19, 3.93341596965e-19, 7.63222490603e-20, 2.28919804681e-19, 8.46948368037e-19, 2.18438609479e-18, 2.81421216654e-18, 2.46303511902e-18, 2.08794510717e-18, 1.59796467133e-18, 4.13262825472e-18, 3.59242017131e-18, 3.09079696155e-18, 2.70607939455e-18, 8.94919756404e-18, 7.15238425692e-18, 9.3590084821e-18, 1.38152587438e-17, 1.89757465907e-17, 1.21043580694e-17, 1.62644652641e-17, 1.21298517759e-17, 1.40874218448e-17, 1.61256229983e-17, 1.45231458499e-17, 1.53100229143e-17, 1.45300544624e-17, 1.29243703348e-17, 1.37516692342e-17, 1.10013805514e-17, 5.95692877359e-18, 3.2737926809e-18, 1.37750418428e-18, 2.7749699428e-19, 3.54097311735e-20],
        "var": [0.000500636990182, 0.0889137610793, 2.89405465126, 29.205411911, 166.861160278, 1344.63903809, 3315.5168457, 2983.78759766, 3743.68505859, 4751.6015625, 7762.890625, 21498.8203125, 10716.0849609, 11595.4863281, 7064.06591797, 1353.69470215, 2480.39697266, 2488.12451172, 4551.36816406, 3969.06030273, 1754.99401855, 1777.11340332, 2128.40185547, 984.803161621, 588.565368652, 686.594543457, 1038.71850586, 1290.02307129, 2995.9284668, 2061.38647461, 565.56817627, 41.6688499451, 12.6144752502, 2.05938220024, 0.147958308458, 0.00512118590996, 0.00144748028833, 0.00324628362432, 2.67736936621e-06, 1.27548194229e-09]
    },
    "gfcc": {
        "mean": [-4.0746922493, 98.4419403076, -142.303253174, 14.6750440598, -64.6832885742, -2.63943219185, -40.9223556519, -1.70562434196, -18.8551540375, -6.13881826401, -15.7347869873, -4.83812379837, -9.10569477081],
        "cov": [[2956.9621582, -20.9499530792, -766.129455566, 290.860473633, -186.395492554, 259.644500732, 0.868478953838, 41.230014801, -61.1165275574, -70.3151779175, -64.768989563, -125.454963684, 0.371595770121], [-20.9499530792, 1392.48120117, 448.079498291, -174.620391846, 101.278800964, -241.490768433, -147.607650757, -108.680679321, -72.9327087402, -101.838851929, 25.8301925659, -137.701705933, 4.62494707108], [-766.129455566, 448.079498291, 1066.11999512, 45.3156890869, 76.9702758789, -192.775100708, -126.945121765, -46.8684806824, -20.2014751434, 0.614395678043, 14.0421485901, 35.8856277466, -60.3005867004], [290.860473633, -174.620391846, 45.3156890869, 476.227874756, 65.0496292114, 68.4174118042, 17.4767112732, -19.7344150543, 17.6506900787, -48.1561508179, -33.9233322144, 8.37793827057, -45.7427177429], [-186.395492554, 101.278800964, 76.9702758789, 65.0496292114, 267.578521729, 46.39818573, 33.8770141602, 15.5776987076, -0.814590454102, 2.36878466606, -14.6949081421, 11.3127794266, -25.8518562317], [259.644500732, -241.490768433, -192.775100708, 68.4174118042, 46.39818573, 294.799865723, 112.374656677, 61.3930625916, 8.6469373703, 5.26790380478, -17.4154338837, -22.0844497681, 4.6826839447], [0.868478953838, -147.607650757, -126.945121765, 17.4767112732, 33.8770141602, 112.374656677, 178.734527588, 49.4239616394, 18.6208667755, 21.3549232483, -16.4165706635, -2.33693790436, -10.3010663986], [41.230014801, -108.680679321, -46.8684806824, -19.7344150543, 15.5776987076, 61.3930625916, 49.4239616394, 142.64465332, 50.5735168457, 17.7367172241, -1.60115289688, -9.70457458496, 3.26774740219], [-61.1165275574, -72.9327087402, -20.2014751434, 17.6506900787, -0.814590454102, 8.6469373703, 18.6208667755, 50.5735168457, 109.091072083, 39.6076507568, -0.416556745768, 12.8886013031, -15.3725891113], [-70.3151779175, -101.838851929, 0.614395678043, -48.1561508179, 2.36878466606, 5.26790380478, 21.3549232483, 17.7367172241, 39.6076507568, 114.557754517, 39.9465522766, 25.3586349487, -2.89789271355], [-64.768989563, 25.8301925659, 14.0421485901, -33.9233322144, -14.6949081421, -17.4154338837, -16.4165706635, -1.60115289688, -0.416556745768, 39.9465522766, 89.5014724731, 31.6990947723, 9.77124595642], [-125.454963684, -137.701705933, 35.8856277466, 8.37793827057, 11.3127794266, -22.0844497681, -2.33693790436, -9.70457458496, 12.8886013031, 25.3586349487, 31.6990947723, 105.514480591, 10.7602615356], [0.371595770121, 4.62494707108, -60.3005867004, -45.7427177429, -25.8518562317, 4.6826839447, -10.3010663986, 3.26774740219, -15.3725891113, -2.89789271355, 9.77124595642, 10.7602615356, 79.6574935913]],
        "icov": [[0.00077534042066, -0.000712986511644, 0.000809134042356, -0.000901303021237, 0.0011026164284, -0.000822312722448, 0.000827462878078, -0.00108172884211, 0.00135243928526, -0.00117734330706, 0.00121303589549, -0.000920554739423, 0.000884006149136], [-0.000712986511644, 0.00258045014925, -0.00142403971404, 0.00163292721845, -0.00239848461933, 0.00181801337749, -0.000918388483115, 0.00245803478174, -0.00234351167455, 0.00327977002598, -0.00342155620456, 0.00443810410798, -0.00190440588631], [0.000809134042356, -0.00142403971404, 0.00231231679209, -0.00136218371335, 0.00124749355018, -0.000577644968871, 0.00157427601516, -0.00190322042909, 0.00226241583005, -0.00226024864241, 0.00215511117131, -0.00257498933934, 0.00220543076284], [-0.000901303021237, 0.00163292721845, -0.00136218371335, 0.00404873071238, -0.0022249291651, 0.000496963271871, -0.000966246647295, 0.00272782635875, -0.00311586679891, 0.00377695146017, -0.00212158286013, 0.00190866040066, -0.0002464504214], [0.0011026164284, -0.00239848461933, 0.00124749355018, -0.0022249291651, 0.00688195275143, -0.00255669793114, 0.000851980992593, -0.00312174414285, 0.00348845450208, -0.00362849468365, 0.00415585096925, -0.00472595542669, 0.0030926221516], [-0.000822312722448, 0.00181801337749, -0.000577644968871, 0.000496963271871, -0.00255669793114, 0.00687658460811, -0.00334299751557, 0.000424893776653, -0.00113423273433, 0.00197674217634, -0.00254322285764, 0.00389219843782, -0.00229811388999], [0.000827462878078, -0.000918388483115, 0.00157427601516, -0.000966246647295, 0.000851980992593, -0.00334299751557, 0.00941945705563, -0.0030376133509, 0.00221476890147, -0.00324003142305, 0.00339715182781, -0.00232387171127, 0.00270879291929], [-0.00108172884211, 0.00245803478174, -0.00190322042909, 0.00272782635875, -0.00312174414285, 0.000424893776653, -0.0030376133509, 0.012865671888, -0.0079906154424, 0.00429387949407, -0.00444142660126, 0.00553342094645, -0.00355916796252], [0.00135243928526, -0.00234351167455, 0.00226241583005, -0.00311586679891, 0.00348845450208, -0.00113423273433, 0.00221476890147, -0.0079906154424, 0.0171684082597, -0.00844081025571, 0.00605020765215, -0.00565494131297, 0.0048940256238], [-0.00117734330706, 0.00327977002598, -0.00226024864241, 0.00377695146017, -0.00362849468365, 0.00197674217634, -0.00324003142305, 0.00429387949407, -0.00844081025571, 0.0178548656404, -0.0101127279922, 0.00445271888748, -0.00195635762066], [0.00121303589549, -0.00342155620456, 0.00215511117131, -0.00212158286013, 0.00415585096925, -0.00254322285764, 0.00339715182781, -0.00444142660126, 0.00605020765215, -0.0101127279922, 0.0202943012118, -0.00954125914723, 0.00232498114929], [-0.000920554739423, 0.00443810410798, -0.00257498933934, 0.00190866040066, -0.00472595542669, 0.00389219843782, -0.00232387171127, 0.00553342094645, -0.00565494131297, 0.00445271888748, -0.00954125914723, 0.0197588428855, -0.0058246711269], [0.000884006149136, -0.00190440588631, 0.00220543076284, -0.0002464504214, 0.0030926221516, -0.00229811388999, 0.00270879291929, -0.00355916796252, 0.0048940256238, -0.00195635762066, 0.00232498114929, -0.0058246711269, 0.0171981509775]]
    },
    "melbands": {
        "dmean": [5.73531542614e-05, 0.000201466129511, 0.000316234509228, 0.000413426314481, 0.000534901162609, 0.00037403719034, 0.000255903491052, 0.000231105994317, 0.000263960566372, 0.000265299022431, 0.000154419671162, 0.000113279238576, 7.32840126147e-05, 4.12503359257e-05, 3.85545135941e-05, 4.11459077441e-05, 3.19473110721e-05, 3.64606603398e-05, 4.21633303631e-05, 2.52272366197e-05, 1.62337546499e-05, 1.63884342328e-05, 1.07083924377e-05, 8.64921275934e-06, 8.61017542775e-06, 5.48591060578e-06, 4.25880398325e-06, 3.82189000447e-06, 4.00099952458e-06, 3.52670053871e-06, 3.23083986586e-06, 3.86833107768e-06, 3.90216109736e-06, 2.92880849884e-06, 2.1519706479e-06, 9.13802296054e-07, 3.82617798778e-07, 2.98010832012e-07, 1.9329029044e-07, 1.24984651961e-07],
        "dmean2": [9.23308107303e-05, 0.000322120991768, 0.000489401281811, 0.000621198269073, 0.000792351434939, 0.000560570508242, 0.000387302919989, 0.000350786256604, 0.000418595824158, 0.000418925337726, 0.000247713149292, 0.000180411312613, 0.000114954462333, 6.43192470307e-05, 6.14801756456e-05, 6.58974022372e-05, 5.25326759089e-05, 5.89143419347e-05, 6.94472546456e-05, 4.09262065659e-05, 2.64799182332e-05, 2.72839843092e-05, 1.79927064892e-05, 1.43649949678e-05, 1.41969103424e-05, 8.81544838194e-06, 6.95119797456e-06, 6.18252943241e-06, 6.19025377091e-06, 5.45203556612e-06, 4.96844450026e-06, 5.82454640607e-06, 5.93505910729e-06, 4.3940467549e-06, 3.22310370393e-06, 1.39817268519e-06, 6.08306550021e-07, 4.65626300183e-07, 3.05780559984e-07, 1.94888130522e-07],
        "dvar": [2.43511255604e-08, 2.22322128707e-07, 4.85363329972e-07, 9.49650711846e-07, 1.37513109166e-06, 6.46765158763e-07, 5.06467301875e-07, 3.4602058463e-07, 3.4330116705e-07, 3.40937248211e-07, 1.1031380609e-07, 6.41473576479e-08, 3.04812495244e-08, 7.47479589336e-09, 6.6903353968e-09, 1.22681953485e-08, 4.07365119415e-09, 5.24365084686e-09, 6.5011782624e-09, 2.49295872834e-09, 8.71666350211e-10, 1.05729491828e-09, 2.22375629022e-09, 7.72259145521e-10, 5.52102696894e-10, 2.49528092633e-10, 2.07049988266e-10, 2.47404929876e-10, 2.58659732522e-10, 2.24019358619e-10, 3.62235852425e-10, 6.41932729195e-10, 7.45644046507e-10, 3.99463129241e-10, 1.95855429097e-10, 2.38341846259e-11, 1.1081122131e-11, 5.65258864021e-12, 2.32134689075e-12, 1.10452315696e-12],
        "dvar2": [6.22961948693e-08, 5.73860120312e-07, 1.174595468e-06, 1.85189037438e-06, 2.60766046267e-06, 1.37707490921e-06, 1.03855791167e-06, 7.57925135986e-07, 8.3376778548e-07, 8.26761208828e-07, 2.77764968359e-07, 1.53418085347e-07, 7.36223384479e-08, 1.6447362583e-08, 1.53334678288e-08, 3.06663494598e-08, 1.05661781546e-08, 1.25162404885e-08, 1.67263998208e-08, 6.10115824529e-09, 2.11426032237e-09, 2.6720834434e-09, 7.32818872251e-09, 1.74151915111e-09, 1.48691292612e-09, 6.03172400915e-10, 5.10969988543e-10, 5.99744476304e-10, 5.43050548973e-10, 4.84599638195e-10, 7.99156685272e-10, 1.25693944142e-09, 1.42738076914e-09, 7.99209032287e-10, 4.0270456414e-10, 4.98587247877e-11, 2.26204714682e-11, 1.30286172476e-11, 5.49358692217e-12, 2.67836490833e-12],
        "max": [0.0065349410288, 0.00967645086348, 0.0176036953926, 0.0250868815929, 0.0246075578034, 0.0187734756619, 0.0156531780958, 0.0140488483012, 0.0160618089139, 0.0181730762124, 0.00698583107442, 0.00559414830059, 0.00521400524303, 0.0039014427457, 0.00436326814815, 0.00675634015352, 0.00174620351754, 0.00242947251536, 0.00188452878501, 0.00133043166716, 0.000680053140968, 0.00109184964094, 0.00260968040675, 0.00192721316125, 0.000920742109884, 0.000485724158352, 0.000674133596476, 0.000485765747726, 0.000687148072757, 0.000370001944248, 0.000645964639261, 0.000796464737505, 0.000903828360606, 0.00061866134638, 0.000376369600417, 0.000128880928969, 0.000226110612857, 0.0001302358869, 8.73720637173e-05, 6.76507188473e-05],
        "mean": [0.000114281596325, 0.00044673672528, 0.000676504801959, 0.00081039534416, 0.00103102228604, 0.000728632032406, 0.000422738114139, 0.000363596860552, 0.000440034578787, 0.000482729403302, 0.000280069565633, 0.000217207387323, 0.000142740522278, 7.89819096099e-05, 6.79081058479e-05, 7.3867959145e-05, 5.8308676671e-05, 6.71514208079e-05, 7.63533025747e-05, 4.9675541959e-05, 3.20009785355e-05, 2.96976977552e-05, 1.99935730052e-05, 1.66073805303e-05, 1.57732629305e-05, 1.00432571344e-05, 7.40483483241e-06, 6.38730261926e-06, 6.67787935527e-06, 5.34369655725e-06, 4.26780661655e-06, 5.03738192492e-06, 4.79380651086e-06, 3.62455239156e-06, 2.72917645816e-06, 1.33867649765e-06, 6.72440307881e-07, 4.92741321523e-07, 3.25339385654e-07, 2.04023336892e-07],
        "median": [4.1690775106e-05, 0.000193608168047, 0.000307101756334, 0.000341357546858, 0.000428149302024, 0.000330507202307, 0.000165216071764, 0.000123757447, 0.000155622896273, 0.000132093366119, 8.22050205898e-05, 5.65504014958e-05, 4.72347237519e-05, 3.75849485863e-05, 3.36099474225e-05, 2.95521895168e-05, 2.63722467935e-05, 3.08983944706e-05, 3.21249062836e-05, 2.15943855437e-05, 1.6491572751e-05, 1.41798491313e-05, 9.82467008726e-06, 8.29950658954e-06, 8.18547232484e-06, 4.77034745927e-06, 3.30188368025e-06, 2.63286756308e-06, 2.22815242523e-06, 1.59669900768e-06, 8.45009424211e-07, 7.49831770008e-07, 5.786686188e-07, 5.26999826889e-07, 4.52665233297e-07, 3.62806559906e-07, 2.23351449335e-07, 1.56756783554e-07, 1.02651888767e-07, 5.75965195537e-08],
        "min": [2.35056193675e-24, 8.67756462074e-24, 9.91326000851e-24, 1.73962462496e-23, 1.6942668584e-23, 1.73565846898e-24, 3.61258102128e-24, 1.24902705818e-23, 1.67253910472e-23, 1.68154126982e-23, 1.27807268005e-23, 1.00140085902e-23, 3.98048208165e-24, 9.74109742683e-24, 1.02511953985e-23, 7.50562497133e-24, 5.16965005879e-24, 4.32193105814e-24, 6.20879325784e-24, 1.47756818769e-23, 7.97491753499e-24, 9.49022151517e-24, 1.18972420297e-23, 1.44002219513e-23, 1.58079205709e-23, 8.34697825891e-24, 7.95892732444e-24, 1.17045461875e-23, 8.42137573088e-24, 5.07378334286e-24, 9.53469670414e-24, 9.27403733953e-24, 7.75908913563e-24, 8.65572342886e-24, 9.16098568321e-24, 7.92800397696e-24, 9.57346527333e-24, 8.11299974784e-24, 9.87134230658e-24, 1.28208798206e-23],
        "var": [5.73793599301e-08, 4.78525635117e-07, 1.13438954941e-06, 2.33070841205e-06, 3.67978964277e-06, 1.39706014579e-06, 8.43371992687e-07, 6.04905665114e-07, 6.73210820423e-07, 9.55023892857e-07, 2.89317085844e-07, 2.10221429597e-07, 1.00491455157e-07, 2.47766092087e-08, 1.47429517483e-08, 2.25634746442e-08, 9.83457404402e-09, 1.28252253262e-08, 1.59324660132e-08, 7.03272462488e-09, 2.01382599485e-09, 2.12777306885e-09, 2.93771806881e-09, 1.58529278593e-09, 7.54876272602e-10, 3.80782294584e-10, 3.41251832348e-10, 3.33855554313e-10, 4.51301856996e-10, 3.34674926661e-10, 5.1016990632e-10, 9.98131910457e-10, 1.04526265421e-09, 5.3297743996e-10, 2.66049848818e-10, 3.38198392902e-11, 1.67237508564e-11, 8.04788093806e-12, 3.30782450042e-12, 1.31554999099e-12]
    },
    "mfcc": {
        "mean": [-639.230712891, 130.059295654, -22.1311283112, 12.2570400238, -7.03448009491, -4.66662883759, -13.1913890839, -2.67156076431, -6.24125099182, 0.569290161133, -7.73192739487, -4.54504299164, -5.90650701523],
        "cov": [[2777.23364258, -667.065246582, -606.879882812, -68.8573760986, -139.336837769, 190.103179932, 96.6752471924, 143.183944702, 75.0979537964, 106.928184509, -40.6244163513, -33.6376533508, -48.2348365784], [-667.065246582, 1524.4855957, 357.992675781, 22.0469837189, 161.189849854, -205.687072754, -12.4046697617, -182.658630371, -87.4421310425, -75.7405166626, -66.6630630493, -0.481388270855, -33.0391654968], [-606.879882812, 357.992675781, 738.40612793, 183.054595947, 116.895347595, -63.7216911316, -56.3600502014, -55.2664031982, -59.8292694092, -64.9692840576, 1.47966885567, 16.4582538605, 0.0966196805239], [-68.8573760986, 22.0469837189, 183.054595947, 378.949645996, 102.704345703, 46.8718528748, -44.5588645935, 20.9377174377, -26.7745323181, -53.5245399475, 4.00681257248, 4.92727231979, 6.91213989258], [-139.336837769, 161.189849854, 116.895347595, 102.704345703, 236.149002075, 17.8922233582, 16.5541763306, 17.2371196747, 10.1242761612, -26.4525241852, 0.923126578331, 11.1191263199, 6.38732290268], [190.103179932, -205.687072754, -63.7216911316, 46.8718528748, 17.8922233582, 213.622039795, 60.1320228577, 62.1881332397, 28.7553710938, 18.5885658264, 13.7069225311, -10.3934335709, 11.1396036148], [96.6752471924, -12.4046697617, -56.3600502014, -44.5588645935, 16.5541763306, 60.1320228577, 161.862243652, 40.5176582336, 31.8249759674, 35.5633392334, -3.63498091698, 8.47986316681, -15.8810596466], [143.183944702, -182.658630371, -55.2664031982, 20.9377174377, 17.2371196747, 62.1881332397, 40.5176582336, 146.042434692, 58.2043457031, 19.0336952209, 26.4229888916, -8.30053806305, -2.8293223381], [75.0979537964, -87.4421310425, -59.8292694092, -26.7745323181, 10.1242761612, 28.7553710938, 31.8249759674, 58.2043457031, 118.173408508, 52.4635810852, 22.716135025, -0.402382671833, -7.15415859222], [106.928184509, -75.7405166626, -64.9692840576, -53.5245399475, -26.4525241852, 18.5885658264, 35.5633392334, 19.0336952209, 52.4635810852, 118.63105011, 27.9969406128, 7.07282161713, -1.29999160767], [-40.6244163513, -66.6630630493, 1.47966885567, 4.00681257248, 0.923126578331, 13.7069225311, -3.63498091698, 26.4229888916, 22.716135025, 27.9969406128, 105.563751221, 32.3642578125, 17.3263339996], [-33.6376533508, -0.481388270855, 16.4582538605, 4.92727231979, 11.1191263199, -10.3934335709, 8.47986316681, -8.30053806305, -0.402382671833, 7.07282161713, 32.3642578125, 88.7444229126, 28.2812614441], [-48.2348365784, -33.0391654968, 0.0966196805239, 6.91213989258, 6.38732290268, 11.1396036148, -15.8810596466, -2.8293223381, -7.15415859222, -1.29999160767, 17.3263339996, 28.2812614441, 83.695098877]],
