{
"lowlevel": {
    "average_loudness": 0.914546906948,
    "barkbands_crest": {
        "dmean": 2.33629393578,
        "dmean2": 3.75310397148,
        "dvar": 4.3944978714,
        "dvar2": 10.8409166336,
        "max": 26.5906524658,
        "mean": 9.81839752197,
        "median": 9.05838394165,
        "min": 2.38749599457,
        "var": 17.4755077362
    },
    "barkbands_flatness_db": {
        "dmean": 0.0156081644818,
        "dmean2": 0.0246094409376,
        "dvar": 0.000216606727918,
        "dvar2": 0.000531599915121,
        "max": 0.408263295889,
        "mean": 0.13231267035,
        "median": 0.12026309967,
        "min": 0.0395862795413,
        "var": 0.00231907097623
    },
    "barkbands_kurtosis": {
        "dmean": 1.55536103249,
        "dmean2": 2.45297598839,
        "dvar": 26.6131381989,
        "dvar2": 66.1360321045,
        "max": 308.558929443,
        "mean": 2.20035529137,
        "median": 0.875951528549,
        "min": -1.882999897,
        "var": 30.4028549194
    },
    "barkbands_skewness": {
        "dmean": 0.380552083254,
        "dmean2": 0.585777044296,
        "dvar": 0.197923108935,
        "dvar2": 0.465417712927,
        "max": 17.2491073608,
        "mean": 0.977053403854,
        "median": 0.982361316681,
        "min": -6.50381660461,
        "var": 0.992155373096
    },
    "barkbands_spread": {
        "dmean": 4.06240224838,
        "dmean2": 6.21881389618,
        "dvar": 19.5395011902,
        "dvar2": 41.4393081665,
        "max": 88.2759475708,
        "mean": 20.5016498566,
        "median": 19.1292724609,
        "min": 1.10297489166,
        "var": 124.44329834
    },
    "dissonance": {
        "dmean": 0.0218286849558,
        "dmean2": 0.0370893292129,
        "dvar": 0.000535225321073,
        "dvar2": 0.00151660502888,
        "max": 0.500000059605,
        "mean": 0.454782128334,
        "median": 0.463293761015,
        "min": 0.219226434827,
        "var": 0.00128731934819
    },
    "dynamic_complexity": 2.65630793571,
    "erbbands_crest": {
        "dmean": 2.73429775238,
        "dmean2": 4.35591697693,
        "dvar": 6.06776237488,
        "dvar2": 14.6883401871,
        "max": 34.822052002,
        "mean": 10.7040042877,
        "median": 9.36630821228,
        "min": 1.9712703228,
        "var": 26.6195755005
    },
    "erbbands_flatness_db": {
        "dmean": 0.0149377603084,
        "dmean2": 0.0228749047965,
        "dvar": 0.000211740582017,
        "dvar2": 0.00046512010158,
        "max": 0.431645572186,
        "mean": 0.185825824738,
        "median": 0.180747568607,
        "min": 0.0268150437623,
        "var": 0.00184719311073
    },
    "erbbands_kurtosis": {
        "dmean": 1.13842475414,
        "dmean2": 1.79423236847,
        "dvar": 7.71912717819,
        "dvar2": 17.8347587585,
        "max": 98.5677337646,
        "mean": 1.20501124859,
        "median": -0.0304510593414,
        "min": -1.9147799015,
        "var": 27.1070137024
    },
    "erbbands_skewness": {
        "dmean": 0.344613820314,
        "dmean2": 0.530982732773,
        "dvar": 0.114498451352,
        "dvar2": 0.256621360779,
        "max": 7.18236589432,
        "mean": 0.403474330902,
        "median": 0.40409052372,
        "min": -6.07131671906,
        "var": 0.746819853783
    },
    "erbbands_spread": {
        "dmean": 5.9596786499,
        "dmean2": 9.19377613068,
        "dvar": 39.838142395,
        "dvar2": 92.8675384521,
        "max": 108.3048172,
        "mean": 32.8850059509,
        "median": 31.5957183838,
        "min": 1.1722714901,
        "var": 246.456085205
    },
    "hfc": {
        "dmean": 6.84015035629,
        "dmean2": 10.1509532928,
        "dvar": 114.254264832,
        "dvar2": 244.532318115,
        "max": 407.144714355,
        "mean": 26.7055225372,
        "median": 25.2434215546,
        "min": 1.07207404199e-06,
        "var": 542.689758301
    },
    "melbands_crest": {
        "dmean": 2.82642364502,
        "dmean2": 4.54742574692,
        "dvar": 6.95057916641,
        "dvar2": 17.4408531189,
        "max": 39.1350326538,
        "mean": 12.638510704,
        "median": 11.8392086029,
        "min": 3.02666687965,
        "var": 25.7036170959
    },
    "melbands_flatness_db": {
        "dmean": 0.0183181203902,
        "dmean2": 0.0284445043653,
        "dvar": 0.000298654398648,
        "dvar2": 0.000717447081115,
        "max": 0.431719332933,
        "mean": 0.181960955262,
        "median": 0.168208584189,
        "min": 0.0280943084508,
        "var": 0.00443752901629
    },
    "melbands_kurtosis": {
        "dmean": 3.03607344627,
        "dmean2": 4.80241584778,
        "dvar": 59.4204673767,
        "dvar2": 150.170257568,
        "max": 436.00289917,
        "mean": 6.19049882889,
        "median": 4.23873329163,
        "min": -1.80361688137,
        "var": 75.0329284668
    },
    "melbands_skewness": {
        "dmean": 0.469459116459,
        "dmean2": 0.727272689342,
        "dvar": 0.285538583994,
        "dvar2": 0.685380876064,
        "max": 19.2407474518,
        "mean": 1.71943426132,
        "median": 1.70157551765,
        "min": -4.23259830475,
        "var": 1.42776930332
    },
    "melbands_spread": {
        "dmean": 6.10188674927,
        "dmean2": 9.47704315186,
        "dvar": 71.5274429321,
        "dvar2": 155.510452271,
        "max": 223.894729614,
        "mean": 26.545917511,
        "median": 24.3201942444,
        "min": 1.59969949722,
        "var": 290.702880859
    },
    "pitch_salience": {
        "dmean": 0.060758151114,
        "dmean2": 0.0984133034945,
        "dvar": 0.00290394783951,
        "dvar2": 0.00748900929466,
        "max": 0.870623707771,
        "mean": 0.554078161716,
        "median": 0.557899534702,
        "min": 0.0382872186601,
        "var": 0.014690881595
    },
    "silence_rate_20dB": {
        "dmean": 0,
        "dmean2": 0,
        "dvar": 0,
        "dvar2": 0,
        "max": 1,
        "mean": 1,
        "median": 1,
        "min": 1,
        "var": 0
    },
    "silence_rate_30dB": {
        "dmean": 0.0009567089146,
        "dmean2": 0.00191364670172,
        "dvar": 0.000955831783358,
        "dvar2": 0.0028669598978,
        "max": 1,
        "mean": 0.99952173233,
        "median": 1,
        "min": 0,
        "var": 0.000478078145534
    },
    "silence_rate_60dB": {
        "dmean": 0.00645778514445,
        "dmean2": 0.012797512114,
        "dvar": 0.00641632312909,
        "dvar2": 0.014785294421,
        "max": 1,
        "mean": 0.0355135723948,
        "median": 0,
        "min": 0,
        "var": 0.0342572443187
    },
    "spectral_centroid": {
        "dmean": 202.189544678,
        "dmean2": 307.364349365,
        "dvar": 52382.0234375,
        "dvar2": 106223.375,
        "max": 5403.95507812,
        "mean": 1413.04382324,
        "median": 1382.07983398,
        "min": 293.708618164,
        "var": 408592.53125
    },
    "spectral_complexity": {
        "dmean": 2.84190392494,
        "dmean2": 4.54682445526,
        "dvar": 7.4886841774,
        "dvar2": 18.1913547516,
        "max": 62,
        "mean": 20.0280990601,
        "median": 20,
        "min": 0,
        "var": 80.0917816162
    },
    "spectral_decrease": {
        "dmean": 1.65608993186e-09,
        "dmean2": 2.60142085651e-09,
        "dvar": 3.76147851772e-18,
        "dvar2": 8.85146865621e-18,
        "max": -3.90805067056e-16,
        "mean": -6.25043261593e-09,
        "median": -6.07724359725e-09,
        "min": -3.2310847331e-08,
        "var": 1.3838896257e-17
    },
    "spectral_energy": {
        "dmean": 0.00674474006519,
        "dmean2": 0.0105484118685,
        "dvar": 6.16268589511e-05,
        "dvar2": 0.000143395693158,
        "max": 0.13243971765,
        "mean": 0.0260129030794,
        "median": 0.0254203025252,
        "min": 2.08416239822e-09,
        "var": 0.000237547385041
    },
    "spectral_energyband_high": {
        "dmean": 0.000460142211523,
        "dmean2": 0.000667070562486,
        "dvar": 1.46567742831e-06,
        "dvar2": 3.07051800519e-06,
        "max": 0.05188062042,
        "mean": 0.00125119870063,
        "median": 0.000740437419154,
        "min": 6.56312296177e-11,
        "var": 6.35405422145e-06
    },
    "spectral_energyband_low": {
        "dmean": 0.00156440236606,
        "dmean2": 0.00267927814275,
        "dvar": 1.37350989462e-05,
        "dvar2": 3.9931244828e-05,
        "max": 0.0717066079378,
        "mean": 0.00311726843938,
        "median": 0.00202161655761,
        "min": 1.06333490624e-10,
        "var": 1.58722050401e-05
    },
    "spectral_energyband_middle_high": {
        "dmean": 0.00242599099874,
        "dmean2": 0.00371435144916,
        "dvar": 1.42525850606e-05,
        "dvar2": 3.17666126648e-05,
        "max": 0.0976844504476,
        "mean": 0.00778665672988,
        "median": 0.00625830516219,
        "min": 6.76582678771e-11,
        "var": 5.90602248849e-05
    },
    "spectral_energyband_middle_low": {
        "dmean": 0.00487592909485,
        "dmean2": 0.00759791908786,
        "dvar": 3.98587653763e-05,
        "dvar2": 9.5615592727e-05,
        "max": 0.101894818246,
        "mean": 0.0144034633413,
        "median": 0.0118700424209,
        "min": 2.38490421856e-10,
        "var": 0.00013023475185
    },
    "spectral_entropy": {
        "dmean": 0.133046492934,
        "dmean2": 0.202224984765,
        "dvar": 0.0161845628172,
        "dvar2": 0.036016959697,
        "max": 8.68575668335,
        "mean": 7.43865585327,
        "median": 7.5215306282,
        "min": 4.87272119522,
        "var": 0.215628385544
    },
    "spectral_flux": {
        "dmean": 0.0204564537853,
        "dmean2": 0.0326443724334,
        "dvar": 0.00044106299174,
        "dvar2": 0.00104547548108,
        "max": 0.337264478207,
        "mean": 0.0813896358013,
        "median": 0.0793492347002,
        "min": 4.56526286143e-05,
        "var": 0.00150747748557
    },
    "spectral_kurtosis": {
        "dmean": 1.62541818619,
        "dmean2": 2.76191067696,
        "dvar": 3.80274486542,
        "dvar2": 10.8793392181,
        "max": 33.530620575,
        "mean": 4.41401863098,
        "median": 3.12572002411,
        "min": -0.725501775742,
        "var": 18.3064212799
    },
    "spectral_rms": {
        "dmean": 0.00062935607275,
        "dmean2": 0.000973146467004,
        "dvar": 4.15164748802e-07,
        "dvar2": 9.21183072933e-07,
        "max": 0.0113670350984,
        "mean": 0.00477267149836,
        "median": 0.0049799894914,
        "min": 1.42594853969e-06,
        "var": 2.59996591012e-06
    },
    "spectral_rolloff": {
        "dmean": 387.261383057,
        "dmean2": 644.980712891,
        "dvar": 383594.875,
        "dvar2": 788089,
        "max": 8591.74804688,
        "mean": 1715.9765625,
        "median": 1485.79101562,
        "min": 21.533203125,
        "var": 1468660.75
    },
    "spectral_skewness": {
        "dmean": 0.213795647025,
        "dmean2": 0.345107734203,
        "dvar": 0.0408437252045,
        "dvar2": 0.104237452149,
        "max": 4.29887628555,
        "mean": 1.45160627365,
        "median": 1.30302262306,
        "min": -0.0788928419352,
        "var": 0.410352438688
    },
    "spectral_spread": {
        "dmean": 327409.3125,
        "dmean2": 500436.59375,
        "dvar": 145331552256,
        "dvar2": 306837684224,
        "max": 10114657,
        "mean": 3995233.5,
        "median": 3982931,
        "min": 1558014.125,
        "var": 955345928192
    },
    "spectral_strongpeak": {
        "dmean": 0.780527055264,
        "dmean2": 1.28610777855,
        "dvar": 2.5125067234,
        "dvar2": 6.23298931122,
        "max": 60.42993927,
        "mean": 1.81117141247,
        "median": 1.20639586449,
        "min": 0,
        "var": 7.21600055695
    },
    "zerocrossingrate": {
        "dmean": 0.00711120152846,
        "dmean2": 0.00847271084785,
        "dvar": 7.74332584115e-05,
        "dvar2": 8.25911774882e-05,
        "max": 0.30810546875,
        "mean": 0.0625929534435,
        "median": 0.05908203125,
        "min": 0.00732421875,
        "var": 0.000994367292151
    },
    "barkbands": {
        "dmean": [4.05931059504e-05, 0.00085966027109, 0.000741161929909, 0.000476685090689, 0.00135237618815, 0.00185792648699, 0.000813554797787, 0.00107489142101, 0.00173278478906, 0.000579828920309, 0.00054480828112, 0.000634364900179, 0.000580163672566, 0.000470481638331, 0.00058383034775, 0.000245220784564, 0.000290222465992, 0.000128896121169, 0.000176641304279, 0.000201509988983, 0.000127998515381, 0.000165131379617, 0.000141327720485, 3.83389451599e-05, 1.24165508169e-05, 3.58598663297e-06, 1.91707869135e-07],
        "dmean2": [6.97536452208e-05, 0.00150702428073, 0.00125837256201, 0.000789929996245, 0.00213146558963, 0.00286503206007, 0.00123767624609, 0.00166860222816, 0.00278551550582, 0.000890826806426, 0.000878164137248, 0.00101422320586, 0.000924589869101, 0.000760128546972, 0.00091095326934, 0.000394438451622, 0.000465496006655, 0.000207983903238, 0.00028408766957, 0.000312960444717, 0.000196749460883, 0.000243462753133, 0.000211886537727, 5.63125395274e-05, 1.86736997421e-05, 5.52219398742e-06, 3.12453892093e-07],
        "dvar": [7.27790494537e-09, 5.46166575077e-06, 3.28126384375e-06, 1.03897446024e-06, 6.51753271086e-06, 1.29601485241e-05, 5.65243090023e-06, 7.58525766287e-06, 1.63874046848e-05, 4.47411457571e-06, 1.55601264851e-06, 3.89576871385e-06, 2.2629576506e-06, 1.41151792832e-06, 3.17579292641e-06, 3.16750998763e-07, 2.78101623508e-07, 1.5946865517e-07, 1.98828971065e-07, 1.38814726824e-07, 5.89430655396e-08, 1.2221134682e-07, 7.72118198711e-07, 2.90309589701e-08, 1.31696875627e-09, 7.90277010498e-11, 4.95074901213e-14],
        "dvar2": [1.88128606027e-08, 1.65787023434e-05, 9.29231282498e-06, 2.72700026471e-06, 1.59645223903e-05, 3.0332523238e-05, 1.37943861773e-05, 1.86328925338e-05, 3.90023706132e-05, 9.15839882509e-06, 3.90128343497e-06, 9.21312857827e-06, 4.96170787301e-06, 3.30807870341e-06, 7.09424557499e-06, 7.453624562e-07, 7.08096308699e-07, 3.51287127387e-07, 4.96257882787e-07, 3.14106870292e-07, 1.32163762601e-07, 2.38644702222e-07, 1.83592487701e-06, 6.68443007612e-08, 2.73750799806e-09, 1.72497072182e-10, 1.25175138809e-13],
        "max": [0.00148462597281, 0.0440587028861, 0.0315319150686, 0.0287016183138, 0.0467929691076, 0.0525136776268, 0.0914498716593, 0.0782600864768, 0.0688874274492, 0.0957862138748, 0.0226613134146, 0.0476772338152, 0.044825039804, 0.0373722352087, 0.0961715057492, 0.0183173343539, 0.01343503315, 0.01933388412, 0.0114847682416, 0.00904496293515, 0.00798492878675, 0.0117691531777, 0.0515166185796, 0.00802022498101, 0.00160398823209, 0.000403385580285, 6.60616115056e-06],
        "mean": [4.84303855046e-05, 0.0013566010166, 0.00133479072247, 0.000918692792766, 0.00267735193484, 0.00391916651279, 0.00155054102652, 0.00195048528258, 0.00306684034877, 0.00107449211646, 0.000914364936762, 0.00125442037825, 0.00107522518374, 0.000783656374551, 0.000986699829809, 0.000467069243314, 0.000560607470106, 0.000236888619838, 0.000317429890856, 0.000449592189398, 0.000285637885099, 0.000364952371456, 0.000311225303449, 7.54992070142e-05, 2.53977177636e-05, 6.38917936158e-06, 4.3865702537e-07],
        "median": [1.72188047145e-05, 0.000582347624004, 0.000676749972627, 0.000385100516723, 0.00153391982894, 0.00143387191929, 0.000518552958965, 0.000544392969459, 0.00077504402725, 0.000218894405407, 0.000284070847556, 0.000273515761364, 0.000290022027912, 0.000341547711287, 0.000309478695272, 0.000220329937292, 0.000324384454871, 0.000101799239928, 0.000143387573189, 0.000222836431931, 0.000167916543433, 0.000189646525541, 8.78630598891e-05, 2.38822813117e-05, 9.01952353161e-06, 2.03415834221e-06, 3.8490446741e-07],
        "min": [3.89382406527e-12, 7.05435015957e-11, 3.07348001216e-11, 2.07787823406e-12, 1.11517496626e-10, 1.86415553133e-11, 1.33911926686e-11, 1.36566192382e-11, 1.94237438633e-11, 8.94073964169e-12, 8.87968431423e-12, 1.02843757815e-11, 9.5334183256e-12, 5.85714983459e-12, 3.65401632563e-12, 6.16687213448e-12, 5.87601625343e-12, 5.31332356585e-12, 2.61380218684e-12, 3.32921711033e-12, 5.52451443966e-12, 5.22757098026e-12, 4.40524223003e-12, 9.48316078442e-12, 1.07413253639e-11, 1.23584050979e-11, 1.68904074754e-11],
        "var": [9.66877777842e-09, 5.60690705242e-06, 3.91306957681e-06, 2.73927980743e-06, 1.40927286338e-05, 3.7786354369e-05, 1.23800082292e-05, 1.99037276616e-05, 3.95476308768e-05, 1.13561445687e-05, 3.38882773576e-06, 1.43715515151e-05, 6.29548503639e-06, 2.24137716032e-06, 7.72481052991e-06, 6.03137323196e-07, 5.74879550186e-07, 2.80242574036e-07, 3.19596864529e-07, 4.45233865776e-07, 1.55223858656e-07, 3.51838110646e-07, 3.5173516153e-06, 7.30458324938e-08, 4.02531563637e-09, 1.95195720698e-10, 1.35487636193e-13]
    },
    "erbbands": {
        "dmean": [0.0155172776431, 0.231940358877, 0.835935354233, 1.10984146595, 2.4045188427, 5.40255641937, 10.3146009445, 16.4238395691, 12.3196773529, 15.3862285614, 27.6215724945, 39.5912666321, 20.711315155, 17.0692195892, 21.5776958466, 23.1283130646, 25.839056015, 19.4278297424, 23.3724040985, 27.3456630707, 11.4718885422, 16.0197124481, 6.99684524536, 6.71184015274, 9.8756570816, 8.84241104126, 5.15714836121, 5.37484645844, 5.63914966583, 5.04355478287, 3.73072385788, 1.51487541199, 0.478507071733, 0.187086835504, 0.0662358924747, 0.0236597526819, 0.00572945736349, 0.000320116902003, 4.80209491798e-05, 8.84793917066e-06],
        "dmean2": [0.0268784891814, 0.40548273921, 1.42958319187, 1.84897303581, 3.92117834091, 8.66749572754, 16.004360199, 25.2160987854, 18.5738830566, 24.1788272858, 43.3856697083, 63.0451965332, 31.517080307, 25.8152275085, 34.6054801941, 36.434513092, 40.6993560791, 31.1385440826, 36.7277336121, 42.4901313782, 18.3496112823, 25.8824234009, 11.1511049271, 10.9479827881, 15.2205629349, 13.7128124237, 8.04028129578, 8.09385204315, 8.31501579285, 7.49996137619, 5.55717992783, 2.25746417046, 0.709904432297, 0.27784794569, 0.100021325052, 0.0362988449633, 0.0089104315266, 0.00049526465591, 7.7249664173e-05, 1.35298232635e-05],
        "dvar": [0.00133031047881, 0.421454310417, 4.52072572708, 5.6735959053, 18.0919132233, 144.037261963, 433.858856201, 1219.22229004, 1346.36804199, 1268.63464355, 4217.39697266, 9620.28125, 5825.75, 1693.67492676, 2436.31323242, 4444.95263672, 4170.31054688, 1954.81567383, 10431.1005859, 3904.72290039, 589.820251465, 935.573913574, 280.258087158, 926.512390137, 466.591949463, 282.688018799, 108.503723145, 100.477523804, 143.127944946, 149.014343262, 813.052978516, 79.8315582275, 4.07498788834, 0.346134245396, 0.0352433249354, 0.00383453629911, 0.000215441905311, 4.71349295594e-07, 3.37090999558e-09, 1.10964494537e-10],
        "dvar2": [0.00397135363892, 1.2494623661, 12.828379631, 15.5345821381, 45.6422729492, 352.135681152, 1041.11010742, 2787.70532227, 3288.92553711, 3105.80053711, 9959.3984375, 22311.8945312, 11341.0976562, 3529.91503906, 5981.41210938, 10218.1357422, 9401.87988281, 4738.59814453, 22793.5839844, 9298.62109375, 1404.06347656, 2392.33935547, 661, 2281.59375, 1037.74438477, 651.953613281, 249.433151245, 214.415328979, 271.213378906, 305.787536621, 1950.13659668, 193.979217529, 9.27403736115, 0.732624053955, 0.0722387060523, 0.00799266155809, 0.000498676148709, 1.10020152988e-06, 8.10078493174e-09, 2.51118181804e-10],
        "max": [0.647453665733, 12.489440918, 38.0826187134, 52.6761474609, 109.775306702, 280.653198242, 456.329803467, 614.780395508, 1070.609375, 1053.24182129, 1534.99499512, 2013.69812012, 3512.03100586, 1285.17810059, 1058.44592285, 1918.7578125, 1656.25012207, 1202.62719727, 6148.72265625, 1779.4354248, 1032.4921875, 822.567382812, 456.084747314, 1707.94274902, 604.197631836, 533.826538086, 310.240661621, 256.425415039, 419.621337891, 418.352111816, 1663.26904297, 479.363647461, 98.6747360229, 29.121339798, 10.2721443176, 3.32855248451, 0.351453155279, 0.0186190232635, 0.00175857753493, 0.000290750787826],
        "mean": [0.0254225321114, 0.359918028116, 1.49645102024, 2.27036952972, 4.86968374252, 9.73017692566, 19.8865756989, 33.9815292358, 27.1719379425, 28.6853885651, 52.22498703, 70.3413314819, 40.777923584, 33.3455963135, 41.475151062, 48.1706581116, 52.4070854187, 36.9000740051, 44.1711044312, 49.5228538513, 26.314496994, 31.5892887115, 14.7076892853, 13.1709527969, 21.3404254913, 20.8974742889, 11.4166984558, 12.554022789, 12.6846666336, 10.8787965775, 8.249168396, 3.16577792168, 0.95637857914, 0.38748896122, 0.127226725221, 0.0419080331922, 0.0101501941681, 0.000743608397897, 0.000121614655654, 3.68071960111e-05],
        "median": [0.01019025594, 0.160329788923, 0.746376574039, 1.15637302399, 2.90039610863, 4.92539167404, 8.67517089844, 11.3279809952, 7.75373029709, 11.9934034348, 16.3844585419, 17.7335128784, 12.2124147415, 10.8883085251, 14.3045272827, 13.7238426208, 16.2671966553, 19.3453121185, 18.3597316742, 17.5872650146, 15.337436676, 18.2436275482, 7.73355293274, 6.05168199539, 10.2937107086, 11.1186103821, 6.71803236008, 7.20284080505, 6.4724187851, 5.12168931961, 1.96953868866, 0.746467649937, 0.282444387674, 0.138208299875, 0.0418955720961, 0.0128069967031, 0.00319315935485, 0.000459186645458, 0.000102552890894, 3.62559876521e-05],
        "min": [1.47809831041e-09, 1.74847354373e-08, 4.23920418768e-08, 1.96241138894e-08, 1.70264897292e-07, 3.74096714495e-07, 3.19829183582e-07, 1.43970439126e-07, 2.15304766016e-07, 2.17441652239e-07, 4.12335879219e-07, 4.42762029707e-07, 2.90069749553e-07, 4.16947784743e-07, 3.45482106923e-07, 4.01141193151e-07, 4.56233919977e-07, 3.37680148732e-07, 1.99559536895e-07, 2.25655639952e-07, 4.29516688882e-07, 3.08541842742e-07, 1.97816120817e-07, 2.55672176763e-07, 1.41791730357e-07, 1.45775061355e-07, 1.53215097498e-07, 2.32772350728e-07, 1.82125361903e-07, 2.06883427722e-07, 1.23950883335e-07, 2.30976866078e-07, 1.10716072754e-07, 9.66371160871e-08, 8.80277113424e-08, 4.04089277595e-08, 2.9230154297e-08, 7.33972083111e-09, 2.89210522197e-09, 2.17924095436e-10],
        "var": [0.00213724817149, 0.39574098587, 4.89621591568, 11.7241182327, 43.7014350891, 285.483062744, 1037.51611328, 3429.20166016, 4374.08056641, 2541.18676758, 11117.7802734, 24665.0683594, 13489.1396484, 5368.75732422, 7071.03759766, 16594.4140625, 13842.7138672, 3460.94238281, 27638.5585938, 7455.05712891, 1452.64599609, 1897.60546875, 602.377746582, 1115.02941895, 1218.86254883, 915.398498535, 272.516479492, 301.035858154, 419.475158691, 409.758361816, 3635.30273438, 323.527709961, 10.6387825012, 1.00134670734, 0.111777603626, 0.0107131535187, 0.000417552539147, 1.00891190868e-06, 1.15061853379e-08, 5.3246967946e-10]
    },
    "gfcc": {
        "mean": [0.97739559412, 97.0236816406, -137.758926392, 30.0052070618, -68.2289810181, 7.65724420547, -35.5327682495, -4.70312309265, -15.7064285278, 1.0402764082, -16.3342590332, -1.87897670269, -8.99124336243],
        "cov": [[4576.23144531, -1025.78979492, -713.18951416, 550.294921875, -594.869567871, 156.169204712, -63.7082481384, 77.5196533203, 27.4047470093, 90.7709197998, -142.950942993, -9.19601631165, -17.2816047668], [-1025.78979492, 1106.52770996, 507.332458496, -221.682754517, 234.031478882, -152.642974854, 91.5040588379, -56.4469871521, -16.394361496, -91.1037597656, 71.9206466675, -20.3032627106, -8.04712104797], [-713.18951416, 507.332458496, 758.021118164, 14.1729574203, 72.7176208496, 30.9281578064, -36.0884971619, 21.8822860718, -35.4393920898, -34.636428833, 15.1102800369, -0.607122421265, -1.59603941441], [550.294921875, -221.682754517, 14.1729574203, 346.590148926, -73.2385482788, -15.0728616714, -65.4352111816, -43.5560035706, 67.7646789551, 28.0672664642, -44.5820388794, -6.31466197968, 41.9243965149], [-594.869567871, 234.031478882, 72.7176208496, -73.2385482788, 288.831237793, 21.9988517761, 25.7839050293, 9.5520658493, -50.2496376038, 5.18070697784, 32.8676948547, 4.61350536346, 13.9240598679], [156.169204712, -152.642974854, 30.9281578064, -15.0728616714, 21.9988517761, 266.450836182, 97.6887359619, 64.2289047241, -58.5331916809, -7.58421039581, 12.6871204376, 18.6094532013, -27.4187889099], [-63.7082481384, 91.5040588379, -36.0884971619, -65.4352111816, 25.7839050293, 97.6887359619, 244.445129395, 56.1778564453, -22.48087883, -40.3725242615, 28.7897949219, 17.8103351593, -44.2927360535], [77.5196533203, -56.4469871521, 21.8822860718, -43.5560035706, 9.5520658493, 64.2289047241, 56.1778564453, 183.152542114, 0.657603144646, 10.0499792099, -17.2497310638, -14.9380455017, -30.9984111786], [27.4047470093, -16.394361496, -35.4393920898, 67.7646789551, -50.2496376038, -58.5331916809, -22.48087883, 0.657603144646, 155.176055908, 37.1611061096, -30.3006095886, -31.6279754639, 5.16669273376], [90.7709197998, -91.1037597656, -34.636428833, 28.0672664642, 5.18070697784, -7.58421039581, -40.3725242615, 10.0499792099, 37.1611061096, 117.183158875, 13.2333230972, -2.40919733047, 22.3820362091], [-142.950942993, 71.9206466675, 15.1102800369, -44.5820388794, 32.8676948547, 12.6871204376, 28.7897949219, -17.2497310638, -30.3006095886, 13.2333230972, 111.320976257, 45.950630188, 7.52899694443], [-9.19601631165, -20.3032627106, -0.607122421265, -6.31466197968, 4.61350536346, 18.6094532013, 17.8103351593, -14.9380455017, -31.6279754639, -2.40919733047, 45.950630188, 95.0789337158, 33.229850769], [-17.2816047668, -8.04712104797, -1.59603941441, 41.9243965149, 13.9240598679, -27.4187889099, -44.2927360535, -30.9984111786, 5.16669273376, 22.3820362091, 7.52899694443, 33.229850769, 107.038627625]],
        "icov": [[0.000752427789848, -0.00112956773955, 0.00145095854532, -0.00176760717295, 0.00186086446047, -0.00127218978014, 0.000931265996769, -0.00104146113154, 0.00134829012677, -0.000975202710833, 0.000650608970318, -0.000529640179593, 0.000523822905961], [-0.00112956773955, 0.00586860394105, -0.00506652193144, 0.00489166984335, -0.0050363172777, 0.00512458616868, -0.00420556589961, 0.00333718559705, -0.0034612393938, 0.00334711628966, -0.0024260787759, 0.00270408368669, -0.00174027995672], [0.00145095854532, -0.00506652193144, 0.00625042803586, -0.00519296899438, 0.0047420039773, -0.00488396687433, 0.00428443914279, -0.00360304582864, 0.00366077735089, -0.00245044799522, 0.00177660642657, -0.00219884840772, 0.00173540774267], [-0.00176760717295, 0.00489166984335, -0.00519296899438, 0.00917244702578, -0.00488061551005, 0.00405414402485, -0.00329170748591, 0.00435096258298, -0.00525640835986, 0.0027755307965, -0.00092713459162, 0.0019731905777, -0.00289036822505], [0.00186086446047, -0.0050363172777, 0.0047420039773, -0.00488061551005, 0.00992926023901, -0.00486943498254, 0.00327697629109, -0.00352361332625, 0.00525607122108, -0.00410000002012, 0.00166957848705, -0.00124866666738, 0.000574549252633], [-0.00127218978014, 0.00512458616868, -0.00488396687433, 0.00405414402485, -0.00486943498254, 0.00988866295666, -0.00557500030845, 0.00186539196875, -0.00128933379892, 0.00214510038495, -0.00185262796003, 0.00166703411378, -0.000854618672747], [0.000931265996769, -0.00420556589961, 0.00428443914279, -0.00329170748591, 0.00327697629109, -0.00557500030845, 0.00927718169987, -0.00378700857982, 0.00144437537529, -1.62952255778e-05, 0.000133979978273, -0.00300995958969, 0.0029338740278], [-0.00104146113154, 0.00333718559705, -0.00360304582864, 0.00435096258298, -0.00352361332625, 0.00186539196875, -0.00378700857982, 0.0092326849699, -0.00286025879905, 0.000395300594391, 0.000442026386736, 0.00174041034188, -0.000148219725816], [0.00134829012677, -0.0034612393938, 0.00366077735089, -0.00525640835986, 0.00525607122108, -0.00128933379892, 0.00144437537529, -0.00286025879905, 0.0123386830091, -0.00537097640336, 0.00282425479963, 0.000608723901678, 0.00096607854357], [-0.000975202710833, 0.00334711628966, -0.00245044799522, 0.0027755307965, -0.00410000002012, 0.00214510038495, -1.62952255778e-05, 0.000395300594391, -0.00537097640336, 0.0136409904808, -0.00488457782194, 0.00256076827645, -0.00288340938278], [0.000650608970318, -0.0024260787759, 0.00177660642657, -0.00092713459162, 0.00166957848705, -0.00185262796003, 0.000133979978273, 0.000442026386736, 0.00282425479963, -0.00488457782194, 0.0146845048293, -0.00711205461994, 0.00186405330896], [-0.000529640179593, 0.00270408368669, -0.00219884840772, 0.0019731905777, -0.00124866666738, 0.00166703411378, -0.00300995958969, 0.00174041034188, 0.000608723901678, 0.00256076827645, -0.00711205461994, 0.0176702793688, -0.00639018369839], [0.000523822905961, -0.00174027995672, 0.00173540774267, -0.00289036822505, 0.000574549252633, -0.000854618672747, 0.0029338740278, -0.000148219725816, 0.00096607854357, -0.00288340938278, 0.00186405330896, -0.00639018369839, 0.013740577735]]
    },
    "melbands": {
        "dmean": [0.000185848592082, 0.000389826425817, 0.000220438814722, 0.000255515275057, 0.000338912999723, 0.000365458457964, 0.000178938629688, 0.000184203250683, 0.000259330699919, 0.000236503095948, 0.00010332880629, 7.09824307705e-05, 7.6790987805e-05, 6.93267793395e-05, 7.83810246503e-05, 4.58692957181e-05, 3.96329269279e-05, 4.17994197051e-05, 4.32548258686e-05, 2.363177191e-05, 1.48114140757e-05, 1.97943754756e-05, 9.55892301135e-06, 6.17724072072e-06, 5.74615569349e-06, 6.92485355103e-06, 8.51881759445e-06, 5.90556373936e-06, 3.5963407754e-06, 3.25348582919e-06, 3.38219592777e-06, 3.49127685695e-06, 3.33213642989e-06, 2.78561310552e-06, 2.06595018426e-06, 2.10247026189e-06, 6.29396879503e-07, 3.83341273391e-07, 2.24298645435e-07, 1.52434324718e-07],
        "dmean2": [0.000325595232425, 0.000669014465529, 0.000363830564311, 0.000411583518144, 0.000524061848409, 0.000562490313314, 0.000272017903626, 0.0002874059428, 0.000410259788623, 0.000376857788069, 0.000156787209562, 0.000108110863948, 0.000123323028674, 0.000111202003609, 0.000119960030133, 7.32128901291e-05, 6.38311685179e-05, 6.60907899146e-05, 6.75370611134e-05, 3.78913973691e-05, 2.37745043705e-05, 3.21248699038e-05, 1.50857422341e-05, 9.95446498564e-06, 9.48970682657e-06, 1.08754074972e-05, 1.3125395526e-05, 9.28074405238e-06, 5.71168584429e-06, 5.00514988744e-06, 5.15231477038e-06, 5.23889957549e-06, 4.93291963721e-06, 4.20520245825e-06, 3.11235498884e-06, 3.19259129355e-06, 9.38215407587e-07, 5.81943538691e-07, 3.38535016908e-07, 2.33554033002e-07],
        "dvar": [2.1893005453e-07, 1.03652018879e-06, 1.79964757763e-07, 2.525706293e-07, 4.11219616581e-07, 5.55443364192e-07, 2.76602548865e-07, 1.85834977628e-07, 3.37163641007e-07, 3.42764934658e-07, 1.48841934333e-07, 3.25197895279e-08, 2.96083904061e-08, 6.65437980274e-08, 6.78575062807e-08, 1.19343157579e-08, 8.94188545431e-09, 3.34798002655e-08, 1.0007540574e-08, 2.94441537818e-09, 9.91776660797e-10, 1.54995016821e-09, 4.45033260243e-10, 3.83477610777e-10, 8.03294986085e-10, 3.33289867926e-10, 2.90690888027e-10, 1.46379131039e-10, 5.847956841e-11, 4.22583738835e-11, 3.96551610993e-11, 5.36137453877e-11, 6.20370282922e-11, 4.79040071499e-11, 1.41821027144e-10, 4.85269713302e-10, 8.50659646889e-12, 2.81107667525e-12, 6.79029586465e-13, 2.14279521861e-13],
        "dvar2": [6.7223862743e-07, 2.96408529721e-06, 4.77547359878e-07, 6.29630733329e-07, 9.83989252745e-07, 1.28824240164e-06, 6.90575973294e-07, 4.63855315047e-07, 7.9367549688e-07, 7.93610865912e-07, 2.92132597224e-07, 6.80046596813e-08, 7.40790255804e-08, 1.61267450949e-07, 1.33976683969e-07, 2.91852391143e-08, 2.21686669022e-08, 7.41686960737e-08, 2.27533316632e-08, 7.10882508415e-09, 2.3765378554e-09, 4.06732514335e-09, 1.04834785297e-09, 8.73670580326e-10, 2.03044070446e-09, 7.94161403306e-10, 6.50495157739e-10, 3.42502304296e-10, 1.35424796377e-10, 9.64408483628e-11, 8.57556525791e-11, 1.09300624107e-10, 1.29181804143e-10, 1.02734057372e-10, 3.33830851851e-10, 1.18301135554e-09, 2.10787862859e-11, 6.63840076659e-12, 1.52835133872e-12, 4.73025698472e-13],
        "max": [0.00814149249345, 0.0197044778615, 0.00996918417513, 0.00977790728211, 0.0128704793751, 0.0121609093621, 0.017838191241, 0.0148406140506, 0.0143018243834, 0.0115070892498, 0.0177473183721, 0.00566479284316, 0.00346201146021, 0.0071696289815, 0.0111980848014, 0.00268684932962, 0.00257133133709, 0.010104929097, 0.00241942494176, 0.00160469848197, 0.00126729672775, 0.00116541539319, 0.000551112694666, 0.000763961230405, 0.00153763743583, 0.000457399466541, 0.000386488100048, 0.00043012588867, 0.000187830024515, 0.000229768193094, 0.000164629920619, 0.000280966312857, 0.000234298568103, 0.000233415848925, 0.000653272552881, 0.00138002855238, 0.000114684487926, 8.73605895322e-05, 4.36547525169e-05, 1.9328763301e-05],
        "mean": [0.00030198393506, 0.000692267378327, 0.000483474956127, 0.000491610437166, 0.000664596271235, 0.000778702204116, 0.000388376298361, 0.000340923550539, 0.000471494684462, 0.000418327195803, 0.000195333428564, 0.000134329602588, 0.000135563037475, 0.000135234469781, 0.000149669169332, 8.55290272739e-05, 6.63902246743e-05, 7.04791818862e-05, 7.5381307397e-05, 4.38219140051e-05, 2.86967697321e-05, 3.60649391951e-05, 1.78316877282e-05, 1.11440276669e-05, 1.015824364e-05, 1.26570766952e-05, 1.87591413123e-05, 1.25372407638e-05, 6.89146554578e-06, 6.71255429552e-06, 7.50228491597e-06, 7.36824586056e-06, 6.74285183777e-06, 5.64897572986e-06, 4.24729068982e-06, 4.56960424344e-06, 1.1412943195e-06, 6.98897281382e-07, 4.34533518501e-07, 2.91170152877e-07],
        "median": [0.00013318809215, 0.000371849280782, 0.00027377466904, 0.000287575589027, 0.000303133478155, 0.000264156697085, 0.000115818278573, 0.000122631870909, 0.000135213427711, 0.000101681172964, 4.80313137814e-05, 3.64725128748e-05, 4.59665679955e-05, 2.6718049412e-05, 3.47418754245e-05, 2.84302368527e-05, 3.01189029415e-05, 2.20118345169e-05, 2.37308522628e-05, 1.67274447449e-05, 1.53241453518e-05, 1.8736542188e-05, 8.66237678565e-06, 4.3138888941e-06, 3.79180414711e-06, 5.50018739887e-06, 7.48007369111e-06, 5.71427744944e-06, 3.38690279023e-06, 3.71310784431e-06, 3.94522203351e-06, 3.68165001419e-06, 2.9950890621e-06, 2.50717744166e-06, 1.05577635168e-06, 5.99214843078e-07, 3.27317252413e-07, 1.84526356861e-07, 1.37915307619e-07, 9.62776525171e-08],
        "min": [1.68012825874e-11, 2.34960002843e-11, 5.14754818631e-12, 2.50954240028e-11, 1.44854519005e-11, 3.32640468989e-12, 3.18861842312e-12, 2.6644934089e-12, 3.84285919058e-12, 2.71382374038e-12, 1.37184545407e-12, 1.64149379853e-12, 1.15068555812e-12, 1.17418260445e-12, 1.05326034353e-12, 8.45163945339e-13, 6.22516144536e-13, 3.25320066025e-13, 2.77121506081e-13, 2.99621032195e-13, 5.71103114886e-13, 3.41928227269e-13, 1.81470547682e-13, 2.38244672471e-13, 2.10153631151e-13, 8.27299519038e-14, 1.29910080089e-13, 9.0278072561e-14, 6.5382588395e-14, 1.82973116367e-13, 1.04363498637e-13, 9.99287390574e-14, 1.00174656439e-13, 1.14898948645e-13, 7.60120726128e-14, 5.7232525468e-14, 1.89584838713e-13, 8.48801484286e-14, 6.11934209359e-14, 8.86063141262e-14],
        "var": [2.70845504247e-07, 1.0565198636e-06, 4.33062922411e-07, 5.04840045323e-07, 1.01430953237e-06, 1.68648011822e-06, 8.01846738341e-07, 4.17941151909e-07, 8.3537872797e-07, 8.70894893978e-07, 3.50390877202e-07, 1.06538045941e-07, 6.74927065347e-08, 2.18836873955e-07, 2.68501480605e-07, 2.8667333396e-08, 1.3770526941e-08, 8.30504447435e-08, 2.26874927733e-08, 5.4299134078e-09, 2.10724904193e-09, 2.84871393141e-09, 8.58689119809e-10, 6.82496614779e-10, 8.94994578449e-10, 5.69499725156e-10, 1.05101383152e-09, 4.29050073247e-10, 1.33722311002e-10, 9.84936854298e-11, 1.15669362977e-10, 1.39943584498e-10, 1.59140783884e-10, 1.22061624697e-10, 5.88533444201e-10, 2.24139018457e-09, 1.8313205119e-11, 6.75494079075e-12, 1.60489341001e-12, 5.60346365662e-13]
    },
    "mfcc": {
        "mean": [-634.126647949, 121.284797668, -11.2445135117, 19.8723735809, -10.7470741272, 10.7870597839, -13.8423061371, -1.71116495132, -2.67353248596, 0.46561011672, -2.49415016174, -2.81724381447, 1.72406756878],
        "cov": [[5429.1796875, -1706.89160156, -369.228240967, 69.348449707, -451.785400391, 90.5772476196, -234.349578857, 21.9436397552, 32.4051017761, 113.396835327, 33.8025932312, -9.58666992188, -85.8713531494], [-1706.89160156, 1408.09912109, 233.710235596, 16.5582027435, 144.465499878, -99.6651992798, 156.12612915, 24.3980998993, -40.7717399597, -73.816734314, 12.3974971771, -15.8825044632, 56.2244758606], [-369.228240967, 233.710235596, 642.938354492, 79.1112518311, 78.9066619873, 17.8153533936, -3.69917750359, 15.8184814453, -5.69579076767, -0.61689466238, -22.6561374664, -22.323600769, 24.3773403168], [69.348449707, 16.5582027435, 79.1112518311, 264.686309814, 35.0761299133, 14.6467027664, -109.531692505, -60.4409980774, 17.3136615753, 17.7151641846, -53.6049842834, -30.8430042267, 46.1040802002], [-451.785400391, 144.465499878, 78.9066619873, 35.0761299133, 241.795379639, -3.0161960125, 22.8487033844, -57.6709327698, 14.4024715424, -14.0233039856, -24.3692836761, 2.01128339767, -0.855552911758], [90.5772476196, -99.6651992798, 17.8153533936, 14.6467027664, -3.0161960125, 162.329406738, 22.9345302582, 12.0894804001, -1.77934598923, -7.65635108948, -11.936797142, 10.4561948776, 11.2787952423], [-234.349578857, 156.12612915, -3.69917750359, -109.531692505, 22.8487033844, 22.9345302582, 289.032562256, 114.214675903, -14.3173236847, -28.2695713043, 31.3038291931, 31.0710010529, 2.93121027946], [21.9436397552, 24.3980998993, 15.8184814453, -60.4409980774, -57.6709327698, 12.0894804001, 114.214675903, 196.839538574, 3.97046065331, 14.6288251877, 41.1622276306, -2.68811273575, -22.678943634], [32.4051017761, -40.7717399597, -5.69579076767, 17.3136615753, 14.4024715424, -1.77934598923, -14.3173236847, 3.97046065331, 114.118774414, 48.661857605, 15.3711690903, -10.1903896332, -18.1760215759], [113.396835327, -73.816734314, -0.61689466238, 17.7151641846, -14.0233039856, -7.65635108948, -28.2695713043, 14.6288251877, 48.661857605, 130.169113159, 45.6249656677, -11.8111619949, -31.0963382721], [33.8025932312, 12.3974971771, -22.6561374664, -53.6049842834, -24.3692836761, -11.936797142, 31.3038291931, 41.1622276306, 15.3711690903, 45.6249656677, 132.764328003, 32.5419502258, -45.5062332153], [-9.58666992188, -15.8825044632, -22.323600769, -30.8430042267, 2.01128339767, 10.4561948776, 31.0710010529, -2.68811273575, -10.1903896332, -11.8111619949, 32.5419502258, 114.807273865, 5.83695411682], [-85.8713531494, 56.2244758606, 24.3773403168, 46.1040802002, -0.855552911758, 11.2787952423, 2.93121027946, -22.678943634, -18.1760215759, -31.0963382721, -45.5062332153, 5.83695411682, 133.29888916]],
