{
"lowlevel": {
    "average_loudness": 0.860747754574,
    "barkbands_crest": {
        "dmean": 2.50633525848,
        "dmean2": 4.03154373169,
        "dvar": 5.76525592804,
        "dvar2": 13.8491697311,
        "max": 26.5419235229,
        "mean": 10.494509697,
        "median": 9.58703041077,
        "min": 2.33488464355,
        "var": 19.7533607483
    },
    "barkbands_flatness_db": {
        "dmean": 0.0221035834402,
        "dmean2": 0.0330950319767,
        "dvar": 0.000438030983787,
        "dvar2": 0.000962252437603,
        "max": 0.3696141541,
        "mean": 0.136686444283,
        "median": 0.131381466985,
        "min": 0.0304465610534,
        "var": 0.00285798404366
    },
    "barkbands_kurtosis": {
        "dmean": 3.14488458633,
        "dmean2": 4.96663331985,
        "dvar": 46.7898597717,
        "dvar2": 106.2186203,
        "max": 193.700836182,
        "mean": 4.77721261978,
        "median": 2.56965303421,
        "min": -1.8828291893,
        "var": 92.6113586426
    },
    "barkbands_skewness": {
        "dmean": 0.539418876171,
        "dmean2": 0.827317237854,
        "dvar": 0.375923246145,
        "dvar2": 0.840718150139,
        "max": 12.185667038,
        "mean": 1.22695040703,
        "median": 1.26688730717,
        "min": -3.16177487373,
        "var": 2.42699027061
    },
    "barkbands_spread": {
        "dmean": 6.38318967819,
        "dmean2": 10.0340909958,
        "dvar": 59.3214836121,
        "dvar2": 140.601821899,
        "max": 110.539924622,
        "mean": 22.1171951294,
        "median": 20.9419841766,
        "min": 0.473178833723,
        "var": 153.364456177
    },
    "dissonance": {
        "dmean": 0.0238931570202,
        "dmean2": 0.0399025715888,
        "dvar": 0.000706493214238,
        "dvar2": 0.00193616666365,
        "max": 0.499999940395,
        "mean": 0.452340900898,
        "median": 0.464975506067,
        "min": 0.193181142211,
        "var": 0.00186092196964
    },
    "dynamic_complexity": 2.6165561676,
    "erbbands_crest": {
        "dmean": 2.86839842796,
        "dmean2": 4.60698795319,
        "dvar": 9.00153446198,
        "dvar2": 21.2720947266,
        "max": 33.1712760925,
        "mean": 10.3180456161,
        "median": 8.59851074219,
        "min": 2.08089923859,
        "var": 39.4576683044
    },
    "erbbands_flatness_db": {
        "dmean": 0.0212383586913,
        "dmean2": 0.0299570932984,
        "dvar": 0.000458041031379,
        "dvar2": 0.000816174549982,
        "max": 0.435430526733,
        "mean": 0.157687202096,
        "median": 0.15199406445,
        "min": 0.0561960600317,
        "var": 0.00275502819568
    },
    "erbbands_kurtosis": {
        "dmean": 1.68881678581,
        "dmean2": 2.61636042595,
        "dvar": 12.8610467911,
        "dvar2": 28.10272789,
        "max": 93.4339523315,
        "mean": 1.91179525852,
        "median": 0.0882453918457,
        "min": -1.84578406811,
        "var": 33.0816383362
    },
    "erbbands_skewness": {
        "dmean": 0.430313587189,
        "dmean2": 0.66251540184,
        "dvar": 0.219407439232,
        "dvar2": 0.462911128998,
        "max": 7.91714906693,
        "mean": 0.598368287086,
        "median": 0.428584069014,
        "min": -3.53671264648,
        "var": 1.28670930862
    },
    "erbbands_spread": {
        "dmean": 9.8882894516,
        "dmean2": 15.1342124939,
        "dvar": 142.973220825,
        "dvar2": 303.76260376,
        "max": 167.487838745,
        "mean": 38.9006538391,
        "median": 36.5434875488,
        "min": 1.04953467846,
        "var": 421.247375488
    },
    "hfc": {
        "dmean": 7.30270576477,
        "dmean2": 11.2557697296,
        "dvar": 117.340560913,
        "dvar2": 278.25112915,
        "max": 143.881057739,
        "mean": 20.4146003723,
        "median": 16.4798049927,
        "min": 1.03605708446e-16,
        "var": 314.604858398
    },
    "melbands_crest": {
        "dmean": 3.09570240974,
        "dmean2": 5.03897333145,
        "dvar": 8.74817276001,
        "dvar2": 20.9091835022,
        "max": 34.8553695679,
        "mean": 13.1956367493,
        "median": 12.829990387,
        "min": 1.49260902405,
        "var": 40.5718955994
    },
    "melbands_flatness_db": {
        "dmean": 0.0257993005216,
        "dmean2": 0.0384269841015,
        "dvar": 0.000703159486875,
        "dvar2": 0.00158807705157,
        "max": 0.481220662594,
        "mean": 0.176533520222,
        "median": 0.183768212795,
        "min": 0.00142853462603,
        "var": 0.00728596793488
    },
    "melbands_kurtosis": {
        "dmean": 7.13917541504,
        "dmean2": 11.1614894867,
        "dvar": 267.666992188,
        "dvar2": 601.819885254,
        "max": 447.3984375,
        "mean": 12.6771354675,
        "median": 6.36615180969,
        "min": -1.80112946033,
        "var": 597.151184082
    },
    "melbands_skewness": {
        "dmean": 0.719680845737,
        "dmean2": 1.09694504738,
        "dvar": 0.746558666229,
        "dvar2": 1.5868909359,
        "max": 17.7661571503,
        "mean": 2.23026227951,
        "median": 2.02383565903,
        "min": -2.15858387947,
        "var": 3.47005152702
    },
    "melbands_spread": {
        "dmean": 7.57076787949,
        "dmean2": 12.2505550385,
        "dvar": 95.6388244629,
        "dvar2": 239.500595093,
        "max": 168.836486816,
        "mean": 33.3983955383,
        "median": 20.9273719788,
        "min": 0.662936925888,
        "var": 1341.72302246
    },
    "pitch_salience": {
        "dmean": 0.0667734444141,
        "dmean2": 0.107908912003,
        "dvar": 0.00423737242818,
        "dvar2": 0.0105906976387,
        "max": 0.981778800488,
        "mean": 0.553927481174,
        "median": 0.545915842056,
        "min": 0.0909563452005,
        "var": 0.0186126362532
    },
    "silence_rate_20dB": {
        "dmean": 0,
        "dmean2": 0,
        "dvar": 0,
        "dvar2": 0,
        "max": 1,
        "mean": 1,
        "median": 1,
        "min": 1,
        "var": 0
    },
    "silence_rate_30dB": {
        "dmean": 0.00292003597133,
        "dmean2": 0.00584072805941,
        "dvar": 0.0029111977201,
        "dvar2": 0.00760357128456,
        "max": 1,
        "mean": 0.997417151928,
        "median": 1,
        "min": 0,
        "var": 0.00257578678429
    },
    "silence_rate_60dB": {
        "dmean": 0.0110062891617,
        "dmean2": 0.0220150519162,
        "dvar": 0.0108858561143,
        "dvar2": 0.0244532972574,
        "max": 1,
        "mean": 0.133857384324,
        "median": 0,
        "min": 0,
        "var": 0.115947812796
    },
    "spectral_centroid": {
        "dmean": 277.23727417,
        "dmean2": 444.824066162,
        "dvar": 107421.578125,
        "dvar2": 252009.84375,
        "max": 12110.1816406,
        "mean": 2284.36791992,
        "median": 1244.32861328,
        "min": 242.604309082,
        "var": 9348669
    },
    "spectral_complexity": {
        "dmean": 3.05503153801,
        "dmean2": 4.81028842926,
        "dvar": 18.0161495209,
        "dvar2": 37.0061264038,
        "max": 59,
        "mean": 15.5135316849,
        "median": 15,
        "min": 0,
        "var": 102.36756134
    },
    "spectral_decrease": {
        "dmean": 2.01202277061e-09,
        "dmean2": 3.13232950688e-09,
        "dvar": 6.87292045979e-18,
        "dvar2": 1.55548022012e-17,
        "max": 2.41501287227e-28,
        "mean": -6.45294795376e-09,
        "median": -5.67970870335e-09,
        "min": -3.70882737855e-08,
        "var": 2.59516998404e-17
    },
    "spectral_energy": {
        "dmean": 0.00803684163839,
        "dmean2": 0.0124532915652,
        "dvar": 0.000108809923404,
        "dvar2": 0.000244527414907,
        "max": 0.149159058928,
        "mean": 0.0262066032737,
        "median": 0.0233237594366,
        "min": 9.8293460215e-21,
        "var": 0.000417361006839
    },
    "spectral_energyband_high": {
        "dmean": 0.000573731434997,
        "dmean2": 0.000899936188944,
        "dvar": 1.23941310903e-06,
        "dvar2": 3.06074116452e-06,
        "max": 0.0224921889603,
        "mean": 0.000885260815267,
        "median": 0.000441188167315,
        "min": 6.72110864497e-21,
        "var": 1.72719194325e-06
    },
    "spectral_energyband_low": {
        "dmean": 0.00298209185712,
        "dmean2": 0.00460343807936,
        "dvar": 2.80178246612e-05,
        "dvar2": 6.45605832688e-05,
        "max": 0.0618778169155,
        "mean": 0.00652708485723,
        "median": 0.00187274464406,
        "min": 8.75166863645e-24,
        "var": 8.24633534648e-05
    },
    "spectral_energyband_middle_high": {
        "dmean": 0.00207804678939,
        "dmean2": 0.00314921932295,
        "dvar": 1.92544175661e-05,
        "dvar2": 3.93046066165e-05,
        "max": 0.10926387459,
        "mean": 0.00598888518289,
        "median": 0.0032166922465,
        "min": 1.0365231427e-21,
        "var": 8.4878411144e-05
    },
    "spectral_energyband_middle_low": {
        "dmean": 0.00592075195163,
        "dmean2": 0.00930539797992,
        "dvar": 7.60290495236e-05,
        "dvar2": 0.000176764151547,
        "max": 0.138638883829,
        "mean": 0.0140995504335,
        "median": 0.0101578207687,
        "min": 1.21776344343e-22,
        "var": 0.000209558143979
    },
    "spectral_entropy": {
        "dmean": 0.196408480406,
        "dmean2": 0.288327544928,
        "dvar": 0.0488100014627,
        "dvar2": 0.0991827249527,
        "max": 9.82987785339,
        "mean": 7.76877117157,
        "median": 7.62625026703,
        "min": 5.32462406158,
        "var": 0.670497894287
    },
    "spectral_flux": {
        "dmean": 0.0223586652428,
        "dmean2": 0.0345832332969,
        "dvar": 0.000689331325702,
        "dvar2": 0.00149835867342,
        "max": 0.3229804039,
        "mean": 0.0782526060939,
        "median": 0.0740360245109,
        "min": 6.24277018968e-11,
        "var": 0.00225629960187
    },
    "spectral_kurtosis": {
        "dmean": 1.20134913921,
        "dmean2": 1.94111335278,
        "dvar": 1.86431598663,
        "dvar2": 4.7873749733,
        "max": 23.5753498077,
        "mean": 2.8228161335,
        "median": 2.70404720306,
        "min": -1.27452027798,
        "var": 5.66273355484
    },
    "spectral_rms": {
        "dmean": 0.000715990900062,
        "dmean2": 0.00108597392682,
        "dvar": 6.7256183911e-07,
        "dvar2": 1.41328553127e-06,
        "max": 0.0120632098988,
        "mean": 0.00450488738716,
        "median": 0.00477020861581,
        "min": 3.09670887023e-12,
        "var": 5.27347219759e-06
    },
    "spectral_rolloff": {
        "dmean": 571.987243652,
        "dmean2": 974.610900879,
        "dvar": 1086393.875,
        "dvar2": 2711514,
        "max": 19918.2128906,
        "mean": 3247.78540039,
        "median": 1098.19335938,
        "min": 64.599609375,
        "var": 29801656
    },
    "spectral_skewness": {
        "dmean": 0.203981027007,
        "dmean2": 0.318259745836,
        "dvar": 0.0422912463546,
        "dvar2": 0.0967675372958,
        "max": 3.49779224396,
        "mean": 1.29285156727,
        "median": 1.37333416939,
        "min": -0.105654634535,
        "var": 0.325305193663
    },
    "spectral_spread": {
        "dmean": 859741.1875,
        "dmean2": 1201868,
        "dvar": 1.10322450432e+12,
        "dvar2": 2.09465232589e+12,
        "max": 42908048,
        "mean": 8969134,
        "median": 5141792,
        "min": 1897809.75,
        "var": 1.20092067103e+14
    },
    "spectral_strongpeak": {
        "dmean": 0.571749567986,
        "dmean2": 0.948430836201,
        "dvar": 0.799113988876,
        "dvar2": 1.86662435532,
        "max": 11.273598671,
        "mean": 1.26428461075,
        "median": 0.516134798527,
        "min": 0,
        "var": 2.79230737686
    },
    "zerocrossingrate": {
        "dmean": 0.0125826746225,
        "dmean2": 0.0158476680517,
        "dvar": 0.000209360077861,
        "dvar2": 0.000309458293486,
        "max": 0.73681640625,
        "mean": 0.109687380493,
        "median": 0.06201171875,
        "min": 0.00390625,
        "var": 0.0188826695085
    },
    "barkbands": {
        "dmean": [0.000176834568265, 0.0020821779035, 0.0010210002074, 0.00116277125198, 0.00227570277639, 0.0018275110051, 0.000934474228416, 0.000722807249986, 0.00128999352455, 0.00126582058147, 0.000477336870972, 0.000393727823393, 0.000240025678067, 0.000256671570241, 0.000153947825311, 0.0001835412113, 0.000224106086534, 0.000106090170448, 0.000155547735631, 0.000125107486383, 0.000114493697765, 0.000134345871629, 0.0001094834588, 0.000117158058856, 5.94079174334e-05, 6.1652448494e-05, 1.03754324243e-07],
        "dmean2": [0.000272740493529, 0.00319119240157, 0.00172843970358, 0.0020131780766, 0.00372385187075, 0.00290308799595, 0.00147534429561, 0.00111316342372, 0.0019711535424, 0.00191403983627, 0.000704759848304, 0.000614646764006, 0.000384126382414, 0.000432388798799, 0.000261472392594, 0.000301030580886, 0.000379064440494, 0.000173850974534, 0.000264324946329, 0.000208806464798, 0.000187900121091, 0.000217832843191, 0.000178205198608, 0.000180351518793, 9.40751197049e-05, 9.43253544392e-05, 1.82322224873e-07],
        "dvar": [2.29867339385e-07, 1.90646242118e-05, 6.42149007035e-06, 6.69894689054e-06, 1.75327313627e-05, 1.24219013742e-05, 6.35172091279e-06, 4.90751608595e-06, 1.87180830835e-05, 1.86873658095e-05, 3.10024893224e-06, 1.0488990938e-06, 3.52599272446e-07, 2.86049441911e-07, 1.41917240626e-07, 2.19757509967e-07, 2.05692543886e-07, 4.06473361636e-08, 9.72963007939e-08, 1.14401103701e-07, 6.83673917479e-08, 1.09038275298e-07, 5.34929007756e-08, 4.13058742765e-08, 1.31527544411e-08, 1.20131113945e-08, 1.00924978552e-13],
        "dvar2": [4.86741896566e-07, 4.69275837531e-05, 1.65921137523e-05, 1.8398879547e-05, 4.38370880147e-05, 2.91646701953e-05, 1.44090163303e-05, 1.09354032247e-05, 3.93356494897e-05, 3.94415728806e-05, 5.55372707822e-06, 1.98717953026e-06, 8.06331968306e-07, 7.73199019477e-07, 4.05008819371e-07, 5.67118661365e-07, 5.81729125315e-07, 1.03290958009e-07, 2.71605358648e-07, 2.97305291497e-07, 1.68848657722e-07, 2.68348827603e-07, 1.37460006044e-07, 9.95709186213e-08, 3.31562652889e-08, 2.84583876464e-08, 2.71675585674e-13],
        "max": [0.0143223833293, 0.056435726583, 0.0331075638533, 0.0281114242971, 0.0716339722276, 0.079543672502, 0.0662084668875, 0.0787578597665, 0.129475176334, 0.119544796646, 0.084547996521, 0.0446295253932, 0.0130392378196, 0.0106849996373, 0.0183201376349, 0.0133808301762, 0.00892250519246, 0.00408844836056, 0.00908903311938, 0.0136071462184, 0.00971284322441, 0.00792892836034, 0.00541990855709, 0.00200690096244, 0.00108721491415, 0.000797886226792, 4.85995633426e-06],
        "mean": [0.000338002515491, 0.00440060021356, 0.00116684252862, 0.00127700495068, 0.00351672410034, 0.00335259339772, 0.00142360001337, 0.0010657296516, 0.00234990846366, 0.00259091053158, 0.000883676402736, 0.000722259981558, 0.0003836384858, 0.000374027556973, 0.000251532561379, 0.000301119638607, 0.000369623769075, 0.000189315120224, 0.000249696808169, 0.000205566830118, 0.000180798830115, 0.000193171421415, 0.000143162891618, 0.000149552986841, 6.14848540863e-05, 6.59580909996e-05, 7.89650727029e-08],
        "median": [3.47302702721e-05, 0.000394574832171, 0.000345478678355, 0.000397813273594, 0.00184976845048, 0.00151432410348, 0.000372436072212, 0.00030478471308, 0.000329445814714, 0.000289635703666, 0.000152281514602, 0.000191294413526, 9.28898152779e-05, 0.000141953802085, 0.000139236566611, 0.000117100862553, 0.000121075259813, 7.72963685449e-05, 9.09364898689e-05, 9.42267652135e-05, 8.816227637e-05, 8.4836698079e-05, 5.67573515582e-05, 3.96151772293e-05, 1.29337986436e-05, 8.02100021247e-06, 6.52971676729e-09],
        "min": [6.27928350175e-26, 5.98240457476e-25, 3.91931119396e-26, 6.16871478512e-25, 4.09969276949e-24, 3.13087218141e-24, 4.0305380671e-24, 4.58647714043e-24, 1.21645183596e-23, 5.93690406382e-24, 5.74111943677e-24, 1.94729651811e-23, 1.76373931397e-23, 2.4094803406e-23, 2.62005350639e-23, 4.91070236458e-23, 3.84816510095e-23, 5.78311468371e-23, 7.7940568152e-23, 1.45273822272e-22, 2.12889324512e-22, 2.63326616924e-22, 3.1433837678e-22, 4.29799239555e-22, 7.42017410658e-22, 1.16178042099e-21, 1.8462311804e-21],
        "var": [7.0389614848e-07, 5.11638645548e-05, 6.27399003861e-06, 6.12048825133e-06, 2.68482872343e-05, 3.45479493262e-05, 1.18974721772e-05, 8.60631189425e-06, 5.69272742723e-05, 6.54953910271e-05, 1.16852816063e-05, 4.43416638518e-06, 8.97202937722e-07, 4.29885290032e-07, 1.59455382231e-07, 3.98221942532e-07, 4.00758494834e-07, 8.61330278212e-08, 1.60594368026e-07, 1.34269342311e-07, 1.03348149594e-07, 1.39725869985e-07, 5.97749831854e-08, 5.65790152507e-08, 1.38126896587e-08, 1.35111646316e-08, 7.33621469779e-14]
    },
    "erbbands": {
        "dmean": [0.076902538538, 0.426299244165, 0.993398308754, 2.54771280289, 6.59337425232, 7.30165100098, 14.260799408, 13.0859498978, 13.4326696396, 14.7935266495, 15.796880722, 27.3895645142, 42.354724884, 26.4637947083, 14.7851686478, 15.3138999939, 9.88653087616, 13.4057970047, 6.7157907486, 9.22315597534, 8.57106685638, 13.402803421, 5.37527608871, 10.3907432556, 5.51565551758, 5.00392007828, 4.76763534546, 4.31067323685, 4.87599277496, 5.01298046112, 2.56668305397, 2.55907821655, 1.8336404562, 0.644138336182, 0.457564890385, 0.309109002352, 0.121302768588, 0.00566615536809, 0.000125643899082, 1.53973342094e-05],
        "dmean2": [0.112602002919, 0.678877472878, 1.61213231087, 4.30743503571, 11.2974185944, 12.0321950912, 22.9862670898, 20.4384040833, 21.1615352631, 22.9074440002, 24.7982654572, 41.3013572693, 63.9891204834, 38.2265968323, 22.030828476, 23.8260269165, 15.9543428421, 22.3610229492, 11.1856327057, 15.5220832825, 14.0879583359, 22.6046161652, 8.80386543274, 17.703950882, 9.14207267761, 8.23474597931, 7.85277271271, 7.04674053192, 8.00312709808, 8.13878917694, 4.19847106934, 4.11620616913, 2.80172681808, 0.995987474918, 0.741183698177, 0.486040204763, 0.183635294437, 0.00889596901834, 0.000193114727153, 2.33392875089e-05],
        "dvar": [0.0282988529652, 0.928580224514, 5.33958768845, 27.8535652161, 232.206130981, 187.679779053, 764.398132324, 1091.36413574, 1178.90270996, 1731.94250488, 2702.7644043, 9346.05566406, 19599.0429688, 9021.30859375, 1513.29138184, 1425.91479492, 478.535614014, 791.74420166, 238.37789917, 323.963348389, 319.50402832, 898.410705566, 117.404067993, 386.692443848, 212.035140991, 182.891265869, 113.844482422, 112.368461609, 156.899978638, 122.091392517, 30.6558952332, 25.732208252, 9.49220848083, 1.35374188423, 0.966586709023, 0.345623105764, 0.0490820109844, 0.000139711555676, 5.72342315763e-08, 4.16074980025e-10],
        "dvar2": [0.0651684850454, 2.36948108673, 12.9695892334, 72.797958374, 622.149841309, 477.079589844, 1789.53747559, 2506.12524414, 2712.38012695, 3765.97265625, 6211.06201172, 20803.3417969, 43231.8867188, 17606.8535156, 3215.60522461, 2731.76782227, 1153.38427734, 2130.0715332, 639.565124512, 896.119567871, 817.981567383, 2529.89379883, 296.628051758, 1089.39025879, 554.836364746, 461.922332764, 283.22869873, 270.621551514, 398.255462646, 307.628112793, 78.3182067871, 67.4628295898, 21.7257137299, 3.35661840439, 2.48534059525, 0.865335464478, 0.109453849494, 0.000343310937751, 1.37469939432e-07, 9.32209309745e-10],
        "max": [2.86191892624, 13.8925886154, 32.3053016663, 60.6856575012, 189.064437866, 298.446960449, 725.702026367, 845.688598633, 881.705322266, 940.205200195, 1671.42871094, 3995.47680664, 4531.39941406, 3137.09667969, 1261.85986328, 1653.93566895, 499.944946289, 668.847229004, 654.957946777, 431.401977539, 473.134765625, 615.978881836, 275.696289062, 305.249664307, 566.822387695, 428.356842041, 306.405944824, 411.010192871, 319.706970215, 203.46635437, 162.813369751, 53.4104995728, 32.0170326233, 13.3893346786, 9.75864315033, 4.82244968414, 2.06048941612, 0.103059053421, 0.00195727334358, 0.000180198039743],
        "mean": [0.171819701791, 0.802872002125, 1.33251869678, 3.152125597, 7.47495174408, 11.7330875397, 23.377986908, 25.3558444977, 22.6753845215, 22.4350204468, 24.5820808411, 50.8859062195, 89.6450653076, 55.3049049377, 31.2735652924, 28.0063438416, 17.3827648163, 20.4603290558, 12.1984767914, 16.3288459778, 15.8299951553, 22.4943656921, 10.5241260529, 16.9843235016, 9.77416324615, 8.55015659332, 7.60904932022, 6.69852590561, 6.7301659584, 6.74432706833, 3.5113761425, 3.3348274231, 2.23252153397, 0.741914093494, 0.439393699169, 0.317301511765, 0.131374448538, 0.00548057584092, 0.000140207121149, 3.94509552279e-05],
        "median": [0.0155140068382, 0.0671986564994, 0.401194751263, 1.2684315443, 3.01346874237, 5.76929855347, 10.1643218994, 9.76497840881, 7.26043462753, 6.11149597168, 8.81563186646, 8.64248943329, 12.518404007, 8.3495388031, 7.20835113525, 9.1019525528, 6.07724142075, 8.67244338989, 6.84127569199, 9.13885307312, 8.25702571869, 6.71854162216, 5.29683637619, 5.67028522491, 4.45474147797, 4.18570566177, 3.54288625717, 3.46101927757, 2.61341094971, 3.01238131523, 1.50632762909, 1.0420075655, 0.498120188713, 0.173578366637, 0.0865166708827, 0.0527140274644, 0.00969148892909, 0.000349415931851, 3.17891790473e-05, 3.37984565704e-05],
        "min": [4.6968715188e-23, 1.82775095881e-22, 5.23861852691e-22, 2.07238409663e-21, 4.99178377296e-21, 1.17760016942e-20, 2.31519032348e-20, 4.26274797853e-20, 9.26105274583e-20, 1.07777504375e-19, 1.66050161944e-19, 3.30252505797e-19, 3.07856900905e-19, 3.91036218749e-19, 6.60924185369e-19, 7.71404961222e-19, 8.89001093006e-19, 1.48575524309e-18, 1.8631207254e-18, 2.46763341604e-18, 2.72365760295e-18, 2.98023289895e-18, 3.72563347306e-18, 4.90698428617e-18, 5.26231915704e-18, 7.01087019773e-18, 7.2202792416e-18, 8.76183288349e-18, 9.56590620563e-18, 8.57533839695e-18, 8.34216279971e-18, 7.0782109714e-18, 7.73413624583e-18, 7.10188818925e-18, 5.48428438902e-18, 3.97176106432e-18, 2.07279694862e-18, 8.68543158698e-19, 2.33312573173e-19, 2.5723029379e-20],
        "var": [0.0888438969851, 2.02566695213, 6.73668146133, 29.1927642822, 198.770553589, 331.085449219, 1647.92858887, 3117.36914062, 2718.88647461, 3271.96118164, 4632.95947266, 26600.7597656, 71297.015625, 28741.6757812, 8307.79785156, 5048.16162109, 1251.39343262, 1188.38391113, 360.763092041, 588.440673828, 619.392150879, 1705.32250977, 254.650421143, 718.198669434, 293.932403564, 232.657089233, 178.786636353, 159.138687134, 191.533279419, 138.803024292, 34.999874115, 30.0220909119, 13.2168931961, 1.70184111595, 0.864207983017, 0.336256295443, 0.0606326200068, 0.000134238085593, 6.0765046328e-08, 9.96301929845e-10]
    },
    "gfcc": {
        "mean": [-113.637405396, 77.0698165894, -105.335266113, 28.5381584167, -66.845916748, 13.313044548, -37.6169624329, 5.04727697372, -21.7816028595, 0.3373503685, -16.0295410156, 3.98165273666, -6.36698818207],
        "cov": [[127457.953125, 8620.95800781, -12558.8300781, 3472.01098633, -7942.95166016, 1711.20788574, -4689.11865234, 824.694091797, -2884.20361328, 155.056304932, -2114.53369141, 637.06829834, -1003.03381348], [8620.95800781, 1724.34362793, -1065.91931152, 318.242584229, -558.093994141, 113.30771637, -123.032249451, -72.8808288574, -18.8803367615, -94.6340103149, 40.1478462219, -42.7539176941, 127.702026367], [-12558.8300781, -1065.91931152, 2421.43920898, -239.707794189, 869.58605957, 1.41012835503, 427.914855957, 54.3886604309, 327.863739014, 133.014022827, 162.349945068, 78.8141708374, 14.0637054443], [3472.01098633, 318.242584229, -239.707794189, 425.162261963, -60.2401008606, 49.2839355469, -136.511917114, 36.8485717773, -28.9360733032, 37.9660491943, -8.03220748901, 13.5185403824, -3.64860248566], [-7942.95166016, -558.093994141, 869.58605957, -60.2401008606, 866.201599121, -24.1535873413, 325.235046387, 39.3190879822, 180.333831787, 50.9485359192, 154.861038208, 9.25564575195, 39.8237533569], [1711.20788574, 113.30771637, 1.41012835503, 49.2839355469, -24.1535873413, 263.894134521, 76.4083633423, 85.3736495972, -10.1069421768, 35.1814498901, 2.63918304443, 48.2074966431, 8.70021533966], [-4689.11865234, -123.032249451, 427.914855957, -136.511917114, 325.235046387, 76.4083633423, 419.654327393, 25.3251838684, 166.464294434, -6.38322114944, 141.378158569, -6.48405408859, 111.141319275], [824.694091797, -72.8808288574, 54.3886604309, 36.8485717773, 39.3190879822, 85.3736495972, 25.3251838684, 166.790420532, 23.5625362396, 63.8119316101, -26.6161403656, 40.5004882812, -12.9402923584], [-2884.20361328, -18.8803367615, 327.863739014, -28.9360733032, 180.333831787, -10.1069421768, 166.464294434, 23.5625362396, 211.907928467, 31.0160007477, 90.8656921387, -17.9889831543, 68.4765472412], [155.056304932, -94.6340103149, 133.014022827, 37.9660491943, 50.9485359192, 35.1814498901, -6.38322114944, 63.8119316101, 31.0160007477, 121.041442871, 26.2811832428, 42.8058929443, -12.0100164413], [-2114.53369141, 40.1478462219, 162.349945068, -8.03220748901, 154.861038208, 2.63918304443, 141.378158569, -26.6161403656, 90.8656921387, 26.2811832428, 166.749664307, 25.0568332672, 77.9569625854], [637.06829834, -42.7539176941, 78.8141708374, 13.5185403824, 9.25564575195, 48.2074966431, -6.48405408859, 40.5004882812, -17.9889831543, 42.8058929443, 25.0568332672, 116.357048035, 17.8514766693], [-1003.03381348, 127.702026367, 14.0637054443, -3.64860248566, 39.8237533569, 8.70021533966, 111.141319275, -12.9402923584, 68.4765472412, -12.0100164413, 77.9569625854, 17.8514766693, 143.232498169]],
        "icov": [[0.000283264904283, -0.000738360045943, 0.00053383159684, -0.000740311283153, 0.000949885696173, -0.000857989303768, 0.00065073982114, -0.000799082568847, 0.000810417870525, -0.000853332690895, 0.00117293186486, -0.00144952419214, 0.000864835921675], [-0.000738360045943, 0.00325989117846, -0.00102968269493, 0.0011676303111, -0.00183726917021, 0.00151628500316, -0.00151066749822, 0.00244661816396, -0.00298877805471, 0.00311932549812, -0.00388063513674, 0.00404550367966, -0.002835894702], [0.00053383159684, -0.00102968269493, 0.00198380486108, -0.00132649613079, 0.00131092744414, -0.00185405812226, 0.000951046997216, -0.000754488224629, 0.00020380121714, -0.00194281211589, 0.00266325240955, -0.00366325327195, 0.00211649993435], [-0.000740311283153, 0.0011676303111, -0.00132649613079, 0.00564157450572, -0.00341707561165, 0.00149609299842, 0.000381490041036, 0.00126332684886, -0.00202384195291, 0.0013826158829, -0.00353011745028, 0.00432844273746, -0.00280868285336], [0.000949885696173, -0.00183726917021, 0.00131092744414, -0.00341707561165, 0.0060047423467, -0.0022151528392, 0.000669106142595, -0.00328437797725, 0.00273355143145, -0.0024188652169, 0.0023434064351, -0.00447468273342, 0.00349586363882], [-0.000857989303768, 0.00151628500316, -0.00185405812226, 0.00149609299842, -0.0022151528392, 0.00905108358711, -0.00513521488756, 0.000175965207745, -0.000436662172433, 0.00138593092561, -0.00269992370158, 0.00266687618569, -0.00161132519133], [0.00065073982114, -0.00151066749822, 0.000951046997216, 0.000381490041036, 0.000669106142595, -0.00513521488756, 0.00970662757754, -0.00366317550652, -0.000129679348902, 0.000952684087679, -0.00109258270822, -0.000887334346771, -0.0010695643723], [-0.000799082568847, 0.00244661816396, -0.000754488224629, 0.00126332684886, -0.00328437797725, 0.000175965207745, -0.00366317550652, 0.0140227805823, -0.0052826772444, -0.00243688304909, 0.00245996145532, 0.000559616950341, -0.00174652342685], [0.000810417870525, -0.00298877805471, 0.00020380121714, -0.00202384195291, 0.00273355143145, -0.000436662172433, -0.000129679348902, -0.0052826772444, 0.0137072177604, -0.00500548025593, 0.00087463244563, 0.000176981789991, -0.000312713120366], [-0.000853332690895, 0.00311932549812, -0.00194281211589, 0.0013826158829, -0.0024188652169, 0.00138593092561, 0.000952684087679, -0.00243688304909, -0.00500548025593, 0.0178230050951, -0.00874361209571, 0.00212516146712, -0.000520436384249], [0.00117293186486, -0.00388063513674, 0.00266325240955, -0.00353011745028, 0.0023434064351, -0.00269992370158, -0.00109258270822, 0.00245996145532, 0.00087463244563, -0.00874361209571, 0.0201960168779, -0.0103858066723, 0.00105583271943], [-0.00144952419214, 0.00404550367966, -0.00366325327195, 0.00432844273746, -0.00447468273342, 0.00266687618569, -0.000887334346771, 0.000559616950341, 0.000176981789991, 0.00212516146712, -0.0103858066723, 0.0217783264816, -0.00843451730907], [0.000864835921675, -0.002835894702, 0.00211649993435, -0.00280868285336, 0.00349586363882, -0.00161132519133, -0.0010695643723, -0.00174652342685, -0.000312713120366, -0.000520436384249, 0.00105583271943, -0.00843451730907, 0.0156674664468]]
    },
    "melbands": {
        "dmean": [0.000619089696556, 0.000485257362016, 0.00053481105715, 0.000494279200211, 0.000440505769802, 0.000306481553707, 0.000201195463887, 0.000159731222084, 0.000137686030939, 0.000187270474271, 0.000218072644202, 0.000115487804578, 5.42566813237e-05, 3.79751290893e-05, 4.48819446319e-05, 1.63537606568e-05, 2.8527007089e-05, 1.16025967145e-05, 1.25156884678e-05, 1.55996076501e-05, 8.97241807252e-06, 1.55553680088e-05, 6.59074521536e-06, 5.2909704209e-06, 9.62744343269e-06, 3.79313246412e-06, 4.95159065395e-06, 3.29517456521e-06, 2.96929169963e-06, 3.16483033203e-06, 2.52667518907e-06, 2.74861622529e-06, 2.88413093585e-06, 2.86046906695e-06, 1.40886197642e-06, 1.44630655541e-06, 1.66293989423e-06, 1.52969460032e-06, 8.14218367395e-07, 4.48896344096e-07],
        "dmean2": [0.00093038205523, 0.00076344946865, 0.000897871272173, 0.000828710442875, 0.00070622615749, 0.000482211558847, 0.0003157647443, 0.00024637641036, 0.000217194057768, 0.000282217893982, 0.000329476548359, 0.000167029429576, 7.97537140897e-05, 5.85585730732e-05, 7.24008132238e-05, 2.60858632828e-05, 4.78512520203e-05, 1.92973748199e-05, 2.130267967e-05, 2.57510419033e-05, 1.48608914969e-05, 2.6303843697e-05, 1.09480042738e-05, 8.85389454197e-06, 1.6442467313e-05, 6.32347928331e-06, 8.24327617011e-06, 5.47078252566e-06, 4.93269999424e-06, 5.27333122591e-06, 4.12700956076e-06, 4.53523716715e-06, 4.67085965283e-06, 4.718852324e-06, 2.2954193355e-06, 2.44097509494e-06, 2.68282587967e-06, 2.36814071286e-06, 1.28109957132e-06, 7.03912178324e-07],
        "dvar": [1.65094684235e-06, 1.05937056105e-06, 1.24736823182e-06, 9.53832795858e-07, 6.86582154685e-07, 4.77378989672e-07, 2.56472986848e-07, 1.97381496037e-07, 2.14906265228e-07, 4.37087550154e-07, 5.09435608365e-07, 1.77291695991e-07, 2.63777568676e-08, 1.42664191571e-08, 1.27374431003e-08, 2.1050421406e-09, 3.64588759183e-09, 6.38602282166e-10, 9.21564102807e-10, 1.67625002767e-09, 2.94215762864e-10, 1.18720522302e-09, 1.43659042995e-10, 1.08351036476e-10, 3.43864020591e-10, 1.44334613705e-10, 2.21108437115e-10, 7.50652734416e-11, 5.00590714714e-11, 4.43664029126e-11, 4.25173889151e-11, 5.16872725176e-11, 4.59687669874e-11, 4.05105081425e-11, 8.68941550658e-12, 1.21318979168e-11, 1.03349785327e-11, 7.97183499768e-12, 2.29462477665e-12, 7.08368205673e-13],
        "dvar2": [3.98077736463e-06, 2.40088024839e-06, 3.25347468788e-06, 2.51310439126e-06, 1.56872874868e-06, 1.1076890587e-06, 5.92808078181e-07, 4.30005542285e-07, 4.91142998271e-07, 9.48002707446e-07, 1.11612052933e-06, 3.49159762436e-07, 4.82031587978e-08, 2.65322235293e-08, 3.10160821471e-08, 4.4026369217e-09, 9.9195762715e-09, 1.64680136194e-09, 2.6180195789e-09, 4.40588987516e-09, 7.68132668583e-10, 3.35819305697e-09, 3.80604797678e-10, 2.82702167231e-10, 9.73809810567e-10, 4.06450706425e-10, 5.85500148365e-10, 1.94142799059e-10, 1.2563444729e-10, 1.11986107887e-10, 1.02097136301e-10, 1.3238629637e-10, 1.14399351103e-10, 1.04575258175e-10, 2.11355308255e-11, 3.35172514743e-11, 2.66660894754e-11, 1.8354439496e-11, 5.74960652006e-12, 1.75347973988e-12],
        "max": [0.017745455727, 0.0123483175412, 0.011741717346, 0.0122450338677, 0.0218027941883, 0.0166487973183, 0.0116940746084, 0.0107374088839, 0.0128238517791, 0.0236972086132, 0.0227689761668, 0.01195523981, 0.00677751749754, 0.00640244269744, 0.00386595609598, 0.00169815181289, 0.0012572221458, 0.000743909506127, 0.00148201175034, 0.0011493540369, 0.000379085482564, 0.000697897281498, 0.000179949842277, 0.000193918385776, 0.000288366369205, 0.00056293036323, 0.000710267224349, 0.000239238608629, 0.000200886803214, 0.000224427640205, 0.00023832572333, 0.000186033343198, 0.000145530124428, 0.000103610502265, 0.00010686369933, 4.72979700135e-05, 3.39678044838e-05, 3.39594662364e-05, 1.56140540639e-05, 9.80540880846e-06],
        "mean": [0.00135800277349, 0.000824906339403, 0.000659827142954, 0.000683108053636, 0.000759986054618, 0.000594046781771, 0.000332572904881, 0.000239372151555, 0.000205498305149, 0.000350296701072, 0.000458352733403, 0.000233735103393, 0.000107423300506, 7.61476912885e-05, 7.1844420745e-05, 2.74534540949e-05, 4.07622464991e-05, 1.89869060705e-05, 2.00602244149e-05, 2.56825351244e-05, 1.53865003085e-05, 2.53675098065e-05, 1.12395337055e-05, 9.14908650884e-06, 1.50300211317e-05, 5.94631592321e-06, 7.90014837548e-06, 5.13906798005e-06, 4.41872862211e-06, 4.9924801715e-06, 3.53054565494e-06, 3.60289664059e-06, 4.02859859605e-06, 3.59510295311e-06, 1.93953292182e-06, 1.76457024281e-06, 2.13578141484e-06, 1.81801590315e-06, 9.07517630822e-07, 5.09146275363e-07],
        "median": [0.000134315356263, 0.000193385421881, 0.000300126994262, 0.000331887131324, 0.00037000249722, 0.000250923389103, 0.000103047808807, 5.82595494052e-05, 6.44486353849e-05, 4.6303801355e-05, 5.68962968828e-05, 2.56124822045e-05, 2.03443778446e-05, 1.91446233657e-05, 1.68170772668e-05, 8.05001400295e-06, 1.57751492225e-05, 8.69396808412e-06, 1.06774541564e-05, 1.04200225906e-05, 7.32584521757e-06, 6.94474283591e-06, 4.47920820079e-06, 3.8524581214e-06, 4.32125125371e-06, 2.11276915252e-06, 2.64278151008e-06, 2.09260178963e-06, 1.95221764443e-06, 2.19439857574e-06, 1.42325757224e-06, 1.26737882056e-06, 1.75608181507e-06, 1.48276524214e-06, 8.4148894075e-07, 6.8091827643e-07, 5.81368283292e-07, 3.71813399624e-07, 2.06559406024e-07, 1.06042676862e-07],
        "min": [7.25719590899e-25, 6.72535919871e-25, 4.28723370148e-25, 3.66350874733e-25, 8.11514130798e-25, 1.01407457999e-24, 1.39769073567e-24, 8.93909962095e-25, 1.17414786829e-24, 1.57262261355e-24, 1.06604325731e-24, 1.13154721004e-24, 1.0210611266e-24, 1.65746519555e-24, 1.29317090585e-24, 1.82949090986e-24, 2.0044363956e-24, 2.47687986692e-24, 2.12221253989e-24, 2.15654672471e-24, 2.6959672479e-24, 2.13586042519e-24, 2.82594923976e-24, 2.93682482328e-24, 3.31414231906e-24, 2.32568777191e-24, 3.44754303687e-24, 4.00283406097e-24, 3.14463326825e-24, 4.27788027633e-24, 4.22505578354e-24, 3.9236805466e-24, 4.31965046127e-24, 3.84101423462e-24, 4.0824210544e-24, 4.66937419423e-24, 3.77884805098e-24, 5.17730240401e-24, 4.43887732076e-24, 4.94639887274e-24],
        "var": [4.89194326292e-06, 2.06171353057e-06, 1.21576192669e-06, 1.0778160231e-06, 1.57018246227e-06, 1.40853524044e-06, 5.56157317533e-07, 3.85183312801e-07, 3.95056844127e-07, 1.36829055464e-06, 1.88607646123e-06, 5.58715214538e-07, 1.17443761383e-07, 6.56578578173e-08, 3.1006678114e-08, 6.68128841141e-09, 5.24053467288e-09, 1.14892151348e-09, 1.02664021728e-09, 3.05680925017e-09, 5.45206990665e-10, 2.26512875123e-09, 2.81374534783e-10, 2.00332181399e-10, 6.22699669606e-10, 1.96225494187e-10, 2.46235781765e-10, 9.53726195241e-11, 7.27378712817e-11, 6.99650407054e-11, 5.713676407e-11, 6.22720278121e-11, 5.51274234595e-11, 4.24859765424e-11, 1.08374403202e-11, 1.08889520664e-11, 1.26753676999e-11, 1.04395650111e-11, 2.62681694972e-12, 8.97210691159e-13]
    },
    "mfcc": {
        "mean": [-687.554016113, 100.139823914, 8.17813968658, 15.2358016968, -5.36448717117, 4.76579618454, -8.86577892303, 3.46440124512, -3.683406353, -0.811725437641, -6.39592885971, -3.17970991135, -3.85512971878],
        "cov": [[27096.7382812, 4813.98046875, 169.53843689, 818.509216309, -168.709060669, 154.096008301, -365.973205566, 195.702606201, -223.847961426, -100.256256104, -333.751068115, -125.384674072, -263.343994141], [4813.98046875, 1913.86303711, 136.862915039, 212.044616699, -105.837997437, 149.715942383, -86.9509124756, 103.218559265, -30.081659317, 22.1812934875, -57.5883750916, -40.6197395325, -11.2875804901], [169.53843689, 136.862915039, 865.383666992, 43.2422523499, 76.17527771, 83.4291763306, -21.4312858582, 40.0742149353, 37.7391204834, 45.5072097778, 29.2823734283, 28.2519264221, 34.8367576599], [818.509216309, 212.044616699, 43.2422523499, 320.337371826, 141.785247803, 31.9255523682, -17.6973247528, -7.20915031433, 6.921833992, 2.12535071373, 5.56136465073, 42.6998710632, 19.8974494934], [-168.709060669, -105.837997437, 76.17527771, 141.785247803, 304.138092041, 36.6632232666, 42.1602783203, 10.0413265228, 28.7133731842, 16.3324337006, 36.6356430054, 63.0714836121, 30.8286857605], [154.096008301, 149.715942383, 83.4291763306, 31.9255523682, 36.6632232666, 164.609802246, 83.9254074097, 61.4115829468, 17.6562595367, 35.1382522583, 17.4480228424, 7.61952924728, 28.3596553802], [-365.973205566, -86.9509124756, -21.4312858582, -17.6973247528, 42.1602783203, 83.9254074097, 185.984024048, 72.3765640259, 38.4084091187, 24.5127773285, 31.7216796875, 14.8931503296, 35.0667495728], [195.702606201, 103.218559265, 40.0742149353, -7.20915031433, 10.0413265228, 61.4115829468, 72.3765640259, 128.854202271, 50.9111862183, 38.6679954529, 12.8690223694, 7.70309782028, 14.7710123062], [-223.847961426, -30.081659317, 37.7391204834, 6.921833992, 28.7133731842, 17.6562595367, 38.4084091187, 50.9111862183, 121.137313843, 58.7540893555, 26.0756244659, 10.2030515671, 16.6855812073], [-100.256256104, 22.1812934875, 45.5072097778, 2.12535071373, 16.3324337006, 35.1382522583, 24.5127773285, 38.6679954529, 58.7540893555, 107.302635193, 48.211681366, 10.5338163376, 2.45948505402], [-333.751068115, -57.5883750916, 29.2823734283, 5.56136465073, 36.6356430054, 17.4480228424, 31.7216796875, 12.8690223694, 26.0756244659, 48.211681366, 93.2936477661, 35.9107322693, 10.3061418533], [-125.384674072, -40.6197395325, 28.2519264221, 42.6998710632, 63.0714836121, 7.61952924728, 14.8931503296, 7.70309782028, 10.2030515671, 10.5338163376, 35.9107322693, 91.0830841064, 41.0571975708], [-263.343994141, -11.2875804901, 34.8367576599, 19.8974494934, 30.8286857605, 28.3596553802, 35.0667495728, 14.7710123062, 16.6855812073, 2.45948505402, 10.3061418533, 41.0571975708, 110.822128296]],
