{
"lowlevel": {
    "average_loudness": 0.915426194668,
    "barkbands_crest": {
        "dmean": 2.36689686775,
        "dmean2": 3.93431091309,
        "dvar": 4.75592422485,
        "dvar2": 12.3391551971,
        "max": 24.0573043823,
        "mean": 7.78708744049,
        "median": 7.0502166748,
        "min": 2.11632347107,
        "var": 11.9254722595
    },
    "barkbands_flatness_db": {
        "dmean": 0.017435181886,
        "dmean2": 0.0279370788485,
        "dvar": 0.000258854794083,
        "dvar2": 0.000637856021058,
        "max": 0.261249661446,
        "mean": 0.0927755832672,
        "median": 0.0854659676552,
        "min": 0.0228464119136,
        "var": 0.0012910818914
    },
    "barkbands_kurtosis": {
        "dmean": 1.60446977615,
        "dmean2": 2.63463139534,
        "dvar": 7.13882303238,
        "dvar2": 17.5640449524,
        "max": 56.3441047668,
        "mean": 1.5178425312,
        "median": 0.1313829422,
        "min": -1.88982927799,
        "var": 17.8772315979
    },
    "barkbands_skewness": {
        "dmean": 0.463752120733,
        "dmean2": 0.727666914463,
        "dvar": 0.229762077332,
        "dvar2": 0.526149272919,
        "max": 5.86513233185,
        "mean": 1.05669236183,
        "median": 0.925467789173,
        "min": -3.13857769966,
        "var": 0.975436270237
    },
    "barkbands_spread": {
        "dmean": 6.70648908615,
        "dmean2": 10.5041322708,
        "dvar": 50.6131744385,
        "dvar2": 113.512336731,
        "max": 96.1850585938,
        "mean": 30.5785064697,
        "median": 29.6112098694,
        "min": 2.43473815918,
        "var": 202.335693359
    },
    "dissonance": {
        "dmean": 0.0120045160875,
        "dmean2": 0.0203260462731,
        "dvar": 0.000142333621625,
        "dvar2": 0.000384536659112,
        "max": 0.500000059605,
        "mean": 0.479816734791,
        "median": 0.484516054392,
        "min": 0.268039792776,
        "var": 0.000331465998897
    },
    "dynamic_complexity": 2.96831679344,
    "erbbands_crest": {
        "dmean": 2.17290353775,
        "dmean2": 3.62323093414,
        "dvar": 4.25661849976,
        "dvar2": 11.0386781693,
        "max": 25.2143764496,
        "mean": 7.18919992447,
        "median": 6.39357566833,
        "min": 2.25467705727,
        "var": 11.5536823273
    },
    "erbbands_flatness_db": {
        "dmean": 0.014914506115,
        "dmean2": 0.022624142468,
        "dvar": 0.000205465097679,
        "dvar2": 0.000421475735493,
        "max": 0.293044239283,
        "mean": 0.138048604131,
        "median": 0.132392689586,
        "min": 0.0552520044148,
        "var": 0.00159986701328
    },
    "erbbands_kurtosis": {
        "dmean": 0.68133699894,
        "dmean2": 1.10333919525,
        "dvar": 1.1186144352,
        "dvar2": 2.58966016769,
        "max": 29.1676979065,
        "mean": -0.0334907472134,
        "median": -0.455013513565,
        "min": -1.78566563129,
        "var": 2.50540113449
    },
    "erbbands_skewness": {
        "dmean": 0.333975017071,
        "dmean2": 0.522881150246,
        "dvar": 0.106545366347,
        "dvar2": 0.235984638333,
        "max": 3.07213377953,
        "mean": 0.0458413697779,
        "median": 0.0325541980565,
        "min": -5.01453208923,
        "var": 0.514611124992
    },
    "erbbands_spread": {
        "dmean": 7.96208429337,
        "dmean2": 12.6570472717,
        "dvar": 64.4450759888,
        "dvar2": 150.89024353,
        "max": 116.574874878,
        "mean": 43.4981918335,
        "median": 41.9388198853,
        "min": 6.24935770035,
        "var": 306.35647583
    },
    "hfc": {
        "dmean": 7.73764562607,
        "dmean2": 11.7530574799,
        "dvar": 131.027877808,
        "dvar2": 278.165893555,
        "max": 275.927124023,
        "mean": 27.1488304138,
        "median": 21.7539386749,
        "min": 1.2088761579e-16,
        "var": 540.650878906
    },
    "melbands_crest": {
        "dmean": 3.25100255013,
        "dmean2": 5.41691732407,
        "dvar": 8.0737991333,
        "dvar2": 21.0824356079,
        "max": 30.7121391296,
        "mean": 11.6086215973,
        "median": 11.0583896637,
        "min": 1.82574367523,
        "var": 19.0357913971
    },
    "melbands_flatness_db": {
        "dmean": 0.0238163433969,
        "dmean2": 0.0372982360423,
        "dvar": 0.000511179387104,
        "dvar2": 0.00118198560085,
        "max": 0.345973402262,
        "mean": 0.140553727746,
        "median": 0.133314341307,
        "min": 0.003751054639,
        "var": 0.0029322411865
    },
    "melbands_kurtosis": {
        "dmean": 4.6871137619,
        "dmean2": 7.63631868362,
        "dvar": 57.0236206055,
        "dvar2": 146.063415527,
        "max": 131.074783325,
        "mean": 8.46185588837,
        "median": 4.67475032806,
        "min": -1.88805937767,
        "var": 124.294578552
    },
    "melbands_skewness": {
        "dmean": 0.636369109154,
        "dmean2": 1.01213335991,
        "dvar": 0.461862564087,
        "dvar2": 1.12981712818,
        "max": 10.0312919617,
        "mean": 2.24166679382,
        "median": 2.01947641373,
        "min": -1.36234045029,
        "var": 1.8042165041
    },
    "melbands_spread": {
        "dmean": 10.2493829727,
        "dmean2": 16.0073032379,
        "dvar": 179.367858887,
        "dvar2": 366.432525635,
        "max": 218.754257202,
        "mean": 35.7324829102,
        "median": 31.1405830383,
        "min": 2.25926446915,
        "var": 560.768127441
    },
    "pitch_salience": {
        "dmean": 0.0648163408041,
        "dmean2": 0.108784079552,
        "dvar": 0.00321538443677,
        "dvar2": 0.00861902628094,
        "max": 0.869828760624,
        "mean": 0.650461614132,
        "median": 0.663994729519,
        "min": 0.241303771734,
        "var": 0.00743660517037
    },
    "silence_rate_20dB": {
        "dmean": 0,
        "dmean2": 0,
        "dvar": 0,
        "dvar2": 0,
        "max": 1,
        "mean": 1,
        "median": 1,
        "min": 1,
        "var": 0
    },
    "silence_rate_30dB": {
        "dmean": 0,
        "dmean2": 0,
        "dvar": 0,
        "dvar2": 0,
        "max": 1,
        "mean": 1,
        "median": 1,
        "min": 1,
        "var": 0
    },
    "silence_rate_60dB": {
        "dmean": 0.0220925901085,
        "dmean2": 0.0441906638443,
        "dvar": 0.021604700014,
        "dvar2": 0.0469552055001,
        "max": 1,
        "mean": 0.0723504573107,
        "median": 0,
        "min": 0,
        "var": 0.0671282708645
    },
    "spectral_centroid": {
        "dmean": 304.640106201,
        "dmean2": 472.840881348,
        "dvar": 112208.710938,
        "dvar2": 218522.78125,
        "max": 10683.8105469,
        "mean": 1777.62646484,
        "median": 1768.16516113,
        "min": 315.451873779,
        "var": 462294.96875
    },
    "spectral_complexity": {
        "dmean": 4.17227268219,
        "dmean2": 6.48212528229,
        "dvar": 15.3229112625,
        "dvar2": 34.4531822205,
        "max": 58,
        "mean": 25.2529163361,
        "median": 26,
        "min": 0,
        "var": 159.763336182
    },
    "spectral_decrease": {
        "dmean": 1.4668712911e-09,
        "dmean2": 2.40372499682e-09,
        "dvar": 2.95577089349e-18,
        "dvar2": 7.74665810594e-18,
        "max": 5.36745481033e-29,
        "mean": -4.74231098835e-09,
        "median": -4.41222569592e-09,
        "min": -2.2969038227e-08,
        "var": 9.11679180077e-18
    },
    "spectral_energy": {
        "dmean": 0.0059857359156,
        "dmean2": 0.00976255536079,
        "dvar": 4.66058736492e-05,
        "dvar2": 0.000120996191981,
        "max": 0.0903064236045,
        "mean": 0.0203610695899,
        "median": 0.0191069580615,
        "min": 1.07622813522e-20,
        "var": 0.000163768592756
    },
    "spectral_energyband_high": {
        "dmean": 0.00070883781882,
        "dmean2": 0.0010560679948,
        "dvar": 2.28340513786e-06,
        "dvar2": 4.41648171545e-06,
        "max": 0.0400776825845,
        "mean": 0.00170732755214,
        "median": 0.000939674500842,
        "min": 8.00087458656e-21,
        "var": 5.57677276447e-06
    },
    "spectral_energyband_low": {
        "dmean": 0.00236088852398,
        "dmean2": 0.00398870324716,
        "dvar": 1.79260368895e-05,
        "dvar2": 4.88054356538e-05,
        "max": 0.0442302040756,
        "mean": 0.0036199411843,
        "median": 0.00210070703179,
        "min": 9.24447730147e-23,
        "var": 2.04242733162e-05
    },
    "spectral_energyband_middle_high": {
        "dmean": 0.00183401000686,
        "dmean2": 0.00294950348325,
        "dvar": 5.80306050324e-06,
        "dvar2": 1.52357379193e-05,
        "max": 0.0430638603866,
        "mean": 0.0065257018432,
        "median": 0.00448814127594,
        "min": 1.43870487946e-21,
        "var": 3.83199767384e-05
    },
    "spectral_energyband_middle_low": {
        "dmean": 0.00400160811841,
        "dmean2": 0.00657885335386,
        "dvar": 2.90855587082e-05,
        "dvar2": 7.37650843803e-05,
        "max": 0.0836021900177,
        "mean": 0.00953808333725,
        "median": 0.00740414485335,
        "min": 2.46008204425e-22,
        "var": 6.89534062985e-05
    },
    "spectral_entropy": {
        "dmean": 0.118492335081,
        "dmean2": 0.178219273686,
        "dvar": 0.0144809931517,
        "dvar2": 0.0292582958937,
        "max": 9.81235408783,
        "mean": 7.89818668365,
        "median": 7.94355297089,
        "min": 6.10964870453,
        "var": 0.104196563363
    },
    "spectral_flux": {
        "dmean": 0.0167141165584,
        "dmean2": 0.02608291246,
        "dvar": 0.000333448144374,
        "dvar2": 0.000707371567842,
        "max": 0.235398799181,
        "mean": 0.0829122886062,
        "median": 0.0834022015333,
        "min": 1.03741418234e-10,
        "var": 0.00128365424462
    },
    "spectral_kurtosis": {
        "dmean": 0.955411672592,
        "dmean2": 1.58761668205,
        "dvar": 1.13472235203,
        "dvar2": 3.16490888596,
        "max": 19.6388702393,
        "mean": 3.17707037926,
        "median": 2.82503819466,
        "min": -1.22592103481,
        "var": 3.0771009922
    },
    "spectral_rms": {
        "dmean": 0.000642816594336,
        "dmean2": 0.00102649722248,
        "dvar": 4.19540810981e-07,
        "dvar2": 1.02383489775e-06,
        "max": 0.00938636437058,
        "mean": 0.00418651010841,
        "median": 0.00431751459837,
        "min": 3.24033746883e-12,
        "var": 2.33758805734e-06
    },
    "spectral_rolloff": {
        "dmean": 732.290100098,
        "dmean2": 1183.35717773,
        "dvar": 973506.75,
        "dvar2": 2125228.75,
        "max": 18669.2871094,
        "mean": 2375.25537109,
        "median": 2174.85351562,
        "min": 129.19921875,
        "var": 2537417
    },
    "spectral_skewness": {
        "dmean": 0.161931991577,
        "dmean2": 0.256712019444,
        "dvar": 0.0251746494323,
        "dvar2": 0.0574363023043,
        "max": 3.5302798748,
        "mean": 1.27354824543,
        "median": 1.27093791962,
        "min": -0.345298498869,
        "var": 0.104319661856
    },
    "spectral_spread": {
        "dmean": 505551.9375,
        "dmean2": 755076.5,
        "dvar": 427728338944,
        "dvar2": 689573920768,
        "max": 41999304,
        "mean": 4821896,
        "median": 4663315.5,
        "min": 1777113.875,
        "var": 1.97393239245e+12
    },
    "spectral_strongpeak": {
        "dmean": 0.542806506157,
        "dmean2": 0.924168884754,
        "dvar": 0.838264942169,
        "dvar2": 2.23252034187,
        "max": 14.7365627289,
        "mean": 0.836062014103,
        "median": 0.443992465734,
        "min": 0,
        "var": 1.1876707077
    },
    "zerocrossingrate": {
        "dmean": 0.0126525266096,
        "dmean2": 0.0146747427061,
        "dvar": 0.000203720497666,
        "dvar2": 0.000235689934925,
        "max": 0.53076171875,
        "mean": 0.0890012830496,
        "median": 0.08349609375,
        "min": 0.013671875,
        "var": 0.00155556632672
    },
    "barkbands": {
        "dmean": [4.99902926094e-05, 0.00101460027508, 0.00116296194028, 0.00126720871776, 0.00187451392412, 0.000976160517894, 0.000760083901696, 0.000597081612796, 0.000611844356172, 0.000568406248931, 0.000475213542813, 0.00037503556814, 0.00027545937337, 0.000240293491515, 0.000341546168784, 0.00034078702447, 0.000351832917659, 0.00030173396226, 0.000264752801741, 0.000176531262696, 0.000214992978727, 0.000203808231163, 0.000149519066326, 9.81526754913e-05, 7.90839185356e-05, 5.50639415451e-05, 3.38039399139e-07],
        "dmean2": [8.77250859048e-05, 0.00170449563302, 0.00203070766293, 0.00214779074304, 0.00312838982791, 0.001572559122, 0.00124178733677, 0.00100056722295, 0.00101727433503, 0.000959902245086, 0.000796621839982, 0.000625591899734, 0.000460169190774, 0.000405054655857, 0.000571501557715, 0.000565037422348, 0.000573651399463, 0.000492818013299, 0.000426885992056, 0.000285730144242, 0.000334490323439, 0.000315269862767, 0.000230822784943, 0.000150061154272, 0.000126073937281, 8.78205755726e-05, 5.73102624912e-07],
        "dvar": [4.81266715369e-09, 4.84977908854e-06, 4.74399394079e-06, 4.97744849781e-06, 1.20340864669e-05, 4.42636701337e-06, 4.04284855904e-06, 2.38678308051e-06, 1.33775506583e-06, 1.39192161441e-06, 9.66999778029e-07, 5.90286504121e-07, 2.36754360117e-07, 1.72878017679e-07, 4.11785862298e-07, 4.68608902793e-07, 4.6154013944e-07, 2.83318740912e-07, 3.00048895951e-07, 1.18904829094e-07, 2.33105268421e-07, 3.48182567222e-07, 1.32115246743e-07, 4.05848368246e-08, 2.9720096606e-08, 1.84069346432e-08, 1.99616907205e-13],
        "dvar2": [1.33147803894e-08, 1.26876984723e-05, 1.35536420203e-05, 1.35632008096e-05, 3.13536038448e-05, 1.02685453385e-05, 9.8741684269e-06, 6.12015082879e-06, 3.38773656949e-06, 3.80370920539e-06, 2.60046044787e-06, 1.60331467214e-06, 6.05974150858e-07, 4.69044579177e-07, 1.12978796096e-06, 1.2784644241e-06, 1.21300320188e-06, 6.99299505413e-07, 7.13715735401e-07, 2.77741293075e-07, 4.73573464888e-07, 7.52152971017e-07, 2.87754716055e-07, 8.74120189565e-08, 7.66727268342e-08, 4.71473953212e-08, 5.31468532378e-13],
        "max": [0.000802261056378, 0.0226819738746, 0.0220499671996, 0.0359308719635, 0.0707447007298, 0.04076718539, 0.0408744812012, 0.0497962348163, 0.0253939814866, 0.0229592788965, 0.0269905719906, 0.01926619187, 0.00858172122389, 0.008191854693, 0.0173632465303, 0.0153772905469, 0.0168933104724, 0.0110642397776, 0.0160287823528, 0.00932113733143, 0.0181359276175, 0.0155705381185, 0.00989799574018, 0.0062059275806, 0.00284447078593, 0.00269060116261, 8.25691768114e-06],
        "mean": [5.02811963088e-05, 0.00119671155699, 0.00150128081441, 0.0017945356667, 0.00305050658062, 0.00152534584049, 0.00106540543493, 0.000807017611805, 0.00100317969918, 0.000969950750005, 0.000820016895887, 0.000647988461424, 0.000478895381093, 0.000420549680712, 0.00063135632081, 0.000693592068274, 0.000687157909852, 0.000607487047091, 0.000522158981767, 0.000345949141774, 0.000444229808636, 0.000390383414924, 0.000272759556537, 0.000197379165911, 0.000144419289427, 9.20561142266e-05, 5.04794058998e-07],
        "median": [2.59807020484e-05, 0.000536661711521, 0.00065486470703, 0.00090412364807, 0.00170635688119, 0.000621673534624, 0.000312083488097, 0.000248287280556, 0.000438185466919, 0.000349817215465, 0.000261323904851, 0.000244893948548, 0.000225596348173, 0.000241022207774, 0.000299976818496, 0.000298349943478, 0.00033179402817, 0.000304474669974, 0.000260216067545, 0.000217451655772, 0.000267933908617, 0.000200210881303, 0.000100277189631, 6.9463494583e-05, 4.68465659651e-05, 2.71459903161e-05, 3.42143778198e-07],
        "min": [5.48933988494e-24, 7.02219112932e-23, 1.53659612487e-23, 1.25663215062e-23, 2.33538121582e-23, 6.45281341604e-23, 2.21636088011e-23, 4.81825733282e-23, 6.37038502451e-23, 7.32096052203e-23, 7.01966740551e-23, 8.09391357378e-23, 5.67826370981e-23, 7.68269489893e-23, 1.38861165662e-22, 1.93545723053e-22, 1.7996028871e-22, 1.67538190698e-22, 2.42225054715e-22, 3.12018646091e-22, 5.69212494255e-22, 4.85883185705e-22, 8.17699438484e-22, 8.06033435251e-22, 1.04354266685e-21, 1.71141730033e-21, 2.7402215716e-21],
        "var": [4.68823113664e-09, 4.34393587057e-06, 4.88566365675e-06, 6.93745005265e-06, 1.82395942829e-05, 8.49664866109e-06, 7.06709852238e-06, 4.39313589595e-06, 2.97830320051e-06, 2.95892755275e-06, 2.37140670833e-06, 1.30203216031e-06, 5.26742383045e-07, 3.14489426501e-07, 1.07798075533e-06, 1.69383906723e-06, 1.16926332794e-06, 7.92225364421e-07, 7.82503661867e-07, 2.22765578428e-07, 4.66351792738e-07, 5.6253384173e-07, 2.49216697057e-07, 9.69749223145e-08, 5.42483995503e-08, 2.74792490984e-08, 3.25902174171e-13]
    },
    "erbbands": {
        "dmean": [0.0220054965466, 0.268249809742, 1.13122260571, 2.8819463253, 4.8371591568, 7.38636398315, 8.26490402222, 7.62585783005, 8.77049636841, 13.7262191772, 11.7295503616, 13.5003452301, 16.2887592316, 17.9181976318, 17.5661964417, 13.6212348938, 11.6787929535, 11.9730072021, 13.5698900223, 17.9488334656, 17.5140686035, 18.3194236755, 15.9730510712, 14.5249443054, 11.2440958023, 8.37602615356, 8.19662189484, 9.03623962402, 7.58253955841, 5.59007263184, 4.14529895782, 2.72919559479, 1.43814957142, 0.925689339638, 0.549326300621, 0.23667024076, 0.134918197989, 0.00882250629365, 0.000179768787348, 1.44423902384e-05],
        "dmean2": [0.0366275385022, 0.461312770844, 1.98387658596, 4.92170524597, 8.16973495483, 12.4041786194, 13.6062650681, 12.176407814, 14.1651792526, 22.6505699158, 19.4204425812, 22.4062232971, 27.2947483063, 30.2720336914, 29.1968688965, 22.8395576477, 19.3328456879, 20.1914806366, 22.601102829, 29.8383769989, 28.7105770111, 29.8234519958, 25.860244751, 23.225358963, 18.2183322906, 13.4842243195, 13.0951375961, 14.1796646118, 11.7417325974, 8.61111545563, 6.38425683975, 4.22579717636, 2.1930770874, 1.4885623455, 0.876229763031, 0.353836238384, 0.22511215508, 0.0147428037599, 0.000299931241898, 2.31491721934e-05],
        "dvar": [0.00211806991138, 0.35760986805, 5.00534248352, 22.9765529633, 81.4621200562, 225.755554199, 326.079833984, 322.329803467, 601.41003418, 1349.84777832, 770.051879883, 722.637512207, 1226.79846191, 1242.59448242, 1456.89782715, 772.19128418, 449.270019531, 405.258056641, 500.888641357, 1385.83276367, 1233.00854492, 1368.20727539, 814.903808594, 780.816833496, 591.542358398, 287.822113037, 279.164978027, 549.079772949, 473.892211914, 227.268829346, 105.063827515, 37.8193969727, 8.01066684723, 4.16637516022, 1.41521120071, 0.245191797614, 0.175222530961, 0.000749974919017, 2.34562421042e-07, 6.44594322363e-10],
        "dvar2": [0.00520593812689, 0.971093297005, 14.3326463699, 63.4450340271, 224.321899414, 574.332580566, 823.277038574, 724.109985352, 1455.69946289, 3437.11181641, 1991.42919922, 1830.48181152, 3326.98339844, 3461.41308594, 3838.16162109, 2161.1887207, 1148.40661621, 1123.88415527, 1299.8482666, 3812.83837891, 3264.82250977, 3557.93408203, 2013.85461426, 1815.10803223, 1436.56103516, 680.260437012, 600.101013184, 1150.14025879, 1048.03588867, 471.967193604, 229.88684082, 83.5445632935, 17.8533000946, 10.666103363, 3.64206290245, 0.583319187164, 0.472995251417, 0.00202584266663, 6.32357739505e-07, 1.65631997007e-09],
        "max": [0.473445922136, 5.88852214813, 22.5859355927, 70.251373291, 154.769866943, 348.315246582, 495.174407959, 363.933532715, 607.509338379, 784.112731934, 558.432495117, 709.618286133, 767.565979004, 623.076782227, 1203.50915527, 579.323242188, 433.892852783, 365.969024658, 566.514404297, 1205.75964355, 872.804626465, 1099.4708252, 549.84197998, 960.357910156, 726.914794922, 488.813720703, 501.641265869, 1106.47619629, 618.638977051, 329.876434326, 269.612243652, 203.318847656, 64.3667755127, 43.6983070374, 19.0374336243, 9.91913509369, 9.96264266968, 0.641867637634, 0.011318908073, 0.00052765419241],
        "mean": [0.0252227410674, 0.315865933895, 1.51420104504, 4.21784543991, 7.5138001442, 11.2633743286, 12.6978559494, 11.5892295837, 12.3731822968, 19.4941806793, 17.8893566132, 22.4134101868, 28.4004611969, 32.3032493591, 33.9682235718, 25.3840713501, 22.0679130554, 22.4094848633, 26.511888504, 37.1147193909, 38.2793083191, 38.909286499, 34.3484115601, 30.2273521423, 22.5336742401, 16.7807884216, 16.6112861633, 17.8497676849, 14.4712238312, 9.8873872757, 7.53616905212, 5.20810127258, 2.83244466782, 1.64447140694, 1.00170230865, 0.439286738634, 0.187300845981, 0.0122678177431, 0.000290788797429, 4.17033807025e-05],
        "median": [0.0105360830203, 0.14441666007, 0.695157647133, 2.32429456711, 4.17851448059, 5.59332942963, 6.00003004074, 4.31325340271, 4.11489868164, 5.67527151108, 6.99811649323, 10.0333480835, 10.6101608276, 13.3188686371, 11.0168399811, 10.5160770416, 10.8476142883, 13.0352449417, 15.1138658524, 16.5623130798, 17.5408706665, 19.2828426361, 17.916721344, 15.5354347229, 11.8680419922, 10.7814416885, 10.4450759888, 10.2601337433, 7.82726955414, 4.04388237, 2.69091272354, 1.75893592834, 1.01685929298, 0.575813174248, 0.301130414009, 0.126531213522, 0.0521014034748, 0.00403921306133, 0.00014163585729, 3.43017454725e-05],
        "min": [1.26434516239e-21, 1.77064504777e-20, 2.50848046065e-20, 2.76239647437e-20, 5.13566844778e-20, 8.02267806584e-20, 2.72034371062e-19, 5.51516004276e-19, 4.632480264e-19, 3.84851492706e-19, 1.1392659315e-18, 1.42717110678e-18, 2.00623848101e-18, 2.87812903285e-18, 2.20072311868e-18, 3.86352696271e-18, 3.1247607907e-18, 3.51967666747e-18, 4.20613607344e-18, 1.26507547046e-17, 8.760736042e-18, 1.00724170188e-17, 8.61376176358e-18, 1.17918459253e-17, 1.38086851394e-17, 1.41308637162e-17, 1.76891581378e-17, 2.30179515968e-17, 1.51058317257e-17, 2.53485329727e-17, 2.03274870975e-17, 1.55161629404e-17, 1.53794150959e-17, 1.18428308567e-17, 6.72318381172e-18, 5.53938206245e-18, 3.71341973772e-18, 1.24435364486e-18, 4.0614668889e-19, 3.7933785571e-20],
        "var": [0.00206361175515, 0.29851385951, 4.91600418091, 30.5851306915, 110.699188232, 355.167541504, 507.811248779, 614.529663086, 927.452453613, 2634.77246094, 1369.61901855, 1535.55383301, 2577.92236328, 2561.50317383, 4317.71679688, 1743.14440918, 1057.75964355, 794.745605469, 1204.13024902, 4680.78027344, 4424.93115234, 3675.68969727, 2416.0925293, 2260.49731445, 1312.85925293, 517.629760742, 579.65032959, 922.205383301, 733.499023438, 401.226379395, 198.321029663, 79.1968078613, 18.7433490753, 6.96888303757, 2.81911444664, 0.583583116531, 0.165561810136, 0.00068066525273, 2.31430036024e-07, 1.23799492879e-09]
    },
    "gfcc": {
        "mean": [19.9885063171, 66.0883560181, -124.842330933, 36.2727661133, -61.2517700195, 11.0497703552, -40.507019043, 5.78990745544, -29.9001560211, -0.473338484764, -25.7041816711, 3.37530684471, -13.544875145],
        "cov": [[4616.45800781, -1090.65307617, -128.710464478, 170.483688354, -296.837036133, 463.021392822, -317.507476807, 349.394592285, -213.735168457, 123.88066864, -254.158050537, -1.85583472252, -149.441177368], [-1090.65307617, 945.678466797, -28.4482498169, -43.8625106812, 146.913101196, -267.435333252, 129.304504395, -163.395874023, 104.59412384, -98.7933197021, 102.958869934, -49.0082397461, 39.9156074524], [-128.710464478, -28.4482498169, 825.930664062, 247.151702881, 25.6247673035, 36.8410491943, -181.469787598, -25.7829456329, -43.3119010925, 62.7945327759, -35.6211700439, 30.5206851959, -39.7275085449], [170.483688354, -43.8625106812, 247.151702881, 350.297363281, 45.6535186768, -3.16976165771, -84.4500045776, -24.8946838379, 16.612487793, 10.9888162613, -20.8569908142, -4.9395198822, -6.00319433212], [-296.837036133, 146.913101196, 25.6247673035, 45.6535186768, 211.57244873, -0.208761021495, 32.3596572876, 5.33243179321, 11.3272943497, -16.5268325806, 0.0868237018585, -1.39497542381, 16.6449146271], [463.021392822, -267.435333252, 36.8410491943, -3.16976165771, -0.208761021495, 288.956695557, 62.2012176514, 94.4450378418, -56.7234420776, 27.3276386261, -53.7417602539, -4.0340218544, -9.3758649826], [-317.507476807, 129.304504395, -181.469787598, -84.4500045776, 32.3596572876, 62.2012176514, 230.474472046, 19.0069313049, 12.1469764709, -25.4337348938, 20.0218200684, -23.3507728577, 16.3612766266], [349.394592285, -163.395874023, -25.7829456329, -24.8946838379, 5.33243179321, 94.4450378418, 19.0069313049, 139.455657959, -5.51161193848, 26.1356086731, -26.5555686951, 1.46772360802, -15.3370714188], [-213.735168457, 104.59412384, -43.3119010925, 16.612487793, 11.3272943497, -56.7234420776, 12.1469764709, -5.51161193848, 108.923530579, 5.96226501465, 32.6643295288, -5.81029605865, 3.11397004128], [123.88066864, -98.7933197021, 62.7945327759, 10.9888162613, -16.5268325806, 27.3276386261, -25.4337348938, 26.1356086731, 5.96226501465, 88.7186126709, 4.70599269867, 9.25341129303, -7.71085309982], [-254.158050537, 102.958869934, -35.6211700439, -20.8569908142, 0.0868237018585, -53.7417602539, 20.0218200684, -26.5555686951, 32.6643295288, 4.70599269867, 83.8991699219, 18.6421222687, 5.05161333084], [-1.85583472252, -49.0082397461, 30.5206851959, -4.9395198822, -1.39497542381, -4.0340218544, -23.3507728577, 1.46772360802, -5.81029605865, 9.25341129303, 18.6421222687, 64.5381011963, 18.5351963043], [-149.441177368, 39.9156074524, -39.7275085449, -6.00319433212, 16.6449146271, -9.3758649826, 16.3612766266, -15.3370714188, 3.11397004128, -7.71085309982, 5.05161333084, 18.5351963043, 66.1992263794]],
        "icov": [[0.000710099353455, -0.000532712263521, 0.000928036402911, -0.000880343839526, 0.00101917085703, -0.00112552195787, 0.0015302594984, -0.0013133645989, 0.00106579472777, -0.000698121730238, 0.00121976691298, -0.000893025251571, 0.00132867170032], [-0.000532712263521, 0.00379627547227, -0.00182524928823, 0.00166861549951, -0.00256383884698, 0.00316103594378, -0.00320038897917, 0.00270290533081, -0.00226072315127, 0.00260808016174, -0.00293864961714, 0.00372280366719, -0.0023340692278], [0.000928036402911, -0.00182524928823, 0.00359411048703, -0.00254106149077, 0.00153738935478, -0.00266923569143, 0.00362583319657, -0.00151016295422, 0.00246748188511, -0.00264508510008, 0.00257588690147, -0.00315238744952, 0.00337331322953], [-0.000880343839526, 0.00166861549951, -0.00254106149077, 0.00548537820578, -0.00259257317521, 0.00162893300876, -0.00149137258995, 0.00283344904892, -0.00317120202817, 0.00173428584822, -0.00149164895993, 0.00290907593444, -0.00246283086017], [0.00101917085703, -0.00256383884698, 0.00153738935478, -0.00259257317521, 0.00777145661414, -0.00248076347634, 0.00215720292181, -0.00368394399993, 0.00197332026437, -0.00101481366437, 0.0028017826844, -0.00279674492776, 0.00120033009443], [-0.00112552195787, 0.00316103594378, -0.00266923569143, 0.00162893300876, -0.00248076347634, 0.00954424403608, -0.00637178169563, 0.000117128030979, -0.000186604462215, 0.0010113279568, -0.000795196741819, 0.002904901281, -0.00294957193546], [0.0015302594984, -0.00320038897917, 0.00362583319657, -0.00149137258995, 0.00215720292181, -0.00637178169563, 0.0117498049513, -0.00385452294722, 0.0024398311507, -0.00117153802421, 0.000760605209507, -0.000650369620416, 0.00205586361699], [-0.0013133645989, 0.00270290533081, -0.00151016295422, 0.00283344904892, -0.00368394399993, 0.000117128030979, -0.00385452294722, 0.0142676532269, -0.00450823456049, -0.00025497036404, -0.000131382694235, 0.000848275492899, -8.7990098109e-05], [0.00106579472777, -0.00226072315127, 0.00246748188511, -0.00317120202817, 0.00197332026437, -0.000186604462215, 0.0024398311507, -0.00450823456049, 0.0146472807974, -0.00361207686365, -0.00139743438922, -0.0003838816192, 0.00189662864432], [-0.000698121730238, 0.00260808016174, -0.00264508510008, 0.00173428584822, -0.00101481366437, 0.0010113279568, -0.00117153802421, -0.00025497036404, -0.00361207686365, 0.016114346683, -0.00506374565884, 0.00242478353903, -0.00219537620433], [0.00121976691298, -0.00293864961714, 0.00257588690147, -0.00149164895993, 0.0028017826844, -0.000795196741819, 0.000760605209507, -0.000131382694235, -0.00139743438922, -0.00506374565884, 0.0220586489886, -0.0106403278187, 0.00567233655602], [-0.000893025251571, 0.00372280366719, -0.00315238744952, 0.00290907593444, -0.00279674492776, 0.002904901281, -0.000650369620416, 0.000848275492899, -0.0003838816192, 0.00242478353903, -0.0106403278187, 0.0255726333708, -0.0104644335806], [0.00132867170032, -0.0023340692278, 0.00337331322953, -0.00246283086017, 0.00120033009443, -0.00294957193546, 0.00205586361699, -8.7990098109e-05, 0.00189662864432, -0.00219537620433, 0.00567233655602, -0.0104644335806, 0.0222178418189]]
    },
    "melbands": {
        "dmean": [0.000236214706092, 0.000505386327859, 0.000530155666638, 0.000432182714576, 0.000286206894089, 0.000171063977177, 0.000140998949064, 0.000146416743519, 9.69603643171e-05, 8.63714158186e-05, 8.35232422105e-05, 7.5009491411e-05, 6.27143163001e-05, 4.5563429012e-05, 3.01073796436e-05, 2.71594835795e-05, 2.33658956859e-05, 2.23890165216e-05, 2.69842857961e-05, 2.49338809226e-05, 2.19192806981e-05, 2.06543936656e-05, 1.907281694e-05, 1.43867200677e-05, 1.28261008285e-05, 1.03498978206e-05, 7.02378383721e-06, 5.70481461182e-06, 5.25017912878e-06, 5.73028592044e-06, 5.61001388633e-06, 4.76347213407e-06, 3.95202596337e-06, 2.97577003039e-06, 2.44447892328e-06, 2.53735538536e-06, 1.48234209973e-06, 1.03896752535e-06, 1.15060288408e-06, 6.94015625413e-07],
        "dmean2": [0.000395564566134, 0.000882349035237, 0.000894752156455, 0.00072763900971, 0.000471019448014, 0.000273423531326, 0.000227880897, 0.000242274894845, 0.000159738905495, 0.000144219535287, 0.000139953102916, 0.00012688912102, 0.000104665785329, 7.59088361519e-05, 4.98098488606e-05, 4.56871275674e-05, 3.94351300201e-05, 3.72824906663e-05, 4.52933418273e-05, 4.1817631427e-05, 3.61679121852e-05, 3.39434591297e-05, 3.09597890009e-05, 2.37389449467e-05, 2.06528675335e-05, 1.67454654729e-05, 1.1521754459e-05, 9.27571636566e-06, 8.53468009154e-06, 9.21930495679e-06, 8.91218860488e-06, 7.50481603973e-06, 6.16086299488e-06, 4.70224995297e-06, 3.80247729481e-06, 4.01830357077e-06, 2.31269859796e-06, 1.59392732257e-06, 1.8729903104e-06, 1.12656368856e-06],
        "dvar": [2.54050235071e-07, 1.0520284377e-06, 7.53927338337e-07, 6.79480649524e-07, 3.43752901699e-07, 1.48668945599e-07, 1.45932176565e-07, 1.49125611415e-07, 4.89343250365e-08, 2.70617110942e-08, 3.22997806279e-08, 2.21767244568e-08, 1.78903523107e-08, 9.4841814402e-09, 3.95099952755e-09, 2.25198415471e-09, 1.65347913139e-09, 1.46735279483e-09, 3.07901570906e-09, 2.73665001771e-09, 2.00752414692e-09, 1.80647186099e-09, 1.37828615188e-09, 7.10901615353e-10, 6.46044051589e-10, 5.699609118e-10, 1.9465068446e-10, 1.50749038252e-10, 1.14836251619e-10, 1.59322749438e-10, 2.23293175616e-10, 1.62689972605e-10, 1.52876308834e-10, 5.79820011448e-11, 3.8081281184e-11, 3.73052352898e-11, 1.02395002199e-11, 4.38222982208e-12, 6.36510592497e-12, 2.70301923205e-12],
        "dvar2": [6.39229938315e-07, 2.97660994875e-06, 2.0655006665e-06, 1.81098107532e-06, 8.60707132233e-07, 3.33461343871e-07, 3.52197787379e-07, 3.81276606731e-07, 1.24994656403e-07, 6.89790766728e-08, 8.75152466051e-08, 6.17522175617e-08, 4.71514631784e-08, 2.58867203229e-08, 1.06713651249e-08, 5.80400971728e-09, 4.59286741972e-09, 3.80835407654e-09, 8.5665385896e-09, 7.69149011148e-09, 5.17351139706e-09, 4.77944839261e-09, 3.40961814338e-09, 1.79159775904e-09, 1.50446199942e-09, 1.37092182051e-09, 4.87020090922e-10, 3.59648172354e-10, 2.5390067826e-10, 3.56718848904e-10, 4.78105777191e-10, 3.67941926926e-10, 3.41720512997e-10, 1.25195950829e-10, 8.7143424421e-11, 8.60060078711e-11, 2.30449045263e-11, 9.91367144626e-12, 1.60803610011e-11, 7.20682151109e-12],
        "max": [0.0051988712512, 0.0102170072496, 0.0120322108269, 0.0177837815136, 0.0165853556246, 0.00793922599405, 0.00935091730207, 0.0105636958033, 0.00423166295514, 0.00421577040106, 0.0039554447867, 0.00267735333182, 0.00424993690103, 0.00277802441269, 0.00239454791881, 0.000869766925462, 0.000755265587941, 0.00108627206646, 0.00149508740287, 0.00123689509928, 0.00116165133659, 0.00133416964673, 0.00118791358545, 0.000607666617725, 0.000887075148057, 0.000602179788984, 0.00037447080831, 0.00037748584873, 0.000340319616953, 0.000388752989238, 0.000699728843756, 0.000310716772219, 0.000439759693108, 0.000173597334651, 0.000171340841916, 0.000191172221093, 9.86029772321e-05, 3.88211592508e-05, 4.44449360657e-05, 3.360385017e-05],
        "mean": [0.000282677472569, 0.000669382628985, 0.000828096817713, 0.000686797953676, 0.000461124756839, 0.000264018308371, 0.000200750480872, 0.00020648665668, 0.000147563696373, 0.000141192766023, 0.000141564305522, 0.000129654523334, 0.000114530164865, 8.11326972325e-05, 5.3127118008e-05, 4.67468780698e-05, 4.03940975957e-05, 3.93392474507e-05, 4.92568142363e-05, 4.90832571813e-05, 4.36891350546e-05, 4.00688950322e-05, 3.63127001037e-05, 2.76554546872e-05, 2.4267608751e-05, 1.90207629203e-05, 1.29514410219e-05, 1.03661777757e-05, 9.74536214926e-06, 1.07033474706e-05, 1.02700751086e-05, 8.59100236994e-06, 6.63506580167e-06, 4.93635252496e-06, 4.1934276851e-06, 4.30620593761e-06, 2.75125330518e-06, 1.9693457034e-06, 1.85320948276e-06, 1.18265074889e-06],
        "median": [0.00012641781359, 0.00032951074536, 0.000474192551337, 0.000381489575375, 0.000232110207435, 9.97567840386e-05, 6.50614965707e-05, 5.98565675318e-05, 5.77292739763e-05, 6.16254619672e-05, 5.06717187818e-05, 5.16841901117e-05, 3.67584943888e-05, 2.86151989712e-05, 2.27038308367e-05, 2.31626727327e-05, 2.25358307944e-05, 2.24850082304e-05, 2.24372379307e-05, 2.06738350244e-05, 1.91770704987e-05, 1.8794558855e-05, 1.72397540155e-05, 1.37770148285e-05, 1.17433737614e-05, 8.99679071154e-06, 7.47418016545e-06, 6.35454853182e-06, 5.91356274526e-06, 6.27121562502e-06, 5.57517660127e-06, 4.65174616693e-06, 2.87050966108e-06, 1.89898150893e-06, 1.49412494466e-06, 1.29457203002e-06, 9.27988480726e-07, 6.94971390658e-07, 6.46186776976e-07, 4.06683682286e-07],
        "min": [1.62242576908e-23, 1.82940346463e-23, 5.52448048282e-24, 5.20026101736e-24, 7.98586140233e-24, 1.20491624405e-23, 6.92230177497e-24, 5.99923748597e-24, 8.31797421001e-24, 9.63196325376e-24, 1.03585428016e-23, 1.20036207116e-23, 8.9959567707e-24, 6.09799458826e-24, 1.23642390081e-23, 4.22797575218e-24, 6.74942211873e-24, 6.20236246375e-24, 1.13947565657e-23, 1.76380289616e-23, 8.5952627625e-24, 1.00718313056e-23, 9.4679724822e-24, 8.22080942345e-24, 9.31559847633e-24, 1.12183727893e-23, 9.49619871425e-24, 9.13977794663e-24, 9.05925418087e-24, 1.39264115813e-23, 1.32671210797e-23, 8.06151631858e-24, 9.68800077702e-24, 1.55769720745e-23, 1.05557643388e-23, 1.25630627218e-23, 8.67874396779e-24, 1.04627789374e-23, 1.19853672591e-23, 9.26856658916e-24],
        "var": [2.39504601041e-07, 9.74163981482e-07, 1.1015678183e-06, 9.4707735343e-07, 5.63813955523e-07, 2.95057304811e-07, 2.41169203719e-07, 2.99429501638e-07, 8.9653120483e-08, 5.81486823137e-08, 6.70328859087e-08, 4.39740794889e-08, 4.79732982228e-08, 2.17241407086e-08, 8.54485993074e-09, 4.81984985257e-09, 2.96349655926e-09, 2.93559487829e-09, 7.86540788056e-09, 9.19847664704e-09, 6.29424556919e-09, 4.45677672545e-09, 3.34642979993e-09, 1.77802517154e-09, 1.69168623554e-09, 1.30120292319e-09, 3.37627564795e-10, 2.44039149999e-10, 2.20307078136e-10, 2.81216661069e-10, 3.48195333677e-10, 2.44785525183e-10, 2.24436205731e-10, 9.8452537789e-11, 6.55309903563e-11, 6.59384560842e-11, 2.14159280587e-11, 9.7542711755e-12, 9.4104004103e-12, 4.00213282653e-12]
    },
    "mfcc": {
        "mean": [-618.739990234, 96.374710083, -7.88913345337, 24.1556110382, -1.14192557335, 5.86056280136, -4.41587924957, 3.79861831665, -0.349900513887, -4.42487287521, -5.30107831955, -4.66796302795, -6.43031454086],
        "cov": [[4612.52148438, -1192.16540527, -70.5734405518, -342.328277588, 24.792886734, -43.1633338928, 35.7111282349, 86.7009735107, 101.60736084, 84.5734710693, -3.55264210701, 40.1622467041, -83.5290298462], [-1192.16540527, 911.447692871, -147.029144287, 115.688316345, -47.8154373169, -39.5188217163, -17.7027626038, -22.9976444244, -43.7950057983, -40.5660934448, 9.79070663452, -22.4715518951, 26.7928695679], [-70.5734405518, -147.029144287, 715.028564453, 156.429382324, 177.312866211, 63.5491867065, -48.5464324951, -65.2824325562, -40.0456352234, -17.9228134155, -9.748670578, 18.9292011261, -8.82203197479], [-342.328277588, 115.688316345, 156.429382324, 354.869628906, 126.898582458, 8.02964782715, -82.337638855, -52.8963165283, -31.4650497437, -37.6937866211, 3.06605863571, -10.434838295, 11.3426494598], [24.792886734, -47.8154373169, 177.312866211, 126.898582458, 252.004486084, 21.1281375885, -32.8354530334, -14.446644783, 2.52838253975, -8.36221027374, -16.3819541931, 0.359075278044, 2.76089429855], [-43.1633338928, -39.5188217163, 63.5491867065, 8.02964782715, 21.1281375885, 136.173202515, 64.143157959, 17.6353054047, 28.4495658875, 15.4979791641, -9.68867683411, 2.1357755661, -9.94090175629], [35.7111282349, -17.7027626038, -48.5464324951, -82.337638855, -32.8354530334, 64.143157959, 177.111633301, 62.2059860229, 48.0657463074, 31.4553489685, -6.31396818161, 3.46520042419, -15.3744440079], [86.7009735107, -22.9976444244, -65.2824325562, -52.8963165283, -14.446644783, 17.6353054047, 62.2059860229, 113.883666992, 38.1288909912, 19.5383358002, 8.40641307831, -4.34833049774, -4.46384620667], [101.60736084, -43.7950057983, -40.0456352234, -31.4650497437, 2.52838253975, 28.4495658875, 48.0657463074, 38.1288909912, 100.760490417, 34.9953193665, -2.87315440178, 4.11744308472, -13.5038709641], [84.5734710693, -40.5660934448, -17.9228134155, -37.6937866211, -8.36221027374, 15.4979791641, 31.4553489685, 19.5383358002, 34.9953193665, 89.6670684814, 21.2911777496, 6.7758140564, -3.18562102318], [-3.55264210701, 9.79070663452, -9.748670578, 3.06605863571, -16.3819541931, -9.68867683411, -6.31396818161, 8.40641307831, -2.87315440178, 21.2911777496, 74.3029708862, 22.2247390747, 1.58940589428], [40.1622467041, -22.4715518951, 18.9292011261, -10.434838295, 0.359075278044, 2.1357755661, 3.46520042419, -4.34833049774, 4.11744308472, 6.7758140564, 22.2247390747, 66.4461746216, 19.5479774475], [-83.5290298462, 26.7928695679, -8.82203197479, 11.3426494598, 2.76089429855, -9.94090175629, -15.3744440079, -4.46384620667, -13.5038709641, -3.18562102318, 1.58940589428, 19.5479774475, 63.5852165222]],
