{
"lowlevel": {
    "average_loudness": 0.845024645329,
    "barkbands_crest": {
        "dmean": 2.13369774818,
        "dmean2": 3.50016856194,
        "dvar": 4.21073579788,
        "dvar2": 10.5211677551,
        "max": 26.7229328156,
        "mean": 9.27973842621,
        "median": 8.44143676758,
        "min": 2.34960484505,
        "var": 13.1982765198
    },
    "barkbands_flatness_db": {
        "dmean": 0.0183680150658,
        "dmean2": 0.0281774979085,
        "dvar": 0.000370657246094,
        "dvar2": 0.000764497788623,
        "max": 0.446216970682,
        "mean": 0.162807747722,
        "median": 0.154800847173,
        "min": 0.0346658229828,
        "var": 0.00415789987892
    },
    "barkbands_kurtosis": {
        "dmean": 2.94208717346,
        "dmean2": 4.72134160995,
        "dvar": 91.642288208,
        "dvar2": 227.998931885,
        "max": 682.162963867,
        "mean": 6.10429811478,
        "median": 3.18824386597,
        "min": -1.93272268772,
        "var": 129.843048096
    },
    "barkbands_skewness": {
        "dmean": 0.458027094603,
        "dmean2": 0.70565366745,
        "dvar": 0.308605343103,
        "dvar2": 0.668502569199,
        "max": 22.7650222778,
        "mean": 1.22079825401,
        "median": 1.31400752068,
        "min": -4.17518568039,
        "var": 2.59278202057
    },
    "barkbands_spread": {
        "dmean": 4.08546304703,
        "dmean2": 6.28914070129,
        "dvar": 41.611782074,
        "dvar2": 78.5093536377,
        "max": 117.920799255,
        "mean": 17.8666305542,
        "median": 14.8798789978,
        "min": 0.386975318193,
        "var": 181.780883789
    },
    "dissonance": {
        "dmean": 0.0218258574605,
        "dmean2": 0.036371871829,
        "dvar": 0.000539965287317,
        "dvar2": 0.00142427021638,
        "max": 0.500000119209,
        "mean": 0.453568488359,
        "median": 0.463809728622,
        "min": 0.202437803149,
        "var": 0.00160951726139
    },
    "dynamic_complexity": 3.75399446487,
    "erbbands_crest": {
        "dmean": 2.55595135689,
        "dmean2": 4.12138843536,
        "dvar": 6.49947834015,
        "dvar2": 15.9616270065,
        "max": 32.0173416138,
        "mean": 10.0461483002,
        "median": 9.15341091156,
        "min": 2.53128743172,
        "var": 25.8139457703
    },
    "erbbands_flatness_db": {
        "dmean": 0.0164518728852,
        "dmean2": 0.0239987522364,
        "dvar": 0.000272963166935,
        "dvar2": 0.000540870416444,
        "max": 0.368874520063,
        "mean": 0.179682806134,
        "median": 0.178987339139,
        "min": 0.0618249699473,
        "var": 0.00256688403897
    },
    "erbbands_kurtosis": {
        "dmean": 1.47680521011,
        "dmean2": 2.34229469299,
        "dvar": 5.90109443665,
        "dvar2": 13.7464542389,
        "max": 49.4501457214,
        "mean": 2.07662296295,
        "median": 0.669509530067,
        "min": -1.84734976292,
        "var": 17.2126750946
    },
    "erbbands_skewness": {
        "dmean": 0.376830369234,
        "dmean2": 0.578976035118,
        "dvar": 0.191429272294,
        "dvar2": 0.386140018702,
        "max": 5.64375495911,
        "mean": 0.617816388607,
        "median": 0.555424451828,
        "min": -4.36230325699,
        "var": 1.2318969965
    },
    "erbbands_spread": {
        "dmean": 6.8861374855,
        "dmean2": 10.723361969,
        "dvar": 82.0361709595,
        "dvar2": 186.481445312,
        "max": 129.312301636,
        "mean": 32.5327758789,
        "median": 29.7047023773,
        "min": 2.4270234108,
        "var": 335.134918213
    },
    "hfc": {
        "dmean": 4.95785427094,
        "dmean2": 7.11933755875,
        "dvar": 79.9126205444,
        "dvar2": 147.732284546,
        "max": 182.972686768,
        "mean": 17.3512363434,
        "median": 13.4956493378,
        "min": 1.05559608315e-16,
        "var": 332.474578857
    },
    "melbands_crest": {
        "dmean": 2.58978509903,
        "dmean2": 4.31041431427,
        "dvar": 6.31550359726,
        "dvar2": 16.3668899536,
        "max": 39.7847480774,
        "mean": 11.4982776642,
        "median": 11.3184108734,
        "min": 1.39078712463,
        "var": 27.5997428894
    },
    "melbands_flatness_db": {
        "dmean": 0.0203876532614,
        "dmean2": 0.0304257124662,
        "dvar": 0.000573429570068,
        "dvar2": 0.00109953805804,
        "max": 0.569939255714,
        "mean": 0.198769986629,
        "median": 0.203805848956,
        "min": 0.00279916683212,
        "var": 0.0100743100047
    },
    "melbands_kurtosis": {
        "dmean": 5.14759778976,
        "dmean2": 8.22912025452,
        "dvar": 108.96005249,
        "dvar2": 253.220535278,
        "max": 427.68572998,
        "mean": 11.5104179382,
        "median": 6.26050806046,
        "min": -1.80770838261,
        "var": 304.6456604
    },
    "melbands_skewness": {
        "dmean": 0.564655125141,
        "dmean2": 0.881572067738,
        "dvar": 0.450060456991,
        "dvar2": 1.06895077229,
        "max": 16.4674739838,
        "mean": 2.02826952934,
        "median": 1.87495672703,
        "min": -1.72625982761,
        "var": 2.6002779007
    },
    "melbands_spread": {
        "dmean": 6.43723964691,
        "dmean2": 10.0499210358,
        "dvar": 123.067871094,
        "dvar2": 252.533630371,
        "max": 210.165374756,
        "mean": 32.0577888489,
        "median": 16.9565849304,
        "min": 0.381669849157,
        "var": 1530.51245117
    },
    "pitch_salience": {
        "dmean": 0.0562989450991,
        "dmean2": 0.0926477462053,
        "dvar": 0.00281045283191,
        "dvar2": 0.0071894354187,
        "max": 0.897422552109,
        "mean": 0.618667542934,
        "median": 0.617155432701,
        "min": 0.0132631557062,
        "var": 0.0134879099205
    },
    "silence_rate_20dB": {
        "dmean": 0,
        "dmean2": 0,
        "dvar": 0,
        "dvar2": 0,
        "max": 1,
        "mean": 1,
        "median": 1,
        "min": 1,
        "var": 0
    },
    "silence_rate_30dB": {
        "dmean": 0.00132318888791,
        "dmean2": 0.00264666951261,
        "dvar": 0.00132147280965,
        "dvar2": 0.00374259031378,
        "max": 1,
        "mean": 0.999228239059,
        "median": 1,
        "min": 0,
        "var": 0.000771128572524
    },
    "silence_rate_60dB": {
        "dmean": 0.00352850370109,
        "dmean2": 0.00705778552219,
        "dvar": 0.00351678347215,
        "dvar2": 0.00811162032187,
        "max": 1,
        "mean": 0.168577730656,
        "median": 0,
        "min": 0,
        "var": 0.140180662274
    },
    "spectral_centroid": {
        "dmean": 213.402572632,
        "dmean2": 330.022369385,
        "dvar": 99399.6484375,
        "dvar2": 194142.265625,
        "max": 11926.4667969,
        "mean": 2091.82958984,
        "median": 950.280761719,
        "min": 183.976867676,
        "var": 9538329
    },
    "spectral_complexity": {
        "dmean": 2.44569420815,
        "dmean2": 3.79333925247,
        "dvar": 10.1318349838,
        "dvar2": 20.4513111115,
        "max": 57,
        "mean": 13.8800439835,
        "median": 13,
        "min": 0,
        "var": 85.9622573853
    },
    "spectral_decrease": {
        "dmean": 1.78294579101e-09,
        "dmean2": 2.77437939289e-09,
        "dvar": 6.16961552064e-18,
        "dvar2": 1.44961202049e-17,
        "max": 2.69659370053e-28,
        "mean": -6.24996010501e-09,
        "median": -5.58978996423e-09,
        "min": -3.6582225249e-08,
        "var": 2.46593674453e-17
    },
    "spectral_energy": {
        "dmean": 0.00705034472048,
        "dmean2": 0.0109301237389,
        "dvar": 9.4494134828e-05,
        "dvar2": 0.000221738853725,
        "max": 0.142851755023,
        "mean": 0.0251626428217,
        "median": 0.0227816384286,
        "min": 9.69446388286e-21,
        "var": 0.000388831424061
    },
    "spectral_energyband_high": {
        "dmean": 0.000359926198144,
        "dmean2": 0.000490335514769,
        "dvar": 1.63451738899e-06,
        "dvar2": 2.80657241092e-06,
        "max": 0.0313228368759,
        "mean": 0.000774419109803,
        "median": 0.000187797413673,
        "min": 6.84981479789e-21,
        "var": 4.52373342341e-06
    },
    "spectral_energyband_low": {
        "dmean": 0.00219586608,
        "dmean2": 0.00369610171765,
        "dvar": 1.91271938093e-05,
        "dvar2": 5.06537144247e-05,
        "max": 0.0691953599453,
        "mean": 0.00459159957245,
        "median": 0.00333770527504,
        "min": 6.75630808557e-24,
        "var": 2.83995632344e-05
    },
    "spectral_energyband_middle_high": {
        "dmean": 0.00141888309736,
        "dmean2": 0.00210729846731,
        "dvar": 7.21157812222e-06,
        "dvar2": 1.60086055985e-05,
        "max": 0.0634795129299,
        "mean": 0.00436208769679,
        "median": 0.00210684537888,
        "min": 1.04605147172e-21,
        "var": 3.50354348484e-05
    },
    "spectral_energyband_middle_low": {
        "dmean": 0.00558897992596,
        "dmean2": 0.00884866528213,
        "dvar": 7.06389764673e-05,
        "dvar2": 0.000167637175764,
        "max": 0.133569791913,
        "mean": 0.0164799038321,
        "median": 0.0121088400483,
        "min": 9.85592086475e-23,
        "var": 0.000253928621532
    },
    "spectral_entropy": {
        "dmean": 0.149329736829,
        "dmean2": 0.218371450901,
        "dvar": 0.0332006812096,
        "dvar2": 0.0611608326435,
        "max": 9.83660316467,
        "mean": 7.54465007782,
        "median": 7.42668771744,
        "min": 4.83663749695,
        "var": 0.856615066528
    },
    "spectral_flux": {
        "dmean": 0.0187667515129,
        "dmean2": 0.0297852940857,
        "dvar": 0.0005243368214,
        "dvar2": 0.00121871882584,
        "max": 0.280356794596,
        "mean": 0.0727281421423,
        "median": 0.07084608078,
        "min": 6.30904564702e-11,
        "var": 0.00236477167346
    },
    "spectral_kurtosis": {
        "dmean": 1.92720806599,
        "dmean2": 3.16907978058,
        "dvar": 9.96200942993,
        "dvar2": 25.0509700775,
        "max": 115.239219666,
        "mean": 4.62700176239,
        "median": 3.45334362984,
        "min": -1.27744090557,
        "var": 38.2772369385
    },
    "spectral_rms": {
        "dmean": 0.000616438454017,
        "dmean2": 0.000945425592363,
        "dvar": 5.35601316187e-07,
        "dvar2": 1.20170602713e-06,
        "max": 0.0118054039776,
        "mean": 0.00436594476923,
        "median": 0.00471444474533,
        "min": 3.07538846819e-12,
        "var": 5.48745765627e-06
    },
    "spectral_rolloff": {
        "dmean": 338.280487061,
        "dmean2": 562.21661377,
        "dvar": 552596.6875,
        "dvar2": 1058780.375,
        "max": 19982.8125,
        "mean": 3046.00219727,
        "median": 947.4609375,
        "min": 21.533203125,
        "var": 29706322
    },
    "spectral_skewness": {
        "dmean": 0.248521506786,
        "dmean2": 0.387370556593,
        "dvar": 0.0841689929366,
        "dvar2": 0.189028635621,
        "max": 8.91073989868,
        "mean": 1.4939904213,
        "median": 1.4746029377,
        "min": -0.49402102828,
        "var": 0.775914669037
    },
    "spectral_spread": {
        "dmean": 486918.375,
        "dmean2": 735679.125,
        "dvar": 526648999936,
        "dvar2": 1.15069917594e+12,
        "max": 43531240,
        "mean": 7806000.5,
        "median": 4123155.75,
        "min": 720600.3125,
        "var": 1.23182916829e+14
    },
    "spectral_strongpeak": {
        "dmean": 0.56086987257,
        "dmean2": 0.924480617046,
        "dvar": 0.816054284573,
        "dvar2": 1.9382327795,
        "max": 12.9914102554,
        "mean": 1.15067815781,
        "median": 0.58670437336,
        "min": 0,
        "var": 2.11820316315
    },
    "zerocrossingrate": {
        "dmean": 0.00872009247541,
        "dmean2": 0.0105544244871,
        "dvar": 0.000190733306226,
        "dvar2": 0.000208885219763,
        "max": 0.791015625,
        "mean": 0.0978913456202,
        "median": 0.04638671875,
        "min": 0,
        "var": 0.0196935962886
    },
    "barkbands": {
        "dmean": [8.63088716869e-05, 0.000958222255576, 0.00114800850861, 0.00117066118401, 0.00256623979658, 0.00197433494031, 0.0013428251259, 0.000885376997758, 0.000841990637127, 0.000568539486267, 0.00045758736087, 0.000287847156869, 0.000283229688648, 0.000201334856683, 0.00016518686607, 0.000178047805093, 8.37239786051e-05, 6.6482796683e-05, 9.54062852543e-05, 9.60251563811e-05, 0.000119981224998, 0.000125553066027, 7.39964452805e-05, 4.35927868239e-05, 1.43317947732e-05, 9.37337063078e-06, 6.31874241819e-09],
        "dmean2": [0.000130940825329, 0.00157484679949, 0.0019882034976, 0.00199264707044, 0.00421119527891, 0.00310777267441, 0.00212506297976, 0.00136888842098, 0.00131156400312, 0.000877726939507, 0.000712427659892, 0.000440990144853, 0.000436489062849, 0.00031452535768, 0.000262676214334, 0.000274323945632, 0.000132531946292, 0.000105971303128, 0.000152750566485, 0.00014952631318, 0.000179544382263, 0.000181762501597, 0.000107212305011, 6.05145869486e-05, 1.97454755835e-05, 1.3562355889e-05, 1.12570148758e-08],
        "dvar": [5.10419084776e-08, 5.01612157677e-06, 6.43666226097e-06, 3.84333907277e-06, 2.00742342713e-05, 2.08787550946e-05, 1.04234941318e-05, 7.70227507019e-06, 8.00237376097e-06, 4.06973322242e-06, 1.48873448325e-06, 7.32373734991e-07, 5.74379043883e-07, 5.20810090165e-07, 2.05312133517e-07, 3.84136143339e-07, 5.14881364211e-08, 2.47124649633e-08, 2.04273575832e-07, 6.80010501242e-08, 2.47336288339e-07, 2.62864091383e-07, 8.23415007289e-08, 4.66553693457e-08, 2.88968027284e-09, 1.22861376628e-09, 1.77671407555e-15],
        "dvar2": [1.07884794431e-07, 1.25709721033e-05, 1.82973853953e-05, 1.03498277895e-05, 5.06280193804e-05, 4.98544723087e-05, 2.55831619143e-05, 1.6598000002e-05, 1.79728722287e-05, 9.70090877672e-06, 3.46491810888e-06, 1.50871153437e-06, 1.276583248e-06, 1.14589079203e-06, 4.66261184329e-07, 7.78807020652e-07, 1.19665941156e-07, 5.7451217117e-08, 5.65276309317e-07, 1.41616482097e-07, 4.90536649522e-07, 5.161050467e-07, 1.58354836799e-07, 8.79496298012e-08, 5.05651032157e-09, 2.62891819425e-09, 4.71357783873e-15],
        "max": [0.00349557353184, 0.031914703548, 0.0325354412198, 0.0282177999616, 0.0952209383249, 0.0897474139929, 0.0741304308176, 0.072323769331, 0.0793770030141, 0.0622649081051, 0.0518840774894, 0.0324171334505, 0.0290592070669, 0.0254449285567, 0.0151180913672, 0.0243770964444, 0.00801799353212, 0.0044382517226, 0.0291695594788, 0.00822149310261, 0.0168019644916, 0.0145645719022, 0.00626142509282, 0.00710461847484, 0.0019095891621, 0.000991778215393, 1.51731035203e-06],
        "mean": [9.75072689471e-05, 0.00169992772862, 0.00192759046331, 0.00207084487192, 0.00529635883868, 0.00359645998105, 0.00230727065355, 0.00149539345875, 0.00136045133695, 0.000989939435385, 0.000816512212623, 0.000552859331947, 0.000595754478127, 0.000364242994692, 0.000295986508718, 0.000364412873751, 0.000163010932738, 0.000132791086799, 0.000174180211616, 0.000182580653927, 0.000211634556763, 0.000213496357901, 0.000136709815706, 7.74650616222e-05, 2.67484447249e-05, 1.24790740301e-05, 4.60193572138e-09],
        "median": [1.86337947525e-05, 0.000973440241069, 0.000953307549935, 0.0012605318334, 0.00335685885511, 0.00122664496303, 0.000491772370879, 0.00031321356073, 0.000265029317234, 0.000178000918822, 0.000162596727023, 9.29867528612e-05, 0.00010760447185, 6.55407056911e-05, 8.42910303618e-05, 7.48186575947e-05, 4.5774399041e-05, 3.7746540329e-05, 5.03030605614e-05, 5.55406368221e-05, 4.14205969719e-05, 3.88392436435e-05, 2.42008172791e-05, 1.32652685352e-05, 4.31929265687e-06, 7.10539666215e-07, 2.98239044572e-10],
        "min": [3.26590078765e-26, 5.88754207875e-25, 9.05525914273e-26, 8.08978275789e-26, 3.1449058197e-24, 3.09457826888e-24, 3.95352985996e-24, 4.11691991394e-24, 1.09667143277e-23, 7.46614721619e-24, 1.17635979483e-23, 1.67072362023e-23, 1.82505605218e-23, 2.08791539208e-23, 2.92432757049e-23, 4.07380077686e-23, 4.95738084206e-23, 4.10512391905e-23, 8.51673418374e-23, 1.12046445586e-22, 1.9834763929e-22, 2.52351756819e-22, 3.64587251343e-22, 5.29355707227e-22, 7.87753016344e-22, 1.10487742265e-21, 1.78791959203e-21],
        "var": [6.63914647703e-08, 6.4979049057e-06, 7.64295691624e-06, 7.13752160664e-06, 4.75080159958e-05, 4.84815245727e-05, 2.40443896473e-05, 1.92020543182e-05, 1.68733913597e-05, 9.22333765629e-06, 3.7654224343e-06, 2.26567703976e-06, 2.54834662883e-06, 1.49514164605e-06, 5.04509216626e-07, 1.67645646343e-06, 1.72603762394e-07, 8.27259896141e-08, 2.08608142316e-07, 1.68123435174e-07, 5.2324128319e-07, 5.5168476365e-07, 2.08028652082e-07, 1.20016949268e-07, 7.20327042458e-09, 1.75441849937e-09, 1.34529097287e-15]
    },
    "erbbands": {
        "dmean": [0.026842571795, 0.247795492411, 1.11884331703, 2.55149459839, 6.08873271942, 9.8584280014, 12.6278972626, 18.4452228546, 18.93359375, 17.5242729187, 18.0948619843, 19.5119419098, 17.3370418549, 15.3598403931, 17.990606308, 10.6707992554, 12.0542516708, 10.410027504, 9.12677192688, 7.63449335098, 7.23036909103, 4.08639192581, 3.66151809692, 4.20153188705, 4.79977178574, 4.38729524612, 4.66154098511, 4.98919773102, 4.81038188934, 3.12257575989, 1.90078282356, 1.26542294025, 0.52392411232, 0.199034005404, 0.0919397622347, 0.0466586127877, 0.0186181496829, 0.00108051951975, 2.44712191488e-05, 8.96097390068e-06],
        "dmean2": [0.0403705909848, 0.419023990631, 1.95052397251, 4.36220598221, 10.2463569641, 16.2515182495, 19.5347671509, 29.3943576813, 30.1144199371, 27.4889621735, 27.1320781708, 29.8986721039, 26.7972621918, 23.5953140259, 28.1159324646, 16.087097168, 18.518245697, 15.9319238663, 14.1777114868, 11.8792324066, 11.1294803619, 6.31852912903, 5.76127910614, 6.84029150009, 7.61229372025, 6.775598526, 7.04386901855, 7.42909383774, 7.01325798035, 4.57947683334, 2.7496368885, 1.75896704197, 0.730739831924, 0.277093559504, 0.127919688821, 0.0668296217918, 0.0276649463922, 0.00166308146436, 3.6149413063e-05, 1.35164336825e-05],
        "dvar": [0.00460777850822, 0.361797064543, 6.74015235901, 18.9529247284, 104.431114197, 376.130126953, 911.99005127, 1960.70617676, 2382.2434082, 2535.37182617, 3646.08959961, 4387.3125, 3048.1965332, 2754.85961914, 2411.50732422, 982.83770752, 1026.32165527, 1082.46191406, 832.50579834, 468.342498779, 461.826568604, 114.193496704, 78.5954284668, 145.738204956, 561.340698242, 154.85055542, 346.649047852, 465.670410156, 395.342010498, 138.065231323, 59.1950721741, 39.5663566589, 6.54568052292, 0.678100764751, 0.106039166451, 0.0237727127969, 0.00559044862166, 3.14261924359e-05, 1.0083689439e-08, 1.5479459381e-10],
        "dvar2": [0.00917830038816, 0.978571176529, 19.1314849854, 51.9066734314, 281.438812256, 937.252624512, 1992.09924316, 4903.48242188, 5991.35253906, 5991.11669922, 7661.41259766, 9647.51074219, 7313.18261719, 6302.86035156, 5580.21337891, 2049.46044922, 2336.23974609, 2279.15429688, 1843.75952148, 1071.45959473, 949.049926758, 252.618789673, 184.189559937, 369.119537354, 1542.57336426, 312.877197266, 737.045410156, 912.544189453, 772.253540039, 294.169433594, 108.661621094, 72.8895721436, 12.4133119583, 1.29164600372, 0.184965029359, 0.050270948559, 0.0120001910254, 6.68343200232e-05, 2.1067092959e-08, 3.43281847393e-10],
        "max": [0.952740609646, 8.7545337677, 33.0642776489, 72.0058288574, 236.861282349, 409.835845947, 744.800354004, 1096.45117188, 1038.75939941, 1127.9354248, 1884.47509766, 2295.80639648, 1819.49975586, 1594.60998535, 2140.51904297, 1009.36785889, 1055.60290527, 1510.75695801, 1019.51287842, 879.763793945, 839.695495605, 469.132415771, 242.75177002, 439.841400146, 1601.10180664, 435.395477295, 771.165161133, 638.232055664, 675.054199219, 326.373016357, 218.487258911, 230.876922607, 103.695388794, 31.584777832, 11.042801857, 3.69245266914, 2.27746033669, 0.173180654645, 0.00301322806627, 0.000189585480257],
        "mean": [0.041456926614, 0.419347167015, 1.95465826988, 4.80814313889, 11.792304039, 18.7330322266, 23.4166412354, 32.2393913269, 35.2821502686, 30.3994827271, 31.5654525757, 33.1381645203, 31.6265945435, 28.8793792725, 35.5710334778, 23.4484577179, 26.716178894, 23.0144901276, 17.840713501, 16.2730731964, 15.5422773361, 8.95703411102, 7.88809156418, 7.98960590363, 9.10543727875, 8.6018371582, 8.24807071686, 8.72144031525, 8.16334438324, 5.63264703751, 3.44918417931, 2.21713066101, 0.926023602486, 0.366936653852, 0.164049193263, 0.0694613903761, 0.0230932198465, 0.00114178820513, 4.00810349674e-05, 3.17689373333e-05],
        "median": [0.0164395775646, 0.256372451782, 1.04473292828, 3.31921577454, 7.66504669189, 10.5993022919, 8.54049873352, 11.4260044098, 8.73963832855, 8.56581306458, 7.07688522339, 7.18511390686, 5.93018293381, 6.56896114349, 7.20404529572, 5.00472974777, 5.97001981735, 4.98646688461, 5.21130466461, 5.18902492523, 4.27178096771, 2.80671715736, 2.29628372192, 2.40010499954, 2.74735164642, 2.60246515274, 1.84626531601, 1.71650099754, 1.499355793, 1.03350186348, 0.621527552605, 0.356590628624, 0.170579314232, 0.0612059533596, 0.0241404473782, 0.00678987056017, 0.000528711476363, 1.90021746675e-05, 1.64830526046e-05, 2.88912960968e-05],
        "min": [1.90684057544e-23, 1.80388911549e-22, 8.0524311022e-22, 2.10625629453e-21, 5.62305788576e-21, 1.36042695652e-20, 2.13410982452e-20, 4.04144679163e-20, 6.4872983708e-20, 1.00539370285e-19, 1.91530892027e-19, 2.48947992811e-19, 3.74718969642e-19, 4.83082680115e-19, 6.11260933475e-19, 7.36607540803e-19, 1.10327571664e-18, 1.03050274449e-18, 1.80270676219e-18, 2.15468452054e-18, 2.26555401958e-18, 3.03814836312e-18, 2.95387540911e-18, 4.806215076e-18, 5.508502583e-18, 5.11033795437e-18, 7.87522430701e-18, 8.88777526765e-18, 9.95487713534e-18, 1.02615047166e-17, 1.04839335833e-17, 9.60502605834e-18, 8.7847226254e-18, 7.2704584991e-18, 5.25748056405e-18, 3.90391446971e-18, 2.20168409576e-18, 8.30432362939e-19, 2.10415050595e-19, 2.48941540156e-20],
        "var": [0.00698226550594, 0.376663595438, 7.59090042114, 31.9039211273, 218.163040161, 765.126159668, 2497.37255859, 3927.93164062, 5666.40869141, 5154.69287109, 9641.56152344, 9853.90039062, 7570.58007812, 6570.734375, 6984.9921875, 3442.32104492, 4204.28027344, 4611.98876953, 2159.76245117, 1746.91259766, 1992.00927734, 451.132751465, 298.80670166, 268.069702148, 600.981933594, 387.357574463, 669.02911377, 1016.17474365, 841.622680664, 310.166168213, 144.197128296, 103.456344604, 16.5313110352, 1.59383714199, 0.254900097847, 0.0398443304002, 0.00755349826068, 3.7245968997e-05, 1.34130555551e-08, 6.30065943863e-10]
    },
    "gfcc": {
        "mean": [-142.965682983, 106.973587036, -109.578712463, 37.1749229431, -66.1469497681, 11.4560852051, -35.5250205994, -3.88235735893, -19.8523178101, -3.16711497307, -11.1642951965, -6.19503879547, -3.52059698105],
        "cov": [[121217.4375, 11562.3076172, -12460.8515625, 4141.77197266, -7911.11621094, 1376.97009277, -4129.74462891, -413.503814697, -2595.54248047, -157.345077515, -1459.9498291, -512.941040039, -648.378723145], [11562.3076172, 2919.58496094, -1007.73150635, 309.794555664, -748.158203125, -124.680488586, -281.177978516, -255.795288086, -3.30663013458, -290.43649292, 46.858997345, -318.440185547, 92.1556549072], [-12460.8515625, -1007.73150635, 2241.0625, -357.932312012, 780.495849609, -221.172973633, 425.776092529, 0.838960468769, 249.537841797, 27.4204883575, 109.621086121, 62.0817604065, 1.33186495304], [4141.77197266, 309.794555664, -357.932312012, 635.523376465, -279.359863281, -12.5115299225, -190.097000122, -74.645149231, -12.078578949, -40.8307571411, -48.9815750122, -52.0985069275, 33.5124168396], [-7911.11621094, -748.158203125, 780.495849609, -279.359863281, 803.811950684, -63.1831665039, 237.918045044, 43.844203949, 137.892349243, 61.7265357971, 69.4786834717, 71.0135498047, 23.4044628143], [1376.97009277, -124.680488586, -221.172973633, -12.5115299225, -63.1831665039, 239.711593628, 7.97583198547, 55.523109436, -106.078781128, 39.1256141663, -39.9349899292, 28.4627571106, -42.5353889465], [-4129.74462891, -281.177978516, 425.776092529, -190.097000122, 237.918045044, 7.97583198547, 336.184295654, 42.1458320618, 84.9712524414, -43.0201797485, 69.8779830933, -3.07502889633, 12.8919439316], [-413.503814697, -255.795288086, 0.838960468769, -74.645149231, 43.844203949, 55.523109436, 42.1458320618, 148.603759766, -23.8640651703, 50.0831489563, -30.3278369904, 46.8349304199, -35.7910766602], [-2595.54248047, -3.30663013458, 249.537841797, -12.078578949, 137.892349243, -106.078781128, 84.9712524414, -23.8640651703, 222.602859497, -24.8749217987, 61.4889335632, -56.4781188965, 62.8372192383], [-157.345077515, -290.43649292, 27.4204883575, -40.8307571411, 61.7265357971, 39.1256141663, -43.0201797485, 50.0831489563, -24.8749217987, 140.15788269, -22.6111469269, 57.0874671936, -38.880279541], [-1459.9498291, 46.858997345, 109.621086121, -48.9815750122, 69.4786834717, -39.9349899292, 69.8779830933, -30.3278369904, 61.4889335632, -22.6111469269, 121.438087463, -15.1446304321, 31.3576335907], [-512.941040039, -318.440185547, 62.0817604065, -52.0985069275, 71.0135498047, 28.4627571106, -3.07502889633, 46.8349304199, -56.4781188965, 57.0874671936, -15.1446304321, 137.807830811, -24.2178249359], [-648.378723145, 92.1556549072, 1.33186495304, 33.5124168396, 23.4044628143, -42.5353889465, 12.8919439316, -35.7910766602, 62.8372192383, -38.880279541, 31.3576335907, -24.2178249359, 100.455673218]],
        "icov": [[0.000180035727681, -0.000514257408213, 0.000316531222779, -0.000420150114223, 0.000643735227641, -0.000252596859355, 0.00032852467848, -9.65279832599e-05, 0.000547440606169, -0.000597989943344, 0.000659013050608, -0.000416808441514, 0.000556186016183], [-0.000514257408213, 0.00222800252959, -0.000735393085051, 0.00135410029907, -0.00150162144564, 0.000980051932856, -0.000548162613995, 0.00067590730032, -0.00147040630691, 0.00259785773233, -0.00225868728012, 0.00220441375859, -0.00156737386715], [0.000316531222779, -0.000735393085051, 0.00149577925913, -0.000676127907354, 0.000701154407579, 0.00032084088889, -0.000218620611122, 0.000422727287514, 0.000645675812848, -0.00115092133638, 0.00134067772888, -0.000856779515743, 0.00160014932044], [-0.000420150114223, 0.00135410029907, -0.000676127907354, 0.00323139689863, -0.000993992784061, 0.000439758208813, 0.000229717072216, 0.000865454494487, -0.00179889530409, 0.00200174585916, -0.00095244939439, 0.00123056955636, -0.00183243316133], [0.000643735227641, -0.00150162144564, 0.000701154407579, -0.000993992784061, 0.00487343175337, -0.00075776228914, 0.000590218231082, -0.000117364230391, 0.0012770985486, -0.00282554258592, 0.00214170571417, -0.00191690865904, 0.00125780457165], [-0.000252596859355, 0.000980051932856, 0.00032084088889, 0.000439758208813, -0.00075776228914, 0.00719744293019, -0.00253539462574, -0.000565072987229, 0.00203235377558, -0.000854014884681, -0.00028827454662, 0.00145385344513, -0.000493558938615], [0.00032852467848, -0.000548162613995, -0.000218620611122, 0.000229717072216, 0.000590218231082, -0.00253539462574, 0.00756946532056, -0.00230841734447, -0.000305577152176, 0.00303413392976, -0.00126860616729, 2.33945993386e-05, 0.00131172826514], [-9.65279832599e-05, 0.00067590730032, 0.000422727287514, 0.000865454494487, -0.000117364230391, -0.000565072987229, -0.00230841734447, 0.0105732968077, -0.00129184126854, -0.00170052296016, 0.00218220520765, -0.0014622383751, 0.00143025210127], [0.000547440606169, -0.00147040630691, 0.000645675812848, -0.00179889530409, 0.0012770985486, 0.00203235377558, -0.000305577152176, -0.00129184126854, 0.0109656602144, -0.00349486828782, 0.000286296621198, 0.00263638887554, -0.00204988243058], [-0.000597989943344, 0.00259785773233, -0.00115092133638, 0.00200174585916, -0.00282554258592, -0.000854014884681, 0.00303413392976, -0.00170052296016, -0.00349486828782, 0.0151168145239, -0.00297975027934, -0.000470085476991, 0.00125976512209], [0.000659013050608, -0.00225868728012, 0.00134067772888, -0.00095244939439, 0.00214170571417, -0.00028827454662, -0.00126860616729, 0.00218220520765, 0.000286296621198, -0.00297975027934, 0.0142292864621, -0.00253042741679, 0.000560677726753], [-0.000416808441514, 0.00220441375859, -0.000856779515743, 0.00123056955636, -0.00191690865904, 0.00145385344513, 2.33945993386e-05, -0.0014622383751, 0.00263638887554, -0.000470085476991, -0.00253042741679, 0.0134138390422, -0.00238082720898], [0.000556186016183, -0.00156737386715, 0.00160014932044, -0.00183243316133, 0.00125780457165, -0.000493558938615, 0.00131172826514, 0.00143025210127, -0.00204988243058, 0.00125976512209, 0.000560677726753, -0.00238082720898, 0.0164324827492]]
    },
    "melbands": {
        "dmean": [0.000239630229771, 0.000484564137878, 0.000510034733452, 0.000568425282836, 0.000435447349446, 0.000396854709834, 0.000284963141894, 0.000189814687474, 0.000147208033013, 0.00012511042587, 8.83098255144e-05, 6.6026696004e-05, 5.97909529461e-05, 3.87301333831e-05, 2.40261015279e-05, 2.92806253128e-05, 2.01506518351e-05, 1.55231864483e-05, 1.06430052256e-05, 1.49748520926e-05, 7.32665967007e-06, 4.85297732666e-06, 3.99424743591e-06, 3.10899781653e-06, 3.72301701645e-06, 3.87635145671e-06, 3.4818997392e-06, 3.06713354803e-06, 3.02556304632e-06, 2.97400606541e-06, 3.18336287819e-06, 3.02286889564e-06, 2.25326380132e-06, 1.70801956756e-06, 1.1738483181e-06, 1.02926082945e-06, 7.42731856462e-07, 4.24852316883e-07, 2.41623183683e-07, 1.58728880706e-07],
        "dmean2": [0.000380932877306, 0.000838842708617, 0.000863583001774, 0.000941221427638, 0.00067679816857, 0.000631207483821, 0.000452020962257, 0.000295001955237, 0.000221150010475, 0.000193375584786, 0.000136675531394, 0.000101526180515, 9.37459190027e-05, 5.90002637182e-05, 3.6709701817e-05, 4.46965823357e-05, 3.09914430545e-05, 2.40571171162e-05, 1.69229260791e-05, 2.31829490076e-05, 1.14684562504e-05, 7.58943770052e-06, 6.37648508928e-06, 4.95435915582e-06, 6.11194263911e-06, 6.2634603637e-06, 5.49141623196e-06, 4.76598597743e-06, 4.71386010759e-06, 4.52462245448e-06, 4.7900575737e-06, 4.48602668257e-06, 3.38476070283e-06, 2.55168583863e-06, 1.74805813913e-06, 1.48927995269e-06, 1.05505523607e-06, 6.14968314494e-07, 3.52812293158e-07, 2.28372840638e-07],
        "dvar": [3.24828334897e-07, 1.28009969558e-06, 6.2572786419e-07, 1.13084672648e-06, 8.39440531308e-07, 8.68597396675e-07, 5.04362958509e-07, 3.01376701373e-07, 2.59665938529e-07, 1.79258947242e-07, 8.15141874e-08, 5.52793437691e-08, 2.78963536715e-08, 1.203448452e-08, 4.80308681716e-09, 6.45648201569e-09, 4.85206896883e-09, 3.06836978048e-09, 7.91671062039e-10, 3.12990633411e-09, 3.56540991175e-10, 1.55842075356e-10, 1.14795548067e-10, 5.87872528435e-11, 1.06434798475e-10, 6.21787288324e-10, 8.3069010004e-11, 7.93701701585e-11, 1.48623349738e-10, 1.50696163881e-10, 2.01677466394e-10, 1.61574226221e-10, 7.84469017523e-11, 4.1173581905e-11, 2.11255284099e-11, 2.67496545747e-11, 1.42911541975e-11, 4.73729258946e-12, 1.3912925716e-12, 4.15338743216e-13],
        "dvar2": [7.33889521598e-07, 3.58885267815e-06, 1.69253303284e-06, 2.95765266856e-06, 1.86753038633e-06, 2.1424229999e-06, 1.26348140839e-06, 6.97766267876e-07, 5.4264563687e-07, 4.02011636425e-07, 1.951714097e-07, 1.26146034063e-07, 6.38394013208e-08, 2.47587799151e-08, 1.0183379473e-08, 1.39692621914e-08, 1.00332115949e-08, 6.82207934588e-09, 1.94999927317e-09, 6.44345732326e-09, 7.8418077587e-10, 3.48013728946e-10, 2.76083433892e-10, 1.3761999873e-10, 2.73452649413e-10, 1.74875369741e-09, 1.9446794175e-10, 1.66509014909e-10, 3.416319172e-10, 3.11470793601e-10, 4.19643791938e-10, 3.22034815481e-10, 1.68183897364e-10, 9.0905734329e-11, 4.1066816614e-11, 5.3588838228e-11, 2.88417761896e-11, 9.55608855935e-12, 3.02721129414e-12, 8.39781586284e-13],
        "max": [0.00841820519418, 0.0151420123875, 0.011808170937, 0.0253754127771, 0.0209120623767, 0.0211522299796, 0.0162708647549, 0.0119256228209, 0.01295125857, 0.0136532783508, 0.00886256434023, 0.00726971030235, 0.00862857326865, 0.00492947688326, 0.00212801061571, 0.00392132531852, 0.00319193582982, 0.0022242711857, 0.000934254960157, 0.00221918430179, 0.000612807751168, 0.000405628263252, 0.000430521758972, 0.000283950794255, 0.000386904575862, 0.00168759538792, 0.000313312280923, 0.000334455544362, 0.000581881846301, 0.000447019934654, 0.000491022539791, 0.00048080124543, 0.000200039416086, 0.00017065810971, 0.000104152059066, 0.000188351405086, 0.000143469340401, 9.30237074499e-05, 5.34007122042e-05, 2.62161956925e-05],
        "mean": [0.000416130176745, 0.000877746148035, 0.00103645562194, 0.00113196135499, 0.000844521971885, 0.000709477288183, 0.000528101110831, 0.000329832837451, 0.000247816002229, 0.000205712814932, 0.000155561894644, 0.000115354756417, 0.000111766872578, 7.91144702816e-05, 4.69100086775e-05, 6.35554897599e-05, 3.99159180233e-05, 2.82947949017e-05, 1.89717829926e-05, 3.0276918551e-05, 1.45799349411e-05, 9.16224144021e-06, 8.35423452372e-06, 5.91003799855e-06, 6.42739087198e-06, 6.68802931614e-06, 6.26174823992e-06, 5.56401982976e-06, 5.13234135724e-06, 4.85484724777e-06, 5.18280512551e-06, 4.89983995067e-06, 3.58210081686e-06, 3.01358591059e-06, 2.00679392037e-06, 1.67753501046e-06, 1.21310017676e-06, 7.03920704836e-07, 4.03295160822e-07, 2.72230863629e-07],
        "median": [0.000220920352149, 0.000524295377545, 0.000755169137847, 0.000733576598577, 0.000362945807865, 0.000246718525887, 0.00012529885862, 8.81909800228e-05, 5.06590404257e-05, 4.182534758e-05, 2.6360488846e-05, 2.30134101002e-05, 2.23240422201e-05, 1.40575266414e-05, 9.39274286793e-06, 1.08528511191e-05, 7.096518857e-06, 6.87051169734e-06, 5.63439925827e-06, 6.23496180197e-06, 4.08949381381e-06, 2.60018987319e-06, 1.96525752472e-06, 1.7101810954e-06, 1.59239948516e-06, 1.77336028173e-06, 1.74136198439e-06, 1.53771907208e-06, 1.07200662569e-06, 8.81275695974e-07, 9.19735498428e-07, 8.16756710265e-07, 6.0412349967e-07, 5.197784958e-07, 3.44680017861e-07, 2.37292098859e-07, 1.82378585123e-07, 1.21326507951e-07, 7.24849087419e-08, 3.91372410036e-08],
        "min": [1.72213413902e-25, 2.01857820644e-25, 4.91504766682e-25, 6.67646313462e-25, 6.67824053684e-25, 7.00406375653e-25, 9.22461500661e-25, 9.13419675573e-25, 1.39352781806e-24, 1.59677832333e-24, 1.29728856256e-24, 1.55069011102e-24, 1.62016341461e-24, 1.95625632138e-24, 1.39834016541e-24, 2.29030400765e-24, 1.51303649811e-24, 2.36346849002e-24, 2.40944803675e-24, 2.19456745376e-24, 2.15692537795e-24, 2.60494433514e-24, 2.70681507143e-24, 1.90819615402e-24, 2.58038847567e-24, 3.25935553476e-24, 4.02037122775e-24, 3.06724344965e-24, 2.96557209796e-24, 4.06740232606e-24, 4.30364802337e-24, 3.89295047004e-24, 4.48082854927e-24, 4.10125944725e-24, 4.85084572901e-24, 4.94252517127e-24, 4.99733246595e-24, 5.17254399502e-24, 5.45350587832e-24, 5.23696987072e-24],
        "var": [4.73313235716e-07, 1.41756959238e-06, 1.26453267058e-06, 2.24630070988e-06, 2.43849581238e-06, 1.85441274425e-06, 1.21729010516e-06, 6.53062841138e-07, 6.31053580946e-07, 3.81901543278e-07, 1.98221144387e-07, 1.26758848751e-07, 7.26948101715e-08, 3.97832451426e-08, 1.42142608794e-08, 3.63459911057e-08, 1.94477856041e-08, 7.14240711019e-09, 1.8017268788e-09, 1.36106086401e-08, 1.35062505624e-09, 4.9707843397e-10, 4.95952390267e-10, 1.55529200629e-10, 1.90092067087e-10, 5.37075328655e-10, 1.87104470806e-10, 1.77150405456e-10, 2.55047927222e-10, 2.83992551697e-10, 4.06931155439e-10, 3.297170037e-10, 1.46392370448e-10, 1.01502660443e-10, 4.67347271993e-11, 6.03294567081e-11, 3.32777798373e-11, 1.0804760732e-11, 2.57954074767e-12, 8.93620409875e-13]
    },
    "mfcc": {
        "mean": [-712.688110352, 119.991218567, 8.52363395691, 22.4544029236, -6.15065288544, 9.50470256805, -6.7133436203, -1.36770808697, -5.24748945236, -0.586973428726, -6.38663911819, -3.55520153046, -1.19510066509],
        "cov": [[28093.0429688, 5293.57958984, 259.560211182, 1008.1819458, -678.823242188, 484.725341797, -332.522918701, -104.728172302, -392.407806396, -80.4511489868, -355.449707031, -192.082641602, -88.0459289551], [5293.57958984, 3207.62182617, 336.380706787, 289.008300781, -89.732208252, 61.4969177246, -112.734695435, -22.887216568, -110.112922668, 19.3738880157, -83.423286438, -81.8643493652, 10.0121936798], [259.560211182, 336.380706787, 817.68939209, 210.524841309, -36.7722206116, 20.6819477081, -60.7780914307, -15.600025177, -29.21991539, 17.0491600037, -26.5486392975, -29.0353565216, 1.43800938129], [1008.1819458, 289.008300781, 210.524841309, 477.324615479, 85.0025939941, 44.8310928345, -115.911567688, -37.1046562195, 1.77404391766, -5.0201382637, -51.7026672363, -7.07019519806, 13.7148323059], [-678.823242188, -89.732208252, -36.7722206116, 85.0025939941, 260.758483887, 23.3923969269, -14.7786464691, -51.4046020508, 22.0026550293, -19.9380016327, 4.49751186371, 18.9361438751, 16.3404560089], [484.725341797, 61.4969177246, 20.6819477081, 44.8310928345, 23.3923969269, 146.412094116, 28.0222949982, 3.80457901955, -0.095951937139, 3.04637241364, -4.71678113937, -6.78373384476, -15.2487821579], [-332.522918701, -112.734695435, -60.7780914307, -115.911567688, -14.7786464691, 28.0222949982, 201.045288086, 64.3311233521, -0.430636107922, -10.8912992477, 34.1640319824, 8.66806697845, -28.5198116302], [-104.728172302, -22.887216568, -15.600025177, -37.1046562195, -51.4046020508, 3.80457901955, 64.3311233521, 130.17388916, 20.7831115723, 0.95847505331, 9.76646232605, 6.28808546066, -15.0327301025], [-392.407806396, -110.112922668, -29.21991539, 1.77404391766, 22.0026550293, -0.095951937139, -0.430636107922, 20.7831115723, 94.075378418, 32.1383285522, 4.86407279968, -6.87986183167, 2.95436620712], [-80.4511489868, 19.3738880157, 17.0491600037, -5.0201382637, -19.9380016327, 3.04637241364, -10.8912992477, 0.95847505331, 32.1383285522, 120.596138, 16.0911045074, -19.2168292999, -4.0453286171], [-355.449707031, -83.423286438, -26.5486392975, -51.7026672363, 4.49751186371, -4.71678113937, 34.1640319824, 9.76646232605, 4.86407279968, 16.0911045074, 90.6452026367, 23.4318847656, -10.2086429596], [-192.082641602, -81.8643493652, -29.0353565216, -7.07019519806, 18.9361438751, -6.78373384476, 8.66806697845, 6.28808546066, -6.87986183167, -19.2168292999, 23.4318847656, 78.2733535767, 13.7932939529], [-88.0459289551, 10.0121936798, 1.43800938129, 13.7148323059, 16.3404560089, -15.2487821579, -28.5198116302, -15.0327301025, 2.95436620712, -4.0453286171, -10.2086429596, 13.7932939529, 80.7037734985]],
