{
"lowlevel": {
    "average_loudness": 0.959546506405,
    "barkbands_crest": {
        "dmean": 1.9748737812,
        "dmean2": 3.18382549286,
        "dvar": 3.4754178524,
        "dvar2": 9.10899925232,
        "max": 24.0220184326,
        "mean": 9.30045318604,
        "median": 8.50714206696,
        "min": 2.72850060463,
        "var": 15.3149547577
    },
    "barkbands_flatness_db": {
        "dmean": 0.0165069140494,
        "dmean2": 0.0243456158787,
        "dvar": 0.00034751163912,
        "dvar2": 0.000682924815919,
        "max": 0.383047610521,
        "mean": 0.134708419442,
        "median": 0.119703173637,
        "min": 0.0387540571392,
        "var": 0.00327006634325
    },
    "barkbands_kurtosis": {
        "dmean": 2.14203882217,
        "dmean2": 3.21369838715,
        "dvar": 22.7890586853,
        "dvar2": 45.788848877,
        "max": 146.689849854,
        "mean": 3.8306953907,
        "median": 0.9325299263,
        "min": -1.877384305,
        "var": 79.9640274048
    },
    "barkbands_skewness": {
        "dmean": 0.388571768999,
        "dmean2": 0.584065973759,
        "dvar": 0.194344818592,
        "dvar2": 0.413542032242,
        "max": 9.58249378204,
        "mean": 1.31142115593,
        "median": 1.05667161942,
        "min": -1.85445761681,
        "var": 1.38217353821
    },
    "barkbands_spread": {
        "dmean": 5.00806188583,
        "dmean2": 7.44981241226,
        "dvar": 50.0222129822,
        "dvar2": 102.193252563,
        "max": 110.142478943,
        "mean": 22.3806343079,
        "median": 20.8873653412,
        "min": 1.14614462852,
        "var": 179.720046997
    },
    "dissonance": {
        "dmean": 0.0186070296913,
        "dmean2": 0.031534165144,
        "dvar": 0.00032776070293,
        "dvar2": 0.000890099850949,
        "max": 0.5,
        "mean": 0.461923956871,
        "median": 0.468393206596,
        "min": 0.249190300703,
        "var": 0.000850621494465
    },
    "dynamic_complexity": 2.37449908257,
    "erbbands_crest": {
        "dmean": 2.46245408058,
        "dmean2": 3.96217513084,
        "dvar": 5.19572353363,
        "dvar2": 12.8392000198,
        "max": 31.1447639465,
        "mean": 9.4121055603,
        "median": 8.28667831421,
        "min": 2.22966170311,
        "var": 20.3724040985
    },
    "erbbands_flatness_db": {
        "dmean": 0.015957698226,
        "dmean2": 0.0231523495167,
        "dvar": 0.000265834154561,
        "dvar2": 0.000496968801599,
        "max": 0.325752198696,
        "mean": 0.162947207689,
        "median": 0.162108302116,
        "min": 0.0577523075044,
        "var": 0.001669684425
    },
    "erbbands_kurtosis": {
        "dmean": 0.926034867764,
        "dmean2": 1.45405948162,
        "dvar": 2.61820816994,
        "dvar2": 5.75046110153,
        "max": 74.9929962158,
        "mean": 0.661359667778,
        "median": -0.150093197823,
        "min": -1.81788849831,
        "var": 9.66701316833
    },
    "erbbands_skewness": {
        "dmean": 0.343008548021,
        "dmean2": 0.517221271992,
        "dvar": 0.114830672741,
        "dvar2": 0.243908882141,
        "max": 6.95405960083,
        "mean": 0.437741875648,
        "median": 0.385690242052,
        "min": -4.7131023407,
        "var": 0.687402009964
    },
    "erbbands_spread": {
        "dmean": 7.48774147034,
        "dmean2": 11.2536973953,
        "dvar": 93.7230453491,
        "dvar2": 197.484771729,
        "max": 134.417907715,
        "mean": 36.3328285217,
        "median": 32.760925293,
        "min": 3.31279540062,
        "var": 341.128601074
    },
    "hfc": {
        "dmean": 6.9311170578,
        "dmean2": 10.4583387375,
        "dvar": 129.945266724,
        "dvar2": 306.832244873,
        "max": 310.952270508,
        "mean": 22.9455413818,
        "median": 18.8109283447,
        "min": 3.64469143754e-09,
        "var": 359.726409912
    },
    "melbands_crest": {
        "dmean": 2.50314903259,
        "dmean2": 4.03813505173,
        "dvar": 5.31256341934,
        "dvar2": 13.9097251892,
        "max": 32.4547080994,
        "mean": 13.1208610535,
        "median": 11.9800262451,
        "min": 3.05942749977,
        "var": 29.3259773254
    },
    "melbands_flatness_db": {
        "dmean": 0.0203224346042,
        "dmean2": 0.0294842924923,
        "dvar": 0.000557005521841,
        "dvar2": 0.00108065479435,
        "max": 0.52815836668,
        "mean": 0.19965043664,
        "median": 0.178799107671,
        "min": 0.0183851998299,
        "var": 0.00691469013691
    },
    "melbands_kurtosis": {
        "dmean": 4.91168737411,
        "dmean2": 7.47068023682,
        "dvar": 124.915504456,
        "dvar2": 248.963729858,
        "max": 369.752410889,
        "mean": 10.956568718,
        "median": 4.65340089798,
        "min": -1.50227308273,
        "var": 413.695861816
    },
    "melbands_skewness": {
        "dmean": 0.517921924591,
        "dmean2": 0.793790519238,
        "dvar": 0.386085450649,
        "dvar2": 0.842166721821,
        "max": 14.8302898407,
        "mean": 2.17664551735,
        "median": 1.87998700142,
        "min": -1.04582881927,
        "var": 2.36367607117
    },
    "melbands_spread": {
        "dmean": 5.58250379562,
        "dmean2": 8.38452529907,
        "dvar": 52.843334198,
        "dvar2": 111.744758606,
        "max": 196.267929077,
        "mean": 25.3733596802,
        "median": 24.1821861267,
        "min": 0.761095285416,
        "var": 268.594177246
    },
    "pitch_salience": {
        "dmean": 0.055890917778,
        "dmean2": 0.0912474021316,
        "dvar": 0.00247815228067,
        "dvar2": 0.00668198475614,
        "max": 0.909309029579,
        "mean": 0.549605846405,
        "median": 0.552393734455,
        "min": 0.224358960986,
        "var": 0.0102505711839
    },
    "silence_rate_20dB": {
        "dmean": 0,
        "dmean2": 0,
        "dvar": 0,
        "dvar2": 0,
        "max": 1,
        "mean": 1,
        "median": 1,
        "min": 1,
        "var": 0
    },
    "silence_rate_30dB": {
        "dmean": 0,
        "dmean2": 0,
        "dvar": 0,
        "dvar2": 0,
        "max": 1,
        "mean": 1,
        "median": 1,
        "min": 1,
        "var": 0
    },
    "silence_rate_60dB": {
        "dmean": 0.000968874897808,
        "dmean2": 0.00181686051656,
        "dvar": 0.000967951084021,
        "dvar2": 0.00205545290373,
        "max": 1,
        "mean": 0.00169532571454,
        "median": 0,
        "min": 0,
        "var": 0.00169243861455
    },
    "spectral_centroid": {
        "dmean": 225.939590454,
        "dmean2": 334.012908936,
        "dvar": 70963.09375,
        "dvar2": 137779.625,
        "max": 4986.03662109,
        "mean": 1444.38256836,
        "median": 1412.73193359,
        "min": 166.22102356,
        "var": 520160.75
    },
    "spectral_complexity": {
        "dmean": 3.08102226257,
        "dmean2": 4.98461723328,
        "dvar": 11.6268720627,
        "dvar2": 28.7274971008,
        "max": 58,
        "mean": 20.2002906799,
        "median": 20,
        "min": 0,
        "var": 92.2332000732
    },
    "spectral_decrease": {
        "dmean": 1.52146195642e-09,
        "dmean2": 2.35879138444e-09,
        "dvar": 3.62903532112e-18,
        "dvar2": 8.28971210425e-18,
        "max": -1.4528231925e-20,
        "mean": -6.26776941459e-09,
        "median": -5.78254244488e-09,
        "min": -2.59021248894e-08,
        "var": 8.87584897758e-18
    },
    "spectral_energy": {
        "dmean": 0.00624356046319,
        "dmean2": 0.00966080278158,
        "dvar": 6.03565167694e-05,
        "dvar2": 0.000138550210977,
        "max": 0.100215137005,
        "mean": 0.0257372036576,
        "median": 0.0237691774964,
        "min": 3.85417121395e-13,
        "var": 0.000151539323269
    },
    "spectral_energyband_high": {
        "dmean": 0.000523231981788,
        "dmean2": 0.000779594876803,
        "dvar": 1.50173912061e-06,
        "dvar2": 3.31458659275e-06,
        "max": 0.0467703156173,
        "mean": 0.00101154670119,
        "median": 0.000522459566128,
        "min": 3.00700924664e-13,
        "var": 2.8823071716e-06
    },
    "spectral_energyband_low": {
        "dmean": 0.00207499787211,
        "dmean2": 0.00326555594802,
        "dvar": 1.02150697785e-05,
        "dvar2": 2.65243597823e-05,
        "max": 0.0573542304337,
        "mean": 0.00690478971228,
        "median": 0.00614728685468,
        "min": 9.09997141388e-15,
        "var": 2.4276871045e-05
    },
    "spectral_energyband_middle_high": {
        "dmean": 0.00222609634511,
        "dmean2": 0.00338932895102,
        "dvar": 1.24290036183e-05,
        "dvar2": 2.9085585993e-05,
        "max": 0.06476585567,
        "mean": 0.00711323972791,
        "median": 0.0047145402059,
        "min": 5.71244169589e-14,
        "var": 6.14132295595e-05
    },
    "spectral_energyband_middle_low": {
        "dmean": 0.00428646244109,
        "dmean2": 0.00666185235605,
        "dvar": 4.71084931633e-05,
        "dvar2": 0.000103528262116,
        "max": 0.0902979299426,
        "mean": 0.011612390168,
        "median": 0.00906981620938,
        "min": 1.3679011198e-14,
        "var": 9.38810262596e-05
    },
    "spectral_entropy": {
        "dmean": 0.155409291387,
        "dmean2": 0.223875507712,
        "dvar": 0.0379472188652,
        "dvar2": 0.068795286119,
        "max": 8.77150344849,
        "mean": 7.47983837128,
        "median": 7.53526258469,
        "min": 5.18897438049,
        "var": 0.221809208393
    },
    "spectral_flux": {
        "dmean": 0.01929198578,
        "dmean2": 0.029242515564,
        "dvar": 0.000477417255752,
        "dvar2": 0.000865629815962,
        "max": 0.321735978127,
        "mean": 0.0796043351293,
        "median": 0.0724711120129,
        "min": 3.69096451323e-05,
        "var": 0.00158545572776
    },
    "spectral_kurtosis": {
        "dmean": 1.67458593845,
        "dmean2": 2.76374173164,
        "dvar": 4.70593166351,
        "dvar2": 11.7992486954,
        "max": 40.1848106384,
        "mean": 4.70471334457,
        "median": 3.8619594574,
        "min": -1.09263646603,
        "var": 15.7920389175
    },
    "spectral_rms": {
        "dmean": 0.000582776381634,
        "dmean2": 0.000889722257853,
        "dvar": 4.07313848427e-07,
        "dvar2": 9.03864304291e-07,
        "max": 0.00988791510463,
        "mean": 0.0048748049885,
        "median": 0.00481554167345,
        "min": 1.9391150019e-08,
        "var": 1.34575020638e-06
    },
    "spectral_rolloff": {
        "dmean": 416.872528076,
        "dmean2": 688.103515625,
        "dvar": 676147.1875,
        "dvar2": 1562874,
        "max": 17183.4960938,
        "mean": 1515.58129883,
        "median": 1248.92578125,
        "min": 86.1328125,
        "var": 1555160.625
    },
    "spectral_skewness": {
        "dmean": 0.223488360643,
        "dmean2": 0.349633783102,
        "dvar": 0.0633430108428,
        "dvar2": 0.136422067881,
        "max": 5.2973279953,
        "mean": 1.5284280777,
        "median": 1.43810415268,
        "min": -0.174404710531,
        "var": 0.348290145397
    },
    "spectral_spread": {
        "dmean": 631307.8125,
        "dmean2": 880752.3125,
        "dvar": 841288646656,
        "dvar2": 1.46319199437e+12,
        "max": 13433909,
        "mean": 4347573,
        "median": 3904583.5,
        "min": 1499806.5,
        "var": 2.39406730445e+12
    },
    "spectral_strongpeak": {
        "dmean": 0.568081617355,
        "dmean2": 0.96579515934,
        "dvar": 0.843763172626,
        "dvar2": 2.23247146606,
        "max": 10.8201169968,
        "mean": 1.12409937382,
        "median": 0.498851001263,
        "min": 0,
        "var": 1.86641597748
    },
    "zerocrossingrate": {
        "dmean": 0.00912175886333,
        "dmean2": 0.0107831144705,
        "dvar": 0.000122157682199,
        "dvar2": 0.000151824715431,
        "max": 0.55224609375,
        "mean": 0.0585864782333,
        "median": 0.05615234375,
        "min": 0.00341796875,
        "var": 0.000989502761513
    },
    "barkbands": {
        "dmean": [0.000138450050144, 0.00142204284202, 0.000786842952948, 0.000977825256996, 0.00224715634249, 0.0011059375247, 0.000691131979693, 0.000616518198512, 0.000907004927285, 0.001018459443, 0.000565114896744, 0.000402595993364, 0.00038688845234, 0.000345932843629, 0.000327840360114, 0.000239845277974, 0.000237768050283, 0.000235822415561, 0.000201964750886, 0.000234319799347, 0.000117579438665, 0.000108477586764, 9.19172380236e-05, 7.00492164469e-05, 5.79971529078e-05, 3.26557274093e-05, 2.64710450892e-07],
        "dmean2": [0.000229359458899, 0.00219330750406, 0.00122248136904, 0.00167221936863, 0.00383935682476, 0.00169105094392, 0.00107880821452, 0.000968227395788, 0.00140413409099, 0.0016009073006, 0.000892211392056, 0.000623016268946, 0.000626249355264, 0.000554456433747, 0.000545145943761, 0.000396111718146, 0.000397319468902, 0.000377910822863, 0.000313793309033, 0.000349850568455, 0.00018244421517, 0.000166794619872, 0.000140580465086, 0.000106897387013, 9.26198845264e-05, 5.44404028915e-05, 4.24557754286e-07],
        "dvar": [4.461288583e-08, 3.74475257559e-06, 4.32355682278e-06, 9.51784841163e-06, 3.19925966323e-05, 3.69688018509e-06, 2.53553662333e-06, 2.84621728497e-06, 4.4899961722e-06, 5.82005441174e-06, 2.86259319182e-06, 1.0365831713e-06, 8.65502897796e-07, 7.77050047418e-07, 4.45690375273e-07, 6.10389747635e-07, 2.64483304591e-07, 2.34469212046e-07, 1.95908597789e-07, 2.18742115976e-07, 8.44126404331e-08, 1.46247359112e-07, 7.48991126898e-08, 5.32472910209e-08, 3.88858936162e-08, 1.57092738817e-08, 2.75265162226e-13],
        "dvar2": [1.13942853375e-07, 1.00803281384e-05, 1.02042213257e-05, 2.57719148067e-05, 8.75351834111e-05, 8.86967063707e-06, 5.84643248658e-06, 6.35607557342e-06, 1.05026874735e-05, 1.37462347993e-05, 6.91574405209e-06, 2.2237770736e-06, 2.09943800655e-06, 1.79518701771e-06, 1.16326566513e-06, 1.68888118424e-06, 7.13879501291e-07, 5.72273904709e-07, 4.35574406765e-07, 4.5608700816e-07, 1.83350422844e-07, 3.02240778183e-07, 1.74579781742e-07, 1.1126957844e-07, 1.01270735797e-07, 4.30052757849e-08, 6.86092621518e-13],
        "max": [0.00580192171037, 0.0253178719431, 0.0417124852538, 0.0477854534984, 0.0808598324656, 0.0386956557631, 0.0494758337736, 0.0583542883396, 0.0516964122653, 0.062069222331, 0.0395900830626, 0.035038754344, 0.0183607917279, 0.0243051685393, 0.013633903116, 0.0337687022984, 0.0102974548936, 0.0162620209157, 0.0182515848428, 0.00933147035539, 0.0106352940202, 0.0169316921383, 0.00867929682136, 0.010917105712, 0.00395111413673, 0.00221048062667, 1.53176752065e-05],
        "mean": [0.000447079626611, 0.00450697354972, 0.00134339125361, 0.0011908323504, 0.0033109143842, 0.00244197086431, 0.00129511556588, 0.00103824515827, 0.00177832948975, 0.00182484067045, 0.000985308783129, 0.000713863584679, 0.000653659808449, 0.000567297509406, 0.000598835002165, 0.000415237096604, 0.00044282869203, 0.000465002958663, 0.000433442153735, 0.00055262533715, 0.000211132253753, 0.000170924904523, 0.000148149731103, 0.000105096420157, 6.6785767558e-05, 2.88437731797e-05, 5.04170373006e-07],
        "median": [0.000158287337399, 0.00399758666754, 0.000727596110664, 0.000522735994309, 0.00180370023008, 0.0012142509222, 0.000522432965226, 0.000420165306423, 0.000567775219679, 0.000498299719766, 0.000168280123034, 0.000259193155216, 0.000198118999833, 0.000186925128219, 0.000238855456701, 0.000149104598677, 0.000186421180842, 0.000199720001547, 0.000192976280232, 0.000198191468371, 8.60662548803e-05, 4.74395637866e-05, 5.27493684785e-05, 3.04182012769e-05, 1.44618315971e-05, 3.47218133356e-06, 3.85623081911e-07],
        "min": [6.98785410232e-15, 4.97822523628e-15, 5.42972365508e-16, 5.69324883986e-16, 3.49973917949e-15, 5.01345926579e-15, 2.49680579489e-15, 8.16180883881e-16, 1.22434091487e-15, 7.77666878105e-16, 4.16154222068e-16, 4.14617799593e-15, 6.95701617381e-15, 4.93234612021e-15, 7.14630770873e-15, 3.49981541245e-15, 5.28627968425e-15, 1.12246620825e-14, 6.29427980819e-15, 2.13722014939e-14, 2.49292892509e-14, 1.79081433656e-14, 1.82557013126e-14, 4.59917545129e-14, 3.2308811388e-14, 6.58044582366e-14, 8.17222198658e-14],
        "var": [4.22357601337e-07, 1.04239552456e-05, 5.07452932652e-06, 7.27758788344e-06, 2.92836393783e-05, 1.21349094115e-05, 6.25843313173e-06, 5.69333087697e-06, 1.21021903396e-05, 1.76117937372e-05, 7.80826485425e-06, 2.44405100602e-06, 1.79312917226e-06, 1.45170474752e-06, 9.39674350775e-07, 7.76227295773e-07, 5.59048089599e-07, 5.81297570079e-07, 5.23671985775e-07, 8.35088940221e-07, 1.69406391137e-07, 2.73196121725e-07, 1.20976963558e-07, 8.99917367292e-08, 3.48103874614e-08, 1.05414379448e-08, 3.27606458671e-13]
    },
    "erbbands": {
        "dmean": [0.0494611226022, 0.306358337402, 0.731521904469, 2.11193060875, 4.82443332672, 9.08676624298, 10.5498018265, 8.10253429413, 9.48069667816, 10.0043449402, 15.5336170197, 18.9761390686, 26.5030841827, 32.0480766296, 17.7198390961, 15.5546312332, 16.3305988312, 17.2044258118, 15.547000885, 14.7755613327, 12.356262207, 12.811715126, 12.1545305252, 10.2238502502, 10.1058425903, 11.6505908966, 5.80500745773, 4.15164327621, 3.88050675392, 3.37073135376, 2.57839989662, 1.72603487968, 1.0758689642, 0.647780418396, 0.38406431675, 0.199514403939, 0.0582894198596, 0.00300161493942, 0.00011490171164, 1.19704673125e-05],
        "dmean2": [0.0766642019153, 0.468290925026, 1.12258279324, 3.46218514442, 8.22779464722, 15.7233734131, 16.8278503418, 12.4437437057, 14.7595424652, 15.3839321136, 24.3683242798, 29.1887130737, 41.1531829834, 51.4350166321, 27.3870449066, 24.0476379395, 26.2734470367, 27.6178684235, 25.3849220276, 24.4280128479, 20.3253059387, 21.1991634369, 19.6267604828, 16.0890331268, 15.3685598373, 17.2563343048, 8.96420478821, 6.37175178528, 5.9747004509, 5.19928312302, 3.96697044373, 2.59901952744, 1.67354488373, 1.0269998312, 0.619508445263, 0.328413456678, 0.0984997451305, 0.00512291584164, 0.000186558376299, 1.8588390958e-05],
        "dvar": [0.00450947368518, 0.190093412995, 2.79137325287, 40.4421730042, 166.654922485, 596.734985352, 501.355957031, 227.189193726, 414.019012451, 989.864990234, 1603.3605957, 2032.3470459, 3856.5625, 6390.65087891, 3181.6484375, 1522.77099609, 1734.5098877, 1972.53344727, 1316.37390137, 1320.72766113, 1203.15380859, 830.55682373, 689.070617676, 394.676452637, 534.142150879, 590.010742188, 152.261322021, 184.001296997, 201.143936157, 108.956123352, 87.5914077759, 32.1240081787, 12.7211170197, 5.03247737885, 1.56782615185, 0.446816504002, 0.0719421356916, 0.000209957695915, 1.35275925572e-07, 6.12078387974e-10],
        "dvar2": [0.0123505815864, 0.499636262655, 6.06655693054, 102.538085938, 445.730682373, 1673.25, 1307.45361328, 533.49206543, 984.194519043, 2211.14282227, 3674.71777344, 4674.58203125, 8827.11328125, 15779.2636719, 7428.07470703, 3477.85620117, 4305.28320312, 4526.59863281, 3345.01245117, 3564.54931641, 3162.98095703, 2254.64868164, 1727.39831543, 937.69317627, 1097.99755859, 1221.23168945, 329.774505615, 391.233703613, 428.259002686, 241.633636475, 215.529449463, 66.7765579224, 28.2162342072, 13.0034484863, 4.06187200546, 1.18735158443, 0.202168136835, 0.000591016432736, 3.63369849765e-07, 1.61180835345e-09],
        "max": [1.03387761116, 5.52238845825, 36.5102424622, 102.584022522, 214.543319702, 347.079986572, 448.57611084, 328.004760742, 473.754394531, 1356.44909668, 1671.17272949, 1034.83300781, 1117.54626465, 2324.74121094, 1686.62316895, 1185.90869141, 894.243835449, 1418.92980957, 1226.7956543, 1328.81982422, 1625.68823242, 604.502319336, 879.128051758, 396.672241211, 1031.01464844, 519.651245117, 293.918884277, 658.768310547, 588.312805176, 499.747406006, 399.969543457, 273.06829834, 119.193862915, 52.3511581421, 29.9197483063, 10.8812570572, 5.09535980225, 0.281012773514, 0.007627626881, 0.00046486069914],
        "mean": [0.180277511477, 0.814267516136, 1.51690483093, 3.07152318954, 6.07951259613, 12.3599157333, 19.230714798, 18.0400409698, 18.0015068054, 19.1511592865, 27.0611515045, 37.5872802734, 54.2601699829, 59.6809234619, 33.1244926453, 29.1622638702, 29.4330368042, 30.8862743378, 30.0056552887, 27.8507404327, 24.3249835968, 25.4189147949, 25.1127147675, 22.7073364258, 23.8585071564, 27.6109333038, 12.4464483261, 7.1279797554, 6.07957267761, 5.18797302246, 4.19863176346, 2.67119932175, 1.52902412415, 0.820267856121, 0.409856408834, 0.183995485306, 0.0488274656236, 0.00263543031178, 0.000175051871338, 3.84609047615e-05],
        "median": [0.147920817137, 0.693440794945, 0.965455770493, 1.55979418755, 3.12807559967, 5.93144655228, 9.40075588226, 7.74927663803, 8.26211929321, 7.52817630768, 12.8817396164, 14.0654392242, 14.5538492203, 19.1801757812, 10.6899785995, 11.6860809326, 10.5109214783, 11.2130813599, 13.2079763412, 11.5291118622, 9.96551132202, 10.8428668976, 11.2877140045, 11.2045202255, 10.9748706818, 9.76772499084, 5.41478157043, 2.7290019989, 1.56144249439, 1.67287218571, 1.48808789253, 0.840444803238, 0.404719144106, 0.201447188854, 0.0784055367112, 0.0246530249715, 0.00520459376276, 0.000524539849721, 0.000107300329546, 3.39592952514e-05],
        "min": [2.59221599264e-13, 7.24749904188e-13, 7.87966317629e-13, 1.28937659161e-12, 4.40823029121e-12, 1.30984901744e-11, 2.94829369252e-11, 4.31558851155e-11, 4.24138640875e-11, 2.41670190804e-11, 1.98806162505e-11, 3.17166813646e-11, 1.56843930205e-11, 2.83817830349e-11, 2.45454455372e-11, 1.97442465155e-10, 2.53406656769e-10, 3.99378724536e-10, 2.54714277448e-10, 2.67064453885e-10, 2.09002606888e-10, 3.95870475289e-10, 5.18044218634e-10, 5.02244246192e-10, 2.9630492504e-10, 1.0269882722e-09, 1.55781076927e-09, 5.19579934632e-10, 6.32249697041e-10, 5.51522161274e-10, 5.86805382063e-10, 6.20209494873e-10, 9.21211329441e-10, 3.45720285733e-10, 2.7941357561e-10, 2.8862770507e-10, 1.12078547831e-10, 4.07080619214e-11, 1.63933363412e-11, 9.28407199209e-13],
        "var": [0.0210052169859, 0.41507384181, 4.25929784775, 36.5079193115, 133.304473877, 515.025695801, 955.039978027, 874.770507812, 923.359069824, 2332.52490234, 2861.046875, 4900.60058594, 11990.0703125, 20605.59375, 6897.07861328, 3276.93603516, 3244.65722656, 3910.12402344, 2559.40942383, 2414.45019531, 1998.32055664, 1815.85302734, 1733.3203125, 1104.56640625, 1562.06787109, 2331.72509766, 383.697723389, 326.75994873, 349.601654053, 199.216186523, 115.0885849, 56.1520423889, 18.9137420654, 5.01686048508, 1.30970013142, 0.331540554762, 0.044429898262, 0.000128410043544, 1.0307233822e-07, 6.70292099603e-10]
    },
    "gfcc": {
        "mean": [6.85078668594, 98.4127426147, -118.293930054, 36.3161125183, -59.1043548584, 12.2361431122, -31.5177402496, 13.0458164215, -21.5013580322, 1.4923504591, -10.1335678101, -0.298513829708, -4.41387748718],
        "cov": [[3740.58374023, -1272.8190918, -1054.56152344, -2.86239647865, -375.011138916, 267.392791748, -279.185150146, 81.1647033691, -313.93637085, 83.0234069824, -110.909156799, 70.6368713379, -46.8609085083], [-1272.8190918, 1331.94799805, 549.965637207, -48.0955162048, 252.21043396, -210.878662109, 192.433456421, -76.2925567627, 141.37159729, -64.5060653687, 168.112380981, -84.131362915, 49.2963218689], [-1054.56152344, 549.965637207, 1555.90966797, 234.843795776, -7.27405834198, 20.1915035248, -79.3060302734, 26.6901531219, 87.7782287598, 77.4954071045, -16.5050506592, 46.9574623108, -53.3288383484], [-2.86239647865, -48.0955162048, 234.843795776, 330.787109375, 29.6933288574, -16.4800815582, -48.2673187256, 10.4451179504, 39.6332244873, -6.58905935287, -6.43589878082, -1.66491115093, 18.3408298492], [-375.011138916, 252.21043396, -7.27405834198, 29.6933288574, 245.58303833, -63.0299263, 43.5816574097, 4.27721071243, 17.4970607758, -26.8462047577, 22.4031620026, -30.7962341309, 27.4413356781], [267.392791748, -210.878662109, 20.1915035248, -16.4800815582, -63.0299263, 224.562408447, 16.5989227295, -18.302614212, -54.8800964355, 23.8407535553, -30.9261608124, 24.5923423767, -26.4659900665], [-279.185150146, 192.433456421, -79.3060302734, -48.2673187256, 43.5816574097, 16.5989227295, 232.958099365, 4.62016963959, -26.8111591339, -29.6300678253, 58.1296882629, -37.4030723572, 3.79093122482], [81.1647033691, -76.2925567627, 26.6901531219, 10.4451179504, 4.27721071243, -18.302614212, 4.62016963959, 123.98210144, 11.096411705, 7.07180547714, -10.4214668274, -6.16710948944, -1.75201785564], [-313.93637085, 141.37159729, 87.7782287598, 39.6332244873, 17.4970607758, -54.8800964355, -26.8111591339, 11.096411705, 169.750839233, 9.34321975708, -8.84708595276, -3.41047072411, 15.3026075363], [83.0234069824, -64.5060653687, 77.4954071045, -6.58905935287, -26.8462047577, 23.8407535553, -29.6300678253, 7.07180547714, 9.34321975708, 99.2517242432, 11.483789444, 16.0750102997, -21.4729881287], [-110.909156799, 168.112380981, -16.5050506592, -6.43589878082, 22.4031620026, -30.9261608124, 58.1296882629, -10.4214668274, -8.84708595276, 11.483789444, 131.864196777, 2.07257652283, 4.25034618378], [70.6368713379, -84.131362915, 46.9574623108, -1.66491115093, -30.7962341309, 24.5923423767, -37.4030723572, -6.16710948944, -3.41047072411, 16.0750102997, 2.07257652283, 92.309173584, 9.90485095978], [-46.8609085083, 49.2963218689, -53.3288383484, 18.3408298492, 27.4413356781, -26.4659900665, 3.79093122482, -1.75201785564, 15.3026075363, -21.4729881287, 4.25034618378, 9.90485095978, 84.8413467407]],
        "icov": [[0.000972905661911, -0.00096975004999, 0.00132826576009, -0.0012663960224, 0.00157092011068, -0.00117907032836, 0.00169460708275, -0.00176363880746, 0.00211593904532, -0.00130869576242, 0.000978646217845, -0.000693724199664, 0.000540552020539], [-0.00096975004999, 0.00496645737439, -0.00343999802135, 0.00366999697872, -0.00393826002255, 0.00315887900069, -0.00359846884385, 0.00480822240934, -0.00463751424104, 0.00367551203817, -0.00463360268623, 0.00332612055354, -0.00224717962556], [0.00132826576009, -0.00343999802135, 0.00373967783526, -0.00357844517566, 0.00332842580974, -0.0026924435515, 0.00329669681378, -0.00409995950758, 0.00390381971374, -0.00349108176306, 0.0033584353514, -0.00279669184238, 0.00227879034355], [-0.0012663960224, 0.00366999697872, -0.00357844517566, 0.00680688815191, -0.00383664714172, 0.00243786210194, -0.00242390716448, 0.00385848549195, -0.00469633284956, 0.00386529928073, -0.00387624814175, 0.0031343807932, -0.00270967488177], [0.00157092011068, -0.00393826002255, 0.00332842580974, -0.00383664714172, 0.00881303288043, -0.0020453017205, 0.00310767395422, -0.00460345856845, 0.00483243307099, -0.00304064108059, 0.00345100928098, -0.00156414567027, 0.00072359025944], [-0.00117907032836, 0.00315887900069, -0.0026924435515, 0.00243786210194, -0.0020453017205, 0.00856133643538, -0.00459224916995, 0.0046772598289, -0.00208932766691, 0.00109698984306, -0.000716636073776, 0.000478229834698, -0.000437524402514], [0.00169460708275, -0.00359846884385, 0.00329669681378, -0.00242390716448, 0.00310767395422, -0.00459224916995, 0.0100911017507, -0.00532968109474, 0.00509534683079, -0.0013672382338, 0.000250478129601, -2.83100762317e-05, 0.00135008560028], [-0.00176363880746, 0.00480822240934, -0.00409995950758, 0.00385848549195, -0.00460345856845, 0.0046772598289, -0.00532968109474, 0.0140081252903, -0.00589293986559, 0.00301530747674, -0.00324634555727, 0.00343866087496, -0.00211646012031], [0.00211593904532, -0.00463751424104, 0.00390381971374, -0.00469633284956, 0.00483243307099, -0.00208932766691, 0.00509534683079, -0.00589293986559, 0.0131915947422, -0.00556110637262, 0.00530889444053, -0.00285256910138, 0.00104846409522], [-0.00130869576242, 0.00367551203817, -0.00349108176306, 0.00386529928073, -0.00304064108059, 0.00109698984306, -0.0013672382338, 0.00301530747674, -0.00556110637262, 0.0159740671515, -0.00623316736892, 0.00161205010954, 0.00073066400364], [0.000978646217845, -0.00463360268623, 0.0033584353514, -0.00387624814175, 0.00345100928098, -0.000716636073776, 0.000250478129601, -0.00324634555727, 0.00530889444053, -0.00623316736892, 0.0143313659355, -0.00478569371626, 0.00206944579259], [-0.000693724199664, 0.00332612055354, -0.00279669184238, 0.0031343807932, -0.00156414567027, 0.000478229834698, -2.83100762317e-05, 0.00343866087496, -0.00285256910138, 0.00161205010954, -0.00478569371626, 0.0156683605164, -0.00469086365774], [0.000540552020539, -0.00224717962556, 0.00227879034355, -0.00270967488177, 0.00072359025944, -0.000437524402514, 0.00135008560028, -0.00211646012031, 0.00104846409522, 0.00073066400364, 0.00206944579259, -0.00469086365774, 0.0153743568808]]
    },
    "melbands": {
        "dmean": [0.000410316017224, 0.000358880060958, 0.000397218100261, 0.000503502727952, 0.00036523930612, 0.00018693752645, 0.000145295955008, 0.000110193854198, 0.00012983934721, 0.00012793111091, 0.00013653858332, 0.000136499293149, 6.95929411449e-05, 4.33565401181e-05, 4.21354234277e-05, 3.78274162358e-05, 3.37799319823e-05, 2.65187118202e-05, 2.48757405643e-05, 1.80403058039e-05, 1.49828010763e-05, 1.47701930473e-05, 1.27938164951e-05, 1.12171064757e-05, 8.97217250895e-06, 7.50497247282e-06, 8.46399234433e-06, 8.267326848e-06, 4.49981689599e-06, 2.72909596788e-06, 2.46499917012e-06, 2.3104862521e-06, 2.10572898141e-06, 1.85259034424e-06, 1.55406075919e-06, 1.32032903366e-06, 1.02768990473e-06, 8.10219489722e-07, 6.44759893476e-07, 5.28648115505e-07],
        "dmean2": [0.000637110846583, 0.000556479673833, 0.000638165685814, 0.000857157749124, 0.000594949291553, 0.000286714697722, 0.000226624601055, 0.000169783495949, 0.00020255074196, 0.000196512861294, 0.000211987629882, 0.000218362358282, 0.000108023603389, 6.59721263219e-05, 6.7108150688e-05, 6.15391909378e-05, 5.40489418199e-05, 4.34506437159e-05, 4.15528666053e-05, 2.96636226267e-05, 2.46674808295e-05, 2.46955278271e-05, 2.09025311051e-05, 1.80745100806e-05, 1.43089500853e-05, 1.15952598208e-05, 1.2837090253e-05, 1.23795034597e-05, 7.03255318513e-06, 4.31251010014e-06, 3.79238167625e-06, 3.62132732334e-06, 3.26086524183e-06, 2.89994454761e-06, 2.42405553763e-06, 2.02748969969e-06, 1.57666363521e-06, 1.26432962588e-06, 1.02160072402e-06, 8.53097958498e-07],
        "dvar": [3.03132253521e-07, 4.21674940299e-07, 1.19932190046e-06, 1.68150677382e-06, 6.72203725571e-07, 1.1304411629e-07, 9.18002740491e-08, 1.08633130935e-07, 1.04393322431e-07, 9.3635264875e-08, 1.02435592453e-07, 1.17456288251e-07, 4.56273561156e-08, 1.2624256307e-08, 1.18433600704e-08, 1.02399138058e-08, 7.94288101957e-09, 4.76490935597e-09, 2.71983791045e-09, 4.10355971425e-09, 1.55413926173e-09, 1.22816967707e-09, 8.58418391925e-10, 5.88988136041e-10, 3.22889714965e-10, 3.87555432191e-10, 3.32655430979e-10, 3.12074005526e-10, 1.03646924376e-10, 5.75559738758e-11, 6.60900500993e-11, 7.5368385144e-11, 5.36187587385e-11, 2.89419061633e-11, 3.26396965011e-11, 1.87345364916e-11, 1.31316771693e-11, 7.0064817663e-12, 5.85581800064e-12, 3.12216008255e-12],
        "dvar2": [8.28555869248e-07, 9.58206214818e-07, 2.86368958768e-06, 4.53693382951e-06, 1.84204327525e-06, 2.69447895107e-07, 2.16303860157e-07, 2.3970926577e-07, 2.41106022258e-07, 2.16422947119e-07, 2.34563842127e-07, 2.8834170962e-07, 1.0790854077e-07, 2.48184051088e-08, 2.87577570646e-08, 2.57966146222e-08, 1.78318586563e-08, 1.21165264488e-08, 7.33494021077e-09, 1.15767031517e-08, 4.00227184727e-09, 3.32569083383e-09, 2.18036633193e-09, 1.40771994062e-09, 7.90420007224e-10, 8.38173253026e-10, 7.01266711367e-10, 6.63511745547e-10, 2.29552099551e-10, 1.33191777052e-10, 1.38129924165e-10, 1.62355254241e-10, 1.17764117902e-10, 6.66325675192e-11, 8.25537346816e-11, 3.98482496999e-11, 2.88655488401e-11, 1.56123499545e-11, 1.36174830093e-11, 8.2461294737e-12],
        "max": [0.00796322990209, 0.0137443011627, 0.0173061061651, 0.0196105279028, 0.0131033826619, 0.00734434835613, 0.00723941158503, 0.0143263824284, 0.0141765875742, 0.0080778542906, 0.00603833375499, 0.0102939056233, 0.00633709318936, 0.00469787372276, 0.00367798469961, 0.00220948387869, 0.00313608953729, 0.00251627434045, 0.00107227859553, 0.00306118559092, 0.00149820616934, 0.000810387311503, 0.00104600423947, 0.000941604201216, 0.00036639420432, 0.00110017007682, 0.000432078086305, 0.00037773756776, 0.000263641006313, 0.000284873880446, 0.000363412604202, 0.000330088601913, 0.00030594645068, 0.000242270325543, 0.000250211422099, 0.000151063868543, 0.000198410474695, 0.000105511462607, 9.91261840682e-05, 3.11843905365e-05],
        "mean": [0.0014183545718, 0.000886192836333, 0.000590202864259, 0.000678360287566, 0.000646193569992, 0.000419135350967, 0.000278151856037, 0.00020584629965, 0.000223222275963, 0.000250358018093, 0.000271617143881, 0.000245012604864, 0.000123756501125, 8.02143331384e-05, 7.11723332643e-05, 6.37931007077e-05, 5.58985448151e-05, 4.66523888463e-05, 4.40939984401e-05, 3.04420682369e-05, 2.75861893897e-05, 2.64711234195e-05, 2.38563334278e-05, 2.16455864575e-05, 1.78065311047e-05, 1.62873766385e-05, 1.86242305062e-05, 1.82085022971e-05, 8.81408777786e-06, 4.63378955828e-06, 3.86455030821e-06, 3.50579534825e-06, 3.10220730171e-06, 2.74718399851e-06, 2.48249125434e-06, 2.01461011784e-06, 1.49158222484e-06, 1.11610393105e-06, 8.60568093231e-07, 6.31959039765e-07],
        "median": [0.00122922786977, 0.000689170672558, 0.000312772986945, 0.00033032061765, 0.000343345338479, 0.000189703307115, 0.000124092097394, 8.02507784101e-05, 0.000104162958451, 8.19401611807e-05, 6.71801535645e-05, 7.12634791853e-05, 3.02549033222e-05, 2.82027904177e-05, 2.20976344281e-05, 1.96527180378e-05, 1.84191285371e-05, 1.72302388819e-05, 1.6398866137e-05, 1.16411574709e-05, 1.04306327557e-05, 1.01117402664e-05, 9.24249980017e-06, 9.16126555239e-06, 7.80986192694e-06, 6.93102629157e-06, 7.37121990824e-06, 5.78936123929e-06, 3.2594662116e-06, 1.70777025232e-06, 1.12562292998e-06, 8.07839569461e-07, 8.47753142352e-07, 8.9373446599e-07, 8.78847799868e-07, 6.54852897242e-07, 4.33456477822e-07, 2.86085935386e-07, 2.06660018875e-07, 1.47678122175e-07],
        "min": [2.18340254561e-15, 5.93641188199e-16, 2.94838775231e-16, 5.89604652688e-16, 9.72453856908e-16, 9.74265130987e-16, 6.14891656658e-16, 2.36558699765e-16, 1.72415568117e-16, 1.87118021908e-16, 7.70382685926e-17, 1.20970479435e-16, 5.20117437975e-17, 3.32286525345e-16, 4.89254753603e-16, 8.59359658917e-16, 6.75689987546e-16, 2.77016143229e-16, 6.35578265873e-16, 1.90285025158e-16, 2.44611759632e-16, 3.72046728345e-16, 5.21648311061e-16, 4.15589277562e-16, 4.23674180574e-16, 1.82316125956e-16, 2.91229064917e-16, 7.74655993615e-16, 1.01286505767e-15, 6.80240354418e-16, 1.58372675059e-16, 3.05015770213e-16, 4.63437083492e-16, 2.33159715366e-16, 3.64741810329e-16, 2.38035475238e-16, 4.69573043101e-16, 8.11599494428e-16, 2.74657235881e-16, 3.03003802265e-16],
        "var": [1.0733211866e-06, 7.79199524459e-07, 1.19700769119e-06, 1.49782238168e-06, 1.00023919458e-06, 4.2551732804e-07, 2.17883467712e-07, 2.53919552051e-07, 1.80231438662e-07, 2.41781663135e-07, 3.15138379392e-07, 3.76073160169e-07, 1.14934344708e-07, 3.6222328248e-08, 2.45710172209e-08, 1.84303790007e-08, 1.5330686054e-08, 8.08932298924e-09, 5.39841948921e-09, 4.81093476168e-09, 2.75370126701e-09, 2.31350649749e-09, 1.93972193863e-09, 1.3629972706e-09, 7.69512009668e-10, 9.87561254995e-10, 9.94970661417e-10, 1.12818487885e-09, 2.29497185145e-10, 1.04973106596e-10, 1.15917636601e-10, 1.24297391824e-10, 9.36179050948e-11, 5.0193429274e-11, 4.04934384635e-11, 2.91380947148e-11, 2.09394532963e-11, 1.03853332184e-11, 8.75485621499e-12, 2.64990611919e-12]
    },
    "mfcc": {
        "mean": [-634.571105957, 124.296920776, 0.357825696468, 26.0004405975, 0.271141380072, 0.93915271759, 2.97063660622, 6.30117225647, -2.08937597275, 8.31440448761, -3.68165707588, -1.35013794899, -0.516644954681],
        "cov": [[4479.52050781, -1621.78845215, -1073.94091797, -505.687408447, -254.332473755, -47.5754089355, -10.9610443115, -67.6648788452, -139.410354614, -43.2211036682, -166.517410278, -87.3470535278, -52.6645355225], [-1621.78845215, 1402.20727539, 315.314483643, 194.318756104, 83.849395752, -37.4228401184, 86.0168838501, 3.29301261902, -25.5239105225, 63.7868690491, 37.9002456665, 56.9964561462, 41.5771522522], [-1073.94091797, 315.314483643, 1311.18945312, 223.783813477, 163.596282959, 89.3105621338, -71.901473999, -8.07301998138, 38.1517448425, -43.0924530029, 109.451347351, 34.4832305908, 38.1022415161], [-505.687408447, 194.318756104, 223.783813477, 369.587860107, 138.531829834, -49.2934646606, -11.4471826553, 3.33795070648, 20.9399681091, 35.5447425842, -27.4131069183, 32.0469398499, 42.744342804], [-254.332473755, 83.849395752, 163.596282959, 138.531829834, 245.479217529, -14.110077858, -64.9637374878, -14.026427269, 26.1113452911, 13.5384702682, -25.6103649139, 5.00258493423, 29.8763828278], [-47.5754089355, -37.4228401184, 89.3105621338, -49.2934646606, -14.110077858, 192.180633545, 19.1378574371, 0.63362711668, 1.60453510284, -35.8536567688, 29.5923156738, -12.4190654755, -23.7712974548], [-10.9610443115, 86.0168838501, -71.901473999, -11.4471826553, -64.9637374878, 19.1378574371, 251.982696533, 36.290725708, -59.1358184814, 38.5453186035, -9.29787731171, -13.3511610031, 0.301137715578], [-67.6648788452, 3.29301261902, -8.07301998138, 3.33795070648, -14.026427269, 0.63362711668, 36.290725708, 95.108543396, 23.8684368134, -0.568210721016, -9.58110141754, 0.515843331814, 4.99154567719], [-139.410354614, -25.5239105225, 38.1517448425, 20.9399681091, 26.1113452911, 1.60453510284, -59.1358184814, 23.8684368134, 125.234069824, 9.98770046234, -3.64963364601, -10.6130981445, -17.5464401245], [-43.2211036682, 63.7868690491, -43.0924530029, 35.5447425842, 13.5384702682, -35.8536567688, 38.5453186035, -0.568210721016, 9.98770046234, 116.824645996, 2.07979154587, -7.54737281799, -1.96213889122], [-166.517410278, 37.9002456665, 109.451347351, -27.4131069183, -25.6103649139, 29.5923156738, -9.29787731171, -9.58110141754, -3.64963364601, 2.07979154587, 115.509963989, 22.0696735382, -8.30330085754], [-87.3470535278, 56.9964561462, 34.4832305908, 32.0469398499, 5.00258493423, -12.4190654755, -13.3511610031, 0.515843331814, -10.6130981445, -7.54737281799, 22.0696735382, 87.9409103394, 30.7437286377], [-52.6645355225, 41.5771522522, 38.1022415161, 42.744342804, 29.8763828278, -23.7712974548, 0.301137715578, 4.99154567719, -17.5464401245, -1.96213889122, -8.30330085754, 30.7437286377, 88.8564682007]],
