{
"lowlevel": {
    "average_loudness": 0.83346003294,
    "barkbands_crest": {
        "dmean": 1.97785031796,
        "dmean2": 3.19406509399,
        "dvar": 4.48522043228,
        "dvar2": 11.3054504395,
        "max": 26.6609134674,
        "mean": 9.42651462555,
        "median": 8.86333370209,
        "min": 2.42426490784,
        "var": 15.1332445145
    },
    "barkbands_flatness_db": {
        "dmean": 0.0161699950695,
        "dmean2": 0.0244447402656,
        "dvar": 0.000369591580238,
        "dvar2": 0.000766226788983,
        "max": 0.425534158945,
        "mean": 0.152409642935,
        "median": 0.139145091176,
        "min": 0.0199498198926,
        "var": 0.00371323339641
    },
    "barkbands_kurtosis": {
        "dmean": 2.7966234684,
        "dmean2": 4.43518400192,
        "dvar": 320.566772461,
        "dvar2": 920.348876953,
        "max": 1076.02478027,
        "mean": 4.46340417862,
        "median": 0.874976634979,
        "min": -1.91779589653,
        "var": 244.112319946
    },
    "barkbands_skewness": {
        "dmean": 0.433203160763,
        "dmean2": 0.647516310215,
        "dvar": 0.491594612598,
        "dvar2": 1.15719950199,
        "max": 29.6557292938,
        "mean": 1.28081572056,
        "median": 1.11453378201,
        "min": -3.19332647324,
        "var": 2.16801428795
    },
    "barkbands_spread": {
        "dmean": 4.59508800507,
        "dmean2": 7.04052400589,
        "dvar": 43.5113945007,
        "dvar2": 88.9278793335,
        "max": 100.907608032,
        "mean": 23.4166870117,
        "median": 20.5020923615,
        "min": 0.233685478568,
        "var": 238.098815918
    },
    "dissonance": {
        "dmean": 0.0170824434608,
        "dmean2": 0.0287184026092,
        "dvar": 0.000326050911099,
        "dvar2": 0.000879746803548,
        "max": 0.500000119209,
        "mean": 0.461675167084,
        "median": 0.468730717897,
        "min": 0.206270754337,
        "var": 0.000925710250158
    },
    "dynamic_complexity": 4.87725019455,
    "erbbands_crest": {
        "dmean": 2.02807641029,
        "dmean2": 3.19487547874,
        "dvar": 3.96729063988,
        "dvar2": 9.45063114166,
        "max": 27.6644001007,
        "mean": 9.06339836121,
        "median": 8.36616802216,
        "min": 2.1611931324,
        "var": 14.1908273697
    },
    "erbbands_flatness_db": {
        "dmean": 0.0140501810238,
        "dmean2": 0.0207429565489,
        "dvar": 0.000248283846304,
        "dvar2": 0.00049109471729,
        "max": 0.341210156679,
        "mean": 0.172524064779,
        "median": 0.173782974482,
        "min": 0.0628033205867,
        "var": 0.00151742412709
    },
    "erbbands_kurtosis": {
        "dmean": 0.759044706821,
        "dmean2": 1.17142391205,
        "dvar": 1.42151296139,
        "dvar2": 2.84348773956,
        "max": 46.973449707,
        "mean": 0.419406563044,
        "median": -0.203724384308,
        "min": -1.76360309124,
        "var": 5.05312824249
    },
    "erbbands_skewness": {
        "dmean": 0.308771401644,
        "dmean2": 0.463539421558,
        "dvar": 0.0997070893645,
        "dvar2": 0.20516577363,
        "max": 4.53764915466,
        "mean": 0.154515117407,
        "median": 0.145445659757,
        "min": -5.83028793335,
        "var": 0.788645088673
    },
    "erbbands_spread": {
        "dmean": 6.46141624451,
        "dmean2": 9.83010005951,
        "dvar": 81.2048034668,
        "dvar2": 178.724121094,
        "max": 148.064971924,
        "mean": 35.5502128601,
        "median": 32.419002533,
        "min": 3.94666266441,
        "var": 287.355957031
    },
    "hfc": {
        "dmean": 3.44587898254,
        "dmean2": 4.92155313492,
        "dvar": 46.1061820984,
        "dvar2": 85.5542678833,
        "max": 155.412002563,
        "mean": 14.692281723,
        "median": 5.41928386688,
        "min": 1.15612704876e-16,
        "var": 322.056732178
    },
    "melbands_crest": {
        "dmean": 2.43371510506,
        "dmean2": 3.86296105385,
        "dvar": 6.35660791397,
        "dvar2": 15.398979187,
        "max": 39.1808738708,
        "mean": 12.739282608,
        "median": 12.0442266464,
        "min": 2.4086420536,
        "var": 26.2962093353
    },
    "melbands_flatness_db": {
        "dmean": 0.0195008330047,
        "dmean2": 0.0285347755998,
        "dvar": 0.000577474653255,
        "dvar2": 0.00110484473407,
        "max": 0.530880331993,
        "mean": 0.202106967568,
        "median": 0.186217591166,
        "min": 0.00594236701727,
        "var": 0.00805695634335
    },
    "melbands_kurtosis": {
        "dmean": 5.64722251892,
        "dmean2": 8.74522399902,
        "dvar": 287.629425049,
        "dvar2": 724.561523438,
        "max": 471.203155518,
        "mean": 11.7460517883,
        "median": 5.05011940002,
        "min": -1.85563254356,
        "var": 464.087249756
    },
    "melbands_skewness": {
        "dmean": 0.534904301167,
        "dmean2": 0.7993901968,
        "dvar": 0.562314212322,
        "dvar2": 1.25861811638,
        "max": 18.7092571259,
        "mean": 2.25730395317,
        "median": 1.97568380833,
        "min": -2.13535571098,
        "var": 2.79806041718
    },
    "melbands_spread": {
        "dmean": 6.50561714172,
        "dmean2": 9.70765113831,
        "dvar": 99.6793441772,
        "dvar2": 190.561828613,
        "max": 236.406524658,
        "mean": 31.5305347443,
        "median": 23.4789600372,
        "min": 0.518849909306,
        "var": 723.55065918
    },
    "pitch_salience": {
        "dmean": 0.0567353665829,
        "dmean2": 0.0920858681202,
        "dvar": 0.00331376888789,
        "dvar2": 0.00854177307338,
        "max": 0.933511674404,
        "mean": 0.558531463146,
        "median": 0.55535030365,
        "min": 0.0347194932401,
        "var": 0.0125533780083
    },
    "silence_rate_20dB": {
        "dmean": 0,
        "dmean2": 0,
        "dvar": 0,
        "dvar2": 0,
        "max": 1,
        "mean": 1,
        "median": 1,
        "min": 1,
        "var": 0
    },
    "silence_rate_30dB": {
        "dmean": 0,
        "dmean2": 0,
        "dvar": 0,
        "dvar2": 0,
        "max": 1,
        "mean": 1,
        "median": 1,
        "min": 1,
        "var": 0
    },
    "silence_rate_60dB": {
        "dmean": 0.0480769239366,
        "dmean2": 0.0961651206017,
        "dvar": 0.0457670837641,
        "dvar2": 0.0965469479561,
        "max": 1,
        "mean": 0.210927426815,
        "median": 0,
        "min": 0,
        "var": 0.166419029236
    },
    "spectral_centroid": {
        "dmean": 205.722320557,
        "dmean2": 308.03817749,
        "dvar": 86947.109375,
        "dvar2": 154739.265625,
        "max": 10943.1259766,
        "mean": 1667.32824707,
        "median": 1521.93457031,
        "min": 163.202529907,
        "var": 974214.8125
    },
    "spectral_complexity": {
        "dmean": 2.02767348289,
        "dmean2": 3.27383613586,
        "dvar": 6.13473796844,
        "dvar2": 14.659945488,
        "max": 53,
        "mean": 12.69140625,
        "median": 11,
        "min": 0,
        "var": 84.8207168579
    },
    "spectral_decrease": {
        "dmean": 5.3173099257e-10,
        "dmean2": 7.78747788477e-10,
        "dvar": 4.81764205918e-19,
        "dvar2": 9.58941488544e-19,
        "max": -2.20890908807e-29,
        "mean": -2.54023557744e-09,
        "median": -2.21848051041e-09,
        "min": -9.18714970766e-09,
        "var": 3.30960401795e-18
    },
    "spectral_energy": {
        "dmean": 0.00225890427828,
        "dmean2": 0.00328133604489,
        "dvar": 8.81885534909e-06,
        "dvar2": 1.70063249243e-05,
        "max": 0.0389638990164,
        "mean": 0.010920076631,
        "median": 0.00910961907357,
        "min": 1.05697776829e-20,
        "var": 6.70675799483e-05
    },
    "spectral_energyband_high": {
        "dmean": 0.000227942073252,
        "dmean2": 0.000342639017617,
        "dvar": 4.00686161584e-07,
        "dvar2": 8.29309556138e-07,
        "max": 0.021720290184,
        "mean": 0.000578340957873,
        "median": 0.00013404461788,
        "min": 7.26930845956e-21,
        "var": 1.14582553579e-06
    },
    "spectral_energyband_low": {
        "dmean": 0.000866793096066,
        "dmean2": 0.00133131525945,
        "dvar": 3.16436967296e-06,
        "dvar2": 7.12052724339e-06,
        "max": 0.0253790281713,
        "mean": 0.00255201547407,
        "median": 0.00171800144017,
        "min": 9.2709035107e-23,
        "var": 8.0875470303e-06
    },
    "spectral_energyband_middle_high": {
        "dmean": 0.000935569987632,
        "dmean2": 0.00134224758949,
        "dvar": 3.0688215702e-06,
        "dvar2": 5.65483605897e-06,
        "max": 0.0318344607949,
        "mean": 0.00419230479747,
        "median": 0.00113375217188,
        "min": 1.94055501378e-21,
        "var": 3.14334356517e-05
    },
    "spectral_energyband_middle_low": {
        "dmean": 0.00119947094936,
        "dmean2": 0.00186234060675,
        "dvar": 3.43964256899e-06,
        "dvar2": 7.83895939094e-06,
        "max": 0.0277386158705,
        "mean": 0.0037899708841,
        "median": 0.00245388154872,
        "min": 2.32512750711e-22,
        "var": 1.39157400554e-05
    },
    "spectral_entropy": {
        "dmean": 0.139267325401,
        "dmean2": 0.208997532725,
        "dvar": 0.0295387804508,
        "dvar2": 0.0579955615103,
        "max": 9.79137516022,
        "mean": 7.34662103653,
        "median": 7.34234666824,
        "min": 5.53716039658,
        "var": 0.22277790308
    },
    "spectral_flux": {
        "dmean": 0.0133593762293,
        "dmean2": 0.0212456788868,
        "dvar": 0.000266710674623,
        "dvar2": 0.000606687157415,
        "max": 0.195472151041,
        "mean": 0.0453314445913,
        "median": 0.0374442376196,
        "min": 1.02809420699e-10,
        "var": 0.00097122072475
    },
    "spectral_kurtosis": {
        "dmean": 1.77392923832,
        "dmean2": 2.97090601921,
        "dvar": 5.51346206665,
        "dvar2": 14.0224218369,
        "max": 56.6702919006,
        "mean": 5.23785257339,
        "median": 4.19935321808,
        "min": -1.3404084444,
        "var": 18.5949039459
    },
    "spectral_rms": {
        "dmean": 0.000345274689607,
        "dmean2": 0.00049373524962,
        "dvar": 1.72206441107e-07,
        "dvar2": 3.20100866702e-07,
        "max": 0.00616551376879,
        "mean": 0.0029831645079,
        "median": 0.00298117985949,
        "min": 3.21122685734e-12,
        "var": 1.75445154582e-06
    },
    "spectral_rolloff": {
        "dmean": 365.824615479,
        "dmean2": 611.008178711,
        "dvar": 719255.125,
        "dvar2": 1493323.5,
        "max": 18927.6855469,
        "mean": 1929.60913086,
        "median": 1378.125,
        "min": 21.533203125,
        "var": 2822251.5
    },
    "spectral_skewness": {
        "dmean": 0.219766840339,
        "dmean2": 0.35503000021,
        "dvar": 0.0608016997576,
        "dvar2": 0.138099133968,
        "max": 6.12231206894,
        "mean": 1.58305466175,
        "median": 1.4279538393,
        "min": -0.459070414305,
        "var": 0.391067057848
    },
    "spectral_spread": {
        "dmean": 532473.4375,
        "dmean2": 795028.5625,
        "dvar": 922496729088,
        "dvar2": 1.62977572454e+12,
        "max": 41207240,
        "mean": 4289965,
        "median": 3871911.75,
        "min": 1401006.5,
        "var": 2.72058731725e+12
    },
    "spectral_strongpeak": {
        "dmean": 0.615705907345,
        "dmean2": 1.04058885574,
        "dvar": 2.08314776421,
        "dvar2": 5.05823135376,
        "max": 17.3438529968,
        "mean": 1.3133263588,
        "median": 0.303460478783,
        "min": 0,
        "var": 5.32531547546
    },
    "zerocrossingrate": {
        "dmean": 0.00885679665953,
        "dmean2": 0.0103411180899,
        "dvar": 0.000157739515998,
        "dvar2": 0.000158823706442,
        "max": 0.52392578125,
        "mean": 0.0663809999824,
        "median": 0.060546875,
        "min": 0.00244140625,
        "var": 0.0018094542902
    },
    "barkbands": {
        "dmean": [5.36219704372e-05, 0.00067094550468, 0.000286908529233, 0.000184358141269, 0.000420466996729, 0.000302524596918, 0.000201667819056, 0.000167046091519, 0.000463953067083, 0.000204568947083, 0.000132580869831, 0.000175929191755, 0.000152942040586, 0.000218195928028, 0.000145161888213, 0.000135950293043, 9.50636458583e-05, 0.000142035554745, 0.000256101600826, 0.000283023953671, 4.55686022178e-05, 4.32011147495e-05, 3.03335218632e-05, 3.47649765899e-05, 1.9660748876e-05, 8.37286188471e-06, 1.12889388504e-07],
        "dmean2": [9.08615256776e-05, 0.00103726855014, 0.000471664534416, 0.000322468986269, 0.000691330234986, 0.000475545559311, 0.000313406431815, 0.000262993416982, 0.000676467549056, 0.000311433541356, 0.000200745154871, 0.000270963791991, 0.000227507087402, 0.000331909337547, 0.000232677310123, 0.000213683830225, 0.000156010151841, 0.000222479589866, 0.000393872440327, 0.00040793439257, 7.45458819438e-05, 6.8350804213e-05, 4.78797446704e-05, 5.34432219865e-05, 3.02069729514e-05, 1.38124123623e-05, 1.83760207051e-07],
        "dvar": [1.8556907122e-08, 2.47881166615e-06, 4.25253176672e-07, 2.22994756882e-07, 6.62610375457e-07, 4.35945963773e-07, 5.07765946622e-07, 3.33911856387e-07, 1.25649648908e-06, 2.46282837679e-07, 1.52362318318e-07, 2.52860274941e-07, 1.79582414717e-07, 3.27194243255e-07, 2.00341204959e-07, 2.46217041422e-07, 9.08206203576e-08, 1.34628422188e-07, 3.93267868048e-07, 4.47960104566e-07, 2.21567422187e-08, 4.00724360361e-08, 1.28657271503e-08, 3.32956666682e-08, 7.34010496828e-09, 1.20023246897e-09, 2.94417051502e-13],
        "dvar2": [5.00377801416e-08, 5.68341511098e-06, 1.20675440485e-06, 6.54738585126e-07, 1.7683871647e-06, 1.02195224372e-06, 1.1170769767e-06, 7.95555934019e-07, 2.68704457085e-06, 5.43733449376e-07, 3.04580282773e-07, 5.57283328817e-07, 3.5143065702e-07, 7.2953326935e-07, 5.06252717969e-07, 5.47724368971e-07, 2.24231641255e-07, 3.27304292114e-07, 8.34685351947e-07, 8.29786984013e-07, 5.61826531964e-08, 8.64038582904e-08, 2.74639191389e-08, 7.34479002062e-08, 1.61588982195e-08, 3.0995577216e-09, 7.47646681978e-13],
        "max": [0.00232321210206, 0.0243616625667, 0.00968430005014, 0.00658416561782, 0.0195551067591, 0.0181122049689, 0.018652735278, 0.0136942295358, 0.0247237700969, 0.0123319523409, 0.0199228767306, 0.0139132160693, 0.0145009793341, 0.0169354639947, 0.0150350341573, 0.018370071426, 0.00711674056947, 0.0117940390483, 0.0158282276243, 0.0143172740936, 0.00541660143062, 0.0137049145997, 0.00388269266114, 0.00732718687505, 0.00445648934692, 0.000748195918277, 1.15726707008e-05],
        "mean": [7.70314291003e-05, 0.00154822610784, 0.000786035961937, 0.000299608305795, 0.000974624941591, 0.000658634235151, 0.000336783647072, 0.000259956606897, 0.00114836904686, 0.000400588382035, 0.00028121744981, 0.000371072092094, 0.000326544744894, 0.000509585719556, 0.000267699419055, 0.000240344597842, 0.000193598199985, 0.000328538590111, 0.000673058384564, 0.00091081490973, 8.88472859515e-05, 7.60850525694e-05, 5.80653577344e-05, 5.94195844315e-05, 3.49487672793e-05, 1.02316898847e-05, 1.4183068231e-07],
        "median": [2.16228072532e-05, 0.000909527472686, 0.000435165595263, 0.000175982844667, 0.000478400441352, 0.000251335761277, 0.000120274518849, 8.39181157062e-05, 0.000199711794266, 7.64766227803e-05, 5.42133930139e-05, 5.50963377464e-05, 5.64454348932e-05, 6.056926577e-05, 3.92402653233e-05, 4.3163265218e-05, 3.35467520927e-05, 5.23900998814e-05, 8.05960371508e-05, 7.07603176124e-05, 1.58626389748e-05, 1.14490285341e-05, 1.251145477e-05, 1.48394065036e-05, 9.43359009398e-06, 1.9680146579e-06, 8.22216572605e-10],
        "min": [3.81785840604e-24, 2.69904782862e-23, 4.65351004365e-23, 2.86967938906e-23, 1.47300588953e-23, 4.05332163222e-23, 7.59998756618e-23, 3.03810560994e-23, 3.89263003474e-23, 6.68362969928e-23, 7.0643585846e-23, 9.48135456082e-23, 9.80346350782e-23, 1.8707777045e-22, 1.61155144772e-22, 1.85089058419e-22, 1.87793778473e-22, 4.56302996974e-22, 2.74726149254e-22, 2.86851408373e-22, 4.01197137372e-22, 3.05774881446e-22, 5.63617716011e-22, 9.24852245397e-22, 1.08060342791e-21, 1.90030912269e-21, 2.27489249126e-21],
        "var": [2.41013751179e-08, 4.6032228056e-06, 9.88053557194e-07, 2.02840908514e-07, 2.72866259365e-06, 1.69141196693e-06, 7.86480313764e-07, 4.58554836769e-07, 4.9661553021e-06, 8.40171821892e-07, 5.18933973126e-07, 8.46485022521e-07, 8.66507605224e-07, 1.53367602707e-06, 4.6435997092e-07, 4.46432892431e-07, 2.59652750856e-07, 4.26782207796e-07, 1.67550501828e-06, 2.95908603221e-06, 4.67139358307e-08, 8.40380920408e-08, 2.50636169596e-08, 4.41460237255e-08, 1.21108918449e-08, 1.10256848096e-09, 4.51273729756e-13]
    },
    "erbbands": {
        "dmean": [0.0242967233062, 0.144341677427, 0.306481480598, 0.469765365124, 0.977451443672, 1.59221327305, 2.32886242867, 2.33305549622, 2.73077607155, 2.81527066231, 4.72169208527, 9.44313335419, 8.58724880219, 5.24312114716, 5.28593301773, 5.75064373016, 6.21902179718, 8.54431724548, 8.8383398056, 7.03637456894, 7.19600248337, 5.07568264008, 6.06461429596, 9.35460186005, 14.1985549927, 10.3127355576, 2.52704811096, 1.61430537701, 1.58524155617, 1.2246941328, 0.834220349789, 0.791048943996, 0.518068194389, 0.267776250839, 0.115368545055, 0.0499594733119, 0.014665725641, 0.000689647218678, 2.40249901253e-05, 4.01893066737e-06],
        "dmean2": [0.0368583537638, 0.226105675101, 0.499847501516, 0.81655216217, 1.67719483376, 2.62220311165, 3.53677868843, 3.65578317642, 4.28130149841, 4.39852142334, 7.17784452438, 13.8524503708, 12.573595047, 7.85293054581, 7.98025560379, 8.85068893433, 9.23777866364, 13.0699043274, 13.7894306183, 10.9906377792, 11.2009162903, 8.25819396973, 9.57652950287, 14.3628759384, 20.8378887177, 14.7166118622, 3.93139863014, 2.62130665779, 2.52175712585, 1.92648744583, 1.3042986393, 1.20772659779, 0.808041274548, 0.408156216145, 0.181070789695, 0.0816251784563, 0.0245320834219, 0.00112179678399, 3.7745849113e-05, 5.89523642702e-06],
        "dvar": [0.00352227780968, 0.121869631112, 0.483438283205, 1.5522595644, 4.40395689011, 11.3136453629, 31.5124664307, 29.9928531647, 118.666511536, 79.9199142456, 218.056610107, 795.498535156, 388.946472168, 211.319595337, 143.530685425, 276.49319458, 277.070983887, 448.034851074, 794.122619629, 540.011352539, 725.578308105, 239.351913452, 223.46270752, 471.655456543, 1105.74353027, 616.619750977, 41.315410614, 40.2823143005, 60.5832595825, 21.4386386871, 9.97926330566, 15.0059280396, 7.18589067459, 1.98144137859, 0.166752263904, 0.0331436060369, 0.00573394680396, 8.14904069557e-06, 7.89049448002e-09, 5.89632370707e-11],
        "dvar2": [0.00842093396932, 0.298816412687, 1.32672262192, 4.57616281509, 12.7944927216, 31.7947216034, 62.7341461182, 70.7935943604, 260.267913818, 190.480743408, 471.186706543, 1752.63134766, 812.248046875, 417.195373535, 330.757049561, 638.495788574, 561.103393555, 930.771179199, 1896.61987305, 1187.08898926, 1554.78356934, 590.865539551, 559.29510498, 1042.11364746, 2103.22485352, 1089.3137207, 91.9668655396, 96.9650268555, 129.08757019, 46.705329895, 20.9705924988, 30.7123413086, 16.6932296753, 4.35053682327, 0.388018399477, 0.0850559175014, 0.0149259632453, 2.04583939194e-05, 1.88803817025e-08, 1.26499227759e-10],
        "max": [0.796586155891, 5.43955278397, 11.3469581604, 18.3779067993, 35.8141708374, 108.149940491, 217.694320679, 140.292404175, 317.453155518, 341.455627441, 383.743896484, 768.8984375, 499.951873779, 694.583190918, 379.821533203, 536.448364258, 577.016601562, 997.557189941, 685.333435059, 1036.73937988, 1113.80200195, 369.572998047, 455.779205322, 480.805541992, 658.29864502, 845.499206543, 256.067016602, 290.085296631, 545.558044434, 198.782394409, 127.884674072, 163.244369507, 132.171585083, 86.6195602417, 11.6564645767, 4.32451105118, 1.70158874989, 0.0582668744028, 0.00217839959078, 0.000182202609722],
        "mean": [0.0489704981446, 0.330341488123, 0.894395232201, 0.962052583694, 1.64126563072, 3.55709075928, 5.7275724411, 5.04929590225, 4.68088912964, 4.94179439545, 8.75154209137, 20.5737781525, 23.2786846161, 12.4513711929, 11.9172554016, 12.9509067535, 15.2542324066, 20.7412452698, 19.4310150146, 15.0301055908, 13.7319431305, 11.3017168045, 15.2672605515, 27.1292724609, 46.8505783081, 36.8032417297, 7.04775047302, 2.9565615654, 2.74433207512, 2.23395490646, 1.57252085209, 1.33316290379, 0.898388624191, 0.483587086201, 0.190060764551, 0.0679607018828, 0.0155701283365, 0.000882257474586, 3.69553708879e-05, 1.61263615155e-05],
        "median": [0.0257993172854, 0.191386550665, 0.493533402681, 0.630767166615, 0.977281689644, 1.5704574585, 1.86239039898, 2.01335024834, 1.73409056664, 2.12646913528, 3.04081249237, 3.93160009384, 3.96287798882, 4.22452831268, 3.41853618622, 2.72114300728, 3.3084089756, 3.28040075302, 2.68639159203, 2.56033110619, 2.70098996162, 2.15523600578, 2.59209179878, 4.04171943665, 4.30875682831, 3.27691650391, 1.09556627274, 0.523283362389, 0.406462073326, 0.420113354921, 0.338648617268, 0.31319668889, 0.227117955685, 0.124300047755, 0.0525169409811, 0.0156552027911, 0.00231613079086, 9.96236412902e-05, 1.03403990579e-05, 1.18352572827e-05],
        "min": [5.89691323355e-22, 7.64347116962e-21, 4.18865747568e-20, 8.60930486274e-20, 6.0363912329e-20, 5.1273882406e-20, 1.68059499974e-19, 3.52544092727e-19, 1.11134589749e-18, 6.93413565083e-19, 8.58339782445e-19, 9.16478171798e-19, 1.12509539703e-18, 2.56109076319e-18, 3.28051600491e-18, 3.96999048422e-18, 4.25700230444e-18, 1.03649122193e-17, 8.84149285802e-18, 8.14243507773e-18, 1.10956725238e-17, 1.35472538797e-17, 2.41671420413e-17, 1.08314073432e-17, 1.82937345213e-17, 1.25301236471e-17, 1.22771685071e-17, 1.8286007e-17, 1.13360346662e-17, 1.25466283819e-17, 1.68432203776e-17, 1.95923220562e-17, 1.42840625288e-17, 1.11113219538e-17, 8.02419043634e-18, 7.40912374827e-18, 3.69901976403e-18, 1.05898919043e-18, 2.84809865431e-19, 3.70837864058e-20],
        "var": [0.00597619405016, 0.206609234214, 1.32730257511, 1.58243203163, 5.13542127609, 46.2917404175, 173.893264771, 101.657272339, 187.949310303, 108.385253906, 415.266357422, 2102.13500977, 2307.14770508, 761.114807129, 508.447662354, 856.144592285, 1496.22302246, 1738.40991211, 2735.94580078, 1695.53564453, 1466.65930176, 820.014709473, 878.253540039, 2161.8190918, 7081.61181641, 4910.6328125, 183.096694946, 71.6964950562, 126.447387695, 43.027256012, 19.4898777008, 23.0024337769, 8.73182010651, 3.20317649841, 0.238414049149, 0.0355763807893, 0.00460365181789, 8.08610275271e-06, 9.34176558332e-09, 2.09319811484e-10]
    },
    "gfcc": {
        "mean": [-65.1223068237, 98.246421814, -123.742027283, 40.2309761047, -60.1027336121, 15.5010566711, -34.5181236267, 17.8100414276, -29.3300800323, 1.61531305313, -8.1053276062, -6.90847587585, -7.01064395905],
        "cov": [[8186.70361328, -2524.10595703, -1683.9128418, 280.426879883, -432.35647583, 35.5156211853, -29.7895679474, 358.560577393, -429.326873779, 284.18182373, -32.9828071594, 37.5917472839, -178.583221436], [-2524.10595703, 2015.83068848, 818.574523926, -22.603597641, 247.396377563, -63.8267097473, 182.186203003, -158.543960571, 155.86378479, -155.897796631, 153.594924927, -166.190078735, 135.696502686], [-1683.9128418, 818.574523926, 1464.6439209, 162.083877563, 54.777671814, 142.7915802, -90.6361236572, -16.6427021027, 70.1854934692, -92.6352157593, -5.51154518127, 24.3435497284, -7.41238975525], [280.426879883, -22.603597641, 162.083877563, 332.501953125, 22.6658306122, 22.211019516, 9.54491996765, 41.1154060364, 3.76136183739, 0.981408298016, 19.085144043, -12.6047019958, 21.8789577484], [-432.35647583, 247.396377563, 54.777671814, 22.6658306122, 251.820907593, 19.9490871429, 81.4897918701, -1.78239870071, 40.0287132263, 2.44003152847, 28.9247283936, -10.6941957474, 16.9533596039], [35.5156211853, -63.8267097473, 142.7915802, 22.211019516, 19.9490871429, 240.212600708, 34.755153656, 12.0452747345, -10.7691898346, 19.876083374, -16.1266670227, 6.75759458542, -16.7594261169], [-29.7895679474, 182.186203003, -90.6361236572, 9.54491996765, 81.4897918701, 34.755153656, 259.521636963, 14.050901413, -9.5535402298, 23.8681411743, 63.534160614, -52.9694900513, -5.29119062424], [358.560577393, -158.543960571, -16.6427021027, 41.1154060364, -1.78239870071, 12.0452747345, 14.050901413, 138.525421143, -3.26194357872, 16.0910148621, 2.47149801254, -5.33300018311, -5.50580835342], [-429.326873779, 155.86378479, 70.1854934692, 3.76136183739, 40.0287132263, -10.7691898346, -9.5535402298, -3.26194357872, 149.755020142, -2.67277979851, -27.8883743286, 8.4785823822, 15.0883312225], [284.18182373, -155.897796631, -92.6352157593, 0.981408298016, 2.44003152847, 19.876083374, 23.8681411743, 16.0910148621, -2.67277979851, 96.5025939941, 13.4178781509, 0.931210935116, -18.5957832336], [-32.9828071594, 153.594924927, -5.51154518127, 19.085144043, 28.9247283936, -16.1266670227, 63.534160614, 2.47149801254, -27.8883743286, 13.4178781509, 132.007751465, -32.8467712402, 15.5574417114], [37.5917472839, -166.190078735, 24.3435497284, -12.6047019958, -10.6941957474, 6.75759458542, -52.9694900513, -5.33300018311, 8.4785823822, 0.931210935116, -32.8467712402, 124.937057495, -6.23117256165], [-178.583221436, 135.696502686, -7.41238975525, 21.8789577484, 16.9533596039, -16.7594261169, -5.29119062424, -5.50580835342, 15.0883312225, -18.5957832336, 15.5574417114, -6.23117256165, 97.8121185303]],
        "icov": [[0.000307633425109, 6.07022302574e-05, 0.000317801663186, -0.000396072195144, 0.000289059127681, -0.00011163920135, 0.000101679477666, -0.000504124793224, 0.000565386842936, -0.000352724833647, 6.06065368629e-05, -6.46751213935e-05, 0.000329994276399], [6.07022302574e-05, 0.00206754892133, -0.00115855585318, 0.000769841019064, -0.000797918648459, 0.000844991358463, -0.00131138542201, 0.00169069238473, -0.00139400002081, 0.00171929062344, -0.00141658610664, 0.0020565406885, -0.00181197514758], [0.000317801663186, -0.00115855585318, 0.00197776500136, -0.00134099938441, 0.000635148957372, -0.00130524684209, 0.00136425823439, -0.00144555419683, 0.000978570664302, -0.000394261151087, 0.000458103546407, -0.00136345950887, 0.00191042490769], [-0.000396072195144, 0.000769841019064, -0.00134099938441, 0.00429687323049, -0.00085517129628, 0.000463572738227, -0.000728515558876, 0.000349251029547, -0.00119822076522, 0.000800879730377, -0.000876401143614, 0.00118626642507, -0.00209395051934], [0.000289059127681, -0.000797918648459, 0.000635148957372, -0.00085517129628, 0.00548076024279, -0.000685250852257, -0.000882991997059, -0.00102503388189, -0.000202233815799, -0.00103830499575, 1.5450275896e-05, -0.00122210010886, 0.000454795139376], [-0.00011163920135, 0.000844991358463, -0.00130524684209, 0.000463572738227, -0.000685250852257, 0.00543433986604, -0.00165422842838, 0.000701518787537, 6.57358177705e-05, -0.00064078066498, 0.000787350756582, 0.000602230080403, -0.000797627784777], [0.000101679477666, -0.00131138542201, 0.00136425823439, -0.000728515558876, -0.000882991997059, -0.00165422842838, 0.00643978267908, -0.00159194436856, 0.00104820507113, -0.00145808490925, -0.00117560476065, 0.000300636573229, 0.00216688890941], [-0.000504124793224, 0.00169069238473, -0.00144555419683, 0.000349251029547, -0.00102503388189, 0.000701518787537, -0.00159194436856, 0.0101130791008, -0.00222906237468, 0.00114967150148, -0.00117265142035, 0.0020937002264, -0.00179028720595], [0.000565386842936, -0.00139400002081, 0.000978570664302, -0.00119822076522, -0.000202233815799, 6.57358177705e-05, 0.00104820507113, -0.00222906237468, 0.0100433463231, -0.00295544392429, 0.00350087694824, -0.00172135571484, 0.000508277618792], [-0.000352724833647, 0.00171929062344, -0.000394261151087, 0.000800879730377, -0.00103830499575, -0.00064078066498, -0.00145808490925, 0.00114967150148, -0.00295544392429, 0.0146069638431, -0.00328105362132, 0.00118882476818, 0.000648329150863], [6.06065368629e-05, -0.00141658610664, 0.000458103546407, -0.000876401143614, 1.5450275896e-05, 0.000787350756582, -0.00117560476065, -0.00117265142035, 0.00350087694824, -0.00328105362132, 0.0112221250311, 3.54828734999e-05, -0.000637203920633], [-6.46751213935e-05, 0.0020565406885, -0.00136345950887, 0.00118626642507, -0.00122210010886, 0.000602230080403, 0.000300636573229, 0.0020937002264, -0.00172135571484, 0.00118882476818, 3.54828734999e-05, 0.0112571902573, -0.00168765464332], [0.000329994276399, -0.00181197514758, 0.00191042490769, -0.00209395051934, 0.000454795139376, -0.000797627784777, 0.00216688890941, -0.00179028720595, 0.000508277618792, 0.000648329150863, -0.000637203920633, -0.00168765464332, 0.0137927597389]]
    },
    "melbands": {
        "dmean": [0.000196342662093, 0.000158780036145, 9.20216989471e-05, 9.00124723557e-05, 7.7908502135e-05, 5.36071784154e-05, 4.10178254242e-05, 3.11523253913e-05, 4.59552575194e-05, 6.20881546638e-05, 4.30511645391e-05, 2.25113908527e-05, 1.8230481146e-05, 2.05844371521e-05, 1.44661134982e-05, 1.59370338224e-05, 1.67328053067e-05, 1.67287817021e-05, 1.12419302241e-05, 8.63579862198e-06, 9.22021808947e-06, 5.86860960539e-06, 4.38744564235e-06, 8.01120586402e-06, 8.07681681181e-06, 1.04374248622e-05, 1.47841674334e-05, 6.39468407826e-06, 2.02601972887e-06, 9.80499862635e-07, 9.57151769398e-07, 9.01820442323e-07, 9.00705174445e-07, 6.75363367009e-07, 5.1631553788e-07, 4.28958230714e-07, 5.6678288729e-07, 4.34619892076e-07, 2.7674977332e-07, 2.18306169586e-07],
        "dmean2": [0.000299986219034, 0.000253208243521, 0.000158910101163, 0.00015139534662, 0.000119797703519, 8.45708709676e-05, 6.42105733277e-05, 4.88312543894e-05, 6.88914369675e-05, 9.13398980629e-05, 6.34590178379e-05, 3.37421442964e-05, 2.75948787021e-05, 3.10617579089e-05, 2.19380544877e-05, 2.39418313868e-05, 2.56322455243e-05, 2.60301967501e-05, 1.79918570211e-05, 1.35637228595e-05, 1.44619443745e-05, 9.63019101619e-06, 7.20039543012e-06, 1.23797426568e-05, 1.24910620798e-05, 1.56716287165e-05, 2.15250511246e-05, 9.38599805522e-06, 3.19057448905e-06, 1.62961021033e-06, 1.56017551944e-06, 1.44705870753e-06, 1.43909494454e-06, 1.07933931304e-06, 8.13122255749e-07, 6.69279188514e-07, 8.86588111371e-07, 6.9042692985e-07, 4.29446686212e-07, 3.34665230639e-07],
        "dvar": [2.1839618114e-07, 1.22104651723e-07, 5.04638144605e-08, 3.25435856041e-08, 3.0019510433e-08, 1.54580845901e-08, 2.42299353914e-08, 9.31398691506e-09, 1.86009696534e-08, 2.92403399271e-08, 9.81908421238e-09, 3.70688191254e-09, 1.916994119e-09, 4.04958910849e-09, 2.56325516368e-09, 1.85578108436e-09, 1.81775106078e-09, 3.25577365068e-09, 1.16044895915e-09, 8.91455520513e-10, 1.4604919496e-09, 3.41676853477e-10, 1.80466558364e-10, 4.50326526069e-10, 3.74937414449e-10, 7.89340370844e-10, 1.34850042244e-09, 2.58107202278e-10, 3.21381497803e-11, 8.88272441713e-12, 1.88955882191e-11, 2.0752522964e-11, 1.57556051539e-11, 6.32549915225e-12, 3.75315837436e-12, 3.66133295557e-12, 1.00057982733e-11, 5.97147635159e-12, 1.67126013549e-12, 1.27422627571e-12],
        "dvar2": [4.95511130794e-07, 3.18730457138e-07, 1.48206964923e-07, 9.41134103982e-08, 6.2288542324e-08, 3.63913663648e-08, 5.30569543855e-08, 2.24555538608e-08, 3.7842756484e-08, 6.45684608003e-08, 2.07450359113e-08, 7.43491002098e-09, 4.20797752199e-09, 8.72948380248e-09, 5.60268409444e-09, 3.81573173058e-09, 3.90844556719e-09, 7.56645945899e-09, 2.8446482947e-09, 1.95167992878e-09, 3.2302409636e-09, 8.23975887521e-10, 4.88224904949e-10, 1.03914199467e-09, 8.32286906061e-10, 1.62968738504e-09, 2.54982168713e-09, 4.92669238739e-10, 7.207441588e-11, 2.29714077621e-11, 4.62175749061e-11, 4.45994630116e-11, 3.46797209005e-11, 1.49149841783e-11, 8.41950380942e-12, 6.92500961089e-12, 2.21645930776e-11, 1.42782773452e-11, 3.85162604935e-12, 2.73020928782e-12],
        "max": [0.00692263990641, 0.00562768848613, 0.00319118285552, 0.00373435742222, 0.00619494821876, 0.00308283721097, 0.00436381623149, 0.00300559517927, 0.00380953471176, 0.00471343286335, 0.00242166733369, 0.00257610878907, 0.0015062893508, 0.00186576822307, 0.00207305001095, 0.00175946182571, 0.00169820943847, 0.00158856785856, 0.00116096797865, 0.00103076838423, 0.00178218632936, 0.000504180788994, 0.000381326157367, 0.00078537495574, 0.000443873432232, 0.000895970792044, 0.000881406303961, 0.0004807797377, 0.000217013337533, 9.56340591074e-05, 0.000222411705181, 0.000323630723869, 0.000221728230827, 8.30343633424e-05, 7.10070016794e-05, 0.000122883313452, 9.6484705864e-05, 9.98463438009e-05, 5.63668691029e-05, 7.06240389263e-05],
        "mean": [0.000429134583101, 0.000464706419734, 0.000189239683095, 0.000177586145583, 0.000202330003958, 0.000116072944365, 7.06100909156e-05, 5.28778327862e-05, 8.48919589771e-05, 0.000143873563502, 0.000115503265988, 5.02430411871e-05, 4.00342360081e-05, 4.26179467468e-05, 3.23349559039e-05, 3.71388159692e-05, 3.76858188247e-05, 3.51197086275e-05, 2.16703720071e-05, 1.62530996022e-05, 1.60217750818e-05, 1.18675807244e-05, 8.91429226613e-06, 1.91073650058e-05, 2.15088821278e-05, 3.0410459658e-05, 4.37852140749e-05, 1.96866167244e-05, 4.57423129774e-06, 1.76788603312e-06, 1.60107674674e-06, 1.53899020461e-06, 1.45620140302e-06, 1.18327272958e-06, 9.28535257572e-07, 7.68089364556e-07, 8.67369749358e-07, 6.8895133154e-07, 4.88692649014e-07, 3.75089030058e-07],
        "median": [0.000248897849815, 0.000278755993349, 0.000131681357743, 9.57992451731e-05, 7.30883111828e-05, 4.66272867925e-05, 2.64120517386e-05, 2.13385119423e-05, 2.46646995947e-05, 2.40456265601e-05, 1.58326020028e-05, 1.29842001115e-05, 1.03069305624e-05, 5.66513517697e-06, 5.3361609389e-06, 6.08031905358e-06, 5.17336229677e-06, 3.55807969754e-06, 2.90575553663e-06, 2.64202776634e-06, 2.81944494418e-06, 2.00982071874e-06, 1.50592006776e-06, 2.8399040275e-06, 3.01396016766e-06, 3.20633512274e-06, 2.98257896247e-06, 1.8289106265e-06, 6.83101916366e-07, 3.06599218902e-07, 2.56584513636e-07, 2.15462975461e-07, 2.27007575404e-07, 2.3435205776e-07, 1.94400513465e-07, 1.66176803873e-07, 1.91183403331e-07, 1.64253009416e-07, 1.20248344615e-07, 9.23668039832e-08],
        "min": [7.30386985052e-24, 1.80966474483e-23, 1.45256366357e-23, 3.93715310757e-24, 4.69102960937e-24, 8.49146760003e-24, 1.70402427894e-23, 6.38286172747e-24, 7.79256050383e-24, 5.47196049034e-24, 5.71481132001e-24, 1.06829863036e-23, 1.1201263974e-23, 7.84513808317e-24, 1.25982987719e-23, 1.04582769082e-23, 1.96974765724e-23, 1.39100253625e-23, 1.02732377499e-23, 1.33509817271e-23, 1.2382841926e-23, 1.14597452937e-23, 2.54154133593e-23, 1.60246001511e-23, 7.74727278813e-24, 9.83221480569e-24, 1.39977814051e-23, 7.27234933533e-24, 6.85984844596e-24, 8.85048135344e-24, 1.11902869745e-23, 6.67908175839e-24, 5.02476313178e-24, 7.8259742852e-24, 9.97092574068e-24, 8.48969818502e-24, 1.48671471434e-23, 1.05040718614e-23, 8.11418540578e-24, 1.00957842782e-23],
        "var": [3.95693831479e-07, 3.10694446171e-07, 5.20516074687e-08, 7.34710710049e-08, 1.84921944424e-07, 5.19672518351e-08, 3.84840070922e-08, 1.22043903872e-08, 4.13822434098e-08, 8.91194247288e-08, 5.85086361582e-08, 1.37002933442e-08, 6.74294087233e-09, 1.4130294268e-08, 1.13522773404e-08, 1.02534505331e-08, 6.3183467347e-09, 1.28186945503e-08, 3.08226111301e-09, 2.19281948155e-09, 2.59082488796e-09, 1.16942489026e-09, 4.71478300845e-10, 1.70309044645e-09, 1.59640345387e-09, 3.82545772837e-09, 7.70173080866e-09, 1.6955246096e-09, 1.13254440548e-10, 1.55694641207e-11, 3.08696505857e-11, 4.17501588856e-11, 3.11048201085e-11, 1.06258578325e-11, 6.78515663793e-12, 6.67618954911e-12, 1.26843778536e-11, 6.51631049467e-12, 2.58149491367e-12, 2.06595613013e-12]
    },
    "mfcc": {
        "mean": [-704.200561523, 119.957435608, -0.576511919498, 26.1613426208, 2.2243514061, -3.10110521317, 10.8155641556, 4.58469295502, -5.68453264236, 9.84904098511, 0.141776069999, -5.59314107895, -0.768440306187],
        "cov": [[8949.08398438, -2778.43359375, -1619.14221191, -63.7526473999, -573.482788086, -309.733123779, 223.586181641, -110.058830261, -240.063705444, 352.76663208, -63.7850227356, -277.909118652, 131.663848877], [-2778.43359375, 1852.12451172, 599.305786133, 116.681640625, 174.292190552, 98.9217834473, 57.2603034973, 26.0320796967, 59.9806900024, -60.560546875, 44.2789726257, 91.7371520996, -30.046037674], [-1619.14221191, 599.305786133, 1259.39733887, 117.643249512, 253.886550903, 87.8686294556, -10.914431572, 76.1703109741, 31.7032756805, -85.4124832153, 12.7899417877, 69.2554473877, -14.9969015121], [-63.7526473999, 116.681640625, 117.643249512, 307.778167725, 49.3714828491, -13.7171506882, 46.0100326538, 11.7466430664, -3.02925801277, 30.2719669342, -0.434964299202, 3.23355841637, 31.6433982849], [-573.482788086, 174.292190552, 253.886550903, 49.3714828491, 252.134552002, 20.6723632812, -35.7431716919, 29.3601150513, 36.8998718262, -20.6931037903, -26.3285121918, 28.2049102783, 8.04922485352], [-309.733123779, 98.9217834473, 87.8686294556, -13.7171506882, 20.6723632812, 210.189086914, 26.4215450287, 23.1127510071, 46.2434234619, -15.131403923, 29.5196018219, 15.4578170776, -5.37982702255], [223.586181641, 57.2603034973, -10.914431572, 46.0100326538, -35.7431716919, 26.4215450287, 279.633850098, 13.9518718719, -54.3793144226, 109.214035034, 25.6404914856, -44.5343704224, 31.5115470886], [-110.058830261, 26.0320796967, 76.1703109741, 11.7466430664, 29.3601150513, 23.1127510071, 13.9518718719, 108.317329407, 38.3898277283, -16.9613189697, 10.192492485, 25.4351902008, 5.27314186096], [-240.063705444, 59.9806900024, 31.7032756805, -3.02925801277, 36.8998718262, 46.2434234619, -54.3793144226, 38.3898277283, 137.20324707, -13.1855316162, 0.511770129204, 23.7654438019, -6.4043340683], [352.76663208, -60.560546875, -85.4124832153, 30.2719669342, -20.6931037903, -15.131403923, 109.214035034, -16.9613189697, -13.1855316162, 179.379684448, 23.3322696686, -46.1017723083, 19.0054473877], [-63.7850227356, 44.2789726257, 12.7899417877, -0.434964299202, -26.3285121918, 29.5196018219, 25.6404914856, 10.192492485, 0.511770129204, 23.3322696686, 103.07787323, 26.8932361603, -15.9224061966], [-277.909118652, 91.7371520996, 69.2554473877, 3.23355841637, 28.2049102783, 15.4578170776, -44.5343704224, 25.4351902008, 23.7654438019, -46.1017723083, 26.8932361603, 100.305549622, 10.2117528915], [131.663848877, -30.046037674, -14.9969015121, 31.6433982849, 8.04922485352, -5.37982702255, 31.5115470886, 5.27314186096, -6.4043340683, 19.0054473877, -15.9224061966, 10.2117528915, 91.3235397339]],
