{
"lowlevel": {
    "average_loudness": 0.869969844818,
    "barkbands_crest": {
        "dmean": 2.27066588402,
        "dmean2": 3.74280786514,
        "dvar": 4.12956285477,
        "dvar2": 10.7470064163,
        "max": 25.7692222595,
        "mean": 7.78511428833,
        "median": 7.08052062988,
        "min": 2.45179986954,
        "var": 10.4176721573
    },
    "barkbands_flatness_db": {
        "dmean": 0.0157048646361,
        "dmean2": 0.0242217294872,
        "dvar": 0.000214920422877,
        "dvar2": 0.000479291978991,
        "max": 0.271053016186,
        "mean": 0.09585057199,
        "median": 0.0902835056186,
        "min": 0.0207987427711,
        "var": 0.00099764985498
    },
    "barkbands_kurtosis": {
        "dmean": 1.3030834198,
        "dmean2": 2.04873371124,
        "dvar": 7.21576499939,
        "dvar2": 15.3471031189,
        "max": 109.746788025,
        "mean": 1.12909328938,
        "median": -0.0948631763458,
        "min": -1.87818551064,
        "var": 16.3589248657
    },
    "barkbands_skewness": {
        "dmean": 0.396516442299,
        "dmean2": 0.612689316273,
        "dvar": 0.173407793045,
        "dvar2": 0.372308284044,
        "max": 8.9522857666,
        "mean": 0.822766661644,
        "median": 0.70280700922,
        "min": -3.48199605942,
        "var": 0.883328616619
    },
    "barkbands_spread": {
        "dmean": 5.88664579391,
        "dmean2": 8.90540313721,
        "dvar": 38.9092330933,
        "dvar2": 82.931968689,
        "max": 92.6357421875,
        "mean": 27.1724510193,
        "median": 25.852355957,
        "min": 1.8771995306,
        "var": 138.650131226
    },
    "dissonance": {
        "dmean": 0.0164987444878,
        "dmean2": 0.0280025750399,
        "dvar": 0.000251023448072,
        "dvar2": 0.000696073810104,
        "max": 0.500000178814,
        "mean": 0.470459908247,
        "median": 0.47570887208,
        "min": 0.311027765274,
        "var": 0.000525812269188
    },
    "dynamic_complexity": 2.75615262985,
    "erbbands_crest": {
        "dmean": 2.6652777195,
        "dmean2": 4.4090795517,
        "dvar": 6.13501119614,
        "dvar2": 15.8957176208,
        "max": 32.5319099426,
        "mean": 8.53963184357,
        "median": 7.72594165802,
        "min": 2.16626167297,
        "var": 14.4110803604
    },
    "erbbands_flatness_db": {
        "dmean": 0.0161448400468,
        "dmean2": 0.023313395679,
        "dvar": 0.000204931988264,
        "dvar2": 0.000407326122513,
        "max": 0.302773207426,
        "mean": 0.156207084656,
        "median": 0.153366744518,
        "min": 0.0553921200335,
        "var": 0.00131825928111
    },
    "erbbands_kurtosis": {
        "dmean": 0.739032149315,
        "dmean2": 1.17268538475,
        "dvar": 1.09860241413,
        "dvar2": 2.58928084373,
        "max": 26.1023006439,
        "mean": 0.214707449079,
        "median": -0.204976558685,
        "min": -1.80418109894,
        "var": 3.12236666679
    },
    "erbbands_skewness": {
        "dmean": 0.330644100904,
        "dmean2": 0.510569274426,
        "dvar": 0.0964304357767,
        "dvar2": 0.209294602275,
        "max": 3.40470933914,
        "mean": 0.214359343052,
        "median": 0.177494511008,
        "min": -4.02453231812,
        "var": 0.445991277695
    },
    "erbbands_spread": {
        "dmean": 7.98341178894,
        "dmean2": 11.9422702789,
        "dvar": 74.3851165771,
        "dvar2": 152.534423828,
        "max": 123.759483337,
        "mean": 36.9499969482,
        "median": 33.167930603,
        "min": 3.01478219032,
        "var": 289.611206055
    },
    "hfc": {
        "dmean": 8.20450496674,
        "dmean2": 11.9232616425,
        "dvar": 113.292678833,
        "dvar2": 223.502151489,
        "max": 288.035064697,
        "mean": 26.8001003265,
        "median": 23.1854743958,
        "min": 1.37951827739e-08,
        "var": 397.171508789
    },
    "melbands_crest": {
        "dmean": 3.01783537865,
        "dmean2": 4.95317459106,
        "dvar": 7.31704616547,
        "dvar2": 19.2969493866,
        "max": 35.3610916138,
        "mean": 10.8011779785,
        "median": 9.99420070648,
        "min": 2.97536611557,
        "var": 18.6363372803
    },
    "melbands_flatness_db": {
        "dmean": 0.0203162934631,
        "dmean2": 0.0309576801956,
        "dvar": 0.000383359525586,
        "dvar2": 0.00083713978529,
        "max": 0.371897339821,
        "mean": 0.136212423444,
        "median": 0.129322946072,
        "min": 0.0278076622635,
        "var": 0.00195638998412
    },
    "melbands_kurtosis": {
        "dmean": 3.32661890984,
        "dmean2": 5.1802854538,
        "dvar": 37.9526023865,
        "dvar2": 87.8180007935,
        "max": 141.555648804,
        "mean": 5.82709121704,
        "median": 2.76689362526,
        "min": -1.8777089119,
        "var": 93.8850097656
    },
    "melbands_skewness": {
        "dmean": 0.519600987434,
        "dmean2": 0.799187362194,
        "dvar": 0.304860919714,
        "dvar2": 0.686824858189,
        "max": 10.2825202942,
        "mean": 1.72435367107,
        "median": 1.53389191628,
        "min": -1.87958538532,
        "var": 1.44528901577
    },
    "melbands_spread": {
        "dmean": 8.43839073181,
        "dmean2": 12.9504947662,
        "dvar": 109.037559509,
        "dvar2": 222.119903564,
        "max": 209.311737061,
        "mean": 35.8493423462,
        "median": 34.1103515625,
        "min": 2.10080718994,
        "var": 373.630828857
    },
    "pitch_salience": {
        "dmean": 0.0625092983246,
        "dmean2": 0.101875133812,
        "dvar": 0.00301099964418,
        "dvar2": 0.00771204195917,
        "max": 0.943893313408,
        "mean": 0.608188688755,
        "median": 0.611929297447,
        "min": 0.100164890289,
        "var": 0.00878256093711
    },
    "silence_rate_20dB": {
        "dmean": 0,
        "dmean2": 0,
        "dvar": 0,
        "dvar2": 0,
        "max": 1,
        "mean": 1,
        "median": 1,
        "min": 1,
        "var": 0
    },
    "silence_rate_30dB": {
        "dmean": 0.000726656173356,
        "dmean2": 0.00145348836668,
        "dvar": 0.000726077181753,
        "dvar2": 0.00217791530304,
        "max": 1,
        "mean": 0.99963670969,
        "median": 1,
        "min": 0,
        "var": 0.000363141996786
    },
    "silence_rate_60dB": {
        "dmean": 0.0150175606832,
        "dmean2": 0.0300387591124,
        "dvar": 0.0147947212681,
        "dvar2": 0.0334954708815,
        "max": 1,
        "mean": 0.0485589727759,
        "median": 0,
        "min": 0,
        "var": 0.0461945943534
    },
    "spectral_centroid": {
        "dmean": 251.486694336,
        "dmean2": 383.88973999,
        "dvar": 75132.265625,
        "dvar2": 148232.59375,
        "max": 10791.4150391,
        "mean": 1693.69116211,
        "median": 1715.7109375,
        "min": 250.777389526,
        "var": 363981.96875
    },
    "spectral_complexity": {
        "dmean": 3.73695039749,
        "dmean2": 5.9127907753,
        "dvar": 14.9267969131,
        "dvar2": 32.1696281433,
        "max": 56,
        "mean": 21.8482685089,
        "median": 22,
        "min": 0,
        "var": 86.9750213623
    },
    "spectral_decrease": {
        "dmean": 1.48092205166e-09,
        "dmean2": 2.27651320017e-09,
        "dvar": 3.25514658232e-18,
        "dvar2": 7.10116771494e-18,
        "max": -5.17664781543e-20,
        "mean": -4.9759401044e-09,
        "median": -4.69695837779e-09,
        "min": -3.01353324517e-08,
        "var": 8.93610577648e-18
    },
    "spectral_energy": {
        "dmean": 0.00618405640125,
        "dmean2": 0.00941952038556,
        "dvar": 5.55045699002e-05,
        "dvar2": 0.00011916623771,
        "max": 0.123710639775,
        "mean": 0.0212111547589,
        "median": 0.0199403427541,
        "min": 1.44664412827e-12,
        "var": 0.000160456314916
    },
    "spectral_energyband_high": {
        "dmean": 0.000575973943342,
        "dmean2": 0.000846304930747,
        "dvar": 1.10294752176e-06,
        "dvar2": 2.29624515669e-06,
        "max": 0.0408251397312,
        "mean": 0.00120136898477,
        "median": 0.000757870962843,
        "min": 1.06678771719e-12,
        "var": 2.5325414299e-06
    },
    "spectral_energyband_low": {
        "dmean": 0.00139832915738,
        "dmean2": 0.00223200768232,
        "dvar": 6.21690787739e-06,
        "dvar2": 1.59907976922e-05,
        "max": 0.0477203838527,
        "mean": 0.00277647934854,
        "median": 0.00168757361826,
        "min": 6.98170565957e-14,
        "var": 1.07956866486e-05
    },
    "spectral_energyband_middle_high": {
        "dmean": 0.00251240516081,
        "dmean2": 0.00376830762252,
        "dvar": 1.18429006761e-05,
        "dvar2": 2.39360906562e-05,
        "max": 0.068788215518,
        "mean": 0.00824870355427,
        "median": 0.00586102902889,
        "min": 2.09765920454e-13,
        "var": 6.12255025771e-05
    },
    "spectral_energyband_middle_low": {
        "dmean": 0.00405465206131,
        "dmean2": 0.00647687725723,
        "dvar": 3.27138586727e-05,
        "dvar2": 7.72210187279e-05,
        "max": 0.105215765536,
        "mean": 0.0094593660906,
        "median": 0.00747073814273,
        "min": 8.31807631671e-14,
        "var": 6.30345020909e-05
    },
    "spectral_entropy": {
        "dmean": 0.153781116009,
        "dmean2": 0.219914972782,
        "dvar": 0.0229632053524,
        "dvar2": 0.0430433042347,
        "max": 9.80729103088,
        "mean": 7.77507925034,
        "median": 7.78725719452,
        "min": 6.29577684402,
        "var": 0.100068092346
    },
    "spectral_flux": {
        "dmean": 0.0212572533637,
        "dmean2": 0.032700587064,
        "dvar": 0.000498934066854,
        "dvar2": 0.00105699617416,
        "max": 0.332056701183,
        "mean": 0.0841968208551,
        "median": 0.0786238387227,
        "min": 1.90242590179e-05,
        "var": 0.0014868543949
    },
    "spectral_kurtosis": {
        "dmean": 1.10461604595,
        "dmean2": 1.75505447388,
        "dvar": 1.27781355381,
        "dvar2": 3.18073773384,
        "max": 17.6514530182,
        "mean": 3.19968724251,
        "median": 2.99444317818,
        "min": -1.16913664341,
        "var": 3.5703291893
    },
    "spectral_rms": {
        "dmean": 0.000651701178867,
        "dmean2": 0.000973315909505,
        "dvar": 4.97770372476e-07,
        "dvar2": 1.01959631138e-06,
        "max": 0.0109860505909,
        "mean": 0.00430620694533,
        "median": 0.00441066827625,
        "min": 3.75680748732e-08,
        "var": 2.15042928176e-06
    },
    "spectral_rolloff": {
        "dmean": 581.396789551,
        "dmean2": 952.705566406,
        "dvar": 825920.9375,
        "dvar2": 1727480.125,
        "max": 16365.234375,
        "mean": 2285.01416016,
        "median": 2067.1875,
        "min": 21.533203125,
        "var": 1931692.875
    },
    "spectral_skewness": {
        "dmean": 0.171872153878,
        "dmean2": 0.265788018703,
        "dvar": 0.028274057433,
        "dvar2": 0.0611809417605,
        "max": 3.31748867035,
        "mean": 1.37438035011,
        "median": 1.38681948185,
        "min": -0.134421363473,
        "var": 0.105921067297
    },
    "spectral_spread": {
        "dmean": 595552.0625,
        "dmean2": 809477,
        "dvar": 577374453760,
        "dvar2": 881300733952,
        "max": 39788000,
        "mean": 4820026,
        "median": 4630363.5,
        "min": 1932495.625,
        "var": 1.82680813568e+12
    },
    "spectral_strongpeak": {
        "dmean": 0.803489923477,
        "dmean2": 1.35849738121,
        "dvar": 1.41842031479,
        "dvar2": 3.4565103054,
        "max": 15.0929985046,
        "mean": 1.35779571533,
        "median": 0.725462377071,
        "min": 0,
        "var": 2.54865312576
    },
    "zerocrossingrate": {
        "dmean": 0.0118263764307,
        "dmean2": 0.0132830124348,
        "dvar": 0.000181094772415,
        "dvar2": 0.000199850765057,
        "max": 0.5361328125,
        "mean": 0.0839892849326,
        "median": 0.08056640625,
        "min": 0.0107421875,
        "var": 0.00103479647078
    },
    "barkbands": {
        "dmean": [5.15884312335e-05, 0.000696353905369, 0.000725374440663, 0.000640613841824, 0.00171560572926, 0.000834288424812, 0.000856161990669, 0.000958440592512, 0.000984994927421, 0.000605773529969, 0.000632797251455, 0.000396187737351, 0.000563679670449, 0.000584261026233, 0.00068818469299, 0.000312360032694, 0.000307196023641, 0.000521322595887, 0.000281407614239, 9.33096162044e-05, 0.000107589832623, 0.000163365082699, 0.000162284326507, 0.000147581566125, 4.31042863056e-05, 1.44294763231e-05, 2.64605034772e-07],
        "dmean2": [8.70082294568e-05, 0.00109941419214, 0.00119048496708, 0.00112117920071, 0.00293817254715, 0.0013281769352, 0.00135486386716, 0.00154011952691, 0.00152537133545, 0.000944993516896, 0.000989511958323, 0.000639733916614, 0.000886914669536, 0.00093189557083, 0.00110691913869, 0.000495936721563, 0.000499719986692, 0.000805539311841, 0.00045435357606, 0.000152183361934, 0.000173856707988, 0.000250599870924, 0.000254927959759, 0.000211194652366, 6.39045101707e-05, 2.22406160901e-05, 4.29429974247e-07],
        "dvar": [6.5783800629e-09, 1.66460506534e-06, 2.70121836365e-06, 2.23095776164e-06, 9.54612005444e-06, 1.97104827748e-06, 4.10044958699e-06, 6.79577078699e-06, 6.06948515269e-06, 1.73486432686e-06, 1.87666523743e-06, 9.26186373817e-07, 1.98412863028e-06, 1.57334250162e-06, 2.04193065656e-06, 5.66129756407e-07, 4.20565214654e-07, 1.1682574268e-06, 4.19902846716e-07, 2.5458904318e-08, 3.93257657549e-08, 1.24301607229e-07, 1.26667785594e-07, 7.79650548566e-08, 6.88665569015e-09, 1.98480298863e-09, 4.28768267636e-13],
        "dvar2": [1.70030034496e-08, 4.25503549195e-06, 7.0705800681e-06, 6.11668292549e-06, 2.59889948211e-05, 4.52182302979e-06, 9.85930091701e-06, 1.59455685207e-05, 1.29708705572e-05, 3.77349033442e-06, 4.26569658885e-06, 2.08860092243e-06, 4.63137894258e-06, 3.67331585949e-06, 4.7217017709e-06, 1.24173743643e-06, 1.0078960031e-06, 2.56945941146e-06, 9.93497792479e-07, 6.56787122466e-08, 1.01417299447e-07, 2.70492648724e-07, 2.72040864502e-07, 1.63380036611e-07, 1.41263578612e-08, 5.31134691784e-09, 1.22399334591e-12],
        "max": [0.00111689348705, 0.0203836746514, 0.0338238477707, 0.0166551880538, 0.036052044481, 0.0398661568761, 0.0805095285177, 0.0790881887078, 0.102117933333, 0.0266958270222, 0.0368269272149, 0.0359224118292, 0.0519938394427, 0.0396884307265, 0.0246225371957, 0.0255739782006, 0.0222763679922, 0.0249367058277, 0.0145837599412, 0.00539405085146, 0.00450123706833, 0.0183220654726, 0.0130979185924, 0.0120471874252, 0.00184598483611, 0.00226173433475, 3.84550985473e-05],
        "mean": [6.9569250627e-05, 0.00129780871794, 0.00106976402458, 0.000681204139255, 0.00243220361881, 0.00159491784871, 0.00146440509707, 0.00138790346682, 0.00161737285089, 0.00102372886613, 0.00120462942868, 0.000646744680125, 0.000884154171217, 0.000906094559468, 0.00110792624764, 0.000525047536939, 0.000539483153261, 0.000968113075942, 0.000494692358188, 0.000189772064914, 0.000203696195967, 0.00032678709249, 0.000277345185168, 0.000212886807276, 6.40904763713e-05, 2.03027229873e-05, 5.3600655292e-07],
        "median": [2.5514878871e-05, 0.000505861127749, 0.00042579518049, 0.000237871397985, 0.00135786016472, 0.000986378872767, 0.000820906774607, 0.000557346269488, 0.000609973911196, 0.000352209230186, 0.000311135256197, 0.000240779772867, 0.000373375456547, 0.000328482856276, 0.000489245867357, 0.000268144300207, 0.000296060054097, 0.000372343434719, 0.000210481433896, 0.000121683529869, 0.000119145472127, 0.000184677701327, 0.000141505064676, 9.58340388024e-05, 2.58295258391e-05, 8.78195260157e-06, 4.51053693951e-07],
        "min": [4.3206059661e-14, 3.65798056179e-14, 7.7414491511e-15, 1.14406190616e-14, 3.89243792634e-14, 8.36978581467e-15, 1.16282012841e-14, 2.71974677243e-15, 3.65841661435e-15, 3.08149806941e-14, 7.70198842719e-15, 1.34109930328e-14, 7.46048154623e-15, 2.12509385631e-14, 1.24354770459e-14, 5.52810598133e-14, 1.5161019006e-14, 1.58790861048e-14, 1.21307239088e-14, 3.8068859046e-14, 6.22299249891e-14, 5.3366572229e-14, 5.15167606924e-14, 7.49548128643e-14, 2.13657135604e-13, 3.21798658684e-13, 2.73869197719e-13],
        "var": [1.34154873876e-08, 3.95496545025e-06, 3.0378575957e-06, 1.8142055751e-06, 1.0962217857e-05, 4.39939276475e-06, 5.96543895881e-06, 1.04112086774e-05, 1.19264659588e-05, 4.34064349975e-06, 6.3969778239e-06, 1.88644094123e-06, 3.44291015608e-06, 2.70705186267e-06, 3.55741258318e-06, 9.15683926905e-07, 7.92876676314e-07, 2.64384470938e-06, 8.12316784504e-07, 5.10840187928e-08, 7.1351337283e-08, 2.66945875183e-07, 2.3424033202e-07, 1.24043111782e-07, 1.25058186029e-08, 1.70872171967e-09, 3.45323596107e-13]
    },
    "erbbands": {
        "dmean": [0.0216252245009, 0.165031805634, 0.689297616482, 1.53198814392, 4.0269408226, 6.42487335205, 6.71378040314, 6.97056055069, 8.43865203857, 19.4287624359, 18.6126232147, 22.8068561554, 18.1564235687, 22.144405365, 22.0141296387, 15.3475065231, 24.1057033539, 24.718793869, 34.9346847534, 26.9141788483, 14.9057598114, 15.3830757141, 24.5296611786, 21.7016048431, 7.16848325729, 4.60340976715, 4.24990987778, 4.31648826599, 5.94392585754, 5.5559720993, 4.53258037567, 3.24611377716, 2.28767728806, 0.639634132385, 0.265752851963, 0.106205016375, 0.0172474365681, 0.000812009559013, 7.24516285118e-05, 9.86704617389e-06],
        "dmean2": [0.0323886871338, 0.263497978449, 1.11247050762, 2.6249423027, 7.12273359299, 10.8817043304, 10.8246841431, 11.0651855469, 13.3680553436, 31.0333251953, 29.1961860657, 35.3490142822, 28.2497768402, 33.4297599792, 33.8882675171, 24.3153686523, 37.6590423584, 39.1933021545, 55.1696853638, 42.6479911804, 23.6577568054, 24.56823349, 37.9977645874, 33.1480293274, 11.2818498611, 7.45254707336, 7.01128673553, 6.78579998016, 9.05573368073, 8.74555969238, 7.10931777954, 4.7672662735, 3.30074477196, 0.950963556767, 0.388769745827, 0.162954851985, 0.026557656005, 0.00120824459009, 0.0001139432934, 1.46298052641e-05],
        "dvar": [0.00174488138873, 0.0986753329635, 2.20904970169, 12.525475502, 85.5569152832, 120.374656677, 135.895965576, 167.898010254, 343.403259277, 2415.92578125, 2387.34057617, 3692.43334961, 1737.54382324, 2457.26953125, 2140.34960938, 1458.86364746, 3934.42285156, 2500.23925781, 5642.18017578, 3799.39013672, 852.570922852, 971.316467285, 3017.34106445, 2126.38232422, 174.31060791, 57.7525863647, 65.2397537231, 55.8932189941, 128.505279541, 236.956619263, 97.4174118042, 48.3816947937, 14.4933786392, 1.55892539024, 0.271045446396, 0.114783130586, 0.00104175752494, 2.16736953007e-06, 2.05575734213e-08, 1.46764503328e-10],
        "dvar2": [0.00381925073452, 0.252844661474, 5.62603759766, 34.0395088196, 238.703674316, 325.51953125, 329.500640869, 379.277587891, 783.968139648, 5933.11083984, 4969.41455078, 8076.39648438, 3655.14428711, 5287.89501953, 4855.35498047, 3345.53442383, 9191.34570312, 6117.58935547, 13075.1533203, 8961.35351562, 1926.7791748, 2257.20458984, 6501.01806641, 4616.73193359, 370.955535889, 148.412612915, 175.271484375, 128.731430054, 271.417938232, 576.09967041, 205.582351685, 101.45766449, 29.8917617798, 3.30024456978, 0.569675028324, 0.306580990553, 0.00243970099837, 5.10347081217e-06, 5.61071971106e-08, 3.15613840618e-10],
        "max": [0.607368469238, 5.41776704788, 27.0341949463, 53.1693191528, 94.8847122192, 167.599105835, 443.681091309, 448.070251465, 554.608459473, 1969.49633789, 1873.3157959, 2111.49584961, 1027.82751465, 1450.24865723, 1220.64306641, 1394.04052734, 2726.50390625, 1075.7253418, 1713.70080566, 1837.37585449, 1028.79101562, 1122.5958252, 1302.04174805, 1232.25695801, 471.921020508, 247.785491943, 121.560531616, 255.651763916, 437.375213623, 803.989807129, 329.924987793, 320.567932129, 100.428230286, 30.785074234, 9.88406181335, 17.1242084503, 0.5531001091, 0.0306908488274, 0.00757676782086, 0.000250648270594],
        "mean": [0.0416694991291, 0.282315939665, 1.06442832947, 1.9662463665, 4.31629323959, 9.21592140198, 11.8533735275, 13.1888513565, 15.0611524582, 32.1767692566, 29.5193328857, 37.0568008423, 32.5005187988, 41.9071311951, 44.0881843567, 27.5412254333, 40.1521949768, 43.8296661377, 57.6148262024, 47.5551376343, 28.7498168945, 29.8635082245, 47.6892089844, 43.6334266663, 15.2370061874, 9.57921504974, 7.98975610733, 8.69123458862, 11.770401001, 10.129242897, 7.60980844498, 5.03111362457, 3.1074924469, 0.944811463356, 0.380220115185, 0.144311919808, 0.0265002604574, 0.00149845529813, 0.000159742718097, 3.3722466469e-05],
        "median": [0.0122889019549, 0.127577140927, 0.487601131201, 0.901399433613, 1.90789866447, 4.90686035156, 7.12918186188, 7.49523067474, 8.76777648926, 15.7804317474, 13.6006221771, 14.5933742523, 13.2458400726, 15.4002723694, 15.5651187897, 12.4861984253, 18.6620101929, 19.9481468201, 26.1146736145, 22.235168457, 16.6281108856, 17.9819831848, 20.9084396362, 16.8399028778, 9.1598072052, 6.35300207138, 4.57703351974, 5.27492904663, 6.63614463806, 5.23536252975, 3.91252803802, 2.4402089119, 1.29309570789, 0.387426972389, 0.146635442972, 0.0584054924548, 0.0126313529909, 0.000876987061929, 0.000131239619805, 3.15447614412e-05],
        "min": [1.75603704754e-12, 5.83990191275e-12, 9.52138368149e-12, 2.45002056837e-11, 8.46150510769e-11, 1.43784595341e-10, 8.99415958378e-11, 7.38101108011e-11, 1.69919509019e-10, 1.11999992614e-10, 5.79496103881e-11, 7.69264443812e-11, 6.23492535379e-10, 8.76888284207e-10, 2.75318212672e-10, 5.29994659271e-10, 3.17729204058e-10, 1.01694297427e-09, 8.6792162346e-10, 1.05672048889e-09, 3.22994742064e-09, 8.93222495968e-10, 5.69927216532e-10, 8.81990591672e-10, 8.96680896201e-10, 2.0878838658e-09, 2.81893486331e-09, 2.18742046698e-09, 1.47633216763e-09, 1.66513902666e-09, 1.59374091702e-09, 1.4958075889e-09, 1.1842118397e-09, 2.0220285446e-09, 1.81369019803e-09, 7.46088080206e-10, 5.14499831628e-10, 3.0604319079e-10, 5.55853071904e-11, 2.40043401822e-12],
        "var": [0.00562354922295, 0.179830759764, 2.66056060791, 10.8401269913, 63.7848129272, 166.045852661, 342.647003174, 349.700805664, 578.650146484, 3873.63696289, 4127.06738281, 6478.07519531, 4341.62744141, 6522.89501953, 7393.81933594, 2864.953125, 6911.65869141, 4994.97705078, 9919.47558594, 6731.03271484, 1830.67956543, 2009.19775391, 6454.15771484, 5422.81787109, 522.473388672, 118.516334534, 109.333984375, 131.110519409, 307.786346436, 355.008178711, 178.836273193, 81.4831314087, 23.2992286682, 2.69008779526, 0.464693337679, 0.0983294248581, 0.00154184817802, 3.29470117322e-06, 2.20001670215e-08, 3.92667121041e-10]
    },
    "gfcc": {
        "mean": [15.4918909073, 72.2936630249, -136.18170166, 28.9871082306, -71.1557388306, 16.301235199, -45.9137077332, 6.50174045563, -18.3517894745, -1.74599957466, -14.9587879181, 2.06760692596, -13.1165647507],
        "cov": [[5586.04052734, 98.1613388062, -308.714050293, 229.740859985, -330.797515869, 241.909484863, -161.485900879, 90.141204834, -175.424819946, 18.2671108246, 26.1133041382, 10.023150444, -120.728355408], [98.1613388062, 630.358520508, 130.057189941, -35.9837722778, 77.0500488281, -43.3968467712, 53.580116272, -8.23093986511, 87.2661209106, -35.4475860596, 55.6017341614, -10.091088295, -8.91864490509], [-308.714050293, 130.057189941, 755.154846191, 177.193893433, -106.192260742, 105.358947754, -68.7507400513, 12.5822544098, 4.41265726089, 35.1586914062, -20.4827060699, -10.0922031403, -15.0170106888], [229.740859985, -35.9837722778, 177.193893433, 217.251556396, 33.4360313416, 58.9710235596, -8.8388261795, 17.456029892, -0.945323705673, 19.9642372131, -15.698638916, 2.79431056976, 6.40329742432], [-330.797515869, 77.0500488281, -106.192260742, 33.4360313416, 276.769134521, 34.3030014038, 83.0829925537, 45.4111175537, 35.1100158691, 1.56139588356, 22.1071987152, 15.1689834595, 12.5579996109], [241.909484863, -43.3968467712, 105.358947754, 58.9710235596, 34.3030014038, 194.360473633, 70.2076644897, 43.1457939148, -22.0711212158, 25.6920452118, 16.7616653442, 4.22525596619, -9.06759357452], [-161.485900879, 53.580116272, -68.7507400513, -8.8388261795, 83.0829925537, 70.2076644897, 187.360870361, 51.8401451111, 18.4182033539, 17.6096305847, 34.4956283569, 11.8905754089, 8.36677742004], [90.141204834, -8.23093986511, 12.5822544098, 17.456029892, 45.4111175537, 43.1457939148, 51.8401451111, 113.851585388, 37.0468521118, 18.6205596924, 15.7918844223, 9.35765266418, -1.75621962547], [-175.424819946, 87.2661209106, 4.41265726089, -0.945323705673, 35.1100158691, -22.0711212158, 18.4182033539, 37.0468521118, 122.321411133, 16.6057319641, 14.8279905319, 5.55618476868, 7.81040239334], [18.2671108246, -35.4475860596, 35.1586914062, 19.9642372131, 1.56139588356, 25.6920452118, 17.6096305847, 18.6205596924, 16.6057319641, 95.0681610107, 27.0378036499, -0.607795417309, 6.39039373398], [26.1133041382, 55.6017341614, -20.4827060699, -15.698638916, 22.1071987152, 16.7616653442, 34.4956283569, 15.7918844223, 14.8279905319, 27.0378036499, 84.0709686279, 29.8776626587, -1.64497339725], [10.023150444, -10.091088295, -10.0922031403, 2.79431056976, 15.1689834595, 4.22525596619, 11.8905754089, 9.35765266418, 5.55618476868, -0.607795417309, 29.8776626587, 68.3645172119, 19.453704834], [-120.728355408, -8.91864490509, -15.0170106888, 6.40329742432, 12.5579996109, -9.06759357452, 8.36677742004, -1.75621962547, 7.81040239334, 6.39039373398, -1.64497339725, 19.453704834, 64.3197250366]],
        "icov": [[0.000747128215153, -0.00150085787755, 0.00185244437307, -0.00196108361706, 0.00202106684446, -0.00199443963356, 0.00183310406283, -0.00177461560816, 0.00140069250483, -0.00102842471097, 0.000824835966341, -0.00119616847951, 0.00117427762598], [-0.00150085787755, 0.00583337247372, -0.00494740810245, 0.00469113234431, -0.00506195891649, 0.00513446098194, -0.00484132254496, 0.00472083361819, -0.00449328310788, 0.00420091999695, -0.00440227612853, 0.00417171604931, -0.00240563997068], [0.00185244437307, -0.00494740810245, 0.00717838900164, -0.00664951605722, 0.00639699259773, -0.00657747965306, 0.0058112363331, -0.00495878467336, 0.00354224070907, -0.0036935491953, 0.00332015007734, -0.00369803817011, 0.00320164277218], [-0.00196108361706, 0.00469113234431, -0.00664951605722, 0.0120178526267, -0.00708992686123, 0.00436773104593, -0.00433771964163, 0.00469021592289, -0.00382121047005, 0.00210911268368, -0.00103225500789, 0.00275379023515, -0.00369190052152], [0.00202106684446, -0.00506195891649, 0.00639699259773, -0.00708992686123, 0.0107862306759, -0.00627283984795, 0.00399911263958, -0.00594084896147, 0.00325207901187, -0.00272360094823, 0.00258388672955, -0.00389421265572, 0.00273792911321], [-0.00199443963356, 0.00513446098194, -0.00657747965306, 0.00436773104593, -0.00627283984795, 0.0140400519595, -0.00830675847828, 0.0032606665045, -0.00158369506244, 0.00254761776887, -0.00384849216789, 0.00380857242271, -0.00193962885533], [0.00183310406283, -0.00484132254496, 0.0058112363331, -0.00433771964163, 0.00399911263958, -0.00830675847828, 0.0133155127987, -0.00679660448804, 0.0036047983449, -0.00345308613032, 0.00122871540952, -0.00300500332378, 0.00153415754903], [-0.00177461560816, 0.00472083361819, -0.00495878467336, 0.00469021592289, -0.00594084896147, 0.0032606665045, -0.00679660448804, 0.0168046467006, -0.00747853284702, 0.00227919453755, -0.00257407454774, 0.00217796303332, -0.00138138630427], [0.00140069250483, -0.00449328310788, 0.00354224070907, -0.00382121047005, 0.00325207901187, -0.00158369506244, 0.0036047983449, -0.00747853284702, 0.0141347022727, -0.0044430019334, 0.00205918541178, -0.00288378843106, 0.00133208907209], [-0.00102842471097, 0.00420091999695, -0.0036935491953, 0.00210911268368, -0.00272360094823, 0.00254761776887, -0.00345308613032, 0.00227919453755, -0.0044430019334, 0.0162880625576, -0.00855182670057, 0.00632111309096, -0.00422715162858], [0.000824835966341, -0.00440227612853, 0.00332015007734, -0.00103225500789, 0.00258388672955, -0.00384849216789, 0.00122871540952, -0.00257407454774, 0.00205918541178, -0.00855182670057, 0.0218960959464, -0.0117417899892, 0.00524951796979], [-0.00119616847951, 0.00417171604931, -0.00369803817011, 0.00275379023515, -0.00389421265572, 0.00380857242271, -0.00300500332378, 0.00217796303332, -0.00288378843106, 0.00632111309096, -0.0117417899892, 0.0235254429281, -0.00875018909574], [0.00117427762598, -0.00240563997068, 0.00320164277218, -0.00369190052152, 0.00273792911321, -0.00193962885533, 0.00153415754903, -0.00138138630427, 0.00133208907209, -0.00422715162858, 0.00524951796979, -0.00875018909574, 0.0205266475677]]
    },
    "melbands": {
        "dmean": [0.000186535558896, 0.000294191413559, 0.000314628880005, 0.00039028361789, 0.000237571453908, 0.000154662368004, 0.000140001822729, 0.000213314560824, 0.000152351392899, 0.00014465393906, 9.16271383176e-05, 9.13607655093e-05, 8.36847611936e-05, 4.80649068777e-05, 4.95089007018e-05, 5.516334204e-05, 4.97945657116e-05, 6.05932218605e-05, 4.77749308629e-05, 2.78413372143e-05, 1.81161285582e-05, 1.6525906176e-05, 2.14689625864e-05, 2.79714513454e-05, 1.92294974113e-05, 8.02583690529e-06, 3.38600148098e-06, 3.15910392601e-06, 2.67090672423e-06, 2.98948293675e-06, 2.68480607701e-06, 3.43254168911e-06, 3.54512326339e-06, 3.19125365422e-06, 2.88859496322e-06, 2.21444679482e-06, 2.13188423004e-06, 2.01404918698e-06, 8.5739310407e-07, 4.48108551154e-07],
        "dmean2": [0.000287908944301, 0.000468532118248, 0.000538094784133, 0.000676193507388, 0.000385683990316, 0.000245655421168, 0.000220900968998, 0.000342092127539, 0.000238091466599, 0.000225388037506, 0.000142385339132, 0.000138429706567, 0.000129326159367, 7.58970418246e-05, 7.83972791396e-05, 8.66970585776e-05, 7.93924336904e-05, 9.58778982749e-05, 7.56572990213e-05, 4.41728734586e-05, 2.92734221148e-05, 2.67839495791e-05, 3.36558259733e-05, 4.35521214968e-05, 2.97702663374e-05, 1.27652410811e-05, 5.5452514971e-06, 5.17050648341e-06, 4.42329837824e-06, 5.00634359923e-06, 4.23679557571e-06, 5.2811351452e-06, 5.57752764507e-06, 5.05697107656e-06, 4.60157343696e-06, 3.45786861544e-06, 3.1150052564e-06, 2.93307607535e-06, 1.30562943923e-06, 6.73723434375e-07],
        "dvar": [1.18816025463e-07, 3.43840412143e-07, 4.65526341031e-07, 5.55797043944e-07, 1.55188502049e-07, 7.87500553656e-08, 9.11004960358e-08, 2.8456901191e-07, 1.68087325392e-07, 1.36233722969e-07, 4.40992522499e-08, 4.15639505036e-08, 3.03350660147e-08, 1.37547528922e-08, 2.18014744036e-08, 1.79842025716e-08, 1.12066551594e-08, 1.82631403334e-08, 1.15874403406e-08, 5.28127008792e-09, 1.25774124449e-09, 1.13366027676e-09, 2.56895593687e-09, 3.88668519591e-09, 1.94207250281e-09, 3.03734259965e-10, 4.36619351785e-11, 2.73749547336e-11, 2.19092296389e-11, 4.31579980087e-11, 2.00733405592e-11, 3.87273581259e-11, 7.32016530725e-11, 7.33368643591e-11, 3.89424707758e-11, 2.81785844658e-11, 1.8331178589e-11, 1.2042157202e-11, 2.5447328706e-12, 8.91689716856e-13],
        "dvar2": [2.91298306365e-07, 8.54153029195e-07, 1.24763676013e-06, 1.53431062699e-06, 3.86825092846e-07, 1.77669804202e-07, 2.06073394793e-07, 6.89086107286e-07, 3.37426484975e-07, 3.03224624076e-07, 9.22820220239e-08, 8.88132305477e-08, 6.88466030851e-08, 2.83214571795e-08, 5.62307178598e-08, 4.10972162967e-08, 2.76148170997e-08, 4.18293168991e-08, 2.67492001882e-08, 1.19651186736e-08, 2.97609537014e-09, 2.64369526271e-09, 5.65253177598e-09, 8.44832648284e-09, 4.29602264873e-09, 6.49832410105e-10, 1.06042223613e-10, 7.10362740852e-11, 5.75533336267e-11, 1.1721985882e-10, 4.54798212979e-11, 8.26063523141e-11, 1.71818725914e-10, 1.77390338529e-10, 8.58917728608e-11, 6.03605707084e-11, 3.97050864409e-11, 2.5035713086e-11, 5.73960930866e-12, 1.8831255999e-12],
        "max": [0.00533464271575, 0.0103835985065, 0.00774375768378, 0.0086045274511, 0.0117625351995, 0.009013177827, 0.00791848823428, 0.0183981060982, 0.0161218196154, 0.0113925635815, 0.00500546535477, 0.00588706787676, 0.00410089688376, 0.00548154767603, 0.00526513624936, 0.00482432264835, 0.00239464873448, 0.00349389109761, 0.00213220948353, 0.00244851387106, 0.000970697496086, 0.00110744452104, 0.00154688954353, 0.00196642102674, 0.00114852190018, 0.000636257405858, 0.000194735199329, 0.000170083803823, 0.000110468223284, 0.000124500817037, 0.000149980638525, 0.000213418592466, 0.000455096916994, 0.000400590506615, 0.000204127209145, 0.000203214702196, 0.000175237364601, 7.48212987673e-05, 4.30590553151e-05, 2.7453794246e-05],
        "mean": [0.000361545709893, 0.000500218884554, 0.000392877787817, 0.0004959681537, 0.000427236256655, 0.000294790894259, 0.00024896900868, 0.000348834058968, 0.000235925719608, 0.000233758531976, 0.000158282215125, 0.000164387543919, 0.000163344200701, 8.15939492895e-05, 7.50636245357e-05, 8.92869502422e-05, 7.91371130617e-05, 9.2434718681e-05, 7.74263826315e-05, 4.61299714516e-05, 3.1512168789e-05, 2.92571894533e-05, 3.54846633854e-05, 5.07589866174e-05, 3.4670381865e-05, 1.44866571645e-05, 6.58174849377e-06, 6.04801562076e-06, 4.89713329443e-06, 4.75238812214e-06, 5.18744855071e-06, 6.55760504742e-06, 6.48408422421e-06, 5.3471208048e-06, 4.617445029e-06, 3.45647890754e-06, 3.01370164379e-06, 2.59117950918e-06, 1.1713815411e-06, 6.55428721075e-07],
        "median": [0.000130792701384, 0.000267326133326, 0.000193842308363, 0.000254716840573, 0.000270153163001, 0.000172411702806, 0.000147153245052, 0.000167169404449, 0.000105597391666, 8.4687701019e-05, 5.81248896196e-05, 5.54313228349e-05, 4.92457329528e-05, 2.85134992737e-05, 3.16891091643e-05, 3.76168754883e-05, 2.92062104563e-05, 3.58131655958e-05, 3.23172425851e-05, 2.10949983739e-05, 1.62390442711e-05, 1.6253809008e-05, 1.5943973267e-05, 1.80934475793e-05, 1.14076465252e-05, 6.88305590302e-06, 4.06033723266e-06, 3.81682457373e-06, 2.63269021161e-06, 2.48942001235e-06, 3.05415005641e-06, 3.60536955668e-06, 3.3904607335e-06, 2.5385841127e-06, 2.33124910665e-06, 1.62855826602e-06, 1.29713680508e-06, 1.01242130768e-06, 4.55158300383e-07, 2.59833171867e-07],
        "min": [1.49906959269e-14, 5.90644375043e-15, 5.79010801029e-15, 8.76521382873e-15, 3.92384836442e-15, 1.70941137866e-15, 2.5568489959e-15, 1.05314030964e-15, 4.44217958858e-16, 5.00796900998e-16, 3.30923236405e-15, 3.85238504169e-15, 8.7921172892e-16, 1.48097898064e-15, 7.93535299218e-16, 1.01099533832e-15, 2.00194161853e-15, 1.51749531215e-15, 7.77223456357e-16, 2.7257016258e-15, 3.81429820522e-15, 9.74802255754e-16, 2.53637372141e-16, 8.65907382418e-16, 6.84131094382e-16, 4.78355715973e-16, 1.00335139536e-15, 1.34162162614e-15, 1.80402030018e-15, 1.30162885966e-15, 1.41145885737e-15, 9.13136139612e-16, 8.19197327025e-16, 9.47368658538e-16, 1.07602788103e-15, 6.550144427e-16, 1.01376132441e-15, 8.92244283726e-16, 6.56379700992e-16, 2.177326143e-15],
        "var": [3.38905209674e-07, 4.82638540689e-07, 3.9756881165e-07, 5.43517217011e-07, 3.53342443304e-07, 1.63021013577e-07, 1.53224064547e-07, 4.79776588236e-07, 2.88863560627e-07, 2.46204592713e-07, 1.10769292405e-07, 1.09326428799e-07, 1.07399124261e-07, 3.26173399401e-08, 2.85248216159e-08, 3.52571269957e-08, 2.01327043925e-08, 3.16515738064e-08, 2.04918535474e-08, 8.15223000217e-09, 2.53915444226e-09, 2.21157603342e-09, 4.58356508304e-09, 8.55692405821e-09, 4.31691837832e-09, 8.1669382368e-10, 8.73954103531e-11, 5.31854664476e-11, 4.42018643909e-11, 5.35696313697e-11, 4.94732310674e-11, 9.27992890865e-11, 1.30431207501e-10, 1.06683259449e-10, 6.66976682218e-11, 4.78259688796e-11, 2.84512777921e-11, 1.79596303107e-11, 3.82462941526e-12, 1.52124862186e-12]
    },
    "mfcc": {
        "mean": [-618.373413086, 98.4659118652, -7.59114360809, 8.95071220398, -1.55506145954, 3.00217437744, -13.8300428391, 6.12378168106, -6.98775672913, 0.348998963833, 0.905931532383, -2.33029699326, -6.26681900024],
        "cov": [[5775.48730469, -214.200622559, -144.811355591, -58.9310188293, -137.592178345, 5.94993543625, 18.8024597168, 54.5373573303, -206.568954468, 33.2108306885, 45.1833648682, -123.858039856, -39.1813240051], [-214.200622559, 623.485900879, 17.0643215179, 16.7073879242, 30.3793411255, -21.2189445496, -20.5951213837, 47.0614738464, -11.9596204758, 13.9115600586, 46.9515533447, 19.1393966675, 5.96863985062], [-144.811355591, 17.0643215179, 818.958374023, 54.8181114197, 50.2764282227, 42.7051239014, -21.0958366394, -34.4081573486, -2.50707125664, -10.278008461, -22.8739452362, 59.552444458, 10.2743301392], [-58.9310188293, 16.7073879242, 54.8181114197, 168.013717651, 60.5382194519, 16.7187690735, -4.10747146606, -0.833088696003, 30.1591739655, -0.55996119976, -12.2068729401, 12.2360877991, 25.1404533386], [-137.592178345, 30.3793411255, 50.2764282227, 60.5382194519, 182.904769897, 27.4779186249, -0.0570650473237, 21.7911663055, 24.5576686859, 6.92941331863, 2.9741961956, 10.9789438248, 1.05707657337], [5.94993543625, -21.2189445496, 42.7051239014, 16.7187690735, 27.4779186249, 129.252105713, 71.9902038574, 17.4416999817, 14.6445226669, 18.4997081757, 6.75253343582, -3.1551322937, 12.2553186417], [18.8024597168, -20.5951213837, -21.0958366394, -4.10747146606, -0.0570650473237, 71.9902038574, 182.560165405, 42.3306999207, 14.4754743576, 32.9744377136, 19.3822689056, 2.59612560272, 10.6055231094], [54.5373573303, 47.0614738464, -34.4081573486, -0.833088696003, 21.7911663055, 17.4416999817, 42.3306999207, 133.227233887, 21.7093505859, 12.3856267929, 33.7227935791, -6.0091919899, -0.400372385979], [-206.568954468, -11.9596204758, -2.50707125664, 30.1591739655, 24.5576686859, 14.6445226669, 14.4754743576, 21.7093505859, 109.385040283, 28.8103981018, -9.38401699066, 26.9631233215, 12.2213964462], [33.2108306885, 13.9115600586, -10.278008461, -0.55996119976, 6.92941331863, 18.4997081757, 32.9744377136, 12.3856267929, 28.8103981018, 92.5887451172, 33.4747924805, -2.43531250954, 7.14183950424], [45.1833648682, 46.9515533447, -22.8739452362, -12.2068729401, 2.9741961956, 6.75253343582, 19.3822689056, 33.7227935791, -9.38401699066, 33.4747924805, 94.7973861694, 17.5819396973, -7.68031644821], [-123.858039856, 19.1393966675, 59.552444458, 12.2360877991, 10.9789438248, -3.1551322937, 2.59612560272, -6.0091919899, 26.9631233215, -2.43531250954, 17.5819396973, 102.000602722, 24.4922847748], [-39.1813240051, 5.96863985062, 10.2743301392, 25.1404533386, 1.05707657337, 12.2553186417, 10.6055231094, -0.400372385979, 12.2213964462, 7.14183950424, -7.68031644821, 24.4922847748, 80.7080078125]],
