{
"lowlevel": {
    "average_loudness": 0.706254065037,
    "barkbands_crest": {
        "dmean": 2.05754971504,
        "dmean2": 3.42178916931,
        "dvar": 3.99836039543,
        "dvar2": 10.4587087631,
        "max": 25.85197258,
        "mean": 8.30876731873,
        "median": 7.53155088425,
        "min": 2.63207483292,
        "var": 10.3601408005
    },
    "barkbands_flatness_db": {
        "dmean": 0.0176380984485,
        "dmean2": 0.027275742963,
        "dvar": 0.000311270618113,
        "dvar2": 0.0006628659321,
        "max": 0.355443060398,
        "mean": 0.135799735785,
        "median": 0.130586087704,
        "min": 0.0259124357253,
        "var": 0.00224293442443
    },
    "barkbands_kurtosis": {
        "dmean": 2.31289577484,
        "dmean2": 3.68823957443,
        "dvar": 13.6453905106,
        "dvar2": 31.440946579,
        "max": 90.8079452515,
        "mean": 4.53837585449,
        "median": 2.68711519241,
        "min": -1.97080087662,
        "var": 46.73021698
    },
    "barkbands_skewness": {
        "dmean": 0.427526146173,
        "dmean2": 0.665142893791,
        "dvar": 0.205777466297,
        "dvar2": 0.450080901384,
        "max": 7.36354923248,
        "mean": 1.21414041519,
        "median": 1.3165140152,
        "min": -4.77854681015,
        "var": 2.29892110825
    },
    "barkbands_spread": {
        "dmean": 4.47219610214,
        "dmean2": 6.90132522583,
        "dvar": 37.6131362915,
        "dvar2": 74.1644058228,
        "max": 162.258834839,
        "mean": 20.6297855377,
        "median": 18.2927837372,
        "min": 1.50476360321,
        "var": 203.650787354
    },
    "dissonance": {
        "dmean": 0.0185705516487,
        "dmean2": 0.0310315731913,
        "dvar": 0.000357626617188,
        "dvar2": 0.000960986479186,
        "max": 0.500000119209,
        "mean": 0.462432414293,
        "median": 0.469075024128,
        "min": 0.224100023508,
        "var": 0.000977237243205
    },
    "dynamic_complexity": 3.65836501122,
    "erbbands_crest": {
        "dmean": 2.27071833611,
        "dmean2": 3.73925948143,
        "dvar": 4.97144412994,
        "dvar2": 12.8555841446,
        "max": 29.54155159,
        "mean": 8.17467403412,
        "median": 7.4577999115,
        "min": 2.00242066383,
        "var": 14.7344675064
    },
    "erbbands_flatness_db": {
        "dmean": 0.0169799104333,
        "dmean2": 0.0240557007492,
        "dvar": 0.000299510487821,
        "dvar2": 0.000531447527464,
        "max": 0.323383748531,
        "mean": 0.154341816902,
        "median": 0.155393719673,
        "min": 0.0306244511157,
        "var": 0.00194339838345
    },
    "erbbands_kurtosis": {
        "dmean": 0.879109859467,
        "dmean2": 1.39655435085,
        "dvar": 1.50664460659,
        "dvar2": 3.61251854897,
        "max": 25.6455078125,
        "mean": 0.721821188927,
        "median": 0.128506064415,
        "min": -1.79039859772,
        "var": 4.69415855408
    },
    "erbbands_skewness": {
        "dmean": 0.31779691577,
        "dmean2": 0.491557508707,
        "dvar": 0.100151047111,
        "dvar2": 0.218102410436,
        "max": 4.17639875412,
        "mean": 0.375452667475,
        "median": 0.379257202148,
        "min": -4.09708452225,
        "var": 0.69150108099
    },
    "erbbands_spread": {
        "dmean": 7.18404722214,
        "dmean2": 10.927816391,
        "dvar": 68.801109314,
        "dvar2": 142.213378906,
        "max": 163.793395996,
        "mean": 36.7762756348,
        "median": 34.4412765503,
        "min": 4.46242284775,
        "var": 292.178100586
    },
    "hfc": {
        "dmean": 5.20091438293,
        "dmean2": 7.72794294357,
        "dvar": 116.406311035,
        "dvar2": 217.486877441,
        "max": 258.113037109,
        "mean": 19.3693771362,
        "median": 12.7253866196,
        "min": 1.05375418353e-16,
        "var": 556.839599609
    },
    "melbands_crest": {
        "dmean": 2.62851023674,
        "dmean2": 4.32349967957,
        "dvar": 6.37559843063,
        "dvar2": 17.1491699219,
        "max": 39.1906585693,
        "mean": 11.5431022644,
        "median": 11.4911365509,
        "min": 1.40397107601,
        "var": 27.0996608734
    },
    "melbands_flatness_db": {
        "dmean": 0.0195221938193,
        "dmean2": 0.0296995211393,
        "dvar": 0.00047510661534,
        "dvar2": 0.000987242441624,
        "max": 0.470081448555,
        "mean": 0.177946075797,
        "median": 0.181449174881,
        "min": 0.0025249121245,
        "var": 0.00727217691019
    },
    "melbands_kurtosis": {
        "dmean": 5.16833257675,
        "dmean2": 8.05597114563,
        "dvar": 112.273094177,
        "dvar2": 240.922470093,
        "max": 327.846557617,
        "mean": 11.0182247162,
        "median": 5.9385843277,
        "min": -1.76701664925,
        "var": 302.053314209
    },
    "melbands_skewness": {
        "dmean": 0.564934015274,
        "dmean2": 0.872516751289,
        "dvar": 0.435321241617,
        "dvar2": 0.93521541357,
        "max": 16.8989677429,
        "mean": 2.1822271347,
        "median": 2.04347133636,
        "min": -2.20068597794,
        "var": 2.61321783066
    },
    "melbands_spread": {
        "dmean": 6.21937322617,
        "dmean2": 9.82508659363,
        "dvar": 85.3112487793,
        "dvar2": 177.088516235,
        "max": 202.957092285,
        "mean": 33.0220603943,
        "median": 19.403881073,
        "min": 1.13325166702,
        "var": 1406.00927734
    },
    "pitch_salience": {
        "dmean": 0.0565071888268,
        "dmean2": 0.092143163085,
        "dvar": 0.00283415871672,
        "dvar2": 0.00735663902014,
        "max": 0.995917677879,
        "mean": 0.602512717247,
        "median": 0.591573953629,
        "min": 0.0478304326534,
        "var": 0.0130776418373
    },
    "silence_rate_20dB": {
        "dmean": 0,
        "dmean2": 0,
        "dvar": 0,
        "dvar2": 0,
        "max": 1,
        "mean": 1,
        "median": 1,
        "min": 1,
        "var": 0
    },
    "silence_rate_30dB": {
        "dmean": 0.00148478103802,
        "dmean2": 0.00296987686306,
        "dvar": 0.00148236157838,
        "dvar2": 0.00317369773984,
        "max": 1,
        "mean": 0.998091220856,
        "median": 1,
        "min": 0,
        "var": 0.00190528901294
    },
    "silence_rate_60dB": {
        "dmean": 0.0089086862281,
        "dmean2": 0.0178192611784,
        "dvar": 0.008828506805,
        "dvar2": 0.0204742141068,
        "max": 1,
        "mean": 0.166702017188,
        "median": 0,
        "min": 0,
        "var": 0.138896211982
    },
    "spectral_centroid": {
        "dmean": 221.389068604,
        "dmean2": 348.021881104,
        "dvar": 83918.6953125,
        "dvar2": 175061.5,
        "max": 11899.7480469,
        "mean": 2181.74560547,
        "median": 1136.52734375,
        "min": 194.041992188,
        "var": 9082088
    },
    "spectral_complexity": {
        "dmean": 2.6335773468,
        "dmean2": 4.25031805038,
        "dvar": 10.3537321091,
        "dvar2": 24.8996772766,
        "max": 51,
        "mean": 15.9233293533,
        "median": 16,
        "min": 0,
        "var": 93.4782867432
    },
    "spectral_decrease": {
        "dmean": 1.56150414821e-09,
        "dmean2": 2.48689469018e-09,
        "dvar": 4.17056730711e-18,
        "dvar2": 1.00131611085e-17,
        "max": 6.21486623422e-15,
        "mean": -6.16095086059e-09,
        "median": -5.91904036895e-09,
        "min": -3.39495827006e-08,
        "var": 2.08046644318e-17
    },
    "spectral_energy": {
        "dmean": 0.00622256519273,
        "dmean2": 0.00989141408354,
        "dvar": 6.51916052448e-05,
        "dvar2": 0.000156300273375,
        "max": 0.133019864559,
        "mean": 0.0250096935779,
        "median": 0.0240082386881,
        "min": 9.68924149745e-21,
        "var": 0.000340238795616
    },
    "spectral_energyband_high": {
        "dmean": 0.000414863054175,
        "dmean2": 0.000585906207561,
        "dvar": 2.32635306929e-06,
        "dvar2": 4.00956878366e-06,
        "max": 0.0398555248976,
        "mean": 0.000950056011789,
        "median": 0.000288533570711,
        "min": 6.90596048976e-21,
        "var": 8.7860316853e-06
    },
    "spectral_energyband_low": {
        "dmean": 0.00290094851516,
        "dmean2": 0.00454077962786,
        "dvar": 2.24332525249e-05,
        "dvar2": 5.46088049305e-05,
        "max": 0.0759866163135,
        "mean": 0.00715299975127,
        "median": 0.00514445127919,
        "min": 6.4445033186e-24,
        "var": 5.73006109335e-05
    },
    "spectral_energyband_middle_high": {
        "dmean": 0.00136163679417,
        "dmean2": 0.00210730847903,
        "dvar": 5.55875976715e-06,
        "dvar2": 1.27398252516e-05,
        "max": 0.0701640322804,
        "mean": 0.00477430177853,
        "median": 0.00271035125479,
        "min": 1.10340622862e-21,
        "var": 3.4627115383e-05
    },
    "spectral_energyband_middle_low": {
        "dmean": 0.00454492866993,
        "dmean2": 0.00735590793192,
        "dvar": 4.3034346163e-05,
        "dvar2": 0.000106656756543,
        "max": 0.127026155591,
        "mean": 0.0138381328434,
        "median": 0.0113226054236,
        "min": 1.34550084991e-22,
        "var": 0.00016454597062
    },
    "spectral_entropy": {
        "dmean": 0.137219592929,
        "dmean2": 0.199688374996,
        "dvar": 0.0269903894514,
        "dvar2": 0.0503568574786,
        "max": 9.8331785202,
        "mean": 7.73510980606,
        "median": 7.58392238617,
        "min": 5.41738176346,
        "var": 0.642327487469
    },
    "spectral_flux": {
        "dmean": 0.0166687052697,
        "dmean2": 0.0269646272063,
        "dvar": 0.000389139924664,
        "dvar2": 0.000915555981919,
        "max": 0.269970744848,
        "mean": 0.0707454904914,
        "median": 0.0716156959534,
        "min": 6.2520627564e-11,
        "var": 0.00179211003706
    },
    "spectral_kurtosis": {
        "dmean": 1.37881910801,
        "dmean2": 2.25450944901,
        "dvar": 5.66866779327,
        "dvar2": 13.7653007507,
        "max": 94.3698730469,
        "mean": 4.0594329834,
        "median": 3.60298347473,
        "min": -1.28228056431,
        "var": 18.4918823242
    },
    "spectral_rms": {
        "dmean": 0.000561839959119,
        "dmean2": 0.000884082168341,
        "dvar": 4.07774649602e-07,
        "dvar2": 9.41735038396e-07,
        "max": 0.0113919042051,
        "mean": 0.00438991561532,
        "median": 0.00483969785273,
        "min": 3.07455992089e-12,
        "var": 5.12828182764e-06
    },
    "spectral_rolloff": {
        "dmean": 356.188415527,
        "dmean2": 593.273864746,
        "dvar": 573744.4375,
        "dvar2": 1154295,
        "max": 20176.6113281,
        "mean": 3181.78637695,
        "median": 1055.12695312,
        "min": 21.533203125,
        "var": 29819280
    },
    "spectral_skewness": {
        "dmean": 0.199180454016,
        "dmean2": 0.309699088335,
        "dvar": 0.0569103099406,
        "dvar2": 0.121340624988,
        "max": 7.03994894028,
        "mean": 1.4710713625,
        "median": 1.5220386982,
        "min": -0.362402170897,
        "var": 0.553409814835
    },
    "spectral_spread": {
        "dmean": 586959.375,
        "dmean2": 853677.375,
        "dvar": 694179069952,
        "dvar2": 1.33457890509e+12,
        "max": 46305868,
        "mean": 8207975.5,
        "median": 4503670.5,
        "min": 778678.6875,
        "var": 1.17680854008e+14
    },
    "spectral_strongpeak": {
        "dmean": 0.445383608341,
        "dmean2": 0.766780734062,
        "dvar": 0.544897973537,
        "dvar2": 1.45120799541,
        "max": 11.7330646515,
        "mean": 0.771901845932,
        "median": 0.383367240429,
        "min": 0,
        "var": 1.00759088993
    },
    "zerocrossingrate": {
        "dmean": 0.00996541138738,
        "dmean2": 0.0124411759898,
        "dvar": 0.000236160500208,
        "dvar2": 0.00028556532925,
        "max": 0.68017578125,
        "mean": 0.10542986542,
        "median": 0.05419921875,
        "min": 0,
        "var": 0.0201923549175
    },
    "barkbands": {
        "dmean": [2.72705983662e-05, 0.0015003454173, 0.00142543250695, 0.00189443235286, 0.00161830196157, 0.00133158394601, 0.000938554294407, 0.00103432685137, 0.000818563858047, 0.000591127085499, 0.000400625373004, 0.000214160842006, 0.000350624351995, 0.000183892159839, 0.000270006828941, 0.00018361392722, 0.000156041249284, 0.000125905033201, 0.000139325813507, 8.73886165209e-05, 0.000118547548482, 0.000130463246023, 9.84821308521e-05, 6.36877230136e-05, 3.44044419762e-05, 3.64720108337e-05, 1.10173466794e-07],
        "dmean2": [4.7311776143e-05, 0.00208302796818, 0.00233254255727, 0.00317168841138, 0.00265596946701, 0.00215226667933, 0.00151088077109, 0.00159542751499, 0.00130515836645, 0.000918580277357, 0.000632542418316, 0.000341888167895, 0.00057032762561, 0.000297329155728, 0.000444314966444, 0.000301344494801, 0.000254650920397, 0.000206413402339, 0.000222005546675, 0.0001372925326, 0.000177884663572, 0.000193010928342, 0.000144995967275, 9.10301387194e-05, 5.09927740495e-05, 5.38117092219e-05, 1.88304412063e-07],
        "dvar": [2.97173285979e-09, 9.56276471697e-06, 7.68303834775e-06, 1.00194201877e-05, 6.94715163263e-06, 7.31162799639e-06, 9.88926603895e-06, 4.60940373159e-06, 5.51240100322e-06, 1.76982121047e-06, 1.13378621336e-06, 2.65423750534e-07, 7.10805238668e-07, 2.08854004313e-07, 6.07983054124e-07, 2.97212267242e-07, 1.24989796291e-07, 7.01660383129e-08, 1.19853240221e-07, 7.50448521103e-08, 2.65861444859e-07, 4.39465623003e-07, 2.23724228476e-07, 6.84489336322e-08, 1.0537740458e-08, 1.07701962904e-08, 1.90540481613e-13],
        "dvar2": [8.41745340097e-09, 1.98546131287e-05, 2.09439003811e-05, 2.80690310319e-05, 1.75555323949e-05, 1.92276784219e-05, 2.41448378802e-05, 1.04732635009e-05, 1.41768505273e-05, 4.24447034675e-06, 2.69354018201e-06, 6.29409043995e-07, 1.80830556928e-06, 5.17045350534e-07, 1.5307597323e-06, 7.21118055935e-07, 3.23227538956e-07, 1.79907601705e-07, 2.86318680764e-07, 1.80745033163e-07, 5.75138585646e-07, 8.52304367527e-07, 4.15837064338e-07, 1.31702492467e-07, 2.3355712031e-08, 2.36067556614e-08, 4.86530900203e-13],
        "max": [0.00178087339737, 0.0416792221367, 0.0534589029849, 0.0595077425241, 0.0554179102182, 0.0785667002201, 0.116431683302, 0.0552983805537, 0.0808827504516, 0.0348295457661, 0.0311141405255, 0.0218009315431, 0.0181993804872, 0.0100478921086, 0.0347554385662, 0.0208171512932, 0.0109323207289, 0.00679811136797, 0.0103828795254, 0.014554547146, 0.0176683291793, 0.0277179088444, 0.0157886072993, 0.00853859167546, 0.00259805843234, 0.00179585488513, 1.00120969364e-05],
        "mean": [3.89978995372e-05, 0.00259963446297, 0.00299060111865, 0.0029775314033, 0.003184374189, 0.00237968424335, 0.00154216401279, 0.00198504328728, 0.00145285250619, 0.00116765953135, 0.000727872713469, 0.000385992665542, 0.000631880073342, 0.000307186623104, 0.000456975511042, 0.000341285660397, 0.000285406335024, 0.000246720184805, 0.000269684183877, 0.000165674384334, 0.000215651394683, 0.000253298174357, 0.000195442669792, 0.000114074311568, 5.36547486263e-05, 4.0313887439e-05, 8.84569288928e-08],
        "median": [1.26624518089e-05, 0.001050532097, 0.00196781777777, 0.00174953020178, 0.00208995677531, 0.00106142717414, 0.000482126371935, 0.000566401518881, 0.000482154777274, 0.00033414165955, 0.00014838957577, 0.000124932441395, 0.000176100700628, 9.86717641354e-05, 0.000154280191055, 0.000121819160995, 0.00011531857308, 8.69799041538e-05, 9.53064591158e-05, 6.59074721625e-05, 5.19484347024e-05, 5.09240380779e-05, 4.06704857596e-05, 2.55760423897e-05, 1.30508533402e-05, 3.38534709954e-06, 5.70201441619e-09],
        "min": [1.38793863994e-25, 9.41985117812e-25, 1.88931718414e-25, 2.5059626047e-25, 4.90463657642e-24, 4.96304265455e-24, 2.77266168562e-24, 3.96876591948e-24, 9.37062941307e-24, 7.72317545405e-24, 1.03709334399e-23, 1.62507050415e-23, 2.1890685016e-23, 2.13056515692e-23, 2.97361212886e-23, 4.69947759969e-23, 4.7422000975e-23, 8.55057126786e-23, 8.61572676101e-23, 1.3439970917e-22, 1.63936289671e-22, 2.37172154493e-22, 3.33441634409e-22, 5.36663916601e-22, 7.69128477377e-22, 1.1746055575e-21, 1.77978874588e-21],
        "var": [1.11067235409e-08, 1.7916867364e-05, 1.3255682461e-05, 1.65149031091e-05, 1.59067585628e-05, 1.55245561473e-05, 2.23579645535e-05, 1.79232829396e-05, 9.75598322839e-06, 5.53598920305e-06, 2.92642721433e-06, 5.94653783992e-07, 1.81862662885e-06, 4.55615435158e-07, 1.0994197055e-06, 6.70488532251e-07, 2.78011242472e-07, 1.82264784598e-07, 2.60094481064e-07, 1.62925985592e-07, 6.41177791749e-07, 1.16871444789e-06, 7.2167529197e-07, 2.03117735964e-07, 2.19746478791e-08, 1.28782025044e-08, 1.49902835912e-13]
    },
    "erbbands": {
        "dmean": [0.0274374969304, 0.390082031488, 1.23611223698, 4.26089334488, 6.34998083115, 5.10696125031, 6.70652961731, 13.343211174, 12.2240962982, 17.0756912231, 18.9962348938, 21.2929477692, 13.3080816269, 20.4209098816, 14.1029291153, 8.2061252594, 15.9839191437, 9.37143421173, 12.9236536026, 10.3682613373, 9.16806602478, 7.00912904739, 7.21411657333, 6.11973714828, 6.76441860199, 4.1681933403, 3.59136652946, 5.55299472809, 4.91553688049, 3.41830587387, 2.84185528755, 1.8181425333, 0.808926641941, 0.417101174593, 0.246361166239, 0.199925556779, 0.0559740290046, 0.00408137636259, 8.20437708171e-05, 1.05851840999e-05],
        "dmean2": [0.0372716151178, 0.548462629318, 1.99343335629, 7.12553596497, 10.4769420624, 8.20071601868, 10.6392946243, 21.860912323, 19.2899150848, 27.2931137085, 29.058259964, 33.8121757507, 20.6031742096, 31.8557548523, 22.3522472382, 13.0803031921, 25.9148349762, 15.148235321, 21.1793479919, 16.818479538, 14.867524147, 11.3273515701, 11.8290176392, 9.82361221313, 10.7281131744, 6.57963943481, 5.35068655014, 8.49530029297, 7.21098661423, 5.20896196365, 4.13320398331, 2.61533284187, 1.20257389545, 0.635216355324, 0.362671345472, 0.293977439404, 0.0839124545455, 0.00625153863803, 0.000123251389596, 1.59945466294e-05],
        "dvar": [0.00337000167929, 0.639206111431, 5.40840482712, 49.4297599792, 110.42980957, 87.7826080322, 189.307128906, 786.524536133, 1582.52001953, 1734.27941895, 2349.63818359, 3213.97021484, 882.715576172, 3394.328125, 1025.2130127, 408.230865479, 1531.30578613, 494.234924316, 1340.67041016, 745.487976074, 716.22869873, 242.363586426, 217.925552368, 233.670730591, 304.553466797, 222.555023193, 147.630966187, 830.47064209, 661.735229492, 247.488357544, 206.5703125, 79.3141174316, 9.41687870026, 2.0479824543, 0.480357199907, 0.3958773911, 0.0243438109756, 0.000171270163264, 5.66482079023e-08, 2.53420978646e-10],
        "dvar2": [0.00622546998784, 1.36819517612, 14.2891750336, 139.926193237, 288.866638184, 203.432998657, 472.212341309, 2134.51367188, 3787.828125, 4157.37548828, 5216.18945312, 8030.20263672, 2076.76831055, 8216.00195312, 2593.28564453, 935.819030762, 3905.25976562, 1326.05383301, 3323.71386719, 1807.32897949, 1769.72253418, 600.692321777, 563.26965332, 544.231506348, 732.105773926, 544.357177734, 288.221221924, 1894.15869141, 1270.74951172, 529.299926758, 382.301422119, 159.007736206, 18.8056163788, 4.4199681282, 1.0869383812, 0.871575832367, 0.0538567714393, 0.000394008500734, 1.26892572894e-07, 5.52486889571e-10],
        "max": [0.827109336853, 11.1363363266, 48.1153411865, 134.976013184, 270.845489502, 238.936035156, 310.243713379, 809.45904541, 1265.73034668, 2202.42724609, 1696.54870605, 1596.82385254, 1235.20703125, 1730.70068359, 700.735595703, 914.36706543, 861.483520508, 570.39276123, 1703.70788574, 848.482543945, 967.073852539, 467.337432861, 320.302154541, 522.344177246, 478.79586792, 919.000793457, 397.977050781, 1161.16247559, 1222.43725586, 586.359130859, 503.385986328, 359.520568848, 101.621643066, 43.1469497681, 14.3896045685, 13.1154079437, 2.0980424881, 0.236763864756, 0.00386316957884, 0.00023531311308],
        "mean": [0.0475408174098, 0.709601759911, 2.92916822433, 7.5183224678, 10.736366272, 10.1685724258, 13.0387325287, 22.2729721069, 21.0771980286, 30.3146877289, 40.7196807861, 39.1664962769, 27.7734928131, 40.6613426208, 28.4048671722, 17.02617836, 29.2453613281, 18.3458843231, 23.5725765228, 19.7400360107, 18.4115943909, 14.5191078186, 14.7861127853, 11.9651002884, 13.3529233932, 8.10942840576, 6.84184217453, 10.0393819809, 9.20638561249, 6.72318601608, 5.58740234375, 3.27506351471, 1.4451007843, 0.702055633068, 0.343672662973, 0.239648208022, 0.0574133954942, 0.00376644637436, 9.50001194724e-05, 3.51802336809e-05],
        "median": [0.0161135792732, 0.299447238445, 1.86733198166, 5.28276920319, 6.83102321625, 6.09020137787, 6.86239528656, 8.90018081665, 8.07393741608, 11.0406198502, 12.3088970184, 13.7253036499, 9.28786945343, 9.63374900818, 8.18464756012, 6.25046348572, 8.63738250732, 6.95128059387, 8.63775539398, 7.32407712936, 6.64497184753, 6.31835269928, 5.8115234375, 4.9323720932, 4.47438621521, 3.39852762222, 2.15802073479, 2.14395737648, 1.85405528545, 1.42472314835, 1.08963990211, 0.625505447388, 0.349245041609, 0.182912930846, 0.0690899565816, 0.0275888703763, 0.0028587160632, 0.000124367885292, 2.16165590246e-05, 3.06131114485e-05],
        "min": [4.36115030357e-23, 2.75566178833e-22, 1.41922231226e-21, 2.91273558135e-21, 7.91806362904e-21, 9.07822725121e-21, 2.31200567812e-20, 4.24299419464e-20, 6.19738513703e-20, 1.01332403848e-19, 1.96166541427e-19, 2.73900749018e-19, 3.38784796267e-19, 4.54876700107e-19, 5.88560254033e-19, 8.42297751838e-19, 1.16031612713e-18, 1.66494479425e-18, 1.90106970396e-18, 1.6892278185e-18, 2.36394322433e-18, 3.25970041839e-18, 3.81426256697e-18, 4.83643653327e-18, 5.1769123452e-18, 6.43979669694e-18, 8.32341309677e-18, 8.57977373939e-18, 8.58607023821e-18, 9.64995768203e-18, 8.72411923782e-18, 9.85700843398e-18, 7.87036710245e-18, 7.94979960231e-18, 5.53805402397e-18, 3.38635624583e-18, 2.03154276313e-18, 8.86176581406e-19, 2.24436589159e-19, 2.49902184421e-20],
        "var": [0.00706879561767, 1.20553076267, 12.0750703812, 78.9735717773, 193.379211426, 223.730651855, 436.002746582, 1510.06591797, 3341.39770508, 4297.82617188, 11191.5400391, 6601.73974609, 2589.65356445, 9674.48242188, 2841.62304688, 1116.92370605, 3765.83837891, 1256.22167969, 2803.5793457, 1630.046875, 1662.5111084, 619.015930176, 588.151977539, 484.767456055, 709.954162598, 433.745849609, 414.851013184, 1860.5625, 1650.84875488, 676.163330078, 668.253173828, 231.796340942, 25.8168125153, 5.05748414993, 0.740305900574, 0.490408092737, 0.0269686002284, 0.000166854981217, 6.05636785167e-08, 8.58866533449e-10]
    },
    "gfcc": {
        "mean": [-121.861679077, 89.5221176147, -107.295677185, 30.0074367523, -60.5399589539, 13.6133966446, -38.3827018738, 7.04500770569, -23.0310306549, -1.50741302967, -17.4947547913, -4.47931146622, -11.3190851212],
        "cov": [[123923.53125, 10652.9970703, -12332.8974609, 3756.7109375, -7274.03222656, 1708.91748047, -4453.06982422, 1046.29968262, -2734.70117188, -146.634231567, -2137.46069336, -489.621337891, -1489.93933105], [10652.9970703, 2142.00683594, -920.337768555, 256.108184814, -526.150146484, 56.4712982178, -336.477142334, 36.952709198, -154.103118896, -114.831039429, -38.9411468506, -151.970184326, -36.4234695435], [-12332.8974609, -920.337768555, 2492.07324219, -258.673583984, 873.030517578, -115.973365784, 409.668212891, -42.3709602356, 215.916748047, 128.112319946, 143.950759888, 117.84022522, 78.5573501587], [3756.7109375, 256.108184814, -258.673583984, 467.848449707, -208.840713501, 81.9258270264, -140.670837402, -2.75440192223, -21.3560123444, 9.9528055191, -45.5147171021, -25.1269779205, 5.38077163696], [-7274.03222656, -526.150146484, 873.030517578, -208.840713501, 700.920776367, -64.2157821655, 265.610900879, -20.1984004974, 151.914642334, 63.6183052063, 112.806221008, 49.5610733032, 76.8545455933], [1708.91748047, 56.4712982178, -115.973365784, 81.9258270264, -64.2157821655, 212.174255371, 18.6650180817, 44.3590316772, -49.8469581604, 21.5951690674, -20.9173564911, -0.0409996807575, -27.2520141602], [-4453.06982422, -336.477142334, 409.668212891, -140.670837402, 265.610900879, 18.6650180817, 355.587158203, 12.6762561798, 110.497108459, -6.91414546967, 108.096832275, 19.1520748138, 42.5418319702], [1046.29968262, 36.952709198, -42.3709602356, -2.75440192223, -20.1984004974, 44.3590316772, 12.6762561798, 144.029022217, -8.47459983826, 29.4409599304, -27.2822608948, 7.14501953125, -35.7502746582], [-2734.70117188, -154.103118896, 215.916748047, -21.3560123444, 151.914642334, -49.8469581604, 110.497108459, -8.47459983826, 185.037704468, 14.9821166992, 72.0095291138, -5.80590867996, 54.8279953003], [-146.634231567, -114.831039429, 128.112319946, 9.9528055191, 63.6183052063, 21.5951690674, -6.91414546967, 29.4409599304, 14.9821166992, 109.070671082, -2.6414372921, 30.7619476318, -14.9854955673], [-2137.46069336, -38.9411468506, 143.950759888, -45.5147171021, 112.806221008, -20.9173564911, 108.096832275, -27.2822608948, 72.0095291138, -2.6414372921, 136.479598999, 8.27647781372, 53.5877494812], [-489.621337891, -151.970184326, 117.84022522, -25.1269779205, 49.5610733032, -0.0409996807575, 19.1520748138, 7.14501953125, -5.80590867996, 30.7619476318, 8.27647781372, 90.1919174194, 11.045498848], [-1489.93933105, -36.4234695435, 78.5573501587, 5.38077163696, 76.8545455933, -27.2520141602, 42.5418319702, -35.7502746582, 54.8279953003, -14.9854955673, 53.5877494812, 11.045498848, 115.804298401]],
        "icov": [[0.000257033243543, -0.000706404156517, 0.000466555269668, -0.000729879422579, 0.000730077561457, -0.000565785041545, 0.000601311796345, -0.000684654340148, 0.00077383563621, -0.000637391582131, 0.00107112620026, -0.00102470477577, 0.000905526219867], [-0.000706404156517, 0.00269209453836, -0.00124346127268, 0.00187037454452, -0.00182973768096, 0.00146736518946, -0.00104059022851, 0.00138820882421, -0.00178688997403, 0.00225192727521, -0.00373901543207, 0.00374302896671, -0.00260418257676], [0.000466555269668, -0.00124346127268, 0.00163326447364, -0.0014272412518, 0.000559706764761, -0.000737698923331, 0.000683312537149, -0.000997499097139, 0.00136949541047, -0.00158233521506, 0.00209027878009, -0.00225984351709, 0.00186108460184], [-0.000729879422579, 0.00187037454452, -0.0014272412518, 0.0051422920078, -0.00133711658418, 0.000191402898054, -0.000729175459128, 0.00233980640769, -0.00321477535181, 0.00123180903029, -0.00256330193952, 0.0032389620319, -0.00359180406667], [0.000730077561457, -0.00182973768096, 0.000559706764761, -0.00133711658418, 0.00557285081595, -0.00141477282159, 0.000772990635596, -0.00180552643724, 0.00164580356795, -0.0031614236068, 0.00275126728229, -0.00254837539978, 0.00140898837708], [-0.000565785041545, 0.00146736518946, -0.000737698923331, 0.000191402898054, -0.00141477282159, 0.00802608765662, -0.00369292823598, 0.000385855848435, 0.000743841927033, -0.000595833756961, -0.00207806588151, 0.0026076650247, -0.00173928157892], [0.000601311796345, -0.00104059022851, 0.000683312537149, -0.000729175459128, 0.000772990635596, -0.00369292823598, 0.0081770895049, -0.00315889180638, -0.000109565946332, 0.00160979363136, -0.000919138255995, -0.00227807112969, 0.00252115912735], [-0.000684654340148, 0.00138820882421, -0.000997499097139, 0.00233980640769, -0.00180552643724, 0.000385855848435, -0.00315889180638, 0.010880314745, -0.00307766045444, -0.00076409248868, -0.000540683860891, 0.0015563594643, -0.000535789004061], [0.00077383563621, -0.00178688997403, 0.00136949541047, -0.00321477535181, 0.00164580356795, 0.000743841927033, -0.000109565946332, -0.00307766045444, 0.0121311303228, -0.00404662964866, 0.000777678447776, -6.24802123639e-05, 0.000166357145645], [-0.000637391582131, 0.00225192727521, -0.00158233521506, 0.00123180903029, -0.0031614236068, -0.000595833756961, 0.00160979363136, -0.00076409248868, -0.00404662964866, 0.015522994101, -0.0038471990265, -0.00105781375896, 0.000460184906842], [0.00107112620026, -0.00373901543207, 0.00209027878009, -0.00256330193952, 0.00275126728229, -0.00207806588151, -0.000919138255995, -0.000540683860891, 0.000777678447776, -0.0038471990265, 0.0175848267972, -0.00554088130593, 0.000687228515744], [-0.00102470477577, 0.00374302896671, -0.00225984351709, 0.0032389620319, -0.00254837539978, 0.0026076650247, -0.00227807112969, 0.0015563594643, -6.24802123639e-05, -0.00105781375896, -0.00554088130593, 0.0190933868289, -0.00636627105996], [0.000905526219867, -0.00260418257676, 0.00186108460184, -0.00359180406667, 0.00140898837708, -0.00173928157892, 0.00252115912735, -0.000535789004061, 0.000166357145645, 0.000460184906842, 0.000687228515744, -0.00636627105996, 0.0162051133811]]
    },
    "melbands": {
        "dmean": [0.000344429921824, 0.00056043791119, 0.000770757324062, 0.000409590924392, 0.000221474547288, 0.000278628285741, 0.000191241080756, 0.000199317670194, 0.000153447079356, 0.000130985063151, 6.68841748848e-05, 8.56211772771e-05, 5.01976028318e-05, 2.71650078503e-05, 2.69255178864e-05, 3.50009286194e-05, 1.78824757313e-05, 2.05769483728e-05, 1.87749410543e-05, 1.43384777402e-05, 1.10032005978e-05, 7.94411971583e-06, 8.89537659532e-06, 5.41450117453e-06, 5.41199460713e-06, 5.83153541811e-06, 3.87983163819e-06, 2.76124069387e-06, 2.23101528718e-06, 3.05907155962e-06, 3.59596197086e-06, 3.10826226269e-06, 2.4517280508e-06, 1.90154912616e-06, 1.82855171715e-06, 1.57118722655e-06, 1.0182625374e-06, 6.29582928013e-07, 4.41540095153e-07, 3.43089453736e-07],
        "dmean2": [0.000470525585115, 0.000870900577866, 0.0012822302524, 0.000672530557495, 0.000353496259777, 0.000454335589893, 0.000302941596601, 0.000316081685014, 0.000235012586927, 0.000208118086448, 0.000103227961517, 0.000133807290695, 7.91707861936e-05, 4.30818181485e-05, 4.29537612945e-05, 5.67668066651e-05, 2.90468487947e-05, 3.36049524776e-05, 3.06561851176e-05, 2.34526705754e-05, 1.79081707756e-05, 1.28595165734e-05, 1.46380298247e-05, 8.86676934897e-06, 8.76264766703e-06, 9.41360394791e-06, 6.1244322751e-06, 4.4249018174e-06, 3.39621328749e-06, 4.71457542517e-06, 5.57522162126e-06, 4.6943828238e-06, 3.73219995708e-06, 2.96722714666e-06, 2.72519696409e-06, 2.3388831778e-06, 1.50161963575e-06, 9.57598899731e-07, 6.8721470825e-07, 5.34197852176e-07],
        "dvar": [5.32855210622e-07, 1.01339037428e-06, 1.4232086869e-06, 4.55094891549e-07, 1.75278600523e-07, 3.34680919423e-07, 3.90353790181e-07, 1.96316307211e-07, 1.76165357857e-07, 1.21741948078e-07, 2.23686651424e-08, 5.83402055554e-08, 1.5357871419e-08, 3.32595528896e-09, 4.95791274702e-09, 7.88766651993e-09, 1.97494465226e-09, 3.24118532014e-09, 3.8423881854e-09, 1.65826730125e-09, 1.00972918915e-09, 3.62853080915e-10, 4.34953129069e-10, 1.34149996667e-10, 1.95998994812e-10, 2.60291399545e-10, 1.18457479936e-10, 1.16836276765e-10, 5.03785901884e-11, 1.57063556605e-10, 4.10829675834e-10, 3.01824593096e-10, 1.52739654258e-10, 7.33929375607e-11, 9.01438992895e-11, 7.99302291021e-11, 2.20641404453e-11, 5.89881398935e-12, 2.69398023854e-12, 1.46341760324e-12],
        "dvar2": [1.03732759271e-06, 2.52203039963e-06, 3.91894081986e-06, 1.1498314052e-06, 4.38505509237e-07, 8.93203434771e-07, 9.35746072628e-07, 4.68012871124e-07, 3.99895952796e-07, 3.03103433907e-07, 5.13604092589e-08, 1.41440153811e-07, 3.73354538397e-08, 8.00184452032e-09, 1.10534852382e-08, 1.96945872943e-08, 5.25822052566e-09, 7.91524801258e-09, 1.00326484898e-08, 3.96610966291e-09, 2.54463872196e-09, 9.00623464695e-10, 1.16924614435e-09, 3.37284034035e-10, 4.60533999824e-10, 6.39418018533e-10, 2.74179540183e-10, 2.90447915718e-10, 1.08167357016e-10, 3.4191496856e-10, 9.71328351085e-10, 5.98630756077e-10, 3.22631671379e-10, 1.6898302202e-10, 1.84296342076e-10, 1.62049637598e-10, 4.68263934572e-11, 1.20972711015e-11, 5.85730205657e-12, 3.34505405146e-12],
        "max": [0.00986273773015, 0.0173156391829, 0.0220126397908, 0.0148786352947, 0.0099497307092, 0.0169156100601, 0.0204452145845, 0.0192224550992, 0.0151749327779, 0.00994564220309, 0.00590873183683, 0.00713653722778, 0.00335844489746, 0.0017002049135, 0.00312547083013, 0.00230334815569, 0.00126306281891, 0.00226146844216, 0.00220758421347, 0.00163020181935, 0.00121891952585, 0.000630908121821, 0.000677517789882, 0.000229929093621, 0.000493676983751, 0.0005997698172, 0.000333645148203, 0.000698643794749, 0.000276722828858, 0.000398037343984, 0.000880082312506, 0.000897201767657, 0.000407633750001, 0.000316267483868, 0.000350571644958, 0.000358709599823, 0.000172021114849, 7.88134348113e-05, 5.48664029338e-05, 3.87468280678e-05],
        "mean": [0.0006007818738, 0.00136394274887, 0.00141914805863, 0.000777520472184, 0.000450548017398, 0.000475409935461, 0.000325029133819, 0.000351306778612, 0.000329571805196, 0.000231009951676, 0.000132225846755, 0.000165356919752, 9.7314514278e-05, 5.22698064742e-05, 4.93774605275e-05, 6.16390825599e-05, 3.06372130581e-05, 3.57682583854e-05, 3.15536090056e-05, 2.54023452726e-05, 2.08627989196e-05, 1.46797183334e-05, 1.67045363924e-05, 1.01793457361e-05, 9.45578267419e-06, 1.05774570329e-05, 7.46109117244e-06, 4.86670296596e-06, 3.88182161259e-06, 5.12959195476e-06, 6.11016548646e-06, 5.42682710147e-06, 4.40436770077e-06, 3.44027330357e-06, 3.3313710901e-06, 2.75989918919e-06, 1.6832810843e-06, 1.07247058168e-06, 7.24841243027e-07, 5.38941833383e-07],
        "median": [0.0002235990396, 0.000827751355246, 0.00105044979136, 0.00050586857833, 0.000267062976491, 0.000195011656615, 0.000114261900308, 0.00012330415484, 9.64869759628e-05, 7.78993126005e-05, 4.14853857365e-05, 3.64701845683e-05, 2.38104094024e-05, 1.80487459147e-05, 1.36867220135e-05, 1.68916594703e-05, 1.00593442767e-05, 1.26177492348e-05, 9.92348941509e-06, 9.54229108174e-06, 6.65939751343e-06, 5.40025621376e-06, 6.41220867692e-06, 3.84687700716e-06, 3.6283472582e-06, 3.21735706166e-06, 2.51666506301e-06, 1.91497952073e-06, 1.20443519336e-06, 1.1576896668e-06, 1.16234423331e-06, 1.03198794932e-06, 8.06239313533e-07, 7.27328711037e-07, 6.40345035663e-07, 4.34764501733e-07, 3.2731702504e-07, 2.47192360803e-07, 1.77385317102e-07, 1.37696730462e-07],
        "min": [2.96450378308e-25, 5.70075510058e-25, 5.83315504972e-25, 9.95334005895e-25, 8.12327347784e-25, 1.17010761856e-24, 8.33548494995e-25, 1.18430228308e-24, 1.5560378977e-24, 1.53636380533e-24, 1.0731590785e-24, 1.74044961569e-24, 1.53495864685e-24, 1.89965180434e-24, 1.43079765014e-24, 2.34108949222e-24, 2.36626539636e-24, 2.12300751446e-24, 2.74188151638e-24, 2.24144906293e-24, 2.12981814509e-24, 2.36481014521e-24, 3.32377509958e-24, 3.80578883419e-24, 3.21342765843e-24, 2.94845776062e-24, 3.19633895907e-24, 3.20471409809e-24, 4.25677390838e-24, 3.79651419653e-24, 3.96392625783e-24, 3.98988293706e-24, 3.97104375535e-24, 4.67628343246e-24, 4.48213016976e-24, 4.97667890416e-24, 4.58953949846e-24, 4.32176381963e-24, 5.45639350366e-24, 5.17045351363e-24],
        "var": [1.04750040464e-06, 2.52354993791e-06, 2.59541093328e-06, 9.71177883002e-07, 4.32627871305e-07, 6.63694549985e-07, 8.6925223286e-07, 4.90801198794e-07, 8.03556361006e-07, 2.39204553054e-07, 6.43887858587e-08, 1.657830353e-07, 4.25633395196e-08, 8.1528543916e-09, 1.28269777022e-08, 1.92867624094e-08, 4.36843761165e-09, 6.7998042752e-09, 5.8064784092e-09, 3.47175510562e-09, 2.30231189668e-09, 8.46115177922e-10, 1.00804631309e-09, 3.07003339417e-10, 3.68448355159e-10, 4.99848828994e-10, 2.62702859466e-10, 2.18934204099e-10, 1.27128446659e-10, 3.54350049303e-10, 8.27029111861e-10, 6.60407395436e-10, 3.58966190106e-10, 1.75042036421e-10, 2.39566727567e-10, 2.26054092112e-10, 5.42261374692e-11, 1.45263072404e-11, 6.7611033959e-12, 3.00535182678e-12]
    },
    "mfcc": {
        "mean": [-695.712646484, 110.870986938, 3.68300271034, 16.781627655, -0.0136440517381, 3.03604531288, -4.74085712433, 2.72807145119, -2.17553734779, 0.863862872124, -2.0942671299, -3.8508439064, -3.56871724129],
        "cov": [[29422.3457031, 5656.26123047, 176.454742432, 963.861694336, -230.609771729, 139.933410645, -308.354614258, 340.955505371, -174.705856323, 70.5690307617, -69.410736084, -256.851745605, -215.23677063], [5656.26123047, 2652.02856445, 225.81211853, 231.893997192, 110.392738342, -27.6778392792, 8.06294536591, 38.5655403137, -48.8980979919, 12.6157245636, -5.33191347122, -57.8832969666, -32.4597091675], [176.454742432, 225.81211853, 856.970031738, 188.092407227, 136.427230835, 71.1772918701, 29.5392398834, -18.2229118347, 24.9400005341, 2.00075387955, -1.86870646477, 17.5770702362, 15.4032487869], [963.861694336, 231.893997192, 188.092407227, 303.260284424, 104.010101318, 40.8672561646, -42.3730163574, -20.9189662933, 24.0814495087, 7.56043624878, -19.9947490692, -1.34259402752, 28.5686740875], [-230.609771729, 110.392738342, 136.427230835, 104.010101318, 265.763641357, 44.4610939026, 4.67037534714, -47.7617912292, 25.3264141083, 24.1000423431, -9.19247055054, -6.50840139389, 25.787815094], [139.933410645, -27.6778392792, 71.1772918701, 40.8672561646, 44.4610939026, 168.866989136, 49.0594291687, 7.66968488693, 14.0126914978, 10.4150152206, 11.6065912247, 11.5585565567, 2.73088574409], [-308.354614258, 8.06294536591, 29.5392398834, -42.3730163574, 4.67037534714, 49.0594291687, 189.410247803, 57.1291351318, 11.9523572922, 14.4968891144, 34.8866882324, 17.1509361267, -11.3081922531], [340.955505371, 38.5655403137, -18.2229118347, -20.9189662933, -47.7617912292, 7.66968488693, 57.1291351318, 122.565849304, 20.7872447968, 14.5449857712, 30.5203952789, 7.92393541336, -8.26012229919], [-174.705856323, -48.8980979919, 24.9400005341, 24.0814495087, 25.3264141083, 14.0126914978, 11.9523572922, 20.7872447968, 98.2593002319, 31.0442447662, 5.92289638519, 14.6431722641, 6.03409719467], [70.5690307617, 12.6157245636, 2.00075387955, 7.56043624878, 24.1000423431, 10.4150152206, 14.4968891144, 14.5449857712, 31.0442447662, 93.6085510254, 37.3365440369, 6.06623840332, 0.418295621872], [-69.410736084, -5.33191347122, -1.86870646477, -19.9947490692, -9.19247055054, 11.6065912247, 34.8866882324, 30.5203952789, 5.92289638519, 37.3365440369, 90.5342788696, 28.0256462097, -5.52279663086], [-256.851745605, -57.8832969666, 17.5770702362, -1.34259402752, -6.50840139389, 11.5585565567, 17.1509361267, 7.92393541336, 14.6431722641, 6.06623840332, 28.0256462097, 81.2864227295, 24.6794261932], [-215.23677063, -32.4597091675, 15.4032487869, 28.5686740875, 25.787815094, 2.73088574409, -11.3081922531, -8.26012229919, 6.03409719467, 0.418295621872, -5.52279663086, 24.6794261932, 72.4145812988]],
