{
"lowlevel": {
    "average_loudness": 0.941889882088,
    "barkbands_crest": {
        "dmean": 2.1630461216,
        "dmean2": 3.52447462082,
        "dvar": 4.52135801315,
        "dvar2": 11.2946033478,
        "max": 24.5439147949,
        "mean": 8.60228919983,
        "median": 7.68994426727,
        "min": 2.37566566467,
        "var": 15.1735668182
    },
    "barkbands_flatness_db": {
        "dmean": 0.0156777296215,
        "dmean2": 0.0242646411061,
        "dvar": 0.000239051150857,
        "dvar2": 0.000566314498428,
        "max": 0.278254210949,
        "mean": 0.105150207877,
        "median": 0.0968866497278,
        "min": 0.0176378563046,
        "var": 0.00151021266356
    },
    "barkbands_kurtosis": {
        "dmean": 1.81434965134,
        "dmean2": 2.88550138474,
        "dvar": 14.0048427582,
        "dvar2": 34.2693481445,
        "max": 110.522369385,
        "mean": 2.4156973362,
        "median": 0.347200751305,
        "min": -1.89200031757,
        "var": 34.374710083
    },
    "barkbands_skewness": {
        "dmean": 0.417565196753,
        "dmean2": 0.648429453373,
        "dvar": 0.21835938096,
        "dvar2": 0.522792577744,
        "max": 8.97567939758,
        "mean": 1.13269031048,
        "median": 0.945469856262,
        "min": -2.84893417358,
        "var": 1.26793670654
    },
    "barkbands_spread": {
        "dmean": 6.58550977707,
        "dmean2": 10.2948999405,
        "dvar": 67.2498931885,
        "dvar2": 161.797363281,
        "max": 106.042518616,
        "mean": 28.9696292877,
        "median": 26.9920921326,
        "min": 1.52494776249,
        "var": 247.072982788
    },
    "dissonance": {
        "dmean": 0.0146682150662,
        "dmean2": 0.0246500074863,
        "dvar": 0.000223165247007,
        "dvar2": 0.000598414975684,
        "max": 0.5,
        "mean": 0.469861418009,
        "median": 0.474751412868,
        "min": 0.309872627258,
        "var": 0.000511441088747
    },
    "dynamic_complexity": 3.0645160675,
    "erbbands_crest": {
        "dmean": 2.33901190758,
        "dmean2": 3.76380681992,
        "dvar": 5.53948307037,
        "dvar2": 13.3826322556,
        "max": 30.27526474,
        "mean": 8.6168050766,
        "median": 7.41083908081,
        "min": 2.21758294106,
        "var": 18.5330219269
    },
    "erbbands_flatness_db": {
        "dmean": 0.013787557371,
        "dmean2": 0.0204747691751,
        "dvar": 0.00018360732065,
        "dvar2": 0.000386234140024,
        "max": 0.3083576262,
        "mean": 0.146972566843,
        "median": 0.141992509365,
        "min": 0.0560681074858,
        "var": 0.00139362423215
    },
    "erbbands_kurtosis": {
        "dmean": 0.730945646763,
        "dmean2": 1.16206920147,
        "dvar": 1.40991318226,
        "dvar2": 3.49879789352,
        "max": 23.7819309235,
        "mean": 0.0941744595766,
        "median": -0.432042837143,
        "min": -1.76571536064,
        "var": 3.87838697433
    },
    "erbbands_skewness": {
        "dmean": 0.337576210499,
        "dmean2": 0.526148974895,
        "dvar": 0.13905903697,
        "dvar2": 0.324250429869,
        "max": 4.54056501389,
        "mean": 0.19146515429,
        "median": 0.156099736691,
        "min": -3.33137583733,
        "var": 0.572540521622
    },
    "erbbands_spread": {
        "dmean": 8.10667514801,
        "dmean2": 12.3577337265,
        "dvar": 78.9393234253,
        "dvar2": 181.228897095,
        "max": 146.446533203,
        "mean": 44.7572479248,
        "median": 41.5244903564,
        "min": 4.09228420258,
        "var": 438.332946777
    },
    "hfc": {
        "dmean": 8.05721282959,
        "dmean2": 12.500123024,
        "dvar": 126.676422119,
        "dvar2": 295.823425293,
        "max": 197.518280029,
        "mean": 27.6778202057,
        "median": 25.0104560852,
        "min": 6.81717216011e-09,
        "var": 407.413299561
    },
    "melbands_crest": {
        "dmean": 2.83720159531,
        "dmean2": 4.63462495804,
        "dvar": 7.5137386322,
        "dvar2": 19.3749427795,
        "max": 33.3504981995,
        "mean": 12.3705511093,
        "median": 11.4748420715,
        "min": 3.02094697952,
        "var": 25.2226543427
    },
    "melbands_flatness_db": {
        "dmean": 0.020784009248,
        "dmean2": 0.0317724011838,
        "dvar": 0.000457421061583,
        "dvar2": 0.00109581800643,
        "max": 0.376611351967,
        "mean": 0.152668386698,
        "median": 0.141741007566,
        "min": 0.0168566703796,
        "var": 0.00339613761753
    },
    "melbands_kurtosis": {
        "dmean": 4.76068735123,
        "dmean2": 7.59145450592,
        "dvar": 74.934425354,
        "dvar2": 194.201400757,
        "max": 173.007171631,
        "mean": 10.9713039398,
        "median": 5.14412546158,
        "min": -1.74905121326,
        "var": 246.615020752
    },
    "melbands_skewness": {
        "dmean": 0.560238301754,
        "dmean2": 0.868932962418,
        "dvar": 0.378689199686,
        "dvar2": 0.920468866825,
        "max": 11.3671960831,
        "mean": 2.34410881996,
        "median": 2.05359077454,
        "min": -1.77140891552,
        "var": 2.63004541397
    },
    "melbands_spread": {
        "dmean": 8.21245956421,
        "dmean2": 12.6844053268,
        "dvar": 117.376831055,
        "dvar2": 255.797958374,
        "max": 232.772918701,
        "mean": 32.5146446228,
        "median": 30.5102386475,
        "min": 1.50146305561,
        "var": 439.857269287
    },
    "pitch_salience": {
        "dmean": 0.0593290552497,
        "dmean2": 0.0964411571622,
        "dvar": 0.0029311964754,
        "dvar2": 0.00746041769162,
        "max": 0.922788023949,
        "mean": 0.567956089973,
        "median": 0.566561579704,
        "min": 0.170541033149,
        "var": 0.010654184036
    },
    "silence_rate_20dB": {
        "dmean": 0,
        "dmean2": 0,
        "dvar": 0,
        "dvar2": 0,
        "max": 1,
        "mean": 1,
        "median": 1,
        "min": 1,
        "var": 0
    },
    "silence_rate_30dB": {
        "dmean": 0.000253646168858,
        "dmean2": 0.000507356657181,
        "dvar": 0.000253583159065,
        "dvar2": 0.000507098797243,
        "max": 1,
        "mean": 0.999746382236,
        "median": 1,
        "min": 0,
        "var": 0.000253550999332
    },
    "silence_rate_60dB": {
        "dmean": 0.00431198487058,
        "dmean2": 0.00862506311387,
        "dvar": 0.00429386133328,
        "dvar2": 0.0103282826021,
        "max": 1,
        "mean": 0.0516104474664,
        "median": 0,
        "min": 0,
        "var": 0.0489387512207
    },
    "spectral_centroid": {
        "dmean": 290.635131836,
        "dmean2": 455.370941162,
        "dvar": 116434.671875,
        "dvar2": 274074.84375,
        "max": 4721.30419922,
        "mean": 1736.08093262,
        "median": 1737.67675781,
        "min": 302.571258545,
        "var": 492570.25
    },
    "spectral_complexity": {
        "dmean": 3.70323395729,
        "dmean2": 6.00114154816,
        "dvar": 15.4511003494,
        "dvar2": 37.2173347473,
        "max": 56,
        "mean": 21.5628967285,
        "median": 22,
        "min": 0,
        "var": 103.317420959
    },
    "spectral_decrease": {
        "dmean": 1.56518420447e-09,
        "dmean2": 2.45805664711e-09,
        "dvar": 4.12181865848e-18,
        "dvar2": 9.32662353394e-18,
        "max": -4.82685219831e-20,
        "mean": -5.96684790466e-09,
        "median": -5.73138780879e-09,
        "min": -3.39375780811e-08,
        "var": 1.20286561541e-17
    },
    "spectral_energy": {
        "dmean": 0.00642839446664,
        "dmean2": 0.0100825615227,
        "dvar": 6.78095893818e-05,
        "dvar2": 0.000153361979756,
        "max": 0.139866665006,
        "mean": 0.0250307172537,
        "median": 0.024377848953,
        "min": 8.00514548312e-13,
        "var": 0.000203427349334
    },
    "spectral_energyband_high": {
        "dmean": 0.000788206525613,
        "dmean2": 0.00125401152764,
        "dvar": 1.96472592506e-06,
        "dvar2": 4.65442553832e-06,
        "max": 0.0288743562996,
        "mean": 0.00176955549978,
        "median": 0.00111717532855,
        "min": 6.25501603638e-13,
        "var": 4.26482665716e-06
    },
    "spectral_energyband_low": {
        "dmean": 0.00227083847858,
        "dmean2": 0.00383406784385,
        "dvar": 1.60683503054e-05,
        "dvar2": 4.64633703814e-05,
        "max": 0.0766639336944,
        "mean": 0.00535008823499,
        "median": 0.00428962614387,
        "min": 2.53102033554e-14,
        "var": 2.47907100857e-05
    },
    "spectral_energyband_middle_high": {
        "dmean": 0.00203383155167,
        "dmean2": 0.00305244326591,
        "dvar": 9.59501903708e-06,
        "dvar2": 1.95312022697e-05,
        "max": 0.0713160037994,
        "mean": 0.00675146142021,
        "median": 0.00408299267292,
        "min": 1.1837227162e-13,
        "var": 5.00532078149e-05
    },
    "spectral_energyband_middle_low": {
        "dmean": 0.00425485009328,
        "dmean2": 0.00655334163457,
        "dvar": 4.20252181357e-05,
        "dvar2": 9.16501157917e-05,
        "max": 0.115789093077,
        "mean": 0.0122146857902,
        "median": 0.00948261562735,
        "min": 3.34954808302e-14,
        "var": 0.00011446740973
    },
    "spectral_entropy": {
        "dmean": 0.138680547476,
        "dmean2": 0.206173703074,
        "dvar": 0.0219984948635,
        "dvar2": 0.0467978827655,
        "max": 8.67025566101,
        "mean": 7.77701854706,
        "median": 7.81885385513,
        "min": 6.22619390488,
        "var": 0.115702047944
    },
    "spectral_flux": {
        "dmean": 0.0203226152807,
        "dmean2": 0.0315256267786,
        "dvar": 0.00053062842926,
        "dvar2": 0.00118283531629,
        "max": 0.383060574532,
        "mean": 0.0784518942237,
        "median": 0.0734842419624,
        "min": 1.58373168233e-05,
        "var": 0.00148565531708
    },
    "spectral_kurtosis": {
        "dmean": 0.897573292255,
        "dmean2": 1.5128993988,
        "dvar": 0.894450724125,
        "dvar2": 2.48607349396,
        "max": 17.1130752563,
        "mean": 2.5198943615,
        "median": 2.19583487511,
        "min": -1.03447461128,
        "var": 2.83981466293
    },
    "spectral_rms": {
        "dmean": 0.000611004303209,
        "dmean2": 0.000947144522797,
        "dvar": 4.76033193308e-07,
        "dvar2": 1.05504432213e-06,
        "max": 0.01168140769,
        "mean": 0.00468882266432,
        "median": 0.00487680919468,
        "min": 2.79461946917e-08,
        "var": 2.43529029831e-06
    },
    "spectral_rolloff": {
        "dmean": 684.031188965,
        "dmean2": 1135.90991211,
        "dvar": 1161368.5,
        "dvar2": 2705953.75,
        "max": 15267.0410156,
        "mean": 2196.18701172,
        "median": 1894.921875,
        "min": 43.06640625,
        "var": 3008801
    },
    "spectral_skewness": {
        "dmean": 0.171481996775,
        "dmean2": 0.279808849096,
        "dvar": 0.030943363905,
        "dvar2": 0.0784761682153,
        "max": 2.87075042725,
        "mean": 1.1688580513,
        "median": 1.16532421112,
        "min": -0.175049647689,
        "var": 0.113506548107
    },
    "spectral_spread": {
        "dmean": 479147.40625,
        "dmean2": 695263.75,
        "dvar": 359016398848,
        "dvar2": 620604948480,
        "max": 26889800,
        "mean": 5043386,
        "median": 4882711.5,
        "min": 1999954.125,
        "var": 1.92905674752e+12
    },
    "spectral_strongpeak": {
        "dmean": 0.692607402802,
        "dmean2": 1.15791630745,
        "dvar": 1.17106163502,
        "dvar2": 2.9351503849,
        "max": 13.5650520325,
        "mean": 1.34447562695,
        "median": 0.773615717888,
        "min": 0,
        "var": 2.28014111519
    },
    "zerocrossingrate": {
        "dmean": 0.0112668806687,
        "dmean2": 0.0129205631092,
        "dvar": 0.000175734661752,
        "dvar2": 0.000194124178961,
        "max": 0.52294921875,
        "mean": 0.081255607307,
        "median": 0.0771484375,
        "min": 0.01123046875,
        "var": 0.00155977695249
    },
    "barkbands": {
        "dmean": [4.40200055891e-05, 0.000970857334323, 0.00138751661871, 0.000747506332118, 0.00168354145717, 0.001528735389, 0.000823931244668, 0.000501661328599, 0.00110460538417, 0.000723818142433, 0.000450604245998, 0.000372709444491, 0.000347009074176, 0.000352198665496, 0.000524581293575, 0.000262722984189, 0.000297619204503, 0.000212586950511, 0.000237335902057, 0.000239874207182, 0.000288446142804, 0.000188779900782, 0.000131634747959, 0.000122534416732, 6.30782451481e-05, 1.22962301248e-05, 2.20174868559e-07],
        "dmean2": [7.45439829188e-05, 0.00165675103199, 0.00233308714814, 0.00126529776026, 0.0026795133017, 0.00235071615316, 0.00127091584727, 0.000765094533563, 0.00168439059053, 0.00108915194869, 0.000695624796208, 0.00055400718702, 0.000537524465472, 0.00055080576567, 0.000855226418935, 0.000424709432991, 0.000484693271574, 0.000344375264831, 0.000375017960323, 0.000401915953262, 0.00047096828348, 0.000312339689117, 0.000208481942536, 0.000188912337762, 9.5492512628e-05, 1.93050909729e-05, 3.61933047088e-07],
        "dvar": [3.35020722275e-09, 2.45741284743e-06, 7.43797181713e-06, 1.94171889234e-06, 1.28224028231e-05, 1.31474635054e-05, 6.55920666759e-06, 3.63866342923e-06, 9.77375020739e-06, 3.87401541957e-06, 1.40758061207e-06, 9.90150965663e-07, 1.19363426165e-06, 1.11957797344e-06, 1.20374670587e-06, 4.43081006551e-07, 3.78341326268e-07, 1.95538149228e-07, 1.86291984505e-07, 1.81217984618e-07, 2.38084282955e-07, 1.53807548031e-07, 8.58336264287e-08, 7.21044415286e-08, 1.61974842428e-08, 1.17512299891e-09, 5.57280289352e-14],
        "dvar2": [8.79182948665e-09, 7.29909925212e-06, 2.06534004974e-05, 4.98024974149e-06, 3.03607812384e-05, 2.94589408441e-05, 1.55615016411e-05, 7.31684531274e-06, 2.32275651797e-05, 7.97666780272e-06, 3.04347736346e-06, 1.86677914371e-06, 2.46182526098e-06, 2.72522038358e-06, 3.05882349494e-06, 1.14206170565e-06, 9.39218637086e-07, 4.75858541904e-07, 4.42043415205e-07, 4.83347832869e-07, 6.13253291704e-07, 3.73824889266e-07, 1.85932790941e-07, 1.66696793258e-07, 3.4711661101e-08, 2.79527512248e-09, 1.46034429666e-13],
        "max": [0.000925689353608, 0.0352362021804, 0.0565841943026, 0.0431620702147, 0.062260992825, 0.0602788738906, 0.081728681922, 0.0668888837099, 0.109135590494, 0.046180922538, 0.0526340603828, 0.0318583473563, 0.0470472238958, 0.0261427909136, 0.0183647666126, 0.0171413645148, 0.0135642439127, 0.0129634384066, 0.00912686623633, 0.00902837142348, 0.00916017778218, 0.00946760829538, 0.00787935126573, 0.0102054607123, 0.00377856660634, 0.000984592712484, 4.57920396002e-06],
        "mean": [5.53848622076e-05, 0.00213486352004, 0.00242839474231, 0.00124563346617, 0.00296325446106, 0.00319744716398, 0.00147722056136, 0.000851158052683, 0.00188771670219, 0.00132892106194, 0.000789789482951, 0.000725287769455, 0.000629131915048, 0.000618484569713, 0.0008963374421, 0.000457711110357, 0.000538065913133, 0.000389418913983, 0.000470823812066, 0.000451897009043, 0.000538694672287, 0.000326855690219, 0.000253099424299, 0.000240546651185, 0.000116789175081, 1.73133630597e-05, 5.04209424435e-07],
        "median": [2.95028676192e-05, 0.00147502636537, 0.00156971602701, 0.000715327565558, 0.00126822164748, 0.000944095896557, 0.000605711131357, 0.000305635854602, 0.000647122855298, 0.000287445029244, 0.000255898339674, 0.000189720420167, 0.000161197734997, 0.000187806610484, 0.00030647899257, 0.000171145424247, 0.000222169604967, 0.000182365532964, 0.000249334814725, 0.000282688764855, 0.000312619435135, 0.000169016420841, 0.000122761935927, 0.000117932650028, 4.7906247346e-05, 6.47631895845e-06, 4.35895799455e-07],
        "min": [4.5482416661e-15, 1.0198508772e-14, 8.67614323213e-15, 7.6378942911e-15, 1.02660748961e-14, 4.05240128428e-15, 3.68195142479e-15, 4.28706583308e-15, 2.04443239105e-15, 4.05764441822e-15, 1.24762637999e-15, 3.37543328283e-15, 2.25305808827e-15, 5.71619422125e-15, 1.6673569128e-14, 2.59631912188e-14, 1.23025928231e-14, 7.93227212159e-15, 3.2778433559e-14, 3.5534180714e-14, 7.68935086502e-14, 6.20859226118e-14, 4.91201927765e-14, 9.3235505037e-14, 9.29232615876e-14, 1.11446523668e-13, 1.10836653169e-13],
        "var": [5.53187318175e-09, 5.39434859093e-06, 8.71187057783e-06, 3.23907647726e-06, 2.6528530725e-05, 4.13652451243e-05, 9.36966353038e-06, 5.60333819521e-06, 1.47925302372e-05, 1.03225975181e-05, 3.59852879228e-06, 3.72969884666e-06, 2.72282704827e-06, 2.65115750153e-06, 2.55458326137e-06, 8.01873454748e-07, 8.62021124703e-07, 4.14449857544e-07, 3.91336470784e-07, 2.8712133826e-07, 4.37306908907e-07, 2.62735539991e-07, 1.9132720297e-07, 1.45735910451e-07, 3.93219572459e-08, 1.61627500272e-09, 1.28351783412e-13]
    },
    "erbbands": {
        "dmean": [0.0166010726243, 0.267933636904, 1.34889793396, 2.14054822922, 2.92460155487, 7.30774450302, 10.969285965, 11.8812799454, 10.9951400757, 10.6308174133, 14.0512275696, 22.6995201111, 24.2020702362, 19.6837882996, 13.111582756, 15.4446191788, 14.4233531952, 17.3266563416, 19.4062271118, 20.8666744232, 14.1131153107, 15.2954730988, 11.6040840149, 12.3762903214, 10.4715576172, 10.6561822891, 13.1152887344, 9.54838466644, 6.62078475952, 5.84986925125, 3.51648139954, 2.7764544487, 1.91896212101, 0.921054005623, 0.371142804623, 0.0945896729827, 0.0157474670559, 0.000718822819181, 6.17740079178e-05, 9.68152835412e-06],
        "dmean2": [0.0285170003772, 0.455180168152, 2.26535391808, 3.58350348473, 4.77678775787, 11.5057697296, 16.6426639557, 18.0098800659, 16.9213809967, 16.3303222656, 21.5666217804, 34.3014297485, 36.8318099976, 30.2399978638, 19.3553695679, 22.4952545166, 21.9853096008, 27.4089412689, 30.4445381165, 33.9464836121, 22.7309951782, 24.8757514954, 18.6501121521, 19.4575328827, 16.991771698, 17.8484249115, 21.5769424438, 15.6967039108, 10.9704179764, 9.57675361633, 5.54340791702, 4.32576942444, 2.98386025429, 1.41930782795, 0.561678230762, 0.145575985312, 0.0245156120509, 0.0011148013873, 9.74824943114e-05, 1.48954013639e-05],
        "dvar": [0.000687110994477, 0.195645198226, 6.95113801956, 15.1734046936, 39.6303787231, 268.006011963, 817.106079102, 852.565246582, 1197.07629395, 1386.6114502, 2270.35961914, 5441.35742188, 4118.86425781, 2779.25756836, 1531.54858398, 1795.72717285, 2287.03076172, 2926.79003906, 1772.10595703, 1926.83837891, 1028.30871582, 902.934753418, 581.558166504, 545.103759766, 359.554107666, 371.173553467, 511.056335449, 281.02230835, 211.105804443, 140.530197144, 68.4193725586, 49.5193862915, 15.0277318954, 3.13822627068, 0.777868926525, 0.0747710689902, 0.00131081766449, 2.42923010774e-06, 5.21587040225e-09, 1.45540232643e-10],
        "dvar2": [0.00209809839725, 0.57149130106, 19.3463916779, 41.4043922424, 95.2563247681, 614.158508301, 1859.72290039, 1806.5213623, 2639.02148438, 3249.08349609, 4830.21582031, 13284.4501953, 9232.94042969, 6115.99462891, 3201.74902344, 3174.40551758, 4493.77636719, 7389.23779297, 3936.96679688, 4977.61279297, 2604.71606445, 2230.18847656, 1393.07495117, 1279.65148926, 922.273376465, 993.29675293, 1324.99304199, 711.518859863, 517.773681641, 333.412628174, 146.444244385, 113.992225647, 35.3465576172, 7.05746364594, 1.57950353622, 0.17324487865, 0.00304445694201, 5.46150204173e-06, 1.25388686101e-08, 3.34063665619e-10],
        "max": [0.477295428514, 9.58782291412, 56.4304924011, 91.4135131836, 232.692840576, 298.738891602, 551.818115234, 686.722045898, 1566.04589844, 1514.30004883, 1644.19506836, 3327.29370117, 1512.43457031, 1667.77807617, 1638.40673828, 1304.23730469, 2644.48803711, 1499.10131836, 1098.24890137, 763.293579102, 777.459777832, 729.948730469, 886.524230957, 488.660003662, 389.729553223, 332.078399658, 371.744598389, 298.17175293, 321.663238525, 289.033691406, 269.440795898, 348.572265625, 100.531204224, 37.168182373, 38.6165733337, 9.10283470154, 0.991579473019, 0.0426932051778, 0.00147188350093, 0.000175629247678],
        "mean": [0.0331557393074, 0.595158815384, 2.60307049751, 3.85295271873, 5.12550830841, 12.4734306335, 21.1532897949, 24.1723651886, 20.287103653, 21.1967868805, 25.1125946045, 39.7006874084, 46.1528816223, 36.8780441284, 25.6293983459, 31.6256332397, 29.18633461, 33.1965103149, 37.3558616638, 38.5245437622, 27.8748531342, 29.1407222748, 22.7360229492, 24.8827133179, 20.7391853333, 20.630815506, 24.7215614319, 17.5866966248, 11.3885173798, 10.2784490585, 6.84196519852, 5.30659627914, 3.66403794289, 1.72607016563, 0.644719779491, 0.143348753452, 0.021722164005, 0.00128097389825, 0.000152603141032, 3.83225851692e-05],
        "median": [0.024643085897, 0.407463371754, 1.78186702728, 2.63681459427, 2.93362092972, 4.74100494385, 6.01019334793, 7.38363265991, 8.43813419342, 9.37615394592, 10.7287998199, 14.8569469452, 12.4826221466, 12.0044689178, 9.12112808228, 9.46044540405, 8.72833919525, 11.2535705566, 14.591219902, 15.952009201, 12.8321695328, 13.4787340164, 11.3798084259, 13.1013708115, 11.8264513016, 13.2327022552, 14.6191272736, 10.1079368591, 5.83343601227, 4.82457590103, 3.40413618088, 2.51928496361, 1.83475327492, 0.747001767159, 0.24153213203, 0.0541897118092, 0.00846195593476, 0.000712461944204, 0.000126586004626, 3.72972426703e-05],
        "min": [3.21062105938e-13, 2.26189748355e-12, 8.76425060997e-12, 2.00214168161e-11, 2.99075555987e-11, 3.40288318357e-11, 3.74132599901e-11, 3.06333222677e-11, 3.3664099286e-11, 9.75519873214e-11, 6.61397603352e-11, 4.15817311139e-11, 1.31981786611e-10, 6.93375218352e-11, 7.93200991001e-11, 1.45275041996e-10, 1.20405435622e-10, 2.77095540957e-10, 4.73807382217e-10, 1.37322098137e-09, 1.20463827802e-09, 6.60100751837e-10, 4.63819621599e-10, 9.87793069562e-10, 1.5970751388e-09, 2.17540585545e-09, 2.96442448366e-09, 2.59140642278e-09, 3.07523895238e-09, 1.71575442742e-09, 1.22230181532e-09, 1.76002912244e-09, 1.49082124423e-09, 1.08670239474e-09, 5.92711102421e-10, 3.67970653947e-10, 1.905095387e-10, 8.65688284946e-11, 2.10566321324e-11, 1.23238875702e-12],
        "var": [0.00113015319221, 0.425451159477, 8.93318748474, 21.6277561188, 82.338684082, 573.026184082, 2222.43286133, 2766.46606445, 1891.93334961, 2053.56640625, 3649.02001953, 7690.98486328, 9581.56347656, 7594.63964844, 3418.74926758, 7543.86328125, 5171.36083984, 6165.83398438, 4617.06054688, 4062.74291992, 2031.33520508, 2072.81347656, 1320.6986084, 1192.59289551, 682.605041504, 572.508666992, 902.703369141, 511.137115479, 336.141937256, 269.928161621, 149.190002441, 95.0343856812, 29.8338012695, 7.15063667297, 1.84012818336, 0.115023076534, 0.00185132585466, 3.74770888811e-06, 1.41324765224e-08, 4.5342415933e-10]
    },
    "gfcc": {
        "mean": [18.4540138245, 75.2417526245, -124.747093201, 43.9415817261, -70.2151260376, 16.7215595245, -38.7009124756, 8.51068782806, -22.7126655579, 2.32238316536, -17.1406421661, -5.43276882172, -6.23004007339],
        "cov": [[5362.11962891, 207.298202515, -330.915863037, 194.516113281, -549.210754395, 97.9241790771, -179.897537231, 90.7862548828, -135.707839966, -25.1842155457, 35.2281074524, -183.410186768, 52.1811828613], [207.298202515, 945.610656738, 147.687179565, -47.2254714966, 111.018112183, -173.364135742, 113.166572571, -60.0819664001, 40.201385498, -68.3847961426, 45.9162483215, -81.0551300049, 52.9818496704], [-330.915863037, 147.687179565, 933.007568359, 304.517150879, -57.2779312134, 67.6790161133, -24.964214325, -9.56790161133, -45.2999916077, 56.0036773682, -54.7803955078, 1.37144780159, -32.2363128662], [194.516113281, -47.2254714966, 304.517150879, 325.470062256, -12.2493886948, 20.894777298, -17.0775337219, -7.9589214325, 8.90163040161, 15.871178627, -34.6206626892, -15.1001911163, -20.4060020447], [-549.210754395, 111.018112183, -57.2779312134, -12.2493886948, 222.263824463, -14.9570150375, 49.1485023499, -10.4694719315, 31.0610389709, -2.97106099129, -5.32121133804, -0.736585617065, -1.70242059231], [97.9241790771, -173.364135742, 67.6790161133, 20.894777298, -14.9570150375, 193.166473389, 23.1631259918, 9.76207923889, -41.2222137451, 44.1499214172, -7.53839969635, -14.0904216766, -15.1727724075], [-179.897537231, 113.166572571, -24.964214325, -17.0775337219, 49.1485023499, 23.1631259918, 162.146636963, 17.1202697754, -0.978066504002, -2.94368672371, 9.60984992981, -20.0400371552, -3.73052978516], [90.7862548828, -60.0819664001, -9.56790161133, -7.9589214325, -10.4694719315, 9.76207923889, 17.1202697754, 115.261489868, 26.384677887, -8.09510707855, -7.46770620346, 5.5270485878, -0.72948551178], [-135.707839966, 40.201385498, -45.2999916077, 8.90163040161, 31.0610389709, -41.2222137451, -0.978066504002, 26.384677887, 106.860023499, 1.97331106663, -10.5085859299, 2.98427987099, 1.68643951416], [-25.1842155457, -68.3847961426, 56.0036773682, 15.871178627, -2.97106099129, 44.1499214172, -2.94368672371, -8.09510707855, 1.97331106663, 95.0253143311, 13.3352642059, -4.83233976364, -13.8340206146], [35.2281074524, 45.9162483215, -54.7803955078, -34.6206626892, -5.32121133804, -7.53839969635, 9.60984992981, -7.46770620346, -10.5085859299, 13.3352642059, 91.3291931152, 13.6392374039, 8.38214874268], [-183.410186768, -81.0551300049, 1.37144780159, -15.1001911163, -0.736585617065, -14.0904216766, -20.0400371552, 5.5270485878, 2.98427987099, -4.83233976364, 13.6392374039, 79.1092987061, 13.5805654526], [52.1811828613, 52.9818496704, -32.2363128662, -20.4060020447, -1.70242059231, -15.1727724075, -3.73052978516, -0.72948551178, 1.68643951416, -13.8340206146, 8.38214874268, 13.5805654526, 64.9640350342]],
        "icov": [[0.000796807464212, -0.00163330894429, 0.00166562281083, -0.0019416824216, 0.00229738792405, -0.00150588713586, 0.00170598458499, -0.00181336072274, 0.00181105651427, -0.00106470065657, 0.000826454546768, -0.000252476980677, 0.000367141125025], [-0.00163330894429, 0.00662527093664, -0.00521092116833, 0.00557504408062, -0.00585128134117, 0.00571121647954, -0.00540955644101, 0.00546291796491, -0.00532658863813, 0.00440843543038, -0.00427857972682, 0.00516610778868, -0.00344552146271], [0.00166562281083, -0.00521092116833, 0.00620532315224, -0.00647148210555, 0.00568093499169, -0.00458649080247, 0.00453062541783, -0.00487007107586, 0.0055993841961, -0.00435117725283, 0.00392805272713, -0.00366765959188, 0.00242944178171], [-0.0019416824216, 0.00557504408062, -0.00647148210555, 0.0102035161108, -0.00616320036352, 0.00468111783266, -0.00475370045751, 0.00574426958337, -0.00644930079579, 0.00405740784481, -0.00280606746674, 0.00369931268506, -0.00164986948948], [0.00229738792405, -0.00585128134117, 0.00568093499169, -0.00616320036352, 0.0122929960489, -0.0051013645716, 0.00376431201585, -0.00464734155685, 0.00418519508094, -0.00390145392157, 0.0039251986891, -0.00292216311209, 0.0022693828214], [-0.00150588713586, 0.00571121647954, -0.00458649080247, 0.00468111783266, -0.0051013645716, 0.0119428494945, -0.00574418483302, 0.00346632022411, -0.00154309882782, 0.000285280228127, -0.00237531191669, 0.00462117232382, -0.00244778906927], [0.00170598458499, -0.00540955644101, 0.00453062541783, -0.00475370045751, 0.00376431201585, -0.00574418483302, 0.012157836929, -0.00626092404127, 0.00509284902364, -0.00275470665656, 0.00186493981164, -0.00114869954996, 0.0024620720651], [-0.00181336072274, 0.00546291796491, -0.00487007107586, 0.00574426958337, -0.00464734155685, 0.00346632022411, -0.00626092404127, 0.0151589503512, -0.00839675962925, 0.00508253322914, -0.00270031555556, 0.00191583752166, -0.0018643445801], [0.00181105651427, -0.00532658863813, 0.0055993841961, -0.00644930079579, 0.00418519508094, -0.00154309882782, 0.00509284902364, -0.00839675962925, 0.0175504237413, -0.00625236099586, 0.00502600846812, -0.00316831842065, 0.00181638798676], [-0.00106470065657, 0.00440843543038, -0.00435117725283, 0.00405740784481, -0.00390145392157, 0.000285280228127, -0.00275470665656, 0.00508253322914, -0.00625236099586, 0.0165738482028, -0.00612690113485, 0.00419117417186, -0.000155427449499], [0.000826454546768, -0.00427857972682, 0.00392805272713, -0.00280606746674, 0.0039251986891, -0.00237531191669, 0.00186493981164, -0.00270031555556, 0.00502600846812, -0.00612690113485, 0.0159870162606, -0.00634836172685, 0.00134735635947], [-0.000252476980677, 0.00516610778868, -0.00366765959188, 0.00369931268506, -0.00292216311209, 0.00462117232382, -0.00114869954996, 0.00191583752166, -0.00316831842065, 0.00419117417186, -0.00634836172685, 0.0210435092449, -0.00631536124274], [0.000367141125025, -0.00344552146271, 0.00242944178171, -0.00164986948948, 0.0022693828214, -0.00244778906927, 0.0024620720651, -0.0018643445801, 0.00181638798676, -0.000155427449499, 0.00134735635947, -0.00631536124274, 0.0192698743194]]
    },
    "melbands": {
        "dmean": [0.000204794283491, 0.00056699156994, 0.00035845770617, 0.000366383173969, 0.000351619615685, 0.000271506898571, 0.000170958213857, 0.000109611202788, 0.000135934489663, 0.000149182800669, 0.000123576217447, 8.2692313299e-05, 4.82065406686e-05, 3.79321863875e-05, 4.34455942013e-05, 3.4180295188e-05, 3.58797442459e-05, 2.86455233436e-05, 4.72862338938e-05, 1.9994291506e-05, 1.73777461896e-05, 1.86176039279e-05, 1.17247682283e-05, 9.77631771093e-06, 1.12475026981e-05, 8.80454717844e-06, 7.02096622263e-06, 8.03632701718e-06, 8.82282620296e-06, 8.16761803435e-06, 5.1326396715e-06, 4.02384512199e-06, 3.66344465874e-06, 3.21102697853e-06, 2.23556025958e-06, 1.95352549781e-06, 1.63118272667e-06, 1.40671477311e-06, 1.13768567189e-06, 7.38156415991e-07],
        "dmean2": [0.000349725683918, 0.000950778310653, 0.00059698917903, 0.00058401550632, 0.000537786923815, 0.000413611269323, 0.000262407585979, 0.000165697041666, 0.000207986362511, 0.000225335737923, 0.00018735442427, 0.000126219412778, 7.23246121197e-05, 5.55889491807e-05, 6.53363822494e-05, 5.26477961103e-05, 5.68610194023e-05, 4.40717230958e-05, 7.77397872298e-05, 3.18808597513e-05, 2.81746542896e-05, 3.04907298414e-05, 1.90733589989e-05, 1.57051417773e-05, 1.7785376258e-05, 1.40956453833e-05, 1.17721056085e-05, 1.36102098622e-05, 1.4566820937e-05, 1.34549418362e-05, 8.55892903928e-06, 6.71703764965e-06, 6.10608049101e-06, 5.25239602212e-06, 3.59189493793e-06, 3.05265984935e-06, 2.57989768215e-06, 2.22047469833e-06, 1.79353071417e-06, 1.15019213354e-06],
        "dvar": [1.04708107074e-07, 1.13449971195e-06, 4.00247614607e-07, 6.82086522374e-07, 6.62109584937e-07, 4.13200240246e-07, 2.57104915136e-07, 1.41150152899e-07, 1.75091614096e-07, 2.29531281093e-07, 1.05884545576e-07, 5.31942951909e-08, 1.78099170967e-08, 1.29020465423e-08, 1.47630849767e-08, 1.21843655165e-08, 1.38714009168e-08, 5.25372501059e-09, 1.19003980004e-08, 2.70999800378e-09, 1.87267401586e-09, 1.46356915476e-09, 6.25793916686e-10, 4.45586817444e-10, 4.73085126629e-10, 2.81694001458e-10, 1.56572602106e-10, 2.20868517919e-10, 2.39478298303e-10, 2.0031894199e-10, 8.97839164127e-11, 7.46071537883e-11, 6.56580692593e-11, 4.36607451582e-11, 2.96431455771e-11, 2.19818885316e-11, 1.53006357584e-11, 7.72663790588e-12, 5.20304806184e-12, 2.19073045295e-12],
        "dvar2": [3.15512636462e-07, 3.21016227645e-06, 1.05776689452e-06, 1.62086337241e-06, 1.4939138282e-06, 8.97583902315e-07, 5.79513823595e-07, 3.14270920398e-07, 3.8121257262e-07, 5.61527258469e-07, 2.34561298385e-07, 1.15321192595e-07, 3.54456375362e-08, 2.54074681294e-08, 2.77228657808e-08, 2.5907285206e-08, 3.51258009346e-08, 1.07049178411e-08, 3.08140926109e-08, 6.93841517574e-09, 4.72362504667e-09, 3.66335517477e-09, 1.49291445872e-09, 1.06039366177e-09, 1.1214279505e-09, 6.89553247835e-10, 4.11443212833e-10, 5.95729854336e-10, 6.16544870713e-10, 5.31264587877e-10, 2.26837715278e-10, 1.87549614727e-10, 1.60706045693e-10, 1.04948716384e-10, 6.73985797728e-11, 5.00389070457e-11, 3.63955567073e-11, 1.83794316572e-11, 1.23197745408e-11, 4.94236639462e-12],
        "max": [0.00756486970931, 0.0220011770725, 0.0170722249895, 0.0157112609595, 0.014596156776, 0.0132676046342, 0.0201920643449, 0.0150430239737, 0.0119775971398, 0.0210950654, 0.00780237931758, 0.00667274789885, 0.0063758213073, 0.00458432454616, 0.00327919283882, 0.0044634542428, 0.00310667953454, 0.00237457756884, 0.00192526355386, 0.00164981582202, 0.000933894189075, 0.000746133679058, 0.000606983201578, 0.000699806434568, 0.000414759124396, 0.000365769141354, 0.000337235251209, 0.000243222966674, 0.000306225556415, 0.000336897879606, 0.000191227241885, 0.000196830747882, 0.0001820326288, 0.000148023478687, 0.000149408631842, 0.000165224773809, 0.000179880356882, 7.57263114792e-05, 5.34813225386e-05, 2.75369893643e-05],
        "mean": [0.000450847001048, 0.00120082276408, 0.000683438440319, 0.000627293076832, 0.00070116011193, 0.000559190870263, 0.000316932826536, 0.000216218628339, 0.000234165345319, 0.000256298983004, 0.000229568235227, 0.000148717299453, 8.81640225998e-05, 7.5881194789e-05, 7.53131753299e-05, 6.60615551169e-05, 6.19798665866e-05, 5.12736041856e-05, 7.73592983023e-05, 3.59101686627e-05, 3.11555995722e-05, 3.3078067645e-05, 2.12833929254e-05, 1.7870335796e-05, 2.07747398235e-05, 1.62664273375e-05, 1.27085886561e-05, 1.40877327794e-05, 1.57491504069e-05, 1.44827981785e-05, 8.64107641974e-06, 6.60096156935e-06, 5.71028749619e-06, 5.64937499803e-06, 4.04078355132e-06, 3.61979937225e-06, 2.93287803288e-06, 2.61669174506e-06, 2.03726244763e-06, 1.31077081278e-06],
        "median": [0.000319603248499, 0.000889403279871, 0.000487548386445, 0.000267753493972, 0.00024097590358, 0.000173884705873, 0.000132946908707, 8.69197829161e-05, 8.63306486281e-05, 8.80849111127e-05, 5.54006255697e-05, 4.12168592447e-05, 3.0412686101e-05, 2.0187580958e-05, 2.03419276659e-05, 1.50092200784e-05, 1.86420656973e-05, 1.71521533048e-05, 2.45468509092e-05, 1.35023237817e-05, 1.27978419187e-05, 1.3484590454e-05, 9.70289329416e-06, 8.51199911267e-06, 9.9121571111e-06, 8.08657932794e-06, 7.33950946596e-06, 8.40103894006e-06, 8.87666192284e-06, 7.94303923612e-06, 4.57478654425e-06, 3.29390059051e-06, 2.60970364252e-06, 2.54284213952e-06, 1.888970246e-06, 1.71831027274e-06, 1.38642440106e-06, 1.31310309825e-06, 9.32602461035e-07, 4.99926613884e-07],
        "min": [3.06527713436e-15, 4.12216545891e-15, 3.7875065531e-15, 2.33409436561e-15, 1.36380880717e-15, 6.90463142119e-16, 5.82957402816e-16, 1.10929764113e-15, 4.23893403289e-16, 2.99426861538e-16, 6.83083420506e-16, 3.0246395111e-16, 2.1202288167e-16, 3.26311872573e-16, 3.53879036297e-16, 2.44445264718e-16, 5.54175593845e-16, 6.06025921618e-16, 1.40567976333e-15, 2.13203825593e-15, 1.22895629152e-15, 7.1555310505e-16, 3.59848103946e-16, 4.68980120038e-16, 7.36855718975e-16, 1.6532569059e-15, 5.41615789304e-16, 1.69568891551e-15, 1.63260719556e-15, 1.98290645886e-15, 1.16570484734e-15, 1.79342264746e-15, 1.0708404395e-15, 9.7877325209e-16, 7.90851422385e-16, 4.86787770144e-16, 1.33645536044e-15, 9.08605572135e-16, 1.19159589168e-15, 8.46069235519e-16],
        "var": [2.23349616135e-07, 1.59811293088e-06, 6.3757187263e-07, 1.33209368869e-06, 1.83454756097e-06, 1.30392083975e-06, 4.09598897022e-07, 2.30928918654e-07, 3.05167048964e-07, 3.26078094304e-07, 2.52451144434e-07, 1.41756942185e-07, 4.32239488646e-08, 4.30672528751e-08, 3.72175961161e-08, 3.63972780804e-08, 2.83815122515e-08, 1.37750681972e-08, 2.3700355456e-08, 5.3583866233e-09, 3.31323146696e-09, 3.16115555954e-09, 1.35576161409e-09, 8.87475037903e-10, 9.67009916586e-10, 5.48012968338e-10, 2.62849936261e-10, 3.08562120299e-10, 4.12541417694e-10, 3.37190275701e-10, 1.51566620366e-10, 1.13887642372e-10, 1.00491004407e-10, 8.48370679263e-11, 5.87592474677e-11, 4.31581229088e-11, 2.74585094245e-11, 1.4692929165e-11, 1.02034439925e-11, 4.78056570025e-12]
    },
    "mfcc": {
        "mean": [-616.599975586, 95.0739898682, 3.79922676086, 23.8991889954, -2.85369277, 5.28410387039, -2.30558156967, -0.404917061329, 2.63336515427, 3.3983399868, -4.48942232132, -0.344624876976, -4.00978517532],
        "cov": [[5712.53662109, -263.025421143, -24.8780593872, -142.63494873, -232.734817505, -220.843383789, -16.8006820679, -108.83026886, -86.1440811157, 87.1241073608, -96.4165420532, -73.1837921143, -106.211769104], [-263.025421143, 920.942565918, -18.3190879822, 94.8958053589, -7.94885253906, -46.3138504028, 41.1831474304, -12.7971258163, 1.56194865704, 33.575630188, -38.5616950989, -20.9332447052, -19.9841251373], [-24.8780593872, -18.3190879822, 902.935852051, 214.518539429, 63.1492233276, 99.130531311, 31.8651924133, -35.0249557495, 13.2012491226, -13.2220878601, 8.17499637604, 23.4471683502, -5.1839299202], [-142.63494873, 94.8958053589, 214.518539429, 301.746368408, 61.0207633972, 28.0545749664, -19.1887531281, 5.83981275558, 23.6008605957, 2.48213648796, 1.06947827339, 14.2265119553, -10.8527612686], [-232.734817505, -7.94885253906, 63.1492233276, 61.0207633972, 149.417282104, 23.4559650421, -20.8329544067, 0.85982966423, 12.5487689972, -4.10243368149, 2.56942343712, -1.71270155907, 12.0385503769], [-220.843383789, -46.3138504028, 99.130531311, 28.0545749664, 23.4559650421, 171.348297119, 51.3238258362, -23.2573184967, 11.6473169327, 7.15619182587, 18.7631950378, -0.0747910887003, 7.2449669838], [-16.8006820679, 41.1831474304, 31.8651924133, -19.1887531281, -20.8329544067, 51.3238258362, 165.008544922, 4.46740436554, -4.01259326935, 21.1481266022, 5.60866546631, -0.94166970253, -1.77859163284], [-108.83026886, -12.7971258163, -35.0249557495, 5.83981275558, 0.85982966423, -23.2573184967, 4.46740436554, 105.776557922, 30.0724372864, -1.82398581505, -3.45633196831, 0.0746509060264, 2.23729133606], [-86.1440811157, 1.56194865704, 13.2012491226, 23.6008605957, 12.5487689972, 11.6473169327, -4.01259326935, 30.0724372864, 97.1299667358, 30.2900066376, 2.82412528992, 1.78640639782, -2.95981240273], [87.1241073608, 33.575630188, -13.2220878601, 2.48213648796, -4.10243368149, 7.15619182587, 21.1481266022, -1.82398581505, 30.2900066376, 82.8385467529, 13.3345661163, -1.18146181107, -3.76234197617], [-96.4165420532, -38.5616950989, 8.17499637604, 1.06947827339, 2.56942343712, 18.7631950378, 5.60866546631, -3.45633196831, 2.82412528992, 13.3345661163, 68.7114028931, 26.8458461761, 0.831647634506], [-73.1837921143, -20.9332447052, 23.4471683502, 14.2265119553, -1.71270155907, -0.0747910887003, -0.94166970253, 0.0746509060264, 1.78640639782, -1.18146181107, 26.8458461761, 66.7652893066, 21.3100547791], [-106.211769104, -19.9841251373, -5.1839299202, -10.8527612686, 12.0385503769, 7.2449669838, -1.77859163284, 2.23729133606, -2.95981240273, -3.76234197617, 0.831647634506, 21.3100547791, 68.4081726074]],
