{
"lowlevel": {
    "average_loudness": 0.951825380325,
    "barkbands_crest": {
        "dmean": 2.32375216484,
        "dmean2": 3.76031541824,
        "dvar": 4.76286411285,
        "dvar2": 11.669836998,
        "max": 25.1660118103,
        "mean": 8.00870513916,
        "median": 7.24524021149,
        "min": 2.25648593903,
        "var": 12.8353452682
    },
    "barkbands_flatness_db": {
        "dmean": 0.0173473972827,
        "dmean2": 0.026761950925,
        "dvar": 0.000237506639678,
        "dvar2": 0.000544786977116,
        "max": 0.335367769003,
        "mean": 0.121238157153,
        "median": 0.115875698626,
        "min": 0.0385988466442,
        "var": 0.001285713166
    },
    "barkbands_kurtosis": {
        "dmean": 1.05968868732,
        "dmean2": 1.67158102989,
        "dvar": 4.5278377533,
        "dvar2": 10.0113706589,
        "max": 76.6120986938,
        "mean": 0.6458735466,
        "median": -0.154843091965,
        "min": -1.85338997841,
        "var": 11.5928344727
    },
    "barkbands_skewness": {
        "dmean": 0.363674104214,
        "dmean2": 0.554430007935,
        "dvar": 0.144724041224,
        "dvar2": 0.311354607344,
        "max": 7.53548574448,
        "mean": 0.536954045296,
        "median": 0.468516469002,
        "min": -5.83189058304,
        "var": 0.786437869072
    },
    "barkbands_spread": {
        "dmean": 5.4124288559,
        "dmean2": 8.2368850708,
        "dvar": 30.4000015259,
        "dvar2": 63.0433349609,
        "max": 125.816833496,
        "mean": 26.8530006409,
        "median": 25.4727935791,
        "min": 1.47621691227,
        "var": 143.218002319
    },
    "dissonance": {
        "dmean": 0.0162377692759,
        "dmean2": 0.0272934883833,
        "dvar": 0.000225817551836,
        "dvar2": 0.000645157182589,
        "max": 0.500000119209,
        "mean": 0.46943295002,
        "median": 0.473990827799,
        "min": 0.309300333261,
        "var": 0.000481175084133
    },
    "dynamic_complexity": 1.88162386417,
    "erbbands_crest": {
        "dmean": 2.75852656364,
        "dmean2": 4.45684814453,
        "dvar": 6.59681081772,
        "dvar2": 16.123216629,
        "max": 30.6634368896,
        "mean": 9.78513813019,
        "median": 8.76465797424,
        "min": 2.5520260334,
        "var": 21.4423809052
    },
    "erbbands_flatness_db": {
        "dmean": 0.0172134321183,
        "dmean2": 0.0246960446239,
        "dvar": 0.000244172988459,
        "dvar2": 0.000494194100611,
        "max": 0.340019822121,
        "mean": 0.182915300131,
        "median": 0.180271655321,
        "min": 0.0775381997228,
        "var": 0.00170326919761
    },
    "erbbands_kurtosis": {
        "dmean": 0.750980913639,
        "dmean2": 1.17858910561,
        "dvar": 1.24682724476,
        "dvar2": 3.05418634415,
        "max": 25.9304351807,
        "mean": 0.261907279491,
        "median": -0.23605632782,
        "min": -1.73379790783,
        "var": 3.25716018677
    },
    "erbbands_skewness": {
        "dmean": 0.315443396568,
        "dmean2": 0.483973681927,
        "dvar": 0.0906632393599,
        "dvar2": 0.204880490899,
        "max": 4.79144239426,
        "mean": 0.219321757555,
        "median": 0.200531840324,
        "min": -4.00672054291,
        "var": 0.387632131577
    },
    "erbbands_spread": {
        "dmean": 6.14558982849,
        "dmean2": 9.33003330231,
        "dvar": 39.7100753784,
        "dvar2": 88.7521896362,
        "max": 133.776397705,
        "mean": 32.2942199707,
        "median": 30.3272590637,
        "min": 4.03558254242,
        "var": 216.650543213
    },
    "hfc": {
        "dmean": 8.08635616302,
        "dmean2": 11.4380016327,
        "dvar": 118.806159973,
        "dvar2": 217.367401123,
        "max": 390.174743652,
        "mean": 28.3892631531,
        "median": 26.7508563995,
        "min": 1.13739465043e-16,
        "var": 322.243865967
    },
    "melbands_crest": {
        "dmean": 2.93030571938,
        "dmean2": 4.78424263,
        "dvar": 7.317715168,
        "dvar2": 18.4161243439,
        "max": 35.9421195984,
        "mean": 10.6587991714,
        "median": 9.6954536438,
        "min": 1.75232386589,
        "var": 20.1282196045
    },
    "melbands_flatness_db": {
        "dmean": 0.0197275150567,
        "dmean2": 0.0292033180594,
        "dvar": 0.000333252362907,
        "dvar2": 0.000714090187103,
        "max": 0.38622289896,
        "mean": 0.132896572351,
        "median": 0.125074207783,
        "min": 0.00333492318168,
        "var": 0.00201528682373
    },
    "melbands_kurtosis": {
        "dmean": 2.28332638741,
        "dmean2": 3.59428429604,
        "dvar": 22.8245830536,
        "dvar2": 50.5508613586,
        "max": 208.836303711,
        "mean": 3.83043384552,
        "median": 1.72943329811,
        "min": -1.74706959724,
        "var": 63.3762702942
    },
    "melbands_skewness": {
        "dmean": 0.448439508677,
        "dmean2": 0.687490880489,
        "dvar": 0.222232684493,
        "dvar2": 0.487592250109,
        "max": 12.3303470612,
        "mean": 1.35082674026,
        "median": 1.21660661697,
        "min": -2.82705259323,
        "var": 1.23348355293
    },
    "melbands_spread": {
        "dmean": 8.36331272125,
        "dmean2": 13.0491352081,
        "dvar": 85.0943908691,
        "dvar2": 186.476974487,
        "max": 212.553009033,
        "mean": 38.6284065247,
        "median": 36.5503158569,
        "min": 1.16524922848,
        "var": 323.441894531
    },
    "pitch_salience": {
        "dmean": 0.0610167495906,
        "dmean2": 0.0974692255259,
        "dvar": 0.00280727841891,
        "dvar2": 0.00681388936937,
        "max": 0.958378970623,
        "mean": 0.588403403759,
        "median": 0.588216304779,
        "min": 0.112455204129,
        "var": 0.0110632693395
    },
    "silence_rate_20dB": {
        "dmean": 0,
        "dmean2": 0,
        "dvar": 0,
        "dvar2": 0,
        "max": 1,
        "mean": 1,
        "median": 1,
        "min": 1,
        "var": 0
    },
    "silence_rate_30dB": {
        "dmean": 0.00135556457099,
        "dmean2": 0.00271149678156,
        "dvar": 0.00135378469713,
        "dvar2": 0.00378897227347,
        "max": 1,
        "mean": 0.99878013134,
        "median": 1,
        "min": 0,
        "var": 0.00121854117606
    },
    "silence_rate_60dB": {
        "dmean": 0.00623559718952,
        "dmean2": 0.0124728847295,
        "dvar": 0.00619601784274,
        "dvar2": 0.014212555252,
        "max": 1,
        "mean": 0.0269720796496,
        "median": 0,
        "min": 0,
        "var": 0.0262491479516
    },
    "spectral_centroid": {
        "dmean": 251.706253052,
        "dmean2": 386.468017578,
        "dvar": 73777.2578125,
        "dvar2": 150674.328125,
        "max": 11194.2519531,
        "mean": 1979.58398438,
        "median": 2032.67724609,
        "min": 356.160919189,
        "var": 337881
    },
    "spectral_complexity": {
        "dmean": 4.15697431564,
        "dmean2": 6.11767911911,
        "dvar": 16.3416137695,
        "dvar2": 31.1627025604,
        "max": 56,
        "mean": 23.3509082794,
        "median": 23,
        "min": 0,
        "var": 82.3042373657
    },
    "spectral_decrease": {
        "dmean": 1.50658163722e-09,
        "dmean2": 2.30476926433e-09,
        "dvar": 4.65779736741e-18,
        "dvar2": 1.0149240591e-17,
        "max": 4.82626398206e-29,
        "mean": -5.04818586933e-09,
        "median": -4.51963444448e-09,
        "min": -4.11488159102e-08,
        "var": 9.88769021726e-18
    },
    "spectral_energy": {
        "dmean": 0.0062740505673,
        "dmean2": 0.00952056050301,
        "dvar": 7.76082379161e-05,
        "dvar2": 0.000167247460922,
        "max": 0.169329077005,
        "mean": 0.0216279868037,
        "median": 0.0196325220168,
        "min": 1.01343607944e-20,
        "var": 0.000168039070559
    },
    "spectral_energyband_high": {
        "dmean": 0.000586297886912,
        "dmean2": 0.000828308053315,
        "dvar": 1.45170611177e-06,
        "dvar2": 2.41768543674e-06,
        "max": 0.0608941912651,
        "mean": 0.00138023658656,
        "median": 0.00101846910547,
        "min": 7.21591330478e-21,
        "var": 3.33272532771e-06
    },
    "spectral_energyband_low": {
        "dmean": 0.00125532096718,
        "dmean2": 0.0020374066662,
        "dvar": 4.59440161649e-06,
        "dvar2": 1.19073247333e-05,
        "max": 0.0293313506991,
        "mean": 0.00241963239387,
        "median": 0.00153080094606,
        "min": 3.66988222083e-23,
        "var": 9.09726713871e-06
    },
    "spectral_energyband_middle_high": {
        "dmean": 0.00284134666435,
        "dmean2": 0.00420439848676,
        "dvar": 1.81371669896e-05,
        "dvar2": 3.90697750845e-05,
        "max": 0.11837553978,
        "mean": 0.00927039701492,
        "median": 0.00773229403421,
        "min": 1.31712023463e-21,
        "var": 5.54800135433e-05
    },
    "spectral_energyband_middle_low": {
        "dmean": 0.00412409193814,
        "dmean2": 0.00640250276774,
        "dvar": 5.29058124812e-05,
        "dvar2": 0.000121184348245,
        "max": 0.114402957261,
        "mean": 0.00918733794242,
        "median": 0.00632558390498,
        "min": 1.95129149906e-22,
        "var": 9.61447876762e-05
    },
    "spectral_entropy": {
        "dmean": 0.139006823301,
        "dmean2": 0.194300636649,
        "dvar": 0.0175238605589,
        "dvar2": 0.0324978753924,
        "max": 9.80645084381,
        "mean": 7.70136547089,
        "median": 7.73712921143,
        "min": 5.96505737305,
        "var": 0.110305316746
    },
    "spectral_flux": {
        "dmean": 0.0213141329587,
        "dmean2": 0.033490139991,
        "dvar": 0.00057844328694,
        "dvar2": 0.00129451497924,
        "max": 0.341318249702,
        "mean": 0.0823998823762,
        "median": 0.0762656927109,
        "min": 6.89261911435e-11,
        "var": 0.00133218965493
    },
    "spectral_kurtosis": {
        "dmean": 1.19614052773,
        "dmean2": 2.01670265198,
        "dvar": 1.30845820904,
        "dvar2": 3.87706494331,
        "max": 13.5289154053,
        "mean": 3.12659406662,
        "median": 2.86587047577,
        "min": -1.19326531887,
        "var": 2.75218820572
    },
    "spectral_rms": {
        "dmean": 0.000633732706774,
        "dmean2": 0.000945821695495,
        "dvar": 5.31521379799e-07,
        "dvar2": 1.06625736862e-06,
        "max": 0.0128529807553,
        "mean": 0.00440077669919,
        "median": 0.00437649153173,
        "min": 3.14438882917e-12,
        "var": 1.73369164713e-06
    },
    "spectral_rolloff": {
        "dmean": 556.303100586,
        "dmean2": 889.956359863,
        "dvar": 555520.4375,
        "dvar2": 1099093,
        "max": 19121.484375,
        "mean": 2471.41772461,
        "median": 2368.65234375,
        "min": 21.533203125,
        "var": 1696865
    },
    "spectral_skewness": {
        "dmean": 0.180696219206,
        "dmean2": 0.295197844505,
        "dvar": 0.024970754981,
        "dvar2": 0.0644593536854,
        "max": 2.88907909393,
        "mean": 1.1942127943,
        "median": 1.17663061619,
        "min": -0.669783353806,
        "var": 0.0898390486836
    },
    "spectral_spread": {
        "dmean": 448744.09375,
        "dmean2": 626023.875,
        "dvar": 327369064448,
        "dvar2": 618398875648,
        "max": 40085424,
        "mean": 4179456.25,
        "median": 4008318.25,
        "min": 1633843.125,
        "var": 1.57294762394e+12
    },
    "spectral_strongpeak": {
        "dmean": 0.950773835182,
        "dmean2": 1.5837110281,
        "dvar": 1.56903684139,
        "dvar2": 3.78105163574,
        "max": 20.754365921,
        "mean": 2.07149028778,
        "median": 1.45480191708,
        "min": 0,
        "var": 4.11343336105
    },
    "zerocrossingrate": {
        "dmean": 0.0102896485478,
        "dmean2": 0.0115022808313,
        "dvar": 0.000141034732223,
        "dvar2": 0.000153216373292,
        "max": 0.69970703125,
        "mean": 0.0879402607679,
        "median": 0.0859375,
        "min": 0.01220703125,
        "var": 0.00105198449455
    },
    "barkbands": {
        "dmean": [3.79731754947e-05, 0.000957035692409, 0.000414962967625, 0.000273830344668, 0.000850182259455, 0.00145268859342, 0.00118571345229, 0.000900691549759, 0.000805323361419, 0.00111276120879, 0.000539521279279, 0.000671767978929, 0.000345879874658, 0.000620212231297, 0.000606459972914, 0.000253075297223, 0.000497805420309, 0.000349352631019, 0.000253930076724, 0.000269352894975, 0.000227497672313, 0.000175988097908, 0.000103128848423, 5.0452305004e-05, 4.43831522716e-05, 1.37870083563e-05, 4.51901271958e-09],
        "dmean2": [6.60687583149e-05, 0.00161070458125, 0.000677644624375, 0.000451317493571, 0.00141507352237, 0.00229335017502, 0.00190521765035, 0.00145559525117, 0.00126904586796, 0.00174325611442, 0.00081041973317, 0.00104593136348, 0.000557567167562, 0.000929654808715, 0.000949360080995, 0.000405938539188, 0.000821128604002, 0.000553892576136, 0.000393742142478, 0.000416280818172, 0.000350401445758, 0.000265880487859, 0.000148684761371, 7.22557961126e-05, 6.520478928e-05, 2.02882292797e-05, 7.98024757387e-09],
        "dvar": [2.93662116846e-09, 3.13774535243e-06, 6.61001593016e-07, 2.6743964554e-07, 3.44568525179e-06, 1.23964273371e-05, 1.27578250613e-05, 5.47193394596e-06, 5.5300238273e-06, 1.05910467028e-05, 1.96293308363e-06, 2.0439799755e-06, 6.33124841443e-07, 1.4189625972e-06, 1.88566616544e-06, 2.93047975219e-07, 8.53608810303e-07, 4.31980453186e-07, 1.79781395104e-07, 2.24939142868e-07, 1.51048467956e-07, 4.17836105271e-07, 2.00767246383e-07, 8.65603144717e-09, 7.03002456248e-09, 9.69628710656e-10, 1.8873890945e-15],
        "dvar2": [7.99142885199e-09, 8.62922388478e-06, 1.6518446273e-06, 6.8186631097e-07, 8.73453973327e-06, 2.70664386335e-05, 3.2048279536e-05, 1.41149575938e-05, 1.27764342324e-05, 2.56721832557e-05, 4.17402179664e-06, 4.4642465582e-06, 1.55569534854e-06, 3.07901655106e-06, 4.85965028929e-06, 6.81104211253e-07, 2.04813386517e-06, 1.07291293716e-06, 3.93976335999e-07, 5.18128899785e-07, 3.47264062839e-07, 8.09910488897e-07, 3.32365544864e-07, 1.93692173411e-08, 1.8002573654e-08, 2.06652539525e-09, 4.81134831073e-15],
        "max": [0.000735529814847, 0.0244394056499, 0.0128291063011, 0.00979562662542, 0.0338857620955, 0.0889172926545, 0.073955103755, 0.07016903162, 0.0523217469454, 0.10998018831, 0.0576798021793, 0.0599200427532, 0.0202008169144, 0.0243993978947, 0.0367341712117, 0.0150754842907, 0.0361741222441, 0.0143472934142, 0.0107887266204, 0.0190952606499, 0.00914442818612, 0.0325314514339, 0.0342161469162, 0.0033152224496, 0.00168229173869, 0.000802543596365, 2.81365851151e-06],
        "mean": [4.40852381871e-05, 0.00151957245544, 0.000665063969791, 0.000408582302043, 0.00130221899599, 0.00236121471971, 0.00172803981695, 0.00135429867078, 0.00111642305274, 0.00165894627571, 0.00100329669658, 0.00132428482175, 0.000559426902328, 0.00126589613501, 0.00123452278785, 0.000418366660597, 0.000926107226405, 0.000585198868066, 0.000506177544594, 0.000515355030075, 0.000443402153905, 0.000321754690958, 0.000183259398909, 9.35283023864e-05, 7.09118176019e-05, 1.8065858967e-05, 3.38012307033e-09],
        "median": [2.21415066335e-05, 0.000858191517182, 0.000271091877948, 0.000194959400687, 0.000536970794201, 0.00083226931747, 0.00060563290026, 0.000681914389133, 0.000297487305943, 0.000637195422314, 0.000192942825379, 0.000570833450183, 0.00023368987604, 0.000527087191585, 0.000467076781206, 0.00019253444043, 0.000514245708473, 0.000371891946997, 0.000333228381351, 0.000334976590239, 0.000283242901787, 0.000189521088032, 7.97496613814e-05, 4.62967873318e-05, 3.62103819498e-05, 6.36285267319e-06, 3.53908985451e-10],
        "min": [2.57065452374e-24, 2.79703949918e-23, 5.71317995566e-24, 4.43530180871e-24, 6.23111510268e-23, 3.71677148195e-23, 2.60733407092e-23, 1.59689901905e-23, 2.36970865589e-23, 7.80154405182e-23, 4.26838594091e-23, 4.58324809609e-23, 8.08417650586e-23, 2.33284502801e-23, 1.39054947766e-22, 6.75843706338e-23, 2.36706941129e-22, 1.91349837216e-22, 1.59521798801e-22, 3.75526947184e-22, 3.04475949391e-22, 3.88401737759e-22, 6.78094635734e-22, 7.05871172892e-22, 1.05758302781e-21, 1.48719188052e-21, 2.40564417944e-21],
        "var": [3.71627661977e-09, 4.71494558951e-06, 1.05274887119e-06, 4.05465357289e-07, 5.60470971323e-06, 2.38167085627e-05, 1.35961172418e-05, 6.46108082947e-06, 8.22708079795e-06, 1.37128745337e-05, 7.03075738784e-06, 6.12806752542e-06, 1.08358506168e-06, 4.08964251619e-06, 4.95023550684e-06, 6.09283915765e-07, 2.19683147407e-06, 6.02578495545e-07, 3.80223696084e-07, 4.35897987927e-07, 3.04466880152e-07, 6.87947078859e-07, 3.54515350409e-07, 1.83583885871e-08, 9.77174163808e-09, 1.69313141285e-09, 1.61251409174e-15]
    },
    "erbbands": {
        "dmean": [0.0226226653904, 0.239314779639, 0.50314950943, 0.669793844223, 1.40937960148, 3.19719171524, 7.64177656174, 12.6732063293, 14.673075676, 21.9544906616, 18.6105060577, 16.4242801666, 36.831817627, 24.4612045288, 21.4882354736, 30.0798835754, 15.5840950012, 32.7552642822, 19.8873348236, 32.1325759888, 19.6763687134, 19.5576705933, 16.3695850372, 16.1500205994, 11.9531269073, 14.2011089325, 9.31592750549, 8.58279323578, 6.4789814949, 4.35721445084, 2.76328849792, 1.31303095818, 0.744861781597, 0.477233529091, 0.335645765066, 0.124634332955, 0.00796067714691, 0.000204730589758, 1.42406561281e-05, 8.75757723406e-06],
        "dmean2": [0.0381895788014, 0.400909632444, 0.835970759392, 1.06802022457, 2.31565499306, 5.40316724777, 12.1664857864, 20.328168869, 23.8397674561, 35.4440307617, 29.5749740601, 25.8322029114, 57.0028686523, 37.1245040894, 31.0136928558, 46.2442932129, 24.6486988068, 49.432220459, 31.2061843872, 49.8565101624, 31.8607978821, 32.055721283, 26.0809822083, 24.7936458588, 18.6453723907, 22.0230770111, 14.3482761383, 13.1384773254, 9.88222312927, 6.27500247955, 4.05804014206, 1.90195560455, 1.07491052151, 0.696895062923, 0.50427377224, 0.178122758865, 0.0118402391672, 0.00029739094316, 1.99311962206e-05, 1.28752481032e-05],
        "dvar": [0.00155847030692, 0.200953751802, 0.941138923168, 1.67073857784, 5.94325065613, 64.0821533203, 339.86505127, 1243.05554199, 2429.65673828, 4798.91943359, 1600.55969238, 2421.9284668, 13236.9892578, 3835.43774414, 3051.80664062, 3856.02880859, 1368.24450684, 3869.72094727, 2082.55151367, 6033.40478516, 1452.40209961, 1084.93457031, 1188.28381348, 1029.93566895, 332.225769043, 691.538208008, 203.155273438, 283.44833374, 585.020629883, 406.222747803, 110.322677612, 7.04080677032, 1.56028223038, 0.638398587704, 0.638384282589, 0.058748587966, 0.000373554998077, 2.06739812825e-07, 5.70254732324e-10, 1.29024346762e-10],
        "dvar2": [0.00431665312499, 0.557592689991, 2.50086259842, 4.06544351578, 15.2121324539, 168.358581543, 739.209960938, 2783.74194336, 5786.56933594, 12624.8144531, 3954.83251953, 5444.72900391, 31434.9238281, 8697.30273438, 5721.16162109, 8099.37304688, 3358.21362305, 8488.84765625, 5517.1875, 15577.7080078, 3439.11279297, 2629.47314453, 3038.08105469, 2240.43701172, 763.164001465, 1611.8326416, 459.420776367, 645.020324707, 1135.74645996, 570.678222656, 237.574127197, 15.6687555313, 3.54219603539, 1.43085217476, 1.76183581352, 0.122041560709, 0.000772047031205, 4.17039331069e-07, 1.15226739261e-09, 2.67312477709e-10],
        "max": [0.523587882519, 5.86035060883, 12.5949010849, 27.6223526001, 47.8828811646, 142.299499512, 365.235198975, 1091.44799805, 1226.11328125, 1587.18359375, 802.399841309, 1485.43322754, 3956.49365234, 1257.984375, 1698.69396973, 2759.82958984, 1106.54370117, 1419.74633789, 1997.40893555, 2412.66772461, 1271.2833252, 890.359008789, 871.531799316, 1263.06555176, 451.971405029, 867.056335449, 305.438568115, 533.236022949, 1240.96923828, 1387.04003906, 757.251586914, 112.641647339, 27.2805233002, 13.4697904587, 18.1027679443, 5.52846288681, 0.470692098141, 0.0126763125882, 0.000723034492694, 0.000215829713852],
        "mean": [0.0344880186021, 0.369254380465, 0.839115858078, 1.09390938282, 2.29496359825, 4.17326879501, 12.6431884766, 19.1916065216, 21.2769165039, 33.8276252747, 28.8883018494, 24.6917266846, 57.1641159058, 38.6911430359, 43.8827857971, 58.8827705383, 29.1057701111, 69.8764038086, 40.9517326355, 67.1368637085, 38.7537345886, 38.2342338562, 29.7381706238, 31.0029945374, 24.8334102631, 26.5714225769, 18.658662796, 16.6300048828, 11.8305044174, 7.7200217247, 4.91424322128, 2.40379858017, 1.33472371101, 0.765351235867, 0.511268556118, 0.177319854498, 0.00984911900014, 0.000278491061181, 3.2147323509e-05, 3.06268266286e-05],
        "median": [0.0184018611908, 0.198250293732, 0.40359416604, 0.633905768394, 1.1347309351, 1.4140805006, 3.21419382095, 6.16228485107, 8.09314346313, 12.1227035522, 14.4209356308, 8.98768806458, 23.934879303, 11.225607872, 12.5244998932, 29.1770019531, 14.8990335464, 31.3448524475, 24.5163726807, 22.0370044708, 21.994178772, 24.0444774628, 19.6658096313, 18.5478668213, 18.0816955566, 16.8780117035, 12.6876926422, 9.97093200684, 7.02176618576, 3.84393715858, 2.15831661224, 1.12262415886, 0.679346561432, 0.389854609966, 0.250443100929, 0.0729231536388, 0.00260220747441, 9.78257812676e-05, 2.359744758e-05, 2.85304304271e-05],
        "min": [3.49547700226e-22, 7.4470965535e-21, 8.82072851146e-21, 1.4739946541e-20, 9.83723380256e-20, 2.65690361053e-19, 1.23222110247e-19, 4.16670003095e-19, 5.43686532983e-19, 1.62328275702e-19, 5.35038824968e-19, 5.66267012742e-19, 1.60845063316e-18, 1.98966653783e-18, 1.99235508161e-18, 2.58618825016e-18, 4.44079770065e-18, 1.72809031464e-18, 5.9616130974e-18, 6.04092400171e-18, 5.36864908888e-18, 1.30309624829e-17, 1.18121871237e-17, 8.25676136455e-18, 1.0113957202e-17, 1.44518842402e-17, 1.67271719008e-17, 1.29823482511e-17, 1.38635884254e-17, 1.60442499327e-17, 1.90423098146e-17, 1.46009603845e-17, 1.20042030409e-17, 1.18661217812e-17, 7.59282484588e-18, 5.16788408241e-18, 2.67387808049e-18, 1.1403839695e-18, 3.25996635696e-19, 3.37552827067e-20],
        "var": [0.00239579286426, 0.289307624102, 1.49109017849, 2.35213422775, 10.0356655121, 78.4607315063, 946.950256348, 2043.98266602, 2897.83203125, 5184.65039062, 2553.16723633, 3670.828125, 17392.9960938, 7374.84033203, 10155.1318359, 10248.8535156, 2406.60546875, 11375.4296875, 3151.52392578, 19103.0898438, 3381.67333984, 2466.15527344, 1513.53173828, 2067.27734375, 682.410461426, 1236.35949707, 420.063995361, 539.520019531, 967.791687012, 868.108276367, 157.009506226, 13.9294662476, 3.36397647858, 1.1191290617, 0.695904791355, 0.113184981048, 0.000681860488839, 4.01793158744e-07, 1.1889036422e-09, 2.95081514778e-10]
    },
    "gfcc": {
        "mean": [12.0962572098, 78.5345687866, -159.592269897, 40.6130905151, -74.1192703247, 18.9380207062, -38.8460655212, 12.1870307922, -20.4646625519, 8.10145378113, -10.3287601471, -3.02188253403, -2.94901418686],
        "cov": [[3815.72729492, -130.785385132, 280.618804932, 117.311988831, -117.105209351, 97.0733795166, -159.605056763, 214.201858521, -153.766921997, 191.18145752, -169.35333252, 55.1968231201, -184.56703186], [-130.785385132, 748.157897949, 57.460735321, 51.6148414612, 70.1706161499, -126.557197571, 62.9264335632, -87.6649398804, -6.42564630508, -135.38659668, 113.870529175, -64.2153701782, 56.1593475342], [280.618804932, 57.460735321, 867.556518555, 168.675552368, -17.5551834106, 49.3105316162, -130.238189697, 101.817779541, -65.380607605, 95.7188568115, -77.0420761108, 91.9852142334, -105.499542236], [117.311988831, 51.6148414612, 168.675552368, 293.738739014, 74.9542617798, 44.5613822937, -12.9025917053, -10.1525268555, 74.340637207, 5.36718416214, -21.9484500885, -11.1323747635, -14.2350978851], [-117.105209351, 70.1706161499, -17.5551834106, 74.9542617798, 248.825424194, 117.967567444, 62.6620750427, 21.0506248474, 42.7882423401, 39.0656547546, -34.3074913025, -26.6483688354, -5.71031856537], [97.0733795166, -126.557197571, 49.3105316162, 44.5613822937, 117.967567444, 261.705963135, 84.2350006104, 55.0557174683, 22.4670162201, 57.0605926514, -39.2530403137, -9.54242897034, -31.7034835815], [-159.605056763, 62.9264335632, -130.238189697, -12.9025917053, 62.6620750427, 84.2350006104, 197.234924316, 22.5404071808, 15.8226299286, -7.49369192123, 38.7071418762, -22.7346172333, 11.7769212723], [214.201858521, -87.6649398804, 101.817779541, -10.1525268555, 21.0506248474, 55.0557174683, 22.5404071808, 165.969848633, 23.3456707001, 62.1861419678, -13.92100811, 11.0500841141, -34.0577507019], [-153.766921997, -6.42564630508, -65.380607605, 74.340637207, 42.7882423401, 22.4670162201, 15.8226299286, 23.3456707001, 149.457397461, 33.2750434875, 2.77312421799, -24.5039825439, 13.5283851624], [191.18145752, -135.38659668, 95.7188568115, 5.36718416214, 39.0656547546, 57.0605926514, -7.49369192123, 62.1861419678, 33.2750434875, 172.976119995, -20.6644210815, 23.2028694153, -32.7647132874], [-169.35333252, 113.870529175, -77.0420761108, -21.9484500885, -34.3074913025, -39.2530403137, 38.7071418762, -13.92100811, 2.77312421799, -20.6644210815, 150.934967041, 0.150434747338, 34.9505653381], [55.1968231201, -64.2153701782, 91.9852142334, -11.1323747635, -26.6483688354, -9.54242897034, -22.7346172333, 11.0500841141, -24.5039825439, 23.2028694153, 0.150434747338, 95.0975570679, 3.44561028481], [-184.56703186, 56.1593475342, -105.499542236, -14.2350978851, -5.71031856537, -31.7034835815, 11.7769212723, -34.0577507019, 13.5283851624, -32.7647132874, 34.9505653381, 3.44561028481, 107.004508972]],
        "icov": [[0.000560293789022, -0.000800661742687, 0.000881054264028, -0.00102321000304, 0.00112951651681, -0.000801142829005, 0.000908992835321, -0.00126950629056, 0.00142015924212, -0.00116118998267, 0.000901952560525, -0.000611837371252, 0.000627981266007], [-0.000800661742687, 0.00453893421218, -0.00309981987812, 0.00215569068678, -0.0040374933742, 0.00362621154636, -0.00310579617508, 0.00327360746451, -0.00270988396369, 0.00381698110141, -0.00349475885741, 0.00332915526815, -0.0017443227116], [0.000881054264028, -0.00309981987812, 0.00475052976981, -0.00381877482869, 0.00345999933779, -0.00292330398224, 0.00360489403829, -0.00415400322527, 0.00439230771735, -0.00362717383541, 0.00276960735209, -0.0037030542735, 0.00247054547071], [-0.00102321000304, 0.00215569068678, -0.00381877482869, 0.00789722148329, -0.00396248884499, 0.00164873106405, -0.00206179008819, 0.00445486744866, -0.00652464106679, 0.00385573203675, -0.00222442019731, 0.00213101715781, -0.00102542084642], [0.00112951651681, -0.0040374933742, 0.00345999933779, -0.00396248884499, 0.0100471107289, -0.00521373655647, 0.00202659098431, -0.00362271023914, 0.00331748067401, -0.00495893321931, 0.00456071505323, -0.00198092940263, 0.00120307458565], [-0.000801142829005, 0.00362621154636, -0.00292330398224, 0.00164873106405, -0.00521373655647, 0.0091914748773, -0.00518512818962, 0.00219273404218, -0.0023632152006, 0.00214918563142, -0.00162081187591, 0.00280080875382, -0.000838168081827], [0.000908992835321, -0.00310579617508, 0.00360489403829, -0.00206179008819, 0.00202659098431, -0.00518512818962, 0.0103914458305, -0.00428260490298, 0.00318213342689, -0.00215533585288, 0.000266168033704, -0.00203107553534, 0.00145912263542], [-0.00126950629056, 0.00327360746451, -0.00415400322527, 0.00445486744866, -0.00362271023914, 0.00219273404218, -0.00428260490298, 0.0121074784547, -0.00594754470512, 0.00211186893284, -0.00292855338193, 0.00223049568012, -0.0003461362503], [0.00142015924212, -0.00270988396369, 0.00439230771735, -0.00652464106679, 0.00331748067401, -0.0023632152006, 0.00318213342689, -0.00594754470512, 0.0144303916022, -0.00601998437196, 0.00260280771181, -0.000341392500559, 6.10926217632e-05], [-0.00116118998267, 0.00381698110141, -0.00362717383541, 0.00385573203675, -0.00495893321931, 0.00214918563142, -0.00215533585288, 0.00211186893284, -0.00601998437196, 0.0120944613591, -0.00347915338352, 0.000787739176303, -0.000212423910853], [0.000901952560525, -0.00349475885741, 0.00276960735209, -0.00222442019731, 0.00456071505323, -0.00162081187591, 0.000266168033704, -0.00292855338193, 0.00260280771181, -0.00347915338352, 0.0111972680315, -0.00278945104219, -0.000335500080837], [-0.000611837371252, 0.00332915526815, -0.0037030542735, 0.00213101715781, -0.00198092940263, 0.00280080875382, -0.00203107553534, 0.00223049568012, -0.000341392500559, 0.000787739176303, -0.00278945104219, 0.015794062987, -0.00382556882687], [0.000627981266007, -0.0017443227116, 0.00247054547071, -0.00102542084642, 0.00120307458565, -0.000838168081827, 0.00145912263542, -0.0003461362503, 6.10926217632e-05, -0.000212423910853, -0.000335500080837, -0.00382556882687, 0.0133485449478]]
    },
    "melbands": {
        "dmean": [0.000233021608437, 0.000274430029094, 0.000125942038721, 0.000152513763169, 0.000238272186834, 0.000286669644993, 0.00022712777718, 0.000226762305829, 0.000146170888911, 0.000111145782284, 0.00018564912898, 0.000100750221463, 7.36051733838e-05, 8.07983451523e-05, 5.42841371498e-05, 3.31759292749e-05, 6.97344512446e-05, 3.26758490701e-05, 4.21139593527e-05, 3.04628974845e-05, 2.9146189263e-05, 2.51073124673e-05, 1.76520406967e-05, 1.82304993359e-05, 1.3680457414e-05, 9.8754044302e-06, 9.00362647371e-06, 9.86315080809e-06, 6.00165458309e-06, 6.19818365521e-06, 5.4176125559e-06, 3.95323286284e-06, 3.44299110111e-06, 2.38016491494e-06, 1.88459250694e-06, 1.05864125999e-06, 7.66196421864e-07, 5.78522531214e-07, 4.50345481795e-07, 4.23052028964e-07],
        "dmean2": [0.000392332789488, 0.000454584544059, 0.000198779380298, 0.000255237828242, 0.000383865233744, 0.0004567039432, 0.000368834356777, 0.000366808380932, 0.000232076083194, 0.000174094835529, 0.000286872149445, 0.000154849971295, 0.000108894804725, 0.00012485285697, 8.41229557409e-05, 5.26563635503e-05, 0.000104301114334, 5.1409486332e-05, 6.5125983383e-05, 4.80893140775e-05, 4.73477812193e-05, 4.14862806792e-05, 2.90784209938e-05, 2.90158513963e-05, 2.11688602576e-05, 1.57840277097e-05, 1.41601758514e-05, 1.53965738718e-05, 9.34140098252e-06, 9.83912377706e-06, 8.48345371196e-06, 6.14862392467e-06, 5.30808165422e-06, 3.47172021975e-06, 2.84097518488e-06, 1.58813281814e-06, 1.14153374398e-06, 8.55003520428e-07, 6.65594143356e-07, 6.34402283595e-07],
        "dvar": [1.77469033247e-07, 2.49221528748e-07, 4.62339890817e-08, 1.14666960371e-07, 3.01657024693e-07, 5.86811495396e-07, 5.29798057869e-07, 5.11866744546e-07, 9.95039002305e-08, 1.10279408716e-07, 3.40025366086e-07, 6.99731543818e-08, 3.57853480182e-08, 2.99456281994e-08, 1.49627226165e-08, 3.93784738151e-09, 1.93683060701e-08, 5.28937382782e-09, 9.74461755732e-09, 4.58380844393e-09, 3.67761110454e-09, 2.12486828133e-09, 1.81163151147e-09, 9.13519482282e-10, 8.6502416341e-10, 2.61703408944e-10, 2.69064159841e-10, 3.57405216533e-10, 9.61839219382e-11, 1.15937863476e-10, 1.28580993075e-10, 1.82106413282e-10, 2.01329244942e-10, 1.513221215e-10, 7.54719342577e-11, 4.18496400728e-12, 2.51894685666e-12, 1.04459138821e-12, 6.02978225076e-13, 5.5529479669e-13],
        "dvar2": [4.84409099499e-07, 6.58960175315e-07, 1.08869635085e-07, 3.05707516191e-07, 6.76149682022e-07, 1.29952502448e-06, 1.27856469589e-06, 1.35190441597e-06, 2.41498725018e-07, 2.53525115568e-07, 8.09986659078e-07, 1.60931605819e-07, 7.09727459025e-08, 6.5517525627e-08, 3.15117105743e-08, 9.49095291247e-09, 4.20823837999e-08, 1.36012152652e-08, 2.36138628651e-08, 1.17523875076e-08, 8.76513084336e-09, 5.22456256036e-09, 4.84158224623e-09, 2.14998907566e-09, 1.89304993903e-09, 6.1581806321e-10, 6.27412899412e-10, 8.3722256905e-10, 2.21472659656e-10, 2.76942552224e-10, 2.99245128677e-10, 3.38518518772e-10, 4.15272316534e-10, 2.09203585011e-10, 1.78988324162e-10, 9.30071384492e-12, 5.85193091901e-12, 2.48839468996e-12, 1.36722480126e-12, 1.27126629536e-12],
        "max": [0.00584001559764, 0.0059485421516, 0.00384620926343, 0.00518951332197, 0.0110936230049, 0.0212683938444, 0.0160295143723, 0.0184795241803, 0.00857858080417, 0.00819981191307, 0.0201510246843, 0.00477592088282, 0.0071034305729, 0.00598301785067, 0.00608960725367, 0.00199448177591, 0.00319850258529, 0.00286332191899, 0.0024557672441, 0.00183521141298, 0.00228477269411, 0.00149981922004, 0.000978625728749, 0.000632363662589, 0.00116300559603, 0.000393850117689, 0.000857685226947, 0.000450647377875, 0.000265470705926, 0.00025316645042, 0.000378033553716, 0.000770150916651, 0.000728474813513, 0.000914779724553, 0.000617421348579, 7.15887072147e-05, 6.60416917526e-05, 2.44934453804e-05, 2.45584742515e-05, 1.25859505715e-05],
        "mean": [0.000373218237655, 0.000474019674584, 0.000225384137593, 0.000213389925193, 0.000388114742236, 0.000446165096946, 0.000336853408953, 0.000347430293914, 0.000217995577259, 0.000161759773619, 0.000282796303509, 0.000149306302774, 0.000141901589814, 0.00016313548258, 9.34518393478e-05, 5.69650073885e-05, 0.000144318910316, 5.92253018112e-05, 8.37760380819e-05, 6.05643144809e-05, 5.09790734213e-05, 4.611067925e-05, 2.77936451312e-05, 2.99101411656e-05, 2.41694506258e-05, 1.85374501598e-05, 1.67477937794e-05, 1.72958662006e-05, 1.11631215987e-05, 1.10914043034e-05, 9.48296928982e-06, 7.02055740476e-06, 5.31152909389e-06, 3.95124880015e-06, 3.13103464578e-06, 1.8368224346e-06, 1.30730677483e-06, 9.82189249044e-07, 7.14069130936e-07, 6.22672132522e-07],
        "median": [0.000212960309, 0.000264063768554, 0.000136933973408, 9.48448723648e-05, 0.000104713239125, 0.000149904168211, 0.000135671565658, 0.000133600871777, 0.00010014991858, 5.16791697009e-05, 0.000113610185508, 3.48218818544e-05, 3.01300824503e-05, 6.91574095981e-05, 4.9475042033e-05, 2.65787821263e-05, 5.55680671823e-05, 3.15062497975e-05, 3.14085773425e-05, 2.04747120733e-05, 2.42412716034e-05, 2.60760134552e-05, 1.40197635119e-05, 1.84701530088e-05, 1.28934880195e-05, 1.24437447084e-05, 1.10696655611e-05, 1.04561386252e-05, 7.16672502676e-06, 6.2860426624e-06, 5.19642435393e-06, 4.070063369e-06, 2.68486201094e-06, 1.73280432136e-06, 1.29115892378e-06, 8.50866911151e-07, 5.89135879636e-07, 4.80423409499e-07, 3.58821893087e-07, 2.92262029689e-07],
        "min": [5.87062475943e-24, 7.48369069386e-24, 3.4949086122e-24, 1.38055091812e-23, 6.70276572935e-24, 9.06698659546e-24, 7.74366296062e-24, 1.45954985519e-24, 4.82327109607e-24, 3.29628980513e-24, 8.54079349471e-24, 8.81199992962e-24, 6.67212400521e-24, 5.51686324192e-24, 8.81222948815e-24, 7.71741913603e-24, 2.10816746312e-24, 8.45468222716e-24, 9.46090034418e-24, 6.62647262462e-24, 6.2336415875e-24, 1.14091359223e-23, 1.19537883682e-23, 9.03625573004e-24, 6.05226589931e-24, 6.37769705512e-24, 6.64973692158e-24, 1.00248664717e-23, 1.18868527316e-23, 7.10616000843e-24, 7.91355046745e-24, 8.30228613319e-24, 6.87499299762e-24, 9.77476758798e-24, 1.04123084055e-23, 9.91749776929e-24, 8.02900657182e-24, 8.0976429926e-24, 9.05357596007e-24, 1.02043520491e-23],
        "var": [2.76699523738e-07, 4.24022516654e-07, 8.07758766541e-08, 1.34097248861e-07, 8.08977688393e-07, 1.00843999462e-06, 6.13720885667e-07, 5.39117706921e-07, 1.65509504768e-07, 1.65322333601e-07, 4.4344892558e-07, 1.28575820213e-07, 1.319414622e-07, 9.1763062926e-08, 2.97199047594e-08, 7.48066586453e-09, 5.77199834595e-08, 7.86190845758e-09, 2.52374228182e-08, 1.36381403948e-08, 8.72806005248e-09, 5.02342345499e-09, 2.16222928451e-09, 1.53892187882e-09, 1.6866398278e-09, 5.00663788205e-10, 5.4047694098e-10, 5.77020820014e-10, 1.85226722849e-10, 2.40376413219e-10, 2.0889349972e-10, 3.13545522879e-10, 3.00838881584e-10, 3.11753900473e-10, 8.87104140146e-11, 8.31193013723e-12, 4.52738020684e-12, 2.04052399977e-12, 1.060104695e-12, 8.6097443194e-13]
    },
    "mfcc": {
        "mean": [-611.739135742, 94.3497390747, -24.2850131989, 18.6636180878, -9.83802604675, 4.19108247757, -5.60357904434, -0.585694789886, -0.38422241807, 3.12638354301, 1.56086981297, 3.15944314003, 1.93205368519],
        "cov": [[2463.92993164, -150.939163208, 151.273452759, 31.2157077789, 19.8865661621, -42.6276893616, 21.9640769958, 5.20571422577, 5.67874860764, 48.1894950867, 84.1799621582, 9.46865367889, -53.3392906189], [-150.939163208, 652.343139648, 37.5566444397, 85.4809570312, -1.82612156868, -52.3576965332, 69.3220748901, 15.1089801788, -88.8586730957, -20.4676170349, -55.770488739, -21.0463409424, 0.59834843874], [151.273452759, 37.5566444397, 705.99017334, 129.428115845, 118.824462891, -22.1094379425, -25.6896343231, 7.59431552887, -44.8515014648, -23.6241588593, 8.64135932922, 42.0446281433, 1.8014330864], [31.2157077789, 85.4809570312, 129.428115845, 256.07019043, 70.1600265503, 36.2963676453, -49.5345420837, -1.87455201149, 11.448266983, -9.29383659363, 0.450669288635, 18.8254776001, 12.6122102737], [19.8865661621, -1.82612156868, 118.824462891, 70.1600265503, 216.585403442, 61.9149208069, -10.8281450272, 1.19208359718, 61.5681037903, 29.8945522308, 20.0938205719, 20.7089748383, 19.1504611969], [-42.6276893616, -52.3576965332, -22.1094379425, 36.2963676453, 61.9149208069, 239.533691406, 28.778842926, 28.0134544373, 74.2469482422, 28.6165294647, 31.9985637665, 4.70742702484, 1.19204342365], [21.9640769958, 69.3220748901, -25.6896343231, -49.5345420837, -10.8281450272, 28.778842926, 197.697738647, 46.9422264099, -7.10542392731, 28.830280304, 13.6271934509, 1.89209032059, 1.98494160175], [5.20571422577, 15.1089801788, 7.59431552887, -1.87455201149, 1.19208359718, 28.0134544373, 46.9422264099, 133.547515869, 10.0099859238, 20.0357532501, -0.832574188709, -1.68663644791, -2.34058213234], [5.67874860764, -88.8586730957, -44.8515014648, 11.448266983, 61.5681037903, 74.2469482422, -7.10542392731, 10.0099859238, 170.231399536, 49.4116630554, 40.6441726685, 4.78319168091, 6.94333600998], [48.1894950867, -20.4676170349, -23.6241588593, -9.29383659363, 29.8945522308, 28.6165294647, 28.830280304, 20.0357532501, 49.4116630554, 135.669830322, 48.374294281, 9.57420730591, 6.33382844925], [84.1799621582, -55.770488739, 8.64135932922, 0.450669288635, 20.0938205719, 31.9985637665, 13.6271934509, -0.832574188709, 40.6441726685, 48.374294281, 111.178222656, 38.4571838379, 1.95331454277], [9.46865367889, -21.0463409424, 42.0446281433, 18.8254776001, 20.7089748383, 4.70742702484, 1.89209032059, -1.68663644791, 4.78319168091, 9.57420730591, 38.4571838379, 87.0549240112, 32.2646751404], [-53.3392906189, 0.59834843874, 1.8014330864, 12.6122102737, 19.1504611969, 1.19204342365, 1.98494160175, -2.34058213234, 6.94333600998, 6.33382844925, 1.95331454277, 32.2646751404, 90.7613296509]],
