{
"lowlevel": {
    "average_loudness": 0.788081347942,
    "barkbands_crest": {
        "dmean": 1.98675274849,
        "dmean2": 3.22890806198,
        "dvar": 3.79571270943,
        "dvar2": 9.41053009033,
        "max": 25.0145187378,
        "mean": 9.1228427887,
        "median": 8.01052093506,
        "min": 2.37275266647,
        "var": 16.3880119324
    },
    "barkbands_flatness_db": {
        "dmean": 0.0162280704826,
        "dmean2": 0.0252701994032,
        "dvar": 0.000269749842118,
        "dvar2": 0.000587625370827,
        "max": 0.381968200207,
        "mean": 0.149502918124,
        "median": 0.14106836915,
        "min": 0.0303188599646,
        "var": 0.00308305956423
    },
    "barkbands_kurtosis": {
        "dmean": 2.07552075386,
        "dmean2": 3.25872087479,
        "dvar": 14.5328493118,
        "dvar2": 33.1947593689,
        "max": 125.422012329,
        "mean": 4.58547639847,
        "median": 2.1237039566,
        "min": -1.89359498024,
        "var": 66.1544647217
    },
    "barkbands_skewness": {
        "dmean": 0.380116611719,
        "dmean2": 0.580638647079,
        "dvar": 0.172778889537,
        "dvar2": 0.373758584261,
        "max": 9.11234378815,
        "mean": 0.975493252277,
        "median": 0.931188762188,
        "min": -2.90824341774,
        "var": 2.64636492729
    },
    "barkbands_spread": {
        "dmean": 3.79129600525,
        "dmean2": 5.82479190826,
        "dvar": 26.2321052551,
        "dvar2": 52.4820251465,
        "max": 104.720046997,
        "mean": 19.2166900635,
        "median": 17.9100532532,
        "min": 0.79136544466,
        "var": 143.70274353
    },
    "dissonance": {
        "dmean": 0.0183288455009,
        "dmean2": 0.0309834945947,
        "dvar": 0.000343555322615,
        "dvar2": 0.000936910568271,
        "max": 0.500000178814,
        "mean": 0.459512829781,
        "median": 0.466940462589,
        "min": 0.281975924969,
        "var": 0.00109873665497
    },
    "dynamic_complexity": 3.55503368378,
    "erbbands_crest": {
        "dmean": 2.2836959362,
        "dmean2": 3.64043664932,
        "dvar": 5.2388048172,
        "dvar2": 12.6399850845,
        "max": 30.1657772064,
        "mean": 9.25198841095,
        "median": 8.26298522949,
        "min": 2.35872387886,
        "var": 21.8336048126
    },
    "erbbands_flatness_db": {
        "dmean": 0.014446279034,
        "dmean2": 0.0207752753049,
        "dvar": 0.000201970426133,
        "dvar2": 0.000371460104361,
        "max": 0.328485012054,
        "mean": 0.183747529984,
        "median": 0.19059138,
        "min": 0.0647122636437,
        "var": 0.00223414669745
    },
    "erbbands_kurtosis": {
        "dmean": 0.912957906723,
        "dmean2": 1.43908917904,
        "dvar": 1.87986564636,
        "dvar2": 4.50086927414,
        "max": 36.8088493347,
        "mean": 0.883062541485,
        "median": 0.174102902412,
        "min": -1.79695034027,
        "var": 6.37430429459
    },
    "erbbands_skewness": {
        "dmean": 0.304689645767,
        "dmean2": 0.46884727478,
        "dvar": 0.0890551805496,
        "dvar2": 0.195220783353,
        "max": 5.29957771301,
        "mean": 0.379065364599,
        "median": 0.291050076485,
        "min": -3.88670992851,
        "var": 0.853165924549
    },
    "erbbands_spread": {
        "dmean": 5.69859266281,
        "dmean2": 8.62638568878,
        "dvar": 47.7078056335,
        "dvar2": 102.081016541,
        "max": 142.516433716,
        "mean": 31.0395755768,
        "median": 28.4811096191,
        "min": 4.72857093811,
        "var": 240.133621216
    },
    "hfc": {
        "dmean": 4.00617694855,
        "dmean2": 5.77034330368,
        "dvar": 46.8731613159,
        "dvar2": 86.2943191528,
        "max": 154.799194336,
        "mean": 17.232837677,
        "median": 10.8439941406,
        "min": 1.05956906472e-16,
        "var": 352.615447998
    },
    "melbands_crest": {
        "dmean": 2.44532465935,
        "dmean2": 3.96075510979,
        "dvar": 6.17532920837,
        "dvar2": 15.4917058945,
        "max": 30.6657505035,
        "mean": 11.3508758545,
        "median": 10.9314174652,
        "min": 1.51995801926,
        "var": 31.3682098389
    },
    "melbands_flatness_db": {
        "dmean": 0.0172375552356,
        "dmean2": 0.0259423349053,
        "dvar": 0.000411427929066,
        "dvar2": 0.000843997928314,
        "max": 0.479022294283,
        "mean": 0.178385257721,
        "median": 0.172702237964,
        "min": 0.00239112740383,
        "var": 0.00832021795213
    },
    "melbands_kurtosis": {
        "dmean": 3.75171327591,
        "dmean2": 5.90100860596,
        "dvar": 60.7718658447,
        "dvar2": 141.262878418,
        "max": 278.689971924,
        "mean": 8.83845710754,
        "median": 3.38124704361,
        "min": -1.8580070734,
        "var": 205.746368408
    },
    "melbands_skewness": {
        "dmean": 0.469016551971,
        "dmean2": 0.715995907784,
        "dvar": 0.3075992167,
        "dvar2": 0.695605933666,
        "max": 13.4654531479,
        "mean": 1.77951037884,
        "median": 1.60479593277,
        "min": -1.36738228798,
        "var": 2.42045879364
    },
    "melbands_spread": {
        "dmean": 6.3046040535,
        "dmean2": 9.80317306519,
        "dvar": 83.5243530273,
        "dvar2": 177.055664062,
        "max": 243.559524536,
        "mean": 36.5031356812,
        "median": 24.2103118896,
        "min": 0.9082441926,
        "var": 1430.17651367
    },
    "pitch_salience": {
        "dmean": 0.0522321127355,
        "dmean2": 0.0848970264196,
        "dvar": 0.00260688061826,
        "dvar2": 0.00674380036071,
        "max": 0.972195625305,
        "mean": 0.601628303528,
        "median": 0.591865420341,
        "min": 0.150208473206,
        "var": 0.0147556681186
    },
    "silence_rate_20dB": {
        "dmean": 0,
        "dmean2": 0,
        "dvar": 0,
        "dvar2": 0,
        "max": 1,
        "mean": 1,
        "median": 1,
        "min": 1,
        "var": 0
    },
    "silence_rate_30dB": {
        "dmean": 0,
        "dmean2": 0,
        "dvar": 0,
        "dvar2": 0,
        "max": 1,
        "mean": 1,
        "median": 1,
        "min": 1,
        "var": 0
    },
    "silence_rate_60dB": {
        "dmean": 0.0138035155833,
        "dmean2": 0.0276100095361,
        "dvar": 0.0136131383479,
        "dvar2": 0.0324565805495,
        "max": 1,
        "mean": 0.162820786238,
        "median": 0,
        "min": 0,
        "var": 0.136294797063
    },
    "spectral_centroid": {
        "dmean": 198.708206177,
        "dmean2": 306.178253174,
        "dvar": 66717.8359375,
        "dvar2": 133852.90625,
        "max": 11950.4267578,
        "mean": 2301.23754883,
        "median": 1315.39355469,
        "min": 219.937850952,
        "var": 9078496
    },
    "spectral_complexity": {
        "dmean": 2.25924730301,
        "dmean2": 3.64473676682,
        "dvar": 6.57420396805,
        "dvar2": 15.6727628708,
        "max": 51,
        "mean": 15.526309967,
        "median": 16,
        "min": 0,
        "var": 91.8474655151
    },
    "spectral_decrease": {
        "dmean": 1.14564102649e-09,
        "dmean2": 1.79619297214e-09,
        "dvar": 2.70740329712e-18,
        "dvar2": 6.62564143311e-18,
        "max": 2.52517967621e-28,
        "mean": -4.63487426217e-09,
        "median": -4.16140188975e-09,
        "min": -2.58901362571e-08,
        "var": 1.32951738967e-17
    },
    "spectral_energy": {
        "dmean": 0.00460439128801,
        "dmean2": 0.00717990845442,
        "dvar": 4.21543954872e-05,
        "dvar2": 0.000102242585854,
        "max": 0.100353360176,
        "mean": 0.01905618608,
        "median": 0.0171355754137,
        "min": 9.81432186894e-21,
        "var": 0.000220831294428
    },
    "spectral_energyband_high": {
        "dmean": 0.000258254964137,
        "dmean2": 0.000364871724742,
        "dvar": 6.81228243593e-07,
        "dvar2": 1.14211502478e-06,
        "max": 0.0244382210076,
        "mean": 0.000610503891949,
        "median": 0.000161212214152,
        "min": 6.8795488713e-21,
        "var": 2.56807379628e-06
    },
    "spectral_energyband_low": {
        "dmean": 0.0014695355203,
        "dmean2": 0.00239884876646,
        "dvar": 1.53564087668e-05,
        "dvar2": 4.02463410865e-05,
        "max": 0.0840335637331,
        "mean": 0.00311635341495,
        "median": 0.00196857214905,
        "min": 1.02810372177e-23,
        "var": 2.10845519177e-05
    },
    "spectral_energyband_middle_high": {
        "dmean": 0.00144352403004,
        "dmean2": 0.00212580314837,
        "dvar": 7.51550805944e-06,
        "dvar2": 1.57446847879e-05,
        "max": 0.0653226077557,
        "mean": 0.00585111184046,
        "median": 0.00227373512462,
        "min": 1.04764726792e-21,
        "var": 6.85942359269e-05
    },
    "spectral_energyband_middle_low": {
        "dmean": 0.00317618623376,
        "dmean2": 0.00498150475323,
        "dvar": 2.34078142967e-05,
        "dvar2": 5.64647561987e-05,
        "max": 0.083437114954,
        "mean": 0.0101369265467,
        "median": 0.00703512132168,
        "min": 1.18465084916e-22,
        "var": 0.000108062034997
    },
    "spectral_entropy": {
        "dmean": 0.124952740967,
        "dmean2": 0.178204342723,
        "dvar": 0.0207693129778,
        "dvar2": 0.0377479940653,
        "max": 9.83197498322,
        "mean": 7.55667877197,
        "median": 7.38874053955,
        "min": 5.2149438858,
        "var": 0.784792006016
    },
    "spectral_flux": {
        "dmean": 0.0166471153498,
        "dmean2": 0.026435662061,
        "dvar": 0.000428794679465,
        "dvar2": 0.000991425244138,
        "max": 0.275382608175,
        "mean": 0.0611465238035,
        "median": 0.0561340302229,
        "min": 6.266431124e-11,
        "var": 0.00175617507193
    },
    "spectral_kurtosis": {
        "dmean": 2.00722813606,
        "dmean2": 3.45542240143,
        "dvar": 6.70605945587,
        "dvar2": 18.6410942078,
        "max": 64.3801727295,
        "mean": 5.19138383865,
        "median": 4.51028347015,
        "min": -1.37122356892,
        "var": 24.0211410522
    },
    "spectral_rms": {
        "dmean": 0.000472910818644,
        "dmean2": 0.000725294521544,
        "dvar": 3.31329260916e-07,
        "dvar2": 7.61885814882e-07,
        "max": 0.00989473145455,
        "mean": 0.00381217570975,
        "median": 0.00408872030675,
        "min": 3.09434140637e-12,
        "var": 4.05867922382e-06
    },
    "spectral_rolloff": {
        "dmean": 344.374755859,
        "dmean2": 569.541870117,
        "dvar": 435676.125,
        "dvar2": 882618.8125,
        "max": 20025.8789062,
        "mean": 3292.21191406,
        "median": 1442.72460938,
        "min": 86.1328125,
        "var": 28424946
    },
    "spectral_skewness": {
        "dmean": 0.23882086575,
        "dmean2": 0.392814546824,
        "dvar": 0.0652037262917,
        "dvar2": 0.168780937791,
        "max": 5.85441255569,
        "mean": 1.49414277077,
        "median": 1.48532533646,
        "min": -0.225145727396,
        "var": 0.629945755005
    },
    "spectral_spread": {
        "dmean": 447677.09375,
        "dmean2": 674856.4375,
        "dvar": 525462372352,
        "dvar2": 1.07969511424e+12,
        "max": 43201224,
        "mean": 7403177.5,
        "median": 3433433,
        "min": 1209975.25,
        "var": 1.24651250385e+14
    },
    "spectral_strongpeak": {
        "dmean": 0.563433527946,
        "dmean2": 0.928437411785,
        "dvar": 0.963238477707,
        "dvar2": 2.40039587021,
        "max": 14.7631206512,
        "mean": 1.29188072681,
        "median": 0.690000355244,
        "min": 0,
        "var": 2.71883320808
    },
    "zerocrossingrate": {
        "dmean": 0.00812001246959,
        "dmean2": 0.0100283548236,
        "dvar": 0.000137549694045,
        "dvar2": 0.000171413325006,
        "max": 0.73046875,
        "mean": 0.103286698461,
        "median": 0.0576171875,
        "min": 0.005859375,
        "var": 0.018964426592
    },
    "barkbands": {
        "dmean": [6.40946163912e-05, 0.000683218764607, 0.000754251203034, 0.000545192917343, 0.00140775204636, 0.0010040232446, 0.000629630521871, 0.000701100623701, 0.000455297209555, 0.000484990276163, 0.000403004727559, 0.000344037835021, 0.000330481561832, 0.000351749302354, 0.00027384373243, 0.000185494849575, 0.000237878572079, 0.000160890907864, 0.000162622847711, 0.000125352788018, 9.54538045335e-05, 5.55964979867e-05, 4.81751267216e-05, 2.96660382446e-05, 1.27859893837e-05, 4.57334272141e-06, 9.71325153643e-09],
        "dmean2": [9.7259573522e-05, 0.00112011644524, 0.00127535371576, 0.00087831314886, 0.00225618178956, 0.00152803806122, 0.000953659182414, 0.00106928427704, 0.000695375725627, 0.000740585615858, 0.000590196577832, 0.000509499455802, 0.000507195596583, 0.000536384584848, 0.000428767583799, 0.000292036886094, 0.000381355290301, 0.00024809333263, 0.000249678763794, 0.00019133175374, 0.000146258214954, 8.34707752801e-05, 6.81208694004e-05, 4.21380282205e-05, 1.77753900061e-05, 6.45574345981e-06, 1.70896647944e-08],
        "dvar": [5.39338529393e-08, 4.98639974467e-06, 4.36109121438e-06, 1.22147480397e-06, 7.56203553465e-06, 5.34883565706e-06, 3.2184570955e-06, 3.33384173246e-06, 2.95316613119e-06, 2.42700912167e-06, 1.52023847022e-06, 1.26822419588e-06, 1.121326477e-06, 1.34116010031e-06, 5.23762309967e-07, 2.47709266432e-07, 3.01342112152e-07, 1.48159500668e-07, 1.82003091709e-07, 9.0707899858e-08, 8.31865918371e-08, 7.60464473615e-08, 9.49791783e-08, 2.12440482983e-08, 4.27215196552e-09, 3.18992332549e-10, 5.28908336331e-15],
        "dvar2": [1.18422910589e-07, 1.29097707031e-05, 1.2005571989e-05, 3.02239095618e-06, 1.92017978407e-05, 1.23850486489e-05, 7.39452434573e-06, 7.76145498094e-06, 6.30845761407e-06, 5.59507998332e-06, 2.8336514788e-06, 2.50842981586e-06, 2.40348049374e-06, 2.79191635855e-06, 1.1413080756e-06, 5.16099873948e-07, 7.05119418853e-07, 3.13734716428e-07, 3.87682092651e-07, 1.94210315385e-07, 1.74527968966e-07, 1.34957531372e-07, 1.75381032363e-07, 4.09246574407e-08, 6.28470786523e-09, 5.76553749188e-10, 1.44830267299e-14],
        "max": [0.00455795554444, 0.0445954799652, 0.0442389324307, 0.029075179249, 0.052265830338, 0.0689565837383, 0.0631182864308, 0.0472172982991, 0.0502121224999, 0.0489744208753, 0.0419212132692, 0.036359615624, 0.0328749120235, 0.0458735227585, 0.0229225624353, 0.0192477125674, 0.0102697806433, 0.0120515571907, 0.0140246106312, 0.00753838708624, 0.00737135577947, 0.0115566700697, 0.0119300214574, 0.00724041415378, 0.00438926694915, 0.000756027642637, 2.79529172076e-06],
        "mean": [7.3721013905e-05, 0.00107726629358, 0.00147755641956, 0.00109041912947, 0.00321237603202, 0.00224860943854, 0.00126179156359, 0.00125835672952, 0.000779175199568, 0.000937689328566, 0.000784413190559, 0.000720552867278, 0.000653220165987, 0.000730206316803, 0.000492326682433, 0.0003657041525, 0.000454518973129, 0.000345267239027, 0.000368895125575, 0.000272867910098, 0.000171399005922, 0.000101905250631, 8.63734821905e-05, 5.70912889089e-05, 2.69920546998e-05, 7.46657042328e-06, 7.86045806223e-09],
        "median": [9.41211510508e-06, 0.000370318448404, 0.000740943127312, 0.000414471141994, 0.00144977052696, 0.000685641192831, 0.000462430703919, 0.000460598559584, 0.000195089320187, 0.000250925979344, 0.000149098399561, 0.000127043269458, 0.000126090744743, 0.000123883219203, 0.00014262071636, 0.000123123507365, 0.000136409682455, 9.43584891502e-05, 7.98925611889e-05, 5.67989409319e-05, 3.7756835809e-05, 2.01238253794e-05, 1.02754365798e-05, 1.0430079783e-05, 5.5032032833e-06, 6.74070065543e-07, 3.12855186202e-10],
        "min": [6.36763222535e-26, 1.18971574244e-24, 4.9880735069e-25, 4.93625372707e-25, 4.03471705774e-24, 3.79571034726e-24, 1.64191812762e-24, 4.2805414986e-24, 7.12497828532e-24, 6.67183291553e-24, 7.40717749695e-24, 9.52324086608e-24, 1.64552345861e-23, 2.36415539066e-23, 3.08067096667e-23, 3.82643292965e-23, 3.60232133301e-23, 7.40861622146e-23, 9.74262907916e-23, 1.36435563529e-22, 1.82806776535e-22, 2.70614681946e-22, 3.1229753682e-22, 4.92820466371e-22, 7.79614395183e-22, 1.16660506904e-21, 1.61964720533e-21],
        "var": [6.73135929219e-08, 5.64924357604e-06, 5.67620099901e-06, 3.82433472623e-06, 2.63833226199e-05, 2.10082034755e-05, 9.44103521761e-06, 6.55349776935e-06, 6.84351471136e-06, 6.1716482378e-06, 5.04745958096e-06, 5.49838205188e-06, 3.07593199977e-06, 4.54664814242e-06, 1.17024546853e-06, 8.66344976203e-07, 8.21613355129e-07, 6.27338408776e-07, 7.02266561348e-07, 3.17684055062e-07, 1.96922599116e-07, 2.34248162201e-07, 2.59722185092e-07, 6.30772447607e-08, 1.69323577381e-08, 8.06407107756e-10, 4.81565166162e-15]
    },
    "erbbands": {
        "dmean": [0.0174458306283, 0.180461242795, 0.78648763895, 1.2918201685, 2.71847081184, 5.46628379822, 8.14399623871, 7.94699907303, 9.07029342651, 11.9620342255, 12.7875614166, 11.1081886292, 12.4477806091, 14.8320035934, 15.6765174866, 14.3799724579, 14.6191663742, 16.851776123, 14.7034454346, 11.6050653458, 10.5749664307, 9.70159816742, 7.78712034225, 9.25813007355, 6.33718252182, 6.09794902802, 4.79452991486, 2.80447793007, 2.02116036415, 1.6855032444, 1.31609678268, 0.822990238667, 0.42364782095, 0.190984025598, 0.0731790214777, 0.0286658201367, 0.00731985410675, 0.000328866328346, 9.78017123998e-06, 5.795634479e-06],
        "dmean2": [0.0261962469667, 0.305125027895, 1.34185147285, 2.09672212601, 4.42739868164, 8.79430294037, 12.667593956, 12.1496229172, 13.3579120636, 18.2387962341, 19.5637626648, 16.6414012909, 18.9241943359, 21.8217811584, 22.3945045471, 21.1736907959, 22.0259017944, 25.2772064209, 22.4613628387, 18.2643013, 16.5087738037, 15.2879657745, 11.9872379303, 14.2972135544, 9.53831386566, 9.01026248932, 7.16118335724, 4.31483268738, 3.09947800636, 2.45284104347, 1.87504780293, 1.16967916489, 0.589947640896, 0.269271403551, 0.102523945272, 0.0401621349156, 0.0106038572267, 0.000472792162327, 1.35832879096e-05, 8.80981860973e-06],
        "dvar": [0.00369472219609, 0.380866914988, 5.36602401733, 7.59845781326, 22.9518489838, 141.040298462, 410.560394287, 384.636047363, 699.012145996, 968.424987793, 1319.99682617, 1752.65270996, 2238.69360352, 2054.07299805, 2536.94335938, 1961.84729004, 2101.2121582, 3064.44116211, 1695.18395996, 882.458740234, 636.383239746, 542.432861328, 323.965301514, 592.994995117, 310.524627686, 204.191375732, 200.885955811, 85.9707870483, 105.884635925, 112.131584167, 70.9180831909, 19.2164154053, 3.96704435349, 1.03313410282, 0.138662338257, 0.0145819224417, 0.000859001709614, 3.42697308042e-06, 1.38349121048e-09, 6.65141761114e-11],
        "dvar2": [0.00695230159909, 1.05089068413, 15.1440458298, 19.2222423553, 60.8870391846, 351.673126221, 963.58013916, 901.188903809, 1580.73071289, 2116.47729492, 3019.63378906, 3443.4675293, 5416.85253906, 4361.01074219, 4755.80566406, 3956.54833984, 4564.11279297, 6211.22851562, 3660.02246094, 1966.07983398, 1343.49816895, 1251.87255859, 643.963745117, 1275.89941406, 612.679138184, 416.420471191, 419.273284912, 176.519668579, 199.695373535, 232.471908569, 136.148635864, 39.5259208679, 6.45869398117, 1.6252322197, 0.235863521695, 0.0266409851611, 0.00169034523424, 6.29551823295e-06, 2.38529551666e-09, 1.48985074278e-10],
        "max": [1.1241209507, 12.9429731369, 49.0496864319, 74.8639068604, 126.315170288, 235.65007019, 534.487792969, 548.450622559, 1069.26257324, 1194.21228027, 1078.55334473, 1346.63098145, 1426.79992676, 1438.23510742, 1597.24560547, 1864.21789551, 1576.65734863, 2635.92651367, 1249.71984863, 1107.5802002, 938.475402832, 643.152038574, 675.475463867, 732.974243164, 588.56072998, 425.876159668, 431.117004395, 259.36328125, 419.439483643, 427.350006104, 307.840576172, 176.268554688, 105.056098938, 64.2442321777, 22.9396591187, 6.45869255066, 1.23369252682, 0.10490886867, 0.00190061994363, 0.000176147150341],
        "mean": [0.0246020723134, 0.27750813961, 1.53981304169, 2.77522277832, 6.00540161133, 11.2848148346, 17.3868312836, 17.8319911957, 19.2618618011, 22.8532562256, 23.9526042938, 20.29337883, 23.4514808655, 31.7431926727, 32.683380127, 32.2638473511, 32.5666732788, 38.3814735413, 29.18334198, 23.6687831879, 22.4558372498, 21.2315578461, 19.0307483673, 20.6235275269, 15.9947299957, 13.8442411423, 9.48284435272, 5.15649652481, 3.73040890694, 2.92566919327, 2.3610227108, 1.47890627384, 0.828239440918, 0.393670648336, 0.141899079084, 0.0501044988632, 0.0111694307998, 0.000464056094643, 2.4224695153e-05, 2.4425869924e-05],
        "median": [0.00674502644688, 0.109933078289, 0.762874245644, 1.41703367233, 3.13459777832, 4.64990377426, 4.41906166077, 5.90792942047, 7.24259996414, 9.27779197693, 8.81204509735, 6.2323050499, 7.22849750519, 7.58913660049, 7.88778114319, 6.78463935852, 7.34444141388, 6.82818174362, 7.55348491669, 9.16066074371, 8.13131809235, 6.90409374237, 6.36784934998, 4.90549325943, 3.38762283325, 2.77879166603, 1.99224328995, 1.23338317871, 0.761746168137, 0.420952558517, 0.287786483765, 0.227501511574, 0.160161823034, 0.0761669129133, 0.0265366043895, 0.00686748512089, 0.000550792494323, 2.1956875571e-05, 1.36927355925e-05, 2.1665226086e-05],
        "min": [3.65928340125e-23, 1.88668227631e-22, 1.60991097045e-21, 3.46635447907e-21, 1.10766964189e-20, 7.55671575612e-21, 2.89867868081e-20, 4.18640470098e-20, 3.83144954479e-20, 1.04443960044e-19, 1.10375452497e-19, 1.69922336563e-19, 3.76940518274e-19, 4.0906715344e-19, 5.84604055959e-19, 7.92902092872e-19, 9.3166882676e-19, 1.40607469244e-18, 1.59840886732e-18, 2.06170590417e-18, 2.84940849481e-18, 2.52377271665e-18, 4.26386376762e-18, 5.06694199149e-18, 5.05914953653e-18, 7.60616478762e-18, 6.61527272414e-18, 8.66476820169e-18, 9.53826182956e-18, 9.56540741572e-18, 8.96619860717e-18, 1.00242006609e-17, 8.12991569916e-18, 6.62799145323e-18, 5.59057833851e-18, 3.8219069566e-18, 2.16709677922e-18, 8.84383460634e-19, 2.16764644073e-19, 2.39816461685e-20],
        "var": [0.00574262719601, 0.336388081312, 6.11251401901, 18.0360507965, 77.4161682129, 413.637359619, 1556.49768066, 1423.92285156, 1952.7130127, 3184.18652344, 2827.88208008, 4610.77148438, 4190.65966797, 6992.19726562, 8680.26757812, 9308.05761719, 6575.12597656, 11844.7529297, 4549.06347656, 2418.31420898, 2091.96777344, 1698.30627441, 1639.07250977, 1948.51928711, 1663.78051758, 891.725280762, 526.943054199, 217.382324219, 304.27822876, 287.865814209, 188.94039917, 49.6188049316, 13.6165704727, 3.73360300064, 0.516149163246, 0.0394710637629, 0.00179499050137, 6.24214408163e-06, 3.46473383317e-09, 3.76455477902e-10]
    },
    "gfcc": {
        "mean": [-144.182357788, 102.573158264, -127.64818573, 29.8207855225, -58.1996040344, 7.62908744812, -39.745929718, 4.19806528091, -22.9736022949, -3.03567481041, -9.68905544281, -9.11667156219, -3.90439033508],
        "cov": [[117691.382812, 11042.0009766, -14647.9697266, 3550.11010742, -6557.72998047, 877.443847656, -4324.69873047, 620.677856445, -2776.33178711, -187.005630493, -1124.32702637, -978.769897461, -574.060180664], [11042.0009766, 2501.37695312, -1264.13256836, 300.882965088, -506.957092285, -186.009567261, -420.620910645, -110.393371582, -163.724731445, -234.480163574, 61.1770248413, -276.083709717, 111.266929626], [-14647.9697266, -1264.13256836, 2983.84716797, -475.847930908, 666.340393066, -144.439971924, 313.135406494, -68.0488128662, 274.4765625, 24.225069046, 54.3792457581, 170.260467529, -2.42943382263], [3550.11010742, 300.882965088, -475.847930908, 427.063720703, -157.713684082, 55.5044670105, -59.3673019409, 2.47286367416, -18.2860603333, -11.8565778732, -6.70394229889, -45.6483650208, 15.3773117065], [-6557.72998047, -506.957092285, 666.340393066, -157.713684082, 625.8828125, -22.4861450195, 360.843109131, -17.4837875366, 157.051208496, 28.5214729309, 100.869110107, 41.9144554138, 32.995098114], [877.443847656, -186.009567261, -144.439971924, 55.5044670105, -22.4861450195, 234.430709839, 20.3790512085, 57.2246513367, -19.1069984436, 40.2728843689, -28.5256767273, 26.4631710052, -37.861000061], [-4324.69873047, -420.620910645, 313.135406494, -59.3673019409, 360.843109131, 20.3790512085, 388.960418701, 0.290353149176, 133.728637695, 27.3769207001, 71.5253372192, 22.0394058228, 27.6307201385], [620.677856445, -110.393371582, -68.0488128662, 2.47286367416, -17.4837875366, 57.2246513367, 0.290353149176, 136.725997925, -13.5404005051, 36.4680099487, -17.9518108368, 4.41519165039, -10.3387584686], [-2776.33178711, -163.724731445, 274.4765625, -18.2860603333, 157.051208496, -19.1069984436, 133.728637695, -13.5404005051, 212.001083374, 1.2911413908, 51.0811843872, 23.5917625427, 36.2729682922], [-187.005630493, -234.480163574, 24.225069046, -11.8565778732, 28.5214729309, 40.2728843689, 27.3769207001, 36.4680099487, 1.2911413908, 124.101379395, -14.7004327774, 45.637386322, -38.0127906799], [-1124.32702637, 61.1770248413, 54.3792457581, -6.70394229889, 100.869110107, -28.5256767273, 71.5253372192, -17.9518108368, 51.0811843872, -14.7004327774, 138.703262329, -21.7177886963, 55.6610679626], [-978.769897461, -276.083709717, 170.260467529, -45.6483650208, 41.9144554138, 26.4631710052, 22.0394058228, 4.41519165039, 23.5917625427, 45.637386322, -21.7177886963, 130.723220825, -18.7104053497], [-574.060180664, 111.266929626, -2.42943382263, 15.3773117065, 32.995098114, -37.861000061, 27.6307201385, -10.3387584686, 36.2729682922, -38.0127906799, 55.6610679626, -18.7104053497, 123.344642639]],
        "icov": [[0.000193655025214, -0.000523629132658, 0.000399403943447, -0.000516200962011, 0.000613038195297, -0.000297546153888, 0.000353283976438, -0.000616840843577, 0.000717353483196, -0.000434758665506, 0.000263622001512, -0.000388485961594, 0.00053686730098], [-0.000523629132658, 0.00234413915314, -0.00081931805471, 0.00120252859779, -0.00162041268777, 0.00126804586034, -0.000261552544544, 0.00204109447077, -0.00194209546316, 0.00197801203467, -0.00115881802049, 0.00198496785015, -0.00166056340095], [0.000399403943447, -0.00081931805471, 0.00145679002162, -0.000746442936361, 0.000773976789787, -0.000276630802546, 0.00110454182141, -0.00107910030056, 0.00104779656976, -0.000530333083589, 0.000583691871725, -0.000974092050456, 0.00120714504737], [-0.000516200962011, 0.00120252859779, -0.000746442936361, 0.00451601529494, -0.00107971939724, -1.90027494682e-05, -0.00119283539243, 0.00200009183027, -0.00251879566349, 0.000832218036521, -0.000543297617696, 0.0015128859086, -0.0018752332544], [0.000613038195297, -0.00162041268777, 0.000773976789787, -0.00107971939724, 0.00643286667764, -0.000775204505771, -0.00222224625759, -0.00176496664062, 0.00210275733843, -0.00167516304646, -0.000439319061115, -0.00131009926554, 0.00172073859721], [-0.000297546153888, 0.00126804586034, -0.000276630802546, -1.90027494682e-05, -0.000775204505771, 0.00626794528216, -0.00106564268935, -0.000770559825469, -0.000761211093049, 0.000733579858206, -0.000373604882043, -0.000138369796332, 0.000371226109564], [0.000353283976438, -0.000261552544544, 0.00110454182141, -0.00119283539243, -0.00222224625759, -0.00106564268935, 0.00742320809513, -0.000923419953324, -0.000389160995837, -0.000761002942454, -0.000184403805179, 0.000335508026183, 0.000591720279772], [-0.000616840843577, 0.00204109447077, -0.00107910030056, 0.00200009183027, -0.00176496664062, -0.000770559825469, -0.000923419953324, 0.010982866399, -0.00218465179205, -0.000829213531688, -0.000119971962704, 0.00256739044562, -0.00278913532384], [0.000717353483196, -0.00194209546316, 0.00104779656976, -0.00251879566349, 0.00210275733843, -0.000761211093049, -0.000389160995837, -0.00218465179205, 0.00966990645975, -0.00146651815157, -9.6468742413e-05, -0.0024751345627, 0.000905546825379], [-0.000434758665506, 0.00197801203467, -0.000530333083589, 0.000832218036521, -0.00167516304646, 0.000733579858206, -0.000761002942454, -0.000829213531688, -0.00146651815157, 0.0128917675465, -0.00154437497258, -0.00180358602665, 0.00167994643562], [0.000263622001512, -0.00115881802049, 0.000583691871725, -0.000543297617696, -0.000439319061115, -0.000373604882043, -0.000184403805179, -0.000119971962704, -9.6468742413e-05, -0.00154437497258, 0.0111076990142, 0.000807564239949, -0.00295199383982], [-0.000388485961594, 0.00198496785015, -0.000974092050456, 0.0015128859086, -0.00131009926554, -0.000138369796332, 0.000335508026183, 0.00256739044562, -0.0024751345627, -0.00180358602665, 0.000807564239949, 0.0119977947325, -0.00173084135167], [0.00053686730098, -0.00166056340095, 0.00120714504737, -0.0018752332544, 0.00172073859721, 0.000371226109564, 0.000591720279772, -0.00278913532384, 0.000905546825379, 0.00167994643562, -0.00295199383982, -0.00173084135167, 0.0129698440433]]
    },
    "melbands": {
        "dmean": [0.000162069380167, 0.000348450877937, 0.000248911761446, 0.000280109234154, 0.000277360813925, 0.00018150518008, 0.000134661357151, 0.00013802468311, 0.000101721991086, 6.80867306073e-05, 6.35548640275e-05, 6.22345760348e-05, 5.56002778467e-05, 4.20267169829e-05, 3.42450330209e-05, 3.25411965605e-05, 3.44352883985e-05, 2.55009981629e-05, 1.74341894308e-05, 1.5528725271e-05, 1.41716391227e-05, 1.22388400996e-05, 9.3897961051e-06, 7.98779001343e-06, 8.81108553585e-06, 5.49975675312e-06, 4.30196996604e-06, 4.59228067484e-06, 3.56131204171e-06, 2.48157061833e-06, 1.55530551638e-06, 1.26022212044e-06, 1.03078787106e-06, 9.80581148724e-07, 8.12362884517e-07, 6.95229175562e-07, 4.76885304579e-07, 3.37052938448e-07, 2.33898205693e-07, 1.54181734047e-07],
        "dmean2": [0.000263116002316, 0.000589847913943, 0.000400892313337, 0.000453989690868, 0.000438797782408, 0.00027650987613, 0.000199618923943, 0.000210391546716, 0.000155753121362, 0.000101851568616, 9.67769665294e-05, 9.20636157389e-05, 7.95232408564e-05, 6.09748312854e-05, 5.0516511692e-05, 4.84735501232e-05, 5.13435152243e-05, 3.88370681321e-05, 2.70130476565e-05, 2.49042532232e-05, 2.20041038119e-05, 1.92059596884e-05, 1.47001019286e-05, 1.22767623907e-05, 1.35439404403e-05, 8.41396285978e-06, 6.4963337536e-06, 6.85743907525e-06, 5.390817023e-06, 3.79009793505e-06, 2.44365696744e-06, 1.95189613805e-06, 1.56601754497e-06, 1.48579272263e-06, 1.17834031244e-06, 1.02647675249e-06, 7.01712224327e-07, 4.88318676162e-07, 3.3494490026e-07, 2.25192607672e-07],
        "dvar": [2.89987582391e-07, 1.11702297545e-06, 2.3234458979e-07, 2.99316923247e-07, 4.12831894891e-07, 1.81214559802e-07, 1.465540862e-07, 1.26826861901e-07, 8.8209830551e-08, 7.23383521972e-08, 5.90567985626e-08, 3.64117411777e-08, 3.05434575409e-08, 1.82669364079e-08, 1.08517035358e-08, 1.1134242861e-08, 1.40986324837e-08, 5.74718317381e-09, 2.34873853699e-09, 1.63090962957e-09, 1.13103360011e-09, 9.49542222628e-10, 5.75507086431e-10, 4.02364669361e-10, 6.03988858927e-10, 2.58393195729e-10, 1.38424757767e-10, 1.284764517e-10, 1.1917782039e-10, 6.01532504363e-11, 3.0919634908e-11, 3.9897293802e-11, 3.34480949882e-11, 4.35493828499e-11, 2.89267724357e-11, 1.63377315149e-11, 6.169809455e-12, 2.6505293186e-12, 1.53998428593e-12, 7.58276091656e-13],
        "dvar2": [6.67779602281e-07, 3.11728058477e-06, 5.82804091209e-07, 7.69657049204e-07, 1.00107547496e-06, 4.24432471391e-07, 3.33241302997e-07, 2.79799820646e-07, 2.02138267014e-07, 1.46726264916e-07, 1.42286822324e-07, 7.81362103908e-08, 5.74682950116e-08, 3.4556386197e-08, 2.02096614998e-08, 2.39776323241e-08, 2.83902465981e-08, 1.22449197448e-08, 4.89549956129e-09, 3.65882346642e-09, 2.4363921991e-09, 2.14689310774e-09, 1.2465088961e-09, 8.57147963718e-10, 1.28173449632e-09, 5.41630462703e-10, 2.65885397033e-10, 2.60386073814e-10, 2.57661086911e-10, 1.31041302809e-10, 6.7220277955e-11, 7.93024326762e-11, 6.70133809555e-11, 9.50931555721e-11, 5.7583167401e-11, 3.29827241907e-11, 1.39210786995e-11, 4.70272865788e-12, 2.92117523747e-12, 1.33030988569e-12],
        "max": [0.00856938958168, 0.0234570540488, 0.0107480492443, 0.0145032182336, 0.0143952574581, 0.0109063526616, 0.0149634387344, 0.0111101595685, 0.00894952379167, 0.00782412476838, 0.00760079361498, 0.00602768408135, 0.00674360245466, 0.0048803081736, 0.00429478241131, 0.00412634573877, 0.0059888814576, 0.00240483949892, 0.00132911326364, 0.0012832187349, 0.000972471258137, 0.000873134995345, 0.000928875699174, 0.000857947045006, 0.000760311086196, 0.000471976964036, 0.000391362322262, 0.00036265765084, 0.000297463149764, 0.000197316810954, 0.000149140381836, 0.000270243501291, 0.000205914460821, 0.00025019099121, 0.00022378306312, 0.00012793148926, 0.000112861467642, 9.33556439122e-05, 8.4271421656e-05, 4.80965536553e-05],
        "mean": [0.000253583595622, 0.000661537866108, 0.000574168574531, 0.000615382858086, 0.000615323835518, 0.000412774068536, 0.000284793088213, 0.000256990228081, 0.000187128331163, 0.00011924989667, 0.000115424067189, 0.000126859173179, 0.000110439897981, 8.73699391377e-05, 7.16684226063e-05, 6.71762463753e-05, 7.27616570657e-05, 4.74142179883e-05, 3.2580584957e-05, 3.03246852127e-05, 2.68592011707e-05, 2.33786158788e-05, 1.96141700144e-05, 1.65176770679e-05, 1.69319882843e-05, 1.23272302517e-05, 9.03080399439e-06, 9.37118238653e-06, 6.44891997581e-06, 4.11826431446e-06, 2.61358491116e-06, 2.18363470594e-06, 1.75391721768e-06, 1.56927433181e-06, 1.37571703362e-06, 1.18534330795e-06, 7.94095171841e-07, 6.15075521182e-07, 4.4594023052e-07, 2.91143408049e-07],
        "median": [8.48048148328e-05, 0.000347906374373, 0.000316371093504, 0.000309469760396, 0.000170111248735, 0.000133409106638, 0.000107439751446, 0.000101173151052, 6.44984393148e-05, 3.19485952787e-05, 3.18004749715e-05, 2.72579418379e-05, 2.33103455685e-05, 1.70122548298e-05, 1.60253712238e-05, 1.32393433887e-05, 1.14865742944e-05, 1.10914461402e-05, 1.00287879832e-05, 1.09642351163e-05, 8.20084915176e-06, 6.6126249294e-06, 5.82306711294e-06, 4.30554155173e-06, 3.55707629751e-06, 2.6298339435e-06, 1.78187542588e-06, 1.73970829564e-06, 1.20808635984e-06, 8.24593485049e-07, 5.74240118567e-07, 3.94915787183e-07, 2.66534783577e-07, 1.75776591504e-07, 1.48645042941e-07, 1.32401439146e-07, 1.24607907992e-07, 1.08072093497e-07, 8.20863164108e-08, 5.0189079559e-08],
        "min": [3.83551173259e-25, 9.625065454e-25, 1.06949570706e-24, 1.00451299417e-24, 8.94949680768e-25, 8.73170513074e-25, 5.03977692974e-25, 1.15386073239e-24, 8.76824714002e-25, 9.66649938697e-25, 1.34853138924e-24, 1.41453311321e-24, 1.40868183605e-24, 1.34633579213e-24, 1.68819310275e-24, 2.36792456806e-24, 1.86850994239e-24, 2.23564777983e-24, 1.53648026092e-24, 2.13666604939e-24, 2.94727999129e-24, 2.09123160556e-24, 2.26653937566e-24, 3.01821140566e-24, 3.44699477854e-24, 3.43381212395e-24, 2.68788359299e-24, 4.22726183306e-24, 2.60552828942e-24, 3.90357366542e-24, 3.66083998159e-24, 4.78184564336e-24, 4.32833858085e-24, 4.39974666442e-24, 4.6914173345e-24, 5.21906233374e-24, 5.29938217896e-24, 5.44874628605e-24, 4.75449425805e-24, 3.94111831691e-24],
        "var": [3.9931359197e-07, 1.17395222787e-06, 6.39277061509e-07, 8.89071714028e-07, 1.61525258591e-06, 7.21317746866e-07, 4.17005509235e-07, 3.50644342006e-07, 1.92187442849e-07, 1.78481911917e-07, 1.13231024557e-07, 1.20911821e-07, 1.01342450876e-07, 7.60580505244e-08, 3.83328853104e-08, 3.08739345201e-08, 4.96570287112e-08, 1.58355106805e-08, 5.37455147054e-09, 5.69642244486e-09, 3.27697669e-09, 2.48858311735e-09, 2.51329934642e-09, 1.63187463542e-09, 1.62189894848e-09, 1.06432962443e-09, 4.68375060958e-10, 4.89812579385e-10, 2.76396794341e-10, 1.26297250436e-10, 7.18984524695e-11, 1.06563632918e-10, 8.73203939711e-11, 9.72259078802e-11, 7.10455513864e-11, 4.14762495182e-11, 1.34414059744e-11, 8.00882190427e-12, 4.35989395628e-12, 2.46785925029e-12]
    },
    "mfcc": {
        "mean": [-711.723266602, 120.075248718, -13.7955274582, 18.1495456696, 0.903155088425, -1.67184925079, -2.42014741898, -3.6537759304, -4.16286706924, -1.08055508137, -5.13647603989, -0.310875982046, -3.5744972229],
        "cov": [[26667.3867188, 5253.56396484, -1383.6204834, 1106.16699219, -190.219726562, -25.9130077362, 130.40838623, -98.8832626343, -184.875534058, 43.5376091003, -214.3021698, 154.543716431, -155.952774048], [5253.56396484, 2920.31396484, -14.6203861237, 346.348358154, 131.798522949, -166.005218506, -53.8824958801, -134.652069092, -120.654922485, -76.9413452148, -132.717391968, -31.7867603302, -68.6679992676], [-1383.6204834, -14.6203861237, 1044.03796387, -27.3983726501, 126.541557312, -75.92552948, -151.574539185, -47.5211181641, -37.0357284546, -61.8038139343, -37.6263923645, -65.4218063354, -17.1360702515], [1106.16699219, 346.348358154, -27.3983726501, 324.168518066, 14.8330230713, 21.1238803864, 14.6203927994, -15.5026626587, 12.4554834366, -6.62036514282, -11.0886249542, 36.2560310364, -10.2761669159], [-190.219726562, 131.798522949, 126.541557312, 14.8330230713, 173.503295898, -15.3531913757, 5.67243480682, -5.8000535965, -0.896899819374, -6.03310155869, -6.82804346085, 1.32289886475, -4.16881418228], [-25.9130077362, -166.005218506, -75.92552948, 21.1238803864, -15.3531913757, 208.116546631, 22.6156730652, 63.5108375549, 14.5648756027, 28.3140506744, 39.8278312683, 3.67166614532, 36.5435218811], [130.40838623, -53.8824958801, -151.574539185, 14.6203927994, 5.67243480682, 22.6156730652, 212.043121338, 16.8774356842, 19.2802524567, 36.539604187, 5.89502096176, 22.935760498, -1.6211014986], [-98.8832626343, -134.652069092, -47.5211181641, -15.5026626587, -5.8000535965, 63.5108375549, 16.8774356842, 124.200393677, 28.0641288757, 28.200548172, 22.1227970123, 4.2802362442, 14.2778596878], [-184.875534058, -120.654922485, -37.0357284546, 12.4554834366, -0.896899819374, 14.5648756027, 19.2802524567, 28.0641288757, 115.479911804, 23.4824943542, 19.0473117828, 15.5606651306, -6.82904720306], [43.5376091003, -76.9413452148, -61.8038139343, -6.62036514282, -6.03310155869, 28.3140506744, 36.539604187, 28.200548172, 23.4824943542, 95.0261459351, 26.3053207397, 22.4142036438, 6.84728527069], [-214.3021698, -132.717391968, -37.6263923645, -11.0886249542, -6.82804346085, 39.8278312683, 5.89502096176, 22.1227970123, 19.0473117828, 26.3053207397, 93.7086334229, 5.07925462723, 19.9253940582], [154.543716431, -31.7867603302, -65.4218063354, 36.2560310364, 1.32289886475, 3.67166614532, 22.935760498, 4.2802362442, 15.5606651306, 22.4142036438, 5.07925462723, 112.97555542, 0.663563907146], [-155.952774048, -68.6679992676, -17.1360702515, -10.2761669159, -4.16881418228, 36.5435218811, -1.6211014986, 14.2778596878, -6.82904720306, 6.84728527069, 19.9253940582, 0.663563907146, 87.0726089478]],
