{
"lowlevel": {
    "average_loudness": 0.893974304199,
    "barkbands_crest": {
        "dmean": 2.51100182533,
        "dmean2": 4.05506896973,
        "dvar": 5.08568716049,
        "dvar2": 12.6583595276,
        "max": 23.616558075,
        "mean": 10.1623220444,
        "median": 9.52372932434,
        "min": 2.34815788269,
        "var": 18.1767196655
    },
    "barkbands_flatness_db": {
        "dmean": 0.0181379299611,
        "dmean2": 0.0274128858,
        "dvar": 0.000280067499261,
        "dvar2": 0.000610380084254,
        "max": 0.357910573483,
        "mean": 0.125138431787,
        "median": 0.119316890836,
        "min": 0.0132188312709,
        "var": 0.00211492809467
    },
    "barkbands_kurtosis": {
        "dmean": 1.92391979694,
        "dmean2": 2.9723815918,
        "dvar": 13.3172187805,
        "dvar2": 29.2715473175,
        "max": 98.3283691406,
        "mean": 2.88692593575,
        "median": 0.495567798615,
        "min": -1.92881023884,
        "var": 55.7709159851
    },
    "barkbands_skewness": {
        "dmean": 0.437298923731,
        "dmean2": 0.656576633453,
        "dvar": 0.222044423223,
        "dvar2": 0.46623647213,
        "max": 8.88727474213,
        "mean": 0.920527994633,
        "median": 0.666231870651,
        "min": -4.04258871078,
        "var": 1.71130490303
    },
    "barkbands_spread": {
        "dmean": 5.78413629532,
        "dmean2": 8.79963684082,
        "dvar": 52.7413253784,
        "dvar2": 108.16758728,
        "max": 98.9031982422,
        "mean": 24.1436843872,
        "median": 20.9339313507,
        "min": 1.05341601372,
        "var": 225.64781189
    },
    "dissonance": {
        "dmean": 0.0204974431545,
        "dmean2": 0.0347258746624,
        "dvar": 0.000373058835976,
        "dvar2": 0.00103081704583,
        "max": 0.500000059605,
        "mean": 0.457988917828,
        "median": 0.464790225029,
        "min": 0.275379687548,
        "var": 0.000905877503101
    },
    "dynamic_complexity": 3.4519135952,
    "erbbands_crest": {
        "dmean": 3.02294993401,
        "dmean2": 4.86669254303,
        "dvar": 7.62438344955,
        "dvar2": 18.3948078156,
        "max": 32.1357345581,
        "mean": 11.8226528168,
        "median": 10.3828821182,
        "min": 2.10220050812,
        "var": 34.0366134644
    },
    "erbbands_flatness_db": {
        "dmean": 0.0184157900512,
        "dmean2": 0.0269564427435,
        "dvar": 0.000291905773338,
        "dvar2": 0.000580130319577,
        "max": 0.341184347868,
        "mean": 0.178063094616,
        "median": 0.177803188562,
        "min": 0.0338103808463,
        "var": 0.00223267707042
    },
    "erbbands_kurtosis": {
        "dmean": 0.981439352036,
        "dmean2": 1.56192040443,
        "dvar": 1.65478682518,
        "dvar2": 3.90756177902,
        "max": 21.7784290314,
        "mean": 0.696482717991,
        "median": 0.137982845306,
        "min": -1.82420909405,
        "var": 4.24011278152
    },
    "erbbands_skewness": {
        "dmean": 0.369205087423,
        "dmean2": 0.557270824909,
        "dvar": 0.129925459623,
        "dvar2": 0.264800846577,
        "max": 4.09239721298,
        "mean": 0.32917240262,
        "median": 0.32671970129,
        "min": -3.95382785797,
        "var": 0.64340788126
    },
    "erbbands_spread": {
        "dmean": 7.82403802872,
        "dmean2": 11.9446992874,
        "dvar": 87.6762695312,
        "dvar2": 194.67010498,
        "max": 143.917510986,
        "mean": 34.4233779907,
        "median": 30.1690273285,
        "min": 4.78271770477,
        "var": 409.79675293
    },
    "hfc": {
        "dmean": 7.63264513016,
        "dmean2": 11.1825227737,
        "dvar": 130.605392456,
        "dvar2": 261.796051025,
        "max": 268.329071045,
        "mean": 26.2262992859,
        "median": 21.263376236,
        "min": 1.37930982191e-07,
        "var": 507.16607666
    },
    "melbands_crest": {
        "dmean": 3.02381491661,
        "dmean2": 4.87226486206,
        "dvar": 7.85113954544,
        "dvar2": 20.1086864471,
        "max": 32.7492370605,
        "mean": 12.6279773712,
        "median": 11.8454370499,
        "min": 2.46436190605,
        "var": 23.3788166046
    },
    "melbands_flatness_db": {
        "dmean": 0.0210873372853,
        "dmean2": 0.0314910635352,
        "dvar": 0.000441905431217,
        "dvar2": 0.000939001445659,
        "max": 0.47010833025,
        "mean": 0.169058457017,
        "median": 0.157174572349,
        "min": 0.0101287234575,
        "var": 0.00384190259501
    },
    "melbands_kurtosis": {
        "dmean": 4.1413435936,
        "dmean2": 6.44839715958,
        "dvar": 61.9793624878,
        "dvar2": 143.480300903,
        "max": 248.901824951,
        "mean": 8.25141239166,
        "median": 2.66958236694,
        "min": -1.87724590302,
        "var": 229.890609741
    },
    "melbands_skewness": {
        "dmean": 0.558665454388,
        "dmean2": 0.858475744724,
        "dvar": 0.38560411334,
        "dvar2": 0.901285052299,
        "max": 10.8674488068,
        "mean": 1.77852344513,
        "median": 1.5450630188,
        "min": -1.96293377876,
        "var": 2.68964314461
    },
    "melbands_spread": {
        "dmean": 8.86143875122,
        "dmean2": 13.4490642548,
        "dvar": 164.761947632,
        "dvar2": 332.868408203,
        "max": 242.34362793,
        "mean": 33.0824127197,
        "median": 30.6754016876,
        "min": 1.0593637228,
        "var": 519.151672363
    },
    "pitch_salience": {
        "dmean": 0.065481223166,
        "dmean2": 0.105472303927,
        "dvar": 0.003279393306,
        "dvar2": 0.00839473400265,
        "max": 0.959154009819,
        "mean": 0.553214490414,
        "median": 0.55440223217,
        "min": 0.122467428446,
        "var": 0.0116337956861
    },
    "silence_rate_20dB": {
        "dmean": 0,
        "dmean2": 0,
        "dvar": 0,
        "dvar2": 0,
        "max": 1,
        "mean": 1,
        "median": 1,
        "min": 1,
        "var": 0
    },
    "silence_rate_30dB": {
        "dmean": 0,
        "dmean2": 0,
        "dvar": 0,
        "dvar2": 0,
        "max": 1,
        "mean": 1,
        "median": 1,
        "min": 1,
        "var": 0
    },
    "silence_rate_60dB": {
        "dmean": 0.012262262404,
        "dmean2": 0.0245275944471,
        "dvar": 0.012113804929,
        "dvar2": 0.0271739717573,
        "max": 1,
        "mean": 0.0726886019111,
        "median": 0,
        "min": 0,
        "var": 0.0674090012908
    },
    "spectral_centroid": {
        "dmean": 263.300567627,
        "dmean2": 395.777191162,
        "dvar": 103936.710938,
        "dvar2": 202344.25,
        "max": 10310.2314453,
        "mean": 1698.28015137,
        "median": 1758.47375488,
        "min": 199.465835571,
        "var": 552503.4375
    },
    "spectral_complexity": {
        "dmean": 2.80580592155,
        "dmean2": 4.41922140121,
        "dvar": 9.49059867859,
        "dvar2": 21.3827857971,
        "max": 56,
        "mean": 17.2430877686,
        "median": 18,
        "min": 0,
        "var": 77.8017501831
    },
    "spectral_decrease": {
        "dmean": 1.27671540007e-09,
        "dmean2": 1.95743354858e-09,
        "dvar": 2.38952337119e-18,
        "dvar2": 5.70581162887e-18,
        "max": -3.45444996065e-19,
        "mean": -4.68165328726e-09,
        "median": -4.37593206115e-09,
        "min": -2.17709619221e-08,
        "var": 8.22594557801e-18
    },
    "spectral_energy": {
        "dmean": 0.00534655200318,
        "dmean2": 0.00816883146763,
        "dvar": 4.03112135245e-05,
        "dvar2": 9.52060945565e-05,
        "max": 0.0864791870117,
        "mean": 0.0200484730303,
        "median": 0.0186929348856,
        "min": 1.38145311163e-11,
        "var": 0.000150604115333
    },
    "spectral_energyband_high": {
        "dmean": 0.000603091029916,
        "dmean2": 0.000869044219144,
        "dvar": 2.26324937103e-06,
        "dvar2": 4.57925398223e-06,
        "max": 0.0418809838593,
        "mean": 0.00124296441209,
        "median": 0.00061408453621,
        "min": 1.09084356131e-11,
        "var": 4.47205366072e-06
    },
    "spectral_energyband_low": {
        "dmean": 0.000833675148897,
        "dmean2": 0.00134043756407,
        "dvar": 2.8471654332e-06,
        "dvar2": 6.60584737489e-06,
        "max": 0.0383663401008,
        "mean": 0.00206637987867,
        "median": 0.00145085272379,
        "min": 3.00583505568e-13,
        "var": 6.32645424048e-06
    },
    "spectral_energyband_middle_high": {
        "dmean": 0.00291211716831,
        "dmean2": 0.00447863712907,
        "dvar": 1.79341113835e-05,
        "dvar2": 4.19304924435e-05,
        "max": 0.0574924647808,
        "mean": 0.00938820745796,
        "median": 0.00543726701289,
        "min": 1.84478322375e-12,
        "var": 0.000103175822005
    },
    "spectral_energyband_middle_low": {
        "dmean": 0.00311852642335,
        "dmean2": 0.00480158021674,
        "dvar": 2.44204911724e-05,
        "dvar2": 5.99904487899e-05,
        "max": 0.0781130716205,
        "mean": 0.00799409579486,
        "median": 0.00565012311563,
        "min": 5.56251063006e-13,
        "var": 5.61371307413e-05
    },
    "spectral_entropy": {
        "dmean": 0.165204584599,
        "dmean2": 0.235739573836,
        "dvar": 0.0313253365457,
        "dvar2": 0.0584748908877,
        "max": 9.7805891037,
        "mean": 7.49151563644,
        "median": 7.49909830093,
        "min": 5.16852426529,
        "var": 0.240353435278
    },
    "spectral_flux": {
        "dmean": 0.021035477519,
        "dmean2": 0.0335592590272,
        "dvar": 0.000500019174069,
        "dvar2": 0.00117344723549,
        "max": 0.255623668432,
        "mean": 0.0736891552806,
        "median": 0.0684170946479,
        "min": 1.6065505406e-05,
        "var": 0.00153373822104
    },
    "spectral_kurtosis": {
        "dmean": 1.35222768784,
        "dmean2": 2.23707509041,
        "dvar": 2.57205843925,
        "dvar2": 6.7208647728,
        "max": 42.3222846985,
        "mean": 3.86500263214,
        "median": 3.55657672882,
        "min": -1.2582192421,
        "var": 8.38413047791
    },
    "spectral_rms": {
        "dmean": 0.000570458883885,
        "dmean2": 0.000857776496559,
        "dvar": 3.47630731312e-07,
        "dvar2": 7.68992720168e-07,
        "max": 0.0091853113845,
        "mean": 0.00415564514697,
        "median": 0.00427048141137,
        "min": 1.16093026747e-07,
        "var": 2.29012471209e-06
    },
    "spectral_rolloff": {
        "dmean": 622.50378418,
        "dmean2": 1038.72009277,
        "dvar": 1192489.875,
        "dvar2": 2442802.5,
        "max": 17398.828125,
        "mean": 2177.94555664,
        "median": 1787.25585938,
        "min": 43.06640625,
        "var": 2939625
    },
    "spectral_skewness": {
        "dmean": 0.212053567171,
        "dmean2": 0.331457674503,
        "dvar": 0.0480051189661,
        "dvar2": 0.104366116226,
        "max": 5.22253894806,
        "mean": 1.36419403553,
        "median": 1.35717201233,
        "min": -0.388820469379,
        "var": 0.230478093028
    },
    "spectral_spread": {
        "dmean": 576006.5,
        "dmean2": 788963.375,
        "dvar": 731605303296,
        "dvar2": 1.0854786007e+12,
        "max": 40261100,
        "mean": 4642547.5,
        "median": 4139971.25,
        "min": 1297108.875,
        "var": 3.1595715625e+12
    },
    "spectral_strongpeak": {
        "dmean": 0.83145570755,
        "dmean2": 1.35642468929,
        "dvar": 1.13411152363,
        "dvar2": 2.8676264286,
        "max": 12.9032049179,
        "mean": 2.07334733009,
        "median": 1.12533557415,
        "min": 0,
        "var": 4.99308681488
    },
    "zerocrossingrate": {
        "dmean": 0.0114941606298,
        "dmean2": 0.0128753250465,
        "dvar": 0.000257497362327,
        "dvar2": 0.000245118950261,
        "max": 0.62646484375,
        "mean": 0.078282058239,
        "median": 0.0732421875,
        "min": 0.00732421875,
        "var": 0.00177514110692
    },
    "barkbands": {
        "dmean": [2.37882049987e-05, 0.000438576040324, 0.000386667001294, 0.000499205605593, 0.0011756173335, 0.000997185125016, 0.000837937812321, 0.000382227997761, 0.000439559109509, 0.000660818885081, 0.00052016362315, 0.000855450110976, 0.000791839440353, 0.000791030353867, 0.000496472173836, 0.000254613958532, 0.000215096864849, 0.000193592888536, 0.000264675589278, 0.000257120176684, 0.000170424144017, 0.000139026771649, 0.000104319376987, 8.22281726869e-05, 6.3529376348e-05, 2.40174831561e-05, 1.99742444806e-07],
        "dmean2": [4.23755118391e-05, 0.000702405697666, 0.000648857327178, 0.000817200576421, 0.0019005748909, 0.00152545596939, 0.00128580105957, 0.000603178166784, 0.000685874547344, 0.00101750111207, 0.000813763530459, 0.00135026208591, 0.00123302079737, 0.00124322623014, 0.000808503304143, 0.000412291905377, 0.000350182584953, 0.000308246468194, 0.000405924976803, 0.000401786965085, 0.000264884991338, 0.00021327821014, 0.000152887776494, 0.000117098003102, 8.72070231708e-05, 3.51555354428e-05, 3.19260379911e-07],
        "dvar": [1.09417752636e-09, 1.09383017843e-06, 8.7694195372e-07, 1.23741835978e-06, 6.95885182722e-06, 4.69157384941e-06, 5.63345429327e-06, 1.6271419554e-06, 2.75918932857e-06, 4.03191234e-06, 2.67120049102e-06, 4.88777232022e-06, 5.69464782529e-06, 4.81684310216e-06, 1.36588903388e-06, 3.45569873161e-07, 3.35651122896e-07, 1.60206383271e-07, 2.3334865773e-07, 2.80274150555e-07, 2.05845495316e-07, 2.48836954597e-07, 1.12479369818e-07, 9.52173948576e-08, 6.82752414605e-08, 5.96828941823e-09, 7.61348449563e-14],
        "dvar2": [3.08700176532e-09, 2.41384827859e-06, 2.2689907837e-06, 3.26267195305e-06, 1.82746462087e-05, 1.07344694698e-05, 1.36176868182e-05, 3.92160836782e-06, 6.42340273771e-06, 9.27218843572e-06, 6.21857770966e-06, 1.2197740034e-05, 1.35112750286e-05, 1.0638977983e-05, 3.44190607393e-06, 8.56789881709e-07, 7.80384425525e-07, 3.78164941139e-07, 5.06041317294e-07, 6.82104825955e-07, 4.73365616926e-07, 5.66190294649e-07, 2.20372598392e-07, 1.6932297342e-07, 1.04784582788e-07, 1.35477629115e-08, 1.87837660465e-13],
        "max": [0.000616024422925, 0.0233765691519, 0.0272331032902, 0.0215586740524, 0.0571467876434, 0.0575281754136, 0.0579060576856, 0.0530645810068, 0.0477032698691, 0.0429675243795, 0.0330104194582, 0.0396375544369, 0.0507526099682, 0.041753359139, 0.0300623141229, 0.0156956464052, 0.0167345833033, 0.00939081981778, 0.0108669111505, 0.0102530578151, 0.0149540258572, 0.0146243916824, 0.00853798538446, 0.0103439325467, 0.00838677864522, 0.00237472564913, 8.05588388175e-06],
        "mean": [2.5417724828e-05, 0.000859405903611, 0.000761487230193, 0.000946624728385, 0.00226928154007, 0.00183650909457, 0.00138009607326, 0.00057329662377, 0.000631808885373, 0.00100330985151, 0.000817568623461, 0.00187474582344, 0.00149963621516, 0.00149940594565, 0.000825164897833, 0.000429306994192, 0.000389694381738, 0.000341750943335, 0.000580303138122, 0.000538580818102, 0.000291069038212, 0.000219161433051, 0.000175426321221, 0.000141999102198, 0.0001029068153, 3.40541009791e-05, 4.43907424597e-07],
        "median": [1.38562500069e-05, 0.000490464852192, 0.000374672468752, 0.000483415671624, 0.00105667673051, 0.000714666151907, 0.000387701933505, 0.000181522074854, 0.000130163127324, 0.000266450078925, 0.000137940383865, 0.00015163392527, 0.000135399430292, 0.000205868185731, 0.00025559857022, 0.000164612632943, 0.000128389059682, 0.000153631350258, 0.000236521227635, 0.000246754352702, 0.000104380233097, 7.47016456444e-05, 5.36249572178e-05, 3.46666784026e-05, 2.15387426579e-05, 5.6806743487e-06, 3.67028491155e-07],
        "min": [3.72253660189e-13, 1.19946492517e-13, 1.40131936477e-14, 4.61063199542e-15, 5.24513700702e-14, 4.66030141452e-14, 9.20564012931e-14, 7.81628451199e-14, 1.92821331276e-13, 2.38609940183e-13, 1.15712425535e-13, 1.67559258027e-13, 3.40678087954e-13, 1.13910196922e-13, 5.12247579423e-14, 4.02595166406e-14, 1.30183082196e-13, 3.0316455726e-13, 1.25796305339e-13, 4.85983920207e-13, 5.98466263525e-13, 7.24021157698e-13, 9.86556431166e-13, 1.19580278839e-12, 1.08799406116e-12, 2.78195804067e-12, 3.34094731047e-12],
        "var": [1.23931087614e-09, 1.85068847713e-06, 1.47297816966e-06, 2.17037268158e-06, 1.39865460369e-05, 1.15154098239e-05, 9.74250906438e-06, 2.30763112086e-06, 4.34154662798e-06, 6.90622255206e-06, 4.76730656374e-06, 2.02371429623e-05, 1.89546062757e-05, 1.64371085702e-05, 3.15013539876e-06, 6.7180599217e-07, 9.19127558063e-07, 3.56650986078e-07, 7.66845460021e-07, 5.71579391817e-07, 3.40496370654e-07, 3.26867279909e-07, 2.16233203787e-07, 2.17226798327e-07, 1.68104833165e-07, 9.17507225751e-09, 1.65662703824e-13]
    },
    "erbbands": {
        "dmean": [0.0107480296865, 0.111514598131, 0.390109449625, 1.02537691593, 3.0604403019, 4.2973613739, 5.17488670349, 9.01491641998, 11.836681366, 11.0100927353, 7.31940364838, 10.8076591492, 16.6441421509, 19.9851760864, 21.4314517975, 41.2097549438, 36.5429344177, 38.8882637024, 23.9688968658, 21.0648994446, 12.3540792465, 8.9818649292, 7.71100950241, 13.2719211578, 12.7390813828, 13.0837841034, 8.8405418396, 4.98566436768, 4.71942234039, 4.49758577347, 2.84305095673, 2.09618234634, 1.18104851246, 0.864841282368, 0.378377795219, 0.15540510416, 0.0363006591797, 0.0014856174821, 7.24882411305e-05, 9.27866130951e-06],
        "dmean2": [0.0170553661883, 0.179751291871, 0.651862800121, 1.68440818787, 5.08018255234, 6.90899419785, 8.09431743622, 13.696390152, 18.0625267029, 17.2122650146, 11.3687877655, 16.8149414062, 25.880853653, 30.6959171295, 32.4985160828, 65.0007019043, 56.0432662964, 61.3688964844, 38.1932487488, 34.0580558777, 19.9924640656, 14.2138462067, 12.1658086777, 20.8437080383, 19.0814208984, 20.2939758301, 13.693898201, 7.83080816269, 7.30131292343, 6.75540924072, 4.0934586525, 3.06395363808, 1.65675008297, 1.20703458786, 0.520605623722, 0.224680900574, 0.0537163428962, 0.00216565001756, 0.000108492291474, 1.35009831865e-05],
        "dvar": [0.0009308232693, 0.0669839978218, 0.808081567287, 4.91848802567, 65.6557769775, 97.7278289795, 120.564224243, 454.327941895, 1066.27062988, 1131.7454834, 542.461914062, 2108.03222656, 2379.13085938, 4695.47167969, 3601.81054688, 9721.85253906, 10567.1191406, 11721.78125, 3953.9296875, 1686.07348633, 902.414367676, 637.255187988, 229.192123413, 656.84552002, 668.892272949, 679.722839355, 494.753875732, 286.880981445, 309.421173096, 248.108779907, 77.5464019775, 62.1821403503, 19.0586528778, 13.8918743134, 2.3738155365, 0.299399226904, 0.0117620248348, 2.47454318014e-05, 2.14480344596e-08, 1.73231026745e-10],
        "dvar2": [0.00199169921689, 0.155253231525, 2.12022447586, 12.8475198746, 184.04309082, 239.09765625, 283.849884033, 1035.51416016, 2563.5480957, 2817.79980469, 1228.00378418, 4948.6484375, 5589.5546875, 10489.5478516, 8024.97070312, 24626.0761719, 25664.875, 27730.5, 9298.09082031, 4364.02246094, 2173.95776367, 1396.76477051, 560.471069336, 1511.73608398, 1356.84558105, 1631.9642334, 1159.22216797, 683.864746094, 715.083984375, 542.127441406, 143.992584229, 118.656547546, 33.8940315247, 23.1819610596, 3.97107982635, 0.647345840931, 0.0272084996104, 5.84988629271e-05, 4.7000273895e-08, 3.34215904951e-10],
        "max": [0.70389097929, 5.1776008606, 23.1475563049, 64.5138168335, 177.594543457, 231.734268188, 230.690292358, 488.467163086, 788.173461914, 1062.42529297, 804.996337891, 1384.37475586, 1344.46984863, 1751.93395996, 1325.52355957, 1633.61779785, 2278.59350586, 2404.22338867, 1866.24987793, 750.260437012, 958.227783203, 1063.39770508, 298.602508545, 499.658905029, 560.630859375, 468.794158936, 523.445983887, 644.697875977, 559.768310547, 445.838409424, 235.532714844, 270.05645752, 150.134979248, 123.516921997, 56.0864906311, 18.1404647827, 4.48731946945, 0.241642579436, 0.00640766322613, 0.000352897448465],
        "mean": [0.0173023510724, 0.221961095929, 0.818523585796, 2.16467165947, 5.58320379257, 7.84152698517, 9.4034986496, 16.4779281616, 20.5613822937, 18.0207958221, 11.4066181183, 15.5769491196, 25.4299850464, 31.6646327972, 37.3692817688, 94.8283691406, 76.6051025391, 86.380897522, 44.6553573608, 36.9947319031, 24.3410511017, 18.5855846405, 16.0270271301, 26.2802581787, 30.4466094971, 28.4214267731, 17.1416759491, 8.25708770752, 7.44760847092, 7.13348817825, 4.86834001541, 3.51522088051, 2.00378966331, 1.41018772125, 0.569344580173, 0.224659800529, 0.0519511289895, 0.00231387163512, 0.000163146207342, 3.35260519932e-05],
        "median": [0.0070601911284, 0.129662260413, 0.440238326788, 1.28457796574, 2.67179322243, 3.08411979675, 4.15383148193, 5.78324317932, 6.41149187088, 6.33078145981, 4.17747116089, 3.84075331688, 8.60682868958, 8.55045032501, 11.6397075653, 11.1445770264, 12.5015296936, 15.3340778351, 14.2257442474, 17.1888446808, 11.1880512238, 6.85208654404, 8.27455997467, 13.3357210159, 11.287940979, 12.9231405258, 6.47741699219, 3.15225720406, 2.50628376007, 2.31557178497, 1.49877083302, 0.859050691128, 0.492014497519, 0.315032631159, 0.103069998324, 0.0375776104629, 0.00848474912345, 0.000590519339312, 0.00011185619951, 3.02114731312e-05],
        "min": [8.05654588182e-12, 1.29008409858e-11, 1.7110873482e-11, 1.75812420178e-11, 4.40187053474e-11, 2.09627148973e-10, 4.61002680474e-10, 3.18742227057e-10, 8.29127766444e-10, 1.79433634617e-09, 2.40732078716e-09, 4.21833545872e-09, 7.13632308802e-09, 5.19373966057e-09, 7.1827117587e-09, 5.94945870347e-09, 1.58812039075e-08, 7.0683161546e-09, 4.67634420076e-09, 2.26758656297e-09, 3.21597126707e-09, 6.89683510302e-09, 1.0641900694e-08, 1.14714779897e-08, 1.47775942594e-08, 2.12433093338e-08, 2.55395136151e-08, 2.0988345284e-08, 2.37461357244e-08, 3.50684032924e-08, 2.1928689975e-08, 2.55702534702e-08, 2.07480042036e-08, 1.1157275992e-08, 1.01102850536e-08, 9.78334213642e-09, 5.90182969162e-09, 1.66053537587e-09, 5.86955206661e-10, 4.11973025138e-11],
        "var": [0.00132284243591, 0.112860321999, 1.45638525486, 8.52979564667, 86.2325210571, 241.170410156, 276.519622803, 1104.77624512, 2054.21704102, 1941.56201172, 780.393798828, 3006.05664062, 3471.73779297, 8507.42675781, 6732.90039062, 44277.3867188, 38170.1054688, 54745.3476562, 10316.3300781, 3323.22705078, 2158.90087891, 2316.00561523, 647.355041504, 1435.84851074, 2437.39941406, 1548.24694824, 972.32598877, 361.348480225, 384.888885498, 379.496307373, 163.860366821, 130.060348511, 43.0702171326, 31.9809455872, 5.32737207413, 0.506488323212, 0.0193230062723, 3.60032572644e-05, 4.57867095349e-08, 6.21483975394e-10]
    },
    "gfcc": {
        "mean": [-10.370054245, 75.7021484375, -132.436477661, 31.2057151794, -63.3617935181, 10.9293136597, -41.1418113708, -1.3703725338, -32.0004615784, 3.32314801216, -11.7518625259, -2.76609492302, -11.8962125778],
        "cov": [[7578.22607422, -589.858337402, -900.683654785, 272.72064209, -148.25994873, 397.884002686, -89.3899841309, 270.993499756, -276.682312012, 257.199462891, -9.27091312408, -29.5838546753, -15.7400169373], [-589.858337402, 1159.99719238, 59.299407959, -77.5599594116, 148.523086548, -291.990509033, 93.8778991699, -169.9037323, 40.8874702454, -159.701782227, 80.4233093262, -98.5323944092, -6.34456157684], [-900.683654785, 59.299407959, 1072.4407959, 195.1771698, -140.08770752, 41.2183914185, -197.14175415, -1.93421018124, 30.5900802612, -47.5094413757, -114.888221741, 76.2684631348, -69.3103485107], [272.72064209, -77.5599594116, 195.1771698, 345.514526367, 20.1223716736, 46.0899009705, -9.08727931976, 8.05607509613, 45.2962379456, 1.65182769299, -24.5991287231, 12.9887390137, -1.6349285841], [-148.25994873, 148.523086548, -140.08770752, 20.1223716736, 375.985107422, 77.6373901367, 119.386665344, 38.6569824219, -35.9366607666, 67.7620849609, 44.7714195251, -52.4400863647, 2.06112313271], [397.884002686, -291.990509033, 41.2183914185, 46.0899009705, 77.6373901367, 315.684967041, 53.5614395142, 56.1283378601, -49.8858070374, 87.178604126, -6.18392896652, -15.7275733948, -15.5221261978], [-89.3899841309, 93.8778991699, -197.14175415, -9.08727931976, 119.386665344, 53.5614395142, 216.649536133, 10.7529621124, -30.0181045532, 24.5249767303, 61.4142570496, -45.5413360596, 4.53190040588], [270.993499756, -169.9037323, -1.93421018124, 8.05607509613, 38.6569824219, 56.1283378601, 10.7529621124, 199.013748169, 35.4057273865, 45.2449455261, -14.9869022369, 29.2889156342, 11.5324525833], [-276.682312012, 40.8874702454, 30.5900802612, 45.2962379456, -35.9366607666, -49.8858070374, -30.0181045532, 35.4057273865, 182.49005127, -17.812210083, -34.9666252136, 17.571138382, 14.4391736984], [257.199462891, -159.701782227, -47.5094413757, 1.65182769299, 67.7620849609, 87.178604126, 24.5249767303, 45.2449455261, -17.812210083, 145.778305054, 32.1909255981, -5.56955862045, -8.57159328461], [-9.27091312408, 80.4233093262, -114.888221741, -24.5991287231, 44.7714195251, -6.18392896652, 61.4142570496, -14.9869022369, -34.9666252136, 32.1909255981, 138.011383057, -11.6208763123, 5.68769550323], [-29.5838546753, -98.5323944092, 76.2684631348, 12.9887390137, -52.4400863647, -15.7275733948, -45.5413360596, 29.2889156342, 17.571138382, -5.56955862045, -11.6208763123, 106.459663391, 21.1369743347], [-15.7400169373, -6.34456157684, -69.3103485107, -1.6349285841, 2.06112313271, -15.5221261978, 4.53190040588, 11.5324525833, 14.4391736984, -8.57159328461, 5.68769550323, 21.1369743347, 82.0953063965]],
        "icov": [[0.000481195485918, -0.000931115006097, 0.00117109413259, -0.00121451506857, 0.00120712362695, -0.00117747893091, 0.00133357173763, -0.00128358788788, 0.00145542074461, -0.00112526468001, 0.000732715183403, -0.000396223680582, 0.000516365980729], [-0.000931115006097, 0.00436167232692, -0.00325756752864, 0.00320155313239, -0.00398264778778, 0.00434998888522, -0.00382577837445, 0.00380386132747, -0.00387670262717, 0.00421253312379, -0.00284376810305, 0.00251870066859, -0.00125842052512], [0.00117109413259, -0.00325756752864, 0.00470693828538, -0.00400311592966, 0.00368721177801, -0.00402783416212, 0.00472896592692, -0.00362175004557, 0.00406147586182, -0.0030773372855, 0.0027437414974, -0.002390722977, 0.00265034753829], [-0.00121451506857, 0.00320155313239, -0.00400311592966, 0.00686672283337, -0.00399088533595, 0.00315159908496, -0.00414924509823, 0.00400906475261, -0.0050558866933, 0.00351697765291, -0.00224559078924, 0.00141184218228, -0.00181789777707], [0.00120712362695, -0.00398264778778, 0.00368721177801, -0.00399088533595, 0.00776610290632, -0.00439846189693, 0.00275715673342, -0.00466955965385, 0.00477074785158, -0.00520303379744, 0.00261480244808, -0.000856355356518, 0.00109128863551], [-0.00117747893091, 0.00434998888522, -0.00402783416212, 0.00315159908496, -0.00439846189693, 0.0091600175947, -0.00544460210949, 0.00334980967455, -0.00307344831526, 0.0019669290632, -0.00172106188256, 0.00284034316428, -0.00142116216011], [0.00133357173763, -0.00382577837445, 0.00472896592692, -0.00414924509823, 0.00275715673342, -0.00544460210949, 0.0117591321468, -0.00468280212954, 0.00470847496763, -0.0029356405139, 0.000408819527365, -0.000407478102716, 0.00172185804695], [-0.00128358788788, 0.00380386132747, -0.00362175004557, 0.00400906475261, -0.00466955965385, 0.00334980967455, -0.00468280212954, 0.0105471005663, -0.00593012571335, 0.00241998513229, -0.00170678505674, -0.000133673296659, -0.00195417948999], [0.00145542074461, -0.00387670262717, 0.00406147586182, -0.0050558866933, 0.00477074785158, -0.00307344831526, 0.00470847496763, -0.00593012571335, 0.0116400355473, -0.00428252434358, 0.00417360244319, -0.00179490400478, 0.000858511542901], [-0.00112526468001, 0.00421253312379, -0.0030773372855, 0.00351697765291, -0.00520303379744, 0.0019669290632, -0.0029356405139, 0.00241998513229, -0.00428252434358, 0.0141323776916, -0.00532919261605, 0.00203616544604, -1.98560683202e-05], [0.000732715183403, -0.00284376810305, 0.0027437414974, -0.00224559078924, 0.00261480244808, -0.00172106188256, 0.000408819527365, -0.00170678505674, 0.00417360244319, -0.00532919261605, 0.0116347316653, -0.00223844172433, 0.000498341803905], [-0.000396223680582, 0.00251870066859, -0.002390722977, 0.00141184218228, -0.000856355356518, 0.00284034316428, -0.000407478102716, -0.000133673296659, -0.00179490400478, 0.00203616544604, -0.00223844172433, 0.014006247744, -0.00419459631667], [0.000516365980729, -0.00125842052512, 0.00265034753829, -0.00181789777707, 0.00109128863551, -0.00142116216011, 0.00172185804695, -0.00195417948999, 0.000858511542901, -1.98560683202e-05, 0.000498341803905, -0.00419459631667, 0.0151598509401]]
    },
    "melbands": {
        "dmean": [0.000106723069621, 0.000178416681592, 0.000225253257668, 0.000268246250926, 0.000179361071787, 0.000202012452064, 0.000178360423888, 0.000112494795758, 6.01285209996e-05, 6.86555285938e-05, 8.45518370625e-05, 8.27710537123e-05, 7.35347857699e-05, 9.3786540674e-05, 0.000105559367512, 7.39792812965e-05, 7.80137706897e-05, 4.13318703067e-05, 3.17690937663e-05, 2.34365852521e-05, 1.54417284648e-05, 1.14047825264e-05, 7.88922261563e-06, 9.449980098e-06, 1.21773909996e-05, 1.00817387647e-05, 8.24792732601e-06, 9.44819839788e-06, 6.93377933203e-06, 3.70015823137e-06, 2.90293723992e-06, 2.66983329311e-06, 3.00600527225e-06, 2.40960071096e-06, 1.80921915671e-06, 1.34536458063e-06, 1.33871049002e-06, 9.04957232706e-07, 7.57523309858e-07, 7.67594599438e-07],
        "dmean2": [0.000169804334291, 0.000292108248686, 0.000369256507838, 0.000437323236838, 0.000279012107057, 0.000307101756334, 0.000271867465926, 0.000176604939043, 9.35443167691e-05, 0.000107277839561, 0.000131664928631, 0.000127220962895, 0.000112945788715, 0.000146882011904, 0.000159358110977, 0.000111405010102, 0.000122883022414, 6.44955871394e-05, 5.06523610966e-05, 3.80910096283e-05, 2.51690271398e-05, 1.8176060621e-05, 1.24847301777e-05, 1.50553223648e-05, 1.92216157302e-05, 1.54440003826e-05, 1.25090746224e-05, 1.48469271153e-05, 1.08459325929e-05, 5.80924188398e-06, 4.61137142338e-06, 4.20060587203e-06, 4.68106054541e-06, 3.66410677088e-06, 2.67026416623e-06, 1.99654300559e-06, 1.98094744519e-06, 1.30918976993e-06, 1.0432407862e-06, 1.09186703412e-06],
        "dvar": [7.65294672078e-08, 1.53332152308e-07, 2.58015035115e-07, 4.36031456275e-07, 1.29048146391e-07, 2.104436021e-07, 2.30193990092e-07, 1.18096707524e-07, 3.45577397809e-08, 8.60420854565e-08, 6.4631137775e-08, 8.39694465071e-08, 4.97957444168e-08, 6.09650498973e-08, 6.47493862971e-08, 4.41008047858e-08, 4.70260559382e-08, 1.24450689754e-08, 6.12596195992e-09, 2.11924922056e-09, 1.86912374467e-09, 1.24959331771e-09, 3.24589549683e-10, 3.70345809575e-10, 5.95541727044e-10, 4.50132181529e-10, 2.50977350014e-10, 4.29743296504e-10, 3.00904551276e-10, 1.19764767548e-10, 1.01838204536e-10, 9.49385708937e-11, 1.22655802182e-10, 6.75565922648e-11, 3.03726557793e-11, 2.02745511352e-11, 2.99889245381e-11, 1.17814698969e-11, 8.21531211115e-12, 1.23402598903e-11],
        "dvar2": [1.61382757824e-07, 3.86405787367e-07, 6.94458094586e-07, 1.18010598271e-06, 2.99718294627e-07, 4.76664951066e-07, 5.45511227301e-07, 2.94526500966e-07, 7.70173826936e-08, 2.02007385042e-07, 1.52269265641e-07, 1.87107744409e-07, 1.12809509289e-07, 1.43032323763e-07, 1.4689044292e-07, 1.01418351051e-07, 1.0680862772e-07, 2.74061839889e-08, 1.44375045252e-08, 5.38840749797e-09, 4.41624870007e-09, 2.7211035647e-09, 7.8282436089e-10, 9.01626606709e-10, 1.37685218782e-09, 9.82995018717e-10, 5.30267496579e-10, 1.0732909006e-09, 7.1927952483e-10, 2.81640905042e-10, 2.4451340952e-10, 2.2278112688e-10, 2.81222378717e-10, 1.48374867948e-10, 5.91706544872e-11, 3.80048770232e-11, 5.94582924562e-11, 2.26108264056e-11, 1.4346419018e-11, 2.23932070803e-11],
        "max": [0.00665287999436, 0.00890168733895, 0.0105244340375, 0.0115325078368, 0.0109825981781, 0.0108777387068, 0.0124541250989, 0.00991963688284, 0.00544978352264, 0.00929990690202, 0.00685986923054, 0.00749055948108, 0.00446898723021, 0.00480592437088, 0.0053705596365, 0.00509826419875, 0.00501732854173, 0.00336089078337, 0.00241351104341, 0.000789136625826, 0.00146244978532, 0.00142968900036, 0.000431896361988, 0.000380332727218, 0.000493031810038, 0.000467844278319, 0.000428223051131, 0.000423341058195, 0.000372029608116, 0.00040711107431, 0.000363369297702, 0.000315284298267, 0.000324056629324, 0.000220774818445, 0.00015230133431, 0.000158728289534, 0.000183324315003, 0.000120460026665, 9.146364755e-05, 0.000117628987937],
        "mean": [0.000198988171178, 0.00039103787276, 0.000474993314128, 0.000495725194924, 0.000340308004525, 0.000372937385691, 0.000311492069159, 0.000180424118298, 9.07796857064e-05, 9.5999756013e-05, 0.000126372557133, 0.000125526858028, 0.000118361931527, 0.00019948737463, 0.000219702691538, 0.000143598852446, 0.00016176943609, 6.93021065672e-05, 5.19281711604e-05, 4.08711530326e-05, 2.79423620668e-05, 2.09739737329e-05, 1.41763093779e-05, 1.68657279573e-05, 2.11935021071e-05, 2.29410015891e-05, 1.8519895093e-05, 1.8447801267e-05, 1.2317738765e-05, 5.86934720559e-06, 4.3676277528e-06, 4.00964427172e-06, 4.50451079814e-06, 3.67460552297e-06, 2.93638140647e-06, 2.22863536692e-06, 2.12955274037e-06, 1.4219830291e-06, 1.25571489207e-06, 1.17152637813e-06],
        "median": [0.00010566302808, 0.000233061917243, 0.000288048060611, 0.000219141875277, 0.000151845844812, 0.000133791050757, 9.49244713411e-05, 6.07526417298e-05, 2.91965006909e-05, 2.17230208364e-05, 3.9128732169e-05, 2.66822025878e-05, 2.12150098378e-05, 2.15875788854e-05, 2.20899983105e-05, 1.54279168783e-05, 1.95639313461e-05, 1.60778145073e-05, 1.78611990123e-05, 1.52935608639e-05, 9.57811789704e-06, 6.49121693641e-06, 5.20675166626e-06, 8.17390082375e-06, 9.17303623282e-06, 6.9747593443e-06, 8.04593310022e-06, 7.79061883804e-06, 3.90650438931e-06, 2.12986242332e-06, 1.42849842177e-06, 1.283696065e-06, 1.35771904297e-06, 1.08364395146e-06, 9.02600106656e-07, 5.79591471705e-07, 4.62946189828e-07, 3.15111464033e-07, 3.07955275503e-07, 2.33339335409e-07],
        "min": [7.07598991337e-14, 1.12090563475e-14, 3.28959814033e-15, 8.36765383274e-15, 1.53252180369e-14, 7.21837327189e-15, 1.48137168629e-14, 1.87416356441e-14, 2.38697171024e-14, 2.5830203658e-14, 3.60928938104e-14, 2.17514249207e-14, 1.96087568248e-14, 2.16975400727e-14, 2.18069462363e-14, 3.40153422194e-14, 1.00442742367e-14, 8.63665201503e-15, 3.32615925871e-15, 2.68762982417e-15, 4.13635580188e-15, 7.24860048964e-15, 7.63138568993e-15, 1.47712161377e-14, 8.44551310125e-15, 5.94989696414e-15, 1.73665267822e-14, 1.32475902129e-14, 1.48967481146e-14, 1.44019029965e-14, 1.25790465893e-14, 1.13944328961e-14, 1.61430012424e-14, 2.27106067242e-14, 1.29158777112e-14, 1.14238164691e-14, 1.67664649254e-14, 1.5391242561e-14, 1.02535320322e-14, 8.47937578442e-15],
        "var": [1.21826587929e-07, 2.96816324408e-07, 4.02087067641e-07, 7.18639000752e-07, 3.4910362956e-07, 5.35727849638e-07, 4.482353404e-07, 1.97242684408e-07, 5.3060869476e-08, 1.18038812502e-07, 9.3489333608e-08, 1.54826267362e-07, 9.64148156868e-08, 2.23816911671e-07, 2.40607135993e-07, 1.47718068888e-07, 2.02374067726e-07, 2.95396187511e-08, 1.23758630011e-08, 4.51088721931e-09, 4.34138769378e-09, 3.91931598287e-09, 8.84044892846e-10, 7.98726917939e-10, 1.15918941113e-09, 1.67774272253e-09, 7.59039275877e-10, 7.60604412786e-10, 5.57153767566e-10, 1.65659236329e-10, 1.25199309253e-10, 1.14968520815e-10, 1.58116852944e-10, 1.05285259677e-10, 6.00339292167e-11, 4.16122448998e-11, 5.86278664505e-11, 2.38165390187e-11, 1.85140253822e-11, 2.60312917055e-11]
    },
    "mfcc": {
        "mean": [-649.729431152, 103.345161438, -9.10914230347, 20.3947887421, -2.56611132622, 5.60089302063, 0.403827577829, -5.71832609177, -12.0625219345, 0.186943784356, -6.1193614006, -4.37519598007, 2.16597437859],
        "cov": [[7875.63769531, -886.552429199, -764.597900391, -94.0764465332, -102.663841248, 2.13332271576, 239.385177612, -43.4391174316, 19.3291816711, 226.625595093, 32.9915657043, -73.3806304932, 32.2528152466], [-886.552429199, 1160.2689209, -94.2275085449, 120.747795105, -1.62820529938, -74.043006897, 7.32318258286, -28.9178619385, -112.237678528, -20.8138790131, -33.8746452332, -27.6634101868, -2.46113705635], [-764.597900391, -94.2275085449, 1041.01989746, 71.1835098267, 99.5498962402, 40.6252746582, -214.128463745, 45.498878479, -12.4425811768, -127.064147949, -5.94919061661, 6.01464653015, -51.3028297424], [-94.0764465332, 120.747795105, 71.1835098267, 304.433532715, 59.0183944702, 12.017326355, -22.522403717, 15.1589212418, 3.89313220978, -19.1323204041, -12.5899753571, 20.9225826263, 10.1082010269], [-102.663841248, -1.62820529938, 99.5498962402, 59.0183944702, 238.194274902, 44.4895591736, 30.063615799, 18.0892162323, 47.7635307312, 24.9449863434, 26.3357963562, 16.8273487091, -3.90531873703], [2.13332271576, -74.043006897, 40.6252746582, 12.017326355, 44.4895591736, 219.386444092, 85.5882110596, -8.73061752319, 18.592590332, 29.2899627686, 37.845615387, -2.48127579689, -36.7416496277], [239.385177612, 7.32318258286, -214.128463745, -22.522403717, 30.063615799, 85.5882110596, 338.439300537, -22.3249378204, -13.9737968445, 78.383605957, 29.4767036438, 17.7526035309, 26.6279163361], [-43.4391174316, -28.9178619385, 45.498878479, 15.1589212418, 18.0892162323, -8.73061752319, -22.3249378204, 130.186264038, 46.653263092, 1.30846130848, 7.2275147438, -6.6456413269, 8.80731582642], [19.3291816711, -112.237678528, -12.4425811768, 3.89313220978, 47.7635307312, 18.592590332, -13.9737968445, 46.653263092, 145.707794189, 38.081867218, 19.3639717102, 6.66742897034, -13.731171608], [226.625595093, -20.8138790131, -127.064147949, -19.1323204041, 24.9449863434, 29.2899627686, 78.383605957, 1.30846130848, 38.081867218, 147.50680542, 46.0866241455, -17.8118171692, -4.32983589172], [32.9915657043, -33.8746452332, -5.94919061661, -12.5899753571, 26.3357963562, 37.845615387, 29.4767036438, 7.2275147438, 19.3639717102, 46.0866241455, 111.426651001, 23.1751766205, -24.7302360535], [-73.3806304932, -27.6634101868, 6.01464653015, 20.9225826263, 16.8273487091, -2.48127579689, 17.7526035309, -6.6456413269, 6.66742897034, -17.8118171692, 23.1751766205, 122.351425171, 40.0916290283], [32.2528152466, -2.46113705635, -51.3028297424, 10.1082010269, -3.90531873703, -36.7416496277, 26.6279163361, 8.80731582642, -13.731171608, -4.32983589172, -24.7302360535, 40.0916290283, 120.977630615]],
