{
"lowlevel": {
    "average_loudness": 0.770353257656,
    "barkbands_crest": {
        "dmean": 1.97568106651,
        "dmean2": 3.26955962181,
        "dvar": 3.68750309944,
        "dvar2": 9.75854587555,
        "max": 26.6231174469,
        "mean": 8.62368965149,
        "median": 7.62872838974,
        "min": 2.39855289459,
        "var": 13.0759811401
    },
    "barkbands_flatness_db": {
        "dmean": 0.0151145290583,
        "dmean2": 0.0240337923169,
        "dvar": 0.000207459743251,
        "dvar2": 0.000471875595395,
        "max": 0.508046448231,
        "mean": 0.147837623954,
        "median": 0.13680164516,
        "min": 0.0425737835467,
        "var": 0.00365394144319
    },
    "barkbands_kurtosis": {
        "dmean": 2.4802634716,
        "dmean2": 3.92671132088,
        "dvar": 63.9467163086,
        "dvar2": 129.290390015,
        "max": 428.148284912,
        "mean": 5.77385425568,
        "median": 2.27894306183,
        "min": -1.8555059433,
        "var": 350.367279053
    },
    "barkbands_skewness": {
        "dmean": 0.384180754423,
        "dmean2": 0.604600012302,
        "dvar": 0.205311506987,
        "dvar2": 0.453885734081,
        "max": 16.6889133453,
        "mean": 1.17755556107,
        "median": 1.20037472248,
        "min": -2.28001284599,
        "var": 2.65451407433
    },
    "barkbands_spread": {
        "dmean": 3.71715736389,
        "dmean2": 5.80352735519,
        "dvar": 19.4084815979,
        "dvar2": 39.4630050659,
        "max": 93.591506958,
        "mean": 19.0291194916,
        "median": 17.7987880707,
        "min": 0.217723369598,
        "var": 130.643737793
    },
    "dissonance": {
        "dmean": 0.0202235113829,
        "dmean2": 0.0341590233147,
        "dvar": 0.000466455763672,
        "dvar2": 0.00130120059475,
        "max": 0.5,
        "mean": 0.45459240675,
        "median": 0.46516880393,
        "min": 0.159095570445,
        "var": 0.00176343205385
    },
    "dynamic_complexity": 3.04278206825,
    "erbbands_crest": {
        "dmean": 2.31764864922,
        "dmean2": 3.73056530952,
        "dvar": 5.2660779953,
        "dvar2": 13.0118141174,
        "max": 32.0537757874,
        "mean": 9.08396244049,
        "median": 8.06066226959,
        "min": 2.37350130081,
        "var": 22.114812851
    },
    "erbbands_flatness_db": {
        "dmean": 0.0137320859358,
        "dmean2": 0.0204013362527,
        "dvar": 0.00017877110804,
        "dvar2": 0.000347301102011,
        "max": 0.467204064131,
        "mean": 0.179709509015,
        "median": 0.177954748273,
        "min": 0.0604097954929,
        "var": 0.00280401017517
    },
    "erbbands_kurtosis": {
        "dmean": 1.15702903271,
        "dmean2": 1.81550121307,
        "dvar": 13.1191101074,
        "dvar2": 24.3455638885,
        "max": 278.429626465,
        "mean": 1.83506381512,
        "median": -0.0826652050018,
        "min": -1.91949224472,
        "var": 100.807830811
    },
    "erbbands_skewness": {
        "dmean": 0.326760619879,
        "dmean2": 0.512071549892,
        "dvar": 0.115899138153,
        "dvar2": 0.246738940477,
        "max": 12.693564415,
        "mean": 0.548403501511,
        "median": 0.379310250282,
        "min": -2.51844453812,
        "var": 1.31606888771
    },
    "erbbands_spread": {
        "dmean": 5.57043743134,
        "dmean2": 8.67527580261,
        "dvar": 41.9033203125,
        "dvar2": 90.832572937,
        "max": 122.281799316,
        "mean": 33.2637138367,
        "median": 33.3853721619,
        "min": 0.697934150696,
        "var": 216.655502319
    },
    "hfc": {
        "dmean": 3.91183567047,
        "dmean2": 5.78967285156,
        "dvar": 34.025138855,
        "dvar2": 69.6718139648,
        "max": 107.703773499,
        "mean": 16.7488708496,
        "median": 10.6342592239,
        "min": 1.03172477563e-16,
        "var": 285.141143799
    },
    "melbands_crest": {
        "dmean": 2.49535560608,
        "dmean2": 4.11914682388,
        "dvar": 5.98328447342,
        "dvar2": 15.5434846878,
        "max": 34.908870697,
        "mean": 11.2748222351,
        "median": 10.7695827484,
        "min": 1.01076447964,
        "var": 31.5956954956
    },
    "melbands_flatness_db": {
        "dmean": 0.0167375728488,
        "dmean2": 0.0258224066347,
        "dvar": 0.000303847948089,
        "dvar2": 0.000661732337903,
        "max": 0.58393830061,
        "mean": 0.18039098382,
        "median": 0.176975265145,
        "min": 2.00187582777e-06,
        "var": 0.00876913312823
    },
    "melbands_kurtosis": {
        "dmean": 4.09073638916,
        "dmean2": 6.39036178589,
        "dvar": 121.023536682,
        "dvar2": 247.797012329,
        "max": 641.234008789,
        "mean": 10.8306531906,
        "median": 5.24979877472,
        "min": -1.61775040627,
        "var": 1109.46008301
    },
    "melbands_skewness": {
        "dmean": 0.452005565166,
        "dmean2": 0.711929261684,
        "dvar": 0.280654788017,
        "dvar2": 0.660133481026,
        "max": 16.6652889252,
        "mean": 1.97320795059,
        "median": 1.83417701721,
        "min": -0.766957938671,
        "var": 2.56607604027
    },
    "melbands_spread": {
        "dmean": 5.73832893372,
        "dmean2": 9.17107009888,
        "dvar": 48.3627204895,
        "dvar2": 115.804595947,
        "max": 166.328735352,
        "mean": 32.9155921936,
        "median": 20.708524704,
        "min": 0.202335432172,
        "var": 1351.66040039
    },
    "pitch_salience": {
        "dmean": 0.0532223843038,
        "dmean2": 0.0875909551978,
        "dvar": 0.00265732151456,
        "dvar2": 0.00706084212288,
        "max": 0.997698307037,
        "mean": 0.600054204464,
        "median": 0.596133887768,
        "min": 0.0496725440025,
        "var": 0.015386749059
    },
    "silence_rate_20dB": {
        "dmean": 0,
        "dmean2": 0,
        "dvar": 0,
        "dvar2": 0,
        "max": 1,
        "mean": 1,
        "median": 1,
        "min": 1,
        "var": 0
    },
    "silence_rate_30dB": {
        "dmean": 0.000437828362919,
        "dmean2": 0.000875752593856,
        "dvar": 0.000437669194071,
        "dvar2": 0.00109405373223,
        "max": 1,
        "mean": 0.999671638012,
        "median": 1,
        "min": 0,
        "var": 0.000328188791173
    },
    "silence_rate_60dB": {
        "dmean": 0.0076619964093,
        "dmean2": 0.0153256701306,
        "dvar": 0.00760306231678,
        "dvar2": 0.0172809492797,
        "max": 1,
        "mean": 0.153989270329,
        "median": 0,
        "min": 0,
        "var": 0.130301147699
    },
    "spectral_centroid": {
        "dmean": 205.034591675,
        "dmean2": 324.0050354,
        "dvar": 58599.8242188,
        "dvar2": 132404.625,
        "max": 12016.1835938,
        "mean": 2239.43408203,
        "median": 1221.57958984,
        "min": 250.212936401,
        "var": 9213017
    },
    "spectral_complexity": {
        "dmean": 2.32289838791,
        "dmean2": 3.76091957092,
        "dvar": 8.06548309326,
        "dvar2": 20.3522281647,
        "max": 56,
        "mean": 15.7792491913,
        "median": 15,
        "min": 0,
        "var": 101.117660522
    },
    "spectral_decrease": {
        "dmean": 1.29454580389e-09,
        "dmean2": 2.05154715438e-09,
        "dvar": 3.40369581263e-18,
        "dvar2": 8.28949372857e-18,
        "max": 2.51248226082e-28,
        "mean": -4.91148588466e-09,
        "median": -4.37690772515e-09,
        "min": -3.54336613384e-08,
        "var": 1.45074906296e-17
    },
    "spectral_energy": {
        "dmean": 0.0051560299471,
        "dmean2": 0.00815277639776,
        "dvar": 5.32366684638e-05,
        "dvar2": 0.000128722313093,
        "max": 0.139101803303,
        "mean": 0.0200562812388,
        "median": 0.0176962353289,
        "min": 9.80038823771e-21,
        "var": 0.000241638757871
    },
    "spectral_energyband_high": {
        "dmean": 0.000231096055359,
        "dmean2": 0.000332926458213,
        "dvar": 2.49010696507e-07,
        "dvar2": 4.86654585075e-07,
        "max": 0.0157265793532,
        "mean": 0.000693698297255,
        "median": 0.000179867012776,
        "min": 6.72423117101e-21,
        "var": 1.69848829046e-06
    },
    "spectral_energyband_low": {
        "dmean": 0.0016603973927,
        "dmean2": 0.00274033471942,
        "dvar": 1.7855236365e-05,
        "dvar2": 4.72821193398e-05,
        "max": 0.0724724829197,
        "mean": 0.00369136314839,
        "median": 0.00194654788356,
        "min": 1.01628193113e-23,
        "var": 2.95293393719e-05
    },
    "spectral_energyband_middle_high": {
        "dmean": 0.00121267396025,
        "dmean2": 0.00182756548747,
        "dvar": 3.78036020265e-06,
        "dvar2": 8.18667376734e-06,
        "max": 0.0451924614608,
        "mean": 0.00431775161996,
        "median": 0.00240461155772,
        "min": 1.11734601928e-21,
        "var": 2.60729739239e-05
    },
    "spectral_energyband_middle_low": {
        "dmean": 0.00395531300455,
        "dmean2": 0.00626157876104,
        "dvar": 3.23925814882e-05,
        "dvar2": 7.80177724664e-05,
        "max": 0.111538313329,
        "mean": 0.0119533808902,
        "median": 0.0101559506729,
        "min": 1.28069497992e-22,
        "var": 0.000108215186629
    },
    "spectral_entropy": {
        "dmean": 0.120036363602,
        "dmean2": 0.181008443236,
        "dvar": 0.0185174755752,
        "dvar2": 0.0360101051629,
        "max": 9.83479404449,
        "mean": 7.58118009567,
        "median": 7.51135730743,
        "min": 3.84020662308,
        "var": 0.845107316971
    },
    "spectral_flux": {
        "dmean": 0.0155132096261,
        "dmean2": 0.025008764118,
        "dvar": 0.000369554560166,
        "dvar2": 0.000851723772939,
        "max": 0.270057499409,
        "mean": 0.0649095997214,
        "median": 0.0616597384214,
        "min": 6.26937599058e-11,
        "var": 0.00177801970858
    },
    "spectral_kurtosis": {
        "dmean": 1.56713271141,
        "dmean2": 2.66252946854,
        "dvar": 3.7293176651,
        "dvar2": 10.3462257385,
        "max": 48.3334884644,
        "mean": 4.32876348495,
        "median": 3.49223327637,
        "min": -1.27476680279,
        "var": 19.3128032684
    },
    "spectral_rms": {
        "dmean": 0.000508271332365,
        "dmean2": 0.000795036088675,
        "dvar": 3.66036402966e-07,
        "dvar2": 8.5538795247e-07,
        "max": 0.0116494242102,
        "mean": 0.00393762299791,
        "median": 0.00415507145226,
        "min": 3.09214394541e-12,
        "var": 4.06222807214e-06
    },
    "spectral_rolloff": {
        "dmean": 355.385772705,
        "dmean2": 594.203613281,
        "dvar": 364049.15625,
        "dvar2": 734008.125,
        "max": 19767.4804688,
        "mean": 3215.02636719,
        "median": 1313.52539062,
        "min": 64.599609375,
        "var": 28773652
    },
    "spectral_skewness": {
        "dmean": 0.207030788064,
        "dmean2": 0.331423223019,
        "dvar": 0.0448367595673,
        "dvar2": 0.107703015208,
        "max": 5.71588897705,
        "mean": 1.44679749012,
        "median": 1.40534102917,
        "min": -0.223972842097,
        "var": 0.670825779438
    },
    "spectral_spread": {
        "dmean": 412372.03125,
        "dmean2": 633422.8125,
        "dvar": 377702088704,
        "dvar2": 766652514304,
        "max": 43158672,
        "mean": 7732819.5,
        "median": 3954736.5,
        "min": 1550279.25,
        "var": 1.2371629808e+14
    },
    "spectral_strongpeak": {
        "dmean": 0.492128551006,
        "dmean2": 0.824103415012,
        "dvar": 0.675823628902,
        "dvar2": 1.82509195805,
        "max": 14.7185716629,
        "mean": 0.948218047619,
        "median": 0.588137686253,
        "min": 0,
        "var": 1.15859460831
    },
    "zerocrossingrate": {
        "dmean": 0.00752891646698,
        "dmean2": 0.00976733583957,
        "dvar": 0.000114488437248,
        "dvar2": 0.000156157693709,
        "max": 0.77001953125,
        "mean": 0.100744597614,
        "median": 0.0546875,
        "min": 0.00927734375,
        "var": 0.0191446375102
    },
    "barkbands": {
        "dmean": [6.58690332784e-05, 0.000766193727031, 0.000926740875002, 0.000569043972064, 0.00138318201061, 0.0012886300683, 0.000950545654632, 0.00122835836373, 0.000798736815341, 0.000441191281425, 0.000256504834397, 0.000228280914598, 0.000263470748905, 0.000271092256298, 0.000268968578894, 0.000184665099368, 0.000228944467381, 0.000134415677167, 0.000123075573356, 0.000142472010339, 7.43068449083e-05, 8.04538140073e-05, 3.66018466593e-05, 2.56740731857e-05, 8.37200968817e-06, 5.70029760638e-06, 1.6086694643e-08],
        "dmean2": [9.83617428574e-05, 0.00121991080232, 0.00155812874436, 0.000970201042946, 0.002284840215, 0.0020414001774, 0.00147121411283, 0.00189995847177, 0.00125711224973, 0.000680042314343, 0.00039640488103, 0.000362472463166, 0.000427651888458, 0.000437828421127, 0.000437145150499, 0.000299039878882, 0.00037668569712, 0.00021798996022, 0.000200355367269, 0.00022561204969, 0.000116854782391, 0.000120607910503, 5.32151425432e-05, 3.55895463144e-05, 1.19518363135e-05, 8.20169952931e-06, 2.66376343205e-08],
        "dvar": [5.78864991496e-08, 5.57126350031e-06, 5.16360250913e-06, 1.35556831538e-06, 5.46107867194e-06, 5.84984945817e-06, 4.47330876341e-06, 7.37974642107e-06, 7.14544421498e-06, 1.10978089651e-06, 5.35449544259e-07, 3.48495973412e-07, 3.8559994664e-07, 4.17358563709e-07, 3.83094572953e-07, 1.63277960041e-07, 2.45673845711e-07, 8.41670271257e-08, 1.2778285452e-07, 1.18668104676e-07, 3.09224859052e-08, 2.62483883517e-08, 1.39235591945e-08, 9.2329637269e-09, 1.07020681206e-09, 2.03100758434e-09, 2.19703355037e-14],
        "dvar2": [1.21907874018e-07, 1.35426607812e-05, 1.46471429616e-05, 3.82680127586e-06, 1.41135842568e-05, 1.48288409036e-05, 1.06520055851e-05, 1.76686826308e-05, 1.75636905624e-05, 2.31999888456e-06, 1.13479177344e-06, 8.151787938e-07, 9.54674078457e-07, 1.0030271369e-06, 9.17784007015e-07, 3.9685770048e-07, 6.22283891971e-07, 2.06560713423e-07, 2.89845473844e-07, 2.71002164709e-07, 7.86059786151e-08, 5.51400702875e-08, 2.68196878039e-08, 1.68921037158e-08, 1.87191573353e-09, 3.97429156251e-09, 4.84324596216e-14],
        "max": [0.00400030612946, 0.0388551168144, 0.0397155433893, 0.0333634130657, 0.0516348108649, 0.0554798990488, 0.0556641668081, 0.0551591031253, 0.0770538374782, 0.0333315357566, 0.0305055845529, 0.0142391743138, 0.0156837459654, 0.0186709240079, 0.014033450745, 0.00855348911136, 0.0107270013541, 0.00586729077622, 0.0160372611135, 0.0111937280744, 0.00761585216969, 0.00331564364024, 0.00444305688143, 0.00351125956513, 0.00181282474659, 0.0026991951745, 1.18341986308e-05],
        "mean": [7.04810445313e-05, 0.00140308903065, 0.00182703055907, 0.000908505753614, 0.0028110712301, 0.00266652414575, 0.00182647199836, 0.00208681705408, 0.00127632857766, 0.000784322910476, 0.000468521233415, 0.000395143753849, 0.000422742537921, 0.000461713963887, 0.000453842920251, 0.00035126239527, 0.000477048248285, 0.000246385432547, 0.000228774166317, 0.000346530257957, 0.000185573313502, 0.000200571026653, 7.9047465988e-05, 5.35589169885e-05, 1.68050701177e-05, 8.08327786217e-06, 1.59968092106e-08],
        "median": [6.43664907329e-06, 0.000465119781438, 0.000815790612251, 0.000394562695874, 0.00191509816796, 0.00144508620724, 0.000666380918119, 0.000591880001593, 0.000244190101512, 0.000270568125416, 0.000103844540718, 0.000116822950076, 0.000110699940706, 0.000126493891003, 0.000168442289578, 0.000119148375234, 0.000137171547976, 8.13266815385e-05, 7.43912823964e-05, 5.96240133746e-05, 3.53258801624e-05, 4.42339915026e-05, 2.08748570003e-05, 1.39698922794e-05, 5.33882803211e-06, 1.12109728434e-06, 2.76624323448e-09],
        "min": [4.42836375239e-26, 1.48990660333e-24, 2.71626503342e-25, 2.46139935913e-25, 4.04379881892e-24, 2.02359388268e-24, 2.02990713651e-24, 2.9182126363e-24, 7.2629792455e-24, 8.5769430457e-24, 6.41210677338e-24, 1.38635109681e-23, 1.98758301345e-23, 2.29540679386e-23, 3.52632878428e-23, 3.61900163907e-23, 5.33286821998e-23, 7.17833194601e-23, 1.08445036807e-22, 1.27566659118e-22, 1.9696453262e-22, 2.58075479112e-22, 3.54788765863e-22, 5.19761492545e-22, 8.15982624718e-22, 1.14972198154e-21, 1.68672809969e-21],
        "var": [7.18680297496e-08, 8.03026796348e-06, 7.95130199549e-06, 2.10126313505e-06, 1.12087154776e-05, 1.47001055666e-05, 1.06258148662e-05, 1.62990490935e-05, 1.23028175949e-05, 2.76304126601e-06, 1.88978549431e-06, 8.01164333097e-07, 8.33542458167e-07, 1.0154623169e-06, 7.62324987136e-07, 4.57901762729e-07, 9.01175553736e-07, 1.92875987182e-07, 2.73818159258e-07, 6.44785188797e-07, 1.97910551947e-07, 1.10149180443e-07, 3.73664299502e-08, 2.54012650913e-08, 2.60978882949e-09, 3.43536443737e-09, 2.20987524748e-14]
    },
    "erbbands": {
        "dmean": [0.0190430134535, 0.206499755383, 0.95078086853, 1.41693258286, 3.22363877296, 4.98389720917, 8.67193126678, 10.9753255844, 13.0318365097, 19.8922843933, 22.4998626709, 19.9012908936, 14.9822950363, 9.88607978821, 10.5318946838, 9.84216022491, 12.6256151199, 13.1883955002, 13.0345821381, 11.7366790771, 10.0347414017, 9.80541992188, 7.25846576691, 5.0493683815, 6.85243463516, 6.83281803131, 3.33905291557, 3.02532672882, 3.07762384415, 1.64859080315, 1.04967808723, 0.717271566391, 0.327136844397, 0.1152427122, 0.0507003776729, 0.031489610672, 0.00990231987089, 0.000639918551315, 1.48081135194e-05, 6.47139950161e-06],
        "dmean2": [0.027740964666, 0.339055627584, 1.60960388184, 2.40703344345, 5.46581077576, 8.18348312378, 13.5890130997, 17.7002830505, 20.1910667419, 31.1828098297, 34.9419326782, 31.3306102753, 23.1114253998, 15.3041067123, 16.0739498138, 15.6052036285, 20.358587265, 21.4111232758, 21.0691738129, 18.8513431549, 16.3947944641, 15.7415437698, 11.6555995941, 8.3640089035, 10.900182724, 10.7715320587, 5.31467676163, 4.62937307358, 4.58855104446, 2.45459747314, 1.52584886551, 1.00136888027, 0.459800213575, 0.163373678923, 0.0729871764779, 0.0445325635374, 0.014506557025, 0.000976981478743, 2.18561708607e-05, 1.00576280602e-05],
        "dvar": [0.00445094844326, 0.426152259111, 6.16650533676, 9.47680473328, 38.0525856018, 89.8311462402, 240.578979492, 548.529663086, 926.170227051, 2376.34863281, 3093.41333008, 4788.40429688, 1633.13391113, 635.16784668, 1041.06591797, 567.780883789, 962.836242676, 920.742004395, 1025.61999512, 839.912231445, 456.470550537, 479.489807129, 241.553955078, 149.382247925, 513.607055664, 297.351379395, 83.1104507446, 41.8153800964, 38.8275985718, 17.7659072876, 11.4165630341, 7.65571403503, 1.38573253155, 0.169834837317, 0.0600207820535, 0.040395218879, 0.0078859301284, 7.26934376871e-05, 2.162706636e-08, 1.13238564359e-10],
        "dvar2": [0.00808368902653, 1.12915694714, 17.4190006256, 27.3852767944, 106.444877625, 234.781936646, 563.639160156, 1411.87487793, 2250.75415039, 6099.62451172, 7329.65039062, 11497.6416016, 3599.2800293, 1389.15625, 2067.78222656, 1340.12585449, 2378.31323242, 2215.79663086, 2434.00952148, 2003.89733887, 1179.3013916, 1190.08947754, 597.601928711, 391.76940918, 1073.32202148, 674.69128418, 211.364105225, 94.0521240234, 82.0223770142, 37.2719993591, 21.9674510956, 14.572561264, 2.36704015732, 0.282093316317, 0.120446264744, 0.0801487565041, 0.0162005759776, 0.000150671388838, 4.38601013286e-08, 2.49859799517e-10],
        "max": [1.427292943, 10.6842060089, 43.4280014038, 85.0263290405, 146.234924316, 210.157623291, 368.064910889, 561.819458008, 664.562072754, 1331.74658203, 1164.37768555, 2346.34448242, 1208.69836426, 986.496276855, 1490.28051758, 715.644836426, 817.062744141, 1108.30786133, 834.586975098, 1095.22583008, 406.532928467, 553.201049805, 283.904998779, 371.597564697, 1134.53613281, 608.786682129, 410.877441406, 230.933135986, 139.545669556, 141.559768677, 112.786331177, 96.9069061279, 46.5283508301, 18.2083568573, 15.1615428925, 11.5048522949, 5.902759552, 0.56601858139, 0.00973605271429, 0.000449790066341],
        "mean": [0.0274607799947, 0.376359730959, 1.99668228626, 2.52937269211, 5.68964958191, 9.2780790329, 18.1808490753, 21.4511966705, 26.4261417389, 35.9758644104, 39.7557830811, 32.40234375, 27.4557571411, 18.886177063, 21.1845111847, 18.4507808685, 21.4249629974, 23.340051651, 23.482585907, 22.9022541046, 21.0696430206, 22.8079471588, 15.823266983, 10.0444583893, 15.2118616104, 16.8227787018, 8.54815387726, 7.38399076462, 7.66907644272, 3.90961241722, 2.21473574638, 1.45327711105, 0.679688215256, 0.232575625181, 0.0989481061697, 0.0510548502207, 0.0121030174196, 0.000713995483238, 2.81943921436e-05, 2.54849728663e-05],
        "median": [0.00665305322036, 0.136512070894, 0.858404994011, 1.41530692577, 3.21353387833, 5.61448431015, 10.1628217697, 10.3407115936, 10.696146965, 12.5411195755, 12.2320318222, 7.78350639343, 8.59168052673, 5.70625591278, 5.96260261536, 6.69014978409, 6.84242296219, 8.10633087158, 8.23596191406, 8.4232711792, 7.61033010483, 7.04346895218, 5.4093079567, 4.18548583984, 3.63062334061, 3.00884509087, 1.6238976717, 1.45878851414, 1.56587862968, 0.993180274963, 0.596407413483, 0.354561626911, 0.183201864362, 0.0777160897851, 0.0293512828648, 0.0101481089368, 0.000830981938634, 4.82511459268e-05, 1.35236296046e-05, 2.20462061407e-05],
        "min": [5.07267948979e-23, 2.9535760085e-22, 1.27639249467e-21, 2.46527287522e-21, 7.67504055001e-21, 1.52115832774e-20, 2.24831341719e-20, 2.60982704935e-20, 6.42263481888e-20, 9.24491884648e-20, 1.56630358375e-19, 2.18128768301e-19, 3.73355646746e-19, 4.83780406962e-19, 6.97240567886e-19, 1.07395857457e-18, 1.06778201694e-18, 1.2082482451e-18, 2.13860371584e-18, 2.48053557244e-18, 2.81331095326e-18, 3.6196670871e-18, 3.95046364509e-18, 4.38471940461e-18, 6.2779331675e-18, 6.49825727314e-18, 7.3976069126e-18, 9.24645567051e-18, 8.77459628034e-18, 9.93242828069e-18, 1.00492443812e-17, 9.33972442048e-18, 8.60775312361e-18, 6.81691991873e-18, 5.44088429023e-18, 3.76829407238e-18, 1.99279017861e-18, 8.18703252045e-19, 2.04644367223e-19, 2.58948987695e-20],
        "var": [0.00711767468601, 0.510882496834, 9.60223865509, 13.8673429489, 64.9692764282, 159.81451416, 679.333068848, 1239.17858887, 2155.58276367, 4578.92138672, 7015.78417969, 8052.73242188, 3710.42358398, 1841.07995605, 4054.70678711, 1380.21923828, 2059.42700195, 2143.4621582, 2274.8581543, 2138.94091797, 1250.46252441, 1911.2277832, 739.215270996, 302.568939209, 1381.15014648, 1580.96765137, 516.153503418, 219.605987549, 163.952407837, 54.4933586121, 29.7657260895, 19.4108600616, 4.08233118057, 0.451139599085, 0.12475182116, 0.0684024468064, 0.0128522664309, 0.000107302526885, 3.37557786168e-08, 4.54838972042e-10]
    },
    "gfcc": {
        "mean": [-137.609283447, 98.54322052, -120.987045288, 31.8691864014, -68.9031677246, 5.51747941971, -40.0134353638, 1.1531317234, -17.0518569946, -2.32825613022, -12.3085603714, -5.1159157753, -6.1058306694],
        "cov": [[120178.40625, 10863.3183594, -14230.3222656, 4271.94287109, -7723.7734375, 1037.77526855, -4465.45068359, 295.174499512, -2042.81066895, -31.8541698456, -1581.44018555, -615.329528809, -953.180725098], [10863.3183594, 2080.7277832, -868.289245605, 288.571533203, -692.940795898, -61.9098434448, -437.659301758, -76.4889144897, -134.155014038, -133.865875244, -6.86401176453, -129.427932739, -46.4849205017], [-14230.3222656, -868.289245605, 2759.59936523, -453.612548828, 893.730407715, -138.429733276, 461.883422852, 4.07692241669, 183.70614624, 27.6879310608, 213.407241821, 117.729614258, 51.7000160217], [4271.94287109, 288.571533203, -453.612548828, 467.471496582, -136.688919067, 70.9863967896, -132.781829834, 17.413860321, -28.0300979614, 13.2717485428, -73.9307022095, -13.9267930984, -12.2172584534], [-7723.7734375, -692.940795898, 893.730407715, -136.688919067, 887.064025879, 65.9844818115, 312.974975586, 30.5188369751, 136.453887939, 75.4073257446, 73.9184188843, 44.9323883057, 30.9639778137], [1037.77526855, -61.9098434448, -138.429733276, 70.9863967896, 65.9844818115, 243.075012207, 46.9777374268, 62.8250045776, -59.9266777039, 61.8595314026, -34.7829551697, -15.9633197784, -57.1120529175], [-4465.45068359, -437.659301758, 461.883422852, -132.781829834, 312.974975586, 46.9777374268, 362.896606445, 19.8309612274, 58.5169181824, 17.2341499329, 59.7187156677, 6.32122707367, 8.66054725647], [295.174499512, -76.4889144897, 4.07692241669, 17.413860321, 30.5188369751, 62.8250045776, 19.8309612274, 116.819587708, -4.53701114655, 41.9948768616, -31.8013839722, 11.419760704, -27.8303775787], [-2042.81066895, -134.155014038, 183.70614624, -28.0300979614, 136.453887939, -59.9266777039, 58.5169181824, -4.53701114655, 158.058853149, 4.60867786407, 39.3666572571, -5.54908704758, 41.5017318726], [-31.8541698456, -133.865875244, 27.6879310608, 13.2717485428, 75.4073257446, 61.8595314026, 17.2341499329, 41.9948768616, 4.60867786407, 116.470039368, -2.56881308556, 13.798116684, -36.0837249756], [-1581.44018555, -6.86401176453, 213.407241821, -73.9307022095, 73.9184188843, -34.7829551697, 59.7187156677, -31.8013839722, 39.3666572571, -2.56881308556, 102.331535339, 9.63771915436, 21.3755054474], [-615.329528809, -129.427932739, 117.729614258, -13.9267930984, 44.9323883057, -15.9633197784, 6.32122707367, 11.419760704, -5.54908704758, 13.798116684, 9.63771915436, 88.6231307983, 22.3161582947], [-953.180725098, -46.4849205017, 51.7000160217, -12.2172584534, 30.9639778137, -57.1120529175, 8.66054725647, -27.8303775787, 41.5017318726, -36.0837249756, 21.3755054474, 22.3161582947, 97.2528152466]],
        "icov": [[0.000361752230674, -0.00096532155294, 0.000738919829018, -0.00105687452015, 0.00116596464068, -0.000649912515655, 0.000806581869256, -0.00050953036407, 0.000746413250454, -0.00105644587893, 0.00112374057062, -0.000865622365382, 0.000829183030874], [-0.00096532155294, 0.00354002718814, -0.00195296225138, 0.00239077489823, -0.00282549159601, 0.00180247763637, -0.00133070745505, 0.00113663205411, -0.00154962623492, 0.00364542403258, -0.00434619886801, 0.00341547653079, -0.00184331298806], [0.000738919829018, -0.00195296225138, 0.00224625924602, -0.00189809931908, 0.00180799479131, -0.000778275250923, 0.00136513158213, -0.00130362052005, 0.00156687339768, -0.00194069324061, 0.00157817825675, -0.00230074324645, 0.00214121257886], [-0.00105687452015, 0.00239077489823, -0.00189809931908, 0.00616148812696, -0.0035269218497, 0.000920416321605, -0.0019750802312, 0.00180633855052, -0.00302981841378, 0.0026213361416, -0.00152304151561, 0.00180062791333, -0.00288933003321], [0.00116596464068, -0.00282549159601, 0.00180799479131, -0.0035269218497, 0.00629398645833, -0.003222549567, 0.00180428789463, -0.00121857447084, 0.00110948481597, -0.00409699091688, 0.00374183361419, -0.00296656019054, 0.00213191984221], [-0.000649912515655, 0.00180247763637, -0.000778275250923, 0.000920416321605, -0.003222549567, 0.0088950926438, -0.0027933169622, -0.00155922956765, 0.00207955227233, -0.00028964568628, -0.00222118245438, 0.00340563850477, -0.000214852247154], [0.000806581869256, -0.00133070745505, 0.00136513158213, -0.0019750802312, 0.00180428789463, -0.0027933169622, 0.0072909379378, -0.00198253011331, 0.00145715335384, -0.000832532008644, 1.39267576742e-05, -0.000441735552158, 0.00203161151148], [-0.00050953036407, 0.00113663205411, -0.00130362052005, 0.00180633855052, -0.00121857447084, -0.00155922956765, -0.00198253011331, 0.0132350195199, -0.00314556760713, -0.00103672570549, 0.00306413299404, -0.00159813044593, 0.000556469836738], [0.000746413250454, -0.00154962623492, 0.00156687339768, -0.00302981841378, 0.00110948481597, 0.00207955227233, 0.00145715335384, -0.00314556760713, 0.0123638967052, -0.00389811280183, -0.000624167034402, 0.00241256947629, -0.00193946645595], [-0.00105644587893, 0.00364542403258, -0.00194069324061, 0.0026213361416, -0.00409699091688, -0.00028964568628, -0.000832532008644, -0.00103672570549, -0.00389811280183, 0.0168066415936, -0.00579927396029, 0.000268319941824, 0.00277325254865], [0.00112374057062, -0.00434619886801, 0.00157817825675, -0.00152304151561, 0.00374183361419, -0.00222118245438, 1.39267576742e-05, 0.00306413299404, -0.000624167034402, -0.00579927396029, 0.0202891025692, -0.00520224031061, 0.00113499816507], [-0.000865622365382, 0.00341547653079, -0.00230074324645, 0.00180062791333, -0.00296656019054, 0.00340563850477, -0.000441735552158, -0.00159813044593, 0.00241256947629, 0.000268319941824, -0.00520224031061, 0.0183622986078, -0.00687578972429], [0.000829183030874, -0.00184331298806, 0.00214121257886, -0.00288933003321, 0.00213191984221, -0.000214852247154, 0.00203161151148, 0.000556469836738, -0.00193946645595, 0.00277325254865, 0.00113499816507, -0.00687578972429, 0.0183853153139]]
    },
    "melbands": {
        "dmean": [0.000176196816028, 0.000409515545471, 0.000279561325442, 0.00028338181437, 0.000283085711999, 0.000244499591645, 0.000199030604563, 0.000230696721701, 0.000177466601599, 0.000120629883895, 7.45493816794e-05, 4.16893235524e-05, 3.58341676474e-05, 2.8124806704e-05, 2.78483657894e-05, 2.43525410042e-05, 2.65994858637e-05, 2.19205921894e-05, 1.74968317879e-05, 1.54449717229e-05, 1.37291872306e-05, 1.20133090604e-05, 1.02247404357e-05, 5.74264504394e-06, 4.37731523562e-06, 4.60051296614e-06, 5.76639922656e-06, 4.74779199067e-06, 2.32188881455e-06, 2.15072213905e-06, 1.91579829334e-06, 1.95924644686e-06, 1.52150244048e-06, 7.98946985014e-07, 6.7102189405e-07, 5.24567042248e-07, 4.43024731567e-07, 2.7592642482e-07, 1.44330101648e-07, 8.8471630022e-08],
        "dmean2": [0.000276458973531, 0.000691485824063, 0.000475305132568, 0.000475395674584, 0.000446286343504, 0.000391119829146, 0.000308102869894, 0.000360509904567, 0.000274734105915, 0.000189993879758, 0.000115517439554, 6.46775515634e-05, 5.48589014215e-05, 4.34045796283e-05, 4.51060077467e-05, 3.92788133468e-05, 4.33156892541e-05, 3.54508301825e-05, 2.81032662315e-05, 2.49615441135e-05, 2.24645427807e-05, 1.93851319636e-05, 1.6506844986e-05, 9.43342820392e-06, 7.29736393623e-06, 7.40555333323e-06, 9.03216732695e-06, 7.58212672736e-06, 3.75107697437e-06, 3.42492785421e-06, 2.9621687645e-06, 2.95707627629e-06, 2.34397361965e-06, 1.20530364711e-06, 1.00404099612e-06, 7.69319171923e-07, 6.3323801669e-07, 4.02203085059e-07, 2.1109735826e-07, 1.29481861677e-07],
        "dvar": [3.2842169162e-07, 1.2713827573e-06, 3.00252395391e-07, 2.8804674912e-07, 2.30812261748e-07, 2.58743142467e-07, 2.07301198429e-07, 3.03461916928e-07, 2.01728823868e-07, 1.83010939736e-07, 4.11454053051e-08, 1.15536078482e-08, 1.02624451159e-08, 5.18046672227e-09, 4.1790064742e-09, 2.92071189456e-09, 3.97596178203e-09, 3.24255755579e-09, 1.78627268532e-09, 1.30438115864e-09, 9.41799638277e-10, 7.79222353309e-10, 5.38255218174e-10, 1.66527652778e-10, 1.27452562393e-10, 2.46263870407e-10, 2.19937859591e-10, 1.66423264059e-10, 4.39715347467e-11, 3.53957904653e-11, 1.63209758208e-11, 1.59388387905e-11, 1.13321192707e-11, 5.09015486011e-12, 4.35057849121e-12, 3.81626544602e-12, 2.83522641129e-12, 1.00555187007e-12, 2.53300120679e-13, 1.13867818169e-13],
        "dvar2": [6.96412030265e-07, 3.54290978066e-06, 8.5387961235e-07, 7.78838227689e-07, 5.44148917925e-07, 6.65333061534e-07, 5.01584111134e-07, 7.70097585701e-07, 4.81147083065e-07, 4.38251447576e-07, 9.09225903456e-08, 2.56341046168e-08, 2.18211599901e-08, 1.09374145296e-08, 1.06324309357e-08, 7.15426073938e-09, 9.55618872922e-09, 7.59545670803e-09, 4.17595247271e-09, 3.15351633695e-09, 2.46537257276e-09, 1.8992618589e-09, 1.37239042353e-09, 4.24276253019e-10, 3.38293337787e-10, 5.14636611104e-10, 4.87319185005e-10, 3.90676685447e-10, 1.12772860494e-10, 9.33779720214e-11, 3.8206722508e-11, 3.47372686171e-11, 2.51620130981e-11, 1.095815539e-11, 8.98788248688e-12, 7.45667069757e-12, 5.50707352984e-12, 1.92434371389e-12, 4.65384458401e-13, 2.03634540328e-13],
        "max": [0.00984870549291, 0.0195313431323, 0.0149123203009, 0.0137570304796, 0.0134797543287, 0.0122872488573, 0.0110270362347, 0.0141366580501, 0.00915455073118, 0.0146278869361, 0.00613998761401, 0.00404858868569, 0.00451541272923, 0.00241533201188, 0.0018115445273, 0.001276645693, 0.00237859995104, 0.00149740895722, 0.00115900265519, 0.00113627978135, 0.000570568430703, 0.000770928745624, 0.000548265001271, 0.000413087371271, 0.000362471619155, 0.000840618216898, 0.000518302374985, 0.000572292716242, 0.000303602864733, 0.000220040194108, 9.85896913335e-05, 7.87757817307e-05, 8.94068652997e-05, 7.95848463895e-05, 6.73356698826e-05, 7.27783844923e-05, 6.65954357828e-05, 3.75346935471e-05, 1.75480399776e-05, 1.71478732227e-05],
        "mean": [0.00030983571196, 0.000867436698172, 0.000540514884051, 0.000528433185536, 0.000607204972766, 0.000488996563945, 0.00039788839058, 0.000410757347709, 0.000311671610689, 0.000191152692423, 0.000131923545268, 7.39390015951e-05, 6.91947134328e-05, 5.03483097418e-05, 4.69620754302e-05, 4.06282779295e-05, 4.40354997409e-05, 3.70624366042e-05, 3.08320777549e-05, 2.86524009425e-05, 2.54309161392e-05, 2.48194410233e-05, 2.07628472708e-05, 1.04445089164e-05, 7.56191684559e-06, 8.6989839474e-06, 1.32630475491e-05, 1.06839970613e-05, 5.1707647799e-06, 4.75275101053e-06, 4.15262775277e-06, 4.63107744508e-06, 3.35201571033e-06, 1.69998031652e-06, 1.31880290155e-06, 9.93276557892e-07, 8.54027462083e-07, 5.38404549388e-07, 2.72539182333e-07, 1.65208305702e-07],
        "median": [0.000102321682789, 0.00039190571988, 0.000330115290126, 0.000342080369592, 0.000364238861948, 0.000245016213739, 0.000157678499818, 0.000133061228553, 8.93873584573e-05, 4.00257085857e-05, 3.96463510697e-05, 2.00962331292e-05, 1.65813053172e-05, 1.60510444402e-05, 1.68664446392e-05, 1.24063471958e-05, 1.2831089407e-05, 1.15627435662e-05, 1.09424563561e-05, 9.53970902628e-06, 7.74559248384e-06, 6.71169345878e-06, 5.53647760171e-06, 3.57426461051e-06, 2.70186797025e-06, 2.43398653765e-06, 2.18732816393e-06, 1.74447222889e-06, 9.01569819689e-07, 8.44482826778e-07, 7.91077980011e-07, 8.77416312051e-07, 7.0020541898e-07, 4.34613070865e-07, 3.43994855712e-07, 2.41489260588e-07, 1.92734731286e-07, 1.30345938487e-07, 7.82371998298e-08, 5.21090690597e-08],
        "min": [6.25747938633e-25, 6.35827904673e-25, 4.08313714289e-25, 8.85572195365e-25, 7.67178422292e-25, 3.98447603511e-25, 1.05740177913e-24, 8.12744112861e-25, 1.32594689317e-24, 1.51369214013e-24, 1.61030906279e-24, 1.22842869693e-24, 1.73927835446e-24, 1.57675170874e-24, 1.8761545962e-24, 2.17231940687e-24, 1.29834188908e-24, 2.99562612073e-24, 2.83347595887e-24, 2.49475131352e-24, 2.28153049388e-24, 2.6642613504e-24, 2.51569655663e-24, 3.10645220323e-24, 2.8550106783e-24, 3.54816303419e-24, 3.12862057517e-24, 3.38755489819e-24, 4.4059285729e-24, 3.5937978487e-24, 4.56072832605e-24, 4.23610890811e-24, 4.34417101921e-24, 4.57240622846e-24, 4.7937467934e-24, 4.45854401756e-24, 4.61075117935e-24, 4.89900371513e-24, 5.80226325667e-24, 5.27650324056e-24],
        "var": [5.19318234637e-07, 1.84046155027e-06, 5.04929062117e-07, 4.66065699811e-07, 6.51040181765e-07, 6.03687396961e-07, 4.93177026328e-07, 6.10654581124e-07, 4.63245072524e-07, 3.01264179825e-07, 9.16100191262e-08, 3.15621413449e-08, 3.9699163068e-08, 1.42246934232e-08, 8.12473821554e-09, 6.59077503684e-09, 8.86749162987e-09, 7.19291515239e-09, 3.80959974677e-09, 3.51830964362e-09, 2.20215068403e-09, 2.67450173119e-09, 1.6415657722e-09, 3.59708873798e-10, 2.27903279582e-10, 5.15704090542e-10, 9.82155579088e-10, 8.59166016109e-10, 2.16927351082e-10, 1.7746028258e-10, 6.00783520155e-11, 6.21731763295e-11, 3.69053711202e-11, 1.32939518768e-11, 1.03209992636e-11, 9.28301099185e-12, 6.86653294987e-12, 2.5995987047e-12, 6.58329998588e-13, 2.57730604436e-13]
    },
    "mfcc": {
        "mean": [-704.891784668, 113.815132141, -2.34301328659, 19.5579967499, -6.58337688446, 0.840613663197, -13.2989521027, -1.43103742599, -4.71659088135, -1.03863537312, -3.32706165314, -1.41625499725, -1.6597802639],
        "cov": [[27656.6835938, 4836.66748047, -790.902832031, 1296.93188477, -318.518188477, 499.490142822, -476.389221191, 74.9386520386, -144.999710083, 198.504867554, 17.0677223206, -8.2932138443, -170.424194336], [4836.66748047, 2524.26733398, 405.065826416, 281.871948242, 24.8853530884, -68.7715530396, -144.797927856, -38.7829704285, -147.787094116, -65.2476043701, -13.7682361603, -47.1898994446, 21.9247341156], [-790.902832031, 405.065826416, 945.740234375, 83.4864883423, 26.5333347321, -108.017173767, -15.8991146088, -15.1967506409, -66.9000701904, -70.2497787476, -13.9563779831, 1.79060304165, 34.4705886841], [1296.93188477, 281.871948242, 83.4864883423, 328.335418701, 91.9787979126, 43.2205162048, -50.978515625, 8.96145248413, 26.7596244812, -16.6023159027, -26.8354148865, 43.3652420044, 12.4534759521], [-318.518188477, 24.8853530884, 26.5333347321, 91.9787979126, 322.529388428, 63.3256912231, 19.1168327332, -6.34922647476, 41.1493492126, 4.08377456665, 12.3871793747, 35.6936035156, 5.74706363678], [499.490142822, -68.7715530396, -108.017173767, 43.2205162048, 63.3256912231, 181.029510498, 93.4880523682, 24.4342594147, 22.8741474152, 48.4693183899, 31.8374977112, 11.9540481567, -8.61951828003], [-476.389221191, -144.797927856, -15.8991146088, -50.978515625, 19.1168327332, 93.4880523682, 221.117111206, 52.9480247498, 9.92665863037, 45.1170730591, 45.7551193237, -18.9450073242, 3.22215676308], [74.9386520386, -38.7829704285, -15.1967506409, 8.96145248413, -6.34922647476, 24.4342594147, 52.9480247498, 93.5319747925, 29.7567310333, 6.42135238647, 8.51282405853, -4.97129678726, -2.20629644394], [-144.999710083, -147.787094116, -66.9000701904, 26.7596244812, 41.1493492126, 22.8741474152, 9.92665863037, 29.7567310333, 102.531799316, 31.6393966675, -0.111491158605, 17.1991481781, 0.00268630986102], [198.504867554, -65.2476043701, -70.2497787476, -16.6023159027, 4.08377456665, 48.4693183899, 45.1170730591, 6.42135238647, 31.6393966675, 112.475418091, 46.1191864014, -13.4351053238, -1.60885214806], [17.0677223206, -13.7682361603, -13.9563779831, -26.8354148865, 12.3871793747, 31.8374977112, 45.7551193237, 8.51282405853, -0.111491158605, 46.1191864014, 93.4249801636, 11.4757585526, -3.05130028725], [-8.2932138443, -47.1898994446, 1.79060304165, 43.3652420044, 35.6936035156, 11.9540481567, -18.9450073242, -4.97129678726, 17.1991481781, -13.4351053238, 11.4757585526, 94.6020736694, 23.1765193939], [-170.424194336, 21.9247341156, 34.4705886841, 12.4534759521, 5.74706363678, -8.61951828003, 3.22215676308, -2.20629644394, 0.00268630986102, -1.60885214806, -3.05130028725, 23.1765193939, 81.6139297485]],
