{
"lowlevel": {
    "average_loudness": 0.872291564941,
    "barkbands_crest": {
        "dmean": 2.36855459213,
        "dmean2": 3.80829715729,
        "dvar": 4.40641736984,
        "dvar2": 10.9583721161,
        "max": 26.8231124878,
        "mean": 9.28523159027,
        "median": 8.51226234436,
        "min": 2.67368483543,
        "var": 14.5278806686
    },
    "barkbands_flatness_db": {
        "dmean": 0.0196997839957,
        "dmean2": 0.0305252503604,
        "dvar": 0.000357426557457,
        "dvar2": 0.000729915278498,
        "max": 0.434801489115,
        "mean": 0.193568304181,
        "median": 0.188529446721,
        "min": 0.0313291586936,
        "var": 0.00234123994596
    },
    "barkbands_kurtosis": {
        "dmean": 2.00858020782,
        "dmean2": 3.10653924942,
        "dvar": 30.3292064667,
        "dvar2": 70.578338623,
        "max": 421.926422119,
        "mean": 2.9747569561,
        "median": 1.07025051117,
        "min": -1.91149508953,
        "var": 50.2368087769
    },
    "barkbands_skewness": {
        "dmean": 0.455226570368,
        "dmean2": 0.688870429993,
        "dvar": 0.232992753386,
        "dvar2": 0.481984257698,
        "max": 20.3421363831,
        "mean": 1.16230022907,
        "median": 1.11016952991,
        "min": -5.39976406097,
        "var": 1.28050279617
    },
    "barkbands_spread": {
        "dmean": 4.42517614365,
        "dmean2": 6.63204097748,
        "dvar": 33.3947753906,
        "dvar2": 64.4572525024,
        "max": 120.608360291,
        "mean": 17.9704418182,
        "median": 15.7880496979,
        "min": 0.577392995358,
        "var": 140.187545776
    },
    "dissonance": {
        "dmean": 0.0211339686066,
        "dmean2": 0.0347794145346,
        "dvar": 0.000464404758532,
        "dvar2": 0.00116004527081,
        "max": 0.500000059605,
        "mean": 0.453595519066,
        "median": 0.460363715887,
        "min": 0.199784338474,
        "var": 0.00126646715216
    },
    "dynamic_complexity": 3.20407438278,
    "erbbands_crest": {
        "dmean": 2.67005944252,
        "dmean2": 4.33853340149,
        "dvar": 5.95677900314,
        "dvar2": 14.8856658936,
        "max": 34.5027313232,
        "mean": 9.62019062042,
        "median": 8.75801849365,
        "min": 2.60479354858,
        "var": 15.4705181122
    },
    "erbbands_flatness_db": {
        "dmean": 0.0157191995531,
        "dmean2": 0.023604394868,
        "dvar": 0.000259827327682,
        "dvar2": 0.000515660562087,
        "max": 0.504381775856,
        "mean": 0.236324191093,
        "median": 0.235845297575,
        "min": 0.0713568553329,
        "var": 0.0013068402186
    },
    "erbbands_kurtosis": {
        "dmean": 0.968843698502,
        "dmean2": 1.52291440964,
        "dvar": 2.54338645935,
        "dvar2": 5.59908676147,
        "max": 84.4240112305,
        "mean": 0.399685949087,
        "median": -0.22761964798,
        "min": -1.85808336735,
        "var": 5.80664205551
    },
    "erbbands_skewness": {
        "dmean": 0.3842638731,
        "dmean2": 0.584297001362,
        "dvar": 0.135743126273,
        "dvar2": 0.289241582155,
        "max": 4.55100107193,
        "mean": 0.320568442345,
        "median": 0.298331201077,
        "min": -6.32724952698,
        "var": 0.704036474228
    },
    "erbbands_spread": {
        "dmean": 6.27213096619,
        "dmean2": 9.62712001801,
        "dvar": 47.3543128967,
        "dvar2": 102.051750183,
        "max": 127.546592712,
        "mean": 30.7122039795,
        "median": 28.6410198212,
        "min": 0.576005756855,
        "var": 227.875686646
    },
    "hfc": {
        "dmean": 5.84001779556,
        "dmean2": 8.38061332703,
        "dvar": 84.1603775024,
        "dvar2": 161.833236694,
        "max": 223.64805603,
        "mean": 17.3109359741,
        "median": 12.9464921951,
        "min": 1.11582402999e-16,
        "var": 259.962982178
    },
    "melbands_crest": {
        "dmean": 3.01672267914,
        "dmean2": 4.88209915161,
        "dvar": 7.07087278366,
        "dvar2": 17.6639270782,
        "max": 39.8691711426,
        "mean": 12.3089532852,
        "median": 11.5033092499,
        "min": 1.81052708626,
        "var": 23.3854503632
    },
    "melbands_flatness_db": {
        "dmean": 0.0221073981375,
        "dmean2": 0.0319912843406,
        "dvar": 0.000538437627256,
        "dvar2": 0.000926448672544,
        "max": 0.509969949722,
        "mean": 0.209474176168,
        "median": 0.203391551971,
        "min": 0.00391267193481,
        "var": 0.00536499451846
    },
    "melbands_kurtosis": {
        "dmean": 3.47718238831,
        "dmean2": 5.4351568222,
        "dvar": 65.4381713867,
        "dvar2": 151.506790161,
        "max": 591.16809082,
        "mean": 7.0769701004,
        "median": 4.4373717308,
        "min": -1.92279613018,
        "var": 119.030426025
    },
    "melbands_skewness": {
        "dmean": 0.517844557762,
        "dmean2": 0.796766579151,
        "dvar": 0.298279255629,
        "dvar2": 0.653896570206,
        "max": 23.3972530365,
        "mean": 1.88277065754,
        "median": 1.79433810711,
        "min": -4.67249536514,
        "var": 1.50179195404
    },
    "melbands_spread": {
        "dmean": 7.17286109924,
        "dmean2": 10.8397026062,
        "dvar": 114.576400757,
        "dvar2": 218.712631226,
        "max": 185.097091675,
        "mean": 25.2769508362,
        "median": 20.0955200195,
        "min": 0.990055978298,
        "var": 435.492675781
    },
    "pitch_salience": {
        "dmean": 0.0607053115964,
        "dmean2": 0.097413815558,
        "dvar": 0.00274233939126,
        "dvar2": 0.00672710500658,
        "max": 0.944273471832,
        "mean": 0.596956431866,
        "median": 0.590963840485,
        "min": 0.00886469054967,
        "var": 0.0127921430394
    },
    "silence_rate_20dB": {
        "dmean": 0,
        "dmean2": 0,
        "dvar": 0,
        "dvar2": 0,
        "max": 1,
        "mean": 1,
        "median": 1,
        "min": 1,
        "var": 0
    },
    "silence_rate_30dB": {
        "dmean": 0.00689912354574,
        "dmean2": 0.0137995341793,
        "dvar": 0.00684995949268,
        "dvar2": 0.0162141099572,
        "max": 1,
        "mean": 0.993474423885,
        "median": 1,
        "min": 0,
        "var": 0.00648541562259
    },
    "silence_rate_60dB": {
        "dmean": 0.0322580635548,
        "dmean2": 0.0645221471786,
        "dvar": 0.0312147140503,
        "dvar2": 0.0698587372899,
        "max": 1,
        "mean": 0.10562133044,
        "median": 0,
        "min": 0,
        "var": 0.0944776162505
    },
    "spectral_centroid": {
        "dmean": 235.913711548,
        "dmean2": 350.193878174,
        "dvar": 100508.867188,
        "dvar2": 181267.984375,
        "max": 11271.8730469,
        "mean": 1305.6340332,
        "median": 1142.93322754,
        "min": 202.775054932,
        "var": 610946.75
    },
    "spectral_complexity": {
        "dmean": 2.87898564339,
        "dmean2": 4.47310018539,
        "dvar": 8.33528995514,
        "dvar2": 17.5039997101,
        "max": 54,
        "mean": 16.6808052063,
        "median": 17,
        "min": 0,
        "var": 59.5419311523
    },
    "spectral_decrease": {
        "dmean": 1.71440739383e-09,
        "dmean2": 2.55784726733e-09,
        "dvar": 9.06730323908e-18,
        "dvar2": 1.71237603368e-17,
        "max": 1.07603956924e-28,
        "mean": -5.03933605955e-09,
        "median": -4.25303303686e-09,
        "min": -6.77116958059e-08,
        "var": 2.18660843958e-17
    },
    "spectral_energy": {
        "dmean": 0.00690316967666,
        "dmean2": 0.010285823606,
        "dvar": 0.000143328783452,
        "dvar2": 0.000270217627985,
        "max": 0.267915248871,
        "mean": 0.0205898080021,
        "median": 0.0176193248481,
        "min": 1.02687429089e-20,
        "var": 0.000348398258211
    },
    "spectral_energyband_high": {
        "dmean": 0.000229574376135,
        "dmean2": 0.000314479926601,
        "dvar": 6.25504469554e-07,
        "dvar2": 1.12001703201e-06,
        "max": 0.0324809290469,
        "mean": 0.000472693645861,
        "median": 0.000113309703011,
        "min": 7.3718675464e-21,
        "var": 1.80168626684e-06
    },
    "spectral_energyband_low": {
        "dmean": 0.000692328903824,
        "dmean2": 0.00106611207593,
        "dvar": 1.33958565129e-06,
        "dvar2": 3.17133867611e-06,
        "max": 0.0440986230969,
        "mean": 0.00173394451849,
        "median": 0.000781429058407,
        "min": 3.77890816218e-23,
        "var": 7.73261308495e-06
    },
    "spectral_energyband_middle_high": {
        "dmean": 0.00179057265632,
        "dmean2": 0.00264240941033,
        "dvar": 8.26905215945e-06,
        "dvar2": 1.71763840626e-05,
        "max": 0.0464210733771,
        "mean": 0.00493834260851,
        "median": 0.00297411484644,
        "min": 1.32298279644e-21,
        "var": 2.83305507764e-05
    },
    "spectral_energyband_middle_low": {
        "dmean": 0.00574396690354,
        "dmean2": 0.00863991118968,
        "dvar": 0.00011355150491,
        "dvar2": 0.000220799614908,
        "max": 0.242060005665,
        "mean": 0.0139168053865,
        "median": 0.0104918694124,
        "min": 2.44112514871e-22,
        "var": 0.000253908801824
    },
    "spectral_entropy": {
        "dmean": 0.15357658267,
        "dmean2": 0.222283288836,
        "dvar": 0.0249135531485,
        "dvar2": 0.0427878350019,
        "max": 9.81506156921,
        "mean": 7.20175504684,
        "median": 7.19550561905,
        "min": 4.99037075043,
        "var": 0.227502167225
    },
    "spectral_flux": {
        "dmean": 0.0201291870326,
        "dmean2": 0.0319744534791,
        "dvar": 0.000669981527608,
        "dvar2": 0.00150779972319,
        "max": 0.420037031174,
        "mean": 0.073630772531,
        "median": 0.0663844347,
        "min": 6.67072577731e-11,
        "var": 0.00186943088192
    },
    "spectral_kurtosis": {
        "dmean": 3.59913635254,
        "dmean2": 6.23561906815,
        "dvar": 19.8263893127,
        "dvar2": 57.5290107727,
        "max": 87.028503418,
        "mean": 6.41844558716,
        "median": 4.31024026871,
        "min": -1.39804649353,
        "var": 58.5875587463
    },
    "spectral_rms": {
        "dmean": 0.00069483066909,
        "dmean2": 0.00101626454853,
        "dvar": 8.09082962405e-07,
        "dvar2": 1.43391093843e-06,
        "max": 0.0161672737449,
        "mean": 0.00409289821982,
        "median": 0.00414603250101,
        "min": 3.16516756381e-12,
        "var": 3.33580305778e-06
    },
    "spectral_rolloff": {
        "dmean": 422.372497559,
        "dmean2": 683.983520508,
        "dvar": 547012.9375,
        "dvar2": 1025889.875,
        "max": 19422.9492188,
        "mean": 1659.24865723,
        "median": 1270.45898438,
        "min": 21.533203125,
        "var": 2015430.75
    },
    "spectral_skewness": {
        "dmean": 0.371143907309,
        "dmean2": 0.609972000122,
        "dvar": 0.13012509048,
        "dvar2": 0.346512109041,
        "max": 7.46009397507,
        "mean": 1.54175341129,
        "median": 1.36208343506,
        "min": -0.465421199799,
        "var": 0.688177108765
    },
    "spectral_spread": {
        "dmean": 322728.0625,
        "dmean2": 489774.5625,
        "dvar": 315159379968,
        "dvar2": 597882830848,
        "max": 41242204,
        "mean": 2996881.25,
        "median": 2795448.5,
        "min": 700644.75,
        "var": 2.00683513446e+12
    },
    "spectral_strongpeak": {
        "dmean": 0.622787177563,
        "dmean2": 1.0166823864,
        "dvar": 0.73503869772,
        "dvar2": 1.84161055088,
        "max": 10.2457199097,
        "mean": 1.15696442127,
        "median": 0.829297304153,
        "min": 0,
        "var": 1.21892142296
    },
    "zerocrossingrate": {
        "dmean": 0.00836410373449,
        "dmean2": 0.00928180571645,
        "dvar": 0.000158168171765,
        "dvar2": 0.000148078150232,
        "max": 0.677734375,
        "mean": 0.0564417541027,
        "median": 0.04833984375,
        "min": 0,
        "var": 0.00140412838664
    },
    "barkbands": {
        "dmean": [9.84094822343e-06, 0.000186141915037, 0.000411654385971, 0.000425492995419, 0.00211951485835, 0.00176679412834, 0.00160586147103, 0.00155751942657, 0.000770722690504, 0.000370032998035, 0.000316844612826, 0.000445594778284, 0.000349861598806, 0.000226455566008, 0.000328420312144, 0.000285512593109, 0.00032636069227, 0.000170326427906, 0.000250409764703, 9.8519900348e-05, 6.97110081092e-05, 7.53202693886e-05, 6.72012683935e-05, 2.40959743678e-05, 1.22924598145e-06, 1.55871471286e-09, 8.48778269891e-10],
        "dmean2": [1.72992804437e-05, 0.000285466347123, 0.000641928229015, 0.000673188362271, 0.00327797816135, 0.00274057779461, 0.00247025326826, 0.00238232314587, 0.00115655630361, 0.000563634210266, 0.000500685884617, 0.000714373600204, 0.000535376777407, 0.000359154655598, 0.000522841583006, 0.0004580168752, 0.00052938121371, 0.000266057759291, 0.000379043747671, 0.000155332847498, 0.000105114930193, 0.000108027699753, 9.36438809731e-05, 3.45162407029e-05, 1.83529868991e-06, 2.63918997767e-09, 1.58238200321e-09],
        "dvar": [8.41092306914e-10, 1.53391582103e-07, 6.09690175679e-07, 8.66588038662e-07, 1.23038089441e-05, 2.63287074631e-05, 2.88868250209e-05, 1.80010010808e-05, 6.56972406432e-06, 1.073778094e-06, 8.34801312521e-07, 1.72429508893e-06, 1.12404222818e-06, 4.7087254984e-07, 5.82213942835e-07, 4.84575934934e-07, 5.2416305607e-07, 1.55458110385e-07, 3.95703523282e-07, 7.31484988137e-08, 6.65361739038e-08, 7.91559671143e-08, 8.90849847224e-08, 1.15882086149e-08, 3.84697863842e-11, 2.74262286917e-17, 2.08106461884e-18],
        "dvar2": [2.05046468693e-09, 3.18984803016e-07, 1.54638587446e-06, 2.04848356589e-06, 2.84026700683e-05, 5.43965106772e-05, 6.48219938739e-05, 3.93580958189e-05, 1.41237223943e-05, 2.3859220164e-06, 1.92792231246e-06, 4.09155427405e-06, 2.42491591962e-06, 1.01437706235e-06, 1.34168396926e-06, 1.1485341247e-06, 1.32174284317e-06, 3.69443768022e-07, 9.05369176962e-07, 1.71008380789e-07, 1.41209554272e-07, 1.55519060741e-07, 1.87855278e-07, 2.43120652499e-08, 8.36303110097e-11, 6.26578792272e-17, 6.71286225203e-18],
        "max": [0.00114414654672, 0.0195049419999, 0.0244598034769, 0.0254032164812, 0.0784771665931, 0.217170745134, 0.204473152757, 0.0811013430357, 0.0726973563433, 0.0367490425706, 0.0242322422564, 0.0304684117436, 0.0267481226474, 0.0220458842814, 0.0238748770207, 0.0191776864231, 0.0159872807562, 0.0106517672539, 0.0219706539065, 0.00756741594523, 0.00707060145214, 0.00827043130994, 0.0138987116516, 0.00364934816025, 0.000278604711639, 2.10173539017e-07, 3.63284193838e-08],
        "mean": [1.07559244498e-05, 0.000438200600911, 0.000920536927879, 0.000742730800994, 0.00425262609497, 0.00298482878134, 0.00227654771879, 0.00235121627338, 0.00110770296305, 0.000618053483777, 0.000498491281178, 0.000657663913444, 0.000512999191415, 0.000326517358189, 0.000523243332282, 0.000505615025759, 0.000533964135684, 0.000286808121018, 0.000476336310385, 0.000158983108122, 0.000113127403893, 0.000128691550344, 0.000121769662655, 4.05419996241e-05, 1.83455961178e-06, 1.93946858573e-09, 7.02908842243e-10],
        "median": [2.52404424828e-06, 0.00016177262296, 0.000307779002469, 0.000207094621146, 0.00242873607203, 0.00150137627497, 0.000578924547881, 0.000623097177595, 0.00024113652762, 0.000228780583711, 0.000150211984874, 0.000145609956235, 0.000127124774735, 0.000120231095934, 0.000171677034814, 0.000176939749508, 0.000153912318638, 8.05876697996e-05, 0.000101345271105, 4.64292497782e-05, 2.03710005735e-05, 1.97900262719e-05, 1.6879010218e-05, 4.79636446471e-06, 2.952297109e-07, 6.55117238235e-10, 2.5324178865e-10],
        "min": [4.2134733333e-24, 1.46929256348e-23, 4.30558112702e-24, 2.30624728097e-24, 8.64185525414e-24, 7.14574820409e-24, 3.4104338366e-24, 3.14965559065e-23, 4.56578176901e-23, 2.46173827349e-23, 3.25888095604e-23, 4.86452370936e-23, 3.02948904005e-23, 1.0196639356e-22, 7.58309268995e-23, 6.02611350369e-23, 1.02252731136e-22, 1.31132777415e-22, 1.95790152235e-22, 2.82111603888e-22, 3.70172083629e-22, 4.47454173806e-22, 4.85696736853e-22, 6.69524248911e-22, 1.02789005091e-21, 1.4576895429e-21, 2.22846213262e-21],
        "var": [9.99145433056e-10, 1.15443344839e-06, 2.83602935269e-06, 2.33820719586e-06, 3.36178381986e-05, 4.00284225179e-05, 4.40939729742e-05, 2.76076807495e-05, 9.77263516688e-06, 1.97564691007e-06, 1.29620241296e-06, 2.77836102214e-06, 1.94589438252e-06, 6.89347814387e-07, 1.04684750113e-06, 1.00839599781e-06, 9.97062556962e-07, 3.07592102899e-07, 9.95575192064e-07, 1.23418544717e-07, 1.39057277693e-07, 1.93373224988e-07, 1.9865264278e-07, 2.55110226277e-08, 7.98134405788e-11, 4.90477505219e-17, 1.56094378942e-18]
    },
    "erbbands": {
        "dmean": [0.00295992800966, 0.0543818846345, 0.399331063032, 0.924200952053, 3.44924354553, 8.75337409973, 13.5897016525, 13.818567276, 21.9157867432, 25.2253379822, 32.2880020142, 17.040014267, 11.0962581635, 12.1858968735, 11.034535408, 18.712594986, 15.5289306641, 11.4888658524, 13.7970075607, 15.3186721802, 15.6068181992, 16.2086734772, 9.31932640076, 10.8207530975, 11.1141300201, 4.09397363663, 2.69129157066, 2.99079489708, 2.80563807487, 2.11775970459, 1.94086050987, 0.913496673107, 0.189545750618, 0.0286004282534, 0.00107099558227, 7.0419984695e-05, 1.14861886686e-05, 3.23269932778e-06, 4.15940758103e-06, 8.23976461106e-06],
        "dmean2": [0.00489975977689, 0.0826881229877, 0.61258482933, 1.46923363209, 5.39659690857, 13.5538473129, 21.1946277618, 21.3397922516, 34.0596122742, 38.2902526855, 49.3179664612, 25.4828662872, 16.5078620911, 18.6524085999, 17.1575889587, 29.6306877136, 23.3792228699, 18.0685367584, 22.019536972, 24.1468257904, 24.7785434723, 25.9129276276, 14.5350208282, 16.4381256104, 16.9230918884, 6.28931236267, 4.16462039948, 4.42821073532, 4.00697135925, 3.01449513435, 2.70652675629, 1.30959403515, 0.260706663132, 0.0405626781285, 0.00153104087804, 9.67945888988e-05, 1.55736179295e-05, 4.44732677352e-06, 6.03268472332e-06, 1.22076562548e-05],
        "dvar": [8.75493351487e-05, 0.0120444009081, 0.565772414207, 3.19752025604, 48.3266944885, 249.628768921, 788.930664062, 3016.3293457, 5947.76708984, 5442.83056641, 7319.79052734, 3263.3359375, 1442.25476074, 903.631713867, 1145.59802246, 3262.79443359, 1969.6829834, 1165.10205078, 1165.08508301, 1337.70031738, 1169.98547363, 1493.92541504, 436.872131348, 815.243164062, 789.010070801, 132.753997803, 82.2372131348, 151.910995483, 110.211685181, 88.4748077393, 66.5099563599, 17.1528759003, 0.671604573727, 0.0177413132042, 3.42234088748e-05, 9.52950358624e-08, 1.22729826302e-09, 8.25869511667e-11, 4.51042155014e-11, 1.89188081867e-10],
        "dvar2": [0.000219295849092, 0.0239019524306, 1.32354915142, 7.94334125519, 110.286331177, 583.869812012, 1736.14379883, 6432.92578125, 13485.3339844, 11607.1103516, 15527.28125, 6939.04541016, 3051.24755859, 1985.27294922, 2645.80541992, 7785.55371094, 4185.51855469, 2633.76123047, 2658.99609375, 3061.93481445, 2731.51879883, 3824.71948242, 1062.7364502, 1869.54272461, 1835.03625488, 303.216766357, 179.955154419, 325.056518555, 216.070556641, 192.542617798, 133.423431396, 35.577205658, 1.29899609089, 0.034059420228, 7.28325539967e-05, 1.8809470248e-07, 2.19715734495e-09, 1.48306991687e-10, 8.48701248168e-11, 3.57386564787e-10],
        "max": [0.424668669701, 6.14943027496, 32.3602981567, 43.1653175354, 214.267440796, 367.56817627, 798.255493164, 2554.85864258, 2990.66577148, 1817.9375, 1963.24499512, 2068.39746094, 1822.59545898, 762.141845703, 1061.90515137, 1579.71289062, 1093.14685059, 1067.28796387, 1234.7376709, 1078.40148926, 1073.77099609, 827.291259766, 519.685913086, 1252.48547363, 808.229675293, 326.968078613, 258.334014893, 377.781677246, 272.792541504, 486.932342529, 272.66418457, 119.346290588, 27.9143505096, 5.76214408875, 0.251199305058, 0.012370698154, 0.000998629489914, 0.000284534704406, 0.000150513646076, 0.00030316048651],
        "mean": [0.00569817284122, 0.134168043733, 0.979816257954, 1.89709126949, 6.25744628906, 16.8992443085, 23.5211143494, 22.21443367, 32.1842002869, 38.202167511, 50.6147613525, 26.1606521606, 17.9426288605, 23.1396427155, 17.9765129089, 30.1850643158, 24.6473655701, 18.1039409637, 22.5339336395, 27.0586891174, 30.0793170929, 28.1731376648, 17.0669593811, 20.9027042389, 20.407989502, 7.39629030228, 4.59069681168, 4.84469795227, 4.70084428787, 3.81684041023, 3.48740148544, 1.56734406948, 0.338973462582, 0.0502615720034, 0.00182442576624, 0.00014091686171, 2.81017310044e-05, 7.99085773906e-06, 1.27273615362e-05, 2.5054154321e-05],
        "median": [0.00228147022426, 0.0439633987844, 0.327078074217, 0.802659094334, 2.87471795082, 8.21393013, 11.9023628235, 9.73303604126, 9.5527305603, 10.575633049, 14.8167772293, 7.08805894852, 6.67118549347, 8.69467353821, 6.21403169632, 6.9356174469, 7.5776309967, 7.69023895264, 8.38161754608, 9.39165115356, 11.5804767609, 8.89417362213, 5.75589609146, 4.9827170372, 4.81026887894, 2.58893728256, 1.13202738762, 0.809719800949, 0.700223743916, 0.57026219368, 0.453602284193, 0.17493031919, 0.0514178201556, 0.00932181067765, 0.000315484270686, 4.06659346481e-05, 1.37569568324e-05, 3.89505203202e-06, 1.06576717371e-05, 2.17782362597e-05],
        "min": [2.17268499656e-22, 4.1598953395e-21, 8.94199932849e-21, 1.30462069951e-20, 2.79517382926e-20, 2.71500774944e-20, 5.25613470242e-20, 7.32964029925e-20, 9.55699147338e-20, 4.27558103949e-19, 8.15464943345e-19, 9.6906452488e-19, 5.28652266856e-19, 1.21046705369e-18, 1.61918474917e-18, 1.70030035479e-18, 1.69419141917e-18, 3.84764013187e-18, 3.74583653234e-18, 4.05596143324e-18, 3.95219948361e-18, 7.56246069996e-18, 7.84866767344e-18, 5.72246112024e-18, 8.9241588069e-18, 1.40988964943e-17, 1.16361961766e-17, 1.7077610276e-17, 1.62181017908e-17, 1.34895332165e-17, 1.34819297723e-17, 1.22092875845e-17, 1.21306284985e-17, 9.65209428956e-18, 6.7699505356e-18, 4.99942089245e-18, 2.76055358059e-18, 1.1590802159e-18, 2.87875034889e-19, 3.25164504924e-20],
        "var": [0.000118195508549, 0.111133985221, 3.79929232597, 10.0388975143, 111.933753967, 688.610534668, 1539.10986328, 3891.42431641, 8733.45898438, 8509.99707031, 12192.5664062, 4948.72753906, 2273.63671875, 2134.4050293, 1706.19592285, 5734.04882812, 3612.98071289, 1771.52062988, 1934.46740723, 2608.01391602, 2631.80664062, 2764.16479492, 900.266357422, 1907.35766602, 1712.93041992, 239.534820557, 158.833587646, 307.725280762, 265.125915527, 178.257171631, 164.753921509, 38.4583854675, 1.66215503216, 0.0454886704683, 7.80831323937e-05, 2.55554596151e-07, 3.90787135984e-09, 2.62197291656e-10, 1.26606211626e-10, 4.73434069725e-10]
    },
    "gfcc": {
        "mean": [-64.9856414795, 146.937713623, -171.344604492, 42.8176040649, -75.4960861206, -4.77481603622, -36.7225799561, -18.5167751312, 0.74863666296, -28.111782074, 7.11797428131, -19.8423671722, 0.309567064047],
        "cov": [[5635.60205078, -454.829986572, -752.943054199, 271.959106445, -523.451293945, -274.12588501, -230.815658569, -159.972625732, -77.2822494507, -319.168762207, -64.4243392944, -64.9535751343, -219.521530151], [-454.829986572, 1424.19787598, 505.53314209, -473.170715332, 304.353668213, -292.650482178, 6.77466917038, -100.958229065, -6.60265779495, -52.5257492065, 46.1423225403, -97.1835632324, -4.997610569], [-752.943054199, 505.53314209, 816.78125, -45.0892181396, 6.20978498459, -2.54329800606, -31.4426364899, -57.5822181702, -5.10234117508, 21.2405643463, -12.4903516769, -9.50372886658, -2.96336889267], [271.959106445, -473.170715332, -45.0892181396, 452.172912598, -59.8325042725, 97.7712478638, -28.2086143494, 32.5803871155, 48.0579338074, 27.1454696655, -28.9158992767, 39.323764801, 8.8743057251], [-523.451293945, 304.353668213, 6.20978498459, -59.8325042725, 334.00302124, -26.8150997162, 24.7490711212, 44.731174469, 44.4578514099, 34.7651672363, 18.2457637787, -26.4061603546, 33.7519340515], [-274.12588501, -292.650482178, -2.54329800606, 97.7712478638, -26.8150997162, 340.029449463, 91.1609268188, 61.8072662354, 23.248090744, 72.9809112549, 2.80053973198, 37.7847862244, 34.1333312988], [-230.815658569, 6.77466917038, -31.4426364899, -28.2086143494, 24.7490711212, 91.1609268188, 192.454284668, 67.3940048218, -9.59373283386, 33.5553283691, 25.0192527771, 13.5404405594, 3.42329096794], [-159.972625732, -100.958229065, -57.5822181702, 32.5803871155, 44.731174469, 61.8072662354, 67.3940048218, 182.072509766, 46.2224731445, 38.7129211426, 48.9469528198, -13.9841270447, 7.28621292114], [-77.2822494507, -6.60265779495, -5.10234117508, 48.0579338074, 44.4578514099, 23.248090744, -9.59373283386, 46.2224731445, 148.25668335, 67.1013336182, -3.29874181747, 8.10772800446, 8.5625295639], [-319.168762207, -52.5257492065, 21.2405643463, 27.1454696655, 34.7651672363, 72.9809112549, 33.5553283691, 38.7129211426, 67.1013336182, 137.955215454, 36.5607032776, 5.44164276123, 36.3627738953], [-64.4243392944, 46.1423225403, -12.4903516769, -28.9158992767, 18.2457637787, 2.80053973198, 25.0192527771, 48.9469528198, -3.29874181747, 36.5607032776, 104.827545166, 13.2194271088, -6.03344297409], [-64.9535751343, -97.1835632324, -9.50372886658, 39.323764801, -26.4061603546, 37.7847862244, 13.5404405594, -13.9841270447, 8.10772800446, 5.44164276123, 13.2194271088, 89.7646865845, 35.106174469], [-219.521530151, -4.997610569, -2.96336889267, 8.8743057251, 33.7519340515, 34.1333312988, 3.42329096794, 7.28621292114, 8.5625295639, 36.3627738953, -6.03344297409, 35.106174469, 105.555282593]],
        "icov": [[0.000352332252078, -0.00034193744068, 0.000511788821314, -0.00044502451783, 0.000693361391313, -4.65426273877e-05, 0.000278137042187, 5.25413306605e-05, -9.07185603864e-05, 0.000421678647399, -5.74603436689e-05, 0.000178483081982, 0.000348478817614], [-0.00034193744068, 0.00452496437356, -0.0029302330222, 0.00288929976523, -0.00319851073436, 0.00189461163245, -0.00299036549404, 0.00381812616251, -0.00370517163537, 0.00401862058789, -0.00459787296131, 0.00448785210028, -0.00341776991263], [0.000511788821314, -0.0029302330222, 0.00343931256793, -0.00192777835764, 0.00240769190714, -0.00123419775628, 0.00220284564421, -0.00180582841858, 0.00221002404578, -0.00243754009716, 0.00278109288774, -0.00241408892907, 0.00248898146674], [-0.00044502451783, 0.00288929976523, -0.00192777835764, 0.00485159084201, -0.00205538887531, 0.000540897424798, -0.000784746662248, 0.00100826611742, -0.00208480190486, 0.00115937856026, -0.00101332378108, 0.000709811400156, -0.00133682589512], [0.000693361391313, -0.00319851073436, 0.00240769190714, -0.00205538887531, 0.00659959530458, -0.00077228579903, 0.00144055776764, -0.00232027424499, 0.000604768458288, -0.00140903552528, 0.00177361478563, -0.000545171729755, 0.000502883456647], [-4.65426273877e-05, 0.00189461163245, -0.00123419775628, 0.000540897424798, -0.00077228579903, 0.00520054204389, -0.00266323215328, 0.00043368403567, -0.000776416272856, -0.000494780542795, -0.000415277812863, 0.000408493477153, -0.00139169872273], [0.000278137042187, -0.00299036549404, 0.00220284564421, -0.000784746662248, 0.00144055776764, -0.00266323215328, 0.00991569552571, -0.00586561812088, 0.00534410309047, -0.00526334391907, 0.00476086093113, -0.00602896837518, 0.00470550265163], [5.25413306605e-05, 0.00381812616251, -0.00180582841858, 0.00100826611742, -0.00232027424499, 0.00043368403567, -0.00586561812088, 0.0138156013563, -0.00806212611496, 0.00744923111051, -0.0106685776263, 0.00982570648193, -0.00579705974087], [-9.07185603864e-05, -0.00370517163537, 0.00221002404578, -0.00208480190486, 0.000604768458288, -0.000776416272856, 0.00534410309047, -0.00806212611496, 0.0159312505275, -0.0121768182144, 0.00999336410314, -0.00935820024461, 0.00690019642934], [0.000421678647399, 0.00401862058789, -0.00243754009716, 0.00115937856026, -0.00140903552528, -0.000494780542795, -0.00526334391907, 0.00744923111051, -0.0121768182144, 0.0212215837091, -0.0131889702752, 0.0111555000767, -0.00961853004992], [-5.74603436689e-05, -0.00459787296131, 0.00278109288774, -0.00101332378108, 0.00177361478563, -0.000415277812863, 0.00476086093113, -0.0106685776263, 0.00999336410314, -0.0131889702752, 0.0222126822919, -0.0129732079804, 0.00929244887084], [0.000178483081982, 0.00448785210028, -0.00241408892907, 0.000709811400156, -0.000545171729755, 0.000408493477153, -0.00602896837518, 0.00982570648193, -0.00935820024461, 0.0111555000767, -0.0129732079804, 0.0244145039469, -0.0119295539334], [0.000348478817614, -0.00341776991263, 0.00248898146674, -0.00133682589512, 0.000502883456647, -0.00139169872273, 0.00470550265163, -0.00579705974087, 0.00690019642934, -0.00961853004992, 0.00929244887084, -0.0119295539334, 0.0180081669241]]
    },
    "melbands": {
        "dmean": [3.68460241589e-05, 0.000159263116075, 0.000203280738788, 0.000442127260612, 0.000441367126768, 0.000319096579915, 0.000333442090778, 0.000287915667286, 0.000255986204138, 9.88638639683e-05, 5.55942788196e-05, 4.99764937558e-05, 3.83419064747e-05, 4.31472544733e-05, 5.19758796145e-05, 2.99647035717e-05, 2.23126680794e-05, 2.12342456507e-05, 2.67646028078e-05, 2.1163643396e-05, 1.96963592316e-05, 2.02033006644e-05, 1.04088030639e-05, 8.06977368484e-06, 9.5604946182e-06, 1.02891053757e-05, 5.68136056245e-06, 2.45311343861e-06, 1.80540121164e-06, 1.76301296051e-06, 1.89271963791e-06, 1.73969021944e-06, 1.40493375511e-06, 1.19988624192e-06, 1.2445318589e-06, 9.61610908234e-07, 4.46973700718e-07, 1.54038389155e-07, 5.73189495867e-08, 1.23274581654e-08],
        "dmean2": [5.81860113016e-05, 0.000242882757448, 0.000320324557833, 0.00068516493775, 0.000686435203534, 0.00049187336117, 0.000515688559972, 0.000437408627477, 0.000388938584365, 0.000148028615513, 8.29002383398e-05, 7.6878015534e-05, 5.94865196035e-05, 6.87333304086e-05, 7.99532572273e-05, 4.60167429992e-05, 3.55166375812e-05, 3.39676989825e-05, 4.27488557762e-05, 3.41632548952e-05, 3.15219986078e-05, 3.25544606312e-05, 1.6606920326e-05, 1.25809456222e-05, 1.46958755067e-05, 1.55983470904e-05, 8.86390171217e-06, 3.84786198993e-06, 2.8556153211e-06, 2.74645640275e-06, 2.84177576759e-06, 2.54359451901e-06, 2.07026050703e-06, 1.73659657321e-06, 1.77848050953e-06, 1.38816608342e-06, 6.56690190226e-07, 2.20616200863e-07, 8.14694729456e-08, 1.86414812475e-08],
        "dvar": [7.34231075938e-09, 8.82014745685e-08, 1.51316839947e-07, 6.03610999406e-07, 7.25852601136e-07, 1.28746546579e-06, 1.29624243073e-06, 6.68553468586e-07, 4.45384046088e-07, 1.20521988833e-07, 3.58407099554e-08, 1.522599824e-08, 1.34544615449e-08, 1.91284179607e-08, 2.13318500641e-08, 1.12788463014e-08, 4.3302255115e-09, 3.35625793824e-09, 4.47832304573e-09, 2.96616486928e-09, 1.86209259123e-09, 2.40132402851e-09, 5.1941440038e-10, 4.44746461881e-10, 6.80194567337e-10, 7.58198892559e-10, 2.17692169846e-10, 5.38473328426e-11, 3.8562507354e-11, 4.10437864251e-11, 6.99918595304e-11, 4.34600307131e-11, 3.02994539181e-11, 3.64108847239e-11, 2.699679022e-11, 2.00379348531e-11, 3.97740868019e-12, 4.76975284356e-13, 6.53532607263e-14, 4.87762525072e-15],
        "dvar2": [1.6938823677e-08, 1.97976348204e-07, 3.64969849898e-07, 1.36969606501e-06, 1.62645710589e-06, 2.70175360129e-06, 2.88485671263e-06, 1.41181794788e-06, 9.47872479173e-07, 2.57883982613e-07, 7.55016458243e-08, 3.36448486848e-08, 3.08577519093e-08, 4.53062121153e-08, 4.82648587763e-08, 2.63418140634e-08, 9.78090586301e-09, 7.55691242915e-09, 1.06258797317e-08, 7.1171983862e-09, 4.42941150425e-09, 6.1096030457e-09, 1.27406996064e-09, 1.06718323067e-09, 1.57134882883e-09, 1.74035852396e-09, 5.03210750846e-10, 1.26268356881e-10, 9.08405642375e-11, 9.17500658781e-11, 1.54086132742e-10, 8.81708664413e-11, 6.53033391251e-11, 8.42342931517e-11, 5.60784613191e-11, 4.37538720532e-11, 8.55542633266e-12, 9.70082304416e-13, 1.26237751806e-13, 1.01851104048e-14],
        "max": [0.00321590597741, 0.0141119705513, 0.0105778807774, 0.0175321958959, 0.0247957147658, 0.0515433065593, 0.0463848486543, 0.0168717540801, 0.0138006601483, 0.0129104601219, 0.00878873467445, 0.00297638773918, 0.00361802615225, 0.00328043662012, 0.00258162850514, 0.00358922732994, 0.00185975711793, 0.00178137712646, 0.00141226046253, 0.00143052905332, 0.00132074626163, 0.00097684294451, 0.000514050072525, 0.000661547470372, 0.00117652490735, 0.000875844736584, 0.000390954694012, 0.000226473566727, 0.000212554892641, 0.000186120669241, 0.000261952140136, 0.00017123001453, 0.000145683647133, 0.000354859250365, 0.000164415701875, 0.000154718494741, 5.90992312937e-05, 2.13872936001e-05, 8.67604558152e-06, 3.57971907761e-06],
        "mean": [8.08188560768e-05, 0.000395675451728, 0.000408416963182, 0.000851676508319, 0.000814102881122, 0.000522838556208, 0.000493398867548, 0.000435605441453, 0.000399756798288, 0.000145961370436, 8.61170847202e-05, 9.24259948079e-05, 6.04021188337e-05, 6.38626006548e-05, 8.18233093014e-05, 4.32714259659e-05, 3.22163432429e-05, 3.20835497405e-05, 4.15532522311e-05, 3.61323654943e-05, 3.51893068e-05, 3.28553032887e-05, 1.68526057678e-05, 1.36183371069e-05, 1.71251522261e-05, 1.86225151992e-05, 8.86375346454e-06, 4.04204001825e-06, 2.84729912892e-06, 2.71926387541e-06, 2.85664623334e-06, 2.73870614365e-06, 2.30480691243e-06, 2.05576952794e-06, 2.14716351365e-06, 1.54943916186e-06, 7.15803764706e-07, 2.55121079817e-07, 9.72516360775e-08, 1.76563883514e-08],
        "median": [3.53226641892e-05, 0.000131259468617, 0.000198417939828, 0.000423593708547, 0.000454254710348, 0.00023900490487, 0.000140194155392, 0.000117761490401, 0.000111654109787, 3.47388631781e-05, 2.92331569653e-05, 3.28501773765e-05, 1.94575241039e-05, 1.65239362104e-05, 1.68012047652e-05, 1.24685566334e-05, 1.23606123452e-05, 1.11355220724e-05, 1.2494549992e-05, 1.17294866868e-05, 1.18554062283e-05, 8.55365397001e-06, 5.32636795469e-06, 3.69620101992e-06, 3.51747894456e-06, 3.38205177286e-06, 2.22178346121e-06, 1.11142935566e-06, 6.03855767167e-07, 4.04120385156e-07, 3.60429027069e-07, 3.74012273596e-07, 2.93832499665e-07, 2.7580705364e-07, 2.61227995679e-07, 1.58954421181e-07, 6.91178030365e-08, 3.4206724564e-08, 1.91800832994e-08, 2.31649344151e-09],
        "min": [3.85819286412e-24, 6.67485346394e-24, 2.50807261041e-24, 2.42256817411e-24, 1.39747340449e-24, 1.59480715714e-24, 1.06941908895e-24, 5.67305494014e-24, 6.42070535724e-24, 5.17950214264e-24, 2.58017745537e-24, 4.45820322965e-24, 6.22432237919e-24, 6.13620898266e-24, 3.26117681738e-24, 4.31622364949e-24, 7.16703088246e-24, 4.51424824709e-24, 5.35899718643e-24, 3.50055133426e-24, 4.51809276071e-24, 6.23104662955e-24, 4.87768751018e-24, 5.32230411029e-24, 4.00488509932e-24, 7.50315820328e-24, 4.45251002049e-24, 1.13012702376e-23, 5.71167520348e-24, 8.55148492656e-24, 8.41076791829e-24, 8.58771257477e-24, 7.27736096866e-24, 7.42003435198e-24, 6.39615285043e-24, 5.88881549747e-24, 7.6223140653e-24, 7.98015399368e-24, 8.04273827359e-24, 6.66192482257e-24],
        "var": [2.85996701876e-08, 6.62689046749e-07, 4.07671507219e-07, 1.69689485574e-06, 1.50342111738e-06, 1.76418143383e-06, 1.98495376935e-06, 1.05298192921e-06, 7.57183215683e-07, 1.80971724717e-07, 5.67170950205e-08, 3.62921284136e-08, 1.99705478821e-08, 2.81931580304e-08, 4.23040020792e-08, 1.72994241154e-08, 6.28880902909e-09, 5.10155295785e-09, 7.69687336089e-09, 5.70785019249e-09, 3.90795662497e-09, 4.31455049466e-09, 1.0313241372e-09, 7.90767729075e-10, 1.50543610911e-09, 1.76318981637e-09, 3.83236331558e-10, 9.18073533862e-11, 6.18605305869e-11, 8.31816768243e-11, 1.25976604148e-10, 9.63426491363e-11, 6.51545137287e-11, 5.9730900781e-11, 6.31035293464e-11, 4.06776730355e-11, 8.43069624529e-12, 1.07299097992e-12, 1.5566226693e-13, 1.02861707528e-14]
    },
    "mfcc": {
        "mean": [-676.618713379, 144.304840088, -24.6331481934, 23.853187561, -8.09699058533, -0.14137583971, -21.4946212769, 3.49796009064, -16.5876274109, 3.18496584892, -10.2465934753, -1.52347433567, -3.07467985153],
        "cov": [[4703.39794922, -1037.75439453, -502.051879883, 215.283966064, -376.652618408, -71.4470214844, -370.587768555, 214.652740479, -358.313537598, 18.4744110107, -158.347473145, -73.6758728027, -82.1938476562], [-1037.75439453, 1935.90881348, 185.240356445, -99.6006164551, 189.734680176, -215.201873779, 74.3925704956, -163.521469116, -35.653678894, -41.2876701355, -1.43226659298, -80.5369033813, 99.5364532471], [-502.051879883, 185.240356445, 742.461914062, 26.8831691742, 4.87753295898, 77.0823745728, -14.3204288483, -32.6199874878, 5.18416976929, -59.253162384, 10.0467500687, 3.13058519363, 0.186109855771], [215.283966064, -99.6006164551, 26.8831691742, 293.093261719, 60.5950889587, -18.4279956818, -66.5249252319, 5.08703231812, -15.8640394211, 12.2035369873, -11.3854045868, -27.680109024, -1.49368715286], [-376.652618408, 189.734680176, 4.87753295898, 60.5950889587, 266.519958496, -2.21134209633, -10.5109710693, -29.6445198059, 44.4004745483, 42.5895805359, 6.2509264946, -5.71449613571, 25.0075340271], [-71.4470214844, -215.201873779, 77.0823745728, -18.4279956818, -2.21134209633, 238.041366577, 7.53583860397, 7.20647192001, 77.8503036499, -26.4609470367, 13.7691507339, 32.3307228088, -7.45217227936], [-370.587768555, 74.3925704956, -14.3204288483, -66.5249252319, -10.5109710693, 7.53583860397, 246.545608521, 30.4903469086, 38.1453781128, 16.0753822327, 26.6834125519, 45.6680679321, -2.22832274437], [214.652740479, -163.521469116, -32.6199874878, 5.08703231812, -29.6445198059, 7.20647192001, 30.4903469086, 152.218292236, -2.52058887482, 19.1133270264, 17.3229160309, 5.73562526703, -5.78196191788], [-358.313537598, -35.653678894, 5.18416976929, -15.8640394211, 44.4004745483, 77.8503036499, 38.1453781128, -2.52058887482, 183.051773071, 19.3943328857, 20.6385097504, 29.6500244141, 3.94048857689], [18.4744110107, -41.2876701355, -59.253162384, 12.2035369873, 42.5895805359, -26.4609470367, 16.0753822327, 19.1133270264, 19.3943328857, 169.379165649, 38.9831809998, 15.4766378403, 9.90670871735], [-158.347473145, -1.43226659298, 10.0467500687, -11.3854045868, 6.2509264946, 13.7691507339, 26.6834125519, 17.3229160309, 20.6385097504, 38.9831809998, 128.159362793, 32.299659729, 3.02166366577], [-73.6758728027, -80.5369033813, 3.13058519363, -27.680109024, -5.71449613571, 32.3307228088, 45.6680679321, 5.73562526703, 29.6500244141, 15.4766378403, 32.299659729, 114.222267151, 6.10840797424], [-82.1938476562, 99.5364532471, 0.186109855771, -1.49368715286, 25.0075340271, -7.45217227936, -2.22832274437, -5.78196191788, 3.94048857689, 9.90670871735, 3.02166366577, 6.10840797424, 97.8415985107]],
