{
"lowlevel": {
    "average_loudness": 0.898285090923,
    "barkbands_crest": {
        "dmean": 2.65774989128,
        "dmean2": 4.27180576324,
        "dvar": 5.43682003021,
        "dvar2": 13.8679552078,
        "max": 24.518951416,
        "mean": 10.3838205338,
        "median": 9.65296554565,
        "min": 2.8284008503,
        "var": 17.2726860046
    },
    "barkbands_flatness_db": {
        "dmean": 0.0212366115302,
        "dmean2": 0.0345446579158,
        "dvar": 0.000336074561346,
        "dvar2": 0.000835663289763,
        "max": 0.379348188639,
        "mean": 0.180961355567,
        "median": 0.176026880741,
        "min": 0.0600978881121,
        "var": 0.00155719323084
    },
    "barkbands_kurtosis": {
        "dmean": 1.91173398495,
        "dmean2": 3.00765681267,
        "dvar": 8.63798332214,
        "dvar2": 20.4897041321,
        "max": 54.2307777405,
        "mean": 2.53828620911,
        "median": 0.776823043823,
        "min": -1.91874194145,
        "var": 25.5395870209
    },
    "barkbands_skewness": {
        "dmean": 0.453155994415,
        "dmean2": 0.708031535149,
        "dvar": 0.188240140676,
        "dvar2": 0.452273994684,
        "max": 6.33984804153,
        "mean": 1.30128264427,
        "median": 1.16516530514,
        "min": -1.9480792284,
        "var": 1.05953526497
    },
    "barkbands_spread": {
        "dmean": 5.21820926666,
        "dmean2": 7.93728971481,
        "dvar": 27.0792140961,
        "dvar2": 59.3538131714,
        "max": 92.1305847168,
        "mean": 23.5682964325,
        "median": 22.6551952362,
        "min": 1.89730525017,
        "var": 137.434814453
    },
    "dissonance": {
        "dmean": 0.017575616017,
        "dmean2": 0.0298822931945,
        "dvar": 0.000292094511678,
        "dvar2": 0.000810269964859,
        "max": 0.500000119209,
        "mean": 0.46603050828,
        "median": 0.472290307283,
        "min": 0.320052266121,
        "var": 0.000675798975863
    },
    "dynamic_complexity": 2.17140388489,
    "erbbands_crest": {
        "dmean": 2.81338429451,
        "dmean2": 4.52978754044,
        "dvar": 6.40883827209,
        "dvar2": 16.0934371948,
        "max": 31.442565918,
        "mean": 10.0245981216,
        "median": 8.93085575104,
        "min": 2.27812004089,
        "var": 23.3566989899
    },
    "erbbands_flatness_db": {
        "dmean": 0.0154240727425,
        "dmean2": 0.0235754530877,
        "dvar": 0.000202993644052,
        "dvar2": 0.000453953747638,
        "max": 0.389590829611,
        "mean": 0.210983037949,
        "median": 0.208309024572,
        "min": 0.0896803662181,
        "var": 0.00149876694195
    },
    "erbbands_kurtosis": {
        "dmean": 0.85145676136,
        "dmean2": 1.37798714638,
        "dvar": 1.26294088364,
        "dvar2": 3.15027236938,
        "max": 18.9791126251,
        "mean": 0.232228547335,
        "median": -0.229192733765,
        "min": -1.77300322056,
        "var": 2.97635912895
    },
    "erbbands_skewness": {
        "dmean": 0.369756430387,
        "dmean2": 0.568319261074,
        "dvar": 0.109636113048,
        "dvar2": 0.260183781385,
        "max": 3.57835936546,
        "mean": 0.219206348062,
        "median": 0.196064069867,
        "min": -3.25299954414,
        "var": 0.642447113991
    },
    "erbbands_spread": {
        "dmean": 7.52408123016,
        "dmean2": 11.5279808044,
        "dvar": 61.9825172424,
        "dvar2": 132.6065979,
        "max": 140.275375366,
        "mean": 36.9051361084,
        "median": 33.6744689941,
        "min": 4.9333691597,
        "var": 304.258483887
    },
    "hfc": {
        "dmean": 5.49598693848,
        "dmean2": 8.37060451508,
        "dvar": 40.3227996826,
        "dvar2": 93.3611373901,
        "max": 110.87638092,
        "mean": 22.5291614532,
        "median": 20.1257133484,
        "min": 1.10177883406e-16,
        "var": 198.815826416
    },
    "melbands_crest": {
        "dmean": 3.44359898567,
        "dmean2": 5.59893274307,
        "dvar": 8.59299659729,
        "dvar2": 22.8137931824,
        "max": 32.2380027771,
        "mean": 14.6815805435,
        "median": 14.1091604233,
        "min": 1.6210026741,
        "var": 27.54895401
    },
    "melbands_flatness_db": {
        "dmean": 0.0249428153038,
        "dmean2": 0.0377230867743,
        "dvar": 0.000549853488337,
        "dvar2": 0.00118193100207,
        "max": 0.461566507816,
        "mean": 0.19527387619,
        "median": 0.191881000996,
        "min": 0.00441247364506,
        "var": 0.00342321512289
    },
    "melbands_kurtosis": {
        "dmean": 5.05041646957,
        "dmean2": 7.96322822571,
        "dvar": 73.6781921387,
        "dvar2": 185.015808105,
        "max": 221.31552124,
        "mean": 10.2374563217,
        "median": 5.75970935822,
        "min": -1.6871355772,
        "var": 206.985107422
    },
    "melbands_skewness": {
        "dmean": 0.627434432507,
        "dmean2": 0.978180527687,
        "dvar": 0.415827006102,
        "dvar2": 1.00731265545,
        "max": 13.1939706802,
        "mean": 2.36345624924,
        "median": 2.12191772461,
        "min": -0.626619040966,
        "var": 2.24927687645
    },
    "melbands_spread": {
        "dmean": 6.85476732254,
        "dmean2": 10.7695980072,
        "dvar": 56.7931518555,
        "dvar2": 130.533172607,
        "max": 153.703567505,
        "mean": 26.3972702026,
        "median": 23.7641353607,
        "min": 1.57845199108,
        "var": 256.275604248
    },
    "pitch_salience": {
        "dmean": 0.0669412240386,
        "dmean2": 0.107702560723,
        "dvar": 0.00359163968824,
        "dvar2": 0.00901579204947,
        "max": 0.910601615906,
        "mean": 0.522216081619,
        "median": 0.520400583744,
        "min": 0.11839274317,
        "var": 0.0115140480921
    },
    "silence_rate_20dB": {
        "dmean": 0,
        "dmean2": 0,
        "dvar": 0,
        "dvar2": 0,
        "max": 1,
        "mean": 1,
        "median": 1,
        "min": 1,
        "var": 0
    },
    "silence_rate_30dB": {
        "dmean": 0.0007911392604,
        "dmean2": 0.00158248713706,
        "dvar": 0.000790387159213,
        "dvar2": 0.00210782815702,
        "max": 1,
        "mean": 0.998417913914,
        "median": 1,
        "min": 0,
        "var": 0.00157991820015
    },
    "silence_rate_60dB": {
        "dmean": 0.0029008439742,
        "dmean2": 0.00567057915032,
        "dvar": 0.00289206649177,
        "dvar2": 0.00669261300936,
        "max": 1,
        "mean": 0.00395517470315,
        "median": 0,
        "min": 0,
        "var": 0.00393914850429
    },
    "spectral_centroid": {
        "dmean": 242.086898804,
        "dmean2": 365.025268555,
        "dvar": 61717.234375,
        "dvar2": 129179.84375,
        "max": 11362.0146484,
        "mean": 1510.28686523,
        "median": 1493.14819336,
        "min": 252.212097168,
        "var": 450593.875
    },
    "spectral_complexity": {
        "dmean": 3.56751060486,
        "dmean2": 5.68126058578,
        "dvar": 11.2775535583,
        "dvar2": 24.9659175873,
        "max": 59,
        "mean": 20.9119319916,
        "median": 21,
        "min": 0,
        "var": 64.8441848755
    },
    "spectral_decrease": {
        "dmean": 2.00868988109e-09,
        "dmean2": 3.18047521652e-09,
        "dvar": 5.0357444611e-18,
        "dvar2": 1.19109475258e-17,
        "max": 2.62785166358e-29,
        "mean": -6.93297241838e-09,
        "median": -6.30781693545e-09,
        "min": -4.20528607492e-08,
        "var": 1.6695434635e-17
    },
    "spectral_energy": {
        "dmean": 0.00794113427401,
        "dmean2": 0.0125417653471,
        "dvar": 7.79857145972e-05,
        "dvar2": 0.00018422404537,
        "max": 0.164210394025,
        "mean": 0.0282100681216,
        "median": 0.0259034764022,
        "min": 1.02687534102e-20,
        "var": 0.000264576257905
    },
    "spectral_energyband_high": {
        "dmean": 0.000266402814304,
        "dmean2": 0.000378940807423,
        "dvar": 1.46669165701e-07,
        "dvar2": 2.89678666832e-07,
        "max": 0.0140544781461,
        "mean": 0.00068005931098,
        "median": 0.000519471475855,
        "min": 7.38212975588e-21,
        "var": 4.62708754867e-07
    },
    "spectral_energyband_low": {
        "dmean": 0.00389361823909,
        "dmean2": 0.00612459518015,
        "dvar": 2.93890498142e-05,
        "dvar2": 7.40530886105e-05,
        "max": 0.0669267177582,
        "mean": 0.00824767351151,
        "median": 0.00635611312464,
        "min": 1.52791549947e-23,
        "var": 7.50334438635e-05
    },
    "spectral_energyband_middle_high": {
        "dmean": 0.00252932892181,
        "dmean2": 0.00387207651511,
        "dvar": 1.41262817124e-05,
        "dvar2": 3.25738801621e-05,
        "max": 0.101389370859,
        "mean": 0.00804252084345,
        "median": 0.00486617907882,
        "min": 1.42645034813e-21,
        "var": 6.56592965242e-05
    },
    "spectral_energyband_middle_low": {
        "dmean": 0.00522714201361,
        "dmean2": 0.00833452772349,
        "dvar": 6.00986204518e-05,
        "dvar2": 0.000143321871292,
        "max": 0.146983399987,
        "mean": 0.0124903209507,
        "median": 0.00810499954969,
        "min": 2.24705678322e-22,
        "var": 0.000157581773237
    },
    "spectral_entropy": {
        "dmean": 0.140904262662,
        "dmean2": 0.208905369043,
        "dvar": 0.0204248912632,
        "dvar2": 0.0422940440476,
        "max": 9.81219387054,
        "mean": 7.50986385345,
        "median": 7.57243251801,
        "min": 6.01378679276,
        "var": 0.143068373203
    },
    "spectral_flux": {
        "dmean": 0.0228928439319,
        "dmean2": 0.0354547686875,
        "dvar": 0.000524776638485,
        "dvar2": 0.00114410009701,
        "max": 0.313386827707,
        "mean": 0.0888470709324,
        "median": 0.0825924426317,
        "min": 6.2810749657e-11,
        "var": 0.00150819751434
    },
    "spectral_kurtosis": {
        "dmean": 2.11841011047,
        "dmean2": 3.67365455627,
        "dvar": 6.34145212173,
        "dvar2": 17.6603240967,
        "max": 59.9178123474,
        "mean": 3.16575455666,
        "median": 2.18760585785,
        "min": -1.2491838932,
        "var": 13.0225486755
    },
    "spectral_rms": {
        "dmean": 0.000727443955839,
        "dmean2": 0.00113873637747,
        "dvar": 5.06507660702e-07,
        "dvar2": 1.153503149e-06,
        "max": 0.0126572214067,
        "mean": 0.00502963922918,
        "median": 0.0050270948559,
        "min": 3.16516929853e-12,
        "var": 2.22486028179e-06
    },
    "spectral_rolloff": {
        "dmean": 439.751647949,
        "dmean2": 730.92401123,
        "dvar": 408165.625,
        "dvar2": 882037.375,
        "max": 19099.9511719,
        "mean": 1557.65698242,
        "median": 1399.65820312,
        "min": 64.599609375,
        "var": 1393581.625
    },
    "spectral_skewness": {
        "dmean": 0.261176019907,
        "dmean2": 0.429603546858,
        "dvar": 0.063536696136,
        "dvar2": 0.16445183754,
        "max": 5.78580379486,
        "mean": 1.11733448505,
        "median": 1.01889574528,
        "min": -0.420767366886,
        "var": 0.245801702142
    },
    "spectral_spread": {
        "dmean": 359063.9375,
        "dmean2": 530979.0625,
        "dvar": 380836872192,
        "dvar2": 606597152768,
        "max": 41984548,
        "mean": 3531705,
        "median": 3327715.25,
        "min": 1153219.375,
        "var": 2.21603273114e+12
    },
    "spectral_strongpeak": {
        "dmean": 0.651373445988,
        "dmean2": 1.1065261364,
        "dvar": 1.145570755,
        "dvar2": 3.00416517258,
        "max": 12.715970993,
        "mean": 1.23745906353,
        "median": 0.627288043499,
        "min": 3.33896049698e-10,
        "var": 2.07693529129
    },
    "zerocrossingrate": {
        "dmean": 0.00846495851874,
        "dmean2": 0.00999254081398,
        "dvar": 8.045816503e-05,
        "dvar2": 0.000104026752524,
        "max": 0.5517578125,
        "mean": 0.0598342493176,
        "median": 0.05712890625,
        "min": 0.00439453125,
        "var": 0.00079442030983
    },
    "barkbands": {
        "dmean": [0.000136430448038, 0.00280455872416, 0.00168249069247, 0.00111611268949, 0.00189913250506, 0.00126475084107, 0.00176903011743, 0.00072222558083, 0.000472836080007, 0.0012433603406, 0.000468224054202, 0.000339044869179, 0.000335920456564, 0.000318831880577, 0.00053701113211, 0.000339651858667, 0.000392568326788, 0.000316245073918, 0.000219031047891, 0.000148803126649, 7.87954850239e-05, 7.34310378903e-05, 8.51241711644e-05, 3.70977322746e-05, 1.28782710362e-06, 1.71926639592e-09, 1.40306188889e-09],
        "dmean2": [0.000223630835535, 0.00434580910951, 0.00275109428912, 0.00191300024744, 0.00317541556433, 0.00199854769744, 0.00284740887582, 0.00117284920998, 0.000738415576052, 0.0019228371093, 0.000730671104975, 0.000546284602024, 0.000541185378097, 0.000517603824846, 0.000847187417094, 0.000540913781151, 0.000641327002086, 0.000506930868141, 0.000356861070031, 0.000236444699112, 0.000121729106468, 0.000108514417661, 0.000126673068735, 5.51472548977e-05, 2.12995701077e-06, 2.9749775976e-09, 2.52306131543e-09],
        "dvar": [5.83185411074e-08, 2.10091129702e-05, 1.2083420188e-05, 7.46851264921e-06, 1.47664459291e-05, 8.89981674845e-06, 1.54961544467e-05, 8.24733706395e-06, 1.69777194969e-06, 8.68592178449e-06, 1.42754629451e-06, 4.31234553844e-07, 7.76241961375e-07, 7.18836190572e-07, 1.47780883708e-06, 3.83434752393e-07, 5.83616497352e-07, 3.08180545971e-07, 1.66696452197e-07, 5.01507528838e-08, 1.21092078587e-08, 2.03855901049e-08, 2.09168149468e-08, 4.6149692956e-09, 6.29732160515e-12, 1.38867314169e-15, 1.98454856458e-16],
        "dvar2": [1.52650372343e-07, 5.14943531016e-05, 3.04385011987e-05, 1.98042398551e-05, 3.69592635252e-05, 2.11657115869e-05, 3.83429542126e-05, 2.21972804866e-05, 3.81551126338e-06, 1.96438431885e-05, 3.19307605423e-06, 1.04016999103e-06, 1.72400802967e-06, 1.72923910213e-06, 3.40530323228e-06, 9.09126981696e-07, 1.53430164573e-06, 7.48176034904e-07, 4.38388639168e-07, 1.20673547599e-07, 2.911961694e-08, 4.47313865948e-08, 4.40099725552e-08, 9.71624025681e-09, 1.67834825898e-11, 3.46908505713e-15, 4.9625696322e-16],
        "max": [0.00411309255287, 0.0638926774263, 0.0430786013603, 0.0428973175585, 0.139374628663, 0.0799398571253, 0.0680361688137, 0.0961213111877, 0.0358805879951, 0.0965611040592, 0.0278497189283, 0.0184305999428, 0.0194619297981, 0.0267642512918, 0.041401963681, 0.0117403268814, 0.0156237659976, 0.0108199650422, 0.0116135086864, 0.00603427831084, 0.00204153661616, 0.00650556664914, 0.00428907573223, 0.0020566273015, 6.81482924847e-05, 2.29670445151e-06, 8.65469814926e-07],
        "mean": [0.000188769801753, 0.00492729619145, 0.00234728096984, 0.0012719403021, 0.00319262198173, 0.00245902244933, 0.00293695507571, 0.00112042506225, 0.000755883811507, 0.00247116223909, 0.000805968826171, 0.000566780625377, 0.000540159235243, 0.000487587240059, 0.000930038047954, 0.000592656084336, 0.000705849553924, 0.000598707585596, 0.000459337403299, 0.000302794098388, 0.000151178523083, 0.000145703656017, 0.000174573608092, 7.56272929721e-05, 1.77454955974e-06, 1.21307608403e-09, 1.07136666205e-09],
        "median": [4.44067663921e-05, 0.00215256772935, 0.00083686131984, 0.000352866423782, 0.00112423009705, 0.000825795985293, 0.00122347066645, 0.000305374647724, 0.000195639033336, 0.000553669582587, 0.000176141998963, 0.000263448193436, 0.000149647399667, 0.000173210457433, 0.000380800454877, 0.000304471439449, 0.000346764631104, 0.000285663787508, 0.000240564535488, 0.000183556403499, 0.000107893683889, 9.51956026256e-05, 0.000104693332105, 3.18739112117e-05, 6.22828849828e-07, 3.8176717343e-10, 3.96284532966e-10],
        "min": [8.05646879208e-25, 7.08056778294e-24, 3.89635322155e-24, 9.43583054183e-25, 1.05580693904e-23, 2.16169266161e-23, 1.622750622e-23, 6.17326887913e-24, 3.4749322875e-23, 1.87246895917e-23, 5.70227537359e-23, 6.08563148127e-23, 6.34958497125e-23, 8.89439471568e-23, 9.21376978633e-23, 4.60987341382e-23, 1.9048877976e-22, 1.21855571221e-22, 1.78467675525e-22, 2.86068227266e-22, 2.38310184167e-22, 4.19697730514e-22, 4.8990771423e-22, 6.9667621018e-22, 9.56438084581e-22, 1.46975777684e-21, 2.16890028175e-21],
        "var": [1.11721014662e-07, 4.58120266558e-05, 1.49968072947e-05, 6.92629873811e-06, 3.9287704567e-05, 2.78899424302e-05, 2.71125772997e-05, 1.03927750388e-05, 4.02372006647e-06, 2.96928137686e-05, 3.95306778955e-06, 1.17710283121e-06, 1.75960087745e-06, 1.4243039459e-06, 3.27030670633e-06, 8.63498200943e-07, 1.24657435663e-06, 7.63963271311e-07, 4.6055751568e-07, 1.48882563167e-07, 2.89067489945e-08, 4.1058697775e-08, 4.59817783849e-08, 1.27978525555e-08, 9.18333725036e-12, 6.96737697495e-16, 1.00699478847e-16]
    },
    "erbbands": {
        "dmean": [0.0833782553673, 0.660942137241, 1.67043972015, 2.90617895126, 4.90346097946, 6.87230730057, 9.72641944885, 9.31410312653, 23.8288288116, 18.0542545319, 15.987200737, 10.5596380234, 28.7938117981, 36.7316513062, 10.804224968, 14.3446998596, 14.6585683823, 15.03647995, 23.9569950104, 20.5782756805, 18.6687488556, 17.5136375427, 16.014585495, 13.9901647568, 8.67912006378, 6.9171257019, 3.56069850922, 2.91202259064, 2.6255209446, 2.90386939049, 2.24869441986, 1.44130849838, 0.3126308918, 0.0319908857346, 0.00106524105649, 7.24818164599e-05, 1.41659675137e-05, 4.10614347857e-06, 4.37893913841e-06, 9.14219526749e-06],
        "dmean2": [0.125399783254, 1.01494145393, 2.62854599953, 4.80253076553, 8.54189395905, 11.1811962128, 15.4889678955, 14.789185524, 38.5288543701, 29.2892475128, 25.5667991638, 16.3284759521, 43.8388938904, 56.7063484192, 16.9616794586, 23.0164413452, 23.2476119995, 24.5230026245, 37.8241691589, 32.7896003723, 30.3942947388, 27.83685112, 25.7063465118, 22.5447101593, 13.9984445572, 10.9280834198, 5.64983606339, 4.42433071136, 3.94695162773, 4.24906396866, 3.39423322678, 2.20469260216, 0.46402874589, 0.0487660057843, 0.00159150210675, 0.000103496182419, 2.03040253837e-05, 5.92778360442e-06, 6.7155524448e-06, 1.43440083775e-05],
        "dvar": [0.0216895546764, 1.2076048851, 10.1636333466, 41.6143035889, 137.184188843, 274.891540527, 613.883239746, 520.823730469, 2700.65332031, 2497.3840332, 3894.17700195, 811.155273438, 6356.59472656, 7244.13427734, 650.678710938, 687.462402344, 1381.03149414, 1209.65344238, 3184.4934082, 1606.96105957, 1183.13415527, 1409.38098145, 868.190063477, 801.309387207, 188.926193237, 120.622245789, 30.7342166901, 16.9294109344, 27.791847229, 26.4909343719, 16.6849861145, 6.87083244324, 0.336449295282, 0.00317178061232, 3.36279526891e-06, 3.09831449385e-08, 5.26078514085e-09, 9.30547860989e-10, 2.36063703307e-11, 1.0082334273e-10],
        "dvar2": [0.053414542228, 2.81911587715, 24.2043476105, 105.441123962, 376.198791504, 614.106445312, 1432.89477539, 1235.33337402, 6654.87451172, 6216.00195312, 10319.3798828, 1837.19067383, 14366.6982422, 16559.1601562, 1520.03796387, 1612.94055176, 3073.96801758, 2974.28271484, 7200.26416016, 3704.14453125, 2933.76928711, 3617.1862793, 2129.9440918, 2128.23510742, 475.191375732, 287.235473633, 77.633644104, 36.2478294373, 63.4835929871, 55.9592971802, 37.328327179, 14.5284938812, 0.724825024605, 0.00697316788137, 7.45932220525e-06, 7.06757745661e-08, 1.29345130162e-08, 2.30662267064e-09, 5.41060946047e-11, 2.37237895995e-10],
        "max": [2.93438124657, 14.0717735291, 40.9543151855, 114.305671692, 163.607559204, 854.343566895, 701.719299316, 744.721374512, 1027.52600098, 971.584655762, 1834.69396973, 745.427185059, 1989.40466309, 3267.66308594, 926.044250488, 939.691223145, 923.047607422, 950.198425293, 1786.59448242, 1577.390625, 797.328430176, 835.516906738, 638.48626709, 753.256958008, 312.879638672, 279.753051758, 121.777442932, 117.748519897, 209.459243774, 208.075439453, 108.373168945, 73.6375808716, 16.3311576843, 1.77980351448, 0.0444934889674, 0.00837904959917, 0.00434018531814, 0.00186447054148, 0.000104271537566, 0.000185164695722],
        "mean": [0.14281655848, 1.09370517731, 2.58707308769, 4.0920920372, 6.05968093872, 11.9998960495, 19.4271354675, 17.278295517, 41.0357780457, 28.7697887421, 26.0347175598, 18.7300071716, 57.6209449768, 73.0317077637, 21.9645195007, 24.7921905518, 25.4494514465, 24.8555297852, 42.4531936646, 40.206741333, 36.1428146362, 36.4233131409, 33.1417808533, 28.7666759491, 20.0350761414, 14.5774345398, 7.42324495316, 5.32642650604, 5.05146932602, 5.49017810822, 4.61593770981, 2.93256807327, 0.64290958643, 0.0621876493096, 0.00220021652058, 0.000184173055459, 4.15203430748e-05, 1.18211592053e-05, 1.75606965058e-05, 3.42770981661e-05],
        "median": [0.0362155772746, 0.485771089792, 1.26172637939, 1.40930712223, 2.14669322968, 3.38473057747, 5.79447507858, 6.19050931931, 18.3235301971, 11.3447294235, 8.22834777832, 6.28049087524, 11.6377305984, 19.0538463593, 8.74854373932, 12.1966876984, 8.11947441101, 11.1813049316, 17.965215683, 22.2202835083, 20.5672569275, 18.6784534454, 16.087469101, 14.1335964203, 11.6451835632, 9.02146625519, 5.29774618149, 3.78747749329, 3.27405333519, 3.22461748123, 2.7625515461, 1.33159303665, 0.284466803074, 0.0256019439548, 0.00096904381644, 0.000105144230474, 3.04772111122e-05, 9.20601996768e-06, 1.67554553627e-05, 3.18696475006e-05],
        "min": [2.11488660954e-22, 1.53294853933e-21, 5.40690767532e-21, 7.22136914253e-21, 3.71190514417e-20, 2.42793584876e-20, 6.44386492629e-20, 1.89037446543e-19, 1.77371951009e-19, 3.79891045669e-19, 4.98359258463e-19, 1.03666854878e-18, 6.50745831329e-19, 1.31559188678e-18, 2.18158898355e-18, 3.08735733776e-18, 2.82557493982e-18, 3.62062578943e-18, 5.47191803887e-18, 3.34434146777e-18, 5.44509009006e-18, 1.12549031373e-17, 6.99682797965e-18, 7.32109932338e-18, 1.14079638107e-17, 1.36321126843e-17, 1.08849027678e-17, 1.12409188219e-17, 1.55076611781e-17, 1.55245869478e-17, 1.5040148622e-17, 1.45736766592e-17, 1.03781611712e-17, 1.01408571155e-17, 7.17614915592e-18, 4.83591334153e-18, 2.61589788942e-18, 1.03527402566e-18, 3.10574189217e-19, 2.96656145165e-20],
        "var": [0.0506043210626, 2.34419941902, 14.4150295258, 50.9183197021, 132.79397583, 983.820678711, 2227.96386719, 1575.29785156, 4789.59960938, 3440.76977539, 5353.34716797, 1724.31945801, 22938.5097656, 22517.7792969, 1933.43701172, 1889.81884766, 3284.44116211, 2373.25292969, 7657.86474609, 3559.29711914, 2937.82348633, 3610.22973633, 2281.01831055, 2108.33081055, 645.207092285, 346.761779785, 78.7114868164, 36.3505554199, 50.9831085205, 54.4704322815, 33.3857650757, 16.8988933563, 0.931340515614, 0.00870441552252, 9.54861116043e-06, 5.41179758784e-08, 3.74781761181e-09, 5.45033518318e-10, 8.58510207369e-11, 3.58407553636e-10]
    },
    "gfcc": {
        "mean": [-20.1543865204, 134.914978027, -168.878829956, 61.5181884766, -72.4837188721, 9.38630199432, -26.9535217285, -12.7054605484, 7.71853685379, -27.3720321655, 10.0657157898, -15.0042686462, 1.82398891449],
        "cov": [[3086.61279297, -242.987197876, -336.916564941, 423.575775146, -133.853012085, 183.092468262, -60.6411018372, 153.709976196, 52.0000457764, 36.3215332031, 67.0440292358, -37.0120925903, 36.9127120972], [-242.987197876, 751.038330078, 130.422485352, -111.16758728, 275.331481934, -172.154953003, 144.782546997, -59.442073822, 63.4378967285, -30.3760261536, 30.9906749725, -1.81457829475, -8.29890060425], [-336.916564941, 130.422485352, 709.349975586, 221.658096313, -52.9691467285, 101.616027832, -92.2685317993, -1.05633926392, 48.887676239, 37.0606842041, 6.62361955643, -4.548848629, -9.73888874054], [423.575775146, -111.16758728, 221.658096313, 518.679138184, 165.918045044, 141.834365845, 54.3107910156, 76.5126113892, 102.455329895, 119.217178345, 14.3999004364, 8.40831851959, 21.9957294464], [-133.853012085, 275.331481934, -52.9691467285, 165.918045044, 460.968658447, 21.206571579, 220.585739136, 53.0974960327, 98.7481613159, 62.6843605042, 37.3534011841, 29.8440532684, 19.2238426208], [183.092468262, -172.154953003, 101.616027832, 141.834365845, 21.206571579, 284.881286621, 67.1666488647, 58.4772949219, 16.3306751251, 50.6649017334, 12.7467536926, 9.79765701294, 16.1143074036], [-60.6411018372, 144.782546997, -92.2685317993, 54.3107910156, 220.585739136, 67.1666488647, 289.256591797, 66.1615600586, 50.5268249512, 54.1653366089, 28.1675128937, 23.8089504242, 14.1134080887], [153.709976196, -59.442073822, -1.05633926392, 76.5126113892, 53.0974960327, 58.4772949219, 66.1615600586, 141.238754272, 68.6651153564, 34.789390564, 35.8480606079, 16.1996078491, 12.4374952316], [52.0000457764, 63.4378967285, 48.887676239, 102.455329895, 98.7481613159, 16.3306751251, 50.5268249512, 68.6651153564, 139.214401245, 74.9870681763, 24.070734024, 32.0742034912, 15.3369827271], [36.3215332031, -30.3760261536, 37.0606842041, 119.217178345, 62.6843605042, 50.6649017334, 54.1653366089, 34.789390564, 74.9870681763, 127.606422424, 55.9553070068, 23.1373767853, 15.4121999741], [67.0440292358, 30.9906749725, 6.62361955643, 14.3999004364, 37.3534011841, 12.7467536926, 28.1675128937, 35.8480606079, 24.070734024, 55.9553070068, 110.320411682, 45.5866661072, 1.39989590645], [-37.0120925903, -1.81457829475, -4.548848629, 8.40831851959, 29.8440532684, 9.79765701294, 23.8089504242, 16.1996078491, 32.0742034912, 23.1373767853, 45.5866661072, 91.648109436, 40.6643104553], [36.9127120972, -8.29890060425, -9.73888874054, 21.9957294464, 19.2238426208, 16.1143074036, 14.1134080887, 12.4374952316, 15.3369827271, 15.4121999741, 1.39989590645, 40.6643104553, 84.9798660278]],
        "icov": [[0.00101533194538, -0.00171571678948, 0.00202214857563, -0.00237770099193, 0.00199179025367, -0.00148966733832, 0.0011902510887, -0.00121710298117, 8.41914734337e-05, 0.000678781187162, -0.000927089015022, 0.00051220098976, -0.000317173777148], [-0.00171571678948, 0.00919842813164, -0.00630324473605, 0.00624185986817, -0.00633402587846, 0.00567829608917, -0.00611112685874, 0.00802057050169, -0.00674793729559, 0.00541347917169, -0.00468570226803, 0.00461660930887, -0.00239314441569], [0.00202214857563, -0.00630324473605, 0.00730251520872, -0.00668828096241, 0.00577403046191, -0.00507915532216, 0.00473556714132, -0.00415483349934, 0.00179317721631, -0.000664186896756, 0.00012538782903, -0.00106843339745, 0.000858720915858], [-0.00237770099193, 0.00624185986817, -0.00668828096241, 0.010186673142, -0.00737894466147, 0.00371996033937, -0.00305479881354, 0.00326018244959, -0.00172060064506, -0.00287038111128, 0.00221098517068, 0.000423987978138, -0.000174961096491], [0.00199179025367, -0.00633402587846, 0.00577403046191, -0.00737894466147, 0.0100223701447, -0.00385356601328, 0.000786886899732, -0.00320964329876, 3.06163019559e-05, 0.000876078614965, -0.00117075862363, -0.000485971715534, -2.20969068323e-05], [-0.00148966733832, 0.00567829608917, -0.00507915532216, 0.00371996033937, -0.00385356601328, 0.00885203573853, -0.00506301736459, 0.00259787240066, -0.000939406512771, 0.000311905285344, -0.000522060436197, 0.00107122166082, -0.00108055141754], [0.0011902510887, -0.00611112685874, 0.00473556714132, -0.00305479881354, 0.000786886899732, -0.00506301736459, 0.0111545240507, -0.00800429098308, 0.00631568487734, -0.0066146934405, 0.00493656238541, -0.00438188295811, 0.00239591649733], [-0.00121710298117, 0.00802057050169, -0.00415483349934, 0.00326018244959, -0.00320964329876, 0.00259787240066, -0.00800429098308, 0.0208600908518, -0.0154174426571, 0.0119500067085, -0.0119071127847, 0.00879529118538, -0.00489563355222], [8.41914734337e-05, -0.00674793729559, 0.00179317721631, -0.00172060064506, 3.06163019559e-05, -0.000939406512771, 0.00631568487734, -0.0154174426571, 0.0262276604772, -0.0188405197114, 0.0145976794884, -0.0130286496133, 0.0060114893131], [0.000678781187162, 0.00541347917169, -0.000664186896756, -0.00287038111128, 0.000876078614965, 0.000311905285344, -0.0066146934405, 0.0119500067085, -0.0188405197114, 0.0291907936335, -0.0196919534355, 0.0122103132308, -0.00741936918348], [-0.000927089015022, -0.00468570226803, 0.00012538782903, 0.00221098517068, -0.00117075862363, -0.000522060436197, 0.00493656238541, -0.0119071127847, 0.0145976794884, -0.0196919534355, 0.0276351496577, -0.0175204686821, 0.00953931268305], [0.00051220098976, 0.00461660930887, -0.00106843339745, 0.000423987978138, -0.000485971715534, 0.00107122166082, -0.00438188295811, 0.00879529118538, -0.0130286496133, 0.0122103132308, -0.0175204686821, 0.0267106425017, -0.0130125377327], [-0.000317173777148, -0.00239314441569, 0.000858720915858, -0.000174961096491, -2.20969068323e-05, -0.00108055141754, 0.00239591649733, -0.00489563355222, 0.0060114893131, -0.00741936918348, 0.00953931268305, -0.0130125377327, 0.0186739899218]]
    },
    "melbands": {
        "dmean": [0.000756182300393, 0.000797251006588, 0.000511589751113, 0.000431457185186, 0.000313709897455, 0.00022449962853, 0.000370105961338, 0.000183498428669, 0.000122714365716, 6.97746581864e-05, 0.000148856415763, 0.000160991519806, 4.5652865083e-05, 3.73938928533e-05, 3.17689118674e-05, 3.55272750312e-05, 2.98932809528e-05, 3.76780117222e-05, 4.14665555581e-05, 2.41963443841e-05, 2.55903087236e-05, 2.14637548197e-05, 1.87876339623e-05, 1.35367135954e-05, 1.2819244148e-05, 6.92211733622e-06, 6.45742557026e-06, 4.78819038108e-06, 2.61316631622e-06, 1.98052703126e-06, 1.68958706581e-06, 1.55277325575e-06, 1.65632934568e-06, 1.78910340765e-06, 1.47208970702e-06, 1.35832829073e-06, 7.71715860992e-07, 2.63882498075e-07, 8.74176606658e-08, 9.01158880851e-09],
        "dmean2": [0.00115622638259, 0.00122265610844, 0.000827796931844, 0.000725995283574, 0.000500225054566, 0.00035552517511, 0.000598548911512, 0.000299094797811, 0.000195685235667, 0.000107099695015, 0.000226757023484, 0.000247346877586, 7.07019062247e-05, 5.99469349254e-05, 5.05171701661e-05, 5.74330588279e-05, 4.8837326176e-05, 6.00428975304e-05, 6.53319148114e-05, 3.83650622098e-05, 4.19363095716e-05, 3.41590421158e-05, 2.98533122987e-05, 2.137977026e-05, 2.06923159567e-05, 1.13124542622e-05, 1.03724614746e-05, 7.67770234233e-06, 4.2427018343e-06, 3.14854924e-06, 2.57355236499e-06, 2.42064243139e-06, 2.50734319707e-06, 2.67212112703e-06, 2.27091618399e-06, 2.16244507101e-06, 1.17716285786e-06, 4.05286613159e-07, 1.37206697559e-07, 1.48392169663e-08],
        "dvar": [1.57732404205e-06, 1.70681960299e-06, 1.20563242945e-06, 9.15175519367e-07, 5.20688274719e-07, 2.73373672144e-07, 6.37703863049e-07, 2.83790313915e-07, 2.10334988537e-07, 3.77855862155e-08, 1.68357544794e-07, 1.40171962926e-07, 1.3474095617e-08, 5.04281372216e-09, 6.09117067896e-09, 9.27901666614e-09, 5.55767787347e-09, 8.18025469584e-09, 9.75223191091e-09, 1.90099158637e-09, 2.37819164361e-09, 2.0850643434e-09, 1.63575264445e-09, 7.0392325302e-10, 7.61235741109e-10, 1.43665440655e-10, 1.16415037332e-10, 6.60439342104e-11, 2.12734326682e-11, 8.3888399699e-12, 5.92674216995e-12, 1.04952452978e-11, 1.07087854209e-11, 9.61998623122e-12, 7.62571863294e-12, 5.48844563547e-12, 2.22648267011e-12, 2.56759836916e-13, 2.9738835499e-14, 2.81191724492e-16],
        "dvar2": [3.95081178794e-06, 3.83457063435e-06, 2.88973137685e-06, 2.27387727136e-06, 1.21530842989e-06, 6.49766263905e-07, 1.57668898737e-06, 7.29313001102e-07, 5.50545109945e-07, 8.24877375294e-08, 3.8130784219e-07, 3.14151151315e-07, 2.9403837587e-08, 1.17041354386e-08, 1.36916407101e-08, 2.07139425612e-08, 1.367693514e-08, 1.81459647308e-08, 2.2514111464e-08, 4.33981872661e-09, 5.89789905803e-09, 5.24551024839e-09, 4.00753741303e-09, 1.64149116522e-09, 2.01820782308e-09, 3.71830594093e-10, 2.77425277195e-10, 1.57353005625e-10, 5.46375965305e-11, 2.06091220478e-11, 1.27610136e-11, 2.487214254e-11, 2.4940898305e-11, 2.08800754464e-11, 1.81031387797e-11, 1.23981493474e-11, 4.8954941663e-12, 5.91398024302e-13, 6.44655769738e-14, 7.39559554022e-16],
        "max": [0.0213845893741, 0.0178174972534, 0.0192315485328, 0.0332291796803, 0.0206935536116, 0.0153294503689, 0.0153370425105, 0.0125031527132, 0.0135258920491, 0.00578230293468, 0.0103085823357, 0.0149158732966, 0.00425493204966, 0.00211555627175, 0.00188661192078, 0.0025910239201, 0.00229789572768, 0.00259816972539, 0.00447130110115, 0.000808684621006, 0.00108393793926, 0.00123811233789, 0.000984955928288, 0.000774354091845, 0.00078194931848, 0.00037688278826, 0.000349938054569, 0.000223548020585, 0.000113275033073, 6.81938035996e-05, 6.39897916699e-05, 0.000108325322799, 0.000153907458298, 0.000102699632407, 7.12233231752e-05, 4.24952704634e-05, 4.76214299852e-05, 1.39646917887e-05, 7.85770498624e-06, 4.04625183137e-07],
        "mean": [0.00133000395726, 0.00142957468051, 0.000726158730686, 0.000666797743179, 0.000628776440863, 0.000417307630414, 0.000640106096398, 0.000287349597784, 0.000197139539523, 0.000114776463306, 0.000292483571684, 0.000307442911435, 8.45460599521e-05, 6.34615862509e-05, 5.37987907592e-05, 5.57115090487e-05, 4.54896908195e-05, 6.19013007963e-05, 7.10696331225e-05, 4.3357245886e-05, 4.42079763161e-05, 3.91904359276e-05, 3.54209587385e-05, 2.44012917392e-05, 2.38558532146e-05, 1.40631327668e-05, 1.31578117362e-05, 8.8094475359e-06, 4.81399683849e-06, 3.51529979525e-06, 2.84565976472e-06, 2.71577573585e-06, 3.02272860608e-06, 3.10944756166e-06, 2.73306795862e-06, 2.45704109147e-06, 1.4571455722e-06, 4.8282743137e-07, 1.51295026285e-07, 1.23939551955e-08],
        "median": [0.000470717961434, 0.000878400518559, 0.000294570403639, 0.00019301888824, 0.000207357574254, 0.000142544653499, 0.000283860776108, 0.000109003085527, 5.83891342103e-05, 3.05078265228e-05, 5.05994030391e-05, 7.69627731643e-05, 2.40426143137e-05, 3.04398035951e-05, 2.15997115447e-05, 1.5818308384e-05, 1.74071738002e-05, 2.28617136599e-05, 3.04443383357e-05, 2.06654513022e-05, 2.07798948395e-05, 1.87351815839e-05, 1.41078680826e-05, 1.17487952593e-05, 1.01628847915e-05, 7.85856173025e-06, 7.15196074452e-06, 5.04085619468e-06, 2.98613826999e-06, 2.56736439042e-06, 1.87327407275e-06, 1.72233001194e-06, 1.77354377229e-06, 1.70531200183e-06, 1.57175691129e-06, 1.29311649744e-06, 5.84706356221e-07, 2.12846302361e-07, 5.52354784134e-08, 4.22304591297e-09],
        "min": [2.14726400122e-24, 2.60262429522e-24, 1.90290348899e-24, 2.13251269673e-24, 2.90139293851e-24, 4.35026891401e-24, 4.02817463983e-24, 4.46805610235e-24, 5.36086678678e-24, 5.79004892884e-24, 2.89679368222e-24, 5.12797059287e-24, 7.3297507991e-24, 6.12598376761e-24, 6.75926631396e-24, 5.42613516592e-24, 6.97863433221e-24, 8.53192590928e-24, 5.55142205489e-24, 3.3549437828e-24, 4.46630483114e-24, 1.23363795964e-23, 6.80223635633e-24, 5.93935505465e-24, 5.53437871503e-24, 6.642486501e-24, 9.41700417911e-24, 8.22140895774e-24, 8.01269135058e-24, 4.68823506961e-24, 7.34013141975e-24, 8.02101067768e-24, 8.20878876098e-24, 8.3539399564e-24, 7.97069239598e-24, 8.04729867849e-24, 8.54641255094e-24, 7.10713425164e-24, 6.67386581009e-24, 7.49162979001e-24],
        "var": [3.615163223e-06, 3.20526692121e-06, 1.46715035498e-06, 2.31699414144e-06, 1.88751494079e-06, 8.09275150004e-07, 1.16173941933e-06, 3.65170819805e-07, 3.09610925342e-07, 8.79194956838e-08, 6.13129827798e-07, 4.19943745555e-07, 3.84924874197e-08, 1.51767984846e-08, 1.30686172994e-08, 2.05060626257e-08, 1.09019335781e-08, 1.87640285532e-08, 1.90351894247e-08, 4.42272662937e-09, 5.6934781334e-09, 5.06827824154e-09, 4.11010292467e-09, 1.53835610917e-09, 1.85337700742e-09, 3.6626335298e-10, 3.48454376464e-10, 1.57187637906e-10, 4.6366334383e-11, 1.53203023184e-11, 1.23156060003e-11, 1.68999675365e-11, 1.97846756339e-11, 1.84270081832e-11, 1.30731987735e-11, 1.07580402919e-11, 5.00381940743e-12, 5.9348310771e-13, 6.558591696e-14, 4.36016509407e-16]
    },
    "mfcc": {
        "mean": [-629.684692383, 124.216369629, -20.043340683, 32.8318748474, -6.83159303665, 12.1599731445, -17.6060352325, 16.575958252, -13.7245645523, 11.5827169418, -12.0889577866, 4.73937606812, -2.31196188927],
        "cov": [[2207.11035156, -629.070556641, -159.123718262, 154.606262207, 17.0081634521, 64.9961776733, 16.9311408997, 86.7402191162, 14.3364238739, 151.604431152, 14.1055898666, 37.4775161743, -5.57315587997], [-629.070556641, 959.555175781, -144.805358887, 42.3652381897, 30.8866386414, -64.8681564331, 34.6588363647, 9.90626239777, -19.9873523712, -9.54465293884, 2.40070843697, -29.6457080841, 27.2045288086], [-159.123718262, -144.805358887, 813.898376465, 4.00699949265, 90.2498092651, 39.4364776611, -85.934463501, -46.6066017151, -19.9514389038, -29.1624107361, -2.93506908417, 75.3181838989, -15.2249984741], [154.606262207, 42.3652381897, 4.00699949265, 426.867889404, 151.023727417, 121.501716614, 43.7205200195, 32.328502655, 95.9049758911, 79.8687896729, 64.015625, 59.973236084, 57.0429153442], [17.0081634521, 30.8866386414, 90.2498092651, 151.023727417, 225.108917236, 76.2750701904, 17.4094009399, 29.6368312836, 46.6646575928, 35.4395637512, 32.0234718323, 45.8409156799, 38.5434989929], [64.9961776733, -64.8681564331, 39.4364776611, 121.501716614, 76.2750701904, 246.927627563, 97.1688690186, 39.9056167603, 85.8352966309, 47.879108429, 55.4351005554, 28.0140743256, 10.1703176498], [16.9311408997, 34.6588363647, -85.934463501, 43.7205200195, 17.4094009399, 97.1688690186, 190.295257568, 62.2866325378, 40.2313270569, 44.9097595215, 51.0628585815, -4.99097156525, 7.02545976639], [86.7402191162, 9.90626239777, -46.6066017151, 32.328502655, 29.6368312836, 39.9056167603, 62.2866325378, 133.050460815, 45.2638549805, 41.6563339233, 29.5476112366, 10.7906503677, 15.9603099823], [14.3364238739, -19.9873523712, -19.9514389038, 95.9049758911, 46.6646575928, 85.8352966309, 40.2313270569, 45.2638549805, 148.574310303, 46.3571624756, 36.0459938049, 11.7093925476, 10.1215658188], [151.604431152, -9.54465293884, -29.1624107361, 79.8687896729, 35.4395637512, 47.879108429, 44.9097595215, 41.6563339233, 46.3571624756, 142.47038269, 52.5992393494, 5.93625593185, 17.043428421], [14.1055898666, 2.40070843697, -2.93506908417, 64.015625, 32.0234718323, 55.4351005554, 51.0628585815, 29.5476112366, 36.0459938049, 52.5992393494, 118.171180725, 44.0595626831, 21.4206256866], [37.4775161743, -29.6457080841, 75.3181838989, 59.973236084, 45.8409156799, 28.0140743256, -4.99097156525, 10.7906503677, 11.7093925476, 5.93625593185, 44.0595626831, 115.235519409, 51.2960700989], [-5.57315587997, 27.2045288086, -15.2249984741, 57.0429153442, 38.5434989929, 10.1703176498, 7.02545976639, 15.9603099823, 10.1215658188, 17.043428421, 21.4206256866, 51.2960700989, 104.095779419]],
