{
"lowlevel": {
    "average_loudness": 0.0484531894326,
    "barkbands_crest": {
        "dmean": 2.66381502151,
        "dmean2": 4.23014450073,
        "dvar": 5.84515094757,
        "dvar2": 14.0767316818,
        "max": 25.1363887787,
        "mean": 10.4740619659,
        "median": 9.56352615356,
        "min": 2.1310608387,
        "var": 20.8644924164
    },
    "barkbands_flatness_db": {
        "dmean": 0.0212352592498,
        "dmean2": 0.033520758152,
        "dvar": 0.000402406381909,
        "dvar2": 0.000914014293812,
        "max": 0.416316449642,
        "mean": 0.18064840138,
        "median": 0.172932863235,
        "min": 0.0318036712706,
        "var": 0.00238685659133
    },
    "barkbands_kurtosis": {
        "dmean": 3.14116406441,
        "dmean2": 4.99794054031,
        "dvar": 55.7857971191,
        "dvar2": 138.17237854,
        "max": 219.361557007,
        "mean": 4.62249422073,
        "median": 1.38158941269,
        "min": -1.95805585384,
        "var": 124.932548523
    },
    "barkbands_skewness": {
        "dmean": 0.564480364323,
        "dmean2": 0.867399334908,
        "dvar": 0.410876393318,
        "dvar2": 0.906323730946,
        "max": 13.1673727036,
        "mean": 1.46653461456,
        "median": 1.24429523945,
        "min": -5.13941526413,
        "var": 1.96147739887
    },
    "barkbands_spread": {
        "dmean": 5.77059793472,
        "dmean2": 9.14928150177,
        "dvar": 67.8913879395,
        "dvar2": 159.419067383,
        "max": 100.806312561,
        "mean": 20.7273292542,
        "median": 17.7005214691,
        "min": 1.10362565517,
        "var": 193.774932861
    },
    "dissonance": {
        "dmean": 0.0199513267726,
        "dmean2": 0.0333944112062,
        "dvar": 0.000397250754759,
        "dvar2": 0.00104776443914,
        "max": 0.500000119209,
        "mean": 0.459232449532,
        "median": 0.467971473932,
        "min": 0.146645218134,
        "var": 0.00114090717398
    },
    "dynamic_complexity": 4.93965530396,
    "erbbands_crest": {
        "dmean": 2.74326920509,
        "dmean2": 4.3947353363,
        "dvar": 6.44701099396,
        "dvar2": 15.7170114517,
        "max": 29.5488796234,
        "mean": 10.0934715271,
        "median": 8.98801422119,
        "min": 2.40441775322,
        "var": 22.7901115417
    },
    "erbbands_flatness_db": {
        "dmean": 0.0158746168017,
        "dmean2": 0.0237225554883,
        "dvar": 0.000221979236812,
        "dvar2": 0.000453905959148,
        "max": 0.398521959782,
        "mean": 0.205795228481,
        "median": 0.200514823198,
        "min": 0.0815236195922,
        "var": 0.00246866443194
    },
    "erbbands_kurtosis": {
        "dmean": 0.973770856857,
        "dmean2": 1.5376958847,
        "dvar": 2.07486915588,
        "dvar2": 4.77531385422,
        "max": 28.4776268005,
        "mean": 0.845144808292,
        "median": 0.229243993759,
        "min": -1.80802118778,
        "var": 5.18529415131
    },
    "erbbands_skewness": {
        "dmean": 0.374983072281,
        "dmean2": 0.580633223057,
        "dvar": 0.148849278688,
        "dvar2": 0.318176776171,
        "max": 4.61004018784,
        "mean": 0.444855898619,
        "median": 0.464812457561,
        "min": -4.54348182678,
        "var": 0.661070048809
    },
    "erbbands_spread": {
        "dmean": 7.83256101608,
        "dmean2": 12.0942707062,
        "dvar": 94.9784545898,
        "dvar2": 222.540542603,
        "max": 161.866455078,
        "mean": 34.7080917358,
        "median": 30.6097869873,
        "min": 3.42435312271,
        "var": 395.281097412
    },
    "hfc": {
        "dmean": 5.60735034943,
        "dmean2": 8.45462608337,
        "dvar": 95.399887085,
        "dvar2": 209.072174072,
        "max": 487.00881958,
        "mean": 17.4897918701,
        "median": 9.59211063385,
        "min": 1.13377887854e-16,
        "var": 532.598388672
    },
    "melbands_crest": {
        "dmean": 3.48328113556,
        "dmean2": 5.59924507141,
        "dvar": 10.26171875,
        "dvar2": 24.5841178894,
        "max": 37.6199684143,
        "mean": 14.8407993317,
        "median": 13.8050785065,
        "min": 1.76121211052,
        "var": 41.3414840698
    },
    "melbands_flatness_db": {
        "dmean": 0.0270568840206,
        "dmean2": 0.0409744642675,
        "dvar": 0.000725115998648,
        "dvar2": 0.00152374512982,
        "max": 0.474745303392,
        "mean": 0.198109269142,
        "median": 0.19131013751,
        "min": 0.00477001164109,
        "var": 0.00459339236841
    },
    "melbands_kurtosis": {
        "dmean": 7.74615049362,
        "dmean2": 12.3354139328,
        "dvar": 403.350036621,
        "dvar2": 1022.64544678,
        "max": 845.015319824,
        "mean": 13.9576406479,
        "median": 5.78874111176,
        "min": -1.92259907722,
        "var": 966.800415039
    },
    "melbands_skewness": {
        "dmean": 0.746840655804,
        "dmean2": 1.15558421612,
        "dvar": 0.776713967323,
        "dvar2": 1.74343466759,
        "max": 23.2616672516,
        "mean": 2.43628430367,
        "median": 2.06256961823,
        "min": -2.51799201965,
        "var": 3.70496368408
    },
    "melbands_spread": {
        "dmean": 7.83535242081,
        "dmean2": 12.3129959106,
        "dvar": 174.404342651,
        "dvar2": 359.942810059,
        "max": 245.046905518,
        "mean": 24.9201469421,
        "median": 19.8621826172,
        "min": 0.658359229565,
        "var": 502.814575195
    },
    "pitch_salience": {
        "dmean": 0.0748447105289,
        "dmean2": 0.119551613927,
        "dvar": 0.00483009871095,
        "dvar2": 0.0115023460239,
        "max": 0.94864743948,
        "mean": 0.543094098568,
        "median": 0.542894721031,
        "min": 0.0648841261864,
        "var": 0.0187214072794
    },
    "silence_rate_20dB": {
        "dmean": 0.000782013696153,
        "dmean2": 0.00156418024562,
        "dvar": 0.000781269161962,
        "dvar2": 0.00214776885696,
        "max": 1,
        "mean": 0.9994135499,
        "median": 1,
        "min": 0,
        "var": 0.00058624020312
    },
    "silence_rate_30dB": {
        "dmean": 0.00273704784922,
        "dmean2": 0.00547463074327,
        "dvar": 0.00272969319485,
        "dvar2": 0.00720490282401,
        "max": 1,
        "mean": 0.993744492531,
        "median": 1,
        "min": 0,
        "var": 0.00621540145949
    },
    "silence_rate_60dB": {
        "dmean": 0.0396871939301,
        "dmean2": 0.0793821513653,
        "dvar": 0.0381194129586,
        "dvar2": 0.0842129141092,
        "max": 1,
        "mean": 0.221679210663,
        "median": 0,
        "min": 0,
        "var": 0.172575980425
    },
    "spectral_centroid": {
        "dmean": 243.577133179,
        "dmean2": 375.051086426,
        "dvar": 108378.359375,
        "dvar2": 222261.9375,
        "max": 10712.9375,
        "mean": 1365.40429688,
        "median": 1302.14782715,
        "min": 189.497894287,
        "var": 487069.53125
    },
    "spectral_complexity": {
        "dmean": 3.01407623291,
        "dmean2": 4.64033651352,
        "dvar": 16.5277347565,
        "dvar2": 33.466506958,
        "max": 65,
        "mean": 14.2474832535,
        "median": 12,
        "min": 0,
        "var": 111.487319946
    },
    "spectral_decrease": {
        "dmean": 1.75072223385e-09,
        "dmean2": 2.69924060881e-09,
        "dvar": 1.2265855985e-17,
        "dvar2": 3.33266767458e-17,
        "max": 4.84673300625e-29,
        "mean": -5.40518341197e-09,
        "median": -3.27176730153e-09,
        "min": -1.36253731853e-07,
        "var": 4.49926729312e-17
    },
    "spectral_energy": {
        "dmean": 0.00695817917585,
        "dmean2": 0.0107099302113,
        "dvar": 0.000183622309123,
        "dvar2": 0.000495541840792,
        "max": 0.542901933193,
        "mean": 0.0219868104905,
        "median": 0.0135636003688,
        "min": 1.01007808159e-20,
        "var": 0.000713805668056
    },
    "spectral_energyband_high": {
        "dmean": 0.000422706536483,
        "dmean2": 0.000651735754218,
        "dvar": 1.02937553947e-06,
        "dvar2": 2.22118592319e-06,
        "max": 0.0409946627915,
        "mean": 0.000741092080716,
        "median": 0.000210816942854,
        "min": 7.32698249686e-21,
        "var": 3.35795948558e-06
    },
    "spectral_energyband_low": {
        "dmean": 0.00431757047772,
        "dmean2": 0.00691248569638,
        "dvar": 0.000138250907185,
        "dvar2": 0.000390573288314,
        "max": 0.399236708879,
        "mean": 0.00823369622231,
        "median": 0.00180395459756,
        "min": 7.8790000953e-23,
        "var": 0.000281578453723
    },
    "spectral_energyband_middle_high": {
        "dmean": 0.0016886953963,
        "dmean2": 0.00251968554221,
        "dvar": 1.04249884316e-05,
        "dvar2": 2.36720388784e-05,
        "max": 0.0803434178233,
        "mean": 0.00546710751951,
        "median": 0.0018582274206,
        "min": 1.35234669844e-21,
        "var": 8.37345360196e-05
    },
    "spectral_energyband_middle_low": {
        "dmean": 0.00333735789172,
        "dmean2": 0.00526851182804,
        "dvar": 4.70092709293e-05,
        "dvar2": 0.000126529412228,
        "max": 0.347689539194,
        "mean": 0.00813639443368,
        "median": 0.00536492979154,
        "min": 3.77881463484e-22,
        "var": 0.000109885972051
    },
    "spectral_entropy": {
        "dmean": 0.157272279263,
        "dmean2": 0.231913164258,
        "dvar": 0.0273105558008,
        "dvar2": 0.0548489168286,
        "max": 9.81772041321,
        "mean": 7.51217365265,
        "median": 7.5731883049,
        "min": 5.61460876465,
        "var": 0.184986174107
    },
    "spectral_flux": {
        "dmean": 0.019780151546,
        "dmean2": 0.0303555987775,
        "dvar": 0.000531272322405,
        "dvar2": 0.00110661250073,
        "max": 0.509866297245,
        "mean": 0.070636369288,
        "median": 0.060882050544,
        "min": 6.95686980245e-11,
        "var": 0.00263544428162
    },
    "spectral_kurtosis": {
        "dmean": 1.85351490974,
        "dmean2": 3.19013357162,
        "dvar": 4.82576799393,
        "dvar2": 15.0946788788,
        "max": 42.2856140137,
        "mean": 3.45752501488,
        "median": 2.76780223846,
        "min": -1.54891598225,
        "var": 11.7284431458
    },
    "spectral_rms": {
        "dmean": 0.000638355035335,
        "dmean2": 0.000948841799982,
        "dvar": 6.02142279149e-07,
        "dvar2": 1.39809662869e-06,
        "max": 0.0230143535882,
        "mean": 0.00393835268915,
        "median": 0.00363768893294,
        "min": 3.13917511777e-12,
        "var": 5.93987488173e-06
    },
    "spectral_rolloff": {
        "dmean": 511.557922363,
        "dmean2": 870.171203613,
        "dvar": 1095222.5,
        "dvar2": 2562339.5,
        "max": 19121.484375,
        "mean": 1559.06311035,
        "median": 1162.79296875,
        "min": 43.06640625,
        "var": 2334744.75
    },
    "spectral_skewness": {
        "dmean": 0.253727465868,
        "dmean2": 0.41312289238,
        "dvar": 0.0621687173843,
        "dvar2": 0.161120936275,
        "max": 4.96942520142,
        "mean": 1.35278975964,
        "median": 1.33520948887,
        "min": -0.604240894318,
        "var": 0.265103965998
    },
    "spectral_spread": {
        "dmean": 425640.21875,
        "dmean2": 657310.375,
        "dvar": 319409324032,
        "dvar2": 636107816960,
        "max": 41585092,
        "mean": 3967172.75,
        "median": 3813969.5,
        "min": 1538167,
        "var": 1.6244530217e+12
    },
    "spectral_strongpeak": {
        "dmean": 0.473217278719,
        "dmean2": 0.790634632111,
        "dvar": 0.818298876286,
        "dvar2": 2.02038741112,
        "max": 22.7444095612,
        "mean": 0.958086073399,
        "median": 0.423954099417,
        "min": 0,
        "var": 2.0401904583
    },
    "zerocrossingrate": {
        "dmean": 0.0106010967866,
        "dmean2": 0.0125441830605,
        "dvar": 0.000211236227187,
        "dvar2": 0.000242178299231,
        "max": 0.6640625,
        "mean": 0.0600155442953,
        "median": 0.0537109375,
        "min": 0.00390625,
        "var": 0.0014965160517
    },
    "barkbands": {
        "dmean": [0.000389545341022, 0.00332365650684, 0.00129676819779, 0.000707265804522, 0.0010169474408, 0.000912068586331, 0.00056723295711, 0.00056874420261, 0.000934294599574, 0.00063131924253, 0.000344784464687, 0.000403887213906, 0.000279332569335, 0.000396439747419, 0.000334393611411, 0.000247648218647, 0.000178953239811, 0.000149949453771, 0.000107862884761, 0.000106639745354, 9.32705806918e-05, 9.96179951471e-05, 0.000110031920485, 0.000118780051707, 1.25950282381e-05, 3.75476020054e-07, 2.96768343233e-09],
        "dmean2": [0.000533314479981, 0.00523268571123, 0.00220953021199, 0.00124643789604, 0.00164575804956, 0.00142525648698, 0.000902410189155, 0.000895905541256, 0.00146699009929, 0.000982847297564, 0.000534865539521, 0.000627232249826, 0.000446889549494, 0.0006241571391, 0.000535596394911, 0.00039114971878, 0.000280633103102, 0.000241398098296, 0.000168649814441, 0.000164305558428, 0.00014816330804, 0.000156515961862, 0.000173407082912, 0.000193966538063, 2.04265761568e-05, 5.69198675748e-07, 5.73368730272e-09],
        "dvar": [2.14257852349e-06, 9.45918800426e-05, 1.75820423465e-05, 5.4386418924e-06, 1.93174801097e-05, 3.78131630896e-06, 3.03331239593e-06, 2.17395540858e-06, 5.88951297686e-06, 3.88835860576e-06, 1.86699128335e-06, 1.25749340896e-06, 6.53284075725e-07, 1.40505460422e-06, 8.20604952878e-07, 5.62076195365e-07, 2.10040212778e-07, 1.1748213069e-07, 6.66797888016e-08, 6.62515020622e-08, 1.08702927548e-07, 7.54650244517e-08, 1.29344940092e-07, 1.1152604884e-07, 1.36619968671e-08, 3.73525065045e-11, 1.60720147992e-14],
        "dvar2": [5.48466368855e-06, 0.000266082672169, 4.83130424982e-05, 1.56895512191e-05, 5.21701404068e-05, 8.66454684001e-06, 7.48898219172e-06, 5.11849839313e-06, 1.44730456668e-05, 8.38380492496e-06, 4.03125022785e-06, 2.88115711555e-06, 1.46012416735e-06, 3.38179870596e-06, 2.00885506274e-06, 1.29813133753e-06, 4.99211182614e-07, 2.99645762425e-07, 1.59175058911e-07, 1.44998708151e-07, 2.41393166789e-07, 1.74005649001e-07, 2.75842808151e-07, 2.87568980184e-07, 3.25391518174e-08, 8.60387941448e-11, 4.82459734598e-14],
        "max": [0.0414035543799, 0.342260420322, 0.0896236002445, 0.0613785535097, 0.302286803722, 0.0396261960268, 0.0447387099266, 0.0437399893999, 0.0597432143986, 0.0565280728042, 0.0645147562027, 0.0279448721558, 0.0249583739787, 0.0280874595046, 0.0227010902017, 0.0311975441873, 0.0120276566595, 0.00875808205456, 0.0137530574575, 0.00879214145243, 0.0177837070078, 0.0094489781186, 0.0194268692285, 0.00897323340178, 0.011007248424, 0.000328036869178, 8.99276892596e-06],
        "mean": [0.00074532389408, 0.00556833995506, 0.00155281822663, 0.000790881982539, 0.00175406923518, 0.0016990393633, 0.000905846187379, 0.000961389916483, 0.00154384924099, 0.00102764833719, 0.000832201854791, 0.000746829318814, 0.000428229366662, 0.000711962056812, 0.000612479692791, 0.000440824835096, 0.000329778617015, 0.000288453040412, 0.000212755432585, 0.000201691931579, 0.000133615147206, 0.000136102375109, 0.000170885046828, 0.000171321487869, 1.98850102606e-05, 5.50205584204e-07, 1.92469129523e-09],
        "median": [1.24903554024e-05, 0.000708329782356, 0.000393874797737, 0.000206064229133, 0.000669824541546, 0.000578447477892, 0.000162923010066, 0.000205342061236, 0.000289070303552, 0.000162413125508, 8.70278236107e-05, 0.00012823806901, 7.79902693466e-05, 0.000115266288049, 0.00011013924086, 7.56420413381e-05, 7.66749144532e-05, 8.02424256108e-05, 6.42164668534e-05, 4.63286705781e-05, 2.65906692221e-05, 2.52252102655e-05, 4.00726712542e-05, 4.49508479505e-05, 1.46219008457e-06, 2.87097901008e-10, 3.01257269131e-10],
        "min": [3.27989214792e-24, 1.03218773356e-23, 4.00389634106e-23, 1.95084355228e-23, 2.44790259985e-23, 4.28835011715e-23, 6.98598493813e-23, 3.71151829941e-23, 9.25503478473e-23, 6.15503735698e-23, 7.41277320289e-23, 4.53267674781e-23, 1.33528263994e-22, 5.50825219405e-23, 6.66889125322e-23, 8.60618848604e-23, 1.24998279472e-22, 1.63367476782e-22, 2.70247514527e-22, 2.8814274212e-22, 4.46734530712e-22, 4.04498286758e-22, 4.8818297399e-22, 7.52137246516e-22, 9.24779543976e-22, 1.47954974948e-21, 2.41784792075e-21],
        "var": [4.68045527668e-06, 0.00016369757941, 1.62548676599e-05, 5.16962791153e-06, 2.69118263532e-05, 9.47423905018e-06, 4.9342093007e-06, 5.33572983841e-06, 1.36799799293e-05, 9.4304450613e-06, 1.45339845403e-05, 3.84161512557e-06, 1.47273362927e-06, 4.31476701124e-06, 2.54674432654e-06, 1.43287581977e-06, 5.09837434493e-07, 2.68847202278e-07, 1.70940012367e-07, 1.70042497416e-07, 2.60938804786e-07, 1.48559450963e-07, 2.67942340315e-07, 1.93959550643e-07, 5.54798589292e-08, 7.56704837679e-11, 8.17645647369e-15]
    },
    "erbbands": {
        "dmean": [0.138068646193, 0.652699232101, 1.42138922215, 1.89392101765, 2.69164776802, 3.79554963112, 5.02571725845, 8.48432064056, 8.91677951813, 8.21102714539, 13.9398365021, 19.6074771881, 24.4485206604, 14.4412603378, 12.4015655518, 15.3830337524, 12.0931005478, 18.5831661224, 15.2265605927, 16.1383991241, 12.0772294998, 8.43494415283, 7.66707658768, 6.49895238876, 5.01192378998, 4.91614770889, 4.26537847519, 3.52329778671, 3.60227656364, 3.19376134872, 3.19561314583, 2.47640490532, 1.86055254936, 0.267403185368, 0.0317862741649, 0.00451066158712, 0.000155847563292, 1.5245650502e-05, 6.12379335507e-06, 8.6614245447e-06],
        "dmean2": [0.205252930522, 1.06234490871, 2.40494918823, 3.29095768929, 4.58870220184, 6.07996082306, 7.86405897141, 13.3683872223, 14.1149272919, 12.8513584137, 21.9913654327, 30.8853931427, 38.7895851135, 22.0056762695, 18.888874054, 23.6911392212, 19.2436447144, 28.7833576202, 23.6462097168, 25.7563610077, 18.7252655029, 13.1743736267, 12.323589325, 9.99393844604, 7.64756584167, 7.5429224968, 6.73027133942, 5.64693498611, 5.70909166336, 4.95708751678, 5.06310081482, 3.96107697487, 3.06661176682, 0.429573178291, 0.0476563386619, 0.00696944259107, 0.00024997847504, 2.48428186751e-05, 9.53085964284e-06, 1.33096391437e-05],
        "dvar": [0.179999440908, 4.09187889099, 22.4982662201, 36.0968856812, 105.604042053, 415.580108643, 142.265487671, 415.844970703, 668.582580566, 569.75378418, 1401.64208984, 3330.68237305, 4797.16015625, 3582.64404297, 1057.97265625, 1978.26098633, 1262.16503906, 3112.57104492, 1803.4230957, 1825.69360352, 1419.77160645, 450.271270752, 342.243041992, 228.479293823, 129.590423584, 138.731430054, 239.051986694, 116.445831299, 98.5540542603, 81.7871856689, 150.008758545, 49.2598342896, 26.2558231354, 2.80554914474, 0.397969633341, 0.00702882558107, 3.93326990888e-06, 1.84095068079e-08, 6.25651197517e-10, 2.67688565758e-10],
        "dvar2": [0.493776351213, 11.6136684418, 62.5635261536, 102.992645264, 307.75692749, 1044.80285645, 342.326324463, 953.573730469, 1634.48925781, 1347.35571289, 3367.43969727, 8356.65820312, 11216.0039062, 7720.08691406, 2334.16308594, 4333.02587891, 2835.81689453, 7327.31005859, 4227.84423828, 4730.02490234, 3202.91357422, 1069.03967285, 891.771728516, 518.359741211, 299.427886963, 300.027557373, 545.015625, 271.173248291, 231.857513428, 183.435623169, 310.112426758, 118.777412415, 68.3291168213, 7.01898193359, 0.946673631668, 0.0165393128991, 9.33883075049e-06, 5.02767321109e-08, 1.78377190796e-09, 7.15708825538e-10],
        "max": [11.9093742371, 81.80884552, 129.151992798, 122.605552673, 544.730773926, 1665.83276367, 426.732543945, 441.609130859, 759.821533203, 641.346374512, 1222.24584961, 1475.25744629, 2099.78125, 2252.39257812, 1150.828125, 1284.55371094, 1144.81689453, 1215.97094727, 1336.95849609, 1041.64941406, 1606.32312012, 798.838256836, 539.709960938, 687.531921387, 373.61630249, 347.691192627, 787.174682617, 433.633758545, 314.111602783, 361.497375488, 784.01953125, 206.153381348, 136.451202393, 130.573532104, 63.4035224915, 9.39330673218, 0.211116820574, 0.0106540359557, 0.00191004457884, 0.000825841561891],
        "mean": [0.241707384586, 0.916966438293, 1.81033992767, 2.3404917717, 3.57644200325, 6.49998474121, 9.3152513504, 15.2022848129, 14.5741615295, 14.4646644592, 24.4070034027, 32.7052268982, 42.8242912292, 34.4125442505, 28.6500892639, 27.9478416443, 20.9279060364, 35.0600700378, 30.2806949615, 31.6235122681, 23.7333374023, 17.1701164246, 14.8950099945, 13.6626214981, 10.2303266525, 9.51606655121, 6.72761726379, 4.75644922256, 4.76643276215, 4.72753953934, 5.03324794769, 3.71774435043, 2.60488033295, 0.434469461441, 0.0737333521247, 0.00956725887954, 0.000316760415444, 2.89548752335e-05, 1.70212697412e-05, 2.7598660381e-05],
        "median": [0.0146909551695, 0.158619105816, 0.508621096611, 0.694676458836, 1.09867930412, 1.94208884239, 3.4509203434, 4.38737487793, 3.20318126678, 4.11723852158, 5.54576587677, 7.33499717712, 8.4623966217, 5.46206045151, 5.3947520256, 5.47658872604, 4.4009346962, 6.38955593109, 6.56877660751, 5.44043445587, 4.86945056915, 4.3529381752, 4.33921575546, 4.00964164734, 3.05960679054, 2.27170562744, 1.42922449112, 0.883048593998, 0.859243452549, 0.981488585472, 1.16622495651, 0.942425608635, 0.669166922569, 0.0785451456904, 0.00217633810826, 0.00015891615476, 2.93108714686e-05, 6.8176568675e-06, 9.7372530945e-06, 1.76288976945e-05],
        "min": [3.37156247883e-22, 2.74239090123e-21, 2.93972428754e-20, 7.25323336757e-20, 6.07521896161e-20, 9.66552209339e-20, 9.63405627213e-20, 4.55445179983e-19, 9.2868859841e-19, 8.42698986134e-19, 1.13946807376e-18, 2.01680095705e-18, 2.25065566957e-18, 4.19000646509e-18, 2.87461537641e-18, 2.13769278319e-18, 6.50973481773e-18, 3.83294278674e-18, 3.36885910113e-18, 3.50339278993e-18, 4.63157822354e-18, 7.64836423375e-18, 7.63729655716e-18, 1.2353500734e-17, 1.4117997749e-17, 1.25342256358e-17, 1.31703763305e-17, 1.93479414704e-17, 1.61786121883e-17, 1.57991976762e-17, 1.33020097173e-17, 1.28413478711e-17, 1.41251826398e-17, 9.74780983978e-18, 6.79892129578e-18, 4.79524211159e-18, 2.89025405307e-18, 1.2493693579e-18, 3.27053255531e-19, 3.76159220336e-20],
        "var": [0.353009849787, 5.04174041748, 22.0037918091, 33.8124504089, 132.356445312, 585.682495117, 313.246612549, 960.415588379, 1117.74841309, 1127.03808594, 3806.0690918, 6957.79003906, 11255.2958984, 22916.6074219, 6314.74853516, 5064.95654297, 2985.44091797, 8812.38085938, 5991.92382812, 5437.59179688, 3498.07006836, 1198.78857422, 704.114074707, 636.376586914, 392.057128906, 370.43371582, 481.968536377, 267.315032959, 184.647598267, 180.697189331, 291.903961182, 95.3529205322, 46.2319831848, 9.46253490448, 1.83405745029, 0.0269921664149, 1.62171909324e-05, 5.16487368429e-08, 1.43866818458e-09, 1.1288949775e-09]
    },
    "gfcc": {
        "mean": [-66.9159393311, 120.44367981, -160.005874634, 47.3248634338, -79.1880722046, 20.4928207397, -35.7179985046, -3.77404761314, 0.175088435411, -23.9812889099, 9.69280433655, -21.064956665, 5.3603053093],
        "cov": [[9199.1171875, -124.435470581, 659.204406738, 1277.57006836, 178.505004883, 713.996948242, 102.379707336, 584.345092773, 236.588409424, 232.346237183, 208.366500854, -58.5186233521, 62.2319755554], [-124.435470581, 1025.97045898, 301.687164307, 19.1398410797, 275.972625732, -59.1980934143, 155.305038452, -58.6231994629, 102.425338745, -29.7825756073, 121.622665405, -48.7306213379, 21.4225082397], [659.204406738, 301.687164307, 1362.37902832, 657.804199219, 100.711959839, 240.418106079, -66.3354873657, 134.491043091, 43.0471153259, 89.2194976807, 36.4966964722, 10.9118146896, -41.7159004211], [1277.57006836, 19.1398410797, 657.804199219, 784.16217041, 206.956115723, 263.854309082, 63.3778915405, 180.022186279, 107.032440186, 102.903175354, 16.8713493347, 7.42723989487, -19.2558803558], [178.505004883, 275.972625732, 100.711959839, 206.956115723, 365.805877686, 146.434494019, 164.379562378, 115.604644775, 94.5042495728, 50.8289299011, 51.8831481934, -3.78164744377, 19.360200882], [713.996948242, -59.1980934143, 240.418106079, 263.854309082, 146.434494019, 409.96194458, 158.298858643, 109.436439514, 45.0316085815, 86.4169387817, 16.7815952301, -19.5547523499, -32.2785491943], [102.379707336, 155.305038452, -66.3354873657, 63.3778915405, 164.379562378, 158.298858643, 298.914672852, 46.9781494141, 55.2396011353, 56.1177062988, 26.3145065308, 3.900131464, 0.305606484413], [584.345092773, -58.6231994629, 134.491043091, 180.022186279, 115.604644775, 109.436439514, 46.9781494141, 238.232131958, 86.633102417, 45.5974655151, 21.9983139038, 6.38324642181, 14.5887022018], [236.588409424, 102.425338745, 43.0471153259, 107.032440186, 94.5042495728, 45.0316085815, 55.2396011353, 86.633102417, 168.233123779, 49.3119239807, 25.9648399353, 15.5781078339, 20.595243454], [232.346237183, -29.7825756073, 89.2194976807, 102.903175354, 50.8289299011, 86.4169387817, 56.1177062988, 45.5974655151, 49.3119239807, 129.730041504, 39.508682251, 23.9220943451, 8.21661281586], [208.366500854, 121.622665405, 36.4966964722, 16.8713493347, 51.8831481934, 16.7815952301, 26.3145065308, 21.9983139038, 25.9648399353, 39.508682251, 137.363052368, 32.2789459229, 21.7859954834], [-58.5186233521, -48.7306213379, 10.9118146896, 7.42723989487, -3.78164744377, -19.5547523499, 3.900131464, 6.38324642181, 15.5781078339, 23.9220943451, 32.2789459229, 94.4149703979, 40.2053413391], [62.2319755554, 21.4225082397, -41.7159004211, -19.2558803558, 19.360200882, -32.2785491943, 0.305606484413, 14.5887022018, 20.595243454, 8.21661281586, 21.7859954834, 40.2053413391, 82.1455230713]],
        "icov": [[0.000209651712794, -0.000259412074229, 0.000285526184598, -0.000499253394082, 0.000521435576957, -0.000399795826524, 0.000239131462877, -0.00048839894589, 0.000186568722711, -0.000124209618662, -0.000207624223549, 0.000171797248186, -0.000320723222103], [-0.000259412074229, 0.0043732249178, -0.0025865342468, 0.00197295984253, -0.00353478780016, 0.00279705412686, -0.00299690966494, 0.00353401293978, -0.00304071209393, 0.00267262617126, -0.00296114687808, 0.0038637870457, -0.0010900296038], [0.000285526184598, -0.0025865342468, 0.00301343714818, -0.00254116789438, 0.00234426162206, -0.00216842885129, 0.00253917928785, -0.00227657239884, 0.00204914435744, -0.00169071275741, 0.0011232169345, -0.00226871110499, 0.000851018470712], [-0.000499253394082, 0.00197295984253, -0.00254116789438, 0.00460710981861, -0.00309547805227, 0.00104325509164, -0.00123187934514, 0.00148041010834, -0.00199235556647, 0.000541391083971, 0.000147926548379, 0.000535035098437, 0.000678604526911], [0.000521435576957, -0.00353478780016, 0.00234426162206, -0.00309547805227, 0.00833796523511, -0.0028431317769, 0.000375534058549, -0.0041521359235, 0.00146482570563, -0.0014025218552, 0.000449194310931, -0.00105360615999, -0.00118504883721], [-0.000399795826524, 0.00279705412686, -0.00216842885129, 0.00104325509164, -0.0028431317769, 0.00661420496181, -0.00394103163853, 0.00161346723326, -0.00117512128782, 0.000118341180496, -0.00129703094717, 0.00288624409586, 0.000928130873945], [0.000239131462877, -0.00299690966494, 0.00253917928785, -0.00123187934514, 0.000375534058549, -0.00394103163853, 0.00794390030205, -0.00195940327831, 0.00153438409325, -0.00280886795372, 0.00200325180776, -0.00337077025324, 0.00129718170501], [-0.00048839894589, 0.00353401293978, -0.00227657239884, 0.00148041010834, -0.0041521359235, 0.00161346723326, -0.00195940327831, 0.00955788139254, -0.00459299096838, 0.00202114623971, -0.00189353851601, 0.00272620841861, -0.00132102740463], [0.000186568722711, -0.00304071209393, 0.00204914435744, -0.00199235556647, 0.00146482570563, -0.00117512128782, 0.00153438409325, -0.00459299096838, 0.0107447998598, -0.00383136444725, 0.00191184948198, -0.00284279952757, -0.000198111010832], [-0.000124209618662, 0.00267262617126, -0.00169071275741, 0.000541391083971, -0.0014025218552, 0.000118341180496, -0.00280886795372, 0.00202114623971, -0.00383136444725, 0.0129000460729, -0.00403926055878, 0.000490118633024, -0.000804384355433], [-0.000207624223549, -0.00296114687808, 0.0011232169345, 0.000147926548379, 0.000449194310931, -0.00129703094717, 0.00200325180776, -0.00189353851601, 0.00191184948198, -0.00403926055878, 0.011814404279, -0.00568493641913, 0.000821713590994], [0.000171797248186, 0.0038637870457, -0.00226871110499, 0.000535035098437, -0.00105360615999, 0.00288624409586, -0.00337077025324, 0.00272620841861, -0.00284279952757, 0.000490118633024, -0.00568493641913, 0.0193543732166, -0.00855503883213], [-0.000320723222103, -0.0010900296038, 0.000851018470712, 0.000678604526911, -0.00118504883721, 0.000928130873945, 0.00129718170501, -0.00132102740463, -0.000198111010832, -0.000804384355433, 0.000821713590994, -0.00855503883213, 0.0182651653886]]
    },
    "melbands": {
        "dmean": [0.00102906126995, 0.000735046865884, 0.000341485196259, 0.000221431590035, 0.000172065891093, 0.000186685050721, 0.000131692169816, 9.31695321924e-05, 0.000117108604172, 0.000133406545501, 0.000122876590467, 5.99347768002e-05, 4.37513153884e-05, 4.78631263832e-05, 3.20263716276e-05, 2.86407157546e-05, 3.79517259717e-05, 2.61765762843e-05, 2.66958159045e-05, 1.90742139239e-05, 1.54321533046e-05, 1.03874672277e-05, 7.82604092819e-06, 7.56141434977e-06, 5.61305068913e-06, 4.12778945247e-06, 3.73633179152e-06, 3.5257712625e-06, 3.03569663629e-06, 2.26743463827e-06, 2.1645664674e-06, 2.17270689973e-06, 1.93013306671e-06, 1.85672672615e-06, 2.05743458537e-06, 1.62320077379e-06, 1.7027210788e-06, 1.72456429937e-06, 6.61607771235e-07, 9.13248427992e-08],
        "dmean2": [0.00157404167112, 0.00121722964104, 0.000585710746236, 0.00036631419789, 0.000269293610472, 0.000293894205242, 0.000208357727388, 0.000145782250911, 0.000186159420991, 0.000209428937524, 0.000194559717784, 9.11553288461e-05, 6.58665230731e-05, 7.47558005969e-05, 5.01776194142e-05, 4.55159206467e-05, 5.86934511375e-05, 4.07418338e-05, 4.28550811193e-05, 2.98015420412e-05, 2.40630142798e-05, 1.63183267432e-05, 1.26276381707e-05, 1.2141523257e-05, 8.71261727298e-06, 6.44863393973e-06, 5.82801385463e-06, 5.48984053239e-06, 4.82754921904e-06, 3.59142632078e-06, 3.54103394784e-06, 3.49553943124e-06, 3.0316386983e-06, 2.93907328341e-06, 3.31868773173e-06, 2.54205656347e-06, 2.82995733869e-06, 2.9248701594e-06, 1.04500327325e-06, 1.52367562123e-07],
        "dvar": [9.24520736589e-06, 5.35324306838e-06, 1.10140013021e-06, 1.23772679217e-06, 2.09974032828e-07, 1.8287134651e-07, 1.40295284723e-07, 6.03527823273e-08, 1.00386799318e-07, 1.40174321928e-07, 1.22604475905e-07, 5.90806727985e-08, 1.72271388266e-08, 1.97058671603e-08, 9.24234822008e-09, 6.15241591007e-09, 1.4145487448e-08, 6.42455111333e-09, 6.02188610088e-09, 3.30674110316e-09, 2.24785012826e-09, 7.29341642636e-10, 3.82664649967e-10, 3.14934911483e-10, 1.9190271594e-10, 9.89470588797e-11, 8.58119894587e-11, 7.98598825957e-11, 8.49644729572e-11, 1.29920393888e-10, 4.3812748568e-11, 3.73140858489e-11, 3.05824254809e-11, 2.79320837293e-11, 8.63655813532e-11, 2.91913715422e-11, 2.5791528635e-11, 2.87230655927e-11, 4.51099704465e-12, 2.32246145059e-12],
        "dvar2": [2.57407755271e-05, 1.51246740643e-05, 3.09769052365e-06, 3.37607048095e-06, 5.19230013651e-07, 4.20585791971e-07, 3.42631437888e-07, 1.41615359439e-07, 2.45266392085e-07, 3.45188823303e-07, 2.85327644178e-07, 1.2595111798e-07, 3.64718069079e-08, 4.50215296155e-08, 2.08206749619e-08, 1.48181413806e-08, 3.32356542287e-08, 1.54119010887e-08, 1.50257211118e-08, 7.92261278804e-09, 5.23707788247e-09, 1.75365499899e-09, 1.0001541817e-09, 8.10272737795e-10, 4.39346170555e-10, 2.44100045732e-10, 2.07726447154e-10, 1.787019005e-10, 1.98501173831e-10, 2.79436945805e-10, 1.08092465534e-10, 9.06651559385e-11, 6.99627716871e-11, 6.55541940175e-11, 1.78038639387e-10, 7.07250369381e-11, 6.75111008763e-11, 7.94167925866e-11, 1.05909222364e-11, 6.15823060948e-12],
        "max": [0.0873691663146, 0.0730634629726, 0.0257236808538, 0.0732349306345, 0.0286907814443, 0.00865070149302, 0.0105271022767, 0.00601822417229, 0.00962720159441, 0.00947908870876, 0.0106454128399, 0.00828521046788, 0.00479879835621, 0.00406023440883, 0.00294357072562, 0.00195643655024, 0.00279926601797, 0.00289652775973, 0.00169400358573, 0.00213657412678, 0.00172377878334, 0.00086459988961, 0.000636158627458, 0.000479703390738, 0.000654960866086, 0.000381998630473, 0.000319188256981, 0.000255958904745, 0.000289199146209, 0.000785302836448, 0.000223697119509, 0.000175623921677, 0.00019344969769, 0.000201447299332, 0.000680617347825, 0.000156112393597, 0.000147171449498, 0.000106325547677, 0.000114585622214, 0.000128624742501],
        "mean": [0.00180022674613, 0.00104174029548, 0.000447568279924, 0.000347022752976, 0.000328802532749, 0.000340129627148, 0.000218077053432, 0.000163858683663, 0.000200666210731, 0.00021825634758, 0.000209762787563, 0.000132400033181, 0.000102181373222, 8.92217212822e-05, 5.07362528879e-05, 4.84886368213e-05, 6.71544548823e-05, 4.6623768867e-05, 5.0546543207e-05, 3.32263662131e-05, 2.74321773759e-05, 1.88862668438e-05, 1.35522250275e-05, 1.38934456118e-05, 1.08120857476e-05, 7.62181161917e-06, 6.7574815148e-06, 6.27226017968e-06, 4.52761105407e-06, 3.14650606015e-06, 2.63896663455e-06, 2.69199586e-06, 2.62897833636e-06, 2.59899456978e-06, 3.0292142128e-06, 2.52701943282e-06, 2.24552377404e-06, 2.1558246317e-06, 9.89971454146e-07, 1.58098004022e-07],
        "median": [0.000176138026291, 0.000309818395181, 0.000148345134221, 0.000108086620457, 0.000125419464894, 0.000101995567093, 4.69054393761e-05, 4.53279790236e-05, 4.01832730859e-05, 4.23594283347e-05, 3.76764328394e-05, 1.71566007339e-05, 1.52722059283e-05, 1.54456993187e-05, 9.17521265364e-06, 8.93677042768e-06, 1.05742110463e-05, 9.08647507458e-06, 7.73508600105e-06, 5.44302065464e-06, 5.52633173356e-06, 4.31421130997e-06, 3.47982495441e-06, 3.72265253645e-06, 2.93294124276e-06, 2.21150935431e-06, 1.78386619609e-06, 1.27007660922e-06, 8.67754295086e-07, 5.26727092165e-07, 4.22992371796e-07, 4.62638894305e-07, 4.44571668368e-07, 5.48541095213e-07, 6.33569527508e-07, 6.10017423242e-07, 5.06756862251e-07, 5.00163537254e-07, 2.29683095654e-07, 4.22943990941e-09],
        "min": [3.85882671386e-24, 1.20971867147e-23, 1.16920727189e-23, 6.87198822643e-24, 3.14492928831e-24, 1.15083036267e-23, 1.37855604666e-23, 9.17454304672e-24, 1.04681786903e-23, 1.24346109229e-23, 1.07604879432e-23, 1.64147660217e-23, 9.94972273727e-24, 5.30519016738e-24, 7.98886065149e-24, 1.46238261526e-23, 5.61303721918e-24, 4.88941471639e-24, 6.1789183065e-24, 5.02179030945e-24, 5.182902922e-24, 7.44606912843e-24, 8.56541778787e-24, 6.53797189739e-24, 1.04433800588e-23, 9.39010244452e-24, 8.55555702656e-24, 8.09827723677e-24, 6.25493215447e-24, 1.16928947119e-23, 1.04765745369e-23, 8.73689248284e-24, 8.43677508461e-24, 8.62951431414e-24, 7.87828917385e-24, 6.7998721402e-24, 7.89896364045e-24, 9.7577510694e-24, 9.58441071839e-24, 6.77896574849e-24],
        "var": [1.78508853423e-05, 6.10137112744e-06, 1.21394316466e-06, 1.63422032529e-06, 4.03222401246e-07, 4.37117165575e-07, 2.38151045551e-07, 1.31645734314e-07, 2.91666623298e-07, 2.95738573186e-07, 2.86372511482e-07, 3.43843538531e-07, 1.30787825015e-07, 6.14414545907e-08, 2.03481587135e-08, 1.59616355688e-08, 3.72404009852e-08, 2.08719459494e-08, 2.12056168181e-08, 8.62301785531e-09, 5.01954922072e-09, 1.7083225945e-09, 6.98434199364e-10, 6.86547596551e-10, 4.64295435432e-10, 2.41532543965e-10, 1.90440441195e-10, 1.89577617493e-10, 1.60261609539e-10, 2.87724316594e-10, 7.94876733878e-11, 6.2574646853e-11, 6.02915981029e-11, 5.45882401781e-11, 1.50947435107e-10, 4.8965245053e-11, 3.86842294309e-11, 3.45076293928e-11, 1.09470817827e-11, 7.24567411278e-12]
    },
    "mfcc": {
        "mean": [-680.627868652, 116.469055176, -9.54531764984, 11.8584604263, -2.24898028374, 4.085896492, -10.1354179382, 10.3933506012, -10.4398698807, 11.7265911102, -8.96441841125, 3.66277360916, -8.25536060333],
        "cov": [[8396.4453125, -573.624328613, 416.673217773, 745.414245605, 335.326599121, 406.333709717, 173.924102783, 437.99798584, 126.963943481, 534.828552246, 80.0888214111, 353.24609375, 81.7402877808], [-573.624328613, 1005.34918213, 21.4797229767, 26.9097385406, 82.8458862305, -13.3203611374, 81.4836807251, -18.964679718, -23.3741474152, 11.9728660583, 41.7668457031, -14.6085090637, 28.3562679291], [416.673217773, 21.4797229767, 1205.7520752, 437.102355957, 309.792877197, 197.53187561, 47.3975639343, 70.9860916138, 9.83566379547, 52.3569297791, 66.8745498657, 106.507102966, 1.39327549934], [745.414245605, 26.9097385406, 437.102355957, 542.490356445, 261.117645264, 124.93813324, 57.6669845581, 112.137756348, 86.9500961304, 86.3485412598, 51.3923454285, 109.519424438, 58.7075691223], [335.326599121, 82.8458862305, 309.792877197, 261.117645264, 352.668579102, 69.9172744751, 58.0992355347, 100.735664368, 57.9952697754, 97.5355758667, 36.5468482971, 71.5704879761, 41.0438804626], [406.333709717, -13.3203611374, 197.53187561, 124.93813324, 69.9172744751, 351.253234863, 147.950027466, 84.7553253174, 85.8794250488, 72.5964736938, 91.6608428955, 63.6856079102, 16.0148849487], [173.924102783, 81.4836807251, 47.3975639343, 57.6669845581, 58.0992355347, 147.950027466, 247.796890259, 79.382484436, 51.4281959534, 60.4651031494, 64.7017059326, 32.4452552795, 35.9975395203], [437.99798584, -18.964679718, 70.9860916138, 112.137756348, 100.735664368, 84.7553253174, 79.382484436, 181.867034912, 72.9280929565, 91.8297424316, 35.2237854004, 55.2223472595, 26.4166297913], [126.963943481, -23.3741474152, 9.83566379547, 86.9500961304, 57.9952697754, 85.8794250488, 51.4281959534, 72.9280929565, 195.004821777, 48.2920417786, 61.5136108398, 29.6474514008, 29.9569034576], [534.828552246, 11.9728660583, 52.3569297791, 86.3485412598, 97.5355758667, 72.5964736938, 60.4651031494, 91.8297424316, 48.2920417786, 181.683792114, 48.2072257996, 50.9315414429, 16.6679573059], [80.0888214111, 41.7668457031, 66.8745498657, 51.3923454285, 36.5468482971, 91.6608428955, 64.7017059326, 35.2237854004, 61.5136108398, 48.2072257996, 125.884422302, 41.7423400879, 21.5802211761], [353.24609375, -14.6085090637, 106.507102966, 109.519424438, 71.5704879761, 63.6856079102, 32.4452552795, 55.2223472595, 29.6474514008, 50.9315414429, 41.7423400879, 118.544281006, 42.0726737976], [81.7402877808, 28.3562679291, 1.39327549934, 58.7075691223, 41.0438804626, 16.0148849487, 35.9975395203, 26.4166297913, 29.9569034576, 16.6679573059, 21.5802211761, 42.0726737976, 101.039360046]],
