{
"lowlevel": {
    "average_loudness": 0.00565481698141,
    "barkbands_crest": {
        "dmean": 2.17859339714,
        "dmean2": 3.48286366463,
        "dvar": 4.25161218643,
        "dvar2": 10.4841222763,
        "max": 25.8920326233,
        "mean": 10.5606718063,
        "median": 9.69740867615,
        "min": 2.10139012337,
        "var": 20.38123703
    },
    "barkbands_flatness_db": {
        "dmean": 0.0169730167836,
        "dmean2": 0.0269653778523,
        "dvar": 0.00025248908787,
        "dvar2": 0.000610595452599,
        "max": 0.428963601589,
        "mean": 0.193506836891,
        "median": 0.191075578332,
        "min": 0.0318038351834,
        "var": 0.00237534940243
    },
    "barkbands_kurtosis": {
        "dmean": 2.61393380165,
        "dmean2": 4.08670425415,
        "dvar": 41.1267356873,
        "dvar2": 108.616111755,
        "max": 230.068130493,
        "mean": 5.41940116882,
        "median": 2.07927846909,
        "min": -1.96096110344,
        "var": 126.603843689
    },
    "barkbands_skewness": {
        "dmean": 0.452320486307,
        "dmean2": 0.681304574013,
        "dvar": 0.285639315844,
        "dvar2": 0.608572363853,
        "max": 13.47544384,
        "mean": 1.53915023804,
        "median": 1.32138395309,
        "min": -3.74273061752,
        "var": 2.0048956871
    },
    "barkbands_spread": {
        "dmean": 3.63755893707,
        "dmean2": 5.62406635284,
        "dvar": 38.4142608643,
        "dvar2": 76.3781967163,
        "max": 98.5870056152,
        "mean": 16.1556110382,
        "median": 12.5812940598,
        "min": 0.878131508827,
        "var": 177.764678955
    },
    "dissonance": {
        "dmean": 0.0193870998919,
        "dmean2": 0.0330257676542,
        "dvar": 0.000379259610781,
        "dvar2": 0.00104133726563,
        "max": 0.500000059605,
        "mean": 0.456193655729,
        "median": 0.465797364712,
        "min": 0.259753972292,
        "var": 0.00129840557929
    },
    "dynamic_complexity": 5.76853609085,
    "erbbands_crest": {
        "dmean": 2.21003890038,
        "dmean2": 3.55898976326,
        "dvar": 4.56126976013,
        "dvar2": 11.1422510147,
        "max": 29.513338089,
        "mean": 9.6414642334,
        "median": 8.48836708069,
        "min": 2.28540205956,
        "var": 21.2171154022
    },
    "erbbands_flatness_db": {
        "dmean": 0.0132233938202,
        "dmean2": 0.0196418650448,
        "dvar": 0.000156697060447,
        "dvar2": 0.000320016668411,
        "max": 0.362494647503,
        "mean": 0.222892835736,
        "median": 0.22269205749,
        "min": 0.0807443112135,
        "var": 0.00221734237857
    },
    "erbbands_kurtosis": {
        "dmean": 0.822657763958,
        "dmean2": 1.27294433117,
        "dvar": 1.58489358425,
        "dvar2": 3.5350112915,
        "max": 37.0684928894,
        "mean": 0.927626132965,
        "median": 0.320371627808,
        "min": -1.82634460926,
        "var": 5.76162862778
    },
    "erbbands_skewness": {
        "dmean": 0.313390552998,
        "dmean2": 0.476439684629,
        "dvar": 0.108736753464,
        "dvar2": 0.209580168128,
        "max": 4.56819486618,
        "mean": 0.53692817688,
        "median": 0.519282817841,
        "min": -4.97830438614,
        "var": 0.70262658596
    },
    "erbbands_spread": {
        "dmean": 5.55729484558,
        "dmean2": 8.35722160339,
        "dvar": 56.8420028687,
        "dvar2": 124.432090759,
        "max": 160.391860962,
        "mean": 30.3039398193,
        "median": 26.4686393738,
        "min": 3.54557728767,
        "var": 298.603363037
    },
    "hfc": {
        "dmean": 2.75739383698,
        "dmean2": 3.7448489666,
        "dvar": 47.8847694397,
        "dvar2": 86.8157806396,
        "max": 512.742797852,
        "mean": 11.1063213348,
        "median": 3.45289373398,
        "min": 1.15587439471e-16,
        "var": 431.094512939
    },
    "melbands_crest": {
        "dmean": 2.82541465759,
        "dmean2": 4.50408124924,
        "dvar": 7.36955070496,
        "dvar2": 18.5498600006,
        "max": 36.3521194458,
        "mean": 14.4053421021,
        "median": 13.7748041153,
        "min": 2.3389749527,
        "var": 33.2950553894
    },
    "melbands_flatness_db": {
        "dmean": 0.0198789369315,
        "dmean2": 0.0300530474633,
        "dvar": 0.000416599126766,
        "dvar2": 0.000901351508219,
        "max": 0.516088366508,
        "mean": 0.213638782501,
        "median": 0.209929302335,
        "min": 0.00712541071698,
        "var": 0.00462697213516
    },
    "melbands_kurtosis": {
        "dmean": 5.63718652725,
        "dmean2": 8.84765911102,
        "dvar": 296.753082275,
        "dvar2": 776.867004395,
        "max": 900.122436523,
        "mean": 12.9995632172,
        "median": 5.7520942688,
        "min": -1.91544938087,
        "var": 828.191162109
    },
    "melbands_skewness": {
        "dmean": 0.573682785034,
        "dmean2": 0.867151379585,
        "dvar": 0.502918481827,
        "dvar2": 1.12643456459,
        "max": 23.162519455,
        "mean": 2.31944727898,
        "median": 1.98712813854,
        "min": -1.40583896637,
        "var": 3.37087464333
    },
    "melbands_spread": {
        "dmean": 5.5340681076,
        "dmean2": 8.3102350235,
        "dvar": 127.728149414,
        "dvar2": 222.8256073,
        "max": 217.763046265,
        "mean": 21.1634712219,
        "median": 15.8139247894,
        "min": 0.628145933151,
        "var": 500.213531494
    },
    "pitch_salience": {
        "dmean": 0.0605596341193,
        "dmean2": 0.0968221500516,
        "dvar": 0.0032283863984,
        "dvar2": 0.00819480791688,
        "max": 0.893588542938,
        "mean": 0.573227107525,
        "median": 0.580598294735,
        "min": 0.119094878435,
        "var": 0.0168804619461
    },
    "silence_rate_20dB": {
        "dmean": 0.00115273776464,
        "dmean2": 0.00230569695123,
        "dvar": 0.0011510385666,
        "dvar2": 0.00345174688846,
        "max": 1,
        "mean": 0.999039471149,
        "median": 1,
        "min": 0,
        "var": 0.000959630589932
    },
    "silence_rate_30dB": {
        "dmean": 0.00153698364738,
        "dmean2": 0.00307426275685,
        "dvar": 0.00153417105321,
        "dvar2": 0.00402495777234,
        "max": 1,
        "mean": 0.994525015354,
        "median": 1,
        "min": 0,
        "var": 0.00544553529471
    },
    "silence_rate_60dB": {
        "dmean": 0.0486071072519,
        "dmean2": 0.0972235575318,
        "dvar": 0.046237744391,
        "dvar2": 0.104488454759,
        "max": 1,
        "mean": 0.341369718313,
        "median": 0,
        "min": 0,
        "var": 0.224857613444
    },
    "spectral_centroid": {
        "dmean": 177.788604736,
        "dmean2": 266.664031982,
        "dvar": 76423.265625,
        "dvar2": 131159.125,
        "max": 10906.1347656,
        "mean": 1157.57714844,
        "median": 1025.69970703,
        "min": 186.194656372,
        "var": 486225.75
    },
    "spectral_complexity": {
        "dmean": 1.80883765221,
        "dmean2": 2.94706511497,
        "dvar": 3.42828345299,
        "dvar2": 8.16806983948,
        "max": 64,
        "mean": 10.2150611877,
        "median": 9,
        "min": 0,
        "var": 41.4678230286
    },
    "spectral_decrease": {
        "dmean": 9.6430263774e-10,
        "dmean2": 1.43470002545e-09,
        "dvar": 1.01680854198e-17,
        "dvar2": 2.77707361819e-17,
        "max": 7.17666377044e-29,
        "mean": -3.44228578975e-09,
        "median": -1.42236955547e-09,
        "min": -1.43239020645e-07,
        "var": 3.62976778956e-17
    },
    "spectral_energy": {
        "dmean": 0.00383964227512,
        "dmean2": 0.00569048104808,
        "dvar": 0.000150318068336,
        "dvar2": 0.000408179446822,
        "max": 0.570849657059,
        "mean": 0.013999347575,
        "median": 0.00580626120791,
        "min": 1.06006757868e-20,
        "var": 0.000575674406718
    },
    "spectral_energyband_high": {
        "dmean": 0.00015561003238,
        "dmean2": 0.000212595346966,
        "dvar": 5.78582103117e-07,
        "dvar2": 1.07273660888e-06,
        "max": 0.0432790219784,
        "mean": 0.00037609654828,
        "median": 4.95408021379e-05,
        "min": 7.69177157037e-21,
        "var": 3.1709967061e-06
    },
    "spectral_energyband_low": {
        "dmean": 0.00158794317394,
        "dmean2": 0.00266493135132,
        "dvar": 0.000105975341285,
        "dvar2": 0.000311989861075,
        "max": 0.422706156969,
        "mean": 0.0029945296701,
        "median": 0.000558627885766,
        "min": 7.06010820205e-23,
        "var": 0.000169263934367
    },
    "spectral_energyband_middle_high": {
        "dmean": 0.000911555893254,
        "dmean2": 0.00125131756067,
        "dvar": 3.90703598896e-06,
        "dvar2": 6.34304797131e-06,
        "max": 0.0868568867445,
        "mean": 0.00325829861686,
        "median": 0.000914118310902,
        "min": 1.5870856525e-21,
        "var": 3.60826052201e-05
    },
    "spectral_energyband_middle_low": {
        "dmean": 0.00246371910907,
        "dmean2": 0.00353983975947,
        "dvar": 4.91380051244e-05,
        "dvar2": 0.000123516161693,
        "max": 0.382957071066,
        "mean": 0.00798588432372,
        "median": 0.00291184615344,
        "min": 2.34263365589e-22,
        "var": 0.000189507962205
    },
    "spectral_entropy": {
        "dmean": 0.124930031598,
        "dmean2": 0.185540899634,
        "dvar": 0.0177858006209,
        "dvar2": 0.0324690304697,
        "max": 9.80782222748,
        "mean": 7.32118844986,
        "median": 7.37226438522,
        "min": 4.99972200394,
        "var": 0.249812304974
    },
    "spectral_flux": {
        "dmean": 0.0136862220243,
        "dmean2": 0.0217977855355,
        "dvar": 0.00043151457794,
        "dvar2": 0.00099330150988,
        "max": 0.532608449459,
        "mean": 0.0460397675633,
        "median": 0.0343979038298,
        "min": 6.62965168874e-11,
        "var": 0.00163409288507
    },
    "spectral_kurtosis": {
        "dmean": 2.51716113091,
        "dmean2": 4.41371250153,
        "dvar": 7.71446561813,
        "dvar2": 23.3534870148,
        "max": 60.2428512573,
        "mean": 4.96226358414,
        "median": 3.88205766678,
        "min": -1.28958237171,
        "var": 19.6241264343
    },
    "spectral_rms": {
        "dmean": 0.000413061672589,
        "dmean2": 0.000598227721639,
        "dvar": 4.20062235662e-07,
        "dvar2": 9.19732826787e-07,
        "max": 0.0235992893577,
        "mean": 0.00301096495241,
        "median": 0.00238005141728,
        "min": 3.21591711594e-12,
        "var": 4.59201783087e-06
    },
    "spectral_rolloff": {
        "dmean": 311.148712158,
        "dmean2": 511.091064453,
        "dvar": 540784.3125,
        "dvar2": 961507.875,
        "max": 18884.6191406,
        "mean": 1393.66784668,
        "median": 1055.12695312,
        "min": 64.599609375,
        "var": 2089274.375
    },
    "spectral_skewness": {
        "dmean": 0.276197940111,
        "dmean2": 0.461015194654,
        "dvar": 0.0685987696052,
        "dvar2": 0.180281877518,
        "max": 6.05367660522,
        "mean": 1.56142377853,
        "median": 1.50121033192,
        "min": -0.636735439301,
        "var": 0.366470634937
    },
    "spectral_spread": {
        "dmean": 332357.15625,
        "dmean2": 507400.03125,
        "dvar": 233943777280,
        "dvar2": 428857688064,
        "max": 41145836,
        "mean": 3449133.25,
        "median": 3189703.5,
        "min": 1282096.625,
        "var": 1.40479050547e+12
    },
    "spectral_strongpeak": {
        "dmean": 0.346554964781,
        "dmean2": 0.561246752739,
        "dvar": 0.540745019913,
        "dvar2": 1.23568081856,
        "max": 24.2234840393,
        "mean": 0.916580617428,
        "median": 0.373677104712,
        "min": 0,
        "var": 2.06900334358
    },
    "zerocrossingrate": {
        "dmean": 0.00747872376814,
        "dmean2": 0.00849184393883,
        "dvar": 0.000177580513991,
        "dvar2": 0.000150977255544,
        "max": 0.65771484375,
        "mean": 0.0527120493352,
        "median": 0.04541015625,
        "min": 0.00537109375,
        "var": 0.00151885626838
    },
    "barkbands": {
        "dmean": [9.99204930849e-05, 0.000966919586062, 0.000468522426672, 0.000766225159168, 0.0008486584411, 0.000280677573755, 0.000368109263945, 0.000514823070262, 0.000699673837516, 0.000327458721586, 0.000193476589629, 0.000189449710888, 0.000302524131257, 0.000195484506548, 0.000119255790196, 8.6851650849e-05, 9.00998711586e-05, 5.62419518246e-05, 4.23019191658e-05, 3.89696469938e-05, 4.00423559768e-05, 3.99045675294e-05, 4.81743409182e-05, 4.39936775365e-05, 9.23213883652e-06, 3.82281740485e-07, 3.20939652632e-09],
        "dmean2": [0.000168090438819, 0.0016912544379, 0.000776626053266, 0.00120013521519, 0.00134839105885, 0.000419311516453, 0.000525983341504, 0.000718217110261, 0.000966424995568, 0.000479199225083, 0.000289952615276, 0.000277415674645, 0.000456753012259, 0.000295331148664, 0.000182254283573, 0.000135969006806, 0.000131981461891, 8.64220346557e-05, 6.4875028329e-05, 5.88793845964e-05, 5.79454936087e-05, 5.97969374212e-05, 7.14572961442e-05, 6.05540117249e-05, 1.39376188599e-05, 5.87780277783e-07, 6.24901863588e-09],
        "dvar": [1.62462777098e-06, 7.05304264557e-05, 6.24326867182e-06, 8.34724778542e-06, 2.33105183725e-05, 1.20660695302e-06, 1.55062718932e-06, 4.24624431616e-06, 5.49441165276e-06, 8.6053881887e-07, 5.48666264422e-07, 7.15802514151e-07, 1.05864569377e-06, 4.67972199658e-07, 1.94656365693e-07, 1.16042926379e-07, 8.22454992999e-08, 3.71126382959e-08, 2.54750407436e-08, 2.87161405765e-08, 8.6617035322e-08, 3.04331670975e-08, 9.22457985553e-08, 6.01612839546e-08, 1.44518974565e-08, 3.81808300254e-11, 1.97729677141e-14],
        "dvar2": [4.52786798633e-06, 0.000213874402107, 1.6561438315e-05, 1.97984900296e-05, 6.31006332696e-05, 3.029587333e-06, 3.20751178151e-06, 8.10873370938e-06, 9.39375877351e-06, 1.53238181611e-06, 9.42704048157e-07, 1.3207916254e-06, 2.26504926104e-06, 1.00496015421e-06, 3.93140481947e-07, 2.58325400182e-07, 1.42718064922e-07, 8.46211847261e-08, 5.8044239637e-08, 6.15696080786e-08, 1.75622005827e-07, 6.91660062557e-08, 1.92794729514e-07, 1.217394896e-07, 3.28943592365e-08, 8.30834151477e-11, 5.92382317244e-14],
        "max": [0.0444887056947, 0.367721885443, 0.097200229764, 0.0792578309774, 0.335739195347, 0.0520827397704, 0.0686745047569, 0.106604576111, 0.0784538015723, 0.0294478908181, 0.0413525365293, 0.0340647511184, 0.0308673679829, 0.0216543376446, 0.0147013710812, 0.0126829948276, 0.0115243950859, 0.00881835538894, 0.0122081534937, 0.00927233789116, 0.0196079369634, 0.0100517906249, 0.0210704226047, 0.00966467056423, 0.0116209657863, 0.000352109404048, 9.77516538114e-06],
        "mean": [0.00011052138143, 0.00144971313421, 0.000885138812009, 0.00114807195496, 0.0016824954655, 0.000632148119621, 0.000908299873117, 0.00101830298081, 0.00245084357448, 0.000677443400491, 0.000418479001382, 0.000351121008862, 0.000693749345373, 0.000385378312785, 0.000209600737435, 0.000151411208208, 0.000194476029719, 0.000107105224743, 0.000101306737633, 7.70376864239e-05, 7.74774816819e-05, 7.61951741879e-05, 9.00483646546e-05, 8.50550422911e-05, 1.73291700776e-05, 5.82391805892e-07, 1.97490734877e-09],
        "median": [9.97605525299e-07, 4.75592678413e-05, 0.000173629814526, 0.000151945525431, 0.000638736004476, 0.000227338139666, 0.000123464065837, 7.95901578385e-05, 0.000184235483175, 0.000143995202961, 6.79723380017e-05, 6.87001374899e-05, 7.16881258995e-05, 8.3963459474e-05, 5.19691093359e-05, 4.61218005512e-05, 4.55148983747e-05, 3.06272413582e-05, 2.43878948822e-05, 1.53732671606e-05, 1.16443015941e-05, 8.54071731737e-06, 7.5307593761e-06, 6.13352904111e-06, 2.53624364177e-07, 2.51239168358e-10, 2.60390542461e-10],
        "min": [1.60440455724e-23, 3.40264517622e-23, 1.30665358396e-23, 4.79782875416e-24, 1.64150405453e-23, 1.70237098425e-23, 4.04069133804e-23, 1.80210256642e-23, 7.00131408324e-23, 6.3123015116e-23, 7.10336049885e-23, 3.25227535037e-23, 9.23527539678e-23, 6.45118457604e-23, 8.62973251307e-23, 1.30683366513e-22, 1.82828687935e-22, 1.14896820917e-22, 3.32279825312e-22, 2.6880567874e-22, 2.9676354031e-22, 5.46299328755e-22, 6.78215905743e-22, 7.07562389698e-22, 1.17591408211e-21, 1.74524244425e-21, 2.24625620931e-21],
        "var": [2.1579010081e-06, 8.89015282155e-05, 8.75047226145e-06, 1.33067469505e-05, 3.03672695736e-05, 2.1193129669e-06, 7.93233812146e-06, 1.46248694364e-05, 7.19730669516e-05, 3.31341334459e-06, 3.09149390887e-06, 1.8120756522e-06, 5.07267714056e-06, 1.62570506745e-06, 4.47107709078e-07, 2.20402526452e-07, 3.35556649134e-07, 1.0573730691e-07, 1.05574102349e-07, 9.87476340697e-08, 2.65828248303e-07, 1.05726343236e-07, 2.22365827085e-07, 2.04374430268e-07, 6.00769851644e-08, 8.38082936383e-11, 1.00586915845e-14]
    },
    "erbbands": {
        "dmean": [0.031087083742, 0.215704336762, 0.547162413597, 1.48801863194, 2.79049015045, 3.25183820724, 2.42493796349, 2.13308525085, 4.29932069778, 6.84975814819, 12.896238327, 18.0031166077, 10.1249408722, 9.69545555115, 7.3655371666, 7.78980302811, 13.4675912857, 9.67561817169, 7.67826366425, 5.15834999084, 3.84682106972, 4.32183742523, 3.43929028511, 1.64420950413, 2.35241103172, 1.64578938484, 1.65566110611, 1.46530628204, 1.29554581642, 1.55423855782, 1.41878807545, 1.06638538837, 0.673947751522, 0.160095930099, 0.0285698380321, 0.00430197548121, 0.000132348577608, 9.89666568785e-06, 3.39357666235e-06, 4.7317021199e-06],
        "dmean2": [0.054129768163, 0.376843720675, 0.920429348946, 2.3789870739, 4.37287282944, 5.15468215942, 3.75003647804, 3.19186401367, 6.32845544815, 9.56408500671, 17.5556545258, 23.9639759064, 14.520898819, 13.965180397, 10.5915708542, 11.1582164764, 20.0533714294, 14.1140060425, 11.3563394547, 7.98059892654, 5.80727148056, 6.29928255081, 5.13077497482, 2.5253238678, 3.56575393677, 2.49470090866, 2.47142410278, 2.10352802277, 1.93379700184, 2.32223653793, 2.12920188904, 1.4770026207, 0.952230632305, 0.244487151504, 0.0411962158978, 0.00638221157715, 0.000201850241865, 1.53319506353e-05, 5.01446857015e-06, 6.95245398674e-06],
        "dvar": [0.119369909167, 3.22151184082, 12.1961393356, 27.2185974121, 170.884338379, 477.532714844, 58.5720710754, 115.072654724, 284.95324707, 579.879272461, 2855.27001953, 4485.95751953, 864.680480957, 913.299987793, 639.98425293, 1305.77526855, 2235.79345703, 975.054077148, 874.98059082, 375.190887451, 183.993515015, 164.044555664, 129.388885498, 46.5399780273, 67.3083190918, 43.1636009216, 190.482086182, 61.8639831543, 32.0626411438, 53.1313934326, 121.350959778, 34.2379341125, 14.1015357971, 2.75744795799, 0.429527789354, 0.00684416480362, 3.98171960114e-06, 2.00829859409e-08, 6.68025745831e-10, 2.20065757284e-10],
        "dvar2": [0.375459492207, 9.79105567932, 34.6993675232, 68.12084198, 471.739685059, 1206.50012207, 146.089584351, 298.321380615, 570.393920898, 1139.71008301, 5396.86474609, 7392.09472656, 1575.87658691, 1398.64978027, 1021.4498291, 2338.20166016, 4753.75244141, 1875.31555176, 1701.82922363, 831.956604004, 379.684844971, 287.495635986, 282.902069092, 109.46269989, 146.100982666, 90.5304946899, 406.883117676, 121.174034119, 69.5762405396, 121.245223999, 247.248336792, 72.25365448, 29.2755088806, 6.23837089539, 0.980340480804, 0.0144996903837, 8.87564510776e-06, 5.35579047778e-08, 1.88675097768e-09, 5.94505833451e-10],
        "max": [12.8960161209, 87.492767334, 135.800552368, 144.351394653, 611.115661621, 1850.9822998, 454.864562988, 550.274658203, 1240.20812988, 771.680541992, 3083.56054688, 2177.13330078, 1423.23254395, 1251.86047363, 1236.57580566, 1749.54614258, 1524.40856934, 1077.42810059, 1122.18908691, 724.450317383, 794.923583984, 588.679626465, 534.922485352, 625.42401123, 405.75579834, 393.648010254, 864.223388672, 451.031616211, 322.225738525, 349.610351562, 850.349853516, 243.515686035, 146.232772827, 137.107711792, 69.8850479126, 10.0867805481, 0.226472899318, 0.0114673171192, 0.00202424894087, 0.000880006700754],
        "mean": [0.0387486852705, 0.333046138287, 1.01136863232, 2.5897231102, 4.42185163498, 6.41015911102, 5.53263521194, 5.06830501556, 11.000658989, 15.4743795395, 29.9903202057, 63.1857414246, 24.595905304, 21.4833621979, 17.1117019653, 16.1017589569, 33.0162506104, 20.4310092926, 15.9949216843, 9.84666252136, 7.72251033783, 9.88724994659, 7.62865591049, 3.8241212368, 6.14638185501, 3.69334411621, 3.05347084999, 2.89651322365, 2.51755833626, 2.92735290527, 2.57442259789, 1.9208946228, 1.268699646, 0.310335040092, 0.0730212777853, 0.00978528615087, 0.000292267883196, 2.14505798795e-05, 1.08096728582e-05, 1.74219967448e-05],
        "median": [0.000644801999442, 0.019276060164, 0.204095795751, 0.494949579239, 1.12789845467, 2.40434074402, 2.022356987, 1.86334848404, 1.85231292248, 2.04690146446, 2.71795654297, 4.60636520386, 4.66359519958, 5.19008827209, 3.59955000877, 3.09016394615, 3.57536149025, 4.23984098434, 3.44169044495, 2.96571683884, 2.50506281853, 2.58625078201, 1.92435622215, 1.35385918617, 1.17736673355, 0.762999713421, 0.501724660397, 0.429456233978, 0.296833783388, 0.248305439949, 0.207836538553, 0.1403106004, 0.0882336273789, 0.0121933845803, 0.000331434654072, 2.65656926786e-05, 6.30622525932e-06, 1.62361175171e-06, 3.43040824191e-06, 7.04723242961e-06],
        "min": [1.42025628803e-21, 6.4739605681e-21, 1.12253554768e-20, 2.19782292652e-20, 2.26494023218e-20, 3.39170966828e-20, 1.0468114116e-19, 1.715761808e-19, 5.90023743332e-19, 5.48094785263e-19, 8.50889314969e-19, 1.60698455892e-18, 1.62514748062e-18, 2.28085603373e-18, 2.33073150915e-18, 1.64102252414e-18, 3.23417217712e-18, 6.28507587208e-18, 3.91741984757e-18, 8.12652591301e-18, 8.3453672974e-18, 9.17194985837e-18, 7.27858803016e-18, 7.92427942606e-18, 2.17948062425e-17, 1.22025220743e-17, 1.63644995243e-17, 1.19824854139e-17, 1.57486470146e-17, 2.10603294155e-17, 1.78834132328e-17, 1.46961953428e-17, 1.18523649404e-17, 1.26655984607e-17, 8.65106843639e-18, 5.81410735544e-18, 3.0533169944e-18, 1.3167173694e-18, 3.2794498208e-19, 3.45855135477e-20],
        "var": [0.139583930373, 3.3790345192, 14.4855699539, 46.5457077026, 210.508621216, 624.260253906, 132.030395508, 178.022155762, 1507.40576172, 1825.62536621, 9992.12207031, 54624.1640625, 4539.78662109, 3569.61010742, 3448.42651367, 3330.62719727, 11564.765625, 3292.07958984, 2924.77929688, 772.792236328, 502.212036133, 734.192504883, 452.556732178, 147.804336548, 375.805999756, 182.211837769, 448.747772217, 255.240127563, 125.56288147, 151.811553955, 250.650558472, 99.7402954102, 48.1840400696, 10.3060035706, 2.05241680145, 0.0303237326443, 1.80245151569e-05, 5.77901495546e-08, 1.53106627376e-09, 9.39243904874e-10]
    },
    "gfcc": {
        "mean": [-107.366043091, 132.954284668, -166.086639404, 38.7523155212, -78.9947357178, 12.0921401978, -34.5722122192, -13.8920383453, -5.4853811264, -30.6130123138, 2.92211270332, -25.1296844482, 0.969527959824],
        "cov": [[7020.12744141, -413.665466309, 110.375984192, 325.637145996, -401.512786865, 552.825195312, 47.0345306396, 467.852783203, 258.700927734, 71.7437820435, 93.9963760376, -179.684555054, -170.026000977], [-413.665466309, 1326.0723877, 447.920593262, -38.8722457886, 350.739685059, -227.325195312, 84.1121368408, -190.972473145, -8.46563625336, -109.752807617, 73.8844833374, -82.9877624512, -38.0647201538], [110.375984192, 447.920593262, 1401.91040039, 603.254882812, 122.46105957, 48.8832206726, -132.057693481, -33.9816551208, -69.0977783203, 62.2615623474, -6.0560131073, 17.9236545563, -63.9358673096], [325.637145996, -38.8722457886, 603.254882812, 641.746337891, 91.4845275879, 139.251922607, -18.0015335083, 58.4957923889, 34.1946334839, 54.7516403198, -21.2862911224, 36.07396698, -10.5345344543], [-401.512786865, 350.739685059, 122.46105957, 91.4845275879, 345.871520996, 71.2241592407, 107.309776306, 35.1989097595, 22.4875354767, 15.6713762283, 2.50376605988, -6.19846916199, 4.994972229], [552.825195312, -227.325195312, 48.8832206726, 139.251922607, 71.2241592407, 359.936309814, 102.737045288, 184.736175537, 74.0115203857, 90.287689209, 12.5259065628, -1.15555596352, -2.55149674416], [47.0345306396, 84.1121368408, -132.057693481, -18.0015335083, 107.309776306, 102.737045288, 267.502532959, 95.5907058716, 67.755317688, 41.786403656, 38.6842689514, 3.40146541595, -16.7416877747], [467.852783203, -190.972473145, -33.9816551208, 58.4957923889, 35.1989097595, 184.736175537, 95.5907058716, 270.637390137, 118.850265503, 82.1073913574, 22.5023612976, 12.334186554, 1.30829536915], [258.700927734, -8.46563625336, -69.0977783203, 34.1946334839, 22.4875354767, 74.0115203857, 67.755317688, 118.850265503, 174.930664062, 44.3487129211, 22.3209857941, 19.7138023376, 2.08559799194], [71.7437820435, -109.752807617, 62.2615623474, 54.7516403198, 15.6713762283, 90.287689209, 41.786403656, 82.1073913574, 44.3487129211, 125.406494141, 35.2798805237, 29.0434188843, 10.7385730743], [93.9963760376, 73.8844833374, -6.0560131073, -21.2862911224, 2.50376605988, 12.5259065628, 38.6842689514, 22.5023612976, 22.3209857941, 35.2798805237, 96.9669494629, 19.3743686676, -2.75469851494], [-179.684555054, -82.9877624512, 17.9236545563, 36.07396698, -6.19846916199, -1.15555596352, 3.40146541595, 12.334186554, 19.7138023376, 29.0434188843, 19.3743686676, 95.5003433228, 33.3641433716], [-170.026000977, -38.0647201538, -63.9358673096, -10.5345344543, 4.994972229, -2.55149674416, -16.7416877747, 1.30829536915, 2.08559799194, 10.7385730743, -2.75469851494, 33.3641433716, 81.8481292725]],
        "icov": [[0.000250790501013, -0.000261359004071, 0.000148303894093, -0.000252356490819, 0.000648002314847, -0.000446737569291, 0.000174781031092, -0.00040775994421, 4.30740374213e-06, 4.23197052442e-05, -8.59353604028e-05, 0.000276633916656, 0.000350270769559], [-0.000261359004071, 0.00467448914424, -0.00276463874616, 0.00216980441473, -0.0046438141726, 0.00283530983143, -0.00219648028724, 0.00296338507906, -0.00347846280783, 0.00377454305999, -0.00452742166817, 0.00409587519243, -0.00260276882909], [0.000148303894093, -0.00276463874616, 0.00320330332033, -0.00265282671899, 0.00218722433783, -0.00144339061808, 0.00217969738878, -0.00168407917954, 0.00280556851067, -0.0030878954567, 0.0023119810503, -0.00259699416347, 0.00294754141942], [-0.000252356490819, 0.00216980441473, -0.00265282671899, 0.00426112581044, -0.00249562924728, 0.000490583421197, -0.00109591404907, 0.00162997457664, -0.00237838178873, 0.00183106213808, -0.000870257848874, 0.000637785240542, -0.00159047858324], [0.000648002314847, -0.0046438141726, 0.00218722433783, -0.00249562924728, 0.0090300720185, -0.00358651694842, 0.000334744574502, -0.00310668954626, 0.00294921197928, -0.00283564790152, 0.00420381641015, -0.00246563879773, 0.00147248769645], [-0.000446737569291, 0.00283530983143, -0.00144339061808, 0.000490583421197, -0.00358651694842, 0.00722569134086, -0.00216792337596, -0.000649003544822, -0.00127885059919, 9.37908916967e-05, -0.00193577713799, 0.00303169013932, -0.00194341724273], [0.000174781031092, -0.00219648028724, 0.00217969738878, -0.00109591404907, 0.000334744574502, -0.00216792337596, 0.00714517058805, -0.00210680067539, 0.00100979290437, -0.00236080633476, 0.000520582136232, -0.00241427775472, 0.00359604903497], [-0.00040775994421, 0.00296338507906, -0.00168407917954, 0.00162997457664, -0.00310668954626, -0.000649003544822, -0.00210680067539, 0.00997712556273, -0.00552431028336, 0.000190325299627, -0.00222696643323, 0.00227743806317, -0.00188319094013], [4.30740374213e-06, -0.00347846280783, 0.00280556851067, -0.00237838178873, 0.00294921197928, -0.00127885059919, 0.00100979290437, -0.00552431028336, 0.0116836689413, -0.00367597187869, 0.00289269303903, -0.00453760614619, 0.0024833176285], [4.23197052442e-05, 0.00377454305999, -0.0030878954567, 0.00183106213808, -0.00283564790152, 9.37908916967e-05, -0.00236080633476, 0.000190325299627, -0.00367597187869, 0.0161884464324, -0.00723218172789, 0.00168603367638, -0.00360405142419], [-8.59353604028e-05, -0.00452742166817, 0.0023119810503, -0.000870257848874, 0.00420381641015, -0.00193577713799, 0.000520582136232, -0.00222696643323, 0.00289269303903, -0.00723218172789, 0.0176935717463, -0.00689888419583, 0.00351800909266], [0.000276633916656, 0.00409587519243, -0.00259699416347, 0.000637785240542, -0.00246563879773, 0.00303169013932, -0.00241427775472, 0.00227743806317, -0.00453760614619, 0.00168603367638, -0.00689888419583, 0.0190311279148, -0.00784782879055], [0.000350270769559, -0.00260276882909, 0.00294754141942, -0.00159047858324, 0.00147248769645, -0.00194341724273, 0.00359604903497, -0.00188319094013, 0.0024833176285, -0.00360405142419, 0.00351800909266, -0.00784782879055, 0.0181749351323]]
    },
    "melbands": {
        "dmean": [0.000264865462668, 0.000279387837509, 0.000296701240586, 0.00021539744921, 9.14895790629e-05, 4.87366050947e-05, 6.70671579428e-05, 8.03514849395e-05, 0.000113226451504, 0.000107259998913, 4.97245637234e-05, 4.23732781201e-05, 2.77977796941e-05, 2.01557922992e-05, 2.89337713184e-05, 2.82410073851e-05, 1.85516782949e-05, 1.44661235026e-05, 7.48392585592e-06, 7.22453796698e-06, 4.60695537186e-06, 4.5647193474e-06, 5.22036771144e-06, 2.46911167778e-06, 1.35063442031e-06, 1.76862795342e-06, 1.7889949504e-06, 1.05182050447e-06, 1.02937519841e-06, 1.15910415843e-06, 8.50911305861e-07, 7.66860466683e-07, 9.10572509838e-07, 8.90158219136e-07, 8.95351945474e-07, 7.70471785927e-07, 6.59054421703e-07, 5.55793974399e-07, 3.39332132171e-07, 7.99064494572e-08],
        "dmean2": [0.00046120150364, 0.000473228748888, 0.000466748140752, 0.000340395868989, 0.000143205499626, 7.26114885765e-05, 9.78205353022e-05, 0.000113323199912, 0.00015401384735, 0.000145000551129, 7.19152594684e-05, 6.09282469668e-05, 4.04998463637e-05, 2.8696615118e-05, 4.41866905021e-05, 4.11534128943e-05, 2.75757611234e-05, 2.16394473682e-05, 1.14487938845e-05, 1.12255129352e-05, 7.06637774783e-06, 6.73708564136e-06, 7.80420305091e-06, 3.84656368624e-06, 2.13953239836e-06, 2.74176227322e-06, 2.75849220088e-06, 1.62539561188e-06, 1.57046645199e-06, 1.70138787325e-06, 1.26263842049e-06, 1.16142018669e-06, 1.35215702812e-06, 1.34742106184e-06, 1.37051517868e-06, 1.15108855425e-06, 9.34817137477e-07, 8.02442968961e-07, 5.07144136463e-07, 1.29765425072e-07],
        "dvar": [6.39952622805e-06, 3.77511855731e-06, 1.14492650027e-06, 1.57023634983e-06, 1.43624760085e-07, 4.9544539138e-08, 5.75787559853e-08, 7.27290014879e-08, 1.99664128786e-07, 1.54567842969e-07, 2.26570424644e-08, 1.72332672577e-08, 1.06772528596e-08, 7.87605447528e-09, 1.17042944225e-08, 9.57424628467e-09, 3.87679532921e-09, 3.36058270101e-09, 8.15624623396e-10, 9.71602798217e-10, 2.69840122469e-10, 2.13093209744e-10, 2.79467615716e-10, 8.50859660506e-11, 4.23578463971e-11, 5.03409397501e-11, 5.27483785817e-11, 2.00563177177e-11, 4.77388129028e-11, 1.27447011278e-10, 1.99950091206e-11, 1.30299764034e-11, 1.73222772931e-11, 1.89875667272e-11, 7.76852332462e-11, 1.82263891479e-11, 1.34475052621e-11, 9.85769278705e-12, 4.485856131e-12, 2.11160971521e-12],
        "dvar2": [1.96980490728e-05, 1.12398738565e-05, 2.783556738e-06, 4.25831512985e-06, 3.67515809785e-07, 1.2163241081e-07, 1.13635501009e-07, 1.43730801483e-07, 3.81159480867e-07, 2.61833946524e-07, 4.11569658354e-08, 2.6044947532e-08, 1.6305847339e-08, 1.29535724369e-08, 2.56474166349e-08, 1.85058155466e-08, 7.71658648091e-09, 6.82237111249e-09, 1.76284065123e-09, 2.16817341858e-09, 5.34512600847e-10, 3.83637732693e-10, 5.62002555604e-10, 2.02620281664e-10, 1.03363921589e-10, 1.20226731348e-10, 1.24492083309e-10, 4.39260364193e-11, 1.04719566352e-10, 2.56637877616e-10, 4.18954350379e-11, 2.9549755004e-11, 4.09068542928e-11, 4.56338647425e-11, 1.56967550069e-10, 4.22375606712e-11, 2.82548845432e-11, 2.17190380264e-11, 9.55847727357e-12, 5.09588204967e-12],
        "max": [0.0955757796764, 0.0776274129748, 0.0271861944348, 0.0818294212222, 0.0311111006886, 0.0120064085349, 0.0161782894284, 0.00814133323729, 0.0259464103729, 0.0125934416428, 0.00686182780191, 0.00533469812945, 0.00564274238423, 0.00421274313703, 0.00292862672359, 0.00351039203815, 0.00188561098184, 0.00242212763987, 0.00117563165259, 0.00120978814084, 0.000890275870916, 0.000682428304572, 0.000561927852686, 0.000440790783614, 0.000584756024182, 0.000335670338245, 0.000394102273276, 0.000219745284994, 0.000301785330521, 0.000856964208651, 0.000244557188125, 0.000184925564099, 0.000232352074818, 0.000190060643945, 0.000738199218176, 0.000166450510733, 0.000163423334016, 0.000121545686852, 0.000124459766084, 0.000130457774503],
        "mean": [0.000375769654056, 0.000508761964738, 0.000501206144691, 0.00040765790618, 0.000212210492464, 0.000114840440801, 0.000172051819391, 0.00017721610493, 0.000293872435577, 0.000365023966879, 0.000112250330858, 8.87584828888e-05, 6.29545102129e-05, 3.78675249522e-05, 6.27485351288e-05, 6.29282876616e-05, 3.50303234882e-05, 2.83191602648e-05, 1.32818795464e-05, 1.20418326333e-05, 8.5036681412e-06, 9.39517667575e-06, 1.10620840132e-05, 4.8305259952e-06, 2.67015661848e-06, 3.98264319301e-06, 4.27670966019e-06, 2.00701333597e-06, 1.77415847702e-06, 1.98721386369e-06, 1.56292139764e-06, 1.34349011205e-06, 1.6036535726e-06, 1.59139688094e-06, 1.53321821017e-06, 1.29710804231e-06, 1.13039038752e-06, 9.78018078968e-07, 5.91886191614e-07, 1.53251647816e-07],
        "median": [8.81750656845e-06, 7.99350018497e-05, 0.000103338701592, 0.000140513875522, 8.31168508739e-05, 4.12182853324e-05, 2.70082437055e-05, 2.10153593798e-05, 2.08853161894e-05, 2.59778971667e-05, 2.04537518584e-05, 1.99339374376e-05, 1.14212998596e-05, 8.07921333035e-06, 7.25672316548e-06, 7.39694178264e-06, 7.50624985812e-06, 5.48204752704e-06, 3.67127745449e-06, 3.51104972651e-06, 2.51155461228e-06, 2.49692584475e-06, 2.16091416405e-06, 1.35731704631e-06, 9.56688495535e-07, 9.01973066902e-07, 6.76964418744e-07, 4.05861783292e-07, 3.0166594911e-07, 2.4028986445e-07, 2.2908164965e-07, 1.58320347055e-07, 1.45878487956e-07, 1.26680106405e-07, 1.18868570098e-07, 9.14631073101e-08, 7.1737254359e-08, 6.46458886422e-08, 3.39706787145e-08, 7.85684517446e-10],
        "min": [1.38241909852e-23, 7.18732669583e-24, 3.86170960604e-24, 1.41090888899e-24, 3.6211957768e-24, 4.18710684083e-24, 8.56146243929e-24, 4.75654214096e-24, 9.46042150561e-24, 9.1373127563e-24, 7.85218497763e-24, 8.35943121716e-24, 7.93480632454e-24, 4.83561795253e-24, 5.8150656803e-24, 9.32131771789e-24, 9.72279506497e-24, 6.16572658002e-24, 7.79944489295e-24, 9.41599128171e-24, 8.55239606091e-24, 1.09067758872e-23, 6.83388387813e-24, 5.26369845034e-24, 5.24548089103e-24, 1.54447574091e-23, 1.29273176671e-23, 6.58364260507e-24, 9.46688148756e-24, 9.43693317216e-24, 6.44903690223e-24, 9.06910626472e-24, 1.04046880092e-23, 1.18573035798e-23, 1.13734218225e-23, 8.05541526834e-24, 6.58569482671e-24, 7.15339384399e-24, 1.05827788805e-23, 1.10811125696e-23],
        "var": [8.279343092e-06, 4.38186543761e-06, 1.91930212168e-06, 2.02150340556e-06, 2.37164698547e-07, 9.09535131655e-08, 3.44036351407e-07, 2.48134938374e-07, 8.73858311934e-07, 1.71333874732e-06, 1.15413158142e-07, 6.57116814295e-08, 6.66314932118e-08, 2.1817431417e-08, 4.19305798971e-08, 4.09085672004e-08, 1.12527276386e-08, 1.18568239671e-08, 1.59072310879e-09, 1.59834390168e-09, 7.32036375961e-10, 7.58288210001e-10, 1.05285880014e-09, 2.50097553778e-10, 9.49645015402e-11, 1.74947265008e-10, 2.16108617113e-10, 7.07045602621e-11, 1.18933751736e-10, 3.08595510257e-10, 7.05541736146e-11, 4.17180422152e-11, 4.60367369226e-11, 4.66211895478e-11, 1.37767977582e-10, 4.19718877709e-11, 3.84138866549e-11, 2.8310517125e-11, 1.40861523834e-11, 7.29846565128e-12]
    },
    "mfcc": {
        "mean": [-720.116516113, 130.861785889, -16.884016037, 9.60561275482, -7.94295406342, 4.02196788788, -11.3187761307, 6.43611335754, -11.752497673, 3.72118091583, -10.2614459991, -1.34147715569, -13.3100852966],
        "cov": [[6270.59228516, -558.135620117, -15.7808685303, -40.9010314941, -254.352355957, 176.667892456, -154.002838135, 439.70513916, 2.58999419212, 458.323883057, 206.580734253, 343.264465332, -13.5122280121], [-558.135620117, 1314.14489746, 72.9133758545, 95.3961486816, 157.265380859, -45.208278656, 105.580322266, -77.2947311401, -85.6618118286, -54.4291191101, 16.8401355743, -60.9304466248, -1.89621341228], [-15.7808685303, 72.9133758545, 1227.6048584, 490.668884277, 309.188476562, 133.688430786, 19.9389896393, -45.6011695862, -45.0895271301, -47.8786621094, -12.187494278, 80.8680877686, 30.2741317749], [-40.9010314941, 95.3961486816, 490.668884277, 484.116271973, 191.794876099, 96.9742355347, 26.2284946442, 15.7172822952, 2.96822118759, -10.3287248611, -13.0353069305, 31.2331352234, 26.1963024139], [-254.352355957, 157.265380859, 309.188476562, 191.794876099, 333.399658203, 87.9818496704, 58.6476325989, 11.2391748428, 56.3230247498, 5.82079648972, 9.57221603394, -0.0119616668671, 26.8651027679], [176.667892456, -45.208278656, 133.688430786, 96.9742355347, 87.9818496704, 202.79498291, 86.8056945801, 60.3395881653, 50.3588142395, 52.1529464722, 34.2395515442, 30.3368244171, 20.482624054], [-154.002838135, 105.580322266, 19.9389896393, 26.2284946442, 58.6476325989, 86.8056945801, 221.983856201, 40.7381782532, 51.2206878662, 44.131362915, 52.6158065796, 11.4829425812, 27.049533844], [439.70513916, -77.2947311401, -45.6011695862, 15.7172822952, 11.2391748428, 60.3395881653, 40.7381782532, 197.189529419, 78.0925674438, 111.330184937, 63.2853507996, 70.4381637573, 29.3460140228], [2.58999419212, -85.6618118286, -45.0895271301, 2.96822118759, 56.3230247498, 50.3588142395, 51.2206878662, 78.0925674438, 179.025939941, 74.0323104858, 42.0816497803, 28.0829277039, 35.3661460876], [458.323883057, -54.4291191101, -47.8786621094, -10.3287248611, 5.82079648972, 52.1529464722, 44.131362915, 111.330184937, 74.0323104858, 183.04637146, 83.0437164307, 66.6884384155, 35.3258934021], [206.580734253, 16.8401355743, -12.187494278, -13.0353069305, 9.57221603394, 34.2395515442, 52.6158065796, 63.2853507996, 42.0816497803, 83.0437164307, 126.274894714, 54.543636322, 27.7695426941], [343.264465332, -60.9304466248, 80.8680877686, 31.2331352234, -0.0119616668671, 30.3368244171, 11.4829425812, 70.4381637573, 28.0829277039, 66.6884384155, 54.543636322, 141.585693359, 37.8730049133], [-13.5122280121, -1.89621341228, 30.2741317749, 26.1963024139, 26.8651027679, 20.482624054, 27.049533844, 29.3460140228, 35.3661460876, 35.3258934021, 27.7695426941, 37.8730049133, 91.68019104]],
