{
"lowlevel": {
    "average_loudness": 0.0309951156378,
    "barkbands_crest": {
        "dmean": 2.31834673882,
        "dmean2": 3.86368608475,
        "dvar": 4.77172040939,
        "dvar2": 12.6995353699,
        "max": 25.1900119781,
        "mean": 8.28993225098,
        "median": 7.27324771881,
        "min": 2.07997941971,
        "var": 14.9850091934
    },
    "barkbands_flatness_db": {
        "dmean": 0.0172076821327,
        "dmean2": 0.0282497759908,
        "dvar": 0.000272186909569,
        "dvar2": 0.000724699581042,
        "max": 0.36693957448,
        "mean": 0.153393536806,
        "median": 0.147197648883,
        "min": 0.0286623835564,
        "var": 0.00123872491531
    },
    "barkbands_kurtosis": {
        "dmean": 1.64855420589,
        "dmean2": 2.74006485939,
        "dvar": 30.0034999847,
        "dvar2": 86.3532714844,
        "max": 228.042388916,
        "mean": 1.46004092693,
        "median": -0.111824512482,
        "min": -1.92376089096,
        "var": 69.5455245972
    },
    "barkbands_skewness": {
        "dmean": 0.442848354578,
        "dmean2": 0.7018917799,
        "dvar": 0.24984575808,
        "dvar2": 0.626347184181,
        "max": 13.4511098862,
        "mean": 0.857937097549,
        "median": 0.659316897392,
        "min": -4.28568792343,
        "var": 1.21375906467
    },
    "barkbands_spread": {
        "dmean": 5.34415054321,
        "dmean2": 8.50535202026,
        "dvar": 37.2529258728,
        "dvar2": 90.3358306885,
        "max": 102.483291626,
        "mean": 27.2916584015,
        "median": 25.5706310272,
        "min": 1.12439894676,
        "var": 180.38835144
    },
    "dissonance": {
        "dmean": 0.0130057903007,
        "dmean2": 0.0220650844276,
        "dvar": 0.000191440354683,
        "dvar2": 0.000529345241375,
        "max": 0.500000119209,
        "mean": 0.476341485977,
        "median": 0.482167482376,
        "min": 0.28608623147,
        "var": 0.000457877060398
    },
    "dynamic_complexity": 5.46129560471,
    "erbbands_crest": {
        "dmean": 2.32639098167,
        "dmean2": 3.8280570507,
        "dvar": 4.87683677673,
        "dvar2": 12.3635053635,
        "max": 27.5768871307,
        "mean": 8.27636909485,
        "median": 7.26315927505,
        "min": 2.32883381844,
        "var": 14.6884727478
    },
    "erbbands_flatness_db": {
        "dmean": 0.0135440649465,
        "dmean2": 0.020827813074,
        "dvar": 0.000156754773343,
        "dvar2": 0.000339722930221,
        "max": 0.358043640852,
        "mean": 0.200494736433,
        "median": 0.19907566905,
        "min": 0.0814523473382,
        "var": 0.00157726090401
    },
    "erbbands_kurtosis": {
        "dmean": 0.785883843899,
        "dmean2": 1.2654106617,
        "dvar": 1.15234375,
        "dvar2": 2.92339634895,
        "max": 34.3018035889,
        "mean": 0.430437684059,
        "median": 0.0366265773773,
        "min": -1.79087412357,
        "var": 3.10183668137
    },
    "erbbands_skewness": {
        "dmean": 0.318193048239,
        "dmean2": 0.497866749763,
        "dvar": 0.0858760550618,
        "dvar2": 0.201204001904,
        "max": 3.62713003159,
        "mean": -0.104204654694,
        "median": -0.0394491590559,
        "min": -5.62883472443,
        "var": 0.626402854919
    },
    "erbbands_spread": {
        "dmean": 6.72574186325,
        "dmean2": 10.5582094193,
        "dvar": 56.9402084351,
        "dvar2": 136.220321655,
        "max": 161.580841064,
        "mean": 34.1268692017,
        "median": 31.4833145142,
        "min": 4.85840654373,
        "var": 281.636627197
    },
    "hfc": {
        "dmean": 4.49497556686,
        "dmean2": 6.90819978714,
        "dvar": 60.6507301331,
        "dvar2": 136.4871521,
        "max": 456.856445312,
        "mean": 19.9777164459,
        "median": 14.3069009781,
        "min": 1.12945914286e-16,
        "var": 508.851043701
    },
    "melbands_crest": {
        "dmean": 3.06211280823,
        "dmean2": 5.02548074722,
        "dvar": 7.73863649368,
        "dvar2": 20.1419048309,
        "max": 36.3280181885,
        "mean": 12.0867013931,
        "median": 11.1532115936,
        "min": 1.91792070866,
        "var": 24.8891124725
    },
    "melbands_flatness_db": {
        "dmean": 0.0220438297838,
        "dmean2": 0.0348943062127,
        "dvar": 0.000488631194457,
        "dvar2": 0.00122448801994,
        "max": 0.472705632448,
        "mean": 0.164956927299,
        "median": 0.155577898026,
        "min": 0.00635658949614,
        "var": 0.00257975421846
    },
    "melbands_kurtosis": {
        "dmean": 4.69438028336,
        "dmean2": 7.73899936676,
        "dvar": 272.963653564,
        "dvar2": 759.763122559,
        "max": 901.547119141,
        "mean": 7.74055242538,
        "median": 2.73483181,
        "min": -1.93342530727,
        "var": 674.852783203
    },
    "melbands_skewness": {
        "dmean": 0.606162726879,
        "dmean2": 0.96416503191,
        "dvar": 0.539464771748,
        "dvar2": 1.3631207943,
        "max": 23.6496353149,
        "mean": 1.93083131313,
        "median": 1.66735291481,
        "min": -0.893998861313,
        "var": 2.50785493851
    },
    "melbands_spread": {
        "dmean": 8.62533187866,
        "dmean2": 13.6672296524,
        "dvar": 138.761154175,
        "dvar2": 315.354949951,
        "max": 274.678894043,
        "mean": 34.7536849976,
        "median": 31.5537109375,
        "min": 0.635909199715,
        "var": 495.556152344
    },
    "pitch_salience": {
        "dmean": 0.0652786567807,
        "dmean2": 0.10837250948,
        "dvar": 0.00344536732882,
        "dvar2": 0.00937256589532,
        "max": 0.867236614227,
        "mean": 0.598393678665,
        "median": 0.604164719582,
        "min": 0.104896605015,
        "var": 0.0112550584599
    },
    "silence_rate_20dB": {
        "dmean": 0.000810208613984,
        "dmean2": 0.00162058137357,
        "dvar": 0.000809374963865,
        "dvar2": 0.00222496408969,
        "max": 1,
        "mean": 0.999392390251,
        "median": 1,
        "min": 0,
        "var": 0.000607331981882
    },
    "silence_rate_30dB": {
        "dmean": 0.000810208613984,
        "dmean2": 0.00162058137357,
        "dvar": 0.00080937432358,
        "dvar2": 0.00202238908969,
        "max": 1,
        "mean": 0.994936704636,
        "median": 1,
        "min": 0,
        "var": 0.0050387037918
    },
    "silence_rate_60dB": {
        "dmean": 0.0263317804784,
        "dmean2": 0.0526688955724,
        "dvar": 0.0256340429187,
        "dvar2": 0.0586066506803,
        "max": 1,
        "mean": 0.293468356133,
        "median": 0,
        "min": 0,
        "var": 0.207381561399
    },
    "spectral_centroid": {
        "dmean": 233.659942627,
        "dmean2": 370.594299316,
        "dvar": 67606.1015625,
        "dvar2": 158695.5625,
        "max": 11300.4199219,
        "mean": 1724.0534668,
        "median": 1725.82641602,
        "min": 191.882095337,
        "var": 376514.34375
    },
    "spectral_complexity": {
        "dmean": 3.00283575058,
        "dmean2": 4.73736429214,
        "dvar": 10.4101686478,
        "dvar2": 22.3141956329,
        "max": 64,
        "mean": 20.3271903992,
        "median": 17,
        "min": 0,
        "var": 210.346084595
    },
    "spectral_decrease": {
        "dmean": 1.62474067533e-09,
        "dmean2": 2.72105005195e-09,
        "dvar": 1.54933608796e-17,
        "dvar2": 4.34567341913e-17,
        "max": -2.48912922425e-30,
        "mean": -4.69864902541e-09,
        "median": -3.45038908556e-09,
        "min": -1.29820463712e-07,
        "var": 3.57776426793e-17
    },
    "spectral_energy": {
        "dmean": 0.00641851779073,
        "dmean2": 0.0107112582773,
        "dvar": 0.000228329779929,
        "dvar2": 0.000638933852315,
        "max": 0.517383277416,
        "mean": 0.0195458289236,
        "median": 0.0146736474708,
        "min": 1.02539223203e-20,
        "var": 0.000573680270463
    },
    "spectral_energyband_high": {
        "dmean": 0.000244155264227,
        "dmean2": 0.000368146429537,
        "dvar": 5.42393820524e-07,
        "dvar2": 1.1484952438e-06,
        "max": 0.0386040918529,
        "mean": 0.000679735268932,
        "median": 0.000284950743662,
        "min": 7.66668554115e-21,
        "var": 2.68072062681e-06
    },
    "spectral_energyband_low": {
        "dmean": 0.00357965170406,
        "dmean2": 0.00620125094429,
        "dvar": 0.000152143198648,
        "dvar2": 0.000441591400886,
        "max": 0.378715902567,
        "mean": 0.00543924700469,
        "median": 0.00252731656656,
        "min": 5.49964856148e-23,
        "var": 0.000191584520508
    },
    "spectral_energyband_middle_high": {
        "dmean": 0.00176084553823,
        "dmean2": 0.00271632126532,
        "dvar": 8.85566805664e-06,
        "dvar2": 2.20411002374e-05,
        "max": 0.0771100521088,
        "mean": 0.00690859695897,
        "median": 0.0034859708976,
        "min": 1.49458854329e-21,
        "var": 7.30157989892e-05
    },
    "spectral_energyband_middle_low": {
        "dmean": 0.00350854918361,
        "dmean2": 0.00578074995428,
        "dvar": 6.34663520032e-05,
        "dvar2": 0.000171441439306,
        "max": 0.379219174385,
        "mean": 0.00748994294554,
        "median": 0.00435592234135,
        "min": 2.6633905584e-22,
        "var": 0.000117463387141
    },
    "spectral_entropy": {
        "dmean": 0.10064766556,
        "dmean2": 0.154347449541,
        "dvar": 0.0110592879355,
        "dvar2": 0.0236015617847,
        "max": 9.79019069672,
        "mean": 7.66561174393,
        "median": 7.69578790665,
        "min": 6.10081338882,
        "var": 0.0845039188862
    },
    "spectral_flux": {
        "dmean": 0.0169854778796,
        "dmean2": 0.0264807660133,
        "dvar": 0.000654092349578,
        "dvar2": 0.0013612061739,
        "max": 0.517159461975,
        "mean": 0.0709913447499,
        "median": 0.0640596672893,
        "min": 6.96915719578e-11,
        "var": 0.0026268241927
    },
    "spectral_kurtosis": {
        "dmean": 1.69950401783,
        "dmean2": 2.97395443916,
        "dvar": 2.71788620949,
        "dvar2": 8.2757396698,
        "max": 21.2924556732,
        "mean": 3.14054989815,
        "median": 2.67916870117,
        "min": -1.62978374958,
        "var": 5.26599168777
    },
    "spectral_rms": {
        "dmean": 0.000580230203923,
        "dmean2": 0.000936429947615,
        "dvar": 8.0452923612e-07,
        "dvar2": 2.09208678825e-06,
        "max": 0.0224669575691,
        "mean": 0.00372180528939,
        "median": 0.00378361647017,
        "min": 3.16288271615e-12,
        "var": 5.21720812685e-06
    },
    "spectral_rolloff": {
        "dmean": 483.580413818,
        "dmean2": 810.463867188,
        "dvar": 698346.125,
        "dvar2": 1642959.25,
        "max": 18453.9550781,
        "mean": 2019.12524414,
        "median": 1937.98828125,
        "min": 64.599609375,
        "var": 1829923.75
    },
    "spectral_skewness": {
        "dmean": 0.210088819265,
        "dmean2": 0.355147242546,
        "dvar": 0.0354495085776,
        "dvar2": 0.0982316061854,
        "max": 3.49644184113,
        "mean": 1.12335848808,
        "median": 1.12202811241,
        "min": -0.633893430233,
        "var": 0.179971888661
    },
    "spectral_spread": {
        "dmean": 329226.8125,
        "dmean2": 500138.75,
        "dvar": 283466104832,
        "dvar2": 515788636160,
        "max": 42722272,
        "mean": 3485387.5,
        "median": 3231010,
        "min": 1656123.375,
        "var": 1.48517080269e+12
    },
    "spectral_strongpeak": {
        "dmean": 0.575043141842,
        "dmean2": 0.975160837173,
        "dvar": 1.18860793114,
        "dvar2": 2.98114204407,
        "max": 22.7401294708,
        "mean": 0.937525093555,
        "median": 0.312321394682,
        "min": 0,
        "var": 2.19721531868
    },
    "zerocrossingrate": {
        "dmean": 0.00877937022597,
        "dmean2": 0.0108250761405,
        "dvar": 0.000142032280564,
        "dvar2": 0.000174562403117,
        "max": 0.64697265625,
        "mean": 0.0712263137102,
        "median": 0.06787109375,
        "min": 0.0078125,
        "var": 0.00113891484216
    },
    "barkbands": {
        "dmean": [0.000129149382701, 0.00171650887933, 0.00150151026901, 0.00139861216303, 0.00134543492459, 0.000510884739924, 0.00058979151072, 0.000516974425409, 0.000719475618098, 0.000502851384226, 0.000491964805406, 0.000317710975651, 0.000409102096455, 0.000354957999662, 0.000405733648222, 0.000338473008014, 0.000345407665009, 0.000270111893769, 0.000170664832694, 0.000127613238874, 7.84903313615e-05, 4.41898373538e-05, 4.6352546633e-05, 7.46231671656e-05, 2.03236177185e-05, 3.76948520397e-07, 2.81817857939e-09],
        "dmean2": [0.000218532717554, 0.00298093003221, 0.00266619469039, 0.0024192687124, 0.00226527289487, 0.000830197997857, 0.000927396758925, 0.000817225198261, 0.00116144132335, 0.000815444684122, 0.000781887210906, 0.000509199977387, 0.000653707887977, 0.000565879687201, 0.000653029361274, 0.00055117305601, 0.0005723577342, 0.000449272134574, 0.000281912391074, 0.000206675656955, 0.000122668890981, 6.92584580975e-05, 7.17913499102e-05, 0.000112671397801, 3.42421153618e-05, 5.77606556362e-07, 5.47984146948e-09],
        "dvar": [1.43703653066e-06, 6.45466570859e-05, 2.22750259127e-05, 1.57107988343e-05, 2.43779304583e-05, 1.72297336576e-06, 2.95499398817e-06, 2.73011551144e-06, 4.59760804006e-06, 2.35884681388e-06, 2.07938478525e-06, 9.0585280077e-07, 1.31947058435e-06, 9.35408934311e-07, 8.3009899754e-07, 4.921144523e-07, 3.85581586215e-07, 2.52881136475e-07, 9.25462870782e-08, 6.33139407569e-08, 8.31538926604e-08, 2.08008312796e-08, 5.96910751938e-08, 1.45049440903e-07, 3.95668102726e-08, 3.7064476488e-11, 1.60303628011e-14],
        "dvar2": [4.02972045777e-06, 0.000196157343453, 6.35211981717e-05, 4.25581019954e-05, 6.48192071822e-05, 4.34536650573e-06, 6.78796277498e-06, 6.32386309007e-06, 1.17040262921e-05, 6.34031493973e-06, 5.14844850841e-06, 2.27347368309e-06, 3.18736829286e-06, 2.31740136769e-06, 2.02680189432e-06, 1.22394317259e-06, 9.88565147964e-07, 6.22425318397e-07, 2.41838364445e-07, 1.61434769552e-07, 1.8247597211e-07, 4.99359842365e-08, 1.25814679564e-07, 3.3511250308e-07, 1.08106291918e-07, 7.86512174833e-11, 4.79242127482e-14],
        "max": [0.0408282503486, 0.324737370014, 0.0885040536523, 0.0593596920371, 0.331348925829, 0.0371898412704, 0.0456478707492, 0.0395834520459, 0.0519906245172, 0.0343131385744, 0.0419752188027, 0.0258869547397, 0.0265431888402, 0.0253403205425, 0.0219845585525, 0.0164677854627, 0.0144899599254, 0.0114633329213, 0.0126286335289, 0.0089241405949, 0.0180749669671, 0.00896169710904, 0.0172977168113, 0.0151224918664, 0.0113409841433, 0.000348478439264, 8.88292652235e-06],
        "mean": [0.0001519597281, 0.00270644598641, 0.00174902577419, 0.00146103953011, 0.00195662165061, 0.000819200708065, 0.000982574070804, 0.00080973241711, 0.00120789906941, 0.000791201600805, 0.000918434059713, 0.000545995833818, 0.000747079029679, 0.000646296073683, 0.000740793417208, 0.000691383727826, 0.00074877217412, 0.000617003825027, 0.000409010332078, 0.000308917602524, 0.000177534297109, 9.72101261141e-05, 9.85221777228e-05, 0.000136339163873, 2.62853882305e-05, 5.46385479083e-07, 1.79827097657e-09],
        "median": [1.81799914571e-05, 0.00109736830927, 0.000500066089444, 0.000300531217363, 0.000781835173257, 0.000306460278807, 0.000265231879894, 0.000181097100722, 0.000237626562011, 0.000150574574945, 0.000120737138786, 9.14992706385e-05, 0.000125542617752, 0.000130777843879, 0.000205625066883, 0.000234403865761, 0.000247005053097, 0.00025261862902, 0.000175696084625, 0.000116112118121, 5.80106134294e-05, 3.35273907694e-05, 2.69560096058e-05, 3.0056678952e-05, 1.15591956273e-06, 2.45898940099e-10, 2.70078681641e-10],
        "min": [1.29650757054e-23, 1.76113481081e-23, 1.21862293894e-23, 1.2745720309e-23, 2.36794097637e-23, 1.46008497899e-23, 9.32081284691e-24, 2.57548018311e-23, 5.40993109518e-23, 7.03240530032e-23, 5.57314010558e-23, 7.45509401273e-23, 3.3948528082e-23, 8.05171203971e-23, 6.01410893398e-23, 8.46655316384e-23, 1.06251296671e-22, 2.2405568218e-22, 2.25644536396e-22, 3.09457460857e-22, 4.91189127263e-22, 3.44331146076e-22, 7.13462059527e-22, 8.54556938485e-22, 9.83187158808e-22, 1.50507340087e-21, 2.37223585699e-21],
        "var": [1.8960597572e-06, 8.06480093161e-05, 1.83045885933e-05, 1.39335197673e-05, 3.10581817757e-05, 2.9048030683e-06, 7.40086807127e-06, 5.78991239308e-06, 9.558898455e-06, 4.26005090048e-06, 5.99201894147e-06, 1.99767828235e-06, 3.55927022611e-06, 2.51158439823e-06, 2.14498186324e-06, 1.48478864048e-06, 1.18694242701e-06, 6.8568374445e-07, 2.90459865937e-07, 2.06164685324e-07, 2.53313373832e-07, 7.24757143189e-08, 1.44817164482e-07, 3.07987704673e-07, 7.32949132498e-08, 7.43405684234e-11, 8.14452417861e-15]
    },
    "erbbands": {
        "dmean": [0.0489614903927, 0.411614239216, 1.47421514988, 3.56326150894, 4.4964594841, 4.87525510788, 4.00121974945, 4.47301673889, 6.99834775925, 10.4806394577, 9.91631031036, 17.9314098358, 14.154800415, 15.2911739349, 18.4142436981, 11.6330690384, 17.2901973724, 17.3612556458, 20.2392997742, 15.7312402725, 16.8199138641, 18.2634868622, 14.9973964691, 9.99661064148, 7.68756818771, 5.74562597275, 3.87400770187, 2.48086309433, 1.68967568874, 1.30867278576, 1.41957366467, 1.39402449131, 1.35953593254, 0.374868571758, 0.0341477654874, 0.00465604010969, 0.000150399762788, 1.29057862068e-05, 5.09040864927e-06, 7.72940984461e-06],
        "dmean2": [0.0856902375817, 0.714734077454, 2.6283018589, 6.19101667404, 7.84647607803, 8.10306358337, 6.51682090759, 7.33266162872, 11.3175926208, 16.4151916504, 15.6907253265, 28.7751483917, 23.0121459961, 24.4988422394, 29.7001838684, 18.6353683472, 27.2463092804, 27.3072547913, 32.6083145142, 25.2898769379, 27.187456131, 29.9373168945, 24.8536720276, 16.54728508, 12.3603248596, 9.40275764465, 6.1377081871, 3.86947703362, 2.65823078156, 2.02513504028, 2.2273452282, 2.10322451591, 2.11077809334, 0.614363133907, 0.0505754463375, 0.00715614948422, 0.000236940948525, 2.03944127861e-05, 8.19116576167e-06, 1.27489056467e-05],
        "dvar": [0.104436703026, 3.13518190384, 25.1462345123, 103.362663269, 169.165054321, 519.594665527, 117.945831299, 154.458679199, 361.723754883, 1179.9909668, 863.611999512, 3302.33105469, 1904.96862793, 1915.13525391, 3284.35913086, 1090.14135742, 2449.99365234, 2560.75244141, 2515.68579102, 1236.44726562, 1120.63647461, 1065.4732666, 714.238342285, 299.875091553, 194.227600098, 130.599029541, 193.861907959, 58.5537757874, 27.4006538391, 19.4206867218, 85.8776168823, 39.6793174744, 61.5404663086, 9.73713302612, 0.435790419579, 0.00766478851438, 4.19293064624e-06, 1.89997866329e-08, 6.60277332809e-10, 3.09560127532e-10],
        "dvar2": [0.328890621662, 9.49768829346, 72.8043823242, 283.714538574, 484.312011719, 1310.7364502, 302.050933838, 395.994384766, 872.956237793, 2713.5546875, 2081.73413086, 8465.55175781, 5187.16308594, 4834.29052734, 8359.99121094, 2794.61376953, 5772.50683594, 6226.94824219, 6464.83886719, 2885.40332031, 2741.8046875, 2730.08984375, 1822.16955566, 784.494506836, 500.453765869, 345.237121582, 443.415466309, 130.804031372, 65.0805664062, 41.1395263672, 177.972503662, 85.0790252686, 152.171142578, 26.8150100708, 1.03900277615, 0.0175831057131, 9.61052955972e-06, 5.023706251e-08, 1.85744153391e-09, 8.61420434983e-10],
        "max": [11.6822824478, 77.8977813721, 133.163146973, 129.199951172, 531.858764648, 1816.73425293, 498.837646484, 430.872283936, 702.639282227, 1231.40380859, 832.894165039, 1521.72521973, 1267.44921875, 1358.9786377, 1317.90856934, 1004.03100586, 1341.84545898, 1482.50634766, 1633.24536133, 1212.06494141, 837.548156738, 981.983581543, 600.420349121, 623.385498047, 371.842102051, 372.415100098, 785.647155762, 398.703948975, 298.061401367, 279.041473389, 715.854858398, 203.167144775, 374.784942627, 139.075637817, 67.0315551758, 9.83394813538, 0.219791948795, 0.0111058093607, 0.00187345175073, 0.000794583582319],
        "mean": [0.0722938105464, 0.629675388336, 1.88739395142, 3.95113372803, 5.42816162109, 6.91459274292, 6.37966918945, 7.02343511581, 11.5884275436, 18.9148521423, 16.1496124268, 30.1806259155, 24.6373806, 28.3259468079, 35.9250335693, 23.6709041595, 34.4243965149, 34.2793121338, 40.9021530151, 34.4873390198, 38.5195541382, 42.3393287659, 35.7893066406, 25.0288772583, 19.126285553, 14.3025217056, 8.94808101654, 5.7278752327, 3.69132828712, 2.94200110435, 2.88778018951, 2.59995746613, 2.27355885506, 0.524598002434, 0.0765492767096, 0.00960486661643, 0.000313036725856, 2.80426520476e-05, 1.58832444868e-05, 2.51990422839e-05],
        "median": [0.0248870141804, 0.239389464259, 0.646292030811, 1.04355609417, 2.018014431, 2.43999862671, 2.18628382683, 2.85339570045, 3.94654679298, 3.89950966835, 4.58790302277, 5.96354436874, 5.60720300674, 4.66271114349, 4.96826982498, 4.15931510925, 6.05118083954, 7.2110452652, 10.146645546, 12.7245788574, 14.339840889, 15.2855644226, 15.2817573547, 10.0827722549, 8.16920089722, 5.37475633621, 2.88661623001, 1.926253438, 1.30328977108, 0.832784056664, 0.787538945675, 0.659222245216, 0.407799184322, 0.053480386734, 0.0014408811694, 0.00010939049389, 2.27666441788e-05, 7.07253593646e-06, 1.07824225779e-05, 1.93083815248e-05],
        "min": [2.68427883787e-22, 4.73386013379e-21, 1.54074312121e-20, 4.70024671256e-20, 5.46709710101e-20, 9.09067874281e-20, 5.60166452327e-20, 1.70339132194e-19, 1.28935511361e-19, 3.80691161966e-19, 6.14029765479e-19, 1.39437691101e-18, 2.24273810354e-18, 1.73519145341e-18, 1.94387113078e-18, 3.43950053224e-18, 1.7294274521e-18, 4.35159082108e-18, 4.26675435027e-18, 3.06706432259e-18, 4.37729876734e-18, 6.21505255169e-18, 9.71443227488e-18, 1.14500573777e-17, 1.42505534421e-17, 1.44793879955e-17, 1.45804148725e-17, 1.94285502211e-17, 1.33761044207e-17, 1.16988360829e-17, 2.1240810299e-17, 1.24738249075e-17, 1.66053083442e-17, 1.21706938187e-17, 7.0470734116e-18, 5.29489807906e-18, 2.57893098105e-18, 1.43341373547e-18, 3.21492094423e-19, 3.2127869475e-20],
        "var": [0.122807309031, 3.25109767914, 22.3202571869, 87.1125488281, 181.704360962, 645.508056641, 198.081588745, 221.77331543, 806.613525391, 3276.74194336, 1423.59619141, 6990.49316406, 3706.83618164, 4640.85644531, 10150.4238281, 3065.06030273, 7027.71142578, 6788.21630859, 7007.87939453, 3678.45996094, 3552.81616211, 3631.27807617, 2204.66259766, 1012.12524414, 676.10949707, 437.840454102, 471.809051514, 232.076309204, 95.6823730469, 88.1942672729, 173.152999878, 88.8629837036, 110.909393311, 15.514588356, 1.87534081936, 0.0268623512238, 1.60671661433e-05, 5.24907086685e-08, 1.45837020238e-09, 9.43310096702e-10]
    },
    "gfcc": {
        "mean": [-55.3324050903, 123.406555176, -170.517333984, 59.7547645569, -68.8404083252, 14.9253959656, -33.7401123047, -3.40445184708, -1.59847795963, -25.0135288239, 6.78355360031, -21.4115486145, 3.72304582596],
        "cov": [[7578.19335938, 17.6798877716, 128.014373779, 743.389160156, 379.74710083, 117.218475342, 38.1200447083, 352.81161499, 21.7084064484, -21.7659301758, -99.9189224243, -227.590591431, -6.27109003067], [17.6798877716, 787.30657959, 24.3008041382, 103.472877502, 255.331787109, -206.798141479, 192.334777832, -62.2525634766, 91.9844894409, -39.2134094238, 67.4229278564, -32.0390625, 8.9122800827], [128.014373779, 24.3008041382, 821.119873047, 333.67578125, 0.0266442596912, 142.681640625, -71.7315139771, 138.091415405, -8.32114505768, 58.0467567444, 6.69432830811, 32.6865577698, -20.8481578827], [743.389160156, 103.472877502, 333.67578125, 562.208496094, 198.467788696, -78.3603134155, 62.3002471924, 88.7976531982, 50.1171150208, 44.7761039734, -36.2985687256, -5.72227716446, 8.61180686951], [379.74710083, 255.331787109, 0.0266442596912, 198.467788696, 320.267608643, -39.3749656677, 158.641708374, 54.8294563293, 57.7365608215, 34.5585708618, -8.74306106567, -18.1155548096, 18.0486526489], [117.218475342, -206.798141479, 142.681640625, -78.3603134155, -39.3749656677, 459.445404053, 57.3522758484, 115.673660278, -26.3937091827, 32.8497314453, 31.5658855438, 5.89637041092, -1.07449162006], [38.1200447083, 192.334777832, -71.7315139771, 62.3002471924, 158.641708374, 57.3522758484, 274.290557861, 58.9464073181, 33.7800178528, 31.0557022095, 3.08402204514, -1.89628660679, -0.282779544592], [352.81161499, -62.2525634766, 138.091415405, 88.7976531982, 54.8294563293, 115.673660278, 58.9464073181, 189.752120972, 51.6085510254, 54.5854530334, -6.57626581192, -9.14986228943, 8.40588760376], [21.7084064484, 91.9844894409, -8.32114505768, 50.1171150208, 57.7365608215, -26.3937091827, 33.7800178528, 51.6085510254, 121.539520264, 41.8058700562, 8.54807662964, -14.2633037567, 4.99609375], [-21.7659301758, -39.2134094238, 58.0467567444, 44.7761039734, 34.5585708618, 32.8497314453, 31.0557022095, 54.5854530334, 41.8058700562, 101.957328796, 11.50801754, 7.54137849808, -2.76492381096], [-99.9189224243, 67.4229278564, 6.69432830811, -36.2985687256, -8.74306106567, 31.5658855438, 3.08402204514, -6.57626581192, 8.54807662964, 11.50801754, 85.0194625854, 26.9761714935, 3.84742569923], [-227.590591431, -32.0390625, 32.6865577698, -5.72227716446, -18.1155548096, 5.89637041092, -1.89628660679, -9.14986228943, -14.2633037567, 7.54137849808, 26.9761714935, 74.6812438965, 21.0895080566], [-6.27109003067, 8.9122800827, -20.8481578827, 8.61180686951, 18.0486526489, -1.07449162006, -0.282779544592, 8.40588760376, 4.99609375, -2.76492381096, 3.84742569923, 21.0895080566, 56.0137748718]],
        "icov": [[0.00020985226729, -0.000171547930222, 0.000302062457195, -0.000432142202044, -3.37025412591e-05, -0.000189214246348, 0.000396433431888, -0.000582980457693, 0.000418838870246, 6.44106912659e-05, 5.01634303873e-06, 0.000375161471311, 0.000150599851622], [-0.000171547930222, 0.00654446380213, -0.00376119161956, 0.00259197643027, -0.00351903960109, 0.00365153746679, -0.00573006924242, 0.00453963689506, -0.00456643430516, 0.00497781625018, -0.00694625778124, 0.00546225951985, -0.00329157407396], [0.000302062457195, -0.00376119161956, 0.0048940340057, -0.0036134396214, 0.00219836481847, -0.00297791021876, 0.00481294561177, -0.00435041077435, 0.00358467851765, -0.0029546408914, 0.00338618317619, -0.00405319640413, 0.00374891306274], [-0.000432142202044, 0.00259197643027, -0.0036134396214, 0.0055243326351, -0.0030230267439, 0.00268441741355, -0.00308343581855, 0.00232357019559, -0.00267861550674, 0.00146220554598, -0.0012282099342, 0.00145102874376, -0.00214459141716], [-3.37025412591e-05, -0.00351903960109, 0.00219836481847, -0.0030230267439, 0.00822366494685, -0.001377276727, -0.000131526190671, -0.00217252946459, 0.0016172559699, -0.00336791481823, 0.00322222453542, -0.00133429875132, -0.000541184097528], [-0.000189214246348, 0.00365153746679, -0.00297791021876, 0.00268441741355, -0.001377276727, 0.00561699271202, -0.00447117630392, 0.000585633155424, -0.00103178096469, 0.00222754408605, -0.00504616647959, 0.0038050825242, -0.00256622862071], [0.000396433431888, -0.00573006924242, 0.00481294561177, -0.00308343581855, -0.000131526190671, -0.00447117630392, 0.0116797061637, -0.00579957384616, 0.00430271308869, -0.00430890265852, 0.00592914037406, -0.00609514350072, 0.00539854960516], [-0.000582980457693, 0.00453963689506, -0.00435041077435, 0.00232357019559, -0.00217252946459, 0.000585633155424, -0.00579957384616, 0.0140857156366, -0.00714791426435, 0.000630387687124, -0.00254854024388, 0.00413649622351, -0.00490953866392], [0.000418838870246, -0.00456643430516, 0.00358467851765, -0.00267861550674, 0.0016172559699, -0.00103178096469, 0.00430271308869, -0.00714791426435, 0.0160386264324, -0.00698156096041, 0.0017943555722, 4.34169196524e-05, 0.00115820916835], [6.44106912659e-05, 0.00497781625018, -0.0029546408914, 0.00146220554598, -0.00336791481823, 0.00222754408605, -0.00430890265852, 0.000630387687124, -0.00698156096041, 0.0176123529673, -0.00624836329371, 0.00181787332986, 0.000139089868753], [5.01634303873e-06, -0.00694625778124, 0.00338618317619, -0.0012282099342, 0.00322222453542, -0.00504616647959, 0.00592914037406, -0.00254854024388, 0.0017943555722, -0.00624836329371, 0.0225243959576, -0.011898400262, 0.00429646437988], [0.000375161471311, 0.00546225951985, -0.00405319640413, 0.00145102874376, -0.00133429875132, 0.0038050825242, -0.00609514350072, 0.00413649622351, 4.34169196524e-05, 0.00181787332986, -0.011898400262, 0.0258730817586, -0.0115456040949], [0.000150599851622, -0.00329157407396, 0.00374891306274, -0.00214459141716, -0.000541184097528, -0.00256622862071, 0.00539854960516, -0.00490953866392, 0.00115820916835, 0.000139089868753, 0.00429646437988, -0.0115456040949, 0.0249629896134]]
    },
    "melbands": {
        "dmean": [0.000447576108854, 0.000682978949044, 0.000617986137513, 0.000336287048412, 0.000149436746142, 9.99652984319e-05, 0.000110073757241, 0.000115877199278, 8.47754999995e-05, 0.000115367824037, 7.20098396414e-05, 6.45061518298e-05, 6.24265303486e-05, 3.61685561074e-05, 3.87756699638e-05, 4.06467042922e-05, 3.51508169842e-05, 3.4287753806e-05, 2.79576361208e-05, 2.46734562097e-05, 2.10455746128e-05, 2.21685022552e-05, 1.75619861693e-05, 1.20742306535e-05, 8.98937378224e-06, 6.69419569022e-06, 5.49829337615e-06, 4.03389503845e-06, 2.71825069831e-06, 2.37423842009e-06, 1.39079190831e-06, 1.10331529868e-06, 8.34279603623e-07, 7.74147906668e-07, 8.82342192199e-07, 8.71672170888e-07, 9.31516865421e-07, 1.0541592701e-06, 9.38958407914e-07, 1.26026179714e-07],
        "dmean2": [0.00078071228927, 0.00120227516163, 0.00107480562292, 0.000573697849177, 0.000242422189331, 0.000163272023201, 0.000176164132426, 0.000179994895007, 0.00013454904547, 0.00018590070249, 0.000117065974337, 0.000103629732621, 0.000100110184576, 5.6978133216e-05, 6.16364486632e-05, 6.43711173325e-05, 5.51106386411e-05, 5.58917163289e-05, 4.47084057669e-05, 4.03124540753e-05, 3.46469241777e-05, 3.6356435885e-05, 2.89807376248e-05, 1.99857713596e-05, 1.49684301505e-05, 1.09413313112e-05, 8.9990790002e-06, 6.66530922899e-06, 4.44387842435e-06, 3.77795595341e-06, 2.21316918214e-06, 1.75987952389e-06, 1.33560456561e-06, 1.20298307138e-06, 1.42025282912e-06, 1.36765709158e-06, 1.40750478295e-06, 1.63287131727e-06, 1.54124768414e-06, 2.14850331304e-07],
        "dvar": [5.70448992221e-06, 5.92484229855e-06, 2.99776343127e-06, 1.60549086559e-06, 2.24932321657e-07, 7.01663509517e-08, 9.39992119697e-08, 1.40287284012e-07, 6.56178187342e-08, 1.36030323006e-07, 5.07192332577e-08, 3.51714106728e-08, 3.52537448123e-08, 1.13739417884e-08, 1.40684646155e-08, 1.5125417363e-08, 1.1655636456e-08, 7.49360129504e-09, 3.7063461189e-09, 3.05282310542e-09, 1.81662129783e-09, 1.6729636565e-09, 1.23885868231e-09, 4.16864154307e-10, 2.5918933666e-10, 1.47483969481e-10, 1.16587559051e-10, 6.85087472863e-11, 6.05604039139e-11, 1.1861341076e-10, 1.8384281944e-11, 1.16658505772e-11, 9.7832965687e-12, 6.03164003118e-12, 5.51209321242e-11, 1.76769987537e-11, 1.90842810305e-11, 3.80296835689e-11, 4.99712944635e-11, 3.04584027271e-12],
        "dvar2": [1.75961486093e-05, 1.74932938535e-05, 8.26851010061e-06, 4.31008902524e-06, 5.83286293931e-07, 1.78931088612e-07, 2.24213806632e-07, 3.22029904964e-07, 1.56813896979e-07, 3.5024203271e-07, 1.38286381457e-07, 8.95854128657e-08, 8.76363444036e-08, 2.87871166904e-08, 3.56756189035e-08, 3.68603245704e-08, 2.84805938833e-08, 1.91863573917e-08, 8.54540704864e-09, 7.65125385271e-09, 4.5115751135e-09, 4.20274703927e-09, 3.08940495408e-09, 1.09703190976e-09, 6.86350476453e-10, 3.88283294406e-10, 3.02077418635e-10, 1.82746387467e-10, 1.48614939799e-10, 2.51182519229e-10, 4.4133478122e-11, 2.83596323508e-11, 2.48367888755e-11, 1.26671485801e-11, 1.10985817758e-10, 4.46072553895e-11, 3.97889117487e-11, 9.61878909855e-11, 1.39303429902e-10, 8.3461926606e-12],
        "max": [0.0847604498267, 0.0709500089288, 0.0234783813357, 0.0794011875987, 0.0324480235577, 0.00851485598832, 0.0105739450082, 0.0122959306464, 0.00616702437401, 0.00907726958394, 0.00637502549216, 0.00499726179987, 0.00426189787686, 0.00312971905805, 0.00327667756937, 0.00355615536682, 0.00328864110634, 0.00300452928059, 0.00156484823674, 0.0015313050244, 0.00108877883758, 0.00134230894037, 0.0011029598536, 0.000448215869255, 0.000582449953072, 0.000368524371879, 0.000385620282032, 0.00023384760425, 0.000288911483949, 0.000696461065672, 0.000213743449422, 0.000177134541445, 0.00019925108063, 0.000146941019921, 0.000606435001828, 0.00020700780442, 0.000176052635652, 0.000273149285931, 0.000305934285279, 0.000115899289085],
        "mean": [0.000708224077243, 0.000957428186666, 0.000717254239134, 0.000459378788946, 0.000241096277023, 0.000158974071383, 0.000183120107977, 0.000205460033612, 0.000132062181365, 0.00019279672415, 0.000119588257803, 0.0001113573162, 0.000120310236525, 6.57773489365e-05, 7.28930463083e-05, 7.35334106139e-05, 6.25251923339e-05, 6.4417385147e-05, 5.07974436914e-05, 4.89957201353e-05, 4.32830493082e-05, 4.51987943961e-05, 3.77635369659e-05, 2.69892916549e-05, 1.95959237317e-05, 1.47018072312e-05, 1.20982231238e-05, 8.92094158189e-06, 5.72806084165e-06, 4.63474407297e-06, 2.85106716547e-06, 2.1536186523e-06, 1.67301050169e-06, 1.59952162448e-06, 1.67591986155e-06, 1.58555826602e-06, 1.59484750384e-06, 1.69072893641e-06, 1.22901622035e-06, 1.86306877481e-07],
        "median": [0.000271980592515, 0.000378780649044, 0.000224030096433, 0.000181629045983, 8.73816170497e-05, 6.36632175883e-05, 5.77071405132e-05, 4.09036183555e-05, 3.39813122991e-05, 3.55389165634e-05, 2.58309682977e-05, 1.74737178895e-05, 1.58217771968e-05, 1.09317998067e-05, 1.15350076157e-05, 1.26691566038e-05, 1.20068016258e-05, 1.38109116961e-05, 1.60768013302e-05, 1.53043183673e-05, 1.56834485097e-05, 1.50700816448e-05, 1.41189930218e-05, 1.08490521598e-05, 7.4374952419e-06, 6.17622890786e-06, 4.75499336972e-06, 2.9531738619e-06, 1.75823379323e-06, 1.30513774366e-06, 8.7308694674e-07, 7.23399637081e-07, 4.79901302697e-07, 4.22062072403e-07, 4.15243988527e-07, 4.72241538318e-07, 3.36591938321e-07, 2.99444963048e-07, 1.66084021203e-07, 3.31977623169e-09],
        "min": [4.43079662408e-24, 7.71239803637e-24, 8.47973881609e-24, 5.21734853343e-24, 2.56410678101e-24, 3.46324136888e-24, 1.89308118465e-24, 4.60352955219e-24, 5.74160419179e-24, 8.6404092721e-24, 1.09583382026e-23, 6.52436246905e-24, 7.35079208602e-24, 8.36267737979e-24, 5.71812414138e-24, 4.00291255263e-24, 7.50980277869e-24, 7.01092240906e-24, 3.59934038542e-24, 7.41232402549e-24, 4.40465298482e-24, 4.78829891999e-24, 5.96442584308e-24, 9.36089723609e-24, 8.14136639713e-24, 6.38299977813e-24, 8.90276153221e-24, 9.73959859111e-24, 8.49550893445e-24, 1.18178155695e-23, 9.8470737897e-24, 6.68706029759e-24, 5.37903307013e-24, 6.7973761843e-24, 1.31684393136e-23, 1.12785258e-23, 6.72730167009e-24, 1.25369853469e-23, 9.63962230428e-24, 1.06330403643e-23],
        "var": [7.37419850338e-06, 5.64565698369e-06, 2.660410928e-06, 1.96200721803e-06, 3.21187712871e-07, 1.06854741944e-07, 2.21354540031e-07, 3.94856300545e-07, 1.07369395153e-07, 2.9215198083e-07, 9.53033065798e-08, 7.80648576892e-08, 1.06618387008e-07, 2.7168200134e-08, 3.9717502176e-08, 3.81114908521e-08, 2.92349238151e-08, 1.95595077912e-08, 9.22627041433e-09, 9.16876263801e-09, 4.7092680866e-09, 4.74607819712e-09, 3.40994077419e-09, 1.2452743281e-09, 6.94824642267e-10, 4.2020731339e-10, 3.08684605654e-10, 1.95976082584e-10, 1.46688439173e-10, 2.89465562631e-10, 6.08794889501e-11, 3.28170164654e-11, 2.85738949862e-11, 2.65626617924e-11, 9.94296589507e-11, 2.78990459207e-11, 4.07620187604e-11, 6.35514696423e-11, 5.46905819243e-11, 7.51056161707e-12]
    },
    "mfcc": {
        "mean": [-664.161560059, 115.288528442, -23.8805789948, 27.0311927795, 1.80315423012, 4.90261125565, -7.7441945076, 11.162062645, -7.06097602844, 8.25745010376, -8.40732002258, 4.47292232513, -9.08306884766],
        "cov": [[7101.76611328, -197.576889038, -236.584609985, 669.705993652, 305.577056885, 74.6504898071, 120.505104065, 216.703613281, 183.035339355, 296.110351562, -57.4084701538, 150.931686401, -136.537109375], [-197.576889038, 707.828613281, -156.169784546, 161.762237549, -2.31989145279, -5.3242316246, 46.0696640015, 7.21629858017, 1.13129985332, 11.0582761765, 35.658164978, 14.1085634232, 6.18571805954], [-236.584609985, -156.169784546, 813.487060547, 48.9622764587, 162.706619263, 36.1579780579, 29.0099086761, 49.4206008911, -17.5439434052, 1.80702495575, 29.317440033, 33.917175293, 27.5371112823], [669.705993652, 161.762237549, 48.9622764587, 799.789428711, 146.208404541, -21.5472831726, -7.20403814316, -11.8891038895, 113.05305481, 36.4658927917, -4.84211587906, 62.834022522, 8.78367996216], [305.577056885, -2.31989145279, 162.706619263, 146.208404541, 215.108139038, 19.0910835266, 18.7997970581, 20.3496074677, 46.5294494629, 44.9220962524, 5.21251440048, 26.3463592529, 15.5843601227], [74.6504898071, -5.3242316246, 36.1579780579, -21.5472831726, 19.0910835266, 173.212646484, 101.510955811, 56.921207428, 29.8546524048, 30.00740242, 35.1929130554, 10.1855325699, -0.45103058219], [120.505104065, 46.0696640015, 29.0099086761, -7.20403814316, 18.7997970581, 101.510955811, 212.135223389, 87.2706069946, 66.7858200073, 29.3625011444, 56.0657615662, 18.3856315613, 2.42703485489], [216.703613281, 7.21629858017, 49.4206008911, -11.8891038895, 20.3496074677, 56.921207428, 87.2706069946, 128.349822998, 48.7691459656, 44.451751709, 21.319519043, 20.6020965576, 1.81876552105], [183.035339355, 1.13129985332, -17.5439434052, 113.05305481, 46.5294494629, 29.8546524048, 66.7858200073, 48.7691459656, 160.295898438, 71.9393005371, 45.6575965881, 23.205368042, 10.3190450668], [296.110351562, 11.0582761765, 1.80702495575, 36.4658927917, 44.9220962524, 30.00740242, 29.3625011444, 44.451751709, 71.9393005371, 137.882324219, 49.8228340149, 25.5276679993, -6.010242939], [-57.4084701538, 35.658164978, 29.317440033, -4.84211587906, 5.21251440048, 35.1929130554, 56.0657615662, 21.319519043, 45.6575965881, 49.8228340149, 107.957450867, 27.3620243073, 6.47658920288], [150.931686401, 14.1085634232, 33.917175293, 62.834022522, 26.3463592529, 10.1855325699, 18.3856315613, 20.6020965576, 23.205368042, 25.5276679993, 27.3620243073, 85.0435714722, 25.0379524231], [-136.537109375, 6.18571805954, 27.5371112823, 8.78367996216, 15.5843601227, -0.45103058219, 2.42703485489, 1.81876552105, 10.3190450668, -6.010242939, 6.47658920288, 25.0379524231, 69.4629211426]],
