{
"lowlevel": {
    "average_loudness": 0.822083592415,
    "barkbands_crest": {
        "dmean": 2.48562669754,
        "dmean2": 4.028840065,
        "dvar": 5.32488584518,
        "dvar2": 13.1848230362,
        "max": 26.292345047,
        "mean": 10.4328384399,
        "median": 9.40780258179,
        "min": 2.19686412811,
        "var": 22.2543907166
    },
    "barkbands_flatness_db": {
        "dmean": 0.0193220861256,
        "dmean2": 0.0297535061836,
        "dvar": 0.000366116641089,
        "dvar2": 0.000771415478084,
        "max": 0.394587814808,
        "mean": 0.14453484118,
        "median": 0.131482303143,
        "min": 0.0273026134819,
        "var": 0.00329005671665
    },
    "barkbands_kurtosis": {
        "dmean": 2.62818241119,
        "dmean2": 4.1418671608,
        "dvar": 35.4538345337,
        "dvar2": 85.1001434326,
        "max": 229.536773682,
        "mean": 4.99150753021,
        "median": 1.35409808159,
        "min": -1.95111131668,
        "var": 110.960861206
    },
    "barkbands_skewness": {
        "dmean": 0.495502740145,
        "dmean2": 0.750540077686,
        "dvar": 0.370776206255,
        "dvar2": 0.750575363636,
        "max": 11.4915342331,
        "mean": 1.25007259846,
        "median": 0.981479585171,
        "min": -5.53691768646,
        "var": 2.10803031921
    },
    "barkbands_spread": {
        "dmean": 4.69225502014,
        "dmean2": 7.1552362442,
        "dvar": 55.604850769,
        "dvar2": 119.296470642,
        "max": 116.328384399,
        "mean": 19.391040802,
        "median": 16.2542533875,
        "min": 0.329426020384,
        "var": 207.324661255
    },
    "dissonance": {
        "dmean": 0.0247361883521,
        "dmean2": 0.0416225902736,
        "dvar": 0.000627264322247,
        "dvar2": 0.00169147946872,
        "max": 0.500000119209,
        "mean": 0.448893487453,
        "median": 0.460501492023,
        "min": 0.13305079937,
        "var": 0.00180344318505
    },
    "dynamic_complexity": 4.01721191406,
    "erbbands_crest": {
        "dmean": 2.93545675278,
        "dmean2": 4.69446802139,
        "dvar": 7.35209751129,
        "dvar2": 17.6166687012,
        "max": 30.6357078552,
        "mean": 11.21118927,
        "median": 10.1082754135,
        "min": 2.06313228607,
        "var": 27.8862857819
    },
    "erbbands_flatness_db": {
        "dmean": 0.0176333189011,
        "dmean2": 0.0262583047152,
        "dvar": 0.000305301218759,
        "dvar2": 0.000604504195508,
        "max": 0.380998045206,
        "mean": 0.185256034136,
        "median": 0.18615475297,
        "min": 0.0364743359387,
        "var": 0.0021935433615
    },
    "erbbands_kurtosis": {
        "dmean": 1.43103444576,
        "dmean2": 2.21512699127,
        "dvar": 4.97509050369,
        "dvar2": 11.1095676422,
        "max": 54.2850761414,
        "mean": 2.23370075226,
        "median": 1.05866765976,
        "min": -1.880189538,
        "var": 15.317158699
    },
    "erbbands_skewness": {
        "dmean": 0.390187114477,
        "dmean2": 0.586717009544,
        "dvar": 0.178103789687,
        "dvar2": 0.346252888441,
        "max": 6.00163030624,
        "mean": 0.642230331898,
        "median": 0.580865621567,
        "min": -5.27015161514,
        "var": 1.11067068577
    },
    "erbbands_spread": {
        "dmean": 6.69783306122,
        "dmean2": 10.210062027,
        "dvar": 89.8958053589,
        "dvar2": 196.327438354,
        "max": 163.58303833,
        "mean": 28.3463611603,
        "median": 23.3833007812,
        "min": 2.99743390083,
        "var": 333.157745361
    },
    "hfc": {
        "dmean": 7.82238340378,
        "dmean2": 11.6740169525,
        "dvar": 260.861602783,
        "dvar2": 538.142944336,
        "max": 381.202331543,
        "mean": 25.8759784698,
        "median": 18.4464416504,
        "min": 1.2687693282e-16,
        "var": 915.791625977
    },
    "melbands_crest": {
        "dmean": 3.09404921532,
        "dmean2": 5.0450091362,
        "dvar": 8.12082862854,
        "dvar2": 20.659286499,
        "max": 33.6796989441,
        "mean": 13.2555093765,
        "median": 12.3622570038,
        "min": 1.93182349205,
        "var": 31.2889022827
    },
    "melbands_flatness_db": {
        "dmean": 0.0209148768336,
        "dmean2": 0.0318743288517,
        "dvar": 0.000480260932818,
        "dvar2": 0.000956705131102,
        "max": 0.483092159033,
        "mean": 0.185899823904,
        "median": 0.174929097295,
        "min": 0.00451957434416,
        "var": 0.00446247635409
    },
    "melbands_kurtosis": {
        "dmean": 4.53948640823,
        "dmean2": 7.29373598099,
        "dvar": 84.2059020996,
        "dvar2": 205.507339478,
        "max": 219.976882935,
        "mean": 8.68773841858,
        "median": 3.86277556419,
        "min": -1.94339120388,
        "var": 202.047668457
    },
    "melbands_skewness": {
        "dmean": 0.591257989407,
        "dmean2": 0.914587795734,
        "dvar": 0.473654836416,
        "dvar2": 1.08718264103,
        "max": 11.9504079819,
        "mean": 1.79247927666,
        "median": 1.51359415054,
        "min": -2.0809481144,
        "var": 2.01159214973
    },
    "melbands_spread": {
        "dmean": 7.58639383316,
        "dmean2": 11.6754312515,
        "dvar": 271.883270264,
        "dvar2": 546.725830078,
        "max": 302.043334961,
        "mean": 27.4156970978,
        "median": 21.5571212769,
        "min": 0.585239708424,
        "var": 799.324035645
    },
    "pitch_salience": {
        "dmean": 0.0639091953635,
        "dmean2": 0.1025416255,
        "dvar": 0.00361079163849,
        "dvar2": 0.00890784244984,
        "max": 0.900510787964,
        "mean": 0.581104755402,
        "median": 0.579535722733,
        "min": 0.0992588475347,
        "var": 0.0160051863641
    },
    "silence_rate_20dB": {
        "dmean": 0,
        "dmean2": 0,
        "dvar": 0,
        "dvar2": 0,
        "max": 1,
        "mean": 1,
        "median": 1,
        "min": 1,
        "var": 0
    },
    "silence_rate_30dB": {
        "dmean": 0,
        "dmean2": 0,
        "dvar": 0,
        "dvar2": 0,
        "max": 1,
        "mean": 1,
        "median": 1,
        "min": 1,
        "var": 0
    },
    "silence_rate_60dB": {
        "dmean": 0.0325777418911,
        "dmean2": 0.0651629045606,
        "dvar": 0.0315218865871,
        "dvar2": 0.0732325017452,
        "max": 1,
        "mean": 0.160820052028,
        "median": 0,
        "min": 0,
        "var": 0.134968370199
    },
    "spectral_centroid": {
        "dmean": 214.040557861,
        "dmean2": 319.069763184,
        "dvar": 136418.96875,
        "dvar2": 242131.984375,
        "max": 11125.5087891,
        "mean": 1329.01623535,
        "median": 1235.1875,
        "min": 223.304916382,
        "var": 609448.375
    },
    "spectral_complexity": {
        "dmean": 2.65041565895,
        "dmean2": 4.27705621719,
        "dvar": 7.01098108292,
        "dvar2": 16.4065494537,
        "max": 50,
        "mean": 16.1797275543,
        "median": 15,
        "min": 0,
        "var": 84.1745605469
    },
    "spectral_decrease": {
        "dmean": 1.71627467793e-09,
        "dmean2": 2.66318478381e-09,
        "dvar": 6.2888809029e-18,
        "dvar2": 1.52685216086e-17,
        "max": 6.9406969061e-10,
        "mean": -5.71984104525e-09,
        "median": -5.04596231465e-09,
        "min": -2.99580342755e-08,
        "var": 2.26500530932e-17
    },
    "spectral_energy": {
        "dmean": 0.00699050817639,
        "dmean2": 0.0108533799648,
        "dvar": 9.76294904831e-05,
        "dvar2": 0.00023682419851,
        "max": 0.118022918701,
        "mean": 0.023935014382,
        "median": 0.0213590618223,
        "min": 1.11876500965e-20,
        "var": 0.000372164649889
    },
    "spectral_energyband_high": {
        "dmean": 0.000485418917378,
        "dmean2": 0.000707843573764,
        "dvar": 2.58406385001e-06,
        "dvar2": 4.99361385664e-06,
        "max": 0.0352400951087,
        "mean": 0.0011254446581,
        "median": 0.000320341205224,
        "min": 8.23228240189e-21,
        "var": 7.6903088484e-06
    },
    "spectral_energyband_low": {
        "dmean": 0.00219314103015,
        "dmean2": 0.00366618740372,
        "dvar": 4.13347843278e-05,
        "dvar2": 0.000109221662569,
        "max": 0.0780157372355,
        "mean": 0.0037498222664,
        "median": 0.000504756288137,
        "min": 9.33430394611e-23,
        "var": 6.16828547209e-05
    },
    "spectral_energyband_middle_high": {
        "dmean": 0.0026361218188,
        "dmean2": 0.00404061982408,
        "dvar": 1.86280249181e-05,
        "dvar2": 4.38058341388e-05,
        "max": 0.065489448607,
        "mean": 0.00827357452363,
        "median": 0.00411663856357,
        "min": 1.5670947812e-21,
        "var": 9.95543014142e-05
    },
    "spectral_energyband_middle_low": {
        "dmean": 0.00425139116123,
        "dmean2": 0.00650788703933,
        "dvar": 4.32994202129e-05,
        "dvar2": 0.000100053352071,
        "max": 0.0931314826012,
        "mean": 0.0113737471402,
        "median": 0.00805502105504,
        "min": 2.85949279663e-22,
        "var": 0.00012964765483
    },
    "spectral_entropy": {
        "dmean": 0.152607530355,
        "dmean2": 0.224598005414,
        "dvar": 0.0298426207155,
        "dvar2": 0.0510783940554,
        "max": 9.8078918457,
        "mean": 7.47751712799,
        "median": 7.55256986618,
        "min": 4.91364145279,
        "var": 0.281177133322
    },
    "spectral_flux": {
        "dmean": 0.023127021268,
        "dmean2": 0.0374347679317,
        "dvar": 0.000706977851223,
        "dvar2": 0.00165935629047,
        "max": 0.293461918831,
        "mean": 0.0797869488597,
        "median": 0.0717322975397,
        "min": 1.05771690018e-10,
        "var": 0.0024599225726
    },
    "spectral_kurtosis": {
        "dmean": 1.44013917446,
        "dmean2": 2.35266160965,
        "dvar": 2.85585093498,
        "dvar2": 7.56588220596,
        "max": 41.9312400818,
        "mean": 5.16305351257,
        "median": 4.59180545807,
        "min": -1.7025796175,
        "var": 12.8717918396
    },
    "spectral_rms": {
        "dmean": 0.000661519472487,
        "dmean2": 0.000999300624244,
        "dvar": 5.79263485179e-07,
        "dvar2": 1.25661767925e-06,
        "max": 0.010730531998,
        "mean": 0.00435065478086,
        "median": 0.00456487759948,
        "min": 3.3037524539e-12,
        "var": 4.42299460701e-06
    },
    "spectral_rolloff": {
        "dmean": 446.381347656,
        "dmean2": 731.825134277,
        "dvar": 1408496,
        "dvar2": 2733594.75,
        "max": 19035.3515625,
        "mean": 1849.05163574,
        "median": 1399.65820312,
        "min": 43.06640625,
        "var": 4214632.5
    },
    "spectral_skewness": {
        "dmean": 0.205635800958,
        "dmean2": 0.318649291992,
        "dvar": 0.0502538830042,
        "dvar2": 0.101064577699,
        "max": 5.40867328644,
        "mean": 1.76916265488,
        "median": 1.75998711586,
        "min": -0.723492801189,
        "var": 0.385897696018
    },
    "spectral_spread": {
        "dmean": 539236.1875,
        "dmean2": 787178.625,
        "dvar": 904918859776,
        "dvar2": 1.33638075187e+12,
        "max": 40600884,
        "mean": 4861609.5,
        "median": 4469318,
        "min": 1601347.375,
        "var": 4.94321847501e+12
    },
    "spectral_strongpeak": {
        "dmean": 0.881555616856,
        "dmean2": 1.46518754959,
        "dvar": 2.75544142723,
        "dvar2": 6.89487981796,
        "max": 47.9719657898,
        "mean": 1.70375037193,
        "median": 0.826200127602,
        "min": 0,
        "var": 4.89964532852
    },
    "zerocrossingrate": {
        "dmean": 0.0112688457593,
        "dmean2": 0.0123165575787,
        "dvar": 0.000484699994558,
        "dvar2": 0.000399367068894,
        "max": 0.56396484375,
        "mean": 0.0713770985603,
        "median": 0.05908203125,
        "min": 0.00830078125,
        "var": 0.00360054080375
    },
    "barkbands": {
        "dmean": [4.53167340311e-05, 0.00136094703339, 0.000875669182278, 0.000637040648144, 0.00145748094656, 0.00105111685116, 0.00101151538547, 0.000752876105253, 0.00117855891585, 0.000966334075201, 0.000952721398789, 0.000562995031942, 0.000450235500466, 0.000414587120758, 0.000519507040735, 0.000388933345675, 0.000278254534351, 0.000145263446029, 7.83791401773e-05, 9.54157294473e-05, 8.24438757263e-05, 6.81410092511e-05, 8.54046302265e-05, 0.000106498970126, 0.000154376946739, 5.99617087573e-05, 2.47857929025e-06],
        "dmean2": [7.13704503141e-05, 0.00229154038243, 0.00151922483929, 0.00108492653817, 0.00232486682944, 0.00160908477847, 0.00158266571816, 0.00113691354636, 0.00176079478115, 0.00147010956425, 0.00148701295257, 0.000881350017153, 0.000707865459844, 0.000649078807328, 0.000822660804261, 0.000590083771385, 0.000421679607825, 0.000231515936321, 0.000124506972497, 0.000152252643602, 0.000129351450596, 0.000103802434751, 0.000126889615785, 0.000159936578711, 0.000230779754929, 9.1155510745e-05, 3.79143170903e-06],
        "dvar": [1.47642049697e-08, 1.91790513782e-05, 7.83793802839e-06, 3.24928578266e-06, 8.82379026734e-06, 5.52105348106e-06, 8.38428786665e-06, 5.39292432222e-06, 1.07351261249e-05, 6.64825347485e-06, 7.06420723873e-06, 2.70628220278e-06, 1.92373022401e-06, 1.39889652928e-06, 2.21653021981e-06, 1.7602880007e-06, 1.0746729231e-06, 1.46237667309e-07, 2.64024144769e-08, 4.62674201174e-08, 6.30287644299e-08, 6.72088802389e-08, 8.97580463288e-08, 2.46466811404e-07, 8.93048365924e-07, 2.49728401513e-07, 2.92813884251e-10],
        "dvar2": [3.6005545212e-08, 4.80939706904e-05, 2.19784542423e-05, 9.18757086765e-06, 2.20958445425e-05, 1.23028939925e-05, 1.99304486159e-05, 1.18418365673e-05, 2.26809897867e-05, 1.41067403092e-05, 1.73498283402e-05, 6.1218065639e-06, 4.57310261481e-06, 3.16782666232e-06, 5.43281839782e-06, 3.56070609087e-06, 2.20425431507e-06, 3.60507499408e-07, 6.11614154877e-08, 1.13407317315e-07, 1.31198106601e-07, 1.29988904973e-07, 1.89420362062e-07, 5.15241254107e-07, 1.94489098249e-06, 5.95015478666e-07, 6.30793695056e-10],
        "max": [0.0027385847643, 0.0499869287014, 0.0394339337945, 0.029369527474, 0.0633824616671, 0.0573390983045, 0.0610209219158, 0.0563689917326, 0.0693522468209, 0.0602062605321, 0.0550064854324, 0.033541534096, 0.0408913455904, 0.029026472941, 0.0344800949097, 0.027725495398, 0.0286589562893, 0.0104652429, 0.00483591249213, 0.00444074161351, 0.00911966431886, 0.00883374363184, 0.00792212877423, 0.0200504846871, 0.0338514223695, 0.0235335826874, 0.000742148549762],
        "mean": [8.78717910382e-05, 0.00210244301707, 0.00115625222679, 0.000878331367858, 0.00300965970382, 0.00209393748082, 0.00170975213405, 0.00119519303553, 0.00208147848025, 0.00158647401258, 0.00189356331248, 0.00100359157659, 0.000781486334745, 0.000669336353894, 0.000865089590661, 0.000635715259705, 0.000529295823071, 0.000289799616439, 0.000165011661011, 0.000192087361938, 0.000167602702277, 0.000135824520839, 0.000175548761035, 0.000189832717297, 0.000249474745942, 8.72579112183e-05, 3.1171430237e-06],
        "median": [3.13399004881e-06, 0.000138482020702, 0.000128502913867, 0.000138231567689, 0.00124495755881, 0.000690603395924, 0.000442999706138, 0.000239550499828, 0.000427670602221, 0.000295296253171, 0.000203630552278, 0.000215657564695, 0.00020546495216, 0.000156063615577, 0.000188126854482, 0.000124595331727, 0.000113134614367, 9.56047151703e-05, 7.15899222996e-05, 6.10445131315e-05, 4.3393123633e-05, 2.9798153264e-05, 4.39249124611e-05, 3.86180399801e-05, 2.09679037653e-05, 7.21988908481e-06, 6.05826286915e-08],
        "min": [1.72409132265e-23, 5.19799130676e-23, 8.91269565759e-24, 2.10691068936e-23, 2.1236825033e-23, 2.63798179041e-23, 6.79668293333e-23, 4.14027524545e-23, 8.33324135065e-23, 5.90162367978e-23, 4.47494853785e-23, 7.4268710939e-23, 6.71263327487e-23, 1.90525698451e-22, 1.41035720701e-22, 2.33316808233e-22, 2.24226076136e-22, 1.64893992053e-22, 2.15560672594e-22, 3.36584733935e-22, 5.43606801335e-22, 3.92154039852e-22, 7.80924030503e-22, 9.88330481423e-22, 9.4250122217e-22, 1.75440666032e-21, 2.9345962928e-21],
        "var": [6.07665029406e-08, 2.87231014227e-05, 8.93090145837e-06, 4.4166358748e-06, 2.1144247512e-05, 1.62402157002e-05, 1.55610214279e-05, 1.31448368847e-05, 2.6269841328e-05, 1.57667600433e-05, 2.64292975771e-05, 6.76806166666e-06, 3.94260450776e-06, 2.85593750959e-06, 4.14039823227e-06, 3.94751577915e-06, 3.0976857488e-06, 3.56410595259e-07, 8.09494835607e-08, 1.05280108187e-07, 1.60788815151e-07, 1.45654510675e-07, 2.22423182095e-07, 5.57908265364e-07, 1.90562934677e-06, 3.49171273228e-07, 5.37650091115e-10]
    },
    "erbbands": {
        "dmean": [0.0360275432467, 0.347575455904, 0.955494165421, 1.45999443531, 3.36868786812, 5.76335906982, 7.49062824249, 8.93338489532, 12.4070777893, 15.7811765671, 18.2705898285, 25.4263000488, 27.343662262, 38.2813796997, 23.3796367645, 20.2305755615, 18.6121044159, 17.6996631622, 22.8781471252, 21.6015510559, 19.929775238, 12.6381931305, 7.92504739761, 5.5029501915, 3.02249574661, 4.13673257828, 3.99749302864, 2.79413199425, 2.41466236115, 2.40016388893, 2.55500650406, 2.42668390274, 1.76952707767, 1.89327514172, 1.14231419563, 0.423448175192, 0.0676105096936, 0.00846116337925, 0.000339387566783, 1.67989182955e-05],
        "dmean2": [0.0509830899537, 0.589595675468, 1.66177487373, 2.45159649849, 5.65497159958, 8.98760986328, 11.4170398712, 13.6265974045, 19.2534217834, 24.3713417053, 27.3067874908, 37.3928375244, 41.2343444824, 59.9283561707, 34.6565704346, 30.7885303497, 28.6405735016, 27.0762348175, 35.8524055481, 33.7538452148, 29.9211769104, 18.7703151703, 12.5129680634, 8.6173992157, 4.80900478363, 6.63899755478, 6.27121734619, 4.40220165253, 3.72074699402, 3.60696339607, 3.7819006443, 3.64465022087, 2.65561342239, 2.98716688156, 1.65741193295, 0.65649920702, 0.100229054689, 0.0123341837898, 0.000512744882144, 2.47781390499e-05],
        "dvar": [0.010201969184, 1.39586675167, 11.0284080505, 15.7070493698, 78.4499664307, 165.417648315, 254.847305298, 485.248657227, 1264.39990234, 2790.04614258, 2851.77197266, 5823.40771484, 6070.84570312, 9039.97460938, 3541.90258789, 3734.22729492, 3552.62133789, 2487.41235352, 4301.86621094, 4960.91015625, 4691.36962891, 1540.01123047, 480.595336914, 148.184082031, 37.6534423828, 95.5426254272, 154.566223145, 94.8439483643, 80.2475738525, 76.005897522, 81.4488983154, 166.214370728, 67.3533096313, 160.105255127, 65.3780212402, 15.4007663727, 0.195528104901, 0.00247378833592, 5.50176036995e-06, 3.10058489994e-09],
        "dvar2": [0.0196691229939, 3.73834228516, 31.0447711945, 44.1651802063, 214.312896729, 374.545227051, 557.865356445, 1049.17712402, 2990.48168945, 6587.86621094, 6210.73486328, 11554.3662109, 12805, 22941.1269531, 7076.32519531, 8506.02734375, 8332.30175781, 5629.22851562, 10067.8564453, 11566.3837891, 9514.57421875, 2961.97363281, 1176.0390625, 341.863494873, 91.2374649048, 235.596954346, 339.902862549, 190.682006836, 153.503341675, 165.484405518, 172.198196411, 371.467498779, 147.428405762, 384.938903809, 123.568725586, 36.3551940918, 0.466741859913, 0.00531236035749, 1.16380260806e-05, 6.43758735208e-09],
        "max": [1.86073935032, 14.4045753479, 40.3488082886, 61.5854530334, 189.397277832, 308.684082031, 390.487945557, 742.755004883, 878.188720703, 1267.15026855, 1546.29223633, 1945.0880127, 2079.67822266, 1716.62158203, 1417.8770752, 1551.27209473, 2038.25891113, 1726.46057129, 1414.54467773, 1693.21972656, 1520.45776367, 1240.45361328, 629.787475586, 298.595458984, 175.437713623, 209.720352173, 550.766540527, 331.254943848, 348.728179932, 302.832366943, 236.063186646, 598.289978027, 321.02230835, 416.782043457, 375.741027832, 201.888931274, 15.657544136, 2.8906493187, 0.0952642261982, 0.00179089908488],
        "mean": [0.066299289465, 0.454164683819, 1.21356582642, 2.31835436821, 5.52681016922, 11.800283432, 14.9205980301, 17.21352005, 21.7642307281, 25.3820018768, 32.3791236877, 45.3008346558, 48.0770568848, 79.1538314819, 48.2765312195, 38.7549743652, 35.2815818787, 33.3494644165, 41.4508590698, 39.6141891479, 39.8350067139, 27.9075241089, 16.9158706665, 11.6332597733, 7.15671920776, 8.44917488098, 8.05380916595, 5.97085762024, 4.9078245163, 4.72083282471, 5.14049530029, 4.22653436661, 3.08118486404, 2.87236571312, 1.71005928516, 0.613686084747, 0.106704771519, 0.0130152497441, 0.000498277368024, 4.62815332867e-05],
        "median": [0.00302039296366, 0.0347628742456, 0.150467425585, 0.439079016447, 1.51736879349, 4.04049921036, 5.69623470306, 5.74885225296, 6.82075214386, 7.12769508362, 7.93745040894, 10.3119459152, 12.9267368317, 15.0363693237, 11.5865135193, 10.3541984558, 10.9569339752, 10.4458732605, 11.0466060638, 10.2058897018, 8.20934295654, 6.83360958099, 5.50230264664, 5.07068634033, 3.09872412682, 2.85338258743, 2.44146299362, 1.32997107506, 1.07921099663, 1.16862475872, 1.21891927719, 0.91936147213, 0.539360582829, 0.296460866928, 0.11359551549, 0.0400709211826, 0.0117683634162, 0.00115216709673, 4.19477582909e-05, 3.07473455905e-05],
        "min": [2.75643520018e-21, 7.03922542568e-21, 8.55133581923e-21, 6.13172056732e-20, 6.68112100548e-20, 6.31570556884e-20, 1.1223384299e-19, 2.29117190655e-19, 9.70270657611e-19, 9.0266632352e-19, 9.94715705868e-19, 2.06465955934e-18, 1.80203591871e-18, 2.1867323926e-18, 1.74112461315e-18, 3.41656632937e-18, 3.57678852568e-18, 9.93206762995e-18, 9.47668319604e-18, 7.17957699238e-18, 1.20647551432e-17, 1.28606244881e-17, 9.92575706905e-18, 9.316722182e-18, 1.17012646851e-17, 1.74758729255e-17, 1.91376605782e-17, 2.08520784245e-17, 1.49226906294e-17, 1.81321332081e-17, 2.207928689e-17, 1.83018061497e-17, 1.58631304658e-17, 1.06886103269e-17, 6.7938519194e-18, 6.00228391376e-18, 3.04793825247e-18, 1.70074072506e-18, 3.99488169302e-19, 4.06956447011e-20],
        "var": [0.0271830260754, 1.53906345367, 10.3049020767, 23.8109302521, 114.453887939, 440.997558594, 732.928039551, 1353.44885254, 2195.98632812, 4737.20800781, 7099.32128906, 14068.1699219, 13774.0371094, 31368.8925781, 12217.1845703, 9459.03125, 7229.90869141, 5553.08056641, 9174.82519531, 9112.265625, 14524.6845703, 6201.66650391, 1318.68225098, 379.229827881, 125.225456238, 209.488708496, 342.144317627, 248.179550171, 180.105056763, 157.94178772, 201.094360352, 288.169586182, 151.389984131, 230.924789429, 137.627853394, 21.6003875732, 0.295456439257, 0.00450647808611, 1.09379825517e-05, 7.75393704799e-09]
    },
    "gfcc": {
        "mean": [-17.6481990814, 77.9022903442, -130.563247681, 10.4471940994, -72.2358474731, 14.2266969681, -48.9512519836, 7.44272089005, -26.8309383392, -0.621407091618, -17.7378158569, 0.441016972065, -8.5824213028],
        "cov": [[6679.66943359, -687.218078613, 292.404785156, 756.004333496, 566.334594727, 571.196472168, 379.601867676, 271.798522949, 13.5729045868, 200.685516357, 8.31086158752, 309.006835938, 81.647277832], [-687.218078613, 1342.80371094, 76.2352828979, 16.2543888092, 126.970184326, -178.035766602, 63.1881256104, -97.2535018921, 33.0953216553, -129.13760376, 85.7314605713, -120.886192322, 2.47092103958], [292.404785156, 76.2352828979, 1040.12011719, 150.060516357, -63.2110786438, -18.2486991882, -204.446472168, -10.5808506012, -65.529510498, -19.0445804596, -4.75400161743, 19.1753845215, -38.5115966797], [756.004333496, 16.2543888092, 150.060516357, 618.565490723, 212.96105957, 98.9554443359, 165.397827148, 47.2720794678, 85.1968765259, 48.9702033997, -9.34783554077, 60.8038215637, -4.47540521622], [566.334594727, 126.970184326, -63.2110786438, 212.96105957, 447.036193848, 164.643096924, 183.328704834, 99.8246612549, 60.7867507935, 70.8419189453, -5.53664398193, 71.6837997437, 0.138406217098], [571.196472168, -178.035766602, -18.2486991882, 98.9554443359, 164.643096924, 345.335235596, 193.547561646, 84.7400894165, 6.97433328629, 77.6078109741, 30.5737094879, 39.7681999207, 22.2721233368], [379.601867676, 63.1881256104, -204.446472168, 165.397827148, 183.328704834, 193.547561646, 390.234039307, 94.6313705444, 53.1005630493, 81.7763519287, 28.2465209961, 36.8754501343, 5.13228368759], [271.798522949, -97.2535018921, -10.5808506012, 47.2720794678, 99.8246612549, 84.7400894165, 94.6313705444, 191.481750488, 80.0736312866, 52.0315208435, 9.08609962463, 36.6241416931, 16.8227310181], [13.5729045868, 33.0953216553, -65.529510498, 85.1968765259, 60.7867507935, 6.97433328629, 53.1005630493, 80.0736312866, 171.486190796, 42.5172767639, 2.27176880836, 27.4592514038, 4.78588676453], [200.685516357, -129.13760376, -19.0445804596, 48.9702033997, 70.8419189453, 77.6078109741, 81.7763519287, 52.0315208435, 42.5172767639, 141.318710327, 29.8955821991, 40.2273826599, -4.20479869843], [8.31086158752, 85.7314605713, -4.75400161743, -9.34783554077, -5.53664398193, 30.5737094879, 28.2465209961, 9.08609962463, 2.27176880836, 29.8955821991, 119.527198792, 17.0599384308, 17.4666423798], [309.006835938, -120.886192322, 19.1753845215, 60.8038215637, 71.6837997437, 39.7681999207, 36.8754501343, 36.6241416931, 27.4592514038, 40.2273826599, 17.0599384308, 114.650718689, 28.2159862518], [81.647277832, 2.47092103958, -38.5115966797, -4.47540521622, 0.138406217098, 22.2721233368, 5.13228368759, 16.8227310181, 4.78588676453, -4.20479869843, 17.4666423798, 28.2159862518, 90.6666870117]],
        "icov": [[0.000221978960326, 6.62631064188e-05, -3.5578126699e-05, -0.000191712810192, -0.000104921695311, -0.000165389297763, -4.2211672735e-06, -0.00013383255282, 0.000203139876248, 1.81869181688e-05, 1.43823290273e-05, -0.000290543481242, -8.26506220619e-05], [6.62631064188e-05, 0.00210707029328, -0.000828053511214, 0.000501332164276, -0.00199192506261, 0.00185974990018, -0.00173430272844, 0.00162213738076, -0.00146415515337, 0.00203165574931, -0.00248729018494, 0.00289616081864, -0.00135130970739], [-3.5578126699e-05, -0.000828053511214, 0.0017043860862, -0.000882811902557, 0.0010737067787, -0.00108176772483, 0.00182773196138, -0.00123748229817, 0.00132822745945, -0.000793995161075, 0.000783269293606, -0.00157271802891, 0.00135683815461], [-0.000191712810192, 0.000501332164276, -0.000882811902557, 0.00281255925074, -0.00126637553331, 0.0007364442572, -0.0015901082661, 0.00140821537934, -0.00181930244435, 0.000682224635966, -0.000303729146253, 0.000649972527754, -0.000443514785729], [-0.000104921695311, -0.00199192506261, 0.0010737067787, -0.00126637553331, 0.00552968494594, -0.00266387406737, 0.0012017985573, -0.00235075061209, 0.00136640993878, -0.0020504319109, 0.00297397607937, -0.00405631866306, 0.00207860767841], [-0.000165389297763, 0.00185974990018, -0.00108176772483, 0.0007364442572, -0.00266387406737, 0.00680311163887, -0.00347287533805, 0.000714298337698, -0.000264064728981, 0.000520591915119, -0.0026450061705, 0.00325476331636, -0.00239320914261], [-4.2211672735e-06, -0.00173430272844, 0.00182773196138, -0.0015901082661, 0.0012017985573, -0.00347287533805, 0.00664353044704, -0.00254046730697, 0.00157376250718, -0.00241862144321, 0.00138507492375, -0.00237124669366, 0.0019713784568], [-0.00013383255282, 0.00162213738076, -0.00123748229817, 0.00140821537934, -0.00235075061209, 0.000714298337698, -0.00254046730697, 0.00965203624219, -0.00486028473824, 0.00084389525, -0.00161350646522, 0.00215176003985, -0.00226188148372], [0.000203139876248, -0.00146415515337, 0.00132822745945, -0.00181930244435, 0.00136640993878, -0.000264064728981, 0.00157376250718, -0.00486028473824, 0.00998102687299, -0.00301047996618, 0.00189972959924, -0.00295071909204, 0.00109267793596], [1.81869181688e-05, 0.00203165574931, -0.000793995161075, 0.000682224635966, -0.0020504319109, 0.000520591915119, -0.00241862144321, 0.00084389525, -0.00301047996618, 0.0121424905956, -0.00432249158621, 0.000349731824826, 0.000926158216316], [1.43823290273e-05, -0.00248729018494, 0.000783269293606, -0.000303729146253, 0.00297397607937, -0.0026450061705, 0.00138507492375, -0.00161350646522, 0.00189972959924, -0.00432249158621, 0.0124387750402, -0.00425990764052, -0.000132603294333], [-0.000290543481242, 0.00289616081864, -0.00157271802891, 0.000649972527754, -0.00405631866306, 0.00325476331636, -0.00237124669366, 0.00215176003985, -0.00295071909204, 0.000349731824826, -0.00425990764052, 0.0165747590363, -0.00567711563781], [-8.26506220619e-05, -0.00135130970739, 0.00135683815461, -0.000443514785729, 0.00207860767841, -0.00239320914261, 0.0019713784568, -0.00226188148372, 0.00109267793596, 0.000926158216316, -0.000132603294333, -0.00567711563781, 0.0143654765561]]
    },
    "melbands": {
        "dmean": [0.000338762445608, 0.00048381157103, 0.00029521563556, 0.000322177889757, 0.000254296843195, 0.000199555142899, 0.000195346263354, 0.000169178427313, 0.000164093653439, 0.000163513890584, 0.000140060001286, 0.000156973066623, 9.9644108559e-05, 6.47448541713e-05, 4.94741398143e-05, 4.43503995484e-05, 3.52955430571e-05, 3.92646652472e-05, 4.10626998928e-05, 2.43927570409e-05, 2.65685011982e-05, 1.7065260181e-05, 8.48328090797e-06, 7.33432034394e-06, 4.83487110614e-06, 2.55221266343e-06, 2.71418321063e-06, 3.22544360642e-06, 3.0670742035e-06, 2.03257923204e-06, 1.65217886661e-06, 1.49366292135e-06, 1.40936015214e-06, 1.43627596572e-06, 1.55785653533e-06, 1.62195499342e-06, 1.55174268457e-06, 1.28574652081e-06, 1.3550809399e-06, 1.89499758108e-06],
        "dmean2": [0.000540720997378, 0.000830823322758, 0.000491449201945, 0.000517717446201, 0.000388402870158, 0.000304160086671, 0.000303002685541, 0.000259830412688, 0.000246329465881, 0.000241830392042, 0.000211941602174, 0.000245508505031, 0.00014925202413, 9.84520520433e-05, 7.74551663199e-05, 7.01848985045e-05, 5.37509185961e-05, 6.139461766e-05, 6.59284050926e-05, 3.68349537894e-05, 3.99092205043e-05, 2.54751012108e-05, 1.30006164909e-05, 1.15687435027e-05, 7.63455955166e-06, 4.04414231525e-06, 4.43787394033e-06, 5.18825117979e-06, 4.88266732646e-06, 3.24013444697e-06, 2.61680179392e-06, 2.3305024115e-06, 2.22254516302e-06, 2.19544199354e-06, 2.34890785578e-06, 2.47071579906e-06, 2.3624984351e-06, 1.96926612261e-06, 2.10007146961e-06, 3.05604498863e-06],
        "dvar": [9.97296524474e-07, 2.83916665467e-06, 6.10952554325e-07, 4.94032576626e-07, 2.59260787061e-07, 2.26162896411e-07, 2.90514208245e-07, 2.93766134973e-07, 2.24564985274e-07, 2.24410413807e-07, 1.59049434956e-07, 1.47773263848e-07, 7.1881487429e-08, 3.56864156004e-08, 2.18067039981e-08, 2.22656364457e-08, 1.11136992942e-08, 1.45968375165e-08, 1.56374095894e-08, 7.91928833621e-09, 9.15964815107e-09, 3.5277478716e-09, 6.80074496717e-10, 4.1120340466e-10, 1.20928364544e-10, 2.7964675714e-11, 4.30124061368e-11, 6.32467966888e-11, 1.02928776613e-10, 3.52784225444e-11, 3.94442083163e-11, 3.33947557107e-11, 2.71359219817e-11, 2.56302635365e-11, 2.90909362571e-11, 4.43252656801e-11, 9.04779445809e-11, 4.22452420268e-11, 5.40828805351e-11, 2.1122573135e-10],
        "dvar2": [2.18983041123e-06, 7.9682777141e-06, 1.69020756857e-06, 1.24385769595e-06, 5.92694391344e-07, 4.98723238707e-07, 6.81464882746e-07, 6.80120649577e-07, 4.96870427469e-07, 4.55549582057e-07, 3.340078365e-07, 3.65811729353e-07, 1.54627457505e-07, 8.04259343568e-08, 4.66277754185e-08, 5.4607010469e-08, 2.47452298652e-08, 3.40509700436e-08, 3.88903238502e-08, 1.67518159344e-08, 1.89366815562e-08, 6.8815340093e-09, 1.54294321764e-09, 9.71295266439e-10, 2.78733536252e-10, 6.51158502118e-11, 1.09958965544e-10, 1.55874840813e-10, 2.39708697336e-10, 7.66807936592e-11, 7.86239476303e-11, 6.73175126753e-11, 5.97078497755e-11, 5.77753331288e-11, 6.45240527675e-11, 9.97927018798e-11, 2.08478401209e-10, 9.66821414594e-11, 1.22323887131e-10, 5.49619849632e-10],
        "max": [0.0153072653338, 0.0217264071107, 0.0128062926233, 0.0146162007004, 0.0142553448677, 0.014291102998, 0.0127321071923, 0.0123906964436, 0.0118219619617, 0.0107653085142, 0.0101386792958, 0.00735540967435, 0.00693984888494, 0.00463305413723, 0.00434572063386, 0.00502791209146, 0.00352302775718, 0.00259225210175, 0.00355024123564, 0.00258680223487, 0.002083909465, 0.00172349438071, 0.000775344553404, 0.000788047502283, 0.00028709412436, 0.000155459318194, 0.000211412727367, 0.000169113729498, 0.000491060840432, 0.000227400407312, 0.000224925999646, 0.000240891051362, 0.00016083009541, 0.000174676140887, 0.000128978295834, 0.000224633913604, 0.000523661321495, 0.000293444551062, 0.000270456192084, 0.000508071447257],
        "mean": [0.00059006299125, 0.000632443348877, 0.000478008005302, 0.000638900091872, 0.000529122422449, 0.000389693159377, 0.000343244377291, 0.000269773299806, 0.000287567527266, 0.000283897679765, 0.000236932857661, 0.000315093377139, 0.000201368136914, 0.00011682328477, 8.37071856949e-05, 7.85990123404e-05, 5.8085173805e-05, 6.33099407423e-05, 7.05834463588e-05, 3.87887412217e-05, 4.98254667036e-05, 3.28811474901e-05, 1.57865779329e-05, 1.34880147016e-05, 9.1653319032e-06, 5.42348743693e-06, 5.20558478456e-06, 5.84866484132e-06, 5.61111437491e-06, 3.85878684028e-06, 3.2644654766e-06, 2.7891303489e-06, 2.53685789176e-06, 2.66305733021e-06, 2.99274324789e-06, 2.82490464087e-06, 2.49006347985e-06, 2.11609881262e-06, 2.1517728328e-06, 2.54132692135e-06],
        "median": [3.18449274346e-05, 7.61030823924e-05, 0.000102851779957, 0.000211090839002, 0.000227131444262, 0.000131694701849, 0.00010282373114, 6.92851317581e-05, 5.77046230319e-05, 5.85523011978e-05, 4.53827306046e-05, 5.25188952452e-05, 3.21238549077e-05, 2.44738439505e-05, 2.05493925023e-05, 1.93271134776e-05, 1.50683408719e-05, 1.3368728105e-05, 1.50668602146e-05, 9.03482759895e-06, 8.53546225699e-06, 7.07875597072e-06, 4.77261346532e-06, 4.37288326793e-06, 3.62256969311e-06, 2.26770362133e-06, 1.70333100868e-06, 1.70239104591e-06, 1.55605425789e-06, 9.42886117627e-07, 6.2650133259e-07, 5.71298528484e-07, 5.23983430867e-07, 6.3118932303e-07, 6.60101363792e-07, 6.48086484034e-07, 4.7769884759e-07, 3.72556598904e-07, 2.81864402041e-07, 2.07687094189e-07],
        "min": [1.98916799278e-23, 5.45622902616e-24, 8.96117037136e-24, 5.90275703625e-24, 3.1076836151e-24, 6.14095871417e-24, 1.36787439669e-23, 9.35992062629e-24, 8.93367856881e-24, 1.26693956498e-23, 8.37796944843e-24, 8.53132243069e-24, 4.99423973677e-24, 8.51070318435e-24, 9.2654884539e-24, 7.14060483099e-24, 1.98536726094e-23, 1.52489069121e-23, 8.23092972e-24, 1.35529285411e-23, 1.42959582055e-23, 1.35381452878e-23, 1.20048079473e-23, 6.8541615477e-24, 7.57305443493e-24, 7.4693050264e-24, 1.07035116755e-23, 1.145239311e-23, 1.20655849469e-23, 1.01726753395e-23, 1.28425411522e-23, 8.63455276874e-24, 7.34317642284e-24, 1.18639639324e-23, 1.22187754238e-23, 1.34815019193e-23, 1.09833987358e-23, 1.1228713967e-23, 1.06674457438e-23, 8.67102811928e-24],
        "var": [2.10654820876e-06, 2.64832169705e-06, 9.43848760926e-07, 1.16523926863e-06, 7.32856790364e-07, 6.21411800239e-07, 5.3607288919e-07, 5.45106047412e-07, 5.63423668609e-07, 5.25666393969e-07, 3.69385645627e-07, 4.95436154324e-07, 2.60927521367e-07, 1.0060821154e-07, 5.27131298611e-08, 4.45880843358e-08, 2.25711218604e-08, 3.03065910146e-08, 3.14641290799e-08, 1.55301815852e-08, 2.84113550464e-08, 1.13776010835e-08, 1.55018908821e-09, 8.67884708544e-10, 2.79783612944e-10, 8.59747065207e-11, 9.86508930101e-11, 1.24121921075e-10, 1.8164063309e-10, 9.17344741835e-11, 9.41590139192e-11, 6.55405729688e-11, 5.3112254178e-11, 5.10437837831e-11, 6.63576624205e-11, 8.95083174246e-11, 1.37289526969e-10, 8.62958593473e-11, 8.91605331232e-11, 2.39362585308e-10]
    },
    "mfcc": {
        "mean": [-658.332214355, 112.971130371, -6.89015483856, -2.69021844864, -2.82207846642, -4.23282766342, -8.4369468689, -1.30991339684, -5.82018756866, -1.2583155632, -8.51602840424, -2.73412632942, -4.42843008041],
        "cov": [[6265.85839844, -888.981445312, -63.9566383362, 510.297637939, 305.571868896, 538.466247559, 497.107299805, 385.205596924, 348.293182373, 105.543060303, 63.1507492065, 95.3162536621, 229.535995483], [-888.981445312, 1184.04309082, 26.0373191833, 31.5701637268, 48.3952980042, -110.490158081, -11.4198999405, -43.0954246521, -92.1121292114, -22.5082206726, -10.4057445526, 0.118245542049, -67.8409957886], [-63.9566383362, 26.0373191833, 947.192749023, 92.4187088013, 127.998138428, -74.5775756836, -71.4980316162, -76.4133911133, -112.260284424, -76.3158340454, -67.6618652344, 8.71406745911, -1.62185418606], [510.297637939, 31.5701637268, 92.4187088013, 522.824829102, 99.8391571045, 138.841903687, 38.0819892883, 93.9472961426, 90.1572418213, -10.0368928909, 51.0956687927, 63.0429077148, 48.2193412781], [305.571868896, 48.3952980042, 127.998138428, 99.8391571045, 298.704498291, 29.8297538757, 19.2804908752, 39.2618598938, 42.8274459839, -6.65271806717, -7.16947937012, 23.7239837646, 41.7887306213], [538.466247559, -110.490158081, -74.5775756836, 138.841903687, 29.8297538757, 316.139007568, 167.726791382, 98.8815994263, 92.6697540283, 46.0049514771, 73.6484069824, 13.2636833191, 46.8554992676], [497.107299805, -11.4198999405, -71.4980316162, 38.0819892883, 19.2804908752, 167.726791382, 308.638366699, 94.0051345825, 65.0788726807, 55.7920150757, 67.7414093018, 4.12926769257, 36.9801635742], [385.205596924, -43.0954246521, -76.4133911133, 93.9472961426, 39.2618598938, 98.8815994263, 94.0051345825, 182.570526123, 109.609275818, 50.1277961731, 46.5903091431, 32.7055358887, 39.4113502502], [348.293182373, -92.1121292114, -112.260284424, 90.1572418213, 42.8274459839, 92.6697540283, 65.0788726807, 109.609275818, 200.218688965, 59.798324585, 59.0576858521, 37.2606201172, 39.5444412231], [105.543060303, -22.5082206726, -76.3158340454, -10.0368928909, -6.65271806717, 46.0049514771, 55.7920150757, 50.1277961731, 59.798324585, 130.436798096, 50.5672531128, 15.2200870514, 12.9569005966], [63.1507492065, -10.4057445526, -67.6618652344, 51.0956687927, -7.16947937012, 73.6484069824, 67.7414093018, 46.5903091431, 59.0576858521, 50.5672531128, 137.055084229, 40.4300918579, 23.466758728], [95.3162536621, 0.118245542049, 8.71406745911, 63.0429077148, 23.7239837646, 13.2636833191, 4.12926769257, 32.7055358887, 37.2606201172, 15.2200870514, 40.4300918579, 125.757263184, 50.8488082886], [229.535995483, -67.8409957886, -1.62185418606, 48.2193412781, 41.7887306213, 46.8554992676, 36.9801635742, 39.4113502502, 39.5444412231, 12.9569005966, 23.466758728, 50.8488082886, 108.298141479]],
