{
"lowlevel": {
    "average_loudness": 0.0295188333839,
    "barkbands_crest": {
        "dmean": 2.26973128319,
        "dmean2": 3.74331307411,
        "dvar": 4.5937628746,
        "dvar2": 11.8912715912,
        "max": 25.6653232574,
        "mean": 9.57205104828,
        "median": 8.69994831085,
        "min": 2.06405282021,
        "var": 16.9425830841
    },
    "barkbands_flatness_db": {
        "dmean": 0.0179539751261,
        "dmean2": 0.0294209457934,
        "dvar": 0.000312253221637,
        "dvar2": 0.000832794117741,
        "max": 0.379510968924,
        "mean": 0.181977167726,
        "median": 0.172653824091,
        "min": 0.0286626834422,
        "var": 0.00224917312153
    },
    "barkbands_kurtosis": {
        "dmean": 2.4406709671,
        "dmean2": 3.96302008629,
        "dvar": 47.3441390991,
        "dvar2": 133.181350708,
        "max": 228.042373657,
        "mean": 3.91543078423,
        "median": 0.938607692719,
        "min": -1.93657004833,
        "var": 111.148040771
    },
    "barkbands_skewness": {
        "dmean": 0.461835026741,
        "dmean2": 0.720071852207,
        "dvar": 0.310747265816,
        "dvar2": 0.743811070919,
        "max": 13.4511098862,
        "mean": 1.20077121258,
        "median": 0.916967213154,
        "min": -2.94887280464,
        "var": 1.66318511963
    },
    "barkbands_spread": {
        "dmean": 4.85973358154,
        "dmean2": 7.36197423935,
        "dvar": 70.4867324829,
        "dvar2": 123.8595047,
        "max": 109.374259949,
        "mean": 20.4894065857,
        "median": 15.5427722931,
        "min": 1.12439906597,
        "var": 294.915496826
    },
    "dissonance": {
        "dmean": 0.0197317842394,
        "dmean2": 0.0331230200827,
        "dvar": 0.000386724743294,
        "dvar2": 0.00103914074134,
        "max": 0.500000119209,
        "mean": 0.457697927952,
        "median": 0.466712146997,
        "min": 0.225154429674,
        "var": 0.00120028108358
    },
    "dynamic_complexity": 4.97086715698,
    "erbbands_crest": {
        "dmean": 2.65147662163,
        "dmean2": 4.26644420624,
        "dvar": 6.34348201752,
        "dvar2": 15.3512201309,
        "max": 31.6065425873,
        "mean": 10.5358533859,
        "median": 9.4414434433,
        "min": 2.51478672028,
        "var": 23.8619365692
    },
    "erbbands_flatness_db": {
        "dmean": 0.0153988422826,
        "dmean2": 0.0232134088874,
        "dvar": 0.000221020396566,
        "dvar2": 0.000465944671305,
        "max": 0.384361803532,
        "mean": 0.213579759002,
        "median": 0.214813455939,
        "min": 0.0814523473382,
        "var": 0.00208501168527
    },
    "erbbands_kurtosis": {
        "dmean": 1.03892433643,
        "dmean2": 1.61282730103,
        "dvar": 2.13948774338,
        "dvar2": 4.9643034935,
        "max": 32.5198364258,
        "mean": 1.15471720695,
        "median": 0.426907062531,
        "min": -1.81520986557,
        "var": 6.44751119614
    },
    "erbbands_skewness": {
        "dmean": 0.364427685738,
        "dmean2": 0.547863483429,
        "dvar": 0.145541161299,
        "dvar2": 0.283635258675,
        "max": 4.25340557098,
        "mean": 0.425604075193,
        "median": 0.41581428051,
        "min": -4.70725727081,
        "var": 0.864113330841
    },
    "erbbands_spread": {
        "dmean": 6.65783643723,
        "dmean2": 10.1730442047,
        "dvar": 88.3667678833,
        "dvar2": 200.33215332,
        "max": 161.580825806,
        "mean": 30.4411449432,
        "median": 25.1940937042,
        "min": 4.17940282822,
        "var": 347.118499756
    },
    "hfc": {
        "dmean": 5.97786188126,
        "dmean2": 8.73657989502,
        "dvar": 138.053726196,
        "dvar2": 273.653686523,
        "max": 605.127685547,
        "mean": 19.4853801727,
        "median": 9.14001560211,
        "min": 1.14219481261e-16,
        "var": 715.572387695
    },
    "melbands_crest": {
        "dmean": 2.90882611275,
        "dmean2": 4.77267408371,
        "dvar": 7.3107585907,
        "dvar2": 18.7202091217,
        "max": 36.3280067444,
        "mean": 13.2581148148,
        "median": 12.3866758347,
        "min": 2.30191683769,
        "var": 30.4339561462
    },
    "melbands_flatness_db": {
        "dmean": 0.021230744198,
        "dmean2": 0.0331952385604,
        "dvar": 0.000509186298586,
        "dvar2": 0.00118010106962,
        "max": 0.473687201738,
        "mean": 0.204169332981,
        "median": 0.192095249891,
        "min": 0.00414985232055,
        "var": 0.00510154105723
    },
    "melbands_kurtosis": {
        "dmean": 5.67874526978,
        "dmean2": 9.29618358612,
        "dvar": 353.321105957,
        "dvar2": 978.172485352,
        "max": 901.547058105,
        "mean": 10.740814209,
        "median": 3.72101449966,
        "min": -1.815310359,
        "var": 859.255187988
    },
    "melbands_skewness": {
        "dmean": 0.58943516016,
        "dmean2": 0.928980767727,
        "dvar": 0.601678848267,
        "dvar2": 1.4727461338,
        "max": 23.6496372223,
        "mean": 2.01347017288,
        "median": 1.62781941891,
        "min": -1.05266749859,
        "var": 3.06534934044
    },
    "melbands_spread": {
        "dmean": 7.02408409119,
        "dmean2": 10.7385625839,
        "dvar": 165.282196045,
        "dvar2": 325.321624756,
        "max": 239.059387207,
        "mean": 25.6746749878,
        "median": 20.3728027344,
        "min": 0.635909199715,
        "var": 580.420837402
    },
    "pitch_salience": {
        "dmean": 0.060509569943,
        "dmean2": 0.0997431948781,
        "dvar": 0.0030604628846,
        "dvar2": 0.00809601508081,
        "max": 0.887537240982,
        "mean": 0.556008160114,
        "median": 0.548806190491,
        "min": 0.104896627367,
        "var": 0.0145976440981
    },
    "silence_rate_20dB": {
        "dmean": 0.00101276079658,
        "dmean2": 0.00202572671697,
        "dvar": 0.00101166393142,
        "dvar2": 0.00303420121782,
        "max": 1,
        "mean": 0.998683571815,
        "median": 1,
        "min": 0,
        "var": 0.00131489464547
    },
    "silence_rate_30dB": {
        "dmean": 0.00141786504537,
        "dmean2": 0.00283601740375,
        "dvar": 0.00141575292218,
        "dvar2": 0.00404300075024,
        "max": 1,
        "mean": 0.994126558304,
        "median": 1,
        "min": 0,
        "var": 0.00583876064047
    },
    "silence_rate_60dB": {
        "dmean": 0.0311930328608,
        "dmean2": 0.0623923838139,
        "dvar": 0.030223114416,
        "dvar2": 0.0684366822243,
        "max": 1,
        "mean": 0.21265822649,
        "median": 0,
        "min": 0,
        "var": 0.167394459248
    },
    "spectral_centroid": {
        "dmean": 208.383178711,
        "dmean2": 314.919342041,
        "dvar": 100758.625,
        "dvar2": 180998.46875,
        "max": 11039.8066406,
        "mean": 1314.63549805,
        "median": 1210.41125488,
        "min": 191.889648438,
        "var": 540970.625
    },
    "spectral_complexity": {
        "dmean": 2.45736265182,
        "dmean2": 3.87683582306,
        "dvar": 7.00212430954,
        "dvar2": 15.7362298965,
        "max": 64,
        "mean": 14.6604557037,
        "median": 13,
        "min": 0,
        "var": 83.9887695312
    },
    "spectral_decrease": {
        "dmean": 1.75669689906e-09,
        "dmean2": 2.84549783736e-09,
        "dvar": 1.62308469896e-17,
        "dvar2": 4.62319218377e-17,
        "max": 3.79618757354e-29,
        "mean": -5.6033524487e-09,
        "median": -4.04044309121e-09,
        "min": -1.5518386931e-07,
        "var": 4.74066837436e-17
    },
    "spectral_energy": {
        "dmean": 0.00698621897027,
        "dmean2": 0.0112918280065,
        "dvar": 0.000239771383349,
        "dvar2": 0.000681392208207,
        "max": 0.618259012699,
        "mean": 0.0229158047587,
        "median": 0.0175516922027,
        "min": 1.02587432323e-20,
        "var": 0.000745098863263
    },
    "spectral_energyband_high": {
        "dmean": 0.000417701754486,
        "dmean2": 0.000576818187255,
        "dvar": 1.98121006179e-06,
        "dvar2": 3.525899956e-06,
        "max": 0.0514947995543,
        "mean": 0.000857291393913,
        "median": 0.00013788198703,
        "min": 7.08820518081e-21,
        "var": 7.4772615335e-06
    },
    "spectral_energyband_low": {
        "dmean": 0.00374945788644,
        "dmean2": 0.00656753405929,
        "dvar": 0.000181120558409,
        "dvar2": 0.000544661190361,
        "max": 0.460626870394,
        "mean": 0.0066058258526,
        "median": 0.00315899238922,
        "min": 7.28803346785e-23,
        "var": 0.000260103406617
    },
    "spectral_energyband_middle_high": {
        "dmean": 0.00152835762128,
        "dmean2": 0.00227091880515,
        "dvar": 7.20774414731e-06,
        "dvar2": 1.55461948452e-05,
        "max": 0.097598336637,
        "mean": 0.00492353085428,
        "median": 0.00200087763369,
        "min": 1.46460900162e-21,
        "var": 4.42816999566e-05
    },
    "spectral_energyband_middle_low": {
        "dmean": 0.00378132145852,
        "dmean2": 0.00578895863146,
        "dvar": 6.492119428e-05,
        "dvar2": 0.000167641264852,
        "max": 0.40803706646,
        "mean": 0.0109637137502,
        "median": 0.00591140054166,
        "min": 2.65734573817e-22,
        "var": 0.000207038669032
    },
    "spectral_entropy": {
        "dmean": 0.134901627898,
        "dmean2": 0.200427293777,
        "dvar": 0.0234079752117,
        "dvar2": 0.0432421937585,
        "max": 9.81780815125,
        "mean": 7.42336416245,
        "median": 7.48227405548,
        "min": 5.5133228302,
        "var": 0.23223875463
    },
    "spectral_flux": {
        "dmean": 0.0185495298356,
        "dmean2": 0.0298264343292,
        "dvar": 0.000614301883616,
        "dvar2": 0.00137950899079,
        "max": 0.564821004868,
        "mean": 0.069284081459,
        "median": 0.0596250034869,
        "min": 6.47002035281e-11,
        "var": 0.00259534013458
    },
    "spectral_kurtosis": {
        "dmean": 2.21176218987,
        "dmean2": 3.83375144005,
        "dvar": 6.64207220078,
        "dvar2": 19.7410011292,
        "max": 46.6668891907,
        "mean": 4.31219673157,
        "median": 3.41096735001,
        "min": -1.30571806431,
        "var": 16.8305225372
    },
    "spectral_rms": {
        "dmean": 0.000603615946602,
        "dmean2": 0.000954892195296,
        "dvar": 7.17544310191e-07,
        "dvar2": 1.89762977243e-06,
        "max": 0.0245597139001,
        "mean": 0.00409775041044,
        "median": 0.00413806736469,
        "min": 3.16362604516e-12,
        "var": 5.56521263206e-06
    },
    "spectral_rolloff": {
        "dmean": 406.930999756,
        "dmean2": 677.607299805,
        "dvar": 1061918.25,
        "dvar2": 2051738,
        "max": 19207.6171875,
        "mean": 1655.29150391,
        "median": 1205.859375,
        "min": 64.599609375,
        "var": 3149616.25
    },
    "spectral_skewness": {
        "dmean": 0.264109641314,
        "dmean2": 0.430471241474,
        "dvar": 0.066635094583,
        "dvar2": 0.170183196664,
        "max": 4.93975639343,
        "mean": 1.4434005022,
        "median": 1.40096282959,
        "min": -0.53625190258,
        "var": 0.349826276302
    },
    "spectral_spread": {
        "dmean": 377833.0625,
        "dmean2": 567021.4375,
        "dvar": 354159099904,
        "dvar2": 616850456576,
        "max": 41698748,
        "mean": 3647596.5,
        "median": 3315385,
        "min": 1297809.75,
        "var": 1.98915679846e+12
    },
    "spectral_strongpeak": {
        "dmean": 0.575883448124,
        "dmean2": 0.964269042015,
        "dvar": 1.21653187275,
        "dvar2": 2.91604852676,
        "max": 25.1848182678,
        "mean": 1.09397315979,
        "median": 0.467843174934,
        "min": 0,
        "var": 2.39053416252
    },
    "zerocrossingrate": {
        "dmean": 0.00912696216255,
        "dmean2": 0.0102704241872,
        "dvar": 0.000255046848906,
        "dvar2": 0.000233291473705,
        "max": 0.65673828125,
        "mean": 0.0593286193907,
        "median": 0.05029296875,
        "min": 0.00439453125,
        "var": 0.0019652293995
    },
    "barkbands": {
        "dmean": [0.000191732979147, 0.00275216205046, 0.00124852417503, 0.000410459731938, 0.00142843474168, 0.000796200940385, 0.000696452276316, 0.000953854934778, 0.00144843384624, 0.000355441239662, 0.000397003022954, 0.000283396046143, 0.000427762715844, 0.000325100263581, 0.000294507481158, 0.000310319359414, 0.000192308492842, 0.000111286317406, 8.03108123364e-05, 9.75253569777e-05, 7.83157447586e-05, 7.30333122192e-05, 9.68769745668e-05, 0.000184602147783, 2.88699066004e-05, 4.66120155806e-07, 4.41781988769e-09],
        "dmean2": [0.000290663330816, 0.00489451130852, 0.00216004857793, 0.00070705532562, 0.00231251632795, 0.00125409371685, 0.00106070842594, 0.00149334443267, 0.00223877234384, 0.000552086159587, 0.000619247672148, 0.000453803455457, 0.000669712608214, 0.000517521344591, 0.000471292209113, 0.000473593856441, 0.000301916355966, 0.000176875706529, 0.000128195009893, 0.000153533110279, 0.000119052325317, 0.000110373744974, 0.000143747805851, 0.000260153145064, 4.63675933133e-05, 7.10978497409e-07, 8.59339621684e-09],
        "dvar": [2.24220343625e-06, 0.000111264052975, 1.5595149307e-05, 2.30863406614e-06, 3.0487359254e-05, 4.38867891717e-06, 3.41434861184e-06, 7.89449131844e-06, 1.76095491042e-05, 8.18882199383e-07, 1.24060375128e-06, 7.95194694092e-07, 1.77222761977e-06, 9.32916236707e-07, 7.1129591106e-07, 8.71100326094e-07, 3.08771944901e-07, 6.26645757507e-08, 5.1067377882e-08, 5.24525418655e-08, 1.32196120717e-07, 6.77029703411e-08, 1.74688636889e-07, 6.23774326414e-07, 3.26849942667e-08, 5.35780655953e-11, 2.51346100373e-14],
        "dvar2": [6.2917069954e-06, 0.00034264640999, 4.33261629951e-05, 6.50307038086e-06, 8.00825509941e-05, 1.06299567051e-05, 7.83792529546e-06, 1.93253890757e-05, 4.29570536653e-05, 1.70764167251e-06, 2.76448781733e-06, 1.80117592663e-06, 4.07709103456e-06, 2.23601159632e-06, 1.76975868271e-06, 1.94570748135e-06, 7.53865606384e-07, 1.59899769869e-07, 1.26338136397e-07, 1.20468868658e-07, 2.6972327305e-07, 1.44631385979e-07, 3.5112773844e-07, 1.19041681046e-06, 8.03962052487e-08, 1.20545823323e-10, 7.84705484727e-14],
        "max": [0.049764610827, 0.40126812458, 0.10787551105, 0.0702066123486, 0.355745434761, 0.050256434828, 0.0490284897387, 0.0769242271781, 0.0863838419318, 0.0368730425835, 0.0342199020088, 0.0298525393009, 0.0313274972141, 0.0237032938749, 0.0177753195167, 0.0252399425954, 0.0241646170616, 0.0103358253837, 0.0165071226656, 0.01031715516, 0.0212066955864, 0.0107159884647, 0.0210837759078, 0.0182810705155, 0.0130172660574, 0.000395925948396, 9.53347080213e-06],
        "mean": [0.000268892996246, 0.00404788833112, 0.00201958697289, 0.000591619638726, 0.00273038097657, 0.00158603093587, 0.00140520336572, 0.00165824964643, 0.00268749566749, 0.00069057289511, 0.000726056226995, 0.000463249976747, 0.000676405150443, 0.000526392192114, 0.000474236992886, 0.000602003303356, 0.000384851096896, 0.000226583390031, 0.000173935753992, 0.000203838571906, 0.000140257499879, 0.000131785011035, 0.000162943193573, 0.000297138671158, 3.94403286919e-05, 6.72311045946e-07, 2.73762545966e-09],
        "median": [1.33580551847e-05, 0.00140187237412, 0.00093381467741, 0.00020823412342, 0.000974268710706, 0.000487010460347, 0.000310026225634, 0.000202902650926, 0.000287177972496, 0.000178743517608, 0.000176268833457, 0.000113893314847, 0.000136632064823, 9.7057534731e-05, 0.000101868172351, 8.1087477156e-05, 7.26850994397e-05, 6.58192293486e-05, 4.78245856357e-05, 4.33569548477e-05, 2.50731027336e-05, 2.60433116637e-05, 1.87548557733e-05, 2.04115222004e-05, 1.11340466447e-06, 3.21623616628e-10, 3.4548028327e-10],
        "min": [3.0613766911e-23, 3.9876492774e-23, 1.16835104226e-23, 7.39787682687e-24, 1.00165562953e-22, 2.41346030164e-23, 3.58913599629e-23, 2.20240324857e-23, 2.31392451475e-23, 2.73948988734e-23, 5.44429324512e-23, 5.53186374758e-23, 6.48722289763e-23, 1.05124904273e-22, 2.09559081936e-22, 1.37726177835e-22, 1.36544918583e-22, 2.1233336059e-22, 2.25889348333e-22, 3.3738533309e-22, 2.97741500641e-22, 5.08108868393e-22, 4.29279222447e-22, 7.3256804346e-22, 1.20737390549e-21, 1.64823855377e-21, 2.11592134261e-21],
        "var": [2.99640987578e-06, 0.000135522699566, 1.76075045601e-05, 3.4887025322e-06, 4.67653226224e-05, 9.07118374016e-06, 1.04785858639e-05, 2.05886190088e-05, 4.66315577796e-05, 2.93254083772e-06, 3.64883635484e-06, 1.65381391071e-06, 3.32332115249e-06, 1.93135861082e-06, 1.24266989587e-06, 2.66507413471e-06, 9.76117348728e-07, 1.88017423852e-07, 1.41805713838e-07, 1.64068651998e-07, 3.87343931152e-07, 1.8416820069e-07, 4.20255219069e-07, 1.52975769652e-06, 9.44670190961e-08, 1.09149647654e-10, 1.30183797092e-14]
    },
    "erbbands": {
        "dmean": [0.0844948813319, 0.62961268425, 1.50332129002, 1.20673835278, 3.16500473022, 5.36587524414, 5.70604801178, 7.14978170395, 8.34598827362, 14.8512678146, 21.2946186066, 39.2219352722, 13.2444248199, 9.56527996063, 17.6643829346, 10.4135389328, 19.6898460388, 15.1734972, 15.0595912933, 16.5339164734, 12.500462532, 8.31124019623, 6.40060472488, 3.66822624207, 4.55417108536, 4.69849491119, 3.34345293045, 2.92057704926, 2.55389499664, 2.89553236961, 2.82004451752, 3.05347275734, 3.50924968719, 0.666043281555, 0.0473401919007, 0.00567435799167, 0.000219182737055, 2.34227500187e-05, 7.90999365563e-06, 9.12751238502e-06],
        "dmean2": [0.138736516237, 1.13898992538, 2.62482857704, 2.08868598938, 5.35721731186, 8.58156776428, 8.94900989532, 11.2667589188, 12.6655025482, 22.6474704742, 32.9088630676, 60.4646835327, 20.2836265564, 14.8835449219, 27.3488140106, 16.3487052917, 30.3926277161, 24.2398262024, 23.7581329346, 25.3092441559, 19.0514965057, 12.9749889374, 9.91210365295, 5.89501237869, 7.16801357269, 7.4171795845, 5.06299543381, 4.50821256638, 3.8173930645, 4.44508266449, 4.13526964188, 4.33853387833, 5.04703235626, 1.02470123768, 0.0685643255711, 0.00839560292661, 0.000327191897668, 3.48987086909e-05, 1.20777458505e-05, 1.45182511915e-05],
        "dvar": [0.167270034552, 5.47116947174, 26.0890102386, 13.8909339905, 145.313705444, 649.462402344, 252.499008179, 382.67364502, 384.178588867, 1779.69335938, 4345.00976562, 13956.1806641, 1226.49975586, 524.275146484, 2756.18383789, 965.672485352, 3840.85839844, 1879.32666016, 2163.68652344, 2417.89697266, 1419.43896484, 469.713378906, 216.075149536, 88.2014083862, 126.036247253, 112.175498962, 263.527160645, 138.221740723, 85.4421768188, 110.950004578, 199.541290283, 172.483520508, 241.482452393, 10.8373184204, 0.612408339977, 0.00881801918149, 5.21338370163e-06, 2.77301790419e-08, 1.13597553586e-09, 3.62160967882e-10],
        "dvar2": [0.520702600479, 16.9024353027, 74.9389419556, 39.7234764099, 418.179595947, 1608.65197754, 596.710205078, 946.213317871, 837.224182129, 4092.90063477, 10668.5673828, 34315.0117188, 2717.83007812, 1161.70275879, 6239.32666016, 2209.32714844, 8726.52539062, 4609.30029297, 5270.63818359, 5568.27441406, 3343.49267578, 1103.68762207, 529.122802734, 205.167312622, 301.358520508, 268.389190674, 560.725280762, 278.775787354, 183.41519165, 250.718475342, 397.109588623, 348.646942139, 491.287841797, 25.3445072174, 1.35959267616, 0.0194831229746, 1.16048713608e-05, 7.19248447467e-08, 3.08459324749e-09, 9.98603866265e-10],
        "max": [14.2392606735, 96.0425491333, 147.556640625, 158.198623657, 646.979125977, 1950.76403809, 526.551147461, 427.817474365, 613.745727539, 1324.59509277, 1966.87023926, 2675.74365234, 1206.7322998, 876.077758789, 1619.12243652, 1230.16821289, 1498.29431152, 1416.44604492, 1067.61877441, 1704.60961914, 1104.35498047, 791.28314209, 626.907958984, 726.011291504, 533.093139648, 435.092193604, 951.062438965, 528.910949707, 365.664703369, 369.413116455, 872.538879395, 340.109985352, 371.524658203, 159.590591431, 74.5149841309, 10.8948888779, 0.246194452047, 0.0123859476298, 0.00213455967605, 0.000927462242544],
        "mean": [0.128061890602, 0.85224211216, 2.43139982224, 2.06630682945, 4.90779924393, 10.0633983612, 11.7486629486, 13.4649085999, 18.2012233734, 29.1816806793, 38.631023407, 72.2956237793, 27.8176765442, 19.2073631287, 33.5874176025, 20.0059280396, 32.7344703674, 26.1947288513, 25.6219406128, 34.1090660095, 28.407497406, 19.1561527252, 13.595788002, 8.43059825897, 10.1428012848, 9.96927928925, 6.2082157135, 5.15984249115, 4.53184223175, 4.88417005539, 4.7220082283, 4.78338813782, 5.36296033859, 0.998718380928, 0.102330200374, 0.0121166054159, 0.000439809722593, 4.39514333266e-05, 2.07205357583e-05, 2.97108872473e-05],
        "median": [0.0198819022626, 0.371835827827, 1.10999882221, 1.09372925758, 1.71740818024, 2.86720728874, 3.59137749672, 4.59558153152, 6.08822917938, 4.67733192444, 6.2076125145, 7.74606275558, 6.93557453156, 5.77526521683, 8.04997444153, 6.01324462891, 7.12411594391, 6.39382600784, 5.76469898224, 5.36147594452, 4.43776607513, 4.15382099152, 4.11261224747, 2.70762205124, 2.46635532379, 2.11888027191, 1.31832015514, 0.863762438297, 0.846051394939, 0.821737289429, 0.49508780241, 0.377855569124, 0.32355850935, 0.0471478328109, 0.00124739995226, 9.42771002883e-05, 2.07697885344e-05, 4.89123385705e-06, 1.12014422484e-05, 2.23907009058e-05],
        "min": [1.43087261401e-21, 4.10480179875e-21, 1.34299057082e-20, 2.56882845621e-20, 6.58461293869e-20, 4.76788456039e-19, 3.0621913499e-19, 2.50811268839e-19, 4.839707619e-19, 5.59874199077e-19, 5.14217189685e-19, 5.57560213012e-19, 9.05790584694e-19, 9.94933667959e-19, 2.09727797923e-18, 2.29198740323e-18, 3.43796218309e-18, 6.07596874913e-18, 1.05146608615e-17, 5.45346942966e-18, 8.71384482743e-18, 8.51174971454e-18, 1.24252495532e-17, 1.10167007635e-17, 1.13731643223e-17, 1.53876620866e-17, 1.43716741905e-17, 1.30151434809e-17, 1.77745744622e-17, 1.30932409112e-17, 1.33078645017e-17, 1.56963460389e-17, 1.14704399352e-17, 1.09976193612e-17, 9.74126518677e-18, 5.71053607094e-18, 3.05454866633e-18, 1.25092300988e-18, 2.77169404908e-19, 3.15491500077e-20],
        "var": [0.21460737288, 5.25645828247, 27.7583007812, 20.0318126678, 191.914291382, 975.14642334, 803.416748047, 686.035522461, 1368.78222656, 5189.90234375, 11010.9658203, 35544.3632812, 4395.10302734, 1614.74304199, 7943.03515625, 2317.38037109, 7499.11572266, 3933.04980469, 3651.47216797, 7675.80664062, 5473.49316406, 1912.68652344, 666.184204102, 280.400268555, 433.090240479, 363.252441406, 614.540405273, 438.567596436, 229.647033691, 264.040649414, 442.28213501, 393.632354736, 537.773071289, 25.6576251984, 2.82229447365, 0.0370978787541, 2.30205987464e-05, 8.3048540489e-08, 2.67224931072e-09, 1.30298438705e-09]
    },
    "gfcc": {
        "mean": [-62.037689209, 133.482437134, -157.699447632, 48.0324935913, -74.0395050049, 18.2748069763, -30.4954929352, -5.39043331146, 0.345763266087, -21.2966938019, 8.69482707977, -21.406162262, 4.91052150726],
        "cov": [[7265.93066406, -506.85244751, 678.007019043, 886.574157715, -293.000091553, 401.457183838, -43.582901001, 538.112915039, 123.620292664, 214.100234985, 54.8145751953, -185.592773438, 4.89994478226], [-506.85244751, 1445.8996582, 255.885299683, -125.159095764, 348.296081543, -333.329193115, 147.288635254, -205.104522705, 63.4630203247, -110.701896667, 146.050125122, -1.59062206745, -2.79778170586], [678.007019043, 255.885299683, 1480.80505371, 565.06842041, 19.9743118286, 167.411087036, -81.9355010986, 87.2438354492, -34.2423553467, 105.87587738, 42.8568344116, 32.7349624634, -25.9486713409], [886.574157715, -125.159095764, 565.06842041, 567.430908203, 55.3323898315, 117.324966431, -65.6543121338, 111.109642029, 35.6226387024, 72.6742095947, -10.7542009354, -3.32540607452, 28.8394680023], [-293.000091553, 348.296081543, 19.9743118286, 55.3323898315, 287.276367188, -62.0145149231, 45.1604042053, -30.8173999786, 33.4872589111, -13.639134407, 14.5565280914, 19.2250499725, 38.1854286194], [401.457183838, -333.329193115, 167.411087036, 117.324966431, -62.0145149231, 364.671264648, 71.9770355225, 130.690948486, -16.9876976013, 45.8923606873, -11.0066633224, -31.8078575134, -17.4669647217], [-43.582901001, 147.288635254, -81.9355010986, -65.6543121338, 45.1604042053, 71.9770355225, 244.065246582, 22.1895275116, -2.80623650551, -13.4503641129, 36.8703918457, -7.13751792908, -27.0225906372], [538.112915039, -205.104522705, 87.2438354492, 111.109642029, -30.8173999786, 130.690948486, 22.1895275116, 220.975112915, 58.73254776, 42.9916954041, -13.2197389603, -36.9589614868, 1.90116775036], [123.620292664, 63.4630203247, -34.2423553467, 35.6226387024, 33.4872589111, -16.9876976013, -2.80623650551, 58.73254776, 139.234710693, 25.7690658569, 2.29543757439, -20.7902851105, 11.5677967072], [214.100234985, -110.701896667, 105.87587738, 72.6742095947, -13.639134407, 45.8923606873, -13.4503641129, 42.9916954041, 25.7690658569, 96.030128479, 15.6724004745, 7.54817581177, -3.80051660538], [54.8145751953, 146.050125122, 42.8568344116, -10.7542009354, 14.5565280914, -11.0066633224, 36.8703918457, -13.2197389603, 2.29543757439, 15.6724004745, 103.862487793, 26.773973465, -14.3867349625], [-185.592773438, -1.59062206745, 32.7349624634, -3.32540607452, 19.2250499725, -31.8078575134, -7.13751792908, -36.9589614868, -20.7902851105, 7.54817581177, 26.773973465, 90.151473999, 20.1854610443], [4.89994478226, -2.79778170586, -25.9486713409, 28.8394680023, 38.1854286194, -17.4669647217, -27.0225906372, 1.90116775036, 11.5677967072, -3.80051660538, -14.3867349625, 20.1854610443, 79.9405441284]],
        "icov": [[0.000238373075263, -0.000237519969232, 0.000188846795936, -0.000500360562, 0.000488207384478, -0.000104827879113, 9.11576134968e-05, -0.000467551522888, 0.000254068960203, -0.000364851788618, -0.000119926873595, 0.000227463824558, -0.000128417625092], [-0.000237519969232, 0.00453152088448, -0.00257092318498, 0.00248364917934, -0.00401658192277, 0.00307281059213, -0.00250388658606, 0.00281875114888, -0.00303746177815, 0.00425487617031, -0.00456311134622, 0.00405540317297, -0.0010841927724], [0.000188846795936, -0.00257092318498, 0.0027265290264, -0.00270572281443, 0.00225154659711, -0.00193819357082, 0.00173334847204, -0.00167553313076, 0.00230350554921, -0.00278693344444, 0.00200366345234, -0.00261324550956, 0.00144100922626], [-0.000500360562, 0.00248364917934, -0.00270572281443, 0.00556166050956, -0.0034581546206, 0.00109543045983, -0.00060855934862, 0.00122043618467, -0.00223698560148, 0.0017408747226, -0.00145897897892, 0.00187140482012, -0.0014392802259], [0.000488207384478, -0.00401658192277, 0.00225154659711, -0.0034581546206, 0.00855968613178, -0.00184951594565, 0.000548363430426, -0.00194377906155, 0.00156137894373, -0.00330500956625, 0.00338726048358, -0.00329945911653, -0.00139366742224], [-0.000104827879113, 0.00307281059213, -0.00193819357082, 0.00109543045983, -0.00184951594565, 0.00663424329832, -0.00336330290884, -0.000228374017752, -0.000373850722099, 0.00146434863564, -0.00253297016025, 0.00372081436217, -0.000980458804406], [9.11576134968e-05, -0.00250388658606, 0.00173334847204, -0.00060855934862, 0.000548363430426, -0.00336330290884, 0.0072344080545, -0.00223901681602, 0.0018241541693, -0.0011234866688, 0.00050170259783, -0.00236477376893, 0.00256090657786], [-0.000467551522888, 0.00281875114888, -0.00167553313076, 0.00122043618467, -0.00194377906155, -0.000228374017752, -0.00223901681602, 0.00993154756725, -0.00501154875383, 0.00159881124273, -0.00182592263445, 0.00353296496905, -0.00139081617817], [0.000254068960203, -0.00303746177815, 0.00230350554921, -0.00223698560148, 0.00156137894373, -0.000373850722099, 0.0018241541693, -0.00501154875383, 0.0122422194108, -0.00562960887328, 0.00195197074208, -3.3906319004e-05, -0.000338145357091], [-0.000364851788618, 0.00425487617031, -0.00278693344444, 0.0017408747226, -0.00330500956625, 0.00146434863564, -0.0011234866688, 0.00159881124273, -0.00562960887328, 0.0182823110372, -0.00608909409493, 0.00106956833042, 0.000437364302343], [-0.000119926873595, -0.00456311134622, 0.00200366345234, -0.00145897897892, 0.00338726048358, -0.00253297016025, 0.00050170259783, -0.00182592263445, 0.00195197074208, -0.00608909409493, 0.017585394904, -0.00855122320354, 0.00381803908385], [0.000227463824558, 0.00405540317297, -0.00261324550956, 0.00187140482012, -0.00329945911653, 0.00372081436217, -0.00236477376893, 0.00353296496905, -3.3906319004e-05, 0.00106956833042, -0.00855122320354, 0.0197966955602, -0.0063717099838], [-0.000128417625092, -0.0010841927724, 0.00144100922626, -0.0014392802259, -0.00139366742224, -0.000980458804406, 0.00256090657786, -0.00139081617817, -0.000338145357091, 0.000437364302343, 0.00381803908385, -0.0063717099838, 0.0171821918339]]
    },
    "melbands": {
        "dmean": [0.000743651762605, 0.000778817513492, 0.000247461517574, 0.000314414821332, 0.000208515688428, 0.00015630281996, 0.000131764289108, 0.000175284090801, 0.000190019738511, 0.00023563762079, 6.21607978246e-05, 3.91227913497e-05, 5.73163924855e-05, 3.58090619557e-05, 3.27821871906e-05, 4.38082170149e-05, 2.97472124657e-05, 2.75467809843e-05, 2.009626769e-05, 2.63012370851e-05, 1.48957769852e-05, 1.04597047539e-05, 8.34800539451e-06, 4.59276589027e-06, 3.18368984153e-06, 3.31845762958e-06, 3.96709219785e-06, 3.13222858495e-06, 2.12229747376e-06, 2.13766088564e-06, 1.79115954779e-06, 1.55821624048e-06, 1.5157826283e-06, 1.7439582507e-06, 1.70175985659e-06, 1.68581630078e-06, 2.05416858989e-06, 2.72091415354e-06, 1.96787300411e-06, 1.57919387789e-07],
        "dmean2": [0.00129234429915, 0.00137134687975, 0.000423929101089, 0.000517392007168, 0.000327002839185, 0.000245616858592, 0.000199254747713, 0.000268851988949, 0.000291894655675, 0.000362207967555, 9.52600676101e-05, 6.09181806794e-05, 8.91625968507e-05, 5.61126689718e-05, 5.12574588356e-05, 6.87344218022e-05, 4.78892761748e-05, 4.37615562987e-05, 3.19835926348e-05, 3.95483766624e-05, 2.2798010832e-05, 1.64472094184e-05, 1.32464001581e-05, 7.29442990632e-06, 5.17018224855e-06, 5.25307541466e-06, 6.35358446743e-06, 4.96173242936e-06, 3.22991991197e-06, 3.34258788826e-06, 2.78292463918e-06, 2.37171502704e-06, 2.37959216065e-06, 2.71466342383e-06, 2.5795077363e-06, 2.46660533776e-06, 2.97442625197e-06, 3.95771257899e-06, 3.00651527141e-06, 2.65543519617e-07],
        "dvar": [9.54256302066e-06, 7.45537272451e-06, 5.0521856565e-07, 1.91183016796e-06, 3.76449975192e-07, 1.6854153273e-07, 9.88706716498e-08, 2.27903655059e-07, 3.18533977861e-07, 4.92348647185e-07, 2.93720994193e-08, 9.66252233781e-09, 2.6327350966e-08, 1.18710659081e-08, 9.49675182937e-09, 2.1943330708e-08, 8.1924511619e-09, 7.67561747494e-09, 3.44808426256e-09, 6.6299086221e-09, 2.29380536787e-09, 8.97476204464e-10, 3.72481934185e-10, 1.08429140666e-10, 7.94559279482e-11, 8.77926897846e-11, 9.31576066288e-11, 5.45501838145e-11, 6.91655413498e-11, 1.75333442209e-10, 5.37709321513e-11, 3.48367758252e-11, 3.06460967714e-11, 4.24780453867e-11, 1.09262494885e-10, 4.89179877161e-11, 8.93736473717e-11, 1.54317142398e-10, 7.85727247155e-11, 3.83864771566e-12],
        "dvar2": [2.95392183034e-05, 2.22781527555e-05, 1.40788040426e-06, 5.10044174007e-06, 9.04257433376e-07, 4.1569211362e-07, 2.1745313461e-07, 5.26731184891e-07, 7.62972547363e-07, 1.20062554743e-06, 6.44682529582e-08, 2.08621830922e-08, 5.99721801109e-08, 2.61290260539e-08, 2.19884483954e-08, 5.17798426358e-08, 1.9920314287e-08, 1.85923045848e-08, 8.45324343857e-09, 1.42189806596e-08, 5.61313795444e-09, 2.14638107288e-09, 9.22501686151e-10, 2.76230677221e-10, 1.91635263214e-10, 2.19356366404e-10, 2.33200514455e-10, 1.30993299541e-10, 1.45245621086e-10, 3.5633193618e-10, 1.1596111571e-10, 7.56281495762e-11, 7.49185852245e-11, 9.62613808109e-11, 2.19362195075e-10, 9.86009399129e-11, 1.93210003552e-10, 3.28239518899e-10, 1.73284081528e-10, 1.04902328144e-11],
        "max": [0.103312537074, 0.0851945802569, 0.0288491528481, 0.0861288011074, 0.0339570939541, 0.00862101651728, 0.00940532796085, 0.0125364968553, 0.0157346352935, 0.0155069613829, 0.00581282936037, 0.00441454537213, 0.00478508137167, 0.00393546791747, 0.00227395887487, 0.00423202477396, 0.00306747714058, 0.00165643321816, 0.00132495793514, 0.00235144654289, 0.00156834826339, 0.0011187979253, 0.000772240688093, 0.000454359251307, 0.000668441294692, 0.000564104819205, 0.000434561050497, 0.000266694230959, 0.000348225381458, 0.000837658182718, 0.000305197172565, 0.000215905194636, 0.000231746307691, 0.000189315804164, 0.000739169365261, 0.000183811847819, 0.000250418408541, 0.000347279245034, 0.000206805911148, 0.000148912338773],
        "mean": [0.00110607862007, 0.00124623265583, 0.000432988337707, 0.000549620715901, 0.00044193668873, 0.000300398329273, 0.000281422486296, 0.00033405169961, 0.000344625412254, 0.000428928964538, 0.000122689205455, 7.26182479411e-05, 0.000108228225145, 6.3901024987e-05, 5.56698578293e-05, 6.78254655213e-05, 4.7341825848e-05, 4.28532075603e-05, 3.52902061422e-05, 5.01156646351e-05, 3.12795127684e-05, 2.18316781684e-05, 1.52851498569e-05, 9.34615763981e-06, 6.36034019408e-06, 6.68222401146e-06, 8.02732301963e-06, 6.08667824054e-06, 3.72412114302e-06, 3.48697972186e-06, 2.87071270577e-06, 2.56186285696e-06, 2.51781602856e-06, 2.74497006103e-06, 2.72412853519e-06, 2.65110088549e-06, 3.00578608403e-06, 3.98514157496e-06, 2.78487004834e-06, 2.38794882534e-07],
        "median": [0.00028549041599, 0.000634411931969, 0.000248356285738, 0.000175441644387, 0.000144763820572, 9.73400165094e-05, 8.24189628474e-05, 4.50154220744e-05, 4.6942361223e-05, 4.43265453214e-05, 2.85424885078e-05, 1.92779916688e-05, 2.60513897956e-05, 1.6521089492e-05, 1.41293339766e-05, 1.34449583129e-05, 9.99299663818e-06, 8.39622953208e-06, 7.27649057808e-06, 6.39131121716e-06, 4.58543354398e-06, 3.84050190405e-06, 4.23793153459e-06, 2.7894741379e-06, 1.94277504306e-06, 1.65780090811e-06, 1.54647557338e-06, 1.23205359159e-06, 7.71522195464e-07, 5.47594311229e-07, 4.21417041707e-07, 4.38590262775e-07, 4.86078761242e-07, 3.92701309693e-07, 2.79321000107e-07, 2.1653069382e-07, 2.11581109966e-07, 2.28000658353e-07, 1.45953720221e-07, 3.37742522838e-09],
        "min": [1.58370011393e-23, 9.7134336526e-24, 5.97634710908e-24, 1.84133798349e-23, 1.51752099487e-23, 5.16851764896e-24, 8.32481442292e-24, 5.80832762488e-24, 3.83731132153e-24, 3.61834167804e-24, 4.44105299914e-24, 3.57497720522e-24, 8.08769624544e-24, 6.31252649473e-24, 7.85363884828e-24, 8.1100565078e-24, 1.07766879908e-23, 1.5649058184e-23, 1.33671517979e-23, 5.73808074456e-24, 1.10924114243e-23, 9.13987182108e-24, 9.12952591031e-24, 9.19594484308e-24, 9.00806499673e-24, 8.13092266761e-24, 8.29122235899e-24, 1.1111996474e-23, 1.16449966555e-23, 5.00202382175e-24, 8.25112455918e-24, 1.03285297996e-23, 8.96459954971e-24, 6.8819286627e-24, 7.87021360476e-24, 7.61619566011e-24, 1.05257339819e-23, 7.39164009256e-24, 8.07321433695e-24, 9.43805177692e-24],
        "var": [1.2594886357e-05, 7.6771239037e-06, 9.03578666112e-07, 2.64803179562e-06, 9.80827849162e-07, 3.12949254067e-07, 3.40109977515e-07, 6.65047139137e-07, 8.52238827065e-07, 1.25064036638e-06, 1.02063395957e-07, 2.86320034348e-08, 8.32071904711e-08, 2.87249761755e-08, 1.90772624364e-08, 3.68331214418e-08, 1.5949181531e-08, 1.2886294698e-08, 7.05419367364e-09, 1.96986817969e-08, 8.36887892319e-09, 3.18213366768e-09, 9.13809805603e-10, 3.28377769421e-10, 1.91095944624e-10, 2.44120501591e-10, 2.60219013004e-10, 1.53934587299e-10, 1.70677791345e-10, 4.25073920507e-10, 1.36956376795e-10, 8.09797368051e-11, 6.89711898705e-11, 9.05147207186e-11, 2.08004127811e-10, 1.17809761946e-10, 1.73859385222e-10, 3.14916509536e-10, 1.51292867123e-10, 9.96525258146e-12]
    },
    "mfcc": {
        "mean": [-676.581237793, 129.506469727, -10.0401382446, 16.4313049316, -2.44220662117, 7.00962972641, -6.85748195648, 7.94994449615, -5.95322608948, 8.36763286591, -5.61426067352, 4.70429849625, -4.36731624603],
        "cov": [[6643.42724609, -897.010314941, 491.416381836, 428.668884277, -1.93920075893, 50.560836792, 3.5218102932, 201.552490234, 120.437332153, 422.077941895, 135.109146118, 203.461685181, 1.49535834789], [-897.010314941, 1456.66186523, -69.7051773071, 140.529220581, 79.1789779663, -51.8987960815, 51.3625411987, -31.8049888611, -117.487937927, -104.425170898, 47.2379875183, -46.2065162659, 46.7804908752], [491.416381836, -69.7051773071, 1344.09631348, 379.717712402, 258.121643066, 138.324279785, 102.953361511, 11.8203058243, 21.9698524475, -1.87810730934, 69.9197998047, 116.922813416, 22.6492710114], [428.668884277, 140.529220581, 379.717712402, 483.203094482, 224.443435669, 30.7086219788, -10.8977556229, -9.46285533905, 29.5540428162, 6.05727291107, -14.9037628174, 49.7135047913, 72.4771881104], [-1.93920075893, 79.1789779663, 258.121643066, 224.443435669, 302.845855713, 32.2457122803, -28.8875999451, -25.0038032532, 50.3931465149, 6.26993370056, -29.4266662598, 15.6890697479, 46.4728317261], [50.560836792, -51.8987960815, 138.324279785, 30.7086219788, 32.2457122803, 185.100906372, 83.5926437378, 35.5131607056, 13.4126434326, 21.8354263306, 25.5485858917, -0.911934733391, -19.1730918884], [3.5218102932, 51.3625411987, 102.953361511, -10.8977556229, -28.8875999451, 83.5926437378, 211.618469238, 69.9036712646, 1.06264269352, 4.57587814331, 44.7078933716, 3.769272089, -16.6523685455], [201.552490234, -31.8049888611, 11.8203058243, -9.46285533905, -25.0038032532, 35.5131607056, 69.9036712646, 143.727371216, 41.4075469971, 59.3404350281, 32.7749519348, 18.1277637482, -11.7606992722], [120.437332153, -117.487937927, 21.9698524475, 29.5540428162, 50.3931465149, 13.4126434326, 1.06264269352, 41.4075469971, 141.36177063, 67.0391464233, -5.64866304398, 4.66672754288, 2.81009030342], [422.077941895, -104.425170898, -1.87810730934, 6.05727291107, 6.26993370056, 21.8354263306, 4.57587814331, 59.3404350281, 67.0391464233, 164.424468994, 41.3641242981, 19.9304294586, -16.9654941559], [135.109146118, 47.2379875183, 69.9197998047, -14.9037628174, -29.4266662598, 25.5485858917, 44.7078933716, 32.7749519348, -5.64866304398, 41.3641242981, 119.148925781, 33.1765632629, -11.2303352356], [203.461685181, -46.2065162659, 116.922813416, 49.7135047913, 15.6890697479, -0.911934733391, 3.769272089, 18.1277637482, 4.66672754288, 19.9304294586, 33.1765632629, 104.147331238, 24.7644672394], [1.49535834789, 46.7804908752, 22.6492710114, 72.4771881104, 46.4728317261, -19.1730918884, -16.6523685455, -11.7606992722, 2.81009030342, -16.9654941559, -11.2303352356, 24.7644672394, 91.3496704102]],
