{
"lowlevel": {
    "average_loudness": 0.123400010169,
    "barkbands_crest": {
        "dmean": 2.30108547211,
        "dmean2": 3.78215646744,
        "dvar": 4.54457950592,
        "dvar2": 11.7114133835,
        "max": 24.9439067841,
        "mean": 9.25741863251,
        "median": 8.41225719452,
        "min": 2.20047926903,
        "var": 14.5045833588
    },
    "barkbands_flatness_db": {
        "dmean": 0.0176289882511,
        "dmean2": 0.0283262319863,
        "dvar": 0.000264425470959,
        "dvar2": 0.000636556011159,
        "max": 0.373821914196,
        "mean": 0.173762977123,
        "median": 0.167188242078,
        "min": 0.0286625996232,
        "var": 0.00189094850793
    },
    "barkbands_kurtosis": {
        "dmean": 2.14708995819,
        "dmean2": 3.41288924217,
        "dvar": 32.1938476562,
        "dvar2": 88.7181091309,
        "max": 220.709869385,
        "mean": 4.20860671997,
        "median": 1.81720113754,
        "min": -1.92264056206,
        "var": 92.6518783569
    },
    "barkbands_skewness": {
        "dmean": 0.398389577866,
        "dmean2": 0.615232586861,
        "dvar": 0.190879017115,
        "dvar2": 0.438105136156,
        "max": 13.2549571991,
        "mean": 1.33313572407,
        "median": 1.1095468998,
        "min": -2.07770943642,
        "var": 1.35970926285
    },
    "barkbands_spread": {
        "dmean": 4.11826229095,
        "dmean2": 6.37265777588,
        "dvar": 31.4085540771,
        "dvar2": 61.1605987549,
        "max": 101.896286011,
        "mean": 18.0414943695,
        "median": 15.7685956955,
        "min": 1.05151343346,
        "var": 137.502212524
    },
    "dissonance": {
        "dmean": 0.020599026233,
        "dmean2": 0.0348198823631,
        "dvar": 0.00038450959255,
        "dvar2": 0.00105932867154,
        "max": 0.500000059605,
        "mean": 0.459975749254,
        "median": 0.467236340046,
        "min": 0.234414190054,
        "var": 0.000981945777312
    },
    "dynamic_complexity": 4.78661346436,
    "erbbands_crest": {
        "dmean": 2.40731811523,
        "dmean2": 3.94664216042,
        "dvar": 5.13894224167,
        "dvar2": 13.111038208,
        "max": 30.1124019623,
        "mean": 9.07201004028,
        "median": 8.20369052887,
        "min": 2.23606133461,
        "var": 16.3462982178
    },
    "erbbands_flatness_db": {
        "dmean": 0.0147552313283,
        "dmean2": 0.022947974503,
        "dvar": 0.000191834464204,
        "dvar2": 0.00043015027768,
        "max": 0.366782188416,
        "mean": 0.200491935015,
        "median": 0.196648538113,
        "min": 0.0814596861601,
        "var": 0.00193759438116
    },
    "erbbands_kurtosis": {
        "dmean": 0.981359064579,
        "dmean2": 1.56820571423,
        "dvar": 1.58491098881,
        "dvar2": 3.93264770508,
        "max": 22.6717281342,
        "mean": 1.13226687908,
        "median": 0.484254956245,
        "min": -1.81887483597,
        "var": 5.20915412903
    },
    "erbbands_skewness": {
        "dmean": 0.335508286953,
        "dmean2": 0.52540743351,
        "dvar": 0.0921521410346,
        "dvar2": 0.212845906615,
        "max": 3.74982714653,
        "mean": 0.756018280983,
        "median": 0.73410320282,
        "min": -3.78436017036,
        "var": 0.520064413548
    },
    "erbbands_spread": {
        "dmean": 6.46856689453,
        "dmean2": 9.91690635681,
        "dvar": 63.7456932068,
        "dvar2": 140.475280762,
        "max": 161.580352783,
        "mean": 32.0338668823,
        "median": 27.4781265259,
        "min": 4.00776290894,
        "var": 326.511535645
    },
    "hfc": {
        "dmean": 4.84827518463,
        "dmean2": 7.32378196716,
        "dvar": 62.7804679871,
        "dvar2": 134.171310425,
        "max": 479.293243408,
        "mean": 18.884771347,
        "median": 10.7893152237,
        "min": 1.10104767257e-16,
        "var": 482.836120605
    },
    "melbands_crest": {
        "dmean": 2.99956154823,
        "dmean2": 4.96053647995,
        "dvar": 8.0829372406,
        "dvar2": 21.1944255829,
        "max": 36.3210487366,
        "mean": 12.6000556946,
        "median": 11.5406780243,
        "min": 2.30869412422,
        "var": 27.2008266449
    },
    "melbands_flatness_db": {
        "dmean": 0.0204448346049,
        "dmean2": 0.0311143957078,
        "dvar": 0.000412479159422,
        "dvar2": 0.000899487058632,
        "max": 0.478569895029,
        "mean": 0.199088424444,
        "median": 0.184804856777,
        "min": 0.0061876620166,
        "var": 0.00433890288696
    },
    "melbands_kurtosis": {
        "dmean": 4.91958618164,
        "dmean2": 7.83852481842,
        "dvar": 263.808959961,
        "dvar2": 714.901306152,
        "max": 878.567077637,
        "mean": 11.164648056,
        "median": 4.80815219879,
        "min": -1.62693619728,
        "var": 740.921386719
    },
    "melbands_skewness": {
        "dmean": 0.546157300472,
        "dmean2": 0.845763325691,
        "dvar": 0.435982078314,
        "dvar2": 1.00151133537,
        "max": 23.416595459,
        "mean": 2.03528642654,
        "median": 1.63010787964,
        "min": -1.42745375633,
        "var": 2.83242797852
    },
    "melbands_spread": {
        "dmean": 4.89063405991,
        "dmean2": 7.66575145721,
        "dvar": 56.3800239563,
        "dvar2": 121.461288452,
        "max": 221.2003479,
        "mean": 21.4273948669,
        "median": 19.0964126587,
        "min": 0.654622972012,
        "var": 234.859542847
    },
    "pitch_salience": {
        "dmean": 0.06231578812,
        "dmean2": 0.102362185717,
        "dvar": 0.00327161769383,
        "dvar2": 0.00850585941225,
        "max": 0.8690071702,
        "mean": 0.580135881901,
        "median": 0.581817388535,
        "min": 0.105914637446,
        "var": 0.0116732064635
    },
    "silence_rate_20dB": {
        "dmean": 0.000594707089476,
        "dmean2": 0.00118953210767,
        "dvar": 0.000594474899117,
        "dvar2": 0.00158417259809,
        "max": 1,
        "mean": 0.999603569508,
        "median": 1,
        "min": 0,
        "var": 0.000396355142584
    },
    "silence_rate_30dB": {
        "dmean": 0.000991178560071,
        "dmean2": 0.0019825536292,
        "dvar": 0.000990167609416,
        "dvar2": 0.00257327384315,
        "max": 1,
        "mean": 0.995242834091,
        "median": 1,
        "min": 0,
        "var": 0.00473481044173
    },
    "silence_rate_60dB": {
        "dmean": 0.022202398628,
        "dmean2": 0.0444092005491,
        "dvar": 0.021705860272,
        "dvar2": 0.0525562912226,
        "max": 1,
        "mean": 0.159068390727,
        "median": 0,
        "min": 0,
        "var": 0.133742496371
    },
    "spectral_centroid": {
        "dmean": 181.029037476,
        "dmean2": 278.892303467,
        "dvar": 48231.484375,
        "dvar2": 97551.984375,
        "max": 11006.7167969,
        "mean": 1198.48254395,
        "median": 1139.12316895,
        "min": 188.600662231,
        "var": 313282.90625
    },
    "spectral_complexity": {
        "dmean": 2.82049751282,
        "dmean2": 4.59377479553,
        "dvar": 9.56901264191,
        "dvar2": 23.5942287445,
        "max": 65,
        "mean": 16.082359314,
        "median": 15,
        "min": 0,
        "var": 86.3357772827
    },
    "spectral_decrease": {
        "dmean": 1.77844483584e-09,
        "dmean2": 2.85946821776e-09,
        "dvar": 1.11125908489e-17,
        "dvar2": 3.05341447764e-17,
        "max": 5.72946704715e-29,
        "mean": -6.52181153526e-09,
        "median": -5.43146505549e-09,
        "min": -1.2776821734e-07,
        "var": 3.86921970241e-17
    },
    "spectral_energy": {
        "dmean": 0.00705407606438,
        "dmean2": 0.0113293342292,
        "dvar": 0.000167085803696,
        "dvar2": 0.000457338726847,
        "max": 0.509849309921,
        "mean": 0.0263277869672,
        "median": 0.0217905640602,
        "min": 1.02922771666e-20,
        "var": 0.000617203186266
    },
    "spectral_energyband_high": {
        "dmean": 0.000270501390332,
        "dmean2": 0.000399798213039,
        "dvar": 4.92671347274e-07,
        "dvar2": 9.17102454423e-07,
        "max": 0.0409742221236,
        "mean": 0.000713553512469,
        "median": 0.000229688084801,
        "min": 7.32507287286e-21,
        "var": 2.68783242063e-06
    },
    "spectral_energyband_low": {
        "dmean": 0.00357736367732,
        "dmean2": 0.00590681098402,
        "dvar": 0.000108132830064,
        "dvar2": 0.000310461677145,
        "max": 0.378257781267,
        "mean": 0.00800671707839,
        "median": 0.00574732292444,
        "min": 9.17315354713e-23,
        "var": 0.000179758892045
    },
    "spectral_energyband_middle_high": {
        "dmean": 0.00208230153657,
        "dmean2": 0.0032272762619,
        "dvar": 1.73256757989e-05,
        "dvar2": 4.48283426522e-05,
        "max": 0.0796038135886,
        "mean": 0.00608733389527,
        "median": 0.00226609641686,
        "min": 1.52765173594e-21,
        "var": 8.00785419415e-05
    },
    "spectral_energyband_middle_low": {
        "dmean": 0.00398546876386,
        "dmean2": 0.00631717545912,
        "dvar": 5.00074456795e-05,
        "dvar2": 0.000135045091156,
        "max": 0.354327321053,
        "mean": 0.012175720185,
        "median": 0.00783083681017,
        "min": 2.58643307502e-22,
        "var": 0.000174005457666
    },
    "spectral_entropy": {
        "dmean": 0.129957601428,
        "dmean2": 0.197095692158,
        "dvar": 0.0191146582365,
        "dvar2": 0.0391555540264,
        "max": 9.80096530914,
        "mean": 7.54375314713,
        "median": 7.60007476807,
        "min": 6.00760507584,
        "var": 0.125776186585
    },
    "spectral_flux": {
        "dmean": 0.0180865433067,
        "dmean2": 0.028372168541,
        "dvar": 0.000495906104334,
        "dvar2": 0.00116422283463,
        "max": 0.513971924782,
        "mean": 0.0756831094623,
        "median": 0.068638458848,
        "min": 6.5721657283e-11,
        "var": 0.00226401421241
    },
    "spectral_kurtosis": {
        "dmean": 1.85660409927,
        "dmean2": 3.21597862244,
        "dvar": 4.29668092728,
        "dvar2": 12.9895296097,
        "max": 27.7845802307,
        "mean": 3.46614575386,
        "median": 2.6542494297,
        "min": -1.31302499771,
        "var": 9.4968957901
    },
    "spectral_rms": {
        "dmean": 0.000606150657404,
        "dmean2": 0.000956567935646,
        "dvar": 5.79219204155e-07,
        "dvar2": 1.43212400872e-06,
        "max": 0.0223027803004,
        "mean": 0.00451807584614,
        "median": 0.00461075780913,
        "min": 3.16879248535e-12,
        "var": 5.27262136529e-06
    },
    "spectral_rolloff": {
        "dmean": 298.008514404,
        "dmean2": 500.008880615,
        "dvar": 421288.8125,
        "dvar2": 891829.6875,
        "max": 18712.3535156,
        "mean": 1230.00622559,
        "median": 990.52734375,
        "min": 64.599609375,
        "var": 1308502.375
    },
    "spectral_skewness": {
        "dmean": 0.235863387585,
        "dmean2": 0.385871052742,
        "dvar": 0.0516568720341,
        "dvar2": 0.132842168212,
        "max": 3.93096637726,
        "mean": 1.37926971912,
        "median": 1.33439576626,
        "min": -0.158453330398,
        "var": 0.212369844317
    },
    "spectral_spread": {
        "dmean": 340129.25,
        "dmean2": 526367.5,
        "dvar": 239680110592,
        "dvar2": 461164544000,
        "max": 41111884,
        "mean": 3811941.75,
        "median": 3805232.5,
        "min": 1781876,
        "var": 1.35827161088e+12
    },
    "spectral_strongpeak": {
        "dmean": 0.53019630909,
        "dmean2": 0.903140544891,
        "dvar": 0.776435017586,
        "dvar2": 1.89777553082,
        "max": 21.5798683167,
        "mean": 1.04551231861,
        "median": 0.409814119339,
        "min": 0,
        "var": 1.87804889679
    },
    "zerocrossingrate": {
        "dmean": 0.00703630270436,
        "dmean2": 0.00850837863982,
        "dvar": 9.85029255389e-05,
        "dvar2": 0.000107199557533,
        "max": 0.64306640625,
        "mean": 0.0528447106481,
        "median": 0.05029296875,
        "min": 0.001953125,
        "var": 0.000955400930252
    },
    "barkbands": {
        "dmean": [0.000482181814732, 0.00269372877665, 0.00120778894052, 0.000666888838168, 0.00126895494759, 0.000978497671895, 0.000820753921289, 0.000861158943735, 0.00158467004076, 0.000998502247967, 0.000852879020385, 0.000471951585496, 0.000378810043912, 0.000338651181664, 0.000227383308811, 0.000163852469996, 9.3936752819e-05, 7.79137044447e-05, 8.95723205758e-05, 8.55344696902e-05, 8.38265041239e-05, 6.63098617224e-05, 7.85994561738e-05, 6.48623026791e-05, 1.42788130688e-05, 3.38999825544e-07, 2.33820274254e-09],
        "dmean2": [0.000742630450986, 0.00442229956388, 0.00206664367579, 0.00113708444405, 0.00207482557744, 0.00157357391436, 0.00128042325377, 0.00134721409995, 0.00253252405673, 0.00163136329502, 0.00139520585071, 0.000755773449782, 0.000591887102928, 0.000545740826055, 0.000363523402484, 0.000263392401394, 0.000151803920744, 0.000127022227389, 0.000144994090078, 0.00013663903519, 0.000130078726215, 0.000107287756691, 0.000119390264445, 9.51997863012e-05, 2.3815626264e-05, 5.27660972693e-07, 4.48123360641e-09],
        "dvar": [2.39454925577e-06, 6.81567544234e-05, 1.16019455163e-05, 2.45702290158e-06, 2.08405945159e-05, 4.42491182184e-06, 2.97262431559e-06, 4.46614376415e-06, 1.49511388372e-05, 7.20619118511e-06, 6.01699412073e-06, 1.49596314714e-06, 1.16024568797e-06, 9.79017954705e-07, 3.20802001852e-07, 1.90783751464e-07, 4.51192825324e-08, 3.12834238514e-08, 4.12344931533e-08, 3.09495469253e-08, 6.7992601771e-08, 2.86660348792e-08, 7.43142578585e-08, 7.05746927565e-08, 1.4265049586e-08, 2.89742240617e-11, 6.54983176596e-15],
        "dvar2": [6.00295152253e-06, 0.000200590307941, 3.21638799505e-05, 7.26393727746e-06, 5.47757190361e-05, 1.09901375254e-05, 7.0537753345e-06, 1.07364130599e-05, 4.01447832701e-05, 1.9245686417e-05, 1.66860427271e-05, 3.68308906218e-06, 2.63871493189e-06, 2.51231176662e-06, 7.81173469022e-07, 4.59547777609e-07, 9.74830385303e-08, 7.80175639647e-08, 1.02108657529e-07, 7.36510514798e-08, 1.4209587107e-07, 6.98498752172e-08, 1.47596665556e-07, 1.31830006467e-07, 3.55436569066e-08, 6.39968980587e-11, 1.95873048683e-14],
        "max": [0.0393943935633, 0.327532887459, 0.0865663588047, 0.0607611387968, 0.306037098169, 0.0440824441612, 0.0316754281521, 0.0416691862047, 0.0911084786057, 0.0486827790737, 0.048398245126, 0.0270249992609, 0.0264238677919, 0.023115510121, 0.0137149309739, 0.0106440586969, 0.011619174853, 0.00797333940864, 0.0130098480731, 0.0086477920413, 0.0151618206874, 0.00847140140831, 0.0167312845588, 0.0128475669771, 0.0104500325397, 0.000298740545986, 5.76065394853e-06],
        "mean": [0.000676741357893, 0.00529285054654, 0.00159651087597, 0.00101831241045, 0.00238593597896, 0.00184576679021, 0.00185132701881, 0.00153816142119, 0.0030732054729, 0.00164270715322, 0.00140065536834, 0.00080502720084, 0.000626370601822, 0.000547258765437, 0.000380718673114, 0.000301189051243, 0.000195414962946, 0.000163550386787, 0.000180804971023, 0.000184904274647, 0.000177527719643, 0.000124466707348, 0.000163729084306, 0.000132003595354, 2.21541395149e-05, 5.05378750404e-07, 1.6438491679e-09],
        "median": [0.000130368367536, 0.00353224319406, 0.000721592223272, 0.000503572984599, 0.00109054252971, 0.000656484044157, 0.000561082735658, 0.000292449491099, 0.000647027860396, 0.000329448725097, 0.00021455809474, 0.000195733606233, 0.000139710013173, 0.000135786016472, 0.000118764866784, 0.000106020699604, 9.36121941777e-05, 8.74509278219e-05, 7.89537662058e-05, 6.61437370582e-05, 4.66910787509e-05, 3.60895719496e-05, 4.56202178611e-05, 3.83230362786e-05, 1.99078021978e-06, 3.61820295947e-10, 3.71891906159e-10],
        "min": [3.62168605385e-24, 2.20685494843e-23, 3.05892238705e-23, 1.77683503609e-23, 2.78652303668e-23, 5.69583195772e-23, 2.80826814531e-23, 2.13120697416e-23, 3.80547889074e-23, 1.12210023783e-22, 4.86268629454e-23, 4.06318365571e-23, 2.90487962482e-23, 2.21889810922e-22, 1.60772755492e-22, 1.2735577451e-22, 1.27255797434e-22, 1.14281850199e-22, 2.98545734867e-22, 2.09892549218e-22, 3.88005969398e-22, 4.28791920977e-22, 6.01802824739e-22, 6.84036361316e-22, 1.11067112006e-21, 1.33979116303e-21, 2.50658242849e-21],
        "var": [3.6545382045e-06, 9.33624032768e-05, 1.14334688988e-05, 3.60501098839e-06, 3.24549728248e-05, 1.14667645903e-05, 1.09515876829e-05, 1.09263728518e-05, 4.14907481172e-05, 1.41818527482e-05, 1.26871082102e-05, 3.18461411553e-06, 2.62250750893e-06, 1.80627750979e-06, 6.06673040693e-07, 4.41377352445e-07, 1.67231434034e-07, 9.6172705355e-08, 1.06458536209e-07, 9.57445465133e-08, 2.31951858609e-07, 8.16204348553e-08, 2.03139379096e-07, 2.06401438163e-07, 4.99695822498e-08, 6.10218403585e-11, 3.31531130775e-15]
    },
    "erbbands": {
        "dmean": [0.112888492644, 0.561120152473, 1.33430254459, 1.73982608318, 3.06311321259, 4.79640722275, 6.09142208099, 9.50883674622, 9.83924865723, 15.1145620346, 19.7705287933, 28.8118152618, 40.2632713318, 29.0438652039, 27.5552558899, 15.7962970734, 15.81295681, 15.6334514618, 12.7932844162, 10.5179338455, 7.34325742722, 5.06056022644, 4.13839387894, 4.29989242554, 4.19052219391, 3.73273563385, 3.69578480721, 3.15086102486, 2.39523911476, 2.37891030312, 2.22917819023, 1.49655115604, 1.03836810589, 0.259041756392, 0.0300046559423, 0.00401525991037, 0.000130608255859, 1.07257874333e-05, 4.9876293815e-06, 8.37808966025e-06],
        "dmean2": [0.181718558073, 0.932973325253, 2.30221152306, 2.94343519211, 5.20294809341, 7.76599693298, 9.64438247681, 15.4096975327, 15.2317142487, 23.3951911926, 30.8667545319, 46.0413627625, 64.3793487549, 47.7360954285, 44.6859703064, 25.0477848053, 24.4836654663, 24.5627365112, 20.497013092, 16.7772026062, 11.7333240509, 8.07622528076, 6.7033457756, 6.89178514481, 6.80178117752, 5.93073558807, 5.96504020691, 4.87425422668, 3.89996623993, 3.71203517914, 3.40490937233, 2.20113420486, 1.55214476585, 0.422973483801, 0.0410213135183, 0.00592705747113, 0.000192479099496, 1.60923118528e-05, 7.76333945396e-06, 1.34051397254e-05],
        "dvar": [0.124487884343, 3.26664686203, 18.0409240723, 14.5468254089, 86.823387146, 454.159912109, 238.984268188, 483.410247803, 476.073883057, 1160.87683105, 2007.20166016, 4753.96289062, 9101.05175781, 7085.75439453, 6153.26464844, 1689.67663574, 1962.64709473, 1851.44274902, 1308.50610352, 622.112243652, 335.857208252, 130.647369385, 94.5230407715, 85.3562850952, 86.4803161621, 51.8693504333, 146.727172852, 63.1653518677, 38.6059913635, 40.2425765991, 94.0052871704, 39.7572555542, 16.3724193573, 2.89707016945, 0.374277472496, 0.00565258972347, 3.20979961543e-06, 1.04305541981e-08, 3.42777639606e-10, 2.32193445027e-10],
        "dvar2": [0.370810002089, 9.56821346283, 51.1685752869, 42.1158180237, 256.852996826, 1122.43615723, 565.039550781, 1251.05249023, 1126.77844238, 2623.56591797, 4695.99267578, 12528.9277344, 23706.8457031, 19511.8222656, 16942.2402344, 4173.08886719, 4500.42138672, 4415.46826172, 3148.88134766, 1491.83032227, 782.890930176, 263.745483398, 231.595703125, 195.477294922, 226.60710144, 120.899360657, 322.458618164, 141.508422852, 96.9079208374, 88.8104705811, 185.439971924, 74.1179351807, 32.1614646912, 7.64569997787, 0.837028384209, 0.0120928455144, 7.02426905264e-06, 2.53048462184e-08, 9.1647811562e-10, 6.2833571679e-10],
        "max": [11.0565071106, 78.5043716431, 118.429855347, 129.324172974, 515.502868652, 1661.07006836, 446.440490723, 550.804870605, 574.559082031, 643.101867676, 906.133239746, 1573.0098877, 1410.21496582, 2507.60986328, 1990.89245605, 1145.50219727, 1280.43103027, 1063.25463867, 1144.1081543, 592.641723633, 690.502563477, 606.489990234, 474.162567139, 638.978088379, 368.349395752, 357.922180176, 681.030151367, 405.861419678, 298.901916504, 308.024414062, 692.413757324, 336.34777832, 164.124404907, 129.617904663, 62.1274604797, 8.72862625122, 0.196539118886, 0.0100468210876, 0.00136555195786, 0.000751150131691],
        "mean": [0.204468473792, 0.981971144676, 1.78883874416, 2.89230108261, 5.15966176987, 8.5867023468, 11.0609922409, 17.5332794189, 21.9580211639, 32.2753829956, 39.736328125, 56.8511695862, 72.2292327881, 52.5854301453, 49.0683860779, 29.6320915222, 28.8491210938, 28.0934085846, 23.178396225, 19.5704364777, 15.0182390213, 11.3778409958, 9.14646530151, 9.27853488922, 9.07562351227, 8.33380889893, 7.70301961899, 6.27420949936, 4.43418836594, 4.6877617836, 4.62568998337, 3.01528453827, 1.99123489857, 0.448894530535, 0.070745781064, 0.00884641706944, 0.000291193980956, 2.61813747784e-05, 1.83317915798e-05, 3.21511579386e-05],
        "median": [0.119982376695, 0.599939763546, 0.883852720261, 1.69084143639, 2.45328235626, 3.19659304619, 4.35705566406, 5.65515232086, 8.65849018097, 8.55906105042, 8.71156978607, 14.4746589661, 14.9850730896, 11.1796798706, 9.28229618073, 7.99379825592, 7.32813358307, 7.57979297638, 6.93378973007, 7.09643411636, 5.9618434906, 5.75462055206, 4.93855762482, 4.78269004822, 3.75732851028, 3.161662817, 2.21271753311, 1.63310933113, 1.25812840462, 1.30202901363, 1.26710939407, 0.814183056355, 0.57505273819, 0.084163993597, 0.00222113681957, 0.000153023109306, 2.84536381514e-05, 6.3591869548e-06, 1.31698288897e-05, 2.6229847208e-05],
        "min": [1.18387498868e-21, 4.01904320251e-21, 2.31342238648e-20, 7.13186141479e-20, 1.51371079417e-19, 5.61281982931e-20, 2.00480171999e-19, 6.1045562145e-19, 3.20586564297e-19, 2.57135193869e-19, 5.43772249574e-19, 8.55928447562e-19, 2.47369416839e-18, 3.15676316783e-18, 1.14172400209e-18, 1.7394754218e-18, 1.96825207254e-18, 8.6257500922e-18, 8.34827566444e-18, 6.18559954521e-18, 8.38125121956e-18, 7.99341435447e-18, 6.15238203976e-18, 1.0608838683e-17, 1.31422852769e-17, 1.02601539307e-17, 1.5331377409e-17, 1.52642517023e-17, 1.61420259898e-17, 1.5065749862e-17, 1.72853087104e-17, 1.24836352695e-17, 1.41974898058e-17, 1.12738819693e-17, 7.7422012568e-18, 5.67733717706e-18, 2.55948954832e-18, 1.32447249783e-18, 3.04417147875e-19, 3.43899305693e-20],
        "var": [0.159666761756, 3.62544870377, 17.1587657928, 20.4801387787, 134.063522339, 691.065673828, 493.93661499, 1267.93347168, 1420.40197754, 3956.13110352, 5833.29785156, 12367.5039062, 20435.234375, 15345.6630859, 13747.8105469, 3844.90234375, 4779.82324219, 4220.42480469, 2572.71704102, 1346.44067383, 864.33001709, 561.509887695, 329.234222412, 235.305679321, 263.881408691, 177.765579224, 392.42376709, 229.140686035, 104.3957901, 122.552429199, 219.164291382, 110.061882019, 46.3123054504, 8.48898696899, 1.69765019417, 0.0224855318666, 1.35631562443e-05, 4.07625186938e-08, 1.12781317618e-09, 9.72801839083e-10]
    },
    "gfcc": {
        "mean": [-44.9691123962, 134.512313843, -155.913085938, 49.2783622742, -78.0773544312, 22.8079509735, -24.6645202637, -1.26255309582, 3.53922343254, -20.5350265503, 8.99516201019, -20.3664569855, 7.51483774185],
        "cov": [[7261.20507812, -155.985855103, 802.18939209, 743.195373535, -583.663879395, 465.390716553, 34.1352882385, 223.848526001, -45.3298873901, 264.764923096, 167.830032349, 18.5310325623, 136.777572632], [-155.985855103, 1042.48620605, 523.765258789, 128.317138672, 295.863769531, -153.406921387, 98.9764556885, -84.2619476318, 107.083900452, -21.8748912811, 119.300437927, -44.5894088745, 15.515871048], [802.18939209, 523.765258789, 1368.97680664, 604.613952637, 132.895477295, 83.1323623657, -109.611671448, 50.1093406677, 7.25559091568, 112.565727234, 49.2403945923, -9.69862651825, -19.3540477753], [743.195373535, 128.317138672, 604.613952637, 517.453918457, 98.2846603394, 55.0752372742, -66.195526123, 11.0359649658, 20.6072254181, 49.7131729126, -8.2580947876, 12.818860054, 13.1190481186], [-583.663879395, 295.863769531, 132.895477295, 98.2846603394, 340.296600342, -30.6500358582, 51.8660316467, -17.3185691833, 44.5070991516, -13.757443428, -7.00745010376, 2.65396380424, 11.6639595032], [465.390716553, -153.406921387, 83.1323623657, 55.0752372742, -30.6500358582, 223.555557251, 46.2378196716, 61.7784843445, -44.8911323547, 32.0380859375, 2.65574526787, -0.764936029911, -1.82487094402], [34.1352882385, 98.9764556885, -109.611671448, -66.195526123, 51.8660316467, 46.2378196716, 206.11630249, 26.9552879333, 18.2798290253, -13.3606386185, 16.3971576691, 10.5668106079, 4.28348922729], [223.848526001, -84.2619476318, 50.1093406677, 11.0359649658, -17.3185691833, 61.7784843445, 26.9552879333, 127.363220215, 21.3826885223, 22.2194671631, -10.2503223419, -0.69087189436, 3.71986627579], [-45.3298873901, 107.083900452, 7.25559091568, 20.6072254181, 44.5070991516, -44.8911323547, 18.2798290253, 21.3826885223, 112.606201172, 7.85817337036, 1.78689396381, 0.182991862297, 8.49382019043], [264.764923096, -21.8748912811, 112.565727234, 49.7131729126, -13.757443428, 32.0380859375, -13.3606386185, 22.2194671631, 7.85817337036, 100.838882446, 40.1348571777, 9.27710819244, -6.31441068649], [167.830032349, 119.300437927, 49.2403945923, -8.2580947876, -7.00745010376, 2.65574526787, 16.3971576691, -10.2503223419, 1.78689396381, 40.1348571777, 106.967948914, 22.7783622742, 0.263631314039], [18.5310325623, -44.5894088745, -9.69862651825, 12.818860054, 2.65396380424, -0.764936029911, 10.5668106079, -0.69087189436, 0.182991862297, 9.27710819244, 22.7783622742, 72.8713302612, 22.6340713501], [136.777572632, 15.515871048, -19.3540477753, 13.1190481186, 11.6639595032, -1.82487094402, 4.28348922729, 3.71986627579, 8.49382019043, -6.31441068649, 0.263631314039, 22.6340713501, 65.2879714966]],
        "icov": [[0.000331224320689, -0.00033201937913, 0.000256546773016, -0.000771376187913, 0.000905642460566, -0.000441714015324, -0.000123787554912, -0.000404303602409, 0.000226148971706, -0.000541843939573, -0.000111400273454, 0.000169361883309, -0.000667030573823], [-0.00033201937913, 0.00618160609156, -0.00367724779062, 0.00254391785711, -0.00363604933955, 0.00361642590724, -0.00357225770131, 0.0038104292471, -0.00349760614336, 0.00432983320206, -0.00675775529817, 0.00610053632408, -0.00282067223452], [0.000256546773016, -0.00367724779062, 0.00400229496881, -0.00363357574679, 0.00192650477402, -0.0020921244286, 0.00252554705366, -0.00315372250043, 0.00261352956295, -0.00310564786196, 0.00277427025139, -0.00278686406091, 0.00217892765068], [-0.000771376187913, 0.00254391785711, -0.00363357574679, 0.00708695780486, -0.0034573955927, 0.000792193226516, -9.78724492597e-05, 0.00317435944453, -0.00278861331753, 0.00188426172826, -2.28733042604e-05, 0.000139115960337, -0.000527475611307], [0.000905642460566, -0.00363604933955, 0.00192650477402, -0.0034573955927, 0.00748405186459, -0.00215436564758, -6.24725507805e-05, -0.00179387175012, 0.00105692551006, -0.0027744716499, 0.00339923473075, -0.00240570004098, -0.000643887382466], [-0.000441714015324, 0.00361642590724, -0.0020921244286, 0.000792193226516, -0.00215436564758, 0.00950726587325, -0.00401397189125, -0.00083856418496, 0.00189996848349, 0.000989049207419, -0.00340757216327, 0.00398946553469, -0.00127252284437], [-0.000123787554912, -0.00357225770131, 0.00252554705366, -9.78724492597e-05, -6.24725507805e-05, -0.00401397189125, 0.00910634920001, -0.00300725619309, 0.000505092204548, -0.000548241019715, 0.00264219730161, -0.00484826089814, 0.00290087540634], [-0.000404303602409, 0.0038104292471, -0.00315372250043, 0.00317435944453, -0.00179387175012, -0.00083856418496, -0.00300725619309, 0.0136373769492, -0.00578647386283, 0.000961665005889, -0.00114057085011, 0.0029777479358, -0.0020958664827], [0.000226148971706, -0.00349760614336, 0.00261352956295, -0.00278861331753, 0.00105692551006, 0.00189996848349, 0.000505092204548, -0.00578647386283, 0.014217171818, -0.0042249718681, 0.00332100712694, -0.00214265170507, 0.000324536726112], [-0.000541843939573, 0.00432983320206, -0.00310564786196, 0.00188426172826, -0.0027744716499, 0.000989049207419, -0.000548241019715, 0.000961665005889, -0.0042249718681, 0.0177864208817, -0.00963437650353, 0.00279831280932, 0.000650063739158], [-0.000111400273454, -0.00675775529817, 0.00277427025139, -2.28733042604e-05, 0.00339923473075, -0.00340757216327, 0.00264219730161, -0.00114057085011, 0.00332100712694, -0.00963437650353, 0.0214885659516, -0.0111075341702, 0.00425562588498], [0.000169361883309, 0.00610053632408, -0.00278686406091, 0.000139115960337, -0.00240570004098, 0.00398946553469, -0.00484826089814, 0.0029777479358, -0.00214265170507, 0.00279831280932, -0.0111075341702, 0.024011740461, -0.00969914440066], [-0.000667030573823, -0.00282067223452, 0.00217892765068, -0.000527475611307, -0.000643887382466, -0.00127252284437, 0.00290087540634, -0.0020958664827, 0.000324536726112, 0.000650063739158, 0.00425562588498, -0.00969914440066, 0.0215109623969]]
    },
    "melbands": {
        "dmean": [0.00083417474525, 0.000680255703628, 0.000323773390846, 0.000272094126558, 0.000212552040466, 0.000202765630092, 0.000152988679474, 0.000172591782757, 0.000166993093444, 0.000210631405935, 0.000208486846532, 0.000124306898215, 0.000101486570202, 5.63273861189e-05, 3.93674963561e-05, 4.08902487834e-05, 3.03465440084e-05, 2.36975010921e-05, 1.89648944797e-05, 1.29490872496e-05, 8.3570885181e-06, 6.12582061876e-06, 4.09448057326e-06, 3.85170415029e-06, 3.85798375646e-06, 3.46131560036e-06, 3.3130677366e-06, 2.67007726507e-06, 2.53739062828e-06, 2.13374892155e-06, 2.10483949559e-06, 1.47102616666e-06, 1.34461402013e-06, 1.49478819367e-06, 1.51141830429e-06, 1.10351913918e-06, 9.40159964102e-07, 8.11215670637e-07, 6.14563987256e-07, 1.05803479755e-07],
        "dmean2": [0.00134452455677, 0.00114042568021, 0.000549403193872, 0.000454768363852, 0.000335350428941, 0.000326396169839, 0.000237811167608, 0.000269388285233, 0.000261456996668, 0.000338599638781, 0.000334364041919, 0.000204454467166, 0.000165668869158, 8.95126795513e-05, 6.26122273388e-05, 6.39847276034e-05, 4.81521201436e-05, 3.82942271244e-05, 3.06298643409e-05, 2.05666492548e-05, 1.34748815981e-05, 9.89544878394e-06, 6.61669901092e-06, 6.31213151792e-06, 6.21726212557e-06, 5.63177945878e-06, 5.42409088666e-06, 4.29001056546e-06, 4.17773890149e-06, 3.41500185641e-06, 3.26542863149e-06, 2.43603790295e-06, 2.21401137424e-06, 2.34931462728e-06, 2.37763561017e-06, 1.67770815551e-06, 1.42241731282e-06, 1.23082952541e-06, 9.9256806152e-07, 1.78134158091e-07],
        "dvar": [6.35411561234e-06, 4.69656697533e-06, 4.96313873555e-07, 1.24353232422e-06, 3.40916670893e-07, 2.03068822202e-07, 1.02952036229e-07, 1.52333313963e-07, 1.40168154417e-07, 2.72020997727e-07, 2.45844262281e-07, 1.20566951978e-07, 7.50150093154e-08, 2.32955486013e-08, 1.22300169991e-08, 1.63515618823e-08, 7.86879894576e-09, 5.67723157374e-09, 2.55031284979e-09, 1.37841449366e-09, 5.06446162785e-10, 2.10156336777e-10, 1.12112381878e-10, 7.86160789246e-11, 7.80081554907e-11, 6.1354768488e-11, 5.85084342086e-11, 2.69159052685e-11, 4.44190656479e-11, 9.07246291981e-11, 2.57381217034e-11, 1.53374413864e-11, 1.33070282224e-11, 1.50498589285e-11, 5.78637623927e-11, 1.70624278595e-11, 1.84763402494e-11, 1.01765176147e-11, 5.594329687e-12, 2.35124766879e-12],
        "dvar2": [1.87835903489e-05, 1.34815982165e-05, 1.43185513934e-06, 3.33215803039e-06, 8.20204490992e-07, 5.1881266927e-07, 2.45628285711e-07, 3.52703722228e-07, 3.28037259578e-07, 7.30303554519e-07, 6.45606007765e-07, 3.29765697415e-07, 2.08089730336e-07, 5.81689683088e-08, 2.9669017465e-08, 3.74846962359e-08, 1.89673325934e-08, 1.40677887117e-08, 6.37341157628e-09, 3.41920025626e-09, 1.20068965881e-09, 4.31368163412e-10, 2.61793864365e-10, 2.03143959987e-10, 1.84419451932e-10, 1.52630505457e-10, 1.59353835683e-10, 6.24677462535e-11, 1.03994778067e-10, 1.84448220586e-10, 5.96607832581e-11, 3.93142358945e-11, 3.33807495534e-11, 3.37350737623e-11, 1.15620485408e-10, 3.47416956314e-11, 3.80135783962e-11, 2.05502784928e-11, 1.29623395351e-11, 6.68477816504e-12],
        "max": [0.0817975699902, 0.0692372173071, 0.0231120251119, 0.0738137811422, 0.0291469059885, 0.0107824103907, 0.00740706687793, 0.00832722708583, 0.00645137112588, 0.0116617977619, 0.00715862307698, 0.00945748761296, 0.00543394265696, 0.00370726012625, 0.00231644860469, 0.00327524868771, 0.00236047501676, 0.00252841063775, 0.00146012566984, 0.00087163381977, 0.000822678033728, 0.000715611909982, 0.000558406638447, 0.00039619175368, 0.00059920642525, 0.000382263504434, 0.000375559786335, 0.000194680353161, 0.000255350954831, 0.000663050217554, 0.00019311592041, 0.000181631374289, 0.000163100339705, 0.000167411388247, 0.000586576934438, 0.000228818535106, 0.00019500424969, 0.000127408959088, 0.000112014851766, 0.000121305267385],
        "mean": [0.00165732542519, 0.00107436161488, 0.000568527728319, 0.000488785852212, 0.000397536350647, 0.000384074053727, 0.000352085888153, 0.00035428677802, 0.000334453361575, 0.000397969793994, 0.000363961444236, 0.000212251659832, 0.000175169217982, 9.7082593129e-05, 6.71338129905e-05, 6.64786639391e-05, 5.02450493514e-05, 3.870319415e-05, 3.1406256312e-05, 2.2885402359e-05, 1.58956663654e-05, 1.22923374875e-05, 8.51701952342e-06, 7.72681596573e-06, 7.52680853111e-06, 6.70391500535e-06, 6.60975410938e-06, 5.28021564605e-06, 4.76265495308e-06, 4.23373694503e-06, 3.58730426342e-06, 2.50545758718e-06, 2.31119474847e-06, 2.7639257496e-06, 2.8840199775e-06, 2.17006436287e-06, 1.69499355707e-06, 1.46812010371e-06, 1.02408375824e-06, 1.67312521171e-07],
        "median": [0.00108154886402, 0.000631903181784, 0.00034482072806, 0.000222256639972, 0.000156994603458, 0.000132707529701, 0.000131519787828, 8.24058442959e-05, 6.40772486804e-05, 8.85992485564e-05, 7.16696304153e-05, 4.22643715865e-05, 3.03094202536e-05, 2.21353257075e-05, 1.46398288052e-05, 1.43465567817e-05, 1.24533180497e-05, 9.90644366539e-06, 9.48656816036e-06, 7.65830736782e-06, 6.33941817796e-06, 5.83917972108e-06, 4.45067053079e-06, 3.92955007555e-06, 3.61806814908e-06, 2.73137356999e-06, 2.23914071285e-06, 1.90095261132e-06, 1.38333734867e-06, 1.03905290416e-06, 8.78186256159e-07, 6.96089443863e-07, 6.12347776041e-07, 7.30710098651e-07, 7.3719854754e-07, 5.72709666358e-07, 4.40259668721e-07, 4.00972623993e-07, 2.49335386115e-07, 6.62822063902e-09],
        "min": [7.9658251242e-24, 1.04476643624e-23, 1.58241916159e-23, 7.63213380584e-24, 6.17131447624e-24, 1.40097421141e-23, 5.35661403764e-24, 3.15190439643e-24, 4.85084572901e-24, 4.99511458351e-24, 1.24455169249e-23, 1.36072226818e-23, 4.43408459633e-24, 4.12545893881e-24, 3.92338511819e-24, 4.28184903555e-24, 1.6929879571e-23, 1.32327724982e-23, 9.37904103691e-24, 8.02786903439e-24, 1.03487183279e-23, 8.77578569205e-24, 4.21001654481e-24, 6.71207507689e-24, 8.04294574401e-24, 1.15813687126e-23, 7.34076329733e-24, 6.59873035874e-24, 8.36939926356e-24, 9.82006871433e-24, 8.93486028245e-24, 9.35920355172e-24, 7.59331317184e-24, 8.96553987191e-24, 1.01456055775e-23, 8.95013026299e-24, 7.14773534471e-24, 9.34599723131e-24, 1.09264918878e-23, 8.62247530828e-24],
        "var": [9.13866006158e-06, 4.94156665809e-06, 8.44082478579e-07, 1.81348548267e-06, 6.75847786624e-07, 5.4745765965e-07, 3.45901071341e-07, 4.62277142788e-07, 4.49558257287e-07, 6.62286936404e-07, 5.35609217422e-07, 2.47731605896e-07, 1.69627710989e-07, 5.03717139111e-08, 2.77464202725e-08, 3.45392230372e-08, 1.6204230846e-08, 1.01101917949e-08, 4.71220529263e-09, 3.05200420492e-09, 1.16515030957e-09, 7.59473595124e-10, 3.61199986587e-10, 2.33795649507e-10, 1.72576508639e-10, 1.66259839229e-10, 1.44066883423e-10, 7.75032746314e-11, 1.13217948905e-10, 2.5024715633e-10, 6.94324320261e-11, 3.53749113335e-11, 3.28078710032e-11, 4.14012678307e-11, 1.12458861667e-10, 4.58729026986e-11, 4.28687155218e-11, 2.69918896262e-11, 1.22818118523e-11, 6.17436353781e-12]
    },
    "mfcc": {
        "mean": [-658.272155762, 128.920089722, -5.87187290192, 15.0367469788, -8.18183040619, 8.10123443604, -5.25628805161, 12.3297080994, -2.26822185516, 12.6485691071, -5.42611122131, 4.96283817291, -5.25046730042],
        "cov": [[6680.60888672, -696.938720703, 875.841186523, 174.858627319, -328.96987915, 190.387039185, 102.303901672, 66.7944030762, -61.0104141235, 222.938156128, -35.9334487915, 133.096435547, 27.5380992889], [-696.938720703, 1015.17712402, 160.265533447, 227.401031494, 170.066207886, 10.7221279144, 56.9905166626, -19.1387863159, -7.0762796402, 7.02328252792, 58.2371749878, 44.3395957947, 34.6659317017], [875.841186523, 160.265533447, 1173.50268555, 449.95223999, 276.702972412, 122.55381012, 48.7524642944, -35.2360076904, -18.9228534698, 30.6170864105, 43.8426055908, 101.142059326, 38.1212310791], [174.858627319, 227.401031494, 449.95223999, 488.15512085, 257.464416504, 90.2663040161, -18.3904304504, -10.7924060822, 26.2486534119, 1.93749690056, 11.684264183, 36.5456047058, 18.6794242859], [-328.96987915, 170.066207886, 276.702972412, 257.464416504, 327.988464355, 65.7785568237, 1.60195040703, -21.4396705627, 26.9574565887, 4.71738815308, 14.7629566193, 8.97415924072, -3.28080248833], [190.387039185, 10.7221279144, 122.55381012, 90.2663040161, 65.7785568237, 151.200210571, 63.364566803, 20.0516929626, 6.39478540421, 11.1884803772, 8.38116073608, 2.82727169991, -0.740372598171], [102.303901672, 56.9905166626, 48.7524642944, -18.3904304504, 1.60195040703, 63.364566803, 171.049179077, 39.5432357788, 11.5386209488, 8.80788803101, 26.5423946381, 3.3953397274, 14.6075410843], [66.7944030762, -19.1387863159, -35.2360076904, -10.7924060822, -21.4396705627, 20.0516929626, 39.5432357788, 119.614341736, 44.9186134338, 22.1950378418, -7.6097035408, -7.4617729187, 2.07007741928], [-61.0104141235, -7.0762796402, -18.9228534698, 26.2486534119, 26.9574565887, 6.39478540421, 11.5386209488, 44.9186134338, 117.507926941, 24.1883831024, 4.8037071228, -15.153011322, -1.58222639561], [222.938156128, 7.02328252792, 30.6170864105, 1.93749690056, 4.71738815308, 11.1884803772, 8.80788803101, 22.1950378418, 24.1883831024, 98.2032318115, 18.4013938904, 4.36653995514, -12.7142887115], [-35.9334487915, 58.2371749878, 43.8426055908, 11.684264183, 14.7629566193, 8.38116073608, 26.5423946381, -7.6097035408, 4.8037071228, 18.4013938904, 87.6565704346, 28.0726566315, 14.2759933472], [133.096435547, 44.3395957947, 101.142059326, 36.5456047058, 8.97415924072, 2.82727169991, 3.3953397274, -7.4617729187, -15.153011322, 4.36653995514, 28.0726566315, 85.6145401001, 29.6723003387], [27.5380992889, 34.6659317017, 38.1212310791, 18.6794242859, -3.28080248833, -0.740372598171, 14.6075410843, 2.07007741928, -1.58222639561, -12.7142887115, 14.2759933472, 29.6723003387, 72.6956329346]],
