{
"lowlevel": {
    "average_loudness": 0.741280674934,
    "barkbands_crest": {
        "dmean": 2.43014287949,
        "dmean2": 3.9829852581,
        "dvar": 5.10310792923,
        "dvar2": 12.7590055466,
        "max": 26.4376449585,
        "mean": 9.68315696716,
        "median": 8.90857601166,
        "min": 2.52354192734,
        "var": 16.738243103
    },
    "barkbands_flatness_db": {
        "dmean": 0.0190342981368,
        "dmean2": 0.0297324173152,
        "dvar": 0.000308932911139,
        "dvar2": 0.000693270412739,
        "max": 0.454639136791,
        "mean": 0.166063725948,
        "median": 0.150232598186,
        "min": 0.0291171036661,
        "var": 0.00475192675367
    },
    "barkbands_kurtosis": {
        "dmean": 1.85196626186,
        "dmean2": 2.91577720642,
        "dvar": 12.8193941116,
        "dvar2": 29.9020061493,
        "max": 122.302246094,
        "mean": 3.26618051529,
        "median": 1.28398275375,
        "min": -1.8623290062,
        "var": 36.7925872803
    },
    "barkbands_skewness": {
        "dmean": 0.431669086218,
        "dmean2": 0.678614139557,
        "dvar": 0.204903453588,
        "dvar2": 0.46358564496,
        "max": 8.02956390381,
        "mean": 1.05811727047,
        "median": 0.929134964943,
        "min": -5.16319799423,
        "var": 1.02581620216
    },
    "barkbands_spread": {
        "dmean": 3.508695364,
        "dmean2": 5.39964866638,
        "dvar": 28.6180381775,
        "dvar2": 59.2758827209,
        "max": 80.8908462524,
        "mean": 15.1867923737,
        "median": 12.1809110641,
        "min": 0.390946596861,
        "var": 129.872116089
    },
    "dissonance": {
        "dmean": 0.0253782533109,
        "dmean2": 0.0432916730642,
        "dvar": 0.000629952177405,
        "dvar2": 0.00169172522146,
        "max": 0.500000059605,
        "mean": 0.450316339731,
        "median": 0.46204122901,
        "min": 0.144856497645,
        "var": 0.0018688555574
    },
    "dynamic_complexity": 5.84428358078,
    "erbbands_crest": {
        "dmean": 2.890396595,
        "dmean2": 4.68321275711,
        "dvar": 7.3347826004,
        "dvar2": 18.4597454071,
        "max": 33.0882759094,
        "mean": 11.6030654907,
        "median": 10.5670509338,
        "min": 2.49462461472,
        "var": 25.8852977753
    },
    "erbbands_flatness_db": {
        "dmean": 0.0176986567676,
        "dmean2": 0.0271473675966,
        "dvar": 0.000280220614513,
        "dvar2": 0.000609555107076,
        "max": 0.467677205801,
        "mean": 0.221977517009,
        "median": 0.216598406434,
        "min": 0.0721220523119,
        "var": 0.00389573350549
    },
    "erbbands_kurtosis": {
        "dmean": 1.36192178726,
        "dmean2": 2.15766859055,
        "dvar": 4.2878279686,
        "dvar2": 10.0356588364,
        "max": 55.1498146057,
        "mean": 2.17651081085,
        "median": 1.10743427277,
        "min": -1.76810717583,
        "var": 15.093755722
    },
    "erbbands_skewness": {
        "dmean": 0.365710347891,
        "dmean2": 0.567515730858,
        "dvar": 0.134054407477,
        "dvar2": 0.293019235134,
        "max": 5.48023223877,
        "mean": 0.727332890034,
        "median": 0.66764330864,
        "min": -3.8143351078,
        "var": 0.698860526085
    },
    "erbbands_spread": {
        "dmean": 4.94981575012,
        "dmean2": 7.60433101654,
        "dvar": 46.9854202271,
        "dvar2": 101.060119629,
        "max": 110.511993408,
        "mean": 21.3468265533,
        "median": 18.3846817017,
        "min": 0.936901986599,
        "var": 190.485900879
    },
    "hfc": {
        "dmean": 6.39172172546,
        "dmean2": 9.33515644073,
        "dvar": 139.136550903,
        "dvar2": 278.964477539,
        "max": 215.626464844,
        "mean": 21.0486888885,
        "median": 12.235578537,
        "min": 1.16319143589e-16,
        "var": 597.525146484
    },
    "melbands_crest": {
        "dmean": 3.12263941765,
        "dmean2": 5.10569858551,
        "dvar": 8.81981658936,
        "dvar2": 21.5971469879,
        "max": 34.4670028687,
        "mean": 12.468214035,
        "median": 11.2287635803,
        "min": 2.1688952446,
        "var": 28.9549694061
    },
    "melbands_flatness_db": {
        "dmean": 0.0199809260666,
        "dmean2": 0.0304927192628,
        "dvar": 0.000396633986384,
        "dvar2": 0.000840165885165,
        "max": 0.529200196266,
        "mean": 0.195791229606,
        "median": 0.179829388857,
        "min": 0.00481631606817,
        "var": 0.00596057996154
    },
    "melbands_kurtosis": {
        "dmean": 2.66991710663,
        "dmean2": 4.30984783173,
        "dvar": 19.4566402435,
        "dvar2": 47.4990692139,
        "max": 104.233688354,
        "mean": 5.10922956467,
        "median": 3.03989076614,
        "min": -1.82790207863,
        "var": 48.5219535828
    },
    "melbands_skewness": {
        "dmean": 0.486723661423,
        "dmean2": 0.779291450977,
        "dvar": 0.241414770484,
        "dvar2": 0.584052503109,
        "max": 8.93843078613,
        "mean": 1.35241138935,
        "median": 1.26689827442,
        "min": -2.52796602249,
        "var": 1.00555551052
    },
    "melbands_spread": {
        "dmean": 5.91345262527,
        "dmean2": 9.17281627655,
        "dvar": 134.539718628,
        "dvar2": 268.770263672,
        "max": 231.192398071,
        "mean": 22.442281723,
        "median": 19.049823761,
        "min": 0.850880026817,
        "var": 396.127960205
    },
    "pitch_salience": {
        "dmean": 0.0608464926481,
        "dmean2": 0.0985293835402,
        "dvar": 0.00326992478222,
        "dvar2": 0.0078919203952,
        "max": 0.887273013592,
        "mean": 0.604127287865,
        "median": 0.615951240063,
        "min": 0.0915085971355,
        "var": 0.0140752876177
    },
    "silence_rate_20dB": {
        "dmean": 0,
        "dmean2": 0,
        "dvar": 0,
        "dvar2": 0,
        "max": 1,
        "mean": 1,
        "median": 1,
        "min": 1,
        "var": 0
    },
    "silence_rate_30dB": {
        "dmean": 0,
        "dmean2": 0,
        "dvar": 0,
        "dvar2": 0,
        "max": 1,
        "mean": 1,
        "median": 1,
        "min": 1,
        "var": 0
    },
    "silence_rate_60dB": {
        "dmean": 0.0265804603696,
        "dmean2": 0.053167283535,
        "dvar": 0.0258728843182,
        "dvar2": 0.0558540448546,
        "max": 1,
        "mean": 0.267329096794,
        "median": 0,
        "min": 0,
        "var": 0.195853486657
    },
    "spectral_centroid": {
        "dmean": 184.497665405,
        "dmean2": 276.918365479,
        "dvar": 78928.2421875,
        "dvar2": 138935.421875,
        "max": 10950.8134766,
        "mean": 1350.65869141,
        "median": 1311.33752441,
        "min": 165.806228638,
        "var": 416337.3125
    },
    "spectral_complexity": {
        "dmean": 2.31728935242,
        "dmean2": 3.68051719666,
        "dvar": 7.43352937698,
        "dvar2": 16.0674629211,
        "max": 52,
        "mean": 14.2157306671,
        "median": 14,
        "min": 0,
        "var": 84.2051620483
    },
    "spectral_decrease": {
        "dmean": 1.23785692807e-09,
        "dmean2": 1.9056451972e-09,
        "dvar": 3.93168333646e-18,
        "dvar2": 8.58086065471e-18,
        "max": 2.30821259387e-29,
        "mean": -4.38458913621e-09,
        "median": -3.13268233576e-09,
        "min": -2.59974974881e-08,
        "var": 1.99799041497e-17
    },
    "spectral_energy": {
        "dmean": 0.00511791463941,
        "dmean2": 0.00783510413021,
        "dvar": 6.42618833808e-05,
        "dvar2": 0.000139942436363,
        "max": 0.107184909284,
        "mean": 0.018457647413,
        "median": 0.0134330941364,
        "min": 1.04633694597e-20,
        "var": 0.000343594670994
    },
    "spectral_energyband_high": {
        "dmean": 0.000379083619919,
        "dmean2": 0.000536852632649,
        "dvar": 1.61575519542e-06,
        "dvar2": 3.06813308271e-06,
        "max": 0.0269393566996,
        "mean": 0.000724177458324,
        "median": 0.000136977265356,
        "min": 7.48361851625e-21,
        "var": 3.82140706279e-06
    },
    "spectral_energyband_low": {
        "dmean": 0.00120180530939,
        "dmean2": 0.00197221897542,
        "dvar": 1.97585432034e-05,
        "dvar2": 4.13539019064e-05,
        "max": 0.0505123101175,
        "mean": 0.00213768030517,
        "median": 0.000106479696115,
        "min": 1.04573477878e-22,
        "var": 5.00111927977e-05
    },
    "spectral_energyband_middle_high": {
        "dmean": 0.00242811325006,
        "dmean2": 0.00370111968368,
        "dvar": 1.79564922291e-05,
        "dvar2": 4.11565815739e-05,
        "max": 0.0591098293662,
        "mean": 0.00761672342196,
        "median": 0.00340754841454,
        "min": 1.50555848091e-21,
        "var": 9.07596186153e-05
    },
    "spectral_energyband_middle_low": {
        "dmean": 0.00315854046494,
        "dmean2": 0.00501863844693,
        "dvar": 3.05510111502e-05,
        "dvar2": 7.26392609067e-05,
        "max": 0.0750020369887,
        "mean": 0.00840407423675,
        "median": 0.00600432464853,
        "min": 3.32836925194e-22,
        "var": 8.28558258945e-05
    },
    "spectral_entropy": {
        "dmean": 0.146040827036,
        "dmean2": 0.217363536358,
        "dvar": 0.0263688024133,
        "dvar2": 0.0494979731739,
        "max": 9.79111003876,
        "mean": 7.3142619133,
        "median": 7.44125843048,
        "min": 4.8217420578,
        "var": 0.368035286665
    },
    "spectral_flux": {
        "dmean": 0.0172100476921,
        "dmean2": 0.02696881257,
        "dvar": 0.000477460242109,
        "dvar2": 0.00106777646579,
        "max": 0.296375155449,
        "mean": 0.0641702264547,
        "median": 0.0548625141382,
        "min": 1.0229061348e-10,
        "var": 0.00242984644137
    },
    "spectral_kurtosis": {
        "dmean": 2.46800661087,
        "dmean2": 4.14595603943,
        "dvar": 14.4733753204,
        "dvar2": 43.2723731995,
        "max": 98.8742370605,
        "mean": 7.82194328308,
        "median": 5.7711391449,
        "min": -1.18773901463,
        "var": 61.574836731
    },
    "spectral_rms": {
        "dmean": 0.000519633642398,
        "dmean2": 0.000781184760854,
        "dvar": 4.3210721401e-07,
        "dvar2": 8.72656755746e-07,
        "max": 0.01022597868,
        "mean": 0.00362265808508,
        "median": 0.00362014607526,
        "min": 3.19502193799e-12,
        "var": 4.8837673603e-06
    },
    "spectral_rolloff": {
        "dmean": 377.669036865,
        "dmean2": 618.342834473,
        "dvar": 922257.625,
        "dvar2": 1731157.625,
        "max": 19013.8183594,
        "mean": 1718.55834961,
        "median": 1399.65820312,
        "min": 64.599609375,
        "var": 2457014.5
    },
    "spectral_skewness": {
        "dmean": 0.262736052275,
        "dmean2": 0.420362621546,
        "dvar": 0.0848442614079,
        "dvar2": 0.220277115703,
        "max": 8.12601184845,
        "mean": 2.00813531876,
        "median": 1.8747086525,
        "min": -0.0760577991605,
        "var": 0.61320078373
    },
    "spectral_spread": {
        "dmean": 455599.1875,
        "dmean2": 685158.0625,
        "dvar": 516551966720,
        "dvar2": 842951032832,
        "max": 39586708,
        "mean": 3954350,
        "median": 3696898.75,
        "min": 813267.0625,
        "var": 2.67114328883e+12
    },
    "spectral_strongpeak": {
        "dmean": 0.722213804722,
        "dmean2": 1.18768322468,
        "dvar": 1.30344820023,
        "dvar2": 3.10366916656,
        "max": 13.159734726,
        "mean": 1.55905604362,
        "median": 0.927374482155,
        "min": 0,
        "var": 3.1155090332
    },
    "zerocrossingrate": {
        "dmean": 0.00870364811271,
        "dmean2": 0.0100196758285,
        "dvar": 0.000263985130005,
        "dvar2": 0.000251143181231,
        "max": 0.5771484375,
        "mean": 0.0645582303405,
        "median": 0.0595703125,
        "min": 0.0048828125,
        "var": 0.00180629757233
    },
    "barkbands": {
        "dmean": [4.40595249529e-05, 0.0010569379665, 0.000387966545532, 0.000274047750281, 0.000432161206845, 0.000688345753588, 0.00131742935628, 0.000764104537666, 0.00111679721158, 0.000844031339511, 0.000429976847954, 0.000439372175606, 0.000938739918638, 0.000561874825507, 0.000487176235765, 0.000218372093514, 0.00020870687149, 0.000142333534313, 0.000119912059745, 8.62997840159e-05, 7.53072163207e-05, 8.53150559124e-05, 8.26242976473e-05, 8.55203325045e-05, 6.02436739428e-05, 2.40398840106e-05, 1.38870746014e-06],
        "dmean2": [7.133991312e-05, 0.00163018482272, 0.000711921486072, 0.000478055910207, 0.000716236245353, 0.00112741417252, 0.00211556372233, 0.00121229642536, 0.00179147650488, 0.00135440402664, 0.000650001747999, 0.000699132098816, 0.00149446900468, 0.000887907342985, 0.000743335520383, 0.00032502762042, 0.000313399737934, 0.000212880739127, 0.00017929803289, 0.000131523454911, 0.000113734102342, 0.000123007790535, 0.000123941179481, 0.0001240203419, 8.89182410901e-05, 3.59711411875e-05, 2.29067813962e-06],
        "dvar": [2.9434119142e-08, 1.65327055583e-05, 4.07035713579e-06, 6.40365158233e-07, 9.87043335954e-07, 3.43500732924e-06, 1.03873671833e-05, 6.1818618633e-06, 8.10367146187e-06, 3.18390834764e-06, 1.43176350775e-06, 2.80901076621e-06, 5.03564024257e-06, 2.50989978667e-06, 2.61231934928e-06, 5.9444425915e-07, 3.96662869662e-07, 1.68272947576e-07, 7.99093768933e-08, 3.91841865621e-08, 6.29078726888e-08, 7.67028467408e-08, 1.31072212639e-07, 1.44042132888e-07, 7.11772329964e-08, 9.46925204914e-09, 7.05125680067e-11],
        "dvar2": [7.00849653867e-08, 3.42912717315e-05, 1.16417140816e-05, 1.82759094969e-06, 2.54216388385e-06, 8.79747040017e-06, 2.60059860011e-05, 1.43753541124e-05, 1.98964953597e-05, 7.2877569437e-06, 2.69675638265e-06, 6.71345605952e-06, 1.23153167806e-05, 5.94515495322e-06, 5.87671229368e-06, 1.27229122882e-06, 8.15166515622e-07, 3.33301244382e-07, 1.61368831186e-07, 8.53656771937e-08, 1.43616091464e-07, 1.63471995052e-07, 2.69943399189e-07, 2.81114665768e-07, 1.41365134709e-07, 1.94000460141e-08, 1.53131993197e-10],
        "max": [0.00251724547707, 0.047889329493, 0.0248283762485, 0.0145551525056, 0.0246729645878, 0.0476334616542, 0.0526505559683, 0.0650154352188, 0.0573597438633, 0.0426897183061, 0.0360428206623, 0.0475536808372, 0.0411771349609, 0.0304182786494, 0.0344894118607, 0.0158450827003, 0.0149909630418, 0.0120718507096, 0.007034487091, 0.0033946770709, 0.0109741436318, 0.00884770974517, 0.0112382946536, 0.00849062204361, 0.0115807186812, 0.00267288135365, 0.000310020550387],
        "mean": [5.39578031749e-05, 0.00162123795599, 0.000309795781504, 0.000348356348695, 0.000765147444326, 0.00130049686413, 0.00218229019083, 0.0012823920697, 0.00198381440714, 0.00147636549082, 0.000944984611124, 0.000673309084959, 0.00176010176074, 0.00091969006462, 0.000775415450335, 0.000314737582812, 0.000340213620802, 0.000286316382699, 0.000279084313661, 0.000174430766492, 0.000131251319544, 0.000147336832015, 0.000123564808746, 0.000132455927087, 9.77165691438e-05, 3.18503007293e-05, 1.3406584003e-06],
        "median": [5.95072492615e-07, 2.95308564091e-06, 1.33697794809e-05, 8.64145404194e-05, 0.000255256105447, 0.000554391823243, 0.000573490280658, 0.000399979355279, 0.000700449221767, 0.000459124508779, 0.000179976326763, 0.000155783433001, 0.000405174185289, 0.000154610199388, 0.000106373103335, 5.76705933781e-05, 7.26478756405e-05, 7.36094225431e-05, 8.23716327432e-05, 4.32474735135e-05, 2.12500581256e-05, 2.10847010749e-05, 1.7579201085e-05, 1.70715047716e-05, 9.50957291934e-06, 3.14903991239e-06, 3.44181350087e-09],
        "min": [1.58357736717e-23, 5.70659202046e-23, 4.27713945706e-23, 1.98255812725e-23, 4.42521085778e-23, 7.68018253472e-23, 8.05977546034e-23, 5.00549851738e-23, 5.01821400854e-23, 3.79397792983e-23, 4.90437317576e-23, 9.0971445901e-23, 7.24553216663e-23, 5.88227702386e-23, 1.43568254507e-22, 1.71831045527e-22, 9.62550027413e-23, 3.98911965102e-22, 2.52435590645e-22, 3.08090068296e-22, 3.75969971469e-22, 5.68518246171e-22, 5.89039181511e-22, 6.92696413225e-22, 1.23219477648e-21, 1.69313622509e-21, 2.4411279255e-21],
        "var": [4.19757526515e-08, 3.82343532692e-05, 2.64368077296e-06, 6.6433591428e-07, 2.33010405282e-06, 5.21719630342e-06, 1.69286686287e-05, 9.56498206506e-06, 1.37992847158e-05, 7.38187100069e-06, 6.44835608909e-06, 4.45472960564e-06, 1.41249820445e-05, 4.79464551972e-06, 5.56199756829e-06, 9.54920778895e-07, 8.36660490222e-07, 4.99676275467e-07, 3.82797168186e-07, 1.12386423723e-07, 1.19950556154e-07, 1.5380719276e-07, 2.36417790234e-07, 2.59702233052e-07, 1.63300597933e-07, 1.58987720766e-08, 8.71333560859e-11]
    },
    "erbbands": {
        "dmean": [0.0363102294505, 0.24138841033, 0.457150787115, 0.646845340729, 1.29432475567, 1.45879590511, 2.39441990852, 6.88262701035, 18.1860237122, 15.9984321594, 16.7816543579, 28.0427856445, 23.6839046478, 22.2440948486, 15.2617864609, 21.5281867981, 44.5504493713, 28.578704834, 26.6873283386, 17.8482589722, 9.77241897583, 9.52667808533, 8.00990200043, 4.61596298218, 6.41885566711, 3.8806874752, 2.85822582245, 3.01717066765, 3.20472002029, 2.56342792511, 2.41073298454, 2.01841568947, 1.3282225132, 0.726938426495, 0.418372929096, 0.148587048054, 0.0368600636721, 0.00527457753196, 0.000203454881557, 1.12025181807e-05],
        "dmean2": [0.0486619397998, 0.393277138472, 0.795374333858, 1.1428000927, 2.19370865822, 2.36676502228, 3.8239068985, 11.4689855576, 29.5000076294, 25.3610572815, 26.2644138336, 44.9150123596, 38.6121826172, 33.8952865601, 22.4016819, 34.231502533, 70.7813720703, 44.710647583, 41.2140045166, 26.1808109283, 13.9819049835, 14.2023420334, 11.5288667679, 7.07432746887, 9.45539951324, 5.75970935822, 4.36597013474, 4.5715470314, 4.63866376877, 3.80731463432, 3.61436486244, 2.97598433495, 1.96454274654, 1.10346710682, 0.609109342098, 0.216536462307, 0.0569312572479, 0.00828121975064, 0.000329047674313, 1.67020843946e-05],
        "dvar": [0.0217092391104, 0.863571941853, 4.81258869171, 5.00611352921, 10.2150745392, 14.4541139603, 35.5012207031, 377.31427002, 2271.65283203, 1820.7701416, 2552.85644531, 5516.17919922, 3200.09863281, 2590.41918945, 1671.85266113, 6126.72460938, 12025.3759766, 5648.28125, 8372.28808594, 3155.36230469, 1096.11706543, 845.799072266, 477.460266113, 96.3912582397, 261.407470703, 82.7415008545, 93.6915435791, 107.108642578, 97.1231002808, 100.899795532, 136.082305908, 83.7357406616, 33.96144104, 10.4946012497, 3.4229850769, 0.390160322189, 0.0245302375406, 0.000588755588979, 1.4815261693e-06, 8.17648171392e-10],
        "dvar2": [0.0377201549709, 1.94413113594, 13.1593265533, 14.3482789993, 27.4802055359, 35.0295639038, 85.1114196777, 974.293212891, 5768.8828125, 4286.96630859, 5752.56933594, 13689.1445312, 7659.1953125, 5524.49072266, 3018.87573242, 14705.1269531, 29830.5976562, 13300.3867188, 19221.6914062, 6182.04931641, 2256.97753906, 1656.53039551, 887.836425781, 234.317001343, 519.554382324, 164.484375, 219.742919922, 243.74911499, 208.324630737, 225.174362183, 285.99005127, 166.183395386, 69.2254333496, 22.5115261078, 6.61800479889, 0.805656254292, 0.04974905774, 0.00117482675705, 3.18078900818e-06, 1.65213154268e-09],
        "max": [1.86657226086, 10.6228380203, 27.4158706665, 44.1294364929, 64.4988021851, 128.198364258, 186.00390625, 481.851776123, 694.348693848, 1032.60449219, 1372.78735352, 1717.79589844, 1596.15942383, 1208.69287109, 1222.13476562, 2021.16064453, 2090.44360352, 1678.70727539, 2188.27270508, 1230.47387695, 954.3046875, 896.115783691, 735.224975586, 196.115310669, 453.481414795, 226.939697266, 432.114196777, 306.675964355, 279.018981934, 354.082733154, 420.900421143, 205.63671875, 152.859344482, 108.505493164, 88.6832962036, 17.8838558197, 5.19466924667, 0.856868565083, 0.0450563691556, 0.000855771533679],
        "mean": [0.0560543946922, 0.323640555143, 0.419547438622, 0.774895966053, 1.89859354496, 2.54733538628, 5.11130189896, 12.4640808105, 29.8847255707, 28.34425354, 32.1986656189, 50.8256111145, 42.1627006531, 45.1952438354, 34.28383255, 38.1072044373, 85.2826690674, 53.442905426, 46.4122276306, 29.3852577209, 16.8927536011, 17.2523136139, 16.9366321564, 10.91502285, 15.6307477951, 8.91611862183, 4.96579742432, 5.36090421677, 5.50659704208, 4.20224094391, 3.51999902725, 3.00863671303, 2.01480412483, 1.1409894228, 0.671915411949, 0.206673681736, 0.0479294396937, 0.00608745543286, 0.000227533091675, 3.09131210088e-05],
        "median": [8.97279242054e-05, 0.00121521460824, 0.0206000730395, 0.217078253627, 0.530235350132, 0.757685065269, 1.97630691528, 5.01796245575, 7.58871269226, 8.01067256927, 13.1042947769, 19.3607082367, 16.53840065, 15.9809131622, 10.2249088287, 10.6548271179, 21.0640869141, 13.7215909958, 7.60307884216, 5.23486709595, 3.6420276165, 3.99182939529, 4.36918878555, 4.21253681183, 4.24861001968, 2.11731219292, 1.20806097984, 0.810179531574, 0.770197451115, 0.666200816631, 0.467827111483, 0.350631207228, 0.270594060421, 0.127662360668, 0.055012460798, 0.0185311101377, 0.00511418282986, 0.000387198029784, 2.02374158107e-05, 1.96904875338e-05],
        "min": [1.66722897273e-21, 1.29634364272e-20, 4.49717871894e-20, 4.51317141598e-20, 1.04724988195e-19, 1.98035349225e-19, 1.96408452982e-19, 7.37928496543e-19, 1.02934717318e-18, 1.20972589986e-18, 1.58711630099e-18, 9.69517716458e-19, 8.55724599239e-19, 1.45681974148e-18, 2.50814541372e-18, 3.53041305823e-18, 2.76655022644e-18, 3.40133111005e-18, 4.61410940977e-18, 1.01472065539e-17, 8.38042486613e-18, 6.61172990957e-18, 1.98885801014e-17, 1.54491728913e-17, 1.24898862734e-17, 1.40761556449e-17, 1.73924401802e-17, 1.37587540361e-17, 2.11889675813e-17, 1.91348034964e-17, 1.64993216923e-17, 1.31295822642e-17, 1.25189997223e-17, 1.08094638959e-17, 1.08975751748e-17, 6.57061489723e-18, 3.49365687412e-18, 1.12956103497e-18, 3.03743486815e-19, 3.91564199087e-20],
        "var": [0.0502098500729, 1.61564028263, 3.78853106499, 4.07463026047, 16.6367111206, 36.3173217773, 88.9255065918, 527.935058594, 3543.75048828, 3388.09985352, 4573.86279297, 9016.74609375, 7092.06445312, 7688.83886719, 7065.75634766, 10262.8925781, 34467.6601562, 11595.8203125, 17856.5136719, 6591.43212891, 2209.99926758, 1956.4263916, 1609.45239258, 332.514038086, 1261.72290039, 321.572387695, 167.175827026, 192.563995361, 200.346008301, 175.438232422, 230.578018188, 153.068893433, 57.3509902954, 20.3437976837, 8.44277954102, 0.703966617584, 0.0396750718355, 0.000889187678695, 1.87494265447e-06, 1.93348514976e-09]
    },
    "gfcc": {
        "mean": [-68.1314926147, 80.9347305298, -155.587905884, -8.07381629944, -82.0891647339, 3.39307022095, -44.4252967834, 6.61174345016, -29.0487442017, 1.11327373981, -14.8770370483, -5.00687932968, -14.3853292465],
        "cov": [[15368.1679688, -2818.37988281, 500.523284912, 1198.8927002, -0.882176399231, 1332.14343262, -300.502593994, 222.569396973, -209.097015381, 730.865783691, 3.93770384789, 214.949874878, -425.485168457], [-2818.37988281, 1842.60095215, 111.248451233, -203.231903076, 172.247238159, -410.655029297, 141.201934814, -68.7890472412, 143.926177979, -199.571762085, 176.636108398, -103.393829346, 79.1865463257], [500.523284912, 111.248451233, 912.227722168, 274.564331055, -40.0395088196, 142.270507812, -18.347820282, 29.4098644257, 13.1202373505, 75.4217987061, 25.5260696411, 19.2219676971, -57.0208244324], [1198.8927002, -203.231903076, 274.564331055, 557.688415527, 171.398239136, 280.860931396, 58.3171920776, 75.4999542236, 70.2249603271, 118.490058899, -30.1506881714, 39.2870101929, 11.8156642914], [-0.882176399231, 172.247238159, -40.0395088196, 171.398239136, 449.945037842, 230.488754272, 166.642791748, 90.169342041, 107.995429993, 81.1820144653, 3.11654496193, 37.4594421387, 48.3769836426], [1332.14343262, -410.655029297, 142.270507812, 280.860931396, 230.488754272, 489.206787109, 143.652984619, 102.128974915, 14.3333234787, 164.668960571, -9.00970840454, 55.4195480347, 2.8281712532], [-300.502593994, 141.201934814, -18.347820282, 58.3171920776, 166.642791748, 143.652984619, 310.842102051, 90.5212173462, 10.5772867203, 34.9912185669, 49.8324203491, 19.7304611206, 50.0007095337], [222.569396973, -68.7890472412, 29.4098644257, 75.4999542236, 90.169342041, 102.128974915, 90.5212173462, 154.477432251, 36.7919616699, 40.8471221924, 6.97398233414, 36.6320877075, 16.0341644287], [-209.097015381, 143.926177979, 13.1202373505, 70.2249603271, 107.995429993, 14.3333234787, 10.5772867203, 36.7919616699, 217.160614014, 63.5025062561, -1.61647069454, 21.7292938232, 47.4786834717], [730.865783691, -199.571762085, 75.4217987061, 118.490058899, 81.1820144653, 164.668960571, 34.9912185669, 40.8471221924, 63.5025062561, 210.163833618, 45.6309127808, 42.8238143921, 8.03884792328], [3.93770384789, 176.636108398, 25.5260696411, -30.1506881714, 3.11654496193, -9.00970840454, 49.8324203491, 6.97398233414, -1.61647069454, 45.6309127808, 147.86366272, 10.4832019806, 9.57140159607], [214.949874878, -103.393829346, 19.2219676971, 39.2870101929, 37.4594421387, 55.4195480347, 19.7304611206, 36.6320877075, 21.7292938232, 42.8238143921, 10.4832019806, 89.7176818848, 32.4454650879], [-425.485168457, 79.1865463257, -57.0208244324, 11.8156642914, 48.3769836426, 2.8281712532, 50.0007095337, 16.0341644287, 47.4786834717, 8.03884792328, 9.57140159607, 32.4454650879, 110.482894897]],
        "icov": [[0.000147657250636, 5.95445162617e-05, 9.27705041249e-05, -0.000231535741477, 0.000122325203847, -0.000284582987661, 0.000233930899412, -8.45799440867e-05, 8.97737045307e-05, -0.000169796490809, -0.000198573805392, -0.000196862631128, 0.00050753186224], [5.95445162617e-05, 0.00199545593932, -0.000862113025505, 0.000190036778804, -0.00177724950481, 0.00178714713547, -0.000815922219772, 0.000797802465968, -0.0011637279531, 0.00171116006095, -0.00243784207851, 0.00171626312658, -0.000597453792579], [9.27705041249e-05, -0.000862113025505, 0.00192692608107, -0.00104628060944, 0.00143482640851, -0.00129741500132, 0.000598330807406, -0.000461440999061, 0.000328483380144, -0.000794165942352, 0.000428487110185, -0.00121073587798, 0.00151775637642], [-0.000231535741477, 0.000190036778804, -0.00104628060944, 0.00352050852962, -0.000930133683141, -0.000504070427269, -0.000222420363571, -2.60141769104e-05, -0.000713176792488, 0.000130174375954, 0.000732661050279, 0.000749062164687, -0.00140620302409], [0.000122325203847, -0.00177724950481, 0.00143482640851, -0.000930133683141, 0.00589838018641, -0.00350791588426, -0.000270160759101, -0.0010022232309, -0.000685270642862, -0.00125213747378, 0.00192514644004, -0.00194573437329, 0.00114991143346], [-0.000284582987661, 0.00178714713547, -0.00129741500132, -0.000504070427269, -0.00350791588426, 0.00750120868906, -0.00247010402381, 0.000194612715859, 0.000515385123435, -0.00101963267662, -0.000356491276762, 0.00132319575641, -0.0010639304528], [0.000233930899412, -0.000815922219772, 0.000598330807406, -0.000222420363571, -0.000270160759101, -0.00247010402381, 0.00631269393489, -0.00276773632504, 0.00157590070739, -0.00037332138163, -0.00113253900781, 0.00015888598864, -0.00105402385816], [-8.45799440867e-05, 0.000797802465968, -0.000461440999061, -2.60141769104e-05, -0.0010022232309, 0.000194612715859, -0.00276773632504, 0.00972874555737, -0.00184142962098, 0.00112348119728, -0.000624819716904, -0.00203187926672, 0.000502035545651], [8.97737045307e-05, -0.0011637279531, 0.000328483380144, -0.000713176792488, -0.000685270642862, 0.000515385123435, 0.00157590070739, -0.00184142962098, 0.00780969485641, -0.00382373668253, 0.00221375771798, -0.000606202054769, -0.00182513729669], [-0.000169796490809, 0.00171116006095, -0.000794165942352, 0.000130174375954, -0.00125213747378, -0.00101963267662, -0.00037332138163, 0.00112348119728, -0.00382373668253, 0.0106232967228, -0.0051249996759, -0.00014504455612, -0.000367042055586], [-0.000198573805392, -0.00243784207851, 0.000428487110185, 0.000732661050279, 0.00192514644004, -0.000356491276762, -0.00113253900781, -0.000624819716904, 0.00221375771798, -0.0051249996759, 0.0118754291907, -0.00228864746168, -4.04037818953e-05], [-0.000196862631128, 0.00171626312658, -0.00121073587798, 0.000749062164687, -0.00194573437329, 0.00132319575641, 0.00015888598864, -0.00203187926672, -0.000606202054769, -0.00014504455612, -0.00228864746168, 0.0170373562723, -0.00618616165593], [0.00050753186224, -0.000597453792579, 0.00151775637642, -0.00140620302409, 0.00114991143346, -0.0010639304528, -0.00105402385816, 0.000502035545651, -0.00182513729669, -0.000367042055586, -4.04037818953e-05, -0.00618616165593, 0.0149267790839]]
    },
    "melbands": {
        "dmean": [0.000303200620692, 0.000235080486163, 0.000128799234517, 0.000102566620626, 7.58182650316e-05, 0.000155006317073, 0.000273466837825, 0.000166294936207, 0.000145420097397, 0.000173576758243, 0.000118031275633, 9.43314880715e-05, 5.9239075199e-05, 4.38395327365e-05, 8.26242758194e-05, 8.69222567417e-05, 5.77277969569e-05, 4.60347437183e-05, 2.82294513454e-05, 2.15690652112e-05, 1.1999043636e-05, 1.08372923933e-05, 1.19950527733e-05, 5.24790493728e-06, 3.9925407691e-06, 4.84646216137e-06, 4.44966826763e-06, 2.39051883e-06, 1.82050723652e-06, 1.86200202279e-06, 1.84621137578e-06, 1.91556705431e-06, 1.7042723357e-06, 1.42909186707e-06, 1.43887882587e-06, 1.39725739245e-06, 1.23289191833e-06, 1.03748459424e-06, 7.62588399539e-07, 5.94446703417e-07],
        "dmean2": [0.000458741356852, 0.000384842627682, 0.000223321825615, 0.00017068098532, 0.000121907607536, 0.000255810824456, 0.000441050506197, 0.00026197990519, 0.000228046439588, 0.000279538129689, 0.000192595543922, 0.000143929108162, 8.72332893778e-05, 6.77818388795e-05, 0.000133343099151, 0.000136529342853, 9.06839195522e-05, 7.09588566679e-05, 4.27016493632e-05, 3.21136467392e-05, 1.76987468876e-05, 1.66167792486e-05, 1.69831691892e-05, 8.04166029411e-06, 6.24701942797e-06, 7.19593572285e-06, 6.73026306686e-06, 3.58090392183e-06, 2.80911490336e-06, 2.89144213639e-06, 2.79425148619e-06, 2.79432515526e-06, 2.55337545241e-06, 2.1818134428e-06, 2.17395336222e-06, 2.12097870644e-06, 1.83114661922e-06, 1.54775796091e-06, 1.17800016142e-06, 9.05716206034e-07],
        "dvar": [1.46619811403e-06, 9.06520483568e-07, 1.56502039772e-07, 6.34367509633e-08, 3.13234309601e-08, 1.83838366752e-07, 4.8937192787e-07, 2.21796540245e-07, 1.64381333434e-07, 2.18218758619e-07, 8.00717145921e-08, 4.7326707886e-08, 2.89025514633e-08, 2.36500046213e-08, 4.92709411049e-08, 4.43431673602e-08, 2.71413700403e-08, 2.33917951675e-08, 8.75028760561e-09, 5.06505459796e-09, 1.70689917756e-09, 1.24545784796e-09, 1.52225476668e-09, 1.71247072078e-10, 7.68540300844e-11, 1.49059417587e-10, 1.09908818158e-10, 3.88929201345e-11, 3.78088220454e-11, 4.99422656008e-11, 4.02808758571e-11, 3.09543675414e-11, 4.23290014151e-11, 3.25545736202e-11, 4.8420545351e-11, 4.46141769361e-11, 3.20576551416e-11, 2.15074347221e-11, 1.23525304568e-11, 6.968821787e-12],
        "dvar2": [2.92393065138e-06, 2.13589760278e-06, 4.39245667394e-07, 1.63573915302e-07, 7.55881757186e-08, 4.74116745863e-07, 1.2314022797e-06, 5.13383213274e-07, 3.61015992212e-07, 5.45620707726e-07, 1.91826984519e-07, 1.01365927208e-07, 5.15200042628e-08, 5.31757677891e-08, 1.22396201618e-07, 1.06771089747e-07, 6.37309014451e-08, 5.36539097595e-08, 1.89029556452e-08, 1.10729478919e-08, 3.68808028561e-09, 2.64093236169e-09, 2.67770983164e-09, 3.54717033524e-10, 1.92556526279e-10, 3.07648295728e-10, 2.23112264774e-10, 7.78959674541e-11, 8.64823559987e-11, 1.25673513263e-10, 9.38046931798e-11, 6.52150278224e-11, 9.61901114316e-11, 7.56524287659e-11, 1.03342799596e-10, 9.23309623202e-11, 6.50075271391e-11, 4.5163532636e-11, 2.81459439089e-11, 1.49791498649e-11],
        "max": [0.0150126945227, 0.0120786204934, 0.00706730457023, 0.00694514205679, 0.0051388181746, 0.0112408157438, 0.00993636995554, 0.0103753730655, 0.0105637265369, 0.0108670564368, 0.00806081481278, 0.0050300732255, 0.00560801196843, 0.00479464884847, 0.00535504287109, 0.00410991162062, 0.00335535686463, 0.00349253625609, 0.00224009295925, 0.00134770118166, 0.00103396992199, 0.0011974418303, 0.00103364209644, 0.000458725058706, 0.000167112870258, 0.000362967257388, 0.000246782583417, 0.000153847053298, 0.000183783340617, 0.000381608057069, 0.000212899438338, 0.000120242642879, 0.000235165876802, 0.000185631462955, 0.000242930429522, 0.000207135031815, 0.000138135757879, 0.000123852383695, 0.000100202611065, 9.31498216232e-05],
        "mean": [0.000475872977404, 0.0002918697719, 0.000165214267327, 0.000168816564837, 0.000160754541866, 0.000280115491478, 0.000457034620922, 0.000289355230052, 0.000278256746242, 0.000307215726934, 0.000202508075745, 0.000181884446647, 0.000132074637804, 7.09456289769e-05, 0.000153008048073, 0.000159742325195, 9.57895754254e-05, 7.59260074119e-05, 4.39300129074e-05, 3.13424534397e-05, 1.86788020073e-05, 1.70367184182e-05, 2.14738629438e-05, 1.09195016194e-05, 8.1943016994e-06, 1.08555659608e-05, 1.01948453448e-05, 4.77635603602e-06, 2.84990960608e-06, 3.08280482386e-06, 3.07531513499e-06, 3.17247554449e-06, 2.7284349926e-06, 2.20082324631e-06, 2.02862975129e-06, 1.93478535948e-06, 1.79722883331e-06, 1.48412789258e-06, 1.11895303689e-06, 9.05666524886e-07],
        "median": [7.96959625404e-07, 5.38352423973e-06, 5.2902061725e-05, 4.39386130893e-05, 6.72335299896e-05, 0.000110530287202, 0.000122027864563, 8.17798863864e-05, 0.000104791426565, 0.000109638043796, 6.57612763462e-05, 5.79535590077e-05, 2.76832670352e-05, 2.05304822885e-05, 3.1337774999e-05, 3.83714250347e-05, 1.68304341059e-05, 1.07180458144e-05, 6.87930696586e-06, 4.95586164106e-06, 3.63624599231e-06, 3.82452299164e-06, 3.8034784211e-06, 3.27337124872e-06, 3.08977041641e-06, 2.961653081e-06, 2.22576454689e-06, 9.87822431853e-07, 6.18949911768e-07, 4.59943407805e-07, 4.2551101842e-07, 4.25037143259e-07, 3.68854102817e-07, 3.54626962462e-07, 2.66938826599e-07, 2.1409593387e-07, 1.94956072619e-07, 1.99326166239e-07, 1.21658231933e-07, 9.88845982874e-08],
        "min": [1.54743176049e-23, 2.18904956894e-23, 1.16026135256e-23, 1.00302575471e-23, 7.97708769134e-24, 1.75022786216e-23, 1.58079300372e-23, 1.18488075478e-23, 1.40155796848e-23, 5.51656426364e-24, 4.284789909e-24, 5.5768423087e-24, 6.8870901796e-24, 9.79097946845e-24, 7.91678874147e-24, 7.36301864119e-24, 5.80317715203e-24, 6.37260456355e-24, 1.19186406706e-23, 1.33674452542e-23, 9.38799697476e-24, 5.40754092552e-24, 1.1210723994e-23, 2.24092932192e-23, 1.14247814006e-23, 9.92624308128e-24, 9.19625013225e-24, 9.46986653723e-24, 9.74088443438e-24, 1.11273256191e-23, 7.296811912e-24, 1.29397619478e-23, 9.17522698913e-24, 1.09943126264e-23, 8.96421221901e-24, 8.83516877441e-24, 8.24634642868e-24, 8.99816084807e-24, 7.91679505235e-24, 9.66989089722e-24],
        "var": [3.40426777257e-06, 1.27081989376e-06, 1.45232860405e-07, 1.52585627688e-07, 7.90107748116e-08, 2.62501913539e-07, 7.90594640421e-07, 3.94426166395e-07, 3.20556011957e-07, 3.4499606727e-07, 1.77484835717e-07, 1.3373826846e-07, 1.30555889655e-07, 4.37912994755e-08, 1.18970135077e-07, 1.09492468425e-07, 5.2948649909e-08, 4.74813433016e-08, 1.71055436482e-08, 8.10019962216e-09, 3.18259818499e-09, 2.30876850971e-09, 4.6078039162e-09, 5.64853219753e-10, 2.11340445144e-10, 6.21353302144e-10, 4.78232287104e-10, 1.31386498903e-10, 6.13853828879e-11, 8.61467078228e-11, 6.51611264946e-11, 6.59247934021e-11, 7.02628233373e-11, 5.20175708063e-11, 7.84685857957e-11, 7.68352326208e-11, 5.58008396434e-11, 3.3577734343e-11, 1.89140786366e-11, 1.3585716753e-11]
    },
    "mfcc": {
        "mean": [-701.346252441, 117.592880249, -25.7960147858, -14.7612552643, -20.3684501648, -15.7444629669, -10.1348934174, -6.43461799622, -11.3966503143, -1.22183680534, 0.546297669411, -5.77750110626, -6.97000408173],
        "cov": [[14137.4248047, -2386.62060547, 56.4356307983, 371.811737061, 329.946136475, 1034.8236084, 290.166992188, -16.3135261536, -54.7571182251, 178.7371521, 448.25793457, 179.630554199, 171.364532471], [-2386.62060547, 1485.63195801, 21.7955970764, 18.2434577942, -2.74481296539, -294.523071289, -28.7773456573, 15.3401279449, -85.5064468384, -56.7632675171, 8.801820755, -13.6918840408, 0.960549294949], [56.4356307983, 21.7955970764, 898.399658203, 150.29057312, 38.5610389709, 45.9950523376, 8.9232635498, -30.8841629028, -49.2565422058, -4.92934036255, 29.6496753693, 55.4496536255, 3.2545106411], [371.811737061, 18.2434577942, 150.29057312, 305.930480957, 121.636978149, 116.132537842, 47.0709228516, 49.6168289185, 77.8706283569, 48.8184051514, 15.5327014923, 40.1265144348, 43.3971710205], [329.946136475, -2.74481296539, 38.5610389709, 121.636978149, 310.435394287, 179.31968689, 23.2911548615, 53.9034080505, 107.931930542, 72.1608123779, 43.2946586609, 43.8218040466, 45.6417198181], [1034.8236084, -294.523071289, 45.9950523376, 116.132537842, 179.31968689, 410.44934082, 156.579742432, 63.4471549988, 156.937393188, 104.827461243, 57.4289894104, 89.1640167236, 48.1993560791], [290.166992188, -28.7773456573, 8.9232635498, 47.0709228516, 23.2911548615, 156.579742432, 356.476226807, 108.929260254, 53.0858764648, 65.3298797607, 53.8442573547, 33.8590087891, 47.7856636047], [-16.3135261536, 15.3401279449, -30.8841629028, 49.6168289185, 53.9034080505, 63.4471549988, 108.929260254, 176.276901245, 94.1675872803, 27.7806758881, 11.6578722, 7.82986021042, 22.125421524], [-54.7571182251, -85.5064468384, -49.2565422058, 77.8706283569, 107.931930542, 156.937393188, 53.0858764648, 94.1675872803, 240.65296936, 81.4860992432, -1.85292053223, 54.6759376526, 41.3896598816], [178.7371521, -56.7632675171, -4.92934036255, 48.8184051514, 72.1608123779, 104.827461243, 65.3298797607, 27.7806758881, 81.4860992432, 127.436515808, 49.9574279785, 33.2315940857, 39.2812347412], [448.25793457, 8.801820755, 29.6496753693, 15.5327014923, 43.2946586609, 57.4289894104, 53.8442573547, 11.6578722, -1.85292053223, 49.9574279785, 128.403900146, 44.7246360779, 31.4239406586], [179.630554199, -13.6918840408, 55.4496536255, 40.1265144348, 43.8218040466, 89.1640167236, 33.8590087891, 7.82986021042, 54.6759376526, 33.2315940857, 44.7246360779, 116.584564209, 45.9561386108], [171.364532471, 0.960549294949, 3.2545106411, 43.3971710205, 45.6417198181, 48.1993560791, 47.7856636047, 22.125421524, 41.3896598816, 39.2812347412, 31.4239406586, 45.9561386108, 108.811912537]],
