{
"lowlevel": {
    "average_loudness": 0.0877128913999,
    "barkbands_crest": {
        "dmean": 3.09982252121,
        "dmean2": 4.80229997635,
        "dvar": 7.57968235016,
        "dvar2": 16.4692745209,
        "max": 26.3263149261,
        "mean": 11.1439476013,
        "median": 9.90630531311,
        "min": 2.16167330742,
        "var": 31.4839344025
    },
    "barkbands_flatness_db": {
        "dmean": 0.0238797646016,
        "dmean2": 0.0350374691188,
        "dvar": 0.000482584640849,
        "dvar2": 0.000964018749073,
        "max": 0.403312116861,
        "mean": 0.171448603272,
        "median": 0.16377876699,
        "min": 0.0318034999073,
        "var": 0.00266732391901
    },
    "barkbands_kurtosis": {
        "dmean": 3.41342329979,
        "dmean2": 5.15725469589,
        "dvar": 87.4202575684,
        "dvar2": 213.434799194,
        "max": 253.656463623,
        "mean": 4.49368429184,
        "median": 0.920110464096,
        "min": -1.94685316086,
        "var": 201.987335205
    },
    "barkbands_skewness": {
        "dmean": 0.610887646675,
        "dmean2": 0.894290864468,
        "dvar": 0.506363391876,
        "dvar2": 1.01444149017,
        "max": 14.0797271729,
        "mean": 1.39108097553,
        "median": 1.04612541199,
        "min": -4.07699298859,
        "var": 2.43560886383
    },
    "barkbands_spread": {
        "dmean": 6.82431173325,
        "dmean2": 10.307554245,
        "dvar": 61.1211509705,
        "dvar2": 133.855987549,
        "max": 102.364082336,
        "mean": 24.1238117218,
        "median": 21.3750305176,
        "min": 0.801166057587,
        "var": 229.560577393
    },
    "dissonance": {
        "dmean": 0.0163498390466,
        "dmean2": 0.027292791754,
        "dvar": 0.00030230556149,
        "dvar2": 0.000817637890577,
        "max": 0.500000059605,
        "mean": 0.47291752696,
        "median": 0.481013417244,
        "min": 0.302375137806,
        "var": 0.00067032314837
    },
    "dynamic_complexity": 4.61671733856,
    "erbbands_crest": {
        "dmean": 2.92238688469,
        "dmean2": 4.67682170868,
        "dvar": 8.42119693756,
        "dvar2": 19.7422981262,
        "max": 31.8688030243,
        "mean": 9.53490447998,
        "median": 7.78276634216,
        "min": 2.27127027512,
        "var": 30.8457431793
    },
    "erbbands_flatness_db": {
        "dmean": 0.0171498414129,
        "dmean2": 0.0257143229246,
        "dvar": 0.000251557503361,
        "dvar2": 0.000535822357051,
        "max": 0.425763309002,
        "mean": 0.199264526367,
        "median": 0.184322059155,
        "min": 0.0806451141834,
        "var": 0.00308473873883
    },
    "erbbands_kurtosis": {
        "dmean": 1.06798171997,
        "dmean2": 1.69453692436,
        "dvar": 2.56560945511,
        "dvar2": 6.04583883286,
        "max": 36.7947807312,
        "mean": 0.778234839439,
        "median": 0.102758646011,
        "min": -1.79396009445,
        "var": 6.1530790329
    },
    "erbbands_skewness": {
        "dmean": 0.402691394091,
        "dmean2": 0.611653923988,
        "dvar": 0.150651931763,
        "dvar2": 0.337628245354,
        "max": 5.20561885834,
        "mean": 0.345685005188,
        "median": 0.278811991215,
        "min": -4.17374420166,
        "var": 0.791272997856
    },
    "erbbands_spread": {
        "dmean": 8.2178106308,
        "dmean2": 12.518828392,
        "dvar": 77.2212219238,
        "dvar2": 172.640838623,
        "max": 161.840332031,
        "mean": 36.0099525452,
        "median": 33.5948371887,
        "min": 2.50548171997,
        "var": 395.962493896
    },
    "hfc": {
        "dmean": 7.70171403885,
        "dmean2": 11.3128786087,
        "dvar": 112.512336731,
        "dvar2": 240.880126953,
        "max": 534.019836426,
        "mean": 20.6452960968,
        "median": 14.610991478,
        "min": 1.20292786903e-16,
        "var": 519.473205566
    },
    "melbands_crest": {
        "dmean": 4.07894325256,
        "dmean2": 6.33677101135,
        "dvar": 14.4509649277,
        "dvar2": 31.411863327,
        "max": 36.3418922424,
        "mean": 15.7699193954,
        "median": 14.8936538696,
        "min": 1.74936103821,
        "var": 49.7196006775
    },
    "melbands_flatness_db": {
        "dmean": 0.0307059660554,
        "dmean2": 0.0430031120777,
        "dvar": 0.000839380605612,
        "dvar2": 0.00159940891899,
        "max": 0.472865283489,
        "mean": 0.181872367859,
        "median": 0.173982203007,
        "min": 0.00486215204,
        "var": 0.00452927593142
    },
    "melbands_kurtosis": {
        "dmean": 10.0698928833,
        "dmean2": 14.8826980591,
        "dvar": 669.652709961,
        "dvar2": 1474.79321289,
        "max": 850.030273438,
        "mean": 17.5317382812,
        "median": 5.13803768158,
        "min": -1.8257651329,
        "var": 1933.57116699
    },
    "melbands_skewness": {
        "dmean": 0.901504099369,
        "dmean2": 1.30343306065,
        "dvar": 1.23152863979,
        "dvar2": 2.27058458328,
        "max": 23.2742767334,
        "mean": 2.60113358498,
        "median": 1.88990783691,
        "min": -1.91117143631,
        "var": 6.6967587471
    },
    "melbands_spread": {
        "dmean": 9.18547058105,
        "dmean2": 14.1257505417,
        "dvar": 148.274795532,
        "dvar2": 328.892852783,
        "max": 244.286834717,
        "mean": 27.0814704895,
        "median": 22.7317047119,
        "min": 0.590656757355,
        "var": 410.025665283
    },
    "pitch_salience": {
        "dmean": 0.0850845351815,
        "dmean2": 0.130091771483,
        "dvar": 0.00661179656163,
        "dvar2": 0.0143064688891,
        "max": 0.876933336258,
        "mean": 0.528593242168,
        "median": 0.543870985508,
        "min": 0.0443559810519,
        "var": 0.0280465912074
    },
    "silence_rate_20dB": {
        "dmean": 0.001161889988,
        "dmean2": 0.00232400512323,
        "dvar": 0.00116014888044,
        "dvar2": 0.00347904092632,
        "max": 1,
        "mean": 0.999031841755,
        "median": 1,
        "min": 0,
        "var": 0.000967226747889
    },
    "silence_rate_30dB": {
        "dmean": 0.00755228521302,
        "dmean2": 0.0151060326025,
        "dvar": 0.00749488081783,
        "dvar2": 0.0197201967239,
        "max": 1,
        "mean": 0.989447176456,
        "median": 1,
        "min": 0,
        "var": 0.0104434257373
    },
    "silence_rate_60dB": {
        "dmean": 0.0284663047642,
        "dmean2": 0.0569381229579,
        "dvar": 0.0276579018682,
        "dvar2": 0.0645353421569,
        "max": 1,
        "mean": 0.185787588358,
        "median": 0,
        "min": 0,
        "var": 0.151295363903
    },
    "spectral_centroid": {
        "dmean": 294.417541504,
        "dmean2": 463.756225586,
        "dvar": 101995.273438,
        "dvar2": 235847.125,
        "max": 11580.0517578,
        "mean": 1654.56555176,
        "median": 1594.6965332,
        "min": 191.301193237,
        "var": 392304.09375
    },
    "spectral_complexity": {
        "dmean": 5.37490320206,
        "dmean2": 7.72847890854,
        "dvar": 43.2359619141,
        "dvar2": 81.227935791,
        "max": 64,
        "mean": 18.2620773315,
        "median": 17,
        "min": 0,
        "var": 145.619750977
    },
    "spectral_decrease": {
        "dmean": 2.45387310471e-09,
        "dmean2": 3.60541640987e-09,
        "dvar": 1.56384036913e-17,
        "dvar2": 4.05830591125e-17,
        "max": 8.55642887155e-29,
        "mean": -6.80871581338e-09,
        "median": -4.53592230443e-09,
        "min": -1.50179218394e-07,
        "var": 5.78728511418e-17
    },
    "spectral_energy": {
        "dmean": 0.00976198446006,
        "dmean2": 0.0143754547462,
        "dvar": 0.000235809042351,
        "dvar2": 0.000610178161878,
        "max": 0.59776288271,
        "mean": 0.0275701992214,
        "median": 0.019396206364,
        "min": 1.05879796953e-20,
        "var": 0.00089775014203
    },
    "spectral_energyband_high": {
        "dmean": 0.000520361936651,
        "dmean2": 0.000788082310464,
        "dvar": 9.11349729904e-07,
        "dvar2": 1.97338749786e-06,
        "max": 0.044387191534,
        "mean": 0.00101179198828,
        "median": 0.00053912808653,
        "min": 7.89480159769e-21,
        "var": 3.58893066732e-06
    },
    "spectral_energyband_low": {
        "dmean": 0.00505426712334,
        "dmean2": 0.00712618418038,
        "dvar": 0.000145954589243,
        "dvar2": 0.000385362800444,
        "max": 0.445877671242,
        "mean": 0.0123003562912,
        "median": 0.0040071150288,
        "min": 7.40473376363e-23,
        "var": 0.000416508497437
    },
    "spectral_energyband_middle_high": {
        "dmean": 0.00228477991186,
        "dmean2": 0.00332650099881,
        "dvar": 1.61491389008e-05,
        "dvar2": 3.39653925039e-05,
        "max": 0.112202741206,
        "mean": 0.00572876818478,
        "median": 0.00286004785448,
        "min": 1.13671216323e-21,
        "var": 7.39329479984e-05
    },
    "spectral_energyband_middle_low": {
        "dmean": 0.00547594716772,
        "dmean2": 0.00860150158405,
        "dvar": 9.69161337707e-05,
        "dvar2": 0.000255074264714,
        "max": 0.374746203423,
        "mean": 0.00908312853426,
        "median": 0.0032375017181,
        "min": 2.8874015595e-22,
        "var": 0.000203812654945
    },
    "spectral_entropy": {
        "dmean": 0.134805575013,
        "dmean2": 0.20185790956,
        "dvar": 0.0173232387751,
        "dvar2": 0.0371511355042,
        "max": 9.79790306091,
        "mean": 7.78211688995,
        "median": 7.80213785172,
        "min": 5.91071891785,
        "var": 0.0997842624784
    },
    "spectral_flux": {
        "dmean": 0.0234372876585,
        "dmean2": 0.0363592915237,
        "dvar": 0.000638301717117,
        "dvar2": 0.00152513512876,
        "max": 0.546036660671,
        "mean": 0.0847175270319,
        "median": 0.0816845670342,
        "min": 6.97517321679e-11,
        "var": 0.00268638529815
    },
    "spectral_kurtosis": {
        "dmean": 1.42392110825,
        "dmean2": 2.46514868736,
        "dvar": 2.52146291733,
        "dvar2": 7.62244510651,
        "max": 17.3566207886,
        "mean": 2.47876358032,
        "median": 1.63966560364,
        "min": -1.43491280079,
        "var": 6.6546626091
    },
    "spectral_rms": {
        "dmean": 0.000852624885738,
        "dmean2": 0.00122834276408,
        "dvar": 8.88184047199e-07,
        "dvar2": 1.93484038391e-06,
        "max": 0.0241491887718,
        "mean": 0.00448287278414,
        "median": 0.00435007223859,
        "min": 3.21399070552e-12,
        "var": 6.8016233854e-06
    },
    "spectral_rolloff": {
        "dmean": 620.630432129,
        "dmean2": 1007.16064453,
        "dvar": 984228.8125,
        "dvar2": 2206852.75,
        "max": 18927.6855469,
        "mean": 1719.75830078,
        "median": 1485.79101562,
        "min": 64.599609375,
        "var": 2268322
    },
    "spectral_skewness": {
        "dmean": 0.204647004604,
        "dmean2": 0.339094817638,
        "dvar": 0.0333692915738,
        "dvar2": 0.0897429287434,
        "max": 3.23888921738,
        "mean": 1.11194837093,
        "median": 1.04350757599,
        "min": -0.371508479118,
        "var": 0.178430601954
    },
    "spectral_spread": {
        "dmean": 396359.21875,
        "dmean2": 592482.625,
        "dvar": 253164650496,
        "dvar2": 475839135744,
        "max": 41238672,
        "mean": 4044677.25,
        "median": 4074541,
        "min": 1738301,
        "var": 1.47829175091e+12
    },
    "spectral_strongpeak": {
        "dmean": 0.552572906017,
        "dmean2": 0.910237193108,
        "dvar": 0.923762500286,
        "dvar2": 2.23135280609,
        "max": 24.4210414886,
        "mean": 0.98782402277,
        "median": 0.505844652653,
        "min": 0,
        "var": 1.97655022144
    },
    "zerocrossingrate": {
        "dmean": 0.0117226270959,
        "dmean2": 0.0132256746292,
        "dvar": 0.000180489485501,
        "dvar2": 0.000205539647141,
        "max": 0.65380859375,
        "mean": 0.0662362575531,
        "median": 0.06201171875,
        "min": 0.00244140625,
        "var": 0.00128150347155
    },
    "barkbands": {
        "dmean": [0.000309816095978, 0.00446900492534, 0.0017895718338, 0.000772777013481, 0.0011331186397, 0.000512375787366, 0.000997295021079, 0.00157711771317, 0.00179538992234, 0.000876760517713, 0.000381386722438, 0.000462246855022, 0.000410168984672, 0.000504751864355, 0.00033363836701, 0.000226605203352, 0.000228177043027, 0.000162888740306, 0.00012454125681, 0.000148311533849, 0.000145609985339, 0.000155555448146, 0.000116439936392, 0.000115855800686, 1.81254472409e-05, 4.22923619681e-07, 3.27015481361e-09],
        "dmean2": [0.000454647262814, 0.00614056084305, 0.00254169595428, 0.00136677012779, 0.00189709931146, 0.000829957425594, 0.00157503189985, 0.00247995392419, 0.00272816419601, 0.00133630319033, 0.000620170030743, 0.000735877023544, 0.00063377560582, 0.00079313252354, 0.000527588475961, 0.000365365151083, 0.000368199427612, 0.000254953483818, 0.000198065579752, 0.000240299676079, 0.000227558906772, 0.000255322345765, 0.000174309549038, 0.000177894689841, 2.90081497951e-05, 6.67210144911e-07, 6.28158991489e-09],
        "dvar": [2.00316117116e-06, 0.000112085333967, 1.82717030839e-05, 4.82680252389e-06, 2.55319919233e-05, 1.88387957678e-06, 1.14142503662e-05, 2.3170861823e-05, 2.64544087258e-05, 1.08943204395e-05, 7.77212392222e-07, 1.30975774937e-06, 1.09205939225e-06, 1.47932576056e-06, 4.25175073815e-07, 1.42010691206e-07, 1.2877396216e-07, 7.18461663496e-08, 5.44833866911e-08, 6.77894291812e-08, 1.23390307749e-07, 1.03701907506e-07, 8.95775968957e-08, 6.58920242813e-08, 1.58633994829e-08, 5.00930859293e-11, 8.93703700318e-15],
        "dvar2": [5.42772113477e-06, 0.000277827173704, 3.77695032512e-05, 1.34945948957e-05, 6.82906174916e-05, 4.7282678679e-06, 2.78470361081e-05, 5.82462635066e-05, 6.18422709522e-05, 2.49770564551e-05, 2.02479850486e-06, 3.04999662148e-06, 2.41991142502e-06, 3.48927824234e-06, 1.04220532648e-06, 3.48173188058e-07, 3.13354860282e-07, 1.67172927945e-07, 1.29660520543e-07, 1.63659024111e-07, 2.64541370143e-07, 2.63491500618e-07, 1.88373576293e-07, 1.49216532463e-07, 3.60150664847e-08, 1.19706369817e-10, 2.80691438246e-14],
        "max": [0.0460361540318, 0.38432508707, 0.102747701108, 0.0682876035571, 0.32811832428, 0.0377684310079, 0.0664507001638, 0.0837174281478, 0.0901035666466, 0.093732252717, 0.0219078548253, 0.0516018681228, 0.0284780971706, 0.0325957387686, 0.0203056987375, 0.0145264621824, 0.0119142401963, 0.0094553232193, 0.015462947078, 0.0100105265155, 0.0195528455079, 0.00974320247769, 0.0216489676386, 0.0103943301365, 0.0119856921956, 0.00033495016396, 5.43300893696e-06],
        "mean": [0.000399399345042, 0.00928479805589, 0.00229402119294, 0.000669457425829, 0.00129216187634, 0.000653790484648, 0.00138845096808, 0.00210286700167, 0.0024889651686, 0.00153346720617, 0.000556216167752, 0.000687970023137, 0.000619881902821, 0.000716184324119, 0.00051838462241, 0.000353996700142, 0.000371490692487, 0.000274908175925, 0.000216121858102, 0.00025083462242, 0.000255778024439, 0.000232728823903, 0.000196341265109, 0.00018454293604, 2.68619423878e-05, 6.01509213993e-07, 2.19764006992e-09],
        "median": [4.90148522658e-05, 0.00211967155337, 0.000371884641936, 0.000117778814456, 0.000277498504147, 0.000144499601447, 0.000164927958394, 0.000177770882146, 0.000294893718092, 0.000174439875991, 0.000170083512785, 0.000216185711906, 0.000179533482878, 0.000233563143411, 0.000219097622903, 0.000174062966835, 0.000188352467376, 0.000153463231982, 0.000118800606288, 0.000119278571219, 0.000108761574666, 0.000100091572676, 8.85302142706e-05, 8.24677263154e-05, 4.25284906669e-06, 3.77661429907e-10, 3.94902166523e-10],
        "min": [2.47308012116e-24, 3.96757970934e-23, 1.3387086313e-23, 1.97170071907e-23, 4.44449945354e-23, 3.35584710742e-23, 2.74122222588e-23, 3.8872282308e-23, 6.33146956942e-23, 3.32740109873e-23, 8.47678689859e-23, 5.46828155862e-23, 8.3493965909e-23, 6.17475635525e-23, 1.19425816524e-22, 1.00025871464e-22, 9.10812427172e-23, 9.29610288346e-23, 1.97245556429e-22, 2.27749040586e-22, 3.90322620374e-22, 4.52411300004e-22, 5.59454499428e-22, 9.38247583195e-22, 1.17455375774e-21, 1.83220909577e-21, 2.22537292807e-21],
        "var": [2.76568152913e-06, 0.000292950076982, 2.83327863144e-05, 4.92098115501e-06, 3.24845386785e-05, 2.60721458289e-06, 2.18146833504e-05, 4.20015348936e-05, 5.1677096053e-05, 3.3912332583e-05, 1.41021791933e-06, 2.58023374045e-06, 2.3267598408e-06, 2.18680406761e-06, 7.5803876598e-07, 2.42289473817e-07, 2.76408002264e-07, 1.56901890591e-07, 1.24024808201e-07, 1.49656628423e-07, 3.28756755152e-07, 2.00061208488e-07, 2.11189018273e-07, 1.6094507771e-07, 6.57720562458e-08, 9.23405102382e-11, 4.67916797228e-15]
    },
    "erbbands": {
        "dmean": [0.154139950871, 1.01901185513, 2.09656381607, 2.18150115013, 3.21817803383, 3.83922123909, 3.94152116776, 4.43906593323, 6.44639968872, 28.9966869354, 37.8465309143, 35.4963340759, 32.8347167969, 18.6137676239, 14.2354068756, 18.9060707092, 16.704957962, 24.2058982849, 19.3038215637, 14.5528059006, 12.2061014175, 12.7957086563, 9.20530509949, 6.82103919983, 6.30281829834, 6.87470626831, 6.39999103546, 5.88155412674, 5.5651102066, 3.81388807297, 3.57154369354, 2.4675257206, 1.9166084528, 0.388883382082, 0.0371330529451, 0.0048666652292, 0.000169591978192, 1.70034727489e-05, 7.33011620468e-06, 1.16844958029e-05],
        "dmean2": [0.202776789665, 1.35261154175, 2.84829568863, 3.5835249424, 5.55811882019, 6.37233781815, 6.33875989914, 7.27950763702, 10.2138109207, 45.1992416382, 59.0061531067, 53.65001297, 50.5046005249, 27.5859527588, 23.2846126556, 29.555896759, 25.262304306, 37.4317359924, 30.5848617554, 23.3316135406, 19.4750175476, 20.7172279358, 14.285774231, 10.628238678, 9.94284629822, 11.2338409424, 10.1594200134, 9.36179924011, 8.97158908844, 6.10352563858, 5.44768810272, 3.79585075378, 2.95655918121, 0.613435328007, 0.0530849844217, 0.00776535412297, 0.000265615555691, 2.632700307e-05, 1.12851448648e-05, 1.74404467543e-05],
        "dvar": [0.181097447872, 5.60317611694, 26.1666469574, 30.0346775055, 187.555892944, 483.469787598, 140.964584351, 179.919326782, 530.122375488, 8677.21289062, 14326.8974609, 10828.8476562, 11674.3388672, 4764.83837891, 927.951599121, 2383.50805664, 1750.2286377, 3450.58251953, 1677.24902344, 610.325744629, 432.11920166, 400.478637695, 223.220855713, 144.898345947, 116.664154053, 143.141601562, 262.199951172, 133.019470215, 123.680107117, 61.0967445374, 125.425689697, 28.9179077148, 20.0434875488, 3.28708410263, 0.47156471014, 0.00752001581714, 4.12111921833e-06, 1.63516560292e-08, 4.46873510418e-10, 3.18979065383e-10],
        "dvar2": [0.463992297649, 13.1878385544, 58.1142921448, 78.2900009155, 536.107849121, 1202.90466309, 314.3828125, 466.458221436, 1325.15588379, 21926.3652344, 35894.0703125, 24744.1308594, 27388.9199219, 9731.95410156, 2363.93188477, 5361.59472656, 3798.27905273, 7992.69580078, 4102.77978516, 1481.61193848, 1053.01855469, 983.889892578, 514.815246582, 320.644805908, 271.048828125, 352.985931396, 582.026550293, 296.254760742, 304.847961426, 142.870223999, 258.59274292, 68.9518432617, 44.8759231567, 7.77783346176, 1.06943166256, 0.0179028008133, 9.64775517787e-06, 4.29960778092e-08, 1.22454768547e-09, 8.19356082982e-10],
        "max": [12.9154996872, 91.7509689331, 150.480560303, 139.700683594, 613.730163574, 1806.66369629, 472.316589355, 400.832366943, 731.79699707, 1840.35192871, 1986.70715332, 2446.14038086, 2763.29956055, 2498.21801758, 1072.11682129, 2303.05566406, 1236.19970703, 1873.29077148, 1037.28796387, 533.569396973, 873.4765625, 643.698120117, 548.200134277, 729.141967773, 478.988830566, 402.390197754, 872.120666504, 428.843048096, 341.798065186, 359.737182617, 873.698120117, 234.407913208, 153.87310791, 141.453277588, 71.1673126221, 9.74952316284, 0.220054134727, 0.0113377021626, 0.00147992104758, 0.000838530773763],
        "mean": [0.285679191351, 1.96700370312, 3.11367464066, 2.36222314835, 3.04000973701, 4.64854764938, 5.34694242477, 5.33769845963, 9.14638805389, 40.5733337402, 53.8744430542, 50.3735389709, 52.673286438, 35.3042793274, 22.6430835724, 29.973192215, 28.5318393707, 36.2797012329, 31.1308994293, 23.8027648926, 19.9067287445, 21.5027503967, 16.345407486, 12.4295101166, 11.0796480179, 11.5968742371, 10.8005237579, 9.75095081329, 8.53652095795, 6.25863409042, 5.79620885849, 3.97160410881, 2.91843938828, 0.59968739748, 0.0832585319877, 0.0102936690673, 0.000354861636879, 3.38650461345e-05, 2.08513229154e-05, 3.43570245604e-05],
        "median": [0.0457272157073, 0.441449940205, 0.65883731842, 0.544352531433, 0.567604780197, 0.913964867592, 1.23225665092, 1.31295597553, 2.04753041267, 4.18440628052, 5.11980819702, 6.93247509003, 8.01477718353, 6.9167304039, 8.07732963562, 9.78691101074, 9.43759441376, 12.1789474487, 11.7475242615, 11.8360881805, 10.3717012405, 11.2551860809, 9.28896713257, 7.19995975494, 5.93871450424, 5.55936145782, 4.51906299591, 4.1099691391, 3.68624734879, 2.68975329399, 2.54902172089, 1.79855549335, 1.21948444843, 0.174995034933, 0.00462040118873, 0.000312543386826, 5.51355115022e-05, 1.28109386424e-05, 1.66569861904e-05, 2.60907872871e-05],
        "min": [9.41177854359e-22, 1.02870668981e-20, 2.30456347599e-20, 4.02816989656e-20, 9.60098391103e-20, 9.50477698968e-20, 2.19034453524e-19, 3.9649695496e-19, 4.94272314153e-19, 2.47943692149e-19, 1.16833760772e-18, 1.26165960744e-18, 9.90656213614e-19, 1.78987429575e-18, 2.74454515419e-18, 2.1470831443e-18, 3.95241248261e-18, 3.30944892159e-18, 5.87999642713e-18, 4.52859795959e-18, 4.06092120819e-18, 5.82422170638e-18, 5.71952173393e-18, 9.48328327015e-18, 1.00955077656e-17, 1.21092756582e-17, 1.20213513221e-17, 1.66403725304e-17, 1.54757353151e-17, 1.35647164896e-17, 1.8979086746e-17, 2.16589269376e-17, 1.41941049828e-17, 1.1382267445e-17, 7.78623538953e-18, 5.49517918487e-18, 3.47387071387e-18, 1.18152596861e-18, 3.29385517117e-19, 3.46420009363e-20],
        "var": [0.378247022629, 13.7393579483, 45.0314903259, 33.742565155, 190.007705688, 656.417541504, 271.27734375, 204.597320557, 806.450256348, 16511.171875, 27534, 20846.7128906, 26659.5449219, 17145.6621094, 1873.328125, 4990.43115234, 4311.54199219, 5247.52099609, 3127.36791992, 1098.94787598, 761.770690918, 879.82019043, 526.906311035, 341.34588623, 310.708007812, 309.0206604, 552.528076172, 376.75769043, 261.482177734, 165.089126587, 249.168075562, 69.9050827026, 44.9459991455, 11.2663373947, 2.20793199539, 0.0290024001151, 1.79927901627e-05, 5.70805589462e-08, 1.49881684841e-09, 1.33694633142e-09]
    },
    "gfcc": {
        "mean": [-44.6236763, 105.258666992, -168.248382568, 55.9681968689, -73.9904174805, 30.8721961975, -26.239692688, 0.590255260468, 4.82013702393, -17.7635440826, 7.34431934357, -20.8607788086, 4.63427114487],
        "cov": [[7449.5625, 12.6802492142, 1074.02807617, 1311.30737305, -53.9599189758, 427.618804932, 64.8822250366, 315.254150391, 273.171051025, 326.975524902, 47.9718284607, -124.73336792, -8.25700950623], [12.6802492142, 844.926635742, 242.11882019, 96.4500045776, 207.7550354, -30.92694664, 110.759887695, -36.1898345947, 101.470550537, -19.2618026733, 86.4688491821, -35.3887214661, 20.9067153931], [1074.02807617, 242.11882019, 1449.51147461, 935.40802002, 224.285751343, 330.740600586, -55.7226715088, 188.783126831, 133.202041626, 217.875030518, 54.6733207703, 28.2950744629, -2.07910323143], [1311.30737305, 96.4500045776, 935.40802002, 964.275634766, 264.723693848, 278.927856445, 9.15547084808, 85.7019500732, 127.229942322, 157.015472412, 27.3944244385, 11.6613016129, 6.23738718033], [-53.9599189758, 207.7550354, 224.285751343, 264.723693848, 361.115753174, 161.673324585, 130.653182983, 38.8999023438, 81.5465393066, 30.5679168701, 36.9054641724, 11.8344745636, 29.571023941], [427.618804932, -30.92694664, 330.740600586, 278.927856445, 161.673324585, 293.679473877, 91.3950119019, 87.5523529053, 26.432302475, 37.9896850586, 19.6090488434, 15.9858360291, 6.61915445328], [64.8822250366, 110.759887695, -55.7226715088, 9.15547084808, 130.653182983, 91.3950119019, 241.054046631, 77.2501373291, 65.8591156006, -3.91273617744, 29.2699604034, -3.63869524002, 20.2844276428], [315.254150391, -36.1898345947, 188.783126831, 85.7019500732, 38.8999023438, 87.5523529053, 77.2501373291, 195.052337646, 108.278877258, 88.2288894653, 28.7463626862, -7.05978822708, 2.94834661484], [273.171051025, 101.470550537, 133.202041626, 127.229942322, 81.5465393066, 26.432302475, 65.8591156006, 108.278877258, 235.54737854, 123.002388, 61.28307724, -23.343542099, -4.11312818527], [326.975524902, -19.2618026733, 217.875030518, 157.015472412, 30.5679168701, 37.9896850586, -3.91273617744, 88.2288894653, 123.002388, 172.51385498, 64.9070281982, 5.01693725586, -7.35762691498], [47.9718284607, 86.4688491821, 54.6733207703, 27.3944244385, 36.9054641724, 19.6090488434, 29.2699604034, 28.7463626862, 61.28307724, 64.9070281982, 121.40687561, 44.3159790039, 21.2968463898], [-124.73336792, -35.3887214661, 28.2950744629, 11.6613016129, 11.8344745636, 15.9858360291, -3.63869524002, -7.05978822708, -23.343542099, 5.01693725586, 44.3159790039, 100.015960693, 41.2622833252], [-8.25700950623, 20.9067153931, -2.07910323143, 6.23738718033, 29.571023941, 6.61915445328, 20.2844276428, 2.94834661484, -4.11312818527, -7.35762691498, 21.2968463898, 41.2622833252, 81.2016677856]],
        "icov": [[0.000258553220192, -0.000228048753343, 0.000341077771736, -0.000660201825667, 0.000649681198411, -0.000400486256694, 5.22227273905e-05, -0.000397759140469, 0.000117508454423, -0.000279331405181, 2.20463298319e-05, 0.00031531607965, -0.000243465488893], [-0.000228048753343, 0.00326056429185, -0.00232194154523, 0.00167141458951, -0.00209607696161, 0.00251952372491, -0.00183411489706, 0.00256520998664, -0.00133846339304, 0.00269243307412, -0.00305625563487, 0.00233683688566, -0.000337266596034], [0.000341077771736, -0.00232194154523, 0.00430312147364, -0.00365426740609, 0.00171590468381, -0.00262285256758, 0.00272966455668, -0.00387715967372, 0.001536237658, -0.00230299634859, 0.00150489411317, -0.00145627348684, 0.000285653310129], [-0.000660201825667, 0.00167141458951, -0.00365426740609, 0.00577642023563, -0.00303232693113, 0.000706792459823, -0.00106532510836, 0.00387693429366, -0.00174125435296, 0.000317451864248, 0.000239816698013, 9.4049020845e-05, -3.28462338075e-05], [0.000649681198411, -0.00209607696161, 0.00171590468381, -0.00303232693113, 0.00763200595975, -0.00373708759435, -0.0011811995646, -0.000388195912819, -0.000598211598117, -0.00132562604267, 0.00124545197468, -0.000428033003118, -0.00154250639025], [-0.000400486256694, 0.00251952372491, -0.00262285256758, 0.000706792459823, -0.00373708759435, 0.00933063589036, -0.00316893635318, -0.000255312479567, 0.0011451478349, 0.00255255890079, -0.00254975934513, 0.000631850911304, 0.00122730282601], [5.22227273905e-05, -0.00183411489706, 0.00272966455668, -0.00106532510836, -0.0011811995646, -0.00316893635318, 0.00923219136894, -0.00486729899421, -0.00050255242968, 0.00117693317588, 1.24404441522e-05, -0.000597666949034, -0.00043015263509], [-0.000397759140469, 0.00256520998664, -0.00387715967372, 0.00387693429366, -0.000388195912819, -0.000255312479567, -0.00486729899421, 0.0135957729071, -0.00433575175703, -0.00154226273298, 3.18121955445e-08, 0.00155313836876, -0.00136216846295], [0.000117508454423, -0.00133846339304, 0.001536237658, -0.00174125435296, -0.000598211598117, 0.0011451478349, -0.00050255242968, -0.00433575175703, 0.0105541972443, -0.00573672680184, -0.00137464655563, 0.00230719405226, 0.000140055388329], [-0.000279331405181, 0.00269243307412, -0.00230299634859, 0.000317451864248, -0.00132562604267, 0.00255255890079, 0.00117693317588, -0.00154226273298, -0.00573672680184, 0.0167304500937, -0.007630137261, 0.0013793152757, 0.00175732991192], [2.20463298319e-05, -0.00305625563487, 0.00150489411317, 0.000239816698013, 0.00124545197468, -0.00254975934513, 1.24404441522e-05, 3.18121955445e-08, -0.00137464655563, -0.007630137261, 0.0177951864898, -0.00893480610102, -0.000327552843373], [0.00031531607965, 0.00233683688566, -0.00145627348684, 9.4049020845e-05, -0.000428033003118, 0.000631850911304, -0.000597666949034, 0.00155313836876, 0.00230719405226, 0.0013793152757, -0.00893480610102, 0.01921996288, -0.00759818451479], [-0.000243465488893, -0.000337266596034, 0.000285653310129, -3.28462338075e-05, -0.00154250639025, 0.00122730282601, -0.00043015263509, -0.00136216846295, 0.000140055388329, 0.00175732991192, -0.000327552843373, -0.00759818451479, 0.0171187501401]]
    },
    "melbands": {
        "dmean": [0.00125488662161, 0.00106253987178, 0.000395929382648, 0.000257214676822, 0.000143302881042, 9.75394796114e-05, 0.000123531805002, 0.000322789739585, 0.000326577719534, 0.000222079470404, 0.000165955672855, 8.18905245978e-05, 5.21842921444e-05, 4.44747784059e-05, 5.49795477127e-05, 3.76713214791e-05, 4.91875907755e-05, 3.53396244464e-05, 2.27035870921e-05, 1.6896688976e-05, 1.48577646542e-05, 1.45427802636e-05, 1.08076865217e-05, 7.76559227234e-06, 5.77718401473e-06, 4.92650542583e-06, 5.41616827832e-06, 4.49416666015e-06, 4.56222596767e-06, 3.37664164363e-06, 3.82589905712e-06, 3.52118604496e-06, 2.81822894976e-06, 1.95731604435e-06, 2.13628550227e-06, 1.9362068997e-06, 1.46836146087e-06, 1.43153283716e-06, 1.08045981051e-06, 1.1504668862e-07],
        "dmean2": [0.0016855438007, 0.00140373804606, 0.000640301499516, 0.000437937880633, 0.000230639212532, 0.000158910697792, 0.000194589316379, 0.000503212038893, 0.000506260083057, 0.000335149466991, 0.000256059865933, 0.000121282770124, 8.52202501846e-05, 7.18935989426e-05, 8.46321418067e-05, 5.87712929701e-05, 7.65162913012e-05, 5.69920957787e-05, 3.64841762348e-05, 2.67821214948e-05, 2.39988348767e-05, 2.39231158048e-05, 1.71686606336e-05, 1.21518833112e-05, 9.16092812986e-06, 7.84949679655e-06, 8.8569449872e-06, 7.39204097044e-06, 7.48286674934e-06, 5.23883863934e-06, 6.25055008641e-06, 5.77685204917e-06, 4.67758718514e-06, 3.08970425067e-06, 3.30092575496e-06, 2.98707527691e-06, 2.32072761719e-06, 2.24144991989e-06, 1.72010379629e-06, 1.87354345371e-07],
        "dvar": [9.80874574452e-06, 6.22535844741e-06, 9.85445922197e-07, 1.63702247846e-06, 2.40550605213e-07, 8.47088088562e-08, 1.68714549886e-07, 9.35264552027e-07, 1.03022068743e-06, 4.05438584039e-07, 3.05792156041e-07, 1.08243206398e-07, 1.39937226251e-08, 9.97804683323e-09, 2.43199895777e-08, 7.53291562461e-09, 1.56504036397e-08, 6.37885699817e-09, 1.85959714294e-09, 7.72242270131e-10, 6.75048905663e-10, 5.3848792092e-10, 3.88893889314e-10, 1.64586622109e-10, 1.23499765969e-10, 8.39309177714e-11, 8.65142263384e-11, 6.64126462158e-11, 8.65294225161e-11, 1.45851178357e-10, 5.82368459012e-11, 5.3856922394e-11, 3.2682901524e-11, 1.64090806914e-11, 8.13023398605e-11, 1.45853867178e-11, 1.17003837175e-11, 1.28529608831e-11, 7.40065387445e-12, 2.45099210025e-12],
        "dvar2": [2.48706546699e-05, 1.49246870933e-05, 2.58034947365e-06, 4.45034493168e-06, 5.67880476865e-07, 2.19021856651e-07, 4.08113010053e-07, 2.37490075961e-06, 2.54109272646e-06, 9.20877710087e-07, 7.18180899639e-07, 2.23684239131e-07, 3.63802428183e-08, 2.42446116516e-08, 4.89800235925e-08, 1.82169834773e-08, 3.63672825188e-08, 1.58158659502e-08, 4.69158800698e-09, 1.84773252254e-09, 1.68357694452e-09, 1.37758160434e-09, 9.10214736916e-10, 3.87169657445e-10, 2.82001505481e-10, 2.02069500022e-10, 2.15829867867e-10, 1.63444716095e-10, 2.04367411882e-10, 2.98159608114e-10, 1.40448541686e-10, 1.34220246029e-10, 8.27762164368e-11, 3.80783633791e-11, 1.64311536599e-10, 3.62033424073e-11, 2.76207633154e-11, 2.99169022888e-11, 1.6955659099e-11, 6.21412730301e-12],
        "max": [0.0960498079658, 0.0812267586589, 0.0283057056367, 0.0796275660396, 0.0311345309019, 0.00958409439772, 0.0106010194868, 0.0204874612391, 0.0153093859553, 0.0164096560329, 0.0134059572592, 0.0121202496812, 0.00343351648189, 0.00308616808616, 0.00555423274636, 0.0022388594225, 0.00384327047504, 0.00229886034504, 0.00139856047463, 0.000867803755682, 0.000990588450804, 0.000654378498439, 0.000664372520987, 0.000463066331577, 0.000684318074491, 0.000466616125777, 0.000372383772628, 0.000256999133853, 0.000311283976771, 0.000849143136293, 0.000296737212921, 0.000190003222087, 0.000214995525312, 0.000196397610125, 0.000758468348067, 0.000168169834069, 0.000166011363035, 0.000126783867017, 0.000117157585919, 0.000132302491693],
        "mean": [0.00257741077803, 0.00202865758911, 0.000442601885879, 0.000272395060165, 0.000198408859433, 0.000119707765407, 0.000175126493559, 0.000446921010735, 0.000459184811916, 0.000311258569127, 0.000266679766355, 0.000152064021677, 7.73354331614e-05, 6.70285808155e-05, 8.55690159369e-05, 5.58223036933e-05, 6.90064480295e-05, 5.24698843947e-05, 3.50574009644e-05, 2.6651794542e-05, 2.22235266847e-05, 2.27050131798e-05, 1.76528919837e-05, 1.26640943563e-05, 9.73446094577e-06, 8.04018327472e-06, 8.64760841068e-06, 7.16246177035e-06, 7.09179357727e-06, 5.60291618967e-06, 5.68114774069e-06, 5.01061231262e-06, 4.16598595621e-06, 3.15798001793e-06, 3.35126014761e-06, 2.96982807413e-06, 2.23035294766e-06, 2.124273351e-06, 1.51274048221e-06, 1.89890940305e-07],
        "median": [0.000520287896506, 0.000554612721317, 0.000102612335468, 5.48835996597e-05, 4.6946664952e-05, 2.74844423984e-05, 3.1942356145e-05, 4.14658425143e-05, 3.62513965229e-05, 4.04390448239e-05, 3.27691268467e-05, 2.50011689786e-05, 2.55652848864e-05, 2.22024773393e-05, 2.24621198868e-05, 1.87562254723e-05, 2.11923506868e-05, 1.74064971361e-05, 1.63906061061e-05, 1.33432986331e-05, 1.05367435026e-05, 1.11533972813e-05, 8.49083517096e-06, 6.87137981004e-06, 5.1877950682e-06, 4.26992983193e-06, 4.18090621679e-06, 3.29981094183e-06, 2.83902159026e-06, 2.27237956096e-06, 2.22709309128e-06, 2.05347942028e-06, 1.70628857177e-06, 1.33221010401e-06, 1.41891257499e-06, 1.32287027554e-06, 9.71677877715e-07, 8.90333353709e-07, 5.37497498954e-07, 1.28125465793e-08],
        "min": [1.18811074576e-23, 1.36464779781e-23, 8.6979393202e-24, 5.90748428522e-24, 1.31432778062e-23, 9.84886450395e-24, 6.91624095663e-24, 3.08181844374e-24, 1.01314202807e-23, 7.61729217677e-24, 4.81750057855e-24, 6.69871177316e-24, 1.16749213051e-23, 5.13822026261e-24, 6.74740263481e-24, 8.23037515079e-24, 5.72003949566e-24, 7.8441243969e-24, 6.95368897267e-24, 7.1448441695e-24, 3.45394819299e-24, 6.12221182919e-24, 2.45702975997e-24, 4.26444991942e-24, 7.70009338397e-24, 6.16136496807e-24, 7.18396614837e-24, 8.05717837246e-24, 7.53657040692e-24, 5.2135052031e-24, 1.2128553402e-23, 8.55806008221e-24, 8.84297928623e-24, 6.41009991124e-24, 8.66263306153e-24, 1.4238798922e-23, 1.24701104525e-23, 1.01931147255e-23, 9.87360318194e-24, 9.53243977309e-24],
        "var": [2.47553889494e-05, 1.40444317367e-05, 1.27275677642e-06, 1.95841357709e-06, 4.15124759456e-07, 9.98805731456e-08, 2.93034503329e-07, 1.76483797532e-06, 2.03968443202e-06, 8.11334984974e-07, 7.25310144389e-07, 3.85776672829e-07, 2.57856296315e-08, 2.03151486744e-08, 5.68120448463e-08, 1.39207063654e-08, 2.25145910804e-08, 1.0745712764e-08, 3.03834002402e-09, 1.37160549585e-09, 1.07384112713e-09, 1.03367436832e-09, 7.96165910977e-10, 3.31147248511e-10, 2.44964604157e-10, 1.93720678388e-10, 1.7731285884e-10, 1.33595620677e-10, 1.7137710695e-10, 3.36831562642e-10, 1.24073862295e-10, 9.72198224702e-11, 6.7615961441e-11, 4.47693930539e-11, 1.42261716296e-10, 3.06171095421e-11, 2.71426058712e-11, 2.57242335072e-11, 1.54668187979e-11, 8.14175116215e-12]
    },
    "mfcc": {
        "mean": [-653.549377441, 98.3828887939, -17.3719100952, 14.003361702, -2.99705076218, 14.5865221024, -4.93322706223, 13.6470022202, -0.411637216806, 13.7638101578, -2.52964782715, 9.12888526917, -6.13602876663],
        "cov": [[6606.87207031, -469.751586914, 854.285217285, 813.314025879, 170.406219482, 360.980926514, 4.74045372009, 100.698501587, 141.775253296, 323.057739258, 208.813812256, 267.582946777, -74.7083435059], [-469.751586914, 807.953796387, -102.455360413, -10.4438877106, 11.9800319672, -25.9165172577, 44.801651001, 16.8730831146, -3.52101755142, 16.26222229, 9.20348262787, -5.37624263763, 31.3428993225], [854.285217285, -102.455360413, 1261.03955078, 615.310913086, 446.277496338, 254.144363403, 57.2781944275, 46.4837493896, 84.7697372437, 139.066253662, 111.869117737, 154.79826355, 67.8094406128], [813.314025879, -10.4438877106, 615.310913086, 616.309020996, 327.77734375, 250.349563599, 47.1008834839, 48.206703186, 91.5107803345, 125.603157043, 76.1155319214, 111.374404907, 52.9994544983], [170.406219482, 11.9800319672, 446.277496338, 327.77734375, 380.593017578, 209.569610596, 67.6930847168, 54.0828132629, 76.5911407471, 81.8147506714, 60.5763092041, 73.2643203735, 49.3792572021], [360.980926514, -25.9165172577, 254.144363403, 250.349563599, 209.569610596, 285.822753906, 109.620010376, 90.6155319214, 56.9857063293, 55.5769309998, 27.1398525238, 47.2444992065, 22.9637489319], [4.74045372009, 44.801651001, 57.2781944275, 47.1008834839, 67.6930847168, 109.620010376, 200.332305908, 103.360366821, 47.1620559692, 10.25984478, 4.33200931549, 1.25710320473, 21.2867603302], [100.698501587, 16.8730831146, 46.4837493896, 48.206703186, 54.0828132629, 90.6155319214, 103.360366821, 155.460357666, 65.2163848877, 37.7890663147, 13.2087774277, 14.9107646942, 11.771443367], [141.775253296, -3.52101755142, 84.7697372437, 91.5107803345, 76.5911407471, 56.9857063293, 47.1620559692, 65.2163848877, 140.824295044, 90.6971206665, 58.2734260559, 33.4220428467, 15.0263528824], [323.057739258, 16.26222229, 139.066253662, 125.603157043, 81.8147506714, 55.5769309998, 10.25984478, 37.7890663147, 90.6971206665, 177.794387817, 102.226196289, 81.8544158936, 18.8222694397], [208.813812256, 9.20348262787, 111.869117737, 76.1155319214, 60.5763092041, 27.1398525238, 4.33200931549, 13.2087774277, 58.2734260559, 102.226196289, 139.027801514, 91.7364120483, 28.9072704315], [267.582946777, -5.37624263763, 154.79826355, 111.374404907, 73.2643203735, 47.2444992065, 1.25710320473, 14.9107646942, 33.4220428467, 81.8544158936, 91.7364120483, 140.857574463, 55.1355171204], [-74.7083435059, 31.3428993225, 67.8094406128, 52.9994544983, 49.3792572021, 22.9637489319, 21.2867603302, 11.771443367, 15.0263528824, 18.8222694397, 28.9072704315, 55.1355171204, 98.6099014282]],
