{
"lowlevel": {
    "average_loudness": 0.0315229557455,
    "barkbands_crest": {
        "dmean": 2.24954771996,
        "dmean2": 3.59705471992,
        "dvar": 4.4904718399,
        "dvar2": 10.9180688858,
        "max": 26.2549724579,
        "mean": 11.1119775772,
        "median": 10.3445625305,
        "min": 2.32166099548,
        "var": 23.794593811
    },
    "barkbands_flatness_db": {
        "dmean": 0.0174177940935,
        "dmean2": 0.0275959577411,
        "dvar": 0.00027710860013,
        "dvar2": 0.000665279978421,
        "max": 0.391979396343,
        "mean": 0.194342017174,
        "median": 0.186539322138,
        "min": 0.0318037904799,
        "var": 0.00276815285906
    },
    "barkbands_kurtosis": {
        "dmean": 2.39702296257,
        "dmean2": 3.79630637169,
        "dvar": 50.0120620728,
        "dvar2": 127.096473694,
        "max": 267.164123535,
        "mean": 3.92113542557,
        "median": 0.874397039413,
        "min": -1.94686031342,
        "var": 135.175857544
    },
    "barkbands_skewness": {
        "dmean": 0.425599485636,
        "dmean2": 0.647953391075,
        "dvar": 0.281863749027,
        "dvar2": 0.63443595171,
        "max": 14.7460298538,
        "mean": 1.01017665863,
        "median": 0.71948069334,
        "min": -4.42382287979,
        "var": 2.1379737854
    },
    "barkbands_spread": {
        "dmean": 3.91456961632,
        "dmean2": 6.08308315277,
        "dvar": 35.8813858032,
        "dvar2": 73.2579040527,
        "max": 104.514823914,
        "mean": 18.6539459229,
        "median": 15.3987627029,
        "min": 0.573306143284,
        "var": 182.417785645
    },
    "dissonance": {
        "dmean": 0.0221907962114,
        "dmean2": 0.0373947434127,
        "dvar": 0.000535303202923,
        "dvar2": 0.00143315782771,
        "max": 0.500000178814,
        "mean": 0.451555639505,
        "median": 0.464623004198,
        "min": 0.232502043247,
        "var": 0.00179281935561
    },
    "dynamic_complexity": 6.41587352753,
    "erbbands_crest": {
        "dmean": 2.77304768562,
        "dmean2": 4.34598684311,
        "dvar": 6.8264169693,
        "dvar2": 16.118221283,
        "max": 34.3841171265,
        "mean": 13.2760667801,
        "median": 11.684135437,
        "min": 2.44610881805,
        "var": 44.7674636841
    },
    "erbbands_flatness_db": {
        "dmean": 0.0152086336166,
        "dmean2": 0.0226556956768,
        "dvar": 0.000215046631638,
        "dvar2": 0.000441330630565,
        "max": 0.453449815512,
        "mean": 0.23646658659,
        "median": 0.238304838538,
        "min": 0.0814904794097,
        "var": 0.00295173632912
    },
    "erbbands_kurtosis": {
        "dmean": 1.26409029961,
        "dmean2": 1.96385455132,
        "dvar": 5.34322214127,
        "dvar2": 11.9688453674,
        "max": 84.0094299316,
        "mean": 1.97998464108,
        "median": 0.816724300385,
        "min": -1.88247764111,
        "var": 15.931728363
    },
    "erbbands_skewness": {
        "dmean": 0.36144477129,
        "dmean2": 0.549056768417,
        "dvar": 0.144201055169,
        "dvar2": 0.310243874788,
        "max": 6.32387447357,
        "mean": 0.462263464928,
        "median": 0.429032862186,
        "min": -6.98958921432,
        "var": 0.955430269241
    },
    "erbbands_spread": {
        "dmean": 5.50139427185,
        "dmean2": 8.42518806458,
        "dvar": 66.3441162109,
        "dvar2": 159.789886475,
        "max": 161.840332031,
        "mean": 26.0596046448,
        "median": 20.9919033051,
        "min": 0.616194248199,
        "var": 315.771942139
    },
    "hfc": {
        "dmean": 3.62272119522,
        "dmean2": 5.40487241745,
        "dvar": 40.7617835999,
        "dvar2": 86.9996337891,
        "max": 415.636627197,
        "mean": 17.492811203,
        "median": 7.79383468628,
        "min": 1.12558833464e-16,
        "var": 521.789794922
    },
    "melbands_crest": {
        "dmean": 2.80188679695,
        "dmean2": 4.4870800972,
        "dvar": 7.11885595322,
        "dvar2": 17.8055458069,
        "max": 36.3418998718,
        "mean": 13.9277868271,
        "median": 13.1031160355,
        "min": 2.19286203384,
        "var": 32.9660339355
    },
    "melbands_flatness_db": {
        "dmean": 0.0196781102568,
        "dmean2": 0.02987893112,
        "dvar": 0.000402161007514,
        "dvar2": 0.000900319719221,
        "max": 0.472571104765,
        "mean": 0.207699671388,
        "median": 0.198987543583,
        "min": 0.00524112861603,
        "var": 0.00449308613315
    },
    "melbands_kurtosis": {
        "dmean": 5.03162622452,
        "dmean2": 7.91726541519,
        "dvar": 308.725097656,
        "dvar2": 818.630126953,
        "max": 850.030151367,
        "mean": 9.63344573975,
        "median": 2.63459587097,
        "min": -1.94050061703,
        "var": 848.226257324
    },
    "melbands_skewness": {
        "dmean": 0.544514715672,
        "dmean2": 0.833306610584,
        "dvar": 0.504392027855,
        "dvar2": 1.16844904423,
        "max": 23.2742729187,
        "mean": 1.71251833439,
        "median": 1.3266582489,
        "min": -3.95430588722,
        "var": 3.50743103027
    },
    "melbands_spread": {
        "dmean": 5.78412675858,
        "dmean2": 8.83413505554,
        "dvar": 85.773399353,
        "dvar2": 168.856719971,
        "max": 268.59753418,
        "mean": 26.5607814789,
        "median": 22.2463302612,
        "min": 0.573733389378,
        "var": 468.318115234
    },
    "pitch_salience": {
        "dmean": 0.0578077398241,
        "dmean2": 0.0930184051394,
        "dvar": 0.00297773233615,
        "dvar2": 0.00739234266803,
        "max": 0.858937621117,
        "mean": 0.522832632065,
        "median": 0.515024483204,
        "min": 0.0816696211696,
        "var": 0.0171503759921
    },
    "silence_rate_20dB": {
        "dmean": 0.000197122019017,
        "dmean2": 0.000394282891648,
        "dvar": 0.000197044792003,
        "dvar2": 0.00059111538576,
        "max": 1,
        "mean": 0.999901473522,
        "median": 1,
        "min": 0,
        "var": 9.85319929896e-05
    },
    "silence_rate_30dB": {
        "dmean": 0.000985610065982,
        "dmean2": 0.00197141454555,
        "dvar": 0.000984621117823,
        "dvar2": 0.00255888164975,
        "max": 1,
        "mean": 0.99556517601,
        "median": 1,
        "min": 0,
        "var": 0.00441455421969
    },
    "silence_rate_60dB": {
        "dmean": 0.0279913265258,
        "dmean2": 0.0559881702065,
        "dvar": 0.0272045973688,
        "dvar2": 0.0623148903251,
        "max": 1,
        "mean": 0.314280092716,
        "median": 0,
        "min": 0,
        "var": 0.215499773622
    },
    "spectral_centroid": {
        "dmean": 174.685165405,
        "dmean2": 262.027770996,
        "dvar": 57738.3515625,
        "dvar2": 111903.039062,
        "max": 11572.4785156,
        "mean": 1409.40039062,
        "median": 1402.43408203,
        "min": 191.177261353,
        "var": 465072.34375
    },
    "spectral_complexity": {
        "dmean": 1.88093829155,
        "dmean2": 3.04110407829,
        "dvar": 4.4458694458,
        "dvar2": 10.5090503693,
        "max": 67,
        "mean": 12.362865448,
        "median": 10,
        "min": 0,
        "var": 97.1485443115
    },
    "spectral_decrease": {
        "dmean": 1.01148500686e-09,
        "dmean2": 1.60661783877e-09,
        "dvar": 7.09135735287e-18,
        "dvar2": 2.02306920765e-17,
        "max": 3.63860979105e-29,
        "mean": -4.12051104348e-09,
        "median": -2.5645137125e-09,
        "min": -1.20274890492e-07,
        "var": 2.72803272665e-17
    },
    "spectral_energy": {
        "dmean": 0.00407954491675,
        "dmean2": 0.00645942427218,
        "dvar": 0.000105836479634,
        "dvar2": 0.000300740910461,
        "max": 0.477661252022,
        "mean": 0.0171384420246,
        "median": 0.0106535898522,
        "min": 1.00720968741e-20,
        "var": 0.000452978245448
    },
    "spectral_energyband_high": {
        "dmean": 0.000161243136972,
        "dmean2": 0.000233558035688,
        "dvar": 3.03805364865e-07,
        "dvar2": 5.46174305782e-07,
        "max": 0.0360332578421,
        "mean": 0.0004352547694,
        "median": 6.998963363e-05,
        "min": 7.18807835405e-21,
        "var": 1.90898254004e-06
    },
    "spectral_energyband_low": {
        "dmean": 0.00167629856151,
        "dmean2": 0.00286928773858,
        "dvar": 7.61765477364e-05,
        "dvar2": 0.000223691531573,
        "max": 0.358069807291,
        "mean": 0.00318210269324,
        "median": 0.000944042520132,
        "min": 4.67406965211e-23,
        "var": 0.000114053953439
    },
    "spectral_energyband_middle_high": {
        "dmean": 0.00190923828632,
        "dmean2": 0.00287586497143,
        "dvar": 1.36742619361e-05,
        "dvar2": 3.23877611663e-05,
        "max": 0.0657650381327,
        "mean": 0.00822332501411,
        "median": 0.00164968310855,
        "min": 1.57791901305e-21,
        "var": 0.000162361888215
    },
    "spectral_energyband_middle_low": {
        "dmean": 0.00191612518393,
        "dmean2": 0.00294931582175,
        "dvar": 2.44752536673e-05,
        "dvar2": 6.67798594804e-05,
        "max": 0.305790364742,
        "mean": 0.00581680936739,
        "median": 0.00379602680914,
        "min": 2.15883360881e-22,
        "var": 6.6587163019e-05
    },
    "spectral_entropy": {
        "dmean": 0.133155852556,
        "dmean2": 0.197235137224,
        "dvar": 0.0222878940403,
        "dvar2": 0.0441738553345,
        "max": 9.80068302155,
        "mean": 7.27587747574,
        "median": 7.37998914719,
        "min": 5.5054731369,
        "var": 0.272293299437
    },
    "spectral_flux": {
        "dmean": 0.0166664626449,
        "dmean2": 0.026836598292,
        "dvar": 0.000479858688777,
        "dvar2": 0.00115132296924,
        "max": 0.453515291214,
        "mean": 0.0559793971479,
        "median": 0.0432610474527,
        "min": 6.54845483394e-11,
        "var": 0.00214689015411
    },
    "spectral_kurtosis": {
        "dmean": 2.49145317078,
        "dmean2": 4.3186712265,
        "dvar": 6.75658130646,
        "dvar2": 20.0853366852,
        "max": 35.6430091858,
        "mean": 4.9779586792,
        "median": 4.05981445312,
        "min": -1.64950549603,
        "var": 15.2533149719
    },
    "spectral_rms": {
        "dmean": 0.000414664624259,
        "dmean2": 0.000635254138615,
        "dvar": 3.62498440154e-07,
        "dvar2": 9.15699843063e-07,
        "max": 0.0215872880071,
        "mean": 0.00341426674277,
        "median": 0.00322393327951,
        "min": 3.13471449319e-12,
        "var": 5.06324840899e-06
    },
    "spectral_rolloff": {
        "dmean": 313.392425537,
        "dmean2": 528.773681641,
        "dvar": 495814.5625,
        "dvar2": 1023209.875,
        "max": 19143.0175781,
        "mean": 1598.70410156,
        "median": 1335.05859375,
        "min": 64.599609375,
        "var": 1813701.875
    },
    "spectral_skewness": {
        "dmean": 0.275311559439,
        "dmean2": 0.460335254669,
        "dvar": 0.0680007711053,
        "dvar2": 0.18165025115,
        "max": 4.47607278824,
        "mean": 1.48320436478,
        "median": 1.42433488369,
        "min": -0.767614305019,
        "var": 0.316652476788
    },
    "spectral_spread": {
        "dmean": 340748.5,
        "dmean2": 521254.71875,
        "dvar": 308461305856,
        "dvar2": 566776954880,
        "max": 41548964,
        "mean": 3358031.75,
        "median": 3037875.75,
        "min": 1502547.125,
        "var": 1.63524784947e+12
    },
    "spectral_strongpeak": {
        "dmean": 0.617903053761,
        "dmean2": 1.02365040779,
        "dvar": 1.17308557034,
        "dvar2": 2.93037414551,
        "max": 21.1682662964,
        "mean": 1.81844115257,
        "median": 0.632390916348,
        "min": 0,
        "var": 5.71005725861
    },
    "zerocrossingrate": {
        "dmean": 0.00685061560944,
        "dmean2": 0.00809791218489,
        "dvar": 0.000129159438075,
        "dvar2": 0.000131707711262,
        "max": 0.65966796875,
        "mean": 0.0585726723075,
        "median": 0.0546875,
        "min": 0.005859375,
        "var": 0.00128803472035
    },
    "barkbands": {
        "dmean": [9.1797170171e-05, 0.00111202313565, 0.000624725245871, 0.000350552669261, 0.000634849828202, 0.000577719125431, 0.000363109720638, 0.000389481545426, 0.00040911504766, 0.000592700147536, 0.000495831889566, 0.000833211408462, 0.000208913188544, 0.000231706406339, 0.000332887051627, 0.000208797267987, 0.000248158787144, 0.000148396589793, 0.00011420834926, 8.80073857843e-05, 3.68863911717e-05, 2.12403956539e-05, 3.97440780944e-05, 4.59026414319e-05, 8.49829939398e-06, 3.46354823932e-07, 8.21779366778e-10],
        "dmean2": [0.00015079077275, 0.0019171097083, 0.00106673233677, 0.000602822459769, 0.00102055585012, 0.000882415450178, 0.000575076439418, 0.000586246198509, 0.000606370798778, 0.000852301891427, 0.000734474509954, 0.00134479440749, 0.000318785227137, 0.000357199518476, 0.000513618171681, 0.000324038410326, 0.000392279704101, 0.000228803604841, 0.000175712149939, 0.000133437715704, 5.73846155021e-05, 3.30125512846e-05, 5.99546292506e-05, 6.69788205414e-05, 1.35797627081e-05, 5.18107242442e-07, 1.52976575851e-09],
        "dvar": [9.2191675094e-07, 4.54651562904e-05, 6.80594303049e-06, 1.69596114574e-06, 1.39416697493e-05, 1.94442668544e-06, 1.4719939827e-06, 1.66409097346e-06, 2.12276836464e-06, 4.20288142777e-06, 3.17711896969e-06, 7.3275136856e-06, 8.9640002443e-07, 5.88858767969e-07, 8.49074581311e-07, 4.69566430183e-07, 4.19903216198e-07, 1.26348396634e-07, 8.74934258377e-08, 6.66332766741e-08, 4.55788331521e-08, 1.16195364441e-08, 4.74910528681e-08, 4.82300777094e-08, 9.70722435767e-09, 3.56815792191e-11, 1.11861195953e-16],
        "dvar2": [2.4623018362e-06, 0.000136804810609, 1.89188012882e-05, 4.84636029796e-06, 3.79516313842e-05, 4.33297873315e-06, 3.65632809007e-06, 3.76915500055e-06, 4.81490178572e-06, 7.87176759331e-06, 6.21026583758e-06, 1.97906738322e-05, 1.65731023571e-06, 1.29516774905e-06, 1.96272299036e-06, 1.05535275452e-06, 1.01604405245e-06, 2.93722109745e-07, 1.98830775844e-07, 1.47410929685e-07, 9.1443169481e-08, 2.56928363029e-08, 9.55576382466e-08, 9.24882996856e-08, 2.24003358085e-08, 8.58893303701e-11, 3.26064724241e-16],
        "max": [0.0343106910586, 0.309172451496, 0.0760060921311, 0.0660507380962, 0.268147021532, 0.039383854717, 0.0369281619787, 0.0361179336905, 0.035685993731, 0.0543608255684, 0.0511387884617, 0.0610078275204, 0.0348234511912, 0.0245385784656, 0.0229486040771, 0.0207804236561, 0.0205048006028, 0.00800462067127, 0.00926199927926, 0.0123201273382, 0.0147238215432, 0.00782857928425, 0.016134949401, 0.00750186759979, 0.00892830826342, 0.000414364185417, 7.81746450684e-07],
        "mean": [0.000108111067675, 0.00181171612348, 0.000983621925116, 0.00050678208936, 0.00126388471108, 0.00130698597059, 0.000618683348875, 0.000767685181927, 0.000910782488063, 0.00133264809847, 0.00115279573947, 0.0027567227371, 0.000400348188123, 0.000438447314082, 0.000774795247708, 0.000386380561395, 0.000519264023751, 0.00030968664214, 0.000260602129856, 0.000217206121306, 8.27586918604e-05, 4.59377115476e-05, 8.10148922028e-05, 8.66292539285e-05, 1.44485356941e-05, 4.6799002007e-07, 7.43973771478e-10],
        "median": [2.62395815298e-06, 0.000355154566932, 0.000192796316696, 7.97715329099e-05, 0.000431506225141, 0.000464223849121, 0.00011890859605, 0.000111725574243, 0.000115390692372, 0.000129405205371, 5.89301089349e-05, 8.7332133262e-05, 4.25482830906e-05, 5.63952344237e-05, 7.98470355221e-05, 4.38070965174e-05, 3.86119245377e-05, 5.65201371501e-05, 5.75961857976e-05, 3.66910899174e-05, 6.12510712017e-06, 5.91433308728e-06, 9.17552824831e-06, 1.04023993117e-05, 4.33146652767e-07, 2.22496771007e-10, 2.30804111934e-10],
        "min": [8.16278239299e-24, 2.02569383041e-23, 1.37915999857e-23, 1.24503747304e-23, 3.44679898326e-23, 5.44209074548e-23, 3.22080106243e-23, 3.35525483066e-23, 2.36745866681e-23, 5.04556192286e-23, 8.19611713048e-23, 1.18621796868e-22, 7.15524104068e-23, 1.59915194268e-22, 8.86713925586e-23, 1.39312166908e-22, 1.97959974109e-22, 1.288144225e-22, 1.40893637385e-22, 3.0833086651e-22, 3.89585634962e-22, 3.29722729532e-22, 5.46561255819e-22, 7.65397682788e-22, 9.43264990988e-22, 1.55496192377e-21, 2.49059013535e-21],
        "var": [1.30830483158e-06, 5.7479213865e-05, 7.61148521633e-06, 2.39105656874e-06, 1.81662471732e-05, 6.12030135017e-06, 2.27047917178e-06, 4.43698127128e-06, 9.31938666326e-06, 2.05046198971e-05, 1.82105195563e-05, 6.02721374889e-05, 3.11201551995e-06, 1.49201264321e-06, 3.52469555764e-06, 1.12813154374e-06, 1.25834799292e-06, 3.66645082295e-07, 2.94708911497e-07, 2.06142857451e-07, 1.51982703755e-07, 5.41744142879e-08, 1.24792236988e-07, 1.50566108914e-07, 3.80740559081e-08, 6.06416097892e-11, 6.18778479095e-17]
    },
    "erbbands": {
        "dmean": [0.0304224677384, 0.2694889009, 0.712959349155, 0.951368629932, 1.33250689507, 2.36828136444, 4.31481075287, 4.66465139389, 4.89120769501, 6.54434299469, 8.78147029877, 8.58627891541, 15.0375413895, 18.6935100555, 19.6699790955, 39.6488456726, 12.7987833023, 11.0123405457, 14.8799695969, 13.9160242081, 11.342297554, 10.7973337173, 6.07685613632, 7.19804048538, 4.68750238419, 4.9219493866, 2.11932277679, 1.02041876316, 0.726880729198, 0.908024311066, 1.24613451958, 1.06853163242, 0.699285984039, 0.155891403556, 0.024938063696, 0.00365406111814, 0.000110606233648, 7.49508308218e-06, 3.09888082484e-06, 4.99514999319e-06],
        "dmean2": [0.051639713347, 0.464800238609, 1.22371602058, 1.64586794376, 2.24267196655, 3.82733178139, 6.48925638199, 7.21666669846, 7.74104309082, 10.3059577942, 12.9618425369, 12.5440168381, 21.862033844, 25.1765727997, 28.6756191254, 63.5998382568, 18.1698532104, 16.6444854736, 22.7651882172, 21.5028495789, 17.448923111, 16.7276191711, 9.23814487457, 10.7060155869, 7.06828927994, 7.35280942917, 3.24277806282, 1.55046522617, 1.10025918484, 1.37651598454, 1.90635275841, 1.57126820087, 1.02152299881, 0.243335410953, 0.0345052629709, 0.00582930538803, 0.000172104570083, 1.10947030407e-05, 4.71978364658e-06, 7.83936320659e-06],
        "dvar": [0.0704538375139, 2.23153185844, 11.1300630569, 11.498213768, 54.2915000916, 311.490936279, 129.302078247, 173.258789062, 224.537826538, 621.952941895, 876.487182617, 1173.20129395, 2510.53564453, 5002.82275391, 4289.28662109, 17651.65625, 1865.41125488, 1366.8236084, 2040.80603027, 1434.68859863, 1087.57080078, 734.473815918, 227.695022583, 362.634979248, 125.139709473, 226.779525757, 110.822357178, 28.0256595612, 14.2655096054, 15.5767126083, 69.2416381836, 26.9108524323, 10.464091301, 1.92915332317, 0.298204630613, 0.00630662497133, 3.25307973981e-06, 7.4466921518e-09, 1.33686284265e-10, 1.37548250567e-10],
        "dvar2": [0.221168547869, 6.6701169014, 31.8559780121, 33.8690757751, 164.215744019, 797.828063965, 299.103393555, 414.269927979, 556.530761719, 1606.71801758, 1826.82263184, 2699.31640625, 4878.31835938, 8504.34570312, 9019.25390625, 47869.7070312, 3308.9597168, 2960.44189453, 4720.43115234, 3310.09790039, 2300.39331055, 1688.87487793, 510.742675781, 797.942504883, 263.585601807, 506.61114502, 230.318771362, 57.8588409424, 30.4431304932, 31.950176239, 138.338287354, 51.9621315002, 21.8333053589, 4.68799495697, 0.690076172352, 0.0161496307701, 8.12375947135e-06, 1.80968342534e-08, 3.16047105153e-10, 3.83064163723e-10],
        "max": [9.62345981598, 71.7054672241, 112.894706726, 142.564590454, 444.138671875, 1460.28308105, 373.000579834, 410.090545654, 413.31439209, 580.458129883, 615.364562988, 1002.16668701, 1564.5670166, 2455.63012695, 1725.93371582, 3163.28613281, 1587.22094727, 1455.4543457, 1272.28735352, 888.009155273, 1270.48266602, 746.93963623, 458.039855957, 600.531066895, 289.818481445, 758.622070312, 652.67010498, 364.57434082, 275.615356445, 249.113708496, 651.166503906, 169.259338379, 118.415428162, 112.223136902, 53.2794799805, 8.4259853363, 0.187860488892, 0.00924355909228, 0.00107465591282, 0.000618434569333],
        "mean": [0.0435756705701, 0.432462871075, 1.16370403767, 1.53412663937, 2.21805334091, 4.27194643021, 10.2184810638, 9.63901138306, 8.69503498077, 10.8208408356, 19.2774238586, 19.1091156006, 36.5549278259, 45.4525413513, 52.959438324, 129.96105957, 31.0704727173, 23.8543548584, 37.3177528381, 28.6403465271, 26.3920402527, 25.1722755432, 15.0533685684, 16.1885375977, 12.1274204254, 11.7717008591, 4.85886096954, 2.54243803024, 1.63342249393, 1.87600576878, 2.47623467445, 2.05214619637, 1.21618926525, 0.273398160934, 0.0594555325806, 0.00777581101283, 0.000239028944634, 1.91912258742e-05, 1.26014583657e-05, 2.16320240725e-05],
        "median": [0.00595716154203, 0.097043402493, 0.320717900991, 0.313106149435, 0.543677031994, 1.31860029697, 3.22146964073, 3.11086392403, 2.5324151516, 2.12180018425, 3.38402414322, 3.61442828178, 4.16912603378, 5.2770781517, 4.34925842285, 4.78679323196, 3.13345193863, 3.57600426674, 4.51386260986, 3.77204275131, 2.75732755661, 2.10219931602, 2.97618126869, 3.77327871323, 2.69919848442, 1.85546576977, 0.61257404089, 0.216313108802, 0.203267216682, 0.230033457279, 0.269605875015, 0.211267277598, 0.154830187559, 0.0225841253996, 0.000641360762529, 5.16934487678e-05, 1.23692243506e-05, 3.08331436827e-06, 6.74115653965e-06, 1.34651545523e-05],
        "min": [1.32097583332e-21, 1.95996407177e-21, 1.44709496676e-20, 2.68591457945e-20, 7.02066830718e-20, 1.31314250159e-19, 3.57732195378e-19, 3.42638372247e-19, 5.07684530797e-19, 2.82789114893e-19, 1.24387356991e-18, 6.1599917912e-19, 8.41772595546e-19, 2.86999371153e-18, 4.40751484793e-18, 3.79903169035e-18, 3.75650757583e-18, 7.69314779212e-18, 4.8659346211e-18, 7.59027464805e-18, 8.70310057846e-18, 1.09592191556e-17, 6.65133614448e-18, 8.34371459054e-18, 7.09761993729e-18, 1.74287649897e-17, 1.42854753532e-17, 1.6186620951e-17, 1.22453890552e-17, 1.6979779625e-17, 1.35693205769e-17, 1.53707313538e-17, 1.169580033e-17, 1.10506557005e-17, 6.73134891154e-18, 4.99748653058e-18, 2.69781668741e-18, 1.1371371822e-18, 3.22252014912e-19, 3.74734401731e-20],
        "var": [0.0844157189131, 2.32057285309, 11.7630701065, 15.1646776199, 73.9363632202, 383.62487793, 420.2265625, 461.547515869, 402.578460693, 821.37689209, 2940.60009766, 3839.00976562, 13459.3457031, 25659.96875, 27693.4667969, 138387.40625, 8864.86523438, 3853.47705078, 9563.06640625, 3783.58837891, 3982.47998047, 2669.42358398, 809.766662598, 1051.48303223, 518.055786133, 640.430297852, 287.918182373, 134.965179443, 69.4328384399, 70.7538528442, 149.669631958, 81.8257446289, 30.5459918976, 6.29095315933, 1.34370100498, 0.0190037544817, 1.12480611278e-05, 3.06631910973e-08, 7.61048279951e-10, 7.34561356186e-10]
    },
    "gfcc": {
        "mean": [-97.2266693115, 127.681922913, -169.801727295, 40.6690139771, -72.4354019165, 12.3933410645, -34.9666862488, -6.07060480118, -6.53081321716, -26.5062675476, 12.7208395004, -22.1325263977, 5.70887947083],
        "cov": [[9538.57324219, -76.3473052979, 47.1495399475, 1020.14776611, 565.680664062, 410.132141113, 162.198791504, 425.867767334, -69.2002944946, -25.1333408356, 204.485702515, -60.5223197937, 88.0859680176], [-76.3473052979, 1130.40893555, 373.58581543, 22.9785232544, 281.833648682, -90.2679977417, 189.33493042, -44.4799690247, 89.4699554443, -13.9788799286, 130.403686523, -39.5401649475, 39.0145759583], [47.1495399475, 373.58581543, 1361.18859863, 513.783325195, 11.4744272232, 193.510940552, -83.0488967896, 178.723434448, 116.393554688, 127.083938599, 22.2294845581, 49.7428588867, 27.7053279877], [1020.14776611, 22.9785232544, 513.783325195, 754.251159668, 220.533737183, 246.03213501, 43.3665809631, 130.800308228, 152.902832031, 94.0333099365, -43.6400413513, 62.4412841797, 23.176197052], [565.680664062, 281.833648682, 11.4744272232, 220.533737183, 390.40335083, 153.137695312, 160.957962036, 69.3834991455, 58.7062683105, 49.0720405579, 39.5348930359, -0.343412011862, 18.3896636963], [410.132141113, -90.2679977417, 193.510940552, 246.03213501, 153.137695312, 432.147064209, 142.288101196, 85.4877243042, 52.7400627136, 96.4861679077, -11.2607793808, 9.70125770569, -11.2203884125], [162.198791504, 189.33493042, -83.0488967896, 43.3665809631, 160.957962036, 142.288101196, 327.05178833, 49.1099281311, 16.9121284485, 35.0733642578, 38.753704071, 0.912337899208, -4.86330080032], [425.867767334, -44.4799690247, 178.723434448, 130.800308228, 69.3834991455, 85.4877243042, 49.1099281311, 276.648620605, 69.3394393921, 54.5752563477, 15.6229610443, -10.4834384918, 28.5188865662], [-69.2002944946, 89.4699554443, 116.393554688, 152.902832031, 58.7062683105, 52.7400627136, 16.9121284485, 69.3394393921, 204.194503784, 63.0508804321, -23.0843219757, 29.9366168976, 7.85097646713], [-25.1333408356, -13.9788799286, 127.083938599, 94.0333099365, 49.0720405579, 96.4861679077, 35.0733642578, 54.5752563477, 63.0508804321, 128.929534912, 16.916185379, 17.9744720459, -0.834392786026], [204.485702515, 130.403686523, 22.2294845581, -43.6400413513, 39.5348930359, -11.2607793808, 38.753704071, 15.6229610443, -23.0843219757, 16.916185379, 157.999847412, 16.37200737, -2.84558463097], [-60.5223197937, -39.5401649475, 49.7428588867, 62.4412841797, -0.343412011862, 9.70125770569, 0.912337899208, -10.4834384918, 29.9366168976, 17.9744720459, 16.37200737, 117.301223755, 35.2931137085], [88.0859680176, 39.0145759583, 27.7053279877, 23.176197052, 18.3896636963, -11.2203884125, -4.86330080032, 28.5188865662, 7.85097646713, -0.834392786026, -2.84558463097, 35.2931137085, 107.262748718]],
        "icov": [[0.000168073849636, -5.38101048733e-05, 0.000170903615071, -0.000375351664843, 1.89609399968e-05, -0.00011685006757, 0.000124251368106, -0.000255093356827, 0.000252706202446, 0.00018138915766, -0.000320667662891, 0.000165492732776, -0.00010355602717], [-5.38101048733e-05, 0.00413628108799, -0.00264473445714, 0.00169269787148, -0.0035838726908, 0.00246503087692, -0.00290248985402, 0.00314902048558, -0.00333495857194, 0.00225004763342, -0.00211753463373, 0.00309615395963, -0.00205279327929], [0.000170903615071, -0.00264473445714, 0.00301846140064, -0.00222624093294, 0.00283117895015, -0.00187722907867, 0.00235029147007, -0.00255436380394, 0.0023208539933, -0.00179456046317, 0.000478041358292, -0.00166755344253, 0.00100447330624], [-0.000375351664843, 0.00169269787148, -0.00222624093294, 0.0043221716769, -0.00289199058898, 0.000505911302753, -0.00101549201645, 0.00143865554128, -0.00257267151028, 0.000722208933439, 0.00105147948489, -0.000440503179561, -0.000179356648005], [1.89609399968e-05, -0.0035838726908, 0.00283117895015, -0.00289199058898, 0.00759875075892, -0.00265944213606, 0.00105909188278, -0.00263548269868, 0.00231102504767, -0.00212458637543, 0.000363750266843, -0.00136310781818, 0.000621835701168], [-0.00011685006757, 0.00246503087692, -0.00187722907867, 0.000505911302753, -0.00265944213606, 0.00537500996143, -0.00304249953479, 0.00170359830372, -0.0014039084781, -0.000702113437001, -0.000161339572514, 0.00164341903292, -0.000445492711151], [0.000124251368106, -0.00290248985402, 0.00235029147007, -0.00101549201645, 0.00105909188278, -0.00304249953479, 0.0066324500367, -0.00281451409683, 0.00245099025778, -0.00153473962564, 0.000597051053774, -0.00241419393569, 0.00173408223782], [-0.000255093356827, 0.00314902048558, -0.00255436380394, 0.00143865554128, -0.00263548269868, 0.00170359830372, -0.00281451409683, 0.00756105827168, -0.00398551207036, 0.000686142710038, -0.00190686050337, 0.0039184927009, -0.00313771562651], [0.000252706202446, -0.00333495857194, 0.0023208539933, -0.00257267151028, 0.00231102504767, -0.0014039084781, 0.00245099025778, -0.00398551207036, 0.0100089777261, -0.00425653811544, 0.00285446131602, -0.00380921550095, 0.00215300824493], [0.00018138915766, 0.00225004763342, -0.00179456046317, 0.000722208933439, -0.00212458637543, -0.000702113437001, -0.00153473962564, 0.000686142710038, -0.00425653811544, 0.0130627844483, -0.00298985955305, 0.00104561098851, -0.000631295028143], [-0.000320667662891, -0.00211753463373, 0.000478041358292, 0.00105147948489, 0.000363750266843, -0.000161339572514, 0.000597051053774, -0.00190686050337, 0.00285446131602, -0.00298985955305, 0.00987504143268, -0.00421999767423, 0.00255601480603], [0.000165492732776, 0.00309615395963, -0.00166755344253, -0.000440503179561, -0.00136310781818, 0.00164341903292, -0.00241419393569, 0.0039184927009, -0.00380921550095, 0.00104561098851, -0.00421999767423, 0.0140054617077, -0.00591514538974], [-0.00010355602717, -0.00205279327929, 0.00100447330624, -0.000179356648005, 0.000621835701168, -0.000445492711151, 0.00173408223782, -0.00313771562651, 0.00215300824493, -0.000631295028143, 0.00255601480603, -0.00591514538974, 0.0125451665372]]
    },
    "melbands": {
        "dmean": [0.000283258588752, 0.000362213788321, 0.000164143712027, 0.000127114908537, 0.000138102011988, 0.000105441969936, 7.36321308068e-05, 7.29900784791e-05, 7.27625447325e-05, 5.60061016586e-05, 7.73129577283e-05, 7.67122110119e-05, 6.88185100444e-05, 9.30081878323e-05, 7.48584134271e-05, 2.03407289519e-05, 2.16301432374e-05, 2.37750100496e-05, 2.29878969549e-05, 1.63002441695e-05, 1.63027107192e-05, 1.49838215293e-05, 5.7642887441e-06, 7.93641356722e-06, 6.44948522677e-06, 4.20398782808e-06, 3.0105593396e-06, 3.79057837563e-06, 1.6805603309e-06, 9.78198045232e-07, 5.87003853525e-07, 4.31181149452e-07, 4.84735437567e-07, 5.65392554108e-07, 7.88286456554e-07, 7.36944855362e-07, 6.78298818002e-07, 5.70838608382e-07, 3.57707023113e-07, 7.25880227037e-08],
        "dmean2": [0.000487381999847, 0.000621440005489, 0.00028155389009, 0.000211665028473, 0.000210952188354, 0.000162524622283, 0.000116166746011, 0.000113838948891, 0.000106233972474, 8.21305802674e-05, 0.000111973575258, 0.000103578408016, 9.97431270662e-05, 0.000143747791299, 0.000109273874841, 3.03977194562e-05, 3.31012051902e-05, 3.63081380783e-05, 3.43114988937e-05, 2.53642137977e-05, 2.50423490797e-05, 2.35769912251e-05, 8.79560502653e-06, 1.23821246234e-05, 9.64683022175e-06, 6.47826982458e-06, 4.62371554022e-06, 5.65726895729e-06, 2.60701608568e-06, 1.51785206981e-06, 9.22899289435e-07, 6.64280662477e-07, 7.50885533307e-07, 8.59810882048e-07, 1.23199788504e-06, 1.11572740025e-06, 1.00340901099e-06, 8.57710347191e-07, 5.48193327177e-07, 1.18343798761e-07],
        "dvar": [3.91636785935e-06, 3.13169721267e-06, 3.32906807898e-07, 8.83552388586e-07, 1.70525311205e-07, 7.65191146002e-08, 4.91348544074e-08, 7.23380679801e-08, 6.35493151435e-08, 4.62381457567e-08, 6.68074093824e-08, 8.72020251563e-08, 5.7947890042e-08, 9.09512891667e-08, 5.66975550953e-08, 6.23875218153e-09, 5.89454440814e-09, 5.26784882382e-09, 4.10014688867e-09, 2.87065882176e-09, 2.50342746533e-09, 1.4763116285e-09, 3.46576628507e-10, 3.95726867941e-10, 3.3986083392e-10, 1.1542248407e-10, 6.24759688428e-11, 1.62986610319e-10, 3.78443838767e-11, 6.73982814003e-11, 8.76456372756e-12, 5.12641101444e-12, 7.01112171791e-12, 5.40814571945e-12, 4.52767684456e-11, 1.04779839319e-11, 1.23210825223e-11, 7.67112155048e-12, 3.04026291989e-12, 1.66667493608e-12],
        "dvar2": [1.2015959328e-05, 9.19612466532e-06, 9.70902874542e-07, 2.4273060717e-06, 4.21038578224e-07, 1.80044324338e-07, 1.20703376183e-07, 1.86684900427e-07, 1.32137188302e-07, 1.04435009973e-07, 1.27834482555e-07, 1.48625318275e-07, 1.13048010064e-07, 2.1922468818e-07, 1.2407217298e-07, 1.19791252473e-08, 1.28016415246e-08, 1.2002062455e-08, 8.59806803533e-09, 6.66342447886e-09, 5.13794295998e-09, 3.44659278895e-09, 7.81631037672e-10, 9.46932643409e-10, 7.63767549206e-10, 2.46290099426e-10, 1.42834563621e-10, 3.63859442576e-10, 8.30251492556e-11, 1.32182181867e-10, 1.93609277915e-11, 1.05621631233e-11, 1.70844952768e-11, 1.1633130223e-11, 9.07102656877e-11, 2.23153977935e-11, 2.36965117667e-11, 1.67199726286e-11, 6.74993177671e-12, 4.47992684616e-12],
        "max": [0.0782848447561, 0.062662653625, 0.0242590736598, 0.0650228634477, 0.02498671785, 0.00827250722796, 0.00539441080764, 0.00631873635575, 0.00580116081983, 0.00690295826644, 0.00793858524412, 0.00994510017335, 0.00796559359878, 0.0064705661498, 0.00544493738562, 0.00241101859137, 0.00287190987729, 0.00200731027871, 0.00200257636607, 0.00192935299128, 0.00197098380886, 0.000988412532024, 0.000589985575061, 0.000455773668364, 0.000592523138039, 0.000352730916347, 0.000292844866635, 0.00072299054591, 0.000222937713261, 0.000638095021714, 0.000189659578609, 0.000147067432408, 0.000172901840415, 0.000124990896438, 0.000565285794437, 0.000118381467473, 0.00011821318185, 0.000101658260974, 8.60294821905e-05, 0.000105299506686],
        "mean": [0.000453385349829, 0.00061964977067, 0.000282950117253, 0.000216898406507, 0.000326304492773, 0.000222986825975, 0.000132296874654, 0.000119870608614, 0.000154771041707, 0.000126276179799, 0.000181296782102, 0.00017845480761, 0.000170113431523, 0.000281310698483, 0.000206913988222, 3.85852508771e-05, 4.26677834184e-05, 5.46779956494e-05, 4.94476989843e-05, 2.87676975859e-05, 3.38639911206e-05, 3.11613148369e-05, 1.20884924399e-05, 1.65804558492e-05, 1.26566619656e-05, 9.45283227338e-06, 7.06595301381e-06, 8.13865790406e-06, 3.23562949234e-06, 1.95815186999e-06, 1.28902422603e-06, 8.95207392659e-07, 8.91622107702e-07, 1.08036294932e-06, 1.45324850109e-06, 1.3797880456e-06, 1.20850597796e-06, 9.23905474792e-07, 5.60341959499e-07, 1.23334345403e-07],
        "median": [7.93608051026e-05, 0.000188510428416, 6.60149671603e-05, 5.85519082961e-05, 0.000111985980766, 7.58161186241e-05, 3.65793894161e-05, 2.20050715143e-05, 2.49973782047e-05, 1.86066317838e-05, 1.7543836293e-05, 1.57725899044e-05, 1.02936519397e-05, 1.11174149424e-05, 7.40258701626e-06, 4.96924985782e-06, 5.40682003702e-06, 5.53554809812e-06, 5.75466901864e-06, 3.40560154655e-06, 2.89186323243e-06, 2.1012574507e-06, 1.84335385711e-06, 2.69411657428e-06, 2.59734997599e-06, 1.93988603314e-06, 1.461655188e-06, 1.0649757769e-06, 3.19089650702e-07, 1.27771144776e-07, 1.03320459743e-07, 1.04653246069e-07, 1.0689774399e-07, 1.21357061289e-07, 1.50000559529e-07, 1.38529856031e-07, 1.09950086369e-07, 1.0443254439e-07, 6.43464090899e-08, 1.30126076581e-09],
        "min": [8.53267374942e-24, 5.75852999138e-24, 7.30155533262e-24, 6.64376997769e-24, 1.077053882e-23, 8.86995754033e-24, 7.22860068725e-24, 3.69803201226e-24, 9.44377180735e-24, 3.53187581751e-24, 3.92945461399e-24, 1.11088410304e-23, 1.10617073802e-23, 1.14521911617e-23, 9.8467850666e-24, 7.2632979453e-24, 1.55062964483e-23, 8.47087123066e-24, 8.02380718959e-24, 8.8063627296e-24, 1.08435439525e-23, 1.11932862237e-23, 8.49313682971e-24, 5.81192719719e-24, 7.04054965808e-24, 4.42218462957e-24, 6.14050235814e-24, 1.3132934262e-23, 7.84200393879e-24, 1.08452384257e-23, 8.14936229127e-24, 5.7896714589e-24, 6.71603910294e-24, 9.75739765971e-24, 7.96977652847e-24, 7.07743916059e-24, 1.06300908133e-23, 7.8704770843e-24, 7.57722672026e-24, 1.00061704682e-23],
        "var": [5.15535566592e-06, 3.35298295795e-06, 5.3480977158e-07, 1.0801524013e-06, 4.28039498956e-07, 2.13858356801e-07, 8.97521559295e-08, 9.80487300239e-08, 1.9832926057e-07, 1.84017551419e-07, 3.49458446181e-07, 4.5477435151e-07, 3.9560723053e-07, 6.23608059414e-07, 3.56700951443e-07, 1.91014972728e-08, 1.54454919965e-08, 2.25504628304e-08, 1.44622420706e-08, 5.77047654104e-09, 8.21178147703e-09, 4.62523619404e-09, 1.04496356013e-09, 1.21367416117e-09, 8.06848199364e-10, 4.12680112305e-10, 1.90102322772e-10, 3.84264925435e-10, 9.41528383036e-11, 1.75886610831e-10, 3.59368368397e-11, 2.26607569515e-11, 2.28915497669e-11, 2.14174806362e-11, 8.23636922553e-11, 2.76354616274e-11, 3.56016084668e-11, 1.94961512212e-11, 7.69994658312e-12, 4.59464107386e-12]
    },
    "mfcc": {
        "mean": [-712.139709473, 127.183784485, -22.4826946259, 12.9368715286, -0.540646672249, -2.32918739319, -4.51282262802, 7.14855623245, -14.7021436691, 9.22006034851, -13.1728878021, 1.43779885769, -4.34389734268],
        "cov": [[8895.62988281, -400.981231689, -417.261138916, 878.655334473, 324.122314453, 368.605072021, 275.430145264, 506.731872559, 11.8751020432, 382.007995605, -299.061187744, 414.905822754, 48.6277122498], [-400.981231689, 1122.86816406, 91.2695770264, 73.9093780518, 69.3570175171, -75.7011108398, 145.889465332, -27.7841720581, -56.7679328918, 39.7100296021, 73.5511856079, -47.2851219177, 41.770072937], [-417.261138916, 91.2695770264, 1226.81469727, 305.256469727, 255.362045288, 109.229240417, -36.9826393127, 39.367313385, 77.1472473145, 46.7788925171, 110.747894287, 57.507522583, 13.5600032806], [878.655334473, 73.9093780518, 305.256469727, 536.015258789, 218.60043335, 142.039916992, 25.4134578705, 113.25352478, 106.556404114, 68.3970413208, 22.3122158051, 108.330513, 35.988735199], [324.122314453, 69.3570175171, 255.362045288, 218.60043335, 327.286529541, 68.7985839844, 28.5881156921, 58.9107284546, 76.8589553833, 68.284034729, 23.3265380859, 72.0298843384, 35.8812294006], [368.605072021, -75.7011108398, 109.229240417, 142.039916992, 68.7985839844, 449.55090332, 82.59765625, 81.3536071777, 150.229095459, 21.0030212402, 56.5146484375, 116.742500305, 2.75310492516], [275.430145264, 145.889465332, -36.9826393127, 25.4134578705, 28.5881156921, 82.59765625, 310.593475342, 80.0820465088, 12.6621465683, 89.4138336182, 33.4900398254, 11.8650541306, 34.2313766479], [506.731872559, -27.7841720581, 39.367313385, 113.25352478, 58.9107284546, 81.3536071777, 80.0820465088, 186.425796509, 64.8513793945, 82.9784545898, 19.8388538361, 55.7624053955, 29.5727806091], [11.8751020432, -56.7679328918, 77.1472473145, 106.556404114, 76.8589553833, 150.229095459, 12.6621465683, 64.8513793945, 286.933532715, 32.7457542419, 71.8675765991, 44.6126441956, 2.34694647789], [382.007995605, 39.7100296021, 46.7788925171, 68.3970413208, 68.284034729, 21.0030212402, 89.4138336182, 82.9784545898, 32.7457542419, 211.737289429, 44.827129364, 23.5746765137, 15.0264005661], [-299.061187744, 73.5511856079, 110.747894287, 22.3122158051, 23.3265380859, 56.5146484375, 33.4900398254, 19.8388538361, 71.8675765991, 44.827129364, 169.428009033, 21.3941993713, 18.2185821533], [414.905822754, -47.2851219177, 57.507522583, 108.330513, 72.0298843384, 116.742500305, 11.8650541306, 55.7624053955, 44.6126441956, 23.5746765137, 21.3941993713, 178.960235596, 58.085231781], [48.6277122498, 41.770072937, 13.5600032806, 35.988735199, 35.8812294006, 2.75310492516, 34.2313766479, 29.5727806091, 2.34694647789, 15.0264005661, 18.2185821533, 58.085231781, 123.308067322]],
