{
"lowlevel": {
    "average_loudness": 0.854348301888,
    "barkbands_crest": {
        "dmean": 3.18382024765,
        "dmean2": 5.23862123489,
        "dvar": 8.32426548004,
        "dvar2": 21.1675434113,
        "max": 25.9226417542,
        "mean": 10.1153516769,
        "median": 9.04093742371,
        "min": 2.07465100288,
        "var": 22.6605796814
    },
    "barkbands_flatness_db": {
        "dmean": 0.0248427316546,
        "dmean2": 0.0393769852817,
        "dvar": 0.00061731506139,
        "dvar2": 0.00140112545341,
        "max": 0.373937129974,
        "mean": 0.160445302725,
        "median": 0.153587892652,
        "min": 0.047901853919,
        "var": 0.00264777615666
    },
    "barkbands_kurtosis": {
        "dmean": 4.10393381119,
        "dmean2": 6.60623216629,
        "dvar": 102.395553589,
        "dvar2": 260.002227783,
        "max": 219.948989868,
        "mean": 4.78064632416,
        "median": 0.866329669952,
        "min": -1.97855734825,
        "var": 169.461807251
    },
    "barkbands_skewness": {
        "dmean": 0.687982201576,
        "dmean2": 1.05373215675,
        "dvar": 0.712917268276,
        "dvar2": 1.56952214241,
        "max": 12.2653169632,
        "mean": 1.42696774006,
        "median": 1.08644556999,
        "min": -7.15221118927,
        "var": 2.32577681541
    },
    "barkbands_spread": {
        "dmean": 6.62863492966,
        "dmean2": 10.2607774734,
        "dvar": 74.9129638672,
        "dvar2": 159.273971558,
        "max": 128.045593262,
        "mean": 24.1042137146,
        "median": 22.5082511902,
        "min": 0.824538588524,
        "var": 222.118743896
    },
    "dissonance": {
        "dmean": 0.0177834834903,
        "dmean2": 0.0298184193671,
        "dvar": 0.000318426842568,
        "dvar2": 0.000813376274891,
        "max": 0.500000119209,
        "mean": 0.470002532005,
        "median": 0.477923840284,
        "min": 0.219803184271,
        "var": 0.000799457367975
    },
    "dynamic_complexity": 3.36432170868,
    "erbbands_crest": {
        "dmean": 2.94341158867,
        "dmean2": 4.82240772247,
        "dvar": 7.77210998535,
        "dvar2": 19.0245265961,
        "max": 30.9029750824,
        "mean": 8.92352390289,
        "median": 7.80427122116,
        "min": 2.3115670681,
        "var": 20.3525123596
    },
    "erbbands_flatness_db": {
        "dmean": 0.018237542361,
        "dmean2": 0.0271333288401,
        "dvar": 0.000313748867484,
        "dvar2": 0.000613129581325,
        "max": 0.416705220938,
        "mean": 0.173284992576,
        "median": 0.163475334644,
        "min": 0.0740157365799,
        "var": 0.00248002423905
    },
    "erbbands_kurtosis": {
        "dmean": 1.15788400173,
        "dmean2": 1.84790146351,
        "dvar": 5.01060676575,
        "dvar2": 12.3022413254,
        "max": 61.861366272,
        "mean": 0.735737860203,
        "median": 0.0972131490707,
        "min": -1.86756134033,
        "var": 8.22066783905
    },
    "erbbands_skewness": {
        "dmean": 0.430642694235,
        "dmean2": 0.657937586308,
        "dvar": 0.202368825674,
        "dvar2": 0.441557347775,
        "max": 6.47012996674,
        "mean": 0.348581939936,
        "median": 0.338784098625,
        "min": -5.89072370529,
        "var": 0.71584290266
    },
    "erbbands_spread": {
        "dmean": 8.68712711334,
        "dmean2": 13.2735118866,
        "dvar": 104.235710144,
        "dvar2": 239.534957886,
        "max": 166.74407959,
        "mean": 36.8707275391,
        "median": 33.1570014954,
        "min": 2.30042338371,
        "var": 375.464019775
    },
    "hfc": {
        "dmean": 8.91449832916,
        "dmean2": 13.4394817352,
        "dvar": 248.813537598,
        "dvar2": 566.978942871,
        "max": 213.829040527,
        "mean": 20.4166641235,
        "median": 12.7753276825,
        "min": 1.16512200926e-16,
        "var": 500.922912598
    },
    "melbands_crest": {
        "dmean": 4.06657361984,
        "dmean2": 6.72603416443,
        "dvar": 13.2130117416,
        "dvar2": 34.0228118896,
        "max": 34.6630821228,
        "mean": 14.6725587845,
        "median": 13.6718730927,
        "min": 1.84863471985,
        "var": 39.1595611572
    },
    "melbands_flatness_db": {
        "dmean": 0.0314018391073,
        "dmean2": 0.048122368753,
        "dvar": 0.00106936506927,
        "dvar2": 0.00215909024701,
        "max": 0.46276140213,
        "mean": 0.179951161146,
        "median": 0.167400419712,
        "min": 0.00720939459279,
        "var": 0.00510999979451
    },
    "melbands_kurtosis": {
        "dmean": 9.62533092499,
        "dmean2": 15.4412050247,
        "dvar": 543.531494141,
        "dvar2": 1373.18139648,
        "max": 620.842224121,
        "mean": 14.423871994,
        "median": 5.04370975494,
        "min": -1.92668950558,
        "var": 898.971862793
    },
    "melbands_skewness": {
        "dmean": 0.898508369923,
        "dmean2": 1.39395475388,
        "dvar": 1.23753356934,
        "dvar2": 2.8065533638,
        "max": 20.6226844788,
        "mean": 2.48892307281,
        "median": 1.9981443882,
        "min": -1.88492631912,
        "var": 4.04878044128
    },
    "melbands_spread": {
        "dmean": 9.42286109924,
        "dmean2": 14.4626369476,
        "dvar": 232.198410034,
        "dvar2": 489.841552734,
        "max": 334.692138672,
        "mean": 27.8522777557,
        "median": 23.7987480164,
        "min": 0.569858133793,
        "var": 533.213623047
    },
    "pitch_salience": {
        "dmean": 0.0879358500242,
        "dmean2": 0.143294423819,
        "dvar": 0.00670185452327,
        "dvar2": 0.016673926264,
        "max": 0.945977270603,
        "mean": 0.560957729816,
        "median": 0.572172045708,
        "min": 0.0984218120575,
        "var": 0.0206390544772
    },
    "silence_rate_20dB": {
        "dmean": 0,
        "dmean2": 0,
        "dvar": 0,
        "dvar2": 0,
        "max": 1,
        "mean": 1,
        "median": 1,
        "min": 1,
        "var": 0
    },
    "silence_rate_30dB": {
        "dmean": 0.00214948714711,
        "dmean2": 0.0042993943207,
        "dvar": 0.00214478722773,
        "dvar2": 0.00643042474985,
        "max": 1,
        "mean": 0.998925387859,
        "median": 1,
        "min": 0,
        "var": 0.00107340759132
    },
    "silence_rate_60dB": {
        "dmean": 0.0340009778738,
        "dmean2": 0.0680086016655,
        "dvar": 0.032848212868,
        "dvar2": 0.0753154978156,
        "max": 1,
        "mean": 0.0793278589845,
        "median": 0,
        "min": 0,
        "var": 0.0730294659734
    },
    "spectral_centroid": {
        "dmean": 305.808197021,
        "dmean2": 458.581298828,
        "dvar": 147385.484375,
        "dvar2": 290945.4375,
        "max": 10892.1630859,
        "mean": 1584.62353516,
        "median": 1566.62890625,
        "min": 199.444885254,
        "var": 470747.03125
    },
    "spectral_complexity": {
        "dmean": 4.72203207016,
        "dmean2": 6.85655641556,
        "dvar": 34.1499786377,
        "dvar2": 61.1506271362,
        "max": 60,
        "mean": 17.930929184,
        "median": 16,
        "min": 0,
        "var": 125.627342224
    },
    "spectral_decrease": {
        "dmean": 2.59312038509e-09,
        "dmean2": 4.30607949298e-09,
        "dvar": 1.41541455417e-17,
        "dvar2": 3.52738235118e-17,
        "max": 5.449110027e-29,
        "mean": -5.96866023272e-09,
        "median": -4.02456734605e-09,
        "min": -3.75924820162e-08,
        "var": 3.265992285e-17
    },
    "spectral_energy": {
        "dmean": 0.0103927161545,
        "dmean2": 0.017186852172,
        "dvar": 0.000218009852688,
        "dvar2": 0.000541630375665,
        "max": 0.149971142411,
        "mean": 0.0243789069355,
        "median": 0.0169575065374,
        "min": 1.04693754049e-20,
        "var": 0.000514348037541
    },
    "spectral_energyband_high": {
        "dmean": 0.000618175487034,
        "dmean2": 0.0009130241815,
        "dvar": 2.09117820305e-06,
        "dvar2": 4.57457508674e-06,
        "max": 0.0265947710723,
        "mean": 0.00101186172105,
        "median": 0.000327053887304,
        "min": 7.5070299894e-21,
        "var": 3.64487618754e-06
    },
    "spectral_energyband_low": {
        "dmean": 0.00636614998803,
        "dmean2": 0.0105962054804,
        "dvar": 0.000126737111714,
        "dvar2": 0.000332346215146,
        "max": 0.113843791187,
        "mean": 0.0101672476158,
        "median": 0.00291579472832,
        "min": 1.50611911489e-23,
        "var": 0.000230577483308
    },
    "spectral_energyband_middle_high": {
        "dmean": 0.00224616355263,
        "dmean2": 0.00335234776139,
        "dvar": 1.20962577057e-05,
        "dvar2": 2.5635554266e-05,
        "max": 0.055438876152,
        "mean": 0.00563008990139,
        "median": 0.00292829982936,
        "min": 1.49879876336e-21,
        "var": 4.65756893391e-05
    },
    "spectral_energyband_middle_low": {
        "dmean": 0.00573643576354,
        "dmean2": 0.00960135832429,
        "dvar": 0.000113499707368,
        "dvar2": 0.000295216479572,
        "max": 0.117480739951,
        "mean": 0.00854002684355,
        "median": 0.0043113976717,
        "min": 2.16444171565e-22,
        "var": 0.000130982283736
    },
    "spectral_entropy": {
        "dmean": 0.156819418073,
        "dmean2": 0.235027074814,
        "dvar": 0.0303431469947,
        "dvar2": 0.0583006255329,
        "max": 9.80740642548,
        "mean": 7.74039697647,
        "median": 7.77133560181,
        "min": 5.60625076294,
        "var": 0.142761290073
    },
    "spectral_flux": {
        "dmean": 0.0290570724756,
        "dmean2": 0.0464408583939,
        "dvar": 0.00127837713808,
        "dvar2": 0.00271466048434,
        "max": 0.346352815628,
        "mean": 0.0926778316498,
        "median": 0.078611575067,
        "min": 6.82512171779e-11,
        "var": 0.00326767121442
    },
    "spectral_kurtosis": {
        "dmean": 1.18982291222,
        "dmean2": 1.97802567482,
        "dvar": 1.50798785686,
        "dvar2": 4.06535100937,
        "max": 24.2504825592,
        "mean": 3.39867019653,
        "median": 3.24393200874,
        "min": -1.64503335953,
        "var": 4.27543497086
    },
    "spectral_rms": {
        "dmean": 0.0009376690723,
        "dmean2": 0.00150386011228,
        "dvar": 1.20290621908e-06,
        "dvar2": 2.75956199403e-06,
        "max": 0.0120960036293,
        "mean": 0.00436769006774,
        "median": 0.00406742002815,
        "min": 3.19593873935e-12,
        "var": 4.70761415272e-06
    },
    "spectral_rolloff": {
        "dmean": 609.352478027,
        "dmean2": 1002.13848877,
        "dvar": 1252671.5,
        "dvar2": 2542663,
        "max": 18949.21875,
        "mean": 1787.07250977,
        "median": 1550.390625,
        "min": 64.599609375,
        "var": 2766577.5
    },
    "spectral_skewness": {
        "dmean": 0.191413849592,
        "dmean2": 0.302677452564,
        "dvar": 0.0359133966267,
        "dvar2": 0.0800535306334,
        "max": 3.83516550064,
        "mean": 1.40338456631,
        "median": 1.42827808857,
        "min": -0.665754914284,
        "var": 0.145238548517
    },
    "spectral_spread": {
        "dmean": 535231.75,
        "dmean2": 781157.625,
        "dvar": 623194537984,
        "dvar2": 1.07895232922e+12,
        "max": 40560384,
        "mean": 4663090.5,
        "median": 4481181.5,
        "min": 1171606,
        "var": 2.56448738099e+12
    },
    "spectral_strongpeak": {
        "dmean": 0.518969833851,
        "dmean2": 0.884174406528,
        "dvar": 0.811391592026,
        "dvar2": 2.0821492672,
        "max": 12.5554914474,
        "mean": 0.812434256077,
        "median": 0.403861582279,
        "min": 0,
        "var": 1.29284214973
    },
    "zerocrossingrate": {
        "dmean": 0.0125619238243,
        "dmean2": 0.01416950766,
        "dvar": 0.000306327827275,
        "dvar2": 0.000326597801177,
        "max": 0.56396484375,
        "mean": 0.0678356066346,
        "median": 0.0625,
        "min": 0.00341796875,
        "var": 0.00175148702692
    },
    "barkbands": {
        "dmean": [0.000385281251511, 0.00523746712133, 0.00193538411986, 0.00187400530558, 0.00101104110945, 0.00158166501205, 0.000615617551375, 0.00115936528891, 0.000978124560788, 0.000759868009482, 0.000477200635942, 0.000474325555842, 0.000383342790883, 0.000423614197643, 0.000382637663279, 0.000256409839494, 0.000269022828434, 0.000269443931757, 0.000218594199396, 0.000178101152414, 0.0001401771151, 0.000104977341834, 0.000124038459035, 9.90238768281e-05, 0.000128014784423, 3.27843032721e-08, 1.04871855644e-09],
        "dmean2": [0.000681923236698, 0.00906246062368, 0.00339617417194, 0.00339999864809, 0.00167877820786, 0.0027266012039, 0.000992000452243, 0.0018895653775, 0.00162487896159, 0.00127792079002, 0.000755646207836, 0.000736686168239, 0.000596424331889, 0.00067116325954, 0.000611861934885, 0.000408226100262, 0.000423753022915, 0.00041980741662, 0.000344433879945, 0.00027236979804, 0.000213261737372, 0.000161742646014, 0.000194575099158, 0.000156320587848, 0.000194193184143, 5.50828644919e-08, 1.95883265164e-09],
        "dvar": [5.30360580342e-07, 0.000118901334645, 1.87601490325e-05, 3.53405157512e-05, 4.23801839133e-06, 1.20607292047e-05, 2.98396003018e-06, 8.42505869514e-06, 5.93592085352e-06, 2.61629111264e-06, 1.53437997596e-06, 1.91771619029e-06, 1.2263218423e-06, 1.11834856398e-06, 6.62542049668e-07, 3.02836582478e-07, 3.74689420823e-07, 2.99817202176e-07, 2.56203094295e-07, 1.1808067768e-07, 7.64738103953e-08, 6.35983568031e-08, 1.56130610662e-07, 1.33068454033e-07, 3.66317408407e-07, 2.98509894375e-14, 2.88512656725e-18],
        "dvar2": [1.60319711995e-06, 0.00033415335929, 5.582286758e-05, 9.93678040686e-05, 1.09667835204e-05, 3.21077568515e-05, 6.90682145432e-06, 2.07352823054e-05, 1.46085967572e-05, 6.59099805489e-06, 3.38305790137e-06, 4.12928466176e-06, 2.47856564783e-06, 2.7108408176e-06, 1.52300594891e-06, 7.48613331325e-07, 8.56015503814e-07, 6.94663299328e-07, 6.06222158694e-07, 2.71356640269e-07, 1.70019703205e-07, 1.43552838949e-07, 3.59056144816e-07, 2.93373744853e-07, 7.66879338698e-07, 7.82450276446e-14, 9.30483807814e-18],
        "max": [0.00707968370989, 0.0989374741912, 0.0458863638341, 0.0685759484768, 0.0366908460855, 0.0518149323761, 0.0540870055556, 0.06324416399, 0.0616563931108, 0.0430594682693, 0.0295534934849, 0.0413211323321, 0.0469918251038, 0.0359712839127, 0.0301979407668, 0.0115828365088, 0.018208572641, 0.0114953415468, 0.00994241517037, 0.00635919673368, 0.00436109071597, 0.00499658519402, 0.0104366382584, 0.00890465825796, 0.0176027584821, 7.68187601352e-06, 2.0513919452e-08],
        "mean": [0.000391204870539, 0.00647868867964, 0.00248743942939, 0.00139029242564, 0.00133840797935, 0.00179666338954, 0.000815081002656, 0.00159359350801, 0.00129705900326, 0.00102442852221, 0.000694871821906, 0.000687904190272, 0.000586178619415, 0.000614363176282, 0.000545446178876, 0.000359742611181, 0.000413917587139, 0.000421897042543, 0.000309249851853, 0.000300988613162, 0.000220823378186, 0.000145104568219, 0.000159733943292, 0.000139487165143, 0.000166277910466, 3.0364009973e-08, 9.16702436182e-10],
        "median": [4.44126781076e-05, 0.00118355709128, 0.000782159040682, 0.000190617472981, 0.000508980243467, 0.000413943373132, 0.000178658825462, 0.000328310154146, 0.000458179565612, 0.000280904117972, 0.00015202150098, 0.000157486880198, 0.000153437111294, 0.000188372214325, 0.000176873320015, 0.00013755238615, 0.000134128233185, 0.000149412575411, 0.00010104161629, 9.28849331103e-05, 6.31150178378e-05, 3.32349773089e-05, 3.6730481952e-05, 3.27112902596e-05, 3.04955574393e-05, 4.70414551756e-09, 3.49777679043e-10],
        "min": [4.93616931895e-24, 3.72262317325e-24, 4.70534585707e-24, 7.24940610476e-24, 1.25804255503e-23, 2.45052224914e-23, 1.73567495618e-23, 2.58911027961e-23, 1.19971897598e-22, 3.20466601701e-23, 4.4400272433e-23, 7.88811301647e-23, 1.01887968165e-22, 1.01525571776e-22, 1.62135099343e-22, 1.76489060913e-22, 1.59374464828e-22, 1.50285537644e-22, 1.55703295502e-22, 3.17439218605e-22, 2.81941891508e-22, 5.17191244876e-22, 6.18615432248e-22, 8.91083949944e-22, 8.88218403239e-22, 1.53649808524e-21, 2.65396214335e-21],
        "var": [5.66611333852e-07, 0.000147930244566, 1.98538182303e-05, 2.21838890866e-05, 4.96844995723e-06, 1.34939327836e-05, 4.24058725912e-06, 1.44267423821e-05, 8.50426567922e-06, 4.8331180551e-06, 3.53886571247e-06, 3.72875683752e-06, 2.60559613707e-06, 1.7937524035e-06, 1.62220817401e-06, 4.66174157054e-07, 6.89190983394e-07, 5.35054482498e-07, 3.52438036089e-07, 2.34086186879e-07, 1.40741207133e-07, 9.72566738255e-08, 2.03389916464e-07, 1.95036079731e-07, 5.66862752294e-07, 2.72154887737e-14, 2.20304005158e-18]
    },
    "erbbands": {
        "dmean": [0.207052737474, 0.989450573921, 1.82543981075, 4.90354537964, 3.3974738121, 4.04331016541, 9.00293922424, 14.3851308823, 7.85065031052, 13.3293809891, 29.4001426697, 21.9962177277, 23.2347698212, 21.0542964935, 17.2377662659, 18.5763607025, 15.8154315948, 20.789932251, 18.7800655365, 17.7636871338, 12.4551467896, 14.0205831528, 13.2265329361, 13.1512460709, 9.00155830383, 8.42204189301, 7.13485431671, 4.381980896, 3.81415557861, 3.92211890221, 3.39045238495, 2.20757746696, 1.65339100361, 1.66130316257, 0.790869295597, 0.0671814084053, 0.00158910709433, 9.67694213614e-05, 1.64467146533e-05, 1.41648542922e-05],
        "dmean2": [0.360581248999, 1.69321870804, 3.13492751122, 8.9189119339, 5.75051879883, 6.94240093231, 15.2513799667, 25.1126174927, 12.749499321, 21.6196708679, 47.7198486328, 35.9995803833, 39.2515563965, 34.2338943481, 26.4598178864, 28.6976566315, 23.7295761108, 32.5037460327, 29.391412735, 28.5787715912, 19.2768573761, 21.8491001129, 20.097946167, 20.6048030853, 14.1212949753, 12.8677434921, 10.6857004166, 6.7520031929, 5.91587305069, 6.13998317719, 5.29749202728, 3.46617841721, 2.58741927147, 2.57385253906, 1.19999134541, 0.101473912597, 0.00237799901515, 0.000144223187817, 2.49575896305e-05, 2.2955082386e-05],
        "dvar": [0.175221726298, 4.57251405716, 13.4017543793, 215.841445923, 85.2932281494, 71.2420272827, 346.552001953, 1122.32226562, 397.322692871, 1292.00183105, 5744.90966797, 2911.57080078, 2954.3137207, 2374.09887695, 2089.75341797, 3222.46264648, 2337.74365234, 2680.09033203, 1640.18896484, 1604.9987793, 754.280334473, 961.693115234, 676.364196777, 857.979370117, 432.564880371, 275.765228271, 191.450012207, 91.9385070801, 81.9262542725, 118.032165527, 130.106185913, 79.6784362793, 34.2174377441, 53.6428375244, 18.0801296234, 0.154468685389, 7.83007199061e-05, 2.40111688754e-07, 3.28067373268e-09, 4.47911208123e-10],
        "dvar2": [0.505541861057, 12.5289506912, 39.0108375549, 614.160766602, 217.176544189, 194.822097778, 896.478820801, 2982.79931641, 837.660766602, 3223.30078125, 14253.9941406, 7063.96484375, 7652.32617188, 5750.15771484, 4336.17138672, 7140.77148438, 4624.73925781, 6262.65869141, 3699.90966797, 3853.62011719, 1830.96520996, 2190.07788086, 1485.72155762, 1964.57458496, 1055.15356445, 635.46307373, 418.258270264, 205.043746948, 186.554855347, 279.66998291, 292.014404297, 175.072113037, 74.339805603, 118.602272034, 39.1764068604, 0.320137292147, 0.00016111577861, 4.91797550239e-07, 6.77893430279e-09, 1.05378228366e-09],
        "max": [4.13098859787, 20.4916343689, 41.516040802, 141.184646606, 125.477783203, 122.11164093, 321.422668457, 590.166870117, 701.311340332, 867.004150391, 1763.08630371, 1262.0291748, 1449.47570801, 1776.7442627, 1299.21728516, 2087.8815918, 2063.77832031, 2032.66601562, 786.437866211, 1697.36413574, 514.138916016, 909.319641113, 551.144592285, 692.123413086, 601.653259277, 228.753692627, 234.9972229, 223.943984985, 181.156234741, 316.672149658, 273.77432251, 267.688690186, 158.520141602, 272.32321167, 134.652069092, 11.1153011322, 0.242896139622, 0.0127100162208, 0.00136928341817, 0.00035079693771],
        "mean": [0.243962451816, 1.22965979576, 2.6194767952, 4.31618309021, 3.29241418839, 4.94110488892, 11.2590942383, 15.127114296, 9.91450405121, 18.4837589264, 41.0823059082, 30.2480335236, 30.9295158386, 32.1704368591, 27.2046604156, 29.1966495514, 27.1264629364, 33.1380348206, 29.6739749908, 25.9172000885, 19.5359554291, 23.1755390167, 22.5513782501, 19.9237442017, 13.7018013, 14.3738098145, 11.9410972595, 6.8416466713, 5.29026794434, 4.98146390915, 4.41829109192, 3.09280610085, 2.31547951698, 2.06857204437, 1.01532661915, 0.0828665271401, 0.00202227896079, 0.000129880994791, 2.98818067677e-05, 3.27355519403e-05],
        "median": [0.0266220457852, 0.286487340927, 0.920373260975, 0.954032480717, 0.862492978573, 1.77922737598, 3.09717512131, 2.88756918907, 2.40160775185, 4.61029338837, 10.1675109863, 11.9554481506, 10.4508743286, 9.4390335083, 7.3313035965, 6.88651514053, 7.46106910706, 10.2017459869, 10.5614461899, 9.42271327972, 7.93360328674, 7.99750518799, 8.57272720337, 6.37829494476, 4.87888145447, 4.41770076752, 3.28621673584, 2.06217622757, 1.25317549706, 1.03381347656, 1.02986836433, 0.750004768372, 0.510471522808, 0.355341494083, 0.190395981073, 0.0135555639863, 0.00036227243254, 2.80464100797e-05, 1.53367818712e-05, 2.26868978643e-05],
        "min": [2.29450354812e-22, 4.73935817876e-22, 3.44565961568e-21, 1.7130409654e-20, 2.221540715e-20, 4.19338015999e-20, 1.51887175496e-19, 2.07957496995e-19, 1.85059509128e-19, 4.46511732765e-19, 1.02890401116e-18, 2.61173406902e-18, 1.35006029611e-18, 1.00146632685e-18, 2.73064231605e-18, 3.32711749947e-18, 4.06370508454e-18, 4.03628611519e-18, 8.60179163293e-18, 8.55027896029e-18, 8.21546023656e-18, 8.37738001429e-18, 8.32294573972e-18, 9.73800030489e-18, 8.48547928546e-18, 1.41148114493e-17, 1.58134334546e-17, 9.0055310453e-18, 1.82648361394e-17, 1.57314416579e-17, 1.95851520547e-17, 1.67913511902e-17, 1.54035389913e-17, 1.06641638311e-17, 5.74686170754e-18, 5.35640598864e-18, 2.90018642427e-18, 1.33609252428e-18, 3.27447484641e-19, 3.3263161941e-20],
        "var": [0.220695704222, 5.47898960114, 16.9856815338, 139.245925903, 73.7274475098, 72.1266403198, 493.947875977, 1206.30554199, 663.559631348, 1718.11938477, 9723.05859375, 4441.9453125, 4551.83886719, 5204.72509766, 4813.96582031, 6464.09667969, 5310.33496094, 4944.37353516, 3366.29101562, 3879.45336914, 1241.17602539, 1929.66271973, 1473.40087891, 1332.08093262, 591.161682129, 532.23638916, 419.702362061, 152.883895874, 122.031478882, 153.89680481, 172.021682739, 109.592605591, 53.8999557495, 76.017578125, 25.9057254791, 0.233498737216, 0.000120721590065, 3.78881793495e-07, 5.44786260548e-09, 1.01118358131e-09]
    },
    "gfcc": {
        "mean": [-20.1654930115, 90.6412811279, -143.439727783, 43.5175285339, -71.9125289917, 27.2849082947, -41.3405609131, 18.9525661469, -18.892572403, -0.995976567268, -6.95582914352, -13.2795276642, 2.39202952385],
        "cov": [[4280.94042969, 101.092353821, 283.172607422, 463.052032471, -129.872253418, -3.0732049942, -62.3630867004, -37.7843666077, -77.9621734619, 146.582946777, 102.980987549, 48.7195281982, -8.26792049408], [101.092353821, 1097.73498535, 566.907409668, 304.109130859, 353.958068848, 62.1326713562, 216.608596802, 0.634658634663, 106.166007996, 23.8015346527, 118.566741943, -58.0641136169, 40.4570274353], [283.172607422, 566.907409668, 1574.91992188, 745.264648438, 248.304321289, 115.056472778, -71.9180450439, 60.0876235962, 67.1679000854, 163.302993774, 84.1009902954, 62.0767173767, 7.40116548538], [463.052032471, 304.109130859, 745.264648438, 654.538574219, 230.615997314, 33.1316795349, -18.750951767, 14.4465646744, 50.8621292114, 88.0832061768, 68.8237304688, 42.144405365, 20.727689743], [-129.872253418, 353.958068848, 248.304321289, 230.615997314, 386.446472168, 121.806640625, 126.09135437, 66.4991531372, 51.5480041504, 33.8211898804, 55.0644721985, -7.27114200592, 32.8227081299], [-3.0732049942, 62.1326713562, 115.056472778, 33.1316795349, 121.806640625, 320.668243408, 136.077651978, -5.99830389023, 18.2745285034, 6.86753082275, 3.40026259422, -9.42723464966, -31.0694179535], [-62.3630867004, 216.608596802, -71.9180450439, -18.750951767, 126.09135437, 136.077651978, 267.361572266, 51.6496086121, 49.4356117249, -1.44310617447, 47.8459968567, -25.7488880157, 12.7778558731], [-37.7843666077, 0.634658634663, 60.0876235962, 14.4465646744, 66.4991531372, -5.99830389023, 51.6496086121, 185.008132935, 81.752204895, 31.0569152832, -4.03713989258, 17.2535037994, 30.1917533875], [-77.9621734619, 106.166007996, 67.1679000854, 50.8621292114, 51.5480041504, 18.2745285034, 49.4356117249, 81.752204895, 152.681365967, 38.2017021179, 19.2830085754, 6.21027326584, 26.8380069733], [146.582946777, 23.8015346527, 163.302993774, 88.0832061768, 33.8211898804, 6.86753082275, -1.44310617447, 31.0569152832, 38.2017021179, 112.541465759, 49.4646263123, 22.4974460602, 9.09089756012], [102.980987549, 118.566741943, 84.1009902954, 68.8237304688, 55.0644721985, 3.40026259422, 47.8459968567, -4.03713989258, 19.2830085754, 49.4646263123, 124.338973999, 30.560218811, 20.2448577881], [48.7195281982, -58.0641136169, 62.0767173767, 42.144405365, -7.27114200592, -9.42723464966, -25.7488880157, 17.2535037994, 6.21027326584, 22.4974460602, 30.560218811, 80.1913223267, 33.1112289429], [-8.26792049408, 40.4570274353, 7.40116548538, 20.727689743, 32.8227081299, -31.0694179535, 12.7778558731, 30.1917533875, 26.8380069733, 9.09089756012, 20.2448577881, 33.1112289429, 83.6154174805]],
        "icov": [[0.000343899737345, -0.000315880490234, 0.000360828271369, -0.0006686981651, 0.000696097325999, -0.000423248682637, 0.000291010946967, -0.000516531290486, 0.000633888470475, -0.000570551666897, -0.000153798842803, 6.18207996013e-05, -9.64805658441e-05], [-0.000315880490234, 0.00313371955417, -0.00187278166413, 0.00147957145236, -0.00261760177091, 0.00216093147174, -0.00258100079373, 0.00275234412402, -0.00241012009792, 0.00205637235194, -0.000925937434658, 0.00189534272067, -0.000493758998346], [0.000360828271369, -0.00187278166413, 0.00284898211248, -0.00291910395026, 0.00200919271447, -0.00224276585504, 0.00239727762528, -0.00252465019003, 0.00191032979637, -0.00222341041081, 5.6189357565e-05, -0.000646277389023, 0.000207363613299], [-0.0006686981651, 0.00147957145236, -0.00291910395026, 0.00583140645176, -0.00390809215605, 0.00245322217233, -0.00143032672349, 0.00320379622281, -0.00267983810045, 0.00130749831442, 0.000262674351688, -0.00105303758755, 0.000609609705862], [0.000696097325999, -0.00261760177091, 0.00200919271447, -0.00390809215605, 0.0078416550532, -0.0037970545236, 0.00150008173659, -0.00450567994267, 0.00322980689816, -0.0017711755354, -0.00118184275925, 0.00146097550169, -0.00210161600262], [-0.000423248682637, 0.00216093147174, -0.00224276585504, 0.00245322217233, -0.0037970545236, 0.00733910920098, -0.00524715427309, 0.00426865229383, -0.00269862799905, 0.00101830624044, 0.00208647921681, -0.00192380149383, 0.00299314875156], [0.000291010946967, -0.00258100079373, 0.00239727762528, -0.00143032672349, 0.00150008173659, -0.00524715427309, 0.0100552225485, -0.0048252013512, 0.00147370691411, -0.000120709984913, -0.00373121770099, 0.00259633758105, -0.00149756146129], [-0.000516531290486, 0.00275234412402, -0.00252465019003, 0.00320379622281, -0.00450567994267, 0.00426865229383, -0.0048252013512, 0.0120638953522, -0.00635626725852, 7.44913850212e-05, 0.00339212198742, -0.00224758428521, -0.000116556104331], [0.000633888470475, -0.00241012009792, 0.00191032979637, -0.00267983810045, 0.00322980689816, -0.00269862799905, 0.00147370691411, -0.00635626725852, 0.0121518857777, -0.00400193687528, -0.000302088825265, 0.000817890453618, -0.00219267164357], [-0.000570551666897, 0.00205637235194, -0.00222341041081, 0.00130749831442, -0.0017711755354, 0.00101830624044, -0.000120709984913, 7.44913850212e-05, -0.00400193687528, 0.0155390128493, -0.00572382099926, 0.000654605391901, 0.000608169590123], [-0.000153798842803, -0.000925937434658, 5.6189357565e-05, 0.000262674351688, -0.00118184275925, 0.00208647921681, -0.00373121770099, 0.00339212198742, -0.000302088825265, -0.00572382099926, 0.0147642735392, -0.00688324589282, 0.000817584281322], [6.18207996013e-05, 0.00189534272067, -0.000646277389023, -0.00105303758755, 0.00146097550169, -0.00192380149383, 0.00259633758105, -0.00224758428521, 0.000817890453618, 0.000654605391901, -0.00688324589282, 0.022132249549, -0.00889761000872], [-9.64805658441e-05, -0.000493758998346, 0.000207363613299, 0.000609609705862, -0.00210161600262, 0.00299314875156, -0.00149756146129, -0.000116556104331, -0.00219267164357, 0.000608169590123, 0.000817584281322, -0.00889761000872, 0.0181906111538]]
    },
    "melbands": {
        "dmean": [0.0016251191264, 0.000934569223318, 0.000799593690317, 0.000213315346627, 0.000290985073661, 0.000307375390548, 0.000120819109725, 0.000160334617249, 0.000240532346652, 0.000134922374855, 0.00011792298028, 8.92057505553e-05, 6.27873960184e-05, 5.46797164134e-05, 4.34012326878e-05, 4.01345205319e-05, 4.06662329624e-05, 3.26401132043e-05, 2.77851231658e-05, 2.07150660572e-05, 1.57123122335e-05, 1.56435162353e-05, 1.39665798997e-05, 1.35321779453e-05, 1.12241023089e-05, 7.82807455835e-06, 5.6342046264e-06, 6.08432719673e-06, 5.26509484189e-06, 3.37882374879e-06, 2.42146211349e-06, 2.22040921471e-06, 2.12603390537e-06, 2.34521212406e-06, 2.22025505536e-06, 1.51804590587e-06, 1.35689924718e-06, 1.16679666462e-06, 1.31255217184e-06, 1.4692611785e-06],
        "dmean2": [0.00281685474329, 0.00154789898079, 0.00144126464147, 0.00035283374018, 0.000493100378662, 0.000534395279828, 0.000194853782887, 0.000259235996054, 0.000391099980334, 0.000222429604037, 0.000199519825401, 0.00014629328507, 9.76555093075e-05, 8.51720469655e-05, 6.53787647025e-05, 6.17448895355e-05, 6.38406490907e-05, 5.13505037816e-05, 4.47214988526e-05, 3.35658078257e-05, 2.46186955337e-05, 2.46295930992e-05, 2.17046035687e-05, 2.13396142499e-05, 1.77550973604e-05, 1.24684247567e-05, 8.82872154762e-06, 9.40289010032e-06, 8.00053476269e-06, 5.24653614775e-06, 3.78672348234e-06, 3.52015172211e-06, 3.3045280361e-06, 3.77101264348e-06, 3.6086662476e-06, 2.34165077018e-06, 2.16631087824e-06, 1.86909846889e-06, 2.03813374355e-06, 2.2836691187e-06],
        "dvar": [1.10796900117e-05, 2.92389472634e-06, 5.55089991394e-06, 2.01927164767e-07, 3.47052946381e-07, 4.92045444389e-07, 9.39616029427e-08, 1.6211126308e-07, 3.92904382807e-07, 1.11259801372e-07, 7.62003651289e-08, 4.19214742919e-08, 2.51094061099e-08, 2.75110725312e-08, 1.95416287596e-08, 1.09370263957e-08, 1.04793178579e-08, 5.68370550624e-09, 4.2664116684e-09, 2.14941930921e-09, 1.47050915889e-09, 1.4120492553e-09, 1.03144015551e-09, 8.43562164565e-10, 6.74464595285e-10, 3.51293161227e-10, 1.38812586425e-10, 1.47669154682e-10, 1.07786030101e-10, 4.65224386792e-11, 3.09179869207e-11, 2.81936279878e-11, 2.69943459946e-11, 4.7703674344e-11, 5.36960302611e-11, 3.68083896696e-11, 3.03854059969e-11, 1.74894022875e-11, 3.05128457223e-11, 4.36611996557e-11],
        "dvar2": [3.17002486554e-05, 7.70877340983e-06, 1.56552814587e-05, 5.01863269164e-07, 9.14713211841e-07, 1.30883472593e-06, 2.03366667506e-07, 4.01029979002e-07, 9.8220664313e-07, 2.68098034439e-07, 1.96793195073e-07, 1.02156164417e-07, 5.31957162764e-08, 6.09482810887e-08, 3.64006531584e-08, 2.22248104365e-08, 2.50014391412e-08, 1.28239587838e-08, 9.65374447048e-09, 5.24350296516e-09, 3.55751983427e-09, 3.25193938444e-09, 2.38543140796e-09, 2.0337562745e-09, 1.54376300632e-09, 8.48854597724e-10, 3.23909593591e-10, 3.41813854998e-10, 2.38527808616e-10, 1.05569726572e-10, 7.07007369316e-11, 6.58469875847e-11, 6.17206633025e-11, 1.17018492118e-10, 1.26838567427e-10, 7.91527329791e-11, 6.98654190057e-11, 3.92149819561e-11, 6.82901721283e-11, 9.67518010153e-11],
        "max": [0.0319439209998, 0.021270243451, 0.0243591405451, 0.00812291633338, 0.00923992786556, 0.0113740013912, 0.00895118527114, 0.00828140322119, 0.0139699680731, 0.0076755057089, 0.00738618848845, 0.00677430490032, 0.00419691065326, 0.00470183743164, 0.00579442922026, 0.00324647803791, 0.00360738299787, 0.00160764355678, 0.00327677791938, 0.00104719633237, 0.000816739571746, 0.00115810742136, 0.00122278055642, 0.000728673592675, 0.00071099557681, 0.000421799428295, 0.000250659213634, 0.000195278131287, 0.000194028121768, 0.000118418858619, 0.000140512624057, 9.86782324617e-05, 0.000113348534796, 0.00019673933275, 0.00017144693993, 0.000176612942596, 0.000160281633725, 0.000116975636047, 0.000213468985748, 0.000218542219955],
        "mean": [0.00195649382658, 0.00147489353549, 0.000732252956368, 0.000256186904153, 0.000369285931811, 0.000332817697199, 0.000157406626386, 0.000223343959078, 0.000329035072355, 0.000181752839126, 0.000153284214321, 0.000131207256345, 9.42654369283e-05, 7.68346071709e-05, 6.5754269599e-05, 6.32458177279e-05, 5.9285932366e-05, 4.76694913232e-05, 3.84702361771e-05, 2.80609856418e-05, 2.23587521759e-05, 2.3796905225e-05, 2.19908415602e-05, 2.01538950932e-05, 1.58700677275e-05, 1.07651176222e-05, 8.78380251379e-06, 9.833211152e-06, 8.4645980678e-06, 5.04413719682e-06, 3.52932534042e-06, 2.97691099149e-06, 2.76155242318e-06, 2.81721850115e-06, 2.67205746241e-06, 2.15859540731e-06, 1.77984520633e-06, 1.57281863267e-06, 1.70552516465e-06, 1.74858109858e-06],
        "median": [0.000292661366984, 0.000510719837621, 0.000174238855834, 9.0819921752e-05, 0.000116038369015, 6.77382631693e-05, 3.61809288734e-05, 5.4128409829e-05, 8.76713456819e-05, 6.33619638393e-05, 4.71121165901e-05, 3.58287834388e-05, 2.25037201744e-05, 1.81514733413e-05, 1.47112459672e-05, 1.69537925103e-05, 1.7675680283e-05, 1.56374335347e-05, 1.2807218809e-05, 1.02405920188e-05, 7.976791494e-06, 7.63186380937e-06, 7.64881224313e-06, 6.77705565977e-06, 4.58816430182e-06, 3.54017629434e-06, 2.9621635349e-06, 2.7437654353e-06, 2.09700783671e-06, 1.42073361076e-06, 9.92935156319e-07, 6.96858137417e-07, 5.6259352732e-07, 5.53908762413e-07, 5.73345459998e-07, 5.24457561824e-07, 3.91177081838e-07, 3.50864581833e-07, 3.14605443918e-07, 2.8077386105e-07],
        "min": [1.8256083337e-24, 1.4313502472e-24, 3.30271527442e-24, 1.74045001012e-24, 4.70962424419e-24, 4.56417407049e-24, 2.94240384482e-24, 4.63238450638e-24, 1.02414963537e-23, 1.71631173417e-23, 6.58016254518e-24, 3.85299821506e-24, 7.31373061183e-24, 1.05794262217e-23, 6.29762057349e-24, 1.12312675097e-23, 7.1748792596e-24, 1.38724014305e-23, 1.17233060887e-23, 1.328831935e-23, 9.13694278054e-24, 8.83515930808e-24, 7.57573103998e-24, 7.6689759767e-24, 7.52661261572e-24, 3.84866934084e-24, 7.24632086976e-24, 9.75041545184e-24, 9.19130634096e-24, 7.31814349974e-24, 4.99571530109e-24, 9.47052681381e-24, 1.0840121085e-23, 8.07486147852e-24, 1.27737785136e-23, 8.11930984622e-24, 1.13388665595e-23, 1.00468851572e-23, 9.82914771449e-24, 8.30964778315e-24],
        "var": [1.38063933264e-05, 4.84678730572e-06, 3.71315513803e-06, 2.19347626285e-07, 4.62565054704e-07, 5.40975236163e-07, 1.54341620373e-07, 2.34314796899e-07, 6.36170852886e-07, 1.71355978296e-07, 1.18294458673e-07, 8.99487417882e-08, 6.02182979037e-08, 4.45986501063e-08, 4.3009841022e-08, 2.47400535613e-08, 1.73579017826e-08, 1.08666577958e-08, 1.09702886775e-08, 3.39337313804e-09, 2.20987073085e-09, 2.47258968855e-09, 1.9212622604e-09, 1.28080968054e-09, 1.00149644133e-09, 4.56541776606e-10, 2.16739112768e-10, 2.80650030993e-10, 2.39613162645e-10, 7.89551410363e-11, 4.83307456556e-11, 3.97239394156e-11, 3.96361311827e-11, 5.57138432611e-11, 6.31037722076e-11, 5.25929889916e-11, 3.84571506584e-11, 2.48087089066e-11, 4.44432025903e-11, 5.99889096731e-11]
    },
    "mfcc": {
        "mean": [-645.767456055, 102.850479126, -7.5565328598, 13.292550087, 2.85802507401, -0.142905965447, 2.28044772148, 3.89210677147, 3.40555429459, 6.4354262352, 1.5299680233, 1.13103067875, -3.19954848289],
        "cov": [[3995.2421875, -274.792053223, 97.1459579468, 187.969558716, -130.546356201, 27.3158950806, 0.631421506405, -113.931739807, -139.937164307, -5.84369277954, -49.8887710571, 19.0995521545, 95.2706604004], [-274.792053223, 902.684326172, 219.360671997, 238.588424683, 167.685638428, 133.587509155, 173.129089355, 73.1130142212, 64.6551742554, 100.806663513, 65.7269668579, 63.0898628235, 36.8957862854], [97.1459579468, 219.360671997, 1258.14904785, 554.305358887, 382.568634033, 192.138977051, 35.8165054321, -39.3082275391, 15.0939235687, -18.7825164795, 69.7240066528, 108.464195251, 111.160842896], [187.969558716, 238.588424683, 554.305358887, 677.953674316, 329.697570801, 56.8270225525, 62.8502731323, -30.9959602356, 30.7147102356, -0.097585067153, 19.9244937897, 122.4948349, 91.3273696899], [-130.546356201, 167.685638428, 382.568634033, 329.697570801, 375.039642334, 106.938407898, 61.1633872986, 20.4566459656, 51.5835609436, 28.8804950714, 24.9456806183, 58.1367073059, 60.3721466064], [27.3158950806, 133.587509155, 192.138977051, 56.8270225525, 106.938407898, 308.29119873, 133.603942871, 56.231174469, 2.26094675064, 43.1501083374, 45.4516868591, -1.72800636292, 14.2171115875], [0.631421506405, 173.129089355, 35.8165054321, 62.8502731323, 61.1633872986, 133.603942871, 224.285766602, 70.6019744873, 11.5682191849, 53.5770225525, 24.3560752869, 32.1895866394, 13.3460474014], [-113.931739807, 73.1130142212, -39.3082275391, -30.9959602356, 20.4566459656, 56.231174469, 70.6019744873, 153.195144653, 74.6750640869, 50.5033874512, 29.3805351257, -7.08296966553, 2.07766366005], [-139.937164307, 64.6551742554, 15.0939235687, 30.7147102356, 51.5835609436, 2.26094675064, 11.5682191849, 74.6750640869, 159.995620728, 60.7611312866, 25.7644233704, 20.3966522217, 4.33541917801], [-5.84369277954, 100.806663513, -18.7825164795, -0.097585067153, 28.8804950714, 43.1501083374, 53.5770225525, 50.5033874512, 60.7611312866, 117.172180176, 40.9957885742, 21.9136886597, 10.877407074], [-49.8887710571, 65.7269668579, 69.7240066528, 19.9244937897, 24.9456806183, 45.4516868591, 24.3560752869, 29.3805351257, 25.7644233704, 40.9957885742, 98.1757049561, 36.1136932373, 16.0710086823], [19.0995521545, 63.0898628235, 108.464195251, 122.4948349, 58.1367073059, -1.72800636292, 32.1895866394, -7.08296966553, 20.3966522217, 21.9136886597, 36.1136932373, 116.698219299, 43.1565666199], [95.2706604004, 36.8957862854, 111.160842896, 91.3273696899, 60.3721466064, 14.2171115875, 13.3460474014, 2.07766366005, 4.33541917801, 10.877407074, 16.0710086823, 43.1565666199, 88.5592193604]],
