{
"lowlevel": {
    "average_loudness": 0.030879586935,
    "barkbands_crest": {
        "dmean": 2.68252849579,
        "dmean2": 4.47346019745,
        "dvar": 5.69215202332,
        "dvar2": 14.9636592865,
        "max": 24.3997268677,
        "mean": 8.63133239746,
        "median": 7.677318573,
        "min": 2.05447244644,
        "var": 14.7575149536
    },
    "barkbands_flatness_db": {
        "dmean": 0.0196820311248,
        "dmean2": 0.0328796990216,
        "dvar": 0.000308122369461,
        "dvar2": 0.000833989179228,
        "max": 0.367559105158,
        "mean": 0.154801383615,
        "median": 0.148468151689,
        "min": 0.0318038165569,
        "var": 0.00138897914439
    },
    "barkbands_kurtosis": {
        "dmean": 1.90381288528,
        "dmean2": 3.17015051842,
        "dvar": 30.4797649384,
        "dvar2": 87.9802322388,
        "max": 218.113357544,
        "mean": 1.8835003376,
        "median": 0.26144194603,
        "min": -1.93032670021,
        "var": 67.6814651489
    },
    "barkbands_skewness": {
        "dmean": 0.491668343544,
        "dmean2": 0.77607446909,
        "dvar": 0.275631248951,
        "dvar2": 0.673105239868,
        "max": 13.1509819031,
        "mean": 0.932942152023,
        "median": 0.731412768364,
        "min": -2.82301187515,
        "var": 1.2614133358
    },
    "barkbands_spread": {
        "dmean": 6.05264997482,
        "dmean2": 9.58445739746,
        "dvar": 45.2447814941,
        "dvar2": 101.263824463,
        "max": 103.952613831,
        "mean": 26.5488395691,
        "median": 25.314743042,
        "min": 1.11980783939,
        "var": 207.864944458
    },
    "dissonance": {
        "dmean": 0.0150736244395,
        "dmean2": 0.0258569829166,
        "dvar": 0.000219415596803,
        "dvar2": 0.000580688472837,
        "max": 0.500000119209,
        "mean": 0.477242380381,
        "median": 0.482483565807,
        "min": 0.330400466919,
        "var": 0.000393434223952
    },
    "dynamic_complexity": 4.33679151535,
    "erbbands_crest": {
        "dmean": 2.44252276421,
        "dmean2": 3.98402023315,
        "dvar": 5.38474273682,
        "dvar2": 13.3038320541,
        "max": 29.4777050018,
        "mean": 8.26407051086,
        "median": 7.51935863495,
        "min": 2.22451400757,
        "var": 13.2713346481
    },
    "erbbands_flatness_db": {
        "dmean": 0.0158523973078,
        "dmean2": 0.0238149818033,
        "dvar": 0.000209595105844,
        "dvar2": 0.000424087455031,
        "max": 0.380451768637,
        "mean": 0.200217366219,
        "median": 0.191761925817,
        "min": 0.080645121634,
        "var": 0.00262478319928
    },
    "erbbands_kurtosis": {
        "dmean": 0.8752835989,
        "dmean2": 1.39236450195,
        "dvar": 1.52041232586,
        "dvar2": 3.41145730019,
        "max": 34.4546890259,
        "mean": 0.660412967205,
        "median": 0.206344127655,
        "min": -1.66751885414,
        "var": 3.51146697998
    },
    "erbbands_skewness": {
        "dmean": 0.333965241909,
        "dmean2": 0.518783569336,
        "dvar": 0.101808257401,
        "dvar2": 0.21604783833,
        "max": 3.00294470787,
        "mean": 0.223638609052,
        "median": 0.250569343567,
        "min": -4.59332752228,
        "var": 0.58447188139
    },
    "erbbands_spread": {
        "dmean": 6.80857563019,
        "dmean2": 10.4274206161,
        "dvar": 56.401725769,
        "dvar2": 128.788162231,
        "max": 161.840332031,
        "mean": 31.9386882782,
        "median": 28.2141189575,
        "min": 3.22637557983,
        "var": 286.772857666
    },
    "hfc": {
        "dmean": 5.86036968231,
        "dmean2": 8.38603019714,
        "dvar": 95.0425491333,
        "dvar2": 183.642715454,
        "max": 495.768585205,
        "mean": 18.3187427521,
        "median": 9.6873292923,
        "min": 1.22030130887e-16,
        "var": 528.829467773
    },
    "melbands_crest": {
        "dmean": 4.13124608994,
        "dmean2": 6.90198707581,
        "dvar": 14.2555952072,
        "dvar2": 39.125667572,
        "max": 36.3418922424,
        "mean": 13.5449447632,
        "median": 12.3223047256,
        "min": 1.93407332897,
        "var": 37.1027336121
    },
    "melbands_flatness_db": {
        "dmean": 0.0254495441914,
        "dmean2": 0.0409393310547,
        "dvar": 0.000516513595358,
        "dvar2": 0.00130487920251,
        "max": 0.472865223885,
        "mean": 0.163784146309,
        "median": 0.158836841583,
        "min": 0.00484522012994,
        "var": 0.00242369994521
    },
    "melbands_kurtosis": {
        "dmean": 5.49622058868,
        "dmean2": 9.01164245605,
        "dvar": 274.298309326,
        "dvar2": 751.438598633,
        "max": 850.029968262,
        "mean": 8.65376567841,
        "median": 2.89506196976,
        "min": -1.90926897526,
        "var": 678.600585938
    },
    "melbands_skewness": {
        "dmean": 0.700145721436,
        "dmean2": 1.10719847679,
        "dvar": 0.641768813133,
        "dvar2": 1.54857313633,
        "max": 23.2742710114,
        "mean": 1.93171358109,
        "median": 1.54639554024,
        "min": -1.1772428751,
        "var": 2.91837477684
    },
    "melbands_spread": {
        "dmean": 9.0561208725,
        "dmean2": 14.246307373,
        "dvar": 143.529876709,
        "dvar2": 288.563476562,
        "max": 209.309753418,
        "mean": 32.9162406921,
        "median": 28.6747093201,
        "min": 0.662269115448,
        "var": 521.871459961
    },
    "pitch_salience": {
        "dmean": 0.0803396478295,
        "dmean2": 0.133101567626,
        "dvar": 0.00485580554232,
        "dvar2": 0.0130236428231,
        "max": 0.875167369843,
        "mean": 0.591710686684,
        "median": 0.601420760155,
        "min": 0.136436343193,
        "var": 0.0151439160109
    },
    "silence_rate_20dB": {
        "dmean": 0.000774443382397,
        "dmean2": 0.00154903670773,
        "dvar": 0.000773722247686,
        "dvar2": 0.00212704041041,
        "max": 1,
        "mean": 0.999419212341,
        "median": 1,
        "min": 0,
        "var": 0.000580576772336
    },
    "silence_rate_30dB": {
        "dmean": 0.00271055172198,
        "dmean2": 0.00542162824422,
        "dvar": 0.00270348414779,
        "dvar2": 0.00752281071618,
        "max": 1,
        "mean": 0.994095444679,
        "median": 1,
        "min": 0,
        "var": 0.00586916692555
    },
    "silence_rate_60dB": {
        "dmean": 0.0354307852685,
        "dmean2": 0.0708684250712,
        "dvar": 0.0341718941927,
        "dvar2": 0.0793901607394,
        "max": 1,
        "mean": 0.167457163334,
        "median": 0,
        "min": 0,
        "var": 0.139417335391
    },
    "spectral_centroid": {
        "dmean": 245.684509277,
        "dmean2": 377.034210205,
        "dvar": 78624.890625,
        "dvar2": 148996.484375,
        "max": 11266.0527344,
        "mean": 1760.41235352,
        "median": 1697.42907715,
        "min": 191.301055908,
        "var": 409233.21875
    },
    "spectral_complexity": {
        "dmean": 3.64588570595,
        "dmean2": 5.45202827454,
        "dvar": 14.132815361,
        "dvar2": 27.3323802948,
        "max": 65,
        "mean": 17.2320194244,
        "median": 16,
        "min": 0,
        "var": 103.87638855
    },
    "spectral_decrease": {
        "dmean": 1.57927138034e-09,
        "dmean2": 2.50958187564e-09,
        "dvar": 1.02704242051e-17,
        "dvar2": 2.78896086534e-17,
        "max": 4.65614478451e-29,
        "mean": -4.48667547559e-09,
        "median": -3.10614778343e-09,
        "min": -1.27976775843e-07,
        "var": 3.19147522321e-17
    },
    "spectral_energy": {
        "dmean": 0.00635117385536,
        "dmean2": 0.0100209992379,
        "dvar": 0.000156784561113,
        "dvar2": 0.000420295196818,
        "max": 0.511620700359,
        "mean": 0.0185952391475,
        "median": 0.0130635555834,
        "min": 1.08927610159e-20,
        "var": 0.000517305568792
    },
    "spectral_energyband_high": {
        "dmean": 0.000361637969036,
        "dmean2": 0.000518812972587,
        "dvar": 8.84691985448e-07,
        "dvar2": 1.58433942943e-06,
        "max": 0.0418195836246,
        "mean": 0.000824759190436,
        "median": 0.000344372965628,
        "min": 7.67724663424e-21,
        "var": 3.51666972165e-06
    },
    "spectral_energyband_low": {
        "dmean": 0.00346799567342,
        "dmean2": 0.00586663419381,
        "dvar": 9.4162140158e-05,
        "dvar2": 0.000279842759483,
        "max": 0.371850609779,
        "mean": 0.00617318786681,
        "median": 0.00296453433111,
        "min": 8.00505628142e-23,
        "var": 0.000164218610735
    },
    "spectral_energyband_middle_high": {
        "dmean": 0.00237696315162,
        "dmean2": 0.00351197854616,
        "dvar": 2.19725334318e-05,
        "dvar2": 4.98726767546e-05,
        "max": 0.12905344367,
        "mean": 0.00665760366246,
        "median": 0.00279166339897,
        "min": 1.59410335911e-21,
        "var": 9.37936492846e-05
    },
    "spectral_energyband_middle_low": {
        "dmean": 0.00295306905173,
        "dmean2": 0.00460616173223,
        "dvar": 5.0168215239e-05,
        "dvar2": 0.000130138083478,
        "max": 0.350617855787,
        "mean": 0.00559955928475,
        "median": 0.00268316618167,
        "min": 2.31225178253e-22,
        "var": 0.00010247193859
    },
    "spectral_entropy": {
        "dmean": 0.113303534687,
        "dmean2": 0.173490226269,
        "dvar": 0.0111836185679,
        "dvar2": 0.0243856757879,
        "max": 9.81560230255,
        "mean": 7.77744674683,
        "median": 7.78396272659,
        "min": 6.50372266769,
        "var": 0.0632598772645
    },
    "spectral_flux": {
        "dmean": 0.0177505500615,
        "dmean2": 0.0274117700756,
        "dvar": 0.000405863538617,
        "dvar2": 0.000891674018931,
        "max": 0.514539957047,
        "mean": 0.076594568789,
        "median": 0.0679036080837,
        "min": 6.94908297572e-11,
        "var": 0.00230888742954
    },
    "spectral_kurtosis": {
        "dmean": 1.45130038261,
        "dmean2": 2.53594756126,
        "dvar": 2.21760034561,
        "dvar2": 6.66647815704,
        "max": 23.819196701,
        "mean": 2.5412364006,
        "median": 1.95745897293,
        "min": -1.2171959877,
        "var": 5.06910228729
    },
    "spectral_rms": {
        "dmean": 0.000646626169328,
        "dmean2": 0.00099740177393,
        "dvar": 5.62497632473e-07,
        "dvar2": 1.26939391976e-06,
        "max": 0.0223414897919,
        "mean": 0.0037342403084,
        "median": 0.00357000459917,
        "min": 3.25992076215e-12,
        "var": 4.1971684368e-06
    },
    "spectral_rolloff": {
        "dmean": 471.078125,
        "dmean2": 779.73828125,
        "dvar": 566347.625,
        "dvar2": 1137761.75,
        "max": 18884.6191406,
        "mean": 1866.74108887,
        "median": 1658.05664062,
        "min": 64.599609375,
        "var": 1801021
    },
    "spectral_skewness": {
        "dmean": 0.204314738512,
        "dmean2": 0.33652895689,
        "dvar": 0.0324171222746,
        "dvar2": 0.0836239829659,
        "max": 3.53610801697,
        "mean": 1.11690032482,
        "median": 1.0906265974,
        "min": -0.490614563227,
        "var": 0.163666561246
    },
    "spectral_spread": {
        "dmean": 337090.6875,
        "dmean2": 518953.75,
        "dvar": 208507289600,
        "dvar2": 411062501376,
        "max": 41246888,
        "mean": 3765913.5,
        "median": 3722322.5,
        "min": 1706447.375,
        "var": 1.13783445914e+12
    },
    "spectral_strongpeak": {
        "dmean": 0.550217926502,
        "dmean2": 0.937309980392,
        "dvar": 1.08310031891,
        "dvar2": 2.73512291908,
        "max": 22.620267868,
        "mean": 0.756502985954,
        "median": 0.249675109982,
        "min": 0,
        "var": 1.63758099079
    },
    "zerocrossingrate": {
        "dmean": 0.00949057098478,
        "dmean2": 0.0114293452352,
        "dvar": 0.000138146569952,
        "dvar2": 0.000152198597789,
        "max": 0.63720703125,
        "mean": 0.0695928633213,
        "median": 0.06494140625,
        "min": 0.005859375,
        "var": 0.00107612158172
    },
    "barkbands": {
        "dmean": [0.000503312097862, 0.00252828863449, 0.00105433363933, 0.000533537357114, 0.000817814609036, 0.000348191097146, 0.000544266833458, 0.000693863083143, 0.000937208358664, 0.00120898126625, 0.000432669534348, 0.000550977652892, 0.000482811185066, 0.000377490359824, 0.000189912490896, 0.000178139685886, 0.00034839528962, 0.000306896894472, 0.000115526010632, 8.40864522615e-05, 0.000123939069454, 0.000116634539154, 8.96930505405e-05, 5.50158329133e-05, 8.90319188329e-06, 3.51326690406e-07, 2.53166376751e-09],
        "dmean2": [0.000828951015137, 0.00435848627239, 0.00175121729262, 0.000910748436581, 0.00135762849823, 0.000570830423385, 0.000883430184331, 0.00112074729986, 0.00151414179709, 0.00195065315347, 0.000715138972737, 0.000906115456019, 0.000757403380703, 0.000602943939157, 0.000298384198686, 0.000281183369225, 0.00052985502407, 0.000464636745164, 0.000181241790415, 0.000128996893181, 0.000187784899026, 0.000180547838681, 0.000135198337375, 8.11456484371e-05, 1.48738781718e-05, 5.52812821297e-07, 4.88895990358e-09],
        "dvar": [1.85724184121e-06, 6.16282632109e-05, 7.93195704318e-06, 2.42102532866e-06, 1.8509610527e-05, 9.21351215766e-07, 4.67424888484e-06, 4.2344186113e-06, 9.71546796791e-06, 1.76559915417e-05, 1.32046159251e-06, 1.94161680156e-06, 1.14490342185e-06, 6.78942342347e-07, 1.77412630364e-07, 2.00289619556e-07, 6.72078954267e-07, 4.98099325341e-07, 6.44255493398e-08, 4.45565966345e-08, 1.29361239942e-07, 1.07176191477e-07, 1.14395461992e-07, 4.37415046406e-08, 1.52312544799e-08, 3.49849073322e-11, 8.45008030291e-15],
        "dvar2": [5.32525700692e-06, 0.000187013356481, 2.12620634557e-05, 6.79295089867e-06, 4.99568341183e-05, 2.35626225731e-06, 1.17970485007e-05, 1.04544078567e-05, 2.30334535445e-05, 4.65175835416e-05, 3.35275149155e-06, 4.92596655022e-06, 2.59886701315e-06, 1.68058465988e-06, 4.09632605169e-07, 4.22470748163e-07, 1.47158471009e-06, 1.07378048142e-06, 1.58335424771e-07, 1.00259605063e-07, 2.66206853894e-07, 2.37269816239e-07, 2.18462830048e-07, 9.31526642489e-08, 3.92238383995e-08, 7.7826321776e-11, 2.51096276475e-14],
        "max": [0.0408611670136, 0.321942210197, 0.0911976695061, 0.0628801733255, 0.310770273209, 0.032677102834, 0.0745573937893, 0.0393551960588, 0.0848855003715, 0.0990065857768, 0.0363200046122, 0.0319830477238, 0.0341392345726, 0.0192099343985, 0.0112584317103, 0.013873744756, 0.0179088935256, 0.0151121830568, 0.0135031854734, 0.00973937474191, 0.0174445752054, 0.00905692204833, 0.0192153770477, 0.00957984197885, 0.0108796302229, 0.000325577915646, 5.88598686591e-06],
        "mean": [0.000654920353554, 0.00385297392495, 0.0013365218183, 0.000657305878121, 0.00106331636198, 0.000428997387644, 0.000692151952535, 0.000849049654789, 0.00128388020676, 0.00178797566332, 0.000654000730719, 0.000906019762624, 0.000823546550237, 0.000650889298413, 0.000318144797347, 0.000331768329488, 0.000624001841061, 0.000575944490265, 0.00021026628383, 0.000163682168932, 0.000244491791818, 0.000202692273888, 0.000162812269991, 0.000103401405795, 1.59469200298e-05, 5.3413640444e-07, 1.67220659542e-09],
        "median": [8.00107009127e-05, 0.00129646656569, 0.000447539525339, 0.000199848363991, 0.000324641121551, 0.000115143724543, 0.000139634095831, 0.000163318225532, 0.000257690262515, 0.000338601006661, 0.00018263029051, 0.000230442296015, 0.000223048904445, 0.000219283130718, 0.00012853476801, 0.000124499201775, 0.000128064930323, 0.000121785255033, 0.00010148970614, 7.6529380749e-05, 8.41434957692e-05, 6.8938221375e-05, 5.85790912737e-05, 4.24897225457e-05, 1.87239822935e-06, 2.86742851685e-10, 3.13144760122e-10],
        "min": [5.63137902409e-24, 4.22541479414e-23, 7.77392129837e-24, 6.74595191961e-24, 2.8590401798e-23, 2.5828479862e-23, 1.4204322545e-23, 2.18871651187e-23, 6.76721045882e-23, 7.78993265039e-23, 4.02175331206e-23, 8.24133148213e-23, 8.87954078038e-23, 1.33134237439e-22, 1.15527732937e-22, 1.91271683188e-22, 1.53249092427e-22, 2.32438509434e-22, 2.68290230714e-22, 2.32282958685e-22, 4.26033204972e-22, 4.57747382359e-22, 5.59742831244e-22, 6.881256143e-22, 1.26372386816e-21, 1.51573839641e-21, 2.51688765297e-21],
        "var": [2.53732105193e-06, 8.67260459927e-05, 9.76460523816e-06, 3.16146679324e-06, 2.31405374507e-05, 1.33439436922e-06, 6.29935675533e-06, 5.25519226358e-06, 1.41119880936e-05, 2.88586779789e-05, 2.51955066233e-06, 4.16354123445e-06, 2.7174924071e-06, 1.61962270795e-06, 3.60177210723e-07, 5.51152595563e-07, 1.70034536495e-06, 1.30681132759e-06, 1.25384559624e-07, 9.89849553434e-08, 3.46444863908e-07, 2.21631921704e-07, 2.56452864278e-07, 1.17811858047e-07, 5.27349115487e-08, 7.35845898103e-11, 4.36092371795e-15]
    },
    "erbbands": {
        "dmean": [0.117762923241, 0.467388004065, 1.07474815845, 1.62763810158, 2.15212488174, 2.94046664238, 2.96059393883, 2.92108893394, 7.17311382294, 9.62419128418, 15.8899431229, 19.7621574402, 37.0505599976, 24.2562923431, 18.2481632233, 19.840221405, 21.5780963898, 17.6817703247, 12.2553548813, 8.91538715363, 10.1436462402, 18.9311161041, 16.6327190399, 7.91373443604, 4.17370986938, 3.82602548599, 4.94310712814, 4.83159542084, 4.04020547867, 3.60251736641, 2.5957865715, 1.44976043701, 0.778094947338, 0.169642478228, 0.0293679907918, 0.00397046329454, 0.000126381273731, 1.03281236079e-05, 4.88221439809e-06, 7.79345919e-06],
        "dmean2": [0.200412273407, 0.8010186553, 1.79127216339, 2.76933145523, 3.64488220215, 4.87543296814, 4.90638637543, 4.77305459976, 11.4948673248, 15.1658115387, 25.6602134705, 31.8338165283, 60.0044059753, 38.7004699707, 29.9552326202, 32.1113777161, 33.4145851135, 27.8721313477, 19.3251533508, 13.8829555511, 15.3800888062, 28.1900997162, 24.5645389557, 12.175362587, 6.43530654907, 5.85198402405, 7.42122507095, 7.43481111526, 6.25435495377, 5.48284387589, 3.92330670357, 2.126714468, 1.15815651417, 0.273776739836, 0.04280410707, 0.00627337954938, 0.00019532837905, 1.55544021254e-05, 7.37913660487e-06, 1.2103336303e-05],
        "dvar": [0.115923590958, 2.70112299919, 11.8223371506, 17.2675800323, 86.7571792603, 400.860229492, 72.901512146, 79.8111953735, 607.366394043, 1366.02722168, 2246.35302734, 4428.53417969, 18390.0390625, 5133.00146484, 1788.34851074, 3025.86352539, 2389.25170898, 1591.52905273, 604.309997559, 499.455383301, 614.184387207, 1944.94384766, 1580.36474609, 310.832397461, 63.8947486877, 77.642829895, 241.087661743, 150.038589478, 103.203651428, 154.795562744, 131.58380127, 34.4889984131, 7.53020954132, 2.99273705482, 0.428549319506, 0.00622640596703, 3.61507363777e-06, 1.07908277869e-08, 3.85118936741e-10, 2.25598026371e-10],
        "dvar2": [0.361557006836, 8.16850662231, 33.2536735535, 48.2817840576, 253.00668335, 1018.49383545, 192.036178589, 206.847930908, 1531.33825684, 3468.02172852, 5593.48535156, 10698.1679688, 47675.1601562, 12778.7988281, 4603.23681641, 7671.73535156, 5299.97949219, 3788.46826172, 1473.55114746, 1071.59130859, 1284.67565918, 4125.10595703, 3186.00610352, 717.416809082, 153.085952759, 166.282485962, 500.895050049, 311.686584473, 221.082366943, 333.716125488, 255.184570312, 76.0915145874, 16.3445148468, 8.20835876465, 1.0159958601, 0.0141929211095, 8.42184545036e-06, 2.75595883892e-08, 1.05865383127e-09, 5.91566629016e-10],
        "max": [11.5860795975, 76.8123168945, 129.391601562, 140.081054688, 536.851074219, 1700.8092041, 426.24786377, 362.788574219, 774.468444824, 1403.83666992, 996.366333008, 1521.52697754, 2910.16894531, 2977.93457031, 1200.98132324, 1525.44335938, 1462.58251953, 815.40612793, 663.067932129, 583.664428711, 748.434814453, 1234.09191895, 958.127624512, 670.27355957, 415.349365234, 407.986999512, 786.147277832, 438.746063232, 317.081726074, 415.904327393, 775.48449707, 200.534484863, 144.552154541, 139.544876099, 65.4577102661, 9.28854084015, 0.209995746613, 0.010603884235, 0.00140422733966, 0.000761344679631],
        "mean": [0.166094258428, 0.649255514145, 1.50006330013, 2.06715726852, 2.67261648178, 3.60866332054, 3.65316510201, 3.7503323555, 9.265832901, 12.6273593903, 19.6674633026, 27.217256546, 55.8254966736, 38.9747657776, 31.6333312988, 34.9820823669, 38.7949905396, 33.9184074402, 23.300868988, 16.868057251, 20.6723175049, 37.370010376, 34.5036087036, 16.040184021, 8.40254116058, 7.71699953079, 9.65482139587, 9.0865240097, 7.1783285141, 6.28882217407, 4.55774927139, 2.53222608566, 1.46039736271, 0.308789134026, 0.0692523494363, 0.00911422818899, 0.000285898073344, 2.43408412643e-05, 1.47159689732e-05, 2.38537631958e-05],
        "median": [0.035904429853, 0.22920396924, 0.563038885593, 0.712917089462, 0.882350027561, 0.987982451916, 0.990073800087, 1.07053112984, 2.00797724724, 2.80987524986, 4.72231006622, 6.21376466751, 10.0485963821, 10.2799396515, 10.321972847, 9.92512321472, 11.0344429016, 11.2517690659, 10.4954872131, 7.27815103531, 7.15505599976, 7.65861320496, 7.01350641251, 6.05394792557, 4.52609014511, 3.70824074745, 3.17558264732, 3.2535636425, 2.57090044022, 2.07758998871, 1.61649787426, 0.949828863144, 0.637137651443, 0.0830737799406, 0.00223446753807, 0.000162494048709, 3.06478286802e-05, 7.69683629187e-06, 9.17538454814e-06, 1.65753917827e-05],
        "min": [1.20711369499e-21, 9.59242259169e-21, 1.23983395907e-20, 1.4651338049e-20, 7.05107753445e-20, 8.89282812628e-20, 1.17470555427e-19, 2.44989287345e-19, 1.37398641778e-19, 2.77568829746e-19, 8.4729935111e-19, 1.58847535874e-18, 2.18142602897e-18, 2.0086964482e-18, 2.42054016262e-18, 3.57694899872e-18, 4.08824711972e-18, 5.25078288263e-18, 7.76590494443e-18, 7.08003325029e-18, 9.35833929298e-18, 9.65292891479e-18, 1.19428039055e-17, 1.30299533225e-17, 1.35444977139e-17, 1.16124254873e-17, 1.07927308593e-17, 1.8078978582e-17, 1.39909957464e-17, 1.88684496848e-17, 1.51041111901e-17, 1.5666595661e-17, 1.09429294878e-17, 1.07258599243e-17, 8.43920101173e-18, 5.6979769877e-18, 3.13441440204e-18, 1.49555061251e-18, 3.33368081574e-19, 3.75093320568e-20],
        "var": [0.154192432761, 3.05288410187, 14.0898342133, 21.4266452789, 107.526985168, 496.10748291, 91.9449691772, 115.690917969, 872.100769043, 1769.74926758, 2637.34887695, 6115.96972656, 30767.6328125, 9353.67480469, 3933.4777832, 6628.56591797, 5736.57324219, 4479.86083984, 1478.53320312, 1192.96557617, 1930.90893555, 5653.04833984, 4791.09765625, 677.39630127, 195.802627563, 194.264633179, 550.951904297, 417.906311035, 244.45010376, 295.861206055, 266.461120605, 74.0725097656, 23.949464798, 8.64509105682, 1.82902491093, 0.0260515455157, 1.58059301612e-05, 4.441332635e-08, 1.17533371924e-09, 8.60116478041e-10]
    },
    "gfcc": {
        "mean": [-50.8201904297, 112.128517151, -173.351013184, 55.4642333984, -74.4027404785, 30.477191925, -22.3135852814, -2.08660674095, 1.66717660427, -22.9715480804, 7.3231921196, -17.7188072205, 3.70103812218],
        "cov": [[5730.96386719, 216.87739563, 617.229736328, 945.752746582, 128.089553833, 317.007904053, 190.469741821, 161.293579102, 130.556488037, 38.4498291016, 54.7974967957, 97.8934631348, -63.2071685791], [216.87739563, 746.042907715, 322.826843262, 121.889518738, 179.907836914, 10.2953977585, 57.5939559937, 6.0733833313, 71.3884887695, -64.2586975098, 63.8906211853, -24.7015323639, 13.0197906494], [617.229736328, 322.826843262, 1385.14489746, 843.336425781, 136.668289185, 279.958190918, -71.6888198853, 92.7671813965, -20.5762386322, 127.596343994, 15.0886421204, 13.1913709641, -2.79068112373], [945.752746582, 121.889518738, 843.336425781, 835.013366699, 182.706161499, 215.759872437, -4.93715715408, 41.879283905, 32.9448051453, 82.7730789185, -3.07617664337, 22.7750473022, -7.62028837204], [128.089553833, 179.907836914, 136.668289185, 182.706161499, 273.715667725, 127.627349854, 75.2604522705, 56.1360054016, 35.3558578491, -6.81229734421, 4.7199473381, 2.09524488449, 5.38051652908], [317.007904053, 10.2953977585, 279.958190918, 215.759872437, 127.627349854, 292.884521484, 90.8469238281, 80.3022155762, -30.1242198944, 37.3658638, 26.9200019836, -7.12132978439, 5.50036621094], [190.469741821, 57.5939559937, -71.6888198853, -4.93715715408, 75.2604522705, 90.8469238281, 191.011917114, 58.0517654419, 20.0485057831, -18.2000713348, 23.5766963959, 5.03772258759, -9.04081821442], [161.293579102, 6.0733833313, 92.7671813965, 41.879283905, 56.1360054016, 80.3022155762, 58.0517654419, 127.353096008, 30.1138954163, 21.8792285919, 4.46073913574, 3.62472701073, -5.13612127304], [130.556488037, 71.3884887695, -20.5762386322, 32.9448051453, 35.3558578491, -30.1242198944, 20.0485057831, 30.1138954163, 120.407165527, 25.7040996552, 13.7483043671, 11.9420661926, 2.91940045357], [38.4498291016, -64.2586975098, 127.596343994, 82.7730789185, -6.81229734421, 37.3658638, -18.2000713348, 21.8792285919, 25.7040996552, 119.864387512, 37.3313903809, 11.084941864, 12.5704307556], [54.7974967957, 63.8906211853, 15.0886421204, -3.07617664337, 4.7199473381, 26.9200019836, 23.5766963959, 4.46073913574, 13.7483043671, 37.3313903809, 91.6314239502, 27.5117321014, 15.8653011322], [97.8934631348, -24.7015323639, 13.1913709641, 22.7750473022, 2.09524488449, -7.12132978439, 5.03772258759, 3.62472701073, 11.9420661926, 11.084941864, 27.5117321014, 75.1328201294, 19.4052963257], [-63.2071685791, 13.0197906494, -2.79068112373, -7.62028837204, 5.38051652908, 5.50036621094, -9.04081821442, -5.13612127304, 2.91940045357, 12.5704307556, 15.8653011322, 19.4052963257, 60.0795631409]],
        "icov": [[0.00028712299536, -0.000356909207767, 0.000455872534076, -0.000714712194167, 0.000586870941333, -0.000374473980628, 5.67125061934e-05, -0.000463860429591, 5.81935601076e-05, -9.55176801654e-05, 0.000193461353774, -0.000559303793125, 0.000407264888054], [-0.000356909207767, 0.00508645782247, -0.0037822893355, 0.00289924954996, -0.00392592698336, 0.00288237561472, -0.00182931229938, 0.00264239823446, -0.00344823743217, 0.00525499647483, -0.00556023744866, 0.0046835471876, -0.00222379877232], [0.000455872534076, -0.0037822893355, 0.00543966609985, -0.00493488647044, 0.00357274990529, -0.00278457906097, 0.00272253272124, -0.00389887951314, 0.00357577810064, -0.00400904333219, 0.00319038261659, -0.00326871196739, 0.00181569450069], [-0.000714712194167, 0.00289924954996, -0.00493488647044, 0.00695021869615, -0.00416047498584, 0.000825361406896, -0.00138831452932, 0.00453378632665, -0.0035537048243, 0.00168890459463, -0.00094150332734, 0.00154995883349, -0.00068487576209], [0.000586870941333, -0.00392592698336, 0.00357274990529, -0.00416047498584, 0.00931939762086, -0.00441339053214, 0.000665543193463, -0.00324916373938, 0.000546594150364, -0.00175513885915, 0.00399084016681, -0.00351454201154, 0.000920256541576], [-0.000374473980628, 0.00288237561472, -0.00278457906097, 0.000825361406896, -0.00441339053214, 0.0100951232016, -0.00402498384938, -0.00141791824717, 0.00273443874903, 0.00105762307066, -0.00476045627147, 0.0050247553736, -0.00301915546879], [5.67125061934e-05, -0.00182931229938, 0.00272253272124, -0.00138831452932, 0.000665543193463, -0.00402498384938, 0.00976290833205, -0.00364057975821, 3.75099662051e-05, 0.000570236355998, -0.00046522624325, -0.00219897204079, 0.00258522923104], [-0.000463860429591, 0.00264239823446, -0.00389887951314, 0.00453378632665, -0.00324916373938, -0.00141791824717, -0.00364057975821, 0.0148783773184, -0.00574624584988, 0.000592671160121, 0.000330523995217, 0.000905193039216, 0.000253765028901], [5.81935601076e-05, -0.00344823743217, 0.00357577810064, -0.0035537048243, 0.000546594150364, 0.00273443874903, 3.75099662051e-05, -0.00574624584988, 0.0152637641877, -0.00678780768067, 0.00225843302906, -0.00266956537962, 0.000683329359163], [-9.55176801654e-05, 0.00525499647483, -0.00400904333219, 0.00168890459463, -0.00175513885915, 0.00105762307066, 0.000570236355998, 0.000592671160121, -0.00678780768067, 0.0185342952609, -0.0108226444572, 0.00531767681241, -0.00342217925936], [0.000193461353774, -0.00556023744866, 0.00319038261659, -0.00094150332734, 0.00399084016681, -0.00476045627147, -0.00046522624325, 0.000330523995217, 0.00225843302906, -0.0108226444572, 0.0223463084549, -0.0101028829813, 0.000990747590549], [-0.000559303793125, 0.0046835471876, -0.00326871196739, 0.00154995883349, -0.00351454201154, 0.0050247553736, -0.00219897204079, 0.000905193039216, -0.00266956537962, 0.00531767681241, -0.0101028829813, 0.0215693376958, -0.00723918294534], [0.000407264888054, -0.00222379877232, 0.00181569450069, -0.00068487576209, 0.000920256541576, -0.00301915546879, 0.00258522923104, 0.000253765028901, 0.000683329359163, -0.00342217925936, 0.000990747590549, -0.00723918294534, 0.0209165606648]]
    },
    "melbands": {
        "dmean": [0.000841598026454, 0.000524352188222, 0.000260396249359, 0.00018730253214, 0.000106347957626, 6.74617913319e-05, 0.000108052336145, 0.000115637762065, 0.000132215369376, 0.000131899869302, 0.000191564366105, 0.000109696251457, 5.93850236328e-05, 6.39045683783e-05, 5.48455391254e-05, 4.58641370642e-05, 3.49964975612e-05, 2.35895022342e-05, 1.40093807204e-05, 1.22343208204e-05, 1.30593361973e-05, 2.08052551898e-05, 2.14342107938e-05, 1.16346882351e-05, 6.67067570248e-06, 3.83798669645e-06, 2.81965412796e-06, 2.76813466371e-06, 3.24966049448e-06, 3.30556076733e-06, 2.91833134725e-06, 2.46602326115e-06, 2.35296602114e-06, 1.95247685042e-06, 1.687183385e-06, 1.15077932605e-06, 8.6508964614e-07, 6.44526608085e-07, 3.59738635325e-07, 8.48746992688e-08],
        "dmean2": [0.00144561484922, 0.000878722290508, 0.000431120744906, 0.000315333396429, 0.000176332512638, 0.000110076754936, 0.000173628941411, 0.000183646960068, 0.000215131454752, 0.000212685408769, 0.000309354480123, 0.000175346416654, 9.76400478976e-05, 0.000104428385384, 8.73725002748e-05, 7.14421767043e-05, 5.56844715902e-05, 3.78276599804e-05, 2.20985893975e-05, 1.92984716705e-05, 2.02146384254e-05, 3.13721939165e-05, 3.20374274452e-05, 1.7698335796e-05, 1.04834834929e-05, 6.05439936407e-06, 4.48862147095e-06, 4.29085002907e-06, 4.91440687256e-06, 5.06559717905e-06, 4.56222960565e-06, 3.89542401535e-06, 3.6759449813e-06, 3.00144802168e-06, 2.59351099885e-06, 1.74566400801e-06, 1.29926877435e-06, 9.86550276139e-07, 5.67119968764e-07, 1.43932339824e-07],
        "dvar": [5.95348956267e-06, 3.25131122736e-06, 4.69161761885e-07, 1.19715980418e-06, 1.48725277427e-07, 3.80045150905e-08, 1.53082140741e-07, 1.60497535262e-07, 1.55183073502e-07, 2.07206554137e-07, 4.84341228457e-07, 1.12314474165e-07, 2.1695633734e-08, 2.59185330975e-08, 1.92558253787e-08, 1.08012443434e-08, 6.43858433236e-09, 2.57171639539e-09, 1.11824560722e-09, 1.13720721728e-09, 1.1426044555e-09, 2.57702392759e-09, 2.74872902217e-09, 6.16825091004e-10, 2.52834503334e-10, 6.50749870656e-11, 4.35553156042e-11, 4.32783843485e-11, 7.74953504146e-11, 1.4375405033e-10, 5.66023755644e-11, 3.82044396119e-11, 5.58651215565e-11, 4.52835893783e-11, 7.96081048304e-11, 1.8945399069e-11, 1.30917464369e-11, 5.4115631247e-12, 2.76985986231e-12, 2.83755679543e-12],
        "dvar2": [1.83524880413e-05, 9.58730197453e-06, 1.27006182993e-06, 3.25321821038e-06, 3.89430965697e-07, 9.72672609123e-08, 3.86519928952e-07, 4.02881397576e-07, 3.85096711852e-07, 4.95789720389e-07, 1.26046938931e-06, 2.80921398144e-07, 5.54567307631e-08, 6.63784618382e-08, 4.70845549216e-08, 2.48705802619e-08, 1.54075507908e-08, 6.41566044735e-09, 2.54011833789e-09, 2.48083198429e-09, 2.55694154738e-09, 5.63948443499e-09, 5.63349766836e-09, 1.34287281295e-09, 6.06147798621e-10, 1.61869795345e-10, 1.12099336758e-10, 9.54488016403e-11, 1.65639862937e-10, 3.0271005147e-10, 1.23922025419e-10, 8.70546204568e-11, 1.26406260459e-10, 9.68690475056e-11, 1.57338780893e-10, 4.04311202573e-11, 3.04684472097e-11, 1.23098840149e-11, 6.64929092689e-12, 8.34719793286e-12],
        "max": [0.0871906280518, 0.0686842948198, 0.0247574746609, 0.0752350911498, 0.028968738392, 0.00737338140607, 0.0134924501181, 0.0132965799421, 0.00717028882354, 0.0121625866741, 0.0148343769833, 0.013961407356, 0.00518048740923, 0.00384278898127, 0.00420245947316, 0.0023226805497, 0.00175299623515, 0.00153048161883, 0.000929236004595, 0.00127429177519, 0.00101258012, 0.00135586014949, 0.000959072203841, 0.00050531537272, 0.000618943187874, 0.000420605851104, 0.000392068497604, 0.00025702471612, 0.000295641279081, 0.000718762748875, 0.000282599794446, 0.000206738026463, 0.000248813972576, 0.000193298168597, 0.000673207920045, 0.000160819414305, 0.000135695780045, 0.000118563664728, 0.000111736815597, 0.000131916385726],
        "mean": [0.00125916860998, 0.000808997487184, 0.00037147643161, 0.000232895166846, 0.00013722962467, 8.7817585154e-05, 0.0001390564139, 0.000151803484187, 0.000161879317602, 0.00018050102517, 0.000285885995254, 0.000167043472175, 9.70981636783e-05, 0.000103271326225, 8.88684298843e-05, 7.87930912338e-05, 6.184848462e-05, 4.06627877965e-05, 2.35986171901e-05, 2.1850446501e-05, 2.39543733187e-05, 3.74645787815e-05, 4.10508873756e-05, 2.22348862735e-05, 1.22023629956e-05, 6.88016234562e-06, 5.03673663843e-06, 5.07898539581e-06, 5.93375943936e-06, 5.91793605054e-06, 5.02199145558e-06, 4.05193668485e-06, 3.84007171306e-06, 3.29417093781e-06, 2.78332663584e-06, 1.93189612219e-06, 1.40583404118e-06, 1.13738781238e-06, 6.18423257492e-07, 1.4260415071e-07],
        "median": [0.000366546446458, 0.000344662345015, 0.000135520560434, 7.01399912941e-05, 3.75455529138e-05, 2.48966607614e-05, 2.83477493213e-05, 2.90720909106e-05, 3.89267879655e-05, 3.60181475116e-05, 4.97621767863e-05, 4.18015370087e-05, 3.03126780636e-05, 2.67375216936e-05, 2.33818682318e-05, 2.06118929782e-05, 1.91084600374e-05, 1.6203521227e-05, 9.70615019469e-06, 8.48002127896e-06, 7.51279685574e-06, 7.32712396712e-06, 7.0727783168e-06, 5.38394215255e-06, 4.6059521992e-06, 3.47327204508e-06, 2.47425759881e-06, 2.18995592149e-06, 1.98464249479e-06, 1.6084110257e-06, 1.7733208324e-06, 1.41631278439e-06, 1.21469383885e-06, 1.06671222966e-06, 9.06208242668e-07, 6.9804082159e-07, 5.11591110808e-07, 4.78061849662e-07, 2.49362102522e-07, 5.89902171555e-09],
        "min": [1.21072999115e-23, 1.11539181202e-23, 4.04660676931e-24, 7.11327790037e-24, 4.17843765391e-24, 5.19211090092e-24, 2.26932425187e-24, 2.888001433e-24, 8.30327378704e-24, 1.04286433483e-23, 1.19296405471e-23, 8.3756194318e-24, 6.35283886471e-24, 9.43625396292e-24, 7.60882848812e-24, 8.56246823695e-24, 1.01298173153e-23, 1.41007624631e-23, 7.57597322028e-24, 1.34536330413e-23, 9.05291726122e-24, 8.45092567153e-24, 8.98282696979e-24, 9.07430406922e-24, 1.02122091037e-23, 1.03883223008e-23, 8.48691429489e-24, 6.30654535135e-24, 5.24847935133e-24, 1.07892584893e-23, 8.61404948496e-24, 7.41102161614e-24, 9.08485902813e-24, 9.4314277119e-24, 8.8476028e-24, 6.98935810736e-24, 1.00559546911e-23, 7.65511253515e-24, 7.22485202023e-24, 9.41210693061e-24],
        "var": [8.61130502017e-06, 3.99499685955e-06, 7.66364735227e-07, 1.47059120081e-06, 1.88688773051e-07, 5.81292880497e-08, 2.16519239871e-07, 2.14851368696e-07, 1.81061452054e-07, 2.95502417202e-07, 8.13820690837e-07, 1.9455555389e-07, 4.52603536871e-08, 5.02021393345e-08, 4.31363886833e-08, 2.64066084554e-08, 1.66293503412e-08, 5.58585977473e-09, 2.24005303195e-09, 2.71112732264e-09, 2.9084064046e-09, 6.68340627286e-09, 7.51055662107e-09, 1.70648795095e-09, 4.57451188041e-10, 1.43924525076e-10, 9.21958134836e-11, 9.40871131005e-11, 1.69054339971e-10, 3.35553390629e-10, 1.32634833672e-10, 7.96771121303e-11, 1.01090545657e-10, 8.52299480991e-11, 1.41051184621e-10, 3.84748309601e-11, 2.62446991223e-11, 1.44697812759e-11, 7.35324301449e-12, 6.6871863949e-12]
    },
    "mfcc": {
        "mean": [-657.874694824, 104.578987122, -21.813167572, 13.9836978912, -8.10253238678, 16.0430641174, -3.28173995018, 19.2606124878, -3.10163331032, 9.12092876434, -3.2641787529, 8.14395809174, -9.65564155579],
        "cov": [[5033.54248047, -141.588653564, 313.6121521, 604.062561035, 75.3949432373, 341.873565674, 52.5495948792, 342.086395264, 73.1966705322, -22.3856983185, 191.035324097, 275.319061279, -106.349639893], [-141.588653564, 690.735595703, -0.125250756741, -18.2849025726, 68.8229751587, -48.5250434875, 31.7542228699, 58.125415802, 2.44794130325, 0.627977132797, 27.3357372284, -5.44386529922, 4.98478460312], [313.6121521, -0.125250756741, 1239.4486084, 577.033874512, 363.001556396, 254.446517944, 114.680763245, 11.6403570175, 21.8389911652, 69.552696228, 14.9084358215, 53.9974365234, 80.8175582886], [604.062561035, -18.2849025726, 577.033874512, 558.821899414, 262.473999023, 197.030578613, 18.5752410889, 57.8854675293, 51.9942588806, 17.8414802551, 35.9712219238, 69.7942428589, 30.5875930786], [75.3949432373, 68.8229751587, 363.001556396, 262.473999023, 329.078613281, 147.288208008, 72.570854187, 41.4572792053, 55.4074287415, 38.5244750977, 23.1391639709, 17.0644855499, 23.7006530762], [341.873565674, -48.5250434875, 254.446517944, 197.030578613, 147.288208008, 227.309020996, 114.25353241, 65.9843444824, 29.8312587738, 41.8502006531, 17.9515953064, 42.6121139526, 3.68233942986], [52.5495948792, 31.7542228699, 114.680763245, 18.5752410889, 72.570854187, 114.25353241, 223.853149414, 81.9015045166, 26.4548072815, 42.1438751221, 24.3880176544, 14.5968446732, -2.81343173981], [342.086395264, 58.125415802, 11.6403570175, 57.8854675293, 41.4572792053, 65.9843444824, 81.9015045166, 176.767364502, 50.9293441772, 7.4347486496, 41.7894630432, 36.7775917053, -23.8506755829], [73.1966705322, 2.44794130325, 21.8389911652, 51.9942588806, 55.4074287415, 29.8312587738, 26.4548072815, 50.9293441772, 101.03225708, 26.5824394226, 28.7203807831, 11.681634903, -2.16164469719], [-22.3856983185, 0.627977132797, 69.552696228, 17.8414802551, 38.5244750977, 41.8502006531, 42.1438751221, 7.4347486496, 26.5824394226, 113.489845276, 22.8044452667, -1.61752653122, 7.10156869888], [191.035324097, 27.3357372284, 14.9084358215, 35.9712219238, 23.1391639709, 17.9515953064, 24.3880176544, 41.7894630432, 28.7203807831, 22.8044452667, 91.422203064, 42.2740058899, -1.13282907009], [275.319061279, -5.44386529922, 53.9974365234, 69.7942428589, 17.0644855499, 42.6121139526, 14.5968446732, 36.7775917053, 11.681634903, -1.61752653122, 42.2740058899, 103.714736938, 16.622127533], [-106.349639893, 4.98478460312, 80.8175582886, 30.5875930786, 23.7006530762, 3.68233942986, -2.81343173981, -23.8506755829, -2.16164469719, 7.10156869888, -1.13282907009, 16.622127533, 76.5240631104]],
