{
"lowlevel": {
    "average_loudness": 0.0758781954646,
    "barkbands_crest": {
        "dmean": 2.79486942291,
        "dmean2": 4.53743171692,
        "dvar": 6.94080448151,
        "dvar2": 17.4521026611,
        "max": 26.1291675568,
        "mean": 9.5178155899,
        "median": 8.431640625,
        "min": 2.02872610092,
        "var": 19.8639640808
    },
    "barkbands_flatness_db": {
        "dmean": 0.0197885613889,
        "dmean2": 0.0320126898587,
        "dvar": 0.00036657936289,
        "dvar2": 0.000951119407546,
        "max": 0.368760257959,
        "mean": 0.159750640392,
        "median": 0.153201907873,
        "min": 0.0318038091063,
        "var": 0.00182519794907
    },
    "barkbands_kurtosis": {
        "dmean": 1.86035776138,
        "dmean2": 3.06807184219,
        "dvar": 37.9309692383,
        "dvar2": 107.116416931,
        "max": 219.361526489,
        "mean": 1.90480983257,
        "median": 0.0585891008377,
        "min": -1.93877089024,
        "var": 81.0400390625
    },
    "barkbands_skewness": {
        "dmean": 0.443955332041,
        "dmean2": 0.700051665306,
        "dvar": 0.279532253742,
        "dvar2": 0.695246696472,
        "max": 13.1673727036,
        "mean": 0.923180639744,
        "median": 0.706231355667,
        "min": -2.07770895958,
        "var": 1.28819966316
    },
    "barkbands_spread": {
        "dmean": 5.60619354248,
        "dmean2": 8.81761455536,
        "dvar": 39.524559021,
        "dvar2": 93.0735015869,
        "max": 96.4689941406,
        "mean": 26.4430751801,
        "median": 25.2443962097,
        "min": 1.10362577438,
        "var": 198.440567017
    },
    "dissonance": {
        "dmean": 0.0154841206968,
        "dmean2": 0.0264940448105,
        "dvar": 0.000215537453187,
        "dvar2": 0.000599879014771,
        "max": 0.500000059605,
        "mean": 0.473707854748,
        "median": 0.479024797678,
        "min": 0.284462451935,
        "var": 0.000488854828291
    },
    "dynamic_complexity": 4.73460483551,
    "erbbands_crest": {
        "dmean": 2.29862642288,
        "dmean2": 3.75400495529,
        "dvar": 4.73008918762,
        "dvar2": 11.6636190414,
        "max": 27.6901054382,
        "mean": 8.56596374512,
        "median": 7.60633277893,
        "min": 2.16788315773,
        "var": 16.7819137573
    },
    "erbbands_flatness_db": {
        "dmean": 0.0138698415831,
        "dmean2": 0.0210405103862,
        "dvar": 0.00016481638886,
        "dvar2": 0.000348149827914,
        "max": 0.374632686377,
        "mean": 0.201910898089,
        "median": 0.195888906717,
        "min": 0.0815236344934,
        "var": 0.00240074167959
    },
    "erbbands_kurtosis": {
        "dmean": 0.627741992474,
        "dmean2": 1.01377224922,
        "dvar": 0.657450020313,
        "dvar2": 1.52848291397,
        "max": 22.8071403503,
        "mean": 0.208702877164,
        "median": -0.0854568481445,
        "min": -1.73281443119,
        "var": 2.10906481743
    },
    "erbbands_skewness": {
        "dmean": 0.294100701809,
        "dmean2": 0.462445169687,
        "dvar": 0.0681752189994,
        "dvar2": 0.158455431461,
        "max": 4.02370119095,
        "mean": 0.219193801284,
        "median": 0.212992683053,
        "min": -4.14055490494,
        "var": 0.401342898607
    },
    "erbbands_spread": {
        "dmean": 5.68787479401,
        "dmean2": 8.72720336914,
        "dvar": 45.0069999695,
        "dvar2": 98.3617401123,
        "max": 161.866470337,
        "mean": 32.228012085,
        "median": 29.0278930664,
        "min": 3.80791378021,
        "var": 260.791015625
    },
    "hfc": {
        "dmean": 4.32731103897,
        "dmean2": 6.60381698608,
        "dvar": 44.3175621033,
        "dvar2": 96.9064712524,
        "max": 372.618682861,
        "mean": 20.1875801086,
        "median": 13.1207809448,
        "min": 1.12801362819e-16,
        "var": 486.094543457
    },
    "melbands_crest": {
        "dmean": 3.44977593422,
        "dmean2": 5.55713748932,
        "dvar": 9.82061386108,
        "dvar2": 23.6202602386,
        "max": 37.1741523743,
        "mean": 13.3797264099,
        "median": 12.2059745789,
        "min": 2.33897519112,
        "var": 35.1708831787
    },
    "melbands_flatness_db": {
        "dmean": 0.0252294000238,
        "dmean2": 0.0395213402808,
        "dvar": 0.00064623815706,
        "dvar2": 0.00152377632912,
        "max": 0.474745333195,
        "mean": 0.168048933148,
        "median": 0.159356489778,
        "min": 0.00464993389323,
        "var": 0.00379646057263
    },
    "melbands_kurtosis": {
        "dmean": 5.27739334106,
        "dmean2": 8.63560390472,
        "dvar": 310.587799072,
        "dvar2": 851.864807129,
        "max": 845.01550293,
        "mean": 8.54098129272,
        "median": 2.77029085159,
        "min": -1.53719651699,
        "var": 740.41229248
    },
    "melbands_skewness": {
        "dmean": 0.631970405579,
        "dmean2": 0.989863216877,
        "dvar": 0.649236559868,
        "dvar2": 1.58730304241,
        "max": 23.2616672516,
        "mean": 1.90724527836,
        "median": 1.51811110973,
        "min": -1.21318781376,
        "var": 2.90143489838
    },
    "melbands_spread": {
        "dmean": 8.0985212326,
        "dmean2": 12.9048185349,
        "dvar": 82.7381057739,
        "dvar2": 198.632781982,
        "max": 172.030944824,
        "mean": 32.6807022095,
        "median": 30.2563419342,
        "min": 0.65835916996,
        "var": 356.949066162
    },
    "pitch_salience": {
        "dmean": 0.0728829875588,
        "dmean2": 0.116469822824,
        "dvar": 0.00468597467989,
        "dvar2": 0.0114597994834,
        "max": 0.879887104034,
        "mean": 0.556453227997,
        "median": 0.561609566212,
        "min": 0.0684949979186,
        "var": 0.0184391178191
    },
    "silence_rate_20dB": {
        "dmean": 0,
        "dmean2": 0,
        "dvar": 0,
        "dvar2": 0,
        "max": 1,
        "mean": 1,
        "median": 1,
        "min": 1,
        "var": 0
    },
    "silence_rate_30dB": {
        "dmean": 0.00117566378321,
        "dmean2": 0.00235155783594,
        "dvar": 0.00117385771591,
        "dvar2": 0.00313007063232,
        "max": 1,
        "mean": 0.995689630508,
        "median": 1,
        "min": 0,
        "var": 0.00429225340486
    },
    "silence_rate_60dB": {
        "dmean": 0.0289997067302,
        "dmean2": 0.0580050945282,
        "dvar": 0.0281642172486,
        "dvar2": 0.0644322261214,
        "max": 1,
        "mean": 0.223354235291,
        "median": 0,
        "min": 0,
        "var": 0.173491433263
    },
    "spectral_centroid": {
        "dmean": 214.969696045,
        "dmean2": 334.061584473,
        "dvar": 51439.7890625,
        "dvar2": 114552.710938,
        "max": 11038.3613281,
        "mean": 1799.83508301,
        "median": 1837.35791016,
        "min": 189.503463745,
        "var": 375151.9375
    },
    "spectral_complexity": {
        "dmean": 2.91270685196,
        "dmean2": 4.71213006973,
        "dvar": 9.31790542603,
        "dvar2": 22.166639328,
        "max": 65,
        "mean": 17.4837379456,
        "median": 16,
        "min": 0,
        "var": 113.695289612
    },
    "spectral_decrease": {
        "dmean": 1.51147649952e-09,
        "dmean2": 2.39916064793e-09,
        "dvar": 7.99350120844e-18,
        "dvar2": 2.21920332619e-17,
        "max": 6.94370719641e-30,
        "mean": -4.71864813889e-09,
        "median": -3.4393017323e-09,
        "min": -1.11033216399e-07,
        "var": 2.63708570722e-17
    },
    "spectral_energy": {
        "dmean": 0.00594859896228,
        "dmean2": 0.00942619796842,
        "dvar": 0.000117822972243,
        "dvar2": 0.000325535307638,
        "max": 0.442154973745,
        "mean": 0.0196403842419,
        "median": 0.0144196609035,
        "min": 1.05527518179e-20,
        "var": 0.000431635620771
    },
    "spectral_energyband_high": {
        "dmean": 0.000283538422082,
        "dmean2": 0.00043306092266,
        "dvar": 3.33118720164e-07,
        "dvar2": 6.76225283769e-07,
        "max": 0.0312355663627,
        "mean": 0.000803014612757,
        "median": 0.000313758908305,
        "min": 7.75629004256e-21,
        "var": 2.03741456062e-06
    },
    "spectral_energyband_low": {
        "dmean": 0.00433921674266,
        "dmean2": 0.00708355475217,
        "dvar": 0.000101261444797,
        "dvar2": 0.000288293260382,
        "max": 0.326936066151,
        "mean": 0.00703206611797,
        "median": 0.00255482201464,
        "min": 5.46141973092e-23,
        "var": 0.000167481673998
    },
    "spectral_energyband_middle_high": {
        "dmean": 0.00184513023123,
        "dmean2": 0.00284422026016,
        "dvar": 1.07210807982e-05,
        "dvar2": 2.60953329416e-05,
        "max": 0.0672145932913,
        "mean": 0.00722941942513,
        "median": 0.0032326541841,
        "min": 1.48675042134e-21,
        "var": 9.22348117456e-05
    },
    "spectral_energyband_middle_low": {
        "dmean": 0.00190080271568,
        "dmean2": 0.00297772069462,
        "dvar": 2.30741752603e-05,
        "dvar2": 6.40238504275e-05,
        "max": 0.284887462854,
        "mean": 0.00491298083216,
        "median": 0.00295982556418,
        "min": 2.30477136166e-22,
        "var": 5.20469875482e-05
    },
    "spectral_entropy": {
        "dmean": 0.112976536155,
        "dmean2": 0.172185048461,
        "dvar": 0.0144797163084,
        "dvar2": 0.0305763352662,
        "max": 9.81660556793,
        "mean": 7.67182683945,
        "median": 7.70165538788,
        "min": 5.6827917099,
        "var": 0.143783211708
    },
    "spectral_flux": {
        "dmean": 0.0179458595812,
        "dmean2": 0.0279867518693,
        "dvar": 0.000412854773458,
        "dvar2": 0.0009755071369,
        "max": 0.46090221405,
        "mean": 0.0710527747869,
        "median": 0.0646040663123,
        "min": 6.89668044895e-11,
        "var": 0.00208835140802
    },
    "spectral_kurtosis": {
        "dmean": 1.65489029884,
        "dmean2": 2.87422943115,
        "dvar": 3.34929966927,
        "dvar2": 10.1799106598,
        "max": 29.1030349731,
        "mean": 3.10312151909,
        "median": 2.42403697968,
        "min": -1.30632805824,
        "var": 7.64036941528
    },
    "spectral_rms": {
        "dmean": 0.000575437617954,
        "dmean2": 0.000890339433681,
        "dvar": 4.7979943929e-07,
        "dvar2": 1.20261859138e-06,
        "max": 0.0207694657147,
        "mean": 0.00383179471828,
        "median": 0.00375072844326,
        "min": 3.20863951728e-12,
        "var": 4.47862203146e-06
    },
    "spectral_rolloff": {
        "dmean": 516.928100586,
        "dmean2": 858.994689941,
        "dvar": 633110.5625,
        "dvar2": 1449432.75,
        "max": 18109.4238281,
        "mean": 1975.83654785,
        "median": 1808.7890625,
        "min": 43.06640625,
        "var": 1783166.75
    },
    "spectral_skewness": {
        "dmean": 0.203158408403,
        "dmean2": 0.342164993286,
        "dvar": 0.038103684783,
        "dvar2": 0.107524618506,
        "max": 4.22918462753,
        "mean": 1.19255614281,
        "median": 1.13989806175,
        "min": -0.0869366526604,
        "var": 0.168218448758
    },
    "spectral_spread": {
        "dmean": 350180.375,
        "dmean2": 531285.125,
        "dvar": 254938152960,
        "dvar2": 479372345344,
        "max": 41514684,
        "mean": 3686652,
        "median": 3543741,
        "min": 1704332.375,
        "var": 1.36863259034e+12
    },
    "spectral_strongpeak": {
        "dmean": 0.573135793209,
        "dmean2": 0.98273819685,
        "dvar": 1.16361570358,
        "dvar2": 2.85217404366,
        "max": 20.9190158844,
        "mean": 1.04617583752,
        "median": 0.343157708645,
        "min": 0,
        "var": 2.55816626549
    },
    "zerocrossingrate": {
        "dmean": 0.00890870485455,
        "dmean2": 0.0111657856032,
        "dvar": 0.000114444621431,
        "dvar2": 0.000141048629303,
        "max": 0.64599609375,
        "mean": 0.0698902308941,
        "median": 0.06689453125,
        "min": 0.00537109375,
        "var": 0.00105797778815
    },
    "barkbands": {
        "dmean": [0.000192621417227, 0.00381905399263, 0.00109265639912, 0.000428772706073, 0.000538612657692, 0.000470264320029, 0.000328382360749, 0.00032117345836, 0.000797091983259, 0.000438708491856, 0.00084454647731, 0.000339052086929, 0.000395138893509, 0.000388843793189, 0.00043460316374, 0.000221349939238, 0.000151128508151, 0.000215220366954, 0.000194748630747, 0.000148889463162, 6.29080896033e-05, 6.78192445775e-05, 7.89728292148e-05, 8.25252791401e-05, 1.27901748783e-05, 2.97091958146e-07, 1.23634391613e-09],
        "dmean2": [0.000314541975968, 0.00651398254558, 0.00182194181252, 0.000749318860471, 0.000873472774401, 0.000735842913855, 0.0005225961213, 0.00050427968381, 0.00125050195493, 0.000694278453011, 0.00134702771902, 0.00052991497796, 0.000646440079436, 0.000612388306763, 0.000696686678566, 0.000353619252564, 0.000246385461651, 0.000343344232533, 0.000304831221001, 0.000230458230362, 0.000101885605545, 0.000109580818389, 0.000123174424516, 0.000127223625896, 2.09879344766e-05, 4.54504089475e-07, 2.35253994063e-09],
        "dvar": [9.73578607955e-07, 8.25503811939e-05, 8.76300873642e-06, 1.90500770714e-06, 1.2254905414e-05, 1.16058072308e-06, 9.599001487e-07, 8.55049393067e-07, 3.56516306965e-06, 1.69117834048e-06, 5.48955449631e-06, 1.1298757272e-06, 8.52987568578e-07, 9.78466232482e-07, 1.26522752453e-06, 2.87738231464e-07, 1.04155532199e-07, 1.66998077589e-07, 1.24827977288e-07, 8.7126451831e-08, 4.61188562895e-08, 2.10262207645e-08, 5.21062020198e-08, 3.19654631653e-08, 8.73272121282e-09, 2.51482341895e-11, 9.26038992497e-16],
        "dvar2": [2.7144590149e-06, 0.000242196198087, 2.19542234845e-05, 5.38956101082e-06, 3.35038203048e-05, 2.86563749796e-06, 2.38466373048e-06, 2.08419123737e-06, 8.41033852339e-06, 3.69113558918e-06, 1.40335796459e-05, 2.21012624024e-06, 2.25492908612e-06, 2.26584575103e-06, 3.20473964166e-06, 6.98993005699e-07, 2.4095075446e-07, 4.04142127763e-07, 2.89088205818e-07, 2.00745432721e-07, 9.59136912115e-08, 5.02328845187e-08, 1.07933168181e-07, 6.75025475516e-08, 2.08483807995e-08, 5.20096882228e-11, 2.77612994408e-15],
        "max": [0.0334093458951, 0.282707929611, 0.0744351223111, 0.050529897213, 0.249063447118, 0.0266757570207, 0.0288223996758, 0.0246230475605, 0.0491862185299, 0.0389380194247, 0.04356200248, 0.0396650992334, 0.0194444302469, 0.0224574021995, 0.027184298262, 0.0135797560215, 0.0111968284473, 0.00870777945966, 0.0103411469609, 0.00810278579593, 0.0134301325306, 0.00688883522525, 0.0156759191304, 0.00655601546168, 0.00890420936048, 0.000312590942485, 2.18176637645e-06],
        "mean": [0.000253369275015, 0.00531703513116, 0.00121411529835, 0.000467586796731, 0.000858255778439, 0.000865373120178, 0.000560850196052, 0.000505867996253, 0.0014729516115, 0.000690343731549, 0.0017740248004, 0.000576148799155, 0.000716564827599, 0.000698312011082, 0.000885106390342, 0.000411948160036, 0.000330522074364, 0.000471249280963, 0.000521279638633, 0.000395497685531, 0.000136091432068, 0.000144261939568, 0.000175620036316, 0.000177122026798, 2.03967083507e-05, 4.45863349796e-07, 9.79320735617e-10],
        "median": [6.08506743447e-05, 0.00135248177685, 0.00032594971708, 0.000115853181342, 0.000318746548146, 0.000286187161691, 0.000148726481711, 0.000156109206728, 0.000484625896206, 0.000167193851667, 0.000224972653086, 0.000173857086338, 0.000199060566956, 0.000168236496393, 0.00019339514256, 0.000138775154483, 0.00014033910702, 0.000193218147615, 0.000168994054548, 0.000143427954754, 4.34479807154e-05, 4.26272963523e-05, 5.59175241506e-05, 6.24548556516e-05, 3.01676573145e-06, 2.61113186628e-10, 2.76062894766e-10],
        "min": [1.16325342309e-23, 2.2417013012e-23, 1.06745857238e-23, 3.23240410194e-24, 2.32912050013e-23, 6.73182973168e-23, 4.64736797264e-23, 2.72887844598e-23, 2.76087653756e-23, 6.72270355764e-23, 5.83904176645e-23, 9.30102474442e-23, 6.32202974428e-23, 4.86766684675e-23, 1.03836953161e-22, 1.40100409346e-22, 1.03422296314e-22, 1.50344153165e-22, 2.31983191541e-22, 2.5886350698e-22, 3.18393222807e-22, 5.54656811485e-22, 6.35589396522e-22, 7.34499174956e-22, 1.09743643221e-21, 1.91316031055e-21, 2.15147678036e-21],
        "var": [1.2917442973e-06, 0.000107689491415, 9.70656401478e-06, 2.27782697948e-06, 1.52270586113e-05, 2.78766970041e-06, 1.65709559496e-06, 1.44813634506e-06, 8.83287066245e-06, 3.47447257809e-06, 1.93925570784e-05, 2.57088572653e-06, 1.97166809812e-06, 2.42400119532e-06, 4.27050372309e-06, 6.67559788781e-07, 4.29654051004e-07, 5.0512778671e-07, 5.91248920045e-07, 3.82284213174e-07, 1.50520605757e-07, 7.2246670868e-08, 1.44830167415e-07, 1.13478364483e-07, 3.43230190936e-08, 5.27809115858e-11, 4.67776592099e-16]
    },
    "erbbands": {
        "dmean": [0.123664200306, 0.835850536823, 1.17223548889, 1.44313323498, 1.46924948692, 2.02323532104, 2.74627399445, 4.38996219635, 3.92707324028, 5.64210224152, 8.99625015259, 17.6717700958, 14.0001268387, 22.529750824, 25.8879299164, 10.6434841156, 16.0002822876, 18.5602416992, 18.8349094391, 17.2599830627, 10.2098503113, 8.30502796173, 9.99464416504, 11.5178937912, 7.77143001556, 5.74910736084, 3.14518594742, 2.26916885376, 2.55011725426, 2.37418079376, 2.34692454338, 1.89399945736, 1.27533793449, 0.273559600115, 0.0263641625643, 0.00341765489429, 0.000118872230814, 1.06938477984e-05, 4.37717653767e-06, 7.04067224433e-06],
        "dmean2": [0.204594552517, 1.43203401566, 1.89389777184, 2.50566887856, 2.5043721199, 3.23902106285, 4.23121738434, 6.97587203979, 6.2947268486, 9.0119342804, 14.2431459427, 27.5382156372, 22.1889667511, 35.8260421753, 41.1544189453, 16.7686100006, 25.922410965, 29.2563419342, 29.3213176727, 27.4429321289, 16.214931488, 13.5193376541, 15.9653711319, 17.9911365509, 11.8715963364, 8.84619617462, 5.08276081085, 3.67739605904, 4.14135026932, 3.80818891525, 3.68671536446, 2.94806838036, 1.98458683491, 0.444005578756, 0.0377259552479, 0.00526854861528, 0.000179976093932, 1.63131735462e-05, 6.80071434545e-06, 1.11165363705e-05],
        "dvar": [0.109167538583, 4.06048297882, 11.0489578247, 17.6584358215, 60.4390296936, 260.692077637, 55.9436531067, 119.046882629, 136.827560425, 347.948577881, 604.407897949, 1895.51037598, 1318.90222168, 3942.57324219, 7510.67138672, 638.726623535, 1384.74243164, 2027.10046387, 2231.4128418, 1757.22167969, 525.616088867, 298.253631592, 375.079528809, 485.839080811, 207.390167236, 121.1067276, 109.0962677, 33.0199508667, 28.9379444122, 25.0544013977, 70.5261001587, 19.106262207, 7.33476638794, 1.82515883446, 0.2717846632, 0.00465550087392, 2.49696722676e-06, 6.35487085177e-09, 1.51190476805e-10, 1.52929419128e-10],
        "dvar2": [0.318846136332, 12.0174303055, 28.091129303, 49.102897644, 181.944351196, 661.212280273, 139.029800415, 300.930908203, 353.03805542, 858.129821777, 1446.84179688, 4465.96142578, 3228.68603516, 9596.10253906, 19771.3925781, 1420.54321289, 3694.35009766, 4737.42285156, 5317.25634766, 4271.92138672, 1288.56591797, 698.494384766, 939.311950684, 1178.67077637, 457.782958984, 272.490386963, 236.649551392, 69.9426269531, 68.6159667969, 56.3838844299, 143.377120972, 40.8014602661, 16.3151493073, 4.66991233826, 0.645840764046, 0.0105061726645, 5.49100286662e-06, 1.48339340811e-08, 3.80886516771e-10, 4.15698919731e-10],
        "max": [9.33769035339, 67.6033706665, 101.951560974, 98.3960113525, 473.037567139, 1359.83557129, 360.867004395, 301.952636719, 359.872344971, 663.248474121, 630.630615234, 1064.05078125, 927.686279297, 1606.31469727, 2014.29138184, 827.441711426, 940.689819336, 1209.67919922, 1203.28210449, 1053.82824707, 564.559570312, 608.391235352, 514.491271973, 509.262237549, 396.340057373, 310.486450195, 609.995666504, 320.982635498, 223.998413086, 228.048110962, 632.640930176, 159.4478302, 94.6161117554, 99.1738433838, 54.2058525085, 7.94430303574, 0.178127378225, 0.00895076896995, 0.00105605344288, 0.000604311353527],
        "mean": [0.171850696206, 1.10245704651, 1.55091536045, 1.61599314213, 1.92802095413, 3.13811206818, 5.04244327545, 7.62468481064, 6.8258266449, 9.76435565948, 16.8852653503, 31.8446502686, 24.0506057739, 47.6039123535, 57.1734466553, 21.8825531006, 31.6103057861, 37.1492805481, 38.9502182007, 37.6109886169, 22.2314338684, 19.5791549683, 23.6110572815, 32.1164283752, 23.752117157, 16.2834873199, 7.33694839478, 4.96274805069, 5.25821638107, 5.19010543823, 5.06312704086, 3.8582971096, 2.68895339966, 0.49663951993, 0.0630100145936, 0.00778158428147, 0.000275379396044, 2.81688226096e-05, 1.64902940014e-05, 2.56241091847e-05],
        "median": [0.0465726852417, 0.251799345016, 0.495360285044, 0.489453345537, 0.675492763519, 1.0952334404, 1.6929256916, 2.35706472397, 2.13657999039, 2.75078296661, 5.66264533997, 10.0758514404, 9.11999320984, 8.43030357361, 8.80355739594, 7.66520881653, 9.84571361542, 11.1031970978, 10.615275383, 10.3815689087, 8.6432056427, 9.04960823059, 10.5172901154, 10.3821306229, 8.8793182373, 6.47612094879, 2.61255168915, 1.72745406628, 1.52876865864, 1.58460474014, 1.60659337044, 1.23827314377, 0.979412078857, 0.133343935013, 0.00350466417149, 0.000234574195929, 3.82686193916e-05, 9.16665703699e-06, 1.11558038043e-05, 1.90521695913e-05],
        "min": [5.5494413356e-22, 5.72555921537e-21, 1.22458960199e-20, 1.96123521572e-20, 5.3961889817e-20, 5.24104641106e-20, 1.91384506908e-19, 4.85053386226e-19, 5.0822116422e-19, 7.72044940522e-19, 6.39647445653e-19, 6.21347470467e-19, 1.36074726283e-18, 2.11452593577e-18, 2.92162301664e-18, 3.88567224207e-18, 2.73248713561e-18, 2.47005912319e-18, 5.02843962911e-18, 5.20553196722e-18, 7.28495401216e-18, 6.93026103344e-18, 6.47588162398e-18, 1.24593690991e-17, 1.19614502109e-17, 1.08780942442e-17, 1.55629598564e-17, 1.41350227803e-17, 1.92953840687e-17, 1.86173904427e-17, 1.62121924125e-17, 1.5245729474e-17, 1.25518189403e-17, 1.10099054748e-17, 8.74086054624e-18, 6.05572846673e-18, 3.85555211443e-18, 1.29535997957e-18, 3.27893257443e-19, 2.96738572421e-20],
        "var": [0.140809416771, 4.66811132431, 13.7851390839, 17.7607841492, 71.6304244995, 321.6534729, 124.559036255, 256.3777771, 235.48008728, 519.508789062, 1354.73205566, 4665.13574219, 2304.95263672, 15200.5751953, 25959.0585938, 1895.61694336, 3397.27514648, 5324.01904297, 6395.36962891, 5915.24804688, 1543.24279785, 1220.23339844, 1103.26452637, 2378.31201172, 1095.83776855, 563.996398926, 285.900238037, 142.543930054, 95.4551239014, 93.6361465454, 161.779632568, 59.7457695007, 25.8392505646, 5.82128858566, 1.19911813736, 0.0169916413724, 1.02521053122e-05, 2.8215522363e-08, 7.60014662315e-10, 7.20889903327e-10]
    },
    "gfcc": {
        "mean": [-50.478931427, 114.105201721, -172.364822388, 52.9078788757, -71.1138458252, 26.8892498016, -26.3128604889, 4.15907049179, 0.811137139797, -20.720199585, 12.2949972153, -20.2590789795, 5.34319400787],
        "cov": [[7799.5546875, -724.145507812, 785.808959961, 1228.52661133, 61.696018219, 645.213012695, -160.497665405, 419.007293701, -119.910835266, 290.444366455, 342.277191162, 74.4954223633, 76.9900894165], [-724.145507812, 1033.76501465, 366.229400635, 29.9730701447, 274.431213379, -192.923339844, 48.7185211182, -59.9392929077, 59.5044937134, -73.0017547607, 69.4394989014, -76.5356521606, 11.1528816223], [785.808959961, 366.229400635, 1274.0949707, 684.377807617, 169.540161133, 198.765060425, -109.440322876, 116.18006134, 20.6255226135, 132.3490448, 58.9178924561, 55.6240921021, 12.8446826935], [1228.52661133, 29.9730701447, 684.377807617, 657.258361816, 146.82975769, 219.58706665, -48.3474998474, 92.689414978, 30.5207767487, 100.648490906, 54.3631515503, 51.5839614868, 20.9726428986], [61.696018219, 274.431213379, 169.540161133, 146.82975769, 278.902618408, 51.934009552, 66.0844268799, 47.8166275024, 11.6761312485, -8.91250419617, 49.8478393555, -19.0821247101, 15.638753891], [645.213012695, -192.923339844, 198.765060425, 219.58706665, 51.934009552, 313.781738281, 73.7465667725, 37.3934669495, -13.0428504944, 65.3823394775, 14.6989707947, 31.8179931641, 6.9930524826], [-160.497665405, 48.7185211182, -109.440322876, -48.3474998474, 66.0844268799, 73.7465667725, 185.422775269, -5.02805614471, 8.00657749176, -7.20704364777, 7.45359182358, -10.2657470703, -1.03852188587], [419.007293701, -59.9392929077, 116.18006134, 92.689414978, 47.8166275024, 37.3934669495, -5.02805614471, 163.376312256, 27.0545406342, 27.4350967407, 34.9807167053, 9.04808139801, 18.643196106], [-119.910835266, 59.5044937134, 20.6255226135, 30.5207767487, 11.6761312485, -13.0428504944, 8.00657749176, 27.0545406342, 128.443893433, 27.3093490601, -10.7294025421, 11.186340332, -0.179155632854], [290.444366455, -73.0017547607, 132.3490448, 100.648490906, -8.91250419617, 65.3823394775, -7.20704364777, 27.4350967407, 27.3093490601, 115.540245056, 38.0695800781, 31.3463401794, 7.53862905502], [342.277191162, 69.4394989014, 58.9178924561, 54.3631515503, 49.8478393555, 14.6989707947, 7.45359182358, 34.9807167053, -10.7294025421, 38.0695800781, 132.869384766, 21.1798343658, 24.4395828247], [74.4954223633, -76.5356521606, 55.6240921021, 51.5839614868, -19.0821247101, 31.8179931641, -10.2657470703, 9.04808139801, 11.186340332, 31.3463401794, 21.1798343658, 77.8444213867, 30.6212863922], [76.9900894165, 11.1528816223, 12.8446826935, 20.9726428986, 15.638753891, 6.9930524826, -1.03852188587, 18.643196106, -0.179155632854, 7.53862905502, 24.4395828247, 30.6212863922, 67.775642395]],
        "icov": [[0.000310284900479, -0.000131926601171, 0.000393859692849, -0.000799631816335, 0.000444829260232, -0.00043586443644, 0.000337194011081, -0.000646995380521, 0.000477511057397, -0.000211975464481, -0.000507205782924, 0.000382441474358, 2.45193677983e-06], [-0.000131926601171, 0.00499907741323, -0.00346543081105, 0.00212020915933, -0.00355636887252, 0.00369268958457, -0.0023930517491, 0.00438334420323, -0.00371104991063, 0.00299991993234, -0.00303367245942, 0.0040643401444, -0.00256073800847], [0.000393859692849, -0.00346543081105, 0.00465258397162, -0.00397604657337, 0.0022482550703, -0.00273667019792, 0.00267213722691, -0.0038241262082, 0.00336875324138, -0.00308716786094, 0.00184575736057, -0.00261414935812, 0.00219571357593], [-0.000799631816335, 0.00212020915933, -0.00397604657337, 0.00736738927662, -0.00361087103374, 0.000231464859098, -0.000207710036193, 0.00297503825277, -0.00338904373348, 0.00132526771631, -0.000187857236597, -0.000145488796989, -0.00100192334503], [0.000444829260232, -0.00355636887252, 0.0022482550703, -0.00361087103374, 0.00891395565122, -0.00273607671261, -0.000559781270567, -0.00429789815098, 0.0023433053866, -4.31322114309e-05, -0.000581601285376, 0.000338345591445, 0.0002381647937], [-0.00043586443644, 0.00369268958457, -0.00273667019792, 0.000231464859098, -0.00273607671261, 0.00916294753551, -0.00538416858763, 0.00312757887878, -0.000985613442026, -2.42099922616e-05, -0.000196343185962, 0.0010946347611, -0.00134608952794], [0.000337194011081, -0.0023930517491, 0.00267213722691, -0.000207710036193, -0.000559781270567, -0.00538416858763, 0.00997838005424, -0.00191301561426, 0.000721214222722, -0.00123862549663, 0.000356434000423, -0.00111704680603, 0.00144826225005], [-0.000646995380521, 0.00438334420323, -0.0038241262082, 0.00297503825277, -0.00429789815098, 0.00312757887878, -0.00191301561426, 0.0122890248895, -0.00564253889024, 0.00263107405044, -0.003117460059, 0.00377666275017, -0.00381262064911], [0.000477511057397, -0.00371104991063, 0.00336875324138, -0.00338904373348, 0.0023433053866, -0.000985613442026, 0.000721214222722, -0.00564253889024, 0.0130012435839, -0.00579230487347, 0.00416974537075, -0.0042747980915, 0.00270908838138], [-0.000211975464481, 0.00299991993234, -0.00308716786094, 0.00132526771631, -4.31322114309e-05, -2.42099922616e-05, -0.00123862549663, 0.00263107405044, -0.00579230487347, 0.0160326622427, -0.0057799546048, 0.000200353359105, -0.000613051524851], [-0.000507205782924, -0.00303367245942, 0.00184575736057, -0.000187857236597, -0.000581601285376, -0.000196343185962, 0.000356434000423, -0.003117460059, 0.00416974537075, -0.0057799546048, 0.013561447151, -0.00528809381649, -4.59465081804e-05], [0.000382441474358, 0.0040643401444, -0.00261414935812, -0.000145488796989, 0.000338345591445, 0.0010946347611, -0.00111704680603, 0.00377666275017, -0.0042747980915, 0.000200353359105, -0.00528809381649, 0.0236382558942, -0.0106163593009], [2.45193677983e-06, -0.00256073800847, 0.00219571357593, -0.00100192334503, 0.0002381647937, -0.00134608952794, 0.00144826225005, -0.00381262064911, 0.00270908838138, -0.000613051524851, -4.59465081804e-05, -0.0106163593009, 0.0211103744805]]
    },
    "melbands": {
        "dmean": [0.0010899141198, 0.000729837629478, 0.000241253816057, 0.00012527454237, 8.98459911696e-05, 9.41880134633e-05, 6.20531136519e-05, 6.17620826233e-05, 8.54896352394e-05, 0.000115620663564, 7.07254075678e-05, 8.8345434051e-05, 9.63571073953e-05, 4.43712087872e-05, 2.71552962658e-05, 4.79058035125e-05, 3.63715153071e-05, 3.04817112919e-05, 3.84311388189e-05, 1.75998284249e-05, 1.17404642879e-05, 1.01638643173e-05, 8.06034131529e-06, 1.03628544821e-05, 1.06587694972e-05, 6.31850480204e-06, 7.00502778272e-06, 3.9958540583e-06, 2.40663916884e-06, 1.65671895047e-06, 1.38099164815e-06, 1.53260180014e-06, 1.50352332184e-06, 1.40079578159e-06, 1.48094363794e-06, 1.33435116823e-06, 1.19511730645e-06, 9.67021378528e-07, 7.50553169837e-07, 8.75892425256e-08],
        "dmean2": [0.00184663757682, 0.00117401347961, 0.000412681431044, 0.00020857952768, 0.000138717965456, 0.000149148225319, 9.89874752122e-05, 9.90088883555e-05, 0.000136129703606, 0.000180140021257, 0.000112181594886, 0.0001407785021, 0.000152215288836, 6.84021724737e-05, 4.35904184997e-05, 7.76653396315e-05, 5.75614649279e-05, 4.78442598251e-05, 6.08410227869e-05, 2.79820123978e-05, 1.86086399481e-05, 1.65633045981e-05, 1.30307907966e-05, 1.61540338013e-05, 1.67340476764e-05, 9.82763413049e-06, 1.06544066512e-05, 6.29714168099e-06, 3.93836944568e-06, 2.69836573352e-06, 2.26042334361e-06, 2.51584560829e-06, 2.46025183515e-06, 2.2545898446e-06, 2.37471317632e-06, 2.09119662031e-06, 1.88674982837e-06, 1.51264146098e-06, 1.22152084714e-06, 1.45545556052e-07],
        "dvar": [7.01653971191e-06, 3.45991884387e-06, 4.92899346227e-07, 8.02561885394e-07, 1.01554192611e-07, 5.1013675062e-08, 3.13011270237e-08, 3.75829642962e-08, 5.62871385057e-08, 7.87776528455e-08, 3.49992603788e-08, 6.15409447846e-08, 7.95329313519e-08, 1.90830160562e-08, 4.03109989833e-09, 1.37247058163e-08, 8.84284290237e-09, 7.52574091933e-09, 1.22530217084e-08, 2.12416861878e-09, 7.95079946325e-10, 4.96495788926e-10, 2.92431245885e-10, 3.88065496404e-10, 4.39496439242e-10, 1.27741220379e-10, 2.24675930638e-10, 6.73463992906e-11, 3.64105724737e-11, 6.6675089061e-11, 1.14070185589e-11, 1.16858345917e-11, 1.16412461268e-11, 8.38135203601e-12, 4.50274019459e-11, 1.004433689e-11, 7.74492362604e-12, 4.61808542795e-12, 3.17842822374e-12, 1.52759239719e-12],
        "dvar2": [2.05866654142e-05, 9.46796717471e-06, 1.35911739108e-06, 2.21469713324e-06, 2.59023693161e-07, 1.28546531641e-07, 8.0239971112e-08, 9.46783131894e-08, 1.36568445441e-07, 1.85155997201e-07, 8.51724948348e-08, 1.46747510144e-07, 2.04217641908e-07, 4.11885601181e-08, 9.2488585679e-09, 3.65037493566e-08, 2.07871622138e-08, 1.72448242353e-08, 3.11063530489e-08, 5.0903357085e-09, 1.89573690079e-09, 1.16325948873e-09, 7.51062156912e-10, 8.91922202761e-10, 1.07446262998e-09, 2.90990009866e-10, 5.07406783257e-10, 1.54169371713e-10, 8.56827733764e-11, 1.33425714921e-10, 2.63514574744e-11, 2.8404830571e-11, 2.89091060118e-11, 1.92288355377e-11, 9.13264186497e-11, 2.25892152206e-11, 1.69608511263e-11, 1.05483755411e-11, 7.72245375286e-12, 4.16578316981e-12],
        "max": [0.0697862878442, 0.0595929697156, 0.0212054103613, 0.0603290311992, 0.0235975198448, 0.00608855066821, 0.0049871429801, 0.00655285781249, 0.00486957002431, 0.00676128221676, 0.00476714270189, 0.00659043621272, 0.00591044919565, 0.00449803750962, 0.00180545123294, 0.00255132187158, 0.00237463298254, 0.00252499338239, 0.00296972296201, 0.00116216135211, 0.000792400154751, 0.00071308366023, 0.00049941893667, 0.000522609159816, 0.000473456893815, 0.00031876997673, 0.000464830227429, 0.000196881810552, 0.00022369727958, 0.000581196974963, 0.000184087155503, 0.000140343909152, 0.000151338608703, 0.000117953473818, 0.000549203658011, 0.000117829920782, 0.000106806379335, 7.62884519645e-05, 9.02021711227e-05, 9.17934376048e-05],
        "mean": [0.00152345071547, 0.00106526107993, 0.000289468996925, 0.000180538118002, 0.000169866136275, 0.000168256592588, 0.000109161621367, 0.000104402512079, 0.000158830545843, 0.000205889577046, 0.000113907080959, 0.000178098853212, 0.000208354031201, 8.39662752696e-05, 4.97673281643e-05, 8.44244495966e-05, 6.58135249978e-05, 5.53840764042e-05, 7.77576278779e-05, 3.19066930388e-05, 2.35798888752e-05, 2.10111647903e-05, 1.72568779817e-05, 2.29193938139e-05, 2.71849403362e-05, 1.68827682501e-05, 1.77008314495e-05, 9.3152775662e-06, 5.03566707266e-06, 3.22165283251e-06, 2.68478083854e-06, 2.91402807306e-06, 2.89359945782e-06, 2.88511841973e-06, 2.96506982522e-06, 2.69006613962e-06, 2.2054771307e-06, 1.98469092538e-06, 1.30406942844e-06, 1.41125468645e-07],
        "median": [0.000409364351071, 0.000344794039847, 9.38911252888e-05, 6.45718464511e-05, 6.10370552749e-05, 5.42739617231e-05, 3.32283452735e-05, 2.87322709482e-05, 4.49572435173e-05, 6.50778820273e-05, 3.73725415557e-05, 2.95966983686e-05, 2.9632163205e-05, 1.96975597646e-05, 1.62519572768e-05, 2.13550774788e-05, 1.70380699274e-05, 1.36737508001e-05, 1.43173892866e-05, 1.00921643025e-05, 8.92546995601e-06, 9.06598143047e-06, 7.80916434451e-06, 9.39092660701e-06, 7.95884443505e-06, 6.00084013058e-06, 5.70190650251e-06, 3.27387351717e-06, 1.50489472617e-06, 9.52409550337e-07, 9.31260274228e-07, 8.45280624162e-07, 8.12632265479e-07, 8.56859514897e-07, 8.8623562533e-07, 8.55306552694e-07, 7.06618038748e-07, 7.3667098377e-07, 4.0773221599e-07, 9.09777497782e-09],
        "min": [7.39380709346e-24, 7.3707991763e-24, 3.74470970088e-24, 5.64448200373e-24, 6.05395524494e-24, 1.09674022144e-23, 9.28488102154e-24, 8.43621341565e-24, 4.60769986536e-24, 3.86779566792e-24, 7.50912041401e-24, 8.7202806499e-24, 8.10113291324e-24, 9.82181919668e-24, 8.04316978051e-24, 6.11946067679e-24, 3.83957929663e-24, 7.65179616391e-24, 8.00408093379e-24, 8.91316897414e-24, 7.82305076668e-24, 5.65477821626e-24, 5.35758157554e-24, 7.38991248717e-24, 9.4098712988e-24, 9.18998973211e-24, 6.9802609634e-24, 7.81932103232e-24, 9.22798758419e-24, 7.05758037616e-24, 8.32340078418e-24, 1.1595476701e-23, 9.84966440891e-24, 9.79567634628e-24, 8.89284318405e-24, 8.18244001788e-24, 8.63457485685e-24, 9.72598679619e-24, 6.38608106882e-24, 1.06302051982e-23],
        "var": [9.33661976887e-06, 4.62891739517e-06, 6.09022436038e-07, 9.55670770963e-07, 1.78543359652e-07, 1.14446322641e-07, 5.50450387493e-08, 5.50134373611e-08, 1.37995840532e-07, 1.92980479596e-07, 6.05592589409e-08, 2.24866667509e-07, 2.77859044218e-07, 5.90847726301e-08, 1.23807222252e-08, 2.97649904724e-08, 2.06939461123e-08, 1.85266557651e-08, 4.20436805371e-08, 4.66147165312e-09, 2.3697861451e-09, 1.73596026443e-09, 7.2526640249e-10, 1.23807442076e-09, 1.94214266891e-09, 5.72681291278e-10, 9.15155617953e-10, 2.22209098344e-10, 9.73379710167e-11, 1.72929101594e-10, 3.93964028067e-11, 3.16915625687e-11, 3.16254869515e-11, 2.8596574761e-11, 8.54015469454e-11, 2.85054462673e-11, 2.15425073613e-11, 1.48002079342e-11, 7.89365881687e-12, 4.31794877631e-12]
    },
    "mfcc": {
        "mean": [-659.667724609, 108.616539001, -22.3956184387, 14.2461366653, -1.65607225895, 6.49571657181, -0.276642501354, 16.1360740662, -6.36948823929, 15.7091436386, -2.94077372551, 3.96323513985, -5.25812721252],
        "cov": [[7087.53759766, -1238.29150391, 650.791931152, 565.141296387, 358.065704346, 307.766693115, 291.873291016, 194.466018677, -206.375869751, 347.965148926, -15.183965683, 156.022720337, 150.277450562], [-1238.29150391, 1053.83959961, 5.55756187439, 118.521469116, 132.423034668, -132.002471924, 32.4880180359, -42.820110321, -12.2934646606, -18.9706916809, 24.6628608704, -44.2729263306, 3.03532266617], [650.791931152, 5.55756187439, 1086.86450195, 470.413085938, 365.732635498, 213.452331543, 58.5890731812, 19.7334747314, 27.0092010498, 24.0790138245, 53.2383766174, 116.490867615, 64.9017181396], [565.141296387, 118.521469116, 470.413085938, 447.518035889, 289.910766602, 79.8326339722, 58.2084732056, 39.4445343018, 2.80422592163, 50.5831489563, 17.6226959229, 57.2277603149, 58.1823616028], [358.065704346, 132.423034668, 365.732635498, 289.910766602, 350.851074219, 52.5365943909, 76.3856658936, 51.8333053589, 1.39491391182, 55.5765457153, 16.9158611298, 20.3276386261, 55.2432136536], [307.766693115, -132.002471924, 213.452331543, 79.8326339722, 52.5365943909, 291.065124512, 89.4575195312, 36.4657020569, 49.0576057434, 14.5754032135, 17.0287876129, 42.3591194153, 9.78497028351], [291.873291016, 32.4880180359, 58.5890731812, 58.2084732056, 76.3856658936, 89.4575195312, 214.942443848, 54.3369979858, -21.8248958588, 55.0603561401, 0.408795446157, -15.2053022385, 38.3566436768], [194.466018677, -42.820110321, 19.7334747314, 39.4445343018, 51.8333053589, 36.4657020569, 54.3369979858, 118.753356934, 26.4922885895, 40.7896537781, -3.33333849907, 4.31914186478, 11.3139343262], [-206.375869751, -12.2934646606, 27.0092010498, 2.80422592163, 1.39491391182, 49.0576057434, -21.8248958588, 26.4922885895, 141.622680664, -8.58054637909, 24.4207305908, 22.7430324554, -7.87847709656], [347.965148926, -18.9706916809, 24.0790138245, 50.5831489563, 55.5765457153, 14.5754032135, 55.0603561401, 40.7896537781, -8.58054637909, 119.00933075, 17.1562519073, 3.41890144348, 16.0037269592], [-15.183965683, 24.6628608704, 53.2383766174, 17.6226959229, 16.9158611298, 17.0287876129, 0.408795446157, -3.33333849907, 24.4207305908, 17.1562519073, 78.4696807861, 33.8558235168, 5.12112951279], [156.022720337, -44.2729263306, 116.490867615, 57.2277603149, 20.3276386261, 42.3591194153, -15.2053022385, 4.31914186478, 22.7430324554, 3.41890144348, 33.8558235168, 98.3109436035, 25.7646217346], [150.277450562, 3.03532266617, 64.9017181396, 58.1823616028, 55.2432136536, 9.78497028351, 38.3566436768, 11.3139343262, -7.87847709656, 16.0037269592, 5.12112951279, 25.7646217346, 77.7475585938]],
