{
"lowlevel": {
    "average_loudness": 0.0429180003703,
    "barkbands_crest": {
        "dmean": 2.1752076149,
        "dmean2": 3.53362774849,
        "dvar": 4.26251316071,
        "dvar2": 10.4933567047,
        "max": 25.2451953888,
        "mean": 9.93064212799,
        "median": 9.06716156006,
        "min": 2.07034230232,
        "var": 17.4527988434
    },
    "barkbands_flatness_db": {
        "dmean": 0.0159137863666,
        "dmean2": 0.0258302930743,
        "dvar": 0.000217173059355,
        "dvar2": 0.000537916086614,
        "max": 0.395443797112,
        "mean": 0.181794330478,
        "median": 0.175775423646,
        "min": 0.0286624152213,
        "var": 0.00192167423666
    },
    "barkbands_kurtosis": {
        "dmean": 1.5885181427,
        "dmean2": 2.57256269455,
        "dvar": 27.6796798706,
        "dvar2": 79.213104248,
        "max": 220.709823608,
        "mean": 2.52129125595,
        "median": 0.763774752617,
        "min": -1.93353366852,
        "var": 74.2325134277
    },
    "barkbands_skewness": {
        "dmean": 0.366055727005,
        "dmean2": 0.566078841686,
        "dvar": 0.180253818631,
        "dvar2": 0.415535748005,
        "max": 13.2549562454,
        "mean": 0.890655636787,
        "median": 0.752657294273,
        "min": -2.81444191933,
        "var": 1.29585051537
    },
    "barkbands_spread": {
        "dmean": 3.80809092522,
        "dmean2": 6.02593898773,
        "dvar": 37.5377731323,
        "dvar2": 77.9844284058,
        "max": 105.266494751,
        "mean": 18.6593360901,
        "median": 15.8113365173,
        "min": 0.810743391514,
        "var": 167.119628906
    },
    "dissonance": {
        "dmean": 0.0206578504294,
        "dmean2": 0.0350858345628,
        "dvar": 0.000414397916757,
        "dvar2": 0.00114759884309,
        "max": 0.5,
        "mean": 0.458280205727,
        "median": 0.466795444489,
        "min": 0.217696413398,
        "var": 0.00115063623525
    },
    "dynamic_complexity": 4.94099903107,
    "erbbands_crest": {
        "dmean": 2.59579396248,
        "dmean2": 4.16456413269,
        "dvar": 5.91121816635,
        "dvar2": 14.2255678177,
        "max": 31.5490074158,
        "mean": 11.1444797516,
        "median": 9.79581546783,
        "min": 2.51903128624,
        "var": 30.5124797821
    },
    "erbbands_flatness_db": {
        "dmean": 0.0139818666503,
        "dmean2": 0.0212810579687,
        "dvar": 0.000172604399268,
        "dvar2": 0.000368097098544,
        "max": 0.395598113537,
        "mean": 0.233441799879,
        "median": 0.233753442764,
        "min": 0.0814596787095,
        "var": 0.0027605141513
    },
    "erbbands_kurtosis": {
        "dmean": 0.924359679222,
        "dmean2": 1.4612698555,
        "dvar": 1.594643116,
        "dvar2": 3.72098374367,
        "max": 32.7029876709,
        "mean": 1.21540534496,
        "median": 0.449157476425,
        "min": -1.79431498051,
        "var": 7.10677242279
    },
    "erbbands_skewness": {
        "dmean": 0.323682099581,
        "dmean2": 0.504267990589,
        "dvar": 0.0945436730981,
        "dvar2": 0.209686219692,
        "max": 5.01556301117,
        "mean": 0.479729384184,
        "median": 0.427717030048,
        "min": -3.73740005493,
        "var": 0.724812805653
    },
    "erbbands_spread": {
        "dmean": 4.92947673798,
        "dmean2": 7.63972568512,
        "dvar": 49.9113807678,
        "dvar2": 113.512252808,
        "max": 161.580352783,
        "mean": 25.1579475403,
        "median": 20.6750583649,
        "min": 3.36617040634,
        "var": 252.956222534
    },
    "hfc": {
        "dmean": 3.42083239555,
        "dmean2": 5.11594247818,
        "dvar": 38.5333251953,
        "dvar2": 80.7646255493,
        "max": 393.749542236,
        "mean": 15.7814292908,
        "median": 8.09124565125,
        "min": 1.24843894928e-16,
        "var": 415.915802002
    },
    "melbands_crest": {
        "dmean": 2.73966026306,
        "dmean2": 4.45553684235,
        "dvar": 7.22146272659,
        "dvar2": 18.1349830627,
        "max": 36.3210449219,
        "mean": 12.9158525467,
        "median": 11.8949317932,
        "min": 2.29268074036,
        "var": 27.0626277924
    },
    "melbands_flatness_db": {
        "dmean": 0.0180834159255,
        "dmean2": 0.0281769465655,
        "dvar": 0.000390746165067,
        "dvar2": 0.000860570697114,
        "max": 0.475023388863,
        "mean": 0.198153316975,
        "median": 0.191615536809,
        "min": 0.00912629533559,
        "var": 0.0033270381391
    },
    "melbands_kurtosis": {
        "dmean": 3.4270632267,
        "dmean2": 5.53998231888,
        "dvar": 235.22253418,
        "dvar2": 648.091247559,
        "max": 878.566894531,
        "mean": 6.98227214813,
        "median": 2.56114888191,
        "min": -1.88944804668,
        "var": 637.999206543
    },
    "melbands_skewness": {
        "dmean": 0.458627283573,
        "dmean2": 0.712479889393,
        "dvar": 0.349936664104,
        "dvar2": 0.80221247673,
        "max": 23.416595459,
        "mean": 1.53970611095,
        "median": 1.20797872543,
        "min": -0.990071833134,
        "var": 2.34891533852
    },
    "melbands_spread": {
        "dmean": 5.57986116409,
        "dmean2": 8.63925933838,
        "dvar": 93.1458740234,
        "dvar2": 180.610748291,
        "max": 239.239440918,
        "mean": 25.5380821228,
        "median": 21.1401081085,
        "min": 0.654623031616,
        "var": 372.007385254
    },
    "pitch_salience": {
        "dmean": 0.0585291497409,
        "dmean2": 0.0951008796692,
        "dvar": 0.0030353772454,
        "dvar2": 0.00747655332088,
        "max": 0.937350928783,
        "mean": 0.563785195351,
        "median": 0.563520312309,
        "min": 0.105914652348,
        "var": 0.014256243594
    },
    "silence_rate_20dB": {
        "dmean": 0,
        "dmean2": 0,
        "dvar": 0,
        "dvar2": 0,
        "max": 1,
        "mean": 1,
        "median": 1,
        "min": 1,
        "var": 0
    },
    "silence_rate_30dB": {
        "dmean": 0.00119557639118,
        "dmean2": 0.00239139096811,
        "dvar": 0.00119367637672,
        "dvar2": 0.00298352306709,
        "max": 1,
        "mean": 0.995716273785,
        "median": 1,
        "min": 0,
        "var": 0.00426608603448
    },
    "silence_rate_60dB": {
        "dmean": 0.0306864604354,
        "dmean2": 0.0613790340722,
        "dvar": 0.0297478921711,
        "dvar2": 0.0671848803759,
        "max": 1,
        "mean": 0.252241492271,
        "median": 0,
        "min": 0,
        "var": 0.188592106104
    },
    "spectral_centroid": {
        "dmean": 172.750366211,
        "dmean2": 268.351470947,
        "dvar": 58249.0859375,
        "dvar2": 120245.046875,
        "max": 11020.2431641,
        "mean": 1359.71972656,
        "median": 1306.12231445,
        "min": 188.585906982,
        "var": 350493.65625
    },
    "spectral_complexity": {
        "dmean": 2.13589715958,
        "dmean2": 3.57851743698,
        "dvar": 4.773001194,
        "dvar2": 13.0287456512,
        "max": 65,
        "mean": 13.9903364182,
        "median": 13,
        "min": 0,
        "var": 73.8729553223
    },
    "spectral_decrease": {
        "dmean": 9.59842205717e-10,
        "dmean2": 1.51355816769e-09,
        "dvar": 5.9445127926e-18,
        "dvar2": 1.65320714272e-17,
        "max": 1.15551354987e-28,
        "mean": -4.09795086753e-09,
        "median": -2.79095591083e-09,
        "min": -1.02895988618e-07,
        "var": 2.38786727288e-17
    },
    "spectral_energy": {
        "dmean": 0.00386705715209,
        "dmean2": 0.00607506232336,
        "dvar": 8.89657676453e-05,
        "dvar2": 0.000246112671448,
        "max": 0.410301536322,
        "mean": 0.0168980043381,
        "median": 0.0114553151652,
        "min": 1.08875975995e-20,
        "var": 0.000391825829865
    },
    "spectral_energyband_high": {
        "dmean": 0.000143330573337,
        "dmean2": 0.0002113974042,
        "dvar": 3.15188714239e-07,
        "dvar2": 5.89658952777e-07,
        "max": 0.0340431258082,
        "mean": 0.000357581011485,
        "median": 7.39998140489e-05,
        "min": 8.24327000998e-21,
        "var": 1.70104669905e-06
    },
    "spectral_energyband_low": {
        "dmean": 0.00161988555919,
        "dmean2": 0.00270816800185,
        "dvar": 6.18738558842e-05,
        "dvar2": 0.0001808055531,
        "max": 0.301537632942,
        "mean": 0.00371544831432,
        "median": 0.0013499527704,
        "min": 3.97060798858e-23,
        "var": 0.000100875236967
    },
    "spectral_energyband_middle_high": {
        "dmean": 0.00147210503928,
        "dmean2": 0.00219570216723,
        "dvar": 7.86322834756e-06,
        "dvar2": 1.78344816959e-05,
        "max": 0.0681097432971,
        "mean": 0.00645140837878,
        "median": 0.00216173985973,
        "min": 1.30102706827e-21,
        "var": 9.61845216807e-05
    },
    "spectral_energyband_middle_low": {
        "dmean": 0.00216925144196,
        "dmean2": 0.00340795470402,
        "dvar": 2.6421757866e-05,
        "dvar2": 7.11349712219e-05,
        "max": 0.275841593742,
        "mean": 0.00676803663373,
        "median": 0.00403008516878,
        "min": 1.60558197948e-22,
        "var": 8.4543855337e-05
    },
    "spectral_entropy": {
        "dmean": 0.113948620856,
        "dmean2": 0.174547508359,
        "dvar": 0.0150962648913,
        "dvar2": 0.0302188526839,
        "max": 9.80692768097,
        "mean": 7.40346670151,
        "median": 7.45548343658,
        "min": 5.48104429245,
        "var": 0.175711289048
    },
    "spectral_flux": {
        "dmean": 0.0153723144904,
        "dmean2": 0.0249909795821,
        "dvar": 0.000409479776863,
        "dvar2": 0.00102687720209,
        "max": 0.455711752176,
        "mean": 0.0576695017517,
        "median": 0.0465047508478,
        "min": 6.81734946273e-11,
        "var": 0.00180950795766
    },
    "spectral_kurtosis": {
        "dmean": 2.61711263657,
        "dmean2": 4.59366035461,
        "dvar": 7.68833351135,
        "dvar2": 23.055896759,
        "max": 40.2477645874,
        "mean": 5.01961231232,
        "median": 4.01796913147,
        "min": -1.65503764153,
        "var": 17.8398609161
    },
    "spectral_rms": {
        "dmean": 0.000399968499551,
        "dmean2": 0.000615184952039,
        "dvar": 3.0789604466e-07,
        "dvar2": 7.67134849866e-07,
        "max": 0.020007353276,
        "mean": 0.00351805798709,
        "median": 0.00334304012358,
        "min": 3.25914815968e-12,
        "var": 4.10916982219e-06
    },
    "spectral_rolloff": {
        "dmean": 315.012390137,
        "dmean2": 524.275268555,
        "dvar": 582631.4375,
        "dvar2": 1147657.25,
        "max": 19379.8828125,
        "mean": 1564.58703613,
        "median": 1335.05859375,
        "min": 64.599609375,
        "var": 1771843
    },
    "spectral_skewness": {
        "dmean": 0.279171794653,
        "dmean2": 0.475887060165,
        "dvar": 0.0685177594423,
        "dvar2": 0.187423348427,
        "max": 4.58022451401,
        "mean": 1.4968252182,
        "median": 1.44782471657,
        "min": -0.508269488811,
        "var": 0.274965554476
    },
    "spectral_spread": {
        "dmean": 311520.5625,
        "dmean2": 481626.1875,
        "dvar": 302296793088,
        "dvar2": 524740722688,
        "max": 41038276,
        "mean": 3221976.25,
        "median": 2943695.5,
        "min": 1362241.25,
        "var": 1.58174884659e+12
    },
    "spectral_strongpeak": {
        "dmean": 0.615117430687,
        "dmean2": 1.01581132412,
        "dvar": 1.12005364895,
        "dvar2": 2.76020431519,
        "max": 20.3892822266,
        "mean": 1.49477112293,
        "median": 0.587258934975,
        "min": 0,
        "var": 3.83402085304
    },
    "zerocrossingrate": {
        "dmean": 0.00687344511971,
        "dmean2": 0.00821096822619,
        "dvar": 0.000156776615768,
        "dvar2": 0.000158516471856,
        "max": 0.6513671875,
        "mean": 0.0567066818476,
        "median": 0.05126953125,
        "min": 0.005859375,
        "var": 0.00115333707072
    },
    "barkbands": {
        "dmean": [0.000139478768688, 0.0012397817336, 0.000499095011037, 0.000265756010776, 0.00065071991412, 0.000406848907005, 0.000312017771648, 0.000676628376823, 0.000772061524913, 0.0006505997153, 0.000453213695437, 0.000275170692476, 0.000348651461536, 0.000444791541668, 0.000408689869801, 0.000151387081132, 0.000124919912196, 0.000157020331244, 0.000118676936836, 4.30979780504e-05, 3.6383553379e-05, 3.32743584295e-05, 3.9336613554e-05, 4.28107923653e-05, 1.06863390101e-05, 2.88392243419e-07, 8.58265347681e-10],
        "dmean2": [0.000237479398493, 0.00208681542426, 0.00083915545838, 0.000458019436337, 0.0010823108023, 0.000651829410344, 0.000481551280245, 0.00103684619535, 0.00117738824338, 0.000979436212219, 0.000675141462125, 0.000435378169641, 0.000542434747331, 0.000683093443513, 0.000652326736599, 0.000238113861997, 0.000207380522625, 0.000251052522799, 0.000188641657587, 7.1324291639e-05, 5.86452042626e-05, 5.36640109203e-05, 6.11181458225e-05, 6.28726702416e-05, 1.69633221958e-05, 4.60590058537e-07, 1.61675517418e-09],
        "dvar": [9.73300984697e-07, 4.14508576796e-05, 4.02091382057e-06, 1.2915473917e-06, 1.21740249597e-05, 8.70177530032e-07, 6.58353258132e-07, 4.70662143925e-06, 4.24551626566e-06, 2.61276045421e-06, 2.02911201086e-06, 7.5838443081e-07, 1.07116568415e-06, 2.083095751e-06, 1.96086966753e-06, 2.14621167061e-07, 1.44458439877e-07, 2.23355087314e-07, 9.92493767171e-08, 1.69151661567e-08, 4.32191704647e-08, 1.88847639748e-08, 4.58980728979e-08, 5.05728934286e-08, 1.13869029761e-08, 2.23258980747e-11, 1.07255659443e-16],
        "dvar2": [2.77651793112e-06, 0.000123902864289, 1.08774629552e-05, 3.65899518329e-06, 3.33511343342e-05, 2.179569492e-06, 1.50228549956e-06, 1.03479414975e-05, 1.00506013041e-05, 5.3244011724e-06, 4.27288114224e-06, 1.89124762073e-06, 2.36251275965e-06, 4.64664162791e-06, 4.52933363704e-06, 4.71342588071e-07, 3.63853558838e-07, 5.64751587717e-07, 2.434131261e-07, 3.90143561901e-08, 8.92176217349e-08, 4.28318571721e-08, 9.66072093433e-08, 1.03560317655e-07, 2.77882676869e-08, 4.77805711663e-11, 3.22503294805e-16],
        "max": [0.0325382016599, 0.259106844664, 0.0715003609657, 0.0501870065928, 0.24450533092, 0.0243279319257, 0.0288503430784, 0.0793455168605, 0.0508607402444, 0.0461744144559, 0.0510437898338, 0.0393944717944, 0.0283352807164, 0.0343962982297, 0.0400740653276, 0.0131196705624, 0.0143717583269, 0.0135629652068, 0.0130251972005, 0.00716532533988, 0.0133582800627, 0.00683241523802, 0.0138193788007, 0.00711287744343, 0.00858046021312, 0.00026380844065, 7.333345593e-07],
        "mean": [0.000243189118919, 0.0024658406619, 0.000864180736244, 0.000347125984263, 0.00116143142805, 0.000917179393582, 0.000711570319254, 0.00137042650022, 0.00169556809124, 0.00151767325588, 0.00106485153083, 0.000515366788022, 0.000678159703966, 0.000837204803247, 0.000879666709807, 0.000312473101076, 0.000266036920948, 0.000376085779862, 0.000268315925496, 9.06344212126e-05, 7.28300365154e-05, 6.77642747178e-05, 7.78537651058e-05, 7.9170364188e-05, 1.70057046489e-05, 4.24776743557e-07, 7.46671502405e-10],
        "median": [1.38180093927e-05, 0.000694227928761, 0.000298301049042, 8.71252195793e-05, 0.000473389576655, 0.000443837052444, 0.000252194993664, 0.000236855150433, 0.000282760185655, 0.000266316812485, 0.00012943794718, 0.000104334481875, 0.000126984305098, 0.00013081158977, 0.000129521795316, 7.24497222109e-05, 8.09406192275e-05, 7.04477279214e-05, 6.5253014327e-05, 2.98478480545e-05, 1.38586119647e-05, 1.48968938447e-05, 1.31794331537e-05, 7.96329368313e-06, 3.17286918516e-07, 2.13718542863e-10, 2.35644115332e-10],
        "min": [4.17692382984e-24, 1.40737455548e-23, 7.21926609616e-24, 8.44071071167e-24, 1.41341060358e-23, 1.46949608959e-23, 8.20270900998e-24, 2.18236255282e-23, 2.16701510614e-23, 3.40686558206e-23, 1.14116037948e-22, 9.35698906139e-23, 4.04310241251e-23, 7.58414155941e-23, 1.03399829556e-22, 7.4533610431e-23, 1.3771226864e-22, 1.56615168221e-22, 1.19564176416e-22, 4.18791209427e-22, 4.99739470707e-22, 2.70047509888e-22, 6.09981785092e-22, 7.87910788525e-22, 1.04949277329e-21, 1.88214043173e-21, 2.52321025322e-21],
        "var": [1.31068475184e-06, 5.43303103768e-05, 5.26169105797e-06, 1.75046136519e-06, 1.55992565851e-05, 2.48280070991e-06, 2.10799362321e-06, 1.47312866829e-05, 1.84560631169e-05, 1.28154097183e-05, 1.17555073302e-05, 1.86185855e-06, 3.3870783227e-06, 6.0288957684e-06, 7.51942525312e-06, 6.81845449435e-07, 5.40468931831e-07, 1.12060888569e-06, 3.96241489398e-07, 4.88777693874e-08, 1.41848602198e-07, 5.89668260886e-08, 1.11929992386e-07, 1.4466166931e-07, 3.65692756077e-08, 4.47333559084e-11, 5.49818118875e-17]
    },
    "erbbands": {
        "dmean": [0.0440587252378, 0.269859880209, 0.600877702236, 0.643131315708, 1.41304004192, 2.4364027977, 3.3792951107, 3.23514771461, 4.35669565201, 6.83518886566, 16.3812999725, 18.0084342957, 19.1547298431, 19.0839977264, 15.9598331451, 12.1437454224, 14.7623796463, 17.7302722931, 21.6689720154, 12.4990673065, 6.87867307663, 5.366959095, 6.97105312347, 7.79662132263, 3.73056602478, 2.1452395916, 1.57871723175, 1.32723927498, 1.21742224693, 1.15620720387, 1.18288385868, 1.00995767117, 0.643301010132, 0.187304258347, 0.0246991869062, 0.00330649944954, 0.000103991915239, 7.5103821473e-06, 3.05800449496e-06, 4.78213496535e-06],
        "dmean2": [0.0737103521824, 0.454580247402, 1.0231474638, 1.0974034071, 2.46544623375, 3.9974629879, 5.3325343132, 5.21033668518, 6.67111682892, 10.5277910233, 24.8366718292, 27.01603508, 28.7779808044, 27.8260765076, 23.0020580292, 18.9251174927, 22.6692276001, 27.4646930695, 34.0554046631, 19.3922214508, 10.8638296127, 8.6196937561, 10.8682441711, 12.0466814041, 5.87978935242, 3.55698895454, 2.52244448662, 2.14732384682, 1.97056102753, 1.81768858433, 1.85556745529, 1.50298523903, 0.947413027287, 0.29021564126, 0.0337714888155, 0.00519368657842, 0.000160064257216, 1.09013262772e-05, 4.6112218115e-06, 7.43142845749e-06],
        "dvar": [0.0699379444122, 1.91812252998, 7.61519479752, 5.89231824875, 58.2345275879, 261.049743652, 71.8215255737, 65.532333374, 126.258552551, 295.775543213, 3231.34423828, 2365.86450195, 2388.31811523, 2963.39086914, 2298.62329102, 1620.14306641, 2127.30053711, 2627.65087891, 5369.73876953, 1349.39172363, 469.588012695, 270.797210693, 500.592071533, 426.607208252, 87.0828018188, 33.610824585, 94.1018981934, 32.541305542, 28.0356407166, 22.0801696777, 61.8860359192, 30.6104793549, 10.5671672821, 2.3711681366, 0.260621726513, 0.0041946657002, 2.32791694543e-06, 5.89792792383e-09, 1.2347015077e-10, 1.1812158196e-10],
        "dvar2": [0.216812372208, 5.75373077393, 21.7238636017, 17.20429039, 175.78125, 664.782104492, 180.224197388, 165.500213623, 290.462615967, 668.042358398, 7032.01025391, 5157.21777344, 5020.47119141, 6095.93212891, 4180.08789062, 4094.73461914, 4554.89453125, 6281.47705078, 13365.2294922, 3193.39672852, 1049.49865723, 615.006408691, 1180.90209961, 989.850708008, 205.42338562, 80.0954971313, 201.416000366, 68.0597000122, 65.0910644531, 49.0405693054, 129.378128052, 68.2515869141, 21.7200622559, 5.90178346634, 0.585898637772, 0.00997758284211, 5.47132958673e-06, 1.38125946236e-08, 2.8818336606e-10, 3.19173104613e-10],
        "max": [9.13223743439, 62.2240371704, 100.462310791, 109.773414612, 444.465759277, 1340.4453125, 336.137634277, 270.473052979, 457.452697754, 431.028533936, 2186.17700195, 1596.69580078, 2026.49414062, 1936.44836426, 1701.03320312, 1993.00231934, 1404.5111084, 1950.46337891, 2458.19384766, 1182.79821777, 934.67779541, 850.660644531, 703.697753906, 776.336608887, 317.190673828, 303.010894775, 598.825622559, 336.160827637, 252.194030762, 218.397369385, 571.90637207, 189.355529785, 105.546089172, 108.016441345, 48.5931243896, 7.09726381302, 0.158360540867, 0.00810375530273, 0.000976579380222, 0.00054349534912],
        "mean": [0.0849869996309, 0.491462677717, 1.09360837936, 1.02999436855, 2.04552149773, 4.15495920181, 6.53308773041, 7.03258228302, 10.750784874, 15.1638383865, 34.7599639893, 41.0793838501, 43.8964996338, 47.4325065613, 36.0642967224, 25.9589309692, 31.3197345734, 39.3614501953, 55.1636734009, 28.4890289307, 17.0213127136, 13.6958618164, 18.0658054352, 20.094461441, 9.37460803986, 4.70935821533, 3.19290852547, 2.66181707382, 2.34752082825, 2.41954374313, 2.26300048828, 1.77790784836, 1.16574919224, 0.315350949764, 0.0571319535375, 0.00720033282414, 0.000225753465202, 1.84826949408e-05, 1.21949433378e-05, 2.11020978895e-05],
        "median": [0.0134546495974, 0.1593760252, 0.406201034784, 0.351486474276, 0.788602411747, 1.49463438988, 1.90022146702, 3.55864500999, 4.97916030884, 3.84620332718, 6.39624595642, 8.14316749573, 9.67626094818, 8.53842353821, 6.66007709503, 6.18779087067, 6.85811567307, 7.33442974091, 7.71250772476, 6.01208782196, 4.297539711, 4.03957176208, 3.8654282093, 4.4120554924, 2.42484498024, 1.56991839409, 0.71617436409, 0.529818952084, 0.496407598257, 0.505121767521, 0.34881785512, 0.185826033354, 0.11235140264, 0.014563919045, 0.000408822845202, 3.76105308533e-05, 1.03052061604e-05, 2.89219451588e-06, 6.91326022206e-06, 1.41042564792e-05],
        "min": [3.94194046774e-22, 3.22178548511e-21, 9.55756549148e-21, 2.03629781734e-20, 4.08531095167e-20, 3.57374433301e-20, 7.82583363698e-20, 1.22901875028e-19, 1.33732641926e-19, 2.24160181587e-19, 7.87688166676e-19, 6.69674670575e-19, 1.11550671937e-18, 2.08611931277e-18, 4.09947030628e-18, 4.40144292865e-18, 2.49754881649e-18, 4.70538837678e-18, 6.60373644972e-18, 3.47735769374e-18, 5.79211799962e-18, 8.99073940158e-18, 9.60872603722e-18, 7.45733431591e-18, 7.08899575222e-18, 1.9182492113e-17, 2.03048521272e-17, 1.87407627767e-17, 1.00556360058e-17, 1.14029626767e-17, 1.47946381075e-17, 1.55136979422e-17, 1.37403128715e-17, 1.10628971464e-17, 7.03830364274e-18, 6.72573028723e-18, 3.46517228934e-18, 1.36791964252e-18, 3.05705326583e-19, 3.86067454669e-20],
        "var": [0.0866057276726, 2.04877257347, 8.87309360504, 8.67326831818, 69.2763824463, 329.762176514, 176.813278198, 166.427856445, 377.34487915, 1073.9354248, 10357.2763672, 11425.0585938, 10563.5039062, 15145.8349609, 9314.38574219, 3999.70581055, 6876.83349609, 11703.3466797, 33990.28125, 4282.68017578, 1816.49377441, 1476.67272949, 2444.81152344, 2297.37036133, 412.401397705, 105.075401306, 240.652938843, 133.033538818, 79.2519760132, 69.8470230103, 128.280166626, 73.814201355, 31.6953830719, 6.66303682327, 1.15965235233, 0.0149422837421, 9.10471680982e-06, 2.60539909647e-08, 6.73466005185e-10, 6.29372387539e-10]
    },
    "gfcc": {
        "mean": [-81.028503418, 135.363800049, -176.029418945, 37.5349235535, -73.2482299805, 15.3598804474, -26.6597919464, -5.40600442886, 4.05827665329, -23.9960403442, 10.3458471298, -20.3469867706, 2.69764232635],
        "cov": [[7410.27099609, 47.3140678406, 664.383483887, 1202.87072754, 339.118621826, 679.56036377, 211.917953491, 418.226318359, 34.8420143127, 109.588294983, 158.91204834, -2.5038189888, 60.9608154297], [47.3140678406, 1181.08007812, 319.726776123, 38.9340858459, 278.710021973, -219.938278198, 138.837738037, -119.719139099, 67.7129516602, -71.5289154053, 124.312858582, -34.3444519043, -12.8730297089], [664.383483887, 319.726776123, 1106.40734863, 553.551696777, 80.787361145, 170.136795044, -52.5156173706, 99.0558929443, -11.4782495499, 125.037536621, 35.5004806519, 49.726360321, 19.0379867554], [1202.87072754, 38.9340858459, 553.551696777, 714.620117188, 170.859161377, 248.837997437, 46.7669639587, 146.5806427, 49.4572219849, 99.8171005249, -1.34162378311, 16.3502235413, 63.964176178], [339.118621826, 278.710021973, 80.787361145, 170.859161377, 312.68347168, 96.6443710327, 108.937347412, 52.8518180847, 45.7835769653, 10.7634553909, 28.8642807007, -6.31293916702, 20.6879081726], [679.56036377, -219.938278198, 170.136795044, 248.837997437, 96.6443710327, 425.18270874, 108.689041138, 122.681617737, -6.38997745514, 55.2397079468, -24.058549881, -13.2708444595, 43.5429954529], [211.917953491, 138.837738037, -52.5156173706, 46.7669639587, 108.937347412, 108.689041138, 237.211761475, 56.3076171875, 40.3400993347, 2.67111086845, 0.304449558258, -26.0711898804, 7.76734685898], [418.226318359, -119.719139099, 99.0558929443, 146.5806427, 52.8518180847, 122.681617737, 56.3076171875, 196.632919312, 72.4839706421, 53.9126777649, -17.5236701965, 2.22327041626, 23.9740543365], [34.8420143127, 67.7129516602, -11.4782495499, 49.4572219849, 45.7835769653, -6.38997745514, 40.3400993347, 72.4839706421, 152.851501465, 40.1155204773, -2.7554461956, -0.761366844177, 14.6504602432], [109.588294983, -71.5289154053, 125.037536621, 99.8171005249, 10.7634553909, 55.2397079468, 2.67111086845, 53.9126777649, 40.1155204773, 126.011642456, 27.1444149017, 13.1383876801, 12.9088754654], [158.91204834, 124.312858582, 35.5004806519, -1.34162378311, 28.8642807007, -24.058549881, 0.304449558258, -17.5236701965, -2.7554461956, 27.1444149017, 118.650032043, 30.8037643433, -14.0741071701], [-2.5038189888, -34.3444519043, 49.726360321, 16.3502235413, -6.31293916702, -13.2708444595, -26.0711898804, 2.22327041626, -0.761366844177, 13.1383876801, 30.8037643433, 81.0678710938, 24.1779518127], [60.9608154297, -12.8730297089, 19.0379867554, 63.964176178, 20.6879081726, 43.5429954529, 7.76734685898, 23.9740543365, 14.6504602432, 12.9088754654, -14.0741071701, 24.1779518127, 97.6820297241]],
        "icov": [[0.000236674037296, -0.000199467744096, 0.000234800580074, -0.000482691568322, 0.000224315925152, -0.000292063137749, 0.000143734927406, -0.000488876423333, 0.000265971495537, 0.000122607249068, -0.000361972663086, -3.01135951304e-05, 0.000186770761502], [-0.000199467744096, 0.00561590399593, -0.003879400203, 0.00179007521365, -0.00416555255651, 0.00401628622785, -0.00394443096593, 0.00422979332507, -0.00384982745163, 0.00472321826965, -0.00493075000122, 0.00538886105642, -0.00327512272634], [0.000234800580074, -0.003879400203, 0.00442962674424, -0.00273086945526, 0.00293106888421, -0.0028181434609, 0.00318370573223, -0.00318817095831, 0.00334087549709, -0.00393779017031, 0.00307832984254, -0.00430756201968, 0.00296093756333], [-0.000482691568322, 0.00179007521365, -0.00273086945526, 0.00457257963717, -0.00248281704262, 0.00071249937173, -0.00105899618939, 0.00138051109388, -0.00190315267537, 0.000573008845095, -0.00028629420558, 0.00170258199796, -0.00222417688929], [0.000224315925152, -0.00416555255651, 0.00293106888421, -0.00248281704262, 0.00780199980363, -0.0033153584227, 0.00133413856383, -0.00318940985017, 0.00191230664495, -0.00221906416118, 0.00176890194416, -0.0033523531165, 0.00195884634741], [-0.000292063137749, 0.00401628622785, -0.0028181434609, 0.00071249937173, -0.0033153584227, 0.00707544386387, -0.00423577148467, 0.00146452197805, -0.000688949949108, 0.00205142539926, -0.00250752060674, 0.00437049102038, -0.00329101760872], [0.000143734927406, -0.00394443096593, 0.00318370573223, -0.00105899618939, 0.00133413856383, -0.00423577148467, 0.00892924517393, -0.00367417535745, 0.00161853129975, -0.0026651234366, 0.00275418045931, -0.00232073338702, 0.00234145624563], [-0.000488876423333, 0.00422979332507, -0.00318817095831, 0.00138051109388, -0.00318940985017, 0.00146452197805, -0.00367417535745, 0.0123517652974, -0.00654662773013, 0.00165200780611, -0.00143300474156, 0.00281961611472, -0.002277597785], [0.000265971495537, -0.00384982745163, 0.00334087549709, -0.00190315267537, 0.00191230664495, -0.000688949949108, 0.00161853129975, -0.00654662773013, 0.0125923519954, -0.00595620134845, 0.00380276632495, -0.00338657340035, 0.00158654747065], [0.000122607249068, 0.00472321826965, -0.00393779017031, 0.000573008845095, -0.00221906416118, 0.00205142539926, -0.0026651234366, 0.00165200780611, -0.00595620134845, 0.0160968061537, -0.00825091637671, 0.00504083139822, -0.00337022263557], [-0.000361972663086, -0.00493075000122, 0.00307832984254, -0.00028629420558, 0.00176890194416, -0.00250752060674, 0.00275418045931, -0.00143300474156, 0.00380276632495, -0.00825091637671, 0.0172585919499, -0.0101186335087, 0.00555063271895], [-3.01135951304e-05, 0.00538886105642, -0.00430756201968, 0.00170258199796, -0.0033523531165, 0.00437049102038, -0.00232073338702, 0.00281961611472, -0.00338657340035, 0.00504083139822, -0.0101186335087, 0.0220371894538, -0.00836279150099], [0.000186770761502, -0.00327512272634, 0.00296093756333, -0.00222417688929, 0.00195884634741, -0.00329101760872, 0.00234145624563, -0.002277597785, 0.00158654747065, -0.00337022263557, 0.00555063271895, -0.00836279150099, 0.0150705417618]]
    },
    "melbands": {
        "dmean": [0.000353283743607, 0.000317279715091, 0.000125938386191, 0.000137200229801, 0.00011521246779, 7.39570095902e-05, 6.54877221677e-05, 8.54359605e-05, 0.000138779185363, 0.000112817040645, 9.75101866061e-05, 8.05506497272e-05, 6.22713487246e-05, 3.32486270054e-05, 3.54272633558e-05, 3.05339381157e-05, 3.76978969143e-05, 4.08862797485e-05, 2.38570464717e-05, 1.39222865982e-05, 8.67771905178e-06, 6.34661500953e-06, 7.42048496249e-06, 8.29417058412e-06, 7.19295303497e-06, 3.79590460398e-06, 1.76450976141e-06, 1.46650938859e-06, 1.05031051589e-06, 1.01489627014e-06, 8.23641755687e-07, 7.35400362828e-07, 7.0199558877e-07, 6.81753988374e-07, 7.77840455157e-07, 6.54191921967e-07, 6.33809349893e-07, 4.64071717943e-07, 4.38404867964e-07, 7.94884087441e-08],
        "dmean2": [0.00059349212097, 0.000535266881343, 0.000215400141315, 0.000232646736549, 0.00018242218357, 0.000118492476759, 0.000100280463812, 0.000131918626721, 0.000209284378798, 0.000169945429661, 0.000146456848597, 0.000117543931992, 8.94278055057e-05, 5.2145569498e-05, 5.41746303497e-05, 4.62243442598e-05, 5.83760811423e-05, 6.34109019302e-05, 3.55002521246e-05, 2.12112572626e-05, 1.37036413435e-05, 1.01397499748e-05, 1.16563132906e-05, 1.29482759803e-05, 1.1085467122e-05, 5.97773851041e-06, 2.90831894745e-06, 2.45960313805e-06, 1.70522616827e-06, 1.64937659974e-06, 1.34429831178e-06, 1.1958899222e-06, 1.13030318971e-06, 1.07493838186e-06, 1.24959467485e-06, 1.01838134015e-06, 9.59195858741e-07, 7.11365885309e-07, 6.59755812649e-07, 1.32118429974e-07],
        "dvar": [3.76815842174e-06, 2.30067348639e-06, 2.21241378995e-07, 7.7910493701e-07, 1.18248401293e-07, 3.08367376078e-08, 2.74516036569e-08, 4.54458302102e-08, 2.04278492788e-07, 9.55379988454e-08, 6.12597759186e-08, 5.33425641436e-08, 3.93125354492e-08, 9.08426578405e-09, 1.07761959356e-08, 9.70459357319e-09, 1.3431951551e-08, 1.96789429197e-08, 5.69220093283e-09, 1.71174818764e-09, 7.96621102417e-10, 4.93390384104e-10, 7.42919226138e-10, 7.50031592389e-10, 3.97006205688e-10, 1.00383756862e-10, 2.59531094532e-11, 1.66667547818e-11, 2.47961044059e-11, 6.37895777866e-11, 1.12529959309e-11, 1.09619943331e-11, 8.68698429163e-12, 7.6542530994e-12, 3.88251097938e-11, 1.17278946971e-11, 1.20199700887e-11, 5.37929249755e-12, 6.51688815759e-12, 1.67058250913e-12],
        "dvar2": [1.14332369776e-05, 6.80052789903e-06, 6.35897265511e-07, 2.15167165152e-06, 3.03448985051e-07, 7.7250291497e-08, 6.22979499099e-08, 1.02498972865e-07, 4.37166448819e-07, 2.15921488689e-07, 1.28541373101e-07, 1.09377587876e-07, 7.48010293705e-08, 2.20095053294e-08, 2.3836664198e-08, 2.04119263714e-08, 3.18544408628e-08, 4.58317295227e-08, 1.07755973033e-08, 3.71669672816e-09, 1.77456993544e-09, 9.81992820392e-10, 1.77565862014e-09, 1.7524344198e-09, 9.12429243272e-10, 2.38468217395e-10, 6.67467331406e-11, 3.9635753013e-11, 5.48471996986e-11, 1.29813909622e-10, 2.55385504411e-11, 2.62324849343e-11, 2.07955805354e-11, 1.75883335674e-11, 7.97393054364e-11, 2.74120188354e-11, 2.62998546552e-11, 1.18918633621e-11, 1.39164851518e-11, 4.60456282478e-12],
        "max": [0.0681741610169, 0.0554710105062, 0.0193764418364, 0.0595662668347, 0.0226425677538, 0.00544960051775, 0.0063621844165, 0.00487217167392, 0.0169693306088, 0.0102848717943, 0.00984534900635, 0.00784294493496, 0.00779026234522, 0.00372857251205, 0.00324740679935, 0.00389290112071, 0.0044446955435, 0.00461426004767, 0.00192948442418, 0.00125467719045, 0.00119640480261, 0.000881946121808, 0.000931252725422, 0.00104798504617, 0.000706464168616, 0.00037260420504, 0.000294429017231, 0.000176629051566, 0.000223351176828, 0.000553869758733, 0.00016946233518, 0.000159742310643, 0.000161578340339, 0.000110747634608, 0.00048448931193, 0.000119196869491, 0.000118347896205, 8.29624696053e-05, 0.000116111288662, 0.000100462311821],
        "mean": [0.000715814821888, 0.000608501955867, 0.000208462486626, 0.000218311877688, 0.000228037781199, 0.000167113685166, 0.000160764349857, 0.000182570292964, 0.000296884129057, 0.000250270502875, 0.000216917673242, 0.000192323510419, 0.000140930191264, 6.41834412818e-05, 7.41268959246e-05, 5.75543599552e-05, 7.51480474719e-05, 9.33870396693e-05, 4.77470675833e-05, 2.82455002889e-05, 1.84903055924e-05, 1.3382376892e-05, 1.55427624122e-05, 1.89264646906e-05, 1.63074892043e-05, 8.65166475705e-06, 3.79691618946e-06, 2.852864327e-06, 1.97716235562e-06, 1.77374386112e-06, 1.50045195824e-06, 1.29011311856e-06, 1.33987339268e-06, 1.34359004278e-06, 1.40138797633e-06, 1.10586108804e-06, 1.05808157969e-06, 8.06923537766e-07, 6.91939021635e-07, 1.2943020522e-07],
        "median": [0.00016790285008, 0.000249493459705, 7.85209558671e-05, 8.45524409669e-05, 7.40069808671e-05, 8.42752779135e-05, 6.97637151461e-05, 4.19569405494e-05, 5.11789912707e-05, 4.47719212389e-05, 3.94687012886e-05, 2.98206796288e-05, 1.90102582565e-05, 1.37850802275e-05, 1.55509005708e-05, 1.23032168631e-05, 1.22474230011e-05, 1.14388576549e-05, 8.45794238558e-06, 6.5024714786e-06, 4.59326429336e-06, 4.15051363234e-06, 3.26887584379e-06, 3.40569272339e-06, 3.26572217091e-06, 1.98687916964e-06, 1.19227274809e-06, 8.68759457262e-07, 4.24102836405e-07, 3.00495315742e-07, 2.98475953286e-07, 2.63135518708e-07, 2.69829456556e-07, 2.64802878291e-07, 2.12632173202e-07, 1.17684251677e-07, 1.01375349004e-07, 8.2389419731e-08, 4.40402061486e-08, 9.58004786611e-10],
        "min": [3.93508865858e-24, 4.04338348365e-24, 4.39298612646e-24, 2.35162315189e-24, 2.82715718302e-24, 2.92512798821e-24, 2.02690867621e-24, 2.73382981034e-24, 8.00536046618e-24, 3.56896095753e-24, 5.36873725203e-24, 7.19741307136e-24, 1.69183180256e-23, 1.14915789867e-23, 7.81942358424e-24, 4.6724578515e-24, 9.59956710296e-24, 8.82950711969e-24, 6.51922659013e-24, 3.400693771e-24, 7.44389187234e-24, 7.62389888685e-24, 8.88539318166e-24, 8.25934212323e-24, 5.66525389465e-24, 4.56561571379e-24, 6.40213399381e-24, 1.38568277385e-23, 1.15017253156e-23, 1.00165668661e-23, 1.13458274681e-23, 4.39652535091e-24, 6.75339403339e-24, 6.02260946244e-24, 7.50124442673e-24, 9.67136448939e-24, 9.08639888462e-24, 9.49223626592e-24, 9.16184554159e-24, 9.15110598923e-24],
        "var": [5.11312146045e-06, 2.64412324213e-06, 3.84597029779e-07, 9.44644170886e-07, 2.33831315199e-07, 8.63000124696e-08, 8.62143565428e-08, 1.55023684556e-07, 6.93176048117e-07, 4.41932655804e-07, 2.68389300118e-07, 2.68694947181e-07, 1.90048439208e-07, 2.56238763541e-08, 3.77510680494e-08, 2.53793110971e-08, 5.53843122475e-08, 1.04936617618e-07, 1.64272968561e-08, 4.92702456611e-09, 2.59330557029e-09, 1.69037916997e-09, 2.71419087206e-09, 3.17183879162e-09, 1.65288871479e-09, 4.65861849097e-10, 6.63170976467e-11, 4.53298718006e-11, 6.50948531189e-11, 1.6745810294e-10, 3.6695084471e-11, 2.66461540332e-11, 2.33426923624e-11, 2.14220689798e-11, 6.98915925135e-11, 2.54837487917e-11, 2.87347732414e-11, 1.50454527309e-11, 1.46993511113e-11, 4.32208435708e-12]
    },
    "mfcc": {
        "mean": [-691.194519043, 133.785949707, -27.8956336975, 9.11048698425, -7.93151569366, 3.99224972725, -10.0710134506, 12.1046924591, -8.92372989655, 11.2144365311, -1.70110321045, 0.409990280867, -6.43986845016],
        "cov": [[6589.66601562, -406.046234131, 371.373352051, 779.670837402, 318.077209473, 514.160339355, 318.676757812, 496.158355713, 52.7598075867, 394.063934326, 93.4633789062, 98.964012146, -5.89809989929], [-406.046234131, 1135.40246582, 13.2313690186, 150.583496094, 64.3573303223, -68.2363128662, 36.5370864868, -25.6615161896, -117.830703735, -20.2281322479, 38.5128631592, -64.7880172729, 51.940990448], [371.373352051, 13.2313690186, 975.597717285, 359.057525635, 227.91242981, 147.519775391, 69.6205444336, -7.43831205368, 41.5856552124, -10.1578874588, -3.88353323936, 135.649765015, 66.9442596436], [779.670837402, 150.583496094, 359.057525635, 539.473144531, 204.089767456, 126.520523071, 59.0609436035, 58.7635002136, 65.5902175903, 61.0995445251, 15.3984727859, 79.9170684814, 57.8761405945], [318.077209473, 64.3573303223, 227.91242981, 204.089767456, 279.702301025, 93.9084854126, 52.1785011292, 42.494720459, 43.5022735596, 35.0964126587, 15.2427225113, 36.2123756409, 23.4888648987], [514.160339355, -68.2363128662, 147.519775391, 126.520523071, 93.9084854126, 274.284973145, 143.30821228, 88.7661209106, 70.9847869873, 82.208442688, 3.73021531105, 21.1915683746, -26.4242992401], [318.676757812, 36.5370864868, 69.6205444336, 59.0609436035, 52.1785011292, 143.30821228, 218.723419189, 78.8331756592, 39.3947944641, 53.5328712463, 25.8848514557, 2.15717792511, -11.8370056152], [496.158355713, -25.6615161896, -7.43831205368, 58.7635002136, 42.494720459, 88.7661209106, 78.8331756592, 175.964828491, 61.0484886169, 75.6523895264, 18.7806148529, -3.53349757195, -15.4698781967], [52.7598075867, -117.830703735, 41.5856552124, 65.5902175903, 43.5022735596, 70.9847869873, 39.3947944641, 61.0484886169, 240.849380493, 74.9671173096, 0.171162471175, 66.7474746704, -8.23785591125], [394.063934326, -20.2281322479, -10.1578874588, 61.0995445251, 35.0964126587, 82.208442688, 53.5328712463, 75.6523895264, 74.9671173096, 156.426940918, 39.2140846252, 14.183265686, -8.55494785309], [93.4633789062, 38.5128631592, -3.88353323936, 15.3984727859, 15.2427225113, 3.73021531105, 25.8848514557, 18.7806148529, 0.171162471175, 39.2140846252, 98.5437774658, 32.0475997925, 17.7517223358], [98.964012146, -64.7880172729, 135.649765015, 79.9170684814, 36.2123756409, 21.1915683746, 2.15717792511, -3.53349757195, 66.7474746704, 14.183265686, 32.0475997925, 156.240692139, 47.1671981812], [-5.89809989929, 51.940990448, 66.9442596436, 57.8761405945, 23.4888648987, -26.4242992401, -11.8370056152, -15.4698781967, -8.23785591125, -8.55494785309, 17.7517223358, 47.1671981812, 101.378746033]],
