{
"lowlevel": {
    "average_loudness": 0.0470671318471,
    "barkbands_crest": {
        "dmean": 2.29064416885,
        "dmean2": 3.69172263145,
        "dvar": 4.64362621307,
        "dvar2": 11.3670387268,
        "max": 25.576833725,
        "mean": 10.7029924393,
        "median": 9.62278366089,
        "min": 2.00288629532,
        "var": 23.9129047394
    },
    "barkbands_flatness_db": {
        "dmean": 0.0176063831896,
        "dmean2": 0.0276417583227,
        "dvar": 0.000275845843134,
        "dvar2": 0.000629681861028,
        "max": 0.368760079145,
        "mean": 0.19198666513,
        "median": 0.189735740423,
        "min": 0.0318038910627,
        "var": 0.00266071618535
    },
    "barkbands_kurtosis": {
        "dmean": 2.28365325928,
        "dmean2": 3.61991000175,
        "dvar": 33.9512214661,
        "dvar2": 92.8416748047,
        "max": 219.361557007,
        "mean": 4.03318166733,
        "median": 1.6151843071,
        "min": -1.91744506359,
        "var": 89.323425293
    },
    "barkbands_skewness": {
        "dmean": 0.43546846509,
        "dmean2": 0.660881280899,
        "dvar": 0.245064616203,
        "dvar2": 0.507815957069,
        "max": 13.1673736572,
        "mean": 1.07894873619,
        "median": 0.919794559479,
        "min": -6.61455535889,
        "var": 1.52862870693
    },
    "barkbands_spread": {
        "dmean": 3.94403123856,
        "dmean2": 6.08444499969,
        "dvar": 37.8542938232,
        "dvar2": 80.2940673828,
        "max": 98.0782699585,
        "mean": 16.8150081635,
        "median": 12.902053833,
        "min": 1.10362553596,
        "var": 168.469528198
    },
    "dissonance": {
        "dmean": 0.0241318754852,
        "dmean2": 0.0407898053527,
        "dvar": 0.000643598206807,
        "dvar2": 0.00175986078102,
        "max": 0.499997586012,
        "mean": 0.448268443346,
        "median": 0.46004897356,
        "min": 0.233581155539,
        "var": 0.0019058836624
    },
    "dynamic_complexity": 6.69227218628,
    "erbbands_crest": {
        "dmean": 2.49827456474,
        "dmean2": 3.98761415482,
        "dvar": 5.81342315674,
        "dvar2": 14.008020401,
        "max": 33.3527870178,
        "mean": 11.5258216858,
        "median": 9.77237606049,
        "min": 2.25660085678,
        "var": 38.9098854065
    },
    "erbbands_flatness_db": {
        "dmean": 0.0152386836708,
        "dmean2": 0.0227615255862,
        "dvar": 0.000219598165131,
        "dvar2": 0.000454956811154,
        "max": 0.373821884394,
        "mean": 0.234046727419,
        "median": 0.238644778728,
        "min": 0.0815236344934,
        "var": 0.0029143281281
    },
    "erbbands_kurtosis": {
        "dmean": 1.36747252941,
        "dmean2": 2.12915229797,
        "dvar": 6.35529994965,
        "dvar2": 15.3782348633,
        "max": 75.9091033936,
        "mean": 2.28790736198,
        "median": 0.443180322647,
        "min": -1.87792313099,
        "var": 31.2675819397
    },
    "erbbands_skewness": {
        "dmean": 0.369228869677,
        "dmean2": 0.559369504452,
        "dvar": 0.153793662786,
        "dvar2": 0.31582403183,
        "max": 6.99458312988,
        "mean": 0.672669827938,
        "median": 0.552036583424,
        "min": -5.67836475372,
        "var": 1.24433946609
    },
    "erbbands_spread": {
        "dmean": 5.58866262436,
        "dmean2": 8.64228248596,
        "dvar": 66.1781387329,
        "dvar2": 155.37361145,
        "max": 161.866455078,
        "mean": 26.5191745758,
        "median": 23.1441307068,
        "min": 1.71503508091,
        "var": 287.615020752
    },
    "hfc": {
        "dmean": 3.5689895153,
        "dmean2": 5.23222732544,
        "dvar": 48.8352012634,
        "dvar2": 100.50592804,
        "max": 340.594940186,
        "mean": 14.5970668793,
        "median": 5.60859489441,
        "min": 1.15422956261e-16,
        "var": 389.173919678
    },
    "melbands_crest": {
        "dmean": 2.92090344429,
        "dmean2": 4.66642475128,
        "dvar": 7.44684123993,
        "dvar2": 18.3913707733,
        "max": 36.3399085999,
        "mean": 14.2516345978,
        "median": 13.1370449066,
        "min": 2.18669772148,
        "var": 37.0572471619
    },
    "melbands_flatness_db": {
        "dmean": 0.0202917382121,
        "dmean2": 0.0305855385959,
        "dvar": 0.000443008932052,
        "dvar2": 0.000895604433026,
        "max": 0.474745362997,
        "mean": 0.207091793418,
        "median": 0.206247359514,
        "min": 0.00547263491899,
        "var": 0.00444912351668
    },
    "melbands_kurtosis": {
        "dmean": 4.268471241,
        "dmean2": 6.78108644485,
        "dvar": 230.119659424,
        "dvar2": 623.502258301,
        "max": 845.015380859,
        "mean": 8.55165863037,
        "median": 4.01556491852,
        "min": -1.90579485893,
        "var": 627.664428711
    },
    "melbands_skewness": {
        "dmean": 0.51532971859,
        "dmean2": 0.790798902512,
        "dvar": 0.374422043562,
        "dvar2": 0.844786405563,
        "max": 23.2616691589,
        "mean": 1.64528107643,
        "median": 1.43377447128,
        "min": -2.86548614502,
        "var": 2.60618424416
    },
    "melbands_spread": {
        "dmean": 6.25030565262,
        "dmean2": 9.5399017334,
        "dvar": 150.986862183,
        "dvar2": 278.171356201,
        "max": 264.368408203,
        "mean": 23.6144809723,
        "median": 18.0054855347,
        "min": 0.658359229565,
        "var": 520.43737793
    },
    "pitch_salience": {
        "dmean": 0.0633157268167,
        "dmean2": 0.102343253791,
        "dvar": 0.00326013681479,
        "dvar2": 0.00838357862085,
        "max": 0.879972696304,
        "mean": 0.570435941219,
        "median": 0.582984805107,
        "min": 0.136433154345,
        "var": 0.01698747091
    },
    "silence_rate_20dB": {
        "dmean": 0,
        "dmean2": 0,
        "dvar": 0,
        "dvar2": 0,
        "max": 1,
        "mean": 1,
        "median": 1,
        "min": 1,
        "var": 0
    },
    "silence_rate_30dB": {
        "dmean": 0.00155596621335,
        "dmean2": 0.0031122348737,
        "dvar": 0.00155397958588,
        "dvar2": 0.00349194533192,
        "max": 1,
        "mean": 0.994457423687,
        "median": 1,
        "min": 0,
        "var": 0.00551166851074
    },
    "silence_rate_60dB": {
        "dmean": 0.0344257503748,
        "dmean2": 0.0688581988215,
        "dvar": 0.0332437641919,
        "dvar2": 0.0763791128993,
        "max": 1,
        "mean": 0.356087118387,
        "median": 0,
        "min": 0,
        "var": 0.229295790195
    },
    "spectral_centroid": {
        "dmean": 175.635131836,
        "dmean2": 266.957397461,
        "dvar": 85057.5703125,
        "dvar2": 150296.125,
        "max": 11474.78125,
        "mean": 1230.07104492,
        "median": 1078.48632812,
        "min": 189.502700806,
        "var": 481246.4375
    },
    "spectral_complexity": {
        "dmean": 1.89205479622,
        "dmean2": 3.09978604317,
        "dvar": 3.79368138313,
        "dvar2": 8.78773975372,
        "max": 64,
        "mean": 10.6083240509,
        "median": 10,
        "min": 0,
        "var": 45.3343925476
    },
    "spectral_decrease": {
        "dmean": 1.00511543533e-09,
        "dmean2": 1.53706514183e-09,
        "dvar": 5.40003066696e-18,
        "dvar2": 1.46619881157e-17,
        "max": -3.71081531208e-29,
        "mean": -4.05804101433e-09,
        "median": -1.85061299618e-09,
        "min": -9.87752812875e-08,
        "var": 2.86340778221e-17
    },
    "spectral_energy": {
        "dmean": 0.00406750803813,
        "dmean2": 0.00620925892144,
        "dvar": 8.20578206913e-05,
        "dvar2": 0.000221670517931,
        "max": 0.393769174814,
        "mean": 0.0166399478912,
        "median": 0.00777798285708,
        "min": 1.07049877857e-20,
        "var": 0.000465021235868
    },
    "spectral_energyband_high": {
        "dmean": 0.000162858879776,
        "dmean2": 0.000227810625802,
        "dvar": 6.38712151613e-07,
        "dvar2": 1.18986429243e-06,
        "max": 0.0293436031789,
        "mean": 0.000346571323462,
        "median": 5.43554197066e-05,
        "min": 7.43377119082e-21,
        "var": 2.13597741094e-06
    },
    "spectral_energyband_low": {
        "dmean": 0.000889476272278,
        "dmean2": 0.00151515787002,
        "dvar": 4.46879748779e-05,
        "dvar2": 0.000133726323838,
        "max": 0.283263921738,
        "mean": 0.00171701086219,
        "median": 0.000469051417895,
        "min": 5.32038339175e-23,
        "var": 7.39327006158e-05
    },
    "spectral_energyband_middle_high": {
        "dmean": 0.00147084100172,
        "dmean2": 0.00216976273805,
        "dvar": 1.08056228783e-05,
        "dvar2": 2.43874528678e-05,
        "max": 0.0808581784368,
        "mean": 0.00585456285626,
        "median": 0.00138407899067,
        "min": 1.6721329865e-21,
        "var": 0.000115566333989
    },
    "spectral_energyband_middle_low": {
        "dmean": 0.00285051972605,
        "dmean2": 0.00425985455513,
        "dvar": 3.47392742697e-05,
        "dvar2": 8.60151048983e-05,
        "max": 0.237647116184,
        "mean": 0.00926370825619,
        "median": 0.00331118493341,
        "min": 3.19881607698e-22,
        "var": 0.000187092911801
    },
    "spectral_entropy": {
        "dmean": 0.135888904333,
        "dmean2": 0.198054164648,
        "dvar": 0.0212283954024,
        "dvar2": 0.0393258072436,
        "max": 9.80079746246,
        "mean": 7.29884243011,
        "median": 7.30790376663,
        "min": 5.48314523697,
        "var": 0.273829817772
    },
    "spectral_flux": {
        "dmean": 0.0156260766089,
        "dmean2": 0.0249042585492,
        "dvar": 0.000438874500105,
        "dvar2": 0.00105329684447,
        "max": 0.447026997805,
        "mean": 0.0511249378324,
        "median": 0.0392657592893,
        "min": 6.84758916236e-11,
        "var": 0.001675635227
    },
    "spectral_kurtosis": {
        "dmean": 2.62446045876,
        "dmean2": 4.5697183609,
        "dvar": 8.11839771271,
        "dvar2": 25.1269454956,
        "max": 47.2496109009,
        "mean": 5.30415248871,
        "median": 4.20053195953,
        "min": -1.54830574989,
        "var": 20.6952285767
    },
    "spectral_rms": {
        "dmean": 0.000432472210377,
        "dmean2": 0.000641863036435,
        "dvar": 3.40602639426e-07,
        "dvar2": 7.66395771734e-07,
        "max": 0.019600128755,
        "mean": 0.00330840190873,
        "median": 0.002754682675,
        "min": 3.23170093117e-12,
        "var": 5.28866576133e-06
    },
    "spectral_rolloff": {
        "dmean": 365.714904785,
        "dmean2": 606.246398926,
        "dvar": 700868.0625,
        "dvar2": 1418370.125,
        "max": 18820.0195312,
        "mean": 1543.4888916,
        "median": 1184.32617188,
        "min": 64.599609375,
        "var": 2029528.75
    },
    "spectral_skewness": {
        "dmean": 0.289113551378,
        "dmean2": 0.482679396868,
        "dvar": 0.0733096003532,
        "dvar2": 0.197553128004,
        "max": 5.3600025177,
        "mean": 1.62173986435,
        "median": 1.58422744274,
        "min": -0.604595661163,
        "var": 0.383321344852
    },
    "spectral_spread": {
        "dmean": 370601.28125,
        "dmean2": 572098.25,
        "dvar": 315801206784,
        "dvar2": 584300691456,
        "max": 41688480,
        "mean": 3444701.75,
        "median": 3190483.5,
        "min": 1291010.625,
        "var": 1.62053187174e+12
    },
    "spectral_strongpeak": {
        "dmean": 0.514664769173,
        "dmean2": 0.839624643326,
        "dvar": 0.779390931129,
        "dvar2": 1.87514173985,
        "max": 19.3901004791,
        "mean": 1.57681906223,
        "median": 0.631856441498,
        "min": 0,
        "var": 4.77980327606
    },
    "zerocrossingrate": {
        "dmean": 0.00817029457539,
        "dmean2": 0.00923764333129,
        "dvar": 0.000203005984076,
        "dvar2": 0.000188456833712,
        "max": 0.66357421875,
        "mean": 0.0571526922286,
        "median": 0.04736328125,
        "min": 0.00537109375,
        "var": 0.00151183619164
    },
    "barkbands": {
        "dmean": [7.31468026061e-05, 0.00062417506706, 0.000305359950289, 0.000230104647926, 0.00081402430078, 0.000473300926387, 0.000466912839329, 0.000783844676334, 0.00114234699868, 0.000806227792054, 0.000419722520746, 0.000291167583782, 0.00017700609169, 0.000174824264832, 0.000254236743785, 0.000173542852281, 0.000108903397631, 5.72119606659e-05, 4.67872741865e-05, 3.52422830474e-05, 4.55912049802e-05, 4.78384645248e-05, 4.24146855948e-05, 3.79874654755e-05, 7.9513683886e-06, 2.66699032636e-07, 6.56248444475e-10],
        "dmean2": [0.000124260710436, 0.0011018558871, 0.000498898385558, 0.000376563606551, 0.001227887813, 0.000743496464565, 0.000709056737833, 0.00116039684508, 0.00164979184046, 0.00122246576939, 0.000628687441349, 0.000432818022091, 0.000275792786852, 0.000275259226328, 0.000393418566091, 0.000261714274529, 0.00017107759777, 9.14853808354e-05, 7.25535355741e-05, 5.48314019397e-05, 6.73079412081e-05, 7.16318609193e-05, 6.29623682471e-05, 5.53559402761e-05, 1.25689266497e-05, 4.21823898478e-07, 1.21361187766e-09],
        "dvar": [7.56096483201e-07, 2.93817975034e-05, 3.12900942845e-06, 9.85303472589e-07, 1.0059376109e-05, 2.04671346182e-06, 3.15048669108e-06, 6.92373396305e-06, 1.18697043945e-05, 7.89747537056e-06, 2.7970188512e-06, 9.87688736132e-07, 2.59119701695e-07, 3.55338386271e-07, 8.37108359519e-07, 3.18985939884e-07, 9.43961282474e-08, 2.35956996164e-08, 3.4094952639e-08, 2.85009704726e-08, 8.85785951255e-08, 6.08450747563e-08, 6.34449577319e-08, 3.67323913508e-08, 8.41842773269e-09, 1.92934852122e-11, 2.20259792354e-18],
        "dvar2": [2.1247803943e-06, 9.07493740669e-05, 8.24155085866e-06, 2.85267378786e-06, 2.56502407865e-05, 4.85168220621e-06, 6.63077616991e-06, 1.43343449963e-05, 2.50370703725e-05, 1.74651540874e-05, 6.35343440081e-06, 1.87553075648e-06, 5.59295642688e-07, 7.88078978076e-07, 1.92048082681e-06, 6.79591607877e-07, 2.07963083199e-07, 5.63723752123e-08, 7.71970718461e-08, 6.00264584705e-08, 1.88826305703e-07, 1.28762053464e-07, 1.26121435073e-07, 7.16778174592e-08, 2.00534771011e-08, 4.57976538637e-11, 6.99788015339e-18],
        "max": [0.0300918146968, 0.246421068907, 0.067043736577, 0.0471315979958, 0.206895694137, 0.0573274157941, 0.0947711616755, 0.0717616379261, 0.102234192193, 0.08717969805, 0.051016766578, 0.0364877022803, 0.0148319527507, 0.0262758824974, 0.038855355233, 0.0193829182535, 0.0115113900974, 0.00599797721952, 0.00917653180659, 0.00615441519767, 0.0121588008478, 0.00749369384721, 0.0141193103045, 0.00869306642562, 0.00799464154989, 0.000212944403756, 5.45441558586e-08],
        "mean": [8.50686046761e-05, 0.00105228635948, 0.000439977739006, 0.000360518897651, 0.00183958676644, 0.000977471238002, 0.000901853956748, 0.00163700501435, 0.00267551816069, 0.0024095273111, 0.00102906965185, 0.000648051151074, 0.000356865610229, 0.000323777174344, 0.000646425352897, 0.000445840472821, 0.000219943365664, 0.000117245050205, 9.16309872991e-05, 6.3874933403e-05, 8.19473425508e-05, 8.74257602845e-05, 7.04218182364e-05, 6.52806920698e-05, 1.29519503389e-05, 3.93483929884e-07, 6.23343987538e-10],
        "median": [2.09372501558e-06, 0.000165620440384, 0.000103267942904, 0.000104890510556, 0.00034689065069, 0.000228523160331, 0.000159837160027, 0.000111707340693, 0.000214393803617, 0.000116682800581, 0.000103039157693, 8.46265174914e-05, 7.15399655746e-05, 6.53741662973e-05, 6.5290958446e-05, 4.6357174142e-05, 5.08279699716e-05, 3.56461896445e-05, 2.3737691663e-05, 1.37159422593e-05, 8.36665094539e-06, 1.22273813759e-05, 1.0158857549e-05, 9.0136709332e-06, 2.48975538852e-07, 1.8873494434e-10, 2.00965549757e-10],
        "min": [5.74615907466e-24, 1.82657666046e-23, 1.65958790192e-23, 7.23578247693e-24, 2.27966318123e-23, 5.54001425845e-23, 3.68782565098e-23, 2.64876804334e-23, 5.53080162526e-23, 3.8940928984e-23, 5.0785221092e-23, 3.68595194856e-23, 8.72559362809e-23, 8.26657755545e-23, 8.71060527089e-23, 5.28331292455e-23, 1.21386836382e-22, 2.02223180389e-22, 1.73365386298e-22, 3.10293653416e-22, 5.07145675539e-22, 4.79335009103e-22, 5.22207340004e-22, 7.62756753183e-22, 1.12926036854e-21, 1.45862840097e-21, 2.30553189931e-21],
        "var": [1.00105933143e-06, 3.82090620406e-05, 3.96695259042e-06, 1.50860864778e-06, 2.19466710405e-05, 5.80300002184e-06, 7.42853762858e-06, 2.77059734799e-05, 6.18566700723e-05, 6.8586494308e-05, 1.7256310457e-05, 4.78115271108e-06, 8.63215291247e-07, 1.14832096187e-06, 6.11401628703e-06, 1.75774130184e-06, 2.77910515933e-07, 6.9418049975e-08, 7.10255250169e-08, 6.62420021058e-08, 2.15981145857e-07, 1.33758490506e-07, 1.31357523969e-07, 9.11897188871e-08, 2.89026669265e-08, 3.81898228319e-11, 1.61625808077e-18]
    },
    "erbbands": {
        "dmean": [0.0199271328747, 0.143174350262, 0.37324821949, 0.47982481122, 1.45469009876, 3.46405363083, 4.022960186, 3.62818026543, 5.17287349701, 9.45402145386, 20.7816810608, 23.3762741089, 26.6561717987, 21.3497581482, 9.63824272156, 12.1805963516, 8.1405916214, 8.79941558838, 7.94684696198, 13.7002162933, 8.18793106079, 5.36709833145, 3.19239974022, 2.1213696003, 2.3378238678, 1.58517003059, 1.86635804176, 1.71115970612, 1.74494445324, 1.37981057167, 1.26929974556, 0.849425733089, 0.62536907196, 0.154213100672, 0.0202949754894, 0.00322246737778, 9.84606012935e-05, 6.94590244166e-06, 3.08444737129e-06, 5.00879286847e-06],
        "dmean2": [0.0349510461092, 0.249378845096, 0.624767243862, 0.789791107178, 2.36606287956, 5.157330513, 6.08671283722, 5.75279426575, 7.69108247757, 13.7544460297, 30.9117088318, 34.6742591858, 39.4657287598, 31.8871326447, 14.1029405594, 17.8643569946, 12.3632545471, 13.7138996124, 12.0506639481, 20.8073482513, 12.2796916962, 8.2696056366, 5.03255939484, 3.33564043045, 3.6213285923, 2.44888067245, 2.78898715973, 2.49182748795, 2.61832904816, 2.04489326477, 1.89868962765, 1.24066877365, 0.924755513668, 0.239686235785, 0.0299924127758, 0.00522675085813, 0.000154916269821, 1.02677176983e-05, 4.58526892544e-06, 7.60766442909e-06],
        "dvar": [0.0511855259538, 1.35415530205, 5.95167255402, 4.13303804398, 49.218372345, 220.170761108, 127.425384521, 182.983535767, 375.200744629, 1088.02246094, 4483.61279297, 6684.83740234, 10061.4121094, 7348.61865234, 1117.23596191, 1872.77453613, 521.13269043, 1048.24084473, 578.350097656, 3058.50048828, 612.478820801, 242.912216187, 79.1936645508, 56.1750335693, 114.619338989, 56.2206192017, 179.904495239, 93.6361923218, 80.4223937988, 51.8200302124, 74.4404525757, 18.5189037323, 11.4662895203, 1.80062150955, 0.201893731952, 0.00417787116021, 2.19241951527e-06, 5.25654009209e-09, 1.09145435745e-10, 1.11357888188e-10],
        "dvar2": [0.162648588419, 4.18278932571, 16.8056659698, 12.2401733398, 143.378067017, 511.029602051, 286.73928833, 457.593353271, 747.015869141, 2179.66845703, 10144.8994141, 15079.7480469, 22235.8378906, 17286.9199219, 2381.51635742, 3455.45581055, 1076.65515137, 2278.59570312, 1244.67456055, 6565.37304688, 1252.86450195, 514.198852539, 181.880203247, 132.2787323, 260.21472168, 121.519851685, 391.718353271, 189.139312744, 168.070037842, 110.419311523, 148.005340576, 37.8165359497, 22.6411762238, 4.23001718521, 0.474892646074, 0.0103711206466, 5.30757279193e-06, 1.25166979004e-08, 2.51187265432e-10, 2.94532953582e-10],
        "max": [8.51021194458, 59.093662262, 91.0414276123, 98.9861450195, 394.409942627, 1132.80651855, 305.887268066, 657.908935547, 1088.32373047, 1656.8671875, 2067.40356445, 3154.89916992, 3041.97827148, 2499.79272461, 1294.91503906, 1473.79382324, 818.622802734, 1553.99108887, 841.502929688, 2422.42382812, 700.272888184, 493.843994141, 344.88772583, 469.843139648, 555.841674805, 246.715545654, 536.898193359, 336.440643311, 275.916503906, 247.250640869, 569.820129395, 155.015518188, 153.662445068, 89.7803115845, 47.5890808105, 6.93894815445, 0.155002951622, 0.00784343481064, 0.000928307708818, 0.000513822829816],
        "mean": [0.0309139415622, 0.229669094086, 0.559943377972, 0.838628351688, 2.70244908333, 7.74664545059, 8.31868457794, 7.57898712158, 10.2517948151, 18.0983181, 50.2965698242, 58.9291305542, 80.4959945679, 60.962184906, 25.7243480682, 27.4032325745, 18.7744960785, 18.6358261108, 17.9729290009, 39.8471031189, 23.4582614899, 12.478181839, 7.02901411057, 4.57004547119, 4.52214813232, 2.98841238022, 3.09293818474, 3.24576258659, 3.22920131683, 2.39756536484, 2.08906841278, 1.38806056976, 1.04610288143, 0.24821279943, 0.0503249689937, 0.00662005785853, 0.000204363037483, 1.61054740602e-05, 1.14480308184e-05, 2.04813422897e-05],
        "median": [0.00233439123258, 0.0434079580009, 0.143040254712, 0.326508104801, 0.624614655972, 1.10476398468, 2.01988577843, 1.92743062973, 2.60170841217, 3.25408840179, 4.13047552109, 5.5336523056, 5.56325149536, 5.31280612946, 4.57320642471, 4.003657341, 3.9764418602, 3.70388841629, 3.86413526535, 3.68851733208, 3.026252985, 3.2148976326, 2.37078285217, 1.44194352627, 1.09316563606, 0.64648938179, 0.323648840189, 0.380728542805, 0.435191571712, 0.338319957256, 0.28570958972, 0.190897136927, 0.137269109488, 0.0152991749346, 0.000436162459664, 3.95378228859e-05, 9.94245419861e-06, 2.45895216722e-06, 5.22654045199e-06, 9.99132134893e-06],
        "min": [5.15129553745e-22, 3.4058394318e-21, 1.35899716191e-20, 3.35794712836e-20, 6.56199213388e-20, 6.47032888978e-20, 3.59435489506e-19, 5.48733006804e-19, 3.20733518103e-19, 1.09482461912e-18, 6.28266215906e-19, 1.14997202677e-18, 1.34423611741e-18, 1.73595887022e-18, 1.72750694552e-18, 1.41954656949e-18, 3.09004071167e-18, 5.33380038327e-18, 4.86560664398e-18, 5.57476595392e-18, 3.84452993276e-18, 8.01220707081e-18, 9.91979640556e-18, 1.21127159023e-17, 1.03385036511e-17, 1.514097863e-17, 2.22525845371e-17, 1.82516144845e-17, 1.85279076984e-17, 1.3703236155e-17, 1.60814449361e-17, 1.71601149247e-17, 1.38981910448e-17, 1.11998559219e-17, 9.66096993753e-18, 5.8856766764e-18, 2.76365178557e-18, 1.1566524408e-18, 3.24643807653e-19, 3.32838866928e-20],
        "var": [0.0613470561802, 1.43755412102, 6.89225053787, 6.46601915359, 80.232208252, 504.439758301, 353.917144775, 474.078674316, 837.868896484, 2740.42114258, 25769.6347656, 38720.9492188, 79121.0625, 41897.734375, 8301.30957031, 8277.11621094, 1832.52038574, 3457.24584961, 1965.02075195, 25165.96875, 3777.66772461, 769.895507812, 235.348526001, 124.283752441, 235.411895752, 130.668807983, 346.097747803, 259.375305176, 180.270889282, 112.003509521, 141.879623413, 41.4551811218, 26.2635765076, 5.22162485123, 0.932688236237, 0.0133944321424, 8.02299018687e-06, 2.19883560248e-08, 5.83865622517e-10, 6.98525293163e-10]
    },
    "gfcc": {
        "mean": [-101.535690308, 131.754348755, -166.802001953, 35.4991950989, -78.9794158936, 15.9343318939, -33.2724609375, -7.97942638397, 2.10308027267, -27.9279518127, 5.18579053879, -19.9193286896, 3.82899069786],
        "cov": [[7897.73095703, -42.0150489807, 85.1409454346, 203.948440552, -126.303642273, 439.945098877, 84.5401687622, 336.47756958, 331.729034424, -22.4222583771, 60.8204574585, 54.8872489929, 228.459686279], [-42.0150489807, 1382.43078613, 375.041900635, -186.415298462, 255.81362915, -295.053344727, 5.90974187851, -165.740615845, 117.938407898, -151.433609009, 46.0206184387, -91.8126983643, -49.6987571716], [85.1409454346, 375.041900635, 1150.68652344, 403.593261719, 20.357635498, 110.109657288, -122.524673462, 21.9980602264, -55.36485672, 59.5114402771, 2.70384263992, -8.4940700531, -74.740814209], [203.948440552, -186.415298462, 403.593261719, 581.174560547, 43.9165306091, 160.510375977, -44.8972816467, 61.2732124329, -10.7729692459, 105.722732544, 2.11495375633, 31.5784645081, 24.3241405487], [-126.303642273, 255.81362915, 20.357635498, 43.9165306091, 277.3565979, 14.0244789124, 28.1786422729, 33.2645072937, 59.3759536743, 8.51769256592, -1.38020849228, 6.54288196564, 34.7216300964], [439.945098877, -295.053344727, 110.109657288, 160.510375977, 14.0244789124, 431.092834473, 172.436767578, 165.979400635, -32.9253921509, 82.317527771, 41.3982315063, 35.1475753784, 19.3458499908], [84.5401687622, 5.90974187851, -122.524673462, -44.8972816467, 28.1786422729, 172.436767578, 363.997192383, 92.3006286621, -28.0081863403, 12.9400653839, 50.5349769592, 14.1171226501, -36.859664917], [336.47756958, -165.740615845, 21.9980602264, 61.2732124329, 33.2645072937, 165.979400635, 92.3006286621, 202.56010437, 25.8959903717, 49.8403968811, 27.3459129333, 21.4919223785, 13.7638626099], [331.729034424, 117.938407898, -55.36485672, -10.7729692459, 59.3759536743, -32.9253921509, -28.0081863403, 25.8959903717, 174.843109131, 17.2124137878, -8.83687877655, 4.26913738251, 40.8938674927], [-22.4222583771, -151.433609009, 59.5114402771, 105.722732544, 8.51769256592, 82.317527771, 12.9400653839, 49.8403968811, 17.2124137878, 128.344146729, 15.9802522659, 19.4391708374, 13.4646472931], [60.8204574585, 46.0206184387, 2.70384263992, 2.11495375633, -1.38020849228, 41.3982315063, 50.5349769592, 27.3459129333, -8.83687877655, 15.9802522659, 88.4593582153, 23.394618988, -7.22900724411], [54.8872489929, -91.8126983643, -8.4940700531, 31.5784645081, 6.54288196564, 35.1475753784, 14.1171226501, 21.4919223785, 4.26913738251, 19.4391708374, 23.394618988, 85.1807403564, 36.9606399536], [228.459686279, -49.6987571716, -74.740814209, 24.3241405487, 34.7216300964, 19.3458499908, -36.859664917, 13.7638626099, 40.8938674927, 13.4646472931, -7.22900724411, 36.9606399536, 112.970748901]],
        "icov": [[0.000179434893653, -0.000102292426163, 2.53200105362e-05, -9.22206236282e-05, 0.000328497611918, -0.000213153703953, 3.06050897052e-05, -0.000250575511018, -0.000331710878527, 0.000259249383816, -1.82683106686e-05, 3.20293620462e-05, -0.000317682424793], [-0.000102292426163, 0.00429166527465, -0.00283269654028, 0.00170367816463, -0.00371812609956, 0.00235582166351, -0.00238634156995, 0.00315693253651, -0.00294409156777, 0.0032600054983, -0.00499784620479, 0.00414738385007, -0.00156947446521], [2.53200105362e-05, -0.00283269654028, 0.00325863063335, -0.00196220097132, 0.0021600201726, -0.00188729783986, 0.00230813818052, -0.00203739246354, 0.00220302375965, -0.00213230773807, 0.00320752291009, -0.0028825730551, 0.00254664663225], [-9.22206236282e-05, 0.00170367816463, -0.00196220097132, 0.00356952473521, -0.00187140284106, 0.00031194256735, -0.00055939698359, 0.00132806308102, -0.000780661357567, -0.000336686905939, -0.00153125380166, 0.00116788339801, -0.00111068901606], [0.000328497611918, -0.00371812609956, 0.0021600201726, -0.00187140284106, 0.00774761661887, -0.00187267095316, 0.00123424909543, -0.00337055139244, 0.000770735205151, -0.00204002950341, 0.00422013178468, -0.00300236069597, -0.000498730514664], [-0.000213153703953, 0.00235582166351, -0.00188729783986, 0.00031194256735, -0.00187267095316, 0.00624650577083, -0.00314504909329, -0.000777720357291, -4.80834314658e-05, 0.00033619342139, -0.00280704791658, 0.0023236090783, -0.00223637465388], [3.06050897052e-05, -0.00238634156995, 0.00230813818052, -0.00055939698359, 0.00123424909543, -0.00314504909329, 0.0059627732262, -0.00244321394712, 0.00204490753822, -0.00151260208804, 0.00156036857516, -0.00301185320131, 0.00346349435858], [-0.000250575511018, 0.00315693253651, -0.00203739246354, 0.00132806308102, -0.00337055139244, -0.000777720357291, -0.00244321394712, 0.0105831380934, -0.0034056075383, 0.00105927197728, -0.00427047815174, 0.00257327919826, -0.000664403603878], [-0.000331710878527, -0.00294409156777, 0.00220302375965, -0.000780661357567, 0.000770735205151, -4.80834314658e-05, 0.00204490753822, -0.0034056075383, 0.0103013170883, -0.00429420359433, 0.00407342519611, -0.00250160414726, -0.000283307919744], [0.000259249383816, 0.0032600054983, -0.00213230773807, -0.000336686905939, -0.00204002950341, 0.00033619342139, -0.00151260208804, 0.00105927197728, -0.00429420359433, 0.0136245340109, -0.0051497342065, 0.00252052140422, -0.00170509261079], [-1.82683106686e-05, -0.00499784620479, 0.00320752291009, -0.00153125380166, 0.00422013178468, -0.00280704791658, 0.00156036857516, -0.00427047815174, 0.00407342519611, -0.0051497342065, 0.0196740590036, -0.00892514921725, 0.00382132851519], [3.20293620462e-05, 0.00414738385007, -0.0028825730551, 0.00116788339801, -0.00300236069597, 0.0023236090783, -0.00301185320131, 0.00257327919826, -0.00250160414726, 0.00252052140422, -0.00892514921725, 0.0199118480086, -0.00765067944303], [-0.000317682424793, -0.00156947446521, 0.00254664663225, -0.00111068901606, -0.000498730514664, -0.00223637465388, 0.00346349435858, -0.000664403603878, -0.000283307919744, -0.00170509261079, 0.00382132851519, -0.00765067944303, 0.0155284749344]]
    },
    "melbands": {
        "dmean": [0.000168693746673, 0.000187838144484, 0.000103691112599, 0.000172766580363, 0.000143067489262, 8.39364147396e-05, 8.25825991342e-05, 0.000108569634904, 0.000186043660506, 0.00015005064779, 0.000132578643388, 8.98621874512e-05, 4.34206849604e-05, 2.78808165604e-05, 2.8612319511e-05, 1.81622435775e-05, 1.77079164132e-05, 1.249539946e-05, 2.03430608963e-05, 1.63549866556e-05, 1.02315498225e-05, 6.88719501341e-06, 3.8295579543e-06, 2.3683917334e-06, 1.83321049008e-06, 1.97670260604e-06, 1.5712420236e-06, 1.02055798834e-06, 1.16982459986e-06, 1.22914514122e-06, 1.07378230041e-06, 1.07318328446e-06, 9.61383420872e-07, 7.35219657599e-07, 8.09249058875e-07, 6.4149270429e-07, 5.05748346313e-07, 4.75091127328e-07, 3.68414532659e-07, 6.26724769859e-08],
        "dmean2": [0.000298042403301, 0.000317235797411, 0.000169187609572, 0.000267275085207, 0.000214045619941, 0.000132473054691, 0.000123826568597, 0.000156841386342, 0.000277041806839, 0.000220319983782, 0.000196581400814, 0.000133071604068, 6.3871157181e-05, 4.03846461268e-05, 4.36405061919e-05, 2.81079519482e-05, 2.76106002275e-05, 1.92081461137e-05, 3.11865223921e-05, 2.37173735513e-05, 1.52869524754e-05, 1.06550269265e-05, 6.06988487561e-06, 3.80730853067e-06, 2.94079723062e-06, 3.12428846883e-06, 2.4325834147e-06, 1.60118713666e-06, 1.77054437245e-06, 1.87984812783e-06, 1.5915967424e-06, 1.63831475675e-06, 1.49087031787e-06, 1.10049211344e-06, 1.22935136915e-06, 9.64340756582e-07, 7.58943599521e-07, 7.25419567971e-07, 5.62244849789e-07, 1.01961774135e-07],
        "dvar": [2.68747658083e-06, 1.71907470303e-06, 1.71141451233e-07, 6.31192392575e-07, 1.57563633252e-07, 8.10864904111e-08, 9.56374108796e-08, 1.28596283844e-07, 3.56649337618e-07, 2.60065348812e-07, 2.50169165383e-07, 1.19657940445e-07, 2.76022369405e-08, 1.08248174868e-08, 8.44990388771e-09, 3.13807491104e-09, 4.66143745825e-09, 1.57088531072e-09, 5.72819214284e-09, 3.43943007408e-09, 9.50147627243e-10, 4.40016495462e-10, 1.06831342384e-10, 4.96072627421e-11, 5.15479603447e-11, 5.89804038942e-11, 6.51766834947e-11, 2.36171603107e-11, 6.60684701392e-11, 8.41358857584e-11, 3.72270964055e-11, 3.36193399508e-11, 2.44576234265e-11, 1.50946824484e-11, 4.30605100188e-11, 1.19507702345e-11, 6.41232466431e-12, 6.18029369001e-12, 6.31862097367e-12, 9.85426692503e-13],
        "dvar2": [8.40374377731e-06, 5.12535552843e-06, 4.89593787734e-07, 1.6447024791e-06, 3.56328115458e-07, 1.99311585902e-07, 1.87218503811e-07, 2.53062836464e-07, 8.09309881333e-07, 5.81578206038e-07, 5.51266225557e-07, 2.77451420061e-07, 6.33885264278e-08, 1.92059488313e-08, 1.75763315013e-08, 6.54011911294e-09, 1.0174638021e-08, 3.28871263555e-09, 1.2758832213e-08, 6.43755670993e-09, 1.95074822962e-09, 9.48272016466e-10, 2.53710691345e-10, 1.22703888716e-10, 1.26464894112e-10, 1.35270183943e-10, 1.5334865322e-10, 5.41048664204e-11, 1.49577114583e-10, 1.80320550158e-10, 7.91748611118e-11, 7.34537777825e-11, 5.64342739207e-11, 3.24978793875e-11, 8.64806420919e-11, 2.45887043365e-11, 1.39352982279e-11, 1.23169616867e-11, 1.47993440419e-11, 2.42016649776e-12],
        "max": [0.064042173326, 0.0522317737341, 0.0185483805835, 0.0498410388827, 0.01980981417, 0.0130878388882, 0.0186563972384, 0.0162613727152, 0.0180090665817, 0.0179557893425, 0.0156963113695, 0.0105940643698, 0.00663627823815, 0.00514313625172, 0.00443621445447, 0.0015948478831, 0.00345069402829, 0.00125346134882, 0.00321970740333, 0.00175914505962, 0.000988708809018, 0.000686727173161, 0.000417542178184, 0.000275790429441, 0.000441385316662, 0.000258693820797, 0.000389288848964, 0.000148242586874, 0.000322677136865, 0.000471589446533, 0.000227311975323, 0.0001975952473, 0.000169520833879, 0.000131200489704, 0.000494667910971, 0.000137907234603, 0.00010392103286, 0.000102833968413, 9.90175103652e-05, 8.09512566775e-05],
        "mean": [0.000284456880763, 0.000302826869301, 0.000185828030226, 0.000380006880732, 0.00031180595397, 0.000176186105818, 0.000165979130543, 0.000204994517844, 0.000452478678199, 0.000367887114407, 0.000395316077629, 0.000253899517702, 0.000113235088065, 5.77133214392e-05, 6.42152008368e-05, 3.72084869014e-05, 3.41199702234e-05, 2.35506631725e-05, 5.250571121e-05, 4.34403555118e-05, 2.42461992457e-05, 1.41393184094e-05, 7.59099975767e-06, 4.74421949548e-06, 3.50727236764e-06, 3.59563546226e-06, 2.73733303402e-06, 1.75066588781e-06, 1.77672109203e-06, 2.04184266295e-06, 1.85042915746e-06, 1.8465964331e-06, 1.62862454545e-06, 1.19363494377e-06, 1.25521899008e-06, 9.98609380076e-07, 7.82606377925e-07, 7.79515801241e-07, 5.24819142811e-07, 1.09166158779e-07],
        "median": [3.48287394445e-05, 7.79421243351e-05, 6.79987279e-05, 6.25018365099e-05, 7.13492263458e-05, 4.44628713012e-05, 3.64115803677e-05, 2.95655154332e-05, 2.70864766208e-05, 3.03237065964e-05, 2.21349655476e-05, 1.98591751541e-05, 1.39491221489e-05, 9.10333619686e-06, 8.89840521268e-06, 7.21621381672e-06, 5.90708987147e-06, 5.06616743223e-06, 5.30578927282e-06, 3.52144365934e-06, 3.2579737308e-06, 3.02728221868e-06, 2.38952770815e-06, 1.44893806464e-06, 1.04273578927e-06, 8.34980369291e-07, 6.17152807081e-07, 3.24290994058e-07, 1.79237716225e-07, 1.85494030802e-07, 2.15397648162e-07, 2.42812660645e-07, 1.96268473474e-07, 1.63442805956e-07, 1.56249058136e-07, 1.36101590442e-07, 9.66212070352e-08, 1.03974940657e-07, 4.68000287412e-08, 7.1182149064e-10],
        "min": [5.96659402728e-24, 6.03535863796e-24, 7.56726419589e-24, 3.21158980974e-24, 1.59180329314e-23, 1.13350035076e-23, 5.34873173947e-24, 1.04983321095e-23, 4.73320211336e-24, 7.31671329492e-24, 6.45608103568e-24, 5.90442232162e-24, 6.03890456773e-24, 3.78997769506e-24, 4.05921197771e-24, 1.06622684497e-23, 9.4952150047e-24, 7.11632684777e-24, 7.66299010015e-24, 5.30859489104e-24, 3.09266449232e-24, 7.69840364391e-24, 9.81361267668e-24, 1.02302211648e-23, 9.86430961161e-24, 7.01970795296e-24, 9.67247441668e-24, 6.98141191146e-24, 1.46398889384e-23, 1.02619444172e-23, 1.02237895818e-23, 1.07103021902e-23, 8.59548364355e-24, 7.01174834643e-24, 8.79827690532e-24, 1.10146739153e-23, 1.01030867636e-23, 1.03640159186e-23, 8.67966220189e-24, 9.46426956911e-24],
        "var": [3.5999503325e-06, 1.99785745281e-06, 3.29476165462e-07, 1.28788315124e-06, 4.36599293607e-07, 2.20878732193e-07, 2.31149456908e-07, 3.66802368035e-07, 2.241110451e-06, 1.53812538883e-06, 2.04828961614e-06, 7.31996522063e-07, 2.23572953928e-07, 4.04682900523e-08, 4.55452564552e-08, 1.00488763977e-08, 1.50883021632e-08, 4.49725012786e-09, 4.11244016618e-08, 2.13033448659e-08, 4.33094315966e-09, 1.24526944312e-09, 3.0521335459e-10, 1.2424321294e-10, 8.92013338194e-11, 1.26095800468e-10, 1.16234390168e-10, 4.90198437397e-11, 1.09935636983e-10, 1.92286367384e-10, 8.57802093246e-11, 6.56589851933e-11, 4.58017339333e-11, 3.07845797465e-11, 7.42002639886e-11, 2.27711322021e-11, 1.38101899708e-11, 1.4037639974e-11, 1.01982840575e-11, 3.38013406327e-12]
    },
    "mfcc": {
        "mean": [-714.867675781, 131.057601929, -16.5835647583, 5.48032331467, -6.96623373032, 3.690107584, -14.3929376602, 11.4877824783, -7.77020835876, 5.97942352295, -7.44839525223, 0.717874109745, -8.84824371338],
        "cov": [[6742.32568359, -163.498687744, -182.07975769, 91.7939376831, -148.569244385, 230.609863281, -223.097824097, 427.931335449, 158.600372314, 215.607391357, -6.85549974442, 181.991317749, -80.1875839233], [-163.498687744, 1500.4675293, 64.1200027466, 13.3415136337, 147.363174438, -134.737640381, -106.234680176, -18.2244033813, -79.4769821167, -42.7490730286, 23.0240325928, -56.3454017639, -20.1080360413], [-182.07975769, 64.1200027466, 1059.24609375, 287.896087646, 203.09173584, 122.487281799, 82.9506530762, -23.621515274, -54.8366966248, -3.51617765427, 31.6491928101, 51.3208808899, 29.0928344727], [91.7939376831, 13.3415136337, 287.896087646, 376.187225342, 154.724258423, 55.6605300903, -20.0738487244, -34.4133682251, 16.6744747162, 13.0169639587, -29.7583847046, 26.7400417328, 46.0184059143], [-148.569244385, 147.363174438, 203.09173584, 154.724258423, 354.552856445, 23.0471439362, -65.0155487061, -39.862739563, 48.6596450806, 20.8166027069, -49.1629142761, 10.0017490387, 40.6348648071], [230.609863281, -134.737640381, 122.487281799, 55.6605300903, 23.0471439362, 206.791046143, 103.478996277, 56.1868247986, 49.3792228699, 44.206577301, 32.3094482422, 31.9676322937, 2.28225588799], [-223.097824097, -106.234680176, 82.9506530762, -20.0738487244, -65.0155487061, 103.478996277, 348.079925537, 108.700790405, 23.8218975067, 18.8673324585, 103.36655426, 32.4293823242, -7.51591730118], [427.931335449, -18.2244033813, -23.621515274, -34.4133682251, -39.862739563, 56.1868247986, 108.700790405, 200.252792358, 39.5029411316, 39.5436019897, 58.8721008301, 36.4846801758, -15.4843416214], [158.600372314, -79.4769821167, -54.8366966248, 16.6744747162, 48.6596450806, 49.3792228699, 23.8218975067, 39.5029411316, 147.981567383, 51.3855285645, 6.05110883713, 24.5394821167, 20.8901824951], [215.607391357, -42.7490730286, -3.51617765427, 13.0169639587, 20.8166027069, 44.206577301, 18.8673324585, 39.5436019897, 51.3855285645, 118.572814941, 32.1856460571, 25.38073349, -5.47501373291], [-6.85549974442, 23.0240325928, 31.6491928101, -29.7583847046, -49.1629142761, 32.3094482422, 103.36655426, 58.8721008301, 6.05110883713, 32.1856460571, 141.914016724, 34.5397834778, -13.2142782211], [181.991317749, -56.3454017639, 51.3208808899, 26.7400417328, 10.0017490387, 31.9676322937, 32.4293823242, 36.4846801758, 24.5394821167, 25.38073349, 34.5397834778, 99.8752746582, 23.660867691], [-80.1875839233, -20.1080360413, 29.0928344727, 46.0184059143, 40.6348648071, 2.28225588799, -7.51591730118, -15.4843416214, 20.8901824951, -5.47501373291, -13.2142782211, 23.660867691, 88.1563110352]],
