{
"lowlevel": {
    "average_loudness": 0.90417689085,
    "barkbands_crest": {
        "dmean": 2.20671701431,
        "dmean2": 3.57800722122,
        "dvar": 4.86978960037,
        "dvar2": 12.0961742401,
        "max": 25.7021656036,
        "mean": 9.63976097107,
        "median": 8.56799221039,
        "min": 2.05996155739,
        "var": 20.2558040619
    },
    "barkbands_flatness_db": {
        "dmean": 0.0184973012656,
        "dmean2": 0.0281599387527,
        "dvar": 0.000427605467848,
        "dvar2": 0.000906626344658,
        "max": 0.473721027374,
        "mean": 0.131494566798,
        "median": 0.112476274371,
        "min": 0.0196869894862,
        "var": 0.00476074125618
    },
    "barkbands_kurtosis": {
        "dmean": 3.91820836067,
        "dmean2": 6.1724653244,
        "dvar": 122.722869873,
        "dvar2": 292.77947998,
        "max": 274.194488525,
        "mean": 7.79801559448,
        "median": 0.566951274872,
        "min": -1.96036040783,
        "var": 433.348846436
    },
    "barkbands_skewness": {
        "dmean": 0.538945555687,
        "dmean2": 0.797007143497,
        "dvar": 0.641629874706,
        "dvar2": 1.23348772526,
        "max": 13.4650096893,
        "mean": 1.43502724171,
        "median": 0.822328567505,
        "min": -6.81785345078,
        "var": 3.93760228157
    },
    "barkbands_spread": {
        "dmean": 5.89836168289,
        "dmean2": 9.20446300507,
        "dvar": 76.2638092041,
        "dvar2": 165.695892334,
        "max": 123.203529358,
        "mean": 26.3708820343,
        "median": 24.001335144,
        "min": 0.410082936287,
        "var": 311.679840088
    },
    "dissonance": {
        "dmean": 0.0209258366376,
        "dmean2": 0.0354139953852,
        "dvar": 0.000505589996465,
        "dvar2": 0.00136709015351,
        "max": 0.500000059605,
        "mean": 0.460047453642,
        "median": 0.473706334829,
        "min": 0.222217410803,
        "var": 0.00161487178411
    },
    "dynamic_complexity": 4.0344119072,
    "erbbands_crest": {
        "dmean": 2.69190144539,
        "dmean2": 4.33542203903,
        "dvar": 6.39962816238,
        "dvar2": 15.594326973,
        "max": 31.2154407501,
        "mean": 10.3188552856,
        "median": 9.26996612549,
        "min": 2.42415142059,
        "var": 22.7274780273
    },
    "erbbands_flatness_db": {
        "dmean": 0.0162645615637,
        "dmean2": 0.0247544832528,
        "dvar": 0.000266526127234,
        "dvar2": 0.000581042200793,
        "max": 0.322276026011,
        "mean": 0.156467109919,
        "median": 0.151967957616,
        "min": 0.0522320605814,
        "var": 0.00215664785355
    },
    "erbbands_kurtosis": {
        "dmean": 1.37670779228,
        "dmean2": 2.15052628517,
        "dvar": 6.6384973526,
        "dvar2": 15.367898941,
        "max": 97.1572647095,
        "mean": 1.97604906559,
        "median": 0.745982408524,
        "min": -1.82544994354,
        "var": 22.2936859131
    },
    "erbbands_skewness": {
        "dmean": 0.378378808498,
        "dmean2": 0.564092338085,
        "dvar": 0.194857746363,
        "dvar2": 0.352348148823,
        "max": 7.46383953094,
        "mean": 0.661594331264,
        "median": 0.621115744114,
        "min": -5.26236438751,
        "var": 1.12205183506
    },
    "erbbands_spread": {
        "dmean": 8.07207012177,
        "dmean2": 12.55564785,
        "dvar": 120.068450928,
        "dvar2": 281.858123779,
        "max": 170.600692749,
        "mean": 35.6645240784,
        "median": 30.8900547028,
        "min": 3.18374347687,
        "var": 440.182189941
    },
    "hfc": {
        "dmean": 8.43701934814,
        "dmean2": 12.2546291351,
        "dvar": 218.332870483,
        "dvar2": 415.097595215,
        "max": 275.142425537,
        "mean": 31.3802661896,
        "median": 19.910068512,
        "min": 1.16006310499e-16,
        "var": 1005.96160889
    },
    "melbands_crest": {
        "dmean": 2.80950593948,
        "dmean2": 4.43143129349,
        "dvar": 7.48342323303,
        "dvar2": 17.8710327148,
        "max": 34.8511390686,
        "mean": 14.0581130981,
        "median": 12.834939003,
        "min": 2.54276323318,
        "var": 38.9036102295
    },
    "melbands_flatness_db": {
        "dmean": 0.0217315927148,
        "dmean2": 0.032470729202,
        "dvar": 0.000666677718982,
        "dvar2": 0.00129897077568,
        "max": 0.604611217976,
        "mean": 0.182636514306,
        "median": 0.154930531979,
        "min": 0.00913216825575,
        "var": 0.00862209219486
    },
    "melbands_kurtosis": {
        "dmean": 9.38482189178,
        "dmean2": 14.5221881866,
        "dvar": 644.589111328,
        "dvar2": 1421.78637695,
        "max": 518.170166016,
        "mean": 20.8671741486,
        "median": 3.79842638969,
        "min": -1.9049757719,
        "var": 2456.6862793
    },
    "melbands_skewness": {
        "dmean": 0.73201751709,
        "dmean2": 1.09771966934,
        "dvar": 1.09464740753,
        "dvar2": 2.2389857769,
        "max": 17.733549118,
        "mean": 2.47022223473,
        "median": 1.62733578682,
        "min": -3.37264871597,
        "var": 6.82421350479
    },
    "melbands_spread": {
        "dmean": 8.54634952545,
        "dmean2": 12.9419441223,
        "dvar": 271.087341309,
        "dvar2": 559.903991699,
        "max": 283.717498779,
        "mean": 33.5309257507,
        "median": 28.7786655426,
        "min": 0.461507976055,
        "var": 859.744018555
    },
    "pitch_salience": {
        "dmean": 0.0589444972575,
        "dmean2": 0.0935225188732,
        "dvar": 0.0034284980502,
        "dvar2": 0.00844438187778,
        "max": 0.891180276871,
        "mean": 0.533587992191,
        "median": 0.531424283981,
        "min": 0.0995634049177,
        "var": 0.0187710858881
    },
    "silence_rate_20dB": {
        "dmean": 0,
        "dmean2": 0,
        "dvar": 0,
        "dvar2": 0,
        "max": 1,
        "mean": 1,
        "median": 1,
        "min": 1,
        "var": 0
    },
    "silence_rate_30dB": {
        "dmean": 0,
        "dmean2": 0,
        "dvar": 0,
        "dvar2": 0,
        "max": 1,
        "mean": 1,
        "median": 1,
        "min": 1,
        "var": 0
    },
    "silence_rate_60dB": {
        "dmean": 0.0296135786921,
        "dmean2": 0.0592342875898,
        "dvar": 0.0287325233221,
        "dvar2": 0.0648730322719,
        "max": 1,
        "mean": 0.119041889906,
        "median": 0,
        "min": 0,
        "var": 0.104860931635
    },
    "spectral_centroid": {
        "dmean": 246.02142334,
        "dmean2": 360.783294678,
        "dvar": 149393.015625,
        "dvar2": 238688.75,
        "max": 11340.3320312,
        "mean": 1645.25817871,
        "median": 1721.38720703,
        "min": 131.464523315,
        "var": 787055.6875
    },
    "spectral_complexity": {
        "dmean": 2.79475140572,
        "dmean2": 4.24969911575,
        "dvar": 9.34136867523,
        "dvar2": 18.5048904419,
        "max": 50,
        "mean": 15.5470628738,
        "median": 14,
        "min": 0,
        "var": 111.648674011
    },
    "spectral_decrease": {
        "dmean": 1.47077228174e-09,
        "dmean2": 2.32351227147e-09,
        "dvar": 4.28519634203e-18,
        "dvar2": 1.08474720179e-17,
        "max": -2.14566110671e-31,
        "mean": -5.5268132293e-09,
        "median": -5.27629229197e-09,
        "min": -2.52947653934e-08,
        "var": 1.54778578606e-17
    },
    "spectral_energy": {
        "dmean": 0.00612924620509,
        "dmean2": 0.00960323307663,
        "dvar": 6.81134988554e-05,
        "dvar2": 0.000170763858478,
        "max": 0.0979213416576,
        "mean": 0.0237057972699,
        "median": 0.0229761395603,
        "min": 1.05229175781e-20,
        "var": 0.000269985728664
    },
    "spectral_energyband_high": {
        "dmean": 0.000630568130873,
        "dmean2": 0.000893139163963,
        "dvar": 2.40798135565e-06,
        "dvar2": 4.26158612754e-06,
        "max": 0.0321958698332,
        "mean": 0.00182642426807,
        "median": 0.000665998784825,
        "min": 7.30230359559e-21,
        "var": 8.22831316327e-06
    },
    "spectral_energyband_low": {
        "dmean": 0.00234019802883,
        "dmean2": 0.00384278409183,
        "dvar": 3.12808333547e-05,
        "dvar2": 8.98540019989e-05,
        "max": 0.0931587144732,
        "mean": 0.00693154614419,
        "median": 0.00589192751795,
        "min": 1.57839354128e-22,
        "var": 6.66459382046e-05
    },
    "spectral_energyband_middle_high": {
        "dmean": 0.00242301775143,
        "dmean2": 0.00370081933215,
        "dvar": 1.36932085297e-05,
        "dvar2": 3.23190106428e-05,
        "max": 0.0594146251678,
        "mean": 0.0081318821758,
        "median": 0.00382525986061,
        "min": 1.35757615205e-21,
        "var": 8.25334645924e-05
    },
    "spectral_energyband_middle_low": {
        "dmean": 0.00325085199438,
        "dmean2": 0.00508315674961,
        "dvar": 2.82022992906e-05,
        "dvar2": 6.80141383782e-05,
        "max": 0.0828953012824,
        "mean": 0.00743938470259,
        "median": 0.00436350144446,
        "min": 4.54519641214e-22,
        "var": 7.382624608e-05
    },
    "spectral_entropy": {
        "dmean": 0.152151912451,
        "dmean2": 0.226143732667,
        "dvar": 0.0322027057409,
        "dvar2": 0.0616891868412,
        "max": 9.79671478271,
        "mean": 7.64232397079,
        "median": 7.75992965698,
        "min": 5.20304346085,
        "var": 0.29641097784
    },
    "spectral_flux": {
        "dmean": 0.0205919463187,
        "dmean2": 0.0320131592453,
        "dvar": 0.000578736304305,
        "dvar2": 0.00122135155834,
        "max": 0.297769516706,
        "mean": 0.0777986496687,
        "median": 0.0717963278294,
        "min": 1.02581269867e-10,
        "var": 0.002235238906
    },
    "spectral_kurtosis": {
        "dmean": 0.925236344337,
        "dmean2": 1.48191034794,
        "dvar": 1.27419960499,
        "dvar2": 3.338357687,
        "max": 23.2948513031,
        "mean": 3.64004683495,
        "median": 3.14201164246,
        "min": -1.44864058495,
        "var": 6.51604223251
    },
    "spectral_rms": {
        "dmean": 0.000597792153712,
        "dmean2": 0.000904496468138,
        "dvar": 5.05183720634e-07,
        "dvar2": 1.12695420285e-06,
        "max": 0.00977409910411,
        "mean": 0.00442009326071,
        "median": 0.00473452731967,
        "min": 3.2041006133e-12,
        "var": 3.59047680831e-06
    },
    "spectral_rolloff": {
        "dmean": 638.717468262,
        "dmean2": 1049.76538086,
        "dvar": 1667262.875,
        "dvar2": 3340073.75,
        "max": 19336.8164062,
        "mean": 2301.32617188,
        "median": 1744.18945312,
        "min": 64.599609375,
        "var": 5132976.5
    },
    "spectral_skewness": {
        "dmean": 0.16246932745,
        "dmean2": 0.246279969811,
        "dvar": 0.0350878164172,
        "dvar2": 0.0690572932363,
        "max": 4.10526037216,
        "mean": 1.59960591793,
        "median": 1.56994128227,
        "min": -0.508856654167,
        "var": 0.2349601686
    },
    "spectral_spread": {
        "dmean": 627144.3125,
        "dmean2": 938694.875,
        "dvar": 780312313856,
        "dvar2": 1.47219913114e+12,
        "max": 40857096,
        "mean": 6032099.5,
        "median": 5840004,
        "min": 1646295.125,
        "var": 3.3645700055e+12
    },
    "spectral_strongpeak": {
        "dmean": 0.781403303146,
        "dmean2": 1.34402120113,
        "dvar": 1.83146238327,
        "dvar2": 4.72145318985,
        "max": 15.1409816742,
        "mean": 1.37138319016,
        "median": 0.474722325802,
        "min": 0,
        "var": 3.00703907013
    },
    "zerocrossingrate": {
        "dmean": 0.0133801521733,
        "dmean2": 0.0151012120768,
        "dvar": 0.000418251700466,
        "dvar2": 0.00038764058263,
        "max": 0.611328125,
        "mean": 0.0895025730133,
        "median": 0.08203125,
        "min": 0.00341796875,
        "var": 0.00347489817068
    },
    "barkbands": {
        "dmean": [7.35528592486e-05, 0.00173574511427, 0.000784168078098, 0.000376729207346, 0.000716497830581, 0.00071313715307, 0.000607341295108, 0.000740218907595, 0.00108466600068, 0.00079465273302, 0.000645181746222, 0.000810850586277, 0.000423203018727, 0.000652756658383, 0.000395673618186, 0.000287508533802, 0.000227559445193, 0.000212317434489, 0.000185944751138, 0.000148394596181, 9.43880659179e-05, 7.35780558898e-05, 0.000154728943016, 0.000201729344553, 0.000182244883035, 4.28310777352e-05, 1.49141451402e-05],
        "dmean2": [9.55886862357e-05, 0.00278984499164, 0.00135280087125, 0.000680401280988, 0.00111278321128, 0.0010769761866, 0.000959827855695, 0.00117902073544, 0.00175879837479, 0.00125243689399, 0.00103277771268, 0.00130217138212, 0.000669428729452, 0.00103935506195, 0.000613903801423, 0.000430642539868, 0.000344031344866, 0.000329343398334, 0.000288491719402, 0.000221909518586, 0.000144456556882, 0.000107651459984, 0.000224989009439, 0.000301256688545, 0.000267314782832, 6.48305722279e-05, 2.54360511462e-05],
        "dvar": [3.38209567019e-08, 1.51049607666e-05, 6.89968237566e-06, 2.14033798329e-06, 3.50587879439e-06, 4.90426555189e-06, 3.05050480165e-06, 4.50274774266e-06, 8.72061900736e-06, 3.68991277355e-06, 2.14850956581e-06, 3.52158758687e-06, 1.54388726514e-06, 2.48529499913e-06, 1.10240455342e-06, 7.61321359732e-07, 5.79596473926e-07, 2.47026918032e-07, 1.34747821789e-07, 7.65761640764e-08, 4.23539070482e-08, 4.63435974041e-08, 1.26727215388e-07, 3.44557179233e-07, 3.40155878575e-07, 1.44553702341e-08, 1.97894500786e-09],
        "dvar2": [5.10952666843e-08, 4.30406726082e-05, 2.02318587981e-05, 6.23118739895e-06, 8.25958613859e-06, 1.05873195935e-05, 7.25479276298e-06, 1.11076769826e-05, 2.2752699806e-05, 8.86132420419e-06, 5.11946018378e-06, 9.35955631576e-06, 3.7699717268e-06, 6.34591015114e-06, 2.46756167144e-06, 1.60963998042e-06, 1.27062378397e-06, 5.88089392295e-07, 3.19370371926e-07, 1.6512396428e-07, 9.19126463828e-08, 8.63483933244e-08, 2.53876720535e-07, 6.6461956294e-07, 6.68787322411e-07, 3.12220542753e-08, 5.43383382734e-09],
        "max": [0.00296576810069, 0.0547806173563, 0.0571548528969, 0.0194776654243, 0.0467623211443, 0.0735620036721, 0.0382017940283, 0.0418665036559, 0.0513208918273, 0.0370688438416, 0.0350777804852, 0.0331056080759, 0.0249332562089, 0.0398873277009, 0.0206309296191, 0.0198651123792, 0.017876630649, 0.00924343056977, 0.00667398329824, 0.00701842503622, 0.00485071819276, 0.0068570249714, 0.00967752281576, 0.0132631622255, 0.0140931764618, 0.00373655953445, 0.000692677567713],
        "mean": [0.000190719525563, 0.00441749673337, 0.00199984689243, 0.000514699378982, 0.00134665495716, 0.00131864042487, 0.000895675737411, 0.00110541295726, 0.0016802274622, 0.00129665562417, 0.0011149244383, 0.0014099990949, 0.000707777217031, 0.00113217509352, 0.000713790010195, 0.000532733043656, 0.000467520090751, 0.000438664632384, 0.000427008082625, 0.000352092290996, 0.000207556877285, 0.000158540424309, 0.000398467527702, 0.000406401959481, 0.000370293681044, 8.58399071149e-05, 1.59847659233e-05],
        "median": [2.13547245949e-05, 0.00242501404136, 0.000806357886177, 0.000197467204998, 0.000188279169379, 0.000206583412364, 0.000176805828232, 0.00017957133241, 0.000278172781691, 0.000258090556599, 0.000200952083105, 0.00025961745996, 0.000144632853335, 0.000223617913434, 0.00015797742526, 8.68071001605e-05, 0.000104251899756, 9.93025169009e-05, 0.000113992791739, 8.15763123683e-05, 5.36008301424e-05, 5.25159048266e-05, 9.99785697786e-05, 0.000134125104523, 0.000107416475657, 3.5621887946e-05, 1.51803646986e-06],
        "min": [1.4371736184e-23, 7.28618627115e-23, 3.48520798965e-23, 7.90029933974e-23, 1.19617112139e-22, 5.10940033384e-23, 1.95941421047e-23, 6.31650582468e-23, 5.74409194354e-23, 1.36746097047e-22, 5.56152176217e-23, 6.05882788098e-23, 6.82577107481e-23, 2.23295725138e-22, 1.62387320262e-22, 1.00133434226e-22, 1.63602809767e-22, 1.55428279657e-22, 2.17843143805e-22, 2.87107327472e-22, 4.66908922611e-22, 6.99554631095e-22, 4.99194462485e-22, 8.05362613181e-22, 1.04075103326e-21, 1.74360201747e-21, 1.98584739324e-21],
        "var": [1.96325700585e-07, 3.59706100426e-05, 8.26517680252e-06, 1.45624505876e-06, 9.95322079689e-06, 1.32558361656e-05, 5.2043674259e-06, 8.85200915945e-06, 1.5780036847e-05, 7.7727390817e-06, 6.50995070828e-06, 8.57246686792e-06, 3.48020648744e-06, 5.65475738767e-06, 2.42030046138e-06, 2.14399733522e-06, 1.90504454167e-06, 7.45562715565e-07, 4.74813816709e-07, 3.08210758249e-07, 1.33562821247e-07, 1.26496615849e-07, 5.23694325238e-07, 8.73797660006e-07, 7.14450209216e-07, 2.78001053289e-08, 1.81608217353e-09]
    },
    "erbbands": {
        "dmean": [0.0578795149922, 0.381921380758, 0.882725536823, 1.07274782658, 1.56727254391, 2.68909311295, 4.86108255386, 5.6295542717, 7.67366075516, 10.585524559, 18.0344028473, 21.7306213379, 27.9206314087, 22.8655166626, 24.3739395142, 31.0885906219, 17.0594902039, 33.4916381836, 19.5004863739, 17.8847808838, 15.1148176193, 10.4386520386, 10.2996578217, 11.2918777466, 6.9180688858, 6.64570522308, 4.52628993988, 2.91645789146, 2.36961340904, 3.73496103287, 4.68291425705, 3.56836724281, 3.94683837891, 2.55833721161, 1.11105155945, 0.258525073528, 0.0639996156096, 0.0223346371204, 0.00288685690612, 5.14101884619e-05],
        "dmean2": [0.0824200361967, 0.639747321606, 1.51724231243, 1.89754116535, 2.64011454582, 4.17117452621, 7.36640119553, 8.45993041992, 12.1093864441, 16.5496101379, 28.8906078339, 35.0306854248, 44.0801429749, 36.9189796448, 38.493850708, 49.3777198792, 26.6104030609, 52.6908111572, 29.5273475647, 27.2120800018, 22.343208313, 15.3138237, 15.577627182, 17.5716056824, 10.3164691925, 9.90639972687, 6.83777713776, 4.37842941284, 3.49576759338, 5.37362861633, 6.89471960068, 5.22566604614, 6.03981781006, 3.7474796772, 1.65425431728, 0.388508141041, 0.0959528163075, 0.0364003293216, 0.00500759016722, 8.56960978126e-05],
        "dvar": [0.0173497721553, 0.865208625793, 8.06129741669, 16.2650489807, 22.3662433624, 71.8733978271, 261.068115234, 371.081787109, 544.023681641, 1143.30627441, 2634.52172852, 3365.15014648, 6020.71484375, 2645.68212891, 3453.67724609, 5671.80517578, 2167.46508789, 6039.82421875, 2497.8984375, 2390.75634766, 2289.23510742, 1036.05786133, 712.372253418, 535.217102051, 184.583328247, 167.202407837, 97.3912506104, 51.8187332153, 52.3810348511, 98.7994384766, 119.233627319, 141.709671021, 111.472236633, 72.5360870361, 11.5694627762, 0.658288240433, 0.0294733382761, 0.00313592026941, 9.29506422835e-05, 1.93589499986e-08],
        "dvar2": [0.0369281731546, 2.58736872673, 23.5170440674, 47.5867614746, 59.0833053589, 169.044769287, 605.025756836, 785.536743164, 1310.24560547, 2810.95141602, 6449.20166016, 8545.33007812, 14788.796875, 6954.47900391, 8395.43457031, 15345.0029297, 4915.17773438, 15298.6748047, 5376.37841797, 5501.3671875, 4859.45361328, 2123.4921875, 1690.81115723, 1298.04992676, 380.815032959, 359.807281494, 206.579925537, 114.315238953, 103.286628723, 197.992797852, 245.578384399, 281.116027832, 227.537002563, 140.832778931, 23.8475322723, 1.38349342346, 0.0628978908062, 0.00804369617254, 0.00025942287175, 5.14301099486e-08],
        "max": [2.1192073822, 11.5675439835, 58.5838088989, 50.288444519, 89.8724822998, 260.612426758, 570.046936035, 849.559997559, 648.936950684, 814.057800293, 961.531188965, 1226.62353516, 1742.30908203, 1143.45593262, 1071.96276855, 1543.90405273, 1342.39196777, 1352.10852051, 1118.15063477, 1169.10974121, 1335.17651367, 989.827392578, 544.757873535, 431.979797363, 418.869110107, 323.211914062, 317.440338135, 270.987091064, 253.383010864, 300.20135498, 268.546051025, 321.268829346, 238.618392944, 217.158309937, 82.706161499, 27.0959014893, 5.95145893097, 0.858809053898, 0.163421452045, 0.00203614844941],
        "mean": [0.141662880778, 0.925076305866, 2.41573858261, 1.98889434338, 2.39505290985, 5.13407325745, 9.5591468811, 9.48139286041, 12.0693597794, 16.3920192719, 28.3540802002, 34.9524536133, 47.4520263672, 42.3774108887, 44.6900863647, 56.5282325745, 32.8621063232, 61.430316925, 38.5993385315, 35.3058013916, 31.9385089874, 23.9463253021, 23.5797462463, 25.7924957275, 17.9021129608, 16.4432792664, 11.159954071, 6.39116334915, 5.16034221649, 9.1402015686, 11.8758678436, 7.6007604599, 7.48241186142, 5.06368637085, 2.14989256859, 0.515438199043, 0.129124045372, 0.0319455079734, 0.0029042258393, 8.68403949426e-05],
        "median": [0.0478303581476, 0.58646094799, 1.34907639027, 1.11401736736, 0.642755508423, 0.540423214436, 1.25164699554, 1.64825069904, 2.73844861984, 3.65314817429, 6.11041355133, 7.48638439178, 9.46175098419, 12.4575977325, 10.7218952179, 12.1967391968, 10.3206377029, 14.8076934814, 12.6940536499, 8.26852607727, 6.66466569901, 5.75642490387, 5.77228832245, 7.00016832352, 4.85213565826, 4.03834104538, 2.59233784676, 2.00578022003, 1.88594305515, 2.43330097198, 2.8801586628, 2.26882362366, 2.35722160339, 1.4361076355, 0.599886894226, 0.18963316083, 0.0517821535468, 0.00845918804407, 0.000322062696796, 4.73580948892e-05],
        "min": [1.59435902577e-21, 1.81222977592e-20, 4.19355173535e-20, 1.66028616474e-19, 1.91905630694e-19, 4.33454247356e-19, 9.25962728099e-19, 1.63751259e-19, 2.20714043758e-19, 6.70415617609e-19, 1.59135187932e-18, 1.36423610385e-18, 3.89035904742e-18, 3.21147434111e-18, 2.6234593542e-18, 2.69742998048e-18, 2.5366045627e-18, 7.35782779694e-18, 1.10471749245e-17, 9.43510413537e-18, 4.90240584148e-18, 8.47908435215e-18, 8.29061373112e-18, 9.48315257561e-18, 1.04741943588e-17, 1.44352827253e-17, 1.87184024304e-17, 2.22656771518e-17, 2.15323104012e-17, 2.20338300066e-17, 1.3041189744e-17, 1.64676108964e-17, 1.26797722005e-17, 9.08623161304e-18, 9.43122134957e-18, 5.99189121654e-18, 3.34511529524e-18, 1.21936472535e-18, 2.54642536792e-19, 3.12327404987e-20],
        "var": [0.0703195556998, 1.29005992413, 10.6748342514, 11.9910411835, 37.0239257812, 205.285507202, 802.643859863, 843.336425781, 1131.82568359, 1926.43383789, 5162.58837891, 6232.96923828, 12787.9101562, 6496.984375, 8580.37207031, 14713.5732422, 5301.49511719, 14220.046875, 5974.82910156, 5520.11865234, 6966.37988281, 4041.89257812, 2546.13793945, 1732.04577637, 841.026245117, 679.51751709, 373.046051025, 129.094268799, 128.713943481, 311.45803833, 505.993011475, 355.222625732, 251.675308228, 151.766494751, 22.4420871735, 1.22451400757, 0.0622692741454, 0.00403971737251, 7.48926177039e-05, 2.09518091765e-08]
    },
    "gfcc": {
        "mean": [-3.62937116623, 47.9169158936, -112.858535767, 17.8996944427, -58.8141479492, 28.9263477325, -37.0234603882, 20.8028659821, -24.8089008331, 5.70283889771, -13.1389446259, -0.229387894273, -13.0867824554],
        "cov": [[7371.2421875, -1032.19970703, -464.277496338, 57.5759048462, -8.90084552765, 435.651275635, 326.383514404, 368.750396729, 145.861328125, 286.669433594, 253.085144043, -14.7673807144, -127.198493958], [-1032.19970703, 2017.01037598, 962.553771973, 376.352600098, 386.360290527, -29.30585289, 101.537521362, 55.9220504761, -18.787399292, -134.038284302, 32.1108970642, -47.6672782898, 58.8696060181], [-464.277496338, 962.553771973, 1936.9708252, 676.457641602, 265.409240723, 47.6080207825, 43.4110450745, 76.0297622681, 20.875579834, -61.7720756531, 38.5276222229, -18.5321006775, 53.9669914246], [57.5759048462, 376.352600098, 676.457641602, 669.971923828, 279.092163086, 121.033050537, 72.7445068359, 103.453102112, 56.2209472656, -19.837802887, -1.55982029438, -12.8145742416, 27.6834526062], [-8.90084552765, 386.360290527, 265.409240723, 279.092163086, 540.767211914, 151.019729614, 158.619491577, 106.24382019, 36.976108551, -4.71583795547, -8.7857875824, -23.2229728699, -2.57238674164], [435.651275635, -29.30585289, 47.6080207825, 121.033050537, 151.019729614, 364.408416748, 186.772277832, 37.4047164917, 2.56428432465, 56.5986671448, 29.1548538208, -33.5369300842, -44.5986824036], [326.383514404, 101.537521362, 43.4110450745, 72.7445068359, 158.619491577, 186.772277832, 274.123626709, 65.7308273315, 0.877515971661, 35.9460449219, 34.8049736023, -32.9856452942, -41.196269989], [368.750396729, 55.9220504761, 76.0297622681, 103.453102112, 106.24382019, 37.4047164917, 65.7308273315, 194.560409546, 62.1978912354, 17.9005680084, 25.5248394012, 4.90553712845, 8.80462551117], [145.861328125, -18.787399292, 20.875579834, 56.2209472656, 36.976108551, 2.56428432465, 0.877515971661, 62.1978912354, 139.189346313, 27.4345417023, 9.91932487488, 22.1088638306, 7.57753944397], [286.669433594, -134.038284302, -61.7720756531, -19.837802887, -4.71583795547, 56.5986671448, 35.9460449219, 17.9005680084, 27.4345417023, 113.549865723, 40.1108703613, 6.54145717621, -17.1834812164], [253.085144043, 32.1108970642, 38.5276222229, -1.55982029438, -8.7857875824, 29.1548538208, 34.8049736023, 25.5248394012, 9.91932487488, 40.1108703613, 134.729644775, 11.2943706512, -8.74071502686], [-14.7673807144, -47.6672782898, -18.5321006775, -12.8145742416, -23.2229728699, -33.5369300842, -32.9856452942, 4.90553712845, 22.1088638306, 6.54145717621, 11.2943706512, 96.9153900146, 36.5705757141], [-127.198493958, 58.8696060181, 53.9669914246, 27.6834526062, -2.57238674164, -44.5986824036, -41.196269989, 8.80462551117, 7.57753944397, -17.1834812164, -8.74071502686, 36.5705757141, 94.5128250122]],
        "icov": [[0.000190817547264, 8.3932740381e-05, 2.63191595877e-05, -4.77474823128e-05, 6.69969303999e-05, -0.000112376634206, -6.72778114676e-05, -0.000320004939567, -1.14449567263e-05, -0.000150868960191, -0.000232367587159, 4.67027202831e-05, 8.66946138558e-05], [8.3932740381e-05, 0.000864992442075, -0.000312668416882, 3.3993866964e-05, -0.000450802705018, 0.000290386233246, -0.000347377441358, 7.64568176237e-06, 3.25339897245e-05, 0.000696155708283, -0.000545390998013, 0.000404672871809, -0.000367675849702], [2.63191595877e-05, -0.000312668416882, 0.000972670793999, -0.000902867002878, 0.000162682088558, 2.36320247495e-05, 9.01532403077e-05, 2.02934734261e-05, 0.00012345383584, -3.94743983634e-05, -0.000288548500976, 2.48631968134e-05, -6.11625073361e-05], [-4.77474823128e-05, 3.3993866964e-05, -0.000902867002878, 0.00302649918012, -0.000880680570845, -0.000733013672289, 0.000365807674825, -0.000532356381882, -0.000664749590214, 0.000440465082647, 0.000348493776983, 0.000205449468922, -0.000531089433935], [6.69969303999e-05, -0.000450802705018, 0.000162682088558, -0.000880680570845, 0.00322111765854, -0.000613038428128, -0.00102209858596, -0.000897922145668, -0.000271284661721, -4.11427499785e-05, 0.000748211459722, -9.74738286459e-05, 9.37337827054e-05], [-0.000112376634206, 0.000290386233246, 2.36320247495e-05, -0.000733013672289, -0.000613038428128, 0.00502331089228, -0.00272624427453, 0.000786926713772, 0.000339476333465, -0.00127832998987, -9.77007221081e-05, 0.000486971694045, 0.000504089985043], [-6.72778114676e-05, -0.000347377441358, 9.01532403077e-05, 0.000365807674825, -0.00102209858596, -0.00272624427453, 0.00697775185108, -0.00146859395318, 0.000791463418864, -0.000568628194742, -0.000658977485728, 0.000556230254006, 0.00138819147833], [-0.000320004939567, 7.64568176237e-06, 2.02934734261e-05, -0.000532356381882, -0.000897922145668, 0.000786926713772, -0.00146859395318, 0.00783105101436, -0.00267832051031, 0.000244902184932, -0.000713269400876, 0.000175456152647, -0.00118844816461], [-1.14449567263e-05, 3.25339897245e-05, 0.00012345383584, -0.000664749590214, -0.000271284661721, 0.000339476333465, 0.000791463418864, -0.00267832051031, 0.00938052125275, -0.00220911949873, 0.000323858490447, -0.00177114282269, 0.00039739816566], [-0.000150868960191, 0.000696155708283, -3.94743983634e-05, 0.000440465082647, -4.11427499785e-05, -0.00127832998987, -0.000568628194742, 0.000244902184932, -0.00220911949873, 0.0125805269927, -0.00297330855392, -0.000588172231801, 0.000798860855866], [-0.000232367587159, -0.000545390998013, -0.000288548500976, 0.000348493776983, 0.000748211459722, -9.77007221081e-05, -0.000658977485728, -0.000713269400876, 0.000323858490447, -0.00297330855392, 0.00949987024069, -0.00163268321194, 0.000786906224675], [4.67027202831e-05, 0.000404672871809, 2.48631968134e-05, 0.000205449468922, -9.74738286459e-05, 0.000486971694045, 0.000556230254006, 0.000175456152647, -0.00177114282269, -0.000588172231801, -0.00163268321194, 0.0134522886947, -0.00513146352023], [8.66946138558e-05, -0.000367675849702, -6.11625073361e-05, -0.000531089433935, 9.37337827054e-05, 0.000504089985043, 0.00138819147833, -0.00118844816461, 0.00039739816566, 0.000798860855866, 0.000786906224675, -0.00513146352023, 0.0142446821555]]
    },
    "melbands": {
        "dmean": [0.000487274548505, 0.000451275933301, 0.000191839033505, 0.000152328138938, 0.00015436198737, 0.000130343265482, 0.000119613716379, 0.000118803982332, 0.000156576963491, 0.000146417572978, 0.000140592106618, 9.35360876611e-05, 8.07542601251e-05, 9.28301014937e-05, 5.58292958885e-05, 4.57114110759e-05, 7.03529003658e-05, 3.53223294951e-05, 3.06289512082e-05, 2.21773370868e-05, 1.98406669369e-05, 1.36561056934e-05, 9.52858044911e-06, 1.05997814899e-05, 1.049256025e-05, 6.00222483627e-06, 5.44119620827e-06, 4.85412374474e-06, 3.43709734807e-06, 2.66589472631e-06, 1.67565224274e-06, 1.40891734191e-06, 1.6592114207e-06, 2.54622091234e-06, 3.03206593344e-06, 2.49117169915e-06, 2.3022030291e-06, 2.97566657537e-06, 2.38582151724e-06, 2.34573190028e-06],
        "dmean2": [0.000755170127377, 0.000765917997342, 0.000337620876962, 0.000243814996793, 0.000232907899772, 0.000196242355742, 0.0001898878254, 0.000187098703464, 0.000250941462582, 0.000237497399212, 0.000222012968152, 0.000150785126607, 0.000127622915898, 0.00014741771156, 8.82644380908e-05, 7.15292408131e-05, 0.000110892724479, 5.31891164428e-05, 4.69058504677e-05, 3.29142167175e-05, 2.9494320188e-05, 2.02031824301e-05, 1.43096713145e-05, 1.624626384e-05, 1.63571912708e-05, 9.19482954487e-06, 8.17985801405e-06, 7.33608976589e-06, 5.19946388522e-06, 4.11106839238e-06, 2.57044280261e-06, 2.1525545435e-06, 2.46787249125e-06, 3.73043394575e-06, 4.52000040241e-06, 3.75217337023e-06, 3.40950441569e-06, 4.58474232801e-06, 3.59579735232e-06, 3.487792128e-06],
        "dvar": [1.16660112326e-06, 1.75643117473e-06, 5.15775411714e-07, 1.85467825986e-07, 2.20789473815e-07, 1.73721275587e-07, 1.17509088682e-07, 1.41759997518e-07, 2.06460256891e-07, 1.61943916055e-07, 1.51275457938e-07, 4.64093155017e-08, 3.57633389569e-08, 4.74984247489e-08, 1.96669880381e-08, 1.95975271566e-08, 2.81620309295e-08, 8.88577389446e-09, 6.38493213856e-09, 4.15241840912e-09, 4.35093516771e-09, 1.92763627282e-09, 8.49759373978e-10, 6.69950039889e-10, 4.8554593679e-10, 1.46996789741e-10, 1.29286165107e-10, 9.37575642124e-11, 6.02418601114e-11, 4.02176625336e-11, 1.86644311118e-11, 2.04972584045e-11, 2.88224010631e-11, 3.94584330488e-11, 4.79957254496e-11, 4.87447374131e-11, 6.4305838432e-11, 6.81258591206e-11, 4.3053859089e-11, 6.72842198624e-11],
        "dvar2": [3.05814273815e-06, 5.10407562615e-06, 1.50099447183e-06, 4.60051040818e-07, 5.0516337069e-07, 3.72480826627e-07, 2.82357518699e-07, 3.48843371967e-07, 5.04449758409e-07, 4.21255464289e-07, 3.72591244968e-07, 1.21954371934e-07, 8.36922708913e-08, 1.22602529018e-07, 5.02040613526e-08, 4.72546872743e-08, 7.16184800353e-08, 1.92790885478e-08, 1.42608147513e-08, 8.84954864944e-09, 9.18036757724e-09, 3.95513444218e-09, 1.81143200439e-09, 1.5270068543e-09, 1.18661314108e-09, 3.24072324531e-10, 2.76458744786e-10, 2.03122962894e-10, 1.29837654517e-10, 9.15961889669e-11, 4.15440251644e-11, 4.69671211645e-11, 6.06236033596e-11, 8.21382198368e-11, 1.01174089939e-10, 1.05144698503e-10, 1.29860511233e-10, 1.44616457698e-10, 8.82702522187e-11, 1.35487968067e-10],
        "max": [0.0166020970792, 0.0249496717006, 0.00829819589853, 0.00945820193738, 0.0149705726653, 0.0163785684854, 0.00884865876287, 0.00959464441985, 0.00824591610581, 0.00845425017178, 0.00841986946762, 0.00420099310577, 0.00423427857459, 0.00396128604189, 0.00250151241198, 0.00338845001534, 0.00313505716622, 0.00227392092347, 0.00182050268631, 0.00134058494586, 0.00186669803225, 0.000970556458924, 0.0012141361367, 0.000567306065932, 0.000403280777391, 0.000346982298652, 0.000340575090377, 0.000237287429627, 0.000239184737438, 0.000147968909005, 0.000175516761374, 0.000173279389855, 0.000211323946132, 0.00019859270833, 0.000162490556249, 0.000192722669453, 0.000196704044356, 0.000195616477868, 0.000136582340929, 0.000202939991141],
        "mean": [0.00121634139214, 0.00126935786102, 0.000353013107087, 0.00026903860271, 0.000310603907565, 0.00022750988137, 0.00018524704501, 0.000184713499038, 0.000245600531343, 0.000229540572036, 0.000233808110352, 0.000164979530382, 0.000146860111272, 0.00016094824241, 9.42568367464e-05, 7.93135186541e-05, 0.000122117431602, 6.21371800662e-05, 5.48815587536e-05, 3.96079667553e-05, 3.82079706469e-05, 2.75510683423e-05, 1.88724334294e-05, 2.11918159039e-05, 2.15242544073e-05, 1.32460945679e-05, 1.22230549096e-05, 1.06964243969e-05, 7.57689622333e-06, 5.36693869435e-06, 3.11533335662e-06, 2.68818325821e-06, 3.36821153724e-06, 5.89038836551e-06, 7.5420025496e-06, 5.1026941037e-06, 4.4354678721e-06, 5.32615649718e-06, 4.51947562397e-06, 4.34862795373e-06],
        "median": [0.000604214495979, 0.00103878951631, 0.000206286174944, 3.75821691705e-05, 4.08457381127e-05, 3.62622595276e-05, 4.05895225413e-05, 3.49892288796e-05, 4.45125842816e-05, 4.05187420256e-05, 3.78790791729e-05, 4.02878649766e-05, 2.79206578853e-05, 2.94108504022e-05, 2.08951805689e-05, 1.50082196342e-05, 2.46142499236e-05, 1.57502145157e-05, 1.13209516712e-05, 7.43613964005e-06, 6.85390887156e-06, 5.68086807107e-06, 4.55539930044e-06, 4.647786227e-06, 5.18477918376e-06, 3.46746855939e-06, 2.53295934272e-06, 2.35929519476e-06, 1.44191653817e-06, 1.2311561477e-06, 1.00809688774e-06, 9.57684960667e-07, 9.46623231357e-07, 1.39321934967e-06, 1.61762477546e-06, 1.39582903103e-06, 1.26733255001e-06, 1.538954848e-06, 1.44185787576e-06, 9.98120867735e-07],
        "min": [1.9011161274e-23, 2.32430481985e-23, 2.91908637864e-23, 2.05529962241e-23, 2.9587001334e-23, 4.62789076023e-24, 3.6549093253e-24, 7.8051807006e-24, 1.35852876155e-23, 8.17701659916e-24, 1.91795073466e-23, 1.2817673101e-23, 8.07365215475e-24, 8.76201139178e-24, 7.36716647183e-24, 4.7065054826e-24, 1.56544855471e-23, 1.99358940038e-23, 1.39614354277e-23, 9.14513352332e-24, 5.6378267787e-24, 9.23853544336e-24, 6.66097424517e-24, 8.39489682574e-24, 7.08462173913e-24, 9.72269566849e-24, 4.01347382243e-24, 1.12014753888e-23, 1.31947935788e-23, 9.2827045543e-24, 1.42672436685e-23, 1.29043144831e-23, 1.25620734902e-23, 1.19254808835e-23, 7.2482512124e-24, 8.1058858002e-24, 1.08369190986e-23, 8.72658207081e-24, 8.22717789754e-24, 7.15593870927e-24],
        "var": [3.55212841896e-06, 2.30237856158e-06, 3.8397888602e-07, 4.86585406634e-07, 6.85618260832e-07, 4.15116574004e-07, 2.28274018355e-07, 2.64608416956e-07, 4.21149337626e-07, 2.9295338777e-07, 3.22553347587e-07, 1.05383804794e-07, 1.04546806767e-07, 1.12619716219e-07, 4.38813962944e-08, 4.55810749145e-08, 6.35913082192e-08, 1.90063467187e-08, 1.40554456962e-08, 1.06774695752e-08, 1.25158141628e-08, 6.900926941e-09, 2.55381849001e-09, 1.93761873213e-09, 1.40518130465e-09, 5.0577037003e-10, 4.92498042348e-10, 3.42985417845e-10, 2.19014598124e-10, 1.16966589192e-10, 3.64758293014e-11, 3.92916463254e-11, 6.67500082985e-11, 1.30024949141e-10, 2.20302151521e-10, 1.17827261836e-10, 1.52666698727e-10, 1.41984479729e-10, 9.6319320575e-11, 1.28465862947e-10]
    },
    "mfcc": {
        "mean": [-652.764282227, 88.5919876099, 2.93424415588, -1.00163090229, 6.86106109619, 0.959136724472, 7.95159769058, 7.31273889542, 0.313995659351, 8.61770629883, 1.20240044594, -0.251210749149, 1.1801558733],
        "cov": [[7487.45556641, -1311.17492676, -702.163269043, -389.471221924, -254.173583984, 8.04013061523, 235.631942749, 118.370521545, -22.1308956146, 435.952819824, 209.081161499, 160.117462158, 221.204437256], [-1311.17492676, 1711.23425293, 529.096008301, 402.792053223, 330.924530029, 53.195980072, 203.83895874, 105.405708313, 42.1032028198, -33.273563385, 31.3535842896, -45.4925270081, -80.6541137695], [-702.163269043, 529.096008301, 1502.68432617, 536.570983887, 339.396270752, 113.336669922, 135.825637817, 69.1413345337, 38.5340194702, -21.6704235077, 30.028503418, 22.652639389, -12.6253042221], [-389.471221924, 402.792053223, 536.570983887, 605.438232422, 352.864746094, 70.716178894, 105.723655701, 107.629058838, 119.770935059, -7.62644910812, 6.14091682434, 40.5951156616, 34.9819030762], [-254.173583984, 330.924530029, 339.396270752, 352.864746094, 442.935180664, 88.8324813843, 109.726799011, 107.714393616, 109.79473114, 30.8670196533, 10.5496444702, 13.8248023987, 39.6384239197], [8.04013061523, 53.195980072, 113.336669922, 70.716178894, 88.8324813843, 337.782287598, 161.113601685, 73.2216262817, 43.5691184998, 60.1143302917, 54.1350212097, -10.3540344238, 15.6521120071], [235.631942749, 203.83895874, 135.825637817, 105.723655701, 109.726799011, 161.113601685, 337.99887085, 98.3234786987, 30.8775424957, 101.622024536, 68.7325057983, 10.8764572144, 22.2402362823], [118.370521545, 105.405708313, 69.1413345337, 107.629058838, 107.714393616, 73.2216262817, 98.3234786987, 164.937271118, 67.0669937134, 42.1120262146, 32.9832229614, 16.6266517639, 28.3131542206], [-22.1308956146, 42.1032028198, 38.5340194702, 119.770935059, 109.79473114, 43.5691184998, 30.8775424957, 67.0669937134, 177.258712769, 17.9462471008, 8.37861537933, 25.91223526, 21.8489704132], [435.952819824, -33.273563385, -21.6704235077, -7.62644910812, 30.8670196533, 60.1143302917, 101.622024536, 42.1120262146, 17.9462471008, 159.181610107, 55.8336753845, 12.2588348389, 22.088766098], [209.081161499, 31.3535842896, 30.028503418, 6.14091682434, 10.5496444702, 54.1350212097, 68.7325057983, 32.9832229614, 8.37861537933, 55.8336753845, 119.945678711, 23.8826198578, 12.8604726791], [160.117462158, -45.4925270081, 22.652639389, 40.5951156616, 13.8248023987, -10.3540344238, 10.8764572144, 16.6266517639, 25.91223526, 12.2588348389, 23.8826198578, 126.060424805, 46.2525367737], [221.204437256, -80.6541137695, -12.6253042221, 34.9819030762, 39.6384239197, 15.6521120071, 22.2402362823, 28.3131542206, 21.8489704132, 22.088766098, 12.8604726791, 46.2525367737, 109.613426208]],
