{
"lowlevel": {
    "average_loudness": 0.811431825161,
    "barkbands_crest": {
        "dmean": 2.25183224678,
        "dmean2": 3.63298678398,
        "dvar": 4.62775659561,
        "dvar2": 11.6416759491,
        "max": 25.2975120544,
        "mean": 9.76582622528,
        "median": 9.03009033203,
        "min": 2.56240677834,
        "var": 15.8626928329
    },
    "barkbands_flatness_db": {
        "dmean": 0.0173473060131,
        "dmean2": 0.0261361766607,
        "dvar": 0.000299612787785,
        "dvar2": 0.000647079607006,
        "max": 0.326127737761,
        "mean": 0.123613856733,
        "median": 0.12026502192,
        "min": 0.023762576282,
        "var": 0.00175777985714
    },
    "barkbands_kurtosis": {
        "dmean": 1.5556293726,
        "dmean2": 2.44357776642,
        "dvar": 8.36734771729,
        "dvar2": 17.5687484741,
        "max": 84.56199646,
        "mean": 2.33027601242,
        "median": 0.813635349274,
        "min": -1.9206225872,
        "var": 26.0025844574
    },
    "barkbands_skewness": {
        "dmean": 0.392100304365,
        "dmean2": 0.597578346729,
        "dvar": 0.181183084846,
        "dvar2": 0.386058837175,
        "max": 8.47118091583,
        "mean": 1.00309944153,
        "median": 0.839470684528,
        "min": -2.39104533195,
        "var": 1.10667431355
    },
    "barkbands_spread": {
        "dmean": 4.89202833176,
        "dmean2": 7.45128774643,
        "dvar": 47.2155723572,
        "dvar2": 93.1639251709,
        "max": 108.685493469,
        "mean": 23.6479320526,
        "median": 20.9382400513,
        "min": 2.63074350357,
        "var": 197.379714966
    },
    "dissonance": {
        "dmean": 0.0225707683712,
        "dmean2": 0.0384087897837,
        "dvar": 0.000460480892798,
        "dvar2": 0.00126674270723,
        "max": 0.500000119209,
        "mean": 0.456862181425,
        "median": 0.46406146884,
        "min": 0.285862565041,
        "var": 0.00104509014636
    },
    "dynamic_complexity": 3.41527676582,
    "erbbands_crest": {
        "dmean": 2.59121346474,
        "dmean2": 4.13562107086,
        "dvar": 5.67800807953,
        "dvar2": 13.2559356689,
        "max": 28.6054286957,
        "mean": 10.2236862183,
        "median": 9.29281044006,
        "min": 2.5391459465,
        "var": 20.4367027283
    },
    "erbbands_flatness_db": {
        "dmean": 0.016616454348,
        "dmean2": 0.024162819609,
        "dvar": 0.000268325384241,
        "dvar2": 0.000523961207364,
        "max": 0.307406395674,
        "mean": 0.161589294672,
        "median": 0.160074949265,
        "min": 0.0381544493139,
        "var": 0.00205134018324
    },
    "erbbands_kurtosis": {
        "dmean": 0.942406833172,
        "dmean2": 1.46376681328,
        "dvar": 1.25953185558,
        "dvar2": 2.90401887894,
        "max": 21.0899982452,
        "mean": 1.30293297768,
        "median": 0.60365152359,
        "min": -1.76385879517,
        "var": 5.27330541611
    },
    "erbbands_skewness": {
        "dmean": 0.316826611757,
        "dmean2": 0.486340731382,
        "dvar": 0.0883547961712,
        "dvar2": 0.192813366652,
        "max": 3.89128065109,
        "mean": 0.473908722401,
        "median": 0.480865001678,
        "min": -3.35143089294,
        "var": 0.527378797531
    },
    "erbbands_spread": {
        "dmean": 6.44506597519,
        "dmean2": 9.84425926208,
        "dvar": 75.5791854858,
        "dvar2": 161.514480591,
        "max": 146.676467896,
        "mean": 30.0318336487,
        "median": 26.3739681244,
        "min": 4.30923223495,
        "var": 307.285522461
    },
    "hfc": {
        "dmean": 6.32415533066,
        "dmean2": 9.53399753571,
        "dvar": 88.4591445923,
        "dvar2": 191.379104614,
        "max": 220.599731445,
        "mean": 26.9811439514,
        "median": 21.6112613678,
        "min": 1.23737550785e-16,
        "var": 499.383789062
    },
    "melbands_crest": {
        "dmean": 2.67919802666,
        "dmean2": 4.36777877808,
        "dvar": 6.73218584061,
        "dvar2": 17.0040359497,
        "max": 31.61353302,
        "mean": 12.4209709167,
        "median": 11.5855665207,
        "min": 2.19586420059,
        "var": 21.5182876587
    },
    "melbands_flatness_db": {
        "dmean": 0.019323175773,
        "dmean2": 0.02948108688,
        "dvar": 0.000437749753473,
        "dvar2": 0.000936752883717,
        "max": 0.419182956219,
        "mean": 0.179063111544,
        "median": 0.170881733298,
        "min": 0.00783144310117,
        "var": 0.00288776587695
    },
    "melbands_kurtosis": {
        "dmean": 3.6650428772,
        "dmean2": 5.66370201111,
        "dvar": 65.6349716187,
        "dvar2": 137.820999146,
        "max": 206.380691528,
        "mean": 6.90972471237,
        "median": 2.8459072113,
        "min": -1.84065330029,
        "var": 167.168075562
    },
    "melbands_skewness": {
        "dmean": 0.506446778774,
        "dmean2": 0.777256250381,
        "dvar": 0.362575680017,
        "dvar2": 0.778939962387,
        "max": 11.6880578995,
        "mean": 1.7001285553,
        "median": 1.39833700657,
        "min": -1.01483786106,
        "var": 1.97269272804
    },
    "melbands_spread": {
        "dmean": 6.06714200974,
        "dmean2": 9.31227302551,
        "dvar": 92.2734985352,
        "dvar2": 173.831878662,
        "max": 230.512741089,
        "mean": 28.5325183868,
        "median": 25.4813747406,
        "min": 1.59734487534,
        "var": 351.004638672
    },
    "pitch_salience": {
        "dmean": 0.057797010988,
        "dmean2": 0.0924061834812,
        "dvar": 0.00288431928493,
        "dvar2": 0.006926166825,
        "max": 0.865155339241,
        "mean": 0.546735942364,
        "median": 0.547048807144,
        "min": 0.141361191869,
        "var": 0.0134346401319
    },
    "silence_rate_20dB": {
        "dmean": 0,
        "dmean2": 0,
        "dvar": 0,
        "dvar2": 0,
        "max": 1,
        "mean": 1,
        "median": 1,
        "min": 1,
        "var": 0
    },
    "silence_rate_30dB": {
        "dmean": 0,
        "dmean2": 0,
        "dvar": 0,
        "dvar2": 0,
        "max": 1,
        "mean": 1,
        "median": 1,
        "min": 1,
        "var": 0
    },
    "silence_rate_60dB": {
        "dmean": 0.00938746798784,
        "dmean2": 0.0187771394849,
        "dvar": 0.00930078886449,
        "dvar2": 0.0224131718278,
        "max": 1,
        "mean": 0.0533849596977,
        "median": 0,
        "min": 0,
        "var": 0.0505241751671
    },
    "spectral_centroid": {
        "dmean": 185.046096802,
        "dmean2": 282.682617188,
        "dvar": 66593.4921875,
        "dvar2": 117249.773438,
        "max": 11215.6357422,
        "mean": 1461.22814941,
        "median": 1461.7923584,
        "min": 317.989685059,
        "var": 329800.90625
    },
    "spectral_complexity": {
        "dmean": 2.58906364441,
        "dmean2": 4.20068073273,
        "dvar": 7.19473934174,
        "dvar2": 17.4162197113,
        "max": 47,
        "mean": 18.4175758362,
        "median": 19,
        "min": 0,
        "var": 65.7518081665
    },
    "spectral_decrease": {
        "dmean": 1.41623779371e-09,
        "dmean2": 2.24234542046e-09,
        "dvar": 3.4585610483e-18,
        "dvar2": 8.43797595724e-18,
        "max": 6.67696258892e-29,
        "mean": -6.10170625137e-09,
        "median": -5.52900836226e-09,
        "min": -2.73761227021e-08,
        "var": 1.74165491864e-17
    },
    "spectral_energy": {
        "dmean": 0.00575988925993,
        "dmean2": 0.00910374708474,
        "dvar": 5.3931686125e-05,
        "dvar2": 0.000131740293,
        "max": 0.108641937375,
        "mean": 0.025476552546,
        "median": 0.0230180025101,
        "min": 1.09713520599e-20,
        "var": 0.000296765065286
    },
    "spectral_energyband_high": {
        "dmean": 0.000401841389248,
        "dmean2": 0.000587338057812,
        "dvar": 9.42736164689e-07,
        "dvar2": 1.87669331808e-06,
        "max": 0.022984707728,
        "mean": 0.000959520461038,
        "median": 0.000508017023094,
        "min": 8.09682511423e-21,
        "var": 2.51004939855e-06
    },
    "spectral_energyband_low": {
        "dmean": 0.00262927007861,
        "dmean2": 0.00419180700555,
        "dvar": 3.51532144123e-05,
        "dvar2": 8.5661864432e-05,
        "max": 0.0708497613668,
        "mean": 0.00640371674672,
        "median": 0.0036841025576,
        "min": 4.38367196686e-23,
        "var": 6.65018233121e-05
    },
    "spectral_energyband_middle_high": {
        "dmean": 0.00243782508187,
        "dmean2": 0.00373696768656,
        "dvar": 1.22483506857e-05,
        "dvar2": 2.91097057925e-05,
        "max": 0.0584293939173,
        "mean": 0.00975431781262,
        "median": 0.0056950552389,
        "min": 1.59498950865e-21,
        "var": 0.000105492050352
    },
    "spectral_energyband_middle_low": {
        "dmean": 0.00281206518412,
        "dmean2": 0.00452394690365,
        "dvar": 1.46032607518e-05,
        "dvar2": 3.68564069504e-05,
        "max": 0.0675784423947,
        "mean": 0.00880926381797,
        "median": 0.00644980324432,
        "min": 1.84917629478e-22,
        "var": 6.27585468465e-05
    },
    "spectral_entropy": {
        "dmean": 0.147440135479,
        "dmean2": 0.214488789439,
        "dvar": 0.0285235606134,
        "dvar2": 0.0530714429915,
        "max": 9.80967235565,
        "mean": 7.57325267792,
        "median": 7.58095979691,
        "min": 6.31017971039,
        "var": 0.151245057583
    },
    "spectral_flux": {
        "dmean": 0.0226794015616,
        "dmean2": 0.0362913310528,
        "dvar": 0.000587791437283,
        "dvar2": 0.0014050785685,
        "max": 0.296447068453,
        "mean": 0.0821000114083,
        "median": 0.074779510498,
        "min": 1.04744220242e-10,
        "var": 0.00206120428629
    },
    "spectral_kurtosis": {
        "dmean": 1.21142113209,
        "dmean2": 1.94681334496,
        "dvar": 1.94245266914,
        "dvar2": 4.78760242462,
        "max": 30.94871521,
        "mean": 4.82801294327,
        "median": 4.67416477203,
        "min": -1.24307835102,
        "var": 5.76323652267
    },
    "spectral_rms": {
        "dmean": 0.000540121051017,
        "dmean2": 0.000839095155243,
        "dvar": 3.49396231059e-07,
        "dvar2": 8.00341183549e-07,
        "max": 0.0102952485904,
        "mean": 0.00465142307803,
        "median": 0.00473883841187,
        "min": 3.27165985275e-12,
        "var": 3.21945185533e-06
    },
    "spectral_rolloff": {
        "dmean": 396.204620361,
        "dmean2": 647.569824219,
        "dvar": 953392.3125,
        "dvar2": 1842462.625,
        "max": 18863.0859375,
        "mean": 1748.73474121,
        "median": 1464.2578125,
        "min": 64.599609375,
        "var": 2494102.25
    },
    "spectral_skewness": {
        "dmean": 0.178565248847,
        "dmean2": 0.278759539127,
        "dvar": 0.0405713282526,
        "dvar2": 0.085887350142,
        "max": 4.3774228096,
        "mean": 1.76937651634,
        "median": 1.7839795351,
        "min": -0.0312950909138,
        "var": 0.160797327757
    },
    "spectral_spread": {
        "dmean": 625553.3125,
        "dmean2": 862318.5625,
        "dvar": 775194804224,
        "dvar2": 1.22722543206e+12,
        "max": 40253304,
        "mean": 5155671.5,
        "median": 4813700,
        "min": 2154516.75,
        "var": 3.22309482086e+12
    },
    "spectral_strongpeak": {
        "dmean": 0.788927972317,
        "dmean2": 1.3391135931,
        "dvar": 1.71302556992,
        "dvar2": 4.25500583649,
        "max": 13.3945608139,
        "mean": 1.71203768253,
        "median": 0.685226619244,
        "min": 0,
        "var": 4.46116781235
    },
    "zerocrossingrate": {
        "dmean": 0.0107983956113,
        "dmean2": 0.0123171107844,
        "dvar": 0.000254298502114,
        "dvar2": 0.000275515514659,
        "max": 0.5048828125,
        "mean": 0.0714507326484,
        "median": 0.0654296875,
        "min": 0.00341796875,
        "var": 0.00160981004592
    },
    "barkbands": {
        "dmean": [7.76973829488e-05, 0.00226831925102, 0.000718593539204, 0.000385505700251, 0.000592217489611, 0.000769196834881, 0.000707436935045, 0.00075552763883, 0.00114293012302, 0.00099053804297, 0.000633608724456, 0.000760313414503, 0.00070154631976, 0.000606853922363, 0.000457765068859, 0.000461960211396, 0.00019372679526, 0.000171287480043, 0.000117423500342, 0.000127184219309, 8.43106536195e-05, 5.90977251704e-05, 6.84363476466e-05, 7.83608993515e-05, 9.17378929444e-05, 4.40477051598e-05, 8.08743334346e-06],
        "dmean2": [0.00012549389794, 0.00362059124745, 0.0012536275899, 0.000680187367834, 0.000987603678368, 0.00121270189993, 0.00113328627776, 0.00115724036004, 0.00176617491525, 0.00149540801067, 0.00100945390295, 0.0011999795679, 0.00105641188566, 0.000917644938454, 0.000718627474271, 0.000703574391082, 0.000301956402836, 0.000272256060271, 0.000188007368706, 0.000197048735572, 0.000134478948894, 9.31391696213e-05, 0.00010309850768, 0.000115986345918, 0.000135385635076, 6.30953654763e-05, 1.20535460155e-05],
        "dvar": [4.83849049715e-08, 3.09733513859e-05, 5.77741866437e-06, 1.09475604404e-06, 1.12514919692e-06, 2.19836215365e-06, 2.39511928157e-06, 2.65712333203e-06, 6.32101591691e-06, 5.78182334721e-06, 2.92075583275e-06, 3.17361218549e-06, 3.60982039638e-06, 2.22470657718e-06, 1.32973866585e-06, 1.32317529733e-06, 2.7504955824e-07, 1.07798769022e-07, 4.39986607148e-08, 5.63704212198e-08, 3.78336082463e-08, 5.51539294236e-08, 6.52737170981e-08, 7.06440275167e-08, 7.98791717216e-08, 1.31767912137e-08, 4.80734008157e-10],
        "dvar2": [1.23832762711e-07, 7.6618976891e-05, 1.61467687576e-05, 3.14984094985e-06, 3.07139339384e-06, 5.34999207957e-06, 5.91992602494e-06, 6.01263627686e-06, 1.46646607391e-05, 1.20887652884e-05, 6.86114753989e-06, 6.91835475664e-06, 6.76458921589e-06, 4.39669065599e-06, 2.93621951641e-06, 2.71946555586e-06, 5.42021609817e-07, 2.69682772114e-07, 1.11437771011e-07, 1.27454399035e-07, 8.89594389264e-08, 1.25149526298e-07, 1.44033066363e-07, 1.4470855092e-07, 1.64880091802e-07, 2.5321410746e-08, 9.77948166891e-10],
        "max": [0.0068851490505, 0.0679497942328, 0.034476146102, 0.0149857709184, 0.02552693896, 0.0292154178023, 0.0404194109142, 0.031626470387, 0.0494332388043, 0.0479850582778, 0.0441147834063, 0.0422540195286, 0.035905469209, 0.0287191532552, 0.027351276949, 0.0225452501327, 0.016406763345, 0.00845732819289, 0.00404810160398, 0.00580166885629, 0.0045440774411, 0.00667501427233, 0.00684784445912, 0.00947634596378, 0.00778011558577, 0.00386455701664, 0.000647725479212],
        "mean": [0.00012147876987, 0.00499114533886, 0.00103835202754, 0.000505067175254, 0.0012114001438, 0.00157396716531, 0.0012618729379, 0.00137948116753, 0.00233019911684, 0.0018127921503, 0.00131218705792, 0.00139540154487, 0.00147688679863, 0.00113375636283, 0.000842305948026, 0.000874959747307, 0.000434678193415, 0.000407508952776, 0.000272325996775, 0.000322180712828, 0.000150400024722, 9.2212932941e-05, 0.000116433518997, 0.000154306413606, 0.000182767995284, 7.29475286789e-05, 9.48925753619e-06],
        "median": [2.41059187829e-05, 0.00200857850723, 0.0005871335743, 0.00026011231239, 0.000792705919594, 0.000664260820486, 0.000443656899733, 0.000453468353953, 0.000617041718215, 0.000358792458428, 0.000221228954615, 0.000412130961195, 0.000250980607234, 0.000240272303927, 0.000217530570808, 0.000202454917599, 0.000127461287775, 0.0001550236193, 0.000140741249197, 0.000139666139148, 6.91884779371e-05, 3.09303759423e-05, 4.03626982006e-05, 6.22173174634e-05, 6.53471870464e-05, 1.90589034901e-05, 4.37385551777e-07],
        "min": [1.55950180566e-23, 2.36801749588e-23, 1.07945880336e-23, 1.28759841214e-23, 4.01238890202e-23, 3.46828660769e-23, 3.77233032441e-23, 4.25222123433e-23, 1.30926258363e-23, 4.55463800432e-23, 7.951556997e-23, 2.0901788549e-22, 8.44814304357e-23, 9.24013856649e-23, 2.37013751223e-22, 1.57201348671e-22, 1.27116150121e-22, 1.34758104457e-22, 2.78905799387e-22, 3.90523609511e-22, 3.51072991185e-22, 6.52059550046e-22, 6.49055214309e-22, 8.64013474851e-22, 1.14687905306e-21, 1.87489472539e-21, 2.63061226445e-21],
        "var": [1.08832281853e-07, 5.29354292667e-05, 4.15674139731e-06, 8.22180595605e-07, 2.023702109e-06, 6.26066548648e-06, 4.93728430229e-06, 6.96528513799e-06, 1.97382451006e-05, 1.5475859982e-05, 9.9842036434e-06, 8.56457791087e-06, 1.58254224516e-05, 7.65373079048e-06, 4.3921500037e-06, 4.09201220464e-06, 1.25867575207e-06, 5.98129361151e-07, 1.50292919443e-07, 2.27526982144e-07, 7.23765936073e-08, 7.39864276511e-08, 1.10394793751e-07, 1.76986034717e-07, 1.92109226305e-07, 3.31534515396e-08, 8.55670312383e-10]
    },
    "erbbands": {
        "dmean": [0.0730274841189, 0.494010329247, 0.836437940598, 1.05371510983, 1.63241183758, 2.0974342823, 3.28052020073, 7.99467992783, 8.76193237305, 12.6114034653, 16.6615219116, 20.7605323792, 34.7537727356, 28.7228412628, 21.2461910248, 25.0088386536, 25.4585838318, 27.3618240356, 22.2759132385, 21.8150844574, 23.6146068573, 10.3921165466, 9.72881984711, 6.79519224167, 4.88018083572, 6.0910358429, 4.31100749969, 2.3089993, 2.12296819687, 1.98062825203, 2.00186133385, 1.71957969666, 1.3130480051, 1.12575757504, 0.647692263126, 0.239029586315, 0.0732559934258, 0.0158169027418, 0.00127045321278, 3.1453470001e-05],
        "dmean2": [0.118678733706, 0.784637212753, 1.40007042885, 1.85976147652, 2.8138422966, 3.47330665588, 5.11816549301, 12.6909475327, 13.862994194, 19.6895694733, 25.1439266205, 30.5496807098, 50.5021934509, 43.4644203186, 32.8027458191, 37.7413063049, 36.7103424072, 39.7727203369, 32.8412284851, 33.1113395691, 36.4721450806, 15.8345870972, 15.1062383652, 10.5881414413, 7.6490149498, 9.26913261414, 6.61930036545, 3.76522469521, 3.36274528503, 3.13102054596, 2.99219250679, 2.59559345245, 1.96925497055, 1.69514477253, 0.947717726231, 0.346556246281, 0.106720015407, 0.0230061803013, 0.00188500084914, 4.55988410977e-05],
        "dvar": [0.033394522965, 1.5682746172, 6.59744548798, 10.4412326813, 10.7207126617, 18.2114620209, 36.8297805786, 269.15637207, 456.106811523, 738.905273438, 1322.14453125, 2478.21728516, 6125.82958984, 4678.09814453, 1956.79272461, 3556.39501953, 4450.47705078, 4652.54296875, 2878.14453125, 2994.6784668, 3529.32177734, 795.820129395, 462.570159912, 168.067062378, 67.5031280518, 169.995834351, 84.9098739624, 50.7647857666, 73.7123413086, 60.5716819763, 55.7004508972, 40.0748062134, 20.5314159393, 11.3463964462, 4.66457557678, 0.481538772583, 0.0375582166016, 0.0013295650715, 1.37786319101e-05, 6.67091537565e-09],
        "dvar2": [0.0875158682466, 3.80280065536, 17.6324081421, 29.805273056, 30.6822738647, 49.7356109619, 84.0752105713, 654.88067627, 1104.48742676, 1823.47485352, 2896.56347656, 4875.43408203, 12255.1083984, 10465.4931641, 4487.47314453, 7178.08447266, 8097.91796875, 8915.81542969, 5531.38964844, 6111.70019531, 7574.61474609, 1626.60351562, 1044.66516113, 368.236419678, 156.364929199, 381.002075195, 181.540359497, 119.959465027, 170.568603516, 140.460403442, 120.356414795, 87.012336731, 42.0323295593, 24.6840572357, 9.80946350098, 0.956853210926, 0.0755903497338, 0.00274211657234, 2.74079684459e-05, 1.2480814604e-08],
        "max": [1.95913183689, 16.3094558716, 32.1596946716, 44.3488311768, 76.3801498413, 142.500564575, 144.014602661, 354.109954834, 687.364562988, 852.890441895, 823.341491699, 1315.45092773, 1930.49084473, 1861.53027344, 893.262329102, 1652.01342773, 1702.80114746, 1601.07458496, 1030.98327637, 1513.90649414, 1172.13830566, 881.734008789, 555.015991211, 312.379180908, 182.750808716, 362.575378418, 247.854812622, 189.441055298, 284.816223145, 199.218765259, 193.068023682, 262.727508545, 243.014007568, 111.594665527, 69.7767486572, 20.0586204529, 6.26587724686, 0.7911927104, 0.118239060044, 0.00336388056166],
        "mean": [0.122040711343, 1.17105877399, 1.53013777733, 1.51335370541, 2.62614202499, 4.05074357986, 6.68424224854, 15.773024559, 16.8654575348, 23.4032058716, 32.2545433044, 42.8336753845, 70.8479537964, 61.5406417847, 46.7844734192, 50.9887695312, 60.9987564087, 63.9944343567, 47.0299873352, 45.0898246765, 48.3937530518, 26.6152248383, 23.4445705414, 16.2884216309, 12.9593887329, 15.1115980148, 10.0238399506, 3.7821252346, 3.32914638519, 3.20192170143, 3.38413381577, 3.10260748863, 2.67208123207, 2.29286718369, 1.1521320343, 0.388951390982, 0.119080469012, 0.0232147984207, 0.00155853293836, 6.7584340286e-05],
        "median": [0.0431889407337, 0.463492929935, 1.05779051781, 0.882122516632, 1.60300588608, 2.34076738358, 3.39996123314, 5.84661054611, 7.1439576149, 10.0047168732, 11.7406616211, 12.8469810486, 20.5456008911, 17.8121166229, 16.0338420868, 17.3941936493, 14.0083675385, 17.4720630646, 15.2624063492, 13.2797355652, 13.0421648026, 9.02689170837, 9.11145305634, 8.35488891602, 7.13498783112, 6.43540000916, 4.66529369354, 1.77717149258, 1.15637516975, 1.06293272972, 1.16236484051, 1.16759765148, 1.04705011845, 0.845699608326, 0.34638723731, 0.0969820693135, 0.0330704338849, 0.00485394429415, 0.000131487788167, 4.12758963648e-05],
        "min": [6.95270447426e-22, 5.59397893294e-21, 1.06032978847e-20, 2.4687990557e-20, 3.76303880008e-20, 1.18631852383e-19, 5.32111277684e-19, 1.29234498379e-19, 4.12572460533e-19, 6.25254451295e-19, 9.82928899127e-19, 4.02063182549e-19, 5.10539854874e-19, 2.37288442637e-18, 4.31815328559e-18, 8.32605593882e-18, 3.75771980902e-18, 4.81850036246e-18, 1.3372130645e-17, 8.0796537236e-18, 8.21823790906e-18, 7.67099093223e-18, 7.75534598392e-18, 1.17480111431e-17, 1.3250722865e-17, 2.04720733054e-17, 1.27313609737e-17, 1.61438027738e-17, 1.5353223249e-17, 3.12398423354e-17, 1.80150755709e-17, 1.56774664686e-17, 1.69788713807e-17, 1.33074889617e-17, 7.21143006341e-18, 6.2810433666e-18, 3.70305475106e-18, 1.44533030617e-18, 3.25815224648e-19, 4.00118991454e-20],
        "var": [0.0405651368201, 2.97605228424, 5.88190317154, 7.46269464493, 11.8569231033, 30.9369430542, 109.4559021, 729.129821777, 929.885742188, 1383.26672363, 3614.01489258, 7516.68261719, 19072.8613281, 15971.9570312, 6742.69335938, 12259.7265625, 22989.4628906, 22494.4804688, 10325.2246094, 11281.4414062, 10653.9267578, 3594.63989258, 2108.33178711, 584.940124512, 262.900634766, 569.301574707, 269.794372559, 66.8608093262, 91.954246521, 90.5173339844, 97.4358139038, 87.468788147, 51.0378227234, 27.8142204285, 9.88300800323, 1.14745306969, 0.0856285244226, 0.00269506196491, 2.61510685959e-05, 1.52081085503e-08]
    },
    "gfcc": {
        "mean": [10.9901218414, 73.2438049316, -120.908088684, 11.5901384354, -58.0776062012, 19.4928951263, -39.5964851379, 19.3384056091, -27.134311676, 7.25369739532, -14.9492273331, -0.688716292381, -8.86310577393],
        "cov": [[4564.91894531, -615.053894043, 112.110977173, 232.172607422, 260.6171875, 154.500457764, 181.330184937, 344.480102539, 38.1715087891, 367.478942871, 221.875717163, 125.82951355, 68.8729324341], [-615.053894043, 1051.10620117, 118.226501465, 156.538040161, 152.454391479, 29.3306560516, 91.7112731934, 37.202495575, 27.1580314636, -31.014421463, 133.30657959, -88.729927063, 66.0586090088], [112.110977173, 118.226501465, 1200.62231445, 291.049621582, 45.0902442932, 130.430496216, 9.15922451019, 24.3011474609, 65.1083297729, 51.1773262024, 16.4299163818, 64.0483932495, -40.4782943726], [232.172607422, 156.538040161, 291.049621582, 408.631286621, 162.255477905, 118.433525085, 83.7713546753, 83.0018539429, 104.109367371, 74.1636734009, 58.4749832153, 42.6237297058, 28.0187397003], [260.6171875, 152.454391479, 45.0902442932, 162.255477905, 339.27545166, 116.510093689, 127.764007568, 100.50151825, 62.9849128723, 79.3985748291, 65.2994384766, 27.94373703, 29.1696987152], [154.500457764, 29.3306560516, 130.430496216, 118.433525085, 116.510093689, 255.276748657, 176.638259888, 11.1351594925, 8.21263217926, 69.4943313599, 58.4068565369, 21.1904411316, -7.55115604401], [181.330184937, 91.7112731934, 9.15922451019, 83.7713546753, 127.764007568, 176.638259888, 290.774902344, 26.1829299927, -9.41715908051, 64.9682998657, 80.1423568726, 19.7602939606, -8.11837005615], [344.480102539, 37.202495575, 24.3011474609, 83.0018539429, 100.50151825, 11.1351594925, 26.1829299927, 187.114685059, 75.9113311768, 35.277759552, 29.1455612183, 24.523557663, 42.1631813049], [38.1715087891, 27.1580314636, 65.1083297729, 104.109367371, 62.9849128723, 8.21263217926, -9.41715908051, 75.9113311768, 156.908569336, 37.3705177307, -7.00356578827, 33.1891365051, 13.9953994751], [367.478942871, -31.014421463, 51.1773262024, 74.1636734009, 79.3985748291, 69.4943313599, 64.9682998657, 35.277759552, 37.3705177307, 134.505050659, 70.6326675415, 32.347946167, 11.2442979813], [221.875717163, 133.30657959, 16.4299163818, 58.4749832153, 65.2994384766, 58.4068565369, 80.1423568726, 29.1455612183, -7.00356578827, 70.6326675415, 142.303817749, 22.7322502136, 26.3430156708], [125.82951355, -88.729927063, 64.0483932495, 42.6237297058, 27.94373703, 21.1904411316, 19.7602939606, 24.523557663, 33.1891365051, 32.347946167, 22.7322502136, 123.101470947, 20.0937576294], [68.8729324341, 66.0586090088, -40.4782943726, 28.0187397003, 29.1696987152, -7.55115604401, -8.11837005615, 42.1631813049, 13.9953994751, 11.2442979813, 26.3430156708, 20.0937576294, 106.498008728]],
        "icov": [[0.000385866005672, 0.000311582611175, -3.31063602061e-05, -0.000126359198475, -5.4070733313e-05, 0.000134104091558, -4.4356824219e-05, -0.00067148526432, 0.000407896848628, -0.000704602978658, -0.000351951748598, 0.000171158448211, -5.98137194174e-05], [0.000311582611175, 0.00199500890449, -0.000311737909215, -0.000374389259377, -0.000727413338609, 0.000683770980686, -0.000582522829063, 4.46060075774e-05, -0.000641896680463, 0.00147264974657, -0.00267831841484, 0.00199683289975, -0.00105868838727], [-3.31063602061e-05, -0.000311737909215, 0.00118520075921, -0.000804982031696, 0.000361529382644, -0.000708273379132, 0.000621980638243, -0.000132604996907, 0.000283154076897, -0.000313046999509, 0.000475723965792, -0.000783630937804, 0.000853728153743], [-0.000126359198475, -0.000374389259377, -0.000804982031696, 0.00453326571733, -0.000923511164729, -0.00095266388962, -8.39122367324e-05, 3.28555761371e-05, -0.00209276052192, -2.34478429775e-05, -0.000312814343488, -0.000179998634849, -0.000629852409475], [-5.4070733313e-05, -0.000727413338609, 0.000361529382644, -0.000923511164729, 0.00515093933791, -0.00109420937952, -0.000761557545047, -0.00172560149804, -9.12998584681e-05, -0.00158038164955, 0.000827698560897, -0.000579356972594, 8.66816480993e-05], [0.000134104091558, 0.000683770980686, -0.000708273379132, -0.00095266388962, -0.00109420937952, 0.00840617530048, -0.00436016963795, 0.00105263735168, 0.000120926313684, -0.00118132587522, -0.000563874316867, 0.00077341881115, -0.000280420703348], [-4.4356824219e-05, -0.000582522829063, 0.000621980638243, -8.39122367324e-05, -0.000761557545047, -0.00436016963795, 0.00728243915364, -0.000748763908632, 0.00140344561078, -0.000551082543097, -0.00103574281093, -0.00109104439616, 0.00173531763721], [-0.00067148526432, 4.46060075774e-05, -0.000132604996907, 3.28555761371e-05, -0.00172560149804, 0.00105263735168, -0.000748763908632, 0.00952104106545, -0.00421486096457, 0.0020105142612, -0.000981673365459, 0.00039473164361, -0.00242173019797], [0.000407896848628, -0.000641896680463, 0.000283154076897, -0.00209276052192, -9.12998584681e-05, 0.000120926313684, 0.00140344561078, -0.00421486096457, 0.0114846713841, -0.00450488412753, 0.00385595625266, -0.00248963199556, 0.00108415237628], [-0.000704602978658, 0.00147264974657, -0.000313046999509, -2.34478429775e-05, -0.00158038164955, -0.00118132587522, -0.000551082543097, 0.0020105142612, -0.00450488412753, 0.0161221846938, -0.0073629305698, 0.000616270175669, -0.000464692566311], [-0.000351951748598, -0.00267831841484, 0.000475723965792, -0.000312814343488, 0.000827698560897, -0.000563874316867, -0.00103574281093, -0.000981673365459, 0.00385595625266, -0.0073629305698, 0.0152884926647, -0.00325232045725, -0.000702369143255], [0.000171158448211, 0.00199683289975, -0.000783630937804, -0.000179998634849, -0.000579356972594, 0.00077341881115, -0.00109104439616, 0.00039473164361, -0.00248963199556, 0.000616270175669, -0.00325232045725, 0.0115081900731, -0.0027304419782], [-5.98137194174e-05, -0.00105868838727, 0.000853728153743, -0.000629852409475, 8.66816480993e-05, -0.000280420703348, 0.00173531763721, -0.00242173019797, 0.00108415237628, -0.000464692566311, -0.000702369143255, -0.0027304419782, 0.0122183440253]]
    },
    "melbands": {
        "dmean": [0.000644427957013, 0.000465473072836, 0.000192188002984, 0.000129912557895, 0.000106565043097, 0.000167838777998, 0.000137409748277, 0.000146215286804, 0.000128241299535, 0.0001503166568, 0.000178737667738, 0.00012009045895, 7.89207042544e-05, 8.24552334961e-05, 6.11919022049e-05, 6.62027377984e-05, 5.42368507013e-05, 3.87807558582e-05, 3.72850445274e-05, 3.12325246341e-05, 2.92569784506e-05, 1.31011547637e-05, 9.73274018179e-06, 9.43125360209e-06, 6.22373545411e-06, 4.8370584409e-06, 3.9129849938e-06, 4.79657819596e-06, 3.53822838406e-06, 1.63038282608e-06, 1.40783185998e-06, 1.26237148379e-06, 1.17000467981e-06, 1.14200224743e-06, 1.1971069398e-06, 1.16340424938e-06, 1.1340994206e-06, 1.01680586795e-06, 8.83426707787e-07, 1.06130619315e-06],
        "dmean2": [0.00103734084405, 0.000742440461181, 0.000335617805831, 0.000220279893256, 0.000167242236785, 0.000266691640718, 0.000217753011384, 0.000227413242101, 0.000195123342564, 0.000226515490795, 0.000260021624854, 0.000182197778486, 0.00012096856517, 0.000129767649923, 9.32501643547e-05, 9.70018299995e-05, 7.75360531406e-05, 5.88370312471e-05, 5.80913983868e-05, 4.55985282315e-05, 4.54071014246e-05, 2.02634182642e-05, 1.49510724441e-05, 1.4868256585e-05, 9.68974472926e-06, 7.65661388868e-06, 6.23327423455e-06, 7.39097686164e-06, 5.51166385776e-06, 2.59164744421e-06, 2.33262881011e-06, 2.03524723474e-06, 1.8888415525e-06, 1.79649134679e-06, 1.81534414878e-06, 1.7909228518e-06, 1.73373780399e-06, 1.54350288994e-06, 1.34758727199e-06, 1.61223124451e-06],
        "dvar": [2.55474606092e-06, 1.46341233176e-06, 2.86052653564e-07, 6.55685212791e-08, 3.46524977601e-08, 1.13987042027e-07, 9.80803136486e-08, 9.01822758692e-08, 7.7241928409e-08, 1.20000208881e-07, 1.54483160486e-07, 8.21259646955e-08, 3.65307251116e-08, 3.21775708301e-08, 3.67600065942e-08, 2.67995723391e-08, 1.93612628152e-08, 1.04207478202e-08, 1.04317967597e-08, 6.78087141992e-09, 5.91984328224e-09, 1.39978528768e-09, 5.7589855107e-10, 3.92448212816e-10, 1.66535257806e-10, 8.60542609393e-11, 4.94591902156e-11, 1.27023364049e-10, 5.77099722177e-11, 1.72470787652e-11, 2.09886916874e-11, 2.4449596861e-11, 2.31341994172e-11, 1.86871004781e-11, 1.91021747031e-11, 2.1424872293e-11, 1.91120713006e-11, 1.35419028421e-11, 6.95076505033e-12, 1.06146272327e-11],
        "dvar2": [6.52620428809e-06, 3.49527022081e-06, 8.14740701571e-07, 1.8355086695e-07, 8.13513949538e-08, 2.77883657418e-07, 2.3813358041e-07, 2.2040116221e-07, 1.71691468154e-07, 2.52389639854e-07, 3.12264489821e-07, 1.83206907423e-07, 8.39173921463e-08, 7.40138403899e-08, 8.77342216654e-08, 5.2154987884e-08, 3.56355904785e-08, 2.10376249754e-08, 2.43706157477e-08, 1.25232935133e-08, 1.25321353295e-08, 2.89690649247e-09, 1.25012578067e-09, 9.5992336302e-10, 3.54590162788e-10, 2.02498559587e-10, 1.18427101459e-10, 2.91199897529e-10, 1.28628538376e-10, 4.12168250918e-11, 5.05931650741e-11, 5.73549749361e-11, 5.38482695933e-11, 4.36460208253e-11, 4.13744108418e-11, 4.90425269839e-11, 4.28515452289e-11, 2.84896863045e-11, 1.4802775325e-11, 2.34025698126e-11],
        "max": [0.0187277160585, 0.0156403444707, 0.00699028652161, 0.0062395632267, 0.00414195843041, 0.00700743077323, 0.00971192866564, 0.00958886370063, 0.00588171603158, 0.00866057630628, 0.00944983307272, 0.00789956562221, 0.00443551037461, 0.00417634425685, 0.00535442074761, 0.00489666685462, 0.00314395315945, 0.00225992314517, 0.00254652509466, 0.00223191687837, 0.00164066825528, 0.00111425563227, 0.000556545215659, 0.000409894768381, 0.000268372008577, 0.000179231516086, 0.000237707106862, 0.000309248192934, 0.000215854830458, 0.000120739685372, 0.000118935837236, 0.000144128483953, 0.000141171942232, 0.000115767776151, 0.000112683817861, 0.000129129432025, 0.000204084877623, 0.000178887232323, 0.000129575375468, 8.39359126985e-05],
        "mean": [0.00129124929663, 0.0011191413505, 0.000294504541671, 0.000237802800257, 0.00022311838984, 0.000338254845701, 0.000268214207608, 0.000277389044641, 0.000246455776505, 0.00031297840178, 0.000359072495485, 0.000250434706686, 0.0001672594517, 0.000154607827426, 0.000124518221128, 0.000160714116646, 0.000107373285573, 7.57808375056e-05, 6.92553512636e-05, 5.3989188018e-05, 5.54248908884e-05, 2.71667577181e-05, 2.11145725189e-05, 1.92396837519e-05, 1.2544150195e-05, 1.05173521661e-05, 9.22789786273e-06, 1.0349650438e-05, 7.66179528e-06, 2.81694178739e-06, 1.9677236196e-06, 1.88792319022e-06, 1.75158527327e-06, 1.78758261882e-06, 1.92918810171e-06, 1.89263369066e-06, 1.93520850189e-06, 1.8916970248e-06, 1.77470519702e-06, 2.01142461265e-06],
        "median": [0.000464898534119, 0.000651800888591, 0.000187428668141, 0.000153019180289, 0.000120633681945, 0.000132065164507, 0.00011477789667, 0.000114473237772, 8.10726633063e-05, 8.00967318355e-05, 9.3604758149e-05, 6.06637840974e-05, 4.1396033339e-05, 4.49524159194e-05, 2.1960662707e-05, 2.80575295619e-05, 2.43586400757e-05, 1.59418887051e-05, 1.73309290403e-05, 1.24624884847e-05, 1.29348927658e-05, 7.93345679995e-06, 6.78526293996e-06, 7.5752009252e-06, 5.96552990828e-06, 5.15333567819e-06, 4.48862783742e-06, 3.7682546008e-06, 3.18493471241e-06, 1.2846496702e-06, 7.41218684652e-07, 6.32811236301e-07, 5.49344235878e-07, 5.80563835229e-07, 6.40544442376e-07, 6.41750602881e-07, 6.71474253977e-07, 6.90202682563e-07, 7.11480140581e-07, 6.73830754749e-07],
        "min": [7.74884972108e-24, 6.34805481775e-24, 5.51387345909e-24, 3.58743805208e-24, 1.62880228955e-23, 3.92776487394e-24, 6.58654600763e-24, 7.62588050545e-24, 7.06750582407e-24, 1.96883727231e-24, 2.48099653756e-24, 8.80200506196e-24, 1.36932116759e-23, 2.01162733607e-23, 1.66754813954e-23, 7.73533732263e-24, 8.27061100126e-24, 2.15243742993e-23, 1.25908550804e-23, 1.01757755628e-23, 9.62175776023e-24, 7.54777223178e-24, 6.6506243901e-24, 8.04706359794e-24, 9.58685934264e-24, 1.05948531856e-23, 9.17705714643e-24, 1.5414331044e-23, 7.44585298055e-24, 7.85469592189e-24, 9.87018268105e-24, 7.85991896995e-24, 1.30183798257e-23, 1.6757515041e-23, 9.22917403099e-24, 1.07982065386e-23, 8.98407889205e-24, 1.2525987837e-23, 1.02992212504e-23, 1.20781104803e-23],
        "var": [3.75913691641e-06, 2.30968589676e-06, 2.14273299548e-07, 9.40123072724e-08, 1.0351002544e-07, 3.12753371645e-07, 2.08621870001e-07, 1.85931881447e-07, 2.25174972002e-07, 4.06790633178e-07, 4.84895167574e-07, 2.81739801267e-07, 1.26343095985e-07, 1.03393624329e-07, 1.62369715895e-07, 1.96784924356e-07, 7.22465216541e-08, 3.93490395822e-08, 3.58691352176e-08, 2.18659241824e-08, 1.6674524872e-08, 5.12914954953e-09, 2.04901118295e-09, 1.29586408271e-09, 4.31150282143e-10, 2.53119025739e-10, 1.67168612286e-10, 3.3753017048e-10, 1.72038008839e-10, 2.98001449905e-11, 2.54922090381e-11, 2.92180550587e-11, 3.06796810179e-11, 2.80853534873e-11, 3.22281125398e-11, 3.48024734032e-11, 4.03994789011e-11, 3.04070900403e-11, 1.85473875841e-11, 2.38461507485e-11]
    },
    "mfcc": {
        "mean": [-636.084106445, 114.569320679, -5.62337827682, 1.22626960278, 3.4373292923, -5.27434396744, 5.9289894104, 0.652609825134, 1.76035666466, 6.18848562241, -2.77997922897, 1.04913067818, 0.607865333557],
        "cov": [[4179.25585938, -618.650390625, -261.995941162, 161.616912842, 80.2864685059, -53.2608146667, 288.175598145, 6.85297346115, 84.9467391968, 215.98046875, 123.095222473, 114.475242615, 306.734985352], [-618.650390625, 795.614440918, 91.9807357788, 97.6356658936, 102.608924866, -23.6327362061, 118.094017029, 6.53841114044, -4.19150924683, 35.4187965393, 3.16787695885, 17.9679222107, 9.2242975235], [-261.995941162, 91.9807357788, 1006.10211182, 188.369949341, 143.943740845, 129.368225098, 8.71280002594, 25.0848808289, 15.4738969803, -11.6474628448, 34.8857498169, 69.8999404907, 13.7526159286], [161.616912842, 97.6356658936, 188.369949341, 309.955078125, 159.207046509, 69.727104187, 54.3540229797, 62.3469200134, 67.7529373169, 48.3862533569, 54.1719207764, 71.7038803101, 78.2899551392], [80.2864685059, 102.608924866, 143.943740845, 159.207046509, 283.584075928, -2.64155220985, 13.1404781342, 29.3493709564, 89.7574081421, 28.1897773743, 28.7234535217, 58.0377578735, 59.534942627], [-53.2608146667, -23.6327362061, 129.368225098, 69.727104187, -2.64155220985, 321.10055542, 133.631576538, 74.0348510742, 9.70566940308, 52.6656341553, 79.6686706543, 6.43208837509, 33.9799690247], [288.175598145, 118.094017029, 8.71280002594, 54.3540229797, 13.1404781342, 133.631576538, 326.241394043, 42.464050293, -3.44100356102, 83.1254882812, 43.0271377563, 18.0862941742, 74.6331787109], [6.85297346115, 6.53841114044, 25.0848808289, 62.3469200134, 29.3493709564, 74.0348510742, 42.464050293, 147.371536255, 54.8287124634, 24.7170963287, 50.7968673706, 19.8986263275, 21.3275661469], [84.9467391968, -4.19150924683, 15.4738969803, 67.7529373169, 89.7574081421, 9.70566940308, -3.44100356102, 54.8287124634, 134.941925049, 30.8758983612, 16.9248352051, 28.0341892242, 25.5167808533], [215.98046875, 35.4187965393, -11.6474628448, 48.3862533569, 28.1897773743, 52.6656341553, 83.1254882812, 24.7170963287, 30.8758983612, 140.520431519, 51.0397567749, 1.66017627716, 29.3815822601], [123.095222473, 3.16787695885, 34.8857498169, 54.1719207764, 28.7234535217, 79.6686706543, 43.0271377563, 50.7968673706, 16.9248352051, 51.0397567749, 122.977836609, 27.9696979523, 30.1125526428], [114.475242615, 17.9679222107, 69.8999404907, 71.7038803101, 58.0377578735, 6.43208837509, 18.0862941742, 19.8986263275, 28.0341892242, 1.66017627716, 27.9696979523, 105.762504578, 49.6524391174], [306.734985352, 9.2242975235, 13.7526159286, 78.2899551392, 59.534942627, 33.9799690247, 74.6331787109, 21.3275661469, 25.5167808533, 29.3815822601, 30.1125526428, 49.6524391174, 146.264007568]],
