{
"lowlevel": {
    "average_loudness": 0.90391933918,
    "barkbands_crest": {
        "dmean": 2.603972435,
        "dmean2": 4.30938863754,
        "dvar": 5.29076814651,
        "dvar2": 14.0093450546,
        "max": 24.7185592651,
        "mean": 8.6640586853,
        "median": 7.93608140945,
        "min": 2.32352590561,
        "var": 12.6134691238
    },
    "barkbands_flatness_db": {
        "dmean": 0.0181769449264,
        "dmean2": 0.0281835049391,
        "dvar": 0.000277201179415,
        "dvar2": 0.000663724786136,
        "max": 0.330939978361,
        "mean": 0.100629374385,
        "median": 0.0908425599337,
        "min": 0.0157874915749,
        "var": 0.0021475055255
    },
    "barkbands_kurtosis": {
        "dmean": 1.95091974735,
        "dmean2": 3.14081931114,
        "dvar": 8.07798480988,
        "dvar2": 19.941619873,
        "max": 38.2691955566,
        "mean": 2.1846549511,
        "median": 0.946421384811,
        "min": -1.91516935825,
        "var": 16.282617569
    },
    "barkbands_skewness": {
        "dmean": 0.514492690563,
        "dmean2": 0.78951472044,
        "dvar": 0.264700323343,
        "dvar2": 0.611839234829,
        "max": 5.70570468903,
        "mean": 1.19747292995,
        "median": 1.10063123703,
        "min": -2.92139840126,
        "var": 0.895748853683
    },
    "barkbands_spread": {
        "dmean": 6.72333240509,
        "dmean2": 10.4061746597,
        "dvar": 74.4252090454,
        "dvar2": 156.862411499,
        "max": 121.847183228,
        "mean": 27.3292369843,
        "median": 25.3016681671,
        "min": 1.58635735512,
        "var": 250.657699585
    },
    "dissonance": {
        "dmean": 0.0187828298658,
        "dmean2": 0.0317364446819,
        "dvar": 0.000368760578567,
        "dvar2": 0.00100200832821,
        "max": 0.500000178814,
        "mean": 0.468858659267,
        "median": 0.475757360458,
        "min": 0.301473081112,
        "var": 0.000681875273585
    },
    "dynamic_complexity": 2.76384902,
    "erbbands_crest": {
        "dmean": 2.74047398567,
        "dmean2": 4.47403097153,
        "dvar": 6.3591132164,
        "dvar2": 15.7819623947,
        "max": 27.1550769806,
        "mean": 8.89661121368,
        "median": 8.01414775848,
        "min": 2.21884059906,
        "var": 18.0284938812
    },
    "erbbands_flatness_db": {
        "dmean": 0.0174386482686,
        "dmean2": 0.0254522953182,
        "dvar": 0.000285648973659,
        "dvar2": 0.000537360378075,
        "max": 0.385506689548,
        "mean": 0.141135692596,
        "median": 0.128488108516,
        "min": 0.0395635515451,
        "var": 0.00353400083259
    },
    "erbbands_kurtosis": {
        "dmean": 0.96215903759,
        "dmean2": 1.51628172398,
        "dvar": 1.89945173264,
        "dvar2": 4.55799007416,
        "max": 22.8628158569,
        "mean": 0.667746543884,
        "median": 0.0122151374817,
        "min": -1.78917443752,
        "var": 4.80052900314
    },
    "erbbands_skewness": {
        "dmean": 0.370190382004,
        "dmean2": 0.576859354973,
        "dvar": 0.121163502336,
        "dvar2": 0.267173737288,
        "max": 4.24577999115,
        "mean": 0.400245398283,
        "median": 0.353914380074,
        "min": -2.84002637863,
        "var": 0.621908247471
    },
    "erbbands_spread": {
        "dmean": 8.55999183655,
        "dmean2": 13.0890159607,
        "dvar": 86.541229248,
        "dvar2": 191.865447998,
        "max": 158.011245728,
        "mean": 38.5078201294,
        "median": 36.5500259399,
        "min": 3.8041331768,
        "var": 398.998687744
    },
    "hfc": {
        "dmean": 9.18715286255,
        "dmean2": 13.0475063324,
        "dvar": 200.633651733,
        "dvar2": 414.269500732,
        "max": 244.135620117,
        "mean": 26.851442337,
        "median": 18.7242393494,
        "min": 1.42480841426e-16,
        "var": 597.557067871
    },
    "melbands_crest": {
        "dmean": 3.18725705147,
        "dmean2": 5.27080869675,
        "dvar": 7.59865140915,
        "dvar2": 19.6425819397,
        "max": 31.2201385498,
        "mean": 11.7724609375,
        "median": 11.0848293304,
        "min": 2.52686285973,
        "var": 17.6419963837
    },
    "melbands_flatness_db": {
        "dmean": 0.0230269357562,
        "dmean2": 0.0354164764285,
        "dvar": 0.000455167872133,
        "dvar2": 0.00108120334335,
        "max": 0.336222231388,
        "mean": 0.156203642488,
        "median": 0.151709899306,
        "min": 0.00486306101084,
        "var": 0.00198903935961
    },
    "melbands_kurtosis": {
        "dmean": 5.50857925415,
        "dmean2": 8.90358066559,
        "dvar": 90.3345947266,
        "dvar2": 231.922683716,
        "max": 137.19859314,
        "mean": 8.86443805695,
        "median": 5.10357952118,
        "min": -1.76536285877,
        "var": 137.349441528
    },
    "melbands_skewness": {
        "dmean": 0.71719956398,
        "dmean2": 1.113940835,
        "dvar": 0.617480814457,
        "dvar2": 1.4655110836,
        "max": 10.3004302979,
        "mean": 2.17931103706,
        "median": 1.97010338306,
        "min": -0.91375130415,
        "var": 1.87079226971
    },
    "melbands_spread": {
        "dmean": 8.89989948273,
        "dmean2": 13.6895332336,
        "dvar": 150.728317261,
        "dvar2": 306.798675537,
        "max": 198.734924316,
        "mean": 29.2656173706,
        "median": 25.2362060547,
        "min": 2.26038527489,
        "var": 431.626220703
    },
    "pitch_salience": {
        "dmean": 0.0708775743842,
        "dmean2": 0.115909531713,
        "dvar": 0.00370478839613,
        "dvar2": 0.00954347290099,
        "max": 0.874668717384,
        "mean": 0.597880601883,
        "median": 0.598063826561,
        "min": 0.147965878248,
        "var": 0.0106496475637
    },
    "silence_rate_20dB": {
        "dmean": 0,
        "dmean2": 0,
        "dvar": 0,
        "dvar2": 0,
        "max": 1,
        "mean": 1,
        "median": 1,
        "min": 1,
        "var": 0
    },
    "silence_rate_30dB": {
        "dmean": 0,
        "dmean2": 0,
        "dvar": 0,
        "dvar2": 0,
        "max": 1,
        "mean": 1,
        "median": 1,
        "min": 1,
        "var": 0
    },
    "silence_rate_60dB": {
        "dmean": 0.00793460011482,
        "dmean2": 0.0158711075783,
        "dvar": 0.00787238124758,
        "dvar2": 0.0192263703793,
        "max": 1,
        "mean": 0.0597427561879,
        "median": 0,
        "min": 0,
        "var": 0.0561750382185
    },
    "spectral_centroid": {
        "dmean": 273.662078857,
        "dmean2": 424.932861328,
        "dvar": 86846.1328125,
        "dvar2": 183232.609375,
        "max": 4708.75927734,
        "mean": 1569.7142334,
        "median": 1531.04418945,
        "min": 353.590118408,
        "var": 317478.59375
    },
    "spectral_complexity": {
        "dmean": 3.68958878517,
        "dmean2": 5.57725143433,
        "dvar": 13.374546051,
        "dvar2": 26.9703140259,
        "max": 50,
        "mean": 19.5951442719,
        "median": 19,
        "min": 0,
        "var": 75.3780670166
    },
    "spectral_decrease": {
        "dmean": 2.22712270848e-09,
        "dmean2": 3.47994211225e-09,
        "dvar": 8.75730820554e-18,
        "dvar2": 2.12176972183e-17,
        "max": 5.77510816946e-11,
        "mean": -5.46726397488e-09,
        "median": -4.51856152495e-09,
        "min": -2.8812776165e-08,
        "var": 1.59350472026e-17
    },
    "spectral_energy": {
        "dmean": 0.00897317007184,
        "dmean2": 0.0139514282346,
        "dvar": 0.000135430746013,
        "dvar2": 0.000325097003952,
        "max": 0.115937642753,
        "mean": 0.0230702776462,
        "median": 0.0194523334503,
        "min": 1.2362236065e-20,
        "var": 0.000267551251454
    },
    "spectral_energyband_high": {
        "dmean": 0.00060387828853,
        "dmean2": 0.000822979316581,
        "dvar": 1.90216394458e-06,
        "dvar2": 3.65245773537e-06,
        "max": 0.0225309524685,
        "mean": 0.00137821992394,
        "median": 0.000656377756968,
        "min": 8.90238836314e-21,
        "var": 5.17528587807e-06
    },
    "spectral_energyband_low": {
        "dmean": 0.00378021574579,
        "dmean2": 0.00618214579299,
        "dvar": 7.1022004704e-05,
        "dvar2": 0.000183476047823,
        "max": 0.0841331779957,
        "mean": 0.0053719272837,
        "median": 0.00339943775907,
        "min": 6.23196391701e-23,
        "var": 6.41940569039e-05
    },
    "spectral_energyband_middle_high": {
        "dmean": 0.00275630340911,
        "dmean2": 0.00398253696039,
        "dvar": 1.29887985167e-05,
        "dvar2": 2.65554135694e-05,
        "max": 0.0452368333936,
        "mean": 0.00722799869254,
        "median": 0.00432907789946,
        "min": 1.61194247029e-21,
        "var": 5.39407992619e-05
    },
    "spectral_energyband_middle_low": {
        "dmean": 0.00502103101462,
        "dmean2": 0.00804955512285,
        "dvar": 5.36783409189e-05,
        "dvar2": 0.000132542685606,
        "max": 0.091095238924,
        "mean": 0.00988410785794,
        "median": 0.00696820300072,
        "min": 4.67187510418e-22,
        "var": 9.00390950846e-05
    },
    "spectral_entropy": {
        "dmean": 0.135465562344,
        "dmean2": 0.195215806365,
        "dvar": 0.0172505844384,
        "dvar2": 0.030934182927,
        "max": 8.9546957016,
        "mean": 7.81098842621,
        "median": 7.81231546402,
        "min": 6.45811367035,
        "var": 0.109913110733
    },
    "spectral_flux": {
        "dmean": 0.0253608692437,
        "dmean2": 0.0399541631341,
        "dvar": 0.000788143894169,
        "dvar2": 0.00171563692857,
        "max": 0.291013896465,
        "mean": 0.0891848728061,
        "median": 0.0824239328504,
        "min": 4.49422577731e-06,
        "var": 0.00199890253134
    },
    "spectral_kurtosis": {
        "dmean": 0.878414988518,
        "dmean2": 1.42310237885,
        "dvar": 0.846048235893,
        "dvar2": 2.22018957138,
        "max": 16.3821659088,
        "mean": 3.92740082741,
        "median": 3.76962947845,
        "min": -1.41334784031,
        "var": 3.23592090607
    },
    "spectral_rms": {
        "dmean": 0.000868248171173,
        "dmean2": 0.00131676206365,
        "dvar": 9.23238246742e-07,
        "dvar2": 2.08801566259e-06,
        "max": 0.010635313578,
        "mean": 0.00442677596584,
        "median": 0.00435636145994,
        "min": 3.47285459938e-12,
        "var": 2.9111765798e-06
    },
    "spectral_rolloff": {
        "dmean": 664.841064453,
        "dmean2": 1092.75744629,
        "dvar": 1667625.625,
        "dvar2": 3256357.75,
        "max": 19250.6835938,
        "mean": 2020.8927002,
        "median": 1658.05664062,
        "min": 107.666015625,
        "var": 3417261.75
    },
    "spectral_skewness": {
        "dmean": 0.144352123141,
        "dmean2": 0.223568230867,
        "dvar": 0.0206267163157,
        "dvar2": 0.0427310690284,
        "max": 2.94856882095,
        "mean": 1.56065011024,
        "median": 1.58561110497,
        "min": 0.162874013186,
        "var": 0.102415852249
    },
    "spectral_spread": {
        "dmean": 571217.4375,
        "dmean2": 813466.125,
        "dvar": 774894977024,
        "dvar2": 1.16944797696e+12,
        "max": 36903308,
        "mean": 5454544,
        "median": 5278607,
        "min": 2404454.25,
        "var": 3.31431464141e+12
    },
    "spectral_strongpeak": {
        "dmean": 0.758422255516,
        "dmean2": 1.24676692486,
        "dvar": 1.39689803123,
        "dvar2": 3.30075669289,
        "max": 25.4549160004,
        "mean": 1.21993708611,
        "median": 0.552518844604,
        "min": 1.95264586722e-08,
        "var": 2.28928780556
    },
    "zerocrossingrate": {
        "dmean": 0.0140052419156,
        "dmean2": 0.015986353159,
        "dvar": 0.000383515376598,
        "dvar2": 0.000441302865511,
        "max": 0.55615234375,
        "mean": 0.0869803279638,
        "median": 0.07666015625,
        "min": 0.017578125,
        "var": 0.00197114120238
    },
    "barkbands": {
        "dmean": [9.47773587541e-05, 0.00243776966818, 0.00140214932617, 0.000960322096944, 0.00173418188933, 0.00147043680772, 0.000925574451685, 0.000550612458028, 0.0012219096534, 0.00104485917836, 0.000736517482437, 0.000546160910744, 0.00035906812991, 0.000452311680419, 0.00052175601013, 0.000274588761386, 0.000309081631713, 0.000264053873252, 0.00018942366296, 0.000154282635776, 9.83975041891e-05, 9.50152752921e-05, 0.000118351890706, 8.97773643374e-05, 0.000140385251143, 8.66201662575e-05, 2.41026045842e-05],
        "dmean2": [0.000158725393703, 0.00415104534477, 0.00236880755983, 0.0016494335141, 0.00290081789717, 0.00244032056071, 0.00150653882883, 0.000874321092851, 0.00193758297246, 0.00165606290102, 0.00114206713624, 0.000838796026073, 0.000564297894016, 0.000723555393051, 0.000837889150716, 0.0004348839866, 0.000469591090223, 0.000405266880989, 0.000295346806524, 0.000232453821809, 0.000147670987644, 0.000134616420837, 0.000169540406205, 0.000130962434923, 0.000207638266147, 0.000124230529764, 3.25800574501e-05],
        "dvar": [3.10320196206e-08, 4.02174409828e-05, 9.99893654807e-06, 2.80365270555e-06, 1.05363124021e-05, 1.14314034363e-05, 6.30291197012e-06, 2.23680376621e-06, 7.09389860276e-06, 3.68530390915e-06, 2.7396454243e-06, 1.77361982878e-06, 6.66885000555e-07, 1.22594474306e-06, 1.67598875578e-06, 4.69655304869e-07, 6.97078689882e-07, 3.14569916782e-07, 1.11124620616e-07, 8.92220413107e-08, 5.71527500881e-08, 9.28244361376e-08, 7.69193633232e-08, 7.6959828732e-08, 3.93002409282e-07, 1.23786321637e-07, 2.8672988428e-09],
        "dvar2": [7.87273819469e-08, 0.000108210639155, 2.73127079709e-05, 7.69893995312e-06, 2.59227253991e-05, 2.98402683256e-05, 1.57936938194e-05, 5.0720773288e-06, 1.71311203303e-05, 8.72061082191e-06, 6.06607545706e-06, 3.83819042327e-06, 1.52413133492e-06, 2.99740372611e-06, 4.0300915316e-06, 1.10057817437e-06, 1.49414802308e-06, 6.79588083585e-07, 2.48697233474e-07, 1.88885024954e-07, 1.19558222877e-07, 1.74947274445e-07, 1.56381361194e-07, 1.59822405976e-07, 8.48868126013e-07, 2.7775217859e-07, 6.02324279342e-09],
        "max": [0.00190655887127, 0.0636601522565, 0.0387956500053, 0.0207879729569, 0.0821481496096, 0.0659011602402, 0.0422540381551, 0.0365919880569, 0.0498497970402, 0.0291698779911, 0.025101069361, 0.027203110978, 0.0195783749223, 0.0205066502094, 0.0270702019334, 0.0110639268532, 0.018167661503, 0.0136250182986, 0.00768069177866, 0.00865119881928, 0.00584033923224, 0.00619950611144, 0.00710523081943, 0.00621737958863, 0.0158621519804, 0.015504123643, 0.0011793236481],
        "mean": [0.0001071193401, 0.00272611295804, 0.00192993646488, 0.00128119986039, 0.00244316225871, 0.00198348006234, 0.00125406682491, 0.000792846898548, 0.00175217934884, 0.00150757515803, 0.00110453274101, 0.000871496740729, 0.000569169002119, 0.000671046902426, 0.000789783138316, 0.000403713580454, 0.000536556995939, 0.000467428006232, 0.000358092482202, 0.000315372046316, 0.000206601835089, 0.000193180894712, 0.00023449632863, 0.00017294184363, 0.000228564720601, 0.000137766008265, 3.1867173675e-05],
        "median": [3.71993010049e-05, 0.00132583803497, 0.000876068836078, 0.000778507324867, 0.00132569402922, 0.000527609023266, 0.000318916485412, 0.000218116038013, 0.000557814259082, 0.000376475101802, 0.000243775211857, 0.00023652886739, 0.000233843224123, 0.000224951276323, 0.000244689348619, 0.000168705082615, 0.000183650307008, 0.000174562825123, 0.000182872958248, 0.000160903698998, 9.80405093287e-05, 6.23797386652e-05, 9.75769507932e-05, 7.43219352444e-05, 8.04616574896e-05, 4.34748108091e-05, 1.92751417671e-06],
        "min": [1.98522999914e-23, 4.15853832204e-23, 9.61513685065e-24, 1.35053807389e-23, 2.79266226779e-23, 8.5946332515e-23, 4.64094412052e-23, 1.39477398558e-22, 9.77424220662e-23, 7.61824180753e-23, 7.44377606755e-23, 1.58758118336e-22, 1.12886462543e-22, 1.12015799917e-22, 1.22979388778e-22, 2.25946020101e-22, 1.91610249667e-22, 1.95057332009e-22, 2.30620797203e-22, 4.22742279224e-22, 4.9078260515e-22, 4.84056915912e-22, 6.25562204489e-22, 7.8976103969e-22, 1.2488046278e-21, 2.22956194356e-21, 3.21753366367e-21],
        "var": [3.49946738254e-08, 3.04650602629e-05, 9.30893929763e-06, 2.88413093585e-06, 1.59880310093e-05, 1.75833083631e-05, 9.14113843464e-06, 3.65320511264e-06, 1.07088790173e-05, 6.4784812821e-06, 5.52836399947e-06, 4.40040366811e-06, 1.26573138459e-06, 2.06733716368e-06, 3.28298210661e-06, 6.98540702615e-07, 1.66690358583e-06, 7.52280300276e-07, 2.41045114535e-07, 2.04421766625e-07, 1.66789078548e-07, 2.93185792088e-07, 2.13503341229e-07, 1.32300442601e-07, 5.99781913024e-07, 1.51181339447e-07, 4.5901433765e-09]
    },
    "erbbands": {
        "dmean": [0.0568884648383, 0.600727319717, 1.61769175529, 2.27828478813, 4.165350914, 7.18683338165, 7.868745327, 13.6416158676, 13.7727146149, 12.177895546, 13.0428915024, 28.059797287, 28.7895774841, 30.7974357605, 27.7271747589, 19.7972602844, 16.3603057861, 17.1638832092, 28.4010066986, 19.2573356628, 14.2427091599, 16.0595798492, 13.5066041946, 11.8664512634, 7.35410404205, 7.31086349487, 4.66711378098, 3.75454092026, 3.52839636803, 3.36955356598, 3.48365426064, 1.92653012276, 1.60545086861, 1.55826580524, 1.07292842865, 0.504461169243, 0.127101376653, 0.0316231288016, 0.00447849743068, 0.000140958407428],
        "dmean2": [0.0986340716481, 1.02014577389, 2.69439148903, 3.89509606361, 7.059923172, 12.1079063416, 12.9920520782, 22.659204483, 22.6881256104, 19.1920013428, 20.6797657013, 44.2894325256, 45.0242614746, 49.2112503052, 41.3428421021, 30.4519271851, 25.4684848785, 27.1855201721, 45.0291862488, 30.4531230927, 22.197309494, 23.9824371338, 20.2365093231, 18.3178272247, 11.0207929611, 10.9492702484, 7.08096456528, 5.49461555481, 5.09849452972, 4.86982774734, 5.05405902863, 2.78958368301, 2.3832950592, 2.32996249199, 1.6117837429, 0.750395953655, 0.18063120544, 0.0428750365973, 0.00610536290333, 0.000195434273337],
        "dvar": [0.0210871007293, 2.40155124664, 12.8861503601, 18.4654655457, 38.735584259, 238.061340332, 347.798858643, 1044.68518066, 1316.72106934, 1122.80834961, 1069.58459473, 4462.68554688, 3217.62353516, 3369.54956055, 3922.88867188, 2435.58398438, 1467.9263916, 1649.89501953, 5442.42041016, 1729.03198242, 1319.38623047, 1910.25231934, 913.842468262, 453.643920898, 192.248825073, 204.63269043, 80.9521255493, 123.348197937, 141.408721924, 83.8530273438, 61.0538063049, 25.5739479065, 32.1304779053, 60.0107345581, 25.0782108307, 5.66886663437, 0.220950141549, 0.00588259287179, 0.000106779290945, 9.74702771828e-08],
        "dvar2": [0.0575164668262, 6.45011758804, 33.8948631287, 50.8091087341, 102.938095093, 583.164855957, 892.739257812, 2679.77148438, 3333.50854492, 2644.57299805, 2605.25952148, 10738.1875, 7639.5703125, 8247.64355469, 8008.5, 5165.30126953, 3209.82104492, 3942.64770508, 12761.9521484, 4120.44970703, 3101.87158203, 3960.42700195, 1841.50354004, 1017.34423828, 394.144775391, 430.100524902, 174.559494019, 250.897369385, 286.594360352, 158.684341431, 123.968254089, 52.0650291443, 69.5572814941, 134.818893433, 55.9874305725, 13.0566158295, 0.514101028442, 0.0131371328607, 0.000229180121096, 2.04531275472e-07],
        "max": [1.56279611588, 15.9522514343, 38.464176178, 59.0020751953, 63.7552261353, 448.421691895, 311.208587646, 708.607666016, 568.966308594, 778.43572998, 848.464111328, 1415.83215332, 1133.84301758, 851.507751465, 1252.01782227, 1066.27038574, 1079.13525391, 899.940673828, 1629.5579834, 939.450927734, 794.892211914, 1230.28466797, 725.122741699, 422.955871582, 530.143798828, 316.331512451, 244.123291016, 273.054016113, 241.105773926, 222.52406311, 195.962677002, 119.959640503, 174.2237854, 295.888824463, 148.473968506, 125.45614624, 18.6802272797, 1.9292845726, 0.246601328254, 0.00730557180941],
        "mean": [0.0625879839063, 0.668960928917, 2.12309193611, 3.45866823196, 5.77198600769, 9.28921794891, 11.2595672607, 17.6135101318, 17.7882022858, 19.0064620972, 19.2804794312, 40.2836608887, 43.245098114, 47.4504776001, 45.7047996521, 34.378364563, 27.9044437408, 29.0738525391, 46.1649703979, 30.5762214661, 23.2549762726, 29.887090683, 26.3088722229, 22.6832752228, 15.7258348465, 15.014084816, 10.0571966171, 7.56067609787, 6.95240306854, 6.84860801697, 6.74186611176, 3.8656129837, 2.94408631325, 2.56051659584, 1.63033509254, 0.729970932007, 0.214863166213, 0.050280187279, 0.00576467718929, 0.00020458153449],
        "median": [0.0303985048085, 0.322535067797, 1.07209575176, 2.39477467537, 3.6477560997, 4.22007083893, 3.77636551857, 4.58099269867, 4.92590475082, 5.35517597198, 7.36519098282, 13.0686378479, 14.9697208405, 13.3858947754, 13.3466653824, 11.036655426, 11.5972805023, 12.3675823212, 13.1458358765, 12.9260454178, 10.2546644211, 10.3305807114, 9.88460731506, 11.0735836029, 8.2391576767, 7.67214727402, 5.45430231094, 2.95679116249, 2.16079258919, 2.62825369835, 2.73435044289, 1.65351462364, 1.24674856663, 0.947896182537, 0.512381076813, 0.218156203628, 0.0704540759325, 0.0115611953661, 0.000353229319444, 4.81558672618e-05],
        "min": [1.14279414197e-21, 9.00909062319e-21, 1.56855658463e-20, 2.03279587067e-20, 9.78147019705e-20, 1.0431154006e-19, 2.50450902435e-19, 7.58297974223e-19, 6.1038737905e-19, 1.17286001092e-18, 3.70468388327e-18, 1.99115959883e-18, 3.34139008735e-18, 2.24008099261e-18, 3.18435563832e-18, 6.65211907093e-18, 4.66717345966e-18, 5.20457243771e-18, 1.06244144939e-17, 3.6034626189e-18, 1.64119350237e-17, 1.01169747569e-17, 1.14485957496e-17, 1.09911342652e-17, 1.28849510427e-17, 1.94582311159e-17, 1.62041274015e-17, 2.01552350067e-17, 1.45221962466e-17, 2.21179575836e-17, 1.83473507143e-17, 1.52241069728e-17, 1.46071840914e-17, 1.44498030537e-17, 8.72406133518e-18, 8.56918665473e-18, 3.77940228083e-18, 1.69711777738e-18, 3.8394257631e-19, 4.95831381586e-20],
        "var": [0.0160560589284, 1.81845009327, 11.5794343948, 18.0108108521, 47.9090881348, 362.140533447, 542.044677734, 1478.37780762, 1759.75463867, 2022.3918457, 1499.29333496, 6501.34228516, 5421.21923828, 6027.06005859, 8782.17382812, 6083.29101562, 2949.25488281, 2861.93408203, 11364.6621094, 2918.24755859, 2156.40551758, 5125.90820312, 2639.61962891, 999.288574219, 476.396484375, 466.173187256, 213.473327637, 355.515869141, 415.126251221, 252.487197876, 168.677215576, 54.8666305542, 48.074596405, 90.6254577637, 33.6251869202, 6.32821369171, 0.271165817976, 0.00902800820768, 0.000162170632393, 1.59595941795e-07]
    },
    "gfcc": {
        "mean": [22.2372531891, 56.7747764587, -117.368354797, 17.9104614258, -56.9657363892, 15.7942247391, -38.2685050964, 13.0964279175, -29.2123985291, 1.91968953609, -20.5072154999, 1.16839504242, -13.722407341],
        "cov": [[5038.12011719, -110.884521484, 1622.58874512, 682.434204102, 567.693786621, 22.0015983582, -128.239776611, -97.9598007202, -84.4755172729, 131.622711182, 149.604721069, 79.059387207, -128.038787842], [-110.884521484, 709.195617676, 50.332824707, 172.940673828, 106.512886047, 4.6941318512, -4.36219024658, 35.6000900269, -9.43851470947, -9.58980369568, 27.6713924408, -38.8721313477, 19.9605960846], [1622.58874512, 50.332824707, 1647.38903809, 617.277709961, 437.044433594, 63.1425056458, -132.700653076, -107.456771851, -8.5419549942, 122.791221619, 52.0297584534, 79.1772689819, -102.471931458], [682.434204102, 172.940673828, 617.277709961, 517.494750977, 215.517959595, 46.0104522705, -102.406311035, -18.2753238678, 10.7720413208, 60.2664909363, 32.3709144592, 30.23346138, -53.5096282959], [567.693786621, 106.512886047, 437.044433594, 215.517959595, 346.291778564, 84.071182251, -3.66927361488, -11.0253992081, -17.7116622925, 32.8548164368, 39.0660934448, 8.89941978455, -31.3336906433], [22.0015983582, 4.6941318512, 63.1425056458, 46.0104522705, 84.071182251, 208.717300415, 75.014213562, -12.3047008514, -49.605266571, 18.2108249664, -7.11748027802, -18.9801940918, -8.44590377808], [-128.239776611, -4.36219024658, -132.700653076, -102.406311035, -3.66927361488, 75.014213562, 188.952255249, 21.7409515381, -7.02186536789, -25.7410564423, -24.1648712158, -21.2039203644, 12.1365203857], [-97.9598007202, 35.6000900269, -107.456771851, -18.2753238678, -11.0253992081, -12.3047008514, 21.7409515381, 131.39151001, 52.1640739441, -20.0243492126, 9.0639333725, -2.50819301605, 6.71215200424], [-84.4755172729, -9.43851470947, -8.5419549942, 10.7720413208, -17.7116622925, -49.605266571, -7.02186536789, 52.1640739441, 116.27519989, 20.116815567, -5.30295944214, -0.615686893463, -1.89218306541], [131.622711182, -9.58980369568, 122.791221619, 60.2664909363, 32.8548164368, 18.2108249664, -25.7410564423, -20.0243492126, 20.116815567, 93.8394317627, 32.4954414368, -2.57662010193, -21.512928009], [149.604721069, 27.6713924408, 52.0297584534, 32.3709144592, 39.0660934448, -7.11748027802, -24.1648712158, 9.0639333725, -5.30295944214, 32.4954414368, 108.010787964, 21.3300457001, -7.55600976944], [79.059387207, -38.8721313477, 79.1772689819, 30.23346138, 8.89941978455, -18.9801940918, -21.2039203644, -2.50819301605, -0.615686893463, -2.57662010193, 21.3300457001, 74.1257019043, 10.7290182114], [-128.038787842, 19.9605960846, -102.471931458, -53.5096282959, -31.3336906433, -8.44590377808, 12.1365203857, 6.71215200424, -1.89218306541, -21.512928009, -7.55600976944, 10.7290182114, 66.7509689331]],
        "icov": [[0.000332995870849, 0.000178861242603, -0.000230090692639, -0.000193438187125, -0.000224826435442, 0.000327757763444, -0.000160039126058, -0.00013117378694, 0.000414951879065, -7.92530045146e-05, -0.000257124745985, 0.000201592541998, -2.00987797143e-05], [0.000178861242603, 0.00200919131748, 0.000110808832687, -0.00121280399617, -0.000573964614887, 0.000761470932048, -0.000408323016018, -0.000511644524522, 0.000767965684645, 0.000241165835178, -0.000728334882297, 0.00179279176518, -0.00137833983172], [-0.000230090692639, 0.000110808832687, 0.00171711703297, -0.00112417398486, -0.00105346390046, 0.000140254604048, 6.73207541695e-05, 0.000862980901729, -0.000263601366896, -0.000665355473757, 0.000600105617195, -0.00116311921738, 0.000717547605745], [-0.000193438187125, -0.00121280399617, -0.00112417398486, 0.0049611274153, -0.000502967101056, -0.00160675949883, 0.00214492529631, -0.000290768861305, -0.00120839150622, -0.000162702941452, 0.000600843748543, -0.00142761191819, 0.00165349000599], [-0.000224826435442, -0.000573964614887, -0.00105346390046, -0.000502967101056, 0.00557709764689, -0.00179104704875, -0.00037590804277, -0.000266047427431, -0.000254288985161, 0.000796546635684, -0.00139915465843, 0.000419363816036, 0.000230133213336], [0.000327757763444, 0.000761470932048, 0.000140254604048, -0.00160675949883, -0.00179104704875, 0.00867254287004, -0.00378794455901, -0.00125971599482, 0.00487194070593, -0.00346330809407, 0.00116913835518, 0.00154894322623, -0.000694452028256], [-0.000160039126058, -0.000408323016018, 6.73207541695e-05, 0.00214492529631, -0.00037590804277, -0.00378794455901, 0.00825471803546, -0.00057415838819, -0.00153767026495, 0.00182558211964, 0.000770172395278, 0.000236705920543, 0.000132953107823], [-0.00013117378694, -0.000511644524522, 0.000862980901729, -0.000290768861305, -0.000266047427431, -0.00125971599482, -0.00057415838819, 0.0118149770424, -0.00684005813673, 0.00442325277254, -0.00271011306904, -0.000194011270651, 0.000581217638683], [0.000414951879065, 0.000767965684645, -0.000263601366896, -0.00120839150622, -0.000254288985161, 0.00487194070593, -0.00153767026495, -0.00684005813673, 0.0153368664905, -0.00659222155809, 0.00294241425581, 0.000505833304487, -0.000780660484452], [-7.92530045146e-05, 0.000241165835178, -0.000665355473757, -0.000162702941452, 0.000796546635684, -0.00346330809407, 0.00182558211964, 0.00442325277254, -0.00659222155809, 0.0176995396614, -0.00608575064689, 0.00267339590937, 0.0021818834357], [-0.000257124745985, -0.000728334882297, 0.000600105617195, 0.000600843748543, -0.00139915465843, 0.00116913835518, 0.000770172395278, -0.00271011306904, 0.00294241425581, -0.00608575064689, 0.0132689131424, -0.00456359330565, 0.00110869377386], [0.000201592541998, 0.00179279176518, -0.00116311921738, -0.00142761191819, 0.000419363816036, 0.00154894322623, 0.000236705920543, -0.000194011270651, 0.000505833304487, 0.00267339590937, -0.00456359330565, 0.0186318457127, -0.00534544978291], [-2.00987797143e-05, -0.00137833983172, 0.000717547605745, 0.00165349000599, 0.000230133213336, -0.000694452028256, 0.000132953107823, 0.000581217638683, -0.000780660484452, 0.0021818834357, 0.00110869377386, -0.00534544978291, 0.0193849820644]]
    },
    "melbands": {
        "dmean": [0.000590404903051, 0.000824176473543, 0.000439024530351, 0.000394267728552, 0.000285592715954, 0.000300358806271, 0.000205250355066, 0.000128586863866, 0.000121241362649, 0.000181009367225, 0.000148075123434, 0.000132628381834, 9.93307112367e-05, 6.79548757034e-05, 4.55715562566e-05, 3.22532796417e-05, 3.52884962922e-05, 4.98661793245e-05, 3.53188006557e-05, 2.10420585063e-05, 1.79750404641e-05, 1.80016122613e-05, 1.69026006915e-05, 1.23694435388e-05, 1.0427842426e-05, 6.74767716191e-06, 5.16025374964e-06, 5.39558641321e-06, 3.54079134013e-06, 2.49412096309e-06, 2.34052640735e-06, 2.11061205846e-06, 1.94076437765e-06, 2.06321919904e-06, 2.26855649998e-06, 1.59520413945e-06, 1.14902752557e-06, 1.26869531414e-06, 1.04683488189e-06, 1.49607456024e-06],
        "dmean2": [0.00101216137409, 0.00136373762507, 0.000745903584175, 0.000663232349325, 0.000472713494673, 0.000498129171319, 0.000336373515893, 0.000201924602152, 0.000191937928321, 0.000286777154543, 0.000231606245507, 0.000211740974919, 0.000151135856868, 0.000102893682197, 6.93164402037e-05, 5.09149940626e-05, 5.66416383663e-05, 7.92649734649e-05, 5.61939268664e-05, 3.35721160809e-05, 2.82517848973e-05, 2.76827504422e-05, 2.52343270404e-05, 1.91364833881e-05, 1.63905988302e-05, 1.03655711428e-05, 7.91610546003e-06, 8.21705907583e-06, 5.4936158449e-06, 3.83524547942e-06, 3.49907759301e-06, 3.15326747113e-06, 2.82610858449e-06, 3.08306084662e-06, 3.36914354193e-06, 2.36701089307e-06, 1.70072109995e-06, 1.91425829144e-06, 1.60099284585e-06, 2.27266468755e-06],
        "dvar": [2.412447202e-06, 3.39809685101e-06, 5.91264097238e-07, 4.8028692845e-07, 4.05934770242e-07, 4.80786980006e-07, 2.86752197098e-07, 1.21828335864e-07, 9.12728879143e-08, 1.7779048278e-07, 8.38244318402e-08, 6.12484640783e-08, 5.03068058322e-08, 2.81623186993e-08, 1.4041988905e-08, 5.56398971341e-09, 7.80908493425e-09, 1.75908727584e-08, 8.15241207874e-09, 2.48826004245e-09, 2.43513453846e-09, 2.57575738516e-09, 2.49102694028e-09, 6.71643518579e-10, 3.80117021193e-10, 1.62662758263e-10, 1.00503251554e-10, 1.30452565417e-10, 5.38000269334e-11, 3.45007980518e-11, 5.21962473243e-11, 5.27792184957e-11, 3.4995454451e-11, 2.96904133223e-11, 2.58966303263e-11, 1.4181970702e-11, 1.12603103924e-11, 1.83043961932e-11, 2.17927724477e-11, 6.10926587097e-11],
        "dvar2": [6.57117334413e-06, 8.78530954651e-06, 1.61466584814e-06, 1.20196273201e-06, 1.02374508515e-06, 1.2428156424e-06, 7.20787909358e-07, 2.79188952845e-07, 2.20273932428e-07, 4.33964487456e-07, 1.98717671651e-07, 1.49391468085e-07, 1.06486332641e-07, 5.76440939426e-08, 2.88765722445e-08, 1.27332731026e-08, 1.86034672112e-08, 4.11809892853e-08, 1.94786125007e-08, 5.74387515329e-09, 5.73659431069e-09, 5.64596192021e-09, 4.78843231733e-09, 1.50229528817e-09, 8.85828133068e-10, 3.57433777021e-10, 2.28282726056e-10, 2.85392376398e-10, 1.20568097173e-10, 7.47811604307e-11, 1.11844783435e-10, 1.12258653762e-10, 6.75738145994e-11, 6.19083881381e-11, 5.4259832738e-11, 3.15781151228e-11, 2.31797220307e-11, 4.04043881685e-11, 5.11788667001e-11, 1.3735262927e-10],
        "max": [0.0149404332042, 0.0195774845779, 0.00949259381741, 0.0174891073257, 0.0127632850781, 0.0144575312734, 0.00774715421721, 0.00716414488852, 0.0072978832759, 0.00910712219775, 0.00552788283676, 0.00357510871254, 0.00356285809539, 0.0036777141504, 0.00322766578756, 0.00168445508461, 0.00186382851098, 0.00292405765504, 0.00209020613693, 0.00106948940083, 0.0013043328654, 0.00127840205096, 0.00140659103636, 0.000575473241042, 0.000401495228289, 0.000404533493565, 0.000246370123932, 0.00027268010308, 0.000281418761006, 0.000147724102135, 0.000199416506803, 0.000149843588588, 0.00013630851754, 0.000148495120811, 0.000127171952045, 0.000112837849883, 9.47165826801e-05, 0.000123633610201, 0.000147492464748, 0.000320834718877],
        "mean": [0.000664649531245, 0.00107035669498, 0.000675046932884, 0.000546964700334, 0.000410796375945, 0.000392913032556, 0.000267683382845, 0.000201195245609, 0.000173682099557, 0.000255914288573, 0.000216220883885, 0.000195296976017, 0.00015518834698, 0.000109689601231, 7.20986063243e-05, 5.25803370692e-05, 5.39547254448e-05, 7.62993804528e-05, 5.26893672941e-05, 3.05432258756e-05, 2.62657667918e-05, 3.04568457068e-05, 2.84612269752e-05, 2.2073611035e-05, 1.80392999027e-05, 1.27078901642e-05, 9.96414019028e-06, 1.00438937807e-05, 6.84230144543e-06, 4.75616434414e-06, 4.2718493205e-06, 3.91426601709e-06, 3.71289320356e-06, 3.88421631214e-06, 4.13983661929e-06, 2.99062071463e-06, 2.12530630961e-06, 2.19970229409e-06, 1.70703151525e-06, 2.35144398175e-06],
        "median": [0.000334639102221, 0.000582220789511, 0.000497148779687, 0.000307762238663, 0.000155686648213, 0.000101289471786, 7.05903803464e-05, 5.50734730496e-05, 5.99122940912e-05, 8.02695285529e-05, 6.55413241475e-05, 4.96171887789e-05, 3.98779084207e-05, 2.90144107566e-05, 2.51391993515e-05, 2.30253608606e-05, 2.05967589864e-05, 1.97168574232e-05, 1.78134014277e-05, 1.32812710945e-05, 1.04894779724e-05, 1.00722536445e-05, 8.9539853434e-06, 8.53581786942e-06, 8.51152162795e-06, 6.3320044319e-06, 4.82005088998e-06, 4.76275090477e-06, 3.4867443901e-06, 2.15545719584e-06, 1.45247611272e-06, 1.15480793283e-06, 1.21752145787e-06, 1.49352968037e-06, 1.63336187597e-06, 1.19450237435e-06, 8.85663268946e-07, 9.01549469745e-07, 6.90731951636e-07, 8.00258305844e-07],
        "min": [1.1655559503e-23, 1.03831923384e-23, 6.92129361073e-24, 6.91595696671e-24, 7.57373837733e-24, 1.68584987032e-23, 1.02903528761e-23, 1.66934800458e-23, 2.92588635964e-23, 1.26664153333e-23, 1.57823551666e-23, 7.82621409891e-24, 1.00813418127e-23, 1.37525655704e-23, 1.42325211669e-23, 1.27420544723e-23, 8.14290388703e-24, 1.91290281373e-23, 4.67254147076e-24, 8.13206178275e-24, 2.08971983252e-23, 9.29914047126e-24, 1.23717552748e-23, 8.1076694147e-24, 8.51927731352e-24, 1.0381470255e-23, 9.81322534597e-24, 1.42364891373e-23, 1.06922830294e-23, 9.51199092071e-24, 1.21552500328e-23, 4.45229702805e-24, 1.51804779618e-23, 1.10997596636e-23, 9.95125076084e-24, 1.00408140837e-23, 9.12668758877e-24, 9.0112093963e-24, 1.29332593674e-23, 1.16725547224e-23],
        "var": [1.79795767963e-06, 3.00522742691e-06, 6.02769318903e-07, 6.98131145782e-07, 6.34110449482e-07, 6.95206495038e-07, 3.9194659962e-07, 2.26537878234e-07, 1.29920579184e-07, 2.51291311315e-07, 1.41790437169e-07, 1.06708583303e-07, 1.07444108721e-07, 7.06947247409e-08, 2.60312642553e-08, 1.05023749697e-08, 1.26488863827e-08, 3.45980417649e-08, 1.4897015177e-08, 3.56459550765e-09, 3.8043470596e-09, 6.20273166163e-09, 5.87168491606e-09, 1.69928759952e-09, 7.08790248716e-10, 3.60048740822e-10, 2.10704745318e-10, 2.59189503193e-10, 1.11006738523e-10, 9.22443232909e-11, 1.34693672882e-10, 1.43513562145e-10, 1.017112089e-10, 7.63682242444e-11, 6.69203720216e-11, 3.24378336691e-11, 2.03394020376e-11, 2.65207786287e-11, 2.67244316954e-11, 9.17353970564e-11]
    },
    "mfcc": {
        "mean": [-624.432922363, 98.7511520386, -6.18344831467, 8.96747207642, 1.82755172253, 0.550944387913, 2.3211722374, 4.80075073242, -1.53701150417, 3.2972843647, -3.7499666214, -4.21383142471, -3.37833333015],
        "cov": [[3782.91796875, -84.5107574463, 799.96673584, 590.811218262, 521.005004883, 192.55229187, 167.786270142, -39.93775177, -182.184844971, 34.6957473755, 6.24375534058, 29.8299598694, 154.02885437], [-84.5107574463, 503.242553711, 33.8561210632, 102.510307312, 96.5813598633, 3.44357061386, 70.6561660767, 3.53128552437, 1.84681820869, 38.176410675, -21.9016590118, -3.19336152077, -1.94530022144], [799.96673584, 33.8561210632, 1001.8515625, 489.35723877, 435.875640869, 219.99420166, 48.0387611389, -54.3476791382, -49.5639533997, -53.5797691345, 56.4084281921, 92.0498733521, 72.6575241089], [590.811218262, 102.510307312, 489.35723877, 481.004669189, 336.906707764, 96.1050415039, 1.17856657505, -14.8745269775, -36.2820587158, -25.4653339386, 34.0696105957, 77.6713256836, 47.7685966492], [521.005004883, 96.5813598633, 435.875640869, 336.906707764, 464.796875, 119.578094482, 70.7702941895, -22.8889274597, -52.6408081055, -8.82835769653, 33.9606933594, 75.196975708, 51.9612464905], [192.55229187, 3.44357061386, 219.99420166, 96.1050415039, 119.578094482, 252.592773438, 105.536560059, -17.4307556152, 1.43254113197, -4.76995944977, 23.4445991516, -15.4330873489, 7.99619626999], [167.786270142, 70.6561660767, 48.0387611389, 1.17856657505, 70.7702941895, 105.536560059, 203.564666748, 32.0545196533, -16.8787937164, 28.0422992706, -6.85584449768, -17.1563625336, 15.3100566864], [-39.93775177, 3.53128552437, -54.3476791382, -14.8745269775, -22.8889274597, -17.4307556152, 32.0545196533, 119.127174377, 47.2794761658, 1.11709201336, -2.92383551598, -9.28802967072, -11.0659284592], [-182.184844971, 1.84681820869, -49.5639533997, -36.2820587158, -52.6408081055, 1.43254113197, -16.8787937164, 47.2794761658, 124.054962158, 25.7460651398, 4.8019118309, -9.23788833618, -20.3840732574], [34.6957473755, 38.176410675, -53.5797691345, -25.4653339386, -8.82835769653, -4.76995944977, 28.0422992706, 1.11709201336, 25.7460651398, 92.8452987671, 13.2975969315, -4.01231431961, -0.0299860984087], [6.24375534058, -21.9016590118, 56.4084281921, 34.0696105957, 33.9606933594, 23.4445991516, -6.85584449768, -2.92383551598, 4.8019118309, 13.2975969315, 79.4265289307, 42.1804924011, 9.6672706604], [29.8299598694, -3.19336152077, 92.0498733521, 77.6713256836, 75.196975708, -15.4330873489, -17.1563625336, -9.28802967072, -9.23788833618, -4.01231431961, 42.1804924011, 100.953475952, 38.0567207336], [154.02885437, -1.94530022144, 72.6575241089, 47.7685966492, 51.9612464905, 7.99619626999, 15.3100566864, -11.0659284592, -20.3840732574, -0.0299860984087, 9.6672706604, 38.0567207336, 66.662399292]],
