{
"lowlevel": {
    "average_loudness": 0.940963089466,
    "barkbands_crest": {
        "dmean": 2.14845776558,
        "dmean2": 3.52812814713,
        "dvar": 3.9417219162,
        "dvar2": 9.77192115784,
        "max": 22.8977947235,
        "mean": 8.71376895905,
        "median": 8.07103824615,
        "min": 2.30224370956,
        "var": 12.1771326065
    },
    "barkbands_flatness_db": {
        "dmean": 0.0163104925305,
        "dmean2": 0.0250486563891,
        "dvar": 0.000252642494161,
        "dvar2": 0.000566660775803,
        "max": 0.35932713747,
        "mean": 0.113086611032,
        "median": 0.103838086128,
        "min": 0.0233556963503,
        "var": 0.00235376460478
    },
    "barkbands_kurtosis": {
        "dmean": 1.17713284492,
        "dmean2": 1.88785529137,
        "dvar": 5.98147916794,
        "dvar2": 14.8198833466,
        "max": 82.03881073,
        "mean": 1.05586159229,
        "median": -0.244190692902,
        "min": -1.90415596962,
        "var": 20.2772922516
    },
    "barkbands_skewness": {
        "dmean": 0.39529517293,
        "dmean2": 0.628586411476,
        "dvar": 0.175812348723,
        "dvar2": 0.420700758696,
        "max": 6.75080442429,
        "mean": 0.735611975193,
        "median": 0.56345307827,
        "min": -1.95079958439,
        "var": 0.885093688965
    },
    "barkbands_spread": {
        "dmean": 5.84463167191,
        "dmean2": 9.07321643829,
        "dvar": 61.0144424438,
        "dvar2": 124.174629211,
        "max": 120.306053162,
        "mean": 30.7581138611,
        "median": 29.1159820557,
        "min": 0.718134224415,
        "var": 299.285583496
    },
    "dissonance": {
        "dmean": 0.0153621844947,
        "dmean2": 0.0258752144873,
        "dvar": 0.000278998573776,
        "dvar2": 0.00075897743227,
        "max": 0.500000119209,
        "mean": 0.471420377493,
        "median": 0.480371415615,
        "min": 0.270470440388,
        "var": 0.000762625655625
    },
    "dynamic_complexity": 2.69024038315,
    "erbbands_crest": {
        "dmean": 2.62265920639,
        "dmean2": 4.1576962471,
        "dvar": 5.89017534256,
        "dvar2": 14.1040143967,
        "max": 32.5265350342,
        "mean": 9.98072433472,
        "median": 8.76573753357,
        "min": 2.50959968567,
        "var": 22.9617042542
    },
    "erbbands_flatness_db": {
        "dmean": 0.0163836069405,
        "dmean2": 0.0238034147769,
        "dvar": 0.00025001380709,
        "dvar2": 0.000470484606922,
        "max": 0.385816693306,
        "mean": 0.158960774541,
        "median": 0.158887043595,
        "min": 0.0401966422796,
        "var": 0.00192822108511
    },
    "erbbands_kurtosis": {
        "dmean": 0.971419095993,
        "dmean2": 1.50649011135,
        "dvar": 2.06207728386,
        "dvar2": 4.52400684357,
        "max": 56.478225708,
        "mean": 1.15852832794,
        "median": 0.553701400757,
        "min": -1.90950798988,
        "var": 6.46551561356
    },
    "erbbands_skewness": {
        "dmean": 0.3271484375,
        "dmean2": 0.50217294693,
        "dvar": 0.0942081585526,
        "dvar2": 0.2041413486,
        "max": 6.18473243713,
        "mean": 0.0218827296048,
        "median": 0.0487094931304,
        "min": -2.7376704216,
        "var": 0.764623463154
    },
    "erbbands_spread": {
        "dmean": 6.34270238876,
        "dmean2": 9.78312683105,
        "dvar": 58.9133453369,
        "dvar2": 131.497634888,
        "max": 129.12159729,
        "mean": 30.4353923798,
        "median": 26.7372665405,
        "min": 1.73605275154,
        "var": 265.408111572
    },
    "hfc": {
        "dmean": 8.17067813873,
        "dmean2": 12.2635002136,
        "dvar": 178.951324463,
        "dvar2": 346.569671631,
        "max": 235.760055542,
        "mean": 32.6655578613,
        "median": 30.0886268616,
        "min": 1.2589818625e-16,
        "var": 787.613098145
    },
    "melbands_crest": {
        "dmean": 2.90220451355,
        "dmean2": 4.80482006073,
        "dvar": 7.83117961884,
        "dvar2": 20.2411727905,
        "max": 31.238368988,
        "mean": 12.3780899048,
        "median": 11.7663412094,
        "min": 1.86185801029,
        "var": 19.3657169342
    },
    "melbands_flatness_db": {
        "dmean": 0.0197731032968,
        "dmean2": 0.031195089221,
        "dvar": 0.00043596784235,
        "dvar2": 0.00102461560164,
        "max": 0.445804536343,
        "mean": 0.165679618716,
        "median": 0.152810201049,
        "min": 0.00317662698217,
        "var": 0.00385490665212
    },
    "melbands_kurtosis": {
        "dmean": 3.26958060265,
        "dmean2": 5.31507635117,
        "dvar": 38.7049980164,
        "dvar2": 97.0992889404,
        "max": 186.512161255,
        "mean": 5.61935329437,
        "median": 2.18905925751,
        "min": -1.81918811798,
        "var": 117.890106201
    },
    "melbands_skewness": {
        "dmean": 0.546507775784,
        "dmean2": 0.867358386517,
        "dvar": 0.391634732485,
        "dvar2": 0.93963354826,
        "max": 11.5193834305,
        "mean": 1.73080909252,
        "median": 1.46133196354,
        "min": -1.06505596638,
        "var": 1.6175519228
    },
    "melbands_spread": {
        "dmean": 8.34231948853,
        "dmean2": 13.3155412674,
        "dvar": 108.48841095,
        "dvar2": 251.682403564,
        "max": 203.637786865,
        "mean": 36.8906021118,
        "median": 34.7183456421,
        "min": 0.997990012169,
        "var": 436.095062256
    },
    "pitch_salience": {
        "dmean": 0.0612675771117,
        "dmean2": 0.100292466581,
        "dvar": 0.00325552397408,
        "dvar2": 0.00818311423063,
        "max": 0.945534110069,
        "mean": 0.555253565311,
        "median": 0.546875834465,
        "min": 0.172568544745,
        "var": 0.0120286121964
    },
    "silence_rate_20dB": {
        "dmean": 0,
        "dmean2": 0,
        "dvar": 0,
        "dvar2": 0,
        "max": 1,
        "mean": 1,
        "median": 1,
        "min": 1,
        "var": 0
    },
    "silence_rate_30dB": {
        "dmean": 0,
        "dmean2": 0,
        "dvar": 0,
        "dvar2": 0,
        "max": 1,
        "mean": 1,
        "median": 1,
        "min": 1,
        "var": 0
    },
    "silence_rate_60dB": {
        "dmean": 0.00632540695369,
        "dmean2": 0.0126522965729,
        "dvar": 0.00628364505246,
        "dvar2": 0.016006777063,
        "max": 1,
        "mean": 0.0586788468063,
        "median": 0,
        "min": 0,
        "var": 0.0552402734756
    },
    "spectral_centroid": {
        "dmean": 207.742935181,
        "dmean2": 326.59185791,
        "dvar": 62204.09375,
        "dvar2": 133280.609375,
        "max": 10746.3896484,
        "mean": 1758.41809082,
        "median": 1855.74414062,
        "min": 234.383987427,
        "var": 403722.21875
    },
    "spectral_complexity": {
        "dmean": 3.43703866005,
        "dmean2": 5.55623245239,
        "dvar": 10.4870986938,
        "dvar2": 26.7232036591,
        "max": 55,
        "mean": 24.5849151611,
        "median": 26,
        "min": 0,
        "var": 117.039878845
    },
    "spectral_decrease": {
        "dmean": 1.87793669504e-09,
        "dmean2": 3.11156789223e-09,
        "dvar": 7.19476485561e-18,
        "dvar2": 1.94732907661e-17,
        "max": 8.52659621671e-29,
        "mean": -6.65272015254e-09,
        "median": -6.54664367161e-09,
        "min": -3.38226762153e-08,
        "var": 1.54846440503e-17
    },
    "spectral_energy": {
        "dmean": 0.00755337066948,
        "dmean2": 0.0124163562432,
        "dvar": 0.000108481159259,
        "dvar2": 0.000294801953714,
        "max": 0.13149805367,
        "mean": 0.0280717518181,
        "median": 0.0280957501382,
        "min": 1.10975358774e-20,
        "var": 0.000259000837104
    },
    "spectral_energyband_high": {
        "dmean": 0.000518672750331,
        "dmean2": 0.000745634024497,
        "dvar": 1.72505667706e-06,
        "dvar2": 3.01164732264e-06,
        "max": 0.0215490758419,
        "mean": 0.00135614478495,
        "median": 0.000706808292307,
        "min": 8.14958534326e-21,
        "var": 5.9225849327e-06
    },
    "spectral_energyband_low": {
        "dmean": 0.00390065205283,
        "dmean2": 0.00668618967757,
        "dvar": 6.11603463767e-05,
        "dvar2": 0.000170080340467,
        "max": 0.07324616611,
        "mean": 0.00864405930042,
        "median": 0.00742610869929,
        "min": 5.98111309113e-23,
        "var": 7.1260961704e-05
    },
    "spectral_energyband_middle_high": {
        "dmean": 0.0024900182616,
        "dmean2": 0.00387269444764,
        "dvar": 1.00373681562e-05,
        "dvar2": 2.31693611568e-05,
        "max": 0.050881460309,
        "mean": 0.00964038446546,
        "median": 0.00748790381476,
        "min": 1.45281036878e-21,
        "var": 6.69801011099e-05
    },
    "spectral_energyband_middle_low": {
        "dmean": 0.00403208239004,
        "dmean2": 0.00650939205661,
        "dvar": 4.86205026391e-05,
        "dvar2": 0.000128335275804,
        "max": 0.118355154991,
        "mean": 0.00918199680746,
        "median": 0.00615466712043,
        "min": 3.06620691798e-22,
        "var": 8.33527592476e-05
    },
    "spectral_entropy": {
        "dmean": 0.124142207205,
        "dmean2": 0.180443421006,
        "dvar": 0.019778450951,
        "dvar2": 0.035122204572,
        "max": 9.80924224854,
        "mean": 7.68431854248,
        "median": 7.75261688232,
        "min": 5.56269359589,
        "var": 0.179921656847
    },
    "spectral_flux": {
        "dmean": 0.0239543039352,
        "dmean2": 0.0380281880498,
        "dvar": 0.000710027466994,
        "dvar2": 0.00157241965644,
        "max": 0.306326538324,
        "mean": 0.0911988168955,
        "median": 0.0859907716513,
        "min": 1.05344843959e-10,
        "var": 0.00217077555135
    },
    "spectral_kurtosis": {
        "dmean": 1.32782149315,
        "dmean2": 2.19133853912,
        "dvar": 2.81891012192,
        "dvar2": 7.38653373718,
        "max": 42.6537094116,
        "mean": 5.12270879745,
        "median": 4.56413269043,
        "min": -1.19532299042,
        "var": 11.4129638672
    },
    "spectral_rms": {
        "dmean": 0.000656455405988,
        "dmean2": 0.00105935533065,
        "dvar": 6.05724153502e-07,
        "dvar2": 1.58265129357e-06,
        "max": 0.0113265523687,
        "mean": 0.0049543408677,
        "median": 0.00523550249636,
        "min": 3.29042001979e-12,
        "var": 2.84154089059e-06
    },
    "spectral_rolloff": {
        "dmean": 509.592407227,
        "dmean2": 847.747497559,
        "dvar": 1207405.625,
        "dvar2": 2395917.5,
        "max": 19293.75,
        "mean": 2210.50268555,
        "median": 2045.65429688,
        "min": 86.1328125,
        "var": 3525816.75
    },
    "spectral_skewness": {
        "dmean": 0.173344671726,
        "dmean2": 0.278959780931,
        "dvar": 0.0326833613217,
        "dvar2": 0.0767435207963,
        "max": 5.08937168121,
        "mean": 1.64083588123,
        "median": 1.57974362373,
        "min": 0.0200601611286,
        "var": 0.233316749334
    },
    "spectral_spread": {
        "dmean": 531683.25,
        "dmean2": 755448.625,
        "dvar": 743657373696,
        "dvar2": 1.14760469709e+12,
        "max": 40697808,
        "mean": 4496328,
        "median": 4066350.5,
        "min": 1139262.25,
        "var": 3.37432464589e+12
    },
    "spectral_strongpeak": {
        "dmean": 0.855056524277,
        "dmean2": 1.47165238857,
        "dvar": 2.15103936195,
        "dvar2": 5.36387443542,
        "max": 15.3083047867,
        "mean": 1.40570175648,
        "median": 0.425027728081,
        "min": 0,
        "var": 3.75595474243
    },
    "zerocrossingrate": {
        "dmean": 0.0108850058168,
        "dmean2": 0.0127764260396,
        "dvar": 0.000299905950669,
        "dvar2": 0.000301280088024,
        "max": 0.65625,
        "mean": 0.0789231881499,
        "median": 0.0732421875,
        "min": 0.00390625,
        "var": 0.00212023593485
    },
    "barkbands": {
        "dmean": [0.000153474480612, 0.00247153453529, 0.00166317063849, 0.000886175606865, 0.00147007207852, 0.000927970453631, 0.000794781197328, 0.000604346161708, 0.00112839718349, 0.000553146528546, 0.000642284925561, 0.000566365139093, 0.000615298689809, 0.000482682313304, 0.000492631690577, 0.000577533151954, 0.000586500682402, 0.000354466668796, 0.000198500129045, 0.000151339976583, 8.8977321866e-05, 7.67409510445e-05, 9.71939371084e-05, 0.000106221341412, 0.000146648235386, 7.57011730457e-05, 9.11954339244e-06],
        "dmean2": [0.000253698439337, 0.00410994654521, 0.0029832329601, 0.00152826844715, 0.00248438026756, 0.00152285711374, 0.00124054693151, 0.000939728750382, 0.00176843430381, 0.000847340270411, 0.0010001960909, 0.000903935171664, 0.000953744165599, 0.0007784179179, 0.000775341817643, 0.000910180620849, 0.000957780634053, 0.000582160311751, 0.000321326107951, 0.000252892001299, 0.000148051520227, 0.000119772710605, 0.000146725724335, 0.000153762390255, 0.000206342490856, 0.000109645385237, 1.40818146974e-05],
        "dvar": [1.35084292197e-07, 1.95397151401e-05, 1.68336537172e-05, 3.98982547267e-06, 1.46425018102e-05, 4.36965956396e-06, 4.71899511467e-06, 3.08712742481e-06, 8.08901859273e-06, 2.11092401514e-06, 2.5121962608e-06, 2.07041830436e-06, 1.8806197204e-06, 1.25957149066e-06, 1.51160884343e-06, 1.88421313396e-06, 9.39044923598e-07, 3.6286115801e-07, 1.03904305604e-07, 6.48665476888e-08, 2.79818657134e-08, 2.80636189842e-08, 5.13822477899e-08, 1.31920799618e-07, 3.5887995864e-07, 7.36199510243e-08, 8.7457152631e-10],
        "dvar2": [3.31504310225e-07, 5.08154444105e-05, 4.90009842906e-05, 1.06942497951e-05, 4.04885831813e-05, 1.10606315502e-05, 1.05183917185e-05, 6.91260129315e-06, 1.799067104e-05, 4.4281978262e-06, 5.63110688745e-06, 4.82356972498e-06, 4.25676762461e-06, 3.10051950692e-06, 3.47367335962e-06, 4.45658952231e-06, 2.27129271479e-06, 8.99225994999e-07, 2.37240485035e-07, 1.74791679797e-07, 7.53319966407e-08, 5.93832076845e-08, 1.11143116044e-07, 2.42618853008e-07, 6.81542587699e-07, 1.38314732112e-07, 1.93698679318e-09],
        "max": [0.00464147189632, 0.0530359894037, 0.0407348573208, 0.0418133735657, 0.0787213519216, 0.0360392518342, 0.0588281899691, 0.0352250821888, 0.051680509001, 0.0297778788954, 0.0310999006033, 0.0312893241644, 0.0370189473033, 0.0229088924825, 0.0291296765208, 0.0267356149852, 0.0175698027015, 0.0174254849553, 0.00971408374608, 0.00466748001054, 0.00350872823037, 0.00789147149771, 0.00435426458716, 0.010568195954, 0.0115860486403, 0.00798295903951, 0.00072222907329],
        "mean": [0.000175501860213, 0.0056324256584, 0.00227907230146, 0.00114722142462, 0.00214610155672, 0.00146840349771, 0.00123995600734, 0.000812827551272, 0.00197535892949, 0.000855228689034, 0.00121538643725, 0.00120174174663, 0.00107612402644, 0.000742849777453, 0.000846514711156, 0.0011899266392, 0.0012272374006, 0.000796223583166, 0.000492952298373, 0.000328149879351, 0.000216793850996, 0.000182142990525, 0.000213753242861, 0.000216248692595, 0.00026158709079, 0.00012126389629, 1.07357682282e-05],
        "median": [4.31310909335e-05, 0.00431290734559, 0.00141462835018, 0.000501819944475, 0.000958851538599, 0.000638106721453, 0.00029689312214, 0.000196309658349, 0.000516782165505, 0.000234233986703, 0.000277927494608, 0.000221412134124, 0.000274111924227, 0.000310086645186, 0.000334580487106, 0.000445288140327, 0.000841395754833, 0.00056039437186, 0.000368398963474, 0.000226444069995, 0.000142038334161, 9.4059665571e-05, 9.80146651273e-05, 7.24579949747e-05, 4.34456596849e-05, 1.66828376678e-05, 2.8679627917e-07],
        "min": [4.5048331133e-23, 1.66506922303e-23, 1.22183289285e-23, 3.07241569507e-23, 5.03549795097e-23, 4.74234903444e-23, 2.41687890926e-23, 3.42159645506e-23, 8.29026673289e-23, 4.21480682377e-23, 1.37347183813e-22, 1.3583744288e-22, 9.73834777326e-23, 1.32741107029e-22, 8.37208864816e-23, 1.90602691275e-22, 1.11583542006e-22, 1.92340305725e-22, 2.85384101845e-22, 2.44944163592e-22, 3.45828719618e-22, 6.23796923109e-22, 6.58363167145e-22, 9.61737412328e-22, 1.25793673408e-21, 1.75690355024e-21, 2.70713212567e-21],
        "var": [1.47644996673e-07, 3.2475010812e-05, 1.1966438251e-05, 5.70222164242e-06, 1.50949044837e-05, 6.49137291475e-06, 9.57641259447e-06, 4.94646883453e-06, 2.02170504053e-05, 4.5824267545e-06, 7.82620827522e-06, 1.01442956293e-05, 5.29985118192e-06, 1.68831104475e-06, 2.83673784907e-06, 5.97350845055e-06, 2.23829215429e-06, 1.09031384454e-06, 3.40590531778e-07, 1.40010683936e-07, 6.55060503618e-08, 8.00345958396e-08, 1.38569333785e-07, 3.34902637178e-07, 8.97315032944e-07, 1.94875795501e-07, 1.47457446253e-09]
    },
    "erbbands": {
        "dmean": [0.0718890056014, 0.6193100214, 1.87974238396, 2.35260415077, 4.38623714447, 5.03430747986, 5.53591489792, 8.08247566223, 8.72486114502, 16.4489707947, 12.2448654175, 26.9220409393, 20.1137371063, 16.9016742706, 24.7377624512, 23.3670921326, 28.1981239319, 21.6205406189, 20.2808704376, 30.7952480316, 28.3387451172, 28.6690807343, 20.0414333344, 11.9281654358, 9.07596969604, 7.0538687706, 4.3959236145, 3.24919438362, 2.71362519264, 2.66912102699, 2.90035009384, 2.58220744133, 1.64651691914, 1.703089118, 1.03016531467, 0.417886912823, 0.127252861857, 0.0204805396497, 0.00156605872326, 4.52717358712e-05],
        "dmean2": [0.116273149848, 1.04520797729, 3.35200452805, 4.1075758934, 7.61837291718, 8.41849803925, 8.89002132416, 13.4036979675, 13.9210100174, 24.8952999115, 18.7719898224, 41.0065727234, 30.6872272491, 24.4105815887, 37.1634864807, 35.3939208984, 43.1723861694, 34.4346237183, 31.4047641754, 48.2974662781, 43.6505661011, 47.0139083862, 32.924747467, 19.4265727997, 14.4914331436, 11.8544435501, 7.45822763443, 5.38510704041, 4.28645610809, 4.03262042999, 4.3883805275, 3.87813687325, 2.32079195976, 2.44521594048, 1.4777046442, 0.596813261509, 0.188477799296, 0.0304021071643, 0.00240791402757, 6.9156572863e-05],
        "dvar": [0.018621634692, 1.39817249775, 20.9311389923, 24.0849647522, 130.317718506, 194.821456909, 250.511016846, 355.25793457, 688.530639648, 1997.10595703, 1195.16003418, 5671.60400391, 2444.56567383, 1742.84411621, 3334.7668457, 3273.95898438, 4175.49316406, 2192.67431641, 2572.36230469, 5981.74902344, 4045.37841797, 2092.84863281, 1030.90979004, 374.234405518, 239.498748779, 148.778244019, 66.4519500732, 41.930015564, 34.2422180176, 38.0255088806, 52.1554641724, 63.1096191406, 38.3146858215, 51.5154457092, 17.9141693115, 2.52335166931, 0.217089787126, 0.00398932304233, 3.04531113215e-05, 2.1652782678e-08],
        "dvar2": [0.0458571389318, 3.83974409103, 60.404876709, 68.1866607666, 369.534606934, 520.164550781, 651.268188477, 902.38458252, 1582.2878418, 4137.23339844, 2667.50927734, 12537.8193359, 5210.87695312, 3435.23999023, 7378.63037109, 6933.43115234, 9288.15429688, 5398.59326172, 5942.64794922, 13480.7724609, 8915.54589844, 5193.44628906, 2626.18041992, 915.334106445, 503.473815918, 398.26461792, 183.853591919, 111.165382385, 77.4318313599, 77.5793228149, 115.727775574, 125.945587158, 68.1145401001, 100.260887146, 34.5876235962, 4.60780668259, 0.433202147484, 0.00795441586524, 6.72128007864e-05, 4.83310245158e-08],
        "max": [1.35757982731, 13.5401363373, 42.5852165222, 88.5997543335, 203.837173462, 429.633789062, 602.762512207, 412.4324646, 813.087585449, 981.96875, 702.718139648, 1602.01293945, 1166.92724609, 1097.61218262, 994.867858887, 1542.98266602, 1831.9083252, 1123.44641113, 1207.39575195, 2063.14477539, 1458.34606934, 855.91229248, 796.72052002, 429.131378174, 629.206237793, 217.994186401, 120.17111969, 174.254013062, 246.8021698, 228.626251221, 157.527587891, 172.805496216, 201.834075928, 163.115631104, 82.4030380249, 39.4922370911, 18.0649337769, 1.75294625759, 0.123592868447, 0.00386004592292],
        "mean": [0.131526947021, 1.35377454758, 2.82867360115, 3.36571121216, 5.73713922501, 7.41457462311, 8.86290931702, 12.268825531, 13.4606237411, 25.717092514, 18.8559646606, 45.900970459, 35.5570297241, 32.0088310242, 50.4298973083, 51.62915802, 53.4278488159, 38.8791275024, 35.3417320251, 58.9778366089, 68.3003921509, 66.1679458618, 48.3046379089, 30.3099842072, 23.5788249969, 16.0287704468, 9.82994270325, 7.63745307922, 6.31075572968, 6.20553445816, 6.31203746796, 5.37498426437, 3.18990731239, 2.99131798744, 1.75531876087, 0.690976262093, 0.195637524128, 0.0285273306072, 0.00188392156269, 8.53063829709e-05],
        "median": [0.0904038846493, 1.0004478693, 1.9873663187, 2.00580000877, 2.41255187988, 2.96202540398, 3.81727981567, 5.13319301605, 4.43051242828, 5.86468601227, 6.10971689224, 11.8390636444, 11.503080368, 10.2070045471, 12.6227092743, 11.9088668823, 15.3959712982, 17.7362365723, 16.3607139587, 23.5365791321, 30.0390548706, 47.3482971191, 38.0339050293, 23.0855731964, 17.8547019958, 11.2020559311, 6.29590177536, 5.08071947098, 3.1973233223, 3.07157897949, 2.65882492065, 1.99576401711, 0.852333664894, 0.537464261055, 0.260175853968, 0.0960090011358, 0.0261378027499, 0.00319270929322, 9.11114475457e-05, 4.39233044744e-05],
        "min": [5.68827833056e-22, 4.0085960083e-21, 1.31591664241e-20, 6.30496902298e-20, 6.63313677514e-20, 1.83053273025e-19, 3.46799271674e-19, 4.63029702417e-19, 2.3796117312e-19, 8.24991323966e-19, 8.22162004379e-19, 2.11097753774e-18, 2.05892802488e-18, 2.37772053782e-18, 5.13942410625e-18, 5.84409720214e-18, 4.33998216836e-18, 5.71641029406e-18, 6.17558941903e-18, 8.26484209195e-18, 7.39929187951e-18, 6.76927472904e-18, 1.0248508882e-17, 1.5746651855e-17, 1.05249054934e-17, 1.13736366425e-17, 1.27713435758e-17, 1.60338837053e-17, 2.51306436731e-17, 2.10899093942e-17, 1.72012919756e-17, 1.7739015622e-17, 1.68458425402e-17, 1.09092144332e-17, 1.03989622821e-17, 6.43200630993e-18, 3.49366886824e-18, 1.49820762003e-18, 3.17264219216e-19, 4.32595459397e-20],
        "var": [0.0259351059794, 2.02817082405, 15.4812526703, 25.8778858185, 132.824813843, 234.066131592, 310.222991943, 481.493347168, 1182.8371582, 4771.11376953, 2020.18505859, 13314.2929688, 6602.49902344, 4813.20947266, 10839.96875, 15135.5273438, 12405.1835938, 3727.05883789, 4508.97900391, 13230.6025391, 17763.8613281, 5583.92089844, 3047.67993164, 1209.53503418, 845.008544922, 314.122833252, 134.272705078, 90.2637939453, 92.3798675537, 106.663040161, 136.187133789, 165.347457886, 92.4787368774, 116.119117737, 45.1229667664, 6.99520874023, 0.495540320873, 0.00833080336452, 5.19667737535e-05, 3.86804828167e-08]
    },
    "gfcc": {
        "mean": [23.4604263306, 74.9955978394, -125.898513794, 32.657119751, -47.3625411987, 20.5446815491, -39.5441856384, 18.4676799774, -22.4327888489, 1.28575468063, -15.8598413467, 4.09120416641, -12.7284593582],
        "cov": [[4775.34130859, -908.534423828, 450.22354126, 698.787658691, 166.395584106, 175.009048462, -7.56376266479, 213.053955078, -30.6176395416, 73.6060333252, -86.4872055054, 131.749679565, -90.394203186], [-908.534423828, 1449.22070312, 66.7605514526, 5.83848905563, 73.324005127, -91.3022003174, 94.2321090698, -69.8796234131, 101.465042114, -66.1386184692, 195.338775635, -69.4466705322, 50.0821075439], [450.22354126, 66.7605514526, 1086.77160645, 183.370254517, 84.9878463745, -28.9545707703, -118.29611969, 13.6473646164, 49.602935791, 42.154045105, 5.0812330246, 48.6742935181, -26.7822170258], [698.787658691, 5.83848905563, 183.370254517, 488.430328369, 152.241470337, 23.6457366943, -8.08586883545, 37.3912696838, 59.68567276, 22.3698005676, -3.24666929245, 14.0663442612, 30.2290058136], [166.395584106, 73.324005127, 84.9878463745, 152.241470337, 253.899795532, 20.9963798523, 39.8964233398, 37.0204811096, 14.6844520569, 25.9485816956, -2.99176883698, 14.4109554291, 11.3851108551], [175.009048462, -91.3022003174, -28.9545707703, 23.6457366943, 20.9963798523, 218.53717041, 107.724235535, 30.4810829163, -25.8531341553, -23.676109314, 33.1382675171, 16.7744235992, -15.6842327118], [-7.56376266479, 94.2321090698, -118.29611969, -8.08586883545, 39.8964233398, 107.724235535, 236.612930298, 35.8590126038, -48.3918914795, -24.531244278, 39.364440918, 3.23387432098, -6.84049367905], [213.053955078, -69.8796234131, 13.6473646164, 37.3912696838, 37.0204811096, 30.4810829163, 35.8590126038, 119.457237244, 39.2859306335, 7.14020729065, -14.9589519501, -4.10220050812, -3.14676833153], [-30.6176395416, 101.465042114, 49.602935791, 59.68567276, 14.6844520569, -25.8531341553, -48.3918914795, 39.2859306335, 169.08921814, 35.1284675598, 1.00977993011, -31.0454082489, 5.34145069122], [73.6060333252, -66.1386184692, 42.154045105, 22.3698005676, 25.9485816956, -23.676109314, -24.531244278, 7.14020729065, 35.1284675598, 102.139007568, -3.12478876114, -4.45157527924, -0.528462052345], [-86.4872055054, 195.338775635, 5.0812330246, -3.24666929245, -2.99176883698, 33.1382675171, 39.364440918, -14.9589519501, 1.00977993011, -3.12478876114, 114.523208618, 22.2680034637, 2.44277906418], [131.749679565, -69.4466705322, 48.6742935181, 14.0663442612, 14.4109554291, 16.7744235992, 3.23387432098, -4.10220050812, -31.0454082489, -4.45157527924, 22.2680034637, 89.4766540527, 15.1780595779], [-90.394203186, 50.0821075439, -26.7822170258, 30.2290058136, 11.3851108551, -15.6842327118, -6.84049367905, -3.14676833153, 5.34145069122, -0.528462052345, 2.44277906418, 15.1780595779, 75.4358444214]],
        "icov": [[0.000365421292372, 0.000120824704936, -3.8462523662e-05, -0.000557497376576, 0.000142143777339, -8.50403666846e-05, 6.69370492687e-05, -0.000511106336489, 0.000254236045294, -0.000151350017404, 5.31705045432e-05, -0.000398163974751, 0.000572356861085], [0.000120824704936, 0.00169860769529, -0.000298962841043, 6.11822324572e-05, -0.000794267863967, 0.00131457240786, -0.00104395917151, 0.000956730043981, -0.00114568090066, 0.00168990343809, -0.00299143046141, 0.00185000710189, -0.000957549258601], [-3.8462523662e-05, -0.000298962841043, 0.00118126813322, -0.000327904359438, -9.87738749245e-05, -0.000195797227207, 0.00080460193567, -0.000274276710115, 9.75129150902e-05, -0.00045116446563, 0.00031845853664, -0.000978643889539, 0.000915429845918], [-0.000557497376576, 6.11822324572e-05, -0.000327904359438, 0.00371163175441, -0.00181235792115, -0.00013987555576, -6.02679938311e-05, 0.000850701821037, -0.00133074109908, 0.000589882547501, -0.000371062924387, 0.00083810655633, -0.00209621107206], [0.000142143777339, -0.000794267863967, -9.87738749245e-05, -0.00181235792115, 0.00583894224837, -0.000562259694561, -0.000623170752078, -0.00156955700368, 0.000858543557115, -0.00214090780355, 0.00200568931177, -0.00176115497015, 0.000482326868223], [-8.50403666846e-05, 0.00131457240786, -0.000195797227207, -0.00013987555576, -0.000562259694561, 0.00752378581092, -0.00329510075971, -5.01664690091e-05, -0.000773133651819, 0.00231637922116, -0.00344340060838, 0.000706885766704, 0.000400406570407], [6.69370492687e-05, -0.00104395917151, 0.00080460193567, -6.02679938311e-05, -0.000623170752078, -0.00329510075971, 0.00775371678174, -0.00307172350585, 0.00299241719767, -0.000611663446762, -0.00038035507896, -8.68890128913e-05, 0.000880656822119], [-0.000511106336489, 0.000956730043981, -0.000274276710115, 0.000850701821037, -0.00156955700368, -5.01664690091e-05, -0.00307172350585, 0.0125488685444, -0.00462256697938, 0.00133112550247, 0.000601197243668, 0.000956743198913, -0.00108985474799], [0.000254236045294, -0.00114568090066, 9.75129150902e-05, -0.00133074109908, 0.000858543557115, -0.000773133651819, 0.00299241719767, -0.00462256697938, 0.00981864798814, -0.00332373939455, 0.000200422815396, 0.00171095703263, 0.000352088914951], [-0.000151350017404, 0.00168990343809, -0.00045116446563, 0.000589882547501, -0.00214090780355, 0.00231637922116, -0.000611663446762, 0.00133112550247, -0.00332373939455, 0.0130226584151, -0.00331691629253, 0.00215267622843, -0.00089420954464], [5.31705045432e-05, -0.00299143046141, 0.00031845853664, -0.000371062924387, 0.00200568931177, -0.00344340060838, -0.00038035507896, 0.000601197243668, 0.000200422815396, -0.00331691629253, 0.0162633042783, -0.00664282403886, 0.00205593719147], [-0.000398163974751, 0.00185000710189, -0.000978643889539, 0.00083810655633, -0.00176115497015, 0.000706885766704, -8.68890128913e-05, 0.000956743198913, 0.00171095703263, 0.00215267622843, -0.00664282403886, 0.0170438885689, -0.00526411226019], [0.000572356861085, -0.000957549258601, 0.000915429845918, -0.00209621107206, 0.000482326868223, 0.000400406570407, 0.000880656822119, -0.00108985474799, 0.000352088914951, -0.00089420954464, 0.00205593719147, -0.00526411226019, 0.016749124974]]
    },
    "melbands": {
        "dmean": [0.000627278175671, 0.000921437400393, 0.000451588595752, 0.000346159853507, 0.00019241766131, 0.000179555194336, 0.000140694828588, 0.000170223720488, 0.00011325419473, 0.000170700455783, 9.95580267045e-05, 6.86326457071e-05, 9.1971924121e-05, 6.29655405646e-05, 7.35664798412e-05, 5.35196923011e-05, 4.41867341578e-05, 3.59649602615e-05, 3.73286820832e-05, 4.68582438771e-05, 3.58784127457e-05, 3.40499500453e-05, 2.76738410321e-05, 1.80200804607e-05, 1.01205978353e-05, 7.98142264102e-06, 6.27815370535e-06, 4.89181775265e-06, 3.5029142964e-06, 2.20754100155e-06, 1.91204412658e-06, 1.64494701949e-06, 1.66558072578e-06, 1.57646570642e-06, 1.69509314674e-06, 1.87586124412e-06, 1.63001357123e-06, 1.14195904644e-06, 1.34451556733e-06, 1.58020134222e-06],
        "dmean2": [0.00103216071147, 0.00161605980247, 0.000785807846114, 0.000591468764469, 0.000308743969072, 0.000297226360999, 0.000223104652832, 0.000258035492152, 0.000172195650521, 0.000262359215412, 0.000151386993821, 9.88621832221e-05, 0.000138812480145, 9.77006056928e-05, 0.000111562818347, 8.19650958874e-05, 7.05818529241e-05, 5.64780057175e-05, 5.88302464166e-05, 7.29401217541e-05, 5.52786186745e-05, 5.53705795028e-05, 4.57156602351e-05, 2.90730295092e-05, 1.65905039466e-05, 1.27935027194e-05, 1.01867799458e-05, 8.34627553559e-06, 5.99509940002e-06, 3.67545180779e-06, 3.1847223454e-06, 2.66262236437e-06, 2.5799317882e-06, 2.41956468017e-06, 2.60936849372e-06, 2.81960433313e-06, 2.4560285965e-06, 1.65762082815e-06, 1.93128357751e-06, 2.31031458497e-06],
        "dvar": [1.21843038414e-06, 4.42071313955e-06, 8.65320259891e-07, 8.11432471437e-07, 2.88045470143e-07, 1.67950517493e-07, 1.59760389806e-07, 2.13032279817e-07, 1.0161969044e-07, 2.16576168555e-07, 6.18808400077e-08, 3.08305416752e-08, 4.9965670712e-08, 2.93882411739e-08, 2.58191121816e-08, 1.45847707245e-08, 9.83305348257e-09, 9.39773503461e-09, 9.68651470146e-09, 1.43775125139e-08, 6.77171563268e-09, 3.42079187199e-09, 2.11035633413e-09, 1.28844745984e-09, 2.88026158479e-10, 2.04412251015e-10, 9.98029020538e-11, 8.89028364814e-11, 4.32107578885e-11, 1.66982278699e-11, 1.57490895325e-11, 1.20200568249e-11, 1.57015234148e-11, 1.25361257833e-11, 1.61551032968e-11, 2.83851241123e-11, 2.64671236316e-11, 1.65436327831e-11, 3.40249634023e-11, 4.34647491609e-11],
        "dvar2": [3.02397597807e-06, 1.26593668028e-05, 2.42974761022e-06, 2.25285748456e-06, 7.55441988076e-07, 4.25493510647e-07, 3.6434374806e-07, 4.4534883159e-07, 2.15322558006e-07, 4.8355900617e-07, 1.30294452561e-07, 6.01519900556e-08, 1.10082773119e-07, 7.14094667842e-08, 5.53833885419e-08, 3.25312825566e-08, 2.42770337167e-08, 2.24305285457e-08, 2.14064357351e-08, 3.20629531814e-08, 1.43384335516e-08, 8.4354994101e-09, 5.62136603932e-09, 3.05972136516e-09, 6.96926072408e-10, 4.48250270235e-10, 2.40649833394e-10, 2.4243926311e-10, 1.2066622701e-10, 4.46871185888e-11, 4.22097946873e-11, 2.8499745966e-11, 3.33684226084e-11, 2.72400296764e-11, 3.73171736567e-11, 6.14631678886e-11, 5.34779408257e-11, 3.16210981011e-11, 6.26886459409e-11, 8.93118565215e-11],
        "max": [0.0123372143134, 0.019323984161, 0.0171360000968, 0.0179545562714, 0.0204706396908, 0.00822965987027, 0.0129750818014, 0.0094957947731, 0.00551412533969, 0.00946416985244, 0.00570204295218, 0.00474897958338, 0.0042407377623, 0.00423609884456, 0.00355572602712, 0.0022771502845, 0.00258733425289, 0.00189712294377, 0.00299990363419, 0.00263461261056, 0.00170325464569, 0.00112253322732, 0.001017161645, 0.00137121055741, 0.000398568517994, 0.000453619111795, 0.000280896638287, 0.000165449760971, 9.08547444851e-05, 8.85150730028e-05, 0.000128002400743, 0.000141046824865, 0.000157821777975, 0.000102989870356, 9.74452923401e-05, 0.000134287503897, 0.000134386849822, 0.000127952618641, 0.00016218010569, 0.000158712515258],
        "mean": [0.00141007360071, 0.00166218471713, 0.000663515529595, 0.000484636664623, 0.000316601333907, 0.000276289647445, 0.000220225148951, 0.00026101761614, 0.000174458487891, 0.000290273572318, 0.000168232698343, 0.000118001109513, 0.000178805930773, 0.000137574432301, 0.000135843336466, 9.24234627746e-05, 7.09039304638e-05, 5.45044167666e-05, 6.52556991554e-05, 8.2638420281e-05, 7.92744758655e-05, 6.98889343766e-05, 5.54094986001e-05, 3.85626444768e-05, 2.23873266805e-05, 1.85203098226e-05, 1.43229008245e-05, 9.46244836086e-06, 6.57376904201e-06, 4.94316600452e-06, 4.08263304053e-06, 3.47248828803e-06, 3.58137526746e-06, 3.35450363309e-06, 3.53052064384e-06, 3.69097551811e-06, 3.14796056955e-06, 2.13196562981e-06, 2.25364988182e-06, 2.65852850134e-06],
        "median": [0.00110704288818, 0.00131386006251, 0.000391971494537, 0.000206552853342, 0.000142329052323, 0.000117535040772, 6.75955961924e-05, 5.86360984016e-05, 4.76643981528e-05, 7.48029560782e-05, 4.86183489556e-05, 3.27727393596e-05, 4.09202766605e-05, 2.69688025583e-05, 3.24028660543e-05, 2.79678533843e-05, 2.88143819489e-05, 2.12580089283e-05, 2.48802134593e-05, 3.19455357385e-05, 3.20045910485e-05, 4.42244345322e-05, 3.87916552427e-05, 2.46341624006e-05, 1.59550199896e-05, 1.25731130538e-05, 9.74580507318e-06, 5.77332366447e-06, 3.5579487303e-06, 3.18165393765e-06, 2.43459726335e-06, 1.69934264704e-06, 1.53345013132e-06, 1.58718557941e-06, 1.4749384718e-06, 1.29913223645e-06, 1.11236909106e-06, 5.90460217609e-07, 4.06051299251e-07, 4.46508977348e-07],
        "min": [7.23281004904e-24, 6.14514164912e-24, 1.11644446801e-23, 7.36605417796e-24, 1.18276621313e-23, 9.52068890105e-24, 4.30556613866e-24, 9.11778687118e-24, 7.3547616341e-24, 1.3441083842e-23, 9.52142333055e-24, 7.92655957264e-24, 1.85561526147e-23, 1.5333439669e-23, 1.24828978878e-23, 8.69761352065e-24, 1.16324790107e-23, 1.11318166042e-23, 8.29027809249e-24, 1.20364041931e-23, 8.66432990133e-24, 6.62516627096e-24, 6.44701071299e-24, 1.05758234939e-23, 1.34730342864e-23, 9.43841701952e-24, 6.20061474241e-24, 7.98541096275e-24, 1.02120915635e-23, 4.87900333017e-24, 1.05070884655e-23, 1.49448988519e-23, 1.1904505072e-23, 1.23495851279e-23, 9.88660913168e-24, 9.96171105644e-24, 1.05230739429e-23, 1.20483507027e-23, 1.04926799211e-23, 8.45434222811e-24],
        "var": [2.09591507883e-06, 3.80503024644e-06, 1.02019703263e-06, 8.4143988488e-07, 3.44865668467e-07, 2.37201305708e-07, 2.9252308309e-07, 4.86502415242e-07, 2.00990243115e-07, 4.97962787449e-07, 1.65717651157e-07, 7.76336293029e-08, 1.62378015034e-07, 1.57774451282e-07, 7.73087691641e-08, 3.47026620773e-08, 1.50274530597e-08, 1.34790969497e-08, 1.84292705541e-08, 2.94717317217e-08, 2.81950782721e-08, 7.74825359429e-09, 4.28826130161e-09, 4.13201250993e-09, 7.50871753663e-10, 6.64326094135e-10, 3.01291352978e-10, 1.40770936574e-10, 7.4878325762e-11, 3.55733394131e-11, 3.0117835309e-11, 2.84634000397e-11, 4.07516832779e-11, 3.17206400036e-11, 3.94381714786e-11, 7.10629680101e-11, 6.42227590553e-11, 3.77250591876e-11, 7.26096197057e-11, 9.28636334496e-11]
    },
    "mfcc": {
        "mean": [-617.761657715, 107.182312012, -13.2512960434, 18.5107154846, 13.9430389404, 3.16946196556, 1.18044364452, 11.9278316498, 0.405216246843, 3.17028045654, -0.619800269604, 2.55332374573, -0.0178166925907],
        "cov": [[4226.75634766, -1106.77001953, 130.862121582, 463.462677002, 215.141387939, 123.825141907, 125.953552246, 172.371185303, 114.368759155, 17.6154785156, 49.6570625305, 81.900970459, 17.3317813873], [-1106.77001953, 1250.06518555, 106.674911499, 30.0191936493, 3.89539599419, -31.9622268677, 2.43697619438, 0.623595058918, -113.078437805, 35.9494018555, 20.047208786, 29.4483604431, 25.4960002899], [130.862121582, 106.674911499, 814.703674316, 168.580947876, 183.154022217, 19.6357097626, -52.7869529724, 0.36949133873, -29.8094558716, -7.67766857147, 20.8655357361, 28.142824173, 36.0275497437], [463.462677002, 30.0191936493, 168.580947876, 443.024505615, 194.088424683, 42.5826416016, -15.947769165, -4.43059921265, 63.6920700073, 8.90787792206, 4.74338674545, 28.4022064209, 34.7344360352], [215.141387939, 3.89539599419, 183.154022217, 194.088424683, 272.530151367, 25.7911891937, -52.3063316345, 2.01080846786, 36.9678878784, 31.00623703, -2.91958999634, 27.5513515472, 28.453704834], [123.825141907, -31.9622268677, 19.6357097626, 42.5826416016, 25.7911891937, 146.648696899, 78.4863967896, 39.5759620667, 3.17158746719, -2.76693916321, 18.4118824005, 16.7324008942, 7.15654993057], [125.953552246, 2.43697619438, -52.7869529724, -15.947769165, -52.3063316345, 78.4863967896, 258.215606689, 85.0366821289, 2.48957085609, -36.1824874878, 23.9353923798, 10.6815395355, -9.52459144592], [172.371185303, 0.623595058918, 0.36949133873, -4.43059921265, 2.01080846786, 39.5759620667, 85.0366821289, 170.691268921, -2.24407553673, 13.0903739929, 9.94285869598, 7.24603414536, 12.9700479507], [114.368759155, -113.078437805, -29.8094558716, 63.6920700073, 36.9678878784, 3.17158746719, 2.48957085609, -2.24407553673, 138.938552856, 28.9996967316, 9.71468830109, 3.87923526764, -15.5152845383], [17.6154785156, 35.9494018555, -7.67766857147, 8.90787792206, 31.00623703, -2.76693916321, -36.1824874878, 13.0903739929, 28.9996967316, 121.646354675, 31.6973838806, 12.1672201157, -0.676314890385], [49.6570625305, 20.047208786, 20.8655357361, 4.74338674545, -2.91958999634, 18.4118824005, 23.9353923798, 9.94285869598, 9.71468830109, 31.6973838806, 89.2559280396, 25.9776630402, -7.59456253052], [81.900970459, 29.4483604431, 28.142824173, 28.4022064209, 27.5513515472, 16.7324008942, 10.6815395355, 7.24603414536, 3.87923526764, 12.1672201157, 25.9776630402, 76.6001281738, 18.2808570862], [17.3317813873, 25.4960002899, 36.0275497437, 34.7344360352, 28.453704834, 7.15654993057, -9.52459144592, 12.9700479507, -15.5152845383, -0.676314890385, -7.59456253052, 18.2808570862, 80.2980422974]],
