{
"lowlevel": {
    "average_loudness": 0.034882940352,
    "barkbands_crest": {
        "dmean": 1.89058256149,
        "dmean2": 3.06117773056,
        "dvar": 3.26465845108,
        "dvar2": 8.30133914948,
        "max": 24.3923225403,
        "mean": 8.2331867218,
        "median": 7.35553789139,
        "min": 2.09042429924,
        "var": 12.4728469849
    },
    "barkbands_flatness_db": {
        "dmean": 0.0140242502093,
        "dmean2": 0.022790947929,
        "dvar": 0.000156818467076,
        "dvar2": 0.000396186631406,
        "max": 0.381481140852,
        "mean": 0.18288834393,
        "median": 0.177543774247,
        "min": 0.0286624077708,
        "var": 0.00206155749038
    },
    "barkbands_kurtosis": {
        "dmean": 1.15352106094,
        "dmean2": 1.84902894497,
        "dvar": 25.3329143524,
        "dvar2": 73.2060623169,
        "max": 220.709869385,
        "mean": 1.30640792847,
        "median": -0.119832515717,
        "min": -1.91643106937,
        "var": 65.7453536987
    },
    "barkbands_skewness": {
        "dmean": 0.310006350279,
        "dmean2": 0.474141687155,
        "dvar": 0.131959199905,
        "dvar2": 0.302805691957,
        "max": 13.2549571991,
        "mean": 0.663258016109,
        "median": 0.504526495934,
        "min": -6.27639389038,
        "var": 1.04997837543
    },
    "barkbands_spread": {
        "dmean": 3.41223168373,
        "dmean2": 5.3186249733,
        "dvar": 18.0296554565,
        "dvar2": 39.0862007141,
        "max": 96.4882888794,
        "mean": 20.3526153564,
        "median": 19.6671524048,
        "min": 1.09164106846,
        "var": 108.505027771
    },
    "dissonance": {
        "dmean": 0.0168542731553,
        "dmean2": 0.0286168847233,
        "dvar": 0.000284811569145,
        "dvar2": 0.00077747378964,
        "max": 0.500000059605,
        "mean": 0.464453071356,
        "median": 0.472494632006,
        "min": 0.205992519855,
        "var": 0.00101315230131
    },
    "dynamic_complexity": 5.28850841522,
    "erbbands_crest": {
        "dmean": 2.03402423859,
        "dmean2": 3.31697225571,
        "dvar": 3.51000452042,
        "dvar2": 8.87720870972,
        "max": 28.5703773499,
        "mean": 8.99438667297,
        "median": 8.22066783905,
        "min": 2.62464737892,
        "var": 11.9359645844
    },
    "erbbands_flatness_db": {
        "dmean": 0.012141729705,
        "dmean2": 0.0184528771788,
        "dvar": 0.00013148378639,
        "dvar2": 0.000283842062345,
        "max": 0.399527400732,
        "mean": 0.243777036667,
        "median": 0.245162054896,
        "min": 0.0813137069345,
        "var": 0.00186805834528
    },
    "erbbands_kurtosis": {
        "dmean": 0.622380971909,
        "dmean2": 0.995499908924,
        "dvar": 0.934401154518,
        "dvar2": 2.28299283981,
        "max": 24.7074260712,
        "mean": 0.169985428452,
        "median": -0.201236724854,
        "min": -1.79619407654,
        "var": 3.00273513794
    },
    "erbbands_skewness": {
        "dmean": 0.289705514908,
        "dmean2": 0.445932596922,
        "dvar": 0.0722842589021,
        "dvar2": 0.164429709315,
        "max": 3.69367551804,
        "mean": 0.15169672668,
        "median": 0.228403761983,
        "min": -4.42622280121,
        "var": 0.5322021842
    },
    "erbbands_spread": {
        "dmean": 4.01987886429,
        "dmean2": 6.21387624741,
        "dvar": 30.5980911255,
        "dvar2": 67.0690689087,
        "max": 161.580368042,
        "mean": 26.1370735168,
        "median": 24.346862793,
        "min": 3.30052828789,
        "var": 157.2918396
    },
    "hfc": {
        "dmean": 2.4515171051,
        "dmean2": 3.6413192749,
        "dvar": 19.6565361023,
        "dvar2": 41.6192817688,
        "max": 260.853729248,
        "mean": 14.2026128769,
        "median": 6.16361141205,
        "min": 1.13303163666e-16,
        "var": 285.526580811
    },
    "melbands_crest": {
        "dmean": 2.39213895798,
        "dmean2": 3.8481194973,
        "dvar": 5.02913856506,
        "dvar2": 12.7336339951,
        "max": 36.3210487366,
        "mean": 10.6750650406,
        "median": 9.53935813904,
        "min": 2.19729351997,
        "var": 21.3580913544
    },
    "melbands_flatness_db": {
        "dmean": 0.0153516363353,
        "dmean2": 0.0235294736922,
        "dvar": 0.00022658247326,
        "dvar2": 0.000506564218085,
        "max": 0.491756647825,
        "mean": 0.191902220249,
        "median": 0.180414110422,
        "min": 0.0071670692414,
        "var": 0.00380558543839
    },
    "melbands_kurtosis": {
        "dmean": 2.38374018669,
        "dmean2": 3.77851581573,
        "dvar": 214.806137085,
        "dvar2": 599.42401123,
        "max": 878.566833496,
        "mean": 4.52103948593,
        "median": 1.34820318222,
        "min": -1.86092853546,
        "var": 576.611694336
    },
    "melbands_skewness": {
        "dmean": 0.358962863684,
        "dmean2": 0.55270665884,
        "dvar": 0.222637683153,
        "dvar2": 0.516855835915,
        "max": 23.416595459,
        "mean": 1.32522702217,
        "median": 1.08690094948,
        "min": -4.06422901154,
        "var": 1.59368956089
    },
    "melbands_spread": {
        "dmean": 5.95634508133,
        "dmean2": 9.17088317871,
        "dvar": 71.1013412476,
        "dvar2": 156.435287476,
        "max": 230.767578125,
        "mean": 31.6281547546,
        "median": 29.140827179,
        "min": 0.651102185249,
        "var": 369.558746338
    },
    "pitch_salience": {
        "dmean": 0.053912628442,
        "dmean2": 0.0872587263584,
        "dvar": 0.00226250290871,
        "dvar2": 0.00580041809008,
        "max": 0.946065366268,
        "mean": 0.61620080471,
        "median": 0.623718440533,
        "min": 0.105914637446,
        "var": 0.0117750111967
    },
    "silence_rate_20dB": {
        "dmean": 0,
        "dmean2": 0,
        "dvar": 0,
        "dvar2": 0,
        "max": 1,
        "mean": 1,
        "median": 1,
        "min": 1,
        "var": 0
    },
    "silence_rate_30dB": {
        "dmean": 0.000978473573923,
        "dmean2": 0.00195713876747,
        "dvar": 0.000977512565441,
        "dvar2": 0.00214900705032,
        "max": 1,
        "mean": 0.997162699699,
        "median": 1,
        "min": 0,
        "var": 0.00282882968895
    },
    "silence_rate_60dB": {
        "dmean": 0.0346379652619,
        "dmean2": 0.0692827105522,
        "dvar": 0.0334343612194,
        "dvar2": 0.0748655945063,
        "max": 1,
        "mean": 0.301927417517,
        "median": 0,
        "min": 0,
        "var": 0.210781350732
    },
    "spectral_centroid": {
        "dmean": 170.066650391,
        "dmean2": 254.306396484,
        "dvar": 45119.9140625,
        "dvar2": 81213.671875,
        "max": 11253.3222656,
        "mean": 1669.48925781,
        "median": 1729.23156738,
        "min": 190.782180786,
        "var": 433768.84375
    },
    "spectral_complexity": {
        "dmean": 1.96105670929,
        "dmean2": 3.20912027359,
        "dvar": 3.96912503242,
        "dvar2": 9.64650821686,
        "max": 64,
        "mean": 13.9987277985,
        "median": 14,
        "min": 0,
        "var": 68.7632904053
    },
    "spectral_decrease": {
        "dmean": 5.98475213831e-10,
        "dmean2": 9.30385823938e-10,
        "dvar": 2.84572009645e-18,
        "dvar2": 8.09949778649e-18,
        "max": -2.60649701254e-29,
        "mean": -2.82158785225e-09,
        "median": -1.7512635786e-09,
        "min": -7.82271953881e-08,
        "var": 1.14286722773e-17
    },
    "spectral_energy": {
        "dmean": 0.00244281743653,
        "dmean2": 0.00378587748855,
        "dvar": 4.28286657552e-05,
        "dvar2": 0.000121176548419,
        "max": 0.313181936741,
        "mean": 0.0119375633076,
        "median": 0.00719862943515,
        "min": 1.06122805492e-20,
        "var": 0.000194014326553
    },
    "spectral_energyband_high": {
        "dmean": 6.56307674944e-05,
        "dmean2": 0.000100288154499,
        "dvar": 1.26366501263e-07,
        "dvar2": 2.51847950494e-07,
        "max": 0.0224437005818,
        "mean": 0.000193460437004,
        "median": 3.46201813954e-05,
        "min": 7.87077458584e-21,
        "var": 7.45332499719e-07
    },
    "spectral_energyband_low": {
        "dmean": 0.000689850014169,
        "dmean2": 0.00117114954628,
        "dvar": 2.84862144326e-05,
        "dvar2": 8.57041595737e-05,
        "max": 0.223826766014,
        "mean": 0.00159061176237,
        "median": 0.000465715944301,
        "min": 3.5099485609e-23,
        "var": 4.68742946396e-05
    },
    "spectral_energyband_middle_high": {
        "dmean": 0.0010801597964,
        "dmean2": 0.00160958187189,
        "dvar": 3.16550494972e-06,
        "dvar2": 6.9447023634e-06,
        "max": 0.0464011877775,
        "mean": 0.00538555067033,
        "median": 0.00255473260768,
        "min": 1.39856359764e-21,
        "var": 4.14296046074e-05
    },
    "spectral_energyband_middle_low": {
        "dmean": 0.00155650021043,
        "dmean2": 0.00241022836417,
        "dvar": 1.36698408824e-05,
        "dvar2": 3.75297458959e-05,
        "max": 0.211505100131,
        "mean": 0.00494949053973,
        "median": 0.0033072012011,
        "min": 3.45046699715e-22,
        "var": 3.829396519e-05
    },
    "spectral_entropy": {
        "dmean": 0.0935138836503,
        "dmean2": 0.141494974494,
        "dvar": 0.0097452737391,
        "dvar2": 0.0186261571944,
        "max": 9.80952739716,
        "mean": 7.28622961044,
        "median": 7.24583005905,
        "min": 5.74686050415,
        "var": 0.197273999453
    },
    "spectral_flux": {
        "dmean": 0.0108376331627,
        "dmean2": 0.0180311650038,
        "dvar": 0.000193917163415,
        "dvar2": 0.000521076959558,
        "max": 0.397758156061,
        "mean": 0.0481393523514,
        "median": 0.039416257292,
        "min": 6.72082597908e-11,
        "var": 0.00115609006025
    },
    "spectral_kurtosis": {
        "dmean": 3.31663560867,
        "dmean2": 5.93220901489,
        "dvar": 12.3126153946,
        "dvar2": 39.8628311157,
        "max": 52.4552459717,
        "mean": 6.20735406876,
        "median": 5.03992176056,
        "min": -1.36518788338,
        "var": 23.4628505707
    },
    "spectral_rms": {
        "dmean": 0.000295493460726,
        "dmean2": 0.00044845888624,
        "dvar": 1.68035029446e-07,
        "dvar2": 4.18220651e-07,
        "max": 0.0174797978252,
        "mean": 0.00295120407827,
        "median": 0.0026501044631,
        "min": 3.21767677607e-12,
        "var": 2.93682637675e-06
    },
    "spectral_rolloff": {
        "dmean": 300.527130127,
        "dmean2": 497.36819458,
        "dvar": 385244.46875,
        "dvar2": 761314.3125,
        "max": 18410.8886719,
        "mean": 2034.93554688,
        "median": 1937.98828125,
        "min": 64.599609375,
        "var": 1535084.375
    },
    "spectral_skewness": {
        "dmean": 0.323141723871,
        "dmean2": 0.567218482494,
        "dvar": 0.0923794656992,
        "dvar2": 0.28457981348,
        "max": 5.50430727005,
        "mean": 1.47236227989,
        "median": 1.40730643272,
        "min": -0.661536633968,
        "var": 0.283674150705
    },
    "spectral_spread": {
        "dmean": 262435.65625,
        "dmean2": 410048.875,
        "dvar": 260090740736,
        "dvar2": 437855944704,
        "max": 41156880,
        "mean": 2783024,
        "median": 2564166,
        "min": 1183694.375,
        "var": 1.20578061107e+12
    },
    "spectral_strongpeak": {
        "dmean": 0.58879673481,
        "dmean2": 1.00285887718,
        "dvar": 1.19224393368,
        "dvar2": 3.08552694321,
        "max": 18.0347747803,
        "mean": 1.32151949406,
        "median": 0.571941792965,
        "min": 0,
        "var": 3.51303529739
    },
    "zerocrossingrate": {
        "dmean": 0.00650417385623,
        "dmean2": 0.00778641132638,
        "dvar": 0.000115056463983,
        "dvar2": 0.000117892726848,
        "max": 0.6640625,
        "mean": 0.0642260611057,
        "median": 0.0634765625,
        "min": 0.0029296875,
        "var": 0.00106908765156
    },
    "barkbands": {
        "dmean": [5.63447429158e-05, 0.00050266814651, 0.000225460389629, 0.000182319025043, 0.00041366845835, 0.000293621706078, 0.00025430470123, 0.000297263643006, 0.000867845141329, 0.000346460321452, 0.000312099058647, 0.000330837327056, 0.000288155686576, 0.00021652673604, 0.000154122069944, 9.73992573563e-05, 0.000135579321068, 0.000269393727649, 0.000189057012904, 2.78189800156e-05, 2.02009377972e-05, 1.28575720737e-05, 1.54032259161e-05, 2.36969699472e-05, 5.11514872414e-06, 2.11384801219e-07, 4.95876895101e-10],
        "dmean2": [9.70778637566e-05, 0.000876861973666, 0.000368302251445, 0.000303762382828, 0.000642757571768, 0.000440639123553, 0.000389826775063, 0.000459730013972, 0.00134957418777, 0.000525917974301, 0.000498115434311, 0.000528531905729, 0.000450671068393, 0.000350584508851, 0.000243348418735, 0.000154125038534, 0.000208279248909, 0.000404671241995, 0.00028460167232, 4.50262305094e-05, 3.12556949211e-05, 2.06181393878e-05, 2.46242198045e-05, 3.52889255737e-05, 8.01523856353e-06, 3.28296266616e-07, 9.2204738289e-10],
        "dvar": [5.13725069595e-07, 1.88288668141e-05, 1.76945070507e-06, 5.0679193464e-07, 6.27036251899e-06, 4.80609173792e-07, 2.61792166611e-07, 5.83512587582e-07, 4.79001346321e-06, 8.0992350604e-07, 4.88585953917e-07, 5.92211051753e-07, 5.21366871453e-07, 2.90333787234e-07, 1.60337961574e-07, 6.69785578111e-08, 1.10577460077e-07, 3.00869288594e-07, 1.35078963126e-07, 6.07004890796e-09, 2.36299459999e-08, 5.24434806692e-09, 1.62162336892e-08, 2.69172186762e-08, 4.49156312143e-09, 1.18547905867e-11, 9.12944456221e-19],
        "dvar2": [1.48057824845e-06, 5.82907014177e-05, 4.75022716273e-06, 1.49502102431e-06, 1.68888545886e-05, 1.18566117635e-06, 6.3981360654e-07, 1.43694774124e-06, 1.15909224405e-05, 1.75853733708e-06, 1.21547350318e-06, 1.40486383771e-06, 1.1576369161e-06, 7.30463739274e-07, 3.77737734425e-07, 1.60587092068e-07, 2.53452725474e-07, 6.64871265599e-07, 3.05472696027e-07, 1.38732669797e-08, 4.99241892271e-08, 1.26711512394e-08, 3.30671703352e-08, 6.011615028e-08, 1.02001811442e-08, 2.59115524176e-11, 2.90731279205e-18],
        "max": [0.0238366685808, 0.19096750021, 0.0525951310992, 0.0349050909281, 0.184929460287, 0.0223186481744, 0.0118158338591, 0.0254695881158, 0.0364816971123, 0.0232419651002, 0.0143898045644, 0.0212557949126, 0.0196270812303, 0.0178969521075, 0.0181142650545, 0.00997914373875, 0.0107521889731, 0.0158597584814, 0.00862088706344, 0.00501322094351, 0.0107864066958, 0.00502646528184, 0.0101237287745, 0.00760004902259, 0.00630426825956, 0.000195874250494, 1.69567488939e-08],
        "mean": [6.3862054958e-05, 0.000992503133602, 0.000418405776145, 0.00030811742181, 0.000892912095878, 0.000636531040072, 0.00055892590899, 0.000615099619608, 0.00177646614611, 0.000681887380779, 0.000601870298851, 0.000663306156639, 0.00055081048049, 0.000396207207814, 0.000319655227941, 0.000212831160752, 0.000328096299199, 0.00102238438558, 0.000662874954287, 7.04573685653e-05, 4.52331914857e-05, 2.86939557554e-05, 3.55473566742e-05, 4.52841704828e-05, 9.29472025746e-06, 3.11846832801e-07, 4.75293804314e-10],
        "median": [3.05516300614e-06, 0.000200403475901, 8.93690303201e-05, 0.000114112728625, 0.000350141111994, 0.000263356923824, 0.00021861748246, 0.000148613238707, 0.000343359948602, 0.000201476650545, 0.000196040375158, 0.000179475508048, 0.000131349705043, 0.000114700138511, 0.000102659279946, 8.42698937049e-05, 8.78364371601e-05, 0.000128806495923, 0.000106970845081, 1.9452189008e-05, 6.04502338319e-06, 4.64873937744e-06, 6.20534865448e-06, 5.71562895857e-06, 1.88759145203e-07, 1.67127797712e-10, 1.787633791e-10],
        "min": [1.18409599595e-23, 9.83358821252e-24, 1.54745179756e-23, 8.65749126615e-24, 5.99769557844e-23, 2.82542334564e-23, 3.27036834854e-23, 2.13607377263e-23, 2.1957176524e-23, 5.52471098798e-23, 4.75622793766e-23, 2.25013532868e-23, 4.42851870933e-23, 1.49430727967e-22, 6.20659604357e-23, 1.22133325991e-22, 1.0256772014e-22, 1.99688084362e-22, 2.40581093832e-22, 2.52213876554e-22, 3.54338269488e-22, 4.18065962265e-22, 7.51679379025e-22, 9.16249445857e-22, 1.11461648481e-21, 1.59296255264e-21, 2.35125786196e-21],
        "var": [6.42132363282e-07, 2.45533938141e-05, 2.38099460148e-06, 8.12015628071e-07, 8.54561221786e-06, 1.17987258363e-06, 7.61354556289e-07, 2.04458547159e-06, 1.32781042339e-05, 2.652835974e-06, 1.42892884014e-06, 1.94631502382e-06, 1.2916104879e-06, 5.84689075822e-07, 6.224978506e-07, 1.82681560545e-07, 4.43866099431e-07, 3.4621712075e-06, 1.06256266008e-06, 2.81531740143e-08, 7.34754763698e-08, 2.15730064923e-08, 4.16788026314e-08, 5.95654405799e-08, 1.82127770643e-08, 2.42330287781e-11, 7.15932523284e-19]
    },
    "erbbands": {
        "dmean": [0.0164392199367, 0.112049378455, 0.26669460535, 0.382598757744, 0.999875605106, 1.57526016235, 1.82020735741, 2.70615029335, 3.03586101532, 4.47049331665, 8.13149261475, 16.4891662598, 15.9392776489, 10.5980930328, 11.2776880264, 11.3947029114, 11.4354066849, 10.7310447693, 7.74435710907, 6.92135906219, 4.77767658234, 7.36533737183, 14.2553529739, 11.3439750671, 5.16296625137, 1.12545740604, 0.993124961853, 0.60893368721, 0.455631285906, 0.433568179607, 0.48983758688, 0.457188099623, 0.411057859659, 0.0971298068762, 0.0160545464605, 0.00233022100292, 7.13055706001e-05, 4.8049923862e-06, 1.87357329651e-06, 3.03081878883e-06],
        "dmean2": [0.0288303233683, 0.192469224334, 0.444529682398, 0.635955631733, 1.61022531986, 2.4448158741, 2.77730965614, 4.06755399704, 4.68675661087, 6.74863910675, 12.4197950363, 25.3476886749, 24.6848983765, 16.5177745819, 18.0737075806, 17.6494407654, 17.7592525482, 17.2125740051, 12.3763647079, 11.0078926086, 7.5322933197, 10.9795093536, 20.9151115417, 16.6952037811, 7.74129629135, 1.78615581989, 1.57511651516, 0.928841471672, 0.730055034161, 0.689834654331, 0.779977858067, 0.693195104599, 0.615844011307, 0.149506762624, 0.0241930317134, 0.00362117355689, 0.000111548128189, 7.35193907531e-06, 2.83452800431e-06, 4.67496374768e-06],
        "dvar": [0.0334365703166, 0.853711247444, 3.58949327469, 2.24442696571, 25.1474647522, 140.888290405, 31.2198905945, 50.3078231812, 49.9113883972, 94.7162628174, 399.96572876, 1580.81335449, 2091.88818359, 498.008911133, 503.342559814, 784.261169434, 839.771057129, 645.037597656, 430.855773926, 382.307739258, 177.258331299, 338.793365479, 1086.74743652, 493.49432373, 100.540985107, 8.24583911896, 54.7900009155, 14.0995111465, 6.60146617889, 5.4417552948, 25.9175205231, 12.1244478226, 7.27447795868, 0.896138012409, 0.131588876247, 0.00207903329283, 1.18999992083e-06, 3.11520165219e-09, 5.79953828017e-11, 5.76515814255e-11],
        "dvar2": [0.106901332736, 2.63651776314, 10.3274822235, 6.69662952423, 74.9206619263, 358.271484375, 75.2105484009, 128.48449707, 124.442985535, 227.929885864, 942.318054199, 3753.09130859, 4960.53515625, 1195.37402344, 1282.76916504, 1736.8626709, 1841.07543945, 1598.37243652, 1081.08984375, 920.273681641, 423.733734131, 720.379882812, 2152.21362305, 1072.95568848, 216.19342041, 18.68268013, 121.050727844, 29.8370990753, 15.7809944153, 12.5096139908, 52.8673858643, 29.2474441528, 15.8464107513, 2.01898050308, 0.30895665288, 0.00473763747141, 2.7290577691e-06, 7.1997261486e-09, 1.34649319472e-10, 1.59730825788e-10],
        "max": [6.68355512619, 46.1588134766, 79.1610946655, 76.0928115845, 306.28225708, 1004.58410645, 276.598052979, 238.480316162, 237.661758423, 237.903015137, 609.260009766, 745.653564453, 1028.9954834, 592.797607422, 491.521179199, 943.788024902, 964.571166992, 618.493347168, 824.44744873, 664.136169434, 714.366455078, 651.019287109, 1130.61120605, 545.92956543, 250.039978027, 214.658737183, 476.586212158, 209.13508606, 165.409469604, 163.281478882, 418.964050293, 193.650238037, 95.6302719116, 70.116897583, 37.9691352844, 5.23066473007, 0.117709711194, 0.00604017172009, 0.000723990204278, 0.000415375281591],
        "mean": [0.0279350262135, 0.222488358617, 0.510723769665, 0.748069822788, 2.00689125061, 3.16255784035, 3.87173509598, 5.8195643425, 6.83215379715, 9.94110393524, 18.9214744568, 35.1914978027, 32.3111877441, 23.3477535248, 24.0312385559, 24.9330558777, 24.6688671112, 22.297170639, 16.4974327087, 16.1400871277, 12.1097211838, 21.3841552734, 52.1726913452, 47.6813468933, 18.2865333557, 3.47530508041, 2.28245592117, 1.39493429661, 0.993091166019, 1.05067658424, 1.05920422077, 0.886749923229, 0.74556273222, 0.175123617053, 0.0400336720049, 0.00525766098872, 0.00016022688942, 1.30418266053e-05, 8.90871160664e-06, 1.53514902195e-05],
        "median": [0.00449775345623, 0.0469060763717, 0.117242969573, 0.345673829317, 0.709807813168, 0.927926301956, 1.63457036018, 2.22443628311, 2.86667847633, 4.12988328934, 5.03938055038, 7.94408464432, 8.63959503174, 9.44414520264, 10.0528964996, 7.85849761963, 7.02715349197, 6.23675107956, 6.05116701126, 5.55507516861, 5.00481081009, 5.87555503845, 7.59801721573, 6.76065969467, 3.79090309143, 1.1936109066, 0.35481569171, 0.204190135002, 0.166359707713, 0.188350275159, 0.157204121351, 0.117025963962, 0.0869347006083, 0.00982279144228, 0.000279044557828, 2.69450483756e-05, 7.62359195505e-06, 2.24365612667e-06, 4.37265362052e-06, 8.87085843715e-06],
        "min": [5.27857351134e-22, 1.50892849469e-21, 1.40445978385e-20, 2.32428478657e-20, 7.27076959656e-20, 2.51460450524e-19, 3.06910632133e-19, 2.28463873067e-19, 5.91656339367e-19, 4.03697355397e-19, 5.13726413088e-19, 4.65303983812e-19, 1.77377322513e-18, 1.60422642856e-18, 1.64958322309e-18, 8.27242444304e-19, 2.15512850973e-18, 5.13823834285e-18, 5.8393541485e-18, 3.6840453134e-18, 8.62792475003e-18, 5.99555976256e-18, 1.09555762522e-17, 1.14436442464e-17, 1.15324850986e-17, 1.31074072064e-17, 1.68472189687e-17, 1.01192346143e-17, 1.22416410998e-17, 2.00065294393e-17, 2.20611054601e-17, 1.48365000639e-17, 1.43120394314e-17, 1.23859146335e-17, 7.27055197051e-18, 6.27111389053e-18, 2.77443056934e-18, 1.28207421816e-18, 3.21132012363e-19, 3.29267385386e-20],
        "var": [0.0393276326358, 0.927614927292, 4.15597772598, 3.79064083099, 37.0118904114, 180.235473633, 73.3482055664, 108.0337677, 126.019363403, 289.598175049, 1454.13378906, 5245.93994141, 5833.63720703, 1699.37561035, 1468.54589844, 2789.27587891, 2332.98901367, 1678.33032227, 1002.88726807, 1509.16931152, 545.149719238, 1656.50939941, 9394.00683594, 5467.73925781, 719.377929688, 48.0970001221, 128.520278931, 64.3519592285, 27.6212329865, 24.5508594513, 53.1453819275, 23.0536613464, 16.3623027802, 3.22971510887, 0.594368875027, 0.00830387696624, 5.0303565331e-06, 1.42129215064e-08, 3.47717826754e-10, 3.29549221245e-10]
    },
    "gfcc": {
        "mean": [-100.586471558, 135.436096191, -185.014007568, 33.2373161316, -67.4383239746, 5.52895259857, -30.1032066345, 0.123524159193, -4.80702543259, -32.7953300476, 13.3721809387, -20.7943763733, -2.49821186066],
        "cov": [[7957.13183594, -43.5026359558, 66.9426727295, 760.49017334, 315.607299805, 476.432434082, 149.475296021, 822.736328125, -32.0201911926, -100.569770813, 555.22052002, -86.0023193359, -67.6116409302], [-43.5026359558, 1341.68811035, 384.212219238, -65.8274765015, 324.79296875, -418.635650635, 13.6891880035, -56.6208953857, 68.808380127, -91.23072052, 205.958435059, -4.58552074432, -74.7010345459], [66.9426727295, 384.212219238, 999.223266602, 307.975372314, 45.9232559204, 51.3299789429, -143.719314575, 38.0471153259, -10.5235414505, 110.831008911, 14.0673236847, 35.498046875, 1.20176815987], [760.49017334, -65.8274765015, 307.975372314, 452.85269165, 127.930282593, 225.801834106, -3.41549134254, 107.115852356, 40.3342552185, 65.7070617676, 0.883652687073, 17.0213699341, 60.1666908264], [315.607299805, 324.79296875, 45.9232559204, 127.930282593, 325.986053467, 10.5593700409, 50.6772041321, 94.4141235352, 56.5090141296, -4.62845659256, 71.0452880859, 2.36759734154, 18.2487316132], [476.432434082, -418.635650635, 51.3299789429, 225.801834106, 10.5593700409, 602.24395752, 173.859237671, 111.593269348, 13.8558492661, 134.085174561, -39.8836555481, 19.7051696777, 125.661598206], [149.475296021, 13.6891880035, -143.719314575, -3.41549134254, 50.6772041321, 173.859237671, 352.95211792, 77.0087203979, 11.4926481247, 39.8771324158, 44.1564598083, 43.2134552002, 11.7497997284], [822.736328125, -56.6208953857, 38.0471153259, 107.115852356, 94.4141235352, 111.593269348, 77.0087203979, 241.641799927, 24.23919487, 19.1887435913, 88.7231750488, 1.5064047575, 4.269739151], [-32.0201911926, 68.808380127, -10.5235414505, 40.3342552185, 56.5090141296, 13.8558492661, 11.4926481247, 24.23919487, 137.989547729, 43.2006225586, -0.804384291172, 21.0607299805, 32.8980827332], [-100.569770813, -91.23072052, 110.831008911, 65.7070617676, -4.62845659256, 134.085174561, 39.8771324158, 19.1887435913, 43.2006225586, 148.695388794, -15.2590370178, 25.5350131989, 62.9168968201], [555.22052002, 205.958435059, 14.0673236847, 0.883652687073, 71.0452880859, -39.8836555481, 44.1564598083, 88.7231750488, -0.804384291172, -15.2590370178, 181.539138794, 18.3744335175, -35.2701377869], [-86.0023193359, -4.58552074432, 35.498046875, 17.0213699341, 2.36759734154, 19.7051696777, 43.2134552002, 1.5064047575, 21.0607299805, 25.5350131989, 18.3744335175, 92.0337295532, 28.6332130432], [-67.6116409302, -74.7010345459, 1.20176815987, 60.1666908264, 18.2487316132, 125.661598206, 11.7497997284, 4.269739151, 32.8980827332, 62.9168968201, -35.2701377869, 28.6332130432, 137.166442871]],
        "icov": [[0.000304923247313, -0.000251371500781, 0.000327595713316, -0.000636768934783, 0.000427529739682, -0.000237620450207, 0.000269274227321, -0.000868607545272, 0.000281372660538, 0.000127422870719, -0.000498842273373, 0.000137942100991, 0.000171633073478], [-0.000251371500781, 0.00536468951032, -0.00405783392489, 0.00263757142238, -0.00463153421879, 0.00293122348376, -0.0037087991368, 0.00513385329396, -0.00388774927706, 0.00378697598353, -0.00488550355658, 0.00405031442642, -0.00314130401239], [0.000327595713316, -0.00405783392489, 0.00483571086079, -0.00338668655604, 0.00347626302391, -0.00203187391162, 0.00369197549298, -0.0041929287836, 0.00385628966615, -0.00443458091468, 0.00326799228787, -0.00380121893249, 0.00335098197684], [-0.000636768934783, 0.00263757142238, -0.00338668655604, 0.00657766358927, -0.00397779047489, 4.16009061155e-05, -0.00132064439822, 0.00270691793412, -0.00273185106926, 0.00197815988213, -0.000557792431209, 0.00105177809019, -0.0018281780649], [0.000427529739682, -0.00463153421879, 0.00347626302391, -0.00397779047489, 0.0087306201458, -0.0018443526933, 0.0022989269346, -0.00551857054234, 0.00181023497134, -0.00186369183939, 0.00233334768564, -0.00203885394149, 0.00135201995727], [-0.000237620450207, 0.00293122348376, -0.00203187391162, 4.16009061155e-05, -0.0018443526933, 0.00531444093212, -0.00364956492558, 0.00197608303279, -0.00115044123959, 0.000261234439677, -0.00165148905944, 0.00298924744129, -0.00378598552197], [0.000269274227321, -0.0037087991368, 0.00369197549298, -0.00132064439822, 0.0022989269346, -0.00364956492558, 0.00725166499615, -0.00439242692664, 0.00320044625551, -0.00369478086941, 0.00278347870335, -0.00521381665021, 0.0039442665875], [-0.000868607545272, 0.00513385329396, -0.0041929287836, 0.00270691793412, -0.00551857054234, 0.00197608303279, -0.00439242692664, 0.0129461819306, -0.00477869156748, 0.00318699842319, -0.00625543994829, 0.00443973625079, -0.0027367414441], [0.000281372660538, -0.00388774927706, 0.00385628966615, -0.00273185106926, 0.00181023497134, -0.00115044123959, 0.00320044625551, -0.00477869156748, 0.0125402910635, -0.00615764642134, 0.004212976899, -0.00468501960859, 0.00175171217415], [0.000127422870719, 0.00378697598353, -0.00443458091468, 0.00197815988213, -0.00186369183939, 0.000261234439677, -0.00369478086941, 0.00318699842319, -0.00615764642134, 0.0150521006435, -0.00442256266251, 0.00322077283636, -0.00571464654058], [-0.000498842273373, -0.00488550355658, 0.00326799228787, -0.000557792431209, 0.00233334768564, -0.00165148905944, 0.00278347870335, -0.00625543994829, 0.004212976899, -0.00442256266251, 0.0146915568039, -0.00691254157573, 0.00470714224502], [0.000137942100991, 0.00405031442642, -0.00380121893249, 0.00105177809019, -0.00203885394149, 0.00298924744129, -0.00521381665021, 0.00443973625079, -0.00468501960859, 0.00322077283636, -0.00691254157573, 0.0177260003984, -0.00614449521527], [0.000171633073478, -0.00314130401239, 0.00335098197684, -0.0018281780649, 0.00135201995727, -0.00378598552197, 0.0039442665875, -0.0027367414441, 0.00175171217415, -0.00571464654058, 0.00470714224502, -0.00614449521527, 0.0141668273136]]
    },
    "melbands": {
        "dmean": [0.000138669798616, 0.000136589122121, 8.00821726443e-05, 9.18742371141e-05, 6.43143721391e-05, 5.86748428759e-05, 4.71212915727e-05, 5.24603747181e-05, 7.59982358431e-05, 0.000115189381177, 8.19702763692e-05, 4.46828344138e-05, 4.12621884607e-05, 3.59082332579e-05, 3.29877984768e-05, 2.66170900431e-05, 2.00114791369e-05, 1.41506561704e-05, 1.19676105896e-05, 7.51283732825e-06, 5.88187413086e-06, 7.82940151112e-06, 1.14519007184e-05, 1.67436410266e-05, 1.03432284959e-05, 6.66823598294e-06, 1.71461567788e-06, 6.89192518166e-07, 7.06196317424e-07, 5.58636259029e-07, 3.49720068016e-07, 2.83165832116e-07, 2.74676153822e-07, 2.48887033649e-07, 3.08427814844e-07, 2.91949106668e-07, 3.00299490164e-07, 3.23018468862e-07, 2.32594416616e-07, 4.13616234596e-08],
        "dmean2": [0.000243461268838, 0.000229075521929, 0.000130992339109, 0.000145004582009, 9.78913667495e-05, 8.80519073689e-05, 7.26219077478e-05, 7.96881868155e-05, 0.000115920258395, 0.000177614492713, 0.000126841230667, 6.95197886671e-05, 6.61516387481e-05, 5.78637809667e-05, 5.04171948705e-05, 4.18553063355e-05, 3.21712141158e-05, 2.27412710956e-05, 1.8937042114e-05, 1.1858724065e-05, 9.34666604735e-06, 1.18691441457e-05, 1.66092486324e-05, 2.50736629823e-05, 1.52980574057e-05, 1.00426832432e-05, 2.74015724244e-06, 1.12089799131e-06, 1.13728128781e-06, 8.51282152325e-07, 5.4892910839e-07, 4.56451999753e-07, 4.43922402837e-07, 3.96108248424e-07, 5.04532465584e-07, 4.67669536874e-07, 4.5650764946e-07, 4.85348778057e-07, 3.588882862e-07, 6.85712890913e-08],
        "dvar": [1.74055128355e-06, 1.06651930309e-06, 8.52861958833e-08, 3.89305284898e-07, 6.28819663007e-08, 2.19391544931e-08, 1.02402273328e-08, 1.3604629423e-08, 3.41784804903e-08, 8.39592573243e-08, 5.35069375474e-08, 8.99193342008e-09, 8.3650757432e-09, 6.9207315434e-09, 8.00351962482e-09, 4.60839544303e-09, 2.26235230549e-09, 1.78085990399e-09, 1.35830580117e-09, 4.33776792264e-10, 3.52290779881e-10, 4.83294848586e-10, 7.50399631322e-10, 1.61470870008e-09, 4.40810193902e-10, 1.78390260896e-10, 1.5883391824e-11, 4.25147634112e-12, 1.35338337759e-11, 3.72367484069e-11, 5.10843927923e-12, 2.70280434318e-12, 2.66745891868e-12, 1.47562680391e-12, 1.75691440563e-11, 3.89393031708e-12, 5.04824394093e-12, 4.06146340517e-12, 3.23840216795e-12, 5.56901096418e-13],
        "dvar2": [5.46925821254e-06, 3.21328548125e-06, 2.48362539423e-07, 1.05726405764e-06, 1.60005612315e-07, 5.57462485062e-08, 2.56054590864e-08, 3.36774910181e-08, 8.03102437885e-08, 2.01021322255e-07, 1.26970860492e-07, 2.15562998562e-08, 2.15917932422e-08, 1.69080198731e-08, 1.75335408414e-08, 1.03515542804e-08, 5.59325963323e-09, 4.49358417143e-09, 3.19547543981e-09, 1.06525221977e-09, 8.80437500683e-10, 1.03660646733e-09, 1.55172008576e-09, 3.54409812608e-09, 9.6123686788e-10, 3.93854865388e-10, 3.8524114454e-11, 9.97029628996e-12, 3.12593909091e-11, 7.69847866011e-11, 1.2188598221e-11, 6.49890991716e-12, 6.92498966157e-12, 3.29798883515e-12, 3.50980182418e-11, 9.48597624062e-12, 1.22875182251e-11, 9.05010441588e-12, 7.76491371202e-12, 1.31725891046e-12],
        "max": [0.0502587966621, 0.0425359122455, 0.0136573119089, 0.0442405119538, 0.0179222822189, 0.00491556851193, 0.00314550264739, 0.00356009136885, 0.00494198827073, 0.00504405517131, 0.00497196801007, 0.00246854312718, 0.00206216541119, 0.00223854393698, 0.00192224083003, 0.00178441009484, 0.00135951593984, 0.00184286700096, 0.00196518446319, 0.000667529995553, 0.00113137275912, 0.000926552980673, 0.000895493663847, 0.000903546984773, 0.000463923293864, 0.000333902280545, 0.000195081200218, 0.000125345162814, 0.000164839133504, 0.000469117658213, 0.000119532589451, 0.000103670477984, 0.000109976586828, 8.45745234983e-05, 0.000354924588464, 9.52623377088e-05, 0.000117657371447, 6.65447223582e-05, 7.55448490963e-05, 6.40086727799e-05],
        "mean": [0.000266329356236, 0.000283882021904, 0.000167756617884, 0.000190791368368, 0.000141201235238, 0.000127987426822, 0.000106783554656, 0.000113571186375, 0.000175765540916, 0.000233215338085, 0.000161117670359, 9.42081023823e-05, 8.37401021272e-05, 7.16210415703e-05, 6.41794904368e-05, 5.32673257112e-05, 3.83693695767e-05, 2.62199500867e-05, 2.54058304563e-05, 1.62003198056e-05, 1.3085149476e-05, 1.97995505005e-05, 3.04942022922e-05, 5.8212539443e-05, 3.70754278265e-05, 2.20878700929e-05, 4.25169582741e-06, 1.68118936017e-06, 1.51698282025e-06, 1.11157714855e-06, 6.85466943651e-07, 5.47697368347e-07, 5.65298250876e-07, 5.71810176098e-07, 6.20909929694e-07, 5.63691912703e-07, 5.29666976945e-07, 5.71942109673e-07, 3.51245489583e-07, 8.37825595568e-08],
        "median": [4.97702130815e-05, 6.61749290884e-05, 7.95922605903e-05, 6.94259360898e-05, 5.89068768022e-05, 4.91815917485e-05, 4.77928842884e-05, 4.13346751884e-05, 3.95355054934e-05, 4.62942407466e-05, 3.79481534765e-05, 3.45569387719e-05, 3.13021882903e-05, 2.11431506614e-05, 1.52681768668e-05, 1.27918929138e-05, 1.00007328001e-05, 8.61355965753e-06, 7.51949528421e-06, 5.63083085581e-06, 5.18329261467e-06, 5.0512121561e-06, 6.51231221127e-06, 5.88206512475e-06, 5.29036788066e-06, 3.6597828057e-06, 1.20946890547e-06, 4.06071109182e-07, 2.0620967689e-07, 1.30641737428e-07, 1.03892183745e-07, 8.91517473178e-08, 8.43551077878e-08, 1.07104511926e-07, 8.82239419298e-08, 7.52335793663e-08, 6.4075599937e-08, 6.76971794178e-08, 2.92013897507e-08, 5.58670609774e-10],
        "min": [4.19278427277e-24, 5.67366591291e-24, 5.88866127516e-24, 1.00552202616e-23, 1.19044892948e-23, 5.45718828103e-24, 8.95028803517e-24, 4.63880701744e-24, 4.2184522289e-24, 2.80504146755e-24, 8.74520549906e-24, 6.84182928517e-24, 6.51051559358e-24, 2.36630819207e-24, 2.1835391783e-24, 5.14616488078e-24, 9.4483550892e-24, 1.11383609943e-23, 4.15002761727e-24, 5.85607855876e-24, 6.87820366151e-24, 4.93292078975e-24, 8.84759727797e-24, 9.60056737859e-24, 8.98466107139e-24, 9.68583062067e-24, 6.34286608514e-24, 9.08378381072e-24, 1.08468753121e-23, 7.91015284353e-24, 4.92590308313e-24, 6.04231481342e-24, 9.4826318844e-24, 1.2021579919e-23, 1.25755795778e-23, 1.10994078317e-23, 7.90879600277e-24, 1.00585177001e-23, 9.92448944349e-24, 1.09577157913e-23],
        "var": [2.31184640143e-06, 1.24000143842e-06, 1.81630525731e-07, 5.11835537509e-07, 1.14051651678e-07, 4.99541386034e-08, 2.71486051417e-08, 4.25167847595e-08, 1.25729883393e-07, 2.36555905531e-07, 1.52125423369e-07, 2.99576647933e-08, 2.23187441861e-08, 2.19355040798e-08, 2.18846505362e-08, 1.21562564459e-08, 5.34380628636e-09, 3.34662009216e-09, 5.53334400522e-09, 1.3466703308e-09, 7.79679820706e-10, 2.21798335254e-09, 3.70656971782e-09, 1.31090045485e-08, 3.59155460927e-09, 1.20311105523e-09, 7.1189332207e-11, 1.86637788557e-11, 3.47321858774e-11, 9.13869396824e-11, 1.71262812959e-11, 9.67078934294e-12, 8.07260421704e-12, 6.85315432875e-12, 3.15916563742e-11, 7.22045296817e-12, 9.39369675795e-12, 9.05279757407e-12, 5.50519439063e-12, 2.20806554464e-12]
    },
    "mfcc": {
        "mean": [-710.656188965, 137.438598633, -40.8592834473, 8.8233089447, -3.66784644127, -11.2072992325, -4.58865880966, 16.9376049042, -17.435136795, 6.74370574951, -3.29196047783, -0.82565766573, -10.1455183029],
        "cov": [[7121.88476562, -154.228088379, -311.523468018, 577.003479004, 209.50920105, 97.0875930786, 480.218780518, 815.300842285, -302.146026611, 619.373901367, 275.949798584, 235.851669312, -276.183288574], [-154.228088379, 1367.10546875, 79.41355896, 239.757705688, 232.052597046, -335.35559082, 7.69404602051, 0.273483514786, -246.025512695, 1.51317465305, 78.1306610107, -39.9161491394, 86.4817123413], [-311.523468018, 79.41355896, 912.996398926, 174.024917603, 161.105163574, 110.065681458, 7.90825366974, -105.871551514, 55.3968887329, -41.9110488892, -15.6882762909, 69.0706176758, 66.8653717041], [577.003479004, 239.757705688, 174.024917603, 388.24822998, 210.879898071, -33.2761726379, 24.6229839325, 68.2475357056, -30.3090724945, 54.6690788269, 30.3716983795, 26.2791881561, 23.2322692871], [209.50920105, 232.052597046, 161.105163574, 210.879898071, 388.000854492, -19.5027446747, -26.3177986145, 13.8615808487, -7.24693012238, 60.4680023193, -16.5591125488, 16.6195049286, 29.3554096222], [97.0875930786, -335.35559082, 110.065681458, -33.2761726379, -19.5027446747, 433.72467041, 139.956985474, 30.1094608307, 224.549240112, 51.9490509033, -28.6678447723, 70.223739624, 22.0040054321], [480.218780518, 7.69404602051, 7.90825366974, 24.6229839325, -26.3177986145, 139.956985474, 316.177062988, 140.549911499, 48.4435501099, 94.6603927612, 67.5975265503, 61.8597106934, -0.401056647301], [815.300842285, 0.273483514786, -105.871551514, 68.2475357056, 13.8615808487, 30.1094608307, 140.549911499, 262.269348145, -25.1809978485, 97.9575805664, 81.984413147, 29.3890342712, -21.9377822876], [-302.146026611, -246.025512695, 55.3968887329, -30.3090724945, -7.24693012238, 224.549240112, 48.4435501099, -25.1809978485, 299.926452637, 29.3232269287, -46.7291374207, 48.5530776978, 45.2037239075], [619.373901367, 1.51317465305, -41.9110488892, 54.6690788269, 60.4680023193, 51.9490509033, 94.6603927612, 97.9575805664, 29.3232269287, 181.864471436, 41.9579162598, 50.9009971619, -14.2274036407], [275.949798584, 78.1306610107, -15.6882762909, 30.3716983795, -16.5591125488, -28.6678447723, 67.5975265503, 81.984413147, -46.7291374207, 41.9579162598, 137.213165283, 21.0219154358, -13.6289043427], [235.851669312, -39.9161491394, 69.0706176758, 26.2791881561, 16.6195049286, 70.223739624, 61.8597106934, 29.3890342712, 48.5530776978, 50.9009971619, 21.0219154358, 118.981201172, 22.0183334351], [-276.183288574, 86.4817123413, 66.8653717041, 23.2322692871, 29.3554096222, 22.0040054321, -0.401056647301, -21.9377822876, 45.2037239075, -14.2274036407, -13.6289043427, 22.0183334351, 128.158691406]],
