{
"lowlevel": {
    "average_loudness": 0.872879981995,
    "barkbands_crest": {
        "dmean": 2.55289769173,
        "dmean2": 4.23410415649,
        "dvar": 5.48455429077,
        "dvar2": 14.9373226166,
        "max": 24.8121128082,
        "mean": 9.07903862,
        "median": 8.16552734375,
        "min": 2.39005613327,
        "var": 15.6080551147
    },
    "barkbands_flatness_db": {
        "dmean": 0.018597908318,
        "dmean2": 0.0291230902076,
        "dvar": 0.000292625074508,
        "dvar2": 0.000722957891412,
        "max": 0.308756828308,
        "mean": 0.118894211948,
        "median": 0.110659107566,
        "min": 0.0242861006409,
        "var": 0.00200031837448
    },
    "barkbands_kurtosis": {
        "dmean": 2.00893378258,
        "dmean2": 3.26751732826,
        "dvar": 16.0711402893,
        "dvar2": 40.3446006775,
        "max": 81.9754486084,
        "mean": 2.81720590591,
        "median": 0.982772111893,
        "min": -1.93403959274,
        "var": 35.7069244385
    },
    "barkbands_skewness": {
        "dmean": 0.435072302818,
        "dmean2": 0.692479550838,
        "dvar": 0.248008102179,
        "dvar2": 0.585501492023,
        "max": 8.40409469604,
        "mean": 1.07768046856,
        "median": 0.857795834541,
        "min": -2.60595035553,
        "var": 1.05849647522
    },
    "barkbands_spread": {
        "dmean": 5.65833997726,
        "dmean2": 8.90185928345,
        "dvar": 63.4928741455,
        "dvar2": 126.271606445,
        "max": 118.537155151,
        "mean": 23.4881000519,
        "median": 20.7696151733,
        "min": 1.64915847778,
        "var": 233.731063843
    },
    "dissonance": {
        "dmean": 0.024327211082,
        "dmean2": 0.0415367074311,
        "dvar": 0.000555465405341,
        "dvar2": 0.00157422304619,
        "max": 0.500000119209,
        "mean": 0.45408141613,
        "median": 0.462233245373,
        "min": 0.230733603239,
        "var": 0.00127988355234
    },
    "dynamic_complexity": 3.58815860748,
    "erbbands_crest": {
        "dmean": 2.81784629822,
        "dmean2": 4.57571458817,
        "dvar": 6.7008471489,
        "dvar2": 16.8764400482,
        "max": 32.5888633728,
        "mean": 10.6770133972,
        "median": 9.45533370972,
        "min": 2.41806459427,
        "var": 24.9876861572
    },
    "erbbands_flatness_db": {
        "dmean": 0.0169609840959,
        "dmean2": 0.0258271954954,
        "dvar": 0.000239989996771,
        "dvar2": 0.000535946688615,
        "max": 0.332320839167,
        "mean": 0.161130174994,
        "median": 0.157822966576,
        "min": 0.0401814617217,
        "var": 0.0019741258584
    },
    "erbbands_kurtosis": {
        "dmean": 1.22154998779,
        "dmean2": 1.97920203209,
        "dvar": 4.94193077087,
        "dvar2": 13.3247718811,
        "max": 63.7643051147,
        "mean": 1.42909765244,
        "median": 0.540951490402,
        "min": -1.8176227808,
        "var": 12.4644041061
    },
    "erbbands_skewness": {
        "dmean": 0.365178108215,
        "dmean2": 0.575180590153,
        "dvar": 0.135122314095,
        "dvar2": 0.313021510839,
        "max": 5.03293609619,
        "mean": 0.664234220982,
        "median": 0.633093178272,
        "min": -4.26452589035,
        "var": 0.665967583656
    },
    "erbbands_spread": {
        "dmean": 6.69271326065,
        "dmean2": 10.4367961884,
        "dvar": 81.4006500244,
        "dvar2": 182.239608765,
        "max": 162.187179565,
        "mean": 31.8782844543,
        "median": 27.8858528137,
        "min": 1.79016327858,
        "var": 323.759246826
    },
    "hfc": {
        "dmean": 7.7754907608,
        "dmean2": 11.7931518555,
        "dvar": 176.087051392,
        "dvar2": 352.2265625,
        "max": 248.865783691,
        "mean": 30.4929676056,
        "median": 25.5245094299,
        "min": 1.23379838184e-16,
        "var": 767.607116699
    },
    "melbands_crest": {
        "dmean": 3.30366063118,
        "dmean2": 5.49793767929,
        "dvar": 8.71628475189,
        "dvar2": 23.3659667969,
        "max": 33.6824226379,
        "mean": 12.1784963608,
        "median": 11.1687297821,
        "min": 1.90436446667,
        "var": 24.6778526306
    },
    "melbands_flatness_db": {
        "dmean": 0.0219556763768,
        "dmean2": 0.0346319079399,
        "dvar": 0.000451589556178,
        "dvar2": 0.00106749671977,
        "max": 0.427548199892,
        "mean": 0.175673574209,
        "median": 0.164177924395,
        "min": 0.00426385831088,
        "var": 0.0033770701848
    },
    "melbands_kurtosis": {
        "dmean": 4.47898674011,
        "dmean2": 7.30249547958,
        "dvar": 108.787765503,
        "dvar2": 263.717498779,
        "max": 264.652648926,
        "mean": 7.91578865051,
        "median": 3.31176829338,
        "min": -1.83683824539,
        "var": 220.759307861
    },
    "melbands_skewness": {
        "dmean": 0.578821480274,
        "dmean2": 0.929398953915,
        "dvar": 0.489693254232,
        "dvar2": 1.1831870079,
        "max": 12.8187007904,
        "mean": 1.73584413528,
        "median": 1.4043211937,
        "min": -2.22986841202,
        "var": 2.12468576431
    },
    "melbands_spread": {
        "dmean": 6.93208742142,
        "dmean2": 10.9728460312,
        "dvar": 109.405479431,
        "dvar2": 221.42288208,
        "max": 253.761474609,
        "mean": 27.4878482819,
        "median": 25.320394516,
        "min": 1.53418266773,
        "var": 344.267791748
    },
    "pitch_salience": {
        "dmean": 0.0648315772414,
        "dmean2": 0.107032760978,
        "dvar": 0.00328580872156,
        "dvar2": 0.00871403701603,
        "max": 0.918386280537,
        "mean": 0.556469023228,
        "median": 0.547089576721,
        "min": 0.140751987696,
        "var": 0.0130494972691
    },
    "silence_rate_20dB": {
        "dmean": 0,
        "dmean2": 0,
        "dvar": 0,
        "dvar2": 0,
        "max": 1,
        "mean": 1,
        "median": 1,
        "min": 1,
        "var": 0
    },
    "silence_rate_30dB": {
        "dmean": 0.00242218724452,
        "dmean2": 0.00484496122226,
        "dvar": 0.00241626123898,
        "dvar2": 0.00700144935399,
        "max": 1,
        "mean": 0.998667955399,
        "median": 1,
        "min": 0,
        "var": 0.00133032177109
    },
    "silence_rate_60dB": {
        "dmean": 0.0150175606832,
        "dmean2": 0.0300387591124,
        "dvar": 0.0147945629433,
        "dvar2": 0.0356783419847,
        "max": 1,
        "mean": 0.10268830508,
        "median": 0,
        "min": 0,
        "var": 0.0921565666795
    },
    "spectral_centroid": {
        "dmean": 209.634872437,
        "dmean2": 324.680511475,
        "dvar": 79628.109375,
        "dvar2": 146219.609375,
        "max": 10809.421875,
        "mean": 1441.49316406,
        "median": 1414.59057617,
        "min": 222.928115845,
        "var": 356473.59375
    },
    "spectral_complexity": {
        "dmean": 2.66513252258,
        "dmean2": 4.22577524185,
        "dvar": 7.33892774582,
        "dvar2": 15.8590593338,
        "max": 47,
        "mean": 17.4200782776,
        "median": 18,
        "min": 0,
        "var": 67.6991424561
    },
    "spectral_decrease": {
        "dmean": 2.3033732699e-09,
        "dmean2": 3.75086939286e-09,
        "dvar": 1.06840302279e-17,
        "dvar2": 2.70823961808e-17,
        "max": 1.24930814372e-28,
        "mean": -7.13188352819e-09,
        "median": -6.92733426177e-09,
        "min": -4.26100541517e-08,
        "var": 2.6962908287e-17
    },
    "spectral_energy": {
        "dmean": 0.00912197958678,
        "dmean2": 0.0148460501805,
        "dvar": 0.000160615934874,
        "dvar2": 0.000407026120229,
        "max": 0.169337034225,
        "mean": 0.0296831056476,
        "median": 0.0289615653455,
        "min": 1.07193980152e-20,
        "var": 0.000443613156676
    },
    "spectral_energyband_high": {
        "dmean": 0.000489458267111,
        "dmean2": 0.000680667581037,
        "dvar": 1.65282347098e-06,
        "dvar2": 2.96548364531e-06,
        "max": 0.0257655866444,
        "mean": 0.00129508238751,
        "median": 0.000600667204708,
        "min": 7.91996194392e-21,
        "var": 5.16036425324e-06
    },
    "spectral_energyband_low": {
        "dmean": 0.00477378908545,
        "dmean2": 0.0079958466813,
        "dvar": 0.000103249265521,
        "dvar2": 0.000268077565124,
        "max": 0.12741599977,
        "mean": 0.0076000476256,
        "median": 0.00452050566673,
        "min": 8.02229636318e-23,
        "var": 0.000119603006169
    },
    "spectral_energyband_middle_high": {
        "dmean": 0.002971728798,
        "dmean2": 0.00480012921616,
        "dvar": 2.25201365538e-05,
        "dvar2": 6.31113289273e-05,
        "max": 0.0837907418609,
        "mean": 0.0100968731567,
        "median": 0.00615399563685,
        "min": 1.46597821171e-21,
        "var": 0.000110321168904
    },
    "spectral_energyband_middle_low": {
        "dmean": 0.00461176177487,
        "dmean2": 0.00749766128138,
        "dvar": 4.25872894994e-05,
        "dvar2": 0.000110611785203,
        "max": 0.0894425287843,
        "mean": 0.011903478764,
        "median": 0.00953518599272,
        "min": 2.21395920887e-22,
        "var": 0.000112312904093
    },
    "spectral_entropy": {
        "dmean": 0.1432390064,
        "dmean2": 0.215988516808,
        "dvar": 0.0231523141265,
        "dvar2": 0.0436277128756,
        "max": 9.81095695496,
        "mean": 7.59577894211,
        "median": 7.64314413071,
        "min": 5.78259944916,
        "var": 0.177463293076
    },
    "spectral_flux": {
        "dmean": 0.0216305982322,
        "dmean2": 0.034561522305,
        "dvar": 0.000620218401309,
        "dvar2": 0.00142015481833,
        "max": 0.338116139174,
        "mean": 0.0911117121577,
        "median": 0.0907092541456,
        "min": 1.03534528173e-10,
        "var": 0.00226748525165
    },
    "spectral_kurtosis": {
        "dmean": 1.11355817318,
        "dmean2": 1.81733345985,
        "dvar": 1.60660731792,
        "dvar2": 4.21455383301,
        "max": 24.178735733,
        "mean": 4.49577951431,
        "median": 3.97284936905,
        "min": -1.2741818428,
        "var": 7.9534239769
    },
    "spectral_rms": {
        "dmean": 0.00075876590563,
        "dmean2": 0.0012145525543,
        "dvar": 7.29194482574e-07,
        "dvar2": 1.77624326625e-06,
        "max": 0.0128532825038,
        "mean": 0.00495133176446,
        "median": 0.00531556084752,
        "min": 3.23387540704e-12,
        "var": 4.44343686468e-06
    },
    "spectral_rolloff": {
        "dmean": 527.812255859,
        "dmean2": 894.25213623,
        "dvar": 1584124.25,
        "dvar2": 3203547.5,
        "max": 18992.2851562,
        "mean": 1805.59960938,
        "median": 1464.2578125,
        "min": 64.599609375,
        "var": 3337958.5
    },
    "spectral_skewness": {
        "dmean": 0.169295564294,
        "dmean2": 0.264545351267,
        "dvar": 0.0340962484479,
        "dvar2": 0.0703638643026,
        "max": 4.25441455841,
        "mean": 1.69394016266,
        "median": 1.67273449898,
        "min": -0.168733805418,
        "var": 0.216640040278
    },
    "spectral_spread": {
        "dmean": 580990,
        "dmean2": 828815,
        "dvar": 856087592960,
        "dvar2": 1.35175287603e+12,
        "max": 39998424,
        "mean": 5335323,
        "median": 5060706.5,
        "min": 2164318.5,
        "var": 4.0703033344e+12
    },
    "spectral_strongpeak": {
        "dmean": 0.832698225975,
        "dmean2": 1.42245411873,
        "dvar": 1.21259450912,
        "dvar2": 3.21044397354,
        "max": 10.4065074921,
        "mean": 1.60023629665,
        "median": 0.965036451817,
        "min": 0,
        "var": 2.67952299118
    },
    "zerocrossingrate": {
        "dmean": 0.0112825082615,
        "dmean2": 0.0130225485191,
        "dvar": 0.000329000526108,
        "dvar2": 0.000325458036968,
        "max": 0.517578125,
        "mean": 0.0733707919717,
        "median": 0.0673828125,
        "min": 0.00390625,
        "var": 0.00187722209375
    },
    "barkbands": {
        "dmean": [0.000317944417475, 0.00360807823017, 0.00133514858317, 0.00119952147361, 0.00145546079148, 0.000737496011425, 0.00105992064346, 0.00104249012657, 0.00117382744793, 0.00135681557003, 0.00145802088082, 0.000599723542109, 0.000431669526733, 0.0004997899523, 0.000334013690008, 0.00024693395244, 0.000229440585827, 0.000166213954799, 0.000189636994037, 6.88027867e-05, 6.88526561134e-05, 9.95211084955e-05, 9.43889244809e-05, 0.000101679681393, 0.000141962198541, 7.93750732555e-05, 9.71628833213e-06],
        "dmean2": [0.000501881120726, 0.0061181881465, 0.00234538898803, 0.00203415565193, 0.00244730431587, 0.00118581450079, 0.00170215009712, 0.00163749919739, 0.00182511669118, 0.00217511621304, 0.00238823774271, 0.000998161965981, 0.000688311993144, 0.000799859699327, 0.000527340802364, 0.000388697138987, 0.000357142300345, 0.000260028959019, 0.000292059092317, 0.000108778192953, 0.000105933657323, 0.000145424521179, 0.000140273885336, 0.00014882980031, 0.000206614102353, 0.000113449081255, 1.44681916936e-05],
        "dvar": [4.28449482115e-07, 7.42585543776e-05, 7.125571301e-06, 5.97185044171e-06, 9.59830595093e-06, 2.15814088733e-06, 5.09968594997e-06, 6.73634212944e-06, 6.51321897749e-06, 9.62686135608e-06, 1.28423725982e-05, 2.24379482461e-06, 8.26920597774e-07, 9.88332544694e-07, 5.10787856456e-07, 3.42860545288e-07, 2.135763566e-07, 1.25918731442e-07, 1.09819332295e-07, 1.50094905393e-08, 2.14606785676e-08, 4.91823968218e-08, 7.17891595059e-08, 8.88317259751e-08, 2.73725845545e-07, 9.1571394023e-08, 1.25217203273e-09],
        "dvar2": [9.34546108056e-07, 0.000195592409, 2.04937714443e-05, 1.60959334607e-05, 2.61741861323e-05, 5.48790194443e-06, 1.26177174025e-05, 1.67791185959e-05, 1.5930068912e-05, 2.63259025814e-05, 3.56797208951e-05, 6.13446582065e-06, 1.92085758499e-06, 2.34734761762e-06, 1.22894266497e-06, 7.79292633979e-07, 4.6941539722e-07, 2.66588472186e-07, 2.4874023552e-07, 3.55605287439e-08, 4.8847127232e-08, 1.02248208123e-07, 1.5336875947e-07, 1.77552536229e-07, 5.23972801147e-07, 1.93285416117e-07, 2.73599987111e-09],
        "max": [0.0143188377842, 0.10316132009, 0.0501587763429, 0.0487622395158, 0.0470998287201, 0.0281451866031, 0.0343357436359, 0.0651916861534, 0.0437455698848, 0.0578733272851, 0.0803804472089, 0.0281152464449, 0.0235012471676, 0.019877159968, 0.0212985184044, 0.0171546339989, 0.00974933523685, 0.0102570019662, 0.00583873270079, 0.00244363327511, 0.00500849960372, 0.00577977811918, 0.0072380695492, 0.00728437956423, 0.0133729549125, 0.00737226568162, 0.000873568817042],
        "mean": [0.000414434907725, 0.00448756851256, 0.00195244338829, 0.00164149154443, 0.00219865259714, 0.00128535192925, 0.001855393406, 0.00162585335784, 0.00226379744709, 0.00286460132338, 0.00253755692393, 0.00107268174179, 0.000799459405243, 0.000868787174113, 0.000610890623648, 0.000461362564238, 0.000509190082084, 0.000382062717108, 0.000475922541227, 0.000142979930388, 0.000167273974512, 0.000251526653301, 0.000204564188607, 0.000205864242162, 0.000263104768237, 0.00012876650726, 1.15487428047e-05],
        "median": [0.000131886466988, 0.00213256943971, 0.000850116601214, 0.000709067913704, 0.000960732577369, 0.000483107112814, 0.000544455950148, 0.000343350140611, 0.00046763458522, 0.000424076046329, 0.000458389869891, 0.000244693714194, 0.000237186992308, 0.0003300277167, 0.000206716096727, 0.000149912200868, 0.000207196324482, 0.00015645827807, 0.000221807393245, 7.06714054104e-05, 6.88509026077e-05, 9.32989350986e-05, 7.50095859985e-05, 7.77022287366e-05, 7.19324307283e-05, 2.76585033134e-05, 3.9892918835e-07],
        "min": [2.63048035429e-23, 3.67424304391e-23, 1.9098511842e-23, 9.29251482852e-24, 4.46623004713e-23, 2.52254840523e-23, 4.06830430962e-23, 1.67031751464e-23, 5.82473814052e-23, 5.83690931765e-23, 6.6400012736e-23, 5.30420101469e-23, 8.71632798344e-23, 3.29703847357e-23, 1.90630938806e-22, 1.64028138323e-22, 1.75898563815e-22, 2.06743340754e-22, 3.70721761908e-22, 2.65285794003e-22, 4.37315758696e-22, 4.37846176147e-22, 5.25368842077e-22, 7.98567504183e-22, 1.46888212861e-21, 1.559711548e-21, 2.78134654404e-21],
        "var": [7.68264271755e-07, 7.13751651347e-05, 8.2461947386e-06, 8.19106480776e-06, 1.34982246891e-05, 5.0886515055e-06, 1.14883032438e-05, 1.47011705849e-05, 2.01197290153e-05, 3.51415110345e-05, 2.73516579909e-05, 5.28847931491e-06, 2.3768320716e-06, 2.2325093596e-06, 1.34158904075e-06, 8.09382640909e-07, 6.7738682219e-07, 4.09860632544e-07, 4.25267984383e-07, 3.69499311148e-08, 6.23832221436e-08, 1.84967092309e-07, 1.79368342401e-07, 2.14883613125e-07, 6.37208472654e-07, 1.91323081822e-07, 2.13790762871e-09]
    },
    "erbbands": {
        "dmean": [0.12382722646, 0.785550177097, 1.51715707779, 2.60307836533, 4.77730321884, 5.33402061462, 4.53376531601, 6.53491830826, 10.065533638, 24.2392444611, 19.3860988617, 24.8790740967, 43.8563270569, 37.7584953308, 51.2777366638, 20.3552246094, 17.8917961121, 24.39702034, 15.9438886642, 16.2069168091, 11.3670129776, 12.7694101334, 7.98739624023, 10.493139267, 6.39399337769, 2.99851632118, 2.23120236397, 3.28303837776, 3.51927137375, 2.88570046425, 2.75416088104, 2.12689471245, 1.80540633202, 1.60667324066, 1.04698967934, 0.440619379282, 0.131553009152, 0.0236595459282, 0.00150498154107, 4.34197681898e-05],
        "dmean2": [0.209887728095, 1.35782885551, 2.67427277565, 4.42407131195, 8.23295974731, 8.96760749817, 7.34529542923, 10.464266777, 15.9880237579, 39.2406806946, 30.5399227142, 38.4911842346, 70.1154708862, 60.960231781, 83.467956543, 32.9062576294, 28.4655952454, 38.6233596802, 24.5696163177, 25.6276378632, 17.6671791077, 19.6346664429, 12.153796196, 16.070766449, 9.68788146973, 4.69357728958, 3.39875102043, 4.94550180435, 5.15541553497, 4.27243185043, 4.10596656799, 3.11466670036, 2.65466737747, 2.37381005287, 1.51040780544, 0.633715093136, 0.189463466406, 0.0344999618828, 0.00220499210991, 6.34757743683e-05],
        "dvar": [0.0692697390914, 4.12355327606, 11.1280641556, 22.0850925446, 124.560256958, 131.117752075, 85.301612854, 194.793655396, 511.570617676, 3341.5793457, 2339.12231445, 3762.21533203, 10303.4511719, 5636.42822266, 17203.0019531, 2253.59985352, 1455.6484375, 2452.48339844, 1083.26037598, 1590.34851074, 649.316650391, 626.698059082, 298.71862793, 373.97366333, 131.039474487, 29.0951423645, 21.8204784393, 55.643611908, 60.2955322266, 61.1869010925, 65.0890197754, 43.9397659302, 29.9907474518, 34.3852920532, 15.12541008, 2.80964589119, 0.271136790514, 0.00747872237116, 3.02044318232e-05, 1.74452416957e-08],
        "dvar2": [0.176059484482, 11.3150215149, 31.8044757843, 59.4948730469, 341.302459717, 353.975860596, 213.587677002, 486.042388916, 1215.19970703, 8693.46191406, 5786.74169922, 9086.55078125, 28477.7539062, 14922.6630859, 47358.2304688, 5837.56347656, 3370.30639648, 5851.80419922, 2468.74780273, 4190.97802734, 1493.94470215, 1412.54602051, 631.270202637, 838.412353516, 279.592468262, 67.5777053833, 48.2529029846, 128.879653931, 121.785858154, 130.100158691, 142.969650269, 95.1491317749, 57.0205383301, 67.9160232544, 29.0192909241, 5.7304224968, 0.604697704315, 0.0155497761443, 6.30979629932e-05, 3.76258384449e-08],
        "max": [3.19889783859, 26.0154037476, 59.8417320251, 72.7823486328, 163.276733398, 254.856704712, 144.471359253, 279.169464111, 405.21295166, 935.073913574, 1068.76171875, 1312.79089355, 2801.82568359, 1235.58947754, 2864.60498047, 937.827941895, 1256.00830078, 1163.7220459, 780.489135742, 1491.49255371, 536.057861328, 607.346801758, 711.964538574, 487.146942139, 264.177429199, 100.954612732, 163.944595337, 328.21206665, 202.61177063, 176.547622681, 218.956954956, 180.748519897, 152.425308228, 191.259994507, 89.09034729, 41.8064002991, 14.7051639557, 3.20155000687, 0.148480042815, 0.00441102636978],
        "mean": [0.145605459809, 0.93875515461, 2.2295050621, 4.05696105957, 6.22559642792, 8.22963142395, 7.51743459702, 11.4715204239, 18.1553821564, 42.6316833496, 33.1833953857, 48.6850814819, 94.3326187134, 78.4430084229, 93.7767028809, 39.7359428406, 37.5656166077, 46.6421661377, 32.4190826416, 33.319103241, 25.7444229126, 30.4195213318, 21.1620883942, 25.4454402924, 17.1336326599, 7.01689529419, 5.30794429779, 8.5590763092, 9.05982685089, 6.78933191299, 5.86122989655, 4.34263706207, 3.52796506882, 2.93311882019, 1.84829771519, 0.730499684811, 0.203807771206, 0.0328470245004, 0.00188078568317, 8.49420321174e-05],
        "median": [0.0498957261443, 0.465635091066, 1.07331383228, 2.34252548218, 2.76672172546, 3.23189902306, 3.22089076042, 4.18291473389, 6.42352771759, 11.6476345062, 9.83782958984, 12.8109884262, 17.97473526, 20.134349823, 20.3214836121, 13.8091640472, 13.965177536, 19.2628135681, 13.8009300232, 11.7671985626, 10.4842967987, 13.3896484375, 9.22641086578, 12.9585037231, 8.19857406616, 3.72776031494, 2.5784740448, 3.26282691956, 3.19871020317, 2.49453115463, 2.16902923584, 1.66561746597, 1.28031826019, 0.826079845428, 0.46098947525, 0.167869061232, 0.0425627753139, 0.0046198843047, 0.000134383648401, 4.65552438982e-05],
        "min": [1.5376705976e-21, 6.7520083645e-21, 2.03702434688e-20, 2.68259826374e-20, 8.74902083808e-20, 2.00771068156e-19, 1.83100331847e-19, 1.93661618812e-19, 5.60971971147e-19, 4.07821781329e-19, 6.17206862815e-19, 1.50534432756e-18, 2.10370620657e-18, 1.63179346325e-18, 2.66758757872e-18, 2.12083277435e-18, 4.22124990401e-18, 2.50510531818e-18, 6.67287013737e-18, 8.62809928514e-18, 1.08656294595e-17, 9.82305763292e-18, 1.06792904829e-17, 1.17926846864e-17, 1.92801424387e-17, 1.41569132881e-17, 1.9823196437e-17, 1.70061848845e-17, 1.47338486043e-17, 1.43527780766e-17, 1.38695978926e-17, 1.26269583727e-17, 1.612271794e-17, 1.66304728328e-17, 9.54952968386e-18, 4.86070229013e-18, 3.3183783363e-18, 1.39748597274e-18, 4.01308948927e-19, 3.96345561521e-20],
        "var": [0.075396694243, 3.47418832779, 11.4202699661, 31.907907486, 131.751312256, 239.238540649, 151.736862183, 464.880523682, 1245.53381348, 7504.34082031, 4515.55566406, 11107.3945312, 33399.0625, 16785.5449219, 36089.703125, 5353.7890625, 4816.12304688, 5753.53222656, 3281.59814453, 4934.77636719, 1911.13867188, 2307.9597168, 1296.21716309, 1163.96569824, 605.634399414, 82.8151550293, 56.5995178223, 178.721237183, 235.723678589, 176.824401855, 152.733428955, 96.263458252, 72.953666687, 76.0683517456, 35.1431846619, 6.26463270187, 0.483246803284, 0.0141793778166, 5.62906789128e-05, 3.33449285961e-08]
    },
    "gfcc": {
        "mean": [14.2329769135, 71.3076629639, -118.604438782, 18.3484611511, -59.8793525696, 23.1592483521, -37.7390022278, 17.8630161285, -26.2225170135, 2.13144731522, -19.1063213348, 3.99556970596, -14.9730100632],
        "cov": [[6365.78955078, -477.044219971, 794.346496582, 416.052215576, 119.431465149, 430.913482666, 190.045349121, 281.517089844, -17.7798118591, 68.3406524658, -21.0410804749, 204.117874146, -41.7626914978], [-477.044219971, 1154.6105957, 209.203384399, 177.62928772, 171.565231323, -140.991043091, -9.24000835419, 19.7653121948, 98.7624664307, -25.6685791016, 126.881317139, -25.8985137939, 20.0352706909], [794.346496582, 209.203384399, 1375.10852051, 394.551055908, 118.236335754, 49.9488067627, -23.5389862061, 15.4899282455, 63.0211524963, 77.9206924438, 34.3187599182, 27.0544395447, -28.8099918365], [416.052215576, 177.62928772, 394.551055908, 518.615966797, 115.056259155, 65.4360351562, 15.6358737946, 3.72317385674, 60.1069030762, 39.825088501, 24.2700119019, 10.7641677856, 74.793510437], [119.431465149, 171.565231323, 118.236335754, 115.056259155, 275.163482666, 60.6501083374, 26.7866764069, 13.6935243607, 27.478767395, 26.7974834442, 30.4045581818, 15.8414449692, 38.8877944946], [430.913482666, -140.991043091, 49.9488067627, 65.4360351562, 60.6501083374, 307.973846436, 135.896316528, 7.2277636528, -60.4760551453, 5.3912653923, -9.84714317322, 4.64952850342, 29.7255840302], [190.045349121, -9.24000835419, -23.5389862061, 15.6358737946, 26.7866764069, 135.896316528, 246.423629761, 53.4188270569, -57.2889213562, -19.150554657, 9.34369373322, 23.034488678, -4.71643352509], [281.517089844, 19.7653121948, 15.4899282455, 3.72317385674, 13.6935243607, 7.2277636528, 53.4188270569, 144.600845337, 41.4514274597, -5.12449598312, 14.9785423279, 10.9623165131, -24.8165168762], [-17.7798118591, 98.7624664307, 63.0211524963, 60.1069030762, 27.478767395, -60.4760551453, -57.2889213562, 41.4514274597, 160.171890259, 40.4938583374, 6.44131612778, -7.35002803802, 1.11270368099], [68.3406524658, -25.6685791016, 77.9206924438, 39.825088501, 26.7974834442, 5.3912653923, -19.150554657, -5.12449598312, 40.4938583374, 95.99559021, 26.6084308624, 0.313028484583, 3.6678545475], [-21.0410804749, 126.881317139, 34.3187599182, 24.2700119019, 30.4045581818, -9.84714317322, 9.34369373322, 14.9785423279, 6.44131612778, 26.6084308624, 110.437492371, 30.6958847046, -4.80001735687], [204.117874146, -25.8985137939, 27.0544395447, 10.7641677856, 15.8414449692, 4.64952850342, 23.034488678, 10.9623165131, -7.35002803802, 0.313028484583, 30.6958847046, 101.75415802, 23.4513778687], [-41.7626914978, 20.0352706909, -28.8099918365, 74.793510437, 38.8877944946, 29.7255840302, -4.71643352509, -24.8165168762, 1.11270368099, 3.6678545475, -4.80001735687, 23.4513778687, 130.230621338]],
        "icov": [[0.000238716820604, 4.60087758256e-05, -7.00578166288e-05, -0.000160283831065, 8.5767105702e-06, -0.000300364685245, 0.000165273828316, -0.000508349505253, 0.000167058984516, -0.000163359596627, 0.000259465392446, -0.000519966240972, 0.000227513039135], [4.60087758256e-05, 0.00154914415907, -0.000208400582778, -0.000222531103645, -0.000821668771096, 0.000881259562448, -0.000571455864701, 0.000341709237546, -0.000888626847882, 0.00168215704616, -0.00205437489785, 0.00120022601914, -0.000384883343941], [-7.00578166288e-05, -0.000208400582778, 0.00108920549974, -0.000778272631578, -6.89592998242e-05, -0.000160709794727, 0.000320459628711, 4.55045883427e-05, 0.000166062425706, -0.000673125381581, 0.000353939074557, -0.00047734004329, 0.000891619827598], [-0.000160283831065, -0.000222531103645, -0.000778272631578, 0.00325138866901, -0.000364166073268, -0.000230716585065, -0.000440557458205, 0.000505183299538, -0.00104881112929, 2.71577446256e-05, -0.000437372335, 0.000747653713915, -0.00195750338025], [8.5767105702e-06, -0.000821668771096, -6.89592998242e-05, -0.000364166073268, 0.00488122040406, -0.00123917043675, 0.000125329344883, -0.000403027661378, -0.000209066492971, -0.00122036202811, 0.000113226677058, -0.000729883729946, -0.000752168474719], [-0.000300364685245, 0.000881259562448, -0.000160709794727, -0.000230716585065, -0.00123917043675, 0.00599277950823, -0.00308799883351, 0.000859022315126, 0.000855100806803, -2.60769738816e-05, -0.000613808981143, 0.00200565112755, -0.00147130014375], [0.000165273828316, -0.000571455864701, 0.000320459628711, -0.000440557458205, 0.000125329344883, -0.00308799883351, 0.00709909480065, -0.00321409269236, 0.002535574371, -0.000271090422757, 0.000719967705663, -0.0019508789992, 0.00114069238771], [-0.000508349505253, 0.000341709237546, 4.55045883427e-05, 0.000505183299538, -0.000403027661378, 0.000859022315126, -0.00321409269236, 0.0108020855114, -0.00459819473326, 0.00269330339506, -0.00213832291774, 0.000671722285915, 0.00113429734483], [0.000167058984516, -0.000888626847882, 0.000166062425706, -0.00104881112929, -0.000209066492971, 0.000855100806803, 0.002535574371, -0.00459819473326, 0.0107323843986, -0.00501778163016, 0.00252822157927, -0.000588757626247, 0.000161052041221], [-0.000163359596627, 0.00168215704616, -0.000673125381581, 2.71577446256e-05, -0.00122036202811, -2.60769738816e-05, -0.000271090422757, 0.00269330339506, -0.00501778163016, 0.0157405138016, -0.00597561523318, 0.00243861600757, -0.000661742757075], [0.000259465392446, -0.00205437489785, 0.000353939074557, -0.000437372335, 0.000113226677058, -0.000613808981143, 0.000719967705663, -0.00213832291774, 0.00252822157927, -0.00597561523318, 0.0145660964772, -0.00570538593456, 0.00216461671516], [-0.000519966240972, 0.00120022601914, -0.00047734004329, 0.000747653713915, -0.000729883729946, 0.00200565112755, -0.0019508789992, 0.000671722285915, -0.000588757626247, 0.00243861600757, -0.00570538593456, 0.0141844740137, -0.00389709882438], [0.000227513039135, -0.000384883343941, 0.000891619827598, -0.00195750338025, -0.000752168474719, -0.00147130014375, 0.00114069238771, 0.00113429734483, 0.000161052041221, -0.000661742757075, 0.00216461671516, -0.00389709882438, 0.0107490401715]]
    },
    "melbands": {
        "dmean": [0.00103075080551, 0.000846412149258, 0.00051119417185, 0.000354019342922, 0.0001680876303, 0.000146447404404, 0.000168145896168, 0.000262209447101, 0.000159613540745, 0.000162959186127, 0.000223052091314, 0.000153595377924, 0.000209030418773, 7.06392820575e-05, 4.55070949101e-05, 4.53796783404e-05, 4.85461168864e-05, 2.88939227175e-05, 2.36897176364e-05, 1.89406691788e-05, 1.43927181853e-05, 1.58840939548e-05, 9.2562959253e-06, 7.95683990873e-06, 9.73554324446e-06, 7.31659429221e-06, 3.08201720145e-06, 1.99047735805e-06, 1.5655042489e-06, 1.61729394677e-06, 2.18440436583e-06, 2.22566109187e-06, 1.91030312635e-06, 1.63884055837e-06, 1.67938230788e-06, 1.57615295393e-06, 1.29448801545e-06, 1.26671466205e-06, 1.45155911468e-06, 1.40853569519e-06],
        "dmean2": [0.00174437859096, 0.00147679925431, 0.000866411079187, 0.000602359010372, 0.000273035431746, 0.000234608669416, 0.000266849150648, 0.000420956406742, 0.000249369069934, 0.000253687321674, 0.000356316595571, 0.000245643779635, 0.000342399202054, 0.000116361814435, 7.13036570232e-05, 7.15648566256e-05, 7.65618315199e-05, 4.49879735243e-05, 3.74034680135e-05, 2.96141042782e-05, 2.24161576625e-05, 2.47080079134e-05, 1.40598440339e-05, 1.24993102872e-05, 1.50418372868e-05, 1.12089164759e-05, 4.79341861137e-06, 3.1675892842e-06, 2.44569810093e-06, 2.54905990005e-06, 3.29271620103e-06, 3.28859050569e-06, 2.84036855192e-06, 2.50575226346e-06, 2.55031000052e-06, 2.35614288613e-06, 1.93650134861e-06, 1.88994170003e-06, 2.17122396862e-06, 2.11003180084e-06],
        "dvar": [5.50627009943e-06, 4.00923045163e-06, 9.56398707785e-07, 5.79114725952e-07, 1.08656429632e-07, 9.32256654096e-08, 1.25525190242e-07, 3.78880145036e-07, 1.46280157765e-07, 1.46894237218e-07, 2.67030344503e-07, 1.00416549742e-07, 2.9834947668e-07, 3.18069020011e-08, 1.20949659177e-08, 9.34428268096e-09, 1.008605377e-08, 4.09971523396e-09, 2.75951594908e-09, 2.29084062831e-09, 1.17132881172e-09, 1.02594532869e-09, 4.51462978113e-10, 2.8124783058e-10, 3.45316469863e-10, 1.91760413104e-10, 3.63985334928e-11, 1.45703900334e-11, 1.07927130774e-11, 1.19956544697e-11, 2.94741592244e-11, 2.3114100911e-11, 2.18209530306e-11, 2.19587195649e-11, 2.61217332487e-11, 2.13096380819e-11, 1.6694048921e-11, 1.30257861788e-11, 2.75125894289e-11, 2.63694430874e-11],
        "dvar2": [1.41590599014e-05, 1.12016195999e-05, 2.59527291746e-06, 1.58628245117e-06, 2.73925081729e-07, 2.34619008666e-07, 3.00394447095e-07, 9.81088533081e-07, 3.58153044999e-07, 3.5842822399e-07, 7.37011532692e-07, 2.65013397893e-07, 8.33220155982e-07, 8.68602398896e-08, 2.93557267383e-08, 2.18052633727e-08, 2.31496191105e-08, 9.60510515569e-09, 6.7304632978e-09, 5.67884628211e-09, 2.61045873806e-09, 2.34528219067e-09, 9.70146629697e-10, 5.81942660727e-10, 7.80092324071e-10, 4.15455808644e-10, 8.41925626438e-11, 3.47500500597e-11, 2.49718856704e-11, 2.84544783569e-11, 7.02278235565e-11, 4.79424694388e-11, 4.73119564359e-11, 4.85297219077e-11, 6.02487643109e-11, 4.69011461612e-11, 3.70842349884e-11, 2.62038186288e-11, 5.63963944988e-11, 5.20457184294e-11],
        "max": [0.0279159042984, 0.0288776252419, 0.0173794981092, 0.0128178857267, 0.00661752279848, 0.00626357831061, 0.00630411645398, 0.0124016078189, 0.00743226101622, 0.00739911105484, 0.0135909169912, 0.00571725564077, 0.0116622690111, 0.00414441013709, 0.00305639556609, 0.00222649867646, 0.00218495493755, 0.00167363754008, 0.0015991727123, 0.00149059039541, 0.000757537374739, 0.000696645933203, 0.000794006220531, 0.000468430225737, 0.000451513653388, 0.000319831917295, 0.000147923419718, 8.20454442874e-05, 0.00010993640899, 8.88741269591e-05, 0.000268881849479, 0.000122184937936, 0.000115987204481, 0.000104607912363, 0.000138787741889, 0.000124315134599, 0.000118521849799, 0.000105809689558, 0.000168222672073, 0.000155824658577],
        "mean": [0.00128550326917, 0.00121504522394, 0.000788871489931, 0.000520883011632, 0.0002904291905, 0.000257915147813, 0.000304763496388, 0.000457133544842, 0.000268950971076, 0.000316502992064, 0.000475574343, 0.000313573254971, 0.000368958775653, 0.000129900698084, 8.37794359541e-05, 8.47224728204e-05, 8.61435692059e-05, 5.27808588231e-05, 4.45409496024e-05, 3.6669367546e-05, 2.84443849523e-05, 3.35324584739e-05, 2.12696504605e-05, 1.77470210474e-05, 2.11512633541e-05, 1.76500161615e-05, 6.54439327263e-06, 4.02807381761e-06, 3.18572824654e-06, 3.6633612126e-06, 5.3886110436e-06, 5.42602083442e-06, 4.31087846664e-06, 3.53461177838e-06, 3.39941902894e-06, 3.0831206459e-06, 2.48265996561e-06, 2.37957260651e-06, 2.56433486356e-06, 2.44635270974e-06],
        "median": [0.000548602372874, 0.000644634594209, 0.000447098835139, 0.000230595134781, 0.000125807564473, 9.37884469749e-05, 0.000106838982902, 0.000121335615404, 6.41736769467e-05, 6.60877412884e-05, 7.26801226847e-05, 6.70069348416e-05, 7.02703764546e-05, 2.9979768442e-05, 2.67380237347e-05, 2.75537495327e-05, 3.16407240462e-05, 1.79358648893e-05, 1.5237925254e-05, 1.15132806968e-05, 9.61943533184e-06, 1.23099662233e-05, 7.61576666264e-06, 7.46011482988e-06, 9.46860836848e-06, 6.9831539804e-06, 2.99407838611e-06, 1.7997631403e-06, 1.3220751498e-06, 1.34162587528e-06, 1.96328187485e-06, 1.80478514267e-06, 1.46038132698e-06, 1.19930575693e-06, 1.14714498523e-06, 1.0964752164e-06, 8.650580412e-07, 8.36493939005e-07, 7.46330840684e-07, 6.13800466454e-07],
        "min": [1.41634879491e-23, 1.04667058869e-23, 6.8544116166e-24, 9.49482846285e-24, 6.63390684979e-24, 4.58009722786e-24, 8.66878302114e-24, 3.65590171232e-24, 5.52338120515e-24, 9.60610833759e-24, 1.04843187844e-23, 6.32293669766e-24, 9.14539226969e-24, 7.71315297625e-24, 4.67441146554e-24, 9.51008187732e-24, 3.72780165067e-24, 8.46201390041e-24, 1.45810493812e-23, 9.85834661203e-24, 1.31999795503e-23, 1.0295633511e-23, 9.05145313538e-24, 1.02623396365e-23, 8.33530785068e-24, 1.68315527924e-23, 7.66057539692e-24, 9.99537648443e-24, 1.13432597258e-23, 1.16079485919e-23, 9.94889285559e-24, 8.2079225917e-24, 7.81196569324e-24, 8.33386107978e-24, 7.48099515615e-24, 8.35444877168e-24, 7.9701835807e-24, 8.33755689312e-24, 1.76405422724e-23, 1.37317506866e-23],
        "var": [5.69449093746e-06, 3.7332708871e-06, 1.30593309677e-06, 7.84015753652e-07, 2.10274905044e-07, 2.28047454698e-07, 3.09646992491e-07, 8.7390031922e-07, 2.92702168281e-07, 4.36033843698e-07, 8.94750371572e-07, 3.28709319319e-07, 6.14305577074e-07, 7.93048826608e-08, 2.94518489596e-08, 2.49724898538e-08, 2.26871677e-08, 1.17001492939e-08, 7.55881135461e-09, 6.17149220616e-09, 2.96868463145e-09, 3.23925064549e-09, 1.85111270756e-09, 8.52309944843e-10, 9.43865763325e-10, 7.60644658371e-10, 1.05383451965e-10, 3.5296071621e-11, 2.52712937382e-11, 3.64398927699e-11, 7.72501923541e-11, 8.65250857074e-11, 6.88645460101e-11, 5.48376795362e-11, 5.57576658455e-11, 4.596241443e-11, 3.44755300696e-11, 3.00979831336e-11, 5.79407355428e-11, 5.63296631562e-11]
    },
    "mfcc": {
        "mean": [-632.332580566, 109.239356995, -1.79392886162, 4.25670051575, 2.49962496758, 1.60794115067, 1.49074304104, 10.167304039, 0.172317430377, 0.203423440456, 3.76190018654, -4.12890529633, -2.73968720436],
        "cov": [[5589.89794922, -569.305847168, 428.668426514, 104.246299744, 135.692871094, 204.370941162, 257.467193604, 299.337799072, 124.267837524, 50.2831115723, 103.540077209, -28.028219223, 53.3021621704], [-569.305847168, 989.323181152, 86.6659088135, 165.635223389, 138.488754272, -110.888565063, -22.8967971802, 16.7937679291, -42.8667030334, -23.5792427063, 73.89868927, 67.0433273315, 32.7970657349], [428.668426514, 86.6659088135, 1088.00415039, 353.642547607, 227.058486938, 122.662132263, 36.2158699036, 4.38762998581, 39.2208595276, 15.0324401855, 32.6404876709, 66.7483978271, 74.6134567261], [104.246299744, 165.635223389, 353.642547607, 450.268890381, 187.072555542, 53.0960121155, -6.61556100845, -4.9474363327, 51.0589179993, 6.86297130585, -5.09264087677, 55.9350318909, 71.2843093872], [135.692871094, 138.488754272, 227.058486938, 187.072555542, 325.796936035, 56.4370727539, -32.3789901733, -36.308555603, 40.3893928528, 44.3849754333, -24.1278076172, 43.7927398682, 50.0305023193], [204.370941162, -110.888565063, 122.662132263, 53.0960121155, 56.4370727539, 282.792053223, 133.940032959, 16.613735199, 43.0089569092, 31.8071975708, -45.1520500183, -31.4091815948, 30.9910907745], [257.467193604, -22.8967971802, 36.2158699036, -6.61556100845, -32.3789901733, 133.940032959, 288.323303223, 96.626625061, 3.41626882553, 11.0400629044, 1.13787055016, -28.1404304504, 16.8064937592], [299.337799072, 16.7937679291, 4.38762998581, -4.9474363327, -36.308555603, 16.613735199, 96.626625061, 181.291259766, 22.0493717194, -13.5545692444, 54.868522644, -2.37272286415, -4.60139560699], [124.267837524, -42.8667030334, 39.2208595276, 51.0589179993, 40.3893928528, 43.0089569092, 3.41626882553, 22.0493717194, 131.789855957, 37.9574699402, -20.4948883057, -10.300994873, 6.45818948746], [50.2831115723, -23.5792427063, 15.0324401855, 6.86297130585, 44.3849754333, 31.8071975708, 11.0400629044, -13.5545692444, 37.9574699402, 133.710845947, -2.1830394268, -14.897892952, -2.56872010231], [103.540077209, 73.89868927, 32.6404876709, -5.09264087677, -24.1278076172, -45.1520500183, 1.13787055016, 54.868522644, -20.4948883057, -2.1830394268, 188.78578186, 49.47889328, -27.9781303406], [-28.028219223, 67.0433273315, 66.7483978271, 55.9350318909, 43.7927398682, -31.4091815948, -28.1404304504, -2.37272286415, -10.300994873, -14.897892952, 49.47889328, 128.481765747, 28.0590381622], [53.3021621704, 32.7970657349, 74.6134567261, 71.2843093872, 50.0305023193, 30.9910907745, 16.8064937592, -4.60139560699, 6.45818948746, -2.56872010231, -27.9781303406, 28.0590381622, 108.39969635]],
