{
"lowlevel": {
    "average_loudness": 0.0197766907513,
    "barkbands_crest": {
        "dmean": 2.36023736,
        "dmean2": 3.81473970413,
        "dvar": 5.03974866867,
        "dvar2": 12.3799619675,
        "max": 25.8242721558,
        "mean": 10.6190643311,
        "median": 9.69347858429,
        "min": 2.00109815598,
        "var": 21.4715805054
    },
    "barkbands_flatness_db": {
        "dmean": 0.017337853089,
        "dmean2": 0.0276659503579,
        "dvar": 0.000269101263257,
        "dvar2": 0.00063972530188,
        "max": 0.404294461012,
        "mean": 0.183770015836,
        "median": 0.178971782327,
        "min": 0.0318037830293,
        "var": 0.00214046635665
    },
    "barkbands_kurtosis": {
        "dmean": 2.28363704681,
        "dmean2": 3.63833880424,
        "dvar": 36.0423164368,
        "dvar2": 94.4790344238,
        "max": 218.113388062,
        "mean": 4.4605679512,
        "median": 1.54658269882,
        "min": -1.91976964474,
        "var": 126.230316162
    },
    "barkbands_skewness": {
        "dmean": 0.43372297287,
        "dmean2": 0.666664838791,
        "dvar": 0.247743070126,
        "dvar2": 0.544189631939,
        "max": 13.1509828568,
        "mean": 1.17271661758,
        "median": 0.98840790987,
        "min": -4.14916372299,
        "var": 2.0191822052
    },
    "barkbands_spread": {
        "dmean": 4.07187461853,
        "dmean2": 6.34683179855,
        "dvar": 42.1051101685,
        "dvar2": 88.5178527832,
        "max": 107.010437012,
        "mean": 17.9553413391,
        "median": 14.4901428223,
        "min": 0.838506937027,
        "var": 168.432830811
    },
    "dissonance": {
        "dmean": 0.0238106753677,
        "dmean2": 0.0401150472462,
        "dvar": 0.000552983838134,
        "dvar2": 0.00148990144953,
        "max": 0.500000059605,
        "mean": 0.452529609203,
        "median": 0.462794333696,
        "min": 0.227845683694,
        "var": 0.00157766614575
    },
    "dynamic_complexity": 5.56446313858,
    "erbbands_crest": {
        "dmean": 2.78705739975,
        "dmean2": 4.4443769455,
        "dvar": 6.9065618515,
        "dvar2": 16.4724731445,
        "max": 32.0534553528,
        "mean": 11.5952949524,
        "median": 10.5190954208,
        "min": 2.54532694817,
        "var": 30.5216884613
    },
    "erbbands_flatness_db": {
        "dmean": 0.0149426022545,
        "dmean2": 0.0223476942629,
        "dvar": 0.000203683128348,
        "dvar2": 0.000421723118052,
        "max": 0.391531258821,
        "mean": 0.225928291678,
        "median": 0.226743534207,
        "min": 0.0806451141834,
        "var": 0.00251019513234
    },
    "erbbands_kurtosis": {
        "dmean": 1.22079515457,
        "dmean2": 1.91414046288,
        "dvar": 3.97793936729,
        "dvar2": 9.12460899353,
        "max": 91.2637252808,
        "mean": 2.00430893898,
        "median": 1.04256868362,
        "min": -1.85756719112,
        "var": 16.3260746002
    },
    "erbbands_skewness": {
        "dmean": 0.352291196585,
        "dmean2": 0.540998578072,
        "dvar": 0.141642823815,
        "dvar2": 0.2891305089,
        "max": 8.40636634827,
        "mean": 0.707530856133,
        "median": 0.656613469124,
        "min": -5.307721138,
        "var": 0.890915334225
    },
    "erbbands_spread": {
        "dmean": 5.54209423065,
        "dmean2": 8.5093460083,
        "dvar": 63.9706497192,
        "dvar2": 140.279037476,
        "max": 161.840332031,
        "mean": 26.9590778351,
        "median": 21.2702884674,
        "min": 2.46115517616,
        "var": 316.443084717
    },
    "hfc": {
        "dmean": 3.68603467941,
        "dmean2": 5.22556495667,
        "dvar": 53.5675048828,
        "dvar2": 105.556808472,
        "max": 452.673034668,
        "mean": 15.7207384109,
        "median": 6.33395576477,
        "min": 1.15210006884e-16,
        "var": 531.87109375
    },
    "melbands_crest": {
        "dmean": 2.95945978165,
        "dmean2": 4.80251026154,
        "dvar": 7.43310022354,
        "dvar2": 18.7684345245,
        "max": 36.3418960571,
        "mean": 13.6713533401,
        "median": 12.8674554825,
        "min": 1.93887460232,
        "var": 30.001203537
    },
    "melbands_flatness_db": {
        "dmean": 0.0193646773696,
        "dmean2": 0.0297289304435,
        "dvar": 0.000392993038986,
        "dvar2": 0.000861239910591,
        "max": 0.472865045071,
        "mean": 0.197195798159,
        "median": 0.192540839314,
        "min": 0.00739080738276,
        "var": 0.00354595901445
    },
    "melbands_kurtosis": {
        "dmean": 4.75016641617,
        "dmean2": 7.54028987885,
        "dvar": 253.999282837,
        "dvar2": 684.393371582,
        "max": 850.030151367,
        "mean": 10.258764267,
        "median": 3.87520313263,
        "min": -1.90193748474,
        "var": 769.065490723
    },
    "melbands_skewness": {
        "dmean": 0.534097671509,
        "dmean2": 0.828478634357,
        "dvar": 0.418000280857,
        "dvar2": 0.951053023338,
        "max": 23.2742729187,
        "mean": 1.8030513525,
        "median": 1.42783665657,
        "min": -1.51100790501,
        "var": 3.00390982628
    },
    "melbands_spread": {
        "dmean": 6.09740638733,
        "dmean2": 9.51068878174,
        "dvar": 162.188735962,
        "dvar2": 321.499603271,
        "max": 281.073516846,
        "mean": 25.7525615692,
        "median": 19.529302597,
        "min": 0.662268936634,
        "var": 588.683288574
    },
    "pitch_salience": {
        "dmean": 0.0622717030346,
        "dmean2": 0.100483037531,
        "dvar": 0.00324777024798,
        "dvar2": 0.00822729617357,
        "max": 0.949430584908,
        "mean": 0.563399851322,
        "median": 0.564563453197,
        "min": 0.116497531533,
        "var": 0.0147980004549
    },
    "silence_rate_20dB": {
        "dmean": 0.000198688649107,
        "dmean2": 0.000397416792111,
        "dvar": 0.000198610214284,
        "dvar2": 0.000397338328185,
        "max": 1,
        "mean": 0.999801337719,
        "median": 1,
        "min": 0,
        "var": 0.000198590481887
    },
    "silence_rate_30dB": {
        "dmean": 0.000794754596427,
        "dmean2": 0.00158966716845,
        "dvar": 0.000793969724327,
        "dvar2": 0.00178523850627,
        "max": 1,
        "mean": 0.995331287384,
        "median": 1,
        "min": 0,
        "var": 0.00464799953625
    },
    "silence_rate_60dB": {
        "dmean": 0.0407311730087,
        "dmean2": 0.0814704447985,
        "dvar": 0.0390664003789,
        "dvar2": 0.0885496810079,
        "max": 1,
        "mean": 0.291844636202,
        "median": 0,
        "min": 0,
        "var": 0.206686243415
    },
    "spectral_centroid": {
        "dmean": 178.671188354,
        "dmean2": 271.245422363,
        "dvar": 84334.203125,
        "dvar2": 160000.046875,
        "max": 11043.3212891,
        "mean": 1303.50317383,
        "median": 1175.96105957,
        "min": 191.299255371,
        "var": 498372.125
    },
    "spectral_complexity": {
        "dmean": 1.9105900526,
        "dmean2": 3.12170886993,
        "dvar": 3.87554454803,
        "dvar2": 9.31565952301,
        "max": 65,
        "mean": 11.0555276871,
        "median": 10,
        "min": 0,
        "var": 53.7029724121
    },
    "spectral_decrease": {
        "dmean": 1.02300445892e-09,
        "dmean2": 1.56555546305e-09,
        "dvar": 6.75470146101e-18,
        "dvar2": 1.86122321444e-17,
        "max": 6.28620825509e-29,
        "mean": -3.77664122198e-09,
        "median": -2.11105333214e-09,
        "min": -1.1639733799e-07,
        "var": 2.49369841481e-17
    },
    "spectral_energy": {
        "dmean": 0.00413307081908,
        "dmean2": 0.00629951432347,
        "dvar": 0.000101221026853,
        "dvar2": 0.000276416452834,
        "max": 0.464560866356,
        "mean": 0.0156798418611,
        "median": 0.0086536379531,
        "min": 1.05717446602e-20,
        "var": 0.000411316257669
    },
    "spectral_energyband_high": {
        "dmean": 0.000186466699233,
        "dmean2": 0.00027315976331,
        "dvar": 5.06990488702e-07,
        "dvar2": 1.01624675608e-06,
        "max": 0.0390499308705,
        "mean": 0.000465587276267,
        "median": 0.000100442681287,
        "min": 7.40777154707e-21,
        "var": 2.30431419368e-06
    },
    "spectral_energyband_low": {
        "dmean": 0.00158573419321,
        "dmean2": 0.0027106446214,
        "dvar": 7.07732106093e-05,
        "dvar2": 0.000207884353586,
        "max": 0.339962124825,
        "mean": 0.00302741443738,
        "median": 0.000748903839849,
        "min": 3.89939246596e-23,
        "var": 0.000116715607874
    },
    "spectral_energyband_middle_high": {
        "dmean": 0.00159565464128,
        "dmean2": 0.00227158050984,
        "dvar": 1.07996556835e-05,
        "dvar2": 2.15660820686e-05,
        "max": 0.0743938460946,
        "mean": 0.00635270541534,
        "median": 0.00135469820816,
        "min": 1.54904473492e-21,
        "var": 0.00010894818115
    },
    "spectral_energyband_middle_low": {
        "dmean": 0.00220429408364,
        "dmean2": 0.003321838798,
        "dvar": 2.94833043881e-05,
        "dvar2": 7.76666929596e-05,
        "max": 0.302616715431,
        "mean": 0.00631979899481,
        "median": 0.00298550841399,
        "min": 2.50521271353e-22,
        "var": 9.55545474426e-05
    },
    "spectral_entropy": {
        "dmean": 0.130552470684,
        "dmean2": 0.193782091141,
        "dvar": 0.0184129811823,
        "dvar2": 0.0346310324967,
        "max": 9.80016994476,
        "mean": 7.38189744949,
        "median": 7.4164853096,
        "min": 5.32467699051,
        "var": 0.199073135853
    },
    "spectral_flux": {
        "dmean": 0.01875949651,
        "dmean2": 0.0296847261488,
        "dvar": 0.000620144826826,
        "dvar2": 0.00154471129645,
        "max": 0.478615015745,
        "mean": 0.0593949966133,
        "median": 0.045040436089,
        "min": 6.46992459608e-11,
        "var": 0.00227935542352
    },
    "spectral_kurtosis": {
        "dmean": 2.01153421402,
        "dmean2": 3.49314570427,
        "dvar": 3.9714820385,
        "dvar2": 11.6547765732,
        "max": 28.1483802795,
        "mean": 4.1482591629,
        "median": 3.56367731094,
        "min": -1.58178257942,
        "var": 9.77694988251
    },
    "spectral_rms": {
        "dmean": 0.00044916398474,
        "dmean2": 0.000666409963742,
        "dvar": 3.77062775669e-07,
        "dvar2": 8.45420686346e-07,
        "max": 0.0212892014533,
        "mean": 0.00331857101992,
        "median": 0.00290561071597,
        "min": 3.21152566346e-12,
        "var": 4.2845099415e-06
    },
    "spectral_rolloff": {
        "dmean": 348.568603516,
        "dmean2": 582.786743164,
        "dvar": 766175.125,
        "dvar2": 1564875.875,
        "max": 19466.015625,
        "mean": 1556.54968262,
        "median": 1205.859375,
        "min": 64.599609375,
        "var": 2079962.125
    },
    "spectral_skewness": {
        "dmean": 0.238432079554,
        "dmean2": 0.395576179028,
        "dvar": 0.0479526743293,
        "dvar2": 0.120111778378,
        "max": 3.66097307205,
        "mean": 1.4998010397,
        "median": 1.48603415489,
        "min": -0.716161906719,
        "var": 0.244498625398
    },
    "spectral_spread": {
        "dmean": 369210.9375,
        "dmean2": 564274.6875,
        "dvar": 343074111488,
        "dvar2": 609307131904,
        "max": 40919432,
        "mean": 3743412.5,
        "median": 3469213,
        "min": 1657880.375,
        "var": 1.93910983885e+12
    },
    "spectral_strongpeak": {
        "dmean": 0.630305588245,
        "dmean2": 1.02221143246,
        "dvar": 1.3500521183,
        "dvar2": 3.15635681152,
        "max": 28.0258369446,
        "mean": 1.51817882061,
        "median": 0.553274512291,
        "min": 0,
        "var": 4.93025350571
    },
    "zerocrossingrate": {
        "dmean": 0.00810199603438,
        "dmean2": 0.00944296643138,
        "dvar": 0.000202931914828,
        "dvar2": 0.000205353469937,
        "max": 0.65234375,
        "mean": 0.0603993758559,
        "median": 0.052734375,
        "min": 0.005859375,
        "var": 0.0015184013173
    },
    "barkbands": {
        "dmean": [9.22122708289e-05, 0.00105826556683, 0.000601286417805, 0.000266269402346, 0.00065452628769, 0.000567195238546, 0.000482730538351, 0.000361025653547, 0.000672955764458, 0.000685599283315, 0.000552621961106, 0.000402683624998, 0.000228168006288, 0.000370273715816, 0.000409831438446, 0.000162139374879, 9.3514288892e-05, 0.000104084618215, 0.000138092364068, 7.07835497451e-05, 4.35262300016e-05, 4.19978860009e-05, 5.45950715605e-05, 5.06204305566e-05, 1.36710177685e-05, 3.31519458996e-07, 1.64192870411e-09],
        "dmean2": [0.00015577817976, 0.00186654308345, 0.00102069601417, 0.000457459042082, 0.00103628786746, 0.000903544423636, 0.000735000998247, 0.000515750376508, 0.0010028698016, 0.00101575860754, 0.000837954168674, 0.000614214339294, 0.000353596202331, 0.000550729339011, 0.000620781967882, 0.000240072156885, 0.000145829399116, 0.000159789007739, 0.000202369308681, 0.00010591467435, 6.53230890748e-05, 6.38428464299e-05, 8.41256551212e-05, 7.68027675804e-05, 2.22316939471e-05, 5.30411512045e-07, 3.16002690681e-09],
        "dvar": [1.05027265818e-06, 4.56721609225e-05, 5.30093802809e-06, 1.43257022955e-06, 1.48172584886e-05, 2.03281570066e-06, 3.29807653543e-06, 1.91731737686e-06, 4.29322108175e-06, 4.03049216402e-06, 3.67528832612e-06, 1.56774137849e-06, 9.55991822593e-07, 1.79151356861e-06, 2.40369104176e-06, 5.54011990062e-07, 3.46979135202e-07, 1.24152506942e-07, 2.61957268322e-07, 6.89147299227e-08, 7.31425586764e-08, 6.42669633066e-08, 7.30643989755e-08, 5.72716771785e-08, 1.60555106987e-08, 3.01692316962e-11, 5.18500546047e-15],
        "dvar2": [2.879707381e-06, 0.000138797258842, 1.40692454806e-05, 4.11220844398e-06, 4.0554725274e-05, 4.72380406791e-06, 7.12315932105e-06, 3.17670446748e-06, 8.46492366691e-06, 8.24848484626e-06, 8.07997002994e-06, 3.15261195283e-06, 1.9302929104e-06, 3.62462856174e-06, 5.13809754921e-06, 1.12684926989e-06, 7.38936250855e-07, 2.73368499393e-07, 5.16267391504e-07, 1.49503705416e-07, 1.50311763036e-07, 1.4427543249e-07, 1.54234669481e-07, 1.29248505232e-07, 3.99271975482e-08, 7.32722424401e-11, 1.55370575888e-14],
        "max": [0.0363449417055, 0.294058740139, 0.0811179727316, 0.0572551526129, 0.268470346928, 0.0443408824503, 0.0685584098101, 0.0560919344425, 0.0573125705123, 0.0483952797949, 0.0493850186467, 0.0346003398299, 0.0398751012981, 0.0408343560994, 0.0471467785537, 0.0260070040822, 0.0293566454202, 0.0116791781038, 0.0191945862025, 0.00825134478509, 0.0164475291967, 0.0160620287061, 0.0170915797353, 0.010865110904, 0.00985228549689, 0.000276355305687, 5.14723433298e-06],
        "mean": [0.000107938052679, 0.00157605414279, 0.00112705002539, 0.000382605270715, 0.00124730193056, 0.00110509467777, 0.000903477251995, 0.000710184103809, 0.0013911150163, 0.00144118780736, 0.00114783656318, 0.000816374784335, 0.000431435415521, 0.00074942590436, 0.000938221812248, 0.000330191105604, 0.000206622396945, 0.000213371487916, 0.00031293099164, 0.000149799088831, 8.50333162816e-05, 7.64953219914e-05, 0.000114004222269, 9.54998322413e-05, 2.01118273253e-05, 4.86417036427e-07, 1.16081033674e-09],
        "median": [3.48027924701e-06, 0.000207798730116, 0.000279919535387, 0.000100325240055, 0.000276692357147, 0.000297923630569, 0.000188674763194, 8.25771639938e-05, 0.000264806265477, 0.000170029175933, 9.91789274849e-05, 0.00010927682888, 6.42653903924e-05, 7.83032010077e-05, 8.32706355141e-05, 4.33471686847e-05, 3.69958870579e-05, 3.76632524421e-05, 3.06804322463e-05, 1.79928665602e-05, 8.86592169991e-06, 1.32233053591e-05, 2.20998190343e-05, 1.72424315679e-05, 7.75051944402e-07, 2.17871540253e-10, 2.35676700377e-10],
        "min": [1.19396322593e-23, 4.46241969118e-24, 7.1171172864e-24, 4.79012197754e-24, 2.23555418148e-23, 1.48587647074e-23, 2.89976275745e-23, 3.42596611339e-23, 6.52047306924e-23, 3.36464101325e-23, 9.96668198455e-23, 7.13928585556e-23, 7.09993936687e-23, 1.19283190473e-22, 9.13855978762e-23, 1.21893234596e-22, 2.3415191532e-22, 1.65732923538e-22, 2.18458833964e-22, 2.27626129746e-22, 3.38441725127e-22, 5.11024296351e-22, 5.34202670577e-22, 7.06743589944e-22, 9.05840621851e-22, 1.75590148232e-21, 2.24044776967e-21],
        "var": [1.42891292398e-06, 5.91296557104e-05, 8.03371312941e-06, 2.12345071304e-06, 2.08676847251e-05, 6.54091036267e-06, 8.7622065621e-06, 8.69040650286e-06, 1.81290033652e-05, 1.51409667524e-05, 1.49300321937e-05, 4.84402926304e-06, 2.17888100451e-06, 6.44647525405e-06, 1.29988447952e-05, 2.11883821066e-06, 1.31198066811e-06, 3.97484342329e-07, 1.15842908599e-06, 2.19629512799e-07, 2.18029370558e-07, 1.20094213685e-07, 1.75280035819e-07, 1.43039486034e-07, 4.79048694046e-08, 5.8788265922e-11, 2.63394191135e-15]
    },
    "erbbands": {
        "dmean": [0.0318847037852, 0.247765436769, 0.683411836624, 0.772737205029, 1.17123043537, 2.68326830864, 3.2474565506, 5.19899463654, 6.61215114594, 7.48202466965, 8.44657802582, 13.7403306961, 23.4571971893, 17.589307785, 20.9053878784, 15.0537652969, 9.65337085724, 14.848315239, 22.3458900452, 13.1234321594, 7.1765294075, 4.45505332947, 3.53550076485, 8.35411548615, 4.53632068634, 3.38863229752, 2.147793293, 1.4567053318, 1.4815570116, 1.63890528679, 1.58713161945, 1.06458055973, 0.873767316341, 0.237523332238, 0.0286411903799, 0.0041110762395, 0.000128513565869, 9.6744588518e-06, 3.50892150891e-06, 5.14570592713e-06],
        "dmean2": [0.0559910982847, 0.433537244797, 1.17495393753, 1.33224868774, 1.97392189503, 4.20277023315, 5.09047651291, 8.38711071014, 10.2076177597, 10.9165630341, 11.8698253632, 20.5223255157, 34.1374168396, 25.6256885529, 30.8894405365, 22.3175601959, 14.4587450027, 22.0921363831, 32.3745002747, 18.4580841064, 10.3033218384, 6.55922889709, 5.2210392952, 12.450797081, 6.59863233566, 5.17608594894, 3.24283623695, 2.11658644676, 2.23024225235, 2.52410435677, 2.48302698135, 1.59295463562, 1.32112312317, 0.387386769056, 0.0415522865951, 0.00654073106125, 0.000202377559617, 1.51247822942e-05, 5.26662279299e-06, 7.79007223173e-06],
        "dvar": [0.0769909545779, 2.11538696289, 9.10850143433, 8.22147846222, 63.4081192017, 328.05355835, 91.1838150024, 206.723419189, 522.427001953, 883.256591797, 1207.86914062, 2174.32861328, 4463.08203125, 2934.85839844, 5774.05273438, 2184.18652344, 1275.42370605, 2683.46459961, 7282.22314453, 1801.5871582, 1356.27404785, 485.720184326, 129.667434692, 1024.69970703, 331.846405029, 190.878494263, 170.789718628, 60.031703949, 114.175140381, 52.0043792725, 91.2105178833, 20.7226047516, 23.9635601044, 3.56836104393, 0.361527442932, 0.00651022233069, 3.55684460374e-06, 1.02800594703e-08, 2.94752222629e-10, 1.46839873594e-10],
        "dvar2": [0.242652803659, 6.41079759598, 25.5482654572, 24.0164890289, 191.454147339, 842.235046387, 207.634674072, 484.138153076, 1197.7220459, 1484.06762695, 2041.83374023, 4367.21777344, 9271.41699219, 5646.14648438, 12879.046875, 4214.30175781, 2572.68481445, 5524.78076172, 14317.1591797, 3374.21606445, 2504.02832031, 935.002990723, 282.778625488, 2019.18530273, 658.018005371, 455.407287598, 361.399017334, 117.853500366, 264.212799072, 111.406913757, 190.367599487, 45.6331672668, 58.1185531616, 9.05835151672, 0.84311747551, 0.0163020305336, 8.97201243788e-06, 2.63758508368e-08, 7.93731691484e-10, 3.9393716067e-10],
        "max": [10.1966180801, 70.1380996704, 104.453727722, 128.389938354, 482.199951172, 1461.56848145, 371.007202148, 465.590911865, 757.219726562, 1331.41882324, 1528.65283203, 1705.07128906, 1559.9342041, 1869.98486328, 2186.15649414, 1782.74707031, 1248.01525879, 2329.92944336, 2763.78637695, 1157.59265137, 1760.5715332, 1145.10864258, 549.666320801, 951.217834473, 647.325073242, 532.265380859, 735.388977051, 349.848693848, 740.423217773, 300.654663086, 689.77331543, 178.841430664, 258.364593506, 123.219406128, 58.0748062134, 8.88051795959, 0.198107406497, 0.0098722409457, 0.00123808532953, 0.000681271019857],
        "mean": [0.0432870388031, 0.364414125681, 1.24132728577, 1.3773355484, 1.76830971241, 4.98464870453, 6.69643163681, 9.88672447205, 12.2783784866, 15.5818061829, 16.4680900574, 28.5754909515, 50.612361908, 40.5110359192, 45.8071403503, 32.9985580444, 21.2495346069, 33.8540306091, 53.4404373169, 30.2129459381, 16.4624137878, 11.1768188477, 9.48287677765, 18.4613571167, 11.8357429504, 7.35345125198, 4.02232551575, 3.13212704659, 2.66661858559, 3.29945540428, 3.24372911453, 2.03900718689, 1.51749098301, 0.373979002237, 0.0659998953342, 0.00851281732321, 0.000267762457952, 2.20103374886e-05, 1.23815161714e-05, 2.00190552277e-05],
        "median": [0.00264215050265, 0.0540908537805, 0.296825528145, 0.438628733158, 0.526152312756, 0.885952353477, 1.47366917133, 2.58404660225, 3.34995222092, 2.44077253342, 3.08023333549, 6.15110683441, 8.490899086, 6.81076478958, 6.10993099213, 5.34752988815, 3.98182678223, 4.86135292053, 4.82921409607, 4.08699369431, 2.65003490448, 2.18802905083, 2.1120762825, 2.09571743011, 1.23745453358, 0.873841881752, 0.546744763851, 0.31276267767, 0.415740847588, 0.601715862751, 0.616161346436, 0.388621896505, 0.24104090035, 0.033672850579, 0.00093205855228, 7.54497086746e-05, 1.57053782459e-05, 3.74176897822e-06, 6.02007912676e-06, 1.09672409963e-05],
        "min": [1.7801604319e-22, 9.04482922813e-22, 6.78547807925e-21, 1.32557203736e-20, 5.72195274021e-20, 8.50884636228e-20, 3.9708905472e-20, 8.94478928591e-20, 2.49367967917e-19, 8.31790128215e-19, 6.7245839183e-19, 1.19734393667e-18, 1.63230724581e-18, 1.64499381826e-18, 3.64466613957e-18, 3.28190380719e-18, 3.631924663e-18, 3.90647790243e-18, 5.53274145649e-18, 3.02849992166e-18, 9.03228123913e-18, 1.40506156163e-17, 8.97817452808e-18, 1.27619972621e-17, 8.09846960099e-18, 1.16779233026e-17, 1.53176197411e-17, 1.22554426083e-17, 1.92579872332e-17, 1.67284209435e-17, 1.44994008033e-17, 1.66107313403e-17, 1.21888769029e-17, 9.22726425312e-18, 7.44526988667e-18, 6.15143078206e-18, 3.01894805354e-18, 1.14781174121e-18, 2.63007788477e-19, 3.17148704736e-20],
        "var": [0.092634819448, 2.26576447487, 12.0278425217, 12.356423378, 80.6854476929, 460.291992188, 257.401489258, 649.612121582, 1064.25195312, 3971.01855469, 4029.82617188, 8563.8046875, 18178.0585938, 12110.4931641, 21065.0332031, 7497.17236328, 3603.08764648, 8458.27539062, 36977.1210938, 7695.22021484, 5587.80810547, 2669.19042969, 702.247619629, 3372.23364258, 1546.18322754, 521.611877441, 369.697570801, 243.248382568, 181.390365601, 135.823196411, 187.169998169, 51.5884246826, 46.9090576172, 8.53895378113, 1.56499361992, 0.022618252784, 1.35179316203e-05, 3.85642557887e-08, 9.80001857442e-10, 7.03750724362e-10]
    },
    "gfcc": {
        "mean": [-86.616355896, 124.768615723, -166.361114502, 37.5573425293, -79.4154129028, 22.4378547668, -33.4818077087, -6.17654275894, -1.43992209435, -27.0418224335, 9.06748962402, -21.6927547455, 2.69676136971],
        "cov": [[6921.36914062, -177.21661377, 385.643341064, 662.391784668, 265.475311279, 598.684509277, 75.1948165894, 212.226852417, -102.948326111, 128.123764038, 359.047973633, 33.5452079773, -5.62378644943], [-177.21661377, 1005.27838135, 241.537124634, -9.26521873474, 199.964385986, -144.754806519, 101.39012146, -79.7645874023, 60.3828353882, -90.6966400146, 99.4199829102, -57.7060394287, 9.05461215973], [385.643341064, 241.537124634, 1234.54577637, 409.643280029, -54.1408691406, 135.782989502, -212.764312744, 91.3409042358, -26.8873519897, 44.9459724426, -22.9528236389, 13.3858537674, -34.9981842041], [662.391784668, -9.26521873474, 409.643280029, 560.594604492, 187.742492676, 182.101806641, 33.6850776672, 63.3876800537, 8.97771167755, 81.2564544678, -14.2490110397, 11.4592409134, -13.0308818817], [265.475311279, 199.964385986, -54.1408691406, 187.742492676, 386.211120605, 125.913108826, 161.715927124, 53.8590354919, 12.3438682556, 40.2398223877, 49.0268363953, -17.4822044373, 4.37726259232], [598.684509277, -144.754806519, 135.782989502, 182.101806641, 125.913108826, 326.95602417, 81.7060852051, 63.4846191406, -19.1191577911, 66.8677444458, 7.41389465332, -0.809177041054, -2.71648311615], [75.1948165894, 101.39012146, -212.764312744, 33.6850776672, 161.715927124, 81.7060852051, 293.275177002, 32.6195831299, 11.3225708008, 33.7005691528, 40.9074935913, -16.3134002686, 5.42851877213], [212.226852417, -79.7645874023, 91.3409042358, 63.3876800537, 53.8590354919, 63.4846191406, 32.6195831299, 197.734558105, 5.03864097595, 43.3898200989, 11.2226381302, -8.27792072296, -0.342615097761], [-102.948326111, 60.3828353882, -26.8873519897, 8.97771167755, 12.3438682556, -19.1191577911, 11.3225708008, 5.03864097595, 134.152877808, 17.3199729919, -15.21393013, 14.0595293045, -8.43284511566], [128.123764038, -90.6966400146, 44.9459724426, 81.2564544678, 40.2398223877, 66.8677444458, 33.7005691528, 43.3898200989, 17.3199729919, 127.643356323, 26.6756725311, 4.12275600433, -0.00481622153893], [359.047973633, 99.4199829102, -22.9528236389, -14.2490110397, 49.0268363953, 7.41389465332, 40.9074935913, 11.2226381302, -15.21393013, 26.6756725311, 147.802459717, 10.7468299866, -7.30919122696], [33.5452079773, -57.7060394287, 13.3858537674, 11.4592409134, -17.4822044373, -0.809177041054, -16.3134002686, -8.27792072296, 14.0595293045, 4.12275600433, 10.7468299866, 82.4860839844, 18.9297943115], [-5.62378644943, 9.05461215973, -34.9981842041, -13.0308818817, 4.37726259232, -2.71648311615, 5.42851877213, -0.342615097761, -8.43284511566, -0.00481622153893, -7.30919122696, 18.9297943115, 76.6688461304]],
        "icov": [[0.000232153761317, -2.21558839257e-05, 0.00011197670392, -0.000329775561113, 0.000176367495442, -0.000408076419262, 0.000175552995643, -0.000158632858074, 2.93527482427e-05, 0.00022459065076, -0.000685377919581, 6.62461316097e-05, -0.000101409459603], [-2.21558839257e-05, 0.00393546372652, -0.00254142936319, 0.0013669988839, -0.00293411430903, 0.00258388207294, -0.00234918249771, 0.00239733071066, -0.00285835401155, 0.00307427346706, -0.00275837164372, 0.00340221053921, -0.00237525906414], [0.00011197670392, -0.00254142936319, 0.00318177137524, -0.00221872120164, 0.00250260066241, -0.00218580034561, 0.00269086821936, -0.00215400080197, 0.00200470210984, -0.00169823516626, 0.00116504065227, -0.00202720239758, 0.00179519155063], [-0.000329775561113, 0.0013669988839, -0.00221872120164, 0.00460005737841, -0.0029813691508, 0.00081586727174, -0.00130633637309, 0.00130539445672, -0.000989870866761, -0.000545803399291, 0.0011700586183, 0.000138356088428, -0.000150678213686], [0.000176367495442, -0.00293411430903, 0.00250260066241, -0.0029813691508, 0.00692361034453, -0.00292646652088, 0.000383448583307, -0.002377189463, 0.00154452060815, -0.00138129782863, 0.000118637690321, -0.00126868626103, 0.000952730129939], [-0.000408076419262, 0.00258388207294, -0.00218580034561, 0.00081586727174, -0.00292646652088, 0.00689120404422, -0.00280171306804, 0.00132741872221, -0.000783515104558, 0.00014797555923, 1.53683158715e-05, 0.00160900119226, -0.00106062821578], [0.000175552995643, -0.00234918249771, 0.00269086821936, -0.00130633637309, 0.000383448583307, -0.00280171306804, 0.00712881516665, -0.00199242006056, 0.00133772741538, -0.00202235835604, 0.000276752893114, -0.00112471915781, 0.00111290102359], [-0.000158632858074, 0.00239733071066, -0.00215400080197, 0.00130539445672, -0.002377189463, 0.00132741872221, -0.00199242006056, 0.00749218184501, -0.00198796018958, 0.000270967808319, -0.00126170204021, 0.00265517504886, -0.00169334979728], [2.93527482427e-05, -0.00285835401155, 0.00200470210984, -0.000989870866761, 0.00154452060815, -0.000783515104558, 0.00133772741538, -0.00198796018958, 0.0105852382258, -0.00394615530968, 0.00369520415552, -0.00471736583859, 0.00354809872806], [0.00022459065076, 0.00307427346706, -0.00169823516626, -0.000545803399291, -0.00138129782863, 0.00014797555923, -0.00202235835604, 0.000270967808319, -0.00394615530968, 0.0130311902612, -0.00504967104644, 0.00303402985446, -0.00264981621876], [-0.000685377919581, -0.00275837164372, 0.00116504065227, 0.0011700586183, 0.000118637690321, 1.53683158715e-05, 0.000276752893114, -0.00126170204021, 0.00369520415552, -0.00504967104644, 0.0123941814527, -0.00490756053478, 0.00377412606031], [6.62461316097e-05, 0.00340221053921, -0.00202720239758, 0.000138356088428, -0.00126868626103, 0.00160900119226, -0.00112471915781, 0.00265517504886, -0.00471736583859, 0.00303402985446, -0.00490756053478, 0.0173243284225, -0.00634184107184], [-0.000101409459603, -0.00237525906414, 0.00179519155063, -0.000150678213686, 0.000952730129939, -0.00106062821578, 0.00111290102359, -0.00169334979728, 0.00354809872806, -0.00264981621876, 0.00377412606031, -0.00634184107184, 0.0162474326789]]
    },
    "melbands": {
        "dmean": [0.000280971988104, 0.000338813028065, 0.000133748384542, 0.000135325157316, 0.00011520258704, 0.00011534566147, 0.000100798242784, 7.92837236077e-05, 7.2731229011e-05, 9.4364011602e-05, 0.000119254276797, 7.41811454645e-05, 7.5957927038e-05, 5.10141981067e-05, 2.87709972326e-05, 2.33821374422e-05, 3.20358449244e-05, 3.94073867938e-05, 2.98157556244e-05, 1.34522106237e-05, 8.87911846803e-06, 6.0363099692e-06, 3.36112475452e-06, 4.96816664963e-06, 8.13784026832e-06, 4.54281916973e-06, 2.66130859927e-06, 2.56915063801e-06, 1.59566241109e-06, 1.15781881505e-06, 8.57453528624e-07, 9.13786323054e-07, 8.51483889619e-07, 1.03146442143e-06, 1.06279537704e-06, 7.35388653084e-07, 6.95023288699e-07, 6.70843519401e-07, 5.70699626223e-07, 9.29738348532e-08],
        "dmean2": [0.000496535794809, 0.000581628410146, 0.00022911655833, 0.000218848566874, 0.000179993789061, 0.000184795775567, 0.000154533743626, 0.000115238450235, 0.000103042460978, 0.00014006208221, 0.000173152599018, 0.000107639993075, 0.000112119378173, 7.53327549319e-05, 4.26792430517e-05, 3.51107519236e-05, 4.81219285575e-05, 5.55748265469e-05, 4.36173977505e-05, 1.96900691662e-05, 1.3105740436e-05, 8.83513712324e-06, 5.06448714077e-06, 7.41596295484e-06, 1.2174146832e-05, 6.6150546445e-06, 3.9521501094e-06, 4.01136503569e-06, 2.44621378442e-06, 1.71230556134e-06, 1.26221971186e-06, 1.40023314543e-06, 1.32791956275e-06, 1.58299508257e-06, 1.68799920175e-06, 1.14056058464e-06, 1.07488176582e-06, 1.04187029137e-06, 9.06445677629e-07, 1.59129598387e-07],
        "dvar": [4.13409406974e-06, 2.62891944658e-06, 2.70730225793e-07, 9.50108244524e-07, 1.48028433955e-07, 9.23520744323e-08, 1.17472694683e-07, 8.60060680452e-08, 8.895825232e-08, 9.46203542185e-08, 1.14124425465e-07, 5.42376561441e-08, 7.7347372951e-08, 2.47451250601e-08, 8.54392556704e-09, 1.13644036404e-08, 1.38328744015e-08, 2.22489671131e-08, 1.2912807712e-08, 3.206652055e-09, 2.57619126032e-09, 1.18004261918e-09, 2.04148448146e-10, 2.98453900482e-10, 1.07739306365e-09, 3.87182591544e-10, 1.24017268677e-10, 1.27036228759e-10, 6.30357432918e-11, 9.89129333995e-11, 1.97185132805e-11, 5.84753009902e-11, 1.96862005863e-11, 1.84668946801e-11, 5.82492318268e-11, 8.93608884805e-12, 1.02014880918e-11, 1.34343161595e-11, 1.44433137325e-11, 1.91115981547e-12],
        "dvar2": [1.27643334054e-05, 7.72770818003e-06, 7.81365940838e-07, 2.62616504187e-06, 3.63889711252e-07, 2.15913559032e-07, 2.67319023806e-07, 1.45265914853e-07, 1.60604429311e-07, 1.87330499557e-07, 2.35076441868e-07, 1.03410997099e-07, 1.72487389705e-07, 4.8088505622e-08, 1.76183458933e-08, 2.17016342674e-08, 2.84267134276e-08, 4.11327185645e-08, 2.57412668958e-08, 5.99526783773e-09, 4.77623185446e-09, 2.07568384702e-09, 4.2144221446e-10, 5.68138591728e-10, 2.14807283072e-09, 7.20471182714e-10, 2.71947853125e-10, 3.19110238234e-10, 1.38556513485e-10, 1.93411092697e-10, 4.08651862349e-11, 1.44577766426e-10, 4.35610644778e-11, 4.04231127737e-11, 1.19044732405e-10, 2.15499649375e-11, 2.20876962553e-11, 3.22177041989e-11, 3.72893556311e-11, 5.06674173104e-12],
        "max": [0.0740363374352, 0.0614935271442, 0.023099116981, 0.0652923956513, 0.0248027313501, 0.0095847574994, 0.0104070259258, 0.0133792599663, 0.012615849264, 0.00934748351574, 0.00770343234763, 0.00820351950824, 0.00819349102676, 0.00489241164178, 0.00243739457801, 0.00436512101442, 0.00521017052233, 0.00474093761295, 0.00405781809241, 0.00221512815915, 0.00241401675157, 0.00181067269295, 0.000667748856358, 0.000616100674961, 0.000968141655903, 0.000889216898941, 0.000361512356903, 0.000409398053307, 0.00026127602905, 0.000705328129698, 0.000204753741855, 0.000550328346435, 0.000180801231181, 0.000182396179298, 0.000598800950684, 0.000130341388285, 0.000151680083945, 0.000213330742554, 0.000177124224138, 0.000116003684525],
        "mean": [0.000412719353335, 0.000605614390224, 0.000245717936195, 0.000231601705309, 0.000243713351665, 0.000222881018999, 0.000191086423001, 0.000169627470314, 0.000135600901558, 0.000195647211513, 0.000252929254202, 0.000159712435561, 0.00016025583318, 0.000103831211163, 5.70586271351e-05, 4.56061279692e-05, 6.51868685964e-05, 8.43308807816e-05, 6.50438814773e-05, 2.66069673671e-05, 1.76409685082e-05, 1.25664791994e-05, 7.40765699447e-06, 1.05140334199e-05, 1.58942548296e-05, 1.03835473055e-05, 6.03533953836e-06, 4.59699549538e-06, 2.56293560597e-06, 2.19278831537e-06, 1.61094897067e-06, 1.49342258737e-06, 1.49648872139e-06, 1.97721669792e-06, 2.04605566978e-06, 1.36193943945e-06, 1.20865729514e-06, 1.13516193778e-06, 8.07265166713e-07, 1.51326460696e-07],
        "median": [4.29980391345e-05, 0.000144667705172, 8.46038528834e-05, 5.26286457898e-05, 5.4977790569e-05, 5.86754867982e-05, 5.07075346832e-05, 2.17829401663e-05, 2.09232439374e-05, 3.84341146855e-05, 3.6819736124e-05, 2.02655555768e-05, 1.52243810589e-05, 1.40973916132e-05, 8.59437841427e-06, 6.95948392604e-06, 7.42296560929e-06, 6.44643932901e-06, 6.22790821581e-06, 3.7358759073e-06, 2.55943132288e-06, 2.12144641409e-06, 1.67924417838e-06, 1.83288420885e-06, 1.59701778557e-06, 9.77575155048e-07, 6.2866143935e-07, 5.24017934822e-07, 3.4572315144e-07, 1.69643328718e-07, 1.49485344991e-07, 1.97744455477e-07, 2.60198618207e-07, 3.29865741833e-07, 3.35786126016e-07, 2.66719155206e-07, 1.9226875736e-07, 1.6479926046e-07, 9.3010925184e-08, 2.33622077239e-09],
        "min": [1.83329124727e-24, 3.61717771378e-24, 3.68612100145e-24, 5.11786134037e-24, 1.80523166209e-24, 2.26353854878e-24, 4.440186041e-24, 8.7874939656e-24, 5.22869393097e-24, 8.21861639013e-24, 7.56376165347e-24, 5.29195899784e-24, 1.39849434827e-23, 6.38330427844e-24, 1.04923336112e-23, 6.38275128694e-24, 7.61604183224e-24, 1.00157890492e-23, 5.85234685225e-24, 3.3945051572e-24, 1.2172903951e-23, 1.39543135915e-23, 9.69193640408e-24, 8.79701788331e-24, 1.04789119317e-23, 7.08395515167e-24, 3.31529050611e-24, 9.52383724492e-24, 8.99592363854e-24, 7.94219164034e-24, 6.74296450336e-24, 1.18831671734e-23, 9.26597518108e-24, 8.4312041489e-24, 8.10902467774e-24, 8.12407456609e-24, 8.79721509854e-24, 8.92895881402e-24, 8.55360538468e-24, 8.18050809753e-24],
        "var": [5.51197626919e-06, 3.26865165334e-06, 4.91996786423e-07, 1.24277801206e-06, 3.42449283153e-07, 2.99093045442e-07, 2.54814239042e-07, 4.34399254345e-07, 2.76969018387e-07, 3.68166666931e-07, 4.65963665874e-07, 2.11877178913e-07, 3.03142428493e-07, 7.66736576452e-08, 2.62586858923e-08, 2.77712040031e-08, 4.00435489212e-08, 9.99101814614e-08, 6.68139890081e-08, 1.18819754036e-08, 9.92608217842e-09, 5.23809484676e-09, 7.43102468448e-10, 1.05460773447e-09, 2.9560207615e-09, 1.7510948247e-09, 4.66295224655e-10, 2.42987852062e-10, 1.24728546935e-10, 2.55604593047e-10, 6.55432375041e-11, 7.36681757263e-11, 4.22480626872e-11, 4.59109347761e-11, 1.0610811535e-10, 1.92826830892e-11, 2.30754235164e-11, 3.0014438851e-11, 1.77260029571e-11, 5.52779046495e-12]
    },
    "mfcc": {
        "mean": [-700.962646484, 124.195251465, -14.8353691101, 2.95235514641, -5.03133010864, 4.67784738541, -8.49125766754, 12.4453725815, -12.8172035217, 11.1552801132, -8.58966159821, -2.18965101242, -6.42628192902],
        "cov": [[5926.60595703, -386.527008057, 128.892929077, 311.770935059, 261.807495117, 384.810150146, 355.8125, 310.468536377, -284.275268555, 370.827545166, -42.2072525024, 116.977005005, 127.263023376], [-386.527008057, 983.439025879, 28.6401100159, 67.2428359985, 69.4062042236, -75.8111801147, 44.8321990967, 0.382501751184, -73.4499740601, 19.4354152679, 3.948772192, -49.2333946228, 25.1718673706], [128.892929077, 28.6401100159, 1147.95593262, 226.785842896, 255.008102417, 48.4210510254, -68.4108352661, -25.6315860748, 4.68311309814, -71.5868682861, 18.4957828522, 72.4265213013, -17.6502914429], [311.770935059, 67.2428359985, 226.785842896, 402.670562744, 160.673858643, 105.329849243, 69.7467498779, 40.9537277222, 40.7701950073, 33.6512870789, 32.8349876404, 44.6530952454, 36.6504173279], [261.807495117, 69.4062042236, 255.008102417, 160.673858643, 299.829162598, 59.4820480347, 66.4849090576, 39.2014122009, 28.0550327301, 20.7378253937, 20.8796825409, 43.9471282959, 27.3015899658], [384.810150146, -75.8111801147, 48.4210510254, 105.329849243, 59.4820480347, 304.825439453, 92.0367507935, 56.9747657776, 48.6296806335, 50.1101913452, 11.766040802, 43.2731819153, -7.73258113861], [355.8125, 44.8321990967, -68.4108352661, 69.7467498779, 66.4849090576, 92.0367507935, 314.451263428, 58.9302787781, 21.4092540741, 98.967880249, 28.1109580994, 25.5150413513, 40.7164840698], [310.468536377, 0.382501751184, -25.6315860748, 40.9537277222, 39.2014122009, 56.9747657776, 58.9302787781, 143.08265686, 11.7521953583, 51.5705680847, 10.9108381271, 8.99304389954, 9.18526268005], [-284.275268555, -73.4499740601, 4.68311309814, 40.7701950073, 28.0550327301, 48.6296806335, 21.4092540741, 11.7521953583, 220.517837524, -18.189994812, 44.4590377808, 37.4061393738, -23.1091194153], [370.827545166, 19.4354152679, -71.5868682861, 33.6512870789, 20.7378253937, 50.1101913452, 98.967880249, 51.5705680847, -18.189994812, 170.217056274, 19.2511329651, 8.38244056702, 25.4929676056], [-42.2072525024, 3.948772192, 18.4957828522, 32.8349876404, 20.8796825409, 11.766040802, 28.1109580994, 10.9108381271, 44.4590377808, 19.2511329651, 112.450935364, 24.8365936279, 20.231092453], [116.977005005, -49.2333946228, 72.4265213013, 44.6530952454, 43.9471282959, 43.2731819153, 25.5150413513, 8.99304389954, 37.4061393738, 8.38244056702, 24.8365936279, 140.347106934, 17.1435184479], [127.263023376, 25.1718673706, -17.6502914429, 36.6504173279, 27.3015899658, -7.73258113861, 40.7164840698, 9.18526268005, -23.1091194153, 25.4929676056, 20.231092453, 17.1435184479, 105.875198364]],
