{
"lowlevel": {
    "average_loudness": 0.0892291218042,
    "barkbands_crest": {
        "dmean": 2.91305756569,
        "dmean2": 4.82753515244,
        "dvar": 6.57647514343,
        "dvar2": 17.6392860413,
        "max": 25.2188148499,
        "mean": 9.81613063812,
        "median": 8.93760299683,
        "min": 2.04739665985,
        "var": 17.9876728058
    },
    "barkbands_flatness_db": {
        "dmean": 0.0223198086023,
        "dmean2": 0.0372980460525,
        "dvar": 0.000470722938189,
        "dvar2": 0.00131850026082,
        "max": 0.385878175497,
        "mean": 0.165417760611,
        "median": 0.159670934081,
        "min": 0.0318039245903,
        "var": 0.00177262595389
    },
    "barkbands_kurtosis": {
        "dmean": 2.01573109627,
        "dmean2": 3.43396711349,
        "dvar": 36.1062202454,
        "dvar2": 105.048995972,
        "max": 218.165023804,
        "mean": 1.83065021038,
        "median": 0.195917129517,
        "min": -1.95920312405,
        "var": 71.3497161865
    },
    "barkbands_skewness": {
        "dmean": 0.508676528931,
        "dmean2": 0.817154049873,
        "dvar": 0.329696565866,
        "dvar2": 0.832305073738,
        "max": 13.151216507,
        "mean": 0.857268989086,
        "median": 0.699527084827,
        "min": -3.327698946,
        "var": 1.2559235096
    },
    "barkbands_spread": {
        "dmean": 5.86369752884,
        "dmean2": 9.39875602722,
        "dvar": 49.4042816162,
        "dvar2": 112.945831299,
        "max": 113.7133255,
        "mean": 23.9269828796,
        "median": 22.0618019104,
        "min": 0.637055754662,
        "var": 192.363265991
    },
    "dissonance": {
        "dmean": 0.018313832581,
        "dmean2": 0.031417645514,
        "dvar": 0.000398383155698,
        "dvar2": 0.00110630562995,
        "max": 0.500000119209,
        "mean": 0.471259087324,
        "median": 0.479265242815,
        "min": 0.251311451197,
        "var": 0.000722133729141
    },
    "dynamic_complexity": 5.34537601471,
    "erbbands_crest": {
        "dmean": 2.89910364151,
        "dmean2": 4.69834756851,
        "dvar": 7.37258052826,
        "dvar2": 17.7861595154,
        "max": 32.7043876648,
        "mean": 10.1243629456,
        "median": 8.31050014496,
        "min": 2.37557983398,
        "var": 34.4836463928
    },
    "erbbands_flatness_db": {
        "dmean": 0.0167847685516,
        "dmean2": 0.0254276879132,
        "dvar": 0.000253318750765,
        "dvar2": 0.000534259947017,
        "max": 0.452104389668,
        "mean": 0.211658447981,
        "median": 0.203199520707,
        "min": 0.0815232023597,
        "var": 0.00295987958089
    },
    "erbbands_kurtosis": {
        "dmean": 1.04572868347,
        "dmean2": 1.69895040989,
        "dvar": 2.98083090782,
        "dvar2": 7.67016792297,
        "max": 45.7951698303,
        "mean": 0.990573346615,
        "median": 0.234461545944,
        "min": -1.81511271,
        "var": 7.98322820663
    },
    "erbbands_skewness": {
        "dmean": 0.364879757166,
        "dmean2": 0.57664680481,
        "dvar": 0.128444299102,
        "dvar2": 0.314640134573,
        "max": 5.16074800491,
        "mean": 0.222747921944,
        "median": 0.157376736403,
        "min": -4.68509054184,
        "var": 0.616050422192
    },
    "erbbands_spread": {
        "dmean": 6.34916543961,
        "dmean2": 9.67252922058,
        "dvar": 50.8815917969,
        "dvar2": 114.303634644,
        "max": 161.859298706,
        "mean": 29.0200195312,
        "median": 25.4498176575,
        "min": 1.09526312351,
        "var": 278.10144043
    },
    "hfc": {
        "dmean": 6.3551940918,
        "dmean2": 9.4329996109,
        "dvar": 100.705909729,
        "dvar2": 217.645385742,
        "max": 435.342651367,
        "mean": 19.9403057098,
        "median": 12.7671451569,
        "min": 1.21162292693e-16,
        "var": 523.795776367
    },
    "melbands_crest": {
        "dmean": 3.83403635025,
        "dmean2": 6.36535453796,
        "dvar": 12.171336174,
        "dvar2": 32.4300727844,
        "max": 36.344619751,
        "mean": 14.1036567688,
        "median": 13.2851457596,
        "min": 1.71576094627,
        "var": 32.326259613
    },
    "melbands_flatness_db": {
        "dmean": 0.0280216224492,
        "dmean2": 0.0454593710601,
        "dvar": 0.000805698044132,
        "dvar2": 0.0021425334271,
        "max": 0.474749475718,
        "mean": 0.180357068777,
        "median": 0.177001878619,
        "min": 0.00441667390987,
        "var": 0.00314814806916
    },
    "melbands_kurtosis": {
        "dmean": 5.23969650269,
        "dmean2": 8.795586586,
        "dvar": 288.890197754,
        "dvar2": 805.735961914,
        "max": 849.861206055,
        "mean": 7.68278884888,
        "median": 2.60717582703,
        "min": -1.89706301689,
        "var": 659.478820801
    },
    "melbands_skewness": {
        "dmean": 0.7025000453,
        "dmean2": 1.12417185307,
        "dvar": 0.669451892376,
        "dvar2": 1.66949880123,
        "max": 23.2622623444,
        "mean": 1.78789806366,
        "median": 1.47090649605,
        "min": -1.60701835155,
        "var": 2.7462849617
    },
    "melbands_spread": {
        "dmean": 8.68785858154,
        "dmean2": 13.9720468521,
        "dvar": 132.390914917,
        "dvar2": 285.929656982,
        "max": 275.04776001,
        "mean": 30.0143203735,
        "median": 26.1837387085,
        "min": 0.66208332777,
        "var": 398.909606934
    },
    "pitch_salience": {
        "dmean": 0.0792087316513,
        "dmean2": 0.13204061985,
        "dvar": 0.00550140207633,
        "dvar2": 0.0148818576708,
        "max": 0.916024923325,
        "mean": 0.539255738258,
        "median": 0.537888467312,
        "min": 0.132214650512,
        "var": 0.0160171091557
    },
    "silence_rate_20dB": {
        "dmean": 0.000197083165403,
        "dmean2": 0.000394205184421,
        "dvar": 0.000197005952941,
        "dvar2": 0.00059099891223,
        "max": 1,
        "mean": 0.999901473522,
        "median": 1,
        "min": 0,
        "var": 9.85125734587e-05
    },
    "silence_rate_30dB": {
        "dmean": 0.00197083177045,
        "dmean2": 0.00394205190241,
        "dvar": 0.00196687853895,
        "dvar2": 0.00510884961113,
        "max": 1,
        "mean": 0.994679272175,
        "median": 1,
        "min": 0,
        "var": 0.00529082911089
    },
    "silence_rate_60dB": {
        "dmean": 0.0256208125502,
        "dmean2": 0.0512466728687,
        "dvar": 0.0249641444534,
        "dvar2": 0.0531525574625,
        "max": 1,
        "mean": 0.256379932165,
        "median": 0,
        "min": 0,
        "var": 0.190610140562
    },
    "spectral_centroid": {
        "dmean": 244.851593018,
        "dmean2": 384.31451416,
        "dvar": 78732.21875,
        "dvar2": 178357.40625,
        "max": 10726.2871094,
        "mean": 1593.23779297,
        "median": 1530.00146484,
        "min": 189.486831665,
        "var": 342629.8125
    },
    "spectral_complexity": {
        "dmean": 3.34036254883,
        "dmean2": 5.2399725914,
        "dvar": 15.4769077301,
        "dvar2": 33.5603981018,
        "max": 64,
        "mean": 17.0773468018,
        "median": 17,
        "min": 0,
        "var": 115.361709595
    },
    "spectral_decrease": {
        "dmean": 2.19628848441e-09,
        "dmean2": 3.44103789907e-09,
        "dvar": 1.50789384297e-17,
        "dvar2": 3.88157513378e-17,
        "max": 6.83366708255e-29,
        "mean": -5.44022871196e-09,
        "median": -3.67999963835e-09,
        "min": -1.17297439317e-07,
        "var": 3.97810280993e-17
    },
    "spectral_energy": {
        "dmean": 0.00870280433446,
        "dmean2": 0.0135482884943,
        "dvar": 0.000226004631259,
        "dvar2": 0.000576065678615,
        "max": 0.467491686344,
        "mean": 0.0223413165659,
        "median": 0.0154549563304,
        "min": 1.07616593512e-20,
        "var": 0.000638322730083
    },
    "spectral_energyband_high": {
        "dmean": 0.000302734784782,
        "dmean2": 0.000456617795862,
        "dvar": 7.46234945836e-07,
        "dvar2": 1.54267672769e-06,
        "max": 0.0384328700602,
        "mean": 0.000643719220534,
        "median": 0.000218184213736,
        "min": 7.47082306615e-21,
        "var": 2.72435090665e-06
    },
    "spectral_energyband_low": {
        "dmean": 0.00543067976832,
        "dmean2": 0.00920212455094,
        "dvar": 0.000169453734998,
        "dvar2": 0.000472684623674,
        "max": 0.354615211487,
        "mean": 0.00766199734062,
        "median": 0.00339783681557,
        "min": 7.33651433473e-23,
        "var": 0.000212714643567
    },
    "spectral_energyband_middle_high": {
        "dmean": 0.0028250508476,
        "dmean2": 0.00418902235106,
        "dvar": 2.50381472142e-05,
        "dvar2": 5.58801148145e-05,
        "max": 0.0962984636426,
        "mean": 0.00799964368343,
        "median": 0.00348320300691,
        "min": 1.45525687257e-21,
        "var": 0.000128712927108
    },
    "spectral_energyband_middle_low": {
        "dmean": 0.00346200796776,
        "dmean2": 0.00552694685757,
        "dvar": 5.97686812398e-05,
        "dvar2": 0.000158762428327,
        "max": 0.302745699883,
        "mean": 0.00704299472272,
        "median": 0.00344041991048,
        "min": 2.75826313605e-22,
        "var": 0.000136856702738
    },
    "spectral_entropy": {
        "dmean": 0.13016808033,
        "dmean2": 0.200651973486,
        "dvar": 0.0189297348261,
        "dvar2": 0.0435528978705,
        "max": 9.8121805191,
        "mean": 7.63555383682,
        "median": 7.66717100143,
        "min": 5.83152198792,
        "var": 0.119598992169
    },
    "spectral_flux": {
        "dmean": 0.0223636794835,
        "dmean2": 0.0336704775691,
        "dvar": 0.000766887096688,
        "dvar2": 0.00153752008919,
        "max": 0.49710893631,
        "mean": 0.077989667654,
        "median": 0.0689008757472,
        "min": 6.83725506767e-11,
        "var": 0.00305622396991
    },
    "spectral_kurtosis": {
        "dmean": 1.94993686676,
        "dmean2": 3.40185475349,
        "dvar": 4.57522583008,
        "dvar2": 14.0081348419,
        "max": 26.521276474,
        "mean": 3.61565494537,
        "median": 2.88651371002,
        "min": -1.40633666515,
        "var": 8.95689678192
    },
    "spectral_rms": {
        "dmean": 0.000769736303482,
        "dmean2": 0.00115386862308,
        "dvar": 9.45024453358e-07,
        "dvar2": 2.09906943383e-06,
        "max": 0.0213562510908,
        "mean": 0.00399371003732,
        "median": 0.00388304074295,
        "min": 3.24024379376e-12,
        "var": 5.84668214287e-06
    },
    "spectral_rolloff": {
        "dmean": 499.090179443,
        "dmean2": 836.498596191,
        "dvar": 778669.375,
        "dvar2": 1637441.875,
        "max": 19552.1484375,
        "mean": 1776.76379395,
        "median": 1507.32421875,
        "min": 64.599609375,
        "var": 2039704.25
    },
    "spectral_skewness": {
        "dmean": 0.233745932579,
        "dmean2": 0.391378313303,
        "dvar": 0.0474855303764,
        "dvar2": 0.134346172214,
        "max": 3.57786226273,
        "mean": 1.27940738201,
        "median": 1.24073696136,
        "min": -0.297216892242,
        "var": 0.169747427106
    },
    "spectral_spread": {
        "dmean": 348858.03125,
        "dmean2": 527222.3125,
        "dvar": 267274027008,
        "dvar2": 483447209984,
        "max": 39984736,
        "mean": 3510504.75,
        "median": 3284911.75,
        "min": 1525346.75,
        "var": 1.49419026022e+12
    },
    "spectral_strongpeak": {
        "dmean": 0.68524491787,
        "dmean2": 1.14381814003,
        "dvar": 1.4164198637,
        "dvar2": 3.52206134796,
        "max": 21.9176826477,
        "mean": 1.2590675354,
        "median": 0.340820759535,
        "min": 0,
        "var": 4.01962518692
    },
    "zerocrossingrate": {
        "dmean": 0.00927132926881,
        "dmean2": 0.0112604964525,
        "dvar": 0.000175855166162,
        "dvar2": 0.000205705800909,
        "max": 0.66650390625,
        "mean": 0.064039029181,
        "median": 0.05712890625,
        "min": 0.00439453125,
        "var": 0.00123923586216
    },
    "barkbands": {
        "dmean": [0.000172626401763, 0.00338401016779, 0.00274161109701, 0.000457190093584, 0.000596983823925, 0.000496697437484, 0.000633005634882, 0.000293909426546, 0.00119656207971, 0.00153364124708, 0.000941383710597, 0.000397242285544, 0.000622307241429, 0.000507105549332, 0.000447262777016, 0.000302873319015, 0.000211405946175, 0.000162984841154, 0.000129984357045, 0.000104632279545, 7.61056726333e-05, 5.28711279912e-05, 7.85307129263e-05, 9.95994923869e-05, 1.70065322891e-05, 3.24289942455e-07, 9.07768582525e-10],
        "dmean2": [0.000292488752166, 0.00588605785742, 0.00481328042224, 0.000783309340477, 0.00101854745299, 0.000803330738563, 0.00101837713737, 0.000465799559606, 0.00199489668012, 0.00236957217567, 0.00148579850793, 0.000642648315988, 0.000953901268076, 0.000800834910478, 0.000717178510968, 0.000479033798911, 0.00034335377859, 0.000265301408945, 0.000208419121918, 0.00016312902153, 0.000120701617561, 8.45169124659e-05, 0.000124345344375, 0.000153608067194, 2.86690901703e-05, 5.00014266436e-07, 1.68277991541e-09],
        "dvar": [1.16973058084e-06, 7.36074434826e-05, 5.3106170526e-05, 1.70728185367e-06, 1.35507907544e-05, 1.34452636757e-06, 3.38918084708e-06, 8.15039982172e-07, 1.6831281755e-05, 2.29037832469e-05, 8.80818515725e-06, 2.08351411857e-06, 5.5012719713e-06, 1.96267842512e-06, 1.02062847418e-06, 6.07722029144e-07, 2.38267318764e-07, 1.01018407861e-07, 6.66036257257e-08, 4.56457733833e-08, 6.64720758436e-08, 2.17192326346e-08, 1.10491768623e-07, 1.96913035211e-07, 2.13472883814e-08, 2.71232983989e-11, 2.53512721813e-18],
        "dvar2": [3.29801900989e-06, 0.000221338414121, 0.000145982790855, 4.86371800434e-06, 3.56777636625e-05, 3.28169812747e-06, 8.52277844388e-06, 1.91845833797e-06, 4.92234867124e-05, 5.22281006852e-05, 2.18474597204e-05, 4.53117672805e-06, 1.09688917291e-05, 4.47765160061e-06, 2.49856248047e-06, 1.44569582972e-06, 5.79692539304e-07, 2.49935737884e-07, 1.58088056423e-07, 1.04118733191e-07, 1.44632693377e-07, 5.00711472284e-08, 2.36386114238e-07, 4.49575338735e-07, 5.60908333114e-08, 6.33779487225e-11, 8.09490362537e-18],
        "max": [0.0362414233387, 0.308564186096, 0.0802163481712, 0.0540523827076, 0.263173103333, 0.0299840867519, 0.0441282950342, 0.0314689315856, 0.0822775959969, 0.102631576359, 0.0843551680446, 0.0372842550278, 0.0715897753835, 0.0527518093586, 0.0206536259502, 0.0227892864496, 0.0161797180772, 0.00768406037241, 0.0119729125872, 0.00733588449657, 0.0162554644048, 0.00755428802222, 0.0170737244189, 0.0118482364342, 0.00934891309589, 0.000287559581921, 2.2920348286e-08],
        "mean": [0.000197929053684, 0.00459299935028, 0.0025512794964, 0.000567658862565, 0.000814240076579, 0.000829764292575, 0.000941940408666, 0.000448560924269, 0.00184016034473, 0.00245010550134, 0.00168634066358, 0.000569875817746, 0.0011523521971, 0.000792199280113, 0.000705563812517, 0.00049710762687, 0.000388938584365, 0.000308074260829, 0.000251698365901, 0.000211304941331, 0.000145023033838, 8.86036650627e-05, 0.000129004285554, 0.0001567388681, 2.33380997088e-05, 4.77143316857e-07, 8.46969272494e-10],
        "median": [2.40348745137e-05, 0.00165726686828, 0.000515903404448, 0.000163062970387, 0.000294798868708, 0.000253572099609, 0.000255291757639, 0.000113741516543, 0.000279621366644, 0.000278004474239, 0.000198594731046, 0.000168857470271, 0.000199749774765, 0.000209041201742, 0.000226689764531, 0.000173813692527, 0.000156372727361, 0.000136686532642, 0.000103577884147, 8.18221160443e-05, 4.6598357585e-05, 2.82148539554e-05, 3.42860694218e-05, 3.02436637867e-05, 1.40502186241e-06, 2.73897043934e-10, 2.89073237569e-10],
        "min": [3.28557727125e-24, 3.84633936127e-23, 1.99384609572e-23, 1.11749475742e-23, 7.50006981284e-23, 1.53205780808e-23, 3.87559852779e-23, 3.53217834567e-23, 4.425016798e-23, 5.71470592819e-23, 4.97397942214e-23, 5.83612550546e-23, 5.62287747011e-23, 9.84355909882e-23, 1.03526798296e-22, 1.34477686493e-22, 1.5020697972e-22, 1.93817166935e-22, 1.93935849481e-22, 2.30489757941e-22, 3.76795889904e-22, 4.024533321e-22, 4.33525338844e-22, 7.32802606517e-22, 1.31118991913e-21, 1.50379476463e-21, 2.26509112802e-21],
        "var": [1.51864628606e-06, 8.79347935552e-05, 4.13091256632e-05, 2.4319649583e-06, 1.74773758772e-05, 3.00624969896e-06, 6.01619831286e-06, 1.25960366404e-06, 3.034162728e-05, 5.62191489735e-05, 2.87917882815e-05, 2.90202206088e-06, 2.31344911299e-05, 3.60795479537e-06, 1.88973933746e-06, 1.15974853543e-06, 5.81613903705e-07, 2.50332021778e-07, 1.65740132729e-07, 1.31602902798e-07, 1.92961792322e-07, 6.40825632559e-08, 2.33557841511e-07, 3.54656805257e-07, 5.15033171666e-08, 5.64415493509e-11, 2.03918260327e-18]
    },
    "erbbands": {
        "dmean": [0.0816743820906, 0.85446023941, 3.02046203613, 2.12715196609, 1.44779539108, 2.34135842323, 2.44845247269, 4.65365934372, 7.18853139877, 9.86643600464, 6.90860414505, 21.2524147034, 60.9849472046, 28.8762893677, 31.0055770874, 16.6953868866, 26.5924530029, 27.5880432129, 16.0309486389, 24.5394687653, 13.9313430786, 10.2712173462, 7.94686317444, 8.48167705536, 5.31631135941, 5.07635879517, 3.79382896423, 2.41060876846, 1.92305076122, 1.85880112648, 2.45912671089, 2.07042622566, 1.67607557774, 0.339388221502, 0.0299488622695, 0.00377639243379, 0.000137686452945, 1.2903688912e-05, 6.15501858192e-06, 1.03328784462e-05],
        "dmean2": [0.136598587036, 1.49648964405, 5.31227064133, 3.65983366966, 2.48694133759, 3.98161506653, 3.99703383446, 7.56600856781, 11.5819158554, 15.8272256851, 10.8177814484, 34.8628044128, 96.7099761963, 44.604850769, 47.6599769592, 26.2693214417, 39.2012710571, 42.903842926, 25.2147293091, 39.110370636, 21.915178299, 16.3191394806, 12.6907129288, 13.5122175217, 8.39751243591, 7.87890911102, 5.98400783539, 3.86329197884, 3.11350941658, 2.87721014023, 3.93185257912, 3.21365213394, 2.57865595818, 0.548084557056, 0.0432687811553, 0.00591858802363, 0.000211961989407, 1.93516789295e-05, 9.21539322007e-06, 1.59354076459e-05],
        "dvar": [0.0882194712758, 4.33352422714, 63.8200950623, 28.4321727753, 60.7332344055, 294.881011963, 54.9710540771, 138.974533081, 382.28604126, 1134.18505859, 472.875549316, 4796.89892578, 42115.9101562, 5437.12011719, 12689.5087891, 2668.1328125, 11703.1142578, 5792.01123047, 1498.56787109, 3634.38745117, 1242.78100586, 553.717529297, 236.052810669, 277.240386963, 104.571540833, 100.737068176, 156.753814697, 47.4266204834, 26.481464386, 39.412361145, 134.045776367, 78.3266372681, 61.8957366943, 4.79419183731, 0.318827331066, 0.00500131864101, 2.83611575469e-06, 8.04130806387e-09, 2.18597265289e-10, 2.904533003e-10],
        "dvar2": [0.273570924997, 12.8603639603, 177.244094849, 77.4216461182, 178.762176514, 718.617004395, 137.862579346, 342.394561768, 937.644836426, 2836.16943359, 1076.72961426, 13176.1894531, 103749.804688, 12030.3300781, 29300.0058594, 6067.11767578, 20393.984375, 13025.4121094, 3572.29492188, 8888.29589844, 2833.52929688, 1285.16943359, 575.391479492, 645.639282227, 243.412109375, 228.415115356, 350.414093018, 104.405906677, 62.6238746643, 86.6191482544, 278.389129639, 179.7134552, 141.895111084, 12.1816139221, 0.740988731384, 0.0116029297933, 6.53780125504e-06, 1.87944397823e-08, 5.00167074424e-10, 7.23080428866e-10],
        "max": [10.326631546, 74.0685882568, 118.389472961, 114.171463013, 471.449249268, 1438.48669434, 365.470397949, 322.553405762, 539.467712402, 1054.17651367, 848.797668457, 1870.64758301, 4013.53930664, 2192.69677734, 3494.85546875, 1400.19091797, 3791.86303711, 3155.30639648, 899.139892578, 1346.46691895, 880.698303223, 692.633544922, 461.408294678, 575.821228027, 342.895904541, 302.106445312, 716.958496094, 392.248352051, 242.08996582, 302.364868164, 689.052978516, 262.377075195, 249.443283081, 120.151000977, 56.7795143127, 8.21529197693, 0.184301823378, 0.00932107586414, 0.00111099111382, 0.000614015618339],
        "mean": [0.116852141917, 1.08342158794, 2.99350667, 2.41756892204, 2.0596113205, 2.91974329948, 4.00766658783, 7.49284029007, 11.0075559616, 14.548043251, 12.2875967026, 35.4935340881, 98.7894897461, 54.7051010132, 56.1436233521, 30.719537735, 53.8115653992, 46.4632148743, 28.7121181488, 40.4248275757, 26.4214611053, 20.9382724762, 16.187128067, 16.3620624542, 11.2588977814, 10.5088567734, 7.39443445206, 4.42918491364, 3.22644114494, 3.16146111488, 3.8968193531, 3.21603751183, 2.49155902863, 0.497929185629, 0.0682714208961, 0.00847130455077, 0.000287654547719, 2.68937819783e-05, 1.6896688976e-05, 2.81131633528e-05],
        "median": [0.0347716994584, 0.388336539268, 0.777606129646, 0.739708721638, 0.769989848137, 0.890158772469, 1.18942260742, 2.15101337433, 3.50535821915, 3.65162777901, 3.81775808334, 6.95312833786, 9.2044210434, 10.3979024887, 9.91101169586, 8.86696910858, 10.2693004608, 13.2013635635, 10.6891784668, 12.7920265198, 10.5233860016, 8.85317516327, 7.79426670074, 6.74063539505, 4.64082956314, 4.14169645309, 2.49096679688, 1.50013840199, 1.04813075066, 0.909367740154, 0.986945092678, 0.663428544998, 0.444954782724, 0.0601319633424, 0.00161847926211, 0.000121358578326, 2.62987759925e-05, 6.6818479354e-06, 1.10034925456e-05, 2.04834050237e-05],
        "min": [1.42622366106e-21, 8.07877012022e-21, 1.77884205221e-20, 4.63441638362e-20, 1.28001572751e-19, 2.27446854504e-19, 2.12072177705e-19, 1.10502295474e-19, 4.94912655344e-19, 5.02599179488e-19, 7.72147976207e-19, 7.31414500918e-19, 2.33342274127e-18, 8.97049870558e-19, 2.81992343508e-18, 2.42353786516e-18, 2.61682722684e-18, 3.64510040939e-18, 8.40611875031e-18, 7.01996504856e-18, 7.10799526371e-18, 7.83021492834e-18, 1.03748797457e-17, 1.2812773744e-17, 8.70508581193e-18, 1.22235043377e-17, 1.77509038618e-17, 1.35131533589e-17, 1.44874976742e-17, 1.42347030072e-17, 1.35806918287e-17, 1.80004146217e-17, 1.01206854891e-17, 9.62100718778e-18, 1.13620685216e-17, 5.81572697508e-18, 2.87880918211e-18, 1.27056224218e-18, 3.10511064996e-19, 3.66258062274e-20],
        "var": [0.107970893383, 4.31905174255, 50.8141670227, 27.8360023499, 79.9747848511, 378.484466553, 117.110481262, 289.358398438, 565.929748535, 1964.23474121, 938.320495605, 10134.6337891, 96373.8515625, 18312.5078125, 40298.6835938, 7118.82324219, 54102.7148438, 11269.1474609, 3251.17993164, 6556.84521484, 3113.98535156, 1646.78955078, 652.302490234, 676.957946777, 331.940216064, 308.04107666, 360.207519531, 171.267227173, 78.8173904419, 103.875076294, 260.836364746, 145.537139893, 102.956512451, 10.141620636, 1.50181663036, 0.0204008333385, 1.23336512843e-05, 3.5509877705e-08, 9.58052193134e-10, 9.75818426063e-10]
    },
    "gfcc": {
        "mean": [-58.7261810303, 122.752761841, -173.360061646, 50.0505218506, -67.142578125, 26.5602703094, -24.33893013, 0.073916003108, 1.89956581593, -21.5826625824, 9.31573963165, -21.46484375, 5.94776773453],
        "cov": [[7982.00537109, 0.595051825047, 790.968505859, 951.021850586, 88.4933319092, 526.065490723, 78.2133712769, 290.363800049, 55.0390281677, 155.69694519, 245.894287109, 44.3624992371, 185.625289917], [0.595051825047, 1095.69226074, 229.563049316, 72.9065551758, 332.319793701, -78.791053772, 188.441696167, -103.014045715, 88.2490615845, -67.7357940674, 69.0993118286, -73.5448760986, 9.04511928558], [790.968505859, 229.563049316, 1074.5892334, 569.146179199, 120.833786011, 258.666381836, -87.5932159424, 106.651634216, -17.4688282013, 98.1369476318, 16.3785896301, 22.7255516052, -9.88189315796], [951.021850586, 72.9065551758, 569.146179199, 610.064331055, 121.398590088, 170.676086426, -38.6134414673, 77.8006896973, 5.56888246536, 63.1314544678, 32.4691085815, 24.3364715576, 19.4121894836], [88.4933319092, 332.319793701, 120.833786011, 121.398590088, 272.070831299, 53.5898284912, 121.740516663, 7.99906015396, 28.453546524, -2.44735598564, 32.4593544006, -12.1983184814, 15.2751560211], [526.065490723, -78.791053772, 258.666381836, 170.676086426, 53.5898284912, 272.428771973, 54.7304954529, 64.1751174927, -4.76478910446, 36.2778396606, 17.1389102936, 3.81915044785, 9.37905025482], [78.2133712769, 188.441696167, -87.5932159424, -38.6134414673, 121.740516663, 54.7304954529, 229.197570801, 21.231300354, 47.1986999512, -17.886297226, 8.58273601532, -21.8473243713, 11.3817052841], [290.363800049, -103.014045715, 106.651634216, 77.8006896973, 7.99906015396, 64.1751174927, 21.231300354, 146.626113892, 34.1767425537, 31.3046188354, -2.37644004822, 5.13116407394, 23.9056892395], [55.0390281677, 88.2490615845, -17.4688282013, 5.56888246536, 28.453546524, -4.76478910446, 47.1986999512, 34.1767425537, 112.942214966, 11.0594339371, 0.437987089157, -2.86884975433, 9.4465675354], [155.69694519, -67.7357940674, 98.1369476318, 63.1314544678, -2.44735598564, 36.2778396606, -17.886297226, 31.3046188354, 11.0594339371, 93.7476577759, 37.5005989075, 18.5813102722, -3.7226023674], [245.894287109, 69.0993118286, 16.3785896301, 32.4691085815, 32.4593544006, 17.1389102936, 8.58273601532, -2.37644004822, 0.437987089157, 37.5005989075, 112.301811218, 29.2487220764, 7.27797365189], [44.3624992371, -73.5448760986, 22.7255516052, 24.3364715576, -12.1983184814, 3.81915044785, -21.8473243713, 5.13116407394, -2.86884975433, 18.5813102722, 29.2487220764, 79.4594345093, 22.2906417847], [185.625289917, 9.04511928558, -9.88189315796, 19.4121894836, 15.2751560211, 9.37905025482, 11.3817052841, 23.9056892395, 9.4465675354, -3.7226023674, 7.27797365189, 22.2906417847, 76.309928894]],
        "icov": [[0.000192522085854, -4.82057366753e-05, 5.83550536248e-05, -0.000301146501442, 0.000260917993728, -0.000218022891204, -7.36944784876e-05, -0.000166416110005, 9.21414084587e-06, 1.94681815628e-05, -0.000389922439354, 0.000205845295568, -0.00036387363798], [-4.82057366753e-05, 0.00469150487334, -0.0031787478365, 0.00115266290959, -0.00323010934517, 0.00366586446762, -0.0027343572583, 0.00418021110818, -0.00340518401936, 0.00373643054627, -0.00421752780676, 0.00438298052177, -0.00212362548336], [5.83550536248e-05, -0.0031787478365, 0.00450699403882, -0.00234573869966, 0.00138971023262, -0.0036987720523, 0.00304751330987, -0.00337173533626, 0.00254872953519, -0.00333422073163, 0.00348350359127, -0.003155606566, 0.00230472162366], [-0.000301146501442, 0.00115266290959, -0.00234573869966, 0.00434937421232, -0.00223196786828, 0.00053419492906, 0.000369583547581, 0.000837991945446, -0.00115147954784, 0.000685986713506, -0.000724890269339, 0.000500674068462, -0.000651895068586], [0.000260917993728, -0.00323010934517, 0.00138971023262, -0.00223196786828, 0.00892258994281, -0.0020041889511, -0.00206468557008, -0.00196036929265, 0.00196477561258, -0.00162852706853, 0.000658443022985, -0.00160397193395, -3.86602259823e-05], [-0.000218022891204, 0.00366586446762, -0.0036987720523, 0.00053419492906, -0.0020041889511, 0.00906881690025, -0.00463983602822, 0.00215180707164, -0.00114577182103, 0.00205773720518, -0.00325643853284, 0.0033903052099, -0.0016520813806], [-7.36944784876e-05, -0.0027343572583, 0.00304751330987, 0.000369583547581, -0.00206468557008, -0.00463983602822, 0.0100248204544, -0.00335878343321, -0.000305550027406, -0.00106124160811, 0.00245776935481, -0.0017104470171, 0.00159583764616], [-0.000166416110005, 0.00418021110818, -0.00337173533626, 0.000837991945446, -0.00196036929265, 0.00215180707164, -0.00335878343321, 0.0134113673121, -0.00538953021169, 0.000759371614549, -0.00221003149636, 0.00421573640779, -0.00462940568104], [9.21414084587e-06, -0.00340518401936, 0.00254872953519, -0.00115147954784, 0.00196477561258, -0.00114577182103, -0.000305550027406, -0.00538953021169, 0.0134363956749, -0.00456517608836, 0.00374731211923, -0.00305763608776, 0.0011354056187], [1.94681815628e-05, 0.00373643054627, -0.00333422073163, 0.000685986713506, -0.00162852706853, 0.00205773720518, -0.00106124160811, 0.000759371614549, -0.00456517608836, 0.0186706781387, -0.00856448058039, 0.00194879830815, 0.000620463339146], [-0.000389922439354, -0.00421752780676, 0.00348350359127, -0.000724890269339, 0.000658443022985, -0.00325643853284, 0.00245776935481, -0.00221003149636, 0.00374731211923, -0.00856448058039, 0.0169423427433, -0.00820548739284, 0.00257744034752], [0.000205845295568, 0.00438298052177, -0.003155606566, 0.000500674068462, -0.00160397193395, 0.0033903052099, -0.0017104470171, 0.00421573640779, -0.00305763608776, 0.00194879830815, -0.00820548739284, 0.0206834096462, -0.00750301824883], [-0.00036387363798, -0.00212362548336, 0.00230472162366, -0.000651895068586, -3.86602259823e-05, -0.0016520813806, 0.00159583764616, -0.00462940568104, 0.0011354056187, 0.000620463339146, 0.00257744034752, -0.00750301824883, 0.0179641917348]]
    },
    "melbands": {
        "dmean": [0.000819267297629, 0.00137464574073, 0.000350682297722, 0.000136458751513, 8.71473384905e-05, 0.00010374312842, 0.000117193318147, 9.65220024227e-05, 6.09197122685e-05, 0.000162081196322, 0.000302818836644, 0.000112002722744, 0.000127804611111, 4.59929651697e-05, 5.13641280122e-05, 5.87734502915e-05, 5.31274963578e-05, 2.62995563389e-05, 3.44702420989e-05, 2.56029034063e-05, 1.78020927706e-05, 1.18960679174e-05, 1.00414945337e-05, 8.01423993835e-06, 7.55592463975e-06, 4.6779200602e-06, 3.91749063056e-06, 3.48352091351e-06, 2.75408228845e-06, 1.84659484148e-06, 1.45871354107e-06, 1.17798208521e-06, 1.04062701212e-06, 1.13595763196e-06, 1.58308478149e-06, 1.31582237373e-06, 1.32810555442e-06, 1.32627837957e-06, 8.9310299245e-07, 1.07622589951e-07],
        "dmean2": [0.00140852469485, 0.00237498572096, 0.000598498736508, 0.000234438542975, 0.000142756282003, 0.000168214261066, 0.000188236575923, 0.000154852343258, 9.69586908468e-05, 0.000267770461505, 0.000480127171613, 0.000172433050466, 0.000199790418264, 7.24869969417e-05, 8.48085910548e-05, 8.65289912326e-05, 8.27387484605e-05, 4.17277296947e-05, 5.46173323528e-05, 4.07304105465e-05, 2.81693210127e-05, 1.92447623704e-05, 1.59686114785e-05, 1.31554752443e-05, 1.21310013128e-05, 7.54307575335e-06, 6.12276380707e-06, 5.48172147319e-06, 4.418190656e-06, 2.95257882499e-06, 2.40117651629e-06, 1.9378626348e-06, 1.65660355833e-06, 1.76141998054e-06, 2.57018587035e-06, 2.06446384254e-06, 2.08293795367e-06, 2.09561449083e-06, 1.4183131043e-06, 1.8125375334e-07],
        "dvar": [5.3983617363e-06, 1.20595959743e-05, 7.65873835462e-07, 8.79036008428e-07, 1.08634139906e-07, 6.45846824909e-08, 9.65415694054e-08, 1.00432167471e-07, 4.20164560921e-08, 2.77557916206e-07, 1.02752221665e-06, 9.05600217038e-08, 2.02272659067e-07, 1.91425861829e-08, 4.02524733545e-08, 3.62023158118e-08, 2.3961273854e-08, 4.82676565383e-09, 6.54738174788e-09, 4.39909841887e-09, 2.40407249663e-09, 8.00852051341e-10, 5.17541787204e-10, 2.61522331568e-10, 2.445790237e-10, 8.80618356014e-11, 7.41501027246e-11, 4.96182712972e-11, 5.0920601069e-11, 9.29009785766e-11, 1.63027560202e-11, 1.00802820951e-11, 1.20555510019e-11, 1.36663961398e-11, 7.32683635984e-11, 3.20570792134e-11, 3.39382723313e-11, 4.29820727621e-11, 2.2918843906e-11, 2.08216820521e-12],
        "dvar2": [1.64546054293e-05, 3.36092271027e-05, 2.07122388929e-06, 2.33764308177e-06, 2.72583292826e-07, 1.58749173806e-07, 2.3820257411e-07, 2.50267419233e-07, 9.91867352695e-08, 7.7597002246e-07, 2.53174221143e-06, 2.00418313057e-07, 5.01304612044e-07, 4.16406109593e-08, 1.05526524408e-07, 6.20526563466e-08, 5.36630473391e-08, 1.14574474352e-08, 1.57258615019e-08, 1.04978816751e-08, 5.54565815492e-09, 1.89716731214e-09, 1.26097232656e-09, 6.64724553179e-10, 5.72110137043e-10, 2.17654852475e-10, 1.71929123716e-10, 1.14551861052e-10, 1.18378265523e-10, 1.96675606357e-10, 3.98325018802e-11, 2.45612384597e-11, 2.83437041199e-11, 3.09053997671e-11, 1.5013545962e-10, 7.41953859462e-11, 8.06146954746e-11, 1.04571656889e-10, 5.44682077219e-11, 5.88518730277e-12],
        "max": [0.078002743423, 0.0670515522361, 0.0222469326109, 0.0638991072774, 0.0245992280543, 0.0064495652914, 0.00706044584513, 0.00978420767933, 0.00616957526654, 0.0111230062321, 0.0198740307242, 0.00939463544637, 0.0136677864939, 0.00329271424562, 0.00757319992408, 0.00618458585814, 0.00693398620933, 0.00154476147145, 0.00178705609869, 0.0021679145284, 0.00113685883116, 0.000788040924817, 0.00057354173623, 0.000347468041582, 0.000541961228009, 0.000363562634448, 0.000307668087771, 0.000163857490406, 0.000243686634349, 0.000710104999598, 0.000192325140233, 0.000149848288856, 0.000200160764507, 0.000159160728799, 0.000598175392952, 0.000233816666878, 0.000150532549014, 0.000227942247875, 0.000247776450124, 0.000113717651402],
        "mean": [0.00117116456386, 0.0015682191588, 0.000422139914008, 0.000177790338057, 0.000137933951919, 0.000167437407072, 0.000181722920388, 0.000142256758409, 0.00010560474766, 0.000262329936959, 0.000486496195663, 0.000201281596674, 0.000226561664022, 6.98227086104e-05, 0.000114957198093, 0.000101413555967, 8.44654787215e-05, 4.20747965109e-05, 5.38765270903e-05, 4.19338866777e-05, 3.00854862871e-05, 2.1809773898e-05, 1.74826218426e-05, 1.44846508192e-05, 1.31857204906e-05, 8.85453027877e-06, 7.31693353373e-06, 6.6605612119e-06, 4.97010933032e-06, 3.26997133016e-06, 2.3345523914e-06, 1.83581414603e-06, 1.60789898018e-06, 1.83664155884e-06, 2.35904690271e-06, 2.03802210308e-06, 1.9220883587e-06, 1.87711543731e-06, 1.22833671412e-06, 1.58592669663e-07],
        "median": [0.000418607261963, 0.000552825571503, 0.00014532073692, 6.3102110289e-05, 4.19025527663e-05, 4.7201920097e-05, 5.6340079027e-05, 3.68194378098e-05, 2.46856161539e-05, 4.24949175795e-05, 4.00942990382e-05, 3.69116532966e-05, 2.96712041745e-05, 2.12514605664e-05, 1.79735216079e-05, 2.35268144024e-05, 2.10346915992e-05, 1.3611974282e-05, 1.65524197655e-05, 1.43280985867e-05, 1.0674853911e-05, 8.48550553201e-06, 6.75229557601e-06, 6.20878472546e-06, 4.9241839406e-06, 3.41810073223e-06, 2.75280376627e-06, 2.51141750596e-06, 1.60238073477e-06, 1.00913177903e-06, 7.4396899663e-07, 5.81194683491e-07, 4.40377135646e-07, 4.97690109569e-07, 5.74655530272e-07, 4.58734888298e-07, 3.52223167965e-07, 3.14603596507e-07, 1.87783001593e-07, 4.31525348787e-09],
        "min": [1.26099179041e-23, 9.36691230049e-24, 1.12563816855e-23, 1.57706421599e-23, 8.14801333912e-24, 2.95592630124e-24, 7.74333716107e-24, 6.18787542765e-24, 5.95395963102e-24, 5.34888517292e-24, 1.17500042972e-23, 3.42001455229e-24, 7.84163790733e-24, 7.99900776931e-24, 7.1047802907e-24, 5.5995386258e-24, 5.26539252914e-24, 1.31575924762e-23, 7.79297544467e-24, 9.53450027778e-24, 9.06493871255e-24, 7.86413227604e-24, 7.42616459007e-24, 9.94665643493e-24, 1.06095196875e-23, 5.82091350619e-24, 6.5270623455e-24, 8.16904200427e-24, 9.96249439532e-24, 1.05717750598e-23, 7.03720646556e-24, 1.00263487413e-23, 4.95860412867e-24, 9.07617919159e-24, 7.19379772183e-24, 8.83209458346e-24, 9.42667009178e-24, 6.96218973778e-24, 6.87803326755e-24, 8.16442322367e-24],
        "var": [7.06926948624e-06, 1.06569050331e-05, 8.93893570719e-07, 1.11568283501e-06, 1.76054157919e-07, 1.32572608891e-07, 1.59113866971e-07, 1.7002045638e-07, 8.81944473008e-08, 5.51588868802e-07, 2.36319760916e-06, 3.00881509929e-07, 6.12311907844e-07, 3.49115225617e-08, 2.83764819642e-07, 1.0992076227e-07, 4.45816290551e-08, 8.98798457882e-09, 1.12133147212e-08, 8.10251243877e-09, 5.27731280897e-09, 2.07015626863e-09, 1.18275633731e-09, 5.68341040896e-10, 5.10496200867e-10, 2.30815894176e-10, 1.80004844363e-10, 1.33580840833e-10, 1.14366419113e-10, 2.19231660603e-10, 4.57712895363e-11, 2.55962143841e-11, 2.85377520226e-11, 3.40552135103e-11, 1.27145516338e-10, 6.00784560989e-11, 5.67895452885e-11, 6.18037079847e-11, 3.37770610093e-11, 5.39852450937e-12]
    },
    "mfcc": {
        "mean": [-668.139892578, 117.694000244, -25.8536491394, 13.8680257797, -1.15683305264, 10.5238962173, -1.01347839832, 14.3809289932, -2.663813591, 14.2055959702, -6.63350534439, 6.25491046906, -5.80887413025],
        "cov": [[7052.38330078, -346.602935791, 541.035522461, 576.809326172, 195.691009521, 338.868164062, 155.024581909, 247.696350098, -20.035200119, 253.576171875, -112.823600769, 222.33454895, 57.1605911255], [-346.602935791, 1038.58764648, -78.280708313, 128.606674194, 70.8418045044, 67.5703964233, 86.6995697021, 20.777299881, 10.2750930786, 32.712223053, 43.9725379944, -18.4372253418, -0.0295535624027], [541.035522461, -78.280708313, 927.060974121, 321.629608154, 302.808135986, 175.194671631, 62.3772621155, 31.7342395782, 20.8138465881, 24.0535163879, 44.7878036499, 78.1452636719, 21.3022518158], [576.809326172, 128.606674194, 321.629608154, 427.385681152, 204.739883423, 110.538406372, 59.3265686035, 42.2277374268, 25.7766361237, 32.6373405457, 6.55822134018, 52.062171936, 37.5803833008], [195.691009521, 70.8418045044, 302.808135986, 204.739883423, 251.789276123, 88.4774856567, 60.992893219, 22.2040157318, 17.1932563782, 15.2252979279, 8.86526012421, 41.9166679382, 31.0911426544], [338.868164062, 67.5703964233, 175.194671631, 110.538406372, 88.4774856567, 219.443145752, 93.179145813, 61.6320838928, 16.6204433441, 37.4602470398, 24.1159133911, 19.5254383087, 4.62056255341], [155.024581909, 86.6995697021, 62.3772621155, 59.3265686035, 60.992893219, 93.179145813, 178.361740112, 51.211391449, 14.6082706451, 38.008140564, 15.5285367966, 9.65641975403, 13.90046978], [247.696350098, 20.777299881, 31.7342395782, 42.2277374268, 22.2040157318, 61.6320838928, 51.211391449, 125.764976501, 50.433177948, 45.9157180786, -0.0679836273193, 9.50575065613, -2.92564415932], [-20.035200119, 10.2750930786, 20.8138465881, 25.7766361237, 17.1932563782, 16.6204433441, 14.6082706451, 50.433177948, 127.065582275, 43.9636306763, 12.082195282, -16.9498329163, -8.76200962067], [253.576171875, 32.712223053, 24.0535163879, 32.6373405457, 15.2252979279, 37.4602470398, 38.008140564, 45.9157180786, 43.9636306763, 118.220153809, 16.3972873688, 1.64057576656, -9.81814193726], [-112.823600769, 43.9725379944, 44.7878036499, 6.55822134018, 8.86526012421, 24.1159133911, 15.5285367966, -0.0679836273193, 12.082195282, 16.3972873688, 88.1441268921, 22.1304912567, 1.28882861137], [222.33454895, -18.4372253418, 78.1452636719, 52.062171936, 41.9166679382, 19.5254383087, 9.65641975403, 9.50575065613, -16.9498329163, 1.64057576656, 22.1304912567, 116.881973267, 38.0315284729], [57.1605911255, -0.0295535624027, 21.3022518158, 37.5803833008, 31.0911426544, 4.62056255341, 13.90046978, -2.92564415932, -8.76200962067, -9.81814193726, 1.28882861137, 38.0315284729, 90.8756103516]],
