{
"lowlevel": {
    "average_loudness": 0.0858161598444,
    "barkbands_crest": {
        "dmean": 1.86833333969,
        "dmean2": 3.0352370739,
        "dvar": 3.61256456375,
        "dvar2": 9.10749816895,
        "max": 25.6081504822,
        "mean": 9.43007469177,
        "median": 8.39440727234,
        "min": 2.17381644249,
        "var": 17.3513507843
    },
    "barkbands_flatness_db": {
        "dmean": 0.0170095600188,
        "dmean2": 0.0271040890366,
        "dvar": 0.000290817610221,
        "dvar2": 0.000695026537869,
        "max": 0.379205554724,
        "mean": 0.183520272374,
        "median": 0.174083888531,
        "min": 0.0286626629531,
        "var": 0.00215754029341
    },
    "barkbands_kurtosis": {
        "dmean": 2.28161931038,
        "dmean2": 3.61262202263,
        "dvar": 39.5576057434,
        "dvar2": 109.225227356,
        "max": 224.55418396,
        "mean": 4.1038851738,
        "median": 0.656799554825,
        "min": -1.92227983475,
        "var": 117.555023193
    },
    "barkbands_skewness": {
        "dmean": 0.411723077297,
        "dmean2": 0.636200129986,
        "dvar": 0.250274240971,
        "dvar2": 0.599442064762,
        "max": 13.3125448227,
        "mean": 1.41495192051,
        "median": 1.08527326584,
        "min": -2.52922010422,
        "var": 1.86351215839
    },
    "barkbands_spread": {
        "dmean": 4.13054418564,
        "dmean2": 6.48477554321,
        "dvar": 29.2990379333,
        "dvar2": 70.8592681885,
        "max": 95.2086486816,
        "mean": 22.9132213593,
        "median": 21.7778530121,
        "min": 0.947403788567,
        "var": 172.387664795
    },
    "dissonance": {
        "dmean": 0.0157152228057,
        "dmean2": 0.0266109891236,
        "dvar": 0.000263387279119,
        "dvar2": 0.000720627605915,
        "max": 0.500000059605,
        "mean": 0.465081065893,
        "median": 0.471864283085,
        "min": 0.260690063238,
        "var": 0.000798373366706
    },
    "dynamic_complexity": 5.01929140091,
    "erbbands_crest": {
        "dmean": 2.08575224876,
        "dmean2": 3.35091423988,
        "dvar": 4.00344181061,
        "dvar2": 10.0217924118,
        "max": 31.0984592438,
        "mean": 9.33777046204,
        "median": 8.24833297729,
        "min": 2.39384388924,
        "var": 19.5928516388
    },
    "erbbands_flatness_db": {
        "dmean": 0.0137520739809,
        "dmean2": 0.0206401646137,
        "dvar": 0.000184452641406,
        "dvar2": 0.000383892242098,
        "max": 0.436952054501,
        "mean": 0.20472407341,
        "median": 0.200362205505,
        "min": 0.0814584568143,
        "var": 0.00244442489929
    },
    "erbbands_kurtosis": {
        "dmean": 0.737423956394,
        "dmean2": 1.16458702087,
        "dvar": 1.23876857758,
        "dvar2": 2.91442131996,
        "max": 27.4131622314,
        "mean": 0.428815931082,
        "median": -0.185769796371,
        "min": -1.80366885662,
        "var": 5.36821460724
    },
    "erbbands_skewness": {
        "dmean": 0.290511548519,
        "dmean2": 0.449531167746,
        "dvar": 0.0773456990719,
        "dvar2": 0.178822293878,
        "max": 4.70873451233,
        "mean": 0.034516081214,
        "median": 0.0173535086215,
        "min": -4.21972560883,
        "var": 0.769509792328
    },
    "erbbands_spread": {
        "dmean": 6.23640632629,
        "dmean2": 9.52238082886,
        "dvar": 62.3506355286,
        "dvar2": 137.984436035,
        "max": 161.358963013,
        "mean": 36.9481582642,
        "median": 34.2536430359,
        "min": 2.29800105095,
        "var": 387.947052002
    },
    "hfc": {
        "dmean": 3.38727140427,
        "dmean2": 4.96241283417,
        "dvar": 34.1137733459,
        "dvar2": 69.0085601807,
        "max": 418.870697021,
        "mean": 17.0940914154,
        "median": 11.8028287888,
        "min": 1.15332111977e-16,
        "var": 372.723297119
    },
    "melbands_crest": {
        "dmean": 2.3663084507,
        "dmean2": 3.93395280838,
        "dvar": 5.69936132431,
        "dvar2": 15.4083194733,
        "max": 36.3190994263,
        "mean": 12.9401388168,
        "median": 12.2188043594,
        "min": 1.78692734241,
        "var": 22.6523265839
    },
    "melbands_flatness_db": {
        "dmean": 0.0210017953068,
        "dmean2": 0.0322037674487,
        "dvar": 0.000524550967384,
        "dvar2": 0.00117135269102,
        "max": 0.484359949827,
        "mean": 0.213015109301,
        "median": 0.20305557549,
        "min": 0.00499648181722,
        "var": 0.00440066214651
    },
    "melbands_kurtosis": {
        "dmean": 6.20607471466,
        "dmean2": 9.8500289917,
        "dvar": 353.297241211,
        "dvar2": 946.540283203,
        "max": 869.936950684,
        "mean": 14.7940139771,
        "median": 5.52264499664,
        "min": -1.64144098759,
        "var": 1066.79968262
    },
    "melbands_skewness": {
        "dmean": 0.571749806404,
        "dmean2": 0.887480795383,
        "dvar": 0.573624968529,
        "dvar2": 1.34013772011,
        "max": 23.2237892151,
        "mean": 2.60348582268,
        "median": 2.217679739,
        "min": -2.15281534195,
        "var": 3.91349124908
    },
    "melbands_spread": {
        "dmean": 5.36229944229,
        "dmean2": 8.46171951294,
        "dvar": 46.4084129333,
        "dvar2": 115.388092041,
        "max": 172.162857056,
        "mean": 24.742773056,
        "median": 22.4746112823,
        "min": 0.642677366734,
        "var": 282.096618652
    },
    "pitch_salience": {
        "dmean": 0.0554126985371,
        "dmean2": 0.0897156894207,
        "dvar": 0.00290919607505,
        "dvar2": 0.00739126233384,
        "max": 0.879045307636,
        "mean": 0.533899486065,
        "median": 0.525251507759,
        "min": 0.0901764556766,
        "var": 0.0142749771476
    },
    "silence_rate_20dB": {
        "dmean": 0.000209073798032,
        "dmean2": 0.000418191310018,
        "dvar": 0.00020898693765,
        "dvar2": 0.000418079143856,
        "max": 1,
        "mean": 0.999790966511,
        "median": 1,
        "min": 0,
        "var": 0.00020896512433
    },
    "silence_rate_30dB": {
        "dmean": 0.00104536896106,
        "dmean2": 0.00209095655009,
        "dvar": 0.00104413856752,
        "dvar2": 0.00271332054399,
        "max": 1,
        "mean": 0.994982779026,
        "median": 1,
        "min": 0,
        "var": 0.00499358028173
    },
    "silence_rate_60dB": {
        "dmean": 0.015471461229,
        "dmean2": 0.0309461578727,
        "dvar": 0.0152335977182,
        "dvar2": 0.0347896292806,
        "max": 1,
        "mean": 0.21971359849,
        "median": 0,
        "min": 0,
        "var": 0.171401098371
    },
    "spectral_centroid": {
        "dmean": 190.960021973,
        "dmean2": 296.954772949,
        "dvar": 54503.84375,
        "dvar2": 126462.671875,
        "max": 11261.3320312,
        "mean": 1475.12219238,
        "median": 1525.2989502,
        "min": 188.191940308,
        "var": 381932.53125
    },
    "spectral_complexity": {
        "dmean": 2.16537737846,
        "dmean2": 3.48395180702,
        "dvar": 5.59339046478,
        "dvar2": 12.9338989258,
        "max": 64,
        "mean": 14.4696350098,
        "median": 14,
        "min": 0,
        "var": 86.8108444214
    },
    "spectral_decrease": {
        "dmean": 1.2243337455e-09,
        "dmean2": 2.00622141122e-09,
        "dvar": 8.63308222115e-18,
        "dvar2": 2.45421708418e-17,
        "max": -2.61457177476e-29,
        "mean": -5.49433076813e-09,
        "median": -5.59651347487e-09,
        "min": -1.19889861594e-07,
        "var": 2.7489931525e-17
    },
    "spectral_energy": {
        "dmean": 0.00482563022524,
        "dmean2": 0.00786983780563,
        "dvar": 0.00012767368753,
        "dvar2": 0.000361394457286,
        "max": 0.47798037529,
        "mean": 0.0222873650491,
        "median": 0.0224250759929,
        "min": 1.07070823944e-20,
        "var": 0.000439525378169
    },
    "spectral_energyband_high": {
        "dmean": 0.000160408599186,
        "dmean2": 0.000239480214077,
        "dvar": 2.58072333281e-07,
        "dvar2": 5.03365413351e-07,
        "max": 0.0361615754664,
        "mean": 0.000409735512221,
        "median": 0.00015018445265,
        "min": 7.36568873341e-21,
        "var": 1.75037132522e-06
    },
    "spectral_energyband_low": {
        "dmean": 0.00311564095318,
        "dmean2": 0.00532051781192,
        "dvar": 9.9590375612e-05,
        "dvar2": 0.000292738463031,
        "max": 0.359341591597,
        "mean": 0.00913053471595,
        "median": 0.00808718707412,
        "min": 3.13795299689e-23,
        "var": 0.000160808733199
    },
    "spectral_energyband_middle_high": {
        "dmean": 0.00119511946104,
        "dmean2": 0.00175366376061,
        "dvar": 3.67280176761e-06,
        "dvar2": 7.88096622273e-06,
        "max": 0.0664406940341,
        "mean": 0.00525653781369,
        "median": 0.00276298937388,
        "min": 1.6211515189e-21,
        "var": 3.58857723768e-05
    },
    "spectral_energyband_middle_low": {
        "dmean": 0.0024221832864,
        "dmean2": 0.00388043373823,
        "dvar": 2.93698049063e-05,
        "dvar2": 8.27793701319e-05,
        "max": 0.31397163868,
        "mean": 0.00833792425692,
        "median": 0.00725131714717,
        "min": 2.96177056937e-22,
        "var": 8.53227902553e-05
    },
    "spectral_entropy": {
        "dmean": 0.137779325247,
        "dmean2": 0.205757156014,
        "dvar": 0.0233135223389,
        "dvar2": 0.0487277396023,
        "max": 9.79456615448,
        "mean": 7.36061811447,
        "median": 7.38488340378,
        "min": 5.61742734909,
        "var": 0.163357511163
    },
    "spectral_flux": {
        "dmean": 0.0164488460869,
        "dmean2": 0.0267956741154,
        "dvar": 0.000411735498346,
        "dvar2": 0.000999052310362,
        "max": 0.488616138697,
        "mean": 0.0616176985204,
        "median": 0.0560261420906,
        "min": 7.0880759595e-11,
        "var": 0.00181564397644
    },
    "spectral_kurtosis": {
        "dmean": 2.25376176834,
        "dmean2": 3.85928559303,
        "dvar": 6.01347446442,
        "dvar2": 17.4473724365,
        "max": 61.338394165,
        "mean": 4.23969602585,
        "median": 3.46867132187,
        "min": -1.20561754704,
        "var": 12.8010158539
    },
    "spectral_rms": {
        "dmean": 0.000446660531452,
        "dmean2": 0.000712998909876,
        "dvar": 4.19322475409e-07,
        "dvar2": 1.09557834094e-06,
        "max": 0.0215944983065,
        "mean": 0.00412975251675,
        "median": 0.00467740558088,
        "min": 3.23201708452e-12,
        "var": 4.68889538752e-06
    },
    "spectral_rolloff": {
        "dmean": 335.546905518,
        "dmean2": 568.32208252,
        "dvar": 376557.0625,
        "dvar2": 919627.375,
        "max": 19164.5507812,
        "mean": 1524.09594727,
        "median": 1356.59179688,
        "min": 64.599609375,
        "var": 1377066.625
    },
    "spectral_skewness": {
        "dmean": 0.254114091396,
        "dmean2": 0.423942625523,
        "dvar": 0.0594381280243,
        "dvar2": 0.159763947129,
        "max": 5.7715716362,
        "mean": 1.35809862614,
        "median": 1.30797231197,
        "min": -0.0866749882698,
        "var": 0.207433909178
    },
    "spectral_spread": {
        "dmean": 367807.625,
        "dmean2": 565512.1875,
        "dvar": 291988832256,
        "dvar2": 584332541952,
        "max": 40808604,
        "mean": 3471021,
        "median": 3206837.5,
        "min": 1068552.25,
        "var": 1.33743116288e+12
    },
    "spectral_strongpeak": {
        "dmean": 0.387553751469,
        "dmean2": 0.676194489002,
        "dvar": 0.787597239017,
        "dvar2": 2.01851534843,
        "max": 22.8117809296,
        "mean": 0.657406806946,
        "median": 0.281113892794,
        "min": 0,
        "var": 1.19406545162
    },
    "zerocrossingrate": {
        "dmean": 0.00661675725132,
        "dmean2": 0.00836489815265,
        "dvar": 7.57299349061e-05,
        "dvar2": 9.69468892436e-05,
        "max": 0.66064453125,
        "mean": 0.0545677654445,
        "median": 0.0537109375,
        "min": 0.00341796875,
        "var": 0.000813985592686
    },
    "barkbands": {
        "dmean": [0.00014875413035, 0.00213876599446, 0.0012218952179, 0.000657677475829, 0.00130980589893, 0.000624573032837, 0.0002891588083, 0.000365198357031, 0.000517472974025, 0.000218336033868, 0.000172806554474, 0.000306419853587, 0.000281316606561, 0.000243189220782, 0.000173381355125, 0.000135480586323, 0.000313714554068, 0.000397102819989, 0.000222762333578, 3.56268537871e-05, 4.51830128441e-05, 4.54321925645e-05, 4.14658643422e-05, 4.48574173788e-05, 1.05792960312e-05, 3.47469182316e-07, 2.67301425438e-09],
        "dmean2": [0.000256402941886, 0.00367779121734, 0.00205474509858, 0.00110774068162, 0.00214610132389, 0.000984178623185, 0.000453578220913, 0.000554012367502, 0.000775169406552, 0.00034725171281, 0.00026763981441, 0.000471482780995, 0.000425792939495, 0.000378034368623, 0.000280084437691, 0.00021403687424, 0.00049939355813, 0.000611758267041, 0.000345295877196, 5.62968089071e-05, 6.95015478414e-05, 7.17070652172e-05, 6.51630543871e-05, 6.7923363531e-05, 1.70838957274e-05, 5.27530914951e-07, 4.93393237377e-09],
        "dvar": [1.25737619783e-06, 6.04564702371e-05, 9.66665265878e-06, 2.11401970773e-06, 1.98035832e-05, 1.62319884112e-06, 6.97786560977e-07, 7.11886741556e-07, 1.50989581016e-06, 4.26204053383e-07, 1.42626561228e-07, 8.0995891949e-07, 6.58804481191e-07, 4.52065307854e-07, 1.68751142837e-07, 8.46934895549e-08, 4.90892830385e-07, 5.05521484229e-07, 1.78237200998e-07, 1.25513741622e-08, 5.76223584403e-08, 1.68774807463e-08, 3.98677748592e-08, 2.00838456976e-08, 1.10690301369e-08, 2.91378657313e-11, 6.16618343909e-15],
        "dvar2": [3.57054091182e-06, 0.000184103802894, 2.62927514996e-05, 5.9975413933e-06, 5.37567029824e-05, 3.90913919546e-06, 1.58975558406e-06, 1.58825957897e-06, 3.47066747963e-06, 1.03376771676e-06, 3.2890585544e-07, 1.75981801931e-06, 1.46505510656e-06, 1.05028209418e-06, 4.04699761702e-07, 1.99261862122e-07, 1.34643369165e-06, 1.19956314393e-06, 4.07920737189e-07, 2.73752096547e-08, 1.1970207936e-07, 4.28575006595e-08, 8.17656911067e-08, 4.23251833581e-08, 2.63215049756e-08, 6.04112523894e-11, 1.5086900235e-14],
        "max": [0.0359680019319, 0.308615267277, 0.0795296803117, 0.053463794291, 0.275000393391, 0.0403081402183, 0.0281364992261, 0.0279198363423, 0.0240451041609, 0.0238491054624, 0.0102504612878, 0.0293084140867, 0.0187532603741, 0.0157134048641, 0.00996336247772, 0.00967989303172, 0.0143699897453, 0.0123223010451, 0.0112899821252, 0.00779199320823, 0.015894761309, 0.0079371733591, 0.0153799457476, 0.00825443957001, 0.00953997299075, 0.000340576341841, 4.45964951723e-06],
        "mean": [0.000210178797715, 0.0054886052385, 0.00272666662931, 0.00134719908237, 0.00273781316355, 0.00143279228359, 0.000550946395379, 0.000737093330827, 0.00124235881958, 0.00048636388965, 0.000345691922121, 0.000613812997472, 0.00050359085435, 0.000445889309049, 0.000352604314685, 0.000300472427625, 0.000719991279766, 0.00113039428834, 0.000470812636195, 7.27350488887e-05, 9.48037049966e-05, 9.47130538407e-05, 8.23762748041e-05, 8.05305171525e-05, 1.83927495527e-05, 5.13210409281e-07, 2.13340323185e-09],
        "median": [3.38169120369e-05, 0.00482366979122, 0.00140707020182, 0.000637402292341, 0.00146349228453, 0.000476778397569, 0.000147833765368, 0.000185171200428, 0.000249116681516, 0.000100019256934, 9.20388119994e-05, 0.000108329710201, 9.72151829046e-05, 8.12504076748e-05, 0.000105790459202, 9.62951744441e-05, 0.000187012905371, 0.000221463371417, 0.000143197088619, 1.96634046006e-05, 2.81940629066e-05, 3.34880423907e-05, 2.57138635789e-05, 1.8062779418e-05, 1.51050551267e-06, 2.80319933932e-10, 2.90896612354e-10],
        "min": [8.53183124597e-24, 1.64868742193e-23, 4.51663731234e-24, 1.99182219418e-23, 3.70850011758e-23, 6.19016943516e-23, 5.86126555587e-23, 1.75070780513e-23, 4.87021044986e-23, 2.75397716009e-23, 4.0759029334e-23, 7.10647618388e-23, 7.18401489997e-23, 4.45919340785e-23, 1.38378433275e-22, 2.04361990562e-22, 1.87342865579e-22, 1.20155582282e-22, 2.37509988908e-22, 3.45238676905e-22, 4.26280541265e-22, 3.23702824679e-22, 6.03855882577e-22, 6.61328021972e-22, 9.07440255062e-22, 1.518138755e-21, 2.15371982115e-21],
        "var": [1.64699497418e-06, 7.77701789048e-05, 1.54914650921e-05, 4.45519617642e-06, 2.99287748931e-05, 6.87872125127e-06, 2.17616366172e-06, 2.23276470024e-06, 6.73784052196e-06, 2.50806692748e-06, 4.86289138735e-07, 2.61189256889e-06, 1.71769875124e-06, 1.22834649119e-06, 5.18151125561e-07, 2.79762872424e-07, 1.57597457928e-06, 2.74137209999e-06, 5.52249048269e-07, 4.65675604744e-08, 1.80855153076e-07, 5.76769281224e-08, 1.02938791713e-07, 7.91137537703e-08, 4.34104592273e-08, 6.51996304168e-11, 4.94004692025e-15]
    },
    "erbbands": {
        "dmean": [0.0642337650061, 0.499646484852, 1.3691470623, 1.72489726543, 3.21532964706, 5.09091043472, 5.68574714661, 4.79864788055, 3.47930121422, 6.37345647812, 7.94325208664, 12.679889679, 9.02297115326, 4.16316223145, 7.94462060928, 13.2213344574, 12.3030767441, 12.1470336914, 9.69098854065, 6.95267343521, 6.94543170929, 14.0808038712, 18.6790790558, 15.9897165298, 3.79227662086, 1.65914714336, 1.8985222578, 1.73555147648, 1.65680837631, 1.36562430859, 1.24065220356, 0.889631986618, 0.810602426529, 0.199255824089, 0.0284485202283, 0.00389526854269, 0.000123216086649, 9.73339228949e-06, 3.65108712685e-06, 5.69896428715e-06],
        "dmean2": [0.111535206437, 0.851613283157, 2.3285586834, 2.90205574036, 5.34263515472, 8.29396343231, 9.044672966, 7.61648607254, 5.49099683762, 9.93692779541, 12.014216423, 18.6620121002, 14.0065851212, 6.47772598267, 12.2636890411, 20.1670093536, 18.5773258209, 18.9447555542, 15.0345315933, 11.1443967819, 10.8954715729, 22.0822067261, 28.6568088531, 24.4369087219, 5.85915088654, 2.62649846077, 2.98837280273, 2.67723107338, 2.62234020233, 2.11265397072, 1.96876311302, 1.37127900124, 1.24073672295, 0.316517233849, 0.0412494726479, 0.00624684663489, 0.000192846287973, 1.52264938151e-05, 5.72693943468e-06, 9.19276135392e-06],
        "dvar": [0.0906785652041, 3.02402734756, 15.8834838867, 12.7564601898, 82.58152771, 445.799438477, 143.392242432, 122.922470093, 125.107086182, 246.975692749, 348.21697998, 997.16015625, 713.100036621, 81.5635757446, 328.452301025, 1462.14233398, 1251.22253418, 1101.51977539, 506.151947021, 333.189880371, 188.146530151, 917.184387207, 1168.00256348, 852.897216797, 60.3590965271, 18.9531650543, 131.69203186, 35.5548667908, 23.6410179138, 14.3827066422, 61.6473312378, 8.43546867371, 6.6879234314, 2.1946721077, 0.374073535204, 0.00609775958583, 3.32275408255e-06, 1.4166016804e-08, 3.50180717756e-10, 1.73650260837e-10],
        "dvar2": [0.287691622972, 9.09799480438, 44.7548599243, 36.1569366455, 242.494384766, 1146.23510742, 353.751190186, 301.145568848, 298.188568115, 566.876831055, 754.616394043, 2276.4440918, 1693.35144043, 186.653671265, 729.828979492, 3176.02416992, 2834.67919922, 2605.7512207, 1158.50830078, 816.518127441, 440.736694336, 2414.92822266, 2798.63012695, 2010.15698242, 146.083618164, 41.974105835, 286.081298828, 72.8746109009, 60.536945343, 32.1758651733, 125.052391052, 19.3713169098, 14.0471115112, 5.61128425598, 0.880983650684, 0.0148594602942, 7.85682095739e-06, 3.21967732475e-08, 8.35935820565e-10, 4.84276285739e-10],
        "max": [10.6600179672, 73.4651412964, 109.21244812, 119.939407349, 458.252380371, 1509.3684082, 386.663269043, 339.616149902, 421.473419189, 528.071960449, 670.332397461, 672.700500488, 894.791564941, 241.930343628, 632.766052246, 1134.76611328, 854.388305664, 917.665161133, 549.636413574, 440.13269043, 579.170288086, 766.567932129, 662.903320312, 693.451538086, 348.164367676, 324.15838623, 706.593200684, 366.95300293, 263.429779053, 260.806488037, 636.489257812, 184.24597168, 122.264442444, 107.752593994, 57.6731071472, 8.52157115936, 0.191275641322, 0.00960981566459, 0.00113896548282, 0.00068483868381],
        "mean": [0.147126227617, 1.26644134521, 3.15746331215, 4.07056856155, 6.4066119194, 9.57865047455, 12.5806808472, 10.594496727, 6.8675198555, 12.7593069077, 18.3853168488, 31.2668247223, 20.7852725983, 9.56184959412, 16.7735691071, 28.4769916534, 24.7834606171, 24.1330852509, 20.1606235504, 16.7062892914, 19.6426925659, 38.1947021484, 59.8228149414, 48.916431427, 10.238368988, 3.68573236465, 3.80129528046, 3.64162778854, 3.33830070496, 2.99825072289, 2.35127973557, 1.57302558422, 1.37687635422, 0.348145604134, 0.0670522674918, 0.00861826632172, 0.000270407937933, 2.2628075385e-05, 1.54796071001e-05, 2.72987308563e-05],
        "median": [0.108551420271, 1.10467088223, 1.97435319424, 2.56085157394, 3.29029774666, 4.37975931168, 5.44814252853, 3.4395866394, 2.45403552055, 3.43500161171, 5.05811166763, 6.34371948242, 4.46063184738, 3.58896255493, 4.90776634216, 6.07930994034, 5.92773389816, 5.4427280426, 6.25164270401, 5.31134271622, 6.85474538803, 11.467414856, 12.6487998962, 11.2808380127, 4.71946191788, 1.22103440762, 1.0042989254, 1.12922739983, 1.10824751854, 1.06937670708, 0.683067679405, 0.400262355804, 0.274023294449, 0.0513664446771, 0.00135885085911, 0.000103354788735, 2.38827578869e-05, 6.25400298304e-06, 1.33657376864e-05, 2.68355070148e-05],
        "min": [7.92707365751e-22, 2.42823634797e-21, 5.02408137925e-21, 4.08970179438e-20, 7.05115314393e-20, 1.26948985422e-19, 2.82701511296e-19, 6.36745179076e-19, 7.59371241068e-19, 6.42137259296e-19, 4.73319467345e-19, 1.12084006977e-18, 1.02186087844e-18, 6.78307747833e-19, 1.87281073269e-18, 3.26446683987e-18, 3.2234084894e-18, 2.42132019393e-18, 9.07747673343e-18, 8.687444531e-18, 1.26992944901e-17, 1.19473500902e-17, 7.3679028568e-18, 8.75449496428e-18, 1.39891842209e-17, 1.38022050065e-17, 1.89663349297e-17, 1.75488219838e-17, 1.27676014107e-17, 1.79711588978e-17, 1.63503778969e-17, 1.2717970574e-17, 1.40377115987e-17, 8.96975217508e-18, 7.55012578266e-18, 5.991171983e-18, 2.87660702053e-18, 1.20624626122e-18, 2.86386936967e-19, 2.68411659253e-20],
        "var": [0.110116429627, 3.35764503479, 21.2673225403, 28.3240203857, 131.929275513, 632.281860352, 421.292755127, 464.998077393, 398.106079102, 637.934814453, 1412.50671387, 4680.93701172, 3928.87597656, 291.114776611, 1114.22937012, 5321.7421875, 3427.3737793, 3034.88378906, 1426.04626465, 1129.36889648, 909.684143066, 3684.80615234, 7287.98339844, 4741.76953125, 261.631347656, 85.6780166626, 307.028778076, 158.747314453, 76.1536483765, 65.547668457, 128.136413574, 30.3802165985, 23.7559719086, 7.24542045593, 1.51807773113, 0.021540010348, 1.29962118081e-05, 4.17496934801e-08, 1.03647135319e-09, 7.12176539963e-10]
    },
    "gfcc": {
        "mean": [-65.7391281128, 136.187683105, -155.561309814, 60.3027648926, -61.4797859192, 17.6692123413, -31.2849025726, -0.313161015511, 2.00260567665, -27.7601680756, 10.3894062042, -17.4167995453, -0.827458202839],
        "cov": [[10003.5527344, 136.873641968, 896.785095215, 1734.32861328, 388.915344238, 258.517364502, -376.016998291, 396.810852051, -115.985099792, -285.71685791, 183.4269104, 193.382217407, -170.96496582], [136.873641968, 876.676635742, 289.024658203, 65.4735870361, 275.923461914, -166.132064819, 114.677970886, -37.1341133118, 109.707946777, -107.478218079, 118.370124817, -4.19362831116, -30.869184494], [896.785095215, 289.024658203, 1191.26733398, 638.684387207, 140.495025635, 125.820472717, -88.3278579712, 92.6536178589, 12.0991611481, 75.3146286011, 34.5978546143, 16.4129905701, 33.4731254578], [1734.32861328, 65.4735870361, 638.684387207, 723.956542969, 169.968612671, 113.06930542, -114.660919189, 78.0610427856, 8.33478736877, -8.53839492798, 36.7662963867, 28.1885509491, 6.56610202789], [388.915344238, 275.923461914, 140.495025635, 169.968612671, 321.643035889, -21.147649765, -9.93642616272, 31.379940033, 59.0972328186, -36.6306343079, 39.7050361633, 8.48276901245, -12.359992981], [258.517364502, -166.132064819, 125.820472717, 113.06930542, -21.147649765, 220.062774658, 36.1279335022, 33.3607330322, -40.6656341553, 23.9068946838, -6.9886879921, 0.89302533865, 9.64467811584], [-376.016998291, 114.677970886, -88.3278579712, -114.660919189, -9.93642616272, 36.1279335022, 285.260742188, -0.356841266155, -17.182062149, -30.0013885498, 19.5846805573, 21.512802124, -21.5786914825], [396.810852051, -37.1341133118, 92.6536178589, 78.0610427856, 31.379940033, 33.3607330322, -0.356841266155, 120.60333252, 17.9422397614, 5.95311498642, 1.46613264084, 12.1919183731, -4.96689176559], [-115.985099792, 109.707946777, 12.0991611481, 8.33478736877, 59.0972328186, -40.6656341553, -17.182062149, 17.9422397614, 118.768081665, 19.0822944641, 7.37549257278, -16.8916187286, -12.3920125961], [-285.71685791, -107.478218079, 75.3146286011, -8.53839492798, -36.6306343079, 23.9068946838, -30.0013885498, 5.95311498642, 19.0822944641, 117.764503479, -7.77269935608, -16.381067276, 11.146654129], [183.4269104, 118.370124817, 34.5978546143, 36.7662963867, 39.7050361633, -6.9886879921, 19.5846805573, 1.46613264084, 7.37549257278, -7.77269935608, 86.1401596069, 34.4768791199, -10.1971282959], [193.382217407, -4.19362831116, 16.4129905701, 28.1885509491, 8.48276901245, 0.89302533865, 21.512802124, 12.1919183731, -16.8916187286, -16.381067276, 34.4768791199, 88.6401290894, 16.677444458], [-170.96496582, -30.869184494, 33.4731254578, 6.56610202789, -12.359992981, 9.64467811584, -21.5786914825, -4.96689176559, -12.3920125961, 11.146654129, -10.1971282959, 16.677444458, 100.483192444]],
        "icov": [[0.000318339414662, -0.000561956258025, 0.000534210761543, -0.00101497175638, 0.00036090935464, -0.000371788337361, 0.000580682011787, -0.000986966886558, 0.00073865550803, -1.85962180694e-05, 0.000257880135905, -0.00061563658528, 0.000634861120488], [-0.000561956258025, 0.00758458208293, -0.00434203725308, 0.003874899121, -0.00384391890839, 0.00460939435288, -0.00395075650886, 0.00465267151594, -0.00520223146304, 0.00651476439089, -0.00748918624595, 0.0052929315716, -0.00196929322556], [0.000534210761543, -0.00434203725308, 0.00445713009685, -0.00437551178038, 0.00215144176036, -0.00258269300684, 0.00221813330427, -0.00352153228596, 0.003493726952, -0.00471450854093, 0.00382735626772, -0.00292436103337, 0.00101858598646], [-0.00101497175638, 0.003874899121, -0.00437551178038, 0.00742310192436, -0.00306724756956, 0.00108120939694, -0.00144955387805, 0.00365964951925, -0.00369349122047, 0.0035894648172, -0.00342439603992, 0.00261023803614, -0.00180986803025], [0.00036090935464, -0.00384391890839, 0.00215144176036, -0.00306724756956, 0.00637427158654, -0.00188659958076, 0.00187424535397, -0.00294730439782, 0.000692619360052, -0.00161326641683, 0.00232622842304, -0.00229560350999, 0.00102033116855], [-0.000371788337361, 0.00460939435288, -0.00258269300684, 0.00108120939694, -0.00188659958076, 0.00917545799166, -0.00392594747245, 0.00144101667684, -0.000815350329503, 0.00211967714131, -0.00409888569266, 0.00416706642136, -0.00175471336115], [0.000580682011787, -0.00395075650886, 0.00221813330427, -0.00144955387805, 0.00187424535397, -0.00392594747245, 0.00685059372336, -0.00317515502684, 0.00305891828611, -0.00154938315973, 0.00274228630587, -0.00401827972382, 0.00254600541666], [-0.000986966886558, 0.00465267151594, -0.00352153228596, 0.00365964951925, -0.00294730439782, 0.00144101667684, -0.00317515502684, 0.0142464144155, -0.00602771807462, 0.00278400327079, -0.00248938519508, 0.00152888335288, -0.00135304185096], [0.00073865550803, -0.00520223146304, 0.003493726952, -0.00369349122047, 0.000692619360052, -0.000815350329503, 0.00305891828611, -0.00602771807462, 0.0154710607603, -0.00670604594052, 0.0037555443123, -0.00153213727754, 0.00254579796456], [-1.85962180694e-05, 0.00651476439089, -0.00471450854093, 0.0035894648172, -0.00161326641683, 0.00211967714131, -0.00154938315973, 0.00278400327079, -0.00670604594052, 0.0177154652774, -0.00755647802725, 0.00547235924751, -0.00175861839671], [0.000257880135905, -0.00748918624595, 0.00382735626772, -0.00342439603992, 0.00232622842304, -0.00409888569266, 0.00274228630587, -0.00248938519508, 0.0037555443123, -0.00755647802725, 0.0233492851257, -0.011521528475, 0.00381539738737], [-0.00061563658528, 0.0052929315716, -0.00292436103337, 0.00261023803614, -0.00229560350999, 0.00416706642136, -0.00401827972382, 0.00152888335288, -0.00153213727754, 0.00547235924751, -0.011521528475, 0.0197322256863, -0.0053277448751], [0.000634861120488, -0.00196929322556, 0.00101858598646, -0.00180986803025, 0.00102033116855, -0.00175471336115, 0.00254600541666, -0.00135304185096, 0.00254579796456, -0.00175861839671, 0.00381539738737, -0.0053277448751, 0.012760348618]]
    },
    "melbands": {
        "dmean": [0.000564425077755, 0.000672795576975, 0.000313900934998, 0.000295729318168, 0.000201464878046, 0.000107415107777, 5.34514147148e-05, 7.16111826478e-05, 7.32301850803e-05, 7.78337343945e-05, 4.46160520369e-05, 1.73463049578e-05, 2.41082398134e-05, 3.05978537654e-05, 3.74533701688e-05, 2.42226778937e-05, 2.5201949029e-05, 1.71194387804e-05, 1.15651928354e-05, 9.8161481219e-06, 9.68567292148e-06, 1.4404599824e-05, 2.18886452785e-05, 1.88401882042e-05, 1.45565545608e-05, 4.43039698439e-06, 1.43178613143e-06, 1.13744579266e-06, 1.21840128031e-06, 1.28145802591e-06, 1.0732969713e-06, 1.03233765003e-06, 9.12116092877e-07, 7.66424534504e-07, 8.11722259186e-07, 6.05365300999e-07, 5.58156557418e-07, 6.1542647245e-07, 4.71571951266e-07, 8.44135144007e-08],
        "dmean2": [0.000975523784291, 0.0011450756574, 0.000523611844983, 0.000490578415338, 0.000320981518598, 0.000170035040355, 8.39226631797e-05, 0.000110769957246, 0.000109968990728, 0.000114713075163, 6.93270121701e-05, 2.69133633992e-05, 3.74917690351e-05, 4.6473905968e-05, 5.71998061787e-05, 3.66154345102e-05, 3.9353784814e-05, 2.64156751655e-05, 1.85732351383e-05, 1.57596205099e-05, 1.52660704771e-05, 2.26229058171e-05, 3.41599188687e-05, 2.90061307169e-05, 2.25179883273e-05, 6.87635383656e-06, 2.30960631598e-06, 1.81538553079e-06, 1.95712959794e-06, 1.99529040401e-06, 1.67661448813e-06, 1.67012353813e-06, 1.45100841564e-06, 1.19439710033e-06, 1.31876663545e-06, 9.46250622746e-07, 8.73374062849e-07, 9.50516096054e-07, 7.38723258564e-07, 1.40311612995e-07],
        "dvar": [5.10373638463e-06, 4.39246741735e-06, 3.96732474428e-07, 1.2443625792e-06, 2.2333871641e-07, 5.52827970068e-08, 2.78166787382e-08, 2.92490796028e-08, 2.86856280951e-08, 3.67097676701e-08, 1.77335301998e-08, 1.5646681728e-09, 2.83620837926e-09, 6.68417099448e-09, 1.32570230349e-08, 5.71521985293e-09, 5.13208053832e-09, 1.80220205426e-09, 8.96530572003e-10, 5.73885605704e-10, 4.1720596422e-10, 9.22774967549e-10, 2.40623387882e-09, 1.24602028695e-09, 7.5293199453e-10, 9.00322039143e-11, 1.83134549192e-11, 9.15928183992e-12, 3.15592725564e-11, 9.23732063063e-11, 1.1277203997e-11, 1.03147178299e-11, 7.1636754688e-12, 4.16329167321e-12, 4.31714698712e-11, 4.5859874058e-12, 3.56207945085e-12, 4.11177081966e-12, 3.00775745456e-12, 1.8126165716e-12],
        "dvar2": [1.58734474098e-05, 1.27760104078e-05, 1.11702456707e-06, 3.39964503837e-06, 5.68216819374e-07, 1.34749541303e-07, 6.46725055731e-08, 6.66186963372e-08, 6.37871124809e-08, 8.10877338608e-08, 4.20684784785e-08, 3.49661410937e-09, 6.45859854487e-09, 1.39245033282e-08, 3.11831840349e-08, 1.24154642123e-08, 1.20678063098e-08, 4.06746281101e-09, 2.18265228114e-09, 1.43351497339e-09, 9.97571358852e-10, 2.30797758682e-09, 6.42675113127e-09, 3.0683728891e-09, 1.8089469922e-09, 2.20055876299e-10, 4.62854754524e-11, 2.04105933543e-11, 7.09989497749e-11, 1.90274532241e-10, 2.53992001042e-11, 2.71262179385e-11, 1.78101804138e-11, 9.4845077972e-12, 8.62794072298e-11, 1.11863044869e-11, 8.09279813302e-12, 9.06808395734e-12, 6.58022594746e-12, 5.0044707961e-12],
        "max": [0.0805911123753, 0.0650883316994, 0.0219594873488, 0.0666348338127, 0.0259117148817, 0.00682873278856, 0.00648810854182, 0.00655568763614, 0.00537741789594, 0.00418221205473, 0.00450971350074, 0.00112239050213, 0.00145251327194, 0.00239217025228, 0.00370725267567, 0.00226393388584, 0.00192643923219, 0.00131988269277, 0.000838533916976, 0.00066017662175, 0.000647178443614, 0.00073691731086, 0.00113529746886, 0.000660030345898, 0.000597289414145, 0.000320750899846, 0.000334962882334, 0.00018854647351, 0.000242717054789, 0.000687111227307, 0.000203491785214, 0.000157495960593, 0.00017003902758, 0.000142077042256, 0.00053920072969, 0.000133346198709, 0.000125877530081, 0.000101841382275, 0.000102742262243, 9.89157124422e-05],
        "mean": [0.00143860524986, 0.00170719984453, 0.000776309345383, 0.000580294814426, 0.000451167288702, 0.000240980778472, 0.000103823767859, 0.000141398821143, 0.000165703342645, 0.000188962498214, 9.76138035185e-05, 3.56288583134e-05, 4.97693399666e-05, 6.30287468084e-05, 7.45538782212e-05, 4.47559505119e-05, 4.60793417005e-05, 3.21240950143e-05, 2.45969877142e-05, 2.13625844481e-05, 2.41646976065e-05, 3.52582210326e-05, 5.50910408492e-05, 5.44229042134e-05, 3.98703705287e-05, 9.57803604251e-06, 2.95684458251e-06, 2.21319623961e-06, 2.28792941925e-06, 2.35810648519e-06, 2.04602429221e-06, 1.86135662261e-06, 1.85656756457e-06, 1.55878262831e-06, 1.44648095102e-06, 1.051397021e-06, 8.99185010894e-07, 9.75944317361e-07, 7.77124625984e-07, 1.44023147186e-07],
        "median": [0.00125069660135, 0.00136593740899, 0.000516940257512, 0.000298618979286, 0.000212877930608, 7.97384709585e-05, 3.25301589328e-05, 3.66811291315e-05, 3.87903273804e-05, 3.67674219888e-05, 1.74800952664e-05, 1.14807899081e-05, 1.34861711558e-05, 1.29425898194e-05, 1.48283670569e-05, 9.00476879906e-06, 7.8953908087e-06, 8.89448256203e-06, 6.86034627506e-06, 6.6277661972e-06, 7.37344453228e-06, 9.55067298491e-06, 1.17591962407e-05, 1.09955108201e-05, 8.56543556438e-06, 3.2433740671e-06, 1.00199463304e-06, 5.29791691406e-07, 5.60186435905e-07, 6.0088018472e-07, 5.95522749336e-07, 5.56253098694e-07, 6.2036036752e-07, 5.14647297223e-07, 3.84747778526e-07, 2.6743714443e-07, 1.95739204401e-07, 1.76062457058e-07, 1.53999181407e-07, 4.24859392112e-09],
        "min": [5.40102808989e-24, 2.55676169712e-24, 8.34453357897e-24, 8.79884251859e-24, 8.47201823441e-24, 1.38708300196e-23, 1.18016344546e-23, 6.16540196375e-24, 3.7910675064e-24, 6.95838742822e-24, 4.71323880486e-24, 2.49822052656e-24, 5.89945328678e-24, 8.08121654197e-24, 4.95442592688e-24, 9.20053995786e-24, 3.54413037724e-24, 1.4176884385e-23, 8.21304072126e-24, 1.06697105634e-23, 1.57398828955e-23, 1.16508744581e-23, 1.01459976414e-23, 5.11843444781e-24, 6.82224739092e-24, 1.09390978851e-23, 9.61007473022e-24, 8.84816920213e-24, 1.20367615471e-23, 1.14866927822e-23, 9.09429932658e-24, 5.94656169345e-24, 8.20578083435e-24, 9.06393764806e-24, 7.9832447507e-24, 1.11210163096e-23, 6.6896832601e-24, 8.88535058317e-24, 9.75516360563e-24, 6.65672386262e-24],
        "var": [6.78454352965e-06, 5.36678908247e-06, 9.99840722216e-07, 1.72721831859e-06, 5.37170024018e-07, 2.22442949394e-07, 9.12663367103e-08, 7.47149897506e-08, 1.13606958507e-07, 1.73283922322e-07, 9.85169990031e-08, 4.94632335091e-09, 1.03642321392e-08, 2.42602276046e-08, 3.65489079002e-08, 1.54827866083e-08, 1.38656019999e-08, 4.59544002851e-09, 2.88840396045e-09, 1.813092676e-09, 1.59462509863e-09, 3.40538042209e-09, 8.75277184065e-09, 6.14479311878e-09, 3.46176287636e-09, 2.80676537567e-10, 5.73342900934e-11, 3.59682006401e-11, 7.63711177632e-11, 2.25430216161e-10, 4.23135415595e-11, 2.57581855151e-11, 2.34379130687e-11, 1.83658227515e-11, 7.76782457801e-11, 1.21728876978e-11, 1.20174399945e-11, 1.34001048105e-11, 8.55282684953e-12, 5.29853418085e-12]
    },
    "mfcc": {
        "mean": [-681.475830078, 128.883651733, -12.1139945984, 28.1731796265, 10.4020376205, 6.17233562469, -6.89495038986, 19.4561290741, -7.63526821136, 3.40665388107, 3.49212956429, 5.19225168228, -10.287779808],
        "cov": [[8959.37695312, -464.512908936, 506.802276611, 1261.3215332, 725.28704834, 214.506774902, -73.2250976562, 688.296325684, -277.735778809, -267.154388428, 334.80581665, 149.96472168, -409.243469238], [-464.512908936, 887.958374023, -1.85816180706, 130.830505371, 111.688430786, -55.1451950073, 23.6447181702, 67.3585205078, -29.6594810486, -18.1639480591, 87.9871368408, 3.50050806999, 35.4347000122], [506.802276611, -1.85816180706, 976.101806641, 442.634643555, 245.429702759, 151.566894531, 64.7466583252, 16.4384708405, 26.5092430115, 29.6513271332, 12.9236650467, 77.9362411499, 3.43662405014], [1261.3215332, 130.830505371, 442.634643555, 594.685913086, 323.645904541, 97.4975204468, -0.418320417404, 124.13381958, -24.1822757721, -27.1563339233, 75.773765564, 44.6329956055, -43.5651626587], [725.28704834, 111.688430786, 245.429702759, 323.645904541, 451.403930664, 41.8382530212, -72.1917266846, 32.6339874268, 8.27768230438, -0.0135379070416, 45.8825798035, 29.2108402252, -26.5088615417], [214.506774902, -55.1451950073, 151.566894531, 97.4975204468, 41.8382530212, 172.431106567, 65.0375976562, 43.0655975342, 1.81356704235, 19.9158992767, -7.10478830338, 21.3311958313, -0.42014080286], [-73.2250976562, 23.6447181702, 64.7466583252, -0.418320417404, -72.1917266846, 65.0375976562, 187.848297119, 52.7441978455, 13.095697403, 4.4384303093, -20.7006950378, 11.9869318008, 26.817024231], [688.296325684, 67.3585205078, 16.4384708405, 124.13381958, 32.6339874268, 43.0655975342, 52.7441978455, 217.885955811, -23.6934356689, -33.4193305969, 57.9551620483, 10.2344293594, -40.5215988159], [-277.735778809, -29.6594810486, 26.5092430115, -24.1822757721, 8.27768230438, 1.81356704235, 13.095697403, -23.6934356689, 112.380020142, 39.4302101135, -28.8136997223, -5.2143073082, 25.7772293091], [-267.154388428, -18.1639480591, 29.6513271332, -27.1563339233, -0.0135379070416, 19.9158992767, 4.4384303093, -33.4193305969, 39.4302101135, 127.230987549, -18.0942764282, 8.27519321442, 14.5265331268], [334.80581665, 87.9871368408, 12.9236650467, 75.773765564, 45.8825798035, -7.10478830338, -20.7006950378, 57.9551620483, -28.8136997223, -18.0942764282, 162.887130737, 21.9732494354, -36.4191474915], [149.96472168, 3.50050806999, 77.9362411499, 44.6329956055, 29.2108402252, 21.3311958313, 11.9869318008, 10.2344293594, -5.2143073082, 8.27519321442, 21.9732494354, 94.4043273926, 11.768743515], [-409.243469238, 35.4347000122, 3.43662405014, -43.5651626587, -26.5088615417, -0.42014080286, 26.817024231, -40.5215988159, 25.7772293091, 14.5265331268, -36.4191474915, 11.768743515, 105.991027832]],
