{
"lowlevel": {
    "average_loudness": 0.0572743862867,
    "barkbands_crest": {
        "dmean": 2.87232661247,
        "dmean2": 4.40425205231,
        "dvar": 6.5573091507,
        "dvar2": 14.5300941467,
        "max": 26.567533493,
        "mean": 10.2382059097,
        "median": 9.2296705246,
        "min": 2.08394670486,
        "var": 23.7934741974
    },
    "barkbands_flatness_db": {
        "dmean": 0.023380542174,
        "dmean2": 0.0351891815662,
        "dvar": 0.000510771409608,
        "dvar2": 0.00106656854041,
        "max": 0.476548343897,
        "mean": 0.176563754678,
        "median": 0.171199977398,
        "min": 0.0318038016558,
        "var": 0.00250245979987
    },
    "barkbands_kurtosis": {
        "dmean": 2.59175133705,
        "dmean2": 3.90004825592,
        "dvar": 96.9661712646,
        "dvar2": 201.24760437,
        "max": 711.466064453,
        "mean": 3.04109597206,
        "median": 0.614306688309,
        "min": -1.94799160957,
        "var": 208.813018799
    },
    "barkbands_skewness": {
        "dmean": 0.546033382416,
        "dmean2": 0.798211097717,
        "dvar": 0.396301656961,
        "dvar2": 0.768694221973,
        "max": 24.8292827606,
        "mean": 0.927096664906,
        "median": 0.73532897234,
        "min": -6.31124973297,
        "var": 1.84991335869
    },
    "barkbands_spread": {
        "dmean": 5.75625562668,
        "dmean2": 8.75677967072,
        "dvar": 51.8121299744,
        "dvar2": 116.237358093,
        "max": 105.118469238,
        "mean": 20.3274040222,
        "median": 17.7096881866,
        "min": 0.236744597554,
        "var": 172.033691406
    },
    "dissonance": {
        "dmean": 0.0207884777337,
        "dmean2": 0.0352212190628,
        "dvar": 0.000545420218259,
        "dvar2": 0.00144025043119,
        "max": 0.500000119209,
        "mean": 0.466143190861,
        "median": 0.476279437542,
        "min": 0.193158701062,
        "var": 0.00107428815681
    },
    "dynamic_complexity": 4.16667032242,
    "erbbands_crest": {
        "dmean": 3.07500171661,
        "dmean2": 4.94445466995,
        "dvar": 8.47898674011,
        "dvar2": 20.1497001648,
        "max": 33.3381347656,
        "mean": 10.621175766,
        "median": 9.04381752014,
        "min": 2.31915736198,
        "var": 32.6326522827
    },
    "erbbands_flatness_db": {
        "dmean": 0.0211565606296,
        "dmean2": 0.0307249631733,
        "dvar": 0.000473291671369,
        "dvar2": 0.000887120258994,
        "max": 0.510054647923,
        "mean": 0.225392788649,
        "median": 0.21882006526,
        "min": 0.0815236344934,
        "var": 0.00382012780756
    },
    "erbbands_kurtosis": {
        "dmean": 1.4358317852,
        "dmean2": 2.22949337959,
        "dvar": 6.47660923004,
        "dvar2": 14.6127443314,
        "max": 60.7247962952,
        "mean": 1.78958582878,
        "median": 0.545873880386,
        "min": -1.77835583687,
        "var": 16.6720657349
    },
    "erbbands_skewness": {
        "dmean": 0.412717789412,
        "dmean2": 0.628050982952,
        "dvar": 0.170325189829,
        "dvar2": 0.352869033813,
        "max": 6.62161159515,
        "mean": 0.409936517477,
        "median": 0.378382116556,
        "min": -5.12435293198,
        "var": 0.802765965462
    },
    "erbbands_spread": {
        "dmean": 7.09311437607,
        "dmean2": 10.6617193222,
        "dvar": 75.4072875977,
        "dvar2": 164.037765503,
        "max": 161.866455078,
        "mean": 27.2750396729,
        "median": 22.5749034882,
        "min": 0.778240919113,
        "var": 318.845062256
    },
    "hfc": {
        "dmean": 8.45160675049,
        "dmean2": 12.1801958084,
        "dvar": 144.502334595,
        "dvar2": 297.720275879,
        "max": 552.490234375,
        "mean": 23.0872192383,
        "median": 16.0718269348,
        "min": 1.18950888191e-16,
        "var": 636.978393555
    },
    "melbands_crest": {
        "dmean": 3.83332633972,
        "dmean2": 6.08769989014,
        "dvar": 11.4874601364,
        "dvar2": 26.6622314453,
        "max": 36.3399085999,
        "mean": 14.0035305023,
        "median": 12.8750095367,
        "min": 1.70033109188,
        "var": 41.4601287842
    },
    "melbands_flatness_db": {
        "dmean": 0.0281276572496,
        "dmean2": 0.0404338948429,
        "dvar": 0.000760905677453,
        "dvar2": 0.00150241702795,
        "max": 0.570165514946,
        "mean": 0.179594576359,
        "median": 0.173914507031,
        "min": 0.00385749875568,
        "var": 0.0042962403968
    },
    "melbands_kurtosis": {
        "dmean": 5.66814804077,
        "dmean2": 8.63886070251,
        "dvar": 340.154937744,
        "dvar2": 805.074584961,
        "max": 845.01550293,
        "mean": 9.25505924225,
        "median": 2.81853580475,
        "min": -1.88395428658,
        "var": 936.933654785
    },
    "melbands_skewness": {
        "dmean": 0.710466980934,
        "dmean2": 1.04093253613,
        "dvar": 0.702024757862,
        "dvar2": 1.34349095821,
        "max": 23.2616672516,
        "mean": 1.73720383644,
        "median": 1.33211934566,
        "min": -5.03368997574,
        "var": 3.64981675148
    },
    "melbands_spread": {
        "dmean": 8.94795227051,
        "dmean2": 13.6323509216,
        "dvar": 190.741119385,
        "dvar2": 381.858459473,
        "max": 271.898742676,
        "mean": 28.3587093353,
        "median": 23.6045074463,
        "min": 0.339088350534,
        "var": 551.315002441
    },
    "pitch_salience": {
        "dmean": 0.0758282616735,
        "dmean2": 0.116384416819,
        "dvar": 0.00484934868291,
        "dvar2": 0.0102603454143,
        "max": 0.872815430164,
        "mean": 0.562757968903,
        "median": 0.576720714569,
        "min": 0.0292932149023,
        "var": 0.0210672318935
    },
    "silence_rate_20dB": {
        "dmean": 0.00096852297429,
        "dmean2": 0.00193723361008,
        "dvar": 0.000967600557487,
        "dvar2": 0.00290215876885,
        "max": 1,
        "mean": 0.998934745789,
        "median": 1,
        "min": 0,
        "var": 0.00106395839248
    },
    "silence_rate_30dB": {
        "dmean": 0.00426150113344,
        "dmean2": 0.00852382835001,
        "dvar": 0.00424378551543,
        "dvar2": 0.0117456316948,
        "max": 1,
        "mean": 0.992833614349,
        "median": 1,
        "min": 0,
        "var": 0.0071137859486
    },
    "silence_rate_60dB": {
        "dmean": 0.053268764168,
        "dmean2": 0.10654784739,
        "dvar": 0.0504313893616,
        "dvar2": 0.110112778842,
        "max": 1,
        "mean": 0.135967463255,
        "median": 0,
        "min": 0,
        "var": 0.117469519377
    },
    "spectral_centroid": {
        "dmean": 254.140533447,
        "dmean2": 378.320343018,
        "dvar": 97788.109375,
        "dvar2": 189776.203125,
        "max": 10771.4072266,
        "mean": 1547.81079102,
        "median": 1460.12182617,
        "min": 111.086006165,
        "var": 391607.25
    },
    "spectral_complexity": {
        "dmean": 4.23806285858,
        "dmean2": 6.12398290634,
        "dvar": 22.6322994232,
        "dvar2": 43.9063148499,
        "max": 66,
        "mean": 17.5834789276,
        "median": 17,
        "min": 0,
        "var": 103.320335388
    },
    "spectral_decrease": {
        "dmean": 2.23119500653e-09,
        "dmean2": 3.05139491452e-09,
        "dvar": 1.61141202247e-17,
        "dvar2": 3.81835669741e-17,
        "max": 5.81797917628e-29,
        "mean": -5.99943072999e-09,
        "median": -3.89944165846e-09,
        "min": -1.58631706881e-07,
        "var": 5.04853672655e-17
    },
    "spectral_energy": {
        "dmean": 0.00903863832355,
        "dmean2": 0.0123910335824,
        "dvar": 0.000244905066211,
        "dvar2": 0.000575201702304,
        "max": 0.630909800529,
        "mean": 0.024737296626,
        "median": 0.0165772736073,
        "min": 1.0835750985e-20,
        "var": 0.000798691180535
    },
    "spectral_energyband_high": {
        "dmean": 0.000485927215777,
        "dmean2": 0.000717204180546,
        "dvar": 1.14186980227e-06,
        "dvar2": 2.42230134972e-06,
        "max": 0.0465910807252,
        "mean": 0.000849885691423,
        "median": 0.0002634372795,
        "min": 8.08902425176e-21,
        "var": 3.96760106014e-06
    },
    "spectral_energyband_low": {
        "dmean": 0.00447914749384,
        "dmean2": 0.0063055222854,
        "dvar": 0.000181506140507,
        "dvar2": 0.000456107256468,
        "max": 0.474787831306,
        "mean": 0.00778308091685,
        "median": 0.00073434994556,
        "min": 2.4816442318e-23,
        "var": 0.000353969633579
    },
    "spectral_energyband_middle_high": {
        "dmean": 0.00361128873192,
        "dmean2": 0.00541589735076,
        "dvar": 3.23880231008e-05,
        "dvar2": 7.05209604348e-05,
        "max": 0.0906218290329,
        "mean": 0.00909101497382,
        "median": 0.00483365636319,
        "min": 1.46079520624e-21,
        "var": 0.000123776961118
    },
    "spectral_energyband_middle_low": {
        "dmean": 0.00371128926054,
        "dmean2": 0.00558841787279,
        "dvar": 5.4955293308e-05,
        "dvar2": 0.000139986805152,
        "max": 0.386290043592,
        "mean": 0.00794879905879,
        "median": 0.00367878912948,
        "min": 2.94053847277e-22,
        "var": 0.000139104056871
    },
    "spectral_entropy": {
        "dmean": 0.159339651465,
        "dmean2": 0.231433302164,
        "dvar": 0.0303197205067,
        "dvar2": 0.0617782957852,
        "max": 9.80414390564,
        "mean": 7.62506437302,
        "median": 7.64808273315,
        "min": 5.42200708389,
        "var": 0.142438575625
    },
    "spectral_flux": {
        "dmean": 0.0270997714251,
        "dmean2": 0.0401774011552,
        "dvar": 0.000911301642191,
        "dvar2": 0.00179740227759,
        "max": 0.548305869102,
        "mean": 0.0906507819891,
        "median": 0.0775120928884,
        "min": 6.75151948237e-11,
        "var": 0.00354628521018
    },
    "spectral_kurtosis": {
        "dmean": 2.0227189064,
        "dmean2": 3.47174429893,
        "dvar": 5.8650393486,
        "dvar2": 16.5344638824,
        "max": 54.8505058289,
        "mean": 3.42831778526,
        "median": 2.63615632057,
        "min": -1.53451693058,
        "var": 11.4835796356
    },
    "spectral_rms": {
        "dmean": 0.000843885121867,
        "dmean2": 0.00111944077071,
        "dvar": 9.749204537e-07,
        "dvar2": 1.6704840391e-06,
        "max": 0.0248097106814,
        "mean": 0.00428204471245,
        "median": 0.00402156077325,
        "min": 3.25137876692e-12,
        "var": 5.79800826017e-06
    },
    "spectral_rolloff": {
        "dmean": 497.24432373,
        "dmean2": 800.406311035,
        "dvar": 858154.75,
        "dvar2": 1838641.625,
        "max": 18733.8867188,
        "mean": 1833.20275879,
        "median": 1571.92382812,
        "min": 64.599609375,
        "var": 2281583.5
    },
    "spectral_skewness": {
        "dmean": 0.264790415764,
        "dmean2": 0.429518640041,
        "dvar": 0.0661932229996,
        "dvar2": 0.168049275875,
        "max": 5.52443885803,
        "mean": 1.31191277504,
        "median": 1.29057776928,
        "min": -0.640447020531,
        "var": 0.216355025768
    },
    "spectral_spread": {
        "dmean": 436754.9375,
        "dmean2": 658860.5,
        "dvar": 337682038784,
        "dvar2": 663743954944,
        "max": 41162952,
        "mean": 3714078,
        "median": 3532636.5,
        "min": 963183.9375,
        "var": 1.60760909005e+12
    },
    "spectral_strongpeak": {
        "dmean": 0.754688978195,
        "dmean2": 1.22973239422,
        "dvar": 1.48646473885,
        "dvar2": 3.54032969475,
        "max": 24.4106941223,
        "mean": 1.45782577991,
        "median": 0.678005218506,
        "min": 0,
        "var": 3.45837068558
    },
    "zerocrossingrate": {
        "dmean": 0.0110937030986,
        "dmean2": 0.0125494524837,
        "dvar": 0.000228817734751,
        "dvar2": 0.000228460310609,
        "max": 0.6533203125,
        "mean": 0.0676468610764,
        "median": 0.06005859375,
        "min": 0.0029296875,
        "var": 0.0016063360963
    },
    "barkbands": {
        "dmean": [0.000228515840718, 0.00289337732829, 0.00245267548598, 0.000778365880251, 0.000667004904244, 0.000461748219095, 0.000530118239112, 0.000969169836026, 0.00149897183292, 0.0011264499044, 0.000809003890026, 0.00103564397432, 0.000983293633908, 0.000846702198032, 0.000551829056349, 0.000298003549688, 0.000222665636102, 0.000127705847262, 0.000115195565741, 0.00011350101704, 0.000103259975731, 8.77269267221e-05, 0.000148132545291, 0.000140228628879, 1.69288196048e-05, 4.19050792289e-07, 2.55557419671e-09],
        "dmean2": [0.000364836741937, 0.00376863451675, 0.00411913031712, 0.00138848694041, 0.00111331930384, 0.000726754718926, 0.000844595371746, 0.00151110696606, 0.00227148551494, 0.00173028942663, 0.00131356483325, 0.00162990344688, 0.00157572387252, 0.00132785970345, 0.000863865891006, 0.000466515688458, 0.000358210789273, 0.000198899040697, 0.000179960567039, 0.000176327957888, 0.000157520364155, 0.000136204966111, 0.000228817618336, 0.000212257014937, 2.70696855296e-05, 6.23715152415e-07, 4.95666352407e-09],
        "dvar": [2.04566913453e-06, 9.74280847004e-05, 5.69803305552e-05, 6.6615320975e-06, 2.24683990382e-05, 1.40914755775e-06, 2.1140433546e-06, 7.01365115674e-06, 1.44656060002e-05, 6.63270884615e-06, 4.78600486531e-06, 1.01434279713e-05, 8.12436246633e-06, 4.09927861256e-06, 2.32288721236e-06, 6.30387376077e-07, 1.86661779367e-07, 6.79269334114e-08, 5.61512187858e-08, 5.23352277071e-08, 1.03703975185e-07, 5.08029742718e-08, 1.72931663656e-07, 1.76665238882e-07, 1.59167008462e-08, 4.72280443919e-11, 1.06889721886e-14],
        "dvar2": [5.79493416808e-06, 0.000254734477494, 0.000146618142026, 1.86821871466e-05, 6.12684816588e-05, 3.50312029695e-06, 4.92109120387e-06, 1.54201497935e-05, 2.96742855426e-05, 1.45255271491e-05, 1.21768853205e-05, 2.35067873291e-05, 1.89823222172e-05, 9.38438552112e-06, 5.33097045263e-06, 1.40392489811e-06, 4.41682573182e-07, 1.59578149805e-07, 1.41615771554e-07, 1.1946715972e-07, 2.14204874283e-07, 1.2459041443e-07, 3.76367864874e-07, 3.66330539237e-07, 3.51066979931e-08, 1.0243276366e-10, 3.21630099127e-14],
        "max": [0.0470658652484, 0.409595012665, 0.104861468077, 0.0773760825396, 0.343879193068, 0.0383713245392, 0.0437625944614, 0.0606535449624, 0.0832714661956, 0.0584286786616, 0.054660372436, 0.066984064877, 0.0578468181193, 0.0585153102875, 0.0369700193405, 0.0333215892315, 0.0132920369506, 0.00987866334617, 0.0153376655653, 0.0100304121152, 0.0201847869903, 0.0114661781117, 0.0220836699009, 0.0117870811373, 0.0123099787161, 0.000385234860005, 7.45173247196e-06],
        "mean": [0.000253871665336, 0.00480283843353, 0.00231071072631, 0.000716096197721, 0.000858790474012, 0.000714381865691, 0.000824931426905, 0.00157087156549, 0.00230752048083, 0.00216189352795, 0.00113783206325, 0.00139158125967, 0.0012904467294, 0.00128042476717, 0.000857225735672, 0.000533298007213, 0.000364720501238, 0.000211840917473, 0.000203619900276, 0.000214044310269, 0.000173826527316, 0.000138650939334, 0.000197667817702, 0.000194838663447, 2.47222724283e-05, 6.14246630448e-07, 1.751479628e-09],
        "median": [5.41309418622e-06, 0.000284002162516, 0.00017193039821, 8.4739367594e-05, 0.000229599303566, 0.00020021002274, 0.000173956766957, 0.000219845838728, 0.00037330944906, 0.00040148262633, 0.000311504409183, 0.00032589683542, 0.000289685267489, 0.000374584342353, 0.000291525007924, 0.00017745923833, 0.000161615025718, 8.84878827492e-05, 9.92654386209e-05, 8.78856444615e-05, 6.10825663898e-05, 4.64297118015e-05, 3.63779618056e-05, 2.799262802e-05, 1.47831747199e-06, 3.59341556511e-10, 3.763302725e-10],
        "min": [2.91123153283e-23, 7.9266692243e-24, 5.15415367517e-24, 8.01100713254e-24, 3.49078365853e-23, 2.12104344803e-23, 4.57511557124e-23, 2.93598630358e-23, 7.47511467142e-23, 3.17275911775e-23, 9.40650238942e-23, 5.84428674484e-23, 5.07664462025e-23, 9.24015876133e-23, 1.12103395032e-22, 6.81296565351e-23, 1.79653251424e-22, 1.81247116484e-22, 2.80164972853e-22, 2.46253975617e-22, 3.13907671348e-22, 5.45311851606e-22, 6.69154027022e-22, 6.92223601552e-22, 1.49688600917e-21, 1.40541449488e-21, 2.42251636172e-21],
        "var": [2.61054196926e-06, 0.00017705243954, 4.76649765915e-05, 6.00830480835e-06, 2.80446838588e-05, 2.39649375544e-06, 4.87657280246e-06, 1.65516630659e-05, 3.53031755367e-05, 2.95582449326e-05, 7.46983778299e-06, 1.57901886269e-05, 1.27454768517e-05, 7.68948757468e-06, 4.04416596211e-06, 2.40163490162e-06, 3.9119507278e-07, 1.36984155574e-07, 1.1398509514e-07, 1.49611551592e-07, 3.08785416792e-07, 1.35014659008e-07, 3.15016563945e-07, 3.61640729807e-07, 6.58117684793e-08, 9.87213713555e-11, 5.42133612308e-15]
    },
    "erbbands": {
        "dmean": [0.0905598700047, 0.724274814129, 2.61233305931, 2.69872903824, 2.05691409111, 2.42909383774, 3.04637527466, 3.89847612381, 6.0074338913, 11.7855062485, 25.234041214, 33.6296463013, 37.7160758972, 32.0358734131, 29.3171062469, 42.0830078125, 43.0876808167, 37.6951637268, 34.1461372375, 20.0766944885, 15.4967603683, 10.2997121811, 7.00087165833, 6.45485544205, 5.5183968544, 5.25703525543, 4.71489191055, 3.54114627838, 3.12048912048, 3.35021495819, 4.56111812592, 3.01104903221, 2.34963011742, 0.408955901861, 0.0372681953013, 0.00520497467369, 0.000185758079169, 1.92815077753e-05, 7.98335076979e-06, 1.1430516679e-05],
        "dmean2": [0.127649620175, 0.97449862957, 4.16418790817, 4.66199016571, 3.56105661392, 3.94368100166, 4.89220666885, 6.21750688553, 9.53294181824, 18.0031490326, 37.7571029663, 50.0503768921, 55.4654083252, 50.6665496826, 46.5315551758, 64.7088623047, 67.5720901489, 57.8723602295, 52.0831871033, 31.098941803, 24.0839214325, 16.2130584717, 10.8416547775, 10.0608778, 8.45902919769, 8.17799282074, 7.25815296173, 5.42202568054, 4.83920097351, 5.19274997711, 7.06070566177, 4.46966695786, 3.63806200027, 0.654349982738, 0.0537793636322, 0.0078933024779, 0.000284024397843, 2.97864280583e-05, 1.14640224638e-05, 1.58164875756e-05],
        "dvar": [0.147490993142, 5.23451471329, 61.9742431641, 68.358039856, 113.641654968, 484.634002686, 67.6880950928, 141.233383179, 311.128723145, 915.185546875, 4071.03417969, 8810.71191406, 9056.74902344, 5040.30126953, 9473.171875, 15928.5351562, 15755.4267578, 8363.30566406, 6966.72998047, 3723.96557617, 1425.36584473, 358.790344238, 202.069961548, 179.4871521, 108.238098145, 99.6688079834, 226.386611938, 81.4112701416, 61.5442237854, 62.1619377136, 218.460525513, 98.8087615967, 41.9364051819, 3.59598398209, 0.521839082241, 0.00907055754215, 4.91812988912e-06, 2.75441465192e-08, 6.54271803402e-10, 3.51317364089e-10],
        "dvar2": [0.434517472982, 12.7963314056, 155.07232666, 185.345291138, 341.854492188, 1214.95910645, 174.957015991, 358.87411499, 697.973571777, 2008.79077148, 8331.35644531, 18242.9960938, 18131.3496094, 12540.5078125, 23558.3242188, 34666.5234375, 36055.2226562, 18278.8066406, 15448.9101562, 8349.75488281, 3096.95483398, 844.215820312, 466.016235352, 422.622589111, 253.178924561, 232.071456909, 474.679107666, 176.544219971, 150.599182129, 143.232116699, 466.855377197, 204.260635376, 93.5467224121, 8.59955501556, 1.16572332382, 0.0203344523907, 1.0868242498e-05, 7.28022868657e-08, 1.74792658125e-09, 8.21075263335e-10],
        "max": [13.3702039719, 96.1942672729, 152.242385864, 142.665908813, 622.302185059, 1882.52038574, 472.326629639, 432.917663574, 579.229370117, 938.328674316, 1441.24279785, 2024.81420898, 1995.64538574, 1839.94262695, 2570.02709961, 3154.48095703, 3232.23168945, 2241.18017578, 2185.38671875, 2135.87475586, 2161.42138672, 687.992126465, 593.82800293, 810.297302246, 412.390350342, 399.665863037, 894.566894531, 402.339782715, 373.203704834, 347.182891846, 891.241882324, 280.88684082, 155.864746094, 139.023803711, 74.5385284424, 10.9550304413, 0.244454279542, 0.0122760264203, 0.0019275394734, 0.000890220922884],
        "mean": [0.141636118293, 1.06004917622, 2.6917681694, 2.63397812843, 2.26160001755, 3.17455792427, 4.64863204956, 5.58266019821, 8.88421630859, 19.0625610352, 42.6210250854, 51.4508323669, 72.7334365845, 56.7668571472, 43.5570755005, 60.1200561523, 60.8011398315, 62.9238586426, 57.5295295715, 35.2987136841, 30.0870342255, 18.6126613617, 12.5035095215, 11.2973251343, 10.0121393204, 10.1048870087, 8.29008579254, 5.99435043335, 5.0539317131, 4.72513198853, 5.99992418289, 4.27420568466, 3.05192804337, 0.564024209976, 0.082984559238, 0.0105149094015, 0.000357780168997, 3.37445235346e-05, 1.96478522412e-05, 3.15114048135e-05],
        "median": [0.00556022766978, 0.0683519989252, 0.23435536027, 0.333928883076, 0.509883165359, 0.762296795845, 1.10822153091, 1.62516403198, 2.62865829468, 4.18057632446, 7.10307788849, 10.3507413864, 13.1913566589, 16.1304512024, 13.9255638123, 15.0083751678, 14.9779939651, 21.6597156525, 19.940826416, 13.4064598083, 11.1086053848, 8.75109481812, 5.46979427338, 5.39490699768, 4.77262592316, 4.16239118576, 2.96087741852, 2.18772339821, 1.73286914825, 1.18478906155, 1.02072572708, 0.631265044212, 0.438391208649, 0.0597142726183, 0.00159119116142, 0.000116607159725, 2.59266471403e-05, 7.15917258276e-06, 1.25271762954e-05, 2.2084430384e-05],
        "min": [4.72499560914e-22, 1.11248542441e-21, 5.34489982554e-21, 3.04474843723e-20, 9.04431979312e-20, 4.12996384134e-20, 3.21188738858e-20, 2.03578893971e-19, 6.01732691698e-19, 1.01240175794e-18, 1.00874086335e-18, 1.25362396138e-18, 1.0825418142e-18, 3.0378166637e-18, 2.37326679061e-18, 2.50843926964e-18, 2.07956080448e-18, 4.9219674222e-18, 5.10604323263e-18, 5.34803574802e-18, 4.94877386431e-18, 9.11445997862e-18, 8.81323223239e-18, 1.09316368181e-17, 1.10659726039e-17, 1.15939818412e-17, 1.43855129222e-17, 1.23978127994e-17, 1.90095766234e-17, 1.7462217828e-17, 1.93737528143e-17, 1.58002448869e-17, 1.25355458161e-17, 1.58651802193e-17, 9.65905666877e-18, 5.70391862604e-18, 2.81559273098e-18, 1.21781086657e-18, 3.6193895163e-19, 3.72123903728e-20],
        "var": [0.219042375684, 8.2931022644, 60.0643463135, 56.4489593506, 135.518066406, 611.463256836, 110.374977112, 202.218811035, 496.212921143, 2370.97729492, 10664.4111328, 17974.7929688, 37113.6328125, 13552.8925781, 12245.3808594, 27885.8066406, 25737.5800781, 18008.4921875, 13270.2910156, 7168.41699219, 7578.84277344, 939.39074707, 468.434783936, 359.874725342, 281.084472656, 311.513702393, 553.788574219, 292.341827393, 172.904800415, 156.777877808, 370.620391846, 200.353027344, 77.4238204956, 11.509636879, 2.25023341179, 0.0324065834284, 1.98020752578e-05, 6.65853363557e-08, 1.66007463331e-09, 1.25723820243e-09]
    },
    "gfcc": {
        "mean": [-50.8835105896, 110.286376953, -180.275894165, 40.5707778931, -75.9554672241, 28.9244804382, -25.2033481598, -4.74688434601, 2.24379086494, -19.7689170837, 6.72656869888, -23.2098712921, 4.33427429199],
        "cov": [[6081.34423828, -145.797927856, 599.967773438, 601.497070312, -198.370788574, 240.072174072, -250.155838013, 125.93359375, -41.5058631897, 162.016296387, -11.403801918, -157.083465576, 7.37432193756], [-145.797927856, 1059.34082031, 334.236206055, 150.100830078, 350.939178467, 14.2933702469, 231.719177246, -28.6916313171, 76.5932312012, -39.7030792236, 83.3072738647, -40.8465309143, 5.39866161346], [599.967773438, 334.236206055, 1509.17272949, 807.162780762, 175.554656982, 384.486114502, -126.740837097, 153.263214111, -16.1934452057, 121.602409363, 20.4521102905, 2.11802864075, -32.6670341492], [601.497070312, 150.100830078, 807.162780762, 745.728210449, 206.957382202, 231.188110352, -77.0644226074, 92.0802307129, 27.8042106628, 67.6745376587, 23.2520542145, 24.8570041656, -15.5628499985], [-198.370788574, 350.939178467, 175.554656982, 206.957382202, 448.603820801, 197.132064819, 239.977722168, 54.4809761047, 95.0277709961, 30.3700122833, 36.7896957397, 15.9359998703, -0.26231226325], [240.072174072, 14.2933702469, 384.486114502, 231.188110352, 197.132064819, 370.955047607, 160.747833252, 92.3280715942, 8.13630008698, 36.7261047363, 26.3338871002, 19.0436954498, -9.70773410797], [-250.155838013, 231.719177246, -126.740837097, -77.0644226074, 239.977722168, 160.747833252, 456.290222168, 57.9520568848, 47.1791114807, -16.2225131989, 29.9992198944, 20.7909088135, 7.96201324463], [125.93359375, -28.6916313171, 153.263214111, 92.0802307129, 54.4809761047, 92.3280715942, 57.9520568848, 167.113479614, 42.8736038208, 31.4247207642, 9.04936027527, 8.62899494171, 9.03818035126], [-41.5058631897, 76.5932312012, -16.1934452057, 27.8042106628, 95.0277709961, 8.13630008698, 47.1791114807, 42.8736038208, 180.710449219, 77.7709884644, 13.6061306, -21.5598812103, -11.6262435913], [162.016296387, -39.7030792236, 121.602409363, 67.6745376587, 30.3700122833, 36.7261047363, -16.2225131989, 31.4247207642, 77.7709884644, 137.753097534, 21.7481384277, -12.7917661667, -7.58791303635], [-11.403801918, 83.3072738647, 20.4521102905, 23.2520542145, 36.7896957397, 26.3338871002, 29.9992198944, 9.04936027527, 13.6061306, 21.7481384277, 91.8541259766, 35.223991394, 4.45636940002], [-157.083465576, -40.8465309143, 2.11802864075, 24.8570041656, 15.9359998703, 19.0436954498, 20.7909088135, 8.62899494171, -21.5598812103, -12.7917661667, 35.223991394, 101.637382507, 24.9655590057], [7.37432193756, 5.39866161346, -32.6670341492, -15.5628499985, -0.26231226325, -9.70773410797, 7.96201324463, 9.03818035126, -11.6262435913, -7.58791303635, 4.45636940002, 24.9655590057, 84.5619277954]],
        "icov": [[0.000232932521612, -0.000191655111848, 0.000276038394077, -0.000388737826142, 0.000414836948039, -0.000401913275709, 0.000122654397273, -0.000203353760298, 0.000251466233749, -0.000435543741332, 9.88170722849e-05, 0.000370124238543, -0.000126641083625], [-0.000191655111848, 0.00382683845237, -0.00279286550358, 0.0012919906294, -0.00303550600074, 0.00386229460128, -0.00214673113078, 0.00210196408443, -0.00172341428697, 0.00392956566066, -0.00433367164806, 0.00291622430086, -0.00117421825416], [0.000276038394077, -0.00279286550358, 0.00420955056325, -0.00290985312313, 0.00252327369526, -0.00410700356588, 0.00210829870775, -0.00222782418132, 0.00229520746507, -0.00397030869499, 0.00310418638401, -0.00127243821044, 0.00099221302662], [-0.000388737826142, 0.0012919906294, -0.00290985312313, 0.00481793703511, -0.00290596368723, 0.00136756047141, 0.00042983610183, 0.000620572536718, -0.00132504268549, 0.00209405110218, -0.00123961642385, -0.000739305687603, 4.45145051344e-05], [0.000414836948039, -0.00303550600074, 0.00252327369526, -0.00290596368723, 0.00758100673556, -0.00437624752522, -0.000513272010721, -0.000828350312077, -0.00059498148039, -0.00278216646984, 0.00280338875018, -0.00162483996246, 0.000256070226897], [-0.000401913275709, 0.00386229460128, -0.00410700356588, 0.00136756047141, -0.00437624752522, 0.00992335192859, -0.00404686760157, 0.00097139342688, -0.000483786221594, 0.00330779445358, -0.00437635742128, 0.0021636816673, -0.000321435189107], [0.000122654397273, -0.00214673113078, 0.00210829870775, 0.00042983610183, -0.000513272010721, -0.00404686760157, 0.00580292427912, -0.00223845755681, 0.000780695409048, -0.00132795458194, 0.00193865620531, -0.00181833584793, 0.00066946138395], [-0.000203353760298, 0.00210196408443, -0.00222782418132, 0.000620572536718, -0.000828350312077, 0.00097139342688, -0.00223845755681, 0.00931372027844, -0.00328546133824, 0.00217068241909, -0.00195330614224, 0.000764576892834, -0.0019183633849], [0.000251466233749, -0.00172341428697, 0.00229520746507, -0.00132504268549, -0.00059498148039, -0.000483786221594, 0.000780695409048, -0.00328546133824, 0.0108403209597, -0.00729521922767, 0.00163586449344, 0.00072464562254, 0.00148681073915], [-0.000435543741332, 0.00392956566066, -0.00397030869499, 0.00209405110218, -0.00278216646984, 0.00330779445358, -0.00132795458194, 0.00217068241909, -0.00729521922767, 0.015916582197, -0.00686058448628, 0.00354732945561, -0.00135765480809], [9.88170722849e-05, -0.00433367164806, 0.00310418638401, -0.00123961642385, 0.00280338875018, -0.00437635742128, 0.00193865620531, -0.00195330614224, 0.00163586449344, -0.00686058448628, 0.0187676362693, -0.00870315171778, 0.00196133740246], [0.000370124238543, 0.00291622430086, -0.00127243821044, -0.000739305687603, -0.00162483996246, 0.0021636816673, -0.00181833584793, 0.000764576892834, 0.00072464562254, 0.00354732945561, -0.00870315171778, 0.0166836697608, -0.00456223171204], [-0.000126641083625, -0.00117421825416, 0.00099221302662, 4.45145051344e-05, 0.000256070226897, -0.000321435189107, 0.00066946138395, -0.0019183633849, 0.00148681073915, -0.00135765480809, 0.00196133740246, -0.00456223171204, 0.0137352123857]]
    },
    "melbands": {
        "dmean": [0.000763100397307, 0.00114239309914, 0.000439055584138, 0.000160361843882, 0.000100983386801, 8.84470355231e-05, 9.71140616457e-05, 0.000142524047988, 0.000220225309022, 0.00021588805248, 0.00018960115267, 0.000133252819069, 0.000101866135083, 0.000109897526272, 0.000113500813313, 9.31452668738e-05, 7.61928167776e-05, 6.39688078081e-05, 3.86016581615e-05, 2.33245882555e-05, 1.93872128875e-05, 1.22275105241e-05, 8.77020829648e-06, 5.79896550335e-06, 5.61791330256e-06, 4.43816907136e-06, 3.87731188312e-06, 3.78799313694e-06, 3.22157234223e-06, 2.77385652225e-06, 2.07283187592e-06, 1.83125587228e-06, 1.79917310561e-06, 1.99372152565e-06, 2.99126782011e-06, 2.24290920414e-06, 1.81957921086e-06, 1.82639280411e-06, 1.17338493055e-06, 1.03230860304e-07],
        "dmean2": [0.000973116548266, 0.0016465469962, 0.000739828450605, 0.000270791555522, 0.00016255355149, 0.00014040710812, 0.000155011002789, 0.000219247725909, 0.000327718385961, 0.000323295855196, 0.000280283711618, 0.000209277248359, 0.000162614014698, 0.000172606436536, 0.000174829299795, 0.000145119731314, 0.000117543284432, 9.81373959803e-05, 6.00443527219e-05, 3.5904969991e-05, 3.07216141664e-05, 1.95199372683e-05, 1.39448602567e-05, 9.05124215933e-06, 8.90075534699e-06, 6.92098956279e-06, 6.04244360147e-06, 5.97672942604e-06, 5.05085654368e-06, 4.31076341556e-06, 3.22586174661e-06, 2.86699287244e-06, 2.82270138996e-06, 3.13795521834e-06, 4.77516368846e-06, 3.41000531989e-06, 2.7578719255e-06, 2.86485010292e-06, 1.88846649962e-06, 1.70836329971e-07],
        "dvar": [8.14718714537e-06, 1.07642326839e-05, 1.70371231434e-06, 1.49109484937e-06, 1.5367884032e-07, 6.43046362825e-08, 7.27020221802e-08, 1.35884334895e-07, 2.95785753224e-07, 3.47821639934e-07, 2.27221576665e-07, 8.80168755657e-08, 9.2515939798e-08, 1.25264065787e-07, 1.24283346281e-07, 7.09478342742e-08, 3.53915616813e-08, 2.56138026344e-08, 1.47096885783e-08, 5.12108044859e-09, 2.24168195118e-09, 5.73119052216e-10, 3.56700002868e-10, 1.49275924954e-10, 1.58084281776e-10, 8.13855580151e-11, 6.80285064392e-11, 5.53972839823e-11, 7.04739946955e-11, 1.37429234659e-10, 2.99606311982e-11, 2.3475055233e-11, 2.36727980968e-11, 2.05890200722e-11, 1.24058541218e-10, 4.79932864283e-11, 4.12280418138e-11, 2.61599353291e-11, 1.27507154141e-11, 2.42006783537e-12],
        "dvar2": [2.26306929108e-05, 2.59470725723e-05, 4.50177731182e-06, 4.10015127272e-06, 3.97805223429e-07, 1.61470623539e-07, 1.65961694165e-07, 2.98891109196e-07, 5.98077576797e-07, 7.14146040082e-07, 4.61460558654e-07, 2.14502065887e-07, 2.28846772643e-07, 2.92725957252e-07, 2.80082190329e-07, 1.57880137408e-07, 7.86692524457e-08, 5.69309150933e-08, 3.42902026773e-08, 1.12820828235e-08, 5.03634245419e-09, 1.35936772949e-09, 8.78016326311e-10, 3.5082245442e-10, 3.88010235053e-10, 2.03822833611e-10, 1.60848084851e-10, 1.31659086411e-10, 1.5444548418e-10, 2.74855055382e-10, 7.08980374409e-11, 5.78906575455e-11, 5.85602955017e-11, 4.85252636684e-11, 2.67391275788e-10, 1.05286730723e-10, 8.63217483604e-11, 5.85744924786e-11, 3.11440144507e-11, 6.19290643072e-12],
        "max": [0.101782210171, 0.0862675309181, 0.0294932220131, 0.083613447845, 0.0318347737193, 0.00876856409013, 0.00895017292351, 0.00862869247794, 0.0104004992172, 0.0142630748451, 0.0101349996403, 0.00769892707467, 0.00791856274009, 0.0082067809999, 0.00708224950358, 0.00600498262793, 0.00400229450315, 0.00517096649855, 0.00342396250926, 0.00196734187193, 0.00234322226606, 0.00081433187006, 0.000712287670467, 0.000454449531389, 0.000774125568569, 0.000401857338147, 0.00037055532448, 0.000259887805441, 0.000305264111375, 0.000880820443854, 0.000282690714812, 0.000199678732315, 0.000241606379859, 0.000175815948751, 0.000773698207922, 0.000173831489519, 0.000201352828299, 0.000131365246489, 0.000126213461044, 0.000127015242469],
        "mean": [0.00130300142337, 0.00143921445124, 0.000453717802884, 0.000193204599782, 0.000154488894623, 0.000129232372274, 0.000149123297888, 0.00023136503296, 0.000364433479263, 0.000326065142872, 0.000360099104, 0.000228157048696, 0.000146793347085, 0.000149615618284, 0.000147847109474, 0.000127238265122, 0.000117219729873, 9.91347405943e-05, 5.9608995798e-05, 3.86703832191e-05, 3.43267856806e-05, 2.01844741241e-05, 1.40663169077e-05, 9.48045726545e-06, 9.1278079708e-06, 7.27417636881e-06, 6.78931019138e-06, 6.78015476296e-06, 5.40579003427e-06, 4.30117324868e-06, 3.22779374073e-06, 2.87123657472e-06, 2.57408169091e-06, 2.63588981397e-06, 3.65933351532e-06, 3.03581646222e-06, 2.43523709287e-06, 2.31125113714e-06, 1.40924805692e-06, 1.77419849479e-07],
        "median": [7.019941404e-05, 0.000123015444842, 6.71900852467e-05, 4.60580267827e-05, 3.95711176679e-05, 3.69113840861e-05, 3.95045208279e-05, 4.41568990937e-05, 5.39483698958e-05, 5.59071777388e-05, 5.78307881369e-05, 5.83493820159e-05, 4.33887653344e-05, 3.8147358282e-05, 3.1960717024e-05, 3.00688770949e-05, 3.55875235982e-05, 2.95871504932e-05, 1.97904264496e-05, 1.30770386022e-05, 1.2088560652e-05, 9.24500454857e-06, 5.49561355001e-06, 3.83792848879e-06, 3.88386433769e-06, 3.30747343469e-06, 2.94825827041e-06, 2.52988252214e-06, 1.8509176698e-06, 1.37733263728e-06, 1.11741678666e-06, 9.67834694166e-07, 7.4173806297e-07, 5.85415932619e-07, 5.91586967857e-07, 4.7551247917e-07, 3.26544977725e-07, 3.15997624512e-07, 1.85471634495e-07, 4.22764223629e-09],
        "min": [4.203615333e-24, 2.2042446077e-24, 7.35638668756e-24, 6.66929436114e-24, 9.76252150851e-25, 5.34257113023e-24, 9.11997911563e-24, 1.25796855988e-23, 9.85770605698e-24, 7.91312211598e-24, 5.08669462929e-24, 1.07837624954e-23, 8.94054008097e-24, 5.68389073354e-24, 7.37072186793e-24, 4.42257708787e-24, 9.8132852994e-24, 7.41572717144e-24, 9.85379882891e-24, 4.58212262823e-24, 6.26708455671e-24, 9.83183615245e-24, 7.35517341949e-24, 8.19260606837e-24, 8.26270109296e-24, 1.08549666584e-23, 6.89013044953e-24, 7.3900087282e-24, 8.96336813784e-24, 7.91820790223e-24, 7.66496619672e-24, 1.01521428678e-23, 1.06975494648e-23, 9.28292701308e-24, 1.19739997735e-23, 9.3469659525e-24, 9.48048302729e-24, 8.30206840758e-24, 9.59505402972e-24, 1.25569056624e-23],
        "var": [1.46383690662e-05, 1.39942103488e-05, 1.70177690961e-06, 1.83363113138e-06, 2.103918888e-07, 9.76187664037e-08, 1.32514202278e-07, 3.3245726172e-07, 7.98502583166e-07, 7.514124718e-07, 9.45578506162e-07, 2.43439330916e-07, 1.35960547709e-07, 1.83778524843e-07, 1.90924083654e-07, 1.2727808496e-07, 7.17249477589e-08, 4.64898768371e-08, 2.3207695321e-08, 1.09482547472e-08, 1.04400497136e-08, 1.20658549818e-09, 7.51299189528e-10, 2.9322830275e-10, 2.6919502738e-10, 1.70716704662e-10, 1.55622070785e-10, 1.5239404183e-10, 1.71571187813e-10, 3.45955430969e-10, 8.49582348916e-11, 5.96193580615e-11, 5.38974594122e-11, 4.57343052318e-11, 1.89261634143e-10, 8.41295505483e-11, 7.88347512271e-11, 4.70456902602e-11, 1.95463679964e-11, 7.96852948209e-12]
    },
    "mfcc": {
        "mean": [-658.987243652, 108.664207458, -29.3436737061, 2.3624317646, -9.98741817474, 13.9647111893, -5.55528116226, 10.7451372147, -3.39657783508, 14.0850639343, -6.33176326752, 6.25878810883, -7.29599046707],
        "cov": [[5489.91162109, -445.871032715, 419.352600098, 251.847290039, 52.8073425293, 57.6965484619, -92.6139068604, -101.190422058, -70.2679443359, 158.250961304, -80.5040359497, 103.038993835, -40.9851531982], [-445.871032715, 956.826721191, -39.5609283447, 119.932006836, 59.1184310913, 90.7545394897, 166.448989868, 69.4715270996, 62.2726402283, 21.5445766449, 66.6404571533, 15.41177845, 32.1267814636], [419.352600098, -39.5609283447, 1375.48828125, 458.556427002, 472.970611572, 191.667785645, 95.4661407471, 23.2138633728, 7.55010271072, 54.6956062317, 29.1468467712, 73.0562820435, 43.7567481995], [251.847290039, 119.932006836, 458.556427002, 478.15612793, 291.797729492, 142.874725342, 50.7764358521, 47.5815696716, 41.8147735596, 44.6330299377, 31.8344554901, 55.4424591064, 45.7148284912], [52.8073425293, 59.1184310913, 472.970611572, 291.797729492, 431.067687988, 166.011932373, 57.5678253174, 44.1619415283, 54.7875175476, 56.2381248474, 46.3906059265, 64.426612854, 48.6372833252], [57.6965484619, 90.7545394897, 191.667785645, 142.874725342, 166.011932373, 332.116912842, 181.218826294, 109.631195068, 85.3304748535, 57.5397872925, 66.8246841431, 70.3413009644, 35.3042793274], [-92.6139068604, 166.448989868, 95.4661407471, 50.7764358521, 57.5678253174, 181.218826294, 326.189605713, 170.112686157, 86.5795974731, 21.1361312866, 45.2243843079, 25.0282058716, 27.133014679], [-101.190422058, 69.4715270996, 23.2138633728, 47.5815696716, 44.1619415283, 109.631195068, 170.112686157, 216.536514282, 71.4974212646, 14.5569458008, 34.7145233154, 30.4572277069, 19.9116611481], [-70.2679443359, 62.2726402283, 7.55010271072, 41.8147735596, 54.7875175476, 85.3304748535, 86.5795974731, 71.4974212646, 168.354064941, 69.301902771, 53.2689361572, 25.3238754272, 18.2716598511], [158.250961304, 21.5445766449, 54.6956062317, 44.6330299377, 56.2381248474, 57.5397872925, 21.1361312866, 14.5569458008, 69.301902771, 136.802124023, 55.4816818237, 32.59375, 1.95189976692], [-80.5040359497, 66.6404571533, 29.1468467712, 31.8344554901, 46.3906059265, 66.8246841431, 45.2243843079, 34.7145233154, 53.2689361572, 55.4816818237, 127.955833435, 59.2150650024, 26.9533653259], [103.038993835, 15.41177845, 73.0562820435, 55.4424591064, 64.426612854, 70.3413009644, 25.0282058716, 30.4572277069, 25.3238754272, 32.59375, 59.2150650024, 119.765289307, 48.6158447266], [-40.9851531982, 32.1267814636, 43.7567481995, 45.7148284912, 48.6372833252, 35.3042793274, 27.133014679, 19.9116611481, 18.2716598511, 1.95189976692, 26.9533653259, 48.6158447266, 81.792388916]],
