{
"lowlevel": {
    "average_loudness": 0.893897294998,
    "barkbands_crest": {
        "dmean": 2.39924812317,
        "dmean2": 3.97754073143,
        "dvar": 5.3230099678,
        "dvar2": 14.0065774918,
        "max": 24.7071380615,
        "mean": 8.07923984528,
        "median": 7.25791311264,
        "min": 2.35892510414,
        "var": 12.0832624435
    },
    "barkbands_flatness_db": {
        "dmean": 0.0160134527832,
        "dmean2": 0.0254356600344,
        "dvar": 0.000225366908126,
        "dvar2": 0.00054846011335,
        "max": 0.24863640964,
        "mean": 0.0951203033328,
        "median": 0.0895254611969,
        "min": 0.0122273266315,
        "var": 0.00127829657868
    },
    "barkbands_kurtosis": {
        "dmean": 1.36298274994,
        "dmean2": 2.19908237457,
        "dvar": 4.56110906601,
        "dvar2": 10.890586853,
        "max": 40.7583961487,
        "mean": 1.19230914116,
        "median": 0.367535591125,
        "min": -1.93685305119,
        "var": 9.59875488281
    },
    "barkbands_skewness": {
        "dmean": 0.428948193789,
        "dmean2": 0.666933774948,
        "dvar": 0.198673740029,
        "dvar2": 0.444610923529,
        "max": 5.80134725571,
        "mean": 1.03330528736,
        "median": 0.939315438271,
        "min": -2.97806835175,
        "var": 0.705462157726
    },
    "barkbands_spread": {
        "dmean": 6.22698926926,
        "dmean2": 9.69567584991,
        "dvar": 64.3957214355,
        "dvar2": 127.38910675,
        "max": 122.96913147,
        "mean": 30.4240970612,
        "median": 28.2232704163,
        "min": 3.33203291893,
        "var": 264.077819824
    },
    "dissonance": {
        "dmean": 0.013227478601,
        "dmean2": 0.0225130058825,
        "dvar": 0.000169667997397,
        "dvar2": 0.000470063096145,
        "max": 0.500000059605,
        "mean": 0.474644422531,
        "median": 0.48021504283,
        "min": 0.338986754417,
        "var": 0.000434551766375
    },
    "dynamic_complexity": 3.2238407135,
    "erbbands_crest": {
        "dmean": 2.16145586967,
        "dmean2": 3.53856015205,
        "dvar": 4.28670787811,
        "dvar2": 10.7302770615,
        "max": 25.8785514832,
        "mean": 7.80090475082,
        "median": 6.86641788483,
        "min": 2.15402626991,
        "var": 13.8689870834
    },
    "erbbands_flatness_db": {
        "dmean": 0.0138692008331,
        "dmean2": 0.0209902692586,
        "dvar": 0.000165197052411,
        "dvar2": 0.000353163748514,
        "max": 0.277909815311,
        "mean": 0.137800306082,
        "median": 0.13178986311,
        "min": 0.0367259569466,
        "var": 0.00192617368884
    },
    "erbbands_kurtosis": {
        "dmean": 0.58729404211,
        "dmean2": 0.947239160538,
        "dvar": 0.570376634598,
        "dvar2": 1.37996602058,
        "max": 14.8338375092,
        "mean": -0.0731763467193,
        "median": -0.363188147545,
        "min": -1.76573860645,
        "var": 1.52643573284
    },
    "erbbands_skewness": {
        "dmean": 0.287465840578,
        "dmean2": 0.442373603582,
        "dvar": 0.0741434693336,
        "dvar2": 0.156737729907,
        "max": 2.71676588058,
        "mean": 0.104058220983,
        "median": 0.100408956409,
        "min": -3.38795733452,
        "var": 0.449020802975
    },
    "erbbands_spread": {
        "dmean": 7.56046056747,
        "dmean2": 11.8060026169,
        "dvar": 72.6711959839,
        "dvar2": 164.021896362,
        "max": 160.536102295,
        "mean": 42.1442108154,
        "median": 40.141204834,
        "min": 7.96295022964,
        "var": 347.427276611
    },
    "hfc": {
        "dmean": 7.56399536133,
        "dmean2": 11.115023613,
        "dvar": 162.367721558,
        "dvar2": 308.763092041,
        "max": 207.156524658,
        "mean": 28.7483558655,
        "median": 22.7032642365,
        "min": 1.534290206e-08,
        "var": 635.748413086
    },
    "melbands_crest": {
        "dmean": 3.05119919777,
        "dmean2": 5.00665092468,
        "dvar": 7.44146203995,
        "dvar2": 19.364233017,
        "max": 28.3445472717,
        "mean": 11.345246315,
        "median": 10.5355453491,
        "min": 3.05233955383,
        "var": 18.7526187897
    },
    "melbands_flatness_db": {
        "dmean": 0.0209938492626,
        "dmean2": 0.0329295136034,
        "dvar": 0.000423720077379,
        "dvar2": 0.00102645775769,
        "max": 0.333140909672,
        "mean": 0.143942177296,
        "median": 0.138802289963,
        "min": 0.0145924091339,
        "var": 0.00172670907341
    },
    "melbands_kurtosis": {
        "dmean": 4.41477298737,
        "dmean2": 7.07572698593,
        "dvar": 54.4538116455,
        "dvar2": 133.779647827,
        "max": 110.513137817,
        "mean": 7.88613510132,
        "median": 4.52855443954,
        "min": -1.69495344162,
        "var": 107.823455811
    },
    "melbands_skewness": {
        "dmean": 0.612082839012,
        "dmean2": 0.965512573719,
        "dvar": 0.444427073002,
        "dvar2": 1.04076063633,
        "max": 8.91226863861,
        "mean": 2.16456866264,
        "median": 1.93603038788,
        "min": -1.21069991589,
        "var": 1.6821731329
    },
    "melbands_spread": {
        "dmean": 9.04478645325,
        "dmean2": 13.9373941422,
        "dvar": 160.311965942,
        "dvar2": 312.066558838,
        "max": 273.86138916,
        "mean": 33.3992652893,
        "median": 28.8739185333,
        "min": 2.81080794334,
        "var": 452.894622803
    },
    "pitch_salience": {
        "dmean": 0.0646291524172,
        "dmean2": 0.106654591858,
        "dvar": 0.00348758371547,
        "dvar2": 0.00918446481228,
        "max": 0.869890034199,
        "mean": 0.607516825199,
        "median": 0.612023711205,
        "min": 0.18690598011,
        "var": 0.011967420578
    },
    "silence_rate_20dB": {
        "dmean": 0,
        "dmean2": 0,
        "dvar": 0,
        "dvar2": 0,
        "max": 1,
        "mean": 1,
        "median": 1,
        "min": 1,
        "var": 0
    },
    "silence_rate_30dB": {
        "dmean": 0,
        "dmean2": 0,
        "dvar": 0,
        "dvar2": 0,
        "max": 1,
        "mean": 1,
        "median": 1,
        "min": 1,
        "var": 0
    },
    "silence_rate_60dB": {
        "dmean": 0.00952712912112,
        "dmean2": 0.0190564729273,
        "dvar": 0.00943708792329,
        "dvar2": 0.0224139131606,
        "max": 1,
        "mean": 0.109433084726,
        "median": 0,
        "min": 0,
        "var": 0.0974457263947
    },
    "spectral_centroid": {
        "dmean": 263.344146729,
        "dmean2": 408.637542725,
        "dvar": 77853.9609375,
        "dvar2": 163145.0625,
        "max": 5625.47900391,
        "mean": 1815.37670898,
        "median": 1824.44384766,
        "min": 350.83505249,
        "var": 321183.96875
    },
    "spectral_complexity": {
        "dmean": 3.95375847816,
        "dmean2": 6.10446214676,
        "dvar": 15.2654237747,
        "dvar2": 32.6923179626,
        "max": 54,
        "mean": 21.5798091888,
        "median": 22,
        "min": 0,
        "var": 96.5961532593
    },
    "spectral_decrease": {
        "dmean": 1.83862802761e-09,
        "dmean2": 2.86517609638e-09,
        "dvar": 6.3096931807e-18,
        "dvar2": 1.5135386889e-17,
        "max": -4.77160364197e-20,
        "mean": -5.65095215066e-09,
        "median": -5.07385067294e-09,
        "min": -2.86851378206e-08,
        "var": 1.61378255667e-17
    },
    "spectral_energy": {
        "dmean": 0.00733744073659,
        "dmean2": 0.0114135602489,
        "dvar": 9.59300232353e-05,
        "dvar2": 0.00022960586648,
        "max": 0.113005064428,
        "mean": 0.02393553406,
        "median": 0.0219352114946,
        "min": 1.5717402423e-12,
        "var": 0.000269064417807
    },
    "spectral_energyband_high": {
        "dmean": 0.000543523463421,
        "dmean2": 0.000783031573519,
        "dvar": 1.60325873821e-06,
        "dvar2": 2.80799349639e-06,
        "max": 0.0206040386111,
        "mean": 0.00152522104327,
        "median": 0.000999123905785,
        "min": 1.19263388228e-12,
        "var": 4.90885622639e-06
    },
    "spectral_energyband_low": {
        "dmean": 0.00335166649893,
        "dmean2": 0.00544767873362,
        "dvar": 4.73165709991e-05,
        "dvar2": 0.000116668234114,
        "max": 0.0741197317839,
        "mean": 0.00530179264024,
        "median": 0.00334686879069,
        "min": 3.46389685327e-14,
        "var": 5.57520615985e-05
    },
    "spectral_energyband_middle_high": {
        "dmean": 0.00217790529132,
        "dmean2": 0.00337711162865,
        "dvar": 8.64935100253e-06,
        "dvar2": 2.17375145439e-05,
        "max": 0.0469461530447,
        "mean": 0.00748332915828,
        "median": 0.00436696968973,
        "min": 2.39890545579e-13,
        "var": 5.63567627978e-05
    },
    "spectral_energyband_middle_low": {
        "dmean": 0.00437349220738,
        "dmean2": 0.00686325924471,
        "dvar": 4.17421106249e-05,
        "dvar2": 0.000103589634818,
        "max": 0.0811079144478,
        "mean": 0.0104426080361,
        "median": 0.00855055917054,
        "min": 6.93234125703e-14,
        "var": 8.23964510346e-05
    },
    "spectral_entropy": {
        "dmean": 0.110175721347,
        "dmean2": 0.16486158967,
        "dvar": 0.0133740734309,
        "dvar2": 0.0257031321526,
        "max": 8.94297027588,
        "mean": 7.84321737289,
        "median": 7.8436088562,
        "min": 6.70324897766,
        "var": 0.0857386514544
    },
    "spectral_flux": {
        "dmean": 0.0202762726694,
        "dmean2": 0.0312336850911,
        "dvar": 0.000560451648198,
        "dvar2": 0.00116436916869,
        "max": 0.262763351202,
        "mean": 0.0822741314769,
        "median": 0.0776257514954,
        "min": 4.3917716539e-05,
        "var": 0.00169751653448
    },
    "spectral_kurtosis": {
        "dmean": 0.824720561504,
        "dmean2": 1.37728869915,
        "dvar": 0.656462132931,
        "dvar2": 1.82528960705,
        "max": 12.7171812057,
        "mean": 3.3668692112,
        "median": 3.1453037262,
        "min": -1.46696782112,
        "var": 2.93276524544
    },
    "spectral_rms": {
        "dmean": 0.000685678736772,
        "dmean2": 0.00104225496762,
        "dvar": 6.13101633462e-07,
        "dvar2": 1.36900439429e-06,
        "max": 0.0104999449104,
        "mean": 0.00447990233079,
        "median": 0.00462603569031,
        "min": 3.91587171578e-08,
        "var": 3.28219698531e-06
    },
    "spectral_rolloff": {
        "dmean": 671.520874023,
        "dmean2": 1103.86230469,
        "dvar": 1427565.75,
        "dvar2": 2671551.25,
        "max": 17506.4941406,
        "mean": 2357.20556641,
        "median": 2002.58789062,
        "min": 86.1328125,
        "var": 3856074.5
    },
    "spectral_skewness": {
        "dmean": 0.139357179403,
        "dmean2": 0.222217455506,
        "dvar": 0.0174512062222,
        "dvar2": 0.0408434048295,
        "max": 2.6973593235,
        "mean": 1.35721945763,
        "median": 1.36417722702,
        "min": -0.0556313283741,
        "var": 0.111902415752
    },
    "spectral_spread": {
        "dmean": 477430.5625,
        "dmean2": 700116.25,
        "dvar": 524809011200,
        "dvar2": 763361755136,
        "max": 19620684,
        "mean": 5143347,
        "median": 4931714,
        "min": 2488882,
        "var": 3.11574921216e+12
    },
    "spectral_strongpeak": {
        "dmean": 0.586648762226,
        "dmean2": 1.00285685062,
        "dvar": 0.951672911644,
        "dvar2": 2.49572467804,
        "max": 10.0610485077,
        "mean": 1.08718776703,
        "median": 0.481492638588,
        "min": 0,
        "var": 1.91597521305
    },
    "zerocrossingrate": {
        "dmean": 0.0126070398837,
        "dmean2": 0.0144479842857,
        "dvar": 0.000338578305673,
        "dvar2": 0.000310361559968,
        "max": 0.62890625,
        "mean": 0.0894474759698,
        "median": 0.080078125,
        "min": 0.01171875,
        "var": 0.00206542969681
    },
    "barkbands": {
        "dmean": [7.07827421138e-05, 0.00257304031402, 0.000905733904801, 0.00139229162596, 0.00200359872542, 0.000980445300229, 0.000604728236794, 0.000511582475156, 0.000918468285818, 0.000840347260237, 0.000397365889512, 0.000294564146316, 0.000498103443533, 0.00027914866223, 0.000345769542037, 0.000311783427605, 0.000289143732516, 0.000211408885662, 0.000258767715422, 0.000202626528335, 0.000108659674879, 9.71744448179e-05, 9.51661568251e-05, 0.000105502382212, 0.000148107545101, 6.01838510192e-05, 1.54349017976e-05],
        "dmean2": [0.000111162589747, 0.00424981256947, 0.00157219707035, 0.0023816828616, 0.00324154691771, 0.00155346374959, 0.000985926599242, 0.000808548997156, 0.00139789842069, 0.00133632088546, 0.000617785030045, 0.00047290432849, 0.000807919132058, 0.000460346549517, 0.00056379759917, 0.000492075167131, 0.000467837206088, 0.00034214585321, 0.000413748552091, 0.00032535311766, 0.000177255322342, 0.000152218170115, 0.000145234924275, 0.000156835740199, 0.00021102008759, 8.84202017915e-05, 2.41388206632e-05],
        "dvar": [2.11388133664e-08, 3.359733455e-05, 3.53202631231e-06, 6.06863295616e-06, 1.2780522411e-05, 3.56815144187e-06, 1.81032805813e-06, 1.52064683334e-06, 4.0093127609e-06, 3.65047753803e-06, 6.86688508722e-07, 6.56941381294e-07, 1.24694372516e-06, 5.07353604462e-07, 8.00083796548e-07, 5.59412455914e-07, 5.13022428095e-07, 1.74882629267e-07, 1.74460666358e-07, 8.80132091652e-08, 3.30003508964e-08, 4.29666791035e-08, 3.94595396358e-08, 1.21497620853e-07, 4.24301248358e-07, 5.03958688114e-08, 1.79598647065e-09],
        "dvar2": [4.62455282957e-08, 8.56330807437e-05, 1.00329034467e-05, 1.67176858668e-05, 3.18403617712e-05, 8.52771427162e-06, 4.75494744023e-06, 3.68682572116e-06, 9.11354800337e-06, 9.65697745414e-06, 1.54964584453e-06, 1.63007882747e-06, 3.24693473885e-06, 1.23428878851e-06, 1.99060400519e-06, 1.32736420255e-06, 1.27824000629e-06, 4.27394354574e-07, 4.3661862037e-07, 2.20494996483e-07, 8.08395057561e-08, 9.26551351199e-08, 8.14246661207e-08, 2.3867775667e-07, 7.56152303438e-07, 1.03108924066e-07, 4.08698763721e-09],
        "max": [0.00237235752866, 0.0560605898499, 0.0283895507455, 0.0282541438937, 0.0524734295905, 0.034615766257, 0.0316402316093, 0.0311182290316, 0.0354077331722, 0.0374503321946, 0.0185659211129, 0.019352555275, 0.0176144614816, 0.0212904866785, 0.0240276511759, 0.0179298650473, 0.0189966727048, 0.00869635492563, 0.00843839347363, 0.00646650139242, 0.00601600995287, 0.00653387419879, 0.00566397700459, 0.00873950216919, 0.0130999721587, 0.00508665619418, 0.000838753010612],
        "mean": [9.50720132096e-05, 0.00334219820797, 0.00115786725655, 0.00178724946454, 0.00329220551066, 0.00172921910416, 0.0008617650019, 0.000803298258688, 0.00176612648647, 0.00193824374583, 0.000770533340983, 0.000460533978185, 0.00085347291315, 0.000451637199149, 0.000546146999113, 0.000644115440082, 0.000535735976882, 0.000409564148868, 0.000660033314489, 0.000496182183269, 0.000249096541665, 0.000222295158892, 0.000240103763645, 0.000231957688811, 0.000263340392848, 0.00010690309864, 2.06370641536e-05],
        "median": [3.11292533297e-05, 0.00152867427096, 0.000591810618062, 0.000866632210091, 0.00192304933444, 0.00073539809091, 0.000419211253757, 0.000189735306776, 0.000509858829901, 0.000312957359711, 0.000203997216886, 0.000190071412362, 0.00027064938331, 0.000192720937775, 0.000229141092859, 0.000187805708265, 0.000209015866858, 0.000225742289331, 0.000336135039106, 0.000337625329848, 0.000183348267456, 0.000133047054987, 0.000152984677698, 0.00011732699204, 6.67129788781e-05, 3.93744412577e-05, 2.85593023364e-06],
        "min": [4.71604092583e-14, 1.24704730591e-14, 1.35776861522e-15, 8.41671863973e-16, 7.76323166213e-16, 1.89751067235e-14, 1.77453216103e-14, 1.98598936233e-14, 5.01760040987e-15, 2.09829746081e-14, 1.07747037814e-14, 1.63246627045e-14, 1.20256892823e-14, 1.92453915489e-14, 2.02740995108e-14, 2.72588178971e-14, 1.95574571213e-14, 3.82385536267e-14, 3.16136141787e-14, 5.66547744591e-14, 6.96542162056e-14, 4.14854003201e-14, 9.51922663416e-14, 1.88572315857e-13, 1.84812045225e-13, 1.9089719768e-13, 4.00752917179e-13],
        "var": [3.49534268196e-08, 3.48453359038e-05, 3.14492922371e-06, 6.90133038006e-06, 2.05830383493e-05, 8.29017153592e-06, 2.18708873945e-06, 3.34432911586e-06, 9.97781899059e-06, 1.64267949003e-05, 2.24280097427e-06, 1.14258284611e-06, 2.93374228022e-06, 1.02413082459e-06, 1.40314637065e-06, 1.88502758647e-06, 1.18993250453e-06, 3.46968363374e-07, 7.17975467524e-07, 3.1205863138e-07, 8.07428861549e-08, 1.10349830607e-07, 1.11750502185e-07, 2.5465226372e-07, 9.67381083683e-07, 1.05911198034e-07, 2.45152942391e-09]
    },
    "erbbands": {
        "dmean": [0.0684329941869, 0.619145929813, 1.14388144016, 2.55162453651, 6.93626499176, 6.79956674576, 7.43825101852, 7.89981079102, 8.7659740448, 8.40101623535, 12.5113334656, 22.4297714233, 15.7261371613, 26.4274253845, 14.4663496017, 12.4597473145, 22.530424118, 13.0398244858, 14.6339168549, 18.0699863434, 17.5233764648, 14.2911186218, 11.2522687912, 9.58711433411, 14.2097034454, 10.1013441086, 4.94632005692, 3.95787549019, 3.40876817703, 3.21704864502, 2.79582905769, 2.2446308136, 1.87276446819, 1.94535768032, 0.974038302898, 0.346039116383, 0.0969409197569, 0.0246828235686, 0.00236388389021, 5.72271819692e-05],
        "dmean2": [0.111374564469, 1.04348552227, 1.99049508572, 4.34333562851, 11.6741275787, 10.982260704, 11.697394371, 12.5991201401, 14.2170991898, 13.6413993835, 19.0811519623, 33.9954109192, 24.8967704773, 41.3759002686, 22.4218139648, 19.9997501373, 36.5403289795, 20.9312534332, 24.0451927185, 28.755777359, 27.2861976624, 22.727853775, 17.9423122406, 15.3071928024, 22.6124973297, 16.2497806549, 8.03972625732, 6.44404125214, 5.3670167923, 5.06843852997, 4.28525733948, 3.41249370575, 2.76453089714, 2.82392168045, 1.4001121521, 0.516922056675, 0.143143832684, 0.0378557778895, 0.0036971247755, 8.80972293089e-05],
        "dvar": [0.0232631992549, 2.06254816055, 6.34083414078, 19.7693691254, 203.817321777, 177.156539917, 197.457992554, 296.867156982, 380.117675781, 413.873535156, 750.287231445, 2692.9909668, 1171.14831543, 3813.85986328, 1003.02081299, 1034.27392578, 2712.28808594, 1180.80212402, 1496.40917969, 2483.31860352, 1633.22790527, 1178.91369629, 547.338500977, 254.722198486, 558.565979004, 229.379104614, 70.3897247314, 46.1871910095, 52.5433502197, 57.2033843994, 31.7378082275, 33.2062797546, 55.9335212708, 78.7246856689, 19.6083297729, 2.39040970802, 0.0991328731179, 0.00351148587652, 5.21216643392e-05, 2.28183694162e-08],
        "dvar2": [0.0579202137887, 5.43909692764, 17.869808197, 53.9622879028, 545.323242188, 423.505401611, 446.992431641, 725.76739502, 1006.65606689, 1007.00524902, 1732.41772461, 6095.91064453, 2826.87744141, 9754.47070312, 2281.046875, 2697.16918945, 7120.53955078, 2757.56005859, 3980.49731445, 5858.25195312, 3854.69384766, 2824.33447266, 1318.31201172, 591.339172363, 1431.74304199, 576.238098145, 171.298049927, 111.524085999, 115.343795776, 130.591339111, 66.1147613525, 68.0941390991, 110.300979614, 151.117950439, 36.1205825806, 5.00332450867, 0.19459246099, 0.00745249120519, 0.000120697215607, 5.26285717228e-08],
        "max": [1.58616042137, 15.1981344223, 29.4165420532, 49.5097007751, 154.959625244, 286.551147461, 303.349212646, 361.952819824, 568.982543945, 678.433837891, 628.402526855, 1007.96630859, 874.11895752, 1356.19396973, 827.888305664, 911.999328613, 888.270996094, 1176.45019531, 1067.39550781, 1621.41955566, 946.953125, 941.43157959, 487.314819336, 352.978027344, 460.186889648, 321.513580322, 327.172088623, 151.220657349, 230.097839355, 270.975341797, 175.187545776, 173.347763062, 195.843338013, 205.94380188, 110.284484863, 37.2175636292, 9.08129692078, 1.05763781071, 0.151032462716, 0.00369894457981],
        "mean": [0.0909185782075, 0.75915658474, 1.49993681908, 3.60086131096, 9.12177467346, 11.0210390091, 13.4766950607, 13.4610090256, 13.0618534088, 12.6487770081, 23.376619339, 43.956111908, 30.9955062866, 67.6550598145, 30.4810466766, 21.8080539703, 39.9226417542, 22.9845981598, 24.4365882874, 31.2063121796, 38.9468650818, 29.6235103607, 23.8498210907, 22.7336559296, 38.7549209595, 25.7140026093, 11.5431184769, 9.20346069336, 7.78423690796, 7.41292715073, 6.91561555862, 5.34124660492, 3.67872238159, 3.26202344894, 1.66663897038, 0.578064143658, 0.177173539996, 0.0418234430254, 0.00309962034225, 0.000101971905679],
        "median": [0.0336281582713, 0.346182644367, 0.811630427837, 2.09182882309, 4.68628406525, 6.09481334686, 6.45219898224, 5.59799861908, 6.69573307037, 5.27159738541, 7.37511396408, 11.9150238037, 11.0023727417, 11.4435739517, 9.90069961548, 10.8980827332, 13.5925865173, 10.9694194794, 12.1061868668, 11.9456911087, 11.2415122986, 12.1220359802, 12.9834594727, 15.7093086243, 18.2668380737, 16.5147724152, 8.47274589539, 6.44516277313, 4.77842760086, 4.34872913361, 4.46985197067, 3.07021760941, 1.54513907433, 0.836109161377, 0.410824179649, 0.170659035444, 0.0715508982539, 0.0134362354875, 0.000494285312016, 5.25558789377e-05],
        "min": [8.93090018172e-13, 1.22000922819e-12, 1.60909404291e-12, 2.46064258379e-12, 2.94858451891e-12, 2.3089752766e-12, 3.83066356413e-11, 1.98101854365e-10, 2.27445312584e-10, 3.60895369145e-10, 3.79616588164e-10, 1.45962783527e-10, 4.96067686928e-10, 5.14833176091e-10, 4.82272444202e-10, 7.38681449342e-10, 6.27563112587e-10, 1.12540377017e-09, 7.68370478355e-10, 1.42789968738e-09, 1.14151965658e-09, 1.28754307216e-09, 1.66014180181e-09, 1.53569335026e-09, 2.21005702628e-09, 2.8477431524e-09, 3.24956350717e-09, 1.96643057393e-09, 1.25243826421e-09, 1.82144488381e-09, 2.44737607957e-09, 4.13144762845e-09, 3.31838045931e-09, 2.15194706499e-09, 1.32289568189e-09, 9.62944834981e-10, 2.74917644205e-10, 1.48461465344e-10, 6.19541432045e-11, 5.73690660949e-12],
        "var": [0.0274467971176, 1.90306198597, 5.41536617279, 23.0078620911, 207.207855225, 306.193267822, 471.068206787, 585.346862793, 464.599761963, 607.017150879, 1976.04089355, 7022.89697266, 2640.43139648, 20844.640625, 2973.64990234, 1554.72473145, 6273.28955078, 3010.13818359, 1847.61437988, 4863.25390625, 6739.11621094, 3240.92529297, 1276.24987793, 614.476074219, 2754.76611328, 945.124389648, 187.058456421, 110.464057922, 128.940582275, 132.085372925, 89.3749847412, 74.4642486572, 111.506332397, 160.327301025, 42.6072235107, 4.79718828201, 0.214502468705, 0.00663292827085, 6.50319780107e-05, 3.33102079253e-08]
    },
    "gfcc": {
        "mean": [24.5668029785, 59.5900382996, -120.859573364, 29.5377349854, -60.4045600891, 13.328286171, -37.4024581909, 10.5741739273, -29.9971122742, 0.420307308435, -17.7797203064, 1.2360907793, -12.9970064163],
        "cov": [[5496.93066406, -208.375946045, 1523.47131348, 575.143432617, 205.601577759, 26.3230476379, 170.129074097, 41.7262992859, -2.80032229424, 68.3578643799, 24.1724910736, 63.6003456116, -91.48828125], [-208.375946045, 923.889343262, -50.720035553, 267.770172119, 60.6368942261, -87.1798934937, 59.1834411621, -63.6709289551, 24.333902359, -26.0702934265, 80.9280166626, -34.2084617615, 50.7914581299], [1523.47131348, -50.720035553, 1242.3861084, 428.90045166, 238.653015137, 84.5264816284, -7.29538583755, -32.4739303589, -9.33835411072, 48.962474823, 13.6653261185, 47.9722328186, -37.2771682739], [575.143432617, 267.770172119, 428.90045166, 557.868041992, 164.582901001, -10.6988983154, -36.5389328003, -69.1909637451, 29.4766540527, 22.6161308289, 29.3674068451, 25.0140628815, 37.5513916016], [205.601577759, 60.6368942261, 238.653015137, 164.582901001, 292.491424561, 22.2738189697, -46.3738861084, -24.3196048737, 75.6743545532, 19.428106308, -38.7693328857, 28.4263343811, 29.1369533539], [26.3230476379, -87.1798934937, 84.5264816284, -10.6988983154, 22.2738189697, 169.068344116, 86.3386764526, 32.9789886475, -22.8327846527, 14.1615047455, 2.96228861809, -14.7035989761, -14.0912094116], [170.129074097, 59.1834411621, -7.29538583755, -36.5389328003, -46.3738861084, 86.3386764526, 266.246551514, 72.7008056641, -31.1788883209, -2.00425004959, 43.7947158813, -25.7366752625, -28.3438205719], [41.7262992859, -63.6709289551, -32.4739303589, -69.1909637451, -24.3196048737, 32.9789886475, 72.7008056641, 119.436218262, 16.0237312317, -0.634526073933, 6.87875890732, -0.427412182093, 0.579385697842], [-2.80032229424, 24.333902359, -9.33835411072, 29.4766540527, 75.6743545532, -22.8327846527, -31.1788883209, 16.0237312317, 113.805831909, 23.491235733, -17.1057682037, 14.5852222443, 19.4046974182], [68.3578643799, -26.0702934265, 48.962474823, 22.6161308289, 19.428106308, 14.1615047455, -2.00425004959, -0.634526073933, 23.491235733, 72.3970108032, 15.1160125732, 9.84846782684, -2.45603871346], [24.1724910736, 80.9280166626, 13.6653261185, 29.3674068451, -38.7693328857, 2.96228861809, 43.7947158813, 6.87875890732, -17.1057682037, 15.1160125732, 92.20362854, 11.2665519714, 2.33961772919], [63.6003456116, -34.2084617615, 47.9722328186, 25.0140628815, 28.4263343811, -14.7035989761, -25.7366752625, -0.427412182093, 14.5852222443, 9.84846782684, 11.2665519714, 68.548866272, 22.6177940369], [-91.48828125, 50.7914581299, -37.2771682739, 37.5513916016, 29.1369533539, -14.0912094116, -28.3438205719, 0.579385697842, 19.4046974182, -2.45603871346, 2.33961772919, 22.6177940369, 68.0643463135]],
        "icov": [[0.000314945646096, 0.000127573788632, -0.000359988014679, -0.00016702360881, 6.23618834652e-05, 0.000388746033423, -0.00035732408287, -0.000115328344691, -4.32392953371e-05, -5.68543146073e-05, 0.000106775929453, -4.26516016887e-05, 0.000149870669702], [0.000127573788632, 0.00199224660173, 0.000149657178554, -0.000899271399248, -0.000553907244466, 0.00129508809187, -0.00111197447404, 0.000926438195165, -0.000482653063955, 0.000890785537194, -0.00176327640656, 0.00181437900756, -0.00107536592986], [-0.000359988014679, 0.000149657178554, 0.00192878197413, -0.000977587536909, -0.00103533314541, -0.000754089967813, 0.000508116383571, -0.000259404507233, 0.000912694027647, -0.00023610930657, -0.000386970263207, -0.000713545712642, 0.00148271059152], [-0.00016702360881, -0.000899271399248, -0.000977587536909, 0.00368364038877, -0.000639841833618, -0.000165245466633, 0.000282952241832, 0.00128227542154, -0.000334587326506, -0.000263973313849, -0.000686265528202, 0.000181458875886, -0.00172536331229], [6.23618834652e-05, -0.000553907244466, -0.00103533314541, -0.000639841833618, 0.00663376227021, -0.00181339227129, 0.0001498353231, 0.0011231827084, -0.00378590193577, 7.28794884708e-06, 0.00305901351385, -0.0017102091806, -0.00133647280745], [0.000388746033423, 0.00129508809187, -0.000754089967813, -0.000165245466633, -0.00181339227129, 0.00965981930494, -0.00333163118921, -0.0010641758563, 0.00233647925779, -0.00197683600709, -1.4275086869e-05, 0.00254278001375, -0.000949846929871], [-0.00035732408287, -0.00111197447404, 0.000508116383571, 0.000282952241832, 0.0001498353231, -0.00333163118921, 0.00712252734229, -0.00358124054037, 0.00104026589543, 0.000382925878512, -0.00202910602093, 0.000476971414173, 0.00234277662821], [-0.000115328344691, 0.000926438195165, -0.000259404507233, 0.00128227542154, 0.0011231827084, -0.0010641758563, -0.00358124054037, 0.0129396105185, -0.00434435997158, 0.00164288037922, -0.000924195919652, 5.14822313562e-05, -0.00268596294336], [-4.32392953371e-05, -0.000482653063955, 0.000912694027647, -0.000334587326506, -0.00378590193577, 0.00233647925779, 0.00104026589543, -0.00434435997158, 0.0145427314565, -0.00519082136452, 0.00223157764412, -0.000806326337624, -0.000581047439482], [-5.68543146073e-05, 0.000890785537194, -0.00023610930657, -0.000263973313849, 7.28794884708e-06, -0.00197683600709, 0.000382925878512, 0.00164288037922, -0.00519082136452, 0.017646767199, -0.00469811726362, -0.000670891720802, 0.00150933628902], [0.000106775929453, -0.00176327640656, -0.000386970263207, -0.000686265528202, 0.00305901351385, -1.4275086869e-05, -0.00202910602093, -0.000924195919652, 0.00223157764412, -0.00469811726362, 0.0167581960559, -0.00496707344428, -0.000254770828178], [-4.26516016887e-05, 0.00181437900756, -0.000713545712642, 0.000181458875886, -0.0017102091806, 0.00254278001375, 0.000476971414173, 5.14822313562e-05, -0.000806326337624, -0.000670891720802, -0.00496707344428, 0.0207865200937, -0.00697641260922], [0.000149870669702, -0.00107536592986, 0.00148271059152, -0.00172536331229, -0.00133647280745, -0.000949846929871, 0.00234277662821, -0.00268596294336, -0.000581047439482, 0.00150933628902, -0.000254770828178, -0.00697641260922, 0.0213808957487]]
    },
    "melbands": {
        "dmean": [0.00066614348907, 0.000658040691633, 0.000585602305364, 0.000485323282192, 0.000257072970271, 0.000176815781742, 0.000131493157824, 9.81048870017e-05, 0.000116355964565, 0.000132760163979, 8.39517742861e-05, 0.000116548224469, 5.67355345993e-05, 3.47074019373e-05, 5.03039264004e-05, 3.80035453418e-05, 2.52390800597e-05, 2.49898948823e-05, 2.52950594586e-05, 2.23356018978e-05, 2.22440048674e-05, 1.55590278155e-05, 1.53314558702e-05, 9.92430614133e-06, 8.12532016425e-06, 1.24410789795e-05, 8.75390196597e-06, 6.81090523358e-06, 3.52707797902e-06, 2.79675145975e-06, 2.49114873441e-06, 2.17315687223e-06, 2.10742746276e-06, 1.82615031008e-06, 1.75050581674e-06, 1.63549202625e-06, 1.40005352023e-06, 1.26204133721e-06, 1.62880178323e-06, 1.78511800186e-06],
        "dmean2": [0.0010945367394, 0.00111732981168, 0.000997820985503, 0.000790337042417, 0.000403773447033, 0.000281318090856, 0.000213697872823, 0.000158713330165, 0.000176958768861, 0.000201575370738, 0.000133584457217, 0.000183602838661, 8.73655517353e-05, 5.57361599931e-05, 8.14715021988e-05, 6.16917386651e-05, 4.0871254896e-05, 4.14121313952e-05, 4.05498831242e-05, 3.49628571712e-05, 3.4812004742e-05, 2.49708173214e-05, 2.44845905399e-05, 1.61004081747e-05, 1.30929065563e-05, 2.0083207346e-05, 1.41030895975e-05, 1.1080060176e-05, 5.79624838792e-06, 4.63069818579e-06, 4.0639092731e-06, 3.49767628904e-06, 3.39332200383e-06, 2.90638240585e-06, 2.7551200219e-06, 2.56796897702e-06, 2.16272223952e-06, 1.93003415916e-06, 2.39697533289e-06, 2.647472229e-06],
        "dvar": [2.22537119043e-06, 2.148799922e-06, 1.12103077754e-06, 8.0024477711e-07, 2.17186013174e-07, 1.35070479246e-07, 8.338258084e-08, 5.40858344777e-08, 6.23472189432e-08, 9.40187590004e-08, 3.33961303056e-08, 7.79095543635e-08, 1.4410407978e-08, 1.0342885659e-08, 1.22813608172e-08, 6.55135323768e-09, 4.75311034975e-09, 4.97432406377e-09, 5.86551740511e-09, 3.25918092514e-09, 2.81607648311e-09, 1.59510260556e-09, 1.47122525274e-09, 3.57420093522e-10, 2.13275841432e-10, 4.61739119162e-10, 1.97941524283e-10, 1.14998802148e-10, 3.56145980762e-11, 2.29926841455e-11, 1.83861988134e-11, 2.22501600478e-11, 2.1053435037e-11, 1.8434982707e-11, 1.20572605719e-11, 1.4204212459e-11, 1.38612151271e-11, 2.35499970219e-11, 5.17979999171e-11, 7.22236923045e-11],
        "dvar2": [5.573333965e-06, 5.80239611736e-06, 3.06582455778e-06, 2.0672653136e-06, 4.91277774017e-07, 3.28349130996e-07, 2.2064639893e-07, 1.32463313207e-07, 1.42866738884e-07, 2.1258475158e-07, 8.17082366211e-08, 2.01997664817e-07, 3.24844293687e-08, 2.61130317369e-08, 3.19122790415e-08, 1.620462875e-08, 1.12218492276e-08, 1.33231274901e-08, 1.43985436907e-08, 7.3862120864e-09, 6.57125687198e-09, 3.87101550814e-09, 3.55902840532e-09, 8.87716400388e-10, 4.93565910364e-10, 1.21895493699e-09, 4.98781793645e-10, 2.91671881092e-10, 8.7610196875e-11, 5.77043586525e-11, 4.51226972453e-11, 5.24667670421e-11, 4.88004428534e-11, 4.24303023272e-11, 2.66784337677e-11, 2.9595569051e-11, 2.94861357553e-11, 4.97770991092e-11, 9.76667913211e-11, 1.49601261934e-10],
        "max": [0.014374256134, 0.0183723215014, 0.0116179501638, 0.0126752769575, 0.0095625706017, 0.00725626759231, 0.00742979068309, 0.00805978290737, 0.00474036065862, 0.00687492266297, 0.00428799632937, 0.00602867780253, 0.00303509505466, 0.0024426933378, 0.00183567358181, 0.00171570875682, 0.00259730569087, 0.00213713571429, 0.00263507245108, 0.00174349651206, 0.00140444072895, 0.000831368786748, 0.00105733633973, 0.000647485256195, 0.00034881287138, 0.000471981766168, 0.000391595356632, 0.000251352321357, 0.000228122269618, 0.000145752739627, 8.5547202616e-05, 0.000163115968462, 0.000112406269182, 0.000149061015691, 9.04002590687e-05, 0.000123127960251, 0.000107506195491, 0.000146305523231, 0.000197456334718, 0.0001831909467],
        "mean": [0.000884022563696, 0.000874346587807, 0.00081101298565, 0.000741741794627, 0.000482335977722, 0.000306248781271, 0.000193412983208, 0.000148761406308, 0.000228740900639, 0.000252535304753, 0.000157314672833, 0.000292903307127, 0.000114506045065, 5.43357200513e-05, 8.59547581058e-05, 6.64063118165e-05, 4.05606369895e-05, 3.84303093597e-05, 4.0496874135e-05, 4.02928490075e-05, 4.52484855487e-05, 2.90300577035e-05, 2.77847229881e-05, 1.90897408174e-05, 1.61557290994e-05, 3.16825608024e-05, 2.16625849134e-05, 1.54640911205e-05, 7.18505316399e-06, 5.75328749619e-06, 5.21071615367e-06, 4.43390445071e-06, 4.23355140811e-06, 4.00317685489e-06, 3.94758308175e-06, 3.85754856325e-06, 2.98695749734e-06, 2.40994177148e-06, 2.74385047305e-06, 2.77895719591e-06],
        "median": [0.000376610143576, 0.000487219484057, 0.000466870842502, 0.000433848006651, 0.000249601376709, 0.000127934676129, 9.80985059869e-05, 5.16823129146e-05, 6.62150705466e-05, 7.09855085006e-05, 5.04801282659e-05, 4.31122280133e-05, 3.07990412693e-05, 2.05496435228e-05, 3.31226074195e-05, 2.49139739026e-05, 1.67726466316e-05, 1.79084399861e-05, 1.56031564984e-05, 1.38419400173e-05, 1.21500315799e-05, 1.10864293674e-05, 1.18341176858e-05, 1.05871167762e-05, 1.00629540611e-05, 1.29963536892e-05, 1.28244191728e-05, 9.65354774962e-06, 4.78202218801e-06, 4.12836561736e-06, 3.34635069521e-06, 2.55150871453e-06, 2.37580434259e-06, 2.27813052334e-06, 2.42589862864e-06, 2.33051559917e-06, 1.60736306043e-06, 1.05998651634e-06, 8.25081201583e-07, 6.32751437024e-07],
        "min": [8.03472499173e-15, 1.04489264395e-15, 4.48093558108e-16, 1.58866058516e-16, 1.06269081788e-15, 4.2750218716e-15, 3.592644506e-15, 4.18099359116e-15, 2.67940873414e-15, 7.68295146758e-16, 2.57950924482e-15, 2.17706419807e-15, 1.53890576396e-15, 1.35912789134e-15, 2.08299758938e-15, 1.5823334608e-15, 1.97190159505e-15, 9.05478961769e-16, 1.9212784592e-15, 2.0420708632e-15, 1.19693706969e-15, 1.18159571483e-15, 1.79359883032e-15, 1.37957230207e-15, 1.12271252543e-15, 1.48353278497e-15, 1.54626033928e-15, 1.95750648187e-15, 1.86016503206e-15, 2.20492946445e-15, 7.43090040286e-16, 5.67047000633e-16, 1.05421551209e-15, 9.15839868779e-16, 1.03355076691e-15, 2.42554427776e-15, 2.61428714709e-15, 2.45675003033e-15, 1.94697870937e-15, 1.75022354364e-15],
        "var": [2.46765216616e-06, 1.94646213458e-06, 1.19694129808e-06, 1.10706400847e-06, 5.11281257332e-07, 2.82033084886e-07, 1.01210012815e-07, 8.87289459683e-08, 1.68820832869e-07, 2.26411899007e-07, 7.46146326946e-08, 4.13393081544e-07, 4.81570054944e-08, 1.85628934446e-08, 2.75985119202e-08, 1.63855720103e-08, 1.04988204797e-08, 5.72153124878e-09, 1.04875184093e-08, 6.77027856e-09, 9.72647917763e-09, 3.57074636526e-09, 3.28569660368e-09, 7.7876338711e-10, 4.21926465988e-10, 2.24943441651e-09, 6.75711653297e-10, 3.99283439645e-10, 8.90444940005e-11, 4.69646856127e-11, 4.12247805337e-11, 4.6357181982e-11, 4.62368060505e-11, 3.9878166741e-11, 3.11558799593e-11, 3.39614829314e-11, 2.76204111666e-11, 4.23196061528e-11, 1.04784826649e-10, 1.31511190826e-10]
    },
    "mfcc": {
        "mean": [-617.724182129, 93.8753814697, -4.79346752167, 17.9665489197, -0.58342051506, 1.1652327776, 2.04172515869, 4.74370718002, -4.69542551041, 3.86093831062, -5.51007318497, -4.27744054794, -2.98288846016],
        "cov": [[4350.77929688, -147.954116821, 980.49017334, 576.279174805, 159.941711426, 122.029144287, 143.684432983, 72.1098937988, 20.4809494019, 108.345161438, 17.7830753326, 40.2092094421, 106.914825439], [-147.954116821, 583.368591309, -39.6395721436, 143.779724121, 7.19180440903, 12.1620512009, 19.7904376984, 4.15001583099, -11.0753936768, -2.23288440704, 0.579596459866, 28.5347747803, -3.37067008018], [980.49017334, -39.6395721436, 888.244750977, 339.364318848, 202.11618042, 144.586196899, 139.791931152, 18.795425415, -25.0090732574, 6.83440923691, 18.7175617218, 30.4130916595, 38.1524772644], [576.279174805, 143.779724121, 339.364318848, 536.025878906, 232.175354004, 133.928497314, -11.3821849823, -12.240029335, -7.167719841, -24.8566322327, -19.8768405914, 36.1140060425, 33.7874794006], [159.941711426, 7.19180440903, 202.11618042, 232.175354004, 400.087921143, 112.472206116, -90.2721176147, -36.7086753845, 43.7165298462, -50.9098396301, -9.13881874084, 13.7468366623, 4.18233203888], [122.029144287, 12.1620512009, 144.586196899, 133.928497314, 112.472206116, 184.908081055, 41.2967414856, -7.67852115631, 21.3714561462, -4.15614175797, 14.7673788071, 17.1351413727, -0.944119572639], [143.684432983, 19.7904376984, 139.791931152, -11.3821849823, -90.2721176147, 41.2967414856, 210.628967285, 64.5704116821, -3.19570946693, 56.6924591064, 15.6258821487, 3.52955508232, 13.0216016769], [72.1098937988, 4.15001583099, 18.795425415, -12.240029335, -36.7086753845, -7.67852115631, 64.5704116821, 102.598762512, 33.3331298828, 32.9516105652, 5.41277599335, 1.84473192692, 5.78672409058], [20.4809494019, -11.0753936768, -25.0090732574, -7.167719841, 43.7165298462, 21.3714561462, -3.19570946693, 33.3331298828, 111.554039001, 25.1318626404, 11.1556386948, 2.70123791695, -1.84007024765], [108.345161438, -2.23288440704, 6.83440923691, -24.8566322327, -50.9098396301, -4.15614175797, 56.6924591064, 32.9516105652, 25.1318626404, 104.199714661, 16.2695217133, -3.91488385201, 7.988717556], [17.7830753326, 0.579596459866, 18.7175617218, -19.8768405914, -9.13881874084, 14.7673788071, 15.6258821487, 5.41277599335, 11.1556386948, 16.2695217133, 69.6794281006, 22.6740550995, -4.31819295883], [40.2092094421, 28.5347747803, 30.4130916595, 36.1140060425, 13.7468366623, 17.1351413727, 3.52955508232, 1.84473192692, 2.70123791695, -3.91488385201, 22.6740550995, 61.7923126221, 19.222568512], [106.914825439, -3.37067008018, 38.1524772644, 33.7874794006, 4.18233203888, -0.944119572639, 13.0216016769, 5.78672409058, -1.84007024765, 7.988717556, -4.31819295883, 19.222568512, 59.8600006104]],
