{
"lowlevel": {
    "average_loudness": 0.884512543678,
    "barkbands_crest": {
        "dmean": 2.66290402412,
        "dmean2": 4.25646018982,
        "dvar": 5.81272363663,
        "dvar2": 14.2661628723,
        "max": 25.8289833069,
        "mean": 10.1319417953,
        "median": 9.3428735733,
        "min": 2.43378949165,
        "var": 18.9261856079
    },
    "barkbands_flatness_db": {
        "dmean": 0.0218848697841,
        "dmean2": 0.033702082932,
        "dvar": 0.000430710992077,
        "dvar2": 0.000968824548181,
        "max": 0.33432495594,
        "mean": 0.127381891012,
        "median": 0.126168936491,
        "min": 0.0162988491356,
        "var": 0.00189451617189
    },
    "barkbands_kurtosis": {
        "dmean": 1.93693399429,
        "dmean2": 3.06444334984,
        "dvar": 9.94414043427,
        "dvar2": 23.6861724854,
        "max": 59.5742912292,
        "mean": 2.66049838066,
        "median": 1.06347465515,
        "min": -1.93709039688,
        "var": 27.347278595
    },
    "barkbands_skewness": {
        "dmean": 0.481013983488,
        "dmean2": 0.724891066551,
        "dvar": 0.291928648949,
        "dvar2": 0.594085037708,
        "max": 6.98865795135,
        "mean": 1.07043421268,
        "median": 0.969505369663,
        "min": -4.60584163666,
        "var": 1.19801425934
    },
    "barkbands_spread": {
        "dmean": 6.70898342133,
        "dmean2": 10.4969272614,
        "dvar": 94.3208312988,
        "dvar2": 205.925216675,
        "max": 119.820655823,
        "mean": 25.0398025513,
        "median": 20.9947662354,
        "min": 2.10805463791,
        "var": 285.79675293
    },
    "dissonance": {
        "dmean": 0.0206348262727,
        "dmean2": 0.034685883671,
        "dvar": 0.000427714607213,
        "dvar2": 0.00114194129128,
        "max": 0.500000119209,
        "mean": 0.459971547127,
        "median": 0.467766046524,
        "min": 0.245187297463,
        "var": 0.00104839506093
    },
    "dynamic_complexity": 3.17475271225,
    "erbbands_crest": {
        "dmean": 2.88630151749,
        "dmean2": 4.60409545898,
        "dvar": 7.54861211777,
        "dvar2": 17.3457431793,
        "max": 30.6351776123,
        "mean": 10.548201561,
        "median": 9.33887290955,
        "min": 2.45360898972,
        "var": 27.5688056946
    },
    "erbbands_flatness_db": {
        "dmean": 0.0180632583797,
        "dmean2": 0.0261764414608,
        "dvar": 0.000301478605252,
        "dvar2": 0.000614670338109,
        "max": 0.34182626009,
        "mean": 0.164012819529,
        "median": 0.160915523767,
        "min": 0.0348489023745,
        "var": 0.00252046459354
    },
    "erbbands_kurtosis": {
        "dmean": 1.18589746952,
        "dmean2": 1.83677065372,
        "dvar": 2.78189587593,
        "dvar2": 6.16771793365,
        "max": 34.0611495972,
        "mean": 1.31688821316,
        "median": 0.381370902061,
        "min": -1.82032155991,
        "var": 8.34557723999
    },
    "erbbands_skewness": {
        "dmean": 0.393176794052,
        "dmean2": 0.592742204666,
        "dvar": 0.176034346223,
        "dvar2": 0.321739405394,
        "max": 5.60205507278,
        "mean": 0.506256341934,
        "median": 0.524345517159,
        "min": -4.42666387558,
        "var": 0.909515619278
    },
    "erbbands_spread": {
        "dmean": 7.63526582718,
        "dmean2": 11.8455429077,
        "dvar": 87.190864563,
        "dvar2": 213.559036255,
        "max": 124.770713806,
        "mean": 33.7135810852,
        "median": 30.5771141052,
        "min": 4.13569545746,
        "var": 322.297973633
    },
    "hfc": {
        "dmean": 11.1147212982,
        "dmean2": 15.8573598862,
        "dvar": 519.96282959,
        "dvar2": 910.377441406,
        "max": 373.883972168,
        "mean": 30.9821834564,
        "median": 21.0402374268,
        "min": 8.53914328136e-10,
        "var": 1614.59423828
    },
    "melbands_crest": {
        "dmean": 3.35138082504,
        "dmean2": 5.46365261078,
        "dvar": 9.20686435699,
        "dvar2": 23.5497589111,
        "max": 32.103427887,
        "mean": 13.7001724243,
        "median": 13.0916976929,
        "min": 3.11283159256,
        "var": 27.5243320465
    },
    "melbands_flatness_db": {
        "dmean": 0.0251296702772,
        "dmean2": 0.0386252701283,
        "dvar": 0.000614055024926,
        "dvar2": 0.00137499626726,
        "max": 0.368580520153,
        "mean": 0.172068148851,
        "median": 0.170466721058,
        "min": 0.0194605011493,
        "var": 0.00270863180049
    },
    "melbands_kurtosis": {
        "dmean": 4.56733083725,
        "dmean2": 7.31531906128,
        "dvar": 65.8631286621,
        "dvar2": 164.214630127,
        "max": 167.241333008,
        "mean": 8.36305236816,
        "median": 4.21895837784,
        "min": -1.86881637573,
        "var": 158.52142334
    },
    "melbands_skewness": {
        "dmean": 0.631795823574,
        "dmean2": 0.987521529198,
        "dvar": 0.478679209948,
        "dvar2": 1.13408637047,
        "max": 10.8387851715,
        "mean": 1.92269432545,
        "median": 1.69443619251,
        "min": -1.21369588375,
        "var": 1.96889019012
    },
    "melbands_spread": {
        "dmean": 9.33958244324,
        "dmean2": 13.9812107086,
        "dvar": 313.24319458,
        "dvar2": 558.854125977,
        "max": 275.951446533,
        "mean": 30.6948604584,
        "median": 23.6041030884,
        "min": 1.7874994278,
        "var": 945.003723145
    },
    "pitch_salience": {
        "dmean": 0.0725098252296,
        "dmean2": 0.11739847064,
        "dvar": 0.00476158410311,
        "dvar2": 0.0121247051284,
        "max": 0.8893866539,
        "mean": 0.556976318359,
        "median": 0.551303267479,
        "min": 0.131365641952,
        "var": 0.016681952402
    },
    "silence_rate_20dB": {
        "dmean": 0,
        "dmean2": 0,
        "dvar": 0,
        "dvar2": 0,
        "max": 1,
        "mean": 1,
        "median": 1,
        "min": 1,
        "var": 0
    },
    "silence_rate_30dB": {
        "dmean": 0,
        "dmean2": 0,
        "dvar": 0,
        "dvar2": 0,
        "max": 1,
        "mean": 1,
        "median": 1,
        "min": 1,
        "var": 0
    },
    "silence_rate_60dB": {
        "dmean": 0.0127577176318,
        "dmean2": 0.0255183409899,
        "dvar": 0.0125942537561,
        "dvar2": 0.0303362775594,
        "max": 1,
        "mean": 0.0726651474833,
        "median": 0,
        "min": 0,
        "var": 0.0673842206597
    },
    "spectral_centroid": {
        "dmean": 276.66192627,
        "dmean2": 413.890319824,
        "dvar": 156837.515625,
        "dvar2": 265216.875,
        "max": 6666.72363281,
        "mean": 1595.14453125,
        "median": 1515.45849609,
        "min": 319.45614624,
        "var": 606622.875
    },
    "spectral_complexity": {
        "dmean": 4.14921951294,
        "dmean2": 6.36614274979,
        "dvar": 24.5644035339,
        "dvar2": 50.6319465637,
        "max": 59,
        "mean": 18.035194397,
        "median": 17,
        "min": 0,
        "var": 86.6939239502
    },
    "spectral_decrease": {
        "dmean": 2.10519202071e-09,
        "dmean2": 3.27736304762e-09,
        "dvar": 7.56983749666e-18,
        "dvar2": 1.86020627859e-17,
        "max": -5.70362398495e-21,
        "mean": -6.45292663748e-09,
        "median": -5.61482682571e-09,
        "min": -3.0429227138e-08,
        "var": 2.56806856933e-17
    },
    "spectral_energy": {
        "dmean": 0.00859282072634,
        "dmean2": 0.0133329788223,
        "dvar": 0.000117803545436,
        "dvar2": 0.000287910923362,
        "max": 0.119918696582,
        "mean": 0.0271649416536,
        "median": 0.0244653187692,
        "min": 9.89793845301e-14,
        "var": 0.000411358865676
    },
    "spectral_energyband_high": {
        "dmean": 0.000872978242114,
        "dmean2": 0.00120998884086,
        "dvar": 5.49442529518e-06,
        "dvar2": 9.04690659809e-06,
        "max": 0.0351989977062,
        "mean": 0.00182657875121,
        "median": 0.000532286125235,
        "min": 7.36162297571e-14,
        "var": 1.74759770744e-05
    },
    "spectral_energyband_low": {
        "dmean": 0.00421472499147,
        "dmean2": 0.00714226206765,
        "dvar": 7.54806824261e-05,
        "dvar2": 0.000208820856642,
        "max": 0.0805732086301,
        "mean": 0.00741965835914,
        "median": 0.00275836675428,
        "min": 2.02943419041e-15,
        "var": 0.000136699542054
    },
    "spectral_energyband_middle_high": {
        "dmean": 0.00255043478683,
        "dmean2": 0.00388809922151,
        "dvar": 1.39005469464e-05,
        "dvar2": 3.23829735862e-05,
        "max": 0.0584795512259,
        "mean": 0.00708946026862,
        "median": 0.00423582457006,
        "min": 1.97670909995e-14,
        "var": 5.80334708502e-05
    },
    "spectral_energyband_middle_low": {
        "dmean": 0.00488916737959,
        "dmean2": 0.00756209902465,
        "dvar": 5.00455025758e-05,
        "dvar2": 0.00011537696264,
        "max": 0.0842146500945,
        "mean": 0.0116355009377,
        "median": 0.0074010444805,
        "min": 2.64203636996e-15,
        "var": 0.000144674180774
    },
    "spectral_entropy": {
        "dmean": 0.162590846419,
        "dmean2": 0.23827816546,
        "dvar": 0.0330568552017,
        "dvar2": 0.0592914074659,
        "max": 9.01640796661,
        "mean": 7.70298099518,
        "median": 7.71611022949,
        "min": 6.1267285347,
        "var": 0.186698839068
    },
    "spectral_flux": {
        "dmean": 0.0254087615758,
        "dmean2": 0.0399251207709,
        "dvar": 0.000731407606509,
        "dvar2": 0.00163194874767,
        "max": 0.290114015341,
        "mean": 0.0882174447179,
        "median": 0.0809608250856,
        "min": 7.20816751709e-05,
        "var": 0.00245852256194
    },
    "spectral_kurtosis": {
        "dmean": 1.02512335777,
        "dmean2": 1.68747055531,
        "dvar": 1.02539789677,
        "dvar2": 2.7266728878,
        "max": 13.4628238678,
        "mean": 3.75003290176,
        "median": 3.55058145523,
        "min": -1.54657530785,
        "var": 3.90083384514
    },
    "spectral_rms": {
        "dmean": 0.000766218174249,
        "dmean2": 0.00115974235814,
        "dvar": 7.07044762294e-07,
        "dvar2": 1.55272243774e-06,
        "max": 0.0108163692057,
        "mean": 0.00473301345482,
        "median": 0.00488555058837,
        "min": 9.82676162664e-09,
        "var": 4.10099028159e-06
    },
    "spectral_rolloff": {
        "dmean": 634.921203613,
        "dmean2": 1035.73913574,
        "dvar": 1817145.625,
        "dvar2": 3437743,
        "max": 14836.3769531,
        "mean": 2008.5994873,
        "median": 1421.19140625,
        "min": 86.1328125,
        "var": 4904830.5
    },
    "spectral_skewness": {
        "dmean": 0.169577151537,
        "dmean2": 0.265203714371,
        "dvar": 0.0295323524624,
        "dvar2": 0.0583951473236,
        "max": 2.88159608841,
        "mean": 1.5212444067,
        "median": 1.53415215015,
        "min": -0.355196118355,
        "var": 0.153555557132
    },
    "spectral_spread": {
        "dmean": 610275.0625,
        "dmean2": 881323.4375,
        "dvar": 788061618176,
        "dvar2": 1.33832874394e+12,
        "max": 25510580,
        "mean": 5290000,
        "median": 4835406,
        "min": 2399162.5,
        "var": 4.19360617267e+12
    },
    "spectral_strongpeak": {
        "dmean": 0.748682260513,
        "dmean2": 1.26108181477,
        "dvar": 1.62636470795,
        "dvar2": 4.12669372559,
        "max": 23.8771533966,
        "mean": 1.47672390938,
        "median": 0.804186701775,
        "min": 2.99652401736e-06,
        "var": 3.29236936569
    },
    "zerocrossingrate": {
        "dmean": 0.01440126542,
        "dmean2": 0.0158760938793,
        "dvar": 0.000573649420403,
        "dvar2": 0.000470199680422,
        "max": 0.533203125,
        "mean": 0.0785937085748,
        "median": 0.064453125,
        "min": 0.013671875,
        "var": 0.00355027872138
    },
    "barkbands": {
        "dmean": [9.75298171397e-05, 0.00303421518765, 0.00165119464509, 0.000822623376735, 0.00101838214323, 0.00160656997468, 0.000770190672483, 0.000918030855246, 0.00156352296472, 0.000990351196378, 0.000717383518349, 0.000773338542785, 0.000555584614631, 0.000308517337544, 0.000296068610623, 0.000269502546871, 0.000132576140459, 0.000196291177417, 0.000171178733581, 0.000168697137269, 0.000158651877427, 8.53025776451e-05, 0.000118953052151, 0.00019435408467, 0.000270008778898, 0.000104817707324, 4.12554936702e-06],
        "dmean2": [0.000157470989507, 0.0050404118374, 0.00288024172187, 0.00142229348421, 0.001636608853, 0.00246366742067, 0.00122816534713, 0.0014749559341, 0.00244934228249, 0.00160748895723, 0.0011498312233, 0.00116283819079, 0.000893923453987, 0.000492878665682, 0.000473091553431, 0.000449368730187, 0.00020916305948, 0.000295395817375, 0.000273850222584, 0.000262325222138, 0.000239786342718, 0.000128293191665, 0.000173973414348, 0.000274840829661, 0.000382881029509, 0.000150736625073, 6.29622900306e-06],
        "dvar": [3.51251863151e-08, 4.72083775094e-05, 1.47806094901e-05, 8.91789295565e-06, 5.15134979651e-06, 1.0597786968e-05, 4.97029759572e-06, 5.87150634601e-06, 9.91199704004e-06, 5.82833354201e-06, 2.81060192719e-06, 3.16492810271e-06, 1.51632866618e-06, 7.54075813347e-07, 2.94100004794e-07, 2.75301488273e-07, 8.21812378149e-08, 3.43848626017e-07, 1.06472896277e-07, 1.72079680283e-07, 1.32735081593e-07, 8.88915394626e-08, 1.32244537099e-07, 4.51903929388e-07, 1.08780818664e-06, 1.48211640294e-07, 2.29423813281e-10],
        "dvar2": [9.13515023626e-08, 0.000125445294543, 4.30334184784e-05, 2.51320143434e-05, 1.17219669846e-05, 2.29034085351e-05, 1.05535063994e-05, 1.45346466525e-05, 2.30596579058e-05, 1.47662003656e-05, 6.53446022625e-06, 6.62665206619e-06, 3.32302647621e-06, 1.61654986641e-06, 6.71766144933e-07, 7.03808439084e-07, 1.83800821674e-07, 6.25700010914e-07, 2.43873643058e-07, 3.69158954072e-07, 2.85587020699e-07, 1.92855921455e-07, 2.46161988571e-07, 8.05686624972e-07, 1.92290735868e-06, 2.78272779042e-07, 4.67063721032e-10],
        "max": [0.00206867605448, 0.07263571769, 0.0504320040345, 0.0469146594405, 0.0481815859675, 0.0625058114529, 0.0834889709949, 0.0510299727321, 0.0544158406556, 0.0522687323391, 0.040922537446, 0.0284711867571, 0.0290648192167, 0.0266347955912, 0.01194583904, 0.0103771835566, 0.00701253442094, 0.0285740885884, 0.00995600782335, 0.0131750386208, 0.0155613599345, 0.0126599408686, 0.00879162549973, 0.0189560409635, 0.0225974861532, 0.00923045352101, 0.000604653789196],
        "mean": [0.00018006155733, 0.00464797625318, 0.00197228998877, 0.000939020188525, 0.00173665303737, 0.00329209095798, 0.00141505699139, 0.0012012970401, 0.00270633632317, 0.00136745697819, 0.00123643304687, 0.00123495399021, 0.000817841850221, 0.000483315205202, 0.000503750168718, 0.000442594784545, 0.000222254864639, 0.000483936048113, 0.000334456475684, 0.000338707468472, 0.000311196112307, 0.000145638841786, 0.000196437773411, 0.000345084263245, 0.00045326387044, 0.000152078442625, 4.80908693135e-06],
        "median": [6.94629270583e-05, 0.00170622928999, 0.000443552795332, 0.000215141248191, 0.000536732841283, 0.000847137882374, 0.00016520995996, 0.000195129250642, 0.000716721406206, 0.000316890655085, 0.000227319877013, 0.000230161807849, 0.000270652817562, 0.000145765006891, 0.000227515905863, 0.000170147104654, 0.000102485049865, 0.000121127559396, 0.000159118862939, 0.000134580899612, 0.000115721108159, 3.50161499227e-05, 3.68353066733e-05, 7.04255071469e-05, 5.34599821549e-05, 1.04346199805e-05, 4.88667026843e-08],
        "min": [1.10411369361e-15, 1.07569902049e-15, 3.10521272612e-16, 1.95840370152e-16, 2.2448199517e-16, 1.84679718455e-16, 5.55232002749e-16, 1.02655141603e-15, 4.15862630976e-16, 2.95967870149e-16, 1.09374262221e-15, 7.30932576394e-16, 8.69516378048e-17, 1.19209288826e-15, 8.90742388431e-16, 1.46545625485e-15, 1.49714269861e-15, 7.97050485949e-16, 5.57070021893e-15, 8.72767756368e-15, 4.57322320882e-15, 9.32128164124e-15, 4.79697204403e-15, 1.25635941673e-14, 1.35577813014e-14, 1.31542243122e-14, 1.34780594075e-14],
        "var": [6.454002488e-08, 6.68555003358e-05, 1.51036765601e-05, 8.27091844258e-06, 1.20506601888e-05, 4.1959930968e-05, 2.62022858806e-05, 8.5705132733e-06, 2.47575426329e-05, 9.28222107177e-06, 8.0941035776e-06, 8.05513445812e-06, 3.01319050777e-06, 1.627616939e-06, 6.50123922696e-07, 5.68922132516e-07, 1.5764956629e-07, 2.80882500192e-06, 2.77340745924e-07, 3.94719648966e-07, 3.61097534096e-07, 1.86516643907e-07, 3.18845280844e-07, 1.12326551971e-06, 2.91961896437e-06, 3.46016150843e-07, 4.79542738852e-10]
    },
    "erbbands": {
        "dmean": [0.0848473832011, 0.733797729015, 1.82473123074, 2.50987744331, 1.64418816566, 3.77646231651, 10.110657692, 14.1994857788, 11.3395042419, 14.4726219177, 19.1018123627, 37.4908638, 33.7188415527, 23.2326221466, 30.1918182373, 22.8654975891, 23.2188529968, 16.1952896118, 14.8760004044, 13.969203949, 12.3734865189, 7.24269485474, 11.4981508255, 9.33876228333, 6.66419363022, 7.40810203552, 8.13663482666, 4.37163352966, 3.10481286049, 3.00370168686, 3.36681318283, 3.90834665298, 3.48514890671, 2.87121295929, 2.09564805031, 0.735984146595, 0.125041201711, 0.0135548543185, 0.000700785778463, 3.0740055081e-05],
        "dmean2": [0.142869874835, 1.23467087746, 3.16445589066, 4.3781375885, 2.81448936462, 6.08181190491, 15.6981801987, 21.9490356445, 18.2313613892, 22.3134613037, 29.9660701752, 58.8700752258, 53.9858474731, 36.7469406128, 47.0269203186, 34.8995857239, 37.1337738037, 24.7662315369, 23.0302944183, 22.9834651947, 20.3982810974, 11.3548345566, 16.711856842, 14.7062940598, 10.5863771439, 11.4403295517, 12.2056694031, 6.64741039276, 4.72329092026, 4.40731573105, 4.93416500092, 5.7636384964, 4.90156793594, 4.11267518997, 2.94264769554, 1.05954575539, 0.178428530693, 0.0197083558887, 0.00102095713373, 4.44486358901e-05],
        "dvar": [0.0403843075037, 2.73172020912, 15.1513986588, 80.049331665, 18.0842685699, 84.3386459351, 592.16229248, 967.485473633, 890.869689941, 1577.32824707, 1971.47619629, 6270.77001953, 6038.13671875, 2710.7722168, 5047.30810547, 2624.75561523, 2342.34619141, 1933.67993164, 919.79095459, 613.461486816, 503.104858398, 225.145065308, 1528.52392578, 335.078704834, 142.397186279, 432.221679688, 263.526123047, 168.451690674, 123.932548523, 105.996261597, 107.759010315, 140.359573364, 164.255081177, 114.412704468, 77.0800018311, 8.08641910553, 0.204153418541, 0.00198110938072, 9.44791190705e-06, 9.35827504378e-09],
        "dvar2": [0.11690941453, 7.27568721771, 44.4778213501, 228.38053894, 50.9514465332, 185.775115967, 1281.31677246, 2147.14672852, 2085.3034668, 3400.62524414, 4788.87792969, 14429.6787109, 15473.1796875, 6524.54736328, 12470.9863281, 5609.43212891, 5237.54003906, 3720.47460938, 1977.03466797, 1556.33508301, 1267.79052734, 504.738708496, 2605.59423828, 734.787597656, 351.691497803, 911.407836914, 545.626953125, 360.992218018, 279.709686279, 198.147186279, 201.30406189, 268.919708252, 296.200531006, 214.11378479, 142.607757568, 14.9918584824, 0.360022395849, 0.00379386241548, 1.75123168447e-05, 1.66877818231e-08],
        "max": [2.02486872673, 16.8620014191, 48.5409164429, 137.428390503, 49.7673721313, 281.067108154, 561.268127441, 732.552307129, 910.379760742, 1215.80090332, 947.116210938, 1596.46289062, 1743.14831543, 1427.30700684, 1854.61486816, 1259.29785156, 1257.21618652, 1594.86901855, 880.61706543, 482.507293701, 430.51184082, 358.568481445, 2049.56738281, 703.656616211, 236.580871582, 810.695007324, 522.901184082, 665.530944824, 488.574890137, 360.126495361, 247.718322754, 254.56880188, 402.651916504, 241.741104126, 200.489578247, 63.1213111877, 12.0852804184, 1.60310935974, 0.144471108913, 0.00399778969586],
        "mean": [0.129379838705, 1.04682302475, 2.36193037033, 3.01749181747, 2.2648525238, 6.29441928864, 20.9845962524, 26.9742412567, 18.8216056824, 24.0213012695, 30.0026760101, 63.3967094421, 51.1287078857, 40.235710144, 61.654548645, 38.8416252136, 36.7860908508, 28.8480014801, 28.9090137482, 23.6119861603, 21.5348644257, 14.4153470993, 28.9479198456, 19.4839229584, 14.3430929184, 15.3629875183, 17.5675106049, 8.4153842926, 5.38149452209, 5.01777124405, 5.66908931732, 6.53738117218, 6.10818338394, 4.84299468994, 3.29576778412, 1.08571112156, 0.189785033464, 0.0189500227571, 0.00095472933026, 6.85602062731e-05],
        "median": [0.05842962116, 0.297775298357, 0.531909942627, 0.717031598091, 0.872675299644, 1.93912363052, 4.55111455917, 7.41251325607, 3.92792224884, 4.11649513245, 7.62262058258, 17.5519733429, 17.0741119385, 13.1444358826, 11.849439621, 9.81188583374, 13.131149292, 10.1929264069, 11.5156612396, 12.1890506744, 9.39256668091, 6.56059646606, 6.6093506813, 8.26690483093, 7.34680223465, 6.1708650589, 6.15136909485, 3.09851980209, 1.42054259777, 0.982426404953, 1.10519504547, 1.33689522743, 1.1669318676, 0.763813972473, 0.250634282827, 0.0686642378569, 0.0148369632661, 0.00122951192316, 4.88916557515e-05, 3.60349476978e-05],
        "min": [4.79812451706e-14, 1.84506042714e-13, 3.65024037472e-13, 5.47896905796e-13, 7.56388875145e-13, 7.06004428096e-13, 8.26288148147e-13, 1.8288957588e-12, 5.32679846413e-12, 1.48960965091e-11, 2.25105784707e-11, 9.3976900914e-12, 4.83208481908e-12, 2.69410639631e-11, 4.46203664295e-11, 2.44547038869e-11, 7.0469164358e-12, 3.79510207982e-11, 6.07348824011e-11, 5.71833934371e-11, 8.38009592274e-11, 7.06512209847e-11, 4.80285013149e-11, 1.62760901978e-10, 4.20312840088e-10, 3.97795602014e-10, 1.29281071959e-10, 3.06758840551e-10, 3.42486761173e-10, 1.57097890252e-10, 1.39727091009e-10, 1.97147576042e-10, 2.27786123297e-10, 1.49504797431e-10, 1.07303214925e-10, 5.95291038685e-11, 2.24353261663e-11, 5.4961638539e-12, 2.04762140403e-12, 2.15783459352e-13],
        "var": [0.0489829480648, 3.77818250656, 18.2175312042, 71.8161392212, 18.2285995483, 190.402389526, 2228.57104492, 3157.51977539, 2735.09790039, 5091.66894531, 3811.81274414, 14633.9619141, 8827.5234375, 7443.58691406, 18861.4179688, 6794.48242188, 4876.35302734, 5015.06396484, 2780.70605469, 1017.87115479, 1037.87145996, 584.468566895, 12528.6816406, 1314.00354004, 340.192443848, 916.252380371, 910.263366699, 446.290374756, 252.615661621, 234.596939087, 263.371063232, 336.398529053, 390.020629883, 281.164367676, 195.295578003, 19.1121330261, 0.538759946823, 0.00470052845776, 2.2863929189e-05, 2.63196362482e-08]
    },
    "gfcc": {
        "mean": [7.57201814651, 69.4749984741, -126.099632263, 23.7098445892, -64.3668899536, 21.5304470062, -38.9318504333, 19.6031036377, -28.1291656494, 8.47250556946, -13.6257629395, -0.578044891357, -3.2508957386],
        "cov": [[4817.14794922, -123.690727234, 1178.28674316, 507.993499756, 15.6054010391, 299.062072754, 103.013511658, 209.924880981, -155.914260864, 209.186645508, 56.8221435547, 30.9327754974, 2.17804217339], [-123.690727234, 1352.51586914, 61.4813957214, 260.44909668, 211.053543091, 3.54450845718, 173.056137085, 1.52561271191, 64.349937439, -6.75848579407, 186.116317749, -49.3934173584, 168.29737854], [1178.28674316, 61.4813957214, 1381.31652832, 531.002319336, 137.4584198, 166.880599976, -95.5203094482, 101.758522034, 34.1679039001, 113.113967896, 53.408618927, 118.476463318, 8.35884857178], [507.993499756, 260.44909668, 531.002319336, 636.28503418, 183.436294556, 74.2720947266, 10.3886537552, 63.1540031433, 44.0716514587, 43.2903785706, 85.5135040283, 34.4349098206, 61.019493103], [15.6054010391, 211.053543091, 137.4584198, 183.436294556, 248.106674194, 140.686752319, 70.3147277832, 13.8444623947, 20.4525775909, 18.793970108, -11.4440221786, -5.41985797882, 3.15418052673], [299.062072754, 3.54450845718, 166.880599976, 74.2720947266, 140.686752319, 309.739044189, 139.759078979, -10.5060691833, -27.5924873352, 55.5095100403, -24.1893749237, -31.3801403046, -20.8308734894], [103.013511658, 173.056137085, -95.5203094482, 10.3886537552, 70.3147277832, 139.759078979, 223.404464722, 13.5322217941, -15.6225776672, 20.6781845093, 11.7768421173, -46.3907089233, 9.58298873901], [209.924880981, 1.52561271191, 101.758522034, 63.1540031433, 13.8444623947, -10.5060691833, 13.5322217941, 132.960388184, 36.2351799011, -0.23248398304, 8.95127391815, 2.5256023407, 16.5857372284], [-155.914260864, 64.349937439, 34.1679039001, 44.0716514587, 20.4525775909, -27.5924873352, -15.6225776672, 36.2351799011, 133.617996216, 11.3647594452, -20.1800174713, 7.30991792679, -14.2871513367], [209.186645508, -6.75848579407, 113.113967896, 43.2903785706, 18.793970108, 55.5095100403, 20.6781845093, -0.23248398304, 11.3647594452, 102.13583374, 36.4713859558, 9.35932636261, -1.50673019886], [56.8221435547, 186.116317749, 53.408618927, 85.5135040283, -11.4440221786, -24.1893749237, 11.7768421173, 8.95127391815, -20.1800174713, 36.4713859558, 199.92956543, 12.4576234818, 73.460647583], [30.9327754974, -49.3934173584, 118.476463318, 34.4349098206, -5.41985797882, -31.3801403046, -46.3907089233, 2.5256023407, 7.30991792679, 9.35932636261, 12.4576234818, 95.5033721924, 11.8243570328], [2.17804217339, 168.29737854, 8.35884857178, 61.019493103, 3.15418052673, -20.8308734894, 9.58298873901, 16.5857372284, -14.2871513367, -1.50673019886, 73.460647583, 11.8243570328, 127.931854248]],
        "icov": [[0.000357189710485, -6.40619182377e-05, -0.000194956737687, -0.000205463118618, 0.000440627918579, -0.00016458122991, -9.24256892176e-05, -0.000600227096584, 0.000716956390534, -0.000579728221055, 0.000251634599408, 5.84007939324e-05, 0.00015935873671], [-6.40619182377e-05, 0.00167071796022, -0.000413893401856, 0.000211838254472, -0.00172835669946, 0.00144445733167, -0.00169389788061, 0.00139410141855, -0.00135462684557, 0.000931796035729, -0.00119290442672, 0.00120651489124, -0.00161365431268], [-0.000194956737687, -0.000413893401856, 0.0018815882504, -0.00111722655129, 0.000635391857941, -0.00168455729727, 0.00187240040395, -0.0011137855472, 0.000197955727344, -0.000738147995435, 0.000176915811608, -0.00171859399416, 0.000742600474041], [-0.000205463118618, 0.000211838254472, -0.00111722655129, 0.00341956340708, -0.00253032753244, 0.00102608907036, -0.000496515305713, 0.000475042528706, -0.00116368709132, 0.000716186128557, -0.001188046881, 0.000581596163101, -0.00112122180872], [0.000440627918579, -0.00172835669946, 0.000635391857941, -0.00253032753244, 0.00946890562773, -0.00475151790306, 0.001223581261, -0.00201447727159, 0.000931413611397, -0.000734338769689, 0.00211834465154, -0.00176697305869, 0.00163623527624], [-0.00016458122991, 0.00144445733167, -0.00168455729727, 0.00102608907036, -0.00475151790306, 0.00935948546976, -0.00556067284197, 0.00278710806742, 0.000387156294892, -0.00163653783966, 0.000304369808873, 0.00276423804462, -0.000986731261946], [-9.24256892176e-05, -0.00169389788061, 0.00187240040395, -0.000496515305713, 0.001223581261, -0.00556067284197, 0.0101159652695, -0.00314493407495, 0.00134231126867, -0.00127110735048, 0.000232062477153, 0.0001109460718, 0.00105021486524], [-0.000600227096584, 0.00139410141855, -0.0011137855472, 0.000475042528706, -0.00201447727159, 0.00278710806742, -0.00314493407495, 0.0114770131186, -0.00462330505252, 0.00262449751608, -0.00120718614198, 0.00168135645799, -0.00267406296916], [0.000716956390534, -0.00135462684557, 0.000197955727344, -0.00116368709132, 0.000931413611397, 0.000387156294892, 0.00134231126867, -0.00462330505252, 0.0117560699582, -0.00411544460803, 0.00276726740412, -0.000985986087471, 0.00261740363203], [-0.000579728221055, 0.000931796035729, -0.000738147995435, 0.000716186128557, -0.000734338769689, -0.00163653783966, -0.00127110735048, 0.00262449751608, -0.00411544460803, 0.0148775829002, -0.00426842039451, -0.000551915727556, 0.000214923857129], [0.000251634599408, -0.00119290442672, 0.000176915811608, -0.001188046881, 0.00211834465154, 0.000304369808873, 0.000232062477153, -0.00120718614198, 0.00276726740412, -0.00426842039451, 0.00868831109256, -0.000753880420234, -0.00240396056324], [5.84007939324e-05, 0.00120651489124, -0.00171859399416, 0.000581596163101, -0.00176697305869, 0.00276423804462, 0.0001109460718, 0.00168135645799, -0.000985986087471, -0.000551915727556, -0.000753880420234, 0.0143525805324, -0.00249622459523], [0.00015935873671, -0.00161365431268, 0.000742600474041, -0.00112122180872, 0.00163623527624, -0.000986731261946, 0.00105021486524, -0.00267406296916, 0.00261740363203, 0.000214923857129, -0.00240396056324, -0.00249622459523, 0.0123959686607]]
    },
    "melbands": {
        "dmean": [0.000788094068412, 0.000919128826354, 0.000388306449167, 0.000165970603121, 0.000316285702866, 0.000309757655486, 0.00017322950589, 0.000177100635483, 0.000158257375006, 0.00024849694455, 0.000175040666363, 0.00010204334103, 9.31380054681e-05, 8.69432406034e-05, 5.13097220392e-05, 5.9671318013e-05, 2.92279200949e-05, 2.60249271378e-05, 2.14053270611e-05, 2.16806511162e-05, 1.30510443341e-05, 8.40709617478e-06, 9.13471376407e-06, 1.0727382687e-05, 8.58221210365e-06, 6.11569703324e-06, 4.64550703327e-06, 5.55099313715e-06, 5.88597958995e-06, 3.94326116293e-06, 2.37773406297e-06, 1.89350703295e-06, 1.61666071108e-06, 1.83512361218e-06, 1.94150379684e-06, 2.34708318203e-06, 2.53413486462e-06, 2.57340093412e-06, 2.47266007136e-06, 2.58446925727e-06],
        "dmean2": [0.00129573175218, 0.00158132938668, 0.000673133064993, 0.000274494086625, 0.000492735591251, 0.000478072179249, 0.000276948616374, 0.000276295671938, 0.000247539690463, 0.000390192872146, 0.000280716543784, 0.000161905540153, 0.000146672173287, 0.000130951186293, 8.05814415799e-05, 9.5467446954e-05, 4.54945111414e-05, 4.06155086239e-05, 3.46836750396e-05, 3.59806217602e-05, 2.153031528e-05, 1.33504090627e-05, 1.37392007673e-05, 1.59111332323e-05, 1.36056069096e-05, 9.88297233562e-06, 7.37074105928e-06, 8.6204490799e-06, 9.01525436348e-06, 5.99558734393e-06, 3.6722369714e-06, 2.95053359878e-06, 2.4410635433e-06, 2.71786188932e-06, 2.86410045192e-06, 3.61548927685e-06, 3.76016078008e-06, 3.68517612515e-06, 3.67902339349e-06, 3.77145443053e-06],
        "dvar": [3.29796489495e-06, 3.5937789562e-06, 1.73171292772e-06, 1.63745724535e-07, 5.01557622101e-07, 4.23563363938e-07, 2.04351252364e-07, 2.19710315719e-07, 1.29621767542e-07, 2.70541221425e-07, 1.6070083575e-07, 5.27907957348e-08, 4.40230856213e-08, 4.40272280855e-08, 2.00345766643e-08, 1.7296240884e-08, 7.72097674684e-09, 3.33773297889e-09, 1.61011726174e-09, 1.88555304703e-09, 5.28035726255e-10, 3.45401290902e-10, 8.35024216439e-10, 1.43060807645e-09, 3.29869714877e-10, 1.29474417299e-10, 1.42343553611e-10, 2.68111449708e-10, 1.44156409032e-10, 1.22061527552e-10, 5.15990930539e-11, 5.08710261415e-11, 2.79363025768e-11, 4.21709923926e-11, 4.21638592096e-11, 4.1950984353e-11, 6.86055309784e-11, 9.78194053536e-11, 7.11057254743e-11, 1.06947138645e-10],
        "dvar2": [8.87710757524e-06, 1.03736974779e-05, 4.92822073284e-06, 4.04012524768e-07, 1.07879611733e-06, 9.34150079956e-07, 4.67966629003e-07, 5.06387152654e-07, 3.10006726068e-07, 6.21477965979e-07, 4.09661623735e-07, 1.26976715364e-07, 1.04895541142e-07, 9.50723730853e-08, 4.1886867308e-08, 3.82578981828e-08, 1.49595056342e-08, 7.27209314988e-09, 3.75093733851e-09, 4.77032591206e-09, 1.30211186278e-09, 7.80534581413e-10, 1.66656310974e-09, 2.54746623796e-09, 6.9919825485e-10, 3.20341475568e-10, 3.47812861845e-10, 5.80548276119e-10, 3.07464304017e-10, 2.99214097943e-10, 1.00560067218e-10, 1.19711088264e-10, 5.94555307765e-11, 8.11213596297e-11, 8.13822551016e-11, 9.10250763653e-11, 1.34244088068e-10, 1.85707546563e-10, 1.37738681572e-10, 2.11403949901e-10],
        "max": [0.0195272546262, 0.0203965138644, 0.0203601680696, 0.0101711312309, 0.0155033320189, 0.0147622991353, 0.0131006427109, 0.0106027387083, 0.00651765754446, 0.00969127658755, 0.00856509432197, 0.00615593092516, 0.00619742367417, 0.00435452489182, 0.00340205570683, 0.00379643845372, 0.00345031847246, 0.00185400957707, 0.00100919429678, 0.00105150253512, 0.000547454343177, 0.000534798076842, 0.00124575849622, 0.0019493001746, 0.000727762002498, 0.000270177115453, 0.000497986911796, 0.000601248349994, 0.000380186218536, 0.000599092280027, 0.000325100496411, 0.000340069731465, 0.000180767136044, 0.000193891770323, 0.000160673138453, 0.000131574459374, 0.000192082254216, 0.0003274595947, 0.000169933089637, 0.000271703989711],
        "mean": [0.00123449787498, 0.00132505828515, 0.000493553001434, 0.000253731908742, 0.000658145989291, 0.00059908075491, 0.000301564927213, 0.000273741054116, 0.000250831537414, 0.000419553805841, 0.00025453287526, 0.000165003802977, 0.000178844798938, 0.000157662347192, 7.73130814196e-05, 8.94301992957e-05, 4.67526988359e-05, 4.66175188194e-05, 3.47896093444e-05, 3.43205647368e-05, 2.14847932511e-05, 1.42036997204e-05, 2.00073773158e-05, 2.34971648752e-05, 1.52797365445e-05, 1.16531646199e-05, 8.63123386807e-06, 1.07822470454e-05, 1.22570709209e-05, 7.39605820854e-06, 4.09505855714e-06, 3.06417041429e-06, 2.61300874627e-06, 2.90326420327e-06, 3.16847422255e-06, 3.54182861884e-06, 4.21048798671e-06, 4.34781577496e-06, 4.00762837671e-06, 4.15848398916e-06],
        "median": [0.00051200715825, 0.000346619752236, 0.000135401933221, 9.29572997848e-05, 0.000154874636792, 0.000159223709488, 5.09972087457e-05, 4.0860795707e-05, 5.12299520778e-05, 0.000106902851257, 7.44225253584e-05, 4.2457395466e-05, 3.44573745679e-05, 2.77591043414e-05, 1.69875238498e-05, 2.81147677015e-05, 1.42061962833e-05, 1.61290736287e-05, 1.73937005457e-05, 1.25609076349e-05, 9.40248719417e-06, 6.53026927466e-06, 4.96360826219e-06, 5.63815137866e-06, 6.27054760116e-06, 5.59421914659e-06, 3.94965809392e-06, 3.86228020943e-06, 4.00635690312e-06, 2.62248886429e-06, 1.25079895952e-06, 8.14573809294e-07, 5.38357539881e-07, 5.15074532359e-07, 5.78001845497e-07, 6.71915586281e-07, 8.56225824464e-07, 7.80803134148e-07, 7.66949483477e-07, 5.5224757034e-07],
        "min": [4.16646533499e-16, 2.11956177825e-16, 1.02741536317e-16, 5.42981107153e-17, 2.85486598433e-17, 4.06257945716e-17, 9.04107152206e-17, 1.79663509933e-16, 1.7743535006e-16, 4.91825941967e-17, 2.0099851956e-17, 9.82010095854e-17, 1.52975592877e-16, 9.28097573727e-17, 3.62792946336e-17, 8.93125767091e-18, 8.40226309604e-17, 1.07897875853e-16, 7.29737214382e-17, 9.73201284075e-17, 9.82449428021e-17, 7.36168709081e-17, 6.71772566045e-17, 3.14737987912e-17, 1.38145012118e-16, 2.16807135514e-16, 4.21285150616e-16, 2.27083074533e-16, 5.1128473722e-17, 1.2118428908e-16, 2.17201164654e-16, 2.60430496968e-16, 7.67779846323e-17, 8.9411500893e-17, 8.48717285505e-17, 6.2174977803e-17, 1.47228209632e-16, 1.39732643028e-16, 2.00823491451e-16, 8.809436466e-17],
        "var": [4.58838076156e-06, 5.1010797506e-06, 1.5990300426e-06, 2.82066338286e-07, 1.87094371995e-06, 1.43066415603e-06, 7.89229147813e-07, 5.24867061813e-07, 3.05789427557e-07, 6.61412627778e-07, 2.36885455251e-07, 1.36096943493e-07, 1.50862476289e-07, 1.35900606324e-07, 5.45197202939e-08, 3.86878369341e-08, 1.77823906711e-08, 9.43797839881e-09, 2.82927259398e-09, 3.97110611061e-09, 1.04547503987e-09, 6.97139679318e-10, 5.28702770453e-09, 7.06394631678e-09, 9.25623910852e-10, 2.96167285141e-10, 2.33267488658e-10, 5.35234634391e-10, 4.60932847446e-10, 2.48046694296e-10, 1.48537043776e-10, 9.33917526647e-11, 5.73086231248e-11, 8.80591710661e-11, 9.59889528973e-11, 8.68621771732e-11, 1.55642609911e-10, 2.13786724435e-10, 1.58553795093e-10, 2.41957037739e-10]
    },
    "mfcc": {
        "mean": [-633.421630859, 101.612617493, -5.29908037186, 7.48515081406, 1.07961678505, -2.2109746933, 7.47139072418, -0.729667425156, 3.57850193977, 5.34814977646, -4.34295892715, 0.436023592949, -2.67788124084],
        "cov": [[4034.80981445, -179.508880615, 796.732299805, 279.178955078, 92.3422393799, 112.771903992, 334.801513672, 1.85193347931, 61.2968177795, 129.831100464, -42.858833313, 94.9674758911, 71.1343917847], [-179.508880615, 915.815063477, -13.8914394379, 144.584289551, 54.4534225464, 62.0931472778, 109.030342102, 15.3234424591, 32.186706543, 22.9564781189, 11.429063797, 6.69812440872, 39.2462844849], [796.732299805, -13.8914394379, 1102.5177002, 391.108612061, 337.984466553, 106.776069641, 80.7415084839, 20.791513443, 19.6806907654, -5.40088367462, 50.8928604126, 81.1808624268, 90.3489990234], [279.178955078, 144.584289551, 391.108612061, 506.794677734, 236.208694458, 39.5003509521, 53.4539527893, 36.0360603333, 33.1835327148, -12.8802928925, 17.91588974, 85.5434570312, 19.7531089783], [92.3422393799, 54.4534225464, 337.984466553, 236.208694458, 308.523590088, 68.2177810669, 31.0252666473, 34.8870429993, 36.9977531433, -5.14221048355, 26.2361679077, 44.0861625671, 17.5162010193], [112.771903992, 62.0931472778, 106.776069641, 39.5003509521, 68.2177810669, 346.774353027, 112.614295959, 47.2314872742, 57.3505516052, 50.0468521118, 53.2161598206, -40.2957115173, 65.6958465576], [334.801513672, 109.030342102, 80.7415084839, 53.4539527893, 31.0252666473, 112.614295959, 299.796936035, 5.42659235001, 12.2824840546, 56.7557945251, -17.750125885, 8.38510704041, 30.7102146149], [1.85193347931, 15.3234424591, 20.791513443, 36.0360603333, 34.8870429993, 47.2314872742, 5.42659235001, 124.06300354, 54.6892280579, 13.7932815552, 18.7509155273, -4.60805177689, -3.20021820068], [61.2968177795, 32.186706543, 19.6806907654, 33.1835327148, 36.9977531433, 57.3505516052, 12.2824840546, 54.6892280579, 134.540466309, 37.6260757446, 15.2481899261, -17.1343135834, 8.05974197388], [129.831100464, 22.9564781189, -5.40088367462, -12.8802928925, -5.14221048355, 50.0468521118, 56.7557945251, 13.7932815552, 37.6260757446, 109.383621216, 12.2619924545, -0.294761657715, 9.38050365448], [-42.858833313, 11.429063797, 50.8928604126, 17.91588974, 26.2361679077, 53.2161598206, -17.750125885, 18.7509155273, 15.2481899261, 12.2619924545, 97.3638076782, 19.7213726044, 14.4792146683], [94.9674758911, 6.69812440872, 81.1808624268, 85.5434570312, 44.0861625671, -40.2957115173, 8.38510704041, -4.60805177689, -17.1343135834, -0.294761657715, 19.7213726044, 103.798881531, 13.618139267], [71.1343917847, 39.2462844849, 90.3489990234, 19.7531089783, 17.5162010193, 65.6958465576, 30.7102146149, -3.20021820068, 8.05974197388, 9.38050365448, 14.4792146683, 13.618139267, 92.8567504883]],
