{
"lowlevel": {
    "average_loudness": 0.0405340865254,
    "barkbands_crest": {
        "dmean": 2.67982625961,
        "dmean2": 4.31802129745,
        "dvar": 5.96154642105,
        "dvar2": 14.5771560669,
        "max": 25.6724071503,
        "mean": 10.5378761292,
        "median": 9.66659259796,
        "min": 2.14422464371,
        "var": 19.8790512085
    },
    "barkbands_flatness_db": {
        "dmean": 0.0204495303333,
        "dmean2": 0.0321080610156,
        "dvar": 0.000383890612284,
        "dvar2": 0.000880782434251,
        "max": 0.393520563841,
        "mean": 0.19317305088,
        "median": 0.185244560242,
        "min": 0.0286628510803,
        "var": 0.00271483813412
    },
    "barkbands_kurtosis": {
        "dmean": 2.60769891739,
        "dmean2": 4.16925144196,
        "dvar": 36.7408485413,
        "dvar2": 100.242553711,
        "max": 221.231918335,
        "mean": 4.02981376648,
        "median": 1.60560703278,
        "min": -1.94865822792,
        "var": 90.3833999634
    },
    "barkbands_skewness": {
        "dmean": 0.511975467205,
        "dmean2": 0.790598750114,
        "dvar": 0.317733645439,
        "dvar2": 0.720279693604,
        "max": 13.2486953735,
        "mean": 1.15281438828,
        "median": 1.00867402554,
        "min": -4.65783786774,
        "var": 1.57626879215
    },
    "barkbands_spread": {
        "dmean": 4.64895677567,
        "dmean2": 7.30728149414,
        "dvar": 45.4562492371,
        "dvar2": 102.342346191,
        "max": 102.867637634,
        "mean": 16.8748264313,
        "median": 14.1883745193,
        "min": 0.510110735893,
        "var": 151.132980347
    },
    "dissonance": {
        "dmean": 0.0264176968485,
        "dmean2": 0.0445953123271,
        "dvar": 0.00074989371933,
        "dvar2": 0.0019656161312,
        "max": 0.500000119209,
        "mean": 0.446417272091,
        "median": 0.459276944399,
        "min": 0,
        "var": 0.00216723186895
    },
    "dynamic_complexity": 5.44045066833,
    "erbbands_crest": {
        "dmean": 3.03411746025,
        "dmean2": 4.87480592728,
        "dvar": 7.93811321259,
        "dvar2": 19.0363712311,
        "max": 32.0585632324,
        "mean": 11.4896154404,
        "median": 10.3901720047,
        "min": 2.24257922173,
        "var": 29.1877403259
    },
    "erbbands_flatness_db": {
        "dmean": 0.0186188500375,
        "dmean2": 0.0276948418468,
        "dvar": 0.000330342008965,
        "dvar2": 0.000655138341244,
        "max": 0.416257768869,
        "mean": 0.236949160695,
        "median": 0.237862750888,
        "min": 0.0814604088664,
        "var": 0.00296602211893
    },
    "erbbands_kurtosis": {
        "dmean": 1.53046679497,
        "dmean2": 2.39747953415,
        "dvar": 5.02219820023,
        "dvar2": 11.700676918,
        "max": 44.1503219604,
        "mean": 2.15370154381,
        "median": 0.873046159744,
        "min": -1.86030626297,
        "var": 14.7369346619
    },
    "erbbands_skewness": {
        "dmean": 0.43969592452,
        "dmean2": 0.669516205788,
        "dvar": 0.200597479939,
        "dvar2": 0.435832291842,
        "max": 6.01354265213,
        "mean": 0.73640114069,
        "median": 0.685240387917,
        "min": -5.08825492859,
        "var": 1.04121994972
    },
    "erbbands_spread": {
        "dmean": 6.54464960098,
        "dmean2": 10.1499786377,
        "dvar": 81.501991272,
        "dvar2": 187.202789307,
        "max": 161.888259888,
        "mean": 25.5805168152,
        "median": 20.5432338715,
        "min": 2.17807364464,
        "var": 278.243865967
    },
    "hfc": {
        "dmean": 4.53315973282,
        "dmean2": 6.50204086304,
        "dvar": 59.9605102539,
        "dvar2": 119.566123962,
        "max": 358.563995361,
        "mean": 15.3087682724,
        "median": 6.57492542267,
        "min": 1.11687038038e-16,
        "var": 442.441314697
    },
    "melbands_crest": {
        "dmean": 3.29664874077,
        "dmean2": 5.32188177109,
        "dvar": 9.06105709076,
        "dvar2": 21.942773819,
        "max": 36.316204071,
        "mean": 13.4162273407,
        "median": 12.5024452209,
        "min": 2.17920827866,
        "var": 30.2286071777
    },
    "melbands_flatness_db": {
        "dmean": 0.0231728199869,
        "dmean2": 0.0356334522367,
        "dvar": 0.000583594723139,
        "dvar2": 0.00127658899873,
        "max": 0.475022286177,
        "mean": 0.202511772513,
        "median": 0.196456566453,
        "min": 0.00589507492259,
        "var": 0.00421180808917
    },
    "melbands_kurtosis": {
        "dmean": 5.00164794922,
        "dmean2": 8.0298614502,
        "dvar": 252.890487671,
        "dvar2": 687.713989258,
        "max": 871.571716309,
        "mean": 8.85053348541,
        "median": 3.99506139755,
        "min": -1.88785529137,
        "var": 645.487670898
    },
    "melbands_skewness": {
        "dmean": 0.607378602028,
        "dmean2": 0.945417523384,
        "dvar": 0.506550371647,
        "dvar2": 1.17369019985,
        "max": 23.3480529785,
        "mean": 1.70001828671,
        "median": 1.43432378769,
        "min": -1.62121796608,
        "var": 2.45341300964
    },
    "melbands_spread": {
        "dmean": 7.0334815979,
        "dmean2": 10.8796424866,
        "dvar": 155.048477173,
        "dvar2": 306.517028809,
        "max": 234.6040802,
        "mean": 24.1325492859,
        "median": 18.5245704651,
        "min": 0.652886927128,
        "var": 492.657562256
    },
    "pitch_salience": {
        "dmean": 0.0698346570134,
        "dmean2": 0.112300649285,
        "dvar": 0.00402168463916,
        "dvar2": 0.0100881857798,
        "max": 0.990207374096,
        "mean": 0.570762097836,
        "median": 0.576201617718,
        "min": 0.105873532593,
        "var": 0.0145383421332
    },
    "silence_rate_20dB": {
        "dmean": 0,
        "dmean2": 0,
        "dvar": 0,
        "dvar2": 0,
        "max": 1,
        "mean": 1,
        "median": 1,
        "min": 1,
        "var": 0
    },
    "silence_rate_30dB": {
        "dmean": 0.000984639627859,
        "dmean2": 0.00196947320364,
        "dvar": 0.00098365440499,
        "dvar2": 0.00235942564905,
        "max": 1,
        "mean": 0.995963394642,
        "median": 1,
        "min": 0,
        "var": 0.00401930976659
    },
    "silence_rate_60dB": {
        "dmean": 0.0488381236792,
        "dmean2": 0.0976858660579,
        "dvar": 0.0464497543871,
        "dvar2": 0.101128190756,
        "max": 1,
        "mean": 0.279314756393,
        "median": 0,
        "min": 0,
        "var": 0.201292231679
    },
    "spectral_centroid": {
        "dmean": 210.837097168,
        "dmean2": 322.142364502,
        "dvar": 99939.3515625,
        "dvar2": 198487.625,
        "max": 11695.2041016,
        "mean": 1298.68273926,
        "median": 1174.61743164,
        "min": 188.614089966,
        "var": 474667.4375
    },
    "spectral_complexity": {
        "dmean": 2.09373760223,
        "dmean2": 3.32998514175,
        "dvar": 4.38602733612,
        "dvar2": 9.91001987457,
        "max": 65,
        "mean": 11.8943586349,
        "median": 11,
        "min": 0,
        "var": 61.3291091919
    },
    "spectral_decrease": {
        "dmean": 1.17745824202e-09,
        "dmean2": 1.78245362914e-09,
        "dvar": 5.99971469078e-18,
        "dvar2": 1.58942721615e-17,
        "max": -9.17310652399e-30,
        "mean": -3.71181085868e-09,
        "median": -2.07162886845e-09,
        "min": -9.94542759258e-08,
        "var": 2.18189102855e-17
    },
    "spectral_energy": {
        "dmean": 0.00479347724468,
        "dmean2": 0.00723055656999,
        "dvar": 9.19243539101e-05,
        "dvar2": 0.000240486842813,
        "max": 0.397585123777,
        "mean": 0.0153977815062,
        "median": 0.00870756525546,
        "min": 1.01649583992e-20,
        "var": 0.000361706566764
    },
    "spectral_energyband_high": {
        "dmean": 0.000177595909918,
        "dmean2": 0.000264748610789,
        "dvar": 4.60953373249e-07,
        "dvar2": 9.18310490761e-07,
        "max": 0.0305819548666,
        "mean": 0.000386415515095,
        "median": 8.22191068437e-05,
        "min": 7.56630992031e-21,
        "var": 1.75611728537e-06
    },
    "spectral_energyband_low": {
        "dmean": 0.0012957425788,
        "dmean2": 0.00220221630298,
        "dvar": 4.99626730743e-05,
        "dvar2": 0.000146938531543,
        "max": 0.285531014204,
        "mean": 0.0021486254409,
        "median": 0.000834009668324,
        "min": 7.22435787776e-23,
        "var": 7.93730650912e-05
    },
    "spectral_energyband_middle_high": {
        "dmean": 0.00197912426665,
        "dmean2": 0.002897572238,
        "dvar": 1.34163046823e-05,
        "dvar2": 2.86596132355e-05,
        "max": 0.0656090974808,
        "mean": 0.0059415884316,
        "median": 0.00171403982677,
        "min": 1.4860368367e-21,
        "var": 9.4427690783e-05
    },
    "spectral_energyband_middle_low": {
        "dmean": 0.00293679884635,
        "dmean2": 0.00446431012824,
        "dvar": 3.48964094883e-05,
        "dvar2": 8.8045031589e-05,
        "max": 0.24965660274,
        "mean": 0.00725316628814,
        "median": 0.00379117601551,
        "min": 1.97598019482e-22,
        "var": 0.000101272395113
    },
    "spectral_entropy": {
        "dmean": 0.160934701562,
        "dmean2": 0.240135714412,
        "dvar": 0.0307599157095,
        "dvar2": 0.0607699789107,
        "max": 9.81239032745,
        "mean": 7.32215023041,
        "median": 7.39609718323,
        "min": 5.50509548187,
        "var": 0.243974357843
    },
    "spectral_flux": {
        "dmean": 0.0199331566691,
        "dmean2": 0.0320329293609,
        "dvar": 0.000573499244638,
        "dvar2": 0.00143587321509,
        "max": 0.440347880125,
        "mean": 0.0636714398861,
        "median": 0.0496986545622,
        "min": 6.85022594205e-11,
        "var": 0.0023857189808
    },
    "spectral_kurtosis": {
        "dmean": 2.55700874329,
        "dmean2": 4.37064313889,
        "dvar": 8.71137332916,
        "dvar2": 24.3833427429,
        "max": 47.4062843323,
        "mean": 4.969851017,
        "median": 3.92511558533,
        "min": -1.43514382839,
        "var": 20.4672470093
    },
    "spectral_rms": {
        "dmean": 0.000541077228263,
        "dmean2": 0.000791537575424,
        "dvar": 4.56983599406e-07,
        "dvar2": 9.8388625247e-07,
        "max": 0.0196948703378,
        "mean": 0.00328945880756,
        "median": 0.00291465013288,
        "min": 3.14913199684e-12,
        "var": 4.20165861215e-06
    },
    "spectral_rolloff": {
        "dmean": 409.074249268,
        "dmean2": 693.614196777,
        "dvar": 779575.0625,
        "dvar2": 1614662,
        "max": 18626.2207031,
        "mean": 1588.07958984,
        "median": 1248.92578125,
        "min": 64.599609375,
        "var": 2038723
    },
    "spectral_skewness": {
        "dmean": 0.297834962606,
        "dmean2": 0.487132549286,
        "dvar": 0.0891134142876,
        "dvar2": 0.219187065959,
        "max": 5.13163757324,
        "mean": 1.60381507874,
        "median": 1.54271614552,
        "min": -0.638397455215,
        "var": 0.372722893953
    },
    "spectral_spread": {
        "dmean": 467311.78125,
        "dmean2": 713568,
        "dvar": 466522374144,
        "dvar2": 889883394048,
        "max": 42100072,
        "mean": 3587136.5,
        "median": 3312456.5,
        "min": 1312926.875,
        "var": 1.74664594227e+12
    },
    "spectral_strongpeak": {
        "dmean": 0.621107041836,
        "dmean2": 0.991921126842,
        "dvar": 0.993016660213,
        "dvar2": 2.37366461754,
        "max": 20.2557277679,
        "mean": 1.41152608395,
        "median": 0.69393992424,
        "min": 0,
        "var": 3.06340122223
    },
    "zerocrossingrate": {
        "dmean": 0.0091905631125,
        "dmean2": 0.0108173405752,
        "dvar": 0.000232302612858,
        "dvar2": 0.000250263343332,
        "max": 0.6572265625,
        "mean": 0.059647038579,
        "median": 0.0517578125,
        "min": 0.00634765625,
        "var": 0.00143790687434
    },
    "barkbands": {
        "dmean": [7.07213694113e-05, 0.000879273284227, 0.000467944104457, 0.000315266428515, 0.000636485929135, 0.000464163982542, 0.000686838640831, 0.000651510432363, 0.00133529875893, 0.000660188437905, 0.000727821781766, 0.000405031460105, 0.000393853842979, 0.00041702654562, 0.000314697041176, 0.000271140801487, 0.000148408944369, 0.000126048616949, 0.000120004500786, 4.60751689388e-05, 3.22315609083e-05, 4.40702715423e-05, 5.93501208641e-05, 5.50250297238e-05, 8.43997349875e-06, 2.7151261861e-07, 6.8129213382e-10],
        "dmean2": [0.000121114382637, 0.00153357349336, 0.00078809336992, 0.000549497839529, 0.00104511971585, 0.000748518912587, 0.00103856716305, 0.000991534558125, 0.00200815545395, 0.00102647661697, 0.00112934003118, 0.000609353010077, 0.000612815085333, 0.000646371336188, 0.000493659579661, 0.000408205523854, 0.00023379913182, 0.000192559164134, 0.000182715812116, 7.25556601537e-05, 5.03924675286e-05, 6.85014310875e-05, 9.15320706554e-05, 8.23136069812e-05, 1.3482362192e-05, 4.09519458344e-07, 1.27081822843e-09],
        "dvar": [7.66509117511e-07, 3.21777370118e-05, 3.74976980311e-06, 1.30843454826e-06, 1.0911316167e-05, 1.77075651209e-06, 3.7928839447e-06, 4.79404116049e-06, 1.31487249746e-05, 4.00435419579e-06, 4.44856732429e-06, 1.61388697961e-06, 1.52756888383e-06, 2.07279731512e-06, 1.0301889688e-06, 1.56058672474e-06, 2.21758597263e-07, 1.49584266751e-07, 1.35882501695e-07, 2.37444446327e-08, 3.70165693653e-08, 4.3394742022e-08, 8.08776903227e-08, 4.51402755175e-08, 7.62718954661e-09, 1.90135719669e-11, 4.67074514282e-17],
        "dvar2": [2.15567024497e-06, 9.77889285423e-05, 9.92470268102e-06, 3.82464168069e-06, 3.0064216844e-05, 4.31041917182e-06, 8.23569826025e-06, 1.05915687527e-05, 2.83059380308e-05, 9.40534209803e-06, 1.06017514554e-05, 3.3329793041e-06, 3.52693837158e-06, 4.31954504165e-06, 2.33884384215e-06, 3.27891461893e-06, 4.98152303408e-07, 3.35040397204e-07, 3.10311889962e-07, 5.16635090264e-08, 7.67563150816e-08, 1.01717759549e-07, 1.70686064394e-07, 9.49262286554e-08, 1.80734200939e-08, 3.96107556477e-11, 1.41004026247e-16],
        "max": [0.0303018689156, 0.244976222515, 0.0667290538549, 0.043668396771, 0.215079262853, 0.0373330749571, 0.0501174107194, 0.0492256209254, 0.0626453384757, 0.0604267045856, 0.0412634573877, 0.0359878242016, 0.0300378073007, 0.0318802595139, 0.0213264934719, 0.0391728505492, 0.0141220930964, 0.0109458984807, 0.0101155657321, 0.00617677625269, 0.013150991872, 0.00587484007701, 0.0128635084257, 0.00638742046431, 0.00779481651261, 0.000286312075332, 4.82343125441e-07],
        "mean": [8.00312263891e-05, 0.00122120440938, 0.000662600621581, 0.00042470585322, 0.000990628846921, 0.000726022932213, 0.00127518398222, 0.00112323241774, 0.00238822679967, 0.001028768369, 0.00136813602876, 0.000667681277264, 0.000624517560937, 0.000719361996744, 0.000459726317786, 0.000443783181254, 0.000252655561781, 0.000251399120316, 0.000239040367887, 0.000110095919808, 6.19059283054e-05, 6.82715181028e-05, 0.00010014698637, 9.6376905276e-05, 1.36898406708e-05, 3.986320678e-07, 6.32743357709e-10],
        "median": [2.38258417085e-06, 0.000294097524602, 0.000167671722011, 0.000110598732135, 0.000288881827146, 0.000219244902837, 0.000243898670305, 0.000120240554679, 0.000323821353959, 0.000200605602004, 0.000150476262206, 0.000103895326902, 8.92177849892e-05, 7.03435434843e-05, 8.82956301211e-05, 4.98416193295e-05, 5.6404966017e-05, 3.36024204444e-05, 3.18378370139e-05, 1.65462224686e-05, 1.06954239527e-05, 1.18171437862e-05, 1.62736432685e-05, 1.74159758899e-05, 3.64156676369e-07, 2.02205238664e-10, 2.16099305117e-10],
        "min": [5.12355817828e-23, 4.21816106034e-23, 6.80160211217e-24, 4.34049611069e-24, 1.64835420708e-23, 1.99518999916e-23, 3.93733225788e-23, 2.90654664569e-23, 1.95505859387e-23, 6.14077096528e-23, 8.67264528413e-23, 6.36849049616e-23, 8.20282307927e-23, 1.51133506319e-22, 8.40913481844e-23, 1.06396951949e-22, 1.55395425178e-22, 1.7328872164e-22, 1.85253747332e-22, 2.76677122179e-22, 5.02521158342e-22, 3.21722846916e-22, 5.83353576977e-22, 7.71682468201e-22, 1.06787472175e-21, 1.59652613396e-21, 2.23170279846e-21],
        "var": [1.0102859278e-06, 4.09739695897e-05, 4.77510820929e-06, 1.80314646059e-06, 1.38325676744e-05, 2.73114073934e-06, 9.43852865021e-06, 1.20599243019e-05, 3.65363594028e-05, 6.71044472256e-06, 1.52759093908e-05, 3.91811136069e-06, 3.53959762833e-06, 6.23176765657e-06, 1.8330988496e-06, 3.80534606848e-06, 4.76837499264e-07, 4.67190915288e-07, 3.83820548677e-07, 1.94398751319e-07, 1.18566354956e-07, 7.95048862301e-08, 1.60639032742e-07, 1.07277770667e-07, 2.97048501352e-08, 4.08699428467e-11, 2.38901209085e-17]
    },
    "erbbands": {
        "dmean": [0.0251998994499, 0.204861775041, 0.525439858437, 0.75506991148, 1.7558671236, 2.27833986282, 2.21059894562, 4.60480499268, 8.40695762634, 10.8434267044, 16.8978691101, 30.350976944, 23.7694644928, 23.0126056671, 25.014705658, 14.3433856964, 14.7177009583, 21.918838501, 12.701505661, 17.3537101746, 11.2688932419, 7.49613380432, 6.0925283432, 6.63825702667, 4.69695949554, 2.13308763504, 1.30716502666, 1.31206643581, 1.52977609634, 1.78583419323, 1.67769861221, 1.44467663765, 0.739187479019, 0.162452578545, 0.0222947746515, 0.00310305086896, 9.89644249785e-05, 7.80410573498e-06, 3.6445051137e-06, 5.92882861383e-06],
        "dmean2": [0.0443117506802, 0.354102730751, 0.89508908987, 1.29246270657, 3.02130365372, 3.68367028236, 3.57154107094, 7.41807985306, 12.7474164963, 15.9230489731, 24.8969917297, 45.2134857178, 35.7607688904, 35.2252807617, 37.6803245544, 21.3961696625, 22.7235088348, 32.8831672668, 19.6472682953, 26.517906189, 16.5710659027, 11.387336731, 8.99398326874, 9.81677055359, 7.10048866272, 3.29445886612, 2.05369520187, 2.04015946388, 2.42340612411, 2.76655077934, 2.56768536568, 2.16028761864, 1.12593388557, 0.255500108004, 0.0308906175196, 0.00442139618099, 0.000143714365549, 1.12841789814e-05, 5.35129311174e-06, 8.8849428721e-06],
        "dvar": [0.0548751316965, 1.48804759979, 6.41129398346, 6.51843500137, 61.7877502441, 213.329437256, 43.8132286072, 213.788970947, 548.666137695, 1327.14038086, 2914.94116211, 7031.125, 5309.96240234, 3923.9453125, 6044.54882812, 1897.94470215, 2045.91833496, 5140.10498047, 1375.16357422, 5300.0234375, 2137.4230957, 504.137420654, 386.63067627, 472.764953613, 180.080780029, 62.9439239502, 82.7329864502, 32.2144927979, 56.538734436, 69.4655990601, 83.5136642456, 26.8411750793, 10.7462625504, 1.67080938816, 0.218391478062, 0.00334573257715, 1.90114405996e-06, 4.735275283e-09, 1.11656628388e-10, 1.25635210568e-10],
        "dvar2": [0.173769041896, 4.49807310104, 18.0523548126, 18.7677211761, 184.426620483, 547.888549805, 109.616851807, 526.444152832, 1281.24389648, 2795.5390625, 6450.62841797, 14840.5585938, 12236.1337891, 9291.57128906, 13401.6240234, 3970.03369141, 4859.60986328, 10654.4248047, 3152.02929688, 11776.0351562, 4211.00488281, 1079.90759277, 842.397949219, 979.053344727, 426.557891846, 152.866439819, 178.738708496, 70.9522094727, 135.58203125, 161.849609375, 172.270263672, 57.9522666931, 23.7360458374, 4.167096138, 0.493539839983, 0.0067656240426, 3.87586396755e-06, 1.012904427e-08, 2.53393583893e-10, 3.20542425936e-10],
        "max": [8.47818851471, 58.3188018799, 88.5949401855, 97.2360229492, 431.03112793, 1182.73400879, 305.497344971, 473.974761963, 658.241760254, 869.259033203, 1172.12487793, 1613.33154297, 1984.51525879, 1790.26513672, 1774.13720703, 1352.04956055, 1078.89123535, 1772.93029785, 744.856018066, 2000.02868652, 1976.41040039, 568.649291992, 736.719299316, 744.036743164, 478.08972168, 371.671966553, 582.164611816, 304.227294922, 202.322311401, 325.508361816, 532.342651367, 146.995742798, 92.6607666016, 100.693595886, 46.506313324, 6.88046741486, 0.153823956847, 0.00776081345975, 0.000923116342165, 0.000530500314198],
        "mean": [0.0328017920256, 0.281687885523, 0.747430682182, 1.14928042889, 2.52621507645, 3.44468021393, 3.603297472, 6.98018598557, 15.1445064545, 18.8326911926, 33.479473114, 54.9857788086, 38.1125869751, 43.9298477173, 49.7567977905, 26.3034572601, 27.4369239807, 44.3382720947, 21.6486797333, 27.6382904053, 20.9645004272, 14.0853643417, 12.3992481232, 13.89793396, 10.6468925476, 5.89267778397, 2.64072608948, 2.35777139664, 2.34081315994, 2.85652899742, 2.86903238297, 2.46146202087, 1.23170638084, 0.26007938385, 0.0529357604682, 0.00684910966083, 0.000215115738683, 1.8181051928e-05, 1.15733673738e-05, 1.94836902665e-05],
        "median": [0.00604034261778, 0.0744013264775, 0.249298006296, 0.394230902195, 0.720784783363, 0.930999279022, 1.1970641613, 2.1610891819, 3.44028091431, 3.92085123062, 5.11957740784, 8.28849315643, 7.97002315521, 8.33134269714, 6.61225175858, 5.02771234512, 4.9594335556, 4.41157913208, 4.52221107483, 4.15460252762, 3.22349190712, 3.11991405487, 2.19830298424, 1.64662599564, 1.50801742077, 0.843885302544, 0.474094092846, 0.428018897772, 0.410900622606, 0.468480020761, 0.448449283838, 0.463252931833, 0.188134565949, 0.0193834621459, 0.000594806449953, 5.25155810465e-05, 1.23857907965e-05, 3.2573975659e-06, 5.68968107473e-06, 1.09466636786e-05],
        "min": [1.56224529349e-21, 8.32657210599e-21, 1.05237940341e-20, 1.01556663498e-20, 4.73838038504e-20, 6.30921930961e-20, 6.5205969141e-20, 1.33477753975e-19, 2.5377309242e-19, 6.48242007313e-19, 7.25947922743e-19, 5.65748215402e-19, 2.2092000656e-18, 2.78836359958e-18, 3.73493884136e-18, 2.82801388185e-18, 4.30788673341e-18, 4.93867316185e-18, 5.25602803489e-18, 5.54772707405e-18, 5.75097693109e-18, 8.08964771976e-18, 8.99971017533e-18, 8.87923793655e-18, 1.09156457625e-17, 1.55809444173e-17, 1.83919440211e-17, 1.15838794844e-17, 1.18176084655e-17, 1.50108118344e-17, 2.03218606149e-17, 1.33689327648e-17, 1.54308789649e-17, 1.19855815509e-17, 7.89347356568e-18, 4.54429247094e-18, 2.96706232244e-18, 1.35210663754e-18, 3.19557784259e-19, 3.24614332882e-20],
        "var": [0.0645061358809, 1.57719743252, 7.25409126282, 9.47188282013, 73.874458313, 271.432983398, 77.5588760376, 300.395751953, 1139.35742188, 2571.1171875, 9328.75683594, 20936.0976562, 9179.64160156, 10396.8916016, 21547.5078125, 4969.77246094, 5316.52880859, 21450.6660156, 2918.04199219, 10846.9804688, 6610.60302734, 1365.55493164, 1049.03100586, 1424.41430664, 789.421569824, 614.42364502, 204.961578369, 112.186126709, 96.2815093994, 129.306167603, 159.928482056, 57.43983078, 24.3650493622, 5.09332180023, 1.02375280857, 0.0142179029062, 8.51810818858e-06, 2.34406662969e-08, 6.06725336638e-10, 5.91357018909e-10]
    },
    "gfcc": {
        "mean": [-93.3701553345, 123.844612122, -170.779129028, 31.7733612061, -83.3866271973, 18.7485656738, -33.8768501282, -4.80387496948, 2.52407932281, -28.5283336639, 9.66437244415, -20.4970531464, 1.88931024075],
        "cov": [[7272.85693359, -29.3877944946, 172.92729187, 655.77734375, 265.011016846, 553.358581543, 269.218261719, 396.643371582, -121.505058289, -63.319103241, 109.101478577, -210.444091797, -156.265319824], [-29.3877944946, 1276.22399902, 512.107910156, 70.1681365967, 318.951721191, -107.575424194, 99.5716171265, 4.82193946838, 124.866249084, -119.035621643, 85.2366638184, -65.893913269, -34.9854125977], [172.92729187, 512.107910156, 1419.95397949, 551.274047852, 53.9940681458, 222.534851074, -146.565536499, 50.7245140076, 40.2184410095, 82.2024078369, -22.3788871765, 50.8443107605, -46.9090538025], [655.77734375, 70.1681365967, 551.274047852, 694.020935059, 276.55657959, 292.054534912, 15.0603904724, 88.3871383667, 8.99197483063, 94.9108200073, -47.6298294067, 3.4629099369, 7.89890193939], [265.011016846, 318.951721191, 53.9940681458, 276.55657959, 475.79510498, 142.398651123, 115.374053955, 108.064125061, 25.600025177, -2.09988236427, 4.50937175751, -44.049621582, 0.362682014704], [553.358581543, -107.575424194, 222.534851074, 292.054534912, 142.398651123, 425.293457031, 168.333602905, 89.7075042725, -57.5912895203, 72.5016708374, -7.58550834656, -12.3351955414, -13.62362957], [269.218261719, 99.5716171265, -146.565536499, 15.0603904724, 115.374053955, 168.333602905, 410.719085693, 111.356460571, -27.0377368927, 7.53649091721, 32.8467216492, -37.679813385, -18.7732028961], [396.643371582, 4.82193946838, 50.7245140076, 88.3871383667, 108.064125061, 89.7075042725, 111.356460571, 208.161651611, 45.0542182922, 20.230632782, 11.5710449219, -18.3496646881, -7.663230896], [-121.505058289, 124.866249084, 40.2184410095, 8.99197483063, 25.600025177, -57.5912895203, -27.0377368927, 45.0542182922, 186.575866699, 23.8586483002, -22.9582366943, 8.53123474121, 14.3869018555], [-63.319103241, -119.035621643, 82.2024078369, 94.9108200073, -2.09988236427, 72.5016708374, 7.53649091721, 20.230632782, 23.8586483002, 141.637176514, -2.30043339729, 19.514919281, 16.2241477966], [109.101478577, 85.2366638184, -22.3788871765, -47.6298294067, 4.50937175751, -7.58550834656, 32.8467216492, 11.5710449219, -22.9582366943, -2.30043339729, 136.082138062, 12.8512592316, -28.6679973602], [-210.444091797, -65.893913269, 50.8443107605, 3.4629099369, -44.049621582, -12.3351955414, -37.679813385, -18.3496646881, 8.53123474121, 19.514919281, 12.8512592316, 90.9584197998, 31.1039066315], [-156.265319824, -34.9854125977, -46.9090538025, 7.89890193939, 0.362682014704, -13.62362957, -18.7732028961, -7.663230896, 14.3869018555, 16.2241477966, -28.6679973602, 31.1039066315, 89.3376846313]],
        "icov": [[0.000207691889955, -0.000111923989607, 0.000180884046131, -0.000341015227605, 0.000291348580504, -0.000234726423514, 0.000153007727931, -0.00042895306251, 0.000124211117509, 0.000213582403376, -0.000174629632966, 0.000302053318592, 0.000182972478797], [-0.000111923989607, 0.00388757674955, -0.00291640101932, 0.00161762151401, -0.00339389382862, 0.00220873695798, -0.00254468549974, 0.00301756011322, -0.00272618234158, 0.00258394260891, -0.00288666295819, 0.00325351394713, -0.00236230553128], [0.000180884046131, -0.00291640101932, 0.00350322993472, -0.00243940274231, 0.00309048453346, -0.00203155563213, 0.00245043216273, -0.00261201360263, 0.00172880361788, -0.00162507919595, 0.00196143332869, -0.00291907065548, 0.00286041060463], [-0.000341015227605, 0.00161762151401, -0.00243940274231, 0.00497939018533, -0.00355034531094, -0.000240966619458, -0.000645205203909, 0.00162042910233, -0.000899018428754, -0.000584715395235, 0.000167126214365, 0.000600318948273, -0.00160747417249], [0.000291348580504, -0.00339389382862, 0.00309048453346, -0.00355034531094, 0.00677590584382, -0.00225080177188, 0.00186806474812, -0.00367892510258, 0.0016969650751, -0.000745297933463, 0.00135952839628, -0.00107158580795, 0.00149483582936], [-0.000234726423514, 0.00220873695798, -0.00203155563213, -0.000240966619458, -0.00225080177188, 0.00628044968471, -0.00322002894245, 0.00128742773086, 0.000236041581957, -0.000305001070956, -0.00080483261263, 0.00135512917768, -0.000903054955415], [0.000153007727931, -0.00254468549974, 0.00245043216273, -0.000645205203909, 0.00186806474812, -0.00322002894245, 0.00562714831904, -0.0035548384767, 0.00199084240012, -0.00150638399646, 0.00117554946337, -0.00140201614704, 0.00181206199341], [-0.00042895306251, 0.00301756011322, -0.00261201360263, 0.00162042910233, -0.00367892510258, 0.00128742773086, -0.0035548384767, 0.00984673015773, -0.00426119100302, 0.0013904805528, -0.00258679478429, 0.00268575083464, -0.00210594688542], [0.000124211117509, -0.00272618234158, 0.00172880361788, -0.000899018428754, 0.0016969650751, 0.000236041581957, 0.00199084240012, -0.00426119100302, 0.0089779580012, -0.00345915975049, 0.00346986972727, -0.00291391531937, 0.0015292163007], [0.000213582403376, 0.00258394260891, -0.00162507919595, -0.000584715395235, -0.000745297933463, -0.000305001070956, -0.00150638399646, 0.0013904805528, -0.00345915975049, 0.0112857948989, -0.00317076058127, 0.0018650040729, -0.00281616393477], [-0.000174629632966, -0.00288666295819, 0.00196143332869, 0.000167126214365, 0.00135952839628, -0.00080483261263, 0.00117554946337, -0.00258679478429, 0.00346986972727, -0.00317076058127, 0.0117972157896, -0.00626239925623, 0.00545913912356], [0.000302053318592, 0.00325351394713, -0.00291907065548, 0.000600318948273, -0.00107158580795, 0.00135512917768, -0.00140201614704, 0.00268575083464, -0.00291391531937, 0.0018650040729, -0.00626239925623, 0.0187989305705, -0.00806067045778], [0.000182972478797, -0.00236230553128, 0.00286041060463, -0.00160747417249, 0.00149483582936, -0.000903054955415, 0.00181206199341, -0.00210594688542, 0.0015292163007, -0.00281616393477, 0.00545913912356, -0.00806067045778, 0.0171122346073]]
    },
    "melbands": {
        "dmean": [0.000232735357713, 0.000267174065812, 0.000150582447532, 0.000153056971612, 7.84440053394e-05, 0.000100644334452, 0.000132019005832, 0.000118331736303, 0.000153636734467, 0.00019743363373, 0.000119989657833, 9.38726007007e-05, 9.51513429754e-05, 5.10736208525e-05, 3.13879936584e-05, 4.25484395237e-05, 4.2731546273e-05, 2.1206555175e-05, 2.50564462476e-05, 2.32389793382e-05, 1.38101777338e-05, 9.13387520995e-06, 6.02770523983e-06, 6.3668680923e-06, 6.09175413047e-06, 4.55472445537e-06, 2.7187206797e-06, 1.34672927743e-06, 8.32587545574e-07, 8.75029343206e-07, 8.29854741369e-07, 9.31307454266e-07, 9.06220350316e-07, 1.09983648144e-06, 1.01762441318e-06, 9.75943294179e-07, 9.43303064105e-07, 5.97127041146e-07, 3.79492803404e-07, 6.55331504618e-08],
        "dmean2": [0.000406103208661, 0.000454239081591, 0.000257957668509, 0.000253805570537, 0.000126871353132, 0.000162473894306, 0.000200198919629, 0.000175441295141, 0.000226197604206, 0.000294326746371, 0.000181838506251, 0.000143650715472, 0.000146454942296, 7.57240050007e-05, 4.82165160065e-05, 6.4897678385e-05, 6.36285767541e-05, 3.30806615239e-05, 3.87102772947e-05, 3.45892040059e-05, 2.08769943129e-05, 1.42819108078e-05, 9.09365735424e-06, 9.79676042334e-06, 9.20905222301e-06, 6.99314068697e-06, 4.08962159781e-06, 2.11398969441e-06, 1.34789888762e-06, 1.35423761094e-06, 1.31480362597e-06, 1.50639971253e-06, 1.43209319958e-06, 1.73344892573e-06, 1.59323860771e-06, 1.50399660015e-06, 1.44340629049e-06, 9.3246438837e-07, 5.98705298671e-07, 1.08281120959e-07],
        "dvar": [2.92670529234e-06, 1.8626938072e-06, 2.44759092993e-07, 7.17375883141e-07, 8.33365803032e-08, 9.34157142751e-08, 1.31499845679e-07, 1.52358410332e-07, 2.27334112424e-07, 3.02401048202e-07, 1.37202476935e-07, 6.66726194254e-08, 8.5863625543e-08, 2.38915109918e-08, 9.5091925445e-09, 1.87021154119e-08, 2.07964312438e-08, 4.71263650326e-09, 7.35326732837e-09, 1.31542003956e-08, 3.63977448181e-09, 8.5017659579e-10, 3.52166740214e-10, 4.36881947286e-10, 4.55006282651e-10, 1.85635118388e-10, 9.08682920575e-11, 3.20625158368e-11, 2.06336510378e-11, 5.71970110164e-11, 1.27778976636e-11, 2.21504255909e-11, 1.89601997297e-11, 2.64181662657e-11, 4.37398624265e-11, 1.81850211972e-11, 9.57702580434e-12, 6.53514915794e-12, 4.48042861492e-12, 1.21117753413e-12],
        "dvar2": [9.05645902094e-06, 5.46939872947e-06, 7.1010163083e-07, 1.99049327421e-06, 2.14667949194e-07, 2.29909474569e-07, 2.98286721545e-07, 3.23941833358e-07, 4.91513105771e-07, 6.44094711788e-07, 3.15771501391e-07, 1.56047747168e-07, 2.02271337457e-07, 4.77578225855e-08, 2.18859153023e-08, 4.29701820792e-08, 4.1488206648e-08, 1.06871791417e-08, 1.60941482363e-08, 2.74679798906e-08, 7.57954587982e-09, 1.910448022e-09, 7.43402672754e-10, 1.00200070463e-09, 9.65495350336e-10, 4.45595393916e-10, 1.74639067096e-10, 7.46421396913e-11, 4.70695808719e-11, 1.13794140777e-10, 3.01431136995e-11, 5.46422317116e-11, 4.34613907363e-11, 6.4247239473e-11, 9.01617946969e-11, 4.14355286193e-11, 2.07307140204e-11, 1.46470717499e-11, 1.09263501025e-11, 3.19944418181e-12],
        "max": [0.0619360357523, 0.0521204695106, 0.0187900923193, 0.0521964654326, 0.0203625354916, 0.00922353379428, 0.00874947756529, 0.00926775764674, 0.010834201239, 0.0107188494876, 0.0103039331734, 0.00752186402678, 0.00666836090386, 0.00491120154038, 0.00254005659372, 0.00362141965888, 0.00326988217421, 0.00165894802194, 0.00177197949961, 0.00409630965441, 0.00271127792075, 0.000713807705324, 0.000689546228386, 0.000596531608608, 0.00070312054595, 0.000346308457665, 0.000341530772857, 0.000234143342823, 0.000203047165996, 0.000572155578993, 0.000170190804056, 0.000131957247504, 0.000150743289851, 0.000206784316106, 0.000450972554972, 0.000136726608616, 9.06700806809e-05, 8.72442542459e-05, 8.25980532682e-05, 9.56123767537e-05],
        "mean": [0.000322209729347, 0.000396921182983, 0.000237412721617, 0.000232322621741, 0.000128248691908, 0.000154657696839, 0.000246548646828, 0.000200247144676, 0.000299861916574, 0.000348849775037, 0.000181285504368, 0.000167453355971, 0.000186214034329, 8.40981665533e-05, 5.33590027771e-05, 7.49574319343e-05, 8.04944356787e-05, 3.07621594402e-05, 3.69153676729e-05, 3.50857735611e-05, 2.23243096116e-05, 1.50253699758e-05, 1.06730276457e-05, 1.26871163957e-05, 1.10536402644e-05, 9.07411777007e-06, 5.34509490535e-06, 3.48284015672e-06, 1.45760895975e-06, 1.53520068125e-06, 1.31613899157e-06, 1.31097954181e-06, 1.35234915888e-06, 1.66098823229e-06, 1.66310974237e-06, 1.55401733082e-06, 1.51284393723e-06, 9.28721419768e-07, 5.40225471468e-07, 1.12345631464e-07],
        "median": [7.11846805643e-05, 0.000144022458699, 8.76365375007e-05, 6.303327973e-05, 4.26065198553e-05, 4.44095130661e-05, 5.41860499652e-05, 3.69712142856e-05, 3.7931924453e-05, 4.7201578127e-05, 3.16262667184e-05, 3.0129622246e-05, 2.142782796e-05, 1.3119733012e-05, 9.27134078665e-06, 9.01322982827e-06, 6.78407513988e-06, 6.0008710534e-06, 6.58067847326e-06, 3.78009644919e-06, 3.43579586115e-06, 3.21691845784e-06, 2.24480049837e-06, 1.47337914314e-06, 1.22171138628e-06, 1.14736997148e-06, 7.54069105824e-07, 4.01706444109e-07, 2.65235627239e-07, 2.15467693465e-07, 2.32796196542e-07, 2.12423088897e-07, 2.01089704888e-07, 2.54800369248e-07, 2.29608801305e-07, 2.59624897581e-07, 2.64076987833e-07, 1.35893074571e-07, 5.00864203445e-08, 1.14069298451e-09],
        "min": [1.56322333586e-23, 7.86946103146e-24, 3.18939086943e-24, 3.6941015128e-24, 2.57626904402e-24, 3.4875102802e-24, 5.07031038272e-24, 7.00047315751e-24, 5.91448384803e-24, 3.1738982329e-24, 1.09828859762e-23, 1.00130943004e-23, 1.21648780801e-23, 7.52517925545e-24, 9.70598759452e-24, 8.33025440772e-24, 9.40173104312e-24, 8.01108680749e-24, 7.21778382652e-24, 8.62679747718e-24, 6.26247090371e-24, 7.68130981695e-24, 6.36991652001e-24, 9.43343299632e-24, 6.4798525702e-24, 9.13731906719e-24, 7.78091612801e-24, 9.33291318433e-24, 9.75668058515e-24, 7.55538789496e-24, 6.89755915268e-24, 6.70252907108e-24, 6.63640122798e-24, 6.86316955037e-24, 1.17161361319e-23, 9.5650717933e-24, 7.55961066738e-24, 1.06794190746e-23, 9.52157794729e-24, 1.03122942534e-23],
        "var": [3.82245025321e-06, 2.13121052184e-06, 4.06362744343e-07, 8.89629632184e-07, 1.22518713397e-07, 1.33684437742e-07, 3.06979274001e-07, 2.88821070171e-07, 7.57106136007e-07, 8.53204142004e-07, 2.30388891964e-07, 1.67729908185e-07, 3.1859414662e-07, 5.84843675711e-08, 2.62531472117e-08, 5.08515967113e-08, 7.90585872323e-08, 8.72024941145e-09, 1.36407320994e-08, 2.79557870186e-08, 8.78132322413e-09, 1.72215419703e-09, 9.66014268577e-10, 1.34492394999e-09, 1.05605268974e-09, 5.84267578763e-10, 3.37649852522e-10, 2.71231426208e-10, 4.91750633269e-11, 1.47421783114e-10, 3.23049920148e-11, 3.30100946577e-11, 3.45584325046e-11, 4.36707406348e-11, 7.67110958089e-11, 3.04297212428e-11, 2.10297664699e-11, 1.4065302742e-11, 7.74665054326e-12, 3.67860126041e-12]
    },
    "mfcc": {
        "mean": [-706.74786377, 124.679718018, -18.1508197784, -1.70472502708, -9.16725540161, 0.0188341233879, -14.1738624573, 14.2889156342, -12.3763685226, 10.0811500549, -9.03442382812, 3.29747462273, -7.66109657288],
        "cov": [[6693.43115234, -325.977783203, -179.153671265, 396.565795898, 108.345993042, 304.74911499, 463.776733398, 512.495544434, -61.7317962646, 468.093048096, 76.301322937, 74.7319412231, -198.334487915], [-325.977783203, 1179.73999023, 180.429336548, 128.39125061, 169.528396606, -114.354347229, 20.1369590759, 84.3705825806, -28.7732162476, 27.4385032654, 37.5677642822, -7.34343385696, 42.7332572937], [-179.153671265, 180.429336548, 1329.88146973, 313.836761475, 274.354248047, 202.912796021, -34.8395423889, -11.4777421951, 34.0162277222, -67.5887680054, 29.2651195526, 97.8689575195, 95.6380081177], [396.565795898, 128.39125061, 313.836761475, 450.683532715, 298.508300781, 152.403930664, 100.796836853, 77.434425354, 100.942024231, 59.858581543, 32.8665809631, 43.0451583862, 38.2082557678], [108.345993042, 169.528396606, 274.354248047, 298.508300781, 502.128356934, 116.844192505, 16.641368866, 44.7383384705, 63.135017395, 40.5060462952, 24.3291320801, 7.70454502106, 28.9789199829], [304.74911499, -114.354347229, 202.912796021, 152.403930664, 116.844192505, 351.491973877, 192.79649353, 54.5351066589, 113.020225525, 35.3129081726, 49.3850135803, 47.8490104675, -23.8894348145], [463.776733398, 20.1369590759, -34.8395423889, 100.796836853, 16.641368866, 192.79649353, 449.383361816, 152.876724243, 51.8092269897, 98.7724533081, 75.3280105591, 28.0687026978, -27.1021251678], [512.495544434, 84.3705825806, -11.4777421951, 77.434425354, 44.7383384705, 54.5351066589, 152.876724243, 232.259078979, 31.5054149628, 107.212104797, 40.6395339966, 16.9965457916, -9.50519943237], [-61.7317962646, -28.7732162476, 34.0162277222, 100.942024231, 63.135017395, 113.020225525, 51.8092269897, 31.5054149628, 276.87399292, 23.2840385437, 46.1359405518, 30.5435295105, 9.46135902405], [468.093048096, 27.4385032654, -67.5887680054, 59.858581543, 40.5060462952, 35.3129081726, 98.7724533081, 107.212104797, 23.2840385437, 197.88092041, 48.3012466431, 11.2177762985, -6.61281585693], [76.301322937, 37.5677642822, 29.2651195526, 32.8665809631, 24.3291320801, 49.3850135803, 75.3280105591, 40.6395339966, 46.1359405518, 48.3012466431, 125.862716675, 30.4138679504, 2.91081905365], [74.7319412231, -7.34343385696, 97.8689575195, 43.0451583862, 7.70454502106, 47.8490104675, 28.0687026978, 16.9965457916, 30.5435295105, 11.2177762985, 30.4138679504, 122.925041199, 29.212556839], [-198.334487915, 42.7332572937, 95.6380081177, 38.2082557678, 28.9789199829, -23.8894348145, -27.1021251678, -9.50519943237, 9.46135902405, -6.61281585693, 2.91081905365, 29.212556839, 113.639251709]],
