{
"lowlevel": {
    "average_loudness": 0.848801314831,
    "barkbands_crest": {
        "dmean": 2.33455061913,
        "dmean2": 3.75146913528,
        "dvar": 5.32665014267,
        "dvar2": 12.9088573456,
        "max": 26.872718811,
        "mean": 10.0057764053,
        "median": 8.9336938858,
        "min": 2.46849536896,
        "var": 20.2292499542
    },
    "barkbands_flatness_db": {
        "dmean": 0.0169505383819,
        "dmean2": 0.0256762560457,
        "dvar": 0.000273839395959,
        "dvar2": 0.000620513805188,
        "max": 0.50115275383,
        "mean": 0.117276415229,
        "median": 0.114164635539,
        "min": 0.0185849126428,
        "var": 0.00195220380556
    },
    "barkbands_kurtosis": {
        "dmean": 1.8272036314,
        "dmean2": 2.87998461723,
        "dvar": 269.995727539,
        "dvar2": 680.445007324,
        "max": 1232.15429688,
        "mean": 2.58675003052,
        "median": 1.06339430809,
        "min": -1.94375109673,
        "var": 210.711151123
    },
    "barkbands_skewness": {
        "dmean": 0.394427716732,
        "dmean2": 0.606669962406,
        "dvar": 0.376155465841,
        "dvar2": 0.827337265015,
        "max": 34.6038131714,
        "mean": 1.18368887901,
        "median": 1.03812134266,
        "min": -5.34796524048,
        "var": 1.12992012501
    },
    "barkbands_spread": {
        "dmean": 5.80704832077,
        "dmean2": 8.7731180191,
        "dvar": 62.8571090698,
        "dvar2": 126.604263306,
        "max": 119.55317688,
        "mean": 25.6620502472,
        "median": 21.936630249,
        "min": 0.437415331602,
        "var": 284.219726562
    },
    "dissonance": {
        "dmean": 0.0173657275736,
        "dmean2": 0.0293544884771,
        "dvar": 0.000282864930341,
        "dvar2": 0.000764717056882,
        "max": 0.500000119209,
        "mean": 0.465483397245,
        "median": 0.472569733858,
        "min": 0.226374521852,
        "var": 0.000754571752623
    },
    "dynamic_complexity": 3.66103339195,
    "erbbands_crest": {
        "dmean": 2.38078069687,
        "dmean2": 3.83047223091,
        "dvar": 5.21018886566,
        "dvar2": 12.5995435715,
        "max": 29.5712280273,
        "mean": 9.34734725952,
        "median": 7.96157264709,
        "min": 2.00258469582,
        "var": 24.6604175568
    },
    "erbbands_flatness_db": {
        "dmean": 0.0159445106983,
        "dmean2": 0.0232649054378,
        "dvar": 0.000229596931604,
        "dvar2": 0.000444833509391,
        "max": 0.348207175732,
        "mean": 0.151206299663,
        "median": 0.144526749849,
        "min": 0.0264017917216,
        "var": 0.00283336429857
    },
    "erbbands_kurtosis": {
        "dmean": 0.815452933311,
        "dmean2": 1.28818058968,
        "dvar": 1.20591127872,
        "dvar2": 2.75193142891,
        "max": 32.0513343811,
        "mean": 0.737280488014,
        "median": 0.113476395607,
        "min": -1.72874307632,
        "var": 4.74516201019
    },
    "erbbands_skewness": {
        "dmean": 0.315599501133,
        "dmean2": 0.484698027372,
        "dvar": 0.0944947823882,
        "dvar2": 0.201992273331,
        "max": 3.8962597847,
        "mean": 0.507021188736,
        "median": 0.48043012619,
        "min": -4.81794595718,
        "var": 0.581146657467
    },
    "erbbands_spread": {
        "dmean": 7.47316598892,
        "dmean2": 11.311709404,
        "dvar": 83.4259338379,
        "dvar2": 183.55581665,
        "max": 148.112762451,
        "mean": 37.495765686,
        "median": 33.7507553101,
        "min": 5.03557777405,
        "var": 410.524658203
    },
    "hfc": {
        "dmean": 8.0942440033,
        "dmean2": 11.647195816,
        "dvar": 170.326324463,
        "dvar2": 357.399139404,
        "max": 256.835021973,
        "mean": 27.4244995117,
        "median": 21.0842056274,
        "min": 1.17539334254e-16,
        "var": 685.278076172
    },
    "melbands_crest": {
        "dmean": 2.74825596809,
        "dmean2": 4.43652629852,
        "dvar": 7.02210044861,
        "dvar2": 17.5892868042,
        "max": 39.9455604553,
        "mean": 13.2498693466,
        "median": 12.3923492432,
        "min": 2.18575501442,
        "var": 26.0623416901
    },
    "melbands_flatness_db": {
        "dmean": 0.0191994048655,
        "dmean2": 0.0293749365956,
        "dvar": 0.000398963777116,
        "dvar2": 0.000905126973521,
        "max": 0.476710617542,
        "mean": 0.168260842562,
        "median": 0.163917094469,
        "min": 0.00661644013599,
        "var": 0.00242297677323
    },
    "melbands_kurtosis": {
        "dmean": 4.63743019104,
        "dmean2": 7.39157438278,
        "dvar": 554.442565918,
        "dvar2": 1381.5949707,
        "max": 1680.8717041,
        "mean": 9.5303030014,
        "median": 4.94940280914,
        "min": -1.92988038063,
        "var": 544.685241699
    },
    "melbands_skewness": {
        "dmean": 0.551750361919,
        "dmean2": 0.861643314362,
        "dvar": 0.667349338531,
        "dvar2": 1.53690433502,
        "max": 39.5374908447,
        "mean": 2.11971569061,
        "median": 1.84502482414,
        "min": -1.29086518288,
        "var": 2.39542579651
    },
    "melbands_spread": {
        "dmean": 6.74798440933,
        "dmean2": 10.4165935516,
        "dvar": 119.443786621,
        "dvar2": 241.276046753,
        "max": 290.075836182,
        "mean": 27.2710170746,
        "median": 23.7513847351,
        "min": 0.482271671295,
        "var": 415.095581055
    },
    "pitch_salience": {
        "dmean": 0.0606670789421,
        "dmean2": 0.0976803675294,
        "dvar": 0.00347551773302,
        "dvar2": 0.00861203391105,
        "max": 0.915505468845,
        "mean": 0.563365161419,
        "median": 0.568308293819,
        "min": 0.00590753182769,
        "var": 0.0159239973873
    },
    "silence_rate_20dB": {
        "dmean": 0,
        "dmean2": 0,
        "dvar": 0,
        "dvar2": 0,
        "max": 1,
        "mean": 1,
        "median": 1,
        "min": 1,
        "var": 0
    },
    "silence_rate_30dB": {
        "dmean": 0.000680194993038,
        "dmean2": 0.00136054423638,
        "dvar": 0.000679738353938,
        "dvar2": 0.00203898921609,
        "max": 1,
        "mean": 0.999659955502,
        "median": 1,
        "min": 0,
        "var": 0.000339919381076
    },
    "silence_rate_60dB": {
        "dmean": 0.0194989237934,
        "dmean2": 0.0388888902962,
        "dvar": 0.01911989972,
        "dvar2": 0.0444171465933,
        "max": 1,
        "mean": 0.10020403564,
        "median": 0,
        "min": 0,
        "var": 0.0901869982481
    },
    "spectral_centroid": {
        "dmean": 215.437026978,
        "dmean2": 328.437805176,
        "dvar": 83814.7421875,
        "dvar2": 152871.59375,
        "max": 10954.0546875,
        "mean": 1439.19641113,
        "median": 1383.27099609,
        "min": 326.453033447,
        "var": 340231.375
    },
    "spectral_complexity": {
        "dmean": 2.88742780685,
        "dmean2": 4.55918359756,
        "dvar": 7.84533882141,
        "dvar2": 17.3928451538,
        "max": 54,
        "mean": 19.9543190002,
        "median": 20,
        "min": 0,
        "var": 92.5775222778
    },
    "spectral_decrease": {
        "dmean": 1.86333193319e-09,
        "dmean2": 2.93760593628e-09,
        "dvar": 9.18798392737e-18,
        "dvar2": 2.25645722487e-17,
        "max": 1.74506842119e-29,
        "mean": -6.28244078982e-09,
        "median": -5.60711477249e-09,
        "min": -3.5497258466e-08,
        "var": 2.33655924472e-17
    },
    "spectral_energy": {
        "dmean": 0.00752704357728,
        "dmean2": 0.0118104470894,
        "dvar": 0.000142941760714,
        "dvar2": 0.000346750690369,
        "max": 0.141563147306,
        "mean": 0.0261989105493,
        "median": 0.0233882721514,
        "min": 1.05952991128e-20,
        "var": 0.000387242704164
    },
    "spectral_energyband_high": {
        "dmean": 0.000568427552935,
        "dmean2": 0.000801006855909,
        "dvar": 1.66566724147e-06,
        "dvar2": 3.39584380527e-06,
        "max": 0.0281921438873,
        "mean": 0.00128926802427,
        "median": 0.000526609248482,
        "min": 7.55210729382e-21,
        "var": 5.33260572411e-06
    },
    "spectral_energyband_low": {
        "dmean": 0.00333613692783,
        "dmean2": 0.00563334021717,
        "dvar": 8.36425679154e-05,
        "dvar2": 0.000224528019316,
        "max": 0.105291746557,
        "mean": 0.00677016330883,
        "median": 0.00428007822484,
        "min": 9.88730048938e-23,
        "var": 9.12909308681e-05
    },
    "spectral_energyband_middle_high": {
        "dmean": 0.00208779680543,
        "dmean2": 0.00313386553898,
        "dvar": 1.14274080261e-05,
        "dvar2": 2.43123813561e-05,
        "max": 0.0583994314075,
        "mean": 0.0072108511813,
        "median": 0.004399494268,
        "min": 1.63313311699e-21,
        "var": 6.53477472952e-05
    },
    "spectral_energyband_middle_low": {
        "dmean": 0.00426061823964,
        "dmean2": 0.00658045895398,
        "dvar": 4.55441513623e-05,
        "dvar2": 0.000106250998215,
        "max": 0.108683370054,
        "mean": 0.0117462938651,
        "median": 0.00801544543356,
        "min": 3.16734544935e-22,
        "var": 0.000139635216328
    },
    "spectral_entropy": {
        "dmean": 0.133795872331,
        "dmean2": 0.190585747361,
        "dvar": 0.020363856107,
        "dvar2": 0.0357095561922,
        "max": 9.80233097076,
        "mean": 7.75318431854,
        "median": 7.74370002747,
        "min": 6.41610479355,
        "var": 0.150529667735
    },
    "spectral_flux": {
        "dmean": 0.0218929033726,
        "dmean2": 0.035113375634,
        "dvar": 0.000747465761378,
        "dvar2": 0.00167510390747,
        "max": 0.31266272068,
        "mean": 0.0791583731771,
        "median": 0.07203784585,
        "min": 1.02933467305e-10,
        "var": 0.0022159460932
    },
    "spectral_kurtosis": {
        "dmean": 1.09846925735,
        "dmean2": 1.75764036179,
        "dvar": 1.50378811359,
        "dvar2": 4.04442310333,
        "max": 22.1467723846,
        "mean": 3.9267873764,
        "median": 3.58384656906,
        "min": -1.37775623798,
        "var": 5.92332935333
    },
    "spectral_rms": {
        "dmean": 0.000654196715914,
        "dmean2": 0.000999170355499,
        "dvar": 7.06682556029e-07,
        "dvar2": 1.59326532412e-06,
        "max": 0.0117520382628,
        "mean": 0.00464116968215,
        "median": 0.00477680098265,
        "min": 3.21510157907e-12,
        "var": 4.01938723371e-06
    },
    "spectral_rolloff": {
        "dmean": 568.123535156,
        "dmean2": 923.964660645,
        "dvar": 1423474.75,
        "dvar2": 2762977,
        "max": 18798.4863281,
        "mean": 1920.2623291,
        "median": 1464.2578125,
        "min": 21.533203125,
        "var": 4022466
    },
    "spectral_skewness": {
        "dmean": 0.165914326906,
        "dmean2": 0.257149130106,
        "dvar": 0.031726013869,
        "dvar2": 0.0658501684666,
        "max": 3.18458676338,
        "mean": 1.58329832554,
        "median": 1.60010313988,
        "min": -0.461650431156,
        "var": 0.159716561437
    },
    "spectral_spread": {
        "dmean": 665806.4375,
        "dmean2": 906982.875,
        "dvar": 911735783424,
        "dvar2": 1.42994597478e+12,
        "max": 40252760,
        "mean": 5431588.5,
        "median": 5075082,
        "min": 1702660.125,
        "var": 4.63676322611e+12
    },
    "spectral_strongpeak": {
        "dmean": 0.596933305264,
        "dmean2": 0.988367915154,
        "dvar": 0.82820224762,
        "dvar2": 2.02584862709,
        "max": 14.6565742493,
        "mean": 1.29621350765,
        "median": 0.554623126984,
        "min": 0,
        "var": 2.40980648994
    },
    "zerocrossingrate": {
        "dmean": 0.0123065588996,
        "dmean2": 0.0140282316133,
        "dvar": 0.000307746347971,
        "dvar2": 0.000312615564326,
        "max": 0.498046875,
        "mean": 0.0774146616459,
        "median": 0.06689453125,
        "min": 0.0048828125,
        "var": 0.00232400116511
    },
    "barkbands": {
        "dmean": [4.44917386631e-05, 0.00272657745518, 0.000735824287403, 0.000713284185622, 0.00096737552667, 0.00143447774462, 0.000648060580716, 0.000516169064213, 0.00177161581814, 0.000916641263757, 0.000568545074202, 0.000509503530338, 0.000375737057766, 0.000409499334637, 0.000369294895791, 0.000273269077297, 0.000171448409674, 0.000150820807903, 0.000187605910469, 9.48423112277e-05, 5.99913764745e-05, 7.29880412109e-05, 0.000109668944788, 0.000171828636667, 0.000155838686624, 6.75810151733e-05, 8.80831703398e-06],
        "dmean2": [6.49479698041e-05, 0.00462375627831, 0.00127968832385, 0.00116708979476, 0.00162522913888, 0.00220319605432, 0.000993161462247, 0.000804089009762, 0.00269256392494, 0.00140314537566, 0.000883652654011, 0.000809945631772, 0.000611444935203, 0.000651253852993, 0.000579281011596, 0.000431389722507, 0.000273911748081, 0.00024210679112, 0.000291861215374, 0.000150985768414, 9.42532133195e-05, 0.00010903643124, 0.000163432021509, 0.000254311948083, 0.000224672185141, 9.79058022494e-05, 1.3203333765e-05],
        "dvar": [1.04305062365e-08, 6.35839387542e-05, 3.59355499313e-06, 6.20358332526e-06, 4.09400990975e-06, 9.59677072387e-06, 4.00561793867e-06, 2.04153752748e-06, 1.7092899725e-05, 5.45070679436e-06, 1.65393407769e-06, 1.58635521075e-06, 1.19583739888e-06, 9.64983087215e-07, 1.07650441805e-06, 5.06501521613e-07, 1.64080887544e-07, 1.08208425331e-07, 1.57524141287e-07, 4.23848085518e-08, 2.61413433122e-08, 3.70525654603e-08, 6.94381654398e-08, 2.18042245592e-07, 2.31464355238e-07, 2.79651679591e-08, 6.43008368773e-10],
        "dvar2": [2.13385185077e-08, 0.000172757878317, 1.03034062704e-05, 1.52766933752e-05, 1.12017050924e-05, 2.093465082e-05, 8.93055403139e-06, 4.57199303128e-06, 3.81497738999e-05, 1.1542178072e-05, 3.50654909198e-06, 3.57130693374e-06, 2.93104403681e-06, 2.20622746383e-06, 2.43893987317e-06, 1.17498723284e-06, 3.85493251542e-07, 2.76453164361e-07, 3.50882174871e-07, 9.93885365119e-08, 6.14946387145e-08, 7.93102046259e-08, 1.55411740366e-07, 4.93427592119e-07, 4.94430878462e-07, 5.66769173815e-08, 1.38055589183e-09],
        "max": [0.00194817013107, 0.0907897353172, 0.0240656416863, 0.0420704483986, 0.0391915589571, 0.0794720649719, 0.0435661263764, 0.0649743825197, 0.069571569562, 0.0639443993568, 0.0436339452863, 0.0318762995303, 0.0285649597645, 0.0177706554532, 0.0399541258812, 0.0135509502143, 0.0110568450764, 0.0154295666143, 0.00813526846468, 0.00668701017275, 0.00518997898325, 0.00806842092425, 0.0064548603259, 0.0133016174659, 0.0105988001451, 0.00377253047191, 0.000834611593746],
        "mean": [7.46119840187e-05, 0.00513681396842, 0.0012233388843, 0.000907938054297, 0.0017731328262, 0.00296911667101, 0.00103387632407, 0.000830862205476, 0.00334197608754, 0.00195858324878, 0.0010300319409, 0.000927646877244, 0.000629828718957, 0.000730045896489, 0.000641250691842, 0.000502250972204, 0.000365859945305, 0.000315748358844, 0.000395155278966, 0.00020732676785, 0.000126592130982, 0.000149489831529, 0.000211528269574, 0.000331522896886, 0.000269606563961, 0.000104208738776, 1.05366098069e-05],
        "median": [1.5650777641e-05, 0.00218063453212, 0.00060766749084, 0.00027356488863, 0.00108482176438, 0.00108637823723, 0.000269368407317, 0.000219670153456, 0.000636771321297, 0.000431039195973, 0.000397170369979, 0.000362536025932, 0.000218701621634, 0.00024969939841, 0.00025149420253, 0.000210971280467, 0.000171959807631, 0.000183930300409, 0.000174697168404, 0.000100314166048, 6.22043444309e-05, 6.0741964262e-05, 8.18918124423e-05, 0.000109902059194, 5.0482005463e-05, 1.77795209311e-05, 3.9277142605e-07],
        "min": [2.16377083678e-23, 2.1244254525e-23, 4.48310220417e-23, 1.7623326172e-23, 6.9031084736e-23, 9.9688062292e-23, 3.20006569576e-23, 3.74527491972e-23, 5.45445188032e-23, 3.93812679858e-23, 5.16407943863e-23, 4.79701930398e-23, 6.19688169483e-23, 5.60328595176e-23, 1.18507203778e-22, 2.53827015064e-22, 1.06017920061e-22, 3.09349090301e-22, 4.85509631668e-22, 3.47831265114e-22, 4.10439785148e-22, 6.3757424629e-22, 5.02350814874e-22, 7.27791661073e-22, 1.18587488361e-21, 1.3922992595e-21, 2.67587556334e-21],
        "var": [2.47578562096e-08, 6.87397186994e-05, 3.50130380866e-06, 6.33768468106e-06, 5.69358326175e-06, 3.15219513141e-05, 7.36465381124e-06, 4.43108228865e-06, 4.95050408063e-05, 2.68175535894e-05, 4.76334389532e-06, 4.06735580327e-06, 2.26830570682e-06, 2.28044609685e-06, 1.93056803255e-06, 1.09989161956e-06, 5.36316974831e-07, 2.02725090048e-07, 3.92424823303e-07, 1.16079839074e-07, 4.94603362711e-08, 7.42270387377e-08, 1.58418075102e-07, 5.38699623576e-07, 6.28219765986e-07, 7.23559665516e-08, 1.11654763213e-09]
    },
    "erbbands": {
        "dmean": [0.0620205625892, 0.673603534698, 1.06212508678, 1.36527872086, 3.2116830349, 3.19189143181, 7.33891773224, 12.8164892197, 11.5266628265, 6.74371194839, 16.5610370636, 37.5366592407, 33.471572876, 21.5136260986, 19.1642360687, 17.2916374207, 14.8600854874, 18.980512619, 18.979642868, 16.0005664825, 12.198633194, 9.07178974152, 7.47175884247, 10.7854413986, 6.43592643738, 4.02683782578, 2.51888561249, 2.51028180122, 2.48280501366, 2.83968663216, 3.30655097961, 3.49992179871, 2.95923399925, 1.9917229414, 0.994479179382, 0.349567651749, 0.121208526194, 0.0230891704559, 0.00117228250019, 3.02294974972e-05],
        "dmean2": [0.103612303734, 1.15244996548, 1.8395075798, 2.23712873459, 5.39513874054, 5.337246418, 11.6383047104, 19.4699382782, 17.5023078918, 10.4395465851, 26.2112960815, 57.3227653503, 50.9924583435, 32.4738578796, 30.142332077, 26.98503685, 24.1308574677, 30.0820083618, 29.4261074066, 24.8121109009, 19.1493225098, 14.4393053055, 11.8723402023, 16.9851417542, 9.94685554504, 6.31356620789, 3.97826814651, 3.91915082932, 3.75541877747, 4.22970247269, 4.9764289856, 5.2842130661, 4.32920360565, 2.93654417992, 1.44138753414, 0.504038751125, 0.179033845663, 0.0337466485798, 0.00174610607792, 4.37487869931e-05],
        "dvar": [0.0284936036915, 4.13130903244, 8.73121929169, 18.0597763062, 74.8710403442, 47.046672821, 250.504333496, 982.167785645, 1259.59130859, 352.456085205, 2043.16113281, 8183.65527344, 6345.84082031, 2319.70483398, 1824.23547363, 2073.44165039, 1787.18554688, 1912.06420898, 2575.49194336, 1931.34545898, 979.430664062, 464.088745117, 200.882751465, 534.730529785, 194.612075806, 90.2201156616, 34.1970825195, 53.7762870789, 44.1362915039, 48.0992393494, 70.4622497559, 76.6108016968, 78.4978485107, 41.7159423828, 9.61668491364, 0.855623662472, 0.0926236659288, 0.00333233340643, 1.36503495014e-05, 4.45284653594e-09],
        "dvar2": [0.0759970024228, 11.3165712357, 24.790845871, 44.0279502869, 199.711517334, 125.918052673, 616.990661621, 2096.22021484, 2816.30908203, 797.097900391, 5057.60205078, 18705.0820312, 14190.1806641, 4695.03173828, 4194.96240234, 4678.36621094, 4434.15136719, 4373.97558594, 5657.18896484, 4288.88183594, 2298.1003418, 1090.10839844, 482.284973145, 1271.86035156, 440.331878662, 212.027603149, 79.1692886353, 126.410972595, 98.5151748657, 104.67375946, 161.8175354, 175.733383179, 177.980010986, 93.2496490479, 20.4167118073, 1.78636026382, 0.195163324475, 0.00670001795515, 2.88985957013e-05, 9.04319819028e-09],
        "max": [2.111546278, 22.9989204407, 35.8776130676, 76.4666213989, 172.368347168, 204.115615845, 402.895690918, 870.410217285, 752.166442871, 492.500366211, 1785.10058594, 1817.06665039, 2382.61206055, 2116.5222168, 1167.12365723, 1436.17822266, 913.783325195, 962.394287109, 2092.19555664, 1373.73266602, 849.854675293, 759.147888184, 359.525756836, 604.297729492, 376.567962646, 297.745880127, 169.788269043, 236.613708496, 291.451812744, 184.096084595, 244.049484253, 213.196960449, 313.249542236, 155.627258301, 73.3795776367, 21.7547721863, 7.6555685997, 1.49946081638, 0.122920311987, 0.0016374316765],
        "mean": [0.11850707978, 1.22808015347, 1.87081170082, 2.0176448822, 4.86385154724, 5.86254835129, 13.1993141174, 26.3533096313, 20.0596446991, 12.1548118591, 34.3491210938, 71.143699646, 74.1310424805, 44.1029090881, 39.7014694214, 34.6248016357, 27.9916267395, 36.818572998, 36.3103294373, 31.3004703522, 25.749912262, 20.4961528778, 17.3415088654, 22.9298305511, 14.9227495193, 9.17132377625, 5.77746582031, 5.09816455841, 5.06896114349, 5.61446619034, 6.25404405594, 6.69578790665, 5.53478622437, 3.4558737278, 1.64729821682, 0.554367959499, 0.177608549595, 0.0327771268785, 0.00143363361713, 6.52261223877e-05],
        "median": [0.039073381573, 0.48319453001, 1.05414330959, 0.983025550842, 2.23989057541, 3.41526269913, 5.897315979, 7.69964313507, 5.19543838501, 4.71960449219, 7.61240720749, 15.3395767212, 18.7572002411, 17.4106674194, 14.8385925293, 15.0523300171, 11.7050180435, 14.33893013, 14.8025712967, 14.1449222565, 12.3860702515, 10.4702653885, 10.8304595947, 11.2025928497, 7.3104634285, 4.82970905304, 2.93678998947, 2.2955224514, 2.06547999382, 2.15096306801, 2.40781664848, 2.32338094711, 1.57868468761, 0.705428957939, 0.276037633419, 0.0983355343342, 0.0279324688017, 0.00365542783402, 9.72698326223e-05, 3.7852954847e-05],
        "min": [1.31574092711e-21, 2.94361692357e-21, 3.159593418e-20, 8.37342978743e-20, 5.08378354386e-20, 1.98332849903e-19, 6.96068142765e-19, 8.63409624118e-19, 6.48667850233e-19, 3.97734546404e-19, 1.01962159712e-18, 9.99832334945e-19, 1.25454502699e-18, 1.64321982604e-18, 1.90298752221e-18, 2.30975544959e-18, 2.76430877377e-18, 3.15289754603e-18, 2.87574944103e-18, 8.17028955767e-18, 1.65229343901e-17, 7.4035543412e-18, 1.29231171562e-17, 2.03248649349e-17, 2.57077080295e-17, 1.63753951473e-17, 1.95861347453e-17, 1.7171400977e-17, 2.25070815418e-17, 1.59651400333e-17, 1.54669920161e-17, 1.29262248737e-17, 1.34074661464e-17, 1.29093503892e-17, 8.158900935e-18, 5.49449882882e-18, 2.56108352536e-18, 1.28687507104e-18, 3.93890276206e-19, 3.80346111328e-20],
        "var": [0.0387117788196, 4.16798067093, 8.1092300415, 19.3601036072, 79.6452865601, 72.5823135376, 556.762023926, 3294.08178711, 2773.125, 733.547607422, 7394.78564453, 22091.2597656, 31996.1542969, 8487.76953125, 5986.88623047, 5493.19335938, 3232.58984375, 4986.27929688, 5252.73095703, 3864.07885742, 2209.92138672, 1504.0135498, 529.446960449, 1199.29333496, 496.430236816, 233.747817993, 81.1708831787, 94.4346847534, 83.6456222534, 106.20816803, 145.349029541, 186.131835938, 184.87701416, 104.800712585, 24.837015152, 2.21030759811, 0.215534731746, 0.00773818232119, 2.32408128795e-05, 1.03708615029e-08]
    },
    "gfcc": {
        "mean": [11.7332458496, 71.0378723145, -121.918403625, 19.5985145569, -62.5894622803, 21.5107307434, -43.3455238342, 15.5220756531, -26.763463974, 0.15291723609, -14.9827795029, 2.9737033844, -9.34647655487],
        "cov": [[5589.82421875, -636.052001953, 1062.67236328, 411.775054932, 196.550079346, 401.079864502, 149.380462646, 390.095123291, 112.605018616, 219.677780151, 38.5099487305, 29.4997844696, -143.68359375], [-636.052001953, 964.378967285, -194.201721191, 79.9592132568, 97.5421066284, -79.4734191895, 80.8039779663, -19.5606861115, 73.0385055542, -36.1039810181, 81.0957183838, -57.9389762878, 67.746055603], [1062.67236328, -194.201721191, 1392.80273438, 430.737976074, 142.583557129, 223.3699646, -29.5381908417, 120.378883362, 4.54824638367, 135.919692993, 37.8255348206, 96.9787139893, -37.0102653503], [411.775054932, 79.9592132568, 430.737976074, 437.317810059, 101.7473526, 78.4289321899, 30.1057815552, 23.9787654877, 40.0896530151, 56.8328475952, 26.0488529205, 32.47265625, 0.967236161232], [196.550079346, 97.5421066284, 142.583557129, 101.7473526, 205.328842163, 94.7587966919, 79.0077972412, 61.1093139648, 32.0945549011, 31.6914615631, 7.47931241989, 5.48711204529, -1.21342599392], [401.079864502, -79.4734191895, 223.3699646, 78.4289321899, 94.7587966919, 271.942382812, 130.759689331, 93.696723938, 9.41233539581, 33.4208106995, 13.8635950089, -14.0118341446, -18.8242988586], [149.380462646, 80.8039779663, -29.5381908417, 30.1057815552, 79.0077972412, 130.759689331, 215.504470825, 68.0697250366, 32.7615013123, 20.2114772797, -9.1973323822, -19.7292976379, -16.1022548676], [390.095123291, -19.5606861115, 120.378883362, 23.9787654877, 61.1093139648, 93.696723938, 68.0697250366, 166.962036133, 69.2820358276, 26.6085472107, 16.810464859, -7.2384853363, 4.62672615051], [112.605018616, 73.0385055542, 4.54824638367, 40.0896530151, 32.0945549011, 9.41233539581, 32.7615013123, 69.2820358276, 129.336257935, 37.638343811, 10.2302942276, 2.99616098404, 13.0668020248], [219.677780151, -36.1039810181, 135.919692993, 56.8328475952, 31.6914615631, 33.4208106995, 20.2114772797, 26.6085472107, 37.638343811, 92.9908294678, 29.1767082214, 32.507183075, -3.80319213867], [38.5099487305, 81.0957183838, 37.8255348206, 26.0488529205, 7.47931241989, 13.8635950089, -9.1973323822, 16.810464859, 10.2302942276, 29.1767082214, 118.991203308, 25.2168769836, 19.7880535126], [29.4997844696, -57.9389762878, 96.9787139893, 32.47265625, 5.48711204529, -14.0118341446, -19.7292976379, -7.2384853363, 2.99616098404, 32.507183075, 25.2168769836, 95.6420211792, 26.5346012115], [-143.68359375, 67.746055603, -37.0102653503, 0.967236161232, -1.21342599392, -18.8242988586, -16.1022548676, 4.62672615051, 13.0668020248, -3.80319213867, 19.7880535126, 26.5346012115, 76.744468689]],
        "icov": [[0.000275703874649, 0.000143651981489, -5.60052358196e-05, -0.000170214785612, -8.03845068731e-06, -2.04642092285e-05, 7.41659675896e-07, -0.000533202546649, 6.76322524669e-05, -0.00026626381441, -7.10344174877e-05, 8.19039778435e-05, 0.000356951291906], [0.000143651981489, 0.00207134126686, -0.000216077722143, -0.00032213240047, -0.00117745820899, 0.00148745416664, -0.0015913360985, 0.00101659097709, -0.00121108442545, 0.00119434064254, -0.00206407043152, 0.00221448531374, -0.00167667574715], [-5.60052358196e-05, -0.000216077722143, 0.00172083883081, -0.00128326704726, -1.32686463985e-05, -0.00126434699632, 0.00166338891722, -0.00134694436565, 0.00116092141252, -0.00134711177088, 0.000718925264664, -0.00143923482392, 0.00109964341391], [-0.000170214785612, -0.00032213240047, -0.00128326704726, 0.00404478376731, -0.000929683272261, -4.34724915976e-06, -0.000616997655015, 0.00194101512898, -0.00150906597264, 0.000225832598517, -0.000301960331853, 8.83158209035e-05, -0.000650944479275], [-8.03845068731e-06, -0.00117745820899, -1.32686463985e-05, -0.000929683272261, 0.00757220666856, -0.00178477191366, -0.0005426062271, -0.0017607427435, 0.000515831867233, -0.00127860321663, 0.00141676189378, -0.00147103215568, 0.000696038128808], [-2.04642092285e-05, 0.00148745416664, -0.00126434699632, -4.34724915976e-06, -0.00178477191366, 0.00874921586365, -0.0051404456608, -0.00111579580698, 0.00105428614188, 0.000493468367495, -0.00240563228726, 0.00328706135042, -0.00152577413246], [7.41659675896e-07, -0.0015913360985, 0.00166338891722, -0.000616997655015, -0.0005426062271, -0.0051404456608, 0.00998194981366, -0.00264005246572, 0.000636664393824, -0.00238297111355, 0.00295564276166, -0.00210925703868, 0.00294086826034], [-0.000533202546649, 0.00101659097709, -0.00134694436565, 0.00194101512898, -0.0017607427435, -0.00111579580698, -0.00264005246572, 0.0132936760783, -0.00692660128698, 0.00269964593463, -0.00246775709093, 0.00272980425507, -0.00322100915946], [6.76322524669e-05, -0.00121108442545, 0.00116092141252, -0.00150906597264, 0.000515831867233, 0.00105428614188, 0.000636664393824, -0.00692660128698, 0.0138391824439, -0.00626367237419, 0.00215383688919, -0.000426038255682, -0.000482255971292], [-0.00026626381441, 0.00119434064254, -0.00134711177088, 0.000225832598517, -0.00127860321663, 0.000493468367495, -0.00238297111355, 0.00269964593463, -0.00626367237419, 0.0189410857856, -0.00451634312049, -0.00354960327968, 0.00162970286328], [-7.10344174877e-05, -0.00206407043152, 0.000718925264664, -0.000301960331853, 0.00141676189378, -0.00240563228726, 0.00295564276166, -0.00246775709093, 0.00215383688919, -0.00451634312049, 0.0121535463259, -0.00352956471033, -0.000263066904154], [8.19039778435e-05, 0.00221448531374, -0.00143923482392, 8.83158209035e-05, -0.00147103215568, 0.00328706135042, -0.00210925703868, 0.00272980425507, -0.000426038255682, -0.00354960327968, -0.00352956471033, 0.0178184118122, -0.00767485424876], [0.000356951291906, -0.00167667574715, 0.00109964341391, -0.000650944479275, 0.000696038128808, -0.00152577413246, 0.00294086826034, -0.00322100915946, -0.000482255971292, 0.00162970286328, -0.000263066904154, -0.00767485424876, 0.0190494339913]]
    },
    "melbands": {
        "dmean": [0.000676985189784, 0.000673211703543, 0.000297698104987, 0.000218156550545, 0.000221169568249, 0.000283368193777, 0.000161305550137, 7.35580688342e-05, 0.000176111527253, 0.000241565299802, 0.000171546285856, 9.19286030694e-05, 6.6690161475e-05, 5.42595334991e-05, 4.83876756334e-05, 3.47661589331e-05, 3.89871456719e-05, 3.41887971445e-05, 2.83099343505e-05, 2.2219013772e-05, 1.43627466969e-05, 1.12667585199e-05, 7.20322668712e-06, 7.35415733288e-06, 1.01649075077e-05, 5.85951011089e-06, 4.3765708142e-06, 2.6197869829e-06, 1.81554230494e-06, 1.4874514136e-06, 1.62888215982e-06, 1.45618673741e-06, 1.58909381298e-06, 1.70377620634e-06, 1.9536939817e-06, 2.13626663026e-06, 2.30657337852e-06, 2.23937877308e-06, 1.9808860543e-06, 1.68014423707e-06],
        "dmean2": [0.00114142615348, 0.00116007460747, 0.000489646045025, 0.00036693358561, 0.000351903639967, 0.000431998632848, 0.000244903581915, 0.000115119044494, 0.000276152859442, 0.000367892207578, 0.000261279637925, 0.000138104558573, 0.000103148609924, 8.54746540426e-05, 7.69688122091e-05, 5.62938512303e-05, 6.17546029389e-05, 5.31375153514e-05, 4.45788500656e-05, 3.48458816006e-05, 2.28737044381e-05, 1.80650968105e-05, 1.15445864139e-05, 1.18495208881e-05, 1.61358675541e-05, 9.14319844014e-06, 6.98020585332e-06, 4.13522775489e-06, 2.92328240903e-06, 2.37489962274e-06, 2.59373496192e-06, 2.2628721581e-06, 2.40857593781e-06, 2.61431546278e-06, 2.99674070448e-06, 3.278603117e-06, 3.52270694748e-06, 3.3217154396e-06, 2.95955237561e-06, 2.51850565292e-06],
        "dvar": [3.74356500288e-06, 3.86324745705e-06, 8.32890009406e-07, 2.47734305958e-07, 2.12316692227e-07, 4.34752820411e-07, 2.30816041835e-07, 4.48508465922e-08, 2.49593881563e-07, 3.18740944749e-07, 1.66820299796e-07, 4.45038885744e-08, 2.37179094142e-08, 1.70958873724e-08, 2.55889140988e-08, 1.16615481716e-08, 8.77674111166e-09, 8.57058779502e-09, 6.99238400514e-09, 3.40667360987e-09, 1.55027657378e-09, 7.83589859665e-10, 2.29121721596e-10, 2.92401436397e-10, 4.89477958165e-10, 1.79402367961e-10, 9.49308132103e-11, 4.91150557724e-11, 1.6669783609e-11, 1.65951384579e-11, 2.16705924039e-11, 1.5358358682e-11, 1.72624692318e-11, 1.61371419699e-11, 2.63494972369e-11, 2.99259679537e-11, 3.278643676e-11, 4.40345329644e-11, 3.98384797373e-11, 3.25593718653e-11],
        "dvar2": [1.01212945083e-05, 1.06668721855e-05, 2.07937455343e-06, 6.74046134463e-07, 5.31432590378e-07, 9.36098501825e-07, 5.15862097927e-07, 1.04128879741e-07, 6.10903782672e-07, 7.34168168037e-07, 3.71548424027e-07, 8.89468196874e-08, 5.33281365733e-08, 3.89520415922e-08, 5.9906589911e-08, 2.79654717161e-08, 1.97854266304e-08, 1.90224263008e-08, 1.58824065011e-08, 7.38717087501e-09, 3.72019304251e-09, 1.84928072855e-09, 5.23735221858e-10, 7.34010630055e-10, 1.16536291728e-09, 3.9041744837e-10, 2.24359350542e-10, 1.13689335723e-10, 3.85095774713e-11, 4.05029551565e-11, 5.14250309003e-11, 3.6102117823e-11, 3.76063000185e-11, 3.70582557696e-11, 6.23107399012e-11, 7.06889338731e-11, 7.52327922182e-11, 1.01332053859e-10, 9.37359079245e-11, 7.4492981228e-11],
        "max": [0.0220563896, 0.0231469869614, 0.0156401768327, 0.0106050195172, 0.0107254460454, 0.017556078732, 0.00999744236469, 0.00433429190889, 0.013588745147, 0.0101747345179, 0.0120219113305, 0.00792902801186, 0.00512264342979, 0.003427634947, 0.00585010414943, 0.00332804350182, 0.00200228858739, 0.00323832081631, 0.00354857416824, 0.0013567651622, 0.00116561038885, 0.000979896634817, 0.000495944987051, 0.00082393019693, 0.000473175285151, 0.000291586678941, 0.000436225789599, 0.000278677674942, 0.000114462825877, 0.00012427366164, 0.00015745802375, 0.000167337086168, 0.000154040943016, 9.72314519458e-05, 0.00016689496988, 0.000153599030455, 0.00012888769561, 0.000218107627006, 0.000207072152989, 0.000151157102664],
        "mean": [0.00128308078274, 0.00126037257724, 0.000455584813608, 0.000384767947253, 0.000416275230236, 0.000595131190494, 0.000281099317363, 0.000125554448459, 0.000356175471097, 0.000454673747299, 0.000368098233594, 0.000179306953214, 0.00013049649715, 0.00010411850235, 8.16476531327e-05, 6.0060461692e-05, 7.02791294316e-05, 5.89256378589e-05, 4.82159484818e-05, 3.93411282857e-05, 2.78104871541e-05, 2.31005124078e-05, 1.49885836436e-05, 1.50489195221e-05, 1.96946966753e-05, 1.20828844956e-05, 8.85252393346e-06, 5.37588903171e-06, 3.84054010283e-06, 2.85981582238e-06, 3.03768320009e-06, 2.81747361441e-06, 2.92916911349e-06, 3.16701971315e-06, 3.47460286321e-06, 3.88641410609e-06, 4.21416280005e-06, 4.02862178817e-06, 3.37631013281e-06, 2.77124649983e-06],
        "median": [0.000521225854754, 0.000724981422536, 0.000228907025303, 0.000219196241233, 0.000212978426134, 0.000189203841728, 7.47481244616e-05, 4.11738874391e-05, 5.77311075176e-05, 9.14130650926e-05, 8.03739749244e-05, 6.12475560047e-05, 4.86315184389e-05, 3.83517908631e-05, 3.20821782225e-05, 1.89762176888e-05, 2.45948740485e-05, 2.01870498131e-05, 2.0151361241e-05, 1.56250462169e-05, 1.24458829305e-05, 1.05518784039e-05, 8.63904460857e-06, 8.73928365763e-06, 8.78322862263e-06, 4.91296168548e-06, 4.37256403529e-06, 2.45797764364e-06, 1.8069122234e-06, 1.37568395076e-06, 1.26929626276e-06, 1.18325044696e-06, 1.03413321995e-06, 1.19888238714e-06, 1.3247293964e-06, 1.35807329116e-06, 1.38267660077e-06, 1.10774476525e-06, 7.6399567206e-07, 4.74424155072e-07],
        "min": [1.02775433528e-23, 1.29087510368e-23, 1.27782639767e-23, 6.50626757761e-24, 2.2578789451e-23, 1.88073006834e-23, 9.79645337427e-24, 5.24343853015e-24, 7.83785137499e-24, 7.00622947554e-24, 6.81287177906e-24, 6.81228881085e-24, 6.80935661486e-24, 5.1397601191e-24, 6.69535280342e-24, 5.62095856596e-24, 5.8642610185e-24, 3.48197523766e-24, 1.0226255561e-23, 1.08535222541e-23, 2.07505238393e-23, 7.34782912446e-24, 4.81508587532e-24, 1.80047530415e-23, 1.55099536075e-23, 1.97427256339e-23, 1.23671057286e-23, 1.12479653285e-23, 1.31802864267e-23, 9.57158541779e-24, 1.01069166833e-23, 1.29138660109e-23, 1.19655952494e-23, 7.37627781529e-24, 9.3423511162e-24, 9.11211575013e-24, 7.10250758244e-24, 8.48021449922e-24, 1.09053646151e-23, 1.12983206866e-23],
        "var": [4.36712571172e-06, 3.68542237084e-06, 8.83920108663e-07, 3.21896663991e-07, 4.55575843716e-07, 1.47942603235e-06, 5.07075924361e-07, 9.45529947671e-08, 9.29582995468e-07, 9.12811742637e-07, 8.37042875901e-07, 1.60729740628e-07, 7.06024323449e-08, 5.02872339325e-08, 5.17675182721e-08, 2.37344437437e-08, 2.18254125883e-08, 1.68519775912e-08, 1.21858469981e-08, 7.90068543921e-09, 3.26046478705e-09, 2.42325826072e-09, 5.47700107489e-10, 5.2662990635e-10, 1.03103225957e-09, 4.3378026171e-10, 2.17473358766e-10, 1.20213256016e-10, 4.34627091261e-11, 2.82984018163e-11, 3.66274753583e-11, 2.63601536432e-11, 3.28212318434e-11, 3.39230935009e-11, 4.6625033695e-11, 6.58740215154e-11, 7.71280678213e-11, 9.68470026397e-11, 8.85883658097e-11, 7.66993552004e-11]
    },
    "mfcc": {
        "mean": [-630.399230957, 106.072608948, -2.88261151314, 3.32304787636, 5.42211437225, -0.715815961361, 0.886995792389, 6.9120349884, -3.60702037811, 3.06852936745, -4.68848514557, -4.43498086929, -4.08442211151],
        "cov": [[4716.29589844, -556.173706055, 598.19744873, 162.907165527, 243.17741394, 112.438064575, 229.630844116, 186.406494141, 140.626693726, 293.295410156, 209.539794922, 66.3925018311, 99.0005187988], [-556.173706055, 726.890869141, -177.318984985, 61.4646224976, -5.42481946945, -22.7851791382, 8.14688396454, 7.93606424332, 6.7467751503, 24.6045436859, 3.78470802307, 8.71117401123, -3.37192153931], [598.19744873, -177.318984985, 1085.47631836, 276.835571289, 316.669769287, 132.230499268, 122.347709656, 39.9614677429, 14.8343820572, 56.0924949646, 48.3472480774, 61.3519935608, 68.9644775391], [162.907165527, 61.4646224976, 276.835571289, 357.716766357, 124.210350037, 76.0809020996, -3.89231181145, 5.16794347763, 21.6181373596, 0.74877756834, 10.3566255569, 58.796131134, 42.6124610901], [243.17741394, -5.42481946945, 316.669769287, 124.210350037, 258.638305664, 37.1253242493, 57.679901123, 30.4942150116, 18.251657486, 45.1641921997, 12.8008050919, 26.4615516663, 36.8052024841], [112.438064575, -22.7851791382, 132.230499268, 76.0809020996, 37.1253242493, 191.961807251, 93.549621582, 46.9053421021, 44.8380470276, 26.3677959442, 46.7406349182, 22.6804084778, 14.8238859177], [229.630844116, 8.14688396454, 122.347709656, -3.89231181145, 57.679901123, 93.549621582, 207.766647339, 76.7732009888, 27.7201709747, 65.7967529297, 54.2213630676, -10.9487876892, 5.69806194305], [186.406494141, 7.93606424332, 39.9614677429, 5.16794347763, 30.4942150116, 46.9053421021, 76.7732009888, 129.463241577, 65.1259689331, 72.7758560181, 33.8847122192, 9.87710952759, 5.43063688278], [140.626693726, 6.7467751503, 14.8343820572, 21.6181373596, 18.251657486, 44.8380470276, 27.7201709747, 65.1259689331, 139.867416382, 53.474281311, 29.9237728119, 21.3139381409, 14.8809185028], [293.295410156, 24.6045436859, 56.0924949646, 0.74877756834, 45.1641921997, 26.3677959442, 65.7967529297, 72.7758560181, 53.474281311, 164.183380127, 54.3877487183, -5.65788459778, -1.30772340298], [209.539794922, 3.78470802307, 48.3472480774, 10.3566255569, 12.8008050919, 46.7406349182, 54.2213630676, 33.8847122192, 29.9237728119, 54.3877487183, 94.1759872437, 30.0989971161, 10.3084058762], [66.3925018311, 8.71117401123, 61.3519935608, 58.796131134, 26.4615516663, 22.6804084778, -10.9487876892, 9.87710952759, 21.3139381409, -5.65788459778, 30.0989971161, 102.300727844, 48.5561065674], [99.0005187988, -3.37192153931, 68.9644775391, 42.6124610901, 36.8052024841, 14.8238859177, 5.69806194305, 5.43063688278, 14.8809185028, -1.30772340298, 10.3084058762, 48.5561065674, 82.7641601562]],
