{
"lowlevel": {
    "average_loudness": 0.0157580524683,
    "barkbands_crest": {
        "dmean": 2.42337417603,
        "dmean2": 3.93169331551,
        "dvar": 5.3486828804,
        "dvar2": 13.4243383408,
        "max": 25.5670509338,
        "mean": 10.2267379761,
        "median": 9.22535037994,
        "min": 2.09709954262,
        "var": 20.576341629
    },
    "barkbands_flatness_db": {
        "dmean": 0.0183830372989,
        "dmean2": 0.0287313461304,
        "dvar": 0.000300275889458,
        "dvar2": 0.000676890660543,
        "max": 0.400292038918,
        "mean": 0.188681438565,
        "median": 0.17893242836,
        "min": 0.0286623500288,
        "var": 0.00328491721302
    },
    "barkbands_kurtosis": {
        "dmean": 1.99574971199,
        "dmean2": 3.16654467583,
        "dvar": 32.425113678,
        "dvar2": 89.2936859131,
        "max": 220.709823608,
        "mean": 2.85440993309,
        "median": 0.698904514313,
        "min": -1.94646155834,
        "var": 84.3302383423
    },
    "barkbands_skewness": {
        "dmean": 0.440749466419,
        "dmean2": 0.677759885788,
        "dvar": 0.253932386637,
        "dvar2": 0.579924881458,
        "max": 13.2549562454,
        "mean": 0.997996211052,
        "median": 0.843436360359,
        "min": -2.72401022911,
        "var": 1.49938225746
    },
    "barkbands_spread": {
        "dmean": 4.66355991364,
        "dmean2": 7.08557128906,
        "dvar": 45.0193634033,
        "dvar2": 95.7700805664,
        "max": 100.141296387,
        "mean": 20.3846473694,
        "median": 16.2077655792,
        "min": 0.941670954227,
        "var": 211.570571899
    },
    "dissonance": {
        "dmean": 0.0211696978658,
        "dmean2": 0.0358367338777,
        "dvar": 0.000495691550896,
        "dvar2": 0.00136232306249,
        "max": 0.500000119209,
        "mean": 0.457474946976,
        "median": 0.46928140521,
        "min": 0.200891196728,
        "var": 0.00148196332157
    },
    "dynamic_complexity": 6.8951716423,
    "erbbands_crest": {
        "dmean": 2.59707427025,
        "dmean2": 4.12335920334,
        "dvar": 6.79605340958,
        "dvar2": 16.014629364,
        "max": 31.3525047302,
        "mean": 11.0311746597,
        "median": 9.81328010559,
        "min": 2.39314508438,
        "var": 30.9324989319
    },
    "erbbands_flatness_db": {
        "dmean": 0.0161424055696,
        "dmean2": 0.0235931780189,
        "dvar": 0.000271851371508,
        "dvar2": 0.000517447420862,
        "max": 0.42857119441,
        "mean": 0.237723499537,
        "median": 0.240683123469,
        "min": 0.0813023746014,
        "var": 0.00392829906195
    },
    "erbbands_kurtosis": {
        "dmean": 1.02556610107,
        "dmean2": 1.60697877407,
        "dvar": 2.3034260273,
        "dvar2": 5.42440319061,
        "max": 35.9310073853,
        "mean": 1.03137087822,
        "median": 0.279625654221,
        "min": -1.82094573975,
        "var": 6.82176160812
    },
    "erbbands_skewness": {
        "dmean": 0.349237203598,
        "dmean2": 0.528703033924,
        "dvar": 0.125285938382,
        "dvar2": 0.273179352283,
        "max": 5.38116121292,
        "mean": 0.462102741003,
        "median": 0.449994206429,
        "min": -3.21457648277,
        "var": 0.801998913288
    },
    "erbbands_spread": {
        "dmean": 6.05887365341,
        "dmean2": 9.20821666718,
        "dvar": 71.0822525024,
        "dvar2": 153.210952759,
        "max": 161.580352783,
        "mean": 28.7611846924,
        "median": 22.8007316589,
        "min": 1.81448554993,
        "var": 343.969055176
    },
    "hfc": {
        "dmean": 3.15605640411,
        "dmean2": 4.59199285507,
        "dvar": 37.2701454163,
        "dvar2": 75.6134490967,
        "max": 318.512237549,
        "mean": 14.0070610046,
        "median": 4.5935883522,
        "min": 1.18177150063e-16,
        "var": 390.787078857
    },
    "melbands_crest": {
        "dmean": 3.02893257141,
        "dmean2": 4.90445661545,
        "dvar": 8.49631309509,
        "dvar2": 21.1658573151,
        "max": 36.3210449219,
        "mean": 13.085105896,
        "median": 12.1662740707,
        "min": 2.14531970024,
        "var": 29.1261558533
    },
    "melbands_flatness_db": {
        "dmean": 0.0213667713106,
        "dmean2": 0.0322030819952,
        "dvar": 0.000478313013446,
        "dvar2": 0.00102687370963,
        "max": 0.488824754953,
        "mean": 0.192929446697,
        "median": 0.183017894626,
        "min": 0.00539455004036,
        "var": 0.00483244005591
    },
    "melbands_kurtosis": {
        "dmean": 4.33337974548,
        "dmean2": 6.93033075333,
        "dvar": 257.501220703,
        "dvar2": 693.359130859,
        "max": 878.567077637,
        "mean": 7.99425029755,
        "median": 3.33087491989,
        "min": -1.83300900459,
        "var": 666.699523926
    },
    "melbands_skewness": {
        "dmean": 0.550740361214,
        "dmean2": 0.85433369875,
        "dvar": 0.456638842821,
        "dvar2": 1.03736066818,
        "max": 23.416595459,
        "mean": 1.73320317268,
        "median": 1.52727007866,
        "min": -1.24348807335,
        "var": 2.3725259304
    },
    "melbands_spread": {
        "dmean": 7.32692289352,
        "dmean2": 11.1409044266,
        "dvar": 147.000457764,
        "dvar2": 309.780456543,
        "max": 228.861999512,
        "mean": 28.6568031311,
        "median": 22.216545105,
        "min": 0.652304172516,
        "var": 546.120117188
    },
    "pitch_salience": {
        "dmean": 0.0643634200096,
        "dmean2": 0.103088691831,
        "dvar": 0.00370663800277,
        "dvar2": 0.00922980904579,
        "max": 0.896236121655,
        "mean": 0.571083664894,
        "median": 0.578804314137,
        "min": 0.105914652348,
        "var": 0.0167512483895
    },
    "silence_rate_20dB": {
        "dmean": 0,
        "dmean2": 0,
        "dvar": 0,
        "dvar2": 0,
        "max": 1,
        "mean": 1,
        "median": 1,
        "min": 1,
        "var": 0
    },
    "silence_rate_30dB": {
        "dmean": 0.001161889988,
        "dmean2": 0.00232400512323,
        "dvar": 0.00116014806554,
        "dvar2": 0.0027062559966,
        "max": 1,
        "mean": 0.996417880058,
        "median": 1,
        "min": 0,
        "var": 0.00356794707477
    },
    "silence_rate_60dB": {
        "dmean": 0.0373741276562,
        "dmean2": 0.0747554972768,
        "dvar": 0.0359812118113,
        "dvar2": 0.0794427767396,
        "max": 1,
        "mean": 0.435085684061,
        "median": 0,
        "min": 0,
        "var": 0.245776668191
    },
    "spectral_centroid": {
        "dmean": 215.227584839,
        "dmean2": 319.460144043,
        "dvar": 73908.4921875,
        "dvar2": 150473.0625,
        "max": 11288.6591797,
        "mean": 1629.36413574,
        "median": 1583.74853516,
        "min": 192.263397217,
        "var": 616804.75
    },
    "spectral_complexity": {
        "dmean": 1.95158791542,
        "dmean2": 3.13314604759,
        "dvar": 6.09767198563,
        "dvar2": 13.4842977524,
        "max": 64,
        "mean": 10.4184331894,
        "median": 8,
        "min": 0,
        "var": 78.4735794067
    },
    "spectral_decrease": {
        "dmean": 7.98414390157e-10,
        "dmean2": 1.24146359859e-09,
        "dvar": 4.95943291368e-18,
        "dvar2": 1.35890471801e-17,
        "max": 1.01975222031e-28,
        "mean": -2.86594126209e-09,
        "median": -1.12172193756e-09,
        "min": -9.53048342467e-08,
        "var": 1.93859222954e-17
    },
    "spectral_energy": {
        "dmean": 0.00324608315714,
        "dmean2": 0.00502425758168,
        "dvar": 7.50553008402e-05,
        "dvar2": 0.000204315190786,
        "max": 0.379916757345,
        "mean": 0.0120872100815,
        "median": 0.00471648434177,
        "min": 1.05117409463e-20,
        "var": 0.00032330446993
    },
    "spectral_energyband_high": {
        "dmean": 0.000175241541001,
        "dmean2": 0.000257019768469,
        "dvar": 2.16110308315e-07,
        "dvar2": 4.35518160202e-07,
        "max": 0.0268025323749,
        "mean": 0.000488828693051,
        "median": 0.000107223422674,
        "min": 7.59000412122e-21,
        "var": 1.26222619201e-06
    },
    "spectral_energyband_low": {
        "dmean": 0.00129382906016,
        "dmean2": 0.0021351785399,
        "dvar": 4.83418916701e-05,
        "dvar2": 0.00013746303739,
        "max": 0.276475727558,
        "mean": 0.00217296043411,
        "median": 7.78391040512e-05,
        "min": 6.34056103358e-23,
        "var": 7.75156950112e-05
    },
    "spectral_energyband_middle_high": {
        "dmean": 0.0014440161176,
        "dmean2": 0.00209829956293,
        "dvar": 1.06801790025e-05,
        "dvar2": 2.3124513973e-05,
        "max": 0.082348793745,
        "mean": 0.00565844448283,
        "median": 0.000983771285973,
        "min": 1.60251410573e-21,
        "var": 9.45117280935e-05
    },
    "spectral_energyband_middle_low": {
        "dmean": 0.00139423354995,
        "dmean2": 0.00220142910257,
        "dvar": 1.94695458049e-05,
        "dvar2": 5.4632229876e-05,
        "max": 0.236976206303,
        "mean": 0.00406861398369,
        "median": 0.00152753980365,
        "min": 3.17882066184e-22,
        "var": 5.47338895558e-05
    },
    "spectral_entropy": {
        "dmean": 0.143002510071,
        "dmean2": 0.208587676287,
        "dvar": 0.0249606333673,
        "dvar2": 0.046452563256,
        "max": 9.79622077942,
        "mean": 7.33232498169,
        "median": 7.41090536118,
        "min": 5.28479003906,
        "var": 0.31374579668
    },
    "spectral_flux": {
        "dmean": 0.0145530672744,
        "dmean2": 0.023027041927,
        "dvar": 0.000460204930278,
        "dvar2": 0.00104960077442,
        "max": 0.420640230179,
        "mean": 0.0467435270548,
        "median": 0.0313799977303,
        "min": 6.47211867433e-11,
        "var": 0.00185951439198
    },
    "spectral_kurtosis": {
        "dmean": 2.53887557983,
        "dmean2": 4.40387630463,
        "dvar": 10.4156656265,
        "dvar2": 31.2660713196,
        "max": 68.6605453491,
        "mean": 4.73947286606,
        "median": 3.40013551712,
        "min": -1.52246057987,
        "var": 26.2005844116
    },
    "spectral_rms": {
        "dmean": 0.000379194883863,
        "dmean2": 0.000568711664528,
        "dvar": 3.53156167421e-07,
        "dvar2": 8.27447934171e-07,
        "max": 0.0192522853613,
        "mean": 0.00273821665905,
        "median": 0.00214509852231,
        "min": 3.20239863273e-12,
        "var": 4.29455849371e-06
    },
    "spectral_rolloff": {
        "dmean": 482.640625,
        "dmean2": 802.64440918,
        "dvar": 970075.3125,
        "dvar2": 2066254.75,
        "max": 19164.5507812,
        "mean": 2002.67480469,
        "median": 1507.32421875,
        "min": 64.599609375,
        "var": 2721173.75
    },
    "spectral_skewness": {
        "dmean": 0.283968389034,
        "dmean2": 0.472704291344,
        "dvar": 0.0837689638138,
        "dvar2": 0.228241384029,
        "max": 6.49823188782,
        "mean": 1.38469421864,
        "median": 1.2600492239,
        "min": -0.324067026377,
        "var": 0.445279210806
    },
    "spectral_spread": {
        "dmean": 401160.1875,
        "dmean2": 600443.625,
        "dvar": 434274992128,
        "dvar2": 769856569344,
        "max": 41185412,
        "mean": 3534829.25,
        "median": 3200935.5,
        "min": 1063776.75,
        "var": 2.13478355763e+12
    },
    "spectral_strongpeak": {
        "dmean": 0.598762691021,
        "dmean2": 0.985189855099,
        "dvar": 1.44010388851,
        "dvar2": 3.46386432648,
        "max": 21.5081996918,
        "mean": 1.47882306576,
        "median": 0.425767570734,
        "min": 0,
        "var": 4.76061630249
    },
    "zerocrossingrate": {
        "dmean": 0.0097738513723,
        "dmean2": 0.0113076325506,
        "dvar": 0.000227325537708,
        "dvar2": 0.000261419161689,
        "max": 0.66748046875,
        "mean": 0.0709163174033,
        "median": 0.06298828125,
        "min": 0.005859375,
        "var": 0.00174815009814
    },
    "barkbands": {
        "dmean": [0.00017201207811, 0.000965081737377, 0.000367472530343, 0.000162489624927, 0.000375161762349, 0.000295093661407, 0.000357081444236, 0.000179085560376, 0.000441856216639, 0.000454631459434, 0.000615203287452, 0.000192876585061, 0.000226073563681, 0.000215883817873, 0.000199147631065, 0.0001177952945, 0.000112419613288, 0.000298216065858, 0.000191754821572, 0.000118546493468, 6.58234712319e-05, 2.49669883488e-05, 2.30336827372e-05, 3.33702082571e-05, 1.06636598503e-05, 2.77039077901e-07, 4.75396499944e-10],
        "dmean2": [0.000285935995635, 0.00162502576131, 0.000635223463178, 0.000278239720501, 0.000617487705313, 0.000483669864479, 0.000569688680116, 0.000299294566503, 0.000653107766993, 0.000671634741593, 0.000918182078749, 0.000287281349301, 0.000335164077114, 0.000321405444993, 0.000302009226289, 0.000183967771591, 0.000177809633897, 0.00046842059237, 0.000293610966764, 0.000177440364496, 0.000101225421531, 4.01998659072e-05, 3.61788006558e-05, 4.90931779495e-05, 1.70085932041e-05, 4.17568799094e-07, 8.75916561505e-10],
        "dvar": [8.53486596952e-07, 3.13030795951e-05, 3.74057640329e-06, 8.98792109183e-07, 8.98272446648e-06, 1.19505455132e-06, 1.3034289168e-06, 4.93438449212e-07, 1.83330325854e-06, 3.43456213159e-06, 6.33875333733e-06, 6.63800165057e-07, 8.19685510578e-07, 4.95830931868e-07, 4.48010922582e-07, 2.60446512357e-07, 8.62429487825e-08, 1.07376718006e-06, 5.03960677634e-07, 1.06830185587e-07, 7.06920531002e-08, 8.54027604191e-09, 2.21560174651e-08, 1.42831009242e-08, 7.98429766746e-09, 2.70038245237e-11, 1.1484947856e-18],
        "dvar2": [2.32299316849e-06, 9.21513346839e-05, 1.02826334114e-05, 2.66174743047e-06, 2.48635606113e-05, 3.21302150041e-06, 3.35662184625e-06, 1.27588486976e-06, 3.98591146222e-06, 7.11215398042e-06, 1.41527279993e-05, 1.42692863392e-06, 1.6501344362e-06, 9.83900918072e-07, 9.37038009852e-07, 5.96223969751e-07, 2.06651520784e-07, 2.55397822002e-06, 1.11442386697e-06, 2.39543680891e-07, 1.44924456436e-07, 2.1840479647e-08, 4.52003661167e-08, 3.03404235069e-08, 1.88015700786e-08, 6.6058214454e-11, 3.66979175068e-18],
        "max": [0.0279732085764, 0.237558364868, 0.0620551109314, 0.0423520617187, 0.205314546824, 0.0226736441255, 0.0419005863369, 0.025522576645, 0.0515766777098, 0.0576741397381, 0.0758328139782, 0.0410379879177, 0.0297021828592, 0.0269348938018, 0.0187980886549, 0.0193064250052, 0.00868329126388, 0.0249500982463, 0.0283767525107, 0.0107752708718, 0.0134781971574, 0.00668799970299, 0.01188056916, 0.00563781009987, 0.00720766978338, 0.000383142993087, 2.54699035196e-08],
        "mean": [0.000196393346414, 0.0014325408265, 0.000470114522614, 0.000226264062803, 0.000654983567074, 0.000511147023644, 0.000668937107548, 0.000223209368414, 0.00124727224465, 0.00115415279288, 0.0015799801331, 0.000421757780714, 0.000449736573501, 0.000521895417478, 0.000377085700165, 0.000192457329831, 0.000247326708632, 0.000558749539778, 0.000355761410901, 0.000271901779342, 0.000133209774503, 5.64489346289e-05, 5.23107119079e-05, 6.75284245517e-05, 1.56582973432e-05, 3.66012386621e-07, 4.86284901235e-10],
        "median": [5.96905692873e-07, 1.10525779746e-05, 1.80470542546e-05, 2.21930768021e-05, 0.000103192214738, 0.000100894816569, 0.00013868053793, 5.97282560193e-05, 9.67492014752e-05, 9.76376468316e-05, 8.51601216709e-05, 3.76444113499e-05, 4.66613782919e-05, 3.67115790141e-05, 3.74555093003e-05, 2.38314241869e-05, 2.57189785771e-05, 3.76817843062e-05, 3.50311529473e-05, 2.57509072981e-05, 1.61680418387e-05, 5.04410945723e-06, 8.34579441289e-06, 1.37334855026e-05, 6.165648756e-07, 1.60302091046e-10, 1.65646482642e-10],
        "min": [2.05697437411e-23, 1.80291887969e-23, 5.82313414964e-24, 1.60920130486e-23, 1.86291048935e-23, 1.48495381903e-23, 3.7285665302e-23, 2.7447361279e-23, 4.04522634161e-23, 5.7252331192e-23, 7.18619972914e-23, 2.03381625784e-23, 8.62229576354e-23, 5.46700549722e-23, 1.40632391897e-22, 2.41654575752e-22, 2.16522578028e-22, 1.39298964532e-22, 2.0506494767e-22, 2.73538793685e-22, 3.65392495311e-22, 4.24688531606e-22, 4.77693067704e-22, 5.79874157649e-22, 1.05626127559e-21, 1.59735856524e-21, 2.60753380419e-21],
        "var": [1.05276899376e-06, 4.03650883527e-05, 4.04776164942e-06, 1.1567896081e-06, 1.07203459265e-05, 2.20037873078e-06, 4.14115538661e-06, 4.776434821e-07, 1.00724009826e-05, 2.05838568945e-05, 3.48635367118e-05, 1.80966515018e-06, 2.13160546991e-06, 2.49728805102e-06, 1.25641304294e-06, 5.22648235801e-07, 2.86039295361e-07, 2.50602693086e-06, 1.31603428599e-06, 3.77340086288e-07, 1.88521411815e-07, 3.24328723877e-08, 5.83516488462e-08, 4.87674931549e-08, 2.57731951336e-08, 4.0867406681e-11, 9.31453036018e-19]
    },
    "erbbands": {
        "dmean": [0.039120785892, 0.199987575412, 0.447784364223, 0.432218700647, 0.914814293385, 1.46744942665, 1.23241984844, 2.93945884705, 4.30257034302, 6.15195322037, 3.24390602112, 9.42823696136, 13.2029695511, 17.1681232452, 21.6210670471, 7.03733539581, 8.57853984833, 11.626991272, 7.83734130859, 8.89389324188, 5.61688041687, 5.22117948532, 10.9413347244, 15.1743059158, 5.26299762726, 5.42433452606, 4.01084423065, 1.30620026588, 0.995496273041, 0.675075232983, 0.716003537178, 0.657181024551, 0.593423604965, 0.182890206575, 0.0200231578201, 0.00295185670257, 9.11863535293e-05, 6.49717958368e-06, 2.53965163211e-06, 4.02772457164e-06],
        "dmean2": [0.0647986754775, 0.344597250223, 0.776579141617, 0.74443179369, 1.5768674612, 2.37849020958, 1.96036601067, 4.90216207504, 6.88784837723, 9.67130947113, 5.20527553558, 14.0911340714, 19.2323150635, 24.1557025909, 32.4273414612, 10.4085321426, 12.5970630646, 16.7864284515, 11.9449663162, 13.2680244446, 8.66936779022, 8.08771038055, 16.7378768921, 22.8604469299, 7.71564674377, 7.99051475525, 5.90782308578, 2.01356816292, 1.60591828823, 1.0725530386, 1.11928594112, 0.968832850456, 0.890279114246, 0.291165709496, 0.0294078104198, 0.00463401246816, 0.000142858960317, 9.74418981059e-06, 3.81863583243e-06, 6.18961303189e-06],
        "dvar": [0.0556059107184, 1.46790885925, 6.56626176834, 4.44986152649, 47.2893638611, 187.283493042, 24.4988918304, 135.62210083, 212.267715454, 457.958374023, 114.861213684, 763.688781738, 2331.09912109, 5034.47851562, 9574.89648438, 516.386962891, 1276.09692383, 1484.1295166, 783.163513184, 968.133056641, 450.431945801, 201.122924805, 1285.57421875, 2711.15600586, 273.539154053, 238.958023071, 208.614852905, 28.0810260773, 10.967467308, 7.81167316437, 33.9939041138, 6.10839271545, 4.88271427155, 1.61116909981, 0.175340086222, 0.00400423584506, 2.065050694e-06, 4.69537964065e-09, 8.25245774494e-11, 9.86696627181e-11],
        "dvar2": [0.167924970388, 4.38418912888, 18.7458171844, 13.2116708755, 142.694595337, 482.423461914, 66.4723739624, 371.910980225, 525.92565918, 1096.12390137, 286.377288818, 1760.11584473, 4542.51904297, 9679.26757812, 23650.3984375, 1191.25671387, 2627.85620117, 2920.78051758, 1690.05249023, 2016.52770996, 1025.89501953, 442.824005127, 2846.11157227, 5430.47070312, 552.140380859, 510.991424561, 411.494873047, 60.7264442444, 27.1080417633, 18.960357666, 68.3114089966, 13.6167869568, 10.453455925, 3.85876250267, 0.404416829348, 0.00978038553149, 5.0092935453e-06, 1.1132301303e-08, 1.92578591962e-10, 2.63634891695e-10],
        "max": [7.89646244049, 57.6534843445, 79.9869766235, 83.4234542847, 403.905029297, 1131.45947266, 292.543823242, 250.407226562, 633.732055664, 473.308044434, 346.95715332, 992.908569336, 1785.77990723, 2018.93103027, 3284.80200195, 736.465515137, 1254.72924805, 1391.00744629, 818.619750977, 840.358093262, 962.655944824, 609.304443359, 1009.40087891, 2055.72900391, 534.225830078, 413.160430908, 878.020568848, 288.687713623, 213.558578491, 189.816894531, 491.669830322, 126.713897705, 85.5918273926, 82.3867721558, 42.9490509033, 6.96140670776, 0.154615208507, 0.00754530215636, 0.000875243393239, 0.000495135143865],
        "mean": [0.0535657033324, 0.269138127565, 0.582307577133, 0.629308223724, 1.35850787163, 2.61390137672, 2.24627256393, 4.86696338654, 8.19097137451, 10.0331602097, 6.06506156921, 26.4891777039, 40.0532569885, 44.6362075806, 55.2767829895, 18.2633705139, 18.7717151642, 33.0036659241, 17.9789676666, 15.9004831314, 11.4608516693, 12.7047710419, 23.5520935059, 30.8368968964, 13.9104557037, 13.1660299301, 9.0965051651, 3.03146648407, 2.15761518478, 1.60689198971, 1.5477745533, 1.32800841331, 1.09949231148, 0.296060413122, 0.0483156628907, 0.00617227237672, 0.000193732135813, 1.63763470482e-05, 9.70318978943e-06, 1.57252434292e-05],
        "median": [0.000181081239134, 0.00327877211384, 0.022075176239, 0.0693875849247, 0.148149058223, 0.401241600513, 0.556456923485, 1.00481426716, 1.74698901176, 2.50045347214, 1.72761237621, 2.39851784706, 4.26324129105, 3.81062197685, 4.52742528915, 2.45882844925, 2.75470256805, 2.42380428314, 2.3481771946, 2.06102800369, 1.54509150982, 1.65816295147, 2.15564751625, 2.1654894352, 1.56304061413, 1.2825306654, 1.00539064407, 0.498726129532, 0.220286682248, 0.187058821321, 0.254120618105, 0.228276848793, 0.212020292878, 0.0308783780783, 0.00083112413995, 6.25308821327e-05, 1.22119590742e-05, 3.07603818328e-06, 3.73089551431e-06, 6.35795458948e-06],
        "min": [6.42166451744e-22, 4.30186061602e-21, 5.94588693023e-21, 4.8231269775e-20, 3.14810400853e-20, 7.47142293365e-20, 1.18484950276e-19, 1.11445669113e-19, 4.83241653889e-19, 6.61349201107e-19, 1.9813134612e-18, 1.26761603163e-18, 2.67157913877e-18, 1.59521626034e-18, 2.56954103354e-18, 1.31825654572e-18, 4.13379664734e-18, 3.15254516709e-18, 5.28500830765e-18, 8.5544595311e-18, 1.51957628019e-17, 1.34006179181e-17, 8.93666495058e-18, 6.42000309206e-18, 1.26694109361e-17, 1.14237844671e-17, 1.45179379208e-17, 1.36750110981e-17, 1.64143586629e-17, 1.6194447734e-17, 1.25999037764e-17, 1.32967223788e-17, 9.03385453665e-18, 1.19325824347e-17, 7.16432791779e-18, 5.30036739727e-18, 2.88375799692e-18, 1.36478721294e-18, 3.27513142102e-19, 4.19920176667e-20],
        "var": [0.0659794285893, 1.51603507996, 6.80268764496, 5.95255565643, 51.8612937927, 228.811508179, 35.2860603333, 207.661758423, 825.909545898, 718.835388184, 166.750671387, 3258.96166992, 18676.546875, 26331.6503906, 47530.265625, 2407.38574219, 3584.1418457, 8682.10546875, 2805.47290039, 2051.09277344, 1404.34094238, 744.192932129, 3527.40136719, 8592.87597656, 1504.28857422, 890.035217285, 562.890014648, 107.132591248, 43.8296813965, 33.9787139893, 72.0845870972, 19.4079208374, 14.8331804276, 4.62426805496, 0.800265014172, 0.0118831405416, 6.94014624969e-06, 1.89290574326e-08, 4.83157125419e-10, 5.24503163124e-10]
    },
    "gfcc": {
        "mean": [-120.505180359, 111.402359009, -179.412811279, 32.8793525696, -84.9287948608, 8.5766954422, -31.5919895172, -3.16739988327, -9.95328235626, -24.4476604462, 10.5621147156, -21.5711460114, 5.25998353958],
        "cov": [[10472.8876953, -1095.16381836, -189.728256226, 1687.96594238, 363.823913574, 825.755737305, 403.064361572, 717.576904297, 247.421035767, 193.300933838, 221.17805481, -189.201644897, 136.753372192], [-1095.16381836, 1463.89526367, 530.090454102, -28.9451675415, 272.861022949, -185.904571533, 126.87953949, -181.391647339, 106.113258362, -183.698852539, -45.7130699158, 41.0987205505, -64.9239654541], [-189.728256226, 530.090454102, 1557.60974121, 560.83996582, -2.79811263084, 321.316070557, -174.563720703, 104.187644958, 54.8164291382, 12.3475322723, -95.8058319092, 113.570800781, -59.468711853], [1687.96594238, -28.9451675415, 560.83996582, 1029.63220215, 301.384490967, 433.71887207, 106.353713989, 222.789047241, 213.750167847, 86.0958251953, -46.8125915527, 56.7071304321, 8.21630382538], [363.823913574, 272.861022949, -2.79811263084, 301.384490967, 452.368713379, 146.605712891, 192.81703186, 79.0975494385, 111.181266785, 21.39494133, 4.75434064865, 16.4110946655, -2.38495898247], [825.755737305, -185.904571533, 321.316070557, 433.71887207, 146.605712891, 551.398864746, 102.281745911, 149.99105835, 128.383209229, 85.106048584, -17.0782623291, 36.815486908, 2.42784070969], [403.064361572, 126.87953949, -174.563720703, 106.353713989, 192.81703186, 102.281745911, 308.175842285, 41.3907814026, 87.6042327881, 17.6314201355, 10.8124322891, 13.5987014771, 0.090812034905], [717.576904297, -181.391647339, 104.187644958, 222.789047241, 79.0975494385, 149.99105835, 41.3907814026, 228.532318115, 84.5525512695, 61.0322494507, 17.4001960754, 8.05592155457, 26.0521602631], [247.421035767, 106.113258362, 54.8164291382, 213.750167847, 111.181266785, 128.383209229, 87.6042327881, 84.5525512695, 227.163757324, 27.7077541351, -36.9657897949, 43.8787536621, -7.69085121155], [193.300933838, -183.698852539, 12.3475322723, 86.0958251953, 21.39494133, 85.106048584, 17.6314201355, 61.0322494507, 27.7077541351, 165.374145508, 45.5763702393, -7.53502225876, 16.0326042175], [221.17805481, -45.7130699158, -95.8058319092, -46.8125915527, 4.75434064865, -17.0782623291, 10.8124322891, 17.4001960754, -36.9657897949, 45.5763702393, 158.652999878, -11.450343132, 12.1139812469], [-189.201644897, 41.0987205505, 113.570800781, 56.7071304321, 16.4110946655, 36.815486908, 13.5987014771, 8.05592155457, 43.8787536621, -7.53502225876, -11.450343132, 116.4868927, 12.1724615097], [136.753372192, -64.9239654541, -59.468711853, 8.21630382538, -2.38495898247, 2.42784070969, 0.090812034905, 26.0521602631, -7.69085121155, 16.0326042175, 12.1139812469, 12.1724615097, 98.6856384277]],
        "icov": [[0.000205261399969, -7.04704325472e-06, 0.000156622976647, -0.000434497953393, 0.000234444611124, -8.86140478542e-05, -0.000151280401042, -0.000386082043406, 0.00013951791334, 0.000220679750782, -0.000282892084215, 0.000376864307327, -8.53494275361e-05], [-7.04704325472e-06, 0.00383180915378, -0.00304047344252, 0.00142821320333, -0.00296829151921, 0.00237572472543, -0.00231666583568, 0.00378399970941, -0.00395212462172, 0.00315022771247, -0.00176760391332, 0.00224972842261, -0.00142775999848], [0.000156622976647, -0.00304047344252, 0.00367950671352, -0.00202932674438, 0.00264260964468, -0.00234186067246, 0.0025552357547, -0.00346259702928, 0.0037006624043, -0.00227475469001, 0.00158308295067, -0.00255588674918, 0.00198104348965], [-0.000434497953393, 0.00142821320333, -0.00202932674438, 0.00365681899711, -0.00253173941746, 0.000301859516185, -0.000466487981612, 0.00150974595454, -0.00257003982551, 0.000474770989968, 0.000192191218957, 0.000300339888781, -0.000790440186393], [0.000234444611124, -0.00296829151921, 0.00264260964468, -0.00253173941746, 0.00624313997105, -0.00186926615424, -0.000213336548768, -0.00343220517971, 0.00284372689202, -0.00184334767982, 0.00068276305683, -0.00119249883574, 0.00121306849178], [-8.86140478542e-05, 0.00237572472543, -0.00234186067246, 0.000301859516185, -0.00186926615424, 0.00469375774264, -0.00220961752348, 0.00178245268762, -0.00278511014767, 0.000979201169685, -0.000783560215496, 0.001188414637, -0.000806304567959], [-0.000151280401042, -0.00231666583568, 0.0025552357547, -0.000466487981612, -0.000213336548768, -0.00220961752348, 0.00691464543343, -0.00195287447423, 0.00139577151276, -0.00196905550547, 0.00107550027315, -0.00233069900423, 0.0014066924341], [-0.000386082043406, 0.00378399970941, -0.00346259702928, 0.00150974595454, -0.00343220517971, 0.00178245268762, -0.00195287447423, 0.0111945960671, -0.00583084532991, 0.00173767982051, -0.00226613273844, 0.00245540193282, -0.00302951643243], [0.00013951791334, -0.00395212462172, 0.0037006624043, -0.00257003982551, 0.00284372689202, -0.00278511014767, 0.00139577151276, -0.00583084532991, 0.0114475209266, -0.00380197865888, 0.00350797059946, -0.0045390422456, 0.00296495691873], [0.000220679750782, 0.00315022771247, -0.00227475469001, 0.000474770989968, -0.00184334767982, 0.000979201169685, -0.00196905550547, 0.00173767982051, -0.00380197865888, 0.0106237726286, -0.00407428387552, 0.00323081575334, -0.0020898131188], [-0.000282892084215, -0.00176760391332, 0.00158308295067, 0.000192191218957, 0.00068276305683, -0.000783560215496, 0.00107550027315, -0.00226613273844, 0.00350797059946, -0.00407428387552, 0.00904167629778, -0.00207856390625, 0.000881924759597], [0.000376864307327, 0.00224972842261, -0.00255588674918, 0.000300339888781, -0.00119249883574, 0.001188414637, -0.00233069900423, 0.00245540193282, -0.0045390422456, 0.00323081575334, -0.00207856390625, 0.0127240596339, -0.00350442365743], [-8.53494275361e-05, -0.00142775999848, 0.00198104348965, -0.000790440186393, 0.00121306849178, -0.000806304567959, 0.0014066924341, -0.00302951643243, 0.00296495691873, -0.0020898131188, 0.000881924759597, -0.00350442365743, 0.0123139601201]]
    },
    "melbands": {
        "dmean": [0.000291738455417, 0.000238180582528, 8.44082896947e-05, 8.9238586952e-05, 4.73471664009e-05, 6.38663041173e-05, 6.79694276187e-05, 6.23050000286e-05, 3.09003371513e-05, 6.24264357612e-05, 6.74785842421e-05, 6.85394770699e-05, 8.08859258541e-05, 3.07724694721e-05, 1.47007958731e-05, 2.34184753936e-05, 2.25802778004e-05, 1.25366723296e-05, 1.58698348969e-05, 9.65047456702e-06, 6.98952180755e-06, 5.63111552765e-06, 7.78451249062e-06, 1.67138387042e-05, 1.38433242682e-05, 5.57665407541e-06, 3.5759869661e-06, 4.18521449319e-06, 3.31997443936e-06, 1.61452703651e-06, 6.36414767996e-07, 6.36678919363e-07, 5.30204204097e-07, 3.77624331804e-07, 4.76178115605e-07, 3.94943725723e-07, 4.39511723016e-07, 4.38633492195e-07, 4.40802239154e-07, 7.05162861436e-08],
        "dmean2": [0.000489062396809, 0.00041319974116, 0.000144726582221, 0.000149635015987, 7.50382532715e-05, 0.000105708510091, 0.000109046508442, 9.78917232715e-05, 4.86598655698e-05, 9.284139378e-05, 9.82370984275e-05, 9.66910083662e-05, 0.000119357842777, 4.68237012683e-05, 2.1537684006e-05, 3.43344800058e-05, 3.27584712068e-05, 1.91327453649e-05, 2.36896466959e-05, 1.46957681864e-05, 1.07576006485e-05, 8.7931393864e-06, 1.25029946503e-05, 2.59748958342e-05, 2.07827761187e-05, 8.33983176562e-06, 5.49925289306e-06, 6.27609233561e-06, 4.98020881423e-06, 2.54331371252e-06, 9.98277300823e-07, 1.03340107671e-06, 8.84825055891e-07, 6.0209657704e-07, 7.69791199673e-07, 6.01260012445e-07, 6.67028189127e-07, 6.65710558678e-07, 6.93476692959e-07, 1.17245704701e-07],
        "dvar": [2.88465093945e-06, 1.927014182e-06, 1.83406484666e-07, 5.84185386288e-07, 6.30804706248e-08, 6.00159566488e-08, 4.78916675206e-08, 4.6666706055e-08, 8.10087463776e-09, 3.72320130282e-08, 6.06103895961e-08, 8.48613765925e-08, 1.15763413078e-07, 1.62959050698e-08, 3.4047114017e-09, 8.75497807584e-09, 5.99724536698e-09, 2.15792761438e-09, 3.17600479249e-09, 1.86832860294e-09, 6.75453859511e-10, 2.75641232061e-10, 5.56278523245e-10, 3.92859211829e-09, 2.51268938989e-09, 3.49075046646e-10, 1.54928889162e-10, 1.55574483851e-10, 1.38045283538e-10, 6.82815956554e-11, 7.30755820438e-12, 4.32698625194e-12, 4.75105415079e-12, 2.25125972551e-12, 2.41329456419e-11, 2.49403861279e-12, 2.65780561622e-12, 2.53694244431e-12, 4.80519226839e-12, 9.69168321985e-13],
        "dvar2": [8.54504105519e-06, 5.66410153624e-06, 5.42006148407e-07, 1.62508172252e-06, 1.69325616639e-07, 1.62900605005e-07, 1.22299439909e-07, 1.1157308677e-07, 1.9250311567e-08, 8.44156531343e-08, 1.19047740554e-07, 1.6388446511e-07, 2.58828521282e-07, 3.89224865671e-08, 6.54828724578e-09, 1.75059167162e-08, 1.17521468113e-08, 4.70868899427e-09, 6.465145308e-09, 4.14578771313e-09, 1.53761581245e-09, 5.75496539312e-10, 1.45301282117e-09, 8.92073614978e-09, 4.86793538812e-09, 7.03805236313e-10, 3.78202275053e-10, 3.35801025875e-10, 2.78613965232e-10, 1.44473030761e-10, 1.6514976886e-11, 1.05917236787e-11, 1.29282721681e-11, 5.37249194785e-12, 4.83514339678e-11, 5.61367142007e-12, 6.07758504981e-12, 5.72162716511e-12, 1.1177339436e-11, 2.54647908662e-12],
        "max": [0.0596381388605, 0.0528375953436, 0.0179438572377, 0.0496485903859, 0.0195840895176, 0.00512169348076, 0.00958661641926, 0.00451084738597, 0.00259520066902, 0.00786398537457, 0.00864000245929, 0.00891000591218, 0.0118201114237, 0.00513211637735, 0.00190070061944, 0.00363177596591, 0.00288271531463, 0.00146154512186, 0.0015888462076, 0.00198385398835, 0.00100550381467, 0.000744962017052, 0.00065804948099, 0.00174131861422, 0.00216767401434, 0.000625112850685, 0.000567388604395, 0.000331233895849, 0.0007147648721, 0.000519357039593, 0.000156959373271, 0.000121661134472, 0.00014167180052, 9.9880657217e-05, 0.000416517053964, 9.57893571467e-05, 8.28757401905e-05, 7.06412029103e-05, 8.26155228424e-05, 7.50740000512e-05],
        "mean": [0.000434280111222, 0.000327471934725, 0.000130591390189, 0.000147645099787, 9.04095795704e-05, 0.000108590684249, 0.000131664273795, 9.70179098658e-05, 6.34744574199e-05, 0.00017973750073, 0.000196967142983, 0.000168210855918, 0.000205013900995, 7.30157698854e-05, 3.0937626434e-05, 5.09796773258e-05, 6.17254845565e-05, 2.51703168033e-05, 2.78350162262e-05, 1.50946270878e-05, 1.2890900507e-05, 1.22475412354e-05, 1.46406891872e-05, 3.08450944431e-05, 2.48600426858e-05, 1.13285377665e-05, 7.79070160206e-06, 9.06311834115e-06, 6.69936980557e-06, 3.11158646582e-06, 1.24744792629e-06, 1.24369569221e-06, 1.03447962374e-06, 8.3968996023e-07, 9.34822992349e-07, 7.95680023202e-07, 8.14376960534e-07, 7.78208232077e-07, 6.66068160626e-07, 1.1439824732e-07],
        "median": [2.45701858148e-06, 8.88953036338e-06, 1.48493572851e-05, 2.13543280552e-05, 2.15975851461e-05, 2.15817835851e-05, 2.80854801531e-05, 2.43474569288e-05, 1.14240665425e-05, 1.45163303387e-05, 1.59415776579e-05, 1.15487400763e-05, 1.38840969157e-05, 5.32586591362e-06, 4.12214012613e-06, 4.71465182272e-06, 3.35020263265e-06, 2.79462915387e-06, 2.82412020169e-06, 1.75231514277e-06, 1.51311166974e-06, 1.47908485815e-06, 1.50525988829e-06, 1.73326498043e-06, 1.62264223036e-06, 1.24781354316e-06, 7.59729061883e-07, 7.79116703598e-07, 6.34162574897e-07, 3.24045629441e-07, 1.43424671251e-07, 1.03352952863e-07, 8.18183067963e-08, 1.03658258865e-07, 1.33526441459e-07, 1.41556640187e-07, 1.21377013329e-07, 1.48130993693e-07, 8.95301468518e-08, 1.89817539464e-09],
        "min": [6.78599292143e-24, 4.2161207505e-24, 6.79873775822e-24, 3.25795017906e-24, 4.1136165589e-24, 2.42002804199e-24, 7.89008343324e-24, 7.75174957376e-24, 1.46528057468e-23, 7.47003630046e-24, 1.24669242433e-23, 5.35507773102e-24, 9.38581183006e-24, 2.60442605352e-24, 7.85257388606e-24, 8.31147794045e-24, 4.74995594126e-24, 6.86807389862e-24, 1.07177703364e-23, 1.42828552258e-23, 1.75187484596e-23, 1.19916986568e-23, 1.15710606672e-23, 7.01794879314e-24, 3.8611767305e-24, 8.14994368175e-24, 8.31936654951e-24, 7.7181803868e-24, 8.45540719033e-24, 9.65431720523e-24, 6.84522217592e-24, 9.41907415012e-24, 8.34339998584e-24, 7.44341224491e-24, 6.67445982235e-24, 8.3060773987e-24, 7.64370008444e-24, 5.75888695094e-24, 8.22635590448e-24, 1.09049575628e-23],
        "var": [3.8242710616e-06, 2.05476862902e-06, 2.74560079561e-07, 6.85531915678e-07, 8.17646110818e-08, 1.0693898389e-07, 1.92750405859e-07, 6.74243665344e-08, 1.69854192933e-08, 1.82774527957e-07, 4.64805253841e-07, 4.45615626177e-07, 6.2699746195e-07, 6.47302087486e-08, 1.19361507345e-08, 2.36169999113e-08, 3.6275000781e-08, 6.83636214305e-09, 7.42179029345e-09, 3.06051117782e-09, 1.82130188708e-09, 8.71060723551e-10, 1.14042253418e-09, 9.14859565881e-09, 7.3079768903e-09, 1.19139298427e-09, 5.74387926111e-10, 5.00000540971e-10, 3.3218122697e-10, 1.7375080541e-10, 2.49090782722e-11, 1.51889802819e-11, 1.26092851438e-11, 9.66820547232e-12, 4.35366881435e-11, 7.33979196865e-12, 7.66316177181e-12, 7.43449486001e-12, 8.8116371838e-12, 2.97174806464e-12]
    },
    "mfcc": {
        "mean": [-731.890625, 112.286018372, -25.2603359222, 5.26701068878, -14.7319307327, -10.79799366, -3.54150295258, 4.16108751297, -12.4558858871, 5.83996725082, -11.5459442139, 3.22083830833, -9.58906841278],
        "cov": [[9627.17578125, -1323.86328125, -524.847717285, 1264.12341309, 208.143539429, 551.421875, 301.771820068, 682.265075684, 265.680938721, 848.167114258, 202.286865234, 382.530639648, -214.604736328], [-1323.86328125, 1252.78393555, 195.073226929, -33.0622138977, 28.1036167145, -87.1315078735, -28.5267238617, -43.8413963318, -48.1254959106, -181.682357788, 11.5907526016, -125.316322327, 19.1710681915], [-524.847717285, 195.073226929, 1437.14599609, 224.332366943, 298.255432129, 235.116790771, -95.1820602417, 109.712997437, 86.7364883423, -150.348632812, 116.917701721, -17.3055496216, 62.8582496643], [1264.12341309, -33.0622138977, 224.332366943, 633.703063965, 261.628723145, 228.420410156, 64.8924865723, 206.846817017, 135.482269287, 128.155578613, 78.4855194092, 88.2956924438, 35.6529197693], [208.143539429, 28.1036167145, 298.255432129, 261.628723145, 384.574188232, 173.040237427, 50.697052002, 131.612243652, 101.653160095, 60.3531608582, 51.9862823486, 34.4527740479, 60.5308799744], [551.421875, -87.1315078735, 235.116790771, 228.420410156, 173.040237427, 506.383850098, 42.4579315186, 237.121170044, 182.108276367, 83.1930999756, 184.201446533, 3.87950277328, 12.3977413177], [301.771820068, -28.5267238617, -95.1820602417, 64.8924865723, 50.697052002, 42.4579315186, 244.991012573, 11.2113857269, -14.2399835587, 95.995262146, -4.85311460495, 42.4584197998, 8.81252479553], [682.265075684, -43.8413963318, 109.712997437, 206.846817017, 131.612243652, 237.121170044, 11.2113857269, 309.17980957, 146.24256897, 77.2656936646, 114.043060303, 14.5794878006, 14.6470899582], [265.680938721, -48.1254959106, 86.7364883423, 135.482269287, 101.653160095, 182.108276367, -14.2399835587, 146.24256897, 249.260620117, 44.9190330505, 96.7886276245, 15.4234905243, 0.581703364849], [848.167114258, -181.682357788, -150.348632812, 128.155578613, 60.3531608582, 83.1930999756, 95.995262146, 77.2656936646, 44.9190330505, 254.890075684, 47.0535583496, 63.2718048096, -11.0417385101], [202.286865234, 11.5907526016, 116.917701721, 78.4855194092, 51.9862823486, 184.201446533, -4.85311460495, 114.043060303, 96.7886276245, 47.0535583496, 215.478149414, 2.8269329071, 13.8323049545], [382.530639648, -125.316322327, -17.3055496216, 88.2956924438, 34.4527740479, 3.87950277328, 42.4584197998, 14.5794878006, 15.4234905243, 63.2718048096, 2.8269329071, 156.005050659, 12.821685791], [-214.604736328, 19.1710681915, 62.8582496643, 35.6529197693, 60.5308799744, 12.3977413177, 8.81252479553, 14.6470899582, 0.581703364849, -11.0417385101, 13.8323049545, 12.821685791, 137.877319336]],
