{
"lowlevel": {
    "average_loudness": 0.0896790921688,
    "barkbands_crest": {
        "dmean": 2.3808529377,
        "dmean2": 3.83955407143,
        "dvar": 5.06107950211,
        "dvar2": 11.323554039,
        "max": 25.014169693,
        "mean": 8.89871311188,
        "median": 7.99235725403,
        "min": 2.024725914,
        "var": 14.7844591141
    },
    "barkbands_flatness_db": {
        "dmean": 0.018411455676,
        "dmean2": 0.0297363996506,
        "dvar": 0.000298076134641,
        "dvar2": 0.000687066174578,
        "max": 0.368184357882,
        "mean": 0.161188781261,
        "median": 0.159056812525,
        "min": 0.0286624915898,
        "var": 0.00119045237079
    },
    "barkbands_kurtosis": {
        "dmean": 1.84539973736,
        "dmean2": 2.9068210125,
        "dvar": 32.0417633057,
        "dvar2": 87.4912643433,
        "max": 221.231933594,
        "mean": 2.34001946449,
        "median": 0.619601964951,
        "min": -1.94112503529,
        "var": 76.6941452026
    },
    "barkbands_skewness": {
        "dmean": 0.431860297918,
        "dmean2": 0.656168878078,
        "dvar": 0.24363027513,
        "dvar2": 0.520765304565,
        "max": 13.2486944199,
        "mean": 1.07968616486,
        "median": 0.938392460346,
        "min": -2.8324637413,
        "var": 1.28338634968
    },
    "barkbands_spread": {
        "dmean": 5.27484226227,
        "dmean2": 7.99014472961,
        "dvar": 41.3723602295,
        "dvar2": 87.1336288452,
        "max": 102.609634399,
        "mean": 23.458864212,
        "median": 20.8686599731,
        "min": 1.07198381424,
        "var": 179.695327759
    },
    "dissonance": {
        "dmean": 0.0173189975321,
        "dmean2": 0.0291760265827,
        "dvar": 0.000268523202976,
        "dvar2": 0.000736000074539,
        "max": 0.500000059605,
        "mean": 0.466115087271,
        "median": 0.471392184496,
        "min": 0.302341043949,
        "var": 0.000616193457972
    },
    "dynamic_complexity": 4.91805696487,
    "erbbands_crest": {
        "dmean": 2.3447163105,
        "dmean2": 3.81043362617,
        "dvar": 4.51562690735,
        "dvar2": 11.5067672729,
        "max": 33.5573654175,
        "mean": 9.07644557953,
        "median": 8.17889213562,
        "min": 2.14008116722,
        "var": 17.5133094788
    },
    "erbbands_flatness_db": {
        "dmean": 0.0153478700668,
        "dmean2": 0.0222728960216,
        "dvar": 0.00021277354972,
        "dvar2": 0.00039525894681,
        "max": 0.346580862999,
        "mean": 0.201393172145,
        "median": 0.199707955122,
        "min": 0.0814604088664,
        "var": 0.00202260958031
    },
    "erbbands_kurtosis": {
        "dmean": 0.753426611423,
        "dmean2": 1.19919133186,
        "dvar": 1.35230314732,
        "dvar2": 3.05825948715,
        "max": 75.6180953979,
        "mean": 0.509814441204,
        "median": -0.00539398193359,
        "min": -1.7907834053,
        "var": 6.59817695618
    },
    "erbbands_skewness": {
        "dmean": 0.315171420574,
        "dmean2": 0.487050384283,
        "dvar": 0.0873549506068,
        "dvar2": 0.190302357078,
        "max": 3.70755314827,
        "mean": 0.336169779301,
        "median": 0.397067219019,
        "min": -3.71591091156,
        "var": 0.581364989281
    },
    "erbbands_spread": {
        "dmean": 6.71840667725,
        "dmean2": 10.0486288071,
        "dvar": 66.3331451416,
        "dvar2": 136.112792969,
        "max": 161.888259888,
        "mean": 35.2575950623,
        "median": 30.7513542175,
        "min": 1.45740306377,
        "var": 371.711212158
    },
    "hfc": {
        "dmean": 4.56852388382,
        "dmean2": 6.56492710114,
        "dvar": 63.3456802368,
        "dvar2": 121.351829529,
        "max": 393.507293701,
        "mean": 18.9523601532,
        "median": 11.6655702591,
        "min": 1.16833491111e-16,
        "var": 446.726654053
    },
    "melbands_crest": {
        "dmean": 3.01923298836,
        "dmean2": 4.82144021988,
        "dvar": 7.19967699051,
        "dvar2": 17.1553897858,
        "max": 36.3494262695,
        "mean": 12.3861093521,
        "median": 11.5630922318,
        "min": 1.88961994648,
        "var": 24.9987545013
    },
    "melbands_flatness_db": {
        "dmean": 0.0226320289075,
        "dmean2": 0.034416474402,
        "dvar": 0.000513769569807,
        "dvar2": 0.00104054308031,
        "max": 0.475022315979,
        "mean": 0.170236334205,
        "median": 0.167174518108,
        "min": 0.00624617841095,
        "var": 0.00268696784042
    },
    "melbands_kurtosis": {
        "dmean": 5.19320631027,
        "dmean2": 8.16485977173,
        "dvar": 299.249450684,
        "dvar2": 771.724853516,
        "max": 871.571472168,
        "mean": 9.752825737,
        "median": 3.93546152115,
        "min": -1.81237637997,
        "var": 793.056213379
    },
    "melbands_skewness": {
        "dmean": 0.599214315414,
        "dmean2": 0.917769432068,
        "dvar": 0.565588474274,
        "dvar2": 1.16002655029,
        "max": 23.3480510712,
        "mean": 2.0403676033,
        "median": 1.69990670681,
        "min": -1.95984816551,
        "var": 2.92896294594
    },
    "melbands_spread": {
        "dmean": 7.6465420723,
        "dmean2": 11.7666797638,
        "dvar": 146.857376099,
        "dvar2": 274.513244629,
        "max": 221.828323364,
        "mean": 29.193983078,
        "median": 24.0408573151,
        "min": 0.652886867523,
        "var": 501.165008545
    },
    "pitch_salience": {
        "dmean": 0.0669377818704,
        "dmean2": 0.105685293674,
        "dvar": 0.003835137235,
        "dvar2": 0.0084261810407,
        "max": 0.864903748035,
        "mean": 0.57198125124,
        "median": 0.580177366734,
        "min": 0.0950339138508,
        "var": 0.0153739536181
    },
    "silence_rate_20dB": {
        "dmean": 0,
        "dmean2": 0,
        "dvar": 0,
        "dvar2": 0,
        "max": 1,
        "mean": 1,
        "median": 1,
        "min": 1,
        "var": 0
    },
    "silence_rate_30dB": {
        "dmean": 0.00117670127656,
        "dmean2": 0.00235363352112,
        "dvar": 0.00117489043623,
        "dvar2": 0.00313281896524,
        "max": 1,
        "mean": 0.995685875416,
        "median": 1,
        "min": 0,
        "var": 0.00429599219933
    },
    "silence_rate_60dB": {
        "dmean": 0.0270641297102,
        "dmean2": 0.0541335679591,
        "dvar": 0.0263316631317,
        "dvar2": 0.0610089823604,
        "max": 1,
        "mean": 0.240709871054,
        "median": 0,
        "min": 0,
        "var": 0.182801634073
    },
    "spectral_centroid": {
        "dmean": 221.803268433,
        "dmean2": 342.561645508,
        "dvar": 81051.1171875,
        "dvar2": 164350.640625,
        "max": 11636.078125,
        "mean": 1549.08679199,
        "median": 1444.66027832,
        "min": 188.607467651,
        "var": 433509.84375
    },
    "spectral_complexity": {
        "dmean": 2.58795833588,
        "dmean2": 4.16691160202,
        "dvar": 8.71460914612,
        "dvar2": 19.9076061249,
        "max": 62,
        "mean": 14.9447002411,
        "median": 15,
        "min": 0,
        "var": 75.1566390991
    },
    "spectral_decrease": {
        "dmean": 1.4382167679e-09,
        "dmean2": 2.16180340296e-09,
        "dvar": 7.41704731135e-18,
        "dvar2": 1.88268176845e-17,
        "max": 3.23487769866e-29,
        "mean": -4.88557727607e-09,
        "median": -3.36956196278e-09,
        "min": -1.02569231331e-07,
        "var": 2.85696867745e-17
    },
    "spectral_energy": {
        "dmean": 0.00570677453652,
        "dmean2": 0.00855908542871,
        "dvar": 0.000110472654342,
        "dvar2": 0.000278023042483,
        "max": 0.408343583345,
        "mean": 0.0201583020389,
        "median": 0.0142511669546,
        "min": 1.08504883708e-20,
        "var": 0.000458053866168
    },
    "spectral_energyband_high": {
        "dmean": 0.000370645575458,
        "dmean2": 0.000525503477547,
        "dvar": 8.74432089404e-07,
        "dvar2": 1.65666199337e-06,
        "max": 0.0338437631726,
        "mean": 0.000831480952911,
        "median": 0.000279503903585,
        "min": 8.12386115712e-21,
        "var": 3.30325451614e-06
    },
    "spectral_energyband_low": {
        "dmean": 0.00361933116801,
        "dmean2": 0.00558209139854,
        "dvar": 8.36180552142e-05,
        "dvar2": 0.000223558701691,
        "max": 0.302493989468,
        "mean": 0.00644830893725,
        "median": 0.00137323094532,
        "min": 3.78268207275e-23,
        "var": 0.000167500344105
    },
    "spectral_energyband_middle_high": {
        "dmean": 0.00141347292811,
        "dmean2": 0.00206311140209,
        "dvar": 5.91330945099e-06,
        "dvar2": 1.207243713e-05,
        "max": 0.0625196620822,
        "mean": 0.00576988467947,
        "median": 0.00208756211214,
        "min": 1.33310606542e-21,
        "var": 5.60713087907e-05
    },
    "spectral_energyband_middle_low": {
        "dmean": 0.00279823690653,
        "dmean2": 0.0043674679473,
        "dvar": 3.10363466269e-05,
        "dvar2": 8.11438003439e-05,
        "max": 0.284937888384,
        "mean": 0.00791424885392,
        "median": 0.00528242532164,
        "min": 3.41729116779e-22,
        "var": 8.74680627021e-05
    },
    "spectral_entropy": {
        "dmean": 0.119715005159,
        "dmean2": 0.178808689117,
        "dvar": 0.0152269713581,
        "dvar2": 0.0325134843588,
        "max": 9.8092212677,
        "mean": 7.6299829483,
        "median": 7.64104795456,
        "min": 6.48943853378,
        "var": 0.102122657001
    },
    "spectral_flux": {
        "dmean": 0.0186715666205,
        "dmean2": 0.0297967735678,
        "dvar": 0.000494289910421,
        "dvar2": 0.00114512722939,
        "max": 0.457948356867,
        "mean": 0.0673507601023,
        "median": 0.0599856227636,
        "min": 6.85801693212e-11,
        "var": 0.00205798773095
    },
    "spectral_kurtosis": {
        "dmean": 1.52810180187,
        "dmean2": 2.63804316521,
        "dvar": 2.54549574852,
        "dvar2": 7.40449380875,
        "max": 16.9560546875,
        "mean": 2.75290489197,
        "median": 2.22821235657,
        "min": -1.35784459114,
        "var": 5.99030399323
    },
    "spectral_rms": {
        "dmean": 0.000561747874599,
        "dmean2": 0.000816731073428,
        "dvar": 5.03168905652e-07,
        "dvar2": 9.80731101663e-07,
        "max": 0.0199595578015,
        "mean": 0.00384475290775,
        "median": 0.00372875016183,
        "min": 3.25358902147e-12,
        "var": 4.88450177727e-06
    },
    "spectral_rolloff": {
        "dmean": 474.387969971,
        "dmean2": 763.916870117,
        "dvar": 749955.8125,
        "dvar2": 1501282,
        "max": 18647.7539062,
        "mean": 1826.30786133,
        "median": 1507.32421875,
        "min": 43.06640625,
        "var": 2273092
    },
    "spectral_skewness": {
        "dmean": 0.209552615881,
        "dmean2": 0.341225862503,
        "dvar": 0.0376226194203,
        "dvar2": 0.0942761972547,
        "max": 2.91554641724,
        "mean": 1.19031345844,
        "median": 1.19347810745,
        "min": -0.401481717825,
        "var": 0.185821145773
    },
    "spectral_spread": {
        "dmean": 366680,
        "dmean2": 534308.5,
        "dvar": 263250788352,
        "dvar2": 466147311616,
        "max": 39988692,
        "mean": 3937044,
        "median": 3783436.75,
        "min": 1764997,
        "var": 1.5179907072e+12
    },
    "spectral_strongpeak": {
        "dmean": 0.539411127567,
        "dmean2": 0.913770794868,
        "dvar": 1.00346767902,
        "dvar2": 2.45972681046,
        "max": 20.4069023132,
        "mean": 1.11605703831,
        "median": 0.502578914165,
        "min": 0,
        "var": 2.46032047272
    },
    "zerocrossingrate": {
        "dmean": 0.00987167935818,
        "dmean2": 0.0111586898565,
        "dvar": 0.000192785664694,
        "dvar2": 0.000176696121343,
        "max": 0.65087890625,
        "mean": 0.0679775699973,
        "median": 0.06103515625,
        "min": 0.00634765625,
        "var": 0.00143628171645
    },
    "barkbands": {
        "dmean": [9.385040903e-05, 0.0025718503166, 0.00142472190782, 0.000734336965252, 0.000662120815832, 0.000496853259392, 0.000647910812404, 0.000910662463866, 0.000717416172847, 0.000689948094077, 0.000404885853641, 0.000323283282341, 0.000212191720493, 0.000291123375064, 0.000220175090362, 0.000178632355528, 0.000186423480045, 0.00020183021843, 0.000126645521959, 9.39354576985e-05, 8.47843839438e-05, 0.000115778675536, 0.000104138001916, 9.33255141717e-05, 1.41713962876e-05, 3.15442804322e-07, 8.15231993023e-10],
        "dmean2": [0.000157685368322, 0.00383988535032, 0.00203960086219, 0.00129700300749, 0.00107526197098, 0.000781125330832, 0.000999844749458, 0.00141825189348, 0.00110067520291, 0.00106841558591, 0.000617175013758, 0.000510076759383, 0.000329599686665, 0.000444343342679, 0.000339171965607, 0.000273447716609, 0.000286283699097, 0.000316658581141, 0.000193561470951, 0.000150603926159, 0.000133396271849, 0.000178194313776, 0.00015288751456, 0.0001366326469, 2.30427558563e-05, 4.91735647756e-07, 1.50580370395e-09],
        "dvar": [9.4866567224e-07, 5.33415586688e-05, 1.32627319545e-05, 4.91123910251e-06, 1.16718165373e-05, 1.10819985366e-06, 1.72983220637e-06, 5.39290476809e-06, 3.52873144038e-06, 2.48135688707e-06, 1.26737518258e-06, 8.33510227949e-07, 3.06221949131e-07, 5.38989354482e-07, 3.33275494313e-07, 1.69079029888e-07, 1.86048097817e-07, 2.07505593153e-07, 1.03530297224e-07, 5.56410313379e-08, 7.86116558515e-08, 1.27675434669e-07, 9.86073587228e-08, 9.50512486497e-08, 1.07496731516e-08, 2.88360845618e-11, 2.01010162127e-18],
        "dvar2": [2.67408540822e-06, 0.000147650629515, 2.71488024737e-05, 1.39057819979e-05, 3.13022501359e-05, 2.75502270597e-06, 3.97456506107e-06, 1.31352599055e-05, 8.35633909446e-06, 5.59329509997e-06, 2.85905139208e-06, 2.01788088816e-06, 6.94389939326e-07, 1.18182288134e-06, 7.30841065888e-07, 3.69322918914e-07, 3.94700833795e-07, 5.11737141551e-07, 2.06046607332e-07, 1.28327457105e-07, 1.69498534319e-07, 2.86575442487e-07, 1.98853669531e-07, 2.01062988481e-07, 2.54201193428e-08, 6.15750853084e-11, 6.42593604501e-18],
        "max": [0.0327659100294, 0.261054843664, 0.0721552222967, 0.0485501885414, 0.247546046972, 0.0396623015404, 0.0300431288779, 0.05433639884, 0.0458573140204, 0.0332572720945, 0.0280951298773, 0.0216883625835, 0.0152432341129, 0.0206420570612, 0.0206483788788, 0.0119680017233, 0.0137344524264, 0.0114687690511, 0.0110988840461, 0.0070816911757, 0.0143956542015, 0.0136845456436, 0.0139095233753, 0.00712379347533, 0.00842700246722, 0.00031297665555, 2.09567456722e-08],
        "mean": [0.000111469162221, 0.00395709322765, 0.00193700927775, 0.00074769166531, 0.00110959820449, 0.000997825991362, 0.00125692680012, 0.00169486622326, 0.00147725595161, 0.001394387451, 0.000788316130638, 0.000600496830884, 0.00042702013161, 0.000577369122766, 0.000448903592769, 0.000415903021349, 0.000442648422904, 0.000522431917489, 0.000307043024804, 0.000207116827369, 0.000153655491886, 0.000208712808671, 0.000191650135093, 0.000160870215041, 2.16226071643e-05, 4.47144287818e-07, 7.56716522776e-10],
        "median": [8.04438059276e-06, 0.000484409218188, 0.000285591115244, 0.000193320738617, 0.000422205863288, 0.000497107510455, 0.000443145865574, 0.000421083066612, 0.000265899026999, 0.000292855955195, 0.000147869242937, 0.000138191040605, 8.18905245978e-05, 0.000129350300995, 8.72183882166e-05, 0.000107431973447, 0.000112792382424, 0.000115451475722, 9.4163850008e-05, 5.31963705726e-05, 4.90609490953e-05, 5.97538164584e-05, 5.7077191741e-05, 3.9836326323e-05, 2.33612945522e-06, 2.53864207433e-10, 2.63754740271e-10],
        "min": [4.44060748994e-25, 1.06193899152e-23, 5.13330960347e-24, 4.22720424621e-23, 2.47272615927e-23, 4.50225984903e-23, 8.28124216413e-23, 4.9168687325e-23, 4.04122681682e-23, 3.12491028623e-23, 2.79562522935e-23, 2.59827116353e-23, 4.02833619854e-23, 8.75603608597e-23, 1.31208470197e-22, 1.53180051321e-22, 1.21075924212e-22, 1.50423178095e-22, 2.46523248554e-22, 2.45054907041e-22, 3.74561103757e-22, 5.27731789722e-22, 4.96191590874e-22, 1.00372096836e-21, 1.37745322543e-21, 1.51197993489e-21, 2.31823182782e-21],
        "var": [1.24859900552e-06, 8.50747019285e-05, 2.13803505176e-05, 4.09368976761e-06, 1.57354133989e-05, 2.30233308685e-06, 4.2523920456e-06, 1.24675589177e-05, 1.29266309159e-05, 8.97294376045e-06, 4.23343135481e-06, 2.04157686312e-06, 1.20226820854e-06, 1.74540571152e-06, 1.18934383408e-06, 7.32862588393e-07, 8.23805919481e-07, 1.14145416319e-06, 4.48467801561e-07, 2.38048727397e-07, 1.98501282966e-07, 2.91773517347e-07, 2.34464081927e-07, 2.23737870897e-07, 3.72643995661e-08, 5.52172717272e-11, 1.62627306664e-18]
    },
    "erbbands": {
        "dmean": [0.053479604423, 0.652224242687, 1.59288525581, 2.17693543434, 1.92265367508, 2.45126485825, 3.43175292015, 4.03234672546, 8.16697883606, 15.4804191589, 16.0370006561, 15.5989742279, 22.9736366272, 15.1919527054, 14.8221645355, 12.2563962936, 9.72106170654, 13.0256576538, 10.7902441025, 10.8323040009, 7.28319501877, 9.44306945801, 10.8288612366, 6.86144018173, 5.39695882797, 4.43689632416, 3.18406701088, 3.58395981789, 4.39567518234, 3.41060829163, 3.04090046883, 2.09736967087, 1.49172818661, 0.294500827789, 0.0277987569571, 0.0034860491287, 0.000126440863824, 1.20944523587e-05, 4.84097245135e-06, 7.074160294e-06],
        "dmean2": [0.0833891630173, 0.96843367815, 2.29250764847, 3.6292591095, 3.2301466465, 3.97324919701, 5.32769823074, 6.40985870361, 12.8251600266, 23.9575958252, 24.7474117279, 23.6814250946, 35.1512031555, 23.6027545929, 22.5293426514, 19.2853393555, 15.070854187, 19.9205856323, 16.5881271362, 16.7539386749, 10.9219446182, 14.2515459061, 16.8071689606, 10.5421257019, 8.27613449097, 7.15182542801, 5.14967060089, 5.47723340988, 6.81815433502, 5.02857208252, 4.50978899002, 3.10996246338, 2.21489214897, 0.453764468431, 0.04054684937, 0.00515342969447, 0.000185110140592, 1.72001218743e-05, 7.01241515344e-06, 1.05261487988e-05],
        "dvar": [0.0668054148555, 2.91369509697, 16.3606243134, 39.0332298279, 57.2710151672, 261.139343262, 59.0474777222, 89.0281524658, 274.787994385, 1367.66064453, 2114.00756836, 1989.16137695, 2836.79223633, 1745.14978027, 1890.95239258, 1172.77990723, 612.333557129, 1209.96032715, 804.46661377, 688.325927734, 272.742095947, 461.50592041, 688.821228027, 268.704040527, 191.66734314, 130.093658447, 141.779647827, 114.510269165, 188.501342773, 130.57359314, 100.375236511, 44.405544281, 28.9072647095, 2.65162754059, 0.272851914167, 0.00398546410725, 2.30763657783e-06, 6.14597528426e-09, 1.56008359009e-10, 1.50509563146e-10],
        "dvar2": [0.208356335759, 7.78619194031, 36.6985626221, 105.155250549, 166.55569458, 654.98840332, 143.521575928, 227.452148438, 650.192871094, 3234.25732422, 4903.68359375, 4731.91943359, 6391.66503906, 4341.52832031, 4402.11425781, 2886.19482422, 1412.44311523, 2600.76586914, 1899.40869141, 1553.07922363, 558.733093262, 992.713256836, 1736.23657227, 576.512878418, 370.066894531, 323.147705078, 324.698242188, 240.114181519, 431.944061279, 273.539489746, 205.557952881, 99.0545959473, 62.7564125061, 6.31210374832, 0.631243526936, 0.00869004614651, 5.00350779475e-06, 1.3556864964e-08, 3.37539191042e-10, 3.66143837471e-10],
        "max": [9.18960952759, 63.1299476624, 100.728164673, 109.259895325, 417.61050415, 1357.20239258, 358.817047119, 291.873291016, 491.169219971, 671.341918945, 1504.06347656, 1355.06079102, 1285.70288086, 1150.83349609, 1256.15356445, 1010.33325195, 774.230651855, 1231.31091309, 1456.45544434, 961.508361816, 500.11340332, 714.708679199, 708.757019043, 738.469604492, 476.672607422, 326.843933105, 649.372558594, 341.038696289, 620.079711914, 524.437194824, 575.63092041, 167.410964966, 153.053146362, 108.292037964, 50.7056541443, 7.42779588699, 0.167523995042, 0.00841539446265, 0.00100460101385, 0.000533979735337],
        "mean": [0.0796049758792, 0.994454085827, 2.43244123459, 2.48217129707, 2.64509129524, 3.91412496567, 6.63001823425, 7.93361186981, 15.6012334824, 28.9147338867, 33.5000076294, 34.7501831055, 49.3308486938, 32.6075897217, 31.5877742767, 25.3598155975, 22.8052444458, 27.6324329376, 24.5812187195, 27.4365997314, 19.4342765808, 25.4887828827, 31.3989830017, 17.230594635, 13.9327764511, 10.8131484985, 5.75828933716, 6.60273075104, 7.70485401154, 6.20640707016, 5.46647787094, 3.70355772972, 2.40980291367, 0.474723786116, 0.0626408681273, 0.00779791688547, 0.00027002490242, 2.7118707294e-05, 1.63435161085e-05, 2.59329262917e-05],
        "median": [0.0093126995489, 0.107705518603, 0.331850200891, 0.720883011818, 0.812280535698, 1.36193060875, 3.12953233719, 3.43179297447, 6.05059719086, 8.25369739532, 9.28493690491, 7.04426622391, 10.407459259, 7.14667463303, 6.8355846405, 6.47179746628, 5.07624483109, 6.66957902908, 5.90616893768, 6.07531785965, 5.68135643005, 6.9430065155, 6.46835279465, 6.22107887268, 3.83889365196, 2.73895001411, 2.01821255684, 2.0368475914, 2.2154815197, 1.76307463646, 1.61331284046, 1.09161269665, 0.494632035494, 0.0711967051029, 0.00191402435303, 0.000142531091115, 2.94259807561e-05, 7.65408640291e-06, 1.10188620965e-05, 1.92666557268e-05],
        "min": [3.48253160548e-22, 2.22447546942e-21, 5.22990960349e-21, 7.68718330291e-20, 1.03278527184e-19, 4.78404947902e-20, 3.12299351932e-19, 2.83995738762e-19, 6.84449253689e-19, 8.10570308865e-19, 1.18131886327e-18, 9.51058974294e-19, 9.82859932943e-19, 1.55187923408e-18, 6.31160986158e-19, 1.34839849026e-18, 1.90134970459e-18, 3.85032516014e-18, 6.71105734394e-18, 6.44846968566e-18, 9.04314294775e-18, 8.72271137642e-18, 7.7051931962e-18, 1.08085978378e-17, 1.46687494901e-17, 1.479425595e-17, 1.48092378453e-17, 1.66325242407e-17, 1.67002140846e-17, 1.61388132203e-17, 1.40930350925e-17, 1.8346502027e-17, 1.65302069621e-17, 1.31097696342e-17, 1.07680022949e-17, 5.63582594519e-18, 3.13106928364e-18, 1.06581508484e-18, 2.88020825472e-19, 3.54465730225e-20],
        "var": [0.0830361992121, 4.6002907753, 29.0165939331, 35.1998443604, 76.3389205933, 338.164398193, 122.632896423, 179.845657349, 642.685974121, 2958.73144531, 6435.03466797, 8814.76367188, 10836.1474609, 6175.11230469, 6277.33642578, 3191.91381836, 2880.9831543, 4055.56396484, 2936.87036133, 3992.30151367, 1276.09594727, 2249.19775391, 4620.58837891, 1129.97436523, 998.987426758, 751.462524414, 285.145385742, 295.932067871, 383.833831787, 304.315155029, 215.05696106, 92.891242981, 64.7139663696, 7.34635829926, 1.21342420578, 0.0170206855983, 1.02021349448e-05, 2.87634271956e-08, 7.85545184456e-10, 7.34007132852e-10]
    },
    "gfcc": {
        "mean": [-52.737247467, 119.340805054, -167.052047729, 50.4774513245, -82.5249481201, 20.4218883514, -30.4020652771, -1.43405461311, 4.44488525391, -22.6118373871, 8.72409343719, -18.7114105225, 2.13340115547],
        "cov": [[7070.46777344, -221.204223633, 639.335876465, 824.760742188, -210.338012695, 138.191497803, -35.5401344299, 252.327667236, 140.917739868, -20.5344352722, 81.0004196167, 73.582649231, -160.706161499], [-221.204223633, 924.253295898, 132.544311523, -1.8115426302, 283.64151001, -65.189743042, 158.852233887, -18.8735389709, 127.458816528, -58.3183479309, 104.425552368, -41.8159637451, -2.72537899017], [639.335876465, 132.544311523, 1146.93371582, 613.452880859, 62.5444145203, 283.085083008, 3.61202478409, 96.7423171997, 6.51354980469, 160.863677979, 19.1238822937, 53.4929962158, -17.8255329132], [824.760742188, -1.8115426302, 613.452880859, 592.50201416, 89.328994751, 118.477508545, -8.45079421997, 73.7660522461, 29.4702301025, 73.6353302002, -8.90654468536, 31.0225849152, -4.19225263596], [-210.338012695, 283.64151001, 62.5444145203, 89.328994751, 311.866668701, 64.318145752, 110.18372345, 71.3555755615, 58.2525253296, -10.2145271301, 16.6882953644, -14.5119934082, 12.8263301849], [138.191497803, -65.189743042, 283.085083008, 118.477508545, 64.318145752, 333.518280029, 122.207580566, 72.0950469971, -20.3458328247, 64.2316055298, 18.0358848572, 2.10644006729, -13.6011152267], [-35.5401344299, 158.852233887, 3.61202478409, -8.45079421997, 110.18372345, 122.207580566, 218.630859375, 56.1512718201, 33.0336990356, 2.23498249054, 40.5872573853, -9.07962322235, -20.256477356], [252.327667236, -18.8735389709, 96.7423171997, 73.7660522461, 71.3555755615, 72.0950469971, 56.1512718201, 155.928268433, 57.6822891235, 33.6747436523, 16.8231372833, 13.5371952057, 3.65232467651], [140.917739868, 127.458816528, 6.51354980469, 29.4702301025, 58.2525253296, -20.3458328247, 33.0336990356, 57.6822891235, 140.980133057, 15.0751066208, 21.0229587555, 4.96527242661, 1.75956189632], [-20.5344352722, -58.3183479309, 160.863677979, 73.6353302002, -10.2145271301, 64.2316055298, 2.23498249054, 33.6747436523, 15.0751066208, 111.7707901, 27.8092708588, 19.3585910797, 14.4958267212], [81.0004196167, 104.425552368, 19.1238822937, -8.90654468536, 16.6882953644, 18.0358848572, 40.5872573853, 16.8231372833, 21.0229587555, 27.8092708588, 103.824417114, 31.742603302, 0.0433495827019], [73.582649231, -41.8159637451, 53.4929962158, 31.0225849152, -14.5119934082, 2.10644006729, -9.07962322235, 13.5371952057, 4.96527242661, 19.3585910797, 31.742603302, 74.0351486206, 22.3115386963], [-160.706161499, -2.72537899017, -17.8255329132, -4.19225263596, 12.8263301849, -13.6011152267, -20.256477356, 3.65232467651, 1.75956189632, 14.4958267212, 0.0433495827019, 22.3115386963, 71.7896499634]],
        "icov": [[0.000237943721004, -0.000118307529192, 0.000199199290364, -0.000544373178855, 0.000492308696266, -0.000207600358408, 0.000182920775842, -0.000476621440612, -0.000116830626212, 0.000395145994844, -0.000225261523155, -0.000145536148921, 0.000462849071482], [-0.000118307529192, 0.00520107615739, -0.00361535442062, 0.00259639881551, -0.00386697915383, 0.00344089511782, -0.00311912060715, 0.00373854232021, -0.00341737410054, 0.00413249293342, -0.00557277165353, 0.00505736563355, -0.0028600662481], [0.000199199290364, -0.00361535442062, 0.00528119923547, -0.00433361670002, 0.00284797605127, -0.00384857994504, 0.00292544206604, -0.0026242963504, 0.00242040771991, -0.00428843684494, 0.00359719898552, -0.00428884988651, 0.00322528765537], [-0.000544373178855, 0.00259639881551, -0.00433361670002, 0.00650180410594, -0.00364816957153, 0.00247916090302, -0.00143789988942, 0.0021981918253, -0.00167829403654, 0.00123403093312, -0.00103669101372, 0.00188964058179, -0.00200717197731], [0.000492308696266, -0.00386697915383, 0.00284797605127, -0.00364816957153, 0.00852457340807, -0.00289562600665, 0.000453847897006, -0.00450819730759, 0.00111930340063, -0.000404996739235, 0.00280035613105, -0.00184817856643, 0.000362201535609], [-0.000207600358408, 0.00344089511782, -0.00384857994504, 0.00247916090302, -0.00289562600665, 0.00838514231145, -0.00544665148482, 0.00119348766748, 0.000194456617464, 0.000589493603911, -0.00279614771716, 0.00381714734249, -0.00194496894255], [0.000182920775842, -0.00311912060715, 0.00292544206604, -0.00143789988942, 0.000453847897006, -0.00544665148482, 0.0104575473815, -0.00322032114491, 0.000782590825111, -0.00125244713854, 0.000579557032324, -0.00250216736458, 0.00394609197974], [-0.000476621440612, 0.00373854232021, -0.0026242963504, 0.0021981918253, -0.00450819730759, 0.00119348766748, -0.00322032114491, 0.0129506718367, -0.00545316422358, 0.000658575212583, -0.00273094163276, 0.00203173863702, -0.00261334935203], [-0.000116830626212, -0.00341737410054, 0.00242040771991, -0.00167829403654, 0.00111930340063, 0.000194456617464, 0.000782590825111, -0.00545316422358, 0.012288838625, -0.00470656575635, 0.0030067039188, -0.00305080949329, 0.00204233080149], [0.000395145994844, 0.00413249293342, -0.00428843684494, 0.00123403093312, -0.000404996739235, 0.000589493603911, -0.00125244713854, 0.000658575212583, -0.00470656575635, 0.0186367500573, -0.00877905171365, 0.00496875820681, -0.00534091051668], [-0.000225261523155, -0.00557277165353, 0.00359719898552, -0.00103669101372, 0.00280035613105, -0.00279614771716, 0.000579557032324, -0.00273094163276, 0.0030067039188, -0.00877905171365, 0.0203048940748, -0.011944311671, 0.00478811422363], [-0.000145536148921, 0.00505736563355, -0.00428884988651, 0.00188964058179, -0.00184817856643, 0.00381714734249, -0.00250216736458, 0.00203173863702, -0.00305080949329, 0.00496875820681, -0.011944311671, 0.0245213266462, -0.00938667729497], [0.000462849071482, -0.0028600662481, 0.00322528765537, -0.00200717197731, 0.000362201535609, -0.00194496894255, 0.00394609197974, -0.00261334935203, 0.00204233080149, -0.00534091051668, 0.00478811422363, -0.00938667729497, 0.0202967431396]]
    },
    "melbands": {
        "dmean": [0.00060866959393, 0.000817197491415, 0.00035433244193, 0.000152171196532, 0.000113494737889, 9.71347617451e-05, 0.000120330383652, 0.000179948241566, 0.000129977532197, 0.000101103993075, 0.00011586722394, 6.43136518192e-05, 5.37381529284e-05, 3.37674973707e-05, 3.05614084937e-05, 2.07374250749e-05, 2.76871815004e-05, 1.95044922293e-05, 1.69049781107e-05, 1.41486689245e-05, 9.18904606806e-06, 1.09225302367e-05, 1.30346834339e-05, 8.01159785624e-06, 6.15651151747e-06, 4.51372125099e-06, 4.01839815822e-06, 2.9174213978e-06, 1.83833810752e-06, 2.47863044933e-06, 2.1917144295e-06, 2.66429310614e-06, 2.47821822086e-06, 1.89887362012e-06, 1.93705227503e-06, 1.55711029493e-06, 1.25969347664e-06, 1.15334751172e-06, 7.89721639194e-07, 9.14556608222e-08],
        "dmean2": [0.000920013641007, 0.00119700597133, 0.000576180464122, 0.000252506113611, 0.000176821151399, 0.000153881846927, 0.000188673278899, 0.00027925617178, 0.000200385358767, 0.000153627246618, 0.000177121793968, 0.000100058670796, 8.1393372966e-05, 5.26192270627e-05, 4.84809752379e-05, 3.13694581564e-05, 4.22828125011e-05, 3.01036689052e-05, 2.61973582383e-05, 2.19421999645e-05, 1.39906578625e-05, 1.67503148987e-05, 1.9967172193e-05, 1.26116565298e-05, 9.56032090471e-06, 6.83225835019e-06, 6.45825411993e-06, 4.74352964375e-06, 2.98898385154e-06, 4.07679135606e-06, 3.35604295287e-06, 4.25392090619e-06, 3.87745240005e-06, 2.804776841e-06, 2.94264759759e-06, 2.34537355936e-06, 1.90971240954e-06, 1.74058902758e-06, 1.20716879337e-06, 1.543389061e-07],
        "dvar": [4.09570202464e-06, 3.88862827094e-06, 9.33622288812e-07, 7.54419374971e-07, 1.07749379197e-07, 4.4935671184e-08, 5.67691742503e-08, 1.90869442918e-07, 1.41789584518e-07, 8.34690823126e-08, 7.18918258258e-08, 3.10447099139e-08, 2.41332021034e-08, 1.00843946527e-08, 6.87688928025e-09, 3.14150883085e-09, 5.69871350109e-09, 2.88948687199e-09, 2.06795114366e-09, 1.16654386151e-09, 4.82292317194e-10, 7.28352433921e-10, 9.12384778839e-10, 3.02112279638e-10, 2.47643627826e-10, 1.61257160403e-10, 1.10351651428e-10, 6.14852335712e-11, 3.7939949793e-11, 9.63138110932e-11, 5.08608745398e-11, 8.50928841278e-11, 6.00587982125e-11, 3.8359922877e-11, 5.57345211649e-11, 1.94094497419e-11, 1.87917546107e-11, 1.75386146578e-11, 1.01824729204e-11, 1.64427065713e-12],
        "dvar2": [1.20209688248e-05, 9.74257909547e-06, 2.46555714511e-06, 2.04120442504e-06, 2.68824805971e-07, 1.12945059527e-07, 1.33088164489e-07, 4.60103223077e-07, 3.23278413816e-07, 1.97458817297e-07, 1.61772234719e-07, 7.65208838516e-08, 5.53951764459e-08, 2.4459863468e-08, 1.65461084833e-08, 6.95405510953e-09, 1.21394965191e-08, 6.84047529731e-09, 4.57737492354e-09, 2.68283217864e-09, 1.01113106776e-09, 1.62894564504e-09, 2.06312722462e-09, 7.66870289493e-10, 5.41802769316e-10, 3.08692654771e-10, 2.4739668647e-10, 1.54580584444e-10, 9.09600589294e-11, 2.09125633477e-10, 1.09743408805e-10, 2.06452799301e-10, 1.39397937637e-10, 7.96920099355e-11, 1.15491331776e-10, 4.48472058101e-11, 4.25846545526e-11, 3.99077229596e-11, 2.16196609226e-11, 4.40093404427e-12],
        "max": [0.0682295560837, 0.0578172169626, 0.0189614370465, 0.0596134439111, 0.0237782150507, 0.0060263951309, 0.00619812821969, 0.00938774831593, 0.0117746759206, 0.00907596200705, 0.00637468229979, 0.00486968038604, 0.0045005325228, 0.00269398232922, 0.00213004508987, 0.00195831037126, 0.00266401353292, 0.00265175895765, 0.00173824629746, 0.00115206791088, 0.000815738225356, 0.00105398637243, 0.000913968018722, 0.000412765220972, 0.000726108148228, 0.000483025127323, 0.000288020266453, 0.000218088287511, 0.000238960667048, 0.00062456127489, 0.00025488663232, 0.000460292503703, 0.00026864928077, 0.000256559986155, 0.000487643992528, 0.000111815752462, 0.000111814959382, 0.000118068543088, 0.000109925131255, 0.000104690545413],
        "mean": [0.000926286797039, 0.00135172356386, 0.000438206508989, 0.000228200733545, 0.000222838192713, 0.000195142187295, 0.000233784739976, 0.000327226065565, 0.000271041411906, 0.000216765285586, 0.000241381989326, 0.000128666535602, 0.000110409171612, 6.55937255942e-05, 6.26079709036e-05, 4.29402098234e-05, 5.35656363354e-05, 3.99281780119e-05, 3.61457387044e-05, 3.38398458553e-05, 2.13210350921e-05, 2.53994749073e-05, 3.34692340402e-05, 2.03588206205e-05, 1.35335067171e-05, 1.07542491605e-05, 8.77904039953e-06, 6.58180942992e-06, 3.05536764245e-06, 3.97702842747e-06, 3.70746897715e-06, 4.35917581854e-06, 4.07245806855e-06, 3.25061228068e-06, 3.26407030116e-06, 2.73499222203e-06, 2.04616526389e-06, 1.75861339358e-06, 1.20708659779e-06, 1.45137292407e-07],
        "median": [0.000114719841804, 0.000181896903086, 0.000143945057062, 7.69333564676e-05, 0.000106737417809, 8.67435155669e-05, 9.08004731173e-05, 8.56067345012e-05, 6.7993569246e-05, 3.77917640435e-05, 4.73864092783e-05, 2.57441970462e-05, 2.23414699576e-05, 1.5249000171e-05, 1.42356329889e-05, 8.72775581229e-06, 1.17450008474e-05, 9.15445707506e-06, 7.30813371774e-06, 7.31232466933e-06, 6.22042080067e-06, 6.68917118674e-06, 6.14264718024e-06, 4.95575113746e-06, 4.79017398902e-06, 2.57062538367e-06, 2.24446716857e-06, 1.51088852363e-06, 1.06559002688e-06, 1.27247574255e-06, 1.01348496173e-06, 1.2288128346e-06, 1.10258656605e-06, 8.89652767455e-07, 9.3017160907e-07, 8.09166635918e-07, 5.52182996216e-07, 3.48683016682e-07, 2.06940171665e-07, 6.84703715947e-09],
        "min": [3.0873097045e-24, 2.48212224207e-24, 1.6340690405e-23, 6.3497678292e-24, 8.46650409669e-24, 7.14877585225e-24, 1.33184806578e-23, 7.56414582873e-24, 8.54890298482e-24, 5.94689025402e-24, 4.58005423494e-24, 6.15068024154e-24, 2.61948639428e-24, 2.60327116116e-24, 4.95612710543e-24, 2.99454538129e-24, 6.57832804915e-24, 1.05132368474e-23, 1.00051362716e-23, 1.00313090987e-23, 9.87147325749e-24, 9.20560996689e-24, 6.46303129468e-24, 7.45722993252e-24, 8.5755830495e-24, 1.01089732436e-23, 8.79679463568e-24, 1.00851078347e-23, 8.35925214573e-24, 7.39652866359e-24, 1.07992975332e-23, 9.21168656245e-24, 8.85576041062e-24, 8.51036239643e-24, 7.3287237022e-24, 8.99336615148e-24, 1.26281642569e-23, 1.10086959273e-23, 1.15320964605e-23, 1.09321661643e-23],
        "var": [6.0698703237e-06, 7.45433044358e-06, 1.02461456208e-06, 9.67534901974e-07, 1.88887312902e-07, 9.92644189068e-08, 1.38154021556e-07, 3.88252630046e-07, 4.65071991584e-07, 3.52344756038e-07, 2.756830213e-07, 1.04195379436e-07, 8.34452933418e-08, 2.52877789819e-08, 2.14029203249e-08, 1.23146923769e-08, 1.78221331026e-08, 9.67731317303e-09, 7.29713578451e-09, 6.08425487769e-09, 1.83211956717e-09, 2.84156276287e-09, 5.3223785379e-09, 1.59855884085e-09, 9.248286581e-10, 6.75196232258e-10, 4.54056681143e-10, 3.48648276915e-10, 7.21237861101e-11, 2.07964243049e-10, 1.10112002849e-10, 1.38139125139e-10, 1.24560278758e-10, 8.59278065368e-11, 1.03022153308e-10, 3.96707666717e-11, 3.59186014265e-11, 3.5478901067e-11, 2.21522522548e-11, 4.42461475444e-12]
    },
    "mfcc": {
        "mean": [-662.270202637, 112.723953247, -13.0954933167, 13.8703670502, -8.4739484787, 5.18443059921, -12.7077598572, 14.1609792709, -6.85608816147, 9.74592685699, -3.3080329895, 6.48818302155, -6.80332994461],
        "cov": [[6332.19091797, -537.680847168, 561.44732666, 544.278320312, 10.3571739197, 40.7774658203, -192.286300659, 367.282043457, -151.880569458, 125.269989014, 81.6422729492, 130.493011475, -32.3045005798], [-537.680847168, 911.809936523, -170.124343872, 23.8334903717, 79.5539169312, -5.4453253746, 63.0418968201, 65.9238967896, -0.109502285719, 62.5747032166, 48.6764144897, 14.5519971848, 11.5166549683], [561.44732666, -170.124343872, 1084.60021973, 374.533172607, 203.148193359, 249.094406128, 98.8096008301, 9.45864391327, 55.7393417358, -1.01354897022, 67.9170761108, 128.806610107, 69.0387039185], [544.278320312, 23.8334903717, 374.533172607, 465.353393555, 193.581604004, 68.9770812988, -10.2079792023, 44.9567298889, 43.3925704956, 15.8820323944, 7.18569898605, 65.4300079346, 45.7328948975], [10.3571739197, 79.5539169312, 203.148193359, 193.581604004, 259.423370361, 70.060546875, 45.4165802002, 41.3850097656, 72.9639053345, 39.4626121521, 8.8533039093, 29.4403400421, 43.0761833191], [40.7774658203, -5.4453253746, 249.094406128, 68.9770812988, 70.060546875, 222.181777954, 125.893714905, 46.3882026672, 38.5072898865, 36.0374221802, 39.938659668, 29.0191764832, 1.28276276588], [-192.286300659, 63.0418968201, 98.8096008301, -10.2079792023, 45.4165802002, 125.893714905, 239.195724487, 64.0582504272, 39.7056465149, 42.5366477966, 49.3013153076, 13.7413864136, 12.1760129929], [367.282043457, 65.9238967896, 9.45864391327, 44.9567298889, 41.3850097656, 46.3882026672, 64.0582504272, 175.660690308, 28.4960079193, 60.2799072266, 46.3852806091, 23.2716369629, -4.18136739731], [-151.880569458, -0.109502285719, 55.7393417358, 43.3925704956, 72.9639053345, 38.5072898865, 39.7056465149, 28.4960079193, 137.380767822, 39.4887084961, 18.3554134369, 9.26989173889, 19.0702705383], [125.269989014, 62.5747032166, -1.01354897022, 15.8820323944, 39.4626121521, 36.0374221802, 42.5366477966, 60.2799072266, 39.4887084961, 124.923461914, 37.1954803467, 13.8007068634, -0.259210109711], [81.6422729492, 48.6764144897, 67.9170761108, 7.18569898605, 8.8533039093, 39.938659668, 49.3013153076, 46.3852806091, 18.3554134369, 37.1954803467, 107.949478149, 32.0274162292, 3.04294419289], [130.493011475, 14.5519971848, 128.806610107, 65.4300079346, 29.4403400421, 29.0191764832, 13.7413864136, 23.2716369629, 9.26989173889, 13.8007068634, 32.0274162292, 95.7512588501, 41.7287216187], [-32.3045005798, 11.5166549683, 69.0387039185, 45.7328948975, 43.0761833191, 1.28276276588, 12.1760129929, -4.18136739731, 19.0702705383, -0.259210109711, 3.04294419289, 41.7287216187, 89.7954711914]],
