{
"lowlevel": {
    "average_loudness": 0.961374819279,
    "barkbands_crest": {
        "dmean": 2.5028617382,
        "dmean2": 4.04010534286,
        "dvar": 4.71189069748,
        "dvar2": 12.0115661621,
        "max": 24.9869480133,
        "mean": 9.75197982788,
        "median": 8.94695568085,
        "min": 2.57893848419,
        "var": 15.0240240097
    },
    "barkbands_flatness_db": {
        "dmean": 0.0183926820755,
        "dmean2": 0.0293461382389,
        "dvar": 0.000248488475336,
        "dvar2": 0.000600887986366,
        "max": 0.339276283979,
        "mean": 0.174761205912,
        "median": 0.171733796597,
        "min": 0.0506750568748,
        "var": 0.00163909862749
    },
    "barkbands_kurtosis": {
        "dmean": 2.04556155205,
        "dmean2": 3.25090885162,
        "dvar": 8.45461368561,
        "dvar2": 20.1036605835,
        "max": 81.8935775757,
        "mean": 3.3117017746,
        "median": 1.97430944443,
        "min": -1.81770694256,
        "var": 26.8283176422
    },
    "barkbands_skewness": {
        "dmean": 0.440237849951,
        "dmean2": 0.691551148891,
        "dvar": 0.151394128799,
        "dvar2": 0.365584135056,
        "max": 7.75564670563,
        "mean": 1.43345272541,
        "median": 1.36723661423,
        "min": -2.13318753242,
        "var": 0.904675662518
    },
    "barkbands_spread": {
        "dmean": 3.70348787308,
        "dmean2": 5.82896375656,
        "dvar": 18.6182575226,
        "dvar2": 41.9930381775,
        "max": 78.9903869629,
        "mean": 17.6688652039,
        "median": 14.4798431396,
        "min": 1.25125384331,
        "var": 141.018203735
    },
    "dissonance": {
        "dmean": 0.0195258427411,
        "dmean2": 0.0327747501433,
        "dvar": 0.000311714684358,
        "dvar2": 0.000871888594702,
        "max": 0.500000059605,
        "mean": 0.459905803204,
        "median": 0.465129435062,
        "min": 0.258120447397,
        "var": 0.000719460600521
    },
    "dynamic_complexity": 3.02758479118,
    "erbbands_crest": {
        "dmean": 2.4812476635,
        "dmean2": 4.052526474,
        "dvar": 5.43080472946,
        "dvar2": 13.8640651703,
        "max": 28.9851913452,
        "mean": 8.84407234192,
        "median": 7.97680473328,
        "min": 2.11974644661,
        "var": 15.1778783798
    },
    "erbbands_flatness_db": {
        "dmean": 0.0134620508179,
        "dmean2": 0.0197531748563,
        "dvar": 0.000151351618115,
        "dvar2": 0.000308933580527,
        "max": 0.370026379824,
        "mean": 0.208849295974,
        "median": 0.21055200696,
        "min": 0.0899879410863,
        "var": 0.00131097703706
    },
    "erbbands_kurtosis": {
        "dmean": 0.759430468082,
        "dmean2": 1.22523224354,
        "dvar": 0.739488780499,
        "dvar2": 1.82553708553,
        "max": 21.7532844543,
        "mean": 0.344169914722,
        "median": -0.0110039710999,
        "min": -1.70402705669,
        "var": 2.31441307068
    },
    "erbbands_skewness": {
        "dmean": 0.316663891077,
        "dmean2": 0.501808583736,
        "dvar": 0.070008777082,
        "dvar2": 0.175238341093,
        "max": 3.62324786186,
        "mean": 0.48749423027,
        "median": 0.544530332088,
        "min": -1.79541194439,
        "var": 0.438505619764
    },
    "erbbands_spread": {
        "dmean": 6.07916545868,
        "dmean2": 9.35851764679,
        "dvar": 40.5562515259,
        "dvar2": 90.4272384644,
        "max": 107.825538635,
        "mean": 33.8603820801,
        "median": 31.0320053101,
        "min": 3.16844582558,
        "var": 232.969726562
    },
    "hfc": {
        "dmean": 4.36732816696,
        "dmean2": 6.79576969147,
        "dvar": 24.0528621674,
        "dvar2": 56.1809120178,
        "max": 77.3215484619,
        "mean": 21.7335338593,
        "median": 18.5617103577,
        "min": 1.09236187909e-16,
        "var": 207.756500244
    },
    "melbands_crest": {
        "dmean": 3.14856529236,
        "dmean2": 5.12660264969,
        "dvar": 7.66121196747,
        "dvar2": 19.6029777527,
        "max": 31.715045929,
        "mean": 12.5538311005,
        "median": 11.6867246628,
        "min": 1.84228920937,
        "var": 23.1239700317
    },
    "melbands_flatness_db": {
        "dmean": 0.0204782765359,
        "dmean2": 0.0313664712012,
        "dvar": 0.000357174198143,
        "dvar2": 0.000798703928012,
        "max": 0.389902174473,
        "mean": 0.184568107128,
        "median": 0.176456809044,
        "min": 0.0036222662311,
        "var": 0.00289624417201
    },
    "melbands_kurtosis": {
        "dmean": 4.01926612854,
        "dmean2": 6.39865159988,
        "dvar": 28.9651279449,
        "dvar2": 72.3970565796,
        "max": 113.072692871,
        "mean": 8.52406215668,
        "median": 6.19054174423,
        "min": -1.5711606741,
        "var": 81.809753418
    },
    "melbands_skewness": {
        "dmean": 0.542382895947,
        "dmean2": 0.846595942974,
        "dvar": 0.242450222373,
        "dvar2": 0.595337808132,
        "max": 8.59437274933,
        "mean": 2.15815067291,
        "median": 2.07976913452,
        "min": -0.953889846802,
        "var": 1.3149740696
    },
    "melbands_spread": {
        "dmean": 5.34287548065,
        "dmean2": 8.55872821808,
        "dvar": 39.6380119324,
        "dvar2": 94.9856491089,
        "max": 146.715408325,
        "mean": 21.2418231964,
        "median": 17.7576217651,
        "min": 1.3917952776,
        "var": 192.141036987
    },
    "pitch_salience": {
        "dmean": 0.0645527988672,
        "dmean2": 0.104829460382,
        "dvar": 0.00291358982213,
        "dvar2": 0.00759029341862,
        "max": 0.873478651047,
        "mean": 0.602020382881,
        "median": 0.607752323151,
        "min": 0.194621115923,
        "var": 0.00888862647116
    },
    "silence_rate_20dB": {
        "dmean": 0,
        "dmean2": 0,
        "dvar": 0,
        "dvar2": 0,
        "max": 1,
        "mean": 1,
        "median": 1,
        "min": 1,
        "var": 0
    },
    "silence_rate_30dB": {
        "dmean": 0,
        "dmean2": 0,
        "dvar": 0,
        "dvar2": 0,
        "max": 1,
        "mean": 1,
        "median": 1,
        "min": 1,
        "var": 0
    },
    "silence_rate_60dB": {
        "dmean": 0.00145896652248,
        "dmean2": 0.00291828787886,
        "dvar": 0.00145674042869,
        "dvar2": 0.00315298466012,
        "max": 1,
        "mean": 0.0368344262242,
        "median": 0,
        "min": 0,
        "var": 0.0354641377926
    },
    "spectral_centroid": {
        "dmean": 182.638916016,
        "dmean2": 288.643096924,
        "dvar": 47451.65625,
        "dvar2": 99819.90625,
        "max": 11547.4814453,
        "mean": 1179.84338379,
        "median": 1037.52954102,
        "min": 252.890625,
        "var": 489396.09375
    },
    "spectral_complexity": {
        "dmean": 2.79878425598,
        "dmean2": 4.59338521957,
        "dvar": 7.25832176208,
        "dvar2": 17.8027324677,
        "max": 47,
        "mean": 20.5622425079,
        "median": 20,
        "min": 0,
        "var": 63.4663696289
    },
    "spectral_decrease": {
        "dmean": 1.59360846741e-09,
        "dmean2": 2.54488408125e-09,
        "dvar": 2.66030177189e-18,
        "dvar2": 6.75791671205e-18,
        "max": 1.69644154889e-28,
        "mean": -6.48730935637e-09,
        "median": -6.61996057971e-09,
        "min": -2.24075868971e-08,
        "var": 1.04803899416e-17
    },
    "spectral_energy": {
        "dmean": 0.00629021134228,
        "dmean2": 0.0100418487564,
        "dvar": 4.08428786614e-05,
        "dvar2": 0.000103609621874,
        "max": 0.0871215239167,
        "mean": 0.0264558196068,
        "median": 0.0272489413619,
        "min": 1.03658178852e-20,
        "var": 0.000169841601746
    },
    "spectral_energyband_high": {
        "dmean": 0.000227603974054,
        "dmean2": 0.000343268475262,
        "dvar": 1.96337651914e-07,
        "dvar2": 4.12294042462e-07,
        "max": 0.0103253275156,
        "mean": 0.00062694225926,
        "median": 0.000356193690095,
        "min": 7.45531666084e-21,
        "var": 6.54702034808e-07
    },
    "spectral_energyband_low": {
        "dmean": 0.000770945684053,
        "dmean2": 0.00122948398348,
        "dvar": 1.42525766478e-06,
        "dvar2": 3.62178434443e-06,
        "max": 0.0201732516289,
        "mean": 0.00155902525876,
        "median": 0.00103250762913,
        "min": 2.94525478813e-23,
        "var": 2.97540418615e-06
    },
    "spectral_energyband_middle_high": {
        "dmean": 0.00186190905515,
        "dmean2": 0.00289045181125,
        "dvar": 6.7725277404e-06,
        "dvar2": 1.59994433488e-05,
        "max": 0.0445149466395,
        "mean": 0.00681336130947,
        "median": 0.00425829365849,
        "min": 1.24466599844e-21,
        "var": 4.56077577837e-05
    },
    "spectral_energyband_middle_low": {
        "dmean": 0.00577795272693,
        "dmean2": 0.0091735497117,
        "dvar": 3.83531623811e-05,
        "dvar2": 9.82734418358e-05,
        "max": 0.084604524076,
        "mean": 0.0180078614503,
        "median": 0.0161620620638,
        "min": 2.39510338216e-22,
        "var": 0.000133203007863
    },
    "spectral_entropy": {
        "dmean": 0.135694503784,
        "dmean2": 0.201999917626,
        "dvar": 0.0197274759412,
        "dvar2": 0.0401815995574,
        "max": 9.81522750854,
        "mean": 7.44660139084,
        "median": 7.4748044014,
        "min": 5.93982934952,
        "var": 0.158520132303
    },
    "spectral_flux": {
        "dmean": 0.0173356104642,
        "dmean2": 0.0283528994769,
        "dvar": 0.000259742460912,
        "dvar2": 0.000658999662846,
        "max": 0.202000647783,
        "mean": 0.0819447040558,
        "median": 0.0814511179924,
        "min": 6.53797224692e-11,
        "var": 0.00115455291234
    },
    "spectral_kurtosis": {
        "dmean": 1.94638574123,
        "dmean2": 3.34839200974,
        "dvar": 4.5687661171,
        "dvar2": 12.5397109985,
        "max": 31.7474441528,
        "mean": 3.71850895882,
        "median": 2.93916988373,
        "min": -1.27189695835,
        "var": 10.739979744
    },
    "spectral_rms": {
        "dmean": 0.000587994407397,
        "dmean2": 0.000928591238335,
        "dvar": 3.00677243104e-07,
        "dvar2": 7.35608637115e-07,
        "max": 0.00921936053783,
        "mean": 0.00485296593979,
        "median": 0.00515599967912,
        "min": 3.18009334144e-12,
        "var": 2.25924691222e-06
    },
    "spectral_rolloff": {
        "dmean": 359.40536499,
        "dmean2": 609.99206543,
        "dvar": 421754.96875,
        "dvar2": 971181.25,
        "max": 19293.75,
        "mean": 1491.60717773,
        "median": 1119.7265625,
        "min": 215.33203125,
        "var": 1746036.75
    },
    "spectral_skewness": {
        "dmean": 0.236693307757,
        "dmean2": 0.388329893351,
        "dvar": 0.0532528609037,
        "dvar2": 0.132097393274,
        "max": 4.29573059082,
        "mean": 1.40096473694,
        "median": 1.32465648651,
        "min": -0.0508579164743,
        "var": 0.273783355951
    },
    "spectral_spread": {
        "dmean": 338383.03125,
        "dmean2": 489253.5,
        "dvar": 395057135616,
        "dvar2": 689688870912,
        "max": 47649968,
        "mean": 3734877.75,
        "median": 3488450.5,
        "min": 1447183.625,
        "var": 3.22291027149e+12
    },
    "spectral_strongpeak": {
        "dmean": 0.70244538784,
        "dmean2": 1.18816995621,
        "dvar": 1.08265113831,
        "dvar2": 2.91381859779,
        "max": 13.1768960953,
        "mean": 1.37101018429,
        "median": 0.96933311224,
        "min": 0,
        "var": 1.91609740257
    },
    "zerocrossingrate": {
        "dmean": 0.00711869541556,
        "dmean2": 0.00888756196946,
        "dvar": 9.17085199035e-05,
        "dvar2": 0.000123015328427,
        "max": 0.6162109375,
        "mean": 0.0576406940818,
        "median": 0.052734375,
        "min": 0.01171875,
        "var": 0.00112999649718
    },
    "barkbands": {
        "dmean": [6.90600745656e-06, 0.000351413153112, 0.000376269192202, 0.000628337264061, 0.00324768899009, 0.00200586859137, 0.00162063108291, 0.000900136830751, 0.00129687669687, 0.000748759193812, 0.00049438921269, 0.000343283434631, 0.00050196563825, 0.000396312912926, 0.00035865206155, 0.000334332551574, 0.000331907329382, 0.000198496476514, 0.000113276131742, 0.000102813319245, 7.74765649112e-05, 5.79819497943e-05, 4.98975714436e-05, 4.27437080361e-05, 4.02408022637e-06, 2.11033590602e-09, 1.79751791229e-09],
        "dmean2": [1.15932025437e-05, 0.000545518880244, 0.000633577408735, 0.00101157650352, 0.00522300321609, 0.00311624119058, 0.0025856141001, 0.00143784563988, 0.00204829405993, 0.00118926214054, 0.000787240220234, 0.000540291424841, 0.000807809119578, 0.000645315449219, 0.000581716303714, 0.00053425488295, 0.000526115647517, 0.000318289385177, 0.000182485557161, 0.000158823342645, 0.000125014979858, 9.37131408136e-05, 7.57108064136e-05, 6.24001768301e-05, 6.56609336147e-06, 3.92191790155e-09, 3.42414119281e-09],
        "dvar": [1.2606925226e-10, 3.92568182406e-07, 5.29713304331e-07, 1.50522259901e-06, 2.37269541685e-05, 9.14708198252e-06, 6.44632564217e-06, 3.45614421349e-06, 5.31894056621e-06, 2.50634388976e-06, 1.62704941431e-06, 5.21970548562e-07, 1.49852633058e-06, 1.00048657714e-06, 5.249712558e-07, 6.13872657595e-07, 8.83800794327e-07, 1.87717532185e-07, 5.19604022031e-08, 3.68938906092e-08, 2.42115270055e-08, 2.11506616665e-08, 1.7322738799e-08, 1.57573722959e-08, 1.23241777894e-10, 3.026402769e-15, 2.38087493649e-15],
        "dvar2": [3.19487408751e-10, 8.30922317618e-07, 1.44203488617e-06, 3.61080560651e-06, 6.18222547928e-05, 2.21964473894e-05, 1.63399345183e-05, 8.20105105959e-06, 1.31207107188e-05, 6.12334997641e-06, 3.92725678466e-06, 1.15270972856e-06, 3.65671940017e-06, 2.35963443629e-06, 1.26024542624e-06, 1.50020719047e-06, 2.22648964154e-06, 4.55156651924e-07, 1.24164742488e-07, 7.91458560911e-08, 5.76224046256e-08, 4.955779076e-08, 3.5554670319e-08, 3.29917604347e-08, 3.09966219358e-10, 9.07321110198e-15, 7.13769761883e-15],
        "max": [0.000171701438376, 0.0118406349793, 0.0151094617322, 0.0329082459211, 0.0801329910755, 0.0624466501176, 0.0496100373566, 0.0553815178573, 0.0501737892628, 0.0373880155385, 0.0375848673284, 0.0165797062218, 0.033052995801, 0.0316804945469, 0.015166384168, 0.0171406436712, 0.0209665931761, 0.00942709110677, 0.00618132762611, 0.00395243335515, 0.00444406131282, 0.00418101949617, 0.00504233455285, 0.00361964874901, 0.000344201282132, 3.53075961357e-06, 3.1322497307e-06],
        "mean": [1.06132829387e-05, 0.000577242579311, 0.00053659954574, 0.0011014364427, 0.00635648658499, 0.00376201467589, 0.00279993657023, 0.00139720737934, 0.00235231197439, 0.00128407846205, 0.000823403359391, 0.000608257541899, 0.000867219467182, 0.000656599237118, 0.00064403237775, 0.00062347057974, 0.000664993131068, 0.000433660228737, 0.000240489651333, 0.000238572814851, 0.00016256707022, 0.000115345210361, 0.000106932646304, 8.71916854521e-05, 5.20863204656e-06, 1.83902015838e-09, 1.29742749877e-09],
        "median": [4.64654885945e-06, 0.000292116688797, 0.00025889481185, 0.000488269492052, 0.00369221437722, 0.00205092970282, 0.00147491134703, 0.000588503549807, 0.00103291636333, 0.000489853555337, 0.000262626388576, 0.000254771613982, 0.000362278835382, 0.000271347642411, 0.000286678958219, 0.000191411614651, 0.000148717110278, 0.000130513610202, 0.000112245717901, 0.00010914986342, 8.16746833152e-05, 5.77321879973e-05, 5.71997297811e-05, 4.10795764765e-05, 1.61759544426e-06, 7.8076445309e-10, 4.27000268477e-10],
        "min": [9.10884276623e-25, 9.27078171058e-24, 1.28019739801e-24, 3.43261897183e-24, 1.40188676571e-23, 8.98711521767e-24, 1.71247834349e-23, 1.82630261019e-23, 4.21097138205e-23, 1.20425154986e-23, 2.98815115089e-23, 4.05236900379e-23, 5.36778699018e-23, 7.53848355239e-23, 2.0002571683e-23, 7.74190111868e-23, 7.60849527327e-23, 1.02140428898e-22, 1.66068422925e-22, 2.10836998738e-22, 2.44053975081e-22, 3.5117033031e-22, 5.26305832127e-22, 6.31007086539e-22, 9.80747117365e-22, 1.36709559534e-21, 1.78413467527e-21],
        "var": [2.40873293533e-10, 7.55183975798e-07, 7.27898282094e-07, 3.80958294954e-06, 6.0051032051e-05, 2.28489006986e-05, 1.3563736502e-05, 6.2481385612e-06, 1.35165728352e-05, 5.5872556004e-06, 4.11432029068e-06, 1.44324451412e-06, 3.75267859454e-06, 2.25060898629e-06, 1.1576015595e-06, 1.48377728237e-06, 2.34183244174e-06, 6.29672285868e-07, 1.30460264813e-07, 1.2435582164e-07, 5.46374749888e-08, 4.20074854901e-08, 4.07087945575e-08, 2.94785689192e-08, 1.5938628195e-10, 1.5177318461e-15, 1.19342082417e-15]
    },
    "erbbands": {
        "dmean": [0.00762570649385, 0.092235378921, 0.375328272581, 1.17353022099, 5.01303958893, 13.4792938232, 18.1725463867, 15.560087204, 21.3075122833, 19.8433017731, 19.9656448364, 30.4454097748, 21.0281887054, 23.5495433807, 17.6117324829, 12.4760341644, 22.3363075256, 17.5032691956, 20.3570976257, 14.5534610748, 18.7489433289, 15.124124527, 10.2930860519, 7.97742033005, 3.88655376434, 4.76206254959, 3.95497322083, 2.3525428772, 2.07865929604, 1.79377090931, 1.39118266106, 0.965903282166, 0.678985714912, 0.0995713323355, 0.00245782593265, 0.000147884085891, 2.06258082471e-05, 4.80857806906e-06, 3.70175212083e-06, 7.22219601812e-06],
        "dmean2": [0.011293455027, 0.146701455116, 0.625613868237, 1.89654326439, 8.01184082031, 21.7497558594, 29.1908283234, 23.9756240845, 34.2418479919, 31.6061458588, 31.9139404297, 47.4995002747, 33.0685653687, 37.192150116, 27.8314685822, 19.6834087372, 35.7630767822, 28.2366943359, 33.306022644, 23.3292713165, 30.3162212372, 23.5430679321, 16.3356342316, 12.7139606476, 6.15081787109, 7.41150760651, 6.21594524384, 3.85911130905, 3.41322660446, 2.84204745293, 2.12680959702, 1.4401999712, 1.00647759438, 0.149707257748, 0.0036592092365, 0.000218375455006, 3.08722592308e-05, 7.39888628232e-06, 5.82520715398e-06, 1.15131661005e-05],
        "dvar": [0.00026409336715, 0.0253683663905, 0.498598605394, 4.36012220383, 76.5028381348, 506.567962646, 790.423400879, 697.470397949, 1265.73083496, 1364.40112305, 1685.3326416, 3280.63183594, 2225.61987305, 2295.375, 1996.60839844, 686.102294922, 2681.90356445, 2469.03442383, 1796.05358887, 995.581298828, 2164.08007812, 1473.9029541, 531.766296387, 327.15020752, 38.6973228455, 75.7926483154, 55.1619262695, 32.0510292053, 30.275976181, 21.8871269226, 13.3942375183, 8.60353946686, 3.69613909721, 0.0720670446754, 4.36853260908e-05, 2.01025628144e-07, 1.23910615102e-08, 1.74611725079e-09, 8.35955193956e-11, 5.19730855575e-11],
        "dvar2": [0.000495782122016, 0.0569893121719, 1.32828950882, 11.0057373047, 190.739227295, 1317.33044434, 2043.96374512, 1700.54614258, 3287.23803711, 3414.89794922, 3838.98632812, 8084.47705078, 5517.33349609, 5596.20947266, 4926.92138672, 1562.27648926, 6400.90917969, 5984.87451172, 4476.11816406, 2299.99169922, 5692.63378906, 3458.57543945, 1325.54870605, 793.856445312, 87.9448547363, 166.581573486, 123.535270691, 78.4499130249, 72.2515640259, 47.2429008484, 28.6517448425, 18.4449291229, 8.05566692352, 0.162599653006, 9.69345564954e-05, 4.77446974401e-07, 3.51203084392e-08, 5.1484123631e-09, 2.41332481776e-10, 1.31734817499e-10],
        "max": [0.381927639246, 2.5471227169, 14.4590110779, 46.0887451172, 190.206359863, 473.294433594, 462.242675781, 730.606567383, 702.153625488, 764.570251465, 1559.26599121, 1576.50109863, 976.755310059, 1301.90625, 1477.66369629, 834.56237793, 1525.61853027, 1647.86743164, 1078.4588623, 1024.35400391, 994.508178711, 1118.84777832, 503.977325439, 457.918457031, 132.084060669, 178.97946167, 141.855560303, 211.489944458, 173.907791138, 145.416046143, 132.570007324, 92.0282669067, 55.4429321289, 7.81138467789, 0.196879372001, 0.0150758409873, 0.00649395538494, 0.00261822179891, 0.000538920226973, 9.669172141e-05],
        "mean": [0.0129863973707, 0.147634357214, 0.592219293118, 2.2250020504, 9.49310970306, 24.21134758, 33.6806221008, 29.1797065735, 37.1556549072, 35.1760406494, 35.0268173218, 55.2700309753, 38.8930015564, 43.3143844604, 33.0931396484, 25.0518131256, 40.5196304321, 32.8940658569, 38.2706794739, 29.0460700989, 39.1825447083, 35.1914558411, 25.1281814575, 17.7864398956, 9.8339138031, 11.3599748611, 9.37550640106, 4.87867975235, 4.05455112457, 3.74233222008, 2.96499371529, 2.01396751404, 1.30757725239, 0.174845740199, 0.00452009169385, 0.000305491848849, 5.13005943503e-05, 1.26324430312e-05, 1.66852660186e-05, 3.21551415254e-05],
        "median": [0.00620807567611, 0.0764381289482, 0.319965958595, 1.20213580132, 4.53817033768, 12.5201435089, 18.6918373108, 16.3478736877, 19.4513053894, 19.041349411, 17.9004974365, 24.8380508423, 16.0712928772, 17.9409790039, 14.1190872192, 11.8613233566, 18.3770217896, 13.2380771637, 18.596244812, 13.8312358856, 10.8482551575, 8.69278621674, 7.35013580322, 7.06586837769, 5.3098077774, 5.25387573242, 4.07930278778, 2.66626262665, 2.03706884384, 1.92211735249, 1.58485805988, 0.993292450905, 0.590448617935, 0.0700126588345, 0.00189435947686, 0.000149729516124, 3.19053215208e-05, 8.30202225188e-06, 1.6837293515e-05, 3.32870731654e-05],
        "min": [1.21863989945e-22, 9.49427143239e-22, 2.5907876377e-21, 9.77764400204e-21, 3.38179351757e-20, 4.77395529061e-20, 6.38485592934e-20, 7.94453857852e-20, 2.39875372455e-19, 2.66740673636e-19, 5.92040719858e-19, 8.11226263091e-19, 8.75222435349e-19, 1.22019221615e-18, 1.57044985242e-18, 1.40928870271e-18, 2.4447238218e-18, 2.79283223604e-18, 3.52021268051e-18, 3.4501300099e-18, 4.71824193632e-18, 4.45624157628e-18, 6.13101265582e-18, 7.03777176561e-18, 9.55509412785e-18, 9.95975915531e-18, 1.11449104498e-17, 9.84633035945e-18, 1.32727275236e-17, 1.29104447492e-17, 1.42402318825e-17, 1.13303262928e-17, 1.10487374687e-17, 9.67639685595e-18, 6.46100891657e-18, 5.24562210279e-18, 2.477781061e-18, 9.85968787878e-19, 2.36498898742e-19, 2.81785214897e-20],
        "var": [0.000491575396154, 0.0460234954953, 0.744003176689, 10.6669960022, 213.879196167, 1158.41992188, 1809.85705566, 1629.98364258, 2595.73095703, 2532.68164062, 3331.78515625, 7906.27685547, 4844.83056641, 5890.44726562, 5392.85351562, 1908.81945801, 7099.20263672, 6116.23632812, 4161.26611328, 2160.14477539, 6560.46582031, 5498.59375, 2163.96069336, 933.380859375, 145.497970581, 266.007293701, 204.322616577, 56.2090377808, 56.0002632141, 49.0688476562, 30.0090637207, 15.6371459961, 6.64774703979, 0.127306297421, 8.01748756203e-05, 3.17922314252e-07, 9.96928672947e-09, 1.05532727002e-09, 1.07299405472e-10, 2.42291575692e-10]
    },
    "gfcc": {
        "mean": [-28.6219482422, 133.763519287, -165.794158936, 43.4440155029, -88.012878418, 6.95402288437, -41.1144485474, -16.5350475311, -3.1036157608, -25.9160938263, 7.17261457443, -22.0396938324, 6.58042526245],
        "cov": [[8876.94433594, 530.941772461, -1205.11108398, -160.518096924, -391.466064453, -391.847564697, -216.401535034, -82.3212127686, 92.6513366699, -85.0423965454, 127.543464661, -51.0210762024, 178.965332031], [530.941772461, 912.217163086, 177.039321899, -195.240524292, 136.724151611, -115.860687256, 68.0958786011, -180.800231934, -10.6438522339, -105.935943604, 21.1677112579, -104.884635925, 7.86439323425], [-1205.11108398, 177.039321899, 652.340026855, 150.09387207, 39.0129241943, 98.9639053345, -35.1248970032, -34.9429893494, -42.2399330139, -14.4872245789, -50.6233940125, -26.0416145325, -40.8529624939], [-160.518096924, -195.240524292, 150.09387207, 345.72088623, 21.1149654388, 13.6713838577, -52.8536529541, 80.7983932495, 26.1239833832, 36.8594055176, -9.59871196747, 62.1857185364, 1.81312549114], [-391.466064453, 136.724151611, 39.0129241943, 21.1149654388, 167.574066162, -5.73307323456, 46.6902732849, -2.08126163483, 15.9781646729, -3.27916574478, 16.8621292114, 6.41690158844, 8.52254676819], [-391.847564697, -115.860687256, 98.9639053345, 13.6713838577, -5.73307323456, 236.159881592, 67.9703063965, 32.5764007568, -25.7400035858, 41.4899978638, -12.5846986771, -16.8687572479, -23.0396461487], [-216.401535034, 68.0958786011, -35.1248970032, -52.8536529541, 46.6902732849, 67.9703063965, 146.762573242, 19.8788566589, -0.460695773363, 14.5251693726, 12.2909107208, -17.0041618347, -0.160811975598], [-82.3212127686, -180.800231934, -34.9429893494, 80.7983932495, -2.08126163483, 32.5764007568, 19.8788566589, 135.58821106, 47.5041503906, 43.1920394897, 4.60688352585, 30.1060028076, 11.8848571777], [92.6513366699, -10.6438522339, -42.2399330139, 26.1239833832, 15.9781646729, -25.7400035858, -0.460695773363, 47.5041503906, 85.388420105, 32.7782402039, 6.61455106735, 17.5848636627, 5.55075550079], [-85.0423965454, -105.935943604, -14.4872245789, 36.8594055176, -3.27916574478, 41.4899978638, 14.5251693726, 43.1920394897, 32.7782402039, 88.6304779053, 34.2422523499, 14.4638605118, 2.99170517921], [127.543464661, 21.1677112579, -50.6233940125, -9.59871196747, 16.8621292114, -12.5846986771, 12.2909107208, 4.60688352585, 6.61455106735, 34.2422523499, 67.0804672241, 31.233921051, 9.23781585693], [-51.0210762024, -104.884635925, -26.0416145325, 62.1857185364, 6.41690158844, -16.8687572479, -17.0041618347, 30.1060028076, 17.5848636627, 14.4638605118, 31.233921051, 84.4205093384, 31.7135391235], [178.965332031, 7.86439323425, -40.8529624939, 1.81312549114, 8.52254676819, -23.0396461487, -0.160811975598, 11.8848571777, 5.55075550079, 2.99170517921, 9.23781585693, 31.7135391235, 64.7395095825]],
        "icov": [[0.000377697113436, -0.000743523880374, 0.00102308636997, -0.000790620804764, 0.00123813725077, -0.000519635039382, 0.000852784200106, -0.000160841707839, -0.000313472381094, 0.000554097059648, -0.000916954770219, 0.000882289663423, -0.000902398605831], [-0.000743523880374, 0.00717877503484, -0.00468055997044, 0.00176328525413, -0.00369527400471, 0.00213724630885, -0.00453631207347, 0.00554645620286, -0.00681374315172, 0.00809804070741, -0.00922700483352, 0.00859971344471, -0.00428815139458], [0.00102308636997, -0.00468055997044, 0.00626975763589, -0.00334768253379, 0.00313560431823, -0.00297160167247, 0.00435537705198, -0.00187063275371, 0.00314219552092, -0.00277875061147, 0.00366877857596, -0.00199039326981, 0.000984991900623], [-0.000790620804764, 0.00176328525413, -0.00334768253379, 0.00713601848111, -0.00402999343351, 0.00192701688502, -0.000256478961091, -0.00231500598602, 0.00198335573077, -0.00390196591616, 0.00517143448815, -0.00610781786963, 0.00356402667239], [0.00123813725077, -0.00369527400471, 0.00313560431823, -0.00402999343351, 0.0124316271394, -0.00169755192474, 7.59277236284e-06, -0.000347966502886, -0.00258832913823, 0.00286293565296, -0.00443688780069, 0.00184125010855, -0.00323826353997], [-0.000519635039382, 0.00213724630885, -0.00297160167247, 0.00192701688502, -0.00169755192474, 0.00872390437871, -0.0051669520326, -0.000521535810549, 0.00369863328524, -0.00499744387344, 0.00382025283761, -0.00130720355082, 0.00266780494712], [0.000852784200106, -0.00453631207347, 0.00435537705198, -0.000256478961091, 7.59277236284e-06, -0.0051669520326, 0.0143756885082, -0.0053622443229, 0.00327089219354, -0.00265623326413, 0.00105881306808, -0.000445951533038, 3.91689827666e-05], [-0.000160841707839, 0.00554645620286, -0.00187063275371, -0.00231500598602, -0.000347966502886, -0.000521535810549, -0.0053622443229, 0.0181218013167, -0.0123085789382, 0.00600977195427, -0.00774136791006, 0.00711451843381, -0.00642755068839], [-0.000313472381094, -0.00681374315172, 0.00314219552092, 0.00198335573077, -0.00258832913823, 0.00369863328524, 0.00327089219354, -0.0123085789382, 0.030518129468, -0.0224519688636, 0.0223778933287, -0.0183757655323, 0.0117757041007], [0.000554097059648, 0.00809804070741, -0.00277875061147, -0.00390196591616, 0.00286293565296, -0.00499744387344, -0.00265623326413, 0.00600977195427, -0.0224519688636, 0.0413939803839, -0.0364175774157, 0.0250125322491, -0.0144690200686], [-0.000916954770219, -0.00922700483352, 0.00366877857596, 0.00517143448815, -0.00443688780069, 0.00382025283761, 0.00105881306808, -0.00774136791006, 0.0223778933287, -0.0364175774157, 0.0562307871878, -0.0370083078742, 0.0190630014986], [0.000882289663423, 0.00859971344471, -0.00199039326981, -0.00610781786963, 0.00184125010855, -0.00130720355082, -0.000445951533038, 0.00711451843381, -0.0183757655323, 0.0250125322491, -0.0370083078742, 0.0459404066205, -0.0233874805272], [-0.000902398605831, -0.00428815139458, 0.000984991900623, 0.00356402667239, -0.00323826353997, 0.00266780494712, 3.91689827666e-05, -0.00642755068839, 0.0117757041007, -0.0144690200686, 0.0190630014986, -0.0233874805272, 0.0299350768328]]
    },
    "melbands": {
        "dmean": [8.28259944683e-05, 0.000163116346812, 0.000267266848823, 0.0006794242654, 0.000612820324022, 0.000347906985553, 0.000328899099259, 0.0002078324178, 0.000172227722942, 0.000189251251868, 0.000108472871943, 0.000101307254226, 6.71556044836e-05, 4.12094741478e-05, 4.21833246946e-05, 4.77579815197e-05, 3.35790464305e-05, 3.59614932677e-05, 2.34784893109e-05, 2.09151021409e-05, 2.51072488027e-05, 1.84686305147e-05, 1.4081451809e-05, 8.63042077981e-06, 7.20552907296e-06, 3.64343782167e-06, 2.76766377283e-06, 3.66639756066e-06, 3.1493939332e-06, 1.90995956473e-06, 1.33802598157e-06, 1.29499608192e-06, 1.15877344342e-06, 1.01519140117e-06, 8.72779310157e-07, 7.25712425265e-07, 6.07283368481e-07, 5.35341598606e-07, 3.29033696289e-07, 1.11977742634e-08],
        "dmean2": [0.000126089784317, 0.000267916591838, 0.000431823165854, 0.00108876207378, 0.000986222992651, 0.000535956351086, 0.000525210693013, 0.000331167218974, 0.000273765996099, 0.000296113459626, 0.00017063121777, 0.000160232710186, 0.000106111561763, 6.50647489238e-05, 6.80303783156e-05, 7.66559314798e-05, 5.44106951565e-05, 5.8961322793e-05, 3.77631222364e-05, 3.30221446347e-05, 4.09986932937e-05, 2.8535760066e-05, 2.22079052037e-05, 1.3881724044e-05, 1.14967524496e-05, 5.80382993576e-06, 4.39105633632e-06, 5.71889177081e-06, 4.93514698974e-06, 3.13984628519e-06, 2.21657364818e-06, 2.14490410144e-06, 1.91350090972e-06, 1.61265154475e-06, 1.36868527534e-06, 1.10251596652e-06, 9.34138313369e-07, 8.1021795495e-07, 4.97319263104e-07, 1.81354806728e-08],
        "dvar": [2.63510049336e-08, 8.16812786297e-08, 2.26859427244e-07, 1.29445618313e-06, 8.35589673898e-07, 3.13286477649e-07, 2.84957508256e-07, 1.50263431919e-07, 1.14572983989e-07, 1.26384449572e-07, 5.83234296414e-08, 4.2913988807e-08, 2.86356112156e-08, 7.75895170335e-09, 1.13256986012e-08, 1.4055808073e-08, 9.60852020171e-09, 6.21881968144e-09, 2.34378427777e-09, 2.64744448586e-09, 4.82961270976e-09, 2.6409563425e-09, 1.2201776256e-09, 3.11488917992e-10, 2.94964858094e-10, 4.0941732643e-11, 2.2996840543e-11, 5.03325853218e-11, 4.08676877062e-11, 1.59085956214e-11, 1.09197208567e-11, 1.16487878371e-11, 8.69725992614e-12, 7.42597042885e-12, 5.65720300466e-12, 3.15834077641e-12, 4.37883236615e-12, 2.44551622876e-12, 7.69648667714e-13, 9.37762246125e-16],
        "dvar2": [5.20817380334e-08, 2.14547284827e-07, 5.61911235764e-07, 3.24373968397e-06, 2.20026186071e-06, 7.59624640523e-07, 7.32058197173e-07, 3.75419773491e-07, 2.66142819783e-07, 3.0824836017e-07, 1.44021342408e-07, 1.04428252712e-07, 7.00616880067e-08, 1.72922742792e-08, 2.66054200893e-08, 3.40855237368e-08, 2.29541310404e-08, 1.55726791462e-08, 5.45115330652e-09, 6.16628170746e-09, 1.29624160294e-08, 6.22572260411e-09, 2.98104874119e-09, 7.43388073321e-10, 7.17517156801e-10, 9.34514202133e-11, 5.50615907036e-11, 1.07679906658e-10, 9.19497741836e-11, 4.02771878349e-11, 2.6613320922e-11, 2.86804156813e-11, 2.08214452624e-11, 1.57879195828e-11, 1.28100611715e-11, 6.30890478748e-12, 1.01185206047e-11, 5.42583296001e-12, 1.73996103983e-12, 2.36366788569e-15],
        "max": [0.00349663197994, 0.0054760701023, 0.0118900379166, 0.017486795783, 0.0140799926594, 0.0145194493234, 0.0110935149714, 0.00795837678015, 0.0135234054178, 0.00939015392214, 0.00500829005614, 0.00482344813645, 0.00567305833101, 0.00215658312663, 0.00345299602486, 0.00311383372173, 0.00321307755075, 0.00261717056856, 0.000952210393734, 0.00154875929002, 0.00160476018209, 0.00127659668215, 0.00118632894009, 0.000329102273099, 0.000447347760201, 0.000145437210449, 0.000117055933515, 0.000155539863044, 0.000149336032337, 8.36849794723e-05, 0.000128614730784, 9.94332149276e-05, 8.2863291027e-05, 9.66601073742e-05, 9.54679999268e-05, 4.31951848441e-05, 7.57039015298e-05, 4.29496903962e-05, 2.35045536101e-05, 1.0909076309e-06],
        "mean": [0.000140018644743, 0.000266009825282, 0.000524606090039, 0.00127035030164, 0.00118769996334, 0.000654996489175, 0.000575415906496, 0.000363744038623, 0.000300500134472, 0.000340807542671, 0.000191404324141, 0.000180417628144, 0.000117363102618, 7.41063340683e-05, 7.56539884605e-05, 8.3825965703e-05, 5.73081233597e-05, 6.29833739367e-05, 4.28616258432e-05, 3.73814473278e-05, 4.82950126752e-05, 3.7167006667e-05, 3.04505174427e-05, 1.80312981684e-05, 1.42673916343e-05, 7.85115480539e-06, 6.11519362792e-06, 7.98118799139e-06, 6.87472766003e-06, 3.61815727956e-06, 2.48914261647e-06, 2.29755119108e-06, 2.20384117711e-06, 1.99582041205e-06, 1.74269405306e-06, 1.45141632402e-06, 1.1552253909e-06, 9.93652861325e-07, 5.63312880786e-07, 1.39794336107e-08],
        "median": [6.93017209414e-05, 0.000154087407282, 0.000282493216218, 0.000609883398283, 0.000717794289812, 0.0003696194035, 0.000304089393467, 0.000195411848836, 0.000149526211317, 0.000144679797813, 7.20172247384e-05, 7.09787273081e-05, 4.37227281509e-05, 3.03643009829e-05, 3.33788339049e-05, 3.29498179781e-05, 2.06133518077e-05, 2.80652930087e-05, 1.91645194718e-05, 1.33921284942e-05, 1.14472604764e-05, 8.32884506963e-06, 7.24639176042e-06, 6.3082379711e-06, 5.30726629222e-06, 3.73039961232e-06, 3.30473085342e-06, 3.26985104948e-06, 2.58268687503e-06, 1.7706216795e-06, 1.27210853407e-06, 1.13416365366e-06, 1.02690023596e-06, 1.01448449641e-06, 9.20898003187e-07, 7.10187578079e-07, 5.36126151474e-07, 4.44473357675e-07, 2.21691891511e-07, 4.01895761115e-09],
        "min": [2.19305205196e-24, 2.49036919119e-24, 2.66748976366e-24, 2.39039290437e-24, 2.2597269701e-24, 2.20455305231e-24, 3.47244382577e-24, 3.50664015715e-24, 5.75999608937e-24, 6.08755638077e-24, 3.99053690275e-24, 4.38270845216e-24, 4.54832901035e-24, 6.01009536747e-24, 2.76619637885e-24, 6.36447180205e-24, 5.38457521242e-24, 5.13351273516e-24, 1.62999469225e-24, 5.30779301393e-24, 4.37041681596e-24, 4.7780926376e-24, 3.41242886583e-24, 4.57332722357e-24, 5.54356381698e-24, 6.92274432594e-24, 5.35551830984e-24, 6.84321452492e-24, 6.67258785542e-24, 4.18837493474e-24, 5.76224789282e-24, 6.75995814498e-24, 5.69539981971e-24, 6.96974229209e-24, 6.24479805285e-24, 6.10226824222e-24, 6.22859129998e-24, 6.90565444329e-24, 8.27165466424e-24, 7.80348780509e-24],
        "var": [5.04465411666e-08, 1.27066996924e-07, 6.11922587268e-07, 3.28015767082e-06, 1.95697862182e-06, 7.5782611475e-07, 5.97705025029e-07, 2.73733292033e-07, 2.37941819137e-07, 3.10579622465e-07, 1.28933095311e-07, 1.07393603344e-07, 7.4284820073e-08, 2.23187797133e-08, 2.99726394815e-08, 3.46375870208e-08, 2.19150351199e-08, 1.38933664573e-08, 5.14245312999e-09, 5.39262945409e-09, 1.35029898374e-08, 7.95903165596e-09, 4.51444215344e-09, 9.6848418174e-10, 7.29040217085e-10, 1.24279350699e-10, 6.62481042246e-11, 1.62992119801e-10, 1.39304900948e-10, 2.95684900176e-11, 1.82866621151e-11, 1.92667704707e-11, 1.66243668137e-11, 1.57971222908e-11, 1.12622905793e-11, 7.09527098533e-12, 6.42028314193e-12, 4.08445586381e-12, 1.33252057392e-12, 1.2144970156e-15]
    },
    "mfcc": {
        "mean": [-638.656555176, 128.960449219, -12.8283500671, 15.1106910706, -12.8932828903, 2.46249341965, -19.6522541046, 1.09317314625, -15.723824501, 4.73993968964, -14.3905391693, 2.63695812225, -12.1734800339],
        "cov": [[7410.28271484, 274.239898682, -906.901550293, 32.8125801086, -385.727508545, -257.839538574, -407.656768799, -42.1493186951, -189.708770752, 54.4872398376, -173.080047607, 106.572013855, -71.7477798462], [274.239898682, 1077.66052246, 6.52852869034, -54.6369018555, -20.204208374, 45.4735603333, 32.3562698364, -51.2512207031, -85.8783950806, 12.9170942307, -42.0440139771, -81.6701889038, -78.3941802979], [-906.901550293, 6.52852869034, 580.971557617, 64.8948898315, 125.123497009, 90.9836654663, 46.239440918, -12.6720647812, 25.9702415466, -29.4805221558, 36.7908439636, -43.1061401367, -13.7291650772], [32.8125801086, -54.6369018555, 64.8948898315, 290.638519287, 100.516136169, -42.367816925, -53.8805923462, 16.5980415344, 17.0411834717, -30.2418632507, -17.8287258148, 48.6046676636, 32.3975143433], [-385.727508545, -20.204208374, 125.123497009, 100.516136169, 157.450134277, 15.7822113037, -3.70492458344, 6.82469415665, 25.2524662018, -22.8828544617, 8.56512355804, 12.5162334442, 23.581073761], [-257.839538574, 45.4735603333, 90.9836654663, -42.367816925, 15.7822113037, 137.848632812, 75.892616272, 5.78106880188, 3.86954808235, 19.0281352997, 20.6734542847, -18.6417350769, -10.4124116898], [-407.656768799, 32.3562698364, 46.239440918, -53.8805923462, -3.70492458344, 75.892616272, 159.015136719, 20.8603534698, 17.0683841705, 30.4794807434, 26.2078113556, -18.0348739624, -1.27797365189], [-42.1493186951, -51.2512207031, -12.6720647812, 16.5980415344, 6.82469415665, 5.78106880188, 20.8603534698, 79.8265991211, 30.5940914154, 6.30435085297, 3.17307639122, 12.7724599838, 9.12094783783], [-189.708770752, -85.8783950806, 25.9702415466, 17.0411834717, 25.2524662018, 3.86954808235, 17.0683841705, 30.5940914154, 95.2800674438, 27.4775295258, 17.2624988556, 6.92661094666, 15.0337667465], [54.4872398376, 12.9170942307, -29.4805221558, -30.2418632507, -22.8828544617, 19.0281352997, 30.4794807434, 6.30435085297, 27.4775295258, 103.225074768, 30.085817337, -9.05322551727, -8.56091785431], [-173.080047607, -42.0440139771, 36.7908439636, -17.8287258148, 8.56512355804, 20.6734542847, 26.2078113556, 3.17307639122, 17.2624988556, 30.085817337, 82.813873291, 21.3843078613, 8.25680541992], [106.572013855, -81.6701889038, -43.1061401367, 48.6046676636, 12.5162334442, -18.6417350769, -18.0348739624, 12.7724599838, 6.92661094666, -9.05322551727, 21.3843078613, 82.7287979126, 36.198097229], [-71.7477798462, -78.3941802979, -13.7291650772, 32.3975143433, 23.581073761, -10.4124116898, -1.27797365189, 9.12094783783, 15.0337667465, -8.56091785431, 8.25680541992, 36.198097229, 63.999786377]],
