{
"lowlevel": {
    "average_loudness": 0.791328668594,
    "barkbands_crest": {
        "dmean": 1.75638210773,
        "dmean2": 2.87868523598,
        "dvar": 2.90243053436,
        "dvar2": 7.44252872467,
        "max": 25.2193813324,
        "mean": 7.98154687881,
        "median": 6.97588157654,
        "min": 2.54371261597,
        "var": 11.9657487869
    },
    "barkbands_flatness_db": {
        "dmean": 0.0144604323432,
        "dmean2": 0.0232619959861,
        "dvar": 0.000183322859812,
        "dvar2": 0.000437427777797,
        "max": 0.332365810871,
        "mean": 0.13721896708,
        "median": 0.129702448845,
        "min": 0.0504419319332,
        "var": 0.00203381082974
    },
    "barkbands_kurtosis": {
        "dmean": 1.4011079073,
        "dmean2": 2.25470662117,
        "dvar": 5.48842716217,
        "dvar2": 13.1469068527,
        "max": 65.6091156006,
        "mean": 2.31374979019,
        "median": 0.881599068642,
        "min": -1.90608143806,
        "var": 20.3359966278
    },
    "barkbands_skewness": {
        "dmean": 0.348761886358,
        "dmean2": 0.541668474674,
        "dvar": 0.124322995543,
        "dvar2": 0.277157217264,
        "max": 6.5549993515,
        "mean": 0.654237031937,
        "median": 0.557925581932,
        "min": -3.09141635895,
        "var": 1.86318337917
    },
    "barkbands_spread": {
        "dmean": 3.97363591194,
        "dmean2": 6.19861078262,
        "dvar": 27.650138855,
        "dvar2": 55.0938224792,
        "max": 135.757797241,
        "mean": 21.6071147919,
        "median": 20.2350559235,
        "min": 1.91219294071,
        "var": 139.388336182
    },
    "dissonance": {
        "dmean": 0.014639810659,
        "dmean2": 0.0245118327439,
        "dvar": 0.000257166422671,
        "dvar2": 0.000712582434062,
        "max": 0.500000119209,
        "mean": 0.470670878887,
        "median": 0.478103488684,
        "min": 0.318299502134,
        "var": 0.000714411609806
    },
    "dynamic_complexity": 2.48132562637,
    "erbbands_crest": {
        "dmean": 2.1541762352,
        "dmean2": 3.52141833305,
        "dvar": 4.75112819672,
        "dvar2": 11.6160182953,
        "max": 32.0104827881,
        "mean": 8.42159366608,
        "median": 7.44546985626,
        "min": 2.54128289223,
        "var": 17.6802768707
    },
    "erbbands_flatness_db": {
        "dmean": 0.0130959153175,
        "dmean2": 0.0196394883096,
        "dvar": 0.000150121195475,
        "dvar2": 0.000300972344121,
        "max": 0.341269493103,
        "mean": 0.179480373859,
        "median": 0.182610213757,
        "min": 0.0755365416408,
        "var": 0.00202899822034
    },
    "erbbands_kurtosis": {
        "dmean": 0.68990278244,
        "dmean2": 1.09405374527,
        "dvar": 1.00781214237,
        "dvar2": 2.16193127632,
        "max": 46.8132591248,
        "mean": 0.346130102873,
        "median": 0.0683264732361,
        "min": -1.74445521832,
        "var": 3.40365481377
    },
    "erbbands_skewness": {
        "dmean": 0.290582746267,
        "dmean2": 0.458706200123,
        "dvar": 0.0736500620842,
        "dvar2": 0.169361695647,
        "max": 4.56837129593,
        "mean": 0.0596886388958,
        "median": 0.111046254635,
        "min": -3.21564865112,
        "var": 0.507688641548
    },
    "erbbands_spread": {
        "dmean": 5.47362613678,
        "dmean2": 8.36652088165,
        "dvar": 39.52368927,
        "dvar2": 80.9398651123,
        "max": 145.691421509,
        "mean": 32.3310317993,
        "median": 30.1892204285,
        "min": 2.76446652412,
        "var": 259.476409912
    },
    "hfc": {
        "dmean": 5.01063919067,
        "dmean2": 7.56195497513,
        "dvar": 47.7895355225,
        "dvar2": 101.852478027,
        "max": 138.831710815,
        "mean": 22.2961711884,
        "median": 19.9301338196,
        "min": 1.04570194423e-16,
        "var": 328.505523682
    },
    "melbands_crest": {
        "dmean": 2.31401824951,
        "dmean2": 3.83167791367,
        "dvar": 5.36126565933,
        "dvar2": 14.3558034897,
        "max": 30.998998642,
        "mean": 10.2666130066,
        "median": 9.73512649536,
        "min": 1.44447350502,
        "var": 27.8172225952
    },
    "melbands_flatness_db": {
        "dmean": 0.0159111991525,
        "dmean2": 0.024710714817,
        "dvar": 0.000301709544146,
        "dvar2": 0.000669769477099,
        "max": 0.438374966383,
        "mean": 0.158415406942,
        "median": 0.151950985193,
        "min": 0.00274013518356,
        "var": 0.00702295871451
    },
    "melbands_kurtosis": {
        "dmean": 2.88481688499,
        "dmean2": 4.54578447342,
        "dvar": 29.7362804413,
        "dvar2": 70.6578598022,
        "max": 150.476699829,
        "mean": 6.38770675659,
        "median": 1.91269087791,
        "min": -1.81701695919,
        "var": 124.318504333
    },
    "melbands_skewness": {
        "dmean": 0.431005090475,
        "dmean2": 0.66888654232,
        "dvar": 0.218033194542,
        "dvar2": 0.483780920506,
        "max": 9.43061447144,
        "mean": 1.6242082119,
        "median": 1.3310495615,
        "min": -1.96697998047,
        "var": 2.24695563316
    },
    "melbands_spread": {
        "dmean": 6.81264305115,
        "dmean2": 10.7996006012,
        "dvar": 82.5812606812,
        "dvar2": 177.27973938,
        "max": 250.342834473,
        "mean": 39.4794006348,
        "median": 27.7024765015,
        "min": 1.39841115475,
        "var": 1349.14025879
    },
    "pitch_salience": {
        "dmean": 0.0490151531994,
        "dmean2": 0.0805110558867,
        "dvar": 0.00212803389877,
        "dvar2": 0.00548626529053,
        "max": 0.916359364986,
        "mean": 0.607456088066,
        "median": 0.58834528923,
        "min": 0.156846404076,
        "var": 0.0165230631828
    },
    "silence_rate_20dB": {
        "dmean": 0,
        "dmean2": 0,
        "dvar": 0,
        "dvar2": 0,
        "max": 1,
        "mean": 1,
        "median": 1,
        "min": 1,
        "var": 0
    },
    "silence_rate_30dB": {
        "dmean": 0.00115780939814,
        "dmean2": 0.00231588701718,
        "dvar": 0.00115638854913,
        "dvar2": 0.00300541170873,
        "max": 1,
        "mean": 0.99918961525,
        "median": 1,
        "min": 0,
        "var": 0.000809666584246
    },
    "silence_rate_60dB": {
        "dmean": 0.00671529443935,
        "dmean2": 0.0134321441874,
        "dvar": 0.00667040608823,
        "dvar2": 0.0153374327347,
        "max": 1,
        "mean": 0.135911092162,
        "median": 0,
        "min": 0,
        "var": 0.117442667484
    },
    "spectral_centroid": {
        "dmean": 218.770217896,
        "dmean2": 345.705352783,
        "dvar": 74711.8359375,
        "dvar2": 158742.609375,
        "max": 11956.6962891,
        "mean": 2553.21948242,
        "median": 1734.78991699,
        "min": 215.025222778,
        "var": 8877416
    },
    "spectral_complexity": {
        "dmean": 2.74354529381,
        "dmean2": 4.36521530151,
        "dvar": 9.80596733093,
        "dvar2": 21.9576568604,
        "max": 54,
        "mean": 20.3434829712,
        "median": 19,
        "min": 0,
        "var": 153.184326172
    },
    "spectral_decrease": {
        "dmean": 1.29785038272e-09,
        "dmean2": 2.02159333718e-09,
        "dvar": 2.76807823582e-18,
        "dvar2": 6.34336811703e-18,
        "max": 2.4046807396e-28,
        "mean": -5.55468959718e-09,
        "median": -5.22326359942e-09,
        "min": -3.34986722805e-08,
        "var": 1.53646797005e-17
    },
    "spectral_energy": {
        "dmean": 0.00522993691266,
        "dmean2": 0.00813844054937,
        "dvar": 4.28293315053e-05,
        "dvar2": 9.74696376943e-05,
        "max": 0.133378833532,
        "mean": 0.022987017408,
        "median": 0.0223683528602,
        "min": 9.68064980507e-21,
        "var": 0.000247223651968
    },
    "spectral_energyband_high": {
        "dmean": 0.000279728497844,
        "dmean2": 0.000412714871345,
        "dvar": 4.37086640659e-07,
        "dvar2": 7.84182702773e-07,
        "max": 0.0172921549529,
        "mean": 0.000742843025364,
        "median": 0.00042374082841,
        "min": 6.63109095715e-21,
        "var": 1.46111472077e-06
    },
    "spectral_energyband_low": {
        "dmean": 0.00196081516333,
        "dmean2": 0.00320080621168,
        "dvar": 1.40045513035e-05,
        "dvar2": 3.65312189388e-05,
        "max": 0.0882081612945,
        "mean": 0.00506611494347,
        "median": 0.00299361278303,
        "min": 7.05133023121e-24,
        "var": 4.91546306876e-05
    },
    "spectral_energyband_middle_high": {
        "dmean": 0.00203859992325,
        "dmean2": 0.00317410263233,
        "dvar": 9.04465468921e-06,
        "dvar2": 2.12725135498e-05,
        "max": 0.098043628037,
        "mean": 0.00778755312786,
        "median": 0.00502876844257,
        "min": 1.0315073505e-21,
        "var": 6.16024044575e-05
    },
    "spectral_energyband_middle_low": {
        "dmean": 0.00347967492417,
        "dmean2": 0.00545794982463,
        "dvar": 2.72935194516e-05,
        "dvar2": 6.35898977634e-05,
        "max": 0.0961260125041,
        "mean": 0.0107437735423,
        "median": 0.00785386376083,
        "min": 1.27733266541e-22,
        "var": 0.000118189127534
    },
    "spectral_entropy": {
        "dmean": 0.105160646141,
        "dmean2": 0.157657518983,
        "dvar": 0.0140109276399,
        "dvar2": 0.0279921293259,
        "max": 9.8262386322,
        "mean": 7.75059509277,
        "median": 7.5935382843,
        "min": 5.86479902267,
        "var": 0.629304647446
    },
    "spectral_flux": {
        "dmean": 0.0145258475095,
        "dmean2": 0.0233126506209,
        "dvar": 0.000285867630737,
        "dvar2": 0.000709912623279,
        "max": 0.253242701292,
        "mean": 0.0704448893666,
        "median": 0.07443048805,
        "min": 6.32788474397e-11,
        "var": 0.00154104153626
    },
    "spectral_kurtosis": {
        "dmean": 1.48934149742,
        "dmean2": 2.56320762634,
        "dvar": 3.02075910568,
        "dvar2": 8.72001934052,
        "max": 40.0727767944,
        "mean": 3.82426214218,
        "median": 3.50627231598,
        "min": -1.28006207943,
        "var": 13.1217918396
    },
    "spectral_rms": {
        "dmean": 0.00049515493447,
        "dmean2": 0.000764410069678,
        "dvar": 2.93260086437e-07,
        "dvar2": 6.49488129056e-07,
        "max": 0.0114072645083,
        "mean": 0.00428000511602,
        "median": 0.00467148609459,
        "min": 3.07319642824e-12,
        "var": 4.10795973949e-06
    },
    "spectral_rolloff": {
        "dmean": 348.58984375,
        "dmean2": 581.428649902,
        "dvar": 416620.40625,
        "dvar2": 820252.0625,
        "max": 19789.0136719,
        "mean": 3557.28491211,
        "median": 1916.45507812,
        "min": 86.1328125,
        "var": 28616894
    },
    "spectral_skewness": {
        "dmean": 0.189267292619,
        "dmean2": 0.311016052961,
        "dvar": 0.0338565260172,
        "dvar2": 0.0864737555385,
        "max": 4.96439170837,
        "mean": 1.26475954056,
        "median": 1.30179548264,
        "min": -0.101175673306,
        "var": 0.406371980906
    },
    "spectral_spread": {
        "dmean": 388091.59375,
        "dmean2": 599024.875,
        "dvar": 453245108224,
        "dvar2": 951251566592,
        "max": 43617348,
        "mean": 7508052,
        "median": 3480601,
        "min": 1529553.375,
        "var": 1.28872532148e+14
    },
    "spectral_strongpeak": {
        "dmean": 0.692572593689,
        "dmean2": 1.17638146877,
        "dvar": 1.40062618256,
        "dvar2": 3.49433708191,
        "max": 19.271068573,
        "mean": 1.23708462715,
        "median": 0.676915168762,
        "min": 0,
        "var": 2.84305620193
    },
    "zerocrossingrate": {
        "dmean": 0.00782018899918,
        "dmean2": 0.00991726573557,
        "dvar": 0.000134964575409,
        "dvar2": 0.000158093258506,
        "max": 0.765625,
        "mean": 0.111509859562,
        "median": 0.06884765625,
        "min": 0.0078125,
        "var": 0.0189391095191
    },
    "barkbands": {
        "dmean": [5.72192584514e-05, 0.000864275556523, 0.000925782020204, 0.00135276780929, 0.00131986278575, 0.000753709755372, 0.000752235820983, 0.000505140924361, 0.00073293276364, 0.000648177985568, 0.000421263714088, 0.000407808023738, 0.00041031971341, 0.000486263365019, 0.000502468843479, 0.000364688166883, 0.000371698872186, 0.000262925314019, 0.000186744131497, 0.000161955089425, 0.00011808743875, 6.24799577054e-05, 4.81253082398e-05, 3.97622316086e-05, 1.37521565193e-05, 2.96196276395e-06, 1.47617662538e-09],
        "dmean2": [9.9459401099e-05, 0.00143995333929, 0.00149547506589, 0.00221907347441, 0.00208098627627, 0.001176829217, 0.00119152513798, 0.000784508010838, 0.00113233434968, 0.00100930756889, 0.000680764438584, 0.000657320546452, 0.000675945542753, 0.000790256191976, 0.000830405740999, 0.000602960411925, 0.00062564300606, 0.000434680230683, 0.000299732229905, 0.000258214451605, 0.000188456164324, 9.78269235929e-05, 7.09684754838e-05, 5.42839807167e-05, 1.98976631509e-05, 4.44984834758e-06, 2.69184696755e-09],
        "dvar": [6.97934199323e-09, 2.48140781878e-06, 3.78689355784e-06, 9.47273747443e-06, 7.15224950909e-06, 2.32431398217e-06, 2.98011423183e-06, 1.56275859808e-06, 2.51200845014e-06, 2.10360781239e-06, 1.12405746222e-06, 1.59653859555e-06, 1.15936143175e-06, 1.17125443921e-06, 1.06219090412e-06, 6.94951438618e-07, 7.01002420556e-07, 4.33896701679e-07, 1.39141775435e-07, 1.47346369772e-07, 7.27489961605e-08, 2.61722519213e-08, 3.15783097449e-08, 3.67542831725e-08, 6.16750739368e-09, 1.03727908207e-10, 2.85307398025e-17],
        "dvar2": [1.98544327645e-08, 7.005408861e-06, 9.51738638832e-06, 2.54471160588e-05, 1.72202253452e-05, 5.33694264959e-06, 7.25193740436e-06, 3.43159672411e-06, 5.6887934079e-06, 4.58068961962e-06, 2.90085404231e-06, 3.42497946804e-06, 2.7156561373e-06, 2.77711365015e-06, 2.6227669423e-06, 1.56025646447e-06, 1.86035697425e-06, 1.16688772778e-06, 3.41894462963e-07, 3.37054899546e-07, 1.60770440516e-07, 5.6606197063e-08, 5.71540930139e-08, 6.08187704643e-08, 1.20741363574e-08, 2.23001728195e-10, 7.91816920831e-17],
        "max": [0.000936613592785, 0.0518835633993, 0.048704918474, 0.0593456923962, 0.0546562001109, 0.033052675426, 0.039013132453, 0.044477622956, 0.0389323346317, 0.0515363886952, 0.0282239187509, 0.0943766310811, 0.0523708276451, 0.0287160128355, 0.0233454871923, 0.0251936614513, 0.0282429363579, 0.026062771678, 0.00763658713549, 0.0134619763121, 0.00816728360951, 0.00482572708279, 0.00910545792431, 0.00775249814615, 0.00364826689474, 0.000228123666602, 1.74012242837e-07],
        "mean": [6.95327980793e-05, 0.00205118535087, 0.00182559189852, 0.00225960090756, 0.00290757417679, 0.00154009542894, 0.00133742112666, 0.00090119196102, 0.0013530945871, 0.00118571333587, 0.000802764785476, 0.000742421427276, 0.000737824011594, 0.000909045687877, 0.000970594468527, 0.000732568558306, 0.000770157261286, 0.000588995811995, 0.000380648300052, 0.000344459054759, 0.000236982246861, 0.000133473236929, 9.66441657511e-05, 7.93136132415e-05, 2.54083315667e-05, 4.73962609249e-06, 1.24847254757e-09],
        "median": [3.90348759538e-05, 0.00106753257569, 0.000771550054196, 0.000557080609724, 0.00134777813219, 0.000571065931581, 0.000347030174453, 0.000266239221673, 0.000373229704564, 0.000378601776902, 0.000209438992897, 0.00019030761905, 0.000204716125154, 0.000212736980757, 0.000323576765368, 0.000184975593584, 0.000247241347097, 0.000157729708008, 0.000211300473893, 0.000161301868502, 0.000117026778753, 5.37958912901e-05, 3.79508201149e-05, 2.66652241407e-05, 6.04337401455e-06, 8.69512007284e-07, 4.06779221418e-10],
        "min": [1.50797689218e-25, 1.13729416035e-24, 2.52170703578e-25, 4.69890470917e-25, 3.48143486794e-24, 2.29275933722e-24, 4.0583103097e-24, 3.43006740124e-24, 4.61172423927e-24, 6.84007328079e-24, 8.13049589386e-24, 1.7694910566e-23, 2.30399480699e-23, 2.61506301453e-23, 2.97531922386e-23, 3.80483454915e-23, 4.76717922029e-23, 4.60479882938e-23, 1.0090073083e-22, 1.17168790811e-22, 2.11799434285e-22, 2.61993328398e-22, 3.29954894452e-22, 4.79137453089e-22, 7.08304550038e-22, 1.19551024527e-21, 1.8541301898e-21],
        "var": [8.65013927154e-09, 9.64408445725e-06, 9.36452943279e-06, 2.0261912141e-05, 1.94938183995e-05, 6.37478115095e-06, 7.54356960897e-06, 4.31004673374e-06, 7.62680110711e-06, 6.46610851618e-06, 4.06153912991e-06, 3.42045996149e-06, 2.28741873798e-06, 3.30157558892e-06, 2.69940869657e-06, 1.8691588366e-06, 1.92756215256e-06, 1.7203248035e-06, 2.90902761435e-07, 3.47414896851e-07, 1.44470249097e-07, 5.80561838603e-08, 8.28374453476e-08, 1.13232609067e-07, 1.48293501923e-08, 1.65673572083e-10, 1.97836323883e-17]
    },
    "erbbands": {
        "dmean": [0.0200040508062, 0.220494136214, 0.859080910683, 2.95859622955, 4.86404943466, 3.98704123497, 5.2409863472, 6.35240459442, 9.93430900574, 10.9986248016, 10.332072258, 16.2123832703, 20.1233596802, 17.755941391, 16.6062259674, 16.781539917, 18.005235672, 23.0048599243, 24.7740840912, 20.9440975189, 19.6026077271, 17.9242649078, 13.140007019, 10.7164497375, 9.43731689453, 7.30911779404, 6.03382110596, 3.22334504128, 2.30155158043, 1.80504536629, 1.29518473148, 0.901244699955, 0.625267982483, 0.224885448813, 0.0615421943367, 0.0211698878556, 0.00407299771905, 0.000209048695979, 7.5265443229e-06, 6.48653804092e-06],
        "dmean2": [0.0334310531616, 0.367458373308, 1.40237796307, 4.84561395645, 7.66524505615, 6.36366224289, 8.19483375549, 9.97148513794, 15.6166410446, 17.090379715, 16.016866684, 24.9645729065, 31.0235862732, 27.6295204163, 26.0664863586, 27.0643463135, 29.2404499054, 37.0233001709, 40.6906204224, 34.499546051, 32.1723022461, 30.0501213074, 21.7653121948, 17.1582927704, 15.2070207596, 11.5963487625, 9.72849750519, 5.05321407318, 3.62073850632, 2.72876977921, 1.89990127087, 1.27567338943, 0.872188270092, 0.312985688448, 0.0923307240009, 0.0320385321975, 0.00606837822124, 0.00032293095137, 1.11618037408e-05, 9.99656094791e-06],
        "dvar": [0.0014567123726, 0.165095865726, 2.95029711723, 46.3743858337, 146.361541748, 65.1216430664, 115.525749207, 220.887390137, 559.419250488, 734.004882812, 572.773864746, 1272.87524414, 2077.48291016, 1977.34765625, 1428.64550781, 2097.7824707, 2304.0925293, 2697.66894531, 2630.29785156, 2267.95800781, 2213.35351562, 1938.61218262, 948.737854004, 532.68157959, 490.017669678, 270.40814209, 204.136688232, 61.6962051392, 31.3717403412, 39.1202926636, 24.829826355, 17.9327297211, 10.5522880554, 1.65264999866, 0.146760910749, 0.00547526078299, 0.000265766284429, 8.58045495988e-07, 4.38996700103e-10, 6.37471672671e-11],
        "dvar2": [0.00398316094652, 0.467938244343, 7.57933759689, 124.217086792, 336.215179443, 162.322189331, 268.354095459, 499.67086792, 1381.08093262, 1676.60900879, 1229.56640625, 2816.23657227, 4727.70751953, 4107.80761719, 3111.55419922, 4788.14453125, 5200.3984375, 6402.01757812, 6482.55908203, 6034.26025391, 4936.05859375, 5213.90771484, 2669.70483398, 1277.34130859, 1141.72509766, 610.71472168, 469.363861084, 123.690803528, 65.8482284546, 79.8559188843, 44.8651428223, 32.0037498474, 17.073513031, 2.9404399395, 0.334537029266, 0.0116133177653, 0.000544930517208, 1.93653227143e-06, 9.27640131376e-10, 1.40306627427e-10],
        "max": [1.44504261017, 12.5459566116, 34.7730712891, 168.313690186, 287.815612793, 211.436889648, 193.742782593, 404.18081665, 596.870422363, 892.131713867, 603.707458496, 1000.85241699, 1186.63598633, 2307.06958008, 1424.48852539, 2754.515625, 2774.62890625, 1499.97216797, 1454.13635254, 1130.03430176, 1372.23168945, 1363.31005859, 824.13458252, 1065.22058105, 510.161743164, 567.633117676, 516.257324219, 361.984985352, 181.246063232, 285.491760254, 238.498687744, 184.482177734, 161.911468506, 64.4136047363, 19.6349925995, 2.3256342411, 0.678418874741, 0.0251518562436, 0.000505907111801, 0.000154162975377],
        "mean": [0.0483985804021, 0.513907670975, 1.80718529224, 5.42354679108, 9.54007816315, 8.33783435822, 11.3076639175, 12.598772049, 18.2658653259, 20.5233821869, 19.8953037262, 30.995513916, 37.6871757507, 35.3029823303, 32.8518562317, 31.7568740845, 35.0135498047, 45.894329071, 49.8917579651, 44.9521331787, 43.6138687134, 40.5410003662, 31.6430568695, 25.8208904266, 19.2438182831, 16.1224021912, 12.8777570724, 6.89531373978, 4.93136167526, 3.62047195435, 2.6004986763, 1.83983469009, 1.19274365902, 0.428357571363, 0.109349161386, 0.036744248122, 0.00580426957458, 0.000256213417742, 2.21827413043e-05, 2.92831246043e-05],
        "median": [0.0219219345599, 0.274957060814, 0.891387104988, 1.8405175209, 2.90937948227, 3.85114383698, 4.11102771759, 4.82533502579, 5.69018173218, 5.87718248367, 7.60858917236, 9.76714897156, 12.8343782425, 12.2047424316, 12.1033611298, 9.75845336914, 11.8122167587, 12.5785198212, 18.9474906921, 14.247833252, 12.9568347931, 12.7263774872, 9.78128051758, 10.4453277588, 10.5693445206, 7.57146930695, 6.4244556427, 3.53674960136, 2.06090164185, 1.34148597717, 1.06546103954, 0.685301184654, 0.350682199001, 0.102233022451, 0.0263276845217, 0.00743654975668, 0.000915659125894, 3.49120491592e-05, 1.80797287612e-05, 2.9426335459e-05],
        "min": [2.49557030891e-23, 2.93132937367e-22, 1.0235809771e-21, 2.34601205053e-21, 3.06644758997e-21, 1.04700644528e-20, 3.13496702331e-20, 2.59213168503e-20, 7.92904445167e-20, 7.18134943364e-20, 1.21986832324e-19, 1.21116250579e-19, 3.73121166892e-19, 4.59822723182e-19, 7.45755796487e-19, 1.07841573391e-18, 1.19524227753e-18, 1.64999412506e-18, 1.38787764954e-18, 1.59437367349e-18, 2.63671368274e-18, 3.20610883407e-18, 3.69681450052e-18, 4.76496730117e-18, 5.8849681962e-18, 6.73380026129e-18, 6.69284448121e-18, 7.29696302029e-18, 9.33384482068e-18, 8.48791864109e-18, 9.34254427919e-18, 8.98430062769e-18, 7.67744376819e-18, 6.32988962254e-18, 5.07090418662e-18, 3.63783859079e-18, 2.00581165582e-18, 8.79898073762e-19, 2.14896081844e-19, 2.37683240434e-20],
        "var": [0.00633409852162, 0.587969005108, 7.67260217667, 103.684204102, 352.132263184, 172.941619873, 366.264526367, 576.419372559, 1407.3157959, 1976.74719238, 1539.83361816, 3806.71801758, 5594.22265625, 6588.85742188, 4298.22802734, 4383.47753906, 4960.03808594, 7983.12548828, 7178.18066406, 6076.39453125, 6857.93017578, 5736.14794922, 3389.18457031, 2301.45410156, 863.684997559, 695.120117188, 524.537841797, 122.579071045, 72.4399108887, 83.4972991943, 64.9850234985, 49.2074203491, 33.1051597595, 4.56883430481, 0.239016383886, 0.010121920146, 0.000355730415322, 9.21790501707e-07, 7.91696097568e-10, 3.79952569407e-10]
    },
    "gfcc": {
        "mean": [-123.085479736, 93.6522827148, -135.24041748, 37.6728935242, -56.9454879761, 14.348736763, -33.2118873596, 5.41729402542, -17.2366657257, -2.73643732071, -9.78512191772, -7.52785491943, -2.38078022003],
        "cov": [[124630.921875, 10931.1679688, -16340.9482422, 4786.26025391, -6976.76708984, 1653.42492676, -4074.50878906, 688.812683105, -2119.359375, -319.007507324, -1236.4395752, -941.263977051, -373.491851807], [10931.1679688, 2525.00146484, -721.315673828, 522.695129395, -410.33505249, 2.96746015549, -243.292282104, -116.848022461, -188.776947021, -161.045639038, -40.5857810974, -297.190460205, 8.6241569519], [-16340.9482422, -721.315673828, 3422.06054688, -306.03717041, 1010.49090576, -315.924072266, 472.384552002, -129.40171814, 194.715408325, -12.3530302048, 86.9932785034, 80.1583862305, -26.240436554], [4786.26025391, 522.695129395, -306.03717041, 534.441101074, -232.43359375, -31.4035320282, -213.568939209, 0.987843096256, -78.360824585, -59.7304267883, -57.9890098572, -49.5490531921, -20.4773349762], [-6976.76708984, -410.33505249, 1010.49090576, -232.43359375, 587.425842285, -83.2088394165, 248.886917114, -33.1625671387, 107.424995422, 28.7456054688, 45.9414787292, 41.7510452271, 19.519241333], [1653.42492676, 2.96746015549, -315.924072266, -31.4035320282, -83.2088394165, 235.192214966, 19.5491962433, 26.7216567993, -31.8339004517, 30.3925304413, -16.1412792206, -16.2024402618, 0.514569997787], [-4074.50878906, -243.292282104, 472.384552002, -213.568939209, 248.886917114, 19.5491962433, 292.885498047, -13.993637085, 64.9106826782, 20.0208415985, 63.6726150513, -17.016954422, 21.9450569153], [688.812683105, -116.848022461, -129.40171814, 0.987843096256, -33.1625671387, 26.7216567993, -13.993637085, 125.002593994, 11.795042038, 29.3992729187, -29.2312107086, 33.8615608215, -13.9500026703], [-2119.359375, -188.776947021, 194.715408325, -78.360824585, 107.424995422, -31.8339004517, 64.9106826782, 11.795042038, 126.879341125, 13.9064760208, 35.061958313, 14.8706979752, 17.183473587], [-319.007507324, -161.045639038, -12.3530302048, -59.7304267883, 28.7456054688, 30.3925304413, 20.0208415985, 29.3992729187, 13.9064760208, 86.6492156982, 4.2224612236, 27.7080211639, -11.4438791275], [-1236.4395752, -40.5857810974, 86.9932785034, -57.9890098572, 45.9414787292, -16.1412792206, 63.6726150513, -29.2312107086, 35.061958313, 4.2224612236, 114.079994202, 6.06853199005, 33.2815093994], [-941.263977051, -297.190460205, 80.1583862305, -49.5490531921, 41.7510452271, -16.2024402618, -17.016954422, 33.8615608215, 14.8706979752, 27.7080211639, 6.06853199005, 133.498474121, -0.686592161655], [-373.491851807, 8.6241569519, -26.240436554, -20.4773349762, 19.519241333, 0.514569997787, 21.9450569153, -13.9500026703, 17.183473587, -11.4438791275, 33.2815093994, -0.686592161655, 81.7353057861]],
        "icov": [[0.000429159845226, -0.00109110085759, 0.000937667908147, -0.00110356824007, 0.00132714747451, -0.00101392809302, 0.00113743031397, -0.00122647744138, 0.00145159754902, -0.00107969052624, 0.00083864183398, -0.000431021326222, 0.000474019820103], [-0.00109110085759, 0.00351887312718, -0.0023496823851, 0.00244442233816, -0.00335616129451, 0.00261907372624, -0.00260713673197, 0.00326699158177, -0.0031355402898, 0.00322307436727, -0.00242002331652, 0.00244859303348, -0.00134003954008], [0.000937667908147, -0.0023496823851, 0.00278304819949, -0.00262391171418, 0.00192155689001, -0.00168509490322, 0.00190199888311, -0.00220591016114, 0.00306133553386, -0.0020184898749, 0.00193458376452, -0.00126921141054, 0.00170868448913], [-0.00110356824007, 0.00244442233816, -0.00262391171418, 0.00612442521378, -0.00296555575915, 0.00283580902033, -0.00105890003033, 0.00248007290065, -0.00334115698934, 0.00365241384134, -0.00201585772447, 0.00171673472505, -0.00116173492279], [0.00132714747451, -0.00335616129451, 0.00192155689001, -0.00296555575915, 0.00894761737436, -0.00254974281415, 0.00140838383231, -0.0031277127564, 0.0033894830849, -0.00446229148656, 0.00379773136228, -0.0021256019827, 0.000358212535502], [-0.00101392809302, 0.00261907372624, -0.00168509490322, 0.00283580902033, -0.00254974281415, 0.00831538811326, -0.00458676880226, 0.00256335828453, -0.00213011843152, 0.000681048841216, -0.00089273188496, 0.00144597573671, -0.00159566453658], [0.00113743031397, -0.00260713673197, 0.00190199888311, -0.00105890003033, 0.00140838383231, -0.00458676880226, 0.0117441359907, -0.00467597227544, 0.00375684374012, -0.00233417586423, -0.00101343879942, 0.00248320703395, 0.000876136706211], [-0.00122647744138, 0.00326699158177, -0.00220591016114, 0.00248007290065, -0.0031277127564, 0.00256335828453, -0.00467597227544, 0.0146897658706, -0.0064799063839, 0.000626368506346, 0.00101423193701, -0.00161942082923, -0.000519194465596], [0.00145159754902, -0.0031355402898, 0.00306133553386, -0.00334115698934, 0.0033894830849, -0.00213011843152, 0.00375684374012, -0.0064799063839, 0.0163344834, -0.00401292135939, 0.000262028421275, -1.77974288817e-05, 9.63066777331e-05], [-0.00107969052624, 0.00322307436727, -0.0020184898749, 0.00365241384134, -0.00446229148656, 0.000681048841216, -0.00233417586423, 0.000626368506346, -0.00401292135939, 0.0184261556715, -0.00375711778179, -4.5741086069e-05, 0.00174121896271], [0.00083864183398, -0.00242002331652, 0.00193458376452, -0.00201585772447, 0.00379773136228, -0.00089273188496, -0.00101343879942, 0.00101423193701, 0.000262028421275, -0.00375711778179, 0.014713762328, -0.00299955718219, -0.00285009900108], [-0.000431021326222, 0.00244859303348, -0.00126921141054, 0.00171673472505, -0.0021256019827, 0.00144597573671, 0.00248320703395, -0.00161942082923, -1.77974288817e-05, -4.5741086069e-05, -0.00299955718219, 0.0130105512217, -0.00132188142743], [0.000474019820103, -0.00134003954008, 0.00170868448913, -0.00116173492279, 0.000358212535502, -0.00159566453658, 0.000876136706211, -0.000519194465596, 9.63066777331e-05, 0.00174121896271, -0.00285009900108, -0.00132188142743, 0.0157731771469]]
    },
    "melbands": {
        "dmean": [0.000206279597478, 0.000376467243768, 0.00055522978073, 0.000308754126308, 0.000175548702828, 0.000142220567795, 0.000153122862685, 0.000117779331049, 8.80994193722e-05, 0.000106146399048, 0.000102256286482, 7.4619994848e-05, 5.81800668442e-05, 5.00703208672e-05, 4.2522628064e-05, 3.95860297431e-05, 4.74046246381e-05, 4.29383471783e-05, 3.37099118042e-05, 2.68689291261e-05, 2.48746036959e-05, 2.13368239201e-05, 1.67426187545e-05, 1.39427174872e-05, 8.99772112462e-06, 6.96457345839e-06, 7.25488735043e-06, 4.73349655294e-06, 4.4334337872e-06, 2.99012208416e-06, 1.82148380645e-06, 1.50414166455e-06, 1.15930379252e-06, 1.04964294678e-06, 8.27554970328e-07, 6.35126923498e-07, 5.99162092385e-07, 5.20374953794e-07, 3.14554057468e-07, 1.68677502188e-07],
        "dmean2": [0.000342698505847, 0.000618282123469, 0.000892197189387, 0.000489754893351, 0.000275973405223, 0.000223669558181, 0.000240836918238, 0.00018252011796, 0.00013614956697, 0.000164155571838, 0.000157772970852, 0.00011622603779, 9.23437983147e-05, 7.98810797278e-05, 6.94846821716e-05, 6.49813300697e-05, 7.64560463722e-05, 7.05739003024e-05, 5.55464393983e-05, 4.44392790087e-05, 4.07941115554e-05, 3.57577155228e-05, 2.77069138974e-05, 2.30799523706e-05, 1.43662782648e-05, 1.131292629e-05, 1.1765158888e-05, 7.50556955609e-06, 7.17779403203e-06, 4.80464723296e-06, 2.88462638309e-06, 2.41388170252e-06, 1.83351494343e-06, 1.60872582455e-06, 1.24896837406e-06, 9.39503479458e-07, 8.61358955717e-07, 7.4425463481e-07, 4.51404446267e-07, 2.45663500209e-07],
        "dvar": [1.42552707416e-07, 5.34745424829e-07, 1.39910503094e-06, 4.47270764425e-07, 1.12144462605e-07, 1.00332975705e-07, 1.25194887346e-07, 8.12599267874e-08, 3.8007573977e-08, 5.44917959644e-08, 5.27182244525e-08, 3.61139242955e-08, 1.83217974126e-08, 3.11341423753e-08, 9.17272480194e-09, 1.01645509787e-08, 1.23912355932e-08, 8.24745871597e-09, 5.38869349143e-09, 3.72079678179e-09, 3.44168116229e-09, 3.32090266397e-09, 1.81307757696e-09, 1.64132418767e-09, 4.03584610176e-10, 1.87994148027e-10, 3.82533504872e-10, 1.35372352217e-10, 1.23034638033e-10, 4.51082782238e-11, 2.03698811291e-11, 1.24767097695e-11, 1.36310017093e-11, 1.30384088942e-11, 1.04743904522e-11, 6.75388954832e-12, 9.85631888606e-12, 7.28797924787e-12, 3.8228964265e-12, 1.13584998612e-12],
        "dvar2": [3.9243059291e-07, 1.4030966895e-06, 3.59815885531e-06, 1.09135373805e-06, 2.61554021108e-07, 2.29646772709e-07, 3.04802313167e-07, 1.84132062486e-07, 8.08337574654e-08, 1.20644585877e-07, 1.1975744485e-07, 7.52337854237e-08, 4.47737278364e-08, 6.42889048663e-08, 2.29887682224e-08, 2.44926301463e-08, 2.91778636807e-08, 2.03619716643e-08, 1.34234863225e-08, 9.33299659778e-09, 7.870970542e-09, 8.97278074063e-09, 5.0587107836e-09, 4.51796422496e-09, 9.53910395118e-10, 4.58956650462e-10, 9.1031859828e-10, 3.04809621987e-10, 2.91014101705e-10, 1.04937655787e-10, 4.29193486307e-11, 2.77331803356e-11, 3.18789057652e-11, 2.63976878551e-11, 2.04742039295e-11, 1.18988820533e-11, 1.91845584557e-11, 1.24352533479e-11, 7.60468684552e-12, 2.43487955492e-12],
        "max": [0.0142663810402, 0.0139964874834, 0.023660345003, 0.0137557126582, 0.00766945444047, 0.00796602386981, 0.00898354314268, 0.0098804840818, 0.00408897129819, 0.00579157099128, 0.00576721830294, 0.00969952624291, 0.00328893517144, 0.0142849804834, 0.00433132052422, 0.00400339253247, 0.00337727717124, 0.0026691115927, 0.00218447810039, 0.00146798521746, 0.00161060784012, 0.00177753495518, 0.00100043322891, 0.00143244175706, 0.000872457865626, 0.000328042922774, 0.000422462297138, 0.000558244995773, 0.00035525317071, 0.000242796828388, 0.000219553374336, 0.000110464803583, 0.000138210016303, 0.000166748548509, 0.000174896209501, 0.000120989490824, 0.000143867786392, 0.00013236340601, 0.000128137631691, 5.08291268488e-05],
        "mean": [0.000520244240761, 0.0008696524892, 0.00108201534022, 0.000646346015856, 0.000389847584302, 0.000284194567939, 0.000283723784378, 0.000218248562305, 0.000165604433278, 0.000198200941668, 0.000186779245269, 0.000142204793519, 0.000113475500257, 9.01505409274e-05, 7.47727535781e-05, 7.3667964898e-05, 8.73969911481e-05, 7.99127083155e-05, 6.5536078182e-05, 5.26178555447e-05, 5.04532945342e-05, 4.31316912e-05, 3.32745366904e-05, 2.99752773572e-05, 1.95993852685e-05, 1.35534919536e-05, 1.3066178326e-05, 9.94410947897e-06, 8.95460561878e-06, 5.49985634279e-06, 3.49380661646e-06, 2.98411396216e-06, 2.18146215047e-06, 1.92678294297e-06, 1.53115763624e-06, 1.24033488191e-06, 1.1048931583e-06, 9.32573243517e-07, 5.54230325633e-07, 2.93587646638e-07],
        "median": [0.000264217960648, 0.000494556967169, 0.000385219755117, 0.000268365780357, 0.000160823343322, 0.00010611624748, 8.51362565299e-05, 6.42412342131e-05, 5.93275908614e-05, 5.64055553696e-05, 5.74905898247e-05, 4.21017721237e-05, 3.38780191669e-05, 2.66748174909e-05, 2.23495189857e-05, 2.10886682908e-05, 2.00650429178e-05, 2.72302495432e-05, 2.10266352951e-05, 1.54714616656e-05, 1.43211836985e-05, 1.24981352201e-05, 9.64305127127e-06, 7.36131823942e-06, 7.18327646609e-06, 7.51693323764e-06, 5.95846086071e-06, 4.46814601673e-06, 3.98294969273e-06, 2.53852817877e-06, 1.57526574185e-06, 1.22451410789e-06, 7.77668674345e-07, 6.7652507596e-07, 6.04479851063e-07, 4.84187296479e-07, 3.69168958514e-07, 2.57518536273e-07, 1.35650708444e-07, 6.36464960735e-08],
        "min": [3.22511581603e-25, 3.87190139311e-25, 5.27815689023e-25, 8.00047396591e-25, 8.52948063769e-25, 7.02582596371e-25, 9.86685723791e-25, 9.58468662249e-25, 7.04290578839e-25, 7.516539355e-25, 1.07941553434e-24, 1.43330770693e-24, 1.96652334606e-24, 2.19817294253e-24, 1.76014905022e-24, 2.17395747653e-24, 1.86521940634e-24, 1.59036389809e-24, 2.13636154908e-24, 3.27522051364e-24, 2.25204346488e-24, 2.85836807031e-24, 2.86380470245e-24, 1.71358791579e-24, 3.27226780728e-24, 3.35144005709e-24, 3.95380438356e-24, 3.91014448233e-24, 3.25142807431e-24, 4.31953134327e-24, 2.43397963875e-24, 4.24716716028e-24, 4.74156522224e-24, 3.35118801603e-24, 3.83900303374e-24, 5.05523919513e-24, 4.90851185562e-24, 4.59258962915e-24, 4.2974053726e-24, 5.03476194375e-24],
        "var": [6.7244212687e-07, 1.51723622821e-06, 3.42342036674e-06, 1.13920452804e-06, 3.82803960974e-07, 2.67402072041e-07, 3.26333292833e-07, 2.27751769444e-07, 1.02562353277e-07, 1.62297681072e-07, 1.44227101373e-07, 1.2069185118e-07, 6.6256603759e-08, 6.46764064527e-08, 1.83404864629e-08, 2.11083825974e-08, 3.48773916414e-08, 2.13599768983e-08, 1.26779484688e-08, 8.30368662719e-09, 1.01654391571e-08, 8.31765234466e-09, 4.36574199014e-09, 6.10598327455e-09, 1.52205781312e-09, 4.07386679946e-10, 5.37920208377e-10, 3.57874868628e-10, 3.54462709184e-10, 7.88565185372e-11, 3.65341160102e-11, 2.68169635803e-11, 2.44906716435e-11, 2.78064897496e-11, 2.32914625087e-11, 1.97647904987e-11, 2.22090488361e-11, 2.13396279813e-11, 9.19823332085e-12, 2.18083559024e-12]
    },
    "mfcc": {
        "mean": [-682.871643066, 106.145828247, -18.3383464813, 20.0037727356, -0.92399507761, 5.50147914886, -2.56894731522, 2.52942943573, -0.90615439415, 4.67035341263, -4.98277950287, 0.0375639759004, -3.39914321899],
        "cov": [[27789.0253906, 4922.12353516, -1355.16369629, 1124.5526123, -185.10383606, 208.868240356, -227.729049683, 102.869941711, -80.5863952637, 258.896514893, -255.246383667, 21.6469688416, -186.858062744], [4922.12353516, 2748.02441406, 281.230224609, 511.359802246, 122.366218567, 146.604736328, 95.4427947998, -9.14570331573, -49.8028678894, 144.001663208, -130.564315796, -53.392665863, -73.1831588745], [-1355.16369629, 281.230224609, 1014.09619141, 325.212585449, 171.056945801, 10.5231981277, 23.9265003204, -16.6890716553, -37.9393615723, -22.0343608856, -59.0626602173, -24.2062034607, -28.5192451477], [1124.5526123, 511.359802246, 325.212585449, 517.658203125, 142.103286743, -24.5372238159, -44.8654785156, -12.8729248047, -26.0863037109, -24.6846313477, -70.5981445312, 6.88911390305, -27.4239692688], [-185.10383606, 122.366218567, 171.056945801, 142.103286743, 193.515350342, 8.60933017731, -16.7724742889, -3.72053408623, 15.036108017, -25.2276477814, -23.1760940552, 0.29866412282, 2.70498251915], [208.868240356, 146.604736328, 10.5231981277, -24.5372238159, 8.60933017731, 148.98097229, 61.80052948, 2.46314096451, 2.60081863403, 28.3348407745, 3.99682593346, -20.4199962616, -1.30462896824], [-227.729049683, 95.4427947998, 23.9265003204, -44.8654785156, -16.7724742889, 61.80052948, 162.256759644, 5.9149055481, 3.22620034218, 54.0994796753, -13.2764291763, -15.5822534561, 5.14133691788], [102.869941711, -9.14570331573, -16.6890716553, -12.8729248047, -3.72053408623, 2.46314096451, 5.9149055481, 81.6030654907, 24.6163921356, -7.34601306915, 15.8318824768, 6.55558919907, -1.43297529221], [-80.5863952637, -49.8028678894, -37.9393615723, -26.0863037109, 15.036108017, 2.60081863403, 3.22620034218, 24.6163921356, 90.9275817871, 23.6708946228, 13.1708898544, -8.66552066803, -0.282189279795], [258.896514893, 144.001663208, -22.0343608856, -24.6846313477, -25.2276477814, 28.3348407745, 54.0994796753, -7.34601306915, 23.6708946228, 129.22114563, 2.89779829979, -23.5614624023, -16.9121665955], [-255.246383667, -130.564315796, -59.0626602173, -70.5981445312, -23.1760940552, 3.99682593346, -13.2764291763, 15.8318824768, 13.1708898544, 2.89779829979, 93.292388916, 19.0950241089, 0.704950392246], [21.6469688416, -53.392665863, -24.2062034607, 6.88911390305, 0.29866412282, -20.4199962616, -15.5822534561, 6.55558919907, -8.66552066803, -23.5614624023, 19.0950241089, 79.9798431396, 23.4829521179], [-186.858062744, -73.1831588745, -28.5192451477, -27.4239692688, 2.70498251915, -1.30462896824, 5.14133691788, -1.43297529221, -0.282189279795, -16.9121665955, 0.704950392246, 23.4829521179, 78.0098800659]],
