{
"lowlevel": {
    "average_loudness": 0.799539983273,
    "barkbands_crest": {
        "dmean": 1.93492877483,
        "dmean2": 3.05150365829,
        "dvar": 3.72566175461,
        "dvar2": 8.71128082275,
        "max": 26.4122543335,
        "mean": 9.60598754883,
        "median": 8.2883939743,
        "min": 2.51465463638,
        "var": 20.3206291199
    },
    "barkbands_flatness_db": {
        "dmean": 0.0157930590212,
        "dmean2": 0.024635611102,
        "dvar": 0.00025794384419,
        "dvar2": 0.000574148376472,
        "max": 0.4289688766,
        "mean": 0.162359803915,
        "median": 0.156749665737,
        "min": 0.0177698004991,
        "var": 0.00384513218887
    },
    "barkbands_kurtosis": {
        "dmean": 2.77592182159,
        "dmean2": 4.32109355927,
        "dvar": 52.014755249,
        "dvar2": 115.477561951,
        "max": 246.411422729,
        "mean": 6.1286110878,
        "median": 3.00859212875,
        "min": -1.88309240341,
        "var": 205.904144287
    },
    "barkbands_skewness": {
        "dmean": 0.41652366519,
        "dmean2": 0.633861064911,
        "dvar": 0.264206409454,
        "dvar2": 0.54336732626,
        "max": 13.330906868,
        "mean": 1.01124119759,
        "median": 1.01157009602,
        "min": -3.70269298553,
        "var": 2.75648617744
    },
    "barkbands_spread": {
        "dmean": 3.30914115906,
        "dmean2": 5.14424419403,
        "dvar": 24.4950027466,
        "dvar2": 54.1222076416,
        "max": 91.0883636475,
        "mean": 15.9756784439,
        "median": 13.2432489395,
        "min": 0.30836391449,
        "var": 128.595809937
    },
    "dissonance": {
        "dmean": 0.0221323780715,
        "dmean2": 0.036781065166,
        "dvar": 0.000534988532308,
        "dvar2": 0.00137731886934,
        "max": 0.5,
        "mean": 0.442546606064,
        "median": 0.452674210072,
        "min": 0.214902192354,
        "var": 0.00216689822264
    },
    "dynamic_complexity": 2.41151785851,
    "erbbands_crest": {
        "dmean": 2.31475973129,
        "dmean2": 3.63787174225,
        "dvar": 5.33301734924,
        "dvar2": 12.9541778564,
        "max": 29.4714984894,
        "mean": 10.2216892242,
        "median": 9.36179256439,
        "min": 2.2866230011,
        "var": 27.2424030304
    },
    "erbbands_flatness_db": {
        "dmean": 0.0139837013558,
        "dmean2": 0.0207404624671,
        "dvar": 0.000189737911569,
        "dvar2": 0.000384785467759,
        "max": 0.394849419594,
        "mean": 0.190032884479,
        "median": 0.192481383681,
        "min": 0.046275511384,
        "var": 0.00251406943426
    },
    "erbbands_kurtosis": {
        "dmean": 1.47140753269,
        "dmean2": 2.26951289177,
        "dvar": 6.45679283142,
        "dvar2": 14.8441867828,
        "max": 84.2138519287,
        "mean": 2.42910885811,
        "median": 0.801558494568,
        "min": -1.83903193474,
        "var": 24.1132717133
    },
    "erbbands_skewness": {
        "dmean": 0.338989555836,
        "dmean2": 0.514350295067,
        "dvar": 0.133257865906,
        "dvar2": 0.275443792343,
        "max": 7.85621786118,
        "mean": 0.757212102413,
        "median": 0.704600870609,
        "min": -3.40915250778,
        "var": 1.2064538002
    },
    "erbbands_spread": {
        "dmean": 5.24226379395,
        "dmean2": 7.97389888763,
        "dvar": 50.6538658142,
        "dvar2": 107.422042847,
        "max": 126.674339294,
        "mean": 26.8628845215,
        "median": 24.849691391,
        "min": 1.84801483154,
        "var": 205.386169434
    },
    "hfc": {
        "dmean": 3.89627766609,
        "dmean2": 5.86737680435,
        "dvar": 34.6797180176,
        "dvar2": 67.6961135864,
        "max": 188.769546509,
        "mean": 19.4213867188,
        "median": 16.9811267853,
        "min": 1.03340951093e-16,
        "var": 283.998931885
    },
    "melbands_crest": {
        "dmean": 2.35561728477,
        "dmean2": 3.75318837166,
        "dvar": 5.75637197495,
        "dvar2": 14.2611732483,
        "max": 34.3856582642,
        "mean": 11.3540153503,
        "median": 10.5720729828,
        "min": 1.42596793175,
        "var": 35.4605751038
    },
    "melbands_flatness_db": {
        "dmean": 0.0171546507627,
        "dmean2": 0.0259957183152,
        "dvar": 0.000417651288444,
        "dvar2": 0.000876673904713,
        "max": 0.503285825253,
        "mean": 0.195831567049,
        "median": 0.199981167912,
        "min": 0.00211818050593,
        "var": 0.0101687330753
    },
    "melbands_kurtosis": {
        "dmean": 4.00478458405,
        "dmean2": 6.24434995651,
        "dvar": 105.732017517,
        "dvar2": 238.254486084,
        "max": 487.74697876,
        "mean": 8.87388515472,
        "median": 4.062251091,
        "min": -1.76528930664,
        "var": 454.900024414
    },
    "melbands_skewness": {
        "dmean": 0.480199754238,
        "dmean2": 0.725237727165,
        "dvar": 0.357886314392,
        "dvar2": 0.776234567165,
        "max": 17.1077537537,
        "mean": 1.59624803066,
        "median": 1.36860001087,
        "min": -1.88813364506,
        "var": 2.32876157761
    },
    "melbands_spread": {
        "dmean": 5.56465005875,
        "dmean2": 8.75304985046,
        "dvar": 84.9091262817,
        "dvar2": 198.03314209,
        "max": 220.530761719,
        "mean": 32.3504943848,
        "median": 17.234790802,
        "min": 0.457152277231,
        "var": 1573.46789551
    },
    "pitch_salience": {
        "dmean": 0.0517232269049,
        "dmean2": 0.0833391025662,
        "dvar": 0.00261902646162,
        "dvar2": 0.00641103927046,
        "max": 0.963416397572,
        "mean": 0.583432018757,
        "median": 0.580598831177,
        "min": 0.0957331433892,
        "var": 0.0195021685213
    },
    "silence_rate_20dB": {
        "dmean": 0,
        "dmean2": 0,
        "dvar": 0,
        "dvar2": 0,
        "max": 1,
        "mean": 1,
        "median": 1,
        "min": 1,
        "var": 0
    },
    "silence_rate_30dB": {
        "dmean": 0.000879700877704,
        "dmean2": 0.00175959523767,
        "dvar": 0.000879072642419,
        "dvar2": 0.00175630161539,
        "max": 1,
        "mean": 0.998020887375,
        "median": 1,
        "min": 0,
        "var": 0.00197510723956
    },
    "silence_rate_60dB": {
        "dmean": 0.00769738294184,
        "dmean2": 0.0153964590281,
        "dvar": 0.00763975223526,
        "dvar2": 0.0182442367077,
        "max": 1,
        "mean": 0.167124792933,
        "median": 0,
        "min": 0,
        "var": 0.139214634895
    },
    "spectral_centroid": {
        "dmean": 186.477233887,
        "dmean2": 292.399871826,
        "dvar": 104424.226562,
        "dvar2": 221252.71875,
        "max": 11963.3867188,
        "mean": 2156.04345703,
        "median": 997.90222168,
        "min": 171.328567505,
        "var": 9805263
    },
    "spectral_complexity": {
        "dmean": 2.15680670738,
        "dmean2": 3.51479148865,
        "dvar": 7.86231374741,
        "dvar2": 18.8532848358,
        "max": 58,
        "mean": 14.566245079,
        "median": 14,
        "min": 0,
        "var": 92.1671676636
    },
    "spectral_decrease": {
        "dmean": 1.56934976125e-09,
        "dmean2": 2.44097364543e-09,
        "dvar": 4.57795045007e-18,
        "dvar2": 1.0811621183e-17,
        "max": 3.15984774118e-28,
        "mean": -7.23144122361e-09,
        "median": -7.53553841548e-09,
        "min": -6.60617871517e-08,
        "var": 2.49882594199e-17
    },
    "spectral_energy": {
        "dmean": 0.0061735487543,
        "dmean2": 0.0095950756222,
        "dvar": 6.8212786573e-05,
        "dvar2": 0.000161043557455,
        "max": 0.253526449203,
        "mean": 0.0290546733886,
        "median": 0.0306734368205,
        "min": 9.64785096287e-21,
        "var": 0.00038759195013
    },
    "spectral_energyband_high": {
        "dmean": 0.000206879252801,
        "dmean2": 0.00029681599699,
        "dvar": 4.05600133035e-07,
        "dvar2": 6.40418022613e-07,
        "max": 0.0270832031965,
        "mean": 0.000553499965463,
        "median": 0.000127170889755,
        "min": 6.89330721133e-21,
        "var": 1.53293740368e-06
    },
    "spectral_energyband_low": {
        "dmean": 0.00183367705904,
        "dmean2": 0.00300958007574,
        "dvar": 1.87652731256e-05,
        "dvar2": 5.01755530422e-05,
        "max": 0.174121871591,
        "mean": 0.00489101745188,
        "median": 0.00277146883309,
        "min": 1.03693880614e-23,
        "var": 5.34930804861e-05
    },
    "spectral_energyband_middle_high": {
        "dmean": 0.00144523242489,
        "dmean2": 0.00219070911407,
        "dvar": 5.5418095144e-06,
        "dvar2": 1.23721456475e-05,
        "max": 0.0511296913028,
        "mean": 0.00522386748344,
        "median": 0.00237408699468,
        "min": 1.08564204028e-21,
        "var": 4.35432812083e-05
    },
    "spectral_energyband_middle_low": {
        "dmean": 0.00528157735243,
        "dmean2": 0.00809262413532,
        "dvar": 5.70561169297e-05,
        "dvar2": 0.000130330809043,
        "max": 0.183374837041,
        "mean": 0.0196129884571,
        "median": 0.0175626482815,
        "min": 1.59059387471e-22,
        "var": 0.00029311911203
    },
    "spectral_entropy": {
        "dmean": 0.134129554033,
        "dmean2": 0.198902726173,
        "dvar": 0.0276602730155,
        "dvar2": 0.0552233867347,
        "max": 9.83360481262,
        "mean": 7.43369913101,
        "median": 7.26163053513,
        "min": 4.58512210846,
        "var": 0.963562905788
    },
    "spectral_flux": {
        "dmean": 0.0181104876101,
        "dmean2": 0.0291622970253,
        "dvar": 0.000457315298263,
        "dvar2": 0.00112531147897,
        "max": 0.362402319908,
        "mean": 0.069646820426,
        "median": 0.0705965459347,
        "min": 6.30724639183e-11,
        "var": 0.00189565541223
    },
    "spectral_kurtosis": {
        "dmean": 1.88552701473,
        "dmean2": 3.18883776665,
        "dvar": 5.13665914536,
        "dvar2": 14.0767450333,
        "max": 39.9589042664,
        "mean": 5.36246299744,
        "median": 4.53644752502,
        "min": -1.30060839653,
        "var": 22.2166194916
    },
    "spectral_rms": {
        "dmean": 0.000518640968949,
        "dmean2": 0.000794283580035,
        "dvar": 3.68562268704e-07,
        "dvar2": 8.19864681034e-07,
        "max": 0.0157271381468,
        "mean": 0.00475978199393,
        "median": 0.00547040253878,
        "min": 3.06798596944e-12,
        "var": 5.690535545e-06
    },
    "spectral_rolloff": {
        "dmean": 269.156677246,
        "dmean2": 449.968383789,
        "dvar": 311994.09375,
        "dvar2": 625948.3125,
        "max": 19810.546875,
        "mean": 3270.75,
        "median": 968.994140625,
        "min": 107.666015625,
        "var": 32298486
    },
    "spectral_skewness": {
        "dmean": 0.234420239925,
        "dmean2": 0.37828963995,
        "dvar": 0.0670003667474,
        "dvar2": 0.157713636756,
        "max": 5.30987405777,
        "mean": 1.65235567093,
        "median": 1.64268875122,
        "min": -0.175274223089,
        "var": 0.727109968662
    },
    "spectral_spread": {
        "dmean": 443485.0625,
        "dmean2": 711007.9375,
        "dvar": 1.42454921626e+12,
        "dvar2": 3.50506477158e+12,
        "max": 48316176,
        "mean": 7735611.5,
        "median": 3766067.5,
        "min": 1841730,
        "var": 1.28528255287e+14
    },
    "spectral_strongpeak": {
        "dmean": 0.567280888557,
        "dmean2": 0.944985032082,
        "dvar": 0.720944285393,
        "dvar2": 1.83992683887,
        "max": 10.458773613,
        "mean": 1.38303899765,
        "median": 1.06004798412,
        "min": 0,
        "var": 1.77636826038
    },
    "zerocrossingrate": {
        "dmean": 0.00774941127747,
        "dmean2": 0.00988005660474,
        "dvar": 0.000218594024773,
        "dvar2": 0.00027336020139,
        "max": 0.85791015625,
        "mean": 0.104199647903,
        "median": 0.0458984375,
        "min": 0.00439453125,
        "var": 0.0246599428356
    },
    "barkbands": {
        "dmean": [5.97720609221e-05, 0.000870605756063, 0.000846948067192, 0.00134628266096, 0.00195591547526, 0.00179165869486, 0.00135205301922, 0.000929068366531, 0.00129783875309, 0.000473604275612, 0.000435026711784, 0.000400861899834, 0.000354702322511, 0.000279475149, 0.000273199460935, 0.000138981427881, 0.000192693478311, 0.000116706811241, 0.000115194845421, 0.000116272160085, 8.60472209752e-05, 5.77917635383e-05, 3.57620556315e-05, 2.6194316888e-05, 9.35265506996e-06, 1.96755945581e-06, 2.63562061065e-09],
        "dmean2": [0.000107461812149, 0.00148629688192, 0.0013891615672, 0.00214813905768, 0.00297450693324, 0.00278902752325, 0.00199907599017, 0.00128385541029, 0.00193234579638, 0.000693704409059, 0.000664270075504, 0.000613844720647, 0.000552301004063, 0.000438248040155, 0.000439815426944, 0.000229390498134, 0.000311778014293, 0.00019031042757, 0.000185657758266, 0.000185364013305, 0.000136332891998, 8.79640429048e-05, 5.20363319083e-05, 3.66495587514e-05, 1.31549459184e-05, 2.97951373796e-06, 4.57165283407e-09],
        "dvar": [7.53825979416e-09, 3.84196300729e-06, 4.69753376819e-06, 1.62170272233e-05, 1.98906745936e-05, 1.05343860923e-05, 7.4994559327e-06, 3.73506895812e-06, 6.14092823525e-06, 2.13206112676e-06, 1.38274674555e-06, 9.90371177068e-07, 9.35183948059e-07, 6.39918823708e-07, 4.22087481411e-07, 1.69054303001e-07, 1.96890610482e-07, 9.96958462451e-08, 1.10480968374e-07, 8.66059508553e-08, 6.15495068246e-08, 4.43757066648e-08, 2.7350042231e-08, 2.8815275499e-08, 1.34346134217e-09, 4.14180703623e-11, 4.94423719224e-16],
        "dvar2": [2.32750316798e-08, 1.13117675937e-05, 1.2348200471e-05, 4.01219331252e-05, 4.08260675613e-05, 2.46754825639e-05, 1.6889820472e-05, 7.77543755248e-06, 1.38778368637e-05, 3.93175059799e-06, 3.30163857143e-06, 2.15290242522e-06, 2.08034975913e-06, 1.38301345487e-06, 1.05670778794e-06, 4.70672063102e-07, 4.83316455302e-07, 2.64026596142e-07, 2.70769390909e-07, 2.18727166157e-07, 1.3639068186e-07, 1.00538457559e-07, 5.05025177233e-08, 4.49969128624e-08, 2.29011876129e-09, 9.77086606069e-11, 1.28316068267e-15],
        "max": [0.00133036356419, 0.0535532683134, 0.0608084201813, 0.144517287612, 0.147385150194, 0.0817831456661, 0.0743512585759, 0.0569776929915, 0.0433884747326, 0.0343046784401, 0.0339428260922, 0.0240857489407, 0.02234419249, 0.0215609967709, 0.0125535372645, 0.014537348412, 0.00946987234056, 0.0083191441372, 0.0130218863487, 0.00676950998604, 0.00770714040846, 0.0106009189039, 0.00880618859082, 0.0111635625362, 0.00236224173568, 0.000244209571974, 1.00170268524e-06],
        "mean": [7.04490885255e-05, 0.00194090080913, 0.00189178495202, 0.00252047041431, 0.00445867935196, 0.00396864442155, 0.00335213076323, 0.00203152210452, 0.00282513420098, 0.000914758828003, 0.000884949986357, 0.000752136285882, 0.000672269146889, 0.000474276981549, 0.000513403967489, 0.000271711905953, 0.000379786943085, 0.000235900195548, 0.000224635077757, 0.0002360643266, 0.000154261855641, 0.000123112273286, 7.58519963711e-05, 5.66817616345e-05, 2.13429502764e-05, 3.81049608222e-06, 2.59129673275e-09],
        "median": [3.81556455977e-05, 0.000942177022807, 0.000750053965021, 0.000450464722235, 0.00156099814922, 0.00176876294427, 0.00156157510355, 0.000650284229778, 0.001025911537, 0.000148486942635, 0.00017542472051, 0.000196521927137, 0.000147345708683, 9.58485834417e-05, 9.91696215351e-05, 4.84786942252e-05, 9.31725953706e-05, 5.46010305698e-05, 5.48347670701e-05, 4.15485956182e-05, 2.67732575594e-05, 2.67188097496e-05, 1.81507548405e-05, 1.25534952531e-05, 5.0181588449e-06, 9.94446963887e-07, 4.55414400635e-10],
        "min": [1.03196158193e-25, 1.78044032764e-24, 4.59556960053e-26, 3.55529699918e-25, 4.34462382537e-24, 3.33615311604e-24, 2.98809802111e-24, 2.94701927276e-24, 6.45881364985e-24, 7.8331757964e-24, 9.04781648661e-24, 8.35309903067e-24, 1.22782373922e-23, 2.27778095911e-23, 2.53828097381e-23, 3.66626702907e-23, 4.77107303772e-23, 6.55025035961e-23, 1.04899012375e-22, 1.32912220425e-22, 1.97561126035e-22, 2.73357115863e-22, 3.35604022057e-22, 4.9626176794e-22, 7.4338111766e-22, 1.09851978435e-21, 1.73769866208e-21],
        "var": [8.99030894175e-09, 8.31052238937e-06, 1.3415673493e-05, 4.3952568376e-05, 7.41799303796e-05, 3.82296857424e-05, 3.25884284393e-05, 1.47403598021e-05, 2.09434238059e-05, 7.32671423975e-06, 6.06043204243e-06, 2.93880452773e-06, 2.91739138447e-06, 1.68594033312e-06, 1.18002719773e-06, 4.94718392474e-07, 6.23907453701e-07, 2.79737150777e-07, 2.51407982432e-07, 2.38282751752e-07, 1.39334346727e-07, 9.53979792939e-08, 6.33068850675e-08, 7.18841732805e-08, 5.30004307109e-09, 1.6332599162e-10, 5.54685719438e-16]
    },
    "erbbands": {
        "dmean": [0.0207771044225, 0.221982434392, 0.832902610302, 2.62576246262, 7.12717580795, 5.69307565689, 10.0515451431, 14.9702291489, 19.2190494537, 18.3787345886, 24.5196437836, 27.4338283539, 18.0424041748, 14.5757074356, 12.5041532516, 16.1919937134, 14.9768218994, 14.4983386993, 11.7947692871, 11.1281700134, 7.00165224075, 10.1433401108, 6.30265283585, 6.49421977997, 5.31902551651, 4.35166788101, 4.26069688797, 2.53318119049, 2.23974752426, 1.52667415142, 0.91348618269, 0.622829437256, 0.404947936535, 0.145958319306, 0.0460143908858, 0.0142942639068, 0.00255102105439, 0.00012696509657, 5.60197577215e-06, 7.12361452315e-06],
        "dmean2": [0.0358336642385, 0.376512408257, 1.36275756359, 4.26946115494, 11.1694746017, 8.49481487274, 15.939163208, 22.8450889587, 28.7471199036, 26.6207408905, 34.7749061584, 40.8270225525, 26.0506076813, 22.0233383179, 18.7812709808, 24.96326828, 22.9490585327, 21.9234638214, 18.8138504028, 17.7683181763, 11.3612709045, 16.3569793701, 10.1020755768, 10.3696975708, 8.54579544067, 6.89471435547, 6.54679203033, 3.95069217682, 3.44771504402, 2.24549531937, 1.32745814323, 0.900249779224, 0.551315426826, 0.201682940125, 0.0675556659698, 0.0215855427086, 0.00382249290124, 0.000195598695427, 8.2769565779e-06, 1.0999549886e-05],
        "dvar": [0.00196360284463, 0.255406796932, 3.79372644424, 65.579864502, 338.741729736, 235.429428101, 540.901916504, 869.545166016, 1737.84436035, 1307.65075684, 2180.33789062, 3085.03344727, 2604.44018555, 1710.90185547, 941.907653809, 1784.63195801, 1407.84936523, 1346.2364502, 1006.02581787, 887.772766113, 323.19140625, 593.755249023, 313.318511963, 366.186401367, 285.174194336, 117.53918457, 130.852737427, 64.3577194214, 62.4375267029, 36.2460174561, 22.4302425385, 11.3377609253, 7.95344543457, 0.445691436529, 0.0335895046592, 0.00215663039126, 7.03443292878e-05, 2.31830270536e-07, 1.46423498326e-10, 8.66071658834e-11],
        "dvar2": [0.00582016119733, 0.738148987293, 9.98347759247, 171.476623535, 740.72833252, 469.647644043, 1349.34375, 1986.68444824, 3990.58056641, 2895.16430664, 4775.70654297, 7038.48876953, 5120.86328125, 4055.50610352, 2049.23681641, 3869.77368164, 3124.51489258, 2754.88452148, 2391.78222656, 2177.1171875, 852.311523438, 1413.95605469, 787.475830078, 876.274597168, 704.074768066, 293.125274658, 292.319885254, 128.961776733, 145.338394165, 64.7653121948, 43.1869163513, 19.2058544159, 11.6101865768, 0.714312851429, 0.0678218007088, 0.00516540743411, 0.000161656265846, 5.3025530633e-07, 2.98677915733e-10, 2.00984187626e-10],
        "max": [1.14886081219, 15.4089345932, 61.2031478882, 366.807800293, 414.649719238, 689.810302734, 726.225769043, 1045.5970459, 1112.35791016, 837.608703613, 1197.85742188, 1212.47058105, 1223.54736328, 1193.33752441, 960.190673828, 1027.37036133, 868.000427246, 910.795532227, 1089.72619629, 761.776306152, 671.469116211, 661.348571777, 518.735046387, 672.821838379, 438.767364502, 248.498947144, 323.991333008, 331.356231689, 426.953430176, 266.430633545, 296.34954834, 197.605773926, 184.5962677, 43.8578491211, 13.0347175598, 1.87473738194, 0.261132925749, 0.0130040859804, 0.000417952891439, 0.000276716222288],
        "mean": [0.0444747582078, 0.491786628962, 1.99015235901, 5.43614578247, 15.1027593613, 12.8502969742, 20.6884841919, 32.4550018311, 45.3776130676, 46.0761222839, 55.6897773743, 61.0773925781, 39.694770813, 31.9535598755, 26.2210235596, 32.5594673157, 29.9523887634, 28.166557312, 23.7558250427, 23.7732105255, 15.7296867371, 20.9529323578, 13.4443368912, 14.2637310028, 10.4500255585, 9.37810993195, 8.48422908783, 5.12372112274, 4.73695516586, 3.18837308884, 1.94707691669, 1.32958984375, 0.856687366962, 0.325484335423, 0.103775665164, 0.0300420299172, 0.00463366694748, 0.00019041984342, 2.21755999519e-05, 3.48557405232e-05],
        "median": [0.0236714929342, 0.231581300497, 1.00957024097, 1.66105985641, 3.3156619072, 5.12920570374, 7.14769935608, 14.1581125259, 19.9432239532, 23.4623203278, 25.1571979523, 23.8505210876, 9.8739900589, 7.62072896957, 6.61143112183, 9.7250995636, 8.70808696747, 6.94224071503, 6.68929052353, 5.05592393875, 4.16701126099, 5.16529607773, 3.71075081825, 3.20545530319, 2.68858861923, 1.76859116554, 1.20181894302, 1.0127518177, 1.01087665558, 0.710884928703, 0.48317617178, 0.324799627066, 0.173781722784, 0.0715939253569, 0.0280020050704, 0.00803326815367, 0.00112326047383, 3.52891329385e-05, 1.97031258722e-05, 3.71917703887e-05],
        "min": [3.31647379747e-23, 3.5036329405e-22, 9.2178666881e-22, 1.68668629638e-21, 5.88566309254e-21, 1.75832829614e-20, 1.76711418209e-20, 4.12499558779e-20, 5.648395058e-20, 1.27938047865e-19, 1.20695732635e-19, 2.34129258932e-19, 3.34160908342e-19, 4.87067157427e-19, 7.36676868878e-19, 5.56835240904e-19, 1.06304940646e-18, 1.49922929149e-18, 1.87162269453e-18, 2.30902670347e-18, 2.57025716515e-18, 3.34878880434e-18, 3.48527877529e-18, 5.32687812231e-18, 6.18552427177e-18, 6.23748486272e-18, 7.55500449392e-18, 7.9504572109e-18, 8.65468735157e-18, 9.61489515023e-18, 9.93173096744e-18, 8.9407173084e-18, 8.78230064057e-18, 7.52973991647e-18, 5.37051644911e-18, 3.73014119381e-18, 1.79427820533e-18, 8.22390099433e-19, 2.13486721176e-19, 2.46082435605e-20],
        "var": [0.00435336912051, 0.554662466049, 11.0553216934, 164.539230347, 1051.24035645, 824.550048828, 1503.00500488, 3038.01342773, 6586.58691406, 5391.39013672, 8280.18847656, 10202.2832031, 10712.4912109, 7415.90576172, 3105.43188477, 5245.29736328, 4393.95703125, 4100.52880859, 2720.44995117, 2816.61865234, 1178.92480469, 1999.47668457, 932.971862793, 1030.86755371, 494.546447754, 349.738006592, 382.989318848, 157.276947021, 130.185394287, 96.5157165527, 44.8221969604, 26.4818916321, 21.0444259644, 1.49522995949, 0.127390757203, 0.00985648483038, 0.000237527376157, 5.03139460761e-07, 6.89672152721e-10, 5.41938771637e-10]
    },
    "gfcc": {
        "mean": [-143.52507019, 104.919517517, -116.364952087, 26.7151908875, -66.2564697266, 8.74058628082, -35.446975708, 5.59903335571, -14.9398584366, 0.550748109818, -7.58259677887, -6.50029563904, -7.17037153244],
        "cov": [[131565.625, 14297.9716797, -14494.0527344, 3785.43041992, -8496.64453125, 1061.36169434, -4420.69384766, 760.668457031, -1829.77209473, 57.6444969177, -997.012878418, -973.805603027, -906.690734863], [14297.9716797, 2857.66845703, -1002.75598145, 244.813171387, -830.528381348, -99.4722671509, -506.406738281, -18.8293800354, -156.722763062, -126.775444031, -20.3277206421, -182.073974609, -109.216011047], [-14494.0527344, -1002.75598145, 2534.57543945, -338.019866943, 916.517028809, -231.479660034, 440.270721436, -122.100067139, 181.577957153, -52.30103302, 111.413726807, 36.4969902039, 27.6106433868], [3785.43041992, 244.813171387, -338.019866943, 424.638183594, -171.592346191, 23.1616725922, -158.142944336, 14.4286975861, -47.4679489136, -1.89787054062, -67.6681060791, -50.8402786255, -6.88826131821], [-8496.64453125, -830.528381348, 916.517028809, -171.592346191, 789.79486084, -38.7954711914, 289.802612305, -32.794178009, 118.593841553, -5.41835451126, 39.1284484863, 71.5792007446, 74.5919113159], [1061.36169434, -99.4722671509, -231.479660034, 23.1616725922, -38.7954711914, 210.775527954, 46.9895248413, 35.0615234375, -36.1282348633, 32.9723014832, -23.5622158051, 14.2876348495, -18.7917480469], [-4420.69384766, -506.406738281, 440.270721436, -158.142944336, 289.802612305, 46.9895248413, 307.368682861, 22.4568767548, 49.9498519897, 12.4818544388, 49.7766914368, 49.3166160583, 14.7595853806], [760.668457031, -18.8293800354, -122.100067139, 14.4286975861, -32.794178009, 35.0615234375, 22.4568767548, 135.67980957, 30.9892864227, 44.7021484375, -1.68943870068, 2.37772512436, -11.5342502594], [-1829.77209473, -156.722763062, 181.577957153, -47.4679489136, 118.593841553, -36.1282348633, 49.9498519897, 30.9892864227, 152.193115234, 45.0453300476, 44.4687919617, 8.55453491211, 27.3457679749], [57.6444969177, -126.775444031, -52.30103302, -1.89787054062, -5.41835451126, 32.9723014832, 12.4818544388, 44.7021484375, 45.0453300476, 117.140556335, 38.5820274353, 23.9538097382, -11.3619718552], [-997.012878418, -20.3277206421, 111.413726807, -67.6681060791, 39.1284484863, -23.5622158051, 49.7766914368, -1.68943870068, 44.4687919617, 38.5820274353, 134.45475769, 40.8625679016, 10.3446130753], [-973.805603027, -182.073974609, 36.4969902039, -50.8402786255, 71.5792007446, 14.2876348495, 49.3166160583, 2.37772512436, 8.55453491211, 23.9538097382, 40.8625679016, 101.555862427, 33.0755386353], [-906.690734863, -109.216011047, 27.6106433868, -6.88826131821, 74.5919113159, -18.7917480469, 14.7595853806, -11.5342502594, 27.3457679749, -11.3619718552, 10.3446130753, 33.0755386353, 89.9213180542]],
        "icov": [[0.000353791605448, -0.000964878941886, 0.000704733887687, -0.00101612065919, 0.00119103537872, -0.000748834514525, 0.000872208795045, -0.000927582208533, 0.000903499545529, -0.0007979569491, 0.000623277330305, -0.000516402185895, 0.000437220383901], [-0.000964878941886, 0.00331604550593, -0.00185207510367, 0.00278820469975, -0.00291526759975, 0.00216253451072, -0.00169731827918, 0.00232167192735, -0.00239360425621, 0.00307797128335, -0.00247022719122, 0.00200832588598, -0.000810277066194], [0.000704733887687, -0.00185207510367, 0.00237287837081, -0.00196238793433, 0.0016365830088, -0.000543709436897, 0.000986163388006, -0.00121967913583, 0.00146888347808, -0.00132330495398, 0.0010159749072, -0.000704830395989, 0.00171648303512], [-0.00101612065919, 0.00278820469975, -0.00196238793433, 0.00615016417578, -0.0034918084275, 0.00171255809255, -0.00105025433004, 0.00218903529458, -0.00203924067318, 0.00180230545811, -0.00113077857532, 0.00258840387687, -0.00205206125975], [0.00119103537872, -0.00291526759975, 0.0016365830088, -0.0034918084275, 0.00727874366567, -0.00256390497088, 0.00160960748326, -0.0026709898375, 0.00197801063769, -0.00233201938681, 0.00282438285649, -0.00244809966534, 0.000197451736312], [-0.000748834514525, 0.00216253451072, -0.000543709436897, 0.00171255809255, -0.00256390497088, 0.00904918834567, -0.00471182959154, 0.00187117629685, -0.000297052436508, -0.000424050638685, 0.0002429576125, 0.000477195775602, 0.000238685766817], [0.000872208795045, -0.00169731827918, 0.000986163388006, -0.00105025433004, 0.00160960748326, -0.00471182959154, 0.0104872761294, -0.00466360384598, 0.00241089030169, 1.89527017938e-05, -0.000872934178915, -0.00138936436269, 0.00159107847139], [-0.000927582208533, 0.00232167192735, -0.00121967913583, 0.00218903529458, -0.0026709898375, 0.00187117629685, -0.00466360384598, 0.0126114385203, -0.00500854989514, -0.000821666209958, 0.000185758806765, 0.000911815615837, 6.14769232925e-05], [0.000903499545529, -0.00239360425621, 0.00146888347808, -0.00203924067318, 0.00197801063769, -0.000297052436508, 0.00241089030169, -0.00500854989514, 0.0135875698179, -0.00626789219677, -0.00053742248565, 0.00184220226947, -0.00268522300757], [-0.0007979569491, 0.00307797128335, -0.00132330495398, 0.00180230545811, -0.00233201938681, -0.000424050638685, 1.89527017938e-05, -0.000821666209958, -0.00626789219677, 0.0167937278748, -0.00545325316489, -0.00129216606729, 0.00310494541191], [0.000623277330305, -0.00247022719122, 0.0010159749072, -0.00113077857532, 0.00282438285649, 0.0002429576125, -0.000872934178915, 0.000185758806765, -0.00053742248565, -0.00545325316489, 0.0130712110549, -0.00511638540775, 0.000613357289694], [-0.000516402185895, 0.00200832588598, -0.000704830395989, 0.00258840387687, -0.00244809966534, 0.000477195775602, -0.00138936436269, 0.000911815615837, 0.00184220226947, -0.00129216606729, -0.00511638540775, 0.0165516287088, -0.00610056659207], [0.000437220383901, -0.000810277066194, 0.00171648303512, -0.00205206125975, 0.000197451736312, 0.000238685766817, 0.00159107847139, 6.14769232925e-05, -0.00268522300757, 0.00310494541191, 0.000613357289694, -0.00610056659207, 0.016876142472]]
    },
    "melbands": {
        "dmean": [0.000210427722777, 0.000373537885025, 0.000585025001783, 0.000472528801765, 0.000302634609398, 0.00034589189454, 0.000283459579805, 0.000192820021766, 0.000227629047004, 0.000173847816768, 9.0713663667e-05, 5.86844507779e-05, 4.71558741992e-05, 3.72188296751e-05, 4.86090430059e-05, 3.60624908353e-05, 2.91495416604e-05, 1.94603890122e-05, 2.37045678659e-05, 1.2416176105e-05, 8.62024535309e-06, 1.29124318846e-05, 6.29161968391e-06, 5.7232969084e-06, 5.90614627072e-06, 3.68430301023e-06, 4.75727483717e-06, 2.85538885691e-06, 3.24228813042e-06, 2.1274233859e-06, 1.41546115628e-06, 1.43108024986e-06, 1.08481810912e-06, 8.58471594256e-07, 6.04879232924e-07, 4.60662619162e-07, 3.95618940274e-07, 3.33352886628e-07, 2.05340768389e-07, 1.06529746802e-07],
        "dmean2": [0.000361639133189, 0.000611406285316, 0.000938161916565, 0.000720602460206, 0.000473916239571, 0.000530983437784, 0.000421137810918, 0.000275570666417, 0.000326649547787, 0.000258826999925, 0.000130181375425, 8.88682407094e-05, 7.06522914697e-05, 5.6539382058e-05, 7.52355190343e-05, 5.4624670156e-05, 4.43114658992e-05, 3.08150229102e-05, 3.82979560527e-05, 2.05785290746e-05, 1.39101266541e-05, 2.09178033401e-05, 1.01301693576e-05, 9.27322798816e-06, 9.40819973039e-06, 5.99691657044e-06, 7.70271071815e-06, 4.5398032853e-06, 4.95873973705e-06, 3.45123748957e-06, 2.17846331907e-06, 2.24279710892e-06, 1.66939162227e-06, 1.29204465793e-06, 9.06343075258e-07, 6.83788243805e-07, 5.83905887197e-07, 4.71348869269e-07, 2.97085563261e-07, 1.53736721131e-07],
        "dvar": [2.15506389623e-07, 7.01022543126e-07, 2.38956363319e-06, 1.32348782245e-06, 4.50660024853e-07, 4.06524691243e-07, 3.40469540561e-07, 1.44383619727e-07, 1.79950561119e-07, 1.35046377636e-07, 6.71571953603e-08, 2.76734422044e-08, 1.43434695232e-08, 9.50274436917e-09, 1.56780277649e-08, 1.2384235859e-08, 5.88593884743e-09, 3.69442587633e-09, 3.52610030063e-09, 1.29404775784e-09, 4.7869785913e-10, 9.69880065149e-10, 2.40037045796e-10, 2.93799623519e-10, 3.33467836677e-10, 1.40463585208e-10, 2.5367283274e-10, 4.74265175743e-11, 7.96594318286e-11, 4.01840227759e-11, 2.43688975249e-11, 2.54096535479e-11, 1.91045495396e-11, 1.21269808431e-11, 1.02355138254e-11, 4.87783251291e-12, 4.9844065507e-12, 5.28194588761e-12, 1.39494806765e-12, 2.04762273218e-13],
        "dvar2": [6.38789288132e-07, 1.86033616956e-06, 5.92861715631e-06, 2.69027395916e-06, 1.10762391614e-06, 9.42888561895e-07, 7.81137259764e-07, 3.25120879552e-07, 4.21744374535e-07, 3.04824396835e-07, 1.29769233581e-07, 6.36819947886e-08, 3.23927338286e-08, 2.0879705076e-08, 3.65132137858e-08, 2.63324224647e-08, 1.21985097579e-08, 8.35065083749e-09, 8.80051942431e-09, 3.60994167892e-09, 1.24557197889e-09, 2.37852249008e-09, 5.85552550891e-10, 7.62600427251e-10, 7.90878806889e-10, 3.47928796884e-10, 6.41063868656e-10, 1.16710016651e-10, 1.67857755473e-10, 9.93817528272e-11, 4.83253922989e-11, 6.14773579266e-11, 4.36920291613e-11, 2.24298843388e-11, 2.17305305694e-11, 9.26410077123e-12, 9.14546476743e-12, 7.41981302788e-12, 2.71265757253e-12, 3.59384641187e-13],
        "max": [0.0109171010554, 0.0289477966726, 0.0546178892255, 0.0415374599397, 0.0208888165653, 0.0200336351991, 0.0150056770071, 0.00926929712296, 0.00887795723975, 0.0076479841955, 0.00612559774891, 0.00465127080679, 0.00315564149059, 0.00325083197095, 0.00320397340693, 0.00306559423916, 0.0020728611853, 0.00242234929465, 0.00107708340511, 0.000924874038901, 0.000688800180797, 0.000700194155797, 0.000438375049271, 0.000450077059213, 0.000637808057945, 0.000551582605112, 0.000415464106482, 0.000149633196997, 0.000255980383372, 0.000199344387511, 0.000227667362196, 0.000288776180241, 0.00019849378441, 0.000168094702531, 0.000184241813258, 0.000109738342871, 0.000140660573379, 0.000140299453051, 7.20967582311e-05, 2.94481615128e-05],
        "mean": [0.000474831816973, 0.00091359304497, 0.00126459775493, 0.00106979743578, 0.000651910086162, 0.000771312450524, 0.000696217699442, 0.000466972880531, 0.000491176557261, 0.000379705685191, 0.0001889168052, 0.000122500234284, 9.66054503806e-05, 7.32469488867e-05, 8.45859540277e-05, 6.75349365338e-05, 5.03308947373e-05, 3.53957148036e-05, 4.30155741924e-05, 2.39712389885e-05, 1.69435970747e-05, 2.46757226705e-05, 1.20485256048e-05, 1.15708298836e-05, 1.20023278214e-05, 6.62644970362e-06, 8.40321445139e-06, 5.7206539168e-06, 6.2775366132e-06, 3.72503791368e-06, 2.62065691459e-06, 2.8889899113e-06, 2.03092417905e-06, 1.67455664268e-06, 1.16660578442e-06, 9.04265903046e-07, 7.72484042955e-07, 6.57771579426e-07, 4.26772999162e-07, 2.20537899054e-07],
        "median": [0.000244442780968, 0.000488134741317, 0.000369529472664, 0.000341363309417, 0.000251001154538, 0.000355970230885, 0.000327158399159, 0.000218547036638, 0.000204851850867, 0.000124901795061, 3.87073705497e-05, 2.46351592068e-05, 2.06008480745e-05, 1.79100370588e-05, 2.1898003979e-05, 1.18457019198e-05, 1.02594340206e-05, 7.67784786149e-06, 7.8753055277e-06, 4.29185956818e-06, 4.08621735914e-06, 5.61610613659e-06, 3.08439962282e-06, 2.6469911063e-06, 2.2874185106e-06, 1.64523032709e-06, 1.69806617123e-06, 9.31586100705e-07, 7.03080445419e-07, 6.31068587609e-07, 4.8277024689e-07, 5.68743928397e-07, 4.45412752015e-07, 3.50948226924e-07, 2.68854790875e-07, 2.33180529108e-07, 1.70347234985e-07, 1.23867820889e-07, 8.5491294044e-08, 5.03077437486e-08],
        "min": [4.71611025856e-25, 6.14473341361e-25, 4.08352935467e-25, 8.01520150598e-25, 4.49620246224e-25, 4.15548899993e-25, 6.99916345119e-25, 1.17122937877e-24, 9.88735973283e-25, 1.02536308094e-24, 1.31322177791e-24, 1.48785812878e-24, 2.08904074161e-24, 1.30023416918e-24, 1.70397958997e-24, 1.21333778781e-24, 2.3996503843e-24, 1.63964660264e-24, 2.45480043905e-24, 1.98088278391e-24, 2.48890743193e-24, 3.05376753603e-24, 3.23063882845e-24, 3.07889551687e-24, 3.1072381059e-24, 3.7483404332e-24, 3.96296542525e-24, 2.96300198913e-24, 3.81105448073e-24, 4.10136949335e-24, 4.04715266105e-24, 4.42420726894e-24, 3.96931812212e-24, 4.65237700273e-24, 4.3159944854e-24, 4.27820568146e-24, 4.29336916578e-24, 5.31624763069e-24, 5.04095450186e-24, 5.44683014291e-24],
        "var": [4.83971291487e-07, 1.93320261133e-06, 6.68348047839e-06, 4.90807315146e-06, 1.28813553602e-06, 1.46998786477e-06, 1.36644825943e-06, 5.6703527207e-07, 6.27046972568e-07, 4.53698334013e-07, 2.72354157005e-07, 1.11847107576e-07, 5.47662146744e-08, 2.95034467968e-08, 3.88407066509e-08, 3.81325548915e-08, 1.59743738237e-08, 9.60559365382e-09, 9.3530267975e-09, 3.60953134049e-09, 1.47882195378e-09, 2.93215762781e-09, 6.69883148952e-10, 7.71253116927e-10, 8.80524653191e-10, 2.56684645761e-10, 5.021163485e-10, 1.37877417816e-10, 2.71069167113e-10, 9.87586401546e-11, 5.23619203552e-11, 4.98490831946e-11, 3.6039924517e-11, 3.1038695919e-11, 1.7747985373e-11, 1.00390720043e-11, 1.03356854325e-11, 1.41111757695e-11, 3.40658946364e-12, 6.58996945554e-13]
    },
    "mfcc": {
        "mean": [-705.917358398, 121.934661865, 0.739993870258, 15.5118694305, -6.71533155441, -0.899140894413, -8.18183231354, -0.641354560852, -4.7323050499, 2.16426920891, 1.0615811348, 2.36600232124, -1.05269122124],
        "cov": [[29311.5644531, 6496.18115234, -98.418548584, 1059.91296387, -534.51550293, -43.8262825012, -473.745697021, -28.4970397949, -166.15461731, 260.520935059, 125.416938782, 143.903060913, -108.96232605], [6496.18115234, 3273.74707031, 409.858551025, 313.038543701, -34.958366394, -119.367866516, -158.145385742, -11.3396930695, -170.554016113, -8.33633232117, 18.1926136017, 35.9751930237, 3.82459664345], [-98.418548584, 409.858551025, 744.866638184, 149.289840698, 18.2496910095, -45.0329284668, -33.4302749634, -41.0058135986, -78.4807052612, -3.75548171997, 9.57529163361, 15.2451734543, -17.8182506561], [1059.91296387, 313.038543701, 149.289840698, 319.769134521, 93.1473312378, -15.0503435135, -48.7126960754, -26.6427116394, -2.07734036446, -1.22998654842, -39.2085189819, -1.10089623928, -1.85698223114], [-534.51550293, -34.958366394, 18.2496910095, 93.1473312378, 214.767120361, 20.7878437042, -16.8198814392, -16.0098323822, 29.2171459198, 0.835021495819, -45.6150054932, 1.29820632935, 10.0065174103], [-43.8262825012, -119.367866516, -45.0329284668, -15.0503435135, 20.7878437042, 149.118179321, 55.3784408569, 17.509223938, 17.5673408508, -19.1081008911, 0.771945118904, -6.06024169922, -8.23599720001], [-473.745697021, -158.145385742, -33.4302749634, -48.7126960754, -16.8198814392, 55.3784408569, 161.113510132, 53.2130622864, 7.60463809967, -1.73481047153, 0.468840897083, 7.56677913666, 8.7976398468], [-28.4970397949, -11.3396930695, -41.0058135986, -26.6427116394, -16.0098323822, 17.509223938, 53.2130622864, 95.6494064331, 29.8104991913, -2.01484274864, 7.63623523712, -7.50595426559, 4.25351428986], [-166.15461731, -170.554016113, -78.4807052612, -2.07734036446, 29.2171459198, 17.5673408508, 7.60463809967, 29.8104991913, 115.223091125, 36.1640052795, -5.02185440063, -7.63640928268, -7.22277832031], [260.520935059, -8.33633232117, -3.75548171997, -1.22998654842, 0.835021495819, -19.1081008911, -1.73481047153, -2.01484274864, 36.1640052795, 106.455726624, 37.2020950317, 16.226474762, 0.269052177668], [125.416938782, 18.1926136017, 9.57529163361, -39.2085189819, -45.6150054932, 0.771945118904, 0.468840897083, 7.63623523712, -5.02185440063, 37.2020950317, 119.153839111, 44.7941398621, 5.63653707504], [143.903060913, 35.9751930237, 15.2451734543, -1.10089623928, 1.29820632935, -6.06024169922, 7.56677913666, -7.50595426559, -7.63640928268, 16.226474762, 44.7941398621, 101.705734253, 44.8639831543], [-108.96232605, 3.82459664345, -17.8182506561, -1.85698223114, 10.0065174103, -8.23599720001, 8.7976398468, 4.25351428986, -7.22277832031, 0.269052177668, 5.63653707504, 44.8639831543, 87.1681594849]],
