{
"lowlevel": {
    "average_loudness": 0.834970355034,
    "barkbands_crest": {
        "dmean": 2.2938978672,
        "dmean2": 3.66477966309,
        "dvar": 5.2721619606,
        "dvar2": 13.0323877335,
        "max": 25.8261547089,
        "mean": 9.20003604889,
        "median": 7.92917585373,
        "min": 2.51643824577,
        "var": 17.4159545898
    },
    "barkbands_flatness_db": {
        "dmean": 0.0159725882113,
        "dmean2": 0.0249471776187,
        "dvar": 0.000249637872912,
        "dvar2": 0.000559090811294,
        "max": 0.312055557966,
        "mean": 0.141556367278,
        "median": 0.137552008033,
        "min": 0.0454502254725,
        "var": 0.00214317138307
    },
    "barkbands_kurtosis": {
        "dmean": 1.4320551157,
        "dmean2": 2.24897575378,
        "dvar": 6.73359680176,
        "dvar2": 16.4240150452,
        "max": 69.402885437,
        "mean": 2.02040266991,
        "median": 1.08063697815,
        "min": -1.92691373825,
        "var": 14.510178566
    },
    "barkbands_skewness": {
        "dmean": 0.376165598631,
        "dmean2": 0.571450650692,
        "dvar": 0.166135400534,
        "dvar2": 0.360472977161,
        "max": 7.58643627167,
        "mean": 0.445525676012,
        "median": 0.493236660957,
        "min": -2.51973772049,
        "var": 1.47830343246
    },
    "barkbands_spread": {
        "dmean": 4.09107255936,
        "dmean2": 6.290995121,
        "dvar": 30.2840480804,
        "dvar2": 63.3564949036,
        "max": 90.0732269287,
        "mean": 19.8672885895,
        "median": 18.0272483826,
        "min": 1.47456562519,
        "var": 136.050247192
    },
    "dissonance": {
        "dmean": 0.0220674946904,
        "dmean2": 0.0372022874653,
        "dvar": 0.000624289910775,
        "dvar2": 0.00172230799217,
        "max": 0.5,
        "mean": 0.456439882517,
        "median": 0.467048257589,
        "min": 0.185890600085,
        "var": 0.00163293920923
    },
    "dynamic_complexity": 2.60685634613,
    "erbbands_crest": {
        "dmean": 2.67569184303,
        "dmean2": 4.23413848877,
        "dvar": 7.66383886337,
        "dvar2": 17.999917984,
        "max": 30.0865097046,
        "mean": 10.0525903702,
        "median": 8.70444011688,
        "min": 2.56345915794,
        "var": 29.4604358673
    },
    "erbbands_flatness_db": {
        "dmean": 0.0150378616527,
        "dmean2": 0.0218251999468,
        "dvar": 0.000221495371079,
        "dvar2": 0.000406799372286,
        "max": 0.380135387182,
        "mean": 0.196225404739,
        "median": 0.198003962636,
        "min": 0.0801844745874,
        "var": 0.00305813364685
    },
    "erbbands_kurtosis": {
        "dmean": 0.945083677769,
        "dmean2": 1.46238517761,
        "dvar": 1.72277367115,
        "dvar2": 3.7892935276,
        "max": 34.6930503845,
        "mean": 1.06298935413,
        "median": 0.314799666405,
        "min": -1.76620066166,
        "var": 5.98770809174
    },
    "erbbands_skewness": {
        "dmean": 0.345963329077,
        "dmean2": 0.523617386818,
        "dvar": 0.120466664433,
        "dvar2": 0.250311404467,
        "max": 3.62619709969,
        "mean": 0.200403690338,
        "median": 0.219211161137,
        "min": -5.18560791016,
        "var": 0.695723056793
    },
    "erbbands_spread": {
        "dmean": 5.32054281235,
        "dmean2": 8.01996326447,
        "dvar": 39.3591690063,
        "dvar2": 84.3714141846,
        "max": 108.094161987,
        "mean": 27.9982852936,
        "median": 26.2396354675,
        "min": 2.68242120743,
        "var": 226.992782593
    },
    "hfc": {
        "dmean": 6.57638692856,
        "dmean2": 9.29512214661,
        "dvar": 103.564491272,
        "dvar2": 211.810089111,
        "max": 220.978164673,
        "mean": 22.9772987366,
        "median": 18.6469192505,
        "min": 1.04824390334e-16,
        "var": 410.017089844
    },
    "melbands_crest": {
        "dmean": 2.85700964928,
        "dmean2": 4.59428596497,
        "dvar": 8.36030292511,
        "dvar2": 20.7626209259,
        "max": 32.8894081116,
        "mean": 11.1760406494,
        "median": 10.4640045166,
        "min": 1.47778046131,
        "var": 34.0425567627
    },
    "melbands_flatness_db": {
        "dmean": 0.0176980830729,
        "dmean2": 0.0268244557083,
        "dvar": 0.000400247896323,
        "dvar2": 0.00088085985044,
        "max": 0.382961213589,
        "mean": 0.161564365029,
        "median": 0.16787096858,
        "min": 0.00297373207286,
        "var": 0.00568642327562
    },
    "melbands_kurtosis": {
        "dmean": 2.66085791588,
        "dmean2": 4.15848636627,
        "dvar": 33.6015739441,
        "dvar2": 81.6678466797,
        "max": 141.967163086,
        "mean": 4.36737585068,
        "median": 1.85007500648,
        "min": -1.88939654827,
        "var": 72.7458953857
    },
    "melbands_skewness": {
        "dmean": 0.449079275131,
        "dmean2": 0.678077876568,
        "dvar": 0.268894255161,
        "dvar2": 0.578394770622,
        "max": 9.94103145599,
        "mean": 1.21451067924,
        "median": 1.00595450401,
        "min": -1.97203755379,
        "var": 1.71188521385
    },
    "melbands_spread": {
        "dmean": 7.42277908325,
        "dmean2": 11.4528684616,
        "dvar": 118.391113281,
        "dvar2": 228.069564819,
        "max": 234.780380249,
        "mean": 38.7442016602,
        "median": 25.2007389069,
        "min": 1.51586127281,
        "var": 1458.13720703
    },
    "pitch_salience": {
        "dmean": 0.0571482144296,
        "dmean2": 0.0924112424254,
        "dvar": 0.00323411892168,
        "dvar2": 0.00802485551685,
        "max": 0.933198988438,
        "mean": 0.593641340733,
        "median": 0.587158441544,
        "min": 0.139608606696,
        "var": 0.0160239040852
    },
    "silence_rate_20dB": {
        "dmean": 0,
        "dmean2": 0,
        "dvar": 0,
        "dvar2": 0,
        "max": 1,
        "mean": 1,
        "median": 1,
        "min": 1,
        "var": 0
    },
    "silence_rate_30dB": {
        "dmean": 0.00044717718265,
        "dmean2": 0.000894454366062,
        "dvar": 0.000447003170848,
        "dvar2": 0.00111737148836,
        "max": 1,
        "mean": 0.999664664268,
        "median": 1,
        "min": 0,
        "var": 0.000335177028319
    },
    "silence_rate_60dB": {
        "dmean": 0.00782560091466,
        "dmean2": 0.0156529508531,
        "dvar": 0.00776417925954,
        "dvar2": 0.0185378473252,
        "max": 1,
        "mean": 0.13044936955,
        "median": 0,
        "min": 0,
        "var": 0.113441206515
    },
    "spectral_centroid": {
        "dmean": 226.606201172,
        "dmean2": 349.062805176,
        "dvar": 85193.53125,
        "dvar2": 175785.78125,
        "max": 12178.7470703,
        "mean": 2410.48120117,
        "median": 1443.04321289,
        "min": 291.410552979,
        "var": 8595286
    },
    "spectral_complexity": {
        "dmean": 2.52543330193,
        "dmean2": 4.05970478058,
        "dvar": 8.36774539948,
        "dvar2": 19.857006073,
        "max": 59,
        "mean": 17.1713619232,
        "median": 17,
        "min": 0,
        "var": 90.8723144531
    },
    "spectral_decrease": {
        "dmean": 1.45925083128e-09,
        "dmean2": 2.17088569343e-09,
        "dvar": 4.09907739548e-18,
        "dvar2": 8.40300772403e-18,
        "max": 3.10758257658e-28,
        "mean": -5.3861057836e-09,
        "median": -4.83568785015e-09,
        "min": -3.16887494023e-08,
        "var": 1.63361801689e-17
    },
    "spectral_energy": {
        "dmean": 0.00598134798929,
        "dmean2": 0.00885809119791,
        "dvar": 6.70151493978e-05,
        "dvar2": 0.000136516580824,
        "max": 0.123426385224,
        "mean": 0.0224125012755,
        "median": 0.0202163681388,
        "min": 9.75624635824e-21,
        "var": 0.000275266094832
    },
    "spectral_energyband_high": {
        "dmean": 0.000346721615642,
        "dmean2": 0.000505671079736,
        "dvar": 1.21602045056e-06,
        "dvar2": 2.52546033153e-06,
        "max": 0.0305533986539,
        "mean": 0.000696693721693,
        "median": 0.00023106765002,
        "min": 6.923987211e-21,
        "var": 3.07070808958e-06
    },
    "spectral_energyband_low": {
        "dmean": 0.00153556256555,
        "dmean2": 0.0024333759211,
        "dvar": 1.98976758838e-05,
        "dvar2": 4.53075444966e-05,
        "max": 0.100057967007,
        "mean": 0.00315684848465,
        "median": 0.00122293969616,
        "min": 1.15060482734e-23,
        "var": 3.60999438271e-05
    },
    "spectral_energyband_middle_high": {
        "dmean": 0.00324313389137,
        "dmean2": 0.00463945139199,
        "dvar": 2.56134517258e-05,
        "dvar2": 4.94190680911e-05,
        "max": 0.0799248591065,
        "mean": 0.0100829023868,
        "median": 0.00568066444248,
        "min": 1.05054078447e-21,
        "var": 0.000124558238895
    },
    "spectral_energyband_middle_low": {
        "dmean": 0.00365016632713,
        "dmean2": 0.00552327930927,
        "dvar": 3.34134274453e-05,
        "dvar2": 7.35941939638e-05,
        "max": 0.104114584625,
        "mean": 0.00940646696836,
        "median": 0.00677468907088,
        "min": 1.36784113831e-22,
        "var": 9.19403828448e-05
    },
    "spectral_entropy": {
        "dmean": 0.122219078243,
        "dmean2": 0.182482242584,
        "dvar": 0.0198626555502,
        "dvar2": 0.0394684448838,
        "max": 9.82879447937,
        "mean": 7.64543533325,
        "median": 7.46946716309,
        "min": 5.78932762146,
        "var": 0.693626224995
    },
    "spectral_flux": {
        "dmean": 0.0235421974212,
        "dmean2": 0.0379277318716,
        "dvar": 0.000758730224334,
        "dvar2": 0.00183530012146,
        "max": 0.294970661402,
        "mean": 0.0787264853716,
        "median": 0.0742909163237,
        "min": 6.31054167255e-11,
        "var": 0.00247713201679
    },
    "spectral_kurtosis": {
        "dmean": 1.73912799358,
        "dmean2": 3.01995944977,
        "dvar": 3.94820570946,
        "dvar2": 11.640838623,
        "max": 35.240070343,
        "mean": 4.30743074417,
        "median": 3.95862340927,
        "min": -1.33324694633,
        "var": 14.1243476868
    },
    "spectral_rms": {
        "dmean": 0.00058274215553,
        "dmean2": 0.000850390293635,
        "dvar": 5.02802151914e-07,
        "dvar2": 9.56032977228e-07,
        "max": 0.0109734218568,
        "mean": 0.00419325940311,
        "median": 0.00444109039381,
        "min": 3.08517252544e-12,
        "var": 4.28239491157e-06
    },
    "spectral_rolloff": {
        "dmean": 373.2137146,
        "dmean2": 622.628967285,
        "dvar": 501937.21875,
        "dvar2": 999015.8125,
        "max": 19810.546875,
        "mean": 3471.42236328,
        "median": 1614.99023438,
        "min": 129.19921875,
        "var": 27431584
    },
    "spectral_skewness": {
        "dmean": 0.220150619745,
        "dmean2": 0.363692611456,
        "dvar": 0.050952475518,
        "dvar2": 0.126858353615,
        "max": 4.62510156631,
        "mean": 1.38990008831,
        "median": 1.47512149811,
        "min": -0.532229244709,
        "var": 0.4642765522
    },
    "spectral_spread": {
        "dmean": 401161.46875,
        "dmean2": 622171.25,
        "dvar": 515034054656,
        "dvar2": 1.17496519066e+12,
        "max": 48400680,
        "mean": 7330570.5,
        "median": 3478264.75,
        "min": 1788430.5,
        "var": 1.23634609816e+14
    },
    "spectral_strongpeak": {
        "dmean": 0.82387638092,
        "dmean2": 1.32444143295,
        "dvar": 1.50866580009,
        "dvar2": 3.5040307045,
        "max": 15.7621879578,
        "mean": 1.79651165009,
        "median": 0.962984681129,
        "min": 0,
        "var": 4.69089221954
    },
    "zerocrossingrate": {
        "dmean": 0.00856427289546,
        "dmean2": 0.0104042561725,
        "dvar": 0.000181148687261,
        "dvar2": 0.000191450104467,
        "max": 0.83154296875,
        "mean": 0.108852498233,
        "median": 0.060546875,
        "min": 0.01025390625,
        "var": 0.0183083675802
    },
    "barkbands": {
        "dmean": [5.85965717619e-05, 0.000825373455882, 0.000841480505187, 0.000423825607868, 0.00110502913594, 0.000823520938866, 0.00111695809755, 0.000634455063846, 0.000882132910192, 0.00152866891585, 0.000734572997317, 0.000746603182051, 0.000822154630441, 0.00065429409733, 0.000389258784708, 0.000283790868707, 0.00036542568705, 0.000192879000679, 0.000121311037219, 0.000143315279274, 8.74681791174e-05, 0.000103797043266, 9.81182383839e-05, 4.14975620515e-05, 8.5832161858e-06, 3.03382898892e-06, 4.00867339323e-09],
        "dmean2": [0.000101862475276, 0.00134966452606, 0.00137509417254, 0.000703525322024, 0.00177338335197, 0.00130856072064, 0.00176418491174, 0.000957349315286, 0.00130406697281, 0.00222237408161, 0.00108649814501, 0.00111230881885, 0.0012358300155, 0.00102236622479, 0.000617195444647, 0.000450066407211, 0.000563616107684, 0.000302728731185, 0.000195449087187, 0.000229875760851, 0.000139507566928, 0.000159290138981, 0.000142780627357, 5.91140742472e-05, 1.24009120555e-05, 4.59115108242e-06, 6.68704647211e-09],
        "dvar": [7.8957427263e-09, 7.96051699581e-06, 6.07504671279e-06, 1.57999159001e-06, 5.88380726185e-06, 4.41875044999e-06, 7.14992529538e-06, 6.2380363488e-06, 8.94464847079e-06, 1.31294636958e-05, 4.90253069074e-06, 3.41047939401e-06, 5.49634978597e-06, 2.71213934866e-06, 1.36771654979e-06, 4.96087466217e-07, 1.04703383386e-06, 2.00860284849e-07, 6.62568595544e-08, 1.00789527835e-07, 8.83602240265e-08, 1.49779836534e-07, 1.53911983602e-07, 2.160711432e-08, 9.43251476926e-10, 1.05924713445e-09, 1.4171213785e-15],
        "dvar2": [2.25213181437e-08, 2.002279507e-05, 1.5606821762e-05, 4.20218611907e-06, 1.5078720935e-05, 1.04146811282e-05, 1.71297197085e-05, 1.29719001052e-05, 1.82826443051e-05, 2.66278821073e-05, 9.78768093773e-06, 6.63345190333e-06, 1.12490988613e-05, 6.10991673966e-06, 2.87866237159e-06, 1.08905101115e-06, 2.22173412112e-06, 4.56119607861e-07, 1.6880920839e-07, 2.5664510872e-07, 2.26612030474e-07, 3.30995504783e-07, 2.98889318628e-07, 4.01320754406e-08, 2.04982364416e-09, 2.6071544923e-09, 3.24442312039e-15],
        "max": [0.00166890653782, 0.0621178708971, 0.0721515268087, 0.0353645570576, 0.0533438026905, 0.0475510880351, 0.045337703079, 0.093053907156, 0.0760184451938, 0.0654223412275, 0.0508786737919, 0.0498316586018, 0.058894623071, 0.0341537669301, 0.0419313907623, 0.0151406675577, 0.0283890999854, 0.0125036751851, 0.00457396171987, 0.00570886582136, 0.00700495811179, 0.0114119853824, 0.0141221377999, 0.00475017493591, 0.00100054766517, 0.00126452196855, 2.51744131674e-06],
        "mean": [7.11357715772e-05, 0.00124933605548, 0.00143167795613, 0.000670103239827, 0.0022553044837, 0.00149458739907, 0.00174820574466, 0.00100675935391, 0.00139039126225, 0.00284247193485, 0.00123006594367, 0.00140845472924, 0.00129816459958, 0.00104355660733, 0.000605343549978, 0.000454579683719, 0.00083907158114, 0.000324537686538, 0.000216804299271, 0.000250421086093, 0.000142710414366, 0.000171746709384, 0.000170194514794, 7.63715725043e-05, 1.65003893926e-05, 3.99622103942e-06, 4.72859662537e-09],
        "median": [4.55782101199e-05, 0.000403633137466, 0.000471980281873, 0.000187613331946, 0.000970527820755, 0.000513223058078, 0.000664472463541, 0.000242792273639, 0.000403314392315, 0.000523443799466, 0.000245528528467, 0.000333243224304, 0.000270132732112, 0.000302243977785, 0.000177624882781, 0.000159993389389, 0.000171978055732, 0.000135958805913, 0.000105559374788, 0.00011996885587, 4.27572813351e-05, 3.82910584449e-05, 3.31975534209e-05, 1.8916436602e-05, 3.19104674418e-06, 4.53254983768e-07, 4.54516257964e-10],
        "min": [5.36822064674e-26, 1.50541205886e-24, 3.38477657939e-25, 2.31748105469e-25, 3.64935968883e-24, 3.82399298287e-24, 4.91655665913e-24, 4.59076104958e-24, 8.84794201019e-24, 1.22822440168e-23, 6.54473874623e-24, 9.97500415156e-24, 1.54931824246e-23, 2.4165644693e-23, 2.67211485514e-23, 3.14568541149e-23, 5.04357083793e-23, 6.50664339094e-23, 1.0326393091e-22, 1.31035488778e-22, 2.10306480312e-22, 2.45409679879e-22, 3.21744960265e-22, 5.2508904258e-22, 7.26337228755e-22, 1.18925489384e-21, 1.76632908752e-21],
        "var": [9.15747566665e-09, 8.74565648701e-06, 9.37090680964e-06, 2.24168934437e-06, 1.44977857417e-05, 9.15843611438e-06, 1.09325847006e-05, 1.10825731099e-05, 1.58336079039e-05, 3.63676590496e-05, 1.31554079417e-05, 1.16747687571e-05, 1.04932123577e-05, 4.69825681648e-06, 2.93581865662e-06, 9.4260201422e-07, 6.96875486028e-06, 3.92596149368e-07, 1.20905966128e-07, 1.59366535968e-07, 1.2808662575e-07, 3.24928379314e-07, 3.88461558032e-07, 5.99949672164e-08, 2.46508080615e-09, 1.01358554883e-09, 2.95631735712e-15]
    },
    "erbbands": {
        "dmean": [0.0144411809742, 0.226072922349, 0.879770576954, 1.17690324783, 1.81752455235, 4.76680326462, 6.28954315186, 6.6608915329, 13.1106023788, 16.5595016479, 15.4269018173, 18.1888332367, 41.2112426758, 37.9383926392, 18.7472610474, 30.8339195251, 33.5636558533, 28.0454807281, 24.9763717651, 19.5964717865, 14.9770383835, 20.4022808075, 11.2038631439, 6.84204053879, 5.45116043091, 6.51575469971, 3.66566157341, 3.74636983871, 3.64746379852, 3.78200864792, 2.48835301399, 1.27303183079, 0.466455101967, 0.130549222231, 0.0477003008127, 0.0203841943294, 0.00403205631301, 0.000145795420394, 7.71328177507e-06, 7.59127215133e-06],
        "dmean2": [0.023996392265, 0.367736160755, 1.42214357853, 1.96322476864, 2.96466398239, 7.58626079559, 9.85055541992, 10.6629076004, 20.8168354034, 25.7807445526, 22.874792099, 26.8222961426, 58.6828041077, 54.9073600769, 27.068775177, 44.4575386047, 49.0405044556, 42.2197914124, 38.7496070862, 30.8180866241, 22.617477417, 31.0229511261, 17.0565414429, 10.8411550522, 8.62939929962, 10.3090667725, 5.90719366074, 6.03252696991, 5.66299819946, 5.60488271713, 3.56816244125, 1.79605591297, 0.678823947906, 0.187190443277, 0.070948459208, 0.030468987301, 0.00616038916633, 0.000212426748476, 1.07656987893e-05, 1.10577120722e-05],
        "dvar": [0.00191455311142, 0.594374895096, 6.94627141953, 12.095208168, 20.9368572235, 132.265182495, 221.183013916, 410.57434082, 1100.70385742, 1941.69238281, 3950.02661133, 4373.12890625, 10484.3632812, 9223.71289062, 3804.78393555, 5966.30175781, 8686.93164062, 5029.11572266, 3807.10205078, 3021.4621582, 1423.60400391, 3702.57666016, 732.860046387, 188.114974976, 126.726745605, 226.168212891, 130.219360352, 201.885147095, 211.749984741, 181.659698486, 107.339744568, 22.8389492035, 2.43590211868, 0.191507831216, 0.0374714881182, 0.0365046560764, 0.00215452047996, 1.40111137625e-06, 1.4129453163e-09, 1.20820256577e-10],
        "dvar2": [0.00499078631401, 1.47554469109, 16.8689441681, 32.6055412292, 55.8656959534, 332.132568359, 517.853149414, 976.786010742, 2531.10009766, 4712.12939453, 7892.53564453, 9125.81152344, 20372.1542969, 19425.4042969, 7491.63037109, 10642.8583984, 17777.8398438, 10424.3789062, 8474.60546875, 6646.06640625, 2905.49438477, 7416.51904297, 1604.75231934, 465.308349609, 315.425994873, 554.938110352, 339.192993164, 520.874511719, 490.332855225, 381.320678711, 196.096450806, 41.7963409424, 4.71088504791, 0.391397088766, 0.088782005012, 0.091233946383, 0.00526883266866, 3.24634766002e-06, 3.28413785056e-09, 2.49471138192e-10],
        "max": [1.21540212631, 16.2293148041, 81.4471817017, 91.3525390625, 87.014251709, 228.130767822, 375.37109375, 566.429382324, 675.942810059, 785.784851074, 2588.13549805, 1938.85180664, 2210.12353516, 2651.85864258, 2006.56774902, 2576.05541992, 2365.84423828, 1645.9564209, 1359.73498535, 1682.75817871, 1014.45147705, 1958.14978027, 847.120117188, 272.547485352, 272.342926025, 254.182128906, 232.091369629, 381.664337158, 383.147064209, 465.958099365, 375.443572998, 149.021606445, 40.7353401184, 12.4761686325, 5.74762582779, 7.75464010239, 1.74379873276, 0.0493783652782, 0.00137670885306, 0.000280359090539],
        "mean": [0.0217351987958, 0.343611031771, 1.57998168468, 2.11673021317, 3.10377264023, 9.10951900482, 13.0693883896, 11.23524189, 19.7397537231, 26.6828384399, 29.0052375793, 29.7520294189, 75.3911895752, 71.0880050659, 34.3982505798, 63.9635391235, 62.4345664978, 49.1089706421, 41.4941711426, 33.5925102234, 29.0676383972, 47.1926422119, 21.0092906952, 13.0997543335, 10.964427948, 11.4521598816, 6.38916540146, 5.86058568954, 5.91757392883, 6.31550884247, 4.41504907608, 2.32285118103, 0.862277090549, 0.256033450365, 0.0869189351797, 0.0295831896365, 0.0051167504862, 0.000196209177375, 2.089156078e-05, 2.85837177216e-05],
        "median": [0.00848074257374, 0.107219167054, 0.49852514267, 0.73495388031, 1.39286291599, 3.56167554855, 4.51022720337, 4.32360553741, 7.55681467056, 8.49898719788, 8.60301017761, 10.6285505295, 15.4996051788, 19.4967689514, 11.7201528549, 16.0936508179, 17.6829299927, 16.8452453613, 15.4061660767, 13.0272750854, 9.5834274292, 10.6502075195, 8.65378379822, 6.83204603195, 5.97465515137, 5.36548376083, 2.40481996536, 1.53108787537, 1.23044776917, 1.45711946487, 0.823485076427, 0.499606817961, 0.216182798147, 0.0537810213864, 0.0158527772874, 0.00420225039124, 0.000425523525337, 1.8761780666e-05, 1.49904608406e-05, 2.63195543084e-05],
        "min": [3.60385866514e-23, 2.63362740443e-22, 1.34382801041e-21, 2.46434472041e-21, 8.01032577129e-21, 1.05253619614e-20, 2.8853342542e-20, 5.58029999901e-20, 6.97997295975e-20, 1.30776414739e-19, 2.11612924444e-19, 2.4201609003e-19, 3.63472958076e-19, 6.06341586975e-19, 6.09832444256e-19, 9.71581118496e-19, 9.64949094537e-19, 1.61900680194e-18, 1.43091192771e-18, 2.34033031977e-18, 2.16829825906e-18, 2.99637015872e-18, 4.02720863514e-18, 4.03200710988e-18, 5.76540709687e-18, 7.3663030895e-18, 6.80898146639e-18, 8.23609756567e-18, 9.48455960983e-18, 9.98446207713e-18, 9.31490155747e-18, 9.49010254712e-18, 9.59278626682e-18, 7.08749276505e-18, 5.59375471206e-18, 3.4899502778e-18, 1.88205530322e-18, 8.98297672512e-19, 2.34948477931e-19, 2.50666954903e-20],
        "var": [0.00228655315004, 0.669037997723, 11.9048461914, 17.6153526306, 31.2404289246, 308.327972412, 656.579162598, 614.630126953, 1682.06054688, 3155.25170898, 8147.375, 7265.14648438, 28546.890625, 23225.2636719, 8769.87011719, 23365.90625, 18256.2207031, 9818.70507812, 7110.52539062, 5110.23583984, 4147.859375, 23772.1640625, 1640.4473877, 379.780792236, 246.6512146, 380.601409912, 177.710617065, 286.831573486, 423.47177124, 407.52532959, 291.043792725, 63.7686462402, 6.67685127258, 0.531920552254, 0.0824500322342, 0.0357043147087, 0.00203941739164, 1.66735264884e-06, 1.8509526134e-09, 4.59922822049e-10]
    },
    "gfcc": {
        "mean": [-125.006507874, 97.9895477295, -141.107009888, 28.6059398651, -63.5319480896, 16.2475986481, -33.5928039551, 2.15478467941, -15.8777561188, -5.56415605545, -5.59010791779, -6.01525735855, -4.00261592865],
        "cov": [[117276.4375, 10929.96875, -15878.3037109, 3506.7409668, -7227.38623047, 1897.85510254, -3864.70166016, 277.908325195, -1825.96826172, -604.834411621, -706.033203125, -711.408325195, -536.09564209], [10929.96875, 2108.15673828, -1256.02282715, 225.292739868, -513.036987305, 21.998632431, -284.18069458, -19.4359378815, -203.222686768, -186.169921875, 14.1227645874, -168.22845459, -42.5348205566], [-15878.3037109, -1256.02282715, 2925.52050781, -190.231033325, 964.672424316, -228.694824219, 475.026611328, -67.2606735229, 245.020568848, 61.9335021973, 5.43756723404, 67.5749664307, 5.6970243454], [3506.7409668, 225.292739868, -190.231033325, 476.947570801, -198.315826416, 56.0835800171, -216.304916382, -3.64723539352, 27.0170478821, -14.4650745392, -88.902633667, -11.2412586212, -31.6230163574], [-7227.38623047, -513.036987305, 964.672424316, -198.315826416, 686.082763672, -124.442329407, 257.128570557, 21.1166954041, 109.357192993, 57.4646682739, 21.3216018677, 29.3931312561, 26.4346752167], [1897.85510254, 21.998632431, -228.694824219, 56.0835800171, -124.442329407, 224.216430664, 18.6550331116, 1.53115677834, -66.9560928345, 20.8958854675, -26.1741886139, -21.5870304108, -28.2867641449], [-3864.70166016, -284.18069458, 475.026611328, -216.304916382, 257.128570557, 18.6550331116, 332.163787842, 19.077495575, -6.92829465866, 21.6199836731, 59.1149330139, -10.6137199402, 0.874362826347], [277.908325195, -19.4359378815, -67.2606735229, -3.64723539352, 21.1166954041, 1.53115677834, 19.077495575, 102.06401062, 19.6512317657, 13.4104824066, -13.0225715637, 1.81080591679, -2.3710565567], [-1825.96826172, -203.222686768, 245.020568848, 27.0170478821, 109.357192993, -66.9560928345, -6.92829465866, 19.6512317657, 164.528533936, 18.564491272, -2.14110970497, 27.2667217255, 21.4921550751], [-604.834411621, -186.169921875, 61.9335021973, -14.4650745392, 57.4646682739, 20.8958854675, 21.6199836731, 13.4104824066, 18.564491272, 127.865234375, -21.0404777527, 10.0308742523, -10.5703372955], [-706.033203125, 14.1227645874, 5.43756723404, -88.902633667, 21.3216018677, -26.1741886139, 59.1149330139, -13.0225715637, -2.14110970497, -21.0404777527, 125.481834412, 7.79177856445, 11.3996315002], [-711.408325195, -168.22845459, 67.5749664307, -11.2412586212, 29.3931312561, -21.5870304108, -10.6137199402, 1.81080591679, 27.2667217255, 10.0308742523, 7.79177856445, 85.6399078369, 24.2814064026], [-536.09564209, -42.5348205566, 5.6970243454, -31.6230163574, 26.4346752167, -28.2867641449, 0.874362826347, -2.3710565567, 21.4921550751, -10.5703372955, 11.3996315002, 24.2814064026, 73.0314865112]],
        "icov": [[0.000370819790987, -0.000857176317368, 0.000932882423513, -0.000954312796239, 0.00110325682908, -0.000899276812561, 0.000815759645775, -0.000993612688035, 0.000911233189981, -0.000392702757381, 0.000518265587743, -0.00043362902943, 0.000685414066538], [-0.000857176317368, 0.00295109371655, -0.00186638208106, 0.00188153097406, -0.00257020071149, 0.00256942282431, -0.00163454120047, 0.00230211974122, -0.00142086204141, 0.00176795921288, -0.00150442810263, 0.00248523266055, -0.00151072826702], [0.000932882423513, -0.00186638208106, 0.00334448204376, -0.00285917147994, 0.0019640494138, -0.00159190339036, 0.000959570577834, -0.00130958179943, 0.00175243185367, -0.000556937651709, 0.00182777328882, -0.00119862193242, 0.00239737099037], [-0.000954312796239, 0.00188153097406, -0.00285917147994, 0.00634505599737, -0.0023604973685, 0.00082596327411, 0.000279749016045, 0.00219251215458, -0.00362768000923, 0.00133161980193, -0.000128594911075, 0.00109630753286, -0.000780877133366], [0.00110325682908, -0.00257020071149, 0.0019640494138, -0.0023604973685, 0.00696693873033, -0.00159130780958, 0.000977510935627, -0.00368353514932, 0.00204083928838, -0.00214130640961, 0.00201357109472, -0.00130657060072, 0.00136650132481], [-0.000899276812561, 0.00256942282431, -0.00159190339036, 0.00082596327411, -0.00159130780958, 0.00946020893753, -0.00490340823308, 0.00308150798082, -0.000395282637328, -6.55844196444e-05, 0.00012542658078, 0.00150196196046, -0.000636150653008], [0.000815759645775, -0.00163454120047, 0.000959570577834, 0.000279749016045, 0.000977510935627, -0.00490340823308, 0.0101804928854, -0.00474979076535, 0.00356804113835, -0.000635521661025, -0.001790960785, 0.00138872279786, 0.00122917455155], [-0.000993612688035, 0.00230211974122, -0.00130958179943, 0.00219251215458, -0.00368353514932, 0.00308150798082, -0.00474979076535, 0.0146998278797, -0.00489613600075, 0.000736000074539, 0.000862293876708, 0.000272062781733, -0.000518106680829], [0.000911233189981, -0.00142086204141, 0.00175243185367, -0.00362768000923, 0.00204083928838, -0.000395282637328, 0.00356804113835, -0.00489613600075, 0.0120269637555, -0.00166992493905, 4.08823907492e-05, -0.00084579893155, -0.000445762067102], [-0.000392702757381, 0.00176795921288, -0.000556937651709, 0.00133161980193, -0.00214130640961, -6.55844196444e-05, -0.000635521661025, 0.000736000074539, -0.00166992493905, 0.0104303648695, 0.00086712045595, 0.000308342132485, 0.00131145620253], [0.000518265587743, -0.00150442810263, 0.00182777328882, -0.000128594911075, 0.00201357109472, 0.00012542658078, -0.001790960785, 0.000862293876708, 4.08823907492e-05, 0.00086712045595, 0.0116933751851, -0.0025361860171, 0.00123055605218], [-0.00043362902943, 0.00248523266055, -0.00119862193242, 0.00109630753286, -0.00130657060072, 0.00150196196046, 0.00138872279786, 0.000272062781733, -0.00084579893155, 0.000308342132485, -0.0025361860171, 0.0169390961528, -0.0050630425103], [0.000685414066538, -0.00151072826702, 0.00239737099037, -0.000780877133366, 0.00136650132481, -0.000636150653008, 0.00122917455155, -0.000518106680829, -0.000445762067102, 0.00131145620253, 0.00123055605218, -0.0050630425103, 0.0183587837964]]
    },
    "melbands": {
        "dmean": [0.000175903056515, 0.000394841365051, 0.000203709569178, 0.000223486087634, 0.000219207344344, 0.000158134134836, 0.000204341326025, 0.000166857149452, 0.000138700212119, 0.000113704780233, 0.000213558247196, 0.000171996638528, 8.38959895191e-05, 6.03128355579e-05, 9.99268449959e-05, 7.44901117287e-05, 5.59294785489e-05, 4.94481391797e-05, 3.22700434481e-05, 2.21293721552e-05, 2.10576872632e-05, 2.65076450887e-05, 1.48550952872e-05, 9.43623126659e-06, 5.84371400691e-06, 4.40364783572e-06, 5.26772919329e-06, 4.5926567509e-06, 2.62786511485e-06, 2.19490289055e-06, 2.2779865958e-06, 2.1768150873e-06, 2.15973568629e-06, 2.33075525102e-06, 1.62509422807e-06, 1.11199813091e-06, 7.14387795142e-07, 3.88747025681e-07, 1.86945499081e-07, 9.25996346268e-08],
        "dmean2": [0.000289232295472, 0.000630593043752, 0.000337362987921, 0.000358939316357, 0.000343265157426, 0.000251503457548, 0.000324956374243, 0.000260546075879, 0.000206022465136, 0.000168659462361, 0.00030641577905, 0.000247926305747, 0.000120864940982, 8.60121508595e-05, 0.000149047584273, 0.000111773406388, 8.51172953844e-05, 7.74367872509e-05, 5.04979325342e-05, 3.46143206116e-05, 3.19157697959e-05, 4.07305124099e-05, 2.24340201385e-05, 1.47468344949e-05, 9.39699111768e-06, 7.02293118593e-06, 8.47102182888e-06, 7.26838607079e-06, 4.31637863585e-06, 3.54750136466e-06, 3.70578868569e-06, 3.46339220414e-06, 3.32136141878e-06, 3.54098551725e-06, 2.36531536757e-06, 1.64510595368e-06, 1.03790080175e-06, 5.78517301619e-07, 2.81316175688e-07, 1.36508035098e-07],
        "dvar": [3.47918017951e-07, 1.40332178944e-06, 3.13120494866e-07, 2.9927042533e-07, 2.19511406385e-07, 1.91781751369e-07, 2.5479391752e-07, 2.00733865086e-07, 2.87481810801e-07, 1.66759221543e-07, 2.76805423027e-07, 1.82317933195e-07, 7.02854805468e-08, 2.39366340082e-08, 5.90093840458e-08, 5.83620973771e-08, 2.17912710099e-08, 1.66346705299e-08, 1.08969171464e-08, 2.90764123889e-09, 3.61512042524e-09, 6.63610055796e-09, 2.164666002e-09, 5.39519484644e-10, 1.50294457435e-10, 9.51227568935e-11, 1.25211382929e-10, 1.29297572649e-10, 6.9331977659e-11, 5.4088771656e-11, 8.3647359872e-11, 8.44356667917e-11, 6.76302347458e-11, 7.82249751086e-11, 4.86342806305e-11, 2.0867543804e-11, 6.79282498306e-12, 1.78330603322e-12, 3.77983939721e-13, 1.06153008204e-13],
        "dvar2": [8.86593056748e-07, 3.29085651174e-06, 8.41147823394e-07, 7.77149523401e-07, 5.214843668e-07, 4.51167522897e-07, 5.93237587054e-07, 4.78699291762e-07, 5.76130048557e-07, 3.47326192696e-07, 5.41814472399e-07, 3.75200215785e-07, 1.3670243959e-07, 3.90670322759e-08, 1.22261639035e-07, 1.20472208209e-07, 4.6380598917e-08, 3.78348516961e-08, 2.17093862886e-08, 6.70563915506e-09, 7.25843563032e-09, 1.41994105363e-08, 3.95159371891e-09, 1.24804455659e-09, 3.74440783935e-10, 2.38126740548e-10, 3.1488800456e-10, 3.15520276573e-10, 1.8189921791e-10, 1.38827921381e-10, 2.20456194966e-10, 2.07938471997e-10, 1.54951912412e-10, 1.74254152774e-10, 9.21780429763e-11, 4.1383098337e-11, 1.32675103542e-11, 3.70280455603e-12, 7.93542640452e-13, 2.32748119822e-13],
        "max": [0.0135958828032, 0.031508885324, 0.0136938206851, 0.0128398444504, 0.0112343095243, 0.0111819449812, 0.00938355736434, 0.0104734878987, 0.0198367852718, 0.0138176195323, 0.0110840713605, 0.0114804450423, 0.00767614599317, 0.00468650273979, 0.00464134803042, 0.00812338385731, 0.00361208827235, 0.00238197343424, 0.00434325449169, 0.00112832675222, 0.0014937040396, 0.0025555184111, 0.00126248144079, 0.000553672609385, 0.000268581410637, 0.000207857316127, 0.00021892071527, 0.000207863500691, 0.000160839248565, 0.000155193367391, 0.000261378503637, 0.000234135979554, 0.000290207157377, 0.000274880381767, 0.000265753333224, 0.000123851728858, 8.16287574708e-05, 3.61182428605e-05, 1.39298990689e-05, 1.00777397165e-05],
        "mean": [0.000275075930404, 0.000710408377927, 0.000376013253117, 0.00042436044896, 0.000468419282697, 0.000271592754871, 0.00031229655724, 0.000268310774118, 0.000257946870988, 0.000174712826265, 0.000392554356949, 0.000308468384901, 0.00014211308735, 0.000104422797449, 0.000199033194804, 0.000122286903206, 8.91094023245e-05, 7.41363910493e-05, 5.01972681377e-05, 3.56628115696e-05, 3.4276770748e-05, 5.64270631003e-05, 2.34828567045e-05, 1.51779249791e-05, 1.01389841802e-05, 7.84743224358e-06, 8.96098936209e-06, 7.24526580598e-06, 4.03997410103e-06, 3.49283163814e-06, 3.28824444296e-06, 3.27378120346e-06, 3.41999884768e-06, 3.62689661415e-06, 2.73365822068e-06, 1.87960847597e-06, 1.23205234104e-06, 6.71317309298e-07, 3.30160389694e-07, 1.70490466189e-07],
        "median": [0.000100621837191, 0.000235812476603, 0.000148954743054, 0.000179352093255, 0.000178205606062, 0.000104693674075, 0.000121842575027, 7.81937851571e-05, 6.82227182551e-05, 5.35080689588e-05, 6.65387633489e-05, 7.84509902587e-05, 3.2919793739e-05, 2.40724875766e-05, 4.49336730526e-05, 2.29661163758e-05, 2.75069505733e-05, 2.1879295673e-05, 1.37008391903e-05, 1.26049662867e-05, 8.31935449241e-06, 1.04936079879e-05, 7.19018771633e-06, 6.4590672082e-06, 4.75836577607e-06, 3.71173996427e-06, 4.17355931859e-06, 2.95301879305e-06, 1.36960579766e-06, 9.72511884356e-07, 7.61720912124e-07, 5.95132746639e-07, 7.30076010313e-07, 7.78676451318e-07, 4.59555877796e-07, 3.19196061582e-07, 2.74638580322e-07, 1.63090135175e-07, 6.94713833127e-08, 3.06706269271e-08],
        "min": [4.0150821126e-25, 4.1776939553e-25, 5.29785376096e-25, 5.12199990189e-25, 1.26951986984e-24, 1.04957992743e-24, 8.31874630762e-25, 1.18724779109e-24, 1.77711587057e-24, 1.22408572182e-24, 1.55434303005e-24, 2.00994737788e-24, 1.88781632697e-24, 2.07140733379e-24, 2.40399543017e-24, 1.89364600906e-24, 2.22528747235e-24, 1.78952741362e-24, 2.02811721111e-24, 1.82843541397e-24, 2.28052804888e-24, 2.77674108257e-24, 2.8242141402e-24, 3.51065664245e-24, 1.85653996423e-24, 2.95552910978e-24, 3.90769428035e-24, 4.13608883951e-24, 3.13669358046e-24, 3.80140631743e-24, 4.62569378261e-24, 4.20221865476e-24, 4.47355209628e-24, 4.7894751116e-24, 4.02308372597e-24, 4.81383276977e-24, 5.19348785763e-24, 5.84634164861e-24, 5.16286546058e-24, 5.5096226821e-24],
        "var": [3.89526888966e-07, 2.29382544603e-06, 4.97291580359e-07, 5.96908989792e-07, 6.99389431702e-07, 3.13801507446e-07, 3.8348790099e-07, 3.38094906738e-07, 6.55870849187e-07, 2.65471584271e-07, 7.85143527082e-07, 4.3487335688e-07, 1.86116935197e-07, 7.06284950525e-08, 2.10369975662e-07, 1.24910556565e-07, 3.81197473587e-08, 2.71636295679e-08, 2.37066686282e-08, 4.90821738808e-09, 9.00884966626e-09, 3.94072507959e-08, 4.00951538637e-09, 9.07889319279e-10, 2.78975037515e-10, 1.7105634964e-10, 2.07982603362e-10, 2.00791591687e-10, 8.2110415689e-11, 8.22459322869e-11, 1.10493766914e-10, 1.41659850517e-10, 1.38020622709e-10, 1.48209347572e-10, 1.23178911515e-10, 5.07937580885e-11, 1.71101032648e-11, 4.35565819523e-12, 8.88877946942e-13, 2.67989027237e-13]
    },
    "mfcc": {
        "mean": [-688.001037598, 111.69442749, -18.8098430634, 10.1306724548, -6.41968250275, 5.41036701202, -5.2879447937, 5.33242368698, -7.59571409225, 4.01865959167, -4.04742431641, -0.440307319164, -2.26167178154],
        "cov": [[25346.1308594, 5149.12109375, -974.594055176, 611.553771973, -305.23928833, 310.437438965, -294.428771973, 258.627929688, -373.855407715, 233.98928833, -173.811828613, -28.9154987335, -120.215538025], [5149.12109375, 2504.16015625, -208.289627075, 206.007980347, -32.7390327454, -23.8872871399, 65.3734588623, 81.6911468506, -156.685668945, 59.1972122192, -64.2764816284, -59.1337814331, -38.2456092834], [-974.594055176, -208.289627075, 764.796936035, 160.706588745, 61.2532424927, 77.1698760986, -49.7573127747, 14.9167728424, -2.83454442024, -6.56105518341, -11.9046630859, -10.144659996, -48.4115142822], [611.553771973, 206.007980347, 160.706588745, 305.487915039, 120.164054871, 12.6169586182, -90.8906478882, 5.41189622879, 18.89179039, 11.3597612381, -40.2126922607, 32.3827934265, 12.8763065338], [-305.23928833, -32.7390327454, 61.2532424927, 120.164054871, 209.237091064, 3.26632738113, -72.8919219971, -0.906405210495, 31.134267807, 0.178729146719, -29.3283042908, 31.9197311401, 10.66492939], [310.437438965, -23.8872871399, 77.1698760986, 12.6169586182, 3.26632738113, 165.274368286, 36.436920166, -6.93477678299, 23.2237205505, 8.19634342194, 26.7845687866, -18.7206821442, -13.488568306], [-294.428771973, 65.3734588623, -49.7573127747, -90.8906478882, -72.8919219971, 36.436920166, 257.223968506, 19.0905666351, -11.3330554962, 13.9765233994, 45.2106666565, -45.9058914185, -10.8243341446], [258.627929688, 81.6911468506, 14.9167728424, 5.41189622879, -0.906405210495, -6.93477678299, 19.0905666351, 108.237342834, -8.96956253052, 6.88146781921, -6.1538066864, -8.28622531891, -0.172139137983], [-373.855407715, -156.685668945, -2.83454442024, 18.89179039, 31.134267807, 23.2237205505, -11.3330554962, -8.96956253052, 139.664840698, 14.5812940598, 9.2131319046, 8.31297683716, 8.93442344666], [233.98928833, 59.1972122192, -6.56105518341, 11.3597612381, 0.178729146719, 8.19634342194, 13.9765233994, 6.88146781921, 14.5812940598, 91.6436157227, 25.0068054199, -19.4872360229, -8.55392551422], [-173.811828613, -64.2764816284, -11.9046630859, -40.2126922607, -29.3283042908, 26.7845687866, 45.2106666565, -6.1538066864, 9.2131319046, 25.0068054199, 95.6185379028, -12.9628620148, -4.78323698044], [-28.9154987335, -59.1337814331, -10.144659996, 32.3827934265, 31.9197311401, -18.7206821442, -45.9058914185, -8.28622531891, 8.31297683716, -19.4872360229, -12.9628620148, 112.217819214, 41.2910614014], [-120.215538025, -38.2456092834, -48.4115142822, 12.8763065338, 10.66492939, -13.488568306, -10.8243341446, -0.172139137983, 8.93442344666, -8.55392551422, -4.78323698044, 41.2910614014, 84.4917449951]],
