{
"lowlevel": {
    "average_loudness": 0.916505694389,
    "barkbands_crest": {
        "dmean": 2.24861979485,
        "dmean2": 3.65946340561,
        "dvar": 4.60960817337,
        "dvar2": 11.4841508865,
        "max": 26.3601551056,
        "mean": 9.28209018707,
        "median": 8.08870887756,
        "min": 2.46926546097,
        "var": 18.4889087677
    },
    "barkbands_flatness_db": {
        "dmean": 0.0169658511877,
        "dmean2": 0.0269730743021,
        "dvar": 0.000253757491009,
        "dvar2": 0.000602026237175,
        "max": 0.352702736855,
        "mean": 0.134793207049,
        "median": 0.12657353282,
        "min": 0.0351802483201,
        "var": 0.00223839678802
    },
    "barkbands_kurtosis": {
        "dmean": 2.06283783913,
        "dmean2": 3.31303977966,
        "dvar": 26.8293361664,
        "dvar2": 59.0997276306,
        "max": 236.210357666,
        "mean": 3.57707619667,
        "median": 1.34729146957,
        "min": -1.90661454201,
        "var": 103.037498474
    },
    "barkbands_skewness": {
        "dmean": 0.431278884411,
        "dmean2": 0.66904681921,
        "dvar": 0.233622968197,
        "dvar2": 0.518365383148,
        "max": 13.7389469147,
        "mean": 0.863591074944,
        "median": 0.839008748531,
        "min": -4.17040300369,
        "var": 2.33545660973
    },
    "barkbands_spread": {
        "dmean": 4.42543315887,
        "dmean2": 7.04267406464,
        "dvar": 29.339258194,
        "dvar2": 65.7368850708,
        "max": 136.445663452,
        "mean": 20.2425937653,
        "median": 19.0159034729,
        "min": 0.569616734982,
        "var": 121.639396667
    },
    "dissonance": {
        "dmean": 0.0167683064938,
        "dmean2": 0.028039040044,
        "dvar": 0.000295949925203,
        "dvar2": 0.000795519619714,
        "max": 0.500000059605,
        "mean": 0.465747177601,
        "median": 0.471786916256,
        "min": 0.262458860874,
        "var": 0.000746906152926
    },
    "dynamic_complexity": 2.58627176285,
    "erbbands_crest": {
        "dmean": 2.38822603226,
        "dmean2": 3.86275649071,
        "dvar": 5.79047727585,
        "dvar2": 14.2078990936,
        "max": 29.2094516754,
        "mean": 8.9940290451,
        "median": 8.00818729401,
        "min": 2.3554456234,
        "var": 21.770614624
    },
    "erbbands_flatness_db": {
        "dmean": 0.0139975072816,
        "dmean2": 0.0208562593907,
        "dvar": 0.00018720474327,
        "dvar2": 0.000367819826351,
        "max": 0.336974978447,
        "mean": 0.176560863853,
        "median": 0.181636035442,
        "min": 0.0691368579865,
        "var": 0.0019767084159
    },
    "erbbands_kurtosis": {
        "dmean": 0.879676043987,
        "dmean2": 1.38520026207,
        "dvar": 2.92139005661,
        "dvar2": 6.02659463882,
        "max": 70.8457489014,
        "mean": 0.606039941311,
        "median": 0.0330619812012,
        "min": -1.77088713646,
        "var": 9.55579185486
    },
    "erbbands_skewness": {
        "dmean": 0.331590652466,
        "dmean2": 0.510259985924,
        "dvar": 0.107840947807,
        "dvar2": 0.221251890063,
        "max": 7.67477035522,
        "mean": 0.261985957623,
        "median": 0.223174273968,
        "min": -4.61350488663,
        "var": 0.746796250343
    },
    "erbbands_spread": {
        "dmean": 6.15638494492,
        "dmean2": 9.36902809143,
        "dvar": 48.1108856201,
        "dvar2": 101.821632385,
        "max": 117.273078918,
        "mean": 32.8764686584,
        "median": 31.377494812,
        "min": 3.32732272148,
        "var": 230.951385498
    },
    "hfc": {
        "dmean": 5.64638376236,
        "dmean2": 8.41220283508,
        "dvar": 121.621711731,
        "dvar2": 233.522506714,
        "max": 381.504211426,
        "mean": 22.9593734741,
        "median": 19.8245010376,
        "min": 1.02806744619e-16,
        "var": 425.272949219
    },
    "melbands_crest": {
        "dmean": 2.76894378662,
        "dmean2": 4.47720861435,
        "dvar": 7.31847906113,
        "dvar2": 18.7979259491,
        "max": 34.3544311523,
        "mean": 11.4121341705,
        "median": 10.6264762878,
        "min": 1.09125697613,
        "var": 37.1028938293
    },
    "melbands_flatness_db": {
        "dmean": 0.0191569495946,
        "dmean2": 0.0298268590122,
        "dvar": 0.000435411231592,
        "dvar2": 0.000943061138969,
        "max": 0.433998525143,
        "mean": 0.15866343677,
        "median": 0.157331034541,
        "min": 4.67781137559e-05,
        "var": 0.00607384787872
    },
    "melbands_kurtosis": {
        "dmean": 4.11176300049,
        "dmean2": 6.61271524429,
        "dvar": 95.6199417114,
        "dvar2": 250.901382446,
        "max": 310.814910889,
        "mean": 8.25392246246,
        "median": 2.92883968353,
        "min": -1.87540304661,
        "var": 313.84375
    },
    "melbands_skewness": {
        "dmean": 0.536461114883,
        "dmean2": 0.829191446304,
        "dvar": 0.417337656021,
        "dvar2": 0.985675871372,
        "max": 13.7072734833,
        "mean": 1.77106928825,
        "median": 1.54802453518,
        "min": -1.81392335892,
        "var": 2.63020944595
    },
    "melbands_spread": {
        "dmean": 7.55199956894,
        "dmean2": 11.9999351501,
        "dvar": 103.902015686,
        "dvar2": 230.831329346,
        "max": 225.660308838,
        "mean": 37.0777893066,
        "median": 25.9746341705,
        "min": 0.69395339489,
        "var": 1354.88928223
    },
    "pitch_salience": {
        "dmean": 0.0576547831297,
        "dmean2": 0.0939136296511,
        "dvar": 0.00312971463427,
        "dvar2": 0.00809488818049,
        "max": 0.994383394718,
        "mean": 0.59088987112,
        "median": 0.584069907665,
        "min": 0.0748465508223,
        "var": 0.0178585462272
    },
    "silence_rate_20dB": {
        "dmean": 0,
        "dmean2": 0,
        "dvar": 0,
        "dvar2": 0,
        "max": 1,
        "mean": 1,
        "median": 1,
        "min": 1,
        "var": 0
    },
    "silence_rate_30dB": {
        "dmean": 0.00136705394834,
        "dmean2": 0.00273441942409,
        "dvar": 0.00136521901004,
        "dvar2": 0.00318281282671,
        "max": 1,
        "mean": 0.998291373253,
        "median": 1,
        "min": 0,
        "var": 0.00170565233566
    },
    "silence_rate_60dB": {
        "dmean": 0.00774663919583,
        "dmean2": 0.0154950441793,
        "dvar": 0.00768614932895,
        "dvar2": 0.0191265214235,
        "max": 1,
        "mean": 0.145005121827,
        "median": 0,
        "min": 0,
        "var": 0.123953677714
    },
    "spectral_centroid": {
        "dmean": 247.367477417,
        "dmean2": 388.040618896,
        "dvar": 94538.0390625,
        "dvar2": 193165.546875,
        "max": 12069.3232422,
        "mean": 2367.85449219,
        "median": 1468.99645996,
        "min": 279.69644165,
        "var": 8862368
    },
    "spectral_complexity": {
        "dmean": 2.98108911514,
        "dmean2": 4.72462129593,
        "dvar": 11.9343156815,
        "dvar2": 27.8894348145,
        "max": 53,
        "mean": 19.7281017303,
        "median": 21,
        "min": 0,
        "var": 126.495643616
    },
    "spectral_decrease": {
        "dmean": 1.57017410185e-09,
        "dmean2": 2.4769606366e-09,
        "dvar": 3.89317352946e-18,
        "dvar2": 8.92555177905e-18,
        "max": 2.63254858542e-28,
        "mean": -6.25410434552e-09,
        "median": -6.45715880765e-09,
        "min": -4.78362132128e-08,
        "var": 1.81639962053e-17
    },
    "spectral_energy": {
        "dmean": 0.00628583272919,
        "dmean2": 0.00988384056836,
        "dvar": 6.03430416959e-05,
        "dvar2": 0.000137414273922,
        "max": 0.188824921846,
        "mean": 0.0256869327277,
        "median": 0.0267526097596,
        "min": 9.83000356546e-21,
        "var": 0.00029328049277
    },
    "spectral_energyband_high": {
        "dmean": 0.000364065403119,
        "dmean2": 0.000521665962879,
        "dvar": 2.35793663705e-06,
        "dvar2": 4.03797093895e-06,
        "max": 0.0533147342503,
        "mean": 0.000764994416386,
        "median": 0.000356945878593,
        "min": 6.84599393432e-21,
        "var": 4.77807088828e-06
    },
    "spectral_energyband_low": {
        "dmean": 0.00122717977501,
        "dmean2": 0.00200625346042,
        "dvar": 4.90592492497e-06,
        "dvar2": 1.25097749333e-05,
        "max": 0.0423076599836,
        "mean": 0.00280535407364,
        "median": 0.00171456090175,
        "min": 6.35053736302e-24,
        "var": 1.2070977391e-05
    },
    "spectral_energyband_middle_high": {
        "dmean": 0.00222005438991,
        "dmean2": 0.00340589112602,
        "dvar": 1.0738040146e-05,
        "dvar2": 2.43632366619e-05,
        "max": 0.0777998641133,
        "mean": 0.00788526888937,
        "median": 0.0053489357233,
        "min": 1.03613540179e-21,
        "var": 6.66461201035e-05
    },
    "spectral_energyband_middle_low": {
        "dmean": 0.00511177163571,
        "dmean2": 0.00811645947397,
        "dvar": 5.34643768333e-05,
        "dvar2": 0.000123534715385,
        "max": 0.169810280204,
        "mean": 0.0149753252044,
        "median": 0.0121828271076,
        "min": 1.34759379256e-22,
        "var": 0.000196908105863
    },
    "spectral_entropy": {
        "dmean": 0.119720287621,
        "dmean2": 0.180001094937,
        "dvar": 0.0186766348779,
        "dvar2": 0.0353143773973,
        "max": 9.83172988892,
        "mean": 7.73755264282,
        "median": 7.58854675293,
        "min": 5.4386548996,
        "var": 0.635389506817
    },
    "spectral_flux": {
        "dmean": 0.0185921192169,
        "dmean2": 0.0302506592125,
        "dvar": 0.000453831598861,
        "dvar2": 0.0011510218028,
        "max": 0.339159250259,
        "mean": 0.0771197974682,
        "median": 0.0806080624461,
        "min": 6.26312335328e-11,
        "var": 0.00186016480438
    },
    "spectral_kurtosis": {
        "dmean": 1.43124008179,
        "dmean2": 2.44174814224,
        "dvar": 2.60586500168,
        "dvar2": 7.49650907516,
        "max": 28.877779007,
        "mean": 3.73429846764,
        "median": 3.58135128021,
        "min": -1.28015553951,
        "var": 9.25877952576
    },
    "spectral_rms": {
        "dmean": 0.00057328917319,
        "dmean2": 0.000891483214218,
        "dvar": 4.01074913725e-07,
        "dvar2": 8.75402122347e-07,
        "max": 0.0135727459565,
        "mean": 0.00451155100018,
        "median": 0.00510882632807,
        "min": 3.09681251996e-12,
        "var": 4.70653958473e-06
    },
    "spectral_rolloff": {
        "dmean": 409.192626953,
        "dmean2": 684.644226074,
        "dvar": 491967.90625,
        "dvar2": 1009804.375,
        "max": 19961.2792969,
        "mean": 3338.58422852,
        "median": 1571.92382812,
        "min": 86.1328125,
        "var": 27998850
    },
    "spectral_skewness": {
        "dmean": 0.193988785148,
        "dmean2": 0.316196113825,
        "dvar": 0.0393359139562,
        "dvar2": 0.0931520983577,
        "max": 3.95836687088,
        "mean": 1.31002438068,
        "median": 1.38298797607,
        "min": -0.448736608028,
        "var": 0.355968624353
    },
    "spectral_spread": {
        "dmean": 408514.125,
        "dmean2": 629379.75,
        "dvar": 435570900992,
        "dvar2": 948124123136,
        "max": 43610280,
        "mean": 7567419.5,
        "median": 3740839.25,
        "min": 2013462.5,
        "var": 1.23473632428e+14
    },
    "spectral_strongpeak": {
        "dmean": 0.679794609547,
        "dmean2": 1.12689054012,
        "dvar": 1.0755661726,
        "dvar2": 2.70776462555,
        "max": 13.1484775543,
        "mean": 1.43628025055,
        "median": 1.05978608131,
        "min": 0,
        "var": 2.31701231003
    },
    "zerocrossingrate": {
        "dmean": 0.00847210828215,
        "dmean2": 0.0107032451779,
        "dvar": 0.000148010993144,
        "dvar2": 0.000174662782229,
        "max": 0.666015625,
        "mean": 0.106094025075,
        "median": 0.0625,
        "min": 0.0107421875,
        "var": 0.0184728614986
    },
    "barkbands": {
        "dmean": [5.60728440178e-05, 0.000617250800133, 0.000608084374107, 0.0010122343665, 0.00213622674346, 0.00205341889523, 0.00107632193249, 0.000473186955787, 0.000770245620515, 0.00072006310802, 0.000699345895555, 0.000597515725531, 0.000577984843403, 0.00054418691434, 0.000435896596173, 0.000297051999951, 0.000340934289852, 0.000245199422352, 0.00015593887656, 0.000137060007546, 0.000123673875351, 0.000116986673675, 8.74959223438e-05, 3.92287220166e-05, 1.24346934172e-05, 2.71216981673e-06, 7.46263424389e-08],
        "dmean2": [0.000100567871414, 0.00102643191349, 0.00100805889815, 0.00161277875304, 0.00340538844466, 0.00323757040314, 0.00164465256967, 0.000733757391572, 0.00120665482245, 0.00114626553841, 0.00109243125189, 0.000948531611357, 0.000942087557632, 0.000881361658685, 0.000696370436344, 0.000477617461002, 0.000539358239621, 0.00038955869968, 0.000255461025517, 0.000221235153731, 0.000196474735276, 0.000174382090336, 0.000123253441416, 5.75494414079e-05, 1.81364466698e-05, 4.00533735956e-06, 1.02964698101e-07],
        "dvar": [6.62518617744e-09, 1.69811573869e-06, 1.46781906096e-06, 6.33800891592e-06, 1.8994025595e-05, 1.59989685926e-05, 5.03250839756e-06, 1.97469330487e-06, 2.92503227683e-06, 3.27945053868e-06, 2.89357626571e-06, 1.84545615411e-06, 1.76527078111e-06, 1.57439069426e-06, 1.06576658254e-06, 7.58051214689e-07, 5.1748105534e-07, 2.67848008662e-07, 1.13656113854e-07, 9.8007298277e-08, 3.70516886505e-07, 2.38554775933e-07, 2.81731018958e-07, 4.81914952388e-08, 2.15735695974e-09, 6.60800164587e-11, 2.17905186083e-12],
        "dvar2": [2.01243608444e-08, 4.71539988212e-06, 3.99058490075e-06, 1.57769318321e-05, 4.53087268397e-05, 3.67462816939e-05, 1.1519767213e-05, 4.23452456744e-06, 6.69417977406e-06, 7.56704230298e-06, 6.16501938566e-06, 4.27308214057e-06, 4.45997238785e-06, 3.74379146706e-06, 2.51497476711e-06, 1.43980412304e-06, 1.16627381885e-06, 5.99813233748e-07, 2.94076784257e-07, 2.21483929863e-07, 8.54570373576e-07, 4.71689617143e-07, 5.18440174346e-07, 8.79268498011e-08, 4.19790957551e-09, 1.30520164121e-10, 3.60194209528e-12],
        "max": [0.0020719433669, 0.0289417319, 0.0199036486447, 0.0539841018617, 0.108785554767, 0.137838497758, 0.0617887042463, 0.0435194857419, 0.0352939032018, 0.0339898392558, 0.0435407683253, 0.0346892438829, 0.0425552651286, 0.035745870322, 0.0313525162637, 0.0464656129479, 0.0219346936792, 0.0146973319352, 0.0133615909144, 0.0104612642899, 0.0420228168368, 0.0173600111157, 0.026364767924, 0.01046044752, 0.00138832360972, 0.000327746616676, 0.000142888049595],
        "mean": [6.42460872768e-05, 0.00113421562128, 0.00109569157939, 0.00168890273198, 0.00428415508941, 0.00447261752561, 0.00196299748495, 0.000803138595074, 0.00128203397617, 0.00114779965952, 0.00116003211588, 0.00107097707223, 0.000949981855229, 0.000928591121919, 0.000778709712904, 0.000510051497258, 0.000658280914649, 0.000486460106913, 0.000295601057587, 0.000259841210209, 0.000205582662602, 0.00020287798543, 0.000148824328789, 6.79168588249e-05, 2.26272622967e-05, 4.68073358206e-06, 1.10818277221e-07],
        "median": [3.68879482266e-05, 0.000561065971851, 0.000453298271168, 0.000448171136668, 0.00144715036731, 0.00132189935539, 0.000790980353486, 0.000229219804169, 0.000497220084071, 0.0002957553952, 0.000351658643922, 0.000354205956683, 0.000387662556022, 0.000263478752458, 0.000254878221313, 0.000177820038516, 0.000296151789371, 0.000209330624784, 0.000163271412021, 0.000143760800711, 8.98703510757e-05, 7.708092744e-05, 4.70245286124e-05, 2.16883563553e-05, 7.10654785507e-06, 1.41648433782e-06, 5.26339416496e-10],
        "min": [4.10919063014e-26, 1.38248701944e-24, 4.78963160188e-25, 2.54782400168e-25, 4.42177284418e-24, 5.49125602808e-24, 4.86588339002e-24, 2.15493646239e-24, 1.15581840906e-23, 1.01583093935e-23, 1.08864051321e-23, 1.44416939468e-23, 1.4288973631e-23, 1.88418496356e-23, 2.67208550952e-23, 3.62767437587e-23, 4.68964902389e-23, 7.48614042252e-23, 1.06757833725e-22, 1.25455212952e-22, 1.93706549704e-22, 2.77190020607e-22, 3.30880322957e-22, 5.23061733163e-22, 7.80247200468e-22, 1.18970301732e-21, 1.84609042238e-21],
        "var": [7.64789298557e-09, 2.97925703308e-06, 2.68987787422e-06, 1.27541106849e-05, 5.8876707044e-05, 5.82571483392e-05, 1.30554753923e-05, 4.89355807076e-06, 5.74226351091e-06, 7.11523034624e-06, 6.95718199495e-06, 4.35980564362e-06, 3.07898130814e-06, 4.02115210818e-06, 2.52500421993e-06, 1.5947683778e-06, 1.25843325804e-06, 7.41945370919e-07, 1.70769936858e-07, 1.84066564657e-07, 4.33094555774e-07, 4.18495318399e-07, 5.2898604963e-07, 9.46326395024e-08, 4.41138725549e-09, 1.25829277553e-10, 6.09207346028e-12]
    },
    "erbbands": {
        "dmean": [0.0148551976308, 0.158478960395, 0.61299008131, 1.81535887718, 6.90951871872, 6.32547950745, 13.9787254333, 15.448767662, 14.8103141785, 12.5692014694, 10.6620235443, 15.291018486, 23.3421173096, 21.798406601, 23.2968902588, 21.3343410492, 24.0462017059, 26.0430488586, 20.2276420593, 21.4847335815, 14.044418335, 18.5692462921, 14.3253927231, 8.50584030151, 7.77054595947, 5.76058483124, 5.28989315033, 4.65842103958, 4.11448812485, 3.67935442924, 2.19510817528, 1.07292306423, 0.550400018692, 0.204061597586, 0.063099808991, 0.0191992335021, 0.00398242194206, 0.000318359147059, 1.42831468111e-05, 7.78898902354e-06],
        "dmean2": [0.0251706745476, 0.261910349131, 1.01340651512, 2.92652320862, 10.9686784744, 10.0095214844, 22.1992435455, 24.1241149902, 22.7802085876, 19.4419250488, 16.6976337433, 24.0916252136, 37.6352462769, 33.7139015198, 35.2840118408, 33.3629837036, 39.0480079651, 41.4980506897, 32.8181762695, 33.5480499268, 22.6525020599, 29.1486968994, 22.5193805695, 13.6733551025, 12.8304958344, 9.28220462799, 8.49032974243, 7.26247358322, 6.18804645538, 5.30038785934, 3.09392166138, 1.58350145817, 0.82837498188, 0.299988478422, 0.0926268175244, 0.02840895392, 0.00593818770722, 0.000461151241325, 2.17968663492e-05, 1.203886859e-05],
        "dvar": [0.000794938358013, 0.11702991277, 1.43703711033, 15.5984992981, 378.638580322, 212.592681885, 1021.15289307, 830.655212402, 942.27355957, 890.261169434, 800.245178223, 1035.55651855, 3624.81469727, 2808.58911133, 3436.46582031, 1725.00585938, 2779.04248047, 3985.37255859, 2184.00952148, 3631.09741211, 1034.33789062, 1407.96362305, 934.737426758, 265.299316406, 332.673736572, 202.006759644, 1092.58630371, 261.365081787, 250.266464233, 470.003845215, 168.159469604, 46.0736732483, 9.36254501343, 0.766334474087, 0.0463586077094, 0.00308226537891, 0.000166555502801, 7.12142173143e-06, 1.28432136037e-08, 1.08195466475e-10],
        "dvar2": [0.00220962474123, 0.321943134069, 3.87807846069, 40.5596923828, 867.458557129, 478.325012207, 2358.41625977, 1919.49072266, 2180.34033203, 2175.35620117, 1733.81140137, 2434.79174805, 8813.67382812, 6181.24804688, 6469.71240234, 3829.29516602, 7046.1953125, 9410.53710938, 5354.26074219, 7688.27636719, 2465.2746582, 3242.3137207, 2095.57177734, 651.479064941, 879.519104004, 434.796966553, 2733.51611328, 509.570861816, 524.830078125, 840.923522949, 298.833618164, 83.2919006348, 19.9437389374, 1.60895192623, 0.0864889994264, 0.00592388352379, 0.000351894967025, 1.23932222778e-05, 3.08253298442e-08, 2.26887536536e-10],
        "max": [0.859130680561, 8.14995861053, 19.3376083374, 86.0358581543, 576.158081055, 608.489624023, 1047.92456055, 634.965087891, 693.746826172, 608.341918945, 971.078308105, 762.540039062, 1285.04260254, 1458.42004395, 2725.01782227, 1009.1394043, 1249.55871582, 2137.38891602, 960.532348633, 2048.11547852, 1082.87231445, 1035.65246582, 798.95513916, 458.541442871, 641.543395996, 595.776855469, 2434.86474609, 624.50793457, 678.35369873, 1159.39050293, 604.169006348, 454.952270508, 108.747032166, 28.8922920227, 8.99396038055, 2.02437782288, 0.504814743996, 0.230021134019, 0.00583379389718, 0.000280575739453],
        "mean": [0.0265711713582, 0.283489614725, 1.1637789011, 3.32314157486, 11.8366613388, 13.6404533386, 28.6624469757, 33.3318519592, 28.7666168213, 23.0874271393, 19.3695163727, 26.6796283722, 41.0210800171, 39.8103523254, 43.5612297058, 41.9083213806, 43.6850776672, 48.2033882141, 40.979309082, 39.8562736511, 28.1672916412, 37.6663398743, 30.0536327362, 17.7389793396, 14.9720973969, 11.2733354568, 8.63848304749, 8.19531822205, 7.22464895248, 6.15505695343, 3.79454469681, 1.84914636612, 0.927173018456, 0.356779634953, 0.113792270422, 0.0347394198179, 0.00640571955591, 0.000455354194855, 3.38277313858e-05, 3.24356296915e-05],
        "median": [0.0123602971435, 0.134379044175, 0.554912388325, 1.38552963734, 2.98512506485, 4.68757677078, 7.66793823242, 10.9241361618, 12.8456401825, 9.03304100037, 7.50076723099, 11.6139221191, 12.2308835983, 14.2187328339, 14.6978750229, 17.0868034363, 20.5982818604, 16.4857234955, 15.0390510559, 14.1272888184, 12.1114902496, 16.8154277802, 13.0546770096, 10.1277809143, 8.8579416275, 6.22011327744, 3.70549178123, 3.6814057827, 2.81352758408, 2.06274080276, 1.20346450806, 0.584012746811, 0.295040458441, 0.105659902096, 0.0383703559637, 0.011695785448, 0.00164115126245, 5.37896521564e-05, 1.9799968868e-05, 3.36406301358e-05],
        "min": [4.98529673623e-23, 1.33864848855e-22, 1.07717858514e-21, 2.96716794306e-21, 9.58665413783e-21, 1.37174462907e-20, 1.76615630048e-20, 4.32137375821e-20, 6.57825204903e-20, 9.94305928347e-20, 1.82885355361e-19, 3.10782380237e-19, 3.8448143278e-19, 5.33346310037e-19, 6.25749984181e-19, 8.53829890348e-19, 8.21392002626e-19, 1.10799767717e-18, 1.66544699628e-18, 2.2336519381e-18, 3.24805702409e-18, 3.22628149446e-18, 3.90294956353e-18, 5.43617845973e-18, 6.72177967263e-18, 5.87557514676e-18, 7.21514906744e-18, 8.49647499734e-18, 9.54070449391e-18, 1.04658199823e-17, 8.30178811401e-18, 9.71046180794e-18, 8.47832582752e-18, 7.87806732677e-18, 5.7001272437e-18, 3.4626396691e-18, 2.01162404719e-18, 7.88813804394e-19, 2.35081990052e-19, 2.5049705976e-20],
        "var": [0.00165013235528, 0.195137128234, 2.76908993721, 31.068145752, 792.429138184, 990.545959473, 3444.46972656, 2974.66503906, 2420.90087891, 2041.51367188, 2045.3359375, 2070.58642578, 9176.99414062, 7728.89648438, 10154.5498047, 4920.82177734, 5364.95996094, 10623.0439453, 5671.19726562, 8349.52636719, 2425.2824707, 3813.94824219, 2799.98535156, 578.622070312, 428.80557251, 406.331970215, 1075.59350586, 423.524627686, 439.540679932, 818.976989746, 338.73739624, 93.6093978882, 15.4935979843, 1.4491468668, 0.0944013372064, 0.00635020807385, 0.000279325584415, 1.74789420271e-05, 2.46071518717e-08, 4.88953821876e-10]
    },
    "gfcc": {
        "mean": [-114.050575256, 93.5704803467, -132.795089722, 33.5841827393, -62.3834915161, 11.1137657166, -38.6757621765, 0.384623765945, -20.0436325073, -2.82875561714, -8.65551280975, -0.229132920504, -4.81583213806],
        "cov": [[122375.21875, 10784.0830078, -15731.5908203, 3907.51611328, -7256.74609375, 1328.87561035, -4431.44921875, 34.5700340271, -2366.75756836, -369.776794434, -1072.45788574, -51.5486602783, -658.022155762], [10784.0830078, 1929.05786133, -1208.86645508, 317.179260254, -592.025085449, -103.27948761, -411.52432251, -114.40927124, -177.133422852, -172.910736084, -4.85112380981, -60.5603485107, 14.5162668228], [-15731.5908203, -1208.86645508, 2671.0222168, -316.226593018, 895.142578125, -216.090301514, 506.609710693, -29.1237030029, 241.252929688, 30.6288776398, 93.3929977417, 14.6027259827, 69.5283584595], [3907.51611328, 317.179260254, -316.226593018, 362.541137695, -215.497009277, 47.6913490295, -162.766448975, 10.5742034912, -68.1184616089, -20.273103714, -74.6860198975, -14.1595487595, -27.179359436], [-7256.74609375, -592.025085449, 895.142578125, -215.497009277, 638.085693359, -49.6700897217, 294.623016357, 36.4668731689, 154.172576904, 35.4638710022, 28.9370269775, -12.1176919937, 20.8314590454], [1328.87561035, -103.27948761, -216.090301514, 47.6913490295, -49.6700897217, 216.04347229, 18.3411369324, 44.8389968872, -35.7112503052, 42.335609436, -31.7613735199, 7.09400463104, -30.881565094], [-4431.44921875, -411.52432251, 506.609710693, -162.766448975, 294.623016357, 18.3411369324, 285.330322266, 33.6454353333, 94.5827026367, 22.8885326385, 45.2680091858, -1.13808202744, 12.1972532272], [34.5700340271, -114.40927124, -29.1237030029, 10.5742034912, 36.4668731689, 44.8389968872, 33.6454353333, 129.835891724, 28.7066040039, 46.9841461182, -25.2650203705, 11.2461185455, -14.7562580109], [-2366.75756836, -177.133422852, 241.252929688, -68.1184616089, 154.172576904, -35.7112503052, 94.5827026367, 28.7066040039, 158.042297363, 28.5679111481, 39.895816803, 1.94562804699, 26.8067626953], [-369.776794434, -172.910736084, 30.6288776398, -20.273103714, 35.4638710022, 42.335609436, 22.8885326385, 46.9841461182, 28.5679111481, 131.032318115, 20.5911750793, 26.1405391693, -19.0504646301], [-1072.45788574, -4.85112380981, 93.3929977417, -74.6860198975, 28.9370269775, -31.7613735199, 45.2680091858, -25.2650203705, 39.895816803, 20.5911750793, 125.08757782, 39.6244773865, 33.8834724426], [-51.5486602783, -60.5603485107, 14.6027259827, -14.1595487595, -12.1176919937, 7.09400463104, -1.13808202744, 11.2461185455, 1.94562804699, 26.1405391693, 39.6244773865, 86.9068603516, 22.6656723022], [-658.022155762, 14.5162668228, 69.5283584595, -27.179359436, 20.8314590454, -30.881565094, 12.1972532272, -14.7562580109, 26.8067626953, -19.0504646301, 33.8834724426, 22.6656723022, 81.5930938721]],
        "icov": [[0.000278826861177, -0.000656586198602, 0.000753756030463, -0.000706468999851, 0.000775749213062, -0.000531544908881, 0.000603237946052, -0.000341390870744, 0.000621991988737, -0.000423528050305, 0.000725309539121, -0.000683687860146, 0.00052215764299], [-0.000656586198602, 0.00272887805477, -0.00138936960138, 0.00107656850014, -0.00171814719215, 0.00196255673654, -0.000901776191313, 0.000842105946504, -0.00108916522004, 0.0018793301424, -0.00280623836443, 0.00253318110481, -0.00151126214769], [0.000753756030463, -0.00138936960138, 0.00305403163657, -0.00240061990917, 0.00126891536638, -0.000382939120755, 0.000779149588197, -0.000277517712675, 0.00185200688429, -0.00117114302702, 0.00189071451314, -0.00203152210452, 0.00118557200767], [-0.000706468999851, 0.00107656850014, -0.00240061990917, 0.00649126758799, -0.00116012326907, -7.05027414369e-05, 0.000386535102734, 0.000113696041808, -0.00214904453605, 0.00125533877872, 2.34354647546e-05, 0.00151593703777, -0.000880436738953], [0.000775749213062, -0.00171814719215, 0.00126891536638, -0.00116012326907, 0.00665536476299, -0.00115518481471, -0.000551141565666, -0.00126797845587, 0.000298504863167, -0.00154140999075, 0.00327025982551, -0.0013516980689, 0.00137026340235], [-0.000531544908881, 0.00196255673654, -0.000382939120755, -7.05027414369e-05, -0.00115518481471, 0.00868112314492, -0.00426579732448, 0.00022446870571, 0.000756616471335, -0.00101669935975, -0.000315522862365, 0.000749516999349, -0.000637339951936], [0.000603237946052, -0.000901776191313, 0.000779149588197, 0.000386535102734, -0.000551141565666, -0.00426579732448, 0.0116980792955, -0.002912821481, 2.63217007159e-05, 0.00135373487137, -0.00181899860036, 0.000446487072622, 0.0016796112759], [-0.000341390870744, 0.000842105946504, -0.000277517712675, 0.000113696041808, -0.00126797845587, 0.00022446870571, -0.002912821481, 0.0119828963652, -0.00314162438735, -0.00274249631912, 0.00328253139742, -0.00192149332725, -5.49705073354e-05], [0.000621991988737, -0.00108916522004, 0.00185200688429, -0.00214904453605, 0.000298504863167, 0.000756616471335, 2.63217007159e-05, -0.00314162438735, 0.012137664482, -0.00254094554111, -0.00112059200183, 0.000804425624665, -0.0017851383891], [-0.000423528050305, 0.0018793301424, -0.00117114302702, 0.00125533877872, -0.00154140999075, -0.00101669935975, 0.00135373487137, -0.00274249631912, -0.00254094554111, 0.0127412267029, -0.00475033279508, -0.00067790702451, 0.00294719496742], [0.000725309539121, -0.00280623836443, 0.00189071451314, 2.34354647546e-05, 0.00327025982551, -0.000315522862365, -0.00181899860036, 0.00328253139742, -0.00112059200183, -0.00475033279508, 0.0170986335725, -0.00788894481957, -0.000993568915874], [-0.000683687860146, 0.00253318110481, -0.00203152210452, 0.00151593703777, -0.0013516980689, 0.000749516999349, 0.000446487072622, -0.00192149332725, 0.000804425624665, -0.00067790702451, -0.00788894481957, 0.0187746472657, -0.00587565638125], [0.00052215764299, -0.00151126214769, 0.00118557200767, -0.000880436738953, 0.00137026340235, -0.000637339951936, 0.0016796112759, -5.49705073354e-05, -0.0017851383891, 0.00294719496742, -0.000993568915874, -0.00587565638125, 0.0178996101022]]
    },
    "melbands": {
        "dmean": [0.000149315572344, 0.000270709511824, 0.00047679754789, 0.000475430279039, 0.000420951284468, 0.000355291762389, 0.00022364569304, 0.000127965613501, 9.07653666218e-05, 0.000106104285805, 0.000119671691209, 8.88728391146e-05, 8.58894782141e-05, 6.06861576671e-05, 6.92142348271e-05, 5.5072541727e-05, 5.22414375155e-05, 3.5991481127e-05, 3.55213815055e-05, 2.52959143836e-05, 1.73978569364e-05, 2.2328007617e-05, 1.52786269609e-05, 1.16047640404e-05, 7.30450847186e-06, 5.90110630583e-06, 6.29443911748e-06, 3.72303884433e-06, 3.61296724805e-06, 2.97752262668e-06, 2.89502418127e-06, 2.54545352618e-06, 2.26317592933e-06, 2.11597102862e-06, 1.40827694395e-06, 9.61170485425e-07, 5.97781138367e-07, 4.3343999323e-07, 2.96181582371e-07, 1.44347509945e-07],
        "dmean2": [0.000250451004831, 0.000443495431682, 0.000753076630645, 0.000763985677622, 0.000660593213979, 0.000557236198802, 0.000342739571352, 0.000197778092115, 0.000142681514262, 0.000167062869878, 0.000192921623238, 0.000137371083838, 0.000130127053126, 9.45052743191e-05, 0.000111124376417, 8.8459069957e-05, 8.31519791973e-05, 5.88227303524e-05, 5.69610165257e-05, 3.96633768105e-05, 2.82518030872e-05, 3.53975556209e-05, 2.37568583543e-05, 1.83104675671e-05, 1.18626803669e-05, 9.77650870482e-06, 1.0407238733e-05, 6.00589100941e-06, 5.87463773627e-06, 4.76269633509e-06, 4.54187784271e-06, 3.95325378122e-06, 3.4130387121e-06, 3.07868663185e-06, 2.01599186767e-06, 1.45963349496e-06, 8.90130479547e-07, 6.56941836041e-07, 4.53218689245e-07, 2.12416253476e-07],
        "dvar": [8.8927293973e-08, 2.76760800944e-07, 1.40351028222e-06, 1.17667775612e-06, 7.76941305958e-07, 4.21570774733e-07, 2.04083676181e-07, 9.55563450589e-08, 4.9126160917e-08, 5.6141288951e-08, 9.31568706619e-08, 4.58705926576e-08, 4.12972802621e-08, 2.56046241986e-08, 2.09919193139e-08, 1.76042469491e-08, 1.66694729131e-08, 8.18093059962e-09, 7.78499131826e-09, 7.02188662771e-09, 1.81401882404e-09, 2.37287278715e-09, 9.48278899848e-10, 7.04355573866e-10, 2.01038533043e-10, 1.86351115095e-10, 1.87119778006e-10, 9.96468532688e-11, 5.21554355259e-10, 1.61227906026e-10, 9.40756153534e-11, 8.56129334093e-11, 1.13246141631e-10, 1.82818787886e-10, 6.30736504692e-11, 4.96912164194e-11, 1.13905837887e-11, 5.69684924234e-12, 2.51591672842e-12, 3.07246876595e-13],
        "dvar2": [2.4665462206e-07, 7.3020214586e-07, 3.31335741066e-06, 2.83932854472e-06, 1.77903257281e-06, 9.74365434558e-07, 4.62734959683e-07, 2.26304592843e-07, 1.08565842538e-07, 1.31149420213e-07, 2.27175945611e-07, 1.00117127033e-07, 7.97421009224e-08, 5.96510076889e-08, 4.99908452412e-08, 4.29436965987e-08, 3.85340932496e-08, 2.03391454789e-08, 1.85644957185e-08, 1.24256533951e-08, 4.53771553666e-09, 5.4390993931e-09, 2.09376715965e-09, 1.5985580637e-09, 4.99166485923e-10, 4.90106233375e-10, 4.91202689634e-10, 2.1217790025e-10, 1.33702093841e-09, 3.42754991056e-10, 1.95696930883e-10, 1.9312758337e-10, 2.10754108609e-10, 3.56867535523e-10, 1.15682331769e-10, 1.02938532698e-10, 2.06318764157e-11, 1.23517255451e-11, 5.98421225767e-12, 6.14485459044e-13],
        "max": [0.00720698945224, 0.0106929000467, 0.0312378257513, 0.0286476965994, 0.0270525272936, 0.0177732612938, 0.0115127665922, 0.00793419033289, 0.00711441319436, 0.00537058757618, 0.00631855940446, 0.00596427358687, 0.00672912178561, 0.00525467051193, 0.00501592503861, 0.00472068134695, 0.00455219158903, 0.00205401983112, 0.00232390244491, 0.00491781998426, 0.00167080317624, 0.00146710174158, 0.00110806885641, 0.000794167106505, 0.000385189137887, 0.000516493513715, 0.000294450495858, 0.00039361169911, 0.00165589875542, 0.000770963029936, 0.000374298804672, 0.000350005371729, 0.000518688582815, 0.000661259575281, 0.00031185548869, 0.000488863268401, 0.00018896808615, 8.48686540849e-05, 7.10212116246e-05, 1.91756025743e-05],
        "mean": [0.000278250401607, 0.000533362501301, 0.000867013819516, 0.000925705011468, 0.000904846005142, 0.000781300012022, 0.000432604021626, 0.000231630401686, 0.00015780578542, 0.000179482391104, 0.000203006828087, 0.000154157809447, 0.000152255845023, 0.000112154739327, 0.000114039430628, 9.35594580369e-05, 8.88503636816e-05, 6.56271658954e-05, 6.12041330896e-05, 4.24390491389e-05, 3.0748979043e-05, 4.12227782363e-05, 3.03866909235e-05, 2.24226314458e-05, 1.34852734845e-05, 1.06813176899e-05, 1.07876594484e-05, 6.67862786941e-06, 5.47578656551e-06, 4.73681666335e-06, 4.78759466205e-06, 4.22077391704e-06, 3.6232192997e-06, 3.32575177708e-06, 2.31308194998e-06, 1.54928159191e-06, 9.80082745627e-07, 6.91822947374e-07, 4.64077800189e-07, 2.44278226091e-07],
        "median": [0.000143668745295, 0.000261350418441, 0.000309847993776, 0.000283394154394, 0.000267596478807, 0.000259935914073, 0.000191015191376, 8.08318145573e-05, 5.65156078665e-05, 6.96745628375e-05, 5.46933915757e-05, 4.98398658237e-05, 4.81134775328e-05, 3.22281921399e-05, 4.52638341812e-05, 3.23831445712e-05, 2.57897463598e-05, 1.95733155124e-05, 2.06547338166e-05, 1.39673220474e-05, 1.233824878e-05, 1.73053194885e-05, 1.27765160869e-05, 9.83424979495e-06, 7.34269906388e-06, 5.46449427929e-06, 5.8014707065e-06, 3.05351932184e-06, 2.14644819607e-06, 1.85268731911e-06, 2.00874683287e-06, 1.60661431892e-06, 1.20809932014e-06, 1.01524790352e-06, 7.05332638518e-07, 4.53018913049e-07, 2.92388989465e-07, 2.21644015141e-07, 1.24989981032e-07, 6.92783288514e-08],
        "min": [7.19044102007e-25, 2.97583379783e-25, 6.25390535339e-25, 8.34686426851e-25, 5.58847406275e-25, 1.23896994938e-24, 1.00122393724e-24, 8.31206169752e-25, 1.35195948291e-24, 1.67768961701e-24, 1.73699203835e-24, 2.09542459848e-24, 1.63891049681e-24, 1.77910794157e-24, 1.89242958554e-24, 1.19221179695e-24, 1.5463949606e-24, 1.89183774265e-24, 1.68805879918e-24, 3.01849953711e-24, 3.16287922656e-24, 2.74184522878e-24, 2.85298330577e-24, 3.28121487045e-24, 3.16016574226e-24, 3.29317202962e-24, 2.79568084404e-24, 3.52019042092e-24, 3.48640705823e-24, 4.57421587538e-24, 3.746021971e-24, 3.81456530619e-24, 4.24180566714e-24, 4.5137082718e-24, 4.11501836473e-24, 4.44619873882e-24, 5.36353629208e-24, 5.49385374704e-24, 4.93406937122e-24, 5.9505580628e-24],
        "var": [1.68444742599e-07, 5.62822833672e-07, 2.96937582789e-06, 3.46752017322e-06, 2.83209715235e-06, 1.56531802986e-06, 5.44674833236e-07, 2.27012506571e-07, 1.2602710342e-07, 1.09402733983e-07, 2.32315514381e-07, 1.23779585692e-07, 1.19777283203e-07, 6.31048635569e-08, 3.98458048778e-08, 3.67360399878e-08, 4.28452331391e-08, 1.97944434177e-08, 1.76973031785e-08, 1.48105891995e-08, 3.55687834741e-09, 5.34587973888e-09, 3.2466689337e-09, 1.58651047855e-09, 3.86239790151e-10, 2.49171877575e-10, 2.55546334094e-10, 1.98746394342e-10, 4.8019604959e-10, 2.18490350812e-10, 1.44352765852e-10, 1.37343303397e-10, 2.02080435718e-10, 2.84165913023e-10, 1.1885004092e-10, 9.20601789245e-11, 2.23786041781e-11, 8.77069077088e-12, 3.64357242294e-12, 6.10042669592e-13]
    },
    "mfcc": {
        "mean": [-677.978942871, 108.085014343, -14.755106926, 17.7150268555, -3.95012831688, 5.14032459259, -7.81066656113, 2.0589261055, -8.02014446259, -4.04022502899, -3.41778993607, -1.45603573322, -2.0018427372],
        "cov": [[27920.8867188, 5408.61572266, -1199.86376953, 836.061523438, -333.976074219, 304.154876709, -396.919433594, 163.812698364, -437.920471191, -182.813690186, -146.842529297, -123.840637207, -203.390930176], [5408.61572266, 2203.88989258, -107.96006012, 329.941223145, -12.6914253235, -22.0376720428, -129.8881073, 2.6138048172, -180.207321167, -96.7099151611, -91.4471054077, -65.8698425293, -30.6384277344], [-1199.86376953, -107.96006012, 650.508483887, 146.211639404, 41.2852058411, -4.97489404678, -9.35963249207, -31.1112613678, -20.6385307312, -50.4708099365, -31.7062644958, -27.6033477783, 4.01894807816], [836.061523438, 329.941223145, 146.211639404, 287.767303467, 70.5453872681, -11.9909629822, -47.5891075134, -2.81374597549, -0.308198422194, -26.3072605133, -27.1535701752, -8.33040237427, -10.3897943497], [-333.976074219, -12.6914253235, 41.2852058411, 70.5453872681, 152.391815186, 13.5055351257, -3.75263404846, 3.218490839, 41.3076210022, 12.706161499, -6.53157901764, -4.37308120728, -2.80016136169], [304.154876709, -22.0376720428, -4.97489404678, -11.9909629822, 13.5055351257, 129.714370728, 43.6796646118, 11.9772415161, 11.1564502716, 11.3967971802, 9.75595188141, -1.39357531071, -4.56635713577], [-396.919433594, -129.8881073, -9.35963249207, -47.5891075134, -3.75263404846, 43.6796646118, 136.03793335, 23.6241359711, 17.4456558228, 24.5125274658, 9.90489673615, 4.28845310211, -3.24045705795], [163.812698364, 2.6138048172, -31.1112613678, -2.81374597549, 3.218490839, 11.9772415161, 23.6241359711, 97.3170471191, 25.6668224335, 9.10562801361, 10.8258857727, -13.2870254517, -9.6871175766], [-437.920471191, -180.207321167, -20.6385307312, -0.308198422194, 41.3076210022, 11.1564502716, 17.4456558228, 25.6668224335, 120.487754822, 54.2386703491, 15.3886814117, 6.35551738739, -3.68074250221], [-182.813690186, -96.7099151611, -50.4708099365, -26.3072605133, 12.706161499, 11.3967971802, 24.5125274658, 9.10562801361, 54.2386703491, 94.986869812, 32.5698394775, 8.11323261261, 1.44604671001], [-146.842529297, -91.4471054077, -31.7062644958, -27.1535701752, -6.53157901764, 9.75595188141, 9.90489673615, 10.8258857727, 15.3886814117, 32.5698394775, 76.4044418335, 29.3665122986, 8.3747882843], [-123.840637207, -65.8698425293, -27.6033477783, -8.33040237427, -4.37308120728, -1.39357531071, 4.28845310211, -13.2870254517, 6.35551738739, 8.11323261261, 29.3665122986, 92.7222137451, 42.228515625], [-203.390930176, -30.6384277344, 4.01894807816, -10.3897943497, -2.80016136169, -4.56635713577, -3.24045705795, -9.6871175766, -3.68074250221, 1.44604671001, 8.3747882843, 42.228515625, 79.5730056763]],
