{
"lowlevel": {
    "average_loudness": 0.91389977932,
    "barkbands_crest": {
        "dmean": 2.26155757904,
        "dmean2": 3.68745470047,
        "dvar": 4.57787370682,
        "dvar2": 11.936425209,
        "max": 23.4378547668,
        "mean": 8.17227840424,
        "median": 7.33676958084,
        "min": 2.6151509285,
        "var": 10.2627210617
    },
    "barkbands_flatness_db": {
        "dmean": 0.0159410182387,
        "dmean2": 0.0255066528916,
        "dvar": 0.000204919444514,
        "dvar2": 0.000510507379659,
        "max": 0.257466733456,
        "mean": 0.127457395196,
        "median": 0.126842871308,
        "min": 0.042135246098,
        "var": 0.00103177467827
    },
    "barkbands_kurtosis": {
        "dmean": 1.2636525631,
        "dmean2": 2.03292942047,
        "dvar": 3.06755208969,
        "dvar2": 7.40495014191,
        "max": 35.9041061401,
        "mean": 1.58347165585,
        "median": 0.811666488647,
        "min": -1.88018214703,
        "var": 7.35906076431
    },
    "barkbands_skewness": {
        "dmean": 0.355470180511,
        "dmean2": 0.554922878742,
        "dvar": 0.116056121886,
        "dvar2": 0.268503248692,
        "max": 5.32360029221,
        "mean": 0.613851249218,
        "median": 0.710828483105,
        "min": -2.8219628334,
        "var": 1.27250957489
    },
    "barkbands_spread": {
        "dmean": 4.20873403549,
        "dmean2": 6.74446201324,
        "dvar": 23.9194927216,
        "dvar2": 53.0293235779,
        "max": 151.344573975,
        "mean": 20.1402378082,
        "median": 19.5522918701,
        "min": 2.95875144005,
        "var": 71.8570861816
    },
    "dissonance": {
        "dmean": 0.017640022561,
        "dmean2": 0.0297878216952,
        "dvar": 0.000268810224952,
        "dvar2": 0.000734901987016,
        "max": 0.500000119209,
        "mean": 0.46477329731,
        "median": 0.468729704618,
        "min": 0.33217421174,
        "var": 0.000632303708699
    },
    "dynamic_complexity": 2.69488191605,
    "erbbands_crest": {
        "dmean": 2.63741540909,
        "dmean2": 4.30458068848,
        "dvar": 6.83330917358,
        "dvar2": 17.4472885132,
        "max": 28.0411262512,
        "mean": 8.72713851929,
        "median": 7.88385486603,
        "min": 2.05081868172,
        "var": 18.0685367584
    },
    "erbbands_flatness_db": {
        "dmean": 0.0150333633646,
        "dmean2": 0.022375209257,
        "dvar": 0.000183620446478,
        "dvar2": 0.000391594541725,
        "max": 0.31983718276,
        "mean": 0.179133623838,
        "median": 0.183641180396,
        "min": 0.0278312470764,
        "var": 0.00205992744304
    },
    "erbbands_kurtosis": {
        "dmean": 0.651501059532,
        "dmean2": 1.05696487427,
        "dvar": 0.683939039707,
        "dvar2": 1.75164747238,
        "max": 18.040643692,
        "mean": 0.077119410038,
        "median": -0.218831777573,
        "min": -1.70934164524,
        "var": 1.81324410439
    },
    "erbbands_skewness": {
        "dmean": 0.312213212252,
        "dmean2": 0.495002031326,
        "dvar": 0.0771689713001,
        "dvar2": 0.193071335554,
        "max": 2.9987988472,
        "mean": 0.24819123745,
        "median": 0.248578131199,
        "min": -2.03898024559,
        "var": 0.347859114408
    },
    "erbbands_spread": {
        "dmean": 5.32066392899,
        "dmean2": 8.18761253357,
        "dvar": 28.4380435944,
        "dvar2": 61.0744934082,
        "max": 142.616394043,
        "mean": 30.4613647461,
        "median": 29.517993927,
        "min": 3.43658161163,
        "var": 166.319107056
    },
    "hfc": {
        "dmean": 5.06265258789,
        "dmean2": 7.63787651062,
        "dvar": 37.996257782,
        "dvar2": 81.8564910889,
        "max": 88.8134994507,
        "mean": 21.5719223022,
        "median": 19.946264267,
        "min": 1.02689787897e-16,
        "var": 251.326965332
    },
    "melbands_crest": {
        "dmean": 2.7799217701,
        "dmean2": 4.56289482117,
        "dvar": 7.26808452606,
        "dvar2": 19.026971817,
        "max": 31.1703357697,
        "mean": 10.2003135681,
        "median": 9.69173908234,
        "min": 1.49100518227,
        "var": 22.9632968903
    },
    "melbands_flatness_db": {
        "dmean": 0.0179529767483,
        "dmean2": 0.0283224098384,
        "dvar": 0.000322751904605,
        "dvar2": 0.000799631059635,
        "max": 0.352690160275,
        "mean": 0.154475495219,
        "median": 0.162955000997,
        "min": 0.00291886134073,
        "var": 0.00375914457254
    },
    "melbands_kurtosis": {
        "dmean": 2.49609041214,
        "dmean2": 3.92061567307,
        "dvar": 19.8625183105,
        "dvar2": 48.2597198486,
        "max": 110.969047546,
        "mean": 4.37233686447,
        "median": 2.27546977997,
        "min": -1.62602412701,
        "var": 54.8336296082
    },
    "melbands_skewness": {
        "dmean": 0.438195407391,
        "dmean2": 0.675424575806,
        "dvar": 0.207517459989,
        "dvar2": 0.470245301723,
        "max": 8.88277339935,
        "mean": 1.39183676243,
        "median": 1.28926479816,
        "min": -1.68255889416,
        "var": 1.34651911259
    },
    "melbands_spread": {
        "dmean": 6.53381299973,
        "dmean2": 10.4904766083,
        "dvar": 41.6259841919,
        "dvar2": 107.95464325,
        "max": 176.121490479,
        "mean": 36.1769332886,
        "median": 25.6000499725,
        "min": 2.88845396042,
        "var": 1153.37011719
    },
    "pitch_salience": {
        "dmean": 0.0570260249078,
        "dmean2": 0.0939880758524,
        "dvar": 0.00271305046044,
        "dvar2": 0.0071131917648,
        "max": 0.897485911846,
        "mean": 0.598310649395,
        "median": 0.588435649872,
        "min": 0.221101477742,
        "var": 0.0113621000201
    },
    "silence_rate_20dB": {
        "dmean": 0,
        "dmean2": 0,
        "dvar": 0,
        "dvar2": 0,
        "max": 1,
        "mean": 1,
        "median": 1,
        "min": 1,
        "var": 0
    },
    "silence_rate_30dB": {
        "dmean": 0.000438308139564,
        "dmean2": 0.000876712321769,
        "dvar": 0.000438144023065,
        "dvar2": 0.00109523360152,
        "max": 1,
        "mean": 0.999671280384,
        "median": 1,
        "min": 0,
        "var": 0.00032855788595
    },
    "silence_rate_60dB": {
        "dmean": 0.00504054361954,
        "dmean2": 0.0100821917877,
        "dvar": 0.00501530850306,
        "dvar2": 0.0121701387689,
        "max": 1,
        "mean": 0.150432780385,
        "median": 0,
        "min": 0,
        "var": 0.127814620733
    },
    "spectral_centroid": {
        "dmean": 228.345291138,
        "dmean2": 367.081665039,
        "dvar": 54422.9726562,
        "dvar2": 131984.1875,
        "max": 12087.1054688,
        "mean": 2394.73022461,
        "median": 1470.07543945,
        "min": 353.776733398,
        "var": 8611972
    },
    "spectral_complexity": {
        "dmean": 2.87946534157,
        "dmean2": 4.64504098892,
        "dvar": 10.6427755356,
        "dvar2": 25.2273654938,
        "max": 53,
        "mean": 19.9649391174,
        "median": 22,
        "min": 0,
        "var": 100.617080688
    },
    "spectral_decrease": {
        "dmean": 1.6585821605e-09,
        "dmean2": 2.48913778478e-09,
        "dvar": 4.2695010035e-18,
        "dvar2": 9.45660421385e-18,
        "max": 2.29359761369e-19,
        "mean": -6.0867280105e-09,
        "median": -6.06274763726e-09,
        "min": -4.39067839864e-08,
        "var": 1.86261635203e-17
    },
    "spectral_energy": {
        "dmean": 0.0066220308654,
        "dmean2": 0.00992369558662,
        "dvar": 6.65824190946e-05,
        "dvar2": 0.000146349717397,
        "max": 0.173739865422,
        "mean": 0.0249293725938,
        "median": 0.0250334739685,
        "min": 9.74876861319e-21,
        "var": 0.000304719113046
    },
    "spectral_energyband_high": {
        "dmean": 0.000185767217772,
        "dmean2": 0.000285007990897,
        "dvar": 1.10593482816e-07,
        "dvar2": 2.45796371701e-07,
        "max": 0.00732222292572,
        "mean": 0.000470027705887,
        "median": 0.000277803628705,
        "min": 6.77301140113e-21,
        "var": 3.11051536528e-07
    },
    "spectral_energyband_low": {
        "dmean": 0.0018874341622,
        "dmean2": 0.00311320810579,
        "dvar": 1.21196926557e-05,
        "dvar2": 3.21251900459e-05,
        "max": 0.0590448379517,
        "mean": 0.00346883526072,
        "median": 0.001970611047,
        "min": 1.10408782968e-23,
        "var": 2.18080003833e-05
    },
    "spectral_energyband_middle_high": {
        "dmean": 0.00254279654473,
        "dmean2": 0.0039383508265,
        "dvar": 1.36017097248e-05,
        "dvar2": 3.34579926857e-05,
        "max": 0.0669526234269,
        "mean": 0.00818956829607,
        "median": 0.00583129562438,
        "min": 1.04320652375e-21,
        "var": 6.70173685648e-05
    },
    "spectral_energyband_middle_low": {
        "dmean": 0.00488488934934,
        "dmean2": 0.00731850741431,
        "dvar": 4.53656975878e-05,
        "dvar2": 0.000104425897007,
        "max": 0.140072152019,
        "mean": 0.0134117063135,
        "median": 0.0112478733063,
        "min": 1.25880061881e-22,
        "var": 0.000143463781569
    },
    "spectral_entropy": {
        "dmean": 0.110492385924,
        "dmean2": 0.170009344816,
        "dvar": 0.0131981018931,
        "dvar2": 0.0294387675822,
        "max": 9.82757949829,
        "mean": 7.74590778351,
        "median": 7.54630947113,
        "min": 6.40382909775,
        "var": 0.543010115623
    },
    "spectral_flux": {
        "dmean": 0.0179852358997,
        "dmean2": 0.0291081313044,
        "dvar": 0.000400391698349,
        "dvar2": 0.000966245483141,
        "max": 0.275964647532,
        "mean": 0.0780078545213,
        "median": 0.0789627656341,
        "min": 6.22236637216e-11,
        "var": 0.00188253470697
    },
    "spectral_kurtosis": {
        "dmean": 1.5318697691,
        "dmean2": 2.64712643623,
        "dvar": 2.40555882454,
        "dvar2": 7.09930562973,
        "max": 23.0532054901,
        "mean": 4.18644046783,
        "median": 4.22285318375,
        "min": -1.29435908794,
        "var": 7.7859082222
    },
    "spectral_rms": {
        "dmean": 0.000600270577706,
        "dmean2": 0.000884136650711,
        "dvar": 4.22370334263e-07,
        "dvar2": 8.76521085047e-07,
        "max": 0.0130193056539,
        "mean": 0.00441841268912,
        "median": 0.00494195334613,
        "min": 3.08398987771e-12,
        "var": 4.79888876725e-06
    },
    "spectral_rolloff": {
        "dmean": 384.09588623,
        "dmean2": 649.196838379,
        "dvar": 436127.65625,
        "dvar2": 920560.9375,
        "max": 20004.3457031,
        "mean": 3308.36450195,
        "median": 1571.92382812,
        "min": 64.599609375,
        "var": 27767290
    },
    "spectral_skewness": {
        "dmean": 0.19452559948,
        "dmean2": 0.327399045229,
        "dvar": 0.0332207232714,
        "dvar2": 0.091002561152,
        "max": 3.57943916321,
        "mean": 1.33314013481,
        "median": 1.41933107376,
        "min": -0.111663073301,
        "var": 0.292641341686
    },
    "spectral_spread": {
        "dmean": 411676.40625,
        "dmean2": 621114.5,
        "dvar": 435669893120,
        "dvar2": 944570695680,
        "max": 43179848,
        "mean": 7298022.5,
        "median": 3353311.5,
        "min": 2186873.25,
        "var": 1.25504673808e+14
    },
    "spectral_strongpeak": {
        "dmean": 0.724009394646,
        "dmean2": 1.19579195976,
        "dvar": 0.943516969681,
        "dvar2": 2.43335461617,
        "max": 14.0500535965,
        "mean": 1.40670382977,
        "median": 0.984762310982,
        "min": 0,
        "var": 2.25438714027
    },
    "zerocrossingrate": {
        "dmean": 0.00730228191242,
        "dmean2": 0.00964362174273,
        "dvar": 0.000116535360576,
        "dvar2": 0.000165309655131,
        "max": 0.79443359375,
        "mean": 0.103653810918,
        "median": 0.05859375,
        "min": 0.0146484375,
        "var": 0.0183927714825
    },
    "barkbands": {
        "dmean": [7.49974569771e-05, 0.00125572329853, 0.000868647184689, 0.000799089029897, 0.00164828111883, 0.00118830380961, 0.00116394087672, 0.00127359852195, 0.00129404070321, 0.000923692074139, 0.000774484651629, 0.00078438926721, 0.000423962192144, 0.000689481094014, 0.000447657192126, 0.000335198361427, 0.000310288509354, 0.000230013087275, 0.000147447019117, 0.000151819433086, 7.44386561564e-05, 3.45605039911e-05, 2.5994509997e-05, 2.11084916373e-05, 7.44710041545e-06, 2.160665872e-06, 4.75846945847e-07],
        "dmean2": [0.000134425499709, 0.0020902834367, 0.00148737756535, 0.00127860158682, 0.00250444211997, 0.00181139295455, 0.00171631516423, 0.00191721960437, 0.00200256262906, 0.00147275230847, 0.00123064382933, 0.00124446884729, 0.000694121583365, 0.00113109161612, 0.00073398090899, 0.000540454057045, 0.000504593015648, 0.000376477371901, 0.000244918221142, 0.000245796982199, 0.000123841615277, 5.44015601918e-05, 3.89853121305e-05, 3.05153334921e-05, 1.01942223409e-05, 2.97816836792e-06, 6.92495689236e-07],
        "dvar": [1.03975139609e-08, 5.50131471755e-06, 3.4954525745e-06, 3.80981600756e-06, 1.13036594485e-05, 5.62085369893e-06, 5.20827506989e-06, 7.7486038208e-06, 9.63702223089e-06, 5.48719617655e-06, 3.9307260522e-06, 3.92859510612e-06, 9.66151446846e-07, 2.26039264817e-06, 7.62670026688e-07, 5.07058416588e-07, 3.11209333859e-07, 1.36688726116e-07, 5.76107943573e-08, 6.72502764587e-08, 2.09866488632e-08, 8.09162603588e-09, 6.16264372866e-09, 5.76138559083e-09, 5.59792656674e-10, 2.94772782572e-11, 4.71981724537e-11],
        "dvar2": [3.08992049725e-08, 1.45823078128e-05, 9.71259669313e-06, 9.37226195674e-06, 2.52252193604e-05, 1.32417690111e-05, 1.21865177789e-05, 1.83014235517e-05, 2.39317778323e-05, 1.38184141178e-05, 9.97438564809e-06, 9.6067224149e-06, 2.43554791268e-06, 5.88937564316e-06, 1.92072684513e-06, 1.14749582281e-06, 6.86703913289e-07, 3.31698004175e-07, 1.54068601432e-07, 1.67396819961e-07, 5.52602088533e-08, 1.83544166532e-08, 1.27213946044e-08, 1.10481153115e-08, 9.58791712691e-10, 5.9299183619e-11, 8.86653389598e-11],
        "max": [0.00174497952685, 0.0315681807697, 0.0439947396517, 0.0464748479426, 0.0837685912848, 0.0417771860957, 0.0515583455563, 0.0562928766012, 0.0631756037474, 0.0555981248617, 0.0544416569173, 0.0460705533624, 0.0251780934632, 0.0291231777519, 0.0206166040152, 0.0163632780313, 0.0177098605782, 0.00814632326365, 0.00544039998204, 0.0044347429648, 0.00402071839198, 0.00235178554431, 0.0035053731408, 0.00324325822294, 0.000933924107812, 0.000142363860505, 0.000397984287702],
        "mean": [8.24932067189e-05, 0.00178938708268, 0.00124011165462, 0.00121322192717, 0.00309079629369, 0.00234224484302, 0.00215403619222, 0.00209884298965, 0.00196873699315, 0.0013568433933, 0.00121907878201, 0.00135965342633, 0.00069752719719, 0.0010565018747, 0.000738481758162, 0.000564396206755, 0.000593315984588, 0.000435681518866, 0.000297769671306, 0.000311486772262, 0.000144084304338, 6.8881570769e-05, 5.09535711899e-05, 3.66828498954e-05, 1.39347912409e-05, 3.65429991689e-06, 6.13189172327e-07],
        "median": [5.08985394845e-05, 0.000792488572188, 0.000555360224098, 0.000365346262697, 0.00123767531477, 0.00105745531619, 0.000969859655015, 0.000801837421022, 0.000690728891641, 0.000402080884669, 0.000361914659152, 0.000402867561206, 0.000226412696065, 0.000408629013691, 0.000377794378437, 0.000267974304734, 0.000323012296576, 0.00025865517091, 0.0001851808629, 0.000163348187925, 7.24790661479e-05, 3.26593508362e-05, 2.42660025833e-05, 1.32540617415e-05, 5.00797887071e-06, 1.35118591515e-06, 5.05153752162e-10],
        "min": [1.37661096712e-26, 6.30456600073e-25, 3.88404812542e-25, 6.08105508222e-25, 3.89406197505e-24, 3.020215704e-24, 4.2817512168e-24, 3.11975377859e-24, 9.11791782209e-24, 1.14575664599e-23, 8.49924734628e-24, 1.63678682409e-23, 1.96446970447e-23, 2.36864590247e-23, 2.55506509398e-23, 3.06942307234e-23, 6.05355261033e-23, 6.74503904977e-23, 4.12358831295e-23, 1.33296035966e-22, 1.95835224592e-22, 2.46899099755e-22, 2.97348004199e-22, 4.984235245e-22, 7.52649488612e-22, 1.12707962884e-21, 1.78875040772e-21],
        "var": [1.09201296894e-08, 8.15140720078e-06, 4.45829118689e-06, 6.65464904159e-06, 2.49353233812e-05, 1.41306891237e-05, 1.15249367809e-05, 1.50343721543e-05, 1.5611287381e-05, 8.93035303307e-06, 8.53183246363e-06, 1.17216668514e-05, 2.2174458536e-06, 4.08497362514e-06, 1.43773138461e-06, 1.1115999996e-06, 9.03870954971e-07, 3.31241068352e-07, 1.30375639174e-07, 1.71650782477e-07, 4.01966069319e-08, 1.43337146596e-08, 1.16825304985e-08, 1.16528662275e-08, 1.30925070785e-09, 5.28781671227e-11, 7.88003828855e-11]
    },
    "erbbands": {
        "dmean": [0.027615075931, 0.323666363955, 0.9275816679, 1.58387053013, 5.47473859787, 4.7887468338, 7.38432836533, 10.2663431168, 11.1078033447, 26.5654888153, 27.09416008, 26.7449550629, 32.8749771118, 25.6699256897, 31.3719863892, 28.5137844086, 18.0510654449, 35.3817825317, 20.0943107605, 22.8281002045, 16.6952800751, 14.4432992935, 12.0661754608, 8.52163410187, 7.48302936554, 7.00328159332, 4.19163370132, 1.86505115032, 1.33016955853, 0.877169370651, 0.718232870102, 0.50232064724, 0.305580854416, 0.111161544919, 0.0441239513457, 0.0147336451337, 0.00321178068407, 0.000948871136643, 2.63937072305e-05, 8.07303877082e-06],
        "dmean2": [0.0464976504445, 0.540835976601, 1.5983505249, 2.57080221176, 8.42146015167, 7.25806236267, 11.3801307678, 15.4696626663, 16.7847881317, 38.981880188, 40.7258377075, 41.199054718, 51.5703010559, 40.7372016907, 49.623249054, 45.2052154541, 29.0907917023, 57.9777946472, 33.0222015381, 37.0614318848, 26.783536911, 23.1925411224, 19.4312000275, 13.905216217, 12.4469909668, 11.2631044388, 6.85603761673, 3.03995275497, 2.13117313385, 1.35380470753, 1.07616496086, 0.741293907166, 0.43511942029, 0.15415585041, 0.0614482760429, 0.020131168887, 0.00448662601411, 0.00136957073119, 3.76592979592e-05, 1.19728447316e-05],
        "dvar": [0.00253459648229, 0.381880700588, 3.72631978989, 10.4475774765, 262.360137939, 85.3285293579, 306.703338623, 520.169128418, 546.635009766, 3048.04956055, 4150.80810547, 5091.62402344, 5794.95996094, 3942.48608398, 5419.70556641, 4541.33105469, 1605.39562988, 6048.26855469, 1589.91540527, 2002.57373047, 1159.84106445, 745.070068359, 390.861083984, 176.054946899, 138.635391235, 154.360778809, 61.45545578, 13.2749700546, 13.1740188599, 4.87060642242, 5.57088899612, 3.32049250603, 1.27182424068, 0.146465077996, 0.0180617421865, 0.00144567585085, 7.2761089541e-05, 0.000133039895445, 8.30150028719e-08, 1.08719096226e-10],
        "dvar2": [0.00679702032357, 1.01424789429, 10.4399356842, 26.9212303162, 575.529724121, 197.941986084, 728.646850586, 1254.96630859, 1272.61523438, 7350.39746094, 9894.51953125, 12717.3212891, 13989.2666016, 9959.25390625, 13418.7734375, 10691.5253906, 4020.03540039, 15868.6279297, 4091.88378906, 4853.78369141, 2536.6730957, 1578.27294922, 894.326721191, 461.840423584, 363.455169678, 383.682617188, 159.282684326, 32.7604866028, 31.2957229614, 10.8974666595, 11.491150856, 6.49641752243, 2.52903914452, 0.251141279936, 0.0344808250666, 0.00297706597485, 0.000136259171995, 0.000253793143202, 1.55083213826e-07, 2.26527921421e-10],
        "max": [0.674400210381, 8.3640460968, 45.0689849854, 65.6548080444, 431.245452881, 196.931991577, 373.155456543, 485.503814697, 591.093505859, 1199.34179688, 1528.74719238, 1506.92980957, 2037.00842285, 1398.85009766, 1697.69580078, 1652.46130371, 967.40814209, 1630.79870605, 764.30670166, 864.469787598, 1090.49951172, 1046.73962402, 568.624694824, 291.509674072, 232.642669678, 263.42276001, 205.508529663, 84.6242828369, 96.836265564, 61.0894813538, 119.001251221, 77.0470504761, 45.5192489624, 14.4853363037, 5.81362533569, 1.50261425972, 0.21835373342, 0.66454154253, 0.0168871954083, 0.000295999256196],
        "mean": [0.0392550714314, 0.447353333235, 1.35395336151, 2.67260098457, 8.54890823364, 9.65304851532, 13.9201145172, 19.738193512, 21.5486984253, 49.3453216553, 45.3061752319, 42.323348999, 51.0365867615, 43.5216598511, 55.3627662659, 50.1490478516, 32.7922019958, 58.58852005, 35.8750152588, 40.1440048218, 32.1330718994, 30.7192363739, 24.5819721222, 18.4360351562, 15.5995845795, 14.9367179871, 8.50231552124, 3.83611035347, 2.60300731659, 1.82803559303, 1.38716042042, 0.889029443264, 0.521054327488, 0.20560900867, 0.0776774436235, 0.0255481563509, 0.00526078697294, 0.00125085259788, 4.75235065096e-05, 3.10190189339e-05],
        "median": [0.0176178440452, 0.187841370702, 0.654715776443, 1.18512558937, 2.23061156273, 3.50962400436, 4.91019487381, 8.69238758087, 11.0993299484, 21.3491039276, 17.9999828339, 16.1283931732, 20.4778366089, 17.0535621643, 19.205537796, 18.5183963776, 13.574221611, 22.4797840118, 19.9302043915, 19.8312263489, 17.6738834381, 17.7122154236, 15.2048578262, 11.691163063, 10.1897258759, 7.89143848419, 4.39540576935, 2.05674338341, 1.21450710297, 0.906780004501, 0.638448178768, 0.344670534134, 0.181349724531, 0.0715533271432, 0.0278204195201, 0.0096568511799, 0.0018669978017, 5.9533136664e-05, 1.85826356756e-05, 3.13536147587e-05],
        "min": [2.93166871008e-23, 2.54782786315e-22, 1.1766900688e-21, 3.21258007156e-21, 6.16579984311e-21, 1.09726461452e-20, 2.40597727312e-20, 3.40573264149e-20, 8.14287128625e-20, 1.10186700221e-19, 1.5045385244e-19, 2.72687481855e-19, 3.28908492398e-19, 5.21993773118e-19, 6.37345867297e-19, 8.14926965754e-19, 9.09426870666e-19, 1.53951247033e-18, 1.96670813992e-18, 1.90361597268e-18, 2.75535495723e-18, 3.37563660548e-18, 4.22844678893e-18, 4.69822540626e-18, 3.95037472318e-18, 6.82928378735e-18, 7.51378360245e-18, 7.86880124955e-18, 8.80703830397e-18, 9.64129627384e-18, 8.76909801081e-18, 9.70840791848e-18, 8.47943011364e-18, 6.76783957068e-18, 5.17221644087e-18, 3.55459857857e-18, 2.17567443537e-18, 8.5080137533e-19, 2.06037261827e-19, 2.40486009461e-20],
        "var": [0.00359580246732, 0.54680544138, 4.61183357239, 19.1310100555, 457.887573242, 256.068145752, 759.938659668, 1163.43688965, 1197.50537109, 6844.87939453, 7665.88867188, 8257.47558594, 9656.13183594, 8120.59179688, 13554.0869141, 11665.8251953, 3671.48510742, 11963.3222656, 3136.30688477, 4213.65771484, 3075.89404297, 2363.90258789, 1069.72387695, 474.930084229, 319.231384277, 412.332183838, 130.22869873, 27.3733139038, 21.0676994324, 9.75189113617, 10.0925292969, 6.5995926857, 2.37286281586, 0.333349943161, 0.0366488210857, 0.00266095041297, 0.000132232031319, 0.000219139881665, 1.42457324159e-07, 4.61551630249e-10]
    },
    "gfcc": {
        "mean": [-113.64503479, 98.9057159424, -138.071578979, 27.8358364105, -56.3790092468, 9.72666168213, -32.6858825684, 9.38952541351, -18.1685752869, 0.853620231152, -9.63840198517, -4.9380903244, -5.45104074478],
        "cov": [[122900.460938, 12015.3583984, -15900.6689453, 3425.35375977, -6665.47509766, 1003.81066895, -3855.19384766, 1106.93237305, -2143.54541016, 96.8841094971, -1135.99816895, -709.387390137, -741.493774414], [12015.3583984, 1783.3470459, -1433.23828125, 369.786560059, -592.565612793, -44.7946357727, -382.984619141, 60.2132492065, -180.241287231, -37.4615211487, -69.6710357666, -112.484313965, -29.4281482697], [-15900.6689453, -1433.23828125, 2787.05249023, -291.858581543, 876.277587891, -160.082504272, 378.044555664, -156.969970703, 232.63722229, -1.8278580904, 61.2419242859, 115.422927856, 47.961555481], [3425.35375977, 369.786560059, -291.858581543, 281.720947266, -169.453399658, 42.1357879639, -136.465621948, 30.404384613, -63.9566955566, -3.66736483574, -57.1301231384, -33.7148857117, -22.8108558655], [-6665.47509766, -592.565612793, 876.277587891, -169.453399658, 495.043212891, -44.0252456665, 254.346755981, -52.2326889038, 119.289596558, 0.868616819382, 57.5630874634, 33.7981643677, 26.4280776978], [1003.81066895, -44.7946357727, -160.082504272, 42.1357879639, -44.0252456665, 193.466583252, 32.8071632385, 7.67657566071, -50.462928772, 8.55914497375, -22.4386615753, 5.93534946442, -24.8532447815], [-3855.19384766, -382.984619141, 378.044555664, -136.465621948, 254.346755981, 32.8071632385, 286.062744141, -19.6321144104, 62.6824607849, -5.1519112587, 56.3553123474, 0.254878163338, 9.3245382309], [1106.93237305, 60.2132492065, -156.969970703, 30.404384613, -52.2326889038, 7.67657566071, -19.6321144104, 104.218185425, 16.0995521545, 16.5652446747, -15.0616474152, -6.86456298828, -7.74041891098], [-2143.54541016, -180.241287231, 232.63722229, -63.9566955566, 119.289596558, -50.462928772, 62.6824607849, 16.0995521545, 135.401947021, 19.0032539368, 44.6613540649, 9.21195983887, 24.0779838562], [96.8841094971, -37.4615211487, -1.8278580904, -3.66736483574, 0.868616819382, 8.55914497375, -5.1519112587, 16.5652446747, 19.0032539368, 63.8335113525, 16.0531139374, 12.3243598938, -16.7084064484], [-1135.99816895, -69.6710357666, 61.2419242859, -57.1301231384, 57.5630874634, -22.4386615753, 56.3553123474, -15.0616474152, 44.6613540649, 16.0531139374, 98.0356521606, 19.1218109131, 23.5519428253], [-709.387390137, -112.484313965, 115.422927856, -33.7148857117, 33.7981643677, 5.93534946442, 0.254878163338, -6.86456298828, 9.21195983887, 12.3243598938, 19.1218109131, 76.0942687988, 23.6443252563], [-741.493774414, -29.4281482697, 47.961555481, -22.8108558655, 26.4280776978, -24.8532447815, 9.3245382309, -7.74041891098, 24.0779838562, -16.7084064484, 23.5519428253, 23.6443252563, 74.1175384521]],
        "icov": [[0.000234495091718, -0.000636310549453, 0.000589942326769, -0.000435605412349, 0.00067865481833, -0.000322492589476, 0.000444652483566, -0.000559323700145, 0.000567539653275, -0.000517161272001, 0.000568248447962, -0.000548988289665, 0.000806623836979], [-0.000636310549453, 0.0032346912194, -0.00107973569538, 5.2776245866e-05, -0.00159540621098, 0.0019147854764, -0.000751711893827, 0.00169508100953, -0.000964118982665, 0.00190549087711, -0.00208428967744, 0.00223880307749, -0.00219316058792], [0.000589942326769, -0.00107973569538, 0.00263760518283, -0.00165036797989, 0.000284856127109, 5.74115911149e-05, 0.00119956478011, -0.000471046689199, 0.00104459933937, -0.00111216295045, 0.00210138037801, -0.00223585986532, 0.00243155215867], [-0.000435605412349, 5.2776245866e-05, -0.00165036797989, 0.00733159435913, -0.00116850831546, -0.00172761664726, 0.00134306040127, -0.000199974310817, -0.000636518117972, 0.000613152689766, -0.000153076965944, 0.00301720038988, -0.00193397840485], [0.00067865481833, -0.00159540621098, 0.000284856127109, -0.00116850831546, 0.00966920983046, -3.38155041391e-05, -0.00303901406005, -0.000623966916464, -0.000159630188136, -0.00171700527426, 0.00210240855813, -0.0022270376794, 0.00217730388977], [-0.000322492589476, 0.0019147854764, 5.74115911149e-05, -0.00172761664726, -3.38155041391e-05, 0.00898327864707, -0.00412560533732, 0.00134512293153, 0.00149169273209, -0.000562927452847, 0.000951620750129, -0.00202605267987, 0.000381399790058], [0.000444652483566, -0.000751711893827, 0.00119956478011, 0.00134306040127, -0.00303901406005, -0.00412560533732, 0.0107853459194, -0.00257489969954, 0.00133981229737, 0.00131715973839, -0.00292870285921, 0.00305103999563, 0.00168050499633], [-0.000559323700145, 0.00169508100953, -0.000471046689199, -0.000199974310817, -0.000623966916464, 0.00134512293153, -0.00257489969954, 0.0144050465897, -0.00566316395998, -0.00168654590379, 0.00245800241828, 0.000227011769312, -0.00157142046373], [0.000567539653275, -0.000964118982665, 0.00104459933937, -0.000636518117972, -0.000159630188136, 0.00149169273209, 0.00133981229737, -0.00566316395998, 0.0153906811029, -0.0046716411598, -0.00250323093496, 0.00142431771383, -0.00149161508307], [-0.000517161272001, 0.00190549087711, -0.00111216295045, 0.000613152689766, -0.00171700527426, -0.000562927452847, 0.00131715973839, -0.00168654590379, -0.0046716411598, 0.0234554484487, -0.0063787503168, -0.00300343194976, 0.00636305380613], [0.000568248447962, -0.00208428967744, 0.00210138037801, -0.000153076965944, 0.00210240855813, 0.000951620750129, -0.00292870285921, 0.00245800241828, -0.00250323093496, -0.0063787503168, 0.0183619372547, -0.00468303868547, -0.00132055638824], [-0.000548988289665, 0.00223880307749, -0.00223585986532, 0.00301720038988, -0.0022270376794, -0.00202605267987, 0.00305103999563, 0.000227011769312, 0.00142431771383, -0.00300343194976, -0.00468303868547, 0.0215012449771, -0.00898414012045], [0.000806623836979, -0.00219316058792, 0.00243155215867, -0.00193397840485, 0.00217730388977, 0.000381399790058, 0.00168050499633, -0.00157142046373, -0.00149161508307, 0.00636305380613, -0.00132055638824, -0.00898414012045, 0.0227029938251]]
    },
    "melbands": {
        "dmean": [0.000297571037663, 0.000446308462415, 0.000402748701163, 0.000361026584869, 0.000241620713496, 0.000228761142353, 0.000187528334209, 0.000282488588709, 0.000216721920879, 0.000177094625542, 0.000166316473042, 0.000106019724626, 0.00011406584963, 9.86454178928e-05, 4.80948510813e-05, 4.96749671584e-05, 6.87502397341e-05, 3.41447230312e-05, 3.38843892678e-05, 2.69497559202e-05, 2.17971082748e-05, 1.74461201823e-05, 1.34512774821e-05, 1.28076899273e-05, 7.08947709427e-06, 5.82376333114e-06, 6.06799221714e-06, 4.91468472319e-06, 3.06802894556e-06, 1.94786912289e-06, 9.94714810076e-07, 8.95482060059e-07, 5.84011786486e-07, 5.27478789536e-07, 4.74917101201e-07, 3.51460613501e-07, 3.2573302633e-07, 2.4600203119e-07, 1.46678374335e-07, 8.32143740581e-08],
        "dmean2": [0.000489286030643, 0.000761102302931, 0.000624405976851, 0.000555836013518, 0.000367117900169, 0.000345058855601, 0.000279751402559, 0.000417677976657, 0.00032582107815, 0.00027420243714, 0.000260957662249, 0.000168074882822, 0.000180433577043, 0.000155343528604, 7.74942454882e-05, 8.05611052783e-05, 0.000112618887215, 5.66413909837e-05, 5.51527155039e-05, 4.32953784184e-05, 3.51973139914e-05, 2.81913908111e-05, 2.1562400434e-05, 2.10865418921e-05, 1.1606553926e-05, 9.79649030342e-06, 1.00212164398e-05, 8.0000354501e-06, 5.00116448165e-06, 3.27467887473e-06, 1.62763069511e-06, 1.44807768265e-06, 9.30507098929e-07, 8.34544607642e-07, 7.39119855098e-07, 5.19918046393e-07, 4.96408802064e-07, 3.57677294005e-07, 2.12812636846e-07, 1.17979595871e-07],
        "dvar": [2.97574672459e-07, 7.79809965934e-07, 9.73737655841e-07, 6.6112335162e-07, 2.70263626589e-07, 2.29136958296e-07, 1.33385171353e-07, 3.27019790802e-07, 2.77293679574e-07, 2.06096814281e-07, 1.49386991666e-07, 7.30692235607e-08, 8.28926687291e-08, 6.83938807811e-08, 1.37672584444e-08, 1.14420179997e-08, 2.33653274506e-08, 5.65779023631e-09, 5.70289504509e-09, 3.1809002099e-09, 2.07625427961e-09, 1.25530241757e-09, 7.15625614323e-10, 4.88720452996e-10, 1.40231409818e-10, 9.33401342329e-11, 1.25293275755e-10, 8.79478226357e-11, 3.18998161219e-11, 1.45670420171e-11, 4.02375311889e-12, 6.19536930438e-12, 2.04844691556e-12, 1.81597217732e-12, 2.3627122394e-12, 1.66054973591e-12, 1.41709159598e-12, 8.67447932061e-13, 2.63770369479e-13, 9.30262065838e-14],
        "dvar2": [7.72699593199e-07, 2.15254658542e-06, 2.23673464461e-06, 1.50245034547e-06, 6.2957406044e-07, 5.45633042748e-07, 3.08347722466e-07, 7.90959859387e-07, 6.64996491651e-07, 5.14838973231e-07, 3.61558363693e-07, 1.85568566735e-07, 2.0809945056e-07, 1.65764049598e-07, 3.40821557643e-08, 2.94004856016e-08, 6.08826198345e-08, 1.44983243189e-08, 1.42459404273e-08, 7.3691936997e-09, 4.44300507496e-09, 2.65862154514e-09, 1.50772649921e-09, 1.22039500727e-09, 3.68945346496e-10, 2.52816267921e-10, 3.25438453963e-10, 2.2181120829e-10, 8.13786815712e-11, 3.89313234428e-11, 9.73761436068e-12, 1.48720445681e-11, 4.91733086541e-12, 4.25638821064e-12, 5.15939417925e-12, 3.42860006879e-12, 2.91280649774e-12, 1.74686556453e-12, 5.16317565959e-13, 1.68304850308e-13],
        "max": [0.00739016477019, 0.0179529953748, 0.0249233208597, 0.021364076063, 0.0109639819711, 0.00950781069696, 0.00887370388955, 0.0132520534098, 0.0111967939883, 0.0109563833103, 0.010295865126, 0.00622336892411, 0.0074134436436, 0.00651910062879, 0.00326909287833, 0.00262058549561, 0.00298535008915, 0.00186215690337, 0.00199508620426, 0.0012333058985, 0.00145657139365, 0.00150645792019, 0.00134460488334, 0.000385807972634, 0.0002720009943, 0.000199219197384, 0.000266320043011, 0.000216193511733, 0.000124732643599, 0.000100044097053, 3.58494362445e-05, 7.45003708289e-05, 4.02485675295e-05, 3.77311625925e-05, 8.31607540022e-05, 4.27852537541e-05, 5.26362746314e-05, 3.83108417736e-05, 1.64589637279e-05, 1.34809088195e-05],
        "mean": [0.000436037866166, 0.000693346257322, 0.000682173005771, 0.000638784200419, 0.000482707109768, 0.000442842807388, 0.000366415013559, 0.000522516667843, 0.000350067159161, 0.000271921046078, 0.000250800017966, 0.00016836640134, 0.000187589146663, 0.000172977961483, 7.33363631298e-05, 8.69197392603e-05, 0.000108361149614, 5.47103154531e-05, 5.55949372938e-05, 4.43984645244e-05, 3.75683921447e-05, 3.3165099012e-05, 2.43627455347e-05, 2.28114513448e-05, 1.37956867547e-05, 1.11900599222e-05, 1.11421495603e-05, 9.66715015238e-06, 5.72418412048e-06, 3.42045359503e-06, 1.84708903816e-06, 1.58380476023e-06, 1.11421604743e-06, 9.81318862614e-07, 8.45073600431e-07, 6.23160133273e-07, 5.16581224019e-07, 3.99046314215e-07, 2.51088181358e-07, 1.46089604414e-07],
        "median": [0.000195936707314, 0.000345250213286, 0.000257354986388, 0.000235046376474, 0.000176231682417, 0.00019785350014, 0.000195075583179, 0.000229260243941, 0.000119950338558, 9.36591386562e-05, 9.26548527787e-05, 5.63487010368e-05, 5.899927055e-05, 4.70909835713e-05, 3.04996483464e-05, 2.89263862214e-05, 3.91371140722e-05, 2.48968408414e-05, 2.70093223662e-05, 1.98676825676e-05, 1.8680577341e-05, 1.76471312443e-05, 1.15034463306e-05, 1.25057131299e-05, 7.84845724411e-06, 7.1797471719e-06, 6.00054363531e-06, 4.51059895568e-06, 2.70440500572e-06, 1.59850901582e-06, 8.96516269222e-07, 6.74414252444e-07, 5.31393254732e-07, 4.69112052315e-07, 3.82138267696e-07, 2.45078325634e-07, 1.7839900579e-07, 1.34154518605e-07, 8.19313257239e-08, 4.8841990008e-08],
        "min": [5.12940927794e-25, 6.83066177576e-25, 5.86906942154e-25, 5.39579281449e-25, 6.60210066835e-25, 7.04819510076e-25, 1.05280370613e-24, 1.05455221633e-24, 7.35594650318e-25, 1.32520940683e-24, 1.49894675209e-24, 1.57094253704e-24, 1.50676465949e-24, 1.13388568959e-24, 1.98125098473e-24, 1.65492624673e-24, 2.16821634408e-24, 1.87430077308e-24, 1.75220088217e-24, 2.28780903782e-24, 2.17007371708e-24, 3.52740573719e-24, 2.92999249898e-24, 3.31270225348e-24, 2.6954205673e-24, 1.98476871272e-24, 2.97039716569e-24, 3.5797679575e-24, 3.09595246458e-24, 3.27599616113e-24, 4.04675625845e-24, 3.95629284528e-24, 4.49332962803e-24, 4.65637455537e-24, 4.09276617632e-24, 4.87756247572e-24, 5.32556920557e-24, 5.09063459508e-24, 5.32051457932e-24, 5.23598340016e-24],
        "var": [4.57757039385e-07, 1.10120140562e-06, 1.83638121598e-06, 1.29314548758e-06, 7.55243718231e-07, 5.39651693998e-07, 3.02725737811e-07, 7.30338229005e-07, 4.90401077968e-07, 3.2877068179e-07, 2.46957796435e-07, 1.44793105505e-07, 1.84752181553e-07, 2.130873753e-07, 2.40989699307e-08, 3.12361265742e-08, 4.43434835518e-08, 1.06817488188e-08, 1.01182839884e-08, 6.6648055963e-09, 5.31534771753e-09, 3.50137985272e-09, 2.17729634322e-09, 1.0333018885e-09, 3.39461264653e-10, 1.89440893528e-10, 2.52810133938e-10, 2.17277432157e-10, 6.53800971695e-11, 2.67381429497e-11, 7.51795500853e-12, 8.98559612134e-12, 3.7221441207e-12, 3.13548557777e-12, 3.8392362206e-12, 3.00931870569e-12, 2.56096662973e-12, 1.5549510464e-12, 4.9402528509e-13, 2.00161651034e-13]
    },
    "mfcc": {
        "mean": [-677.559143066, 117.043060303, -24.147977829, 17.098115921, -4.1222653389, -0.414499342442, -2.60972690582, 1.95838773251, -2.02812814713, 4.74661397934, -2.6920235157, 1.63264167309, -0.239717528224],
        "cov": [[27641.5742188, 6396.68652344, -1236.93261719, 1082.69995117, -300.526031494, -120.059104919, -167.344970703, 49.0867042542, -168.80921936, 322.627288818, -141.247756958, 134.562286377, -30.1588249207], [6396.68652344, 2135.34179688, -269.059112549, 359.204559326, -25.2569789886, -70.4879379272, -70.1262817383, -9.34756088257, -60.4291229248, 59.1979560852, -57.684513092, 16.8338127136, 3.50404596329], [-1236.93261719, -269.059112549, 591.655090332, 75.3952941895, 122.560691833, 24.8021831512, -47.076625824, -33.0358352661, -5.02800273895, -63.0733566284, -11.5356168747, -35.803401947, -19.0829582214], [1082.69995117, 359.204559326, 75.3952941895, 229.135864258, 55.9574279785, -25.2907447815, -31.6940612793, -17.2309837341, 2.34292507172, 5.94358730316, -18.3940963745, -1.1017935276, 6.97889852524], [-300.526031494, -25.2569789886, 122.560691833, 55.9574279785, 131.345993042, 1.06079411507, -34.435634613, -10.0968503952, 14.6782217026, -16.2923564911, -9.3675327301, -9.20975208282, 12.887550354], [-120.059104919, -70.4879379272, 24.8021831512, -25.2907447815, 1.06079411507, 153.76008606, 69.767539978, 25.1825313568, 2.51589798927, -13.5501317978, 18.1828269958, -9.8094997406, -21.2103595734], [-167.344970703, -70.1262817383, -47.076625824, -31.6940612793, -34.435634613, 69.767539978, 140.949310303, 39.2754211426, 3.94918441772, 11.834736824, 11.4607543945, 1.5348572731, -19.8654670715], [49.0867042542, -9.34756088257, -33.0358352661, -17.2309837341, -10.0968503952, 25.1825313568, 39.2754211426, 70.8874969482, 27.8889789581, 9.31562042236, 6.76895856857, 0.835162699223, -1.35651898384], [-168.80921936, -60.4291229248, -5.02800273895, 2.34292507172, 14.6782217026, 2.51589798927, 3.94918441772, 27.8889789581, 78.4831619263, 18.305141449, 7.01509237289, -4.01471662521, -1.96920752525], [322.627288818, 59.1979560852, -63.0733566284, 5.94358730316, -16.2923564911, -13.5501317978, 11.834736824, 9.31562042236, 18.305141449, 78.0905990601, 19.7311687469, 11.6033849716, -0.354735642672], [-141.247756958, -57.684513092, -11.5356168747, -18.3940963745, -9.3675327301, 18.1828269958, 11.4607543945, 6.76895856857, 7.01509237289, 19.7311687469, 69.5347290039, 24.2051792145, -0.851853907108], [134.562286377, 16.8338127136, -35.803401947, -1.1017935276, -9.20975208282, -9.8094997406, 1.5348572731, 0.835162699223, -4.01471662521, 11.6033849716, 24.2051792145, 67.1997146606, 31.6681079865], [-30.1588249207, 3.50404596329, -19.0829582214, 6.97889852524, 12.887550354, -21.2103595734, -19.8654670715, -1.35651898384, -1.96920752525, -0.354735642672, -0.851853907108, 31.6681079865, 77.4924697876]],
