{
"lowlevel": {
    "average_loudness": 0.931961357594,
    "barkbands_crest": {
        "dmean": 1.86688554287,
        "dmean2": 3.04731059074,
        "dvar": 3.46083140373,
        "dvar2": 8.8539352417,
        "max": 23.2683391571,
        "mean": 7.39063358307,
        "median": 6.66887569427,
        "min": 2.14442563057,
        "var": 10.3777942657
    },
    "barkbands_flatness_db": {
        "dmean": 0.0133122894913,
        "dmean2": 0.0207372419536,
        "dvar": 0.000146615449921,
        "dvar2": 0.000334497250151,
        "max": 0.271223843098,
        "mean": 0.100178852677,
        "median": 0.0944878533483,
        "min": 0.0283311437815,
        "var": 0.000988611485809
    },
    "barkbands_kurtosis": {
        "dmean": 0.865356266499,
        "dmean2": 1.37388730049,
        "dvar": 1.34182453156,
        "dvar2": 3.32468247414,
        "max": 29.0238647461,
        "mean": 0.586375355721,
        "median": -0.00461673736572,
        "min": -1.88381803036,
        "var": 4.35646772385
    },
    "barkbands_skewness": {
        "dmean": 0.33287742734,
        "dmean2": 0.509859085083,
        "dvar": 0.111566215754,
        "dvar2": 0.241268545389,
        "max": 5.07071018219,
        "mean": 0.430069893599,
        "median": 0.545066535473,
        "min": -3.90815210342,
        "var": 1.08451354504
    },
    "barkbands_spread": {
        "dmean": 6.01061677933,
        "dmean2": 9.01449298859,
        "dvar": 44.8107948303,
        "dvar2": 91.4199447632,
        "max": 95.7324447632,
        "mean": 33.872959137,
        "median": 29.8656921387,
        "min": 2.89084529877,
        "var": 281.18371582
    },
    "dissonance": {
        "dmean": 0.0133952032775,
        "dmean2": 0.0226583462209,
        "dvar": 0.000199369358597,
        "dvar2": 0.000557562743779,
        "max": 0.500000059605,
        "mean": 0.475234001875,
        "median": 0.480256646872,
        "min": 0.329647839069,
        "var": 0.000397124269512
    },
    "dynamic_complexity": 2.67913126945,
    "erbbands_crest": {
        "dmean": 2.18636131287,
        "dmean2": 3.47644591331,
        "dvar": 5.31544780731,
        "dvar2": 12.1921844482,
        "max": 31.7268943787,
        "mean": 8.0242099762,
        "median": 6.53844404221,
        "min": 2.06429934502,
        "var": 24.3859081268
    },
    "erbbands_flatness_db": {
        "dmean": 0.0132581414655,
        "dmean2": 0.0193543005735,
        "dvar": 0.000167882084497,
        "dvar2": 0.000311072653858,
        "max": 0.320153713226,
        "mean": 0.143377736211,
        "median": 0.135196641088,
        "min": 0.0577677451074,
        "var": 0.00195245316718
    },
    "erbbands_kurtosis": {
        "dmean": 0.70291107893,
        "dmean2": 1.08675515652,
        "dvar": 1.14187240601,
        "dvar2": 2.38187551498,
        "max": 21.0046138763,
        "mean": 0.282702207565,
        "median": -0.219553470612,
        "min": -1.67428696156,
        "var": 3.49610614777
    },
    "erbbands_skewness": {
        "dmean": 0.287013620138,
        "dmean2": 0.436963409185,
        "dvar": 0.0802262052894,
        "dvar2": 0.165308013558,
        "max": 3.0845284462,
        "mean": -0.0544523522258,
        "median": -0.0449564009905,
        "min": -3.4801363945,
        "var": 0.498290032148
    },
    "erbbands_spread": {
        "dmean": 6.87913370132,
        "dmean2": 10.4163074493,
        "dvar": 49.8374938965,
        "dvar2": 107.113639832,
        "max": 109.057472229,
        "mean": 40.2363014221,
        "median": 38.9576377869,
        "min": 4.47631025314,
        "var": 279.046020508
    },
    "hfc": {
        "dmean": 9.56932926178,
        "dmean2": 13.3697557449,
        "dvar": 253.884780884,
        "dvar2": 481.724060059,
        "max": 413.28024292,
        "mean": 34.1840324402,
        "median": 26.3257465363,
        "min": 1.05007461947e-16,
        "var": 1067.06433105
    },
    "melbands_crest": {
        "dmean": 2.53290772438,
        "dmean2": 4.16854095459,
        "dvar": 6.25873756409,
        "dvar2": 17.1933746338,
        "max": 29.272857666,
        "mean": 10.1483764648,
        "median": 9.66052150726,
        "min": 1.00177025795,
        "var": 22.2395801544
    },
    "melbands_flatness_db": {
        "dmean": 0.0166220217943,
        "dmean2": 0.0249734874815,
        "dvar": 0.000280908454442,
        "dvar2": 0.00061468227068,
        "max": 0.29821395874,
        "mean": 0.1138721928,
        "median": 0.116413377225,
        "min": 2.54545795997e-07,
        "var": 0.0028976930771
    },
    "melbands_kurtosis": {
        "dmean": 2.28273773193,
        "dmean2": 3.65613555908,
        "dvar": 11.4224061966,
        "dvar2": 28.7380847931,
        "max": 85.2157516479,
        "mean": 4.273021698,
        "median": 2.58391046524,
        "min": -1.79788708687,
        "var": 33.7686042786
    },
    "melbands_skewness": {
        "dmean": 0.431621581316,
        "dmean2": 0.67515283823,
        "dvar": 0.19185167551,
        "dvar2": 0.445731818676,
        "max": 7.64172172546,
        "mean": 1.59582364559,
        "median": 1.54878044128,
        "min": -1.22972464561,
        "var": 1.27743017673
    },
    "melbands_spread": {
        "dmean": 10.2480897903,
        "dmean2": 15.5973091125,
        "dvar": 162.80380249,
        "dvar2": 325.751739502,
        "max": 236.841781616,
        "mean": 51.6982955933,
        "median": 39.5647392273,
        "min": 4.27667999268,
        "var": 1357.96936035
    },
    "pitch_salience": {
        "dmean": 0.0520800165832,
        "dmean2": 0.0842160210013,
        "dvar": 0.0023169121705,
        "dvar2": 0.00602082768455,
        "max": 0.997737586498,
        "mean": 0.617733240128,
        "median": 0.616407334805,
        "min": 0.245552048087,
        "var": 0.0107130249962
    },
    "silence_rate_20dB": {
        "dmean": 0,
        "dmean2": 0,
        "dvar": 0,
        "dvar2": 0,
        "max": 1,
        "mean": 1,
        "median": 1,
        "min": 1,
        "var": 0
    },
    "silence_rate_30dB": {
        "dmean": 0.000215470805415,
        "dmean2": 0.000430988031439,
        "dvar": 0.000215384076,
        "dvar2": 0.000430848012911,
        "max": 1,
        "mean": 0.999676823616,
        "median": 1,
        "min": 0,
        "var": 0.000322976266034
    },
    "silence_rate_60dB": {
        "dmean": 0.0056022410281,
        "dmean2": 0.0112056890503,
        "dvar": 0.00557005219162,
        "dvar2": 0.0130166020244,
        "max": 1,
        "mean": 0.149089738727,
        "median": 0,
        "min": 0,
        "var": 0.126852482557
    },
    "spectral_centroid": {
        "dmean": 273.487976074,
        "dmean2": 415.344482422,
        "dvar": 88177.0703125,
        "dvar2": 178176.234375,
        "max": 11768.3769531,
        "mean": 2787.03979492,
        "median": 1988.28588867,
        "min": 408.225311279,
        "var": 7003208
    },
    "spectral_complexity": {
        "dmean": 3.56280970573,
        "dmean2": 5.44079303741,
        "dvar": 16.499174118,
        "dvar2": 32.9383087158,
        "max": 58,
        "mean": 23.1233444214,
        "median": 24,
        "min": 0,
        "var": 153.351272583
    },
    "spectral_decrease": {
        "dmean": 1.12141607111e-09,
        "dmean2": 1.75554704107e-09,
        "dvar": 1.99860836025e-18,
        "dvar2": 4.67901744526e-18,
        "max": 2.64413136884e-28,
        "mean": -5.00749175458e-09,
        "median": -5.2311830423e-09,
        "min": -3.43439054973e-08,
        "var": 1.05192111821e-17
    },
    "spectral_energy": {
        "dmean": 0.00480721658096,
        "dmean2": 0.00743220420554,
        "dvar": 3.61594757123e-05,
        "dvar2": 8.24428716442e-05,
        "max": 0.141320928931,
        "mean": 0.022000066936,
        "median": 0.023117441684,
        "min": 9.88458213781e-21,
        "var": 0.000197475586901
    },
    "spectral_energyband_high": {
        "dmean": 0.00104373309296,
        "dmean2": 0.00143637426663,
        "dvar": 4.31896614828e-06,
        "dvar2": 8.04968385637e-06,
        "max": 0.0626810565591,
        "mean": 0.00263762660325,
        "median": 0.00114928651601,
        "min": 6.75624201058e-21,
        "var": 1.54632198246e-05
    },
    "spectral_energyband_low": {
        "dmean": 0.00146365410183,
        "dmean2": 0.00242609251291,
        "dvar": 6.33478884993e-06,
        "dvar2": 1.74597989826e-05,
        "max": 0.0405836440623,
        "mean": 0.00383415585384,
        "median": 0.00236879708245,
        "min": 8.17272835128e-24,
        "var": 1.95614338736e-05
    },
    "spectral_energyband_middle_high": {
        "dmean": 0.00215916917659,
        "dmean2": 0.00330226821825,
        "dvar": 1.06028837763e-05,
        "dvar2": 2.25299409067e-05,
        "max": 0.064457423985,
        "mean": 0.00757093913853,
        "median": 0.00531711848453,
        "min": 1.12731742307e-21,
        "var": 5.35954859515e-05
    },
    "spectral_energyband_middle_low": {
        "dmean": 0.00290550128557,
        "dmean2": 0.00461790477857,
        "dvar": 1.71691881405e-05,
        "dvar2": 4.07749284932e-05,
        "max": 0.0976958796382,
        "mean": 0.00874287635088,
        "median": 0.00767942517996,
        "min": 8.00662138145e-23,
        "var": 5.35720064363e-05
    },
    "spectral_entropy": {
        "dmean": 0.10823135823,
        "dmean2": 0.1505125314,
        "dvar": 0.0138675412163,
        "dvar2": 0.0235146172345,
        "max": 9.83061122894,
        "mean": 8.0793838501,
        "median": 7.95814466476,
        "min": 6.45109987259,
        "var": 0.379963517189
    },
    "spectral_flux": {
        "dmean": 0.0150073971599,
        "dmean2": 0.023269303143,
        "dvar": 0.000317906873534,
        "dvar2": 0.000700960925315,
        "max": 0.296228468418,
        "mean": 0.0752190724015,
        "median": 0.07614030689,
        "min": 6.25320212277e-11,
        "var": 0.00173874874599
    },
    "spectral_kurtosis": {
        "dmean": 0.80088019371,
        "dmean2": 1.31790423393,
        "dvar": 0.937597930431,
        "dvar2": 2.67225694656,
        "max": 15.9079742432,
        "mean": 2.15207886696,
        "median": 1.98752117157,
        "min": -1.26945543289,
        "var": 3.95710325241
    },
    "spectral_rms": {
        "dmean": 0.000468155660201,
        "dmean2": 0.000717734394129,
        "dvar": 2.78205021687e-07,
        "dvar2": 6.0916096345e-07,
        "max": 0.0117419790477,
        "mean": 0.00420300383121,
        "median": 0.00474906340241,
        "min": 3.10539766644e-12,
        "var": 3.79822813557e-06
    },
    "spectral_rolloff": {
        "dmean": 712.326843262,
        "dmean2": 1103.36669922,
        "dvar": 988483.5625,
        "dvar2": 1988173.5,
        "max": 19982.8125,
        "mean": 4421.87695312,
        "median": 2454.78515625,
        "min": 215.33203125,
        "var": 23937394
    },
    "spectral_skewness": {
        "dmean": 0.143433511257,
        "dmean2": 0.225972384214,
        "dvar": 0.0203641094267,
        "dvar2": 0.0469688922167,
        "max": 2.82882642746,
        "mean": 1.04153227806,
        "median": 1.11298203468,
        "min": -0.208640888333,
        "var": 0.21938380599
    },
    "spectral_spread": {
        "dmean": 549189.3125,
        "dmean2": 798614.5,
        "dvar": 552936800256,
        "dvar2": 1.10989620019e+12,
        "max": 43485328,
        "mean": 8213699,
        "median": 5068353.5,
        "min": 2108888.5,
        "var": 1.03039478268e+14
    },
    "spectral_strongpeak": {
        "dmean": 0.672788619995,
        "dmean2": 1.12131273746,
        "dvar": 1.16931128502,
        "dvar2": 2.90051102638,
        "max": 12.5029993057,
        "mean": 1.3714081049,
        "median": 0.559810876846,
        "min": 0,
        "var": 3.45161533356
    },
    "zerocrossingrate": {
        "dmean": 0.0135621931404,
        "dmean2": 0.01545822341,
        "dvar": 0.000242155350861,
        "dvar2": 0.00027218364994,
        "max": 0.71826171875,
        "mean": 0.138366535306,
        "median": 0.0947265625,
        "min": 0.01708984375,
        "var": 0.0148963555694
    },
    "barkbands": {
        "dmean": [7.15772330295e-05, 0.00078214664245, 0.000706748396624, 0.000844099733513, 0.00101553532295, 0.00100257014856, 0.000634829280898, 0.000482454313897, 0.000814241822809, 0.000552340701688, 0.000637805787846, 0.000443548866315, 0.000516276282724, 0.0005604911712, 0.000314202770824, 0.000294983328786, 0.000263085763436, 0.000253683421761, 0.000242738271481, 0.000234402759816, 0.000290585099719, 0.000313541298965, 0.000267786585027, 0.000179869297426, 0.000114832822874, 5.46201627003e-05, 1.25747439128e-08],
        "dmean2": [0.000125877544633, 0.00131684250664, 0.00118939811364, 0.00140453374479, 0.00166644703131, 0.00164127745666, 0.00100777181797, 0.000767377554439, 0.0013012571726, 0.000881185929757, 0.00100391870365, 0.000665458210278, 0.000822189613245, 0.00087220518617, 0.000510680081788, 0.000472642481327, 0.000428618775913, 0.000406433566241, 0.000394179834984, 0.000370122434106, 0.000451576081105, 0.000481958850287, 0.000395237555495, 0.000257644918747, 0.000156557653099, 7.52649866627e-05, 2.30382148914e-08],
        "dvar": [1.11993134766e-08, 1.91920025827e-06, 1.97864596885e-06, 2.40251233663e-06, 2.68653593594e-06, 4.33810646427e-06, 2.0388597477e-06, 2.42248938775e-06, 3.20124968312e-06, 2.67832638201e-06, 2.37922245105e-06, 1.86329975804e-06, 2.00873614631e-06, 2.18789909923e-06, 6.74465866268e-07, 4.13302103652e-07, 2.41380803345e-07, 2.15998312569e-07, 2.47271685794e-07, 2.41101986376e-07, 3.07244164333e-07, 4.67127790671e-07, 4.08273365338e-07, 2.29228746207e-07, 8.01478847734e-08, 2.63455692817e-08, 1.53445473287e-14],
        "dvar2": [3.30405569571e-08, 5.31004843651e-06, 5.51752145839e-06, 6.63046421323e-06, 7.0775763561e-06, 1.07281139208e-05, 5.13705481353e-06, 5.73945499127e-06, 7.7949343904e-06, 6.65454899718e-06, 5.40960354556e-06, 3.61338061339e-06, 4.69581300422e-06, 4.83123722006e-06, 1.63767845152e-06, 9.35565140026e-07, 5.85763416439e-07, 5.1950831903e-07, 6.49023888855e-07, 5.43964858934e-07, 7.10036488272e-07, 1.05376909687e-06, 8.22949459689e-07, 4.74100744441e-07, 1.55676971758e-07, 5.42690017369e-08, 4.40516797573e-14],
        "max": [0.00121647794731, 0.0230651330203, 0.0288144350052, 0.0279379971325, 0.0280394759029, 0.0612734407187, 0.0431093424559, 0.0367777943611, 0.0311619844288, 0.052968967706, 0.0403116419911, 0.0453111566603, 0.0419777557254, 0.0366322696209, 0.0233998242766, 0.0158614106476, 0.0115150660276, 0.0130340605974, 0.0154471350834, 0.0158574953675, 0.0114636570215, 0.0213402099907, 0.0260402038693, 0.0153495557606, 0.00689265877008, 0.00326331565157, 7.02093257132e-06],
        "mean": [8.29795826576e-05, 0.00184041040484, 0.00127696059644, 0.00152740254998, 0.0019465428777, 0.0017457366921, 0.00118233135436, 0.000769824895542, 0.00130858784541, 0.00093447836116, 0.00106666132342, 0.000773379637394, 0.00091225921642, 0.00113556615543, 0.000568859511986, 0.000531462021172, 0.000501389091369, 0.000493778439704, 0.000538222258911, 0.000455961213447, 0.000601597188506, 0.000660197343677, 0.000524014816619, 0.000343646301189, 0.000202573181014, 7.52154446673e-05, 8.74650485372e-09],
        "median": [4.22238699684e-05, 0.0008060009568, 0.000513186794706, 0.000771614781115, 0.00113163772039, 0.000870927935466, 0.000560029759072, 0.000217109190999, 0.000585622678045, 0.000285469810478, 0.000326698384015, 0.000189472426428, 0.000216891930904, 0.000334235228365, 0.00024948400096, 0.000274652556982, 0.00028371886583, 0.000279446510831, 0.000272796867648, 0.000256262428593, 0.000283685425529, 0.000229703058721, 0.000180047645699, 0.000104314640339, 5.85563393543e-05, 1.56596634042e-05, 5.93378735037e-10],
        "min": [1.6247418647e-25, 8.85360287604e-25, 3.28063066964e-25, 3.5910597618e-25, 4.87998270098e-24, 5.21891994435e-24, 3.79411211507e-24, 5.48474161472e-24, 4.28315893908e-24, 1.0738291764e-23, 5.44469824631e-24, 1.91035668627e-23, 1.38933393767e-23, 3.18145173384e-23, 3.81026727643e-23, 3.34595731603e-23, 4.646214658e-23, 6.75598212824e-23, 9.78410107467e-23, 1.48056873058e-22, 2.01530017778e-22, 2.64277238491e-22, 3.43415436337e-22, 5.03337736664e-22, 7.1066093436e-22, 1.20083229222e-21, 1.84293901772e-21],
        "var": [1.35302853366e-08, 6.06437151873e-06, 4.03699732487e-06, 5.0676326282e-06, 6.3841971496e-06, 7.89670230006e-06, 3.5779476093e-06, 4.22409675593e-06, 5.50574168301e-06, 5.02347074871e-06, 6.03118223808e-06, 5.52390383746e-06, 6.0027687141e-06, 8.33684225654e-06, 1.80760696367e-06, 8.38048663354e-07, 5.46896046671e-07, 4.6011891186e-07, 7.96681320026e-07, 4.66274883593e-07, 7.83452492215e-07, 1.38761481594e-06, 1.00276281501e-06, 5.83736948556e-07, 1.84965685435e-07, 4.13903649132e-08, 8.92162354464e-15]
    },
    "erbbands": {
        "dmean": [0.0178037490696, 0.202386900783, 0.742346405983, 1.73510622978, 2.89130330086, 4.04227733612, 5.64015340805, 9.09222888947, 8.21011924744, 10.9887619019, 11.0316381454, 19.722618103, 16.5773715973, 17.1216182709, 25.8496494293, 17.4256534576, 23.4977321625, 27.6125354767, 17.4631252289, 16.7870254517, 15.9914550781, 12.1178836823, 12.4720506668, 11.377207756, 12.0694246292, 11.7948389053, 11.1054468155, 12.4278469086, 11.2707529068, 10.1715564728, 6.91257619858, 4.60885620117, 2.63909554482, 1.43420255184, 0.780094087124, 0.339588135481, 0.0883466824889, 0.00432654004544, 0.000100001474493, 1.24421148939e-05],
        "dmean2": [0.0301194563508, 0.341233581305, 1.23736405373, 2.92698144913, 4.81366825104, 6.69311523438, 9.14716148376, 14.9319038391, 13.280134201, 17.0784721375, 17.4255809784, 31.1462020874, 26.5094985962, 26.9868545532, 39.8570213318, 26.1521816254, 37.0944213867, 42.1766357422, 27.9185409546, 27.2736988068, 25.4813518524, 19.4650707245, 19.9552173615, 17.8582515717, 19.4659404755, 18.6395721436, 17.4157123566, 19.1209888458, 17.4157867432, 15.5331764221, 10.2069778442, 6.83160161972, 3.76533412933, 1.97960805893, 1.08251297474, 0.470944285393, 0.122368007898, 0.00602703075856, 0.000135417925776, 1.72187974385e-05],
        "dvar": [0.0010913440492, 0.131983608007, 1.96406579018, 10.6133584976, 24.4226722717, 49.608757019, 157.679534912, 430.323638916, 296.319396973, 925.614196777, 1454.1439209, 1894.24328613, 1858.55786133, 2022.37487793, 4023.99389648, 2853.70874023, 3953.48583984, 6545.76025391, 1994.37109375, 1563.05761719, 1092.64831543, 460.377441406, 508.63671875, 438.418273926, 650.195129395, 585.466125488, 450.830474854, 642.003662109, 587.352905273, 612.656433105, 275.199737549, 157.223129272, 47.5159835815, 12.7664728165, 4.46366643906, 0.966499745846, 0.0785919204354, 0.000215523978113, 9.44378513168e-08, 5.64162994099e-10],
        "dvar2": [0.00301926094107, 0.364638626575, 5.48189115524, 29.4335174561, 64.2409591675, 134.05909729, 384.221313477, 1060.29943848, 750.338928223, 2296.23608398, 3411.77880859, 4517.06542969, 4542.56542969, 4783.23974609, 8599.99023438, 5540.20703125, 8987.56640625, 14514.7099609, 4746.90673828, 3613.89135742, 2514.43408203, 1089.1953125, 1216.81091309, 1010.63604736, 1699.40258789, 1312.33569336, 1066.8302002, 1447.89538574, 1337.88391113, 1301.47851562, 559.677429199, 349.589324951, 96.9542312622, 24.817155838, 9.43087673187, 2.01428079605, 0.165866985917, 0.000462473632069, 1.95970741856e-07, 1.08842179714e-09],
        "max": [0.525187373161, 6.48341274261, 31.5660419464, 56.3690071106, 79.3002853394, 139.181808472, 379.720031738, 554.223632812, 359.977233887, 986.882263184, 1127.44921875, 844.849487305, 1079.73022461, 1575.43713379, 1926.70336914, 1900.48669434, 1583.52148438, 2129.99194336, 1434.08947754, 1235.15527344, 1076.80578613, 596.976013184, 611.217590332, 612.379272461, 675.24041748, 644.764953613, 412.519165039, 559.22064209, 496.790588379, 1175.11755371, 523.07635498, 483.974517822, 239.652923584, 123.215881348, 58.7469749451, 21.25025177, 6.34787321091, 0.330034315586, 0.00605092570186, 0.000508536875714],
        "mean": [0.0433887653053, 0.450386613607, 1.48917591572, 3.23718738556, 5.31417512894, 7.25412797928, 9.87955474854, 15.394575119, 14.4287624359, 21.1214923859, 18.2971229553, 32.3464241028, 26.8733062744, 32.4016151428, 47.1919822693, 32.337562561, 44.9893531799, 58.7313690186, 37.821395874, 30.2685661316, 31.283449173, 25.3145256042, 26.7481479645, 25.7621955872, 27.1143684387, 23.2425899506, 22.9893302917, 25.5155696869, 23.4600448608, 19.3972530365, 13.6866188049, 8.68682765961, 4.93766355515, 2.57024073601, 1.28267121315, 0.494789928198, 0.113946355879, 0.00537391006947, 0.000150504143676, 4.14388923673e-05],
        "median": [0.0111468611285, 0.218143716455, 0.734409928322, 1.88033759594, 3.28470396996, 3.7682762146, 5.0235042572, 7.25846576691, 7.44930124283, 8.30515956879, 6.56789159775, 14.739657402, 10.7631855011, 12.2761220932, 15.6761760712, 10.7442178726, 12.4717464447, 14.6691493988, 18.1634864807, 16.0557518005, 17.1623153687, 15.6169614792, 15.7652454376, 13.8010053635, 14.3452529907, 13.5541572571, 10.718547821, 11.7149600983, 8.36939239502, 6.05511236191, 4.72356414795, 2.82541370392, 1.40213596821, 0.735729038715, 0.362016409636, 0.118436284363, 0.0198066197336, 0.000823141483124, 4.42417585873e-05, 3.59529294656e-05],
        "min": [2.94124043276e-23, 3.4114508203e-22, 1.14991918415e-21, 2.17027312692e-21, 6.54868349252e-21, 1.20925533749e-20, 1.82852232593e-20, 4.94358806226e-20, 7.71196123967e-20, 6.78155947266e-20, 1.84288977463e-19, 1.4089117927e-19, 3.13345451064e-19, 6.12049546792e-19, 6.64460640981e-19, 1.17063768681e-18, 1.08323540514e-18, 1.6140637774e-18, 2.05527684965e-18, 1.92544051275e-18, 2.49858217187e-18, 3.09298175234e-18, 3.15422103501e-18, 4.79081834967e-18, 6.38638647197e-18, 6.18258529906e-18, 8.24744648367e-18, 8.16733404135e-18, 8.88393880397e-18, 9.88437570455e-18, 9.47543084459e-18, 1.03952788468e-17, 8.07608609361e-18, 7.05647514644e-18, 5.62532736886e-18, 3.80337893806e-18, 2.15489565839e-18, 8.83525984531e-19, 2.38191181029e-19, 2.40025680219e-20],
        "var": [0.00478002242744, 0.368993878365, 4.47531843185, 19.5229721069, 48.8683013916, 108.080848694, 287.614440918, 741.318359375, 470.841308594, 1729.84716797, 2461.67700195, 3434.48632812, 2950.22509766, 4760.07177734, 11154.3613281, 7397.85058594, 11417.9013672, 26400.2558594, 6424.328125, 2955.86816406, 2423.81005859, 1205.02905273, 1249.45397949, 1488.40686035, 1944.18591309, 1150.74450684, 1141.82434082, 1549.33557129, 1733.92529297, 1518.83374023, 677.629638672, 341.122955322, 129.615066528, 33.0747947693, 7.93548679352, 1.54636526108, 0.114223122597, 0.000295560195809, 1.44311300687e-07, 1.53691248617e-09]
    },
    "gfcc": {
        "mean": [-71.9532241821, 59.9640884399, -121.6146698, 38.6844482422, -67.2029037476, 19.4900569916, -39.5946121216, 8.0761089325, -25.0283298492, 3.07074713707, -17.4473876953, 0.427266359329, -9.32074165344],
        "cov": [[114754.328125, 5787.95947266, -12012.0732422, 4304.98291016, -7086.6484375, 2176.88183594, -4160.23779297, 895.863220215, -2741.05493164, 480.627990723, -1938.05151367, 165.087783813, -1119.46838379], [5787.95947266, 1324.765625, -891.729980469, 150.336013794, -244.602752686, 23.1495113373, -141.322677612, -16.738079071, -82.7928009033, -45.816242218, -21.4829349518, -93.836517334, -6.82310152054], [-12012.0732422, -891.729980469, 2221.67993164, -214.866088867, 786.860290527, -130.209701538, 403.621582031, 21.3071899414, 227.218292236, 40.1342658997, 116.65587616, 71.2607269287, 56.4646873474], [4304.98291016, 150.336013794, -214.866088867, 486.889343262, -256.359008789, 100.074905396, -151.865219116, 51.4973297119, -71.9370880127, 8.56010246277, -81.1086044312, 3.66371202469, -35.2909965515], [-7086.6484375, -244.602752686, 786.860290527, -256.359008789, 596.604919434, -99.5881118774, 275.089813232, -53.2531509399, 165.37210083, -1.33651781082, 114.979690552, -13.4158277512, 57.956111908], [2176.88183594, 23.1495113373, -130.209701538, 100.074905396, -99.5881118774, 208.706039429, -20.7174358368, 19.6189231873, -67.2892456055, 41.8746147156, -23.5766124725, 10.5617990494, -31.3863697052], [-4160.23779297, -141.322677612, 403.621582031, -151.865219116, 275.089813232, -20.7174358368, 278.117553711, -9.31702423096, 108.455596924, -17.136674881, 88.5697021484, -10.3856182098, 41.8022842407], [895.863220215, -16.738079071, 21.3071899414, 51.4973297119, -53.2531509399, 19.6189231873, -9.31702423096, 123.904502869, 9.42803955078, 8.40272712708, -48.3337745667, 20.6716899872, -4.88175344467], [-2741.05493164, -82.7928009033, 227.218292236, -71.9370880127, 165.37210083, -67.2892456055, 108.455596924, 9.42803955078, 156.413619995, -5.90358543396, 52.0026359558, -21.3789348602, 41.3170814514], [480.627990723, -45.816242218, 40.1342658997, 8.56010246277, -1.33651781082, 41.8746147156, -17.136674881, 8.40272712708, -5.90358543396, 87.5643310547, 5.14518070221, 15.7419986725, -26.830991745], [-1938.05151367, -21.4829349518, 116.65587616, -81.1086044312, 114.979690552, -23.5766124725, 88.5697021484, -48.3337745667, 52.0026359558, 5.14518070221, 111.230979919, -1.18326795101, 25.4523830414], [165.087783813, -93.836517334, 71.2607269287, 3.66371202469, -13.4158277512, 10.5617990494, -10.3856182098, 20.6716899872, -21.3789348602, 15.7419986725, -1.18326795101, 70.8945388794, 10.8100690842], [-1119.46838379, -6.82310152054, 56.4646873474, -35.2909965515, 57.956111908, -31.3863697052, 41.8022842407, -4.88175344467, 41.3170814514, -26.830991745, 25.4523830414, 10.8100690842, 76.7681884766]],
        "icov": [[0.000364514358807, -0.000617821584456, 0.00083797442494, -0.00093519105576, 0.0011098633986, -0.00101437594276, 0.00104095600545, -0.00106284115463, 0.00129395630211, -0.00132756715175, 0.00125710421707, -0.00106834666803, 0.000900547544006], [-0.000617821584456, 0.00225372426212, -0.000909881957341, 0.0012286050478, -0.00227957521565, 0.00195839302614, -0.00164477643557, 0.0012379543623, -0.00142639910337, 0.00231266254559, -0.0027998900041, 0.00326764187776, -0.00203485810198], [0.00083797442494, -0.000909881957341, 0.00321340188384, -0.00269396905787, 0.00100320298225, -0.0018480385188, 0.00182966771536, -0.0029324432835, 0.00311788101681, -0.00337554467842, 0.00303553626873, -0.00328985089436, 0.00244016828947], [-0.00093519105576, 0.0012286050478, -0.00269396905787, 0.00564975244924, -0.001557410229, 0.00117101497017, -0.00149121310096, 0.00249274866655, -0.00416129687801, 0.00401450134814, -0.00268735410646, 0.00295060966164, -0.00220618746243], [0.0011098633986, -0.00227957521565, 0.00100320298225, -0.001557410229, 0.009382664226, -0.00275613297708, 0.000815309002064, -0.0010679543484, 0.00206623179838, -0.0049385484308, 0.00410442566499, -0.00242149014957, 0.00194799888413], [-0.00101437594276, 0.00195839302614, -0.0018480385188, 0.00117101497017, -0.00275613297708, 0.0104662589729, -0.00572715979069, 0.00219912524335, 3.25488122144e-06, -0.000320840772474, -0.0032640718855, 0.00361093855463, -0.00264232768677], [0.00104095600545, -0.00164477643557, 0.00182966771536, -0.00149121310096, 0.000815309002064, -0.00572715979069, 0.012661319226, -0.00534428050742, 0.00170147803146, -0.000319360638969, -0.000985378632322, -0.00173391785938, 0.00235440721735], [-0.00106284115463, 0.0012379543623, -0.0029324432835, 0.00249274866655, -0.0010679543484, 0.00219912524335, -0.00534428050742, 0.0165056791157, -0.00885645486414, 0.00295223947614, 0.00396419037133, -0.00220524868928, -0.00162629026454], [0.00129395630211, -0.00142639910337, 0.00311788101681, -0.00416129687801, 0.00206623179838, 3.25488122144e-06, 0.00170147803146, -0.00885645486414, 0.0197517815977, -0.00771393021569, 0.000344391475664, 0.00344889168628, -0.00243866350502], [-0.00132756715175, 0.00231266254559, -0.00337554467842, 0.00401450134814, -0.0049385484308, -0.000320840772474, -0.000319360638969, 0.00295223947614, -0.00771393021569, 0.0219088997692, -0.00787712261081, -0.000327851448674, 0.00360027025454], [0.00125710421707, -0.0027998900041, 0.00303553626873, -0.00268735410646, 0.00410442566499, -0.0032640718855, -0.000985378632322, 0.00396419037133, 0.000344391475664, -0.00787712261081, 0.0225313380361, -0.00760274333879, 0.00163210148457], [-0.00106834666803, 0.00326764187776, -0.00328985089436, 0.00295060966164, -0.00242149014957, 0.00361093855463, -0.00173391785938, -0.00220524868928, 0.00344889168628, -0.000327851448674, -0.00760274333879, 0.0260560680181, -0.0105233509094], [0.000900547544006, -0.00203485810198, 0.00244016828947, -0.00220618746243, 0.00194799888413, -0.00264232768677, 0.00235440721735, -0.00162629026454, -0.00243866350502, 0.00360027025454, 0.00163210148457, -0.0105233509094, 0.0227437037975]]
    },
    "melbands": {
        "dmean": [0.000184087941307, 0.000334089854732, 0.00032835098682, 0.000230752382777, 0.000189907470485, 0.00019927653193, 0.00012712503667, 0.00011426902347, 9.91742854239e-05, 0.000122162586194, 8.42984736664e-05, 6.94716291036e-05, 9.59110984695e-05, 5.68651375943e-05, 4.39265058958e-05, 5.73067445657e-05, 5.40088403795e-05, 3.19426399074e-05, 2.24836530833e-05, 2.11100086744e-05, 2.10807029362e-05, 1.43646775541e-05, 1.31690467242e-05, 1.33995326905e-05, 9.83534937404e-06, 1.01757796074e-05, 8.43758607516e-06, 8.27819440019e-06, 7.16025033398e-06, 8.01274654805e-06, 7.46685054764e-06, 7.40259747545e-06, 5.98756378167e-06, 6.14452210357e-06, 4.34785806647e-06, 3.6709154756e-06, 2.68363123723e-06, 1.99536589207e-06, 1.65459368873e-06, 1.13552346193e-06],
        "dmean2": [0.000310446892399, 0.000557682884391, 0.000545904505998, 0.00038135368959, 0.000306637724862, 0.000325987493852, 0.000205122516491, 0.000179268565262, 0.000157105299877, 0.000193244210095, 0.000134801783133, 0.000109633307147, 0.000150720195961, 8.42113950057e-05, 6.87768697389e-05, 8.98933067219e-05, 8.28596312203e-05, 5.10968311573e-05, 3.66228669009e-05, 3.41926170222e-05, 3.39538382832e-05, 2.33887494687e-05, 2.1192998247e-05, 2.15223590203e-05, 1.55973430083e-05, 1.66951867868e-05, 1.36198977998e-05, 1.32017157739e-05, 1.13748637887e-05, 1.27290595628e-05, 1.15260445455e-05, 1.17168274301e-05, 9.28477493289e-06, 9.53113612923e-06, 6.51830760034e-06, 5.5999844335e-06, 4.04239335694e-06, 2.91022297461e-06, 2.37564313466e-06, 1.61400612342e-06],
        "dvar": [1.08147339972e-07, 3.66660884765e-07, 3.44663220631e-07, 1.36474568535e-07, 1.45086232806e-07, 1.89159777619e-07, 6.85372043563e-08, 9.95174360696e-08, 1.07311244335e-07, 7.3857172822e-08, 5.07924653448e-08, 4.00773423337e-08, 5.5133885013e-08, 3.28334763822e-08, 1.35534534706e-08, 2.51354492775e-08, 2.61701664783e-08, 6.64373001058e-09, 3.59279561657e-09, 2.67625299699e-09, 2.09904782444e-09, 8.14564082852e-10, 5.40988864817e-10, 6.43035291681e-10, 3.64794888741e-10, 5.01708730116e-10, 3.29131943921e-10, 3.09710979085e-10, 1.99004479562e-10, 2.41570541348e-10, 2.39799846646e-10, 2.53287529839e-10, 1.94179866631e-10, 2.29552071795e-10, 1.15657664002e-10, 8.45244291225e-11, 5.69976114917e-11, 3.00657380936e-11, 1.82018115857e-11, 8.70507398804e-12],
        "dvar2": [3.00540932585e-07, 1.02338151464e-06, 9.47000728502e-07, 3.71998055471e-07, 3.52381988478e-07, 4.66172195956e-07, 1.73193242858e-07, 2.45641444963e-07, 2.56579056668e-07, 1.76635850835e-07, 1.24444255789e-07, 9.60401180805e-08, 1.2570838237e-07, 6.31225844927e-08, 2.88517423286e-08, 6.10807617818e-08, 5.69599762912e-08, 1.51977204155e-08, 8.61737703417e-09, 6.02522964854e-09, 4.98325070097e-09, 1.96081462178e-09, 1.30539812293e-09, 1.58851054533e-09, 8.39838532052e-10, 1.3630953033e-09, 8.06563427158e-10, 7.16579628968e-10, 4.81577666633e-10, 5.76419967313e-10, 5.40620104239e-10, 6.09707451193e-10, 4.44282916012e-10, 4.88073970129e-10, 2.44136488803e-10, 1.91766560964e-10, 1.27754321011e-10, 6.34216082429e-11, 3.79500944558e-11, 1.76415618225e-11],
        "max": [0.00556140113622, 0.0123798791319, 0.00963970366865, 0.00572510063648, 0.0104855680838, 0.0119613707066, 0.00556356180459, 0.00890081282705, 0.0106978425756, 0.00581065518782, 0.00604286650196, 0.00745572848246, 0.00567541318014, 0.00672673387453, 0.00323131959885, 0.00527731329203, 0.00427181134, 0.00212738732807, 0.00146981771104, 0.00158416165505, 0.00141949206591, 0.00087425467791, 0.000639418954961, 0.000815293518826, 0.000638339202851, 0.000772812403738, 0.000577552360483, 0.000406107661547, 0.000256222730968, 0.000377306365408, 0.000308380986098, 0.000294183613732, 0.000468929938506, 0.000667673943099, 0.000327427260345, 0.000309594877763, 0.000246592157055, 0.000186013086932, 0.000121812838188, 9.05882770894e-05],
        "mean": [0.000452346284874, 0.000724054058082, 0.000654875533655, 0.000438162795035, 0.000356259959517, 0.000343130348483, 0.000227245516726, 0.000216154963709, 0.000157162139658, 0.000197437941097, 0.000130504500703, 0.000125562175526, 0.000165542369359, 0.000100113415101, 7.36528527341e-05, 0.000107454608951, 0.000107473322714, 6.36457771179e-05, 3.93421723857e-05, 3.62705359294e-05, 3.77132746507e-05, 2.64919181063e-05, 2.44385882979e-05, 2.51164110523e-05, 1.9924778826e-05, 2.12934792216e-05, 1.67702619365e-05, 1.4643810573e-05, 1.34025003717e-05, 1.54856043082e-05, 1.4355166968e-05, 1.43033394124e-05, 1.09986585812e-05, 1.07646437755e-05, 8.10777601146e-06, 6.59164243189e-06, 4.73073941976e-06, 3.54721555595e-06, 2.85096575681e-06, 1.91913068193e-06],
        "median": [0.000166150086443, 0.000393260503188, 0.000399169628508, 0.000279988307739, 0.000192724022781, 0.000164325654623, 0.000116556497233, 8.09208650026e-05, 5.728128599e-05, 8.69726864039e-05, 4.52467284049e-05, 4.02629957534e-05, 5.23859380337e-05, 2.43183185376e-05, 2.68416806648e-05, 2.16636108235e-05, 2.60218930634e-05, 2.74746817013e-05, 1.76048652065e-05, 1.89604088519e-05, 1.9191958927e-05, 1.44686127896e-05, 1.37978577186e-05, 1.39062422022e-05, 9.77194849838e-06, 1.04494783955e-05, 9.12408540898e-06, 8.05471427157e-06, 5.84474946663e-06, 7.02509987605e-06, 6.2607732616e-06, 5.01970134792e-06, 3.27717043547e-06, 3.28118585458e-06, 2.79009486803e-06, 2.2026742954e-06, 1.4344354895e-06, 9.76427600108e-07, 7.70039434883e-07, 5.42919565305e-07],
        "min": [3.68384188369e-25, 8.97842532315e-25, 4.78210734796e-25, 5.67677668729e-25, 9.22274244803e-25, 8.43232157037e-25, 1.10079770778e-24, 8.17107499743e-25, 1.10207053485e-24, 6.14619970881e-25, 1.56249778105e-24, 1.58441194256e-24, 1.48292981888e-24, 1.89367776071e-24, 1.69440676288e-24, 1.45861968958e-24, 2.14539755632e-24, 2.57299625734e-24, 2.55916653959e-24, 2.64966702922e-24, 2.72511270012e-24, 2.50424821274e-24, 1.74352992031e-24, 2.75112617733e-24, 3.1332488221e-24, 3.56050436862e-24, 3.31811975575e-24, 2.83196154315e-24, 3.06878468665e-24, 3.70902912771e-24, 4.11743149024e-24, 4.26151496243e-24, 4.6275937541e-24, 4.40191011545e-24, 4.44797328143e-24, 4.70548745761e-24, 5.12761560546e-24, 4.91344815273e-24, 4.39920037824e-24, 5.15752566111e-24],
        "var": [3.90150233898e-07, 8.93200478913e-07, 7.23925097645e-07, 2.81626142851e-07, 3.00202287917e-07, 3.34373851274e-07, 1.1551795609e-07, 1.85414549492e-07, 1.70648874587e-07, 1.31131770331e-07, 8.10655791383e-08, 9.02906194256e-08, 1.43380802342e-07, 9.85597523595e-08, 2.69462034908e-08, 8.67649063707e-08, 9.59982386917e-08, 2.00543333051e-08, 7.44369721417e-09, 4.86640017172e-09, 4.18539380931e-09, 1.80993486865e-09, 1.27746113687e-09, 1.29308219687e-09, 1.12206433034e-09, 1.47517709159e-09, 6.68689326133e-10, 5.43118272578e-10, 4.27459817542e-10, 5.67195734824e-10, 5.40454903053e-10, 6.59550802862e-10, 4.90844975776e-10, 5.07725750332e-10, 2.54252230381e-10, 1.77976522409e-10, 1.1832640423e-10, 7.32598426367e-11, 4.80950834714e-11, 1.89822272484e-11]
    },
    "mfcc": {
        "mean": [-647.996398926, 78.4564819336, -2.32736372948, 17.2060565948, -3.75980710983, 6.45415687561, -4.43978357315, 2.24953365326, -2.55198764801, 0.0885767266154, -2.60826992989, -1.77861368656, -3.56005859375],
        "cov": [[27068.7578125, 3298.39672852, 269.147399902, 983.758666992, -219.290344238, 435.658416748, -195.652114868, 110.832199097, -149.530548096, -8.10949707031, -94.7409133911, -59.9886131287, -126.705574036], [3298.39672852, 1490.25610352, -249.097717285, 119.80065155, -16.4398460388, 29.2856006622, -7.85082960129, -1.15134370327, -28.1758499146, 11.7798404694, -6.17037677765, -3.82801890373, -34.4602241516], [269.147399902, -249.097717285, 671.055358887, 168.952346802, 109.511543274, 39.6445083618, 40.2861671448, 35.0781402588, 43.0357475281, -5.22823095322, -2.90138721466, 21.9794750214, 37.231136322], [983.758666992, 119.80065155, 168.952346802, 288.731201172, 57.4027748108, 15.0250434875, -24.4995765686, 26.2092723846, 18.9101734161, 6.08436155319, -10.4228305817, 0.421228408813, -3.12059664726], [-219.290344238, -16.4398460388, 109.511543274, 57.4027748108, 145.711578369, 21.772649765, 2.9352376461, -6.46807479858, 22.9051055908, 5.13783359528, -1.31865751743, 6.37605619431, 5.00314474106], [435.658416748, 29.2856006622, 39.6445083618, 15.0250434875, 21.772649765, 151.722976685, 62.3746414185, -2.75918030739, -18.3296966553, 9.85304927826, 23.0883464813, 5.49789428711, 1.30084526539], [-195.652114868, -7.85082960129, 40.2861671448, -24.4995765686, 2.9352376461, 62.3746414185, 120.221031189, 24.9449520111, -3.86111474037, 6.22182798386, 14.7360343933, 8.99758911133, 10.7154788971], [110.832199097, -1.15134370327, 35.0781402588, 26.2092723846, -6.46807479858, -2.75918030739, 24.9449520111, 85.1980819702, 40.4496688843, 7.23759460449, -2.59228515625, -2.64376521111, 5.48105764389], [-149.530548096, -28.1758499146, 43.0357475281, 18.9101734161, 22.9051055908, -18.3296966553, -3.86111474037, 40.4496688843, 95.0814285278, 28.9548282623, -3.79760098457, -1.71259140968, 6.60477113724], [-8.10949707031, 11.7798404694, -5.22823095322, 6.08436155319, 5.13783359528, 9.85304927826, 6.22182798386, 7.23759460449, 28.9548282623, 65.101348877, 23.2782745361, 2.55199575424, -0.342927694321], [-94.7409133911, -6.17037677765, -2.90138721466, -10.4228305817, -1.31865751743, 23.0883464813, 14.7360343933, -2.59228515625, -3.79760098457, 23.2782745361, 70.9518661499, 23.1484451294, -1.61632752419], [-59.9886131287, -3.82801890373, 21.9794750214, 0.421228408813, 6.37605619431, 5.49789428711, 8.99758911133, -2.64376521111, -1.71259140968, 2.55199575424, 23.1484451294, 56.4911308289, 19.8202114105], [-126.705574036, -34.4602241516, 37.231136322, -3.12059664726, 5.00314474106, 1.30084526539, 10.7154788971, 5.48105764389, 6.60477113724, -0.342927694321, -1.61632752419, 19.8202114105, 54.5620613098]],
