{
"lowlevel": {
    "average_loudness": 0.949818789959,
    "barkbands_crest": {
        "dmean": 2.19245028496,
        "dmean2": 3.59049654007,
        "dvar": 4.06450843811,
        "dvar2": 10.5218544006,
        "max": 23.8187160492,
        "mean": 7.23308753967,
        "median": 6.43421268463,
        "min": 1.77379000187,
        "var": 10.4086475372
    },
    "barkbands_flatness_db": {
        "dmean": 0.0172752141953,
        "dmean2": 0.0255823079497,
        "dvar": 0.000216750268009,
        "dvar2": 0.000453149143141,
        "max": 0.262420743704,
        "mean": 0.0958210602403,
        "median": 0.0919438898563,
        "min": 0.0281540099531,
        "var": 0.000851048447657
    },
    "barkbands_kurtosis": {
        "dmean": 0.92038500309,
        "dmean2": 1.44899845123,
        "dvar": 1.75154328346,
        "dvar2": 4.24232769012,
        "max": 23.582868576,
        "mean": 0.219798967242,
        "median": -0.39563369751,
        "min": -1.8052560091,
        "var": 4.31364774704
    },
    "barkbands_skewness": {
        "dmean": 0.380823135376,
        "dmean2": 0.579167664051,
        "dvar": 0.123007662594,
        "dvar2": 0.286715567112,
        "max": 4.36367034912,
        "mean": 0.590376019478,
        "median": 0.478845983744,
        "min": -1.86493289471,
        "var": 0.590512573719
    },
    "barkbands_spread": {
        "dmean": 6.58324956894,
        "dmean2": 9.7422246933,
        "dvar": 41.2521362305,
        "dvar2": 87.5084152222,
        "max": 98.4973297119,
        "mean": 30.8415718079,
        "median": 29.7012863159,
        "min": 4.28270578384,
        "var": 155.731292725
    },
    "dissonance": {
        "dmean": 0.0134870791808,
        "dmean2": 0.0229151584208,
        "dvar": 0.00016364340263,
        "dvar2": 0.000447289319709,
        "max": 0.500000059605,
        "mean": 0.474992275238,
        "median": 0.479027748108,
        "min": 0.263914018869,
        "var": 0.000321770465234
    },
    "dynamic_complexity": 2.7968006134,
    "erbbands_crest": {
        "dmean": 2.43616437912,
        "dmean2": 3.98595714569,
        "dvar": 5.26124048233,
        "dvar2": 13.145819664,
        "max": 29.0633163452,
        "mean": 7.94029808044,
        "median": 7.06758880615,
        "min": 2.0512945652,
        "var": 13.8813257217
    },
    "erbbands_flatness_db": {
        "dmean": 0.0183911193162,
        "dmean2": 0.0255788061768,
        "dvar": 0.00026800314663,
        "dvar2": 0.000483634124976,
        "max": 0.298921555281,
        "mean": 0.153248488903,
        "median": 0.149781525135,
        "min": 0.0601691007614,
        "var": 0.00140329729766
    },
    "erbbands_kurtosis": {
        "dmean": 0.622435629368,
        "dmean2": 0.993009328842,
        "dvar": 0.468592822552,
        "dvar2": 1.16398513317,
        "max": 10.704875946,
        "mean": 0.0149410590529,
        "median": -0.203117966652,
        "min": -1.81083250046,
        "var": 1.16417443752
    },
    "erbbands_skewness": {
        "dmean": 0.307436197996,
        "dmean2": 0.479056835175,
        "dvar": 0.0685472562909,
        "dvar2": 0.160548478365,
        "max": 3.2350769043,
        "mean": 0.0300264265388,
        "median": -0.0011954655638,
        "min": -2.74422359467,
        "var": 0.313083052635
    },
    "erbbands_spread": {
        "dmean": 7.8582816124,
        "dmean2": 11.7195634842,
        "dvar": 61.8251190186,
        "dvar2": 134.090835571,
        "max": 112.365066528,
        "mean": 36.7787055969,
        "median": 34.2181739807,
        "min": 5.75499534607,
        "var": 266.256469727
    },
    "hfc": {
        "dmean": 9.21028709412,
        "dmean2": 12.6787137985,
        "dvar": 98.9216690063,
        "dvar2": 178.475585938,
        "max": 137.986114502,
        "mean": 30.3521747589,
        "median": 29.192401886,
        "min": 1.16686755888e-16,
        "var": 381.615631104
    },
    "melbands_crest": {
        "dmean": 3.23218631744,
        "dmean2": 5.20228099823,
        "dvar": 8.37774372101,
        "dvar2": 21.477022171,
        "max": 35.5981712341,
        "mean": 10.6792373657,
        "median": 9.6681804657,
        "min": 2.53297495842,
        "var": 21.6097812653
    },
    "melbands_flatness_db": {
        "dmean": 0.0208815317601,
        "dmean2": 0.0306667145342,
        "dvar": 0.000345651176758,
        "dvar2": 0.000733984750696,
        "max": 0.292339742184,
        "mean": 0.11980202049,
        "median": 0.115567937493,
        "min": 0.00726010045037,
        "var": 0.00149192044046
    },
    "melbands_kurtosis": {
        "dmean": 2.73113632202,
        "dmean2": 4.30996322632,
        "dvar": 18.6050701141,
        "dvar2": 47.6310424805,
        "max": 84.6353759766,
        "mean": 4.2560338974,
        "median": 1.90893626213,
        "min": -1.73928368092,
        "var": 45.661857605
    },
    "melbands_skewness": {
        "dmean": 0.517262041569,
        "dmean2": 0.785755932331,
        "dvar": 0.25889852643,
        "dvar2": 0.609821796417,
        "max": 8.63682556152,
        "mean": 1.57150971889,
        "median": 1.39605367184,
        "min": -1.42211568356,
        "var": 1.28013503551
    },
    "melbands_spread": {
        "dmean": 9.84940814972,
        "dmean2": 14.9333305359,
        "dvar": 104.803230286,
        "dvar2": 227.67805481,
        "max": 204.806594849,
        "mean": 41.013343811,
        "median": 40.1244773865,
        "min": 4.02088212967,
        "var": 321.430755615
    },
    "pitch_salience": {
        "dmean": 0.0648215711117,
        "dmean2": 0.10380885005,
        "dvar": 0.00308332359418,
        "dvar2": 0.00770104955882,
        "max": 0.898206651211,
        "mean": 0.598706424236,
        "median": 0.606552958488,
        "min": 0.176028057933,
        "var": 0.00817257817835
    },
    "silence_rate_20dB": {
        "dmean": 0,
        "dmean2": 0,
        "dvar": 0,
        "dvar2": 0,
        "max": 1,
        "mean": 1,
        "median": 1,
        "min": 1,
        "var": 0
    },
    "silence_rate_30dB": {
        "dmean": 0,
        "dmean2": 0,
        "dvar": 0,
        "dvar2": 0,
        "max": 1,
        "mean": 1,
        "median": 1,
        "min": 1,
        "var": 0
    },
    "silence_rate_60dB": {
        "dmean": 0.00934933684766,
        "dmean2": 0.0185746774077,
        "dvar": 0.00926176924258,
        "dvar2": 0.0230337642133,
        "max": 1,
        "mean": 0.0265285503119,
        "median": 0,
        "min": 0,
        "var": 0.0258229840547
    },
    "spectral_centroid": {
        "dmean": 272.218566895,
        "dmean2": 413.732757568,
        "dvar": 68737.1953125,
        "dvar2": 142304.078125,
        "max": 11068.3828125,
        "mean": 1992.89099121,
        "median": 2040.26049805,
        "min": 519.466308594,
        "var": 269176.65625
    },
    "spectral_complexity": {
        "dmean": 4.30751752853,
        "dmean2": 6.31640148163,
        "dvar": 17.1047306061,
        "dvar2": 32.4807167053,
        "max": 55,
        "mean": 25.272485733,
        "median": 25,
        "min": 0,
        "var": 100.100524902
    },
    "spectral_decrease": {
        "dmean": 1.34543598485e-09,
        "dmean2": 1.99211691587e-09,
        "dvar": 2.07232380131e-18,
        "dvar2": 4.50982633636e-18,
        "max": -1.12239698888e-29,
        "mean": -4.90315610335e-09,
        "median": -4.76103423352e-09,
        "min": -1.92226554674e-08,
        "var": 7.8999495627e-18
    },
    "spectral_energy": {
        "dmean": 0.00574491964653,
        "dmean2": 0.00840896461159,
        "dvar": 3.6185279896e-05,
        "dvar2": 7.65919612604e-05,
        "max": 0.077202051878,
        "mean": 0.0212586615235,
        "median": 0.0207222048193,
        "min": 1.06261956012e-20,
        "var": 0.000143518424011
    },
    "spectral_energyband_high": {
        "dmean": 0.000704900652636,
        "dmean2": 0.00098783778958,
        "dvar": 8.66870436766e-07,
        "dvar2": 1.62253365943e-06,
        "max": 0.0166962835938,
        "mean": 0.00139009673148,
        "median": 0.00092848658096,
        "min": 7.25830631117e-21,
        "var": 1.78724360467e-06
    },
    "spectral_energyband_low": {
        "dmean": 0.00159445183817,
        "dmean2": 0.00235022557899,
        "dvar": 7.27376300347e-06,
        "dvar2": 1.54329609359e-05,
        "max": 0.0638771280646,
        "mean": 0.00255540804937,
        "median": 0.00129866786301,
        "min": 5.54708434543e-23,
        "var": 1.16241926662e-05
    },
    "spectral_energyband_middle_high": {
        "dmean": 0.00300319679081,
        "dmean2": 0.00428690528497,
        "dvar": 1.1880508282e-05,
        "dvar2": 2.44677394221e-05,
        "max": 0.0459445230663,
        "mean": 0.00996389985085,
        "median": 0.00768857635558,
        "min": 1.74929474068e-21,
        "var": 6.8238012318e-05
    },
    "spectral_energyband_middle_low": {
        "dmean": 0.00345334457234,
        "dmean2": 0.00551407458261,
        "dvar": 2.04275347642e-05,
        "dvar2": 5.23890776094e-05,
        "max": 0.0691100135446,
        "mean": 0.00815657805651,
        "median": 0.00642244424671,
        "min": 3.91596359368e-22,
        "var": 4.70322484034e-05
    },
    "spectral_entropy": {
        "dmean": 0.149560749531,
        "dmean2": 0.209598511457,
        "dvar": 0.0203625150025,
        "dvar2": 0.0341708622873,
        "max": 9.80072593689,
        "mean": 7.8530755043,
        "median": 7.86536693573,
        "min": 6.64339542389,
        "var": 0.084903858602
    },
    "spectral_flux": {
        "dmean": 0.0194972455502,
        "dmean2": 0.029360473156,
        "dvar": 0.00036423333222,
        "dvar2": 0.000734491506591,
        "max": 0.226976573467,
        "mean": 0.0865343362093,
        "median": 0.0860318094492,
        "min": 1.03083437619e-10,
        "var": 0.00122371315956
    },
    "spectral_kurtosis": {
        "dmean": 1.06952095032,
        "dmean2": 1.7091935873,
        "dvar": 1.18886995316,
        "dvar2": 3.01061677933,
        "max": 13.6350688934,
        "mean": 3.24727892876,
        "median": 3.04105973244,
        "min": -1.18751299381,
        "var": 2.88868236542
    },
    "spectral_rms": {
        "dmean": 0.000627241446637,
        "dmean2": 0.000891897710972,
        "dvar": 3.8588925122e-07,
        "dvar2": 7.32506464374e-07,
        "max": 0.00867865607142,
        "mean": 0.00432334188372,
        "median": 0.0044963080436,
        "min": 3.21978576613e-12,
        "var": 2.04900379686e-06
    },
    "spectral_rolloff": {
        "dmean": 739.149047852,
        "dmean2": 1175.76330566,
        "dvar": 994764.125,
        "dvar2": 2090527.875,
        "max": 19229.1503906,
        "mean": 2673.57958984,
        "median": 2433.25195312,
        "min": 64.599609375,
        "var": 2039562.5
    },
    "spectral_skewness": {
        "dmean": 0.16127307713,
        "dmean2": 0.255346059799,
        "dvar": 0.021375970915,
        "dvar2": 0.0513248480856,
        "max": 2.62614941597,
        "mean": 1.29875004292,
        "median": 1.30540299416,
        "min": -0.00971116684377,
        "var": 0.0645497888327
    },
    "spectral_spread": {
        "dmean": 656381.875,
        "dmean2": 903525.375,
        "dvar": 564309721088,
        "dvar2": 856159944704,
        "max": 39754976,
        "mean": 4756791.5,
        "median": 4518407.5,
        "min": 1932545.625,
        "var": 1.96221783245e+12
    },
    "spectral_strongpeak": {
        "dmean": 0.853070855141,
        "dmean2": 1.44447207451,
        "dvar": 1.36370277405,
        "dvar2": 3.37453889847,
        "max": 12.0958223343,
        "mean": 1.43435370922,
        "median": 0.761445403099,
        "min": 0,
        "var": 2.53377199173
    },
    "zerocrossingrate": {
        "dmean": 0.0132975364104,
        "dmean2": 0.0151324002072,
        "dvar": 0.000201716567972,
        "dvar2": 0.000244608701905,
        "max": 0.58935546875,
        "mean": 0.0935526788235,
        "median": 0.08984375,
        "min": 0.015625,
        "var": 0.000991416512989
    },
    "barkbands": {
        "dmean": [3.58264005627e-05, 0.000821023480967, 0.000892526470125, 0.000705362530425, 0.00142907793634, 0.000941353733651, 0.000755527871661, 0.00061627489049, 0.0005703039933, 0.00075782649219, 0.000734246219508, 0.000827491632663, 0.000473325751955, 0.000671521993354, 0.000711727770977, 0.000364603969501, 0.000497543718666, 0.00030099065043, 0.000445445330115, 0.000277400773484, 0.00018240812642, 0.000132097440655, 0.000150783380377, 0.000119847558381, 8.80432926351e-05, 3.02861135424e-05, 2.80831926602e-07],
        "dmean2": [6.36234617559e-05, 0.00120676867664, 0.00141683302354, 0.00117378518917, 0.00248672277667, 0.0015272757737, 0.00119251257274, 0.000985062797554, 0.00092286785366, 0.00118933001067, 0.00118351099081, 0.0013180365786, 0.000757070898544, 0.00105194596108, 0.00113143445924, 0.000581733474974, 0.000796400941908, 0.000465885270387, 0.000683705729898, 0.000423948571552, 0.000284924230073, 0.000194889857084, 0.000210355356103, 0.000170697268914, 0.000126052051201, 4.50827901659e-05, 4.42157784164e-07],
        "dvar": [1.83844361956e-09, 2.07141056308e-06, 3.47494483321e-06, 1.48520894072e-06, 8.25174174679e-06, 2.19211369767e-06, 2.92066488328e-06, 2.25894586947e-06, 1.72436512003e-06, 2.5246961286e-06, 2.37436665884e-06, 2.84277984974e-06, 1.08605820515e-06, 1.50596213189e-06, 1.70890086792e-06, 4.59397256236e-07, 7.94443394625e-07, 2.48924351354e-07, 4.20345230623e-07, 1.54514282258e-07, 6.66724488951e-08, 3.42669324027e-08, 6.5866032628e-08, 3.78079896279e-08, 2.53924987703e-08, 2.72125699752e-09, 1.58825556873e-11],
        "dvar2": [5.3375774911e-09, 4.58724434793e-06, 8.83351458469e-06, 3.81352697332e-06, 2.31961857935e-05, 5.33095317223e-06, 6.3127699832e-06, 5.44747854292e-06, 4.46459489467e-06, 6.28037514616e-06, 5.94954281041e-06, 6.7378514359e-06, 2.79796927316e-06, 3.47646482624e-06, 4.25959569839e-06, 1.09239203994e-06, 1.9320091269e-06, 5.78986885102e-07, 9.14405859476e-07, 3.66398779761e-07, 1.61260444997e-07, 6.86056154109e-08, 1.31971617634e-07, 7.43433545836e-08, 4.70183607604e-08, 5.85011594723e-09, 3.60058718951e-11],
        "max": [0.000554308702704, 0.016483232379, 0.0442580990493, 0.0161349587142, 0.0292652621865, 0.0335701555014, 0.0561204068363, 0.0475427694619, 0.0251899808645, 0.0356405302882, 0.0299673117697, 0.0276633575559, 0.0291937906295, 0.0354626886547, 0.0239105541259, 0.0151992971078, 0.0131985871121, 0.0101358667016, 0.0116427792236, 0.00777716143057, 0.00428975047544, 0.00430037127808, 0.0056750709191, 0.00316256680526, 0.00391354504973, 0.00105865753721, 0.000209239777178],
        "mean": [4.3508302042e-05, 0.0010734956013, 0.00102164747659, 0.000940184749197, 0.00190541590564, 0.00155055022333, 0.00136947387364, 0.000903639534954, 0.000843513815198, 0.00124502461404, 0.00111623900011, 0.00137395586353, 0.000834063393995, 0.00117128563579, 0.00124765501823, 0.000603573513217, 0.00085123378085, 0.000550843134988, 0.000914265401661, 0.000544883310795, 0.00032407839899, 0.00024090865918, 0.000234158869716, 0.000193781292182, 0.000123524558148, 3.72199974663e-05, 5.63378591778e-07],
        "median": [3.24388747686e-05, 0.000363284547348, 0.000436366244685, 0.000394668546505, 0.00110304891132, 0.000866087037139, 0.000532617268618, 0.000322614185279, 0.000286394264549, 0.000513173523359, 0.000339198770234, 0.000349193869624, 0.000233059079619, 0.000406671257224, 0.000514044892043, 0.000289191142656, 0.0004325734335, 0.000338156562066, 0.000554537866265, 0.00035368965473, 0.000208182798815, 0.000145448429976, 0.000123728677863, 0.000104590784758, 5.85158195463e-05, 1.62426749739e-05, 2.78885714522e-09],
        "min": [2.42280680453e-24, 2.64864371886e-23, 2.08341320512e-23, 6.77528255692e-24, 4.55310351209e-23, 1.08151921338e-22, 4.25767983625e-23, 1.16853713455e-22, 6.01206609978e-23, 4.17783701522e-23, 2.70386555994e-23, 1.719580332e-22, 2.70972938393e-22, 1.06762188237e-22, 1.79507798094e-22, 1.51964473464e-22, 1.32166071605e-22, 2.13090742789e-22, 3.09461979452e-22, 2.9494895828e-22, 5.49319063056e-22, 4.38972846224e-22, 6.19477802368e-22, 9.82920485957e-22, 8.67329467443e-22, 1.43657765608e-21, 2.46916260319e-21],
        "var": [1.6560532945e-09, 3.21312609231e-06, 3.26299709741e-06, 2.3021434572e-06, 6.68996199238e-06, 4.43503495262e-06, 1.33405274028e-05, 4.7595713113e-06, 2.89004219667e-06, 5.41310055269e-06, 4.07774314226e-06, 7.02139186615e-06, 2.65889821094e-06, 3.80338451578e-06, 3.73183024749e-06, 8.69513996804e-07, 1.46722163663e-06, 4.88072601001e-07, 1.03109312022e-06, 3.86497674754e-07, 1.20206181009e-07, 7.24572970512e-08, 1.03615313662e-07, 6.42949871121e-08, 4.14808880578e-08, 3.66306229793e-09, 6.49472559067e-11]
    },
    "erbbands": {
        "dmean": [0.00799912493676, 0.234465256333, 0.991576850414, 1.52329671383, 3.16695451736, 5.56171989441, 6.86262226105, 7.86349868774, 10.5251283646, 12.9202051163, 12.981757164, 13.1300363541, 24.0105781555, 21.0003128052, 27.2403526306, 36.2750167847, 21.7342205048, 31.4155788422, 31.484413147, 31.691778183, 20.3119773865, 20.8798999786, 15.7247838974, 20.2864513397, 20.4950504303, 13.2140169144, 7.37753534317, 7.03655767441, 4.5144367218, 5.10655975342, 4.18246173859, 2.96585226059, 1.72714972496, 1.22413551807, 0.482372045517, 0.200742825866, 0.0432118959725, 0.00323235616088, 7.94199222582e-05, 1.12225870907e-05],
        "dmean2": [0.0116073312238, 0.339935213327, 1.4983934164, 2.47619390488, 5.40994739532, 9.77501964569, 11.3789243698, 12.7616977692, 16.4580745697, 20.2227840424, 20.5377864838, 21.1476211548, 37.6758308411, 33.2612075806, 42.5959625244, 58.0750846863, 34.4987297058, 48.8050079346, 49.2290763855, 50.9333076477, 32.1740951538, 32.7884178162, 24.1194591522, 31.3392677307, 30.9396533966, 20.2719173431, 11.3104190826, 10.9095783234, 6.69672107697, 7.26173782349, 5.82073736191, 4.26125526428, 2.48544621468, 1.74363708496, 0.715646445751, 0.299788147211, 0.0633211284876, 0.00479517085478, 0.000116649134725, 1.60015042638e-05],
        "dvar": [0.000152997716214, 0.16740873456, 3.79625320435, 6.57633495331, 31.7868862152, 149.882019043, 142.965454102, 189.509887695, 630.350952148, 1006.02124023, 855.297363281, 1083.6953125, 3163.0390625, 1810.89025879, 3377.18847656, 5977.17626953, 2354.82836914, 3164.88110352, 3728.75463867, 2829.20849609, 1415.44274902, 1344.04602051, 790.200012207, 908.847106934, 1058.80993652, 338.805419922, 95.5291290283, 129.720901489, 39.2971572876, 58.2089691162, 49.708820343, 23.7829666138, 8.28224563599, 4.52708387375, 0.931567132473, 0.126472070813, 0.00535999191925, 6.56857591821e-05, 8.07798201663e-08, 1.72058686743e-10],
        "dvar2": [0.000316409394145, 0.365677058697, 8.96910667419, 16.6136493683, 86.3779678345, 423.094329834, 375.198486328, 441.545227051, 1331.5357666, 2118.32202148, 2108.94458008, 2850.41186523, 8250.671875, 4468.83789062, 7960.69824219, 14613.2988281, 6193.87304688, 7478.41308594, 9034.75292969, 7093.55126953, 3279.01000977, 3046.33349609, 1863.82592773, 2085.19287109, 2295.25561523, 812.323974609, 224.292114258, 323.277740479, 82.3304672241, 114.032699585, 100.559585571, 46.7923126221, 15.8711709976, 8.44954013824, 1.86567246914, 0.276607900858, 0.0109318457544, 0.000143923272844, 2.05783706519e-07, 3.4888958389e-10],
        "max": [0.135817930102, 5.59438323975, 45.0219268799, 35.3112869263, 68.4522094727, 143.80645752, 162.240997314, 429.539611816, 910.922851562, 1357.77587891, 686.929870605, 684.26159668, 1448.64575195, 676.775146484, 1232.92077637, 1404.31811523, 1593.70861816, 1621.31811523, 1455.82104492, 888.39831543, 963.507385254, 612.050598145, 507.075958252, 493.090209961, 635.530700684, 367.922454834, 164.431732178, 171.534317017, 164.617706299, 186.647094727, 147.532501221, 71.8054428101, 50.3248748779, 41.9954986572, 31.4545288086, 8.81125926971, 1.01969766617, 0.335510462523, 0.0168912056834, 0.000311305047944],
        "mean": [0.0114749139175, 0.310878247023, 1.23718142509, 2.15607047081, 4.45527362823, 6.79993772507, 9.62817001343, 12.7195835114, 18.0220355988, 21.7544403076, 19.6264286041, 20.4897327423, 40.0953330994, 35.153377533, 46.1128463745, 62.0599098206, 41.9363327026, 59.5544166565, 58.8538703918, 57.7712745667, 38.8713684082, 39.2604598999, 31.032781601, 40.4174575806, 43.9583969116, 26.7430038452, 14.7770261765, 11.6709680557, 8.27961730957, 7.96760129929, 6.69689130783, 4.87896299362, 2.63006854057, 1.69069945812, 0.675091326237, 0.250063896179, 0.0537656471133, 0.00409915437922, 0.000120440716273, 3.45534099324e-05],
        "median": [0.0047153653577, 0.105100601912, 0.527396082878, 1.05404925346, 2.50021409988, 3.14789772034, 4.89785146713, 6.54104042053, 7.87804031372, 7.33723211288, 8.01599693298, 7.9754781723, 16.7323608398, 14.4813222885, 16.2009792328, 17.961063385, 14.760725975, 24.3946380615, 26.8885574341, 28.7184410095, 22.0878486633, 21.6274871826, 19.3839225769, 26.9037666321, 24.7419891357, 17.8106536865, 10.5747661591, 7.037317276, 5.02284812927, 4.43669509888, 3.56266689301, 2.70345020294, 1.36329293251, 0.805693387985, 0.315156936646, 0.114818885922, 0.0224983729422, 0.00112303881906, 4.58867616544e-05, 3.26896115439e-05],
        "min": [8.00479046685e-22, 5.96568473887e-21, 2.06701481396e-20, 3.06633332757e-20, 2.68158222099e-20, 2.33707939657e-19, 3.43061707775e-19, 1.21975794633e-18, 3.35146494041e-19, 1.59089062273e-18, 2.2093750143e-18, 1.4716493321e-18, 1.37732851179e-18, 1.31650612815e-18, 1.58046773342e-18, 8.18967536251e-18, 1.03000778029e-17, 7.77275565427e-18, 8.69337210727e-18, 1.02571884882e-17, 7.27371345481e-18, 8.0052314567e-18, 1.03273681457e-17, 1.26330042358e-17, 2.05201788212e-17, 1.05630302479e-17, 1.30819631307e-17, 2.75699794472e-17, 1.70252150017e-17, 1.88293240418e-17, 1.73968705596e-17, 1.30806528767e-17, 1.7248095509e-17, 9.31011383609e-18, 7.8684579696e-18, 4.78632551817e-18, 2.83918123371e-18, 1.2950346908e-18, 3.24055501292e-19, 3.68706096834e-20],
        "var": [0.000288237148197, 0.26605027914, 4.31522607803, 8.94955253601, 38.4593238831, 120.743110657, 180.270126343, 412.459625244, 1792.23461914, 3610.40844727, 1490.9309082, 1747.82116699, 6170.91650391, 3411.87841797, 6725.75, 14399.5380859, 5567.55908203, 8463.19726562, 7470.66894531, 5951.73095703, 2848.38696289, 2764.58227539, 1581.25488281, 1914.23535156, 2957.84790039, 784.27734375, 206.985595703, 183.069763184, 85.0492477417, 99.4050827026, 81.5256118774, 40.2924194336, 13.3991909027, 7.21998310089, 1.44889998436, 0.171563789248, 0.0075711524114, 0.000193549814867, 2.01990161486e-07, 4.60064292218e-10]
    },
    "gfcc": {
        "mean": [23.5627841949, 65.0625762939, -141.96484375, 36.4283790588, -67.3121643066, 17.5037937164, -48.2272834778, 10.4648036957, -31.6442661285, 3.00844407082, -17.2514057159, -1.69733858109, -11.5445451736],
        "cov": [[5794.16943359, -141.575912476, -547.660461426, -139.310150146, -105.431175232, -38.3210220337, -16.4106369019, -143.570877075, -127.480979919, -111.154685974, -53.5636329651, -98.3222198486, -104.057640076], [-141.575912476, 636.432739258, -113.94304657, 37.6065483093, 100.415786743, -90.4571990967, 68.2233734131, -13.5058937073, 41.703540802, -34.0203742981, 82.2708892822, -57.9802207947, 46.7462692261], [-547.660461426, -113.94304657, 605.235900879, 175.245407104, -95.0415039062, 16.3795604706, -123.073532104, 30.8562431335, 14.7195682526, 35.6116104126, -74.4992675781, 66.2276763916, -26.1037082672], [-139.310150146, 37.6065483093, 175.245407104, 254.659759521, 36.6227684021, 6.47380161285, -17.7328224182, 12.400396347, 34.3435096741, 0.633178949356, -13.504368782, 9.04140377045, 3.5701675415], [-105.431175232, 100.415786743, -95.0415039062, 36.6227684021, 175.394744873, 57.1073570251, 70.3556060791, -1.22631144524, -1.49822509289, 4.74474287033, 20.6474113464, -19.954706192, 3.86824083328], [-38.3210220337, -90.4571990967, 16.3795604706, 6.47380161285, 57.1073570251, 187.240081787, 77.2107772827, -10.0134973526, -22.5315246582, 10.2990961075, -15.8558893204, -5.49611759186, -14.7879095078], [-16.4106369019, 68.2233734131, -123.073532104, -17.7328224182, 70.3556060791, 77.2107772827, 154.824127197, 28.4685630798, 4.11120939255, -4.96694374084, 18.7385082245, -17.602558136, 4.9267539978], [-143.570877075, -13.5058937073, 30.8562431335, 12.400396347, -1.22631144524, -10.0134973526, 28.4685630798, 109.561546326, 52.1633720398, 1.91027510166, 4.82272052765, 13.8642616272, 4.60261392593], [-127.480979919, 41.703540802, 14.7195682526, 34.3435096741, -1.49822509289, -22.5315246582, 4.11120939255, 52.1633720398, 105.360305786, 22.4836158752, 12.5231637955, 7.00232744217, 12.1534967422], [-111.154685974, -34.0203742981, 35.6116104126, 0.633178949356, 4.74474287033, 10.2990961075, -4.96694374084, 1.91027510166, 22.4836158752, 72.3753051758, 25.4589653015, 5.01730394363, -10.4943742752], [-53.5636329651, 82.2708892822, -74.4992675781, -13.504368782, 20.6474113464, -15.8558893204, 18.7385082245, 4.82272052765, 12.5231637955, 25.4589653015, 97.7963409424, 2.16363525391, 8.03822135925], [-98.3222198486, -57.9802207947, 66.2276763916, 9.04140377045, -19.954706192, -5.49611759186, -17.602558136, 13.8642616272, 7.00232744217, 5.01730394363, 2.16363525391, 69.6108169556, 20.8006420135], [-104.057640076, 46.7462692261, -26.1037082672, 3.5701675415, 3.86824083328, -14.7879095078, 4.9267539978, 4.60261392593, 12.1534967422, -10.4943742752, 8.03822135925, 20.8006420135, 57.8074035645]],
        "icov": [[0.000226460935664, -2.5512652428e-05, 0.000381823600037, -0.000180441769771, 0.000308224523906, -7.33108245186e-05, 0.000138577874168, 9.37736913329e-05, 0.000117049574328, 0.000129286709125, 0.000210642523598, -0.000141321870615, 0.000573606521357], [-2.5512652428e-05, 0.00366628379561, -0.00171728071291, 0.000555766571779, -0.002212616615, 0.00304319686256, -0.0028116425965, 0.00258379010484, -0.00219074543566, 0.00317053846084, -0.00336227566004, 0.00387838110328, -0.00275186169893], [0.000381823600037, -0.00171728071291, 0.00548804365098, -0.00326064764522, 0.00323326187208, -0.00295038567856, 0.00403424492106, -0.00298081431538, 0.00235639396124, -0.00364882266149, 0.00405058637261, -0.00455565052107, 0.00359615893103], [-0.000180441769771, 0.000555766571779, -0.00326064764522, 0.00658507551998, -0.00325280171819, 0.00101861753501, -0.00085034937365, 0.00159587163944, -0.00303742615506, 0.00259647704661, -0.00140320241917, 0.00169001903851, -0.00153270212468], [0.000308224523906, -0.002212616615, 0.00323326187208, -0.00325280171819, 0.0104773854837, -0.00376544240862, 2.07613484235e-05, -0.00169233512133, 0.0024331077002, -0.00324060837738, 0.00172802142333, -0.00158696621656, 0.00170451262966], [-7.33108245186e-05, 0.00304319686256, -0.00295038567856, 0.00101861753501, -0.00376544240862, 0.0114094018936, -0.00785403884947, 0.00413810042664, -0.000729531922843, 0.000984643003903, -0.00090480374638, 0.0024128893856, -0.000887787260581], [0.000138577874168, -0.0028116425965, 0.00403424492106, -0.00085034937365, 2.07613484235e-05, -0.00785403884947, 0.0154539588839, -0.00689094653353, 0.00226818048395, -0.00168974511325, 0.00158393988386, -0.00173329433892, 0.00123815203551], [9.37736913329e-05, 0.00258379010484, -0.00298081431538, 0.00159587163944, -0.00169233512133, 0.00413810042664, -0.00689094653353, 0.0166217330843, -0.00892430357635, 0.00522020226344, -0.00288227177225, 0.000251648423728, 0.0002046868467], [0.000117049574328, -0.00219074543566, 0.00235639396124, -0.00303742615506, 0.0024331077002, -0.000729531922843, 0.00226818048395, -0.00892430357635, 0.0170235745609, -0.00803161691874, 0.0027232139837, -0.00126864016056, -0.00155758473556], [0.000129286709125, 0.00317053846084, -0.00364882266149, 0.00259647704661, -0.00324060837738, 0.000984643003903, -0.00168974511325, 0.00522020226344, -0.00803161691874, 0.0230541862547, -0.00932820048183, 0.00236512185074, 0.00237784394994], [0.000210642523598, -0.00336227566004, 0.00405058637261, -0.00140320241917, 0.00172802142333, -0.00090480374638, 0.00158393988386, -0.00288227177225, 0.0027232139837, -0.00932820048183, 0.0174206253141, -0.00553602585569, 0.00206491537392], [-0.000141321870615, 0.00387838110328, -0.00455565052107, 0.00169001903851, -0.00158696621656, 0.0024128893856, -0.00173329433892, 0.000251648423728, -0.00126864016056, 0.00236512185074, -0.00553602585569, 0.0244870632887, -0.0120462914929], [0.000573606521357, -0.00275186169893, 0.00359615893103, -0.00153270212468, 0.00170451262966, -0.000887787260581, 0.00123815203551, 0.0002046868467, -0.00155758473556, 0.00237784394994, 0.00206491537392, -0.0120462914929, 0.0266188178211]]
    },
    "melbands": {
        "dmean": [0.000146753125591, 0.000425690464908, 0.000295471341815, 0.000301953114104, 0.000244545808528, 0.000180060102139, 0.000155397166964, 0.000135895592393, 0.00010650614422, 8.39426138555e-05, 0.000120950156997, 8.45281319926e-05, 9.83444260783e-05, 9.20877573662e-05, 7.06440987415e-05, 4.76718450955e-05, 6.64809995214e-05, 5.30777178938e-05, 5.23474918737e-05, 3.37299170496e-05, 2.89942963718e-05, 2.80196072708e-05, 1.58905622811e-05, 1.58193543029e-05, 1.85478274943e-05, 1.78374903044e-05, 1.26852683024e-05, 8.86917223397e-06, 4.70909753858e-06, 5.35167191629e-06, 3.94398921344e-06, 2.68488884103e-06, 2.73943646789e-06, 3.05617163576e-06, 2.53628013525e-06, 2.16398461816e-06, 1.74819240328e-06, 1.23550830722e-06, 1.23702113797e-06, 9.67925871009e-07],
        "dmean2": [0.000213270323002, 0.000637635181192, 0.000480547023471, 0.000526483287103, 0.000410577369621, 0.000291130039841, 0.000243419781327, 0.000212465369259, 0.00016867510567, 0.000135927155497, 0.000189996353583, 0.000134660789627, 0.000155729838298, 0.000146624239278, 0.000112888010335, 7.5343727076e-05, 0.000104166552774, 8.36998806335e-05, 8.30025528558e-05, 5.41611516383e-05, 4.67497156933e-05, 4.47206220997e-05, 2.51779893006e-05, 2.47218267759e-05, 2.92351160169e-05, 2.73761379503e-05, 1.96021410375e-05, 1.38660243465e-05, 7.29488419893e-06, 8.54012250784e-06, 6.20400669504e-06, 4.05010950999e-06, 4.11046221416e-06, 4.4035823521e-06, 3.62401965504e-06, 3.07314371639e-06, 2.59473995357e-06, 1.8172286218e-06, 1.78126447281e-06, 1.39184112413e-06],
        "dvar": [6.18180422407e-08, 6.39233917354e-07, 2.24879471489e-07, 3.81901202218e-07, 1.89277812979e-07, 9.44573557149e-08, 1.20808138604e-07, 1.10223986383e-07, 5.78316310396e-08, 4.28049240497e-08, 7.97090535798e-08, 3.05985565774e-08, 4.32112159388e-08, 3.40352244166e-08, 2.08847001915e-08, 1.09836220119e-08, 1.50058365733e-08, 1.0511053361e-08, 9.93472148991e-09, 3.41788597424e-09, 3.37218986068e-09, 2.6370097217e-09, 1.03811770291e-09, 7.47505668475e-10, 8.48311532131e-10, 8.94983365196e-10, 4.19456830381e-10, 1.65360600213e-10, 4.47777127877e-11, 6.31235272386e-11, 4.21189576272e-11, 1.64296805327e-11, 1.53782611645e-11, 2.4323584813e-11, 1.84684611354e-11, 1.45445131633e-11, 8.2800467871e-12, 4.38851602627e-12, 4.49874035593e-12, 2.99000602923e-12],
        "dvar2": [1.32713623202e-07, 1.40544898386e-06, 5.55116571377e-07, 1.07452660814e-06, 5.14318230671e-07, 2.24203859034e-07, 2.52592229799e-07, 2.41112047661e-07, 1.4390417391e-07, 1.12595927249e-07, 2.06428609317e-07, 7.57852660627e-08, 1.06884144202e-07, 8.1272737873e-08, 4.97628178664e-08, 2.79532823555e-08, 3.51808679966e-08, 2.52196628026e-08, 2.45210749483e-08, 8.40904590405e-09, 8.01263233541e-09, 6.17613782339e-09, 2.61844235183e-09, 1.72509428964e-09, 2.00737915179e-09, 1.96928806595e-09, 9.79820780067e-10, 4.01141508899e-10, 1.06912249886e-10, 1.56124169148e-10, 1.0500977865e-10, 3.61895964585e-11, 3.21930156144e-11, 4.9323288509e-11, 3.79382983362e-11, 2.95931681937e-11, 1.71311541342e-11, 8.9140717377e-12, 8.61707840499e-12, 5.79965155761e-12],
        "max": [0.00259496970102, 0.0183370616287, 0.00600866321474, 0.00667910464108, 0.0056685237214, 0.00831395573914, 0.0131136924028, 0.0127948364243, 0.00590147217736, 0.00398299051449, 0.00711883185431, 0.00282931653783, 0.00481677893549, 0.00337037979625, 0.00241328775883, 0.0028856319841, 0.00377375632524, 0.00221776938997, 0.00219201343134, 0.000947455991991, 0.00147434324026, 0.000863080087584, 0.000726472528186, 0.000634891039226, 0.00049168424448, 0.000553491699975, 0.000577053637244, 0.000293900462566, 0.000123470934341, 0.000152624328621, 0.000116279552458, 0.000138510557008, 7.48415186536e-05, 0.000135895359563, 0.000105004146462, 0.000120975011669, 3.83152546419e-05, 4.03454178013e-05, 3.81111822207e-05, 3.67449029e-05],
        "mean": [0.00020296924049, 0.000583073997404, 0.00045141854207, 0.000395668059355, 0.000337081233738, 0.00030003694701, 0.000279260450043, 0.000224389325012, 0.000155158748385, 0.000127692852402, 0.000198010689928, 0.000134009314934, 0.00015676797193, 0.000153582441271, 0.000117848539958, 8.68562055985e-05, 0.000116982977488, 9.19968297239e-05, 9.18304576771e-05, 5.63958965358e-05, 4.8479581892e-05, 4.76829882246e-05, 2.70401324087e-05, 2.79863688775e-05, 3.2950694731e-05, 3.40833867085e-05, 2.50335651799e-05, 1.60497638717e-05, 8.73866883921e-06, 8.84256860445e-06, 5.99326722295e-06, 4.80429525851e-06, 4.31877288065e-06, 4.42199825557e-06, 3.87171803595e-06, 3.63222397937e-06, 2.66034317065e-06, 1.83789416042e-06, 1.70786665876e-06, 1.30355465444e-06],
        "median": [7.36788060749e-05, 0.000243505855906, 0.000244549766649, 0.000220069341594, 0.00017569118063, 0.000160858704476, 0.000120885670185, 7.65622389736e-05, 5.96906174906e-05, 4.61526469735e-05, 7.89361947682e-05, 5.00463647768e-05, 4.86163626192e-05, 4.09178392147e-05, 3.75595845981e-05, 2.66455172095e-05, 4.22218945459e-05, 3.92781003029e-05, 3.7649719161e-05, 2.90416828648e-05, 2.33995906456e-05, 2.37030017161e-05, 1.46984839375e-05, 1.6666823285e-05, 1.93798623513e-05, 1.66856079886e-05, 1.45242975123e-05, 1.03452184703e-05, 6.16944544163e-06, 5.20620596944e-06, 3.47769127984e-06, 2.75186744148e-06, 2.45111004915e-06, 2.34818344325e-06, 1.95131906366e-06, 1.88282751878e-06, 1.49410141148e-06, 9.52369077822e-07, 8.04720286851e-07, 6.11389225469e-07],
        "min": [7.39503298331e-24, 1.00289811701e-23, 4.66779489469e-24, 8.24922498212e-24, 1.41500063162e-23, 2.43722268537e-23, 6.12451964177e-24, 2.13648161371e-23, 1.53968372645e-23, 9.28522575375e-24, 6.73070323831e-24, 5.33417173374e-24, 4.00857933494e-24, 1.289271665e-23, 2.27702854358e-23, 2.87235615188e-23, 1.18689235009e-23, 1.36220185569e-23, 1.52372144158e-23, 1.10954856153e-23, 8.33573777987e-24, 7.80533531733e-24, 8.88214544132e-24, 9.63727228765e-24, 1.01645421835e-23, 1.35915243498e-23, 1.26061274275e-23, 6.49073293423e-24, 6.10279717345e-24, 1.56844953936e-23, 1.52255424299e-23, 9.72069432838e-24, 7.5420190692e-24, 1.14975514526e-23, 1.03558669855e-23, 9.06190948668e-24, 7.09041118931e-24, 1.11878927817e-23, 1.34480526392e-23, 5.84508538762e-24],
        "var": [1.04463957484e-07, 8.70995904734e-07, 3.52447216301e-07, 3.10844171736e-07, 2.03918261832e-07, 2.06833931315e-07, 4.45401383331e-07, 3.68114058347e-07, 9.49731671085e-08, 6.90972754569e-08, 1.57750008611e-07, 5.68318618832e-08, 7.98059147655e-08, 8.28416517606e-08, 4.67488803224e-08, 2.79912093504e-08, 3.9116539341e-08, 1.96523934903e-08, 2.21584937066e-08, 6.29316998513e-09, 6.04310335106e-09, 4.91474638764e-09, 1.7209936809e-09, 1.39326150617e-09, 1.58270718753e-09, 2.07732786528e-09, 1.10356190852e-09, 3.28520849413e-10, 8.37319727442e-11, 1.15232212661e-10, 5.47808638729e-11, 3.45342782149e-11, 2.5815662108e-11, 3.68535514605e-11, 2.91166292465e-11, 2.45976572444e-11, 1.25592895459e-11, 6.70261372446e-12, 6.93492442291e-12, 4.60557720433e-12]
    },
    "mfcc": {
        "mean": [-607.531982422, 89.1621780396, -14.8892374039, 15.9636869431, 2.17973804474, 1.61426579952, -1.79059612751, -0.739685833454, -6.21364212036, 2.15886378288, -6.02525472641, -4.80089712143, -1.1956590414],
        "cov": [[5684.01367188, -101.113220215, -540.392028809, -157.556869507, -194.616134644, 1.09240221977, 15.4511060715, -34.965461731, -140.188949585, 13.0745763779, -70.6810760498, -88.7183151245, -79.1354446411], [-101.113220215, 520.075317383, -162.599365234, 50.5573005676, -5.77263593674, -35.7921791077, 38.6810722351, -11.035815239, -18.0870952606, 23.1468429565, -3.30371952057, 6.67531919479, 20.8348770142], [-540.392028809, -162.599365234, 605.030212402, 114.165840149, 77.3211746216, -7.52449321747, -109.246498108, -4.38364458084, 32.9777793884, -55.6932983398, 9.62045574188, 12.29915905, -22.4524173737], [-157.556869507, 50.5573005676, 114.165840149, 240.119155884, 75.1931381226, -19.3383808136, -37.798248291, 7.62326383591, 24.157125473, -16.0411396027, 7.92961835861, 24.6743392944, 1.87953495979], [-194.616134644, -5.77263593674, 77.3211746216, 75.1931381226, 124.196769714, 29.5283107758, -10.9553689957, 1.64141082764, 7.79783391953, 2.66383647919, 1.34641599655, 8.37644672394, 8.39248561859], [1.09240221977, -35.7921791077, -7.52449321747, -19.3383808136, 29.5283107758, 183.563278198, 76.9835662842, 7.74360179901, 11.5635738373, 8.8911151886, 13.2090396881, -9.69201374054, -8.23328399658], [15.4511060715, 38.6810722351, -109.246498108, -37.798248291, -10.9553689957, 76.9835662842, 151.463745117, 35.082447052, -12.7235956192, 33.4226379395, 4.19170713425, -8.53479576111, 16.6487159729], [-34.965461731, -11.035815239, -4.38364458084, 7.62326383591, 1.64141082764, 7.74360179901, 35.082447052, 99.8603210449, 51.0027923584, 5.77384471893, 6.16741609573, 9.05255413055, 0.401355266571], [-140.188949585, -18.0870952606, 32.9777793884, 24.157125473, 7.79783391953, 11.5635738373, -12.7235956192, 51.0027923584, 102.184402466, 10.5871181488, 11.7452688217, 10.0585355759, -13.0562095642], [13.0745763779, 23.1468429565, -55.6932983398, -16.0411396027, 2.66383647919, 8.8911151886, 33.4226379395, 5.77384471893, 10.5871181488, 88.9914855957, 23.6269359589, 1.66680824757, 16.3559246063], [-70.6810760498, -3.30371952057, 9.62045574188, 7.92961835861, 1.34641599655, 13.2090396881, 4.19170713425, 6.16741609573, 11.7452688217, 23.6269359589, 61.7989006042, 28.9303874969, 2.22710943222], [-88.7183151245, 6.67531919479, 12.29915905, 24.6743392944, 8.37644672394, -9.69201374054, -8.53479576111, 9.05255413055, 10.0585355759, 1.66680824757, 28.9303874969, 69.4833221436, 26.1887245178], [-79.1354446411, 20.8348770142, -22.4524173737, 1.87953495979, 8.39248561859, -8.23328399658, 16.6487159729, 0.401355266571, -13.0562095642, 16.3559246063, 2.22710943222, 26.1887245178, 79.3227157593]],
