{
"lowlevel": {
    "average_loudness": 0.918653428555,
    "barkbands_crest": {
        "dmean": 2.23915958405,
        "dmean2": 3.7033765316,
        "dvar": 4.84814834595,
        "dvar2": 12.4054584503,
        "max": 25.8807144165,
        "mean": 8.63123703003,
        "median": 7.58142471313,
        "min": 2.4662194252,
        "var": 13.1047563553
    },
    "barkbands_flatness_db": {
        "dmean": 0.0185834877193,
        "dmean2": 0.0291589349508,
        "dvar": 0.00030792853795,
        "dvar2": 0.000711483589839,
        "max": 0.331317454576,
        "mean": 0.131091937423,
        "median": 0.126393973827,
        "min": 0.0152866784483,
        "var": 0.00158579787239
    },
    "barkbands_kurtosis": {
        "dmean": 1.83184707165,
        "dmean2": 2.97711038589,
        "dvar": 7.59464025497,
        "dvar2": 19.1685791016,
        "max": 57.2059326172,
        "mean": 2.62851285934,
        "median": 1.5810918808,
        "min": -1.88228452206,
        "var": 18.1350727081
    },
    "barkbands_skewness": {
        "dmean": 0.434346050024,
        "dmean2": 0.686886966228,
        "dvar": 0.206565365195,
        "dvar2": 0.49116268754,
        "max": 7.35404968262,
        "mean": 0.995845615864,
        "median": 1.0951384306,
        "min": -4.613073349,
        "var": 1.67603480816
    },
    "barkbands_spread": {
        "dmean": 4.80593538284,
        "dmean2": 7.67233991623,
        "dvar": 32.280921936,
        "dvar2": 70.7303695679,
        "max": 96.6773452759,
        "mean": 21.703962326,
        "median": 20.8925037384,
        "min": 2.14288902283,
        "var": 125.900650024
    },
    "dissonance": {
        "dmean": 0.0165686178952,
        "dmean2": 0.0276937689632,
        "dvar": 0.00026951302425,
        "dvar2": 0.000727746926714,
        "max": 0.500000059605,
        "mean": 0.465784311295,
        "median": 0.471198886633,
        "min": 0.311740577221,
        "var": 0.000709780084435
    },
    "dynamic_complexity": 2.83454298973,
    "erbbands_crest": {
        "dmean": 2.35097932816,
        "dmean2": 3.81808662415,
        "dvar": 5.2421298027,
        "dvar2": 12.9350118637,
        "max": 28.4725818634,
        "mean": 8.3208065033,
        "median": 7.4588303566,
        "min": 2.26987481117,
        "var": 16.8194656372
    },
    "erbbands_flatness_db": {
        "dmean": 0.0160596594214,
        "dmean2": 0.0231804344803,
        "dvar": 0.000226701959036,
        "dvar2": 0.000448294536909,
        "max": 0.342891603708,
        "mean": 0.166930943727,
        "median": 0.16861525178,
        "min": 0.044264536351,
        "var": 0.00164044077974
    },
    "erbbands_kurtosis": {
        "dmean": 0.646927416325,
        "dmean2": 1.03777956963,
        "dvar": 0.957544565201,
        "dvar2": 2.38028931618,
        "max": 30.2695465088,
        "mean": 0.0291638430208,
        "median": -0.443236112595,
        "min": -1.77764046192,
        "var": 2.59422135353
    },
    "erbbands_skewness": {
        "dmean": 0.324685752392,
        "dmean2": 0.51105427742,
        "dvar": 0.0968051254749,
        "dvar2": 0.219789728522,
        "max": 4.56476545334,
        "mean": 0.189939707518,
        "median": 0.160676345229,
        "min": -3.40459012985,
        "var": 0.555200219154
    },
    "erbbands_spread": {
        "dmean": 6.33692741394,
        "dmean2": 9.8457775116,
        "dvar": 44.2168655396,
        "dvar2": 100.701789856,
        "max": 108.96207428,
        "mean": 37.2977790833,
        "median": 36.6287879944,
        "min": 4.35550498962,
        "var": 179.547210693
    },
    "hfc": {
        "dmean": 6.02108049393,
        "dmean2": 8.88614463806,
        "dvar": 83.1001358032,
        "dvar2": 161.408920288,
        "max": 302.667816162,
        "mean": 21.8991889954,
        "median": 19.9222640991,
        "min": 1.01799020257e-16,
        "var": 365.255767822
    },
    "melbands_crest": {
        "dmean": 3.00179028511,
        "dmean2": 4.98929023743,
        "dvar": 8.44426441193,
        "dvar2": 22.4656162262,
        "max": 38.5060424805,
        "mean": 11.3620023727,
        "median": 10.9018068314,
        "min": 1.54380357265,
        "var": 28.6648006439
    },
    "melbands_flatness_db": {
        "dmean": 0.0220234114677,
        "dmean2": 0.0341534242034,
        "dvar": 0.000545373884961,
        "dvar2": 0.00127214763779,
        "max": 0.445269435644,
        "mean": 0.158794403076,
        "median": 0.163651391864,
        "min": 0.0025306395255,
        "var": 0.00487060192972
    },
    "melbands_kurtosis": {
        "dmean": 3.96545433998,
        "dmean2": 6.42656993866,
        "dvar": 41.8775596619,
        "dvar2": 108.286071777,
        "max": 115.146278381,
        "mean": 7.38190793991,
        "median": 4.5738863945,
        "min": -1.79107964039,
        "var": 94.3561477661
    },
    "melbands_skewness": {
        "dmean": 0.538519024849,
        "dmean2": 0.849243700504,
        "dvar": 0.349436253309,
        "dvar2": 0.862415552139,
        "max": 8.68982982635,
        "mean": 1.97292768955,
        "median": 1.88350427151,
        "min": -2.12552595139,
        "var": 1.643912673
    },
    "melbands_spread": {
        "dmean": 7.91851997375,
        "dmean2": 12.6356840134,
        "dvar": 114.67490387,
        "dvar2": 240.342193604,
        "max": 207.099960327,
        "mean": 35.9051818848,
        "median": 23.5476989746,
        "min": 1.79058992863,
        "var": 1347.64978027
    },
    "pitch_salience": {
        "dmean": 0.0612797290087,
        "dmean2": 0.100764274597,
        "dvar": 0.00348398624919,
        "dvar2": 0.00922282692045,
        "max": 0.91058164835,
        "mean": 0.61824375391,
        "median": 0.614387214184,
        "min": 0.0565798766911,
        "var": 0.0117930434644
    },
    "silence_rate_20dB": {
        "dmean": 0,
        "dmean2": 0,
        "dvar": 0,
        "dvar2": 0,
        "max": 1,
        "mean": 1,
        "median": 1,
        "min": 1,
        "var": 0
    },
    "silence_rate_30dB": {
        "dmean": 0.000220799294766,
        "dmean2": 0.000441647338448,
        "dvar": 0.000220706744585,
        "dvar2": 0.000441491254605,
        "max": 1,
        "mean": 0.999779224396,
        "median": 1,
        "min": 0,
        "var": 0.000220682384679
    },
    "silence_rate_60dB": {
        "dmean": 0.00662397872657,
        "dmean2": 0.0132494205609,
        "dvar": 0.00658174045384,
        "dvar2": 0.0143991615623,
        "max": 1,
        "mean": 0.156198263168,
        "median": 0,
        "min": 0,
        "var": 0.13181373477
    },
    "spectral_centroid": {
        "dmean": 264.682830811,
        "dmean2": 418.789245605,
        "dvar": 105126.632812,
        "dvar2": 232928.640625,
        "max": 12101.7177734,
        "mean": 2284.09472656,
        "median": 1342.40161133,
        "min": 222.363586426,
        "var": 8567619
    },
    "spectral_complexity": {
        "dmean": 3.68911457062,
        "dmean2": 5.70718765259,
        "dvar": 19.3689289093,
        "dvar2": 42.4332618713,
        "max": 56,
        "mean": 19.622253418,
        "median": 20,
        "min": 0,
        "var": 131.290344238
    },
    "spectral_decrease": {
        "dmean": 1.71615388567e-09,
        "dmean2": 2.71907052429e-09,
        "dvar": 4.63117952248e-18,
        "dvar2": 1.10515258945e-17,
        "max": 2.28968948115e-28,
        "mean": -6.32905150511e-09,
        "median": -6.64364208092e-09,
        "min": -4.29823536763e-08,
        "var": 1.73958001879e-17
    },
    "spectral_energy": {
        "dmean": 0.00682960031554,
        "dmean2": 0.0107664391398,
        "dvar": 7.15025307727e-05,
        "dvar2": 0.000168922342709,
        "max": 0.168943271041,
        "mean": 0.0258736312389,
        "median": 0.0275007728487,
        "min": 9.82215100419e-21,
        "var": 0.00028143284726
    },
    "spectral_energyband_high": {
        "dmean": 0.000430806830991,
        "dmean2": 0.000626920314971,
        "dvar": 1.25438862142e-06,
        "dvar2": 2.09538006857e-06,
        "max": 0.0425171628594,
        "mean": 0.000922224135138,
        "median": 0.000390532339225,
        "min": 6.81250604421e-21,
        "var": 4.45313708042e-06
    },
    "spectral_energyband_low": {
        "dmean": 0.00207897927612,
        "dmean2": 0.00349276093766,
        "dvar": 1.52924931172e-05,
        "dvar2": 4.06090985052e-05,
        "max": 0.0680467262864,
        "mean": 0.00404738960788,
        "median": 0.00272748921998,
        "min": 7.32650148103e-24,
        "var": 2.69443426077e-05
    },
    "spectral_energyband_middle_high": {
        "dmean": 0.00177763414104,
        "dmean2": 0.00273467344232,
        "dvar": 5.73490751776e-06,
        "dvar2": 1.31771639644e-05,
        "max": 0.038352098316,
        "mean": 0.00532574765384,
        "median": 0.00448408070952,
        "min": 1.05400743056e-21,
        "var": 2.05977157748e-05
    },
    "spectral_energyband_middle_low": {
        "dmean": 0.00549240596592,
        "dmean2": 0.00879123993218,
        "dvar": 4.83367912238e-05,
        "dvar2": 0.000120798431453,
        "max": 0.120552614331,
        "mean": 0.0166833661497,
        "median": 0.0159243587404,
        "min": 1.31912638995e-22,
        "var": 0.000158938884852
    },
    "spectral_entropy": {
        "dmean": 0.146394044161,
        "dmean2": 0.209597617388,
        "dvar": 0.0240428783,
        "dvar2": 0.0486927963793,
        "max": 9.82793521881,
        "mean": 7.77050256729,
        "median": 7.61339759827,
        "min": 5.67597007751,
        "var": 0.558254778385
    },
    "spectral_flux": {
        "dmean": 0.0182782635093,
        "dmean2": 0.0287639312446,
        "dvar": 0.00043598699267,
        "dvar2": 0.000984721933492,
        "max": 0.35465502739,
        "mean": 0.078982681036,
        "median": 0.0836357101798,
        "min": 6.09894079684e-11,
        "var": 0.00191638048273
    },
    "spectral_kurtosis": {
        "dmean": 1.30264878273,
        "dmean2": 2.2292098999,
        "dvar": 1.83597540855,
        "dvar2": 5.38629150391,
        "max": 21.835603714,
        "mean": 3.27758812904,
        "median": 3.20951795578,
        "min": -1.28314995766,
        "var": 5.92540931702
    },
    "spectral_rms": {
        "dmean": 0.000617201963905,
        "dmean2": 0.000955508148763,
        "dvar": 4.80369976685e-07,
        "dvar2": 1.06057143512e-06,
        "max": 0.0128383291885,
        "mean": 0.00452210148796,
        "median": 0.00517977075651,
        "min": 3.09557522844e-12,
        "var": 4.7930366236e-06
    },
    "spectral_rolloff": {
        "dmean": 460.837219238,
        "dmean2": 762.603820801,
        "dvar": 500612.21875,
        "dvar2": 1010628.3125,
        "max": 19724.4140625,
        "mean": 3313.44360352,
        "median": 1658.05664062,
        "min": 21.533203125,
        "var": 27240924
    },
    "spectral_skewness": {
        "dmean": 0.185320153832,
        "dmean2": 0.299802571535,
        "dvar": 0.0295710712671,
        "dvar2": 0.0741334185004,
        "max": 3.87585473061,
        "mean": 1.24989080429,
        "median": 1.30951058865,
        "min": -0.122237734497,
        "var": 0.300622016191
    },
    "spectral_spread": {
        "dmean": 474737.15625,
        "dmean2": 720443.6875,
        "dvar": 517205852160,
        "dvar2": 1.16314157875e+12,
        "max": 48329288,
        "mean": 7547123,
        "median": 3894299.5,
        "min": 2168447.75,
        "var": 1.18108975006e+14
    },
    "spectral_strongpeak": {
        "dmean": 0.53470903635,
        "dmean2": 0.90266430378,
        "dvar": 0.681517124176,
        "dvar2": 1.71984481812,
        "max": 14.2557029724,
        "mean": 1.00793802738,
        "median": 0.756291627884,
        "min": 0,
        "var": 1.05431461334
    },
    "zerocrossingrate": {
        "dmean": 0.00928111746907,
        "dmean2": 0.011637289077,
        "dvar": 0.000170846862602,
        "dvar2": 0.000181487455848,
        "max": 0.77783203125,
        "mean": 0.104198917747,
        "median": 0.05908203125,
        "min": 0,
        "var": 0.01805411838
    },
    "barkbands": {
        "dmean": [6.28483103355e-05, 0.000773305539042, 0.00114431534894, 0.00126075989101, 0.00303235626779, 0.00137092906516, 0.00138894701377, 0.00146726868115, 0.000851882097777, 0.000513242557645, 0.000236080610193, 0.000315709301503, 0.000247340038186, 0.00025824457407, 0.000402081233915, 0.000468186801299, 0.000357513868948, 0.000205005446333, 0.000163657125086, 0.000147928163642, 0.000137277558679, 0.000122430647025, 9.14187767194e-05, 5.80650958e-05, 2.06328222703e-05, 5.48102707398e-06, 1.98577132515e-09],
        "dmean2": [0.000110677588964, 0.00135937868617, 0.00191138300579, 0.00210328795947, 0.00498861214146, 0.00218208390288, 0.00215411721729, 0.00231306999922, 0.00133100990206, 0.000830757548101, 0.000367183587514, 0.000504766241647, 0.000400817865739, 0.000413382193074, 0.000647160166409, 0.000757605012041, 0.000580556981731, 0.000335409131367, 0.000267646391876, 0.000238732915022, 0.000218947985559, 0.000186433710041, 0.000135057198349, 7.79245019658e-05, 3.05522626149e-05, 8.60000545799e-06, 3.60217788931e-09],
        "dvar": [8.82505180044e-09, 2.34319122683e-06, 5.96042809775e-06, 5.59123100174e-06, 2.84878915409e-05, 4.84244355903e-06, 4.97671726407e-06, 5.89369892623e-06, 2.45939668275e-06, 1.31006186166e-06, 5.42423720162e-07, 5.57572548132e-07, 2.58823121158e-07, 2.7740850328e-07, 4.83574183363e-07, 6.51160462439e-07, 4.66168074809e-07, 1.27176789988e-07, 1.00720725982e-07, 1.20599295883e-07, 1.12544469744e-07, 1.22239370626e-07, 1.4283392602e-07, 6.1710906607e-08, 4.08854949896e-09, 1.23728013945e-10, 6.86793041003e-17],
        "dvar2": [2.48925680069e-08, 6.81943447489e-06, 1.54870867846e-05, 1.48087992784e-05, 7.25459176465e-05, 1.16452320071e-05, 1.13071564556e-05, 1.37280430863e-05, 5.80287951379e-06, 3.00153669741e-06, 1.19985179481e-06, 1.28111594222e-06, 6.34945706679e-07, 6.73535453188e-07, 1.17646993658e-06, 1.62748540333e-06, 1.16200453704e-06, 3.14649810207e-07, 2.64488761559e-07, 3.06854502696e-07, 2.58016484622e-07, 2.44704978059e-07, 3.10458631247e-07, 8.32790760796e-08, 7.79411646334e-09, 3.02061736734e-10, 1.75371567519e-16],
        "max": [0.00208837701939, 0.0241538919508, 0.0516728833318, 0.0464475601912, 0.101640753448, 0.0411511771381, 0.0419536791742, 0.0415543913841, 0.0295887049288, 0.0325908213854, 0.0231162905693, 0.0189007017761, 0.0122939124703, 0.0166233405471, 0.0130562111735, 0.0146354492754, 0.0143403224647, 0.00871963799, 0.00642168521881, 0.0087101990357, 0.0109393112361, 0.012554584071, 0.0196959059685, 0.0148965809494, 0.00220963661559, 0.000171058491105, 4.72394816597e-07],
        "mean": [6.74937546137e-05, 0.00110764300916, 0.0018522858154, 0.00196616980247, 0.0053055821918, 0.00257089873776, 0.00259341509081, 0.00261793029495, 0.00145953451283, 0.000778570072725, 0.000352132192347, 0.000515349383932, 0.000373734335881, 0.000404468504712, 0.000682284822688, 0.000868478557095, 0.000667883374263, 0.000391751527786, 0.00028138581547, 0.000257836305536, 0.000255624967394, 0.000207226708881, 0.000155171772349, 0.00010295635002, 3.14429271384e-05, 6.41363340037e-06, 1.63747093662e-09],
        "median": [3.65673768101e-05, 0.0005620176089, 0.000881085637957, 0.000890647410415, 0.00284455390647, 0.00126724236179, 0.00112072040793, 0.00106164591853, 0.000526592251845, 0.000312112213578, 0.000102999409137, 0.000203232251806, 0.000161954492796, 0.00017811874568, 0.000342556362739, 0.000360656471457, 0.000257694075117, 0.000180773800821, 0.000160346811754, 0.000110514643893, 0.000113386966405, 8.5957304691e-05, 4.85654745717e-05, 2.3248105208e-05, 8.52880930324e-06, 1.58431294039e-06, 5.09842057461e-10],
        "min": [6.89703184847e-26, 6.43074479556e-25, 1.01543827398e-25, 3.91898874706e-25, 3.3149808782e-24, 4.83065049541e-24, 3.39643155553e-24, 5.36621802473e-24, 8.20243764183e-24, 1.07508291303e-23, 1.17595944792e-23, 1.74347489726e-23, 2.31172248841e-23, 1.78945712611e-23, 2.80448413732e-23, 3.90718862051e-23, 4.87477416797e-23, 7.27576131652e-23, 9.31567610024e-23, 1.52298584456e-22, 2.13018344291e-22, 2.73278633669e-22, 3.72437742636e-22, 3.88950532514e-22, 7.54183842005e-22, 1.1804705427e-21, 1.84901463509e-21],
        "var": [8.97151597457e-09, 2.74688477475e-06, 9.37688855629e-06, 1.16622113637e-05, 5.23398994119e-05, 1.19379483294e-05, 1.48066283145e-05, 1.68583574123e-05, 5.912362667e-06, 2.2409549274e-06, 9.48295792114e-07, 1.23553877529e-06, 4.50774109595e-07, 4.81093195503e-07, 9.92301806946e-07, 1.62461469699e-06, 1.14208603463e-06, 3.23697236126e-07, 1.4691521244e-07, 1.88825723058e-07, 2.37822092686e-07, 3.00076436588e-07, 3.15240185955e-07, 2.25940453902e-07, 1.03327248979e-08, 1.78700512721e-10, 5.54434812397e-17]
    },
    "erbbands": {
        "dmean": [0.0160758718848, 0.213739052415, 1.17578792572, 2.73299622536, 5.75124740601, 12.4229049683, 14.8502340317, 10.4292602539, 18.2245769501, 20.6870994568, 30.624792099, 17.9551734924, 16.631477356, 15.2190885544, 10.6110868454, 10.7399864197, 11.1289186478, 11.0128698349, 16.9725780487, 21.2198753357, 27.5459156036, 16.8974208832, 11.7581281662, 8.70167160034, 6.93246412277, 7.00089454651, 6.88214731216, 4.4955945015, 4.12785387039, 4.06875944138, 2.30746364594, 1.32620561123, 0.920780360699, 0.329835772514, 0.100050404668, 0.0355562269688, 0.00844469107687, 0.000446661346359, 1.33000248752e-05, 8.54578138387e-06],
        "dmean2": [0.0273089520633, 0.372580736876, 1.95800054073, 4.54158258438, 9.39270305634, 20.5918083191, 23.8368358612, 16.9185810089, 28.5248126984, 31.6364345551, 48.51587677, 27.6881790161, 26.8577384949, 24.3921947479, 16.4223709106, 17.1570167542, 17.9017791748, 17.5225334167, 27.5266399384, 33.7257766724, 45.0396308899, 27.317527771, 18.9301872253, 13.998884201, 11.5700702667, 11.2473678589, 10.9659023285, 7.03239440918, 6.27276277542, 6.25076627731, 3.37305688858, 1.79514729977, 1.22214210033, 0.484149962664, 0.147036954761, 0.0547787547112, 0.0134589616209, 0.00072449009167, 2.0282002879e-05, 1.31720553327e-05],
        "dvar": [0.00094904564321, 0.200116023421, 6.91603803635, 24.305185318, 133.512634277, 591.929382324, 579.586486816, 342.038208008, 979.172119141, 1210.09790039, 2737.296875, 1234.74304199, 1009.86761475, 1443.11157227, 720.242675781, 565.739196777, 534.027526855, 543.156921387, 1081.92138672, 1344.09753418, 2656.62866211, 988.822814941, 411.312164307, 217.210739136, 230.932785034, 244.320083618, 253.09954834, 156.74671936, 146.509307861, 140.770706177, 115.189369202, 28.1821556091, 16.7435665131, 1.36492085457, 0.0600343830884, 0.00481256749481, 0.00031777418917, 1.0943919051e-06, 6.18717910239e-10, 1.126964147e-10],
        "dvar2": [0.00245814281516, 0.56511092186, 18.0017738342, 63.9257545471, 331.73336792, 1538.06787109, 1444.23950195, 848.780578613, 2255.97900391, 2689.70385742, 6473.14599609, 2826.94946289, 2563.27172852, 3194.22827148, 1574.84558105, 1316.46166992, 1281.88269043, 1314.42797852, 2693.58422852, 3211.72460938, 6808.52246094, 2498.14233398, 1004.61114502, 563.576171875, 610.515319824, 609.302246094, 601.92956543, 346.756500244, 292.222686768, 264.6512146, 261.950592041, 39.1467399597, 23.7794075012, 2.43261766434, 0.120646253228, 0.0112618738785, 0.000790013757069, 2.78160678135e-06, 1.43577361111e-09, 2.51944715091e-10],
        "max": [0.474471271038, 7.52862262726, 52.8764762878, 92.4312896729, 257.786010742, 390.75881958, 308.660369873, 345.669494629, 663.196777344, 753.582275391, 862.982421875, 865.774963379, 584.972106934, 1201.70068359, 744.200195312, 672.697570801, 639.188842773, 483.245697021, 832.442565918, 754.341918945, 1008.74499512, 670.049987793, 458.256378174, 253.938278198, 402.030761719, 400.032318115, 443.112304688, 378.867645264, 385.622314453, 416.470825195, 608.970336914, 336.949188232, 208.330596924, 41.1300735474, 7.85913324356, 1.09095966816, 0.257834434509, 0.0160971656442, 0.000463910109829, 0.000217734952457],
        "mean": [0.0220019854605, 0.306882917881, 1.93472242355, 4.72801160812, 8.84835720062, 19.9868755341, 27.4693145752, 19.1298217773, 33.343460083, 42.1107788086, 55.9008636475, 33.1555976868, 26.5674514771, 24.356803894, 18.6960926056, 18.5661392212, 17.8593406677, 18.7392501831, 30.0497303009, 39.9078483582, 52.4434394836, 35.1205444336, 24.6392860413, 17.5106163025, 11.9460144043, 12.6854133606, 12.8151912689, 8.26150608063, 7.20671844482, 6.39738750458, 4.03813934326, 2.41033983231, 1.55381011963, 0.519010186195, 0.148863837123, 0.0449724234641, 0.00930164009333, 0.00045909313485, 2.82315177174e-05, 3.28110036207e-05],
        "median": [0.0116939097643, 0.155009955168, 0.915176808834, 2.53867053986, 4.42680311203, 9.23618412018, 12.316576004, 10.1571674347, 16.3134918213, 20.5649032593, 24.9485778809, 14.3064546585, 11.0894479752, 10.0967597961, 7.59082269669, 8.59431743622, 8.42552947998, 8.61053371429, 16.3195343018, 20.0209217072, 22.2002258301, 15.5830945969, 11.6524887085, 9.64166641235, 7.026699543, 5.72801733017, 4.89357614517, 3.82370567322, 3.06012034416, 2.25784540176, 1.26790595055, 0.672196924686, 0.295846909285, 0.122275263071, 0.0457285009325, 0.0128966486081, 0.00199109269306, 6.68437423883e-05, 2.09989884752e-05, 3.48362373188e-05],
        "min": [2.43705939116e-23, 2.15517859535e-22, 2.42258325713e-22, 1.12671208276e-21, 9.11303749939e-21, 1.27779783334e-20, 1.69626228522e-20, 4.85097097551e-20, 5.91075025267e-20, 1.18273088642e-19, 1.70570703991e-19, 2.11599366437e-19, 2.06017538739e-19, 4.22268594125e-19, 6.36962624179e-19, 9.89157879332e-19, 1.08638510212e-18, 1.32673886931e-18, 2.16527367315e-18, 2.54644201493e-18, 3.1513205262e-18, 3.33549849344e-18, 4.19066490086e-18, 5.48528486397e-18, 5.98864866854e-18, 7.08560100299e-18, 7.60837335986e-18, 7.99360377883e-18, 9.10698888333e-18, 9.19161938616e-18, 9.34940326082e-18, 9.33194313245e-18, 7.81850784113e-18, 7.13882428514e-18, 5.89367882164e-18, 3.68224081889e-18, 1.85931362663e-18, 8.98836477284e-19, 2.40066089285e-19, 2.38154507201e-20],
        "var": [0.00119514705148, 0.224819973111, 10.5453491211, 52.0227241516, 191.209335327, 1069.07910156, 1491.45825195, 712.234619141, 2653.30541992, 3942.84082031, 7220.2734375, 3060.44604492, 1908.06750488, 2587.49536133, 1474.84338379, 1274.02893066, 969.174743652, 1061.26904297, 2080.29003906, 3195.77148438, 6039.51708984, 2778.22436523, 1209.36169434, 481.347900391, 286.783966064, 418.729675293, 515.173522949, 347.752410889, 360.023834229, 363.44821167, 236.443618774, 105.645149231, 56.7548217773, 3.74806261063, 0.151045873761, 0.00853179581463, 0.000390320463339, 1.14356942049e-06, 1.18496690238e-09, 4.72777927918e-10]
    },
    "gfcc": {
        "mean": [-108.268341064, 94.6560134888, -126.358207703, 36.8746109009, -65.7903671265, 4.86101198196, -42.5164642334, 3.8114233017, -15.4314403534, -1.95511460304, -16.5598068237, -4.74913263321, -6.58690643311],
        "cov": [[120520.164062, 10738.0664062, -13943.0341797, 4314.38916016, -7514.05322266, 268.553405762, -4967.63085938, 427.113922119, -1687.66931152, -289.427062988, -2037.41137695, -595.10949707, -790.751342773], [10738.0664062, 1795.32189941, -1265.66516113, 302.705505371, -551.285522461, -84.2490234375, -372.869720459, -36.0553321838, -87.6348953247, -120.197875977, -111.527687073, -116.72051239, -64.3303909302], [-13943.0341797, -1265.66516113, 2159.88769531, -403.573608398, 899.030456543, -12.677283287, 554.956848145, -67.0014648438, 148.5965271, 40.0615997314, 197.207336426, 82.1042938232, 40.0905914307], [4314.38916016, 302.705505371, -403.573608398, 418.431335449, -212.211242676, -1.0031388998, -210.511993408, 0.313450992107, -50.102684021, -7.97925424576, -95.1840362549, -39.7049102783, 0.455414175987], [-7514.05322266, -551.285522461, 899.030456543, -212.211242676, 667.032409668, -25.570224762, 322.987548828, 3.11971640587, 122.587051392, 30.1393966675, 99.3339080811, 28.9430274963, 32.0797157288], [268.553405762, -84.2490234375, -12.677283287, -1.0031388998, -25.570224762, 181.498916626, 49.3484153748, 26.6678886414, -38.5738220215, 29.4396209717, 2.63753080368, 4.94623470306, -43.0987739563], [-4967.63085938, -372.869720459, 554.956848145, -210.511993408, 322.987548828, 49.3484153748, 355.680328369, 39.9515914917, 73.3042373657, 26.8580608368, 119.182342529, 20.8552265167, -1.42807948589], [427.113922119, -36.0553321838, -67.0014648438, 0.313450992107, 3.11971640587, 26.6678886414, 39.9515914917, 122.297981262, 14.6390781403, 38.8753814697, -11.5088815689, 16.3262405396, -20.63189888], [-1687.66931152, -87.6348953247, 148.5965271, -50.102684021, 122.587051392, -38.5738220215, 73.3042373657, 14.6390781403, 118.316680908, 9.86904907227, 34.3402824402, -8.74388790131, 26.704908371], [-289.427062988, -120.197875977, 40.0615997314, -7.97925424576, 30.1393966675, 29.4396209717, 26.8580608368, 38.8753814697, 9.86904907227, 82.423538208, 13.2240848541, 14.907661438, -11.4267778397], [-2037.41137695, -111.527687073, 197.207336426, -95.1840362549, 99.3339080811, 2.63753080368, 119.182342529, -11.5088815689, 34.3402824402, 13.2240848541, 109.074768066, 18.8994598389, 17.3280410767], [-595.10949707, -116.72051239, 82.1042938232, -39.7049102783, 28.9430274963, 4.94623470306, 20.8552265167, 16.3262405396, -8.74388790131, 14.907661438, 18.8994598389, 72.6260528564, 16.6781215668], [-790.751342773, -64.3303909302, 40.0905914307, 0.455414175987, 32.0797157288, -43.0987739563, -1.42807948589, -20.63189888, 26.704908371, -11.4267778397, 17.3280410767, 16.6781215668, 88.6099853516]],
        "icov": [[0.000289867952233, -0.000736145419069, 0.000480809365399, -0.000791916565504, 0.00113289442379, -0.000287400383968, 0.000786972581409, -0.000762991723605, 0.000529167591594, -0.000594009936322, 0.00100769754499, -0.000528839067556, 0.000790358404629], [-0.000736145419069, 0.00311796553433, -0.000565184454899, 0.00171977630816, -0.00290366029367, 0.00133360712789, -0.00183719198685, 0.00210664677434, -0.00136298243888, 0.00281032267958, -0.00332033680752, 0.00199703802355, -0.000851455319207], [0.000480809365399, -0.000565184454899, 0.00248023471795, -0.00141310144681, 0.000631422037259, 2.0122011847e-05, 0.000254685757682, 0.000277765240753, 0.00084710092051, -0.00067945139017, 0.00159908796195, -0.00162869808264, 0.00226640817709], [-0.000791916565504, 0.00171977630816, -0.00141310144681, 0.00603361893445, -0.00309198000468, 0.000109056170913, -0.00034821551526, 0.00128550990485, -0.000934711657465, 0.000901957217138, -0.00167514081113, 0.00317541882396, -0.00361608131789], [0.00113289442379, -0.00290366029367, 0.000631422037259, -0.00309198000468, 0.00893883779645, -0.00035147566814, 0.000658817647491, -0.0026256761048, 0.000379330711439, -0.00314407795668, 0.00546792522073, -0.00224422826432, 0.00255758152343], [-0.000287400383968, 0.00133360712789, 2.0122011847e-05, 0.000109056170913, -0.00035147566814, 0.00847431551665, -0.00373872672208, 0.00121988845058, 0.00198553549126, -0.00123824598268, -0.000487162469653, 0.000314989330946, 0.0021445164457], [0.000786972581409, -0.00183719198685, 0.000254685757682, -0.00034821551526, 0.000658817647491, -0.00373872672208, 0.0132688693702, -0.00731896841899, 0.00105103373062, 0.000874095770996, -0.00481047155336, 0.00147235265467, 0.00248793978244], [-0.000762991723605, 0.00210664677434, 0.000277765240753, 0.00128550990485, -0.0026256761048, 0.00121988845058, -0.00731896841899, 0.0164499208331, -0.00458848802373, -0.00356607278809, 0.00302870571613, -0.00392916565761, 0.000914650387131], [0.000529167591594, -0.00136298243888, 0.00084710092051, -0.000934711657465, 0.000379330711439, 0.00198553549126, 0.00105103373062, -0.00458848802373, 0.0149126695469, -0.00240764650516, -0.000628118927125, 0.00410690065473, -0.00232370733283], [-0.000594009936322, 0.00281032267958, -0.00067945139017, 0.000901957217138, -0.00314407795668, -0.00123824598268, 0.000874095770996, -0.00356607278809, -0.00240764650516, 0.0190307926387, -0.00638126116246, -1.09237171273e-05, 0.00119157123845], [0.00100769754499, -0.00332033680752, 0.00159908796195, -0.00167514081113, 0.00546792522073, -0.000487162469653, -0.00481047155336, 0.00302870571613, -0.000628118927125, -0.00638126116246, 0.0228156689554, -0.00602384796366, 0.000316882302286], [-0.000528839067556, 0.00199703802355, -0.00162869808264, 0.00317541882396, -0.00224422826432, 0.000314989330946, 0.00147235265467, -0.00392916565761, 0.00410690065473, -1.09237171273e-05, -0.00602384796366, 0.0211151763797, -0.00650980230421], [0.000790358404629, -0.000851455319207, 0.00226640817709, -0.00361608131789, 0.00255758152343, 0.0021445164457, 0.00248793978244, 0.000914650387131, -0.00232370733283, 0.00119157123845, 0.000316882302286, -0.00650980230421, 0.0191010273993]]
    },
    "melbands": {
        "dmean": [0.000167326099472, 0.000489237194415, 0.000511188874952, 0.000664886611048, 0.000509591191076, 0.000230843696045, 0.000283504952677, 0.000249444681685, 0.000224884730414, 0.00011609143985, 8.50122669362e-05, 6.60525838612e-05, 3.59435689461e-05, 3.94843918912e-05, 2.31371413975e-05, 2.43113263423e-05, 2.08000092243e-05, 2.86571084871e-05, 2.77035087493e-05, 2.74940066447e-05, 3.54165640601e-05, 1.84851905942e-05, 1.72130949068e-05, 1.07891110019e-05, 7.40122550269e-06, 6.5115950747e-06, 4.26361566497e-06, 5.20256298842e-06, 5.16061982125e-06, 3.3819158034e-06, 2.65500057139e-06, 2.49856816481e-06, 2.51026608566e-06, 2.30214322983e-06, 1.47991931954e-06, 9.9134786069e-07, 8.34901697999e-07, 7.50279127715e-07, 4.46211430472e-07, 2.37325963326e-07],
        "dmean2": [0.000293057586532, 0.000822960981168, 0.000845813308842, 0.00109704129864, 0.000826542789582, 0.00037240004167, 0.000441766169388, 0.000383402802981, 0.00035571018816, 0.000180482282303, 0.000137323397212, 0.000106166000478, 5.53930185561e-05, 6.30938375252e-05, 3.72359609173e-05, 3.93892405555e-05, 3.30273651343e-05, 4.66867277282e-05, 4.45036566816e-05, 4.36201517005e-05, 5.82121319894e-05, 2.99875828205e-05, 2.78699662886e-05, 1.7690959794e-05, 1.19374617498e-05, 1.08787307909e-05, 7.13700546839e-06, 8.35989976622e-06, 8.27867461339e-06, 5.43166879652e-06, 4.18433182858e-06, 3.85679095416e-06, 3.8806961129e-06, 3.58133161171e-06, 2.21291406888e-06, 1.46206070895e-06, 1.1734103964e-06, 1.02810952285e-06, 6.33471643141e-07, 3.61815921224e-07],
        "dvar": [9.75154321736e-08, 1.18154571283e-06, 7.93480296579e-07, 1.77370827714e-06, 6.44052875032e-07, 1.53446350737e-07, 2.23388411769e-07, 1.59443501957e-07, 1.41925141861e-07, 4.95610095186e-08, 2.61243169319e-08, 2.78007412646e-08, 1.18982486086e-08, 9.57550305714e-09, 2.44162734475e-09, 2.87565171675e-09, 1.92516380615e-09, 3.3530080934e-09, 2.43407471956e-09, 1.92443594393e-09, 4.66865701654e-09, 1.41145251042e-09, 1.15308063098e-09, 4.14643652746e-10, 1.6524945301e-10, 1.79827971958e-10, 1.13293124882e-10, 1.41735012615e-10, 1.5771413342e-10, 6.05135871967e-11, 6.60174900857e-11, 5.55766717369e-11, 5.1704019538e-11, 5.26243389143e-11, 5.32794017238e-11, 1.71730182158e-11, 1.56386015249e-11, 1.284209631e-11, 3.16767402239e-12, 6.87573587475e-13],
        "dvar2": [2.81663574242e-07, 3.117199185e-06, 2.09666745832e-06, 4.55812960354e-06, 1.64059099461e-06, 3.76288738835e-07, 5.14282930908e-07, 3.60578155778e-07, 3.3191989246e-07, 1.1591143334e-07, 6.6149446809e-08, 6.17721696017e-08, 2.59532946245e-08, 2.17529354529e-08, 5.74228309347e-09, 7.09453829018e-09, 4.56726523268e-09, 8.2770288401e-09, 5.77272940561e-09, 4.62942395529e-09, 1.1954129242e-08, 3.54639673183e-09, 2.9030127191e-09, 1.05138764361e-09, 4.29879798425e-10, 4.78466544163e-10, 2.96421082124e-10, 3.56275065005e-10, 3.89033028014e-10, 1.39757150297e-10, 1.51652551628e-10, 1.18939511018e-10, 1.03704170251e-10, 1.06543406042e-10, 1.27242397174e-10, 3.55662027607e-11, 2.23268556421e-11, 1.93506842494e-11, 5.39373710626e-12, 1.37903577446e-12],
        "max": [0.00404735887423, 0.0197755843401, 0.0159316658974, 0.0279321484268, 0.0102062737569, 0.00741232559085, 0.00989157706499, 0.00705963699147, 0.00647716596723, 0.00506632868201, 0.00291070272215, 0.00527753587812, 0.0035052751191, 0.00286877900362, 0.00214478210546, 0.00154865137301, 0.000937950913794, 0.00154963252135, 0.000904105254449, 0.000973621092271, 0.00120658392552, 0.000835323007777, 0.000706773658749, 0.000436478119809, 0.000232583188335, 0.000271416734904, 0.000360073143383, 0.00032553152414, 0.000372147536837, 0.000243064539973, 0.000252906029345, 0.000252270459896, 0.000302029744489, 0.00025699447724, 0.000404507707572, 0.000219580775592, 0.00027380118263, 0.00019837707805, 6.40804792056e-05, 2.85528512904e-05],
        "mean": [0.000248813099461, 0.000796152336989, 0.000899189908523, 0.00103775726166, 0.000976018840447, 0.000425549718784, 0.000523513066582, 0.000500918657053, 0.000414844427723, 0.000199765810976, 0.000130884247483, 0.000101278033981, 5.92457399762e-05, 6.44547690172e-05, 3.64400511899e-05, 3.78116346837e-05, 3.3112737583e-05, 4.67303798359e-05, 4.83505573357e-05, 5.22068658029e-05, 6.27101326245e-05, 3.46976448782e-05, 3.04600434902e-05, 1.93902433239e-05, 1.34734300445e-05, 1.04466744233e-05, 6.71687121212e-06, 8.82579388417e-06, 8.86676116352e-06, 5.79453853788e-06, 4.44857505499e-06, 4.14938540416e-06, 3.81802919946e-06, 3.45348348674e-06, 2.44891703005e-06, 1.71855128883e-06, 1.41855366564e-06, 1.23174481814e-06, 6.83936207224e-07, 3.51665022436e-07],
        "median": [0.000135276495712, 0.000420466385549, 0.000507870165166, 0.000501329544932, 0.000462981144665, 0.000219443594688, 0.000256078143138, 0.000250335608143, 0.000186363278772, 7.39124079701e-05, 5.05883908772e-05, 3.8812020648e-05, 2.04128500627e-05, 2.44940911216e-05, 1.63251097547e-05, 1.69971863215e-05, 1.37892729981e-05, 2.23993993131e-05, 2.4397715606e-05, 2.36345331359e-05, 2.36656014749e-05, 1.42298795254e-05, 1.13479409265e-05, 7.73787633079e-06, 7.11039365342e-06, 5.7725114857e-06, 3.59700811714e-06, 3.46328442902e-06, 2.94142523671e-06, 2.46790727942e-06, 1.96069299818e-06, 1.73111095592e-06, 1.37824474677e-06, 1.11216411369e-06, 7.28654242721e-07, 5.32736919467e-07, 3.29536646859e-07, 2.14673747223e-07, 1.35623224651e-07, 8.56455670828e-08],
        "min": [4.13976256474e-25, 3.60026330337e-25, 1.67735962663e-25, 1.06026682333e-24, 6.26486706871e-25, 1.01537975036e-24, 8.19083694918e-25, 1.07331961169e-24, 1.27359532249e-24, 1.1246028675e-24, 8.65296399341e-25, 1.42205115485e-24, 1.51316508244e-24, 1.47317939948e-24, 1.56227966101e-24, 1.63791091143e-24, 2.05012603594e-24, 2.7553455971e-24, 2.35624784894e-24, 2.81257765299e-24, 2.99823231994e-24, 3.03976209951e-24, 2.3319396918e-24, 3.12179140631e-24, 3.69581965185e-24, 3.79878966581e-24, 3.15697558876e-24, 4.04507716801e-24, 3.66781785073e-24, 4.07559425213e-24, 3.87834747139e-24, 4.00569249846e-24, 3.85961123603e-24, 4.3654915629e-24, 4.40038564175e-24, 4.57706208553e-24, 4.76137470287e-24, 5.32860710892e-24, 4.57905001501e-24, 4.95515207335e-24],
        "var": [1.25540495333e-07, 1.64861762642e-06, 1.68128997302e-06, 2.62285652752e-06, 1.75475850028e-06, 3.40584364267e-07, 6.21391734512e-07, 5.17014200341e-07, 3.78468229201e-07, 1.16513113824e-07, 4.92489959925e-08, 4.87142060024e-08, 2.24171312624e-08, 2.13662385562e-08, 5.67503466442e-09, 4.68527083797e-09, 3.66168606547e-09, 5.93673288307e-09, 4.95680563262e-09, 5.28878540962e-09, 9.77084901876e-09, 3.25772697707e-09, 2.54623344631e-09, 9.50095668806e-10, 3.19783727276e-10, 2.35216068845e-10, 1.25870064371e-10, 2.3743898514e-10, 2.88437218554e-10, 1.23319687795e-10, 1.30728303183e-10, 1.20431012385e-10, 1.20101137369e-10, 1.1859277449e-10, 9.50794026844e-11, 4.23732333943e-11, 5.03367486582e-11, 4.0581142613e-11, 8.83902933485e-12, 1.5867951484e-12]
    },
    "mfcc": {
        "mean": [-676.030395508, 108.597991943, -8.24213790894, 23.6007900238, -3.30189967155, -0.00619842438027, -15.8582353592, -0.558184087276, -1.34891271591, 0.209952399135, -4.14710235596, -1.10939788818, -1.65128338337],
        "cov": [[28713.7109375, 5424.41113281, -343.793640137, 1451.51953125, -190.479537964, -195.899124146, -1099.65124512, -105.996292114, -44.03565979, 32.0366706848, -287.63961792, -91.2287063599, -214.309585571], [5424.41113281, 2097.95166016, -164.277496338, 304.592803955, -34.6335830688, -21.6934070587, -191.302261353, 36.0185432434, -51.7565307617, -14.0072069168, -15.0649309158, -21.1508655548, -2.22100424767], [-343.793640137, -164.277496338, 418.20010376, 16.1423358917, 14.5648012161, 55.0051345825, 34.2778968811, -8.41565036774, -37.7861213684, -25.758687973, -12.5126543045, -19.3127365112, 5.27724981308], [1451.51953125, 304.592803955, 16.1423358917, 324.91885376, 84.1308746338, -11.0303134918, -79.6652984619, -24.496931076, 29.5046958923, -0.828354597092, -40.4204063416, 1.42073583603, -7.2941160202], [-190.479537964, -34.6335830688, 14.5648012161, 84.1308746338, 162.191436768, 28.4138526917, -17.7124080658, -18.5198612213, 27.7362442017, -3.57379794121, -8.48897838593, -7.04178667068, -18.2695426941], [-195.899124146, -21.6934070587, 55.0051345825, -11.0303134918, 28.4138526917, 123.108840942, 54.9667739868, 7.43873357773, -10.0473546982, 3.69658255577, 17.6614208221, -3.4423687458, -5.49901437759], [-1099.65124512, -191.302261353, 34.2778968811, -79.6652984619, -17.7124080658, 54.9667739868, 185.321914673, 47.7996444702, -4.18609523773, 23.3461589813, 43.144367218, 19.405790329, 18.3858966827], [-105.996292114, 36.0185432434, -8.41565036774, -24.496931076, -18.5198612213, 7.43873357773, 47.7996444702, 89.740196228, 14.2096443176, 10.1370372772, 25.6340141296, 12.4784526825, 10.202753067], [-44.03565979, -51.7565307617, -37.7861213684, 29.5046958923, 27.7362442017, -10.0473546982, -4.18609523773, 14.2096443176, 84.6667785645, 26.9625530243, 2.10627222061, 13.4180107117, 1.93150734901], [32.0366706848, -14.0072069168, -25.758687973, -0.828354597092, -3.57379794121, 3.69658255577, 23.3461589813, 10.1370372772, 26.9625530243, 81.2585449219, 36.992816925, 11.2651491165, -5.52927970886], [-287.63961792, -15.0649309158, -12.5126543045, -40.4204063416, -8.48897838593, 17.6614208221, 43.144367218, 25.6340141296, 2.10627222061, 36.992816925, 83.1748199463, 22.2285041809, 1.12398743629], [-91.2287063599, -21.1508655548, -19.3127365112, 1.42073583603, -7.04178667068, -3.4423687458, 19.405790329, 12.4784526825, 13.4180107117, 11.2651491165, 22.2285041809, 71.5334777832, 25.6884498596], [-214.309585571, -2.22100424767, 5.27724981308, -7.2941160202, -18.2695426941, -5.49901437759, 18.3858966827, 10.202753067, 1.93150734901, -5.52927970886, 1.12398743629, 25.6884498596, 78.4014892578]],
