{
"lowlevel": {
    "average_loudness": 0.915804088116,
    "barkbands_crest": {
        "dmean": 2.34430599213,
        "dmean2": 3.78069591522,
        "dvar": 5.23403406143,
        "dvar2": 12.5611715317,
        "max": 26.4870452881,
        "mean": 10.1394691467,
        "median": 8.57859039307,
        "min": 2.57176113129,
        "var": 23.7148723602
    },
    "barkbands_flatness_db": {
        "dmean": 0.0165349896997,
        "dmean2": 0.0261717401445,
        "dvar": 0.000235064551816,
        "dvar2": 0.000549359247088,
        "max": 0.362462192774,
        "mean": 0.142452418804,
        "median": 0.136988192797,
        "min": 0.0531480833888,
        "var": 0.00216103927232
    },
    "barkbands_kurtosis": {
        "dmean": 1.90063750744,
        "dmean2": 2.97283172607,
        "dvar": 30.1196193695,
        "dvar2": 59.7912483215,
        "max": 403.65838623,
        "mean": 3.11355733871,
        "median": 1.38360357285,
        "min": -1.85772979259,
        "var": 80.9982833862
    },
    "barkbands_skewness": {
        "dmean": 0.40231475234,
        "dmean2": 0.615354001522,
        "dvar": 0.187829315662,
        "dvar2": 0.398996889591,
        "max": 17.122303009,
        "mean": 0.699864625931,
        "median": 0.715982079506,
        "min": -3.95526623726,
        "var": 2.12656068802
    },
    "barkbands_spread": {
        "dmean": 4.03620529175,
        "dmean2": 6.36381721497,
        "dvar": 21.4594364166,
        "dvar2": 47.7646789551,
        "max": 90.1210021973,
        "mean": 18.7303161621,
        "median": 18.0219898224,
        "min": 0.459417313337,
        "var": 91.1635055542
    },
    "dissonance": {
        "dmean": 0.0182650294155,
        "dmean2": 0.0311551261693,
        "dvar": 0.000350129092112,
        "dvar2": 0.000981913413852,
        "max": 0.499999940395,
        "mean": 0.465253770351,
        "median": 0.471703916788,
        "min": 0.271788030863,
        "var": 0.000813885766547
    },
    "dynamic_complexity": 2.88746809959,
    "erbbands_crest": {
        "dmean": 2.87316894531,
        "dmean2": 4.66203737259,
        "dvar": 8.45202827454,
        "dvar2": 19.6769275665,
        "max": 33.9895172119,
        "mean": 10.8428649902,
        "median": 9.29735946655,
        "min": 2.55812716484,
        "var": 37.4699325562
    },
    "erbbands_flatness_db": {
        "dmean": 0.0151996398345,
        "dmean2": 0.0228670053184,
        "dvar": 0.000208633937291,
        "dvar2": 0.000420937052695,
        "max": 0.393366336823,
        "mean": 0.192758873105,
        "median": 0.191684871912,
        "min": 0.0778817236423,
        "var": 0.00301716313697
    },
    "erbbands_kurtosis": {
        "dmean": 0.989890575409,
        "dmean2": 1.54167294502,
        "dvar": 2.51082825661,
        "dvar2": 5.21918916702,
        "max": 65.409538269,
        "mean": 0.850398719311,
        "median": 0.0736267566681,
        "min": -1.87522184849,
        "var": 9.98100566864
    },
    "erbbands_skewness": {
        "dmean": 0.35604351759,
        "dmean2": 0.552503526211,
        "dvar": 0.120230033994,
        "dvar2": 0.258356302977,
        "max": 6.13743686676,
        "mean": 0.353402405977,
        "median": 0.279025614262,
        "min": -3.98935008049,
        "var": 0.78166949749
    },
    "erbbands_spread": {
        "dmean": 5.38698911667,
        "dmean2": 8.25095367432,
        "dvar": 31.2796726227,
        "dvar2": 67.9474563599,
        "max": 108.157020569,
        "mean": 29.2821350098,
        "median": 29.3058300018,
        "min": 1.31596457958,
        "var": 181.509552002
    },
    "hfc": {
        "dmean": 5.39049386978,
        "dmean2": 7.94262742996,
        "dvar": 70.0265960693,
        "dvar2": 137.657318115,
        "max": 251.501434326,
        "mean": 20.6922416687,
        "median": 15.8944988251,
        "min": 1.00936614985e-16,
        "var": 354.999206543
    },
    "melbands_crest": {
        "dmean": 2.90719795227,
        "dmean2": 4.68926715851,
        "dvar": 7.92084932327,
        "dvar2": 19.6614208221,
        "max": 33.7106704712,
        "mean": 12.2485990524,
        "median": 11.4275064468,
        "min": 1.4659589529,
        "var": 42.5343360901
    },
    "melbands_flatness_db": {
        "dmean": 0.0179576221853,
        "dmean2": 0.0277242120355,
        "dvar": 0.000341165170539,
        "dvar2": 0.000784256961197,
        "max": 0.440837740898,
        "mean": 0.164928346872,
        "median": 0.17115059495,
        "min": 0.00278564775363,
        "var": 0.00557749345899
    },
    "melbands_kurtosis": {
        "dmean": 3.37234115601,
        "dmean2": 5.2324886322,
        "dvar": 55.831905365,
        "dvar2": 101.438011169,
        "max": 459.84072876,
        "mean": 6.62789726257,
        "median": 2.54523348808,
        "min": -1.88585221767,
        "var": 212.889663696
    },
    "melbands_skewness": {
        "dmean": 0.479847371578,
        "dmean2": 0.734837472439,
        "dvar": 0.282946944237,
        "dvar2": 0.607834517956,
        "max": 14.5956926346,
        "mean": 1.48607039452,
        "median": 1.29087388515,
        "min": -2.84335708618,
        "var": 2.34501099586
    },
    "melbands_spread": {
        "dmean": 7.05743026733,
        "dmean2": 11.1893463135,
        "dvar": 77.9878387451,
        "dvar2": 165.891708374,
        "max": 214.929367065,
        "mean": 36.3238182068,
        "median": 25.2604370117,
        "min": 0.476493299007,
        "var": 1319.31848145
    },
    "pitch_salience": {
        "dmean": 0.0603119246662,
        "dmean2": 0.0966553762555,
        "dvar": 0.00329346070066,
        "dvar2": 0.00787790119648,
        "max": 0.939503371716,
        "mean": 0.574012458324,
        "median": 0.575972437859,
        "min": 0.0942413285375,
        "var": 0.0201933775097
    },
    "silence_rate_20dB": {
        "dmean": 0,
        "dmean2": 0,
        "dvar": 0,
        "dvar2": 0,
        "max": 1,
        "mean": 1,
        "median": 1,
        "min": 1,
        "var": 0
    },
    "silence_rate_30dB": {
        "dmean": 0.000671666872222,
        "dmean2": 0.00134348415304,
        "dvar": 0.000671238172799,
        "dvar2": 0.00156568246894,
        "max": 1,
        "mean": 0.999440312386,
        "median": 1,
        "min": 0,
        "var": 0.000559467473067
    },
    "silence_rate_60dB": {
        "dmean": 0.00895555783063,
        "dmean2": 0.0179131217301,
        "dvar": 0.0088771507144,
        "dvar2": 0.0211744364351,
        "max": 1,
        "mean": 0.132863223553,
        "median": 0,
        "min": 0,
        "var": 0.115200355649
    },
    "spectral_centroid": {
        "dmean": 232.832672119,
        "dmean2": 365.536865234,
        "dvar": 72893.75,
        "dvar2": 157181.84375,
        "max": 11969.5351562,
        "mean": 2448.41333008,
        "median": 1491.40356445,
        "min": 226.934890747,
        "var": 8816076
    },
    "spectral_complexity": {
        "dmean": 2.73368406296,
        "dmean2": 4.32310771942,
        "dvar": 9.39415931702,
        "dvar2": 21.8495464325,
        "max": 51,
        "mean": 17.5584278107,
        "median": 17,
        "min": 0,
        "var": 100.550483704
    },
    "spectral_decrease": {
        "dmean": 1.31866695341e-09,
        "dmean2": 2.03042849201e-09,
        "dvar": 3.03315177863e-18,
        "dvar2": 6.55016699248e-18,
        "max": 3.46817637668e-20,
        "mean": -5.13637221644e-09,
        "median": -4.85121853799e-09,
        "min": -3.83469647147e-08,
        "var": 1.46973484326e-17
    },
    "spectral_energy": {
        "dmean": 0.00536925299093,
        "dmean2": 0.0082485396415,
        "dvar": 4.97204164276e-05,
        "dvar2": 0.00010591508908,
        "max": 0.153839498758,
        "mean": 0.0212626643479,
        "median": 0.0201943255961,
        "min": 9.54692604241e-21,
        "var": 0.000248523137998
    },
    "spectral_energyband_high": {
        "dmean": 0.000220763671678,
        "dmean2": 0.000322891486576,
        "dvar": 5.22832749539e-07,
        "dvar2": 9.37328934469e-07,
        "max": 0.0381868891418,
        "mean": 0.000503812625539,
        "median": 0.000221615366172,
        "min": 6.54871378478e-21,
        "var": 1.34824472298e-06
    },
    "spectral_energyband_low": {
        "dmean": 0.000971576024313,
        "dmean2": 0.00161328422837,
        "dvar": 4.31028820458e-06,
        "dvar2": 1.17979152492e-05,
        "max": 0.0471542328596,
        "mean": 0.00199454231188,
        "median": 0.00116791552864,
        "min": 9.8229165022e-24,
        "var": 7.82164352131e-06
    },
    "spectral_energyband_middle_high": {
        "dmean": 0.00269074644893,
        "dmean2": 0.00395544385538,
        "dvar": 2.06816948776e-05,
        "dvar2": 4.04224774684e-05,
        "max": 0.0918144285679,
        "mean": 0.00865656323731,
        "median": 0.00418828986585,
        "min": 1.02207413917e-21,
        "var": 0.000113877096737
    },
    "spectral_energyband_middle_low": {
        "dmean": 0.00371612748131,
        "dmean2": 0.0057873679325,
        "dvar": 3.23944477714e-05,
        "dvar2": 7.17457805877e-05,
        "max": 0.131440326571,
        "mean": 0.0107412841171,
        "median": 0.00713511649519,
        "min": 1.32330646923e-22,
        "var": 0.000125284830574
    },
    "spectral_entropy": {
        "dmean": 0.118700608611,
        "dmean2": 0.178767740726,
        "dvar": 0.0159466471523,
        "dvar2": 0.0325624532998,
        "max": 9.82344818115,
        "mean": 7.6494808197,
        "median": 7.50268793106,
        "min": 5.68673467636,
        "var": 0.660742878914
    },
    "spectral_flux": {
        "dmean": 0.0210051517934,
        "dmean2": 0.034050617367,
        "dvar": 0.000637504272163,
        "dvar2": 0.00160743796732,
        "max": 0.324813097715,
        "mean": 0.0752878189087,
        "median": 0.07230296731,
        "min": 6.11011449769e-11,
        "var": 0.00226731528528
    },
    "spectral_kurtosis": {
        "dmean": 1.69186198711,
        "dmean2": 2.95247411728,
        "dvar": 3.28935885429,
        "dvar2": 9.87027835846,
        "max": 25.7716579437,
        "mean": 4.4859623909,
        "median": 4.29242610931,
        "min": -1.29012203217,
        "var": 10.4545145035
    },
    "spectral_rms": {
        "dmean": 0.000537598505616,
        "dmean2": 0.000816137180664,
        "dvar": 3.82869842497e-07,
        "dvar2": 7.76319438955e-07,
        "max": 0.0122510129586,
        "mean": 0.00407255813479,
        "median": 0.00443866895512,
        "min": 3.05189684288e-12,
        "var": 4.15831027567e-06
    },
    "spectral_rolloff": {
        "dmean": 365.998077393,
        "dmean2": 613.464538574,
        "dvar": 306892.3125,
        "dvar2": 625143.875,
        "max": 19810.546875,
        "mean": 3361.33154297,
        "median": 1636.5234375,
        "min": 150.732421875,
        "var": 28229290
    },
    "spectral_skewness": {
        "dmean": 0.211555838585,
        "dmean2": 0.355208069086,
        "dvar": 0.0426611304283,
        "dvar2": 0.113900735974,
        "max": 3.66315817833,
        "mean": 1.35529839993,
        "median": 1.43883156776,
        "min": -0.397384643555,
        "var": 0.349750965834
    },
    "spectral_spread": {
        "dmean": 371227.09375,
        "dmean2": 579961.0625,
        "dvar": 391753433088,
        "dvar2": 854790504448,
        "max": 43910360,
        "mean": 7319654,
        "median": 3493565.75,
        "min": 1189902.5,
        "var": 1.26945803108e+14
    },
    "spectral_strongpeak": {
        "dmean": 0.731243848801,
        "dmean2": 1.18717479706,
        "dvar": 1.20181179047,
        "dvar2": 2.96553134918,
        "max": 22.4161376953,
        "mean": 1.72086966038,
        "median": 1.10315108299,
        "min": 0,
        "var": 3.98230242729
    },
    "zerocrossingrate": {
        "dmean": 0.00750749511644,
        "dmean2": 0.00977737829089,
        "dvar": 0.000117239818792,
        "dvar2": 0.000153612039867,
        "max": 0.77392578125,
        "mean": 0.105457983911,
        "median": 0.0595703125,
        "min": 0.00927734375,
        "var": 0.0186818111688
    },
    "barkbands": {
        "dmean": [3.91079483961e-05, 0.000516410800628, 0.000468931044452, 0.000623712316155, 0.00119029777125, 0.00134037365206, 0.000829997938126, 0.00053455424495, 0.00108638545498, 0.00104024505708, 0.000972357403953, 0.000595466641244, 0.000381870311685, 0.000504729163367, 0.000476289045764, 0.00039432264748, 0.000217132866965, 0.000242471855017, 0.000218100976781, 0.000161429066793, 6.98232615832e-05, 5.32918165845e-05, 3.70143825421e-05, 2.21525315283e-05, 6.56719385006e-06, 1.53517066792e-06, 3.42049744084e-09],
        "dmean2": [6.87501815264e-05, 0.000884032517206, 0.00077757507097, 0.00100702908821, 0.00191149115562, 0.00207786867395, 0.00129830709193, 0.000836720515508, 0.00169965927489, 0.00156176986638, 0.00150125031359, 0.000917121826205, 0.000608513888437, 0.000820942048449, 0.000773604784627, 0.000625966174994, 0.000351393740857, 0.000387938198401, 0.000342753250152, 0.000252927042311, 0.000112391935545, 7.90362901171e-05, 5.13641389261e-05, 3.12564625347e-05, 9.82940400718e-06, 2.33236846725e-06, 4.52665238626e-09],
        "dvar": [2.71109534822e-09, 1.35146660796e-06, 1.16890760182e-06, 2.23071810979e-06, 7.33773867978e-06, 9.82731489785e-06, 4.61285844722e-06, 2.39984592554e-06, 9.08575930225e-06, 1.0791512068e-05, 8.68004372023e-06, 3.79518291993e-06, 1.12785335205e-06, 2.48162155003e-06, 1.64659263646e-06, 1.09214170152e-06, 3.13561855592e-07, 4.45943413752e-07, 2.65266976385e-07, 1.17727665838e-07, 2.98797431242e-08, 1.05304984288e-07, 5.50115295539e-08, 1.12712834621e-08, 3.40320882586e-10, 1.82559262846e-11, 3.62713357003e-15],
        "dvar2": [7.97083288262e-09, 3.85609428122e-06, 3.19786272485e-06, 5.60830676477e-06, 1.63196928042e-05, 2.17810502363e-05, 1.0412996744e-05, 4.94057803735e-06, 2.03888012038e-05, 2.24603863899e-05, 1.78515729203e-05, 8.04217415862e-06, 2.3825914468e-06, 6.32342607787e-06, 4.13212273997e-06, 2.54416818279e-06, 7.49123387322e-07, 1.0147713283e-06, 6.09855590028e-07, 2.68921411362e-07, 6.91566768296e-08, 2.19936723056e-07, 9.24082428355e-08, 1.72071068505e-08, 6.87658707754e-10, 4.10538512907e-11, 3.13218130225e-15],
        "max": [0.000634287600406, 0.0295767374337, 0.0228978116065, 0.0455078594387, 0.0831147059798, 0.0692359134555, 0.0616012178361, 0.0381459444761, 0.0824545770884, 0.0805911421776, 0.0598130077124, 0.0433102734387, 0.0645712986588, 0.055371940136, 0.0374600142241, 0.0259149018675, 0.0157636888325, 0.0419036857784, 0.0135495793074, 0.0104720061645, 0.00485582882538, 0.0189931988716, 0.0107589932159, 0.00455036852509, 0.00100260041654, 0.000126049519167, 6.20310174781e-06],
        "mean": [4.7207577154e-05, 0.000795860833023, 0.00082146585919, 0.00111741269939, 0.00220443215221, 0.00276600453071, 0.00155960349366, 0.00087211682694, 0.00167425128166, 0.00198991107754, 0.00150712882169, 0.00117309170309, 0.000601330713835, 0.000774192507379, 0.00078925001435, 0.00061030354118, 0.000400882476242, 0.000473255582619, 0.000416565977503, 0.000324829481542, 0.000123363119201, 9.08802612685e-05, 6.7393280915e-05, 4.44093602709e-05, 1.47304681377e-05, 2.82183077616e-06, 5.2232356218e-09],
        "median": [3.14928365697e-05, 0.000382834754419, 0.000271363271168, 0.000332441355567, 0.00085867755115, 0.000568625342567, 0.000359628698789, 0.000210939004319, 0.000383600650821, 0.000256868457654, 0.000331559480401, 0.000140995136462, 0.000188856560271, 0.000192719016923, 0.00022882851772, 0.000209782112506, 0.000161866657436, 0.000174239627086, 0.00015183200594, 0.000137439084938, 4.92272156407e-05, 2.24853556574e-05, 1.77113324753e-05, 1.81409814104e-05, 6.44554302198e-06, 9.3136986834e-07, 3.71507991037e-10],
        "min": [2.10140719941e-27, 1.13762853876e-24, 3.09928116177e-25, 3.15138912235e-25, 3.8228743781e-24, 2.9024756501e-24, 3.6702629251e-24, 5.15625322847e-24, 9.01774589776e-24, 7.14479210468e-24, 7.17754245402e-24, 1.12636447278e-23, 1.33977154249e-23, 2.37162353685e-23, 3.35108238756e-23, 3.39282796003e-23, 4.41660690966e-23, 5.96381810464e-23, 1.00771199869e-22, 1.38416891822e-22, 2.20220303568e-22, 2.59614855971e-22, 3.11981840997e-22, 5.41671832819e-22, 7.80184445006e-22, 1.17546797811e-21, 1.88505495092e-21],
        "var": [2.98856295267e-09, 1.78916911864e-06, 2.22290668717e-06, 4.58292788608e-06, 2.00262784347e-05, 3.36832345056e-05, 1.28919591589e-05, 5.56221311854e-06, 1.89127094927e-05, 3.57841599907e-05, 1.87080968317e-05, 1.40511829159e-05, 2.54317251347e-06, 3.75101990358e-06, 3.94963944927e-06, 1.89255251826e-06, 8.0793665802e-07, 2.32676552514e-06, 6.91910884143e-07, 2.68272685844e-07, 5.60576403075e-08, 2.03847477565e-07, 1.24934558698e-07, 2.7761471344e-08, 8.14296019502e-10, 3.27052482318e-11, 1.42191725787e-14]
    },
    "erbbands": {
        "dmean": [0.0115632116795, 0.135479152203, 0.492974340916, 1.15161633492, 3.50892019272, 3.78913545609, 7.68169975281, 12.0210094452, 11.9294290543, 12.5949077606, 10.6972923279, 25.0629920959, 31.0904331207, 27.712928772, 39.0076560974, 20.147277832, 17.2438220978, 20.2354011536, 24.100276947, 24.6684074402, 16.0673847198, 10.4124441147, 11.1768074036, 13.1097431183, 9.22105884552, 7.66177129745, 3.79606127739, 2.16620016098, 2.00865244865, 1.36041688919, 1.027515769, 0.624397218227, 0.284770131111, 0.0997685268521, 0.0337150245905, 0.0111642582342, 0.00216290540993, 0.000126739367261, 5.26748590346e-06, 6.53394545225e-06],
        "dmean2": [0.0197020675987, 0.2318944484, 0.819784283638, 1.88620793819, 5.5956697464, 6.1447520256, 11.6527605057, 18.509645462, 18.5158176422, 19.3123626709, 16.5039291382, 38.5850028992, 47.1420173645, 39.5017662048, 58.5843353271, 30.1145801544, 27.2980899811, 32.4029541016, 37.9187698364, 39.3379821777, 24.7225093842, 16.4930076599, 17.4164009094, 20.6066837311, 14.0684099197, 12.0149688721, 5.98376941681, 3.37610316277, 3.07531261444, 1.9799144268, 1.43494200706, 0.868800461292, 0.404078662395, 0.145320385695, 0.0512379184365, 0.0169248580933, 0.00331089925021, 0.000192654930288, 7.62992203818e-06, 9.92235072772e-06],
        "dvar": [0.000548569310922, 0.100841701031, 1.36395430565, 5.43853902817, 133.989456177, 66.6283569336, 502.272766113, 824.138366699, 997.192443848, 991.180480957, 1034.70739746, 5350.00976562, 10016.4658203, 6080.40332031, 13224.2128906, 3966.32885742, 2587.9440918, 3593.14355469, 4313.68701172, 3634.33325195, 2029.58288574, 727.496704102, 926.609008789, 1194.88647461, 494.890533447, 235.722045898, 61.4081420898, 62.2720527649, 166.213394165, 82.3660125732, 40.9875297546, 11.4830732346, 1.3053586483, 0.0960102528334, 0.00683107459918, 0.000890911673196, 4.00862227252e-05, 1.39486218131e-07, 9.29290533414e-11, 7.39811961692e-11],
        "dvar2": [0.00152371730655, 0.289129883051, 3.78484177589, 14.1961965561, 281.873016357, 159.633148193, 1021.71240234, 1821.83325195, 2279.56079102, 2334.86743164, 2077.953125, 11397.4003906, 21916.9980469, 10960.1679688, 27090.5, 8230.51953125, 5091.81396484, 8859.4765625, 9413.21289062, 8133.07128906, 4371.40332031, 1664.13598633, 1949.77502441, 2784.54077148, 1083.95874023, 539.067626953, 144.974990845, 138.369033813, 379.261566162, 144.737014771, 71.1770706177, 18.1978492737, 2.03929877281, 0.174246430397, 0.0149109344929, 0.00197781645693, 9.58547607297e-05, 3.16489092711e-07, 1.83858858693e-10, 1.52514390006e-10],
        "max": [0.454751253128, 8.54201698303, 25.834810257, 54.6126823425, 473.562835693, 224.816421509, 549.523132324, 691.652770996, 940.446777344, 1162.42712402, 999.049560547, 2639.11450195, 2682.24829102, 2310.39648438, 2899.56689453, 2081.51049805, 3557.74560547, 2124.51025391, 2670.85449219, 2420.77587891, 1245.79870605, 1087.60620117, 2331.62109375, 1549.61743164, 865.409362793, 307.626983643, 273.24911499, 322.752105713, 667.958374023, 470.418731689, 329.36428833, 141.547683716, 48.186706543, 18.1470737457, 2.55898690224, 0.91228967905, 0.191389635205, 0.0105116283521, 0.000280173058854, 0.000186975972611],
        "mean": [0.0188338682055, 0.202006012201, 0.876869618893, 2.16784906387, 6.02973175049, 7.06207180023, 15.2854595184, 24.6394119263, 21.2840862274, 24.5866184235, 18.7515468597, 39.5250205994, 53.6656646729, 60.0869140625, 68.9823303223, 42.8942298889, 30.1391277313, 34.6223220825, 44.5043144226, 41.4460220337, 28.528421402, 21.0227565765, 23.0054931641, 26.5684967041, 18.5293903351, 15.7672338486, 7.75734567642, 3.82845783234, 3.33572030067, 2.39544558525, 1.87296330929, 1.19150936604, 0.568914175034, 0.212554574013, 0.0783225819468, 0.0227751936764, 0.0037729756441, 0.000195518907276, 1.82460316864e-05, 2.65775088337e-05],
        "median": [0.008256200701, 0.0957737118006, 0.335727423429, 1.00842368603, 1.77588319778, 3.07103395462, 3.53223752975, 5.20124435425, 6.16119480133, 5.97963428497, 5.86961460114, 9.43476295471, 10.8706588745, 11.7953720093, 16.6212120056, 8.33313941956, 11.4811687469, 10.8262767792, 11.4307193756, 17.0179271698, 10.5875930786, 9.05024528503, 10.3188667297, 9.39818954468, 7.59023237228, 7.00964641571, 3.22237682343, 1.57199549675, 0.830444335938, 0.487851917744, 0.542978107929, 0.439942598343, 0.225533604622, 0.0867857784033, 0.0346766486764, 0.00890332274139, 0.00108861341141, 3.99301716243e-05, 1.58335133165e-05, 2.52929785347e-05],
        "min": [3.19705445591e-23, 3.02467724096e-22, 5.66179481847e-22, 2.52940461624e-21, 4.81973545621e-21, 1.04791674785e-20, 2.55978617658e-20, 3.11610762847e-20, 7.68280764672e-20, 1.13704660592e-19, 1.49267494496e-19, 2.37670444984e-19, 3.77587244266e-19, 4.02239501267e-19, 5.9811243235e-19, 6.76327374049e-19, 9.12289432574e-19, 1.50547119639e-18, 1.84663625657e-18, 2.22171985776e-18, 2.91254181429e-18, 3.04306636546e-18, 3.77080084323e-18, 4.20307964108e-18, 6.00945267454e-18, 6.15642612578e-18, 8.15756834703e-18, 7.45033554075e-18, 8.67177028558e-18, 1.01227352427e-17, 9.31054231565e-18, 8.7862884783e-18, 9.23260783987e-18, 6.86435872686e-18, 6.28516810272e-18, 3.2891393628e-18, 2.01234514188e-18, 7.93571385386e-19, 2.25413075872e-19, 2.60687827971e-20],
        "var": [0.000858886400238, 0.124794349074, 2.45055127144, 10.8151378632, 276.116699219, 206.01260376, 1654.04699707, 2884.39208984, 2365.05786133, 3841.60009766, 2518.96337891, 11957.7460938, 23657.9082031, 31743.5195312, 32425.4882812, 15019.2919922, 5996.32568359, 6466.10986328, 12671.7353516, 7408.27050781, 4178.53076172, 1988.30822754, 3083.81103516, 4599.39111328, 1187.14953613, 608.100341797, 172.056518555, 103.598655701, 287.537109375, 180.414199829, 87.5350799561, 27.0013256073, 3.30748915672, 0.235610127449, 0.017533171922, 0.00178219657391, 6.51238151477e-05, 2.42161462438e-07, 3.01631192245e-10, 3.83303139229e-10]
    },
    "gfcc": {
        "mean": [-130.131134033, 94.3579559326, -138.382766724, 28.8890953064, -57.7750015259, 8.89334583282, -35.7904930115, 7.98809242249, -23.08070755, -3.09726834297, -7.49533748627, -6.97763347626, -0.809570133686],
        "cov": [[119964.546875, 10833.1865234, -16001.5224609, 3473.5546875, -6788.17333984, 1168.72814941, -4148.79248047, 954.710205078, -2805.25097656, -325.075927734, -979.234863281, -884.072570801, -231.014602661], [10833.1865234, 1793.38342285, -1192.30175781, 337.753082275, -536.356933594, -69.0380783081, -383.874023438, 22.9187393188, -282.85369873, -121.898826599, -20.0540542603, -144.436477661, 82.0819396973], [-16001.5224609, -1192.30175781, 2911.07421875, -260.859771729, 862.914916992, -195.929489136, 459.683380127, -196.386856079, 337.946685791, 52.205493927, 26.2130432129, 176.393783569, -39.6532249451], [3473.5546875, 337.753082275, -260.859771729, 332.664093018, -196.538253784, 2.14839410782, -160.335876465, 4.87688970566, -69.5404129028, -32.657913208, -57.0658111572, -8.03630447388, -11.7253704071], [-6788.17333984, -536.356933594, 862.914916992, -196.538253784, 598.530456543, -4.44744968414, 294.641662598, -30.9222621918, 110.728507996, 13.5934276581, 54.3622436523, 21.8412036896, 20.4568881989], [1168.72814941, -69.0380783081, -195.929489136, 2.14839410782, -4.44744968414, 276.889099121, 43.538734436, 2.58027791977, -52.6789321899, 31.0201568604, -57.0244979858, -0.214218273759, -49.9037208557], [-4148.79248047, -383.874023438, 459.683380127, -160.335876465, 294.641662598, 43.538734436, 300.80178833, 6.16567420959, 75.9100952148, 3.6351172924, 39.9192276001, 5.01663589478, 12.7580766678], [954.710205078, 22.9187393188, -196.386856079, 4.87688970566, -30.9222621918, 2.58027791977, 6.16567420959, 148.906051636, 26.8992118835, 14.204574585, -6.89742326736, -20.7813987732, 6.82011032104], [-2805.25097656, -282.85369873, 337.946685791, -69.5404129028, 110.728507996, -52.6789321899, 75.9100952148, 26.8992118835, 194.087661743, 38.9527168274, 41.7446937561, 29.9219017029, 5.50173997879], [-325.075927734, -121.898826599, 52.205493927, -32.657913208, 13.5934276581, 31.0201568604, 3.6351172924, 14.204574585, 38.9527168274, 123.126792908, 8.69172096252, 32.5869522095, -39.9787635803], [-979.234863281, -20.0540542603, 26.2130432129, -57.0658111572, 54.3622436523, -57.0244979858, 39.9192276001, -6.89742326736, 41.7446937561, 8.69172096252, 149.902908325, 7.82527208328, 39.9273414612], [-884.072570801, -144.436477661, 176.393783569, -8.03630447388, 21.8412036896, -0.214218273759, 5.01663589478, -20.7813987732, 29.9219017029, 32.5869522095, 7.82527208328, 123.601646423, 2.40498614311], [-231.014602661, 82.0819396973, -39.6532249451, -11.7253704071, 20.4568881989, -49.9037208557, 12.7580766678, 6.82011032104, 5.50173997879, -39.9787635803, 39.9273414612, 2.40498614311, 125.5520401]],
        "icov": [[0.000342180923326, -0.000794712570496, 0.000866810267325, -0.000871511816513, 0.00098776340019, -0.000667855842039, 0.000720481562894, -0.000926439941395, 0.00110791460611, -0.000436311092926, 0.00037492235424, -0.000324028049363, 0.000591752701439], [-0.000794712570496, 0.00308084278367, -0.00192054687068, 0.00148322002497, -0.00195417297073, 0.00181385187898, -0.00109276059084, 0.00208818889223, -0.00153708748985, 0.00115589739289, -0.00125961191952, 0.00168512261007, -0.00210378062911], [0.000866810267325, -0.00192054687068, 0.00331306271255, -0.00250281207263, 0.00144516071305, -0.00067174929427, 0.00105758407153, -0.00100733397994, 0.00181943341158, -0.00116236740723, 0.00185553822666, -0.00169635890052, 0.00210047815926], [-0.000871511816513, 0.00148322002497, -0.00250281207263, 0.00694465218112, -0.00201584282331, 0.00117235921789, -9.6012292488e-05, 0.00175868161023, -0.00274383416399, 0.00224484060891, -0.000215692620259, 0.000288443086902, -0.00110838387627], [0.00098776340019, -0.00195417297073, 0.00144516071305, -0.00201584282331, 0.00754775619134, -0.00236089481041, -0.000179867522093, -0.00301305134781, 0.00392479496077, -0.00144470972009, 0.000251417077379, 0.000152863372932, 0.00066207582131], [-0.000667855842039, 0.00181385187898, -0.00067174929427, 0.00117235921789, -0.00236089481041, 0.00718386145309, -0.00394487380981, 0.002938098507, -0.00114503677469, -0.000746507605072, 0.00150939682499, -0.00016606002464, 0.000299617735436], [0.000720481562894, -0.00109276059084, 0.00105758407153, -9.6012292488e-05, -0.000179867522093, -0.00394487380981, 0.0105213737115, -0.00394091010094, 0.00234423018992, 0.00081010122085, -0.000917644705623, 0.00056522351224, 0.00040762667777], [-0.000926439941395, 0.00208818889223, -0.00100733397994, 0.00175868161023, -0.00301305134781, 0.002938098507, -0.00394091010094, 0.011896613054, -0.00586532475427, -0.000444898876594, 0.00100161321461, 0.00157688430045, -0.0020441391971], [0.00110791460611, -0.00153708748985, 0.00181943341158, -0.00274383416399, 0.00392479496077, -0.00114503677469, 0.00234423018992, -0.00586532475427, 0.0129998968914, -0.00317440996878, -0.000755169079639, -0.000705669284798, 0.0010208284948], [-0.000436311092926, 0.00115589739289, -0.00116236740723, 0.00224484060891, -0.00144470972009, -0.000746507605072, 0.00081010122085, -0.000444898876594, -0.00317440996878, 0.0122664598748, -0.00212586927228, -0.00220681470819, 0.00292792916298], [0.00037492235424, -0.00125961191952, 0.00185553822666, -0.000215692620259, 0.000251417077379, 0.00150939682499, -0.000917644705623, 0.00100161321461, -0.000755169079639, -0.00212586927228, 0.0100131947547, -0.00115720776375, -0.00112894666381], [-0.000324028049363, 0.00168512261007, -0.00169635890052, 0.000288443086902, 0.000152863372932, -0.00016606002464, 0.00056522351224, 0.00157688430045, -0.000705669284798, -0.00220681470819, -0.00115720776375, 0.0112800924107, -0.00296056293882], [0.000591752701439, -0.00210378062911, 0.00210047815926, -0.00110838387627, 0.00066207582131, 0.000299617735436, 0.00040762667777, -0.0020441391971, 0.0010208284948, 0.00292792916298, -0.00112894666381, -0.00296056293882, 0.0123730665073]]
    },
    "melbands": {
        "dmean": [0.000120892727864, 0.000224436735152, 0.000277861166978, 0.000246214389335, 0.000237988235313, 0.000260330591118, 0.000175077599124, 0.000134075395181, 0.000100106575701, 0.000163886783412, 0.000159198185429, 0.000117747498734, 0.000136956106871, 8.03478324087e-05, 4.09603380831e-05, 3.84775848943e-05, 4.17325209128e-05, 4.3750002078e-05, 3.30625916831e-05, 3.39184880431e-05, 1.87787554751e-05, 1.20983941088e-05, 1.17936906463e-05, 1.2164535292e-05, 1.17742274597e-05, 8.10643632576e-06, 6.49054527457e-06, 5.3018015933e-06, 2.89407194032e-06, 1.74800004515e-06, 1.27174712361e-06, 1.32335594571e-06, 9.02206863884e-07, 7.70497081248e-07, 6.73246915994e-07, 5.17779312759e-07, 3.47259828004e-07, 2.36018394162e-07, 1.43267811836e-07, 7.54645057555e-08],
        "dmean2": [0.000206157477805, 0.000374997180188, 0.000444244215032, 0.000402099860366, 0.00036344860564, 0.000402643781854, 0.000270599324722, 0.000206811557291, 0.000155233268742, 0.000251309509622, 0.000241825124249, 0.000169111328432, 0.000206979180803, 0.000119954238471, 6.33219024166e-05, 6.14790187683e-05, 6.72529349686e-05, 6.88192158123e-05, 5.33413076482e-05, 5.42925627087e-05, 2.90921379928e-05, 1.9307990442e-05, 1.89661259355e-05, 1.95374377654e-05, 1.88413541764e-05, 1.26143831949e-05, 1.01756204458e-05, 8.36175240693e-06, 4.6370050768e-06, 2.81454413198e-06, 1.99085661734e-06, 2.08406754609e-06, 1.3553668623e-06, 1.15642808396e-06, 9.77947706815e-07, 7.22691765986e-07, 5.05373748183e-07, 3.46436507925e-07, 2.11597338762e-07, 1.1416248924e-07],
        "dvar": [6.45809521416e-08, 2.8099117344e-07, 4.99871305237e-07, 3.56182226824e-07, 3.97893245463e-07, 3.59322740451e-07, 2.03609403115e-07, 1.13967175253e-07, 9.62942650062e-08, 2.16593619484e-07, 2.6387260732e-07, 1.1678464773e-07, 1.61337084137e-07, 6.42986037747e-08, 1.51503680712e-08, 1.30801307563e-08, 1.65435416477e-08, 1.61872364401e-08, 7.6726314191e-09, 7.86771270356e-09, 3.6461935693e-09, 1.21222576421e-09, 1.01572450451e-09, 1.72870684434e-09, 1.01795138985e-09, 4.79389583585e-10, 2.79745088205e-10, 1.23290086473e-10, 4.05441340223e-11, 1.71041982661e-11, 2.79598670605e-11, 6.57692095229e-11, 4.05679205506e-11, 2.95535401706e-11, 1.85609288356e-11, 9.79369276649e-12, 2.69587152081e-12, 1.01303882817e-12, 2.0267348997e-13, 5.02310188886e-14],
        "dvar2": [1.80830213026e-07, 7.87861836216e-07, 1.13000680813e-06, 8.05742047305e-07, 8.19494118787e-07, 8.00931786671e-07, 4.59405924857e-07, 2.64876234723e-07, 2.0713578408e-07, 4.60526877077e-07, 5.72185058445e-07, 2.14722987835e-07, 3.28877803213e-07, 1.2884861178e-07, 3.42900356998e-08, 2.8553829523e-08, 4.01078104062e-08, 3.52321301023e-08, 1.82151769224e-08, 1.79280519319e-08, 7.85843212725e-09, 2.66744870636e-09, 2.25702678769e-09, 3.66333341439e-09, 2.39004926961e-09, 1.0837014619e-09, 6.66460553411e-10, 2.80853840184e-10, 9.83879991368e-11, 3.96863895913e-11, 6.21097617781e-11, 1.52056228719e-10, 8.52721504518e-11, 5.99292282466e-11, 3.59166446584e-11, 1.74065015873e-11, 4.22116855359e-12, 1.82497571742e-12, 3.34609808394e-13, 1.07098961047e-13],
        "max": [0.00542961712927, 0.0124535504729, 0.0262093544006, 0.0205500498414, 0.0159145332873, 0.0132768126205, 0.0140628963709, 0.0109396474436, 0.0087624900043, 0.0157848931849, 0.0139672029763, 0.0096707707271, 0.00931427348405, 0.00600456912071, 0.00417550466955, 0.0070355120115, 0.00392521033064, 0.00530948909, 0.00232825987041, 0.00249750330113, 0.00196671090089, 0.00135802652221, 0.00126600451767, 0.00286312680691, 0.00128040683921, 0.000747730897274, 0.000674760958645, 0.000280725711491, 0.000206275479286, 0.000107443556772, 0.00021732483583, 0.000364770035958, 0.000397416180931, 0.000249846896622, 0.000229948433116, 0.000118780990306, 6.59364450257e-05, 4.20441792812e-05, 2.92772856483e-05, 1.00588049463e-05],
        "mean": [0.000198146386538, 0.000392670335714, 0.000534768914804, 0.000446558464319, 0.000506089883856, 0.000542855705135, 0.000318239675835, 0.000252054160228, 0.000159471470397, 0.000252421450568, 0.000268707808573, 0.000244934140937, 0.000227824988542, 0.000160472656717, 7.15143105481e-05, 5.97608559474e-05, 6.5153799369e-05, 7.35096764402e-05, 5.49721298739e-05, 5.21593465237e-05, 2.99001385429e-05, 2.17878732656e-05, 1.9840490495e-05, 2.37512849708e-05, 2.156618757e-05, 1.49246889123e-05, 1.16491564768e-05, 1.02188860183e-05, 5.45135890206e-06, 2.83371218757e-06, 2.03296713153e-06, 2.05091168937e-06, 1.4643145505e-06, 1.25961969388e-06, 1.13409544156e-06, 9.05178808353e-07, 6.46478156341e-07, 4.35282800026e-07, 2.68759549726e-07, 1.51423392936e-07],
        "median": [9.71934787231e-05, 0.000170527418959, 0.000206940705539, 0.00018696479674, 0.000142128264997, 0.000116075651022, 8.87469795998e-05, 5.81676358706e-05, 4.3014777475e-05, 5.65814843867e-05, 4.58471986349e-05, 3.78507829737e-05, 5.27209122083e-05, 1.80095794349e-05, 1.91972303583e-05, 1.97876397579e-05, 1.65736819326e-05, 1.55419984367e-05, 1.72842337633e-05, 1.88178892131e-05, 9.36814649322e-06, 8.10457095213e-06, 8.52599350765e-06, 8.25514507596e-06, 6.74030798109e-06, 5.1397723837e-06, 4.83129497297e-06, 4.01065426558e-06, 1.93284449779e-06, 1.07219534584e-06, 6.96171696291e-07, 4.72528654427e-07, 2.78001948573e-07, 2.3113966563e-07, 2.96686096135e-07, 2.78835813106e-07, 2.36262209796e-07, 1.59938934985e-07, 9.09900421675e-08, 5.73477088039e-08],
        "min": [5.53064464194e-25, 5.74527643791e-25, 6.85863774169e-25, 4.2890071594e-25, 1.19867503295e-24, 4.98940470967e-25, 1.16905715166e-24, 1.15175033226e-24, 1.20933372707e-24, 1.30413656547e-24, 1.58207612542e-24, 1.33348889646e-24, 1.33946086934e-24, 1.38106549209e-24, 1.93768831061e-24, 1.27168213758e-24, 2.16597282367e-24, 2.19334235277e-24, 2.64894246048e-24, 2.29101161588e-24, 2.82799574217e-24, 2.29511053714e-24, 2.73341033355e-24, 2.90278823624e-24, 3.06057067247e-24, 4.20293060173e-24, 3.64508169615e-24, 3.30628526445e-24, 4.3706309917e-24, 4.01163498766e-24, 3.24455058772e-24, 4.05964032918e-24, 4.70475184481e-24, 5.04786019022e-24, 4.62093813464e-24, 4.38236569209e-24, 4.94987301617e-24, 5.38874276458e-24, 5.27346967595e-24, 5.04089928159e-24],
        "var": [9.64775495049e-08, 4.50391610229e-07, 1.08298081614e-06, 7.97968652932e-07, 1.49080710798e-06, 1.27530779537e-06, 5.12588144375e-07, 4.02535818012e-07, 2.09099340509e-07, 4.76963180063e-07, 6.40736459445e-07, 5.93658569414e-07, 3.90821611518e-07, 2.67610516858e-07, 3.62971164236e-08, 2.29790604322e-08, 2.75520619653e-08, 3.86288760978e-08, 1.6978095374e-08, 1.38181084353e-08, 6.37723740482e-09, 2.94077251439e-09, 1.84130166669e-09, 7.15369141702e-09, 3.28887694856e-09, 1.17965770485e-09, 4.58893423261e-10, 3.1577523929e-10, 1.01389098506e-10, 3.02706783251e-11, 4.48185238922e-11, 1.06899746e-10, 7.12105929779e-11, 5.59909965614e-11, 3.43217190779e-11, 2.06266219382e-11, 6.56594310172e-12, 2.17032858699e-12, 5.36402790675e-13, 1.01939331e-13]
    },
    "mfcc": {
        "mean": [-693.900268555, 111.843505859, -23.4149456024, 17.0259284973, -1.96642649174, -3.32861185074, 0.558076858521, -0.0233468823135, -4.67336845398, 3.45482683182, -8.37236690521, -1.59078717232, -2.95345711708],
        "cov": [[25511.0429688, 5378.99804688, -1205.61279297, 821.53302002, -174.937820435, -100.871330261, 125.981964111, 4.05981349945, -246.221282959, 255.391555786, -421.451934814, -111.00038147, -163.262863159], [5378.99804688, 2194.25512695, -158.067245483, 359.278961182, 43.8604850769, -110.152938843, 59.0143280029, -50.0517845154, -102.90675354, 40.72082901, -197.461212158, -32.0697021484, -72.1106338501], [-1205.61279297, -158.067245483, 687.643920898, 147.956497192, 32.7296524048, 68.5850906372, -139.546005249, -9.60013008118, -23.8173732758, -81.7668304443, -16.5221328735, 21.4212760925, -11.7958164215], [821.53302002, 359.278961182, 147.956497192, 313.557281494, 61.6653633118, -68.8572463989, -41.0331993103, -14.5571832657, -24.7543640137, -27.9229831696, -75.4158935547, 9.78564071655, -18.0175228119], [-174.937820435, 43.8604850769, 32.7296524048, 61.6653633118, 142.661636353, 2.73830986023, 14.5600204468, -1.15757095814, 10.0145263672, -7.67237329483, -14.7073373795, -0.782330751419, 8.62496089935], [-100.871330261, -110.152938843, 68.5850906372, -68.8572463989, 2.73830986023, 245.575256348, 34.0912246704, 26.4384288788, 10.8981685638, -36.5886268616, 43.333316803, -33.1588935852, 12.8713531494], [125.981964111, 59.0143280029, -139.546005249, -41.0331993103, 14.5600204468, 34.0912246704, 217.086608887, 19.0713863373, 17.5429439545, 26.2861347198, -4.7277765274, -42.8051948547, -4.91638851166], [4.05981349945, -50.0517845154, -9.60013008118, -14.5571832657, -1.15757095814, 26.4384288788, 19.0713863373, 105.858428955, 35.8019180298, 4.10637426376, 7.14681434631, -12.5225076675, -1.28255844116], [-246.221282959, -102.90675354, -23.8173732758, -24.7543640137, 10.0145263672, 10.8981685638, 17.5429439545, 35.8019180298, 131.367980957, 23.5853691101, 17.5633010864, -15.1340408325, 15.5016479492], [255.391555786, 40.72082901, -81.7668304443, -27.9229831696, -7.67237329483, -36.5886268616, 26.2861347198, 4.10637426376, 23.5853691101, 119.324119568, 8.61523532867, 5.50257444382, -13.6699180603], [-421.451934814, -197.461212158, -16.5221328735, -75.4158935547, -14.7073373795, 43.333316803, -4.7277765274, 7.14681434631, 17.5633010864, 8.61523532867, 139.268676758, 27.8115406036, 21.1086940765], [-111.00038147, -32.0697021484, 21.4212760925, 9.78564071655, -0.782330751419, -33.1588935852, -42.8051948547, -12.5225076675, -15.1340408325, 5.50257444382, 27.8115406036, 122.71497345, 35.0760612488], [-163.262863159, -72.1106338501, -11.7958164215, -18.0175228119, 8.62496089935, 12.8713531494, -4.91638851166, -1.28255844116, 15.5016479492, -13.6699180603, 21.1086940765, 35.0760612488, 109.894271851]],
