{
"lowlevel": {
    "average_loudness": 0.096430234611,
    "barkbands_crest": {
        "dmean": 2.2095849514,
        "dmean2": 3.53802418709,
        "dvar": 4.07120370865,
        "dvar2": 9.79758262634,
        "max": 25.2621212006,
        "mean": 11.4176712036,
        "median": 10.7935571671,
        "min": 2.71442532539,
        "var": 20.6318969727
    },
    "barkbands_flatness_db": {
        "dmean": 0.0189240425825,
        "dmean2": 0.0293037164956,
        "dvar": 0.00033419742249,
        "dvar2": 0.000706137740053,
        "max": 0.470419257879,
        "mean": 0.241793632507,
        "median": 0.244872272015,
        "min": 0.0569526031613,
        "var": 0.00354221998714
    },
    "barkbands_kurtosis": {
        "dmean": 3.51445627213,
        "dmean2": 5.4350233078,
        "dvar": 39.2072029114,
        "dvar2": 85.9871368408,
        "max": 168.124938965,
        "mean": 8.49555301666,
        "median": 4.65536594391,
        "min": -1.89861047268,
        "var": 159.068664551
    },
    "barkbands_skewness": {
        "dmean": 0.47934627533,
        "dmean2": 0.733708322048,
        "dvar": 0.280044347048,
        "dvar2": 0.592969059944,
        "max": 11.1408634186,
        "mean": 1.90753424168,
        "median": 1.69567584991,
        "min": -1.98480176926,
        "var": 1.70455038548
    },
    "barkbands_spread": {
        "dmean": 2.43434095383,
        "dmean2": 3.63507938385,
        "dvar": 29.9512023926,
        "dvar2": 55.7378196716,
        "max": 82.1574478149,
        "mean": 9.14809322357,
        "median": 6.1533946991,
        "min": 0.262993216515,
        "var": 99.3136138916
    },
    "dissonance": {
        "dmean": 0.0257161166519,
        "dmean2": 0.043339073658,
        "dvar": 0.00057121401187,
        "dvar2": 0.00154389988165,
        "max": 0.499999880791,
        "mean": 0.432640314102,
        "median": 0.438052594662,
        "min": 0.161911204457,
        "var": 0.0019303279696
    },
    "dynamic_complexity": 4.37806892395,
    "erbbands_crest": {
        "dmean": 2.34850406647,
        "dmean2": 3.76630020142,
        "dvar": 4.82112455368,
        "dvar2": 12.0584049225,
        "max": 28.4379501343,
        "mean": 10.3399200439,
        "median": 9.48263549805,
        "min": 2.96149277687,
        "var": 17.5455799103
    },
    "erbbands_flatness_db": {
        "dmean": 0.0143311871216,
        "dmean2": 0.0214659627527,
        "dvar": 0.000198245121283,
        "dvar2": 0.000388476328226,
        "max": 0.391112267971,
        "mean": 0.260726690292,
        "median": 0.263369113207,
        "min": 0.0891049355268,
        "var": 0.00139674474485
    },
    "erbbands_kurtosis": {
        "dmean": 1.15138947964,
        "dmean2": 1.8186763525,
        "dvar": 2.65625,
        "dvar2": 6.2927069664,
        "max": 56.2719039917,
        "mean": 1.7039577961,
        "median": 0.825268507004,
        "min": -1.84913253784,
        "var": 9.82090377808
    },
    "erbbands_skewness": {
        "dmean": 0.335952073336,
        "dmean2": 0.510525584221,
        "dvar": 0.127653762698,
        "dvar2": 0.259350091219,
        "max": 6.11416292191,
        "mean": 0.951222121716,
        "median": 0.918300688267,
        "min": -3.64226651192,
        "var": 0.640324294567
    },
    "erbbands_spread": {
        "dmean": 4.78921556473,
        "dmean2": 7.38821411133,
        "dvar": 64.5445327759,
        "dvar2": 146.232894897,
        "max": 124.718971252,
        "mean": 22.5476093292,
        "median": 18.7949466705,
        "min": 2.84041070938,
        "var": 206.787963867
    },
    "hfc": {
        "dmean": 3.45556402206,
        "dmean2": 5.10181760788,
        "dvar": 127.136177063,
        "dvar2": 243.125335693,
        "max": 546.96484375,
        "mean": 12.4762382507,
        "median": 4.3927154541,
        "min": 1.1179780083e-16,
        "var": 665.989562988
    },
    "melbands_crest": {
        "dmean": 2.74542856216,
        "dmean2": 4.37352800369,
        "dvar": 6.45198535919,
        "dvar2": 15.5558853149,
        "max": 33.2436141968,
        "mean": 14.8333358765,
        "median": 13.7639369965,
        "min": 1.74443161488,
        "var": 36.7704811096
    },
    "melbands_flatness_db": {
        "dmean": 0.0221148394048,
        "dmean2": 0.0321546494961,
        "dvar": 0.000546932627913,
        "dvar2": 0.000989624182694,
        "max": 0.572309911251,
        "mean": 0.293315678835,
        "median": 0.312322854996,
        "min": 0.0052665323019,
        "var": 0.00908453390002
    },
    "melbands_kurtosis": {
        "dmean": 5.2503323555,
        "dmean2": 8.282954216,
        "dvar": 101.392326355,
        "dvar2": 245.937515259,
        "max": 290.160766602,
        "mean": 12.4519891739,
        "median": 7.28428602219,
        "min": -1.77381503582,
        "var": 283.178863525
    },
    "melbands_skewness": {
        "dmean": 0.546279370785,
        "dmean2": 0.852515161037,
        "dvar": 0.376304149628,
        "dvar2": 0.886821269989,
        "max": 12.7815876007,
        "mean": 2.29735279083,
        "median": 2.0137963295,
        "min": -0.587223410606,
        "var": 1.90405523777
    },
    "melbands_spread": {
        "dmean": 3.57670664787,
        "dmean2": 5.34555864334,
        "dvar": 78.3463439941,
        "dvar2": 153.394363403,
        "max": 195.115219116,
        "mean": 12.3964481354,
        "median": 7.75410175323,
        "min": 0.323136299849,
        "var": 246.51473999
    },
    "pitch_salience": {
        "dmean": 0.0625817552209,
        "dmean2": 0.101540997624,
        "dvar": 0.0031975088641,
        "dvar2": 0.00795110221952,
        "max": 0.971431672573,
        "mean": 0.586185574532,
        "median": 0.596496343613,
        "min": 0.112557023764,
        "var": 0.016823336482
    },
    "silence_rate_20dB": {
        "dmean": 0,
        "dmean2": 0,
        "dvar": 0,
        "dvar2": 0,
        "max": 1,
        "mean": 1,
        "median": 1,
        "min": 1,
        "var": 0
    },
    "silence_rate_30dB": {
        "dmean": 0.00547507684678,
        "dmean2": 0.0109514035285,
        "dvar": 0.00544490339234,
        "dvar2": 0.0128851141781,
        "max": 1,
        "mean": 0.991674244404,
        "median": 1,
        "min": 0,
        "var": 0.00825665332377
    },
    "silence_rate_60dB": {
        "dmean": 0.0346754863858,
        "dmean2": 0.0692448094487,
        "dvar": 0.0334720499814,
        "dvar2": 0.0742690861225,
        "max": 1,
        "mean": 0.199019163847,
        "median": 0,
        "min": 0,
        "var": 0.159384965897
    },
    "spectral_centroid": {
        "dmean": 129.636444092,
        "dmean2": 190.378814697,
        "dvar": 77686.5,
        "dvar2": 139938.03125,
        "max": 11142.1679688,
        "mean": 779.060302734,
        "median": 499.34362793,
        "min": 171.357131958,
        "var": 518964.625
    },
    "spectral_complexity": {
        "dmean": 1.86426377296,
        "dmean2": 2.96554875374,
        "dvar": 4.3811006546,
        "dvar2": 9.98554992676,
        "max": 61,
        "mean": 12.9835767746,
        "median": 9,
        "min": 0,
        "var": 122.028610229
    },
    "spectral_decrease": {
        "dmean": 1.22652354939e-09,
        "dmean2": 1.86916304656e-09,
        "dvar": 4.25690345636e-18,
        "dvar2": 9.6565809172e-18,
        "max": 1.24618548906e-28,
        "mean": -4.18146806069e-09,
        "median": -2.94965762926e-09,
        "min": -7.21358475175e-08,
        "var": 2.13937477225e-17
    },
    "spectral_energy": {
        "dmean": 0.00488172238693,
        "dmean2": 0.00744091207162,
        "dvar": 6.98727963027e-05,
        "dvar2": 0.000158558526891,
        "max": 0.297275185585,
        "mean": 0.0169135015458,
        "median": 0.0117578078061,
        "min": 1.0189118697e-20,
        "var": 0.000369026791304
    },
    "spectral_energyband_high": {
        "dmean": 0.00023269909434,
        "dmean2": 0.000335053919116,
        "dvar": 2.20329116019e-06,
        "dvar2": 3.77499191018e-06,
        "max": 0.0708043202758,
        "mean": 0.000436952424934,
        "median": 7.71196027927e-06,
        "min": 7.44530002061e-21,
        "var": 4.70312443213e-06
    },
    "spectral_energyband_low": {
        "dmean": 0.00117839931045,
        "dmean2": 0.00186937593389,
        "dvar": 6.45319187242e-06,
        "dvar2": 1.63163585967e-05,
        "max": 0.0450900271535,
        "mean": 0.00259631220251,
        "median": 0.000713182729669,
        "min": 2.10393573712e-23,
        "var": 1.86853540072e-05
    },
    "spectral_energyband_middle_high": {
        "dmean": 0.00106765551027,
        "dmean2": 0.00169006129727,
        "dvar": 1.22540614029e-05,
        "dvar2": 3.14313656418e-05,
        "max": 0.175433456898,
        "mean": 0.003945492208,
        "median": 0.000462457246613,
        "min": 1.30988331304e-21,
        "var": 9.88897154457e-05
    },
    "spectral_energyband_middle_low": {
        "dmean": 0.00395461684093,
        "dmean2": 0.00599516741931,
        "dvar": 4.60936571471e-05,
        "dvar2": 0.000100511999335,
        "max": 0.16232201457,
        "mean": 0.0111936712638,
        "median": 0.00684692151845,
        "min": 2.84262051337e-22,
        "var": 0.000170497369254
    },
    "spectral_entropy": {
        "dmean": 0.155186384916,
        "dmean2": 0.229872003198,
        "dvar": 0.0311102122068,
        "dvar2": 0.0566209480166,
        "max": 9.81863594055,
        "mean": 6.68367338181,
        "median": 6.54564380646,
        "min": 4.51151752472,
        "var": 0.452993273735
    },
    "spectral_flux": {
        "dmean": 0.0145267825574,
        "dmean2": 0.0233018174767,
        "dvar": 0.000322994135786,
        "dvar2": 0.000798849214334,
        "max": 0.508145689964,
        "mean": 0.053208515048,
        "median": 0.0417123064399,
        "min": 6.48844866724e-11,
        "var": 0.00192486762535
    },
    "spectral_kurtosis": {
        "dmean": 7.53158426285,
        "dmean2": 12.9930686951,
        "dvar": 64.1475906372,
        "dvar2": 185.943267822,
        "max": 100.335266113,
        "mean": 16.5907802582,
        "median": 12.4810714722,
        "min": -1.23272180557,
        "var": 220.318511963
    },
    "spectral_rms": {
        "dmean": 0.000519132299814,
        "dmean2": 0.000777114764787,
        "dvar": 3.75995682589e-07,
        "dvar2": 7.92785101567e-07,
        "max": 0.0170301068574,
        "mean": 0.00356487557292,
        "median": 0.00338689098135,
        "min": 3.15287227749e-12,
        "var": 3.79265020456e-06
    },
    "spectral_rolloff": {
        "dmean": 228.918304443,
        "dmean2": 379.672149658,
        "dvar": 443329.65625,
        "dvar2": 890832.75,
        "max": 19250.6835938,
        "mean": 969.346130371,
        "median": 538.330078125,
        "min": 107.666015625,
        "var": 1416332.875
    },
    "spectral_skewness": {
        "dmean": 0.579708874226,
        "dmean2": 0.972543537617,
        "dvar": 0.28268122673,
        "dvar2": 0.787772476673,
        "max": 7.52988672256,
        "mean": 2.67487621307,
        "median": 2.59261488914,
        "min": -0.434124827385,
        "var": 1.79667878151
    },
    "spectral_spread": {
        "dmean": 329906.21875,
        "dmean2": 521475.6875,
        "dvar": 255299125248,
        "dvar2": 410913538048,
        "max": 41832248,
        "mean": 2466165.5,
        "median": 2288668,
        "min": 677757.125,
        "var": 1.83234868019e+12
    },
    "spectral_strongpeak": {
        "dmean": 0.32726624608,
        "dmean2": 0.541838943958,
        "dvar": 0.315871596336,
        "dvar2": 0.821050941944,
        "max": 12.6345815659,
        "mean": 0.789846360683,
        "median": 0.547117471695,
        "min": 4.94376151128e-10,
        "var": 0.705043196678
    },
    "zerocrossingrate": {
        "dmean": 0.00544566987082,
        "dmean2": 0.00626404816285,
        "dvar": 0.00012260011863,
        "dvar2": 0.000138825489557,
        "max": 0.51708984375,
        "mean": 0.0357918292284,
        "median": 0.0244140625,
        "min": 0.00439453125,
        "var": 0.00112294685096
    },
    "barkbands": {
        "dmean": [1.60779254657e-05, 0.000130463406094, 0.000630168593489, 0.00114966928959, 0.00141527189407, 0.00108136096969, 0.000761903473176, 0.000551505305339, 0.000671441259328, 0.000520182191394, 0.000387300155126, 0.000283531553578, 0.000250463664997, 0.000200661103008, 0.00018964841729, 0.000141473210533, 0.000102073077869, 6.52510934742e-05, 8.72805176186e-05, 0.000117924260849, 6.55890326016e-05, 6.76352428854e-05, 5.17723965459e-05, 1.68445494637e-05, 1.17465287985e-06, 8.6745099992e-10, 8.22601708972e-10],
        "dmean2": [2.79875857814e-05, 0.000214437313844, 0.00101170188282, 0.001759985229, 0.00226100464351, 0.00167218747083, 0.00116802472621, 0.000849777599797, 0.00106883922126, 0.00086240406381, 0.000654856907204, 0.000472346699098, 0.000414244714193, 0.000337909674272, 0.000317172554787, 0.000231471174629, 0.000165653735166, 0.000109713910206, 0.00013874087017, 0.000179375332664, 0.000101712190371, 9.81858393061e-05, 7.40891700843e-05, 2.49549666478e-05, 1.80437064046e-06, 1.57075819018e-09, 1.51174295304e-09],
        "dvar": [1.33157518345e-09, 1.29430276274e-07, 2.58755449067e-06, 7.80353093432e-06, 9.53130438575e-06, 6.57223745293e-06, 5.21593301528e-06, 7.82391907705e-06, 6.23538198852e-06, 6.38950768916e-06, 6.07127549301e-06, 1.05537606032e-06, 8.39345773329e-07, 4.98683505157e-07, 5.23729056567e-07, 2.65246484332e-07, 9.55672092573e-08, 5.30745722926e-08, 1.97103787514e-07, 1.24233201859e-06, 1.55734923624e-07, 1.99086116481e-07, 1.88292972325e-07, 1.06420170454e-08, 3.64403958397e-11, 4.03633797941e-17, 1.85572941168e-17],
        "dvar2": [3.43501049827e-09, 2.97420172046e-07, 6.16999477643e-06, 1.77000929398e-05, 2.43440117629e-05, 1.40902229759e-05, 1.11278322947e-05, 1.71298597706e-05, 1.45309131767e-05, 1.60577419592e-05, 1.75992627192e-05, 2.96670873468e-06, 2.17742331188e-06, 1.41612861171e-06, 1.54942711106e-06, 6.94775621923e-07, 2.56035434631e-07, 1.45611522839e-07, 4.85022781049e-07, 2.64955201601e-06, 3.29907550167e-07, 3.19726467524e-07, 2.86478467615e-07, 2.13112691938e-08, 7.88934681473e-11, 1.0924478397e-16, 5.19011894543e-17],
        "max": [0.00134133314714, 0.0138558680192, 0.0358088649809, 0.0761644393206, 0.076848000288, 0.0795317143202, 0.0613090842962, 0.0981179624796, 0.0903915166855, 0.113951526582, 0.153471201658, 0.0317990854383, 0.0297038368881, 0.0218140035868, 0.0237469375134, 0.0169104710221, 0.00792553834617, 0.00658264802769, 0.0298682879657, 0.0728175491095, 0.0175846070051, 0.0258198827505, 0.0273768864572, 0.00461391918361, 0.00026280793827, 3.29350910988e-07, 1.9703306009e-07],
        "mean": [1.81094001164e-05, 0.000213090417674, 0.00122530420776, 0.00258430885151, 0.00295575731434, 0.00208948785439, 0.00132531637792, 0.000851933145896, 0.00114436470903, 0.000904461892787, 0.0006186668179, 0.000490013335366, 0.000436769856606, 0.00037629972212, 0.000361830549082, 0.000278872903436, 0.000206700220588, 0.000142051634612, 0.000170816449099, 0.000178940827027, 0.000113337766379, 0.000114868227683, 8.42461740831e-05, 2.65684066107e-05, 1.37925155741e-06, 1.00403241277e-09, 8.35528035648e-10],
        "median": [8.02378781373e-06, 5.57286875846e-05, 0.00028016147553, 0.000281252025161, 0.00113558757585, 0.000984349986538, 0.000511520076543, 0.000187116675079, 0.000263950205408, 6.22067746008e-05, 8.13372171251e-05, 6.01502106292e-05, 2.73819969152e-05, 2.69464526355e-05, 2.58946474787e-05, 1.22465198729e-05, 1.80136466952e-05, 7.58218175179e-06, 6.77084562994e-06, 3.08592439069e-06, 1.54040878897e-06, 1.59812429956e-06, 1.40942779581e-06, 5.69715268739e-07, 2.66973287921e-08, 4.9992965323e-10, 3.96903510058e-10],
        "min": [1.17798597242e-24, 7.35109974178e-24, 5.87661536914e-24, 2.00796142055e-24, 2.02067604397e-23, 3.37999571745e-23, 2.0962091601e-23, 1.04867579423e-23, 4.57740453005e-23, 6.57360569111e-23, 4.28920240248e-23, 5.97952148536e-23, 5.31362695587e-23, 2.76663080455e-23, 9.72196723433e-23, 9.94077579242e-23, 8.10282139112e-23, 1.10617408279e-22, 1.82616149875e-22, 1.77054289218e-22, 3.07221362046e-22, 4.63709605702e-22, 5.00926674815e-22, 7.71118628291e-22, 1.10906391378e-21, 1.17066342392e-21, 2.21582420226e-21],
        "var": [1.41743394799e-09, 3.26995035493e-07, 6.9550196713e-06, 3.22890300595e-05, 2.63354086201e-05, 1.49931584019e-05, 8.9584482339e-06, 1.60292620421e-05, 1.14722506623e-05, 1.30811649797e-05, 5.80349887969e-06, 1.9547037482e-06, 1.69426368757e-06, 1.23444976907e-06, 1.29656802983e-06, 7.67011727021e-07, 2.85780345166e-07, 1.84936212122e-07, 3.75218832005e-07, 1.91714661923e-06, 2.75993130572e-07, 4.10423439234e-07, 3.75925765184e-07, 1.85675972375e-08, 5.13730030738e-11, 2.141528916e-17, 1.00317362763e-17]
    },
    "erbbands": {
        "dmean": [0.001616165624, 0.0441070124507, 0.538340449333, 2.33492469788, 4.49917793274, 5.11481809616, 5.79151248932, 9.50679016113, 9.05312538147, 13.6737966537, 11.9066076279, 13.9619941711, 14.3311433792, 15.7090902328, 13.5125312805, 10.5554428101, 10.9961357117, 9.79237365723, 9.64226818085, 7.72694921494, 7.00361394882, 5.47350311279, 3.44001340866, 4.08896064758, 4.44311475754, 5.68570280075, 3.42761683464, 2.38963913918, 2.36610841751, 2.23482251167, 1.39495015144, 0.554813086987, 0.179304197431, 0.029857320711, 0.00120247423183, 5.81104686717e-05, 9.62057947618e-06, 2.62543858298e-06, 2.94473124995e-06, 5.76596812607e-06],
        "dmean2": [0.00279964064248, 0.0710187107325, 0.853876233101, 3.67171621323, 7.06079149246, 8.23435115814, 9.14361286163, 14.5551528931, 13.9686689377, 20.8850345612, 17.5108985901, 22.4873867035, 23.2263183594, 26.1315193176, 22.6616611481, 17.3012104034, 17.953962326, 16.193813324, 16.0923480988, 12.8775415421, 11.2545833588, 8.79375076294, 5.66632032394, 6.6962480545, 7.0606470108, 8.70664310455, 5.20741033554, 3.68854570389, 3.45687794685, 3.26014304161, 2.00510525703, 0.817813634872, 0.259307205677, 0.0434440337121, 0.00175820733421, 8.17891559564e-05, 1.37239385367e-05, 3.80659230359e-06, 4.41445081378e-06, 8.78016362549e-06],
        "dvar": [1.38772002174e-05, 0.013666940853, 1.70342767239, 30.0459899902, 104.61907196, 127.908309937, 192.690109253, 610.346862793, 853.926574707, 2755.6328125, 3458.32519531, 2950.77587891, 4173.35107422, 7128.67480469, 3127.80175781, 1473.89624023, 1677.66552734, 1138.52429199, 1152.41455078, 1088.13745117, 598.028686523, 262.171691895, 134.543884277, 284.724121094, 555.99621582, 3463.66455078, 558.937805176, 233.794265747, 223.253463745, 300.85559082, 144.108612061, 13.7241306305, 0.884780347347, 0.0196571778506, 3.20335311699e-05, 7.47372297383e-08, 2.12962936175e-09, 1.84445514417e-10, 5.16533135708e-11, 1.10777401141e-10],
        "dvar2": [3.54863695975e-05, 0.031100269407, 3.92551398277, 74.1560745239, 261.398376465, 329.907836914, 427.671203613, 1305.05786133, 1800.82177734, 6229.24609375, 6751.56787109, 6485.28857422, 8798.20410156, 18999.1269531, 8792.29589844, 4010.33618164, 4295.72949219, 3130.55297852, 3281.17944336, 3218.00634766, 1509.72827148, 688.704223633, 368.819366455, 773.743469238, 1180.43554688, 7941.12060547, 981.96282959, 504.043395996, 389.027008057, 449.918365479, 245.045608521, 26.271900177, 1.55538761616, 0.0379726849496, 6.21346553089e-05, 1.29925709302e-07, 3.60277097045e-09, 3.1068067563e-10, 9.88030351978e-11, 2.443791558e-10],
        "max": [0.10068552196, 4.09019041061, 27.9124736786, 124.632598877, 241.059051514, 284.24597168, 535.424499512, 960.57989502, 842.210327148, 1771.17370605, 2311.21362305, 2290.19091797, 4515.92089844, 3956.72167969, 2600.98168945, 1458.08911133, 1405.59228516, 1141.52197266, 912.570007324, 1210.36486816, 1131.66442871, 440.779785156, 350.937011719, 830.854003906, 1383.29162598, 3948.02294922, 1591.20983887, 616.89276123, 854.671081543, 1076.27758789, 742.9609375, 193.977279663, 28.0055618286, 5.43198442459, 0.22258451581, 0.0102164065465, 0.00205167522654, 0.000652236514725, 0.000332863739459, 0.000355116411811],
        "mean": [0.0024411980994, 0.0824168771505, 1.14768898487, 5.27020645142, 9.64184951782, 10.2301588058, 11.9452342987, 18.1661930084, 15.7882833481, 23.4403114319, 20.0627384186, 23.8705654144, 27.0188121796, 28.329624176, 24.5912303925, 19.4973392487, 20.3334789276, 19.6161251068, 20.1807003021, 16.2333145142, 15.0717096329, 11.988743782, 8.00421619415, 8.75755977631, 8.44118976593, 8.43082714081, 5.74105072021, 4.13455963135, 4.00151062012, 3.7207159996, 2.14637994766, 0.881162583828, 0.286536455154, 0.0404638461769, 0.00162498396821, 0.000101948084193, 2.18044751819e-05, 6.0183547248e-06, 1.01108444142e-05, 2.02669634746e-05],
        "median": [0.00119871215429, 0.0219463668764, 0.323194026947, 1.04317188263, 2.44478344917, 3.83397841454, 4.96572494507, 8.87196731567, 5.71285772324, 7.68781995773, 4.38958072662, 5.02326202393, 3.69700479507, 2.49896335602, 3.40853118896, 2.44571113586, 1.67413687706, 1.38257265091, 1.69918715954, 0.865248084068, 0.826834082603, 1.02121901512, 0.52556180954, 0.392741799355, 0.323211789131, 0.15641605854, 0.0668873935938, 0.0619509965181, 0.0535189956427, 0.0498184338212, 0.0387782678008, 0.0168607290834, 0.00715980771929, 0.00118557759561, 6.38391211396e-05, 1.41069403981e-05, 6.31064449408e-06, 1.22684275539e-06, 6.16968009126e-06, 1.36367489176e-05],
        "min": [3.53556072879e-22, 1.17742263659e-21, 5.78707875394e-21, 2.1958394702e-20, 7.09787075396e-20, 5.8653037866e-20, 1.5775714639e-19, 3.24202920387e-19, 3.55140199079e-19, 1.77514768911e-19, 2.97758369794e-19, 1.04562432987e-18, 1.20398340525e-18, 1.82489443455e-18, 1.78326863818e-18, 3.21272979449e-18, 2.26239625759e-18, 1.6295684508e-18, 5.78785801947e-18, 4.46427391361e-18, 4.20823876656e-18, 5.39446870452e-18, 5.57591945728e-18, 8.0169476429e-18, 1.08183395439e-17, 7.03001198428e-18, 9.84610040324e-18, 1.23163628061e-17, 1.78313306327e-17, 1.59019930653e-17, 1.53680248189e-17, 1.46108799344e-17, 1.24677045981e-17, 9.87923146832e-18, 8.05758123613e-18, 3.83075778916e-18, 2.64160997158e-18, 1.17977379328e-18, 2.58454185055e-19, 3.36817961103e-20],
        "var": [2.05030319194e-05, 0.037005841732, 5.07476043701, 106.092781067, 316.926330566, 308.985076904, 523.063781738, 1263.46691895, 1463.04602051, 4847.27246094, 7443.48583984, 5893.24902344, 10570.9208984, 12197.6816406, 5369.10742188, 2932.21484375, 3503.77197266, 3155.625, 3549.09667969, 2810.47631836, 2085.01831055, 928.337036133, 516.817382812, 760.885314941, 1151.28027344, 4579.76806641, 1177.05908203, 386.860351562, 445.45715332, 631.426269531, 252.507476807, 24.2242870331, 1.87219774723, 0.0356576479971, 5.78554099775e-05, 1.57617691343e-07, 4.74988492982e-09, 4.20943779833e-10, 2.16714687862e-10, 6.00205052326e-10]
    },
    "gfcc": {
        "mean": [-125.183738708, 172.609237671, -146.184585571, 22.1472587585, -71.2810821533, -6.26281261444, -34.2469749451, -21.2717475891, -3.54777264595, -29.1096553802, 4.11613941193, -19.7987480164, -1.96321964264],
        "cov": [[7649.83984375, -2469.50732422, -2141.72583008, 1213.90930176, -878.125793457, 475.6980896, 364.209106445, 71.4421615601, 219.326934814, -136.641906738, 18.0790290833, -28.9695110321, -17.3464679718], [-2469.50732422, 2033.15795898, 1191.77416992, -620.783081055, 616.911376953, -484.150665283, -185.107727051, -164.677001953, -100.250816345, -127.714996338, -34.8320579529, -89.4828948975, -139.500869751], [-2141.72583008, 1191.77416992, 1613.55651855, -30.76612854, 241.248168945, -286.427703857, -233.856933594, -157.534057617, -168.217086792, -97.0995025635, -94.3844528198, -124.80292511, -112.591873169], [1213.90930176, -620.783081055, -30.76612854, 646.121276855, -238.695587158, 71.002204895, 6.74881124496, -38.1117134094, 2.34399914742, -37.7028083801, -47.4216918945, -19.4258556366, -7.85932683945], [-878.125793457, 616.911376953, 241.248168945, -238.695587158, 391.359771729, -126.783821106, -48.8994102478, 4.0789899826, -6.85064601898, -21.157617569, -15.2547101974, -12.4836444855, -21.1549320221], [475.6980896, -484.150665283, -286.427703857, 71.002204895, -126.783821106, 297.511108398, 91.0104904175, 67.4247207642, 26.0308685303, 66.2056350708, 11.8047075272, 17.3621273041, 54.063293457], [364.209106445, -185.107727051, -233.856933594, 6.74881124496, -48.8994102478, 91.0104904175, 192.403137207, 39.8774528503, 20.6096687317, 19.1660060883, 2.00171375275, 10.5800275803, -8.57278347015], [71.4421615601, -164.677001953, -157.534057617, -38.1117134094, 4.0789899826, 67.4247207642, 39.8774528503, 140.144134521, 28.6537857056, 33.5241928101, 25.5084266663, -0.403595507145, 20.0987262726], [219.326934814, -100.250816345, -168.217086792, 2.34399914742, -6.85064601898, 26.0308685303, 20.6096687317, 28.6537857056, 106.908462524, 24.6778011322, 0.68215829134, 19.0522727966, -2.28107976913], [-136.641906738, -127.714996338, -97.0995025635, -37.7028083801, -21.157617569, 66.2056350708, 19.1660060883, 33.5241928101, 24.6778011322, 143.890960693, 25.6586036682, 13.1603803635, 50.12342453], [18.0790290833, -34.8320579529, -94.3844528198, -47.4216918945, -15.2547101974, 11.8047075272, 2.00171375275, 25.5084266663, 0.68215829134, 25.6586036682, 74.4725112915, 31.1753768921, 5.5929441452], [-28.9695110321, -89.4828948975, -124.80292511, -19.4258556366, -12.4836444855, 17.3621273041, 10.5800275803, -0.403595507145, 19.0522727966, 13.1603803635, 31.1753768921, 107.813735962, 44.0699195862], [-17.3464679718, -139.500869751, -112.591873169, -7.85932683945, -21.1549320221, 54.063293457, -8.57278347015, 20.0987262726, -2.28107976913, 50.12342453, 5.5929441452, 44.0699195862, 100.707695007]],
        "icov": [[0.000521429406945, -0.000258857297013, 0.000823412439786, -0.000937011092901, 0.000461050280137, -0.000234208840993, -9.5526673249e-05, 0.000159492468811, -0.000252524594544, 0.000738967733923, -0.000330340553774, 0.000845905393362, 3.59798432328e-05], [-0.000258857297013, 0.00464444281533, -0.0027314776089, 0.00337804108858, -0.00351659068838, 0.00267850537784, -0.0013471696293, 0.0031310825143, -0.0015273130266, 0.00135106476955, -0.00231198687106, 0.00154472142458, -0.000572053366341], [0.000823412439786, -0.0027314776089, 0.00375559739769, -0.00303366151638, 0.00197246787138, -0.00140310416464, 0.00172353547532, -0.00112435733899, 0.00221547251567, -0.000365992134903, 0.00215077772737, 0.000318159116432, 0.00183255656157], [-0.000937011092901, 0.00337804108858, -0.00303366151638, 0.00582170765847, -0.00151012523565, 0.00176431273576, -0.000438947987277, 0.00198165210895, -0.000814776984043, 0.000303371547488, 0.00043993559666, -0.000258960091742, -0.000197211513296], [0.000461050280137, -0.00351659068838, 0.00197246787138, -0.00151012523565, 0.00696072727442, -0.000947372463997, 0.00111969315913, -0.00325286923908, 0.000491300423164, -0.000372512702597, 0.00296824332327, -0.0010524179088, 0.000503096496686], [-0.000234208840993, 0.00267850537784, -0.00140310416464, 0.00176431273576, -0.000947372463997, 0.00719118537381, -0.00245858449489, 0.000210864149267, -0.000790701829828, -0.000518010579981, -0.000836562481709, 0.0012213406153, -0.00231999345124], [-9.5526673249e-05, -0.0013471696293, 0.00172353547532, -0.000438947987277, 0.00111969315913, -0.00245858449489, 0.00842030346394, -0.00240432820283, 0.00241692061536, -0.0020786493551, 0.00404608109966, -0.00287792924792, 0.00488578621298], [0.000159492468811, 0.0031310825143, -0.00112435733899, 0.00198165210895, -0.00325286923908, 0.000210864149267, -0.00240432820283, 0.0125945443287, -0.00374285038561, 0.00188095832709, -0.00618995865807, 0.0050799632445, -0.00315264193341], [-0.000252524594544, -0.0015273130266, 0.00221547251567, -0.000814776984043, 0.000491300423164, -0.000790701829828, 0.00241692061536, -0.00374285038561, 0.0149032492191, -0.00480021629483, 0.00643535749987, -0.00556639023125, 0.00653974758461], [0.000738967733923, 0.00135106476955, -0.000365992134903, 0.000303371547488, -0.000372512702597, -0.000518010579981, -0.0020786493551, 0.00188095832709, -0.00480021629483, 0.0126562276855, -0.00638221250847, 0.005249037873, -0.00708965212107], [-0.000330340553774, -0.00231198687106, 0.00215077772737, 0.00043993559666, 0.00296824332327, -0.000836562481709, 0.00404608109966, -0.00618995865807, 0.00643535749987, -0.00638221250847, 0.0238953307271, -0.0100016193464, 0.00820377469063], [0.000845905393362, 0.00154472142458, 0.000318159116432, -0.000258960091742, -0.0010524179088, 0.0012213406153, -0.00287792924792, 0.0050799632445, -0.00556639023125, 0.005249037873, -0.0100016193464, 0.0182896759361, -0.00970133487135], [3.59798432328e-05, -0.000572053366341, 0.00183255656157, -0.000197211513296, 0.000503096496686, -0.00231999345124, 0.00488578621298, -0.00315264193341, 0.00653974758461, -0.00708965212107, 0.00820377469063, -0.00970133487135, 0.0210396107286]]
    },
    "melbands": {
        "dmean": [2.35222796618e-05, 0.000203246439924, 0.00045653586858, 0.000353234674549, 0.000197632427444, 0.000210413199966, 0.000138765361044, 0.000143798868521, 0.000102776532003, 8.79791696207e-05, 7.36937508918e-05, 6.72314345138e-05, 5.10606369062e-05, 3.24289685523e-05, 2.91835476673e-05, 2.35059360421e-05, 1.94926869881e-05, 1.69745453604e-05, 1.38573523145e-05, 9.93575667962e-06, 8.77097409102e-06, 6.48108016321e-06, 4.42681448476e-06, 3.2034877222e-06, 3.74310297957e-06, 3.50106643054e-06, 3.74400815417e-06, 4.11936480305e-06, 2.53165126196e-06, 1.63371009876e-06, 1.41207772231e-06, 1.36611060952e-06, 1.47789091898e-06, 1.22393782931e-06, 9.20605486954e-07, 5.41229951523e-07, 2.90805672876e-07, 1.53683274107e-07, 5.60259998394e-08, 1.46567495918e-08],
        "dmean2": [3.93049558625e-05, 0.000323505577398, 0.000712176435627, 0.000562038156204, 0.000310487288516, 0.000321374827763, 0.000214402854908, 0.000219282199396, 0.000153617773321, 0.000142002609209, 0.000119829950563, 0.000111922250653, 8.5997126007e-05, 5.38553395018e-05, 4.76041459478e-05, 3.91158864659e-05, 3.23969579767e-05, 2.84302805085e-05, 2.3269569283e-05, 1.67412727023e-05, 1.42493627209e-05, 1.05339831862e-05, 7.3900573625e-06, 5.36867810297e-06, 6.15315502728e-06, 5.50829690837e-06, 5.70650809095e-06, 6.36064351056e-06, 3.78477216145e-06, 2.59322951024e-06, 2.19722028305e-06, 2.07539028452e-06, 2.14873261939e-06, 1.82309247521e-06, 1.351887704e-06, 8.19816364128e-07, 4.41171124521e-07, 2.2201609795e-07, 8.46505514573e-08, 2.25967280443e-08],
        "dvar": [3.58478025042e-09, 2.49744545044e-07, 9.85821884569e-07, 6.39436052552e-07, 1.8589220474e-07, 2.7260264801e-07, 1.86713108974e-07, 3.32112620072e-07, 2.43132546984e-07, 1.12512026362e-07, 1.074951399e-07, 1.22062047581e-07, 7.12112395718e-08, 1.5383060159e-08, 8.36261815351e-09, 8.52307646682e-09, 4.87215601197e-09, 3.50906637081e-09, 3.14886583475e-09, 1.57766644193e-09, 9.41330235982e-10, 3.93414772981e-10, 2.031777524e-10, 1.54893639581e-10, 2.41791170419e-10, 4.38676567294e-10, 6.87123136167e-10, 1.89105042736e-09, 4.05376010537e-10, 1.01221912796e-10, 7.41476810506e-11, 7.00824606681e-11, 9.52119216802e-11, 9.99629684584e-11, 6.72121247547e-11, 1.50299842017e-11, 3.70651339482e-12, 6.85937960078e-13, 6.54811762538e-14, 5.57953392554e-15],
        "dvar2": [8.54125570271e-09, 5.76467130031e-07, 2.3381585379e-06, 1.60670174409e-06, 4.21918798565e-07, 5.73191982767e-07, 3.96526758095e-07, 7.58748456064e-07, 4.85725536237e-07, 2.47638553219e-07, 2.31669091022e-07, 3.21749922705e-07, 2.03304978186e-07, 4.37772449402e-08, 2.16430677824e-08, 2.2373248143e-08, 1.35491422526e-08, 9.8499057799e-09, 9.25614696001e-09, 4.39917524631e-09, 2.40113817718e-09, 1.04661146416e-09, 5.75773428935e-10, 4.26098822892e-10, 6.74065303574e-10, 1.02504049693e-09, 1.58971036335e-09, 4.34321645315e-09, 6.73094135983e-10, 2.24688254113e-10, 1.61860247427e-10, 1.30949029398e-10, 1.5090551031e-10, 1.55445128991e-10, 1.14113780925e-10, 3.10487122124e-11, 7.8296544595e-12, 1.19087411373e-12, 1.31368291354e-13, 1.2065119513e-14],
        "max": [0.00215255422518, 0.0103870620951, 0.024982240051, 0.0210082046688, 0.0140379490331, 0.0188078265637, 0.0116017051041, 0.0199942905456, 0.0214826464653, 0.0155937476084, 0.022188551724, 0.0143174771219, 0.0155360931531, 0.00343231973238, 0.00194175483193, 0.00369212403893, 0.00225208722986, 0.00147686724085, 0.0017557562096, 0.00136485043913, 0.00156607490499, 0.000595955760218, 0.000467532896437, 0.000442202494014, 0.00068567803828, 0.00146238692105, 0.00140800757799, 0.0028558014892, 0.00155842734966, 0.000441276177298, 0.000328475347487, 0.0004251418286, 0.000588526250795, 0.000607086229138, 0.00049771531485, 0.000198479290702, 9.56943622441e-05, 2.78882253042e-05, 7.47196463635e-06, 3.24528855344e-06],
        "mean": [3.7861365854e-05, 0.000413371773902, 0.00107300956734, 0.000740918680094, 0.00043024047045, 0.000408723717555, 0.000241411325987, 0.000242570939008, 0.000168543687323, 0.000150509236846, 0.000135401220177, 0.000116649025586, 8.66093032528e-05, 5.62880268262e-05, 4.98579356645e-05, 4.10358588852e-05, 3.57438111678e-05, 3.2451680454e-05, 2.60476044787e-05, 1.86189136002e-05, 1.72048603417e-05, 1.26881104734e-05, 8.69964605954e-06, 6.60255909679e-06, 7.14129737389e-06, 6.31216244074e-06, 5.87644808547e-06, 5.58693409403e-06, 3.93242635255e-06, 2.59417333837e-06, 2.30777050092e-06, 2.22278708861e-06, 2.27913164963e-06, 1.97638223653e-06, 1.34152719511e-06, 7.95296898559e-07, 4.32839811992e-07, 2.37045838958e-07, 7.53141549126e-08, 1.66836056081e-08],
        "median": [1.34328965942e-05, 0.000101256468042, 0.000236555744777, 0.000304606946884, 0.000188353544218, 0.000202384544536, 9.19567173696e-05, 7.31292821001e-05, 3.05715075228e-05, 3.27661764459e-05, 1.72869949893e-05, 9.38677567319e-06, 1.27717485157e-05, 5.70260453969e-06, 5.31387286173e-06, 2.51370374826e-06, 2.37285803451e-06, 2.64303707809e-06, 1.59124556376e-06, 7.36453216632e-07, 9.34958109156e-07, 1.06433856217e-06, 6.42276290819e-07, 3.40629355833e-07, 2.7364711741e-07, 2.5318180974e-07, 1.63567307254e-07, 6.45154756285e-08, 3.49765194585e-08, 3.45960451398e-08, 3.16160893021e-08, 2.93477278035e-08, 2.44538185257e-08, 2.51923566452e-08, 2.25126797204e-08, 1.48988927862e-08, 7.02621338888e-09, 5.30440580349e-09, 1.82601544996e-09, 3.27925103738e-10],
        "min": [2.8430065819e-24, 2.70493067994e-24, 5.0310905851e-24, 4.72194072951e-24, 5.83177335984e-24, 8.74954660062e-24, 5.66491547332e-24, 1.92273919924e-24, 2.87784405998e-24, 7.73119106971e-24, 5.33210846805e-24, 6.99995329817e-24, 5.67280802668e-24, 7.66046732298e-24, 6.65647773801e-24, 4.9159346423e-24, 2.27771930963e-24, 9.99690845231e-24, 7.29002770822e-24, 5.95656129429e-24, 3.91440630337e-24, 4.54826866249e-24, 4.48825567469e-24, 5.3824650095e-24, 5.24602244404e-24, 7.89649608354e-24, 5.63783387845e-24, 4.52519211443e-24, 4.55945116025e-24, 5.25598930715e-24, 6.20000337521e-24, 9.09603560944e-24, 8.94596034424e-24, 8.86842557245e-24, 8.32152329522e-24, 6.26163392229e-24, 7.68720418564e-24, 8.73672208888e-24, 7.14638639257e-24, 7.29110450335e-24],
        "var": [8.03574096153e-09, 7.25237441657e-07, 3.86583724321e-06, 1.70646148945e-06, 5.49285175566e-07, 5.90495460528e-07, 3.15813224461e-07, 6.1449355826e-07, 4.87629392865e-07, 2.28070675234e-07, 2.66603393584e-07, 2.12808259903e-07, 8.49080308285e-08, 2.82986487576e-08, 1.76503149873e-08, 1.63302598111e-08, 1.14635509973e-08, 9.47449851907e-09, 7.47040562743e-09, 3.85050391571e-09, 2.98203262084e-09, 1.08833342338e-09, 6.20498541437e-10, 4.29986907191e-10, 5.5473770022e-10, 6.90017654126e-10, 1.07814834838e-09, 2.42318853871e-09, 8.21215706548e-10, 1.57100388254e-10, 1.24441942861e-10, 1.30879501681e-10, 1.92196855653e-10, 2.04702518825e-10, 1.13839652982e-10, 2.42187641469e-11, 5.7366615798e-12, 1.44159597454e-12, 1.13434936899e-13, 8.223537106e-15]
    },
    "mfcc": {
        "mean": [-747.099609375, 178.27154541, -6.53630542755, 11.7322387695, -7.34598350525, -2.24553442001, -16.4911289215, 0.974598705769, -14.8683919907, -3.4198820591, -8.35638427734, -4.54237270355, -5.72847652435],
        "cov": [[8721.38085938, -3463.6081543, -1833.04455566, 352.817932129, -1144.31530762, 583.423034668, -242.202011108, 638.379943848, -91.6181411743, 556.681335449, -143.335235596, 230.789154053, -115.820487976], [-3463.6081543, 2634.02270508, 660.607666016, -73.1634979248, 650.582763672, -375.673156738, 77.8084564209, -243.335464478, -68.5534591675, -235.673324585, 33.3086128235, -141.275848389, 36.3198776245], [-1833.04455566, 660.607666016, 1167.47229004, 248.329162598, 259.275909424, -56.115196228, 27.2871818542, -187.152786255, -37.8561210632, -164.621444702, -30.4527740479, -89.743019104, -0.043860565871], [352.817932129, -73.1634979248, 248.329162598, 450.941101074, 42.0495758057, 7.63557481766, -62.4500198364, -5.58525848389, -49.9580154419, -33.7926521301, -53.1720733643, -40.5495872498, -8.76446914673], [-1144.31530762, 650.582763672, 259.275909424, 42.0495758057, 378.253570557, -102.998725891, 2.60776185989, -85.6400604248, 5.1914358139, -83.9248962402, 6.82047224045, -54.7165908813, 24.2747459412], [583.423034668, -375.673156738, -56.115196228, 7.63557481766, -102.998725891, 202.965072632, 2.96877789497, 36.4273071289, 34.5109825134, 38.2538146973, -7.70248603821, 34.1666145325, -20.3333015442], [-242.202011108, 77.8084564209, 27.2871818542, -62.4500198364, 2.60776185989, 2.96877789497, 161.428634644, -9.53389358521, 36.4083709717, 4.9922451973, 15.2756433487, 14.0941514969, -0.0829614251852], [638.379943848, -243.335464478, -187.152786255, -5.58525848389, -85.6400604248, 36.4273071289, -9.53389358521, 187.026428223, -12.9035320282, 45.9446487427, -1.67440032959, 12.9383058548, -7.56744384766], [-91.6181411743, -68.5534591675, -37.8561210632, -49.9580154419, 5.1914358139, 34.5109825134, 36.4083709717, -12.9035320282, 138.542922974, 12.8356790543, 18.1074390411, 24.8715362549, 5.76121377945], [556.681335449, -235.673324585, -164.621444702, -33.7926521301, -83.9248962402, 38.2538146973, 4.9922451973, 45.9446487427, 12.8356790543, 170.250152588, -4.18526935577, 24.6460590363, -3.19468593597], [-143.335235596, 33.3086128235, -30.4527740479, -53.1720733643, 6.82047224045, -7.70248603821, 15.2756433487, -1.67440032959, 18.1074390411, -4.18526935577, 106.296913147, 19.7338867188, 5.83734130859], [230.789154053, -141.275848389, -89.743019104, -40.5495872498, -54.7165908813, 34.1666145325, 14.0941514969, 12.9383058548, 24.8715362549, 24.6460590363, 19.7338867188, 100.755096436, 4.44963788986], [-115.820487976, 36.3198776245, -0.043860565871, -8.76446914673, 24.2747459412, -20.3333015442, -0.0829614251852, -7.56744384766, 5.76121377945, -3.19468593597, 5.83734130859, 4.44963788986, 68.2286529541]],
