{
"lowlevel": {
    "average_loudness": 0.894587039948,
    "barkbands_crest": {
        "dmean": 2.13000416756,
        "dmean2": 3.41674423218,
        "dvar": 4.31267976761,
        "dvar2": 10.4708862305,
        "max": 25.559677124,
        "mean": 9.18847370148,
        "median": 8.2743768692,
        "min": 2.57256412506,
        "var": 13.4756669998
    },
    "barkbands_flatness_db": {
        "dmean": 0.01679523848,
        "dmean2": 0.0263328552246,
        "dvar": 0.000280086824205,
        "dvar2": 0.000644443556666,
        "max": 0.345086485147,
        "mean": 0.149658933282,
        "median": 0.149990960956,
        "min": 0.0467184856534,
        "var": 0.00216880324297
    },
    "barkbands_kurtosis": {
        "dmean": 1.96851909161,
        "dmean2": 3.11713790894,
        "dvar": 10.314330101,
        "dvar2": 24.5133533478,
        "max": 83.2873001099,
        "mean": 3.6167743206,
        "median": 2.36612033844,
        "min": -1.90320491791,
        "var": 27.4677619934
    },
    "barkbands_skewness": {
        "dmean": 0.400999248028,
        "dmean2": 0.615986585617,
        "dvar": 0.194562569261,
        "dvar2": 0.439294278622,
        "max": 8.2095117569,
        "mean": 0.986955881119,
        "median": 1.10993027687,
        "min": -3.70550203323,
        "var": 2.00693464279
    },
    "barkbands_spread": {
        "dmean": 4.01124572754,
        "dmean2": 6.22490358353,
        "dvar": 34.4585800171,
        "dvar2": 67.1462478638,
        "max": 104.77696228,
        "mean": 18.1334133148,
        "median": 15.9208202362,
        "min": 1.48425269127,
        "var": 136.570877075
    },
    "dissonance": {
        "dmean": 0.0195957925171,
        "dmean2": 0.0329926274717,
        "dvar": 0.000401172786951,
        "dvar2": 0.00107700179797,
        "max": 0.499993413687,
        "mean": 0.457386642694,
        "median": 0.464104145765,
        "min": 0.262803316116,
        "var": 0.00110538839363
    },
    "dynamic_complexity": 2.60165977478,
    "erbbands_crest": {
        "dmean": 2.47768640518,
        "dmean2": 3.95689249039,
        "dvar": 6.24285840988,
        "dvar2": 14.6930580139,
        "max": 31.691986084,
        "mean": 9.50440216064,
        "median": 8.26837253571,
        "min": 2.57931017876,
        "var": 25.7480392456
    },
    "erbbands_flatness_db": {
        "dmean": 0.0143813407049,
        "dmean2": 0.0211392939091,
        "dvar": 0.00020919230883,
        "dvar2": 0.000407418992836,
        "max": 0.342507094145,
        "mean": 0.185718238354,
        "median": 0.1901152879,
        "min": 0.0778115317225,
        "var": 0.00246537150815
    },
    "erbbands_kurtosis": {
        "dmean": 0.882059633732,
        "dmean2": 1.39400649071,
        "dvar": 1.49885511398,
        "dvar2": 3.46613454819,
        "max": 23.2194843292,
        "mean": 0.740175127983,
        "median": 0.175208568573,
        "min": -1.88229119778,
        "var": 4.25703477859
    },
    "erbbands_skewness": {
        "dmean": 0.314142912626,
        "dmean2": 0.483211219311,
        "dvar": 0.100018873811,
        "dvar2": 0.229276657104,
        "max": 4.31457805634,
        "mean": 0.475638687611,
        "median": 0.481922984123,
        "min": -2.95247292519,
        "var": 0.593695700169
    },
    "erbbands_spread": {
        "dmean": 6.23403358459,
        "dmean2": 9.2913942337,
        "dvar": 60.0277252197,
        "dvar2": 120.414466858,
        "max": 126.40171051,
        "mean": 32.5088195801,
        "median": 30.3071231842,
        "min": 4.18065214157,
        "var": 292.597961426
    },
    "hfc": {
        "dmean": 4.83650112152,
        "dmean2": 7.17669248581,
        "dvar": 87.3230209351,
        "dvar2": 186.508926392,
        "max": 253.296020508,
        "mean": 18.6084671021,
        "median": 14.656496048,
        "min": 1.05689826395e-16,
        "var": 314.910491943
    },
    "melbands_crest": {
        "dmean": 2.61338162422,
        "dmean2": 4.23115682602,
        "dvar": 6.83034753799,
        "dvar2": 16.9607620239,
        "max": 32.9159469604,
        "mean": 10.9135828018,
        "median": 10.3792390823,
        "min": 1.52248466015,
        "var": 29.2755737305
    },
    "melbands_flatness_db": {
        "dmean": 0.0185305774212,
        "dmean2": 0.0282953809947,
        "dvar": 0.000464523967821,
        "dvar2": 0.00102523027454,
        "max": 0.453508794308,
        "mean": 0.179657399654,
        "median": 0.191369116306,
        "min": 0.00222038454376,
        "var": 0.00674982555211
    },
    "melbands_kurtosis": {
        "dmean": 3.8343565464,
        "dmean2": 5.95028209686,
        "dvar": 58.4013748169,
        "dvar2": 137.30078125,
        "max": 193.647277832,
        "mean": 7.9212346077,
        "median": 4.40191316605,
        "min": -1.73441267014,
        "var": 150.643814087
    },
    "melbands_skewness": {
        "dmean": 0.504864633083,
        "dmean2": 0.763673484325,
        "dvar": 0.366238713264,
        "dvar2": 0.790912330151,
        "max": 12.5854177475,
        "mean": 1.7898170948,
        "median": 1.64879357815,
        "min": -1.90497708321,
        "var": 2.13731217384
    },
    "melbands_spread": {
        "dmean": 6.22715902328,
        "dmean2": 9.87496089935,
        "dvar": 85.3614578247,
        "dvar2": 197.537200928,
        "max": 181.264968872,
        "mean": 33.3355979919,
        "median": 19.8093242645,
        "min": 1.44526970387,
        "var": 1433.54003906
    },
    "pitch_salience": {
        "dmean": 0.0566703639925,
        "dmean2": 0.0903141796589,
        "dvar": 0.0031379009597,
        "dvar2": 0.00758057553321,
        "max": 0.871339917183,
        "mean": 0.604393005371,
        "median": 0.600974321365,
        "min": 0.120837457478,
        "var": 0.0155421458185
    },
    "silence_rate_20dB": {
        "dmean": 0,
        "dmean2": 0,
        "dvar": 0,
        "dvar2": 0,
        "max": 1,
        "mean": 1,
        "median": 1,
        "min": 1,
        "var": 0
    },
    "silence_rate_30dB": {
        "dmean": 0.00363372103311,
        "dmean2": 0.00726832216606,
        "dvar": 0.00362061406486,
        "dvar2": 0.00939631555229,
        "max": 1,
        "mean": 0.997093379498,
        "median": 1,
        "min": 0,
        "var": 0.00289787957445
    },
    "silence_rate_60dB": {
        "dmean": 0.00654069753364,
        "dmean2": 0.0130829801783,
        "dvar": 0.00649716192856,
        "dvar2": 0.0155739281327,
        "max": 1,
        "mean": 0.134915828705,
        "median": 0,
        "min": 0,
        "var": 0.116700746119
    },
    "spectral_centroid": {
        "dmean": 217.205184937,
        "dmean2": 343.56829834,
        "dvar": 82960.15625,
        "dvar2": 188367.484375,
        "max": 12043.7871094,
        "mean": 2244.26879883,
        "median": 1128.23925781,
        "min": 275.448669434,
        "var": 9819095
    },
    "spectral_complexity": {
        "dmean": 2.56031966209,
        "dmean2": 4.05887317657,
        "dvar": 10.5430116653,
        "dvar2": 22.9410228729,
        "max": 53,
        "mean": 16.7008590698,
        "median": 17,
        "min": 0,
        "var": 87.8653793335
    },
    "spectral_decrease": {
        "dmean": 1.64547875325e-09,
        "dmean2": 2.5187039121e-09,
        "dvar": 7.0299855145e-18,
        "dvar2": 1.60735205459e-17,
        "max": 2.03739458437e-28,
        "mean": -6.02450755949e-09,
        "median": -5.44482148257e-09,
        "min": -7.27640880882e-08,
        "var": 2.3517762247e-17
    },
    "spectral_energy": {
        "dmean": 0.0065233707428,
        "dmean2": 0.00996149517596,
        "dvar": 0.000106492472696,
        "dvar2": 0.000241606350755,
        "max": 0.283298432827,
        "mean": 0.0244257599115,
        "median": 0.022378442809,
        "min": 9.67942680561e-21,
        "var": 0.000372890732251
    },
    "spectral_energyband_high": {
        "dmean": 0.00031405329355,
        "dmean2": 0.00045606380445,
        "dvar": 1.05680817342e-06,
        "dvar2": 2.20600963985e-06,
        "max": 0.0319029726088,
        "mean": 0.000726248137653,
        "median": 0.000250871380558,
        "min": 6.89970493638e-21,
        "var": 2.58450972979e-06
    },
    "spectral_energyband_low": {
        "dmean": 0.00175705028232,
        "dmean2": 0.00295777944848,
        "dvar": 1.4956832274e-05,
        "dvar2": 3.90093155147e-05,
        "max": 0.0819221436977,
        "mean": 0.00364613300189,
        "median": 0.00223255087622,
        "min": 5.14102190211e-24,
        "var": 2.76481423498e-05
    },
    "spectral_energyband_middle_high": {
        "dmean": 0.00166224304121,
        "dmean2": 0.00257936026901,
        "dvar": 8.93320611794e-06,
        "dvar2": 2.20915735554e-05,
        "max": 0.0553537160158,
        "mean": 0.00551849370822,
        "median": 0.00308284070343,
        "min": 1.0417189719e-21,
        "var": 4.29444335168e-05
    },
    "spectral_energyband_middle_low": {
        "dmean": 0.00525522232056,
        "dmean2": 0.0080257486552,
        "dvar": 8.87350688572e-05,
        "dvar2": 0.000205189280678,
        "max": 0.246439635754,
        "mean": 0.0155027452856,
        "median": 0.0120398113504,
        "min": 9.25785890677e-23,
        "var": 0.000234925741097
    },
    "spectral_entropy": {
        "dmean": 0.127859592438,
        "dmean2": 0.187975808978,
        "dvar": 0.0234267953783,
        "dvar2": 0.0456008836627,
        "max": 9.82776165009,
        "mean": 7.6308555603,
        "median": 7.44438648224,
        "min": 5.50547647476,
        "var": 0.739539504051
    },
    "spectral_flux": {
        "dmean": 0.0182479657233,
        "dmean2": 0.0290860179812,
        "dvar": 0.000548832875211,
        "dvar2": 0.00127757852897,
        "max": 0.423936575651,
        "mean": 0.0693744570017,
        "median": 0.0675062835217,
        "min": 6.24229973267e-11,
        "var": 0.0019453142304
    },
    "spectral_kurtosis": {
        "dmean": 1.84845745564,
        "dmean2": 3.17095589638,
        "dvar": 6.62449741364,
        "dvar2": 16.934425354,
        "max": 82.5796432495,
        "mean": 3.90893888474,
        "median": 3.04406166077,
        "min": -1.3096293211,
        "var": 24.0101852417
    },
    "spectral_rms": {
        "dmean": 0.000580461753998,
        "dmean2": 0.000871897966135,
        "dvar": 5.2311025911e-07,
        "dvar2": 1.11397457658e-06,
        "max": 0.0166249424219,
        "mean": 0.0043526571244,
        "median": 0.00467253988609,
        "min": 3.07300235605e-12,
        "var": 4.88445357405e-06
    },
    "spectral_rolloff": {
        "dmean": 355.130249023,
        "dmean2": 594.548339844,
        "dvar": 611529.5,
        "dvar2": 1179662.625,
        "max": 19832.0800781,
        "mean": 3265.35766602,
        "median": 1162.79296875,
        "min": 86.1328125,
        "var": 31280934
    },
    "spectral_skewness": {
        "dmean": 0.226127311587,
        "dmean2": 0.369660705328,
        "dvar": 0.0647784695029,
        "dvar2": 0.155819728971,
        "max": 7.32079744339,
        "mean": 1.3000344038,
        "median": 1.31044614315,
        "min": -0.145889624953,
        "var": 0.52965682745
    },
    "spectral_spread": {
        "dmean": 427299.96875,
        "dmean2": 640207,
        "dvar": 601398312960,
        "dvar2": 1.15358026957e+12,
        "max": 43099644,
        "mean": 7818411.5,
        "median": 3688350.75,
        "min": 1093273.5,
        "var": 1.34098064507e+14
    },
    "spectral_strongpeak": {
        "dmean": 0.549339294434,
        "dmean2": 0.899874031544,
        "dvar": 0.638076663017,
        "dvar2": 1.55461120605,
        "max": 12.2492437363,
        "mean": 1.34263241291,
        "median": 0.850408196449,
        "min": 0,
        "var": 2.35202884674
    },
    "zerocrossingrate": {
        "dmean": 0.00833052955568,
        "dmean2": 0.0104585057124,
        "dvar": 0.000200112772291,
        "dvar2": 0.000219170557102,
        "max": 0.76025390625,
        "mean": 0.102958448231,
        "median": 0.0498046875,
        "min": 0.0087890625,
        "var": 0.0207468960434
    },
    "barkbands": {
        "dmean": [6.24873282504e-05, 0.000934469338972, 0.000796032778453, 0.00130718701985, 0.0026086953003, 0.00129081855994, 0.000792003120296, 0.000943428254686, 0.000943360151723, 0.000665156869218, 0.000536393315997, 0.00039924288285, 0.000390782952309, 0.000254532322288, 0.000288184033707, 0.000129493433633, 0.000137397437356, 9.96665839921e-05, 0.000108990352601, 0.000114529007988, 0.000113659996714, 8.00334382802e-05, 4.85433010908e-05, 6.42674058327e-05, 3.00050924125e-05, 4.03093463319e-06, 1.69680514084e-09],
        "dmean2": [0.000113201305794, 0.00157610792667, 0.00136365892831, 0.00212810980156, 0.00406990386546, 0.00190852116793, 0.00118814583402, 0.00141592114232, 0.00136688968632, 0.00100467144512, 0.000849759031553, 0.000618733931333, 0.000620256585535, 0.000402107631089, 0.000451751402579, 0.000211558246519, 0.000224705800065, 0.000161158561241, 0.000174786648131, 0.000184224772966, 0.000182187359314, 0.000123330988572, 7.41210242268e-05, 9.04445769265e-05, 4.36703739979e-05, 5.75227568334e-06, 3.09130321341e-09],
        "dvar": [9.92626070229e-09, 4.13172119806e-06, 4.91827313454e-06, 1.62501528393e-05, 4.30568106822e-05, 5.17309445058e-06, 3.83254609915e-06, 7.55810560804e-06, 5.74141495235e-06, 2.58822774413e-06, 3.4388262975e-06, 1.16929038541e-06, 1.62236733559e-06, 4.5400520321e-07, 5.46116950773e-07, 1.03290872744e-07, 8.10326099554e-08, 6.73697115872e-08, 1.1566220337e-07, 1.00857221241e-07, 9.00229935041e-08, 8.50012824571e-08, 5.2935249073e-08, 1.58589941179e-07, 3.75051953938e-08, 4.74537742434e-10, 9.68593292493e-17],
        "dvar2": [3.12137728997e-08, 1.14746890176e-05, 1.32650884552e-05, 3.99019154429e-05, 0.000103092184872, 1.2719247934e-05, 8.73845510796e-06, 1.68882579601e-05, 1.20898657769e-05, 6.27530334896e-06, 9.03191994439e-06, 2.5599977107e-06, 4.09630274589e-06, 1.10842404411e-06, 1.07414280137e-06, 2.61991203843e-07, 2.04879356147e-07, 1.60937517535e-07, 3.05087951347e-07, 2.65852662551e-07, 2.35514306723e-07, 2.02800436e-07, 1.12845050637e-07, 2.86186008225e-07, 7.39444558917e-08, 1.04681918689e-09, 2.76196665323e-16],
        "max": [0.00208096881397, 0.0401543751359, 0.0552568882704, 0.102270275354, 0.205333903432, 0.0447238460183, 0.0402573011816, 0.0787754356861, 0.0649289116263, 0.0354272425175, 0.0493841469288, 0.0281751565635, 0.0386794470251, 0.0274775028229, 0.0321374312043, 0.00817353092134, 0.0105302957818, 0.00831534899771, 0.0158631820232, 0.00861108116806, 0.00804835092276, 0.00892023555934, 0.00986119732261, 0.0134617593139, 0.00616741739213, 0.000553416146431, 4.03380369107e-07],
        "mean": [7.25272038835e-05, 0.00171542249154, 0.00117945426609, 0.00186646636575, 0.00508794374764, 0.00292018777691, 0.00155749800615, 0.00162693741731, 0.00186120579019, 0.00119148939848, 0.00100750557613, 0.000726706522983, 0.000865990994498, 0.000467621139251, 0.00055199774215, 0.000238142136368, 0.000258842861513, 0.000190105871297, 0.000196822118596, 0.000210156998946, 0.000240177978412, 0.000155821966473, 8.57120467117e-05, 0.000100133642263, 4.58626018371e-05, 5.01468821312e-06, 1.43174971878e-09],
        "median": [3.35780605383e-05, 0.000898094032891, 0.000465475663077, 0.000456434150692, 0.00211768969893, 0.0018981838366, 0.000653644092381, 0.000433605426224, 0.000465369899757, 0.000351293099811, 0.000213270803215, 0.000225703697652, 0.000139488518471, 0.000163529082783, 0.000172233820194, 0.000108691288915, 0.00012017411791, 6.81086385157e-05, 8.53409073898e-05, 9.1867041192e-05, 8.61362568685e-05, 4.70285012852e-05, 1.74304186658e-05, 8.1075113485e-06, 2.34405229094e-06, 3.01837445704e-07, 4.27889945698e-10],
        "min": [6.30138639824e-26, 1.43062942555e-24, 9.20456586018e-26, 3.9315503709e-25, 3.49831294144e-24, 2.8813310224e-24, 1.88873318055e-24, 2.25310389116e-24, 7.22999854877e-24, 9.3263601168e-24, 8.38536028625e-24, 8.18770093126e-24, 1.99889874982e-23, 1.83833226567e-23, 2.64661445306e-23, 3.8049017601e-23, 3.9165363067e-23, 7.28707989279e-23, 1.04380490946e-22, 1.22687055859e-22, 1.72434088668e-22, 2.83432624049e-22, 3.59790396437e-22, 5.21306195793e-22, 7.70946265338e-22, 1.19410448252e-21, 1.88707806991e-21],
        "var": [1.22346124343e-08, 6.8026097324e-06, 5.83740484217e-06, 2.49391869147e-05, 7.86317250459e-05, 1.2789113498e-05, 9.51889614953e-06, 1.50843115989e-05, 1.76563444256e-05, 6.62501452098e-06, 8.57989198266e-06, 3.35589857059e-06, 7.8096118159e-06, 1.10610437787e-06, 2.03425383916e-06, 1.85155556665e-07, 1.76794955564e-07, 1.72538904053e-07, 1.46408879687e-07, 1.44455114537e-07, 2.30386888234e-07, 1.42189335861e-07, 8.98514755932e-08, 3.59412666739e-07, 8.24468386895e-08, 5.95753502086e-10, 6.78358313384e-17]
    },
    "erbbands": {
        "dmean": [0.0221451055259, 0.236492261291, 0.769486963749, 2.48920178413, 8.97573280334, 8.04354572296, 7.90946149826, 10.790102005, 11.486415863, 14.0181541443, 22.5975189209, 22.1473731995, 21.0259971619, 18.0746135712, 17.6445274353, 18.9170799255, 18.2583618164, 13.612616539, 12.3636493683, 13.0166091919, 6.68457555771, 5.81379795074, 5.54476547241, 4.64552593231, 6.35223913193, 4.79125499725, 5.20098543167, 3.68897509575, 2.88685441017, 2.02310848236, 1.32991182804, 1.44188404083, 1.02116429806, 0.507640302181, 0.111010804772, 0.0297269336879, 0.00562749942765, 0.000304172834149, 1.10605251393e-05, 8.2350206867e-06],
        "dmean2": [0.0381965003908, 0.397336810827, 1.32902526855, 4.093542099, 14.1248025894, 12.4284849167, 11.4204626083, 15.8683280945, 16.8433303833, 20.6875572205, 33.9279670715, 32.0118522644, 31.2807922363, 28.1259346008, 27.2464370728, 29.1254863739, 28.6620483398, 21.291053772, 18.8202819824, 21.0951919556, 10.8358354568, 9.38228416443, 8.91475868225, 7.46534252167, 10.1981716156, 7.62544822693, 8.32840919495, 5.79441595078, 4.41779518127, 3.13728713989, 2.04445433617, 2.07113957405, 1.44381451607, 0.731200039387, 0.151604473591, 0.0409021116793, 0.00816243421286, 0.000447497557616, 1.57121776283e-05, 1.23545823953e-05],
        "dvar": [0.00238900026307, 0.2671905756, 3.74438500404, 48.7368927002, 741.549865723, 551.587646484, 269.058776855, 384.188751221, 593.153930664, 1842.56604004, 3721.0534668, 3733.53662109, 2644.73754883, 2560.97875977, 3152.02148438, 2394.23461914, 3806.77612305, 1026.75402832, 1382.22290039, 1166.99072266, 229.813522339, 139.633224487, 215.818191528, 135.983001709, 517.129943848, 150.202545166, 193.928482056, 104.07989502, 88.0738601685, 79.5252380371, 53.1882820129, 76.7667617798, 43.6791038513, 11.9454507828, 0.337950855494, 0.022236764431, 0.00116791611072, 4.27328632213e-06, 2.17953899373e-09, 1.73382155855e-10],
        "dvar2": [0.00704235909507, 0.728356182575, 10.2240524292, 120.700668335, 1660.00036621, 1322.52001953, 597.86730957, 899.588012695, 1338.37109375, 4165.28320312, 8682.14550781, 7516.34423828, 6466.28369141, 6470.12402344, 7575.84912109, 5260.29248047, 9858.65917969, 2396.94677734, 2727.89746094, 2570.33105469, 618.945495605, 357.118133545, 513.61907959, 342.951477051, 1379.98425293, 384.920227051, 507.793792725, 266.310638428, 198.554855347, 192.83531189, 116.322624207, 148.01335144, 80.7911758423, 23.8176078796, 0.561737835407, 0.0455557592213, 0.0026632391382, 9.84751750366e-06, 4.70091565674e-09, 3.73187480918e-10],
        "max": [1.09585273266, 9.92751979828, 46.0127487183, 160.661743164, 836.473693848, 870.619384766, 431.564819336, 479.494232178, 630.097473145, 1118.10266113, 1277.26171875, 1763.70898438, 1414.9753418, 1171.53710938, 1771.37963867, 1226.55505371, 2016.40368652, 1259.97705078, 1997.23034668, 1437.67358398, 519.550170898, 406.993804932, 492.038543701, 358.094421387, 1025.04321289, 362.016479492, 393.684356689, 245.76234436, 297.637969971, 253.178497314, 356.618286133, 271.382751465, 231.58631897, 110.210502625, 21.7467327118, 3.50796771049, 0.833245456219, 0.0577530637383, 0.00119660666678, 0.000364332780009],
        "mean": [0.0420924201608, 0.413636505604, 1.23306906223, 3.98487448692, 14.446814537, 15.5932788849, 16.906244278, 23.9072341919, 24.5968589783, 25.6580753326, 42.3684501648, 44.2910346985, 40.4968719482, 36.3502731323, 34.6336975098, 38.1152420044, 43.1069946289, 27.7885055542, 24.7771472931, 24.2200222015, 13.7722301483, 12.0286035538, 10.9771976471, 9.27913856506, 11.4445619583, 9.52282238007, 10.6636857986, 7.87841081619, 5.84739017487, 3.69360351562, 2.29860925674, 2.1519317627, 1.56286382675, 0.771528422832, 0.169287800789, 0.0404850058258, 0.00650129327551, 0.000327419140376, 2.44903876592e-05, 3.05134890368e-05],
        "median": [0.0195922274143, 0.207307860255, 0.563311636448, 1.47889196873, 3.65617346764, 6.85999536514, 8.82582569122, 14.864771843, 13.9271860123, 8.39152812958, 12.7561426163, 11.7332878113, 15.076505661, 11.0248908997, 11.236158371, 12.6140050888, 8.94446563721, 10.3493852615, 7.45094966888, 10.6501569748, 7.19621086121, 6.21856975555, 4.45063781738, 4.06993532181, 4.91895723343, 4.42246103287, 3.91922688484, 2.9583439827, 1.90789663792, 0.827339589596, 0.456592679024, 0.230359226465, 0.108069971204, 0.0377188585699, 0.010724070482, 0.00284303235821, 0.00026903412072, 1.31733004309e-05, 1.43393963299e-05, 2.75022975984e-05],
        "min": [5.0091468413e-23, 2.23123008776e-22, 2.84950392431e-22, 2.13622321443e-21, 8.28109494376e-21, 1.64258601828e-20, 2.98502438142e-20, 4.89037223765e-20, 7.10339541572e-20, 1.34118806025e-19, 1.59014564319e-19, 2.64222399809e-19, 3.75293705072e-19, 2.91873031434e-19, 7.44375025249e-19, 6.60727212985e-19, 1.1482257451e-18, 1.04645254446e-18, 2.10849123961e-18, 2.29714115204e-18, 2.97973286827e-18, 2.37633583748e-18, 3.91791119286e-18, 5.46213207863e-18, 5.88615809551e-18, 6.52408640136e-18, 7.37844692807e-18, 8.15647895017e-18, 9.50332172049e-18, 1.02110971573e-17, 8.99664629834e-18, 9.79330394629e-18, 8.14724844171e-18, 7.71468592091e-18, 5.50667492743e-18, 3.74620421412e-18, 2.09306225324e-18, 8.51615062559e-19, 2.28702799017e-19, 2.54876512583e-20],
        "var": [0.00415487587452, 0.425248384476, 4.69982767105, 77.1477661133, 1293.16625977, 896.302490234, 735.585632324, 953.927001953, 1538.12939453, 4070.19702148, 8623.63574219, 11015.7304688, 7640.38769531, 6309.34130859, 8619.66601562, 7508.27832031, 17499.4550781, 3383.78857422, 5218.58691406, 2501.78271484, 456.476196289, 315.387695312, 545.286254883, 277.299255371, 575.598266602, 254.884674072, 455.377288818, 234.391265869, 180.906097412, 114.088943481, 83.0185394287, 150.161911011, 97.1783370972, 25.6630649567, 0.871373951435, 0.0357198007405, 0.0012960153399, 4.49765366284e-06, 3.23298054994e-09, 6.15918871461e-10]
    },
    "gfcc": {
        "mean": [-137.402252197, 111.404121399, -128.575439453, 32.4903259277, -65.2941589355, 7.5995850563, -29.9632797241, -3.39033842087, -17.8704414368, -1.85245645046, -9.21940803528, -6.13402795792, 0.329591423273],
        "cov": [[127257.953125, 13304.3369141, -15741.1083984, 4453.43994141, -8295.33300781, 1159.40637207, -3690.99633789, -402.901092529, -2316.20288086, -221.238616943, -1278.15844727, -795.945861816, -51.6565933228], [13304.3369141, 2662.49731445, -1649.7019043, 321.155029297, -738.736938477, -168.648284912, -232.373092651, -142.71862793, -177.714935303, -82.0110778809, -29.5511684418, -139.607940674, 86.0621566772], [-15741.1083984, -1649.7019043, 2764.75219727, -397.327087402, 1003.01403809, -91.6081466675, 368.065002441, 95.1276931763, 221.995101929, 39.4747848511, 98.7621078491, 92.7288360596, -27.3536720276], [4453.43994141, 321.155029297, -397.327087402, 414.30291748, -257.741882324, 86.5922622681, -130.628005981, -31.9162769318, -81.912361145, -28.1603984833, -69.6229019165, -42.1887435913, -1.68895936012], [-8295.33300781, -738.736938477, 1003.01403809, -257.741882324, 770.305480957, -59.6051521301, 252.955825806, 43.0841903687, 134.756484985, 31.1284866333, 77.5969009399, 63.0447273254, -3.08198213577], [1159.40637207, -168.648284912, -91.6081466675, 86.5922622681, -59.6051521301, 229.701889038, -14.9517812729, 43.7306976318, -32.5342941284, 20.0013217926, -23.0038337708, 6.6219162941, -19.8942604065], [-3690.99633789, -232.373092651, 368.065002441, -130.628005981, 252.955825806, -14.9517812729, 331.356750488, 15.4535522461, 88.2413024902, 3.93188261986, 77.8795623779, 26.0749950409, 26.3953342438], [-402.901092529, -142.71862793, 95.1276931763, -31.9162769318, 43.0841903687, 43.7306976318, 15.4535522461, 107.775421143, 20.0068378448, 26.3640937805, -0.493893176317, 28.1536083221, -9.78670597076], [-2316.20288086, -177.714935303, 221.995101929, -81.912361145, 134.756484985, -32.5342941284, 88.2413024902, 20.0068378448, 146.85269165, 23.8991222382, 45.9192466736, 2.4793806076, 15.3243684769], [-221.238616943, -82.0110778809, 39.4747848511, -28.1603984833, 31.1284866333, 20.0013217926, 3.93188261986, 26.3640937805, 23.8991222382, 96.0987548828, 17.7004032135, 14.5214557648, -9.51810836792], [-1278.15844727, -29.5511684418, 98.7621078491, -69.6229019165, 77.5969009399, -23.0038337708, 77.8795623779, -0.493893176317, 45.9192466736, 17.7004032135, 101.486045837, 29.8692951202, 20.7555389404], [-795.945861816, -139.607940674, 92.7288360596, -42.1887435913, 63.0447273254, 6.6219162941, 26.0749950409, 28.1536083221, 2.4793806076, 14.5214557648, 29.8692951202, 80.8800582886, 16.0634403229], [-51.6565933228, 86.0621566772, -27.3536720276, -1.68895936012, -3.08198213577, -19.8942604065, 26.3953342438, -9.78670597076, 15.3243684769, -9.51810836792, 20.7555389404, 16.0634403229, 85.4467163086]],
        "icov": [[0.000415276241256, -0.00102906313259, 0.000836173712742, -0.00129728543106, 0.00145359802991, -0.000987840816379, 0.000824870308861, -0.00100230413955, 0.00122842250858, -0.00100423127878, 0.000941648031585, -0.000605523935519, 0.000535319850314], [-0.00102906313259, 0.00340269342996, -0.00170748087112, 0.00293840630911, -0.00338922301307, 0.00334325782023, -0.00212202081457, 0.00227838172577, -0.00237164692953, 0.00251040584408, -0.00303164473735, 0.00263860472478, -0.00201987847686], [0.000836173712742, -0.00170748087112, 0.00255301455036, -0.0026470166631, 0.00221210508607, -0.00153558584861, 0.00152067281306, -0.00230510812253, 0.00247057643719, -0.00188063993119, 0.00177840096876, -0.000919441576116, 0.00106703699566], [-0.00129728543106, 0.00293840630911, -0.0026470166631, 0.00781995989382, -0.00403453176841, 0.00150958041195, -0.00208392157219, 0.0040295664221, -0.00367548363283, 0.00355501729064, -0.0016809682129, 0.00221769767813, -0.00207884260453], [0.00145359802991, -0.00338922301307, 0.00221210508607, -0.00403453176841, 0.00822811480612, -0.00307410513051, 0.00181338330731, -0.00331020983867, 0.0037309192121, -0.00371841597371, 0.0033693111036, -0.00290980166756, 0.0022078207694], [-0.000987840816379, 0.00334325782023, -0.00153558584861, 0.00150958041195, -0.00307410513051, 0.00899375975132, -0.00278545590118, -0.000256942381384, -0.00119610829279, 0.00128755462356, -0.00252561084926, 0.00219202344306, -0.00105280603748], [0.000824870308861, -0.00212202081457, 0.00152067281306, -0.00208392157219, 0.00181338330731, -0.00278545590118, 0.00661266362295, -0.00204228726216, 0.00131600978784, -0.000986228114925, -0.000486597797135, -0.000690300716087, 0.000123932826682], [-0.00100230413955, 0.00227838172577, -0.00230510812253, 0.0040295664221, -0.00331020983867, -0.000256942381384, -0.00204228726216, 0.0152610698715, -0.00539009971544, 0.000574354839046, 0.000456453155493, -0.00338432914577, 0.000196613720618], [0.00122842250858, -0.00237164692953, 0.00247057643719, -0.00367548363283, 0.0037309192121, -0.00119610829279, 0.00131600978784, -0.00539009971544, 0.0148800332099, -0.00487443106249, -0.000832633115351, 0.00278272107244, -0.00085069303168], [-0.00100423127878, 0.00251040584408, -0.00188063993119, 0.00355501729064, -0.00371841597371, 0.00128755462356, -0.000986228114925, 0.000574354839046, -0.00487443106249, 0.0148598859087, -0.00432757893577, 0.000376539392164, 0.000378619413823], [0.000941648031585, -0.00303164473735, 0.00177840096876, -0.0016809682129, 0.0033693111036, -0.00252561084926, -0.000486597797135, 0.000456453155493, -0.000832633115351, -0.00432757893577, 0.0183790344745, -0.00738493772224, 0.000486138975248], [-0.000605523935519, 0.00263860472478, -0.000919441576116, 0.00221769767813, -0.00290980166756, 0.00219202344306, -0.000690300716087, -0.00338432914577, 0.00278272107244, 0.000376539392164, -0.00738493772224, 0.0203321520239, -0.00552874710411], [0.000535319850314, -0.00201987847686, 0.00106703699566, -0.00207884260453, 0.0022078207694, -0.00105280603748, 0.000123932826682, 0.000196613720618, -0.00085069303168, 0.000378619413823, 0.000486138975248, -0.00552874710411, 0.0152965215966]]
    },
    "melbands": {
        "dmean": [0.000229067678447, 0.000356553180609, 0.000615936296526, 0.00063148024492, 0.000275047728792, 0.000247191725066, 0.000173081149114, 0.000155918300152, 0.000194569045561, 0.000132446351927, 0.00010451873095, 7.33475608286e-05, 7.49932660256e-05, 4.10781394748e-05, 5.23815178894e-05, 3.28405403707e-05, 2.64379686996e-05, 2.00220783881e-05, 1.92863408301e-05, 1.32753557409e-05, 8.70134226716e-06, 6.73990916766e-06, 6.64605931888e-06, 5.40975906915e-06, 3.86453666579e-06, 4.53906704934e-06, 5.24800634594e-06, 3.02379908135e-06, 3.40229007634e-06, 3.24166694554e-06, 2.12872555494e-06, 1.83278893928e-06, 1.51368828938e-06, 1.04712717075e-06, 7.79346009949e-07, 8.49886134802e-07, 9.48584784055e-07, 7.22166475953e-07, 7.65521463109e-07, 3.35049207933e-07],
        "dmean2": [0.000386068102671, 0.000609772396274, 0.000970616820268, 0.000998783973046, 0.000397254450945, 0.000363082130207, 0.000255412422121, 0.000230434874538, 0.00029250732041, 0.000189372905879, 0.000155822592205, 0.000113034104288, 0.000117025054351, 6.35517862975e-05, 8.0707592133e-05, 5.14133571414e-05, 4.14434653067e-05, 3.06398796965e-05, 3.02923799609e-05, 2.16368243855e-05, 1.43004717756e-05, 1.09437341962e-05, 1.09437942228e-05, 8.76435751707e-06, 6.22564084551e-06, 7.24749725123e-06, 8.52322591527e-06, 4.83341273139e-06, 5.44270687897e-06, 5.25370160176e-06, 3.34094966092e-06, 2.8722317893e-06, 2.3902475732e-06, 1.64100947586e-06, 1.21598088754e-06, 1.2864513792e-06, 1.39580095038e-06, 1.03276818209e-06, 1.15932255085e-06, 4.98055612752e-07],
        "dvar": [2.50276428915e-07, 6.7421217409e-07, 3.16673094858e-06, 2.91949186249e-06, 3.25601888562e-07, 1.88874224705e-07, 1.33355598564e-07, 2.31349403634e-07, 2.50747177688e-07, 1.24656637013e-07, 6.64758630364e-08, 4.2973137937e-08, 6.48621707455e-08, 1.13188125539e-08, 2.05175538781e-08, 9.80603864775e-09, 4.24747392813e-09, 3.7921110696e-09, 3.27449223292e-09, 1.02614627906e-09, 3.87318149775e-10, 1.72022313061e-10, 2.85233781039e-10, 2.90565349559e-10, 9.62270749194e-11, 2.31899471848e-10, 3.25488858088e-10, 5.73387413938e-11, 8.37717326063e-11, 7.51318729453e-11, 3.72686881356e-11, 2.87820392519e-11, 4.46292620915e-11, 1.89605935119e-11, 1.52492584532e-11, 2.78688200989e-11, 3.62280552779e-11, 2.07767466426e-11, 3.01313210493e-11, 5.67028065127e-12],
        "dvar2": [7.01971885064e-07, 1.82919779945e-06, 7.39756160328e-06, 7.06254013494e-06, 6.86664918703e-07, 4.4957226919e-07, 3.00539653608e-07, 5.13281804615e-07, 5.82136010507e-07, 2.46121686587e-07, 1.62127520298e-07, 1.07353912426e-07, 1.65173730693e-07, 2.57908236989e-08, 4.38485159293e-08, 2.47260878439e-08, 1.01262829233e-08, 7.88961251885e-09, 6.13863848642e-09, 2.40290765063e-09, 1.01628216953e-09, 4.52083620539e-10, 6.76129263688e-10, 6.74287181646e-10, 2.41974912329e-10, 6.1522498207e-10, 8.64283256075e-10, 1.47477169365e-10, 2.15108986179e-10, 2.01498831509e-10, 9.50543185829e-11, 6.47622580563e-11, 1.08480772976e-10, 4.55392147602e-11, 3.40199778071e-11, 5.86556983539e-11, 7.29972193803e-11, 3.85112948476e-11, 6.40360889315e-11, 1.21676358225e-11],
        "max": [0.0106265135109, 0.0186741519719, 0.0516546815634, 0.0544202886522, 0.0150680048391, 0.00961948838085, 0.00924439169466, 0.0136069972068, 0.00932399462909, 0.0103636579588, 0.00697163399309, 0.00506644975394, 0.00677010323852, 0.00348718720488, 0.00403363071382, 0.00332703208551, 0.0021572439, 0.00311977788806, 0.00315967877395, 0.000991337466985, 0.000628901761957, 0.000278255785815, 0.00071339920396, 0.000630186405033, 0.000270616379566, 0.000718299823347, 0.000609856972005, 0.000234187187743, 0.000242307287408, 0.000280214793747, 0.00017766104429, 0.000147620929056, 0.000261067645624, 0.000129014602862, 0.000185186523595, 0.000242080248427, 0.000159365052241, 0.000168860104168, 0.000148148319568, 0.000101122939668],
        "mean": [0.000436584145064, 0.000626964611001, 0.00100890581962, 0.00114535423927, 0.000606379879173, 0.00055326486472, 0.00037057622103, 0.000276989361737, 0.000367204047507, 0.000260594009887, 0.000193749539903, 0.000139792842674, 0.000141283380799, 7.22460681573e-05, 0.000118922325782, 6.86896164552e-05, 4.97343353345e-05, 3.65881132893e-05, 3.59156656486e-05, 2.40854169533e-05, 1.577506373e-05, 1.28124556795e-05, 1.1628948414e-05, 9.54778806772e-06, 7.00643749951e-06, 7.78593584982e-06, 8.44026908453e-06, 5.67785127714e-06, 6.46579565e-06, 6.19501088295e-06, 4.09025278714e-06, 3.52240886059e-06, 2.56625298789e-06, 1.8198984435e-06, 1.2951180679e-06, 1.26229042507e-06, 1.34996639645e-06, 1.06892355234e-06, 1.07047230813e-06, 4.98502402024e-07],
        "median": [0.000230506630032, 0.000312951393425, 0.000318842125125, 0.000403341953643, 0.000319042097544, 0.000352865259629, 0.000202799259569, 8.54375903145e-05, 0.000100188728538, 6.94617992849e-05, 6.39807476546e-05, 3.75510244339e-05, 3.3755430195e-05, 2.5639685191e-05, 2.60057568084e-05, 1.5494391846e-05, 1.61392035807e-05, 9.54699044087e-06, 1.29582986119e-05, 1.09227148641e-05, 7.15236274118e-06, 6.06609955867e-06, 4.28433986599e-06, 2.82603696178e-06, 2.75406591754e-06, 3.06107654069e-06, 3.18983688885e-06, 2.52388304034e-06, 2.28466592489e-06, 2.01991088034e-06, 1.49397533278e-06, 1.14891679459e-06, 6.0057675455e-07, 3.63155010064e-07, 2.71601663826e-07, 1.6606253439e-07, 1.15344093388e-07, 7.83594344966e-08, 4.84033186865e-08, 2.35840520446e-08],
        "min": [6.51490737946e-25, 4.98409222452e-25, 5.87503961948e-25, 7.69308593255e-25, 9.3253693075e-25, 8.82636153683e-25, 5.28703305453e-25, 1.38579293828e-24, 1.19896908085e-24, 1.14425704113e-24, 1.57031558983e-24, 9.79639519578e-25, 1.32403380687e-24, 1.2421758801e-24, 2.06966493727e-24, 1.54954478359e-24, 1.38013463622e-24, 2.42487598668e-24, 2.95163568678e-24, 1.85407911263e-24, 2.74702666442e-24, 2.24166659132e-24, 1.65096340397e-24, 3.42397660619e-24, 3.462786985e-24, 3.49688431434e-24, 3.10143524508e-24, 3.86362338259e-24, 3.08624947544e-24, 3.67984561295e-24, 4.01457507225e-24, 4.09130047275e-24, 4.42127586181e-24, 4.43668744289e-24, 4.23490431751e-24, 4.3742498911e-24, 4.52182210064e-24, 4.80220180459e-24, 5.76310183475e-24, 5.70334207131e-24],
        "var": [4.24301703106e-07, 9.84500616141e-07, 5.47843410459e-06, 4.80732433061e-06, 9.21966773149e-07, 4.76691099038e-07, 3.64271272701e-07, 4.88879550176e-07, 6.25895552275e-07, 3.81082259082e-07, 1.9235439197e-07, 1.06723895499e-07, 1.71264474602e-07, 2.59155648052e-08, 1.13611889674e-07, 3.45760398091e-08, 1.19844614233e-08, 1.23198047319e-08, 8.50378523154e-09, 1.90085347462e-09, 7.18866410843e-10, 3.82159165424e-10, 6.45771325303e-10, 5.95287208416e-10, 1.87193094359e-10, 2.80519413254e-10, 3.64855007318e-10, 9.58507925808e-11, 1.73448561069e-10, 1.80275405715e-10, 6.90982479568e-11, 6.27708718337e-11, 6.12813758072e-11, 2.82339724517e-11, 2.3242604022e-11, 4.5324549669e-11, 6.68972516271e-11, 4.49324327745e-11, 5.47456767419e-11, 1.11500227454e-11]
    },
    "mfcc": {
        "mean": [-696.403564453, 123.647865295, -10.1541538239, 21.235376358, -12.5859727859, 7.28791046143, -6.11364078522, -2.98875689507, -2.60509109497, -0.911427021027, -5.44402456284, -0.890731751919, -2.1795091629],
        "cov": [[27371.0742188, 5902.49169922, -361.005706787, 1290.19445801, -776.616943359, 584.597595215, -282.533752441, -113.985351562, -96.9331588745, -15.4612836838, -265.080078125, -76.2492675781, -220.691482544], [5902.49169922, 3110.30688477, -220.69909668, 476.550231934, -250.543457031, 20.5680351257, -76.5715332031, -81.9007492065, -51.4426460266, -26.5113315582, -105.066612244, 12.5089454651, 14.6498699188], [-361.005706787, -220.69909668, 696.401306152, 41.1676864624, 85.5576095581, -14.862704277, 8.55049514771, -11.6359195709, 2.49297833443, 8.28956985474, -38.2743988037, -21.7114200592, 5.20680761337], [1290.19445801, 476.550231934, 41.1676864624, 308.46395874, -13.1623926163, 37.7969360352, -10.8899517059, -12.8596048355, -8.01786422729, 1.54369223118, -55.063621521, -18.7576065063, -1.6979637146], [-776.616943359, -250.543457031, 85.5576095581, -13.1623926163, 264.647766113, 0.353322595358, 2.63284635544, -0.652994632721, 0.839904487133, 13.2220420837, -13.3007240295, -21.499250412, 11.1062116623], [584.597595215, 20.5680351257, -14.862704277, 37.7969360352, 0.353322595358, 135.753326416, 42.307888031, 10.7094621658, 15.4946498871, 9.96119213104, 5.12349033356, 5.27278614044, -9.58125591278], [-282.533752441, -76.5715332031, 8.55049514771, -10.8899517059, 2.63284635544, 42.307888031, 140.422851562, 39.8044128418, 18.1834144592, -2.57679772377, 8.35256671906, 14.5993175507, 8.15343666077], [-113.985351562, -81.9007492065, -11.6359195709, -12.8596048355, -0.652994632721, 10.7094621658, 39.8044128418, 105.158538818, 15.7845869064, 2.57847356796, 10.4974508286, -7.05498027802, -0.155366316438], [-96.9331588745, -51.4426460266, 2.49297833443, -8.01786422729, 0.839904487133, 15.4946498871, 18.1834144592, 15.7845869064, 81.878288269, 25.8838882446, 0.930029630661, -2.91685366631, -0.931551456451], [-15.4612836838, -26.5113315582, 8.28956985474, 1.54369223118, 13.2220420837, 9.96119213104, -2.57679772377, 2.57847356796, 25.8838882446, 76.0959777832, 24.0910167694, 1.26541483402, 1.85103106499], [-265.080078125, -105.066612244, -38.2743988037, -55.063621521, -13.3007240295, 5.12349033356, 8.35256671906, 10.4974508286, 0.930029630661, 24.0910167694, 98.2863540649, 27.7816734314, -2.94907999039], [-76.2492675781, 12.5089454651, -21.7114200592, -18.7576065063, -21.499250412, 5.27278614044, 14.5993175507, -7.05498027802, -2.91685366631, 1.26541483402, 27.7816734314, 79.6265640259, 27.6836090088], [-220.691482544, 14.6498699188, 5.20680761337, -1.6979637146, 11.1062116623, -9.58125591278, 8.15343666077, -0.155366316438, -0.931551456451, 1.85103106499, -2.94907999039, 27.6836090088, 73.0267181396]],
