{
"lowlevel": {
    "average_loudness": 0.730145692825,
    "barkbands_crest": {
        "dmean": 2.19629979134,
        "dmean2": 3.59306621552,
        "dvar": 4.66165351868,
        "dvar2": 11.8284091949,
        "max": 26.9078102112,
        "mean": 9.94225788116,
        "median": 8.51599311829,
        "min": 2.57601594925,
        "var": 23.1686248779
    },
    "barkbands_flatness_db": {
        "dmean": 0.0172695554793,
        "dmean2": 0.0276706796139,
        "dvar": 0.000316280173138,
        "dvar2": 0.000725718564354,
        "max": 0.622287213802,
        "mean": 0.165328517556,
        "median": 0.157906323671,
        "min": 0.050447948277,
        "var": 0.00428929692134
    },
    "barkbands_kurtosis": {
        "dmean": 4.61527347565,
        "dmean2": 6.96429586411,
        "dvar": 3130.78417969,
        "dvar2": 6800.38183594,
        "max": 5302.18017578,
        "mean": 8.23109340668,
        "median": 2.53826260567,
        "min": -1.92378103733,
        "var": 4183.93115234
    },
    "barkbands_skewness": {
        "dmean": 0.481902778149,
        "dmean2": 0.736540138721,
        "dvar": 0.725461065769,
        "dvar2": 1.26468169689,
        "max": 71.1639404297,
        "mean": 1.27152335644,
        "median": 1.13903832436,
        "min": -5.4359869957,
        "var": 4.78352451324
    },
    "barkbands_spread": {
        "dmean": 3.89063262939,
        "dmean2": 6.23182916641,
        "dvar": 33.156463623,
        "dvar2": 75.5565032959,
        "max": 135.160339355,
        "mean": 16.6804733276,
        "median": 14.9475784302,
        "min": 0.103516556323,
        "var": 128.349227905
    },
    "dissonance": {
        "dmean": 0.0211122818291,
        "dmean2": 0.035490334034,
        "dvar": 0.000461989082396,
        "dvar2": 0.00126190553419,
        "max": 0.500000059605,
        "mean": 0.452535152435,
        "median": 0.462466299534,
        "min": 0.211861789227,
        "var": 0.00168252375443
    },
    "dynamic_complexity": 3.85955119133,
    "erbbands_crest": {
        "dmean": 2.45111656189,
        "dmean2": 3.95311260223,
        "dvar": 6.17039299011,
        "dvar2": 15.0809288025,
        "max": 30.7319107056,
        "mean": 10.0062103271,
        "median": 8.86158752441,
        "min": 2.0814666748,
        "var": 31.2836780548
    },
    "erbbands_flatness_db": {
        "dmean": 0.0143099538982,
        "dmean2": 0.0216944776475,
        "dvar": 0.000215502004721,
        "dvar2": 0.000438135815784,
        "max": 0.401482909918,
        "mean": 0.197652235627,
        "median": 0.206505119801,
        "min": 0.0621542185545,
        "var": 0.003613214707
    },
    "erbbands_kurtosis": {
        "dmean": 1.29614329338,
        "dmean2": 2.04360127449,
        "dvar": 9.13192939758,
        "dvar2": 18.1770553589,
        "max": 103.243652344,
        "mean": 1.65168941021,
        "median": 0.342211604118,
        "min": -1.85240793228,
        "var": 24.8447399139
    },
    "erbbands_skewness": {
        "dmean": 0.357395797968,
        "dmean2": 0.553546845913,
        "dvar": 0.182275846601,
        "dvar2": 0.362889379263,
        "max": 8.09539890289,
        "mean": 0.538334131241,
        "median": 0.398222148418,
        "min": -7.81721735001,
        "var": 1.19729578495
    },
    "erbbands_spread": {
        "dmean": 5.91260051727,
        "dmean2": 9.19672489166,
        "dvar": 65.6085739136,
        "dvar2": 148.030395508,
        "max": 156.416854858,
        "mean": 30.2918052673,
        "median": 26.3619289398,
        "min": 1.73891687393,
        "var": 352.655761719
    },
    "hfc": {
        "dmean": 5.14137506485,
        "dmean2": 7.74144220352,
        "dvar": 227.744308472,
        "dvar2": 485.861968994,
        "max": 728.432189941,
        "mean": 19.0979976654,
        "median": 15.0233211517,
        "min": 1.03833408108e-16,
        "var": 536.379760742
    },
    "melbands_crest": {
        "dmean": 2.69717788696,
        "dmean2": 4.41745710373,
        "dvar": 7.42713451385,
        "dvar2": 18.8453998566,
        "max": 39.992515564,
        "mean": 12.2710456848,
        "median": 11.3465223312,
        "min": 1.06962430477,
        "var": 42.7986373901
    },
    "melbands_flatness_db": {
        "dmean": 0.0192769002169,
        "dmean2": 0.0301839690655,
        "dvar": 0.000475714827189,
        "dvar2": 0.00104391667992,
        "max": 0.604785919189,
        "mean": 0.202207356691,
        "median": 0.201050579548,
        "min": 1.11533972813e-05,
        "var": 0.00923838466406
    },
    "melbands_kurtosis": {
        "dmean": 7.76048564911,
        "dmean2": 11.9429483414,
        "dvar": 9975.89746094,
        "dvar2": 22344.6933594,
        "max": 9150.50585938,
        "mean": 14.9049129486,
        "median": 4.55643558502,
        "min": -1.94579827785,
        "var": 12170.0917969
    },
    "melbands_skewness": {
        "dmean": 0.58273255825,
        "dmean2": 0.899769723415,
        "dvar": 1.13696753979,
        "dvar2": 2.06908750534,
        "max": 92.478263855,
        "mean": 2.08387517929,
        "median": 1.68204474449,
        "min": -2.18848133087,
        "var": 5.82314586639
    },
    "melbands_spread": {
        "dmean": 5.99642562866,
        "dmean2": 9.65110111237,
        "dvar": 117.494598389,
        "dvar2": 249.973556519,
        "max": 210.197296143,
        "mean": 30.4789276123,
        "median": 19.0184383392,
        "min": 0.0946166887879,
        "var": 1393.11474609
    },
    "pitch_salience": {
        "dmean": 0.0574746057391,
        "dmean2": 0.0934886485338,
        "dvar": 0.00322206318378,
        "dvar2": 0.00790088251233,
        "max": 0.996738135815,
        "mean": 0.592627882957,
        "median": 0.598083913326,
        "min": 0.00163222220726,
        "var": 0.01864621602
    },
    "silence_rate_20dB": {
        "dmean": 0,
        "dmean2": 0,
        "dvar": 0,
        "dvar2": 0,
        "max": 1,
        "mean": 1,
        "median": 1,
        "min": 1,
        "var": 0
    },
    "silence_rate_30dB": {
        "dmean": 0.00122536509298,
        "dmean2": 0.0024509804789,
        "dvar": 0.00122386706062,
        "dvar2": 0.0028533465229,
        "max": 1,
        "mean": 0.998570561409,
        "median": 1,
        "min": 0,
        "var": 0.00142736255657
    },
    "silence_rate_60dB": {
        "dmean": 0.00878178328276,
        "dmean2": 0.0175653602928,
        "dvar": 0.00870397873223,
        "dvar2": 0.0209306199104,
        "max": 1,
        "mean": 0.173065140843,
        "median": 0,
        "min": 0,
        "var": 0.143123537302
    },
    "spectral_centroid": {
        "dmean": 203.782424927,
        "dmean2": 321.491851807,
        "dvar": 89818.390625,
        "dvar2": 186622.578125,
        "max": 12053.2578125,
        "mean": 2040.63830566,
        "median": 1119.41748047,
        "min": 194.85307312,
        "var": 8739291
    },
    "spectral_complexity": {
        "dmean": 2.26059436798,
        "dmean2": 3.71058011055,
        "dvar": 7.0616607666,
        "dvar2": 17.4927482605,
        "max": 54,
        "mean": 15.9241371155,
        "median": 16,
        "min": 0,
        "var": 120.202407837
    },
    "spectral_decrease": {
        "dmean": 1.54426815779e-09,
        "dmean2": 2.42474773593e-09,
        "dvar": 4.66049769852e-18,
        "dvar2": 1.04343523774e-17,
        "max": 3.34016654335e-28,
        "mean": -6.16715611912e-09,
        "median": -6.05115779706e-09,
        "min": -6.67061996751e-08,
        "var": 2.40421021112e-17
    },
    "spectral_energy": {
        "dmean": 0.00618360098451,
        "dmean2": 0.00968880578876,
        "dvar": 7.35254579922e-05,
        "dvar2": 0.000165010904311,
        "max": 0.257222890854,
        "mean": 0.0250085219741,
        "median": 0.0246520414948,
        "min": 9.73588753697e-21,
        "var": 0.00038517874782
    },
    "spectral_energyband_high": {
        "dmean": 0.000326204870362,
        "dmean2": 0.000476850604173,
        "dvar": 5.83704422752e-06,
        "dvar2": 1.24697544379e-05,
        "max": 0.126531332731,
        "mean": 0.000534058606718,
        "median": 0.000118900628877,
        "min": 6.4591424029e-21,
        "var": 8.96949677553e-06
    },
    "spectral_energyband_low": {
        "dmean": 0.00133965734858,
        "dmean2": 0.00220819748938,
        "dvar": 1.16718001664e-05,
        "dvar2": 3.15373144986e-05,
        "max": 0.0968022719026,
        "mean": 0.00341857317835,
        "median": 0.00153932254761,
        "min": 6.1322240518e-24,
        "var": 3.14483622788e-05
    },
    "spectral_energyband_middle_high": {
        "dmean": 0.00175952573773,
        "dmean2": 0.00265701347962,
        "dvar": 8.12747293821e-06,
        "dvar2": 1.85849385161e-05,
        "max": 0.0506302006543,
        "mean": 0.00673177465796,
        "median": 0.00289315916598,
        "min": 1.09892630647e-21,
        "var": 7.17999137123e-05
    },
    "spectral_energyband_middle_low": {
        "dmean": 0.00498384190723,
        "dmean2": 0.00780457211658,
        "dvar": 5.86162786931e-05,
        "dvar2": 0.00012871567742,
        "max": 0.255726486444,
        "mean": 0.0149404807016,
        "median": 0.0116741228849,
        "min": 1.23663400602e-22,
        "var": 0.000229072000366
    },
    "spectral_entropy": {
        "dmean": 0.135431364179,
        "dmean2": 0.207433402538,
        "dvar": 0.0268034171313,
        "dvar2": 0.0553847290576,
        "max": 9.83075237274,
        "mean": 7.46827840805,
        "median": 7.35030603409,
        "min": 4.65156316757,
        "var": 0.882161974907
    },
    "spectral_flux": {
        "dmean": 0.018992729485,
        "dmean2": 0.0312981717288,
        "dvar": 0.000492625345942,
        "dvar2": 0.0012979421299,
        "max": 0.434590399265,
        "mean": 0.0729172006249,
        "median": 0.0748169571161,
        "min": 6.24918033987e-11,
        "var": 0.00219780486077
    },
    "spectral_kurtosis": {
        "dmean": 2.39437556267,
        "dmean2": 4.1353187561,
        "dvar": 7.91895580292,
        "dvar2": 22.8169975281,
        "max": 44.8996047974,
        "mean": 5.68694257736,
        "median": 4.46240663528,
        "min": -1.35021436214,
        "var": 32.4271125793
    },
    "spectral_rms": {
        "dmean": 0.000561751017813,
        "dmean2": 0.000873416487593,
        "dvar": 4.33671459632e-07,
        "dvar2": 9.47006412844e-07,
        "max": 0.0158413760364,
        "mean": 0.00434478837997,
        "median": 0.00490415887907,
        "min": 3.08195179446e-12,
        "var": 5.52131632503e-06
    },
    "spectral_rolloff": {
        "dmean": 323.073791504,
        "dmean2": 552.320495605,
        "dvar": 451130.40625,
        "dvar2": 946039.1875,
        "max": 20133.5449219,
        "mean": 2846.34130859,
        "median": 1055.12695312,
        "min": 21.533203125,
        "var": 27137870
    },
    "spectral_skewness": {
        "dmean": 0.266201645136,
        "dmean2": 0.438398033381,
        "dvar": 0.0768322944641,
        "dvar2": 0.190732300282,
        "max": 5.30862903595,
        "mean": 1.54607474804,
        "median": 1.49039292336,
        "min": -0.816130340099,
        "var": 0.760271549225
    },
    "spectral_spread": {
        "dmean": 412283.53125,
        "dmean2": 648412.125,
        "dvar": 509981327360,
        "dvar2": 1.1326512169e+12,
        "max": 43114300,
        "mean": 6973773.5,
        "median": 3230638.75,
        "min": 1507888,
        "var": 1.17904620126e+14
    },
    "spectral_strongpeak": {
        "dmean": 0.604303479195,
        "dmean2": 1.01129829884,
        "dvar": 0.904476940632,
        "dvar2": 2.30671405792,
        "max": 18.3265590668,
        "mean": 1.30302810669,
        "median": 0.846419870853,
        "min": 0,
        "var": 2.05166935921
    },
    "zerocrossingrate": {
        "dmean": 0.00742538506165,
        "dmean2": 0.00960032176226,
        "dvar": 0.000164359327755,
        "dvar2": 0.000194562890101,
        "max": 0.7080078125,
        "mean": 0.0918817296624,
        "median": 0.04736328125,
        "min": 0,
        "var": 0.0182113740593
    },
    "barkbands": {
        "dmean": [4.99071575177e-05, 0.000582485692576, 0.000766589248087, 0.000768445141148, 0.00264259404503, 0.00151173630729, 0.000961793237366, 0.000653430295642, 0.00101062364411, 0.000740022864193, 0.000711462518666, 0.00048830115702, 0.000428325729445, 0.000353923765942, 0.000332138006343, 0.000190452847164, 0.000182638294064, 0.000179732975084, 0.000117018680612, 7.3730116128e-05, 8.07821124909e-05, 0.000132769622724, 8.70009025675e-05, 3.56211239705e-05, 6.27995359537e-06, 8.61008174979e-07, 1.46627687769e-09],
        "dmean2": [8.83744141902e-05, 0.000994910253212, 0.00126590998843, 0.00124317884911, 0.00419199932367, 0.00235148356296, 0.00155771966092, 0.00102418521419, 0.00157489604317, 0.0011361365905, 0.00107296253555, 0.000749327300582, 0.000676647643559, 0.00056773412507, 0.000534178048838, 0.000309281953378, 0.000288613431621, 0.000285637768684, 0.000186494478839, 0.000117950337881, 0.000127119041281, 0.000202722731046, 0.00012722244719, 5.16693507961e-05, 9.41974667512e-06, 1.29817044581e-06, 2.69367594896e-09],
        "dvar": [7.31477012295e-09, 2.90014122584e-06, 4.2071246753e-06, 4.1733933358e-06, 3.28733767674e-05, 1.06221377791e-05, 5.95631991018e-06, 2.79410096482e-06, 6.28646012046e-06, 3.16475779982e-06, 3.0505009363e-06, 1.58309273957e-06, 9.75139187176e-07, 7.87951535131e-07, 5.9609709524e-07, 2.89284571409e-07, 3.53684470156e-07, 1.92028551282e-07, 7.07859371119e-08, 3.02553004872e-08, 2.98639577068e-07, 2.66207234745e-06, 5.4135426808e-07, 6.09036803212e-08, 1.63050328794e-09, 1.91939172889e-11, 3.73803845255e-17],
        "dvar2": [2.2692503876e-08, 8.26342784421e-06, 1.14141403174e-05, 9.94009951683e-06, 7.35918874852e-05, 2.24947452807e-05, 1.55745201482e-05, 6.2251115196e-06, 1.3909027075e-05, 6.91100831318e-06, 6.37987250229e-06, 3.19016226058e-06, 2.29606416724e-06, 1.84433508821e-06, 1.45226761106e-06, 7.26148471131e-07, 7.36190997941e-07, 4.5725417408e-07, 1.75014292836e-07, 7.26182989297e-08, 6.77082141465e-07, 6.70666759106e-06, 1.07173116248e-06, 1.25016171637e-07, 3.63816132776e-09, 4.09854129801e-11, 1.03345219345e-16],
        "max": [0.00188077054918, 0.0522078201175, 0.0572745576501, 0.049209177494, 0.241396903992, 0.0887678936124, 0.059917896986, 0.0359238497913, 0.0546710118651, 0.0341999307275, 0.0348974466324, 0.0231803059578, 0.0242101848125, 0.0188872031868, 0.0155544430017, 0.0166476368904, 0.026709318161, 0.0139231504872, 0.00925400666893, 0.0049463105388, 0.0322595201433, 0.112646155059, 0.0359253101051, 0.00716595351696, 0.00230235559866, 0.000290039053652, 3.06141259898e-07],
        "mean": [5.87241083849e-05, 0.00113110325765, 0.00179935747292, 0.00132168235723, 0.005246123299, 0.0030979977455, 0.0018567511579, 0.00119316286873, 0.00187104509678, 0.00136752938852, 0.00132943375502, 0.00085400120588, 0.000792631646618, 0.000583329936489, 0.000588772702031, 0.000356054311851, 0.000349459762219, 0.000360019679647, 0.000233752667555, 0.000148955048644, 0.000126431899844, 0.000166774654645, 0.000115260947496, 4.87554534629e-05, 9.94402489596e-06, 1.52716802404e-06, 1.3219394468e-09],
        "median": [3.28818787239e-05, 0.000279601139482, 0.000582099775784, 0.000272924313322, 0.00238492107019, 0.00118913745973, 0.000511032063514, 0.00031644635601, 0.000371214176994, 0.000259978725808, 0.000210107522435, 0.000184651900781, 0.000191650819033, 0.000125678765471, 0.000162056850968, 8.84164037416e-05, 8.66220361786e-05, 0.000108781750896, 8.36263643578e-05, 5.80444466323e-05, 3.41732302331e-05, 1.311372489e-05, 8.17881482362e-06, 6.21000526735e-06, 1.37277856993e-06, 2.8950722708e-07, 4.36615410493e-10],
        "min": [1.78028230894e-25, 1.0783205954e-24, 3.54986421273e-25, 3.43519243332e-25, 3.54749684116e-24, 2.47256262841e-24, 4.47403764017e-24, 2.74379391243e-24, 6.96051577494e-24, 5.19927099692e-24, 8.52125893212e-24, 1.13110560571e-23, 1.56010812415e-23, 2.04939752289e-23, 3.32379348003e-23, 3.57054191367e-23, 4.11181282844e-23, 5.66427941478e-23, 1.03663896011e-22, 1.53568183508e-22, 1.89911914179e-22, 2.77347388891e-22, 3.31362197063e-22, 4.68275153968e-22, 7.43417215935e-22, 1.16039424723e-21, 1.80321980804e-21],
        "var": [7.41773531487e-09, 4.82254381495e-06, 1.22013070722e-05, 8.85535791895e-06, 9.85730657703e-05, 3.782875865e-05, 1.5313813492e-05, 6.5333179009e-06, 1.79326398211e-05, 9.67669257079e-06, 9.83446807368e-06, 3.92224364987e-06, 2.60478873315e-06, 1.56242538196e-06, 1.29344527977e-06, 6.91026286859e-07, 1.04113348698e-06, 5.23895209881e-07, 1.5574534018e-07, 7.04810361185e-08, 3.91650331721e-07, 2.71299586529e-06, 8.30543740449e-07, 9.58855892463e-08, 2.39412978331e-09, 4.20213794317e-11, 2.55387762417e-17]
    },
    "erbbands": {
        "dmean": [0.0121410842985, 0.159211978316, 0.778991639614, 1.53921759129, 5.06002569199, 10.8629484177, 13.5312070847, 11.2115888596, 12.1112852097, 14.0132303238, 14.6228752136, 23.1752471924, 20.9169216156, 24.6962985992, 24.3849506378, 15.0654497147, 16.5327377319, 18.0018901825, 16.6726131439, 11.4562683105, 9.72776031494, 9.20702457428, 9.34608459473, 7.31685972214, 4.63123512268, 3.20243191719, 3.06869912148, 3.49493980408, 5.02662706375, 3.70826864243, 2.31806898117, 1.03050994873, 0.437692224979, 0.10928824544, 0.0293339528143, 0.00684507610276, 0.00105168798473, 5.20005633007e-05, 5.07908680447e-06, 7.56452209316e-06],
        "dmean2": [0.0206748414785, 0.271142423153, 1.29663014412, 2.5140645504, 8.05924034119, 17.0586013794, 20.7950172424, 17.7058506012, 19.6617870331, 21.9396057129, 23.0280818939, 36.3501472473, 31.5167675018, 37.0065345764, 36.7859420776, 23.1477489471, 25.9595108032, 27.9700241089, 26.6455440521, 18.194234848, 15.5825214386, 14.5402784348, 14.5033922195, 11.4438352585, 7.35528182983, 5.05602884293, 4.87095308304, 5.40050125122, 7.78623580933, 5.54017877579, 3.37740063667, 1.49498903751, 0.635043501854, 0.163011208177, 0.0442461185157, 0.0102124717087, 0.00163603434339, 8.13902443042e-05, 7.60635930419e-06, 1.17439712994e-05],
        "dvar": [0.00076582597103, 0.24123775959, 5.10661411285, 11.845574379, 235.243255615, 664.20135498, 1023.87084961, 545.910583496, 1000.89532471, 1053.25537109, 1499.97607422, 3822.48046875, 2362.66918945, 3543.19824219, 4098.15722656, 1076.09875488, 1384.8503418, 2011.75671387, 1380.14648438, 972.710205078, 758.7265625, 1020.734375, 669.059875488, 263.765075684, 117.21736145, 61.2747955322, 266.305908203, 767.377380371, 5923.85449219, 1032.52636719, 378.825042725, 59.7193908691, 7.5278968811, 0.412892371416, 0.0450977049768, 0.0014115544036, 4.10537213611e-05, 1.23046959288e-07, 2.58498639161e-10, 1.41128997377e-10],
        "dvar2": [0.00208624312654, 0.685720205307, 14.0639343262, 29.5730056763, 546.387878418, 1406.19665527, 2106.41113281, 1320.57714844, 2622.12426758, 2487.59130859, 3586.60302734, 8364.54980469, 5025.51074219, 7503.75341797, 9538.56152344, 2416.38476562, 3237.66918945, 4394.22119141, 3263.50830078, 2212.13964844, 1813.45031738, 2195.85888672, 1506.36938477, 617.198181152, 292.181182861, 137.524139404, 604.651123047, 1746.85461426, 15604.0244141, 2147.40698242, 770.870178223, 124.32787323, 14.2917528152, 0.842086970806, 0.112263284624, 0.00317000108771, 9.10879534786e-05, 2.44499688051e-07, 5.27494548042e-10, 3.11185771595e-10],
        "max": [0.934394359589, 15.5292205811, 60.300693512, 79.1609268188, 591.592468262, 964.796081543, 928.638916016, 505.700012207, 931.997131348, 802.166015625, 978.960205078, 1555.54516602, 1302.66271973, 1202.69177246, 1521.17810059, 698.560180664, 921.303649902, 1109.45935059, 930.312988281, 1034.46923828, 854.146728516, 1461.8001709, 905.050598145, 588.296936035, 269.094146729, 269.54486084, 1096.98913574, 1359.23681641, 5747.67480469, 1635.29370117, 961.283325195, 266.389648438, 88.012336731, 31.2354507446, 11.7867450714, 2.09937691689, 0.416477590799, 0.0248271580786, 0.000930627225898, 0.000375646282919],
        "mean": [0.0258627850562, 0.302087038755, 1.82258844376, 3.1294054985, 9.14432144165, 20.9256744385, 27.2145824432, 22.6455726624, 23.8573703766, 28.2712020874, 26.5140609741, 43.4665794373, 40.5158920288, 52.1895332336, 55.0117340088, 30.6342430115, 33.8535118103, 34.1622200012, 33.5169906616, 23.2596874237, 19.9460029602, 19.590839386, 19.7228050232, 16.0568351746, 9.98659324646, 6.7391500473, 5.38230991364, 4.98486375809, 6.19997549057, 4.73914813995, 3.0405395031, 1.39433157444, 0.608733177185, 0.169605880976, 0.0468880422413, 0.0123253129423, 0.00174890377093, 8.54283571243e-05, 1.72613745235e-05, 3.0240340493e-05],
        "median": [0.00545351020992, 0.0895927995443, 0.624485373497, 1.2491298914, 2.65569019318, 8.32109165192, 9.64237308502, 9.69846153259, 7.9844121933, 11.1238765717, 9.73921489716, 10.685464859, 11.4264431, 10.9610137939, 8.81049442291, 8.88697147369, 9.71028137207, 9.51642608643, 9.50147247314, 7.19645214081, 5.73432540894, 4.95140457153, 6.08104467392, 5.63931417465, 3.78486704826, 2.71382236481, 1.94827735424, 0.938107848167, 0.526656866074, 0.287641942501, 0.236338973045, 0.161240249872, 0.0773919522762, 0.023072194308, 0.00724394526333, 0.00241536297835, 0.00027655082522, 1.13990117825e-05, 1.49018860611e-05, 2.96510806947e-05],
        "min": [4.5590941218e-23, 3.14187243652e-22, 9.72151789916e-22, 2.79534358708e-21, 4.01793490973e-21, 1.28006652157e-20, 1.61444862964e-20, 1.85963320269e-20, 7.83601118969e-20, 1.23711090311e-19, 1.96084521299e-19, 2.09073260244e-19, 3.80824312195e-19, 5.00919589254e-19, 7.2143358455e-19, 6.34549583236e-19, 1.15890350944e-18, 1.28178367097e-18, 2.04738988931e-18, 1.67638087641e-18, 3.10281858418e-18, 2.47950531899e-18, 3.81569193507e-18, 4.23239326763e-18, 5.08956993074e-18, 6.21640623276e-18, 8.18071782366e-18, 8.74774186176e-18, 8.97431324898e-18, 9.2956497559e-18, 8.86311122333e-18, 7.83190899423e-18, 8.3159196676e-18, 7.18600832164e-18, 5.64342814861e-18, 3.84183249679e-18, 2.01773939345e-18, 8.7307248954e-19, 2.20958553177e-19, 2.59210535096e-20],
        "var": [0.00261545763351, 0.352983534336, 12.2909231186, 27.8717651367, 455.691101074, 2362.52514648, 4001.47021484, 1434.48425293, 2705.90820312, 2504.06298828, 2785.95629883, 10492.0605469, 6561.06884766, 13303.9609375, 16343.5234375, 3097.83666992, 4004.82592773, 4711.16748047, 3644.90576172, 2469.55004883, 1904.57971191, 3065.63110352, 1844.73876953, 734.104431152, 264.582519531, 154.879974365, 373.341552734, 968.681640625, 5236.4453125, 1513.25012207, 569.194274902, 93.1626052856, 12.7927026749, 0.699612319469, 0.0531571023166, 0.00246741459705, 8.60628861119e-05, 3.10582692009e-07, 6.2724786476e-10, 6.01501237707e-10]
    },
    "gfcc": {
        "mean": [-140.297943115, 115.41872406, -126.439552307, 28.6702289581, -61.765838623, 5.50886964798, -36.2919998169, -0.8189920187, -20.7695598602, -6.08679056168, -7.54435968399, -7.97176218033, -2.49920225143],
        "cov": [[108924.34375, 12310.9609375, -14475.9941406, 2998.31811523, -6249.1328125, 709.51159668, -3413.95947266, -58.5657157898, -2061.66210938, -912.362487793, -654.404602051, -1011.47668457, -255.984069824], [12310.9609375, 2573.89453125, -1507.59301758, 30.7677078247, -591.43548584, -231.439987183, -381.055023193, -136.364593506, -219.47265625, -202.352462769, 46.7928237915, -255.730056763, 4.90837717056], [-14475.9941406, -1507.59301758, 2624.33300781, -205.671188354, 667.311279297, -116.162078857, 289.386779785, -52.2109413147, 245.145355225, 154.085266113, -0.0508275218308, 169.81187439, -23.139831543], [2998.31811523, 30.7677078247, -205.671188354, 487.592193604, -192.050933838, 19.8089027405, -147.936660767, 23.4648971558, -54.2613868713, -26.8874607086, -77.3987350464, 42.0878219604, -11.8323307037], [-6249.1328125, -591.43548584, 667.311279297, -192.050933838, 672.482910156, 7.43327331543, 277.092193604, 86.4459457397, 113.557258606, 32.1073493958, 64.4770584106, 36.2052764893, -1.66870594025], [709.51159668, -231.439987183, -116.162078857, 19.8089027405, 7.43327331543, 387.699249268, 69.9668502808, 64.4175109863, -38.244644165, 69.2272491455, -67.4192657471, 2.84799408913, -49.4968833923], [-3413.95947266, -381.055023193, 289.386779785, -147.936660767, 277.092193604, 69.9668502808, 310.951080322, 34.2480201721, 54.5019226074, 14.8820295334, 42.9331359863, -10.5498685837, 24.6576652527], [-58.5657157898, -136.364593506, -52.2109413147, 23.4648971558, 86.4459457397, 64.4175109863, 34.2480201721, 158.799682617, 20.4596805573, 28.8554363251, -16.7797718048, 15.0476980209, -25.823223114], [-2061.66210938, -219.47265625, 245.145355225, -54.2613868713, 113.557258606, -38.244644165, 54.5019226074, 20.4596805573, 162.144973755, 20.5203704834, 28.1603317261, 20.9037876129, 4.13075017929], [-912.362487793, -202.352462769, 154.085266113, -26.8874607086, 32.1073493958, 69.2272491455, 14.8820295334, 28.8554363251, 20.5203704834, 135.720458984, -22.1262645721, 31.4584007263, -17.1765060425], [-654.404602051, 46.7928237915, -0.0508275218308, -77.3987350464, 64.4770584106, -67.4192657471, 42.9331359863, -16.7797718048, 28.1603317261, -22.1262645721, 113.703643799, -0.796380460262, 22.1441135406], [-1011.47668457, -255.730056763, 169.81187439, 42.0878219604, 36.2052764893, 2.84799408913, -10.5498685837, 15.0476980209, 20.9037876129, 31.4584007263, -0.796380460262, 101.619743347, 11.4153432846], [-255.984069824, 4.90837717056, -23.139831543, -11.8323307037, -1.66870594025, -49.4968833923, 24.6576652527, -25.823223114, 4.13075017929, -17.1765060425, 22.1441135406, 11.4153432846, 79.5536270142]],
        "icov": [[0.000399384647608, -0.000960068311542, 0.00113457604311, -0.00105805904604, 0.00113201607019, -0.000794923340436, 0.000679122516885, -0.000503223738633, 0.000535507802851, 4.5440687245e-05, 0.000282727007288, -0.000326425710227, 0.000622465740889], [-0.000960068311542, 0.00333339208737, -0.00238882214762, 0.00273091462441, -0.00263399258256, 0.00233686435968, -0.000781030103099, 0.00145662785508, -0.000809537188616, 0.000141933051054, -0.00112191750668, 0.00254620518535, -0.00145037111361], [0.00113457604311, -0.00238882214762, 0.00414147647098, -0.00290488614701, 0.00263367127627, -0.00163211708423, 0.00170282914769, -0.000327082321746, 0.00110705534462, -0.00035736177233, 0.00151749199722, -0.00150464184117, 0.00263542262837], [-0.00105805904604, 0.00273091462441, -0.00290488614701, 0.0058107948862, -0.00251144170761, 0.00213404279202, -0.000963155587669, 0.000651934300549, -0.00106211903039, 0.00106364802923, 0.000667919346597, -0.000499023997691, -0.00159802869894], [0.00113201607019, -0.00263399258256, 0.00263367127627, -0.00251144170761, 0.00664019584656, -0.00203638360836, -2.49602780968e-05, -0.00320522091351, 0.00134425691795, 0.000716739101335, -0.000210124882869, -0.0013248512987, 0.00237073237076], [-0.000794923340436, 0.00233686435968, -0.00163211708423, 0.00213404279202, -0.00203638360836, 0.00598778948188, -0.00314600532874, 0.000858705316205, -7.71225386416e-05, -0.00166632293258, 0.00138028338552, 0.000313305063173, 0.00129230646417], [0.000679122516885, -0.000781030103099, 0.00170282914769, -0.000963155587669, -2.49602780968e-05, -0.00314600532874, 0.00888736080378, -0.00149785855319, 0.000931775022764, 0.000730267493054, -0.00140962738078, 0.00345318065956, -0.00260710972361], [-0.000503223738633, 0.00145662785508, -0.000327082321746, 0.000651934300549, -0.00320522091351, 0.000858705316205, -0.00149785855319, 0.00992841273546, -0.00196385406889, -0.00136983627453, 0.00111282779835, -0.000971625384409, 0.00208265008405], [0.000535507802851, -0.000809537188616, 0.00110705534462, -0.00106211903039, 0.00134425691795, -7.71225386416e-05, 0.000931775022764, -0.00196385406889, 0.00909249205142, -0.000518871762324, -0.0012576241279, -1.11366862257e-05, 0.000758569978643], [4.5440687245e-05, 0.000141933051054, -0.00035736177233, 0.00106364802923, 0.000716739101335, -0.00166632293258, 0.000730267493054, -0.00136983627453, -0.000518871762324, 0.01021743007, 0.00101034448016, -0.00209667440504, 0.000751614803448], [0.000282727007288, -0.00112191750668, 0.00151749199722, 0.000667919346597, -0.000210124882869, 0.00138028338552, -0.00140962738078, 0.00111282779835, -0.0012576241279, 0.00101034448016, 0.0134291071445, -0.00306308479048, 0.000157146481797], [-0.000326425710227, 0.00254620518535, -0.00150464184117, -0.000499023997691, -0.0013248512987, 0.000313305063173, 0.00345318065956, -0.000971625384409, -1.11366862257e-05, -0.00209667440504, -0.00306308479048, 0.0178864710033, -0.00510396296158], [0.000622465740889, -0.00145037111361, 0.00263542262837, -0.00159802869894, 0.00237073237076, 0.00129230646417, -0.00260710972361, 0.00208265008405, 0.000758569978643, 0.000751614803448, 0.000157146481797, -0.00510396296158, 0.0183408670127]]
    },
    "melbands": {
        "dmean": [0.00012797198724, 0.00033225104562, 0.000354163814336, 0.000550080381799, 0.000471289531561, 0.000255168502918, 0.000194420703338, 0.000150574211148, 0.000125613281853, 0.000154473396833, 0.000109588349005, 0.000102884259832, 8.52110606502e-05, 5.89743613091e-05, 3.27252018906e-05, 4.5930948545e-05, 3.5053522879e-05, 2.94282908726e-05, 2.39954133576e-05, 1.41241052916e-05, 1.22043202282e-05, 1.13998139568e-05, 8.67312155606e-06, 8.87378791958e-06, 6.50823631076e-06, 3.83006181437e-06, 3.29284534928e-06, 2.11262340599e-06, 1.97527310775e-06, 2.01388934329e-06, 2.14713008972e-06, 3.20848994306e-06, 2.40246049543e-06, 2.03851027436e-06, 1.54639326411e-06, 9.25756978631e-07, 5.44386409729e-07, 3.74090490141e-07, 1.57956066005e-07, 7.2762937009e-08],
        "dmean2": [0.000218376371777, 0.000554539379664, 0.000564660760574, 0.000879258615896, 0.000726886908524, 0.000401195022278, 0.000315711105941, 0.000235319675994, 0.000197885936359, 0.000241140529397, 0.000164339566254, 0.000155131987412, 0.000125046630274, 8.86778507265e-05, 5.30647375854e-05, 7.15281421435e-05, 5.46599367226e-05, 4.66897836304e-05, 3.78627992177e-05, 2.28814369621e-05, 1.94798794837e-05, 1.82003896043e-05, 1.38220111694e-05, 1.38629084177e-05, 1.03163756648e-05, 6.1715954871e-06, 5.24431698068e-06, 3.38642917086e-06, 3.19201330967e-06, 3.1898848647e-06, 3.3591634292e-06, 5.13895656695e-06, 3.67670281776e-06, 3.05028265757e-06, 2.26414226745e-06, 1.33708033445e-06, 8.15939415588e-07, 5.55529993562e-07, 2.36810421939e-07, 1.116459174e-07],
        "dvar": [1.07935797189e-07, 9.67297751231e-07, 8.13445467429e-07, 1.90824903257e-06, 9.63774027696e-07, 2.74384035492e-07, 2.43635213337e-07, 1.12804606545e-07, 1.10005011322e-07, 1.69834294184e-07, 6.44583764142e-08, 6.37591028863e-08, 4.64451410664e-08, 2.18407070207e-08, 6.91892099169e-09, 1.18661667159e-08, 7.91355514451e-09, 4.7989572316e-09, 3.45345640973e-09, 1.58239210624e-09, 1.4447414376e-09, 1.70953462497e-09, 7.32751526122e-10, 6.14651551878e-10, 2.20222187708e-10, 8.12544406759e-11, 6.65281232881e-11, 2.89959167787e-11, 7.56716703187e-11, 1.99630950659e-10, 2.84301887588e-10, 3.89569709824e-09, 4.61361282511e-10, 3.08500947011e-10, 1.88924001443e-10, 5.60089370716e-11, 1.43820450341e-11, 5.82851648889e-12, 7.93080824537e-13, 2.06408742637e-13],
        "dvar2": [3.02189732793e-07, 2.67486825578e-06, 1.91135404748e-06, 4.21129243477e-06, 2.0313289042e-06, 6.47923229735e-07, 6.41255439859e-07, 2.56036287283e-07, 2.65186741899e-07, 3.6918950741e-07, 1.34088978143e-07, 1.36997030609e-07, 9.72361533513e-08, 4.44398722266e-08, 1.71376672853e-08, 2.72971423243e-08, 1.72403300525e-08, 1.11360609623e-08, 8.0524067414e-09, 3.71473074523e-09, 3.31797256337e-09, 3.90006427153e-09, 1.71762770673e-09, 1.39108546904e-09, 5.29598198629e-10, 2.07853206868e-10, 1.65450125822e-10, 6.67311067515e-11, 1.811924083e-10, 4.39017600051e-10, 6.62637167359e-10, 1.0559016772e-08, 9.96930094033e-10, 6.29821417242e-10, 4.0445155558e-10, 1.18569334906e-10, 3.02551698972e-11, 1.15817425095e-11, 1.55807376549e-12, 4.60516065386e-13],
        "max": [0.0094195343554, 0.0284981895238, 0.0223596803844, 0.0666745454073, 0.0269693136215, 0.0110495425761, 0.0140317305923, 0.00948458909988, 0.0077935885638, 0.0106438333169, 0.00629992922768, 0.00506230443716, 0.00481001799926, 0.00329880020581, 0.00267540337518, 0.00310283550061, 0.00211813580245, 0.00162787572481, 0.00133068917785, 0.00160185201094, 0.00100452627521, 0.00193740963005, 0.00148087716661, 0.00100368773565, 0.000511966238264, 0.000296788814012, 0.000201000992092, 0.000227885131608, 0.00047244358575, 0.000947486201767, 0.000757742905989, 0.00481325993314, 0.00120764970779, 0.000669659813866, 0.000679387652781, 0.000395732582547, 0.000110194829176, 8.07153701317e-05, 3.51150592905e-05, 2.59623684542e-05],
        "mean": [0.000270385033218, 0.000764544238336, 0.000718869676348, 0.00108349870425, 0.000957869575359, 0.000516278843861, 0.000384996150387, 0.000301704974845, 0.000212194019696, 0.000287452945486, 0.000200002119527, 0.000208185447264, 0.000180134578841, 0.000116483613965, 5.84496374358e-05, 8.71918164194e-05, 5.88252369198e-05, 5.31115729245e-05, 4.17027222284e-05, 2.64730097115e-05, 2.22656490223e-05, 2.1355901481e-05, 1.68054575624e-05, 1.72985073732e-05, 1.28438123284e-05, 7.52903542889e-06, 6.30821068626e-06, 4.00388171329e-06, 3.30025568474e-06, 3.10551217808e-06, 2.78463471659e-06, 3.72840850105e-06, 2.96915573017e-06, 2.52008976531e-06, 1.9222040919e-06, 1.16050875931e-06, 7.25544964553e-07, 4.89606065912e-07, 2.28680136161e-07, 1.10021503019e-07],
        "median": [6.51470618322e-05, 0.000280643929727, 0.000255104328971, 0.000411094806623, 0.000392148533138, 0.000215248379391, 0.000120919845358, 0.00011655552953, 6.53064707876e-05, 5.75475205551e-05, 4.86723984068e-05, 3.63635626854e-05, 2.79375781247e-05, 2.21469017561e-05, 1.6060361304e-05, 1.91728249774e-05, 1.42783210322e-05, 1.31512533699e-05, 1.11641729745e-05, 6.9963025453e-06, 5.75283320359e-06, 4.82298173665e-06, 4.61352829007e-06, 5.11694543093e-06, 4.16735838371e-06, 2.61649392996e-06, 2.00800650418e-06, 1.51634367285e-06, 1.20310050988e-06, 7.73844362811e-07, 3.51060919002e-07, 2.91747994652e-07, 1.91667496097e-07, 1.33849567874e-07, 1.34807891072e-07, 1.09821954197e-07, 8.73816787816e-08, 5.93655897774e-08, 2.95081932222e-08, 1.38074618405e-08],
        "min": [5.72356945099e-25, 5.18538832689e-25, 6.86204463472e-25, 7.35800937444e-25, 5.49114588337e-25, 3.06104975756e-25, 1.13074710787e-24, 1.10780861047e-24, 1.45284434028e-24, 1.08432116449e-24, 1.74254364697e-24, 1.56156603771e-24, 1.94174640832e-24, 1.48758143582e-24, 1.29593053851e-24, 1.66981402416e-24, 2.04184082707e-24, 2.49569636888e-24, 2.43494481006e-24, 2.24381761779e-24, 2.72764514084e-24, 2.06947008863e-24, 2.56581998968e-24, 2.88721671361e-24, 2.98396498161e-24, 3.53639204619e-24, 3.0087464553e-24, 4.14287107114e-24, 4.57787461226e-24, 4.08029467983e-24, 4.34084399835e-24, 4.64962545589e-24, 4.44722189141e-24, 4.33594201668e-24, 4.43893135773e-24, 4.33044089516e-24, 3.60013240177e-24, 5.06068982955e-24, 4.85134468354e-24, 4.55733819631e-24],
        "var": [2.53628257951e-07, 2.06172421713e-06, 1.85219198556e-06, 6.05136301601e-06, 3.47988088834e-06, 7.73982378632e-07, 6.60071634684e-07, 2.90131680458e-07, 1.94702636236e-07, 4.91318303375e-07, 1.74001371533e-07, 2.34864529602e-07, 1.80583739962e-07, 7.44893569049e-08, 1.45385090633e-08, 3.41198287401e-08, 1.66756937148e-08, 1.10991571489e-08, 7.42915462482e-09, 4.44226744278e-09, 3.06895753255e-09, 4.36902736212e-09, 1.68809055623e-09, 1.39474110039e-09, 5.24910614974e-10, 1.68625308161e-10, 1.34376648697e-10, 6.62634183635e-11, 1.02823978498e-10, 2.67594224557e-10, 3.51220275085e-10, 3.05090908093e-09, 6.35686003836e-10, 4.49554393711e-10, 2.53017468088e-10, 8.51319084672e-11, 2.24621380523e-11, 9.1512145084e-12, 1.37728739004e-12, 3.03633284965e-13]
    },
    "mfcc": {
        "mean": [-712.450439453, 131.326156616, -10.5222072601, 19.3736858368, -4.58392906189, 1.22572779655, -4.7587761879, -1.01347410679, -7.97560691833, -0.0469594374299, -6.0055437088, -2.72088575363, -6.24505567551],
        "cov": [[25299.0585938, 5661.63671875, -1831.03686523, 673.433898926, -395.712371826, 96.6293106079, 21.651102066, 281.832366943, -323.683868408, 181.722320557, -247.802612305, -136.707473755, -348.929473877], [5661.63671875, 3153.76049805, -275.908966064, 207.440841675, -60.8112297058, -147.146194458, -41.2182312012, -130.576004028, -225.973495483, 22.7319831848, -119.171974182, -36.8176078796, -123.594223022], [-1831.03686523, -275.908966064, 927.37677002, 118.269630432, 28.7940750122, 79.0530166626, -161.340911865, -83.6507568359, -5.61381530762, -90.7648391724, 6.90421867371, -8.09653663635, 15.5590276718], [673.433898926, 207.440841675, 118.269630432, 418.277740479, 58.9051437378, -73.6663742065, -78.3433380127, 0.504639863968, -29.6977615356, -65.5233612061, -38.0071372986, 0.760347008705, -27.4153308868], [-395.712371826, -60.8112297058, 28.7940750122, 58.9051437378, 208.522689819, -2.23865294456, -4.07460832596, 40.7034416199, 19.8076553345, -7.10710287094, 24.8573036194, 21.326128006, 28.5955810547], [96.6293106079, -147.146194458, 79.0530166626, -73.6663742065, -2.23865294456, 203.037353516, 55.4298477173, 9.60396289825, 46.8280029297, 7.07403469086, 22.896818161, -20.5999126434, 7.17822980881], [21.651102066, -41.2182312012, -161.340911865, -78.3433380127, -4.07460832596, 55.4298477173, 234.791992188, 47.1318397522, 27.3460159302, 50.0871276855, 6.33773136139, -9.43777370453, -16.2316474915], [281.832366943, -130.576004028, -83.6507568359, 0.504639863968, 40.7034416199, 9.60396289825, 47.1318397522, 133.22895813, 31.2428894043, 13.6107473373, 14.7524375916, 6.42729330063, 3.6152973175], [-323.683868408, -225.973495483, -5.61381530762, -29.6977615356, 19.8076553345, 46.8280029297, 27.3460159302, 31.2428894043, 124.888221741, 30.3113288879, 29.7507686615, 0.511036634445, 22.7129745483], [181.722320557, 22.7319831848, -90.7648391724, -65.5233612061, -7.10710287094, 7.07403469086, 50.0871276855, 13.6107473373, 30.3113288879, 104.378204346, 21.1067314148, -0.487413078547, -1.26028990746], [-247.802612305, -119.171974182, 6.90421867371, -38.0071372986, 24.8573036194, 22.896818161, 6.33773136139, 14.7524375916, 29.7507686615, 21.1067314148, 91.0703430176, 18.7036075592, 19.2493038177], [-136.707473755, -36.8176078796, -8.09653663635, 0.760347008705, 21.326128006, -20.5999126434, -9.43777370453, 6.42729330063, 0.511036634445, -0.487413078547, 18.7036075592, 73.7247161865, 29.573589325], [-348.929473877, -123.594223022, 15.5590276718, -27.4153308868, 28.5955810547, 7.17822980881, -16.2316474915, 3.6152973175, 22.7129745483, -1.26028990746, 19.2493038177, 29.573589325, 87.3088150024]],
