{
"lowlevel": {
    "average_loudness": 0.920427143574,
    "barkbands_crest": {
        "dmean": 1.99314117432,
        "dmean2": 3.20315146446,
        "dvar": 3.70955824852,
        "dvar2": 9.09644317627,
        "max": 26.1847667694,
        "mean": 9.17493534088,
        "median": 7.93304252625,
        "min": 2.5819542408,
        "var": 17.4088897705
    },
    "barkbands_flatness_db": {
        "dmean": 0.0144614679739,
        "dmean2": 0.0227902941406,
        "dvar": 0.000189963597222,
        "dvar2": 0.000454813271062,
        "max": 0.364021390676,
        "mean": 0.149686679244,
        "median": 0.142369270325,
        "min": 0.0527914315462,
        "var": 0.0024384309072
    },
    "barkbands_kurtosis": {
        "dmean": 1.25592386723,
        "dmean2": 1.96893393993,
        "dvar": 5.07445716858,
        "dvar2": 10.8279933929,
        "max": 75.4351119995,
        "mean": 2.02700996399,
        "median": 1.05271148682,
        "min": -1.84891700745,
        "var": 17.9622077942
    },
    "barkbands_skewness": {
        "dmean": 0.325779885054,
        "dmean2": 0.498378187418,
        "dvar": 0.121668562293,
        "dvar2": 0.266100913286,
        "max": 7.66432905197,
        "mean": 0.351583212614,
        "median": 0.383683800697,
        "min": -3.61336326599,
        "var": 1.314006567
    },
    "barkbands_spread": {
        "dmean": 3.27929329872,
        "dmean2": 5.13835906982,
        "dvar": 14.5598554611,
        "dvar2": 31.6803436279,
        "max": 101.568603516,
        "mean": 18.0225944519,
        "median": 16.3842105865,
        "min": 1.00387775898,
        "var": 89.523147583
    },
    "dissonance": {
        "dmean": 0.0217782724649,
        "dmean2": 0.0367709808052,
        "dvar": 0.000505623407662,
        "dvar2": 0.00141073018312,
        "max": 0.500000119209,
        "mean": 0.45268791914,
        "median": 0.462458312511,
        "min": 0.209607824683,
        "var": 0.00154420407489
    },
    "dynamic_complexity": 2.61487340927,
    "erbbands_crest": {
        "dmean": 2.38476443291,
        "dmean2": 3.78089594841,
        "dvar": 5.28486967087,
        "dvar2": 12.6996831894,
        "max": 32.441734314,
        "mean": 10.2772531509,
        "median": 9.28328514099,
        "min": 2.51678395271,
        "var": 26.9951953888
    },
    "erbbands_flatness_db": {
        "dmean": 0.0138471527025,
        "dmean2": 0.0207242947072,
        "dvar": 0.000172909363755,
        "dvar2": 0.000346692657331,
        "max": 0.389337390661,
        "mean": 0.206634730101,
        "median": 0.207072973251,
        "min": 0.0807317122817,
        "var": 0.00347563740797
    },
    "erbbands_kurtosis": {
        "dmean": 1.0413954258,
        "dmean2": 1.62012398243,
        "dvar": 2.32142615318,
        "dvar2": 5.20866918564,
        "max": 41.146030426,
        "mean": 1.34356796741,
        "median": 0.496926546097,
        "min": -1.87864851952,
        "var": 8.63079452515
    },
    "erbbands_skewness": {
        "dmean": 0.310884922743,
        "dmean2": 0.475011736155,
        "dvar": 0.0859634429216,
        "dvar2": 0.190539374948,
        "max": 5.88967084885,
        "mean": 0.347081840038,
        "median": 0.377148091793,
        "min": -3.88954257965,
        "var": 0.877251386642
    },
    "erbbands_spread": {
        "dmean": 4.29973268509,
        "dmean2": 6.54300165176,
        "dvar": 24.3076858521,
        "dvar2": 47.6050834656,
        "max": 110.664199829,
        "mean": 23.977312088,
        "median": 21.2348384857,
        "min": 2.09668660164,
        "var": 160.059265137
    },
    "hfc": {
        "dmean": 4.34439229965,
        "dmean2": 6.62061882019,
        "dvar": 32.4050331116,
        "dvar2": 71.4572525024,
        "max": 108.639396667,
        "mean": 21.1741123199,
        "median": 20.144197464,
        "min": 1.0435733769e-16,
        "var": 274.330963135
    },
    "melbands_crest": {
        "dmean": 2.31240105629,
        "dmean2": 3.70598125458,
        "dvar": 5.23355531693,
        "dvar2": 12.8082284927,
        "max": 33.4883232117,
        "mean": 10.4301137924,
        "median": 9.48649406433,
        "min": 1.50336873531,
        "var": 31.2601413727
    },
    "melbands_flatness_db": {
        "dmean": 0.0151126403362,
        "dmean2": 0.0231632776558,
        "dvar": 0.000267967465334,
        "dvar2": 0.000616159464698,
        "max": 0.435383498669,
        "mean": 0.169840753078,
        "median": 0.175118789077,
        "min": 0.00263266288675,
        "var": 0.00581722473726
    },
    "melbands_kurtosis": {
        "dmean": 1.93791639805,
        "dmean2": 3.0060312748,
        "dvar": 18.2126865387,
        "dvar2": 40.3502082825,
        "max": 100.833000183,
        "mean": 3.22929382324,
        "median": 1.26536369324,
        "min": -1.75046527386,
        "var": 48.5755195618
    },
    "melbands_skewness": {
        "dmean": 0.379632860422,
        "dmean2": 0.579442203045,
        "dvar": 0.197883471847,
        "dvar2": 0.413297533989,
        "max": 8.30658054352,
        "mean": 0.958778679371,
        "median": 0.72316467762,
        "min": -2.05560541153,
        "var": 1.22270166874
    },
    "melbands_spread": {
        "dmean": 5.95635318756,
        "dmean2": 9.47099208832,
        "dvar": 52.8296585083,
        "dvar2": 127.444198608,
        "max": 215.12487793,
        "mean": 37.3648605347,
        "median": 25.8204269409,
        "min": 1.31516218185,
        "var": 1263.79089355
    },
    "pitch_salience": {
        "dmean": 0.0492106415331,
        "dmean2": 0.0788361206651,
        "dvar": 0.00232170755044,
        "dvar2": 0.00558940088376,
        "max": 0.991842865944,
        "mean": 0.569894075394,
        "median": 0.55301964283,
        "min": 0.0974452868104,
        "var": 0.0171434320509
    },
    "silence_rate_20dB": {
        "dmean": 0,
        "dmean2": 0,
        "dvar": 0,
        "dvar2": 0,
        "max": 1,
        "mean": 1,
        "median": 1,
        "min": 1,
        "var": 0
    },
    "silence_rate_30dB": {
        "dmean": 0,
        "dmean2": 0,
        "dvar": 0,
        "dvar2": 0,
        "max": 1,
        "mean": 1,
        "median": 1,
        "min": 1,
        "var": 0
    },
    "silence_rate_60dB": {
        "dmean": 0.00970124546438,
        "dmean2": 0.019404631108,
        "dvar": 0.00960527267307,
        "dvar2": 0.0221189521253,
        "max": 1,
        "mean": 0.152116402984,
        "median": 0,
        "min": 0,
        "var": 0.128971397877
    },
    "spectral_centroid": {
        "dmean": 186.898162842,
        "dmean2": 293.285888672,
        "dvar": 54241.1015625,
        "dvar2": 122550.757812,
        "max": 12019.6767578,
        "mean": 2405.30639648,
        "median": 1461.08056641,
        "min": 262.084747314,
        "var": 8575792
    },
    "spectral_complexity": {
        "dmean": 2.26744580269,
        "dmean2": 3.698346138,
        "dvar": 7.29056978226,
        "dvar2": 17.7395172119,
        "max": 51,
        "mean": 16.4672622681,
        "median": 17,
        "min": 0,
        "var": 77.9493560791
    },
    "spectral_decrease": {
        "dmean": 1.09534969983e-09,
        "dmean2": 1.69982639076e-09,
        "dvar": 2.00836164685e-18,
        "dvar2": 4.66158171872e-18,
        "max": 8.53315672951e-25,
        "mean": -5.05527752992e-09,
        "median": -5.33727195773e-09,
        "min": -2.3164341556e-08,
        "var": 1.17667633276e-17
    },
    "spectral_energy": {
        "dmean": 0.00445018149912,
        "dmean2": 0.0068922387436,
        "dvar": 3.19166174449e-05,
        "dvar2": 7.35020075808e-05,
        "max": 0.0903318747878,
        "mean": 0.0210003536195,
        "median": 0.0223604813218,
        "min": 9.82961663234e-21,
        "var": 0.000199015339604
    },
    "spectral_energyband_high": {
        "dmean": 0.000123146674014,
        "dmean2": 0.000184942749911,
        "dvar": 1.09469723952e-07,
        "dvar2": 2.19754440423e-07,
        "max": 0.0131313502789,
        "mean": 0.000336185388733,
        "median": 0.000171094710822,
        "min": 6.91620735116e-21,
        "var": 3.8356455434e-07
    },
    "spectral_energyband_low": {
        "dmean": 0.000853730889503,
        "dmean2": 0.00143197306897,
        "dvar": 3.19696823681e-06,
        "dvar2": 8.70354779181e-06,
        "max": 0.0348199568689,
        "mean": 0.00210029981099,
        "median": 0.00144147768151,
        "min": 6.99874555213e-24,
        "var": 7.02355191606e-06
    },
    "spectral_energyband_middle_high": {
        "dmean": 0.0024754635524,
        "dmean2": 0.00375246768817,
        "dvar": 1.16097553473e-05,
        "dvar2": 2.57092833635e-05,
        "max": 0.0771891027689,
        "mean": 0.00946848560125,
        "median": 0.00698587857187,
        "min": 1.02500037137e-21,
        "var": 7.96527965576e-05
    },
    "spectral_energyband_middle_low": {
        "dmean": 0.00296520488337,
        "dmean2": 0.00458395527676,
        "dvar": 2.43455051532e-05,
        "dvar2": 5.63149733352e-05,
        "max": 0.0823170170188,
        "mean": 0.00942787528038,
        "median": 0.00686952099204,
        "min": 1.24210971045e-22,
        "var": 9.36432697927e-05
    },
    "spectral_entropy": {
        "dmean": 0.111748427153,
        "dmean2": 0.163321524858,
        "dvar": 0.0145670296624,
        "dvar2": 0.0284821167588,
        "max": 9.82972145081,
        "mean": 7.51076030731,
        "median": 7.3349404335,
        "min": 5.47788286209,
        "var": 0.764283657074
    },
    "spectral_flux": {
        "dmean": 0.0163491480052,
        "dmean2": 0.0263936948031,
        "dvar": 0.000378850207198,
        "dvar2": 0.000946408428717,
        "max": 0.263979405165,
        "mean": 0.0659821256995,
        "median": 0.0666246712208,
        "min": 6.24879314959e-11,
        "var": 0.00155586085748
    },
    "spectral_kurtosis": {
        "dmean": 2.09477925301,
        "dmean2": 3.62870979309,
        "dvar": 6.15528535843,
        "dvar2": 18.1774597168,
        "max": 57.6310005188,
        "mean": 5.46033811569,
        "median": 4.78033256531,
        "min": -1.28040528297,
        "var": 25.1773033142
    },
    "spectral_rms": {
        "dmean": 0.00044600176625,
        "dmean2": 0.000681121076923,
        "dvar": 2.57757790223e-07,
        "dvar2": 5.63725848224e-07,
        "max": 0.00938768684864,
        "mean": 0.00407620193437,
        "median": 0.00467066373676,
        "min": 3.09675137096e-12,
        "var": 3.87269847124e-06
    },
    "spectral_rolloff": {
        "dmean": 288.090393066,
        "dmean2": 489.020935059,
        "dvar": 267740.3125,
        "dvar2": 562169.25,
        "max": 19659.8144531,
        "mean": 3346.9284668,
        "median": 1571.92382812,
        "min": 193.798828125,
        "var": 27369768
    },
    "spectral_skewness": {
        "dmean": 0.23209798336,
        "dmean2": 0.386152803898,
        "dvar": 0.0522109717131,
        "dvar2": 0.143674209714,
        "max": 6.01752328873,
        "mean": 1.4992159605,
        "median": 1.52801084518,
        "min": -0.111006520689,
        "var": 0.552357673645
    },
    "spectral_spread": {
        "dmean": 367914.78125,
        "dmean2": 561708.8125,
        "dvar": 369713053696,
        "dvar2": 766848729088,
        "max": 43071848,
        "mean": 7059821,
        "median": 3233519.25,
        "min": 1173542.625,
        "var": 1.26142551949e+14
    },
    "spectral_strongpeak": {
        "dmean": 0.76711410284,
        "dmean2": 1.27005112171,
        "dvar": 1.14639997482,
        "dvar2": 2.87600445747,
        "max": 16.7724475861,
        "mean": 1.94648838043,
        "median": 1.42707169056,
        "min": 0,
        "var": 3.68426728249
    },
    "zerocrossingrate": {
        "dmean": 0.00644352519885,
        "dmean2": 0.00846863817424,
        "dvar": 9.69679822447e-05,
        "dvar2": 0.000137771858135,
        "max": 0.69970703125,
        "mean": 0.104013651609,
        "median": 0.0576171875,
        "min": 0.009765625,
        "var": 0.0183042809367
    },
    "barkbands": {
        "dmean": [4.2319396016e-05, 0.000501621339936, 0.00040827927296, 0.000500106543768, 0.00103097013198, 0.000685148348566, 0.000642419850919, 0.000576645950787, 0.001098654815, 0.000964945589658, 0.000660997058731, 0.000697586452588, 0.000379228178645, 0.000526431656908, 0.000325432920363, 0.000326700974256, 0.000223864350119, 0.000243360002059, 0.000193826301256, 9.22229519347e-05, 4.71137791465e-05, 4.18577074015e-05, 2.23857223318e-05, 1.41376522151e-05, 5.68710174775e-06, 1.14130580187e-06, 1.10480136151e-09],
        "dmean2": [7.58273235988e-05, 0.000859188963659, 0.000690307992045, 0.000789441925008, 0.00167346303351, 0.00106936553493, 0.000967590371147, 0.000859398860484, 0.00165864219889, 0.00146540277638, 0.00100293778814, 0.00105568184517, 0.000604907691013, 0.000840710883494, 0.000522754096892, 0.000516090542078, 0.000355391792255, 0.000382052327041, 0.000303554726997, 0.000146906473674, 7.64780197642e-05, 6.30110735074e-05, 3.433031452e-05, 2.06961558433e-05, 8.52978428156e-06, 1.78064294687e-06, 2.02978700514e-09],
        "dvar": [3.60307361724e-09, 1.06724212401e-06, 1.08068729787e-06, 2.54102042163e-06, 8.58669682202e-06, 2.92968820759e-06, 2.30061027651e-06, 1.82954693173e-06, 4.92541403219e-06, 4.79988875668e-06, 2.00488580049e-06, 3.15667102768e-06, 8.2002554791e-07, 1.49000561578e-06, 7.04363458226e-07, 9.3894453812e-07, 3.54976549488e-07, 2.36173377743e-07, 1.48868380734e-07, 5.32856887503e-08, 1.86901960575e-08, 1.76179248967e-08, 6.51836407073e-09, 2.46280218441e-09, 5.26432342163e-10, 1.0380354562e-11, 1.18064853678e-17],
        "dvar2": [1.11294573557e-08, 3.14815542879e-06, 2.9916159292e-06, 6.20331138634e-06, 2.02199389605e-05, 6.58666704112e-06, 5.29464023202e-06, 4.29148303738e-06, 1.11560875666e-05, 1.1454806554e-05, 4.38280721937e-06, 6.57964938e-06, 1.9602643988e-06, 3.71134910893e-06, 1.72858949554e-06, 2.26614429266e-06, 8.46448813263e-07, 5.37443042958e-07, 3.23130421975e-07, 1.31683805193e-07, 4.6664485609e-08, 3.32430865058e-08, 1.53896504429e-08, 4.28052349122e-09, 1.0672749351e-09, 2.42937250178e-11, 3.48930623497e-17],
        "max": [0.00125829130411, 0.0203319713473, 0.0199271012098, 0.0313959121704, 0.050388365984, 0.0688309818506, 0.0507119745016, 0.0564499422908, 0.0565381497145, 0.0501944050193, 0.0341520085931, 0.0555869862437, 0.02795021981, 0.0243096537888, 0.0182160623372, 0.0393038205802, 0.0185049865395, 0.0136902062222, 0.0170451421291, 0.00726833706722, 0.00466342456639, 0.00679989391938, 0.00308655039407, 0.0024537621066, 0.000838830601424, 0.000143198034493, 1.6207867759e-07],
        "mean": [4.97778892168e-05, 0.00109589565545, 0.000731688982341, 0.000830932462122, 0.00206490373239, 0.00145411968697, 0.00129396864213, 0.00111931387801, 0.00244484050199, 0.00198399065994, 0.00139031221624, 0.00144686293788, 0.000748710997868, 0.0010119068902, 0.000550967117306, 0.000766062818002, 0.000491859042086, 0.000577617844101, 0.00047746769269, 0.000190762744751, 8.90741648618e-05, 9.36762371566e-05, 4.82805335196e-05, 3.2556221413e-05, 1.24066236822e-05, 2.39704013438e-06, 9.78195746626e-10],
        "median": [2.82008968497e-05, 0.000670837180223, 0.000204275318538, 0.000107220192149, 0.000685155566316, 0.000567445065826, 0.000376279291231, 0.000422555167461, 0.00084767723456, 0.000363864528481, 0.000271325581707, 0.000317216938129, 0.000178775182576, 0.000255854421994, 0.000148906605318, 0.000124834274175, 0.000107980267785, 0.000199644622626, 0.000184967560926, 8.15695093479e-05, 3.57167227776e-05, 3.0602888728e-05, 1.90739956452e-05, 1.09620632429e-05, 3.38371705766e-06, 6.43625298835e-07, 3.69952291024e-10],
        "min": [1.27411809075e-25, 7.70601832101e-25, 2.94080196414e-25, 1.80247567791e-25, 3.30749419378e-24, 3.52778162941e-24, 5.21956286599e-24, 2.99315600002e-24, 6.3420598693e-24, 7.83061042074e-24, 9.48591670121e-24, 1.10990465334e-23, 1.7338588406e-23, 1.95858653761e-23, 3.27345405686e-23, 3.04264250678e-23, 2.4606617939e-23, 5.66385406097e-23, 1.03495471052e-22, 1.4600452204e-22, 1.97797860037e-22, 3.0309134073e-22, 3.27194588103e-22, 5.08254523671e-22, 8.26630656595e-22, 1.14302910892e-21, 1.81753754511e-21],
        "var": [3.94253385494e-09, 2.20454649025e-06, 1.6417908455e-06, 5.15413921676e-06, 1.89975326066e-05, 8.39833683131e-06, 7.59835620556e-06, 6.29430087429e-06, 2.30257010116e-05, 1.67683065229e-05, 8.47050978336e-06, 8.70929034136e-06, 2.86547128781e-06, 3.77887795366e-06, 1.43521515383e-06, 5.32383864993e-06, 1.51384949731e-06, 9.15194846129e-07, 6.8016709065e-07, 1.63247392493e-07, 3.46063551149e-08, 5.78943399887e-08, 1.65329332447e-08, 9.74568603596e-09, 1.65688807119e-09, 4.08873247759e-11, 7.24408880835e-18]
    },
    "erbbands": {
        "dmean": [0.0113402241841, 0.129698872566, 0.42973819375, 0.931990742683, 3.80713868141, 2.49997115135, 3.58540415764, 6.93136501312, 8.86617279053, 8.66956520081, 14.3409633636, 23.9433097839, 26.3942375183, 28.4366436005, 27.058429718, 20.0163345337, 15.3776044846, 18.7454490662, 23.7767219543, 12.9354457855, 17.5863895416, 12.7038040161, 13.863732338, 10.4681816101, 7.46812725067, 3.3898396492, 2.1820499897, 1.65479063988, 1.64718103409, 0.868317961693, 0.625645399094, 0.37098556757, 0.204580962658, 0.084499977529, 0.0295452382416, 0.00862889923155, 0.00156375195365, 7.37763257348e-05, 3.82160078516e-06, 5.33099728273e-06],
        "dmean2": [0.0197096653283, 0.221245408058, 0.727333188057, 1.5064893961, 6.07736635208, 4.10122394562, 5.60415840149, 10.8984603882, 13.3173389435, 13.2689933777, 21.060136795, 36.3510627747, 39.6693649292, 42.5941467285, 40.1540756226, 29.8722610474, 24.1849460602, 29.5165863037, 38.0939331055, 20.624540329, 27.3526363373, 20.1596927643, 21.8796348572, 16.2772693634, 11.6222839355, 5.37086677551, 3.54946494102, 2.62690806389, 2.50898504257, 1.33702218533, 0.958603858948, 0.549347341061, 0.301397502422, 0.12850061059, 0.0443643443286, 0.0131908887997, 0.00248927436769, 0.000118537711387, 5.79667539569e-06, 8.21402136353e-06],
        "dvar": [0.000455984758446, 0.0752559006214, 1.10735714436, 5.81945514679, 197.329650879, 46.7588882446, 67.9047546387, 333.155212402, 396.448944092, 566.566833496, 869.397644043, 3118.69458008, 2647.29736328, 3246.43603516, 2949.93652344, 2706.00732422, 1323.3770752, 1963.37316895, 3217.93212891, 1113.75964355, 2862.23144531, 1048.25183105, 844.387878418, 387.782562256, 323.020782471, 59.0469551086, 37.5163192749, 25.8182468414, 25.1002483368, 7.6262049675, 5.81777763367, 1.70560622215, 0.65899014473, 0.134261533618, 0.0100595783442, 0.000676427443977, 2.25071016757e-05, 7.16012777957e-08, 4.79549872034e-11, 4.3865269056e-11],
        "dvar2": [0.00134754332248, 0.220254480839, 3.08357214928, 14.6849727631, 439.054870605, 114.116706848, 161.133056641, 750.072509766, 900.677978516, 1265.91027832, 2027.56274414, 7031.58789062, 6064.47998047, 7385.54150391, 6596.58105469, 5459.85009766, 2989.77661133, 4634.93017578, 8072.390625, 2584.77099609, 7075.64550781, 2508.84692383, 1969.109375, 858.741821289, 707.79864502, 138.427871704, 97.5540313721, 59.5514602661, 47.1815185547, 16.0635547638, 14.0040493011, 3.337859869, 1.19856154919, 0.265532404184, 0.019982399419, 0.0014410194708, 5.79043007747e-05, 1.81119190756e-07, 1.09676011328e-10, 9.90046308824e-11],
        "max": [0.414696931839, 5.29422473907, 20.0939388275, 41.9097328186, 261.072631836, 197.509017944, 250.402236938, 806.172790527, 854.565002441, 1373.43774414, 887.074707031, 1733.47900391, 1480.80908203, 1487.97814941, 1058.3482666, 1683.9074707, 1167.93640137, 1421.79980469, 1408.15270996, 1151.68481445, 2012.84863281, 1178.04211426, 869.149475098, 703.104614258, 949.343261719, 214.613327026, 182.696609497, 212.88899231, 260.803955078, 114.950309753, 97.2370147705, 58.1444549561, 36.4791069031, 11.738527298, 5.62487792969, 1.67558395863, 0.121381610632, 0.00617974204943, 0.000169537321199, 0.000103687219962],
        "mean": [0.0251978747547, 0.271084725857, 0.829676091671, 1.69878423214, 6.67516899109, 5.16575574875, 7.65308523178, 14.3339223862, 19.1134777069, 17.7001152039, 30.5339336395, 53.3005218506, 57.2602272034, 62.0203094482, 63.7904815674, 44.2877082825, 32.9572372437, 39.9660873413, 47.9598655701, 27.8639698029, 44.0270881653, 30.9663906097, 34.7273483276, 27.6705245972, 18.5505332947, 7.98109149933, 4.21683311462, 3.44695043564, 3.69226622581, 1.92234563828, 1.33646953106, 0.821278393269, 0.459632664919, 0.182224303484, 0.0667198002338, 0.0193204917014, 0.00302701303735, 0.000124268495711, 1.64411358128e-05, 2.61530003627e-05],
        "median": [0.0153095675632, 0.157832920551, 0.32336384058, 0.46018075943, 1.10117101669, 2.01729393005, 3.57138681412, 5.11557817459, 6.57047939301, 7.20440387726, 13.2404098511, 17.6285495758, 20.0957641602, 18.9286880493, 17.6209106445, 12.8669691086, 10.6209106445, 13.3865852356, 16.2562599182, 8.24994850159, 8.03958797455, 8.30697441101, 11.9805736542, 12.3444042206, 7.46767425537, 3.91069412231, 1.95910573006, 1.27697324753, 1.13392996788, 0.763905644417, 0.52005314827, 0.289068222046, 0.147146314383, 0.0500581040978, 0.0206383652985, 0.00571209564805, 0.000685383682139, 2.56250768871e-05, 1.56683217938e-05, 2.78544721368e-05],
        "min": [3.17976104715e-23, 2.19124985978e-22, 9.76663316987e-22, 2.4456804481e-21, 7.06942398038e-21, 1.03468064636e-20, 2.16960895905e-20, 3.23033965547e-20, 4.72578946827e-20, 1.03941674004e-19, 1.36316004528e-19, 2.35932538517e-19, 2.92101772723e-19, 3.69268418092e-19, 5.27861999178e-19, 8.13731948263e-19, 1.03405600221e-18, 1.40685441357e-18, 1.91432093057e-18, 2.37983026197e-18, 2.70392210751e-18, 3.32556033197e-18, 3.73740218522e-18, 3.96222987571e-18, 6.25052122918e-18, 7.12752003489e-18, 5.12875843944e-18, 7.89361832229e-18, 9.40376557068e-18, 1.03695750365e-17, 9.13855905859e-18, 8.04857737516e-18, 8.79468767024e-18, 7.62873854654e-18, 5.62354562182e-18, 3.478242777e-18, 1.99842410577e-18, 8.90427565972e-19, 2.27611204952e-19, 2.47512294842e-20],
        "var": [0.00102840829641, 0.146812200546, 1.79187488556, 11.551864624, 399.192199707, 106.477806091, 164.660095215, 966.83605957, 1553.17285156, 1623.14428711, 2833.31225586, 13783.4775391, 8643.703125, 12025.6220703, 12781.2050781, 7367.02978516, 4862.14306641, 5167.16552734, 8022.99023438, 3726.60351562, 16623.9277344, 4560.88232422, 3487.63671875, 1698.19384766, 1401.40759277, 190.460174561, 61.2184257507, 59.5886878967, 86.8850250244, 23.6995048523, 13.8186178207, 5.57725095749, 2.33344841003, 0.382283210754, 0.0450972951949, 0.00326888705604, 6.34213502053e-05, 1.38171088793e-07, 2.21309956472e-10, 3.02143060571e-10]
    },
    "gfcc": {
        "mean": [-133.552062988, 101.176017761, -143.452957153, 21.4253368378, -61.2270240784, 11.365278244, -29.8033752441, 9.14057350159, -17.4648933411, -4.76538419724, -5.53374099731, -4.56893491745, -4.27816581726],
        "cov": [[116910.835938, 11229.2841797, -16000.5234375, 3108.12182617, -6672.14892578, 1396.14477539, -3305.46191406, 1193.28845215, -2048.62060547, -690.70123291, -864.246948242, -445.403076172, -623.058105469], [11229.2841797, 1884.61560059, -1355.16760254, 95.3109436035, -666.12512207, -16.298210144, -258.929168701, 71.0980300903, -212.342773438, -90.6429214478, 2.67207479477, -87.5217666626, -22.6683731079], [-16000.5234375, -1355.16760254, 3069.328125, -255.616470337, 902.095336914, -128.635025024, 422.6875, -113.139701843, 172.801116943, 111.04209137, -83.3640136719, 107.687850952, 36.6933135986], [3108.12182617, 95.3109436035, -255.616470337, 467.004302979, -61.6067466736, 73.504486084, -88.8815536499, 81.8903045654, 2.17418932915, -48.9476547241, -108.72996521, 16.282377243, -42.3802871704], [-6672.14892578, -666.12512207, 902.095336914, -61.6067466736, 642.901123047, -62.9851036072, 199.404586792, -9.52348709106, 128.155258179, 17.5920524597, 19.0674991608, 33.8967437744, 0.413403898478], [1396.14477539, -16.298210144, -128.635025024, 73.504486084, -62.9851036072, 263.59173584, 39.3851928711, -4.59527873993, -84.5665512085, 26.6112823486, -47.9541168213, 1.53406155109, -31.0132598877], [-3305.46191406, -258.929168701, 422.6875, -88.8815536499, 199.404586792, 39.3851928711, 340.385772705, -13.5314941406, 32.7753601074, 23.1573219299, 54.7127075195, 0.626071631908, 13.099937439], [1193.28845215, 71.0980300903, -113.139701843, 81.8903045654, -9.52348709106, -4.59527873993, -13.5314941406, 161.195510864, 33.0764045715, -15.4215583801, -53.6975135803, 2.32496857643, -11.5051240921], [-2048.62060547, -212.342773438, 172.801116943, 2.17418932915, 128.155258179, -84.5665512085, 32.7753601074, 33.0764045715, 200.533416748, 15.9511957169, 38.6147499084, 4.84644842148, 38.9907875061], [-690.70123291, -90.6429214478, 111.04209137, -48.9476547241, 17.5920524597, 26.6112823486, 23.1573219299, -15.4215583801, 15.9511957169, 120.171272278, 15.4198703766, 8.80048274994, 5.07546377182], [-864.246948242, 2.67207479477, -83.3640136719, -108.72996521, 19.0674991608, -47.9541168213, 54.7127075195, -53.6975135803, 38.6147499084, 15.4198703766, 192.273376465, 1.98383438587, 14.8914880753], [-445.403076172, -87.5217666626, 107.687850952, 16.282377243, 33.8967437744, 1.53406155109, 0.626071631908, 2.32496857643, 4.84644842148, 8.80048274994, 1.98383438587, 98.1212081909, 16.1675510406], [-623.058105469, -22.6683731079, 36.6933135986, -42.3802871704, 0.413403898478, -31.0132598877, 13.099937439, -11.5051240921, 38.9907875061, 5.07546377182, 14.8914880753, 16.1675510406, 94.9071502686]],
        "icov": [[0.000382524129236, -0.000923747371417, 0.00102223840076, -0.0010873300489, 0.000979812466539, -0.000626521417871, 0.000724798650481, -0.00106351729482, 0.00104861019645, -0.000370353489416, 0.000585347006563, -0.000457689748146, 0.000547004165128], [-0.000923747371417, 0.00329472473823, -0.00228364462964, 0.0025305331219, -0.0017033306649, 0.00203792727552, -0.00171631888952, 0.00205891346559, -0.00162869133055, 0.00108627474401, -0.00167652394157, 0.00161576888058, -0.00150579644833], [0.00102223840076, -0.00228364462964, 0.00355049222708, -0.00264974287711, 0.00195531384088, -0.00115195289254, 0.00133767456282, -0.00220023887232, 0.00273501756601, -0.00141810276546, 0.00264906138182, -0.00179518340155, 0.00161559903063], [-0.0010873300489, 0.0025305331219, -0.00264974287711, 0.00631310651079, -0.00290759978816, 0.000833302445244, -0.00169653526973, 0.00260781217366, -0.00426963670179, 0.00215710443445, -9.35461721383e-05, 0.00017995935923, -0.000232255537412], [0.000979812466539, -0.0017033306649, 0.00195531384088, -0.00290759978816, 0.00611447356641, -0.00117501139175, 0.00104409921914, -0.00312301982194, 0.00189441721886, -0.000273343961453, 0.00103700684849, -0.00123428448569, 0.00232179299928], [-0.000626521417871, 0.00203792727552, -0.00115195289254, 0.000833302445244, -0.00117501139175, 0.00704053044319, -0.00295857037418, 0.00227666925639, 0.000603398424573, -0.00135332485661, 0.000471465202281, 0.000466951663839, -0.000147730781464], [0.000724798650481, -0.00171631888952, 0.00133767456282, -0.00169653526973, 0.00104409921914, -0.00295857037418, 0.00613461900502, -0.00313627254218, 0.00224773935042, -0.000328467343934, -0.000994803616777, 0.000217313776375, 8.84648470674e-05], [-0.00106351729482, 0.00205891346559, -0.00220023887232, 0.00260781217366, -0.00312301982194, 0.00227666925639, -0.00313627254218, 0.0118427462876, -0.00578327896073, 0.00114368530922, 0.00184488273226, -0.000112915862701, 0.00019567210984], [0.00104861019645, -0.00162869133055, 0.00273501756601, -0.00426963670179, 0.00189441721886, 0.000603398424573, 0.00224773935042, -0.00578327896073, 0.0120437694713, -0.00249049556442, -0.000849689531606, 0.000456423847936, -0.00205057417043], [-0.000370353489416, 0.00108627474401, -0.00141810276546, 0.00215710443445, -0.000273343961453, -0.00135332485661, -0.000328467343934, 0.00114368530922, -0.00249049556442, 0.0102661754936, -0.00127715035342, -0.000159623479703, -0.000215692416532], [0.000585347006563, -0.00167652394157, 0.00264906138182, -9.35461721383e-05, 0.00103700684849, 0.000471465202281, -0.000994803616777, 0.00184488273226, -0.000849689531606, -0.00127715035342, 0.00989410746843, -0.00253651058301, 0.00218389858492], [-0.000457689748146, 0.00161576888058, -0.00179518340155, 0.00017995935923, -0.00123428448569, 0.000466951663839, 0.000217313776375, -0.000112915862701, 0.000456423847936, -0.000159623479703, -0.00253651058301, 0.0125604290515, -0.00365074258298], [0.000547004165128, -0.00150579644833, 0.00161559903063, -0.000232255537412, 0.00232179299928, -0.000147730781464, 8.84648470674e-05, 0.00019567210984, -0.00205057417043, -0.000215692416532, 0.00218389858492, -0.00365074258298, 0.0141259944066]]
    },
    "melbands": {
        "dmean": [0.000117512841825, 0.000200147216674, 0.000250757293543, 0.000239180939388, 0.000116212155262, 0.000149112238432, 0.000133870678837, 0.000104925005871, 0.000125451741042, 0.000160832030815, 0.000142756500281, 0.000127806823002, 8.52471712278e-05, 9.23850893741e-05, 3.02894168271e-05, 4.26917395089e-05, 3.73017792299e-05, 4.62907701149e-05, 2.42877122218e-05, 1.89936490642e-05, 2.27349828492e-05, 1.42692870213e-05, 1.31250708364e-05, 1.2501756828e-05, 9.43883151194e-06, 7.41460917197e-06, 5.05359321323e-06, 1.96801443053e-06, 1.53476264586e-06, 1.17823515211e-06, 9.99492954179e-07, 1.10984001367e-06, 7.06781463577e-07, 4.61885008463e-07, 4.02642484687e-07, 3.11262908781e-07, 2.28490122822e-07, 1.69133357986e-07, 1.11980845929e-07, 6.55737366628e-08],
        "dmean2": [0.000202012743102, 0.000338134210324, 0.000390496308682, 0.000390042318031, 0.000181890485692, 0.000233727434534, 0.000201753122383, 0.000158619644935, 0.000183424315765, 0.000244834256591, 0.000214062063606, 0.00019113306189, 0.000125774458866, 0.000138621297083, 4.70837148896e-05, 6.84295227984e-05, 5.82237880735e-05, 7.43092314224e-05, 3.87855361623e-05, 2.94128385576e-05, 3.53271934728e-05, 2.27047003136e-05, 2.07373850571e-05, 1.94887106773e-05, 1.47110358739e-05, 1.16466026157e-05, 8.00636553322e-06, 3.12748511533e-06, 2.51682013186e-06, 1.90742161976e-06, 1.58856232702e-06, 1.71432384377e-06, 1.08802396426e-06, 7.32654655167e-07, 6.30104693755e-07, 4.79777838791e-07, 3.47440902715e-07, 2.51074283142e-07, 1.7236328631e-07, 9.90580559801e-08],
        "dvar": [5.33676285386e-08, 2.110631101e-07, 6.4983402126e-07, 5.54391931473e-07, 7.06967142605e-08, 1.40138041616e-07, 8.69505925039e-08, 6.78326799175e-08, 6.6975829327e-08, 1.33399154834e-07, 7.85590543728e-08, 6.7054472197e-08, 2.98809830213e-08, 6.65625776719e-08, 4.93583662831e-09, 1.15764180464e-08, 8.41099545568e-09, 1.33407178637e-08, 4.06683842158e-09, 3.69586650173e-09, 5.7704205858e-09, 1.40245115521e-09, 9.21756670991e-10, 6.49307496658e-10, 3.39669598004e-10, 2.31712080079e-10, 2.14065959403e-10, 1.80422655982e-11, 1.5908196635e-11, 1.32748039991e-11, 9.49659448302e-12, 1.07727854415e-11, 6.05341254553e-12, 2.15620815473e-12, 2.34756333296e-12, 1.45103037658e-12, 6.40580253772e-13, 4.42418400092e-13, 2.35651098244e-13, 8.25099062966e-14],
        "dvar2": [1.56983986699e-07, 5.85560087529e-07, 1.47965386077e-06, 1.30152716338e-06, 1.71513093505e-07, 3.1533537026e-07, 1.97643188926e-07, 1.49909823222e-07, 1.5064733816e-07, 3.09822809186e-07, 1.80254545512e-07, 1.52721213453e-07, 6.43667235067e-08, 1.38339586897e-07, 1.09867004383e-08, 2.84807875062e-08, 1.943842598e-08, 3.35026761888e-08, 9.5436245573e-09, 7.87597809193e-09, 1.46502090459e-08, 3.27720672821e-09, 2.1109376469e-09, 1.47929857253e-09, 7.67897190279e-10, 5.30387178621e-10, 5.23329157787e-10, 4.17933222752e-11, 4.14226743184e-11, 3.27436550096e-11, 2.16287439347e-11, 2.10040405207e-11, 1.29547327726e-11, 4.87201902086e-12, 5.78097899412e-12, 3.41402232006e-12, 1.29677486197e-12, 8.21490716164e-13, 5.0580790641e-13, 1.69246249502e-13],
        "max": [0.004411613103, 0.00819939933717, 0.0161602646112, 0.0143455257639, 0.0100840320811, 0.0159650016576, 0.0120311947539, 0.0147829027846, 0.00579680828378, 0.0104307346046, 0.00750099075958, 0.00622641341761, 0.00392083497718, 0.00840275082737, 0.00236642733216, 0.00245313416235, 0.00291114044376, 0.00279859849252, 0.00177955953404, 0.00376599421725, 0.0024504896719, 0.00107700715307, 0.000865159614477, 0.000586267036851, 0.000626090506557, 0.000779805937782, 0.000575333368033, 8.7486958364e-05, 0.000101147488749, 0.000134270012495, 0.000118754214782, 0.000158764625667, 0.000120701108244, 5.22570080648e-05, 6.33915915387e-05, 4.92095859954e-05, 3.66496424249e-05, 3.27758134517e-05, 2.2265006919e-05, 9.13949043024e-06],
        "mean": [0.000271304394118, 0.000417341827415, 0.000466634344775, 0.000450641062343, 0.000254155165749, 0.000315515586408, 0.000284946203465, 0.000210091311601, 0.000256784813246, 0.000354089745088, 0.00030164103373, 0.000269734970061, 0.000192913925275, 0.000202979194, 5.54494145035e-05, 8.61234293552e-05, 7.21881879144e-05, 8.83959364728e-05, 4.19826683355e-05, 3.99644814024e-05, 5.20712492289e-05, 3.03542892652e-05, 2.97329879686e-05, 2.83888311969e-05, 2.23270690185e-05, 1.70242765307e-05, 9.92276363831e-06, 4.03030344387e-06, 2.72536203738e-06, 2.04685898098e-06, 1.97484428099e-06, 2.3402478746e-06, 1.4119585785e-06, 9.34597096602e-07, 8.07043193163e-07, 6.0412816083e-07, 4.7225137223e-07, 3.50952973349e-07, 2.25191627123e-07, 1.26496288999e-07],
        "median": [0.000170655024704, 0.000232261154451, 0.000106800100184, 0.000116204158985, 0.000121249569929, 0.000120608412544, 9.46499712882e-05, 8.07708129287e-05, 9.79083924904e-05, 0.000108175125206, 9.36754076974e-05, 6.92384783179e-05, 4.79595000797e-05, 3.69311674149e-05, 1.82808253157e-05, 1.87265322893e-05, 2.01713010028e-05, 2.15022719203e-05, 9.69336906564e-06, 7.08457992005e-06, 7.86238251749e-06, 6.84044789523e-06, 8.66018035595e-06, 9.67125652096e-06, 8.87788246473e-06, 6.05126160735e-06, 3.30762372869e-06, 1.82613348443e-06, 1.14987676625e-06, 7.52626760914e-07, 6.29382782336e-07, 6.35174046693e-07, 4.69978033379e-07, 3.68698806597e-07, 3.05250068777e-07, 2.03594638037e-07, 1.53194534391e-07, 1.05775761483e-07, 5.77784220468e-08, 3.13234309601e-08],
        "min": [4.17583322964e-25, 2.89513357375e-25, 6.82527139059e-25, 5.43151243628e-25, 7.45190847407e-25, 8.52597710919e-25, 9.63217210468e-25, 1.11790119828e-24, 9.45934352718e-25, 1.31310423763e-24, 1.18893861584e-24, 1.21619395733e-24, 1.44176498609e-24, 1.38687239582e-24, 1.92860970488e-24, 1.72076280294e-24, 2.10560090416e-24, 2.18634042338e-24, 3.03526519792e-24, 2.45139887082e-24, 2.40957129626e-24, 1.29832305503e-24, 2.89703744024e-24, 2.51517117526e-24, 2.67197739613e-24, 3.0699316904e-24, 4.50885874938e-24, 3.53907417327e-24, 2.33256900558e-24, 3.09715488581e-24, 4.14576619066e-24, 4.04730175576e-24, 3.85467178347e-24, 4.85969635394e-24, 4.34959838224e-24, 4.86911180328e-24, 4.77483424763e-24, 4.88746662439e-24, 4.83054754906e-24, 5.54109626007e-24],
        "var": [1.26284732005e-07, 3.68902021819e-07, 1.37026063385e-06, 1.20721699659e-06, 1.69235434555e-07, 4.16488745714e-07, 3.26384508753e-07, 2.20321098254e-07, 2.16321993207e-07, 6.18659328211e-07, 2.61511843291e-07, 2.46420910344e-07, 1.40210715927e-07, 1.87501768778e-07, 1.61012589928e-08, 4.27181916507e-08, 2.10064801109e-08, 3.41270869342e-08, 9.47226030945e-09, 1.85596089608e-08, 2.79638605605e-08, 5.21560306055e-09, 3.68247432547e-09, 2.15633955136e-09, 1.26818577861e-09, 1.08814568467e-09, 6.91769197481e-10, 4.64929032773e-11, 2.61569516047e-11, 2.25353260358e-11, 2.21498253766e-11, 3.46665508799e-11, 1.7124756474e-11, 5.45854420692e-12, 5.18800323882e-12, 3.33979870669e-12, 2.00746472397e-12, 1.39497907583e-12, 7.22734480769e-13, 1.9561942669e-13]
    },
    "mfcc": {
        "mean": [-698.397216797, 119.867782593, -24.6092395782, 9.86315822601, -9.82945823669, -2.97222447395, -1.61548125744, 8.57883262634, -6.18075656891, 4.62332487106, 0.0161770172417, -3.51272344589, -3.64835047722],
        "cov": [[25503.5546875, 5297.60546875, -1284.33898926, 1027.2064209, -256.930023193, -14.1659240723, -51.8306846619, 747.967041016, -155.589874268, 152.899551392, 66.0981063843, -235.32359314, -343.517608643], [5297.60546875, 2522.21386719, -171.17199707, 94.2389526367, -214.273284912, -149.235351562, 48.9358329773, 54.9160270691, -158.093688965, 70.798034668, -12.7473640442, -82.6479415894, -38.7649803162], [-1284.33898926, -171.17199707, 751.210266113, 27.3561477661, -0.500028073788, 79.6881790161, 19.5560741425, -63.8039093018, 97.8690643311, -97.4990692139, -2.58668065071, 1.71870732307, -60.4539413452], [1027.2064209, 94.2389526367, 27.3561477661, 336.502258301, 97.2579345703, -27.5084171295, -53.3361816406, 91.9370269775, 59.0198364258, -4.78487968445, 13.9058761597, -9.72980308533, -15.5525140762], [-256.930023193, -214.273284912, -0.500028073788, 97.2579345703, 276.091705322, -26.0110473633, -81.5814590454, 21.1663284302, 45.7987136841, -31.5597305298, -8.62376880646, 13.5016956329, 3.89549016953], [-14.1659240723, -149.235351562, 79.6881790161, -27.5084171295, -26.0110473633, 233.680953979, 89.3853607178, -7.83267498016, 30.2539310455, -38.2353439331, 33.2129898071, 1.43369758129, -35.662273407], [-51.8306846619, 48.9358329773, 19.5560741425, -53.3361816406, -81.5814590454, 89.3853607178, 217.659317017, 22.0869026184, -18.3905620575, 13.9141016006, 20.9591083527, -21.736536026, -21.7128601074], [747.967041016, 54.9160270691, -63.8039093018, 91.9370269775, 21.1663284302, -7.83267498016, 22.0869026184, 175.796554565, 29.3364562988, 5.64831733704, 26.4062347412, -12.1827936172, -28.1277217865], [-155.589874268, -158.093688965, 97.8690643311, 59.0198364258, 45.7987136841, 30.2539310455, -18.3905620575, 29.3364562988, 196.162597656, -7.3935341835, 2.7633523941, 5.4626994133, -36.8991203308], [152.899551392, 70.798034668, -97.4990692139, -4.78487968445, -31.5597305298, -38.2353439331, 13.9141016006, 5.64831733704, -7.3935341835, 154.270965576, 0.905857384205, -12.1000738144, 22.4077854156], [66.0981063843, -12.7473640442, -2.58668065071, 13.9058761597, -8.62376880646, 33.2129898071, 20.9591083527, 26.4062347412, 2.7633523941, 0.905857384205, 122.818077087, 22.6152706146, -20.5757465363], [-235.32359314, -82.6479415894, 1.71870732307, -9.72980308533, 13.5016956329, 1.43369758129, -21.736536026, -12.1827936172, 5.4626994133, -12.1000738144, 22.6152706146, 85.3704147339, 30.8480453491], [-343.517608643, -38.7649803162, -60.4539413452, -15.5525140762, 3.89549016953, -35.662273407, -21.7128601074, -28.1277217865, -36.8991203308, 22.4077854156, -20.5757465363, 30.8480453491, 113.299308777]],
