{
"lowlevel": {
    "average_loudness": 0.810582578182,
    "barkbands_crest": {
        "dmean": 1.98673355579,
        "dmean2": 3.25327444077,
        "dvar": 4.21982431412,
        "dvar2": 10.5876550674,
        "max": 25.5783176422,
        "mean": 8.99733161926,
        "median": 7.63668632507,
        "min": 2.55679559708,
        "var": 17.3205337524
    },
    "barkbands_flatness_db": {
        "dmean": 0.0148662058637,
        "dmean2": 0.0234437789768,
        "dvar": 0.000222793445573,
        "dvar2": 0.000523027963936,
        "max": 0.381985127926,
        "mean": 0.146181598306,
        "median": 0.143322467804,
        "min": 0.0279688760638,
        "var": 0.00231052562594
    },
    "barkbands_kurtosis": {
        "dmean": 1.24007308483,
        "dmean2": 1.98148560524,
        "dvar": 4.60015535355,
        "dvar2": 10.6689977646,
        "max": 62.365852356,
        "mean": 1.91849422455,
        "median": 0.88069152832,
        "min": -1.84353244305,
        "var": 15.7974920273
    },
    "barkbands_skewness": {
        "dmean": 0.342374444008,
        "dmean2": 0.52544438839,
        "dvar": 0.136411815882,
        "dvar2": 0.300427347422,
        "max": 6.87579250336,
        "mean": 0.40239495039,
        "median": 0.427098631859,
        "min": -2.38383221626,
        "var": 1.59910309315
    },
    "barkbands_spread": {
        "dmean": 3.66404485703,
        "dmean2": 5.78202390671,
        "dvar": 21.282831192,
        "dvar2": 46.7913284302,
        "max": 88.7816390991,
        "mean": 19.5451030731,
        "median": 18.4788169861,
        "min": 1.17185485363,
        "var": 103.398010254
    },
    "dissonance": {
        "dmean": 0.0182885471731,
        "dmean2": 0.0311186537147,
        "dvar": 0.000386502273614,
        "dvar2": 0.00106319738552,
        "max": 0.500000059605,
        "mean": 0.463577002287,
        "median": 0.471670538187,
        "min": 0.289311617613,
        "var": 0.00100053148344
    },
    "dynamic_complexity": 3.16979813576,
    "erbbands_crest": {
        "dmean": 2.4678580761,
        "dmean2": 3.953977108,
        "dvar": 6.79125261307,
        "dvar2": 16.0914573669,
        "max": 31.0724697113,
        "mean": 9.78108310699,
        "median": 8.4079990387,
        "min": 2.27661275864,
        "var": 28.536277771
    },
    "erbbands_flatness_db": {
        "dmean": 0.014004197903,
        "dmean2": 0.0203459337354,
        "dvar": 0.000198457113584,
        "dvar2": 0.000368733832147,
        "max": 0.433462321758,
        "mean": 0.196942046285,
        "median": 0.200978145003,
        "min": 0.0659963265061,
        "var": 0.00314095895737
    },
    "erbbands_kurtosis": {
        "dmean": 0.836133897305,
        "dmean2": 1.29464352131,
        "dvar": 1.36440873146,
        "dvar2": 2.95219898224,
        "max": 23.2463054657,
        "mean": 0.858217418194,
        "median": 0.262154817581,
        "min": -1.82369601727,
        "var": 4.70497751236
    },
    "erbbands_skewness": {
        "dmean": 0.298186272383,
        "dmean2": 0.462602078915,
        "dvar": 0.0929327011108,
        "dvar2": 0.207455024123,
        "max": 4.49608182907,
        "mean": 0.127986758947,
        "median": 0.138799607754,
        "min": -3.71701145172,
        "var": 0.59580218792
    },
    "erbbands_spread": {
        "dmean": 4.71908903122,
        "dmean2": 7.11195087433,
        "dvar": 29.5575122833,
        "dvar2": 60.2492141724,
        "max": 97.0392990112,
        "mean": 26.6466217041,
        "median": 25.5858535767,
        "min": 2.47031855583,
        "var": 173.530044556
    },
    "hfc": {
        "dmean": 4.33911705017,
        "dmean2": 6.27239704132,
        "dvar": 54.7428398132,
        "dvar2": 104.507568359,
        "max": 133.722732544,
        "mean": 17.7797431946,
        "median": 10.9646177292,
        "min": 1.04723540474e-16,
        "var": 331.866424561
    },
    "melbands_crest": {
        "dmean": 2.34580469131,
        "dmean2": 3.83125376701,
        "dvar": 6.19079780579,
        "dvar2": 16.1378593445,
        "max": 33.5221481323,
        "mean": 10.6455421448,
        "median": 9.88793945312,
        "min": 1.50269198418,
        "var": 32.0252799988
    },
    "melbands_flatness_db": {
        "dmean": 0.0162759963423,
        "dmean2": 0.0251513998955,
        "dvar": 0.00036577496212,
        "dvar2": 0.000839134154376,
        "max": 0.409464657307,
        "mean": 0.171087920666,
        "median": 0.180624455214,
        "min": 0.00256173335947,
        "var": 0.00660815229639
    },
    "melbands_kurtosis": {
        "dmean": 2.24220299721,
        "dmean2": 3.52708172798,
        "dvar": 23.3162326813,
        "dvar2": 53.3367347717,
        "max": 129.875579834,
        "mean": 3.98880887032,
        "median": 1.42369556427,
        "min": -1.82761800289,
        "var": 69.5045852661
    },
    "melbands_skewness": {
        "dmean": 0.407675892115,
        "dmean2": 0.621647894382,
        "dvar": 0.231796547771,
        "dvar2": 0.50376701355,
        "max": 9.16456890106,
        "mean": 1.21294677258,
        "median": 1.02382862568,
        "min": -1.56798303127,
        "var": 1.6541684866
    },
    "melbands_spread": {
        "dmean": 6.49861001968,
        "dmean2": 10.2652311325,
        "dvar": 71.1920166016,
        "dvar2": 158.699859619,
        "max": 172.712402344,
        "mean": 39.702331543,
        "median": 26.3825492859,
        "min": 1.14335632324,
        "var": 1407.09350586
    },
    "pitch_salience": {
        "dmean": 0.0510220527649,
        "dmean2": 0.0829465091228,
        "dvar": 0.00276298471726,
        "dvar2": 0.00679193995893,
        "max": 0.887938141823,
        "mean": 0.595261991024,
        "median": 0.590452849865,
        "min": 0.167856931686,
        "var": 0.0179702751338
    },
    "silence_rate_20dB": {
        "dmean": 0,
        "dmean2": 0,
        "dvar": 0,
        "dvar2": 0,
        "max": 1,
        "mean": 1,
        "median": 1,
        "min": 1,
        "var": 0
    },
    "silence_rate_30dB": {
        "dmean": 0,
        "dmean2": 0,
        "dvar": 0,
        "dvar2": 0,
        "max": 1,
        "mean": 1,
        "median": 1,
        "min": 1,
        "var": 0
    },
    "silence_rate_60dB": {
        "dmean": 0.010689990595,
        "dmean2": 0.0213825777173,
        "dvar": 0.0105758616701,
        "dvar2": 0.025299526751,
        "max": 1,
        "mean": 0.168832749128,
        "median": 0,
        "min": 0,
        "var": 0.14032702148
    },
    "spectral_centroid": {
        "dmean": 216.431381226,
        "dmean2": 337.91027832,
        "dvar": 81607.3515625,
        "dvar2": 174092.171875,
        "max": 11960.6787109,
        "mean": 2509.10205078,
        "median": 1418.07739258,
        "min": 300.350982666,
        "var": 9625626
    },
    "spectral_complexity": {
        "dmean": 2.34305143356,
        "dmean2": 3.72445631027,
        "dvar": 8.39453887939,
        "dvar2": 19.9670772552,
        "max": 56,
        "mean": 15.8028669357,
        "median": 16,
        "min": 0,
        "var": 78.9337768555
    },
    "spectral_decrease": {
        "dmean": 1.04358965913e-09,
        "dmean2": 1.58111201909e-09,
        "dvar": 2.59645356156e-18,
        "dvar2": 5.82534460406e-18,
        "max": 2.25008225036e-28,
        "mean": -4.50237447325e-09,
        "median": -3.83972365015e-09,
        "min": -3.93233321461e-08,
        "var": 1.35747659068e-17
    },
    "spectral_energy": {
        "dmean": 0.00424139713868,
        "dmean2": 0.00638947123662,
        "dvar": 4.12028493884e-05,
        "dvar2": 9.03438049136e-05,
        "max": 0.151456788182,
        "mean": 0.0186056494713,
        "median": 0.0158504247665,
        "min": 9.82732169082e-21,
        "var": 0.000228668563068
    },
    "spectral_energyband_high": {
        "dmean": 0.000232205464272,
        "dmean2": 0.000344740110449,
        "dvar": 4.71229128607e-07,
        "dvar2": 9.4324661859e-07,
        "max": 0.0227444265038,
        "mean": 0.00049427797785,
        "median": 0.000132441185997,
        "min": 6.9681880594e-21,
        "var": 1.31922865876e-06
    },
    "spectral_energyband_low": {
        "dmean": 0.00104266428389,
        "dmean2": 0.00173812289722,
        "dvar": 9.91388242255e-06,
        "dvar2": 2.69455631496e-05,
        "max": 0.0989684835076,
        "mean": 0.00280484324321,
        "median": 0.00171322643291,
        "min": 6.12011503691e-24,
        "var": 1.91880299099e-05
    },
    "spectral_energyband_middle_high": {
        "dmean": 0.00217584730126,
        "dmean2": 0.00310827232897,
        "dvar": 1.36595544973e-05,
        "dvar2": 2.55165014096e-05,
        "max": 0.0861260071397,
        "mean": 0.00805307272822,
        "median": 0.00370735907927,
        "min": 1.06150102856e-21,
        "var": 9.70255277934e-05
    },
    "spectral_energyband_middle_low": {
        "dmean": 0.00265045673586,
        "dmean2": 0.0040578939952,
        "dvar": 2.41421330429e-05,
        "dvar2": 5.2983094065e-05,
        "max": 0.0888369381428,
        "mean": 0.00781937781721,
        "median": 0.00504441931844,
        "min": 1.13805214129e-22,
        "var": 9.12198956939e-05
    },
    "spectral_entropy": {
        "dmean": 0.112401179969,
        "dmean2": 0.168322652578,
        "dvar": 0.0172596946359,
        "dvar2": 0.0335784293711,
        "max": 9.82579040527,
        "mean": 7.60758924484,
        "median": 7.38803529739,
        "min": 5.73534202576,
        "var": 0.76384729147
    },
    "spectral_flux": {
        "dmean": 0.0179522633553,
        "dmean2": 0.0285741630942,
        "dvar": 0.00054651015671,
        "dvar2": 0.00130319443997,
        "max": 0.301728010178,
        "mean": 0.062190040946,
        "median": 0.0548317693174,
        "min": 6.25719545622e-11,
        "var": 0.00204130611382
    },
    "spectral_kurtosis": {
        "dmean": 2.04129266739,
        "dmean2": 3.53988170624,
        "dvar": 5.32505369186,
        "dvar2": 15.8410301208,
        "max": 32.5242996216,
        "mean": 5.1307759285,
        "median": 4.62929582596,
        "min": -1.28943371773,
        "var": 17.5956935883
    },
    "spectral_rms": {
        "dmean": 0.000438830727944,
        "dmean2": 0.000653444265481,
        "dvar": 3.12091287924e-07,
        "dvar2": 6.26426469807e-07,
        "max": 0.0121557693928,
        "mean": 0.00374693376943,
        "median": 0.00393240759149,
        "min": 3.09638989796e-12,
        "var": 4.11232758779e-06
    },
    "spectral_rolloff": {
        "dmean": 342.870269775,
        "dmean2": 578.32800293,
        "dvar": 337687.5,
        "dvar2": 740519.375,
        "max": 19918.2128906,
        "mean": 3581.37963867,
        "median": 1528.85742188,
        "min": 150.732421875,
        "var": 30851376
    },
    "spectral_skewness": {
        "dmean": 0.234070882201,
        "dmean2": 0.388684719801,
        "dvar": 0.0552058443427,
        "dvar2": 0.144764751196,
        "max": 4.12348175049,
        "mean": 1.41918182373,
        "median": 1.4790494442,
        "min": -0.372575968504,
        "var": 0.520854353905
    },
    "spectral_spread": {
        "dmean": 388210.40625,
        "dmean2": 598744.4375,
        "dvar": 466006671360,
        "dvar2": 998469009408,
        "max": 43043808,
        "mean": 7469218.5,
        "median": 3165098.5,
        "min": 1726092.125,
        "var": 1.3913386333e+14
    },
    "spectral_strongpeak": {
        "dmean": 0.706748127937,
        "dmean2": 1.14284348488,
        "dvar": 1.42917191982,
        "dvar2": 3.21733474731,
        "max": 14.2193861008,
        "mean": 1.59573745728,
        "median": 0.725380420685,
        "min": 0,
        "var": 4.34657764435
    },
    "zerocrossingrate": {
        "dmean": 0.00723738176748,
        "dmean2": 0.00930362381041,
        "dvar": 0.000126114624436,
        "dvar2": 0.000159261573572,
        "max": 0.87646484375,
        "mean": 0.110016711056,
        "median": 0.056640625,
        "min": 0.00537109375,
        "var": 0.0215536914766
    },
    "barkbands": {
        "dmean": [3.59197802027e-05, 0.000587069196627, 0.000504052790347, 0.000462818163214, 0.00125877384562, 0.000487167009851, 0.000603594526183, 0.000465811142931, 0.000447424186859, 0.000729578488972, 0.000686144921929, 0.00057336530881, 0.000461607123725, 0.000462131836684, 0.000373506627511, 0.00032045977423, 0.000200116846827, 0.00013572521857, 0.000188460937352, 0.000147643557284, 0.000113716458145, 4.11885484937e-05, 2.23291408474e-05, 1.20549702842e-05, 5.2029527069e-06, 1.67807081652e-06, 1.31648314472e-09],
        "dmean2": [6.35917458567e-05, 0.00102125224657, 0.000843482150231, 0.000720696756616, 0.00200851983391, 0.000747134734411, 0.000938150042202, 0.000742088828702, 0.000652527320199, 0.00108030054253, 0.00101322180126, 0.000846377573907, 0.000668502354529, 0.000719782954548, 0.000581090978812, 0.000496705470141, 0.000305416877382, 0.000209865247598, 0.000284479960101, 0.000228605233133, 0.000172814528923, 6.51785812806e-05, 3.50057489413e-05, 1.84782566066e-05, 7.81443304732e-06, 2.60917272499e-06, 2.33362817958e-09],
        "dvar": [3.3266902566e-09, 3.14299495585e-06, 3.11233816319e-06, 2.13433372664e-06, 9.22126400837e-06, 1.72919783381e-06, 1.84458963304e-06, 3.58999568562e-06, 2.95420954899e-06, 4.92471554026e-06, 4.17890441895e-06, 3.88826265407e-06, 1.77420656655e-06, 1.69909753822e-06, 1.50985863456e-06, 1.03984609723e-06, 5.98583312694e-07, 2.40859208134e-07, 2.30073837315e-07, 1.56586025923e-07, 1.40328111797e-07, 5.23965510979e-08, 1.07161834961e-08, 1.61003133048e-09, 3.54926171786e-10, 4.79777294282e-11, 6.12362866264e-17],
        "dvar2": [9.91932846972e-09, 9.19275862543e-06, 8.7730204541e-06, 4.71775911137e-06, 2.25522562687e-05, 3.59157411367e-06, 3.98142810809e-06, 8.92804109753e-06, 4.89985541208e-06, 1.00552406366e-05, 8.3700824689e-06, 7.5007092164e-06, 3.23203335029e-06, 3.50896107193e-06, 3.22629830407e-06, 2.09214408642e-06, 1.22695189475e-06, 5.56805787255e-07, 4.92627179938e-07, 3.60945733746e-07, 3.05721016503e-07, 1.08249565756e-07, 2.3172201935e-08, 3.54326257224e-09, 7.40055239312e-10, 1.15825529723e-10, 1.44041486396e-16],
        "max": [0.000981369870715, 0.0498105287552, 0.0519181787968, 0.0415577404201, 0.0603747442365, 0.0491888560355, 0.0457100905478, 0.0618579313159, 0.0794934630394, 0.0629519075155, 0.0455482304096, 0.0454996824265, 0.0458636172116, 0.0369403101504, 0.0327890887856, 0.0255987271667, 0.0228291433305, 0.0170614849776, 0.0102780964226, 0.00874536205083, 0.0087947351858, 0.0104077085853, 0.0029773437418, 0.00152054405771, 0.00142221117858, 0.000135342575959, 5.2186345556e-07],
        "mean": [4.32961060142e-05, 0.00126387586351, 0.00117164896801, 0.00100895878859, 0.00264156446792, 0.0010423772037, 0.00120597530622, 0.000710204360075, 0.000857329228893, 0.00169244315475, 0.00137711572461, 0.000986195052974, 0.000884943117853, 0.000901186547708, 0.00060572399525, 0.000584719586186, 0.000361369457096, 0.000277064566035, 0.000370812427718, 0.000292087555863, 0.000184321863344, 7.15867499821e-05, 3.85893326893e-05, 2.13113416976e-05, 8.75476325746e-06, 2.1875132461e-06, 1.12093867521e-09],
        "median": [2.58490235865e-05, 0.000686731655151, 0.000361654820153, 0.000206472192076, 0.00105781923048, 0.000453781947726, 0.000481529976241, 0.000200532216695, 0.000232102596783, 0.000225651951041, 0.000358794000931, 0.000295276520774, 0.000218077329919, 0.00021954033582, 0.00013868160022, 0.000154811234097, 7.5804455264e-05, 7.07563594915e-05, 9.45012870943e-05, 7.07412982592e-05, 3.65783525922e-05, 9.8984073702e-06, 7.92657101556e-06, 5.98717952016e-06, 1.7438900386e-06, 2.3526685311e-07, 3.27350008211e-10],
        "min": [8.15534942506e-26, 1.04521013106e-24, 1.30705697785e-25, 1.11176706519e-25, 3.23603207324e-24, 3.55631433392e-24, 3.86451795086e-24, 2.81991760928e-24, 8.83148084968e-24, 8.85353187856e-24, 9.22499149047e-24, 1.8732281589e-23, 2.17140606371e-23, 1.22865669745e-23, 2.89582981252e-23, 3.36665765727e-23, 4.76218194423e-23, 7.45878335742e-23, 9.23453954733e-23, 1.2407166452e-22, 1.75363854961e-22, 2.96255539131e-22, 3.50935767253e-22, 4.95370418226e-22, 7.90015090767e-22, 1.19298629427e-21, 1.84463255694e-21],
        "var": [3.44308892508e-09, 4.14420674133e-06, 5.8980981521e-06, 6.82248310113e-06, 2.34994477069e-05, 5.11654207003e-06, 6.03300122748e-06, 4.72836518384e-06, 8.99340648175e-06, 2.1964609914e-05, 1.42012358992e-05, 7.37802974982e-06, 6.54108180242e-06, 6.17350042376e-06, 3.05739081341e-06, 2.70873806585e-06, 1.6936527345e-06, 9.2931634299e-07, 6.51582922728e-07, 4.3450739895e-07, 2.66371102953e-07, 1.20876933352e-07, 2.25601048953e-08, 3.10583092578e-09, 1.11258824376e-09, 5.73893536859e-11, 5.46893737625e-17]
    },
    "erbbands": {
        "dmean": [0.0110544925556, 0.157206341624, 0.536999881268, 0.955155193806, 3.46797132492, 4.07452344894, 4.74651050568, 3.75421118736, 8.68173789978, 8.00094890594, 9.93232059479, 9.95387935638, 18.823633194, 22.7097225189, 23.1123943329, 17.2132701874, 19.1405849457, 19.7142772675, 20.4824428558, 19.6064186096, 14.9749088287, 10.289727211, 7.88055229187, 8.36637783051, 8.12581253052, 5.95749521255, 5.96316671371, 3.00498819351, 1.57587110996, 1.00028562546, 0.574696600437, 0.330095589161, 0.15704536438, 0.074232891202, 0.0289047509432, 0.0116539495066, 0.00227694353089, 0.000108910891868, 4.69301767225e-06, 5.18402157468e-06],
        "dmean2": [0.0189069956541, 0.272039860487, 0.895743608475, 1.534263134, 5.3702878952, 6.60439777374, 7.28280496597, 5.75903987885, 13.5257329941, 12.638964653, 15.3019332886, 14.5531082153, 27.0201644897, 32.6652030945, 32.6256332397, 25.116071701, 28.0689239502, 29.938703537, 31.0475921631, 29.2920742035, 22.7757530212, 15.4594097137, 12.0803928375, 12.4672613144, 12.4219579697, 8.97020626068, 9.14544677734, 4.56584072113, 2.45290875435, 1.58925223351, 0.891646683216, 0.503849208355, 0.239859119058, 0.112453266978, 0.0445890240371, 0.0180134046823, 0.00352922547609, 0.000170685874764, 6.96971028447e-06, 7.71739723859e-06],
        "dvar": [0.000756092951633, 0.241233825684, 3.55578351021, 7.36116933823, 159.540863037, 93.1518936157, 197.338531494, 90.841217041, 410.270355225, 498.888671875, 1925.89880371, 1492.54272461, 2960.67382812, 4558.37695312, 3998.08618164, 2957.27026367, 3105.67773438, 2865.85131836, 4145.16162109, 4527.19091797, 2496.71557617, 1385.50317383, 945.97052002, 520.001586914, 557.010253906, 218.778320312, 377.055084229, 129.747360229, 70.2980880737, 30.2218799591, 6.87284088135, 1.19658887386, 0.251642525196, 0.0893203541636, 0.0103308111429, 0.00208424217999, 9.73387504928e-05, 2.5043414098e-07, 1.44819281567e-10, 5.88439574845e-11],
        "dvar2": [0.00218669092283, 0.697948992252, 9.82994842529, 18.4769001007, 342.884490967, 254.014251709, 391.54385376, 213.826522827, 937.039978027, 1277.39733887, 4651.06933594, 2661.64794922, 6194.5390625, 9291.14355469, 7387.67675781, 5851.43359375, 5928.42089844, 5989.47998047, 8342.9609375, 9776.11425781, 4992.78076172, 2633.18579102, 2158.98022461, 1113.08105469, 1305.14160156, 460.602233887, 821.274230957, 267.285552979, 136.813613892, 68.9295349121, 15.0800485611, 2.60193634033, 0.549865067005, 0.200519189239, 0.0219771414995, 0.00502672884613, 0.000230768040637, 5.78610126922e-07, 3.21179888241e-10, 1.23358934179e-10],
        "max": [0.628803133965, 13.6600093842, 62.8501548767, 93.6909561157, 264.915649414, 268.68460083, 574.108581543, 332.353118896, 769.07208252, 551.193237305, 1516.30883789, 1748.49707031, 1409.77148438, 2975.63916016, 1530.52807617, 1471.80273438, 2163.73120117, 2084.20483398, 2050.53027344, 1995.28796387, 1480.11071777, 1051.76794434, 1056.30065918, 620.066589355, 448.663543701, 371.119110107, 599.516784668, 453.518066406, 428.000183105, 199.920303345, 71.5430831909, 37.6721382141, 18.3416156769, 24.363067627, 4.94791936874, 0.893944501877, 0.222068950534, 0.0117001412436, 0.000281228421954, 0.000166228390299],
        "mean": [0.0237496178597, 0.338448524475, 1.33576440811, 2.20850110054, 6.97973632812, 8.44273090363, 9.34343242645, 8.45136356354, 17.7981796265, 14.3041086197, 16.9839553833, 19.3020038605, 42.0589370728, 53.9941139221, 50.3625144958, 34.5194168091, 38.5327682495, 43.0976982117, 38.7249336243, 37.0351638794, 29.072517395, 20.1170730591, 16.7340908051, 18.1095409393, 15.3438835144, 12.6367006302, 10.9041986465, 5.130671978, 2.75042819977, 1.69759833813, 1.00454366207, 0.578387737274, 0.283895730972, 0.128159821033, 0.0461429394782, 0.0158400982618, 0.00284667499363, 0.000128185361973, 1.45757676364e-05, 2.30344503507e-05],
        "median": [0.00781248835847, 0.179118320346, 0.528158128262, 0.888347804546, 2.02745246887, 3.41498875618, 3.14211416245, 4.2204284668, 7.32280302048, 5.6709280014, 5.46922779083, 6.64295387268, 8.41217517853, 14.4741821289, 15.0461359024, 13.4674749374, 12.7059764862, 12.9129085541, 10.6680049896, 10.469959259, 8.30051231384, 4.73231172562, 4.26372003555, 5.23283576965, 4.21783065796, 3.20291090012, 2.30309963226, 1.02816283703, 0.422907829285, 0.253972500563, 0.224256366491, 0.160784840584, 0.0795077458024, 0.0283671990037, 0.00819991249591, 0.00220602029003, 0.000215090578422, 1.06237384898e-05, 1.05653225546e-05, 1.93844443857e-05],
        "min": [2.95814698413e-23, 2.01866324959e-22, 6.44712162683e-22, 2.95634108588e-21, 3.39794163409e-21, 1.29611956079e-20, 2.59950554783e-20, 3.37095518973e-20, 6.1413300796e-20, 1.37654822198e-19, 1.523488586e-19, 2.13026537337e-19, 2.76256869596e-19, 5.0111175365e-19, 7.51858218058e-19, 9.97578681366e-19, 1.12104655473e-18, 1.22370990511e-18, 1.84136215298e-18, 1.94570416301e-18, 2.95087274349e-18, 2.74850073188e-18, 4.94270153143e-18, 4.9938891221e-18, 6.26945043031e-18, 7.17449314034e-18, 7.58034351762e-18, 8.38051420163e-18, 9.01026086404e-18, 1.04265520642e-17, 9.99755138314e-18, 9.90207654248e-18, 8.79605417261e-18, 6.98845856621e-18, 5.75102614833e-18, 3.67993753448e-18, 2.14921003245e-18, 8.52313358092e-19, 2.1262898658e-19, 2.54285029977e-20],
        "var": [0.00132896215655, 0.324399441481, 7.71553182602, 20.0091094971, 369.542755127, 251.376159668, 591.133972168, 292.039672852, 1338.97424316, 892.311462402, 2805.47021484, 4046.36962891, 11506.1572266, 20326.1914062, 15601.8183594, 6102.25195312, 9460.20605469, 14171.5839844, 10399.9052734, 9591.29980469, 6458.65332031, 4025.02416992, 3413.68554688, 1793.44726562, 1027.86413574, 720.570556641, 756.112792969, 280.76550293, 162.489181519, 66.4414978027, 13.6565237045, 2.26000666618, 0.557376265526, 0.261593848467, 0.0263456404209, 0.00263428478502, 0.000117810202937, 3.10789772584e-07, 3.10347081367e-10, 3.50390189086e-10]
    },
    "gfcc": {
        "mean": [-159.066223145, 106.423934937, -138.943252563, 27.3600387573, -52.470035553, 11.7887878418, -30.1041316986, 1.72649180889, -21.8732700348, -2.07197809219, -5.94312858582, -8.29969501495, -0.22588403523],
        "cov": [[127848.507812, 13765.3349609, -17508.9824219, 3841.13574219, -6631.5390625, 1441.40979004, -3700.08154297, 180.928222656, -2879.08300781, -290.025817871, -788.056274414, -1170.62133789, -65.58203125], [13765.3349609, 2779.93725586, -1566.89233398, 280.734924316, -528.876281738, -57.9821662903, -354.959564209, -76.5188522339, -300.149871826, -167.818862915, -25.3710575104, -251.307220459, 67.5034408569], [-17508.9824219, -1566.89233398, 3158.01220703, -393.861114502, 924.614257812, -224.895324707, 457.155517578, -37.8032989502, 330.44921875, 28.0720996857, 35.4759635925, 177.086837769, -81.3926925659], [3841.13574219, 280.734924316, -393.861114502, 442.025909424, -164.867996216, 42.6918182373, -77.4919891357, 7.28800630569, -75.4507369995, 8.34020709991, -24.3016815186, -36.8692588806, -25.5833644867], [-6631.5390625, -528.876281738, 924.614257812, -164.867996216, 579.342773438, -94.0164794922, 240.055175781, 10.6790380478, 130.735519409, 13.2877626419, 34.326007843, 31.3551464081, 15.3371744156], [1441.40979004, -57.9821662903, -224.895324707, 42.6918182373, -94.0164794922, 220.145843506, -14.5675125122, -4.14853191376, -37.7177009583, 26.1798477173, -32.1219558716, 2.01597857475, -28.5476150513], [-3700.08154297, -354.959564209, 457.155517578, -77.4919891357, 240.055175781, -14.5675125122, 279.960510254, 7.26408481598, 85.9226379395, 4.28303146362, 41.7110939026, -10.5855846405, 11.7305393219], [180.928222656, -76.5188522339, -37.8032989502, 7.28800630569, 10.6790380478, -4.14853191376, 7.26408481598, 135.495269775, 20.6300640106, 12.4986610413, -11.6069488525, 26.036895752, -3.54298019409], [-2879.08300781, -300.149871826, 330.44921875, -75.4507369995, 130.735519409, -37.7177009583, 85.9226379395, 20.6300640106, 156.342834473, 17.6954097748, 40.5254936218, 31.2762928009, 20.037273407], [-290.025817871, -167.818862915, 28.0720996857, 8.34020709991, 13.2877626419, 26.1798477173, 4.28303146362, 12.4986610413, 17.6954097748, 113.7421875, 15.3876752853, 30.7601127625, -31.3065452576], [-788.056274414, -25.3710575104, 35.4759635925, -24.3016815186, 34.326007843, -32.1219558716, 41.7110939026, -11.6069488525, 40.5254936218, 15.3876752853, 121.089790344, -3.18303322792, 28.5535564423], [-1170.62133789, -251.307220459, 177.086837769, -36.8692588806, 31.3551464081, 2.01597857475, -10.5855846405, 26.036895752, 31.2762928009, 30.7601127625, -3.18303322792, 119.070167542, -10.5794944763], [-65.58203125, 67.5034408569, -81.3926925659, -25.5833644867, 15.3371744156, -28.5476150513, 11.7305393219, -3.54298019409, 20.037273407, -31.3065452576, 28.5535564423, -10.5794944763, 93.0826950073]],
        "icov": [[0.000332675001118, -0.000786285090726, 0.000819779932499, -0.00089039769955, 0.000911094422918, -0.00058150984114, 0.000560387503356, -0.000818124914076, 0.00126556830946, -0.000537050887942, 0.000484449701617, -4.4587541197e-05, 0.000239747809246], [-0.000786285090726, 0.00259547657333, -0.00174728385173, 0.00200670701452, -0.00211542332545, 0.00181548134424, -0.000860634609126, 0.00205712905154, -0.00241299159825, 0.00183896720409, -0.00132766505703, 0.00103251030669, -0.000657874858007], [0.000819779932499, -0.00174728385173, 0.00296639301814, -0.00205491413362, 0.00132644118275, -0.000819619745016, 0.000995504902676, -0.00128736963961, 0.00244026910514, -0.000737965980079, 0.00142967421561, -0.000883502129, 0.00191691727377], [-0.00089039769955, 0.00200670701452, -0.00205491413362, 0.00512774847448, -0.00209597498178, 0.00150118593592, -0.00153844745364, 0.00190993980505, -0.00294784386642, 0.00103254208807, -0.00116919633001, 0.000574575562496, 8.02700560598e-06], [0.000911094422918, -0.00211542332545, 0.00132644118275, -0.00209597498178, 0.0067371125333, -0.000944585539401, -0.000374552007997, -0.00272148801014, 0.00344296777621, -0.00227266154252, 0.00169099296909, 0.000341838458553, -0.000681720383], [-0.00058150984114, 0.00181548134424, -0.000819619745016, 0.00150118593592, -0.000944585539401, 0.00710980407894, -0.00215363828465, 0.00225725979544, -0.0015811676858, 6.24759704806e-05, 0.000570388976485, -0.000271013937891, 0.000818700587843], [0.000560387503356, -0.000860634609126, 0.000995504902676, -0.00153844745364, -0.000374552007997, -0.00215363828465, 0.00796075630933, -0.00209676404484, 0.00121511355974, -0.000338734884281, -0.000827639189083, 0.00278168777004, -2.06849163078e-05], [-0.000818124914076, 0.00205712905154, -0.00128736963961, 0.00190993980505, -0.00272148801014, 0.00225725979544, -0.00209676404484, 0.0106088360772, -0.00472832191736, 0.00114577112254, 0.000308732909616, -0.00204991060309, 0.000215242936974], [0.00126556830946, -0.00241299159825, 0.00244026910514, -0.00294784386642, 0.00344296777621, -0.0015811676858, 0.00121511355974, -0.00472832191736, 0.0159665755928, -0.00308777508326, -0.000373965711333, -0.000500103808008, -0.00183781923261], [-0.000537050887942, 0.00183896720409, -0.000737965980079, 0.00103254208807, -0.00227266154252, 6.24759704806e-05, -0.000338734884281, 0.00114577112254, -0.00308777508326, 0.0130410362035, -0.00348954834044, -0.00193306035362, 0.00430794013664], [0.000484449701617, -0.00132766505703, 0.00142967421561, -0.00116919633001, 0.00169099296909, 0.000570388976485, -0.000827639189083, 0.000308732909616, -0.000373965711333, -0.00348954834044, 0.0116022815928, -2.79769410554e-05, -0.00241009285673], [-4.4587541197e-05, 0.00103251030669, -0.000883502129, 0.000574575562496, 0.000341838458553, -0.000271013937891, 0.00278168777004, -0.00204991060309, -0.000500103808008, -0.00193306035362, -2.79769410554e-05, 0.01277846843, -0.00104438804556], [0.000239747809246, -0.000657874858007, 0.00191691727377, 8.02700560598e-06, -0.000681720383, 0.000818700587843, -2.06849163078e-05, 0.000215242936974, -0.00183781923261, 0.00430794013664, -0.00241009285673, -0.00104438804556, 0.015906849876]]
    },
    "melbands": {
        "dmean": [0.00012842065189, 0.000252287019975, 0.000233387036133, 0.000277324928902, 0.00016529300774, 9.14452321013e-05, 0.000126130718854, 9.18482328416e-05, 8.22046495159e-05, 6.22180523351e-05, 9.91623164737e-05, 9.66611187323e-05, 8.20215136628e-05, 6.36107652099e-05, 4.33767309005e-05, 4.79549817101e-05, 3.94573216909e-05, 3.84581217077e-05, 2.85922087642e-05, 2.76106493402e-05, 1.81140021596e-05, 1.33216362883e-05, 8.42902318254e-06, 7.24759411241e-06, 8.00847556093e-06, 7.89698060544e-06, 5.17750777362e-06, 4.22441553383e-06, 4.5476563173e-06, 2.9844591154e-06, 1.52434120082e-06, 1.0255887446e-06, 6.90024137384e-07, 5.32787566954e-07, 3.75778995476e-07, 2.55824488704e-07, 1.94262540276e-07, 1.27242046233e-07, 7.95793582142e-08, 6.1875624624e-08],
        "dmean2": [0.000222252390813, 0.000424858153565, 0.000363478960935, 0.000443136814283, 0.000257105799392, 0.000140340242069, 0.000195458909729, 0.000145992773469, 0.000125231745187, 9.0578905656e-05, 0.000143091994687, 0.000139798416058, 0.000115723654744, 9.10252492758e-05, 6.41912556603e-05, 7.05914135324e-05, 6.0778700572e-05, 5.85867528571e-05, 4.33554741903e-05, 4.15835456806e-05, 2.78840652754e-05, 2.00292070076e-05, 1.29755053422e-05, 1.12521775009e-05, 1.21377242976e-05, 1.20162530948e-05, 8.20575678517e-06, 6.41271981294e-06, 7.06100536263e-06, 4.59053035229e-06, 2.37949666371e-06, 1.62083949817e-06, 1.09607310605e-06, 8.64199193984e-07, 5.90925878896e-07, 3.92617522493e-07, 3.01786485579e-07, 1.97309475425e-07, 1.24874276253e-07, 9.42583326946e-08],
        "dvar": [1.29247013092e-07, 7.10991741926e-07, 5.64275978832e-07, 5.25215511971e-07, 1.89373167814e-07, 4.92741634162e-08, 8.54098800573e-08, 7.57020828246e-08, 1.19518588804e-07, 5.72373615171e-08, 8.27501835943e-08, 8.2479900243e-08, 5.71366420843e-08, 6.26702032491e-08, 1.21290764099e-08, 2.17255635704e-08, 1.18873284549e-08, 1.69599889688e-08, 9.56016865672e-09, 7.44077333081e-09, 4.14305478813e-09, 3.03136538093e-09, 1.22095755728e-09, 9.99220928222e-10, 5.53423473715e-10, 4.99192409631e-10, 3.03117114742e-10, 1.2265932714e-10, 2.12488790452e-10, 1.18362972201e-10, 4.79565276379e-11, 2.99724585429e-11, 1.38338090983e-11, 8.22057526217e-12, 3.30485248543e-12, 8.11510093065e-13, 4.34044429088e-13, 1.9495573233e-13, 5.5328046425e-14, 9.46985952112e-14],
        "dvar2": [3.75915874429e-07, 1.96065184355e-06, 1.22496840049e-06, 1.30901150897e-06, 3.96751744347e-07, 1.13519611489e-07, 1.89646641502e-07, 1.9447176669e-07, 2.72361660336e-07, 1.01163799116e-07, 1.73000785253e-07, 1.65507515248e-07, 1.06264025135e-07, 1.21322372593e-07, 2.31258852068e-08, 4.05836537709e-08, 2.47811264842e-08, 3.3540121791e-08, 1.92168627677e-08, 1.51661438963e-08, 8.52344150815e-09, 5.66694602355e-09, 2.59800114755e-09, 2.58572030454e-09, 1.24538346302e-09, 1.03604325119e-09, 7.34986627116e-10, 2.58699089928e-10, 4.7498455169e-10, 2.63708388459e-10, 1.03257166706e-10, 5.97179666828e-11, 3.10005458803e-11, 1.86764475413e-11, 7.66491731197e-12, 1.81092055414e-12, 9.68668721624e-13, 4.38090861331e-13, 1.34652380392e-13, 2.17426933662e-13],
        "max": [0.0102443629876, 0.0284573286772, 0.0154111953452, 0.0163912586868, 0.0160999707878, 0.00779462838545, 0.0111675383523, 0.00550269382074, 0.0104551687837, 0.009397466667, 0.00703833252192, 0.0123911639675, 0.00599848246202, 0.00688130082563, 0.00553778139874, 0.00491072889417, 0.00407278118655, 0.00435847276822, 0.00311785540543, 0.00227442197502, 0.00153585022781, 0.0015697509516, 0.00112574722152, 0.00120469136164, 0.000606915273238, 0.000442087854026, 0.000356078991899, 0.000322303298162, 0.000390576286009, 0.000350979360519, 0.000341141654644, 0.000281543994788, 0.000129863794427, 9.7166361229e-05, 5.63226276427e-05, 2.70330674539e-05, 2.29619017773e-05, 1.63920158229e-05, 8.42624467623e-06, 2.59339685726e-05],
        "mean": [0.000287749950076, 0.000619957048912, 0.000546329538338, 0.00056944944663, 0.000342814135365, 0.000205223986995, 0.000258350308286, 0.00015606827219, 0.000143908633618, 0.000117108225822, 0.000222304428462, 0.000228857184993, 0.000172900152393, 0.000113012712973, 8.73708995641e-05, 9.13801704883e-05, 7.90448975749e-05, 6.83879916323e-05, 4.81700299133e-05, 4.93704501423e-05, 2.96635571431e-05, 2.29366360145e-05, 1.39353633131e-05, 1.36875105454e-05, 1.50750793182e-05, 1.35225027407e-05, 9.14702741284e-06, 8.43441739562e-06, 7.85710471973e-06, 4.66992923975e-06, 2.35701850215e-06, 1.65050494161e-06, 1.1237225408e-06, 8.57350073602e-07, 6.03811429301e-07, 4.47256780944e-07, 3.13793634632e-07, 2.16307384449e-07, 1.38971088859e-07, 9.71575815356e-08],
        "median": [0.000143730503623, 0.000301531836158, 0.000202603783691, 0.000226061180001, 0.000126998915221, 0.000103797668999, 0.00010782010213, 5.258055171e-05, 4.07950610679e-05, 3.48028588633e-05, 3.45119915437e-05, 5.10476929776e-05, 4.59153889096e-05, 2.8558084523e-05, 2.9229788197e-05, 1.54383160407e-05, 2.05621909117e-05, 1.45452431752e-05, 1.11324152385e-05, 1.26263785205e-05, 7.3522828643e-06, 4.5922370191e-06, 3.40960741596e-06, 3.56432951776e-06, 4.0559707486e-06, 3.14160001835e-06, 2.27910027206e-06, 1.94865083358e-06, 1.55117129452e-06, 8.29070245345e-07, 3.81192279519e-07, 2.16984389567e-07, 1.51951212501e-07, 1.20474581422e-07, 1.17563999424e-07, 1.17929474186e-07, 8.23574168862e-08, 5.70233389396e-08, 3.66581716094e-08, 1.78706329734e-08],
        "min": [5.26584030631e-25, 4.29808546931e-25, 8.14634124982e-25, 2.61005033596e-25, 7.57742857004e-25, 6.91372488478e-25, 8.34493451752e-25, 1.08021869335e-24, 1.23332328302e-24, 1.19004065452e-24, 1.01187129148e-24, 1.83068268148e-24, 1.99587449376e-24, 2.01010140297e-24, 1.05008026246e-24, 2.47283754643e-24, 1.44954621145e-24, 2.20333524829e-24, 2.41807008923e-24, 2.00593661183e-24, 2.71539018668e-24, 2.54285703759e-24, 2.37861363333e-24, 3.32030450602e-24, 2.97296885224e-24, 3.26415042856e-24, 3.77233284877e-24, 3.79574229613e-24, 3.67657657336e-24, 4.08947978178e-24, 4.14678934326e-24, 4.33198469595e-24, 3.8934072205e-24, 5.06074031665e-24, 4.78549412504e-24, 5.42206701023e-24, 5.26017539754e-24, 5.2522079024e-24, 4.72956349243e-24, 5.17112956742e-24],
        "var": [1.90973821645e-07, 1.36732637657e-06, 1.51277652094e-06, 1.24886275898e-06, 6.31998034351e-07, 1.50367142737e-07, 2.76549144473e-07, 1.23380004879e-07, 2.20582379029e-07, 1.61225557349e-07, 3.44925723539e-07, 3.71984697267e-07, 1.96063211888e-07, 1.31755612642e-07, 4.23391348647e-08, 8.36631244283e-08, 5.323326846e-08, 4.42096990128e-08, 2.20287290631e-08, 1.76809820118e-08, 8.73232153253e-09, 7.63618590582e-09, 2.53744114609e-09, 2.53376430948e-09, 1.39144551436e-09, 1.07164621621e-09, 4.61998966861e-10, 3.91647630993e-10, 4.26040702717e-10, 2.10981940252e-10, 9.35482039055e-11, 6.35243663227e-11, 3.09154056521e-11, 1.71461941867e-11, 5.84659274119e-12, 1.5065961716e-12, 7.32861525372e-13, 3.87996763624e-13, 1.23709175499e-13, 2.58253569354e-13]
    },
    "mfcc": {
        "mean": [-714.710632324, 122.600830078, -25.8175735474, 16.4537506104, -3.18081927299, 4.88160943985, 3.8913128376, -1.46490049362, -4.09720039368, 2.75638008118, -7.93259954453, -0.00690194079652, -0.857450783253],
        "cov": [[26819.1777344, 6379.16357422, -1509.05627441, 1194.5012207, -290.578430176, 321.0027771, 350.861968994, -89.1987609863, -214.202316284, 231.01852417, -495.569671631, 11.1146831512, -71.6435241699], [6379.16357422, 3301.15380859, -267.528503418, 369.824920654, 53.2331581116, -10.5518684387, 98.5792236328, -50.9355239868, -90.9676895142, 37.3400382996, -180.205886841, -69.516494751, -44.5544242859], [-1509.05627441, -267.528503418, 668.961669922, 28.5772705078, 42.2100715637, 32.3782310486, -54.6282234192, 13.1619081497, -23.4927005768, -53.2466087341, 50.3652381897, -28.4578762054, -19.0001316071], [1194.5012207, 369.824920654, 28.5772705078, 370.601623535, 44.6015396118, -6.76585483551, 59.9303703308, -8.41941261292, 2.07180380821, 14.3742189407, -33.6387176514, 29.3447322845, -5.23511886597], [-290.578430176, 53.2331581116, 42.2100715637, 44.6015396118, 160.828659058, -15.9769954681, 1.58756911755, 5.37048578262, 12.259346962, -11.4781370163, -9.72115516663, 3.29345536232, 6.36199045181], [321.0027771, -10.5518684387, 32.3782310486, -6.76585483551, -15.9769954681, 188.573165894, 27.7519817352, 0.787581920624, -3.25537276268, 9.08006381989, 18.3020401001, -26.0060119629, 2.20358490944], [350.861968994, 98.5792236328, -54.6282234192, 59.9303703308, 1.58756911755, 27.7519817352, 155.362304688, 5.44201087952, 1.06893563271, 51.0544929504, -26.3033447266, -1.02029943466, -1.15126228333], [-89.1987609863, -50.9355239868, 13.1619081497, -8.41941261292, 5.37048578262, 0.787581920624, 5.44201087952, 98.3059082031, 33.6431617737, -7.49877119064, 12.7240247726, -8.23295688629, -1.24196708202], [-214.202316284, -90.9676895142, -23.4927005768, 2.07180380821, 12.259346962, -3.25537276268, 1.06893563271, 33.6431617737, 95.8591995239, 10.4216661453, 11.0264911652, -4.4243516922, -2.26409339905], [231.01852417, 37.3400382996, -53.2466087341, 14.3742189407, -11.4781370163, 9.08006381989, 51.0544929504, -7.49877119064, 10.4216661453, 100.744171143, -8.38321113586, 0.712041795254, -6.76808834076], [-495.569671631, -180.205886841, 50.3652381897, -33.6387176514, -9.72115516663, 18.3020401001, -26.3033447266, 12.7240247726, 11.0264911652, -8.38321113586, 105.553627014, 21.0818653107, 5.71245479584], [11.1146831512, -69.516494751, -28.4578762054, 29.3447322845, 3.29345536232, -26.0060119629, -1.02029943466, -8.23295688629, -4.4243516922, 0.712041795254, 21.0818653107, 98.0626907349, 29.4196186066], [-71.6435241699, -44.5544242859, -19.0001316071, -5.23511886597, 6.36199045181, 2.20358490944, -1.15126228333, -1.24196708202, -2.26409339905, -6.76808834076, 5.71245479584, 29.4196186066, 75.0446853638]],
