{
"lowlevel": {
    "average_loudness": 0.680812120438,
    "barkbands_crest": {
        "dmean": 2.11011385918,
        "dmean2": 3.37338852882,
        "dvar": 4.12134885788,
        "dvar2": 10.1356153488,
        "max": 26.5481281281,
        "mean": 10.6616849899,
        "median": 9.24483394623,
        "min": 2.84229159355,
        "var": 26.2432193756
    },
    "barkbands_flatness_db": {
        "dmean": 0.0172549951822,
        "dmean2": 0.0274943038821,
        "dvar": 0.000306327274302,
        "dvar2": 0.00071576598566,
        "max": 0.429545015097,
        "mean": 0.16209448874,
        "median": 0.157436475158,
        "min": 0.0469243116677,
        "var": 0.00374213652685
    },
    "barkbands_kurtosis": {
        "dmean": 3.8171236515,
        "dmean2": 6.11491298676,
        "dvar": 137.251266479,
        "dvar2": 344.20980835,
        "max": 477.051940918,
        "mean": 8.49252510071,
        "median": 2.94444227219,
        "min": -1.88592171669,
        "var": 452.311035156
    },
    "barkbands_skewness": {
        "dmean": 0.448632031679,
        "dmean2": 0.705397486687,
        "dvar": 0.324690669775,
        "dvar2": 0.766110599041,
        "max": 17.1594696045,
        "mean": 1.53093111515,
        "median": 1.36548984051,
        "min": -2.2542579174,
        "var": 4.02411842346
    },
    "barkbands_spread": {
        "dmean": 3.16012573242,
        "dmean2": 5.09631109238,
        "dvar": 19.249874115,
        "dvar2": 42.3140792847,
        "max": 125.033241272,
        "mean": 14.9161071777,
        "median": 13.1609954834,
        "min": 0.242790013552,
        "var": 90.7389450073
    },
    "dissonance": {
        "dmean": 0.0187744013965,
        "dmean2": 0.0316546298563,
        "dvar": 0.000362124410458,
        "dvar2": 0.00101231655572,
        "max": 0.500000178814,
        "mean": 0.458127260208,
        "median": 0.464403092861,
        "min": 0.246765702963,
        "var": 0.00110617338214
    },
    "dynamic_complexity": 2.89229655266,
    "erbbands_crest": {
        "dmean": 2.2087635994,
        "dmean2": 3.55882310867,
        "dvar": 4.89773368835,
        "dvar2": 11.9311790466,
        "max": 32.8035736084,
        "mean": 9.83588123322,
        "median": 8.69798469543,
        "min": 2.16600489616,
        "var": 26.7371711731
    },
    "erbbands_flatness_db": {
        "dmean": 0.0139323649928,
        "dmean2": 0.0203269459307,
        "dvar": 0.000187520636246,
        "dvar2": 0.00035233257222,
        "max": 0.415785759687,
        "mean": 0.192364573479,
        "median": 0.196062669158,
        "min": 0.0444765649736,
        "var": 0.00298423762433
    },
    "erbbands_kurtosis": {
        "dmean": 0.972191214561,
        "dmean2": 1.53834366798,
        "dvar": 4.57017564774,
        "dvar2": 10.0289449692,
        "max": 83.1295394897,
        "mean": 1.12741994858,
        "median": 0.186086416245,
        "min": -1.81784582138,
        "var": 17.5406074524
    },
    "erbbands_skewness": {
        "dmean": 0.304824411869,
        "dmean2": 0.481735140085,
        "dvar": 0.102495789528,
        "dvar2": 0.229316711426,
        "max": 8.14049243927,
        "mean": 0.635568380356,
        "median": 0.542531073093,
        "min": -3.71782803535,
        "var": 0.910142540932
    },
    "erbbands_spread": {
        "dmean": 4.94421625137,
        "dmean2": 7.52255964279,
        "dvar": 36.3198394775,
        "dvar2": 76.4942169189,
        "max": 123.481575012,
        "mean": 30.3953437805,
        "median": 28.4530410767,
        "min": 2.07313632965,
        "var": 205.322479248
    },
    "hfc": {
        "dmean": 4.03410768509,
        "dmean2": 6.15389108658,
        "dvar": 55.7546234131,
        "dvar2": 114.13999176,
        "max": 230.273925781,
        "mean": 18.1329917908,
        "median": 15.0783348083,
        "min": 1.05145561405e-16,
        "var": 267.76348877
    },
    "melbands_crest": {
        "dmean": 2.60515666008,
        "dmean2": 4.21780061722,
        "dvar": 6.65442943573,
        "dvar2": 16.6434860229,
        "max": 34.6546707153,
        "mean": 12.9789333344,
        "median": 12.2058238983,
        "min": 1.46299362183,
        "var": 46.5201835632
    },
    "melbands_flatness_db": {
        "dmean": 0.0189230497926,
        "dmean2": 0.0297409072518,
        "dvar": 0.000447088008514,
        "dvar2": 0.00102755136322,
        "max": 0.515403389931,
        "mean": 0.199316933751,
        "median": 0.206134796143,
        "min": 0.00251392275095,
        "var": 0.00912579428405
    },
    "melbands_kurtosis": {
        "dmean": 5.70656490326,
        "dmean2": 9.10172462463,
        "dvar": 160.086837769,
        "dvar2": 391.896148682,
        "max": 349.796356201,
        "mean": 14.3187599182,
        "median": 5.61957073212,
        "min": -1.85215258598,
        "var": 769.876525879
    },
    "melbands_skewness": {
        "dmean": 0.524844408035,
        "dmean2": 0.820528447628,
        "dvar": 0.404395997524,
        "dvar2": 0.934748709202,
        "max": 15.1421995163,
        "mean": 2.26892375946,
        "median": 1.93628883362,
        "min": -0.858879745007,
        "var": 3.85569047928
    },
    "melbands_spread": {
        "dmean": 4.95675849915,
        "dmean2": 7.99904298782,
        "dvar": 57.9920387268,
        "dvar2": 125.280975342,
        "max": 202.210388184,
        "mean": 28.8112010956,
        "median": 16.302986145,
        "min": 0.361142128706,
        "var": 1391.78491211
    },
    "pitch_salience": {
        "dmean": 0.0572099909186,
        "dmean2": 0.0928224548697,
        "dvar": 0.0031598682981,
        "dvar2": 0.00788143090904,
        "max": 0.914883196354,
        "mean": 0.567984759808,
        "median": 0.573883593082,
        "min": 0.0529480390251,
        "var": 0.0228856001049
    },
    "silence_rate_20dB": {
        "dmean": 0,
        "dmean2": 0,
        "dvar": 0,
        "dvar2": 0,
        "max": 1,
        "mean": 1,
        "median": 1,
        "min": 1,
        "var": 0
    },
    "silence_rate_30dB": {
        "dmean": 0.0027094152756,
        "dmean2": 0.00541944243014,
        "dvar": 0.00270225899294,
        "dvar2": 0.00651943683624,
        "max": 1,
        "mean": 0.996613621712,
        "median": 1,
        "min": 0,
        "var": 0.00337489927188
    },
    "silence_rate_60dB": {
        "dmean": 0.00564461480826,
        "dmean2": 0.0112905045971,
        "dvar": 0.00561269978061,
        "dvar2": 0.0127442339435,
        "max": 1,
        "mean": 0.146404787898,
        "median": 0,
        "min": 0,
        "var": 0.124962329865
    },
    "spectral_centroid": {
        "dmean": 176.413665771,
        "dmean2": 284.893218994,
        "dvar": 65971.265625,
        "dvar2": 147601.703125,
        "max": 11969.7587891,
        "mean": 2018.9967041,
        "median": 979.885742188,
        "min": 181.687530518,
        "var": 9256634
    },
    "spectral_complexity": {
        "dmean": 2.50643491745,
        "dmean2": 4.08151721954,
        "dvar": 10.0330095291,
        "dvar2": 23.9186458588,
        "max": 51,
        "mean": 16.5200366974,
        "median": 17,
        "min": 0,
        "var": 89.8774185181
    },
    "spectral_decrease": {
        "dmean": 1.72137304411e-09,
        "dmean2": 2.72821387703e-09,
        "dvar": 5.40797408238e-18,
        "dvar2": 1.33853721522e-17,
        "max": 2.05839901708e-28,
        "mean": -6.85558587676e-09,
        "median": -6.90469903475e-09,
        "min": -7.85998608421e-08,
        "var": 2.65766116322e-17
    },
    "spectral_energy": {
        "dmean": 0.00676595699042,
        "dmean2": 0.0107052363455,
        "dvar": 8.07932228781e-05,
        "dvar2": 0.000198512600036,
        "max": 0.309200316668,
        "mean": 0.0275192651898,
        "median": 0.0280173849314,
        "min": 9.86774125753e-21,
        "var": 0.000414350884967
    },
    "spectral_energyband_high": {
        "dmean": 0.000207083416171,
        "dmean2": 0.000299200852169,
        "dvar": 7.53493509364e-07,
        "dvar2": 1.24140569824e-06,
        "max": 0.0341109856963,
        "mean": 0.000487466080813,
        "median": 0.000147635670146,
        "min": 6.92749222729e-21,
        "var": 2.19593653128e-06
    },
    "spectral_energyband_low": {
        "dmean": 0.00150724721607,
        "dmean2": 0.00251233624294,
        "dvar": 1.51593658302e-05,
        "dvar2": 3.97125913878e-05,
        "max": 0.144320815802,
        "mean": 0.00321538397111,
        "median": 0.0012451345101,
        "min": 1.04514556279e-23,
        "var": 3.95696406486e-05
    },
    "spectral_energyband_middle_high": {
        "dmean": 0.00149171042722,
        "dmean2": 0.00231460761279,
        "dvar": 6.63064201945e-06,
        "dvar2": 1.62798442034e-05,
        "max": 0.0482605285943,
        "mean": 0.00566838448867,
        "median": 0.00307022943161,
        "min": 9.7717212596e-22,
        "var": 4.57289570477e-05
    },
    "spectral_energyband_middle_low": {
        "dmean": 0.00591033836827,
        "dmean2": 0.00935247913003,
        "dvar": 7.49650280341e-05,
        "dvar2": 0.000184600212378,
        "max": 0.277643144131,
        "mean": 0.0194937773049,
        "median": 0.0164469592273,
        "min": 1.19764130568e-22,
        "var": 0.000307158828946
    },
    "spectral_entropy": {
        "dmean": 0.131193175912,
        "dmean2": 0.200121849775,
        "dvar": 0.0239706523716,
        "dvar2": 0.049945473671,
        "max": 9.82855796814,
        "mean": 7.46515703201,
        "median": 7.337433815,
        "min": 4.73508739471,
        "var": 0.866357684135
    },
    "spectral_flux": {
        "dmean": 0.0183549895883,
        "dmean2": 0.0294504854828,
        "dvar": 0.000483760726638,
        "dvar2": 0.00119220057968,
        "max": 0.468623995781,
        "mean": 0.069354377687,
        "median": 0.0702971220016,
        "min": 6.28137680758e-11,
        "var": 0.00194498617202
    },
    "spectral_kurtosis": {
        "dmean": 2.19858789444,
        "dmean2": 3.78266477585,
        "dvar": 6.71328639984,
        "dvar2": 19.7830429077,
        "max": 38.4308128357,
        "mean": 5.74245119095,
        "median": 4.62522983551,
        "min": -1.27654004097,
        "var": 26.0929374695
    },
    "spectral_rms": {
        "dmean": 0.000581761356443,
        "dmean2": 0.00091006263392,
        "dvar": 4.30865100043e-07,
        "dvar2": 1.01614534742e-06,
        "max": 0.0173683296889,
        "mean": 0.00462418748066,
        "median": 0.0052281958051,
        "min": 3.10275112894e-12,
        "var": 5.46491446585e-06
    },
    "spectral_rolloff": {
        "dmean": 262.220672607,
        "dmean2": 445.851287842,
        "dvar": 264211.625,
        "dvar2": 538622.5625,
        "max": 20090.4785156,
        "mean": 2877.29443359,
        "median": 1033.59375,
        "min": 107.666015625,
        "var": 28671314
    },
    "spectral_skewness": {
        "dmean": 0.240285560489,
        "dmean2": 0.398754924536,
        "dvar": 0.0611926279962,
        "dvar2": 0.162258759141,
        "max": 4.71256494522,
        "mean": 1.60063374043,
        "median": 1.62040197849,
        "min": -0.300519287586,
        "var": 0.597856581211
    },
    "spectral_spread": {
        "dmean": 413570.46875,
        "dmean2": 621621.125,
        "dvar": 461079707648,
        "dvar2": 1.0025884713e+12,
        "max": 43265116,
        "mean": 7241597,
        "median": 3484499,
        "min": 1729118.75,
        "var": 1.23685704827e+14
    },
    "spectral_strongpeak": {
        "dmean": 0.469246983528,
        "dmean2": 0.77787810564,
        "dvar": 0.455919653177,
        "dvar2": 1.19466745853,
        "max": 14.8653059006,
        "mean": 1.26698386669,
        "median": 0.992449045181,
        "min": 0,
        "var": 1.36041116714
    },
    "zerocrossingrate": {
        "dmean": 0.006592403166,
        "dmean2": 0.00878922827542,
        "dvar": 0.000112027810246,
        "dvar2": 0.000145547572174,
        "max": 0.763671875,
        "mean": 0.091874808073,
        "median": 0.044921875,
        "min": 0.005859375,
        "var": 0.0192643404007
    },
    "barkbands": {
        "dmean": [4.8262088967e-05, 0.000632066628896, 0.000739187176805, 0.00158122752327, 0.00340558541939, 0.00131156749558, 0.0011013338808, 0.000648790271953, 0.000688982196152, 0.0008294620784, 0.000386330997571, 0.000359354889952, 0.000336054887157, 0.000357432843884, 0.00020423650858, 0.00016464793589, 0.000180202623596, 9.88223400782e-05, 0.000100796300103, 7.9376535723e-05, 7.24117780919e-05, 5.71266027691e-05, 5.02724324178e-05, 2.34787294175e-05, 1.12771831482e-05, 5.55542146685e-06, 2.75444711484e-09],
        "dmean2": [8.59251667862e-05, 0.00105826009531, 0.00125415122602, 0.00260141468607, 0.0053103598766, 0.0020738595631, 0.00170638179407, 0.00099047657568, 0.00105614541098, 0.00128775392659, 0.000589053845033, 0.000576725520659, 0.00053023151122, 0.000573598837946, 0.000336732657161, 0.000265583221335, 0.000291402277071, 0.000161923933774, 0.000163871518453, 0.000128582381876, 0.00011819529027, 8.43805901241e-05, 6.9794281444e-05, 3.35921358783e-05, 1.61909538292e-05, 8.18677744974e-06, 4.89353135791e-09],
        "dvar": [7.52902540313e-09, 5.85380576013e-06, 3.72187196263e-06, 1.68867100001e-05, 3.78957920475e-05, 7.64786727814e-06, 6.06807043368e-06, 2.78021116173e-06, 2.78709262602e-06, 4.44784927822e-06, 7.63175762586e-07, 7.35331241231e-07, 5.7363064343e-07, 5.49375840819e-07, 1.91806890371e-07, 1.59513973585e-07, 1.44807430047e-07, 5.62993598408e-08, 6.81977780914e-08, 4.45258443449e-08, 7.08386593828e-08, 6.73046613997e-08, 1.23356855397e-07, 2.02886987211e-08, 1.19506604612e-09, 4.75266437316e-10, 2.70589995426e-16],
        "dvar2": [2.37775079626e-08, 1.54338395078e-05, 9.75956299953e-06, 4.57749956695e-05, 8.81231899257e-05, 1.87468212971e-05, 1.31766200866e-05, 6.8089539127e-06, 5.90483432461e-06, 1.07564001155e-05, 1.51654023739e-06, 1.81432199042e-06, 1.39314511216e-06, 1.39454505188e-06, 4.89576962082e-07, 3.88925116113e-07, 3.76307696115e-07, 1.43462642654e-07, 1.75861543994e-07, 1.18810966399e-07, 1.78441496246e-07, 1.22312471262e-07, 2.02184722298e-07, 3.27093303554e-08, 2.58398147324e-09, 1.14967202425e-09, 7.02628917522e-16],
        "max": [0.00189212826081, 0.120269283652, 0.0668274462223, 0.106041461229, 0.161576122046, 0.0617964304984, 0.0664889290929, 0.0352440103889, 0.0524326488376, 0.045067243278, 0.0237733777612, 0.0227668303996, 0.020842961967, 0.0117412544787, 0.0147822499275, 0.0129123646766, 0.0100396201015, 0.00853430479765, 0.007441022899, 0.00620534317568, 0.0078650387004, 0.0104702357203, 0.0175191611052, 0.00827290304005, 0.00105248170439, 0.000875013472978, 8.591539995e-07],
        "mean": [5.65597292734e-05, 0.00108851888217, 0.00125743076205, 0.0025005240459, 0.00787930563092, 0.00291931233369, 0.0025469684042, 0.00129344919696, 0.00138269551098, 0.00172630196903, 0.000733855587896, 0.000717577524483, 0.000658593431581, 0.000676370109431, 0.000382234633435, 0.000317667174386, 0.000404605962103, 0.000195065265871, 0.000200367037905, 0.000167652819073, 0.000131812688778, 0.00011461298709, 9.78484385996e-05, 4.4283860916e-05, 1.88419744518e-05, 6.8049184847e-06, 2.33584773746e-09],
        "median": [2.74316807918e-05, 0.000187271594768, 0.000352126953658, 0.000745880592149, 0.00301484786905, 0.00127740192693, 0.00087495642947, 0.000410736392951, 0.000429500709288, 0.000244014707278, 0.000314888078719, 0.000217217573663, 0.000193846062757, 0.000220760048251, 0.000165747187566, 0.000123282239656, 0.000171253966982, 8.34590100567e-05, 9.45126957959e-05, 5.93238546571e-05, 3.05569483317e-05, 2.65717681032e-05, 1.5887833797e-05, 7.13796271157e-06, 2.76842320091e-06, 4.98632971357e-07, 5.11984898921e-10],
        "min": [4.87711005167e-26, 6.33734563653e-25, 9.80747499371e-26, 3.96634677891e-25, 4.56397922184e-24, 2.79872742486e-24, 3.20616382722e-24, 2.03819352867e-24, 5.31760289372e-24, 9.44740608954e-24, 9.99911489626e-24, 8.91825791584e-24, 1.86152193639e-23, 1.75085674207e-23, 2.97025883893e-23, 3.57404634935e-23, 4.99248262799e-23, 7.40494391618e-23, 7.03198057761e-23, 1.23375762984e-22, 2.11831695541e-22, 2.62801273427e-22, 3.42343267082e-22, 4.43501993293e-22, 7.53363022767e-22, 1.23067844698e-21, 1.85135339941e-21],
        "var": [8.82513706557e-09, 1.15795037345e-05, 6.71874613545e-06, 2.77095350611e-05, 0.000136469127028, 2.38163520407e-05, 2.73781442957e-05, 8.46866441861e-06, 1.00845218185e-05, 1.75659060915e-05, 1.94229437511e-06, 2.04828234018e-06, 1.74050910573e-06, 1.43061811286e-06, 4.29880373076e-07, 3.86196830959e-07, 4.81180506995e-07, 1.27671583527e-07, 1.14628143422e-07, 8.06246873708e-08, 1.05013107543e-07, 1.70761836671e-07, 3.19325181408e-07, 6.29112761885e-08, 2.39385133938e-09, 5.48810163981e-10, 2.49616930256e-16]
    },
    "erbbands": {
        "dmean": [0.0129760671407, 0.16783683002, 0.691011965275, 2.75113153458, 11.178689003, 10.6704111099, 9.42190361023, 10.8057765961, 16.179233551, 15.3617811203, 12.5427694321, 13.8390207291, 29.9688243866, 13.873632431, 13.9672021866, 16.0367336273, 14.7538757324, 18.1736660004, 9.65350627899, 10.6329889297, 8.59833240509, 8.11423778534, 5.28565263748, 4.7185344696, 5.08634567261, 3.81695127487, 3.02175164223, 2.57125711441, 2.15214371681, 1.88436567783, 1.37627387047, 0.643930315971, 0.351594954729, 0.15141902864, 0.0711749047041, 0.0335352942348, 0.00911813694984, 0.000512578466441, 1.34608389999e-05, 8.0560294009e-06],
        "dmean2": [0.0219507198781, 0.28226467967, 1.18281185627, 4.55963945389, 17.6627941132, 16.6575546265, 14.3289880753, 17.1537513733, 25.2905426025, 23.413022995, 19.2361869812, 21.1296405792, 47.2012023926, 20.9688663483, 21.5179443359, 25.6192493439, 23.3397121429, 29.1784229279, 15.8018798828, 17.7147388458, 13.8392906189, 13.0464067459, 8.59258460999, 7.55308818817, 8.41313171387, 6.16449928284, 4.996301651, 4.07354736328, 3.22511053085, 2.69186067581, 1.95851933956, 0.926971495152, 0.505252182484, 0.217897385359, 0.102710865438, 0.0498015843332, 0.0135417822748, 0.000770698999986, 1.97573644982e-05, 1.2577032976e-05],
        "dvar": [0.00172160635702, 0.420034229755, 3.14214158058, 46.0560150146, 667.989868164, 460.813018799, 497.484130859, 576.487548828, 1247.88208008, 1297.22277832, 1367.20983887, 1124.84338379, 5546.66357422, 1436.23522949, 786.070556641, 1622.36608887, 1057.68286133, 1462.14306641, 429.785980225, 477.402130127, 479.219360352, 327.584411621, 176.035232544, 113.041023254, 242.434494019, 91.7559585571, 133.890426636, 89.0118713379, 95.8711395264, 154.111038208, 93.4897613525, 17.5513401031, 4.6043753624, 0.269661307335, 0.0463839583099, 0.0169842932373, 0.00154033128638, 3.76195407625e-06, 1.76287318077e-09, 1.1852614723e-10],
        "dvar2": [0.00470968149602, 1.11036098003, 8.56134128571, 122.143089294, 1574.07006836, 1082.85217285, 1148.81726074, 1393.85888672, 2874.77099609, 2639.58154297, 3364.1159668, 2269.73632812, 13613.1669922, 3402.8762207, 1805.51464844, 3968.78222656, 2603.13916016, 3755.29370117, 1108.78271484, 1290.64050293, 1182.69482422, 837.80480957, 439.854248047, 279.887939453, 656.371826172, 238.16998291, 356.381011963, 201.550003052, 204.343933105, 255.991134644, 174.792724609, 30.0885238647, 8.62767219543, 0.537444770336, 0.10373993963, 0.0419577397406, 0.00383884087205, 8.66571190272e-06, 4.06977518352e-09, 2.75251127446e-10],
        "max": [1.83731555939, 32.9453010559, 54.2932739258, 204.075302124, 914.813659668, 491.31060791, 636.112426758, 559.075500488, 945.997192383, 1228.63757324, 1042.96606445, 1372.3458252, 1663.63964844, 1136.79394531, 724.269042969, 1165.33300781, 758.93572998, 704.966552734, 472.20211792, 463.954681396, 790.651733398, 613.643249512, 470.001098633, 230.413497925, 541.679077148, 283.965789795, 421.991271973, 249.835266113, 324.07522583, 739.513061523, 379.628479004, 267.942138672, 103.204612732, 24.4754562378, 6.01478528976, 5.3913564682, 1.75527608395, 0.0545405894518, 0.00140325259417, 0.000374926632503],
        "mean": [0.0231693480164, 0.281028449535, 1.21294343472, 5.06643247604, 21.5357589722, 24.7453689575, 22.3066883087, 22.7035083771, 35.8178253174, 34.5582351685, 27.1886405945, 29.4914646149, 66.149307251, 31.713684082, 29.345489502, 33.6569480896, 32.3497085571, 38.8650894165, 20.2878379822, 21.0695133209, 19.5358448029, 19.5866928101, 11.6897363663, 10.3634052277, 9.72993469238, 8.31123065948, 5.47267103195, 5.07049560547, 4.1421790123, 3.65143179893, 2.56812143326, 1.19826447964, 0.631275296211, 0.26638135314, 0.107526913285, 0.0437959395349, 0.0100893285125, 0.00052948697703, 2.75859965768e-05, 3.3292468288e-05],
        "median": [0.00392341567203, 0.0565629154444, 0.384051203728, 2.21077442169, 5.38749170303, 8.66014099121, 7.49290466309, 10.1817512512, 15.1579093933, 11.3410968781, 9.75155925751, 11.7372255325, 11.8504314423, 9.85238742828, 14.4044942856, 11.1228113174, 11.3006715775, 12.0457525253, 9.30975246429, 9.72329616547, 8.42755222321, 8.0897397995, 5.27941226959, 4.74434375763, 4.5441827774, 3.08699989319, 1.71859967709, 1.08964145184, 0.905392706394, 0.730591475964, 0.412664264441, 0.194761753082, 0.102707773447, 0.0419735014439, 0.0139458645135, 0.00425157882273, 0.000458412250737, 1.80202168849e-05, 1.78683440026e-05, 3.38338468282e-05],
        "min": [3.23155512983e-23, 1.68937289156e-22, 8.63434387838e-22, 2.57965503066e-21, 5.62735655923e-21, 1.88483006119e-20, 2.66290344878e-20, 3.52281197926e-20, 5.64835369897e-20, 1.05041165059e-19, 1.57014299426e-19, 2.37597110252e-19, 2.8517809005e-19, 5.40726260366e-19, 7.44691938821e-19, 7.35278985342e-19, 8.58753527848e-19, 1.21842628894e-18, 2.02302094167e-18, 1.33362452753e-18, 2.85577923309e-18, 3.30961311694e-18, 4.70911937493e-18, 4.42757066906e-18, 6.13770537415e-18, 5.95645603987e-18, 7.58956906299e-18, 7.96347537938e-18, 8.98716184543e-18, 8.42685368673e-18, 1.04224914346e-17, 8.39922254555e-18, 7.16441808047e-18, 7.21257570856e-18, 5.76920881897e-18, 3.91851420752e-18, 1.85730854083e-18, 8.5764453714e-19, 2.20042243853e-19, 2.47361835212e-20],
        "var": [0.00353481434286, 0.801317811012, 6.10904741287, 83.267578125, 1679.11669922, 2144.36425781, 1788.37634277, 1576.70056152, 4452.88330078, 5500.52734375, 4868.52197266, 3808.23168945, 23036.9941406, 5746.25878906, 2070.43066406, 4514.19238281, 3647.94287109, 4691.79394531, 1065.9050293, 1103.64294434, 1343.11437988, 1214.38500977, 418.783966064, 305.371032715, 292.580932617, 195.73626709, 155.597976685, 183.305908203, 213.547836304, 348.305480957, 223.544967651, 51.0518722534, 11.8902406693, 0.628973543644, 0.0785413086414, 0.0197440553457, 0.00154728710186, 4.24764539275e-06, 2.44282216677e-09, 6.21324824923e-10]
    },
    "gfcc": {
        "mean": [-133.098495483, 107.933944702, -128.270492554, 23.5360298157, -60.8507881165, 4.80090475082, -38.3846549988, -1.89691519737, -23.0309848785, -5.13573122025, -11.9922971725, -6.68147706985, -6.085521698],
        "cov": [[117167.039062, 11583.8398438, -14284.9316406, 2953.1784668, -7059.90380859, 813.15814209, -4216.66259766, -139.451324463, -2647.68017578, -531.515380859, -1487.86096191, -647.823913574, -760.335510254], [11583.8398438, 2425.58569336, -1383.75830078, 123.319061279, -540.863647461, -332.698883057, -516.716552734, -160.73789978, -232.808258057, -185.258956909, -41.3122406006, -208.13671875, -43.5783729553], [-14284.9316406, -1383.75830078, 2719.98193359, -174.632415771, 834.620788574, -109.059608459, 363.490814209, -24.7869052887, 185.231933594, 51.504940033, 48.8874740601, 86.6142807007, 32.8339881897], [2953.1784668, 123.319061279, -174.632415771, 331.325164795, -204.708251953, 77.2274169922, -101.292861938, -21.5674629211, -54.5169639587, -25.9433250427, -76.5790176392, 3.19821810722, 1.38204491138], [-7059.90380859, -540.863647461, 834.620788574, -204.708251953, 647.198547363, -40.3230819702, 267.185272217, 70.3450164795, 155.057449341, 73.4483566284, 91.7537765503, 52.810760498, 43.8488082886], [813.15814209, -332.698883057, -109.059608459, 77.2274169922, -40.3230819702, 387.148834229, 130.417663574, 86.9665603638, -55.5785560608, 48.0907707214, -50.9298858643, 23.0048236847, -31.2123146057], [-4216.66259766, -516.716552734, 363.490814209, -101.292861938, 267.185272217, 130.417663574, 388.612670898, 63.597328186, 117.720054626, 30.4111175537, 75.6790313721, 17.134185791, 22.02775383], [-139.451324463, -160.73789978, -24.7869052887, -21.5674629211, 70.3450164795, 86.9665603638, 63.597328186, 167.700500488, 33.6987037659, 81.315864563, 3.52838468552, 51.1439781189, -8.52291870117], [-2647.68017578, -232.808258057, 185.231933594, -54.5169639587, 155.057449341, -55.5785560608, 117.720054626, 33.6987037659, 194.537460327, 33.6094703674, 75.8349761963, 27.523015976, 49.4774894714], [-531.515380859, -185.258956909, 51.504940033, -25.9433250427, 73.4483566284, 48.0907707214, 30.4111175537, 81.315864563, 33.6094703674, 138.423324585, 31.194355011, 53.9183082581, -11.5602321625], [-1487.86096191, -41.3122406006, 48.8874740601, -76.5790176392, 91.7537765503, -50.9298858643, 75.6790313721, 3.52838468552, 75.8349761963, 31.194355011, 119.117080688, 15.926568985, 17.5750236511], [-647.823913574, -208.13671875, 86.6142807007, 3.19821810722, 52.810760498, 23.0048236847, 17.134185791, 51.1439781189, 27.523015976, 53.9183082581, 15.926568985, 108.320770264, 33.4393386841], [-760.335510254, -43.5783729553, 32.8339881897, 1.38204491138, 43.8488082886, -31.2123146057, 22.02775383, -8.52291870117, 49.4774894714, -11.5602321625, 17.5750236511, 33.4393386841, 88.029510498]],
        "icov": [[0.000293043616693, -0.00074520742055, 0.000645852822345, -0.000797010143287, 0.00106974167284, -0.000472504238132, 0.000524670642335, -0.000541716523003, 0.000686857965775, -0.000530522898771, 0.000976474315394, -0.000677251082379, 0.000656271411572], [-0.00074520742055, 0.00300499470904, -0.00120501150377, 0.00170242809691, -0.00292037893087, 0.00204257154837, -0.000651845475659, 0.000946051499341, -0.000763227348216, 0.00185311899986, -0.00330772553571, 0.00325059005991, -0.00199468573555], [0.000645852822345, -0.00120501150377, 0.00233645457774, -0.0020779822953, 0.00131476251408, -0.000409007014241, 0.00100236665457, -0.000550321827177, 0.00173667538911, -0.00105135096237, 0.00263721332885, -0.00164255313575, 0.00202226126567], [-0.000797010143287, 0.00170242809691, -0.0020779822953, 0.00677932333201, -0.00156424951274, -9.79953256319e-05, -0.000871298310813, 0.00212048599496, -0.00300834910013, 0.00143764377572, -0.00070138607407, 0.000807203003205, -0.00249177869409], [0.00106974167284, -0.00292037893087, 0.00131476251408, -0.00156424951274, 0.00813988503069, -0.00135697307996, 0.000448450329714, -0.00303806806915, 0.0019886426162, -0.00296903634444, 0.00342866475694, -0.00240965583362, 0.0011092039058], [-0.000472504238132, 0.00204257154837, -0.000409007014241, -9.79953256319e-05, -0.00135697307996, 0.00671430584043, -0.00384104810655, -0.000576093909331, 0.00175337353721, -0.000478055502754, 0.00018315971829, 0.00149709009565, -0.000607459864113], [0.000524670642335, -0.000651845475659, 0.00100236665457, -0.000871298310813, 0.000448450329714, -0.00384104810655, 0.00789791159332, -0.00218414561823, -0.00049545976799, 0.00144295138307, -0.00186044641305, 0.00100516341627, 0.000533362152055], [-0.000541716523003, 0.000946051499341, -0.000550321827177, 0.00212048599496, -0.00303806806915, -0.000576093909331, -0.00218414561823, 0.0123408939689, -0.00370702566579, -0.00335676688701, 0.00169281591661, -0.00300898239948, 0.00145954289474], [0.000686857965775, -0.000763227348216, 0.00173667538911, -0.00300834910013, 0.0019886426162, 0.00175337353721, -0.00049545976799, -0.00370702566579, 0.0126979593188, -0.002264266368, -0.00185421272181, 0.00095072289696, -0.00307485368103], [-0.000530522898771, 0.00185311899986, -0.00105135096237, 0.00143764377572, -0.00296903634444, -0.000478055502754, 0.00144295138307, -0.00335676688701, -0.002264266368, 0.0148931825534, -0.00586379412562, -0.00273829256184, 0.00276735168882], [0.000976474315394, -0.00330772553571, 0.00263721332885, -0.00070138607407, 0.00342866475694, 0.00018315971829, -0.00186044641305, 0.00169281591661, -0.00185421272181, -0.00586379412562, 0.0194289181381, -0.00527642201632, 0.00320797436871], [-0.000677251082379, 0.00325059005991, -0.00164255313575, 0.000807203003205, -0.00240965583362, 0.00149709009565, 0.00100516341627, -0.00300898239948, 0.00095072289696, -0.00273829256184, -0.00527642201632, 0.0197574906051, -0.00979789718986], [0.000656271411572, -0.00199468573555, 0.00202226126567, -0.00249177869409, 0.0011092039058, -0.000607459864113, 0.000533362152055, 0.00145954289474, -0.00307485368103, 0.00276735168882, 0.00320797436871, -0.00979789718986, 0.0197386275977]]
    },
    "melbands": {
        "dmean": [0.000144274556078, 0.000307949580019, 0.000718022638466, 0.000813784834463, 0.000347264140146, 0.000249646225711, 0.000242688387516, 0.000160683863214, 9.85500591923e-05, 9.60631441558e-05, 0.000151813437697, 5.88206385146e-05, 5.35570179636e-05, 3.84821396437e-05, 3.92375550291e-05, 3.26935187331e-05, 3.66082858818e-05, 1.70545627043e-05, 1.46191396198e-05, 1.36678872877e-05, 1.18519101306e-05, 1.03448801383e-05, 7.17705916031e-06, 4.51913865618e-06, 4.15309887103e-06, 3.94559720007e-06, 3.60922967957e-06, 2.48293895311e-06, 1.99466239792e-06, 1.91483718481e-06, 1.53229450461e-06, 1.38458858601e-06, 1.06580250758e-06, 1.14142994789e-06, 8.97592144611e-07, 5.69396320316e-07, 3.83759129363e-07, 2.78123593489e-07, 1.82621576528e-07, 1.18069841903e-07],
        "dmean2": [0.000239846849581, 0.000524199858773, 0.00116030755453, 0.00128136377316, 0.000526195624843, 0.000396219460526, 0.000378357042791, 0.000244718015892, 0.000151790882228, 0.000146288584801, 0.000238722597715, 8.84895489435e-05, 8.14520535641e-05, 6.08902519161e-05, 6.14724631305e-05, 5.06769465574e-05, 5.9072572185e-05, 2.76587325061e-05, 2.38726988755e-05, 2.2349819119e-05, 1.910800529e-05, 1.65649271366e-05, 1.15339435069e-05, 7.37626760383e-06, 6.65624065732e-06, 6.55377652947e-06, 5.91332536715e-06, 4.01758006774e-06, 3.31910996465e-06, 3.15445026899e-06, 2.4343471523e-06, 2.1326886781e-06, 1.66211736996e-06, 1.6251225361e-06, 1.32023103561e-06, 8.298868579e-07, 5.74824525756e-07, 4.02674061206e-07, 2.7181388873e-07, 1.73437257445e-07],
        "dvar": [2.67281649258e-07, 7.27478322915e-07, 2.92359686682e-06, 2.40994336309e-06, 5.49457865873e-07, 2.87950854272e-07, 2.72581331728e-07, 1.32178669787e-07, 8.70297043321e-08, 5.49521743665e-08, 1.41226095707e-07, 2.77491096767e-08, 1.1853418691e-08, 8.16357292877e-09, 7.89981946525e-09, 4.90409135523e-09, 6.18435880284e-09, 1.32997124425e-09, 1.20513454771e-09, 8.63826510322e-10, 9.52081080641e-10, 5.7637306039e-10, 2.9168142901e-10, 1.28685020973e-10, 8.70804331421e-11, 1.271554112e-10, 1.20229465272e-10, 3.54127942248e-11, 5.2233644493e-11, 4.70575800549e-11, 3.21614367083e-11, 3.69647264187e-11, 3.00414658427e-11, 6.61244253797e-11, 4.09592394723e-11, 1.59999791194e-11, 6.20872710883e-12, 3.08458315314e-12, 8.172570151e-13, 1.3679366613e-13],
        "dvar2": [6.92238359079e-07, 1.96286714527e-06, 7.45967736293e-06, 5.74191017222e-06, 1.26508314224e-06, 7.0275575581e-07, 6.16944646481e-07, 2.7720915341e-07, 2.12391157106e-07, 1.10601078518e-07, 3.46470727663e-07, 6.48772626732e-08, 2.48043736661e-08, 1.91282172324e-08, 1.90221065566e-08, 1.14864491252e-08, 1.59641562192e-08, 3.35699334997e-09, 3.03110914146e-09, 2.16782103379e-09, 2.30296781645e-09, 1.46659673295e-09, 7.50271622607e-10, 3.1433350367e-10, 2.12656461884e-10, 3.356060152e-10, 3.29402699561e-10, 9.02618049747e-11, 1.39721970105e-10, 1.19350668237e-10, 7.25813506519e-11, 8.3358542291e-11, 5.83236098306e-11, 1.09887578204e-10, 8.30411156505e-11, 2.93063559531e-11, 1.22397621552e-11, 5.58520243943e-12, 1.72758357099e-12, 2.92025437035e-13],
        "max": [0.0233233273029, 0.0315753370523, 0.0539206527174, 0.0418269820511, 0.01725448668, 0.0135433478281, 0.0135751962662, 0.0118527291343, 0.00913863163441, 0.00968316942453, 0.00800615735352, 0.00522625353187, 0.00208274950273, 0.00221919012256, 0.00205251039006, 0.00157335062977, 0.00146534643136, 0.000753621337935, 0.00138381554279, 0.000791843398474, 0.00126289704349, 0.00079866591841, 0.000553077436052, 0.000448024424259, 0.000212233222555, 0.000318994512782, 0.000362161634257, 0.000204052121262, 0.000274184858426, 0.000176224479219, 0.000187150260899, 0.000224442468607, 0.000223510607611, 0.000521391746588, 0.000265394628514, 0.000191893152078, 0.000152178137796, 8.63921814016e-05, 5.33256643394e-05, 1.22174769785e-05],
        "mean": [0.000260079599684, 0.000555827049538, 0.00137786148116, 0.00176222505979, 0.00084879656788, 0.000534171645995, 0.000551736797206, 0.000348845700501, 0.000207477321965, 0.00019756401889, 0.00033080848516, 0.000125408972963, 0.000104980455944, 7.81975395512e-05, 8.15206585685e-05, 6.70417794026e-05, 7.28185405023e-05, 3.15651159326e-05, 2.78143943433e-05, 2.51256024058e-05, 2.42191781581e-05, 2.27429391089e-05, 1.38543937283e-05, 8.81661617314e-06, 8.32396290207e-06, 6.98552821632e-06, 6.66493497192e-06, 5.12446922585e-06, 3.29286876877e-06, 3.22890105053e-06, 2.83980102722e-06, 2.44776083491e-06, 1.99768442144e-06, 2.03441072699e-06, 1.58900149927e-06, 1.00736497188e-06, 6.37909522538e-07, 4.78100446344e-07, 3.0771465731e-07, 1.94458351643e-07],
        "median": [4.6627712436e-05, 0.000165691177244, 0.000512943079229, 0.000562469649594, 0.000301324471366, 0.000237486732658, 0.000224902483751, 0.000113881891593, 6.69079527142e-05, 6.67205240461e-05, 5.47019844817e-05, 3.14947283186e-05, 4.7636047384e-05, 2.46825529757e-05, 2.85004352918e-05, 2.12040486076e-05, 2.12422746699e-05, 1.25850974655e-05, 1.26258746604e-05, 1.04489254227e-05, 9.41439793678e-06, 8.54338395584e-06, 5.24361621501e-06, 3.58155421054e-06, 3.51320591108e-06, 2.94377105092e-06, 2.34645131059e-06, 1.85063981917e-06, 9.92158675217e-07, 7.12618827947e-07, 5.54268240194e-07, 4.90762431582e-07, 4.44757233709e-07, 3.68716513321e-07, 2.48904882483e-07, 1.48073311834e-07, 9.38034858677e-08, 7.63076286603e-08, 4.74626453695e-08, 2.86674595174e-08],
        "min": [3.26070108495e-25, 3.81467150659e-25, 6.01832289089e-25, 9.00703632211e-25, 1.00324568913e-24, 7.34200979617e-25, 9.70834747192e-25, 1.03724776351e-24, 1.18257014175e-24, 8.88521351859e-25, 1.22551770158e-24, 1.85939406298e-24, 1.64057292256e-24, 1.5361263582e-24, 2.10200369843e-24, 1.77023641183e-24, 1.50666723516e-24, 2.49666075134e-24, 1.95622121707e-24, 1.31428052785e-24, 2.74749682552e-24, 3.03739275579e-24, 2.92948427534e-24, 3.361064949e-24, 2.84463656575e-24, 2.71647487043e-24, 3.44715176186e-24, 2.92346013904e-24, 3.74013943522e-24, 3.81184176391e-24, 4.5855596952e-24, 4.10396957889e-24, 4.56511478712e-24, 4.1692245474e-24, 5.02046699529e-24, 4.36564341862e-24, 4.45488804169e-24, 4.17941465814e-24, 4.63439452397e-24, 4.6250058959e-24],
        "var": [5.60844796382e-07, 1.55258067025e-06, 6.201697488e-06, 8.00576071924e-06, 2.24191057896e-06, 8.23940183636e-07, 1.08645622277e-06, 5.09601363774e-07, 3.16486790553e-07, 1.96084755544e-07, 5.87327292578e-07, 1.09170393614e-07, 3.21443387463e-08, 2.4521755293e-08, 2.55066918697e-08, 1.56712332e-08, 1.77047034811e-08, 3.0666260642e-09, 2.44068565358e-09, 1.88118942646e-09, 2.45275222355e-09, 1.92586813164e-09, 6.40189068424e-10, 3.24167886978e-10, 2.19659249123e-10, 1.72690167721e-10, 1.53308615802e-10, 7.84972434276e-11, 5.81738719696e-11, 6.73576402987e-11, 6.76951827927e-11, 7.68224858727e-11, 6.48115797142e-11, 1.406830763e-10, 8.88420378931e-11, 3.88116448702e-11, 1.52471976017e-11, 8.01373203907e-12, 1.59215891339e-12, 2.77063148899e-13]
    },
    "mfcc": {
        "mean": [-702.390014648, 127.845977783, -14.9342756271, 15.479763031, -5.18480873108, 1.67879509926, -7.33447360992, -2.07947421074, -7.7726483345, -2.90101075172, -5.85196352005, -3.59112882614, -2.60369801521],
        "cov": [[26305.0859375, 5357.61865234, -677.238586426, 750.728881836, -486.445129395, 287.558990479, -305.412719727, 57.4405326843, -317.321472168, -91.4043502808, -232.627792358, -228.114089966, -159.502960205], [5357.61865234, 3106.65014648, -290.192016602, 369.730865479, 71.8845977783, -195.706771851, -185.895233154, -161.571517944, -219.665161133, -100.009857178, -132.701293945, -53.6150741577, 23.0277004242], [-677.238586426, -290.192016602, 814.916381836, 126.922851562, 79.2216949463, 39.7518463135, -10.1479682922, -36.1471176147, -17.9112739563, -51.7819480896, -63.376537323, -76.5416030884, -65.5367736816], [750.728881836, 369.730865479, 126.922851562, 282.50680542, 62.5624351501, -44.794719696, -94.334236145, -51.0956001282, -15.9724931717, -58.7739562988, -48.4124145508, -13.6486377716, -0.281091094017], [-486.445129395, 71.8845977783, 79.2216949463, 62.5624351501, 214.879653931, -34.1688308716, -22.0086345673, -42.2444152832, 27.3510513306, -32.0941238403, -13.04047966, 2.76535820961, 18.0021495819], [287.558990479, -195.706771851, 39.7518463135, -44.794719696, -34.1688308716, 187.124237061, 100.48210907, 58.6680488586, 32.5380935669, 30.9559116364, 15.8360204697, -8.32510185242, -37.6575965881], [-305.412719727, -185.895233154, -10.1479682922, -94.334236145, -22.0086345673, 100.48210907, 214.163619995, 73.1784515381, 36.7893829346, 51.314704895, 46.4207382202, 2.80723404884, -16.723405838], [57.4405326843, -161.571517944, -36.1471176147, -51.0956001282, -42.2444152832, 58.6680488586, 73.1784515381, 125.22769165, 48.5199699402, 40.9864349365, 24.498884201, -2.06766891479, -7.29623031616], [-317.321472168, -219.665161133, -17.9112739563, -15.9724931717, 27.3510513306, 32.5380935669, 36.7893829346, 48.5199699402, 125.152153015, 22.968536377, 24.2222118378, 18.5463848114, -1.44705867767], [-91.4043502808, -100.009857178, -51.7819480896, -58.7739562988, -32.0941238403, 30.9559116364, 51.314704895, 40.9864349365, 22.968536377, 119.493370056, 39.5740394592, 5.48674583435, 10.654759407], [-232.627792358, -132.701293945, -63.376537323, -48.4124145508, -13.04047966, 15.8360204697, 46.4207382202, 24.498884201, 24.2222118378, 39.5740394592, 97.9979095459, 43.4157218933, 15.1080112457], [-228.114089966, -53.6150741577, -76.5416030884, -13.6486377716, 2.76535820961, -8.32510185242, 2.80723404884, -2.06766891479, 18.5463848114, 5.48674583435, 43.4157218933, 90.5448455811, 43.6330680847], [-159.502960205, 23.0277004242, -65.5367736816, -0.281091094017, 18.0021495819, -37.6575965881, -16.723405838, -7.29623031616, -1.44705867767, 10.654759407, 15.1080112457, 43.6330680847, 100.189888]],
