{
"lowlevel": {
    "average_loudness": 0.949631631374,
    "barkbands_crest": {
        "dmean": 2.55576777458,
        "dmean2": 4.15092229843,
        "dvar": 5.43260478973,
        "dvar2": 13.8991289139,
        "max": 25.9504261017,
        "mean": 10.9131765366,
        "median": 10.0192012787,
        "min": 3.0553085804,
        "var": 17.4321708679
    },
    "barkbands_flatness_db": {
        "dmean": 0.0188490767032,
        "dmean2": 0.0293907020241,
        "dvar": 0.000287193368422,
        "dvar2": 0.000677525938954,
        "max": 0.429104268551,
        "mean": 0.246530771255,
        "median": 0.245657444,
        "min": 0.0689182206988,
        "var": 0.00313913705759
    },
    "barkbands_kurtosis": {
        "dmean": 2.86835217476,
        "dmean2": 4.47475147247,
        "dvar": 32.9572601318,
        "dvar2": 75.1280899048,
        "max": 252.839157104,
        "mean": 4.76703882217,
        "median": 2.09264421463,
        "min": -1.79963457584,
        "var": 88.1408691406
    },
    "barkbands_skewness": {
        "dmean": 0.494421154261,
        "dmean2": 0.76314163208,
        "dvar": 0.264426261187,
        "dvar2": 0.604494512081,
        "max": 13.5002317429,
        "mean": 0.923509597778,
        "median": 0.790415525436,
        "min": -4.27502298355,
        "var": 1.3114978075
    },
    "barkbands_spread": {
        "dmean": 1.91879844666,
        "dmean2": 2.97147154808,
        "dvar": 5.37316083908,
        "dvar2": 12.5507822037,
        "max": 43.987991333,
        "mean": 8.55731296539,
        "median": 6.12692546844,
        "min": 0.260427385569,
        "var": 46.4442672729
    },
    "dissonance": {
        "dmean": 0.0406074300408,
        "dmean2": 0.0693276450038,
        "dvar": 0.00137932493817,
        "dvar2": 0.00386338192038,
        "max": 0.500000059605,
        "mean": 0.419269144535,
        "median": 0.431686848402,
        "min": 0.155142948031,
        "var": 0.00324146542698
    },
    "dynamic_complexity": 2.37625026703,
    "erbbands_crest": {
        "dmean": 3.43470358849,
        "dmean2": 5.46040344238,
        "dvar": 9.54563522339,
        "dvar2": 22.870464325,
        "max": 33.5218505859,
        "mean": 13.7285223007,
        "median": 12.6294956207,
        "min": 1.67821907997,
        "var": 31.4954719543
    },
    "erbbands_flatness_db": {
        "dmean": 0.0180792417377,
        "dmean2": 0.0275921467692,
        "dvar": 0.000260486704065,
        "dvar2": 0.000593790202402,
        "max": 0.468180090189,
        "mean": 0.277491956949,
        "median": 0.27771884203,
        "min": 0.0264655109495,
        "var": 0.0022561524529
    },
    "erbbands_kurtosis": {
        "dmean": 2.2403075695,
        "dmean2": 3.51915359497,
        "dvar": 13.2915935516,
        "dvar2": 31.6033802032,
        "max": 89.8500137329,
        "mean": 3.59051537514,
        "median": 1.78626132011,
        "min": -1.71129727364,
        "var": 38.1121292114
    },
    "erbbands_skewness": {
        "dmean": 0.453532457352,
        "dmean2": 0.689629018307,
        "dvar": 0.181992158294,
        "dvar2": 0.422678619623,
        "max": 7.33251476288,
        "mean": 0.647885560989,
        "median": 0.566000103951,
        "min": -3.32467079163,
        "var": 1.27690255642
    },
    "erbbands_spread": {
        "dmean": 3.21904826164,
        "dmean2": 5.01029634476,
        "dvar": 12.6015129089,
        "dvar2": 29.9539737701,
        "max": 84.9310379028,
        "mean": 13.3176088333,
        "median": 10.8866043091,
        "min": 0.700275659561,
        "var": 73.3661499023
    },
    "hfc": {
        "dmean": 4.70930337906,
        "dmean2": 7.15420866013,
        "dvar": 43.0957450867,
        "dvar2": 97.5547103882,
        "max": 118.945884705,
        "mean": 15.6317243576,
        "median": 12.198600769,
        "min": 1.12256866218e-16,
        "var": 157.673599243
    },
    "melbands_crest": {
        "dmean": 3.07416534424,
        "dmean2": 4.96554994583,
        "dvar": 7.8097076416,
        "dvar2": 19.5448799133,
        "max": 38.5330047607,
        "mean": 13.5898342133,
        "median": 12.6173171997,
        "min": 1.88205826283,
        "var": 24.2115077972
    },
    "melbands_flatness_db": {
        "dmean": 0.020571867004,
        "dmean2": 0.031320810318,
        "dvar": 0.000360465201084,
        "dvar2": 0.000819772772957,
        "max": 0.532798707485,
        "mean": 0.327502578497,
        "median": 0.328459322453,
        "min": 0.00342013291083,
        "var": 0.0051779486239
    },
    "melbands_kurtosis": {
        "dmean": 3.13046145439,
        "dmean2": 4.87667179108,
        "dvar": 35.0685501099,
        "dvar2": 80.7826919556,
        "max": 175.436538696,
        "mean": 5.10283756256,
        "median": 2.37998700142,
        "min": -1.75281751156,
        "var": 83.8388824463
    },
    "melbands_skewness": {
        "dmean": 0.517467439175,
        "dmean2": 0.803751766682,
        "dvar": 0.266533195972,
        "dvar2": 0.628993690014,
        "max": 8.70351982117,
        "mean": 1.18301153183,
        "median": 1.05436825752,
        "min": -3.47816610336,
        "var": 1.20493602753
    },
    "melbands_spread": {
        "dmean": 2.79375243187,
        "dmean2": 4.26260852814,
        "dvar": 13.4343757629,
        "dvar2": 28.4500045776,
        "max": 139.26763916,
        "mean": 12.7210550308,
        "median": 8.80631828308,
        "min": 0.547500252724,
        "var": 108.232879639
    },
    "pitch_salience": {
        "dmean": 0.0674418509007,
        "dmean2": 0.107526883483,
        "dvar": 0.00340869836509,
        "dvar2": 0.0084988893941,
        "max": 0.894708096981,
        "mean": 0.564066171646,
        "median": 0.568863630295,
        "min": 0.0523013435304,
        "var": 0.0122965695336
    },
    "silence_rate_20dB": {
        "dmean": 0,
        "dmean2": 0,
        "dvar": 0,
        "dvar2": 0,
        "max": 1,
        "mean": 1,
        "median": 1,
        "min": 1,
        "var": 0
    },
    "silence_rate_30dB": {
        "dmean": 0.00321802101098,
        "dmean2": 0.00643678149208,
        "dvar": 0.00320706958883,
        "dvar2": 0.00846378318965,
        "max": 1,
        "mean": 0.997586786747,
        "median": 1,
        "min": 0,
        "var": 0.00240732193924
    },
    "silence_rate_60dB": {
        "dmean": 0.00666590034962,
        "dmean2": 0.0133333336562,
        "dvar": 0.00662163924426,
        "dvar2": 0.0154543509707,
        "max": 1,
        "mean": 0.0193059071898,
        "median": 0,
        "min": 0,
        "var": 0.0189339090139
    },
    "spectral_centroid": {
        "dmean": 83.1295013428,
        "dmean2": 125.610275269,
        "dvar": 20955.1464844,
        "dvar2": 33786.609375,
        "max": 10626.8183594,
        "mean": 678.828796387,
        "median": 541.467163086,
        "min": 171.273925781,
        "var": 132791.15625
    },
    "spectral_complexity": {
        "dmean": 1.97195720673,
        "dmean2": 3.2216091156,
        "dvar": 3.56917095184,
        "dvar2": 8.46553039551,
        "max": 39,
        "mean": 13.5540103912,
        "median": 12,
        "min": 0,
        "var": 31.8164424896
    },
    "spectral_decrease": {
        "dmean": 2.07820782805e-09,
        "dmean2": 3.18775028596e-09,
        "dvar": 6.77176991936e-18,
        "dvar2": 1.52439394552e-17,
        "max": 1.83088229237e-29,
        "mean": -7.12251546631e-09,
        "median": -6.44294084751e-09,
        "min": -4.48542927245e-08,
        "var": 2.00016805065e-17
    },
    "spectral_energy": {
        "dmean": 0.0082334773615,
        "dmean2": 0.0126233315095,
        "dvar": 0.000105522820377,
        "dvar2": 0.000237335494603,
        "max": 0.173755854368,
        "mean": 0.0282997041941,
        "median": 0.0256198029965,
        "min": 1.01129300311e-20,
        "var": 0.000314790988341
    },
    "spectral_energyband_high": {
        "dmean": 1.09484526547e-05,
        "dmean2": 1.64285102073e-05,
        "dvar": 6.1682053909e-10,
        "dvar2": 1.32157451649e-09,
        "max": 0.000688459607773,
        "mean": 2.68231869995e-05,
        "median": 9.06233253772e-06,
        "min": 7.17649217092e-21,
        "var": 2.10373429788e-09
    },
    "spectral_energyband_low": {
        "dmean": 0.00159643171355,
        "dmean2": 0.00252214889042,
        "dvar": 1.14272770588e-05,
        "dvar2": 2.70199507213e-05,
        "max": 0.0666004493833,
        "mean": 0.00404578121379,
        "median": 0.00229553412646,
        "min": 8.73507321182e-23,
        "var": 2.88489081868e-05
    },
    "spectral_energyband_middle_high": {
        "dmean": 0.00282496120781,
        "dmean2": 0.00437834532931,
        "dvar": 3.48177563865e-05,
        "dvar2": 7.9861812992e-05,
        "max": 0.111552663147,
        "mean": 0.00690712919459,
        "median": 0.00216636667028,
        "min": 1.60991692792e-21,
        "var": 0.000108554362669
    },
    "spectral_energyband_middle_low": {
        "dmean": 0.00625921972096,
        "dmean2": 0.00966032315046,
        "dvar": 8.2579033915e-05,
        "dvar2": 0.000188267440535,
        "max": 0.173337772489,
        "mean": 0.0182216968387,
        "median": 0.0141113325953,
        "min": 2.49518218934e-22,
        "var": 0.00024495460093
    },
    "spectral_entropy": {
        "dmean": 0.162245705724,
        "dmean2": 0.250408560038,
        "dvar": 0.0232987366617,
        "dvar2": 0.0527715682983,
        "max": 9.80566310883,
        "mean": 6.43371343613,
        "median": 6.40135812759,
        "min": 4.60414171219,
        "var": 0.37127378583
    },
    "spectral_flux": {
        "dmean": 0.0233014877886,
        "dmean2": 0.0377524346113,
        "dvar": 0.000609355804045,
        "dvar2": 0.0014861098025,
        "max": 0.411684304476,
        "mean": 0.0775254890323,
        "median": 0.0708081424236,
        "min": 1.0056306482e-10,
        "var": 0.0015070711961
    },
    "spectral_kurtosis": {
        "dmean": 8.84216213226,
        "dmean2": 15.0303201675,
        "dvar": 70.8527069092,
        "dvar2": 195.471786499,
        "max": 146.074462891,
        "mean": 26.2738876343,
        "median": 20.9518051147,
        "min": -1.24275875092,
        "var": 374.670410156
    },
    "spectral_rms": {
        "dmean": 0.000734578759875,
        "dmean2": 0.00111389369704,
        "dvar": 5.61014758205e-07,
        "dvar2": 1.22498101973e-06,
        "max": 0.0130199044943,
        "mean": 0.00499826483428,
        "median": 0.00499949324876,
        "min": 3.14106249691e-12,
        "var": 2.62688490693e-06
    },
    "spectral_rolloff": {
        "dmean": 138.78453064,
        "dmean2": 237.129592896,
        "dvar": 83365.2578125,
        "dvar2": 147427.265625,
        "max": 18841.5527344,
        "mean": 826.557128906,
        "median": 645.99609375,
        "min": 21.533203125,
        "var": 252330.390625
    },
    "spectral_skewness": {
        "dmean": 0.610628247261,
        "dmean2": 1.02071046829,
        "dvar": 0.283332645893,
        "dvar2": 0.746047317982,
        "max": 10.1598072052,
        "mean": 3.58639454842,
        "median": 3.26398253441,
        "min": 0.0224223006517,
        "var": 2.62569403648
    },
    "spectral_spread": {
        "dmean": 250818.0625,
        "dmean2": 407943.3125,
        "dvar": 194029486080,
        "dvar2": 244969340928,
        "max": 41378192,
        "mean": 1966165.375,
        "median": 1884375.375,
        "min": 622213.25,
        "var": 532913848320
    },
    "spectral_strongpeak": {
        "dmean": 0.792680263519,
        "dmean2": 1.30017757416,
        "dvar": 1.20682394505,
        "dvar2": 2.91709589958,
        "max": 12.9544343948,
        "mean": 1.62918913364,
        "median": 1.06959223747,
        "min": 0,
        "var": 2.60611987114
    },
    "zerocrossingrate": {
        "dmean": 0.0030905213207,
        "dmean2": 0.00376835255884,
        "dvar": 3.29371177941e-05,
        "dvar2": 3.18885795423e-05,
        "max": 0.4833984375,
        "mean": 0.0299785714597,
        "median": 0.025390625,
        "min": 0.00634765625,
        "var": 0.000236909851083
    },
    "barkbands": {
        "dmean": [4.62302978121e-06, 0.000775579595938, 0.000840692548081, 0.000853136181831, 0.00236950395629, 0.00241095130332, 0.00158904877026, 0.00120951596182, 0.000702694815118, 0.00151635811199, 0.000953406328335, 0.000742158270441, 0.000340332073392, 0.000200953843887, 0.000269231706625, 0.000172820335138, 0.000122404351714, 3.33264433721e-05, 2.29204797506e-05, 9.16751832847e-06, 5.49381002202e-06, 1.54926146934e-06, 8.49868229125e-07, 3.89691763303e-07, 7.14942700597e-08, 2.98122131426e-08, 1.22249455003e-08],
        "dmean2": [7.85654174251e-06, 0.00120297796093, 0.00136709422804, 0.00141679414082, 0.00385788059793, 0.0036882548593, 0.00254199909978, 0.00180699466728, 0.00111059972551, 0.00234876433387, 0.00146977615077, 0.00114786834456, 0.000545610149857, 0.000314304314088, 0.000416442344431, 0.000278831430478, 0.000186105331522, 5.34865030204e-05, 3.60309313692e-05, 1.41398222695e-05, 8.72168220667e-06, 2.41730754169e-06, 1.28169176605e-06, 5.68989094063e-07, 1.1693394697e-07, 5.10943927168e-08, 2.01704573044e-08],
        "dvar": [8.8764669226e-11, 4.64719323645e-06, 3.65551431969e-06, 4.68347889182e-06, 2.10590296774e-05, 2.61099849013e-05, 1.14992617455e-05, 1.14290305646e-05, 7.12853716323e-06, 1.90942992049e-05, 1.35786249302e-05, 7.18694172974e-06, 9.90900161923e-07, 3.71706960323e-07, 6.62104525873e-07, 3.13702884114e-07, 3.21113134305e-07, 1.36394930905e-08, 3.24165982946e-09, 4.32368557624e-10, 1.81875237093e-10, 2.35433183365e-11, 6.74423234273e-12, 5.47289253847e-12, 2.43688820886e-14, 4.40752450609e-15, 7.19048386507e-16],
        "dvar2": [2.14913795094e-10, 1.16751207315e-05, 9.51286801865e-06, 1.20710928968e-05, 5.30101751792e-05, 5.77127466386e-05, 2.69143165497e-05, 2.54248716374e-05, 1.81385839824e-05, 4.46335798188e-05, 3.03065462504e-05, 1.69706308952e-05, 2.53492657976e-06, 8.89770092272e-07, 1.48784272369e-06, 7.30588112674e-07, 6.18928311269e-07, 3.6487861621e-08, 7.44486028381e-09, 9.76763003813e-10, 4.27985508145e-10, 5.58224126646e-11, 1.31239992832e-11, 1.07528361215e-11, 5.76209815539e-14, 1.28957225622e-14, 2.0902426857e-15],
        "max": [0.000266143732006, 0.0504590794444, 0.053764089942, 0.0498113147914, 0.116717897356, 0.143042579293, 0.0967559590936, 0.0843919888139, 0.0875002667308, 0.121637672186, 0.0882173851132, 0.0737056657672, 0.0239532049745, 0.0163341574371, 0.0193951576948, 0.0209313817322, 0.0197545066476, 0.00510459579527, 0.00143601989839, 0.000542953028344, 0.000318391656037, 0.000169457242009, 0.000136119822855, 0.000149204061017, 1.06980778583e-05, 3.66043786926e-06, 1.34617084768e-06],
        "mean": [6.12135545452e-06, 0.00181481509935, 0.00164859485812, 0.00129983096849, 0.00470383232459, 0.00522383209318, 0.00300790159963, 0.0022255058866, 0.00113060104195, 0.00247511523776, 0.00149894808419, 0.00121999764815, 0.000628453854006, 0.000319937855238, 0.000461873278255, 0.000301267689792, 0.000188105012057, 6.32129231235e-05, 4.63659962406e-05, 1.83620886673e-05, 1.07806572487e-05, 3.05531648337e-06, 1.85206863534e-06, 9.32541581733e-07, 3.24613893099e-07, 1.69543056927e-07, 3.03928651135e-08],
        "median": [2.54415454037e-06, 0.000593177799601, 0.000802355294582, 0.000626128283329, 0.0028541253414, 0.00252721039578, 0.00137921620626, 0.000676808587741, 0.00036044564331, 0.000437660288299, 0.000155761925271, 0.000185647601029, 6.29500573268e-05, 4.342693137e-05, 5.54918660782e-05, 3.38686077157e-05, 2.68704643531e-05, 1.66966710822e-05, 1.42175640576e-05, 5.68376799492e-06, 2.3179954951e-06, 7.53132667342e-07, 6.03052512815e-07, 4.5352868483e-07, 2.85701702296e-07, 1.67007158325e-07, 2.53817376006e-08],
        "min": [1.03946308215e-23, 5.53973089962e-23, 2.23876279433e-23, 2.2666633846e-23, 7.8666698838e-23, 2.7072986826e-23, 4.04371362194e-23, 3.51279697986e-23, 3.15619650973e-23, 5.8644260482e-23, 8.24353398178e-23, 1.03291055103e-22, 1.54483981599e-22, 8.7628177654e-23, 9.43688552496e-23, 1.24106828784e-22, 1.10580906107e-22, 3.05573589387e-22, 3.34512112347e-22, 3.20533547593e-22, 4.14310100832e-22, 4.71817328759e-22, 6.57925393519e-22, 7.34335445297e-22, 1.12680760435e-21, 1.3396508089e-21, 2.55698046719e-21],
        "var": [1.56765461723e-10, 9.94553738565e-06, 7.71761006035e-06, 5.67845745536e-06, 4.09807435062e-05, 7.43204291211e-05, 2.8573531381e-05, 2.23711595027e-05, 1.02990870801e-05, 3.76894968213e-05, 2.91677333735e-05, 1.41668497236e-05, 2.95051017929e-06, 7.21683704796e-07, 1.55546842961e-06, 6.84719509536e-07, 6.17517173396e-07, 2.34996893056e-08, 8.13755551832e-09, 1.13321152462e-09, 4.55097792784e-10, 5.83211465233e-11, 1.99634874604e-11, 9.5667033323e-12, 4.16033615165e-14, 2.72393026815e-15, 7.45986892965e-16]
    },
    "erbbands": {
        "dmean": [0.00990510452539, 0.217029303312, 0.869806468487, 1.79872453213, 4.63537883759, 8.96977615356, 18.0453872681, 20.2399768829, 25.159444809, 18.1975803375, 26.9211273193, 17.0647525787, 31.0142230988, 48.1757774353, 37.822719574, 27.7133617401, 15.9041252136, 8.96663379669, 14.0139789581, 8.58006286621, 9.16714572906, 5.20363759995, 1.95454502106, 1.42335391045, 0.884939610958, 0.432733893394, 0.317811340094, 0.123702853918, 0.0567029900849, 0.0374947153032, 0.0225764922798, 0.0120141478255, 0.00441920338199, 0.00122208404355, 0.000411021057516, 0.000190034799743, 5.71250493522e-05, 1.10191385829e-05, 5.10471681991e-06, 9.32830880629e-06],
        "dmean2": [0.0157690607011, 0.336270064116, 1.37908136845, 3.02723670006, 7.71522092819, 14.7014093399, 27.3363838196, 31.3352870941, 40.2913131714, 28.183795929, 40.00806427, 26.6479091644, 47.7774581909, 74.3724136353, 58.2073326111, 41.8790245056, 25.1894798279, 14.0381135941, 22.1004428864, 13.5048131943, 14.2462587357, 7.8803358078, 3.17396640778, 2.23039245605, 1.39234042168, 0.670080125332, 0.491800814867, 0.193247660995, 0.088574886322, 0.0570940673351, 0.0341054163873, 0.0175255313516, 0.00664991419762, 0.00194989610463, 0.000683974707499, 0.000325611938024, 9.81247285381e-05, 1.86114830285e-05, 8.01117130322e-06, 1.42898388731e-05],
        "dvar": [0.000897587859072, 0.342685699463, 3.8554713726, 15.4645385742, 121.148979187, 362.299133301, 1636.33496094, 2533.890625, 2616.17163086, 3735.04492188, 4986.06152344, 5203.94873047, 10744.4072266, 22277.5, 21210.1679688, 7048.97753906, 2102.9453125, 764.477966309, 1564.42504883, 590.980285645, 875.12097168, 444.272369385, 54.6209716797, 16.2810497284, 4.00335931778, 0.943848848343, 0.559928357601, 0.123972415924, 0.0338514558971, 0.0131196873263, 0.00418319972232, 0.00376123352908, 0.000724186364096, 8.99262977327e-06, 5.1474319207e-07, 9.06901860276e-08, 1.56306789734e-08, 1.65431612853e-09, 4.25074454802e-11, 1.34347574732e-10],
        "dvar2": [0.00219577364624, 0.858372986317, 9.67570495605, 41.4999504089, 314.889648438, 916.279296875, 3534.12988281, 5645.38232422, 6215.59033203, 8713.00488281, 11501.4726562, 13203.609375, 24924.6738281, 51954.90625, 47103.8203125, 16321.9287109, 5390.28369141, 1846.39941406, 3712.390625, 1400.23986816, 2067.11743164, 917.729980469, 152.429656982, 37.4989204407, 9.86617469788, 2.11982393265, 1.30417108536, 0.300500750542, 0.0810751691461, 0.0287710539997, 0.00854923203588, 0.00712492316961, 0.00152520893607, 1.98422530957e-05, 1.34678180075e-06, 2.63593477712e-07, 4.56772291102e-08, 4.85548934392e-09, 1.08556830192e-10, 3.017367467e-10],
        "max": [0.69089281559, 13.3835372925, 52.4089202881, 91.3645095825, 223.675445557, 396.546051025, 1207.68518066, 1816.93054199, 1755.23583984, 1965.95117188, 1836.68395996, 2652.00537109, 4413.34667969, 3943.23046875, 3783.93334961, 2304.55810547, 1257.2598877, 849.516418457, 939.475830078, 667.780090332, 853.960449219, 811.801635742, 367.00567627, 102.16204071, 54.4933509827, 28.0976734161, 15.489648819, 14.0655384064, 7.23759508133, 4.47035646439, 2.87468266487, 4.16004323959, 1.93896329403, 0.20264364779, 0.0421240404248, 0.0164148267359, 0.00688999611884, 0.00217897957191, 0.000251770863542, 0.000191640167031],
        "mean": [0.0226080995053, 0.512853562832, 1.86836373806, 3.23605656624, 7.60490322113, 16.2458648682, 37.9438056946, 41.9781494141, 50.4542160034, 34.0055122375, 51.848400116, 30.2192554474, 53.4644012451, 79.3035202026, 62.8867988586, 49.9397201538, 31.7541408539, 16.8631534576, 26.6985588074, 15.8106307983, 17.5563488007, 9.12734413147, 3.97283673286, 2.79676556587, 1.87027132511, 0.935388445854, 0.648022353649, 0.260580420494, 0.11498786509, 0.0764642506838, 0.0493566691875, 0.027221057564, 0.0113572087139, 0.00448053702712, 0.00197127787396, 0.00097281311173, 0.000293553515803, 4.22439879912e-05, 1.95675274881e-05, 3.23879066855e-05],
        "median": [0.00740949809551, 0.176136553288, 0.903342247009, 1.90626144409, 3.82917165756, 8.69387149811, 17.502822876, 18.2779159546, 25.7689743042, 14.6613931656, 16.5372848511, 11.7273263931, 12.7248153687, 14.3177509308, 10.7495689392, 10.3230400085, 4.7798576355, 2.93310403824, 3.47706651688, 2.59676074982, 2.13346195221, 1.41625571251, 0.997998833656, 0.932270169258, 0.541694760323, 0.314528465271, 0.16198900342, 0.0574070513248, 0.0289384759963, 0.0224011540413, 0.0169328711927, 0.0112293232232, 0.00643219146878, 0.00354837812483, 0.00188321433961, 0.000951522088144, 0.000287321105134, 3.87102627428e-05, 1.81860632438e-05, 2.93567936751e-05],
        "min": [2.82575156226e-21, 7.91153827261e-21, 2.50798318293e-20, 4.19395304719e-20, 2.01784700448e-19, 2.49034459034e-19, 3.16484679037e-19, 2.1737319051e-19, 5.17697293618e-19, 6.30307956151e-19, 7.73390970174e-19, 9.76119858517e-19, 1.39735827674e-18, 2.63727699274e-18, 2.93111325981e-18, 4.31796675636e-18, 6.5584007483e-18, 5.00071791165e-18, 6.67292597206e-18, 4.50395707632e-18, 7.16475226144e-18, 6.68982154966e-18, 1.49077947609e-17, 1.62547839422e-17, 1.71862207448e-17, 1.51647799249e-17, 1.23537513698e-17, 1.99573932565e-17, 1.76145017788e-17, 1.8066287977e-17, 1.85938141409e-17, 1.48798294388e-17, 1.29896042794e-17, 1.11723893897e-17, 8.81644169317e-18, 4.10671764921e-18, 2.9831447815e-18, 1.131658765e-18, 3.7882566289e-19, 3.76717341067e-20],
        "var": [0.00166492571589, 0.763798773289, 8.82340335846, 20.8737697601, 166.769165039, 688.05645752, 4356.66552734, 6786.29394531, 6755.82470703, 6700.51416016, 10813.3564453, 6994.56445312, 22056.8515625, 39693.3320312, 45859.3007812, 18164.1230469, 6487.97021484, 1586.10925293, 4573.41455078, 1214.27539062, 2381.26977539, 898.253173828, 93.8255844116, 34.6656265259, 11.5838193893, 2.64883756638, 1.48194265366, 0.333480983973, 0.0808012932539, 0.0371363125741, 0.0121805053204, 0.00738525018096, 0.0010828502709, 1.82964304258e-05, 6.28134387171e-07, 6.74589486493e-08, 9.86339454556e-09, 1.03582797895e-09, 1.00308900075e-10, 4.07018280191e-10]
    },
    "gfcc": {
        "mean": [-78.7435302734, 172.901763916, -116.574409485, -5.68901062012, -53.9489059448, -8.1344871521, -33.0446586609, -3.36901926994, -20.9024047852, -7.18417310715, -7.14022874832, -5.07974100113, -3.92313241959],
        "cov": [[2610.78466797, -52.4124221802, -1634.76733398, 408.475830078, 609.511108398, 113.197143555, 235.124023438, -92.0045776367, 79.8091049194, -31.3997917175, 87.6499481201, -41.4092636108, 84.9888153076], [-52.4124221802, 474.399108887, 505.571075439, -196.590744019, -58.3859901428, -71.1750793457, -11.1402864456, 5.15334749222, -38.0412521362, 19.8819580078, 51.5698318481, -23.3186244965, 4.59240722656], [-1634.76733398, 505.571075439, 1823.62585449, -211.221847534, -533.919067383, -162.926452637, -210.361968994, 25.2170944214, -55.4457130432, 20.4660892487, -6.74256896973, 9.60430908203, -77.6326522827], [408.475830078, -196.590744019, -211.221847534, 559.90222168, 221.405227661, 71.8400650024, -7.61827945709, -31.8386936188, 63.5527229309, 2.75198554993, -11.0665969849, 23.4037513733, -22.5566921234], [609.511108398, -58.3859901428, -533.919067383, 221.405227661, 426.296417236, 159.042114258, 78.7856445312, -9.41890716553, 24.8462085724, 29.4997234344, 22.4634475708, 12.0523338318, 25.5703392029], [113.197143555, -71.1750793457, -162.926452637, 71.8400650024, 159.042114258, 244.758300781, 101.336219788, -12.7854890823, -3.92817401886, 23.5033397675, 2.43937849998, 4.59114217758, 3.68900489807], [235.124023438, -11.1402864456, -210.361968994, -7.61827945709, 78.7856445312, 101.336219788, 174.899749756, 48.0409431458, -20.3437862396, 3.97718596458, 24.9936237335, -5.05976772308, 16.4040164948], [-92.0045776367, 5.15334749222, 25.2170944214, -31.8386936188, -9.41890716553, -12.7854890823, 48.0409431458, 125.713592529, 43.2706031799, 1.82991230488, -0.98003757, 8.56669044495, -1.719160676], [79.8091049194, -38.0412521362, -55.4457130432, 63.5527229309, 24.8462085724, -3.92817401886, -20.3437862396, 43.2706031799, 114.419647217, 29.2815666199, -10.5167331696, 6.69883966446, -4.9396147728], [-31.3997917175, 19.8819580078, 20.4660892487, 2.75198554993, 29.4997234344, 23.5033397675, 3.97718596458, 1.82991230488, 29.2815666199, 89.3173522949, 41.3258094788, -6.11202478409, -11.2106990814], [87.6499481201, 51.5698318481, -6.74256896973, -11.0665969849, 22.4634475708, 2.43937849998, 24.9936237335, -0.98003757, -10.5167331696, 41.3258094788, 96.1539001465, 25.179977417, 1.4784822464], [-41.4092636108, -23.3186244965, 9.60430908203, 23.4037513733, 12.0523338318, 4.59114217758, -5.05976772308, 8.56669044495, 6.69883966446, -6.11202478409, 25.179977417, 76.2364349365, 29.3724689484], [84.9888153076, 4.59240722656, -77.6326522827, -22.5566921234, 25.5703392029, 3.68900489807, 16.4040164948, -1.719160676, -4.9396147728, -11.2106990814, 1.4784822464, 29.3724689484, 71.9909286499]],
        "icov": [[0.00552271259949, -0.00958993565291, 0.00762860057876, -0.0054985540919, 0.00400966219604, -0.00106171576772, -0.00122158951126, 0.00342434947379, -0.00431325053796, 0.0044785020873, -0.00343089387752, 0.00190620683134, -0.000719959149137], [-0.00958993565291, 0.0247836522758, -0.0175055675209, 0.0129409562796, -0.013418789953, 0.00625035958365, -0.00248638330959, -0.0020036206115, 0.00363721093163, -0.00399001361802, 0.000931336835492, 0.00196755677462, -0.00131132674869], [0.00762860057876, -0.0175055675209, 0.0139662213624, -0.00962949637324, 0.0104800090194, -0.00458855414763, 0.00248150667176, 0.00124626117758, -0.00243527442217, 0.00314090307802, -0.00216702278703, -0.000451205589343, 0.000681990874], [-0.0054985540919, 0.0129409562796, -0.00962949637324, 0.00975452084094, -0.00855632591993, 0.00334833166562, -0.00141622708179, 4.69766091555e-05, 0.000568870163988, -0.00186958326958, 0.00197830493562, -0.00129061378539, 0.00176320585888], [0.00400966219604, -0.013418789953, 0.0104800090194, -0.00855632591993, 0.0142586817965, -0.00745900114998, 0.00480089103803, -0.00270213605836, 0.00157545204274, -0.00143264001235, 0.000180842122063, -0.00195424561389, -0.000419369607698], [-0.00106171576772, 0.00625035958365, -0.00458855414763, 0.00334833166562, -0.00745900114998, 0.0112141426653, -0.00889554712921, 0.00566256698221, -0.00247571780346, -0.000965399085544, 0.00182734767441, -0.000738717499189, 0.00113622006029], [-0.00122158951126, -0.00248638330959, 0.00248150667176, -0.00141622708179, 0.00480089103803, -0.00889554712921, 0.0180126391351, -0.0122162504122, 0.00883718393743, -0.00257503031753, -0.00149953889195, 0.00137958594132, -0.00213924096897], [0.00342434947379, -0.0020036206115, 0.00124626117758, 4.69766091555e-05, -0.00270213605836, 0.00566256698221, -0.0122162504122, 0.0197851248085, -0.0131593309343, 0.00649136211723, -0.00233883270994, -1.2679943211e-05, 0.00153069256339], [-0.00431325053796, 0.00363721093163, -0.00243527442217, 0.000568870163988, 0.00157545204274, -0.00247571780346, 0.00883718393743, -0.0131593309343, 0.0221493709832, -0.0132861183956, 0.0086829457432, -0.00545511487871, 0.00114965322427], [0.0044785020873, -0.00399001361802, 0.00314090307802, -0.00186958326958, -0.00143264001235, -0.000965399085544, -0.00257503031753, 0.00649136211723, -0.0132861183956, 0.0259624961764, -0.0160227976739, 0.00989704579115, -0.00150881009176], [-0.00343089387752, 0.000931336835492, -0.00216702278703, 0.00197830493562, 0.000180842122063, 0.00182734767441, -0.00149953889195, -0.00233883270994, 0.0086829457432, -0.0160227976739, 0.024904454127, -0.0144257619977, 0.00587682705373], [0.00190620683134, 0.00196755677462, -0.000451205589343, -0.00129061378539, -0.00195424561389, -0.000738717499189, 0.00137958594132, -1.2679943211e-05, -0.00545511487871, 0.00989704579115, -0.0144257619977, 0.0263707265258, -0.0121456626803], [-0.000719959149137, -0.00131132674869, 0.000681990874, 0.00176320585888, -0.000419369607698, 0.00113622006029, -0.00213924096897, 0.00153069256339, 0.00114965322427, -0.00150881009176, 0.00587682705373, -0.0121456626803, 0.0214055627584]]
    },
    "melbands": {
        "dmean": [0.000153092303663, 0.000388288375689, 0.000376736221369, 0.00046631396981, 0.000560917775147, 0.000446209072834, 0.000365666026482, 0.000201950533665, 0.000204563271836, 0.000106272491394, 0.000161710282555, 0.000204865689739, 0.000135259499075, 9.19485464692e-05, 5.41310073459e-05, 2.72487850452e-05, 1.75925779331e-05, 2.3019467335e-05, 1.82014573511e-05, 1.13178375614e-05, 1.16813680506e-05, 7.04811463947e-06, 2.74297303804e-06, 1.53509279244e-06, 1.25264296003e-06, 8.73019018854e-07, 3.93531706777e-07, 3.02196554003e-07, 2.39848048977e-07, 1.42440256923e-07, 5.87814206199e-08, 3.69643053943e-08, 2.61828301262e-08, 2.08057659989e-08, 1.53551855675e-08, 1.00493151578e-08, 7.02598512703e-09, 3.81724385434e-09, 1.87290249976e-09, 9.65618363047e-10],
        "dmean2": [0.000240988185396, 0.000603692198638, 0.000627145171165, 0.000773250008933, 0.000855844293255, 0.000687591207679, 0.000585231522564, 0.000310507573886, 0.000304681540001, 0.000167303238413, 0.000248817610554, 0.00031565700192, 0.000208596597076, 0.000140037474921, 8.19337292342e-05, 4.2521605792e-05, 2.74736667052e-05, 3.65673731721e-05, 2.77199833363e-05, 1.77084239112e-05, 1.80716451723e-05, 1.04024429675e-05, 4.4771204557e-06, 2.4731123176e-06, 1.99079863705e-06, 1.39732924254e-06, 6.14372538621e-07, 4.75022801538e-07, 3.75742672531e-07, 2.27314828294e-07, 9.46992244621e-08, 5.90191824301e-08, 4.13420124801e-08, 3.23034221594e-08, 2.38299779909e-08, 1.55249022527e-08, 1.04405550871e-08, 5.80250425486e-09, 3.02958236276e-09, 1.60176771846e-09],
        "dvar": [1.99234207798e-07, 7.56647921207e-07, 7.86555460763e-07, 1.01528928553e-06, 1.41443399571e-06, 1.06559787127e-06, 5.13882980613e-07, 4.5939398774e-07, 2.80599010694e-07, 2.18358167103e-07, 2.88909404844e-07, 4.00243891363e-07, 2.76786209952e-07, 1.18684319261e-07, 1.99073983964e-08, 7.24611437519e-09, 3.47226070119e-09, 4.13622069928e-09, 3.8737089092e-09, 1.39641853636e-09, 1.73100067613e-09, 1.06827025004e-09, 7.72859554132e-11, 3.05776688692e-11, 1.43084051552e-11, 4.5018194901e-12, 7.20000990252e-13, 4.9407017106e-13, 3.40576145844e-13, 1.67193488871e-13, 3.63742815436e-14, 1.60256397454e-14, 6.28176023771e-15, 4.80192930436e-15, 2.23613945218e-15, 1.15285567517e-15, 1.95211617596e-15, 6.83265903166e-16, 2.14628272298e-17, 5.48078582862e-18],
        "dvar2": [5.06812398271e-07, 1.79789515187e-06, 2.0423578917e-06, 2.56925750364e-06, 3.1229153592e-06, 2.39093560594e-06, 1.22398614621e-06, 1.04825289782e-06, 6.4681415779e-07, 5.57027306058e-07, 6.63553691993e-07, 9.39657354593e-07, 6.03261014476e-07, 2.6968154998e-07, 4.5450907038e-08, 1.73204544041e-08, 8.29069524144e-09, 9.88846871053e-09, 8.55102211261e-09, 2.95071900247e-09, 4.03207200961e-09, 2.08500372523e-09, 2.0594102812e-10, 8.24118898124e-11, 3.35421725117e-11, 1.11177872464e-11, 1.71799781432e-12, 1.12335054453e-12, 8.19034130881e-13, 4.0395201832e-13, 9.11917703893e-14, 3.99864128896e-14, 1.5090090161e-14, 1.03053433435e-14, 5.06162791192e-15, 2.59024094051e-15, 3.82291125974e-15, 1.44999208021e-15, 5.29368063463e-17, 1.31083295128e-17],
        "max": [0.0105874026194, 0.0191067643464, 0.0178421605378, 0.0223257336766, 0.039753831923, 0.035097129643, 0.0226644650102, 0.0218142997473, 0.0122376009822, 0.017047572881, 0.0224448777735, 0.0168709270656, 0.0118283126503, 0.0105554312468, 0.00286817736924, 0.00267207156867, 0.00194720493164, 0.00161536107771, 0.00175298959948, 0.00162245973479, 0.00121772987768, 0.00127702648751, 0.000237183165154, 0.000257089152001, 9.96393355308e-05, 6.48085406283e-05, 1.81871891982e-05, 1.87892783288e-05, 1.25502638184e-05, 1.16224246085e-05, 8.27822350402e-06, 5.00422311234e-06, 2.62036542154e-06, 3.25287169289e-06, 1.92037964553e-06, 1.5459588667e-06, 3.18560091728e-06, 1.89229660918e-06, 2.47958183763e-07, 1.77675289592e-07],
        "mean": [0.000358154269634, 0.000913895200938, 0.000683716032654, 0.000806522904895, 0.001197820995, 0.000944222207181, 0.000737830356229, 0.000366230931832, 0.000390227447497, 0.000175448600203, 0.000271315482678, 0.000327928632032, 0.000218047585804, 0.000153941218741, 9.65657673078e-05, 4.84925949422e-05, 2.90385305561e-05, 4.19559328293e-05, 2.87092079816e-05, 1.9377353965e-05, 2.08643177757e-05, 1.06647239591e-05, 4.87722536491e-06, 2.76410355582e-06, 2.19022990677e-06, 1.69688007645e-06, 7.75322973823e-07, 5.79726361138e-07, 4.55468153859e-07, 2.57608121501e-07, 1.14137066021e-07, 6.73559554798e-08, 4.8248942619e-08, 3.98046182681e-08, 3.03870955065e-08, 2.10127968359e-08, 1.46098591003e-08, 8.5208009537e-09, 5.1111941346e-09, 3.24864801726e-09],
        "median": [0.000120199765661, 0.000435400812421, 0.00040558190085, 0.000414414535044, 0.000608690723311, 0.000440606032498, 0.000383263279218, 0.000147370767081, 0.00012195603631, 5.71076634515e-05, 5.6336823036e-05, 4.93792795169e-05, 2.67112664005e-05, 2.33298487728e-05, 1.53245237016e-05, 5.59049931326e-06, 4.17175442635e-06, 4.69676888315e-06, 3.5985390241e-06, 2.78438801615e-06, 2.07427115129e-06, 1.42092676469e-06, 8.253807664e-07, 7.89645866917e-07, 6.70315557727e-07, 4.44333920768e-07, 2.42109734927e-07, 1.77181988192e-07, 1.02966467352e-07, 4.39254463913e-08, 2.27169518752e-08, 1.51016301686e-08, 1.24507035792e-08, 1.11856071072e-08, 9.84630688095e-09, 7.71619923512e-09, 6.19465900797e-09, 4.58210758225e-09, 3.55390961104e-09, 2.75449130172e-09],
        "min": [1.89597638306e-23, 1.13274154546e-23, 1.31296967769e-23, 1.56658104342e-23, 1.11151195743e-23, 4.99492604576e-24, 7.49381730131e-24, 5.90982128565e-24, 6.73197330437e-24, 5.71540138797e-24, 7.17667944019e-24, 1.06991311309e-23, 1.11200120897e-23, 8.53973957654e-24, 1.3961519047e-23, 1.58516849962e-23, 7.6115429585e-24, 1.1494650811e-23, 5.83393641645e-24, 7.21046004187e-24, 8.37400068922e-24, 6.16394099336e-24, 9.2189496048e-24, 1.57464935499e-23, 1.25286131661e-23, 1.33260300567e-23, 1.07974807865e-23, 1.00787251611e-23, 6.57431748031e-24, 1.20824918138e-23, 1.0543042379e-23, 1.0563198564e-23, 8.72575534458e-24, 1.04077543115e-23, 1.09093436295e-23, 9.03795020326e-24, 9.48131133124e-24, 8.93508274122e-24, 9.67063400419e-24, 9.2498847852e-24],
        "var": [3.89123101741e-07, 1.93082018995e-06, 1.02351759779e-06, 1.76191122137e-06, 3.68133737538e-06, 2.9087987059e-06, 1.34813069508e-06, 7.92156072293e-07, 6.09091671322e-07, 2.92177247729e-07, 5.9881500647e-07, 7.23472282971e-07, 6.19881006969e-07, 2.46817421612e-07, 5.43702221023e-08, 1.84379782553e-08, 6.65498101071e-09, 1.17135723343e-08, 6.65087629415e-09, 2.90765256317e-09, 4.44723990967e-09, 1.99011473967e-09, 1.70375311082e-10, 4.53937894218e-11, 2.61260145462e-11, 1.11493861019e-11, 1.92769715121e-12, 1.21284926546e-12, 8.4806906506e-13, 3.51617850504e-13, 8.26283960416e-14, 3.16647444756e-14, 1.45892954835e-14, 1.20932791233e-14, 5.23166088223e-15, 2.50146108796e-15, 3.27504293792e-15, 9.24072287873e-16, 4.1143265528e-17, 8.2759031511e-18]
    },
    "mfcc": {
        "mean": [-729.560424805, 212.204421997, -7.76311731339, 11.4346313477, -5.54135513306, -6.77765035629, -5.31502199173, -2.50233793259, -8.17912387848, -1.73468029499, -8.89473056793, -1.68633008003, 0.802688896656],
        "cov": [[3601.62182617, -682.718383789, -2117.55249023, 331.950500488, 192.936859131, 431.405670166, 203.834594727, 172.607894897, 92.2693862915, 135.395874023, -108.951560974, 100.536613464, 60.6730422974], [-682.718383789, 819.703613281, 592.175537109, -196.137771606, -76.1162567139, -199.033111572, 27.8870487213, -90.2021636963, -59.5875892639, 6.84396982193, 16.5469341278, -45.3748703003, 24.1765155792], [-2117.55249023, 592.175537109, 1776.90869141, -41.4916534424, -121.03377533, -258.638336182, -167.511108398, -120.429031372, -108.768463135, -85.5588302612, 64.0090560913, -43.9740180969, -14.2887639999], [331.950500488, -196.137771606, -41.4916534424, 345.454467773, 145.01071167, 68.5790176392, -19.5389060974, 24.6312427521, 1.38993549347, -11.8774576187, -2.37154841423, 43.1241188049, 25.6501941681], [192.936859131, -76.1162567139, -121.03377533, 145.01071167, 232.448287964, 130.022766113, 3.95968413353, 15.5043544769, 27.1573619843, -2.45287322998, 9.37831687927, 35.6567268372, 11.417848587], [431.405670166, -199.033111572, -258.638336182, 68.5790176392, 130.022766113, 279.773071289, 97.5570755005, 28.602596283, 36.8735656738, 8.25099563599, 2.31884407997, 24.0682945251, -0.38267031312], [203.834594727, 27.8870487213, -167.511108398, -19.5389060974, 3.95968413353, 97.5570755005, 205.529022217, 49.3235054016, 2.30201244354, 34.2210464478, -7.09271764755, -0.238874167204, 23.1108932495], [172.607894897, -90.2021636963, -120.429031372, 24.6312427521, 15.5043544769, 28.602596283, 49.3235054016, 118.460708618, 55.8824615479, -1.62711751461, -0.53123909235, 13.2359333038, 9.01605224609], [92.2693862915, -59.5875892639, -108.768463135, 1.38993549347, 27.1573619843, 36.8735656738, 2.30201244354, 55.8824615479, 116.419059753, 24.344083786, 5.42510509491, 10.1478366852, -9.35058021545], [135.395874023, 6.84396982193, -85.5588302612, -11.8774576187, -2.45287322998, 8.25099563599, 34.2210464478, -1.62711751461, 24.344083786, 105.182357788, 21.3716182709, -5.67922067642, 0.312845855951], [-108.951560974, 16.5469341278, 64.0090560913, -2.37154841423, 9.37831687927, 2.31884407997, -7.09271764755, -0.53123909235, 5.42510509491, 21.3716182709, 106.326545715, 36.5578994751, -13.7650241852], [100.536613464, -45.3748703003, -43.9740180969, 43.1241188049, 35.6567268372, 24.0682945251, -0.238874167204, 13.2359333038, 10.1478366852, -5.67922067642, 36.5578994751, 97.9481048584, 41.2188606262], [60.6730422974, 24.1765155792, -14.2887639999, 25.6501941681, 11.417848587, -0.38267031312, 23.1108932495, 9.01605224609, -9.35058021545, 0.312845855951, -13.7650241852, 41.2188606262, 94.6417922974]],
