{
"lowlevel": {
    "average_loudness": 0.921224951744,
    "barkbands_crest": {
        "dmean": 1.9143859148,
        "dmean2": 3.12996006012,
        "dvar": 3.47872161865,
        "dvar2": 9.00820541382,
        "max": 24.1436405182,
        "mean": 7.80906009674,
        "median": 6.97916793823,
        "min": 2.48694944382,
        "var": 10.1381845474
    },
    "barkbands_flatness_db": {
        "dmean": 0.0155393760651,
        "dmean2": 0.0243047215044,
        "dvar": 0.000216104977881,
        "dvar2": 0.00050295406254,
        "max": 0.29675117135,
        "mean": 0.120366476476,
        "median": 0.11495359987,
        "min": 0.0385023839772,
        "var": 0.00149968336336
    },
    "barkbands_kurtosis": {
        "dmean": 1.24239969254,
        "dmean2": 1.9914008379,
        "dvar": 4.36753892899,
        "dvar2": 10.5608873367,
        "max": 44.7274627686,
        "mean": 1.53190159798,
        "median": 0.368566513062,
        "min": -1.88023841381,
        "var": 12.4233665466
    },
    "barkbands_skewness": {
        "dmean": 0.365242004395,
        "dmean2": 0.566346406937,
        "dvar": 0.158267587423,
        "dvar2": 0.370803058147,
        "max": 6.05527448654,
        "mean": 0.639346599579,
        "median": 0.633603155613,
        "min": -3.16347312927,
        "var": 1.43935036659
    },
    "barkbands_spread": {
        "dmean": 4.8302822113,
        "dmean2": 7.52630901337,
        "dvar": 39.0895805359,
        "dvar2": 86.1717071533,
        "max": 124.837623596,
        "mean": 23.6551437378,
        "median": 22.406047821,
        "min": 2.05376267433,
        "var": 134.126754761
    },
    "dissonance": {
        "dmean": 0.0150754554197,
        "dmean2": 0.0253746975213,
        "dvar": 0.000224417599384,
        "dvar2": 0.000615673779976,
        "max": 0.500000059605,
        "mean": 0.468578666449,
        "median": 0.474300533533,
        "min": 0.287325769663,
        "var": 0.000648613378871
    },
    "dynamic_complexity": 2.58300995827,
    "erbbands_crest": {
        "dmean": 2.091152668,
        "dmean2": 3.38948631287,
        "dvar": 4.38443565369,
        "dvar2": 10.732460022,
        "max": 27.5529785156,
        "mean": 7.80154085159,
        "median": 7.13619327545,
        "min": 2.33861804008,
        "var": 12.8146085739
    },
    "erbbands_flatness_db": {
        "dmean": 0.015058378689,
        "dmean2": 0.0219056624919,
        "dvar": 0.000217712440644,
        "dvar2": 0.000409506843425,
        "max": 0.281676441431,
        "mean": 0.169012218714,
        "median": 0.171836778522,
        "min": 0.0646703764796,
        "var": 0.00186744122766
    },
    "erbbands_kurtosis": {
        "dmean": 0.592391610146,
        "dmean2": 0.949223101139,
        "dvar": 0.538083910942,
        "dvar2": 1.25764262676,
        "max": 20.329120636,
        "mean": 0.0988141670823,
        "median": -0.0892453193665,
        "min": -1.81645298004,
        "var": 1.33147716522
    },
    "erbbands_skewness": {
        "dmean": 0.277417004108,
        "dmean2": 0.432196587324,
        "dvar": 0.0721797645092,
        "dvar2": 0.158171579242,
        "max": 3.5465426445,
        "mean": 0.0772911310196,
        "median": 0.0769104510546,
        "min": -4.12882900238,
        "var": 0.383978247643
    },
    "erbbands_spread": {
        "dmean": 6.2590379715,
        "dmean2": 9.61094284058,
        "dvar": 54.6794395447,
        "dvar2": 123.284637451,
        "max": 137.41166687,
        "mean": 34.4644851685,
        "median": 32.3534202576,
        "min": 6.68673086166,
        "var": 241.195220947
    },
    "hfc": {
        "dmean": 7.43913412094,
        "dmean2": 11.2464170456,
        "dvar": 181.486541748,
        "dvar2": 419.882293701,
        "max": 282.38848877,
        "mean": 25.2955799103,
        "median": 22.0441761017,
        "min": 1.0589708477e-16,
        "var": 461.957611084
    },
    "melbands_crest": {
        "dmean": 2.68491744995,
        "dmean2": 4.40694522858,
        "dvar": 7.11267709732,
        "dvar2": 18.6970825195,
        "max": 34.748046875,
        "mean": 10.423327446,
        "median": 9.79672050476,
        "min": 1.5066819191,
        "var": 27.9402389526
    },
    "melbands_flatness_db": {
        "dmean": 0.0187187362462,
        "dmean2": 0.0290902834386,
        "dvar": 0.000431874650531,
        "dvar2": 0.00101720180828,
        "max": 0.366902053356,
        "mean": 0.138148665428,
        "median": 0.134486213326,
        "min": 0.00241121021099,
        "var": 0.00469887908548
    },
    "melbands_kurtosis": {
        "dmean": 2.78592801094,
        "dmean2": 4.43095302582,
        "dvar": 29.1250858307,
        "dvar2": 74.1434783936,
        "max": 102.831542969,
        "mean": 4.94034481049,
        "median": 1.98204517365,
        "min": -1.76832568645,
        "var": 71.0891189575
    },
    "melbands_skewness": {
        "dmean": 0.455583274364,
        "dmean2": 0.708840250969,
        "dvar": 0.2753059268,
        "dvar2": 0.683157801628,
        "max": 8.79787063599,
        "mean": 1.56040215492,
        "median": 1.36635196209,
        "min": -1.09265601635,
        "var": 1.54017794132
    },
    "melbands_spread": {
        "dmean": 8.04058361053,
        "dmean2": 12.8331022263,
        "dvar": 124.931777954,
        "dvar2": 292.672576904,
        "max": 219.745635986,
        "mean": 41.0627746582,
        "median": 30.7585964203,
        "min": 2.12336611748,
        "var": 1212.4765625
    },
    "pitch_salience": {
        "dmean": 0.0549597628415,
        "dmean2": 0.0892735868692,
        "dvar": 0.00271748704836,
        "dvar2": 0.00722337141633,
        "max": 0.913403987885,
        "mean": 0.625076174736,
        "median": 0.621554195881,
        "min": 0.195447951555,
        "var": 0.0116269579157
    },
    "silence_rate_20dB": {
        "dmean": 0,
        "dmean2": 0,
        "dvar": 0,
        "dvar2": 0,
        "max": 1,
        "mean": 1,
        "median": 1,
        "min": 1,
        "var": 0
    },
    "silence_rate_30dB": {
        "dmean": 0,
        "dmean2": 0,
        "dvar": 0,
        "dvar2": 0,
        "max": 1,
        "mean": 1,
        "median": 1,
        "min": 1,
        "var": 0
    },
    "silence_rate_60dB": {
        "dmean": 0.00524590164423,
        "dmean2": 0.0104929497465,
        "dvar": 0.00521774869412,
        "dvar2": 0.0112561313435,
        "max": 1,
        "mean": 0.141951695085,
        "median": 0,
        "min": 0,
        "var": 0.121794186532
    },
    "spectral_centroid": {
        "dmean": 253.941253662,
        "dmean2": 402.106964111,
        "dvar": 94394.03125,
        "dvar2": 212078.71875,
        "max": 12061.6787109,
        "mean": 2503.11669922,
        "median": 1712.39099121,
        "min": 300.774261475,
        "var": 8149378.5
    },
    "spectral_complexity": {
        "dmean": 3.49005460739,
        "dmean2": 5.49896144867,
        "dvar": 20.0298366547,
        "dvar2": 46.7601509094,
        "max": 55,
        "mean": 21.2692604065,
        "median": 22,
        "min": 0,
        "var": 141.042694092
    },
    "spectral_decrease": {
        "dmean": 1.31626853861e-09,
        "dmean2": 2.00993444111e-09,
        "dvar": 2.85649267637e-18,
        "dvar2": 6.47558590691e-18,
        "max": 2.43403696752e-28,
        "mean": -5.39797007093e-09,
        "median": -5.40888578371e-09,
        "min": -3.59612428724e-08,
        "var": 1.33236777134e-17
    },
    "spectral_energy": {
        "dmean": 0.00543678784743,
        "dmean2": 0.00826640054584,
        "dvar": 4.76954301121e-05,
        "dvar2": 0.000105977589556,
        "max": 0.138743892312,
        "mean": 0.0226674973965,
        "median": 0.0229415930808,
        "min": 9.71220868415e-21,
        "var": 0.000226227653911
    },
    "spectral_energyband_high": {
        "dmean": 0.000590649724472,
        "dmean2": 0.000911810202524,
        "dvar": 2.25081521421e-06,
        "dvar2": 5.24310371475e-06,
        "max": 0.0295163374394,
        "mean": 0.001065904391,
        "median": 0.000490004080348,
        "min": 6.72118336588e-21,
        "var": 3.50443860953e-06
    },
    "spectral_energyband_low": {
        "dmean": 0.001253243885,
        "dmean2": 0.00205778493546,
        "dvar": 1.11947956611e-05,
        "dvar2": 2.84265061055e-05,
        "max": 0.117083922029,
        "mean": 0.00224898359738,
        "median": 0.000832696794532,
        "min": 1.32829692953e-23,
        "var": 1.81909381354e-05
    },
    "spectral_energyband_middle_high": {
        "dmean": 0.00216747866943,
        "dmean2": 0.0033389502205,
        "dvar": 8.8854412752e-06,
        "dvar2": 2.02560204343e-05,
        "max": 0.0469698421657,
        "mean": 0.00780210923404,
        "median": 0.00620090495795,
        "min": 1.08879536345e-21,
        "var": 4.75405322504e-05
    },
    "spectral_energyband_middle_low": {
        "dmean": 0.00379700446501,
        "dmean2": 0.00591065827757,
        "dvar": 2.64629106823e-05,
        "dvar2": 6.29085116088e-05,
        "max": 0.0911973491311,
        "mean": 0.012286090292,
        "median": 0.0103290248662,
        "min": 1.2779521421e-22,
        "var": 0.00011521664419
    },
    "spectral_entropy": {
        "dmean": 0.127959951758,
        "dmean2": 0.18702365458,
        "dvar": 0.0218695793301,
        "dvar2": 0.04214367643,
        "max": 9.82992553711,
        "mean": 7.84102392197,
        "median": 7.70398616791,
        "min": 5.95293045044,
        "var": 0.541676104069
    },
    "spectral_flux": {
        "dmean": 0.0163128022105,
        "dmean2": 0.02536021173,
        "dvar": 0.000348143745214,
        "dvar2": 0.000755575369112,
        "max": 0.274930119514,
        "mean": 0.0741938054562,
        "median": 0.075395077467,
        "min": 6.25259496956e-11,
        "var": 0.00171125365887
    },
    "spectral_kurtosis": {
        "dmean": 1.38526535034,
        "dmean2": 2.34202027321,
        "dvar": 2.81000828743,
        "dvar2": 8.04905891418,
        "max": 36.2936553955,
        "mean": 3.57928991318,
        "median": 3.2889881134,
        "min": -1.27483463287,
        "var": 9.80429458618
    },
    "spectral_rms": {
        "dmean": 0.000521091162227,
        "dmean2": 0.000784104398917,
        "dvar": 3.52195229425e-07,
        "dvar2": 7.38984113013e-07,
        "max": 0.0116344271228,
        "mean": 0.00425144191831,
        "median": 0.00473096640781,
        "min": 3.07820175599e-12,
        "var": 4.03984722652e-06
    },
    "spectral_rolloff": {
        "dmean": 536.07598877,
        "dmean2": 895.963378906,
        "dvar": 812442.125,
        "dvar2": 1797927.375,
        "max": 19896.6796875,
        "mean": 3679.35083008,
        "median": 1981.0546875,
        "min": 107.666015625,
        "var": 25960764
    },
    "spectral_skewness": {
        "dmean": 0.190522491932,
        "dmean2": 0.310941487551,
        "dvar": 0.0377485081553,
        "dvar2": 0.0960482731462,
        "max": 4.61448955536,
        "mean": 1.28444695473,
        "median": 1.32883059978,
        "min": -0.108571767807,
        "var": 0.3489561975
    },
    "spectral_spread": {
        "dmean": 573284.1875,
        "dmean2": 850894.0625,
        "dvar": 695158505472,
        "dvar2": 1.48846516634e+12,
        "max": 43680476,
        "mean": 7665493.5,
        "median": 3919694.5,
        "min": 1810767.125,
        "var": 1.17467942748e+14
    },
    "spectral_strongpeak": {
        "dmean": 0.652589917183,
        "dmean2": 1.08918249607,
        "dvar": 1.02971804142,
        "dvar2": 2.57660698891,
        "max": 16.4500370026,
        "mean": 1.30111575127,
        "median": 0.800290346146,
        "min": 0,
        "var": 2.19000554085
    },
    "zerocrossingrate": {
        "dmean": 0.0103051355109,
        "dmean2": 0.0129712885246,
        "dvar": 0.000185985147255,
        "dvar2": 0.000243337475695,
        "max": 0.64892578125,
        "mean": 0.115623146296,
        "median": 0.07568359375,
        "min": 0.01123046875,
        "var": 0.016905978322
    },
    "barkbands": {
        "dmean": [4.48826322099e-05, 0.000531948229764, 0.000608522910625, 0.000788462813944, 0.00182210374624, 0.00132998963818, 0.00064862484578, 0.000722955039237, 0.000797075859737, 0.000526330666617, 0.000393542693928, 0.000488021818455, 0.000426930433605, 0.000630488444585, 0.000609261740465, 0.000324694236042, 0.000348885718267, 0.000288190261927, 0.000223892478971, 0.000190069200471, 0.000167544494616, 0.000136226401082, 0.00010976564954, 7.28247323423e-05, 7.08771403879e-05, 2.69094707619e-05, 6.92056545404e-09],
        "dmean2": [7.83799405326e-05, 0.000901129445992, 0.00101193494629, 0.00129649741575, 0.00292003480718, 0.00205830251798, 0.000958672957495, 0.0011190213263, 0.00124166230671, 0.000823939510155, 0.000619088474195, 0.000776499975473, 0.000676761672366, 0.000983313308097, 0.000963709549978, 0.000533114769496, 0.000574860605411, 0.000451310304925, 0.000371282949345, 0.000309119815938, 0.000278895196971, 0.000220439833356, 0.000168753394973, 0.000114611582831, 0.000108791289676, 4.30378531746e-05, 1.26298163039e-08],
        "dvar": [6.08606187669e-09, 2.97638280244e-06, 3.33417619913e-06, 3.2511113659e-06, 1.00786674011e-05, 5.27171187059e-06, 2.16592320612e-06, 2.19035496229e-06, 2.77856224784e-06, 9.95095433609e-07, 7.03672697e-07, 1.07866355847e-06, 9.72833277046e-07, 1.93507503354e-06, 1.44666091728e-06, 3.71458895643e-07, 4.55903261809e-07, 3.32724255259e-07, 2.24887585887e-07, 1.77264666945e-07, 1.89619967728e-07, 1.32745242354e-07, 1.017343223e-07, 4.96393290916e-08, 8.11625966435e-08, 2.09669330786e-08, 2.001606617e-15],
        "dvar2": [1.63834474876e-08, 8.24676862976e-06, 8.65042511577e-06, 8.617943422e-06, 2.67788000201e-05, 1.28657429741e-05, 4.50046127298e-06, 5.14784323968e-06, 6.55139274386e-06, 2.32149614021e-06, 1.56320618316e-06, 2.55316535913e-06, 2.13906173485e-06, 4.28964085586e-06, 3.24780808114e-06, 9.29069756239e-07, 1.1641088804e-06, 7.98117696377e-07, 5.56731151846e-07, 4.34478408806e-07, 4.92603646762e-07, 3.12642470135e-07, 2.42547713469e-07, 1.16911685666e-07, 1.82834526186e-07, 5.00149326399e-08, 5.75742693809e-15],
        "max": [0.00295093283057, 0.0337311290205, 0.0661969706416, 0.0493796989322, 0.0572955869138, 0.0652926564217, 0.0526053570211, 0.0337176397443, 0.0498229674995, 0.0228011012077, 0.0205861032009, 0.027183804661, 0.0251536779106, 0.0355442799628, 0.0254993271083, 0.0112199708819, 0.0141870426014, 0.0172016136348, 0.0166905056685, 0.00945443101227, 0.00765884947032, 0.0133214108646, 0.00806137733161, 0.00778105389327, 0.00865643657744, 0.00766563648358, 2.29314377975e-06],
        "mean": [4.89661360916e-05, 0.000723652075976, 0.00085328950081, 0.00140609627124, 0.00376088218763, 0.00288635632023, 0.00119405530859, 0.00122345460113, 0.00154173304327, 0.000978858559392, 0.000733263615984, 0.000899254227988, 0.000747447193135, 0.00108048762195, 0.00113010942005, 0.000588564202189, 0.000621137907729, 0.000594341021497, 0.0004095188051, 0.000366345338989, 0.000253157049883, 0.000222864604439, 0.000190380145796, 0.000104685983388, 8.17812469904e-05, 2.68591938948e-05, 4.96473173683e-09],
        "median": [2.80886160908e-05, 0.000183267417015, 0.000206106255064, 0.000393721507862, 0.00212296983227, 0.0015910146758, 0.000480652495753, 0.000427967228461, 0.000594189099502, 0.000414521986386, 0.000219951092731, 0.000361094484106, 0.000290692230919, 0.00038072137977, 0.000508811557665, 0.000300065585179, 0.000322902051266, 0.000268928415608, 0.000205398813705, 0.00015451713989, 0.000112597139378, 7.63936550356e-05, 6.19633647148e-05, 3.2376832678e-05, 1.20573868116e-05, 2.31398735195e-06, 5.78619208103e-10],
        "min": [4.05556596122e-26, 8.98783840591e-25, 3.48262244873e-25, 1.31365308761e-25, 4.57864887924e-24, 5.78056563747e-24, 2.98139842266e-24, 5.59262938756e-24, 7.46650772563e-24, 1.08964583754e-23, 1.12654456973e-23, 1.36336747657e-23, 1.90176173116e-23, 2.35200835267e-23, 3.22963788229e-23, 3.40984873846e-23, 4.08575265067e-23, 6.74677328158e-23, 1.01540673729e-22, 1.39621299409e-22, 2.21611172629e-22, 2.78960476914e-22, 3.15118932558e-22, 5.13469235042e-22, 7.35478877091e-22, 1.17409957581e-21, 1.84924000949e-21],
        "var": [6.11240036363e-09, 3.57725730282e-06, 4.74361740999e-06, 8.22750916996e-06, 2.53485177382e-05, 1.51823405758e-05, 4.89165859108e-06, 4.97775681652e-06, 6.39191648588e-06, 2.6820534913e-06, 2.18330546886e-06, 2.80788253804e-06, 2.05313676815e-06, 4.06830713473e-06, 3.66672952623e-06, 8.32590501432e-07, 8.55903067531e-07, 8.09110019873e-07, 3.99190696498e-07, 3.55194458734e-07, 2.23402267352e-07, 2.11209297163e-07, 1.75754578891e-07, 6.29114040862e-08, 9.08201087668e-08, 2.02842844743e-08, 1.19882309442e-15]
    },
    "erbbands": {
        "dmean": [0.00911606289446, 0.145109638572, 0.622023999691, 1.64436674118, 4.30625534058, 6.56794214249, 10.7234344482, 10.5444526672, 9.83839225769, 8.59218883514, 18.4234809875, 17.1643543243, 15.4487857819, 18.8501243591, 15.5835809708, 18.9222812653, 17.5534172058, 29.8926773071, 32.3279495239, 20.7704219818, 18.3901882172, 16.2603034973, 14.6431064606, 12.6641340256, 10.2739839554, 9.13448905945, 7.43012809753, 6.05831670761, 4.88175058365, 4.01254415512, 3.24190425873, 1.67629551888, 1.16647779942, 0.713573694229, 0.605322778225, 0.193069934845, 0.0347326882184, 0.00204100739211, 4.93579464091e-05, 9.69774282567e-06],
        "dmean2": [0.0155975045636, 0.242247894406, 1.03378927708, 2.72178530693, 6.96443891525, 10.8235549927, 16.2547931671, 16.3983402252, 14.9835300446, 12.7257213593, 28.431055069, 26.3960723877, 23.9504566193, 28.8155269623, 24.214799881, 29.9887561798, 27.5229969025, 46.4298934937, 50.7651634216, 33.0185813904, 29.9808387756, 26.4090938568, 22.844701767, 20.2471027374, 17.0154285431, 14.8034486771, 12.5635118484, 9.70624351501, 7.87253379822, 6.35547590256, 5.08487653732, 2.60826253891, 1.84536755085, 1.12821507454, 0.923008978367, 0.306426823139, 0.0552325062454, 0.00316998688504, 7.62524650781e-05, 1.46500269693e-05],
        "dvar": [0.000542219728231, 0.238256067038, 3.86270070076, 15.2194004059, 68.6187286377, 173.322235107, 398.345672607, 459.824523926, 435.668701172, 430.637634277, 1436.59655762, 1479.13391113, 1050.97900391, 1422.91125488, 872.734436035, 1846.15209961, 1882.49438477, 4730.51464844, 3820.98486328, 1791.21691895, 1056.1517334, 1068.00744629, 820.649475098, 988.299316406, 422.983917236, 470.245788574, 384.728759766, 290.340179443, 188.245742798, 101.215614319, 97.9768218994, 24.5777492523, 13.2768087387, 5.80462884903, 10.4183397293, 0.847912073135, 0.0596176199615, 0.00045939462143, 1.43907286088e-07, 5.54857548796e-10],
        "dvar2": [0.00148462876678, 0.644464194775, 10.0323534012, 39.7362709045, 177.323638916, 483.927032471, 953.154663086, 1094.62487793, 945.477783203, 872.19317627, 3362.74072266, 3467.64794922, 2506.66137695, 3145.45214844, 1981.70532227, 4461.50244141, 3976.69946289, 10293.3056641, 8589.33398438, 4089.23632812, 2598.18505859, 2722.94140625, 1937.39868164, 2318.80444336, 1107.75817871, 1151.57983398, 1036.7088623, 688.174743652, 445.755462646, 244.254562378, 238.770980835, 56.1126022339, 32.0465126038, 13.8417949677, 23.6525669098, 2.1587460041, 0.127874061465, 0.000925597385503, 2.86404258532e-07, 1.16415921347e-09],
        "max": [0.526182234287, 10.0088777542, 65.2676391602, 112.747451782, 161.319641113, 243.780197144, 569.491027832, 763.934020996, 509.589263916, 677.853149414, 904.255065918, 835.32019043, 792.765686035, 835.639404297, 913.249572754, 1159.13830566, 1211.68920898, 2078.87890625, 1352.85424805, 1367.13330078, 747.073547363, 850.459777832, 731.981323242, 1411.41687012, 367.819091797, 454.402954102, 434.478027344, 627.940612793, 497.869689941, 214.029602051, 263.254669189, 177.825439453, 123.791534424, 86.4763946533, 123.191070557, 38.3847198486, 14.3804483414, 1.42470538616, 0.0237715933472, 0.00106538273394],
        "mean": [0.0125445658341, 0.19915086031, 0.917247653008, 3.03240156174, 8.07368087769, 12.0216608047, 23.0847396851, 21.350605011, 19.3438415527, 16.6252479553, 32.6847114563, 33.2184829712, 32.0528450012, 36.2323722839, 32.8112449646, 36.9217758179, 34.5681114197, 56.2391319275, 60.9584960938, 42.9602546692, 36.8256874084, 31.3709907532, 31.0553359985, 26.8219337463, 19.8612136841, 17.4120693207, 11.6064062119, 9.41116523743, 7.7704834938, 6.83409833908, 5.49538040161, 2.54983115196, 1.58744263649, 0.840076684952, 0.678431987762, 0.200143679976, 0.03403621912, 0.00186824728735, 6.1318227381e-05, 3.25496694131e-05],
        "median": [0.00417196378112, 0.0483194179833, 0.247835978866, 1.10920274258, 3.29563832283, 6.03384447098, 11.4537363052, 10.4085597992, 9.19035339355, 7.18577957153, 13.1056852341, 14.1942300797, 15.4788827896, 15.5696296692, 15.578622818, 17.5298080444, 16.0278911591, 23.4039878845, 28.3928031921, 21.1577987671, 20.2741470337, 17.7771549225, 16.1643428802, 12.1068601608, 10.4723453522, 7.67826509476, 5.27079725266, 3.85169100761, 2.60441327095, 2.3360145092, 1.70817685127, 0.809924602509, 0.466707319021, 0.161015614867, 0.0749579370022, 0.0204089097679, 0.00265522813424, 8.79945946508e-05, 2.15709496842e-05, 3.06944421027e-05],
        "min": [6.15297685229e-23, 3.33758516679e-22, 1.00968288878e-21, 3.3177903369e-21, 4.04304840394e-21, 7.03814782906e-21, 1.91312222308e-20, 5.77523286518e-20, 5.44509862036e-20, 1.20313807837e-19, 1.92728274738e-19, 3.07830017535e-19, 4.29538581131e-19, 5.27289124905e-19, 5.285095782e-19, 7.78711344175e-19, 8.28852189475e-19, 1.40557559234e-18, 1.44444480932e-18, 1.95558711018e-18, 3.00079929731e-18, 3.53382517826e-18, 4.41201098815e-18, 4.98784822209e-18, 5.90683388851e-18, 6.54808911478e-18, 6.47610124043e-18, 8.27302042667e-18, 8.99124398176e-18, 8.48329966455e-18, 9.08203367143e-18, 9.97303540414e-18, 8.4108212721e-18, 7.74382914825e-18, 5.34990558979e-18, 3.43337753455e-18, 2.08464134781e-18, 8.89065509696e-19, 2.22039290496e-19, 2.54554138326e-20],
        "var": [0.000841964210849, 0.279390364885, 5.32700300217, 34.9776992798, 170.805480957, 348.080749512, 1434.52416992, 1159.66882324, 1026.84509277, 1113.89819336, 3342.71264648, 3181.65869141, 3016.36108398, 3857.03588867, 2856.85180664, 4881.37597656, 4194.52197266, 10927.7021484, 9360.52929688, 5297.29101562, 2828.09790039, 1933.92041016, 1962.0760498, 2140.36328125, 741.456054688, 896.088378906, 422.596435547, 412.201385498, 286.115112305, 169.505584717, 166.395507812, 35.4931640625, 15.3365345001, 5.93095779419, 11.4910011292, 0.778271436691, 0.06390286237, 0.000499117886648, 1.61735314919e-07, 9.58483847846e-10]
    },
    "gfcc": {
        "mean": [-101.442962646, 80.6150436401, -135.964569092, 28.8230934143, -65.4157409668, 10.003490448, -45.0769615173, 2.02702617645, -24.4491329193, -2.15075135231, -14.3532657623, -3.38087940216, -5.47094869614],
        "cov": [[119389.179688, 8706.76269531, -15163.9287109, 3245.85351562, -7406.00292969, 1077.52099609, -5165.32861328, 176.238800049, -2879.61523438, -268.623718262, -1740.68847656, -401.866882324, -736.640991211], [8706.76269531, 1915.1998291, -1138.39160156, 179.44128418, -416.261199951, -133.694732666, -285.20401001, -111.578552246, -116.742866516, -191.931777954, -20.7374515533, -178.326141357, 13.8057384491], [-15163.9287109, -1138.39160156, 2851.93017578, -301.975463867, 915.065002441, -149.117706299, 548.606811523, 28.5921440125, 271.190765381, 106.219726562, 122.489547729, 92.8730392456, 24.6261615753], [3245.85351562, 179.44128418, -301.975463867, 367.069793701, -193.124420166, 40.8211097717, -149.428039551, -3.40050673485, -58.3486824036, -13.7305431366, -42.575302124, -21.8203239441, -18.2680892944], [-7406.00292969, -416.261199951, 915.065002441, -193.124420166, 647.571777344, -58.5795288086, 355.690887451, 14.5766992569, 176.828811646, 26.1080760956, 109.861282349, 17.5245876312, 47.0813102722], [1077.52099609, -133.694732666, -149.117706299, 40.8211097717, -58.5795288086, 176.587402344, -3.2607049942, 42.3517951965, -43.4997215271, 45.4998168945, -21.7919750214, 25.0244178772, -15.4973993301], [-5165.32861328, -285.20401001, 548.606811523, -149.428039551, 355.690887451, -3.2607049942, 363.68963623, 10.1165056229, 135.730438232, 7.35672569275, 98.2274246216, 2.90822482109, 44.54271698], [176.238800049, -111.578552246, 28.5921440125, -3.40050673485, 14.5766992569, 42.3517951965, 10.1165056229, 114.596496582, -7.11964511871, 48.4264793396, -19.0599117279, 25.8691864014, -12.7514772415], [-2879.61523438, -116.742866516, 271.190765381, -58.3486824036, 176.828811646, -43.4997215271, 135.730438232, -7.11964511871, 167.664337158, -1.42111563683, 66.9825592041, -9.11985301971, 36.8224983215], [-268.623718262, -191.931777954, 106.219726562, -13.7305431366, 26.1080760956, 45.4998168945, 7.35672569275, 48.4264793396, -1.42111563683, 118.761711121, 1.92673707008, 44.1780700684, -5.5959777832], [-1740.68847656, -20.7374515533, 122.489547729, -42.575302124, 109.861282349, -21.7919750214, 98.2274246216, -19.0599117279, 66.9825592041, 1.92673707008, 112.830932617, 7.84032535553, 26.9593505859], [-401.866882324, -178.326141357, 92.8730392456, -21.8203239441, 17.5245876312, 25.0244178772, 2.90822482109, 25.8691864014, -9.11985301971, 44.1780700684, 7.84032535553, 91.4235305786, 11.8571472168], [-736.640991211, 13.8057384491, 24.6261615753, -18.2680892944, 47.0813102722, -15.4973993301, 44.54271698, -12.7514772415, 36.8224983215, -5.5959777832, 26.9593505859, 11.8571472168, 81.6870727539]],
        "icov": [[0.000293987657642, -0.000688357569743, 0.000659950484987, -0.000616759294644, 0.000851705670357, -0.000513711478561, 0.00089091155678, -0.000614016549662, 0.000966247054748, -0.000715449976269, 0.000999822863378, -0.000455322820926, 0.00051213381812], [-0.000688357569743, 0.00262849009596, -0.00128912867513, 0.00133852497675, -0.00188334891573, 0.00193584058434, -0.00180390127935, 0.00134893797804, -0.00169260625262, 0.00226256414317, -0.00300961476751, 0.00246163504198, -0.00176286022179], [0.000659950484987, -0.00128912867513, 0.0023228530772, -0.00149684678763, 0.00113537092693, -0.000308234884869, 0.00150558596943, -0.0011140096467, 0.00207138154656, -0.00200483575463, 0.00269978679717, -0.00147017987911, 0.00167776737362], [-0.000616759294644, 0.00133852497675, -0.00149684678763, 0.00483249267563, -0.00135086628143, -2.6486992283e-05, -0.00059622421395, 0.00116362341214, -0.00229736836627, 0.00181638915092, -0.00226926407777, 0.00178941851482, -0.00132655352354], [0.000851705670357, -0.00188334891573, 0.00113537092693, -0.00135086628143, 0.00718090170994, -0.000870930904057, -1.41673235703e-05, -0.00230136560276, 0.00192948326003, -0.00219534477219, 0.00221389019862, -0.000969746673945, 0.00108886847738], [-0.000513711478561, 0.00193584058434, -0.000308234884869, -2.6486992283e-05, -0.000870930904057, 0.00987640209496, -0.00418215850368, -0.000163127522683, 0.000306152011035, -0.00105557194911, -0.00101562228519, 0.000112456844363, -0.000133500681841], [0.00089091155678, -0.00180390127935, 0.00150558596943, -0.00059622421395, -1.41673235703e-05, -0.00418215850368, 0.011095540598, -0.00288990256377, 0.00140090612695, -0.000495767046232, -0.000206397889997, 0.000766603974625, -0.000243473783485], [-0.000614016549662, 0.00134893797804, -0.0011140096467, 0.00116362341214, -0.00230136560276, -0.000163127522683, -0.00288990256377, 0.0132021987811, -0.00272838817909, -0.00230305665173, 0.000953597016633, -0.00114656495862, 0.000686985848006], [0.000966247054748, -0.00169260625262, 0.00207138154656, -0.00229736836627, 0.00192948326003, 0.000306152011035, 0.00140090612695, -0.00272838817909, 0.0145033197477, -0.00260162889026, -0.000405865896028, 0.0014583314769, -0.00117619498633], [-0.000715449976269, 0.00226256414317, -0.00200483575463, 0.00181638915092, -0.00219534477219, -0.00105557194911, -0.000495767046232, -0.00230305665173, -0.00260162889026, 0.0150201302022, -0.00412166072056, -0.00191779457964, -0.00100736389868], [0.000999822863378, -0.00300961476751, 0.00269978679717, -0.00226926407777, 0.00221389019862, -0.00101562228519, -0.000206397889997, 0.000953597016633, -0.000405865896028, -0.00412166072056, 0.0182091370225, -0.00498873181641, 0.00161135429516], [-0.000455322820926, 0.00246163504198, -0.00147017987911, 0.00178941851482, -0.000969746673945, 0.000112456844363, 0.000766603974625, -0.00114656495862, 0.0014583314769, -0.00191779457964, -0.00498873181641, 0.0183270052075, -0.00549795245752], [0.00051213381812, -0.00176286022179, 0.00167776737362, -0.00132655352354, 0.00108886847738, -0.000133500681841, -0.000243473783485, 0.000686985848006, -0.00117619498633, -0.00100736389868, 0.00161135429516, -0.00549795245752, 0.0166701879352]]
    },
    "melbands": {
        "dmean": [0.000111420711619, 0.000273902493063, 0.000337557808962, 0.000398433214286, 0.000341413135175, 0.000235341853113, 0.000150462481542, 9.85055521596e-05, 0.000152249776875, 0.000109743865323, 7.74726795498e-05, 7.86977034295e-05, 5.66809030715e-05, 5.94302546233e-05, 3.80774072255e-05, 4.69777114631e-05, 5.87693975831e-05, 5.42161360499e-05, 3.99016680603e-05, 2.3228025384e-05, 2.41592060775e-05, 1.86050092452e-05, 1.65552919498e-05, 1.52631509991e-05, 1.070730832e-05, 8.60951240611e-06, 6.94495747666e-06, 6.55929488858e-06, 5.36823108632e-06, 3.58454076377e-06, 3.88112994187e-06, 3.01710201711e-06, 2.61041941485e-06, 2.19994103645e-06, 2.2254751002e-06, 1.23268728203e-06, 1.02296428395e-06, 8.80550203419e-07, 7.07426124791e-07, 5.61620822737e-07],
        "dmean2": [0.00019084190717, 0.00045406218851, 0.000553226040211, 0.000650711590424, 0.000523077032994, 0.000365812185919, 0.000227506854571, 0.000147810744238, 0.000234378079767, 0.000169437320437, 0.000120308490295, 0.000120384262118, 8.84123437572e-05, 9.41122561926e-05, 5.9432710259e-05, 7.44169083191e-05, 9.13300173124e-05, 8.54145619087e-05, 6.22825100436e-05, 3.82088437618e-05, 3.96654213546e-05, 3.0605988286e-05, 2.63157944573e-05, 2.42340720433e-05, 1.7266436771e-05, 1.44817986438e-05, 1.13434025479e-05, 1.06680654426e-05, 9.13254461921e-06, 5.93202412347e-06, 6.26096334599e-06, 4.89570129503e-06, 4.30463524026e-06, 3.48086382473e-06, 3.53127256858e-06, 1.9230194539e-06, 1.62362891842e-06, 1.41278144383e-06, 1.13319686079e-06, 8.94532036e-07],
        "dvar": [1.05164247088e-07, 7.64072808579e-07, 5.09563960804e-07, 5.75308661155e-07, 3.73361785933e-07, 2.03104519869e-07, 1.00211323684e-07, 4.71146499592e-08, 9.47138403262e-08, 5.94343028126e-08, 2.6378819129e-08, 2.51937688489e-08, 1.32789805818e-08, 1.49752210632e-08, 8.47418579752e-09, 1.09484066257e-08, 1.89803017747e-08, 1.18445102615e-08, 8.52488746261e-09, 2.23378826547e-09, 1.79945802703e-09, 1.55866930474e-09, 1.09564013417e-09, 9.5883267992e-10, 7.99062760404e-10, 3.03883751496e-10, 2.17206488906e-10, 2.90916929435e-10, 2.05456887614e-10, 7.41029460016e-11, 1.45806561269e-10, 7.52390372227e-11, 4.57990763369e-11, 3.31196146897e-11, 5.91355367452e-11, 1.07057487875e-11, 1.09128392087e-11, 8.06086621064e-12, 5.0275751444e-12, 3.89107886536e-12],
        "dvar2": [2.94115608312e-07, 1.96590644919e-06, 1.34395054374e-06, 1.53324151597e-06, 9.17180273063e-07, 4.87005308969e-07, 2.14468101944e-07, 9.90091351127e-08, 2.20505526727e-07, 1.38962249707e-07, 6.29535961139e-08, 5.61790649556e-08, 3.06856549059e-08, 3.57509151172e-08, 1.89980120524e-08, 2.42229063474e-08, 4.09220888287e-08, 2.6746366899e-08, 1.84598327735e-08, 5.69316815913e-09, 4.54778703585e-09, 4.05421296534e-09, 2.60292232213e-09, 2.37552777449e-09, 1.85798543217e-09, 8.13018652401e-10, 5.40292088846e-10, 7.09932668208e-10, 5.51586942787e-10, 1.86469062413e-10, 3.46246614713e-10, 1.70273364852e-10, 1.17609463834e-10, 8.13137057687e-11, 1.50682535893e-10, 2.27314469331e-11, 2.66363788665e-11, 2.01060106064e-11, 1.18243132299e-11, 9.49925468147e-12],
        "max": [0.00567785045132, 0.0267776120454, 0.0176383871585, 0.0108200693503, 0.0187263041735, 0.0151209998876, 0.00958331115544, 0.00761538697407, 0.0065772421658, 0.00703109800816, 0.00411532679573, 0.00372628029436, 0.00292981229722, 0.00397262489423, 0.00286359456368, 0.00329608097672, 0.00420154444873, 0.00221821921878, 0.00254435418174, 0.000939469318837, 0.000826613919344, 0.00116430514026, 0.000834602396935, 0.000741679687053, 0.00132320960984, 0.000353911833372, 0.000297609658446, 0.00041185633745, 0.00029094752972, 0.000191129132872, 0.000498087494634, 0.000374692579499, 0.00012634061568, 0.000140535659739, 0.000221890033572, 0.000108221080154, 0.000125300153741, 0.000106209881778, 7.37066729926e-05, 7.64575233916e-05],
        "mean": [0.000161091185873, 0.000406199571444, 0.000661988393404, 0.000728533719666, 0.000744188670069, 0.000487262645038, 0.000294601806672, 0.000185927943676, 0.000268988806056, 0.000211383128772, 0.000155191446538, 0.000144006917253, 0.00011081314733, 0.000109891072498, 6.98779040249e-05, 8.59827341628e-05, 0.000102708203485, 9.4797978818e-05, 7.56605586503e-05, 4.2729836423e-05, 4.42441050836e-05, 3.26812769345e-05, 2.93541743304e-05, 2.98220802506e-05, 2.07264492929e-05, 1.4986964743e-05, 1.30083280965e-05, 1.1302961866e-05, 7.8461062003e-06, 5.40561177331e-06, 5.5508389778e-06, 4.55488589068e-06, 3.97609210268e-06, 3.62759942618e-06, 3.63042295248e-06, 1.91706430996e-06, 1.40603924592e-06, 1.17104514175e-06, 8.63813454544e-07, 6.23283767709e-07],
        "median": [4.80518719996e-05, 0.000106584018795, 0.000258886633674, 0.000344463449437, 0.000386426108889, 0.000251030316576, 0.000139675612445, 8.072732453e-05, 0.000105935148895, 8.22362708277e-05, 6.90920569468e-05, 5.59773397981e-05, 4.15852628066e-05, 4.41475895059e-05, 2.88679402729e-05, 3.53608884325e-05, 3.72198301193e-05, 3.7447665818e-05, 3.21522784361e-05, 2.00589947781e-05, 2.23676797759e-05, 1.65921483131e-05, 1.41835371323e-05, 1.20236663861e-05, 8.64438334247e-06, 7.66349785408e-06, 5.57898601983e-06, 4.39492396254e-06, 3.1838119412e-06, 2.23296410695e-06, 2.01328316507e-06, 1.45790670558e-06, 1.22605672459e-06, 1.20816275739e-06, 1.02719127426e-06, 5.74410023546e-07, 4.1759435021e-07, 3.37177567644e-07, 1.96294095645e-07, 1.04758782982e-07],
        "min": [7.52797438686e-25, 9.5674628307e-25, 8.27277642444e-25, 5.67274215679e-25, 6.84920838868e-25, 1.17205304816e-24, 5.78115284581e-25, 1.45844998588e-24, 1.43606142313e-24, 1.21352109937e-24, 1.81380697456e-24, 1.64888002232e-24, 1.64306207454e-24, 1.45721946147e-24, 1.82708823676e-24, 1.96630423995e-24, 2.01970026247e-24, 1.6677188096e-24, 2.52288445998e-24, 1.7237620521e-24, 2.55678694067e-24, 2.71473937643e-24, 3.27339607558e-24, 2.6856558498e-24, 3.29385064721e-24, 3.01883559185e-24, 4.08688442941e-24, 3.88593986317e-24, 2.42150045087e-24, 3.90667349434e-24, 4.01843181322e-24, 3.9823698258e-24, 4.85323479427e-24, 4.22443495001e-24, 4.42144310032e-24, 4.55955647318e-24, 4.88202466743e-24, 5.38435709238e-24, 5.58289168855e-24, 5.2850237272e-24],
        "var": [1.5270187248e-07, 1.00039903828e-06, 1.24991220218e-06, 1.14878253044e-06, 1.37988979532e-06, 5.35188121376e-07, 2.37348189103e-07, 1.20252479974e-07, 2.18731599944e-07, 1.29635566282e-07, 7.51731974447e-08, 6.71690330023e-08, 4.20501287124e-08, 3.79243338955e-08, 2.09276240781e-08, 2.42873472445e-08, 4.14310363794e-08, 2.74812226309e-08, 2.22206342215e-08, 4.67971084106e-09, 4.57668969389e-09, 2.62819210839e-09, 2.11641704162e-09, 2.25905072426e-09, 1.58845181453e-09, 4.69587424501e-10, 4.29226626464e-10, 5.12325015745e-10, 2.23377510933e-10, 1.02267562474e-10, 1.91448662479e-10, 1.19190060599e-10, 6.32187358018e-11, 5.24048235362e-11, 9.12104974882e-11, 1.8868368673e-11, 1.28787111184e-11, 8.78611766675e-12, 5.47826150762e-12, 3.73131733844e-12]
    },
    "mfcc": {
        "mean": [-668.620910645, 99.5965957642, -18.0773048401, 13.2996635437, -3.65762448311, 0.873382627964, -9.80927562714, -1.96433126926, -7.68386077881, -1.16037774086, -5.84944343567, -4.97703695297, -5.45104503632],
        "cov": [[27626.1171875, 4660.79345703, -1126.4029541, 658.970397949, -274.79284668, 31.5406665802, -571.65057373, -126.09967041, -504.154968262, -64.9107131958, -335.296844482, -367.794158936, -368.822998047], [4660.79345703, 2205.99926758, -206.021575928, 232.910568237, -20.5995349884, -65.0321350098, -98.6278381348, -31.3013973236, -106.504821777, -17.2132720947, -95.2341384888, -45.9763183594, -80.8350982666], [-1126.4029541, -206.021575928, 752.611022949, 106.132247925, 80.2495117188, -12.2730083466, -1.53025054932, -41.2505187988, 23.1049365997, -35.1993255615, -9.37066268921, 22.292098999, 13.7623672485], [658.970397949, 232.910568237, 106.132247925, 266.509399414, 61.1447257996, 2.63361740112, -26.8410205841, -4.47524929047, -16.2444915771, 9.65125656128, -24.8486671448, -23.0107803345, -6.20815706253], [-274.79284668, -20.5995349884, 80.2495117188, 61.1447257996, 153.594146729, 1.17128396034, 8.4966583252, -6.33641242981, 17.6226654053, 1.88771641254, 7.25066661835, -3.73366379738, 8.56489658356], [31.5406665802, -65.0321350098, -12.2730083466, 2.63361740112, 1.17128396034, 116.832633972, 34.6978797913, 13.7305011749, 7.34084892273, 10.8052854538, 7.90257072449, 4.47777462006, 1.19855415821], [-571.65057373, -98.6278381348, -1.53025054932, -26.8410205841, 8.4966583252, 34.6978797913, 153.679122925, 26.3442802429, 30.797077179, 16.4871101379, 20.2412014008, 18.1891918182, 22.9650363922], [-126.09967041, -31.3013973236, -41.2505187988, -4.47524929047, -6.33641242981, 13.7305011749, 26.3442802429, 85.3515396118, 12.175989151, 9.04070949554, 10.7529592514, 0.302486270666, 2.97162032127], [-504.154968262, -106.504821777, 23.1049365997, -16.2444915771, 17.6226654053, 7.34084892273, 30.797077179, 12.175989151, 104.261169434, 20.294670105, 5.4101190567, 14.6909065247, 12.803850174], [-64.9107131958, -17.2132720947, -35.1993255615, 9.65125656128, 1.88771641254, 10.8052854538, 16.4871101379, 9.04070949554, 20.294670105, 87.0854873657, 14.341378212, -3.25956535339, -3.6846344471], [-335.296844482, -95.2341384888, -9.37066268921, -24.8486671448, 7.25066661835, 7.90257072449, 20.2412014008, 10.7529592514, 5.4101190567, 14.341378212, 79.4042663574, 26.1273002625, 8.65220928192], [-367.794158936, -45.9763183594, 22.292098999, -23.0107803345, -3.73366379738, 4.47777462006, 18.1891918182, 0.302486270666, 14.6909065247, -3.25956535339, 26.1273002625, 77.2329177856, 29.6176567078], [-368.822998047, -80.8350982666, 13.7623672485, -6.20815706253, 8.56489658356, 1.19855415821, 22.9650363922, 2.97162032127, 12.803850174, -3.6846344471, 8.65220928192, 29.6176567078, 74.8768157959]],
