{
"lowlevel": {
    "average_loudness": 0.891024231911,
    "barkbands_crest": {
        "dmean": 2.26423311234,
        "dmean2": 3.69413781166,
        "dvar": 4.14774656296,
        "dvar2": 10.1122274399,
        "max": 25.4119358063,
        "mean": 9.65625762939,
        "median": 8.8545627594,
        "min": 2.06125879288,
        "var": 15.6063194275
    },
    "barkbands_flatness_db": {
        "dmean": 0.0171366631985,
        "dmean2": 0.027079237625,
        "dvar": 0.000248846423347,
        "dvar2": 0.000558576430194,
        "max": 0.368926584721,
        "mean": 0.166470468044,
        "median": 0.16059191525,
        "min": 0.0319877080619,
        "var": 0.00196563731879
    },
    "barkbands_kurtosis": {
        "dmean": 2.09208226204,
        "dmean2": 3.29590535164,
        "dvar": 10.8437833786,
        "dvar2": 25.9200954437,
        "max": 80.9334945679,
        "mean": 4.06301736832,
        "median": 2.27553701401,
        "min": -1.9176864624,
        "var": 36.4644737244
    },
    "barkbands_skewness": {
        "dmean": 0.401419311762,
        "dmean2": 0.615276753902,
        "dvar": 0.163028001785,
        "dvar2": 0.358395248652,
        "max": 7.16240930557,
        "mean": 1.26612758636,
        "median": 1.20107114315,
        "min": -3.02170157433,
        "var": 1.14701318741
    },
    "barkbands_spread": {
        "dmean": 3.35447692871,
        "dmean2": 5.14823913574,
        "dvar": 25.3238811493,
        "dvar2": 47.0358657837,
        "max": 92.9063568115,
        "mean": 14.720459938,
        "median": 12.4099550247,
        "min": 0.99915099144,
        "var": 111.386291504
    },
    "dissonance": {
        "dmean": 0.0256552640349,
        "dmean2": 0.0434804335237,
        "dvar": 0.000550489115994,
        "dvar2": 0.00151005573571,
        "max": 0.500000059605,
        "mean": 0.447371572256,
        "median": 0.453582257032,
        "min": 0.245037525892,
        "var": 0.0012586255325
    },
    "dynamic_complexity": 3.60440135002,
    "erbbands_crest": {
        "dmean": 2.77683591843,
        "dmean2": 4.43010759354,
        "dvar": 6.47679233551,
        "dvar2": 15.2113819122,
        "max": 32.9371032715,
        "mean": 11.2112417221,
        "median": 9.85040187836,
        "min": 2.39101529121,
        "var": 30.4934577942
    },
    "erbbands_flatness_db": {
        "dmean": 0.0153269814327,
        "dmean2": 0.0224295780063,
        "dvar": 0.000219545181608,
        "dvar2": 0.000415154267102,
        "max": 0.380803972483,
        "mean": 0.203137725592,
        "median": 0.20169736445,
        "min": 0.051920954138,
        "var": 0.00198212638497
    },
    "erbbands_kurtosis": {
        "dmean": 1.2465031147,
        "dmean2": 1.96059584618,
        "dvar": 4.65176486969,
        "dvar2": 11.4107980728,
        "max": 77.1618270874,
        "mean": 1.77726578712,
        "median": 0.735011339188,
        "min": -1.81615996361,
        "var": 16.4418029785
    },
    "erbbands_skewness": {
        "dmean": 0.344428956509,
        "dmean2": 0.539072334766,
        "dvar": 0.110892795026,
        "dvar2": 0.245681345463,
        "max": 7.18049669266,
        "mean": 0.774367630482,
        "median": 0.722624838352,
        "min": -4.79562091827,
        "var": 0.595596730709
    },
    "erbbands_spread": {
        "dmean": 5.5136051178,
        "dmean2": 8.16127490997,
        "dvar": 49.2924728394,
        "dvar2": 95.1214447021,
        "max": 121.642105103,
        "mean": 27.4442481995,
        "median": 23.9739246368,
        "min": 1.1108070612,
        "var": 267.501342773
    },
    "hfc": {
        "dmean": 4.22931909561,
        "dmean2": 6.18034410477,
        "dvar": 29.0313396454,
        "dvar2": 58.8109588623,
        "max": 152.682357788,
        "mean": 18.959936142,
        "median": 15.8273773193,
        "min": 1.20359186345e-16,
        "var": 233.409072876
    },
    "melbands_crest": {
        "dmean": 2.81049871445,
        "dmean2": 4.6045384407,
        "dvar": 6.15281152725,
        "dvar2": 15.7153081894,
        "max": 32.6585693359,
        "mean": 12.2098350525,
        "median": 11.2952833176,
        "min": 2.17223477364,
        "var": 23.0719070435
    },
    "melbands_flatness_db": {
        "dmean": 0.0185411646962,
        "dmean2": 0.0283549800515,
        "dvar": 0.000342456478393,
        "dvar2": 0.000716423557606,
        "max": 0.429277896881,
        "mean": 0.20711427927,
        "median": 0.204192504287,
        "min": 0.00692076422274,
        "var": 0.00325995241292
    },
    "melbands_kurtosis": {
        "dmean": 3.47271490097,
        "dmean2": 5.46407365799,
        "dvar": 34.9852180481,
        "dvar2": 84.7056045532,
        "max": 142.492050171,
        "mean": 7.77713298798,
        "median": 4.78295087814,
        "min": -1.87339532375,
        "var": 97.5634155273
    },
    "melbands_skewness": {
        "dmean": 0.474694848061,
        "dmean2": 0.72653234005,
        "dvar": 0.251727551222,
        "dvar2": 0.563354313374,
        "max": 9.5281457901,
        "mean": 1.72624075413,
        "median": 1.63629591465,
        "min": -2.56590032578,
        "var": 1.59083676338
    },
    "melbands_spread": {
        "dmean": 4.42605113983,
        "dmean2": 6.77848720551,
        "dvar": 53.5554084778,
        "dvar2": 90.7041625977,
        "max": 223.292221069,
        "mean": 19.001947403,
        "median": 16.1266994476,
        "min": 1.20224118233,
        "var": 243.636901855
    },
    "pitch_salience": {
        "dmean": 0.0597310848534,
        "dmean2": 0.0972664579749,
        "dvar": 0.00273954938166,
        "dvar2": 0.00693698367104,
        "max": 0.985986769199,
        "mean": 0.576036930084,
        "median": 0.578150808811,
        "min": 0.163722962141,
        "var": 0.0122769093141
    },
    "silence_rate_20dB": {
        "dmean": 0,
        "dmean2": 0,
        "dvar": 0,
        "dvar2": 0,
        "max": 1,
        "mean": 1,
        "median": 1,
        "min": 1,
        "var": 0
    },
    "silence_rate_30dB": {
        "dmean": 0.000502386363223,
        "dmean2": 0.00100489892066,
        "dvar": 0.000502121867612,
        "dvar2": 0.00125506543554,
        "max": 1,
        "mean": 0.99962323904,
        "median": 1,
        "min": 0,
        "var": 0.00037667984725
    },
    "silence_rate_60dB": {
        "dmean": 0.0110524995252,
        "dmean2": 0.0221077762544,
        "dvar": 0.010930259712,
        "dvar2": 0.025386929512,
        "max": 1,
        "mean": 0.0552555583417,
        "median": 0,
        "min": 0,
        "var": 0.0522012598813
    },
    "spectral_centroid": {
        "dmean": 158.768249512,
        "dmean2": 240.968490601,
        "dvar": 53525.140625,
        "dvar2": 90008.125,
        "max": 10836.1601562,
        "mean": 1045.74829102,
        "median": 921.208312988,
        "min": 211.380142212,
        "var": 309147.90625
    },
    "spectral_complexity": {
        "dmean": 2.48580765724,
        "dmean2": 4.02361536026,
        "dvar": 5.46499490738,
        "dvar2": 13.5213251114,
        "max": 47,
        "mean": 16.8381271362,
        "median": 17,
        "min": 0,
        "var": 55.1328201294
    },
    "spectral_decrease": {
        "dmean": 1.54533885688e-09,
        "dmean2": 2.40700548382e-09,
        "dvar": 3.54182153324e-18,
        "dvar2": 8.5545364589e-18,
        "max": 1.95853323001e-29,
        "mean": -6.35992947196e-09,
        "median": -5.67634206305e-09,
        "min": -4.5520206271e-08,
        "var": 1.99043478182e-17
    },
    "spectral_energy": {
        "dmean": 0.0061389086768,
        "dmean2": 0.00953982211649,
        "dvar": 5.48046446056e-05,
        "dvar2": 0.000131893888465,
        "max": 0.175457507372,
        "mean": 0.0257235746831,
        "median": 0.0229391157627,
        "min": 1.08430227426e-20,
        "var": 0.000321445200825
    },
    "spectral_energyband_high": {
        "dmean": 0.000174267639522,
        "dmean2": 0.000230854682741,
        "dvar": 2.53120902016e-07,
        "dvar2": 3.69327892713e-07,
        "max": 0.021320939064,
        "mean": 0.00047116438509,
        "median": 0.000195419037482,
        "min": 7.49611669832e-21,
        "var": 1.11338408715e-06
    },
    "spectral_energyband_low": {
        "dmean": 0.00131721014623,
        "dmean2": 0.00213409704156,
        "dvar": 4.74987473353e-06,
        "dvar2": 1.19838277897e-05,
        "max": 0.0353661291301,
        "mean": 0.00303044496104,
        "median": 0.0020577844698,
        "min": 7.32470350925e-23,
        "var": 1.12757061288e-05
    },
    "spectral_energyband_middle_high": {
        "dmean": 0.00200968771242,
        "dmean2": 0.00302922422998,
        "dvar": 1.1757176253e-05,
        "dvar2": 2.56825005636e-05,
        "max": 0.0860455706716,
        "mean": 0.00687987403944,
        "median": 0.00357015617192,
        "min": 1.67205392371e-21,
        "var": 7.8832366853e-05
    },
    "spectral_energyband_middle_low": {
        "dmean": 0.00506753893569,
        "dmean2": 0.00794311054051,
        "dvar": 4.70380182378e-05,
        "dvar2": 0.000114200614917,
        "max": 0.168771788478,
        "mean": 0.0165846180171,
        "median": 0.0131066180766,
        "min": 2.63554187518e-22,
        "var": 0.000202705195989
    },
    "spectral_entropy": {
        "dmean": 0.144208580256,
        "dmean2": 0.212320491672,
        "dvar": 0.021860698238,
        "dvar2": 0.0405700579286,
        "max": 9.79864501953,
        "mean": 7.25651788712,
        "median": 7.25482702255,
        "min": 5.32691287994,
        "var": 0.196920543909
    },
    "spectral_flux": {
        "dmean": 0.0186727643013,
        "dmean2": 0.0302228480577,
        "dvar": 0.000385387334973,
        "dvar2": 0.000950951536652,
        "max": 0.397438108921,
        "mean": 0.0772800520062,
        "median": 0.0739249289036,
        "min": 1.04129836698e-10,
        "var": 0.00144678598735
    },
    "spectral_kurtosis": {
        "dmean": 2.33187603951,
        "dmean2": 3.99566888809,
        "dvar": 6.52737760544,
        "dvar2": 19.1823711395,
        "max": 44.6562576294,
        "mean": 5.65591001511,
        "median": 4.74326992035,
        "min": -1.22485876083,
        "var": 17.2066173553
    },
    "spectral_rms": {
        "dmean": 0.000576186925173,
        "dmean2": 0.000885777524672,
        "dvar": 3.34170550786e-07,
        "dvar2": 7.45208183162e-07,
        "max": 0.0130835026503,
        "mean": 0.00465249922127,
        "median": 0.00473071075976,
        "min": 3.25246969114e-12,
        "var": 3.45044509231e-06
    },
    "spectral_rolloff": {
        "dmean": 269.892578125,
        "dmean2": 441.005310059,
        "dvar": 402317.28125,
        "dvar2": 716101.1875,
        "max": 19573.6816406,
        "mean": 1216.69274902,
        "median": 947.4609375,
        "min": 107.666015625,
        "var": 1314795.25
    },
    "spectral_skewness": {
        "dmean": 0.266094058752,
        "dmean2": 0.43145981431,
        "dvar": 0.0622781142592,
        "dvar2": 0.155159056187,
        "max": 4.75967359543,
        "mean": 1.71292042732,
        "median": 1.66481804848,
        "min": -0.332814633846,
        "var": 0.316119939089
    },
    "spectral_spread": {
        "dmean": 347055.75,
        "dmean2": 494735,
        "dvar": 276532559872,
        "dvar2": 384197394432,
        "max": 41241116,
        "mean": 3605614.25,
        "median": 3352869.5,
        "min": 1305557.125,
        "var": 1.5111281705e+12
    },
    "spectral_strongpeak": {
        "dmean": 0.617435336113,
        "dmean2": 1.0126427412,
        "dvar": 0.672884583473,
        "dvar2": 1.64690458775,
        "max": 11.4478940964,
        "mean": 1.59764099121,
        "median": 1.02323901653,
        "min": 0,
        "var": 2.62327694893
    },
    "zerocrossingrate": {
        "dmean": 0.00637899385765,
        "dmean2": 0.00734225101769,
        "dvar": 0.000111420522444,
        "dvar2": 0.000102074998722,
        "max": 0.50830078125,
        "mean": 0.0493100918829,
        "median": 0.04296875,
        "min": 0.0068359375,
        "var": 0.000898761267308
    },
    "barkbands": {
        "dmean": [4.12838817283e-05, 0.000664576306008, 0.000593722856138, 0.00102583190892, 0.00190512475092, 0.00141708261799, 0.00142410618719, 0.00107908004429, 0.00124686677009, 0.00100029841997, 0.000817850173917, 0.000495099637192, 0.000416957249399, 0.000368323730072, 0.000208009776543, 0.000137471841299, 0.000123114878079, 0.00010239637777, 8.53337405715e-05, 6.00953790126e-05, 6.4536674472e-05, 4.80981179862e-05, 4.58235299448e-05, 2.73628502327e-05, 9.19021567825e-06, 1.30865305437e-06, 3.81565623542e-09],
        "dmean2": [7.17901129974e-05, 0.00110494089313, 0.000976811512373, 0.0016793939285, 0.00307973264717, 0.00222768308595, 0.00223498395644, 0.00168885441963, 0.00189115689136, 0.0015348297311, 0.0012703492539, 0.000765054370277, 0.000648103188723, 0.000590700132307, 0.000337932637194, 0.000215856533032, 0.000202834809897, 0.000165908350027, 0.000133414709126, 9.48735978454e-05, 0.00010053961887, 6.83578764438e-05, 6.48253626423e-05, 3.71012793039e-05, 1.28400652102e-05, 1.92449965652e-06, 6.73529676476e-09],
        "dvar": [5.13708053873e-09, 1.45613887526e-06, 1.41692976285e-06, 5.86194391872e-06, 1.18113875942e-05, 5.55981478101e-06, 6.91414015819e-06, 6.09779272054e-06, 1.14563199531e-05, 6.56399788568e-06, 5.95203800913e-06, 1.40814267979e-06, 1.22787639611e-06, 6.9046865292e-07, 2.21790287469e-07, 1.43470785474e-07, 4.55636026686e-08, 7.17497385949e-08, 2.88591426312e-08, 1.20630145872e-08, 2.21733422734e-08, 2.88355881395e-08, 3.94410442084e-08, 1.01233812444e-08, 9.96252524921e-10, 1.29840756202e-11, 3.74229161674e-16],
        "dvar2": [1.42431542116e-08, 3.76886191589e-06, 3.67886650565e-06, 1.55840898515e-05, 2.95302888844e-05, 1.23478002934e-05, 1.62374908541e-05, 1.43068909892e-05, 2.53122325375e-05, 1.45013109432e-05, 1.35122891152e-05, 2.93877405966e-06, 2.66620145339e-06, 1.59859939686e-06, 5.42463681086e-07, 2.83271845092e-07, 1.21105543371e-07, 1.85004935815e-07, 6.75533655681e-08, 2.82073546742e-08, 4.85480846635e-08, 5.30437063162e-08, 7.54697637717e-08, 1.71861671561e-08, 1.68018210456e-09, 2.79884154047e-11, 9.99861937257e-16],
        "max": [0.00110264040995, 0.0224395766854, 0.0234458707273, 0.0800058543682, 0.0786586403847, 0.043974198401, 0.0688415914774, 0.0740472897887, 0.0846760049462, 0.0659465119243, 0.0845485255122, 0.0359061360359, 0.0360758416355, 0.0268400795758, 0.0105486977845, 0.0154384952039, 0.00375500950031, 0.0122972931713, 0.00343597168103, 0.00221073115245, 0.0055311745964, 0.00558794988319, 0.00947038829327, 0.00391628965735, 0.0013891964918, 0.000101982725027, 5.69510746118e-07],
        "mean": [5.12371516379e-05, 0.00123073684517, 0.00101662357338, 0.00169371371157, 0.00348158599809, 0.0031441047322, 0.00288305175491, 0.00211828085594, 0.0022370798979, 0.00205951137468, 0.00175052077975, 0.000939033867326, 0.00066083582351, 0.000652983319014, 0.000377861433662, 0.000281879561953, 0.000242250651354, 0.000205392978387, 0.000165990917594, 0.000124825164676, 0.000141394222737, 9.72649795585e-05, 9.33417322813e-05, 5.41694535059e-05, 1.77257279574e-05, 2.19744720198e-06, 2.93749158331e-09],
        "median": [1.94265339815e-05, 0.000831464771181, 0.000438617513282, 0.000568944495171, 0.00195843842812, 0.00161601090804, 0.00134072452784, 0.000555953301955, 0.000486236996949, 0.00041416528984, 0.000329040922225, 0.000281136424746, 0.000178205955308, 0.000213598861592, 0.0001421936322, 9.71481276792e-05, 0.000114473070425, 7.01265817042e-05, 8.46153125167e-05, 5.75350713916e-05, 6.17870900896e-05, 2.57892661466e-05, 2.14968804357e-05, 1.20931308629e-05, 3.85466501029e-06, 5.31071066234e-07, 4.14063644483e-10],
        "min": [1.92510112768e-23, 2.4850783011e-23, 2.25416782786e-23, 2.96640257128e-23, 1.71676611805e-23, 7.54911361086e-23, 1.12576099419e-23, 2.02251061889e-23, 7.18917215703e-23, 5.88292704524e-23, 1.92327923764e-22, 7.83242574745e-23, 1.81447348314e-22, 1.58926063667e-22, 1.61533002835e-22, 1.83168264156e-22, 1.28616071314e-22, 2.45151817026e-22, 2.33478922305e-22, 2.86408510306e-22, 4.60439606856e-22, 5.85323179641e-22, 7.51445775223e-22, 9.33690314813e-22, 7.92836865158e-22, 1.76642945587e-21, 2.28003227978e-21],
        "var": [6.55066223487e-09, 2.4429266432e-06, 2.74681951851e-06, 1.01677123894e-05, 2.34058115893e-05, 1.87663499673e-05, 2.2058327886e-05, 2.47758052865e-05, 2.9870590879e-05, 2.80420190393e-05, 2.98324157484e-05, 4.55307781522e-06, 2.50087919085e-06, 1.67136181517e-06, 4.98826068451e-07, 5.47952083707e-07, 1.21007374787e-07, 2.75493704294e-07, 6.25635578899e-08, 3.43532917668e-08, 6.53341487578e-08, 9.03525574358e-08, 1.21861830849e-07, 3.28677849382e-08, 2.70045430462e-09, 2.67037936902e-11, 2.88586957396e-16]
    },
    "erbbands": {
        "dmean": [0.0168661363423, 0.167620643973, 0.568087220192, 1.98848319054, 5.90230226517, 6.01874446869, 9.14004611969, 11.3725090027, 19.5860366821, 20.6181545258, 23.4378795624, 25.3409156799, 33.6837921143, 24.2146244049, 28.7473564148, 18.9041862488, 17.8493614197, 18.3585205078, 12.0212144852, 8.93525028229, 6.6561870575, 6.0287437439, 5.30408239365, 4.78191041946, 3.33823728561, 2.70987844467, 2.84844040871, 2.27065062523, 1.77439320087, 1.49328351021, 1.3041074276, 0.747901499271, 0.407668620348, 0.149357765913, 0.0429653562605, 0.00974912662059, 0.00166726263706, 7.55038126954e-05, 4.93245397593e-06, 7.17673992767e-06],
        "dmean2": [0.028289059177, 0.277310848236, 0.935101985931, 3.24458122253, 9.64259719849, 9.82953548431, 14.2013111115, 18.1222743988, 31.0973033905, 32.1725730896, 35.9462890625, 38.2217521667, 51.5724411011, 36.8462982178, 43.7379455566, 29.1579113007, 27.3508663177, 29.0163917542, 18.9925823212, 14.2676124573, 10.5620040894, 9.82813072205, 8.59167766571, 7.32810544968, 5.30946159363, 4.24883699417, 4.48980855942, 3.47838878632, 2.55511426926, 2.07890129089, 1.86216640472, 1.01058721542, 0.590852022171, 0.208224236965, 0.0615060813725, 0.0139902532101, 0.00243679597043, 0.000103693942947, 7.01050112184e-06, 1.10281753223e-05],
        "dvar": [0.000976650859229, 0.0925563722849, 1.14898359776, 16.9447879791, 240.193099976, 113.727676392, 279.221984863, 442.983856201, 1511.34326172, 1713.68554688, 3241.92797852, 5156.36474609, 7506.27050781, 4365.12109375, 7888.43115234, 1568.13305664, 2307.04174805, 1805.60961914, 710.538330078, 489.220306396, 242.293502808, 134.243164062, 266.322265625, 115.062705994, 47.7379379272, 25.1815814972, 32.9339942932, 34.9404296875, 37.3485794067, 36.9441070557, 36.4228858948, 8.85652351379, 2.52874445915, 0.307102262974, 0.0179461725056, 0.000775463820901, 3.16000223393e-05, 4.03399894822e-07, 1.3507799046e-10, 7.14328249329e-11],
        "dvar2": [0.00264638313092, 0.235133990645, 2.99960565567, 44.7511100769, 605.467956543, 283.394836426, 645.829711914, 963.580688477, 3652.2644043, 3993.33374023, 7170.50244141, 11476.3613281, 17203.765625, 9203.671875, 17058.3007812, 3468.54174805, 5089.40429688, 4116.71435547, 1703.39233398, 1097.42016602, 483.21307373, 358.044647217, 753.224853516, 250.928192139, 115.542617798, 57.542301178, 75.8454284668, 71.0562515259, 72.1840744019, 67.3366775513, 77.2321929932, 15.7370643616, 5.01969003677, 0.537324726582, 0.0338863730431, 0.00161826447584, 6.47015185677e-05, 6.84275903495e-07, 2.31528268779e-10, 1.6940351899e-10],
        "max": [0.455284148455, 5.78168678284, 19.150396347, 120.794944763, 460.264984131, 277.493438721, 328.545257568, 460.309783936, 943.476745605, 1402.60559082, 2408.28588867, 2091.18286133, 2594.04125977, 2284.92407227, 2817.89941406, 1292.05859375, 1662.17797852, 1601.2388916, 654.9375, 700.791748047, 657.446655273, 264.471405029, 810.414611816, 352.630615234, 167.987854004, 104.195854187, 180.293930054, 259.718414307, 181.089889526, 236.009521484, 324.750091553, 136.461257935, 41.7285079956, 23.4132442474, 4.46127748489, 0.725762367249, 0.23486019671, 0.0529908761382, 0.000822678615805, 0.000192876963411],
        "mean": [0.0304035190493, 0.298739552498, 1.03484046459, 3.6823682785, 9.36826133728, 10.8832807541, 20.8312511444, 23.7226715088, 39.4107666016, 42.8196372986, 48.3402862549, 47.305316925, 76.7214279175, 54.5730361938, 64.630279541, 39.6549873352, 32.5982589722, 35.2083511353, 23.4906692505, 18.2614326477, 15.2018909454, 12.8931951523, 11.3951072693, 10.4159755707, 7.04213237762, 5.88066625595, 6.05394744873, 4.9165930748, 3.53306031227, 3.03174471855, 2.58820366859, 1.46791887283, 0.781877577305, 0.288702279329, 0.0822946131229, 0.0178621150553, 0.00285179982893, 0.000117726653116, 1.86059696716e-05, 3.09988172376e-05],
        "median": [0.0201706904918, 0.183572351933, 0.552056252956, 1.59919881821, 3.46156382561, 6.20557069778, 9.13426494598, 12.0450906754, 17.9889392853, 18.4219760895, 14.4716434479, 12.6531486511, 15.2493629456, 14.3205890656, 14.6116981506, 13.7039012909, 11.1409339905, 12.6029405594, 9.49743747711, 7.41126155853, 6.94342756271, 5.80186986923, 4.0742430687, 4.82130718231, 3.76017665863, 2.83935761452, 2.75968003273, 2.06445550919, 1.02618169785, 0.667271196842, 0.584874987602, 0.360547155142, 0.161805346608, 0.0619759000838, 0.0166446696967, 0.00500991893932, 0.000320865423419, 1.40497713801e-05, 1.55480647663e-05, 2.82522323687e-05],
        "min": [6.29120181741e-22, 6.09488485755e-21, 2.78023966491e-20, 6.14829778379e-20, 7.53599601269e-20, 5.40827874334e-20, 2.62824800616e-19, 7.25709591329e-19, 2.71530101082e-19, 2.33020423321e-19, 5.88883681653e-19, 1.19806027508e-18, 2.74617573397e-18, 2.20210285595e-18, 8.15503634718e-18, 4.90567155054e-18, 7.5071769109e-18, 7.62189114543e-18, 1.11059394896e-17, 7.15960554367e-18, 9.69632529127e-18, 7.13718150445e-18, 1.24261032036e-17, 1.62436749066e-17, 7.66867399933e-18, 1.41351948339e-17, 1.92316663461e-17, 1.86263008322e-17, 2.09331950641e-17, 2.00840164103e-17, 2.26390416649e-17, 1.44173411778e-17, 1.95012031487e-17, 9.60892952365e-18, 5.42880414457e-18, 6.23038682589e-18, 3.14741354537e-18, 1.19823108788e-18, 3.07500903048e-19, 3.60510998786e-20],
        "var": [0.00144084356725, 0.157279297709, 2.19078493118, 35.0238456726, 350.117614746, 273.540161133, 1005.48901367, 1311.64526367, 4347.70019531, 5803.19433594, 14132.6083984, 12572.5166016, 38434.5546875, 18680.0175781, 36285.1875, 6181.27099609, 5235.29101562, 4701.70703125, 1689.54602051, 1298.04345703, 1003.54052734, 360.876342773, 758.227722168, 361.539215088, 105.268554688, 75.2913818359, 93.8126449585, 106.577575684, 108.684562683, 115.201560974, 100.099029541, 28.4597587585, 6.75381946564, 0.818474888802, 0.0502736344934, 0.00163768441416, 8.99891965673e-05, 5.93215190747e-07, 3.6002503756e-10, 4.45224468404e-10]
    },
    "gfcc": {
        "mean": [-29.0812320709, 127.461578369, -142.739181519, 30.4905948639, -76.5538253784, 11.872130394, -38.1416511536, -0.553826153278, -18.6892604828, -5.14054679871, -4.90235948563, -9.561211586, -0.140875563025],
        "cov": [[6043.16455078, -412.089324951, -256.177947998, 49.3258285522, -311.319122314, 44.5332298279, -55.9269142151, 148.860168457, -114.313552856, 101.370010376, -163.481109619, -14.8606128693, -143.366165161], [-412.089324951, 1116.39294434, 206.308410645, -68.440788269, 184.875, -204.546524048, 125.710983276, -106.894470215, 106.91443634, -136.884429932, 142.680343628, -128.506744385, 80.3965759277], [-256.177947998, 206.308410645, 831.726074219, 217.77003479, -28.7592754364, 50.2523193359, -34.9626083374, 14.3197641373, -27.5559120178, 34.4650650024, -33.300655365, 49.1092453003, -23.6654682159], [49.3258285522, -68.440788269, 217.77003479, 286.429443359, -39.3596229553, 36.8744316101, -32.6430740356, -25.6966705322, 19.0224933624, 11.8314208984, -6.51991415024, -1.88873374462, -6.02976417542], [-311.319122314, 184.875, -28.7592754364, -39.3596229553, 212.633926392, 2.79069876671, 31.5154571533, 30.805770874, -3.40923190117, 13.2016706467, 14.4575948715, 4.78574609756, 6.2368888855], [44.5332298279, -204.546524048, 50.2523193359, 36.8744316101, 2.79069876671, 230.431900024, 56.7913360596, 66.0363922119, -41.3027114868, 43.0470237732, -1.24375581741, 40.734249115, 7.33077764511], [-55.9269142151, 125.710983276, -34.9626083374, -32.6430740356, 31.5154571533, 56.7913360596, 182.330505371, 37.0751609802, -11.2553291321, -9.9792804718, 36.5702095032, -8.44713878632, 27.5245075226], [148.860168457, -106.894470215, 14.3197641373, -25.6966705322, 30.805770874, 66.0363922119, 37.0751609802, 161.474807739, -1.15962648392, 48.4601097107, -16.6135845184, 46.1181030273, 1.05142641068], [-114.313552856, 106.91443634, -27.5559120178, 19.0224933624, -3.40923190117, -41.3027114868, -11.2553291321, -1.15962648392, 126.829856873, -4.08207988739, 30.6533317566, -28.8096752167, 17.9019756317], [101.370010376, -136.884429932, 34.4650650024, 11.8314208984, 13.2016706467, 43.0470237732, -9.9792804718, 48.4601097107, -4.08207988739, 137.50100708, -0.828143894672, 41.1732597351, -21.2413825989], [-163.481109619, 142.680343628, -33.300655365, -6.51991415024, 14.4575948715, -1.24375581741, 36.5702095032, -16.6135845184, 30.6533317566, -0.828143894672, 136.043319702, -4.77739048004, 36.3525772095], [-14.8606128693, -128.506744385, 49.1092453003, -1.88873374462, 4.78574609756, 40.734249115, -8.44713878632, 46.1181030273, -28.8096752167, 41.1732597351, -4.77739048004, 115.082923889, 7.59672784805], [-143.366165161, 80.3965759277, -23.6654682159, -6.02976417542, 6.2368888855, 7.33077764511, 27.5245075226, 1.05142641068, 17.9019756317, -21.2413825989, 36.3525772095, 7.59672784805, 102.64793396]],
        "icov": [[0.000250095239608, -0.000461702293251, 0.00041349476669, -0.000343050312949, 0.000792531180196, -0.000247476011282, 0.000343302905094, -0.000571633048821, 0.00054242805345, -0.000389750552131, 0.000397032999899, -8.84888650035e-05, 0.000360106991138], [-0.000461702293251, 0.00546380830929, -0.00342386309057, 0.00259810080752, -0.00533019704744, 0.00375797855668, -0.00381217617542, 0.00296605657786, -0.00343439192511, 0.003049881896, -0.00350720598362, 0.00302130053751, -0.00226512737572], [0.00041349476669, -0.00342386309057, 0.00380536611192, -0.0029459965881, 0.00355223938823, -0.00225145928562, 0.00243845465593, -0.00224126828834, 0.00266801635735, -0.00202405033633, 0.00239623198286, -0.00233757658862, 0.00171773310285], [-0.000343050312949, 0.00259810080752, -0.0029459965881, 0.00625105528161, -0.00225164694712, 0.000490778766107, -0.00120975903701, 0.00275388848968, -0.00307294097729, 0.0012326996075, -0.00156843988225, 0.00174866162706, -0.00121102819685], [0.000792531180196, -0.00533019704744, 0.00355223938823, -0.00225164694712, 0.0108230607584, -0.00319324829616, 0.00314424862154, -0.00427599111572, 0.00404057651758, -0.00364144123159, 0.00310516869649, -0.00249082641676, 0.00236591906287], [-0.000247476011282, 0.00375797855668, -0.00225145928562, 0.000490778766107, -0.00319324829616, 0.00878927670419, -0.00430162530392, 6.78560973029e-05, -0.000306128174998, 0.000892034498975, -0.00251172226854, 0.00144662859384, -0.00203971075825], [0.000343302905094, -0.00381217617542, 0.00243845465593, -0.00120975903701, 0.00314424862154, -0.00430162530392, 0.010031898506, -0.0038874160964, 0.00348685705103, -0.00114642269909, 0.000486816134071, -0.000311893003527, 0.000427713006502], [-0.000571633048821, 0.00296605657786, -0.00224126828834, 0.00275388848968, -0.00427599111572, 6.78560973029e-05, -0.0038874160964, 0.0114300344139, -0.00437001744285, -0.00015460375289, 6.73889235259e-06, -0.00141392590012, -0.00146376062185], [0.00054242805345, -0.00343439192511, 0.00266801635735, -0.00307294097729, 0.00404057651758, -0.000306128174998, 0.00348685705103, -0.00437001744285, 0.0127748576924, -0.00271186488681, 3.46017404809e-05, 0.00117119948845, -0.000119826152513], [-0.000389750552131, 0.003049881896, -0.00202405033633, 0.0012326996075, -0.00364144123159, 0.000892034498975, -0.00114642269909, -0.00015460375289, -0.00271186488681, 0.0113828824833, -0.00306992023252, -0.000900056620594, 0.00112148211338], [0.000397032999899, -0.00350720598362, 0.00239623198286, -0.00156843988225, 0.00310516869649, -0.00251172226854, 0.000486816134071, 6.73889235259e-06, 3.46017404809e-05, -0.00306992023252, 0.0116816796362, -0.00246414984576, -0.000974101945758], [-8.84888650035e-05, 0.00302130053751, -0.00233757658862, 0.00174866162706, -0.00249082641676, 0.00144662859384, -0.000311893003527, -0.00141392590012, 0.00117119948845, -0.000900056620594, -0.00246414984576, 0.013945880346, -0.00332995527424], [0.000360106991138, -0.00226512737572, 0.00171773310285, -0.00121102819685, 0.00236591906287, -0.00203971075825, 0.000427713006502, -0.00146376062185, -0.000119826152513, 0.00112148211338, -0.000974101945758, -0.00332995527424, 0.0130905937403]]
    },
    "melbands": {
        "dmean": [0.00016553804744, 0.000263064808678, 0.000452604261227, 0.000431438587839, 0.000289565476123, 0.000263887108304, 0.000293746270472, 0.000224776391406, 0.000197991525056, 0.00016751831572, 0.000170298939338, 0.000100725170341, 0.000108791813545, 5.53528880118e-05, 5.1034916396e-05, 3.8948488509e-05, 3.70471316273e-05, 2.26443480642e-05, 1.52265183715e-05, 1.14597560241e-05, 8.51751701703e-06, 7.324912076e-06, 5.4362717492e-06, 5.06347305418e-06, 4.39270070274e-06, 3.02657304019e-06, 2.37517224377e-06, 1.96362316274e-06, 1.89234754089e-06, 1.79222024599e-06, 1.34713195621e-06, 1.12048621759e-06, 9.48674028223e-07, 8.58586929553e-07, 8.23732193567e-07, 7.19483807643e-07, 4.11511138054e-07, 3.25289164493e-07, 2.19404185486e-07, 1.09176006902e-07],
        "dmean2": [0.000275878293905, 0.000430261919973, 0.000735905778129, 0.000703824858647, 0.000453715532785, 0.000418629701016, 0.000464923068648, 0.00035010202555, 0.000301223015413, 0.000253771082498, 0.000261131237494, 0.000152856329805, 0.000166541954968, 8.49291755003e-05, 7.8575911175e-05, 5.97619909968e-05, 5.8965622884e-05, 3.58321267413e-05, 2.45670271397e-05, 1.8243879822e-05, 1.37137976708e-05, 1.21186330944e-05, 8.76442572917e-06, 8.22768924991e-06, 6.8130816544e-06, 4.88383784614e-06, 3.82672396881e-06, 3.1096208204e-06, 3.01396266877e-06, 2.87179091174e-06, 2.08614574149e-06, 1.65817402831e-06, 1.39074268191e-06, 1.23683071251e-06, 1.2114077208e-06, 1.04544460555e-06, 5.73852332764e-07, 4.84048825911e-07, 3.21481451238e-07, 1.56746295943e-07],
        "dvar": [9.32680492838e-08, 2.17896527488e-07, 1.10061102987e-06, 7.44056194435e-07, 2.48792787261e-07, 2.17149434434e-07, 3.14726605666e-07, 2.07594212043e-07, 2.53848213561e-07, 2.23658034315e-07, 1.90090176488e-07, 7.66188250623e-08, 1.18325367282e-07, 1.88935338485e-08, 1.55026675941e-08, 1.04106865351e-08, 7.60979546044e-09, 2.80800893648e-09, 1.22137744363e-09, 1.15743847839e-09, 3.9177405764e-10, 2.03620190153e-10, 1.41109166019e-10, 2.70676758785e-10, 1.01966747545e-10, 4.73168136617e-11, 2.33410877432e-11, 1.4112656356e-11, 1.35460991382e-11, 1.90581040532e-11, 1.34778889438e-11, 1.37824300583e-11, 1.31409995732e-11, 1.25001363427e-11, 1.35577851029e-11, 1.04219497615e-11, 2.35962746738e-12, 1.62491407048e-12, 7.31768595372e-13, 1.64757137512e-13],
        "dvar2": [2.4401683163e-07, 5.59708212222e-07, 2.86328872789e-06, 1.88584476746e-06, 5.77817957037e-07, 4.73981572213e-07, 7.60773843922e-07, 4.91633215915e-07, 5.22196557995e-07, 5.01998101754e-07, 4.3582488729e-07, 1.60750872169e-07, 2.64368338776e-07, 3.79787898908e-08, 3.45991786332e-08, 2.32432899594e-08, 1.75124785784e-08, 6.65613653084e-09, 2.81978795869e-09, 2.43990627702e-09, 8.16509526658e-10, 5.45446021682e-10, 3.54901247279e-10, 7.27646887189e-10, 2.26593036001e-10, 1.16473775069e-10, 5.75555506033e-11, 3.29061083937e-11, 3.15958821606e-11, 4.35380481667e-11, 2.78350519717e-11, 2.86745002742e-11, 2.55373413388e-11, 2.33715824471e-11, 2.90577058942e-11, 2.27392809443e-11, 4.19846796218e-12, 3.38690967633e-12, 1.54943473416e-12, 2.8727953176e-13],
        "max": [0.00542378192768, 0.00750227225944, 0.0346545800567, 0.0218140278012, 0.0114649161696, 0.00988083146513, 0.013212445192, 0.0124785918742, 0.0220304746181, 0.0129734156653, 0.0127868736163, 0.00969270244241, 0.0121671035886, 0.00547622609884, 0.00373267568648, 0.00294176815078, 0.00314927496947, 0.00131566799246, 0.00118619354907, 0.00155906949658, 0.000717143004294, 0.00032122436096, 0.000383597653126, 0.000860991014633, 0.000307472597342, 0.000225785377552, 0.000110668544949, 9.04069675016e-05, 9.25046770135e-05, 0.000171393985511, 0.000135588037665, 0.000103417369246, 0.00011414205801, 0.000120477037854, 0.0001866419625, 0.00016273073561, 5.5396969401e-05, 3.35426739184e-05, 2.58257368841e-05, 2.11773294723e-05],
        "mean": [0.000312393560307, 0.000498821900692, 0.000814090075437, 0.000740651856177, 0.000663514249027, 0.000565431779251, 0.000604650122114, 0.000456557463622, 0.000389946508221, 0.000307327543851, 0.000379782984965, 0.000209472418646, 0.000240992812905, 0.000109417662316, 9.3198264949e-05, 6.42794548185e-05, 6.59731813357e-05, 3.86736355722e-05, 2.762166514e-05, 2.20414422074e-05, 1.68920141732e-05, 1.40412776091e-05, 1.04696446215e-05, 1.00159204521e-05, 8.42932786327e-06, 5.47942181583e-06, 4.39630957771e-06, 3.7530840018e-06, 3.71597047888e-06, 3.52724669028e-06, 2.61522450273e-06, 2.02415253625e-06, 1.76410560471e-06, 1.63387710472e-06, 1.52226334649e-06, 1.28511669573e-06, 7.4793240401e-07, 5.79651612043e-07, 3.86968338262e-07, 1.96113703055e-07],
        "median": [0.000220541463932, 0.000297536113067, 0.000349283916876, 0.0003585301165, 0.00033595575951, 0.000296218058793, 0.000288936862489, 0.000181998038897, 0.00010161013779, 6.9508816523e-05, 6.76194249536e-05, 4.90138299938e-05, 4.68740145152e-05, 3.36039411195e-05, 2.65374164883e-05, 1.820284524e-05, 2.11436181417e-05, 1.26515342345e-05, 1.05282515506e-05, 7.24423262e-06, 7.71545728639e-06, 6.13506517766e-06, 3.59208752343e-06, 3.26884514834e-06, 3.59543582817e-06, 2.62647063209e-06, 1.88092224107e-06, 1.6517185486e-06, 1.58894442848e-06, 1.5158344695e-06, 9.20816830785e-07, 5.36888592251e-07, 3.90507011616e-07, 3.31687772359e-07, 3.20480296523e-07, 2.98655692177e-07, 1.67483008795e-07, 1.12122563678e-07, 7.78949100777e-08, 3.89608736384e-08],
        "min": [7.45149333602e-24, 1.24141668037e-23, 1.1785678165e-23, 4.15208417765e-24, 8.03196164477e-24, 1.56427488745e-23, 3.53875665676e-24, 2.92442767694e-24, 5.34719385514e-24, 9.29004174958e-24, 1.35365580996e-23, 6.4739463686e-24, 2.82960588616e-23, 1.31775901001e-23, 1.72292964608e-23, 1.42952040544e-23, 1.30937665292e-23, 1.82845493828e-23, 9.72532573075e-24, 9.58993747789e-24, 1.26721298417e-23, 6.394893434e-24, 8.3008330514e-24, 1.48682278828e-23, 1.32216598146e-23, 5.82669506777e-24, 4.96641266834e-24, 1.07056770987e-23, 1.13114907195e-23, 1.25784447206e-23, 1.10689649005e-23, 1.23332367745e-23, 1.02062934358e-23, 1.16870058653e-23, 1.45403914901e-23, 8.75738866688e-24, 8.38040860635e-24, 1.50149938765e-23, 9.76733730712e-24, 7.73605439719e-24],
        "var": [1.51042996777e-07, 4.21594080535e-07, 1.84798216196e-06, 1.34406616326e-06, 8.7530258952e-07, 6.81838400851e-07, 9.69161874309e-07, 7.19419688266e-07, 9.88346641861e-07, 5.87940576224e-07, 9.7375743735e-07, 3.08003905047e-07, 5.94279413235e-07, 7.01448144014e-08, 4.69253116364e-08, 2.1524115823e-08, 1.90142195322e-08, 5.75650727086e-09, 2.79892997668e-09, 3.7068732528e-09, 1.16136877892e-09, 4.71252259437e-10, 3.67591929118e-10, 9.85822090627e-10, 2.49183479406e-10, 8.71851549289e-11, 5.30469036752e-11, 3.50388398851e-11, 3.52443282892e-11, 4.49580858652e-11, 3.79456813193e-11, 3.5464679804e-11, 3.64162658362e-11, 3.61971945473e-11, 3.52896670219e-11, 2.66655395681e-11, 7.01544117937e-12, 3.97012284159e-12, 1.67886689793e-12, 4.02629535615e-13]
    },
    "mfcc": {
        "mean": [-657.111938477, 141.23500061, -6.77970743179, 13.7160568237, -10.0315465927, 2.30567407608, -6.49426412582, -2.04934310913, -6.34493637085, -0.233287453651, -5.80863666534, 1.81117224693, -3.2147102356],
        "cov": [[5665.63232422, -416.528717041, -299.455505371, -37.6019859314, -286.1434021, -69.9891662598, -61.5813102722, 0.378033012152, -4.6770825386, 66.2525253296, 75.5350189209, 11.9922933578, -175.482894897], [-416.528717041, 1156.6451416, -2.98942089081, 110.77520752, 58.0951004028, -81.9871063232, 47.4666519165, -3.01766014099, -15.9411973953, 6.64533901215, -8.97510242462, 14.6731538773, -9.81969738007], [-299.455505371, -2.98942089081, 794.963134766, 176.346618652, 68.1266937256, 78.4669036865, 2.67848920822, 6.84360790253, -3.74516034126, -3.65399026871, -24.9134597778, -6.73231363297, 33.4883613586], [-37.6019859314, 110.77520752, 176.346618652, 238.053649902, 45.8853759766, 14.9419269562, -33.9667282104, -22.4637298584, -8.98749732971, 0.416512697935, -7.9397149086, 3.23932123184, 10.5831203461], [-286.1434021, 58.0951004028, 68.1266937256, 45.8853759766, 178.150726318, 9.79517841339, -10.8623914719, -4.52280950546, 6.13960075378, 3.94974994659, 3.44245362282, -4.06502389908, 21.2912635803], [-69.9891662598, -81.9871063232, 78.4669036865, 14.9419269562, 9.79517841339, 138.471893311, 36.1817131042, 4.16399908066, -0.970041036606, 4.94454717636, -5.80291032791, 0.724908053875, 20.4699077606], [-61.5813102722, 47.4666519165, 2.67848920822, -33.9667282104, -10.8623914719, 36.1817131042, 211.058624268, 50.2261657715, 21.1195392609, 19.0181331635, -2.87386655807, 18.5314846039, 21.4292163849], [0.378033012152, -3.01766014099, 6.84360790253, -22.4637298584, -4.52280950546, 4.16399908066, 50.2261657715, 121.395721436, 29.034740448, 4.37306547165, -3.48018908501, 1.29764938354, 3.75869202614], [-4.6770825386, -15.9411973953, -3.74516034126, -8.98749732971, 6.13960075378, -0.970041036606, 21.1195392609, 29.034740448, 103.940292358, 22.2185897827, 5.49834156036, -0.886094927788, -10.3233537674], [66.2525253296, 6.64533901215, -3.65399026871, 0.416512697935, 3.94974994659, 4.94454717636, 19.0181331635, 4.37306547165, 22.2185897827, 103.84324646, 18.2707977295, -0.489669799805, 0.170560613275], [75.5350189209, -8.97510242462, -24.9134597778, -7.9397149086, 3.44245362282, -5.80291032791, -2.87386655807, -3.48018908501, 5.49834156036, 18.2707977295, 91.4123306274, 27.9803676605, -7.22553539276], [11.9922933578, 14.6731538773, -6.73231363297, 3.23932123184, -4.06502389908, 0.724908053875, 18.5314846039, 1.29764938354, -0.886094927788, -0.489669799805, 27.9803676605, 97.7082366943, 22.7747383118], [-175.482894897, -9.81969738007, 33.4883613586, 10.5831203461, 21.2912635803, 20.4699077606, 21.4292163849, 3.75869202614, -10.3233537674, 0.170560613275, -7.22553539276, 22.7747383118, 109.221786499]],
