{
"lowlevel": {
    "average_loudness": 0.929515123367,
    "barkbands_crest": {
        "dmean": 2.3355383873,
        "dmean2": 3.77889275551,
        "dvar": 4.9259185791,
        "dvar2": 12.2570323944,
        "max": 25.9513931274,
        "mean": 10.6086759567,
        "median": 9.66443729401,
        "min": 2.69069266319,
        "var": 19.4693183899
    },
    "barkbands_flatness_db": {
        "dmean": 0.0194897707552,
        "dmean2": 0.0312544032931,
        "dvar": 0.00032924010884,
        "dvar2": 0.000784214644227,
        "max": 0.399016439915,
        "mean": 0.218579247594,
        "median": 0.214593410492,
        "min": 0.0304285753518,
        "var": 0.0025203442201
    },
    "barkbands_kurtosis": {
        "dmean": 3.55119490623,
        "dmean2": 5.65821361542,
        "dvar": 40.0094604492,
        "dvar2": 96.9883499146,
        "max": 219.506591797,
        "mean": 7.95409059525,
        "median": 4.46145248413,
        "min": -1.90978145599,
        "var": 137.47442627
    },
    "barkbands_skewness": {
        "dmean": 0.478550195694,
        "dmean2": 0.741793394089,
        "dvar": 0.273682832718,
        "dvar2": 0.628995001316,
        "max": 12.6157655716,
        "mean": 1.82602441311,
        "median": 1.6469078064,
        "min": -1.9677028656,
        "var": 1.50384223461
    },
    "barkbands_spread": {
        "dmean": 2.68844294548,
        "dmean2": 4.14078330994,
        "dvar": 22.0458030701,
        "dvar2": 39.5364227295,
        "max": 126.291313171,
        "mean": 11.0037117004,
        "median": 9.0728969574,
        "min": 0.722273170948,
        "var": 83.82421875
    },
    "dissonance": {
        "dmean": 0.0248303655535,
        "dmean2": 0.0411174148321,
        "dvar": 0.000523741997313,
        "dvar2": 0.00140604097396,
        "max": 0.500000119209,
        "mean": 0.438246667385,
        "median": 0.445242613554,
        "min": 0.229965358973,
        "var": 0.00151981622912
    },
    "dynamic_complexity": 3.20058131218,
    "erbbands_crest": {
        "dmean": 2.61398792267,
        "dmean2": 4.16769599915,
        "dvar": 6.27751255035,
        "dvar2": 15.3276643753,
        "max": 32.6559638977,
        "mean": 10.897851944,
        "median": 9.66484451294,
        "min": 2.57003569603,
        "var": 24.7585029602
    },
    "erbbands_flatness_db": {
        "dmean": 0.0141225773841,
        "dmean2": 0.0209034122527,
        "dvar": 0.000202968862141,
        "dvar2": 0.000402222911362,
        "max": 0.422254085541,
        "mean": 0.227954402566,
        "median": 0.227748453617,
        "min": 0.0771463960409,
        "var": 0.00144543265924
    },
    "erbbands_kurtosis": {
        "dmean": 1.47982478142,
        "dmean2": 2.30419182777,
        "dvar": 5.78624629974,
        "dvar2": 12.7045993805,
        "max": 63.6000213623,
        "mean": 2.47225570679,
        "median": 1.02997636795,
        "min": -1.83772730827,
        "var": 23.144361496
    },
    "erbbands_skewness": {
        "dmean": 0.35266494751,
        "dmean2": 0.54160964489,
        "dvar": 0.128854483366,
        "dvar2": 0.27504324913,
        "max": 6.06801271439,
        "mean": 1.05123412609,
        "median": 0.930892944336,
        "min": -2.96626400948,
        "var": 0.815832078457
    },
    "erbbands_spread": {
        "dmean": 5.73164558411,
        "dmean2": 8.61096954346,
        "dvar": 64.2051010132,
        "dvar2": 125.665390015,
        "max": 147.265640259,
        "mean": 26.8863563538,
        "median": 22.9089889526,
        "min": 1.83813130856,
        "var": 257.964111328
    },
    "hfc": {
        "dmean": 3.22404909134,
        "dmean2": 4.933842659,
        "dvar": 14.1021003723,
        "dvar2": 32.4870910645,
        "max": 78.8780899048,
        "mean": 16.3535881042,
        "median": 15.5635089874,
        "min": 1.19622386795e-16,
        "var": 135.32749939
    },
    "melbands_crest": {
        "dmean": 2.84586453438,
        "dmean2": 4.58777093887,
        "dvar": 7.29767417908,
        "dvar2": 17.5440921783,
        "max": 39.1094818115,
        "mean": 13.5604572296,
        "median": 12.595252037,
        "min": 1.65257334709,
        "var": 28.3766403198
    },
    "melbands_flatness_db": {
        "dmean": 0.0206175968051,
        "dmean2": 0.0315694697201,
        "dvar": 0.000442173681222,
        "dvar2": 0.000970799359493,
        "max": 0.467958241701,
        "mean": 0.254122436047,
        "median": 0.252101421356,
        "min": 0.00162402738351,
        "var": 0.00445123994723
    },
    "melbands_kurtosis": {
        "dmean": 5.81877470016,
        "dmean2": 9.170378685,
        "dvar": 111.3698349,
        "dvar2": 269.361602783,
        "max": 340.555480957,
        "mean": 13.2950706482,
        "median": 7.75308656693,
        "min": -1.41143286228,
        "var": 337.012817383
    },
    "melbands_skewness": {
        "dmean": 0.583492457867,
        "dmean2": 0.896771430969,
        "dvar": 0.442758738995,
        "dvar2": 0.99599647522,
        "max": 14.8841514587,
        "mean": 2.26364398003,
        "median": 2.006731987,
        "min": -1.84826898575,
        "var": 2.10522890091
    },
    "melbands_spread": {
        "dmean": 3.1129424572,
        "dmean2": 4.81760120392,
        "dvar": 27.0870094299,
        "dvar2": 49.4904403687,
        "max": 196.5884552,
        "mean": 13.0346279144,
        "median": 10.5707893372,
        "min": 0.793758392334,
        "var": 128.2993927
    },
    "pitch_salience": {
        "dmean": 0.0625251606107,
        "dmean2": 0.101648151875,
        "dvar": 0.00344847072847,
        "dvar2": 0.0085012158379,
        "max": 0.989230811596,
        "mean": 0.568858385086,
        "median": 0.575862765312,
        "min": 0.0403979420662,
        "var": 0.0124654686078
    },
    "silence_rate_20dB": {
        "dmean": 0,
        "dmean2": 0,
        "dvar": 0,
        "dvar2": 0,
        "max": 1,
        "mean": 1,
        "median": 1,
        "min": 1,
        "var": 0
    },
    "silence_rate_30dB": {
        "dmean": 0,
        "dmean2": 0,
        "dvar": 0,
        "dvar2": 0,
        "max": 1,
        "mean": 1,
        "median": 1,
        "min": 1,
        "var": 0
    },
    "silence_rate_60dB": {
        "dmean": 0.0103131681681,
        "dmean2": 0.0206289310008,
        "dvar": 0.0102072032169,
        "dvar2": 0.0224689655006,
        "max": 1,
        "mean": 0.0557092539966,
        "median": 0,
        "min": 0,
        "var": 0.0526089705527
    },
    "spectral_centroid": {
        "dmean": 124.119316101,
        "dmean2": 194.239227295,
        "dvar": 45872.0117188,
        "dvar2": 85425.4375,
        "max": 11488.0351562,
        "mean": 759.812011719,
        "median": 642.157836914,
        "min": 225.657974243,
        "var": 253192.453125
    },
    "spectral_complexity": {
        "dmean": 2.16400456429,
        "dmean2": 3.54691815376,
        "dvar": 5.54768848419,
        "dvar2": 13.6103897095,
        "max": 51,
        "mean": 15.6525402069,
        "median": 15,
        "min": 0,
        "var": 64.2322158813
    },
    "spectral_decrease": {
        "dmean": 1.91876470268e-09,
        "dmean2": 3.05785818888e-09,
        "dvar": 4.70651210164e-18,
        "dvar2": 1.14508274829e-17,
        "max": 1.63998194961e-28,
        "mean": -7.9620754434e-09,
        "median": -8.07139777237e-09,
        "min": -2.90440453909e-08,
        "var": 2.29301993143e-17
    },
    "spectral_energy": {
        "dmean": 0.00747013930231,
        "dmean2": 0.011891563423,
        "dvar": 7.04341800883e-05,
        "dvar2": 0.000170937360963,
        "max": 0.113364890218,
        "mean": 0.0315339900553,
        "median": 0.0322336442769,
        "min": 1.0378371805e-20,
        "var": 0.000355015799869
    },
    "spectral_energyband_high": {
        "dmean": 9.49900495471e-05,
        "dmean2": 0.000139796771691,
        "dvar": 5.07684809747e-08,
        "dvar2": 9.11284345761e-08,
        "max": 0.00422373134643,
        "mean": 0.000251891877269,
        "median": 9.45877618506e-05,
        "min": 7.4311119344e-21,
        "var": 1.9227441328e-07
    },
    "spectral_energyband_low": {
        "dmean": 0.00193258875515,
        "dmean2": 0.0031808859203,
        "dvar": 1.31467959363e-05,
        "dvar2": 3.47879504261e-05,
        "max": 0.0567299947143,
        "mean": 0.0047808480449,
        "median": 0.00316124502569,
        "min": 3.85166985218e-23,
        "var": 2.62742723862e-05
    },
    "spectral_energyband_middle_high": {
        "dmean": 0.00108718837146,
        "dmean2": 0.00166697113309,
        "dvar": 3.36823268299e-06,
        "dvar2": 7.9737019405e-06,
        "max": 0.0423428714275,
        "mean": 0.00411637034267,
        "median": 0.00232602655888,
        "min": 1.34625684372e-21,
        "var": 2.50893663178e-05
    },
    "spectral_energyband_middle_low": {
        "dmean": 0.00688352575526,
        "dmean2": 0.0109491143376,
        "dvar": 6.57224372844e-05,
        "dvar2": 0.000161883042892,
        "max": 0.10582266748,
        "mean": 0.0235679671168,
        "median": 0.0219054687768,
        "min": 2.99466543803e-22,
        "var": 0.000278568797512
    },
    "spectral_entropy": {
        "dmean": 0.157605275512,
        "dmean2": 0.238920763135,
        "dvar": 0.030152419582,
        "dvar2": 0.0608674660325,
        "max": 9.8034620285,
        "mean": 6.98674201965,
        "median": 7.00019550323,
        "min": 5.20948600769,
        "var": 0.254011303186
    },
    "spectral_flux": {
        "dmean": 0.0203469693661,
        "dmean2": 0.0328515060246,
        "dvar": 0.000466260389658,
        "dvar2": 0.00112373987213,
        "max": 0.264065772295,
        "mean": 0.0734421089292,
        "median": 0.0704035237432,
        "min": 6.79207454168e-11,
        "var": 0.00150140211917
    },
    "spectral_kurtosis": {
        "dmean": 3.31951475143,
        "dmean2": 5.74791288376,
        "dvar": 11.4088964462,
        "dvar2": 33.0125808716,
        "max": 41.9533729553,
        "mean": 6.84338092804,
        "median": 5.5005197525,
        "min": -1.38325202465,
        "var": 28.793012619
    },
    "spectral_rms": {
        "dmean": 0.000638194556814,
        "dmean2": 0.00100104906596,
        "dvar": 4.25033618967e-07,
        "dvar2": 9.58376858762e-07,
        "max": 0.0105166481808,
        "mean": 0.00520553719252,
        "median": 0.00560780335218,
        "min": 3.18201845081e-12,
        "var": 3.66720269085e-06
    },
    "spectral_rolloff": {
        "dmean": 192.873245239,
        "dmean2": 321.764587402,
        "dvar": 295238.15625,
        "dvar2": 568370.5,
        "max": 19638.28125,
        "mean": 861.067260742,
        "median": 624.462890625,
        "min": 21.533203125,
        "var": 1056987.5
    },
    "spectral_skewness": {
        "dmean": 0.336930572987,
        "dmean2": 0.558000385761,
        "dvar": 0.0956643596292,
        "dvar2": 0.246363148093,
        "max": 4.79073619843,
        "mean": 1.89721572399,
        "median": 1.8202445507,
        "min": -0.306751042604,
        "var": 0.463559567928
    },
    "spectral_spread": {
        "dmean": 350440.1875,
        "dmean2": 523591.125,
        "dvar": 383132532736,
        "dvar2": 599955931136,
        "max": 41858968,
        "mean": 3279692.75,
        "median": 3078301.25,
        "min": 1341546.875,
        "var": 1.89735960576e+12
    },
    "spectral_strongpeak": {
        "dmean": 0.498182922602,
        "dmean2": 0.827624499798,
        "dvar": 0.428800791502,
        "dvar2": 1.09754192829,
        "max": 8.8838300705,
        "mean": 1.22252333164,
        "median": 0.913241863251,
        "min": 0,
        "var": 1.16641223431
    },
    "zerocrossingrate": {
        "dmean": 0.00543311936781,
        "dmean2": 0.0064926664345,
        "dvar": 0.000123902835185,
        "dvar2": 0.000122156750876,
        "max": 0.69970703125,
        "mean": 0.0367932096124,
        "median": 0.03125,
        "min": 0.001953125,
        "var": 0.000931177521124
    },
    "barkbands": {
        "dmean": [8.83695884113e-06, 0.00077152607264, 0.00105242349673, 0.00148234388325, 0.00427987752482, 0.00151715031825, 0.0015266755363, 0.00146070332266, 0.000962811231147, 0.000462443946162, 0.000397462805267, 0.000301156542264, 0.00022633910703, 0.000211308142752, 0.000155686735525, 0.000136822607601, 0.000125911625219, 7.15118221706e-05, 6.06945613981e-05, 5.28405216755e-05, 3.08461021632e-05, 2.47820007644e-05, 2.42584010266e-05, 2.09476802411e-05, 1.15471141271e-06, 1.33000332969e-09, 1.34181532552e-09],
        "dmean2": [1.46803104144e-05, 0.00130989146419, 0.00171875790693, 0.00242421985604, 0.0068732611835, 0.00238754437305, 0.00231612473726, 0.00220668455586, 0.00144891126547, 0.000697807990946, 0.000613301061094, 0.00048716540914, 0.000361452141078, 0.000337822246365, 0.000254366226727, 0.000225703624892, 0.000206247175811, 0.000115664537589, 9.80838158284e-05, 8.50011201692e-05, 5.02824441355e-05, 3.79389202863e-05, 3.52718670911e-05, 2.9010565413e-05, 1.8870890699e-06, 2.44181252995e-09, 2.49365728067e-09],
        "dvar": [2.27575763789e-10, 2.62020080299e-06, 5.42076713828e-06, 8.52317407407e-06, 4.14122732764e-05, 7.39454435461e-06, 8.24925336929e-06, 9.16313365451e-06, 4.32136403106e-06, 9.26842574245e-07, 8.14813631678e-07, 7.04541889718e-07, 4.0778442667e-07, 2.18138779928e-07, 1.64661187796e-07, 1.25615528646e-07, 1.10199451342e-07, 2.27318537327e-08, 1.90668476563e-08, 1.31746844545e-08, 5.90257176469e-09, 4.29235225141e-09, 4.4521484277e-09, 4.66718752534e-09, 1.36071397205e-11, 5.58507345153e-18, 5.25018607182e-18],
        "dvar2": [5.74928327168e-10, 7.93217350292e-06, 1.4295596884e-05, 2.18617024075e-05, 0.000105845909275, 1.83693355211e-05, 1.84356395039e-05, 2.09248719329e-05, 9.56273015618e-06, 2.1509488306e-06, 1.81584937309e-06, 1.75786931322e-06, 1.0065555216e-06, 5.62501554668e-07, 4.23593263577e-07, 3.19540703231e-07, 3.04208697344e-07, 5.69690001839e-08, 4.86237041741e-08, 3.27401536993e-08, 1.49398147187e-08, 8.7524405501e-09, 7.56092433107e-09, 6.87036871838e-09, 3.40307955426e-11, 1.7056080419e-17, 1.62712911585e-17],
        "max": [0.000263668451225, 0.0248983427882, 0.040351562202, 0.0438739657402, 0.0791015475988, 0.0639858394861, 0.0544280186296, 0.058025944978, 0.0520469881594, 0.0184812918305, 0.0303439311683, 0.0266109444201, 0.0217126905918, 0.0101512931287, 0.0159502383322, 0.008042328991, 0.0105331204832, 0.00297784944996, 0.00264823832549, 0.00194011279382, 0.00137193780392, 0.00162278604694, 0.00162087543868, 0.0019618626684, 0.000109854430775, 1.01595361457e-07, 8.90658427011e-08],
        "mean": [1.69497961906e-05, 0.00156113796402, 0.00220821681432, 0.00263660470955, 0.00894317124039, 0.00345703051426, 0.00314213940874, 0.00290743424557, 0.0021371927578, 0.000966910505667, 0.000761665811297, 0.000525500625372, 0.000421339180321, 0.000415880058426, 0.000306841306156, 0.000272055418463, 0.0002584377944, 0.000146819991642, 0.000127972947666, 0.000109296081064, 5.93783661316e-05, 5.24237657373e-05, 5.3721229051e-05, 4.43170429207e-05, 1.59710612024e-06, 1.2472869404e-09, 1.15005216461e-09],
        "median": [4.42679902335e-06, 0.00104982813355, 0.000949990993831, 0.00100058864336, 0.00485884491354, 0.00182619318366, 0.0013946944382, 0.000898126279935, 0.000656640680972, 0.000326260575093, 0.000257356121438, 0.000163801232702, 0.000117720599519, 0.00012544511992, 0.000107740284875, 7.90333433542e-05, 7.47696176404e-05, 6.18968333583e-05, 4.31034422945e-05, 3.68459077436e-05, 1.85668650374e-05, 1.43911092891e-05, 1.90854516404e-05, 1.24205698739e-05, 3.0937445672e-07, 5.42623335154e-10, 4.54824233831e-10],
        "min": [1.64006538917e-24, 7.18476526447e-24, 1.66036662596e-24, 6.11174837815e-24, 3.51895041047e-23, 2.03551357096e-23, 4.98041842039e-23, 2.02653586054e-23, 6.01151452824e-23, 1.38564743288e-23, 3.34162867847e-23, 5.12537886925e-23, 5.48336457913e-23, 3.84810546307e-23, 6.98803155886e-23, 1.16302104045e-22, 8.644036139e-23, 1.6617885083e-22, 2.01192839694e-22, 2.44481777506e-22, 2.87339088495e-22, 3.95636210727e-22, 5.75460020189e-22, 8.99748242769e-22, 9.52805840807e-22, 1.50186030098e-21, 2.27071518878e-21],
        "var": [8.63388971428e-10, 3.46628030456e-06, 1.04008968265e-05, 1.82242365554e-05, 0.000108267115138, 2.5253269996e-05, 2.74812318821e-05, 3.23483509419e-05, 1.80737697519e-05, 3.13223517878e-06, 2.15172394746e-06, 1.30011699184e-06, 1.02610283648e-06, 7.21440983398e-07, 5.57941177703e-07, 3.89512678112e-07, 3.20179225355e-07, 5.67178943811e-08, 4.44406218492e-08, 2.96504314434e-08, 1.20197158893e-08, 1.15549951829e-08, 1.4155228989e-08, 1.659140203e-08, 2.27458902408e-11, 4.30599703931e-18, 3.76865017363e-18]
    },
    "erbbands": {
        "dmean": [0.0122210066766, 0.216426119208, 1.0154402256, 2.85244846344, 10.8219070435, 15.7256650925, 12.5779151917, 13.2338933945, 19.5044059753, 26.3383216858, 27.9168014526, 22.5673923492, 15.3629350662, 13.4340457916, 14.760933876, 10.9143648148, 9.76581096649, 8.89384555817, 9.3539390564, 6.83505439758, 6.67383098602, 6.78954267502, 4.3248872757, 2.5076944828, 3.47122383118, 2.14156246185, 1.36896598339, 1.12547636032, 0.908073365688, 0.855615496635, 0.646292328835, 0.488047212362, 0.315146774054, 0.0340599156916, 0.000877638987731, 5.74845835217e-05, 9.33736100706e-06, 2.26332781494e-06, 3.63485764865e-06, 8.31480610941e-06],
        "dmean2": [0.0207995120436, 0.366952300072, 1.65770971775, 4.67603731155, 17.7168216705, 24.8314876556, 19.8836040497, 20.9736042023, 29.71443367, 39.3781013489, 42.3028030396, 33.9160308838, 23.2004566193, 20.4145298004, 22.8637180328, 17.3938312531, 15.4734315872, 14.2947883606, 15.0961856842, 11.0701904297, 11.0312242508, 11.1960639954, 6.99839830399, 4.10852432251, 5.66208696365, 3.42016482353, 2.26605248451, 1.78577327728, 1.4068570137, 1.2616686821, 0.950368225574, 0.689648509026, 0.443559080362, 0.0503246709704, 0.00127253541723, 8.20487985038e-05, 1.35700920509e-05, 3.38809604727e-06, 5.68607811147e-06, 1.31977021738e-05],
        "dvar": [0.000592840486206, 0.205927103758, 4.81842184067, 26.1620407104, 436.481231689, 720.280883789, 648.631591797, 648.581237793, 1450.30065918, 3013.55102539, 3658.56103516, 2436.25952148, 1111.34619141, 724.927856445, 1613.55297852, 1100.58862305, 742.013427734, 408.1043396, 550.958374023, 339.30847168, 253.826477051, 430.813018799, 78.0665588379, 24.9590873718, 80.5805740356, 20.8658027649, 12.5331230164, 6.85808134079, 5.21045160294, 6.25245952606, 3.06914544106, 2.4534637928, 1.1752332449, 0.0114736696705, 7.65524418966e-06, 3.07719787429e-08, 5.41131028875e-10, 2.50988882455e-11, 1.57250653471e-11, 8.52290252262e-11],
        "dvar2": [0.00180704169907, 0.614851236343, 12.725894928, 68.789680481, 1124.68615723, 1747.24035645, 1570.02966309, 1646.70532227, 3349.77075195, 6206.23876953, 8290.46386719, 5380.72607422, 2670.66308594, 1667.74804688, 3622.02612305, 2682.60253906, 1804.66394043, 1057.46154785, 1396.92700195, 868.29296875, 649.291870117, 1222.42236328, 198.453903198, 65.2497024536, 200.119674683, 49.1818847656, 33.1626625061, 15.8469333649, 11.1913089752, 11.2622346878, 5.43804740906, 3.78918480873, 1.90736961365, 0.0214938577265, 1.33700405058e-05, 4.90209579596e-08, 8.28250079632e-10, 3.91438582936e-11, 3.6618857252e-11, 2.06462721919e-10],
        "max": [0.316677957773, 6.82761192322, 38.6211433411, 71.3260421753, 334.366333008, 377.199249268, 663.519470215, 603.799804688, 922.007141113, 1260.95812988, 1396.53503418, 1520.1796875, 627.865661621, 590.38293457, 1790.90368652, 1310.14880371, 816.249633789, 479.512786865, 928.816894531, 407.848022461, 356.915374756, 737.300231934, 173.795425415, 108.21018219, 172.535232544, 77.9907989502, 65.2157211304, 44.9340591431, 50.7399291992, 60.1868438721, 41.3789863586, 36.4915962219, 29.1681003571, 2.88393568993, 0.0724136605859, 0.00450709229335, 0.000565646390896, 0.000117811963719, 5.76510828978e-05, 0.000128258820041],
        "mean": [0.0270091295242, 0.436767190695, 2.25457954407, 5.84094381332, 20.3363513947, 31.6245040894, 28.3841953278, 29.2372741699, 41.6450462341, 55.1070632935, 62.1915855408, 50.2423400879, 32.995300293, 29.8212146759, 29.0942153931, 20.5594463348, 19.5930080414, 19.0521526337, 21.0126132965, 15.0042295456, 14.8266391754, 14.4078674316, 9.42179870605, 5.89768600464, 7.35956764221, 4.85344600677, 2.66861057281, 2.22124123573, 1.89837324619, 1.80530369282, 1.42513871193, 1.0337638855, 0.627784073353, 0.065771907568, 0.00179748679511, 0.000140506454045, 2.93666089419e-05, 6.88714590069e-06, 1.67008311109e-05, 3.62388236681e-05],
        "median": [0.0151405148208, 0.291521906853, 1.13735127449, 3.23770403862, 8.46717262268, 14.9532699585, 12.9667415619, 16.0071544647, 21.2045536041, 21.9528160095, 20.990562439, 17.8004646301, 15.6556873322, 11.3076896667, 11.5861730576, 7.1842212677, 6.25220584869, 7.00621986389, 6.87468624115, 5.39031219482, 5.04790973663, 4.18113613129, 3.8647043705, 2.79074525833, 2.21753835678, 1.74972748756, 0.926736831665, 0.693471074104, 0.49480381608, 0.524419546127, 0.545201599598, 0.308917552233, 0.172675490379, 0.0178447905928, 0.000535841390956, 5.98766782787e-05, 1.97693625523e-05, 4.43886892754e-06, 1.74463239091e-05, 3.73313814634e-05],
        "min": [8.00345331606e-23, 2.36070904669e-21, 3.91821602507e-21, 1.17128290061e-20, 8.39825683803e-20, 7.29833862165e-20, 1.7559570989e-19, 1.54740341148e-19, 4.2559075826e-19, 8.60381781185e-19, 5.49523222783e-19, 1.15464539044e-18, 8.20394422808e-19, 9.25054690582e-19, 1.76095874987e-18, 2.16214858479e-18, 2.81330226786e-18, 1.97090380679e-18, 3.08130216889e-18, 4.01325203026e-18, 5.72369113781e-18, 6.22653878168e-18, 8.54489153296e-18, 9.53012071797e-18, 8.75030033139e-18, 1.05548188259e-17, 1.26020569276e-17, 1.33444606263e-17, 1.48113388841e-17, 1.19222095898e-17, 1.80699887831e-17, 1.67113347008e-17, 1.3175237671e-17, 9.82902987694e-18, 7.50620497368e-18, 5.40313342144e-18, 2.62092569998e-18, 1.18744496288e-18, 2.76108054633e-19, 3.02937451007e-20],
        "var": [0.00106193788815, 0.27436286211, 9.85953903198, 58.599937439, 1001.30163574, 1953.98999023, 2383.83203125, 1774.38818359, 4197.10595703, 11028.5292969, 15830.6035156, 9019.98925781, 2889.20166016, 2494.92285156, 3473.88232422, 2123.37353516, 1956.3692627, 1361.85144043, 2427.62646484, 1047.78723145, 893.180480957, 1109.77880859, 220.382476807, 73.0125274658, 161.960037231, 53.981300354, 23.4799556732, 15.555642128, 13.6840677261, 17.9142971039, 9.44692993164, 8.25710010529, 3.64101672173, 0.0319859422743, 2.32745860558e-05, 1.04768027143e-07, 2.08338968299e-09, 1.03229064186e-10, 9.62622967449e-11, 4.56444160246e-10]
    },
    "gfcc": {
        "mean": [-52.7630767822, 163.860443115, -143.20135498, 42.7491493225, -79.3802032471, 3.06459212303, -32.5763053894, -14.9589080811, 1.17919588089, -29.4982681274, 7.91135549545, -24.2627487183, 2.83201980591],
        "cov": [[6627.85107422, -60.457195282, -961.275878906, 214.136535645, -293.309509277, 19.6284275055, -116.5206604, -30.2156181335, -54.0071754456, -64.9171600342, 14.298822403, -122.324661255, -16.889333725], [-60.457195282, 878.585876465, 217.105529785, -169.119369507, 223.390060425, -202.078094482, 94.2567977905, -51.4331245422, 38.5015869141, -68.5214996338, 56.8672790527, -26.0098667145, -4.28577041626], [-961.275878906, 217.105529785, 816.025817871, 154.984024048, -52.4010009766, -43.9252700806, -40.8336524963, -49.928527832, -5.56848192215, -37.7614135742, -16.4463272095, -18.5500793457, -12.5280036926], [214.136535645, -169.119369507, 154.984024048, 313.642822266, -27.2533302307, 37.7229194641, -48.0171470642, 3.93636894226, -7.04582214355, 10.7864780426, -28.8187637329, -1.41660511494, 11.8534851074], [-293.309509277, 223.390060425, -52.4010009766, -27.2533302307, 261.397186279, -26.4485225677, 42.4475021362, 9.58622741699, 13.3708028793, -7.39182901382, 12.3865022659, 18.5035762787, 16.6566200256], [19.6284275055, -202.078094482, -43.9252700806, 37.7229194641, -26.4485225677, 229.718383789, 38.370349884, 17.3541965485, -11.7849435806, 33.5765380859, -9.28185176849, 4.39822006226, 5.00705337524], [-116.5206604, 94.2567977905, -40.8336524963, -48.0171470642, 42.4475021362, 38.370349884, 150.843338013, 37.5481147766, 8.64682197571, 13.689743042, 21.8916130066, 6.46792411804, -10.4353713989], [-30.2156181335, -51.4331245422, -49.928527832, 3.93636894226, 9.58622741699, 17.3541965485, 37.5481147766, 101.965133667, 36.1802825928, 20.5804767609, 11.5184621811, 2.3735871315, 3.5733230114], [-54.0071754456, 38.5015869141, -5.56848192215, -7.04582214355, 13.3708028793, -11.7849435806, 8.64682197571, 36.1802825928, 80.0285186768, 35.7518920898, 7.69080686569, 1.74573886395, 0.377729177475], [-64.9171600342, -68.5214996338, -37.7614135742, 10.7864780426, -7.39182901382, 33.5765380859, 13.689743042, 20.5804767609, 35.7518920898, 86.3888549805, 33.0094947815, 3.89054346085, -0.915215849876], [14.298822403, 56.8672790527, -16.4463272095, -28.8187637329, 12.3865022659, -9.28185176849, 21.8916130066, 11.5184621811, 7.69080686569, 33.0094947815, 75.1804504395, 28.6838321686, -3.32634758949], [-122.324661255, -26.0098667145, -18.5500793457, -1.41660511494, 18.5035762787, 4.39822006226, 6.46792411804, 2.3735871315, 1.74573886395, 3.89054346085, 28.6838321686, 75.6529693604, 31.6631298065], [-16.889333725, -4.28577041626, -12.5280036926, 11.8534851074, 16.6566200256, 5.00705337524, -10.4353713989, 3.5733230114, 0.377729177475, -0.915215849876, -3.32634758949, 31.6631298065, 66.3450317383]],
        "icov": [[0.00036241550697, -0.000657876313198, 0.000852863362525, -0.000876519363374, 0.000931503425818, -0.000362196966307, 0.000488875375595, -8.6242762336e-05, 0.000134136134875, 0.000491036451422, -0.000444600562332, 0.000440152070951, 1.60794843396e-05], [-0.000657876313198, 0.00650232750922, -0.00303424964659, 0.00309864198789, -0.0050762873143, 0.00311691174284, -0.0046959258616, 0.00485596247017, -0.00583621440455, 0.00553675275296, -0.00661850906909, 0.00574457831681, -0.00379877397791], [0.000852863362525, -0.00303424964659, 0.00394335947931, -0.0034020494204, 0.00344366324134, -0.00135091156699, 0.001999971224, -0.000579257379286, 0.00102698686533, 0.000508048629854, 0.000304448069073, -0.000312479329295, 0.001122272457], [-0.000876519363374, 0.00309864198789, -0.0034020494204, 0.00678845494986, -0.00336544122547, 0.00103685352951, -0.000832820544019, 0.000178380563739, -0.00047109942534, -0.00142921542283, 0.00126102077775, -0.000149387415149, -0.00113467185292], [0.000931503425818, -0.0050762873143, 0.00344366324134, -0.00336544122547, 0.0089177871123, -0.00192107562907, 0.00220204866491, -0.00273405341431, 0.00278460723348, -0.00170984573197, 0.0029492827598, -0.00323101668619, 0.00121088838205], [-0.000362196966307, 0.00311691174284, -0.00135091156699, 0.00103685352951, -0.00192107562907, 0.00721055874601, -0.00398025428876, 0.00149860314559, -7.71608902141e-05, -0.00122086959891, -0.000105945611722, 0.00136483600363, -0.00177292106673], [0.000488875375595, -0.0046959258616, 0.001999971224, -0.000832820544019, 0.00220204866491, -0.00398025428876, 0.0123925842345, -0.00668368395418, 0.00497745582834, -0.00412917835638, 0.00344292074442, -0.00469464389607, 0.0047321356833], [-8.6242762336e-05, 0.00485596247017, -0.000579257379286, 0.000178380563739, -0.00273405341431, 0.00149860314559, -0.00668368395418, 0.0181186310947, -0.0117709357291, 0.00735787162557, -0.00899668876082, 0.00742759183049, -0.00513070821762], [0.000134136134875, -0.00583621440455, 0.00102698686533, -0.00047109942534, 0.00278460723348, -7.71608902141e-05, 0.00497745582834, -0.0117709357291, 0.0262877456844, -0.0170434284955, 0.0127991409972, -0.00905417650938, 0.00523686688393], [0.000491036451422, 0.00553675275296, 0.000508048629854, -0.00142921542283, -0.00170984573197, -0.00122086959891, -0.00412917835638, 0.00735787162557, -0.0170434284955, 0.0305649116635, -0.0214686375111, 0.0130855832249, -0.0064931944944], [-0.000444600562332, -0.00661850906909, 0.000304448069073, 0.00126102077775, 0.0029492827598, -0.000105945611722, 0.00344292074442, -0.00899668876082, 0.0127991409972, -0.0214686375111, 0.0353471562266, -0.0207810625434, 0.0109060341492], [0.000440152070951, 0.00574457831681, -0.000312479329295, -0.000149387415149, -0.00323101668619, 0.00136483600363, -0.00469464389607, 0.00742759183049, -0.00905417650938, 0.0130855832249, -0.0207810625434, 0.0305530391634, -0.0153707275167], [1.60794843396e-05, -0.00379877397791, 0.001122272457, -0.00113467185292, 0.00121088838205, -0.00177292106673, 0.0047321356833, -0.00513070821762, 0.00523686688393, -0.0064931944944, 0.0109060341492, -0.0153707275167, 0.0238595921546]]
    },
    "melbands": {
        "dmean": [0.000159983159392, 0.000440691073891, 0.000689427542966, 0.00099367054645, 0.000484665448312, 0.000294387311442, 0.000300323212286, 0.000300490413792, 0.000223134513362, 0.000139349795063, 7.78362154961e-05, 5.63331341255e-05, 4.86993631057e-05, 3.84139057132e-05, 2.702326492e-05, 2.2073443688e-05, 1.75805234903e-05, 1.72619475052e-05, 1.18819016279e-05, 1.00315082818e-05, 8.01541136752e-06, 8.16831197881e-06, 5.12355336468e-06, 3.42509338225e-06, 2.1205144094e-06, 2.48503897637e-06, 2.78412767329e-06, 1.30988280489e-06, 9.54032543632e-07, 7.9725600699e-07, 6.77270350025e-07, 5.81482368034e-07, 4.7452454055e-07, 5.24678739566e-07, 4.08805419738e-07, 3.49755850948e-07, 3.20906679008e-07, 2.76210982975e-07, 1.1169380798e-07, 3.78803521883e-09],
        "dmean2": [0.000269261159701, 0.000725354766473, 0.00112210039515, 0.00160844577476, 0.000765427190345, 0.000463394069811, 0.000456621113699, 0.000450827938039, 0.000336675526341, 0.000210010344745, 0.000117508723633, 8.56996557559e-05, 7.48950114939e-05, 6.1228616687e-05, 4.31603621109e-05, 3.53904579242e-05, 2.82556447928e-05, 2.79426294583e-05, 1.93986852537e-05, 1.64693210536e-05, 1.33049716169e-05, 1.34416459332e-05, 8.38372125145e-06, 5.54512871531e-06, 3.52255369762e-06, 4.01602255806e-06, 4.53311213278e-06, 2.10507278098e-06, 1.58764248681e-06, 1.32410480091e-06, 1.07811285943e-06, 9.32057787395e-07, 7.25075949504e-07, 7.75600653924e-07, 6.12004782852e-07, 5.08635025653e-07, 4.70637388617e-07, 3.96397240365e-07, 1.67942118878e-07, 6.06832539773e-09],
        "dvar": [1.07110949443e-07, 8.57287773215e-07, 1.57755630426e-06, 2.53856524068e-06, 7.80595257766e-07, 2.89022011657e-07, 3.18993983228e-07, 3.76548996428e-07, 2.38923121287e-07, 9.44153768501e-08, 2.87680581579e-08, 1.29641506419e-08, 1.43354199622e-08, 1.16518945603e-08, 5.94325877401e-09, 4.47593029307e-09, 1.57914303855e-09, 1.94987093138e-09, 1.0488940827e-09, 8.09289135706e-10, 3.89788507027e-10, 6.20828388698e-10, 1.34043748323e-10, 6.04852001818e-11, 1.87026488047e-11, 3.63328811481e-11, 5.00285403382e-11, 7.726957095e-12, 6.03835341104e-12, 3.82800215137e-12, 2.45780219094e-12, 2.10790434586e-12, 1.91741631253e-12, 2.19407608401e-12, 1.09469920108e-12, 1.23469171085e-12, 1.1101912575e-12, 9.67617587617e-13, 1.30759349203e-13, 1.50438239509e-16],
        "dvar2": [3.2494594393e-07, 2.29998522627e-06, 3.96205996367e-06, 6.506264981e-06, 1.86510408184e-06, 7.14703105587e-07, 7.32934665848e-07, 7.9652710383e-07, 5.285363045e-07, 2.10188531469e-07, 6.88027341766e-08, 2.97543341077e-08, 3.18309538727e-08, 2.84786736415e-08, 1.48050398607e-08, 1.07733191257e-08, 4.10150624575e-09, 4.93860508044e-09, 2.81756262765e-09, 2.02589833798e-09, 1.02006569858e-09, 1.74158165667e-09, 3.5365071982e-10, 1.54432910904e-10, 5.04644173671e-11, 9.15196460283e-11, 1.24556490122e-10, 1.80776157932e-11, 1.61878930399e-11, 9.77945155411e-12, 5.69351770591e-12, 4.94265652712e-12, 3.86752825945e-12, 4.05598211267e-12, 2.08686475218e-12, 2.31559433087e-12, 1.86756946713e-12, 1.65024255112e-12, 2.70509255187e-13, 3.56689094569e-16],
        "max": [0.00492264423519, 0.0156925003976, 0.0185645483434, 0.0220068432391, 0.0194482989609, 0.0129713146016, 0.0122912442312, 0.0135885467753, 0.0124670807272, 0.00920961331576, 0.00320711941458, 0.00218201125972, 0.00451479991898, 0.00282182125375, 0.00180089834612, 0.00292793451808, 0.000907046487555, 0.00130367733072, 0.000995305948891, 0.000814815692138, 0.000444643112132, 0.000846538459882, 0.000342412560713, 0.000220942150918, 0.000102993166365, 0.000142604723806, 0.000111609901069, 6.09450726188e-05, 5.63995345146e-05, 3.33222087647e-05, 2.71237331617e-05, 3.6816309148e-05, 3.49491056113e-05, 3.69432818843e-05, 2.91936739814e-05, 3.51724193024e-05, 2.68967833108e-05, 2.93250195682e-05, 1.08923350126e-05, 3.44157257359e-07],
        "mean": [0.000339409773005, 0.000983246369287, 0.00140777172055, 0.00199265661649, 0.00108705228195, 0.000660053803585, 0.000641407328658, 0.000614213699009, 0.000501566450112, 0.000297877122648, 0.000160200463142, 0.000120455362776, 9.68119275058e-05, 6.79816948832e-05, 4.62630450784e-05, 4.17172850575e-05, 3.42337443726e-05, 3.59208133887e-05, 2.24486047955e-05, 1.98347279365e-05, 1.63591266755e-05, 1.601452459e-05, 1.01090226963e-05, 6.80107814333e-06, 4.41848487753e-06, 5.02852572026e-06, 5.31998693987e-06, 2.72705437965e-06, 1.70226348928e-06, 1.39611279337e-06, 1.23606071156e-06, 1.12123859708e-06, 9.28199654027e-07, 1.04376920262e-06, 8.43176110266e-07, 7.07792878529e-07, 6.17842715656e-07, 5.21782453689e-07, 2.03797426934e-07, 4.97398788823e-09],
        "median": [0.000217468390474, 0.000579471350648, 0.00073669757694, 0.00100492406636, 0.000550419499632, 0.000369579705875, 0.000327238463797, 0.000235692874412, 0.000150600506458, 9.72629277385e-05, 6.67590502417e-05, 3.95503884647e-05, 3.70522539015e-05, 2.23461502173e-05, 1.30414955493e-05, 1.1642246136e-05, 1.18174593808e-05, 1.02376707218e-05, 7.28449367671e-06, 6.19868569629e-06, 5.26104759047e-06, 4.20257310907e-06, 3.37309961651e-06, 2.83890790342e-06, 1.90812147594e-06, 1.46253557887e-06, 1.44342834574e-06, 9.66668721958e-07, 5.45134639651e-07, 4.13998179738e-07, 3.61800204018e-07, 2.70142720638e-07, 2.4863948056e-07, 2.84604567469e-07, 3.11895462346e-07, 2.31542074403e-07, 1.58695513619e-07, 1.33765070132e-07, 5.45994858214e-08, 7.58922202859e-10],
        "min": [1.54019668326e-24, 3.22157639437e-24, 6.55128550289e-24, 7.32558009149e-24, 4.77785519047e-24, 4.36617274429e-24, 7.86962905883e-24, 8.40382120916e-24, 4.25125858737e-24, 7.28523458936e-24, 3.81752747889e-24, 3.53314667243e-24, 5.50823783678e-24, 5.10046459082e-24, 6.1510604725e-24, 5.05174138587e-24, 3.63029528734e-24, 4.190437806e-24, 5.81760896786e-24, 6.80392925184e-24, 6.60162113953e-24, 5.63205073915e-24, 7.83249658716e-24, 6.8364894857e-24, 7.74019355036e-24, 6.075744372e-24, 5.00247662791e-24, 7.68795439236e-24, 7.08207450727e-24, 6.67412140102e-24, 7.52094070581e-24, 7.67342199676e-24, 7.57134812879e-24, 6.02226354693e-24, 9.24735964144e-24, 1.03527943722e-23, 9.52877630305e-24, 8.95390101812e-24, 6.261034388e-24, 7.58274716887e-24],
        "var": [1.58756265023e-07, 1.59435319347e-06, 3.7839408833e-06, 6.32720229987e-06, 2.69913994089e-06, 8.40606219299e-07, 9.849475191e-07, 1.31813931148e-06, 1.14574470444e-06, 3.32354602506e-07, 7.66357430848e-08, 4.5380950553e-08, 3.59089646906e-08, 2.15042721408e-08, 1.16139879935e-08, 1.15174172421e-08, 4.82818940384e-09, 7.92511389847e-09, 2.66292565776e-09, 2.48563081229e-09, 1.13957410175e-09, 1.59451984949e-09, 3.719491104e-10, 1.29072960653e-10, 4.79574331635e-11, 7.88608622848e-11, 9.26809809454e-11, 1.89739231271e-11, 1.06737249247e-11, 7.16570509526e-12, 5.16665833381e-12, 4.77940213447e-12, 4.73438432555e-12, 6.17671191971e-12, 3.07345772096e-12, 3.30043544577e-12, 3.41311549336e-12, 2.80493163418e-12, 3.08209621019e-13, 2.64567035306e-16]
    },
    "mfcc": {
        "mean": [-672.092346191, 160.892990112, 2.62530708313, 22.9966678619, -8.35128211975, 2.39805603027, -15.8895425797, 6.33416891098, -13.1388254166, 7.21613740921, -11.9402132034, 2.80773115158, -9.08911514282],
        "cov": [[5837.60644531, -496.861663818, -832.200500488, 20.9629154205, -300.140411377, 93.3832092285, -136.499649048, 83.8635635376, -191.707138062, 157.440963745, -113.005783081, 59.9953422546, -80.7360153198], [-496.861663818, 1062.77624512, -4.71155357361, 45.8821411133, 91.3106994629, -103.924667358, 59.3709182739, -7.66024208069, -12.1943807602, -15.6192007065, 20.4484405518, -35.1723632812, 36.0157356262], [-832.200500488, -4.71155357361, 780.725036621, 150.80607605, 36.8366699219, 31.9271469116, -31.0727462769, -20.5702056885, -18.0897750854, -19.4520721436, -14.2498435974, -9.51930999756, -41.5309143066], [20.9629154205, 45.8821411133, 150.80607605, 267.109802246, 73.6513061523, -22.4561481476, -24.3781089783, -7.59484815598, 3.50917100906, -13.5998439789, -17.9494724274, 4.57865905762, 21.8328418732], [-300.140411377, 91.3106994629, 36.8366699219, 73.6513061523, 181.91859436, 11.004983902, 0.184250280261, -10.1377363205, 29.3287563324, -24.9614295959, -14.2058134079, -3.86117339134, 19.3262634277], [93.3832092285, -103.924667358, 31.9271469116, -22.4561481476, 11.004983902, 149.596939087, 41.310710907, 9.64024829865, 10.9648933411, 3.30512261391, 3.70548939705, 6.95141458511, -19.4720840454], [-136.499649048, 59.3709182739, -31.0727462769, -24.3781089783, 0.184250280261, 41.310710907, 127.546539307, 34.3534317017, 14.0329227448, 4.27361965179, 19.3139762878, 2.78290343285, 13.1459360123], [83.8635635376, -7.66024208069, -20.5702056885, -7.59484815598, -10.1377363205, 9.64024829865, 34.3534317017, 87.8804092407, 18.0608215332, 7.79955053329, 1.52356040478, 1.74158620834, 4.25448226929], [-191.707138062, -12.1943807602, -18.0897750854, 3.50917100906, 29.3287563324, 10.9648933411, 14.0329227448, 18.0608215332, 97.2665100098, 15.6482744217, 2.82820892334, -5.20313596725, 7.39871406555], [157.440963745, -15.6192007065, -19.4520721436, -13.5998439789, -24.9614295959, 3.30512261391, 4.27361965179, 7.79955053329, 15.6482744217, 112.608894348, 33.7707290649, 3.92233753204, -6.28371810913], [-113.005783081, 20.4484405518, -14.2498435974, -17.9494724274, -14.2058134079, 3.70548939705, 19.3139762878, 1.52356040478, 2.82820892334, 33.7707290649, 88.7826385498, 24.0451755524, 1.12008786201], [59.9953422546, -35.1723632812, -9.51930999756, 4.57865905762, -3.86117339134, 6.95141458511, 2.78290343285, 1.74158620834, -5.20313596725, 3.92233753204, 24.0451755524, 73.3690872192, 29.7345638275], [-80.7360153198, 36.0157356262, -41.5309143066, 21.8328418732, 19.3262634277, -19.4720840454, 13.1459360123, 4.25448226929, 7.39871406555, -6.28371810913, 1.12008786201, 29.7345638275, 96.7748184204]],
