{
"lowlevel": {
    "average_loudness": 0.910473167896,
    "barkbands_crest": {
        "dmean": 2.12560105324,
        "dmean2": 3.48443841934,
        "dvar": 4.09886693954,
        "dvar2": 10.4879026413,
        "max": 26.8887767792,
        "mean": 8.5760011673,
        "median": 7.70214080811,
        "min": 2.17754888535,
        "var": 11.5688867569
    },
    "barkbands_flatness_db": {
        "dmean": 0.0190835352987,
        "dmean2": 0.0291099958122,
        "dvar": 0.000404721795348,
        "dvar2": 0.000858421321027,
        "max": 0.502610504627,
        "mean": 0.128043711185,
        "median": 0.123981557786,
        "min": 0.0106846643612,
        "var": 0.00180644518696
    },
    "barkbands_kurtosis": {
        "dmean": 2.60569381714,
        "dmean2": 4.04924726486,
        "dvar": 123.590858459,
        "dvar2": 286.857299805,
        "max": 873.268493652,
        "mean": 3.81000781059,
        "median": 1.25179576874,
        "min": -1.92716252804,
        "var": 225.677108765
    },
    "barkbands_skewness": {
        "dmean": 0.473622828722,
        "dmean2": 0.72690397501,
        "dvar": 0.408168017864,
        "dvar2": 0.910251200199,
        "max": 29.3035526276,
        "mean": 0.887632846832,
        "median": 0.840270996094,
        "min": -6.94615221024,
        "var": 2.84096860886
    },
    "barkbands_spread": {
        "dmean": 5.78057432175,
        "dmean2": 8.84279346466,
        "dvar": 52.4254646301,
        "dvar2": 115.070465088,
        "max": 109.631347656,
        "mean": 23.8043842316,
        "median": 22.6252479553,
        "min": 0.650744318962,
        "var": 161.279525757
    },
    "dissonance": {
        "dmean": 0.015357259661,
        "dmean2": 0.025667021051,
        "dvar": 0.000255399441812,
        "dvar2": 0.000679013959598,
        "max": 0.500000119209,
        "mean": 0.470153898001,
        "median": 0.475916206837,
        "min": 0.196669787169,
        "var": 0.000567163864616
    },
    "dynamic_complexity": 4.06614875793,
    "erbbands_crest": {
        "dmean": 2.36768269539,
        "dmean2": 3.84288096428,
        "dvar": 5.65847110748,
        "dvar2": 13.7196722031,
        "max": 29.3848209381,
        "mean": 8.77223491669,
        "median": 7.85551977158,
        "min": 2.35334658623,
        "var": 19.1401329041
    },
    "erbbands_flatness_db": {
        "dmean": 0.0171654298902,
        "dmean2": 0.0238551683724,
        "dvar": 0.000256196508417,
        "dvar2": 0.000467842502985,
        "max": 0.332943826914,
        "mean": 0.162083625793,
        "median": 0.165411710739,
        "min": 0.0510698482394,
        "var": 0.00222736946307
    },
    "erbbands_kurtosis": {
        "dmean": 0.920785903931,
        "dmean2": 1.46393871307,
        "dvar": 1.82263243198,
        "dvar2": 4.32433176041,
        "max": 23.7743988037,
        "mean": 0.613214790821,
        "median": -0.0536860227585,
        "min": -1.86516034603,
        "var": 5.55076932907
    },
    "erbbands_skewness": {
        "dmean": 0.352232635021,
        "dmean2": 0.532627165318,
        "dvar": 0.134375914931,
        "dvar2": 0.287987947464,
        "max": 4.78425645828,
        "mean": 0.0377273187041,
        "median": 0.145581573248,
        "min": -3.84699273109,
        "var": 0.955930948257
    },
    "erbbands_spread": {
        "dmean": 7.59654331207,
        "dmean2": 11.7364349365,
        "dvar": 89.3191604614,
        "dvar2": 205.4737854,
        "max": 172.906784058,
        "mean": 38.258605957,
        "median": 34.3326873779,
        "min": 2.76745343208,
        "var": 462.149841309
    },
    "hfc": {
        "dmean": 4.33430433273,
        "dmean2": 6.57633304596,
        "dvar": 38.0068893433,
        "dvar2": 85.3553619385,
        "max": 91.2795639038,
        "mean": 17.9812431335,
        "median": 15.3656721115,
        "min": 1.04655235207e-16,
        "var": 237.507705688
    },
    "melbands_crest": {
        "dmean": 2.79610896111,
        "dmean2": 4.66512537003,
        "dvar": 7.34979391098,
        "dvar2": 19.6921520233,
        "max": 39.9491081238,
        "mean": 11.2603368759,
        "median": 10.8456344604,
        "min": 1.00062251091,
        "var": 28.9683799744
    },
    "melbands_flatness_db": {
        "dmean": 0.0225866064429,
        "dmean2": 0.0341275110841,
        "dvar": 0.000728445302229,
        "dvar2": 0.00157876708545,
        "max": 0.472606390715,
        "mean": 0.15577109158,
        "median": 0.153641521931,
        "min": -1.2080109002e-07,
        "var": 0.00550984218717
    },
    "melbands_kurtosis": {
        "dmean": 6.43437433243,
        "dmean2": 10.2802314758,
        "dvar": 618.802307129,
        "dvar2": 1449.63171387,
        "max": 1642.75256348,
        "mean": 12.0071725845,
        "median": 3.14145874977,
        "min": -1.83845019341,
        "var": 1321.56030273
    },
    "melbands_skewness": {
        "dmean": 0.611720144749,
        "dmean2": 0.964484632015,
        "dvar": 0.843117296696,
        "dvar2": 2.03353285789,
        "max": 39.2243118286,
        "mean": 2.04927587509,
        "median": 1.56427907944,
        "min": -3.86022233963,
        "var": 4.51103544235
    },
    "melbands_spread": {
        "dmean": 8.27307796478,
        "dmean2": 13.0998630524,
        "dvar": 117.591255188,
        "dvar2": 291.260406494,
        "max": 187.67300415,
        "mean": 40.7639122009,
        "median": 26.7390136719,
        "min": 0.561835825443,
        "var": 1374.99084473
    },
    "pitch_salience": {
        "dmean": 0.0588840954006,
        "dmean2": 0.0971761494875,
        "dvar": 0.00323393009603,
        "dvar2": 0.00863818824291,
        "max": 0.997728288174,
        "mean": 0.60147023201,
        "median": 0.59294039011,
        "min": 0.00509079592302,
        "var": 0.0130145763978
    },
    "silence_rate_20dB": {
        "dmean": 0,
        "dmean2": 0,
        "dvar": 0,
        "dvar2": 0,
        "max": 1,
        "mean": 1,
        "median": 1,
        "min": 1,
        "var": 0
    },
    "silence_rate_30dB": {
        "dmean": 0,
        "dmean2": 0,
        "dvar": 0,
        "dvar2": 0,
        "max": 1,
        "mean": 1,
        "median": 1,
        "min": 1,
        "var": 0
    },
    "silence_rate_60dB": {
        "dmean": 0.00532878609374,
        "dmean2": 0.010658708401,
        "dvar": 0.00529897492379,
        "dvar2": 0.012677570805,
        "max": 1,
        "mean": 0.184782609344,
        "median": 0,
        "min": 0,
        "var": 0.150630623102
    },
    "spectral_centroid": {
        "dmean": 280.222076416,
        "dmean2": 425.698608398,
        "dvar": 118309.828125,
        "dvar2": 246508.109375,
        "max": 11912.5351562,
        "mean": 2500.04833984,
        "median": 1632.98181152,
        "min": 177.226623535,
        "var": 8175209
    },
    "spectral_complexity": {
        "dmean": 2.86667370796,
        "dmean2": 4.62332105637,
        "dvar": 15.3864936829,
        "dvar2": 36.1267929077,
        "max": 55,
        "mean": 15.8861894608,
        "median": 18,
        "min": 0,
        "var": 96.6800689697
    },
    "spectral_decrease": {
        "dmean": 1.00089581068e-09,
        "dmean2": 1.62225755052e-09,
        "dvar": 2.13013379996e-18,
        "dvar2": 5.4846950842e-18,
        "max": 2.71178230629e-28,
        "mean": -4.02078814687e-09,
        "median": -4.37280034404e-09,
        "min": -2.52597356365e-08,
        "var": 7.00666812022e-18
    },
    "spectral_energy": {
        "dmean": 0.00402846792713,
        "dmean2": 0.0065020667389,
        "dvar": 3.28197238559e-05,
        "dvar2": 8.35809696582e-05,
        "max": 0.0976886078715,
        "mean": 0.0168063528836,
        "median": 0.0185557454824,
        "min": 9.58543356175e-21,
        "var": 0.000117659226817
    },
    "spectral_energyband_high": {
        "dmean": 0.000327924761223,
        "dmean2": 0.000484501884785,
        "dvar": 3.56488271791e-07,
        "dvar2": 7.77207731062e-07,
        "max": 0.0111581087112,
        "mean": 0.00075452378951,
        "median": 0.0004025651142,
        "min": 6.89335406336e-21,
        "var": 9.97700681182e-07
    },
    "spectral_energyband_low": {
        "dmean": 0.0016928241821,
        "dmean2": 0.0028839004226,
        "dvar": 1.83957454283e-05,
        "dvar2": 5.12325968884e-05,
        "max": 0.0815318822861,
        "mean": 0.0029532702174,
        "median": 0.00168202957138,
        "min": 8.957650474e-24,
        "var": 1.93409359781e-05
    },
    "spectral_energyband_middle_high": {
        "dmean": 0.00148066028487,
        "dmean2": 0.00231484137475,
        "dvar": 4.1926805352e-06,
        "dvar2": 1.0259436749e-05,
        "max": 0.0359428152442,
        "mean": 0.00552341109142,
        "median": 0.00343258073553,
        "min": 1.11438697047e-21,
        "var": 3.3034801163e-05
    },
    "spectral_energyband_middle_low": {
        "dmean": 0.00274451635778,
        "dmean2": 0.00435161963105,
        "dvar": 1.29990767164e-05,
        "dvar2": 3.21767802234e-05,
        "max": 0.0492469333112,
        "mean": 0.00833409186453,
        "median": 0.00687002204359,
        "min": 9.5111867559e-23,
        "var": 5.33532511326e-05
    },
    "spectral_entropy": {
        "dmean": 0.154151171446,
        "dmean2": 0.215764760971,
        "dvar": 0.0305145736784,
        "dvar2": 0.055883936584,
        "max": 9.82651901245,
        "mean": 7.75772571564,
        "median": 7.57890844345,
        "min": 5.62893819809,
        "var": 0.57026296854
    },
    "spectral_flux": {
        "dmean": 0.01637776196,
        "dmean2": 0.0262036509812,
        "dvar": 0.000366345600924,
        "dvar2": 0.000851206772495,
        "max": 0.279236406088,
        "mean": 0.063826598227,
        "median": 0.0656849145889,
        "min": 6.2006892676e-11,
        "var": 0.00153180200141
    },
    "spectral_kurtosis": {
        "dmean": 1.24652481079,
        "dmean2": 2.12849879265,
        "dvar": 1.86171758175,
        "dvar2": 5.39082098007,
        "max": 19.9217300415,
        "mean": 3.50256538391,
        "median": 3.53627443314,
        "min": -1.27328956127,
        "var": 6.4076294899
    },
    "spectral_rms": {
        "dmean": 0.000443378055934,
        "dmean2": 0.0007024561055,
        "dvar": 3.05588429228e-07,
        "dvar2": 7.3635408171e-07,
        "max": 0.0097624771297,
        "mean": 0.00361334602349,
        "median": 0.00425478164107,
        "min": 3.05804557024e-12,
        "var": 3.34022979587e-06
    },
    "spectral_rolloff": {
        "dmean": 519.169128418,
        "dmean2": 859.314208984,
        "dvar": 890506.625,
        "dvar2": 2004211.125,
        "max": 19896.6796875,
        "mean": 3473.36645508,
        "median": 1744.18945312,
        "min": 21.533203125,
        "var": 26381832
    },
    "spectral_skewness": {
        "dmean": 0.200706884265,
        "dmean2": 0.32290109992,
        "dvar": 0.041067622602,
        "dvar2": 0.103890456259,
        "max": 3.22994542122,
        "mean": 1.2663475275,
        "median": 1.36010539532,
        "min": -0.339720994234,
        "var": 0.287493288517
    },
    "spectral_spread": {
        "dmean": 616850.6875,
        "dmean2": 918360.4375,
        "dvar": 771571843072,
        "dvar2": 1.63969079706e+12,
        "max": 43734620,
        "mean": 7938203.5,
        "median": 4143526.5,
        "min": 1894152.375,
        "var": 1.14486346252e+14
    },
    "spectral_strongpeak": {
        "dmean": 0.703282475471,
        "dmean2": 1.17312765121,
        "dvar": 1.45036077499,
        "dvar2": 3.71473121643,
        "max": 14.5212869644,
        "mean": 1.563118577,
        "median": 0.719893395901,
        "min": 0,
        "var": 5.43804264069
    },
    "zerocrossingrate": {
        "dmean": 0.0113603575155,
        "dmean2": 0.0138219716027,
        "dvar": 0.00021020451095,
        "dvar2": 0.000264832022367,
        "max": 0.68359375,
        "mean": 0.113157257438,
        "median": 0.072265625,
        "min": 0,
        "var": 0.0169376153499
    },
    "barkbands": {
        "dmean": [4.29182400694e-05, 0.000602316053119, 0.000982419704087, 0.000837496947497, 0.00123656610958, 0.000549981312361, 0.000867541646585, 0.000610561517533, 0.000369918794604, 0.000549007439986, 0.000384671147913, 0.000206891636481, 0.00024436134845, 0.000198451423785, 0.000222310045501, 0.000197312256205, 0.000397228286602, 0.000302384607494, 0.000184734075447, 0.000170803890796, 0.000130414628075, 5.14054190717e-05, 3.33572315867e-05, 2.85461555904e-05, 3.33542229782e-05, 2.31608755712e-05, 4.55638655694e-08],
        "dmean2": [7.67908059061e-05, 0.00103862152901, 0.00169664307032, 0.00141367304605, 0.00196281331591, 0.000851473596413, 0.00136613822542, 0.000952797592618, 0.000589481322095, 0.0008610956138, 0.00060807733098, 0.000329442846123, 0.00039755506441, 0.000312311545713, 0.000363488012226, 0.000317279511364, 0.000630439142697, 0.000458539259853, 0.000290386524284, 0.000262040644884, 0.000203455419978, 8.31113866298e-05, 5.11155012646e-05, 4.32381966675e-05, 4.84979718749e-05, 3.50243717548e-05, 7.3687417057e-08],
        "dvar": [4.85905760073e-09, 2.56225666817e-06, 6.56498605167e-06, 2.6015829917e-06, 5.02578905071e-06, 1.2350282077e-06, 2.70925488621e-06, 2.41238535637e-06, 8.25165102469e-07, 1.46784782373e-06, 1.01453542811e-06, 3.1195122574e-07, 2.37894610677e-07, 3.59705438768e-07, 2.92977176741e-07, 1.47993546307e-07, 1.10276675969e-06, 6.06167361639e-07, 1.36807130957e-07, 1.01735821545e-07, 9.29428338736e-08, 2.11749977552e-08, 1.04592823291e-08, 5.64380409074e-09, 9.98302596145e-09, 5.9955982401e-09, 8.22048646602e-13],
        "dvar2": [1.41262566089e-08, 7.00880127624e-06, 1.89095972019e-05, 7.39730739951e-06, 1.24591961139e-05, 2.78703441836e-06, 6.6823972702e-06, 5.37565165359e-06, 1.9517290184e-06, 3.44575050804e-06, 2.524563115e-06, 7.71789927967e-07, 6.16878537585e-07, 7.7671705867e-07, 6.93638071425e-07, 3.42794351127e-07, 2.47143339038e-06, 1.23825020637e-06, 3.05975447645e-07, 2.22099359348e-07, 2.10896644148e-07, 5.18705718378e-08, 2.33799166693e-08, 1.24047421224e-08, 2.05935499764e-08, 1.33838300442e-08, 1.72047868573e-12],
        "max": [0.0010800587479, 0.0358885936439, 0.0494125336409, 0.0287057403475, 0.0400865077972, 0.0222470276058, 0.0332122929394, 0.0391206778586, 0.0259497407824, 0.0337234549224, 0.0219982657582, 0.0152308279648, 0.0107403490692, 0.0250872820616, 0.0165582485497, 0.0104536945, 0.0193421877921, 0.0180109236389, 0.00589134730399, 0.0106462407857, 0.00791798066348, 0.00455813808367, 0.00488699832931, 0.00233734003268, 0.00309709366411, 0.00166510476265, 8.35073005874e-05],
        "mean": [4.39654868387e-05, 0.000841749948449, 0.00142566370778, 0.00136548397131, 0.00252701691352, 0.000995251582935, 0.00154616590589, 0.000985756050795, 0.000700859236531, 0.00103345350362, 0.00068130256841, 0.00033350934973, 0.000446027086582, 0.00035574962385, 0.00037920451723, 0.000387275271351, 0.000841348839458, 0.000680960074533, 0.000345430715242, 0.000369228684576, 0.000249493430601, 7.90672202129e-05, 6.03907683399e-05, 5.30025936314e-05, 5.04105555592e-05, 2.84742418444e-05, 1.02636825261e-07],
        "median": [2.45044211624e-05, 0.000347891967976, 0.000651018111967, 0.000651586102322, 0.0011155877728, 0.000439900846686, 0.000658587086946, 0.000267911877017, 0.000208996410947, 0.000259043270489, 0.000109087719466, 0.00012120246538, 0.000157786707859, 0.000123531732243, 0.000149716041051, 0.000153849163326, 0.000127331382828, 0.00012173075811, 0.000144996389281, 0.000137931841891, 8.83238390088e-05, 3.40845617757e-05, 3.05780122289e-05, 2.49783261097e-05, 1.12634133984e-05, 2.05530454878e-06, 3.94569293904e-10],
        "min": [1.22153866252e-25, 7.31665925795e-25, 2.36955277697e-25, 1.90063327057e-25, 4.35946939875e-24, 3.60481626339e-24, 4.96153632465e-24, 5.15351864214e-24, 8.12219471055e-24, 3.97656657055e-24, 9.06467917732e-24, 1.27189542585e-23, 1.60663640252e-23, 1.61012080114e-23, 2.32683769445e-23, 3.14477601263e-23, 6.20309539441e-23, 6.38426960753e-23, 9.31108682304e-23, 1.48514992985e-22, 2.00602809602e-22, 2.48642974605e-22, 3.35687174308e-22, 4.73788294576e-22, 7.51483287136e-22, 1.1611976989e-21, 1.89211870177e-21],
        "var": [4.27090496302e-09, 2.53540270023e-06, 5.91705838815e-06, 4.40619487563e-06, 1.45247895489e-05, 2.88413457383e-06, 5.87762497162e-06, 5.28597593075e-06, 2.41855946115e-06, 4.72159808851e-06, 2.78410425381e-06, 5.23152095866e-07, 5.79110064791e-07, 9.08018591872e-07, 6.68547443183e-07, 5.28287159796e-07, 4.64190088678e-06, 2.33295759244e-06, 3.0847081689e-07, 3.29621826722e-07, 2.50617375741e-07, 3.42323183133e-08, 2.1352120072e-08, 1.12220392978e-08, 1.85598398872e-08, 8.42211367313e-09, 4.44485073747e-12]
    },
    "erbbands": {
        "dmean": [0.00804576277733, 0.176334813237, 0.97527128458, 1.97634398937, 2.8060798645, 4.84541082382, 6.18638658524, 4.25869369507, 11.1077213287, 12.9200210571, 10.5732545853, 8.04183483124, 11.6902694702, 18.2640171051, 13.7506046295, 6.83161640167, 11.482875824, 8.58854389191, 13.353717804, 6.82515907288, 11.3522434235, 17.1301765442, 15.0795269012, 10.9159622192, 7.39700031281, 8.46269321442, 7.41554450989, 2.60224914551, 1.87633597851, 1.39271104336, 0.917238116264, 0.674103319645, 0.434159576893, 0.359118670225, 0.252637416124, 0.125195205212, 0.0392196252942, 0.00296121230349, 5.85462366871e-05, 6.98664825904e-06],
        "dmean2": [0.0135584408417, 0.305450320244, 1.69448328018, 3.36031389236, 4.53883266449, 7.79642057419, 9.70935821533, 6.66953611374, 17.3941059113, 20.5653553009, 16.3113365173, 12.6374673843, 17.7184314728, 28.3007659912, 21.7954006195, 10.6146659851, 18.7243328094, 13.3452997208, 21.7672977448, 11.1253585815, 18.1277923584, 26.6003570557, 22.7319488525, 17.1437225342, 11.6695661545, 12.9362955093, 11.2412729263, 4.2047791481, 3.05787563324, 2.22324967384, 1.40108203888, 1.0221247673, 0.656487941742, 0.530163288116, 0.371516644955, 0.190038219094, 0.0602413862944, 0.00457030115649, 8.90868832357e-05, 1.07225459942e-05],
        "dvar": [0.000355625117663, 0.2314388901, 7.16484498978, 15.995262146, 28.7751216888, 99.5444793701, 199.056625366, 86.8162460327, 474.907073975, 702.178222656, 826.967895508, 404.956115723, 899.904296875, 1699.08935547, 1171.7208252, 247.32673645, 523.177978516, 873.68927002, 876.074645996, 283.393127441, 541.643188477, 1741.78076172, 1316.18029785, 530.369506836, 215.011871338, 234.712036133, 278.593902588, 52.0446128845, 28.3860664368, 17.723033905, 7.27389287949, 3.73632788658, 1.31988465786, 1.28706717491, 0.60248029232, 0.162111461163, 0.0183493215591, 0.00011086777522, 3.90710290787e-08, 1.47174258891e-10],
        "dvar2": [0.000880680629052, 0.644871354103, 20.6642093658, 45.5174560547, 74.135848999, 252.394927979, 445.739471436, 211.618713379, 1172.55236816, 1720.97424316, 1776.70227051, 956.190490723, 1906.06433105, 4040.6003418, 2933.99902344, 609.766540527, 1366.70922852, 1825.96948242, 2097.30444336, 704.475891113, 1222.3614502, 3891.50024414, 2753.92529297, 1240.18640137, 503.444213867, 508.823547363, 592.794311523, 136.29876709, 71.3602371216, 40.8219413757, 15.8489656448, 8.57989883423, 3.01079559326, 2.862210989, 1.26003050804, 0.359418809414, 0.042142894119, 0.000248767260928, 8.70916494478e-08, 3.21856402641e-10],
        "max": [0.520945489407, 10.6391248703, 48.7283058167, 72.0385055542, 124.64264679, 216.644302368, 342.021911621, 272.892272949, 414.555603027, 564.63470459, 743.380065918, 576.423339844, 1102.50134277, 954.49822998, 721.740600586, 492.203430176, 510.564971924, 1489.18212891, 775.961303711, 585.14263916, 712.396850586, 931.365112305, 949.565429688, 599.908081055, 363.449279785, 342.474945068, 424.924072266, 178.602798462, 140.931228638, 157.285140991, 115.810211182, 80.5371856689, 43.0757789612, 41.3678321838, 20.61120224, 8.94999313354, 3.28680992126, 0.27717974782, 0.00475801480934, 0.000249557197094],
        "mean": [0.0110530657694, 0.248742073774, 1.45902490616, 3.30590009689, 5.32964134216, 8.98503017426, 11.4138174057, 8.22418212891, 19.9503383636, 22.586397171, 18.3633136749, 15.6632518768, 24.4980354309, 34.6383666992, 27.2272644043, 13.6772422791, 21.8248977661, 17.4165115356, 24.8333950043, 12.9676351547, 24.1326599121, 43.2604370117, 41.0688323975, 26.8929214478, 16.4656257629, 19.7075462341, 16.2986431122, 4.67191934586, 2.88204407692, 2.19726514816, 1.69759678841, 1.25135290623, 0.776489138603, 0.561085045338, 0.359677165747, 0.159863367677, 0.0464685969055, 0.00342809665017, 8.14601735328e-05, 2.49750719377e-05],
        "median": [0.00584754254669, 0.108007900417, 0.692956447601, 1.77892923355, 2.47518730164, 3.50759530067, 3.67681908607, 4.23139572144, 8.91976928711, 9.18864440918, 6.36403083801, 5.51882362366, 6.10629606247, 9.81005477905, 6.931889534, 6.59937238693, 8.64781188965, 7.11618041992, 10.3578147888, 7.214635849, 9.2014131546, 7.62046051025, 7.0260219574, 7.84481716156, 7.38812828064, 6.89710903168, 5.42871713638, 2.25126004219, 1.28411412239, 0.955548524857, 0.844606995583, 0.583851337433, 0.363247931004, 0.157154589891, 0.0626718699932, 0.0160896014422, 0.0026827279944, 9.5412171504e-05, 1.8398193788e-05, 2.57045085164e-05],
        "min": [2.96695067184e-23, 2.45467285657e-22, 8.64748869919e-22, 3.60339948498e-21, 5.71079880741e-21, 2.13506382872e-20, 2.79312817283e-20, 2.95347099534e-20, 6.94131648328e-20, 7.23509678641e-20, 1.11111436447e-19, 2.34394447866e-19, 1.41688439208e-19, 4.70394815193e-19, 7.13939224803e-19, 8.47296404279e-19, 1.25746363039e-18, 1.29505619749e-18, 1.72851972478e-18, 1.98691181959e-18, 2.28948145957e-18, 3.53479339316e-18, 3.64091942498e-18, 4.6439999948e-18, 6.59549607646e-18, 7.08575568576e-18, 7.3436474397e-18, 8.92267236334e-18, 8.85199557026e-18, 1.06505136966e-17, 1.01606879435e-17, 9.70495443942e-18, 8.32808666723e-18, 6.56080329439e-18, 5.57784637452e-18, 3.85491808049e-18, 2.12428832136e-18, 7.45900139504e-19, 2.19931349952e-19, 2.29712385879e-20],
        "var": [0.000393080816139, 0.217347055674, 6.29625988007, 21.5014228821, 78.4217147827, 247.40524292, 569.063842773, 186.819534302, 1024.80529785, 1467.61804199, 1950.15600586, 1200.18835449, 3384.58984375, 4715.89208984, 3650.98388672, 535.119567871, 1316.89306641, 2319.36157227, 2320.14868164, 480.769866943, 2206.08813477, 9400.66894531, 8207.07128906, 2420.66845703, 635.610473633, 893.113830566, 942.006164551, 74.9056930542, 42.7624549866, 32.4951019287, 15.8677501678, 7.09923219681, 2.37021636963, 2.16258192062, 1.04051041603, 0.237978830934, 0.0240526907146, 0.000150881736772, 6.0474981467e-08, 3.77744613367e-10]
    },
    "gfcc": {
        "mean": [-134.102752686, 79.424949646, -119.860481262, 34.9832572937, -59.3840370178, 8.34101104736, -38.0773391724, 8.51777267456, -28.0965099335, 0.646256864071, -14.126033783, -5.26494026184, -9.08274269104],
        "cov": [[119443.015625, 8977.59863281, -12874.2666016, 3574.25561523, -6711.78662109, 345.363464355, -4308.7421875, 1198.59460449, -3313.99609375, 162.073791504, -1583.84472656, -660.333007812, -1075.76879883], [8977.59863281, 1705.53771973, -1108.94421387, 301.753753662, -482.863037109, -42.2095069885, -296.390899658, -51.0375061035, -207.650299072, -130.98626709, -29.9094810486, -196.430450439, -3.68545508385], [-12874.2666016, -1108.94421387, 2777.14355469, -284.052825928, 744.867492676, 57.7024345398, 356.803955078, -143.968139648, 258.899353027, 87.6874160767, 19.9883365631, 98.8593063354, -41.227230072], [3574.25561523, 301.753753662, -284.052825928, 487.692260742, -141.590499878, -16.1202716827, -159.516693115, 29.5646839142, -86.9032516479, -38.3185386658, -39.1691398621, -44.4324760437, -50.3331985474], [-6711.78662109, -482.863037109, 744.867492676, -141.590499878, 575.841430664, -53.1180610657, 245.933151245, -32.1940727234, 175.453735352, -9.79242134094, 85.4031448364, 43.9701118469, 41.3647613525], [345.363464355, -42.2095069885, 57.7024345398, -16.1202716827, -53.1180610657, 265.174530029, 33.3372383118, -40.3600997925, -31.0257511139, 49.6640281677, -38.8883056641, -5.46651935577, -27.0376796722], [-4308.7421875, -296.390899658, 356.803955078, -159.516693115, 245.933151245, 33.3372383118, 294.96194458, -25.0681915283, 123.93536377, -7.96219873428, 71.9730300903, -2.36479663849, 62.1938667297], [1198.59460449, -51.0375061035, -143.968139648, 29.5646839142, -32.1940727234, -40.3600997925, -25.0681915283, 162.335586548, 0.753365218639, 3.6848256588, -23.7715759277, 19.5530967712, -19.6513404846], [-3313.99609375, -207.650299072, 258.899353027, -86.9032516479, 175.453735352, -31.0257511139, 123.93536377, 0.753365218639, 186.69367981, -9.27567481995, 66.2690200806, 13.3453407288, 37.74974823], [162.073791504, -130.98626709, 87.6874160767, -38.3185386658, -9.79242134094, 49.6640281677, -7.96219873428, 3.6848256588, -9.27567481995, 120.543457031, -13.2055912018, 13.2873897552, -29.4287376404], [-1583.84472656, -29.9094810486, 19.9883365631, -39.1691398621, 85.4031448364, -38.8883056641, 71.9730300903, -23.7715759277, 66.2690200806, -13.2055912018, 118.28062439, 3.54025888443, 36.2532043457], [-660.333007812, -196.430450439, 98.8593063354, -44.4324760437, 43.9701118469, -5.46651935577, -2.36479663849, 19.5530967712, 13.3453407288, 13.2873897552, 3.54025888443, 99.6524200439, -7.40138578415], [-1075.76879883, -3.68545508385, -41.227230072, -50.3331985474, 41.3647613525, -27.0376796722, 62.1938667297, -19.6513404846, 37.74974823, -29.4287376404, 36.2532043457, -7.40138578415, 97.6381072998]],
        "icov": [[0.000161930933245, -0.000351979397237, 0.000281524815364, -0.000288875744445, 0.000577911443543, -8.51371369208e-05, 0.000405825296184, -0.000708502891939, 0.000888260954525, -0.000535694183782, 0.000428396422649, -0.000173364765942, 0.000394202797906], [-0.000351979397237, 0.00211305799894, -0.000381079735234, 0.000561877968721, -0.000938587007113, 0.000197038505576, -7.98792170826e-05, 0.00203767721541, -0.00153692613821, 0.00227553839795, -0.00145208241884, 0.00238243560307, -0.000756537483539], [0.000281524815364, -0.000381079735234, 0.00124238186982, -0.000466164870886, 0.000335105258273, -9.72552079475e-05, 0.000497941800859, -0.000443958299002, 0.00113289570436, -0.00109061889816, 0.00144649494905, -0.000328984024236, 0.00146752200089], [-0.000288875744445, 0.000561877968721, -0.000466164870886, 0.00336484843865, -0.00128383468837, -8.33083031466e-05, 0.000667191983666, 0.000752232328523, -0.00120733818039, 0.00203186762519, -0.00110060442239, 0.00153300375678, 0.00022748435731], [0.000577911443543, -0.000938587007113, 0.000335105258273, -0.00128383468837, 0.00633921567351, 0.000745175988413, -0.000660968304146, -0.00219711218961, 0.00216624233872, -0.00141907937359, 0.000808432057966, -0.00127342157066, 0.00164920685347], [-8.51371369208e-05, 0.000197038505576, -9.72552079475e-05, -8.33083031466e-05, 0.000745175988413, 0.00538880424574, -0.00269021512941, 0.00217972951941, -0.000142182427226, -0.0015053760726, 0.00175208610017, -0.000391876586946, 0.00123526214156], [0.000405825296184, -7.98792170826e-05, 0.000497941800859, 0.000667191983666, -0.000660968304146, -0.00269021512941, 0.0100026754662, -0.00278930785134, 0.00101169652771, 0.000122657162137, -0.00155823328532, 0.00302472221665, -0.00192166934721], [-0.000708502891939, 0.00203767721541, -0.000443958299002, 0.000752232328523, -0.00219711218961, 0.00217972951941, -0.00278930785134, 0.0113917225972, -0.00530695309862, 0.00196137814783, 0.000732785090804, -0.000662243401166, 0.000395660608774], [0.000888260954525, -0.00153692613821, 0.00113289570436, -0.00120733818039, 0.00216624233872, -0.000142182427226, 0.00101169652771, -0.00530695309862, 0.0146924890578, -0.00234851706773, -0.00115190807264, -0.000248149590334, 0.000935574760661], [-0.000535694183782, 0.00227553839795, -0.00109061889816, 0.00203186762519, -0.00141907937359, -0.0015053760726, 0.000122657162137, 0.00196137814783, -0.00234851706773, 0.0130076147616, -0.00254128524102, 0.00184355606325, 0.00118347175885], [0.000428396422649, -0.00145208241884, 0.00144649494905, -0.00110060442239, 0.000808432057966, 0.00175208610017, -0.00155823328532, 0.000732785090804, -0.00115190807264, -0.00254128524102, 0.0147312982008, -0.00241956766695, 1.76054800249e-05], [-0.000173364765942, 0.00238243560307, -0.000328984024236, 0.00153300375678, -0.00127342157066, -0.000391876586946, 0.00302472221665, -0.000662243401166, -0.000248149590334, 0.00184355606325, -0.00241956766695, 0.0152005217969, -9.55860159593e-05], [0.000394202797906, -0.000756537483539, 0.00146752200089, 0.00022748435731, 0.00164920685347, 0.00123526214156, -0.00192166934721, 0.000395660608774, 0.000935574760661, 0.00118347175885, 1.76054800249e-05, -9.55860159593e-05, 0.0162218455225]]
    },
    "melbands": {
        "dmean": [0.000115835820907, 0.000409316038713, 0.000361700251233, 0.000249852600973, 0.000223358161747, 9.41066027735e-05, 0.000174221815541, 0.000143967932672, 7.75967491791e-05, 5.27990341652e-05, 6.04172309977e-05, 7.84955263953e-05, 5.19568966411e-05, 2.63544861809e-05, 2.26862557611e-05, 2.27271666517e-05, 1.65357523656e-05, 2.23307251872e-05, 1.36609232868e-05, 9.76484898274e-06, 1.51200620166e-05, 1.68987990037e-05, 2.64760783466e-05, 1.03931988633e-05, 9.68554377323e-06, 6.60970499666e-06, 4.57949363408e-06, 6.41197266305e-06, 5.86094938626e-06, 2.62285379904e-06, 1.3559930494e-06, 1.0954706795e-06, 1.02504191091e-06, 7.42852989788e-07, 5.64930246583e-07, 5.03071191815e-07, 4.01120587412e-07, 3.19063502729e-07, 2.95143479434e-07, 3.27997867089e-07],
        "dmean2": [0.000198183362954, 0.000710783002432, 0.00060593750095, 0.000398385454901, 0.000352413684595, 0.000146140271681, 0.000272814446362, 0.000228853503359, 0.000119365831779, 8.32543810247e-05, 9.19135272852e-05, 0.000121143792057, 8.29966229503e-05, 4.11536711908e-05, 3.59979385394e-05, 3.66968088201e-05, 2.56757612078e-05, 3.628896593e-05, 2.19096582441e-05, 1.57635822688e-05, 2.38723623625e-05, 2.58086984104e-05, 4.18363124481e-05, 1.64008306456e-05, 1.52129296112e-05, 1.06481511466e-05, 7.17097555025e-06, 9.86972645478e-06, 8.88250360731e-06, 4.15265412812e-06, 2.22757466872e-06, 1.78554489594e-06, 1.69895099589e-06, 1.18138075322e-06, 8.82336735231e-07, 7.76562785632e-07, 6.15194437614e-07, 4.93213349273e-07, 4.43484054813e-07, 4.92645085615e-07],
        "dvar": [8.73223626741e-08, 1.28400836275e-06, 4.95718666116e-07, 2.00497964897e-07, 2.25960832267e-07, 3.7744236181e-08, 1.15984583715e-07, 9.25130620999e-08, 4.31152322733e-08, 1.80668671135e-08, 2.36607871074e-08, 3.10225338751e-08, 1.84218702515e-08, 4.91310814255e-09, 2.42415887364e-09, 2.15643569668e-09, 3.86753029602e-09, 2.65628430363e-09, 1.81656978349e-09, 4.08487299541e-10, 1.1052274651e-09, 1.78098269465e-09, 5.35165156634e-09, 7.19033277363e-10, 4.34190572385e-10, 1.92330221194e-10, 1.03069358603e-10, 1.41614456273e-10, 1.69268307704e-10, 4.92954947695e-11, 1.64496558736e-11, 8.67650569447e-12, 1.08546782673e-11, 5.7682712773e-12, 3.17403091657e-12, 2.26837450733e-12, 1.21022603831e-12, 6.84955076598e-13, 7.56380201528e-13, 1.18523593717e-12],
        "dvar2": [2.30625531117e-07, 3.66951303477e-06, 1.39858707371e-06, 5.01829504174e-07, 5.25820610164e-07, 9.01172043655e-08, 2.84668630002e-07, 2.20154547037e-07, 9.13667079772e-08, 4.31119033806e-08, 5.04031483217e-08, 7.32339060505e-08, 4.66360035034e-08, 1.1945437528e-08, 5.74008129917e-09, 5.30803578869e-09, 8.34364222158e-09, 6.30036867122e-09, 4.21623580493e-09, 9.81847936288e-10, 2.44191200593e-09, 3.74401620817e-09, 1.26061667771e-08, 1.72367853324e-09, 9.93706339436e-10, 4.43291514607e-10, 2.35005820359e-10, 3.01025010474e-10, 3.45217077147e-10, 1.24148080705e-10, 4.36349914534e-11, 2.19123209161e-11, 2.72032934373e-11, 1.39532838409e-11, 7.13115070466e-12, 5.36755275643e-12, 2.7713458698e-12, 1.57023482758e-12, 1.803076243e-12, 2.64908993179e-12],
        "max": [0.00657371617854, 0.0219945143908, 0.0114460010082, 0.0108856391162, 0.0103391204029, 0.00536010460928, 0.00686761643738, 0.00785331241786, 0.00487949000672, 0.00429516285658, 0.00536525901407, 0.00387114542536, 0.00333279161714, 0.00221109995618, 0.00153632159345, 0.00105226994492, 0.00317913363688, 0.00160840910394, 0.00181160389911, 0.000556180719286, 0.000816774612758, 0.000883828033693, 0.00158588786144, 0.000841665605549, 0.000477428431623, 0.000297113205306, 0.000577084894758, 0.000252764875768, 0.000337938632583, 0.000228458520724, 0.000127172970679, 7.48051315895e-05, 0.000113046189654, 0.000103515179944, 8.24241287773e-05, 7.41681578802e-05, 3.3158234146e-05, 3.24508364429e-05, 2.9783896025e-05, 3.75955169147e-05],
        "mean": [0.00016579257499, 0.000625170185231, 0.000646465807222, 0.00048901012633, 0.000427321152529, 0.000177586494829, 0.000313880009344, 0.000249216449447, 0.000133075081976, 0.000100010169263, 0.000123602381791, 0.000143352852319, 9.82364581432e-05, 4.32510460087e-05, 4.2155457777e-05, 4.23489873356e-05, 3.01264044538e-05, 4.01793367928e-05, 2.25911571761e-05, 1.71923729795e-05, 2.89982817776e-05, 3.13223354169e-05, 7.28346276446e-05, 2.21862392209e-05, 2.14591964323e-05, 1.26772984004e-05, 9.82808887784e-06, 1.35811378641e-05, 1.22913988889e-05, 4.47101183454e-06, 2.08228971132e-06, 1.64195216712e-06, 1.39272788147e-06, 1.15988916605e-06, 9.8948237337e-07, 8.87132387106e-07, 7.10326276021e-07, 5.56843474442e-07, 4.69350936783e-07, 4.82250356981e-07],
        "median": [7.88032193668e-05, 0.000306790927425, 0.000348975358065, 0.000240012363065, 0.000141661512316, 8.66250775289e-05, 0.000141421653097, 9.34851559578e-05, 4.41355223302e-05, 2.91315136565e-05, 2.82603123196e-05, 3.71464957425e-05, 1.89104175661e-05, 1.5218792214e-05, 1.59532937687e-05, 1.67016187334e-05, 1.02792455436e-05, 1.57006106747e-05, 9.66588049778e-06, 8.27947405924e-06, 9.39746496442e-06, 6.60015757603e-06, 6.76436502545e-06, 5.41075587535e-06, 5.75850117457e-06, 5.480251275e-06, 4.1022503865e-06, 4.32294700659e-06, 3.54829217031e-06, 1.69015902429e-06, 9.34538547881e-07, 7.06939545125e-07, 5.13321992912e-07, 5.14229782311e-07, 4.96987354381e-07, 3.96622510834e-07, 3.25904011333e-07, 2.69175302492e-07, 1.74553548504e-07, 1.10787766516e-07],
        "min": [4.72064325053e-25, 8.5559410046e-25, 7.4663441356e-25, 1.16034309828e-24, 8.39099314755e-25, 4.44913310417e-25, 8.99175805853e-25, 8.95695943185e-25, 9.38545585657e-25, 1.21475941377e-24, 3.37989920032e-25, 1.58909481811e-24, 1.75035928638e-24, 1.766228604e-24, 2.09931387996e-24, 2.40130285068e-24, 1.77848079715e-24, 2.34943485174e-24, 1.81384227609e-24, 1.92785673715e-24, 2.61462129186e-24, 3.41448345405e-24, 3.3527302391e-24, 3.03088997813e-24, 2.9966360599e-24, 3.11763213719e-24, 3.5248943985e-24, 4.11501678701e-24, 4.24800532499e-24, 3.34064015687e-24, 3.85703876062e-24, 4.06180890781e-24, 4.44166042203e-24, 4.16309470374e-24, 4.1824332344e-24, 4.6659868255e-24, 4.72508828452e-24, 3.75196406576e-24, 4.57009092171e-24, 4.66705375987e-24],
        "var": [9.00123637848e-08, 1.14823114927e-06, 8.30595865864e-07, 5.2354471336e-07, 6.78184903791e-07, 8.64203997253e-08, 2.50820392012e-07, 1.96163043142e-07, 1.0099353176e-07, 5.05708683818e-08, 9.0157797672e-08, 8.67188276743e-08, 5.50615943951e-08, 9.26435284043e-09, 6.07913275275e-09, 5.29903898538e-09, 9.12525521812e-09, 6.57410437199e-09, 2.95139579443e-09, 8.79627815031e-10, 3.95364230243e-09, 5.68742120066e-09, 3.57830742814e-08, 2.63735389083e-09, 1.71410852179e-09, 4.59426829913e-10, 3.0906241455e-10, 4.6721981839e-10, 5.85316017876e-10, 9.38165656272e-11, 1.92550593525e-11, 1.33336649014e-11, 1.51790732761e-11, 9.56244198408e-12, 6.11347994797e-12, 4.19043228936e-12, 2.22408528226e-12, 1.20776674252e-12, 1.13325212929e-12, 1.9063034571e-12]
    },
    "mfcc": {
        "mean": [-706.661621094, 98.984085083, -6.85032892227, 22.4901294708, -0.860198140144, -1.69109857082, 1.25387704372, -1.32774019241, -4.20410776138, 1.01252925396, -5.50508594513, -0.0219411533326, -2.74716377258],
        "cov": [[30425.1679688, 5467.92431641, -902.58416748, 1356.50854492, -449.097198486, -672.889282227, -32.7612380981, -214.03288269, -329.210540771, 92.1814956665, -434.271453857, 124.806152344, -163.173416138], [5467.92431641, 1922.81213379, -76.539100647, 265.481231689, -28.1840591431, -51.0696601868, 19.4637317657, -64.3670425415, -86.2580032349, 7.66364622116, -96.8497772217, -22.8104190826, -49.9454841614], [-902.58416748, -76.539100647, 986.502807617, 65.171836853, 128.952606201, 190.163146973, -5.51756000519, -35.6032447815, -6.45534181595, -2.29597377777, 58.1657371521, -79.3094863892, -14.328836441], [1356.50854492, 265.481231689, 65.171836853, 437.299865723, 110.846504211, -72.6168746948, -9.26424503326, 11.6487045288, -24.7668151855, -20.7003879547, -18.7518215179, 38.5310974121, -24.0775814056], [-449.097198486, -28.1840591431, 128.952606201, 110.846504211, 205.156219482, 22.7183914185, -7.45542955399, 18.6499958038, -0.393507182598, -21.1519622803, 21.176197052, 8.74857711792, 3.07580900192], [-672.889282227, -51.0696601868, 190.163146973, -72.6168746948, 22.7183914185, 255.242431641, 59.4387931824, -25.1821498871, 7.00997829437, 4.07376194, 38.2450942993, -31.8851852417, -3.38771176338], [-32.7612380981, 19.4637317657, -5.51756000519, -9.26424503326, -7.45542955399, 59.4387931824, 127.930526733, 6.4953327179, 7.7414932251, 21.8745479584, -4.32518815994, -4.84817647934, -9.02870941162], [-214.03288269, -64.3670425415, -35.6032447815, 11.6487045288, 18.6499958038, -25.1821498871, 6.4953327179, 119.279762268, 28.14478302, -8.17593383789, 9.34035205841, 11.4359941483, 3.35604524612], [-329.210540771, -86.2580032349, -6.45534181595, -24.7668151855, -0.393507182598, 7.00997829437, 7.7414932251, 28.14478302, 89.188079834, 34.5703697205, 0.41265681386, -14.9971437454, 6.31539011002], [92.1814956665, 7.66364622116, -2.29597377777, -20.7003879547, -21.1519622803, 4.07376194, 21.8745479584, -8.17593383789, 34.5703697205, 94.764251709, 4.47351074219, -16.0549259186, 4.0692448616], [-434.271453857, -96.8497772217, 58.1657371521, -18.7518215179, 21.176197052, 38.2450942993, -4.32518815994, 9.34035205841, 0.41265681386, 4.47351074219, 91.4188613892, 27.9299716949, 5.90828847885], [124.806152344, -22.8104190826, -79.3094863892, 38.5310974121, 8.74857711792, -31.8851852417, -4.84817647934, 11.4359941483, -14.9971437454, -16.0549259186, 27.9299716949, 99.7211761475, 16.3620815277], [-163.173416138, -49.9454841614, -14.328836441, -24.0775814056, 3.07580900192, -3.38771176338, -9.02870941162, 3.35604524612, 6.31539011002, 4.0692448616, 5.90828847885, 16.3620815277, 53.3864822388]],
