{
"lowlevel": {
    "average_loudness": 0.55739814043,
    "barkbands_crest": {
        "dmean": 2.50206017494,
        "dmean2": 3.98783349991,
        "dvar": 5.19275617599,
        "dvar2": 12.8975639343,
        "max": 25.6089611053,
        "mean": 12.1035909653,
        "median": 11.1503953934,
        "min": 2.43017911911,
        "var": 25.5676078796
    },
    "barkbands_flatness_db": {
        "dmean": 0.018591934815,
        "dmean2": 0.0284862946719,
        "dvar": 0.000291533884592,
        "dvar2": 0.000651634705719,
        "max": 0.384222924709,
        "mean": 0.185331210494,
        "median": 0.182051122189,
        "min": 0.0332425199449,
        "var": 0.00253210263327
    },
    "barkbands_kurtosis": {
        "dmean": 4.78465604782,
        "dmean2": 7.48337888718,
        "dvar": 63.960193634,
        "dvar2": 156.834884644,
        "max": 160.124221802,
        "mean": 10.8057985306,
        "median": 6.17141151428,
        "min": -1.94337487221,
        "var": 211.567565918
    },
    "barkbands_skewness": {
        "dmean": 0.568856239319,
        "dmean2": 0.877763330936,
        "dvar": 0.350864291191,
        "dvar2": 0.811915278435,
        "max": 9.57696914673,
        "mean": 2.09486198425,
        "median": 1.94470214844,
        "min": -3.93153524399,
        "var": 2.52195453644
    },
    "barkbands_spread": {
        "dmean": 2.89294815063,
        "dmean2": 4.42211055756,
        "dvar": 19.2251815796,
        "dvar2": 38.0735206604,
        "max": 93.8554077148,
        "mean": 11.9168014526,
        "median": 9.01512527466,
        "min": 0.546465933323,
        "var": 117.882469177
    },
    "dissonance": {
        "dmean": 0.0323909409344,
        "dmean2": 0.0543754063547,
        "dvar": 0.000823183509056,
        "dvar2": 0.00225075264461,
        "max": 0.5,
        "mean": 0.425454229116,
        "median": 0.431758880615,
        "min": 0.162487939,
        "var": 0.00226611713879
    },
    "dynamic_complexity": 4.15677070618,
    "erbbands_crest": {
        "dmean": 3.00403738022,
        "dmean2": 4.75292253494,
        "dvar": 7.1517291069,
        "dvar2": 17.7459793091,
        "max": 34.1567344666,
        "mean": 12.7387723923,
        "median": 11.5811214447,
        "min": 2.07467198372,
        "var": 30.9297847748
    },
    "erbbands_flatness_db": {
        "dmean": 0.0162403322756,
        "dmean2": 0.0242122057825,
        "dvar": 0.000233527185628,
        "dvar2": 0.000491850369144,
        "max": 0.406031101942,
        "mean": 0.203663691878,
        "median": 0.198402181268,
        "min": 0.027171857655,
        "var": 0.00241763750091
    },
    "erbbands_kurtosis": {
        "dmean": 2.3090274334,
        "dmean2": 3.56738114357,
        "dvar": 11.4400348663,
        "dvar2": 27.0407524109,
        "max": 88.1811447144,
        "mean": 4.0572218895,
        "median": 2.1568107605,
        "min": -1.86672389507,
        "var": 37.8813667297
    },
    "erbbands_skewness": {
        "dmean": 0.466491907835,
        "dmean2": 0.720434367657,
        "dvar": 0.183984607458,
        "dvar2": 0.427334755659,
        "max": 7.77148294449,
        "mean": 1.19492983818,
        "median": 1.11699092388,
        "min": -3.35991716385,
        "var": 1.30266690254
    },
    "erbbands_spread": {
        "dmean": 5.0120677948,
        "dmean2": 7.52393913269,
        "dvar": 42.3060302734,
        "dvar2": 81.8995819092,
        "max": 129.297409058,
        "mean": 22.5029659271,
        "median": 19.0268478394,
        "min": 1.36647462845,
        "var": 240.081924438
    },
    "hfc": {
        "dmean": 3.10139513016,
        "dmean2": 4.56229114532,
        "dvar": 25.8008499146,
        "dvar2": 54.1738471985,
        "max": 129.162857056,
        "mean": 11.7283315659,
        "median": 7.01176929474,
        "min": 1.14589965532e-16,
        "var": 157.978912354
    },
    "melbands_crest": {
        "dmean": 2.81280446053,
        "dmean2": 4.40395545959,
        "dvar": 6.80038499832,
        "dvar2": 16.8106403351,
        "max": 33.6229667664,
        "mean": 14.4327898026,
        "median": 13.2064466476,
        "min": 2.00604915619,
        "var": 36.3966903687
    },
    "melbands_flatness_db": {
        "dmean": 0.0190989542753,
        "dmean2": 0.0288582425565,
        "dvar": 0.000343102234183,
        "dvar2": 0.000723840959836,
        "max": 0.449215531349,
        "mean": 0.243595823646,
        "median": 0.245459064841,
        "min": 0.00313955475576,
        "var": 0.00345180556178
    },
    "melbands_kurtosis": {
        "dmean": 5.65997409821,
        "dmean2": 8.8931427002,
        "dvar": 83.5325317383,
        "dvar2": 205.980712891,
        "max": 158.637710571,
        "mean": 12.9252662659,
        "median": 7.536195755,
        "min": -1.74368643761,
        "var": 272.657196045
    },
    "melbands_skewness": {
        "dmean": 0.571369051933,
        "dmean2": 0.876220345497,
        "dvar": 0.324207901955,
        "dvar2": 0.769822061062,
        "max": 9.72943878174,
        "mean": 2.12285685539,
        "median": 1.87107527256,
        "min": -3.31112575531,
        "var": 2.36059999466
    },
    "melbands_spread": {
        "dmean": 3.72877049446,
        "dmean2": 5.81426906586,
        "dvar": 35.3094291687,
        "dvar2": 75.1610717773,
        "max": 166.526046753,
        "mean": 14.3869876862,
        "median": 10.4883298874,
        "min": 0.663115262985,
        "var": 198.384613037
    },
    "pitch_salience": {
        "dmean": 0.0636007264256,
        "dmean2": 0.101173058152,
        "dvar": 0.00323322787881,
        "dvar2": 0.00795424543321,
        "max": 0.937731087208,
        "mean": 0.537310361862,
        "median": 0.553870022297,
        "min": 0.105566099286,
        "var": 0.0194172412157
    },
    "silence_rate_20dB": {
        "dmean": 0,
        "dmean2": 0,
        "dvar": 0,
        "dvar2": 0,
        "max": 1,
        "mean": 1,
        "median": 1,
        "min": 1,
        "var": 0
    },
    "silence_rate_30dB": {
        "dmean": 0.00104493205436,
        "dmean2": 0.00209013721906,
        "dvar": 0.00104374147486,
        "dvar2": 0.00286953430623,
        "max": 1,
        "mean": 0.999216377735,
        "median": 1,
        "min": 0,
        "var": 0.000782894494478
    },
    "silence_rate_60dB": {
        "dmean": 0.0336990579963,
        "dmean2": 0.0674069225788,
        "dvar": 0.0325593315065,
        "dvar2": 0.0733141228557,
        "max": 1,
        "mean": 0.135823428631,
        "median": 0,
        "min": 0,
        "var": 0.117372535169
    },
    "spectral_centroid": {
        "dmean": 112.136924744,
        "dmean2": 175.521255493,
        "dvar": 37972.5234375,
        "dvar2": 77738.625,
        "max": 11364.5683594,
        "mean": 795.840270996,
        "median": 642.971862793,
        "min": 316.833251953,
        "var": 256982.40625
    },
    "spectral_complexity": {
        "dmean": 1.75862073898,
        "dmean2": 2.93638134003,
        "dvar": 2.53186368942,
        "dvar2": 6.50759124756,
        "max": 35,
        "mean": 11.579208374,
        "median": 11,
        "min": 0,
        "var": 28.2602062225
    },
    "spectral_decrease": {
        "dmean": 1.2592262788e-09,
        "dmean2": 1.87486359771e-09,
        "dvar": 3.6893913817e-18,
        "dvar2": 7.98475294628e-18,
        "max": 9.85424986649e-29,
        "mean": -4.43836079e-09,
        "median": -2.88139845317e-09,
        "min": -3.32870762065e-08,
        "var": 2.05379516238e-17
    },
    "spectral_energy": {
        "dmean": 0.00500484462827,
        "dmean2": 0.00744641106576,
        "dvar": 5.79462284804e-05,
        "dvar2": 0.000125145234051,
        "max": 0.129519432783,
        "mean": 0.0178152415901,
        "median": 0.0115298479795,
        "min": 1.05103345777e-20,
        "var": 0.000326561159454
    },
    "spectral_energyband_high": {
        "dmean": 4.63135620521e-05,
        "dmean2": 6.75473856973e-05,
        "dvar": 3.1907781306e-08,
        "dvar2": 6.0076295938e-08,
        "max": 0.00798026844859,
        "mean": 0.000134943213197,
        "median": 6.21493018116e-05,
        "min": 7.24560456513e-21,
        "var": 8.94744118796e-08
    },
    "spectral_energyband_low": {
        "dmean": 0.000210200552829,
        "dmean2": 0.000325714849168,
        "dvar": 2.54522120713e-07,
        "dvar2": 6.0093088905e-07,
        "max": 0.0215640664101,
        "mean": 0.000688108673785,
        "median": 0.000318884616718,
        "min": 2.82412172515e-23,
        "var": 1.613552854e-06
    },
    "spectral_energyband_middle_high": {
        "dmean": 0.00122556253336,
        "dmean2": 0.00186358729843,
        "dvar": 8.19237266114e-06,
        "dvar2": 1.7753443899e-05,
        "max": 0.0791950002313,
        "mean": 0.00343706808053,
        "median": 0.0011517413659,
        "min": 1.57463442343e-21,
        "var": 3.81018580811e-05
    },
    "spectral_energyband_middle_low": {
        "dmean": 0.00455874297768,
        "dmean2": 0.00680500874296,
        "dvar": 5.33230013389e-05,
        "dvar2": 0.000117429051897,
        "max": 0.127040788531,
        "mean": 0.0137314638123,
        "median": 0.00800134520978,
        "min": 2.30733913546e-22,
        "var": 0.000262652261881
    },
    "spectral_entropy": {
        "dmean": 0.158263027668,
        "dmean2": 0.236491009593,
        "dvar": 0.0231300536543,
        "dvar2": 0.0462554879487,
        "max": 9.82216644287,
        "mean": 6.99283790588,
        "median": 6.97072935104,
        "min": 5.02149438858,
        "var": 0.259031355381
    },
    "spectral_flux": {
        "dmean": 0.0148812169209,
        "dmean2": 0.0247859098017,
        "dvar": 0.000343475665431,
        "dvar2": 0.000864308502059,
        "max": 0.254628747702,
        "mean": 0.0536130703986,
        "median": 0.0455239787698,
        "min": 6.66505392544e-11,
        "var": 0.0011209868826
    },
    "spectral_kurtosis": {
        "dmean": 1.61610972881,
        "dmean2": 2.60276675224,
        "dvar": 2.52441835403,
        "dvar2": 6.45509243011,
        "max": 31.4225006104,
        "mean": 8.46270561218,
        "median": 8.37650489807,
        "min": -1.22727656364,
        "var": 18.4219112396
    },
    "spectral_rms": {
        "dmean": 0.000532505509909,
        "dmean2": 0.000781043025199,
        "dvar": 3.73409989152e-07,
        "dvar2": 7.72730629706e-07,
        "max": 0.0112410150468,
        "mean": 0.00370305543765,
        "median": 0.00335389818065,
        "min": 3.20218439438e-12,
        "var": 3.66813674191e-06
    },
    "spectral_rolloff": {
        "dmean": 256.135864258,
        "dmean2": 441.790893555,
        "dvar": 514146.8125,
        "dvar2": 1113472,
        "max": 19444.4824219,
        "mean": 1183.69165039,
        "median": 753.662109375,
        "min": 43.06640625,
        "var": 2541403.25
    },
    "spectral_skewness": {
        "dmean": 0.207582145929,
        "dmean2": 0.320809364319,
        "dvar": 0.0401234552264,
        "dvar2": 0.0813729614019,
        "max": 5.01126146317,
        "mean": 2.49390864372,
        "median": 2.55953025818,
        "min": -0.0286583993584,
        "var": 0.421291917562
    },
    "spectral_spread": {
        "dmean": 406577.8125,
        "dmean2": 624333.9375,
        "dvar": 295676870656,
        "dvar2": 504657313792,
        "max": 41779936,
        "mean": 4998487,
        "median": 4641196,
        "min": 2197373.5,
        "var": 3.71852024218e+12
    },
    "spectral_strongpeak": {
        "dmean": 0.532756924629,
        "dmean2": 0.852494776249,
        "dvar": 0.60913592577,
        "dvar2": 1.42297565937,
        "max": 16.7981014252,
        "mean": 1.34725832939,
        "median": 0.9119374156,
        "min": 0,
        "var": 2.02864789963
    },
    "zerocrossingrate": {
        "dmean": 0.00693823676556,
        "dmean2": 0.00842299498618,
        "dvar": 0.000114413065603,
        "dvar2": 0.000123948484543,
        "max": 0.65380859375,
        "mean": 0.0527588613331,
        "median": 0.04345703125,
        "min": 0.013671875,
        "var": 0.00173603428993
    },
    "barkbands": {
        "dmean": [3.09622919303e-06, 6.51128211757e-05, 0.000131853405037, 0.000113006230094, 0.000914334552363, 0.00224104407243, 0.0011402531527, 0.00109020178206, 0.000861173204612, 0.00033394570346, 0.000333568168571, 0.000255402672337, 0.000249215081567, 0.000549470889382, 0.000191117782379, 0.000108002255729, 7.29339808458e-05, 1.25651304188e-05, 1.95057600649e-06, 8.55512007547e-06, 1.58752663992e-05, 1.91647468455e-05, 3.48897719959e-06, 1.1803948837e-05, 2.55169538832e-06, 2.3806956051e-06, 5.66297764237e-09],
        "dmean2": [5.49747619516e-06, 0.000102680707641, 0.000197849978576, 0.000188674632227, 0.00139047426637, 0.00336492201313, 0.00167275755666, 0.00162974186242, 0.00127010908909, 0.000515655381605, 0.000536995066795, 0.00041308440268, 0.000407859421102, 0.000827642856166, 0.000317203521263, 0.000181971714483, 0.000119139644084, 2.04936404771e-05, 3.19551418215e-06, 1.35908912853e-05, 2.48463165917e-05, 2.98529903375e-05, 5.43187161384e-06, 1.76323592314e-05, 4.14379428548e-06, 4.05777382184e-06, 9.85587256253e-09],
        "dvar": [6.5256522408e-11, 8.14207865574e-08, 1.14257112216e-07, 4.42149001856e-08, 4.12031295127e-06, 2.66339084192e-05, 1.14238691822e-05, 1.0058422049e-05, 6.65621701046e-06, 1.81653206255e-06, 1.01340015135e-06, 5.09497340317e-07, 9.03630620996e-07, 3.96627274313e-06, 5.64286665394e-07, 1.12096344651e-07, 4.01151076801e-08, 1.53792423241e-09, 3.13883953551e-11, 2.07680472819e-09, 3.23724136386e-09, 1.18089253931e-08, 1.55049764694e-10, 3.58276741608e-09, 3.11412735876e-11, 3.93872131091e-12, 3.46953132438e-17],
        "dvar2": [1.85698303956e-10, 2.08922983802e-07, 2.42580625809e-07, 1.28130764665e-07, 8.89269722393e-06, 5.78392064199e-05, 2.53680027527e-05, 2.29474153457e-05, 1.39965686685e-05, 4.13380530517e-06, 2.21761888497e-06, 1.30943431031e-06, 2.4240773655e-06, 8.30517001305e-06, 1.471095743e-06, 3.25902334453e-07, 1.04811405777e-07, 3.38851657844e-09, 7.39485347956e-11, 4.82985873518e-09, 7.25694127013e-09, 2.74064060335e-08, 3.2848504472e-10, 7.70658648008e-09, 6.79071104903e-11, 1.11670230354e-11, 9.50562674198e-17],
        "max": [0.000229874116485, 0.0146653642878, 0.0189815517515, 0.00581816071644, 0.058689661324, 0.114041246474, 0.0875043869019, 0.0719473212957, 0.0807735994458, 0.0575345307589, 0.0411856360734, 0.0215780101717, 0.038668833673, 0.0694254264235, 0.0280301533639, 0.00921678263694, 0.00614989642054, 0.00208617420867, 0.000179503564141, 0.00303679285571, 0.00168774835765, 0.00636583799496, 0.000384111859603, 0.00213911896572, 0.000173738677404, 4.53308457509e-05, 5.51375336499e-08],
        "mean": [2.83564463643e-06, 0.000155026689754, 0.000446140562417, 0.000208506462513, 0.00200526765548, 0.00534576131031, 0.00232137669809, 0.00194077042397, 0.00167890649755, 0.000535421539098, 0.000546910858247, 0.000414865353378, 0.000408287043683, 0.000988822430372, 0.000329517672071, 0.000182812000276, 0.000137134426041, 2.30147579714e-05, 3.15179818244e-06, 1.72681338881e-05, 3.1386349292e-05, 3.43288083968e-05, 8.38944015413e-06, 2.49624008575e-05, 1.11923818622e-05, 1.31757878989e-05, 5.9777280903e-09],
        "median": [1.23652023376e-06, 6.11794966972e-05, 0.000146284379298, 8.42306908453e-05, 0.000616193166934, 0.00163589883596, 0.000460114883026, 0.000492119637784, 0.000392568821553, 0.000135327660246, 0.00011715672008, 9.10811650101e-05, 7.01066819602e-05, 0.000117805633636, 5.86373680562e-05, 3.5311528336e-05, 2.75708407571e-05, 4.6900227062e-06, 1.20061656617e-06, 4.87331499244e-06, 7.81409380579e-06, 8.3371587607e-06, 4.70310669698e-06, 8.10221627034e-06, 9.9065964605e-06, 1.28123137983e-05, 4.03268662907e-09],
        "min": [8.62256030805e-25, 2.31424668554e-23, 3.00086711537e-24, 1.61506697873e-24, 2.05504624029e-23, 1.69707394105e-23, 1.53744336148e-23, 3.78729817123e-23, 3.60760701662e-23, 4.95941073894e-23, 3.58445394905e-23, 3.20278158608e-23, 7.58351615048e-23, 8.49254833947e-23, 7.81816945317e-23, 1.63436858676e-22, 9.43925715638e-23, 1.60516558714e-22, 1.40133251203e-22, 2.19159948293e-22, 3.49407522799e-22, 4.50419129607e-22, 4.64172723852e-22, 7.45147711704e-22, 1.10204095651e-21, 1.47217398837e-21, 2.20723069235e-21],
        "var": [5.17602523342e-11, 1.44583921724e-07, 1.0665054333e-06, 1.14183080768e-07, 1.72545787791e-05, 0.000120011529361, 4.30414402217e-05, 2.65311773546e-05, 2.30430923693e-05, 3.15535135087e-06, 2.6918378353e-06, 1.24893131215e-06, 1.51936308157e-06, 1.24570979096e-05, 1.30952753352e-06, 2.08479434605e-07, 1.16422100405e-07, 5.32353761074e-09, 5.82891235279e-11, 3.89438747916e-09, 7.85311726759e-09, 1.80182340159e-08, 3.59336060907e-10, 9.381667887e-09, 7.50461082166e-11, 1.35511610613e-11, 3.93520092202e-17]
    },
    "erbbands": {
        "dmean": [0.000921733502764, 0.0188892260194, 0.119574218988, 0.262743681669, 0.640275120735, 3.58822536469, 12.4635505676, 19.0756263733, 12.9580459595, 25.5297851562, 20.852481842, 16.6087284088, 15.5175428391, 7.89601516724, 11.24908638, 8.90973854065, 10.0950365067, 25.3970394135, 13.7081708908, 8.10869789124, 5.53474807739, 4.24456167221, 0.942700386047, 0.176492124796, 0.1502930969, 0.359909415245, 0.746600270271, 0.629259705544, 0.651337146759, 0.352027982473, 0.100975424051, 0.258214950562, 0.183700695634, 0.0402924641967, 0.018526526168, 0.012929962948, 0.00552932545543, 0.000338620593539, 6.87482315698e-06, 5.74524938202e-06],
        "dmean2": [0.0015080391895, 0.0293599721044, 0.17662344873, 0.436466664076, 1.01825225353, 5.43600130081, 19.1174659729, 28.2607212067, 18.1505222321, 38.3170433044, 31.2194652557, 24.3669395447, 23.5049934387, 12.4416952133, 17.9838905334, 14.5459794998, 16.2270469666, 38.8374710083, 20.6768283844, 13.652007103, 9.27788448334, 6.91578912735, 1.51749527454, 0.2914018929, 0.242700174451, 0.565879106522, 1.18246436119, 0.966618061066, 1.02623808384, 0.549474537373, 0.160070881248, 0.39036950469, 0.280620872974, 0.0639076083899, 0.0312145780772, 0.021922301501, 0.0094969952479, 0.000582071428653, 1.14369049697e-05, 8.54764402902e-06],
        "dvar": [2.14507108467e-05, 0.00570123596117, 0.0784037709236, 0.274974018335, 1.48600137234, 65.4730072021, 1023.8404541, 2174.17431641, 1389.17053223, 6732.29882812, 3672.56640625, 2888.63574219, 3057.24316406, 322.499389648, 1191.25927734, 674.861694336, 1028.74511719, 8547.95703125, 3930.18676758, 798.512084961, 259.191925049, 126.459465027, 7.09613990784, 0.184455305338, 0.187256500125, 2.49493718147, 10.2436285019, 7.01106834412, 16.3083629608, 3.10647964478, 0.144451126456, 1.68108713627, 1.18987810612, 0.0196518730372, 0.000514446175657, 0.000135818088893, 2.05083506444e-05, 8.14083875866e-08, 3.24063935409e-11, 7.38337724293e-11],
        "dvar2": [5.69591611566e-05, 0.0144675886258, 0.16164162755, 0.748216092587, 3.76378154755, 144.607223511, 2371.51831055, 4617.58837891, 2784.1184082, 16534.6386719, 7889.83349609, 5986.38818359, 6236.74511719, 751.117736816, 2647.18920898, 1819.62683105, 2654.55102539, 18187.6582031, 8292.44921875, 2365.19262695, 728.28515625, 328.988800049, 15.8377532959, 0.489673167467, 0.429557204247, 5.46551609039, 25.5025863647, 13.9503440857, 39.7646980286, 6.20851802826, 0.302733153105, 3.63523507118, 2.81298279762, 0.0423572063446, 0.00116792123299, 0.000373333343305, 5.96053105255e-05, 2.37905098288e-07, 8.76516637049e-11, 1.5953081911e-10],
        "max": [0.252687782049, 3.81186413765, 14.0882196426, 20.5559616089, 42.0365028381, 272.056335449, 989.014770508, 1385.49401855, 1638.29431152, 2217.51635742, 1687.6739502, 2205.67626953, 2066.14819336, 489.309417725, 1228.82617188, 791.491760254, 1151.52258301, 4113.11132812, 2342.26269531, 984.354553223, 450.319366455, 410.546936035, 131.715957642, 11.975361824, 15.1901245117, 98.2526855469, 146.621414185, 103.469215393, 240.203262329, 73.6026763916, 14.076877594, 53.7066955566, 48.5904350281, 4.20503997803, 0.789945840836, 0.338078945875, 0.0736662745476, 0.00405261246487, 0.000100315679447, 0.000145102560055],
        "mean": [0.00183912599459, 0.0509696155787, 0.426889628172, 0.629017949104, 1.42072200775, 7.44222974777, 27.9095611572, 45.4684486389, 30.685464859, 48.6185112, 42.3941230774, 32.7492980957, 27.7608470917, 14.9822769165, 20.0380134583, 16.1279010773, 19.191652298, 46.7126235962, 27.1537513733, 15.23432827, 10.4708099365, 8.36744403839, 2.08615851402, 0.343124181032, 0.319074600935, 0.78166860342, 1.38755989075, 1.2369863987, 1.15860271454, 0.654621899128, 0.246966272593, 0.514874815941, 0.373783737421, 0.129915460944, 0.0836838558316, 0.0616706125438, 0.0267911870033, 0.00134692981374, 3.71072273992e-05, 2.22587314056e-05],
        "median": [0.000710695108864, 0.0218259431422, 0.15136231482, 0.293483167887, 0.662299931049, 2.46074581146, 7.94567632675, 13.5323019028, 8.56181430817, 12.2090005875, 12.9855451584, 8.86167621613, 6.62779855728, 5.83270692825, 4.28389930725, 3.62610077858, 3.75084686279, 5.80478334427, 4.0298948288, 3.09718585014, 2.12274694443, 1.8412733078, 0.491665005684, 0.104855440557, 0.108364902437, 0.236663401127, 0.311657845974, 0.311723172665, 0.292958825827, 0.192003875971, 0.134972587228, 0.153335988522, 0.139944761992, 0.0978868305683, 0.0786224380136, 0.0593192763627, 0.0259509272873, 0.00129122787621, 3.54564945155e-05, 1.51420917973e-05],
        "min": [7.1001045859e-22, 3.34664573285e-21, 4.04361547502e-21, 4.90153667176e-21, 2.70015468756e-20, 4.80423979455e-20, 8.10421739472e-20, 1.14489719617e-19, 2.47837063399e-19, 2.81902351427e-19, 6.71550767903e-19, 8.28741243875e-19, 1.0520400461e-18, 1.32351183095e-18, 2.5177247856e-18, 1.77320950154e-18, 3.21620374626e-18, 4.73214932395e-18, 3.63566186501e-18, 7.00701967198e-18, 8.68056404267e-18, 5.65287165608e-18, 8.06870681537e-18, 8.82789070003e-18, 8.44302754925e-18, 1.03237384772e-17, 1.37607144542e-17, 1.30990121503e-17, 1.51177464353e-17, 1.37646468708e-17, 1.10787723967e-17, 1.31721382252e-17, 1.34169117218e-17, 1.0746972055e-17, 8.3101980593e-18, 5.53531646973e-18, 2.97699428005e-18, 1.1504572716e-18, 2.9584794447e-19, 2.97858658981e-20],
        "var": [3.34248761646e-05, 0.0119619537145, 0.860896706581, 1.08375322819, 4.59452486038, 229.355117798, 4039.8034668, 10353.5859375, 7207.17919922, 20191.1132812, 13649.3164062, 7819.22363281, 7341.39697266, 770.487915039, 3329.51367188, 1853.64697266, 2423.83837891, 26104.9023438, 11842.4824219, 1936.64135742, 558.731933594, 411.850494385, 32.5003623962, 0.467018544674, 0.47627300024, 5.61527967453, 22.2838840485, 14.802482605, 21.6142406464, 5.79642009735, 0.367569625378, 3.99881386757, 2.34421467781, 0.0455495193601, 0.00136191293132, 0.000395481853047, 5.88908696955e-05, 1.82012612981e-07, 1.14668267936e-10, 4.22313184423e-10]
    },
    "gfcc": {
        "mean": [-56.6200790405, 90.8690719604, -104.795211792, -17.568107605, -76.2324066162, 11.2569360733, -59.3027114868, 0.143033593893, -22.5615577698, 15.0497379303, -29.9307537079, 5.46643400192, -9.37363052368],
        "cov": [[2889.40844727, 645.131591797, -825.128173828, -95.6276473999, 0.653257548809, -120.481712341, 20.1041469574, -151.206680298, 97.9412460327, -21.0031909943, -20.1224422455, -55.2822532654, 56.4695701599], [645.131591797, 586.805358887, 53.9300498962, -152.163101196, 32.2654685974, -103.492500305, -22.3309707642, -39.468585968, -14.559463501, -30.079410553, 24.168586731, -12.550028801, 3.58987855911], [-825.128173828, 53.9300498962, 844.131103516, 129.360595703, -136.867385864, -10.2635297775, -118.992622375, 35.0235595703, -87.8574066162, -39.0096321106, 16.3172588348, 51.5172843933, -27.8691101074], [-95.6276473999, -152.163101196, 129.360595703, 356.214447021, 55.0425567627, 5.29110908508, 0.714531779289, 30.0140514374, 22.3346710205, -0.399705410004, -32.4325866699, 26.7043857574, 3.98180508614], [0.653257548809, 32.2654685974, -136.867385864, 55.0425567627, 260.998809814, 66.5310516357, 50.6359176636, 53.4970169067, 1.05827236176, 23.2196407318, -28.5513725281, -31.4220752716, -26.5265769958], [-120.481712341, -103.492500305, -10.2635297775, 5.29110908508, 66.5310516357, 220.191879272, 104.348144531, 12.0492258072, -46.3708114624, 27.3098258972, -23.4363613129, -53.6619415283, -32.1523361206], [20.1041469574, -22.3309707642, -118.992622375, 0.714531779289, 50.6359176636, 104.348144531, 186.388442993, 48.0902481079, -14.1753931046, 44.1925086975, -5.76603841782, -45.4459953308, -25.1462898254], [-151.206680298, -39.468585968, 35.0235595703, 30.0140514374, 53.4970169067, 12.0492258072, 48.0902481079, 133.506439209, 43.0230979919, 10.1175689697, -9.09422492981, 4.49922466278, -20.7818145752], [97.9412460327, -14.559463501, -87.8574066162, 22.3346710205, 1.05827236176, -46.3708114624, -14.1753931046, 43.0230979919, 132.543289185, 22.9537963867, 1.919683218, 7.94461917877, 10.3967599869], [-21.0031909943, -30.079410553, -39.0096321106, -0.399705410004, 23.2196407318, 27.3098258972, 44.1925086975, 10.1175689697, 22.9537963867, 85.2196350098, 17.5786018372, -22.8863525391, -12.6250524521], [-20.1224422455, 24.168586731, 16.3172588348, -32.4325866699, -28.5513725281, -23.4363613129, -5.76603841782, -9.09422492981, 1.919683218, 17.5786018372, 85.8175125122, 43.3470115662, 5.69595432281], [-55.2822532654, -12.550028801, 51.5172843933, 26.7043857574, -31.4220752716, -53.6619415283, -45.4459953308, 4.49922466278, 7.94461917877, -22.8863525391, 43.3470115662, 114.937980652, 49.8523139954], [56.4695701599, 3.58987855911, -27.8691101074, 3.98180508614, -26.5265769958, -32.1523361206, -25.1462898254, -20.7818145752, 10.3967599869, -12.6250524521, 5.69595432281, 49.8523139954, 89.2548141479]],
        "icov": [[0.00186214805581, -0.00380437378772, 0.00363884470426, -0.00284296926111, 0.00357892783359, -0.00238616880961, 0.00293217133731, -0.00179393950384, 0.00128870096523, -0.00117275223602, 0.000555354927201, -0.000190973179997, 0.000605620793067], [-0.00380437378772, 0.0109713394195, -0.00894603505731, 0.00781144108623, -0.00987664144486, 0.00762865925208, -0.00858356803656, 0.00642704404891, -0.00416765594855, 0.00443116109818, -0.00185483670793, 0.00146017142106, -0.00187019282021], [0.00363884470426, -0.00894603505731, 0.0102710798383, -0.00768010225147, 0.01005792059, -0.00678571639583, 0.00967261381447, -0.00760219665244, 0.00602310243994, -0.00394729757681, 0.000794213265181, -0.0008225737256, 0.00225594569929], [-0.00284296926111, 0.00781144108623, -0.00768010225147, 0.00944594480097, -0.00852157827467, 0.00567011442035, -0.00751179689541, 0.00588150927797, -0.00473361555487, 0.00280560855754, 0.00125660072081, -0.00131780887023, -0.000967826403212], [0.00357892783359, -0.00987664144486, 0.01005792059, -0.00852157827467, 0.0151216266677, -0.00835575722158, 0.00987813342363, -0.00948928017169, 0.00622205995023, -0.00541479606181, 0.00208071456291, -0.000757177534979, 0.00251076486893], [-0.00238616880961, 0.00762865925208, -0.00678571639583, 0.00567011442035, -0.00835575722158, 0.0130384387448, -0.0101466979831, 0.00604613730684, -0.00175260170363, 0.00251974072307, 5.00635323988e-05, 0.00198252615519, -0.000956252100877], [0.00293217133731, -0.00858356803656, 0.00967261381447, -0.00751179689541, 0.00987813342363, -0.0101466979831, 0.0191889181733, -0.0120300482959, 0.0079949228093, -0.00727740256116, -0.000704902631696, 0.00182247592602, 0.00079762225505], [-0.00179393950384, 0.00642704404891, -0.00760219665244, 0.00588150927797, -0.00948928017169, 0.00604613730684, -0.0120300482959, 0.0191617738456, -0.0101258326322, 0.00467577856034, 0.00207377108745, -0.00358137302101, 0.00237931474112], [0.00128870096523, -0.00416765594855, 0.00602310243994, -0.00473361555487, 0.00622205995023, -0.00175260170363, 0.0079949228093, -0.0101258326322, 0.0155487377197, -0.00661374581978, 0.000239754823269, 0.000807802833151, -0.000656399817672], [-0.00117275223602, 0.00443116109818, -0.00394729757681, 0.00280560855754, -0.00541479606181, 0.00251974072307, -0.00727740256116, 0.00467577856034, -0.00661374581978, 0.0196471214294, -0.00735539197922, 0.00546179851517, -0.00148888770491], [0.000555354927201, -0.00185483670793, 0.000794213265181, 0.00125660072081, 0.00208071456291, 5.00635323988e-05, -0.000704902631696, 0.00207377108745, 0.000239754823269, -0.00735539197922, 0.0206349901855, -0.0118013033643, 0.00504213524982], [-0.000190973179997, 0.00146017142106, -0.0008225737256, -0.00131780887023, -0.000757177534979, 0.00198252615519, 0.00182247592602, -0.00358137302101, 0.000807802833151, 0.00546179851517, -0.0118013033643, 0.0209430120885, -0.0102331424132], [0.000605620793067, -0.00187019282021, 0.00225594569929, -0.000967826403212, 0.00251076486893, -0.000956252100877, 0.00079762225505, 0.00237931474112, -0.000656399817672, -0.00148888770491, 0.00504213524982, -0.0102331424132, 0.0180836487561]]
    },
    "melbands": {
        "dmean": [1.32650802698e-05, 4.92881663376e-05, 5.23358830833e-05, 0.000119523065223, 0.000379185599741, 0.000420634023612, 0.00020913904882, 0.000277061772067, 0.00016518071061, 0.000107564235805, 7.81691851444e-05, 3.19569735439e-05, 4.66066303488e-05, 2.48163287324e-05, 2.70300843113e-05, 3.04888562823e-05, 5.08634620928e-05, 2.66982060566e-05, 1.39194207804e-05, 7.28376517145e-06, 7.02080205883e-06, 5.22866139363e-06, 1.80999302302e-06, 5.40775204172e-07, 1.12768233862e-07, 8.34013107465e-08, 1.75860748186e-07, 2.7991561069e-07, 5.84839881412e-07, 2.81367476873e-07, 4.6083533789e-07, 4.82938617097e-07, 2.70844424222e-07, 1.50883664674e-07, 4.74359502789e-08, 1.03283390729e-07, 1.84189460128e-07, 1.58914971848e-07, 7.01915539025e-08, 2.80831820021e-08],
        "dmean2": [2.10981306736e-05, 7.33754859539e-05, 8.55848702486e-05, 0.000181851661182, 0.000583848741371, 0.000623504107352, 0.000297662598314, 0.000416166032664, 0.000246958923526, 0.000159114963026, 0.000118329240649, 5.01246649947e-05, 7.4611241871e-05, 4.02562945965e-05, 4.38441857114e-05, 4.92981016578e-05, 7.69851612858e-05, 4.00138451369e-05, 2.34526487475e-05, 1.22998962979e-05, 1.16602850539e-05, 8.55124199006e-06, 2.94153392133e-06, 8.95935841072e-07, 1.89578969412e-07, 1.3653084352e-07, 2.88876606191e-07, 4.42874465989e-07, 9.35095670229e-07, 4.49523042789e-07, 7.16004763035e-07, 7.7743681004e-07, 4.21885943069e-07, 2.39670725932e-07, 7.84036942036e-08, 1.63356560279e-07, 2.77300728158e-07, 2.45033277224e-07, 1.1051498916e-07, 4.64627625263e-08],
        "dvar": [4.16432088812e-09, 1.40906815105e-08, 8.85573392395e-09, 6.87876280381e-08, 8.10527751582e-07, 9.86603708952e-07, 3.21360857924e-07, 7.12254802693e-07, 2.48792730417e-07, 1.18198038024e-07, 7.54001945324e-08, 5.52905854434e-09, 2.23708855884e-08, 5.10177011748e-09, 9.2408454222e-09, 1.43292764321e-08, 3.58317500115e-08, 1.84969177752e-08, 3.39650840786e-09, 6.97139623806e-10, 4.71488403875e-10, 2.10997441741e-10, 3.15718423627e-11, 1.95617588968e-12, 9.41269496157e-14, 5.96553039714e-14, 2.46955721931e-13, 1.99819848168e-12, 7.4879668438e-12, 9.63224291994e-13, 4.50046770684e-12, 1.06118907064e-11, 1.35951167858e-12, 5.96106551707e-13, 2.38412076675e-14, 2.09016953593e-13, 8.6503666643e-13, 8.62886368261e-13, 1.35779638943e-13, 3.62880942472e-15],
        "dvar2": [1.08452518077e-08, 3.06769543101e-08, 2.37009736281e-08, 1.51191372311e-07, 1.88027831882e-06, 2.10116081689e-06, 6.50280640002e-07, 1.75432330707e-06, 5.224616757e-07, 2.54142065614e-07, 1.53895939548e-07, 1.29277228922e-08, 4.91089764409e-08, 1.37116984433e-08, 2.36154047428e-08, 3.77790954076e-08, 7.38737711004e-08, 3.78404685364e-08, 9.31530674819e-09, 2.1478039347e-09, 1.29727861786e-09, 5.51026835272e-10, 7.36490868292e-11, 4.80877750814e-12, 2.53847534356e-13, 1.48030120605e-13, 6.02260754289e-13, 4.48647022311e-12, 1.9349726682e-11, 2.18468602584e-12, 9.09583259406e-12, 2.70007332465e-11, 2.713852797e-12, 1.23249490041e-12, 5.81750291928e-14, 4.46206683798e-13, 1.91107004353e-12, 2.05022067032e-12, 3.25604885935e-13, 8.19353011681e-15],
        "max": [0.00343891559169, 0.00528870383278, 0.0030854253564, 0.00906450208277, 0.0264053419232, 0.0276127140969, 0.0215374324471, 0.0229950733483, 0.0180080719292, 0.0139843448997, 0.0105335628614, 0.00245350669138, 0.00600785156712, 0.00222616875544, 0.00315928482451, 0.00540253939107, 0.00848617590964, 0.00536319287494, 0.00287934439257, 0.00107023934834, 0.000631338683888, 0.00053303851746, 0.000237937638303, 6.03245789534e-05, 8.89803141035e-06, 7.5368002399e-06, 1.54212975758e-05, 9.05568522285e-05, 0.000140676522278, 3.24138200085e-05, 8.95445264177e-05, 0.000188783771591, 4.84109077661e-05, 3.47400346072e-05, 6.00153998676e-06, 1.77294841706e-05, 3.79560333386e-05, 3.90686691389e-05, 1.41498057928e-05, 2.08537153412e-06],
        "mean": [2.92173499474e-05, 0.000172061932972, 0.000129557534819, 0.00025127720437, 0.000861795153469, 0.00101925781928, 0.000479363457998, 0.000523962022271, 0.000332984665874, 0.00020658923313, 0.000136164569994, 5.76571001147e-05, 7.80014379416e-05, 4.04873426305e-05, 4.63576579932e-05, 5.08496304974e-05, 9.10835078685e-05, 4.8569876526e-05, 2.51215406024e-05, 1.26427794385e-05, 1.20694048746e-05, 9.46319232753e-06, 3.40809788213e-06, 9.71981421571e-07, 1.65133101859e-07, 1.34928754392e-07, 3.51659082298e-07, 5.31925479663e-07, 1.01360478766e-06, 5.48272453216e-07, 8.23664606742e-07, 7.67962319514e-07, 4.85554551233e-07, 2.67467271442e-07, 1.01213124992e-07, 2.12567243807e-07, 3.48465903244e-07, 2.97354205259e-07, 1.55142089397e-07, 9.15035229809e-08],
        "median": [1.13048627099e-05, 6.71814923408e-05, 6.4802748966e-05, 9.31557442527e-05, 0.000264055008302, 0.000310590927256, 0.000126405924675, 0.000132138462504, 9.79427277343e-05, 4.90197489853e-05, 2.9898395951e-05, 2.21572881856e-05, 1.56642654474e-05, 8.38532105263e-06, 7.3412452366e-06, 7.96436870587e-06, 1.0460710655e-05, 5.90497302255e-06, 4.20922515332e-06, 2.72888860309e-06, 1.86358158771e-06, 1.87829039078e-06, 6.43104840492e-07, 1.96523586737e-07, 4.92594303125e-08, 5.01712662526e-08, 1.05058333588e-07, 1.4390832348e-07, 1.8649474498e-07, 1.46020909142e-07, 1.80368019187e-07, 1.67064698076e-07, 1.24241694266e-07, 9.19235674246e-08, 6.83948897517e-08, 8.5074802314e-08, 9.6124139759e-08, 9.90306645576e-08, 8.58233661916e-08, 7.92553151996e-08],
        "min": [7.61854409903e-24, 3.0189683177e-24, 1.66958959324e-24, 2.54121581248e-24, 3.13683064504e-24, 3.17752955686e-24, 3.29931962265e-24, 4.8080926234e-24, 4.91357358162e-24, 4.31664687337e-24, 4.99030844845e-24, 5.14341727825e-24, 6.60444486714e-24, 2.56490372774e-24, 6.75594284297e-24, 9.24304615001e-24, 8.77447539409e-24, 4.79148118488e-24, 5.36166984718e-24, 9.35638731829e-24, 1.04164893683e-23, 4.61529699031e-24, 7.51241706373e-24, 7.04437563347e-24, 6.84714857425e-24, 6.25997139793e-24, 7.13755746132e-24, 4.87487482662e-24, 7.44140696048e-24, 6.91423409449e-24, 8.4057412966e-24, 8.6536361029e-24, 8.07098186058e-24, 7.6168961686e-24, 5.78309314781e-24, 6.81090199338e-24, 7.42554691198e-24, 9.49263306295e-24, 8.06622108502e-24, 8.96633741029e-24],
        "var": [6.67567956469e-09, 1.22515317003e-07, 3.71521977627e-08, 2.33975654851e-07, 3.33973912348e-06, 4.75697697766e-06, 1.51083634137e-06, 2.04524121727e-06, 1.02115609479e-06, 3.05603748529e-07, 1.81205436434e-07, 1.20029364226e-08, 5.93045186292e-08, 1.15087113173e-08, 2.68351083577e-08, 2.51067291401e-08, 1.12646716843e-07, 5.64214666099e-08, 9.4666816608e-09, 1.28532384736e-09, 9.34442412337e-10, 6.17034257022e-10, 9.31393920323e-11, 6.66043739259e-12, 1.74847346345e-13, 1.07226497104e-13, 5.99212845141e-13, 3.73285907393e-12, 1.46493286252e-11, 2.37575128841e-12, 8.49883271398e-12, 1.21971573466e-11, 2.84925663792e-12, 9.8935768432e-13, 4.27282991974e-14, 4.92608720742e-13, 2.00404233139e-12, 1.68699928159e-12, 2.37395823485e-13, 7.33669784539e-15]
    },
    "mfcc": {
        "mean": [-713.439025879, 145.046264648, 12.2908554077, -21.0678710938, -6.17054080963, 1.92179882526, -24.4961185455, -18.5434513092, 4.75912666321, -7.49817705154, -7.69297599792, 4.32001304626, -4.79731035233],
        "cov": [[2394.33666992, 445.031036377, -800.846496582, -53.3023872375, -156.917678833, 117.992637634, -144.797439575, -87.1745529175, 126.093299866, -87.0699920654, -16.7271251678, 149.110824585, -92.6848373413], [445.031036377, 705.59387207, -8.10623550415, -91.6983261108, 5.16615533829, -72.5220184326, -10.2340211868, -41.5749130249, -53.8666267395, -24.3351421356, -11.2702999115, -15.0046110153, 4.89915370941], [-800.846496582, -8.10623550415, 806.099487305, 116.093193054, 42.703918457, -74.0029602051, -25.9699268341, 21.4776763916, -115.142166138, -25.0808029175, -36.6068534851, -64.1058044434, 4.74061393738], [-53.3023872375, -91.6983261108, 116.093193054, 285.223724365, 85.7496566772, -22.1598300934, -35.2120780945, 19.4153118134, 45.4341506958, -32.8315811157, -10.1011610031, 48.3253517151, 31.6988334656], [-156.917678833, 5.16615533829, 42.703918457, 85.7496566772, 190.007476807, 9.33449172974, -16.4585094452, 30.0673618317, 18.6185474396, 5.45359373093, -21.3576183319, 5.30686903, 24.3006744385], [117.992637634, -72.5220184326, -74.0029602051, -22.1598300934, 9.33449172974, 166.372650146, 92.9872512817, -11.3117818832, 35.1817474365, 22.3675193787, 1.07187044621, 2.88810825348, -10.846121788], [-144.797439575, -10.2340211868, -25.9699268341, -35.2120780945, -16.4585094452, 92.9872512817, 236.60723877, 33.387878418, 3.78844404221, 60.9777946472, 29.1238708496, -16.5220470428, 9.22355461121], [-87.1745529175, -41.5749130249, 21.4776763916, 19.4153118134, 30.0673618317, -11.3117818832, 33.387878418, 102.050064087, 36.1250152588, 1.94001615047, 12.0510578156, 12.3810186386, 14.080739975], [126.093299866, -53.8666267395, -115.142166138, 45.4341506958, 18.6185474396, 35.1817474365, 3.78844404221, 36.1250152588, 145.653091431, 30.7938423157, -2.68570399284, 38.7198829651, 20.2485752106], [-87.0699920654, -24.3351421356, -25.0808029175, -32.8315811157, 5.45359373093, 22.3675193787, 60.9777946472, 1.94001615047, 30.7938423157, 129.850875854, 49.039390564, -33.3320426941, 0.938611924648], [-16.7271251678, -11.2702999115, -36.6068534851, -10.1011610031, -21.3576183319, 1.07187044621, 29.1238708496, 12.0510578156, -2.68570399284, 49.039390564, 111.284942627, 18.1436729431, -5.15787267685], [149.110824585, -15.0046110153, -64.1058044434, 48.3253517151, 5.30686903, 2.88810825348, -16.5220470428, 12.3810186386, 38.7198829651, -33.3320426941, 18.1436729431, 120.858695984, 39.6134529114], [-92.6848373413, 4.89915370941, 4.74061393738, 31.6988334656, 24.3006744385, -10.846121788, 9.22355461121, 14.080739975, 20.2485752106, 0.938611924648, -5.15787267685, 39.6134529114, 98.4454116821]],
