{
"lowlevel": {
    "average_loudness": 0.891686439514,
    "barkbands_crest": {
        "dmean": 2.43769478798,
        "dmean2": 3.92663383484,
        "dvar": 5.05081510544,
        "dvar2": 11.7487363815,
        "max": 25.7377681732,
        "mean": 8.73168182373,
        "median": 7.60058259964,
        "min": 2.17947506905,
        "var": 18.4463634491
    },
    "barkbands_flatness_db": {
        "dmean": 0.0187400393188,
        "dmean2": 0.0284569356591,
        "dvar": 0.000302504166029,
        "dvar2": 0.00067371915793,
        "max": 0.321529328823,
        "mean": 0.13251785934,
        "median": 0.12696801126,
        "min": 0.0165146663785,
        "var": 0.00158475001808
    },
    "barkbands_kurtosis": {
        "dmean": 1.58849108219,
        "dmean2": 2.43174958229,
        "dvar": 9.19923210144,
        "dvar2": 19.415063858,
        "max": 118.90637207,
        "mean": 1.33751487732,
        "median": -0.0506281852722,
        "min": -1.95146942139,
        "var": 26.2159233093
    },
    "barkbands_skewness": {
        "dmean": 0.491125971079,
        "dmean2": 0.702586293221,
        "dvar": 0.281639099121,
        "dvar2": 0.514413356781,
        "max": 9.83677577972,
        "mean": 0.30074441433,
        "median": 0.192012622952,
        "min": -7.81882238388,
        "var": 1.51096057892
    },
    "barkbands_spread": {
        "dmean": 7.38572263718,
        "dmean2": 11.0347156525,
        "dvar": 87.1843261719,
        "dvar2": 185.232635498,
        "max": 123.0675354,
        "mean": 29.4815177917,
        "median": 25.3780288696,
        "min": 1.6315870285,
        "var": 344.943725586
    },
    "dissonance": {
        "dmean": 0.0143458126113,
        "dmean2": 0.0237256772816,
        "dvar": 0.000279294123175,
        "dvar2": 0.00072619470302,
        "max": 0.500000119209,
        "mean": 0.473371446133,
        "median": 0.481683731079,
        "min": 0.274929285049,
        "var": 0.000660111196339
    },
    "dynamic_complexity": 3.0601785183,
    "erbbands_crest": {
        "dmean": 2.84944105148,
        "dmean2": 4.52066612244,
        "dvar": 7.41658878326,
        "dvar2": 16.7159042358,
        "max": 32.0508003235,
        "mean": 10.4222002029,
        "median": 8.8869934082,
        "min": 2.53702354431,
        "var": 29.8068294525
    },
    "erbbands_flatness_db": {
        "dmean": 0.0181486494839,
        "dmean2": 0.0261415615678,
        "dvar": 0.000322338339174,
        "dvar2": 0.000595480378252,
        "max": 0.394519209862,
        "mean": 0.192719504237,
        "median": 0.188928216696,
        "min": 0.069543428719,
        "var": 0.00247892248444
    },
    "erbbands_kurtosis": {
        "dmean": 1.37817919254,
        "dmean2": 2.10744357109,
        "dvar": 7.42220592499,
        "dvar2": 15.4209852219,
        "max": 80.954284668,
        "mean": 1.49831616879,
        "median": 0.358131885529,
        "min": -1.86756074429,
        "var": 17.0095787048
    },
    "erbbands_skewness": {
        "dmean": 0.40120869875,
        "dmean2": 0.589669108391,
        "dvar": 0.190333172679,
        "dvar2": 0.367215514183,
        "max": 4.63913393021,
        "mean": -0.111629597843,
        "median": -0.104672327638,
        "min": -6.72887945175,
        "var": 1.12046289444
    },
    "erbbands_spread": {
        "dmean": 8.31506252289,
        "dmean2": 12.4323091507,
        "dvar": 117.396507263,
        "dvar2": 246.22833252,
        "max": 165.829345703,
        "mean": 33.8880081177,
        "median": 27.9724998474,
        "min": 1.86228346825,
        "var": 576.588317871
    },
    "hfc": {
        "dmean": 7.17997694016,
        "dmean2": 10.1022796631,
        "dvar": 167.531494141,
        "dvar2": 325.410705566,
        "max": 449.033355713,
        "mean": 24.8729610443,
        "median": 19.2254047394,
        "min": 1.19584296782e-16,
        "var": 505.587280273
    },
    "melbands_crest": {
        "dmean": 3.47251224518,
        "dmean2": 5.56798124313,
        "dvar": 10.1245965958,
        "dvar2": 24.9767303467,
        "max": 33.3975219727,
        "mean": 11.7526817322,
        "median": 10.7628526688,
        "min": 2.25540971756,
        "var": 28.0834941864
    },
    "melbands_flatness_db": {
        "dmean": 0.0215927194804,
        "dmean2": 0.0318158604205,
        "dvar": 0.000468659185572,
        "dvar2": 0.000963197264355,
        "max": 0.410196661949,
        "mean": 0.13693536818,
        "median": 0.130548253655,
        "min": 0.00843666773289,
        "var": 0.0027555283159
    },
    "melbands_kurtosis": {
        "dmean": 3.87702226639,
        "dmean2": 5.90602350235,
        "dvar": 85.5131835938,
        "dvar2": 180.064712524,
        "max": 512.652770996,
        "mean": 6.0436964035,
        "median": 1.3896651268,
        "min": -1.95549809933,
        "var": 335.358337402
    },
    "melbands_skewness": {
        "dmean": 0.625794768333,
        "dmean2": 0.914754867554,
        "dvar": 0.516469836235,
        "dvar2": 1.03165459633,
        "max": 17.4648799896,
        "mean": 1.34816992283,
        "median": 0.991558730602,
        "min": -2.723965168,
        "var": 2.95475840569
    },
    "melbands_spread": {
        "dmean": 13.609539032,
        "dmean2": 20.449640274,
        "dvar": 418.348510742,
        "dvar2": 818.617126465,
        "max": 294.02923584,
        "mean": 47.8538894653,
        "median": 40.6073455811,
        "min": 0.984685719013,
        "var": 1249.76696777
    },
    "pitch_salience": {
        "dmean": 0.0635235756636,
        "dmean2": 0.101498045027,
        "dvar": 0.00318152713589,
        "dvar2": 0.00775332888588,
        "max": 0.977889001369,
        "mean": 0.610277593136,
        "median": 0.616056323051,
        "min": 0.0812084004283,
        "var": 0.0128959994763
    },
    "silence_rate_20dB": {
        "dmean": 0,
        "dmean2": 0,
        "dvar": 0,
        "dvar2": 0,
        "max": 1,
        "mean": 1,
        "median": 1,
        "min": 1,
        "var": 0
    },
    "silence_rate_30dB": {
        "dmean": 0,
        "dmean2": 0,
        "dvar": 0,
        "dvar2": 0,
        "max": 1,
        "mean": 1,
        "median": 1,
        "min": 1,
        "var": 0
    },
    "silence_rate_60dB": {
        "dmean": 0.0378508120775,
        "dmean2": 0.0757086127996,
        "dvar": 0.0364195369184,
        "dvar2": 0.0803219899535,
        "max": 1,
        "mean": 0.0974799245596,
        "median": 0,
        "min": 0,
        "var": 0.0879899859428
    },
    "spectral_centroid": {
        "dmean": 302.841644287,
        "dmean2": 436.389801025,
        "dvar": 159009.6875,
        "dvar2": 264754.40625,
        "max": 10843.3310547,
        "mean": 2132.70703125,
        "median": 2182.95019531,
        "min": 220.192596436,
        "var": 705057.0625
    },
    "spectral_complexity": {
        "dmean": 3.45384049416,
        "dmean2": 5.22629499435,
        "dvar": 11.4787006378,
        "dvar2": 22.8379421234,
        "max": 54,
        "mean": 19.1498203278,
        "median": 19,
        "min": 0,
        "var": 109.365638733
    },
    "spectral_decrease": {
        "dmean": 9.42570910212e-10,
        "dmean2": 1.38165523467e-09,
        "dvar": 1.14087272984e-18,
        "dvar2": 2.46800978322e-18,
        "max": 9.53089785212e-31,
        "mean": -3.36611605256e-09,
        "median": -3.038593821e-09,
        "min": -1.46381333721e-08,
        "var": 5.27288887091e-18
    },
    "spectral_energy": {
        "dmean": 0.00407885154709,
        "dmean2": 0.00595369609073,
        "dvar": 2.06971853913e-05,
        "dvar2": 4.43765129603e-05,
        "max": 0.0605854690075,
        "mean": 0.014960559085,
        "median": 0.0136182801798,
        "min": 1.08430558622e-20,
        "var": 9.90768967313e-05
    },
    "spectral_energyband_high": {
        "dmean": 0.000553680642042,
        "dmean2": 0.000776971457526,
        "dvar": 2.57107262769e-06,
        "dvar2": 4.8716569836e-06,
        "max": 0.0552204698324,
        "mean": 0.0012550909305,
        "median": 0.000678496726323,
        "min": 7.85064517794e-21,
        "var": 5.0937164815e-06
    },
    "spectral_energyband_low": {
        "dmean": 0.000727773352992,
        "dmean2": 0.00116704939865,
        "dvar": 2.92177151096e-06,
        "dvar2": 7.30849069441e-06,
        "max": 0.0423361547291,
        "mean": 0.00123259227257,
        "median": 0.000494699983392,
        "min": 3.4527520432e-23,
        "var": 5.91365869695e-06
    },
    "spectral_energyband_middle_high": {
        "dmean": 0.00229128170758,
        "dmean2": 0.00333772879094,
        "dvar": 1.01830873973e-05,
        "dvar2": 2.21825630433e-05,
        "max": 0.057591535151,
        "mean": 0.00790220312774,
        "median": 0.00463651539758,
        "min": 1.5599396487e-21,
        "var": 7.06932405592e-05
    },
    "spectral_energyband_middle_low": {
        "dmean": 0.00209949351847,
        "dmean2": 0.00310756498948,
        "dvar": 9.76370756689e-06,
        "dvar2": 2.12564591493e-05,
        "max": 0.0554137080908,
        "mean": 0.0048173153773,
        "median": 0.00318270269781,
        "min": 3.42140081756e-22,
        "var": 2.9162149076e-05
    },
    "spectral_entropy": {
        "dmean": 0.132034599781,
        "dmean2": 0.185154497623,
        "dvar": 0.0194777436554,
        "dvar2": 0.0317922644317,
        "max": 9.81130599976,
        "mean": 7.75377178192,
        "median": 7.76236772537,
        "min": 6.11218357086,
        "var": 0.147297054529
    },
    "spectral_flux": {
        "dmean": 0.0188852474093,
        "dmean2": 0.0302112326026,
        "dvar": 0.00041986440192,
        "dvar2": 0.00103922025301,
        "max": 0.24387472868,
        "mean": 0.0711822360754,
        "median": 0.0663754865527,
        "min": 1.04129996292e-10,
        "var": 0.00116114527918
    },
    "spectral_kurtosis": {
        "dmean": 1.29346680641,
        "dmean2": 2.15333652496,
        "dvar": 1.9421684742,
        "dvar2": 5.42934560776,
        "max": 24.6008701324,
        "mean": 3.14698457718,
        "median": 2.86310148239,
        "min": -1.58414566517,
        "var": 6.71788835526
    },
    "spectral_rms": {
        "dmean": 0.000530783552676,
        "dmean2": 0.000756296038162,
        "dvar": 2.9920857969e-07,
        "dvar2": 5.74419971144e-07,
        "max": 0.00768815819174,
        "mean": 0.00356650911272,
        "median": 0.00364501401782,
        "min": 3.25247446163e-12,
        "var": 1.87568764431e-06
    },
    "spectral_rolloff": {
        "dmean": 704.71496582,
        "dmean2": 1134.9296875,
        "dvar": 1389830,
        "dvar2": 2659758.25,
        "max": 18367.8222656,
        "mean": 3113.59521484,
        "median": 2627.05078125,
        "min": 107.666015625,
        "var": 4675137.5
    },
    "spectral_skewness": {
        "dmean": 0.214317247272,
        "dmean2": 0.334846556187,
        "dvar": 0.0444804541767,
        "dvar2": 0.0999144464731,
        "max": 3.16634583473,
        "mean": 1.15974080563,
        "median": 1.16182208061,
        "min": -0.74890935421,
        "var": 0.225974857807
    },
    "spectral_spread": {
        "dmean": 477321.46875,
        "dmean2": 688854.0625,
        "dvar": 484166107136,
        "dvar2": 817259282432,
        "max": 40331976,
        "mean": 4692733.5,
        "median": 3874282,
        "min": 1582398.375,
        "var": 5.51536033792e+12
    },
    "spectral_strongpeak": {
        "dmean": 1.06482028961,
        "dmean2": 1.71267461777,
        "dvar": 2.24044489861,
        "dvar2": 5.06608295441,
        "max": 19.6944160461,
        "mean": 2.05641245842,
        "median": 0.945093333721,
        "min": 0,
        "var": 6.54676532745
    },
    "zerocrossingrate": {
        "dmean": 0.0137417456135,
        "dmean2": 0.0148365190253,
        "dvar": 0.000346234592143,
        "dvar2": 0.000325188826537,
        "max": 0.4951171875,
        "mean": 0.107095047832,
        "median": 0.0966796875,
        "min": 0.00830078125,
        "var": 0.00276112696156
    },
    "barkbands": {
        "dmean": [3.73303846573e-05, 0.000336246972438, 0.000361465383321, 0.00050430430565, 0.000672324560583, 0.000388418295188, 0.000420059601311, 0.00050984340487, 0.000439150695456, 0.000280210748315, 0.000429064122727, 0.000443429773441, 0.00040644191904, 0.000613751704805, 0.000488595105708, 0.000447699479992, 0.000631477625575, 0.000221466631046, 0.000320468621794, 0.000163946649991, 0.000182866002433, 0.000121498655062, 0.000133702764288, 0.000134361849632, 2.85574751615e-05, 4.61075569547e-06, 4.32891011926e-09],
        "dmean2": [6.22745938017e-05, 0.000534794176929, 0.000589027185924, 0.000809113087598, 0.00104923383333, 0.00058705691481, 0.00063578481786, 0.000780467467848, 0.000648530258331, 0.000425066973548, 0.000662844337057, 0.000695123628248, 0.000615420110989, 0.00092195707839, 0.000769523787312, 0.000702263962012, 0.000971000466961, 0.000347498978954, 0.000491141341627, 0.000260120054008, 0.000286592025077, 0.000180926494068, 0.000195326851099, 0.000199341302505, 4.24056634074e-05, 7.02071065461e-06, 7.83203901733e-09],
        "dvar": [4.81084461157e-09, 9.94641254692e-07, 1.04858315808e-06, 1.19790809094e-06, 1.68611279605e-06, 8.1041298472e-07, 1.07841412955e-06, 1.88183457794e-06, 2.43778367803e-06, 4.85126008698e-07, 2.39782207245e-06, 1.96173255063e-06, 1.62099502177e-06, 3.0076191706e-06, 1.50548657984e-06, 1.1377063629e-06, 3.22966161548e-06, 3.52838384288e-07, 4.5963673756e-07, 8.58941788806e-08, 1.12645118122e-07, 1.4594921538e-07, 4.66059276505e-07, 5.77962055104e-07, 1.51947574523e-08, 1.28832361446e-10, 4.75777008868e-15],
        "dvar2": [1.24101005028e-08, 2.39469295593e-06, 2.79157598015e-06, 3.07455206894e-06, 4.04525508202e-06, 1.7321492578e-06, 2.31596982303e-06, 4.15937574871e-06, 4.89461854158e-06, 1.01804039332e-06, 5.94130096943e-06, 4.98700455864e-06, 3.33567186317e-06, 5.93056165599e-06, 3.42137605003e-06, 2.4368839604e-06, 6.93683568898e-06, 7.90030242115e-07, 9.38036009757e-07, 2.07680528774e-07, 2.50715856964e-07, 3.20506302387e-07, 8.96567826203e-07, 1.26851637106e-06, 2.75172080677e-08, 2.80099055061e-10, 1.29444667672e-14],
        "max": [0.00155231601093, 0.018967827782, 0.0237357132137, 0.0190580822527, 0.0281438771635, 0.0199667960405, 0.0255822502077, 0.0530659295619, 0.0438990965486, 0.0199260059744, 0.0508364327252, 0.0410123504698, 0.0355457998812, 0.0490186735988, 0.0290625691414, 0.0214317813516, 0.0435652248561, 0.0136267347261, 0.0193052310497, 0.00784422736615, 0.00742320530117, 0.0182274095714, 0.0233363285661, 0.0295896921307, 0.00763688143343, 0.000335656746756, 4.37516791862e-06],
        "mean": [4.76895475003e-05, 0.000477173365653, 0.000507665856276, 0.000658826262224, 0.00114243279677, 0.000685326987877, 0.000652493385132, 0.00081910280278, 0.000777775596362, 0.000469153310405, 0.000757239176892, 0.000859967141878, 0.000737911497708, 0.00106724002399, 0.000848090508953, 0.000785307202023, 0.00117227062583, 0.000420035823481, 0.000666923413519, 0.000323326181388, 0.000359396217391, 0.000228550678003, 0.000212741360883, 0.0002091419301, 6.72757814755e-05, 7.48571028453e-06, 2.95745183898e-09],
        "median": [1.5462463125e-05, 0.000133812704007, 0.000111370121886, 0.000207714314456, 0.000522625865415, 0.000258280779235, 0.000217094217078, 0.000196041248273, 0.00014774792362, 0.000146862032125, 9.34787021833e-05, 0.000137114198878, 0.000121335266158, 0.000221289781621, 0.000272168894298, 0.000263834052021, 0.000304093468003, 0.000153434462845, 0.000278614199487, 0.000191258004634, 0.000182454212336, 6.19373677182e-05, 6.07312831562e-05, 5.82572101848e-05, 2.66373899649e-05, 2.5502445169e-06, 2.74742673056e-10],
        "min": [7.46472884429e-24, 9.58850569535e-24, 6.60620599911e-24, 2.50804819516e-23, 1.82959594669e-23, 4.63681459145e-23, 2.65268868203e-23, 1.04580198973e-22, 8.06228151366e-23, 1.01577611352e-22, 2.26261936805e-23, 1.12772159753e-22, 2.34097263036e-22, 1.06575108295e-22, 6.1842681245e-23, 1.49378107789e-22, 1.99878382856e-22, 1.44301693201e-22, 2.4939833732e-22, 3.01754922004e-22, 4.73922792205e-22, 8.87539048849e-22, 6.34318181883e-22, 8.27542049687e-22, 1.03743029488e-21, 1.63353115727e-21, 2.51392890709e-21],
        "var": [7.67627295062e-09, 1.62598144016e-06, 1.62046649166e-06, 1.49743607381e-06, 3.11289704769e-06, 1.5523141883e-06, 1.9401636564e-06, 5.93881986788e-06, 7.95865980763e-06, 1.11273334369e-06, 7.22967115507e-06, 7.03549403624e-06, 5.30015540789e-06, 9.13811254577e-06, 3.9990136429e-06, 2.87829038825e-06, 1.00691650005e-05, 8.19938122731e-07, 1.30875957893e-06, 1.72068965298e-07, 2.62822823061e-07, 2.6211586146e-07, 7.28347117729e-07, 8.98168821095e-07, 3.12687440385e-08, 2.52197984718e-10, 3.07109201554e-15]
    },
    "erbbands": {
        "dmean": [0.00772574543953, 0.0872110202909, 0.375720083714, 0.912324845791, 2.5445868969, 2.0971095562, 2.24585604668, 3.5175216198, 5.27447032928, 7.34086847305, 11.7550382614, 10.4272069931, 6.65234136581, 12.6213464737, 18.4113082886, 16.5730895996, 18.3077926636, 25.4186611176, 29.6912155151, 15.0290298462, 28.1007137299, 31.7677936554, 11.9006319046, 13.5357103348, 14.3855400085, 7.33730506897, 9.24987125397, 5.40970754623, 4.3428440094, 3.32333803177, 4.38061332703, 3.47026395798, 1.90570998192, 0.477076530457, 0.155712798238, 0.0383853204548, 0.00386317330413, 9.84021389741e-05, 8.42119607114e-06, 6.24630774837e-06],
        "dmean2": [0.0125588467345, 0.139374539256, 0.611792087555, 1.47628569603, 3.98576998711, 3.22160720825, 3.32842826843, 5.31140899658, 7.99400138855, 11.068312645, 18.06524086, 15.1784725189, 9.83948898315, 18.6187915802, 28.2660102844, 24.8340969086, 27.0327396393, 36.7624282837, 45.5769958496, 23.8646411896, 42.6712532043, 47.8742713928, 18.0573348999, 20.9147701263, 22.1554889679, 11.5225820541, 14.4092407227, 8.38283252716, 6.43922472, 4.97565937042, 6.33496952057, 5.16334962845, 2.78788900375, 0.704842031002, 0.228225156665, 0.0571222342551, 0.00584874674678, 0.000145573547343, 1.17153322208e-05, 8.95977882465e-06],
        "dvar": [0.000509731646162, 0.0668743848801, 1.20683240891, 3.32875394821, 33.0276260376, 18.8007984161, 20.8594779968, 86.12134552, 200.117889404, 328.451721191, 1107.85290527, 1588.07165527, 458.246307373, 1390.21386719, 3187.8581543, 2293.93530273, 3396.11816406, 6045.84863281, 5484.79931641, 784.720092773, 4869.01123047, 9437.90332031, 752.526794434, 1452.56420898, 806.50970459, 142.402999878, 277.512939453, 155.36807251, 170.835159302, 122.719268799, 520.158447266, 380.500915527, 146.476745605, 4.78613805771, 0.235466599464, 0.00870525091887, 0.000137497059768, 8.6594390325e-08, 6.12582373716e-10, 9.2188069678e-11],
        "dvar2": [0.00127659284044, 0.1594286412, 3.13517451286, 8.70588302612, 82.1342086792, 42.8292694092, 41.7560348511, 187.145492554, 429.190948486, 689.729797363, 2496.36523438, 3055.12280273, 912.023620605, 2762.25488281, 8105.98828125, 5242.05322266, 6745.94921875, 11507.2373047, 11239.1416016, 1895.47851562, 9788.3671875, 20346.3847656, 1542.26159668, 2950.95605469, 1786.0201416, 343.116760254, 612.741455078, 343.021026611, 364.346954346, 253.541793823, 1030.75756836, 801.342529297, 352.283477783, 8.67305088043, 0.437520056963, 0.0180778149515, 0.000278287916444, 1.77138900881e-07, 1.25801091766e-09, 1.86446344475e-10],
        "max": [0.480499476194, 5.96983289719, 31.4221229553, 31.2565288544, 87.37059021, 144.203186035, 104.924591064, 252.673110962, 370.203369141, 483.233093262, 1212.97387695, 1403.54663086, 1046.07263184, 1705.15515137, 1459.00170898, 1499.35876465, 1832.14624023, 2735.54150391, 1798.17810059, 638.100646973, 1433.84814453, 2725.97998047, 902.111328125, 1478.76074219, 740.784545898, 261.820953369, 406.80355835, 483.692657471, 618.43927002, 420.754669189, 848.479492188, 876.803649902, 719.267333984, 147.282043457, 21.3233776093, 3.01330542564, 0.448512673378, 0.00924818124622, 0.00113177893218, 0.00036052215728],
        "mean": [0.0101039400324, 0.124682173133, 0.552769482136, 1.30925023556, 3.65736269951, 3.60880494118, 4.13221931458, 5.91156578064, 8.33979701996, 12.252245903, 19.4088802338, 18.9610652924, 12.0121936798, 23.1647396088, 35.6697044373, 33.3479423523, 36.5555610657, 49.3124198914, 59.5352172852, 29.7505836487, 53.9771347046, 64.3735046387, 28.2113628387, 27.6231327057, 30.9351005554, 16.5250453949, 18.5191402435, 10.1215248108, 8.17306804657, 5.89354228973, 6.71307706833, 5.29112911224, 2.86586904526, 0.979122340679, 0.375113576651, 0.0784443840384, 0.00555445160717, 0.000170406608959, 2.41078760155e-05, 2.28182307183e-05],
        "median": [0.00326223950833, 0.03190529719, 0.145992562175, 0.547684311867, 1.24560379982, 1.43038117886, 1.77291548252, 2.06469345093, 2.87092494965, 4.06742334366, 4.9568901062, 3.94044995308, 4.16632318497, 7.04215145111, 6.83870840073, 7.81286239624, 8.21117019653, 11.3228855133, 18.3101425171, 14.4436311722, 17.4579906464, 17.5316867828, 10.6285877228, 10.3422985077, 14.604927063, 10.3637151718, 9.41597175598, 4.65301132202, 2.24738574028, 1.57113683224, 1.88048350811, 1.47123742104, 0.766109704971, 0.337696224451, 0.155621007085, 0.0331489779055, 0.00145916012116, 6.44474421279e-05, 1.81797258847e-05, 2.06587592402e-05],
        "min": [3.03116281356e-22, 2.25544385139e-21, 6.17789978294e-21, 5.52389597476e-20, 5.53780682622e-20, 5.37559670809e-20, 1.70781014662e-19, 4.33138057567e-19, 4.96556625113e-19, 1.13851050881e-18, 2.1096778302e-18, 1.94241405213e-18, 2.90708366302e-18, 1.6499243317e-18, 1.51112694043e-18, 5.03118835028e-18, 1.07961280901e-17, 6.10443575632e-18, 4.7933855047e-18, 5.49218355028e-18, 9.19507700112e-18, 1.0279542217e-17, 8.7215218907e-18, 1.1179398091e-17, 1.50322639364e-17, 1.17925548191e-17, 1.34388196003e-17, 2.3363008335e-17, 2.82176618669e-17, 3.07857863536e-17, 1.72096580803e-17, 1.66496171009e-17, 1.28645023108e-17, 9.33754893547e-18, 8.58099713952e-18, 5.15664021634e-18, 3.0661041727e-18, 1.47915506559e-18, 4.05736045415e-19, 3.11699103151e-20],
        "var": [0.000577158934902, 0.121956780553, 2.22296953201, 4.29817342758, 44.7777252197, 43.2512893677, 47.575214386, 150.325393677, 346.356262207, 743.297973633, 3225.85058594, 5412.10986328, 1286.7010498, 4910.83837891, 9936.98730469, 8621.30859375, 12139.1884766, 22122.5996094, 19626.875, 1864.04284668, 14014.9902344, 31529.5390625, 3046.02832031, 3923.58911133, 2216.43994141, 369.360900879, 709.819763184, 312.273803711, 320.777862549, 217.873748779, 779.21472168, 607.272583008, 196.203399658, 9.25444507599, 0.671091616154, 0.0215512253344, 0.000248782744166, 1.60465731369e-07, 1.11381337486e-09, 2.64963079255e-10]
    },
    "gfcc": {
        "mean": [-22.4582138062, 67.5474853516, -153.941772461, 46.260471344, -71.4215545654, 19.1846446991, -50.0205612183, 8.35867214203, -23.4281673431, -0.897654831409, -12.3219833374, -10.6988639832, -3.64915966988],
        "cov": [[2706.01171875, 336.256134033, -682.700378418, 77.4921035767, 49.4367027283, -187.45199585, 223.670562744, -148.748580933, -97.733001709, -70.1182937622, -50.1570014954, -46.2738723755, -92.508644104], [336.256134033, 1216.39172363, -232.664672852, -108.053085327, 12.4794807434, -310.775695801, 172.866165161, -197.890594482, -33.1401824951, -115.867622375, -5.19730424881, -92.4740524292, 24.7987995148], [-682.700378418, -232.664672852, 1628.49377441, 215.235717773, -145.145019531, 255.992401123, -363.317565918, 154.524963379, 23.849193573, 81.9007644653, -164.990036011, 98.7130813599, -87.2713165283], [77.4921035767, -108.053085327, 215.235717773, 535.161254883, 18.0895671844, -51.2968559265, 45.6094932556, -68.6151428223, 58.3218307495, -84.7044830322, -57.1819915771, 41.1912307739, -31.8822784424], [49.4367027283, 12.4794807434, -145.145019531, 18.0895671844, 232.890213013, 37.1033706665, 10.8699436188, 56.0942649841, -11.6055355072, 28.8694400787, 34.9333763123, 0.37057942152, 22.4290714264], [-187.45199585, -310.775695801, 255.992401123, -51.2968559265, 37.1033706665, 406.780914307, 0.674520611763, 38.3830184937, -7.8207821846, 67.923576355, 25.5825500488, 5.19017696381, -13.8403244019], [223.670562744, 172.866165161, -363.317565918, 45.6094932556, 10.8699436188, 0.674520611763, 338.411529541, -81.6263198853, -23.2062778473, -46.3578834534, 16.660993576, -22.6053066254, -12.3188495636], [-148.748580933, -197.890594482, 154.524963379, -68.6151428223, 56.0942649841, 38.3830184937, -81.6263198853, 278.619476318, 62.5111083984, 41.4719276428, 14.5245580673, 34.0512466431, 14.3518476486], [-97.733001709, -33.1401824951, 23.849193573, 58.3218307495, -11.6055355072, -7.8207821846, -23.2062778473, 62.5111083984, 147.031188965, 4.05733680725, 8.00706195831, -2.72946953773, 1.60233545303], [-70.1182937622, -115.867622375, 81.9007644653, -84.7044830322, 28.8694400787, 67.923576355, -46.3578834534, 41.4719276428, 4.05733680725, 166.931060791, 30.9569988251, -3.64500808716, -3.25232172012], [-50.1570014954, -5.19730424881, -164.990036011, -57.1819915771, 34.9333763123, 25.5825500488, 16.660993576, 14.5245580673, 8.00706195831, 30.9569988251, 160.80670166, -8.59844207764, 40.0617866516], [-46.2738723755, -92.4740524292, 98.7130813599, 41.1912307739, 0.37057942152, 5.19017696381, -22.6053066254, 34.0512466431, -2.72946953773, -3.64500808716, -8.59844207764, 119.468505859, 5.22763156891], [-92.508644104, 24.7987995148, -87.2713165283, -31.8822784424, 22.4290714264, -13.8403244019, -12.3188495636, 14.3518476486, 1.60233545303, -3.25232172012, 40.0617866516, 5.22763156891, 101.308700562]],
        "icov": [[0.00051797949709, -0.000336810771842, 0.000531676225364, -0.000524626288097, 0.000381537043722, -0.000342963903677, 0.000350258953404, -0.000444027071353, 0.000627157802228, -0.000330560345901, 0.000344193977071, -0.000112326270028, 0.000671661924571], [-0.000336810771842, 0.00273702456616, -0.00206548790447, 0.00273724691942, -0.00278654834256, 0.00317177828401, -0.00271680601873, 0.00303274020553, -0.00209478358738, 0.00208291364834, -0.000991319888271, 0.0012392407516, -0.00117709161714], [0.000531676225364, -0.00206548790447, 0.00344187975861, -0.00333362095989, 0.00356526300311, -0.00354274571873, 0.00367656885646, -0.00335729215294, 0.00266753858887, -0.00233576563187, 0.00197867839597, -0.00123514363077, 0.00172041379847], [-0.000524626288097, 0.00273724691942, -0.00333362095989, 0.00619412073866, -0.00461276806891, 0.00404549390078, -0.00393999321386, 0.00480646407232, -0.00448347115889, 0.00363267608918, -0.00117051973939, 0.000226195057621, -0.00101883837488], [0.000381537043722, -0.00278654834256, 0.00356526300311, -0.00461276806891, 0.00921936240047, -0.00447060167789, 0.00373220769688, -0.00544790364802, 0.0042856191285, -0.00356924324296, 0.00112612498924, -0.000898033264093, 0.000642496859655], [-0.000342963903677, 0.00317177828401, -0.00354274571873, 0.00404549390078, -0.00447060167789, 0.00720215821639, -0.00441417424008, 0.00397005816922, -0.00279441289604, 0.00195786426775, -0.00215905671939, 0.00147790939081, -0.0011092099594], [0.000350258953404, -0.00271680601873, 0.00367656885646, -0.00393999321386, 0.00373220769688, -0.00441417424008, 0.00763050839305, -0.00314329192042, 0.00311851711012, -0.0017955704825, 0.00134124595206, -0.00111331907101, 0.0022759817075], [-0.000444027071353, 0.00303274020553, -0.00335729215294, 0.00480646407232, -0.00544790364802, 0.00397005816922, -0.00314329192042, 0.00924497842789, -0.00559069868177, 0.0025454913266, -0.00153509574011, -0.000179907365236, -0.00168424611911], [0.000627157802228, -0.00209478358738, 0.00266753858887, -0.00448347115889, 0.0042856191285, -0.00279441289604, 0.00311851711012, -0.00559069868177, 0.0111805004999, -0.00246853334829, 0.000581741740461, 0.000419733405579, 0.00130525941495], [-0.000330560345901, 0.00208291364834, -0.00233576563187, 0.00363267608918, -0.00356924324296, 0.00195786426775, -0.0017955704825, 0.0025454913266, -0.00246853334829, 0.00950088631362, -0.00237501808442, 0.00108387100045, 2.5430779715e-05], [0.000344193977071, -0.000991319888271, 0.00197867839597, -0.00117051973939, 0.00112612498924, -0.00215905671939, 0.00134124595206, -0.00153509574011, 0.000581741740461, -0.00237501808442, 0.00887094065547, -0.000423823075835, -0.00184214219917], [-0.000112326270028, 0.0012392407516, -0.00123514363077, 0.000226195057621, -0.000898033264093, 0.00147790939081, -0.00111331907101, -0.000179907365236, 0.000419733405579, 0.00108387100045, -0.000423823075835, 0.0100827328861, -0.0014324238291], [0.000671661924571, -0.00117709161714, 0.00172041379847, -0.00101883837488, 0.000642496859655, -0.0011092099594, 0.0022759817075, -0.00168424611911, 0.00130525941495, 2.5430779715e-05, -0.00184214219917, -0.0014324238291, 0.0129377916455]]
    },
    "melbands": {
        "dmean": [8.16278479761e-05, 0.000162845244631, 0.000217755252379, 0.000165945108165, 7.65716977185e-05, 7.72329367464e-05, 8.33808371681e-05, 8.50140713737e-05, 9.67975283857e-05, 6.32807787042e-05, 3.32510207954e-05, 5.11754806212e-05, 6.34207535768e-05, 5.72773024032e-05, 3.67615175492e-05, 4.42492419097e-05, 5.11906400789e-05, 5.16426698596e-05, 2.89026975224e-05, 1.97299941647e-05, 4.1048075218e-05, 3.92656147596e-05, 2.24022114708e-05, 8.3124223238e-06, 1.24072412291e-05, 1.37646247822e-05, 7.477174222e-06, 4.9894415497e-06, 6.8353028837e-06, 4.08884670833e-06, 3.31285013999e-06, 2.78764423456e-06, 2.1982070848e-06, 1.85019280252e-06, 2.57118335867e-06, 2.63692550106e-06, 2.02426031137e-06, 1.6460585357e-06, 7.44927035612e-07, 3.39116354553e-07],
        "dmean2": [0.000130056519993, 0.000263641763013, 0.000345560227288, 0.000259073451161, 0.000113934664114, 0.000116771094326, 0.000125673846924, 0.00012767915905, 0.000148112099851, 9.26394059206e-05, 4.99363450217e-05, 7.53496642574e-05, 9.7864671261e-05, 8.80741063156e-05, 5.5746477301e-05, 6.53417009744e-05, 7.41929397918e-05, 7.91156780906e-05, 4.55366753158e-05, 3.19267273881e-05, 6.23055602773e-05, 5.95208693994e-05, 3.42226594512e-05, 1.33007024488e-05, 1.93623945961e-05, 2.13938274101e-05, 1.1650840861e-05, 7.98390283308e-06, 1.06987272375e-05, 6.53489723845e-06, 5.18350270795e-06, 4.2140181904e-06, 3.24025995724e-06, 2.8644244594e-06, 3.75363492822e-06, 3.92231731894e-06, 3.06889569401e-06, 2.44127932092e-06, 1.15731313599e-06, 5.05356752001e-07],
        "dvar": [5.90123754307e-08, 2.15111157331e-07, 2.05098217521e-07, 1.16985802379e-07, 2.15179376539e-08, 3.82218985351e-08, 4.50604638047e-08, 4.46471055682e-08, 7.82278348765e-08, 6.10280963542e-08, 1.17073852834e-08, 2.15468052289e-08, 4.63670168926e-08, 3.60460248316e-08, 1.28006663047e-08, 1.90441209469e-08, 2.51188279066e-08, 1.79926793464e-08, 4.72504080307e-09, 1.58960677954e-09, 1.23481065373e-08, 1.69345053536e-08, 3.93874932669e-09, 4.10723927091e-10, 1.41254841157e-09, 7.64957985844e-10, 2.25237620222e-10, 6.92063142904e-11, 1.55427420934e-10, 5.8888720289e-11, 7.52614082167e-11, 8.86306583681e-11, 4.07860134555e-11, 4.4560622553e-11, 1.62801924719e-10, 2.44765208102e-10, 1.23340837543e-10, 1.36952782448e-10, 1.66789967254e-11, 1.76760201528e-12],
        "dvar2": [1.43762918015e-07, 5.47169918264e-07, 5.2086636515e-07, 2.85836392777e-07, 4.33287290491e-08, 8.25725905429e-08, 9.65098578831e-08, 9.38123392302e-08, 1.74392965846e-07, 1.19953298849e-07, 2.35553017092e-08, 4.20880326146e-08, 1.21016583421e-07, 9.36001001151e-08, 2.70097277877e-08, 3.65507020206e-08, 4.66158489587e-08, 3.56102312082e-08, 1.12121005813e-08, 3.88487331193e-09, 2.45496618589e-08, 3.66712846755e-08, 8.42882208474e-09, 9.63197632764e-10, 2.87211765482e-09, 1.710072417e-09, 5.21053311608e-10, 1.68594943561e-10, 3.55603269053e-10, 1.38899142188e-10, 1.67856853417e-10, 2.04142619475e-10, 8.78476250077e-11, 9.31529645087e-11, 3.33379129858e-10, 5.02062003083e-10, 2.69158778599e-10, 3.47380013643e-10, 3.4255560194e-11, 3.11604670018e-12],
        "max": [0.0047784219496, 0.013657704927, 0.00762831326574, 0.00656440295279, 0.00431692088023, 0.00491035263985, 0.00578363612294, 0.00542064290494, 0.00817938521504, 0.00866945739836, 0.00508182076737, 0.00659099314362, 0.00724752340466, 0.00631652539596, 0.00323349935934, 0.00434077251703, 0.00468958728015, 0.00354666169733, 0.00182547792792, 0.00084339879686, 0.00215424085036, 0.00395387411118, 0.0026504828129, 0.000702782475855, 0.00143127085175, 0.000730392464902, 0.000475802575238, 0.00023268366931, 0.000317719473969, 0.000188622783753, 0.000415373535361, 0.000520378234796, 0.000296272221021, 0.000236490406678, 0.000489619444124, 0.000584115856327, 0.000512245984282, 0.000737910973839, 0.000229290220886, 8.27766634757e-05],
        "mean": [0.000114454531285, 0.000248062249739, 0.000316139572533, 0.000270435935818, 0.000145732206875, 0.00013153157488, 0.000131645021611, 0.000143769037095, 0.000158137801918, 0.000112157627882, 5.64349866181e-05, 8.85867120815e-05, 0.000115350048873, 0.000114282629511, 6.49628927931e-05, 8.47115516081e-05, 8.82588719833e-05, 9.95238588075e-05, 5.12689257448e-05, 3.42891071341e-05, 7.14225607226e-05, 7.01934259268e-05, 4.36211121269e-05, 1.6095717001e-05, 2.23234201258e-05, 2.71391145361e-05, 1.40528363772e-05, 9.89333693724e-06, 1.2801394405e-05, 7.337957868e-06, 5.53219661015e-06, 4.86499902763e-06, 3.90689547203e-06, 2.89716263069e-06, 3.84041823054e-06, 3.80205642614e-06, 2.98068266602e-06, 2.27346777137e-06, 1.20826666716e-06, 6.87220335749e-07],
        "median": [3.83922961191e-05, 6.97688083164e-05, 0.000128862608108, 0.000110755499918, 6.60043297103e-05, 4.64014228783e-05, 4.54970104329e-05, 4.50665829703e-05, 3.72132817574e-05, 2.11745900742e-05, 1.76744888449e-05, 2.42264723056e-05, 1.78338032129e-05, 1.75510886038e-05, 1.50526939251e-05, 1.47307837324e-05, 1.69806899066e-05, 2.54096175922e-05, 1.81318464456e-05, 1.38845734909e-05, 1.84675118362e-05, 1.65375167853e-05, 1.19020169222e-05, 6.39594327367e-06, 7.01169301465e-06, 1.14598560685e-05, 7.40695895729e-06, 5.74649629925e-06, 6.05544937571e-06, 3.63086223842e-06, 2.05224432648e-06, 1.27325392896e-06, 8.3439960008e-07, 7.56359099796e-07, 1.04043215288e-06, 9.99408939606e-07, 7.89030366377e-07, 5.56769919058e-07, 3.23526791135e-07, 2.52034936921e-07],
        "min": [3.32196742481e-24, 2.94281346085e-24, 9.34409134336e-24, 3.67980104231e-24, 5.3761714772e-24, 9.98850471709e-24, 6.71629548274e-24, 1.62491146979e-23, 1.78087447724e-23, 1.11910758354e-23, 1.48487509071e-23, 7.49611446426e-24, 3.39644891047e-24, 7.46332151643e-24, 2.32184010284e-23, 2.20777807347e-23, 1.01596804338e-23, 8.9010891471e-24, 5.01878672156e-24, 8.23382720611e-24, 1.25291346031e-23, 1.13432636701e-23, 9.23251327921e-24, 5.89586160307e-24, 9.36730830866e-24, 9.68679934186e-24, 1.32828430776e-23, 6.15190770911e-24, 8.4069742862e-24, 7.00858659192e-24, 1.7141723434e-23, 1.4098528409e-23, 1.90890502443e-23, 1.62160140943e-23, 1.03962708633e-23, 9.65726281185e-24, 9.65212732735e-24, 8.78335244585e-24, 9.31611991338e-24, 7.09304914018e-24],
        "var": [7.91555052615e-08, 4.30587363098e-07, 2.71461800594e-07, 1.99757664632e-07, 5.30159773859e-08, 6.93827288956e-08, 8.0860004914e-08, 1.20742328136e-07, 2.02754264933e-07, 1.92400989363e-07, 3.14994998973e-08, 7.24457578372e-08, 1.37503704423e-07, 1.31364998879e-07, 3.72934465531e-08, 6.78653506725e-08, 7.97503716399e-08, 6.5133903604e-08, 1.22074768072e-08, 3.35411609598e-09, 3.19288595563e-08, 4.84988191829e-08, 1.30416646371e-08, 9.63608526305e-10, 3.39627237445e-09, 2.07878869674e-09, 4.43104886116e-10, 1.56786528205e-10, 3.84025977684e-10, 1.12910798766e-10, 1.36121849903e-10, 1.35739003371e-10, 7.85763190625e-11, 7.16654652289e-11, 2.32584798643e-10, 3.73493708183e-10, 1.90777199593e-10, 1.58920501758e-10, 2.48719031481e-11, 3.80985911222e-12]
    },
    "mfcc": {
        "mean": [-648.024230957, 82.9160003662, -18.3760738373, 18.680557251, 2.65143322945, 2.05811715126, -6.06866407394, -2.54182577133, -3.44554281235, 3.87013339996, -7.37312555313, 2.25959300995, -3.48980808258],
        "cov": [[3041.97290039, 182.629928589, -995.572937012, 287.333465576, -448.214141846, 100.511871338, 64.3598861694, 53.9444007874, -104.746643066, -28.0694351196, -75.2469787598, -15.7285318375, -19.0734958649], [182.629928589, 1155.14819336, -212.935424805, 16.4675788879, -173.388534546, -99.9398117065, -0.0389128662646, -100.193939209, -38.859375, -50.9486808777, -19.9704456329, -73.6051483154, -15.8997650146], [-995.572937012, -212.935424805, 1501.7253418, -1.42551708221, 351.650054932, 79.2749862671, -165.124481201, 32.7470092773, 55.3983230591, -8.84997844696, 49.0118331909, -35.7798957825, -55.3019638062], [287.333465576, 16.4675788879, -1.42551708221, 591.916870117, -99.7124710083, 42.0261116028, -96.1549682617, 73.4391479492, -8.37920475006, -72.7432861328, -27.5327262878, -46.5376777649, -12.1002397537], [-448.214141846, -173.388534546, 351.650054932, -99.7124710083, 466.54196167, -86.2294006348, -19.5502414703, -18.3397159576, 56.6435317993, 34.5387802124, 9.84589576721, 57.7134933472, 18.2342681885], [100.511871338, -99.9398117065, 79.2749862671, 42.0261116028, -86.2294006348, 347.626281738, 48.1267318726, 34.9481086731, -34.3466682434, 19.9914493561, -3.33558559418, -46.0064849854, -25.0148944855], [64.3598861694, -0.0389128662646, -165.124481201, -96.1549682617, -19.5502414703, 48.1267318726, 254.609375, -7.49137735367, -3.57210230827, 30.5344543457, 5.39389848709, 37.2751579285, 15.6818237305], [53.9444007874, -100.193939209, 32.7470092773, 73.4391479492, -18.3397159576, 34.9481086731, -7.49137735367, 221.376480103, 22.8225822449, -5.68494462967, 14.3987131119, -20.8395786285, -5.02582788467], [-104.746643066, -38.859375, 55.3983230591, -8.37920475006, 56.6435317993, -34.3466682434, -3.57210230827, 22.8225822449, 130.825073242, 20.5706062317, 15.1308012009, 17.8871898651, 5.49175024033], [-28.0694351196, -50.9486808777, -8.84997844696, -72.7432861328, 34.5387802124, 19.9914493561, 30.5344543457, -5.68494462967, 20.5706062317, 135.991119385, 26.341424942, 24.7094230652, -9.66455554962], [-75.2469787598, -19.9704456329, 49.0118331909, -27.5327262878, 9.84589576721, -3.33558559418, 5.39389848709, 14.3987131119, 15.1308012009, 26.341424942, 125.514266968, 17.0071907043, 4.38966941833], [-15.7285318375, -73.6051483154, -35.7798957825, -46.5376777649, 57.7134933472, -46.0064849854, 37.2751579285, -20.8395786285, 17.8871898651, 24.7094230652, 17.0071907043, 129.025482178, 31.1820011139], [-19.0734958649, -15.8997650146, -55.3019638062, -12.1002397537, 18.2342681885, -25.0148944855, 15.6818237305, -5.02582788467, 5.49175024033, -9.66455554962, 4.38966941833, 31.1820011139, 107.905288696]],
