{
"lowlevel": {
    "average_loudness": 0.865265250206,
    "barkbands_crest": {
        "dmean": 2.70897746086,
        "dmean2": 4.48795413971,
        "dvar": 5.66640090942,
        "dvar2": 14.1922588348,
        "max": 25.5483760834,
        "mean": 9.84458446503,
        "median": 9.0015039444,
        "min": 2.57689905167,
        "var": 16.1432132721
    },
    "barkbands_flatness_db": {
        "dmean": 0.0194452293217,
        "dmean2": 0.030667765066,
        "dvar": 0.000287295872113,
        "dvar2": 0.000674433831591,
        "max": 0.332598209381,
        "mean": 0.160384058952,
        "median": 0.157188609242,
        "min": 0.0434421785176,
        "var": 0.00133369793184
    },
    "barkbands_kurtosis": {
        "dmean": 2.84183931351,
        "dmean2": 4.60960149765,
        "dvar": 17.4903182983,
        "dvar2": 45.2210960388,
        "max": 122.08228302,
        "mean": 5.2952580452,
        "median": 3.5080499649,
        "min": -1.74824380875,
        "var": 41.0315437317
    },
    "barkbands_skewness": {
        "dmean": 0.491316705942,
        "dmean2": 0.776278555393,
        "dvar": 0.208115175366,
        "dvar2": 0.518630087376,
        "max": 7.9642701149,
        "mean": 1.57787930965,
        "median": 1.45601797104,
        "min": -2.0940117836,
        "var": 0.925826787949
    },
    "barkbands_spread": {
        "dmean": 2.77269411087,
        "dmean2": 4.35688257217,
        "dvar": 8.69838142395,
        "dvar2": 19.5109825134,
        "max": 84.4925079346,
        "mean": 11.7542829514,
        "median": 10.8362569809,
        "min": 0.702637314796,
        "var": 42.9026260376
    },
    "dissonance": {
        "dmean": 0.0289628673345,
        "dmean2": 0.0492682345212,
        "dvar": 0.000640523445327,
        "dvar2": 0.00175057037268,
        "max": 0.500000059605,
        "mean": 0.445546120405,
        "median": 0.451562613249,
        "min": 0.228228703141,
        "var": 0.00128479488194
    },
    "dynamic_complexity": 3.24325084686,
    "erbbands_crest": {
        "dmean": 3.2902905941,
        "dmean2": 5.42414712906,
        "dvar": 8.55881595612,
        "dvar2": 21.5807819366,
        "max": 32.3233795166,
        "mean": 11.0337257385,
        "median": 9.92131519318,
        "min": 2.6664390564,
        "var": 22.4682655334
    },
    "erbbands_flatness_db": {
        "dmean": 0.0178126394749,
        "dmean2": 0.027002857998,
        "dvar": 0.000260320928646,
        "dvar2": 0.000534564314876,
        "max": 0.377112001181,
        "mean": 0.197229191661,
        "median": 0.194083213806,
        "min": 0.073516972363,
        "var": 0.00162673869636
    },
    "erbbands_kurtosis": {
        "dmean": 1.66105973721,
        "dmean2": 2.71278238297,
        "dvar": 5.65386199951,
        "dvar2": 13.8503952026,
        "max": 53.672870636,
        "mean": 2.44993329048,
        "median": 1.62197303772,
        "min": -1.66752910614,
        "var": 12.5947399139
    },
    "erbbands_skewness": {
        "dmean": 0.409746021032,
        "dmean2": 0.658131361008,
        "dvar": 0.138579770923,
        "dvar2": 0.349636644125,
        "max": 6.65670347214,
        "mean": 0.966143846512,
        "median": 0.88651150465,
        "min": -2.31053447723,
        "var": 0.53423422575
    },
    "erbbands_spread": {
        "dmean": 5.09696149826,
        "dmean2": 8.01974582672,
        "dvar": 27.6756057739,
        "dvar2": 61.5541534424,
        "max": 96.2412643433,
        "mean": 21.7967243195,
        "median": 19.811170578,
        "min": 1.63550639153,
        "var": 119.72769165
    },
    "hfc": {
        "dmean": 4.87779474258,
        "dmean2": 7.04018735886,
        "dvar": 55.4298057556,
        "dvar2": 113.13469696,
        "max": 164.342849731,
        "mean": 15.9163017273,
        "median": 11.3299503326,
        "min": 1.11698605331e-16,
        "var": 205.30456543
    },
    "melbands_crest": {
        "dmean": 3.28921627998,
        "dmean2": 5.39450740814,
        "dvar": 8.28013896942,
        "dvar2": 20.889295578,
        "max": 34.1184844971,
        "mean": 12.0855979919,
        "median": 11.1519088745,
        "min": 1.18200910091,
        "var": 21.9182109833
    },
    "melbands_flatness_db": {
        "dmean": 0.0206287521869,
        "dmean2": 0.0322543755174,
        "dvar": 0.000334979355102,
        "dvar2": 0.00079525198089,
        "max": 0.384292751551,
        "mean": 0.209754854441,
        "median": 0.209523618221,
        "min": 0.000331294926582,
        "var": 0.0017103406135
    },
    "melbands_kurtosis": {
        "dmean": 4.03960561752,
        "dmean2": 6.54253911972,
        "dvar": 42.7476577759,
        "dvar2": 107.842681885,
        "max": 183.294494629,
        "mean": 7.46880626678,
        "median": 4.59592914581,
        "min": -1.55560457706,
        "var": 95.4581756592
    },
    "melbands_skewness": {
        "dmean": 0.565781414509,
        "dmean2": 0.888201892376,
        "dvar": 0.317429453135,
        "dvar2": 0.747193098068,
        "max": 10.1573200226,
        "mean": 1.67453181744,
        "median": 1.50761830807,
        "min": -1.43919885159,
        "var": 1.28284978867
    },
    "melbands_spread": {
        "dmean": 3.83520770073,
        "dmean2": 6.10641527176,
        "dvar": 18.2243175507,
        "dvar2": 41.5378875732,
        "max": 159.412261963,
        "mean": 15.3051681519,
        "median": 14.0728187561,
        "min": 0.860820293427,
        "var": 87.0660171509
    },
    "pitch_salience": {
        "dmean": 0.0703464820981,
        "dmean2": 0.114658847451,
        "dvar": 0.00357387121767,
        "dvar2": 0.00912892911583,
        "max": 0.9663387537,
        "mean": 0.592661082745,
        "median": 0.595644652843,
        "min": 0.131385415792,
        "var": 0.0113832056522
    },
    "silence_rate_20dB": {
        "dmean": 0,
        "dmean2": 0,
        "dvar": 0,
        "dvar2": 0,
        "max": 1,
        "mean": 1,
        "median": 1,
        "min": 1,
        "var": 0
    },
    "silence_rate_30dB": {
        "dmean": 0.00312174810097,
        "dmean2": 0.00624430878088,
        "dvar": 0.00311187072657,
        "dvar2": 0.00724565517157,
        "max": 1,
        "mean": 0.997268795967,
        "median": 1,
        "min": 0,
        "var": 0.00272386195138
    },
    "silence_rate_60dB": {
        "dmean": 0.0221123825759,
        "dmean2": 0.0442305207253,
        "dvar": 0.021622845903,
        "dvar2": 0.0503371581435,
        "max": 1,
        "mean": 0.0615164525807,
        "median": 0,
        "min": 0,
        "var": 0.0577317476273
    },
    "spectral_centroid": {
        "dmean": 141.822647095,
        "dmean2": 223.518081665,
        "dvar": 30277.4550781,
        "dvar2": 66284.8359375,
        "max": 10995.4501953,
        "mean": 943.239624023,
        "median": 889.893737793,
        "min": 335.359863281,
        "var": 150217.375
    },
    "spectral_complexity": {
        "dmean": 2.34911561012,
        "dmean2": 3.75308966637,
        "dvar": 4.24069213867,
        "dvar2": 9.80290699005,
        "max": 41,
        "mean": 15.5277671814,
        "median": 15,
        "min": 0,
        "var": 27.734998703
    },
    "spectral_decrease": {
        "dmean": 1.89251747607e-09,
        "dmean2": 2.83503642784e-09,
        "dvar": 6.99359783936e-18,
        "dvar2": 1.53533473261e-17,
        "max": 1.08753159321e-28,
        "mean": -5.33802868574e-09,
        "median": -3.87767862264e-09,
        "min": -3.87707643767e-08,
        "var": 2.22443805597e-17
    },
    "spectral_energy": {
        "dmean": 0.00755061628297,
        "dmean2": 0.0112832039595,
        "dvar": 0.000111492285214,
        "dvar2": 0.000243476228206,
        "max": 0.161236330867,
        "mean": 0.0215906072408,
        "median": 0.0156621932983,
        "min": 1.02100486283e-20,
        "var": 0.000360881182132
    },
    "spectral_energyband_high": {
        "dmean": 8.89377188287e-05,
        "dmean2": 0.000134775342303,
        "dvar": 2.09426946896e-08,
        "dvar2": 4.46268693111e-08,
        "max": 0.0035407457035,
        "mean": 0.000262217974523,
        "median": 0.000173472653842,
        "min": 7.4711809187e-21,
        "var": 6.55767848912e-08
    },
    "spectral_energyband_low": {
        "dmean": 0.000592423020862,
        "dmean2": 0.000977386371233,
        "dvar": 2.5461936275e-06,
        "dvar2": 6.71183988743e-06,
        "max": 0.0307376794517,
        "mean": 0.000726992497221,
        "median": 0.000256065948633,
        "min": 3.96571042454e-23,
        "var": 2.3756219889e-06
    },
    "spectral_energyband_middle_high": {
        "dmean": 0.00206672376953,
        "dmean2": 0.00312832603231,
        "dvar": 1.54226108862e-05,
        "dvar2": 3.24399152305e-05,
        "max": 0.0930130258203,
        "mean": 0.00544066680595,
        "median": 0.0033968728967,
        "min": 1.26061658923e-21,
        "var": 4.65030097985e-05
    },
    "spectral_energyband_middle_low": {
        "dmean": 0.00659355707467,
        "dmean2": 0.0100474078208,
        "dvar": 9.58573436947e-05,
        "dvar2": 0.000220492016524,
        "max": 0.150686591864,
        "mean": 0.0156120369211,
        "median": 0.0105250356719,
        "min": 2.20562252682e-22,
        "var": 0.000254374201177
    },
    "spectral_entropy": {
        "dmean": 0.144716128707,
        "dmean2": 0.222217962146,
        "dvar": 0.01608771272,
        "dvar2": 0.0354684777558,
        "max": 9.80741405487,
        "mean": 7.27457237244,
        "median": 7.28192996979,
        "min": 5.73304128647,
        "var": 0.108560174704
    },
    "spectral_flux": {
        "dmean": 0.0207285284996,
        "dmean2": 0.033813174814,
        "dvar": 0.000548485782929,
        "dvar2": 0.00130385102239,
        "max": 0.310064524412,
        "mean": 0.0763583034277,
        "median": 0.0675208941102,
        "min": 6.78028327927e-11,
        "var": 0.00161245302297
    },
    "spectral_kurtosis": {
        "dmean": 1.42290723324,
        "dmean2": 2.31960391998,
        "dvar": 1.83928620815,
        "dvar2": 4.77282762527,
        "max": 24.8062915802,
        "mean": 6.77903795242,
        "median": 6.5764093399,
        "min": -1.21447873116,
        "var": 7.4383687973
    },
    "spectral_rms": {
        "dmean": 0.000741505413316,
        "dmean2": 0.00108099263161,
        "dvar": 6.39376082745e-07,
        "dvar2": 1.28080068862e-06,
        "max": 0.0125420792028,
        "mean": 0.00418910011649,
        "median": 0.00390898808837,
        "min": 3.15610883782e-12,
        "var": 3.51548374056e-06
    },
    "spectral_rolloff": {
        "dmean": 226.30960083,
        "dmean2": 388.155517578,
        "dvar": 160939.15625,
        "dvar2": 351039.84375,
        "max": 18992.2851562,
        "mean": 1172.30273438,
        "median": 1033.59375,
        "min": 129.19921875,
        "var": 971056.4375
    },
    "spectral_skewness": {
        "dmean": 0.207318469882,
        "dmean2": 0.328726708889,
        "dvar": 0.0381902828813,
        "dvar2": 0.0902600809932,
        "max": 4.05028820038,
        "mean": 2.14100694656,
        "median": 2.153621912,
        "min": -0.0171431675553,
        "var": 0.187931001186
    },
    "spectral_spread": {
        "dmean": 343162.875,
        "dmean2": 515319.84375,
        "dvar": 222516920320,
        "dvar2": 381858545664,
        "max": 41396320,
        "mean": 4513432,
        "median": 4298195,
        "min": 2354418,
        "var": 1.81595091763e+12
    },
    "spectral_strongpeak": {
        "dmean": 0.713859975338,
        "dmean2": 1.16599297523,
        "dvar": 0.72595757246,
        "dvar2": 1.77591133118,
        "max": 10.9835548401,
        "mean": 1.44708883762,
        "median": 1.07820618153,
        "min": 0,
        "var": 1.67446565628
    },
    "zerocrossingrate": {
        "dmean": 0.00617058435455,
        "dmean2": 0.00779820792377,
        "dvar": 6.064342233e-05,
        "dvar2": 8.82141903276e-05,
        "max": 0.58984375,
        "mean": 0.0537367835641,
        "median": 0.04931640625,
        "min": 0.0166015625,
        "var": 0.000781140872277
    },
    "barkbands": {
        "dmean": [4.99189582115e-06, 0.000118003787065, 0.000322322972352, 0.00088739435887, 0.00149763806257, 0.00139147520531, 0.00177176436409, 0.00151281477883, 0.00248870812356, 0.00100876099896, 0.000739616341889, 0.000340000638971, 0.000537441461347, 0.000528083590325, 0.000258861604379, 0.000155255329446, 8.70486474014e-05, 7.89340174379e-06, 1.68163132912e-05, 4.0047129005e-05, 6.11417926848e-05, 1.11567460408e-05, 4.75850492876e-06, 5.18538990946e-06, 3.11762869387e-06, 2.97848055197e-06, 6.15957240768e-09],
        "dmean2": [8.88615886652e-06, 0.000193502870388, 0.000548764946871, 0.00143758871127, 0.00239424780011, 0.00221869605593, 0.00272472621873, 0.00235264166258, 0.00397731456906, 0.0016014816938, 0.00120158004574, 0.000551197037566, 0.000846701732371, 0.000848699186463, 0.000413724104874, 0.000255634600762, 0.000140303847729, 1.3057239812e-05, 2.70370510407e-05, 6.40918369754e-05, 9.67245650827e-05, 1.7476375433e-05, 7.24285382603e-06, 8.12949201645e-06, 5.08823359269e-06, 5.06026344738e-06, 1.06922861676e-08],
        "dvar": [1.43976774947e-10, 1.36832269959e-07, 1.03651325389e-06, 5.31040404894e-06, 8.8953111117e-06, 6.48332297715e-06, 1.50409841808e-05, 1.97498338821e-05, 4.51541709481e-05, 7.69956204749e-06, 2.12282793655e-06, 5.27595204858e-07, 3.67240500054e-06, 2.38445272771e-06, 9.03757722881e-07, 8.22704535608e-08, 5.79448489191e-08, 2.97843028019e-10, 8.69672722725e-10, 4.27428359373e-09, 1.1184734916e-08, 5.91331927868e-10, 1.04479508378e-10, 1.40015721239e-10, 8.98457142018e-11, 5.97522942583e-12, 3.45051808169e-17],
        "dvar2": [4.18836632043e-10, 3.04758884795e-07, 2.80459153146e-06, 1.35669279189e-05, 2.20005676965e-05, 1.53076416609e-05, 3.22817104461e-05, 4.67550671601e-05, 0.00011131921201, 1.84944838111e-05, 5.35990602657e-06, 1.33206015107e-06, 8.50685955811e-06, 5.6017793213e-06, 2.02660976356e-06, 2.08844681993e-07, 1.49380028347e-07, 7.70761399149e-10, 2.18764539817e-09, 1.06714912462e-08, 2.5976151008e-08, 1.38345090939e-09, 2.13116441161e-10, 2.91265733754e-10, 1.72674083365e-10, 1.7068672864e-11, 9.29460635027e-17],
        "max": [0.000254632148426, 0.00785622559488, 0.0162126980722, 0.0320093929768, 0.0503648817539, 0.077216014266, 0.113196536899, 0.112683184445, 0.142408549786, 0.0725201740861, 0.036158811301, 0.0195869412273, 0.0782272070646, 0.0426354818046, 0.0348560847342, 0.00921183545142, 0.00702323764563, 0.000396728515625, 0.000629741931334, 0.00132660660893, 0.00292322458699, 0.000697538373061, 0.000344743748428, 0.000575456593651, 0.000658098724671, 5.00391033711e-05, 4.68853222912e-08],
        "mean": [4.52772337667e-06, 0.00013465990196, 0.000327396264765, 0.0010130724404, 0.00229911087081, 0.00244612409733, 0.00299581349827, 0.00255286344327, 0.00386926834472, 0.00141563173383, 0.00120082870126, 0.000551044184249, 0.00083334808005, 0.000782932329457, 0.000398293021135, 0.000267107010586, 0.000165956429555, 1.04472301246e-05, 3.35643562721e-05, 8.08912154753e-05, 0.000125875289086, 2.23253719014e-05, 1.25897950056e-05, 1.5543146219e-05, 1.4426492271e-05, 1.69883078343e-05, 6.74934552691e-09],
        "median": [1.88723549854e-06, 2.59673652181e-05, 8.97550708032e-05, 0.00022532462026, 0.00102401501499, 0.00124298920855, 0.00101793359499, 0.000600802013651, 0.000896025740076, 0.000473354040878, 0.000474696891615, 0.000208765210118, 0.000284834561171, 0.000274377001915, 0.000163163073012, 0.000138319039252, 5.06001742906e-05, 4.17185719925e-06, 1.90257196664e-05, 4.66119818157e-05, 6.71855377732e-05, 1.06430379674e-05, 7.88278248365e-06, 1.15792126962e-05, 1.31152428366e-05, 1.66544268723e-05, 4.87178475339e-09],
        "min": [3.36194926207e-24, 1.55450784281e-23, 4.38049175301e-24, 7.25558367451e-24, 1.78748970702e-23, 2.95550777109e-23, 4.03053270284e-23, 2.53494772094e-23, 2.84406728427e-23, 2.12969125681e-23, 4.53110912342e-23, 5.15343928274e-23, 5.60435690933e-23, 4.32860095598e-23, 8.48385319903e-23, 1.42447945804e-22, 1.68751749071e-22, 1.59519375421e-22, 1.75274227741e-22, 2.86914996873e-22, 2.82933988226e-22, 4.31855377106e-22, 4.8128143819e-22, 6.67319275396e-22, 1.22313143363e-21, 1.53228897588e-21, 2.16621941685e-21],
        "var": [1.08561729051e-10, 1.56502593995e-07, 7.92410446593e-07, 5.38776384928e-06, 1.36179132824e-05, 1.59555929713e-05, 3.31707742589e-05, 4.81364586449e-05, 7.89372788859e-05, 1.12762272693e-05, 4.60139972347e-06, 1.0296499795e-06, 5.92784272158e-06, 3.59432510777e-06, 1.2404636891e-06, 1.68695024172e-07, 1.80841283282e-07, 3.98080290953e-10, 1.97160066051e-09, 9.76785052842e-09, 2.68740603104e-08, 1.3067514848e-09, 2.58214394311e-10, 3.1685581936e-10, 2.4245061514e-10, 1.43264046459e-11, 4.16010537487e-17]
    },
    "erbbands": {
        "dmean": [0.00163950561546, 0.0370902791619, 0.305737763643, 1.41958415508, 5.37506961823, 4.83686876297, 6.34023618698, 13.3784456253, 21.3392181396, 34.684589386, 30.0458526611, 56.2709579468, 40.0290603638, 26.70545578, 27.546754837, 12.851723671, 24.3632392883, 23.8507213593, 19.8123703003, 10.1004419327, 6.71805000305, 4.68668794632, 0.738704621792, 0.397354751825, 1.05839884281, 1.83062124252, 3.2461335659, 1.50873661041, 0.462890356779, 0.0882577374578, 0.17467212677, 0.155988425016, 0.0584145598114, 0.032202411443, 0.0294431112707, 0.0165369976312, 0.00699255475774, 0.00042032962665, 8.78471382748e-06, 8.66210029926e-06],
        "dmean2": [0.00246589723974, 0.0606149807572, 0.515745460987, 2.3231947422, 8.64594841003, 7.8152346611, 10.2052526474, 21.2801265717, 33.4580917358, 53.1573905945, 46.5828399658, 89.5854187012, 63.2551345825, 42.0593719482, 44.4130363464, 20.7463321686, 38.7351150513, 38.1120300293, 31.5969009399, 16.3505859375, 10.8011894226, 7.52715015411, 1.17802250385, 0.628866672516, 1.70048165321, 2.93169307709, 5.0630364418, 2.40220379829, 0.711219549179, 0.14129948616, 0.263436645269, 0.243249475956, 0.0943111851811, 0.0533249080181, 0.0483019351959, 0.0279721841216, 0.0120239565149, 0.000725427642465, 1.46297215906e-05, 1.2911084923e-05],
        "dvar": [1.98963152798e-05, 0.0138539113104, 0.980342507362, 12.9861745834, 184.696655273, 97.567527771, 116.080680847, 649.801147461, 2444.08032227, 6456.15185547, 8768.08789062, 25235.671875, 14784.9082031, 3640.71142578, 2475.96411133, 841.130187988, 7591.42773438, 4382.86816406, 5478.24755859, 307.68182373, 239.688919067, 196.192352295, 1.91589534283, 0.609585165977, 3.21238398552, 10.0468482971, 33.1842880249, 6.37970876694, 1.0710670948, 0.0248934756964, 0.156397953629, 0.129210725427, 0.0137426285073, 0.00295521854423, 0.0108811315149, 0.000241278117755, 3.31616502081e-05, 1.27864254296e-07, 5.80011386142e-11, 1.45382067496e-10],
        "dvar2": [4.09716449212e-05, 0.0323476344347, 2.63039898872, 33.9842987061, 450.68951416, 251.331771851, 286.226745605, 1534.85803223, 5521.69433594, 14033.8818359, 20406.6464844, 61318.8046875, 35341.8632812, 8852.00488281, 6291.17822266, 2106.13452148, 18417.2636719, 10155.9394531, 12607.1074219, 724.250671387, 581.565673828, 511.62890625, 4.72036075592, 1.41802680492, 8.22308158875, 25.5741252899, 76.5383148193, 15.4345588684, 2.35362482071, 0.0528224110603, 0.334302157164, 0.277897775173, 0.0268099717796, 0.00570638570935, 0.0223538912833, 0.000621167942882, 9.62143240031e-05, 3.72978519181e-07, 1.5412579546e-10, 3.1503674669e-10],
        "max": [0.105574764311, 2.41007781029, 13.990067482, 65.331161499, 207.297271729, 248.813446045, 237.713439941, 918.458740234, 1997.01513672, 2986.26757812, 2896.06884766, 4381.50732422, 2933.11157227, 1372.21826172, 904.332275391, 879.844421387, 3868.81689453, 1730.16491699, 2425.31738281, 598.736206055, 627.069824219, 469.679290771, 33.2281799316, 26.2372684479, 41.8399085999, 80.7190628052, 159.508972168, 58.2921981812, 30.6941814423, 5.33908224106, 12.1226167679, 14.8357362747, 5.72345542908, 3.6170501709, 7.47639465332, 0.650712311268, 0.0880537703633, 0.004924824927, 0.000152993103256, 0.000194868553081],
        "mean": [0.00195285282098, 0.0415879711509, 0.31320515275, 1.72142207623, 6.50235462189, 7.48517274857, 10.8645248413, 23.4835548401, 35.4379272461, 62.1966514587, 51.4818191528, 86.8479156494, 60.6885070801, 44.5439872742, 47.2372131348, 23.3686828613, 39.2376174927, 38.0580673218, 30.8022270203, 18.2263736725, 12.6533260345, 9.58285140991, 1.45646476746, 0.808361768723, 2.27847480774, 3.89676070213, 6.53456544876, 3.11151409149, 0.985260605812, 0.250560998917, 0.423402994871, 0.387149900198, 0.21177905798, 0.136862501502, 0.118602581322, 0.080487087369, 0.0344114676118, 0.00171820120886, 4.69399965368e-05, 2.72928336926e-05],
        "median": [0.000555833918042, 0.00862484052777, 0.0884140655398, 0.539971470833, 1.6491869688, 3.40953111649, 5.87431526184, 11.8020210266, 14.8488779068, 17.7128200531, 16.2683086395, 21.3595752716, 19.5469036102, 17.5453510284, 21.8476467133, 11.1177721024, 15.0384864807, 14.080121994, 11.0512571335, 10.2060308456, 6.05522441864, 2.88686108589, 0.679842114449, 0.464842677116, 1.36426246166, 2.29853510857, 3.51300740242, 1.58928012848, 0.460971742868, 0.183782219887, 0.247352287173, 0.25128403306, 0.181902721524, 0.127232015133, 0.104891657829, 0.0777913331985, 0.0336545221508, 0.00166984286625, 4.52825079265e-05, 2.04488696909e-05],
        "min": [4.02507479512e-22, 3.52299696399e-21, 7.63783923287e-21, 1.62097188581e-20, 4.73514307154e-20, 5.44216729906e-20, 1.66289411011e-19, 2.82106484092e-19, 3.33150894964e-19, 3.93690382841e-19, 9.84296435475e-19, 6.08367300596e-19, 8.35249294139e-19, 1.03272568899e-18, 2.50564794866e-18, 2.22448326139e-18, 2.03145942468e-18, 2.66823753589e-18, 3.29989581269e-18, 5.80657959827e-18, 6.32306207376e-18, 9.76711540809e-18, 9.97851713006e-18, 5.87037838456e-18, 1.26175640825e-17, 1.27563203216e-17, 1.29992574772e-17, 1.3206697004e-17, 1.47359992739e-17, 1.52870074409e-17, 1.46524771931e-17, 1.11357113742e-17, 1.34581971334e-17, 1.15842161469e-17, 7.88515874617e-18, 5.00222007164e-18, 2.93057414485e-18, 1.14420047745e-18, 3.1571612485e-19, 2.96563378152e-20],
        "var": [2.57642695942e-05, 0.0148622728884, 0.759004712105, 12.6043214798, 206.181854248, 161.085662842, 225.1484375, 1662.03295898, 4817.33300781, 17446.6523438, 18041.8828125, 42226.078125, 23069.2070312, 7381.94384766, 5271.36572266, 1518.8392334, 11045.0253906, 7343.67724609, 7561.11523438, 655.4296875, 524.365783691, 668.310791016, 4.99703454971, 1.27991354465, 7.80463504791, 22.9022197723, 76.853012085, 16.3313026428, 2.50438833237, 0.0560479275882, 0.358990758657, 0.281861156225, 0.0338687896729, 0.00884201657027, 0.026947716251, 0.000593572272919, 6.71084198984e-05, 2.18620854753e-07, 1.60267146776e-10, 4.83001305618e-10]
    },
    "gfcc": {
        "mean": [-23.5225315094, 85.9447097778, -128.176223755, -17.4803466797, -79.6042785645, 5.11203384399, -48.4626731873, -2.13139081001, -36.7004928589, 16.5751819611, -31.8404407501, -4.45800113678, -5.72167348862],
        "cov": [[2421.04272461, 603.997802734, -393.925872803, 151.848129272, -41.808013916, -186.088821411, 85.6598815918, -122.720436096, 0.628404259682, -38.6952400208, -72.0152130127, -174.918731689, 3.97972822189], [603.997802734, 427.280914307, 117.566940308, 94.3243789673, 28.3410453796, -73.2258529663, 36.7484321594, -45.1594352722, -13.2656106949, -46.5641746521, -33.4833946228, -75.0337677002, -8.92942237854], [-393.925872803, 117.566940308, 538.580932617, 230.417556763, 26.4421253204, 56.3353118896, -38.3335342407, -17.6582107544, -49.5169448853, -57.5694313049, -31.5355453491, 24.1313171387, -43.2870788574], [151.848129272, 94.3243789673, 230.417556763, 352.541351318, 71.5379486084, 4.5614027977, -0.873342573643, -52.4897079468, -28.8148536682, -54.1731987, -51.4366264343, -14.8246860504, -38.1825332642], [-41.808013916, 28.3410453796, 26.4421253204, 71.5379486084, 144.362121582, 83.802986145, 16.166261673, 2.92006111145, -16.32289505, -12.6618862152, -11.6139812469, 1.52773356438, -9.63414955139], [-186.088821411, -73.2258529663, 56.3353118896, 4.5614027977, 83.802986145, 201.761245728, 58.0250740051, -8.28751754761, -42.6422920227, 0.84045624733, -5.23052787781, 10.9823694229, -2.14858460426], [85.6598815918, 36.7484321594, -38.3335342407, -0.873342573643, 16.166261673, 58.0250740051, 117.841911316, 14.7900218964, -6.6880607605, 3.2357301712, -2.81384134293, -24.9508743286, 8.88379096985], [-122.720436096, -45.1594352722, -17.6582107544, -52.4897079468, 2.92006111145, -8.28751754761, 14.7900218964, 107.601646423, 56.82762146, 8.07355880737, 10.7497243881, 27.2453784943, 6.52456140518], [0.628404259682, -13.2656106949, -49.5169448853, -28.8148536682, -16.32289505, -42.6422920227, -6.6880607605, 56.82762146, 99.086769104, 32.6806297302, 7.5501294136, 4.56884479523, 6.46392631531], [-38.6952400208, -46.5641746521, -57.5694313049, -54.1731987, -12.6618862152, 0.84045624733, 3.2357301712, 8.07355880737, 32.6806297302, 82.9168243408, 49.1748962402, 5.1973991394, 5.19425725937], [-72.0152130127, -33.4833946228, -31.5355453491, -51.4366264343, -11.6139812469, -5.23052787781, -2.81384134293, 10.7497243881, 7.5501294136, 49.1748962402, 80.6510162354, 38.0848197937, 4.7524433136], [-174.918731689, -75.0337677002, 24.1313171387, -14.8246860504, 1.52773356438, 10.9823694229, -24.9508743286, 27.2453784943, 4.56884479523, 5.1973991394, 38.0848197937, 87.8625946045, 26.8671550751], [3.97972822189, -8.92942237854, -43.2870788574, -38.1825332642, -9.63414955139, -2.14858460426, 8.88379096985, 6.52456140518, 6.46392631531, 5.19425725937, 4.7524433136, 26.8671550751, 61.7089424133]],
        "icov": [[0.00249818782322, -0.00578880356625, 0.00538804614916, -0.00423804530874, 0.00513814482838, -0.00377632747404, 0.00306557514705, -0.0024640369229, 0.00200633425266, -0.00190944527276, 0.00161773967557, -0.00113670458086, 0.000969269312918], [-0.00578880356625, 0.0189519822598, -0.0152311017737, 0.0114225465804, -0.0161661114544, 0.0137338666245, -0.0112098092213, 0.00962589681149, -0.00699909077957, 0.00825180858374, -0.00664911977947, 0.00732869422063, -0.00459057511762], [0.00538804614916, -0.0152311017737, 0.0164493042976, -0.0126240793616, 0.0151697555557, -0.0127349290997, 0.0107452170923, -0.00927284173667, 0.00688967434689, -0.00524565344676, 0.00446296297014, -0.00489147286862, 0.0040403646417], [-0.00423804530874, 0.0114225465804, -0.0126240793616, 0.0144337154925, -0.0142274890095, 0.0113459741697, -0.0100770974532, 0.0106110833585, -0.00635396456346, 0.00462366826832, 3.13250420731e-05, -0.000343118328601, 0.000927617482375], [0.00513814482838, -0.0161661114544, 0.0151697555557, -0.0142274890095, 0.0261064581573, -0.0182610210031, 0.0127881513909, -0.0122421151027, 0.00702989753336, -0.00531508726999, 0.00335048208944, -0.00329166441225, 0.0029466971755], [-0.00377632747404, 0.0137338666245, -0.0127349290997, 0.0113459741697, -0.0182610210031, 0.0217704344541, -0.0154079794884, 0.0104264933616, -0.00235115224496, 0.00137100089341, 0.0012151558185, -0.000790382444393, -0.000277750717942], [0.00306557514705, -0.0112098092213, 0.0107452170923, -0.0100770974532, 0.0127881513909, -0.0154079794884, 0.0227147173136, -0.0134768346325, 0.00676069315523, -0.00292052514851, -0.00226330757141, 0.00620386749506, -0.00389176607132], [-0.0024640369229, 0.00962589681149, -0.00927284173667, 0.0106110833585, -0.0122421151027, 0.0104264933616, -0.0134768346325, 0.0265508107841, -0.0163827519864, 0.0079695628956, -0.00104948424269, -0.00549348536879, 0.00271531823091], [0.00200633425266, -0.00699909077957, 0.00688967434689, -0.00635396456346, 0.00702989753336, -0.00235115224496, 0.00676069315523, -0.0163827519864, 0.0249718353152, -0.014539658092, 0.00819590967149, -0.00186529557686, 0.000322761276038], [-0.00190944527276, 0.00825180858374, -0.00524565344676, 0.00462366826832, -0.00531508726999, 0.00137100089341, -0.00292052514851, 0.0079695628956, -0.014539658092, 0.0331150814891, -0.0238450393081, 0.012990240939, -0.00578959006816], [0.00161773967557, -0.00664911977947, 0.00446296297014, 3.13250420731e-05, 0.00335048208944, 0.0012151558185, -0.00226330757141, -0.00104948424269, 0.00819590967149, -0.0238450393081, 0.0373823493719, -0.0228863470256, 0.0113197676837], [-0.00113670458086, 0.00732869422063, -0.00489147286862, -0.000343118328601, -0.00329166441225, -0.000790382444393, 0.00620386749506, -0.00549348536879, -0.00186529557686, 0.012990240939, -0.0228863470256, 0.0349499136209, -0.0177156180143], [0.000969269312918, -0.00459057511762, 0.0040403646417, 0.000927617482375, 0.0029466971755, -0.000277750717942, -0.00389176607132, 0.00271531823091, 0.000322761276038, -0.00578959006816, 0.0113197676837, -0.0177156180143, 0.0269049052149]]
    },
    "melbands": {
        "dmean": [2.25461299124e-05, 0.000118828902487, 0.000395581737394, 0.000352887407644, 0.000216272514081, 0.000293952296488, 0.000329132191837, 0.000380350684281, 0.000267268216703, 0.000359024765203, 0.000200363851036, 0.000112746085506, 0.000106723513454, 4.16405819124e-05, 4.68038706458e-05, 5.21733090864e-05, 4.64499207737e-05, 3.79793782486e-05, 1.58742022904e-05, 1.25369979287e-05, 7.98443852545e-06, 6.13687825535e-06, 1.71636247615e-06, 1.99850518356e-07, 3.39746094369e-07, 8.39202812131e-07, 9.07406956685e-07, 1.37581457693e-06, 2.3370555482e-06, 1.52636221173e-06, 7.81330129485e-07, 3.38825856261e-07, 9.72880513928e-08, 4.9212111719e-08, 1.08568009693e-07, 1.11588455809e-07, 9.45303213484e-08, 5.14166096366e-08, 3.03069072061e-08, 3.1988285798e-08],
        "dmean2": [3.60088670277e-05, 0.000199371439521, 0.000635843432974, 0.000564837071579, 0.000345737294992, 0.000466836994747, 0.000513613049407, 0.000585086469073, 0.000422398850787, 0.000573974684812, 0.000317329540849, 0.000178627611604, 0.000172286847373, 6.73869362799e-05, 7.48295278754e-05, 8.28923439258e-05, 7.46147416066e-05, 6.10754577792e-05, 2.52907448157e-05, 2.08101100725e-05, 1.28460287669e-05, 9.91592514765e-06, 2.76038326774e-06, 3.34101741828e-07, 5.43584121715e-07, 1.36053699862e-06, 1.47291120811e-06, 2.22357812163e-06, 3.68858536604e-06, 2.45659384746e-06, 1.25407734686e-06, 5.2627643754e-07, 1.58050823984e-07, 8.2611997243e-08, 1.66992123241e-07, 1.72961080125e-07, 1.49002261196e-07, 8.37586284774e-08, 5.18186631382e-08, 5.29165937735e-08],
        "dvar": [4.59691973376e-09, 1.48836534208e-07, 1.01684679521e-06, 6.02912393788e-07, 1.23693439491e-07, 2.97835953234e-07, 5.43627777461e-07, 7.88587783518e-07, 6.8229195449e-07, 9.75190118879e-07, 3.75834048327e-07, 6.962272181e-08, 4.04445614777e-08, 7.86411114007e-09, 2.31404886364e-08, 3.17803632299e-08, 1.81779906683e-08, 2.12099564578e-08, 1.62263003034e-09, 4.46749276461e-10, 4.17947870757e-10, 3.96765426069e-10, 1.19520521952e-11, 2.23632771372e-13, 5.07752802477e-13, 2.42778301802e-12, 2.18785102882e-12, 5.53525714847e-12, 2.0171312537e-11, 6.91976163869e-12, 1.8731025845e-12, 6.05719521849e-13, 3.64707857014e-14, 7.24483373413e-15, 5.81523016048e-14, 5.88477359832e-14, 4.70930803034e-14, 1.21425010549e-14, 9.53558140042e-16, 3.38662788202e-15],
        "dvar2": [9.21481557725e-09, 3.94714959384e-07, 2.55025429396e-06, 1.49258062265e-06, 3.07738275751e-07, 7.02831641775e-07, 1.20823824545e-06, 1.78821267127e-06, 1.63623417393e-06, 2.3333595891e-06, 8.99038013813e-07, 1.70745749983e-07, 1.0156522734e-07, 2.02573655628e-08, 5.51342118627e-08, 7.10633472067e-08, 4.24764046159e-08, 4.99848198388e-08, 3.35091709935e-09, 1.18309473329e-09, 9.95323601316e-10, 1.0378806703e-09, 2.93549663744e-11, 5.89871684484e-13, 1.18101589706e-12, 6.26379113508e-12, 5.53645670975e-12, 1.41652869989e-11, 4.72697124498e-11, 1.66685241998e-11, 4.56208725311e-12, 1.39006211056e-12, 8.54828022061e-14, 1.79530140889e-14, 1.27134007532e-13, 1.28328730563e-13, 1.03631221714e-13, 2.43981098074e-14, 2.45391945797e-15, 6.90339602364e-15],
        "max": [0.00163166341372, 0.00598359573632, 0.0139294192195, 0.0125004760921, 0.00690770661458, 0.0183607656509, 0.0265378244221, 0.0307210274041, 0.023060111329, 0.0258059129119, 0.0145980063826, 0.00542267179117, 0.00348791619763, 0.00225919228978, 0.00716940127313, 0.00820464454591, 0.00381891708821, 0.00445409165695, 0.0019909106195, 0.000496340857353, 0.000774711777922, 0.000651618698612, 0.000102617377706, 1.84689306479e-05, 2.4795455829e-05, 3.54547591996e-05, 2.53341622738e-05, 6.00078201387e-05, 0.000149907893501, 4.48852770205e-05, 3.80326455343e-05, 2.35719435295e-05, 4.26454880653e-06, 3.85947532777e-06, 7.41644635127e-06, 9.50321464188e-06, 8.31713077787e-06, 5.22533309777e-06, 1.60864658483e-06, 3.77395031137e-06],
        "mean": [2.77270610241e-05, 0.000123573016026, 0.000472784711746, 0.000509011675604, 0.00038016558392, 0.000522063113749, 0.000552147277631, 0.000677539792378, 0.000431269931141, 0.00055335520301, 0.000292531360174, 0.000175785986357, 0.000176195215317, 6.99833544786e-05, 7.43461205275e-05, 8.12494181446e-05, 6.95399648976e-05, 5.44737740711e-05, 2.6468804208e-05, 2.09807076317e-05, 1.32168388518e-05, 1.16137935038e-05, 2.97488736578e-06, 2.61107231836e-07, 5.71270163618e-07, 1.5970485947e-06, 1.78252798833e-06, 2.67310338131e-06, 4.41060046796e-06, 2.9326636195e-06, 1.46929039602e-06, 6.52242931665e-07, 1.63146381738e-07, 1.22395420021e-07, 2.41359515485e-07, 2.55972196328e-07, 2.25730872216e-07, 1.55970042215e-07, 1.11748974518e-07, 1.15265045508e-07],
        "median": [6.21524668531e-06, 3.31685441779e-05, 0.000123016201542, 0.000188841513591, 0.000210641432204, 0.000266283983365, 0.000226034084335, 0.000184821619769, 0.000119152195111, 0.000128352927277, 8.73150129337e-05, 6.00891180511e-05, 7.2922106483e-05, 2.61461318587e-05, 2.70648561127e-05, 2.91362375719e-05, 2.37927069975e-05, 1.69043269125e-05, 1.22098572319e-05, 1.14003323688e-05, 5.34658556717e-06, 2.93388416139e-06, 1.29371937874e-06, 1.14477003876e-07, 2.82896309045e-07, 8.73751048402e-07, 1.00520674096e-06, 1.50093023876e-06, 2.30618911701e-06, 1.40457052566e-06, 7.04964293163e-07, 2.84909418724e-07, 9.11375295232e-08, 9.74419620547e-08, 1.37581594117e-07, 1.52276840026e-07, 1.51263094494e-07, 1.29807929738e-07, 1.06114356413e-07, 1.05449039722e-07],
        "min": [4.68495498596e-24, 5.34008109078e-24, 4.40771770943e-24, 3.0184269619e-24, 5.79971878582e-24, 6.65162939889e-24, 5.69776679686e-24, 3.63478627247e-24, 7.16464615594e-24, 3.79625623901e-24, 3.65796971118e-24, 3.66656790062e-24, 7.42664895067e-24, 5.57717915231e-24, 5.14710599184e-24, 5.54998790576e-24, 4.15421489096e-24, 4.72442406364e-24, 7.29623131037e-24, 8.58125417054e-24, 6.1061368161e-24, 9.68561920595e-24, 7.84657223229e-24, 6.9019554745e-24, 4.07717315723e-24, 8.49237794552e-24, 8.10726630678e-24, 8.85340487196e-24, 8.08738385652e-24, 7.15140512565e-24, 8.95701622983e-24, 9.40499771613e-24, 6.69108112162e-24, 7.47182385927e-24, 8.04390973204e-24, 7.55951205977e-24, 5.80628210855e-24, 8.90955283575e-24, 9.2656762028e-24, 1.08625618112e-23],
        "var": [5.97212324038e-09, 1.22030996863e-07, 1.06726190552e-06, 8.27780468171e-07, 2.50132586643e-07, 7.54800453251e-07, 1.09750021693e-06, 2.18399145524e-06, 1.24318830785e-06, 1.69402051142e-06, 5.85853797475e-07, 1.34080906378e-07, 8.54884731893e-08, 1.69239058323e-08, 3.80986762138e-08, 5.13077900166e-08, 2.85981975878e-08, 2.81809668934e-08, 3.59603791189e-09, 8.20509715727e-10, 8.23305923436e-10, 1.30022792533e-09, 2.61736951557e-11, 2.62693702511e-13, 9.38419806272e-13, 4.97188488296e-12, 4.95627714217e-12, 1.1801045384e-11, 4.06088114524e-11, 1.54757873183e-11, 4.60356015461e-12, 1.32102965719e-12, 5.98149866226e-14, 1.17774188432e-14, 1.23724706695e-13, 1.30569234352e-13, 9.73719531654e-14, 2.62992125771e-14, 2.17659134192e-15, 8.89892306166e-15]
    },
    "mfcc": {
        "mean": [-673.054321289, 138.689651489, -8.9948348999, -16.7083702087, -22.192363739, -0.470285534859, -9.38850021362, -29.0456066132, 4.18001890182, 0.615007340908, -22.0234642029, 2.0603249073, -4.03849411011],
        "cov": [[1903.64672852, 396.296691895, -329.151367188, 231.070236206, -167.881973267, 37.8244895935, -22.1389694214, -128.092834473, 63.2874259949, 64.9300842285, -100.00138855, 95.9190979004, -122.292205811], [396.296691895, 358.758239746, 34.1979598999, 39.5821838379, -15.6387033463, -29.0881996155, 12.7962856293, -26.9286422729, 14.7825403214, 17.5682640076, -9.28726673126, -5.65098285675, -26.8591709137], [-329.151367188, 34.1979598999, 458.904296875, 188.329147339, 84.2322769165, 64.1581344604, 3.88701820374, 59.5162849426, -33.5268287659, -48.1886405945, -0.420232266188, -54.1992759705, 6.3104262352], [231.070236206, 39.5821838379, 188.329147339, 319.311889648, 68.1418457031, 37.3721313477, -19.430606842, 14.941192627, 5.3330321312, -35.3441162109, -26.3308467865, 13.4045257568, -26.8918895721], [-167.881973267, -15.6387033463, 84.2322769165, 68.1418457031, 158.063873291, 55.1614532471, 7.10961961746, 47.3300819397, -0.484451413155, -23.4869365692, 8.78294086456, -18.0808525085, 12.9989776611], [37.8244895935, -29.0881996155, 64.1581344604, 37.3721313477, 55.1614532471, 192.586074829, 91.4525604248, 19.4913215637, -3.02077555656, 2.47583699226, -9.4069108963, -47.5349578857, -8.55710601807], [-22.1389694214, 12.7962856293, 3.88701820374, -19.430606842, 7.10961961746, 91.4525604248, 141.349212646, 34.9776077271, -6.17539310455, 15.9596395493, 0.800780117512, -34.8402633667, -0.907815814018], [-128.092834473, -26.9286422729, 59.5162849426, 14.941192627, 47.3300819397, 19.4913215637, 34.9776077271, 109.926856995, 33.6185646057, -15.9535741806, 8.08305263519, -16.143781662, 6.06213569641], [63.2874259949, 14.7825403214, -33.5268287659, 5.3330321312, -0.484451413155, -3.02077555656, -6.17539310455, 33.6185646057, 90.6901321411, 29.3884716034, -7.08104991913, 9.85894489288, -8.10453701019], [64.9300842285, 17.5682640076, -48.1886405945, -35.3441162109, -23.4869365692, 2.47583699226, 15.9596395493, -15.9535741806, 29.3884716034, 84.0382919312, 23.6052532196, -3.77433037758, -13.0646867752], [-100.00138855, -9.28726673126, -0.420232266188, -26.3308467865, 8.78294086456, -9.4069108963, 0.800780117512, 8.08305263519, -7.08104991913, 23.6052532196, 84.7297363281, 24.8854866028, -4.62809896469], [95.9190979004, -5.65098285675, -54.1992759705, 13.4045257568, -18.0808525085, -47.5349578857, -34.8402633667, -16.143781662, 9.85894489288, -3.77433037758, 24.8854866028, 111.074569702, 24.2258243561], [-122.292205811, -26.8591709137, 6.3104262352, -26.8918895721, 12.9989776611, -8.55710601807, -0.907815814018, 6.06213569641, -8.10453701019, -13.0646867752, -4.62809896469, 24.2258243561, 94.8707046509]],
