{
"lowlevel": {
    "average_loudness": 0.743956685066,
    "barkbands_crest": {
        "dmean": 2.7874789238,
        "dmean2": 4.63038921356,
        "dvar": 6.34583902359,
        "dvar2": 16.6491928101,
        "max": 25.4680233002,
        "mean": 10.0087127686,
        "median": 9.0658416748,
        "min": 2.31890892982,
        "var": 20.1680355072
    },
    "barkbands_flatness_db": {
        "dmean": 0.0213116500527,
        "dmean2": 0.0331864207983,
        "dvar": 0.000462655385491,
        "dvar2": 0.00104354659561,
        "max": 0.430985808372,
        "mean": 0.175699040294,
        "median": 0.171815901995,
        "min": 0.03163728863,
        "var": 0.00245898240246
    },
    "barkbands_kurtosis": {
        "dmean": 2.40075135231,
        "dmean2": 3.84117245674,
        "dvar": 21.9886550903,
        "dvar2": 53.2718696594,
        "max": 147.630371094,
        "mean": 3.02263975143,
        "median": 0.976634263992,
        "min": -1.89936971664,
        "var": 45.7590675354
    },
    "barkbands_skewness": {
        "dmean": 0.499643027782,
        "dmean2": 0.771526098251,
        "dvar": 0.331556409597,
        "dvar2": 0.718542098999,
        "max": 9.09937572479,
        "mean": 1.01388394833,
        "median": 0.854125499725,
        "min": -5.25635099411,
        "var": 1.32021033764
    },
    "barkbands_spread": {
        "dmean": 4.12182950974,
        "dmean2": 6.59931135178,
        "dvar": 30.7779445648,
        "dvar2": 73.8784255981,
        "max": 97.2408447266,
        "mean": 16.2995738983,
        "median": 14.8577899933,
        "min": 0.481002062559,
        "var": 92.455696106
    },
    "dissonance": {
        "dmean": 0.0232788696885,
        "dmean2": 0.0384852215648,
        "dvar": 0.000571123789996,
        "dvar2": 0.00138588901609,
        "max": 0.500000178814,
        "mean": 0.455363571644,
        "median": 0.465754508972,
        "min": 0.12384429574,
        "var": 0.00167402310763
    },
    "dynamic_complexity": 4.02086877823,
    "erbbands_crest": {
        "dmean": 3.19972991943,
        "dmean2": 5.22341012955,
        "dvar": 8.54465198517,
        "dvar2": 22.0054512024,
        "max": 31.7546539307,
        "mean": 10.9007349014,
        "median": 9.72967338562,
        "min": 2.23899579048,
        "var": 27.2489185333
    },
    "erbbands_flatness_db": {
        "dmean": 0.0179429091513,
        "dmean2": 0.0264681112021,
        "dvar": 0.000362401275197,
        "dvar2": 0.000734463566914,
        "max": 0.432409256697,
        "mean": 0.233521565795,
        "median": 0.230634689331,
        "min": 0.0727224424481,
        "var": 0.00252748117782
    },
    "erbbands_kurtosis": {
        "dmean": 1.3436331749,
        "dmean2": 2.16636967659,
        "dvar": 6.35737371445,
        "dvar2": 15.6835918427,
        "max": 54.3725509644,
        "mean": 1.11034286022,
        "median": -0.013242483139,
        "min": -1.82688343525,
        "var": 12.4663076401
    },
    "erbbands_skewness": {
        "dmean": 0.439371883869,
        "dmean2": 0.689390420914,
        "dvar": 0.229562699795,
        "dvar2": 0.524130403996,
        "max": 5.81293535233,
        "mean": 0.469654768705,
        "median": 0.393877744675,
        "min": -4.0946187973,
        "var": 0.752950131893
    },
    "erbbands_spread": {
        "dmean": 6.03546142578,
        "dmean2": 9.36662960052,
        "dvar": 57.164680481,
        "dvar2": 134.938293457,
        "max": 112.599685669,
        "mean": 27.4352798462,
        "median": 25.511100769,
        "min": 2.25499176979,
        "var": 231.610321045
    },
    "hfc": {
        "dmean": 4.67505645752,
        "dmean2": 6.91490602493,
        "dvar": 36.7167282104,
        "dvar2": 80.3393478394,
        "max": 145.21321106,
        "mean": 19.0882549286,
        "median": 14.4153680801,
        "min": 1.08398485559e-16,
        "var": 293.177368164
    },
    "melbands_crest": {
        "dmean": 3.55867958069,
        "dmean2": 5.86809062958,
        "dvar": 10.4284267426,
        "dvar2": 27.3796806335,
        "max": 32.5654335022,
        "mean": 12.918879509,
        "median": 11.7090024948,
        "min": 1.82698440552,
        "var": 31.6730461121
    },
    "melbands_flatness_db": {
        "dmean": 0.0234357398003,
        "dmean2": 0.0359136015177,
        "dvar": 0.000655003474094,
        "dvar2": 0.00134587974753,
        "max": 0.497684061527,
        "mean": 0.195368349552,
        "median": 0.190443605185,
        "min": 0.00462719192728,
        "var": 0.00375644024462
    },
    "melbands_kurtosis": {
        "dmean": 4.01873493195,
        "dmean2": 6.44309043884,
        "dvar": 51.1721076965,
        "dvar2": 125.185119629,
        "max": 132.234481812,
        "mean": 6.76526498795,
        "median": 3.12981724739,
        "min": -1.87547206879,
        "var": 116.09262085
    },
    "melbands_skewness": {
        "dmean": 0.571564078331,
        "dmean2": 0.882756471634,
        "dvar": 0.403036057949,
        "dvar2": 0.929630100727,
        "max": 9.11980342865,
        "mean": 1.58691072464,
        "median": 1.38869607449,
        "min": -3.31631326675,
        "var": 1.942466259
    },
    "melbands_spread": {
        "dmean": 6.73047113419,
        "dmean2": 10.8021650314,
        "dvar": 116.493247986,
        "dvar2": 270.697143555,
        "max": 214.013473511,
        "mean": 23.1396369934,
        "median": 20.3932151794,
        "min": 0.849359571934,
        "var": 257.084259033
    },
    "pitch_salience": {
        "dmean": 0.070312179625,
        "dmean2": 0.115688055754,
        "dvar": 0.00387597549707,
        "dvar2": 0.0102447681129,
        "max": 0.891761124134,
        "mean": 0.587286710739,
        "median": 0.597080111504,
        "min": 0.116962194443,
        "var": 0.0135361235589
    },
    "silence_rate_20dB": {
        "dmean": 0,
        "dmean2": 0,
        "dvar": 0,
        "dvar2": 0,
        "max": 1,
        "mean": 1,
        "median": 1,
        "min": 1,
        "var": 0
    },
    "silence_rate_30dB": {
        "dmean": 0.0014729348477,
        "dmean2": 0.00294623128138,
        "dvar": 0.00147071003448,
        "dvar2": 0.00318371597677,
        "max": 1,
        "mean": 0.998159050941,
        "median": 1,
        "min": 0,
        "var": 0.0018378746463
    },
    "silence_rate_60dB": {
        "dmean": 0.0328955426812,
        "dmean2": 0.0657991617918,
        "dvar": 0.031814429909,
        "dvar2": 0.0710486397147,
        "max": 1,
        "mean": 0.107265584171,
        "median": 0,
        "min": 0,
        "var": 0.095774486661
    },
    "spectral_centroid": {
        "dmean": 223.69543457,
        "dmean2": 351.956817627,
        "dvar": 99104.1640625,
        "dvar2": 179787.515625,
        "max": 11485.9951172,
        "mean": 1365.95092773,
        "median": 1326.1105957,
        "min": 242.091751099,
        "var": 373130.90625
    },
    "spectral_complexity": {
        "dmean": 2.60390329361,
        "dmean2": 4.13798189163,
        "dvar": 5.40365886688,
        "dvar2": 12.8167829514,
        "max": 42,
        "mean": 17.1994361877,
        "median": 18,
        "min": 0,
        "var": 67.038482666
    },
    "spectral_decrease": {
        "dmean": 1.54863621926e-09,
        "dmean2": 2.39667707902e-09,
        "dvar": 4.12506534238e-18,
        "dvar2": 9.2866004e-18,
        "max": -1.14613451179e-28,
        "mean": -5.06660713384e-09,
        "median": -4.07113187606e-09,
        "min": -3.83490963429e-08,
        "var": 1.85948183381e-17
    },
    "spectral_energy": {
        "dmean": 0.00621730228886,
        "dmean2": 0.00958799850196,
        "dvar": 6.55790354358e-05,
        "dvar2": 0.000147222221131,
        "max": 0.150474414229,
        "mean": 0.020853864029,
        "median": 0.0167513862252,
        "min": 1.02646328552e-20,
        "var": 0.00031121232314
    },
    "spectral_energyband_high": {
        "dmean": 8.51188015076e-05,
        "dmean2": 0.000123942925711,
        "dvar": 1.86276754022e-08,
        "dvar2": 3.6172956186e-08,
        "max": 0.00303388154134,
        "mean": 0.000259112159256,
        "median": 0.000179481692612,
        "min": 7.10025503745e-21,
        "var": 7.12893637456e-08
    },
    "spectral_energyband_low": {
        "dmean": 0.000782514398452,
        "dmean2": 0.00132156547625,
        "dvar": 4.46275635113e-06,
        "dvar2": 1.21437451526e-05,
        "max": 0.0368022695184,
        "mean": 0.00125591864344,
        "median": 0.000707282335497,
        "min": 1.24378853267e-22,
        "var": 4.55121244158e-06
    },
    "spectral_energyband_middle_high": {
        "dmean": 0.00268472149037,
        "dmean2": 0.00416494114324,
        "dvar": 2.24959367188e-05,
        "dvar2": 5.69881194679e-05,
        "max": 0.112417988479,
        "mean": 0.00870244950056,
        "median": 0.00443054363132,
        "min": 1.77128146793e-21,
        "var": 0.000127474530018
    },
    "spectral_energyband_middle_low": {
        "dmean": 0.00459848670289,
        "dmean2": 0.00716358236969,
        "dvar": 5.00353817188e-05,
        "dvar2": 0.000112301073386,
        "max": 0.148791119456,
        "mean": 0.0111499736086,
        "median": 0.00681042578071,
        "min": 3.05572630132e-22,
        "var": 0.000169954568264
    },
    "spectral_entropy": {
        "dmean": 0.148634567857,
        "dmean2": 0.220802545547,
        "dvar": 0.0322696045041,
        "dvar2": 0.0581757947803,
        "max": 9.81942749023,
        "mean": 7.37562561035,
        "median": 7.41522026062,
        "min": 4.69786691666,
        "var": 0.186147674918
    },
    "spectral_flux": {
        "dmean": 0.0204559583217,
        "dmean2": 0.0327104367316,
        "dvar": 0.000505875214003,
        "dvar2": 0.00120704667643,
        "max": 0.306474685669,
        "mean": 0.0751900076866,
        "median": 0.0708368942142,
        "min": 1.01314526213e-10,
        "var": 0.00169064837974
    },
    "spectral_kurtosis": {
        "dmean": 2.67123842239,
        "dmean2": 4.61606740952,
        "dvar": 10.7845859528,
        "dvar2": 28.1477108002,
        "max": 62.6656188965,
        "mean": 4.99740028381,
        "median": 3.84901547432,
        "min": -1.18834865093,
        "var": 23.1977348328
    },
    "spectral_rms": {
        "dmean": 0.00064939429285,
        "dmean2": 0.000972053443547,
        "dvar": 4.98126439652e-07,
        "dvar2": 1.0241074051e-06,
        "max": 0.012116282247,
        "mean": 0.00407560914755,
        "median": 0.00404262449592,
        "min": 3.1645341729e-12,
        "var": 3.7346856061e-06
    },
    "spectral_rolloff": {
        "dmean": 362.307861328,
        "dmean2": 604.452331543,
        "dvar": 380140.59375,
        "dvar2": 720927,
        "max": 18540.0878906,
        "mean": 1577.07910156,
        "median": 1507.32421875,
        "min": 172.265625,
        "var": 982933.0625
    },
    "spectral_skewness": {
        "dmean": 0.290907919407,
        "dmean2": 0.477972149849,
        "dvar": 0.101803176105,
        "dvar2": 0.231669604778,
        "max": 6.55111837387,
        "mean": 1.37386858463,
        "median": 1.27981591225,
        "min": -0.365094512701,
        "var": 0.385148257017
    },
    "spectral_spread": {
        "dmean": 295177.65625,
        "dmean2": 438073.03125,
        "dvar": 310397435904,
        "dvar2": 448695205888,
        "max": 40609260,
        "mean": 3116043.75,
        "median": 2929305,
        "min": 1018815.25,
        "var": 881155637248
    },
    "spectral_strongpeak": {
        "dmean": 0.736722707748,
        "dmean2": 1.2039141655,
        "dvar": 0.948387861252,
        "dvar2": 2.39685368538,
        "max": 19.4207458496,
        "mean": 1.64686095715,
        "median": 1.09826791286,
        "min": 0,
        "var": 2.92819046974
    },
    "zerocrossingrate": {
        "dmean": 0.00736065860838,
        "dmean2": 0.00885158125311,
        "dvar": 0.000138115050504,
        "dvar2": 0.000149005645653,
        "max": 0.64990234375,
        "mean": 0.057694312185,
        "median": 0.0546875,
        "min": 0.009765625,
        "var": 0.000790869933553
    },
    "barkbands": {
        "dmean": [3.06495621771e-06, 0.000212497034227, 0.000391273148125, 0.000609693583101, 0.00100706878584, 0.0014761458151, 0.00139172095805, 0.000934077659622, 0.00120355002582, 0.000827468291391, 0.00138298375532, 0.000560804037377, 0.000436374219134, 0.000581160013098, 0.000407505955081, 0.000325507804519, 0.000224740142585, 0.000195145024918, 8.89774601092e-05, 6.59328215988e-05, 3.75977178919e-05, 1.95605971385e-05, 1.34321107907e-05, 3.94358266931e-06, 4.42633336206e-07, 2.64272763673e-08, 8.36447244801e-10],
        "dmean2": [4.86524595544e-06, 0.000329483300447, 0.000677560281474, 0.00107469700743, 0.00157512968872, 0.00227574189194, 0.00221788184717, 0.00148989213631, 0.00191604986321, 0.00131036329549, 0.00231372006238, 0.000869692245033, 0.000696673465427, 0.000942930055317, 0.000656915886793, 0.000529868528247, 0.000349882931914, 0.000312873453368, 0.000144356890814, 0.000102262209111, 5.85117668379e-05, 2.94860092254e-05, 2.04643165489e-05, 5.84185818298e-06, 6.86305156705e-07, 4.38040714812e-08, 1.54887047632e-09],
        "dvar": [3.2791110105e-11, 2.87578899361e-07, 1.16522596727e-06, 3.52077586285e-06, 4.99026100442e-06, 1.25886572278e-05, 1.86999568541e-05, 7.11498068995e-06, 9.31093291001e-06, 5.45127386431e-06, 1.620695366e-05, 3.36680454893e-06, 1.79011044565e-06, 1.80576842013e-06, 8.45380156989e-07, 6.72284443226e-07, 6.40501752969e-07, 2.90942324455e-07, 2.41467823514e-08, 1.05871160727e-08, 4.01386834881e-09, 1.50079337846e-09, 7.23130499924e-10, 1.59152760415e-10, 2.21202656886e-12, 1.42515305079e-15, 1.811862204e-18],
        "dvar2": [7.22826382082e-11, 5.83176131386e-07, 3.26942381434e-06, 9.97759798338e-06, 1.17830240924e-05, 2.63354813796e-05, 4.50413172075e-05, 1.77277652256e-05, 2.21304999286e-05, 1.2099205378e-05, 4.63063297502e-05, 6.93918900652e-06, 4.49962999483e-06, 4.61962281406e-06, 2.04767229661e-06, 1.75459888396e-06, 1.49036611674e-06, 7.1890366371e-07, 5.84407473525e-08, 2.36711183987e-08, 9.11394160141e-09, 3.09372905072e-09, 1.50675771859e-09, 3.30815097538e-10, 5.56793023146e-12, 3.60496629428e-15, 5.78398846856e-18],
        "max": [9.47158987401e-05, 0.00652039982378, 0.0176015887409, 0.0331269390881, 0.0572088696063, 0.10992719233, 0.119641244411, 0.0536649301648, 0.0888560563326, 0.0722289159894, 0.0648795589805, 0.0843803808093, 0.0452072173357, 0.0249412544072, 0.0219956468791, 0.0217652246356, 0.0400313027203, 0.0170985236764, 0.00611727219075, 0.00234081293456, 0.00141182600055, 0.0011933981441, 0.00075971626211, 0.000683950958773, 6.18398626102e-05, 5.20978574059e-07, 1.75366103861e-08],
        "mean": [3.80390611099e-06, 0.000328406516928, 0.000514167477377, 0.000697660609148, 0.00189731922001, 0.0025928216055, 0.00226479978301, 0.0013883052161, 0.00206387764774, 0.00141900684685, 0.00236748927273, 0.000953545444645, 0.00074017001316, 0.000949678127654, 0.000692674308084, 0.000588848197367, 0.000443339667981, 0.000396049465053, 0.000209694844671, 0.000165503413882, 8.83004177012e-05, 4.85296004626e-05, 2.99536932289e-05, 8.89610419108e-06, 1.01468617686e-06, 4.36627551892e-08, 7.72004682403e-10],
        "median": [1.38226687341e-06, 0.000100597186247, 0.00028525077505, 0.000296178390272, 0.000763528747484, 0.000726579339243, 0.000466160010546, 0.000335823395289, 0.000474378932267, 0.000273146928521, 0.000202753217309, 0.000187034456758, 0.000189145765034, 0.000232193619013, 0.000238680106122, 0.00019223477284, 0.000139350391692, 0.000184668635484, 0.000135388530907, 0.000108801366878, 5.47952658962e-05, 2.40897988988e-05, 1.76498469955e-05, 4.82642599309e-06, 5.35038509497e-07, 3.18494670637e-08, 3.1991048699e-10],
        "min": [6.37345464006e-23, 1.38775006274e-23, 6.46385052673e-23, 2.38414039283e-23, 5.48769889648e-23, 3.20894795401e-23, 7.45527892173e-23, 5.63245676586e-23, 5.07666323736e-23, 6.19634526942e-23, 4.26921298268e-23, 7.90316448254e-23, 1.77292575698e-22, 1.91496237178e-22, 1.20631095013e-22, 2.51079179028e-22, 2.30059936032e-22, 3.56826500866e-22, 1.78683937009e-22, 2.26244802746e-22, 5.34844815975e-22, 3.5874140076e-22, 6.43936327449e-22, 9.60240974746e-22, 1.02340932096e-21, 1.56815511123e-21, 2.11769444949e-21],
        "var": [5.15867938644e-11, 5.16543025242e-07, 8.84705002591e-07, 2.5525393994e-06, 1.46391466842e-05, 3.77428295906e-05, 4.99388115713e-05, 1.24750185932e-05, 2.55578888755e-05, 1.4890741113e-05, 3.9896054659e-05, 9.29471570998e-06, 4.10108123106e-06, 4.25382540925e-06, 1.91906792679e-06, 1.5022505977e-06, 1.76211358394e-06, 5.64585093343e-07, 6.28866061447e-08, 3.97597084145e-08, 1.14928457862e-08, 4.57971971457e-09, 1.64866453822e-09, 2.85915319198e-10, 3.64629854088e-12, 2.11083913884e-15, 1.46246876468e-18]
    },
    "erbbands": {
        "dmean": [0.00383704900742, 0.0578490458429, 0.346595287323, 1.42038595676, 1.65309977531, 3.85424351692, 9.51943206787, 12.778046608, 16.4559173584, 21.4919548035, 22.2113552094, 28.14868927, 22.158039093, 36.0109176636, 47.3840408325, 20.0009155273, 18.8157539368, 24.8507213593, 21.7936420441, 19.3508033752, 15.4548768997, 10.6426210403, 9.19518852234, 6.38282251358, 3.31153798103, 3.30510878563, 1.99428427219, 1.05200135708, 0.689314544201, 0.675341129303, 0.30889543891, 0.128447562456, 0.0404776595533, 0.00786967482418, 0.00197439361364, 0.000286942726234, 9.94978381641e-06, 1.33844491756e-06, 3.18168918056e-06, 7.17904504199e-06],
        "dmean2": [0.00602966034785, 0.0891766250134, 0.593518674374, 2.48845863342, 2.77323842049, 6.11313867569, 14.6115818024, 19.578250885, 25.6186695099, 33.7709121704, 35.6763725281, 44.1190795898, 33.9872131348, 56.9699707031, 77.9878082275, 31.1903038025, 29.7944965363, 39.501121521, 34.5233650208, 31.4018688202, 24.5438499451, 16.1874389648, 14.6154432297, 10.1491298676, 5.29716873169, 5.13923501968, 3.12433242798, 1.61025643349, 1.04584407806, 1.02402460575, 0.467668563128, 0.191376313567, 0.0588167347014, 0.0119817201048, 0.00302349869162, 0.000453335582279, 1.53940964083e-05, 1.99687883651e-06, 4.81049573864e-06, 1.10018690975e-05],
        "dvar": [8.38592022774e-05, 0.0215823762119, 0.901218235493, 18.5121631622, 13.6676521301, 84.0756988525, 513.725769043, 1331.7121582, 3211.55517578, 4726.02001953, 3667.34545898, 5699.11425781, 4036.94067383, 9486.41113281, 17899.2246094, 3761.87988281, 3180.75341797, 3954.24365234, 2474.76293945, 1685.42541504, 1898.55725098, 1316.64050293, 599.173461914, 118.608413696, 30.6365184784, 31.4083976746, 10.5946969986, 4.00814676285, 1.9709662199, 1.54717850685, 0.483885645866, 0.169358462095, 0.0263976156712, 0.000812696816865, 2.0912159016e-05, 1.86651462286e-07, 3.14808734636e-10, 2.70790269548e-12, 1.60830567614e-11, 8.55468751393e-11],
        "dvar2": [0.000216618893319, 0.0433808155358, 2.48353648186, 52.1612892151, 36.6117362976, 193.164489746, 1097.4029541, 2735.66674805, 6813.17480469, 12243.9384766, 9298.77734375, 12786.0458984, 8563.98046875, 23103.8808594, 50019.9453125, 7866.79199219, 8196.81347656, 9763.34375, 5997.26269531, 4411.00048828, 4374.75830078, 2474.95288086, 1409.765625, 256.909851074, 74.1705703735, 72.0799636841, 24.2680606842, 8.55045413971, 4.163377285, 3.31622028351, 0.994641423225, 0.363601326942, 0.0547970421612, 0.0016935444437, 4.43815770268e-05, 4.3259038307e-07, 7.54453166607e-10, 5.5111163029e-12, 3.50814273464e-11, 1.90774160358e-10],
        "max": [0.135781630874, 1.74036467075, 14.1354608536, 72.6998291016, 90.4563598633, 244.390441895, 752.016357422, 1174.50891113, 2230.66577148, 1500.23742676, 1150.91625977, 2740.16796875, 2273.265625, 2953.15161133, 2032.4473877, 2972.23632812, 2302.08105469, 1272.109375, 1267.98449707, 929.661071777, 1780.74560547, 2682.32446289, 960.517578125, 450.603118896, 221.1328125, 133.197402954, 71.5016860962, 42.0920372009, 47.2876625061, 40.9263420105, 24.3133621216, 22.4386711121, 11.8180770874, 1.61894989014, 0.214304447174, 0.00991786830127, 0.000382683647331, 4.67050012958e-05, 7.08240986569e-05, 0.00016809652152],
        "mean": [0.00519362231717, 0.0929873436689, 0.499632865191, 1.7334703207, 2.54746031761, 6.87792873383, 17.3580532074, 21.6697597504, 27.8082733154, 34.1902046204, 35.4421272278, 47.7908706665, 40.1944541931, 66.2521591187, 84.554725647, 37.5322685242, 36.1484489441, 44.0573043823, 40.5338058472, 36.5923538208, 32.4009513855, 24.7358722687, 20.7705993652, 15.6881580353, 8.99408912659, 8.19206619263, 4.95401668549, 2.50424051285, 1.71733927727, 1.48052585125, 0.717394173145, 0.300381392241, 0.0891869515181, 0.0184102132916, 0.00485100597143, 0.000658931094222, 3.05559005938e-05, 5.58054216526e-06, 1.19909718705e-05, 2.50923130807e-05],
        "median": [0.00161916064098, 0.0304316952825, 0.265641093254, 0.796205401421, 1.33613109589, 2.6681406498, 4.94010353088, 5.71622848511, 6.37098026276, 8.35499095917, 10.3845367432, 11.636724472, 10.2115592957, 13.8781909943, 11.7224111557, 10.1159143448, 10.7087154388, 11.6018877029, 13.5995788574, 13.4595012665, 10.6373643875, 8.69412231445, 9.57441234589, 9.52180767059, 6.72052621841, 5.2621421814, 3.28854560852, 1.35477161407, 0.79966378212, 0.843742728233, 0.414425373077, 0.176547646523, 0.0447411462665, 0.00874235946685, 0.00298121059313, 0.000475498411106, 2.58037525782e-05, 5.09449409947e-06, 9.92681270873e-06, 2.02004739549e-05],
        "min": [9.31899335501e-22, 2.70820164435e-21, 4.88205648756e-20, 1.11113064959e-19, 9.69941388028e-20, 1.72574212983e-19, 2.83944427715e-19, 2.65150186264e-19, 8.59085330671e-19, 1.2546171985e-18, 1.12406690134e-18, 1.09817263265e-18, 1.77757246568e-18, 1.91535325198e-18, 2.47179682286e-18, 3.10387013754e-18, 8.86013337312e-18, 8.86531565966e-18, 7.91229192462e-18, 7.56647169875e-18, 1.57385719548e-17, 1.27120032931e-17, 1.76028567301e-17, 9.30158560397e-18, 1.2597327936e-17, 1.05614437154e-17, 2.01399520177e-17, 1.78621398018e-17, 8.97956832741e-18, 2.23757004451e-17, 1.64917066676e-17, 1.47438095132e-17, 1.82689174486e-17, 1.0247281346e-17, 8.31790159235e-18, 4.70686117186e-18, 3.21615887172e-18, 1.29539482456e-18, 2.87542482434e-19, 2.99568240974e-20],
        "var": [0.000118687479699, 0.0392852835357, 0.779573142529, 13.6492595673, 17.6310882568, 226.008651733, 1799.6907959, 3628.63964844, 9110.56542969, 9873.34082031, 6753.97607422, 15728.1689453, 10624.6416016, 24854.5214844, 45707.515625, 10978.7099609, 9089.97753906, 9203.25390625, 6126.93847656, 4313.93603516, 5820.40185547, 5350.15966797, 1678.82324219, 422.909790039, 86.735244751, 108.065437317, 34.2741355896, 10.8269834518, 5.88238382339, 3.85124754906, 1.04798781872, 0.27494686842, 0.048976816237, 0.00188973429613, 4.11868168158e-05, 3.82074432537e-07, 5.76498793148e-10, 1.58526802796e-11, 9.23108603446e-11, 4.37477859494e-10]
    },
    "gfcc": {
        "mean": [-57.5903892517, 129.752441406, -174.559204102, 36.2924385071, -75.8704605103, -0.261796742678, -34.2510414124, -9.66052055359, -12.5480422974, -16.445734024, -2.96857976913, -16.3786201477, -0.649624049664],
        "cov": [[4844.75585938, 587.395812988, -1314.47021484, -223.008026123, 246.132125854, -201.721786499, 308.017333984, -179.7681427, 167.916809082, -376.733276367, 106.120429993, -49.9229812622, 95.2585144043], [587.395812988, 713.283691406, 181.190261841, -211.370101929, 105.44329071, -160.210418701, 31.4478530884, -15.1305770874, -9.00564956665, -73.747505188, 56.2973861694, -68.7494735718, -24.8375205994], [-1314.47021484, 181.190261841, 1066.98059082, 291.121917725, -158.136108398, 24.4267616272, -178.566513062, 42.9907035828, -48.1226921082, 116.83706665, -24.8380718231, -16.8590755463, -76.9429168701], [-223.008026123, -211.370101929, 291.121917725, 539.944030762, -22.7656860352, 46.5446281433, -82.3910675049, 24.4122104645, 44.1828269958, 45.9577064514, -68.3248519897, 42.5179023743, 5.5109462738], [246.132125854, 105.44329071, -158.136108398, -22.7656860352, 212.312469482, 0.910726368427, 47.0541305542, 11.1086072922, -1.33712363243, -18.3682365417, 10.3458356857, 11.4620885849, 25.1754455566], [-201.721786499, -160.210418701, 24.4267616272, 46.5446281433, 0.910726368427, 350.270233154, 119.753829956, -16.1744689941, -66.7732696533, 25.7836284637, -3.89357304573, 3.17996811867, -30.4886188507], [308.017333984, 31.4478530884, -178.566513062, -82.3910675049, 47.0541305542, 119.753829956, 216.971008301, 10.493927002, -26.5176830292, -21.6339550018, 21.9861049652, -7.48475980759, -10.2805318832], [-179.7681427, -15.1305770874, 42.9907035828, 24.4122104645, 11.1086072922, -16.1744689941, 10.493927002, 125.410049438, 46.5587348938, 19.1197929382, -22.2577514648, 7.95995140076, 2.93555641174], [167.916809082, -9.00564956665, -48.1226921082, 44.1828269958, -1.33712363243, -66.7732696533, -26.5176830292, 46.5587348938, 136.755950928, 13.8823795319, -10.3479814529, -0.228987574577, 9.46443653107], [-376.733276367, -73.747505188, 116.83706665, 45.9577064514, -18.3682365417, 25.7836284637, -21.6339550018, 19.1197929382, 13.8823795319, 125.417076111, 15.7990531921, 5.55235052109, -19.8224277496], [106.120429993, 56.2973861694, -24.8380718231, -68.3248519897, 10.3458356857, -3.89357304573, 21.9861049652, -22.2577514648, -10.3479814529, 15.7990531921, 96.1052246094, 20.3684806824, -3.12891101837], [-49.9229812622, -68.7494735718, -16.8590755463, 42.5179023743, 11.4620885849, 3.17996811867, -7.48475980759, 7.95995140076, -0.228987574577, 5.55235052109, 20.3684806824, 91.8679962158, 35.7729530334], [95.2585144043, -24.8375205994, -76.9429168701, 5.5109462738, 25.1754455566, -30.4886188507, -10.2805318832, 2.93555641174, 9.46443653107, -19.8224277496, -3.12891101837, 35.7729530334, 82.6614303589]],
        "icov": [[0.000809615652543, -0.00138129072729, 0.00146276573651, -0.00110169430263, 0.000830538163427, -0.000250949873589, -0.000169862265466, 0.000622287625447, -0.000701217621099, 0.000845586124342, -0.000658443022985, 0.000158766619279, -0.000112321518827], [-0.00138129072729, 0.00682727899402, -0.00521459197626, 0.00379731971771, -0.0048045553267, 0.0027454555966, -0.00212074094452, 0.000528191041667, -0.000457430520328, 0.0017244501505, -0.00058801821433, 0.00180183374323, 0.000393461465137], [0.00146276573651, -0.00521459197626, 0.00608661072329, -0.00402479013428, 0.00439992407337, -0.0019761484582, 0.00249518477358, -0.00112412986346, 0.00125459360424, -0.00113416765817, -0.000826511182822, -0.00030489184428, 0.00064770312747], [-0.00110169430263, 0.00379731971771, -0.00402479013428, 0.00529674859717, -0.00305824168026, 0.000703239173163, -0.000514238839969, 0.000680261524394, -0.00135595572647, -0.000128040803247, 0.0025127469562, -0.00132366991602, 0.000206279873964], [0.000830538163427, -0.0048045553267, 0.00439992407337, -0.00305824168026, 0.00906414631754, -0.00181510997936, 0.00103783863597, -0.00166088459082, 0.00139627768658, -0.00147479784209, -0.000237351254327, -0.00106933712959, -0.00140306795947], [-0.000250949873589, 0.0027454555966, -0.0019761484582, 0.000703239173163, -0.00181510997936, 0.00578422565013, -0.00411426229402, 0.00139992276672, 0.00104529131204, 6.64872713969e-05, 0.000439491588622, 0.000250355806202, 0.00115720450412], [-0.000169862265466, -0.00212074094452, 0.00249518477358, -0.000514238839969, 0.00103783863597, -0.00411426229402, 0.00960891135037, -0.00362399267033, 0.00211401167326, -0.000616965000518, -0.00126604631077, 8.75524929143e-05, 0.000929738453124], [0.000622287625447, 0.000528191041667, -0.00112412986346, 0.000680261524394, -0.00166088459082, 0.00139992276672, -0.00362399267033, 0.0123985363171, -0.00541065493599, 0.000240426801611, 0.00286039756611, -0.00165371363983, -1.78695026989e-05], [-0.000701217621099, -0.000457430520328, 0.00125459360424, -0.00135595572647, 0.00139627768658, 0.00104529131204, 0.00211401167326, -0.00541065493599, 0.0121666695923, -0.00330989761278, 0.000232771926676, 0.000816731888335, -0.000187212426681], [0.000845586124342, 0.0017244501505, -0.00113416765817, -0.000128040803247, -0.00147479784209, 6.64872713969e-05, -0.000616965000518, 0.000240426801611, -0.00330989761278, 0.0134457172826, -0.0047451313585, 0.00125551724341, 0.00176528468728], [-0.000658443022985, -0.00058801821433, -0.000826511182822, 0.0025127469562, -0.000237351254327, 0.000439491588622, -0.00126604631077, 0.00286039756611, 0.000232771926676, -0.0047451313585, 0.0162913296372, -0.00650961138308, 0.00188984256238], [0.000158766619279, 0.00180183374323, -0.00030489184428, -0.00132366991602, -0.00106933712959, 0.000250355806202, 8.75524929143e-05, -0.00165371363983, 0.000816731888335, 0.00125551724341, -0.00650961138308, 0.0171776618809, -0.00682220049202], [-0.000112321518827, 0.000393461465137, 0.00064770312747, 0.000206279873964, -0.00140306795947, 0.00115720450412, 0.000929738453124, -1.78695026989e-05, -0.000187212426681, 0.00176528468728, 0.00188984256238, -0.00682220049202, 0.0173734482378]]
    },
    "melbands": {
        "dmean": [4.67383397336e-05, 0.000136858347105, 0.000239957720623, 0.00017473846674, 0.000301435444271, 0.000282798398985, 0.000261938228505, 0.000223129158258, 0.000192263440113, 0.000170902494574, 0.000113167778181, 0.000144401084981, 0.000197962523089, 6.75744959153e-05, 5.01366484968e-05, 4.28756138717e-05, 4.76175919175e-05, 3.949900929e-05, 2.96099005936e-05, 2.20985657506e-05, 2.10014623008e-05, 1.31079013954e-05, 1.08879539766e-05, 1.00066736195e-05, 5.43739361092e-06, 3.2345967611e-06, 2.44709167418e-06, 2.37120184465e-06, 1.55296163484e-06, 9.10942901555e-07, 5.7921346297e-07, 4.1399854922e-07, 4.44700219759e-07, 3.89679343016e-07, 2.14381458363e-07, 1.07967018437e-07, 7.46978088273e-08, 3.59150043039e-08, 1.24051506845e-08, 5.45943468211e-09],
        "dmean2": [7.13714252925e-05, 0.000228358330787, 0.000418470648583, 0.00028104140074, 0.000464225973701, 0.000430767424405, 0.000410612556152, 0.000350563117536, 0.000310445175273, 0.000268673320534, 0.000174507993506, 0.000226514384849, 0.000331170653226, 0.000103778555058, 7.98141045379e-05, 6.94867485436e-05, 7.57416783017e-05, 6.30831855233e-05, 4.73869949928e-05, 3.57418139174e-05, 3.29890281137e-05, 2.02741412068e-05, 1.69036120496e-05, 1.61392454174e-05, 8.68310689839e-06, 5.28094960828e-06, 3.90739705836e-06, 3.68786436411e-06, 2.46077001975e-06, 1.43120962548e-06, 8.9517664037e-07, 6.39560425952e-07, 6.91908894623e-07, 6.05471598192e-07, 3.34267895141e-07, 1.62824747463e-07, 1.14403015061e-07, 5.34051594059e-08, 1.92042666214e-08, 8.60791704582e-09],
        "dvar": [1.33178463813e-08, 1.25225923853e-07, 5.19006846389e-07, 1.41765752915e-07, 4.78109484447e-07, 5.87764475313e-07, 6.92383878231e-07, 4.43350188561e-07, 2.45236606133e-07, 2.04547134786e-07, 1.08902817431e-07, 1.54730031454e-07, 3.40846099789e-07, 4.92981513389e-08, 3.49698474622e-08, 1.39856313197e-08, 1.45267460283e-08, 9.56863654977e-09, 5.48219292185e-09, 2.58254329033e-09, 4.41921210736e-09, 2.74216493956e-09, 1.34680788744e-09, 4.36595065656e-10, 9.23808390896e-11, 3.05105593568e-11, 1.91418131346e-11, 1.75929375235e-11, 6.63362160341e-12, 2.94294146344e-12, 1.30818348775e-12, 7.44985941426e-13, 6.98337438224e-13, 5.07465543111e-13, 2.3023399051e-13, 8.95546522139e-14, 6.83253841417e-14, 1.84946798002e-14, 4.67375077306e-15, 3.94023792255e-16],
        "dvar2": [2.82924581541e-08, 3.31852476165e-07, 1.4652206346e-06, 3.38238493214e-07, 1.05403148609e-06, 1.19750256999e-06, 1.55051918682e-06, 1.12340194391e-06, 6.1979108068e-07, 4.59015438992e-07, 2.3375267233e-07, 3.66764425053e-07, 9.81471202977e-07, 1.07983076703e-07, 7.26075199964e-08, 3.59446552523e-08, 3.51620066397e-08, 2.39542146119e-08, 1.32863249291e-08, 6.41726805028e-09, 9.42492128786e-09, 5.21627407934e-09, 2.881228367e-09, 1.12533060648e-09, 2.01850744452e-10, 7.64549881738e-11, 4.3993621246e-11, 4.03173883168e-11, 1.59066735478e-11, 6.88070477331e-12, 2.89681971986e-12, 1.65682680249e-12, 1.55611602163e-12, 1.13625927244e-12, 5.0987539928e-13, 1.83409426427e-13, 1.56611079357e-13, 4.27986232608e-14, 8.6466749559e-15, 9.53516635427e-16],
        "max": [0.00161239283625, 0.00505773816258, 0.0128905493766, 0.0094952788204, 0.0214866492897, 0.0249548163265, 0.0282523855567, 0.01396567747, 0.00836364552379, 0.0175808090717, 0.0109761850908, 0.0122180636972, 0.00827345717698, 0.00782131031156, 0.013051442802, 0.00565463164821, 0.00289781345055, 0.0021759821102, 0.00176163006108, 0.00127272459213, 0.00304633984342, 0.00353101431392, 0.00142161664553, 0.000435511290561, 0.00038942831452, 0.000258497311734, 0.000185937111382, 0.000117057505122, 6.32590745226e-05, 5.57339990337e-05, 2.65901780949e-05, 2.93986577162e-05, 2.17147626245e-05, 2.27344080486e-05, 1.69460836332e-05, 1.04888904389e-05, 1.57082995429e-05, 9.04164880922e-06, 5.39470238436e-06, 7.62208571814e-07],
        "mean": [6.91888053552e-05, 0.000217144159251, 0.000309769151499, 0.000303996930597, 0.000563627749216, 0.000484973657876, 0.000442149932496, 0.000354068994056, 0.000299334555166, 0.000292094307952, 0.000196508801309, 0.000256208440987, 0.000341335398844, 0.000114619484521, 9.17845318327e-05, 7.46777295717e-05, 7.96448002802e-05, 6.73668982927e-05, 5.24546812812e-05, 3.91827306885e-05, 3.90123896068e-05, 2.54305778071e-05, 2.16153730435e-05, 1.88140566024e-05, 1.20708182294e-05, 7.46245859773e-06, 5.71158761886e-06, 5.28118334842e-06, 3.44877184943e-06, 1.92595643966e-06, 1.26221402752e-06, 9.48284082369e-07, 9.50470223415e-07, 7.73745455263e-07, 4.54933513083e-07, 2.41398652179e-07, 1.55559419568e-07, 7.06278342477e-08, 2.49219205273e-08, 1.12558700138e-08],
        "median": [2.06974036701e-05, 0.000112982772407, 0.000158223934704, 0.000143147888593, 0.000175751454663, 0.000128927873448, 9.85710794339e-05, 8.72233067639e-05, 8.19789856905e-05, 6.42802624498e-05, 3.92733272747e-05, 4.98543595313e-05, 3.48230969394e-05, 2.32756829064e-05, 1.9132738089e-05, 2.07679076993e-05, 1.84916243597e-05, 1.75710083568e-05, 1.70281109604e-05, 1.27686253109e-05, 9.80087679636e-06, 8.01967144071e-06, 7.20019033906e-06, 9.04970147531e-06, 6.95483504387e-06, 5.00281657878e-06, 3.83976930607e-06, 3.13368195748e-06, 2.14919919017e-06, 1.11534768621e-06, 5.78481092361e-07, 3.93001386101e-07, 4.96274765283e-07, 4.34451010278e-07, 2.47056391345e-07, 1.36820091257e-07, 8.65779128389e-08, 3.33964322863e-08, 9.91902737724e-09, 5.40995870324e-09],
        "min": [9.06206804772e-24, 1.87676509566e-23, 1.77492977923e-23, 9.62785249958e-24, 1.04639898388e-23, 6.75195751768e-24, 1.36298203913e-23, 1.4038167928e-23, 8.52511409536e-24, 7.10167770076e-24, 8.7671847416e-24, 7.95477476064e-24, 7.28910947412e-24, 1.08441245541e-23, 1.26184675786e-23, 1.68004558955e-23, 1.72391935097e-23, 1.30918914068e-23, 9.3688229216e-24, 1.26789661103e-23, 2.03989080235e-23, 1.31668363483e-23, 1.38750172933e-23, 1.75160868429e-23, 5.47546224389e-24, 9.17737111307e-24, 7.16994414578e-24, 7.10928468647e-24, 1.01333214355e-23, 1.61368187703e-23, 8.73509466884e-24, 3.44857013377e-24, 9.41376669395e-24, 1.34129262408e-23, 8.35526918702e-24, 9.88601038626e-24, 8.9051549362e-24, 1.248743936e-23, 1.19468519143e-23, 7.49301502976e-24],
        "var": [2.28684129411e-08, 1.39499903185e-07, 3.88698680354e-07, 3.28045871356e-07, 1.65712901889e-06, 1.68305689385e-06, 1.99484247787e-06, 9.25893516524e-07, 4.57968184264e-07, 6.0724494233e-07, 2.82408677776e-07, 4.11324805327e-07, 8.30884232528e-07, 1.20148911265e-07, 1.42845792084e-07, 2.99848537111e-08, 3.32969776196e-08, 2.28243983713e-08, 1.33027810989e-08, 6.06619421362e-09, 1.1566868352e-08, 8.11252132138e-09, 4.01298994035e-09, 8.66482829931e-10, 2.90391433122e-10, 7.58754309382e-11, 4.57480442417e-11, 5.5915643643e-11, 1.96018791476e-11, 6.43460631999e-12, 3.26089350834e-12, 1.99258643439e-12, 1.78889292702e-12, 1.08786428216e-12, 4.5099354481e-13, 1.65176181652e-13, 9.24269883719e-14, 2.87609562902e-14, 9.43621469482e-15, 6.15738795485e-16]
    },
    "mfcc": {
        "mean": [-674.010620117, 136.467651367, -34.7384529114, 23.4541168213, -17.9222640991, 1.82339632511, -14.2966461182, 2.11927628517, -12.97377491, 3.52363991737, -8.95023727417, -3.00203824043, -4.5297794342],
        "cov": [[5395.22119141, 267.865692139, -1460.32421875, -57.8205986023, -238.831604004, 36.0881080627, -30.200296402, 298.74697876, -47.4965934753, 40.0254936218, -121.090896606, -126.756736755, -87.0585174561], [267.865692139, 978.54296875, -32.8675308228, -98.5963745117, 1.94544363022, -175.376617432, 57.7165870667, -26.3619308472, -99.002243042, 20.6220302582, -4.40459060669, -25.9567565918, 14.0548334122], [-1460.32421875, -32.8675308228, 1089.26599121, 199.563446045, 117.534194946, 49.6727714539, -36.2222747803, -95.5178146362, -4.47816753387, -31.3725719452, 62.7181243896, 78.8594207764, 26.1114177704], [-57.8205986023, -98.5963745117, 199.563446045, 407.044464111, 131.218185425, -35.5905227661, -113.40473938, -10.9827156067, 56.2408561707, -23.0643749237, -22.8886585236, 51.3851470947, 33.418510437], [-238.831604004, 1.94544363022, 117.534194946, 131.218185425, 199.845733643, -5.81499576569, -48.2255592346, -16.5738830566, 23.3316135406, -7.05685997009, -20.0502433777, 17.9712486267, 19.825378418], [36.0881080627, -175.376617432, 49.6727714539, -35.5905227661, -5.81499576569, 252.350509644, 120.634429932, 33.7498435974, 7.2086315155, 2.53282523155, 35.1371612549, -8.9289598465, -20.7203483582], [-30.200296402, 57.7165870667, -36.2222747803, -113.40473938, -48.2255592346, 120.634429932, 232.685256958, 51.5795593262, -26.3485107422, 12.983168602, 25.019613266, -15.317612648, -16.221031189], [298.74697876, -26.3619308472, -95.5178146362, -10.9827156067, -16.5738830566, 33.7498435974, 51.5795593262, 137.515960693, 40.9916114807, 4.42838001251, -2.67291283607, -12.0263834, -1.92095518112], [-47.4965934753, -99.002243042, -4.47816753387, 56.2408561707, 23.3316135406, 7.2086315155, -26.3485107422, 40.9916114807, 124.362350464, 27.8758716583, 7.55782842636, 1.44238722324, 5.26359081268], [40.0254936218, 20.6220302582, -31.3725719452, -23.0643749237, -7.05685997009, 2.53282523155, 12.983168602, 4.42838001251, 27.8758716583, 111.642440796, 28.5466003418, -16.8443164825, -20.679693222], [-121.090896606, -4.40459060669, 62.7181243896, -22.8886585236, -20.0502433777, 35.1371612549, 25.019613266, -2.67291283607, 7.55782842636, 28.5466003418, 97.205947876, 31.6286334991, 2.51580309868], [-126.756736755, -25.9567565918, 78.8594207764, 51.3851470947, 17.9712486267, -8.9289598465, -15.317612648, -12.0263834, 1.44238722324, -16.8443164825, 31.6286334991, 107.744689941, 51.6030540466], [-87.0585174561, 14.0548334122, 26.1114177704, 33.418510437, 19.825378418, -20.7203483582, -16.221031189, -1.92095518112, 5.26359081268, -20.679693222, 2.51580309868, 51.6030540466, 100.675132751]],
