{
"lowlevel": {
    "average_loudness": 0.411949068308,
    "barkbands_crest": {
        "dmean": 2.3187725544,
        "dmean2": 3.82793855667,
        "dvar": 5.19523859024,
        "dvar2": 12.7179632187,
        "max": 25.5293064117,
        "mean": 8.17839050293,
        "median": 7.10379219055,
        "min": 2.37066841125,
        "var": 13.4050455093
    },
    "barkbands_flatness_db": {
        "dmean": 0.0168955847621,
        "dmean2": 0.026520229876,
        "dvar": 0.000256861530943,
        "dvar2": 0.000590802403167,
        "max": 0.323826342821,
        "mean": 0.117738299072,
        "median": 0.11381174624,
        "min": 0.0296482536942,
        "var": 0.00132960814517
    },
    "barkbands_kurtosis": {
        "dmean": 1.30667102337,
        "dmean2": 2.09625053406,
        "dvar": 7.51824140549,
        "dvar2": 17.9799385071,
        "max": 96.8986282349,
        "mean": 1.13753426075,
        "median": 0.0471361875534,
        "min": -1.9015930891,
        "var": 15.8494157791
    },
    "barkbands_skewness": {
        "dmean": 0.423176854849,
        "dmean2": 0.655699193478,
        "dvar": 0.201083064079,
        "dvar2": 0.440047591925,
        "max": 8.47527122498,
        "mean": 0.429655760527,
        "median": 0.508807420731,
        "min": -4.67928123474,
        "var": 1.44598054886
    },
    "barkbands_spread": {
        "dmean": 5.37430429459,
        "dmean2": 8.46890449524,
        "dvar": 33.3114700317,
        "dvar2": 78.9332885742,
        "max": 87.2135467529,
        "mean": 26.584482193,
        "median": 25.3516540527,
        "min": 1.04943859577,
        "var": 144.949050903
    },
    "dissonance": {
        "dmean": 0.0144860940054,
        "dmean2": 0.0242486447096,
        "dvar": 0.000260810455075,
        "dvar2": 0.000670083682053,
        "max": 0.500000119209,
        "mean": 0.473168760538,
        "median": 0.480179786682,
        "min": 0.213457211852,
        "var": 0.000630073016509
    },
    "dynamic_complexity": 5.177775383,
    "erbbands_crest": {
        "dmean": 2.55122876167,
        "dmean2": 4.16784381866,
        "dvar": 6.93511819839,
        "dvar2": 17.5611896515,
        "max": 29.7190475464,
        "mean": 8.61361789703,
        "median": 7.44441223145,
        "min": 2.11029624939,
        "var": 22.7034416199
    },
    "erbbands_flatness_db": {
        "dmean": 0.01563879475,
        "dmean2": 0.0236994922161,
        "dvar": 0.000224776449613,
        "dvar2": 0.000469961407362,
        "max": 0.349423855543,
        "mean": 0.172441363335,
        "median": 0.172452360392,
        "min": 0.0594883300364,
        "var": 0.00210423860699
    },
    "erbbands_kurtosis": {
        "dmean": 0.872046470642,
        "dmean2": 1.41926288605,
        "dvar": 1.79896569252,
        "dvar2": 4.59427642822,
        "max": 27.4522705078,
        "mean": 0.31336838007,
        "median": -0.126236319542,
        "min": -1.84486794472,
        "var": 3.4555785656
    },
    "erbbands_skewness": {
        "dmean": 0.335035413504,
        "dmean2": 0.52019661665,
        "dvar": 0.111858300865,
        "dvar2": 0.256960213184,
        "max": 4.94985485077,
        "mean": -0.0739205554128,
        "median": -0.151707261801,
        "min": -3.89053630829,
        "var": 0.620368421078
    },
    "erbbands_spread": {
        "dmean": 6.88756465912,
        "dmean2": 10.7961988449,
        "dvar": 51.8101272583,
        "dvar2": 118.630203247,
        "max": 140.320510864,
        "mean": 34.89503479,
        "median": 33.4068222046,
        "min": 4.87055826187,
        "var": 233.427581787
    },
    "hfc": {
        "dmean": 5.22657012939,
        "dmean2": 7.27351427078,
        "dvar": 99.111541748,
        "dvar2": 198.763504028,
        "max": 331.472320557,
        "mean": 16.6816139221,
        "median": 9.27456951141,
        "min": 1.04855359976e-16,
        "var": 420.061584473
    },
    "melbands_crest": {
        "dmean": 3.00163006783,
        "dmean2": 4.90732145309,
        "dvar": 8.46099662781,
        "dvar2": 21.6227092743,
        "max": 32.457736969,
        "mean": 10.4622335434,
        "median": 9.65539360046,
        "min": 1.4256310463,
        "var": 30.7461261749
    },
    "melbands_flatness_db": {
        "dmean": 0.0197287481278,
        "dmean2": 0.0302100889385,
        "dvar": 0.000443496886874,
        "dvar2": 0.000965314917266,
        "max": 0.399455070496,
        "mean": 0.126048505306,
        "median": 0.13044783473,
        "min": 0.000473198684631,
        "var": 0.00347049999982
    },
    "melbands_kurtosis": {
        "dmean": 2.95605754852,
        "dmean2": 4.71211719513,
        "dvar": 38.6298179626,
        "dvar2": 88.225944519,
        "max": 245.801849365,
        "mean": 4.48992061615,
        "median": 1.75604104996,
        "min": -1.79208076,
        "var": 87.7372970581
    },
    "melbands_skewness": {
        "dmean": 0.522282898426,
        "dmean2": 0.813671946526,
        "dvar": 0.33801817894,
        "dvar2": 0.757792055607,
        "max": 12.796049118,
        "mean": 1.46720016003,
        "median": 1.30262589455,
        "min": -2.10062861443,
        "var": 1.62668991089
    },
    "melbands_spread": {
        "dmean": 10.2148132324,
        "dmean2": 16.1691951752,
        "dvar": 144.211776733,
        "dvar2": 310.153106689,
        "max": 246.508728027,
        "mean": 47.7535934448,
        "median": 36.4431381226,
        "min": 1.13269734383,
        "var": 1285.59216309
    },
    "pitch_salience": {
        "dmean": 0.0592098198831,
        "dmean2": 0.0966723635793,
        "dvar": 0.00330279464833,
        "dvar2": 0.00817131157964,
        "max": 0.995190799236,
        "mean": 0.611871063709,
        "median": 0.6078312397,
        "min": 0.105110391974,
        "var": 0.0140513032675
    },
    "silence_rate_20dB": {
        "dmean": 0,
        "dmean2": 0,
        "dvar": 0,
        "dvar2": 0,
        "max": 1,
        "mean": 1,
        "median": 1,
        "min": 1,
        "var": 0
    },
    "silence_rate_30dB": {
        "dmean": 0.000633646617644,
        "dmean2": 0.00126742711291,
        "dvar": 0.000633305462543,
        "dvar2": 0.00168853753712,
        "max": 1,
        "mean": 0.999577641487,
        "median": 1,
        "min": 0,
        "var": 0.00042224462959
    },
    "silence_rate_60dB": {
        "dmean": 0.0464674197137,
        "dmean2": 0.0929446592927,
        "dvar": 0.0443129204214,
        "dvar2": 0.0959359109402,
        "max": 1,
        "mean": 0.276557564735,
        "median": 0,
        "min": 0,
        "var": 0.200089171529
    },
    "spectral_centroid": {
        "dmean": 287.152618408,
        "dmean2": 450.655212402,
        "dvar": 98760.8359375,
        "dvar2": 207724.984375,
        "max": 12100.5625,
        "mean": 2841.43359375,
        "median": 1960.91882324,
        "min": 254.448913574,
        "var": 8238311
    },
    "spectral_complexity": {
        "dmean": 2.58464455605,
        "dmean2": 3.90515422821,
        "dvar": 8.31693458557,
        "dvar2": 16.6256484985,
        "max": 50,
        "mean": 15.0384368896,
        "median": 15,
        "min": 0,
        "var": 104.661026001
    },
    "spectral_decrease": {
        "dmean": 1.07498721036e-09,
        "dmean2": 1.56756096992e-09,
        "dvar": 3.13603960515e-18,
        "dvar2": 6.61953559942e-18,
        "max": 2.94362436055e-25,
        "mean": -3.05723646399e-09,
        "median": -1.91600113553e-09,
        "min": -3.20801092357e-08,
        "var": 1.24683423544e-17
    },
    "spectral_energy": {
        "dmean": 0.00445589330047,
        "dmean2": 0.00645544100553,
        "dvar": 5.2270352171e-05,
        "dvar2": 0.00011012347386,
        "max": 0.132738426328,
        "mean": 0.013051789254,
        "median": 0.00826238561422,
        "min": 9.75000615294e-21,
        "var": 0.000219574954826
    },
    "spectral_energyband_high": {
        "dmean": 0.000314183474984,
        "dmean2": 0.00043453136459,
        "dvar": 1.11394672331e-06,
        "dvar2": 2.09423933484e-06,
        "max": 0.0457243137062,
        "mean": 0.000758312700782,
        "median": 0.000313199183438,
        "min": 6.85351530022e-21,
        "var": 2.58651334661e-06
    },
    "spectral_energyband_low": {
        "dmean": 0.000709575135261,
        "dmean2": 0.00110572366975,
        "dvar": 3.27975067194e-06,
        "dvar2": 7.92628270574e-06,
        "max": 0.0366149917245,
        "mean": 0.00104081898462,
        "median": 0.000341562903486,
        "min": 1.09726110629e-23,
        "var": 4.97194196214e-06
    },
    "spectral_energyband_middle_high": {
        "dmean": 0.00172839988954,
        "dmean2": 0.00255320477299,
        "dvar": 1.05436120066e-05,
        "dvar2": 2.28406661336e-05,
        "max": 0.0626754611731,
        "mean": 0.00483410665765,
        "median": 0.00219900789671,
        "min": 1.07685223653e-21,
        "var": 4.51705527666e-05
    },
    "spectral_energyband_middle_low": {
        "dmean": 0.00305630988441,
        "dmean2": 0.00465262588114,
        "dvar": 3.45359949279e-05,
        "dvar2": 7.75945009082e-05,
        "max": 0.113603942096,
        "mean": 0.0067026601173,
        "median": 0.0035783611238,
        "min": 1.04807277318e-22,
        "var": 9.31238682824e-05
    },
    "spectral_entropy": {
        "dmean": 0.112379893661,
        "dmean2": 0.167657002807,
        "dvar": 0.0156303327531,
        "dvar2": 0.0311255902052,
        "max": 9.83036327362,
        "mean": 7.93144464493,
        "median": 7.75446033478,
        "min": 6.00290966034,
        "var": 0.50229460001
    },
    "spectral_flux": {
        "dmean": 0.0149899562821,
        "dmean2": 0.0235775336623,
        "dvar": 0.000390219531255,
        "dvar2": 0.000892617506906,
        "max": 0.310534924269,
        "mean": 0.057003621012,
        "median": 0.0520904809237,
        "min": 6.29655633189e-11,
        "var": 0.0017715980066
    },
    "spectral_kurtosis": {
        "dmean": 1.09814763069,
        "dmean2": 1.87377488613,
        "dvar": 1.42093014717,
        "dvar2": 4.08221340179,
        "max": 21.7744693756,
        "mean": 2.7123105526,
        "median": 2.72792029381,
        "min": -1.28077542782,
        "var": 5.10326957703
    },
    "spectral_rms": {
        "dmean": 0.000528622069396,
        "dmean2": 0.000742236850783,
        "dvar": 4.52934102668e-07,
        "dvar2": 8.59742669945e-07,
        "max": 0.0113798463717,
        "mean": 0.00295402109623,
        "median": 0.00283916597255,
        "min": 3.08418568462e-12,
        "var": 4.00712906412e-06
    },
    "spectral_rolloff": {
        "dmean": 560.070495605,
        "dmean2": 925.762756348,
        "dvar": 672877.625,
        "dvar2": 1381916.5,
        "max": 20370.4101562,
        "mean": 4130.96386719,
        "median": 2454.78515625,
        "min": 86.1328125,
        "var": 26835026
    },
    "spectral_skewness": {
        "dmean": 0.175133064389,
        "dmean2": 0.285600930452,
        "dvar": 0.0332613661885,
        "dvar2": 0.0822590962052,
        "max": 3.73777031898,
        "mean": 1.06836140156,
        "median": 1.14773344994,
        "min": -0.102004110813,
        "var": 0.262559235096
    },
    "spectral_spread": {
        "dmean": 419327.03125,
        "dmean2": 657796.1875,
        "dvar": 434488213504,
        "dvar2": 974025129984,
        "max": 43409188,
        "mean": 7898430.5,
        "median": 4006272,
        "min": 1836032.5,
        "var": 1.25953598554e+14
    },
    "spectral_strongpeak": {
        "dmean": 0.69216299057,
        "dmean2": 1.14810788631,
        "dvar": 1.44787275791,
        "dvar2": 3.66515779495,
        "max": 21.3591632843,
        "mean": 1.17993748188,
        "median": 0.470191657543,
        "min": 0,
        "var": 3.13486170769
    },
    "zerocrossingrate": {
        "dmean": 0.0108395442367,
        "dmean2": 0.0133291808888,
        "dvar": 0.000203231422347,
        "dvar2": 0.000250728393439,
        "max": 0.7197265625,
        "mean": 0.128510415554,
        "median": 0.08349609375,
        "min": 0.0107421875,
        "var": 0.0173661913723
    },
    "barkbands": {
        "dmean": [6.47922979624e-06, 0.000430678133853, 0.000305697089061, 0.00037164974492, 0.000716741429642, 0.000533892540261, 0.000781045120675, 0.000669354980346, 0.00108943216037, 0.000445068784757, 0.000164400000358, 0.000125051534269, 0.000368528126273, 0.000550147902686, 0.000264889531536, 0.0003114156425, 0.000496489810757, 0.000142916891491, 0.000155002548127, 9.46388536249e-05, 0.00011811900913, 0.000120564618555, 6.327463052e-05, 3.14030767186e-05, 1.09994307422e-05, 2.70342184194e-06, 4.22125578936e-09],
        "dmean2": [9.93019421003e-06, 0.000638377619907, 0.000508909521159, 0.000606279820204, 0.00112949730828, 0.000835955492221, 0.00124958425295, 0.00103450310417, 0.00170431809966, 0.000690319575369, 0.000264641596004, 0.000203331859666, 0.000587535963859, 0.00086767115863, 0.000434309360571, 0.000503154296894, 0.000773255189415, 0.000228407690884, 0.000243168236921, 0.000149415514898, 0.000182720235898, 0.000178084257641, 9.30629321374e-05, 4.58598478872e-05, 1.52848806465e-05, 3.93046457248e-06, 7.1895605025e-09],
        "dvar": [2.48115195056e-10, 1.64713594586e-06, 9.55383711698e-07, 8.22468223305e-07, 2.57732722275e-06, 3.60908711627e-06, 4.60297269456e-06, 5.75013427806e-06, 1.63333224918e-05, 2.51903657045e-06, 2.54159033375e-07, 1.8909294397e-07, 1.80980634923e-06, 2.90981347462e-06, 6.85350642016e-07, 9.03098566596e-07, 1.59511921538e-06, 1.01848996792e-07, 2.87975552737e-07, 8.48768664241e-08, 9.04247983158e-08, 1.99322286676e-07, 9.5256140753e-08, 2.69596913682e-08, 3.79518505511e-09, 1.65822758302e-10, 5.50771633128e-16],
        "dvar2": [5.49425949181e-10, 3.53160157829e-06, 2.62937282969e-06, 2.11492874769e-06, 6.02680347583e-06, 8.50609831105e-06, 1.15128004836e-05, 1.23522650028e-05, 4.0065493522e-05, 5.77249193157e-06, 6.21916342425e-07, 4.65964802743e-07, 4.50705374533e-06, 6.88449472364e-06, 1.74636556949e-06, 2.43892395702e-06, 3.88642411053e-06, 2.45175328928e-07, 6.49563730803e-07, 2.03728632187e-07, 2.02132355298e-07, 4.1364390313e-07, 1.92666504972e-07, 5.06012263202e-08, 6.80302658651e-09, 3.06700831398e-10, 1.41096768414e-15],
        "max": [0.000292876822641, 0.025335136801, 0.0185309946537, 0.012180310674, 0.0741041377187, 0.0651111975312, 0.0508378446102, 0.0856266543269, 0.107495307922, 0.0564556121826, 0.014456060715, 0.0156802032143, 0.0406538397074, 0.0471141152084, 0.0310875792056, 0.0405652932823, 0.0330065637827, 0.0081012416631, 0.0253192130476, 0.0146198505536, 0.00972965732217, 0.0239982716739, 0.0158093757927, 0.00596747733653, 0.00259420648217, 0.000653465336654, 9.96499466055e-07],
        "mean": [8.09871835372e-06, 0.000554755097255, 0.000337063684128, 0.000438348099124, 0.00118788878899, 0.000933752802666, 0.00117536471225, 0.000945316394791, 0.00166808057111, 0.000712145527359, 0.000269757292699, 0.000187971279956, 0.000545679184143, 0.000828816904686, 0.000440513395006, 0.000542525900528, 0.000896013865713, 0.000262170913629, 0.000283955829218, 0.000178730275366, 0.000233595143072, 0.000229657409363, 0.000117633775517, 5.09306555614e-05, 1.87574423762e-05, 4.28033581557e-06, 4.37460778713e-09],
        "median": [1.68807969203e-06, 0.00011567841284, 7.53214626457e-05, 0.000109495325887, 0.000536645646207, 0.000264131929725, 0.000279868487269, 0.000174076645635, 0.000201452770852, 0.000127889594296, 7.09187152097e-05, 5.41671834071e-05, 9.6083189419e-05, 0.00014219773584, 0.00011177783017, 0.000143995450344, 0.000224032599363, 0.00011010455637, 0.000111653425847, 8.48643539939e-05, 8.87726491783e-05, 7.07084764144e-05, 3.45653679688e-05, 1.28505535031e-05, 5.85724137636e-06, 1.23970289678e-06, 1.2095275892e-09],
        "min": [2.83960651744e-26, 1.05890653131e-24, 6.3262438984e-25, 3.2039785346e-25, 6.15966576168e-24, 3.52979322472e-24, 5.55442564279e-24, 2.83564512915e-24, 7.87727233214e-24, 7.19385057551e-24, 1.11470053321e-23, 1.42290848888e-23, 1.96030404557e-23, 2.42685989298e-23, 3.20800005874e-23, 2.63660601699e-23, 4.37517782818e-23, 6.64553529063e-23, 9.00716143545e-23, 1.29377404129e-22, 2.23723073179e-22, 2.57027013549e-22, 3.4876267634e-22, 5.46841358238e-22, 7.22455881641e-22, 1.21702168699e-21, 1.71033707838e-21],
        "var": [3.86439463762e-10, 2.23247002396e-06, 8.84674136614e-07, 8.64992443894e-07, 4.17474211645e-06, 5.75718377149e-06, 7.56201734475e-06, 1.03628917714e-05, 3.09237402689e-05, 5.39923212273e-06, 4.9374983746e-07, 2.77859953712e-07, 3.07995719595e-06, 5.60988155485e-06, 1.23162124055e-06, 2.06759386856e-06, 4.23056690124e-06, 1.99782377308e-07, 4.21510605975e-07, 1.25437324527e-07, 1.77864052375e-07, 3.58184195193e-07, 1.93474448906e-07, 5.00013896954e-08, 7.11404268827e-09, 2.75604594702e-10, 4.89882669715e-16]
    },
    "erbbands": {
        "dmean": [0.0100223599002, 0.107391357422, 0.330598056316, 0.691851496696, 2.29254889488, 2.49836564064, 2.27982711792, 5.02527618408, 9.78281021118, 13.2221822739, 14.4848585129, 24.5773658752, 20.3573894501, 8.41251182556, 5.81261587143, 5.76169872284, 16.5621795654, 26.4148674011, 16.8879852295, 11.4839344025, 20.1148281097, 25.5820579529, 9.80411529541, 6.13992977142, 7.01441478729, 4.06335306168, 6.09419202805, 3.63960242271, 3.66940236092, 3.42535829544, 1.97477972507, 0.894866526127, 0.383997678757, 0.14515131712, 0.0717091783881, 0.0218102969229, 0.003067152109, 8.25739989523e-05, 5.76391812501e-06, 5.80625919611e-06],
        "dmean2": [0.0145162465051, 0.163383290172, 0.544665634632, 1.12870538235, 3.66698718071, 3.94813323021, 3.52739620209, 7.92082881927, 15.6732940674, 20.7626304626, 22.016658783, 38.1575431824, 31.4748687744, 13.4322929382, 9.31890296936, 9.25537014008, 25.9864940643, 40.9185676575, 27.3398838043, 18.6947860718, 31.7761249542, 39.9318313599, 15.375664711, 9.73692893982, 11.0024824142, 6.4433298111, 9.40341472626, 5.47763538361, 5.41023683548, 5.06754684448, 2.88212227821, 1.29025840759, 0.566227197647, 0.211975991726, 0.0993356183171, 0.0308014098555, 0.00451341923326, 0.000117663003039, 7.8428274719e-06, 8.25741699373e-06],
        "dvar": [0.000839231361169, 0.10732639581, 1.14202511311, 2.43848705292, 36.0267486572, 28.9109420776, 32.8157615662, 393.503112793, 915.366271973, 1349.09472656, 3193.80395508, 10178.3886719, 5427.19140625, 947.437438965, 275.827148438, 383.534606934, 3799.63842773, 7666.02587891, 2890.92578125, 678.322387695, 4028.65258789, 5029.38232422, 480.251281738, 418.380157471, 556.605102539, 191.171234131, 256.403015137, 98.6622772217, 126.592391968, 269.493103027, 131.593551636, 25.3285980225, 3.33256387711, 0.772672355175, 0.152736842632, 0.0128859635442, 0.000145951897139, 1.11547983295e-07, 2.74345962614e-10, 8.87424578266e-11],
        "dvar2": [0.0018522440223, 0.23091134429, 3.11983251572, 6.46789884567, 86.7133255005, 66.2602462769, 78.0785751343, 925.640808105, 2278.92553711, 3214.1484375, 6818.765625, 24671.7714844, 13471.1572266, 2219.10424805, 684.572631836, 941.570678711, 9173.03125, 18397.0976562, 7325.16943359, 1720.71875, 10834.2099609, 12470.5322266, 1133.98937988, 905.794128418, 1321.15234375, 469.164093018, 581.296691895, 202.194366455, 258.340423584, 562.70098877, 295.747528076, 47.4430007935, 6.47922277451, 1.54607868195, 0.257645219564, 0.0227652527392, 0.000284395413473, 1.98323576228e-07, 4.64218330443e-10, 1.81812342959e-10],
        "max": [0.626287996769, 6.00703191757, 19.6205883026, 28.1492710114, 182.854324341, 243.367477417, 203.736495972, 732.802001953, 852.668395996, 972.176025391, 1863.60656738, 3155.65478516, 2513.61889648, 1013.17126465, 631.32019043, 640.573913574, 2306.9765625, 1877.69372559, 1721.69543457, 690.532836914, 2725.90942383, 2261.73632812, 565.23614502, 972.998046875, 1229.3996582, 752.828979492, 517.457458496, 304.708068848, 439.161102295, 966.975646973, 579.413574219, 199.293624878, 56.0869598389, 46.3509216309, 18.0827445984, 5.92296457291, 0.506823837757, 0.0126453628764, 0.000647852313705, 0.00018435860693],
        "mean": [0.0126649765298, 0.137213468552, 0.373643189669, 0.903133153915, 3.03664088249, 4.15294694901, 4.31222772598, 8.60165119171, 15.0056562424, 20.9426231384, 21.4737796783, 37.9665679932, 32.5913619995, 14.8714570999, 10.495382309, 9.77042675018, 26.6521663666, 42.7323188782, 27.7004528046, 21.9865779877, 37.2997627258, 48.7061233521, 19.8640079498, 12.3353662491, 13.2862148285, 8.43977737427, 11.8636140823, 7.40203428268, 7.28366041183, 6.33963346481, 3.43973302841, 1.51026654243, 0.607371747494, 0.243681371212, 0.119187116623, 0.0358379893005, 0.00455023767427, 0.000132642118842, 1.50665591718e-05, 1.77198289748e-05],
        "median": [0.00258421245962, 0.0279386546463, 0.0932110697031, 0.308736801147, 0.994756162167, 1.71189236641, 1.72925496101, 2.45623135567, 3.64598369598, 4.76110363007, 4.27784395218, 4.90158557892, 5.21417808533, 4.08263778687, 3.6602435112, 3.01412820816, 5.20096969604, 6.77582645416, 7.43841266632, 7.34214401245, 9.11524009705, 12.3810558319, 7.75933933258, 5.71092987061, 5.70758581161, 4.15387964249, 4.26233768463, 2.97816753387, 2.41261053085, 1.77184426785, 0.915971755981, 0.355738699436, 0.172437876463, 0.0751272588968, 0.0364772677422, 0.0113674262539, 0.00105785415508, 3.62121427315e-05, 8.46981492941e-06, 1.12440666271e-05],
        "min": [4.1806450445e-23, 1.77968093069e-22, 1.13699741533e-21, 2.75677447348e-21, 6.05127733353e-21, 1.44968798411e-20, 3.43483712059e-20, 5.3780740494e-20, 6.52497967887e-20, 1.16111614003e-19, 9.23190044535e-20, 1.4915892704e-19, 2.05935273042e-19, 3.57667416796e-19, 5.65367505525e-19, 7.94838987976e-19, 1.08932645298e-18, 1.51958072629e-18, 1.86822318901e-18, 2.0376624521e-18, 3.31113285452e-18, 3.18768793542e-18, 4.02355332402e-18, 3.60287862938e-18, 5.97966259196e-18, 5.30482590077e-18, 7.83498445175e-18, 8.74083159492e-18, 8.45249959444e-18, 8.74471355353e-18, 1.01419853899e-17, 9.91954328829e-18, 9.04685119844e-18, 6.98551711195e-18, 5.01431055706e-18, 3.60007365993e-18, 2.14084930441e-18, 8.76463619859e-19, 2.15359083267e-19, 2.36526221552e-20],
        "var": [0.00107158208266, 0.145007938147, 1.04147779942, 3.02928519249, 40.4768791199, 57.3841285706, 78.0191574097, 555.869934082, 1631.49768066, 2479.12597656, 5621.91650391, 19260.4140625, 11614.0009766, 1984.69421387, 552.620910645, 620.297546387, 7127.01171875, 16719.1894531, 4653.90380859, 1581.4387207, 9469.45507812, 13790.5839844, 1166.16589355, 643.923095703, 804.312988281, 264.100463867, 495.954528809, 206.525238037, 260.264678955, 455.073608398, 221.793029785, 49.3273544312, 5.68307495117, 1.22884452343, 0.295503944159, 0.0222236271948, 0.000255494029261, 2.20329710032e-07, 7.11527281538e-10, 3.92032739605e-10]
    },
    "gfcc": {
        "mean": [-158.271957397, 73.1786804199, -139.080001831, 38.9729385376, -67.7372207642, 8.8726272583, -39.948600769, 5.39372682571, -15.6352987289, 0.673364698887, -15.752120018, -3.31151747704, -6.15860414505],
        "cov": [[120990.335938, 9117.49121094, -16647.2890625, 4585.03564453, -7925.81445312, 751.063781738, -4609.77539062, 461.767608643, -1718.04052734, 4.80156183243, -2019.32177734, -425.971832275, -834.41229248], [9117.49121094, 1531.62121582, -1100.24841309, 315.435272217, -532.080871582, -70.3787384033, -253.302322388, -16.938117981, -101.02180481, -60.0472679138, -99.3993301392, -65.1206054688, -15.0495615005], [-16647.2890625, -1100.24841309, 2835.24536133, -452.047943115, 1117.0032959, -95.3727874756, 656.078125, -81.7450332642, 172.785949707, -2.79559230804, 269.965362549, 92.3637466431, 100.396652222], [4585.03564453, 315.435272217, -452.047943115, 586.845947266, -260.274383545, 46.8007469177, -179.876541138, -19.5765590668, -34.3185005188, -31.5894470215, -85.2604522705, -16.8599090576, -15.7360038757], [-7925.81445312, -532.080871582, 1117.0032959, -260.274383545, 748.649719238, -19.8093242645, 333.091430664, 7.07059240341, 136.049697876, 35.0088729858, 117.961082458, 33.0173950195, 45.0855484009], [751.063781738, -70.3787384033, -95.3727874756, 46.8007469177, -19.8093242645, 194.035385132, 21.823677063, 34.834903717, -47.7435264587, 28.9126300812, -5.27695465088, 1.64849328995, -20.5126667023], [-4609.77539062, -253.302322388, 656.078125, -179.876541138, 333.091430664, 21.823677063, 348.786071777, 14.0901184082, 82.0391845703, -3.36852312088, 96.9526824951, 7.54993343353, 24.7456989288], [461.767608643, -16.938117981, -81.7450332642, -19.5765590668, 7.07059240341, 34.834903717, 14.0901184082, 136.477966309, 14.7799758911, 38.5771636963, -8.33100795746, 11.9078407288, -2.95426225662], [-1718.04052734, -101.02180481, 172.785949707, -34.3185005188, 136.049697876, -47.7435264587, 82.0391845703, 14.7799758911, 179.886505127, 13.1069860458, 28.568107605, -6.33172798157, 29.1833877563], [4.80156183243, -60.0472679138, -2.79559230804, -31.5894470215, 35.0088729858, 28.9126300812, -3.36852312088, 38.5771636963, 13.1069860458, 110.794700623, 26.2944164276, 17.3633975983, -6.45500469208], [-2019.32177734, -99.3993301392, 269.965362549, -85.2604522705, 117.961082458, -5.27695465088, 96.9526824951, -8.33100795746, 28.568107605, 26.2944164276, 128.780517578, 28.0389823914, 25.7310581207], [-425.971832275, -65.1206054688, 92.3637466431, -16.8599090576, 33.0173950195, 1.64849328995, 7.54993343353, 11.9078407288, -6.33172798157, 17.3633975983, 28.0389823914, 99.1195449829, 31.7779464722], [-834.41229248, -15.0495615005, 100.396652222, -15.7360038757, 45.0855484009, -20.5126667023, 24.7456989288, -2.95426225662, 29.1833877563, -6.45500469208, 25.7310581207, 31.7779464722, 80.0633850098]],
        "icov": [[0.000231841666391, -0.000526645104401, 0.00062915449962, -0.000552191166207, 0.000637509219814, -0.000307192793116, 0.000327266636305, -0.000326532375766, 0.000317818077747, -0.000511660880875, 0.000690177024808, -0.000533007842023, 0.000701515411492], [-0.000526645104401, 0.002293813508, -0.00102173676714, 0.000867690541781, -0.0012469770154, 0.00152401824016, -0.00120057596359, 0.000745660101529, -0.000180336122867, 0.00125422421843, -0.00178593059536, 0.00166104792152, -0.00203292700462], [0.00062915449962, -0.00102173676714, 0.00300115253776, -0.00169323175214, 0.000538490712643, -2.03904091904e-05, -0.000256085360888, -0.000252708006883, 0.00149742502254, -0.00118302274495, 0.00130994769279, -0.00178656633943, 0.00167707016226], [-0.000552191166207, 0.000867690541781, -0.00169323175214, 0.00375819788314, -0.00112821685616, -0.000513849838171, 0.00028430938255, 0.00114604097325, -0.00162559351884, 0.0017941967817, -0.000981871737167, 0.00101923209149, -0.00162358139642], [0.000637509219814, -0.0012469770154, 0.000538490712643, -0.00112821685616, 0.00586064904928, -0.00102435413282, -0.000257339706877, -0.00113943323959, -0.00036712011206, -0.00241931760684, 0.00240327278152, -0.00137647450902, 0.00170017429627], [-0.000307192793116, 0.00152401824016, -2.03904091904e-05, -0.000513849838171, -0.00102435413282, 0.00808386784047, -0.0030494555831, -0.000614594027866, 0.00254759704694, -0.00125760538504, -0.00080909760436, 0.000915788521525, -0.000556137470994], [0.000327266636305, -0.00120057596359, -0.000256085360888, 0.00028430938255, -0.000257339706877, -0.0030494555831, 0.00817616935819, -0.00184382335283, -0.00154899305198, 0.00179246615153, -0.00159505708143, 0.000206721641007, 0.00147030246444], [-0.000326532375766, 0.000745660101529, -0.000252708006883, 0.00114604097325, -0.00113943323959, -0.000614594027866, -0.00184382335283, 0.00981494504958, -0.00135808181949, -0.00220164679922, 0.000898791535292, -0.000777038338128, -0.000967488391325], [0.000317818077747, -0.000180336122867, 0.00149742502254, -0.00162559351884, -0.00036712011206, 0.00254759704694, -0.00154899305198, -0.00135808181949, 0.00889602769166, -0.00217904988676, 0.00069998629624, 0.00125694042072, -0.00177293573506], [-0.000511660880875, 0.00125422421843, -0.00118302274495, 0.0017941967817, -0.00241931760684, -0.00125760538504, 0.00179246615153, -0.00220164679922, -0.00217904988676, 0.0137016577646, -0.00511428946629, -0.000372871494619, 0.000834904261865], [0.000690177024808, -0.00178593059536, 0.00130994769279, -0.000981871737167, 0.00240327278152, -0.00080909760436, -0.00159505708143, 0.000898791535292, 0.00069998629624, -0.00511428946629, 0.0144841922447, -0.00354866078123, 7.32032276574e-05], [-0.000533007842023, 0.00166104792152, -0.00178656633943, 0.00101923209149, -0.00137647450902, 0.000915788521525, 0.000206721641007, -0.000777038338128, 0.00125694042072, -0.000372871494619, -0.00354866078123, 0.0146584874019, -0.00705075729638], [0.000701515411492, -0.00203292700462, 0.00167707016226, -0.00162358139642, 0.00170017429627, -0.000556137470994, 0.00147030246444, -0.000967488391325, -0.00177293573506, 0.000834904261865, 7.32032276574e-05, -0.00705075729638, 0.0188955180347]]
    },
    "melbands": {
        "dmean": [0.000107822073915, 0.000155423666001, 0.000172666055732, 0.000172035157448, 8.41419387143e-05, 0.000115199582069, 0.000148494640598, 0.000145243568113, 0.000127736973809, 0.000157029353431, 0.000100154014945, 3.52307433786e-05, 2.35099196289e-05, 1.26805962282e-05, 2.70691507467e-05, 4.14094029111e-05, 5.11983744218e-05, 3.0309358408e-05, 1.80424794962e-05, 1.4103778085e-05, 2.87065795419e-05, 2.95024983643e-05, 1.98744892259e-05, 5.04596209794e-06, 5.39375423614e-06, 6.83053622197e-06, 3.72583508579e-06, 2.7798987503e-06, 4.50848847322e-06, 2.62405251306e-06, 2.39492442233e-06, 2.44338139055e-06, 2.19290495806e-06, 1.64653079082e-06, 1.27934856664e-06, 7.21170295037e-07, 5.02940622482e-07, 3.11348088644e-07, 1.69887371726e-07, 1.1347748341e-07],
        "dmean2": [0.000155625879415, 0.000249638716923, 0.000276460632449, 0.000271438766504, 0.000130773623823, 0.000181098061148, 0.000237545333221, 0.00022630787862, 0.000193779691472, 0.000245330098551, 0.000154907029355, 5.6146964198e-05, 3.77328833565e-05, 2.11062797462e-05, 4.24463687523e-05, 6.52484231978e-05, 7.98814580776e-05, 4.92656581628e-05, 2.93711018458e-05, 2.3243477699e-05, 4.54337277915e-05, 4.60468872916e-05, 3.16115365422e-05, 8.25360257295e-06, 8.65295442054e-06, 1.08295880636e-05, 5.97300959271e-06, 4.48288028565e-06, 7.03492878529e-06, 4.14017040384e-06, 3.60213107342e-06, 3.67385973732e-06, 3.30496709466e-06, 2.48934816227e-06, 1.90607443074e-06, 1.05198125766e-06, 7.43379189316e-07, 4.67881875466e-07, 2.52417578395e-07, 1.69747536916e-07],
        "dvar": [1.01574791245e-07, 2.20213308921e-07, 1.63802312159e-07, 1.72583980884e-07, 3.4002709981e-08, 1.77499202891e-07, 1.87676533869e-07, 1.64338572972e-07, 2.36891793293e-07, 3.96012552528e-07, 1.32302687916e-07, 1.78093628733e-08, 4.55081439199e-09, 1.69035008213e-09, 1.079499512e-08, 2.19839879634e-08, 2.95996311905e-08, 1.00525578972e-08, 2.68880406828e-09, 1.02394281942e-09, 8.51291925841e-09, 6.99107660651e-09, 2.71860156609e-09, 1.29454683084e-10, 3.6348088428e-10, 5.71537095428e-10, 1.65960759024e-10, 8.92382140405e-11, 1.39493291917e-10, 4.74507412529e-11, 5.09601701115e-11, 5.08340973482e-11, 9.15014383707e-11, 5.97342106334e-11, 5.70875603734e-11, 1.7593166507e-11, 8.39215762855e-12, 1.93970013662e-12, 1.0018453081e-12, 4.47671332513e-13],
        "dvar2": [2.18901433868e-07, 5.648843171e-07, 4.09909091559e-07, 3.98312636207e-07, 8.05956901218e-08, 4.13965409507e-07, 4.60581560446e-07, 3.783900695e-07, 5.2004850204e-07, 9.66384504864e-07, 3.26782583215e-07, 4.08573050947e-08, 1.1191355398e-08, 4.49915438239e-09, 2.67154902645e-08, 5.33831183702e-08, 6.97142326089e-08, 2.50943692492e-08, 6.64039090381e-09, 2.64521071713e-09, 2.26028120665e-08, 1.72597509618e-08, 6.69630617622e-09, 3.39520300763e-10, 8.02691135782e-10, 1.35405009427e-09, 4.10389444649e-10, 2.22930049421e-10, 3.21661253189e-10, 1.10425543709e-10, 1.06480789464e-10, 1.05180690546e-10, 2.02246122627e-10, 1.24524557332e-10, 1.32888783311e-10, 3.63613757159e-11, 1.65961046988e-11, 4.00229762526e-12, 1.89237883176e-12, 9.40699775021e-13],
        "max": [0.00668721972033, 0.00824585463852, 0.00651465822011, 0.0201446693391, 0.00567420199513, 0.0151320379227, 0.0119411507621, 0.00979828555137, 0.0154003174976, 0.0179335922003, 0.0122687928379, 0.00400055246428, 0.00217400165275, 0.0010241069831, 0.00318904384039, 0.00466017844155, 0.00401465967298, 0.00281855859794, 0.00200551305898, 0.000823422567919, 0.00394761981443, 0.00251064985059, 0.0013210735051, 0.000403119891416, 0.000959564757068, 0.001130026998, 0.000648588174954, 0.000475795386592, 0.000319501850754, 0.000233544618823, 0.000236376683461, 0.000221264315769, 0.00052113912534, 0.000446105492301, 0.000379808829166, 0.00020379803027, 0.000114227623271, 4.52237836726e-05, 5.37039886694e-05, 3.24669017573e-05],
        "mean": [0.000137520546559, 0.000195758839254, 0.000224247574806, 0.000272668927209, 0.000161669158842, 0.000199172194698, 0.000229114186368, 0.000226999967708, 0.000184209347935, 0.000241377056227, 0.000157135495101, 5.89376941207e-05, 3.99766140617e-05, 1.97157078219e-05, 4.17725714215e-05, 6.48016211926e-05, 7.91462007328e-05, 4.48229184258e-05, 3.11316944135e-05, 2.54533442785e-05, 4.88635196234e-05, 5.26592084498e-05, 3.38857098541e-05, 9.60098623182e-06, 9.61231489782e-06, 1.19285778055e-05, 6.51166374155e-06, 5.16649151905e-06, 8.31175384519e-06, 4.68052849101e-06, 4.45222121925e-06, 4.51034293292e-06, 3.85779776479e-06, 2.98800318888e-06, 2.09730956158e-06, 1.2108143892e-06, 7.82795552823e-07, 4.56980075114e-07, 2.63793850763e-07, 1.83396338116e-07],
        "median": [2.8257494705e-05, 4.9856811529e-05, 7.57063971832e-05, 0.000109905289719, 7.06300052116e-05, 5.4321346397e-05, 5.61716624361e-05, 4.87222278025e-05, 3.10455070576e-05, 2.89639192488e-05, 2.22131402552e-05, 1.36508988362e-05, 1.13042315206e-05, 6.27006920695e-06, 8.79119124875e-06, 1.04710634332e-05, 1.13544065243e-05, 1.08660487967e-05, 8.44225360197e-06, 8.66452137416e-06, 1.01223395177e-05, 1.18872267194e-05, 9.61414116318e-06, 4.10968141296e-06, 4.05453101848e-06, 4.3504187488e-06, 2.96610096484e-06, 2.33869332078e-06, 2.78079892269e-06, 1.78711604804e-06, 1.62439323503e-06, 1.43981117162e-06, 1.08786798592e-06, 8.40331438212e-07, 5.46469664187e-07, 2.90312840434e-07, 1.69939454508e-07, 1.20662349445e-07, 7.66957271026e-08, 5.33077653131e-08],
        "min": [5.5227225063e-25, 5.89551647643e-25, 5.03060247741e-25, 1.18590514983e-24, 1.27837690426e-24, 8.12816145722e-25, 9.05749482384e-25, 1.18071355761e-24, 7.57832737844e-25, 1.03648049767e-24, 8.9003172467e-25, 1.38262368959e-24, 1.74650392593e-24, 1.77453077338e-24, 2.05290302354e-24, 1.60261628846e-24, 2.35296007391e-24, 1.85816758149e-24, 2.50876266649e-24, 1.90399073654e-24, 2.97105349796e-24, 2.39729642336e-24, 3.20996002311e-24, 2.92840254983e-24, 2.50835817806e-24, 2.77124331371e-24, 3.7960566572e-24, 3.25035956222e-24, 3.82110811854e-24, 4.88774903659e-24, 4.61287439847e-24, 3.51705154338e-24, 4.210145918e-24, 4.61726993144e-24, 4.71956349717e-24, 4.18157929247e-24, 5.19947610076e-24, 4.36947767705e-24, 5.35859289522e-24, 5.02948130885e-24],
        "var": [1.33940105229e-07, 2.54482785067e-07, 1.87228692994e-07, 2.62172193288e-07, 8.49833838856e-08, 2.79650009816e-07, 3.38061084904e-07, 3.15371494253e-07, 3.98487742359e-07, 7.30580779873e-07, 2.8456668133e-07, 3.71449999648e-08, 9.87665416119e-09, 2.4834634349e-09, 1.79615735618e-08, 4.16308907347e-08, 6.0745342978e-08, 1.45909737626e-08, 5.33435251526e-09, 2.3470838606e-09, 1.92118783104e-08, 1.88485778096e-08, 5.35785371625e-09, 2.42580372456e-10, 5.04874808627e-10, 7.95261245745e-10, 2.17637810551e-10, 1.18483736711e-10, 2.69874317338e-10, 7.67985050554e-11, 9.90566170755e-11, 1.04343436669e-10, 1.34319957934e-10, 1.03558203679e-10, 8.85212042556e-11, 3.13839405852e-11, 1.46525239858e-11, 3.02566955865e-12, 1.5874740758e-12, 6.88332420576e-13]
    },
    "mfcc": {
        "mean": [-717.047912598, 86.3954620361, -18.2424869537, 21.4908008575, -7.58842992783, 2.46178030968, -14.7493982315, 0.308654844761, -1.29083871841, 0.337600499392, -0.910506248474, -0.209198251367, -3.93887734413],
        "cov": [[29078.1113281, 4771.42431641, -1493.89404297, 1319.16796875, -678.266906738, 176.285888672, -1118.47106934, 29.4058532715, -98.2451248169, 11.4662342072, -46.1969680786, -68.322769165, -377.278411865], [4771.42431641, 1743.66918945, -216.11340332, 244.627807617, -124.442955017, -30.5249500275, -120.865524292, -5.44874477386, -14.9508609772, -23.3403015137, 12.8516836166, -21.2318191528, -40.115322113], [-1493.89404297, -216.11340332, 557.57421875, 103.807342529, 43.7016181946, 51.850643158, 102.320007324, 13.9847021103, -28.5174350739, -39.6387062073, -44.0985946655, -5.36396169662, 38.3675727844], [1319.16796875, 244.627807617, 103.807342529, 398.02734375, 56.0703010559, 60.2749443054, -74.8232803345, 24.416759491, 20.5890274048, -8.25193119049, -25.576166153, 9.54086780548, 5.47123765945], [-678.266906738, -124.442955017, 43.7016181946, 56.0703010559, 201.523101807, 28.1978759766, 21.2794723511, -6.47236299515, 30.8746795654, 11.4395523071, -3.26809859276, 13.7312793732, 23.3767051697], [176.285888672, -30.5249500275, 51.850643158, 60.2749443054, 28.1978759766, 154.317108154, 37.4188804626, 23.4356403351, 0.279835730791, 9.96399974823, 11.229809761, -4.68978261948, -13.5764522552], [-1118.47106934, -120.865524292, 102.320007324, -74.8232803345, 21.2794723511, 37.4188804626, 233.426574707, 33.5786170959, -11.9405889511, 9.44047260284, 28.2475337982, 7.66830253601, 16.0246124268], [29.4058532715, -5.44874477386, 13.9847021103, 24.416759491, -6.47236299515, 23.4356403351, 33.5786170959, 109.095375061, 31.3983726501, 6.77662992477, 14.2930498123, 5.08418607712, -5.87085723877], [-98.2451248169, -14.9508609772, -28.5174350739, 20.5890274048, 30.8746795654, 0.279835730791, -11.9405889511, 31.3983726501, 104.662849426, 40.0991783142, 13.1881895065, 10.3795251846, -3.8692510128], [11.4662342072, -23.3403015137, -39.6387062073, -8.25193119049, 11.4395523071, 9.96399974823, 9.44047260284, 6.77662992477, 40.0991783142, 103.948478699, 48.4623069763, 4.05992889404, -13.1514234543], [-46.1969680786, 12.8516836166, -44.0985946655, -25.576166153, -3.26809859276, 11.229809761, 28.2475337982, 14.2930498123, 13.1881895065, 48.4623069763, 104.096359253, 31.7151756287, -7.60232257843], [-68.322769165, -21.2318191528, -5.36396169662, 9.54086780548, 13.7312793732, -4.68978261948, 7.66830253601, 5.08418607712, 10.3795251846, 4.05992889404, 31.7151756287, 83.9163665771, 22.5963630676], [-377.278411865, -40.115322113, 38.3675727844, 5.47123765945, 23.3767051697, -13.5764522552, 16.0246124268, -5.87085723877, -3.8692510128, -13.1514234543, -7.60232257843, 22.5963630676, 90.4705047607]],
