{
"lowlevel": {
    "average_loudness": 0.930634915829,
    "barkbands_crest": {
        "dmean": 2.59521102905,
        "dmean2": 4.27872610092,
        "dvar": 5.33048677444,
        "dvar2": 13.4829568863,
        "max": 24.088634491,
        "mean": 8.28431415558,
        "median": 7.47645425797,
        "min": 2.41258168221,
        "var": 13.0519609451
    },
    "barkbands_flatness_db": {
        "dmean": 0.0195366479456,
        "dmean2": 0.0317322053015,
        "dvar": 0.000252121593803,
        "dvar2": 0.000651319336612,
        "max": 0.298639208078,
        "mean": 0.155327796936,
        "median": 0.151643246412,
        "min": 0.0429145470262,
        "var": 0.000894267926924
    },
    "barkbands_kurtosis": {
        "dmean": 1.06254220009,
        "dmean2": 1.70827507973,
        "dvar": 1.78582692146,
        "dvar2": 4.41066646576,
        "max": 20.9658432007,
        "mean": 0.525700330734,
        "median": -0.0033597946167,
        "min": -1.81246745586,
        "var": 3.88673090935
    },
    "barkbands_skewness": {
        "dmean": 0.400560736656,
        "dmean2": 0.628062427044,
        "dvar": 0.12874571979,
        "dvar2": 0.305926322937,
        "max": 4.46479988098,
        "mean": 0.735386669636,
        "median": 0.693524479866,
        "min": -2.1512606144,
        "var": 0.46055367589
    },
    "barkbands_spread": {
        "dmean": 5.24416017532,
        "dmean2": 8.04124164581,
        "dvar": 26.9930095673,
        "dvar2": 58.7348556519,
        "max": 82.9479980469,
        "mean": 24.5405921936,
        "median": 23.2343826294,
        "min": 3.091796875,
        "var": 113.516532898
    },
    "dissonance": {
        "dmean": 0.0169972516596,
        "dmean2": 0.0287053845823,
        "dvar": 0.000270595366601,
        "dvar2": 0.00073963496834,
        "max": 0.500000119209,
        "mean": 0.469556689262,
        "median": 0.475487142801,
        "min": 0.315461665392,
        "var": 0.000541198765859
    },
    "dynamic_complexity": 2.47567486763,
    "erbbands_crest": {
        "dmean": 2.74682164192,
        "dmean2": 4.47869729996,
        "dvar": 6.71115016937,
        "dvar2": 16.383769989,
        "max": 29.0867595673,
        "mean": 8.92680072784,
        "median": 7.84026288986,
        "min": 2.53957796097,
        "var": 18.6954345703
    },
    "erbbands_flatness_db": {
        "dmean": 0.0153195494786,
        "dmean2": 0.0222582854331,
        "dvar": 0.00020161071734,
        "dvar2": 0.000375180941774,
        "max": 0.341712534428,
        "mean": 0.209701612592,
        "median": 0.205689236522,
        "min": 0.0909221172333,
        "var": 0.00134735926986
    },
    "erbbands_kurtosis": {
        "dmean": 0.720569014549,
        "dmean2": 1.15379822254,
        "dvar": 0.80863493681,
        "dvar2": 1.97607803345,
        "max": 13.0997142792,
        "mean": -0.0201539210975,
        "median": -0.377195954323,
        "min": -1.72807765007,
        "var": 1.68301224709
    },
    "erbbands_skewness": {
        "dmean": 0.351371258497,
        "dmean2": 0.542724728584,
        "dvar": 0.0972382426262,
        "dvar2": 0.221058294177,
        "max": 3.23292922974,
        "mean": 0.153549194336,
        "median": 0.115540154278,
        "min": -2.68793272972,
        "var": 0.508606672287
    },
    "erbbands_spread": {
        "dmean": 6.82497787476,
        "dmean2": 10.2409687042,
        "dvar": 51.7420539856,
        "dvar2": 105.433143616,
        "max": 107.876907349,
        "mean": 33.3204574585,
        "median": 30.0595207214,
        "min": 5.23808240891,
        "var": 239.708694458
    },
    "hfc": {
        "dmean": 6.55872488022,
        "dmean2": 9.09523487091,
        "dvar": 53.9919776917,
        "dvar2": 103.146278381,
        "max": 122.095123291,
        "mean": 24.3284988403,
        "median": 21.2137031555,
        "min": 1.20024052465e-16,
        "var": 257.00289917
    },
    "melbands_crest": {
        "dmean": 3.50750160217,
        "dmean2": 5.80716371536,
        "dvar": 9.04783916473,
        "dvar2": 23.8283672333,
        "max": 30.6950073242,
        "mean": 11.4979925156,
        "median": 10.6792201996,
        "min": 1.97743058205,
        "var": 19.6573314667
    },
    "melbands_flatness_db": {
        "dmean": 0.0219207052141,
        "dmean2": 0.0336115024984,
        "dvar": 0.000382593949325,
        "dvar2": 0.000920967024285,
        "max": 0.313860744238,
        "mean": 0.152590841055,
        "median": 0.150354653597,
        "min": 0.0058106565848,
        "var": 0.00152968801558
    },
    "melbands_kurtosis": {
        "dmean": 2.71092152596,
        "dmean2": 4.29768800735,
        "dvar": 14.6421728134,
        "dvar2": 33.4137992859,
        "max": 73.7232284546,
        "mean": 4.17710971832,
        "median": 2.52013707161,
        "min": -1.73760986328,
        "var": 32.1361579895
    },
    "melbands_skewness": {
        "dmean": 0.51567196846,
        "dmean2": 0.794652581215,
        "dvar": 0.260028660297,
        "dvar2": 0.584335446358,
        "max": 7.55314874649,
        "mean": 1.53937542439,
        "median": 1.37686109543,
        "min": -1.31872487068,
        "var": 0.99000787735
    },
    "melbands_spread": {
        "dmean": 8.63906764984,
        "dmean2": 13.549366951,
        "dvar": 88.840675354,
        "dvar2": 193.432189941,
        "max": 161.307891846,
        "mean": 32.8132324219,
        "median": 29.9797439575,
        "min": 4.41209602356,
        "var": 267.764587402
    },
    "pitch_salience": {
        "dmean": 0.0683755800128,
        "dmean2": 0.111871659756,
        "dvar": 0.00324510759674,
        "dvar2": 0.00848845392466,
        "max": 0.998496890068,
        "mean": 0.579632401466,
        "median": 0.583807706833,
        "min": 0.187987923622,
        "var": 0.00830884929746
    },
    "silence_rate_20dB": {
        "dmean": 0,
        "dmean2": 0,
        "dvar": 0,
        "dvar2": 0,
        "max": 1,
        "mean": 1,
        "median": 1,
        "min": 1,
        "var": 0
    },
    "silence_rate_30dB": {
        "dmean": 0,
        "dmean2": 0,
        "dvar": 0,
        "dvar2": 0,
        "max": 1,
        "mean": 1,
        "median": 1,
        "min": 1,
        "var": 0
    },
    "silence_rate_60dB": {
        "dmean": 0.01009186171,
        "dmean2": 0.0201863348484,
        "dvar": 0.00998932681978,
        "dvar2": 0.0249563213438,
        "max": 1,
        "mean": 0.0130659770221,
        "median": 0,
        "min": 0,
        "var": 0.0128944488242
    },
    "spectral_centroid": {
        "dmean": 278.790893555,
        "dmean2": 439.768554688,
        "dvar": 83178.109375,
        "dvar2": 192992.8125,
        "max": 11192.1855469,
        "mean": 1745.02392578,
        "median": 1709.94335938,
        "min": 461.893707275,
        "var": 274767.71875
    },
    "spectral_complexity": {
        "dmean": 3.89416480064,
        "dmean2": 5.73291921616,
        "dvar": 12.5319929123,
        "dvar2": 23.7050418854,
        "max": 54,
        "mean": 23.9523925781,
        "median": 24,
        "min": 0,
        "var": 65.1831130981
    },
    "spectral_decrease": {
        "dmean": 1.74755665494e-09,
        "dmean2": 2.61991095485e-09,
        "dvar": 3.7115052282e-18,
        "dvar2": 8.21709226391e-18,
        "max": 3.70258650069e-24,
        "mean": -5.3844844139e-09,
        "median": -4.75624162277e-09,
        "min": -2.40963711207e-08,
        "var": 1.12448380037e-17
    },
    "spectral_energy": {
        "dmean": 0.00707307178527,
        "dmean2": 0.0105333514512,
        "dvar": 6.06348221481e-05,
        "dvar2": 0.000132392116939,
        "max": 0.0987283438444,
        "mean": 0.0225289519876,
        "median": 0.0199362095445,
        "min": 1.06017638848e-20,
        "var": 0.00019277226238
    },
    "spectral_energyband_high": {
        "dmean": 0.000336174649419,
        "dmean2": 0.000459967530333,
        "dvar": 3.74398922531e-07,
        "dvar2": 6.22462096089e-07,
        "max": 0.0160508193076,
        "mean": 0.000786005402915,
        "median": 0.000402926554671,
        "min": 7.91601102559e-21,
        "var": 1.05538015305e-06
    },
    "spectral_energyband_low": {
        "dmean": 0.00156179454643,
        "dmean2": 0.00254233088344,
        "dvar": 7.98621931608e-06,
        "dvar2": 2.15452164412e-05,
        "max": 0.0346782244742,
        "mean": 0.00254886876792,
        "median": 0.00150072900578,
        "min": 3.41856060276e-23,
        "var": 1.10441305878e-05
    },
    "spectral_energyband_middle_high": {
        "dmean": 0.00254299445078,
        "dmean2": 0.00369588658214,
        "dvar": 1.32478717205e-05,
        "dvar2": 2.80646800093e-05,
        "max": 0.0723021253943,
        "mean": 0.00805273931473,
        "median": 0.00579011021182,
        "min": 1.31566681205e-21,
        "var": 5.41211229574e-05
    },
    "spectral_energyband_middle_low": {
        "dmean": 0.00519003765658,
        "dmean2": 0.0080398619175,
        "dvar": 4.17438532168e-05,
        "dvar2": 9.83941063168e-05,
        "max": 0.0833908542991,
        "mean": 0.0117583824322,
        "median": 0.00902145914733,
        "min": 2.38798596353e-22,
        "var": 9.34280033107e-05
    },
    "spectral_entropy": {
        "dmean": 0.128211960196,
        "dmean2": 0.186287358403,
        "dvar": 0.0157181061804,
        "dvar2": 0.0298831984401,
        "max": 9.81546878815,
        "mean": 7.58850193024,
        "median": 7.59443426132,
        "min": 6.51779031754,
        "var": 0.0818071439862
    },
    "spectral_flux": {
        "dmean": 0.0203739330173,
        "dmean2": 0.0319087021053,
        "dvar": 0.000393999682274,
        "dvar2": 0.000896472192835,
        "max": 0.254927784204,
        "mean": 0.08543715626,
        "median": 0.0809868350625,
        "min": 6.69835090172e-11,
        "var": 0.00108165456913
    },
    "spectral_kurtosis": {
        "dmean": 1.94546878338,
        "dmean2": 3.40660405159,
        "dvar": 3.3669462204,
        "dvar2": 9.84447383881,
        "max": 17.8541851044,
        "mean": 3.11648607254,
        "median": 2.5511636734,
        "min": -1.23104286194,
        "var": 6.60847425461
    },
    "spectral_rms": {
        "dmean": 0.00072454859037,
        "dmean2": 0.00104899110738,
        "dvar": 4.91448759021e-07,
        "dvar2": 9.89416093944e-07,
        "max": 0.00981429219246,
        "mean": 0.00445526884869,
        "median": 0.00441021099687,
        "min": 3.21608213151e-12,
        "var": 2.13004750549e-06
    },
    "spectral_rolloff": {
        "dmean": 542.31060791,
        "dmean2": 892.965515137,
        "dvar": 508279,
        "dvar2": 1122959.625,
        "max": 19207.6171875,
        "mean": 2039.47827148,
        "median": 1787.25585938,
        "min": 86.1328125,
        "var": 1216236.875
    },
    "spectral_skewness": {
        "dmean": 0.253290981054,
        "dmean2": 0.426558792591,
        "dvar": 0.0552887134254,
        "dvar2": 0.150284186006,
        "max": 2.72871088982,
        "mean": 1.03436923027,
        "median": 1.02742862701,
        "min": -0.163758412004,
        "var": 0.147753864527
    },
    "spectral_spread": {
        "dmean": 282137.0625,
        "dmean2": 414897.125,
        "dvar": 176531046400,
        "dvar2": 267753865216,
        "max": 41797512,
        "mean": 3292804.25,
        "median": 3137688,
        "min": 1806301.75,
        "var": 1.0999454761e+12
    },
    "spectral_strongpeak": {
        "dmean": 0.805424749851,
        "dmean2": 1.31450581551,
        "dvar": 1.06560730934,
        "dvar2": 2.61463975906,
        "max": 12.798043251,
        "mean": 1.48555636406,
        "median": 0.899435162544,
        "min": 0,
        "var": 2.43565392494
    },
    "zerocrossingrate": {
        "dmean": 0.0084005985409,
        "dmean2": 0.00979848019779,
        "dvar": 9.36930591706e-05,
        "dvar2": 0.000118272226246,
        "max": 0.5224609375,
        "mean": 0.0701306387782,
        "median": 0.0673828125,
        "min": 0.0185546875,
        "var": 0.000622410501819
    },
    "barkbands": {
        "dmean": [3.23815875163e-05, 0.000896097335499, 0.000672801455949, 0.00118696177378, 0.00141617178451, 0.000496180611663, 0.000789674115367, 0.0013431959087, 0.00220037158579, 0.000891670875717, 0.000452197244158, 0.00033668091055, 0.000766140117776, 0.000691913242918, 0.000392134301364, 0.000220786838327, 0.000426182581577, 0.00024771867902, 0.00030116547714, 0.000132079730975, 0.000137088776683, 0.000127504565171, 6.04623455729e-05, 2.38633201661e-05, 3.55263841811e-06, 4.45817871508e-09, 1.50053580672e-09],
        "dmean2": [4.97519031342e-05, 0.00134598382283, 0.00114564457908, 0.00196837889962, 0.0023379069753, 0.000801366346423, 0.00123774481472, 0.00209420826286, 0.00340810092166, 0.00137929618359, 0.000735540408641, 0.000545306131244, 0.00122763973195, 0.00108133035246, 0.00063203368336, 0.000358526333002, 0.00066825147951, 0.000399558193749, 0.000474668864626, 0.000209469231777, 0.000217798515223, 0.000192220875761, 8.69025534485e-05, 3.46083179465e-05, 5.41053941561e-06, 8.25521428993e-09, 2.75078892997e-09],
        "dvar": [3.55458684709e-09, 3.51259609488e-06, 3.04968170894e-06, 4.72344072477e-06, 6.04726392339e-06, 6.64200626943e-07, 2.29084616876e-06, 7.40608720662e-06, 2.2064687073e-05, 5.24503229826e-06, 9.64401351666e-07, 6.13542738392e-07, 3.29574390889e-06, 3.83655833502e-06, 9.29050372633e-07, 2.60154678244e-07, 5.23529763541e-07, 1.24893503539e-07, 1.45511194205e-07, 3.42188570812e-08, 6.12812982581e-08, 6.32499279618e-08, 1.7787398221e-08, 2.36973463075e-09, 5.64276923798e-11, 9.27944498991e-16, 5.46441832312e-17],
        "dvar2": [7.44777350903e-09, 8.15674138721e-06, 8.44205806061e-06, 1.24128691823e-05, 1.55064863065e-05, 1.6616514813e-06, 5.4032279877e-06, 1.67061571119e-05, 5.27689880983e-05, 1.16748860819e-05, 2.38740790337e-06, 1.54433791977e-06, 8.29392320156e-06, 8.47781484481e-06, 2.26273891712e-06, 6.74081206853e-07, 1.20261722714e-06, 3.21143204474e-07, 3.53250243279e-07, 7.78746240826e-08, 1.32463725322e-07, 1.28276965938e-07, 3.50333380084e-08, 4.93716889594e-09, 1.35296079895e-10, 2.71587434955e-15, 1.57557577901e-16],
        "max": [0.00170219340362, 0.0290591865778, 0.0234503000975, 0.0279597640038, 0.0342213883996, 0.0151576306671, 0.0257831253111, 0.0595703907311, 0.0812109559774, 0.0746436864138, 0.0297083798796, 0.0224397461861, 0.0485852658749, 0.0617904923856, 0.0235254690051, 0.0156017504632, 0.0212515667081, 0.00653407536447, 0.00718625355512, 0.00648087263107, 0.00573003990576, 0.00424416922033, 0.00498685473576, 0.00105580466334, 0.000220617585001, 7.8253214042e-07, 2.24662841219e-07],
        "mean": [5.05234711454e-05, 0.00137572665699, 0.000718011462595, 0.00138352659997, 0.00202623964287, 0.000857863284182, 0.00129855575506, 0.00222002388909, 0.00355969136581, 0.00144743348937, 0.000716784095857, 0.000530624645762, 0.00121864094399, 0.00105796102434, 0.000695287366398, 0.000405833445257, 0.000828072312288, 0.000501863542013, 0.000712509034202, 0.00025840595481, 0.000243232178036, 0.000241640722379, 0.00012897241686, 4.57964379166e-05, 5.72618728256e-06, 2.93834867549e-09, 1.11779918655e-09],
        "median": [1.33197227115e-05, 0.000555013248231, 0.00027571443934, 0.000575747690164, 0.00109343556687, 0.00047616584925, 0.000573271478061, 0.000721229531337, 0.000843935762532, 0.000478973262943, 0.00027325906558, 0.000223499315325, 0.000368061824702, 0.000338168640155, 0.000228168108151, 0.000164498749655, 0.000415094196796, 0.000341142644174, 0.000498242327012, 0.000182068848517, 0.000109464672278, 9.17243305594e-05, 5.97986581852e-05, 2.29708202824e-05, 2.90585467155e-06, 3.33380156814e-10, 3.10778180967e-10],
        "min": [8.76171714667e-24, 1.89077652751e-23, 2.52895947781e-24, 1.48727701439e-23, 1.95076955713e-23, 3.40913119058e-23, 2.41483497065e-23, 1.60443784717e-23, 2.80604829072e-23, 4.29389486269e-23, 5.73703447834e-23, 2.90485816781e-23, 6.14070154552e-23, 9.31906693995e-23, 1.02654090943e-22, 9.56349012718e-23, 6.76107248989e-23, 1.54785111895e-22, 2.05061855336e-22, 3.32781086463e-22, 3.63901131682e-22, 2.96301154224e-22, 5.42529507639e-22, 7.41922545401e-22, 1.00390999205e-21, 1.81538982397e-21, 2.32177642599e-21],
        "var": [1.03048165556e-08, 5.30897659701e-06, 2.32968568525e-06, 4.80984772366e-06, 7.20488242223e-06, 1.28610201955e-06, 4.82623909193e-06, 1.80491133506e-05, 4.73875807074e-05, 1.04342834675e-05, 2.14899341699e-06, 1.04231548903e-06, 5.94586617808e-06, 6.6454717853e-06, 2.28592102758e-06, 5.97060079599e-07, 1.31872934617e-06, 2.64552681983e-07, 4.80752362364e-07, 7.07106835307e-08, 1.21502537809e-07, 1.4583682173e-07, 3.50750859468e-08, 4.16351708665e-09, 7.37447880539e-11, 5.38558953276e-16, 3.49451978894e-17]
    },
    "erbbands": {
        "dmean": [0.0215260088444, 0.225255295634, 0.716846346855, 2.02193522453, 5.9813914299, 4.37421035767, 3.1963956356, 4.6199889183, 9.3353061676, 17.9231815338, 30.7732048035, 56.0440940857, 28.2432861328, 23.4794712067, 15.2466535568, 15.0114650726, 33.7032737732, 31.6507568359, 28.7698917389, 13.0762586594, 12.3002099991, 22.1458320618, 15.0364980698, 12.9405155182, 13.1656389236, 5.78392267227, 5.8831653595, 4.85136699677, 4.86066579819, 2.9958562851, 1.86917304993, 0.75207233429, 0.26999181509, 0.0738997608423, 0.00360626308247, 0.00013847379887, 2.1543175535e-05, 5.27554493601e-06, 4.42287046098e-06, 8.50173819344e-06],
        "dmean2": [0.0316853150725, 0.346038162708, 1.21479785442, 3.35155820847, 9.84063243866, 7.40459775925, 5.1862745285, 7.5130238533, 14.9041986465, 27.9340076447, 46.9194297791, 87.1500091553, 43.6028137207, 36.9449272156, 24.471200943, 23.9928951263, 53.3960800171, 48.6179504395, 45.9087333679, 21.1300258636, 19.3854503632, 34.4255256653, 24.0425014496, 20.5446033478, 20.8907661438, 9.15850925446, 9.34390544891, 7.36606216431, 7.24281835556, 4.62611436844, 2.57963037491, 1.0864790678, 0.383640617132, 0.107863903046, 0.00547973951325, 0.000200972193852, 3.15312463499e-05, 7.57468205848e-06, 6.27414692644e-06, 1.2462786799e-05],
        "dvar": [0.00191629468463, 0.232636332512, 3.2225792408, 12.2963342667, 133.262786865, 52.9980621338, 28.02942276, 61.1491241455, 345.230773926, 1187.64868164, 3997.78295898, 14976.0957031, 5142.47851562, 2412.3684082, 1029.78503418, 1105.70141602, 5880.95849609, 7054.45068359, 5341.08105469, 985.899902344, 720.716918945, 1482.44787598, 438.007476807, 250.245239258, 327.715454102, 67.9820632935, 108.518096924, 77.1439056396, 101.513710022, 37.2004623413, 13.822022438, 2.34705805779, 0.315070509911, 0.0252867434174, 6.06582761975e-05, 9.42930071801e-08, 4.0948777702e-09, 2.24181187503e-10, 2.72688798625e-11, 8.71616182008e-11],
        "dvar2": [0.00436432985589, 0.547079324722, 9.01422405243, 32.8629760742, 336.317199707, 144.08757019, 71.3183441162, 154.470611572, 842.353637695, 2721.81494141, 8602.71679688, 36447.8359375, 11862.3652344, 5548.22119141, 2561.515625, 2773.43408203, 14583.2783203, 15170.7021484, 13155.2861328, 2605.56054688, 1595.81591797, 3432.73095703, 1103.07385254, 619.901062012, 799.137512207, 157.967086792, 232.880905151, 159.591934204, 209.236923218, 79.8324356079, 25.4165840149, 4.82936477661, 0.666198372841, 0.0582309067249, 0.00014450251183, 2.22094598712e-07, 1.10177431623e-08, 5.88130433243e-10, 5.59720741977e-11, 1.8583315442e-10],
        "max": [0.732838273048, 6.97428369522, 24.0987739563, 45.3921279907, 146.057342529, 129.713302612, 148.094177246, 135.328140259, 342.731201172, 760.34954834, 1605.04602051, 2097.84423828, 2944.26733398, 969.671569824, 825.434020996, 929.81652832, 1869.97412109, 2995.35766602, 1494.37548828, 1068.8067627, 825.242126465, 1062.6685791, 333.778656006, 233.646835327, 365.477294922, 290.661010742, 255.29359436, 249.151824951, 187.268264771, 192.018997192, 107.953704834, 43.3737068176, 15.6957988739, 4.57826566696, 0.236648574471, 0.00756530882791, 0.00160553469323, 0.000306680303765, 7.74732980062e-05, 0.000116477742267],
        "mean": [0.0346319936216, 0.324420243502, 0.836121022701, 2.51395869255, 7.40867376328, 5.92194366455, 5.45185899734, 7.8148226738, 15.0140380859, 31.1431407928, 54.2638893127, 92.2592315674, 48.5256767273, 41.5932807922, 26.3506736755, 26.7472343445, 56.9201622009, 52.8703384399, 51.3714599609, 25.333032608, 25.421043396, 45.4218444824, 33.0742073059, 30.8020362854, 30.0333461761, 12.4297943115, 10.701789856, 8.82714176178, 8.7003736496, 6.09097194672, 3.70143914223, 1.43767333031, 0.526651799679, 0.137515470386, 0.0061338157393, 0.000274627323961, 4.60178234789e-05, 1.24877597045e-05, 1.52828124556e-05, 2.84385459963e-05],
        "median": [0.0125623159111, 0.123428002, 0.365692973137, 1.30179357529, 2.79287385941, 3.27120113373, 3.2646677494, 4.24281024933, 7.43030023575, 11.945854187, 20.0060577393, 22.7925338745, 16.4799957275, 16.7242622375, 12.22174263, 12.1296739578, 18.7052879333, 21.1856250763, 17.8691444397, 10.493771553, 11.6196212769, 23.6888122559, 23.0183448792, 23.5405349731, 21.1394901276, 9.22062301636, 5.61138772964, 3.70390677452, 3.01769256592, 2.59300994873, 1.65023732185, 0.68277156353, 0.272820532322, 0.0737063735723, 0.0032138125971, 0.000156894777319, 2.99141320284e-05, 8.70292933541e-06, 1.37269289553e-05, 2.51896035479e-05],
        "min": [9.10148483969e-22, 1.96580320756e-21, 2.55652123654e-21, 2.8308001105e-20, 3.81198656659e-20, 9.3181301468e-20, 1.79034790835e-19, 3.87013406785e-19, 2.69900503576e-19, 5.37395048943e-19, 4.60256579413e-19, 5.46799834014e-19, 1.33160662042e-18, 1.59370231303e-18, 2.39376515337e-18, 1.19662811525e-18, 2.54784822197e-18, 4.10348999046e-18, 4.09051731692e-18, 5.05794929746e-18, 6.46980060571e-18, 4.99605054504e-18, 6.82719308835e-18, 1.34792050394e-17, 9.74582956939e-18, 1.62770152484e-17, 1.32491925808e-17, 1.3661898631e-17, 1.09542577263e-17, 1.4712738955e-17, 1.50376720433e-17, 1.44986613038e-17, 1.27350832865e-17, 1.03292781057e-17, 7.49057870473e-18, 5.56182016374e-18, 3.67705398286e-18, 1.29327817277e-18, 3.11714405992e-19, 3.37335659844e-20],
        "var": [0.00348876626231, 0.330288201571, 2.62211275101, 12.2964448929, 144.183547974, 61.5488433838, 48.7837562561, 116.746864319, 607.240966797, 3116.70092773, 10406.2060547, 32141.3535156, 10067.9365234, 5823.53710938, 2223.19018555, 2164.24365234, 11548.1152344, 12550.21875, 11456.8349609, 2086.84960938, 1831.13635254, 3754.7980957, 1063.10742188, 767.658813477, 884.98651123, 146.266708374, 213.966674805, 168.93031311, 205.846466064, 82.117767334, 29.480255127, 4.30957794189, 0.541204988956, 0.0368510968983, 8.20433706394e-05, 1.3391783682e-07, 4.08020639497e-09, 2.50030884885e-10, 8.80648748369e-11, 2.94043539517e-10]
    },
    "gfcc": {
        "mean": [-14.473856926, 124.975608826, -178.104354858, 55.2939910889, -78.9472961426, 10.5855455399, -27.0571689606, -3.75312852859, -2.07655715942, -24.1511230469, 5.31153821945, -23.6497955322, -2.90196847916],
        "cov": [[2475.82519531, -160.584991455, -222.570541382, 138.547012329, -126.447113037, 58.277305603, -26.6317005157, -55.0842247009, 17.5124187469, -39.3997573853, -87.2214736938, -71.23021698, -69.4650039673], [-160.584991455, 474.612976074, 67.3308105469, -129.353424072, 143.639419556, -47.7762718201, 66.2480926514, 84.7981567383, 61.3939552307, 11.6167612076, 113.994522095, 2.54155659676, 5.8927693367], [-222.570541382, 67.3308105469, 381.567199707, 218.431427002, -23.285358429, 39.7744445801, -27.2775268555, -31.146188736, -12.6535482407, 20.8689613342, -27.714214325, 29.1316299438, 25.9015331268], [138.547012329, -129.353424072, 218.431427002, 370.112548828, -20.2102031708, 27.2117938995, -85.2705078125, -89.6719818115, -2.12272119522, 9.04755973816, -93.0369720459, 34.2697105408, 41.4316329956], [-126.447113037, 143.639419556, -23.285358429, -20.2102031708, 208.028167725, 25.7140617371, 8.76117801666, 68.7409591675, 55.9022750854, 21.0367088318, 45.6477661133, -0.560450136662, 27.3793258667], [58.277305603, -47.7762718201, 39.7744445801, 27.2117938995, 25.7140617371, 171.305541992, 76.6658630371, -2.51525402069, -35.3148498535, 10.3665485382, -3.88433122635, -0.106191851199, 15.5695991516], [-26.6317005157, 66.2480926514, -27.2775268555, -85.2705078125, 8.76117801666, 76.6658630371, 187.6980896, 57.4732589722, -12.9729661942, -6.0871796608, 49.0715141296, -0.906815946102, -18.5377979279], [-55.0842247009, 84.7981567383, -31.146188736, -89.6719818115, 68.7409591675, -2.51525402069, 57.4732589722, 150.261138916, 60.7021560669, 19.4085578918, 57.7602500916, 0.874530613422, 1.53095173836], [17.5124187469, 61.3939552307, -12.6535482407, -2.12272119522, 55.9022750854, -35.3148498535, -12.9729661942, 60.7021560669, 117.401741028, 34.7735328674, 12.5200929642, -1.38481044769, 2.37265133858], [-39.3997573853, 11.6167612076, 20.8689613342, 9.04755973816, 21.0367088318, 10.3665485382, -6.0871796608, 19.4085578918, 34.7735328674, 79.1133956909, 38.6450920105, 8.33411979675, 14.4462280273], [-87.2214736938, 113.994522095, -27.714214325, -93.0369720459, 45.6477661133, -3.88433122635, 49.0715141296, 57.7602500916, 12.5200929642, 38.6450920105, 118.921142578, 33.1789283752, -4.17990350723], [-71.23021698, 2.54155659676, 29.1316299438, 34.2697105408, -0.560450136662, -0.106191851199, -0.906815946102, 0.874530613422, -1.38481044769, 8.33411979675, 33.1789283752, 73.3504180908, 37.6790847778], [-69.4650039673, 5.8927693367, 25.9015331268, 41.4316329956, 27.3793258667, 15.5695991516, -18.5377979279, 1.53095173836, 2.37265133858, 14.4462280273, -4.17990350723, 37.6790847778, 78.2658309937]],
        "icov": [[0.000664282008074, -0.00071687658783, 0.00133190536872, -0.00131348031573, 0.00125177169684, -0.00113024318125, 0.000627397443168, -0.00051068951143, -0.000278538151179, 0.000348775065504, -0.000316113611916, 0.000635752629023, 0.000464744894998], [-0.00071687658783, 0.00737511739135, -0.00555677572265, 0.00413554906845, -0.00503457756713, 0.0045893760398, -0.00329157430679, 0.00364849716425, -0.00311648310162, 0.00387326045893, -0.00608073361218, 0.00363705656491, -0.00424073170871], [0.00133190536872, -0.00555677572265, 0.00954131688923, -0.00735087040812, 0.00557248108089, -0.00493205338717, 0.0030231482815, -0.00400158995762, 0.00224872585386, -0.00226878887042, 0.0020481494721, -0.000957596523222, 0.00308129284531], [-0.00131348031573, 0.00413554906845, -0.00735087040812, 0.0110100684687, -0.00566269597039, 0.00323695014231, -0.00170704803895, 0.00443207193166, -0.00140869116876, -0.00186101044528, 0.00506214331836, -0.00548626855016, -0.000729062827304], [0.00125177169684, -0.00503457756713, 0.00557248108089, -0.00566269597039, 0.0129584847018, -0.00689570233226, 0.00453086430207, -0.00419110944495, -0.00285929604433, 0.00272348872386, -0.00445035332814, 0.00488321110606, -0.00236730044708], [-0.00113024318125, 0.0045893760398, -0.00493205338717, 0.00323695014231, -0.00689570233226, 0.0139754787087, -0.00790169183165, 0.00279053626582, 0.00334331090562, -0.00330725079402, 0.00164795306046, 0.000433381414041, -0.00333558442071], [0.000627397443168, -0.00329157430679, 0.0030231482815, -0.00170704803895, 0.00453086430207, -0.00790169183165, 0.0116965724155, -0.00472952844575, 0.000596449652221, 0.00233162008226, -0.00214915070683, -0.000365835760022, 0.0031705617439], [-0.00051068951143, 0.00364849716425, -0.00400158995762, 0.00443207193166, -0.00419110944495, 0.00279053626582, -0.00472952844575, 0.0153426323086, -0.00803925376385, 0.00363427074626, -0.00660555949435, 0.00346910278313, -0.00470917485654], [-0.000278538151179, -0.00311648310162, 0.00224872585386, -0.00140869116876, -0.00285929604433, 0.00334331090562, 0.000596449652221, -0.00803925376385, 0.0191688146442, -0.0119875306264, 0.0110275689512, -0.00669049657881, 0.00606408668682], [0.000348775065504, 0.00387326045893, -0.00226878887042, -0.00186101044528, 0.00272348872386, -0.00330725079402, 0.00233162008226, 0.00363427074626, -0.0119875306264, 0.028311567381, -0.0214660409838, 0.0137281855568, -0.0106775434688], [-0.000316113611916, -0.00608073361218, 0.0020481494721, 0.00506214331836, -0.00445035332814, 0.00164795306046, -0.00214915070683, -0.00660555949435, 0.0110275689512, -0.0214660409838, 0.0378770567477, -0.0258342083544, 0.0157568491995], [0.000635752629023, 0.00363705656491, -0.000957596523222, -0.00548626855016, 0.00488321110606, 0.000433381414041, -0.000365835760022, 0.00346910278313, -0.00669049657881, 0.0137281855568, -0.0258342083544, 0.0374163128436, -0.0201613418758], [0.000464744894998, -0.00424073170871, 0.00308129284531, -0.000729062827304, -0.00236730044708, -0.00333558442071, 0.0031705617439, -0.00470917485654, 0.00606408668682, -0.0106775434688, 0.0157568491995, -0.0201613418758, 0.027544433251]]
    },
    "melbands": {
        "dmean": [0.00022356021509, 0.00033384852577, 0.000506501935888, 0.000356934673619, 0.000122283716337, 0.000103000944364, 0.000147041224409, 0.00021747489518, 0.000270510616247, 0.000349142181221, 0.000141468612128, 0.000101699930383, 5.84324989177e-05, 3.07245245494e-05, 6.32000082987e-05, 7.64967116993e-05, 6.31065195194e-05, 5.37971354788e-05, 2.40530025621e-05, 1.63576078194e-05, 1.66354875546e-05, 2.49893546425e-05, 2.28980770771e-05, 9.65524213825e-06, 1.18767047752e-05, 1.29569416458e-05, 6.77333218846e-06, 3.67779966837e-06, 3.85537714465e-06, 3.70031625607e-06, 2.85522560262e-06, 2.87476996164e-06, 2.55898839896e-06, 1.4286148371e-06, 1.27244243231e-06, 7.17767818514e-07, 3.74037028905e-07, 2.20870632006e-07, 1.26388172816e-07, 4.6520252539e-08],
        "dmean2": [0.000328228197759, 0.000554203055799, 0.000834505888633, 0.000586620473769, 0.000200648210011, 0.000166877391166, 0.000232484759181, 0.000338674522936, 0.000411788438214, 0.000545483781025, 0.000219245644985, 0.000159508810611, 9.47422158788e-05, 5.03494557051e-05, 9.91998676909e-05, 0.000122617697343, 9.74512440735e-05, 8.58150888234e-05, 3.85302082577e-05, 2.68888634309e-05, 2.63157344307e-05, 3.91293833673e-05, 3.68834407709e-05, 1.56950027304e-05, 1.90739574464e-05, 2.06250078918e-05, 1.10206492536e-05, 5.94390076003e-06, 6.02138834438e-06, 6.25004349786e-06, 4.25664165959e-06, 4.30244972449e-06, 3.91271441913e-06, 2.28591852647e-06, 1.81929226528e-06, 1.04973946691e-06, 5.44607644315e-07, 3.26672846995e-07, 1.86537263858e-07, 7.19284614092e-08],
        "dvar": [2.1454916066e-07, 5.59597253869e-07, 8.16496310563e-07, 4.26946485277e-07, 3.45250725786e-08, 2.98024858125e-08, 8.31216411257e-08, 1.73078319676e-07, 2.78949073618e-07, 6.08988443673e-07, 1.35263718448e-07, 5.04715451655e-08, 1.74580456758e-08, 3.12609471642e-09, 2.42880986434e-08, 3.79704836462e-08, 3.39573027475e-08, 2.21785256826e-08, 3.3972498148e-09, 1.66039093585e-09, 1.52471657522e-09, 2.27439755918e-09, 1.24710353155e-09, 1.96031399446e-10, 2.22965534924e-10, 3.16491860497e-10, 1.03504489701e-10, 2.89090400923e-11, 4.18909490429e-11, 4.67628227807e-11, 2.80601947927e-11, 3.51561557643e-11, 2.5738619569e-11, 1.03754834585e-11, 5.85941061296e-12, 2.3142425476e-12, 5.52432665585e-13, 2.11805453818e-13, 6.43459826979e-14, 1.04119661569e-14],
        "dvar2": [4.92916967687e-07, 1.53918938395e-06, 2.11137125916e-06, 1.09323218567e-06, 8.99849084135e-08, 7.42688115452e-08, 2.01510417241e-07, 4.03953180239e-07, 5.99077111474e-07, 1.49828792928e-06, 3.07996742777e-07, 1.14019940156e-07, 4.32477449408e-08, 8.167407195e-09, 5.73640690504e-08, 9.9981718904e-08, 7.26088984493e-08, 5.44840474959e-08, 8.29900503874e-09, 4.63961180586e-09, 3.28549565332e-09, 5.28718002712e-09, 3.12986681017e-09, 5.0266557583e-10, 5.6248022906e-10, 7.8203649112e-10, 2.45297143708e-10, 6.92188112383e-11, 8.59796678299e-11, 1.17728146676e-10, 5.63885153848e-11, 7.16978143522e-11, 5.61599412807e-11, 2.4068712301e-11, 1.08658524886e-11, 4.90323190036e-12, 1.16530906018e-12, 4.65672530918e-13, 1.45278279966e-13, 2.56164481174e-14],
        "max": [0.00751068117097, 0.00985963176936, 0.0118560120463, 0.00867224764079, 0.00462212413549, 0.00307714287192, 0.00469276215881, 0.00986687559634, 0.0115469833836, 0.0149663696066, 0.0146151799709, 0.00532308639959, 0.00388832390308, 0.00112588633783, 0.00341853220016, 0.00661416584626, 0.00680312560871, 0.00324851414189, 0.0015896433033, 0.00142544764094, 0.00126201414969, 0.00159682740923, 0.000744885881431, 0.000236758569372, 0.000210518410313, 0.000383661943488, 0.000327183835907, 0.000173785447259, 0.000194438136532, 0.000163740114658, 0.000158807873959, 0.000110188855615, 7.52975538489e-05, 0.000127946317662, 5.07723598275e-05, 5.42978741578e-05, 1.83900356205e-05, 1.31946162583e-05, 7.01797171132e-06, 3.12634711008e-06],
        "mean": [0.000351269030944, 0.000443678960437, 0.000635042844806, 0.000490059959702, 0.00020602492441, 0.00017508828023, 0.000237792613916, 0.000370094465325, 0.000464863580419, 0.000566398259252, 0.000230980542256, 0.000173168155015, 9.53479102463e-05, 5.26389594597e-05, 0.000103403122921, 0.000121934128401, 9.68425083556e-05, 8.90170849743e-05, 4.20241049142e-05, 2.84678353637e-05, 3.00420615531e-05, 4.74160624435e-05, 4.33496497863e-05, 2.00432332349e-05, 2.51952296821e-05, 2.79293708445e-05, 1.29354857563e-05, 7.04197645973e-06, 6.89836542733e-06, 5.6091175793e-06, 5.01165277456e-06, 5.00833311889e-06, 4.45691784989e-06, 2.88153569272e-06, 2.38444704337e-06, 1.28133433464e-06, 6.82206064084e-07, 3.97455721668e-07, 2.24521471637e-07, 7.49939630396e-08],
        "median": [0.000141368742334, 0.000197473738808, 0.000299249659292, 0.000244179216679, 0.000128166066133, 9.45067076827e-05, 0.000114630107419, 0.000132630346343, 0.000154082983499, 0.000125599603052, 7.00682430761e-05, 6.31443908787e-05, 3.91109060729e-05, 2.6533523851e-05, 3.25043547491e-05, 3.83799706469e-05, 3.34642209054e-05, 2.74811791314e-05, 1.54937188199e-05, 1.08952917799e-05, 1.29050213218e-05, 2.13692474063e-05, 2.69354495686e-05, 1.3860710169e-05, 1.81922951015e-05, 1.75123641384e-05, 9.33665614866e-06, 4.63806645712e-06, 3.72232102563e-06, 2.25914732255e-06, 2.03726312975e-06, 1.78910079285e-06, 1.48309334236e-06, 1.3092987956e-06, 1.01529917629e-06, 5.65891468796e-07, 3.18844939784e-07, 1.98553664177e-07, 1.18707447427e-07, 3.8414796677e-08],
        "min": [7.170379597e-24, 2.09617855229e-24, 5.82019327618e-24, 3.87744422565e-24, 6.10109205061e-24, 8.42190426769e-24, 4.63260223199e-24, 5.29683770811e-24, 4.44771690163e-24, 3.4536957575e-24, 6.5827622363e-24, 6.12412521132e-24, 1.00145174054e-23, 3.52981412954e-24, 4.11446892311e-24, 5.77588966446e-24, 7.9391292823e-24, 6.67320553351e-24, 8.25178325803e-24, 5.99792008826e-24, 7.77202329903e-24, 3.93335355902e-24, 5.77083464378e-24, 6.47525272226e-24, 1.10101016775e-23, 6.6170417925e-24, 7.60889475244e-24, 1.09172582709e-23, 7.77408695916e-24, 7.09712991764e-24, 7.39542978034e-24, 6.10454331707e-24, 5.89440457698e-24, 8.07923728996e-24, 8.12225308626e-24, 9.02348880515e-24, 8.31576776606e-24, 7.09406834847e-24, 1.10921037686e-23, 7.72673321674e-24],
        "var": [3.41837363749e-07, 5.84985286878e-07, 8.54970153341e-07, 4.83116480154e-07, 5.99572445026e-08, 5.82128798499e-08, 1.49684538542e-07, 4.19854785605e-07, 7.06563184849e-07, 1.31553338178e-06, 2.65749690698e-07, 1.20332188658e-07, 3.89234457998e-08, 6.02104899272e-09, 4.57589877101e-08, 6.36909049945e-08, 5.76560523768e-08, 4.17832310973e-08, 7.31012006483e-09, 3.24405191598e-09, 3.38565175895e-09, 5.27652632698e-09, 2.53716914145e-09, 4.39081021542e-10, 5.93379068103e-10, 9.34656796403e-10, 1.87586557399e-10, 6.09984701638e-11, 8.95968646497e-11, 7.05378533361e-11, 6.07895331295e-11, 7.05444452853e-11, 5.40154622419e-11, 1.83778547935e-11, 1.24036380125e-11, 3.92227179555e-12, 9.90568304465e-13, 3.36046349168e-13, 9.98269460259e-14, 1.29741374843e-14]
    },
    "mfcc": {
        "mean": [-620.163696289, 115.048919678, -24.9039707184, 24.6904182434, -11.9356966019, 1.70436573029, -7.78956842422, 10.5514764786, -8.43756198883, 6.99868202209, 3.29723310471, -1.21488368511, -8.10925960541],
        "cov": [[1941.77148438, -352.167602539, -63.4024467468, 23.7506103516, -68.897315979, 95.2479324341, -85.8913040161, 7.47395467758, -0.950113832951, 34.0055732727, -2.69193410873, -35.9223365784, -109.646469116], [-352.167602539, 651.245727539, -134.643264771, -93.6498947144, 63.3477859497, -146.903091431, 95.9993133545, 59.2181587219, -21.4397697449, 64.8823547363, 112.801750183, 48.5242805481, 74.3971252441], [-63.4024467468, -134.643264771, 428.482147217, 163.055374146, -6.81528711319, 118.643043518, -17.6990852356, -28.644733429, 22.1512928009, -70.1734542847, -47.3455276489, 12.0285978317, -1.8309571743], [23.7506103516, -93.6498947144, 163.055374146, 240.69593811, 78.0884780884, 50.0305900574, -86.9844818115, -30.5161952972, 33.827747345, -33.4929656982, -48.3708724976, 0.789724946022, 23.2776641846], [-68.897315979, 63.3477859497, -6.81528711319, 78.0884780884, 223.833389282, 4.39878702164, -49.1386833191, -21.1806526184, 45.4761047363, 26.2748088837, -17.8903217316, -6.10576200485, 52.757900238], [95.2479324341, -146.903091431, 118.643043518, 50.0305900574, 4.39878702164, 192.241928101, 31.7166500092, -13.5954580307, 20.8010883331, -22.2739486694, -47.6674461365, -14.3797712326, -32.3039360046], [-85.8913040161, 95.9993133545, -17.6990852356, -86.9844818115, -49.1386833191, 31.7166500092, 197.260452271, 63.9251327515, -12.5112781525, 12.2804689407, 42.219745636, 18.6460151672, -7.02412891388], [7.47395467758, 59.2181587219, -28.644733429, -30.5161952972, -21.1806526184, -13.5954580307, 63.9251327515, 111.931030273, 13.3350763321, 22.3025398254, 30.8460063934, 6.26074504852, -5.92681074142], [-0.950113832951, -21.4397697449, 22.1512928009, 33.827747345, 45.4761047363, 20.8010883331, -12.5112781525, 13.3350763321, 94.598449707, 25.4369831085, -13.4884061813, -4.80829954147, 9.17408752441], [34.0055732727, 64.8823547363, -70.1734542847, -33.4929656982, 26.2748088837, -22.2739486694, 12.2804689407, 22.3025398254, 25.4369831085, 114.946327209, 54.2217102051, -7.38646602631, -10.5555200577], [-2.69193410873, 112.801750183, -47.3455276489, -48.3708724976, -17.8903217316, -47.6674461365, 42.219745636, 30.8460063934, -13.4884061813, 54.2217102051, 116.354560852, 35.6882820129, 3.29065394402], [-35.9223365784, 48.5242805481, 12.0285978317, 0.789724946022, -6.10576200485, -14.3797712326, 18.6460151672, 6.26074504852, -4.80829954147, -7.38646602631, 35.6882820129, 83.3461227417, 41.453956604], [-109.646469116, 74.3971252441, -1.8309571743, 23.2776641846, 52.757900238, -32.3039360046, -7.02412891388, -5.92681074142, 9.17408752441, -10.5555200577, 3.29065394402, 41.453956604, 97.207069397]],
