{
"lowlevel": {
    "average_loudness": 0.917460560799,
    "barkbands_crest": {
        "dmean": 2.65135335922,
        "dmean2": 4.32993650436,
        "dvar": 5.33047294617,
        "dvar2": 13.3373985291,
        "max": 23.6191711426,
        "mean": 8.42625427246,
        "median": 7.68413066864,
        "min": 2.21639037132,
        "var": 12.1949987411
    },
    "barkbands_flatness_db": {
        "dmean": 0.0207973271608,
        "dmean2": 0.0336495265365,
        "dvar": 0.000304066372337,
        "dvar2": 0.000783141120337,
        "max": 0.328711777925,
        "mean": 0.161272808909,
        "median": 0.157996356487,
        "min": 0.0341425314546,
        "var": 0.00100261555053
    },
    "barkbands_kurtosis": {
        "dmean": 1.18579494953,
        "dmean2": 1.88106238842,
        "dvar": 3.45466518402,
        "dvar2": 7.94894504547,
        "max": 58.5436935425,
        "mean": 0.469525575638,
        "median": -0.310117959976,
        "min": -1.89982664585,
        "var": 7.57269859314
    },
    "barkbands_skewness": {
        "dmean": 0.453538447618,
        "dmean2": 0.69872546196,
        "dvar": 0.162316575646,
        "dvar2": 0.389327764511,
        "max": 5.60956048965,
        "mean": 0.531368017197,
        "median": 0.518234729767,
        "min": -3.10236024857,
        "var": 0.772958815098
    },
    "barkbands_spread": {
        "dmean": 5.53411197662,
        "dmean2": 8.38636302948,
        "dvar": 30.3378810883,
        "dvar2": 65.0206985474,
        "max": 82.9171905518,
        "mean": 24.6047611237,
        "median": 23.2785987854,
        "min": 1.91672575474,
        "var": 118.510925293
    },
    "dissonance": {
        "dmean": 0.0159890670329,
        "dmean2": 0.0269046854228,
        "dvar": 0.000244306342211,
        "dvar2": 0.000643256993499,
        "max": 0.500000119209,
        "mean": 0.471982479095,
        "median": 0.476947188377,
        "min": 0.290204972029,
        "var": 0.000427687045885
    },
    "dynamic_complexity": 2.98999524117,
    "erbbands_crest": {
        "dmean": 3.16548323631,
        "dmean2": 5.15223026276,
        "dvar": 9.04926300049,
        "dvar2": 21.2055397034,
        "max": 33.4353179932,
        "mean": 10.0511741638,
        "median": 8.6721162796,
        "min": 2.45192503929,
        "var": 26.9061832428
    },
    "erbbands_flatness_db": {
        "dmean": 0.0169310178608,
        "dmean2": 0.0247347038239,
        "dvar": 0.000236207662965,
        "dvar2": 0.000463403790491,
        "max": 0.417214006186,
        "mean": 0.217000797391,
        "median": 0.213468313217,
        "min": 0.0924592390656,
        "var": 0.00166429951787
    },
    "erbbands_kurtosis": {
        "dmean": 1.11157310009,
        "dmean2": 1.76983332634,
        "dvar": 3.14348721504,
        "dvar2": 7.27669620514,
        "max": 37.5833892822,
        "mean": 0.583388805389,
        "median": -0.217011451721,
        "min": -1.76049184799,
        "var": 6.53818655014
    },
    "erbbands_skewness": {
        "dmean": 0.394607961178,
        "dmean2": 0.603939652443,
        "dvar": 0.122463032603,
        "dvar2": 0.272797167301,
        "max": 5.20051765442,
        "mean": -0.131064295769,
        "median": -0.0841343551874,
        "min": -4.04832363129,
        "var": 0.710705518723
    },
    "erbbands_spread": {
        "dmean": 7.34817218781,
        "dmean2": 11.0682249069,
        "dvar": 58.7422485352,
        "dvar2": 125.04132843,
        "max": 120.196800232,
        "mean": 31.738609314,
        "median": 28.8751220703,
        "min": 2.35218787193,
        "var": 272.713165283
    },
    "hfc": {
        "dmean": 6.79465532303,
        "dmean2": 9.3362197876,
        "dvar": 72.5291671753,
        "dvar2": 144.0493927,
        "max": 135.91192627,
        "mean": 20.6792907715,
        "median": 14.4943857193,
        "min": 1.10630735013e-16,
        "var": 349.295562744
    },
    "melbands_crest": {
        "dmean": 3.46295833588,
        "dmean2": 5.71355581284,
        "dvar": 9.34464931488,
        "dvar2": 23.8023605347,
        "max": 32.9696273804,
        "mean": 11.0876636505,
        "median": 10.19780159,
        "min": 1.00378286839,
        "var": 19.9088535309
    },
    "melbands_flatness_db": {
        "dmean": 0.0230816993862,
        "dmean2": 0.0348351486027,
        "dvar": 0.000462833588244,
        "dvar2": 0.00105700572021,
        "max": 0.409523546696,
        "mean": 0.148194283247,
        "median": 0.14296746254,
        "min": 2.54545795997e-07,
        "var": 0.00176782754716
    },
    "melbands_kurtosis": {
        "dmean": 2.79294919968,
        "dmean2": 4.42600870132,
        "dvar": 21.7809391022,
        "dvar2": 52.8724708557,
        "max": 110.559463501,
        "mean": 3.8185274601,
        "median": 1.69597291946,
        "min": -1.86733078957,
        "var": 49.1242599487
    },
    "melbands_skewness": {
        "dmean": 0.565441727638,
        "dmean2": 0.860711991787,
        "dvar": 0.312106013298,
        "dvar2": 0.716901659966,
        "max": 8.63362026215,
        "mean": 1.40337061882,
        "median": 1.23564839363,
        "min": -2.05908226967,
        "var": 1.39820826054
    },
    "melbands_spread": {
        "dmean": 9.7285785675,
        "dmean2": 15.1372213364,
        "dvar": 108.548545837,
        "dvar2": 248.984939575,
        "max": 173.312652588,
        "mean": 36.9152183533,
        "median": 33.6131858826,
        "min": 1.71419405937,
        "var": 347.689971924
    },
    "pitch_salience": {
        "dmean": 0.0721178278327,
        "dmean2": 0.116410546005,
        "dvar": 0.00386392814107,
        "dvar2": 0.00943648908287,
        "max": 0.997611224651,
        "mean": 0.57769036293,
        "median": 0.581811308861,
        "min": 0.152096107602,
        "var": 0.00993489194661
    },
    "silence_rate_20dB": {
        "dmean": 0,
        "dmean2": 0,
        "dvar": 0,
        "dvar2": 0,
        "max": 1,
        "mean": 1,
        "median": 1,
        "min": 1,
        "var": 0
    },
    "silence_rate_30dB": {
        "dmean": 0,
        "dmean2": 0,
        "dvar": 0,
        "dvar2": 0,
        "max": 1,
        "mean": 1,
        "median": 1,
        "min": 1,
        "var": 0
    },
    "silence_rate_60dB": {
        "dmean": 0.0427046269178,
        "dmean2": 0.085420511663,
        "dvar": 0.0408859997988,
        "dvar2": 0.0907893106341,
        "max": 1,
        "mean": 0.0709014236927,
        "median": 0,
        "min": 0,
        "var": 0.0658774152398
    },
    "spectral_centroid": {
        "dmean": 284.52130127,
        "dmean2": 433.110870361,
        "dvar": 87438.421875,
        "dvar2": 193982.703125,
        "max": 10937.3740234,
        "mean": 1884.19226074,
        "median": 1892.87548828,
        "min": 270.356506348,
        "var": 314167.8125
    },
    "spectral_complexity": {
        "dmean": 3.76670622826,
        "dmean2": 5.44186639786,
        "dvar": 13.5867671967,
        "dvar2": 24.616979599,
        "max": 49,
        "mean": 19.2687129974,
        "median": 19,
        "min": 0,
        "var": 73.9290313721
    },
    "spectral_decrease": {
        "dmean": 1.27523791527e-09,
        "dmean2": 1.87318027756e-09,
        "dvar": 2.41611722788e-18,
        "dvar2": 5.36853617873e-18,
        "max": 4.34120016904e-29,
        "mean": -3.61972496421e-09,
        "median": -2.85493184649e-09,
        "min": -2.20391562777e-08,
        "var": 7.71763068389e-18
    },
    "spectral_energy": {
        "dmean": 0.00533005688339,
        "dmean2": 0.00776114221662,
        "dvar": 4.12281297031e-05,
        "dvar2": 8.99387960089e-05,
        "max": 0.0901732370257,
        "mean": 0.0155373262241,
        "median": 0.0122390724719,
        "min": 1.04314317254e-20,
        "var": 0.000142415243317
    },
    "spectral_energyband_high": {
        "dmean": 0.00033318446367,
        "dmean2": 0.000465131277451,
        "dvar": 3.50328576815e-07,
        "dvar2": 6.68147322358e-07,
        "max": 0.0143431639299,
        "mean": 0.000721229065675,
        "median": 0.000405832601245,
        "min": 7.58828755989e-21,
        "var": 8.58808959947e-07
    },
    "spectral_energyband_low": {
        "dmean": 0.00103186559863,
        "dmean2": 0.00164510204922,
        "dvar": 6.81968413119e-06,
        "dvar2": 1.52085212903e-05,
        "max": 0.0493275262415,
        "mean": 0.00154228357133,
        "median": 0.000586674083024,
        "min": 2.67569312821e-23,
        "var": 1.06185007098e-05
    },
    "spectral_energyband_middle_high": {
        "dmean": 0.00295174168423,
        "dmean2": 0.0042065968737,
        "dvar": 1.97602093976e-05,
        "dvar2": 4.24828758696e-05,
        "max": 0.0753589868546,
        "mean": 0.00776131823659,
        "median": 0.0043663373217,
        "min": 1.55390583466e-21,
        "var": 7.87641984061e-05
    },
    "spectral_energyband_middle_low": {
        "dmean": 0.00277420110069,
        "dmean2": 0.00429380685091,
        "dvar": 1.86219276657e-05,
        "dvar2": 4.60451446997e-05,
        "max": 0.0729636251926,
        "mean": 0.00586186768487,
        "median": 0.00406119320542,
        "min": 2.66084499892e-22,
        "var": 3.38107565767e-05
    },
    "spectral_entropy": {
        "dmean": 0.145254462957,
        "dmean2": 0.204161703587,
        "dvar": 0.0188293792307,
        "dvar2": 0.0355053208768,
        "max": 9.81283092499,
        "mean": 7.5449886322,
        "median": 7.54522752762,
        "min": 5.89553976059,
        "var": 0.0949420705438
    },
    "spectral_flux": {
        "dmean": 0.0185622349381,
        "dmean2": 0.0288056582212,
        "dvar": 0.000366998050595,
        "dvar2": 0.000857834762428,
        "max": 0.270582795143,
        "mean": 0.0723075941205,
        "median": 0.0664382427931,
        "min": 6.71514510664e-11,
        "var": 0.00125311804004
    },
    "spectral_kurtosis": {
        "dmean": 1.95967018604,
        "dmean2": 3.41384363174,
        "dvar": 3.41780734062,
        "dvar2": 9.89772701263,
        "max": 21.2098274231,
        "mean": 3.33030557632,
        "median": 2.77719855309,
        "min": -1.20557665825,
        "var": 7.04203891754
    },
    "spectral_rms": {
        "dmean": 0.000646354455967,
        "dmean2": 0.000901720602997,
        "dvar": 4.23219461254e-07,
        "dvar2": 8.22086633434e-07,
        "max": 0.00937943998724,
        "mean": 0.00360535271466,
        "median": 0.00345551129431,
        "min": 3.19014194401e-12,
        "var": 2.15981367546e-06
    },
    "spectral_rolloff": {
        "dmean": 540.358337402,
        "dmean2": 875.206054688,
        "dvar": 588533.3125,
        "dvar2": 1270668,
        "max": 18884.6191406,
        "mean": 2268.35522461,
        "median": 2260.98632812,
        "min": 129.19921875,
        "var": 1337876.25
    },
    "spectral_skewness": {
        "dmean": 0.252727389336,
        "dmean2": 0.421210199594,
        "dvar": 0.0516583919525,
        "dvar2": 0.137705430388,
        "max": 3.09047746658,
        "mean": 1.03634417057,
        "median": 1.03071498871,
        "min": -0.150651276112,
        "var": 0.136143118143
    },
    "spectral_spread": {
        "dmean": 315251.59375,
        "dmean2": 467060.21875,
        "dvar": 243654033408,
        "dvar2": 411671592960,
        "max": 41049152,
        "mean": 3306462.5,
        "median": 3121461.5,
        "min": 1682604.125,
        "var": 1.23870262067e+12
    },
    "spectral_strongpeak": {
        "dmean": 1.01277863979,
        "dmean2": 1.67934703827,
        "dvar": 2.33204317093,
        "dvar2": 5.84613275528,
        "max": 20.4009571075,
        "mean": 1.63967967033,
        "median": 0.786510944366,
        "min": 0,
        "var": 4.49320745468
    },
    "zerocrossingrate": {
        "dmean": 0.0095126349479,
        "dmean2": 0.0110322209075,
        "dvar": 0.000110385888547,
        "dvar2": 0.000139823023346,
        "max": 0.53662109375,
        "mean": 0.0786504074931,
        "median": 0.07666015625,
        "min": 0.01123046875,
        "var": 0.000741721421946
    },
    "barkbands": {
        "dmean": [9.76395040198e-06, 0.00061092118267, 0.000467145699076, 0.000730365631171, 0.000965037441347, 0.000372275302652, 0.000573871308006, 0.000315751211019, 0.00080205994891, 0.000946318381466, 0.000360544217983, 0.000285984220682, 0.000561903347261, 0.000649970024824, 0.00045187419164, 0.0004123414692, 0.000780059781391, 0.000281284359517, 0.000255295366514, 0.000134299596539, 0.000146261780174, 9.66525258264e-05, 5.41767149116e-05, 2.94674191537e-05, 5.11356756761e-06, 2.95522761817e-09, 9.29104015945e-10],
        "dmean2": [1.65576766449e-05, 0.0008845134289, 0.000789396173786, 0.00120162719395, 0.00155093322974, 0.000579315412324, 0.000910421542358, 0.000479069800349, 0.00125188927632, 0.00148004596122, 0.000577566563152, 0.000458251859527, 0.000899347476661, 0.00100689649116, 0.000735002453439, 0.000665466592181, 0.00121125020087, 0.000441445416072, 0.000386146304663, 0.000210967322346, 0.000226552059758, 0.000147408543853, 8.02424474386e-05, 4.30486252299e-05, 7.43545024307e-06, 5.48304912584e-09, 1.69179381615e-09],
        "dvar": [3.52421314354e-10, 3.68379664906e-06, 2.26568408834e-06, 3.01606723951e-06, 4.15987824454e-06, 2.82157486708e-07, 1.30147975597e-06, 7.58041323934e-07, 5.45329612578e-06, 5.39434813618e-06, 6.53039876397e-07, 9.82245069281e-07, 4.04567344958e-06, 4.2775068323e-06, 1.81144150702e-06, 9.32354737415e-07, 4.02967452828e-06, 4.55491459661e-07, 1.86258901635e-07, 4.41247465233e-08, 5.51467955745e-08, 6.87503955987e-08, 2.25109921814e-08, 9.13655906487e-09, 1.79107159659e-10, 5.12709095913e-16, 1.35095162458e-17],
        "dvar2": [9.56496659654e-10, 7.1934114203e-06, 6.08746677244e-06, 7.96360654931e-06, 1.06293573481e-05, 6.60020305077e-07, 3.24218808601e-06, 1.56245801008e-06, 1.3023007341e-05, 1.2608446923e-05, 1.6020254634e-06, 2.35182892538e-06, 1.02278381746e-05, 1.02286612673e-05, 4.38307824879e-06, 2.36119149122e-06, 9.27515156945e-06, 1.06081449758e-06, 4.05817729643e-07, 1.05794100591e-07, 1.22720734907e-07, 1.56710115107e-07, 4.67721186226e-08, 1.97104430555e-08, 3.49362649921e-10, 1.47129580586e-15, 3.68464592924e-17],
        "max": [0.000266223680228, 0.0455121323466, 0.0242422688752, 0.0217652022839, 0.0271571986377, 0.0103494748473, 0.0242869853973, 0.0281331744045, 0.0681123808026, 0.0468048676848, 0.0185150243342, 0.0434864237905, 0.0634939819574, 0.0535339638591, 0.0337823927402, 0.0203206147999, 0.0357913672924, 0.015139086172, 0.00729217519984, 0.00376753532328, 0.00382292713039, 0.00573876220733, 0.00310514378361, 0.00354773527943, 0.000428244937211, 8.78508956248e-07, 1.12263386143e-07],
        "mean": [1.11030767584e-05, 0.000779529917054, 0.000501198170241, 0.000865472538862, 0.0015242571244, 0.00070528750075, 0.00086879520677, 0.000488314079121, 0.00117810675874, 0.00138052157126, 0.000534357037395, 0.000420045835199, 0.000819891458377, 0.000971552392002, 0.000673878996167, 0.000644707295578, 0.00135613780003, 0.000494436651934, 0.000492927560117, 0.000245202943916, 0.000263808586169, 0.000164555807714, 9.80158947641e-05, 4.67634054075e-05, 8.46344028105e-06, 1.94549953925e-09, 7.23351489818e-10],
        "median": [3.89750402974e-06, 0.000200872062123, 0.00015762897965, 0.000278295774478, 0.000817386317067, 0.000413957721321, 0.000391912995838, 0.000128664702061, 0.000305203255266, 0.00037463978515, 0.000159815623192, 0.00012126663205, 0.000187708254089, 0.000225160489208, 0.000220068002818, 0.000224571340368, 0.00028464384377, 0.000200202979613, 0.00023016097839, 0.000143808720168, 0.000136416987516, 4.76888744743e-05, 3.78084223485e-05, 1.83510583156e-05, 3.32739205078e-06, 2.13271109106e-10, 1.90673990486e-10],
        "min": [5.94838830088e-24, 8.34200922407e-24, 7.61267102959e-24, 1.21649877318e-23, 2.04907976972e-23, 1.53845641666e-23, 3.27878454777e-23, 4.64408662682e-23, 4.31456554276e-23, 6.96197138108e-23, 2.46455687351e-23, 4.84408747875e-23, 6.30209428257e-23, 5.4481788584e-23, 1.06251195697e-22, 1.09061168728e-22, 1.49362128623e-22, 1.36047128419e-22, 2.68753045941e-22, 2.19207835306e-22, 2.69004900829e-22, 3.11959273264e-22, 5.42262481378e-22, 7.36684761425e-22, 1.18215923515e-21, 1.57294219688e-21, 2.10632111997e-21],
        "var": [4.11130851585e-10, 5.19312470715e-06, 1.79924870736e-06, 2.92927688861e-06, 4.9512032092e-06, 7.64005335441e-07, 2.1740684133e-06, 1.67057339695e-06, 8.96349047252e-06, 9.9919789136e-06, 1.33930291213e-06, 1.83542408649e-06, 7.41950771044e-06, 8.65358470037e-06, 3.37613391821e-06, 1.77043091298e-06, 1.04563096102e-05, 9.28615975226e-07, 4.98507745306e-07, 8.30914643757e-08, 1.17216998774e-07, 1.14725722256e-07, 3.8416558823e-08, 1.39392195564e-08, 3.60920904274e-10, 2.9925729613e-16, 9.53440137764e-18]
    },
    "erbbands": {
        "dmean": [0.0127413226292, 0.157559975982, 0.503864526749, 1.25344336033, 3.9978723526, 2.78427290916, 2.60053038597, 3.38263893127, 7.76361274719, 6.87590837479, 7.89715051651, 17.5674648285, 23.0566425323, 26.1032543182, 13.5385169983, 12.4554080963, 25.8001117706, 25.0054683685, 34.1003913879, 13.1079778671, 24.5599212646, 43.4609069824, 17.3423557281, 11.4155836105, 11.5515651703, 5.87133073807, 7.83086204529, 3.73408269882, 3.48969626427, 2.44422769547, 1.69193518162, 0.835287868977, 0.35111412406, 0.11409329623, 0.00575550086796, 0.000194540742086, 2.32768925343e-05, 5.20693311046e-06, 3.81623931389e-06, 6.7488035711e-06],
        "dmean2": [0.0187599547207, 0.233292073011, 0.849014520645, 2.06489920616, 6.46443843842, 4.50966691971, 4.04850530624, 5.26902294159, 12.499212265, 10.7176485062, 12.0502634048, 27.3956031799, 35.3871803284, 40.4147186279, 21.557302475, 19.4322662354, 40.9558906555, 37.801410675, 53.9967498779, 21.0275917053, 38.787727356, 66.9536056519, 26.4670181274, 17.5032730103, 17.4325332642, 9.04987812042, 11.895567894, 5.74721813202, 5.27800035477, 3.72599983215, 2.467274189, 1.22248077393, 0.509180665016, 0.161082789302, 0.00843117106706, 0.000276201462839, 3.30316725012e-05, 7.22174399925e-06, 5.26855092176e-06, 9.65377876128e-06],
        "dvar": [0.00167715316638, 0.243136197329, 2.68859028816, 7.26532268524, 105.632614136, 26.1221694946, 18.2501487732, 25.6031341553, 279.632781982, 236.617736816, 516.339111328, 3247.0456543, 4269.25683594, 4161.65039062, 1061.61584473, 1739.68237305, 8482.22167969, 7763.13525391, 9494.58984375, 617.05267334, 3758.921875, 13983.4277344, 1781.99035645, 411.357940674, 407.624145508, 80.6979370117, 162.033462524, 55.1573143005, 95.1387786865, 43.0793685913, 19.3744029999, 6.27780103683, 1.619312644, 0.0951342210174, 0.000237287356867, 2.66835883167e-07, 4.1989265398e-09, 1.75159095561e-10, 2.44460111876e-11, 6.46745643151e-11],
        "dvar2": [0.00345533015206, 0.475919514894, 7.126475811, 19.4342021942, 267.547149658, 69.125541687, 43.1569061279, 60.67237854, 707.954772949, 591.829467773, 1096.89758301, 7622.01953125, 10027.6757812, 8994.09179688, 2641.91625977, 4043.04345703, 21625.5507812, 17501.2285156, 22238.5, 1539.80419922, 9169.14941406, 31918.0957031, 4140.02783203, 956.648254395, 863.444274902, 190.678497314, 354.332855225, 129.464553833, 214.004516602, 92.7059249878, 38.5461006165, 13.1024188995, 3.61642742157, 0.179493248463, 0.000465470220661, 5.1009527624e-07, 9.51816581107e-09, 3.99836525e-10, 4.86451087744e-11, 1.36509137327e-10],
        "max": [0.943728387356, 11.5061159134, 25.5492286682, 33.6763000488, 120.614891052, 76.3043670654, 115.689941406, 98.5692367554, 282.886779785, 478.803100586, 801.463317871, 1782.58398438, 2257.38427734, 2177.92431641, 864.38848877, 2206.14501953, 2567.48388672, 3271.16333008, 1972.18212891, 763.443359375, 1355.05664062, 2479.52783203, 1123.71264648, 519.242858887, 394.401123047, 186.315811157, 250.899765015, 179.564697266, 182.557876587, 188.391998291, 105.518760681, 70.1640396118, 57.6262588501, 10.2805862427, 0.442585110664, 0.0149568188936, 0.00188278930727, 0.000386094819987, 0.00010829083476, 0.000106304381916],
        "mean": [0.0153818465769, 0.201578617096, 0.571210563183, 1.60448205471, 4.88910913467, 4.87109518051, 4.77658891678, 6.3180103302, 11.671412468, 11.0355949402, 12.8522052765, 25.7745418549, 34.7220573425, 40.4416618347, 22.0276279449, 20.4699649811, 39.8200721741, 40.7539634705, 54.859703064, 23.5745220184, 42.2952041626, 78.4970703125, 35.2333717346, 23.5232143402, 22.3768596649, 11.9139642715, 14.3837032318, 6.72654294968, 5.8284573555, 4.2633934021, 2.98590254784, 1.35352373123, 0.570482075214, 0.1986412853, 0.00945671554655, 0.000351880822564, 4.60889859824e-05, 1.15496341095e-05, 1.17034960567e-05, 2.04334373848e-05],
        "median": [0.0038536156062, 0.0495527461171, 0.189471945167, 0.66984719038, 1.56651234627, 2.61874246597, 2.85487937927, 3.64368915558, 5.38464164734, 4.56801319122, 4.12442398071, 7.57688522339, 9.18330001831, 14.2631492615, 8.01922798157, 6.87934112549, 10.0346107483, 10.6174297333, 15.5209121704, 12.0416059494, 14.0345668793, 15.9498815536, 11.8697738647, 12.182144165, 11.4561882019, 7.69669961929, 7.82290267944, 2.93889474869, 1.54627966881, 1.35685062408, 1.14519035816, 0.53650867939, 0.218328714371, 0.0833025723696, 0.00382381584495, 0.000162671727594, 2.61633285845e-05, 7.1462827691e-06, 9.14047905098e-06, 1.61820207722e-05],
        "min": [3.9483275905e-22, 1.59884914631e-21, 5.30268089866e-21, 3.39541227088e-20, 9.43640534217e-20, 3.0081156452e-20, 7.30683467127e-20, 1.75838771743e-19, 5.45922815769e-19, 7.66488613251e-19, 9.74434684814e-19, 1.11053836242e-18, 1.64449947445e-18, 1.73819722096e-18, 1.44358133616e-18, 1.62913356059e-18, 2.15239178267e-18, 3.60532667041e-18, 5.90038932436e-18, 5.03827273864e-18, 6.13220586385e-18, 9.31172352956e-18, 9.13414439566e-18, 1.09756362092e-17, 1.4102536089e-17, 1.18804452407e-17, 1.09623086752e-17, 1.11783318552e-17, 9.92771914147e-18, 1.2081722272e-17, 1.48272935437e-17, 1.51454999992e-17, 1.34908070747e-17, 1.17221799469e-17, 9.4612653766e-18, 5.65918304415e-18, 2.44113861423e-18, 1.26548728233e-18, 3.05685370851e-19, 2.90685549041e-20],
        "var": [0.00209029670805, 0.346075028181, 2.31052303314, 7.28784751892, 105.786170959, 41.2578277588, 39.2038002014, 63.9302864075, 423.671600342, 417.664154053, 1041.37561035, 4841.17480469, 7805.51953125, 8793.02832031, 2129.14648438, 3742.88012695, 15810.7070312, 17039.8125, 20238.9414062, 1216.40283203, 7831.96972656, 37217.2851562, 5068.02685547, 1035.18774414, 1050.24719238, 169.694869995, 364.050384521, 102.826156616, 153.179931641, 77.9627304077, 34.7561187744, 10.0417022705, 2.39451551437, 0.200063750148, 0.000475742621347, 5.4810476513e-07, 6.54551790547e-09, 2.83996243189e-10, 8.8843155055e-11, 2.45617998162e-10]
    },
    "gfcc": {
        "mean": [-42.5547981262, 112.517829895, -182.892990112, 54.5236778259, -77.8562698364, 8.03074836731, -34.813495636, -7.86002874374, -9.17080974579, -22.8859062195, 3.48426485062, -20.2505912781, 7.56524419785],
        "cov": [[3811.08984375, -214.742294312, -194.004302979, 239.091461182, -30.6222896576, 96.1881866455, -73.0072784424, 38.9991073608, 28.8438301086, -98.8055114746, -106.226348877, -54.0384750366, -90.8071899414], [-214.742294312, 825.742492676, 307.338195801, 84.707359314, 196.622817993, -37.5944061279, 170.805053711, -48.9730262756, -6.70635271072, -33.1045570374, 34.1204719543, -50.7559318542, 30.0663433075], [-194.004302979, 307.338195801, 692.210632324, 393.341461182, 41.8375091553, 106.321342468, 21.979598999, -27.4785823822, -32.1409568787, -62.3937187195, -79.6065063477, -9.65941047668, -32.0146598816], [239.091461182, 84.707359314, 393.341461182, 450.496795654, 73.1378860474, 32.6550292969, -20.6577415466, -11.4029884338, 10.0876522064, -75.5414123535, -85.1000061035, 17.1934204102, -46.3776931763], [-30.6222896576, 196.622817993, 41.8375091553, 73.1378860474, 264.073455811, 31.1578788757, 50.8971939087, 53.3933830261, 13.6242523193, -1.06561541557, 39.3701477051, 0.289033740759, 24.4597225189], [96.1881866455, -37.5944061279, 106.321342468, 32.6550292969, 31.1578788757, 240.12928772, 75.7423706055, -35.7511978149, -31.6281719208, 22.8625087738, -14.0657978058, -22.9316310883, -10.6024570465], [-73.0072784424, 170.805053711, 21.979598999, -20.6577415466, 50.8971939087, 75.7423706055, 202.198257446, -22.7038249969, -18.5660095215, 12.392370224, 12.7929458618, -34.4094581604, 6.93297529221], [38.9991073608, -48.9730262756, -27.4785823822, -11.4029884338, 53.3933830261, -35.7511978149, -22.7038249969, 207.640380859, 55.8202362061, 1.85515749454, 21.1320610046, 28.9038887024, 36.9914093018], [28.8438301086, -6.70635271072, -32.1409568787, 10.0876522064, 13.6242523193, -31.6281719208, -18.5660095215, 55.8202362061, 103.298210144, 27.4623889923, 11.059135437, 17.0242347717, -5.54165029526], [-98.8055114746, -33.1045570374, -62.3937187195, -75.5414123535, -1.06561541557, 22.8625087738, 12.392370224, 1.85515749454, 27.4623889923, 119.626922607, 70.000579834, -4.0215420723, 4.37718677521], [-106.226348877, 34.1204719543, -79.6065063477, -85.1000061035, 39.3701477051, -14.0657978058, 12.7929458618, 21.1320610046, 11.059135437, 70.000579834, 116.143432617, 30.0092926025, 12.3758411407], [-54.0384750366, -50.7559318542, -9.65941047668, 17.1934204102, 0.289033740759, -22.9316310883, -34.4094581604, 28.9038887024, 17.0242347717, -4.0215420723, 30.0092926025, 87.3022460938, 34.6561164856], [-90.8071899414, 30.0663433075, -32.0146598816, -46.3776931763, 24.4597225189, -10.6024570465, 6.93297529221, 36.9914093018, -5.54165029526, 4.37718677521, 12.3758411407, 34.6561164856, 86.2817764282]],
        "icov": [[0.000380204961402, -0.000315009441692, 0.000794083811343, -0.000841039931402, 0.000468406244181, -0.000652407936286, 0.000379928329494, -0.000368070119293, 9.14752963581e-05, 0.000269672193099, -0.000130766275106, 0.000396947318222, 0.000118318719615], [-0.000315009441692, 0.00457829982042, -0.00398032320663, 0.00241139880382, -0.00292317662388, 0.00336705194786, -0.00304766208865, 0.00294188200496, -0.00296047492884, 0.00298878760077, -0.00346478773281, 0.0034044678323, -0.0030938363634], [0.000794083811343, -0.00398032320663, 0.00757390679792, -0.00640960829332, 0.00375412753783, -0.0045880083926, 0.00275788130239, -0.00302461907268, 0.00313490978442, -0.0014749012189, 0.00139674101956, -0.000537395710126, 0.00132655713242], [-0.000841039931402, 0.00241139880382, -0.00640960829332, 0.00962999090552, -0.00487128319219, 0.00349200097844, -0.00180898234248, 0.00219707819633, -0.00182498584036, -0.00013028983085, 0.00415329635143, -0.0045884763822, 0.00322268111631], [0.000468406244181, -0.00292317662388, 0.00375412753783, -0.00487128319219, 0.0083074150607, -0.00379662960768, 0.00145349104423, -0.00288983108476, 0.000344481231878, 0.0016538859345, -0.00413162540644, 0.00267628207803, -0.00195735669695], [-0.000652407936286, 0.00336705194786, -0.0045880083926, 0.00349200097844, -0.00379662960768, 0.00905232224613, -0.00441713165492, 0.00240400526673, 0.000297480000881, -0.00222107023001, 0.00170970079489, -0.000502932583913, -8.38170162751e-05], [0.000379928329494, -0.00304766208865, 0.00275788130239, -0.00180898234248, 0.00145349104423, -0.00441713165492, 0.00878711789846, -0.00119783100672, 0.00122063141316, -0.00027090794174, -0.000359423720511, 0.00177327229176, -0.000203099669307], [-0.000368070119293, 0.00294188200496, -0.00302461907268, 0.00219707819633, -0.00288983108476, 0.00240400526673, -0.00119783100672, 0.00878821779042, -0.00593911716715, 0.00351166562177, -0.00352225732058, 0.00247356924228, -0.00495863845572], [9.14752963581e-05, -0.00296047492884, 0.00313490978442, -0.00182498584036, 0.000344481231878, 0.000297480000881, 0.00122063141316, -0.00593911716715, 0.0174902938306, -0.00959546584636, 0.00802213232964, -0.00796397589147, 0.00735554657876], [0.000269672193099, 0.00298878760077, -0.0014749012189, -0.00013028983085, 0.0016538859345, -0.00222107023001, -0.00027090794174, 0.00351166562177, -0.00959546584636, 0.0224441885948, -0.0180938579142, 0.0120504312217, -0.00760035309941], [-0.000130766275106, -0.00346478773281, 0.00139674101956, 0.00415329635143, -0.00413162540644, 0.00170970079489, -0.000359423720511, -0.00352225732058, 0.00802213232964, -0.0180938579142, 0.0294577293098, -0.0182767733932, 0.0112897520885], [0.000396947318222, 0.0034044678323, -0.000537395710126, -0.0045884763822, 0.00267628207803, -0.000502932583913, 0.00177327229176, 0.00247356924228, -0.00796397589147, 0.0120504312217, -0.0182767733932, 0.0288201477379, -0.0155350826681], [0.000118318719615, -0.0030938363634, 0.00132655713242, 0.00322268111631, -0.00195735669695, -8.38170162751e-05, -0.000203099669307, -0.00495863845572, 0.00735554657876, -0.00760035309941, 0.0112897520885, -0.0155350826681, 0.0231823306531]]
    },
    "melbands": {
        "dmean": [0.000148154183989, 0.000231075231568, 0.000325055239955, 0.000236875130213, 9.34664494707e-05, 7.5358308095e-05, 0.000117001865874, 7.1012043918e-05, 7.20232274034e-05, 0.000116945200716, 0.000119590600661, 0.000115679154987, 5.3409152315e-05, 2.72108100035e-05, 5.48799980606e-05, 5.12480582984e-05, 4.86353019369e-05, 6.21903964202e-05, 2.46333456744e-05, 1.94566891878e-05, 3.27770685544e-05, 4.78277579532e-05, 3.61158636224e-05, 9.57351130637e-06, 1.00997240224e-05, 1.18257994473e-05, 5.3293711062e-06, 4.12231383962e-06, 6.0334778027e-06, 3.14106500809e-06, 2.09699760489e-06, 2.07561652132e-06, 1.91689241547e-06, 1.21120535823e-06, 1.15600323625e-06, 6.37297944195e-07, 4.81022368604e-07, 2.86332152655e-07, 1.59755686013e-07, 7.98487960196e-08],
        "dmean2": [0.000211641425267, 0.00037848597276, 0.000527998257894, 0.000382584927138, 0.000145729412907, 0.000117546893307, 0.000187690908206, 0.000109911612526, 0.000111908913823, 0.000181878102012, 0.000184248900041, 0.000179766881047, 8.5219850007e-05, 4.36524314864e-05, 8.58653802425e-05, 8.09895573184e-05, 7.5070442108e-05, 9.76965602604e-05, 4.00906792493e-05, 3.15419893013e-05, 5.19943532709e-05, 7.43677665014e-05, 5.63868852623e-05, 1.51838967213e-05, 1.57619015226e-05, 1.79762118933e-05, 8.42000372359e-06, 6.53443976262e-06, 9.22931576497e-06, 5.10543304699e-06, 3.25918335875e-06, 3.1864990433e-06, 2.89500644612e-06, 1.92167476598e-06, 1.72888189809e-06, 9.29465556965e-07, 7.25506424715e-07, 4.31439872273e-07, 2.3125622306e-07, 1.17144082878e-07],
        "dvar": [2.22583508958e-07, 4.95245444654e-07, 5.71517887238e-07, 3.04008040075e-07, 2.11488462298e-08, 1.27231096769e-08, 5.88325441697e-08, 2.48022402616e-08, 4.25660573455e-08, 1.38726960586e-07, 1.13348733066e-07, 8.26937665011e-08, 1.56855204381e-08, 6.97101931735e-09, 3.15950252627e-08, 4.30186766209e-08, 3.17883426248e-08, 3.42411965448e-08, 4.76236650115e-09, 1.62325430875e-09, 7.56883800079e-09, 1.97129299551e-08, 1.07518474124e-08, 2.92363050436e-10, 3.81871201327e-10, 5.00366303946e-10, 7.20604548254e-11, 4.71996608464e-11, 1.13259943091e-10, 2.90536119468e-11, 2.48285246529e-11, 4.00236718767e-11, 2.25817819305e-11, 1.28705700611e-11, 8.97421199852e-12, 2.99156359407e-12, 2.46625007742e-12, 1.24616040143e-12, 2.21696616685e-13, 4.24782211901e-14],
        "dvar2": [4.39123823526e-07, 1.20424704164e-06, 1.48594801885e-06, 7.83888992828e-07, 5.04621837649e-08, 3.03781000355e-08, 1.4771012502e-07, 6.05108070317e-08, 9.66045163864e-08, 3.26273095652e-07, 2.67745548399e-07, 1.82765859336e-07, 3.82728764237e-08, 1.72029430701e-08, 7.58018003921e-08, 1.12226274496e-07, 7.29663369725e-08, 8.03278368267e-08, 1.14410472207e-08, 4.23208046385e-09, 1.8112025657e-08, 4.4803623922e-08, 2.54429526336e-08, 6.8063588099e-10, 9.11099640177e-10, 1.08054465375e-09, 1.70070096894e-10, 1.14723015809e-10, 2.52048631966e-10, 7.37557584451e-11, 6.04276212401e-11, 9.50335851679e-11, 4.90889030813e-11, 2.986934311e-11, 1.93147303706e-11, 5.9399299715e-12, 5.58663662206e-12, 2.96970976456e-12, 4.57635828104e-13, 8.16790008567e-14],
        "max": [0.0110581358895, 0.0108852675185, 0.00929332338274, 0.0070001874119, 0.00312768295407, 0.00202755606733, 0.00454073259607, 0.0045042745769, 0.00674779992551, 0.0123892473057, 0.0109118521214, 0.00906922761351, 0.00302821886726, 0.00367265567183, 0.00404669623822, 0.00756835425273, 0.00559912482277, 0.00442861532792, 0.00186616298743, 0.000894101685844, 0.00203452399001, 0.00281837023795, 0.00287750805728, 0.000497345987242, 0.000502661452629, 0.000464910641313, 0.000141260796227, 0.000135873327963, 0.000204146301257, 7.82659262768e-05, 0.000137212933623, 0.000155485686264, 0.000114206508442, 8.5507374024e-05, 7.35665817047e-05, 4.22393713961e-05, 4.58324720967e-05, 5.39729189768e-05, 1.46131951624e-05, 6.55427584206e-06],
        "mean": [0.000184006072232, 0.000294929399388, 0.000406715262216, 0.000356819626177, 0.000179697672138, 0.0001406466763, 0.000178647140274, 0.000113986279757, 0.000111621666292, 0.000167975958902, 0.000176247922354, 0.000173620413989, 8.14599843579e-05, 4.15663598687e-05, 8.33799203974e-05, 7.7382872405e-05, 7.36300062272e-05, 9.618979675e-05, 3.84213526559e-05, 3.13051714329e-05, 5.07274198753e-05, 8.04380470072e-05, 6.17485566181e-05, 1.81262203114e-05, 1.83372194442e-05, 2.07628527278e-05, 9.41863072512e-06, 7.31483669369e-06, 1.04550435935e-05, 5.17234866493e-06, 3.46009869645e-06, 3.25036785398e-06, 3.19259856951e-06, 1.97311487682e-06, 1.9273666112e-06, 1.05955018626e-06, 7.0861074164e-07, 4.28855145174e-07, 2.5804189363e-07, 1.31105551304e-07],
        "median": [4.83845142298e-05, 9.10673552426e-05, 0.000145899408381, 0.000175028311787, 0.000108143809484, 8.18889093352e-05, 8.42041044962e-05, 4.39779469161e-05, 3.31385199388e-05, 4.42960226792e-05, 4.27054728789e-05, 5.41003173566e-05, 2.54435908573e-05, 1.35671307362e-05, 1.99366040761e-05, 1.88921367226e-05, 1.60676518135e-05, 2.38049487962e-05, 1.46897527884e-05, 1.26558588818e-05, 1.40507527249e-05, 1.46901329572e-05, 1.36368980748e-05, 8.57380291563e-06, 8.97323661775e-06, 9.09506889002e-06, 5.3053990996e-06, 4.25028429163e-06, 5.25948689756e-06, 2.46499234891e-06, 1.22038318295e-06, 8.40239977151e-07, 7.91872253103e-07, 6.40353050585e-07, 7.17307841569e-07, 3.87049368555e-07, 2.66798963366e-07, 1.46839994386e-07, 1.0119337901e-07, 5.16561939889e-08],
        "min": [3.46635539731e-24, 2.73166083728e-24, 6.1971473043e-24, 5.33590131128e-24, 1.91520912747e-24, 3.5627798379e-24, 7.98598288691e-24, 8.87842122898e-24, 7.3290242582e-24, 6.93462299345e-24, 8.30760305569e-24, 7.71157525444e-24, 3.91683638939e-24, 4.91890312589e-24, 4.87101729679e-24, 6.4955157979e-24, 6.23051217629e-24, 7.53453356807e-24, 7.57061843245e-24, 7.27636069303e-24, 7.01813811976e-24, 8.29038774415e-24, 1.02922847965e-23, 7.07495188216e-24, 7.87393150621e-24, 9.12350059071e-24, 9.11263876491e-24, 7.53244624211e-24, 6.369224689e-24, 5.8981634992e-24, 7.23115028569e-24, 5.98956368469e-24, 5.20934277853e-24, 7.03787541961e-24, 7.51525617413e-24, 9.90551891644e-24, 8.89629129507e-24, 9.1715792963e-24, 9.21169997308e-24, 9.00123030585e-24],
        "var": [3.01066648944e-07, 5.74711805257e-07, 5.7375666529e-07, 3.30712168761e-07, 4.75622421447e-08, 3.12688932524e-08, 9.34800468144e-08, 4.74722448018e-08, 7.51158992784e-08, 2.07419361686e-07, 2.06640336842e-07, 1.70102950392e-07, 3.22514672746e-08, 1.3849906999e-08, 6.45042987912e-08, 7.33519556206e-08, 6.36298338463e-08, 7.28756717194e-08, 8.52523740491e-09, 2.97727331677e-09, 1.43321097212e-08, 4.91181388895e-08, 2.55056740173e-08, 7.65399521541e-10, 7.66521290885e-10, 1.10710507428e-09, 1.47944489992e-10, 8.32088078995e-11, 2.28996807627e-10, 5.05903027803e-11, 3.69230652997e-11, 5.34789434958e-11, 4.45655491677e-11, 1.88097124681e-11, 1.43782329792e-11, 5.34320721349e-12, 3.36748532705e-12, 1.59357835088e-12, 4.0213806677e-13, 8.77845701946e-14]
    },
    "mfcc": {
        "mean": [-648.549316406, 104.705917358, -30.2392997742, 24.1002540588, -8.76229667664, 0.159124195576, -7.21727705002, 2.18753290176, -6.78266191483, 0.744340956211, -8.45117664337, -3.0092215538, -6.6608338356],
        "cov": [[3342.93212891, -429.183074951, -123.465820312, 22.7826900482, 36.0892906189, 29.329744339, -102.757499695, 99.1964035034, 23.4882411957, 23.5250377655, -18.6913948059, 24.4829006195, -47.5090675354], [-429.183074951, 807.896606445, 26.3464984894, 106.769706726, 27.9896469116, 27.7148799896, 164.464675903, -1.69767618179, 16.4331321716, 52.4956436157, 16.4301509857, -5.25714826584, 6.71369695663], [-123.465820312, 26.3464984894, 683.934020996, 254.153961182, 78.3644561768, 183.227279663, 9.62667751312, 64.031867981, 31.9538440704, -41.5398521423, 6.51406478882, -48.4891853333, -52.1530952454], [22.7826900482, 106.769706726, 254.153961182, 397.432281494, 143.179382324, 28.3842716217, -19.3601837158, 78.6026535034, 42.1740837097, -47.2155189514, -6.86872816086, 19.1456184387, -22.1311359406], [36.0892906189, 27.9896469116, 78.3644561768, 143.179382324, 261.092681885, -16.5945987701, 2.43828511238, 60.8847465515, 41.1759757996, -10.7621765137, -9.57649898529, 34.6800117493, 25.8186988831], [29.329744339, 27.7148799896, 183.227279663, 28.3842716217, -16.5945987701, 311.977844238, 92.5687408447, -0.202611654997, -16.2591743469, 14.8096494675, 14.1083450317, -51.6055221558, -23.6649494171], [-102.757499695, 164.464675903, 9.62667751312, -19.3601837158, 2.43828511238, 92.5687408447, 213.389465332, 16.6853504181, 6.48316001892, 45.1044883728, 12.967707634, -10.3622961044, -5.47345161438], [99.1964035034, -1.69767618179, 64.031867981, 78.6026535034, 60.8847465515, -0.202611654997, 16.6853504181, 129.49319458, 55.3184890747, -5.41656064987, -14.488237381, -0.502362370491, -8.19198989868], [23.4882411957, 16.4331321716, 31.9538440704, 42.1740837097, 41.1759757996, -16.2591743469, 6.48316001892, 55.3184890747, 110.838218689, 18.0335941315, -4.93965911865, -7.21113681793, -4.59937286377], [23.5250377655, 52.4956436157, -41.5398521423, -47.2155189514, -10.7621765137, 14.8096494675, 45.1044883728, -5.41656064987, 18.0335941315, 108.571151733, 34.8350105286, -2.12134671211, -3.75066137314], [-18.6913948059, 16.4301509857, 6.51406478882, -6.86872816086, -9.57649898529, 14.1083450317, 12.967707634, -14.488237381, -4.93965911865, 34.8350105286, 88.3430633545, 34.4238014221, 8.31604671478], [24.4829006195, -5.25714826584, -48.4891853333, 19.1456184387, 34.6800117493, -51.6055221558, -10.3622961044, -0.502362370491, -7.21113681793, -2.12134671211, 34.4238014221, 104.991241455, 46.5449562073], [-47.5090675354, 6.71369695663, -52.1530952454, -22.1311359406, 25.8186988831, -23.6649494171, -5.47345161438, -8.19198989868, -4.59937286377, -3.75066137314, 8.31604671478, 46.5449562073, 89.140083313]],
