{
"lowlevel": {
    "average_loudness": 0.819842278957,
    "barkbands_crest": {
        "dmean": 2.60415649414,
        "dmean2": 4.21080827713,
        "dvar": 5.57965755463,
        "dvar2": 13.7142801285,
        "max": 26.3393878937,
        "mean": 9.60928153992,
        "median": 8.65808010101,
        "min": 2.46644282341,
        "var": 18.1155166626
    },
    "barkbands_flatness_db": {
        "dmean": 0.0203368552029,
        "dmean2": 0.0302439853549,
        "dvar": 0.000503290211782,
        "dvar2": 0.000910334114451,
        "max": 0.373405843973,
        "mean": 0.16763406992,
        "median": 0.160969048738,
        "min": 0.029757624492,
        "var": 0.002475382993
    },
    "barkbands_kurtosis": {
        "dmean": 2.43682670593,
        "dmean2": 3.77361655235,
        "dvar": 28.8621196747,
        "dvar2": 60.9051628113,
        "max": 248.005081177,
        "mean": 3.54847788811,
        "median": 0.822504520416,
        "min": -1.85464298725,
        "var": 74.7258911133
    },
    "barkbands_skewness": {
        "dmean": 0.498314499855,
        "dmean2": 0.765881717205,
        "dvar": 0.284558981657,
        "dvar2": 0.591636478901,
        "max": 14.0145368576,
        "mean": 1.06800746918,
        "median": 0.896631479263,
        "min": -3.24407315254,
        "var": 1.24655234814
    },
    "barkbands_spread": {
        "dmean": 3.18998527527,
        "dmean2": 4.9326710701,
        "dvar": 16.9514579773,
        "dvar2": 34.74376297,
        "max": 75.3253097534,
        "mean": 13.1523323059,
        "median": 12.1648216248,
        "min": 0.405806303024,
        "var": 64.08228302
    },
    "dissonance": {
        "dmean": 0.024443583563,
        "dmean2": 0.039988797158,
        "dvar": 0.000682114739902,
        "dvar2": 0.0016467635287,
        "max": 0.500000059605,
        "mean": 0.449169486761,
        "median": 0.461074948311,
        "min": 0.168293550611,
        "var": 0.00207926519215
    },
    "dynamic_complexity": 4.3500084877,
    "erbbands_crest": {
        "dmean": 3.0759601593,
        "dmean2": 4.98827600479,
        "dvar": 7.90959596634,
        "dvar2": 19.7934494019,
        "max": 33.252746582,
        "mean": 10.5615005493,
        "median": 9.33845424652,
        "min": 2.73546767235,
        "var": 24.8682842255
    },
    "erbbands_flatness_db": {
        "dmean": 0.0191556755453,
        "dmean2": 0.0280397478491,
        "dvar": 0.000439177587396,
        "dvar2": 0.000778450106736,
        "max": 0.43160495162,
        "mean": 0.23984888196,
        "median": 0.24037361145,
        "min": 0.0656877979636,
        "var": 0.00227211695164
    },
    "erbbands_kurtosis": {
        "dmean": 1.29508054256,
        "dmean2": 2.05052876472,
        "dvar": 4.80094480515,
        "dvar2": 11.1699771881,
        "max": 79.9239044189,
        "mean": 1.18319666386,
        "median": -0.0313608646393,
        "min": -1.90131187439,
        "var": 13.3461818695
    },
    "erbbands_skewness": {
        "dmean": 0.423557013273,
        "dmean2": 0.652737975121,
        "dvar": 0.188450008631,
        "dvar2": 0.404840111732,
        "max": 7.2401843071,
        "mean": 0.499476075172,
        "median": 0.361899644136,
        "min": -5.02462720871,
        "var": 0.906578719616
    },
    "erbbands_spread": {
        "dmean": 4.83141708374,
        "dmean2": 7.47199487686,
        "dvar": 30.9173660278,
        "dvar2": 70.6550979614,
        "max": 100.803825378,
        "mean": 21.0182132721,
        "median": 19.8878116608,
        "min": 1.01941251755,
        "var": 99.4435348511
    },
    "hfc": {
        "dmean": 4.71392393112,
        "dmean2": 6.69209527969,
        "dvar": 40.423160553,
        "dvar2": 79.8505630493,
        "max": 114.562438965,
        "mean": 17.1064167023,
        "median": 14.6084756851,
        "min": 1.14666370551e-16,
        "var": 231.083847046
    },
    "melbands_crest": {
        "dmean": 3.33796596527,
        "dmean2": 5.40145492554,
        "dvar": 8.85238361359,
        "dvar2": 22.611497879,
        "max": 33.6592597961,
        "mean": 12.0870370865,
        "median": 10.969420433,
        "min": 1.02467477322,
        "var": 27.7326641083
    },
    "melbands_flatness_db": {
        "dmean": 0.0233603827655,
        "dmean2": 0.0346263088286,
        "dvar": 0.000680329510942,
        "dvar2": 0.00121709657833,
        "max": 0.457771867514,
        "mean": 0.232322886586,
        "median": 0.223663121462,
        "min": 1.08470330815e-05,
        "var": 0.00370511761867
    },
    "melbands_kurtosis": {
        "dmean": 3.21064090729,
        "dmean2": 5.03598833084,
        "dvar": 32.810634613,
        "dvar2": 71.3498153687,
        "max": 230.837905884,
        "mean": 5.4364991188,
        "median": 2.50073480606,
        "min": -1.88332509995,
        "var": 95.1002120972
    },
    "melbands_skewness": {
        "dmean": 0.531043469906,
        "dmean2": 0.820151686668,
        "dvar": 0.303278714418,
        "dvar2": 0.674515724182,
        "max": 11.0572080612,
        "mean": 1.44034230709,
        "median": 1.27345025539,
        "min": -2.89649271965,
        "var": 1.19541788101
    },
    "melbands_spread": {
        "dmean": 5.26885414124,
        "dmean2": 8.20116138458,
        "dvar": 57.7276000977,
        "dvar2": 117.466873169,
        "max": 176.484649658,
        "mean": 19.7642116547,
        "median": 17.6512184143,
        "min": 0.68691110611,
        "var": 185.673629761
    },
    "pitch_salience": {
        "dmean": 0.0675875023007,
        "dmean2": 0.109171554446,
        "dvar": 0.00335362087935,
        "dvar2": 0.0083058103919,
        "max": 0.997688531876,
        "mean": 0.619378507137,
        "median": 0.628076255322,
        "min": 0.132847636938,
        "var": 0.0123694268987
    },
    "silence_rate_20dB": {
        "dmean": 0,
        "dmean2": 0,
        "dvar": 0,
        "dvar2": 0,
        "max": 1,
        "mean": 1,
        "median": 1,
        "min": 1,
        "var": 0
    },
    "silence_rate_30dB": {
        "dmean": 0.000172354353708,
        "dmean2": 0.000344738422427,
        "dvar": 0.000172312851646,
        "dvar2": 0.000344572472386,
        "max": 1,
        "mean": 0.999569177628,
        "median": 1,
        "min": 0,
        "var": 0.000430589570897
    },
    "silence_rate_60dB": {
        "dmean": 0.046190969646,
        "dmean2": 0.092389896512,
        "dvar": 0.0440598428249,
        "dvar2": 0.0914449617267,
        "max": 1,
        "mean": 0.182507544756,
        "median": 0,
        "min": 0,
        "var": 0.149212151766
    },
    "spectral_centroid": {
        "dmean": 189.371902466,
        "dmean2": 288.477386475,
        "dvar": 71421.5859375,
        "dvar2": 132281.625,
        "max": 11106.1542969,
        "mean": 1165.46044922,
        "median": 1104.6607666,
        "min": 266.852813721,
        "var": 294935.90625
    },
    "spectral_complexity": {
        "dmean": 2.6335747242,
        "dmean2": 4.07808303833,
        "dvar": 6.41821527481,
        "dvar2": 13.7379245758,
        "max": 49,
        "mean": 17.4100818634,
        "median": 19,
        "min": 0,
        "var": 95.2619247437
    },
    "spectral_decrease": {
        "dmean": 1.55049051376e-09,
        "dmean2": 2.25333773862e-09,
        "dvar": 4.21841226092e-18,
        "dvar2": 8.44124662939e-18,
        "max": 7.09852457962e-29,
        "mean": -4.93061458329e-09,
        "median": -4.19009316133e-09,
        "min": -3.45616442132e-08,
        "var": 1.74969660312e-17
    },
    "spectral_energy": {
        "dmean": 0.0062324735336,
        "dmean2": 0.00903604924679,
        "dvar": 6.76872004988e-05,
        "dvar2": 0.000134822053951,
        "max": 0.139112025499,
        "mean": 0.0201608520001,
        "median": 0.0172051135451,
        "min": 1.04583902202e-20,
        "var": 0.000289367453661
    },
    "spectral_energyband_high": {
        "dmean": 3.29056201736e-05,
        "dmean2": 5.05457974214e-05,
        "dvar": 6.62085941627e-09,
        "dvar2": 1.32998989599e-08,
        "max": 0.00319120590575,
        "mean": 7.56159424782e-05,
        "median": 4.12477602367e-05,
        "min": 7.40290055186e-21,
        "var": 1.50684407174e-08
    },
    "spectral_energyband_low": {
        "dmean": 0.000435511639807,
        "dmean2": 0.000737135182135,
        "dvar": 1.8221855953e-06,
        "dvar2": 4.84266456624e-06,
        "max": 0.0191126856953,
        "mean": 0.000535108614713,
        "median": 0.000157861810294,
        "min": 2.7605581533e-23,
        "var": 1.65330504842e-06
    },
    "spectral_energyband_middle_high": {
        "dmean": 0.00202003237791,
        "dmean2": 0.00301077659242,
        "dvar": 9.48596334638e-06,
        "dvar2": 2.07083576242e-05,
        "max": 0.0758455693722,
        "mean": 0.00642407452688,
        "median": 0.00487017026171,
        "min": 1.44653078354e-21,
        "var": 4.55696754216e-05
    },
    "spectral_energyband_middle_low": {
        "dmean": 0.00531382486224,
        "dmean2": 0.00781784858555,
        "dvar": 5.49017167941e-05,
        "dvar2": 0.000115254071716,
        "max": 0.136976853013,
        "mean": 0.0134454863146,
        "median": 0.0098221115768,
        "min": 3.29786721929e-22,
        "var": 0.000181391733349
    },
    "spectral_entropy": {
        "dmean": 0.15501832962,
        "dmean2": 0.224449187517,
        "dvar": 0.033961173147,
        "dvar2": 0.0577997714281,
        "max": 9.81648445129,
        "mean": 7.16181182861,
        "median": 7.23791646957,
        "min": 5.18689775467,
        "var": 0.196495994925
    },
    "spectral_flux": {
        "dmean": 0.0203973613679,
        "dmean2": 0.0324564427137,
        "dvar": 0.00053249776829,
        "dvar2": 0.00122524541803,
        "max": 0.283459216356,
        "mean": 0.0727391913533,
        "median": 0.0695067048073,
        "min": 6.81091086308e-11,
        "var": 0.00176460051443
    },
    "spectral_kurtosis": {
        "dmean": 4.16050434113,
        "dmean2": 7.01145505905,
        "dvar": 17.1285743713,
        "dvar2": 45.0287055969,
        "max": 78.6960372925,
        "mean": 10.5143404007,
        "median": 9.08158969879,
        "min": -1.23766493797,
        "var": 45.3042182922
    },
    "spectral_rms": {
        "dmean": 0.000671995570883,
        "dmean2": 0.000950310670305,
        "dvar": 5.80628807256e-07,
        "dvar2": 1.02023363979e-06,
        "max": 0.0116498516873,
        "mean": 0.00394299812615,
        "median": 0.00409700814635,
        "min": 3.19426169543e-12,
        "var": 4.12188592236e-06
    },
    "spectral_rolloff": {
        "dmean": 280.450927734,
        "dmean2": 461.633789062,
        "dvar": 224984.703125,
        "dvar2": 428997.5625,
        "max": 19035.3515625,
        "mean": 1390.22668457,
        "median": 1356.59179688,
        "min": 129.19921875,
        "var": 658012.1875
    },
    "spectral_skewness": {
        "dmean": 0.386884331703,
        "dmean2": 0.630872368813,
        "dvar": 0.131903424859,
        "dvar2": 0.314601182938,
        "max": 7.18856954575,
        "mean": 2.00347208977,
        "median": 1.85995554924,
        "min": -0.153383523226,
        "var": 0.627945899963
    },
    "spectral_spread": {
        "dmean": 272357.59375,
        "dmean2": 416965.4375,
        "dvar": 220203876352,
        "dvar2": 377950797824,
        "max": 41378628,
        "mean": 2561646.75,
        "median": 2275814,
        "min": 909663.3125,
        "var": 1.11227869594e+12
    },
    "spectral_strongpeak": {
        "dmean": 0.709325730801,
        "dmean2": 1.15218544006,
        "dvar": 0.915001928806,
        "dvar2": 2.22951126099,
        "max": 15.431760788,
        "mean": 1.44952332973,
        "median": 0.977552771568,
        "min": 0,
        "var": 2.2344520092
    },
    "zerocrossingrate": {
        "dmean": 0.00604342715815,
        "dmean2": 0.00718109682202,
        "dvar": 7.14198104106e-05,
        "dvar2": 8.99349470274e-05,
        "max": 0.5205078125,
        "mean": 0.0500564649701,
        "median": 0.0478515625,
        "min": 0.00927734375,
        "var": 0.000467041012598
    },
    "barkbands": {
        "dmean": [1.53017372213e-05, 9.71674598986e-05, 0.00024201485212, 0.000527383177541, 0.00119005749002, 0.00115066824947, 0.00139049836434, 0.00159877585247, 0.00193351320922, 0.000764089287259, 0.000395861716243, 0.000400324148359, 0.00047261355212, 0.000810209778138, 0.000332137191435, 0.000200338850846, 0.000341237871908, 0.000112314199214, 0.000103932274214, 3.81224926969e-05, 1.90800874407e-05, 5.84828785577e-06, 8.30467797641e-07, 3.19800591342e-07, 1.15158442782e-07, 8.89237057322e-08, 7.2221880032e-08],
        "dmean2": [2.7020856578e-05, 0.000165749821463, 0.000418360199546, 0.000854963902384, 0.00184207735583, 0.00175179261714, 0.00210887240246, 0.00239008013159, 0.00296882842667, 0.00118190376088, 0.000641627295408, 0.000661955855321, 0.000764874974266, 0.00129117222968, 0.000531380763277, 0.000326385576045, 0.000542594469152, 0.000178658447112, 0.00016282836441, 6.26488399575e-05, 3.03142551275e-05, 8.85058307176e-06, 1.24482357933e-06, 4.94759149205e-07, 1.86885543485e-07, 1.51596537989e-07, 1.25338502244e-07],
        "dvar": [4.68109440099e-10, 1.04686165514e-07, 8.90411456567e-07, 2.06255822377e-06, 5.62802370041e-06, 4.57385476693e-06, 8.93907963473e-06, 1.67389789567e-05, 2.00683007279e-05, 2.79595110442e-06, 6.44385238502e-07, 7.05836555426e-07, 1.49973629959e-06, 4.43998214905e-06, 7.65691709148e-07, 1.45980379784e-07, 5.30794409315e-07, 8.29411135328e-08, 4.2804064293e-08, 6.1773430815e-09, 2.41541808776e-09, 3.25454080352e-10, 9.34106004352e-12, 1.73444266761e-12, 3.23145136138e-14, 6.32832926212e-15, 4.61763865196e-15],
        "dvar2": [1.27127997018e-09, 2.50744477626e-07, 2.42821238317e-06, 5.42538418813e-06, 1.33844478114e-05, 1.01069181255e-05, 1.85348289961e-05, 3.51952294295e-05, 4.63892574771e-05, 6.44721922072e-06, 1.61958644185e-06, 1.82537155524e-06, 3.68577138943e-06, 1.05567987703e-05, 1.8037803784e-06, 3.65593848528e-07, 1.2715001958e-06, 1.75829342197e-07, 9.78741496738e-08, 1.56402695239e-08, 5.41080913408e-09, 6.5048555431e-10, 1.97325298462e-11, 3.66572744381e-12, 7.05128772212e-14, 1.82320826459e-14, 1.374539317e-14],
        "max": [0.000753898813855, 0.00480904616416, 0.0148631706834, 0.0224735159427, 0.0517336502671, 0.047899864614, 0.0673199668527, 0.0779372528195, 0.134371057153, 0.0434309355915, 0.019027672708, 0.018952626735, 0.0280279461294, 0.0578887164593, 0.0230687577277, 0.0147986114025, 0.0187457632273, 0.0150231337175, 0.00776816532016, 0.00277876551263, 0.0020505473949, 0.00060066516744, 0.000122483106679, 5.67588031117e-05, 6.10885535934e-06, 3.5262610254e-06, 2.30643240684e-06],
        "mean": [2.30995392485e-05, 0.00011110255582, 0.000232581922319, 0.000648566056043, 0.00204080576077, 0.0021044369787, 0.00240379618481, 0.0025510485284, 0.00328769581392, 0.00126246432774, 0.000624747190159, 0.000663159473334, 0.000745962955989, 0.00130716525018, 0.000550541153643, 0.000363812083378, 0.000670966051985, 0.000219506444409, 0.000226288801059, 7.28812083253e-05, 3.51345152012e-05, 1.12567195174e-05, 1.69604459188e-06, 7.78128423917e-07, 5.49811034034e-07, 5.97942516833e-07, 2.22303953024e-07],
        "median": [1.9203802367e-05, 2.41164016188e-05, 3.14768840326e-05, 0.000148327555507, 0.000903917301912, 0.000912553980015, 0.000769793230575, 0.000568360672332, 0.00102097180206, 0.000487630750285, 0.000255010294495, 0.00029276573332, 0.000292374577839, 0.000419280288043, 0.000199021946173, 0.000198744732188, 0.000288947368972, 0.000112035850179, 0.000117563380627, 3.89112356061e-05, 1.58689308591e-05, 4.29082410847e-06, 7.7289098499e-07, 4.85083830881e-07, 5.04257855027e-07, 5.92378512465e-07, 1.9939884055e-07],
        "min": [2.50500551921e-24, 9.37767157438e-24, 1.34294607654e-23, 4.17100895077e-24, 5.74272437428e-23, 4.21039362032e-23, 5.57154092676e-23, 1.40692443145e-23, 2.30128617418e-23, 5.89945967655e-23, 9.51384363943e-23, 3.52590784811e-23, 7.2884001304e-23, 7.5121835609e-23, 6.6328876415e-23, 7.24240133547e-23, 1.07022184169e-22, 1.55438679999e-22, 2.67365483785e-22, 1.93255434862e-22, 3.65864044806e-22, 4.3339058878e-22, 6.69401666238e-22, 6.66002117498e-22, 1.0589561759e-21, 1.50348649041e-21, 2.38968076492e-21],
        "var": [5.13551035031e-10, 1.11608819964e-07, 6.49544858788e-07, 2.02279625228e-06, 1.10923101602e-05, 1.14614194899e-05, 2.15421059693e-05, 4.06824183301e-05, 4.65229641122e-05, 6.28632278676e-06, 1.17973843317e-06, 1.28250508169e-06, 2.43229646912e-06, 8.48279978527e-06, 1.60208367106e-06, 2.99084604194e-07, 1.42721501106e-06, 2.08349533182e-07, 1.21622392157e-07, 1.17901697294e-08, 4.36934222137e-09, 6.81655509815e-10, 1.78448922306e-11, 3.38945776827e-12, 7.51324932716e-14, 1.04878442153e-14, 1.33548694767e-14]
    },
    "erbbands": {
        "dmean": [0.00180178694427, 0.0290747471154, 0.234802290797, 0.895789980888, 3.2868847847, 4.42330312729, 5.72688579559, 10.9459886551, 14.9382486343, 29.8849945068, 35.126865387, 40.8021011353, 34.2276687622, 18.0460987091, 14.1259841919, 13.9264326096, 20.0100288391, 34.6136398315, 25.7832221985, 12.194475174, 11.9187602997, 18.6288833618, 7.57789087296, 4.35457181931, 4.49981927872, 1.46206068993, 1.07085728645, 0.465639173985, 0.228380322456, 0.086988337338, 0.0184454675764, 0.00732673890889, 0.00536026386544, 0.0019128137501, 0.000748628925066, 0.000394405447878, 0.000194046646357, 0.00013552098244, 6.85918848831e-06, 7.23023822502e-06],
        "dmean2": [0.00306532904506, 0.0490095540881, 0.401774764061, 1.4847779274, 5.10488462448, 6.90144252777, 8.66384601593, 16.6723194122, 22.6013641357, 44.40284729, 52.5512924194, 61.9319190979, 52.9897003174, 28.0576171875, 22.9357013702, 22.7114467621, 32.0647659302, 54.3493881226, 40.7228775024, 19.6805477142, 19.1967105865, 29.4458599091, 11.8357143402, 6.83700418472, 7.04123449326, 2.35160088539, 1.71318078041, 0.72866922617, 0.341363608837, 0.130819752812, 0.0269479285926, 0.0110670318827, 0.00853695068508, 0.00307672284544, 0.00126421439927, 0.000674358860124, 0.000332354335114, 0.000237504340475, 1.13379674076e-05, 1.04469681901e-05],
        "dvar": [1.28689207486e-05, 0.0109833152965, 0.827513694763, 5.54755449295, 67.994644165, 98.5552062988, 105.547409058, 505.629089355, 1222.31005859, 4659.41894531, 8693.54199219, 11741.0068359, 6277.4140625, 1181.30908203, 847.154541016, 756.329101562, 2726.75268555, 7881.50830078, 5452.05029297, 652.246643066, 578.52923584, 1615.65441895, 274.41809082, 66.0131912231, 93.1224899292, 8.2264585495, 7.1166601181, 2.06895852089, 0.47087341547, 0.094668738544, 0.00374050950631, 0.000969483633526, 0.000419332791353, 1.70085895661e-05, 4.85423299779e-07, 1.0307201137e-07, 3.12790149337e-08, 1.41456162339e-08, 8.25524926196e-11, 8.97390564636e-11],
        "dvar2": [2.76545561064e-05, 0.0273548122495, 2.24679207802, 14.8780889511, 160.672988892, 240.789535522, 227.67401123, 1102.60253906, 2611.90234375, 9694.82128906, 18338.9550781, 26151.5117188, 15239.8076172, 2751.44799805, 2138.28735352, 1846.55639648, 6843.06542969, 18551.2539062, 12479.5556641, 1576.3614502, 1427.6048584, 3980.3972168, 591.371520996, 155.38319397, 213.707702637, 19.5092010498, 16.8118419647, 4.38002109528, 0.96130502224, 0.186657339334, 0.00740708690137, 0.00197899900377, 0.000961308076512, 3.60389385605e-05, 1.25661040329e-06, 2.9949620739e-07, 9.06310972937e-08, 4.30744080404e-08, 2.29117461115e-10, 1.77561854109e-10],
        "max": [0.0647463127971, 1.49616754055, 14.7855920792, 33.0894355774, 137.602615356, 274.378479004, 293.508117676, 525.786865234, 1052.07202148, 1489.74450684, 2092.47021484, 4282.3828125, 1746.18737793, 832.645996094, 871.639526367, 576.657043457, 1451.60803223, 2582.58618164, 2686.47460938, 781.426147461, 969.157897949, 1014.56640625, 701.393371582, 206.014312744, 349.882629395, 98.1798171997, 76.3192138672, 71.3223724365, 19.3084430695, 9.89027881622, 2.03781557083, 1.17835211754, 0.874266386032, 0.127289175987, 0.0210709087551, 0.00771371694282, 0.00805634632707, 0.0031699903775, 0.000438587565441, 0.000160358918947],
        "mean": [0.00211569480598, 0.032192401588, 0.233934432268, 1.12565279007, 4.65437507629, 7.2775850296, 10.3766241074, 19.4896411896, 26.0067615509, 51.5202674866, 59.6905250549, 68.9777984619, 59.5471229553, 32.7080688477, 25.541809082, 25.6131362915, 35.0198059082, 58.8810386658, 45.1486778259, 23.5747890472, 23.5175819397, 37.5985145569, 16.8332862854, 10.1068754196, 10.0175285339, 3.22814273834, 2.02654004097, 0.893487453461, 0.446073293686, 0.164687842131, 0.0410457700491, 0.0180215612054, 0.0126596642658, 0.00671910820529, 0.0037931506522, 0.00218010903336, 0.00114942586515, 0.000524428614881, 2.64026693912e-05, 2.42685564444e-05],
        "median": [0.00112168095075, 0.00423416309059, 0.0433464609087, 0.333642363548, 1.40244114399, 2.66780996323, 5.0109128952, 7.6910867691, 9.99747085571, 14.7327890396, 17.0739269257, 22.7919158936, 21.8541259766, 17.4853687286, 13.7069158554, 13.5295734406, 15.6121835709, 20.7169952393, 16.8990764618, 11.3391237259, 12.5382995605, 16.7595310211, 8.85562992096, 5.83449077606, 5.32773447037, 1.95652329922, 0.973486542702, 0.396587759256, 0.172873169184, 0.0626058131456, 0.0200960710645, 0.0109178069979, 0.00821083318442, 0.00561291305348, 0.0036715187598, 0.00214790483005, 0.00113592646085, 0.000488617573865, 2.46717700065e-05, 2.0899289666e-05],
        "min": [5.1297451197e-22, 1.33744139252e-21, 1.18499455018e-20, 1.45489356741e-20, 5.2593716928e-20, 1.27404477596e-19, 2.50453952664e-19, 4.11974047058e-19, 9.99368079826e-19, 4.05358799356e-19, 6.26615421897e-19, 5.69302041807e-19, 8.92443922113e-19, 2.14515415911e-18, 4.37920665942e-18, 2.43121037893e-18, 3.52350485935e-18, 3.26144887141e-18, 3.68544242145e-18, 4.64564442985e-18, 4.90618936561e-18, 7.12707501172e-18, 1.02305383832e-17, 1.59275347483e-17, 1.10771908274e-17, 1.00464675358e-17, 1.48208001759e-17, 1.101183446e-17, 1.42713967392e-17, 1.91056718495e-17, 1.90492664036e-17, 1.3254492327e-17, 1.13377965609e-17, 1.05599225303e-17, 7.33855862457e-18, 4.70337915507e-18, 2.87233794139e-18, 1.14745305501e-18, 3.16863036619e-19, 3.44112757065e-20],
        "var": [1.69973754964e-05, 0.0109579376876, 0.618919491768, 5.1055893898, 87.0634307861, 197.897796631, 270.267456055, 1203.44311523, 2448.96069336, 12084.8789062, 20612.109375, 27761.84375, 14390.3613281, 2369.82958984, 1615.00561523, 1598.37866211, 4708.49023438, 15264.890625, 12863.8349609, 1742.44995117, 1347.84082031, 4126.43164062, 833.798461914, 186.555358887, 272.308349609, 18.8196640015, 12.1293296814, 3.80650305748, 0.990596234798, 0.190326914191, 0.00816389359534, 0.00207291613333, 0.000698186981026, 3.58319193765e-05, 1.0545669511e-06, 1.81575444458e-07, 4.67141987315e-08, 3.63648275936e-08, 1.80762793622e-10, 4.015731081e-10]
    },
    "gfcc": {
        "mean": [-70.0786437988, 122.295677185, -158.223083496, -9.80634784698, -51.0219535828, -24.0491409302, -36.5226211548, 0.529995560646, -24.6333370209, 1.72290956974, -19.3012619019, -1.25925898552, -11.9755058289],
        "cov": [[5122.89404297, 1125.87414551, -2014.34936523, 9.68081569672, 262.840515137, -584.150939941, 372.142333984, -301.05267334, -60.6826629639, -292.243865967, -89.4306564331, -330.738616943, -23.7825508118], [1125.87414551, 707.554504395, -60.9319190979, -139.458175659, 47.6079902649, -248.285369873, -17.7919273376, -76.9762420654, -41.7249031067, -121.965995789, -4.56042766571, -111.831359863, -47.9796981812], [-2014.34936523, -60.9319190979, 1415.56201172, 91.4783706665, -196.270828247, 115.548690796, -272.709838867, 55.6302070618, -6.77121019363, 51.1102409363, 12.8140487671, 98.2123184204, -47.3759765625], [9.68081569672, -139.458175659, 91.4783706665, 429.047515869, 83.0584259033, 23.0813694, -15.762796402, -73.0453567505, -25.5362567902, -4.09787511826, -65.5170669556, -1.59880042076, -7.57653999329], [262.840515137, 47.6079902649, -196.270828247, 83.0584259033, 228.438949585, 32.890537262, -2.25169801712, -10.7061166763, -11.3775291443, -8.41892433167, -22.8048362732, -30.1124744415, 1.42199420929], [-584.150939941, -248.285369873, 115.548690796, 23.0813694, 32.890537262, 302.797119141, 76.6335449219, 33.7659645081, -7.13158988953, 53.7445869446, -10.1300497055, 37.7600784302, -1.71362364292], [372.142333984, -17.7919273376, -272.709838867, -15.762796402, -2.25169801712, 76.6335449219, 223.762237549, 33.6459579468, -15.595541954, -16.8976173401, -13.3364858627, -26.1110610962, -5.30347442627], [-301.05267334, -76.9762420654, 55.6302070618, -73.0453567505, -10.7061166763, 33.7659645081, 33.6459579468, 137.076766968, 46.5081748962, 24.1086444855, 24.746711731, 24.2171802521, 8.66198539734], [-60.6826629639, -41.7249031067, -6.77121019363, -25.5362567902, -11.3775291443, -7.13158988953, -15.595541954, 46.5081748962, 98.7648086548, 45.3531913757, 5.41119384766, 0.606266498566, 1.67571187019], [-292.243865967, -121.965995789, 51.1102409363, -4.09787511826, -8.41892433167, 53.7445869446, -16.8976173401, 24.1086444855, 45.3531913757, 105.590263367, 48.8642425537, 23.2902145386, -0.096961222589], [-89.4306564331, -4.56042766571, 12.8140487671, -65.5170669556, -22.8048362732, -10.1300497055, -13.3364858627, 24.746711731, 5.41119384766, 48.8642425537, 102.480072021, 46.6325683594, 6.78179931641], [-330.738616943, -111.831359863, 98.2123184204, -1.59880042076, -30.1124744415, 37.7600784302, -26.1110610962, 24.2171802521, 0.606266498566, 23.2902145386, 46.6325683594, 103.132064819, 43.2550239563], [-23.7825508118, -47.9796981812, -47.3759765625, -7.57653999329, 1.42199420929, -1.71362364292, -5.30347442627, 8.66198539734, 1.67571187019, -0.096961222589, 6.78179931641, 43.2550239563, 71.5706863403]],
        "icov": [[0.00387772475369, -0.00692724110559, 0.00617988454178, -0.0044812746346, 0.00415242696181, -0.00133033643942, 0.000674889190122, 0.000532750738785, -0.00166324654128, 0.00144818576518, -0.000791546481196, 0.000872567587066, -0.000279253523331], [-0.00692724110559, 0.017852190882, -0.0135109834373, 0.0110356910154, -0.0121221784502, 0.00710319587961, -0.00565862748772, 0.00437839794904, 0.000358548248187, 0.00245581846684, -0.00239211623557, 0.00193457945716, 0.000404709106078], [0.00617988454178, -0.0135109834373, 0.0130056869239, -0.00938867311925, 0.0110323010013, -0.0057936180383, 0.00655928440392, -0.0038330052048, 3.73312286683e-05, 0.000313751865178, 0.000802075024694, -0.000490383361466, 0.00142315763514], [-0.0044812746346, 0.0110356910154, -0.00938867311925, 0.0106486445293, -0.0097384089604, 0.00557233858854, -0.00519114267081, 0.00480628572404, 0.000638006429654, -0.00122795323841, 0.00246562017128, -0.00192625273485, 0.00109597516712], [0.00415242696181, -0.0121221784502, 0.0110323010013, -0.0097384089604, 0.0165471490473, -0.00869855750352, 0.00944340787828, -0.00726123061031, 0.00232315645553, -0.00113191083074, 0.000976925133727, 0.00167702022009, -0.000595279969275], [-0.00133033643942, 0.00710319587961, -0.0057936180383, 0.00557233858854, -0.00869855750352, 0.0118776662275, -0.00915323756635, 0.0053470232524, 0.000120336400869, -0.00249756709673, 0.00247693248093, -0.00263106171042, 0.00155565445311], [0.000674889190122, -0.00565862748772, 0.00655928440392, -0.00519114267081, 0.00944340787828, -0.00915323756635, 0.0158284958452, -0.0101569741964, 0.00516242627054, -0.000934401585255, 0.0014460766688, 0.00121580727864, 0.00122461782303], [0.000532750738785, 0.00437839794904, -0.0038330052048, 0.00480628572404, -0.00726123061031, 0.0053470232524, -0.0101569741964, 0.0190075095743, -0.0103163663298, 0.00606178399175, -0.00540155358613, 0.000796521024313, -0.00141679577064], [-0.00166324654128, 0.000358548248187, 3.73312286683e-05, 0.000638006429654, 0.00232315645553, 0.000120336400869, 0.00516242627054, -0.0103163663298, 0.0211108420044, -0.0135911302641, 0.00898474175483, -0.00231208279729, 0.00140104792081], [0.00144818576518, 0.00245581846684, 0.000313751865178, -0.00122795323841, -0.00113191083074, -0.00249756709673, -0.000934401585255, 0.00606178399175, -0.0135911302641, 0.0280244462192, -0.0179299786687, 0.00848914682865, -0.00171033630613], [-0.000791546481196, -0.00239211623557, 0.000802075024694, 0.00246562017128, 0.000976925133727, 0.00247693248093, 0.0014460766688, -0.00540155358613, 0.00898474175483, -0.0179299786687, 0.0272796098143, -0.0159221123904, 0.0065293055959], [0.000872567587066, 0.00193457945716, -0.000490383361466, -0.00192625273485, 0.00167702022009, -0.00263106171042, 0.00121580727864, 0.000796521024313, -0.00231208279729, 0.00848914682865, -0.0159221123904, 0.0279134996235, -0.0143399517983], [-0.000279253523331, 0.000404709106078, 0.00142315763514, 0.00109597516712, -0.000595279969275, 0.00155565445311, 0.00122461782303, -0.00141679577064, 0.00140104792081, -0.00171033630613, 0.0065293055959, -0.0143399517983, 0.0235328730196]]
    },
    "melbands": {
        "dmean": [2.04815496545e-05, 9.15093187359e-05, 0.000236301348195, 0.000271404191153, 0.000192321007489, 0.000238308144617, 0.000239310320467, 0.000334540789481, 0.000292722368613, 0.000263774913037, 0.000172043291968, 7.85691154306e-05, 5.29620810994e-05, 4.71888997708e-05, 4.25862890552e-05, 5.28750351805e-05, 6.80422599544e-05, 5.09609853907e-05, 2.41494599322e-05, 1.11603676487e-05, 1.60878062161e-05, 2.07055236388e-05, 1.53044038598e-05, 4.17969658884e-06, 3.80458891414e-06, 4.63489868707e-06, 2.32918046095e-06, 8.12561154362e-07, 8.04030719337e-07, 4.11648017007e-07, 2.60996188217e-07, 1.53913006784e-07, 8.1163136656e-08, 3.45968338422e-08, 1.11783435841e-08, 6.42324460287e-09, 4.33729763216e-09, 4.25269552906e-09, 3.03625768971e-09, 1.47113965454e-09],
        "dmean2": [3.48128814949e-05, 0.000156054200488, 0.000376024021534, 0.00042119534919, 0.000292461831123, 0.000362641672837, 0.00036030478077, 0.000497216242366, 0.000441778713139, 0.000401541648898, 0.00026788955438, 0.00012214956223, 8.55626203702e-05, 7.79009569669e-05, 6.93093970767e-05, 8.47487390274e-05, 0.000107210500573, 8.07563483249e-05, 3.87119362131e-05, 1.83869196917e-05, 2.60004526353e-05, 3.30305265379e-05, 2.41500347329e-05, 6.78652986608e-06, 6.03688658884e-06, 7.29400971977e-06, 3.76519074052e-06, 1.32517754992e-06, 1.29255136017e-06, 6.75157025398e-07, 4.07559411997e-07, 2.35806297155e-07, 1.2268137084e-07, 5.297406247e-08, 1.6830327354e-08, 9.96882665305e-09, 6.75211753176e-09, 6.80853107227e-09, 4.97056218407e-09, 2.41880071528e-09],
        "dvar": [3.24711857402e-09, 1.26692796698e-07, 3.79486493784e-07, 3.6230218825e-07, 1.0895925584e-07, 2.21942457301e-07, 2.77687604466e-07, 5.57111604849e-07, 5.55949952741e-07, 4.52300099596e-07, 1.59050884463e-07, 2.38115589468e-08, 1.1134187794e-08, 1.14697078502e-08, 1.05715161069e-08, 1.8224245224e-08, 3.19857456077e-08, 2.57456918007e-08, 4.44741798944e-09, 4.3891146273e-10, 1.19266407861e-09, 2.19167040072e-09, 1.43607459258e-09, 7.02412433773e-11, 5.38304921471e-11, 9.57768517273e-11, 2.67466430948e-11, 2.79876707747e-12, 4.1100538771e-12, 1.34437708361e-12, 7.32311075929e-13, 2.10472427247e-13, 7.5033756335e-14, 1.68766757703e-14, 1.27466536573e-15, 5.13926123439e-16, 3.9922110701e-16, 3.16470329108e-16, 7.63165171122e-17, 5.61402477297e-18],
        "dvar2": [6.98231694685e-09, 3.43046735907e-07, 9.59394583333e-07, 8.64388539412e-07, 2.43934636046e-07, 4.87537931804e-07, 5.81852930281e-07, 1.15140016987e-06, 1.18413436212e-06, 1.01116586393e-06, 3.86977177413e-07, 5.49573186959e-08, 2.778792485e-08, 3.04933003292e-08, 2.54374192821e-08, 4.46104095886e-08, 7.52366275947e-08, 6.01591594318e-08, 1.04007211732e-08, 1.13993969819e-09, 2.93864754752e-09, 5.48566925218e-09, 3.10014303118e-09, 1.83359660788e-10, 1.28822646994e-10, 2.21003992884e-10, 6.7832378603e-11, 6.40785645031e-12, 1.00879452361e-11, 3.16848565614e-12, 1.57834476825e-12, 4.60622642459e-13, 1.51398181101e-13, 3.49136680938e-14, 2.6801532761e-15, 1.07701149804e-15, 8.44444361628e-16, 7.59551755039e-16, 1.76160830172e-16, 1.27213529155e-17],
        "max": [0.000881922023837, 0.00576967187226, 0.00977914500982, 0.0128155015409, 0.0080338800326, 0.0108625767753, 0.0154872052372, 0.0159297566861, 0.0163352675736, 0.0256002601236, 0.00848355796188, 0.00357187236659, 0.00286157964729, 0.00265935109928, 0.00330110825598, 0.00344362901524, 0.00497511215508, 0.00591180194169, 0.00206119567156, 0.000538585474715, 0.00145640817937, 0.00133588269819, 0.00157676474191, 0.000264979491476, 0.000194145875867, 0.000376440235414, 0.000184682343388, 6.96169227012e-05, 7.47547383071e-05, 5.47690251551e-05, 3.80777746614e-05, 1.48407607412e-05, 8.46927196108e-06, 4.85217015012e-06, 1.29296279283e-06, 9.00065401765e-07, 8.31401791856e-07, 8.73464728102e-07, 2.45593440695e-07, 7.52192974574e-08],
        "mean": [2.61851473624e-05, 9.23469633562e-05, 0.000307650159812, 0.000438742543338, 0.000358216173481, 0.000429795880336, 0.000424859899795, 0.000573760946281, 0.00048780682846, 0.000440373056335, 0.000291881035082, 0.000134641304612, 8.87832138687e-05, 7.62111303629e-05, 6.87427891535e-05, 8.71345837368e-05, 0.000109682529001, 8.0508805695e-05, 4.10318825743e-05, 2.13019047806e-05, 2.84174784611e-05, 3.9211474359e-05, 2.87277362077e-05, 8.28393694974e-06, 7.85431984696e-06, 9.47136049945e-06, 4.4014195737e-06, 1.56988517119e-06, 1.44633008858e-06, 6.88182637987e-07, 4.67891084099e-07, 2.84103435888e-07, 1.4358876399e-07, 6.29802698882e-08, 2.27536407493e-08, 1.40291476214e-08, 9.63872803794e-09, 9.12626685334e-09, 7.32335392328e-09, 5.09188247122e-09],
        "median": [1.01505092971e-05, 1.29747395476e-05, 8.96958954399e-05, 0.000167274018168, 0.000180264076334, 0.000178013608092, 0.000162191165145, 0.000155006724526, 0.000130268803332, 0.000137172784889, 9.7087402537e-05, 6.25583998044e-05, 4.2092287913e-05, 3.05468893202e-05, 2.82660257653e-05, 3.25652981701e-05, 3.46647975675e-05, 2.47013267654e-05, 1.44675886986e-05, 1.14149188448e-05, 1.33730236485e-05, 1.61445150297e-05, 1.15795482998e-05, 4.34829189544e-06, 4.16701595896e-06, 4.52320273325e-06, 2.14669762499e-06, 8.84437895365e-07, 6.59870579511e-07, 2.92586179285e-07, 1.89658209138e-07, 1.05343239909e-07, 5.03959292075e-08, 2.37841515371e-08, 1.05758877211e-08, 8.33678104328e-09, 5.86575898964e-09, 5.70423530633e-09, 5.27595256372e-09, 4.48558257204e-09],
        "min": [3.38469212197e-24, 4.6825773592e-24, 2.95288386195e-24, 1.50493140591e-23, 8.97983718696e-24, 1.07353982222e-23, 1.44450418725e-23, 3.41760576552e-24, 6.25826943053e-24, 3.19242758949e-24, 4.49839845378e-24, 7.15450613786e-24, 1.50214199375e-23, 4.70397678897e-24, 7.03789435227e-24, 7.2020129193e-24, 6.1413929821e-24, 6.36855612938e-24, 6.46793485407e-24, 4.83328765742e-24, 6.1485684609e-24, 5.89608997831e-24, 8.2272836049e-24, 8.26471978802e-24, 1.37769650382e-23, 7.5528990388e-24, 7.47856625342e-24, 6.23386167969e-24, 9.69526224165e-24, 7.11949254659e-24, 6.37411010459e-24, 6.84309146261e-24, 1.04882157572e-23, 1.01011777202e-23, 1.09275813047e-23, 9.25703028728e-24, 7.6177860037e-24, 6.90708464811e-24, 7.84662903028e-24, 8.05540737973e-24],
        "var": [4.06181843715e-09, 9.91271917883e-08, 4.01421374363e-07, 6.4281533696e-07, 2.86617506617e-07, 5.35870867679e-07, 5.99226893883e-07, 1.44194666518e-06, 1.28245528686e-06, 1.0621798765e-06, 3.61090485512e-07, 4.73725592087e-08, 2.10650163979e-08, 1.98368113047e-08, 1.93121838521e-08, 3.25158318049e-08, 5.79677532642e-08, 5.66682984982e-08, 1.11760725119e-08, 1.04269559653e-09, 2.55038745678e-09, 5.10999020875e-09, 3.97171229238e-09, 1.50245232922e-10, 1.30779526097e-10, 2.50752363318e-10, 5.40694052031e-11, 5.5836390199e-12, 6.4570553765e-12, 2.10132063659e-12, 1.26546158535e-12, 4.04572859589e-13, 1.46140776347e-13, 3.1031858398e-14, 2.55792176313e-15, 1.06645598521e-15, 7.32687628661e-16, 4.7153323616e-16, 1.20468996225e-16, 1.14641723877e-17]
    },
    "mfcc": {
        "mean": [-709.90057373, 170.498840332, -54.5522117615, 14.4117240906, -14.3160600662, -15.7349338531, -11.7585783005, -9.88227844238, -4.71683073044, -5.11409187317, -0.84395390749, -4.29624271393, -5.750207901],
        "cov": [[6043.54638672, 745.849975586, -2276.75390625, 402.608978271, -575.793945312, -30.9016418457, 66.6471557617, -26.0380249023, 0.565265238285, -117.967597961, 49.9159507751, -221.779388428, -230.243835449], [745.849975586, 811.067382812, -57.8164100647, -53.3939437866, -28.0510978699, -211.782363892, -47.2712745667, -40.3297386169, -87.7753829956, -46.0937232971, -5.14708614349, -23.3189506531, -38.7017707825], [-2276.75390625, -57.8164100647, 1330.91247559, 3.16077876091, 190.031173706, -10.771531105, -96.0765991211, -21.4048366547, -57.7531661987, -10.2516498566, -53.3432235718, 70.834777832, 75.6259460449], [402.608978271, -53.3939437866, 3.16077876091, 359.489807129, 64.3620376587, 26.4433689117, -40.7600898743, -34.8890380859, -12.3729658127, -42.601776123, -31.7165184021, -44.6435623169, -22.636390686], [-575.793945312, -28.0510978699, 190.031173706, 64.3620376587, 281.803466797, 40.4700088501, -41.2985267639, -28.9788322449, -9.30247688293, 7.0076379776, -26.1124629974, 10.9729204178, 11.2519264221], [-30.9016418457, -211.782363892, -10.771531105, 26.4433689117, 40.4700088501, 236.120986938, 79.5759735107, 12.2353096008, 35.1126976013, 4.48799228668, 2.37432122231, -8.14389419556, -15.0293140411], [66.6471557617, -47.2712745667, -96.0765991211, -40.7600898743, -41.2985267639, 79.5759735107, 169.152099609, 64.1120605469, 14.6183452606, 15.4599342346, 12.7266941071, -1.36193037033, -6.50568151474], [-26.0380249023, -40.3297386169, -21.4048366547, -34.8890380859, -28.9788322449, 12.2353096008, 64.1120605469, 107.203224182, 46.1196556091, 4.59027767181, 3.99138498306, -4.53616714478, 1.46069967747], [0.565265238285, -87.7753829956, -57.7531661987, -12.3729658127, -9.30247688293, 35.1126976013, 14.6183452606, 46.1196556091, 108.717575073, 37.8676681519, -1.18418693542, 0.145040735602, -9.83688640594], [-117.967597961, -46.0937232971, -10.2516498566, -42.601776123, 7.0076379776, 4.48799228668, 15.4599342346, 4.59027767181, 37.8676681519, 93.4157714844, 44.9213066101, 9.27565860748, 1.63237988949], [49.9159507751, -5.14708614349, -53.3432235718, -31.7165184021, -26.1124629974, 2.37432122231, 12.7266941071, 3.99138498306, -1.18418693542, 44.9213066101, 89.3218231201, 31.1989822388, 0.668321013451], [-221.779388428, -23.3189506531, 70.834777832, -44.6435623169, 10.9729204178, -8.14389419556, -1.36193037033, -4.53616714478, 0.145040735602, 9.27565860748, 31.1989822388, 83.8018875122, 40.1843566895], [-230.243835449, -38.7017707825, 75.6259460449, -22.636390686, 11.2519264221, -15.0293140411, -6.50568151474, 1.46069967747, -9.83688640594, 1.63237988949, 0.668321013451, 40.1843566895, 79.754196167]],
