{
"lowlevel": {
    "average_loudness": 0.753930866718,
    "barkbands_crest": {
        "dmean": 2.59189271927,
        "dmean2": 4.23926210403,
        "dvar": 5.37570571899,
        "dvar2": 13.6610393524,
        "max": 25.9478702545,
        "mean": 10.07538414,
        "median": 9.12571716309,
        "min": 2.72564530373,
        "var": 18.5989837646
    },
    "barkbands_flatness_db": {
        "dmean": 0.0182011052966,
        "dmean2": 0.0281338412315,
        "dvar": 0.00025857143919,
        "dvar2": 0.000576790305786,
        "max": 0.349896758795,
        "mean": 0.170785024762,
        "median": 0.16307285428,
        "min": 0.0175925865769,
        "var": 0.00219189142808
    },
    "barkbands_kurtosis": {
        "dmean": 1.39019179344,
        "dmean2": 2.24026608467,
        "dvar": 4.31832647324,
        "dvar2": 10.3153495789,
        "max": 55.5236434937,
        "mean": 1.45817863941,
        "median": 0.647047400475,
        "min": -1.87349462509,
        "var": 9.79740428925
    },
    "barkbands_skewness": {
        "dmean": 0.414054721594,
        "dmean2": 0.64797359705,
        "dvar": 0.148865520954,
        "dvar2": 0.352812767029,
        "max": 6.16342782974,
        "mean": 0.627091109753,
        "median": 0.607684850693,
        "min": -2.71929574013,
        "var": 0.793965160847
    },
    "barkbands_spread": {
        "dmean": 3.02392482758,
        "dmean2": 4.66236495972,
        "dvar": 10.498342514,
        "dvar2": 23.0482063293,
        "max": 119.748443604,
        "mean": 13.9502077103,
        "median": 12.6087970734,
        "min": 0.938800215721,
        "var": 62.8717880249
    },
    "dissonance": {
        "dmean": 0.0256635285914,
        "dmean2": 0.0437638796866,
        "dvar": 0.000586189096794,
        "dvar2": 0.00165450247005,
        "max": 0.5,
        "mean": 0.455683797598,
        "median": 0.463269203901,
        "min": 0.283318519592,
        "var": 0.00105571025051
    },
    "dynamic_complexity": 4.21120357513,
    "erbbands_crest": {
        "dmean": 2.9375731945,
        "dmean2": 4.74836492538,
        "dvar": 7.26438713074,
        "dvar2": 17.7723922729,
        "max": 32.0934295654,
        "mean": 11.4383802414,
        "median": 10.1887435913,
        "min": 2.09142208099,
        "var": 29.8566169739
    },
    "erbbands_flatness_db": {
        "dmean": 0.0170534439385,
        "dmean2": 0.0249747000635,
        "dvar": 0.000240899345954,
        "dvar2": 0.000478169327835,
        "max": 0.432275861502,
        "mean": 0.23640152812,
        "median": 0.228738322854,
        "min": 0.0564585290849,
        "var": 0.00328340870328
    },
    "erbbands_kurtosis": {
        "dmean": 1.02318680286,
        "dmean2": 1.6722984314,
        "dvar": 2.20606589317,
        "dvar2": 5.4694981575,
        "max": 30.0523223877,
        "mean": 0.757040500641,
        "median": 0.22868168354,
        "min": -1.86316943169,
        "var": 4.87703180313
    },
    "erbbands_skewness": {
        "dmean": 0.404375433922,
        "dmean2": 0.638901472092,
        "dvar": 0.140562817454,
        "dvar2": 0.35306596756,
        "max": 4.8983373642,
        "mean": 0.282011955976,
        "median": 0.261061728001,
        "min": -4.06609964371,
        "var": 0.586701095104
    },
    "erbbands_spread": {
        "dmean": 4.04395294189,
        "dmean2": 6.19852876663,
        "dvar": 17.480140686,
        "dvar2": 38.4452934265,
        "max": 88.293510437,
        "mean": 20.5018596649,
        "median": 18.8589401245,
        "min": 1.45080626011,
        "var": 125.127693176
    },
    "hfc": {
        "dmean": 4.84875106812,
        "dmean2": 7.15925168991,
        "dvar": 49.3805389404,
        "dvar2": 106.109474182,
        "max": 145.308868408,
        "mean": 17.4823646545,
        "median": 10.2361736298,
        "min": 1.1315138595e-16,
        "var": 317.808349609
    },
    "melbands_crest": {
        "dmean": 3.1929910183,
        "dmean2": 5.19838237762,
        "dvar": 8.39969539642,
        "dvar2": 21.4079189301,
        "max": 32.0312232971,
        "mean": 12.2516765594,
        "median": 11.1583805084,
        "min": 1.59591662884,
        "var": 25.5306377411
    },
    "melbands_flatness_db": {
        "dmean": 0.019928118214,
        "dmean2": 0.0307167489082,
        "dvar": 0.000337399309501,
        "dvar2": 0.000765938078985,
        "max": 0.389869511127,
        "mean": 0.217170834541,
        "median": 0.215300381184,
        "min": 0.00225922791287,
        "var": 0.00223704311065
    },
    "melbands_kurtosis": {
        "dmean": 2.14658355713,
        "dmean2": 3.42988324165,
        "dvar": 10.6067428589,
        "dvar2": 24.8781414032,
        "max": 99.4592971802,
        "mean": 3.09327077866,
        "median": 1.62619376183,
        "min": -1.84778285027,
        "var": 25.1278553009
    },
    "melbands_skewness": {
        "dmean": 0.448716431856,
        "dmean2": 0.697534441948,
        "dvar": 0.182958185673,
        "dvar2": 0.428423345089,
        "max": 8.95168876648,
        "mean": 1.03859865665,
        "median": 0.965745270252,
        "min": -2.5254535675,
        "var": 1.04063498974
    },
    "melbands_spread": {
        "dmean": 5.18362903595,
        "dmean2": 8.14659023285,
        "dvar": 29.859413147,
        "dvar2": 68.6285552979,
        "max": 164.516555786,
        "mean": 21.411529541,
        "median": 18.9381484985,
        "min": 1.29841172695,
        "var": 145.927764893
    },
    "pitch_salience": {
        "dmean": 0.0660339072347,
        "dmean2": 0.107074804604,
        "dvar": 0.00335097382776,
        "dvar2": 0.00840706564486,
        "max": 0.951861262321,
        "mean": 0.567308425903,
        "median": 0.574722707272,
        "min": 0.132563263178,
        "var": 0.0133969644085
    },
    "silence_rate_20dB": {
        "dmean": 0,
        "dmean2": 0,
        "dvar": 0,
        "dvar2": 0,
        "max": 1,
        "mean": 1,
        "median": 1,
        "min": 1,
        "var": 0
    },
    "silence_rate_30dB": {
        "dmean": 0.00102946849074,
        "dmean2": 0.00205920217559,
        "dvar": 0.00102831772529,
        "dvar2": 0.00205487501808,
        "max": 1,
        "mean": 0.998842000961,
        "median": 1,
        "min": 0,
        "var": 0.00115660997108
    },
    "silence_rate_60dB": {
        "dmean": 0.037060867995,
        "dmean2": 0.0741312727332,
        "dvar": 0.0356870740652,
        "dvar2": 0.0776436552405,
        "max": 1,
        "mean": 0.11695831269,
        "median": 0,
        "min": 0,
        "var": 0.103273294866
    },
    "spectral_centroid": {
        "dmean": 163.326797485,
        "dmean2": 255.189224243,
        "dvar": 44730.5625,
        "dvar2": 95849.546875,
        "max": 11480.6757812,
        "mean": 1197.9934082,
        "median": 1105.25341797,
        "min": 382.174835205,
        "var": 241316.078125
    },
    "spectral_complexity": {
        "dmean": 2.42980313301,
        "dmean2": 3.85971689224,
        "dvar": 4.97820043564,
        "dvar2": 10.7985839844,
        "max": 45,
        "mean": 15.3775091171,
        "median": 15,
        "min": 0,
        "var": 35.7904090881
    },
    "spectral_decrease": {
        "dmean": 1.35121303035e-09,
        "dmean2": 2.03156402812e-09,
        "dvar": 3.45167332213e-18,
        "dvar2": 7.67924205884e-18,
        "max": 1.48042166298e-28,
        "mean": -4.5855133024e-09,
        "median": -3.24915072625e-09,
        "min": -4.88421783018e-08,
        "var": 1.7680947543e-17
    },
    "spectral_energy": {
        "dmean": 0.00549822906032,
        "dmean2": 0.00824734475464,
        "dvar": 5.66939961573e-05,
        "dvar2": 0.000125342048705,
        "max": 0.193153709173,
        "mean": 0.0188924781978,
        "median": 0.0132870338857,
        "min": 1.02705612522e-20,
        "var": 0.000300946092466
    },
    "spectral_energyband_high": {
        "dmean": 3.93180598621e-05,
        "dmean2": 5.43044625374e-05,
        "dvar": 8.3716651389e-09,
        "dvar2": 1.71081904199e-08,
        "max": 0.00264987582341,
        "mean": 9.0457375336e-05,
        "median": 4.85750570078e-05,
        "min": 7.72029799239e-21,
        "var": 2.09940047569e-08
    },
    "spectral_energyband_low": {
        "dmean": 0.000777614826802,
        "dmean2": 0.00125286390539,
        "dvar": 2.7206122013e-06,
        "dvar2": 6.93811443853e-06,
        "max": 0.0269948262721,
        "mean": 0.00122466695029,
        "median": 0.000558967120014,
        "min": 3.36706660276e-23,
        "var": 3.87676391256e-06
    },
    "spectral_energyband_middle_high": {
        "dmean": 0.00275916443206,
        "dmean2": 0.00424560531974,
        "dvar": 2.14368883462e-05,
        "dvar2": 4.88528821734e-05,
        "max": 0.136832535267,
        "mean": 0.00826328340918,
        "median": 0.00387649284676,
        "min": 1.14097761618e-21,
        "var": 0.000113508554932
    },
    "spectral_energyband_middle_low": {
        "dmean": 0.00389510160312,
        "dmean2": 0.00603725854307,
        "dvar": 4.06143735745e-05,
        "dvar2": 9.47969238041e-05,
        "max": 0.179747745395,
        "mean": 0.00987712200731,
        "median": 0.00554458331317,
        "min": 2.42160002089e-22,
        "var": 0.000138055649586
    },
    "spectral_entropy": {
        "dmean": 0.137862786651,
        "dmean2": 0.206976309419,
        "dvar": 0.0166839752346,
        "dvar2": 0.0348391495645,
        "max": 9.8138885498,
        "mean": 7.16221284866,
        "median": 7.1846241951,
        "min": 5.68535137177,
        "var": 0.149654135108
    },
    "spectral_flux": {
        "dmean": 0.0188694521785,
        "dmean2": 0.0297049563378,
        "dvar": 0.000457316258689,
        "dvar2": 0.00107952870894,
        "max": 0.300961941481,
        "mean": 0.0689255446196,
        "median": 0.0606533586979,
        "min": 6.67805671872e-11,
        "var": 0.00160715263337
    },
    "spectral_kurtosis": {
        "dmean": 4.02411460876,
        "dmean2": 6.92996549606,
        "dvar": 16.0589981079,
        "dvar2": 48.3030166626,
        "max": 47.7956924438,
        "mean": 9.5815410614,
        "median": 8.14133548737,
        "min": -1.22949433327,
        "var": 38.3277244568
    },
    "spectral_rms": {
        "dmean": 0.000588419265114,
        "dmean2": 0.000861764245201,
        "dvar": 3.97488918225e-07,
        "dvar2": 8.00300938408e-07,
        "max": 0.0137274414301,
        "mean": 0.00385056785308,
        "median": 0.00360041088425,
        "min": 3.16544772165e-12,
        "var": 3.60482499673e-06
    },
    "spectral_rolloff": {
        "dmean": 255.182617188,
        "dmean2": 434.731811523,
        "dvar": 162874.46875,
        "dvar2": 355278.15625,
        "max": 19250.6835938,
        "mean": 1481.29272461,
        "median": 1356.59179688,
        "min": 258.3984375,
        "var": 930813.125
    },
    "spectral_skewness": {
        "dmean": 0.365189373493,
        "dmean2": 0.613008856773,
        "dvar": 0.108148247004,
        "dvar2": 0.313829571009,
        "max": 4.98528146744,
        "mean": 1.93537437916,
        "median": 1.86009573936,
        "min": -0.0576730594039,
        "var": 0.414624601603
    },
    "spectral_spread": {
        "dmean": 235529.4375,
        "dmean2": 369203.34375,
        "dvar": 328738275328,
        "dvar2": 675251093504,
        "max": 41516696,
        "mean": 2628610.75,
        "median": 2438051,
        "min": 1279674.25,
        "var": 1.80244132659e+12
    },
    "spectral_strongpeak": {
        "dmean": 0.835260152817,
        "dmean2": 1.38177955151,
        "dvar": 1.49260234833,
        "dvar2": 3.75101470947,
        "max": 17.1281337738,
        "mean": 1.97379386425,
        "median": 1.12112402916,
        "min": 0,
        "var": 4.85516262054
    },
    "zerocrossingrate": {
        "dmean": 0.00527181616053,
        "dmean2": 0.0065347366035,
        "dvar": 6.23661690042e-05,
        "dvar2": 7.83766809036e-05,
        "max": 0.669921875,
        "mean": 0.052384685725,
        "median": 0.048828125,
        "min": 0.0146484375,
        "var": 0.00072674191324
    },
    "barkbands": {
        "dmean": [5.40551491213e-06, 0.000308248301735, 0.000328521738993, 0.000523475580849, 0.000677243806422, 0.0006253545871, 0.000969571177848, 0.000590654148255, 0.00181017105933, 0.00143703760114, 0.000397244555643, 0.00043078546878, 0.000752561958507, 0.00087979628006, 0.000346043379977, 0.00014872160682, 0.000298472266877, 8.76825506566e-05, 7.29305611458e-05, 3.27272937284e-05, 1.92689149117e-05, 7.60842294767e-06, 3.20195385939e-06, 1.06898255581e-06, 3.85739582498e-07, 1.27557683527e-07, 1.03030819432e-08],
        "dmean2": [9.32588955038e-06, 0.000487994228024, 0.00053582485998, 0.00092038710136, 0.00107520294841, 0.000995387323201, 0.00152187957428, 0.000936762138736, 0.00277594360523, 0.0022759558633, 0.000646195199806, 0.000704916252289, 0.00118081620894, 0.0013824297348, 0.000556674611289, 0.000236595675233, 0.000468425656436, 0.000141011289088, 0.000111235582153, 5.21221882082e-05, 2.8868960726e-05, 1.03043757917e-05, 4.47036654805e-06, 1.52003485709e-06, 5.71409088934e-07, 2.14275047483e-07, 1.71631615586e-08],
        "dvar": [1.61276422772e-10, 7.34026684768e-07, 5.56973873245e-07, 2.36645860241e-06, 1.35760228659e-06, 1.26272743728e-06, 1.26532977447e-05, 4.17521823692e-06, 1.78929349204e-05, 1.41566579259e-05, 1.75888203557e-06, 7.74877889853e-07, 4.12993995269e-06, 5.90053241467e-06, 1.4164085087e-06, 1.90106021591e-07, 1.82432961537e-06, 1.3978097968e-07, 4.44013359413e-08, 7.07481362383e-09, 2.60418131504e-09, 4.67708261009e-10, 6.59314824958e-11, 8.02700267366e-12, 8.21501612396e-13, 1.39110050519e-14, 9.81835461483e-17],
        "dvar2": [4.311824231e-10, 1.73756677668e-06, 1.36147752983e-06, 6.7115024649e-06, 3.47495279129e-06, 3.06184278998e-06, 2.91007727355e-05, 9.60049874266e-06, 4.18355448346e-05, 3.35011609423e-05, 4.28044859291e-06, 2.11171982301e-06, 9.50229423324e-06, 1.31450742629e-05, 3.29960266754e-06, 4.19038087784e-07, 4.14774922319e-06, 2.90001224812e-07, 9.68321813843e-08, 1.85654283058e-08, 6.19758955267e-09, 8.56097914781e-10, 1.19076623561e-10, 1.64721535023e-11, 1.55278079891e-12, 3.94706917975e-14, 2.5945021515e-16],
        "max": [0.000262484420091, 0.0205034166574, 0.0160432755947, 0.0222309269011, 0.0212307143956, 0.0314186289907, 0.167380899191, 0.0554591342807, 0.0848065838218, 0.112158223987, 0.0594765916467, 0.0242976080626, 0.0414381287992, 0.05840267241, 0.0367607660592, 0.0139431850985, 0.0424396246672, 0.0162212587893, 0.00865871459246, 0.00368694146164, 0.0018274578033, 0.00097455654759, 0.000311955373036, 0.000125971288071, 3.27902453137e-05, 2.55419467976e-06, 1.26355274688e-07],
        "mean": [5.46644059796e-06, 0.000469324324513, 0.000447343831183, 0.000584274937864, 0.00120251835324, 0.00110957096331, 0.0016333515523, 0.000954114540946, 0.00369695434347, 0.00249444809742, 0.000640411162749, 0.000700247241184, 0.00137543969322, 0.00176432705484, 0.000524972274434, 0.000261814013356, 0.000582547741942, 0.000163628952578, 0.000152730441187, 6.98455478414e-05, 3.41455088346e-05, 1.46350839714e-05, 6.47561728329e-06, 2.32047091231e-06, 1.06761899588e-06, 5.27621807578e-07, 1.88262490042e-08],
        "median": [1.54580129674e-06, 0.000180186121725, 0.000132681117975, 0.000141500000609, 0.00056340493029, 0.000508505036123, 0.00044967138092, 0.000170255749254, 0.000601046602242, 0.000458613445517, 0.000191217608517, 0.000337899429724, 0.000274421996437, 0.000223452923819, 0.000139514770126, 0.000103427330032, 0.000103183774627, 7.22116674297e-05, 5.41335102753e-05, 3.45152147929e-05, 1.49931547639e-05, 5.36460538569e-06, 2.74746253126e-06, 1.1602894574e-06, 7.13858128165e-07, 4.9567285032e-07, 1.63163313971e-08],
        "min": [7.27782639659e-24, 1.04733741282e-23, 8.14671802951e-24, 7.58812798911e-24, 3.86121948676e-23, 3.17476377109e-23, 2.7996073992e-23, 2.36589577559e-23, 3.74885697932e-23, 5.53154189233e-23, 2.99282215408e-23, 3.48576050783e-23, 8.14190092928e-23, 7.40841237981e-23, 1.09648043376e-22, 3.25299100498e-23, 8.07217635377e-23, 9.49581659002e-23, 1.5488067135e-22, 2.20390949959e-22, 2.79380832491e-22, 4.47005898864e-22, 6.59053931619e-22, 6.79984822194e-22, 1.27983298845e-21, 1.58812669646e-21, 2.15349040777e-21],
        "var": [1.64224883692e-10, 9.37237302878e-07, 8.13774533981e-07, 2.02479486688e-06, 2.9526581784e-06, 3.0506330404e-06, 2.60232391156e-05, 9.42297447182e-06, 6.7904999014e-05, 3.54582334694e-05, 5.56388204132e-06, 1.45148351294e-06, 1.26904251374e-05, 1.99763489945e-05, 2.53299822361e-06, 3.96536876224e-07, 4.86484032081e-06, 3.17421836371e-07, 1.35985203542e-07, 2.30265015944e-08, 3.91676513445e-09, 9.82547043726e-10, 1.50078741101e-10, 1.49612648659e-11, 2.13282104651e-12, 3.50958614926e-14, 1.85696038878e-16]
    },
    "erbbands": {
        "dmean": [0.00571136269718, 0.082337744534, 0.304741024971, 1.17241919041, 1.71056997776, 2.85083532333, 3.06169676781, 6.32815790176, 13.0120725632, 12.2250795364, 16.8527431488, 37.2372436523, 47.5936431885, 32.643989563, 11.4163160324, 15.9196863174, 34.117641449, 34.8188705444, 31.8845348358, 9.51255130768, 9.43676757812, 15.7424402237, 5.87028694153, 3.5949640274, 2.9283721447, 1.22806024551, 1.1319643259, 0.462808459997, 0.282835155725, 0.177567079663, 0.0774908065796, 0.0314363203943, 0.0141303529963, 0.0059150182642, 0.00215122406371, 0.000783599272836, 0.000247228628723, 1.99456117116e-05, 3.79282278118e-06, 6.45954924039e-06],
        "dmean2": [0.00888407044113, 0.131578028202, 0.501678586006, 2.02911448479, 2.90008831024, 4.57954502106, 4.83105516434, 10.1384029388, 20.9366874695, 18.751291275, 25.9521560669, 57.2009353638, 72.8815841675, 52.5066833496, 18.5111732483, 25.8320903778, 53.273601532, 53.0639533997, 49.6633377075, 15.4424467087, 14.7933940887, 24.4202041626, 9.30697727203, 5.57726144791, 4.47853946686, 1.93912994862, 1.72763180733, 0.667715728283, 0.385686337948, 0.246457844973, 0.106437832117, 0.0447072722018, 0.0205804090947, 0.00867216289043, 0.00338581879623, 0.00131460023113, 0.000419164047344, 3.34126925736e-05, 5.88388411416e-06, 9.65120398178e-06],
        "dvar": [0.000290937663522, 0.0502961277962, 0.401639640331, 11.0508384705, 15.504904747, 31.2988586426, 28.0435943604, 146.865615845, 1476.05187988, 2951.42382812, 2717.49633789, 10128.640625, 14226.0458984, 10058.3964844, 486.784454346, 1047.52111816, 9327.9609375, 9956.60253906, 9001.70410156, 621.21496582, 940.239196777, 5081.76806641, 532.393432617, 81.8023376465, 82.5718078613, 5.83047103882, 11.8504257202, 1.02022182941, 0.555250048637, 0.239086508751, 0.0392397791147, 0.00599591154605, 0.00166552967858, 0.000243195157964, 1.83025676961e-05, 6.57697853512e-07, 5.05529094141e-08, 4.87014817363e-10, 1.7747251585e-11, 7.73915861951e-11],
        "dvar2": [0.000633583520539, 0.123244918883, 1.03093791008, 31.1734962463, 42.4714508057, 81.096534729, 67.4666824341, 365.989013672, 3846.70019531, 5736.04296875, 6238.76220703, 23825.3476562, 31542.671875, 26198.8007812, 1258.31030273, 2761.55444336, 21764.9882812, 20639.6132812, 20446.8378906, 1633.83569336, 2055.67382812, 11275.2050781, 1327.35986328, 183.420349121, 184.330963135, 14.6768980026, 28.8486862183, 1.94264650345, 0.980320453644, 0.46789726615, 0.0679948329926, 0.0115180891007, 0.00346012273803, 0.000465999910375, 4.0463390178e-05, 1.84140606052e-06, 1.42467740716e-07, 1.37215971918e-09, 3.95309410206e-11, 1.69528002747e-10],
        "max": [0.356203973293, 5.52762746811, 11.5604915619, 48.2638053894, 72.8020324707, 122.707931519, 105.288490295, 355.703552246, 1538.55236816, 2418.32275391, 1482.45532227, 2511.44091797, 2539.77978516, 4530.76611328, 766.626281738, 932.611450195, 1837.92553711, 3224.51831055, 2173.12109375, 652.925048828, 1021.37060547, 2916.11572266, 1120.50549316, 277.490905762, 510.85345459, 74.601890564, 127.042045593, 29.0546417236, 27.6563282013, 20.8962631226, 8.97507858276, 3.20877504349, 2.01402783394, 0.587981462479, 0.141809597611, 0.0171698760241, 0.00460665300488, 0.00075821171049, 9.82027340797e-05, 0.000218414876144],
        "mean": [0.00816646311432, 0.12630662322, 0.443503528833, 1.41498410702, 2.38712072372, 4.63660573959, 5.81680679321, 11.0538110733, 22.1102714539, 20.6126689911, 32.2420578003, 75.783493042, 91.5643844604, 59.0123100281, 20.8085403442, 29.142906189, 67.4266815186, 71.7688369751, 63.7681770325, 18.3506603241, 19.0813770294, 31.904466629, 12.9975700378, 7.74146032333, 6.48010349274, 2.86407661438, 2.14676761627, 0.87970072031, 0.540444791317, 0.353827059269, 0.158347353339, 0.0662725791335, 0.0305525939912, 0.0145319420844, 0.00632932037115, 0.00293210498057, 0.000944110157434, 6.84796978021e-05, 1.41017253554e-05, 2.27135205932e-05],
        "median": [0.00199995632283, 0.0535903424025, 0.175595283508, 0.396750360727, 0.87817966938, 1.96033585072, 2.83762454987, 5.05158615112, 6.8679728508, 5.62415361404, 5.99863576889, 13.0030574799, 19.8375091553, 13.9766788483, 11.6265277863, 15.3035068512, 16.0236206055, 13.0261611938, 11.5653982162, 7.99711418152, 6.5450463295, 6.30237674713, 4.45703601837, 3.45759344101, 2.45436477661, 1.56905555725, 0.953484356403, 0.392752766609, 0.188444554806, 0.15400609374, 0.0646088719368, 0.0316381976008, 0.0147972144186, 0.00830659549683, 0.00488001666963, 0.00270508974791, 0.000882714288309, 6.2239530962e-05, 1.13073092507e-05, 1.59385781444e-05],
        "min": [2.24032660063e-22, 2.995491205e-21, 9.04166328319e-21, 2.28437509916e-20, 7.20813069844e-20, 4.39901241351e-20, 5.43260883934e-20, 1.97414498477e-19, 3.3601224195e-19, 5.56219198143e-19, 5.99739600012e-19, 8.32325262373e-19, 1.13340473648e-18, 1.73868567111e-18, 1.58078836931e-18, 1.44382049476e-18, 3.67555637236e-18, 3.79772681294e-18, 4.5699830464e-18, 4.91430276664e-18, 2.34026455891e-18, 5.4383216847e-18, 4.83022027097e-18, 8.02758518558e-18, 1.07474592644e-17, 1.03654250713e-17, 1.43506886184e-17, 1.13874786828e-17, 1.47403899486e-17, 1.58030688815e-17, 1.82990185511e-17, 1.50095396306e-17, 1.31737892777e-17, 1.34320549173e-17, 7.03506936655e-18, 5.23499200473e-18, 3.04236801822e-18, 8.20456823245e-19, 2.87445133615e-19, 3.29496669512e-20],
        "var": [0.00038610593765, 0.0615649148822, 0.569555521011, 10.5390672684, 17.9910240173, 58.009563446, 74.5263824463, 326.85345459, 2857.06689453, 6161.99121094, 7976.77539062, 35917.8164062, 39909.6601562, 26213.1054688, 1251.28613281, 2178.07299805, 30073.2285156, 31624.578125, 27875.2226562, 1335.04150391, 2594.56030273, 13879.0742188, 2185.63037109, 231.338699341, 286.734710693, 19.5077896118, 21.3924865723, 2.26493024826, 1.27559399605, 0.478447020054, 0.0918437540531, 0.012171051465, 0.0031400276348, 0.000583324115723, 4.0335336962e-05, 1.38094469548e-06, 1.15324745309e-07, 9.26047238892e-10, 9.72170052793e-11, 4.29285801351e-10]
    },
    "gfcc": {
        "mean": [-61.4848175049, 124.742591858, -160.30291748, 3.18813514709, -55.0247192383, -1.21653866768, -33.0377998352, 1.37833058834, -24.0800933838, -0.983868598938, -14.7548789978, -3.59466195107, -9.26308917999],
        "cov": [[4028.32836914, 873.982910156, -734.113830566, 354.161621094, 125.075698853, -64.2637405396, 208.607940674, -174.829177856, 121.013458252, -171.84312439, 78.9608459473, -192.375, 41.3526229858], [873.982910156, 589.172668457, 92.9478683472, 44.5702323914, 131.914718628, -17.617483139, 95.6245193481, -34.268245697, 16.5788822174, -23.457529068, 25.0269050598, -49.0154495239, -3.19942760468], [-734.113830566, 92.9478683472, 665.670471191, 192.845794678, -66.386100769, 73.3256912231, -42.2694664001, 31.352394104, -23.270450592, 32.1759681702, -45.9866485596, 66.1076507568, -50.0481071472], [354.161621094, 44.5702323914, 192.845794678, 572.594665527, 28.4997615814, 45.3505554199, 25.9875659943, -41.0252838135, 47.0496368408, -25.2439651489, -31.1906757355, 67.9672164917, -0.920118868351], [125.075698853, 131.914718628, -66.386100769, 28.4997615814, 237.699356079, 35.9240913391, 55.2397613525, 7.35360717773, 4.4104514122, 7.88634490967, 19.9637107849, -0.315003216267, 28.3327903748], [-64.2637405396, -17.617483139, 73.3256912231, 45.3505554199, 35.9240913391, 216.859970093, 88.157371521, -31.5361003876, -6.65259742737, 27.1862125397, -15.1349468231, -26.4183712006, -0.656442940235], [208.607940674, 95.6245193481, -42.2694664001, 25.9875659943, 55.2397613525, 88.157371521, 193.351287842, 13.1881322861, 25.3870735168, 19.6789112091, 6.65309524536, -57.693813324, -9.18652629852], [-174.829177856, -34.268245697, 31.352394104, -41.0252838135, 7.35360717773, -31.5361003876, 13.1881322861, 146.937164307, 41.2742767334, -1.61124444008, 6.61196088791, 26.6454620361, -8.30368041992], [121.013458252, 16.5788822174, -23.270450592, 47.0496368408, 4.4104514122, -6.65259742737, 25.3870735168, 41.2742767334, 103.436584473, 12.6512212753, 7.83169698715, 5.75893735886, -4.52131319046], [-171.84312439, -23.457529068, 32.1759681702, -25.2439651489, 7.88634490967, 27.1862125397, 19.6789112091, -1.61124444008, 12.6512212753, 103.099433899, 39.2699165344, 1.86355090141, -10.7029285431], [78.9608459473, 25.0269050598, -45.9866485596, -31.1906757355, 19.9637107849, -15.1349468231, 6.65309524536, 6.61196088791, 7.83169698715, 39.2699165344, 94.7640686035, 20.3174343109, 2.69656085968], [-192.375, -49.0154495239, 66.1076507568, 67.9672164917, -0.315003216267, -26.4183712006, -57.693813324, 26.6454620361, 5.75893735886, 1.86355090141, 20.3174343109, 135.595993042, 37.9939193726], [41.3526229858, -3.19942760468, -50.0481071472, -0.920118868351, 28.3327903748, -0.656442940235, -9.18652629852, -8.30368041992, -4.52131319046, -10.7029285431, 2.69656085968, 37.9939193726, 81.6461410522]],
        "icov": [[0.00175111927092, -0.00360423070379, 0.00334522989579, -0.00222168024629, 0.00230509461835, -0.0014968822943, 0.00133930891752, -0.000846768845804, 1.71683814187e-06, 0.000784142524935, -0.000974838680122, 0.00131264573429, -0.000225732335821], [-0.00360423070379, 0.0106498943642, -0.00859485194087, 0.00508327083662, -0.00677704717964, 0.00502862175927, -0.00488726841286, 0.00400509173051, -0.00153626454994, 0.000686205807142, 0.000148529215949, -0.00148218369577, -2.9093147532e-05], [0.00334522989579, -0.00859485194087, 0.00975997932255, -0.0053798831068, 0.00601258315146, -0.00492737069726, 0.00440726382658, -0.00406648311764, 0.00219838297926, -0.0011094736401, 0.000444011646323, 0.000752325518988, 0.00145876419265], [-0.00222168024629, 0.00508327083662, -0.0053798831068, 0.0056534348987, -0.00380440009758, 0.00230485899374, -0.00307617639191, 0.00350333517417, -0.00229400256649, 0.000710957392585, 0.00151671632193, -0.00349743640982, 0.00098286382854], [0.00230509461835, -0.00677704717964, 0.00601258315146, -0.00380440009758, 0.00935379695147, -0.0038193706423, 0.00216724234633, -0.00342047796585, 0.00168032501824, -0.000699065800291, -0.00102561537642, 0.00123982038349, -0.00171264342498], [-0.0014968822943, 0.00502862175927, -0.00492737069726, 0.00230485899374, -0.0038193706423, 0.0094198230654, -0.00576227577403, 0.00394251337275, -0.000620562699623, -0.000740081188269, 0.00118358957116, -0.000349566427758, -0.000893294462003], [0.00133930891752, -0.00488726841286, 0.00440726382658, -0.00307617639191, 0.00216724234633, -0.00576227577403, 0.0112977391109, -0.00455901073292, 0.00020035453781, -0.00173472706228, -0.000771378399804, 0.00435854448006, -0.000412888621213], [-0.000846768845804, 0.00400509173051, -0.00406648311764, 0.00350333517417, -0.00342047796585, 0.00394251337275, -0.00455901073292, 0.0123518211767, -0.00564054213464, 0.00303189200349, -0.000484729127493, -0.00335572496988, 0.00175720918924], [1.71683814187e-06, -0.00153626454994, 0.00219838297926, -0.00229400256649, 0.00168032501824, -0.000620562699623, 0.00020035453781, -0.00564054213464, 0.0139513155445, -0.00375663931482, 0.00108293979429, -0.000234399078181, 0.000474883330753], [0.000784142524935, 0.000686205807142, -0.0011094736401, 0.000710957392585, -0.000699065800291, -0.000740081188269, -0.00173472706228, 0.00303189200349, -0.00375663931482, 0.0157704129815, -0.00763950962573, 0.000868505216204, 0.00101491378155], [-0.000974838680122, 0.000148529215949, 0.000444011646323, 0.00151671632193, -0.00102561537642, 0.00118358957116, -0.000771378399804, -0.000484729127493, 0.00108293979429, -0.00763950962573, 0.0166917908937, -0.00531260063872, 0.00199759961106], [0.00131264573429, -0.00148218369577, 0.000752325518988, -0.00349743640982, 0.00123982038349, -0.000349566427758, 0.00435854448006, -0.00335572496988, -0.000234399078181, 0.000868505216204, -0.00531260063872, 0.0154286604375, -0.00748847238719], [-0.000225732335821, -2.9093147532e-05, 0.00145876419265, 0.00098286382854, -0.00171264342498, -0.000893294462003, -0.000412888621213, 0.00175720918924, 0.000474883330753, 0.00101491378155, 0.00199759961106, -0.00748847238719, 0.0175639595836]]
    },
    "melbands": {
        "dmean": [6.9027832069e-05, 0.000142042044899, 0.000210350990528, 0.000150199790369, 0.000112691879622, 0.000139018389746, 0.000195845976123, 0.000129848354845, 0.000161029936862, 0.000251924240729, 0.000242597350734, 0.000145896774484, 4.4726752094e-05, 3.98424599553e-05, 6.6020176746e-05, 8.10644341982e-05, 6.92828762112e-05, 6.41954975436e-05, 2.21526806854e-05, 8.46739476401e-06, 1.2954939848e-05, 1.84825603355e-05, 1.08316535261e-05, 3.34717969963e-06, 3.21605966747e-06, 3.09362803819e-06, 1.57593319727e-06, 8.21057710709e-07, 8.82402048319e-07, 4.45619093625e-07, 2.53407165474e-07, 1.89749613355e-07, 1.23025358789e-07, 9.36655624173e-08, 5.19706233604e-08, 2.92358031118e-08, 1.835477903e-08, 1.16938734251e-08, 7.68028041165e-09, 5.05194996947e-09],
        "dmean2": [0.000107275365735, 0.000229777520872, 0.000362088496331, 0.000244660361204, 0.000177527952474, 0.000222100134124, 0.000312391464831, 0.000200349226361, 0.000246762036113, 0.000387588574085, 0.000372380105546, 0.000235183164477, 7.24198689568e-05, 6.60273653921e-05, 0.000105986262497, 0.000122637793538, 0.000105316212284, 0.000100209595985, 3.60526646546e-05, 1.37936231113e-05, 2.01356451726e-05, 2.85407531919e-05, 1.74692868313e-05, 5.43067335457e-06, 5.05540492668e-06, 4.77600906379e-06, 2.540205287e-06, 1.3144682498e-06, 1.36855578603e-06, 6.69014184496e-07, 3.81671924288e-07, 2.69358480409e-07, 1.73918650148e-07, 1.35216936314e-07, 7.49819548673e-08, 4.23007762151e-08, 2.78167107126e-08, 1.77698424864e-08, 1.15885718799e-08, 7.69048646987e-09],
        "dvar": [3.88309615573e-08, 8.74353460745e-08, 3.35616789471e-07, 7.78094673137e-08, 3.66855346101e-08, 6.71666029461e-08, 3.97528054918e-07, 2.83255303657e-07, 2.29620781056e-07, 4.25197953291e-07, 3.65329157148e-07, 1.94927238795e-07, 1.33336044428e-08, 8.10137290586e-09, 2.15122497593e-08, 5.51388872339e-08, 4.15891285854e-08, 3.97114447992e-08, 5.48211032125e-09, 3.53277185283e-10, 2.37909447698e-09, 6.63858346073e-09, 3.32887784005e-09, 7.90888673996e-11, 7.4701481112e-11, 1.20127269243e-10, 1.67528785983e-11, 2.64567642967e-12, 8.58875210535e-12, 1.03266299591e-12, 3.64408264848e-13, 2.73239222047e-13, 9.66027252766e-14, 6.48220626481e-14, 1.66046189521e-14, 4.22413763785e-15, 2.26456778371e-15, 1.13703161741e-15, 4.14098261347e-16, 1.71135661629e-16],
        "dvar2": [8.51767083532e-08, 2.22943995709e-07, 9.33706132855e-07, 2.06452483553e-07, 8.87452884513e-08, 1.67733077205e-07, 9.97010943138e-07, 5.7098321804e-07, 5.17818193657e-07, 9.93296566776e-07, 8.09625703369e-07, 5.00743055909e-07, 3.25305506976e-08, 2.32389734123e-08, 5.22677225945e-08, 1.21913046769e-07, 8.52475920965e-08, 9.00024161865e-08, 1.32079565063e-08, 8.97758756224e-10, 5.14451947708e-09, 1.47408067974e-08, 8.98977692287e-09, 1.63111940621e-10, 1.71088754275e-10, 2.677460198e-10, 4.62490774844e-11, 6.40990862819e-12, 2.11471673506e-11, 2.24415841812e-12, 7.38355990931e-13, 5.1436708625e-13, 1.81664159085e-13, 1.34574859936e-13, 3.11145186493e-14, 7.47695210189e-15, 5.10875386049e-15, 2.48887862529e-15, 7.7971150976e-16, 3.74717793805e-16],
        "max": [0.00415681814775, 0.00675045466051, 0.00853218976408, 0.00492970319465, 0.00365186668932, 0.00710744271055, 0.0290869902819, 0.0215972196311, 0.016028733924, 0.0145321413875, 0.0123483939096, 0.0195593032986, 0.00517959380522, 0.00289139663801, 0.00450326548889, 0.00573763297871, 0.00570743856952, 0.00482413871214, 0.00280022760853, 0.000474430329632, 0.00170963001437, 0.00327930646017, 0.0025166075211, 0.000598038604949, 0.000273698737146, 0.000595544930547, 0.000169335195096, 6.65237676003e-05, 0.000102015292214, 3.36533230438e-05, 2.04265925277e-05, 1.9427650841e-05, 1.18205161925e-05, 9.87205021374e-06, 5.50549293621e-06, 2.54066299021e-06, 2.02136152438e-06, 1.64778805356e-06, 6.99409781646e-07, 4.79202299175e-07],
        "mean": [0.000106101375422, 0.000217872671783, 0.000270463409834, 0.000245328410529, 0.00021411110356, 0.000249657809036, 0.000335974327754, 0.000215643842239, 0.000309580849716, 0.000502802315168, 0.000457394577097, 0.000257242878433, 7.50811377657e-05, 6.49172143312e-05, 0.00011618724966, 0.000148726074258, 0.000133244117023, 0.000124596612295, 3.52550887328e-05, 1.52497404997e-05, 2.3559672627e-05, 3.45097469108e-05, 2.13408329728e-05, 6.70761573929e-06, 6.05938885201e-06, 6.19487991571e-06, 3.08002540805e-06, 1.62720164099e-06, 1.57204067364e-06, 7.4824413332e-07, 4.33449685033e-07, 3.33305507638e-07, 2.2211916928e-07, 1.79365272857e-07, 9.57509271871e-08, 5.43808695852e-08, 3.38846462e-08, 2.23977725256e-08, 1.54783670325e-08, 1.10227160732e-08],
        "median": [3.54986113962e-05, 9.92997447611e-05, 8.6629697762e-05, 0.000106315528683, 0.000104972859845, 0.000115864429972, 0.000103144178865, 5.17389526067e-05, 4.68648431706e-05, 8.05961390142e-05, 8.91226809472e-05, 5.12602200615e-05, 3.18594975397e-05, 3.11396615871e-05, 3.42719358741e-05, 2.43872837018e-05, 1.93694068003e-05, 1.55878515216e-05, 1.00701818155e-05, 7.15224450687e-06, 6.2772610363e-06, 6.49568119115e-06, 4.1940529627e-06, 3.3271007851e-06, 2.52565041592e-06, 1.95481743503e-06, 1.30745081606e-06, 8.28702354738e-07, 6.29446390121e-07, 3.35188218514e-07, 1.6447970097e-07, 1.07340426325e-07, 8.37622593508e-08, 7.9165140221e-08, 3.6601161213e-08, 2.30661090228e-08, 1.61070641269e-08, 1.0293309316e-08, 7.89482967889e-09, 6.40785513539e-09],
        "min": [4.20168222935e-24, 5.02203603963e-24, 5.58139403612e-24, 8.54210379268e-24, 1.77800846668e-24, 4.71032672483e-24, 6.10330756646e-24, 5.15684408529e-24, 5.36063091737e-24, 4.70132227203e-24, 5.53888074422e-24, 6.27933951088e-24, 4.85879705251e-24, 3.84234188752e-24, 5.43989092796e-24, 7.34190872337e-24, 6.35686757735e-24, 5.84981381988e-24, 7.2563607025e-24, 2.498687335e-24, 2.80040414871e-24, 4.80601476377e-24, 5.25758635605e-24, 3.74590403629e-24, 6.14170339887e-24, 5.71306083766e-24, 7.02608194908e-24, 5.93718687046e-24, 8.84935328235e-24, 6.78921226279e-24, 7.26420355762e-24, 6.54807838888e-24, 9.69678237662e-24, 8.48369574239e-24, 8.99043868866e-24, 9.31348906227e-24, 7.4934157711e-24, 8.52900791279e-24, 9.5274454947e-24, 1.07232686969e-23],
        "var": [5.34491420012e-08, 1.22065884511e-07, 3.29442457314e-07, 1.39830973467e-07, 9.39121918009e-08, 1.57516566901e-07, 7.78066521434e-07, 5.94012703914e-07, 8.00417922164e-07, 1.46501338349e-06, 1.03231593584e-06, 5.06831213443e-07, 3.99862365441e-08, 1.42938301195e-08, 5.67818432273e-08, 1.63969119171e-07, 1.29054981812e-07, 1.30668524889e-07, 1.10032338796e-08, 7.58284601776e-10, 6.27351592897e-09, 1.67403477747e-08, 1.19422391975e-08, 3.19483328681e-10, 1.66628252862e-10, 3.76897735244e-10, 4.19971418752e-11, 7.04915206068e-12, 1.71030203888e-11, 1.72553215206e-12, 7.23496187006e-13, 5.61621875308e-13, 2.03179676859e-13, 1.21181425897e-13, 3.598881379e-14, 9.60235512523e-15, 3.5252374123e-15, 1.89118316683e-15, 8.93958043137e-16, 3.42166661749e-16]
    },
    "mfcc": {
        "mean": [-695.922424316, 160.701568604, -45.1218643188, 9.79605484009, -12.1356210709, -2.35805463791, -4.23627281189, -0.849932551384, -6.17555379868, 0.166235104203, -2.66518568993, -3.83707618713, -4.97679710388],
        "cov": [[3533.31713867, 339.093353271, -538.289855957, 389.717285156, -75.5772247314, 211.497238159, 30.3041057587, 109.014442444, -18.2982978821, 84.078742981, 2.27801275253, -32.2592735291, -66.0630874634], [339.093353271, 649.180908203, -54.6134643555, -38.5127029419, 32.0739860535, -35.494884491, 82.9607009888, -4.59244346619, -15.226319313, 42.0934104919, 44.4054031372, -7.36858224869, -39.4112739563], [-538.289855957, -54.6134643555, 646.143920898, 135.233917236, 25.7671394348, 87.68409729, -30.6899280548, 21.3856048584, 36.8208732605, -65.678855896, 19.5390815735, 65.4113388062, 7.54876995087], [389.717285156, -38.5127029419, 135.233917236, 404.15020752, 78.8616638184, 86.559463501, -20.9194030762, 57.0687446594, 38.1506614685, -53.0227661133, -15.0310935974, 53.3791618347, 52.2435455322], [-75.5772247314, 32.0739860535, 25.7671394348, 78.8616638184, 169.201370239, 16.3902626038, -5.51805973053, 25.805065155, 8.71298313141, -24.9695796967, -31.0598869324, -1.73157227039, 36.6058883667], [211.497238159, -35.494884491, 87.68409729, 86.559463501, 16.3902626038, 272.405578613, 77.1017837524, 5.7793097496, 32.0378417969, 20.8119888306, 6.65330648422, -4.9270825386, -15.4545669556], [30.3041057587, 82.9607009888, -30.6899280548, -20.9194030762, -5.51805973053, 77.1017837524, 159.975860596, 11.4623804092, 4.69695615768, 58.0838851929, 24.0953369141, -17.6046028137, -12.6547231674], [109.014442444, -4.59244346619, 21.3856048584, 57.0687446594, 25.805065155, 5.7793097496, 11.4623804092, 116.766395569, 54.1947898865, -9.25642776489, 0.096835039556, 24.6721630096, 17.5302734375], [-18.2982978821, -15.226319313, 36.8208732605, 38.1506614685, 8.71298313141, 32.0378417969, 4.69695615768, 54.1947898865, 104.77381897, 14.0914363861, 4.79178285599, 17.3187637329, -0.360792398453], [84.078742981, 42.0934104919, -65.678855896, -53.0227661133, -24.9695796967, 20.8119888306, 58.0838851929, -9.25642776489, 14.0914363861, 121.634559631, 49.9128723145, -21.5135993958, -28.1523265839], [2.27801275253, 44.4054031372, 19.5390815735, -15.0310935974, -31.0598869324, 6.65330648422, 24.0953369141, 0.096835039556, 4.79178285599, 49.9128723145, 107.838493347, 42.5482254028, -13.3475561142], [-32.2592735291, -7.36858224869, 65.4113388062, 53.3791618347, -1.73157227039, -4.9270825386, -17.6046028137, 24.6721630096, 17.3187637329, -21.5135993958, 42.5482254028, 122.70728302, 44.5993995667], [-66.0630874634, -39.4112739563, 7.54876995087, 52.2435455322, 36.6058883667, -15.4545669556, -12.6547231674, 17.5302734375, -0.360792398453, -28.1523265839, -13.3475561142, 44.5993995667, 118.701087952]],
