{
"lowlevel": {
    "average_loudness": 0.943184018135,
    "barkbands_crest": {
        "dmean": 2.38375473022,
        "dmean2": 3.92624378204,
        "dvar": 4.72543811798,
        "dvar2": 11.9341192245,
        "max": 23.4813365936,
        "mean": 8.08233833313,
        "median": 7.23536682129,
        "min": 2.59690642357,
        "var": 11.8474111557
    },
    "barkbands_flatness_db": {
        "dmean": 0.0189913697541,
        "dmean2": 0.0297158341855,
        "dvar": 0.000253037753282,
        "dvar2": 0.000584230641834,
        "max": 0.309300035238,
        "mean": 0.168649598956,
        "median": 0.167086243629,
        "min": 0.023982938379,
        "var": 0.00143990118522
    },
    "barkbands_kurtosis": {
        "dmean": 0.877258062363,
        "dmean2": 1.40803217888,
        "dvar": 1.40138423443,
        "dvar2": 3.50199270248,
        "max": 26.3967247009,
        "mean": 0.272107213736,
        "median": -0.234120607376,
        "min": -1.85696196556,
        "var": 3.29930830002
    },
    "barkbands_skewness": {
        "dmean": 0.376555383205,
        "dmean2": 0.586455464363,
        "dvar": 0.110385939479,
        "dvar2": 0.264266610146,
        "max": 4.29233026505,
        "mean": 0.389470696449,
        "median": 0.382550150156,
        "min": -2.21111726761,
        "var": 0.603844940662
    },
    "barkbands_spread": {
        "dmean": 4.00296020508,
        "dmean2": 6.07114839554,
        "dvar": 15.6133728027,
        "dvar2": 34.8470993042,
        "max": 104.704521179,
        "mean": 19.9745140076,
        "median": 18.3242721558,
        "min": 1.94981384277,
        "var": 130.25982666
    },
    "dissonance": {
        "dmean": 0.0164327863604,
        "dmean2": 0.0281095784158,
        "dvar": 0.000271344819339,
        "dvar2": 0.000745967321564,
        "max": 0.500000119209,
        "mean": 0.473652660847,
        "median": 0.47882989049,
        "min": 0.329498797655,
        "var": 0.000439735886175
    },
    "dynamic_complexity": 2.93100810051,
    "erbbands_crest": {
        "dmean": 2.86227440834,
        "dmean2": 4.66865968704,
        "dvar": 7.33971738815,
        "dvar2": 17.8140869141,
        "max": 30.3732509613,
        "mean": 9.60193061829,
        "median": 8.51693916321,
        "min": 2.20133304596,
        "var": 21.7345695496
    },
    "erbbands_flatness_db": {
        "dmean": 0.0180468000472,
        "dmean2": 0.0262693185359,
        "dvar": 0.000267870986136,
        "dvar2": 0.000515748513862,
        "max": 0.400154799223,
        "mean": 0.238884165883,
        "median": 0.240408748388,
        "min": 0.0603961609304,
        "var": 0.00233809836209
    },
    "erbbands_kurtosis": {
        "dmean": 0.834028601646,
        "dmean2": 1.33826339245,
        "dvar": 1.23701131344,
        "dvar2": 2.99291872978,
        "max": 16.8172168732,
        "mean": 0.444660961628,
        "median": -0.152351140976,
        "min": -1.73726248741,
        "var": 3.3580520153
    },
    "erbbands_skewness": {
        "dmean": 0.335179686546,
        "dmean2": 0.519647359848,
        "dvar": 0.0860225334764,
        "dvar2": 0.198517814279,
        "max": 3.30593419075,
        "mean": -0.0320706367493,
        "median": -0.0147244818509,
        "min": -2.92040348053,
        "var": 0.486756265163
    },
    "erbbands_spread": {
        "dmean": 5.28479003906,
        "dmean2": 8.09496593475,
        "dvar": 31.0299758911,
        "dvar2": 67.8787765503,
        "max": 89.0534515381,
        "mean": 25.7927188873,
        "median": 23.2757968903,
        "min": 2.59732294083,
        "var": 179.14213562
    },
    "hfc": {
        "dmean": 6.48259449005,
        "dmean2": 9.22852325439,
        "dvar": 52.1985473633,
        "dvar2": 100.089775085,
        "max": 120.509262085,
        "mean": 25.4054012299,
        "median": 22.6379966736,
        "min": 1.19422566428e-16,
        "var": 312.741851807
    },
    "melbands_crest": {
        "dmean": 3.16152691841,
        "dmean2": 5.18681335449,
        "dvar": 7.81873035431,
        "dvar2": 20.6422386169,
        "max": 31.0925521851,
        "mean": 10.3566789627,
        "median": 9.34540748596,
        "min": 1.02658390999,
        "var": 18.5756950378
    },
    "melbands_flatness_db": {
        "dmean": 0.0199652463198,
        "dmean2": 0.0298917386681,
        "dvar": 0.000290061201667,
        "dvar2": 0.000648005865514,
        "max": 0.316705167294,
        "mean": 0.161207094789,
        "median": 0.159951925278,
        "min": 1.11965473479e-05,
        "var": 0.00151406682562
    },
    "melbands_kurtosis": {
        "dmean": 1.7005944252,
        "dmean2": 2.72856402397,
        "dvar": 6.23229408264,
        "dvar2": 15.7003660202,
        "max": 58.2616271973,
        "mean": 2.10503387451,
        "median": 0.997473359108,
        "min": -1.75929498672,
        "var": 14.4287996292
    },
    "melbands_skewness": {
        "dmean": 0.446086555719,
        "dmean2": 0.695508718491,
        "dvar": 0.178438737988,
        "dvar2": 0.42522624135,
        "max": 6.64717578888,
        "mean": 1.01535511017,
        "median": 0.943958044052,
        "min": -1.59827780724,
        "var": 0.869998157024
    },
    "melbands_spread": {
        "dmean": 6.99044656754,
        "dmean2": 10.870885849,
        "dvar": 49.2766952515,
        "dvar2": 112.185462952,
        "max": 152.463668823,
        "mean": 32.5047187805,
        "median": 30.1251068115,
        "min": 3.49917292595,
        "var": 259.445098877
    },
    "pitch_salience": {
        "dmean": 0.0659527331591,
        "dmean2": 0.107109166682,
        "dvar": 0.00307932123542,
        "dvar2": 0.0079047344625,
        "max": 0.997591793537,
        "mean": 0.607826173306,
        "median": 0.612082004547,
        "min": 0.215514928102,
        "var": 0.00807295832783
    },
    "silence_rate_20dB": {
        "dmean": 0,
        "dmean2": 0,
        "dvar": 0,
        "dvar2": 0,
        "max": 1,
        "mean": 1,
        "median": 1,
        "min": 1,
        "var": 0
    },
    "silence_rate_30dB": {
        "dmean": 0,
        "dmean2": 0,
        "dvar": 0,
        "dvar2": 0,
        "max": 1,
        "mean": 1,
        "median": 1,
        "min": 1,
        "var": 0
    },
    "silence_rate_60dB": {
        "dmean": 0.0181134175509,
        "dmean2": 0.0362318828702,
        "dvar": 0.0177853070199,
        "dvar2": 0.0404929183424,
        "max": 1,
        "mean": 0.0476455837488,
        "median": 0,
        "min": 0,
        "var": 0.0453737601638
    },
    "spectral_centroid": {
        "dmean": 215.475219727,
        "dmean2": 334.635528564,
        "dvar": 46255.3632812,
        "dvar2": 104219.617188,
        "max": 11291.6103516,
        "mean": 1755.62780762,
        "median": 1748.41308594,
        "min": 458.137084961,
        "var": 242893.078125
    },
    "spectral_complexity": {
        "dmean": 3.69653058052,
        "dmean2": 5.48815488815,
        "dvar": 11.2161245346,
        "dvar2": 22.2032985687,
        "max": 53,
        "mean": 23.8612422943,
        "median": 24,
        "min": 0,
        "var": 81.1367263794
    },
    "spectral_decrease": {
        "dmean": 1.2935368332e-09,
        "dmean2": 1.93796290127e-09,
        "dvar": 1.90398758357e-18,
        "dvar2": 4.09415401648e-18,
        "max": 3.66303148552e-29,
        "mean": -4.74771422176e-09,
        "median": -4.39098091221e-09,
        "min": -2.05685708465e-08,
        "var": 8.55251069358e-18
    },
    "spectral_energy": {
        "dmean": 0.00539050996304,
        "dmean2": 0.00802247971296,
        "dvar": 3.27024208673e-05,
        "dvar2": 6.91133536748e-05,
        "max": 0.0824829414487,
        "mean": 0.0202233344316,
        "median": 0.0187840405852,
        "min": 1.06937376447e-20,
        "var": 0.000154870460392
    },
    "spectral_energyband_high": {
        "dmean": 0.000183301526704,
        "dmean2": 0.000256034720223,
        "dvar": 1.05177207388e-07,
        "dvar2": 1.87716992173e-07,
        "max": 0.0108477426693,
        "mean": 0.000456831185147,
        "median": 0.000264786736807,
        "min": 7.75951394669e-21,
        "var": 3.03905721921e-07
    },
    "spectral_energyband_low": {
        "dmean": 0.000496777880471,
        "dmean2": 0.000828267249744,
        "dvar": 1.41364409956e-06,
        "dvar2": 3.630055744e-06,
        "max": 0.0144895501435,
        "mean": 0.000610781367868,
        "median": 0.000274020509096,
        "min": 6.70643724578e-23,
        "var": 1.38656014315e-06
    },
    "spectral_energyband_middle_high": {
        "dmean": 0.00337480078451,
        "dmean2": 0.00495324796066,
        "dvar": 1.77600304596e-05,
        "dvar2": 3.60720332537e-05,
        "max": 0.0766369402409,
        "mean": 0.0112723615021,
        "median": 0.00853406172246,
        "min": 1.43785164751e-21,
        "var": 9.22612889553e-05
    },
    "spectral_energyband_middle_low": {
        "dmean": 0.0034356911201,
        "dmean2": 0.00538979610428,
        "dvar": 1.89080456039e-05,
        "dvar2": 4.58057365904e-05,
        "max": 0.0630104243755,
        "mean": 0.00857170857489,
        "median": 0.00660269148648,
        "min": 2.3474115024e-22,
        "var": 5.11427933816e-05
    },
    "spectral_entropy": {
        "dmean": 0.112057343125,
        "dmean2": 0.16463971138,
        "dvar": 0.0108431717381,
        "dvar2": 0.0211032181978,
        "max": 9.81210517883,
        "mean": 7.56570291519,
        "median": 7.56473731995,
        "min": 6.41635894775,
        "var": 0.0870026797056
    },
    "spectral_flux": {
        "dmean": 0.0197222791612,
        "dmean2": 0.0312486439943,
        "dvar": 0.000382523663575,
        "dvar2": 0.000931992486585,
        "max": 0.24438777566,
        "mean": 0.0840469747782,
        "median": 0.0805037692189,
        "min": 6.86039003384e-11,
        "var": 0.00133726524655
    },
    "spectral_kurtosis": {
        "dmean": 2.50751948357,
        "dmean2": 4.42444658279,
        "dvar": 5.94963359833,
        "dvar2": 18.3990077972,
        "max": 25.8336658478,
        "mean": 4.17658996582,
        "median": 3.49936437607,
        "min": -1.21963512897,
        "var": 10.9707345963
    },
    "spectral_rms": {
        "dmean": 0.000592190597672,
        "dmean2": 0.000858239887748,
        "dvar": 3.25324947426e-07,
        "dvar2": 6.1691054043e-07,
        "max": 0.00897057168186,
        "mean": 0.00418327748775,
        "median": 0.00428087543696,
        "min": 3.23000242004e-12,
        "var": 2.23031156565e-06
    },
    "spectral_rolloff": {
        "dmean": 349.184783936,
        "dmean2": 573.17578125,
        "dvar": 211061.65625,
        "dvar2": 441383.8125,
        "max": 18970.7519531,
        "mean": 2197.42529297,
        "median": 2067.1875,
        "min": 301.46484375,
        "var": 1839221.375
    },
    "spectral_skewness": {
        "dmean": 0.276613920927,
        "dmean2": 0.473320901394,
        "dvar": 0.0598296187818,
        "dvar2": 0.173124909401,
        "max": 3.22409296036,
        "mean": 1.16691625118,
        "median": 1.12315416336,
        "min": -0.146318569779,
        "var": 0.176182225347
    },
    "spectral_spread": {
        "dmean": 265559.5,
        "dmean2": 402440.84375,
        "dvar": 198327336960,
        "dvar2": 324049371136,
        "max": 40843908,
        "mean": 2985586.5,
        "median": 2759229.5,
        "min": 1503261.375,
        "var": 1.83232901939e+12
    },
    "spectral_strongpeak": {
        "dmean": 1.03319048882,
        "dmean2": 1.68071556091,
        "dvar": 1.55819749832,
        "dvar2": 3.80302119255,
        "max": 15.2634763718,
        "mean": 2.07274961472,
        "median": 1.37599778175,
        "min": 0,
        "var": 4.22323846817
    },
    "zerocrossingrate": {
        "dmean": 0.00660992786288,
        "dmean2": 0.00803418643773,
        "dvar": 7.68816753407e-05,
        "dvar2": 0.000109952154162,
        "max": 0.5107421875,
        "mean": 0.0746770352125,
        "median": 0.0703125,
        "min": 0.021484375,
        "var": 0.00113731145393
    },
    "barkbands": {
        "dmean": [3.87507907362e-06, 0.000140992895467, 0.000254582904745, 0.000645601423457, 0.000980428885669, 0.0005777485203, 0.000526366347913, 0.000953287235461, 0.00124410155695, 0.00128544529434, 0.000516399217304, 0.000628968293313, 0.000741574447602, 0.00112771464046, 0.000714509282261, 0.000518699700478, 0.000638827274088, 0.000308873713948, 0.000245136965532, 0.000101307101431, 8.48714698805e-05, 5.99795494054e-05, 2.32790989685e-05, 6.19630918663e-06, 1.55043835548e-06, 5.15626936703e-08, 1.22133780867e-09],
        "dmean2": [6.80048287904e-06, 0.000228194141528, 0.000441176380264, 0.00106039189268, 0.00162144994829, 0.000930495560169, 0.000851700257044, 0.00151121697854, 0.00198249472305, 0.00204886961728, 0.000824904942419, 0.000996535411105, 0.0011768725235, 0.00179541239049, 0.00113768584561, 0.000820257235318, 0.00101228419226, 0.000488210644107, 0.000386971165426, 0.000159257979249, 0.000132365472382, 8.64946123329e-05, 3.43846586475e-05, 9.52522896114e-06, 2.42224859903e-06, 8.85949020812e-08, 2.22249041393e-09],
        "dvar": [4.27153139249e-11, 1.89546298657e-07, 6.10907818555e-07, 1.67966265963e-06, 2.64336563305e-06, 8.89284933692e-07, 1.11891858978e-06, 3.96337145503e-06, 7.67697747506e-06, 7.47175545257e-06, 1.26237512177e-06, 2.18686818698e-06, 3.59591990673e-06, 5.27154270458e-06, 2.42264400185e-06, 1.36499784276e-06, 1.5259859083e-06, 2.51436944154e-07, 1.94738333903e-07, 2.68186930441e-08, 1.81049095715e-08, 1.32866295743e-08, 4.3268792993e-09, 3.5866692949e-10, 1.4242636584e-11, 1.09991016132e-13, 1.86204907156e-17],
        "dvar2": [1.15837665848e-10, 4.10363753645e-07, 1.68337010109e-06, 4.32351453128e-06, 6.51449590805e-06, 2.30701380133e-06, 2.65504036179e-06, 9.51457332121e-06, 1.82726471394e-05, 1.78330719791e-05, 2.75938646155e-06, 5.2286236496e-06, 8.16444480733e-06, 1.25623610074e-05, 5.59212503504e-06, 3.29644808517e-06, 3.57480166713e-06, 5.90541617385e-07, 4.4892018991e-07, 6.3164371511e-08, 4.06903950534e-08, 2.39391795276e-08, 9.33252852775e-09, 7.56242291011e-10, 2.51232767229e-11, 2.61232712979e-13, 5.52214891244e-17],
        "max": [0.000117210234748, 0.00640389556065, 0.00917731039226, 0.0224630832672, 0.0501124300063, 0.0258116833866, 0.0347416885197, 0.0403887629509, 0.0487991012633, 0.0450743921101, 0.0255877189338, 0.0323705375195, 0.060837648809, 0.0356882512569, 0.0261635184288, 0.0362035594881, 0.0272044725716, 0.00813269708306, 0.0190646331757, 0.00710187014192, 0.00312997517176, 0.00387696619146, 0.00315641635098, 0.000832308491226, 0.000142641511047, 1.46702905113e-05, 1.22494540733e-07],
        "mean": [3.72829981643e-06, 0.000159450893989, 0.000254539016169, 0.000774833199102, 0.00160976778716, 0.00104047649074, 0.0008384186076, 0.00159160979092, 0.00180027296301, 0.00210756924935, 0.000834071426652, 0.00104737828951, 0.00118737062439, 0.0019377610879, 0.00122582423501, 0.000923680723645, 0.00121769227553, 0.000601975363679, 0.00050684181042, 0.000205854812521, 0.000170489423908, 0.000122912621009, 4.75592169096e-05, 1.09169423013e-05, 2.29005718211e-06, 5.25253263106e-08, 1.41868350401e-09],
        "median": [1.64859466167e-06, 4.47022612207e-05, 9.9256845715e-05, 0.00022235045617, 0.000930849695578, 0.000649117981084, 0.000439881812781, 0.000661256606691, 0.000654635659885, 0.000696445989888, 0.000321153638652, 0.000421655917307, 0.000405696278904, 0.000624863430858, 0.00038309203228, 0.000316452613333, 0.00052964896895, 0.000336351396982, 0.000315159122692, 0.000136967079015, 9.53323033173e-05, 5.1819228247e-05, 2.25801559282e-05, 5.1119377531e-06, 1.22471942632e-06, 7.5630202101e-10, 2.74248623811e-10],
        "min": [8.40393046639e-25, 1.56493185081e-23, 1.49017970698e-23, 4.25135680055e-24, 1.1629255725e-23, 1.37176916075e-23, 1.52603012191e-23, 9.69168949061e-24, 6.00972665388e-23, 7.46176966926e-23, 2.2039252768e-23, 1.29431602029e-22, 7.13938051887e-23, 9.24404248134e-23, 4.41904007223e-23, 8.79706884373e-23, 8.92783232064e-23, 1.6393351288e-22, 1.92478148124e-22, 2.81986244424e-22, 3.39786499468e-22, 4.48206128643e-22, 4.31942921734e-22, 7.18154481871e-22, 1.11722868726e-21, 1.52494461775e-21, 2.36126682815e-21],
        "var": [4.01107411174e-11, 2.09713888921e-07, 4.39422137788e-07, 1.9706119474e-06, 4.600664397e-06, 1.92762990991e-06, 2.18988407141e-06, 8.90777118912e-06, 1.23451727632e-05, 1.61896896316e-05, 2.56090174844e-06, 5.14117527928e-06, 7.28812756279e-06, 1.1499179891e-05, 5.76215052206e-06, 3.47383320332e-06, 4.17052569901e-06, 6.31833074749e-07, 4.176872892e-07, 5.21948209098e-08, 4.13389287246e-08, 3.55214844205e-08, 7.85107978629e-09, 6.36774688534e-10, 3.28060079102e-11, 1.0847404111e-13, 5.12035420169e-17]
    },
    "erbbands": {
        "dmean": [0.0023196709808, 0.0405780188739, 0.249937325716, 1.04829037189, 3.89509630203, 2.79479432106, 3.3959980011, 5.61111545563, 7.19731616974, 10.3607616425, 22.4803161621, 26.6709918976, 42.7450370789, 25.6176052094, 19.9912605286, 25.3771705627, 30.1612434387, 53.1689414978, 42.8026046753, 27.6400699615, 27.0848197937, 32.3014678955, 18.8313121796, 12.2195730209, 10.0300636292, 4.40344762802, 4.16117334366, 2.76223182678, 2.30403923988, 1.37408030033, 0.640780448914, 0.208174154162, 0.0649072751403, 0.0235674716532, 0.00900207553059, 0.000844965630677, 2.69696101896e-05, 2.9491557143e-06, 3.33341199621e-06, 6.61016974846e-06],
        "dmean2": [0.00358764501289, 0.0657793655992, 0.429842323065, 1.75222980976, 6.43084049225, 4.65310192108, 5.33507204056, 9.12241172791, 11.7446689606, 16.3742256165, 35.3292236328, 42.2823181152, 68.3643722534, 39.7919235229, 31.2841892242, 39.8204841614, 47.1269111633, 84.0223464966, 66.9855880737, 43.5509147644, 42.3238868713, 50.6847305298, 29.4025440216, 19.3059272766, 15.9412889481, 6.8886089325, 6.45651531219, 4.20091199875, 3.33172035217, 2.0293571949, 0.918803155422, 0.31265977025, 0.0979862511158, 0.0365656539798, 0.0144360614941, 0.00136173609644, 4.21544682467e-05, 4.25054258812e-06, 4.81725101054e-06, 9.73768965196e-06],
        "dvar": [4.42223390564e-05, 0.0160254053771, 0.617760539055, 4.0550699234, 58.430267334, 20.9348125458, 45.6972389221, 96.8445281982, 211.063995361, 433.260894775, 2506.43994141, 3855.53613281, 9500.99804688, 2648.26586914, 1842.29956055, 3990.98535156, 5677.80810547, 12627.8847656, 7300.80126953, 3698.08984375, 3442.80126953, 4583.9609375, 895.086608887, 596.899291992, 301.537689209, 67.2015609741, 43.9636611938, 20.1838035583, 19.8359088898, 11.7707366943, 2.96893215179, 0.45567303896, 0.030396791175, 0.00296406634152, 0.000673555070534, 1.61078678502e-05, 1.22785630552e-08, 4.04211213112e-11, 1.18047143241e-11, 4.84957594915e-11],
        "dvar2": [9.49998066062e-05, 0.0358007736504, 1.68907606602, 10.6788463593, 149.545425415, 51.2244949341, 100.187400818, 251.400970459, 497.504821777, 1030.59533691, 6154.34912109, 9191.28222656, 23250.6660156, 5589.47900391, 4153.53027344, 9299.15917969, 13292.1435547, 29929.2949219, 16379.6035156, 8820.76074219, 8133.05615234, 10856.8291016, 2088.10620117, 1320.70861816, 715.730895996, 159.77571106, 99.0587463379, 44.4496307373, 37.0341453552, 24.3953037262, 6.27309751511, 0.992905378342, 0.0566666647792, 0.00565110892057, 0.00126427737996, 3.54216790583e-05, 2.7543324066e-08, 9.43340613957e-11, 2.35349621736e-11, 9.97618723741e-11],
        "max": [0.0898341834545, 1.79724109173, 9.34049034119, 37.5391578674, 159.467788696, 193.747528076, 379.583007812, 268.328430176, 602.619384766, 470.743164062, 1052.52111816, 1216.45947266, 1681.8293457, 1364.72363281, 1005.8425293, 1630.64416504, 2113.07958984, 2006.01574707, 1382.99328613, 1143.87805176, 2250.15551758, 1709.73303223, 561.556335449, 1258.1862793, 466.340759277, 436.777130127, 177.879272461, 112.389892578, 135.110305786, 164.146118164, 65.9416275024, 29.0171890259, 7.31443500519, 1.87484264374, 1.2909181118, 0.171045199037, 0.00469793612137, 0.000207617282285, 5.41220870218e-05, 9.88617102848e-05],
        "mean": [0.00254237279296, 0.0460604690015, 0.260304629803, 1.2990937233, 5.06730127335, 4.5589389801, 6.19032716751, 9.59722614288, 11.9069929123, 17.8522891998, 37.9839630127, 41.3960990906, 69.7497940063, 46.2337493896, 35.7987556458, 44.7540626526, 52.9470252991, 96.1697616577, 80.1574935913, 54.1605949402, 55.142665863, 65.1210479736, 39.5783042908, 26.4904670715, 20.744977951, 9.6589641571, 8.38195419312, 5.59924459457, 4.5549120903, 2.80586028099, 1.25148928165, 0.38289296627, 0.11575165391, 0.0353148765862, 0.0119550339878, 0.00101480528247, 5.30428442289e-05, 9.25127915252e-06, 1.3328899513e-05, 2.56263047049e-05],
        "median": [0.000813229708001, 0.0131284929812, 0.100519165397, 0.519799351692, 1.76496613026, 2.77594518661, 3.83317923546, 5.51623106003, 6.44194793701, 9.49800300598, 15.5622272491, 17.5959777832, 23.1201705933, 20.9292545319, 16.0747184753, 19.2315750122, 22.5623416901, 36.3135681152, 32.2469406128, 19.0912570953, 22.3492088318, 29.6555557251, 22.4859275818, 16.7720680237, 13.3421859741, 6.68417882919, 5.03663921356, 2.89490604401, 1.84558105469, 1.25224280357, 0.562942743301, 0.175884544849, 0.061170950532, 0.0207926277071, 0.00240554707125, 0.000128937346744, 2.6422629162e-05, 7.25913150745e-06, 1.24553862406e-05, 2.38881766563e-05],
        "min": [1.99496271255e-22, 5.23545954919e-21, 2.41169273572e-20, 1.82984629959e-20, 3.61613184641e-20, 2.69582701431e-20, 5.1448856955e-20, 1.24434201263e-19, 2.39298569074e-19, 3.7451938647e-19, 3.10144236244e-19, 1.17049282681e-18, 2.41619560324e-18, 2.86201327978e-18, 2.95321635296e-18, 4.2354236438e-18, 3.27140068136e-18, 4.47053815239e-18, 4.47659600961e-18, 4.07195951987e-18, 4.67123284851e-18, 6.42729634352e-18, 7.85540505953e-18, 1.17755099354e-17, 9.56594012004e-18, 1.66150905822e-17, 1.77753784817e-17, 1.3726785987e-17, 1.7265476228e-17, 1.13058905503e-17, 1.39104829487e-17, 1.54236510607e-17, 1.18766997669e-17, 9.88837264127e-18, 8.36529986863e-18, 5.92724291577e-18, 3.19884412034e-18, 1.42351145296e-18, 2.95192429684e-19, 3.22115762756e-20],
        "var": [4.92595390824e-05, 0.0171726401895, 0.456395834684, 4.44760131836, 71.4597930908, 41.4866790771, 89.3948440552, 200.005310059, 467.851806641, 856.76776123, 5220.00292969, 6309.11572266, 19775.5605469, 6590.73925781, 4129.27050781, 10202.6933594, 11504.3369141, 27721.9902344, 17672.265625, 9447.29589844, 10298.9277344, 12387.5771484, 2506.5456543, 1272.1060791, 635.938659668, 118.215293884, 95.4343338013, 49.6245384216, 49.4582672119, 23.2380123138, 5.55582714081, 0.784041047096, 0.0612022802234, 0.00646989094093, 0.00130075169727, 1.92602001334e-05, 2.01008312217e-08, 9.82044098818e-11, 6.05349936844e-11, 2.45374248697e-10]
    },
    "gfcc": {
        "mean": [-37.1790161133, 121.717475891, -199.732009888, 35.3057136536, -74.7402801514, -3.9335436821, -31.8223285675, -15.9949064255, -8.490193367, -22.7665138245, -5.04860115051, -17.7926540375, -3.25429725647],
        "cov": [[3360.98364258, 752.096679688, -833.921813965, 207.429718018, -75.2560424805, -166.565628052, 133.188568115, -309.402374268, 201.806060791, -298.946746826, 37.7591667175, -184.384368896, 4.31649112701], [752.096679688, 733.780944824, -255.900009155, 26.3257198334, 54.8611831665, -184.507293701, 174.956665039, -220.446411133, 125.013679504, -173.873321533, 58.0655708313, -62.3608322144, -30.4229717255], [-833.921813965, -255.900009155, 811.192199707, 175.065124512, -88.9909896851, 178.607284546, -148.202453613, 208.027954102, -219.74559021, 163.242752075, -91.2452468872, 46.1666069031, 6.09228229523], [207.429718018, 26.3257198334, 175.065124512, 374.281005859, -36.2687149048, 5.53015041351, -3.25789523125, -96.0264358521, 26.4326686859, -59.0878334045, -57.6093902588, -28.0797843933, -24.4793815613], [-75.2560424805, 54.8611831665, -88.9909896851, -36.2687149048, 228.357772827, -3.5620033741, 11.1968841553, 10.2162094116, 53.2412338257, 9.26118469238, 15.4579982758, 29.0676288605, 0.242823854089], [-166.565628052, -184.507293701, 178.607284546, 5.53015041351, -3.5620033741, 205.187225342, -19.2170295715, 84.8460998535, -90.4100341797, 66.0816955566, -16.4460487366, 8.24339389801, 15.5650634766], [133.188568115, 174.956665039, -148.202453613, -3.25789523125, 11.1968841553, -19.2170295715, 221.484527588, -105.970466614, 73.0490646362, -88.7327728271, 26.40666008, -20.4151477814, -47.7111587524], [-309.402374268, -220.446411133, 208.027954102, -96.0264358521, 10.2162094116, 84.8460998535, -105.970466614, 309.526947021, -93.8968505859, 152.547637939, -5.52896499634, 27.8846950531, 60.073638916], [201.806060791, 125.013679504, -219.74559021, 26.4326686859, 53.2412338257, -90.4100341797, 73.0490646362, -93.8968505859, 217.225372314, -69.5510635376, 15.0282564163, -13.520029068, -20.9900054932], [-298.946746826, -173.873321533, 163.242752075, -59.0878334045, 9.26118469238, 66.0816955566, -88.7327728271, 152.547637939, -69.5510635376, 178.743927002, 14.2319974899, 28.9765853882, 22.816701889], [37.7591667175, 58.0655708313, -91.2452468872, -57.6093902588, 15.4579982758, -16.4460487366, 26.40666008, -5.52896499634, 15.0282564163, 14.2319974899, 105.63848114, 21.6957187653, 8.56532478333], [-184.384368896, -62.3608322144, 46.1666069031, -28.0797843933, 29.0676288605, 8.24339389801, -20.4151477814, 27.8846950531, -13.520029068, 28.9765853882, 21.6957187653, 98.3949737549, 24.8265094757], [4.31649112701, -30.4229717255, 6.09228229523, -24.4793815613, 0.242823854089, 15.5650634766, -47.7111587524, 60.073638916, -20.9900054932, 22.816701889, 8.56532478333, 24.8265094757, 84.4592514038]],
        "icov": [[0.000858353043441, -0.00117101403885, 0.00165639608167, -0.00120528088883, 0.000906760164071, -0.00115176709369, 0.000846945156809, -0.000818613509182, 0.00033791657188, -5.21731199115e-05, 0.000503869669046, -0.000177548077772, 0.000435023888713], [-0.00117101403885, 0.00464012986049, -0.00321519793943, 0.00200100359507, -0.00249940878712, 0.00399264553562, -0.00282059400342, 0.00237689516507, -0.000296085258015, 0.00133493484464, -0.00249595474452, 0.00270468159579, -0.00244557880796], [0.00165639608167, -0.00321519793943, 0.00704948371276, -0.00454117776826, 0.00299089238979, -0.00392830651253, 0.00241657299921, -0.00353332026862, 0.00255911797285, -0.00194736034609, 0.0032395280432, -0.00321183679625, 0.00330379372463], [-0.00120528088883, 0.00200100359507, -0.00454117776826, 0.00634897639975, -0.00149218924344, 0.00172414456028, -0.000815919716842, 0.00327806989662, -0.0021483451128, 0.00150826235767, -0.000426172657171, 0.00191265821923, -0.0016162302345], [0.000906760164071, -0.00249940878712, 0.00299089238979, -0.00149218924344, 0.00674324622378, -0.00294369878247, 0.00170608353801, -0.00205562124029, -0.000979177071713, -0.00106095895171, 0.00161308969837, -0.00325333001092, 0.00219009118155], [-0.00115176709369, 0.00399264553562, -0.00392830651253, 0.00172414456028, -0.00294369878247, 0.0106798242778, -0.00422159023583, 0.00174285599496, 0.00171604449861, -0.000507635704707, -0.00148690724745, 0.00289353635162, -0.0034401693847], [0.000846945156809, -0.00282059400342, 0.00241657299921, -0.000815919716842, 0.00170608353801, -0.00422159023583, 0.00917744543403, -0.00118172261864, -0.00118920288514, 0.00243386928923, -0.000628687732387, -0.00144730845932, 0.0048640249297], [-0.000818613509182, 0.00237689516507, -0.00353332026862, 0.00327806989662, -0.00205562124029, 0.00174285599496, -0.00118172261864, 0.00900645367801, -0.000471264676889, -0.0034603390377, -0.000521055073477, 0.00260592135601, -0.0051813707687], [0.00033791657188, -0.000296085258015, 0.00255911797285, -0.0021483451128, -0.000979177071713, 0.00171604449861, -0.00118920288514, -0.000471264676889, 0.00833429023623, -0.00036990645458, 0.000655901152641, -0.000387237523682, 0.000637288670987], [-5.21731199115e-05, 0.00133493484464, -0.00194736034609, 0.00150826235767, -0.00106095895171, -0.000507635704707, 0.00243386928923, -0.0034603390377, -0.00036990645458, 0.013404360041, -0.00426721898839, 0.000479826732771, 0.0015724748373], [0.000503869669046, -0.00249595474452, 0.0032395280432, -0.000426172657171, 0.00161308969837, -0.00148690724745, -0.000628687732387, -0.000521055073477, 0.000655901152641, -0.00426721898839, 0.0142688350752, -0.00445947842672, 0.000182428775588], [-0.000177548077772, 0.00270468159579, -0.00321183679625, 0.00191265821923, -0.00325333001092, 0.00289353635162, -0.00144730845932, 0.00260592135601, -0.000387237523682, 0.000479826732771, -0.00445947842672, 0.0155197037384, -0.00576122151688], [0.000435023888713, -0.00244557880796, 0.00330379372463, -0.0016162302345, 0.00219009118155, -0.0034401693847, 0.0048640249297, -0.0051813707687, 0.000637288670987, 0.0015724748373, 0.000182428775588, -0.00576122151688, 0.018699452281]]
    },
    "melbands": {
        "dmean": [2.99031325994e-05, 0.000101374389487, 0.000286429509288, 0.000236402571318, 0.000114414760901, 0.000121899422084, 0.000108282460133, 0.000131862398121, 0.000184139571502, 0.000180251445272, 0.000218671222683, 0.000112108296889, 6.48795030429e-05, 7.12076289346e-05, 6.14923264948e-05, 8.38428240968e-05, 0.000109354659799, 7.94437073637e-05, 5.13592058269e-05, 3.61471284123e-05, 3.69063418475e-05, 3.94784001401e-05, 2.69608153758e-05, 1.30439939312e-05, 1.11224499051e-05, 9.47230910242e-06, 5.10550944455e-06, 2.93147991215e-06, 2.96025268653e-06, 2.24632913159e-06, 1.56207806867e-06, 1.43961631238e-06, 1.12243560579e-06, 6.70273948344e-07, 4.40744827301e-07, 2.08532384249e-07, 9.94343523075e-08, 5.18539131633e-08, 2.97997893028e-08, 1.89497662006e-08],
        "dmean2": [4.68846628792e-05, 0.000170833809534, 0.000470942381071, 0.000392306596041, 0.000180809889571, 0.000197744520847, 0.000175984823727, 0.000206992757739, 0.000291620468488, 0.000285674061161, 0.000349856214598, 0.000174753047759, 0.000102037534816, 0.000112034074846, 9.76760638878e-05, 0.000131837179651, 0.000173771739355, 0.000124187441543, 8.10603742138e-05, 5.7501183619e-05, 5.81419735681e-05, 6.26892651781e-05, 4.3001047743e-05, 2.06497734325e-05, 1.7811460566e-05, 1.51306703629e-05, 8.21349203761e-06, 4.68262032882e-06, 4.58889917354e-06, 3.68875635104e-06, 2.37550921156e-06, 2.13408770833e-06, 1.61785328601e-06, 1.04243724763e-06, 6.49355115456e-07, 3.10863811137e-07, 1.53340337761e-07, 8.02966724223e-08, 4.73900705344e-08, 3.05384197929e-08],
        "dvar": [8.01286681451e-09, 1.01275574593e-07, 3.08582485786e-07, 1.67364191839e-07, 4.82756838949e-08, 4.23340580369e-08, 4.4840327007e-08, 6.76580498293e-08, 1.69462850863e-07, 1.6974080097e-07, 2.41919821065e-07, 5.29883656952e-08, 1.92681657296e-08, 2.44532003535e-08, 3.82935461118e-08, 3.77637618953e-08, 5.68029818737e-08, 2.65691451062e-08, 1.47658054672e-08, 7.3168173742e-09, 7.32750127241e-09, 7.65721352991e-09, 2.23895479934e-09, 5.16609977019e-10, 6.06281358451e-10, 2.71404149155e-10, 6.67629146411e-11, 3.74657561919e-11, 2.27084601123e-11, 1.30410370003e-11, 6.69448307553e-12, 7.37146541724e-12, 5.40702378704e-12, 3.32387546306e-12, 1.24997397415e-12, 4.02843258968e-13, 1.10052375199e-13, 1.84859807719e-14, 4.98780263782e-15, 1.91134636262e-15],
        "dvar2": [1.64575748585e-08, 2.68227864808e-07, 7.88638260474e-07, 4.28724831636e-07, 1.015698885e-07, 1.10389493102e-07, 1.05526083871e-07, 1.57245324317e-07, 4.14707812979e-07, 4.09087761e-07, 5.9029946442e-07, 1.12919522621e-07, 4.15879455318e-08, 5.84876751475e-08, 8.49377386203e-08, 8.81148167764e-08, 1.34826663611e-07, 6.05263892339e-08, 3.46691670927e-08, 1.78102528281e-08, 1.74531873398e-08, 1.84467339182e-08, 5.34218891346e-09, 1.16935350292e-09, 1.36023381447e-09, 6.39779063061e-10, 1.62819688287e-10, 9.06712482873e-11, 5.20739666665e-11, 3.2522637361e-11, 1.45488222164e-11, 1.42677198181e-11, 1.03177986988e-11, 7.46584131323e-12, 2.73249717124e-12, 8.38950545319e-13, 2.43295590922e-13, 3.61233836084e-14, 9.73424154325e-15, 3.72582773146e-15],
        "max": [0.00137319625355, 0.00406408775598, 0.0105629069731, 0.00902889668941, 0.0126479836181, 0.00517970928922, 0.00823788158596, 0.00574489589781, 0.00867350958288, 0.00817801896483, 0.00848153233528, 0.00584940891713, 0.0032356174197, 0.0041031697765, 0.00973973143846, 0.00554619263858, 0.00425849156454, 0.00298955570906, 0.00288296653889, 0.00180667079985, 0.00361713860184, 0.00187690358143, 0.00129346223548, 0.00043035732233, 0.00130469386932, 0.000506436801516, 0.000187695870409, 0.000347202789271, 0.000156016860274, 7.0324211265e-05, 7.44186982047e-05, 7.22826371202e-05, 8.9602159278e-05, 8.85554982233e-05, 4.28095845564e-05, 2.6952544431e-05, 1.45793046613e-05, 5.45250622963e-06, 2.47478465099e-06, 1.74647755102e-06],
        "mean": [3.40897022397e-05, 0.000108437037852, 0.000365813117241, 0.000353616691427, 0.000215582986129, 0.000212516766624, 0.000179445298272, 0.000227738273679, 0.00030482703005, 0.000265932147158, 0.000350350223016, 0.000191519095097, 0.000111295317765, 0.000120641860121, 9.89221371128e-05, 0.000138193514431, 0.000185931479791, 0.000134377885843, 8.8507658802e-05, 6.32183582638e-05, 6.65956540615e-05, 7.2082169936e-05, 4.98928093293e-05, 2.48042997555e-05, 2.12040667975e-05, 1.82087660505e-05, 9.51501715463e-06, 5.71526288695e-06, 5.58086730962e-06, 4.068733233e-06, 2.97230712931e-06, 2.69515157925e-06, 2.12354257201e-06, 1.29563045448e-06, 8.03521857051e-07, 3.71700252799e-07, 1.70334899963e-07, 8.71062226793e-08, 4.31914237708e-08, 2.49798706164e-08],
        "median": [1.03143274828e-05, 3.87604850403e-05, 0.000126751852804, 0.000179603841389, 0.000139590090839, 0.000125784485135, 9.83479767456e-05, 0.000113385991426, 0.000121507386211, 0.000101448997157, 0.000109121763671, 7.98273540568e-05, 4.59265866084e-05, 5.05430725752e-05, 3.95773786295e-05, 4.59847506136e-05, 6.07226684224e-05, 4.62365969724e-05, 2.6991685445e-05, 2.01343864319e-05, 2.50776320172e-05, 2.91476426355e-05, 2.43985068664e-05, 1.36168800964e-05, 1.23080153571e-05, 1.05200542748e-05, 5.90011768509e-06, 3.75880426873e-06, 3.26036069964e-06, 2.15842010221e-06, 1.45539991081e-06, 1.09720008368e-06, 7.95046503299e-07, 6.16647412244e-07, 3.4303980101e-07, 1.67597733025e-07, 7.86575640177e-08, 4.65370959546e-08, 2.52778846743e-08, 7.39149896845e-09],
        "min": [3.09796958191e-24, 1.3013301928e-23, 4.41512116903e-24, 2.56685320025e-24, 1.56338406627e-24, 3.30978504585e-24, 3.72074923417e-24, 3.24728359633e-24, 2.91102315523e-24, 8.70880587917e-24, 1.17380751426e-23, 1.27503461893e-23, 6.80572154381e-24, 1.34876850111e-23, 8.69138467494e-24, 7.81118235436e-24, 8.21756562741e-24, 4.44611472513e-24, 3.41984455277e-24, 6.99079462306e-24, 5.03671003575e-24, 5.89416712985e-24, 6.42424813157e-24, 9.13105077844e-24, 8.91705648068e-24, 5.67663755194e-24, 6.39554266652e-24, 1.0300210482e-23, 1.00963932788e-23, 7.73506989878e-24, 7.92984044514e-24, 1.0189720257e-23, 7.90184377162e-24, 5.49902788572e-24, 6.87716078739e-24, 8.17841840499e-24, 9.14230072381e-24, 8.27140380647e-24, 8.08392154601e-24, 7.44283400986e-24],
        "var": [9.39066779893e-09, 8.28660802199e-08, 3.71121444687e-07, 2.37146366544e-07, 1.08318808145e-07, 8.935978002e-08, 9.66025837101e-08, 1.52209921112e-07, 3.49430735014e-07, 2.7616368925e-07, 5.06212700202e-07, 1.26182499116e-07, 4.27107273993e-08, 6.54038245784e-08, 7.7499272777e-08, 8.67815828087e-08, 1.20110414059e-07, 5.71810687688e-08, 3.42603705406e-08, 1.74883538762e-08, 1.92806712818e-08, 1.90795894639e-08, 5.14505549276e-09, 1.22600218866e-09, 1.09658127023e-09, 6.01688310287e-10, 1.24291410497e-10, 5.60948613948e-11, 4.68573027601e-11, 2.45894849621e-11, 1.58952243728e-11, 1.74801076391e-11, 1.27615036594e-11, 5.50433483515e-12, 2.24971929107e-12, 7.02420868866e-13, 1.79920829754e-13, 3.50721039125e-14, 9.30590375809e-15, 4.23259780292e-15]
    },
    "mfcc": {
        "mean": [-643.666320801, 126.05657196, -56.7791061401, 21.2815742493, -22.3054237366, 3.56113791466, -19.2134799957, 3.61986637115, -11.7484035492, -0.789089739323, -5.84634923935, -4.74769878387, -10.4274549484],
        "cov": [[3405.06567383, 411.618255615, -666.194641113, 233.698242188, -279.656951904, 175.509963989, -263.066314697, 114.357719421, -121.003959656, 83.4284133911, -120.675888062, -28.0426712036, -156.743988037], [411.618255615, 608.408752441, -251.787597656, 32.3329772949, -76.6811981201, -16.0729351044, -14.0585079193, 34.5029716492, -54.0580444336, 10.0330181122, 12.8264245987, -5.83615350723, -16.8063259125], [-666.194641113, -251.787597656, 770.628540039, 82.2295913696, 76.1360931396, -3.07841968536, 131.263946533, -62.0264816284, 62.0213737488, -66.565284729, 2.38584828377, 8.34063148499, 27.8587856293], [233.698242188, 32.3329772949, 82.2295913696, 298.775299072, -5.46126461029, 88.0924224854, -87.450302124, 29.4938678741, -16.7024688721, 8.77893066406, -55.0842895508, 2.19196987152, -13.2128143311], [-279.656951904, -76.6811981201, 76.1360931396, -5.46126461029, 252.143005371, -48.5791473389, 26.687789917, -38.0804710388, 66.1166687012, -20.3008880615, 26.4981174469, -1.83193707466, 50.6973342896], [175.509963989, -16.0729351044, -3.07841968536, 88.0924224854, -48.5791473389, 234.168121338, -36.9600448608, 54.8565483093, -44.2259025574, 15.4897222519, -37.7272834778, -12.950044632, -49.0615882874], [-263.066314697, -14.0585079193, 131.263946533, -87.450302124, 26.687789917, -36.9600448608, 221.806655884, -17.225610733, 17.775598526, -23.202589035, 48.76537323, 3.81316924095, 18.2794532776], [114.357719421, 34.5029716492, -62.0264816284, 29.4938678741, -38.0804710388, 54.8565483093, -17.225610733, 115.977470398, -1.68184459209, 16.9577960968, -23.3897972107, 3.02057647705, -17.9321155548], [-121.003959656, -54.0580444336, 62.0213737488, -16.7024688721, 66.1166687012, -44.2259025574, 17.775598526, -1.68184459209, 116.733070374, 15.6887931824, 15.9259204865, -1.3008531332, 18.9962711334], [83.4284133911, 10.0330181122, -66.565284729, 8.77893066406, -20.3008880615, 15.4897222519, -23.202589035, 16.9577960968, 15.6887931824, 104.074668884, 14.7569265366, 8.64732646942, -22.8880119324], [-120.675888062, 12.8264245987, 2.38584828377, -55.0842895508, 26.4981174469, -37.7272834778, 48.76537323, -23.3897972107, 15.9259204865, 14.7569265366, 98.433921814, 19.213344574, 16.8137836456], [-28.0426712036, -5.83615350723, 8.34063148499, 2.19196987152, -1.83193707466, -12.950044632, 3.81316924095, 3.02057647705, -1.3008531332, 8.64732646942, 19.213344574, 75.6180038452, 25.2715492249], [-156.743988037, -16.8063259125, 27.8587856293, -13.2128143311, 50.6973342896, -49.0615882874, 18.2794532776, -17.9321155548, 18.9962711334, -22.8880119324, 16.8137836456, 25.2715492249, 102.45098877]],
