{
"lowlevel": {
    "average_loudness": 0.517759501934,
    "barkbands_crest": {
        "dmean": 2.3989713192,
        "dmean2": 3.9094350338,
        "dvar": 5.41915988922,
        "dvar2": 13.4076070786,
        "max": 24.5641403198,
        "mean": 9.01745891571,
        "median": 7.63420295715,
        "min": 2.16255021095,
        "var": 17.449005127
    },
    "barkbands_flatness_db": {
        "dmean": 0.0185614470392,
        "dmean2": 0.0286345500499,
        "dvar": 0.000348226196365,
        "dvar2": 0.000751453160774,
        "max": 0.381288647652,
        "mean": 0.123489677906,
        "median": 0.118329405785,
        "min": 0.0189124830067,
        "var": 0.00175539008342
    },
    "barkbands_kurtosis": {
        "dmean": 1.65258204937,
        "dmean2": 2.63059139252,
        "dvar": 9.02472496033,
        "dvar2": 20.1226463318,
        "max": 73.2431564331,
        "mean": 2.11949539185,
        "median": 0.911429286003,
        "min": -1.9090076685,
        "var": 21.7682189941
    },
    "barkbands_skewness": {
        "dmean": 0.435714840889,
        "dmean2": 0.667563557625,
        "dvar": 0.244661748409,
        "dvar2": 0.493083894253,
        "max": 6.9314661026,
        "mean": 0.440896630287,
        "median": 0.622537791729,
        "min": -4.83371734619,
        "var": 2.0016951561
    },
    "barkbands_spread": {
        "dmean": 5.46928501129,
        "dmean2": 8.61081123352,
        "dvar": 42.8542022705,
        "dvar2": 95.6028594971,
        "max": 92.5473709106,
        "mean": 23.9431552887,
        "median": 23.4232749939,
        "min": 1.15214037895,
        "var": 141.404556274
    },
    "dissonance": {
        "dmean": 0.0159062948078,
        "dmean2": 0.0263504702598,
        "dvar": 0.000360908306902,
        "dvar2": 0.000867833790835,
        "max": 0.500000119209,
        "mean": 0.471573352814,
        "median": 0.479739367962,
        "min": 0.169521898031,
        "var": 0.00085311953444
    },
    "dynamic_complexity": 4.47404050827,
    "erbbands_crest": {
        "dmean": 2.61277627945,
        "dmean2": 4.23013591766,
        "dvar": 7.44365787506,
        "dvar2": 18.0014762878,
        "max": 33.1164703369,
        "mean": 9.1931552887,
        "median": 7.68941688538,
        "min": 2.20819807053,
        "var": 30.8246421814
    },
    "erbbands_flatness_db": {
        "dmean": 0.0184652470052,
        "dmean2": 0.0268328078091,
        "dvar": 0.000339611549862,
        "dvar2": 0.000673942908179,
        "max": 0.388069748878,
        "mean": 0.1697460711,
        "median": 0.168027311563,
        "min": 0.0648412555456,
        "var": 0.00260978890583
    },
    "erbbands_kurtosis": {
        "dmean": 1.10261833668,
        "dmean2": 1.71509635448,
        "dvar": 3.67496776581,
        "dvar2": 8.03510856628,
        "max": 51.1501121521,
        "mean": 0.940417826176,
        "median": -0.0338898897171,
        "min": -1.74860489368,
        "var": 10.125166893
    },
    "erbbands_skewness": {
        "dmean": 0.357015967369,
        "dmean2": 0.549535572529,
        "dvar": 0.151422530413,
        "dvar2": 0.317137956619,
        "max": 4.42014551163,
        "mean": 0.0602684989572,
        "median": 0.0644860863686,
        "min": -4.70856952667,
        "var": 0.741141140461
    },
    "erbbands_spread": {
        "dmean": 6.84168481827,
        "dmean2": 10.5697307587,
        "dvar": 62.0710678101,
        "dvar2": 137.156524658,
        "max": 122.620445251,
        "mean": 33.7508125305,
        "median": 33.7396278381,
        "min": 1.62028634548,
        "var": 250.996551514
    },
    "hfc": {
        "dmean": 7.20542621613,
        "dmean2": 9.80412483215,
        "dvar": 298.03729248,
        "dvar2": 491.238708496,
        "max": 527.906188965,
        "mean": 20.0550270081,
        "median": 9.74823665619,
        "min": 1.04520934163e-16,
        "var": 1019.4777832
    },
    "melbands_crest": {
        "dmean": 3.07744288445,
        "dmean2": 5.03866577148,
        "dvar": 9.31029224396,
        "dvar2": 23.183216095,
        "max": 31.6087379456,
        "mean": 11.0097513199,
        "median": 10.4180421829,
        "min": 1.31424689293,
        "var": 33.6309661865
    },
    "melbands_flatness_db": {
        "dmean": 0.0197875853628,
        "dmean2": 0.0304255448282,
        "dvar": 0.000513037666678,
        "dvar2": 0.00105949223507,
        "max": 0.458848744631,
        "mean": 0.131935283542,
        "median": 0.139736965299,
        "min": 0.000267901516054,
        "var": 0.00438974937424
    },
    "melbands_kurtosis": {
        "dmean": 3.00665926933,
        "dmean2": 4.81983613968,
        "dvar": 37.0332946777,
        "dvar2": 88.4046096802,
        "max": 203.446762085,
        "mean": 4.88625907898,
        "median": 2.1969230175,
        "min": -1.89352405071,
        "var": 83.5404434204
    },
    "melbands_skewness": {
        "dmean": 0.510526239872,
        "dmean2": 0.786889255047,
        "dvar": 0.339102178812,
        "dvar2": 0.745376169682,
        "max": 12.3202915192,
        "mean": 1.39090073109,
        "median": 1.34185183048,
        "min": -3.69064497948,
        "var": 1.85625088215
    },
    "melbands_spread": {
        "dmean": 10.1981086731,
        "dmean2": 16.0085296631,
        "dvar": 242.157073975,
        "dvar2": 485.831207275,
        "max": 251.930755615,
        "mean": 47.3795661926,
        "median": 31.4879760742,
        "min": 1.51351571083,
        "var": 1774.72021484
    },
    "pitch_salience": {
        "dmean": 0.0597931295633,
        "dmean2": 0.0979512408376,
        "dvar": 0.00338380993344,
        "dvar2": 0.00852851942182,
        "max": 0.992122411728,
        "mean": 0.616774022579,
        "median": 0.613429367542,
        "min": 0.161536738276,
        "var": 0.0148998359218
    },
    "silence_rate_20dB": {
        "dmean": 0,
        "dmean2": 0,
        "dvar": 0,
        "dvar2": 0,
        "max": 1,
        "mean": 1,
        "median": 1,
        "min": 1,
        "var": 0
    },
    "silence_rate_30dB": {
        "dmean": 0.00134846614674,
        "dmean2": 0.00269723543897,
        "dvar": 0.00134672713466,
        "dvar2": 0.00269027869217,
        "max": 1,
        "mean": 0.998539328575,
        "median": 1,
        "min": 0,
        "var": 0.00145833846182
    },
    "silence_rate_60dB": {
        "dmean": 0.0292167663574,
        "dmean2": 0.0584401004016,
        "dvar": 0.028363822028,
        "dvar2": 0.0658160895109,
        "max": 1,
        "mean": 0.243258431554,
        "median": 0,
        "min": 0,
        "var": 0.184102222323
    },
    "spectral_centroid": {
        "dmean": 287.969299316,
        "dmean2": 452.865966797,
        "dvar": 128752.023438,
        "dvar2": 252276.984375,
        "max": 11959.7900391,
        "mean": 2899.19165039,
        "median": 1767.67431641,
        "min": 269.505279541,
        "var": 10092006
    },
    "spectral_complexity": {
        "dmean": 2.53938651085,
        "dmean2": 3.9811193943,
        "dvar": 8.29006290436,
        "dvar2": 17.8581295013,
        "max": 51,
        "mean": 15.0885391235,
        "median": 16,
        "min": 0,
        "var": 99.8340835571
    },
    "spectral_decrease": {
        "dmean": 1.11072862019e-09,
        "dmean2": 1.62794244751e-09,
        "dvar": 4.15101027588e-18,
        "dvar2": 8.21206879605e-18,
        "max": 1.46189533588e-24,
        "mean": -3.36047767391e-09,
        "median": -2.22345830636e-09,
        "min": -6.13669968175e-08,
        "var": 1.41187405572e-17
    },
    "spectral_energy": {
        "dmean": 0.00473404442891,
        "dmean2": 0.00688080862164,
        "dvar": 7.15940695954e-05,
        "dvar2": 0.000141793614603,
        "max": 0.245573490858,
        "mean": 0.0145022496581,
        "median": 0.00950629264116,
        "min": 9.87074948077e-21,
        "var": 0.000258006097283
    },
    "spectral_energyband_high": {
        "dmean": 0.000509140780196,
        "dmean2": 0.00068563898094,
        "dvar": 4.421065114e-06,
        "dvar2": 7.3129381235e-06,
        "max": 0.0629577934742,
        "mean": 0.000945092644542,
        "median": 0.000262209912762,
        "min": 6.93299007031e-21,
        "var": 1.0989168004e-05
    },
    "spectral_energyband_low": {
        "dmean": 0.000587853195611,
        "dmean2": 0.000883971981239,
        "dvar": 1.58108389314e-06,
        "dvar2": 3.59103000847e-06,
        "max": 0.0180674362928,
        "mean": 0.00103884586133,
        "median": 0.000487599987537,
        "min": 1.01420557034e-23,
        "var": 2.78354309557e-06
    },
    "spectral_energyband_middle_high": {
        "dmean": 0.00212560291402,
        "dmean2": 0.0030846404843,
        "dvar": 1.93656615011e-05,
        "dvar2": 3.83348487958e-05,
        "max": 0.0959351509809,
        "mean": 0.00625802949071,
        "median": 0.00240526394919,
        "min": 1.08738929777e-21,
        "var": 0.00010941029177
    },
    "spectral_energyband_middle_low": {
        "dmean": 0.00302443583496,
        "dmean2": 0.00458044465631,
        "dvar": 4.40263575001e-05,
        "dvar2": 8.93914402695e-05,
        "max": 0.21579118073,
        "mean": 0.00683785462752,
        "median": 0.00413078023121,
        "min": 1.22183005295e-22,
        "var": 9.48082597461e-05
    },
    "spectral_entropy": {
        "dmean": 0.133349865675,
        "dmean2": 0.194944962859,
        "dvar": 0.0249323770404,
        "dvar2": 0.0458511635661,
        "max": 9.83264636993,
        "mean": 7.92927598953,
        "median": 7.70328044891,
        "min": 5.16884565353,
        "var": 0.623255968094
    },
    "spectral_flux": {
        "dmean": 0.0178568288684,
        "dmean2": 0.0283329170197,
        "dvar": 0.000612359377556,
        "dvar2": 0.00153605954256,
        "max": 0.393409997225,
        "mean": 0.0618384815753,
        "median": 0.0541310273111,
        "min": 6.22213044976e-11,
        "var": 0.00233899545856
    },
    "spectral_kurtosis": {
        "dmean": 1.12831521034,
        "dmean2": 1.88701593876,
        "dvar": 1.64621376991,
        "dvar2": 4.30756235123,
        "max": 32.2810707092,
        "mean": 3.23573446274,
        "median": 3.38516688347,
        "min": -1.38437497616,
        "var": 6.99981832504
    },
    "spectral_rms": {
        "dmean": 0.000528016593307,
        "dmean2": 0.000752229767386,
        "dvar": 5.15774274845e-07,
        "dvar2": 9.58899363468e-07,
        "max": 0.0154784983024,
        "mean": 0.00312747596763,
        "median": 0.00304539501667,
        "min": 3.10322405793e-12,
        "var": 4.36754453403e-06
    },
    "spectral_rolloff": {
        "dmean": 558.051269531,
        "dmean2": 917.384216309,
        "dvar": 881299.3125,
        "dvar2": 1732493.125,
        "max": 21124.0722656,
        "mean": 4322.29199219,
        "median": 1981.0546875,
        "min": 193.798828125,
        "var": 32906454
    },
    "spectral_skewness": {
        "dmean": 0.180721774697,
        "dmean2": 0.283428907394,
        "dvar": 0.0351791009307,
        "dvar2": 0.0746653452516,
        "max": 4.75933980942,
        "mean": 1.22039473057,
        "median": 1.34306621552,
        "min": -0.290906339884,
        "var": 0.355187058449
    },
    "spectral_spread": {
        "dmean": 654478,
        "dmean2": 987443.0625,
        "dvar": 754167840768,
        "dvar2": 1.58621551821e+12,
        "max": 43461100,
        "mean": 8978290,
        "median": 4175958.5,
        "min": 1597329.625,
        "var": 1.46831929508e+14
    },
    "spectral_strongpeak": {
        "dmean": 0.772451400757,
        "dmean2": 1.24688363075,
        "dvar": 1.85996711254,
        "dvar2": 4.43401575089,
        "max": 20.7910518646,
        "mean": 1.4685857296,
        "median": 0.548929810524,
        "min": 0,
        "var": 5.71895074844
    },
    "zerocrossingrate": {
        "dmean": 0.0125301014632,
        "dmean2": 0.0151835819706,
        "dvar": 0.000311084702844,
        "dvar2": 0.000331663381075,
        "max": 0.8134765625,
        "mean": 0.135810166597,
        "median": 0.078125,
        "min": 0.0107421875,
        "var": 0.0212931726128
    },
    "barkbands": {
        "dmean": [2.0685652089e-06, 0.000233285492868, 0.000219425448449, 0.000540662207641, 0.00108417728916, 0.000542337831575, 0.000805769988801, 0.00079486425966, 0.000528897915501, 0.000508518132847, 0.000251068326179, 0.000256742467172, 0.000329829694238, 0.000906851666514, 0.000425555772381, 0.00017500181275, 0.000324859487591, 0.000137800248922, 0.00021773998742, 0.000163730801432, 0.000104071965325, 0.000102025027445, 9.76186420303e-05, 0.000116617913591, 6.43951207167e-05, 2.11192000279e-05, 1.36975577547e-08],
        "dmean2": [3.42117255059e-06, 0.000371490168618, 0.000362109596608, 0.000856622762512, 0.00180010066833, 0.000838862033561, 0.00126953842118, 0.00121492508333, 0.000816767686047, 0.000782492978033, 0.000403780664783, 0.000416203693021, 0.000504696101416, 0.00130150141194, 0.000701692770235, 0.000295739999274, 0.000523170514498, 0.000222807808314, 0.000340657104971, 0.000262751564151, 0.000163907810929, 0.000150688661961, 0.000140566960908, 0.00014959629334, 9.07929861569e-05, 3.33606403728e-05, 2.426310175e-08],
        "dvar": [1.55045403599e-11, 4.93142863434e-07, 3.0888381275e-07, 2.86722183773e-06, 4.89235389978e-06, 2.55332793131e-06, 1.04937016658e-05, 1.08580343294e-05, 4.49088383903e-06, 2.89644435725e-06, 5.86258806834e-07, 4.38879368403e-07, 1.36239543735e-06, 1.15229386211e-05, 2.86235353997e-06, 3.88418868624e-07, 1.32396303343e-06, 1.13187688555e-07, 6.83592418227e-07, 6.84762824221e-07, 1.454394436e-07, 2.70509474376e-07, 2.9170723792e-07, 6.03446096648e-07, 1.14603331269e-07, 3.76289843729e-09, 4.56717115841e-15],
        "dvar2": [3.82744842764e-11, 1.10114081053e-06, 8.3200023937e-07, 7.01937278791e-06, 1.1881383216e-05, 5.34087030246e-06, 2.29620109167e-05, 2.47337466135e-05, 9.88154442894e-06, 6.28597854302e-06, 1.49935715399e-06, 1.12863324375e-06, 2.73298132925e-06, 2.08303936233e-05, 7.94028164819e-06, 1.04491743969e-06, 3.40812380273e-06, 2.89798691711e-07, 1.55252575951e-06, 1.80234383151e-06, 3.33237238692e-07, 5.58182421173e-07, 5.5899539575e-07, 8.80083803168e-07, 1.80612545364e-07, 8.6563183288e-09, 1.27884695563e-14],
        "max": [7.5335483416e-05, 0.0110074654222, 0.012487815693, 0.0274969302118, 0.0775013417006, 0.0467545501888, 0.125619292259, 0.176873400807, 0.0526803135872, 0.0548514686525, 0.0204125829041, 0.0163706205785, 0.0399945303798, 0.0837760567665, 0.0443742573261, 0.0130195394158, 0.0392582304776, 0.00762291066349, 0.0326050780714, 0.039018061012, 0.0149395475164, 0.0149994902313, 0.0175955630839, 0.0343437343836, 0.0150444433093, 0.00227821990848, 2.06256891033e-06],
        "mean": [3.00230567518e-06, 0.000360189500498, 0.000305434048641, 0.000705481390469, 0.00180461991113, 0.000887191854417, 0.00113933021203, 0.00116203119978, 0.000748129328713, 0.000853991776239, 0.000370328139979, 0.000409911357565, 0.000533127633389, 0.00179517676588, 0.000878763385117, 0.000263463269221, 0.000587966293097, 0.000250815064646, 0.000381918100175, 0.000270836870186, 0.000182048970601, 0.000165473684319, 0.000158155555255, 0.000176961446414, 8.72458404046e-05, 2.06515906029e-05, 1.00902131095e-08],
        "median": [6.80393327457e-07, 7.17212387826e-05, 0.000102262012661, 0.000137929280754, 0.000856811064295, 0.000325397879351, 0.000299267179798, 0.000321044761222, 0.000150977895828, 0.000209375080885, 9.64235077845e-05, 0.000121215052786, 9.1729889391e-05, 0.000137981332955, 0.000111570727313, 8.30065109767e-05, 0.00017657558783, 0.000100091667264, 0.000151313346578, 8.94473632798e-05, 6.29094283795e-05, 4.25723264925e-05, 2.7400579711e-05, 1.52422107931e-05, 9.33147930482e-06, 1.756996312e-06, 1.03483499547e-09],
        "min": [2.58909110289e-26, 1.28315276679e-24, 2.58875528234e-25, 1.69788233612e-25, 2.30752405235e-24, 3.61762736449e-24, 1.86465714573e-24, 4.21481045253e-24, 9.0783785358e-24, 6.10986102843e-24, 1.00204654167e-23, 1.5892888779e-23, 1.03677377644e-23, 2.08582317519e-23, 3.1957818655e-23, 2.699150065e-23, 3.32449682842e-23, 6.92011379036e-23, 9.42638862621e-23, 1.41382440846e-22, 1.88508562183e-22, 2.98662486281e-22, 3.3082450947e-22, 5.29033195645e-22, 7.0142628879e-22, 1.18576663927e-21, 1.65104250621e-21],
        "var": [3.79249409654e-11, 6.40333610136e-07, 3.39207076649e-07, 3.64399988939e-06, 8.83261327544e-06, 5.19669947607e-06, 1.49037550727e-05, 1.30987937155e-05, 6.78679543853e-06, 6.62008369545e-06, 9.55905989031e-07, 8.19555452836e-07, 3.55228917215e-06, 4.66630044684e-05, 1.25087017295e-05, 5.03995011059e-07, 3.08322114506e-06, 2.35554892924e-07, 9.80865365818e-07, 7.58304054216e-07, 2.64543956519e-07, 4.79688139876e-07, 6.1274596419e-07, 1.45918966155e-06, 2.61974690829e-07, 4.85954565477e-09, 3.0817472665e-15]
    },
    "erbbands": {
        "dmean": [0.00355468434282, 0.0638445988297, 0.2343185395, 1.0389727354, 2.51685285568, 4.1020617485, 4.59420728683, 4.0820069313, 9.23255443573, 15.5824813843, 15.6472635269, 11.3688879013, 16.3575744629, 12.4620637894, 8.21157932281, 11.8500967026, 13.3813581467, 41.5752639771, 35.3101387024, 10.1042642593, 12.04337883, 13.2533245087, 7.85971736908, 8.08628463745, 10.8686246872, 7.15683794022, 6.03359222412, 3.17928385735, 2.94362664223, 3.73720145226, 3.12493371964, 2.76553463936, 1.6993458271, 0.714869737625, 0.484845727682, 0.165472611785, 0.0221276842058, 0.000621191924438, 2.66124443442e-05, 8.35604805616e-06],
        "dmean2": [0.00559918489307, 0.101286828518, 0.377210646868, 1.61215138435, 4.3093457222, 6.71052646637, 7.32708072662, 6.3206038475, 14.3996715546, 24.3654155731, 23.8370075226, 17.3203811646, 24.8204650879, 19.2232990265, 13.1039237976, 19.1202602386, 19.9679412842, 62.1203918457, 53.7130737305, 16.262096405, 19.8310508728, 20.4958324432, 12.5340595245, 12.8532915115, 16.9430027008, 11.45033741, 9.21135139465, 4.90465068817, 4.28499603271, 5.50065565109, 4.586581707, 3.63426280022, 2.2532992363, 0.981789946556, 0.708367347717, 0.257327347994, 0.0351345092058, 0.000969598477241, 3.93136324419e-05, 1.15987231766e-05],
        "dvar": [9.71744011622e-05, 0.0375428907573, 0.381205707788, 8.2073469162, 48.846206665, 66.3396911621, 165.634857178, 236.717163086, 1712.71704102, 3734.28027344, 3213.328125, 2221.54736328, 3943.92675781, 1604.77661133, 475.008880615, 952.865356445, 1700.06799316, 24319.6015625, 15110.2294922, 1026.27246094, 2154.42919922, 1479.64111328, 362.230926514, 723.572753906, 1783.24072266, 1966.05615234, 542.789123535, 189.768661499, 200.095916748, 432.13293457, 343.37878418, 351.489654541, 130.262573242, 20.5656929016, 4.66114854813, 0.239405140281, 0.00452487030998, 3.91180810766e-06, 6.15851325492e-09, 2.89103324613e-10],
        "dvar2": [0.000223642055062, 0.0841471105814, 0.989971518517, 19.5556564331, 133.002914429, 155.491821289, 367.739868164, 485.708404541, 3451.64770508, 8768.55566406, 7081.32080078, 4971.26757812, 8538.63671875, 4021.85791016, 1177.1776123, 2518.71508789, 3409.53686523, 48943.1835938, 34757.5507812, 2665.41235352, 5678.25292969, 3148.37231445, 919.706665039, 1682.7677002, 4060.83520508, 5362.73974609, 1155.93969727, 440.61050415, 396.35357666, 921.088012695, 701.501281738, 548.982177734, 206.648498535, 33.183681488, 7.55353307724, 0.526217341423, 0.010344334878, 8.49462776387e-06, 1.17882903439e-08, 4.84682072255e-10],
        "max": [0.139687478542, 2.97280955315, 12.9947042465, 43.5142936707, 122.891090393, 284.897125244, 403.185302734, 570.065551758, 2017.17126465, 2358.6418457, 1917.58068848, 1423.11437988, 2416.71459961, 1393.94445801, 515.264282227, 834.535705566, 1122.00085449, 4484.75732422, 2691.58251953, 1051.72290039, 1214.67077637, 1568.40771484, 427.323364258, 900.401184082, 1599.75244141, 2379.92089844, 1207.9519043, 618.403808594, 483.755310059, 787.187072754, 631.641296387, 929.540588379, 493.929138184, 191.330657959, 102.003639221, 19.261598587, 2.52050161362, 0.0936136692762, 0.00357021484524, 0.000496101158205],
        "mean": [0.00570222130045, 0.0986968502402, 0.352377533913, 1.51526677608, 3.37808942795, 6.92370128632, 7.95969629288, 6.42762422562, 13.8933153152, 21.3693294525, 24.0155487061, 17.2508049011, 27.2448101044, 21.6234531403, 14.0245132446, 19.482749939, 25.9608154297, 84.5402526855, 69.4710388184, 20.3388195038, 20.7815685272, 28.5191745758, 15.9940729141, 15.4547052383, 19.4353961945, 12.5149469376, 10.8340101242, 5.52924633026, 5.011054039, 5.73902416229, 4.86374282837, 4.13613700867, 2.5211019516, 1.03921115398, 0.60686981678, 0.170067444444, 0.0214498918504, 0.000624304753728, 3.68915316358e-05, 2.23989300139e-05],
        "median": [0.000934365787543, 0.0242307037115, 0.137281283736, 0.408288896084, 1.52884292603, 3.02081394196, 2.22309374809, 2.59054732323, 4.32406902313, 5.4641122818, 7.70071697235, 4.80850410461, 6.49941158295, 5.81774330139, 4.9322347641, 6.19215583801, 5.89293003082, 7.83202075958, 7.62566995621, 5.98125982285, 6.80904340744, 9.06506347656, 6.80021190643, 6.3134894371, 7.30253124237, 4.53081893921, 3.56376504898, 1.82631468773, 1.32893514633, 1.23219299316, 0.742664813995, 0.386574149132, 0.216686546803, 0.109345130622, 0.061161249876, 0.0168243553489, 0.00141188991256, 4.60478622699e-05, 1.08249150799e-05, 1.32713430503e-05],
        "min": [3.08295329904e-23, 2.67132536315e-22, 9.00575221433e-22, 3.02350790929e-21, 4.3416694908e-21, 7.39277889847e-21, 2.82435973395e-20, 3.77959792196e-20, 5.26497551833e-20, 8.05713724694e-20, 1.53890038253e-19, 1.8578028071e-19, 3.53590217708e-19, 4.68699922118e-19, 6.70324214151e-19, 8.89580016037e-19, 9.07116038228e-19, 1.31225545378e-18, 1.71737656795e-18, 2.01200000077e-18, 2.55211730111e-18, 3.16365337554e-18, 3.99945300328e-18, 3.97281489242e-18, 4.65928463816e-18, 6.82561606851e-18, 4.92798019807e-18, 8.4259760481e-18, 9.12829209282e-18, 9.45233513471e-18, 1.03412259025e-17, 8.58552760773e-18, 7.36899887111e-18, 7.01071055187e-18, 4.82824413649e-18, 3.39637505741e-18, 1.92118073939e-18, 8.44703244758e-19, 2.18201275852e-19, 2.45088203283e-20],
        "var": [0.000141350872582, 0.047604020685, 0.428868561983, 12.4667081833, 46.3888587952, 139.597717285, 381.06362915, 401.802642822, 2539.54516602, 4548.43164062, 4475.671875, 3085.83862305, 8824.40722656, 4302.12060547, 916.449401855, 1697.79907227, 5962.75146484, 92149.4765625, 53680.6367188, 2357.27709961, 3893.75561523, 6328.71142578, 947.940795898, 1243.40258789, 2641.23706055, 1837.58081055, 1060.42883301, 315.842468262, 392.780944824, 713.170654297, 673.102355957, 806.546936035, 289.511474609, 45.1606750488, 10.5463447571, 0.351200401783, 0.00600222591311, 5.74015211896e-06, 1.21266383601e-08, 9.39249233944e-10]
    },
    "gfcc": {
        "mean": [-173.090881348, 69.9421310425, -129.552062988, 28.1083641052, -66.3225708008, 8.59570026398, -43.377532959, 5.63418865204, -26.1071128845, -0.0613166578114, -15.3020009995, -7.02422904968, -9.1242685318],
        "cov": [[143424.28125, 10005.4003906, -18515.4277344, 4115.96923828, -9182.46777344, 1218.52502441, -6120.68994141, 728.567687988, -3891.35766602, 60.8908805847, -2230.94702148, -1034.62768555, -1473.38208008], [10005.4003906, 1740.69519043, -1353.37341309, 268.807830811, -579.647155762, -67.0146408081, -323.420776367, 0.0587144345045, -206.921340942, -53.6036529541, -80.4545288086, -142.808563232, -46.8238487244], [-18515.4277344, -1353.37341309, 3115.13110352, -438.341339111, 1185.00683594, -123.610023499, 748.222961426, -64.9979553223, 444.505767822, 8.17940807343, 226.719009399, 210.216033936, 129.319259644], [4115.96923828, 268.807830811, -438.341339111, 446.069976807, -206.348815918, 59.9792747498, -169.737442017, 12.047832489, -68.3533172607, -18.750869751, -34.7278900146, -19.5649204254, -16.332365036], [-9182.46777344, -579.647155762, 1185.00683594, -206.348815918, 885.936767578, -5.64894294739, 465.922485352, -44.3275299072, 253.994155884, 51.700553894, 162.229034424, 59.6655960083, 99.4501876831], [1218.52502441, -67.0146408081, -123.610023499, 59.9792747498, -5.64894294739, 242.678161621, 14.062710762, 22.7693271637, -32.7815361023, 48.7609939575, -2.71265387535, -4.24390697479, -13.0214500427], [-6120.68994141, -323.420776367, 748.222961426, -169.737442017, 465.922485352, 14.062710762, 440.488861084, -3.88696408272, 177.781921387, 22.8969173431, 132.231033325, 31.3958950043, 70.1553878784], [728.567687988, 0.0587144345045, -64.9979553223, 12.047832489, -44.3275299072, 22.7693271637, -3.88696408272, 109.58215332, -9.40116024017, 15.9071998596, -26.7528305054, 29.4684696198, -10.2810220718], [-3891.35766602, -206.921340942, 444.505767822, -68.3533172607, 253.994155884, -32.7815361023, 177.781921387, -9.40116024017, 215.093338013, 8.49610328674, 98.6697998047, 13.1693506241, 61.6686019897], [60.8908805847, -53.6036529541, 8.17940807343, -18.750869751, 51.700553894, 48.7609939575, 22.8969173431, 15.9071998596, 8.49610328674, 100.7682724, 13.6841239929, 10.2923192978, -12.6529197693], [-2230.94702148, -80.4545288086, 226.719009399, -34.7278900146, 162.229034424, -2.71265387535, 132.231033325, -26.7528305054, 98.6697998047, 13.6841239929, 135.299880981, 16.8344573975, 47.8962135315], [-1034.62768555, -142.808563232, 210.216033936, -19.5649204254, 59.6655960083, -4.24390697479, 31.3958950043, 29.4684696198, 13.1693506241, 10.2923192978, 16.8344573975, 104.194229126, 20.5879573822], [-1473.38208008, -46.8238487244, 129.319259644, -16.332365036, 99.4501876831, -13.0214500427, 70.1553878784, -10.2810220718, 61.6686019897, -12.6529197693, 47.8962135315, 20.5879573822, 89.1287078857]],
        "icov": [[0.000170615530806, -0.000314295233693, 0.000396796764107, -0.000439315859694, 0.000390038941987, -0.000415140326368, 0.000528076081537, -0.000349253503373, 0.000648003711831, -0.000470684841275, 0.000219181689317, -7.64214491937e-05, 0.000431981374277], [-0.000314295233693, 0.00158513803035, -0.00040762059507, 0.000507593911607, -0.000526673626155, 0.00135707552545, -0.00121043226682, 0.000538250256795, -0.000747966987547, 0.00091646699002, -0.000774544896558, 0.000868350616656, -0.00101435394026], [0.000396796764107, -0.00040762059507, 0.00200258987024, -0.000906216155272, 0.000232269201661, -0.000593517033849, 0.000502439099364, -0.000118225405458, 0.000722864351701, -0.000518863205798, 0.0010063451482, -0.0016600752715, 0.00178747239988], [-0.000439315859694, 0.000507593911607, -0.000906216155272, 0.00413127057254, -0.00112573930528, 2.38265274675e-05, -0.000201979273697, 0.000666050356813, -0.0020320028998, 0.00205024657771, -0.000978197203949, -9.83451172942e-05, -0.00118296442088], [0.000390038941987, -0.000526673626155, 0.000232269201661, -0.00112573930528, 0.00459265476093, -0.000919505197089, -0.00099472689908, 0.000249936361797, 0.00082694349112, -0.002653878415, 0.000635727308691, 0.00011467274453, -0.000136336762807], [-0.000415140326368, 0.00135707552545, -0.000593517033849, 2.38265274675e-05, -0.000919505197089, 0.00656457431614, -0.00252605532296, 0.00019543072267, -8.64225803525e-05, -0.00126697053201, -0.000798327324446, 0.000940989586525, -0.00119670911226], [0.000528076081537, -0.00121043226682, 0.000502439099364, -0.000201979273697, -0.00099472689908, -0.00252605532296, 0.00887993909419, -0.00350577873178, 0.00153926096391, -0.000634369207546, -0.00257801520638, 0.00148941308726, 0.000560803688131], [-0.000349253503373, 0.000538250256795, -0.000118225405458, 0.000666050356813, 0.000249936361797, 0.00019543072267, -0.00350577873178, 0.0135011440143, -0.0037561384961, -0.000535317580216, 0.00403184536844, -0.00548505876213, 0.000492635706905], [0.000648003711831, -0.000747966987547, 0.000722864351701, -0.0020320028998, 0.00082694349112, -8.64225803525e-05, 0.00153926096391, -0.0037561384961, 0.0133407684043, -0.00252962880768, -0.00393615150824, 0.00326824281365, -0.00191157474183], [-0.000470684841275, 0.00091646699002, -0.000518863205798, 0.00205024657771, -0.002653878415, -0.00126697053201, -0.000634369207546, -0.000535317580216, -0.00252962880768, 0.0143166072667, -0.00245386967435, -0.00135892897379, 0.00245806551538], [0.000219181689317, -0.000774544896558, 0.0010063451482, -0.000978197203949, 0.000635727308691, -0.000798327324446, -0.00257801520638, 0.00403184536844, -0.00393615150824, -0.00245386967435, 0.0153281958774, -0.00322608347051, -0.00187151855789], [-7.64214491937e-05, 0.000868350616656, -0.0016600752715, -9.83451172942e-05, 0.00011467274453, 0.000940989586525, 0.00148941308726, -0.00548505876213, 0.00326824281365, -0.00135892897379, -0.00322608347051, 0.0155721521005, -0.00452965777367], [0.000431981374277, -0.00101435394026, 0.00178747239988, -0.00118296442088, -0.000136336762807, -0.00119670911226, 0.000560803688131, 0.000492635706905, -0.00191157474183, 0.00245806551538, -0.00187151855789, -0.00452965777367, 0.0183339416981]]
    },
    "melbands": {
        "dmean": [4.90079364681e-05, 0.000104960956378, 0.000212222963455, 0.000244126858888, 0.00015990115935, 9.70451437752e-05, 0.000148985040141, 0.000170629689819, 0.000125210470287, 7.31526670279e-05, 8.22093788884e-05, 5.21195870533e-05, 3.07135342155e-05, 2.7390276955e-05, 3.06425135932e-05, 3.89797714888e-05, 8.89554867172e-05, 6.77802672726e-05, 2.63789552264e-05, 1.00044708233e-05, 1.86699217011e-05, 1.72164091055e-05, 1.09665770651e-05, 5.95785149926e-06, 7.25328891349e-06, 8.96220444702e-06, 6.21079925622e-06, 5.20248067915e-06, 4.81843426314e-06, 2.18977129407e-06, 2.15622549149e-06, 1.92723632608e-06, 1.85325745861e-06, 2.00590125132e-06, 1.85756732662e-06, 1.59308012826e-06, 1.81503810381e-06, 1.37885569984e-06, 7.69566554482e-07, 6.03935859544e-07],
        "dmean2": [7.74627187639e-05, 0.00016523731756, 0.000338085956173, 0.000411847402574, 0.000255370803643, 0.000149593746755, 0.000231958721997, 0.000265249866061, 0.00019028224051, 0.000111785979243, 0.000125768419821, 8.04844385129e-05, 4.89185658807e-05, 4.46101621492e-05, 4.73970430903e-05, 5.73258002987e-05, 0.000133108245791, 0.000101406687463, 4.24916579504e-05, 1.66875215655e-05, 3.09877686959e-05, 2.72249053523e-05, 1.77532583621e-05, 9.73645910562e-06, 1.17030458568e-05, 1.39128078445e-05, 9.78699335974e-06, 8.55754933582e-06, 7.4687036431e-06, 3.46222032022e-06, 3.38275913236e-06, 2.90600337394e-06, 2.76217315331e-06, 2.99359385281e-06, 2.78643324236e-06, 2.30438013205e-06, 2.38028133026e-06, 1.87212378933e-06, 1.06981201498e-06, 8.55188716287e-07],
        "dvar": [2.05108374729e-08, 8.05954485372e-08, 3.80817255063e-07, 2.46863550046e-07, 1.79608449002e-07, 1.07269009675e-07, 4.06216514648e-07, 4.89177864438e-07, 2.02477295375e-07, 9.49362544134e-08, 9.87663781871e-08, 2.92154478387e-08, 7.9724964408e-09, 4.92758323034e-09, 6.97036739439e-09, 2.0111635024e-08, 1.11895886334e-07, 6.37807673343e-08, 1.06036717185e-08, 1.20119625358e-09, 6.68850708152e-09, 3.54617823994e-09, 7.54615647747e-10, 1.88063425943e-10, 6.20475448798e-10, 1.56699231368e-09, 5.10853581659e-10, 1.42813461057e-09, 3.86980808509e-10, 8.02437352676e-11, 9.86344339537e-11, 9.00463592579e-11, 9.60404603068e-11, 1.22254040225e-10, 1.1613814771e-10, 1.0804926398e-10, 1.69690470009e-10, 9.45418188181e-11, 2.42270249001e-11, 1.74140007969e-11],
        "dvar2": [4.4987054082e-08, 1.95985293772e-07, 9.46255738654e-07, 6.59473641917e-07, 3.82244252251e-07, 2.15035782958e-07, 8.41102689719e-07, 1.13077533115e-06, 4.47985826213e-07, 2.14320664327e-07, 2.14179550539e-07, 7.23561868199e-08, 2.00619147961e-08, 1.2611398148e-08, 1.52417740651e-08, 3.86703042921e-08, 2.25422354561e-07, 1.25156759623e-07, 2.66046011888e-08, 3.24130655649e-09, 1.79392340982e-08, 7.97185695234e-09, 1.87813253838e-09, 4.71453653894e-10, 1.48521217547e-09, 3.69770747355e-09, 1.26402777134e-09, 3.99047284105e-09, 8.81967721078e-10, 1.89791390937e-10, 2.355844686e-10, 1.8653689704e-10, 2.05681055521e-10, 2.67469518755e-10, 2.5167853912e-10, 2.03882036254e-10, 2.71642791594e-10, 1.59931734522e-10, 4.11212834617e-11, 3.16804742162e-11],
        "max": [0.00225611613132, 0.0051232073456, 0.0109004927799, 0.00742890127003, 0.0175251066685, 0.01125441771, 0.0296828132123, 0.0339766554534, 0.0132144559175, 0.00870123878121, 0.0116615472361, 0.00587013829499, 0.00260586384684, 0.0016013153363, 0.0016741193831, 0.00458972342312, 0.00845087412745, 0.00558569468558, 0.00249115680344, 0.00129227677826, 0.00221764110029, 0.00244368310086, 0.000686316809151, 0.000345828710124, 0.000742736679967, 0.00152662291657, 0.000648091430776, 0.00213633477688, 0.00113832158968, 0.000410153064877, 0.000368985027308, 0.000321278552292, 0.000355920317816, 0.000417171628214, 0.000354095449438, 0.000394649105147, 0.000684471975546, 0.000452656007838, 0.00017971410125, 0.00018793946947],
        "mean": [7.80263508204e-05, 0.000165425852174, 0.000295748875942, 0.000386505533243, 0.000286734895781, 0.000153576896992, 0.000222332178964, 0.000235939238337, 0.000188762991456, 0.000106083178252, 0.000133936788188, 8.66152258823e-05, 4.87166726089e-05, 4.39974319306e-05, 4.8159436119e-05, 6.76470153849e-05, 0.00017498176021, 0.000120545490063, 5.09045057697e-05, 1.68697879417e-05, 2.79652576864e-05, 3.34737924277e-05, 1.9931982024e-05, 1.08339345388e-05, 1.23867766888e-05, 1.47665832628e-05, 1.06728148239e-05, 7.95211963123e-06, 8.00538418844e-06, 3.67301322513e-06, 3.30373268298e-06, 3.0743312891e-06, 2.79320352092e-06, 3.00956457977e-06, 2.79438813777e-06, 2.38349844039e-06, 2.58241152551e-06, 1.97699387172e-06, 1.09261213765e-06, 8.18298303784e-07],
        "median": [1.39236717587e-05, 7.0198555477e-05, 9.47950757109e-05, 0.000187720550457, 9.12253308343e-05, 6.00076527917e-05, 6.52995076962e-05, 5.85340894759e-05, 5.68417744944e-05, 2.39871915255e-05, 2.97311053146e-05, 2.06981058e-05, 1.37720580824e-05, 1.45126377902e-05, 1.31988290377e-05, 1.04887931229e-05, 1.34306774271e-05, 1.12982133942e-05, 7.91960883362e-06, 5.90175204707e-06, 7.59443173592e-06, 9.09796654014e-06, 6.22858988208e-06, 4.24602740168e-06, 4.29465853813e-06, 5.0657695283e-06, 3.77073229174e-06, 2.37862309405e-06, 2.25984081226e-06, 1.25632175241e-06, 8.16944066173e-07, 7.22024026345e-07, 6.57526015857e-07, 5.8907858147e-07, 4.22218363383e-07, 2.76985076653e-07, 1.98509695792e-07, 1.48291448454e-07, 1.11359256039e-07, 7.90685135144e-08],
        "min": [3.10653769603e-25, 4.44901674719e-25, 6.59491759677e-25, 3.47759420002e-25, 7.54946098576e-25, 7.58934234186e-25, 9.07702701985e-25, 6.51209952767e-25, 9.01951610163e-25, 1.09361877772e-24, 1.44785282291e-24, 1.4017050516e-24, 1.76541726056e-24, 1.37028827162e-24, 2.36853297704e-24, 2.12662049741e-24, 1.86136286259e-24, 2.29198783125e-24, 2.41238476868e-24, 2.01889365219e-24, 2.4965954731e-24, 2.34718403436e-24, 2.8069617522e-24, 2.7742222497e-24, 2.51023093384e-24, 3.25628193546e-24, 3.32819587609e-24, 4.03063628028e-24, 2.22703479925e-24, 3.6353305865e-24, 3.58205092096e-24, 4.25428584109e-24, 4.69277614741e-24, 4.79537145244e-24, 4.87315313769e-24, 4.4817732102e-24, 4.41398599819e-24, 5.04233421958e-24, 5.06635306199e-24, 5.06922372682e-24],
        "var": [2.85283228152e-08, 9.86072237197e-08, 4.80733149288e-07, 3.7181067114e-07, 4.20194311346e-07, 1.94875298121e-07, 6.06639048328e-07, 5.92405740463e-07, 2.91893542226e-07, 1.35995506412e-07, 2.19438220483e-07, 7.62461596082e-08, 1.45016176845e-08, 8.95543550428e-09, 1.37584823534e-08, 6.28801828384e-08, 4.2767942432e-07, 1.80951943207e-07, 3.66265950902e-08, 1.75095649091e-09, 1.02296944249e-08, 1.14785105865e-08, 1.86161464022e-09, 3.97873456404e-10, 1.0147442886e-09, 2.01235428321e-09, 7.53930307074e-10, 1.13943143809e-09, 6.73341105095e-10, 1.24063537221e-10, 1.53147203252e-10, 1.64714880624e-10, 1.52632975703e-10, 1.97489510856e-10, 2.13919951197e-10, 2.13585121811e-10, 3.69192149074e-10, 1.96397981211e-10, 4.90583650092e-11, 3.25859270123e-11]
    },
    "mfcc": {
        "mean": [-722.430969238, 89.2447128296, -14.967461586, 13.4313106537, -6.01789617538, -2.76545977592, -7.34358930588, -3.60588788986, -7.04548311234, 0.0507175512612, -3.61252379417, -3.57404637337, -4.4667725563],
        "cov": [[32129.0097656, 5481.79150391, -1321.73693848, 1037.04174805, -387.105926514, -40.0315208435, -347.026000977, -237.803970337, -580.436035156, 74.4234390259, -211.610794067, -251.663391113, -302.240264893], [5481.79150391, 2105.76953125, -275.082977295, 252.593322754, -134.287307739, -80.6205825806, -72.6535720825, -61.616607666, -95.2704849243, -3.81682324409, -17.8846302032, -49.9487991333, -44.2746315002], [-1321.73693848, -275.082977295, 619.126586914, 18.2552185059, 56.3952827454, 9.08717441559, -25.0967063904, 34.4171028137, 12.9112300873, -58.5860290527, -2.43746709824, 11.8615179062, 12.5459604263], [1037.04174805, 252.593322754, 18.2552185059, 307.279846191, 48.89402771, 4.73036670685, -23.1625919342, 7.71060323715, -9.30994510651, -11.288901329, -22.6557636261, 9.2501411438, 22.3273200989], [-387.105926514, -134.287307739, 56.3952827454, 48.89402771, 189.605667114, 61.1943130493, 16.6414089203, 7.23739337921, 24.962228775, 6.23052215576, -3.66618895531, 17.6013946533, 17.3093109131], [-40.0315208435, -80.6205825806, 9.08717441559, 4.73036670685, 61.1943130493, 177.619262695, 91.4632110596, 14.0688962936, 18.9158916473, 36.3559494019, 37.4790420532, 7.58027172089, 2.41170048714], [-347.026000977, -72.6535720825, -25.0967063904, -23.1625919342, 16.6414089203, 91.4632110596, 173.890289307, 35.1645774841, 29.3320827484, 31.7452163696, 36.8396911621, 8.47819328308, 3.17266082764], [-237.803970337, -61.616607666, 34.4171028137, 7.71060323715, 7.23739337921, 14.0688962936, 35.1645774841, 100.787582397, 31.0417327881, -0.18010148406, 8.45593452454, 13.7348823547, 19.5822677612], [-580.436035156, -95.2704849243, 12.9112300873, -9.30994510651, 24.962228775, 18.9158916473, 29.3320827484, 31.0417327881, 98.5240097046, 20.5630893707, 13.0657157898, 9.69361591339, 11.67902565], [74.4234390259, -3.81682324409, -58.5860290527, -11.288901329, 6.23052215576, 36.3559494019, 31.7452163696, -0.18010148406, 20.5630893707, 95.1072158813, 33.1585044861, 5.9715013504, -3.74966025352], [-211.610794067, -17.8846302032, -2.43746709824, -22.6557636261, -3.66618895531, 37.4790420532, 36.8396911621, 8.45593452454, 13.0657157898, 33.1585044861, 87.8946914673, 17.9401245117, -6.83634996414], [-251.663391113, -49.9487991333, 11.8615179062, 9.2501411438, 17.6013946533, 7.58027172089, 8.47819328308, 13.7348823547, 9.69361591339, 5.9715013504, 17.9401245117, 79.577911377, 32.4543190002], [-302.240264893, -44.2746315002, 12.5459604263, 22.3273200989, 17.3093109131, 2.41170048714, 3.17266082764, 19.5822677612, 11.67902565, -3.74966025352, -6.83634996414, 32.4543190002, 77.3539199829]],
