{
"lowlevel": {
    "average_loudness": 0.953352034092,
    "barkbands_crest": {
        "dmean": 2.6987195015,
        "dmean2": 4.34487438202,
        "dvar": 6.15065288544,
        "dvar2": 14.7388238907,
        "max": 25.1602706909,
        "mean": 9.2364320755,
        "median": 8.33229064941,
        "min": 2.34785914421,
        "var": 18.2195510864
    },
    "barkbands_flatness_db": {
        "dmean": 0.0213038194925,
        "dmean2": 0.0343153476715,
        "dvar": 0.000384336919524,
        "dvar2": 0.000883177912328,
        "max": 0.382928490639,
        "mean": 0.157523468137,
        "median": 0.152303919196,
        "min": 0.0274058189243,
        "var": 0.00155162345618
    },
    "barkbands_kurtosis": {
        "dmean": 1.69974017143,
        "dmean2": 2.66371154785,
        "dvar": 19.9190120697,
        "dvar2": 45.066822052,
        "max": 150.621780396,
        "mean": 1.38464975357,
        "median": -0.309487581253,
        "min": -1.90783500671,
        "var": 39.4538955688
    },
    "barkbands_skewness": {
        "dmean": 0.465130478144,
        "dmean2": 0.710823655128,
        "dvar": 0.267310202122,
        "dvar2": 0.588994503021,
        "max": 9.81411457062,
        "mean": 0.924613535404,
        "median": 0.743032932281,
        "min": -2.21110105515,
        "var": 1.18293190002
    },
    "barkbands_spread": {
        "dmean": 6.29273080826,
        "dmean2": 9.69640636444,
        "dvar": 46.5189552307,
        "dvar2": 97.3338394165,
        "max": 99.5366287231,
        "mean": 30.418718338,
        "median": 28.9604377747,
        "min": 1.01793253422,
        "var": 205.378433228
    },
    "dissonance": {
        "dmean": 0.0130851818249,
        "dmean2": 0.0220854729414,
        "dvar": 0.000178125366801,
        "dvar2": 0.000485167489387,
        "max": 0.500000119209,
        "mean": 0.476842939854,
        "median": 0.481917411089,
        "min": 0.356139153242,
        "var": 0.000357377139153
    },
    "dynamic_complexity": 2.38280272484,
    "erbbands_crest": {
        "dmean": 2.3883702755,
        "dmean2": 3.88345336914,
        "dvar": 5.93307495117,
        "dvar2": 14.4919071198,
        "max": 30.1599311829,
        "mean": 8.09055995941,
        "median": 6.83329439163,
        "min": 2.56864070892,
        "var": 18.6419181824
    },
    "erbbands_flatness_db": {
        "dmean": 0.0138086946681,
        "dmean2": 0.0203425623477,
        "dvar": 0.000188844787772,
        "dvar2": 0.000379472476197,
        "max": 0.336264014244,
        "mean": 0.19301442802,
        "median": 0.189524129033,
        "min": 0.0781433284283,
        "var": 0.00127296545543
    },
    "erbbands_kurtosis": {
        "dmean": 0.700392603874,
        "dmean2": 1.11741900444,
        "dvar": 1.03449463844,
        "dvar2": 2.34001255035,
        "max": 22.3551902771,
        "mean": -0.0574992783368,
        "median": -0.427010536194,
        "min": -1.75326895714,
        "var": 2.26749110222
    },
    "erbbands_skewness": {
        "dmean": 0.32566472888,
        "dmean2": 0.495183110237,
        "dvar": 0.0976491272449,
        "dvar2": 0.202555954456,
        "max": 3.38714337349,
        "mean": -0.165721461177,
        "median": -0.219048678875,
        "min": -3.57284474373,
        "var": 0.509480714798
    },
    "erbbands_spread": {
        "dmean": 6.69748067856,
        "dmean2": 10.4179878235,
        "dvar": 46.2248649597,
        "dvar2": 110.872612,
        "max": 122.960868835,
        "mean": 37.0012779236,
        "median": 35.2321243286,
        "min": 4.16733598709,
        "var": 186.453567505
    },
    "hfc": {
        "dmean": 7.06198787689,
        "dmean2": 9.88989925385,
        "dvar": 108.877151489,
        "dvar2": 185.669692993,
        "max": 198.85975647,
        "mean": 24.6291618347,
        "median": 19.9590740204,
        "min": 1.10809505287e-16,
        "var": 402.558227539
    },
    "melbands_crest": {
        "dmean": 3.34494996071,
        "dmean2": 5.41599988937,
        "dvar": 8.6446647644,
        "dvar2": 21.8876285553,
        "max": 31.7248420715,
        "mean": 13.4405851364,
        "median": 12.669670105,
        "min": 1.02760791779,
        "var": 29.1436805725
    },
    "melbands_flatness_db": {
        "dmean": 0.0261286403984,
        "dmean2": 0.039154779166,
        "dvar": 0.000712962239049,
        "dvar2": 0.0014321814524,
        "max": 0.465323984623,
        "mean": 0.162564843893,
        "median": 0.152695685625,
        "min": 1.17100335046e-05,
        "var": 0.00418130960315
    },
    "melbands_kurtosis": {
        "dmean": 4.74489593506,
        "dmean2": 7.46876764297,
        "dvar": 115.132606506,
        "dvar2": 271.347381592,
        "max": 258.282043457,
        "mean": 7.85562086105,
        "median": 3.42292451859,
        "min": -1.77745938301,
        "var": 227.217666626
    },
    "melbands_skewness": {
        "dmean": 0.629222631454,
        "dmean2": 0.971769928932,
        "dvar": 0.502993285656,
        "dvar2": 1.17958724499,
        "max": 13.1488676071,
        "mean": 2.11793398857,
        "median": 1.82758009434,
        "min": -0.678334414959,
        "var": 2.09477138519
    },
    "melbands_spread": {
        "dmean": 10.3693284988,
        "dmean2": 15.6781349182,
        "dvar": 164.305786133,
        "dvar2": 311.516937256,
        "max": 220.676223755,
        "mean": 37.7489128113,
        "median": 33.8545913696,
        "min": 0.765886843204,
        "var": 633.620605469
    },
    "pitch_salience": {
        "dmean": 0.0729190483689,
        "dmean2": 0.115860156715,
        "dvar": 0.00442572962493,
        "dvar2": 0.0103472024202,
        "max": 0.997447252274,
        "mean": 0.545543313026,
        "median": 0.553459107876,
        "min": 0.12472204119,
        "var": 0.0147103592753
    },
    "silence_rate_20dB": {
        "dmean": 0,
        "dmean2": 0,
        "dvar": 0,
        "dvar2": 0,
        "max": 1,
        "mean": 1,
        "median": 1,
        "min": 1,
        "var": 0
    },
    "silence_rate_30dB": {
        "dmean": 0,
        "dmean2": 0,
        "dvar": 0,
        "dvar2": 0,
        "max": 1,
        "mean": 1,
        "median": 1,
        "min": 1,
        "var": 0
    },
    "silence_rate_60dB": {
        "dmean": 0.00447486201301,
        "dmean2": 0.00895090121776,
        "dvar": 0.00445414753631,
        "dvar2": 0.00992499571294,
        "max": 1,
        "mean": 0.0138176074252,
        "median": 0,
        "min": 0,
        "var": 0.0136265046895
    },
    "spectral_centroid": {
        "dmean": 280.903747559,
        "dmean2": 419.579437256,
        "dvar": 90531.125,
        "dvar2": 163204.4375,
        "max": 11166.3896484,
        "mean": 2015.39660645,
        "median": 2034.38122559,
        "min": 223.437210083,
        "var": 546234.3125
    },
    "spectral_complexity": {
        "dmean": 4.66622781754,
        "dmean2": 7.09569549561,
        "dvar": 23.3433189392,
        "dvar2": 45.5312957764,
        "max": 57,
        "mean": 25.3120155334,
        "median": 25,
        "min": 0,
        "var": 110.907226562
    },
    "spectral_decrease": {
        "dmean": 1.56086266134e-09,
        "dmean2": 2.41276087998e-09,
        "dvar": 2.75947142155e-18,
        "dvar2": 6.77236383504e-18,
        "max": 2.95746223557e-29,
        "mean": -5.2905559933e-09,
        "median": -4.86562035107e-09,
        "min": -2.35151311756e-08,
        "var": 8.81378313468e-18
    },
    "spectral_energy": {
        "dmean": 0.00632550567389,
        "dmean2": 0.00969745777547,
        "dvar": 4.33889144915e-05,
        "dvar2": 0.000104369813926,
        "max": 0.0900108292699,
        "mean": 0.0222017504275,
        "median": 0.0207811947912,
        "min": 1.03904038902e-20,
        "var": 0.000146684993524
    },
    "spectral_energyband_high": {
        "dmean": 0.000566297268961,
        "dmean2": 0.000771233346313,
        "dvar": 1.79466667305e-06,
        "dvar2": 2.79451683127e-06,
        "max": 0.026712346822,
        "mean": 0.00130432250444,
        "median": 0.000633048301097,
        "min": 7.508135051e-21,
        "var": 5.11326334163e-06
    },
    "spectral_energyband_low": {
        "dmean": 0.00343785854056,
        "dmean2": 0.00555855082348,
        "dvar": 2.81668344542e-05,
        "dvar2": 7.1796355769e-05,
        "max": 0.0849605798721,
        "mean": 0.00676510622725,
        "median": 0.00457261968404,
        "min": 6.91112961128e-23,
        "var": 5.78823273827e-05
    },
    "spectral_energyband_middle_high": {
        "dmean": 0.0019114051247,
        "dmean2": 0.00285602360964,
        "dvar": 6.72802343615e-06,
        "dvar2": 1.40740548886e-05,
        "max": 0.0465941242874,
        "mean": 0.00654834136367,
        "median": 0.00475901644677,
        "min": 1.51277086577e-21,
        "var": 3.45214648405e-05
    },
    "spectral_energyband_middle_low": {
        "dmean": 0.00324758514762,
        "dmean2": 0.00498429080471,
        "dvar": 2.02191040444e-05,
        "dvar2": 4.71029125038e-05,
        "max": 0.074369803071,
        "mean": 0.00803763605654,
        "median": 0.00553683191538,
        "min": 1.97717749635e-22,
        "var": 5.76197271585e-05
    },
    "spectral_entropy": {
        "dmean": 0.115670092404,
        "dmean2": 0.165614187717,
        "dvar": 0.0175824891776,
        "dvar2": 0.0309633500874,
        "max": 9.80371189117,
        "mean": 7.69702959061,
        "median": 7.69920063019,
        "min": 6.28583097458,
        "var": 0.101639777422
    },
    "spectral_flux": {
        "dmean": 0.0191824510694,
        "dmean2": 0.0300938040018,
        "dvar": 0.0003440969449,
        "dvar2": 0.000823845271952,
        "max": 0.254499554634,
        "mean": 0.0820302665234,
        "median": 0.0794935077429,
        "min": 6.61229959675e-11,
        "var": 0.00104322761763
    },
    "spectral_kurtosis": {
        "dmean": 1.7073302269,
        "dmean2": 2.98094582558,
        "dvar": 3.1155500412,
        "dvar2": 9.46362113953,
        "max": 19.9301280975,
        "mean": 2.67009091377,
        "median": 2.04662132263,
        "min": -1.25023758411,
        "var": 5.41638278961
    },
    "spectral_rms": {
        "dmean": 0.000650926027447,
        "dmean2": 0.000983375357464,
        "dvar": 3.59095423619e-07,
        "dvar2": 8.19872525426e-07,
        "max": 0.0093709891662,
        "mean": 0.00446909898892,
        "median": 0.00450270297006,
        "min": 3.18386224503e-12,
        "var": 1.68736869455e-06
    },
    "spectral_rolloff": {
        "dmean": 582.638671875,
        "dmean2": 931.710876465,
        "dvar": 596354.75,
        "dvar2": 1112173.375,
        "max": 18798.4863281,
        "mean": 2287.95800781,
        "median": 2174.85351562,
        "min": 86.1328125,
        "var": 2365487.5
    },
    "spectral_skewness": {
        "dmean": 0.214978933334,
        "dmean2": 0.360857099295,
        "dvar": 0.0405749827623,
        "dvar2": 0.111588709056,
        "max": 2.99304938316,
        "mean": 0.872528612614,
        "median": 0.829421699047,
        "min": -0.256122976542,
        "var": 0.143534049392
    },
    "spectral_spread": {
        "dmean": 302786.5625,
        "dmean2": 452867.1875,
        "dvar": 292781555712,
        "dvar2": 416011517952,
        "max": 42166476,
        "mean": 3397467,
        "median": 3248591,
        "min": 1866710.125,
        "var": 1.23481004442e+12
    },
    "spectral_strongpeak": {
        "dmean": 0.635670423508,
        "dmean2": 1.05109250546,
        "dvar": 1.41426134109,
        "dvar2": 3.41962575912,
        "max": 25.4893875122,
        "mean": 1.08961093426,
        "median": 0.380359530449,
        "min": 0,
        "var": 2.81349539757
    },
    "zerocrossingrate": {
        "dmean": 0.0106914825737,
        "dmean2": 0.0122604416683,
        "dvar": 0.000175299748662,
        "dvar2": 0.000189724509255,
        "max": 0.5087890625,
        "mean": 0.0739611461759,
        "median": 0.0693359375,
        "min": 0.00390625,
        "var": 0.00145013979636
    },
    "barkbands": {
        "dmean": [3.85966777685e-05, 0.00281273131259, 0.00105241371784, 0.000486784847453, 0.00104445137549, 0.000553257879801, 0.000472593004815, 0.0012277958449, 0.00116007553879, 0.000491221726406, 0.000191137063666, 0.000331629969878, 0.000525539508089, 0.000541936431546, 0.000304255168885, 0.000224580508075, 0.000344419240719, 0.000222919115913, 0.000463942094939, 0.000252068770351, 0.000202365205041, 0.000159302799148, 0.000126071434352, 5.65475456824e-05, 1.29668114823e-05, 4.96624519286e-09, 1.47350431856e-09],
        "dmean2": [6.51829614071e-05, 0.00450660893694, 0.00176367012318, 0.000779021997005, 0.00163509941194, 0.000878467515577, 0.000755338813178, 0.00198452174664, 0.00186331965961, 0.000766203389503, 0.000309860799462, 0.000536052393727, 0.000836805265862, 0.000872311589774, 0.000499046000186, 0.000367422675481, 0.000549359770957, 0.000360583711881, 0.000713390647434, 0.000390019064071, 0.000296577927656, 0.000225039970246, 0.000173483931576, 7.91110578575e-05, 1.92909537873e-05, 9.11785313917e-09, 2.67343058802e-09],
        "dvar": [3.05184788552e-09, 2.2392550818e-05, 3.68591213373e-06, 9.83473796623e-07, 2.92497952614e-06, 1.12754025849e-06, 1.68485212271e-06, 9.51731271925e-06, 8.08227014204e-06, 1.14592728551e-06, 2.43649679987e-07, 3.32700608396e-07, 1.3124307543e-06, 1.8616201487e-06, 3.55196618784e-07, 1.45694087905e-07, 3.12313659379e-07, 1.25041211163e-07, 8.41221265091e-07, 1.88554722058e-07, 1.63195622349e-07, 1.89317503896e-07, 2.09985671518e-07, 4.93877685415e-08, 3.65739993846e-09, 1.15337469461e-15, 3.58443663763e-17],
        "dvar2": [7.9616020443e-09, 5.42484376638e-05, 9.93761386781e-06, 2.64130039795e-06, 6.74293823977e-06, 2.64729237642e-06, 3.99465989176e-06, 2.23663155339e-05, 1.87774112419e-05, 2.66297342932e-06, 6.1945172547e-07, 8.33972819692e-07, 3.07213758788e-06, 4.58779413748e-06, 9.07717719656e-07, 3.63491977851e-07, 7.07736887762e-07, 3.20802200804e-07, 1.76277865194e-06, 4.12158243535e-07, 2.84220988078e-07, 3.22221183069e-07, 3.82296747148e-07, 9.93876696498e-08, 8.86805207045e-09, 3.33263228449e-15, 9.56799682191e-17],
        "max": [0.000809988705441, 0.0824097543955, 0.030701732263, 0.029706524685, 0.0337271504104, 0.0258382577449, 0.0557545162737, 0.0581973567605, 0.0511648394167, 0.0259060673416, 0.0179326627403, 0.0125958099961, 0.0305871684104, 0.0310039557517, 0.0114579712972, 0.00753347342834, 0.0142726143822, 0.00982283428311, 0.0245219748467, 0.0123610142618, 0.0224393345416, 0.0109848938882, 0.0119702294469, 0.00636497326195, 0.00268286396749, 9.75012312665e-07, 1.54486642145e-07],
        "mean": [5.08020930283e-05, 0.00472628138959, 0.00166157109197, 0.00071278156247, 0.0016320142895, 0.000999953597784, 0.000806458701845, 0.00186290347483, 0.0017776087625, 0.00084296107525, 0.000272525125183, 0.000578649516683, 0.00090658798581, 0.000811868696474, 0.000500252470374, 0.000402353907702, 0.00063376466278, 0.000448996695923, 0.000975033151917, 0.000537165033165, 0.000415306654759, 0.000305449822918, 0.000225767798838, 9.5127390523e-05, 1.95648080989e-05, 3.30623461942e-09, 1.12228171201e-09],
        "median": [2.95501504297e-05, 0.00256361300126, 0.000805113348179, 0.000302625296172, 0.000784327858128, 0.00048215512652, 0.000332450959831, 0.000473398366012, 0.000510998477694, 0.000322743551806, 0.000120579636132, 0.00028125877725, 0.000301519932691, 0.000294440163998, 0.000260099128354, 0.00020737828163, 0.000341390492395, 0.000300069368677, 0.000492073653731, 0.000354729243554, 0.000214763640543, 9.87358725979e-05, 6.00858438702e-05, 2.84248453681e-05, 4.86789213028e-06, 3.81785714154e-10, 3.22982474099e-10],
        "min": [1.01406065659e-23, 9.70962345443e-24, 2.30099524228e-23, 1.43663167096e-23, 2.74535459485e-23, 2.19621715913e-23, 3.26313007642e-23, 7.18543264079e-24, 2.65524459137e-23, 1.95776943548e-23, 7.04202246139e-23, 6.89888775221e-23, 7.32976988953e-23, 1.21126524905e-22, 8.40030841155e-23, 1.58034322678e-22, 2.09440058603e-22, 1.35341217816e-22, 2.04026718367e-22, 2.95203791907e-22, 3.55843113172e-22, 5.19781737871e-22, 6.3812364689e-22, 7.2747525843e-22, 1.16605061973e-21, 1.38907232615e-21, 2.2590340899e-21],
        "var": [4.461598202e-09, 4.10349239246e-05, 5.26481881025e-06, 1.69832230767e-06, 6.19713546257e-06, 2.96999178317e-06, 4.19569914811e-06, 2.00101767405e-05, 1.62376418302e-05, 2.74256217381e-06, 3.31894142391e-07, 7.71444433667e-07, 3.82153257306e-06, 2.93539164886e-06, 6.15745307186e-07, 3.398786248e-07, 7.59211957302e-07, 2.79289878335e-07, 2.59762305177e-06, 4.42941001211e-07, 4.89872263643e-07, 4.65607655542e-07, 4.58523800262e-07, 8.78172414787e-08, 5.85188786317e-09, 6.68168440854e-16, 2.37594693851e-17]
    },
    "erbbands": {
        "dmean": [0.0648936480284, 0.701484620571, 1.33813083172, 1.15711784363, 3.24055194855, 3.36453604698, 3.70284295082, 4.84522819519, 6.13559007645, 10.096903801, 31.9362449646, 28.3443031311, 15.0056905746, 14.4863767624, 6.68469810486, 14.7704820633, 22.1351318359, 28.0942306519, 18.6529655457, 11.1121559143, 13.6698961258, 16.7993946075, 12.1382274628, 14.8893022537, 24.6523723602, 11.0172662735, 10.4684476852, 6.12727928162, 5.07396364212, 5.21520900726, 3.76466107368, 1.68671929836, 0.719587743282, 0.281651824713, 0.0138047635555, 0.000456573499832, 4.96696920891e-05, 1.03321881397e-05, 5.29969383933e-06, 8.12394137029e-06],
        "dmean2": [0.0999708026648, 1.13247096539, 2.23605966568, 1.83077275753, 4.96058225632, 5.49337005615, 5.93462467194, 7.71371364594, 9.817278862, 16.0473442078, 51.7795372009, 45.432723999, 23.4875278473, 22.7037792206, 10.7529459, 23.7610263824, 34.7699623108, 44.7298469543, 30.2217197418, 18.0434932709, 22.0569515228, 26.4739379883, 19.4201869965, 23.1943893433, 37.718421936, 16.7516613007, 15.4280109406, 8.95704650879, 7.12452030182, 7.47800683975, 5.25259256363, 2.35553860664, 1.0242806673, 0.405734628439, 0.0204312391579, 0.00065362645546, 6.98723597452e-05, 1.43441702676e-05, 7.48658521843e-06, 1.21146549645e-05],
        "dvar": [0.0126075781882, 1.38121604919, 5.54936742783, 4.59003591537, 31.0993480682, 48.0478744507, 53.3947143555, 106.007598877, 262.254486084, 696.559753418, 6673.58740234, 5775.30664062, 1019.78222656, 1254.4979248, 121.070098877, 748.986206055, 2305.64599609, 4946.37597656, 1369.28430176, 428.028045654, 523.611938477, 748.477539062, 360.040588379, 836.272338867, 2495.5144043, 342.80645752, 538.777404785, 158.819656372, 174.31362915, 260.030609131, 236.475341797, 42.758266449, 7.81055355072, 1.6845471859, 0.00491056637838, 4.23972005592e-06, 3.24254578743e-08, 1.11326881047e-09, 8.04054739456e-11, 7.31739183135e-11],
        "dvar2": [0.0294508803636, 3.37646269798, 15.0551490784, 11.8629627228, 64.4815216064, 117.536804199, 125.57572937, 248.196502686, 612.565429688, 1546.95727539, 15990.109375, 13369.7148438, 2345.59960938, 3021.89648438, 291.355072021, 1891.99841309, 5326.078125, 11950.9140625, 3438.23510742, 1139.86022949, 1230.58435059, 1682.28930664, 907.639221191, 1931.63024902, 5097.11767578, 708.29473877, 934.960998535, 300.948883057, 301.069000244, 461.31149292, 458.84487915, 85.4993972778, 15.3403024673, 3.94015955925, 0.0123464008793, 9.96934977593e-06, 7.0069091862e-08, 2.27418017751e-09, 1.42297354455e-10, 1.58110566306e-10],
        "max": [1.76686286926, 20.4037361145, 36.0790748596, 57.5525932312, 99.0023574829, 167.667266846, 188.26852417, 211.073196411, 820.326538086, 955.726989746, 1608.19165039, 1582.125, 866.642883301, 817.436462402, 295.899902344, 643.682373047, 1545.62390137, 1354.21374512, 649.08795166, 770.03338623, 472.543823242, 467.072937012, 550.705932617, 920.323059082, 1205.95202637, 562.944458008, 1504.74768066, 289.764862061, 310.079467773, 370.296173096, 478.593505859, 155.650024414, 71.3525390625, 58.3917198181, 3.44954609871, 0.0953186303377, 0.00670870533213, 0.000917065655813, 0.000205630785786, 0.000117831332318],
        "mean": [0.106086395681, 1.15926671028, 2.27610492706, 1.99897384644, 4.72557687759, 4.91875696182, 6.00231027603, 8.58236122131, 10.7673196793, 16.8978481293, 50.1053504944, 43.5494766235, 26.6285877228, 24.5830821991, 12.9759702682, 27.1607666016, 41.4089927673, 47.1718444824, 31.0635223389, 21.3782081604, 26.4094791412, 33.4137649536, 26.6318092346, 32.8287506104, 51.4934234619, 25.3536281586, 21.6135444641, 12.9243278503, 10.0003728867, 9.31817722321, 6.41014051437, 2.86832141876, 1.19443976879, 0.448278844357, 0.0208499711007, 0.000756766239647, 9.05986307771e-05, 2.06647036975e-05, 1.73948283191e-05, 2.90119787678e-05],
        "median": [0.0541602708399, 0.620126485825, 1.2833520174, 1.14611279964, 1.95964396, 2.08580255508, 2.8442606926, 3.91009116173, 4.99131059647, 6.80843019485, 13.2318410873, 12.8949565887, 11.7528715134, 9.27735042572, 7.91409015656, 13.1051149368, 16.0674686432, 16.9682807922, 15.9184408188, 12.0696840286, 14.2012462616, 18.9232749939, 18.5369701385, 19.2222366333, 27.1771659851, 16.5915126801, 11.5753383636, 6.2191696167, 3.41361236572, 2.68819856644, 1.52935147285, 0.826756596565, 0.344336867332, 0.117622755468, 0.00494740018621, 0.000218288842007, 3.59658624802e-05, 9.81373523246e-06, 1.47780583575e-05, 2.70039454335e-05],
        "min": [3.95962837007e-22, 2.49062264904e-21, 2.70895155951e-20, 5.79543675164e-20, 7.65931636356e-20, 7.74386714686e-20, 7.91876414762e-20, 2.7926803967e-19, 3.19959044405e-19, 4.11248428715e-19, 2.47071611139e-19, 6.93777369456e-19, 5.19995046264e-19, 1.94975610725e-18, 3.12237044553e-18, 3.01069361821e-18, 3.26545862943e-18, 5.09886454569e-18, 3.21873615971e-18, 3.42801306148e-18, 1.23040212713e-17, 1.04932873417e-17, 7.79199835686e-18, 1.01797155792e-17, 1.38101103716e-17, 1.4075313575e-17, 1.59717905654e-17, 1.5284777362e-17, 1.82676816407e-17, 1.38406631147e-17, 1.6867422028e-17, 1.49827952271e-17, 1.26788796726e-17, 1.19432241133e-17, 7.01473064965e-18, 5.21296583938e-18, 2.38312161363e-18, 1.24203464401e-18, 3.17632754028e-19, 3.0826446184e-20],
        "var": [0.0230640489608, 2.50433588028, 8.64996528625, 8.75927734375, 57.9550895691, 96.0486755371, 118.822174072, 270.246856689, 612.474121094, 1789.75549316, 13664.4550781, 11224.7666016, 2091.15795898, 2801.42651367, 265.249206543, 1818.15734863, 7211.65625, 9828.671875, 2354.86791992, 949.297058105, 1369.67285156, 1874.70703125, 849.925537109, 2411.32641602, 7349.95996094, 967.856018066, 1517.07751465, 409.21762085, 435.642120361, 583.883300781, 472.233306885, 80.7016677856, 13.7204151154, 2.84350848198, 0.0072959898971, 7.06766286385e-06, 5.85791326557e-08, 2.08949901825e-09, 2.19459159179e-10, 2.60210575309e-10]
    },
    "gfcc": {
        "mean": [-13.3998031616, 123.153892517, -168.156219482, 67.7775039673, -69.5389633179, 15.9156360626, -21.2720966339, 0.248850136995, -2.25127649307, -15.0974054337, 8.39182090759, -23.2961616516, 1.58508014679],
        "cov": [[2923.328125, -759.550292969, -376.252471924, 196.334991455, -391.861968994, 203.591186523, -147.613510132, 56.1279907227, -34.9240493774, 85.2884902954, -86.496635437, -3.80693650246, 11.1431264877], [-759.550292969, 967.196960449, 72.8377609253, -205.326171875, 398.90246582, -161.558929443, 176.711791992, 20.2891044617, 102.444717407, -42.0598068237, 113.267433167, -25.5515136719, 25.248998642], [-376.252471924, 72.8377609253, 500.229675293, 167.214859009, 32.6567420959, 122.304756165, -37.8166427612, 13.2356290817, 34.7378311157, -10.4922237396, -9.42400169373, 50.5321159363, 14.6145658493], [196.334991455, -205.326171875, 167.214859009, 261.778442383, -22.0155582428, 88.2009277344, -54.2519302368, -0.29409044981, -8.13328838348, 11.3657712936, -23.8055000305, 39.6475067139, 13.0156879425], [-391.861968994, 398.90246582, 32.6567420959, -22.0155582428, 365.606628418, -11.9124755859, 108.304862976, 50.0388336182, 49.6620445251, 4.34340047836, 81.7507781982, -9.32651805878, 21.8702697754], [203.591186523, -161.558929443, 122.304756165, 88.2009277344, -11.9124755859, 212.60218811, 27.1319198608, 36.6280212402, -7.40785741806, 18.043296814, 1.43123137951, 19.288236618, 3.50959181786], [-147.613510132, 176.711791992, -37.8166427612, -54.2519302368, 108.304862976, 27.1319198608, 237.407241821, 66.7793045044, 13.7343845367, 16.5620250702, 59.9056358337, -18.128118515, -12.0746641159], [56.1279907227, 20.2891044617, 13.2356290817, -0.29409044981, 50.0388336182, 36.6280212402, 66.7793045044, 107.131492615, 44.6546096802, 23.4357757568, 20.0106010437, -5.37407636642, 3.32029986382], [-34.9240493774, 102.444717407, 34.7378311157, -8.13328838348, 49.6620445251, -7.40785741806, 13.7343845367, 44.6546096802, 122.983253479, 37.2503166199, 6.2548995018, 4.20572853088, 8.84861373901], [85.2884902954, -42.0598068237, -10.4922237396, 11.3657712936, 4.34340047836, 18.043296814, 16.5620250702, 23.4357757568, 37.2503166199, 70.0802993774, 29.3716449738, 0.723730504513, 5.10457324982], [-86.496635437, 113.267433167, -9.42400169373, -23.8055000305, 81.7507781982, 1.43123137951, 59.9056358337, 20.0106010437, 6.2548995018, 29.3716449738, 89.5667419434, 23.5308246613, 5.4907040596], [-3.80693650246, -25.5515136719, 50.5321159363, 39.6475067139, -9.32651805878, 19.288236618, -18.128118515, -5.37407636642, 4.20572853088, 0.723730504513, 23.5308246613, 66.416229248, 26.5064468384], [11.1431264877, 25.248998642, 14.6145658493, 13.0156879425, 21.8702697754, 3.50959181786, -12.0746641159, 3.32029986382, 8.84861373901, 5.10457324982, 5.4907040596, 26.5064468384, 57.6009864807]],
        "icov": [[0.00076521554729, -0.000657299708109, 0.00137918977998, -0.00119482062291, 0.00110164505895, -0.00132243696135, 0.000795423751697, -0.0010115444893, 0.000275824975688, -0.000789136742242, 0.000344375002896, 2.58371546806e-05, -6.96639181115e-05], [-0.000657299708109, 0.00649950513616, -0.00386809464544, 0.00401896284893, -0.00440420210361, 0.00446691829711, -0.00311547308229, 0.0040569906123, -0.00517852092162, 0.00748072098941, -0.00608834670857, 0.00433645118028, -0.00341805117205], [0.00137918977998, -0.00386809464544, 0.0068252356723, -0.00501630222425, 0.00321498163976, -0.00532119581476, 0.00292492634617, -0.00297823664732, 0.00109048350714, -0.00257389177568, 0.002869409509, -0.00283314846456, 0.00180968467612], [-0.00119482062291, 0.00401896284893, -0.00501630222425, 0.00993671733886, -0.0046723219566, 0.00267172046006, -0.00169901433401, 0.00254798983224, -0.000363424274838, 0.000354565563612, 0.00128961063456, -0.00265671033412, -0.0002709106775], [0.00110164505895, -0.00440420210361, 0.00321498163976, -0.0046723219566, 0.00888833217323, -0.00365769467317, 0.001703328453, -0.00332137779333, 0.000245163188083, -0.000273450248642, -0.00335492822342, 0.00309917260893, -0.0017656799173], [-0.00132243696135, 0.00446691829711, -0.00532119581476, 0.00267172046006, -0.00365769467317, 0.0111823920161, -0.00393364997581, 0.00110543204937, -0.000748552614823, 0.00229925964959, -0.00201378413476, 0.000611597031821, -0.00131495040841], [0.000795423751697, -0.00311547308229, 0.00292492634617, -0.00169901433401, 0.001703328453, -0.00393364997581, 0.00877933762968, -0.00549972616136, 0.00262100133114, -0.00254757865332, -0.00113755639177, 0.000271492317552, 0.00241054361686], [-0.0010115444893, 0.0040569906123, -0.00297823664732, 0.00254798983224, -0.00332137779333, 0.00110543204937, -0.00549972616136, 0.0177584849298, -0.00820327922702, 0.00479440623894, -0.00513233896345, 0.00502866506577, -0.0033751167357], [0.000275824975688, -0.00517852092162, 0.00109048350714, -0.000363424274838, 0.000245163188083, -0.000748552614823, 0.00262100133114, -0.00820327922702, 0.0191697645932, -0.0169009976089, 0.0132180526853, -0.00993966404349, 0.00486376835033], [-0.000789136742242, 0.00748072098941, -0.00257389177568, 0.000354565563612, -0.000273450248642, 0.00229925964959, -0.00254757865332, 0.00479440623894, -0.0169009976089, 0.0374492518604, -0.0244525671005, 0.0166674889624, -0.00946166180074], [0.000344375002896, -0.00608834670857, 0.002869409509, 0.00128961063456, -0.00335492822342, -0.00201378413476, -0.00113755639177, -0.00513233896345, 0.0132180526853, -0.0244525671005, 0.0375989675522, -0.0240280497819, 0.0106460815296], [2.58371546806e-05, 0.00433645118028, -0.00283314846456, -0.00265671033412, 0.00309917260893, 0.000611597031821, 0.000271492317552, 0.00502866506577, -0.00993966404349, 0.0166674889624, -0.0240280497819, 0.0368040129542, -0.0166295841336], [-6.96639181115e-05, -0.00341805117205, 0.00180968467612, -0.0002709106775, -0.0017656799173, -0.00131495040841, 0.00241054361686, -0.0033751167357, 0.00486376835033, -0.00946166180074, 0.0106460815296, -0.0166295841336, 0.0266540143639]]
    },
    "melbands": {
        "dmean": [0.000700659118593, 0.000748940452468, 0.000250906683505, 0.000240604771534, 0.000128643616335, 0.000107009480416, 9.55844443524e-05, 0.000135256021167, 0.000271085096756, 0.000167583159055, 7.49253667891e-05, 6.23324667686e-05, 2.41876423388e-05, 3.59689001925e-05, 4.2381707317e-05, 5.64511756238e-05, 5.38647691428e-05, 3.2210482459e-05, 1.94297845155e-05, 1.29632599055e-05, 1.93384785234e-05, 1.86306424439e-05, 1.90881983144e-05, 9.62897411227e-06, 1.32864433908e-05, 2.07022421819e-05, 1.40005313369e-05, 6.98931626175e-06, 7.80401023803e-06, 4.37072321802e-06, 3.95174447476e-06, 3.30549573846e-06, 2.98407485388e-06, 2.80586596091e-06, 2.35624406741e-06, 1.49972140662e-06, 9.29349653234e-07, 5.30148270173e-07, 4.09400882972e-07, 1.9041026178e-07],
        "dmean2": [0.00110134785064, 0.00123822758906, 0.00038900974323, 0.000378154072678, 0.000207056917134, 0.000170474144397, 0.0001522625098, 0.000213973209611, 0.000436475675087, 0.000268964533461, 0.000117309522466, 9.7688898677e-05, 3.88514272345e-05, 5.80886226089e-05, 6.72348614899e-05, 9.02175015653e-05, 8.62357774167e-05, 5.25524847035e-05, 3.12202319037e-05, 2.13104576687e-05, 3.15580218739e-05, 2.97517726722e-05, 3.06569891109e-05, 1.58220227604e-05, 2.09960289794e-05, 3.19702739944e-05, 2.18560289795e-05, 1.09626134872e-05, 1.16158335004e-05, 6.65649622533e-06, 5.85599718761e-06, 4.7904436542e-06, 4.27138775194e-06, 4.14452733821e-06, 3.38649329024e-06, 2.04888397093e-06, 1.37557594826e-06, 7.88303282206e-07, 5.79150139401e-07, 2.87087004835e-07],
        "dvar": [1.45381193306e-06, 1.46467118611e-06, 1.63668218534e-07, 1.71612342115e-07, 5.80085668389e-08, 4.79559965072e-08, 6.21010514124e-08, 1.09815985638e-07, 4.53672782896e-07, 2.02303922947e-07, 2.68851323426e-08, 2.3399259419e-08, 2.42068809442e-09, 3.70977382147e-09, 7.96589194607e-09, 1.44243008648e-08, 2.01415168988e-08, 4.76470995991e-09, 1.34148014919e-09, 5.77449865702e-10, 1.14431875087e-09, 1.07599551491e-09, 1.222354995e-09, 2.46116793612e-10, 7.55793760909e-10, 1.77436632054e-09, 9.1434826377e-10, 1.29880925459e-10, 2.98368968421e-10, 6.19263529344e-11, 8.01716956711e-11, 7.44655517804e-11, 7.33020449895e-11, 7.61660109982e-11, 9.72076169559e-11, 3.33709934686e-11, 1.31469392664e-11, 4.3964766723e-12, 2.67148651291e-12, 9.78460368284e-13],
        "dvar2": [3.44069962921e-06, 3.87904401578e-06, 4.14328042098e-07, 3.95597879788e-07, 1.4042059604e-07, 1.12534792152e-07, 1.46035773696e-07, 2.40617708869e-07, 1.09624068045e-06, 4.67636226631e-07, 6.15916988522e-08, 5.60329880273e-08, 6.02912031411e-09, 9.27937726658e-09, 1.90792235344e-08, 3.36148673341e-08, 4.92768528204e-08, 1.20216654409e-08, 3.352363942e-09, 1.50165846424e-09, 2.68970334893e-09, 2.46837217333e-09, 3.06730973954e-09, 6.50105858035e-10, 1.79943870915e-09, 3.74296105221e-09, 1.96506810823e-09, 2.82739970325e-10, 5.43044276213e-10, 1.23570945143e-10, 1.61955324152e-10, 1.38751787837e-10, 1.36948757889e-10, 1.41690117972e-10, 2.01236929898e-10, 6.35714675346e-11, 2.8439101768e-11, 8.84300618842e-12, 5.84232662248e-12, 2.43774705283e-12],
        "max": [0.0209567509592, 0.0185358785093, 0.0099626602605, 0.00930000655353, 0.00529582193121, 0.0043972209096, 0.0117400493473, 0.011040462181, 0.01322571747, 0.00938617158681, 0.00427253590897, 0.00362882157788, 0.0014691989636, 0.00112134218216, 0.00286581832916, 0.00254868087359, 0.00302426982671, 0.00120040518232, 0.000762738054618, 0.000685494742356, 0.000778694695327, 0.000729333376512, 0.00132651894819, 0.000352224538801, 0.000860155618284, 0.00122200325131, 0.000827642215881, 0.000316664139973, 0.00111935159657, 0.000291341857519, 0.000219712819671, 0.000213509178138, 0.000257120322203, 0.000204326570383, 0.000298343598843, 0.000152647553477, 0.000100040138932, 5.32499070687e-05, 5.4069019825e-05, 4.83203439217e-05],
        "mean": [0.00117080658674, 0.00135028385557, 0.000435590569396, 0.00036431819899, 0.000207350836718, 0.000190209233551, 0.000168935453985, 0.000213932842598, 0.000421986507718, 0.000252314901445, 0.000127063409309, 0.000102624202555, 3.94181406591e-05, 6.3106228481e-05, 7.56062072469e-05, 9.87065141089e-05, 8.34370221128e-05, 4.91932987643e-05, 3.35179574904e-05, 2.35859606619e-05, 3.41754748661e-05, 3.36293996952e-05, 3.39796388289e-05, 1.88771882677e-05, 2.60247397819e-05, 4.06633989769e-05, 2.79077776213e-05, 1.42332364703e-05, 1.49283405335e-05, 8.82878339326e-06, 7.34262539481e-06, 5.98368387728e-06, 5.25219411429e-06, 4.81863344248e-06, 3.85197654396e-06, 2.50122116086e-06, 1.47599098455e-06, 8.54063614497e-07, 6.23180426373e-07, 2.85429791802e-07],
        "median": [0.000603352731559, 0.000887498492375, 0.000259514374193, 0.000161592339282, 9.80791810434e-05, 8.7607804744e-05, 7.60674738558e-05, 7.93259532657e-05, 0.000109939639515, 7.32284024707e-05, 5.17430780747e-05, 3.4678108932e-05, 2.08277397178e-05, 3.14537064696e-05, 3.25346882164e-05, 3.39718862961e-05, 2.74088888546e-05, 2.23187944357e-05, 1.84533619176e-05, 1.23534218801e-05, 1.73185053427e-05, 1.71611191035e-05, 1.96201799554e-05, 1.23959398479e-05, 1.39735575431e-05, 2.02999326575e-05, 1.57947488333e-05, 9.12081941351e-06, 7.49134414946e-06, 4.85019108964e-06, 3.04973377752e-06, 1.98466932488e-06, 1.5312339201e-06, 1.37007202738e-06, 8.67745086452e-07, 6.21110530119e-07, 4.36045667129e-07, 2.48188513297e-07, 1.67647613125e-07, 6.81015919213e-08],
        "min": [3.80919710773e-24, 1.04570888837e-23, 1.00676006446e-23, 6.80946863311e-24, 2.57950751525e-24, 5.64424928976e-24, 5.48369755731e-24, 3.74825286964e-24, 1.91847599769e-24, 4.52246226126e-24, 2.21254401607e-24, 8.08354920366e-24, 9.00270784232e-24, 7.87646296085e-24, 4.86687814362e-24, 7.97415549536e-24, 9.29007093743e-24, 4.57593519772e-24, 6.2692771956e-24, 2.81568872318e-24, 1.30604829099e-23, 1.16492462492e-23, 7.16905825498e-24, 7.37917687911e-24, 8.09867876697e-24, 8.53534325472e-24, 1.24588352636e-23, 8.32310417247e-24, 9.32814609788e-24, 1.04968664059e-23, 8.37051155744e-24, 1.07215545021e-23, 9.86308372177e-24, 7.14181178818e-24, 8.71523509555e-24, 9.21000313328e-24, 7.50423499842e-24, 7.83303537916e-24, 8.20145629886e-24, 9.83505233836e-24],
        "var": [2.67203859039e-06, 2.58573686551e-06, 3.13952824627e-07, 3.59172616982e-07, 1.25786812077e-07, 1.22729360896e-07, 1.5525735364e-07, 2.60723851397e-07, 9.08126764898e-07, 3.87703323668e-07, 5.40686428963e-08, 5.37986153404e-08, 4.20589252315e-09, 8.32776780868e-09, 2.3984526365e-08, 3.84140577125e-08, 3.54023903526e-08, 7.36119432077e-09, 2.40645037231e-09, 1.28960386814e-09, 2.71526912066e-09, 2.38487962712e-09, 2.45588704928e-09, 5.12012376941e-10, 1.93270799365e-09, 4.79888484506e-09, 2.22268181638e-09, 3.05431180347e-10, 7.87257481427e-10, 1.72379610586e-10, 1.74989953083e-10, 1.678021333e-10, 1.57256749289e-10, 1.59414134671e-10, 1.8088287812e-10, 6.73381905791e-11, 2.15340124204e-11, 7.16375830184e-12, 4.53818926882e-12, 1.48371224161e-12]
    },
    "mfcc": {
        "mean": [-620.875183105, 110.975372314, -19.6715507507, 35.0146827698, -5.7005314827, 7.87072944641, 2.31825685501, 7.24942398071, -2.51626515388, 11.0118560791, 3.8940808773, 4.20634222031, -2.06889843941],
        "cov": [[2665.76660156, -1068.17016602, -50.0524520874, -163.169891357, -185.123794556, 21.5976428986, -112.380828857, -67.3921432495, 20.4371089935, 28.5018157959, -0.954431533813, -19.3935489655, -99.9473571777], [-1068.17016602, 1225.54223633, -275.92880249, 76.4218902588, 137.349365234, -75.3279724121, 126.063179016, 58.4865455627, 31.2938270569, 49.4402961731, 48.4448280334, 55.8771743774, 85.8880004883], [-50.0524520874, -275.92880249, 537.971496582, 26.9032096863, 59.6144676208, 105.352684021, -59.9080543518, 41.0853042603, 16.1388339996, -43.1400108337, -15.39245224, -19.8593597412, 5.9104757309], [-163.169891357, 76.4218902588, 26.9032096863, 175.8724823, 69.1919326782, 12.5759859085, 10.2454929352, 9.78294181824, 8.10189437866, 2.43741893768, -12.6570472717, 4.30025005341, 35.2557525635], [-185.123794556, 137.349365234, 59.6144676208, 69.1919326782, 249.352005005, 43.054397583, -1.07979404926, 21.1023178101, 26.6744346619, 2.41026735306, -11.310962677, 6.99452066422, 49.6062164307], [21.5976428986, -75.3279724121, 105.352684021, 12.5759859085, 43.054397583, 122.582595825, 40.8115348816, 28.8616466522, 8.52838039398, 3.72133636475, 6.83797645569, 0.8361749053, 0.745753228664], [-112.380828857, 126.063179016, -59.9080543518, 10.2454929352, -1.07979404926, 40.8115348816, 213.474060059, 65.8026351929, -0.144551470876, 42.0837860107, 36.0058479309, 11.4746589661, 14.3202409744], [-67.3921432495, 58.4865455627, 41.0853042603, 9.78294181824, 21.1023178101, 28.8616466522, 65.8026351929, 98.3874359131, 32.8021583557, 12.3060417175, 21.8280944824, 14.0900888443, 17.2301998138], [20.4371089935, 31.2938270569, 16.1388339996, 8.10189437866, 26.6744346619, 8.52838039398, -0.144551470876, 32.8021583557, 90.6890869141, 41.2912139893, 14.3448677063, 16.0508136749, 11.5610179901], [28.5018157959, 49.4402961731, -43.1400108337, 2.43741893768, 2.41026735306, 3.72133636475, 42.0837860107, 12.3060417175, 41.2912139893, 95.1369094849, 41.9853973389, 18.3989086151, 8.79214286804], [-0.954431533813, 48.4448280334, -15.39245224, -12.6570472717, -11.310962677, 6.83797645569, 36.0058479309, 21.8280944824, 14.3448677063, 41.9853973389, 77.4151916504, 35.098072052, 5.90448951721], [-19.3935489655, 55.8771743774, -19.8593597412, 4.30025005341, 6.99452066422, 0.8361749053, 11.4746589661, 14.0900888443, 16.0508136749, 18.3989086151, 35.098072052, 67.1250457764, 29.4327449799], [-99.9473571777, 85.8880004883, 5.9104757309, 35.2557525635, 49.6062164307, 0.745753228664, 14.3202409744, 17.2301998138, 11.5610179901, 8.79214286804, 5.90448951721, 29.4327449799, 75.9507904053]],
