{
"lowlevel": {
    "average_loudness": 0.97105807066,
    "barkbands_crest": {
        "dmean": 2.11022806168,
        "dmean2": 3.59674477577,
        "dvar": 4.09029722214,
        "dvar2": 11.1867256165,
        "max": 22.2889347076,
        "mean": 6.96484994888,
        "median": 6.29365253448,
        "min": 2.36580657959,
        "var": 8.25938224792
    },
    "barkbands_flatness_db": {
        "dmean": 0.0152287110686,
        "dmean2": 0.0246934574097,
        "dvar": 0.000234989303863,
        "dvar2": 0.000619042024482,
        "max": 0.298521995544,
        "mean": 0.0863853171468,
        "median": 0.0767176225781,
        "min": 0.0224775746465,
        "var": 0.00123791827355
    },
    "barkbands_kurtosis": {
        "dmean": 1.15026378632,
        "dmean2": 1.91250264645,
        "dvar": 5.41202306747,
        "dvar2": 14.6356048584,
        "max": 65.3305130005,
        "mean": 0.479270815849,
        "median": -0.337942361832,
        "min": -1.83826458454,
        "var": 10.7330217361
    },
    "barkbands_skewness": {
        "dmean": 0.411211103201,
        "dmean2": 0.657821595669,
        "dvar": 0.192025497556,
        "dvar2": 0.504574120045,
        "max": 6.75802516937,
        "mean": 0.883741378784,
        "median": 0.80639398098,
        "min": -2.76042723656,
        "var": 0.558745205402
    },
    "barkbands_spread": {
        "dmean": 5.40702629089,
        "dmean2": 8.64238166809,
        "dvar": 36.4739952087,
        "dvar2": 88.1910324097,
        "max": 91.9560928345,
        "mean": 31.914516449,
        "median": 32.8101196289,
        "min": 2.36626386642,
        "var": 127.296234131
    },
    "dissonance": {
        "dmean": 0.0122570618987,
        "dmean2": 0.0209979489446,
        "dvar": 0.000139682219015,
        "dvar2": 0.000378945842385,
        "max": 0.500000119209,
        "mean": 0.478259116411,
        "median": 0.482756316662,
        "min": 0.34308129549,
        "var": 0.000320825900417
    },
    "dynamic_complexity": 1.67982971668,
    "erbbands_crest": {
        "dmean": 2.00701093674,
        "dmean2": 3.31058526039,
        "dvar": 3.80221796036,
        "dvar2": 9.81818580627,
        "max": 24.8705215454,
        "mean": 7.17412042618,
        "median": 6.49507188797,
        "min": 2.38702130318,
        "var": 9.29243278503
    },
    "erbbands_flatness_db": {
        "dmean": 0.0133397197351,
        "dmean2": 0.019910775125,
        "dvar": 0.000155640693265,
        "dvar2": 0.000329789327225,
        "max": 0.30785998702,
        "mean": 0.139701232314,
        "median": 0.13230022788,
        "min": 0.05788853392,
        "var": 0.00157416472211
    },
    "erbbands_kurtosis": {
        "dmean": 0.519274234772,
        "dmean2": 0.833817660809,
        "dvar": 0.449487507343,
        "dvar2": 1.10868930817,
        "max": 19.3875408173,
        "mean": -0.191267430782,
        "median": -0.408514738083,
        "min": -1.72601664066,
        "var": 0.955610454082
    },
    "erbbands_skewness": {
        "dmean": 0.271480798721,
        "dmean2": 0.423042029142,
        "dvar": 0.059296797961,
        "dvar2": 0.14091257751,
        "max": 2.62795948982,
        "mean": -0.10961497575,
        "median": -0.144959568977,
        "min": -3.84010744095,
        "var": 0.369926512241
    },
    "erbbands_spread": {
        "dmean": 6.60140562057,
        "dmean2": 10.3079099655,
        "dvar": 45.9384803772,
        "dvar2": 110.521461487,
        "max": 120.881477356,
        "mean": 39.3707580566,
        "median": 38.0877685547,
        "min": 9.62957859039,
        "var": 188.731964111
    },
    "hfc": {
        "dmean": 5.79606771469,
        "dmean2": 8.66326522827,
        "dvar": 35.1827735901,
        "dvar2": 71.0597763062,
        "max": 87.8516845703,
        "mean": 28.841796875,
        "median": 28.176700592,
        "min": 1.1713568335e-16,
        "var": 188.641601562
    },
    "melbands_crest": {
        "dmean": 3.17858839035,
        "dmean2": 5.37914133072,
        "dvar": 8.85432910919,
        "dvar2": 25.1405487061,
        "max": 29.8834877014,
        "mean": 11.3404655457,
        "median": 10.6449661255,
        "min": 2.5264070034,
        "var": 16.490562439
    },
    "melbands_flatness_db": {
        "dmean": 0.0214949809015,
        "dmean2": 0.0348474085331,
        "dvar": 0.000483281823108,
        "dvar2": 0.00129430298693,
        "max": 0.37095579505,
        "mean": 0.138239011168,
        "median": 0.131697297096,
        "min": 0.00697253178805,
        "var": 0.00151592399925
    },
    "melbands_kurtosis": {
        "dmean": 3.7368273735,
        "dmean2": 6.22998905182,
        "dvar": 45.1049880981,
        "dvar2": 124.772064209,
        "max": 155.484161377,
        "mean": 5.804063797,
        "median": 3.54580330849,
        "min": -1.82166910172,
        "var": 80.7749481201
    },
    "melbands_skewness": {
        "dmean": 0.596907138824,
        "dmean2": 0.969365358353,
        "dvar": 0.428671985865,
        "dvar2": 1.16515982151,
        "max": 9.37152004242,
        "mean": 1.9951890707,
        "median": 1.82831907272,
        "min": -0.367185294628,
        "var": 1.10008466244
    },
    "melbands_spread": {
        "dmean": 8.78945541382,
        "dmean2": 13.99421978,
        "dvar": 103.211090088,
        "dvar2": 247.88104248,
        "max": 237.14894104,
        "mean": 36.3979377747,
        "median": 35.5194892883,
        "min": 1.50628328323,
        "var": 278.001403809
    },
    "pitch_salience": {
        "dmean": 0.061166767031,
        "dmean2": 0.102018989623,
        "dvar": 0.00297738541849,
        "dvar2": 0.00825890153646,
        "max": 0.888642728329,
        "mean": 0.611013114452,
        "median": 0.616106390953,
        "min": 0.205059707165,
        "var": 0.0069950404577
    },
    "silence_rate_20dB": {
        "dmean": 0,
        "dmean2": 0,
        "dvar": 0,
        "dvar2": 0,
        "max": 1,
        "mean": 1,
        "median": 1,
        "min": 1,
        "var": 0
    },
    "silence_rate_30dB": {
        "dmean": 0,
        "dmean2": 0,
        "dvar": 0,
        "dvar2": 0,
        "max": 1,
        "mean": 1,
        "median": 1,
        "min": 1,
        "var": 0
    },
    "silence_rate_60dB": {
        "dmean": 0.00655324524269,
        "dmean2": 0.0131081417203,
        "dvar": 0.00651011383161,
        "dvar2": 0.0159631557763,
        "max": 1,
        "mean": 0.0181451607496,
        "median": 0,
        "min": 0,
        "var": 0.0178147759289
    },
    "spectral_centroid": {
        "dmean": 249.296813965,
        "dmean2": 395.825866699,
        "dvar": 75704.4921875,
        "dvar2": 158209.703125,
        "max": 11189.8847656,
        "mean": 1923.63415527,
        "median": 1972.62878418,
        "min": 297.536499023,
        "var": 228207.421875
    },
    "spectral_complexity": {
        "dmean": 3.96093249321,
        "dmean2": 6.25560855865,
        "dvar": 12.6647024155,
        "dvar2": 28.4293193817,
        "max": 57,
        "mean": 28.81199646,
        "median": 30,
        "min": 0,
        "var": 81.7940063477
    },
    "spectral_decrease": {
        "dmean": 1.96214000603e-09,
        "dmean2": 3.2929352578e-09,
        "dvar": 6.82614463692e-18,
        "dvar2": 1.87143624802e-17,
        "max": -1.52582371605e-29,
        "mean": -6.10455019867e-09,
        "median": -5.8769678013e-09,
        "min": -2.58737227199e-08,
        "var": 9.36764755642e-18
    },
    "spectral_energy": {
        "dmean": 0.00776377040893,
        "dmean2": 0.01294328738,
        "dvar": 0.000101865625766,
        "dvar2": 0.000277725281194,
        "max": 0.102902770042,
        "mean": 0.0256559439003,
        "median": 0.0249968506396,
        "min": 1.09840400734e-20,
        "var": 0.000153454297106
    },
    "spectral_energyband_high": {
        "dmean": 0.000307336711558,
        "dmean2": 0.000459170085378,
        "dvar": 1.76132047613e-07,
        "dvar2": 3.65760769228e-07,
        "max": 0.00725512485951,
        "mean": 0.00115716434084,
        "median": 0.00109087815508,
        "min": 7.92994223344e-21,
        "var": 5.58861074751e-07
    },
    "spectral_energyband_low": {
        "dmean": 0.0041763545014,
        "dmean2": 0.00734477024525,
        "dvar": 6.66000632918e-05,
        "dvar2": 0.000192234569113,
        "max": 0.0747721642256,
        "mean": 0.00678546959534,
        "median": 0.00564379151911,
        "min": 3.17380104524e-23,
        "var": 5.31167934241e-05
    },
    "spectral_energyband_middle_high": {
        "dmean": 0.00210364023224,
        "dmean2": 0.00313203409314,
        "dvar": 5.06924425281e-06,
        "dvar2": 1.04607470348e-05,
        "max": 0.0307575222105,
        "mean": 0.00852289050817,
        "median": 0.00743433833122,
        "min": 1.42420155181e-21,
        "var": 2.84657071461e-05
    },
    "spectral_energyband_middle_low": {
        "dmean": 0.00435728952289,
        "dmean2": 0.00718579022214,
        "dvar": 2.82577148027e-05,
        "dvar2": 7.32351691113e-05,
        "max": 0.071484297514,
        "mean": 0.0104089314118,
        "median": 0.00903901271522,
        "min": 3.33279091197e-22,
        "var": 4.40372896264e-05
    },
    "spectral_entropy": {
        "dmean": 0.0969313979149,
        "dmean2": 0.145408540964,
        "dvar": 0.0113514177501,
        "dvar2": 0.0219202768058,
        "max": 9.80845165253,
        "mean": 7.82760190964,
        "median": 7.86082172394,
        "min": 6.04063892365,
        "var": 0.065419383347
    },
    "spectral_flux": {
        "dmean": 0.0215349495411,
        "dmean2": 0.033973030746,
        "dvar": 0.0005582224112,
        "dvar2": 0.00110563635826,
        "max": 0.264031022787,
        "mean": 0.090567342937,
        "median": 0.0866410136223,
        "min": 1.05185846144e-10,
        "var": 0.00121177791152
    },
    "spectral_kurtosis": {
        "dmean": 0.884164392948,
        "dmean2": 1.46259224415,
        "dvar": 0.825399398804,
        "dvar2": 2.23922562599,
        "max": 14.8473987579,
        "mean": 3.91562819481,
        "median": 3.6083548069,
        "min": -1.20267558098,
        "var": 3.59387087822
    },
    "spectral_rms": {
        "dmean": 0.000726503145415,
        "dmean2": 0.00118860590737,
        "dvar": 6.7593134645e-07,
        "dvar2": 1.77765809894e-06,
        "max": 0.0100196283311,
        "mean": 0.004842502065,
        "median": 0.00493833702058,
        "min": 3.27355113502e-12,
        "var": 1.58036721132e-06
    },
    "spectral_rolloff": {
        "dmean": 588.318786621,
        "dmean2": 987.156616211,
        "dvar": 736798.9375,
        "dvar2": 1644298.875,
        "max": 18647.7539062,
        "mean": 2332.62060547,
        "median": 2390.18554688,
        "min": 107.666015625,
        "var": 1348754.5
    },
    "spectral_skewness": {
        "dmean": 0.133198454976,
        "dmean2": 0.217211052775,
        "dvar": 0.0174292046577,
        "dvar2": 0.0405893698335,
        "max": 2.91927886009,
        "mean": 1.39543747902,
        "median": 1.37178719044,
        "min": -0.0213190354407,
        "var": 0.0966050103307
    },
    "spectral_spread": {
        "dmean": 420792.625,
        "dmean2": 617892.75,
        "dvar": 571166818304,
        "dvar2": 817438654464,
        "max": 41662556,
        "mean": 4526783,
        "median": 4400467,
        "min": 2014556.25,
        "var": 1.41425678746e+12
    },
    "spectral_strongpeak": {
        "dmean": 0.642843484879,
        "dmean2": 1.1226143837,
        "dvar": 0.9817917943,
        "dvar2": 2.52644872665,
        "max": 10.076540947,
        "mean": 0.90831631422,
        "median": 0.457273185253,
        "min": 1.64762570254e-09,
        "var": 1.32294535637
    },
    "zerocrossingrate": {
        "dmean": 0.0100719472393,
        "dmean2": 0.0127706406638,
        "dvar": 0.000162823867868,
        "dvar2": 0.000198311681743,
        "max": 0.64208984375,
        "mean": 0.0848714783788,
        "median": 0.083984375,
        "min": 0.00830078125,
        "var": 0.00076193670975
    },
    "barkbands": {
        "dmean": [9.45970386965e-05, 0.00164496048819, 0.00238541304134, 0.00135683489498, 0.00200040847994, 0.000874061021022, 0.000898226397112, 0.000550339580514, 0.00103031424806, 0.000635403732304, 0.000675361428875, 0.000414748297771, 0.000304383574985, 0.000296500133118, 0.000386313942727, 0.000398381933337, 0.000260882661678, 0.000494498410262, 0.000409925851272, 0.000170192244695, 0.000102420250187, 9.30275418796e-05, 5.90165800531e-05, 5.01420508954e-05, 4.91594910272e-05, 2.16638254642e-05, 4.4077869461e-06],
        "dmean2": [0.000158008682774, 0.00295013608411, 0.00418201368302, 0.00231772731058, 0.00347816385329, 0.00140221964102, 0.00143622315954, 0.000879695813637, 0.00166869279929, 0.00100781733636, 0.00106975424569, 0.000641689752229, 0.000489020778332, 0.00047758340952, 0.00061362987617, 0.000627186789643, 0.000428381783422, 0.000765920209233, 0.000650364207104, 0.000279736850644, 0.000167070887983, 0.000144536956213, 9.18748264667e-05, 7.71398117649e-05, 7.6024189184e-05, 3.32003946824e-05, 6.64394838168e-06],
        "dvar": [2.06256665081e-08, 1.14832519102e-05, 2.08894198295e-05, 4.24536028731e-06, 1.27611428979e-05, 3.43779311152e-06, 3.58547413271e-06, 1.16987916954e-06, 3.15778129334e-06, 1.27217435875e-06, 1.48178571635e-06, 6.31345983493e-07, 3.84272595966e-07, 1.83483820138e-07, 4.71212615594e-07, 5.89456817579e-07, 1.15846347626e-07, 4.82529571855e-07, 3.03188357975e-07, 4.89487455013e-08, 1.79601382655e-08, 1.78230479264e-08, 7.48309503251e-09, 1.1209495554e-08, 7.09720682224e-09, 2.37615438436e-09, 1.14354997693e-10],
        "dvar2": [5.20933731707e-08, 3.32869385602e-05, 5.99200902798e-05, 1.17390736705e-05, 3.50354384864e-05, 8.20766490506e-06, 8.59687679622e-06, 2.74284457191e-06, 7.92759874457e-06, 3.00432247968e-06, 3.67639836441e-06, 1.37156109759e-06, 9.20129139104e-07, 4.61510268224e-07, 1.15769296372e-06, 1.35697666792e-06, 2.92412437375e-07, 1.12199529667e-06, 7.24795938822e-07, 1.21974935041e-07, 4.63727012345e-08, 3.98898691856e-08, 1.66276752367e-08, 2.50469955887e-08, 1.59026498636e-08, 5.50937562238e-09, 2.55162752039e-10],
        "max": [0.00235573155805, 0.0353090912104, 0.0454546250403, 0.0270578023046, 0.043905351311, 0.050111785531, 0.0275835767388, 0.0157494544983, 0.0295625980943, 0.0172712691128, 0.025759588927, 0.0184960626066, 0.014250703156, 0.00927808694541, 0.0119426036254, 0.0167570672929, 0.00670409062877, 0.0146535877138, 0.0113171944395, 0.00441804761067, 0.00214750319719, 0.00294604594819, 0.0017254864797, 0.00287685636431, 0.00163681479171, 0.000939456629567, 0.000296549143968],
        "mean": [0.000121267155919, 0.00205899565481, 0.0035277553834, 0.00202580098994, 0.00265065697022, 0.0013803843176, 0.00141753500793, 0.00083321222337, 0.00180174713023, 0.00112150469795, 0.00113619270269, 0.00076516129775, 0.00052794261137, 0.000560458924156, 0.000730327214114, 0.000808277516626, 0.000580941443332, 0.00116584834177, 0.0010361346649, 0.00043682649266, 0.000270096061286, 0.000244461669354, 0.000162768163136, 0.000131931737997, 0.000113449677883, 3.95908864448e-05, 6.74011471347e-06],
        "median": [4.89848462166e-05, 0.00138385919854, 0.0025683590211, 0.00138277257793, 0.00168019370176, 0.000727981270757, 0.000583447399549, 0.000366724125342, 0.00102538219653, 0.000543792266399, 0.000511837832164, 0.000331626331899, 0.000269911426585, 0.000347780936863, 0.000392345769797, 0.000460619456135, 0.000454891531263, 0.000665389001369, 0.000676796713378, 0.000388806336559, 0.000231579266256, 0.000191777173313, 0.000127711187815, 0.000110780107207, 8.83784887264e-05, 1.95602187887e-05, 1.67445932675e-06],
        "min": [7.37374912166e-25, 9.10533706837e-24, 1.14118985132e-23, 3.57948554529e-24, 5.61259198609e-23, 1.20808809598e-23, 7.05263295611e-23, 3.31109976144e-23, 6.23864399116e-23, 3.66515757509e-23, 5.30213798565e-23, 6.04907503583e-23, 4.97378378464e-23, 4.0337140211e-23, 1.43848899663e-22, 1.63007503773e-22, 8.90016475989e-23, 1.47965844821e-22, 1.72296322e-22, 2.83517922001e-22, 3.48436075304e-22, 6.43390814356e-22, 6.301487049e-22, 6.70597402665e-22, 1.31295262567e-21, 1.63603168225e-21, 2.17819414869e-21],
        "var": [3.13928048001e-08, 8.57238137542e-06, 1.82755866263e-05, 5.04982335769e-06, 1.1456249922e-05, 5.35320123163e-06, 5.86067517361e-06, 1.9677581804e-06, 6.09425978837e-06, 2.58308477896e-06, 3.09810457111e-06, 1.64289315308e-06, 8.02980423487e-07, 4.1871197709e-07, 9.44893031374e-07, 1.40771237511e-06, 2.48858896157e-07, 1.66418283243e-06, 1.13466967377e-06, 1.24730206608e-07, 4.29346442843e-08, 4.8985043577e-08, 2.1452148502e-08, 1.89987154897e-08, 1.34357103221e-08, 3.73002873033e-09, 1.7982626499e-10]
    },
    "erbbands": {
        "dmean": [0.0389373078942, 0.431724578142, 2.3516626358, 3.64641690254, 6.2520198822, 6.83485603333, 4.98320102692, 8.41991615295, 11.327586174, 13.767747879, 11.9499740601, 22.7411212921, 21.895483017, 19.4820899963, 23.0122394562, 15.0918550491, 13.7268867493, 12.0404901505, 15.0346345901, 24.3192367554, 17.4591464996, 13.5273914337, 23.4906616211, 25.9729156494, 13.1932687759, 7.89220619202, 3.91555643082, 4.69440937042, 3.18993282318, 2.40278482437, 1.65778315067, 1.20919251442, 0.796397745609, 0.687577545643, 0.30878046155, 0.119711309671, 0.0368968769908, 0.00740999635309, 0.000814007187728, 2.49501426879e-05],
        "dmean2": [0.067797511816, 0.780074834824, 4.16824817657, 6.20618391037, 10.8432741165, 11.8303403854, 8.20843505859, 13.4199562073, 18.1299610138, 21.9726467133, 18.9883880615, 36.5789833069, 35.2404785156, 30.7388954163, 35.7340278625, 23.2639446259, 21.8413314819, 19.4235210419, 24.0325756073, 37.8216171265, 27.8563728333, 21.9628162384, 36.4082183838, 40.7533912659, 20.8100414276, 13.1041631699, 6.42912721634, 7.54720020294, 4.94605922699, 3.77727389336, 2.57520389557, 1.87046825886, 1.23511087894, 1.08845758438, 0.47310295701, 0.184170007706, 0.0570296309888, 0.0112759210169, 0.00122172606643, 3.83551159757e-05],
        "dvar": [0.00346838193946, 0.944939494133, 23.2958583832, 33.7201004028, 103.0573349, 165.257629395, 130.06388855, 324.22052002, 651.544250488, 909.140808105, 510.819946289, 1731.06225586, 1621.49584961, 1195.88464355, 1841.26330566, 855.050048828, 797.458068848, 368.833953857, 535.468566895, 2125.86401367, 880.153381348, 273.847198486, 1098.58276367, 1245.74377441, 318.518157959, 101.872627258, 29.038848877, 38.0232048035, 23.5548114777, 11.8436641693, 6.94236087799, 5.52555179596, 3.04638338089, 1.2234711647, 0.365811884403, 0.0668573826551, 0.00734699005261, 0.00029755893047, 3.86078863812e-06, 2.99593971853e-09],
        "dvar2": [0.00987261626869, 2.74939894676, 67.2707443237, 95.8318786621, 287.653503418, 453.759368896, 329.6534729, 751.694641113, 1578.80993652, 2162.67553711, 1187.84899902, 4279.54785156, 4049.5324707, 2875.62915039, 4409.56347656, 1862.89624023, 1897.19299316, 920.159729004, 1261.30334473, 5195.96728516, 2069.30297852, 688.587402344, 2489.20043945, 2906.12329102, 738.059143066, 259.080627441, 75.8184738159, 96.2434692383, 53.9634170532, 27.1446380615, 15.2984132767, 12.1885080338, 7.05939674377, 2.93794107437, 0.795250117779, 0.150752797723, 0.0173305440694, 0.000677797826938, 8.55110374687e-06, 7.17366877012e-09],
        "max": [0.687776267529, 9.74227809906, 41.6400527954, 83.0548934937, 154.015213013, 159.462814331, 425.705566406, 425.473754883, 387.810882568, 553.348937988, 426.54574585, 824.948608398, 669.760742188, 707.716003418, 1074.52990723, 853.614013672, 682.189086914, 543.652160645, 419.633514404, 874.427185059, 678.554931641, 230.468582153, 542.451965332, 815.161743164, 437.020996094, 184.956665039, 113.09098053, 109.003463745, 99.7078018188, 63.2568092346, 50.4245758057, 76.8084945679, 52.4084434509, 18.043926239, 14.3382062912, 4.29467630386, 1.71698117256, 0.495468974113, 0.054170306772, 0.00249554379843],
        "mean": [0.0547702871263, 0.521999239922, 3.27621173859, 6.15655755997, 8.26873683929, 8.78049659729, 7.57103824615, 13.1069402695, 17.5326061249, 22.9996204376, 21.0803508759, 39.2670936584, 39.0190887451, 38.3562583923, 43.5800437927, 29.6766929626, 26.0321311951, 23.8379631042, 31.8698768616, 50.1433677673, 39.7249412537, 34.2503204346, 57.8123550415, 67.0469360352, 37.204788208, 20.9285354614, 10.8004016876, 12.1461400986, 8.2809381485, 6.28258562088, 4.46841287613, 3.24100804329, 1.98029446602, 1.53043270111, 0.681032776833, 0.23184992373, 0.0629157945514, 0.0119024440646, 0.00128341116942, 6.22052757535e-05],
        "median": [0.0376572087407, 0.350181818008, 2.23405599594, 4.87517642975, 5.58810901642, 5.07611846924, 4.1684217453, 6.89162635803, 7.11173152924, 10.2521982193, 11.1503200531, 22.2490406036, 19.8216438293, 20.8525657654, 21.9285774231, 14.984079361, 14.3522644043, 15.2059679031, 20.8477134705, 27.1002998352, 25.7510280609, 26.9332008362, 33.0969238281, 43.8295516968, 26.1831970215, 19.0268173218, 9.54893302917, 10.2202949524, 6.22064685822, 4.95542049408, 3.55523347855, 2.72084450722, 1.63233327866, 1.1961774826, 0.474724829197, 0.129962205887, 0.0287455953658, 0.00422514695674, 0.000312030810164, 4.60612645838e-05],
        "min": [1.30270407295e-22, 2.41138557221e-21, 1.25103813662e-20, 1.52554803954e-20, 1.30928111909e-19, 1.83458048688e-19, 1.55542292752e-19, 1.45628726981e-19, 8.34794913489e-19, 1.10753683417e-18, 4.98270543342e-19, 1.38145676344e-18, 1.32741033318e-18, 1.40747231748e-18, 3.46390339428e-18, 2.49948462592e-18, 2.25371479027e-18, 2.20980659579e-18, 8.10487363329e-18, 1.03345447647e-17, 8.73950810594e-18, 6.66823668517e-18, 7.98860429921e-18, 1.01717175698e-17, 1.1095348269e-17, 1.36809709344e-17, 1.28494649944e-17, 1.67360707098e-17, 2.03561538688e-17, 2.03799783248e-17, 1.52509340944e-17, 1.24456288019e-17, 1.3181731866e-17, 1.06285404708e-17, 9.53380663478e-18, 6.27425883121e-18, 3.0627762183e-18, 1.20513070476e-18, 3.24698427423e-19, 3.18921036133e-20],
        "var": [0.00392313161865, 0.649313986301, 18.5202255249, 36.3242683411, 93.8608093262, 152.410003662, 170.149002075, 494.638793945, 1056.45483398, 1508.71899414, 961.07421875, 3302.05151367, 2957.49438477, 2765.52563477, 4301.23388672, 2133.25561523, 1761.65344238, 781.150085449, 1300.27075195, 4670.09326172, 2161.43334961, 752.21887207, 4000.68725586, 4474.40234375, 1367.54943848, 244.481338501, 61.8458938599, 96.1884765625, 59.9454460144, 33.274394989, 17.4079723358, 10.3015947342, 4.78777599335, 2.224411726, 0.677410781384, 0.111096568406, 0.010755950585, 0.000468273356091, 6.2059280026e-06, 4.23739443534e-09]
    },
    "gfcc": {
        "mean": [42.884601593, 66.020072937, -128.5415802, 33.4933547974, -58.7844161987, 11.1612873077, -38.1809425354, 17.1461925507, -28.8062152863, -3.23818707466, -20.5374069214, -1.60263538361, -14.0700807571],
        "cov": [[3328.12646484, 152.533996582, 530.050292969, 601.252502441, 209.954238892, 187.190307617, 29.8629436493, 60.4297294617, -106.154182434, 3.11897873878, 8.05715274811, -5.50907802582, -69.2338943481], [152.533996582, 564.282287598, 142.286911011, 249.926528931, 64.92162323, 26.7981376648, 14.192741394, 3.08025097847, -23.6627502441, -42.8287696838, 49.8178901672, -55.6020011902, 9.73362827301], [530.050292969, 142.286911011, 778.557556152, 381.959411621, 143.606964111, 65.2815856934, 8.54050922394, -1.22229886055, -53.5903892517, 22.5219669342, 7.66700553894, -9.71967792511, -31.591337204], [601.252502441, 249.926528931, 381.959411621, 584.805725098, 97.7341766357, 122.914115906, -28.3088760376, -5.76103448868, -13.9845714569, -15.8098115921, 12.764799118, -50.0025520325, 15.8180618286], [209.954238892, 64.92162323, 143.606964111, 97.7341766357, 224.587844849, 34.0747108459, 41.2954788208, 39.8425865173, -5.21064329147, 22.913143158, 2.83374881744, -14.6575136185, -6.05641126633], [187.190307617, 26.7981376648, 65.2815856934, 122.914115906, 34.0747108459, 223.933258057, 109.532661438, -7.12961053848, -27.8073177338, 8.50887107849, 2.25603675842, -15.3127765656, 1.45820188522], [29.8629436493, 14.192741394, 8.54050922394, -28.3088760376, 41.2954788208, 109.532661438, 181.046737671, 28.0265045166, -23.7058639526, 13.5401411057, 2.71022963524, 11.4160814285, -9.5546245575], [60.4297294617, 3.08025097847, -1.22229886055, -5.76103448868, 39.8425865173, -7.12961053848, 28.0265045166, 103.499099731, 31.0994300842, 6.7421002388, 6.91272449493, -3.09207034111, -6.7407040596], [-106.154182434, -23.6627502441, -53.5903892517, -13.9845714569, -5.21064329147, -27.8073177338, -23.7058639526, 31.0994300842, 95.248336792, 28.1696281433, -9.12248802185, -6.92827987671, 4.3724861145], [3.11897873878, -42.8287696838, 22.5219669342, -15.8098115921, 22.913143158, 8.50887107849, 13.5401411057, 6.7421002388, 28.1696281433, 77.0716018677, 9.08339691162, 3.83069825172, -0.286808550358], [8.05715274811, 49.8178901672, 7.66700553894, 12.764799118, 2.83374881744, 2.25603675842, 2.71022963524, 6.91272449493, -9.12248802185, 9.08339691162, 62.636177063, 20.9055595398, -2.33150911331], [-5.50907802582, -55.6020011902, -9.71967792511, -50.0025520325, -14.6575136185, -15.3127765656, 11.4160814285, -3.09207034111, -6.92827987671, 3.83069825172, 20.9055595398, 64.1660461426, 14.5271062851], [-69.2338943481, 9.73362827301, -31.591337204, 15.8180618286, -6.05641126633, 1.45820188522, -9.5546245575, -6.7407040596, 4.3724861145, -0.286808550358, -2.33150911331, 14.5271062851, 57.9206123352]],
        "icov": [[0.000451335596154, -4.40064904978e-05, 7.65897420933e-05, -0.000519837194588, -0.000143943267176, -0.000222875038162, 0.000308568036417, -0.000529072189238, 0.000707989849616, -0.0003973171697, 0.000615025695879, -0.000862441665959, 0.000896169629414], [-4.40064904978e-05, 0.00330287241377, -0.000223518669372, -0.000971972767729, -0.00035608158214, 0.00145031197462, -0.00191207916941, 0.000950528890826, -0.00061007408658, 0.00242143520154, -0.00443500559777, 0.00439736526459, -0.00196604989469], [7.65897420933e-05, -0.000223518669372, 0.00252173468471, -0.00187607237604, -0.000707300729118, 0.000383062462788, 0.00018240173813, -0.000309335824568, 0.00182308175135, -0.00182796386071, 0.00162194459699, -0.00214689830318, 0.00238444516435], [-0.000519837194588, -0.000971972767729, -0.00187607237604, 0.00489762891084, -0.000337789097102, -0.00255688745528, 0.00188630900811, 0.000476388464449, -0.00196295627393, 0.00179650681093, -0.00143175770063, 0.00245847553015, -0.00294033088721], [-0.000143943267176, -0.00035608158214, -0.000707300729118, -0.000337789097102, 0.00608208496124, 0.000335138727678, -0.0010615165811, -0.00214172131382, 0.000898079946637, -0.00196691183373, 0.000504857976921, 0.00103095115628, -0.000518364890013], [-0.000222875038162, 0.00145031197462, 0.000383062462788, -0.00255688745528, 0.000335138727678, 0.00963332504034, -0.0070561543107, 0.00244033639319, 0.000412775698351, -4.56054258393e-05, -0.00242234277539, 0.00431882590055, -0.00190249120351], [0.000308568036417, -0.00191207916941, 0.00018240173813, 0.00188630900811, -0.0010615165811, -0.0070561543107, 0.0122483856976, -0.00447993865237, 0.00329950032756, -0.00281437556259, 0.00438906578347, -0.00610362179577, 0.00328479614109], [-0.000529072189238, 0.000950528890826, -0.000309335824568, 0.000476388464449, -0.00214172131382, 0.00244033639319, -0.00447993865237, 0.0143743855879, -0.00688180606812, 0.00354371475987, -0.00486522074789, 0.00353990867734, -0.000989129184745], [0.000707989849616, -0.00061007408658, 0.00182308175135, -0.00196295627393, 0.000898079946637, 0.000412775698351, 0.00329950032756, -0.00688180606812, 0.018023731187, -0.00875233858824, 0.00580182857811, -0.00213646586053, 0.00167156907264], [-0.0003973171697, 0.00242143520154, -0.00182796386071, 0.00179650681093, -0.00196691183373, -4.56054258393e-05, -0.00281437556259, 0.00354371475987, -0.00875233858824, 0.0199160575867, -0.00803251564503, 0.0046408213675, -0.00335382088087], [0.000615025695879, -0.00443500559777, 0.00162194459699, -0.00143175770063, 0.000504857976921, -0.00242234277539, 0.00438906578347, -0.00486522074789, 0.00580182857811, -0.00803251564503, 0.0274486131966, -0.015693873167, 0.00759104825556], [-0.000862441665959, 0.00439736526459, -0.00214689830318, 0.00245847553015, 0.00103095115628, 0.00431882590055, -0.00610362179577, 0.00353990867734, -0.00213646586053, 0.0046408213675, -0.015693873167, 0.030845137313, -0.0123918363824], [0.000896169629414, -0.00196604989469, 0.00238444516435, -0.00294033088721, -0.000518364890013, -0.00190249120351, 0.00328479614109, -0.000989129184745, 0.00167156907264, -0.00335382088087, 0.00759104825556, -0.0123918363824, 0.0244613774121]]
    },
    "melbands": {
        "dmean": [0.00038922810927, 0.000994867295958, 0.000670377514325, 0.000499635643791, 0.000187074168934, 0.000183642652701, 0.000174079628778, 0.000143848985317, 0.00010714851669, 0.000149085521116, 0.000112915673526, 8.15780367702e-05, 9.00184168131e-05, 5.13589984621e-05, 3.5917670175e-05, 2.84912111965e-05, 2.3403807063e-05, 2.62116427621e-05, 3.25837681885e-05, 3.21765110129e-05, 2.11681744986e-05, 1.51544290929e-05, 1.937768684e-05, 2.63955153059e-05, 2.35797433561e-05, 1.38488067023e-05, 7.88485340308e-06, 5.36181323696e-06, 2.87563852908e-06, 2.65237190433e-06, 3.07777395392e-06, 2.17286014959e-06, 1.69024997376e-06, 1.27967791741e-06, 9.9113503893e-07, 1.01770501715e-06, 8.12839346054e-07, 6.06688445259e-07, 5.41430495105e-07, 7.11574045908e-07],
        "dmean2": [0.000687456689775, 0.00177100009751, 0.00114330195356, 0.000874342978932, 0.000310512143187, 0.000292461365461, 0.000278255378362, 0.000229265671805, 0.00016977955238, 0.000239964254433, 0.000181683208211, 0.000128909145133, 0.000141482087201, 7.84926378401e-05, 5.5696185882e-05, 4.58234317193e-05, 3.78652621293e-05, 4.2258787289e-05, 5.18104643561e-05, 4.98853696627e-05, 3.43274732586e-05, 2.50005741691e-05, 3.09820752591e-05, 4.10310494772e-05, 3.74761366402e-05, 2.190041414e-05, 1.28890833366e-05, 9.00744635146e-06, 4.78905667478e-06, 4.41104248239e-06, 4.94433334097e-06, 3.45180887962e-06, 2.63761626229e-06, 2.04818911698e-06, 1.55743805408e-06, 1.62100752732e-06, 1.26870122585e-06, 9.49854040755e-07, 8.51788399814e-07, 1.14613999358e-06],
        "dvar": [4.914480769e-07, 4.47328420705e-06, 1.01352384263e-06, 8.09131961432e-07, 1.43478914083e-07, 1.45268714391e-07, 1.43620198401e-07, 8.99753800354e-08, 3.79448330534e-08, 7.38506500397e-08, 4.15897964956e-08, 2.06077768183e-08, 2.63529305045e-08, 1.07058975019e-08, 5.13621634113e-09, 3.07958814005e-09, 1.36110944737e-09, 1.76905734506e-09, 3.82295750612e-09, 4.55911397523e-09, 1.30433874812e-09, 3.50086737377e-10, 7.96659793689e-10, 1.5489206584e-09, 1.06897313223e-09, 4.11989914406e-10, 1.2983769615e-10, 4.88387802422e-11, 1.47901083741e-11, 1.23405608649e-11, 1.78644078697e-11, 1.09786060451e-11, 6.88527230022e-12, 3.1836792317e-12, 2.30684178357e-12, 2.85194914559e-12, 2.40152125616e-12, 1.6077334776e-12, 1.4210831947e-12, 1.20961834299e-12],
        "dvar2": [1.41033331147e-06, 1.29681366161e-05, 2.85499550046e-06, 2.24037944463e-06, 3.67135015722e-07, 3.39001786642e-07, 3.4524896364e-07, 2.13317022713e-07, 8.83854838207e-08, 1.84549222126e-07, 1.0403027062e-07, 4.9003865854e-08, 6.4447299053e-08, 2.29428795961e-08, 1.17605161165e-08, 7.5002208888e-09, 3.40322325876e-09, 4.25459623088e-09, 9.54806900211e-09, 1.03519077754e-08, 3.12928438717e-09, 9.03966124177e-10, 1.95437199757e-09, 3.72511910207e-09, 2.55635179691e-09, 9.92495419183e-10, 3.10349246302e-10, 1.27720584109e-10, 3.97323077217e-11, 3.30172521268e-11, 4.47717141139e-11, 2.60991072504e-11, 1.56082421293e-11, 7.70749523232e-12, 5.30969625906e-12, 6.42764053788e-12, 5.52116382127e-12, 3.72756556524e-12, 3.43925604142e-12, 3.06994620697e-12],
        "max": [0.00746017508209, 0.0179846026003, 0.0135637242347, 0.0116431154311, 0.0117381559685, 0.00864151027054, 0.00613837968558, 0.00581283355132, 0.00403063977137, 0.00465613650158, 0.0032860187348, 0.00277267000638, 0.00354323862121, 0.00247723748907, 0.00146468786988, 0.00145421270281, 0.00103380496148, 0.000715974078048, 0.00101732462645, 0.00176519469824, 0.00108149845619, 0.000332763418555, 0.000442463526269, 0.000905059452634, 0.000789995130617, 0.000397562835133, 0.000340623635566, 0.00015093437105, 9.42829065025e-05, 5.6596712966e-05, 8.37477928144e-05, 7.51309344196e-05, 5.59245308978e-05, 3.90263412555e-05, 2.39891814999e-05, 4.53422144346e-05, 4.61638373963e-05, 3.67964130419e-05, 3.24410502799e-05, 1.73507469299e-05],
        "mean": [0.000527081196196, 0.00138414313551, 0.00114168203436, 0.000648513436317, 0.000286725291517, 0.000288051000098, 0.000273263460258, 0.000236573105212, 0.000186719218618, 0.000251851015491, 0.00019406946376, 0.00015357095981, 0.000159007380717, 9.48777669691e-05, 6.50125002721e-05, 5.06037758896e-05, 4.31801126979e-05, 5.00721034769e-05, 6.13879456068e-05, 6.38779310975e-05, 4.30731270171e-05, 3.31318806275e-05, 4.259369598e-05, 5.86880196352e-05, 5.55526021344e-05, 3.36231714755e-05, 1.90173250303e-05, 1.24660009533e-05, 6.8208914854e-06, 6.09939024798e-06, 7.43695909478e-06, 4.99819316246e-06, 3.96468385588e-06, 3.07133404931e-06, 2.43280214818e-06, 2.40817666963e-06, 1.91101253222e-06, 1.39808958011e-06, 1.16627529678e-06, 1.42487988342e-06],
        "median": [0.000363579660188, 0.000972671492491, 0.000940827594604, 0.000419972580858, 0.000170192448422, 0.000153502143803, 0.000115696369903, 0.000106170038634, 9.57272277446e-05, 0.000140226751682, 9.44167986745e-05, 8.07122341939e-05, 7.69507241785e-05, 3.64362058463e-05, 3.22776577377e-05, 2.72868219326e-05, 2.66110655502e-05, 2.79564883385e-05, 3.13466116495e-05, 3.3491422073e-05, 2.80197600659e-05, 2.64370682999e-05, 2.40831486735e-05, 3.18029196933e-05, 3.52000570274e-05, 2.05174983421e-05, 1.5032619558e-05, 1.09650800368e-05, 5.74408750253e-06, 4.89385274705e-06, 5.97819780523e-06, 3.5980147004e-06, 2.881465889e-06, 2.37206268139e-06, 1.89287584362e-06, 1.7978275082e-06, 1.51207586896e-06, 1.11998372176e-06, 8.72332179824e-07, 1.0632094245e-06],
        "min": [1.69920619263e-24, 5.86025281624e-24, 5.20039670144e-24, 1.26008515257e-23, 6.08215899445e-24, 2.60682281017e-24, 1.37463619682e-23, 1.12956030608e-23, 2.84833553453e-24, 9.63826625239e-24, 6.18026055333e-24, 4.76610905159e-24, 8.89303329953e-24, 8.28903721428e-24, 5.66369747209e-24, 4.23825934294e-24, 3.68692879502e-24, 9.33032650943e-24, 9.0752286142e-24, 1.05008959074e-23, 1.01422781622e-23, 6.43339852364e-24, 6.93287961085e-24, 6.87654784247e-24, 7.63875077112e-24, 8.55377972294e-24, 8.59499691637e-24, 8.5943587279e-24, 7.49156431456e-24, 9.19117381233e-24, 9.06266758201e-24, 1.09602653898e-23, 1.26035249754e-23, 9.97186211857e-24, 8.41456707241e-24, 8.50979126114e-24, 6.51702724592e-24, 8.200196488e-24, 1.05084792273e-23, 8.61914394868e-24],
        "var": [4.31516127719e-07, 3.35529239237e-06, 1.09443658403e-06, 6.93865672474e-07, 1.87140329899e-07, 2.24900745138e-07, 2.37200552533e-07, 1.52250493102e-07, 7.93246641706e-08, 1.34246860739e-07, 7.5733147753e-08, 4.70962007171e-08, 5.77708370031e-08, 2.85842887138e-08, 1.0939547046e-08, 6.34850394476e-09, 2.74688272128e-09, 4.03362721002e-09, 7.44920880535e-09, 1.04323278904e-08, 2.76764411389e-09, 7.65809693437e-10, 2.27630714278e-09, 4.78246864333e-09, 3.39294836671e-09, 1.57905211129e-09, 4.1698483555e-10, 1.03040818933e-10, 2.8395577556e-11, 2.5755475877e-11, 4.38568695249e-11, 2.48961927463e-11, 1.8074800337e-11, 8.18842736672e-12, 5.48856619875e-12, 6.07437060721e-12, 4.12391908816e-12, 2.50435349541e-12, 2.04869259578e-12, 2.11198961965e-12]
    },
    "mfcc": {
        "mean": [-595.355957031, 96.932258606, -11.6406393051, 21.503364563, 1.8275680542, -5.18131780624, 2.0324409008, 8.39617538452, 0.765403568745, 0.114317834377, -1.02189099789, -6.51259231567, -3.86708903313],
        "cov": [[2593.3125, -73.8044509888, 335.121826172, 420.107818604, 245.347839355, 211.347579956, 209.573471069, 109.612602234, 4.4606013298, 49.7091751099, 11.5874624252, 3.05684900284, 26.2152481079], [-73.8044509888, 405.512054443, 11.4262800217, 64.1550598145, 39.9241523743, -39.5270614624, 54.4092826843, 9.56363582611, -13.9210166931, -2.56305813789, 11.0193662643, 5.11544656754, 7.53074359894], [335.121826172, 11.4262800217, 646.39276123, 320.176177979, 164.2762146, 140.35748291, 89.3851776123, 15.7469234467, -12.9122877121, 6.46380376816, -29.0093040466, 23.5147609711, 32.9950408936], [420.107818604, 64.1550598145, 320.176177979, 401.141937256, 212.381454468, 64.7494888306, 53.6031951904, 9.65124320984, 11.939037323, 31.7991828918, -27.5528469086, 11.7181987762, 44.0147285461], [245.347839355, 39.9241523743, 164.2762146, 212.381454468, 239.903518677, 32.328037262, 21.7907981873, -3.06229162216, 7.57458639145, 38.9116287231, -21.5142402649, 5.68471574783, 21.3580226898], [211.347579956, -39.5270614624, 140.35748291, 64.7494888306, 32.328037262, 222.838134766, 117.759880066, 17.6396465302, 25.72996521, 26.7573280334, -1.62547123432, 11.7302961349, -1.52628517151], [209.573471069, 54.4092826843, 89.3851776123, 53.6031951904, 21.7907981873, 117.759880066, 213.476470947, 61.4886169434, 20.7268886566, 11.6899576187, 12.2462968826, 21.7626571655, 4.92247056961], [109.612602234, 9.56363582611, 15.7469234467, 9.65124320984, -3.06229162216, 17.6396465302, 61.4886169434, 101.992347717, 17.9060173035, 6.44748783112, 12.2650527954, 0.390424758196, -4.303378582], [4.4606013298, -13.9210166931, -12.9122877121, 11.939037323, 7.57458639145, 25.72996521, 20.7268886566, 17.9060173035, 88.1570587158, 43.6412849426, 2.32609319687, 3.89056706429, 7.16657209396], [49.7091751099, -2.56305813789, 6.46380376816, 31.7991828918, 38.9116287231, 26.7573280334, 11.6899576187, 6.44748783112, 43.6412849426, 95.7149124146, 15.6401071548, 9.32696628571, 10.8916444778], [11.5874624252, 11.0193662643, -29.0093040466, -27.5528469086, -21.5142402649, -1.62547123432, 12.2462968826, 12.2650527954, 2.32609319687, 15.6401071548, 69.6244430542, 19.2394695282, -4.27363872528], [3.05684900284, 5.11544656754, 23.5147609711, 11.7181987762, 5.68471574783, 11.7302961349, 21.7626571655, 0.390424758196, 3.89056706429, 9.32696628571, 19.2394695282, 53.9708213806, 22.4062843323], [26.2152481079, 7.53074359894, 32.9950408936, 44.0147285461, 21.3580226898, -1.52628517151, 4.92247056961, -4.303378582, 7.16657209396, 10.8916444778, -4.27363872528, 22.4062843323, 67.5775375366]],
