{
"lowlevel": {
    "average_loudness": 0.837093055248,
    "barkbands_crest": {
        "dmean": 2.74048256874,
        "dmean2": 4.49925374985,
        "dvar": 5.93034505844,
        "dvar2": 15.5204916,
        "max": 26.6013202667,
        "mean": 10.7050762177,
        "median": 9.68597316742,
        "min": 2.75079965591,
        "var": 21.4385147095
    },
    "barkbands_flatness_db": {
        "dmean": 0.0200370810926,
        "dmean2": 0.031693380326,
        "dvar": 0.000321200350299,
        "dvar2": 0.000780274800491,
        "max": 0.423675745726,
        "mean": 0.135494410992,
        "median": 0.125631064177,
        "min": 0.0320538543165,
        "var": 0.00243863719516
    },
    "barkbands_kurtosis": {
        "dmean": 3.66183042526,
        "dmean2": 5.85413169861,
        "dvar": 70.5320510864,
        "dvar2": 170.34703064,
        "max": 342.626098633,
        "mean": 6.84482574463,
        "median": 2.56931328773,
        "min": -1.90140044689,
        "var": 253.407852173
    },
    "barkbands_skewness": {
        "dmean": 0.528315067291,
        "dmean2": 0.837046861649,
        "dvar": 0.344936996698,
        "dvar2": 0.832175195217,
        "max": 15.6408538818,
        "mean": 1.83084130287,
        "median": 1.55788064003,
        "min": -2.69308757782,
        "var": 2.28978252411
    },
    "barkbands_spread": {
        "dmean": 4.732401371,
        "dmean2": 7.50372886658,
        "dvar": 32.501247406,
        "dvar2": 74.9640579224,
        "max": 103.747558594,
        "mean": 19.7025184631,
        "median": 17.5968513489,
        "min": 0.333682745695,
        "var": 156.198425293
    },
    "dissonance": {
        "dmean": 0.0197296328843,
        "dmean2": 0.0331822000444,
        "dvar": 0.000325936387526,
        "dvar2": 0.000897392514162,
        "max": 0.499999970198,
        "mean": 0.45812818408,
        "median": 0.463873565197,
        "min": 0.232110485435,
        "var": 0.000831066514365
    },
    "dynamic_complexity": 3.69583892822,
    "erbbands_crest": {
        "dmean": 2.87165641785,
        "dmean2": 4.65397644043,
        "dvar": 7.01760053635,
        "dvar2": 17.7292842865,
        "max": 29.334985733,
        "mean": 10.8430309296,
        "median": 9.75100803375,
        "min": 2.8461163044,
        "var": 23.5679569244
    },
    "erbbands_flatness_db": {
        "dmean": 0.0149679165334,
        "dmean2": 0.0230530630797,
        "dvar": 0.000174263754161,
        "dvar2": 0.000398453237722,
        "max": 0.333539962769,
        "mean": 0.163887679577,
        "median": 0.161529570818,
        "min": 0.0522232241929,
        "var": 0.00167519319803
    },
    "erbbands_kurtosis": {
        "dmean": 1.01280975342,
        "dmean2": 1.6132401228,
        "dvar": 2.16050505638,
        "dvar2": 5.09545707703,
        "max": 42.4112510681,
        "mean": 0.698233783245,
        "median": -0.202008843422,
        "min": -1.87936019897,
        "var": 7.94476222992
    },
    "erbbands_skewness": {
        "dmean": 0.386329978704,
        "dmean2": 0.603291392326,
        "dvar": 0.122907333076,
        "dvar2": 0.291299879551,
        "max": 5.70560646057,
        "mean": 0.655122697353,
        "median": 0.641033291817,
        "min": -3.14450645447,
        "var": 0.86149340868
    },
    "erbbands_spread": {
        "dmean": 6.74061346054,
        "dmean2": 10.6060800552,
        "dvar": 50.5941696167,
        "dvar2": 118.697532654,
        "max": 131.925582886,
        "mean": 38.5401000977,
        "median": 36.5731430054,
        "min": 4.39624118805,
        "var": 258.368774414
    },
    "hfc": {
        "dmean": 3.51786899567,
        "dmean2": 5.37821960449,
        "dvar": 23.1005077362,
        "dvar2": 52.6166152954,
        "max": 101.323410034,
        "mean": 16.1635150909,
        "median": 9.97445869446,
        "min": 1.19219768212e-16,
        "var": 240.709915161
    },
    "melbands_crest": {
        "dmean": 3.57170653343,
        "dmean2": 5.88033914566,
        "dvar": 9.5876531601,
        "dvar2": 25.6690444946,
        "max": 34.2367286682,
        "mean": 14.3949689865,
        "median": 13.2329063416,
        "min": 1.8000780344,
        "var": 34.3359451294
    },
    "melbands_flatness_db": {
        "dmean": 0.0232822280377,
        "dmean2": 0.0367196835577,
        "dvar": 0.000450325402198,
        "dvar2": 0.00106514396612,
        "max": 0.490449458361,
        "mean": 0.196211025119,
        "median": 0.187031120062,
        "min": 0.0069911996834,
        "var": 0.0037757193204
    },
    "melbands_kurtosis": {
        "dmean": 7.28743600845,
        "dmean2": 11.7743024826,
        "dvar": 184.654876709,
        "dvar2": 458.386871338,
        "max": 293.79864502,
        "mean": 15.9754724503,
        "median": 8.2852306366,
        "min": -1.81737589836,
        "var": 628.291503906
    },
    "melbands_skewness": {
        "dmean": 0.66099780798,
        "dmean2": 1.05479478836,
        "dvar": 0.54058098793,
        "dvar2": 1.33229982853,
        "max": 13.2871713638,
        "mean": 2.70056033134,
        "median": 2.31917905807,
        "min": -1.04821193218,
        "var": 3.04480004311
    },
    "melbands_spread": {
        "dmean": 6.24574184418,
        "dmean2": 9.97101402283,
        "dvar": 72.9484558105,
        "dvar2": 161.126419067,
        "max": 214.082611084,
        "mean": 22.3338680267,
        "median": 17.7961769104,
        "min": 0.515260577202,
        "var": 328.498321533
    },
    "pitch_salience": {
        "dmean": 0.072746373713,
        "dmean2": 0.119286641479,
        "dvar": 0.00401053950191,
        "dvar2": 0.0104935001582,
        "max": 0.939165115356,
        "mean": 0.545922935009,
        "median": 0.555453777313,
        "min": 0.0725043863058,
        "var": 0.0155574567616
    },
    "silence_rate_20dB": {
        "dmean": 0,
        "dmean2": 0,
        "dvar": 0,
        "dvar2": 0,
        "max": 1,
        "mean": 1,
        "median": 1,
        "min": 1,
        "var": 0
    },
    "silence_rate_30dB": {
        "dmean": 0,
        "dmean2": 0,
        "dvar": 0,
        "dvar2": 0,
        "max": 1,
        "mean": 1,
        "median": 1,
        "min": 1,
        "var": 0
    },
    "silence_rate_60dB": {
        "dmean": 0.0270031541586,
        "dmean2": 0.0540131255984,
        "dvar": 0.0262765437365,
        "dvar2": 0.0652391463518,
        "max": 1,
        "mean": 0.110900834203,
        "median": 0,
        "min": 0,
        "var": 0.0986245125532
    },
    "spectral_centroid": {
        "dmean": 221.864334106,
        "dmean2": 350.129974365,
        "dvar": 76474.3359375,
        "dvar2": 149440.8125,
        "max": 11619.8720703,
        "mean": 1310.55749512,
        "median": 1215.17431641,
        "min": 192.243988037,
        "var": 491837.0625
    },
    "spectral_complexity": {
        "dmean": 2.3099052906,
        "dmean2": 3.73271083832,
        "dvar": 5.84978342056,
        "dvar2": 13.2861976624,
        "max": 48,
        "mean": 14.2271003723,
        "median": 13,
        "min": 0,
        "var": 63.4296073914
    },
    "spectral_decrease": {
        "dmean": 1.36518651939e-09,
        "dmean2": 2.18872608926e-09,
        "dvar": 2.58296658847e-18,
        "dvar2": 6.41392869123e-18,
        "max": 9.02804036482e-29,
        "mean": -4.31653202071e-09,
        "median": -3.87761556198e-09,
        "min": -2.01771488406e-08,
        "var": 9.39928638766e-18
    },
    "spectral_energy": {
        "dmean": 0.00538034271449,
        "dmean2": 0.00861653499305,
        "dvar": 3.95219612983e-05,
        "dvar2": 9.81766643235e-05,
        "max": 0.0803031921387,
        "mean": 0.0177576616406,
        "median": 0.0159757416695,
        "min": 1.10896065757e-20,
        "var": 0.000158970186021
    },
    "spectral_energyband_high": {
        "dmean": 0.000145982776303,
        "dmean2": 0.00020936843066,
        "dvar": 1.26965659319e-07,
        "dvar2": 2.19729017203e-07,
        "max": 0.0139062330127,
        "mean": 0.000576775579248,
        "median": 0.000283394590952,
        "min": 7.99374096157e-21,
        "var": 7.70504186676e-07
    },
    "spectral_energyband_low": {
        "dmean": 0.00177990237717,
        "dmean2": 0.00286772311665,
        "dvar": 1.30800162879e-05,
        "dvar2": 3.07568152493e-05,
        "max": 0.0636633262038,
        "mean": 0.00300441286527,
        "median": 0.00154228019528,
        "min": 5.02904191333e-23,
        "var": 2.06036474992e-05
    },
    "spectral_energyband_middle_high": {
        "dmean": 0.00107249000575,
        "dmean2": 0.00167631485965,
        "dvar": 3.31317801283e-06,
        "dvar2": 8.20467266749e-06,
        "max": 0.0304285865277,
        "mean": 0.00401033367962,
        "median": 0.00181969790719,
        "min": 1.40363442078e-21,
        "var": 2.57160554611e-05
    },
    "spectral_energyband_middle_low": {
        "dmean": 0.00426193978637,
        "dmean2": 0.00688919518143,
        "dvar": 2.71613916993e-05,
        "dvar2": 7.09633386577e-05,
        "max": 0.061717685312,
        "mean": 0.0106352260336,
        "median": 0.00858941767365,
        "min": 2.62875136051e-22,
        "var": 7.71375998738e-05
    },
    "spectral_entropy": {
        "dmean": 0.146095618606,
        "dmean2": 0.224544167519,
        "dvar": 0.0202473644167,
        "dvar2": 0.0460360646248,
        "max": 9.81026077271,
        "mean": 7.43880176544,
        "median": 7.48555469513,
        "min": 5.06700325012,
        "var": 0.156258627772
    },
    "spectral_flux": {
        "dmean": 0.016733750701,
        "dmean2": 0.0272729992867,
        "dvar": 0.000296822283417,
        "dvar2": 0.000746805628296,
        "max": 0.209950461984,
        "mean": 0.0665746703744,
        "median": 0.0637652128935,
        "min": 1.06762848562e-10,
        "var": 0.00128998991568
    },
    "spectral_kurtosis": {
        "dmean": 1.14314234257,
        "dmean2": 1.95808076859,
        "dvar": 1.57449531555,
        "dvar2": 4.54752063751,
        "max": 21.4892940521,
        "mean": 4.40515136719,
        "median": 3.8843152523,
        "min": -1.22044873238,
        "var": 5.74245119095
    },
    "spectral_rms": {
        "dmean": 0.0005999400164,
        "dmean2": 0.00094911956694,
        "dvar": 3.48796220351e-07,
        "dvar2": 8.39819449538e-07,
        "max": 0.00885124690831,
        "mean": 0.00384840229526,
        "median": 0.0039479220286,
        "min": 3.28924431095e-12,
        "var": 2.51434039455e-06
    },
    "spectral_rolloff": {
        "dmean": 392.729370117,
        "dmean2": 662.625366211,
        "dvar": 565761.0625,
        "dvar2": 1234912.375,
        "max": 18884.6191406,
        "mean": 1432.89025879,
        "median": 925.927734375,
        "min": 86.1328125,
        "var": 1687554.75
    },
    "spectral_skewness": {
        "dmean": 0.157322704792,
        "dmean2": 0.258258700371,
        "dvar": 0.0227982364595,
        "dvar2": 0.0579716451466,
        "max": 3.50377678871,
        "mean": 1.55378580093,
        "median": 1.49393868446,
        "min": -0.0872633010149,
        "var": 0.151401281357
    },
    "spectral_spread": {
        "dmean": 339218.15625,
        "dmean2": 519147.28125,
        "dvar": 439695015936,
        "dvar2": 605495558144,
        "max": 41701704,
        "mean": 4577559,
        "median": 4482264,
        "min": 2204060.25,
        "var": 1.54022497485e+12
    },
    "spectral_strongpeak": {
        "dmean": 0.605780005455,
        "dmean2": 1.01249301434,
        "dvar": 1.14326906204,
        "dvar2": 3.01716017723,
        "max": 17.9282455444,
        "mean": 1.16096937656,
        "median": 0.702962517738,
        "min": 0,
        "var": 2.09340190887
    },
    "zerocrossingrate": {
        "dmean": 0.00823417771608,
        "dmean2": 0.0101541429758,
        "dvar": 0.000121881275845,
        "dvar2": 0.000149219267769,
        "max": 0.666015625,
        "mean": 0.0588419549167,
        "median": 0.0546875,
        "min": 0.005859375,
        "var": 0.00107120245229
    },
    "barkbands": {
        "dmean": [7.24972705939e-05, 0.00124693894759, 0.000639581005089, 0.000573581666686, 0.00171291129664, 0.00123153743334, 0.000444547098596, 0.00100018817466, 0.00104379805271, 0.000362270453479, 0.000277386308881, 0.000194154592464, 0.000183822456165, 0.000112404835818, 0.000143343408126, 0.000126630504383, 0.000107119958557, 0.000280613196082, 0.000294028664939, 6.29844071227e-05, 5.01609065395e-05, 4.62714197056e-05, 3.73662660422e-05, 2.20814872591e-05, 1.80780643859e-05, 5.63140929444e-06, 9.49764910274e-07],
        "dmean2": [0.000119994379929, 0.00204256409779, 0.00111552630551, 0.000990829314105, 0.00281616789289, 0.00194431701675, 0.000695854017977, 0.00156888877973, 0.00171807350125, 0.00058430514764, 0.000440887524746, 0.000309273076709, 0.000297329796012, 0.000185028548003, 0.000225653027883, 0.000202743016416, 0.000174284039531, 0.000448464066721, 0.000464298442239, 0.000100838726212, 7.92838254711e-05, 7.15831483831e-05, 5.70257470827e-05, 3.28071982949e-05, 2.62168887275e-05, 8.31348916108e-06, 1.478723334e-06],
        "dvar": [3.56488882858e-08, 8.01439000497e-06, 3.35522167916e-06, 1.49678533035e-06, 1.00970119092e-05, 6.44603369437e-06, 7.3867181527e-07, 5.70098109165e-06, 7.49584796722e-06, 8.3550924046e-07, 7.03120690559e-07, 4.23290572371e-07, 3.66184650602e-07, 9.25219580949e-08, 1.57715760452e-07, 2.04792456771e-07, 4.23178363462e-08, 4.41608790425e-07, 5.50757420115e-07, 1.60010404926e-08, 1.12556195475e-08, 1.03376383009e-08, 1.08886935024e-08, 4.57132065534e-09, 3.86591336721e-09, 2.01896138696e-10, 7.67668827811e-12],
        "dvar2": [9.36840933718e-08, 1.87373771041e-05, 9.40556947171e-06, 4.17148521592e-06, 2.6811947464e-05, 1.59306619025e-05, 1.76751609615e-06, 1.42304079418e-05, 1.98997404368e-05, 2.21067875827e-06, 1.75209845565e-06, 1.06026880076e-06, 9.00553231986e-07, 2.44100391456e-07, 3.52016002125e-07, 5.29463136445e-07, 1.05453665356e-07, 1.07830260276e-06, 1.32893728733e-06, 3.87706826643e-08, 2.59371386591e-08, 2.14536157728e-08, 2.2692807633e-08, 8.99025298651e-09, 7.36551886149e-09, 4.23141854888e-10, 1.74340125669e-11],
        "max": [0.00317008141428, 0.0397655665874, 0.0337916910648, 0.0184028502554, 0.0538103803992, 0.0499616339803, 0.0148780550808, 0.0456320717931, 0.0437622703612, 0.0182009488344, 0.01832430996, 0.0202337037772, 0.0138069940731, 0.00807878933847, 0.0130778327584, 0.0209160409868, 0.00619315449148, 0.014488292858, 0.0207449439913, 0.00342301419005, 0.00299460813403, 0.0032938872464, 0.0043209400028, 0.00229969061911, 0.00240465230308, 0.000351699447492, 8.71765878401e-05],
        "mean": [9.52124391915e-05, 0.00176469341386, 0.000763728283346, 0.000728156417608, 0.00315272063017, 0.00229004025459, 0.000887490110472, 0.00173235137481, 0.00165806885343, 0.000659893266857, 0.000433048582636, 0.000342717074091, 0.000339451275067, 0.000198102803552, 0.000262387649855, 0.000275603000773, 0.000224467687076, 0.000597999780439, 0.000704762525856, 0.000160025476362, 0.000143508659676, 0.000120984106616, 0.000103505139123, 5.77418868488e-05, 4.55648114439e-05, 1.3825590031e-05, 1.65152312093e-06],
        "median": [1.41115524457e-05, 0.000692505622283, 0.000269016774837, 0.000269942131126, 0.00144819717389, 0.000940044468734, 0.00039037631359, 0.000416051305365, 0.000270884600468, 0.000148847262608, 0.000104863880551, 7.92861101218e-05, 5.79569677939e-05, 4.33609529864e-05, 7.00849195709e-05, 6.19913334958e-05, 8.68504721439e-05, 0.000116319817607, 0.000109087442979, 5.81676940783e-05, 5.81534841331e-05, 4.95994463563e-05, 4.14553505834e-05, 2.12268423638e-05, 1.95869761228e-05, 6.17318346485e-06, 4.19628975123e-07],
        "min": [1.21616918709e-23, 6.86527107583e-24, 8.92610471526e-24, 2.09967446828e-23, 2.83924671305e-23, 3.80168352315e-23, 6.88638272914e-23, 7.06017099537e-24, 2.28864325823e-23, 4.04037421595e-23, 8.0092605945e-23, 9.98365890232e-23, 7.31769590006e-23, 9.68485164429e-23, 1.18303955343e-22, 1.24913006763e-22, 8.07653717685e-23, 1.10307064088e-22, 1.75094127641e-22, 3.09708962335e-22, 3.77205718921e-22, 4.50511773431e-22, 5.80944787047e-22, 7.61804465541e-22, 1.36943678304e-21, 1.71464867654e-21, 2.47518167501e-21],
        "var": [5.19622354034e-08, 1.02957001218e-05, 2.7539997518e-06, 1.95384609469e-06, 2.28758672165e-05, 1.51189096869e-05, 1.90752439266e-06, 1.41239752338e-05, 1.5865529349e-05, 2.37849712903e-06, 1.23717779843e-06, 7.91572460912e-07, 1.14840077003e-06, 1.97073518393e-07, 3.7309987988e-07, 7.93673962107e-07, 1.31264314973e-07, 1.52076847826e-06, 2.44048192144e-06, 6.37055705965e-08, 4.73814765201e-08, 4.09795859468e-08, 4.24796553489e-08, 1.73813656801e-08, 1.41744909143e-08, 6.36331598525e-10, 1.82908792279e-11]
    },
    "erbbands": {
        "dmean": [0.0370055548847, 0.286975800991, 0.658853769302, 1.39194417, 3.19179177284, 6.8475933075, 11.3501148224, 7.94297838211, 5.70538711548, 9.5636844635, 26.4925842285, 24.3466281891, 10.661450386, 12.1403198242, 9.7260684967, 7.84335613251, 7.82985448837, 6.57524967194, 6.10388851166, 7.20746898651, 5.26606798172, 5.27826976776, 11.0925922394, 20.5753383636, 5.7586145401, 2.86627101898, 2.07413101196, 2.15255784988, 1.28969228268, 1.38894832134, 1.16124105453, 0.568022251129, 0.329051554203, 0.248845174909, 0.11332039535, 0.0316364392638, 0.010436351411, 0.00170738832094, 0.000176307483343, 9.1513074949e-06],
        "dmean2": [0.0617607533932, 0.467805206776, 1.11677241325, 2.40326595306, 5.42602539062, 11.1351156235, 18.0149307251, 12.5570640564, 8.84006023407, 14.8440322876, 42.3193511963, 40.1049308777, 16.9753551483, 19.3852481842, 15.4119577408, 12.5192499161, 12.5370616913, 10.9204845428, 9.76273345947, 11.27987957, 8.28258228302, 8.48798847198, 17.3413219452, 32.8182373047, 9.18062496185, 4.56474924088, 3.28423786163, 3.38581776619, 1.95642709732, 2.14548397064, 1.79084920883, 0.838684141636, 0.493396759033, 0.371510326862, 0.165901750326, 0.0466958656907, 0.0157860666513, 0.00260259443894, 0.000268701813184, 1.39837493407e-05],
        "dvar": [0.00686518289149, 0.454714924097, 3.2440533638, 9.76121425629, 43.2939109802, 199.536071777, 591.883666992, 320.212646484, 132.597854614, 664.574890137, 3891.88208008, 4739.78027344, 634.029418945, 1173.67871094, 1350.31762695, 637.557678223, 770.103271484, 326.774688721, 209.324523926, 675.126831055, 186.106842041, 87.7438812256, 704.280761719, 2559.97314453, 164.86706543, 35.1802749634, 19.0445175171, 23.0700035095, 9.87992286682, 11.1277132034, 11.1992816925, 3.29634213448, 0.911243736744, 0.746609389782, 0.142595335841, 0.00694318860769, 0.000690840359312, 1.87458645087e-05, 2.56741770954e-07, 2.61782928668e-10],
        "dvar2": [0.0177226793021, 1.04249346256, 8.84120941162, 26.526260376, 119.065345764, 519.810302734, 1503.31945801, 801.075439453, 314.739959717, 1638.90966797, 9853.10644531, 12511.1552734, 1517.1829834, 2944.93164062, 3398.65380859, 1663.1385498, 1787.15563965, 891.143066406, 518.534179688, 1583.58337402, 439.685852051, 214.339920044, 1608.22473145, 6310.8359375, 407.20614624, 86.9553451538, 42.9041748047, 53.0807800293, 20.0780353546, 22.2441825867, 24.5597877502, 6.14699602127, 1.83285593987, 1.49527335167, 0.280774533749, 0.0140960281715, 0.00152573990636, 4.30526306445e-05, 5.71586269871e-07, 5.91006910078e-10],
        "max": [1.23361158371, 10.824593544, 32.9548072815, 49.3230400085, 128.931304932, 307.987854004, 434.561340332, 393.450866699, 312.922821045, 695.369262695, 1220.39086914, 1347.92675781, 696.664855957, 918.729370117, 999.941833496, 900.569885254, 621.556518555, 453.986877441, 256.89743042, 961.31237793, 437.667358398, 232.734710693, 497.032714844, 1347.30981445, 304.21081543, 163.687759399, 104.4402771, 129.903808594, 105.668449402, 159.305603027, 114.895645142, 59.3604240417, 33.82213974, 35.2229042053, 14.8102388382, 1.95022082329, 0.695662796497, 0.100869640708, 0.0163648519665, 0.000698201649357],
        "mean": [0.0522984415293, 0.385598063469, 0.868624925613, 1.89808094501, 5.16528129578, 11.9538431168, 20.206697464, 14.7825183868, 12.0518903732, 19.330575943, 46.1245918274, 40.4145545959, 18.2744350433, 23.9080543518, 16.6081809998, 15.3577222824, 15.2718486786, 13.1691989899, 12.8384542465, 14.8450298309, 12.6155967712, 12.5552101135, 27.0670871735, 53.0378074646, 15.5121297836, 7.72223234177, 5.70693159103, 6.19226360321, 3.74096298218, 3.90261387825, 3.07300496101, 1.50435328484, 0.855165421963, 0.607696115971, 0.269441187382, 0.0759703814983, 0.0245304554701, 0.00365727255121, 0.00032465023105, 3.01371492242e-05],
        "median": [0.0174537114799, 0.150975346565, 0.353841274977, 0.825555324554, 2.21118807793, 4.90510749817, 7.0825009346, 5.99121570587, 6.42885923386, 7.07381534576, 11.9979743958, 8.54807472229, 6.31592416763, 5.42636013031, 4.0118470192, 3.70760917664, 3.19513225555, 3.29257082939, 3.6832447052, 3.62181425095, 3.8136806488, 5.65367126465, 6.76056575775, 7.78727912903, 4.37872982025, 2.94781446457, 2.4111123085, 2.17683959007, 1.63461351395, 1.53877854347, 1.15865266323, 0.535638332367, 0.340836822987, 0.240567982197, 0.115918442607, 0.0356207415462, 0.0100539950654, 0.00134461582638, 9.80962140602e-05, 2.41715370066e-05],
        "min": [2.53550875882e-22, 1.72817376618e-21, 7.30714389464e-21, 4.24668225695e-20, 8.13892860741e-20, 1.21591220272e-19, 2.15968624906e-19, 2.92197493029e-19, 7.98631042397e-19, 3.90516206487e-19, 1.98913595316e-19, 4.17698498789e-19, 1.6431487919e-18, 1.98067467098e-18, 3.77341101165e-18, 4.01576500496e-18, 3.96746468822e-18, 4.15827581679e-18, 5.66054251549e-18, 8.43621654408e-18, 6.65016692469e-18, 6.42744358167e-18, 7.04970550031e-18, 8.45145321096e-18, 1.05631410901e-17, 1.52980668457e-17, 1.77194792703e-17, 1.45645727094e-17, 1.63995124253e-17, 1.59825009e-17, 1.73968606334e-17, 1.25314984213e-17, 1.43621665766e-17, 1.24572961845e-17, 9.70251177507e-18, 5.40374346714e-18, 3.97834418123e-18, 1.3980210552e-18, 3.5869381869e-19, 3.11695258054e-20],
        "var": [0.00906318612397, 0.551785349846, 2.93550014496, 12.65828228, 80.7213592529, 439.024749756, 1379.68273926, 682.819091797, 294.533935547, 1762.94812012, 9918.72363281, 9744.8984375, 1260.71020508, 3473.86889648, 2353.78417969, 1455.38415527, 2295.06054688, 781.530212402, 637.806518555, 1903.45397949, 798.098327637, 314.8644104, 2888.59399414, 11410.609375, 796.955688477, 143.348876953, 78.2828292847, 99.9348526001, 40.3235931396, 49.4041290283, 39.006652832, 12.767739296, 3.50919389725, 2.61123943329, 0.485738247633, 0.0213789027184, 0.00208001513965, 5.19925924891e-05, 6.50320600926e-07, 8.98393470727e-10]
    },
    "gfcc": {
        "mean": [-24.0284481049, 84.0100708008, -116.270614624, 28.2326202393, -69.3770065308, -0.781117141247, -41.2187156677, 10.666639328, -25.2237663269, -1.24275434017, -15.679810524, 2.10015082359, -13.4086294174],
        "cov": [[6139.33740234, -780.505493164, -57.8210411072, 674.664916992, -23.989906311, 452.679351807, 282.600219727, 522.352050781, 160.299606323, 185.291809082, 117.14743042, 160.091751099, -88.861289978], [-780.505493164, 701.842163086, 187.43536377, -17.3787288666, 91.9390792847, -61.215549469, -2.98557686806, -84.8263397217, 14.1366167068, -38.4954719543, 39.7076835632, -30.0442771912, 50.7695045471], [-57.8210411072, 187.43536377, 832.062988281, 307.98324585, 58.5984802246, 78.0321807861, -68.1991577148, 4.99437999725, -7.48375892639, -3.83225893974, -6.91119337082, -25.7446632385, 4.15615797043], [674.664916992, -17.3787288666, 307.98324585, 497.55355835, 122.896461487, 105.636123657, 18.6713466644, 123.359588623, 74.2492752075, 37.3305702209, 41.5227050781, -13.2890386581, 17.5533275604], [-23.989906311, 91.9390792847, 58.5984802246, 122.896461487, 245.575378418, 84.2197799683, 56.5418586731, 70.5897064209, 56.600730896, 32.8226127625, -9.40467643738, -32.3003730774, 5.94620227814], [452.679351807, -61.215549469, 78.0321807861, 105.636123657, 84.2197799683, 278.877227783, 176.852737427, 105.470603943, 10.1350603104, 39.9730529785, 14.4831380844, 7.19357776642, -13.3655109406], [282.600219727, -2.98557686806, -68.1991577148, 18.6713466644, 56.5418586731, 176.852737427, 292.564605713, 120.74974823, -1.53112792969, 31.5279903412, 40.5632820129, 11.4211702347, -37.8428421021], [522.352050781, -84.8263397217, 4.99437999725, 123.359588623, 70.5897064209, 105.470603943, 120.74974823, 201.030273438, 88.9886703491, 49.5626678467, 14.2700910568, -4.23572921753, -20.4463329315], [160.299606323, 14.1366167068, -7.48375892639, 74.2492752075, 56.600730896, 10.1350603104, -1.53112792969, 88.9886703491, 160.362762451, 60.2073745728, -10.2470235825, -19.4989395142, -3.84058403969], [185.291809082, -38.4954719543, -3.83225893974, 37.3305702209, 32.8226127625, 39.9730529785, 31.5279903412, 49.5626678467, 60.2073745728, 104.16506958, 26.2905654907, -5.61523389816, -3.07116389275], [117.14743042, 39.7076835632, -6.91119337082, 41.5227050781, -9.40467643738, 14.4831380844, 40.5632820129, 14.2700910568, -10.2470235825, 26.2905654907, 105.617095947, 37.1793365479, 5.90044498444], [160.091751099, -30.0442771912, -25.7446632385, -13.2890386581, -32.3003730774, 7.19357776642, 11.4211702347, -4.23572921753, -19.4989395142, -5.61523389816, 37.1793365479, 93.2780456543, 32.4891548157], [-88.861289978, 50.7695045471, 4.15615797043, 17.5533275604, 5.94620227814, -13.3655109406, -37.8428421021, -20.4463329315, -3.84058403969, -3.07116389275, 5.90044498444, 32.4891548157, 119.71622467]],
        "icov": [[0.000309380528051, 5.3860279877e-05, 0.000192558334675, -0.000463226548163, 0.000341209117323, -0.000337319565006, 0.000233741098782, -0.000589442322962, 0.000204194438993, -0.000314775970764, 0.000191309693037, -0.000608979200479, 0.0003409597266], [5.3860279877e-05, 0.00280355825089, -0.00106766400859, 0.000888662063517, -0.00138330296613, 0.000953022390604, -0.00161987903994, 0.0020279341843, -0.00233204918914, 0.00225669308566, -0.00272351037711, 0.00165974290576, -0.00156590493862], [0.000192558334675, -0.00106766400859, 0.00232748012058, -0.00186214246787, 0.000829510565381, -0.00129833794199, 0.00152766611427, -0.000825570779853, 0.00157583516557, -0.00112699088641, 0.00152712943964, -0.00087422458455, 0.00112731708214], [-0.000463226548163, 0.000888662063517, -0.00186214246787, 0.00492131710052, -0.00198626820929, 7.14376074029e-05, 0.000155711328262, -0.000419361749664, -0.00181067083031, 0.0020607879851, -0.00345617928542, 0.00226746941917, -0.00174364377744], [0.000341209117323, -0.00138330296613, 0.000829510565381, -0.00198626820929, 0.00674650026485, -0.00182882708032, 0.000390368106309, -0.00174421106931, 0.000314650154905, -0.00183407077566, 0.00230667856522, 0.000240872657741, 0.000172558997292], [-0.000337319565006, 0.000953022390604, -0.00129833794199, 7.14376074029e-05, -0.00182882708032, 0.00818811077625, -0.00492022419348, 0.000464164593723, 0.000311442359816, -0.000817049411125, 0.000735407404136, 1.73850803549e-05, -0.00114292092621], [0.000233741098782, -0.00161987903994, 0.00152766611427, 0.000155711328262, 0.000390368106309, -0.00492022419348, 0.009407103993, -0.00561220524833, 0.00364011363126, -0.00133159500547, -0.00075366377132, -0.00133495219052, 0.00271306233481], [-0.000589442322962, 0.0020279341843, -0.000825570779853, -0.000419361749664, -0.00174421106931, 0.000464164593723, -0.00561220524833, 0.0142652560025, -0.00752204051241, 0.00205366872251, -0.00176021328662, 0.00165915081743, -0.00095875095576], [0.000204194438993, -0.00233204918914, 0.00157583516557, -0.00181067083031, 0.000314650154905, 0.000311442359816, 0.00364011363126, -0.00752204051241, 0.0143090644851, -0.00780101539567, 0.00488266069442, -0.00164397107437, 0.001700854511], [-0.000314775970764, 0.00225669308566, -0.00112699088641, 0.0020607879851, -0.00183407077566, -0.000817049411125, -0.00133159500547, 0.00205366872251, -0.00780101539567, 0.0170967634767, -0.00752357719466, 0.00405002385378, -0.00206397334114], [0.000191309693037, -0.00272351037711, 0.00152712943964, -0.00345617928542, 0.00230667856522, 0.000735407404136, -0.00075366377132, -0.00176021328662, 0.00488266069442, -0.00752357719466, 0.0172844044864, -0.00767005234957, 0.00237267883494], [-0.000608979200479, 0.00165974290576, -0.00087422458455, 0.00226746941917, 0.000240872657741, 1.73850803549e-05, -0.00133495219052, 0.00165915081743, -0.00164397107437, 0.00405002385378, -0.00767005234957, 0.0177481006831, -0.00599402096123], [0.0003409597266, -0.00156590493862, 0.00112731708214, -0.00174364377744, 0.000172558997292, -0.00114292092621, 0.00271306233481, -0.00095875095576, 0.001700854511, -0.00206397334114, 0.00237267883494, -0.00599402096123, 0.0115558216348]]
    },
    "melbands": {
        "dmean": [0.000339081161655, 0.000336114229867, 0.000267118884949, 0.000364030711353, 0.000362232327461, 0.000188063233509, 9.02477404452e-05, 0.000118008778372, 0.000233155747992, 0.000144471414387, 5.17171501997e-05, 5.00356363773e-05, 3.44172512996e-05, 2.34346389334e-05, 1.75043733179e-05, 1.99285768758e-05, 1.21211542137e-05, 9.50944649958e-06, 1.05265171442e-05, 1.12380648716e-05, 6.18267858954e-06, 6.04286424277e-06, 6.67382482789e-06, 1.54775570991e-05, 1.96315868379e-05, 7.51955303713e-06, 2.2617355171e-06, 2.13276098293e-06, 1.68074143403e-06, 1.17501122077e-06, 1.43177283007e-06, 8.299330716e-07, 9.05527315354e-07, 7.37433197173e-07, 7.38130893296e-07, 5.3667292832e-07, 3.68989589106e-07, 2.51728607736e-07, 2.35311446772e-07, 2.38229262095e-07],
        "dmean2": [0.000558240688406, 0.000547853065655, 0.000458679045551, 0.00060001865495, 0.000576050078962, 0.000296205718769, 0.000139772120747, 0.000183912270586, 0.000374294788344, 0.000237664731685, 8.15201710793e-05, 8.00568523118e-05, 5.42643829249e-05, 3.7257646909e-05, 2.72437864623e-05, 3.23730018863e-05, 2.00424219656e-05, 1.52572138177e-05, 1.65414530784e-05, 1.79690687219e-05, 9.80449567578e-06, 9.80475670076e-06, 1.06587986011e-05, 2.45009123319e-05, 3.12647462124e-05, 1.17971294458e-05, 3.61963247997e-06, 3.44413365383e-06, 2.66938332061e-06, 1.88081560282e-06, 2.26242400458e-06, 1.28198632865e-06, 1.42277781379e-06, 1.13918861189e-06, 1.16602245726e-06, 8.13563758584e-07, 5.65141817788e-07, 3.83797043924e-07, 3.5926984765e-07, 3.60094048801e-07],
        "dvar": [5.79448283133e-07, 6.61343790398e-07, 2.92322539508e-07, 5.3187670801e-07, 5.24310053152e-07, 1.59768347885e-07, 2.95740871792e-08, 1.05198481037e-07, 2.97011752082e-07, 1.76778556238e-07, 1.61211257677e-08, 2.06083790033e-08, 1.35206716934e-08, 7.15995573941e-09, 2.38485053927e-09, 5.10850695079e-09, 1.16664122807e-09, 5.07855424381e-10, 1.10652587093e-09, 2.21791318644e-09, 2.11083414636e-10, 1.31005234438e-10, 1.7927691276e-10, 1.50779588814e-09, 2.48894949095e-09, 4.14742490351e-10, 2.40581738559e-11, 2.15640023199e-11, 1.31931097991e-11, 6.01933216812e-12, 1.04977268198e-11, 4.16461006306e-12, 4.49488753509e-12, 3.3016250324e-12, 4.15905244272e-12, 2.74605533625e-12, 1.38270926826e-12, 4.63412294649e-13, 5.89658530337e-13, 7.01848464329e-13],
        "dvar2": [1.3987236116e-06, 1.63681102094e-06, 8.10994492895e-07, 1.39809924349e-06, 1.3585255374e-06, 3.98876835561e-07, 6.98639226471e-08, 2.60627274429e-07, 7.65571826378e-07, 4.69008341497e-07, 3.77839022292e-08, 5.25596561829e-08, 3.370005075e-08, 1.78984809196e-08, 5.17747578144e-09, 1.28229773466e-08, 3.15777537452e-09, 1.25533961004e-09, 2.4105129004e-09, 5.69785374438e-09, 5.13258768819e-10, 3.24607313251e-10, 4.25103757751e-10, 3.6552416649e-09, 6.1316303146e-09, 9.83179426761e-10, 5.84815598725e-11, 5.44858255735e-11, 3.09260672626e-11, 1.43177258244e-11, 2.50474311431e-11, 8.81600348279e-12, 9.77011093556e-12, 6.66621141968e-12, 9.55116454676e-12, 5.5797081365e-12, 2.96264900633e-12, 9.67969411222e-13, 1.3348597401e-12, 1.4603831382e-12],
        "max": [0.0111978184432, 0.0154700828716, 0.00769940204918, 0.0149998422712, 0.0132342875004, 0.00798109266907, 0.00403196411207, 0.00861490145326, 0.0105017963797, 0.00782300718129, 0.00348001741804, 0.00351267610677, 0.0029232215602, 0.00263680634089, 0.0017153006047, 0.00188058405183, 0.000993132242002, 0.000470697152195, 0.00095566053642, 0.00222433079034, 0.000391438254155, 0.000257958483417, 0.000319502636557, 0.000871233583894, 0.00133427174296, 0.000563825364225, 0.000168185099028, 0.000116676812468, 8.32491641631e-05, 5.52531892026e-05, 9.62190097198e-05, 7.28607410565e-05, 7.45751458453e-05, 8.58116327436e-05, 6.95807248121e-05, 5.29574208485e-05, 3.84467894037e-05, 2.35321404034e-05, 2.69308329734e-05, 3.19749087794e-05],
        "mean": [0.000482572009787, 0.000486270611873, 0.000384184619179, 0.00063613866223, 0.000662738049868, 0.000352725823177, 0.00018865003949, 0.000229345328989, 0.00039568595821, 0.000233145678067, 8.36373219499e-05, 9.63394923019e-05, 5.57322564418e-05, 4.20057767769e-05, 3.15318902722e-05, 3.69941153622e-05, 2.18086879613e-05, 1.87673067558e-05, 1.93208506971e-05, 2.27561140491e-05, 1.28321753436e-05, 1.25834721985e-05, 1.41383015944e-05, 3.37723540724e-05, 4.69134647574e-05, 1.60276176757e-05, 5.33130196345e-06, 5.02234343003e-06, 3.90335208067e-06, 2.95934455607e-06, 3.81698828278e-06, 2.09038216781e-06, 2.24567838814e-06, 1.96740506908e-06, 1.83685358479e-06, 1.27384680582e-06, 8.31450961414e-07, 6.07155300258e-07, 5.1788009614e-07, 5.29173462382e-07],
        "median": [0.000184978998732, 0.000214893021621, 0.0001823882194, 0.000255066639511, 0.00027166630025, 0.000149518324179, 9.56899748417e-05, 7.60301045375e-05, 9.48737797444e-05, 4.19965072069e-05, 2.33538976318e-05, 1.85530661838e-05, 1.36265598485e-05, 9.54785900831e-06, 7.88219949754e-06, 5.86040368944e-06, 4.81281449538e-06, 4.78238143842e-06, 5.00287524119e-06, 4.53040138382e-06, 3.98346446673e-06, 4.7711055231e-06, 5.03788260175e-06, 5.67958568354e-06, 5.88269995205e-06, 3.19481296174e-06, 1.93159849005e-06, 1.61490402206e-06, 1.34548622555e-06, 1.2400612377e-06, 1.16267119665e-06, 8.22463221084e-07, 8.71608676789e-07, 7.53712811274e-07, 6.75445051002e-07, 4.05755542943e-07, 2.42366439807e-07, 2.23909324859e-07, 2.00387987093e-07, 1.93623847622e-07],
        "min": [3.60354501404e-24, 3.05094085019e-24, 1.14380500411e-23, 5.56153327954e-24, 9.54021715276e-24, 6.42768204309e-24, 1.76350801995e-23, 3.4626820665e-24, 1.53604796515e-24, 3.34944345014e-24, 7.99383126405e-24, 7.04383763033e-24, 1.16753070581e-23, 1.48837826422e-23, 6.14540907297e-24, 9.08098256564e-24, 7.86718990091e-24, 9.24799861878e-24, 9.76747378005e-24, 1.0102449364e-23, 7.12087778634e-24, 5.40640457139e-24, 7.46124681225e-24, 4.95632708166e-24, 6.91535191039e-24, 6.87748422036e-24, 8.12836044739e-24, 1.0528631468e-23, 1.13983648155e-23, 8.93314293226e-24, 7.71951513945e-24, 8.9706856116e-24, 8.92165080659e-24, 8.54335334835e-24, 9.71131240563e-24, 9.47003772005e-24, 7.05329528372e-24, 9.44993991076e-24, 1.06445175016e-23, 1.02974912785e-23],
        "var": [7.56811971314e-07, 7.63402340453e-07, 3.95727653313e-07, 1.20368281387e-06, 1.23185031953e-06, 3.55239251348e-07, 7.30435942842e-08, 2.66171326757e-07, 7.32079456611e-07, 3.5928249531e-07, 3.15022319342e-08, 6.26731164743e-08, 2.36938078046e-08, 1.28452821713e-08, 6.93835033871e-09, 1.4187576447e-08, 2.39552244707e-09, 1.63158342392e-09, 2.48654608015e-09, 7.29303684111e-09, 6.73931188633e-10, 4.15608880644e-10, 5.63371571616e-10, 5.81397108235e-09, 1.01366559591e-08, 1.36044697729e-09, 8.75626515739e-11, 7.49744641371e-11, 4.54437598663e-11, 2.07026115001e-11, 4.13313619441e-11, 1.56716965793e-11, 1.57980989401e-11, 1.41963090589e-11, 1.35831484949e-11, 9.44045449452e-12, 4.15853983193e-12, 1.73933046785e-12, 1.63612385359e-12, 2.25771593261e-12]
    },
    "mfcc": {
        "mean": [-667.850952148, 115.42401123, 2.74338269234, 24.2876434326, -5.48680353165, -8.91760635376, -8.05278110504, 2.57015132904, -6.66740560532, -2.86383938789, 1.21269750595, -4.44962739944, -4.07863235474],
        "cov": [[5768.2890625, -1099.92370605, 2.65772414207, 249.54776001, -0.0899128168821, 131.442886353, 222.876480103, 436.039855957, 134.023101807, 310.708190918, 361.595306396, 100.644493103, -26.663942337], [-1099.92370605, 731.287719727, 25.6716365814, -33.8693122864, 19.2996387482, -7.86470937729, -21.5369606018, -76.5654449463, -23.127450943, -81.1350784302, -68.6417770386, 15.7117118835, 24.3024749756], [2.65772414207, 25.6716365814, 733.429321289, 235.798980713, 170.385345459, 61.3696594238, 45.0372428894, 19.3077449799, 1.88777709007, -7.76971054077, -47.1764259338, 45.4080085754, 52.4630813599], [249.54776001, -33.8693122864, 235.798980713, 335.255279541, 180.557830811, 19.0146121979, 14.1264705658, 23.6408081055, 37.1338424683, 58.7565689087, 25.8384685516, 21.8661727905, 36.0009346008], [-0.0899128168821, 19.2996387482, 170.385345459, 180.557830811, 295.961364746, 33.4844360352, -32.9358253479, -8.69049072266, 75.4707336426, 56.5056152344, -21.9286575317, 14.7533597946, 48.8594017029], [131.442886353, -7.86470937729, 61.3696594238, 19.0146121979, 33.4844360352, 158.580047607, 110.79208374, 49.5790214539, 42.9544067383, 30.9422779083, 25.8559780121, 38.5768165588, -1.42488133907], [222.876480103, -21.5369606018, 45.0372428894, 14.1264705658, -32.9358253479, 110.79208374, 284.56854248, 114.312309265, 29.7933559418, 38.2000732422, 54.6243019104, 44.5650405884, -2.86733174324], [436.039855957, -76.5654449463, 19.3077449799, 23.6408081055, -8.69049072266, 49.5790214539, 114.312309265, 183.862854004, 60.3398475647, 50.8517456055, 71.7289581299, 25.9807662964, -8.22505664825], [134.023101807, -23.127450943, 1.88777709007, 37.1338424683, 75.4707336426, 42.9544067383, 29.7933559418, 60.3398475647, 161.090927124, 81.8065185547, 10.6926727295, 23.1100463867, 26.3585014343], [310.708190918, -81.1350784302, -7.76971054077, 58.7565689087, 56.5056152344, 30.9422779083, 38.2000732422, 50.8517456055, 81.8065185547, 196.629821777, 80.2196578979, 23.0587482452, 17.9981822968], [361.595306396, -68.6417770386, -47.1764259338, 25.8384685516, -21.9286575317, 25.8559780121, 54.6243019104, 71.7289581299, 10.6926727295, 80.2196578979, 167.006088257, 31.3256168365, -17.623998642], [100.644493103, 15.7117118835, 45.4080085754, 21.8661727905, 14.7533597946, 38.5768165588, 44.5650405884, 25.9807662964, 23.1100463867, 23.0587482452, 31.3256168365, 91.5922088623, 23.4323577881], [-26.663942337, 24.3024749756, 52.4630813599, 36.0009346008, 48.8594017029, -1.42488133907, -2.86733174324, -8.22505664825, 26.3585014343, 17.9981822968, -17.623998642, 23.4323577881, 96.9614562988]],
