{
"lowlevel": {
    "average_loudness": 0.943301975727,
    "barkbands_crest": {
        "dmean": 2.7677295208,
        "dmean2": 4.55810928345,
        "dvar": 6.33836555481,
        "dvar2": 15.989153862,
        "max": 25.9709091187,
        "mean": 9.74898147583,
        "median": 8.84754753113,
        "min": 2.2962911129,
        "var": 17.0780925751
    },
    "barkbands_flatness_db": {
        "dmean": 0.019731702283,
        "dmean2": 0.0310756172985,
        "dvar": 0.000383024889743,
        "dvar2": 0.000880655250512,
        "max": 0.34644344449,
        "mean": 0.105109296739,
        "median": 0.0936263650656,
        "min": 0.0176621079445,
        "var": 0.00206480524503
    },
    "barkbands_kurtosis": {
        "dmean": 2.63958692551,
        "dmean2": 4.24680280685,
        "dvar": 29.3648471832,
        "dvar2": 69.8855895996,
        "max": 130.98878479,
        "mean": 3.56401109695,
        "median": 0.688418149948,
        "min": -1.96699690819,
        "var": 70.888381958
    },
    "barkbands_skewness": {
        "dmean": 0.533689796925,
        "dmean2": 0.833262264729,
        "dvar": 0.369133144617,
        "dvar2": 0.866822957993,
        "max": 10.4114055634,
        "mean": 1.43231666088,
        "median": 1.18347811699,
        "min": -2.35343670845,
        "var": 1.55413031578
    },
    "barkbands_spread": {
        "dmean": 7.53744792938,
        "dmean2": 12.0059957504,
        "dvar": 86.3353118896,
        "dvar2": 197.91619873,
        "max": 121.347679138,
        "mean": 31.7672863007,
        "median": 30.9648647308,
        "min": 1.58349311352,
        "var": 294.530944824
    },
    "dissonance": {
        "dmean": 0.0151017736644,
        "dmean2": 0.024961175397,
        "dvar": 0.000278530525975,
        "dvar2": 0.000714734836947,
        "max": 0.500000119209,
        "mean": 0.471660882235,
        "median": 0.480348199606,
        "min": 0.268017798662,
        "var": 0.000769468024373
    },
    "dynamic_complexity": 2.60721826553,
    "erbbands_crest": {
        "dmean": 2.54089474678,
        "dmean2": 4.10490894318,
        "dvar": 6.1195192337,
        "dvar2": 14.716047287,
        "max": 29.8740444183,
        "mean": 8.62538909912,
        "median": 7.19447660446,
        "min": 2.4145014286,
        "var": 22.1505966187
    },
    "erbbands_flatness_db": {
        "dmean": 0.0150824757293,
        "dmean2": 0.0222648885101,
        "dvar": 0.000233115177252,
        "dvar2": 0.000466334138764,
        "max": 0.335865318775,
        "mean": 0.127228796482,
        "median": 0.118390575051,
        "min": 0.0264780931175,
        "var": 0.00204404979013
    },
    "erbbands_kurtosis": {
        "dmean": 0.910612344742,
        "dmean2": 1.4137969017,
        "dvar": 2.15098714828,
        "dvar2": 4.98611211777,
        "max": 24.5828552246,
        "mean": 0.434667259455,
        "median": -0.361946344376,
        "min": -1.80216491222,
        "var": 6.4075460434
    },
    "erbbands_skewness": {
        "dmean": 0.364361912012,
        "dmean2": 0.552123963833,
        "dvar": 0.132070019841,
        "dvar2": 0.282003492117,
        "max": 4.37887763977,
        "mean": 0.162290304899,
        "median": 0.0947984233499,
        "min": -4.36375951767,
        "var": 0.873740494251
    },
    "erbbands_spread": {
        "dmean": 8.98221492767,
        "dmean2": 13.4889974594,
        "dvar": 103.578170776,
        "dvar2": 223.940979004,
        "max": 167.660125732,
        "mean": 47.3452262878,
        "median": 45.1976585388,
        "min": 4.3753323555,
        "var": 568.719238281
    },
    "hfc": {
        "dmean": 7.06247329712,
        "dmean2": 10.5158538818,
        "dvar": 75.2395324707,
        "dvar2": 167.114608765,
        "max": 136.518173218,
        "mean": 29.9570980072,
        "median": 28.3812446594,
        "min": 1.08165538264e-16,
        "var": 392.859191895
    },
    "melbands_crest": {
        "dmean": 3.08359599113,
        "dmean2": 5.08449363708,
        "dvar": 7.05709314346,
        "dvar2": 18.5066890717,
        "max": 31.8948326111,
        "mean": 13.2588720322,
        "median": 12.6587352753,
        "min": 2.06337380409,
        "var": 18.0076961517
    },
    "melbands_flatness_db": {
        "dmean": 0.0251957178116,
        "dmean2": 0.0397700071335,
        "dvar": 0.000605534063652,
        "dvar2": 0.00146301672794,
        "max": 0.439084738493,
        "mean": 0.169628679752,
        "median": 0.158924594522,
        "min": 0.00534265348688,
        "var": 0.00320926588029
    },
    "melbands_kurtosis": {
        "dmean": 8.84406757355,
        "dmean2": 14.1709098816,
        "dvar": 366.952423096,
        "dvar2": 901.295593262,
        "max": 539.22845459,
        "mean": 16.7670459747,
        "median": 7.61793613434,
        "min": -1.77372097969,
        "var": 806.761230469
    },
    "melbands_skewness": {
        "dmean": 0.8105879426,
        "dmean2": 1.26469433308,
        "dvar": 0.893413722515,
        "dvar2": 2.10858845711,
        "max": 19.8729190826,
        "mean": 2.89435076714,
        "median": 2.46855092049,
        "min": -1.14021921158,
        "var": 4.08400154114
    },
    "melbands_spread": {
        "dmean": 8.64739131927,
        "dmean2": 13.7039527893,
        "dvar": 139.50730896,
        "dvar2": 320.949005127,
        "max": 258.392028809,
        "mean": 29.7038383484,
        "median": 26.46459198,
        "min": 0.987131774426,
        "var": 436.181976318
    },
    "pitch_salience": {
        "dmean": 0.0745207816362,
        "dmean2": 0.120505347848,
        "dvar": 0.00478663900867,
        "dvar2": 0.011857223697,
        "max": 0.954854905605,
        "mean": 0.558798015118,
        "median": 0.56097137928,
        "min": 0.0815804973245,
        "var": 0.012804068625
    },
    "silence_rate_20dB": {
        "dmean": 0,
        "dmean2": 0,
        "dvar": 0,
        "dvar2": 0,
        "max": 1,
        "mean": 1,
        "median": 1,
        "min": 1,
        "var": 0
    },
    "silence_rate_30dB": {
        "dmean": 0,
        "dmean2": 0,
        "dvar": 0,
        "dvar2": 0,
        "max": 1,
        "mean": 1,
        "median": 1,
        "min": 1,
        "var": 0
    },
    "silence_rate_60dB": {
        "dmean": 0.0152784623206,
        "dmean2": 0.0305606909096,
        "dvar": 0.0150465676561,
        "dvar2": 0.0365286916494,
        "max": 1,
        "mean": 0.030306763947,
        "median": 0,
        "min": 0,
        "var": 0.0293855313212
    },
    "spectral_centroid": {
        "dmean": 282.133117676,
        "dmean2": 441.712860107,
        "dvar": 112687.492188,
        "dvar2": 226388.234375,
        "max": 10900.0908203,
        "mean": 1804.9987793,
        "median": 1834.37695312,
        "min": 218.146194458,
        "var": 541974.875
    },
    "spectral_complexity": {
        "dmean": 3.687530756,
        "dmean2": 5.88071489334,
        "dvar": 13.3291101456,
        "dvar2": 29.430398941,
        "max": 57,
        "mean": 24.8735980988,
        "median": 28,
        "min": 0,
        "var": 179.452972412
    },
    "spectral_decrease": {
        "dmean": 2.3859751952e-09,
        "dmean2": 3.94298327322e-09,
        "dvar": 8.69148199957e-18,
        "dvar2": 2.41794438714e-17,
        "max": 4.16200292015e-29,
        "mean": -6.99687019434e-09,
        "median": -6.79522482727e-09,
        "min": -3.2242130743e-08,
        "var": 1.74512212889e-17
    },
    "spectral_energy": {
        "dmean": 0.00941190309823,
        "dmean2": 0.0154855074361,
        "dvar": 0.000132843022584,
        "dvar2": 0.000366607418982,
        "max": 0.126631468534,
        "mean": 0.029124956578,
        "median": 0.0285257957876,
        "min": 1.03449412682e-20,
        "var": 0.000290082214633
    },
    "spectral_energyband_high": {
        "dmean": 0.000521653855685,
        "dmean2": 0.000783584953751,
        "dvar": 5.65990376344e-07,
        "dvar2": 1.20478443932e-06,
        "max": 0.0145726231858,
        "mean": 0.00174348347355,
        "median": 0.00157787662465,
        "min": 7.15876190992e-21,
        "var": 2.23221809392e-06
    },
    "spectral_energyband_low": {
        "dmean": 0.00543740112334,
        "dmean2": 0.00913697481155,
        "dvar": 6.1164239014e-05,
        "dvar2": 0.000175761553692,
        "max": 0.0915230438113,
        "mean": 0.0097895944491,
        "median": 0.00787540804595,
        "min": 9.97242615412e-23,
        "var": 8.07980904938e-05
    },
    "spectral_energyband_middle_high": {
        "dmean": 0.00228148768656,
        "dmean2": 0.00340379402041,
        "dvar": 1.51691801875e-05,
        "dvar2": 3.38856152666e-05,
        "max": 0.0714260339737,
        "mean": 0.00747112603858,
        "median": 0.00484438613057,
        "min": 1.45546215311e-21,
        "var": 7.59426620789e-05
    },
    "spectral_energyband_middle_low": {
        "dmean": 0.00514121120796,
        "dmean2": 0.00840862467885,
        "dvar": 5.49666801817e-05,
        "dvar2": 0.000142822173075,
        "max": 0.0893197506666,
        "mean": 0.0110361715779,
        "median": 0.00848189089447,
        "min": 2.93800351558e-22,
        "var": 8.87550049811e-05
    },
    "spectral_entropy": {
        "dmean": 0.125506103039,
        "dmean2": 0.187074124813,
        "dvar": 0.0208967681974,
        "dvar2": 0.0401764512062,
        "max": 9.8107213974,
        "mean": 7.83996629715,
        "median": 7.89571475983,
        "min": 5.98146247864,
        "var": 0.117519028485
    },
    "spectral_flux": {
        "dmean": 0.025017991662,
        "dmean2": 0.0395416356623,
        "dvar": 0.000676181807648,
        "dvar2": 0.0014559214469,
        "max": 0.314479738474,
        "mean": 0.0931812301278,
        "median": 0.08801856637,
        "min": 1.03043650002e-10,
        "var": 0.00174172699917
    },
    "spectral_kurtosis": {
        "dmean": 0.73180180788,
        "dmean2": 1.19485545158,
        "dvar": 0.635488152504,
        "dvar2": 1.65541768074,
        "max": 14.3500843048,
        "mean": 3.3217921257,
        "median": 3.12525749207,
        "min": -1.22305393219,
        "var": 2.77066135406
    },
    "spectral_rms": {
        "dmean": 0.000841011817101,
        "dmean2": 0.00135165918618,
        "dvar": 8.00943098511e-07,
        "dvar2": 2.0775903522e-06,
        "max": 0.0111149847507,
        "mean": 0.00506083667278,
        "median": 0.00527541898191,
        "min": 3.17688930718e-12,
        "var": 2.80258450402e-06
    },
    "spectral_rolloff": {
        "dmean": 734.66986084,
        "dmean2": 1242.19543457,
        "dvar": 1532644,
        "dvar2": 3633214.5,
        "max": 18432.421875,
        "mean": 2030.51672363,
        "median": 1765.72265625,
        "min": 86.1328125,
        "var": 2945573
    },
    "spectral_skewness": {
        "dmean": 0.130480408669,
        "dmean2": 0.204927191138,
        "dvar": 0.0186394136399,
        "dvar2": 0.0404639467597,
        "max": 2.99186110497,
        "mean": 1.35946297646,
        "median": 1.30981791019,
        "min": -0.120062045753,
        "var": 0.122585572302
    },
    "spectral_spread": {
        "dmean": 525841.75,
        "dmean2": 757304.3125,
        "dvar": 671326535680,
        "dvar2": 1.03790333133e+12,
        "max": 40560408,
        "mean": 5492694.5,
        "median": 5199413.5,
        "min": 2499885.5,
        "var": 2.67200783974e+12
    },
    "spectral_strongpeak": {
        "dmean": 0.649748444557,
        "dmean2": 1.09656703472,
        "dvar": 1.22687530518,
        "dvar2": 3.10556173325,
        "max": 15.2665519714,
        "mean": 1.08973991871,
        "median": 0.422119349241,
        "min": 0,
        "var": 2.47448468208
    },
    "zerocrossingrate": {
        "dmean": 0.0131305297837,
        "dmean2": 0.0158552713692,
        "dvar": 0.000255827530054,
        "dvar2": 0.000328645139234,
        "max": 0.69482421875,
        "mean": 0.0835093855858,
        "median": 0.07861328125,
        "min": 0.0048828125,
        "var": 0.00149759615306
    },
    "barkbands": {
        "dmean": [9.88351239357e-05, 0.00396009767428, 0.00177709176205, 0.00100664433558, 0.00215941714123, 0.00143633922562, 0.000923247425817, 0.00055200222414, 0.00114212627523, 0.000591368123423, 0.000978544238023, 0.000684932165314, 0.000268182135187, 0.000183069350896, 0.000358295976184, 0.00042348288116, 0.000216061074752, 0.000239864588366, 0.000292954558972, 0.00024074970861, 0.000155912959599, 8.80679945112e-05, 6.98976000422e-05, 9.02056490304e-05, 8.42928056954e-05, 5.16431318829e-05, 2.70534656011e-05],
        "dmean2": [0.000164188168128, 0.00657931808382, 0.00303633417934, 0.00171610352118, 0.0036612751428, 0.0022860749159, 0.00148388603702, 0.000894349010196, 0.00181307329331, 0.000940165366046, 0.00149168074131, 0.00103871198371, 0.000419739604695, 0.000291868200293, 0.000557492428925, 0.000662975769956, 0.000353561743395, 0.000390546774724, 0.000480923248688, 0.000398425065214, 0.000254772166954, 0.000140059084515, 0.000109724402137, 0.000136616305099, 0.000124085519928, 7.63688949519e-05, 4.41023694293e-05],
        "dvar": [3.24681899144e-08, 2.82745932054e-05, 1.35733689604e-05, 5.28765167473e-06, 1.61239477166e-05, 1.0129074326e-05, 4.74407306683e-06, 1.98834027287e-06, 6.71935640639e-06, 2.91525634566e-06, 6.88415775585e-06, 5.15477040608e-06, 4.09113908972e-07, 2.04236840773e-07, 6.74163118219e-07, 1.54709687195e-06, 2.45421915679e-07, 1.59644599762e-07, 1.83891685879e-07, 1.19986125924e-07, 4.38610214815e-08, 2.93206046109e-08, 2.48465994446e-08, 3.1252866961e-08, 2.31066703549e-08, 1.05740456391e-08, 1.09693019112e-08],
        "dvar2": [7.49123927335e-08, 7.64666474424e-05, 3.88202133763e-05, 1.47612463479e-05, 4.33555833297e-05, 2.44794082391e-05, 1.15744833238e-05, 4.84802194478e-06, 1.61722073244e-05, 7.05091406417e-06, 1.53451237566e-05, 1.09466282083e-05, 9.52384937136e-07, 4.58607701148e-07, 1.52773372974e-06, 3.56764735443e-06, 6.13740269273e-07, 3.94598487219e-07, 4.71741032015e-07, 3.14575629545e-07, 1.11421222471e-07, 6.59526762092e-08, 5.74936080966e-08, 7.00744919868e-08, 5.05436119624e-08, 2.41433966153e-08, 2.9323761197e-08],
        "max": [0.00411460082978, 0.0529858320951, 0.0469120144844, 0.0612190514803, 0.0556187704206, 0.0564302951097, 0.0392782203853, 0.0272866599262, 0.0524789728224, 0.0408119112253, 0.0382329076529, 0.0529280304909, 0.0131274405867, 0.0122637078166, 0.0172371305525, 0.0449381284416, 0.0197416935116, 0.00945702008903, 0.0102404681966, 0.00805780105293, 0.0038629709743, 0.00577054265887, 0.00405363831669, 0.00592431845143, 0.00307428347878, 0.00134020322002, 0.00185218499973],
        "mean": [0.000128102619783, 0.00630768574774, 0.00262712175027, 0.00146268960088, 0.00316337263212, 0.00219730683602, 0.00142969039734, 0.000689911539666, 0.00176380830817, 0.000969744171016, 0.00161220959853, 0.000993523281068, 0.000436301721493, 0.000301829684759, 0.000575153157115, 0.000805909570772, 0.000449501210824, 0.000515467603691, 0.000723260396626, 0.000620730628725, 0.000456784007838, 0.000202582203201, 0.000148314589751, 0.000227429351071, 0.000192350984435, 9.48191154748e-05, 2.94226611004e-05],
        "median": [5.30663746758e-05, 0.0045333057642, 0.00155494490173, 0.000816934974864, 0.00171414320357, 0.000690552464221, 0.000278297200566, 0.00017196436238, 0.000560545595363, 0.000353074923623, 0.000298547005514, 0.000154807086801, 0.000121718017908, 0.000115894668852, 0.000227035605349, 0.000390625209548, 0.000289261050057, 0.000366839667549, 0.000595932127908, 0.000535231956746, 0.000412093737395, 0.000141259311931, 9.18774821912e-05, 0.000163124073879, 0.000120412667457, 4.98015215271e-05, 9.00987470231e-06],
        "min": [1.09138462503e-24, 1.66674255479e-23, 2.944083803e-23, 6.06188361258e-23, 2.68331320901e-23, 3.72612958109e-23, 2.04634936435e-23, 6.70640695352e-23, 5.28871977719e-23, 6.97357394728e-23, 1.11081712875e-22, 5.15441715471e-23, 8.18907670468e-23, 1.06925349916e-22, 1.08243959318e-22, 1.58439216582e-22, 6.21376836692e-23, 1.71290808335e-22, 1.69303737135e-22, 4.36087710526e-22, 3.59802185175e-22, 5.26491372212e-22, 6.24211371696e-22, 7.77280730055e-22, 1.19312361918e-21, 1.66223186075e-21, 1.88568462601e-21],
        "var": [4.44206413874e-08, 4.17960873165e-05, 1.31216575028e-05, 5.6935232351e-06, 1.88515787158e-05, 1.71226001839e-05, 9.33836236072e-06, 2.96545590572e-06, 1.263530703e-05, 5.31045679963e-06, 1.66542176885e-05, 9.61944169831e-06, 8.39294784782e-07, 4.41314767841e-07, 1.22846165596e-06, 4.37409607912e-06, 7.39594440802e-07, 3.53869154424e-07, 5.26857263594e-07, 3.83935571335e-07, 1.81302226565e-07, 7.02742681824e-08, 4.69800447433e-08, 7.51904636331e-08, 5.34714494904e-08, 1.70161715829e-08, 7.90101051251e-09]
    },
    "erbbands": {
        "dmean": [0.079074293375, 1.02877140045, 2.07296776772, 2.72287535667, 5.04459619522, 8.58199596405, 8.5567407608, 13.9658679962, 11.3451929092, 15.4746074677, 10.2324533463, 25.9296207428, 22.289264679, 19.0512485504, 43.1516075134, 16.2299308777, 10.6535606384, 8.93075847626, 15.8364400864, 17.8624992371, 18.5077648163, 11.5073623657, 11.1677570343, 15.1394910812, 13.9498538971, 11.4346933365, 8.05935001373, 5.52760696411, 3.14362740517, 2.41667914391, 2.09973716736, 1.92010164261, 1.55264270306, 0.963939249516, 0.652177929878, 0.248132675886, 0.089218325913, 0.0352971144021, 0.00485953409225, 0.000101637284388],
        "dmean2": [0.132507994771, 1.71572172642, 3.51311707497, 4.63269519806, 8.74959564209, 14.5421619415, 13.8248052597, 22.063791275, 18.0162582397, 25.1429481506, 16.2932128906, 41.0893516541, 35.1276855469, 28.8916130066, 65.3576889038, 24.9011211395, 16.6064167023, 13.9041337967, 25.1523761749, 27.5590820312, 28.2289180756, 18.5335998535, 18.0173454285, 24.5576038361, 23.1498794556, 18.941576004, 13.2372722626, 9.02212429047, 4.98656320572, 3.84541392326, 3.3078649044, 2.98686075211, 2.37212634087, 1.43304824829, 0.979010462761, 0.368843793869, 0.13403186202, 0.0563359297812, 0.00785032939166, 0.000159427072504],
        "dvar": [0.0108180614188, 1.93937706947, 14.6930274963, 34.860206604, 97.0553207397, 268.217956543, 350.655548096, 1101.69226074, 825.387390137, 1410.45751953, 698.564880371, 3729.93310547, 3450.98803711, 2372.64550781, 15284.4970703, 2237.82250977, 627.093994141, 397.459075928, 1059.25561523, 2176.03662109, 2469.7109375, 771.898803711, 344.868591309, 602.375427246, 370.93157959, 298.154541016, 116.612350464, 61.5888290405, 35.1103439331, 25.9552669525, 25.0578041077, 14.2948474884, 11.803601265, 3.02043366432, 1.44669723511, 0.224168390036, 0.0340406559408, 0.0133761782199, 0.000331381364958, 1.22629273847e-07],
        "dvar2": [0.0281461253762, 5.30138921738, 42.8583564758, 97.4724655151, 269.54977417, 712.951477051, 870.44152832, 2626.84912109, 1968.99743652, 3627.63793945, 1670.63842773, 9046.14746094, 8209.21386719, 5121.96240234, 35700.0820312, 5110.65234375, 1472.73620605, 888.654785156, 2467.52148438, 4826.68310547, 5380.1640625, 1889.65686035, 842.684631348, 1481.09411621, 980.548522949, 779.592407227, 303.371520996, 149.463119507, 81.7165374756, 58.5884094238, 58.2537536621, 30.9928150177, 28.8102054596, 6.63863182068, 3.25259399414, 0.502067565918, 0.0807724297047, 0.0357516147196, 0.000870566815138, 3.12134915248e-07],
        "max": [1.12512409687, 13.895983696, 53.5106658936, 148.049865723, 148.577590942, 233.535507202, 289.148925781, 666.849853516, 632.1640625, 691.833129883, 547.707397461, 1371.13916016, 1707.74353027, 1248.68591309, 2677.28100586, 1251.73034668, 505.315246582, 513.064941406, 888.601257324, 1796.91320801, 2339.60253906, 1145.09851074, 394.618286133, 591.778198242, 335.861724854, 451.065063477, 196.391799927, 167.333450317, 190.123565674, 165.741210938, 119.032440186, 148.873947144, 155.104476929, 38.8516159058, 24.0011806488, 10.2033119202, 2.86871981621, 1.82825577259, 0.3323110044, 0.00689935032278],
        "mean": [0.11703491956, 1.60664534569, 3.31946277618, 4.24479293823, 6.72783327103, 12.1582927704, 12.7563686371, 21.6159000397, 17.6712417603, 23.4948787689, 14.6408557892, 40.6051139832, 37.2940177917, 34.4530105591, 81.2363586426, 28.3611564636, 18.8003044128, 16.7940502167, 29.0941886902, 33.2641296387, 38.6024932861, 26.1264476776, 25.6375656128, 35.2822494507, 35.0191688538, 29.6914520264, 23.4770259857, 15.0268907547, 7.61588811874, 5.11163759232, 4.32864379883, 4.41589593887, 3.81068634987, 2.27558994293, 1.35183882713, 0.492554157972, 0.153100296855, 0.0449956282973, 0.00532164750621, 0.000144128585816],
        "median": [0.0836806222796, 1.12101185322, 2.21211481094, 2.82051324844, 3.58251667023, 5.65866565704, 5.97377061844, 6.40599489212, 4.93248701096, 5.17011976242, 5.26014328003, 13.8932523727, 14.1071929932, 13.5754995346, 12.557387352, 6.67863130569, 5.9413523674, 6.64938592911, 12.1450166702, 15.215379715, 21.6137313843, 17.3342952728, 18.5950813293, 27.3411979675, 29.7958526611, 25.8026027679, 21.0174198151, 13.1938819885, 5.66987466812, 3.21488928795, 2.65493559837, 3.05442047119, 2.63307571411, 1.49252295494, 0.800708472729, 0.280883401632, 0.075719229877, 0.0172233060002, 0.00155146617908, 7.15319547453e-05],
        "min": [5.24233387244e-22, 4.46348678018e-21, 3.89718713904e-20, 1.32930871268e-19, 1.83929864755e-19, 4.49243147771e-20, 5.4186407961e-20, 4.09284857038e-19, 3.21134623151e-19, 6.05363187407e-19, 1.57178316417e-18, 1.4635048084e-18, 2.393209288e-18, 2.24515553888e-18, 4.56299171587e-18, 3.16256604662e-18, 3.65389209853e-18, 5.33519749132e-18, 6.34005112278e-18, 9.87990892924e-18, 6.45176889554e-18, 3.86590965647e-18, 8.76641711845e-18, 5.71976037554e-18, 1.50395480889e-17, 1.87064397443e-17, 1.20251075493e-17, 1.59825521852e-17, 1.96620351839e-17, 1.69112592918e-17, 1.74418046648e-17, 1.35841147021e-17, 1.3446828363e-17, 1.08699589229e-17, 8.11504878201e-18, 5.46163659744e-18, 3.07229954869e-18, 1.25477229487e-18, 2.74784436406e-19, 2.79695776057e-20],
        "var": [0.015664504841, 2.80994534492, 15.4167366028, 33.8695449829, 95.7463912964, 336.576965332, 460.631622314, 1951.76879883, 1478.97058105, 2719.77612305, 1006.24694824, 6936.86621094, 6204.90429688, 4909.43652344, 49934.515625, 4515.39160156, 1343.25109863, 918.56854248, 2517.0949707, 5313.72900391, 7109.46240234, 2636.05517578, 811.897644043, 1501.60107422, 1178.34912109, 896.266784668, 492.630706787, 210.871704102, 86.6422729492, 55.0779037476, 44.4887771606, 31.2887554169, 23.7544364929, 7.29419708252, 2.93676400185, 0.41571187973, 0.0483969263732, 0.0104164527729, 0.000249182368862, 1.01560885923e-07]
    },
    "gfcc": {
        "mean": [36.2360725403, 55.4272003174, -102.874298096, 36.9228782654, -53.0862083435, 12.2402133942, -34.0116119385, 16.5447025299, -29.4912033081, 4.07685089111, -18.3455619812, 1.21347486973, -6.02247858047],
        "cov": [[4755.77197266, -222.086135864, 98.2294769287, 276.82119751, 182.061737061, -33.141784668, 234.160171509, 213.345077515, -129.174560547, 50.7411689758, -46.6081352234, 63.5007324219, 95.6840133667], [-222.086135864, 755.934387207, 103.150718689, 113.053215027, 0.400728732347, -32.4187240601, -30.4230823517, -33.7902297974, 24.3196659088, -12.4127922058, 61.9031028748, -40.4858474731, 32.6996955872], [98.2294769287, 103.150718689, 1249.28564453, 561.535461426, 103.464889526, 24.3855609894, -138.296188354, -71.3766403198, 24.9537086487, 44.5992126465, 69.6753768921, 15.9341783524, -18.6581954956], [276.82119751, 113.053215027, 561.535461426, 659.487976074, 123.843093872, 11.5414018631, -49.622379303, -9.41714286804, 13.1545572281, 28.5643005371, 29.7113990784, 2.59622693062, 45.4908866882], [182.061737061, 0.400728732347, 103.464889526, 123.843093872, 233.967605591, 98.8987503052, 52.0534248352, 10.7943382263, -10.8908500671, -1.09287512302, 4.71176671982, 16.6024723053, 22.1905078888], [-33.141784668, -32.4187240601, 24.3855609894, 11.5414018631, 98.8987503052, 247.601104736, 91.0726928711, 2.95760011673, -35.5094604492, -6.38024425507, 33.1989097595, 17.3268070221, 3.05461144447], [234.160171509, -30.4230823517, -138.296188354, -49.622379303, 52.0534248352, 91.0726928711, 196.135498047, 69.0958557129, -34.3057441711, -11.6337594986, 0.75131547451, 10.2337493896, 6.19016456604], [213.345077515, -33.7902297974, -71.3766403198, -9.41714286804, 10.7943382263, 2.95760011673, 69.0958557129, 125.573829651, 40.0692825317, 6.77181482315, -17.0478248596, 3.69463229179, 14.172990799], [-129.174560547, 24.3196659088, 24.9537086487, 13.1545572281, -10.8908500671, -35.5094604492, -34.3057441711, 40.0692825317, 128.677001953, 36.979095459, -8.29508495331, -1.88474321365, 0.0192759633064], [50.7411689758, -12.4127922058, 44.5992126465, 28.5643005371, -1.09287512302, -6.38024425507, -11.6337594986, 6.77181482315, 36.979095459, 73.5397567749, 30.5878314972, 6.42238616943, 0.471705168486], [-46.6081352234, 61.9031028748, 69.6753768921, 29.7113990784, 4.71176671982, 33.1989097595, 0.75131547451, -17.0478248596, -8.29508495331, 30.5878314972, 85.2789382935, 27.2450771332, 1.89359176159], [63.5007324219, -40.4858474731, 15.9341783524, 2.59622693062, 16.6024723053, 17.3268070221, 10.2337493896, 3.69463229179, -1.88474321365, 6.42238616943, 27.2450771332, 59.6127510071, 23.2916469574], [95.6840133667, 32.6996955872, -18.6581954956, 45.4908866882, 22.1905078888, 3.05461144447, 6.19016456604, 14.172990799, 0.0192759633064, 0.471705168486, 1.89359176159, 23.2916469574, 75.6324386597]],
        "icov": [[0.000289529532893, 4.71622615805e-06, -3.89422129956e-05, -8.65953916218e-05, -0.000142113000038, 0.000224190269364, -0.000180225848453, -0.000515894789714, 0.00065669498872, -0.000578408944421, 0.000412867520936, -0.000324660883052, -8.8698026957e-05], [4.71622615805e-06, 0.00197983183898, -6.13517986494e-05, -9.86138911685e-05, -0.000151365296915, 0.000592962198425, -0.000445821788162, 0.000690893502906, -0.00128856045194, 0.00206570117734, -0.00328105781227, 0.00320654152893, -0.00180817616638], [-3.89422129956e-05, -6.13517986494e-05, 0.00157389149535, -0.00128068611957, -0.000144975652802, -0.000309247378027, 0.000886204536073, 0.000237637752434, -0.000170806437382, -2.23974784603e-05, -0.000447763246484, -0.000753170577809, 0.00141566374805], [-8.65953916218e-05, -9.86138911685e-05, -0.00128068611957, 0.00301965209655, -0.00100368657149, 0.000286697701085, 0.000157914168085, -0.000253860198427, 5.9631154727e-05, -0.000269588344963, -0.000406396167818, 0.00145791028626, -0.00209957617335], [-0.000142113000038, -0.000151365296915, -0.000144975652802, -0.00100368657149, 0.00623984728009, -0.00228480366059, -0.00100662524346, 0.000575264042709, -0.000420218741056, -0.000101713529148, 0.00159529177472, -0.0013075080933, -0.000587285263464], [0.000224190269364, 0.000592962198425, -0.000309247378027, 0.000286697701085, -0.00228480366059, 0.00656553078443, -0.00294629181735, 0.000766921089962, 0.000240249821218, 0.00109309144318, -0.00304974452592, 0.000896534475032, -0.00049272517208], [-0.000180225848453, -0.000445821788162, 0.000886204536073, 0.000157914168085, -0.00100662524346, -0.00294629181735, 0.0102721173316, -0.00602540327236, 0.00354259693995, -0.00040496874135, 0.000178306785529, -0.00115934654605, 0.00160131917801], [-0.000515894789714, 0.000690893502906, 0.000237637752434, -0.000253860198427, 0.000575264042709, 0.000766921089962, -0.00602540327236, 0.0148117383942, -0.00703351153061, 0.00153083750047, 0.000268628471531, 0.00107327429578, -0.00226195110008], [0.00065669498872, -0.00128856045194, -0.000170806437382, 5.9631154727e-05, -0.000420218741056, 0.000240249821218, 0.00354259693995, -0.00703351153061, 0.0146950036287, -0.00877445656806, 0.00555375916883, -0.00347766187042, 0.00177288951818], [-0.000578408944421, 0.00206570117734, -2.23974784603e-05, -0.000269588344963, -0.000101713529148, 0.00109309144318, -0.00040496874135, 0.00153083750047, -0.00877445656806, 0.0236457325518, -0.0128559153527, 0.00546825723723, -0.00178011646494], [0.000412867520936, -0.00328105781227, -0.000447763246484, -0.000406396167818, 0.00159529177472, -0.00304974452592, 0.000178306785529, 0.000268628471531, 0.00555375916883, -0.0128559153527, 0.0254966542125, -0.0139276832342, 0.00434995442629], [-0.000324660883052, 0.00320654152893, -0.000753170577809, 0.00145791028626, -0.0013075080933, 0.000896534475032, -0.00115934654605, 0.00107327429578, -0.00347766187042, 0.00546825723723, -0.0139276832342, 0.0294627193362, -0.0105549432337], [-8.8698026957e-05, -0.00180817616638, 0.00141566374805, -0.00209957617335, -0.000587285263464, -0.00049272517208, 0.00160131917801, -0.00226195110008, 0.00177288951818, -0.00178011646494, 0.00434995442629, -0.0105549432337, 0.0193651430309]]
    },
    "melbands": {
        "dmean": [0.000927614571992, 0.00118634023238, 0.000509258650709, 0.000492604216561, 0.00031859963201, 0.000296986079775, 0.000177680311026, 0.00015907996567, 8.56093902257e-05, 0.000178590344149, 0.000114635571663, 7.861040649e-05, 0.000132635861519, 8.82546883076e-05, 2.6222811357e-05, 2.80092444882e-05, 1.69907089003e-05, 2.58283143921e-05, 2.58020063484e-05, 3.42082930729e-05, 2.05948435905e-05, 1.45522080857e-05, 8.72876807989e-06, 1.31923334266e-05, 1.37545985126e-05, 1.03359279819e-05, 9.8271339084e-06, 9.32292368816e-06, 6.6007987698e-06, 4.19944126406e-06, 3.32592367158e-06, 2.00257841243e-06, 1.71392900938e-06, 1.25576264054e-06, 1.20598588182e-06, 1.28180511183e-06, 1.34647893901e-06, 1.15019611258e-06, 1.07888820366e-06, 8.54853169585e-07],
        "dmean2": [0.00154415261932, 0.00199913722463, 0.000869312614668, 0.000845477450639, 0.000513996230438, 0.000469345715828, 0.000283106375718, 0.000258640240645, 0.000134750211146, 0.0002833904, 0.000179923910764, 0.000120446071378, 0.000200537630008, 0.000132180124638, 4.13571833633e-05, 4.39021205239e-05, 2.67451450782e-05, 4.12073386542e-05, 3.96723735321e-05, 5.35849831067e-05, 3.1767267501e-05, 2.3766699087e-05, 1.40961183206e-05, 2.139847129e-05, 2.24411633098e-05, 1.68890201167e-05, 1.64489374583e-05, 1.56038731802e-05, 1.09522925413e-05, 6.8818994805e-06, 5.48101888853e-06, 3.2237862797e-06, 2.75427828456e-06, 2.03153899747e-06, 1.92636252905e-06, 2.03589320336e-06, 2.14447595681e-06, 1.78360551217e-06, 1.67587768374e-06, 1.30119246933e-06],
        "dvar": [1.55418342729e-06, 3.38884842677e-06, 1.10029520783e-06, 8.81565995314e-07, 4.09999017847e-07, 4.65316304599e-07, 1.79449855864e-07, 1.42528080005e-07, 4.92108398475e-08, 1.78735035661e-07, 9.0813976783e-08, 4.27533812797e-08, 1.24767723264e-07, 7.6116336345e-08, 6.40894182169e-09, 5.02338481922e-09, 1.68300207104e-09, 2.74113576282e-09, 4.8516173301e-09, 1.18671437122e-08, 2.71724376333e-09, 1.40444833541e-09, 2.02830599538e-10, 5.76152847653e-10, 5.24657040035e-10, 2.46339060261e-10, 1.66440999871e-10, 2.21211285401e-10, 8.1068887714e-11, 3.27184494775e-11, 2.53454531668e-11, 1.29249579789e-11, 1.38846859357e-11, 6.31462460446e-12, 7.7668045606e-12, 9.45867516255e-12, 6.43627295557e-12, 6.3769202592e-12, 4.42901704895e-12, 2.55139550979e-12],
        "dvar2": [4.10512211602e-06, 9.87596740742e-06, 3.07336608785e-06, 2.41606244344e-06, 1.03522677364e-06, 1.11520046175e-06, 4.31776982168e-07, 3.67706860516e-07, 1.16434613062e-07, 4.33823657886e-07, 2.16016701415e-07, 9.47999154732e-08, 2.85992172167e-07, 1.66355135889e-07, 1.56184842837e-08, 1.16771445846e-08, 3.78053321981e-09, 6.42264419426e-09, 1.08262936394e-08, 2.71961777543e-08, 5.83901238471e-09, 3.41667716341e-09, 5.03603103663e-10, 1.4291642314e-09, 1.30240673801e-09, 6.20807405483e-10, 4.54619258905e-10, 5.86063308994e-10, 2.16963516597e-10, 8.42745456753e-11, 6.27332907843e-11, 3.12224343602e-11, 3.16313503168e-11, 1.46212746771e-11, 1.82684267019e-11, 2.28160094984e-11, 1.44075879699e-11, 1.53793141416e-11, 1.09713913302e-11, 5.91923688883e-12],
        "max": [0.0131684802473, 0.0251662842929, 0.0240845233202, 0.0119782248512, 0.0100945951417, 0.0133468452841, 0.00913412217051, 0.00653048045933, 0.00472771655768, 0.00950028840452, 0.0082582263276, 0.00567181268707, 0.00646791281179, 0.00623620953411, 0.00270836311392, 0.00162626232486, 0.00120924727526, 0.00130665872712, 0.00181822944432, 0.00318467942998, 0.00216815806925, 0.00164312531706, 0.000342211773386, 0.000520523812156, 0.000593819830101, 0.000437461072579, 0.000166123558301, 0.000406295177527, 0.000129386389744, 0.000122159952298, 0.000126264581922, 9.95334557956e-05, 0.000130531610921, 7.28604136384e-05, 6.25915854471e-05, 0.000103790334833, 0.000100182747701, 0.000103324149677, 7.45682409615e-05, 3.54793664883e-05],
        "mean": [0.00145087507553, 0.00200083758682, 0.000808342650998, 0.000684719649144, 0.000493607774843, 0.000459828937892, 0.000278130784864, 0.000237494095927, 0.000118369956908, 0.000275950907962, 0.000185565717402, 0.000130376967718, 0.000242714231717, 0.000148992156028, 4.03812773584e-05, 4.4863561925e-05, 2.81203683699e-05, 4.48873870482e-05, 3.9798895159e-05, 5.96680038143e-05, 3.98963493353e-05, 2.89991003228e-05, 1.81094928848e-05, 2.69518095593e-05, 2.88430455839e-05, 2.47230454988e-05, 2.20794918278e-05, 2.02790888579e-05, 1.68406986631e-05, 1.04650061985e-05, 7.94339212007e-06, 4.37059998148e-06, 3.42438215739e-06, 2.47708317147e-06, 2.32357319874e-06, 2.50780112765e-06, 2.91914852824e-06, 2.65493304141e-06, 2.41952238866e-06, 1.80058327715e-06],
        "median": [0.00105086970143, 0.00147055531852, 0.000547217496205, 0.000377609627321, 0.000242288777372, 0.000138172443258, 7.23799748812e-05, 5.18086999364e-05, 3.24654392898e-05, 8.92262978596e-05, 6.49515204714e-05, 4.74327753182e-05, 3.99171476602e-05, 2.28197513934e-05, 1.07360210677e-05, 1.29645004563e-05, 1.07011610453e-05, 1.79616090463e-05, 1.49138541019e-05, 2.40885274252e-05, 2.33155260503e-05, 1.7619209757e-05, 1.3040506019e-05, 1.86683791981e-05, 2.09648933378e-05, 1.99907080969e-05, 1.82147869054e-05, 1.58619495778e-05, 1.42813787534e-05, 8.93792821444e-06, 6.62144475427e-06, 3.11570556732e-06, 2.15518275581e-06, 1.51298013407e-06, 1.37552842716e-06, 1.54101110184e-06, 2.00717636289e-06, 1.80166603059e-06, 1.63102049555e-06, 1.1110472542e-06],
        "min": [6.36672399993e-24, 1.36230693196e-23, 2.57759022826e-23, 8.45436037191e-24, 1.37823052321e-24, 8.26685838993e-24, 5.36482568523e-24, 7.43816158672e-24, 1.3447770227e-23, 8.65383805129e-24, 1.21284508501e-23, 7.89464147155e-24, 1.34747918685e-23, 8.35231095863e-24, 8.32763854496e-24, 9.14699129075e-24, 9.44098633949e-24, 1.10463151262e-23, 1.0639824568e-23, 1.23021043789e-23, 6.65505384408e-24, 3.47640785182e-24, 6.63922929432e-24, 8.23044535941e-24, 3.4786288897e-24, 7.22804454031e-24, 1.61118245014e-23, 1.18066413547e-23, 6.05069448839e-24, 9.87234573766e-24, 8.22072264875e-24, 1.14525445713e-23, 7.63982756625e-24, 9.32777691098e-24, 1.07256589454e-23, 7.57320274078e-24, 9.18389183731e-24, 9.80594968185e-24, 8.07463665316e-24, 9.48234789447e-24],
        "var": [2.26481097343e-06, 4.17162755184e-06, 1.10041344215e-06, 9.20872423649e-07, 5.56699717436e-07, 8.10989831734e-07, 3.25624597508e-07, 2.73057651157e-07, 8.00002553092e-08, 3.32951145765e-07, 1.63778764772e-07, 8.10522422512e-08, 3.80335393402e-07, 1.92464597149e-07, 1.09804343396e-08, 9.94630511286e-09, 3.59108254244e-09, 6.43711395298e-09, 7.68776686755e-09, 3.12479393472e-08, 6.27953733456e-09, 4.08456557466e-09, 4.62660715295e-10, 1.11416198489e-09, 1.16163290098e-09, 6.76975198122e-10, 4.78327433218e-10, 5.21857945746e-10, 2.80033357614e-10, 1.06465260219e-10, 6.971608707e-11, 3.03638468535e-11, 2.74999155392e-11, 1.2858729706e-11, 1.32494631586e-11, 1.552687319e-11, 1.34335398708e-11, 1.28786200454e-11, 8.83564749143e-12, 5.22414793716e-12]
    },
    "mfcc": {
        "mean": [-612.314086914, 91.1515350342, 6.50426673889, 28.5592880249, 6.46176052094, 0.139989316463, 9.14008903503, 2.68773698807, 5.57326173782, 2.33970427513, -6.8241558075, -2.93530344963, -1.40535068512],
        "cov": [[4097.48876953, -219.122879028, -282.043762207, 299.199890137, -95.4123001099, -75.6237335205, 282.068725586, 94.4534301758, 207.567108154, 30.4563045502, -110.35282135, 45.0280075073, 9.53636550903], [-219.122879028, 583.074523926, 19.6313076019, -35.7136077881, 3.34926438332, -26.2726516724, -12.9268846512, -27.9349269867, -32.4357261658, -5.89453983307, 8.64318561554, 8.10854244232, -5.24773645401], [-282.043762207, 19.6313076019, 1044.54663086, 442.0284729, 293.658966064, 125.865180969, -26.8851909637, -51.3442649841, -88.1395492554, 12.0291166306, -3.13552618027, 48.5384941101, 53.4596138], [299.199890137, -35.7136077881, 442.0284729, 551.997497559, 202.376876831, 43.5396537781, 6.79322576523, -26.4568080902, 24.9257278442, 14.8668193817, -48.7383232117, 40.6641616821, 41.436870575], [-95.4123001099, 3.34926438332, 293.658966064, 202.376876831, 277.469970703, 114.336273193, 7.83638238907, -1.87311208248, -6.99708032608, 13.450884819, -19.400308609, 14.9994430542, 29.4572620392], [-75.6237335205, -26.2726516724, 125.865180969, 43.5396537781, 114.336273193, 200.092529297, 101.224472046, 29.4813461304, -20.511264801, 2.73042297363, 7.11907720566, -0.321660429239, 4.56630516052], [282.068725586, -12.9268846512, -26.8851909637, 6.79322576523, 7.83638238907, 101.224472046, 235.053146362, 78.3531494141, 13.7071781158, -3.89748620987, -5.16289281845, -1.26782643795, -11.5284090042], [94.4534301758, -27.9349269867, -51.3442649841, -26.4568080902, -1.87311208248, 29.4813461304, 78.3531494141, 119.991821289, 51.2958183289, 9.43160533905, 9.3149356842, 0.581719577312, -2.55994510651], [207.567108154, -32.4357261658, -88.1395492554, 24.9257278442, -6.99708032608, -20.511264801, 13.7071781158, 51.2958183289, 120.151123047, 39.405330658, -12.8046808243, 3.90574216843, 7.17087221146], [30.4563045502, -5.89453983307, 12.0291166306, 14.8668193817, 13.450884819, 2.73042297363, -3.89748620987, 9.43160533905, 39.405330658, 75.7653961182, 24.700460434, 4.71902513504, 0.0783407241106], [-110.35282135, 8.64318561554, -3.13552618027, -48.7383232117, -19.400308609, 7.11907720566, -5.16289281845, 9.3149356842, -12.8046808243, 24.700460434, 87.8672027588, 21.1658706665, -8.17258739471], [45.0280075073, 8.10854244232, 48.5384941101, 40.6641616821, 14.9994430542, -0.321660429239, -1.26782643795, 0.581719577312, 3.90574216843, 4.71902513504, 21.1658706665, 66.5968475342, 36.8495445251], [9.53636550903, -5.24773645401, 53.4596138, 41.436870575, 29.4572620392, 4.56630516052, -11.5284090042, -2.55994510651, 7.17087221146, 0.0783407241106, -8.17258739471, 36.8495445251, 78.0189285278]],
