{
"lowlevel": {
    "average_loudness": 0.939905583858,
    "barkbands_crest": {
        "dmean": 2.43520593643,
        "dmean2": 3.9525539875,
        "dvar": 5.17365884781,
        "dvar2": 13.3679962158,
        "max": 25.4200649261,
        "mean": 8.85261058807,
        "median": 8.08651638031,
        "min": 2.21841907501,
        "var": 13.5135269165
    },
    "barkbands_flatness_db": {
        "dmean": 0.0182059891522,
        "dmean2": 0.0280814506114,
        "dvar": 0.00030230631819,
        "dvar2": 0.000703241035808,
        "max": 0.300346851349,
        "mean": 0.0944908708334,
        "median": 0.0875173956156,
        "min": 0.0165194701403,
        "var": 0.00151599268429
    },
    "barkbands_kurtosis": {
        "dmean": 1.58146262169,
        "dmean2": 2.5335521698,
        "dvar": 10.4492826462,
        "dvar2": 25.1817264557,
        "max": 84.7941360474,
        "mean": 1.62290334702,
        "median": 0.311189413071,
        "min": -1.91629695892,
        "var": 22.4021072388
    },
    "barkbands_skewness": {
        "dmean": 0.437570601702,
        "dmean2": 0.673737287521,
        "dvar": 0.224526420236,
        "dvar2": 0.521912992001,
        "max": 7.77905035019,
        "mean": 1.00986421108,
        "median": 0.883183956146,
        "min": -2.28894305229,
        "var": 0.957195460796
    },
    "barkbands_spread": {
        "dmean": 7.4363951683,
        "dmean2": 11.3764410019,
        "dvar": 68.5554199219,
        "dvar2": 160.297348022,
        "max": 112.144317627,
        "mean": 32.4152565002,
        "median": 30.9169807434,
        "min": 1.00682806969,
        "var": 235.164138794
    },
    "dissonance": {
        "dmean": 0.017261153087,
        "dmean2": 0.0288256350905,
        "dvar": 0.000274484569672,
        "dvar2": 0.000728920975234,
        "max": 0.500000059605,
        "mean": 0.467338591814,
        "median": 0.473783075809,
        "min": 0.308826655149,
        "var": 0.000636252516415
    },
    "dynamic_complexity": 2.46346211433,
    "erbbands_crest": {
        "dmean": 2.6906683445,
        "dmean2": 4.26000499725,
        "dvar": 6.50576353073,
        "dvar2": 15.2690553665,
        "max": 32.3488769531,
        "mean": 9.91808128357,
        "median": 8.59827041626,
        "min": 2.40685772896,
        "var": 26.2634716034
    },
    "erbbands_flatness_db": {
        "dmean": 0.0175435803831,
        "dmean2": 0.0255089588463,
        "dvar": 0.00027499490534,
        "dvar2": 0.000546836294234,
        "max": 0.38474163413,
        "mean": 0.135121837258,
        "median": 0.129178419709,
        "min": 0.0455347336829,
        "var": 0.00231990008615
    },
    "erbbands_kurtosis": {
        "dmean": 0.865398108959,
        "dmean2": 1.35339522362,
        "dvar": 1.44910848141,
        "dvar2": 3.36037731171,
        "max": 49.4130477905,
        "mean": 0.639224171638,
        "median": 0.0491387844086,
        "min": -1.75221931934,
        "var": 5.89195632935
    },
    "erbbands_skewness": {
        "dmean": 0.335372179747,
        "dmean2": 0.510247468948,
        "dvar": 0.0965359956026,
        "dvar2": 0.214126870036,
        "max": 5.44255304337,
        "mean": 0.338025569916,
        "median": 0.318420886993,
        "min": -3.1667714119,
        "var": 0.555887818336
    },
    "erbbands_spread": {
        "dmean": 8.71379470825,
        "dmean2": 13.1579856873,
        "dvar": 98.2998886108,
        "dvar2": 216.742675781,
        "max": 143.203552246,
        "mean": 39.5862884521,
        "median": 34.8684921265,
        "min": 1.66283357143,
        "var": 441.459960938
    },
    "hfc": {
        "dmean": 8.28690719604,
        "dmean2": 12.5004196167,
        "dvar": 106.705284119,
        "dvar2": 234.286117554,
        "max": 142.030166626,
        "mean": 29.726228714,
        "median": 26.7196483612,
        "min": 1.09435240652e-16,
        "var": 403.943847656
    },
    "melbands_crest": {
        "dmean": 3.28842425346,
        "dmean2": 5.209461689,
        "dvar": 8.57559394836,
        "dvar2": 21.1264209747,
        "max": 35.4467086792,
        "mean": 13.4726200104,
        "median": 12.5805988312,
        "min": 2.4751086235,
        "var": 27.3278312683
    },
    "melbands_flatness_db": {
        "dmean": 0.0231203716248,
        "dmean2": 0.0356563813984,
        "dvar": 0.000519083347172,
        "dvar2": 0.00119445926975,
        "max": 0.417228102684,
        "mean": 0.154048457742,
        "median": 0.150247365236,
        "min": 0.00730251381174,
        "var": 0.00244931364432
    },
    "melbands_kurtosis": {
        "dmean": 5.49974679947,
        "dmean2": 8.76665401459,
        "dvar": 135.212341309,
        "dvar2": 348.969360352,
        "max": 251.066848755,
        "mean": 9.35251903534,
        "median": 3.96546792984,
        "min": -1.78126299381,
        "var": 263.079040527
    },
    "melbands_skewness": {
        "dmean": 0.682306826115,
        "dmean2": 1.03972804546,
        "dvar": 0.670681715012,
        "dvar2": 1.58981478214,
        "max": 13.3873281479,
        "mean": 2.13518476486,
        "median": 1.7341593504,
        "min": -1.66171908379,
        "var": 2.57193732262
    },
    "melbands_spread": {
        "dmean": 8.62618923187,
        "dmean2": 13.3203411102,
        "dvar": 105.179985046,
        "dvar2": 233.577102661,
        "max": 253.394775391,
        "mean": 34.0941543579,
        "median": 31.2305297852,
        "min": 1.36457383633,
        "var": 369.564605713
    },
    "pitch_salience": {
        "dmean": 0.06662196666,
        "dmean2": 0.109290249646,
        "dvar": 0.00367799447849,
        "dvar2": 0.00951359700412,
        "max": 0.893135070801,
        "mean": 0.546691298485,
        "median": 0.54650837183,
        "min": 0.140623658895,
        "var": 0.0102068129927
    },
    "silence_rate_20dB": {
        "dmean": 0,
        "dmean2": 0,
        "dvar": 0,
        "dvar2": 0,
        "max": 1,
        "mean": 1,
        "median": 1,
        "min": 1,
        "var": 0
    },
    "silence_rate_30dB": {
        "dmean": 0,
        "dmean2": 0,
        "dvar": 0,
        "dvar2": 0,
        "max": 1,
        "mean": 1,
        "median": 1,
        "min": 1,
        "var": 0
    },
    "silence_rate_60dB": {
        "dmean": 0.014110269025,
        "dmean2": 0.0282242260873,
        "dvar": 0.013910501264,
        "dvar2": 0.0326517894864,
        "max": 1,
        "mean": 0.0393207035959,
        "median": 0,
        "min": 0,
        "var": 0.0377704575658
    },
    "spectral_centroid": {
        "dmean": 258.105529785,
        "dmean2": 389.048248291,
        "dvar": 82992.4921875,
        "dvar2": 168282.84375,
        "max": 10737.4814453,
        "mean": 1733.47058105,
        "median": 1717.47497559,
        "min": 209.634857178,
        "var": 344768.5
    },
    "spectral_complexity": {
        "dmean": 3.59054088593,
        "dmean2": 5.55180978775,
        "dvar": 13.9420804977,
        "dvar2": 29.6132888794,
        "max": 50,
        "mean": 20.3653812408,
        "median": 20,
        "min": 0,
        "var": 76.029335022
    },
    "spectral_decrease": {
        "dmean": 1.82508652635e-09,
        "dmean2": 2.9364526366e-09,
        "dvar": 6.69391774805e-18,
        "dvar2": 1.75231496063e-17,
        "max": -6.7843488315e-29,
        "mean": -5.94824367539e-09,
        "median": -5.63987789803e-09,
        "min": -3.96552550797e-08,
        "var": 1.22863907438e-17
    },
    "spectral_energy": {
        "dmean": 0.00735275214538,
        "dmean2": 0.0117362011224,
        "dvar": 0.000103019840026,
        "dvar2": 0.000266778020887,
        "max": 0.154041051865,
        "mean": 0.025146311149,
        "median": 0.0239223632962,
        "min": 1.03557043097e-20,
        "var": 0.000208546189242
    },
    "spectral_energyband_high": {
        "dmean": 0.000622880121227,
        "dmean2": 0.000926958047785,
        "dvar": 8.21538549189e-07,
        "dvar2": 1.85362341654e-06,
        "max": 0.0118958503008,
        "mean": 0.00149107025936,
        "median": 0.00111083930824,
        "min": 7.45375438808e-21,
        "var": 1.8932353214e-06
    },
    "spectral_energyband_low": {
        "dmean": 0.00446417182684,
        "dmean2": 0.00731644174084,
        "dvar": 6.45929394523e-05,
        "dvar2": 0.000171221414348,
        "max": 0.138278335333,
        "mean": 0.0081214858219,
        "median": 0.00648686476052,
        "min": 6.60961182718e-23,
        "var": 7.50863837311e-05
    },
    "spectral_energyband_middle_high": {
        "dmean": 0.00239697284997,
        "dmean2": 0.00356848561205,
        "dvar": 1.11959152491e-05,
        "dvar2": 2.47584521276e-05,
        "max": 0.0603846646845,
        "mean": 0.00828315410763,
        "median": 0.00577236153185,
        "min": 1.59319277381e-21,
        "var": 6.06437060924e-05
    },
    "spectral_energyband_middle_low": {
        "dmean": 0.00330536765978,
        "dmean2": 0.00537950405851,
        "dvar": 2.59190292127e-05,
        "dvar2": 6.99448719388e-05,
        "max": 0.0767339766026,
        "mean": 0.00840100925416,
        "median": 0.00668110512197,
        "min": 2.13530990283e-22,
        "var": 4.68207217637e-05
    },
    "spectral_entropy": {
        "dmean": 0.151631683111,
        "dmean2": 0.218030750751,
        "dvar": 0.0242382399738,
        "dvar2": 0.0481296442449,
        "max": 9.80239009857,
        "mean": 7.86614179611,
        "median": 7.88998699188,
        "min": 6.322742939,
        "var": 0.116702787578
    },
    "spectral_flux": {
        "dmean": 0.0236387681216,
        "dmean2": 0.0365830585361,
        "dvar": 0.000730527506676,
        "dvar2": 0.00141223205719,
        "max": 0.341380119324,
        "mean": 0.0857487022877,
        "median": 0.0764986500144,
        "min": 1.02422910431e-10,
        "var": 0.00178912060801
    },
    "spectral_kurtosis": {
        "dmean": 0.900986969471,
        "dmean2": 1.43343925476,
        "dvar": 1.06339395046,
        "dvar2": 2.77368092537,
        "max": 19.4014396667,
        "mean": 3.32327270508,
        "median": 2.86512565613,
        "min": -1.22817265987,
        "var": 4.75381851196
    },
    "spectral_rms": {
        "dmean": 0.000687542138621,
        "dmean2": 0.00107224087697,
        "dvar": 6.59196984998e-07,
        "dvar2": 1.61909645158e-06,
        "max": 0.0122590353712,
        "mean": 0.00472021941096,
        "median": 0.00483103422448,
        "min": 3.17854141445e-12,
        "var": 2.25249050345e-06
    },
    "spectral_rolloff": {
        "dmean": 766.708068848,
        "dmean2": 1280.2767334,
        "dvar": 1679418.25,
        "dvar2": 3865009.75,
        "max": 18647.7539062,
        "mean": 2219.46679688,
        "median": 1916.45507812,
        "min": 64.599609375,
        "var": 3114128.75
    },
    "spectral_skewness": {
        "dmean": 0.157685473561,
        "dmean2": 0.246946036816,
        "dvar": 0.0261964648962,
        "dvar2": 0.0612434260547,
        "max": 3.39965105057,
        "mean": 1.46556413174,
        "median": 1.44330191612,
        "min": 0.0220085699111,
        "var": 0.130490839481
    },
    "spectral_spread": {
        "dmean": 734075.5625,
        "dmean2": 1055916,
        "dvar": 1.02826062643e+12,
        "dvar2": 1.60903711949e+12,
        "max": 52557840,
        "mean": 5924119.5,
        "median": 5728550.5,
        "min": 2015088.25,
        "var": 3.73518945485e+12
    },
    "spectral_strongpeak": {
        "dmean": 0.741731286049,
        "dmean2": 1.290132761,
        "dvar": 1.53711915016,
        "dvar2": 3.88696432114,
        "max": 16.4645290375,
        "mean": 1.27403867245,
        "median": 0.422030568123,
        "min": 0,
        "var": 2.77610945702
    },
    "zerocrossingrate": {
        "dmean": 0.0140886427835,
        "dmean2": 0.0169448200613,
        "dvar": 0.000253717415035,
        "dvar2": 0.000340614409652,
        "max": 0.67431640625,
        "mean": 0.0902256965637,
        "median": 0.08349609375,
        "min": 0.009765625,
        "var": 0.00149128877092
    },
    "barkbands": {
        "dmean": [0.000191797604202, 0.00319616054185, 0.0017458780203, 0.000683113874402, 0.00119866500609, 0.000600826053414, 0.00056584586855, 0.000660409859847, 0.000703067751601, 0.00101468735375, 0.000587860762607, 0.000536620267667, 0.000404610822443, 0.00032437351183, 0.000435855035903, 0.00038499533548, 0.0002504294971, 0.000425267760875, 0.000283231696812, 0.000112720023026, 0.000100988378108, 0.00012928149954, 0.00011770225683, 0.000128419153043, 0.000146898499224, 8.63989916979e-05, 1.84636483027e-05],
        "dmean2": [0.000270190968877, 0.00519511057064, 0.00306612416171, 0.00118847470731, 0.00202993536368, 0.000945974665228, 0.000931817863602, 0.00105063535739, 0.00110411178321, 0.0015463171294, 0.000898863829207, 0.000843011657707, 0.000628145877272, 0.000525440613274, 0.000679941091221, 0.000602160755079, 0.000399639946409, 0.000649271241855, 0.000434462708654, 0.00018588390958, 0.000162777287187, 0.000203713439987, 0.000183126947377, 0.000200974696781, 0.000222177972319, 0.000133347915835, 2.82524124486e-05],
        "dvar": [1.00978745365e-07, 2.86946869892e-05, 1.3857619706e-05, 2.62432172349e-06, 7.18192632121e-06, 1.94757581085e-06, 3.10546488436e-06, 2.29714532907e-06, 3.58422721547e-06, 3.70923635273e-06, 2.0766669877e-06, 2.23333358917e-06, 1.22512699363e-06, 8.60713669226e-07, 1.01364310012e-06, 6.4545213263e-07, 1.84658588864e-07, 7.92897139945e-07, 3.05049553617e-07, 3.54531941582e-08, 2.64733799327e-08, 4.13034655367e-08, 3.28308935593e-08, 4.39627463322e-08, 6.30490788467e-08, 2.41081377084e-08, 1.24200960627e-09],
        "dvar2": [1.77056634243e-07, 7.34988207114e-05, 3.97142830479e-05, 7.60015609558e-06, 1.94098902284e-05, 4.81381221107e-06, 8.01230726211e-06, 5.57212433705e-06, 8.55281814438e-06, 8.80916195456e-06, 4.55651252196e-06, 5.22480195286e-06, 2.87179113911e-06, 2.32329148275e-06, 2.36698065237e-06, 1.48663900745e-06, 4.34997986076e-07, 1.70298335433e-06, 7.14195380169e-07, 9.22254557167e-08, 6.60646648498e-08, 9.47364142689e-08, 7.45271080405e-08, 1.013958979e-07, 1.45371970461e-07, 5.72123148856e-08, 2.88399437665e-09],
        "max": [0.00672319857404, 0.0856107026339, 0.0760766714811, 0.0535872392356, 0.0420957431197, 0.0438373275101, 0.0542209558189, 0.0288929324597, 0.0391672439873, 0.0357042104006, 0.0256421137601, 0.0433212257922, 0.0303305983543, 0.0340169817209, 0.0242497790605, 0.0267977695912, 0.0109351603314, 0.0185079723597, 0.0116595299914, 0.0033915003296, 0.00453287083656, 0.00382781075314, 0.00389895960689, 0.00300170853734, 0.00264894822612, 0.00182659493294, 0.000405459868489],
        "mean": [0.000361165526556, 0.00508343428373, 0.00221740361303, 0.000866100890562, 0.00177536532283, 0.00113091967069, 0.000868936534971, 0.00115743093193, 0.00112903025001, 0.0022658018861, 0.00111340382136, 0.00101433694363, 0.000651001173537, 0.000568196934182, 0.000772269326262, 0.000690931512509, 0.000467431731522, 0.000836609455291, 0.000591141404584, 0.00020296924049, 0.00021277871565, 0.0002809370053, 0.000256799452472, 0.000250969926128, 0.000241543588345, 0.000115849230497, 2.35813131439e-05],
        "median": [6.95549242664e-05, 0.00347631517798, 0.00101049512159, 0.000428311061114, 0.000991533859633, 0.000499193440191, 0.000330701703206, 0.000406356004532, 0.000447599886684, 0.0010055701714, 0.000220344867557, 0.00019670574693, 0.000190198756172, 0.000166416924912, 0.000230072502745, 0.000300064799376, 0.000260253873421, 0.000302647211356, 0.000263457390247, 0.000120804288599, 0.000140051663038, 0.000183502925211, 0.00016825417697, 0.000147850601934, 0.000125794686028, 5.21595575265e-05, 9.52670598053e-06],
        "min": [2.44880529338e-24, 8.18905619429e-24, 2.74306847595e-23, 9.40870930669e-24, 1.91793795511e-23, 9.02671130195e-24, 3.22643668473e-23, 2.19541504536e-23, 5.11314868532e-23, 3.6096924493e-23, 4.67239284937e-23, 3.47899744552e-23, 4.39933590454e-23, 5.26517922115e-23, 1.61528433752e-22, 2.41579829604e-22, 1.01851238801e-22, 1.54494116884e-22, 2.95701014091e-22, 3.45697251215e-22, 4.0321235513e-22, 5.45116214102e-22, 7.13151260953e-22, 9.49590115591e-22, 1.0693008813e-21, 1.56425851701e-21, 2.20829395063e-21],
        "var": [3.24951798802e-07, 3.6422690755e-05, 1.18468533401e-05, 2.24426594286e-06, 7.88708894106e-06, 4.71642852062e-06, 4.84006477564e-06, 6.01973397352e-06, 5.59594082006e-06, 1.14208341984e-05, 6.45203454042e-06, 7.46226851334e-06, 2.72585316452e-06, 2.62926710093e-06, 3.0017181416e-06, 1.41719760904e-06, 4.46487206318e-07, 2.29724901146e-06, 8.59674003095e-07, 5.84650550195e-08, 5.75870160446e-08, 1.06725721594e-07, 8.44886685059e-08, 8.46910879204e-08, 9.73101208501e-08, 2.8775948735e-08, 1.5091621286e-09]
    },
    "erbbands": {
        "dmean": [0.0951685383916, 0.785784244537, 1.98160004616, 2.12294483185, 3.25375819206, 4.06415367126, 4.37182855606, 5.03068399429, 8.03205966949, 10.1091947556, 14.3160858154, 16.4113864899, 32.4007873535, 20.0551300049, 23.4260826111, 22.0845985413, 19.3662223816, 16.539024353, 17.6984462738, 23.4419631958, 16.4763355255, 11.0278968811, 20.4927444458, 19.7270240784, 8.73092556, 5.57088184357, 3.73825597763, 4.62336540222, 4.52151679993, 4.22653913498, 3.37255740166, 2.45652794838, 2.27241802216, 1.85036885738, 0.982368409634, 0.444052875042, 0.15629068017, 0.0346995294094, 0.00286172376946, 5.7900131651e-05],
        "dmean2": [0.150605246425, 1.31475627422, 3.46951842308, 3.68046021461, 5.63997745514, 6.80288028717, 7.04765558243, 8.07513618469, 13.0184144974, 16.5713100433, 22.5402469635, 25.6184673309, 49.925655365, 30.1096343994, 35.5079536438, 34.2479095459, 29.8986644745, 26.2911128998, 27.8837909698, 36.0609397888, 25.3188781738, 17.2344856262, 31.580789566, 29.67045784, 13.7170133591, 9.216547966, 5.98892021179, 7.53942966461, 7.2138004303, 6.50522708893, 5.25506162643, 3.90560078621, 3.54798531532, 2.85994434357, 1.50242674351, 0.689527571201, 0.240514472127, 0.0525696277618, 0.00433880463243, 8.75863406691e-05],
        "dvar": [0.0223919730633, 2.04874587059, 17.547082901, 24.3829689026, 70.2761535645, 75.6396484375, 109.127059937, 141.508087158, 649.384399414, 755.276916504, 1335.35388184, 2248.34594727, 3772.24584961, 2836.71020508, 3882.33886719, 3539.21142578, 2850.28369141, 2309.42529297, 1791.4152832, 2822.97167969, 1072.89135742, 315.391662598, 1991.30310059, 1643.61120605, 214.6665802, 90.1301803589, 35.3653717041, 57.0067825317, 50.5281944275, 46.5624923706, 30.6504058838, 15.292142868, 15.1879692078, 10.2945594788, 2.85937452316, 0.71444106102, 0.0786810144782, 0.00414699502289, 2.83362351183e-05, 1.0513845794e-08],
        "dvar2": [0.0523956343532, 5.51318025589, 49.7933044434, 70.7997817993, 194.355651855, 194.111679077, 282.350250244, 355.943878174, 1667.92224121, 1903.38745117, 3126.09716797, 5427.55419922, 9376.87402344, 6089.68505859, 8889.85546875, 8479.81542969, 6714.35546875, 6211.09423828, 4296.92626953, 6526.23388672, 2454.90478516, 685.427124023, 4452.61376953, 3588.69506836, 493.214904785, 238.429626465, 86.2493362427, 143.291732788, 122.532226562, 99.9741744995, 71.1734390259, 36.6498985291, 35.4836235046, 23.8582210541, 6.63174247742, 1.76120054722, 0.183224201202, 0.00957584287971, 6.42025916022e-05, 2.39858533035e-08],
        "max": [1.3419277668, 23.2538852692, 65.8865661621, 140.532608032, 134.356994629, 252.460693359, 443.992797852, 259.665771484, 778.770507812, 831.340820312, 829.186279297, 1132.82861328, 1371.56311035, 1251.75427246, 1369.05419922, 2222.55297852, 1634.35131836, 1796.70898438, 1275.63134766, 1813.484375, 1030.34680176, 442.760650635, 1007.82879639, 896.09588623, 349.001098633, 142.017105103, 154.87979126, 227.063110352, 120.125106812, 185.796630859, 125.587928772, 73.3825302124, 45.6581420898, 36.2090339661, 21.4379920959, 12.54504776, 3.41919255257, 0.731080114841, 0.0629627630115, 0.00170403602533],
        "mean": [0.150909826159, 1.11160624027, 2.61735248566, 2.87157535553, 3.97416448593, 6.06166887283, 7.5406332016, 9.42282390594, 13.663022995, 16.4640464783, 25.8753795624, 28.953037262, 74.5326843262, 40.3381881714, 49.7574615479, 46.995262146, 34.2135772705, 30.7266559601, 32.330116272, 44.5794181824, 33.8887176514, 23.588010788, 41.8570251465, 44.0360794067, 19.0152454376, 10.3507318497, 7.90114831924, 9.44421577454, 9.50395870209, 9.32069396973, 7.20523166656, 4.9721031189, 4.23270082474, 3.11297082901, 1.51373326778, 0.600225567818, 0.206807807088, 0.0454466938972, 0.00377547135577, 0.000102800673631],
        "median": [0.0776670724154, 0.675038993359, 1.3533949852, 1.66863775253, 1.82700395584, 3.19709610939, 3.99575424194, 3.97483968735, 5.52010965347, 6.89864635468, 8.88081741333, 13.0757951736, 31.5370407104, 15.7646989822, 11.7563209534, 11.6414175034, 10.9946470261, 10.6291503906, 11.1993284225, 17.556634903, 17.1206207275, 13.9844379425, 16.9940929413, 16.3117256165, 10.3435020447, 6.38409471512, 5.15932035446, 6.37401390076, 6.05363893509, 5.74709749222, 4.71782159805, 3.32607984543, 2.36895394325, 1.62265110016, 0.760262191296, 0.279623448849, 0.0885441824794, 0.018531691283, 0.00157005502842, 6.60618461552e-05],
        "min": [2.14595636961e-22, 2.1702696938e-21, 2.29188612531e-20, 2.49520372714e-20, 4.31246282581e-20, 6.41759095585e-20, 8.75484018294e-20, 1.11447323474e-19, 3.56676092531e-19, 7.44082616903e-19, 5.22197466344e-19, 1.13839263557e-18, 1.08510865904e-18, 1.9111325629e-18, 1.43024304878e-18, 1.60895056044e-18, 2.02069635735e-18, 1.88911032666e-18, 6.71670988265e-18, 7.64573049068e-18, 1.02479579797e-17, 6.63650107379e-18, 7.91658251046e-18, 1.15355349135e-17, 1.48847015326e-17, 1.71110846211e-17, 1.30862032586e-17, 1.3417585874e-17, 2.16023047703e-17, 1.65888491044e-17, 2.14192381202e-17, 1.77919336745e-17, 1.43208786835e-17, 1.12987288206e-17, 8.81712825308e-18, 5.94097866343e-18, 2.78560846775e-18, 1.02967969978e-18, 2.56336628536e-19, 3.31662622559e-20],
        "var": [0.0375865325332, 2.07646942139, 15.2857494354, 19.5265827179, 61.9201965332, 98.9666366577, 163.765655518, 357.178009033, 1081.46264648, 1356.53125, 3734.13012695, 3267.10449219, 13120.9316406, 6978.86962891, 13069.2490234, 14393.5976562, 6453.34765625, 6831.27099609, 4989.61230469, 7243.28222656, 2633.52099609, 921.120788574, 5573.98876953, 5501.89160156, 647.262451172, 148.30406189, 80.1797409058, 114.530288696, 117.407104492, 134.564163208, 71.7183914185, 30.1595191956, 26.7804603577, 16.3297367096, 4.0899682045, 0.794285535812, 0.0964284092188, 0.00517109781504, 3.64811894542e-05, 1.41055700453e-08]
    },
    "gfcc": {
        "mean": [35.3557052612, 51.7554473877, -110.239326477, 23.6044921875, -56.0769081116, 21.1857719421, -34.7582206726, 20.2433948517, -21.3071174622, 1.58926773071, -18.5172576904, 6.44838237762, -11.5740633011],
        "cov": [[4039.19067383, -318.444152832, 658.410705566, 473.461334229, 191.549789429, 200.89994812, 126.292816162, 162.045211792, 13.796084404, -7.22174358368, 17.4407024384, 86.0105361938, -99.9489822388], [-318.444152832, 866.015930176, 37.4540557861, 105.219055176, 21.7029972076, 3.17824673653, -5.9816198349, -79.265007019, -15.6288852692, -85.8575897217, 37.3451957703, -42.3005409241, 27.5879096985], [658.410705566, 37.4540557861, 1265.82873535, 482.689453125, 7.6649312973, 130.60244751, -13.598654747, 67.0581436157, -6.36118412018, 1.96521830559, -64.705657959, 3.87618136406, 20.4979839325], [473.461334229, 105.219055176, 482.689453125, 536.62097168, 120.024200439, 91.4706802368, 29.0531673431, 28.1583347321, 28.0884876251, -30.85222435, -11.2064847946, -17.7596359253, -6.56283712387], [191.549789429, 21.7029972076, 7.6649312973, 120.024200439, 285.988891602, 94.7639312744, 19.7394371033, 14.6281766891, 12.0163984299, 10.8153162003, 12.5832195282, -5.41214418411, -15.315489769], [200.89994812, 3.17824673653, 130.60244751, 91.4706802368, 94.7639312744, 190.125411987, 96.8409194946, 6.3083782196, -12.6584072113, 26.1976013184, 15.756529808, -9.3217124939, -11.4600887299], [126.292816162, -5.9816198349, -13.598654747, 29.0531673431, 19.7394371033, 96.8409194946, 209.127975464, 36.819896698, -21.4087753296, -5.24474239349, 20.0300102234, -6.2904586792, -22.7697086334], [162.045211792, -79.265007019, 67.0581436157, 28.1583347321, 14.6281766891, 6.3083782196, 36.819896698, 133.911407471, 53.983341217, -3.30824065208, -1.04040706158, 12.1074571609, -5.50521755219], [13.796084404, -15.6288852692, -6.36118412018, 28.0884876251, 12.0163984299, -12.6584072113, -21.4087753296, 53.983341217, 114.067848206, 30.689414978, -2.12974238396, 2.29886651039, -2.16845226288], [-7.22174358368, -85.8575897217, 1.96521830559, -30.85222435, 10.8153162003, 26.1976013184, -5.24474239349, -3.30824065208, 30.689414978, 115.427955627, 27.9727592468, -6.07927179337, -2.29360628128], [17.4407024384, 37.3451957703, -64.705657959, -11.2064847946, 12.5832195282, 15.756529808, 20.0300102234, -1.04040706158, -2.12974238396, 27.9727592468, 99.6338043213, 31.1103019714, -7.81421995163], [86.0105361938, -42.3005409241, 3.87618136406, -17.7596359253, -5.41214418411, -9.3217124939, -6.2904586792, 12.1074571609, 2.29886651039, -6.07927179337, 31.1103019714, 78.1354675293, 25.8357105255], [-99.9489822388, 27.5879096985, 20.4979839325, -6.56283712387, -15.315489769, -11.4600887299, -22.7697086334, -5.50521755219, -2.16845226288, -2.29360628128, -7.81421995163, 25.8357105255, 94.9237976074]],
        "icov": [[0.000332796160365, 8.86761699803e-05, -6.40578728053e-05, -0.000218437780859, -7.00572345522e-05, -0.00014716325677, -1.53434648382e-05, -0.000249535805779, 0.000153916727868, -1.8912656742e-05, 8.3213824837e-05, -0.000531314231921, 0.000430668296758], [8.86761699803e-05, 0.00177769188304, -0.000311868818244, 3.90250133933e-05, -0.000242116104346, 6.55264302623e-05, -0.000203931092983, 0.00147612497676, -0.00123191345483, 0.00233999243937, -0.00222446583211, 0.00209355424158, -0.00107223284431], [-6.40578728053e-05, -0.000311868818244, 0.00177561689634, -0.00163854286075, 0.00102377531584, -0.0012565968791, 0.00107194983866, -0.00154472887516, 0.00159781274851, -0.00142595730722, 0.00177124654874, -0.00123904866632, 0.000192584659089], [-0.000218437780859, 3.90250133933e-05, -0.00163854286075, 0.00408300943673, -0.00152680836618, 0.000215250591282, -0.00078798312461, 0.00144120759796, -0.00243203970604, 0.00237393169664, -0.00164603244048, 0.00201878417283, -0.000614170508925], [-7.00572345522e-05, -0.000242116104346, 0.00102377531584, -0.00152680836618, 0.00515950471163, -0.00310485973023, 0.00153033272363, -0.00126752571668, 0.000627826491836, -0.00068425165955, 0.000577067141421, -0.000660342164338, 0.000646193569992], [-0.00014716325677, 6.55264302623e-05, -0.0012565968791, 0.000215250591282, -0.00310485973023, 0.010517549701, -0.00489282887429, 0.0017692798283, 0.000106260311441, -0.00191195984371, -0.000908608839381, 0.0010904117953, -0.000605339300819], [-1.53434648382e-05, -0.000203931092983, 0.00107194983866, -0.00078798312461, 0.00153033272363, -0.00489282887429, 0.0082049658522, -0.00375246000476, 0.0027891844511, 0.00023183436133, -0.000379737146432, 0.000140929943882, 0.00116358534433], [-0.000249535805779, 0.00147612497676, -0.00154472887516, 0.00144120759796, -0.00126752571668, 0.0017692798283, -0.00375246000476, 0.0134443799034, -0.0081535615027, 0.00418882444501, -0.00231228163466, 0.00100630812813, -0.000919128069654], [0.000153916727868, -0.00123191345483, 0.00159781274851, -0.00243203970604, 0.000627826491836, 0.000106260311441, 0.0027891844511, -0.0081535615027, 0.0156350824982, -0.00697890575975, 0.00381018477492, -0.00298378337175, 0.00163152534515], [-1.8912656742e-05, 0.00233999243937, -0.00142595730722, 0.00237393169664, -0.00068425165955, -0.00191195984371, 0.00023183436133, 0.00418882444501, -0.00697890575975, 0.0157468318939, -0.00789757352322, 0.00637181382626, -0.00243393774144], [8.3213824837e-05, -0.00222446583211, 0.00177124654874, -0.00164603244048, 0.000577067141421, -0.000908608839381, -0.000379737146432, -0.00231228163466, 0.00381018477492, -0.00789757352322, 0.0179524179548, -0.0107978293672, 0.00430900463834], [-0.000531314231921, 0.00209355424158, -0.00123904866632, 0.00201878417283, -0.000660342164338, 0.0010904117953, 0.000140929943882, 0.00100630812813, -0.00298378337175, 0.00637181382626, -0.0107978293672, 0.0223490335047, -0.00752938725054], [0.000430668296758, -0.00107223284431, 0.000192584659089, -0.000614170508925, 0.000646193569992, -0.000605339300819, 0.00116358534433, -0.000919128069654, 0.00163152534515, -0.00243393774144, 0.00430900463834, -0.00752938725054, 0.0138552738354]]
    },
    "melbands": {
        "dmean": [0.000838225823827, 0.00100936088711, 0.000381504156394, 0.000269433221547, 0.000157308691996, 0.000117516960017, 0.000118181029393, 0.000116314615298, 0.000121875738841, 0.000103595717519, 0.000162605036166, 8.21513749543e-05, 7.67877500039e-05, 6.17542827968e-05, 5.58774918318e-05, 3.3312728192e-05, 3.44669242622e-05, 2.8276894227e-05, 3.19522296195e-05, 3.51038142981e-05, 1.86835404747e-05, 1.222031824e-05, 1.57303056767e-05, 2.37566073338e-05, 1.7406178813e-05, 8.84169730853e-06, 4.46035073765e-06, 3.91834419133e-06, 2.5333447411e-06, 2.40064991885e-06, 3.19911532642e-06, 2.9485252071e-06, 2.50143762059e-06, 2.44430316343e-06, 2.09821996577e-06, 1.75231616595e-06, 1.58414343332e-06, 1.51445544816e-06, 1.97685039893e-06, 1.56835403686e-06],
        "dmean2": [0.00133639364503, 0.00174021255225, 0.00066035130294, 0.000462751748273, 0.000252860860201, 0.00018746384012, 0.000192548264749, 0.000189783720998, 0.000191862913198, 0.000161825140822, 0.000250402721576, 0.000123675155919, 0.000116292656458, 9.48995439103e-05, 8.72355449246e-05, 5.16813488503e-05, 5.50448748982e-05, 4.48190039606e-05, 4.95211897942e-05, 5.45504553884e-05, 2.9100865504e-05, 1.92975803657e-05, 2.47490024776e-05, 3.63731123798e-05, 2.66391216428e-05, 1.37325241667e-05, 7.38007020118e-06, 6.5192252805e-06, 4.10390748584e-06, 3.91950834455e-06, 5.27669089934e-06, 4.77703315482e-06, 3.92009769712e-06, 3.83590850106e-06, 3.30545435645e-06, 2.8138460948e-06, 2.55900408774e-06, 2.38442271439e-06, 3.1626755117e-06, 2.46471813625e-06],
        "dvar": [1.77369986432e-06, 4.19513253291e-06, 7.11196719294e-07, 4.81353822579e-07, 1.05215221424e-07, 7.22114634755e-08, 1.35558735792e-07, 8.62609894625e-08, 1.0179211074e-07, 8.25696560014e-08, 9.52576399982e-08, 5.1026926684e-08, 3.88996284073e-08, 2.53736818223e-08, 2.2319664339e-08, 9.13526676527e-09, 1.11842934913e-08, 4.62226878994e-09, 6.22245899251e-09, 4.99169416912e-09, 1.53580481665e-09, 4.175617907e-10, 9.58891299696e-10, 3.11069991987e-09, 1.34234257043e-09, 2.62229210568e-10, 5.22244400503e-11, 4.75830590208e-11, 1.76916207378e-11, 1.63159017547e-11, 2.67337350174e-11, 2.32310004566e-11, 1.78045807264e-11, 1.41447712917e-11, 1.20940766082e-11, 7.96373297168e-12, 6.78147859048e-12, 5.96167126082e-12, 1.54931050628e-11, 6.87287206314e-12],
        "dvar2": [4.34352023149e-06, 1.16986739158e-05, 2.04333264264e-06, 1.31281774429e-06, 2.69676576181e-07, 1.80473762157e-07, 3.50108564362e-07, 2.18196021251e-07, 2.38889469983e-07, 1.98511642679e-07, 2.37308327655e-07, 1.08706380786e-07, 8.60338431607e-08, 5.62579280938e-08, 5.38923465854e-08, 2.07157171417e-08, 3.08263423676e-08, 1.08123066056e-08, 1.40684184302e-08, 1.15146550073e-08, 3.58626794927e-09, 9.49263667671e-10, 2.08960493353e-09, 6.98950852751e-09, 3.04050407074e-09, 6.10070216567e-10, 1.33089567145e-10, 1.25231991444e-10, 4.34441024821e-11, 4.19431711585e-11, 6.817717918e-11, 5.9130707275e-11, 4.00620474295e-11, 3.20187730496e-11, 2.83815106833e-11, 1.9310487237e-11, 1.65161547633e-11, 1.41453758429e-11, 3.76722299189e-11, 1.62092769762e-11],
        "max": [0.018320530653, 0.0338693335652, 0.0235958974808, 0.0105875739828, 0.0117713371292, 0.00541199976578, 0.011837778613, 0.00848196167499, 0.00778245646507, 0.00672007678077, 0.00677173538134, 0.00539826508611, 0.00427143462002, 0.00497300783172, 0.0043729217723, 0.00237450096756, 0.00412131519988, 0.00184650637675, 0.00195847731084, 0.00240315403789, 0.00104166881647, 0.000547194504179, 0.000804869399872, 0.00123887963127, 0.000794080609921, 0.000432131520938, 0.000142839257023, 0.000127404637169, 0.000126069644466, 0.000114895185106, 0.000144325691508, 8.99385631783e-05, 0.000118921081594, 7.73592619225e-05, 7.16157228453e-05, 6.01969659328e-05, 5.60245862289e-05, 3.29240428982e-05, 5.72938479309e-05, 3.45185726474e-05],
        "mean": [0.00139477406628, 0.00144624768291, 0.000534864084329, 0.000359074387234, 0.00028261099942, 0.000223139271839, 0.000199767164304, 0.000190100472537, 0.000215239371755, 0.000180910137715, 0.000367307598935, 0.00015313460608, 0.000152027263539, 0.000127489271108, 0.000106119441625, 5.42306333955e-05, 5.94928351347e-05, 4.69737497042e-05, 5.62749555684e-05, 6.2408435042e-05, 3.53527138941e-05, 2.34654635278e-05, 2.90164425678e-05, 4.43498756795e-05, 3.57668614015e-05, 1.76095600182e-05, 7.82031293056e-06, 6.63756281938e-06, 4.85816053697e-06, 4.63235983261e-06, 5.93965569351e-06, 5.4715492297e-06, 5.23370681549e-06, 5.01122167407e-06, 4.22697939939e-06, 3.3885087305e-06, 2.95651352644e-06, 2.84113275484e-06, 3.05222624775e-06, 2.55411805483e-06],
        "median": [0.000894428230822, 0.000925570726395, 0.00033060417627, 0.000185780663742, 0.000156066147611, 9.26047359826e-05, 7.98617984401e-05, 7.68702593632e-05, 7.03436817275e-05, 8.15017629066e-05, 0.000150413092342, 4.9674512411e-05, 3.19493592542e-05, 2.85576534225e-05, 2.69432985078e-05, 1.71218216565e-05, 1.68495625985e-05, 1.45751446325e-05, 1.67841844814e-05, 2.51452493103e-05, 1.7246706193e-05, 1.32166851472e-05, 1.28671508719e-05, 1.47913224282e-05, 1.24895905174e-05, 8.24213384476e-06, 4.47730008091e-06, 3.76256389245e-06, 3.01725958707e-06, 2.81781467493e-06, 3.86545798392e-06, 3.29237855112e-06, 3.21317520502e-06, 2.94014057545e-06, 2.5906706469e-06, 2.32813431467e-06, 1.8243915747e-06, 1.64291748206e-06, 1.43098350236e-06, 1.35968946324e-06],
        "min": [2.10426378493e-24, 8.96577968563e-24, 5.85508143858e-24, 3.21064416273e-24, 3.48281774111e-24, 2.41886131671e-24, 5.69961194252e-24, 9.3803426574e-24, 5.55121182346e-24, 6.69971757081e-24, 4.64938879762e-24, 7.57532319889e-24, 5.44826350317e-24, 4.4712442837e-24, 4.13224590361e-24, 3.85789901343e-24, 3.5359116299e-24, 1.01477757339e-23, 8.85699103363e-24, 1.10717172362e-23, 8.93377323212e-24, 5.31955769104e-24, 7.80488566662e-24, 6.69334041925e-24, 9.34292856239e-24, 1.3543616827e-23, 9.617397726e-24, 1.05286606559e-23, 6.69769414259e-24, 7.94514513557e-24, 6.77248525615e-24, 1.16467274163e-23, 1.02380095885e-23, 9.05034399695e-24, 1.24588305304e-23, 1.18702424764e-23, 9.96716918505e-24, 9.58692245151e-24, 8.18492808518e-24, 9.99479351623e-24],
        "var": [2.71391490969e-06, 3.69513008991e-06, 5.95487449573e-07, 4.69350339927e-07, 1.76715118982e-07, 1.93438708607e-07, 2.26234163847e-07, 1.62715664942e-07, 2.65049862946e-07, 1.24995352735e-07, 3.25848162674e-07, 1.24833718473e-07, 1.22448838624e-07, 8.18117129597e-08, 7.23833011307e-08, 1.92111375696e-08, 3.20102984119e-08, 1.16206670953e-08, 1.74189658253e-08, 1.21272076825e-08, 3.42767081385e-09, 1.05217823343e-09, 2.45914644204e-09, 7.72349384448e-09, 4.00986577276e-09, 7.21304571627e-10, 9.77772446342e-11, 7.67839264393e-11, 3.57762465486e-11, 3.44782674633e-11, 4.93576186866e-11, 4.38973059291e-11, 4.74514663673e-11, 3.83584032593e-11, 2.79037210005e-11, 1.46975678156e-11, 1.25772378623e-11, 1.12516905515e-11, 2.08512443423e-11, 1.05972782632e-11]
    },
    "mfcc": {
        "mean": [-612.499145508, 91.2673034668, 2.79916262627, 10.3085718155, 6.02358388901, 0.42996442318, 0.851293444633, 12.9583082199, 5.00672340393, 2.05785989761, 3.10943317413, -2.97210621834, -0.857842803001],
        "cov": [[3136.95654297, -339.123779297, 262.042480469, 290.45489502, 163.894775391, 123.046516418, 159.024398804, 234.307876587, 8.80109500885, 72.5656280518, 93.5620498657, -2.40887355804, 42.4678268433], [-339.123779297, 646.278930664, -20.4007511139, -22.8240242004, 11.2566261292, 6.72265338898, 1.40665698051, -16.8889636993, -43.370880127, -35.9392280579, -41.7080688477, -26.8292217255, -8.61162948608], [262.042480469, -20.4007511139, 1146.2442627, 356.683685303, 169.129882812, 98.4544296265, 50.4972839355, 48.1855926514, 79.0282211304, 10.4499015808, -17.7634429932, 21.9559898376, -53.4771728516], [290.45489502, -22.8240242004, 356.683685303, 375.193756104, 169.95350647, 72.6946487427, 29.0542125702, 72.0774993896, 27.4508304596, 27.6849098206, 1.06377887726, -10.6778440475, -6.87528848648], [163.894775391, 11.2566261292, 169.129882812, 169.95350647, 308.180358887, 67.1071014404, -5.05263471603, 27.4020366669, 26.6657104492, 20.6145610809, 0.752159297466, 4.22574567795, 15.7961444855], [123.046516418, 6.72265338898, 98.4544296265, 72.6946487427, 67.1071014404, 216.333236694, 115.674530029, 2.30654144287, 15.3011131287, 11.1173772812, 11.6602201462, 26.4335861206, 2.11913871765], [159.024398804, 1.40665698051, 50.4972839355, 29.0542125702, -5.05263471603, 115.674530029, 211.059997559, 52.7526016235, 4.94098377228, 7.64335107803, 18.9980926514, 21.5454616547, -4.4529042244], [234.307876587, -16.8889636993, 48.1855926514, 72.0774993896, 27.4020366669, 2.30654144287, 52.7526016235, 169.304779053, 20.3227424622, 13.825799942, 26.4257469177, -12.0039396286, 3.13640499115], [8.80109500885, -43.370880127, 79.0282211304, 27.4508304596, 26.6657104492, 15.3011131287, 4.94098377228, 20.3227424622, 119.834037781, 34.1642456055, -6.7706451416, 2.42889380455, -7.27568149567], [72.5656280518, -35.9392280579, 10.4499015808, 27.6849098206, 20.6145610809, 11.1173772812, 7.64335107803, 13.825799942, 34.1642456055, 101.262802124, 46.8283195496, -2.87604284286, -0.854127645493], [93.5620498657, -41.7080688477, -17.7634429932, 1.06377887726, 0.752159297466, 11.6602201462, 18.9980926514, 26.4257469177, -6.7706451416, 46.8283195496, 106.249107361, 27.9412670135, -3.32090592384], [-2.40887355804, -26.8292217255, 21.9559898376, -10.6778440475, 4.22574567795, 26.4335861206, 21.5454616547, -12.0039396286, 2.42889380455, -2.87604284286, 27.9412670135, 95.5821380615, 35.3936538696], [42.4678268433, -8.61162948608, -53.4771728516, -6.87528848648, 15.7961444855, 2.11913871765, -4.4529042244, 3.13640499115, -7.27568149567, -0.854127645493, -3.32090592384, 35.3936538696, 85.0993881226]],
