{
"lowlevel": {
    "average_loudness": 0.683263242245,
    "barkbands_crest": {
        "dmean": 2.63329339027,
        "dmean2": 4.35410451889,
        "dvar": 5.44130325317,
        "dvar2": 14.5857000351,
        "max": 26.4301700592,
        "mean": 10.4220809937,
        "median": 9.56606292725,
        "min": 2.6947824955,
        "var": 18.709154129
    },
    "barkbands_flatness_db": {
        "dmean": 0.0195595286787,
        "dmean2": 0.0310615599155,
        "dvar": 0.000337243982358,
        "dvar2": 0.000831086770631,
        "max": 0.376508533955,
        "mean": 0.132065966725,
        "median": 0.125291198492,
        "min": 0.0268798284233,
        "var": 0.00235648895614
    },
    "barkbands_kurtosis": {
        "dmean": 3.11522936821,
        "dmean2": 5.04799461365,
        "dvar": 58.2942428589,
        "dvar2": 133.956558228,
        "max": 465.59552002,
        "mean": 5.61823797226,
        "median": 3.01087927818,
        "min": -1.87024354935,
        "var": 119.604187012
    },
    "barkbands_skewness": {
        "dmean": 0.475730061531,
        "dmean2": 0.762195825577,
        "dvar": 0.27982544899,
        "dvar2": 0.692208707333,
        "max": 18.7261772156,
        "mean": 1.52879595757,
        "median": 1.39003157616,
        "min": -1.98023402691,
        "var": 1.28937220573
    },
    "barkbands_spread": {
        "dmean": 4.28733062744,
        "dmean2": 6.74190950394,
        "dvar": 27.4828624725,
        "dvar2": 62.0774269104,
        "max": 99.0714263916,
        "mean": 16.8981189728,
        "median": 14.3105449677,
        "min": 0.387953191996,
        "var": 118.873908997
    },
    "dissonance": {
        "dmean": 0.0265099238604,
        "dmean2": 0.0447913855314,
        "dvar": 0.000597804842982,
        "dvar2": 0.00166247377638,
        "max": 0.5,
        "mean": 0.44502800703,
        "median": 0.452768683434,
        "min": 0.254264354706,
        "var": 0.00150479422882
    },
    "dynamic_complexity": 3.31183385849,
    "erbbands_crest": {
        "dmean": 3.07093024254,
        "dmean2": 4.88571500778,
        "dvar": 7.49581956863,
        "dvar2": 18.9256877899,
        "max": 31.3472232819,
        "mean": 12.0341749191,
        "median": 10.8635807037,
        "min": 2.39998555183,
        "var": 33.0319023132
    },
    "erbbands_flatness_db": {
        "dmean": 0.0183643568307,
        "dmean2": 0.0279574450105,
        "dvar": 0.000290587136988,
        "dvar2": 0.000661667028908,
        "max": 0.33215418458,
        "mean": 0.165170267224,
        "median": 0.164576128125,
        "min": 0.0512380041182,
        "var": 0.00189525773749
    },
    "erbbands_kurtosis": {
        "dmean": 1.57708334923,
        "dmean2": 2.52501058578,
        "dvar": 8.02059173584,
        "dvar2": 19.9856262207,
        "max": 91.5529174805,
        "mean": 2.27962756157,
        "median": 1.11169981956,
        "min": -1.87999558449,
        "var": 20.9910583496
    },
    "erbbands_skewness": {
        "dmean": 0.388489991426,
        "dmean2": 0.608730494976,
        "dvar": 0.136938467622,
        "dvar2": 0.334861427546,
        "max": 7.64155817032,
        "mean": 1.0519528389,
        "median": 0.98068010807,
        "min": -2.05851745605,
        "var": 0.735768556595
    },
    "erbbands_spread": {
        "dmean": 6.6635184288,
        "dmean2": 10.2008132935,
        "dvar": 64.6792221069,
        "dvar2": 144.354385376,
        "max": 182.843261719,
        "mean": 30.3715267181,
        "median": 25.8026008606,
        "min": 1.73285317421,
        "var": 331.464508057
    },
    "hfc": {
        "dmean": 4.50001811981,
        "dmean2": 6.95498371124,
        "dvar": 41.548915863,
        "dvar2": 103.149894714,
        "max": 115.891326904,
        "mean": 18.6906528473,
        "median": 11.5604038239,
        "min": 1.20199348581e-16,
        "var": 341.977966309
    },
    "melbands_crest": {
        "dmean": 3.31028819084,
        "dmean2": 5.43667602539,
        "dvar": 8.23398399353,
        "dvar2": 21.1176490784,
        "max": 31.4453659058,
        "mean": 13.19190979,
        "median": 12.2277584076,
        "min": 2.06948900223,
        "var": 25.8257884979
    },
    "melbands_flatness_db": {
        "dmean": 0.0222338363528,
        "dmean2": 0.0354821011424,
        "dvar": 0.000448323698947,
        "dvar2": 0.0011170275975,
        "max": 0.490189760923,
        "mean": 0.199821993709,
        "median": 0.189361020923,
        "min": 0.00629589427263,
        "var": 0.00406306609511
    },
    "melbands_kurtosis": {
        "dmean": 5.23595523834,
        "dmean2": 8.60424423218,
        "dvar": 91.7518692017,
        "dvar2": 242.202148438,
        "max": 240.266677856,
        "mean": 10.7369155884,
        "median": 6.3137345314,
        "min": -1.46171247959,
        "var": 231.613464355
    },
    "melbands_skewness": {
        "dmean": 0.582904160023,
        "dmean2": 0.932348906994,
        "dvar": 0.394876986742,
        "dvar2": 1.00932133198,
        "max": 11.3237342834,
        "mean": 1.96183800697,
        "median": 1.80167257786,
        "min": -0.990760862827,
        "var": 1.92249119282
    },
    "melbands_spread": {
        "dmean": 4.71932315826,
        "dmean2": 7.54432916641,
        "dvar": 36.7586288452,
        "dvar2": 83.9150085449,
        "max": 193.806289673,
        "mean": 19.1097888947,
        "median": 16.8655948639,
        "min": 0.519815802574,
        "var": 156.295074463
    },
    "pitch_salience": {
        "dmean": 0.0670245662332,
        "dmean2": 0.110757611692,
        "dvar": 0.00335692125373,
        "dvar2": 0.00895236898214,
        "max": 0.865088820457,
        "mean": 0.556784570217,
        "median": 0.557401299477,
        "min": 0.0971997752786,
        "var": 0.014210909605
    },
    "silence_rate_20dB": {
        "dmean": 0,
        "dmean2": 0,
        "dvar": 0,
        "dvar2": 0,
        "max": 1,
        "mean": 1,
        "median": 1,
        "min": 1,
        "var": 0
    },
    "silence_rate_30dB": {
        "dmean": 0.000239091459662,
        "dmean2": 0.000478240079246,
        "dvar": 0.000239024608163,
        "dvar2": 0.00071709259646,
        "max": 1,
        "mean": 0.999880492687,
        "median": 1,
        "min": 0,
        "var": 0.0001195147197
    },
    "silence_rate_60dB": {
        "dmean": 0.0133891217411,
        "dmean2": 0.0267814435065,
        "dvar": 0.0132066532969,
        "dvar2": 0.0310902744532,
        "max": 1,
        "mean": 0.0462586656213,
        "median": 0,
        "min": 0,
        "var": 0.0441157110035
    },
    "spectral_centroid": {
        "dmean": 165.996337891,
        "dmean2": 263.397888184,
        "dvar": 44235.0078125,
        "dvar2": 89152.4609375,
        "max": 11040.6953125,
        "mean": 1119.94226074,
        "median": 1054.15649414,
        "min": 172.019592285,
        "var": 311023.59375
    },
    "spectral_complexity": {
        "dmean": 2.23096227646,
        "dmean2": 3.6317551136,
        "dvar": 4.6056432724,
        "dvar2": 11.5344600677,
        "max": 50,
        "mean": 15.1721248627,
        "median": 14,
        "min": 0,
        "var": 67.2026748657
    },
    "spectral_decrease": {
        "dmean": 1.56284352126e-09,
        "dmean2": 2.5134998527e-09,
        "dvar": 4.25143413815e-18,
        "dvar2": 1.12082162364e-17,
        "max": 3.89348886452e-29,
        "mean": -5.10071407334e-09,
        "median": -4.08568823218e-09,
        "min": -3.10522985103e-08,
        "var": 1.50066990924e-17
    },
    "spectral_energy": {
        "dmean": 0.00624313717708,
        "dmean2": 0.0100210467353,
        "dvar": 6.67787680868e-05,
        "dvar2": 0.000175109729753,
        "max": 0.127710253,
        "mean": 0.0209465734661,
        "median": 0.0166387241334,
        "min": 1.07554845772e-20,
        "var": 0.000258121726802
    },
    "spectral_energyband_high": {
        "dmean": 0.000184876451385,
        "dmean2": 0.00028502382338,
        "dvar": 1.42162676298e-07,
        "dvar2": 3.4652370573e-07,
        "max": 0.0103465095162,
        "mean": 0.00053228874458,
        "median": 0.00027137104189,
        "min": 8.0249654141e-21,
        "var": 4.26857781122e-07
    },
    "spectral_energyband_low": {
        "dmean": 0.00227638357319,
        "dmean2": 0.00392033904791,
        "dvar": 3.08776070597e-05,
        "dvar2": 8.6405838374e-05,
        "max": 0.0956142246723,
        "mean": 0.00335632264614,
        "median": 0.0019081508508,
        "min": 7.2862733614e-23,
        "var": 2.71692042588e-05
    },
    "spectral_energyband_middle_high": {
        "dmean": 0.00244926079176,
        "dmean2": 0.0037527687382,
        "dvar": 2.68570638582e-05,
        "dvar2": 6.77512216498e-05,
        "max": 0.113725066185,
        "mean": 0.00791624933481,
        "median": 0.00248224660754,
        "min": 1.45275039011e-21,
        "var": 0.000152402761159
    },
    "spectral_energyband_middle_low": {
        "dmean": 0.00348151894286,
        "dmean2": 0.00546763977036,
        "dvar": 2.06472504942e-05,
        "dvar2": 5.09002093168e-05,
        "max": 0.0856832638383,
        "mean": 0.00982255116105,
        "median": 0.00734237860888,
        "min": 2.7958830922e-22,
        "var": 7.7674354543e-05
    },
    "spectral_entropy": {
        "dmean": 0.167521730065,
        "dmean2": 0.256611973047,
        "dvar": 0.031681124121,
        "dvar2": 0.0712992176414,
        "max": 9.81420230865,
        "mean": 7.38555240631,
        "median": 7.43396139145,
        "min": 5.00617361069,
        "var": 0.226065933704
    },
    "spectral_flux": {
        "dmean": 0.0186989232898,
        "dmean2": 0.0300784986466,
        "dvar": 0.000447291589808,
        "dvar2": 0.00101398979314,
        "max": 0.28585293889,
        "mean": 0.0712898746133,
        "median": 0.0642105489969,
        "min": 1.03708652777e-10,
        "var": 0.00133059429936
    },
    "spectral_kurtosis": {
        "dmean": 1.28702533245,
        "dmean2": 2.12369465828,
        "dvar": 2.71765899658,
        "dvar2": 7.22710609436,
        "max": 59.7328987122,
        "mean": 5.19723415375,
        "median": 4.58973503113,
        "min": -1.33174812794,
        "var": 10.894238472
    },
    "spectral_rms": {
        "dmean": 0.000644031970296,
        "dmean2": 0.00101973547135,
        "dvar": 4.68661113473e-07,
        "dvar2": 1.188456622e-06,
        "max": 0.0111622298136,
        "mean": 0.0042018997483,
        "median": 0.00402900762856,
        "min": 3.23931398198e-12,
        "var": 2.77970411844e-06
    },
    "spectral_rolloff": {
        "dmean": 314.918365479,
        "dmean2": 542.766723633,
        "dvar": 484392.59375,
        "dvar2": 1055511.125,
        "max": 18820.0195312,
        "mean": 1220.91638184,
        "median": 925.927734375,
        "min": 86.1328125,
        "var": 1181360.875
    },
    "spectral_skewness": {
        "dmean": 0.180490240455,
        "dmean2": 0.287103295326,
        "dvar": 0.0360845923424,
        "dvar2": 0.086052775383,
        "max": 6.2982711792,
        "mean": 1.82874345779,
        "median": 1.75791573524,
        "min": -0.0214714892209,
        "var": 0.239663779736
    },
    "spectral_spread": {
        "dmean": 527502.625,
        "dmean2": 785394.875,
        "dvar": 607851315200,
        "dvar2": 1.08027654963e+12,
        "max": 40398168,
        "mean": 4977624,
        "median": 4688596.5,
        "min": 1773843.25,
        "var": 2.63535905997e+12
    },
    "spectral_strongpeak": {
        "dmean": 0.629645228386,
        "dmean2": 1.02921664715,
        "dvar": 0.768091440201,
        "dvar2": 1.91295611858,
        "max": 13.0956535339,
        "mean": 1.5991537571,
        "median": 0.855767011642,
        "min": 0,
        "var": 3.72083377838
    },
    "zerocrossingrate": {
        "dmean": 0.00791792012751,
        "dmean2": 0.00966824870557,
        "dvar": 0.000112308058306,
        "dvar2": 0.000119208292745,
        "max": 0.50390625,
        "mean": 0.0580829977989,
        "median": 0.0546875,
        "min": 0.0087890625,
        "var": 0.000962526653893
    },
    "barkbands": {
        "dmean": [0.000206623997656, 0.00160643004347, 0.000645430176519, 0.000524992297869, 0.00105295144022, 0.00119971577078, 0.000734109780751, 0.000476150307804, 0.00100991292857, 0.00154480256606, 0.000819188659079, 0.000378779164748, 0.000237997912336, 0.000225039737415, 0.000339177757269, 0.000179962793482, 0.000130380241899, 0.000127466890262, 0.000105475992314, 8.41509026941e-05, 4.14573623857e-05, 4.2534313252e-05, 3.58406468877e-05, 3.35589684255e-05, 2.62917492364e-05, 1.57825579663e-05, 4.30687987318e-06],
        "dmean2": [0.000350892834831, 0.00278547545895, 0.00113079161383, 0.000898591300938, 0.00170096021611, 0.00189030799083, 0.00113679491915, 0.000745833676774, 0.00158349110279, 0.00242019281723, 0.00124264240731, 0.000570459233131, 0.000390266912291, 0.000368196662748, 0.000540506734978, 0.000287005823338, 0.000215443054913, 0.000203784322366, 0.000171197301825, 0.000134695568704, 6.65573243168e-05, 6.94648406352e-05, 5.70848096686e-05, 5.34449973202e-05, 4.02646001021e-05, 2.48405776802e-05, 6.80660559738e-06],
        "dvar": [3.43155562632e-07, 1.66490463016e-05, 2.88111050395e-06, 7.65571599004e-07, 3.27000020661e-06, 5.44373733646e-06, 2.66676647698e-06, 8.6774571173e-07, 8.19359320303e-06, 1.94268413907e-05, 8.27585517982e-06, 1.27311091092e-06, 4.20096256448e-07, 3.20601884596e-07, 1.08938672838e-06, 2.29904628668e-07, 1.01237546346e-07, 7.10163519102e-08, 5.21608285453e-08, 3.92977135277e-08, 7.27924920341e-09, 8.9518046309e-09, 4.79299666623e-09, 4.0495722331e-09, 3.70480246481e-09, 1.3341157068e-09, 1.65400734775e-10],
        "dvar2": [9.70324776972e-07, 4.66065612272e-05, 8.20014702185e-06, 2.1126484171e-06, 7.54318989493e-06, 1.30187308969e-05, 6.35860260445e-06, 2.12405984712e-06, 2.09013687709e-05, 4.89401354571e-05, 1.85193603102e-05, 2.66291249318e-06, 1.07872017452e-06, 8.61009368691e-07, 2.71458611678e-06, 5.25622795067e-07, 2.53331762678e-07, 1.77446835892e-07, 1.30108176677e-07, 9.36857276201e-08, 1.83005539611e-08, 2.35113670755e-08, 1.21031353828e-08, 1.04078976548e-08, 8.27361823497e-09, 3.24421911557e-09, 3.95001281683e-10],
        "max": [0.0163845028728, 0.054581541568, 0.0361262261868, 0.0149533012882, 0.0673333182931, 0.0468660034239, 0.0385024882853, 0.0203105192631, 0.0772266313434, 0.102338463068, 0.0794997289777, 0.0286161955446, 0.0192900896072, 0.0170262679458, 0.0354083962739, 0.0161282122135, 0.0114623270929, 0.00572345312685, 0.00680798757821, 0.00665707606822, 0.00203416845761, 0.00157352129463, 0.0011802444933, 0.000987105071545, 0.00148502842057, 0.000732042244636, 0.000245170464041],
        "mean": [0.000226047108299, 0.00195049634203, 0.000811655598227, 0.000835768005345, 0.00195440626703, 0.00219110539183, 0.00130878388882, 0.0008688250673, 0.00198582396843, 0.00319645786658, 0.0015899251448, 0.000774967717007, 0.000432398868725, 0.000425501522841, 0.000680715427734, 0.00033516305848, 0.000248679047218, 0.00028249193565, 0.000228056684136, 0.000193806685274, 9.31518225116e-05, 8.74540492077e-05, 7.99913395895e-05, 7.94668740127e-05, 5.21858601132e-05, 2.79030991805e-05, 5.32703097633e-06],
        "median": [3.05609064526e-05, 0.000868196308147, 0.00038215261884, 0.000393728900235, 0.00111368135549, 0.000798590714112, 0.000437672657426, 0.000391178327845, 0.000393533089664, 0.000359811761882, 0.000146079953993, 0.000149336527102, 8.7665830506e-05, 8.96524070413e-05, 8.62001834321e-05, 9.83744394034e-05, 7.15677742846e-05, 8.07115720818e-05, 8.19321212475e-05, 6.39159115963e-05, 3.31159608322e-05, 3.60470585292e-05, 4.04294623877e-05, 4.05218925152e-05, 2.10825164686e-05, 1.16408018584e-05, 1.40604220178e-06],
        "min": [5.48641399984e-23, 2.92545122397e-23, 8.12279030053e-24, 3.00571845216e-23, 5.07278014844e-23, 3.59451508103e-23, 3.975582861e-23, 1.82256546053e-23, 7.02820919139e-23, 1.19922761029e-22, 7.12534763e-23, 5.47385280988e-23, 7.72258664827e-23, 2.38781178304e-22, 8.93997320552e-23, 9.41473935945e-23, 1.18655976633e-22, 2.3316499353e-22, 2.72680058636e-22, 3.87785466998e-22, 4.38105780804e-22, 4.55013657467e-22, 3.71676371955e-22, 1.10425633037e-21, 1.31737216525e-21, 1.70268000316e-21, 2.51937060845e-21],
        "var": [3.6193890196e-07, 1.39908643177e-05, 2.27517284657e-06, 1.57019189828e-06, 8.37164225231e-06, 1.33652047225e-05, 6.12390067545e-06, 2.08078859032e-06, 3.20148283208e-05, 6.81006713421e-05, 2.99861658277e-05, 4.72042302135e-06, 1.21570360534e-06, 9.460579804e-07, 3.81154427487e-06, 6.25556481282e-07, 2.62859856548e-07, 2.50904577115e-07, 1.70020967971e-07, 1.13944231828e-07, 2.48393909885e-08, 1.73279595117e-08, 1.16647953519e-08, 1.04151656188e-08, 9.51554834927e-09, 2.20577889287e-09, 1.91761911905e-10]
    },
    "erbbands": {
        "dmean": [0.0500744841993, 0.36482539773, 0.779156327248, 1.19804871082, 2.07789373398, 3.9555785656, 7.57318210602, 10.6013183594, 11.6617946625, 7.81277513504, 11.4483308792, 19.8213291168, 37.8782043457, 49.8018722534, 24.2106075287, 13.6017856598, 10.8855876923, 10.289850235, 15.7100105286, 13.1171569824, 9.09750652313, 6.50977230072, 5.62099981308, 7.19280147552, 3.301466465, 4.26810073853, 2.15858340263, 1.46357643604, 1.29770386219, 1.44222784042, 1.00050842762, 0.806679069996, 0.512591421604, 0.290802627802, 0.202027246356, 0.0904975533485, 0.0253581982106, 0.0059433025308, 0.000805405841675, 2.79521264019e-05],
        "dmean2": [0.0845511630177, 0.646400332451, 1.36972546577, 2.06926131248, 3.51192474365, 6.39570188522, 12.0893392563, 16.5645198822, 18.2606582642, 11.9793081284, 17.9528503418, 31.2956371307, 59.2674446106, 75.6449127197, 36.9144287109, 20.9719715118, 17.6080131531, 16.8192157745, 25.2892513275, 20.0308551788, 14.5919723511, 10.6091909409, 9.04913711548, 11.5527334213, 5.42015647888, 6.83167219162, 3.46638011932, 2.32068538666, 2.11273813248, 2.31253194809, 1.59219706059, 1.28887677193, 0.818198621273, 0.462424844503, 0.311377167702, 0.143375977874, 0.0396308712661, 0.00927343312651, 0.00128012150526, 4.4516644266e-05],
        "dvar": [0.0146075878292, 0.94781011343, 4.38547897339, 4.77340316772, 11.9114398956, 70.2797393799, 225.829147339, 546.755493164, 703.214355469, 374.758544922, 528.612487793, 2851.14819336, 12189.7324219, 24310.8691406, 6453.81201172, 1598.45788574, 815.801147461, 650.317260742, 2466.31469727, 2002.76525879, 461.359100342, 307.881225586, 148.232498169, 249.051467896, 38.6455688477, 114.381523132, 25.2394447327, 8.26176166534, 8.25135135651, 13.2510290146, 3.41928243637, 2.49847555161, 0.980041146278, 0.41048169136, 0.296829253435, 0.042525947094, 0.00369496108033, 0.000262792804278, 5.66973631067e-06, 5.38723865517e-09],
        "dvar2": [0.0385207235813, 2.71443486214, 12.503786087, 13.4875984192, 30.712682724, 155.361923218, 541.608154297, 1271.22998047, 1692.42529297, 853.327575684, 1309.65771484, 7309.90771484, 30672.9609375, 59276.9335938, 15395.7490234, 3676.75805664, 2024.36535645, 1808.70959473, 6488.42236328, 4405.83642578, 1087.69421387, 764.845947266, 384.716278076, 628.571228027, 99.7487869263, 275.298248291, 60.6214561462, 20.3955688477, 21.5711536407, 35.0388259888, 8.56710243225, 6.4245262146, 2.54009771347, 1.01889467239, 0.645467817783, 0.104685112834, 0.00859631132334, 0.000625664251857, 1.36559829116e-05, 1.29894699441e-08],
        "max": [1.80921828747, 12.8556947708, 41.1813240051, 48.2836456299, 65.3807678223, 366.68927002, 262.8331604, 572.117858887, 603.87512207, 844.117553711, 499.761352539, 1602.63562012, 2388.94897461, 4357.33398438, 3034.06323242, 1274.54785156, 803.055419922, 837.421264648, 2026.30969238, 1920.49621582, 655.455383301, 810.389587402, 271.629272461, 342.714691162, 223.273010254, 335.124481201, 196.465423584, 75.8093032837, 52.0474472046, 79.7210083008, 39.5602302551, 23.2332134247, 14.4463720322, 12.086479187, 15.5070943832, 5.61036014557, 1.61635887623, 0.368499040604, 0.0446257553995, 0.00176581193227],
        "mean": [0.0592005588114, 0.420104116201, 0.996138334274, 1.95144319534, 3.31367087364, 7.16943120956, 13.5819826126, 19.2278442383, 21.5424690247, 14.8711204529, 21.8511276245, 37.6596603394, 79.8330764771, 112.166938782, 54.0800514221, 29.3709449768, 21.4407634735, 20.9254875183, 33.1182594299, 27.3153743744, 18.8154373169, 13.7482004166, 13.6285858154, 17.2114391327, 8.36632537842, 9.84445762634, 5.12627077103, 3.23150515556, 2.75673890114, 3.01090216637, 2.25439977646, 1.83337724209, 1.19266557693, 0.582523107529, 0.376221805811, 0.163454160094, 0.0433442220092, 0.00847149547189, 0.000999577110633, 5.38648273505e-05],
        "median": [0.0193206742406, 0.194960296154, 0.482905447483, 1.08718943596, 1.96777296066, 3.75689744949, 5.09703063965, 6.66584873199, 7.24064731598, 7.04541969299, 10.6592998505, 10.3851366043, 13.6391086578, 12.4777059555, 8.97317123413, 7.53226470947, 5.24749088287, 5.57622098923, 5.77705574036, 5.65497112274, 6.15703725815, 4.1678237915, 4.72898578644, 5.4415140152, 3.82065224648, 3.05029511452, 1.62963604927, 1.3225274086, 1.16520690918, 1.24756741524, 1.17865562439, 0.912244319916, 0.604137301445, 0.258197069168, 0.139041468501, 0.0665486976504, 0.0170176085085, 0.00293612363748, 0.000283960660454, 3.16477016895e-05],
        "min": [1.26724322279e-21, 5.25188885865e-21, 1.04364182351e-20, 6.12624889682e-20, 1.91092072712e-19, 1.1929438528e-19, 9.20802012881e-20, 4.44091247196e-19, 4.20206949846e-19, 5.40834362532e-19, 4.97449463187e-19, 1.76432723612e-18, 3.63091219393e-18, 2.72870154353e-18, 2.55365730462e-18, 2.41497633902e-18, 3.96986103046e-18, 6.47108976669e-18, 9.96065085601e-18, 5.26577098174e-18, 6.02000419043e-18, 7.58925059846e-18, 1.12106200233e-17, 1.58123548111e-17, 1.06564081857e-17, 1.80204869865e-17, 2.04041005658e-17, 1.60288577559e-17, 1.74470258289e-17, 1.53025385841e-17, 1.0696593447e-17, 2.45615649184e-17, 1.46284773748e-17, 1.34226895784e-17, 1.07895065093e-17, 5.75218875069e-18, 3.47808189037e-18, 1.25011423404e-18, 3.26938742715e-19, 3.9908003968e-20],
        "var": [0.0154943624511, 0.69335514307, 3.37991213799, 6.74231624603, 19.111246109, 192.029388428, 521.333740234, 1295.28442383, 1605.65893555, 793.352172852, 1231.3605957, 7712.63037109, 42482.34375, 94597.9375, 29047.078125, 5361.37939453, 2416.73706055, 1916.98632812, 8451.72460938, 7051.81591797, 1329.89111328, 829.99017334, 545.372619629, 945.911071777, 142.24269104, 324.735931396, 88.398147583, 26.7180252075, 15.9648656845, 24.1260089874, 8.88541030884, 5.73967218399, 2.50107741356, 0.806441128254, 0.770105361938, 0.0816899910569, 0.00596631458029, 0.000327891320921, 6.55761050439e-06, 6.94692081638e-09]
    },
    "gfcc": {
        "mean": [-9.10450363159, 81.8455123901, -109.03453064, 14.1505298615, -63.5250434875, 10.6312913895, -38.5506973267, 12.1908750534, -23.8422374725, -0.192665413022, -15.1032133102, 2.98342823982, -9.71818733215],
        "cov": [[4467.40478516, -1151.0123291, -888.171813965, 38.3518562317, 18.8341007233, 302.312957764, 336.362579346, 206.100860596, -146.388931274, -4.66049957275, -69.0812988281, 74.0013885498, 8.68239402771], [-1151.0123291, 1210.6003418, 638.984375, 205.678512573, 87.8705596924, -90.4789810181, -48.7892532349, -69.2257766724, 50.4615325928, -28.552482605, 143.137924194, -48.3323440552, 17.1342849731], [-888.171813965, 638.984375, 1258.60302734, 363.484893799, 6.40704965591, 5.05865764618, -188.706863403, -38.5211029053, 29.4525756836, 8.09384918213, 79.6652908325, 29.5838222504, 0.792326450348], [38.3518562317, 205.678512573, 363.484893799, 394.108093262, 90.0850830078, 32.3031463623, -43.521068573, 16.1555404663, 30.2055072784, 7.20049524307, 30.5626125336, 16.639465332, 21.1861133575], [18.8341007233, 87.8705596924, 6.40704965591, 90.0850830078, 195.645065308, 40.9089355469, 39.4213447571, 8.41536903381, 7.83106470108, 18.7123584747, 8.66008853912, -9.6211977005, 11.8255386353], [302.312957764, -90.4789810181, 5.05865764618, 32.3031463623, 40.9089355469, 207.37739563, 95.8688201904, 31.8577861786, -25.0169773102, 2.96000313759, 19.0175132751, 7.50174951553, -1.84320163727], [336.362579346, -48.7892532349, -188.706863403, -43.521068573, 39.4213447571, 95.8688201904, 224.622802734, 49.8274688721, -28.850233078, 4.77004528046, 23.5811767578, 2.75341272354, -1.46483838558], [206.100860596, -69.2257766724, -38.5211029053, 16.1555404663, 8.41536903381, 31.8577861786, 49.8274688721, 114.599395752, 31.2892990112, 2.89228796959, -9.64779186249, 5.13095140457, 9.09968852997], [-146.388931274, 50.4615325928, 29.4525756836, 30.2055072784, 7.83106470108, -25.0169773102, -28.850233078, 31.2892990112, 109.215438843, 17.8694038391, -5.81439447403, 2.09114766121, 6.71831941605], [-4.66049957275, -28.552482605, 8.09384918213, 7.20049524307, 18.7123584747, 2.96000313759, 4.77004528046, 2.89228796959, 17.8694038391, 97.8698196411, 33.3268966675, 10.9244680405, -6.03909540176], [-69.0812988281, 143.137924194, 79.6652908325, 30.5626125336, 8.66008853912, 19.0175132751, 23.5811767578, -9.64779186249, -5.81439447403, 33.3268966675, 114.443313599, 32.4364624023, 6.4707698822], [74.0013885498, -48.3323440552, 29.5838222504, 16.639465332, -9.6211977005, 7.50174951553, 2.75341272354, 5.13095140457, 2.09114766121, 10.9244680405, 32.4364624023, 79.4048995972, 18.753408432], [8.68239402771, 17.1342849731, 0.792326450348, 21.1861133575, 11.8255386353, -1.84320163727, -1.46483838558, 9.09968852997, 6.71831941605, -6.03909540176, 6.4707698822, 18.753408432, 67.7285690308]],
        "icov": [[0.000408195279306, 0.0002648003574, 0.000228629127378, -0.000431634747656, 0.000102807556686, -0.000206477183383, -0.000212873899727, -0.000427631865023, 0.000480432412587, 6.85202394379e-05, -4.68642829219e-05, -0.000161740172189, 5.00220812683e-05], [0.0002648003574, 0.00235655624419, -0.000936461554375, -0.000250689772656, -0.000845123198815, 0.00134176539723, -0.00119542842731, 0.000785617972724, -0.00108276843093, 0.00192259217147, -0.00322588533163, 0.00257751252502, -0.000614729826339], [0.000228629127378, -0.000936461554375, 0.00200123852119, -0.00137474411167, 0.000835171376821, -0.00119831261691, 0.00146896834485, -0.000658114440739, 0.000955286319368, -0.000703885685652, 0.000672959373333, -0.00140887603629, 0.000724268436898], [-0.000431634747656, -0.000250689772656, -0.00137474411167, 0.00468146428466, -0.00199278444052, -0.000172281434061, 0.000724951096345, -0.000305474997731, -0.00101904396433, 0.000292350683594, -0.000281762157101, -0.000176396599272, -0.000726678001229], [0.000102807556686, -0.000845123198815, 0.000835171376821, -0.00199278444052, 0.00701412046328, -0.0013800074812, -0.000824945047498, 0.000276439066511, 0.000213852574234, -0.00209244131111, 0.00153114309069, 0.000370642344933, -0.000959703989793], [-0.000206477183383, 0.00134176539723, -0.00119831261691, -0.000172281434061, -0.0013800074812, 0.00771660264581, -0.00324261304922, -0.000166146404808, 0.0001776181889, 0.00125186587684, -0.00221071206033, 0.00142880587373, 6.76728814142e-05], [-0.000212873899727, -0.00119542842731, 0.00146896834485, 0.000724951096345, -0.000824945047498, -0.00324261304922, 0.008570054546, -0.00340167689137, 0.00224256911315, -0.000573960365728, -0.000797295710072, -0.000954781891778, 0.000850850366987], [-0.000427631865023, 0.000785617972724, -0.000658114440739, -0.000305474997731, 0.000276439066511, -0.000166146404808, -0.00340167689137, 0.0128653468564, -0.00531144673005, 0.000639344623778, 0.000516010506544, 0.000732190324925, -0.00156372261699], [0.000480432412587, -0.00108276843093, 0.000955286319368, -0.00101904396433, 0.000213852574234, 0.0001776181889, 0.00224256911315, -0.00531144673005, 0.0131824519485, -0.00334108388051, 0.00246779853478, -0.00185148371384, -7.91122074588e-05], [6.85202394379e-05, 0.00192259217147, -0.000703885685652, 0.000292350683594, -0.00209244131111, 0.00125186587684, -0.000573960365728, 0.000639344623778, -0.00334108388051, 0.0139693152159, -0.00654807407409, 0.00139138905797, 0.00154006131925], [-4.68642829219e-05, -0.00322588533163, 0.000672959373333, -0.000281762157101, 0.00153114309069, -0.00221071206033, -0.000797295710072, 0.000516010506544, 0.00246779853478, -0.00654807407409, 0.0170730650425, -0.00791307352483, 0.000219536246732], [-0.000161740172189, 0.00257751252502, -0.00140887603629, -0.000176396599272, 0.000370642344933, 0.00142880587373, -0.000954781891778, 0.000732190324925, -0.00185148371384, 0.00139138905797, -0.00791307352483, 0.0190196111798, -0.00490714842454], [5.00220812683e-05, -0.000614729826339, 0.000724268436898, -0.000726678001229, -0.000959703989793, 6.76728814142e-05, 0.000850850366987, -0.00156372261699, -7.91122074588e-05, 0.00154006131925, 0.000219536246732, -0.00490714842454, 0.0170136038214]]
    },
    "melbands": {
        "dmean": [0.000442369637312, 0.000429503037594, 0.000225043215323, 0.000195816275664, 0.000248095457209, 0.00023463377147, 0.000171032646904, 8.52272423799e-05, 9.42565893638e-05, 0.000142292905366, 0.00019583509129, 0.000210952770431, 9.36795186135e-05, 4.90853526571e-05, 2.87745951937e-05, 2.37003587245e-05, 2.0163039153e-05, 2.57935444097e-05, 2.40553490585e-05, 1.327447535e-05, 1.13640953714e-05, 7.77485456638e-06, 5.26680469193e-06, 6.71622092341e-06, 6.58536237097e-06, 3.25486348629e-06, 2.54537280853e-06, 3.25761629938e-06, 1.81379300557e-06, 8.89598709364e-07, 9.47561318299e-07, 7.69180530824e-07, 9.29022121454e-07, 7.88879901847e-07, 6.03987473369e-07, 5.77063701712e-07, 5.569172572e-07, 4.15062174852e-07, 3.15422113317e-07, 2.49196091318e-07],
        "dmean2": [0.000756173802074, 0.000759407819714, 0.00038601263077, 0.000322030216921, 0.000394910952309, 0.000367772066966, 0.000267525145318, 0.000130876869662, 0.000148346138303, 0.000224627161515, 0.000306537986035, 0.000323497893987, 0.00014183287567, 7.49372484279e-05, 4.46229641966e-05, 3.86627034459e-05, 3.29960494128e-05, 4.13924535678e-05, 3.81454483431e-05, 2.06028526009e-05, 1.83331740118e-05, 1.26947034005e-05, 8.69008454174e-06, 1.06764027805e-05, 1.05850094769e-05, 5.35831077286e-06, 4.146838819e-06, 5.21169113199e-06, 2.92863910545e-06, 1.44166256177e-06, 1.50881055561e-06, 1.27387818338e-06, 1.51092478973e-06, 1.26541556256e-06, 9.69884922597e-07, 9.35508637667e-07, 9.01245925888e-07, 6.7017327865e-07, 5.12920223628e-07, 4.01364502522e-07],
        "dvar": [1.17867784866e-06, 1.35342031626e-06, 1.48044662751e-07, 1.18723640696e-07, 2.18273740415e-07, 2.43269170142e-07, 1.39027179102e-07, 3.63928123193e-08, 3.70264601202e-08, 1.57323157168e-07, 3.20467364645e-07, 4.35368292528e-07, 8.86207729422e-08, 2.2510507236e-08, 5.7249343044e-09, 4.95618834861e-09, 2.86929657811e-09, 6.06435834882e-09, 5.26614840624e-09, 1.97165705984e-09, 8.04486144368e-10, 4.4813694422e-10, 1.45819550879e-10, 2.35507141566e-10, 2.28564417393e-10, 5.67061467227e-11, 2.17569556121e-11, 8.1568689303e-11, 2.4543596322e-11, 3.08786329839e-12, 3.49253937403e-12, 3.04665147277e-12, 4.48256622793e-12, 3.74922662361e-12, 1.23529019045e-12, 1.30707532471e-12, 1.1273257718e-12, 6.89873613964e-13, 3.80938715901e-13, 3.31180964814e-13],
        "dvar2": [3.22557525578e-06, 3.86897681892e-06, 4.08787570905e-07, 2.76859452697e-07, 5.19673960753e-07, 5.7293749478e-07, 3.33250369522e-07, 8.2598162976e-08, 9.01553605104e-08, 4.06406030606e-07, 8.13787835341e-07, 1.07055552689e-06, 2.00431301778e-07, 5.06801747235e-08, 1.15574962933e-08, 1.30837047863e-08, 8.05701461104e-09, 1.55848756123e-08, 1.2771367075e-08, 4.34714841901e-09, 1.8800168089e-09, 1.10313613799e-09, 4.07727102081e-10, 5.72865865855e-10, 5.74974345913e-10, 1.48554848978e-10, 5.77977353478e-11, 1.95793020685e-10, 6.0293950388e-11, 7.80780214787e-12, 8.62866982726e-12, 8.0926194565e-12, 1.16545714052e-11, 9.89238465449e-12, 3.11367728476e-12, 3.37461265529e-12, 2.90027095222e-12, 1.8047322534e-12, 9.93512347044e-13, 8.1708240434e-13],
        "max": [0.0159043036401, 0.0208566002548, 0.0073160356842, 0.0119806295261, 0.0103418035433, 0.0111786006019, 0.00883268378675, 0.00779217528179, 0.0046261260286, 0.0103163579479, 0.0126997120678, 0.0184804201126, 0.00827713310719, 0.00412107398733, 0.00207170192152, 0.00246883090585, 0.00193072145339, 0.00282574002631, 0.00195398600772, 0.00184631475713, 0.000935077667236, 0.00090295355767, 0.000253468868323, 0.000410889071645, 0.000322042091284, 0.000323110754834, 8.10762649053e-05, 0.000302378291963, 0.000220339061343, 3.54812473233e-05, 5.63222711207e-05, 2.98034829029e-05, 6.25529282843e-05, 4.11480104958e-05, 2.72219258477e-05, 1.72650998138e-05, 1.76761768671e-05, 1.43531824506e-05, 1.13858104669e-05, 1.17590616355e-05],
        "mean": [0.00054267392261, 0.000543736969121, 0.000378866679966, 0.000347848486854, 0.000461939780507, 0.000431204971392, 0.000317043886753, 0.000161952557391, 0.000174340093508, 0.000270184595138, 0.000403817481128, 0.000467911537271, 0.000195671789697, 0.000104606668174, 5.20041867276e-05, 4.32577871834e-05, 3.7500878534e-05, 5.06523610966e-05, 4.68554353574e-05, 2.61344921455e-05, 2.13768234971e-05, 1.45926242112e-05, 1.05914577944e-05, 1.46285938172e-05, 1.43618672155e-05, 6.78134074406e-06, 5.44872318642e-06, 6.77595380694e-06, 3.75760942006e-06, 1.80644451575e-06, 1.89013780982e-06, 1.4596521396e-06, 1.80367169378e-06, 1.54250210471e-06, 1.2698106957e-06, 1.16133389838e-06, 1.17159027013e-06, 9.02078681975e-07, 6.32514286281e-07, 4.44304049552e-07],
        "median": [0.000223047711188, 0.000277169106994, 0.000225765485084, 0.000208325771382, 0.00019120160141, 0.000150633029989, 0.000108849984827, 7.77328095865e-05, 8.19329725346e-05, 5.72964418097e-05, 6.19957281742e-05, 4.01765282732e-05, 2.52950176218e-05, 1.86459674296e-05, 1.2072354366e-05, 9.64841456152e-06, 7.77255718276e-06, 7.59557224228e-06, 6.31189777778e-06, 6.18902004135e-06, 6.45021100354e-06, 3.63402727999e-06, 3.69589861293e-06, 3.89794058719e-06, 4.14180794905e-06, 2.80885751636e-06, 2.17459000851e-06, 1.75105310518e-06, 1.00705608475e-06, 6.21836534265e-07, 7.51559696255e-07, 6.02534328209e-07, 6.98043550074e-07, 6.13688030171e-07, 5.91817752138e-07, 6.03089802098e-07, 5.04761601405e-07, 4.15952086996e-07, 2.7942911629e-07, 1.68273231793e-07],
        "min": [1.21404273364e-23, 5.96556890253e-24, 1.39584945543e-23, 1.32926044424e-23, 2.84986908013e-24, 8.91314530831e-24, 7.19679460441e-24, 5.64304943232e-24, 3.15538189252e-24, 1.22019987189e-23, 1.90716132629e-23, 1.1800208194e-23, 9.91222975616e-24, 4.5145436755e-24, 9.33143722558e-24, 7.45493908045e-24, 1.38473487859e-23, 2.04278592187e-23, 6.65164596497e-24, 7.15934737724e-24, 6.44226177034e-24, 7.16095507576e-24, 1.09987886232e-23, 8.53978611934e-24, 1.37245799409e-23, 9.87346749786e-24, 5.83789176502e-24, 1.42689838957e-23, 1.45024141484e-23, 6.98438828365e-24, 1.0862841068e-23, 9.07987579379e-24, 1.04570738953e-23, 7.51201553353e-24, 5.11924579125e-24, 9.30346973991e-24, 1.67228446042e-23, 9.46191876361e-24, 1.04476627847e-23, 1.2049698866e-23],
        "var": [1.11009399006e-06, 9.96720359581e-07, 2.34176923186e-07, 3.00493184113e-07, 5.33518459633e-07, 5.91395178162e-07, 3.27769242858e-07, 8.18909455802e-08, 8.36310292129e-08, 5.07237587044e-07, 1.10807104647e-06, 1.71795477399e-06, 3.81222633905e-07, 1.02698713533e-07, 1.63837725609e-08, 1.3219474404e-08, 8.01546740092e-09, 1.94629041772e-08, 1.67420850516e-08, 6.72794886469e-09, 2.01670813382e-09, 1.13334364116e-09, 3.60953794631e-10, 8.6625712159e-10, 7.99759147796e-10, 1.35866318196e-10, 6.10967734738e-11, 1.96217000981e-10, 6.76233374852e-11, 8.96071411516e-12, 1.00903374198e-11, 4.98096095619e-12, 8.85299472619e-12, 6.71657608003e-12, 3.11906880532e-12, 2.5360247756e-12, 2.76222295904e-12, 1.65275291283e-12, 8.63561392533e-13, 5.84750347102e-13]
    },
    "mfcc": {
        "mean": [-659.397338867, 121.388801575, 6.0525598526, 9.58110141754, -1.20556271076, -4.57896661758, -3.11308526993, 5.1935133934, -3.80740427971, 3.11475491524, -4.74360990524, -3.19955873489, -1.23587870598],
        "cov": [[4804.97412109, -1317.17871094, -1033.84643555, -236.161880493, -348.159606934, 53.0876464844, 291.53414917, 244.772094727, 155.578018188, 115.088226318, -37.1477622986, -165.238006592, 13.9212188721], [-1317.17871094, 998.174926758, 462.71081543, 197.851043701, 145.266235352, -3.60701489449, 0.137783914804, -56.061050415, -102.148353577, 1.49982976913, 14.2801599503, 86.5870437622, 0.202812701464], [-1033.84643555, 462.71081543, 1107.49035645, 306.997314453, 277.111541748, 55.2883605957, -43.0114707947, -6.1465382576, -100.752456665, -11.7629537582, -34.4884681702, 89.4151535034, 16.691619873], [-236.161880493, 197.851043701, 306.997314453, 343.154510498, 169.63243103, 29.8662490845, -15.8509511948, -2.3117556572, -2.05508494377, -9.2790145874, -10.1286640167, 36.5774230957, 32.8740119934], [-348.159606934, 145.266235352, 277.111541748, 169.63243103, 256.503570557, 43.9768295288, -33.8890800476, -13.274810791, -2.72807407379, 6.12980508804, -20.0135326385, 25.4199008942, 12.2940979004], [53.0876464844, -3.60701489449, 55.2883605957, 29.8662490845, 43.9768295288, 143.537002563, 74.8604888916, 16.9560184479, -1.83689713478, 11.1184654236, 7.26826429367, 3.93147468567, 15.968126297], [291.53414917, 0.137783914804, -43.0114707947, -15.8509511948, -33.8890800476, 74.8604888916, 216.791687012, 49.9814796448, 2.40532374382, 24.7911548615, 10.7520885468, -1.15739178658, 11.2738990784], [244.772094727, -56.061050415, -6.1465382576, -2.3117556572, -13.274810791, 16.9560184479, 49.9814796448, 135.404205322, 26.471736908, 34.8233528137, -14.5964813232, -15.1375341415, 1.9338889122], [155.578018188, -102.148353577, -100.752456665, -2.05508494377, -2.72807407379, -1.83689713478, 2.40532374382, 26.471736908, 121.577056885, 23.447019577, 15.8508911133, -21.2835159302, -7.56736898422], [115.088226318, 1.49982976913, -11.7629537582, -9.2790145874, 6.12980508804, 11.1184654236, 24.7911548615, 34.8233528137, 23.447019577, 102.553092957, 6.50938892365, -9.84341239929, -11.8079042435], [-37.1477622986, 14.2801599503, -34.4884681702, -10.1286640167, -20.0135326385, 7.26826429367, 10.7520885468, -14.5964813232, 15.8508911133, 6.50938892365, 91.8847579956, 25.8972473145, 1.99532043934], [-165.238006592, 86.5870437622, 89.4151535034, 36.5774230957, 25.4199008942, 3.93147468567, -1.15739178658, -15.1375341415, -21.2835159302, -9.84341239929, 25.8972473145, 99.0780715942, 38.8941268921], [13.9212188721, 0.202812701464, 16.691619873, 32.8740119934, 12.2940979004, 15.968126297, 11.2738990784, 1.9338889122, -7.56736898422, -11.8079042435, 1.99532043934, 38.8941268921, 99.2624206543]],
