{
"lowlevel": {
    "average_loudness": 0.950358450413,
    "barkbands_crest": {
        "dmean": 2.40062022209,
        "dmean2": 3.94121456146,
        "dvar": 4.66411066055,
        "dvar2": 12.2341308594,
        "max": 23.7961196899,
        "mean": 9.06974315643,
        "median": 8.3561706543,
        "min": 2.32077145576,
        "var": 13.9944286346
    },
    "barkbands_flatness_db": {
        "dmean": 0.0187370106578,
        "dmean2": 0.0293146036565,
        "dvar": 0.000337247678544,
        "dvar2": 0.000752983498387,
        "max": 0.317345827818,
        "mean": 0.10155338794,
        "median": 0.0942769125104,
        "min": 0.0127761801705,
        "var": 0.0020834596362
    },
    "barkbands_kurtosis": {
        "dmean": 2.38113546371,
        "dmean2": 3.82464289665,
        "dvar": 17.0506229401,
        "dvar2": 43.2564926147,
        "max": 130.380691528,
        "mean": 4.01338434219,
        "median": 1.20398449898,
        "min": -1.88825321198,
        "var": 63.3452377319
    },
    "barkbands_skewness": {
        "dmean": 0.470673978329,
        "dmean2": 0.733508467674,
        "dvar": 0.239520803094,
        "dvar2": 0.565680921078,
        "max": 9.34578323364,
        "mean": 1.54709839821,
        "median": 1.35996317863,
        "min": -3.59155201912,
        "var": 1.45619428158
    },
    "barkbands_spread": {
        "dmean": 6.79178762436,
        "dmean2": 10.2857456207,
        "dvar": 61.2065238953,
        "dvar2": 125.662376404,
        "max": 100.685333252,
        "mean": 29.8244132996,
        "median": 27.8436851501,
        "min": 1.3911242485,
        "var": 284.91217041
    },
    "dissonance": {
        "dmean": 0.0149438679218,
        "dmean2": 0.0247343983501,
        "dvar": 0.000242210589931,
        "dvar2": 0.000632704468444,
        "max": 0.500000059605,
        "mean": 0.467863500118,
        "median": 0.474980413914,
        "min": 0.269767075777,
        "var": 0.00071491120616
    },
    "dynamic_complexity": 2.50194072723,
    "erbbands_crest": {
        "dmean": 2.52020144463,
        "dmean2": 4.05382966995,
        "dvar": 5.76364994049,
        "dvar2": 13.9153261185,
        "max": 32.9623260498,
        "mean": 8.8431634903,
        "median": 7.80287122726,
        "min": 2.27266120911,
        "var": 19.6275157928
    },
    "erbbands_flatness_db": {
        "dmean": 0.0157692860812,
        "dmean2": 0.022685199976,
        "dvar": 0.000237471715081,
        "dvar2": 0.000426330749178,
        "max": 0.334805935621,
        "mean": 0.125711500645,
        "median": 0.123014748096,
        "min": 0.0407278686762,
        "var": 0.00149100937415
    },
    "erbbands_kurtosis": {
        "dmean": 0.821492016315,
        "dmean2": 1.28396499157,
        "dvar": 1.96150887012,
        "dvar2": 4.6161737442,
        "max": 36.924659729,
        "mean": 0.250305444002,
        "median": -0.42938542366,
        "min": -1.79000043869,
        "var": 5.7934422493
    },
    "erbbands_skewness": {
        "dmean": 0.335007935762,
        "dmean2": 0.503588736057,
        "dvar": 0.105364970863,
        "dvar2": 0.22015273571,
        "max": 5.41228342056,
        "mean": 0.238255962729,
        "median": 0.184277832508,
        "min": -4.11002397537,
        "var": 0.817813336849
    },
    "erbbands_spread": {
        "dmean": 8.72284030914,
        "dmean2": 13.2729740143,
        "dvar": 84.3261108398,
        "dvar2": 184.349517822,
        "max": 152.68762207,
        "mean": 49.2387008667,
        "median": 47.6670837402,
        "min": 2.38233184814,
        "var": 437.03503418
    },
    "hfc": {
        "dmean": 7.02871990204,
        "dmean2": 10.1669244766,
        "dvar": 81.595954895,
        "dvar2": 163.547637939,
        "max": 166.438461304,
        "mean": 29.288892746,
        "median": 24.273853302,
        "min": 1.11632311768e-16,
        "var": 456.009857178
    },
    "melbands_crest": {
        "dmean": 3.19785237312,
        "dmean2": 5.33441019058,
        "dvar": 7.96476888657,
        "dvar2": 21.6467075348,
        "max": 31.9873771667,
        "mean": 13.1477975845,
        "median": 12.4977283478,
        "min": 2.19418716431,
        "var": 21.8701190948
    },
    "melbands_flatness_db": {
        "dmean": 0.0236631575972,
        "dmean2": 0.0371108017862,
        "dvar": 0.000527409254573,
        "dvar2": 0.00123162881937,
        "max": 0.422044545412,
        "mean": 0.169435560703,
        "median": 0.162655174732,
        "min": 0.00534695060924,
        "var": 0.00361191807315
    },
    "melbands_kurtosis": {
        "dmean": 7.10613107681,
        "dmean2": 11.5157117844,
        "dvar": 151.418807983,
        "dvar2": 391.130645752,
        "max": 249.047134399,
        "mean": 15.6015291214,
        "median": 9.18960285187,
        "min": -1.83815598488,
        "var": 397.286102295
    },
    "melbands_skewness": {
        "dmean": 0.700635612011,
        "dmean2": 1.10360383987,
        "dvar": 0.604010999203,
        "dvar2": 1.49449074268,
        "max": 13.5081548691,
        "mean": 2.89375162125,
        "median": 2.65631437302,
        "min": -2.13079118729,
        "var": 2.82969546318
    },
    "melbands_spread": {
        "dmean": 7.82030820847,
        "dmean2": 12.1426029205,
        "dvar": 105.924690247,
        "dvar2": 230.905578613,
        "max": 184.670883179,
        "mean": 28.5405139923,
        "median": 23.5517807007,
        "min": 1.04737985134,
        "var": 424.685028076
    },
    "pitch_salience": {
        "dmean": 0.0669482201338,
        "dmean2": 0.110509157181,
        "dvar": 0.00346647272818,
        "dvar2": 0.00900657195598,
        "max": 0.8505179286,
        "mean": 0.57034021616,
        "median": 0.569637417793,
        "min": 0.133102208376,
        "var": 0.0104279881343
    },
    "silence_rate_20dB": {
        "dmean": 0,
        "dmean2": 0,
        "dvar": 0,
        "dvar2": 0,
        "max": 1,
        "mean": 1,
        "median": 1,
        "min": 1,
        "var": 0
    },
    "silence_rate_30dB": {
        "dmean": 0,
        "dmean2": 0,
        "dvar": 0,
        "dvar2": 0,
        "max": 1,
        "mean": 1,
        "median": 1,
        "min": 1,
        "var": 0
    },
    "silence_rate_60dB": {
        "dmean": 0.00474821962416,
        "dmean2": 0.00949762575328,
        "dvar": 0.00472600432113,
        "dvar2": 0.0104084508494,
        "max": 1,
        "mean": 0.0213643182069,
        "median": 0,
        "min": 0,
        "var": 0.0209091957659
    },
    "spectral_centroid": {
        "dmean": 254.203399658,
        "dmean2": 389.655609131,
        "dvar": 89116.453125,
        "dvar2": 164442.34375,
        "max": 11141.0263672,
        "mean": 1582.81274414,
        "median": 1563.11816406,
        "min": 203.760452271,
        "var": 534056.6875
    },
    "spectral_complexity": {
        "dmean": 3.83956027031,
        "dmean2": 6.07373142242,
        "dvar": 17.3939037323,
        "dvar2": 38.9381217957,
        "max": 55,
        "mean": 21.4191646576,
        "median": 21,
        "min": 0,
        "var": 108.821151733
    },
    "spectral_decrease": {
        "dmean": 2.14073248017e-09,
        "dmean2": 3.52978868357e-09,
        "dvar": 6.98801602458e-18,
        "dvar2": 1.86625230713e-17,
        "max": -6.59727904303e-29,
        "mean": -6.77719391717e-09,
        "median": -6.4290217594e-09,
        "min": -3.18251913711e-08,
        "var": 1.43980347823e-17
    },
    "spectral_energy": {
        "dmean": 0.00846300274134,
        "dmean2": 0.0138775287196,
        "dvar": 0.000105875697045,
        "dvar2": 0.000281784887193,
        "max": 0.122485980392,
        "mean": 0.0282353684306,
        "median": 0.0269830152392,
        "min": 1.05586163992e-20,
        "var": 0.000236175619648
    },
    "spectral_energyband_high": {
        "dmean": 0.000585963833146,
        "dmean2": 0.000812875048723,
        "dvar": 9.93585899778e-07,
        "dvar2": 1.78950858754e-06,
        "max": 0.0229652971029,
        "mean": 0.0017578091938,
        "median": 0.00108649721369,
        "min": 7.58003271743e-21,
        "var": 3.95770985051e-06
    },
    "spectral_energyband_low": {
        "dmean": 0.00487518962473,
        "dmean2": 0.00835547968745,
        "dvar": 6.90042579663e-05,
        "dvar2": 0.000190827617189,
        "max": 0.0951791107655,
        "mean": 0.00820441637188,
        "median": 0.00634098704904,
        "min": 5.23030809815e-23,
        "var": 6.81296878611e-05
    },
    "spectral_energyband_middle_high": {
        "dmean": 0.00159237161279,
        "dmean2": 0.00242119701579,
        "dvar": 5.03899718751e-06,
        "dvar2": 1.15349894259e-05,
        "max": 0.0390652939677,
        "mean": 0.00582179799676,
        "median": 0.00340884970501,
        "min": 1.59277221628e-21,
        "var": 3.95176139136e-05
    },
    "spectral_energyband_middle_low": {
        "dmean": 0.00497881043702,
        "dmean2": 0.00801262911409,
        "dvar": 3.82714970328e-05,
        "dvar2": 9.57063020905e-05,
        "max": 0.0810118913651,
        "mean": 0.0137811228633,
        "median": 0.0108359474689,
        "min": 4.1022157991e-22,
        "var": 0.00011267807713
    },
    "spectral_entropy": {
        "dmean": 0.137196302414,
        "dmean2": 0.201662182808,
        "dvar": 0.0214772000909,
        "dvar2": 0.0406272448599,
        "max": 9.80311393738,
        "mean": 7.8042755127,
        "median": 7.84560108185,
        "min": 5.7315735817,
        "var": 0.131408184767
    },
    "spectral_flux": {
        "dmean": 0.0224297232926,
        "dmean2": 0.0358079001307,
        "dvar": 0.00056938821217,
        "dvar2": 0.00126099470071,
        "max": 0.293439120054,
        "mean": 0.0893355831504,
        "median": 0.0855047255754,
        "min": 6.7403402304e-11,
        "var": 0.00148630142212
    },
    "spectral_kurtosis": {
        "dmean": 0.755352795124,
        "dmean2": 1.22981357574,
        "dvar": 0.75483250618,
        "dvar2": 1.9301276207,
        "max": 17.0516471863,
        "mean": 3.11976528168,
        "median": 2.81672382355,
        "min": -1.21958208084,
        "var": 2.920181036
    },
    "spectral_rms": {
        "dmean": 0.000753553467803,
        "dmean2": 0.00120992225129,
        "dvar": 6.20554715169e-07,
        "dvar2": 1.58803379691e-06,
        "max": 0.0109315374866,
        "mean": 0.00502877915278,
        "median": 0.00513077899814,
        "min": 3.2095309483e-12,
        "var": 2.25796247832e-06
    },
    "spectral_rolloff": {
        "dmean": 630.139099121,
        "dmean2": 1034.23144531,
        "dvar": 1050398,
        "dvar2": 2223786.25,
        "max": 18690.8203125,
        "mean": 1942.61706543,
        "median": 1571.92382812,
        "min": 107.666015625,
        "var": 3006201
    },
    "spectral_skewness": {
        "dmean": 0.13789601624,
        "dmean2": 0.214204624295,
        "dvar": 0.0203770510852,
        "dvar2": 0.0448917336762,
        "max": 3.05952048302,
        "mean": 1.35946404934,
        "median": 1.33660721779,
        "min": -0.0429256483912,
        "var": 0.116176143289
    },
    "spectral_spread": {
        "dmean": 528983.125,
        "dmean2": 745868.1875,
        "dvar": 636172238848,
        "dvar2": 1.1068637184e+12,
        "max": 42614924,
        "mean": 5612217.5,
        "median": 5471618.5,
        "min": 1983430.125,
        "var": 2.23711173018e+12
    },
    "spectral_strongpeak": {
        "dmean": 0.610204815865,
        "dmean2": 1.02939724922,
        "dvar": 0.946970760822,
        "dvar2": 2.44823265076,
        "max": 13.1889848709,
        "mean": 1.12838125229,
        "median": 0.654302537441,
        "min": 0,
        "var": 1.66901433468
    },
    "zerocrossingrate": {
        "dmean": 0.012516791001,
        "dmean2": 0.0143081909046,
        "dvar": 0.000207640347071,
        "dvar2": 0.00022982583323,
        "max": 0.64892578125,
        "mean": 0.0817337930202,
        "median": 0.076171875,
        "min": 0.005859375,
        "var": 0.00169318274129
    },
    "barkbands": {
        "dmean": [0.000276723701973, 0.00247489358298, 0.00232824776322, 0.00142555159982, 0.0017307306407, 0.00189484481234, 0.000814858824015, 0.00104067940265, 0.000808137701824, 0.000448523642262, 0.000276504433714, 0.000332873198204, 0.000328715250362, 0.000372154754587, 0.000296505371807, 0.000261529290583, 0.000248442607699, 0.000279138854239, 0.000250520621194, 0.000145582816913, 0.000172388768988, 0.00015855874517, 0.000126918283058, 9.35887001106e-05, 8.10444689705e-05, 5.3894942539e-05, 2.20779184019e-05],
        "dmean2": [0.000470698752906, 0.00425105169415, 0.00406415062025, 0.00242226617411, 0.00279547437094, 0.00298964860849, 0.00128443643916, 0.00163055630401, 0.0012382697314, 0.000686166575179, 0.000433359586168, 0.000533878454007, 0.000514275103342, 0.000585185189266, 0.000465542689199, 0.000413140718592, 0.000403242331231, 0.000449694751296, 0.000401085999329, 0.000235484389123, 0.000268051837338, 0.000239228334976, 0.000190940569155, 0.000139677897096, 0.000113954643894, 7.27442165953e-05, 3.05650210066e-05],
        "dvar": [2.18979920419e-07, 1.79687740456e-05, 1.79611197382e-05, 6.35991182207e-06, 8.46597595228e-06, 1.24177431644e-05, 4.39996392743e-06, 7.36234733267e-06, 4.35254924014e-06, 1.25539463625e-06, 7.32019259431e-07, 7.05194395323e-07, 8.76767217051e-07, 8.85189081146e-07, 6.69311020829e-07, 4.71479950193e-07, 2.10391377209e-07, 2.42597508304e-07, 1.91267375271e-07, 5.19043226177e-08, 9.32796666575e-08, 1.04602783324e-07, 5.22003205106e-08, 4.3592812915e-08, 2.93849033994e-08, 9.59697921132e-09, 2.08978367944e-09],
        "dvar2": [5.7272882259e-07, 4.90067213832e-05, 5.09826058988e-05, 1.75564055098e-05, 2.15976524487e-05, 3.06442016154e-05, 1.03477359517e-05, 1.74728756974e-05, 1.01318346424e-05, 2.7349155971e-06, 1.79775724973e-06, 1.81382620212e-06, 2.02700493901e-06, 2.12475106309e-06, 1.708341415e-06, 1.10929761377e-06, 4.98050212627e-07, 6.01940200795e-07, 4.60238027244e-07, 1.25063195355e-07, 1.97600243723e-07, 2.12771226415e-07, 1.08002780053e-07, 8.26444548352e-08, 5.74590366398e-08, 1.93123845804e-08, 4.27183088902e-09],
        "max": [0.00744840176776, 0.0466043651104, 0.0596707127988, 0.0419120192528, 0.0407423228025, 0.0579681843519, 0.0403970554471, 0.0639014989138, 0.0416131280363, 0.0224844962358, 0.0178035646677, 0.0152970282361, 0.0211304835975, 0.0187858790159, 0.0229678079486, 0.0181685034186, 0.0139185190201, 0.0119258118793, 0.0132796699181, 0.00406981166452, 0.0104208113626, 0.0099979666993, 0.00507080834359, 0.00428279256448, 0.0041363472119, 0.00155115930829, 0.00101855047978],
        "mean": [0.000290010590106, 0.00345078110695, 0.00329595129006, 0.00206061499193, 0.00362109602429, 0.00342577183619, 0.00127425335813, 0.00173344521318, 0.00132818485145, 0.000812983897049, 0.000474811007734, 0.000603790394962, 0.00056736782426, 0.000641609716695, 0.000541706511285, 0.000491426500957, 0.00051477830857, 0.000600786413997, 0.000568666902836, 0.000322505424265, 0.000416338938521, 0.000374853902031, 0.000294944300549, 0.000219010777073, 0.000177858106326, 9.96479429887e-05, 3.21632469422e-05],
        "median": [0.000134433983476, 0.00224567716941, 0.00212518870831, 0.000901188177522, 0.00186951924115, 0.00154326751363, 0.000374543888029, 0.000406370905694, 0.000339462654665, 0.000183851807378, 0.000129934487632, 0.000146867736476, 0.000111386332719, 0.000135895970743, 0.000174892396899, 0.000224777075346, 0.000310722505674, 0.000318144564517, 0.000316977791954, 0.000194520049263, 0.000180684510269, 0.000173054999323, 0.000172665197169, 0.000121422257507, 8.99269798538e-05, 3.71530695702e-05, 5.78352364755e-06],
        "min": [4.30179498911e-24, 1.91946061443e-23, 9.93904471605e-24, 1.93438460058e-23, 4.37198136379e-23, 1.40883173934e-23, 5.48476875154e-23, 1.7493508066e-23, 5.09285003205e-23, 7.26666985236e-23, 2.45896511187e-23, 1.00666584291e-22, 8.25702160999e-23, 6.36719802645e-23, 9.26810652548e-23, 1.30526351638e-22, 1.66308489076e-22, 1.95649154393e-22, 1.61483222556e-22, 2.8729516472e-22, 4.38960173963e-22, 4.79974276737e-22, 5.88798105618e-22, 8.95968576669e-22, 1.03738354383e-21, 1.53592000797e-21, 2.12005563009e-21],
        "var": [2.0281390789e-07, 1.78445170604e-05, 1.74331107701e-05, 9.99670919555e-06, 2.373064126e-05, 2.78084244201e-05, 7.99970257503e-06, 1.56149581017e-05, 8.44606074679e-06, 3.36800735568e-06, 1.72302418378e-06, 1.76719572664e-06, 2.37685162574e-06, 2.10968619285e-06, 1.63669460562e-06, 1.10478924853e-06, 5.75457477225e-07, 7.3125443123e-07, 6.48964316952e-07, 1.4238717938e-07, 3.57609337698e-07, 3.29877906324e-07, 1.5752502236e-07, 1.2382825787e-07, 8.11430425074e-08, 2.11474162626e-08, 3.73677355725e-09]
    },
    "erbbands": {
        "dmean": [0.0689518600702, 0.603693068027, 2.39406204224, 3.82675027847, 3.91972875595, 6.35202312469, 14.8553361893, 14.6193971634, 11.2409229279, 14.0192432404, 23.9697723389, 16.9869041443, 16.8758506775, 10.5068750381, 10.7315759659, 12.6676540375, 13.2924346924, 19.3491249084, 12.1951112747, 15.027844429, 13.6197395325, 11.7543439865, 13.9686174393, 12.5120239258, 11.6328239441, 6.5159573555, 5.88617420197, 7.46340942383, 5.7465763092, 4.68850708008, 3.43174815178, 2.19916915894, 1.53634357452, 1.03023445606, 0.539931356907, 0.245502069592, 0.0967560485005, 0.0328945741057, 0.00395135581493, 8.83002285264e-05],
        "dmean2": [0.11589589715, 1.05595016479, 4.22203302383, 6.51696252823, 6.55237293243, 10.2184114456, 23.7428627014, 23.0509262085, 17.7940940857, 21.7481918335, 37.4228363037, 25.92162323, 25.9552154541, 15.9788246155, 16.7876701355, 19.9500255585, 20.4878101349, 30.236536026, 18.9014949799, 23.7304439545, 21.4933300018, 18.948217392, 22.2113857269, 20.2675514221, 18.4585800171, 10.4986438751, 9.39957904816, 11.4543132782, 8.69112300873, 7.17833662033, 5.15623998642, 3.24818134308, 2.33862233162, 1.51093518734, 0.763430714607, 0.349000006914, 0.131143555045, 0.0442790575325, 0.00557333556935, 0.000124985934235],
        "dvar": [0.00961966812611, 1.26229834557, 21.3410263062, 39.6275787354, 51.0772171021, 157.972473145, 783.977050781, 947.980712891, 889.774108887, 1668.83605957, 4064.50341797, 2186.14306641, 1718.23144531, 672.603881836, 852.155273438, 1026.24279785, 1346.09741211, 2680.80395508, 944.93157959, 1720.22009277, 1243.13989258, 370.950134277, 671.395629883, 496.84664917, 427.687255859, 103.825714111, 109.244667053, 191.697738647, 139.372238159, 75.3809432983, 39.5809326172, 29.4943218231, 10.5425806046, 5.97223997116, 1.05125880241, 0.182673662901, 0.03217035532, 0.00461978605017, 6.92792891641e-05, 3.61139775862e-08],
        "dvar2": [0.0245759356767, 3.5063700676, 60.5309944153, 111.4504776, 134.583374023, 403.555541992, 1949.34912109, 2291.12158203, 2096.94384766, 3962.83056641, 9663.72070312, 5028.06640625, 3982.14355469, 1388.13793945, 2021.69421387, 2488.55200195, 3117.76098633, 6562.95507812, 2117.20922852, 4523.68212891, 2806.81591797, 897.739196777, 1565.69995117, 1234.31958008, 1000.07904053, 248.592178345, 245.885757446, 393.375305176, 276.539276123, 161.444732666, 80.2328720093, 54.9375267029, 21.7972774506, 11.9147615433, 2.1204097271, 0.378330051899, 0.0647336244583, 0.00937800947577, 0.000146399717778, 7.70555104168e-08],
        "max": [0.960903227329, 11.9641752243, 64.6675796509, 94.7350997925, 143.349014282, 234.850906372, 433.061462402, 572.97277832, 671.636901855, 1039.70593262, 1707.90185547, 1327.37390137, 802.028747559, 786.651184082, 685.362365723, 670.770019531, 854.653869629, 1025.32617188, 1006.97833252, 1517.02368164, 1238.71276855, 426.761932373, 674.895568848, 550.848876953, 835.085876465, 216.122695923, 387.224029541, 479.885406494, 371.75402832, 196.446350098, 155.550369263, 142.542739868, 75.8604812622, 66.7429199219, 23.8061027527, 6.80724382401, 3.06983375549, 1.38133943081, 0.205760493875, 0.00419805431738],
        "mean": [0.100952386856, 0.780727446079, 3.33613610268, 6.08748292923, 6.70002794266, 13.1139621735, 26.8419780731, 26.0868968964, 18.5632400513, 23.3399486542, 42.2154502869, 29.6392650604, 31.7678623199, 21.3518810272, 20.4884643555, 24.1149177551, 25.7558326721, 37.4768867493, 23.7192955017, 30.8274002075, 29.4884643555, 27.8962497711, 31.5445671082, 30.4308681488, 26.9327049255, 15.3572835922, 13.6124725342, 18.5003528595, 13.6122875214, 10.9201831818, 7.86723566055, 4.93945169449, 3.48442816734, 2.21242451668, 1.13651394844, 0.479011833668, 0.169446825981, 0.0521681271493, 0.00564315868542, 0.000152391585289],
        "median": [0.0645505413413, 0.483290493488, 2.20974779129, 3.54547309875, 3.61371612549, 5.67467880249, 11.9907007217, 10.7058238983, 6.62671089172, 7.10586738586, 10.6093053818, 8.2693271637, 7.3805065155, 6.80168485641, 6.45048904419, 5.97225189209, 5.95896434784, 7.71172523499, 8.26862049103, 11.6341571808, 15.0544033051, 18.4700012207, 18.0619602203, 16.2798805237, 16.199760437, 9.50742530823, 7.37898445129, 6.96343040466, 6.23680496216, 5.86891222, 4.5734462738, 2.62455797195, 1.96223735809, 1.11651194096, 0.561366319656, 0.21232187748, 0.0585731118917, 0.0122215244919, 0.00101513962727, 6.54119212413e-05],
        "min": [3.88942606039e-22, 3.23126575041e-21, 1.26126448006e-20, 4.12890692424e-20, 4.80976090202e-20, 1.602089485e-19, 2.54510911677e-19, 1.27162682363e-19, 7.96193909819e-19, 8.1315054369e-19, 8.39733543638e-19, 1.03496176498e-18, 2.08922351481e-18, 1.25189360294e-18, 1.86652602119e-18, 5.08155620496e-18, 3.93146496078e-18, 3.27486263902e-18, 4.80124413411e-18, 8.49675706593e-18, 7.89230475948e-18, 9.33132771008e-18, 1.05562787997e-17, 7.32720060758e-18, 1.16895857221e-17, 1.49783367236e-17, 1.5554219866e-17, 1.74941933218e-17, 1.8936617639e-17, 1.75270720967e-17, 1.80813161944e-17, 1.63154510227e-17, 1.33798771914e-17, 1.00568403807e-17, 8.35872460994e-18, 5.17106872777e-18, 3.11361722029e-18, 1.19443991233e-18, 2.8164708866e-19, 3.08499820573e-20],
        "var": [0.0127489827573, 1.10000491142, 18.0617618561, 58.4532394409, 104.7995224, 453.67578125, 1711.71337891, 2183.67944336, 1424.17004395, 3027.45043945, 9206.27929688, 4431.71484375, 4799.31542969, 2203.24755859, 2233.17333984, 2702.65576172, 4205.42382812, 7443.36767578, 2245.21484375, 4743.24755859, 3413.4831543, 1271.47583008, 1969.27514648, 1951.71435547, 1361.63928223, 304.093780518, 309.210693359, 790.614318848, 436.958282471, 235.826248169, 118.855484009, 80.4076309204, 27.1258544922, 15.3632621765, 2.79744148254, 0.415630429983, 0.0678459703922, 0.00869137607515, 0.000116098155559, 5.74674707821e-08]
    },
    "gfcc": {
        "mean": [37.0307769775, 60.8935699463, -99.1041946411, 37.8116226196, -57.5569610596, 9.14934158325, -40.0335464478, 11.2032499313, -23.7577438354, 2.28831934929, -17.6060695648, 3.63529205322, -13.3950948715],
        "cov": [[4343.97607422, -684.564941406, 12.8727741241, 81.7788238525, -36.5053863525, 22.8850975037, 18.8471126556, -17.2444782257, 52.2243118286, 149.651855469, -39.1877098083, 110.336074829, -98.967414856], [-684.564941406, 903.462402344, 16.2327194214, 53.3650283813, -17.530424118, 37.5219154358, -3.45828914642, 5.38861894608, -10.4499330521, -77.7234039307, 69.0652542114, -57.2562408447, 33.3904838562], [12.8727741241, 16.2327194214, 896.559692383, 236.836547852, 37.3251304626, 9.97109889984, -66.8517074585, -50.6412124634, -9.0924282074, -11.2604637146, 4.83993339539, 35.4622993469, 25.2363681793], [81.7788238525, 53.3650283813, 236.836547852, 458.621643066, 85.0615310669, 20.5488986969, -102.398254395, -23.3554458618, 7.19999504089, -4.42886066437, -12.2734336853, 3.59336686134, 79.2145996094], [-36.5053863525, -17.530424118, 37.3251304626, 85.0615310669, 262.235992432, 25.236995697, 12.0612325668, 36.3397636414, 1.27409815788, -0.30809956789, -7.29363822937, 2.15922951698, 17.8396949768], [22.8850975037, 37.5219154358, 9.97109889984, 20.5488986969, 25.236995697, 157.784439087, 96.2953491211, 26.6657104492, -16.8699913025, 6.35176897049, 19.2526664734, -16.8716163635, -23.933971405], [18.8471126556, -3.45828914642, -66.8517074585, -102.398254395, 12.0612325668, 96.2953491211, 230.820892334, 66.4335861206, -31.6919193268, 11.297492981, 21.146780014, -8.82820224762, -54.3569068909], [-17.2444782257, 5.38861894608, -50.6412124634, -23.3554458618, 36.3397636414, 26.6657104492, 66.4335861206, 133.287414551, 24.9008159637, -10.7843017578, 7.3603682518, -12.1074314117, -17.4125423431], [52.2243118286, -10.4499330521, -9.0924282074, 7.19999504089, 1.27409815788, -16.8699913025, -31.6919193268, 24.9008159637, 112.368621826, 35.4165534973, -13.6178512573, -6.27165031433, 7.43542480469], [149.651855469, -77.7234039307, -11.2604637146, -4.42886066437, -0.30809956789, 6.35176897049, 11.297492981, -10.7843017578, 35.4165534973, 90, 15.7758932114, 14.707239151, 0.200355768204], [-39.1877098083, 69.0652542114, 4.83993339539, -12.2734336853, -7.29363822937, 19.2526664734, 21.146780014, 7.3603682518, -13.6178512573, 15.7758932114, 77.4139709473, 21.7870750427, -5.31222057343], [110.336074829, -57.2562408447, 35.4622993469, 3.59336686134, 2.15922951698, -16.8716163635, -8.82820224762, -12.1074314117, -6.27165031433, 14.707239151, 21.7870750427, 72.8051147461, 31.9863128662], [-98.967414856, 33.3904838562, 25.2363681793, 79.2145996094, 17.8396949768, -23.933971405, -54.3569068909, -17.4125423431, 7.43542480469, 0.200355768204, -5.31222057343, 31.9863128662, 94.8746566772]],
        "icov": [[0.000303467182675, 0.000117670635518, 5.0567487051e-05, -0.000199693531613, 8.81272353581e-05, -0.000107427535113, 6.48257118883e-05, -3.20298022416e-05, -4.51345476904e-05, -0.000333096220857, 0.000354228483047, -0.000754880835302, 0.000694594229572], [0.000117670635518, 0.00175030296668, -2.42797214014e-05, -9.67779706116e-05, 0.000129205873236, -0.000137137132697, -0.00034585094545, 0.00055290129967, -0.000826818402857, 0.00186580652371, -0.00266425707377, 0.00218791165389, -0.00138752092607], [5.0567487051e-05, -2.42797214014e-05, 0.00138473324478, -0.000800563604571, -3.03003744193e-05, -0.000144428981002, 8.80130319274e-05, 0.000447603320936, -0.000171486302861, 0.000321870931657, 9.41487669479e-05, -0.00117101462092, 0.000876049685758], [-0.000199693531613, -9.67779706116e-05, -0.000800563604571, 0.0036770796869, -0.000829245953355, -0.00133746478241, 0.00153965642676, -0.00029189826455, 0.000453638116596, -0.000246315728873, -8.03790608188e-05, 0.00172042986378, -0.0030039283447], [8.81272353581e-05, 0.000129205873236, -3.03003744193e-05, -0.000829245953355, 0.00440448895097, -0.000463863834739, -9.29132802412e-05, -0.0014521718258, 0.000423576071626, -0.000424164783908, 0.000742429459933, -0.000403342623031, -0.000372827489628], [-0.000107427535113, -0.000137137132697, -0.000144428981002, -0.00133746478241, -0.000463863834739, 0.0099075473845, -0.00447575887665, 0.000391613168176, 0.000223474824452, -0.00027017807588, -0.00210032938048, 0.0026577252429, 0.000154897381435], [6.48257118883e-05, -0.00034585094545, 8.80130319274e-05, 0.00153965642676, -9.29132802412e-05, -0.00447575887665, 0.00913512241095, -0.0041027343832, 0.00350838340819, -0.00299538928084, 0.00150153087452, -0.00181645329576, 0.00267747091129], [-3.20298022416e-05, 0.00055290129967, 0.000447603320936, -0.00029189826455, -0.0014521718258, 0.000391613168176, -0.0041027343832, 0.0116339959204, -0.00536672025919, 0.00488050933927, -0.00315930205397, 0.00143464119174, -0.000197164787096], [-4.51345476904e-05, -0.000826818402857, -0.000171486302861, 0.000453638116596, 0.000423576071626, 0.000223474824452, 0.00350838340819, -0.00536672025919, 0.0141542004421, -0.00817267782986, 0.00427256384864, 0.000724106212147, -0.000184316872037], [-0.000333096220857, 0.00186580652371, 0.000321870931657, -0.000246315728873, -0.000424164783908, -0.00027017807588, -0.00299538928084, 0.00488050933927, -0.00817267782986, 0.0186367500573, -0.00703227473423, 0.000603569846135, -0.00168900738936], [0.000354228483047, -0.00266425707377, 9.41487669479e-05, -8.03790608188e-05, 0.000742429459933, -0.00210032938048, 0.00150153087452, -0.00315930205397, 0.00427256384864, -0.00703227473423, 0.0214546099305, -0.0105259120464, 0.00539026595652], [-0.000754880835302, 0.00218791165389, -0.00117101462092, 0.00172042986378, -0.000403342623031, 0.0026577252429, -0.00181645329576, 0.00143464119174, 0.000724106212147, 0.000603569846135, -0.0105259120464, 0.0261757224798, -0.012185882777], [0.000694594229572, -0.00138752092607, 0.000876049685758, -0.0030039283447, -0.000372827489628, 0.000154897381435, 0.00267747091129, -0.000197164787096, -0.000184316872037, -0.00168900738936, 0.00539026595652, -0.012185882777, 0.0200633965433]]
    },
    "melbands": {
        "dmean": [0.000628726615105, 0.00108045747038, 0.000649177993182, 0.000315978482831, 0.000466788362246, 0.000329143978888, 0.000170773491845, 0.000164115655934, 0.000188615653315, 0.000109416992927, 8.47188275657e-05, 4.47212951258e-05, 3.93637274101e-05, 4.00449025619e-05, 2.53743692156e-05, 3.77229043806e-05, 3.72464346583e-05, 2.05538435694e-05, 2.25169696932e-05, 1.80612514669e-05, 1.82982512342e-05, 1.39654439408e-05, 1.45327567225e-05, 1.32476361614e-05, 1.10442106234e-05, 1.02812382465e-05, 7.00997861713e-06, 4.35974334323e-06, 3.71206147065e-06, 4.57248961538e-06, 4.72276269647e-06, 3.71268242816e-06, 2.91966057375e-06, 2.77212643596e-06, 2.27981126955e-06, 1.69908298631e-06, 1.36065500556e-06, 1.17200647765e-06, 1.04544972146e-06, 8.84120481714e-07],
        "dmean2": [0.00106577551924, 0.00190175080206, 0.0011011933675, 0.000516445084941, 0.000746674370021, 0.000518462387845, 0.00027025770396, 0.0002563916496, 0.0002950571361, 0.000167440390214, 0.000130443120725, 6.80163648212e-05, 6.14652308286e-05, 6.40935031697e-05, 3.93285881728e-05, 5.88342772971e-05, 5.82328939345e-05, 3.20703693433e-05, 3.54922631232e-05, 2.84376910713e-05, 2.90442712867e-05, 2.27594300668e-05, 2.34369163081e-05, 2.15645522985e-05, 1.80384504347e-05, 1.65194560395e-05, 1.12825946417e-05, 7.11683014742e-06, 6.03135458732e-06, 7.28604345568e-06, 7.28390796212e-06, 5.72988938075e-06, 4.45515934189e-06, 4.3231843847e-06, 3.50613413502e-06, 2.56264388554e-06, 2.0686300104e-06, 1.81623477147e-06, 1.59854675985e-06, 1.30731120862e-06],
        "dvar": [9.47840135268e-07, 4.39805307906e-06, 1.09241557311e-06, 2.96577809422e-07, 7.06758839897e-07, 4.38104507339e-07, 1.85411039411e-07, 2.07444259104e-07, 2.57450494701e-07, 9.10208299842e-08, 4.38713350093e-08, 1.2284003148e-08, 1.39799816168e-08, 1.138493122e-08, 4.40110525801e-09, 1.17478204942e-08, 1.00632737698e-08, 3.04772518334e-09, 4.82409312497e-09, 2.47866349667e-09, 2.2275619127e-09, 6.31816376995e-10, 7.97112820194e-10, 6.05340166882e-10, 4.33753449824e-10, 3.81981224429e-10, 1.30201793791e-10, 4.85667651928e-11, 4.18860085505e-11, 6.99075450306e-11, 8.36714794672e-11, 5.89006690643e-11, 3.83559850547e-11, 2.42411368756e-11, 1.57520212152e-11, 1.88146095925e-11, 1.06930974492e-11, 6.0277837409e-12, 5.87842014649e-12, 4.69140091358e-12],
        "dvar2": [2.51382448369e-06, 1.24008238345e-05, 3.04006516672e-06, 7.71883208017e-07, 1.76250352979e-06, 1.06252412024e-06, 4.35579124769e-07, 4.94402343065e-07, 6.13479869571e-07, 2.10154354363e-07, 1.00938159164e-07, 2.55827039553e-08, 3.39607986177e-08, 2.98056974657e-08, 9.41424183054e-09, 2.7247947898e-08, 2.42562752106e-08, 6.91440460443e-09, 1.28667085875e-08, 6.00401328654e-09, 5.16880316326e-09, 1.57271651258e-09, 1.9181629618e-09, 1.42398415282e-09, 1.06782460652e-09, 9.00176100327e-10, 3.15689918651e-10, 1.19689924638e-10, 9.78247205463e-11, 1.62211841181e-10, 1.76505143834e-10, 1.25066443313e-10, 8.07621330923e-11, 5.49793578719e-11, 3.40562578138e-11, 3.81606482525e-11, 2.08256484974e-11, 1.34132583512e-11, 1.24155399503e-11, 9.79643276222e-12],
        "max": [0.0101869720966, 0.0268457084894, 0.0166595038027, 0.00934611074626, 0.0132480561733, 0.0129032451659, 0.00870387163013, 0.0110236350447, 0.0123062003404, 0.0082986401394, 0.00410029990599, 0.0029918232467, 0.00289825047366, 0.00210341252387, 0.00196721008979, 0.00274542020634, 0.00187094474677, 0.00167141237762, 0.00225170515478, 0.00167668191716, 0.00163510779385, 0.000606313638855, 0.00068744685268, 0.000893867458217, 0.000560737447813, 0.000854536949191, 0.000244335329626, 0.000144483259646, 0.000208440134884, 0.00028441179893, 0.000335612247, 0.00023920777312, 0.000164614189998, 0.000105243729195, 7.48421516619e-05, 0.000167825113749, 8.57793493196e-05, 6.07627407589e-05, 6.02300024184e-05, 6.03590306127e-05],
        "mean": [0.000914140953682, 0.00153530936223, 0.0010766973719, 0.000642065366264, 0.000897712656297, 0.000593102304265, 0.000282451801468, 0.000273507612292, 0.000332871160936, 0.000182535251952, 0.000155776826432, 8.53083620314e-05, 6.98164221831e-05, 7.20916723367e-05, 4.44247743872e-05, 6.97301657056e-05, 6.74302427797e-05, 3.47782697645e-05, 4.26830665674e-05, 3.47853638232e-05, 3.56792079401e-05, 2.89295330731e-05, 2.94767614832e-05, 2.74359190371e-05, 2.42591686401e-05, 2.15851723624e-05, 1.48971112139e-05, 8.99219230632e-06, 7.69143389334e-06, 9.92174682324e-06, 1.10131941256e-05, 8.04442970548e-06, 6.31293823972e-06, 5.98761243964e-06, 4.8611072998e-06, 3.41041709362e-06, 2.85397300104e-06, 2.48224841926e-06, 2.13891257772e-06, 1.77480046659e-06],
        "median": [0.000616753124632, 0.0010542627424, 0.000659729179461, 0.000320003658999, 0.000416107359342, 0.000253566744504, 9.73881687969e-05, 7.82519273343e-05, 7.93183862697e-05, 4.74421358376e-05, 3.36311350111e-05, 2.52835325227e-05, 2.06324621104e-05, 1.66558875208e-05, 1.21255106933e-05, 1.27563007482e-05, 1.27207731566e-05, 1.08104131868e-05, 1.31558817884e-05, 1.48290946527e-05, 1.72077634488e-05, 1.7353646399e-05, 1.62588621606e-05, 1.44350651681e-05, 1.18583611766e-05, 1.21682769532e-05, 8.78157425177e-06, 5.21496986039e-06, 4.35006040789e-06, 3.8370603761e-06, 4.0101704144e-06, 3.54630174115e-06, 2.91085348181e-06, 3.28641044689e-06, 2.7406326808e-06, 1.78010907348e-06, 1.44233126775e-06, 1.38826897e-06, 1.12737711788e-06, 8.40515326672e-07],
        "min": [4.37098637353e-24, 5.59483938139e-24, 6.85591991866e-24, 6.72351671546e-24, 1.14529650342e-23, 2.5286614856e-24, 1.22271665372e-23, 7.53405157405e-24, 9.3568330247e-24, 7.3195366281e-24, 1.00396307924e-23, 5.28565284377e-24, 3.9728900843e-24, 9.67601955759e-24, 1.31933507522e-23, 6.70138285618e-24, 5.8241166759e-24, 6.35961517988e-24, 8.18815768172e-24, 1.04258357923e-23, 8.3432879676e-24, 9.80393571996e-24, 8.09504290705e-24, 1.0625283495e-23, 4.1837518154e-24, 6.81696202285e-24, 8.39631283106e-24, 8.17870239491e-24, 9.15757543751e-24, 1.05320819456e-23, 9.49389050724e-24, 1.15178109783e-23, 6.73568726151e-24, 8.69078277407e-24, 1.01309485419e-23, 7.94729083723e-24, 9.42820994827e-24, 8.39915351918e-24, 9.16081528925e-24, 8.43265013094e-24],
        "var": [1.07043138087e-06, 3.65528035218e-06, 1.67907535342e-06, 8.3910686044e-07, 1.67213420355e-06, 1.01801037999e-06, 3.15112828275e-07, 3.77842525268e-07, 5.85082943871e-07, 1.7985132672e-07, 1.21017279753e-07, 3.84635399087e-08, 3.3571961211e-08, 2.81908079103e-08, 9.96278082255e-09, 3.74667195047e-08, 2.62953356867e-08, 6.30055030371e-09, 1.26236061604e-08, 6.04248517888e-09, 5.90930149258e-09, 1.78225123548e-09, 1.99131044987e-09, 1.68085556584e-09, 1.54014800913e-09, 1.11818343473e-09, 3.572815932e-10, 1.21573598411e-10, 9.75529865221e-11, 2.3722826481e-10, 3.03690433912e-10, 1.65290156562e-10, 1.07919014003e-10, 6.79489589595e-11, 4.32959709751e-11, 4.22358641117e-11, 2.76650768266e-11, 1.3587265861e-11, 1.31822625732e-11, 1.13464871179e-11]
    },
    "mfcc": {
        "mean": [-611.65423584, 95.0141983032, 12.6404895782, 28.7269935608, 6.29555034637, 0.884526848793, -3.11939787865, 4.88337898254, -1.86856615543, -0.460184752941, 0.115511156619, -2.13013005257, -1.66415143013],
        "cov": [[3610.83276367, -602.452331543, -182.918731689, 23.1196212769, -114.988372803, 87.3007278442, -101.403869629, -17.3963336945, 4.32798957825, 9.06549549103, 131.891403198, 50.5924987793, -5.88047075272], [-602.452331543, 704.217895508, 41.4229621887, -63.5131340027, -5.58947038651, -35.6641616821, 61.706363678, 46.4600067139, -44.7568740845, 14.044968605, 2.61020183563, 0.528537333012, -11.5686149597], [-182.918731689, 41.4229621887, 756.994262695, 188.517105103, 115.328979492, 70.3558654785, -20.3099536896, -25.8898258209, -17.1239280701, -54.3809738159, -61.8375282288, 27.5106468201, 47.9246559143], [23.1196212769, -63.5131340027, 188.517105103, 330.567138672, 191.859741211, 40.0766105652, -23.0886974335, -25.8001251221, 35.4178123474, -30.7927894592, -71.5689086914, -8.94412231445, 35.0749893188], [-114.988372803, -5.58947038651, 115.328979492, 191.859741211, 299.736999512, 20.0133666992, -38.6348953247, -10.7226419449, 22.1117038727, 7.90434646606, -70.6829376221, -25.4015655518, 22.835899353], [87.3007278442, -35.6641616821, 70.3558654785, 40.0766105652, 20.0133666992, 150.523406982, 49.7325820923, -12.844584465, 11.6484394073, -7.83355855942, 10.5443868637, 13.0616483688, -2.23811984062], [-101.403869629, 61.706363678, -20.3099536896, -23.0886974335, -38.6348953247, 49.7325820923, 224.526473999, 86.9026031494, -6.79133033752, 14.6073970795, 36.3581733704, 19.794506073, -19.7029438019], [-17.3963336945, 46.4600067139, -25.8898258209, -25.8001251221, -10.7226419449, -12.844584465, 86.9026031494, 121.776512146, 14.3432893753, 31.3697814941, 26.8797569275, -0.321183234453, -11.9798698425], [4.32798957825, -44.7568740845, -17.1239280701, 35.4178123474, 22.1117038727, 11.6484394073, -6.79133033752, 14.3432893753, 102.99546814, 25.1841335297, -2.06068778038, -0.674148321152, 4.87193346024], [9.06549549103, 14.044968605, -54.3809738159, -30.7927894592, 7.90434646606, -7.83355855942, 14.6073970795, 31.3697814941, 25.1841335297, 107.43547821, 45.1709938049, -3.90160608292, -17.2190628052], [131.891403198, 2.61020183563, -61.8375282288, -71.5689086914, -70.6829376221, 10.5443868637, 36.3581733704, 26.8797569275, -2.06068778038, 45.1709938049, 114.250244141, 28.2637882233, -18.509016037], [50.5924987793, 0.528537333012, 27.5106468201, -8.94412231445, -25.4015655518, 13.0616483688, 19.794506073, -0.321183234453, -0.674148321152, -3.90160608292, 28.2637882233, 71.2573547363, 24.4793300629], [-5.88047075272, -11.5686149597, 47.9246559143, 35.0749893188, 22.835899353, -2.23811984062, -19.7029438019, -11.9798698425, 4.87193346024, -17.2190628052, -18.509016037, 24.4793300629, 74.2238006592]],
