{
"lowlevel": {
    "average_loudness": 0.965840399265,
    "barkbands_crest": {
        "dmean": 2.45042681694,
        "dmean2": 4.12234020233,
        "dvar": 5.41608095169,
        "dvar2": 15.1577739716,
        "max": 22.4054107666,
        "mean": 8.12455177307,
        "median": 7.43304777145,
        "min": 2.24793553352,
        "var": 11.4227600098
    },
    "barkbands_flatness_db": {
        "dmean": 0.0174002666026,
        "dmean2": 0.0272936373949,
        "dvar": 0.000276650476735,
        "dvar2": 0.000646289321594,
        "max": 0.279133588076,
        "mean": 0.0837461575866,
        "median": 0.0777761787176,
        "min": 0.0143321659416,
        "var": 0.00127678376157
    },
    "barkbands_kurtosis": {
        "dmean": 1.79384934902,
        "dmean2": 2.82467699051,
        "dvar": 12.9277458191,
        "dvar2": 27.5652980804,
        "max": 88.9324951172,
        "mean": 2.02206039429,
        "median": 0.266664028168,
        "min": -1.88059055805,
        "var": 37.0837440491
    },
    "barkbands_skewness": {
        "dmean": 0.467141091824,
        "dmean2": 0.721721768379,
        "dvar": 0.218098923564,
        "dvar2": 0.50092291832,
        "max": 8.36834716797,
        "mean": 1.24305176735,
        "median": 1.08749568462,
        "min": -1.96312916279,
        "var": 1.20500981808
    },
    "barkbands_spread": {
        "dmean": 7.03325510025,
        "dmean2": 10.7577905655,
        "dvar": 49.5531692505,
        "dvar2": 111.322853088,
        "max": 99.7858657837,
        "mean": 35.5418128967,
        "median": 35.2724723816,
        "min": 2.0057785511,
        "var": 186.46546936
    },
    "dissonance": {
        "dmean": 0.0102419741452,
        "dmean2": 0.0174845773727,
        "dvar": 0.000119840689877,
        "dvar2": 0.000327331013978,
        "max": 0.500000059605,
        "mean": 0.483081161976,
        "median": 0.485991418362,
        "min": 0.144015356898,
        "var": 0.000169168808497
    },
    "dynamic_complexity": 2.21451807022,
    "erbbands_crest": {
        "dmean": 2.01716566086,
        "dmean2": 3.27380371094,
        "dvar": 3.70680475235,
        "dvar2": 9.02358150482,
        "max": 25.4675960541,
        "mean": 7.31952905655,
        "median": 6.41243457794,
        "min": 2.02118492126,
        "var": 13.4711685181
    },
    "erbbands_flatness_db": {
        "dmean": 0.0142366662621,
        "dmean2": 0.0201001502573,
        "dvar": 0.00019471005362,
        "dvar2": 0.000360256643035,
        "max": 0.296259522438,
        "mean": 0.110568545759,
        "median": 0.100705787539,
        "min": 0.0329057127237,
        "var": 0.00189814495388
    },
    "erbbands_kurtosis": {
        "dmean": 0.771030664444,
        "dmean2": 1.21035218239,
        "dvar": 1.24843549728,
        "dvar2": 2.98578763008,
        "max": 21.4803886414,
        "mean": 0.426580101252,
        "median": -0.180233240128,
        "min": -1.70833325386,
        "var": 3.95623087883
    },
    "erbbands_skewness": {
        "dmean": 0.302478045225,
        "dmean2": 0.463197916746,
        "dvar": 0.0754852443933,
        "dvar2": 0.163690939546,
        "max": 2.66247820854,
        "mean": -0.131583809853,
        "median": -0.0604113526642,
        "min": -4.06537437439,
        "var": 0.556669414043
    },
    "erbbands_spread": {
        "dmean": 8.12020206451,
        "dmean2": 12.1555328369,
        "dvar": 63.3892059326,
        "dvar2": 130.557479858,
        "max": 158.03616333,
        "mean": 46.2744674683,
        "median": 43.8093109131,
        "min": 6.94041109085,
        "var": 520.222961426
    },
    "hfc": {
        "dmean": 7.25903272629,
        "dmean2": 9.87786769867,
        "dvar": 63.7228622437,
        "dvar2": 126.166824341,
        "max": 129.737930298,
        "mean": 30.4657459259,
        "median": 27.054523468,
        "min": 1.12835204433e-16,
        "var": 377.543701172
    },
    "melbands_crest": {
        "dmean": 3.25145435333,
        "dmean2": 5.39631271362,
        "dvar": 8.00322151184,
        "dvar2": 21.7348766327,
        "max": 31.3908538818,
        "mean": 13.2286252975,
        "median": 12.7500829697,
        "min": 2.08929920197,
        "var": 23.7362728119
    },
    "melbands_flatness_db": {
        "dmean": 0.0234037414193,
        "dmean2": 0.0371891856194,
        "dvar": 0.000502663489897,
        "dvar2": 0.00120379100554,
        "max": 0.392625927925,
        "mean": 0.157014220953,
        "median": 0.150199830532,
        "min": 0.00607313495129,
        "var": 0.00247602909803
    },
    "melbands_kurtosis": {
        "dmean": 6.52152967453,
        "dmean2": 10.2989778519,
        "dvar": 153.127670288,
        "dvar2": 347.001464844,
        "max": 269.389526367,
        "mean": 13.4411344528,
        "median": 6.59233856201,
        "min": -1.84559857845,
        "var": 527.376586914
    },
    "melbands_skewness": {
        "dmean": 0.711129963398,
        "dmean2": 1.10380339622,
        "dvar": 0.542902052402,
        "dvar2": 1.28331744671,
        "max": 14.293756485,
        "mean": 2.73082208633,
        "median": 2.43976283073,
        "min": -0.870551884174,
        "var": 3.1884021759
    },
    "melbands_spread": {
        "dmean": 8.39450073242,
        "dmean2": 13.2155666351,
        "dvar": 73.7932815552,
        "dvar2": 172.104095459,
        "max": 161.459060669,
        "mean": 32.3802337646,
        "median": 29.54895401,
        "min": 1.15181040764,
        "var": 324.800415039
    },
    "pitch_salience": {
        "dmean": 0.0714826658368,
        "dmean2": 0.119846582413,
        "dvar": 0.00408649723977,
        "dvar2": 0.0115090152249,
        "max": 0.963323533535,
        "mean": 0.6070317626,
        "median": 0.615498542786,
        "min": 0.221939042211,
        "var": 0.00994803197682
    },
    "silence_rate_20dB": {
        "dmean": 0,
        "dmean2": 0,
        "dvar": 0,
        "dvar2": 0,
        "max": 1,
        "mean": 1,
        "median": 1,
        "min": 1,
        "var": 0
    },
    "silence_rate_30dB": {
        "dmean": 0,
        "dmean2": 0,
        "dvar": 0,
        "dvar2": 0,
        "max": 1,
        "mean": 1,
        "median": 1,
        "min": 1,
        "var": 0
    },
    "silence_rate_60dB": {
        "dmean": 0.00301204808056,
        "dmean2": 0.00602485239506,
        "dvar": 0.00300336629152,
        "dvar2": 0.00774579169229,
        "max": 1,
        "mean": 0.0209562052041,
        "median": 0,
        "min": 0,
        "var": 0.0205203145742
    },
    "spectral_centroid": {
        "dmean": 254.296340942,
        "dmean2": 405.836364746,
        "dvar": 78056.5859375,
        "dvar2": 162525.875,
        "max": 11468.7900391,
        "mean": 1679.1036377,
        "median": 1710.95617676,
        "min": 251.038619995,
        "var": 265622.09375
    },
    "spectral_complexity": {
        "dmean": 4.00903606415,
        "dmean2": 6.00953912735,
        "dvar": 13.2357091904,
        "dvar2": 26.7809486389,
        "max": 56,
        "mean": 25.5426025391,
        "median": 27,
        "min": 0,
        "var": 110.658187866
    },
    "spectral_decrease": {
        "dmean": 1.78988091015e-09,
        "dmean2": 2.87531665144e-09,
        "dvar": 3.89199479708e-18,
        "dvar2": 9.64124416146e-18,
        "max": 8.94895686648e-29,
        "mean": -6.01403549183e-09,
        "median": -5.69415581353e-09,
        "min": -2.34300383539e-08,
        "var": 8.18402158302e-18
    },
    "spectral_energy": {
        "dmean": 0.00710944505408,
        "dmean2": 0.0113109229133,
        "dvar": 5.97712678427e-05,
        "dvar2": 0.000145675454405,
        "max": 0.0922768637538,
        "mean": 0.0254617463797,
        "median": 0.0240802001208,
        "min": 1.04213835813e-20,
        "var": 0.000144043762702
    },
    "spectral_energyband_high": {
        "dmean": 0.000461421324871,
        "dmean2": 0.000588803377468,
        "dvar": 3.30290191641e-07,
        "dvar2": 6.02690874985e-07,
        "max": 0.0108010414988,
        "mean": 0.00144748413004,
        "median": 0.00105658883695,
        "min": 7.74387829441e-21,
        "var": 1.53717951434e-06
    },
    "spectral_energyband_low": {
        "dmean": 0.00425368314609,
        "dmean2": 0.00685441121459,
        "dvar": 3.33695170411e-05,
        "dvar2": 8.26834875625e-05,
        "max": 0.0816225409508,
        "mean": 0.0092500243336,
        "median": 0.00770998792723,
        "min": 2.86921869429e-23,
        "var": 5.21940855833e-05
    },
    "spectral_energyband_middle_high": {
        "dmean": 0.00204861047678,
        "dmean2": 0.00300764478743,
        "dvar": 7.46826617615e-06,
        "dvar2": 1.58394468599e-05,
        "max": 0.0412174016237,
        "mean": 0.007249657996,
        "median": 0.00459476187825,
        "min": 1.38021355702e-21,
        "var": 4.6778946853e-05
    },
    "spectral_energyband_middle_low": {
        "dmean": 0.0039632790722,
        "dmean2": 0.00646113371477,
        "dvar": 2.8709306207e-05,
        "dvar2": 7.54104257794e-05,
        "max": 0.0660755932331,
        "mean": 0.00872666016221,
        "median": 0.00720348861068,
        "min": 2.79915692807e-22,
        "var": 4.14603819081e-05
    },
    "spectral_entropy": {
        "dmean": 0.114986971021,
        "dmean2": 0.170454695821,
        "dvar": 0.0129822678864,
        "dvar2": 0.0264147780836,
        "max": 9.80015182495,
        "mean": 7.96350431442,
        "median": 7.98031759262,
        "min": 6.76475048065,
        "var": 0.0764557570219
    },
    "spectral_flux": {
        "dmean": 0.0184183809906,
        "dmean2": 0.0278780516237,
        "dvar": 0.000370461697457,
        "dvar2": 0.000752290827222,
        "max": 0.224660739303,
        "mean": 0.0875967592001,
        "median": 0.0855647027493,
        "min": 1.02085180587e-10,
        "var": 0.00117223057896
    },
    "spectral_kurtosis": {
        "dmean": 0.851855814457,
        "dmean2": 1.28187394142,
        "dvar": 0.907281756401,
        "dvar2": 2.06758499146,
        "max": 17.8603725433,
        "mean": 4.11058330536,
        "median": 3.68250226974,
        "min": -1.23718500137,
        "var": 5.38715791702
    },
    "spectral_rms": {
        "dmean": 0.000675509974826,
        "dmean2": 0.00106286373921,
        "dvar": 4.29793573176e-07,
        "dvar2": 1.01737691693e-06,
        "max": 0.00948821380734,
        "mean": 0.00482164975256,
        "median": 0.00484694540501,
        "min": 3.18860541269e-12,
        "var": 1.5924207446e-06
    },
    "spectral_rolloff": {
        "dmean": 686.12701416,
        "dmean2": 1132.47961426,
        "dvar": 1109776.625,
        "dvar2": 2559154,
        "max": 18626.2207031,
        "mean": 2106.21777344,
        "median": 2153.3203125,
        "min": 86.1328125,
        "var": 2063406.375
    },
    "spectral_skewness": {
        "dmean": 0.138679757714,
        "dmean2": 0.202067792416,
        "dvar": 0.0178745295852,
        "dvar2": 0.0339533351362,
        "max": 3.1421957016,
        "mean": 1.62442541122,
        "median": 1.61841738224,
        "min": -0.0466639399529,
        "var": 0.137969434261
    },
    "spectral_spread": {
        "dmean": 609352.6875,
        "dmean2": 840150.9375,
        "dvar": 614870745088,
        "dvar2": 924263972864,
        "max": 41031800,
        "mean": 5940064.5,
        "median": 5893669.5,
        "min": 2054073.875,
        "var": 3.28949956608e+12
    },
    "spectral_strongpeak": {
        "dmean": 0.48575386405,
        "dmean2": 0.860521435738,
        "dvar": 0.987954556942,
        "dvar2": 2.63989400864,
        "max": 15.3708877563,
        "mean": 0.612381279469,
        "median": 0.313088864088,
        "min": 0,
        "var": 1.03624761105
    },
    "zerocrossingrate": {
        "dmean": 0.01432757359,
        "dmean2": 0.016389567405,
        "dvar": 0.000214987958316,
        "dvar2": 0.00027831614716,
        "max": 0.685546875,
        "mean": 0.0937687531114,
        "median": 0.0908203125,
        "min": 0.0078125,
        "var": 0.00121416768525
    },
    "barkbands": {
        "dmean": [0.000105804443592, 0.00252264668234, 0.00216198409908, 0.0014885275159, 0.0020495892968, 0.000693441019394, 0.00059474533191, 0.000475074164569, 0.000589643372223, 0.000421378965257, 0.000383315433282, 0.000312813586788, 0.000355538504664, 0.00028915310395, 0.000363292463589, 0.000606928253546, 0.000548433454242, 0.000397286668885, 0.000206830940442, 8.12391808722e-05, 7.2063296102e-05, 7.77252644184e-05, 7.58714595577e-05, 8.7809676188e-05, 9.72604757408e-05, 0.000125733495224, 2.79024370684e-05],
        "dmean2": [0.000158527240274, 0.00424474012107, 0.00355538120493, 0.00257518910803, 0.00351079157554, 0.00116311525926, 0.000960822158959, 0.000776337634306, 0.000956358504482, 0.000680452212691, 0.000609079317655, 0.000498794892337, 0.00057814118918, 0.000458204740426, 0.000573206343688, 0.000946227868553, 0.000865468697157, 0.000617213954683, 0.000326456240145, 0.000130924672703, 0.000111457899038, 0.000118100797408, 0.000107510313683, 0.00012330802565, 0.00013609729649, 0.000173199121491, 3.99188538722e-05],
        "dvar": [3.10732239939e-08, 1.71114770637e-05, 8.52006633068e-06, 4.06394019592e-06, 1.58666261996e-05, 1.26776171783e-06, 1.20249899282e-06, 5.64531546843e-07, 1.58123793881e-06, 1.0337363392e-06, 7.81220023782e-07, 3.86309579881e-07, 5.76094635107e-07, 3.24576888033e-07, 6.23180710591e-07, 1.58907801051e-06, 1.08948142952e-06, 4.51362581089e-07, 1.52373871742e-07, 1.26942678591e-08, 8.92416096576e-09, 1.51021914974e-08, 1.4145984828e-08, 1.5147509913e-08, 1.68700946546e-08, 4.19462509171e-08, 2.37970709804e-09],
        "dvar2": [5.85219339655e-08, 4.32746965089e-05, 2.29213492275e-05, 1.10600121843e-05, 4.45306322945e-05, 3.10555446958e-06, 2.93760967907e-06, 1.42404803682e-06, 3.7860431803e-06, 2.54204564953e-06, 1.91948174688e-06, 9.53398284764e-07, 1.51239692059e-06, 7.86425289334e-07, 1.43584725265e-06, 3.70584189113e-06, 2.69258339358e-06, 1.02011961189e-06, 3.38352379003e-07, 3.2345479184e-08, 2.0048434024e-08, 3.21411874893e-08, 2.70603734975e-08, 3.00786595631e-08, 3.67064849627e-08, 8.66831939561e-08, 5.25860555101e-09],
        "max": [0.00217726943083, 0.0452251210809, 0.0349853336811, 0.0235520899296, 0.0447566770017, 0.0292315725237, 0.0334748215973, 0.0146771837026, 0.0284700766206, 0.0303285624832, 0.0259816162288, 0.0119675192982, 0.0191824231297, 0.0115204770118, 0.0205196980387, 0.0278811696917, 0.0219709575176, 0.0158918052912, 0.0170595608652, 0.00247761956416, 0.00228468002751, 0.00391164887697, 0.00277150725015, 0.00206679850817, 0.00164850417059, 0.00254891626537, 0.000658696633764],
        "mean": [0.00018306983111, 0.00404247362167, 0.00397246005014, 0.00197823811322, 0.0026838707272, 0.00104488257784, 0.000965598796029, 0.000781990762334, 0.000961410347372, 0.000710087653715, 0.000618094170932, 0.000556920713279, 0.000607912195846, 0.00050203333376, 0.00068702356657, 0.00123156071641, 0.00110905221663, 0.00084075826453, 0.000450182735221, 0.000189728831174, 0.000187400291907, 0.000195628483198, 0.00019896721642, 0.000242194815655, 0.000245890085353, 0.000228977878578, 4.53091415693e-05],
        "median": [3.03496362903e-05, 0.00268757902086, 0.00295461155474, 0.00128393748309, 0.00138696946669, 0.000600641476922, 0.000556985964067, 0.000471086765174, 0.0004171206092, 0.000307176815113, 0.000214332278119, 0.000259051419562, 0.000252482132055, 0.000230529694818, 0.000282192311715, 0.000419152260292, 0.000420541560743, 0.000409465981647, 0.000267088616965, 0.000147361817653, 0.000132780274726, 0.00011659397569, 0.000106555911771, 0.000152023261762, 0.000183343843673, 0.000141610813444, 2.44471975748e-05],
        "min": [5.74070134049e-24, 3.45377109372e-24, 1.09380802545e-23, 1.57237491123e-24, 1.87629651228e-23, 7.11375894775e-23, 2.08358707007e-23, 4.00854304734e-24, 4.68447188755e-23, 5.78523829727e-23, 6.82469191309e-23, 7.82191938237e-23, 7.77762010938e-23, 9.4038732738e-23, 1.42865625565e-22, 8.51784237554e-23, 1.38710651001e-22, 1.39688220057e-22, 1.74891156885e-22, 3.21222469288e-22, 3.88445787752e-22, 4.49120500473e-22, 5.65675014764e-22, 8.5278201407e-22, 1.17297734859e-21, 1.62007260962e-21, 2.26053779763e-21],
        "var": [1.07410308203e-07, 2.08260225918e-05, 1.4131588614e-05, 4.82922587253e-06, 1.50088762894e-05, 1.87629166248e-06, 1.97051144823e-06, 9.99260919343e-07, 2.79679738924e-06, 2.01224156626e-06, 1.42598037201e-06, 8.74508259585e-07, 1.34700815124e-06, 6.47058982395e-07, 1.57871136253e-06, 4.74992657473e-06, 3.02187550005e-06, 1.48594142502e-06, 4.00489199137e-07, 3.1909568321e-08, 3.09907441931e-08, 5.04762738274e-08, 5.63375479601e-08, 6.53104734738e-08, 4.83966005049e-08, 7.61652998449e-08, 3.88663812245e-09]
    },
    "erbbands": {
        "dmean": [0.0712935328484, 0.597258687019, 2.06859254837, 3.78763508797, 7.40199327469, 5.77465629578, 5.53377580643, 5.98648118973, 7.00072336197, 11.402258873, 10.7430667877, 13.0042953491, 15.4162521362, 10.1817417145, 13.9656229019, 13.1831483841, 15.5889444351, 13.9595355988, 14.4056625366, 23.5230770111, 33.2351760864, 26.6846008301, 20.7561416626, 16.3295478821, 5.8843755722, 3.85559606552, 3.20774292946, 2.98242306709, 2.60354733467, 2.64273190498, 2.30101799965, 1.82844138145, 1.5572925806, 1.05687510967, 0.77539741993, 0.435384482145, 0.302119761705, 0.0523737594485, 0.00494042411447, 0.000150200896314],
        "dmean2": [0.121525064111, 0.992594838142, 3.40777873993, 6.47400474548, 13.1398458481, 9.6957616806, 9.27002811432, 10.0365943909, 11.5708618164, 18.3266410828, 17.518327713, 21.2053165436, 25.0620803833, 16.0232009888, 22.2050495148, 20.8930549622, 24.9953136444, 22.0845832825, 22.8938293457, 36.219619751, 51.7203140259, 41.6371192932, 32.1228218079, 24.9758796692, 9.2277545929, 6.2229590416, 5.25139713287, 4.52066469193, 3.92882323265, 3.96301960945, 3.25828123093, 2.54836511612, 2.27515292168, 1.51822376251, 1.09784734249, 0.622667551041, 0.424898177385, 0.0739383175969, 0.00706379394978, 0.000219690584345],
        "dvar": [0.0164900440723, 0.919597327709, 8.0241689682, 29.0127105713, 258.914855957, 86.3407897949, 71.9480667114, 108.850524902, 212.899139404, 347.164764404, 334.623626709, 784.428100586, 1233.0949707, 446.919250488, 1113.12255859, 728.741699219, 1165.68615723, 708.937133789, 912.408996582, 2773.19140625, 4729.25, 2276.53710938, 1283.11755371, 1095.99475098, 63.0180740356, 29.6623210907, 19.7239456177, 17.670293808, 14.6421728134, 18.6730079651, 13.7305784225, 7.22479820251, 4.66182661057, 1.91811180115, 1.14408349991, 0.389004290104, 0.326018929482, 0.00857062730938, 6.91573150107e-05, 7.2961157116e-08],
        "dvar2": [0.0433009155095, 2.35557341576, 21.3071861267, 79.9488830566, 732.133605957, 232.357116699, 191.474822998, 264.726867676, 524.148925781, 855.713684082, 829.908691406, 1905.80407715, 3107.56176758, 1039.28015137, 2762.92358398, 1768.42321777, 3034.80981445, 1734.90478516, 2206.88720703, 6252.70361328, 11208.1142578, 5442.92333984, 3006.03515625, 2443.06542969, 146.70300293, 77.323135376, 49.2680168152, 38.2190551758, 31.0123462677, 39.2986183167, 27.4551792145, 13.8589792252, 9.95464801788, 4.21387481689, 2.49883770943, 0.848914384842, 0.678378164768, 0.0185499824584, 0.000152083594003, 1.66286142189e-07],
        "max": [1.25295698643, 10.1979484558, 34.2210998535, 78.1601333618, 156.629806519, 112.021759033, 113.752426147, 259.022125244, 455.685821533, 461.096038818, 415.411773682, 754.241455078, 828.14276123, 729.671813965, 1333.10693359, 566.552001953, 859.002502441, 563.126403809, 920.235900879, 1288.79992676, 1718.80737305, 1055.81005859, 752.406616211, 1495.0267334, 181.860580444, 126.174423218, 116.547447205, 123.403030396, 100.545021057, 107.613700867, 88.2638473511, 53.4600524902, 32.1684303284, 25.8954849243, 12.4762248993, 7.46526384354, 7.73982524872, 1.11548519135, 0.101413816214, 0.00474508339539],
        "mean": [0.0988839119673, 0.991630554199, 4.05111932755, 6.19366931915, 7.90996742249, 8.09269237518, 9.07136726379, 8.83231449127, 10.2961835861, 19.692193985, 18.392168045, 21.7544174194, 26.0111656189, 19.0108451843, 24.6809520721, 24.9323368073, 28.4400310516, 26.2012252808, 28.8052997589, 49.202495575, 73.2123947144, 59.7577209473, 45.7563858032, 36.0637588501, 14.4931926727, 9.17964267731, 7.67196369171, 7.69704914093, 6.59402561188, 6.52522325516, 5.78575563431, 4.82052326202, 4.125228405, 2.76174545288, 1.77048051357, 0.902392506599, 0.485539734364, 0.0847361087799, 0.00827176589519, 0.000260511646047],
        "median": [0.0397815816104, 0.703799724579, 2.90737295151, 4.79725074768, 4.12095832825, 4.34983110428, 4.54336500168, 4.97088861465, 5.89944839478, 11.1842947006, 10.6398906708, 9.85820960999, 11.5270814896, 9.12782859802, 9.53481483459, 11.9557514191, 12.5827608109, 12.323264122, 13.3045797348, 18.6822738647, 25.0033187866, 24.5039653778, 22.8342590332, 17.9390563965, 10.9346370697, 7.21147680283, 5.71015787125, 5.10874557495, 4.0901927948, 3.46322727203, 3.08276438713, 2.82464003563, 2.65765571594, 2.00935554504, 1.31238341331, 0.637444198132, 0.252423197031, 0.0454606600106, 0.00469695497304, 0.000157641959959],
        "min": [3.15690724185e-22, 5.14316812442e-22, 8.27252102284e-21, 1.27124678907e-20, 1.18449153712e-20, 6.64235531532e-20, 2.18321010245e-19, 4.75152861474e-19, 3.88265086149e-19, 2.42711102691e-19, 2.41429282934e-19, 8.81220011778e-19, 1.88773534569e-18, 1.62504056752e-18, 3.37770455701e-18, 3.34194864106e-18, 3.55594316066e-18, 5.65089841673e-18, 5.8183925646e-18, 6.64852414399e-18, 5.92321950927e-18, 7.43768464046e-18, 8.06796318e-18, 9.02502107489e-18, 1.23872811359e-17, 1.37124219957e-17, 1.6114552013e-17, 1.17485587367e-17, 1.42003998272e-17, 2.07887610573e-17, 1.49081074352e-17, 1.46654192609e-17, 1.36973383572e-17, 1.28513608924e-17, 8.14670746559e-18, 6.36469655554e-18, 3.11465450477e-18, 1.07054645455e-18, 2.95473438448e-19, 3.47319697526e-20],
        "var": [0.020864315331, 1.13317358494, 14.4113130569, 32.3922080994, 191.381484985, 113.508422852, 137.384933472, 153.210281372, 262.89440918, 762.999206543, 597.452453613, 1428.74243164, 2244.51220703, 1012.81610107, 2062.01416016, 1730.64880371, 2817.58081055, 1539.45837402, 2032.13818359, 8261.63769531, 15383.7363281, 7522.26416016, 4009.58178711, 3186.74902344, 199.34703064, 73.6993331909, 47.354019165, 62.9347000122, 51.1822776794, 64.8821182251, 49.5316734314, 30.2307453156, 17.8944187164, 6.44608831406, 2.69941067696, 0.838322281837, 0.510577261448, 0.0135845001787, 0.000117194686027, 1.0781619153e-07]
    },
    "gfcc": {
        "mean": [47.548614502, 51.3600082397, -96.76927948, 26.0843467712, -41.9378662109, 14.2673130035, -41.6489028931, 18.2466068268, -23.6671829224, 1.48413789272, -22.4699554443, 2.45944976807, -17.9479312897],
        "cov": [[4117.12646484, -482.270843506, 261.550354004, 72.9452896118, 16.9950027466, 46.3202667236, -225.461868286, -20.2202453613, -88.4262466431, -56.3858604431, -29.9574718475, 86.3399505615, -50.4931526184], [-482.270843506, 586.914978027, -198.286849976, 52.7510147095, 50.0336532593, 7.44526100159, 24.9493274689, 76.7737884521, 41.0497970581, -25.4494400024, 38.5850563049, -45.5026550293, 11.9974355698], [261.550354004, -198.286849976, 991.654602051, 227.996063232, 109.607673645, -37.272315979, -22.1293907166, -58.0560798645, -45.8575973511, 51.1047515869, -3.81696796417, 38.2261161804, -22.8905067444], [72.9452896118, 52.7510147095, 227.996063232, 369.670379639, 42.3443489075, 26.3883914948, -65.7008361816, -15.65782547, 12.8246717453, -9.84277915955, 16.006155014, -3.33574271202, 22.9372882843], [16.9950027466, 50.0336532593, 109.607673645, 42.3443489075, 293.740722656, -17.3985061646, -37.8732643127, 66.9036331177, 44.145324707, 4.66899442673, -15.0729570389, 16.2221488953, 4.37940406799], [46.3202667236, 7.44526100159, -37.272315979, 26.3883914948, -17.3985061646, 165.989425659, 83.2280578613, 13.147151947, -12.5131626129, 5.45713472366, 13.2940988541, -22.4816837311, -2.19445323944], [-225.461868286, 24.9493274689, -22.1293907166, -65.7008361816, -37.8732643127, 83.2280578613, 188.074356079, 41.8235588074, -30.2706928253, 15.8189544678, 25.1799678802, -18.1084365845, -19.4734725952], [-20.2202453613, 76.7737884521, -58.0560798645, -15.65782547, 66.9036331177, 13.147151947, 41.8235588074, 116.995895386, 45.7421836853, 1.99179148674, 5.80654239655, -0.573347210884, -3.34436702728], [-88.4262466431, 41.0497970581, -45.8575973511, 12.8246717453, 44.145324707, -12.5131626129, -30.2706928253, 45.7421836853, 92.4394989014, 23.1986465454, -9.85696411133, -4.7522649765, 11.6698045731], [-56.3858604431, -25.4494400024, 51.1047515869, -9.84277915955, 4.66899442673, 5.45713472366, 15.8189544678, 1.99179148674, 23.1986465454, 67.8603057861, 17.5764255524, -3.87032818794, -2.43034529686], [-29.9574718475, 38.5850563049, -3.81696796417, 16.006155014, -15.0729570389, 13.2940988541, 25.1799678802, 5.80654239655, -9.85696411133, 17.5764255524, 58.8029823303, 15.0362176895, -3.87286233902], [86.3399505615, -45.5026550293, 38.2261161804, -3.33574271202, 16.2221488953, -22.4816837311, -18.1084365845, -0.573347210884, -4.7522649765, -3.87032818794, 15.0362176895, 59.7731971741, 17.1518592834], [-50.4931526184, 11.9974355698, -22.8905067444, 22.9372882843, 4.37940406799, -2.19445323944, -19.4734725952, -3.34436702728, 11.6698045731, -2.43034529686, -3.87286233902, 17.1518592834, 54.2289428711]],
        "icov": [[0.000352135743015, 0.000232901365962, -5.2274994232e-05, 2.74667727354e-05, 0.000118051735626, -0.000510842888616, 0.000904414453544, -0.000687922234647, 0.000635812059045, 2.92703189189e-05, 6.13689844613e-05, -0.000352506584022, 0.000475173757877], [0.000232901365962, 0.00286089652218, 0.000267601571977, -0.000265217095148, -0.000539121392649, 0.000465810036985, 0.000210839352803, -0.00124845502432, -0.000486884557176, 0.00225825817324, -0.00358802406117, 0.0033992130775, -0.00125522341114], [-5.2274994232e-05, 0.000267601571977, 0.00184380600695, -0.00156003597658, -0.000725474848878, 0.00083643727703, -0.000925941392779, 0.000650322181173, 0.00130158220418, -0.00231061177328, 0.00171447370667, -0.00162396533415, 0.00138273078483], [2.74667727354e-05, -0.000265217095148, -0.00156003597658, 0.00473396806046, -1.16898736451e-05, -0.00185417535249, 0.0023833559826, 5.4380747315e-05, -0.00146197376307, 0.00293557113037, -0.00381510681473, 0.0028005798813, -0.00250354036689], [0.000118051735626, -0.000539121392649, -0.000725474848878, -1.16898736451e-05, 0.00499103451148, -0.000727521663066, 0.00196074508131, -0.00363796530291, 0.000238585693296, -0.000934960902669, 0.00220082420856, -0.0019720767159, 0.000662816280965], [-0.000510842888616, 0.000465810036985, 0.00083643727703, -0.00185417535249, -0.000727521663066, 0.00987678114325, -0.00593053456396, 0.00151594681665, -0.000766907178331, 0.000144582052599, -0.001214542659, 0.0034163070377, -0.00201484770514], [0.000904414453544, 0.000210839352803, -0.000925941392779, 0.0023833559826, 0.00196074508131, -0.00593053456396, 0.0138256466016, -0.00813138671219, 0.00715105235577, -0.00256866612472, -0.00199595303275, 0.00148876407184, 0.00119406334125], [-0.000687922234647, -0.00124845502432, 0.000650322181173, 5.4380747315e-05, -0.00363796530291, 0.00151594681665, -0.00813138671219, 0.0189120490104, -0.011418517679, 0.00427938066423, -0.00181797984987, -0.0017121003475, 0.00154936115723], [0.000635812059045, -0.000486884557176, 0.00130158220418, -0.00146197376307, 0.000238585693296, -0.000766907178331, 0.00715105235577, -0.011418517679, 0.0242909360677, -0.0124344024807, 0.00734364846721, -0.000843988091219, -0.00131221534684], [2.92703189189e-05, 0.00225825817324, -0.00231061177328, 0.00293557113037, -0.000934960902669, 0.000144582052599, -0.00256866612472, 0.00427938066423, -0.0124344024807, 0.0266106780618, -0.0143106393516, 0.00807730294764, -0.00297482055612], [6.13689844613e-05, -0.00358802406117, 0.00171447370667, -0.00381510681473, 0.00220082420856, -0.001214542659, -0.00199595303275, -0.00181797984987, 0.00734364846721, -0.0143106393516, 0.0326325967908, -0.0164977274835, 0.00745943002403], [-0.000352506584022, 0.0033992130775, -0.00162396533415, 0.0028005798813, -0.0019720767159, 0.0034163070377, 0.00148876407184, -0.0017121003475, -0.000843988091219, 0.00807730294764, -0.0164977274835, 0.0315675474703, -0.0128427520394], [0.000475173757877, -0.00125522341114, 0.00138273078483, -0.00250354036689, 0.000662816280965, -0.00201484770514, 0.00119406334125, 0.00154936115723, -0.00131221534684, -0.00297482055612, 0.00745943002403, -0.0128427520394, 0.0259361155331]]
    },
    "melbands": {
        "dmean": [0.00066094455542, 0.000916112156119, 0.000725116406102, 0.000485809840029, 0.000206184398849, 0.000134275032906, 0.000108824700874, 0.000116138013254, 9.26798238652e-05, 8.30875505926e-05, 7.78419198468e-05, 4.20616706833e-05, 5.43471760466e-05, 3.33492607751e-05, 3.96366012865e-05, 3.30060101987e-05, 2.72571523965e-05, 2.39454420807e-05, 2.90518692054e-05, 3.88393928006e-05, 4.42865493824e-05, 3.39085709129e-05, 1.9701785277e-05, 2.02475930564e-05, 1.42189446706e-05, 6.44502824798e-06, 2.85328155769e-06, 2.83531676359e-06, 2.32670822697e-06, 1.81732320925e-06, 1.94403810383e-06, 1.55646557687e-06, 1.72179989022e-06, 1.49289087403e-06, 1.43573618061e-06, 1.22148583159e-06, 1.26487009311e-06, 1.15311377158e-06, 1.05978244846e-06, 9.78715888778e-07],
        "dmean2": [0.00112464814447, 0.00148967688438, 0.00125229812693, 0.000845530943479, 0.000343228952261, 0.000224957067985, 0.000178421279998, 0.000186797609786, 0.000150819963892, 0.00013556938211, 0.000126588420244, 6.65428451612e-05, 8.62735469127e-05, 5.31372534169e-05, 6.300444511e-05, 5.36932893738e-05, 4.32876768173e-05, 3.85085004382e-05, 4.54570617876e-05, 6.00276325713e-05, 6.99088996043e-05, 5.3309238865e-05, 3.08794587909e-05, 3.15250690619e-05, 2.20036145038e-05, 1.02853600765e-05, 4.58014665128e-06, 4.66911387775e-06, 3.85057046515e-06, 2.93367293125e-06, 2.97851784126e-06, 2.41092402575e-06, 2.69303041023e-06, 2.28453905038e-06, 2.11790302274e-06, 1.77913602784e-06, 1.83255724551e-06, 1.70855707893e-06, 1.62045523666e-06, 1.44252339851e-06],
        "dvar": [1.3104821619e-06, 1.5369743096e-06, 9.83685254141e-07, 1.08117899345e-06, 8.88021887135e-08, 5.23863903368e-08, 4.77070436489e-08, 3.38441523695e-08, 2.75402847194e-08, 3.13215764436e-08, 3.20499822237e-08, 8.59830517896e-09, 1.68419482804e-08, 4.56965487672e-09, 8.45976622088e-09, 4.23804369376e-09, 2.95642044179e-09, 2.8413349451e-09, 4.62010962821e-09, 7.50989670451e-09, 8.58033288864e-09, 4.08100664373e-09, 1.2966525631e-09, 1.3663937759e-09, 9.43490285898e-10, 9.45268169295e-11, 1.40103432328e-11, 1.7226879645e-11, 1.08294206935e-11, 5.85667365299e-12, 7.97049318907e-12, 5.31756279634e-12, 7.83889706618e-12, 5.57158095701e-12, 5.29056746329e-12, 3.98358819889e-12, 3.52325568893e-12, 2.53126924803e-12, 2.03396219138e-12, 1.70425576863e-12],
        "dvar2": [3.3333369629e-06, 4.00922863264e-06, 2.71626754511e-06, 3.02668718177e-06, 2.36289338318e-07, 1.27075125533e-07, 1.16994833377e-07, 8.43878353862e-08, 6.82523193518e-08, 7.56984732675e-08, 8.05551536587e-08, 1.97351361919e-08, 4.1440980425e-08, 1.1046186188e-08, 2.11225970048e-08, 1.11726423668e-08, 7.29461691051e-09, 7.00131463915e-09, 1.02126787027e-08, 1.69408274076e-08, 2.06314929585e-08, 9.97805038594e-09, 3.10449999041e-09, 3.19547122096e-09, 2.10833639436e-09, 2.18730464296e-10, 3.33858218848e-11, 4.59577202683e-11, 2.78531191167e-11, 1.41557121927e-11, 1.77502422483e-11, 1.20279914501e-11, 1.78144547724e-11, 1.2208425243e-11, 1.13811503624e-11, 8.15372942775e-12, 7.34257880192e-12, 5.5558556887e-12, 4.69667707503e-12, 3.90550872892e-12],
        "max": [0.0125193651766, 0.0155885694548, 0.0114779341966, 0.0120480423793, 0.00358759332448, 0.00571749173105, 0.00676714815199, 0.0043987557292, 0.00367338396609, 0.0042476831004, 0.00426100613549, 0.00357577297837, 0.00395834399387, 0.00154182012193, 0.00227963132784, 0.00143802817911, 0.00122619734611, 0.00185790751129, 0.00208855373785, 0.00198442209512, 0.00204207305796, 0.00150737795047, 0.000884959474206, 0.000991891720332, 0.00143572699744, 0.000244571972871, 0.000123987992993, 7.8652294178e-05, 8.18286425783e-05, 5.0205122534e-05, 7.56228109822e-05, 7.14481866453e-05, 6.3059203967e-05, 5.45020557183e-05, 4.98309746035e-05, 4.7425419325e-05, 3.77117321477e-05, 2.3843422241e-05, 2.57715346379e-05, 2.81290176645e-05],
        "mean": [0.00100218970329, 0.00189721095376, 0.00115386315156, 0.000570963020436, 0.000345304986695, 0.000200267575565, 0.00016745342873, 0.000203468560358, 0.000151370782987, 0.000135817434057, 0.000128568572109, 7.44758654037e-05, 8.8804976258e-05, 6.06264693488e-05, 6.86873681843e-05, 5.7689161622e-05, 4.69814513053e-05, 4.28700950579e-05, 5.57398561796e-05, 7.50701510697e-05, 9.04568878468e-05, 6.8239045504e-05, 4.07245315728e-05, 4.07521110901e-05, 2.88853425445e-05, 1.35509244501e-05, 6.45809768685e-06, 5.94277480559e-06, 4.97718292536e-06, 4.1627417886e-06, 4.61781428385e-06, 3.63151502825e-06, 3.82105554309e-06, 3.45625858245e-06, 3.32399349645e-06, 2.95733207167e-06, 3.03149295178e-06, 2.85888359031e-06, 2.6071186312e-06, 2.30456544159e-06],
        "median": [0.000585542817134, 0.00148153095506, 0.000887382426299, 0.000309018418193, 0.000177702255314, 0.000112781322969, 9.96110102278e-05, 0.00012055139814, 8.09341872809e-05, 5.90269883105e-05, 5.52816018171e-05, 3.48393987224e-05, 3.14162934956e-05, 2.75667807728e-05, 2.97041569866e-05, 2.51688452408e-05, 2.1069228751e-05, 1.87429250218e-05, 2.22102644329e-05, 2.63090605586e-05, 2.93752182188e-05, 2.57234805758e-05, 1.93096057046e-05, 1.93590349227e-05, 1.34398951559e-05, 8.88402337296e-06, 5.0165031098e-06, 4.41862539446e-06, 3.67832376469e-06, 2.91457922685e-06, 2.92442041427e-06, 2.2844101295e-06, 2.10097869058e-06, 1.82963390216e-06, 1.73244905e-06, 1.62458604791e-06, 1.74763465566e-06, 1.78821562713e-06, 1.78566256182e-06, 1.67251698713e-06],
        "min": [3.60353988645e-24, 3.18024974648e-24, 1.88496775024e-24, 2.1666001653e-24, 6.79491651599e-24, 1.28388264062e-23, 6.25821736571e-24, 2.25717046912e-24, 2.32598615854e-24, 6.09720769951e-24, 9.66698078934e-24, 6.15184775568e-24, 1.03518785047e-23, 9.92853077791e-24, 6.11146833252e-24, 1.00102015474e-23, 1.0035662822e-23, 7.93333352123e-24, 1.12705299058e-23, 5.35520118775e-24, 7.46710883764e-24, 8.29035145655e-24, 7.74720889039e-24, 5.11928799531e-24, 7.70331666963e-24, 5.39422574231e-24, 1.29425205944e-23, 8.02381981136e-24, 1.08420111958e-23, 7.57941028724e-24, 7.1751253842e-24, 7.26878131746e-24, 9.35870104733e-24, 9.23775210448e-24, 7.82710551173e-24, 1.03057246197e-23, 8.31350610184e-24, 9.84878167356e-24, 8.49077024699e-24, 1.11550406693e-23],
        "var": [1.56109399541e-06, 2.58354407379e-06, 1.05664298644e-06, 8.63348532221e-07, 1.84958338423e-07, 7.51826121359e-08, 6.29230285654e-08, 7.38227967645e-08, 4.76094221824e-08, 5.64869147013e-08, 5.8294759242e-08, 1.84979516149e-08, 3.0109358562e-08, 1.05298836317e-08, 1.8756814768e-08, 9.43538136511e-09, 5.77113334899e-09, 5.33520472246e-09, 1.17860263771e-08, 2.1207906542e-08, 2.56815919641e-08, 1.1522857335e-08, 3.49712969694e-09, 4.13755074646e-09, 2.42500353131e-09, 2.59114063539e-10, 3.93519140884e-11, 3.65232531718e-11, 2.22343896766e-11, 1.64356150217e-11, 2.52462530048e-11, 1.57454691646e-11, 2.26499270728e-11, 1.81284692119e-11, 1.66381700084e-11, 1.349088289e-11, 1.26173073725e-11, 9.15696685144e-12, 6.66466057689e-12, 4.74782452936e-12]
    },
    "mfcc": {
        "mean": [-605.892578125, 97.1036834717, 3.57166314125, 19.0941486359, 19.0285491943, -0.0250062774867, 0.282336980104, 8.64503765106, 4.61588907242, -0.403794556856, 2.17227625847, 1.29000473022, -1.87443184853],
        "cov": [[3281.36962891, -331.078186035, -5.19822025299, -67.2949447632, 119.398910522, -4.66947937012, -72.5272750854, 30.9979400635, -76.0880737305, -84.3750762939, -63.8394737244, -4.58580970764, -33.4160194397], [-331.078186035, 473.231201172, -152.584671021, -7.87020254135, 45.8238601685, -71.4384307861, 30.4302520752, 36.048324585, 37.6516189575, 14.2000131607, 45.5567741394, 22.0675849915, 6.85056066513], [-5.19822025299, -152.584671021, 721.155029297, 235.543563843, 57.4485321045, 107.858459473, 49.5468330383, -45.7365264893, -50.0138587952, -8.88282299042, -33.7647895813, 7.04989719391, 21.9994792938], [-67.2949447632, -7.87020254135, 235.543563843, 304.833557129, 178.089126587, 10.9275045395, -25.3213729858, -6.75714349747, -5.0530333519, -7.14590072632, -25.5293197632, -2.75255298615, 33.1062469482], [119.398910522, 45.8238601685, 57.4485321045, 178.089126587, 323.645477295, 6.64062452316, -66.4447402954, 11.4982461929, 40.053604126, -7.77583217621, -12.2882709503, 8.82853412628, 17.0739765167], [-4.66947937012, -71.4384307861, 107.858459473, 10.9275045395, 6.64062452316, 121.260215759, 55.3082199097, -11.3510894775, -3.42015385628, 13.6786518097, -6.99361991882, 3.27776861191, -2.95325088501], [-72.5272750854, 30.4302520752, 49.5468330383, -25.3213729858, -66.4447402954, 55.3082199097, 173.23614502, 45.4787559509, -4.50290203094, 17.02684021, 28.2579345703, 16.4625549316, -2.5959880352], [30.9979400635, 36.048324585, -45.7365264893, -6.75714349747, 11.4982461929, -11.3510894775, 45.4787559509, 95.445854187, 30.3304901123, -3.48809432983, 17.0644645691, 13.5381288528, -3.7701523304], [-76.0880737305, 37.6516189575, -50.0138587952, -5.0530333519, 40.053604126, -3.42015385628, -4.50290203094, 30.3304901123, 86.1205978394, 36.8764533997, 6.38683366776, 8.24647426605, 6.75998878479], [-84.3750762939, 14.2000131607, -8.88282299042, -7.14590072632, -7.77583217621, 13.6786518097, 17.02684021, -3.48809432983, 36.8764533997, 81.1362304688, 24.3298397064, 3.36652779579, 4.14481973648], [-63.8394737244, 45.5567741394, -33.7647895813, -25.5293197632, -12.2882709503, -6.99361991882, 28.2579345703, 17.0644645691, 6.38683366776, 24.3298397064, 67.6535797119, 26.567199707, -3.96560502052], [-4.58580970764, 22.0675849915, 7.04989719391, -2.75255298615, 8.82853412628, 3.27776861191, 16.4625549316, 13.5381288528, 8.24647426605, 3.36652779579, 26.567199707, 55.6559944153, 20.034078598], [-33.4160194397, 6.85056066513, 21.9994792938, 33.1062469482, 17.0739765167, -2.95325088501, -2.5959880352, -3.7701523304, 6.75998878479, 4.14481973648, -3.96560502052, 20.034078598, 55.8600692749]],
