{
"lowlevel": {
    "average_loudness": 0.927062094212,
    "barkbands_crest": {
        "dmean": 2.68109560013,
        "dmean2": 4.48328351974,
        "dvar": 5.32486867905,
        "dvar2": 14.2773666382,
        "max": 24.2522830963,
        "mean": 9.67142105103,
        "median": 9.05813026428,
        "min": 2.54387784004,
        "var": 13.4276437759
    },
    "barkbands_flatness_db": {
        "dmean": 0.0208604186773,
        "dmean2": 0.0336087085307,
        "dvar": 0.000407141342293,
        "dvar2": 0.00108969153371,
        "max": 0.29274687171,
        "mean": 0.11504407227,
        "median": 0.108729079366,
        "min": 0.0195756461471,
        "var": 0.00157020031475
    },
    "barkbands_kurtosis": {
        "dmean": 3.00377011299,
        "dmean2": 4.88094902039,
        "dvar": 36.6372566223,
        "dvar2": 99.4481887817,
        "max": 107.990585327,
        "mean": 3.79224348068,
        "median": 0.470469474792,
        "min": -1.92621743679,
        "var": 77.4038314819
    },
    "barkbands_skewness": {
        "dmean": 0.571416258812,
        "dmean2": 0.881637334824,
        "dvar": 0.39492225647,
        "dvar2": 0.997447371483,
        "max": 9.33913040161,
        "mean": 1.40067100525,
        "median": 1.09479701519,
        "min": -1.92464983463,
        "var": 2.01570343971
    },
    "barkbands_spread": {
        "dmean": 7.01137065887,
        "dmean2": 11.0342645645,
        "dvar": 56.4444847107,
        "dvar2": 128.157470703,
        "max": 98.1173858643,
        "mean": 29.3089790344,
        "median": 28.0399608612,
        "min": 1.70692646503,
        "var": 212.395309448
    },
    "dissonance": {
        "dmean": 0.0153128504753,
        "dmean2": 0.0256713181734,
        "dvar": 0.000247171876254,
        "dvar2": 0.00066581525607,
        "max": 0.5,
        "mean": 0.471704810858,
        "median": 0.477921307087,
        "min": 0.190740704536,
        "var": 0.000517640903126
    },
    "dynamic_complexity": 2.58320069313,
    "erbbands_crest": {
        "dmean": 2.72195696831,
        "dmean2": 4.3010597229,
        "dvar": 6.98024511337,
        "dvar2": 16.3079395294,
        "max": 31.4558372498,
        "mean": 9.66253662109,
        "median": 8.31382465363,
        "min": 2.30724740028,
        "var": 24.8385982513
    },
    "erbbands_flatness_db": {
        "dmean": 0.0171151589602,
        "dmean2": 0.0247970074415,
        "dvar": 0.000287108705379,
        "dvar2": 0.000553063931875,
        "max": 0.281702488661,
        "mean": 0.136128515005,
        "median": 0.133106991649,
        "min": 0.0348957106471,
        "var": 0.00205346453004
    },
    "erbbands_kurtosis": {
        "dmean": 0.828179717064,
        "dmean2": 1.30883443356,
        "dvar": 1.54406630993,
        "dvar2": 3.49303126335,
        "max": 26.0932540894,
        "mean": 0.141104266047,
        "median": -0.292655229568,
        "min": -1.86819326878,
        "var": 3.23134946823
    },
    "erbbands_skewness": {
        "dmean": 0.376886755228,
        "dmean2": 0.55998903513,
        "dvar": 0.122207783163,
        "dvar2": 0.261278420687,
        "max": 4.43938922882,
        "mean": 0.0110355494544,
        "median": 0.0196569357067,
        "min": -3.65169262886,
        "var": 0.680229008198
    },
    "erbbands_spread": {
        "dmean": 9.20204734802,
        "dmean2": 13.6378974915,
        "dvar": 103.90599823,
        "dvar2": 220.871383667,
        "max": 158.367843628,
        "mean": 46.0054168701,
        "median": 41.0197525024,
        "min": 4.91521787643,
        "var": 661.87097168
    },
    "hfc": {
        "dmean": 6.39210033417,
        "dmean2": 9.15274047852,
        "dvar": 66.6428375244,
        "dvar2": 137.687271118,
        "max": 123.399261475,
        "mean": 23.516620636,
        "median": 18.8872241974,
        "min": 1.21010369393e-16,
        "var": 311.407928467
    },
    "melbands_crest": {
        "dmean": 3.50408101082,
        "dmean2": 5.9204583168,
        "dvar": 9.21249771118,
        "dvar2": 26.1510887146,
        "max": 28.7059879303,
        "mean": 13.5071992874,
        "median": 12.9131422043,
        "min": 1.68708002567,
        "var": 19.8938331604
    },
    "melbands_flatness_db": {
        "dmean": 0.0257289353758,
        "dmean2": 0.0417639426887,
        "dvar": 0.000641137128696,
        "dvar2": 0.00171305018011,
        "max": 0.399516135454,
        "mean": 0.186259299517,
        "median": 0.17650385201,
        "min": 0.00510486774147,
        "var": 0.00279791839421
    },
    "melbands_kurtosis": {
        "dmean": 10.3228931427,
        "dmean2": 16.958234787,
        "dvar": 515.715209961,
        "dvar2": 1455.72668457,
        "max": 407.860168457,
        "mean": 18.3371162415,
        "median": 6.63056373596,
        "min": -1.77576732635,
        "var": 1016.31469727
    },
    "melbands_skewness": {
        "dmean": 0.874377191067,
        "dmean2": 1.36527657509,
        "dvar": 1.06233108044,
        "dvar2": 2.73125910759,
        "max": 15.6729183197,
        "mean": 2.908015728,
        "median": 2.48649644852,
        "min": -0.71187722683,
        "var": 5.23807191849
    },
    "melbands_spread": {
        "dmean": 8.57400131226,
        "dmean2": 13.2053689957,
        "dvar": 93.8218231201,
        "dvar2": 210.300613403,
        "max": 152.122009277,
        "mean": 30.2581806183,
        "median": 27.3443565369,
        "min": 1.12423491478,
        "var": 389.937194824
    },
    "pitch_salience": {
        "dmean": 0.0755631998181,
        "dmean2": 0.127452939749,
        "dvar": 0.0052145938389,
        "dvar2": 0.0148151135072,
        "max": 0.956888914108,
        "mean": 0.535811066628,
        "median": 0.530994474888,
        "min": 0.157690614462,
        "var": 0.0120412139222
    },
    "silence_rate_20dB": {
        "dmean": 0,
        "dmean2": 0,
        "dvar": 0,
        "dvar2": 0,
        "max": 1,
        "mean": 1,
        "median": 1,
        "min": 1,
        "var": 0
    },
    "silence_rate_30dB": {
        "dmean": 0,
        "dmean2": 0,
        "dvar": 0,
        "dvar2": 0,
        "max": 1,
        "mean": 1,
        "median": 1,
        "min": 1,
        "var": 0
    },
    "silence_rate_60dB": {
        "dmean": 0.00228542415425,
        "dmean2": 0.00457142852247,
        "dvar": 0.00228042108938,
        "dvar2": 0.0055652349256,
        "max": 1,
        "mean": 0.0159959383309,
        "median": 0,
        "min": 0,
        "var": 0.0157435275614
    },
    "spectral_centroid": {
        "dmean": 294.758636475,
        "dmean2": 453.773040771,
        "dvar": 93551.65625,
        "dvar2": 207420.0625,
        "max": 10601.9033203,
        "mean": 1752.15698242,
        "median": 1838.06530762,
        "min": 240.126419067,
        "var": 451019.125
    },
    "spectral_complexity": {
        "dmean": 3.11097002029,
        "dmean2": 4.99987316132,
        "dvar": 10.4055528641,
        "dvar2": 24.0580787659,
        "max": 49,
        "mean": 17.4062461853,
        "median": 18,
        "min": 0,
        "var": 66.7992477417
    },
    "spectral_decrease": {
        "dmean": 2.00181138332e-09,
        "dmean2": 3.22142179598e-09,
        "dvar": 6.72530263486e-18,
        "dvar2": 1.6521051727e-17,
        "max": 6.21981242211e-29,
        "mean": -5.51050494124e-09,
        "median": -4.9454715878e-09,
        "min": -2.45073135119e-08,
        "var": 1.09983671324e-17
    },
    "spectral_energy": {
        "dmean": 0.00798247288913,
        "dmean2": 0.0127564286813,
        "dvar": 0.000104043596366,
        "dvar2": 0.000252731639193,
        "max": 0.0989846885204,
        "mean": 0.0229309182614,
        "median": 0.0205797832459,
        "min": 1.07412447922e-20,
        "var": 0.000186231773114
    },
    "spectral_energyband_high": {
        "dmean": 0.000373017624952,
        "dmean2": 0.000529529119376,
        "dvar": 2.66501984925e-07,
        "dvar2": 5.25581299371e-07,
        "max": 0.0100863920525,
        "mean": 0.000998240662739,
        "median": 0.000703479046933,
        "min": 7.9890783771e-21,
        "var": 9.3089551001e-07
    },
    "spectral_energyband_low": {
        "dmean": 0.00485171563923,
        "dmean2": 0.00811705458909,
        "dvar": 6.23238884145e-05,
        "dvar2": 0.000164138982655,
        "max": 0.0788179785013,
        "mean": 0.00800218991935,
        "median": 0.00603681942448,
        "min": 5.33064741876e-23,
        "var": 6.34114840068e-05
    },
    "spectral_energyband_middle_high": {
        "dmean": 0.00246818573214,
        "dmean2": 0.00363281066529,
        "dvar": 1.55025772983e-05,
        "dvar2": 3.47498753399e-05,
        "max": 0.0600254200399,
        "mean": 0.00778569793329,
        "median": 0.00323924073018,
        "min": 1.51873005989e-21,
        "var": 7.96503009042e-05
    },
    "spectral_energyband_middle_low": {
        "dmean": 0.00396001851186,
        "dmean2": 0.00663262605667,
        "dvar": 3.67170068785e-05,
        "dvar2": 9.76658411673e-05,
        "max": 0.0591728538275,
        "mean": 0.00748168351129,
        "median": 0.00546341110021,
        "min": 2.84169458e-22,
        "var": 4.37848939328e-05
    },
    "spectral_entropy": {
        "dmean": 0.14261700213,
        "dmean2": 0.213746964931,
        "dvar": 0.0219404418021,
        "dvar2": 0.0459453575313,
        "max": 9.78452014923,
        "mean": 7.66237783432,
        "median": 7.6742181778,
        "min": 6.17555236816,
        "var": 0.123391702771
    },
    "spectral_flux": {
        "dmean": 0.0253240186721,
        "dmean2": 0.0391700156033,
        "dvar": 0.000714556663297,
        "dvar2": 0.0013380717719,
        "max": 0.301791608334,
        "mean": 0.0881967842579,
        "median": 0.0785744339228,
        "min": 1.03639978544e-10,
        "var": 0.00184579496272
    },
    "spectral_kurtosis": {
        "dmean": 0.926785290241,
        "dmean2": 1.4851641655,
        "dvar": 0.902347385883,
        "dvar2": 2.35266685486,
        "max": 20.1669216156,
        "mean": 4.3611497879,
        "median": 4.33162403107,
        "min": -1.24678707123,
        "var": 4.0524520874
    },
    "spectral_rms": {
        "dmean": 0.000785699405242,
        "dmean2": 0.00123684748542,
        "dvar": 7.45648947031e-07,
        "dvar2": 1.74226784111e-06,
        "max": 0.0098270252347,
        "mean": 0.00451913755387,
        "median": 0.00448082992807,
        "min": 3.2371689964e-12,
        "var": 1.94890094463e-06
    },
    "spectral_rolloff": {
        "dmean": 625.244262695,
        "dmean2": 1059.33007812,
        "dvar": 927688.9375,
        "dvar2": 2082905.25,
        "max": 18755.4199219,
        "mean": 1842.48303223,
        "median": 1873.38867188,
        "min": 86.1328125,
        "var": 2064425.625
    },
    "spectral_skewness": {
        "dmean": 0.144003972411,
        "dmean2": 0.220930054784,
        "dvar": 0.0188822131604,
        "dvar2": 0.0402970649302,
        "max": 3.15237879753,
        "mean": 1.48613262177,
        "median": 1.50172269344,
        "min": -0.0616499632597,
        "var": 0.105042271316
    },
    "spectral_spread": {
        "dmean": 587656.3125,
        "dmean2": 815804.4375,
        "dvar": 629870428160,
        "dvar2": 980009549824,
        "max": 40830304,
        "mean": 5141069,
        "median": 4780552.5,
        "min": 2259507.25,
        "var": 2.92507038515e+12
    },
    "spectral_strongpeak": {
        "dmean": 0.754222035408,
        "dmean2": 1.27371537685,
        "dvar": 1.72641384602,
        "dvar2": 4.17139196396,
        "max": 15.1273794174,
        "mean": 1.36977207661,
        "median": 0.413991183043,
        "min": 0,
        "var": 3.6591758728
    },
    "zerocrossingrate": {
        "dmean": 0.0110009592026,
        "dmean2": 0.0134068084881,
        "dvar": 0.000161192147061,
        "dvar2": 0.000208653058507,
        "max": 0.72509765625,
        "mean": 0.0753622502089,
        "median": 0.07373046875,
        "min": 0.00732421875,
        "var": 0.000963231432252
    },
    "barkbands": {
        "dmean": [4.70914310426e-05, 0.00241037644446, 0.00276928278618, 0.00179582007695, 0.00139446742833, 0.000956005358603, 0.000381419929909, 0.000201664457563, 0.000492956140079, 0.000639453413896, 0.00101313123014, 0.00034218977089, 0.000200715832761, 0.000230684716371, 0.000440818490461, 0.000456811336335, 0.000215288251638, 0.000339816033375, 0.000330083392328, 0.000238152832026, 7.18112787581e-05, 4.47062338935e-05, 5.19707282365e-05, 5.08369666932e-05, 4.74620646855e-05, 5.43673850188e-05, 1.74789238372e-05],
        "dmean2": [7.55511136958e-05, 0.00397690152749, 0.00488036870956, 0.00320543115959, 0.00241513783112, 0.00150075124111, 0.000615703174844, 0.000329617323587, 0.000782521849032, 0.000969128275756, 0.00159682077356, 0.000521114270668, 0.000303436623653, 0.000358856632374, 0.000688361702487, 0.000704390346073, 0.000333591946401, 0.000523126276676, 0.000509343284648, 0.000362532067811, 0.00011380151409, 6.72125461278e-05, 7.58910682634e-05, 7.47780723032e-05, 6.74318507663e-05, 7.77631357778e-05, 2.65233502432e-05],
        "dvar": [3.1550084767e-09, 1.06469778984e-05, 3.56606578862e-05, 1.23114496091e-05, 6.11816631135e-06, 4.26046699431e-06, 1.30417049604e-06, 4.23661134619e-07, 1.87986483979e-06, 3.68916221305e-06, 7.32834632799e-06, 1.31653757762e-06, 3.75101677719e-07, 3.17566218655e-07, 1.49394975324e-06, 2.00008435058e-06, 3.20885135352e-07, 4.95400911404e-07, 4.41746351498e-07, 1.80105246272e-07, 1.60050710463e-08, 7.63159757611e-09, 9.35455268802e-09, 1.00497921096e-08, 6.30174978866e-09, 1.08032880419e-08, 1.62177793417e-09],
        "dvar2": [7.38234939845e-09, 2.72752877208e-05, 0.000100452387414, 3.53976938641e-05, 1.66659629031e-05, 9.40995141718e-06, 3.15609759127e-06, 9.89793306871e-07, 4.55538111055e-06, 7.98768905952e-06, 1.86650031537e-05, 2.94082906294e-06, 7.96277163317e-07, 7.19186914466e-07, 3.55602969648e-06, 4.66735536975e-06, 6.81202777741e-07, 1.04539014956e-06, 1.03571323962e-06, 3.89388731037e-07, 3.42894104222e-08, 1.56492614423e-08, 1.88233002518e-08, 2.05529691044e-08, 1.29683632721e-08, 2.37161845718e-08, 3.69235553244e-09],
        "max": [0.000782610324677, 0.0366773568094, 0.060209967196, 0.0369801595807, 0.0304293874651, 0.0320149324834, 0.0202857218683, 0.0159381777048, 0.0270804278553, 0.0491573475301, 0.0530912987888, 0.0298510883003, 0.0162851642817, 0.0166561547667, 0.0243411846459, 0.0371021404862, 0.0154607603326, 0.0223836880177, 0.0147910304368, 0.010162293911, 0.00382558722049, 0.00210355082527, 0.00259040272795, 0.00269813742489, 0.00124504498672, 0.00153433822561, 0.000548609416001],
        "mean": [7.01737953932e-05, 0.00368404923938, 0.00318432995118, 0.00195479905233, 0.00201814598404, 0.00155306817032, 0.000507368473336, 0.00026619998971, 0.000719572766684, 0.000919519749004, 0.00239665643312, 0.000625694869086, 0.000312496063998, 0.00036725983955, 0.000666619278491, 0.000659802986775, 0.000414324371377, 0.000676277733874, 0.000670398760121, 0.00059031532146, 0.00015966319188, 9.12660980248e-05, 0.000112554589577, 0.000111390458187, 9.53311246121e-05, 8.28397023724e-05, 2.07967113965e-05],
        "median": [3.87284890166e-05, 0.00260942918248, 0.00183543760795, 0.000996239366941, 0.00122490676586, 0.000556657614652, 0.000177229419933, 7.90887206676e-05, 0.000230240781093, 0.000142485965625, 0.000103165242763, 6.30067370366e-05, 5.9159945522e-05, 9.64579885476e-05, 0.000162299678777, 0.00019406528736, 0.000207089324249, 0.000372259353753, 0.000324013264617, 0.000276127655525, 0.000101585166703, 4.04869497288e-05, 5.74713994865e-05, 6.08819609624e-05, 5.25647083123e-05, 3.83078004234e-05, 5.33488218935e-06],
        "min": [9.08757428737e-24, 2.43599584889e-23, 1.54646240821e-23, 2.43107714337e-23, 4.87269346844e-23, 2.22535515661e-23, 4.89459035391e-23, 2.15035941253e-23, 9.43702057795e-23, 8.23393701555e-23, 4.76255965083e-23, 9.46120326677e-23, 6.48785777289e-23, 1.01539809137e-22, 1.05900247257e-22, 2.1160343075e-22, 9.0636583913e-23, 2.3700206346e-22, 2.47081130986e-22, 4.4220301075e-22, 4.62973857224e-22, 4.80650349466e-22, 5.84926805436e-22, 7.16566511179e-22, 1.4518848393e-21, 1.66774020508e-21, 2.65230657043e-21],
        "var": [6.66169563956e-09, 1.39593412314e-05, 2.51744186244e-05, 9.38564789976e-06, 6.38632491246e-06, 9.01477051229e-06, 1.58742477652e-06, 5.5132562693e-07, 2.483043545e-06, 6.15230692347e-06, 3.12925294566e-05, 4.48103628514e-06, 7.72433565999e-07, 6.52289884329e-07, 2.44766511059e-06, 2.99003431792e-06, 8.0353879639e-07, 1.13731630336e-06, 9.14343104341e-07, 6.70826693749e-07, 4.34956604067e-08, 2.14853823621e-08, 3.28486109424e-08, 2.94796063116e-08, 1.50422376777e-08, 1.50439785074e-08, 1.88908533261e-09]
    },
    "erbbands": {
        "dmean": [0.0539163760841, 0.631191909313, 2.66574454308, 4.75246667862, 5.33851766586, 4.98751783371, 5.45911979675, 8.56829547882, 5.80314588547, 5.39873981476, 4.23589420319, 10.9311170578, 21.4099197388, 23.4259395599, 35.0206794739, 14.6749191284, 8.71671485901, 11.3881988525, 11.2990579605, 31.1461696625, 17.691318512, 10.8120613098, 13.4770231247, 20.8541660309, 11.0227479935, 13.0520162582, 4.21836090088, 2.56648421288, 1.46395373344, 1.47490751743, 1.62298119068, 1.08321750164, 0.852450728416, 0.56503713131, 0.346368759871, 0.211318179965, 0.103268608451, 0.0311499591917, 0.00290662166663, 6.5539526986e-05],
        "dmean2": [0.0867213532329, 1.04461407661, 4.6574549675, 8.39443016052, 9.46385955811, 8.62202548981, 8.71880435944, 13.2817783356, 9.34713935852, 8.67927646637, 6.74836587906, 17.1732769012, 32.4338378906, 34.7772026062, 52.4258079529, 21.8172473907, 12.811955452, 17.5279026031, 17.015537262, 48.086555481, 26.5945281982, 16.3217449188, 20.8132381439, 31.9771156311, 16.8083076477, 19.7152175903, 6.4814953804, 4.05924510956, 2.17557692528, 2.19969320297, 2.37041401863, 1.56233072281, 1.28552091122, 0.832797944546, 0.50029194355, 0.304844021797, 0.149345859885, 0.0464292503893, 0.00440403260291, 9.80174881988e-05],
        "dvar": [0.00475078215823, 0.83646261692, 31.9227981567, 79.4248809814, 106.169624329, 96.303062439, 149.614303589, 381.412139893, 311.570098877, 273.817382812, 218.263916016, 1142.69445801, 3524.10498047, 4730.26513672, 9305.71875, 2499.79589844, 692.560791016, 856.66998291, 758.697937012, 9467.99023438, 2867.8347168, 840.943908691, 798.011413574, 1763.16394043, 485.364196777, 607.134216309, 58.0717811584, 21.7431564331, 7.65369319916, 9.27818965912, 9.12572574615, 5.18695640564, 2.58753299713, 1.07536327839, 0.318031728268, 0.126233920455, 0.04303701967, 0.00511485291645, 4.43507306045e-05, 2.64933408545e-08],
        "dvar2": [0.0120435068384, 2.1621158123, 88.4964294434, 225.749649048, 300.944244385, 255.470413208, 346.740356445, 859.562927246, 754.278808594, 677.673034668, 520.732421875, 2696.51391602, 7736.78271484, 9741.17089844, 21288.5800781, 5218.85400391, 1466.02087402, 1936.45666504, 1624.08984375, 22682.9726562, 6552.51953125, 1814.3338623, 1647.34887695, 4028.88208008, 1046.98815918, 1291.38952637, 113.734046936, 49.9836540222, 15.8429546356, 19.5234699249, 18.0914745331, 10.3079490662, 5.55373001099, 2.27110123634, 0.65785163641, 0.271190792322, 0.0943558067083, 0.0116565618664, 0.000102244317532, 6.02072560696e-08],
        "max": [0.685448050499, 9.45900726318, 57.6941986084, 84.5773849487, 104.753570557, 175.607116699, 220.921340942, 342.51171875, 355.677276611, 333.038726807, 498.150817871, 717.779174805, 1824.83532715, 1387.00231934, 2380.69042969, 1497.67578125, 820.288879395, 868.490783691, 604.887268066, 2370.37207031, 1780.25390625, 859.963684082, 812.125793457, 831.255859375, 533.599975586, 610.171447754, 237.959442139, 177.942901611, 67.876701355, 84.8286361694, 79.1181106567, 58.4488182068, 42.0522384644, 20.9013004303, 8.24513626099, 4.39714336395, 3.12507176399, 1.08533132076, 0.0954946950078, 0.00358874257654],
        "mean": [0.0870445892215, 0.917112112045, 3.20113372803, 5.76469326019, 6.5200548172, 7.14343738556, 8.49516201019, 13.2363901138, 8.06173229218, 7.56610393524, 6.27133798599, 16.1552658081, 32.1052589417, 46.0635108948, 80.2686538696, 28.6185073853, 15.2488899231, 20.0371627808, 20.2309074402, 48.4806022644, 31.3801059723, 23.3855781555, 29.9622840881, 43.6016693115, 26.7099246979, 31.3163204193, 10.8224573135, 5.4440870285, 3.10507178307, 2.93188500404, 3.49644064903, 2.39213895798, 1.80449163914, 1.1324763298, 0.653892397881, 0.357092708349, 0.150753945112, 0.039280615747, 0.00346651440486, 0.000101213503513],
        "median": [0.0601028203964, 0.617716610432, 1.89612329006, 3.26905918121, 3.78833723068, 4.03394031525, 3.40625548363, 4.58670282364, 2.92642760277, 2.7391409874, 2.24819397926, 5.4214091301, 8.0474691391, 4.96925973892, 5.67630290985, 4.14887189865, 3.80501818657, 5.69166040421, 6.46477508545, 12.7654924393, 12.6153402328, 12.4026079178, 18.30859375, 22.4525127411, 13.8164262772, 13.5956735611, 6.65232753754, 3.36394166946, 1.46808767319, 1.38185286522, 1.78033459187, 1.20186853409, 1.04183638096, 0.606494784355, 0.359128028154, 0.184185087681, 0.0659080520272, 0.0128665510565, 0.000883713772055, 5.06131073053e-05],
        "min": [8.61156510953e-22, 4.97825161512e-21, 1.29606220744e-20, 5.96459583314e-20, 1.71810634805e-19, 1.29111894702e-19, 3.41658938703e-20, 2.07966970798e-19, 8.13409141029e-19, 4.50264289312e-19, 7.22149922961e-19, 2.0708818187e-18, 2.00496586364e-18, 3.23122369183e-18, 2.43704303622e-18, 4.03937356682e-18, 3.50833395332e-18, 4.33811687608e-18, 4.36758022232e-18, 6.74154639414e-18, 1.29143473873e-17, 6.56304412667e-18, 1.3422733419e-17, 1.11029666024e-17, 1.32094879114e-17, 2.34882583689e-17, 1.73849095279e-17, 1.79993707198e-17, 1.64801708068e-17, 1.57149890355e-17, 1.928298794e-17, 1.30445571963e-17, 1.34663754681e-17, 1.49334952626e-17, 1.02620175686e-17, 5.67593924182e-18, 3.58878140379e-18, 1.44600921466e-18, 3.45468570713e-19, 3.72386985937e-20],
        "var": [0.00750676495954, 0.989827871323, 23.3446578979, 62.5692749023, 82.3852386475, 106.831062317, 266.207855225, 717.219909668, 375.20010376, 322.175079346, 277.752746582, 1484.24975586, 5783.54443359, 12732.0595703, 37067.1523438, 8415.05957031, 1487.43493652, 1951.29321289, 1761.21313477, 12958.0820312, 5670.58984375, 2225.86254883, 1979.17346191, 3726.23510742, 1364.6998291, 2175.32495117, 206.931640625, 48.4952735901, 21.8978099823, 25.7415752411, 32.563873291, 17.1613101959, 6.61435174942, 2.53842830658, 0.68012368679, 0.211311399937, 0.0565213896334, 0.00589331239462, 5.11574107804e-05, 3.01790770152e-08]
    },
    "gfcc": {
        "mean": [17.7996826172, 61.2687797546, -100.844528198, 39.4933662415, -40.2811126709, 9.17775058746, -35.0134544373, 17.5892524719, -32.6243591309, -0.175831928849, -18.9402084351, 1.99223995209, -9.88640117645],
        "cov": [[3664.59008789, -353.783050537, -7.46177482605, -22.9608154297, 245.476593018, 100.858924866, 173.805374146, 62.8622512817, -199.161117554, -38.4199028015, 61.3741760254, 39.3582649231, -24.4807186127], [-353.783050537, 625.443481445, -34.1666603088, 63.6841506958, 58.2347106934, -43.3108253479, -11.2436962128, 19.7063293457, -11.1330356598, -31.4218654633, 70.64503479, -26.0293998718, 39.514995575], [-7.46177482605, -34.1666603088, 1291.58825684, 505.838745117, -39.015750885, -33.0676002502, -237.18031311, -82.3346099854, 71.0407028198, 23.6137161255, -86.1608276367, 22.1021499634, -60.7954559326], [-22.9608154297, 63.6841506958, 505.838745117, 512.527282715, 17.0167160034, -27.5478096008, -131.869857788, -23.7015304565, 32.8865699768, -3.73352241516, 4.41910600662, 1.80699253082, 13.4948740005], [245.476593018, 58.2347106934, -39.015750885, 17.0167160034, 241.785583496, 15.0062246323, 50.5274467468, 35.6537322998, -41.959274292, 13.9350814819, 20.6769199371, 2.89846563339, 15.4715452194], [100.858924866, -43.3108253479, -33.0676002502, -27.5478096008, 15.0062246323, 216.631393433, 123.942077637, -33.9792671204, -56.0689926147, 7.46453237534, 18.74700737, -12.6989564896, 7.38283777237], [173.805374146, -11.2436962128, -237.18031311, -131.869857788, 50.5274467468, 123.942077637, 234.686767578, 27.9764213562, -86.8329162598, -5.10119199753, 33.7225074768, -4.35301780701, 8.21122741699], [62.8622512817, 19.7063293457, -82.3346099854, -23.7015304565, 35.6537322998, -33.9792671204, 27.9764213562, 131.048355103, 51.8781318665, -5.59960603714, 4.73579740524, 10.4214658737, 8.68843078613], [-199.161117554, -11.1330356598, 71.0407028198, 32.8865699768, -41.959274292, -56.0689926147, -86.8329162598, 51.8781318665, 167.250549316, 31.0945148468, -31.0409297943, 4.06873559952, -9.61991596222], [-38.4199028015, -31.4218654633, 23.6137161255, -3.73352241516, 13.9350814819, 7.46453237534, -5.10119199753, -5.59960603714, 31.0945148468, 98.707611084, 8.70468616486, -7.87953948975, -11.110329628], [61.3741760254, 70.64503479, -86.1608276367, 4.41910600662, 20.6769199371, 18.74700737, 33.7225074768, 4.73579740524, -31.0409297943, 8.70468616486, 117.074821472, 21.9766426086, 7.71042919159], [39.3582649231, -26.0293998718, 22.1021499634, 1.80699253082, 2.89846563339, -12.6989564896, -4.35301780701, 10.4214658737, 4.06873559952, -7.87953948975, 21.9766426086, 73.9652404785, 21.1827316284], [-24.4807186127, 39.514995575, -60.7954559326, 13.4948740005, 15.4715452194, 7.38283777237, 8.21122741699, 8.68843078613, -9.61991596222, -11.110329628, 7.71042919159, 21.1827316284, 75.948348999]],
        "icov": [[0.000354775518645, 0.000267778028501, -6.0772865254e-05, 1.06197339846e-05, -0.000313166936394, -3.52269489667e-05, 3.48217713508e-06, -0.000325978006003, 0.000408210587921, 0.000173617852852, -0.000233508486417, 4.41275915364e-06, 0.000128214247525], [0.000267778028501, 0.00231544137932, -0.000254928192589, 5.8956353314e-05, -0.000724368554074, 0.000705740763806, -0.000170911211171, -8.12026846688e-05, -0.000179882204975, 0.00118374824524, -0.00208883965388, 0.00206714100204, -0.00144029664807], [-6.0772865254e-05, -0.000254928192589, 0.00184656714555, -0.00164513941854, 0.000159988834639, -0.000743813812733, 0.00104561669286, 0.000267446768703, 0.000312298710924, -0.000674249662552, 0.00173444545362, -0.00187555234879, 0.0020675288979], [1.06197339846e-05, 5.8956353314e-05, -0.00164513941854, 0.00393062923104, -0.000570740667172, -7.47805897845e-05, 0.0010039297631, -0.000170100305695, -0.000342069921317, 0.000864379981067, -0.00191999913659, 0.00182593776844, -0.00223934766836], [-0.000313166936394, -0.000724368554074, 0.000159988834639, -0.000570740667172, 0.00548288691789, -9.49329332798e-05, -0.000268440518994, -0.00203793193214, 0.00197996990755, -0.0020777087193, 0.000749643542804, -0.00054396915948, -0.000317661557347], [-3.52269489667e-05, 0.000705740763806, -0.000743813812733, -7.47805897845e-05, -9.49329332798e-05, 0.00848140567541, -0.00580140016973, 0.00347460550256, -0.00141029595397, 0.000161385032698, -0.00143021834083, 0.00226331595331, -0.00217714952305], [3.48217713508e-06, -0.000170911211171, 0.00104561669286, 0.0010039297631, -0.000268440518994, -0.00580140016973, 0.0114049287513, -0.00514534208924, 0.0052067716606, -0.00106187479105, 0.00026171214995, -0.000879682833329, 0.00144581438508], [-0.000325978006003, -8.12026846688e-05, 0.000267446768703, -0.000170100305695, -0.00203793193214, 0.00347460550256, -0.00514534208924, 0.013672651723, -0.00744220614433, 0.00258778641, -0.000895863166079, -0.000198315261514, -0.00116680772044], [0.000408210587921, -0.000179882204975, 0.000312298710924, -0.000342069921317, 0.00197996990755, -0.00141029595397, 0.0052067716606, -0.00744220614433, 0.0129484171048, -0.00459142774343, 0.00282523036003, -0.00187591661233, 0.00176295440178], [0.000173617852852, 0.00118374824524, -0.000674249662552, 0.000864379981067, -0.0020777087193, 0.000161385032698, -0.00106187479105, 0.00258778641, -0.00459142774343, 0.0131164118648, -0.00352391810156, 0.00292585557327, -0.000147999700857], [-0.000233508486417, -0.00208883965388, 0.00173444545362, -0.00191999913659, 0.000749643542804, -0.00143021834083, 0.00026171214995, -0.000895863166079, 0.00282523036003, -0.00352391810156, 0.0133779542521, -0.00661806529388, 0.00313162431121], [4.41275915364e-06, 0.00206714100204, -0.00187555234879, 0.00182593776844, -0.00054396915948, 0.00226331595331, -0.000879682833329, -0.000198315261514, -0.00187591661233, 0.00292585557327, -0.00661806529388, 0.0196812842041, -0.00751829892397], [0.000128214247525, -0.00144029664807, 0.0020675288979, -0.00223934766836, -0.000317661557347, -0.00217714952305, 0.00144581438508, -0.00116680772044, 0.00176295440178, -0.000147999700857, 0.00313162431121, -0.00751829892397, 0.0182446278632]]
    },
    "melbands": {
        "dmean": [0.000566955422983, 0.00114662828855, 0.000838799460325, 0.000352577015292, 0.000188037418411, 0.000187799872947, 8.43039379106e-05, 5.56799786864e-05, 3.70065863535e-05, 7.55302462494e-05, 0.000107715561171, 9.30129244807e-05, 0.000141437616549, 4.86357675982e-05, 2.88910559902e-05, 2.07207849598e-05, 2.26671108976e-05, 1.70178864209e-05, 3.76049756596e-05, 3.89186461689e-05, 2.06401546166e-05, 1.3648528693e-05, 9.1374895419e-06, 1.8817388991e-05, 1.90442897292e-05, 1.17215231512e-05, 7.46529849494e-06, 9.78817843134e-06, 3.79260768568e-06, 1.39573648994e-06, 1.68840949755e-06, 9.4628609304e-07, 8.4784937826e-07, 8.22811500711e-07, 9.68328663475e-07, 8.25423967399e-07, 7.63317132169e-07, 5.96919448981e-07, 6.67285121381e-07, 4.79739128423e-07],
        "dmean2": [0.00093076453777, 0.00195730477571, 0.001479819417, 0.000617928046267, 0.000303499546135, 0.000292544835247, 0.000134752466693, 8.99262668099e-05, 5.89350129303e-05, 0.000118873133033, 0.000163864024216, 0.000134771296871, 0.00021998739976, 7.1744521847e-05, 4.13634916185e-05, 3.20089493471e-05, 3.47865752701e-05, 2.61935801973e-05, 5.77268438064e-05, 5.99797458563e-05, 3.1324554584e-05, 2.08291512536e-05, 1.41517921293e-05, 2.92400436592e-05, 2.9411230571e-05, 1.80911556527e-05, 1.14439953904e-05, 1.48428443936e-05, 5.88421153225e-06, 2.26272481996e-06, 2.66550978267e-06, 1.45483829783e-06, 1.30275418542e-06, 1.24204461827e-06, 1.4382609379e-06, 1.23663505747e-06, 1.14226997994e-06, 9.08626077489e-07, 1.04483319774e-06, 7.16981503501e-07],
        "dvar": [5.2519089877e-07, 4.96469510836e-06, 2.48124047175e-06, 3.96640530198e-07, 1.44470277519e-07, 1.71385437397e-07, 6.15212201183e-08, 2.78047913582e-08, 1.59000652644e-08, 5.25623953251e-08, 9.2460041401e-08, 7.44547179465e-08, 1.49475170019e-07, 2.18218954018e-08, 1.25788508498e-08, 3.86629572802e-09, 3.63736374354e-09, 1.94713045687e-09, 1.20609264798e-08, 1.60292188411e-08, 4.38807790104e-09, 1.50676615629e-09, 3.87541693181e-10, 1.95590943441e-09, 1.55211399289e-09, 6.0396537771e-10, 2.06684364068e-10, 3.74111436274e-10, 5.7252688701e-11, 5.17287558274e-12, 1.0811347477e-11, 3.03332771227e-12, 3.81529573559e-12, 2.71133159327e-12, 3.09607938245e-12, 3.04919978156e-12, 2.80900845119e-12, 1.22854797082e-12, 1.76011397297e-12, 7.69656961861e-13],
        "dvar2": [1.29973943785e-06, 1.34407737278e-05, 7.04743661117e-06, 1.09961649741e-06, 3.38409591905e-07, 3.82451617043e-07, 1.47608957946e-07, 6.84386236571e-08, 3.84742513404e-08, 1.25901507886e-07, 2.02773932756e-07, 1.50755568029e-07, 3.78960493208e-07, 4.90473723858e-08, 2.32628742936e-08, 8.76378880577e-09, 8.17917555906e-09, 4.17975432043e-09, 2.77101666057e-08, 3.72564237239e-08, 1.00610781928e-08, 3.17559778473e-09, 8.57359627737e-10, 4.08415612441e-09, 3.58210150431e-09, 1.35174604843e-09, 4.52300724652e-10, 7.84712739232e-10, 1.19334014892e-10, 1.18963025195e-11, 2.55290736467e-11, 6.78737795134e-12, 8.55175739251e-12, 5.98061791063e-12, 6.42001252507e-12, 6.40971043603e-12, 6.03156196863e-12, 2.69582403276e-12, 4.02853575152e-12, 1.65590143594e-12],
        "max": [0.00868576113135, 0.0231525190175, 0.01432110928, 0.00706489011645, 0.00624356186017, 0.0069656833075, 0.00482602277771, 0.00303903943859, 0.00444026757032, 0.00476459320635, 0.00922574941069, 0.0053396942094, 0.0085116578266, 0.00380445504561, 0.00281467591412, 0.00203417381272, 0.00199884246103, 0.000876439444255, 0.00244479626417, 0.0034374082461, 0.00273554655723, 0.00115913071204, 0.000729475286789, 0.00140367366839, 0.000761994917411, 0.000543181609828, 0.000321316445479, 0.000562260160223, 0.000214641986531, 7.59506147006e-05, 0.000134013753268, 3.97197036364e-05, 5.48203133803e-05, 4.30879808846e-05, 4.5992055675e-05, 4.99589623359e-05, 4.37284106738e-05, 2.65527778538e-05, 3.13308846671e-05, 1.7903981643e-05],
        "mean": [0.000920326565392, 0.00156218803022, 0.00104265473783, 0.000491212704219, 0.000303873297526, 0.000297210121062, 0.000118282267067, 7.62769632274e-05, 5.37312444067e-05, 0.000108838597953, 0.000156346795848, 0.000161215677508, 0.00033611280378, 8.45788817969e-05, 4.37659546151e-05, 3.40257865901e-05, 3.67417924281e-05, 2.70402069873e-05, 5.70701122342e-05, 5.67035967833e-05, 3.38899772032e-05, 2.52832087426e-05, 1.82598978427e-05, 3.68992405129e-05, 3.56954769813e-05, 2.35314237216e-05, 1.65115543496e-05, 2.16442495002e-05, 8.00650286692e-06, 2.98694794765e-06, 3.12757015308e-06, 1.80610959433e-06, 1.56348619385e-06, 1.52921654717e-06, 2.00023509933e-06, 1.67381483607e-06, 1.51664039549e-06, 1.21204698189e-06, 1.24853193029e-06, 8.88028750978e-07],
        "median": [0.000663701386657, 0.00102721585426, 0.000618054182269, 0.000290463824058, 0.000145302241435, 0.000105554521724, 4.34246649093e-05, 2.69523334282e-05, 1.69373379322e-05, 3.46442320733e-05, 3.41340346495e-05, 1.58373240993e-05, 1.6733265511e-05, 9.18158184504e-06, 5.85343832427e-06, 7.01490534993e-06, 9.3399276011e-06, 6.65932338961e-06, 1.39270814543e-05, 1.46432912516e-05, 1.25347296489e-05, 1.19532269309e-05, 1.10571609184e-05, 1.83431711775e-05, 1.71814135683e-05, 1.06046954897e-05, 8.10394703876e-06, 8.92460593604e-06, 4.33725426774e-06, 1.97595704776e-06, 1.68140695678e-06, 8.01644262083e-07, 6.48051241114e-07, 7.06872299361e-07, 9.97122242552e-07, 8.15893145045e-07, 6.99594693288e-07, 6.88007958161e-07, 6.75601029343e-07, 4.52872853884e-07],
        "min": [7.38682488559e-24, 6.85544581325e-24, 1.30798139464e-23, 1.29501473017e-23, 1.42010582386e-24, 4.69879949485e-24, 1.24589677922e-23, 4.25059278876e-24, 6.57665803061e-24, 1.44359115964e-23, 9.44820441677e-24, 1.26539789411e-23, 7.49442235762e-24, 1.1346191133e-23, 8.20155096217e-24, 6.41900970073e-24, 8.77908707494e-24, 6.86225447172e-24, 9.55800754389e-24, 9.41199570122e-24, 1.56169767887e-23, 5.72271570628e-24, 1.0168231686e-23, 1.12529051755e-23, 8.52035253094e-24, 1.04598538411e-23, 1.1175833465e-23, 1.61653061154e-23, 1.02284375503e-23, 1.14076883625e-23, 9.69011019108e-24, 8.84775347243e-24, 1.0851963465e-23, 7.22015198695e-24, 1.23300844864e-23, 9.48474839821e-24, 6.65360076229e-24, 8.33400701905e-24, 1.21337362182e-23, 1.27205659013e-23],
        "var": [7.82363827057e-07, 4.07106290368e-06, 1.91965546037e-06, 3.8415478798e-07, 2.52998745509e-07, 3.3771203789e-07, 7.75160913236e-08, 3.31664828934e-08, 2.01241352471e-08, 6.6207604732e-08, 1.50310540903e-07, 1.84107236123e-07, 6.55200267374e-07, 6.13710611219e-08, 2.6341384185e-08, 7.65612551135e-09, 7.95304444523e-09, 4.09356637476e-09, 1.91353599632e-08, 2.23334417626e-08, 8.49795434021e-09, 3.50502271651e-09, 1.00658326119e-09, 4.2787009491e-09, 2.95349122936e-09, 1.41649425522e-09, 5.64664814906e-10, 1.18432108565e-09, 1.53946660975e-10, 1.30424213096e-11, 2.09719915045e-11, 7.52753848837e-12, 9.13529928787e-12, 6.7569730193e-12, 1.0214055296e-11, 9.47825585379e-12, 7.53980124862e-12, 3.04893870567e-12, 3.56334991895e-12, 1.71509779035e-12]
    },
    "mfcc": {
        "mean": [-635.498901367, 99.0185470581, 1.69505381584, 36.5754508972, 16.0667095184, -2.09822392464, 10.9791898727, 7.19072294235, 1.31566727161, 4.24782276154, -8.34622573853, -6.06348562241, -1.75341880322],
        "cov": [[2918.0300293, -200.988037109, -376.683105469, -38.1575469971, -31.2567443848, -14.211101532, 315.320098877, 112.295837402, -57.6436958313, 136.302322388, -190.132858276, -43.3863487244, 72.0870132446], [-200.988037109, 537.929077148, -150.702667236, -4.07442140579, 31.0384788513, -60.4162597656, 58.797328949, 1.45091938972, -20.351858139, 19.8100185394, -7.93569135666, -1.3414888382, -5.51191234589], [-376.683105469, -150.702667236, 1140.14978027, 376.777069092, 230.865631104, 141.881515503, -187.562072754, -46.6175231934, -13.5969944, -106.137207031, 83.9230041504, 12.6531915665, -40.6479110718], [-38.1575469971, -4.07442140579, 376.777069092, 432.642364502, 219.095565796, -11.3934898376, -55.8737106323, -15.7481079102, -9.98582077026, -41.5571174622, -2.57750058174, 25.2211666107, 6.2678155899], [-31.2567443848, 31.0384788513, 230.865631104, 219.095565796, 258.097961426, -2.07260513306, -59.9977226257, -15.3399009705, 1.8413528204, -18.3705234528, 4.56453180313, 18.7153835297, 13.6945428848], [-14.211101532, -60.4162597656, 141.881515503, -11.3934898376, -2.07260513306, 205.211227417, 80.830116272, -26.0386562347, 1.65134382248, -4.89789390564, 4.66266059875, -16.6555347443, 0.0669210776687], [315.320098877, 58.797328949, -187.562072754, -55.8737106323, -59.9977226257, 80.830116272, 306.477416992, 45.4514007568, -39.5645332336, 50.6960105896, -68.2049255371, -25.3099021912, 26.2776088715], [112.295837402, 1.45091938972, -46.6175231934, -15.7481079102, -15.3399009705, -26.0386562347, 45.4514007568, 120.823143005, 17.4343147278, 11.0764055252, -21.4945602417, -3.78033518791, 3.96819806099], [-57.6436958313, -20.351858139, -13.5969944, -9.98582077026, 1.8413528204, 1.65134382248, -39.5645332336, 17.4343147278, 125.533279419, 12.3107910156, 24.4922599792, -2.36146187782, -10.6568613052], [136.302322388, 19.8100185394, -106.137207031, -41.5571174622, -18.3705234528, -4.89789390564, 50.6960105896, 11.0764055252, 12.3107910156, 103.774513245, -0.662351727486, -0.901627600193, 8.1574640274], [-190.132858276, -7.93569135666, 83.9230041504, -2.57750058174, 4.56453180313, 4.66266059875, -68.2049255371, -21.4945602417, 24.4922599792, -0.662351727486, 130.133270264, 31.6998806, -13.0350494385], [-43.3863487244, -1.3414888382, 12.6531915665, 25.2211666107, 18.7153835297, -16.6555347443, -25.3099021912, -3.78033518791, -2.36146187782, -0.901627600193, 31.6998806, 76.6979675293, 20.3042602539], [72.0870132446, -5.51191234589, -40.6479110718, 6.2678155899, 13.6945428848, 0.0669210776687, 26.2776088715, 3.96819806099, -10.6568613052, 8.1574640274, -13.0350494385, 20.3042602539, 70.7125701904]],
