{
"lowlevel": {
    "average_loudness": 0.948560416698,
    "barkbands_crest": {
        "dmean": 2.43648314476,
        "dmean2": 4.05121612549,
        "dvar": 5.16251802444,
        "dvar2": 13.9455423355,
        "max": 25.612361908,
        "mean": 9.16201591492,
        "median": 8.56749916077,
        "min": 2.45081996918,
        "var": 13.5632801056
    },
    "barkbands_flatness_db": {
        "dmean": 0.0168484672904,
        "dmean2": 0.0264609083533,
        "dvar": 0.000283092580503,
        "dvar2": 0.00070601364132,
        "max": 0.297230511904,
        "mean": 0.0963458046317,
        "median": 0.0875946879387,
        "min": 0.0197873879224,
        "var": 0.00149477482773
    },
    "barkbands_kurtosis": {
        "dmean": 1.50827085972,
        "dmean2": 2.42055797577,
        "dvar": 8.47888946533,
        "dvar2": 20.9450645447,
        "max": 71.2337341309,
        "mean": 1.49292957783,
        "median": 0.125224947929,
        "min": -1.9032920599,
        "var": 20.4733104706
    },
    "barkbands_skewness": {
        "dmean": 0.401183784008,
        "dmean2": 0.634874522686,
        "dvar": 0.182996585965,
        "dvar2": 0.450542479753,
        "max": 7.53405046463,
        "mean": 1.17972266674,
        "median": 1.01797068119,
        "min": -2.10030722618,
        "var": 0.817749917507
    },
    "barkbands_spread": {
        "dmean": 5.87814998627,
        "dmean2": 9.18301582336,
        "dvar": 37.1298522949,
        "dvar2": 82.3123855591,
        "max": 103.252716064,
        "mean": 33.323299408,
        "median": 33.5652618408,
        "min": 2.00572633743,
        "var": 196.534225464
    },
    "dissonance": {
        "dmean": 0.0118512967601,
        "dmean2": 0.019938249141,
        "dvar": 0.000143043551361,
        "dvar2": 0.000396730843931,
        "max": 0.499999970198,
        "mean": 0.478825896978,
        "median": 0.4838937819,
        "min": 0.305528491735,
        "var": 0.000319473532727
    },
    "dynamic_complexity": 1.80801892281,
    "erbbands_crest": {
        "dmean": 2.08869481087,
        "dmean2": 3.38127017021,
        "dvar": 4.26259994507,
        "dvar2": 10.2881307602,
        "max": 26.5966300964,
        "mean": 7.54324579239,
        "median": 6.49781322479,
        "min": 2.19255042076,
        "var": 13.709274292
    },
    "erbbands_flatness_db": {
        "dmean": 0.0118838055059,
        "dmean2": 0.0178637485951,
        "dvar": 0.00012287919526,
        "dvar2": 0.000256851169979,
        "max": 0.293328434229,
        "mean": 0.130105063319,
        "median": 0.122282743454,
        "min": 0.0573528446257,
        "var": 0.00140066980384
    },
    "erbbands_kurtosis": {
        "dmean": 0.570045173168,
        "dmean2": 0.899397075176,
        "dvar": 0.43075555563,
        "dvar2": 0.980240643024,
        "max": 13.0628032684,
        "mean": -0.00762202404439,
        "median": -0.205924272537,
        "min": -1.67617249489,
        "var": 1.07871222496
    },
    "erbbands_skewness": {
        "dmean": 0.279060304165,
        "dmean2": 0.430189818144,
        "dvar": 0.0658517926931,
        "dvar2": 0.143192917109,
        "max": 3.17408370972,
        "mean": -0.104363009334,
        "median": -0.148716300726,
        "min": -2.78417515755,
        "var": 0.435719013214
    },
    "erbbands_spread": {
        "dmean": 6.2822728157,
        "dmean2": 9.70639324188,
        "dvar": 38.7079162598,
        "dvar2": 88.2719268799,
        "max": 133.262512207,
        "mean": 39.8718490601,
        "median": 38.4185409546,
        "min": 7.68195390701,
        "var": 194.758056641
    },
    "hfc": {
        "dmean": 5.5549197197,
        "dmean2": 8.45764923096,
        "dvar": 41.0891456604,
        "dvar2": 91.0780792236,
        "max": 98.0378952026,
        "mean": 27.3857440948,
        "median": 25.3763084412,
        "min": 1.16347770655e-16,
        "var": 226.584030151
    },
    "melbands_crest": {
        "dmean": 2.90911197662,
        "dmean2": 4.81976652145,
        "dvar": 6.6247420311,
        "dvar2": 17.9517650604,
        "max": 30.2152614594,
        "mean": 13.4941387177,
        "median": 13.0508861542,
        "min": 2.64766335487,
        "var": 19.8102741241
    },
    "melbands_flatness_db": {
        "dmean": 0.022226318717,
        "dmean2": 0.0352759286761,
        "dvar": 0.000485840864712,
        "dvar2": 0.00121578993276,
        "max": 0.410932272673,
        "mean": 0.158367872238,
        "median": 0.148551955819,
        "min": 0.0054685822688,
        "var": 0.00234856037423
    },
    "melbands_kurtosis": {
        "dmean": 4.66149759293,
        "dmean2": 7.5127825737,
        "dvar": 59.0160331726,
        "dvar2": 149.569854736,
        "max": 141.301361084,
        "mean": 9.51020050049,
        "median": 5.5133061409,
        "min": -1.63317620754,
        "var": 153.876708984
    },
    "melbands_skewness": {
        "dmean": 0.597254991531,
        "dmean2": 0.948771715164,
        "dvar": 0.401289105415,
        "dvar2": 1.00679826736,
        "max": 10.1923265457,
        "mean": 2.48754882812,
        "median": 2.24275875092,
        "min": -0.832506239414,
        "var": 1.85721290112
    },
    "melbands_spread": {
        "dmean": 7.81058311462,
        "dmean2": 12.370885849,
        "dvar": 74.6328582764,
        "dvar2": 172.19921875,
        "max": 166.449295044,
        "mean": 32.3277168274,
        "median": 31.1573219299,
        "min": 1.51819002628,
        "var": 273.018981934
    },
    "pitch_salience": {
        "dmean": 0.0656327977777,
        "dmean2": 0.108587101102,
        "dvar": 0.00368774402887,
        "dvar2": 0.0102173574269,
        "max": 0.939043283463,
        "mean": 0.55270755291,
        "median": 0.549485385418,
        "min": 0.146839514375,
        "var": 0.0107696661726
    },
    "silence_rate_20dB": {
        "dmean": 0,
        "dmean2": 0,
        "dvar": 0,
        "dvar2": 0,
        "max": 1,
        "mean": 1,
        "median": 1,
        "min": 1,
        "var": 0
    },
    "silence_rate_30dB": {
        "dmean": 0,
        "dmean2": 0,
        "dvar": 0,
        "dvar2": 0,
        "max": 1,
        "mean": 1,
        "median": 1,
        "min": 1,
        "var": 0
    },
    "silence_rate_60dB": {
        "dmean": 0.00199975003488,
        "dmean2": 0.00400000018999,
        "dvar": 0.00199565989897,
        "dvar2": 0.00448366627097,
        "max": 1,
        "mean": 0.00812296941876,
        "median": 0,
        "min": 0,
        "var": 0.00805665925145
    },
    "spectral_centroid": {
        "dmean": 236.53465271,
        "dmean2": 369.998413086,
        "dvar": 72875.109375,
        "dvar2": 136904,
        "max": 11109.0283203,
        "mean": 1940.1307373,
        "median": 2008.48120117,
        "min": 281.209442139,
        "var": 333674.90625
    },
    "spectral_complexity": {
        "dmean": 4.06299209595,
        "dmean2": 6.38625001907,
        "dvar": 13.4124040604,
        "dvar2": 30.8331794739,
        "max": 56,
        "mean": 28.8080482483,
        "median": 31,
        "min": 0,
        "var": 105.079917908
    },
    "spectral_decrease": {
        "dmean": 1.72521330555e-09,
        "dmean2": 2.80805667607e-09,
        "dvar": 3.23662704238e-18,
        "dvar2": 8.5938573165e-18,
        "max": 4.61763130137e-29,
        "mean": -6.78345823957e-09,
        "median": -6.75592914945e-09,
        "min": -2.17773603595e-08,
        "var": 7.2474405442e-18
    },
    "spectral_energy": {
        "dmean": 0.00679451599717,
        "dmean2": 0.0110362004489,
        "dvar": 4.94385785714e-05,
        "dvar2": 0.000130274798721,
        "max": 0.0865212976933,
        "mean": 0.0280863735825,
        "median": 0.0279668606818,
        "min": 1.03788055901e-20,
        "var": 0.000120249125757
    },
    "spectral_energyband_high": {
        "dmean": 0.000397110532504,
        "dmean2": 0.000599892460741,
        "dvar": 3.9429124854e-07,
        "dvar2": 8.40363895804e-07,
        "max": 0.0104297716171,
        "mean": 0.00133602472488,
        "median": 0.00113463425077,
        "min": 7.25765280618e-21,
        "var": 1.2268573073e-06
    },
    "spectral_energyband_low": {
        "dmean": 0.00487535540015,
        "dmean2": 0.00802293233573,
        "dvar": 3.71950955014e-05,
        "dvar2": 0.000102099293144,
        "max": 0.0744516253471,
        "mean": 0.0120849628001,
        "median": 0.0111152585596,
        "min": 1.55378603508e-23,
        "var": 6.2450148107e-05
    },
    "spectral_energyband_middle_high": {
        "dmean": 0.0020501143299,
        "dmean2": 0.00317446189001,
        "dvar": 7.7586119005e-06,
        "dvar2": 1.87317491509e-05,
        "max": 0.0531765632331,
        "mean": 0.00819219928235,
        "median": 0.00589312519878,
        "min": 1.45669565389e-21,
        "var": 4.91986429552e-05
    },
    "spectral_energyband_middle_low": {
        "dmean": 0.00281905499287,
        "dmean2": 0.00457765767351,
        "dvar": 1.13897040137e-05,
        "dvar2": 2.89149011223e-05,
        "max": 0.0377767942846,
        "mean": 0.00775543786585,
        "median": 0.00633907411247,
        "min": 3.04238104672e-22,
        "var": 2.84224170173e-05
    },
    "spectral_entropy": {
        "dmean": 0.0964842662215,
        "dmean2": 0.146923810244,
        "dvar": 0.0114745348692,
        "dvar2": 0.0228010881692,
        "max": 9.81183052063,
        "mean": 7.89753580093,
        "median": 7.92959308624,
        "min": 6.83359146118,
        "var": 0.0683769732714
    },
    "spectral_flux": {
        "dmean": 0.0184475090355,
        "dmean2": 0.0289983712137,
        "dvar": 0.000336618308211,
        "dvar2": 0.00075327680679,
        "max": 0.250880777836,
        "mean": 0.0851530358195,
        "median": 0.0821494907141,
        "min": 1.04478842244e-10,
        "var": 0.0008437242941
    },
    "spectral_kurtosis": {
        "dmean": 0.800656795502,
        "dmean2": 1.34729468822,
        "dvar": 0.710864961147,
        "dvar2": 1.93860280514,
        "max": 13.6224689484,
        "mean": 3.55497550964,
        "median": 3.35091257095,
        "min": -1.21183085442,
        "var": 2.38797259331
    },
    "spectral_rms": {
        "dmean": 0.000635161763057,
        "dmean2": 0.00101960171014,
        "dvar": 3.79145149054e-07,
        "dvar2": 9.72782117969e-07,
        "max": 0.00918754749,
        "mean": 0.00511608179659,
        "median": 0.00522348005325,
        "min": 3.18208480399e-12,
        "var": 1.22703499983e-06
    },
    "spectral_rolloff": {
        "dmean": 545.859985352,
        "dmean2": 901.787414551,
        "dvar": 537420.1875,
        "dvar2": 1143478.125,
        "max": 19143.0175781,
        "mean": 2003.18603516,
        "median": 2045.65429688,
        "min": 86.1328125,
        "var": 1539483.625
    },
    "spectral_skewness": {
        "dmean": 0.12907807529,
        "dmean2": 0.208297744393,
        "dvar": 0.0180879235268,
        "dvar2": 0.0414972044528,
        "max": 2.69822263718,
        "mean": 1.35933792591,
        "median": 1.33920145035,
        "min": -0.0316285192966,
        "var": 0.0750315338373
    },
    "spectral_spread": {
        "dmean": 364933.15625,
        "dmean2": 533213.625,
        "dvar": 401617715200,
        "dvar2": 494712324096,
        "max": 40830544,
        "mean": 4713792.5,
        "median": 4657515,
        "min": 2209234.25,
        "var": 1.36719944909e+12
    },
    "spectral_strongpeak": {
        "dmean": 0.494750261307,
        "dmean2": 0.87366515398,
        "dvar": 0.973272800446,
        "dvar2": 2.55100727081,
        "max": 12.6271514893,
        "mean": 0.77418243885,
        "median": 0.28720510006,
        "min": 0,
        "var": 1.57525599003
    },
    "zerocrossingrate": {
        "dmean": 0.00936253834516,
        "dmean2": 0.0115714725107,
        "dvar": 0.000119108626677,
        "dvar2": 0.00014910720347,
        "max": 0.7099609375,
        "mean": 0.0754622742534,
        "median": 0.07470703125,
        "min": 0.005859375,
        "var": 0.000869504467119
    },
    "barkbands": {
        "dmean": [0.000121712153486, 0.00373310549185, 0.00169142929371, 0.000892687181477, 0.000915181473829, 0.000584886001889, 0.00086943351198, 0.000716918555554, 0.000582712353207, 0.0010420687031, 0.000364190287655, 0.000357476033969, 0.00027999462327, 0.000248892203672, 0.000318670558045, 0.000386978470488, 0.000258794840192, 0.000376609823434, 0.000322262581903, 0.000191757659195, 0.000135858237627, 9.9771474197e-05, 9.13348558242e-05, 5.45198454347e-05, 4.54744076706e-05, 1.81727045856e-05, 3.06094580083e-06],
        "dmean2": [0.000188293226529, 0.00618028594181, 0.00288682151586, 0.00149477971718, 0.00151952251326, 0.000939959893003, 0.00140778464265, 0.00115112750791, 0.000947724969592, 0.00167634326499, 0.000569044961594, 0.000584723369684, 0.000440163974417, 0.000396838324377, 0.000515888968948, 0.000616169185378, 0.000423465884523, 0.000603903201409, 0.00052202079678, 0.000309528259095, 0.000221932408749, 0.000161818097695, 0.000144024350448, 8.32743171486e-05, 6.60018849885e-05, 2.5880006433e-05, 4.7103731049e-06],
        "dvar": [2.65984176906e-08, 1.98796915356e-05, 8.25379811431e-06, 1.6809049157e-06, 2.00384852178e-06, 1.27097894165e-06, 3.07180130221e-06, 1.73025307504e-06, 1.31499007239e-06, 5.15818874192e-06, 8.70998633218e-07, 5.98154315412e-07, 2.57251826952e-07, 2.64963773589e-07, 3.30284450456e-07, 7.66537652908e-07, 1.57541734325e-07, 2.96582300052e-07, 2.30549701996e-07, 8.34705033981e-08, 4.13861762638e-08, 3.77748250457e-08, 3.55473481761e-08, 1.03222825842e-08, 5.27895416269e-09, 7.28634652614e-10, 4.74084244084e-11],
        "dvar2": [5.9676480646e-08, 5.5391148635e-05, 2.29215202125e-05, 4.58886734123e-06, 5.22383197676e-06, 3.2745090266e-06, 7.93682738731e-06, 4.20846754423e-06, 3.35426670972e-06, 1.31734823299e-05, 1.97969097826e-06, 1.55557495418e-06, 5.42528709957e-07, 6.33085846857e-07, 7.60150669521e-07, 1.64915491041e-06, 4.00633979325e-07, 7.13499048288e-07, 5.65440814171e-07, 2.01495026886e-07, 1.01614375581e-07, 8.70047855983e-08, 7.67546950442e-08, 2.10802593159e-08, 1.01504777916e-08, 1.45126499707e-09, 1.03446161359e-10],
        "max": [0.00232771062292, 0.0427718162537, 0.0444983243942, 0.0171110052615, 0.0201586931944, 0.0253607854247, 0.0284300334752, 0.0231841206551, 0.0207511726767, 0.0453472211957, 0.0236891712993, 0.0212733466178, 0.0129740675911, 0.0134216155857, 0.014063748531, 0.0240563694388, 0.00936872232705, 0.0129460822791, 0.0115763293579, 0.00720619689673, 0.00341564626433, 0.00451841857284, 0.00605511432514, 0.00266269850545, 0.00258667930029, 0.000657356809825, 0.000200241585844],
        "mean": [0.000298042024951, 0.00769566837698, 0.00293272011913, 0.00162027019542, 0.0014994245721, 0.00101170199923, 0.00140338938218, 0.00106084463187, 0.000951845082454, 0.00206546415575, 0.000662479142193, 0.000639162841253, 0.000549853022676, 0.000481065129861, 0.000594052718952, 0.000780136906542, 0.000598188082222, 0.00087719556177, 0.000802104827017, 0.00047240787535, 0.000344879896147, 0.000220053509111, 0.000211134902202, 0.000142586301081, 0.000127143168356, 4.0675906348e-05, 3.88663875128e-06],
        "median": [0.000122142257169, 0.00695246225223, 0.00194561143871, 0.00103703967761, 0.000905365566723, 0.000528102158569, 0.00051336386241, 0.000410929846112, 0.00041282485472, 0.000588368857279, 0.000201887305593, 0.000304814835545, 0.000257824285654, 0.00021274285973, 0.000363490602467, 0.000472493993584, 0.0004511209263, 0.00061441399157, 0.00057506270241, 0.000372357026208, 0.000278030580375, 0.000161059302627, 0.000152740045451, 0.000103099402622, 9.78050156846e-05, 2.75892598438e-05, 1.21906691675e-06],
        "min": [2.81760190809e-24, 6.18878813972e-24, 5.50182636978e-24, 9.28278975128e-24, 7.56556356955e-23, 1.95121415913e-23, 2.07226123628e-23, 3.00616242308e-23, 3.17198824288e-23, 4.64255812993e-23, 3.48521240727e-23, 1.02014962149e-22, 3.36890591085e-23, 6.46453462691e-23, 8.89856179453e-23, 1.2483104096e-22, 1.34185871067e-22, 1.93335305451e-22, 3.27047493943e-22, 3.65802501033e-22, 3.47066410824e-22, 5.19935925468e-22, 6.30582490046e-22, 5.72206379163e-22, 1.10285137541e-21, 1.53928547791e-21, 2.50702994613e-21],
        "var": [1.49488371903e-07, 3.17274898407e-05, 1.06884099296e-05, 3.3192823139e-06, 3.30452394337e-06, 2.22423341256e-06, 5.65729033042e-06, 2.87965758616e-06, 2.36505479734e-06, 1.84121545317e-05, 2.60170759248e-06, 1.12959355647e-06, 8.33543651879e-07, 9.11571021334e-07, 7.59845363518e-07, 1.73331636688e-06, 4.12990885934e-07, 8.27489600397e-07, 7.26769485482e-07, 2.27018261967e-07, 1.05459683652e-07, 7.10269603132e-08, 8.44619449936e-08, 3.30178693275e-08, 2.13813429184e-08, 2.20571250154e-09, 7.64479382576e-11]
    },
    "erbbands": {
        "dmean": [0.108997754753, 0.866673111916, 1.78051543236, 2.73493123055, 2.23409795761, 3.33372330666, 4.61922979355, 5.47749757767, 13.7561330795, 8.78844928741, 16.4135513306, 13.064622879, 19.6106529236, 31.3980617523, 14.9136600494, 12.5264024734, 12.1317815781, 9.23793315887, 16.8356571198, 14.9912281036, 21.1339149475, 13.5458040237, 16.2936477661, 21.5193519592, 10.6148824692, 9.06175327301, 6.89936828613, 4.29802083969, 3.6254837513, 3.05395102501, 2.74561333656, 1.48037624359, 0.841891229153, 0.606601893902, 0.29541310668, 0.106143578887, 0.0299814771861, 0.00472318707034, 0.000578758772463, 2.03050240088e-05],
        "dmean2": [0.179775044322, 1.4425547123, 3.04537343979, 4.53683423996, 3.82499670982, 5.58227109909, 7.49109697342, 8.83024692535, 22.2376213074, 14.2424325943, 26.2652988434, 21.1350288391, 31.9021930695, 49.8858261108, 23.0985965729, 20.3753929138, 19.1339797974, 14.7610387802, 26.8609600067, 24.2511348724, 33.399520874, 21.812871933, 26.1112613678, 34.486076355, 17.1175994873, 14.6809406281, 11.1474218369, 6.96391487122, 5.95929431915, 4.84933519363, 4.35286998749, 2.32325410843, 1.28543138504, 0.901302695274, 0.439967900515, 0.155230820179, 0.0430403985083, 0.00670264987275, 0.000888668466359, 3.09458846459e-05],
        "dvar": [0.0148517657071, 1.26802814007, 9.88961410522, 14.9121417999, 14.829583168, 34.3838729858, 82.6155853271, 129.66418457, 785.520324707, 313.275634766, 911.21673584, 822.23840332, 1516.38537598, 5872.32666016, 1151.54211426, 760.193969727, 508.305236816, 300.708465576, 1050.29638672, 659.31439209, 2548.75585938, 453.299957275, 525.480163574, 1103.93408203, 263.675689697, 186.320724487, 117.154075623, 56.015045166, 49.0924339294, 39.2585372925, 33.2172546387, 8.59299850464, 2.35968112946, 1.10912954807, 0.210565507412, 0.0240295641124, 0.0024921935983, 7.43298369343e-05, 1.75937384483e-06, 1.78858028388e-09],
        "dvar2": [0.0405367724597, 3.51269960403, 27.7570362091, 40.8299560547, 40.5418434143, 90.772895813, 200.718643188, 340.939758301, 2058.62011719, 774.284179688, 2228.20043945, 2036.2376709, 3925.34423828, 14777.1337891, 2581.82275391, 1988.03186035, 1141.52978516, 697.707580566, 2549.54272461, 1622.73498535, 5343.36035156, 1093.56616211, 1276.4107666, 2665.81079102, 635.274047852, 452.834686279, 286.405975342, 132.064590454, 117.205841064, 86.8350524902, 74.6692123413, 18.5536117554, 4.8579750061, 2.22890305519, 0.430495023727, 0.0493265017867, 0.00512554356828, 0.000150883191964, 3.84113081964e-06, 4.04528543996e-09],
        "max": [1.27991247177, 12.3261938095, 45.02186203, 46.9355316162, 73.6366882324, 94.941986084, 184.967941284, 307.812286377, 483.846618652, 410.194824219, 566.117675781, 558.87689209, 817.437133789, 1744.171875, 1013.15936279, 912.505187988, 675.008850098, 521.462585449, 832.010986328, 524.398071289, 1623.00561523, 574.334594727, 643.795410156, 714.703308105, 668.719055176, 355.3409729, 269.116424561, 179.347229004, 148.288955688, 183.414276123, 176.607025146, 76.5033950806, 43.5180702209, 38.9102783203, 11.5411930084, 3.44316768646, 1.29253876209, 0.202954486012, 0.0386120155454, 0.00168045132887],
        "mean": [0.241622403264, 1.63842320442, 3.12281322479, 5.54609489441, 3.57165455818, 5.21763467789, 7.64383363724, 9.46719074249, 21.9504032135, 15.1432390213, 25.2536029816, 21.7916297913, 36.1501350403, 66.4553451538, 30.0747566223, 25.4142360687, 25.7784576416, 19.3995399475, 34.8972892761, 31.7123146057, 43.7276077271, 35.1043052673, 42.1123886108, 55.5353317261, 29.1761798859, 22.8259620667, 17.8945159912, 10.6049098969, 7.72693824768, 6.81063604355, 6.17399358749, 3.51382040977, 2.23034620285, 1.64536786079, 0.763633191586, 0.241261437535, 0.0641714259982, 0.00898736342788, 0.000771054066718, 5.65537084185e-05],
        "median": [0.204374372959, 1.33897602558, 2.33910894394, 4.11130905151, 2.34416723251, 2.75178456306, 3.67603826523, 4.77654504776, 8.30277729034, 6.94243621826, 11.0587482452, 10.025182724, 16.9336032867, 17.0368766785, 13.0106658936, 12.3860445023, 12.53565979, 10.8751106262, 17.2402305603, 22.2023658752, 27.2133178711, 27.1237468719, 33.8475875854, 37.0819320679, 22.3264389038, 18.0823841095, 13.0016689301, 8.81698894501, 5.64978313446, 4.6355047226, 4.46034145355, 2.5220041275, 1.6111330986, 1.2442688942, 0.573142409325, 0.174940735102, 0.038396731019, 0.00487941224128, 0.000260467175394, 4.67383106297e-05],
        "min": [1.35966727716e-22, 1.66926289596e-21, 7.27091839213e-21, 1.70609587942e-20, 2.23039768678e-20, 2.67180165035e-19, 4.88287042036e-19, 1.48282115591e-19, 4.62864059499e-19, 6.37879450491e-19, 6.87428861652e-19, 5.62114772862e-19, 1.36909072347e-18, 2.01895493536e-18, 1.24638178832e-18, 4.89191429619e-18, 1.93982435643e-18, 2.83102026979e-18, 2.89495533408e-18, 6.79349829969e-18, 8.29433521669e-18, 7.89588479717e-18, 9.97582548435e-18, 1.10585271512e-17, 1.54573040767e-17, 1.82876415089e-17, 1.13663392551e-17, 1.73393236044e-17, 1.81970470339e-17, 1.92009614018e-17, 1.38972828005e-17, 1.01276081637e-17, 1.01477996424e-17, 1.02714945769e-17, 8.52237236796e-18, 5.8581100553e-18, 2.68376061406e-18, 1.29080996922e-18, 3.37524819248e-19, 3.75313169665e-20],
        "var": [0.0343138277531, 1.93332254887, 10.3061990738, 28.6887588501, 17.8395690918, 58.600692749, 161.970733643, 211.127624512, 1357.02404785, 560.22857666, 1490.71166992, 1443.96325684, 3073.14355469, 22733.8144531, 3279.90820312, 1625.88757324, 1651.38330078, 702.610595703, 3730.46972656, 1298.10388184, 5526.83740234, 1473.00671387, 1536.73278809, 3948.73242188, 820.070983887, 514.886474609, 365.991119385, 100.67767334, 84.0268783569, 86.1843795776, 73.398147583, 22.0488452911, 7.93216943741, 4.03781461716, 0.76610404253, 0.0705027133226, 0.00716389808804, 0.000170299404999, 2.85676992462e-06, 3.15310710874e-09]
    },
    "gfcc": {
        "mean": [42.8329353333, 69.4956741333, -119.583129883, 42.9779930115, -51.5330963135, 21.0184078217, -30.9824352264, 23.3536834717, -21.9868125916, 5.24508714676, -15.3827629089, 3.34611558914, -10.3541259766],
        "cov": [[2790.75292969, -302.896270752, 182.355499268, 287.684265137, -74.1053771973, -98.3703918457, -161.935943604, 109.325569153, -57.4970207214, 71.7709960938, 17.6471195221, 88.5633087158, -58.7417907715], [-302.896270752, 614.729675293, 146.631973267, 99.0430908203, 70.3316192627, 5.08710336685, 28.0180606842, -20.4120063782, 38.7481613159, -22.6960639954, 41.4147644043, -59.2125396729, 29.5225601196], [182.355499268, 146.631973267, 705.815551758, 327.583648682, 34.0499420166, 43.71534729, -123.899543762, -35.9494285583, 26.9512138367, 28.3456668854, 9.16550636292, 2.32419681549, -10.1835231781], [287.684265137, 99.0430908203, 327.583648682, 418.083618164, 71.6694869995, 22.0618553162, -74.5327377319, -13.0552577972, 27.9610328674, 14.20424366, 14.9381284714, -3.94849038124, 6.58452606201], [-74.1053771973, 70.3316192627, 34.0499420166, 71.6694869995, 186.157821655, 46.0153160095, 29.7782096863, 0.506993412971, 7.60488843918, -13.3606357574, -5.27851676941, -15.7374563217, 11.4312505722], [-98.3703918457, 5.08710336685, 43.71534729, 22.0618553162, 46.0153160095, 165.343856812, 81.5450210571, -16.4571285248, -21.0942592621, -14.4555158615, -9.99513339996, -17.4901599884, -6.61787509918], [-161.935943604, 28.0180606842, -123.899543762, -74.5327377319, 29.7782096863, 81.5450210571, 175.449890137, 22.4933738708, -12.8668041229, -22.0501976013, -2.81064367294, -19.2677822113, -1.30116164684], [109.325569153, -20.4120063782, -35.9494285583, -13.0552577972, 0.506993412971, -16.4571285248, 22.4933738708, 85.3083877563, 19.1827716827, 8.29340076447, 3.43588352203, 7.98066997528, 3.2417986393], [-57.4970207214, 38.7481613159, 26.9512138367, 27.9610328674, 7.60488843918, -21.0942592621, -12.8668041229, 19.1827716827, 76.2891693115, 23.3186359406, 4.59074401855, -3.59115290642, 5.67565631866], [71.7709960938, -22.6960639954, 28.3456668854, 14.20424366, -13.3606357574, -14.4555158615, -22.0501976013, 8.29340076447, 23.3186359406, 62.8288230896, 24.8984260559, 10.5494909286, -7.44381904602], [17.6471195221, 41.4147644043, 9.16550636292, 14.9381284714, -5.27851676941, -9.99513339996, -2.81064367294, 3.43588352203, 4.59074401855, 24.8984260559, 59.9443855286, 15.8347473145, -0.405663073063], [88.5633087158, -59.2125396729, 2.32419681549, -3.94849038124, -15.7374563217, -17.4901599884, -19.2677822113, 7.98066997528, -3.59115290642, 10.5494909286, 15.8347473145, 59.0963897705, 16.745223999], [-58.7417907715, 29.5225601196, -10.1835231781, 6.58452606201, 11.4312505722, -6.61787509918, -1.30116164684, 3.2417986393, 5.67565631866, -7.44381904602, -0.405663073063, 16.745223999, 54.5023345947]],
        "icov": [[0.000540709821507, 9.40926765907e-05, 6.28154957667e-05, -0.000524873496033, 0.000134366608108, 0.000165230972925, 0.000270684657153, -0.000899167614989, 0.000882689841092, -0.000475383596495, 0.00029187684413, -0.000593424774706, 0.000686423387378], [9.40926765907e-05, 0.00278767594136, -0.000781477952842, -1.71571336978e-05, -0.000427605322329, 0.000879578175955, -0.000838669075165, 0.000553433026653, -0.0011047743028, 0.00192371744197, -0.00347599084489, 0.00361509504728, -0.00216778391041], [6.28154957667e-05, -0.000781477952842, 0.00283911940642, -0.00176615943201, 0.000339542079018, -0.00158190377988, 0.00187569286209, -1.69955965248e-05, -1.22541059682e-05, -0.000925002212171, 0.00114351988304, -0.00138891441748, 0.00132753385697], [-0.000524873496033, -1.71571336978e-05, -0.00176615943201, 0.00474204169586, -0.00141734245699, -0.000556307728402, 0.000826602161396, 0.000578400620725, -0.00153236149345, 0.000904926331714, -0.00158727611415, 0.00137065257877, -0.00139401224442], [0.000134366608108, -0.000427605322329, 0.000339542079018, -0.00141734245699, 0.00668222550303, -0.00144495302811, -0.000457519636257, -0.000548445968889, -0.000398797768867, 0.000580197956879, 0.000554375583306, 0.000541830959264, -0.000985732651316], [0.000165230972925, 0.000879578175955, -0.00158190377988, -0.000556307728402, -0.00144495302811, 0.010662551038, -0.00614719372243, 0.00238703913055, 0.00206966116093, -0.000586962152738, 0.000748655293137, 0.00108827161603, 0.000157808171934], [0.000270684657153, -0.000838669075165, 0.00187569286209, 0.000826602161396, -0.000457519636257, -0.00614719372243, 0.011586801149, -0.00423532957211, 0.000590795767494, 0.00166846206412, -0.00127520097885, 0.00102031964343, 0.000718086317647], [-0.000899167614989, 0.000553433026653, -1.69955965248e-05, 0.000578400620725, -0.000548445968889, 0.00238703913055, -0.00423532957211, 0.0159629601985, -0.00511308759451, 1.40938600453e-05, -0.000406089995522, -0.000905429711565, -0.00117811677046], [0.000882689841092, -0.0011047743028, -1.22541059682e-05, -0.00153236149345, -0.000398797768867, 0.00206966116093, 0.000590795767494, -0.00511308759451, 0.0194623842835, -0.00862650386989, 0.00333956140094, 0.000997489318252, -0.00110074016266], [-0.000475383596495, 0.00192371744197, -0.000925002212171, 0.000904926331714, 0.000580197956879, -0.000586962152738, 0.00166846206412, 1.40938600453e-05, -0.00862650386989, 0.0258401725441, -0.0114519633353, 0.000574788893573, 0.00217517674901], [0.00029187684413, -0.00347599084489, 0.00114351988304, -0.00158727611415, 0.000554375583306, 0.000748655293137, -0.00127520097885, -0.000406089995522, 0.00333956140094, -0.0114519633353, 0.0265361238271, -0.0100431405008, 0.00394249847159], [-0.000593424774706, 0.00361509504728, -0.00138891441748, 0.00137065257877, 0.000541830959264, 0.00108827161603, 0.00102031964343, -0.000905429711565, 0.000997489318252, 0.000574788893573, -0.0100431405008, 0.028487123549, -0.0117786508054], [0.000686423387378, -0.00216778391041, 0.00132753385697, -0.00139401224442, -0.000985732651316, 0.000157808171934, 0.000718086317647, -0.00117811677046, -0.00110074016266, 0.00217517674901, 0.00394249847159, -0.0117786508054, 0.025051381439]]
    },
    "melbands": {
        "dmean": [0.00100542057771, 0.00096173962811, 0.000428916275268, 0.000187168756383, 0.000161297459272, 0.000123490070109, 0.000198362511583, 0.000107555177237, 0.000127508115838, 8.29697091831e-05, 0.000105653743958, 0.000140487667522, 5.18634587934e-05, 4.28285893577e-05, 3.29828435497e-05, 2.35372317547e-05, 1.85190838238e-05, 2.95420904877e-05, 2.15829859371e-05, 2.4476687031e-05, 2.60675751633e-05, 1.4749649381e-05, 1.62894211826e-05, 1.94003987417e-05, 1.97451063286e-05, 1.07368559839e-05, 6.79717140883e-06, 6.56275869915e-06, 5.6030239648e-06, 3.24442225974e-06, 2.61538502855e-06, 2.26523047786e-06, 1.99377109311e-06, 1.75255127033e-06, 1.73562489181e-06, 1.31966817207e-06, 8.88763622697e-07, 6.16700845057e-07, 6.40452924472e-07, 5.51551067929e-07],
        "dmean2": [0.00165791099425, 0.00161812116858, 0.000714159396011, 0.000315323210089, 0.000261744426098, 0.000198257024749, 0.000320338847814, 0.00017387184198, 0.000205113465199, 0.000134254834848, 0.000172237268998, 0.000224412287935, 7.99157569418e-05, 7.00696982676e-05, 5.23933777004e-05, 3.76200950996e-05, 2.95198351523e-05, 4.72864849144e-05, 3.49980691681e-05, 3.94544040319e-05, 4.13529232901e-05, 2.3839145797e-05, 2.66058577836e-05, 3.11109688482e-05, 3.18701931974e-05, 1.75971126737e-05, 1.10994933493e-05, 1.05998205981e-05, 9.06638342713e-06, 5.37749428986e-06, 4.25898087997e-06, 3.79235075343e-06, 3.23785616274e-06, 2.79690084426e-06, 2.79258165392e-06, 2.10320581573e-06, 1.40111512792e-06, 9.59767476161e-07, 9.9412147847e-07, 8.33762271668e-07],
        "dvar": [1.27366627112e-06, 2.2376943889e-06, 3.77578601274e-07, 9.43728153402e-08, 8.89119817771e-08, 6.05497447737e-08, 1.56897755232e-07, 4.09904110654e-08, 5.29588426446e-08, 3.24048698985e-08, 4.29891606757e-08, 1.15995263172e-07, 1.67508122928e-08, 8.63792415373e-09, 4.41554171005e-09, 1.74272496434e-09, 1.40267020221e-09, 3.60974961033e-09, 1.5563712541e-09, 2.95434854358e-09, 3.64797458907e-09, 5.9873600522e-10, 4.98015129136e-10, 9.44080924548e-10, 9.56483448e-10, 2.64043648057e-10, 8.74108077586e-11, 1.17440002168e-10, 9.72737793092e-11, 1.99702025749e-11, 2.50453546791e-11, 1.84212055332e-11, 1.51052816089e-11, 1.38801982061e-11, 1.48549020307e-11, 7.61470747568e-12, 3.02319952926e-12, 1.39777273957e-12, 1.14629876771e-12, 9.5402917337e-13],
        "dvar2": [3.52454344466e-06, 6.26013797955e-06, 1.04551645563e-06, 2.50711934768e-07, 2.19662240397e-07, 1.5906879014e-07, 4.11260941746e-07, 1.00060816521e-07, 1.30363645212e-07, 7.99427510856e-08, 1.10864029068e-07, 2.93215322245e-07, 3.66721444323e-08, 2.25152430033e-08, 1.0134863615e-08, 3.91765464514e-09, 3.15191783784e-09, 8.90068729831e-09, 3.69957020574e-09, 6.72816025116e-09, 7.55946860664e-09, 1.45562573106e-09, 1.29899246915e-09, 2.32345631623e-09, 2.33324359833e-09, 6.45863529325e-10, 2.02138777938e-10, 2.89287982458e-10, 2.41072883878e-10, 5.04395449019e-11, 5.95876473164e-11, 4.50353816739e-11, 3.55462985435e-11, 2.99833873008e-11, 3.33854541235e-11, 1.77592281159e-11, 6.79548691623e-12, 3.07633649457e-12, 2.48750781258e-12, 1.98646351104e-12],
        "max": [0.0102143082768, 0.0211795438081, 0.00701961386949, 0.00392220262438, 0.00608655344695, 0.0060900663957, 0.00665068998933, 0.00373875326477, 0.0039670560509, 0.00316966488026, 0.0041182236746, 0.00766273355111, 0.00329082133248, 0.00279687950388, 0.00202039419673, 0.00123987719417, 0.0011338283075, 0.00136143481359, 0.000930632348172, 0.00135506712832, 0.00184927100781, 0.000627792149317, 0.000430666084867, 0.000907518784516, 0.000700350210536, 0.000406441075029, 0.00046078991727, 0.000254196755122, 0.000233341022977, 7.75269800215e-05, 0.000128470172058, 8.89773582458e-05, 7.70591868786e-05, 0.000152923807036, 0.000155346118845, 7.41962576285e-05, 4.68340367661e-05, 3.60611120414e-05, 3.50898299075e-05, 3.37180244969e-05],
        "mean": [0.00217424356379, 0.00187844014727, 0.000880304316524, 0.000289931311272, 0.000270634802291, 0.000213845414692, 0.000320940627716, 0.000176042754902, 0.000196334556676, 0.000134353482281, 0.000190408027265, 0.000290940108243, 9.98953837552e-05, 7.45858706068e-05, 6.81052624714e-05, 4.49011749879e-05, 3.42807652487e-05, 5.86642563576e-05, 3.98898155254e-05, 4.84439624415e-05, 4.97520632052e-05, 3.33344869432e-05, 3.67880420526e-05, 4.27968989243e-05, 4.67345016659e-05, 2.55087561527e-05, 1.60618492373e-05, 1.45811318362e-05, 1.26568247651e-05, 7.70536553318e-06, 5.51824814465e-06, 4.36949039795e-06, 4.08879304814e-06, 3.56522014044e-06, 3.63554431715e-06, 2.85301189251e-06, 1.9170674932e-06, 1.45899184645e-06, 1.59156172685e-06, 1.34610831992e-06],
        "median": [0.00202423706651, 0.00155632931273, 0.000685453880578, 0.000167698759469, 0.000136858318001, 0.000109575819806, 0.000124496989883, 7.83364812378e-05, 8.69691357366e-05, 5.68308169022e-05, 8.48541967571e-05, 7.18449300621e-05, 3.59460973414e-05, 3.52809474862e-05, 2.87456769001e-05, 2.38153079408e-05, 1.78132413566e-05, 2.61008899543e-05, 2.58652653429e-05, 2.98443155771e-05, 3.05472931359e-05, 2.44453331106e-05, 2.94960700558e-05, 2.78285006061e-05, 3.02794178424e-05, 1.80734641617e-05, 1.31123942992e-05, 1.04470973383e-05, 7.83466202847e-06, 6.58271346765e-06, 4.22552147938e-06, 3.11472922476e-06, 2.79432083516e-06, 2.31561989494e-06, 2.55938039118e-06, 2.02080536837e-06, 1.33468461172e-06, 9.94438323687e-07, 1.16315845844e-06, 9.75295279204e-07],
        "min": [1.70659269172e-24, 3.2453960494e-24, 5.45868475016e-24, 7.45928964834e-24, 1.85578691761e-23, 2.75072701372e-24, 6.95572581152e-24, 7.3263728967e-24, 5.29034341071e-24, 3.97835018505e-24, 6.01490071367e-24, 8.38467161068e-24, 4.67565747134e-24, 8.86798381035e-24, 8.54710122651e-24, 3.44849992515e-24, 5.33258375674e-24, 4.10493830008e-24, 9.35934791327e-24, 8.45150153999e-24, 9.37894085157e-24, 8.77718355357e-24, 7.02481898277e-24, 9.29158160607e-24, 6.99616361039e-24, 1.12132893697e-23, 1.03856677839e-23, 1.03864203572e-23, 6.88376197544e-24, 7.36873709389e-24, 1.05287576858e-23, 9.84786343946e-24, 7.81495547607e-24, 1.15407005664e-23, 8.31895476411e-24, 6.11938849601e-24, 5.86123810351e-24, 7.27698704859e-24, 6.84952067899e-24, 8.71077724257e-24],
        "var": [2.35710194829e-06, 2.62425851361e-06, 6.49819924092e-07, 1.39882615713e-07, 1.71059298282e-07, 1.01169398192e-07, 2.7627308441e-07, 7.24289179743e-08, 8.5905192293e-08, 5.7017725652e-08, 9.28985741666e-08, 4.46067105031e-07, 5.19320302317e-08, 1.5335549719e-08, 2.02902370461e-08, 4.04773015106e-09, 2.97132363158e-09, 1.33930866397e-08, 2.86645662761e-09, 6.42856345934e-09, 7.50838147212e-09, 1.58814461582e-09, 1.21795118435e-09, 2.38838882005e-09, 3.16322812388e-09, 7.65062568853e-10, 2.2869435512e-10, 2.8606561564e-10, 2.77031758644e-10, 4.31397036149e-11, 3.96284255411e-11, 2.88145930727e-11, 2.8512336589e-11, 2.92392464407e-11, 2.85186665949e-11, 1.73225496447e-11, 7.00548169821e-12, 3.98316102324e-12, 3.70920438461e-12, 3.07480299902e-12]
    },
    "mfcc": {
        "mean": [-597.097900391, 97.2606048584, -5.07445955276, 26.903377533, 7.13377428055, 3.10035395622, 7.15200519562, 12.0542373657, 6.07678985596, 6.02406644821, 2.46102833748, 1.4616560936, 2.15326571465],
        "cov": [[2106.40600586, -384.261657715, 73.6528244019, 232.093383789, 44.8164978027, -140.305084229, -46.5416297913, -8.19522857666, -90.5046081543, 13.2919826508, 5.39389228821, -8.48524665833, 47.2251434326], [-384.261657715, 504.240264893, 25.7769565582, 6.15215015411, 27.346912384, 9.94286441803, 31.2625541687, 1.10920977592, 20.7350730896, 13.9248332977, 15.9258422852, 8.77207660675, -4.96582221985], [73.6528244019, 25.7769565582, 663.594604492, 238.008361816, 177.803115845, 83.3142547607, -47.5218582153, -41.1478424072, -22.9406604767, -7.69499206543, -7.29768180847, 43.530254364, 5.6549243927], [232.093383789, 6.15215015411, 238.008361816, 320.88949585, 164.461761475, 19.4323673248, -29.309709549, -20.213684082, -2.18876171112, 3.64814710617, -20.7897567749, 43.2597236633, 27.7136096954], [44.8164978027, 27.346912384, 177.803115845, 164.461761475, 223.023208618, 48.2935409546, -15.8899745941, -16.0275325775, 11.824678421, -4.88615226746, -26.7147712708, 32.4514846802, 9.33888149261], [-140.305084229, 9.94286441803, 83.3142547607, 19.4323673248, 48.2935409546, 172.159744263, 67.9765472412, 24.6177272797, 15.6611804962, 11.1132802963, -3.1877617836, -0.653295040131, -14.3659667969], [-46.5416297913, 31.2625541687, -47.5218582153, -29.309709549, -15.8899745941, 67.9765472412, 134.870986938, 52.5789070129, 11.9723958969, 17.8133506775, 7.95720243454, -13.669883728, -8.03140449524], [-8.19522857666, 1.10920977592, -41.1478424072, -20.213684082, -16.0275325775, 24.6177272797, 52.5789070129, 79.2958221436, 30.6189498901, 10.263086319, -0.0510247051716, -9.11964797974, -2.33525443077], [-90.5046081543, 20.7350730896, -22.9406604767, -2.18876171112, 11.824678421, 15.6611804962, 11.9723958969, 30.6189498901, 80.6984176636, 17.7393283844, -10.1780147552, 3.95173120499, -2.42510867119], [13.2919826508, 13.9248332977, -7.69499206543, 3.64814710617, -4.88615226746, 11.1132802963, 17.8133506775, 10.263086319, 17.7393283844, 63.237991333, 22.7103500366, -4.57896900177, -2.49289727211], [5.39389228821, 15.9258422852, -7.29768180847, -20.7897567749, -26.7147712708, -3.1877617836, 7.95720243454, -0.0510247051716, -10.1780147552, 22.7103500366, 68.2261199951, 7.79790735245, -0.0674780756235], [-8.48524665833, 8.77207660675, 43.530254364, 43.2597236633, 32.4514846802, -0.653295040131, -13.669883728, -9.11964797974, 3.95173120499, -4.57896900177, 7.79790735245, 67.6205596924, 26.6137561798], [47.2251434326, -4.96582221985, 5.6549243927, 27.7136096954, 9.33888149261, -14.3659667969, -8.03140449524, -2.33525443077, -2.42510867119, -2.49289727211, -0.0674780756235, 26.6137561798, 52.9274291992]],
