{
"lowlevel": {
    "average_loudness": 0.975359976292,
    "barkbands_crest": {
        "dmean": 2.33439445496,
        "dmean2": 3.93499732018,
        "dvar": 4.18176221848,
        "dvar2": 11.4563426971,
        "max": 24.9815597534,
        "mean": 8.65131759644,
        "median": 7.91113090515,
        "min": 2.52509474754,
        "var": 12.830581665
    },
    "barkbands_flatness_db": {
        "dmean": 0.0182716790587,
        "dmean2": 0.0295683983713,
        "dvar": 0.000268904463155,
        "dvar2": 0.000703166064341,
        "max": 0.296477496624,
        "mean": 0.105176270008,
        "median": 0.0946495831013,
        "min": 0.0186966676265,
        "var": 0.00218102359213
    },
    "barkbands_kurtosis": {
        "dmean": 2.39297986031,
        "dmean2": 3.89347934723,
        "dvar": 13.510307312,
        "dvar2": 32.96849823,
        "max": 113.904373169,
        "mean": 3.5650613308,
        "median": 0.905693888664,
        "min": -1.90495479107,
        "var": 47.1417160034
    },
    "barkbands_skewness": {
        "dmean": 0.525691211224,
        "dmean2": 0.83630001545,
        "dvar": 0.260891973972,
        "dvar2": 0.635167241096,
        "max": 8.81274795532,
        "mean": 1.54867529869,
        "median": 1.28857779503,
        "min": -2.18623232841,
        "var": 1.21830821037
    },
    "barkbands_spread": {
        "dmean": 6.90580463409,
        "dmean2": 10.7691421509,
        "dvar": 71.43699646,
        "dvar2": 151.120407104,
        "max": 104.314582825,
        "mean": 29.2919559479,
        "median": 27.2726593018,
        "min": 1.4748146534,
        "var": 305.954681396
    },
    "dissonance": {
        "dmean": 0.014181163162,
        "dmean2": 0.0236923415214,
        "dvar": 0.000221040681936,
        "dvar2": 0.000560099259019,
        "max": 0.500000059605,
        "mean": 0.472234904766,
        "median": 0.478553891182,
        "min": 0.11380289495,
        "var": 0.000535006693099
    },
    "dynamic_complexity": 1.68719482422,
    "erbbands_crest": {
        "dmean": 2.20038318634,
        "dmean2": 3.65563321114,
        "dvar": 4.37454032898,
        "dvar2": 11.148478508,
        "max": 28.0079994202,
        "mean": 7.27546787262,
        "median": 6.50620365143,
        "min": 2.33206892014,
        "var": 10.6943817139
    },
    "erbbands_flatness_db": {
        "dmean": 0.0140168676153,
        "dmean2": 0.0203667189926,
        "dvar": 0.000152565713506,
        "dvar2": 0.000306831410853,
        "max": 0.295189350843,
        "mean": 0.125036329031,
        "median": 0.120652616024,
        "min": 0.0533718243241,
        "var": 0.00125058996491
    },
    "erbbands_kurtosis": {
        "dmean": 0.746026277542,
        "dmean2": 1.1810939312,
        "dvar": 0.995123922825,
        "dvar2": 2.15193724632,
        "max": 24.6336116791,
        "mean": 0.0747923254967,
        "median": -0.340278148651,
        "min": -1.74227762222,
        "var": 2.52816677094
    },
    "erbbands_skewness": {
        "dmean": 0.337293624878,
        "dmean2": 0.511501014233,
        "dvar": 0.101627908647,
        "dvar2": 0.204171568155,
        "max": 4.05803489685,
        "mean": 0.0392343103886,
        "median": -0.00270245946012,
        "min": -3.35554790497,
        "var": 0.637678325176
    },
    "erbbands_spread": {
        "dmean": 8.81792926788,
        "dmean2": 13.6802110672,
        "dvar": 79.7432098389,
        "dvar2": 186.260375977,
        "max": 147.689147949,
        "mean": 46.0188713074,
        "median": 43.5569534302,
        "min": 4.35753965378,
        "var": 347.274993896
    },
    "hfc": {
        "dmean": 7.23209905624,
        "dmean2": 10.3612861633,
        "dvar": 82.5594329834,
        "dvar2": 159.661590576,
        "max": 149.615249634,
        "mean": 28.7146511078,
        "median": 26.458650589,
        "min": 1.23382392517e-16,
        "var": 368.255096436
    },
    "melbands_crest": {
        "dmean": 3.19719338417,
        "dmean2": 5.38721752167,
        "dvar": 7.30321502686,
        "dvar2": 20.3010482788,
        "max": 30.4909687042,
        "mean": 13.4120168686,
        "median": 12.5075359344,
        "min": 2.04054164886,
        "var": 23.193523407
    },
    "melbands_flatness_db": {
        "dmean": 0.0246181283146,
        "dmean2": 0.0396725162864,
        "dvar": 0.000516660977155,
        "dvar2": 0.00133306207135,
        "max": 0.417648881674,
        "mean": 0.175066635013,
        "median": 0.162875667214,
        "min": 0.00582807743922,
        "var": 0.00358119397424
    },
    "melbands_kurtosis": {
        "dmean": 7.1634516716,
        "dmean2": 11.7331647873,
        "dvar": 104.170173645,
        "dvar2": 262.435302734,
        "max": 197.296432495,
        "mean": 14.2740955353,
        "median": 8.0174665451,
        "min": -1.68646907806,
        "var": 297.224884033
    },
    "melbands_skewness": {
        "dmean": 0.772105455399,
        "dmean2": 1.23494541645,
        "dvar": 0.605700850487,
        "dvar2": 1.54082977772,
        "max": 12.0692901611,
        "mean": 2.92269968987,
        "median": 2.60342645645,
        "min": -0.486195623875,
        "var": 2.28442549706
    },
    "melbands_spread": {
        "dmean": 8.71844577789,
        "dmean2": 13.7223682404,
        "dvar": 121.7215271,
        "dvar2": 280.379547119,
        "max": 253.690475464,
        "mean": 26.9518299103,
        "median": 23.7354545593,
        "min": 1.07028889656,
        "var": 344.089660645
    },
    "pitch_salience": {
        "dmean": 0.0690370798111,
        "dmean2": 0.115458153188,
        "dvar": 0.00330194993876,
        "dvar2": 0.00929119903594,
        "max": 0.947598040104,
        "mean": 0.581704378128,
        "median": 0.590846776962,
        "min": 0.120023660362,
        "var": 0.0110029019415
    },
    "silence_rate_20dB": {
        "dmean": 0,
        "dmean2": 0,
        "dvar": 0,
        "dvar2": 0,
        "max": 1,
        "mean": 1,
        "median": 1,
        "min": 1,
        "var": 0
    },
    "silence_rate_30dB": {
        "dmean": 0,
        "dmean2": 0,
        "dvar": 0,
        "dvar2": 0,
        "max": 1,
        "mean": 1,
        "median": 1,
        "min": 1,
        "var": 0
    },
    "silence_rate_60dB": {
        "dmean": 0.00205417885445,
        "dmean2": 0.00410888530314,
        "dvar": 0.00204957276583,
        "dvar2": 0.00486106565222,
        "max": 1,
        "mean": 0.00744544295594,
        "median": 0,
        "min": 0,
        "var": 0.00739150634035
    },
    "spectral_centroid": {
        "dmean": 285.473754883,
        "dmean2": 446.054962158,
        "dvar": 99934.1875,
        "dvar2": 204548.875,
        "max": 10862.8164062,
        "mean": 1537.33105469,
        "median": 1541.03222656,
        "min": 241.970336914,
        "var": 453939.53125
    },
    "spectral_complexity": {
        "dmean": 3.730645895,
        "dmean2": 5.76784801483,
        "dvar": 11.3830337524,
        "dvar2": 24.3027229309,
        "max": 60,
        "mean": 26.2287540436,
        "median": 29,
        "min": 0,
        "var": 118.621528625
    },
    "spectral_decrease": {
        "dmean": 2.99180302754e-09,
        "dmean2": 5.06402164646e-09,
        "dvar": 1.78802931076e-17,
        "dvar2": 4.94589486219e-17,
        "max": 8.40172614135e-29,
        "mean": -7.83108866642e-09,
        "median": -7.22068804748e-09,
        "min": -4.37994600588e-08,
        "var": 1.84170191742e-17
    },
    "spectral_energy": {
        "dmean": 0.0116723040119,
        "dmean2": 0.0196662973613,
        "dvar": 0.000266002054559,
        "dvar2": 0.000733986729756,
        "max": 0.169449880719,
        "mean": 0.0321608707309,
        "median": 0.0298909060657,
        "min": 1.08740541325e-20,
        "var": 0.000287244969513
    },
    "spectral_energyband_high": {
        "dmean": 0.000538837630302,
        "dmean2": 0.000697156356182,
        "dvar": 1.13420378511e-06,
        "dvar2": 1.80544407158e-06,
        "max": 0.0201818849891,
        "mean": 0.00149240088649,
        "median": 0.000830023433082,
        "min": 8.0382883534e-21,
        "var": 4.16338934883e-06
    },
    "spectral_energyband_low": {
        "dmean": 0.00723899481818,
        "dmean2": 0.0126923667267,
        "dvar": 0.000158976079547,
        "dvar2": 0.00044981323299,
        "max": 0.137382686138,
        "mean": 0.0118533642963,
        "median": 0.00911963265389,
        "min": 7.95223604847e-23,
        "var": 0.000137688039104
    },
    "spectral_energyband_middle_high": {
        "dmean": 0.00179423915688,
        "dmean2": 0.00267985346727,
        "dvar": 5.68029008718e-06,
        "dvar2": 1.23556883409e-05,
        "max": 0.0501588471234,
        "mean": 0.00636860448867,
        "median": 0.00531808007509,
        "min": 1.4139974025e-21,
        "var": 2.78263050859e-05
    },
    "spectral_energyband_middle_low": {
        "dmean": 0.00647908309475,
        "dmean2": 0.0107602709904,
        "dvar": 7.20657480997e-05,
        "dvar2": 0.000194354026462,
        "max": 0.0945050269365,
        "mean": 0.0139437075704,
        "median": 0.0117788976058,
        "min": 3.53695139591e-22,
        "var": 9.44076455198e-05
    },
    "spectral_entropy": {
        "dmean": 0.125898018479,
        "dmean2": 0.183981984854,
        "dvar": 0.0147808529437,
        "dvar2": 0.0285589452833,
        "max": 9.79959487915,
        "mean": 7.77752161026,
        "median": 7.8163022995,
        "min": 6.36781549454,
        "var": 0.128540828824
    },
    "spectral_flux": {
        "dmean": 0.0245919376612,
        "dmean2": 0.0396033227444,
        "dvar": 0.000835229759105,
        "dvar2": 0.001601095777,
        "max": 0.321198523045,
        "mean": 0.100117191672,
        "median": 0.095010407269,
        "min": 1.04278731483e-10,
        "var": 0.00178941106424
    },
    "spectral_kurtosis": {
        "dmean": 0.886232733727,
        "dmean2": 1.40501308441,
        "dvar": 0.757327973843,
        "dvar2": 2.01734399796,
        "max": 16.0959529877,
        "mean": 3.93959975243,
        "median": 3.81081485748,
        "min": -1.15058147907,
        "var": 4.02918577194
    },
    "spectral_rms": {
        "dmean": 0.000942550133914,
        "dmean2": 0.00155062391423,
        "dvar": 1.16053945476e-06,
        "dvar2": 3.1139497878e-06,
        "max": 0.012857564725,
        "mean": 0.00542585365474,
        "median": 0.00540017196909,
        "min": 3.25712048478e-12,
        "var": 1.93640312318e-06
    },
    "spectral_rolloff": {
        "dmean": 656.934631348,
        "dmean2": 1074.86547852,
        "dvar": 1183549,
        "dvar2": 2523617.25,
        "max": 19186.0839844,
        "mean": 1860.63415527,
        "median": 1571.92382812,
        "min": 86.1328125,
        "var": 2749951.25
    },
    "spectral_skewness": {
        "dmean": 0.144388526678,
        "dmean2": 0.218241989613,
        "dvar": 0.0189860295504,
        "dvar2": 0.0381737165153,
        "max": 3.13559603691,
        "mean": 1.48635280132,
        "median": 1.49732804298,
        "min": -0.141422256827,
        "var": 0.145856797695
    },
    "spectral_spread": {
        "dmean": 474116.84375,
        "dmean2": 657031.9375,
        "dvar": 412393570304,
        "dvar2": 568786812928,
        "max": 39498260,
        "mean": 5059673.5,
        "median": 4836510.5,
        "min": 2259466.5,
        "var": 2.10730038067e+12
    },
    "spectral_strongpeak": {
        "dmean": 0.44259557128,
        "dmean2": 0.777047753334,
        "dvar": 0.486201405525,
        "dvar2": 1.31148588657,
        "max": 9.02104568481,
        "mean": 0.674012362957,
        "median": 0.426718235016,
        "min": 0,
        "var": 0.525804102421
    },
    "zerocrossingrate": {
        "dmean": 0.0114561477676,
        "dmean2": 0.0134220290929,
        "dvar": 0.000180763250683,
        "dvar2": 0.000204203388421,
        "max": 0.51953125,
        "mean": 0.0729038417339,
        "median": 0.068359375,
        "min": 0.0048828125,
        "var": 0.00143514282536
    },
    "barkbands": {
        "dmean": [9.43422419368e-05, 0.00384341203608, 0.0036217761226, 0.00202121213078, 0.00346514722332, 0.00129953061696, 0.00123001530301, 0.000979450647719, 0.000650479341857, 0.000587545335293, 0.000470951403258, 0.000331868533976, 0.000250493001658, 0.000242058988078, 0.000276236678474, 0.00041400801274, 0.000301822117763, 0.000283360830508, 0.000294069614029, 0.000170412007719, 0.000122866244055, 0.000124127283925, 0.000120734650409, 0.000122692785226, 7.75294538471e-05, 3.17165940942e-05, 1.0802583347e-05],
        "dmean2": [0.000157926566317, 0.00676671369001, 0.00636443076655, 0.00349652837031, 0.00589234102517, 0.00212541571818, 0.00199375138618, 0.00156712264288, 0.00104966072831, 0.000931320944801, 0.000735055538826, 0.000519164488651, 0.000403183978051, 0.00040207314305, 0.000454391061794, 0.000670472683851, 0.000488686491735, 0.000449694693089, 0.000460625102278, 0.000267559487838, 0.000184846940101, 0.000181309849722, 0.000168138372828, 0.000168513157405, 0.000107676998596, 4.41956763098e-05, 1.5593777789e-05],
        "dvar": [2.56353178685e-08, 5.06656942889e-05, 3.49855909008e-05, 9.74428439804e-06, 3.16655969073e-05, 4.77662206322e-06, 4.35824404121e-06, 3.12773545375e-06, 1.8694092887e-06, 1.89001605122e-06, 1.02073488506e-06, 6.19701381765e-07, 3.17451167575e-07, 1.68858193206e-07, 2.04157458938e-07, 4.94143819196e-07, 2.13409720118e-07, 2.14913683294e-07, 2.5213751087e-07, 9.48404945689e-08, 5.54980594814e-08, 9.39603239658e-08, 7.70722934362e-08, 9.04820609549e-08, 3.16918189469e-08, 2.62181010235e-09, 5.14695508436e-10],
        "dvar2": [6.48500844136e-08, 0.000143096825923, 9.97753668344e-05, 2.69833017228e-05, 8.78997016116e-05, 1.2116974176e-05, 1.07360592665e-05, 7.6674432421e-06, 4.99238376506e-06, 4.70630766358e-06, 2.41175416704e-06, 1.2761876178e-06, 7.79905576564e-07, 4.5492797085e-07, 5.19629566043e-07, 1.21848722756e-06, 5.34878097369e-07, 5.16185139077e-07, 5.88756279285e-07, 2.1053438104e-07, 1.1243101028e-07, 1.75324373686e-07, 1.42510998558e-07, 1.69098669289e-07, 6.10051102967e-08, 5.22166310191e-09, 1.10520315122e-09],
        "max": [0.00183742702939, 0.0806157886982, 0.0851684361696, 0.0482502803206, 0.0751392692327, 0.0324851162732, 0.0317596122622, 0.0284390188754, 0.0228352639824, 0.0234718602151, 0.0233832169324, 0.0224792081863, 0.0145531995222, 0.00895819719881, 0.00828521512449, 0.0126031432301, 0.00870223157108, 0.013392072171, 0.0100928451866, 0.00748809799552, 0.00544407544658, 0.00721299787983, 0.00786781404167, 0.00583964865655, 0.00387318525463, 0.00106028199662, 0.000297576683806],
        "mean": [0.000113313210022, 0.00555649260059, 0.00490553863347, 0.0024597288575, 0.00507257413119, 0.00194735615514, 0.0016714700032, 0.00140413688496, 0.000992615125142, 0.000937277101912, 0.00072855479084, 0.000522259972058, 0.000393522437662, 0.000418712908868, 0.000518672983162, 0.000858849147335, 0.000661248748656, 0.000636595825199, 0.000658011529595, 0.000375037052436, 0.000288424809696, 0.000263218244072, 0.000257921230514, 0.000267372466624, 0.000175589811988, 6.21418876108e-05, 1.41953314596e-05],
        "median": [3.70431080228e-05, 0.00356543529779, 0.00299554783851, 0.00143450510222, 0.00344898365438, 0.000916588120162, 0.000671662797686, 0.000505633710418, 0.000382531550713, 0.000314751174301, 0.000295314530376, 0.000180483009899, 0.000141167663969, 0.000242603098741, 0.000345194508554, 0.000554435071535, 0.000472508923849, 0.000467574573122, 0.000414993497543, 0.000233956845477, 0.000167718069861, 0.000121631077491, 0.000115550414193, 0.000104089267552, 7.75140069891e-05, 3.21300540236e-05, 4.06208710046e-06],
        "min": [7.97832778068e-24, 3.84417977566e-23, 1.70810316314e-23, 3.15625993415e-23, 2.41706934028e-23, 8.09226580112e-23, 3.6136607352e-23, 3.25124478248e-23, 1.37983636791e-22, 4.12844832721e-23, 1.95234585899e-23, 1.43981314699e-22, 1.47364164831e-22, 4.87178564731e-23, 8.42423046073e-23, 1.90534293879e-22, 8.06391035366e-23, 2.85667763605e-22, 2.47601425774e-22, 3.35497014653e-22, 4.37887777515e-22, 5.79960389612e-22, 5.69240262159e-22, 1.0274482888e-21, 9.95669386953e-22, 1.62524713326e-21, 2.81985850624e-21],
        "var": [3.19657083026e-08, 4.74138905702e-05, 3.47733330273e-05, 1.00908864624e-05, 3.1811039662e-05, 8.18566059024e-06, 6.80081302562e-06, 5.4982938309e-06, 3.13860209644e-06, 3.76616253561e-06, 1.84616783372e-06, 1.34911124405e-06, 6.04612864663e-07, 3.24868835833e-07, 3.96735970298e-07, 1.25758367631e-06, 5.6454763353e-07, 4.82275311242e-07, 6.76646493503e-07, 2.40756605763e-07, 1.52126162334e-07, 2.22138552886e-07, 2.18806889052e-07, 2.66443834107e-07, 9.84734640497e-08, 7.19859327702e-09, 7.71014641021e-10]
    },
    "erbbands": {
        "dmean": [0.0679475441575, 1.02973484993, 3.80936360359, 5.39787387848, 9.17072296143, 12.8873033524, 10.8221998215, 11.4459161758, 16.6512355804, 20.8968334198, 16.6844024658, 15.1258621216, 18.9201755524, 14.2600603104, 18.1925678253, 12.6185131073, 11.3468427658, 12.5162401199, 11.3819122314, 17.5620231628, 21.487323761, 13.7048101425, 14.2652378082, 17.5064067841, 11.3188524246, 7.9356508255, 4.60013484955, 5.69260644913, 3.99657845497, 4.2561340332, 3.66825342178, 2.96774220467, 1.81881892681, 1.07663226128, 0.474806249142, 0.169232949615, 0.0522106997669, 0.0148864202201, 0.00209883181378, 6.73202957842e-05],
        "dmean2": [0.11583353579, 1.82905137539, 6.72709274292, 9.34241104126, 15.7733211517, 22.2389278412, 18.0207366943, 18.5735931396, 26.9465255737, 33.750289917, 26.5396175385, 24.3088111877, 29.5815982819, 22.2278289795, 28.1340332031, 19.691160202, 18.0849266052, 20.687292099, 18.9171676636, 28.6533184052, 34.4309997559, 21.8616046906, 22.9313030243, 27.7166347504, 17.555103302, 12.3399248123, 7.10075759888, 8.59941673279, 5.87194347382, 6.11977100372, 5.16386508942, 4.13634777069, 2.54370427132, 1.52868688107, 0.669207155704, 0.236696124077, 0.0733313784003, 0.0213250014931, 0.00304042571224, 9.90217085928e-05],
        "dvar": [0.0158491320908, 3.66567492485, 41.0928153992, 69.7028961182, 208.192489624, 487.526245117, 322.846221924, 436.730133057, 947.340637207, 1582.57897949, 1002.12329102, 1076.28881836, 1881.03588867, 1326.06982422, 1502.51855469, 883.740844727, 704.617675781, 486.578155518, 304.508605957, 958.112487793, 1234.8470459, 450.455474854, 545.408996582, 857.05480957, 345.29309082, 219.121185303, 69.7537002563, 144.466293335, 88.2526702881, 116.759063721, 73.4937667847, 54.9203567505, 19.1878261566, 7.06008291245, 0.962716519833, 0.087219953537, 0.00761191733181, 0.000894226541277, 1.95082047867e-05, 1.5193377223e-08],
        "dvar2": [0.0420366637409, 10.4720840454, 117.507530212, 195.257034302, 572.993469238, 1357.66064453, 856.202819824, 1094.88806152, 2283.12866211, 3977.94458008, 2469.34936523, 2893.32299805, 4675.87402344, 3115.14550781, 3465.77148438, 1902.42529297, 1753.08422852, 1300.74414062, 786.618896484, 2442.13208008, 3017.7722168, 1111.18469238, 1307.29638672, 2021.62695312, 798.920471191, 488.12512207, 146.769485474, 297.175292969, 167.306610107, 224.983459473, 142.742477417, 104.576278687, 36.9364051819, 14.2158794403, 1.88187551498, 0.171398282051, 0.0150454249233, 0.00194654520601, 4.23191304435e-05, 3.31101972506e-08],
        "max": [1.37299609184, 22.2867870331, 79.9761352539, 110.102355957, 174.498596191, 302.159301758, 378.541931152, 338.236755371, 526.835632324, 618.481628418, 659.324157715, 544.342651367, 829.50604248, 1217.74023438, 679.250244141, 618.83203125, 666.565551758, 525.64831543, 354.813201904, 615.476806641, 825.534790039, 531.400756836, 684.614929199, 494.140991211, 489.306640625, 284.177001953, 160.582183838, 317.736633301, 232.589889526, 237.593414307, 248.20513916, 165.675338745, 78.0200958252, 59.9113426208, 22.0854072571, 8.76401233673, 1.98940086365, 0.357002496719, 0.0534637980163, 0.00158662733156],
        "mean": [0.0970887094736, 1.4931820631, 5.51413202286, 7.26072406769, 11.7573308945, 17.7313842773, 16.1868152618, 17.2776145935, 23.6553821564, 30.32513237, 25.6021785736, 23.7110061646, 30.7168979645, 24.9072399139, 30.4669589996, 21.6194133759, 19.3263092041, 22.5778675079, 22.6257514954, 35.3590164185, 48.3631210327, 34.1592483521, 34.7411384583, 38.7553329468, 26.5409679413, 17.7989368439, 11.0721082687, 12.2504148483, 8.71556663513, 8.495221138, 7.67828941345, 6.37418460846, 3.89183950424, 2.36002445221, 1.04670965672, 0.36007347703, 0.0931969285011, 0.0221852827817, 0.00272753415629, 0.00011917467782],
        "median": [0.0510954745114, 0.96802765131, 3.3774471283, 4.76941490173, 7.62467575073, 10.6484451294, 9.24103355408, 7.40212535858, 10.241440773, 10.9160499573, 11.7279596329, 10.0955028534, 10.2242183685, 9.34489059448, 12.7277269363, 8.18163490295, 7.65392875671, 12.6457843781, 16.3435287476, 23.3885765076, 32.9334182739, 26.1292095184, 27.2285499573, 24.7066650391, 17.5840587616, 11.4004764557, 7.46733474731, 6.32836341858, 4.09455347061, 3.78305268288, 3.43774223328, 2.48985481262, 1.55933856964, 0.963271558285, 0.477472960949, 0.188119515777, 0.0433249101043, 0.00839815102518, 0.000775648513809, 6.63981918478e-05],
        "min": [8.67003522739e-22, 9.20390377435e-21, 2.7913736452e-20, 6.07614372368e-20, 6.04038884171e-20, 9.73298384222e-20, 1.43605068387e-19, 8.26997805638e-19, 8.61451429114e-19, 5.55560814074e-19, 9.16734804583e-19, 3.05933390618e-18, 1.80215461913e-18, 1.62240878901e-18, 1.59295495535e-18, 5.74375812588e-18, 8.44514016853e-18, 2.56039303635e-18, 3.63629838049e-18, 7.9593998605e-18, 8.50150177393e-18, 5.21063360365e-18, 1.27422375716e-17, 1.32990699174e-17, 1.43891574799e-17, 1.39479095627e-17, 1.67737123908e-17, 1.86097539113e-17, 1.93605261963e-17, 2.25262671689e-17, 1.38594930542e-17, 1.92086607989e-17, 1.6553889143e-17, 1.05750103047e-17, 8.13159570298e-18, 5.31719473247e-18, 3.0939009568e-18, 1.50378323095e-18, 3.52911464316e-19, 4.26993992621e-20],
        "var": [0.0193551033735, 3.28150343895, 41.5615615845, 69.0055084229, 189.683532715, 496.637817383, 461.715240479, 763.299926758, 1525.45996094, 2687.66577148, 1699.63623047, 1732.32080078, 3752.39208984, 2874.72314453, 3093.73168945, 1915.22155762, 1317.31347656, 993.926513672, 603.926269531, 2033.07177734, 3604.94482422, 1404.91809082, 1312.13623047, 2198.29248047, 980.280578613, 542.866455078, 183.575942993, 348.517547607, 216.56439209, 263.720336914, 198.91897583, 165.088623047, 52.4654502869, 20.1189022064, 3.01555275917, 0.269907653332, 0.018143735826, 0.00146584655158, 2.86067861452e-05, 2.40617019642e-08]
    },
    "gfcc": {
        "mean": [44.696308136, 71.8642501831, -104.58480072, 37.4493484497, -52.0010032654, 10.0721473694, -42.4542922974, 13.3840007782, -24.5088710785, -1.84022665024, -18.4042167664, -0.124573111534, -12.9786977768],
        "cov": [[2981.16137695, -606.398376465, 60.1829528809, 305.652526855, 29.8573150635, 11.4370861053, -78.9367675781, 59.0033531189, 41.4200744629, 93.0917663574, -61.3836669922, 42.9914016724, -66.8921508789], [-606.398376465, 918.008605957, 87.0134963989, -48.7172813416, 110.253051758, -71.5539398193, 23.3262615204, -1.68690478802, -15.010260582, -63.6409111023, 97.4082336426, -24.5316352844, -4.87263584137], [60.1829528809, 87.0134963989, 759.042114258, 321.69519043, 29.3839912415, 57.8353996277, -88.7057952881, -37.1805000305, 0.641767680645, 5.76322555542, 42.474811554, 18.7910079956, 12.4677524567], [305.652526855, -48.7172813416, 321.69519043, 464.631713867, 48.0666275024, 42.2689323425, -84.4811096191, 0.451887011528, 16.2239704132, 24.6543712616, 13.3685188293, 3.86562490463, 26.6663265228], [29.8573150635, 110.253051758, 29.3839912415, 48.0666275024, 226.886917114, -6.33299875259, 31.3797035217, 12.0151224136, 18.8110179901, 3.57678866386, 8.89751148224, 2.01166033745, -7.85765361786], [11.4370861053, -71.5539398193, 57.8353996277, 42.2689323425, -6.33299875259, 157.685241699, 65.0475997925, 10.3942394257, -14.3240175247, -1.89935350418, -6.04152059555, 0.697365641594, 3.78109574318], [-78.9367675781, 23.3262615204, -88.7057952881, -84.4811096191, 31.3797035217, 65.0475997925, 173.780532837, 33.2750587463, -3.08710193634, -7.78556203842, -1.04555618763, 2.29855060577, -14.5120077133], [59.0033531189, -1.68690478802, -37.1805000305, 0.451887011528, 12.0151224136, 10.3942394257, 33.2750587463, 92.3798370361, 33.1626243591, 12.7419071198, 8.02735996246, -5.90831899643, -2.56346464157], [41.4200744629, -15.010260582, 0.641767680645, 16.2239704132, 18.8110179901, -14.3240175247, -3.08710193634, 33.1626243591, 84.1282653809, 36.094203949, 7.03860807419, -3.02380895615, -2.71370220184], [93.0917663574, -63.6409111023, 5.76322555542, 24.6543712616, 3.57678866386, -1.89935350418, -7.78556203842, 12.7419071198, 36.094203949, 74.0934524536, 16.9371871948, 5.15121364594, -2.47091054916], [-61.3836669922, 97.4082336426, 42.474811554, 13.3685188293, 8.89751148224, -6.04152059555, -1.04555618763, 8.02735996246, 7.03860807419, 16.9371871948, 71.7053527832, 18.5277824402, 0.98765796423], [42.9914016724, -24.5316352844, 18.7910079956, 3.86562490463, 2.01166033745, 0.697365641594, 2.29855060577, -5.90831899643, -3.02380895615, 5.15121364594, 18.5277824402, 55.1201133728, 20.6329784393], [-66.8921508789, -4.87263584137, 12.4677524567, 26.6663265228, -7.85765361786, 3.78109574318, -14.5120077133, -2.56346464157, -2.71370220184, -2.47091054916, 0.98765796423, 20.6329784393, 59.6977615356]],
        "icov": [[0.000479573791381, 0.000221558657358, 6.57217460684e-05, -0.00035144019057, -9.43553677644e-05, 8.68499846547e-05, 0.000202644892852, -0.00043071815162, 0.000176868095878, -0.000299652660033, 0.000454799097497, -0.000806946947705, 0.00097857019864], [0.000221558657358, 0.00197552051395, -0.000289154500933, 0.000168856873643, -0.000839665124658, 0.000995440757833, -0.000445837911684, 3.8032343582e-05, 1.10614801088e-05, 0.00196236814372, -0.0031123587396, 0.00184311112389, -0.000389652675949], [6.57217460684e-05, -0.000289154500933, 0.00217252154835, -0.00136500049848, 4.12168592447e-05, -0.00102489022538, 0.000832971942145, 0.000746675941627, -0.000367257307516, 0.000282277993392, -0.000543757749256, -0.000947130378336, 0.000842270848807], [-0.00035144019057, 0.000168856873643, -0.00136500049848, 0.00396474543959, -0.000960176519584, -0.00107805687003, 0.00149598182179, -0.000459757982753, -9.16215503821e-05, -0.000358806719305, -0.000624274543952, 0.00150082155596, -0.00210753222927], [-9.43553677644e-05, -0.000839665124658, 4.12168592447e-05, -0.000960176519584, 0.00534324767068, 0.000634516298305, -0.00155469239689, 0.00016194251657, -0.00108321406879, -0.000321419909596, 0.00100408715662, -0.00104106625076, 0.000818824977614], [8.68499846547e-05, 0.000995440757833, -0.00102489022538, -0.00107805687003, 0.000634516298305, 0.00971767585725, -0.0049059689045, -0.000448906270321, 0.00191898958292, -5.01215072291e-05, -0.000299384410027, 0.00150817958638, -0.00130083272234], [0.000202644892852, -0.000445837911684, 0.000832971942145, 0.00149598182179, -0.00155469239689, -0.0049059689045, 0.0100357206538, -0.00302039785311, 0.000435366266174, 0.000195521235582, 0.000829740660265, -0.00265084416606, 0.00269481935538], [-0.00043071815162, 3.8032343582e-05, 0.000746675941627, -0.000459757982753, 0.00016194251657, -0.000448906270321, -0.00302039785311, 0.0149208102375, -0.00596280489117, 0.00108363293111, -0.00299055455253, 0.00307369162329, -0.00171293469612], [0.000176868095878, 1.10614801088e-05, -0.000367257307516, -9.16215503821e-05, -0.00108321406879, 0.00191898958292, 0.000435366266174, -0.00596280489117, 0.0181827433407, -0.00817953329533, 0.0013274801895, 0.000613725103904, 0.00015628465917], [-0.000299652660033, 0.00196236814372, 0.000282277993392, -0.000358806719305, -0.000321419909596, -5.01215072291e-05, 0.000195521235582, 0.00108363293111, -0.00817953329533, 0.0211514756083, -0.0076165930368, 0.00122063129675, 0.00018843691214], [0.000454799097497, -0.0031123587396, -0.000543757749256, -0.000624274543952, 0.00100408715662, -0.000299384410027, 0.000829740660265, -0.00299055455253, 0.0013274801895, -0.0076165930368, 0.0235167406499, -0.0104573760182, 0.00384274404496], [-0.000806946947705, 0.00184311112389, -0.000947130378336, 0.00150082155596, -0.00104106625076, 0.00150817958638, -0.00265084416606, 0.00307369162329, 0.000613725103904, 0.00122063129675, -0.0104573760182, 0.0279649179429, -0.0113852312788], [0.00097857019864, -0.000389652675949, 0.000842270848807, -0.00210753222927, 0.000818824977614, -0.00130083272234, 0.00269481935538, -0.00171293469612, 0.00015628465917, 0.00018843691214, 0.00384274404496, -0.0113852312788, 0.0232392866164]]
    },
    "melbands": {
        "dmean": [0.000841437780764, 0.00174005981535, 0.000985387363471, 0.000785355689004, 0.000428662606282, 0.000260664906818, 0.000247924996074, 0.000230022793403, 0.000131017848616, 9.49372260948e-05, 9.59341996349e-05, 5.93827426201e-05, 6.5855376306e-05, 3.87360742025e-05, 3.13177952194e-05, 2.29878951359e-05, 2.58032978309e-05, 1.81492432603e-05, 1.97990430024e-05, 2.98497343465e-05, 2.73479836324e-05, 1.6503412553e-05, 1.549422268e-05, 1.46172460518e-05, 1.58309630933e-05, 1.01439482023e-05, 7.42465954318e-06, 5.29427006768e-06, 3.23883455167e-06, 3.21897687172e-06, 3.55644647243e-06, 2.42225769398e-06, 2.66163169726e-06, 2.29763691095e-06, 2.11141878026e-06, 2.04179787033e-06, 2.06699269256e-06, 1.32962600219e-06, 1.21368395867e-06, 9.71341137301e-07],
        "dmean2": [0.00146834691986, 0.00308136758395, 0.00170209433418, 0.00135439448059, 0.000715316855349, 0.000422186363721, 0.00040103046922, 0.000370193301933, 0.000209018136957, 0.000152719803737, 0.00015034720127, 9.35861098696e-05, 0.000102031255665, 6.00668900006e-05, 4.92750004923e-05, 3.73364564439e-05, 4.29046522186e-05, 3.03743654513e-05, 3.23414024024e-05, 4.87349279865e-05, 4.43984063168e-05, 2.65969847533e-05, 2.54995447904e-05, 2.34756607824e-05, 2.53348662227e-05, 1.58610091603e-05, 1.18722045954e-05, 8.27653548185e-06, 5.11942062076e-06, 5.02977445649e-06, 5.41242570762e-06, 3.67690518033e-06, 3.95354527427e-06, 3.35314757649e-06, 3.06534116135e-06, 2.94185861094e-06, 2.96866664939e-06, 1.89343370494e-06, 1.78411846719e-06, 1.42836711348e-06],
        "dvar": [2.46977492679e-06, 9.23700918065e-06, 2.11414635487e-06, 1.86083650533e-06, 4.3283478135e-07, 2.05626960792e-07, 1.88994476957e-07, 1.84149186566e-07, 6.43193871497e-08, 4.33811955247e-08, 4.84181441607e-08, 2.38349251447e-08, 1.92525959619e-08, 8.43715053378e-09, 6.04306515939e-09, 2.57528154357e-09, 2.02348249267e-09, 7.9849071799e-10, 1.19579213198e-09, 2.91419666176e-09, 2.02123828785e-09, 7.50820738915e-10, 5.09204900467e-10, 6.50000997471e-10, 7.34760252641e-10, 3.29584137759e-10, 1.66124614065e-10, 1.11402706504e-10, 3.68445690624e-11, 3.16708499704e-11, 6.53703133291e-11, 3.07697547997e-11, 4.85246148818e-11, 3.14076230301e-11, 2.39496998622e-11, 2.35869431625e-11, 2.8930528112e-11, 1.10309903573e-11, 7.75370306155e-12, 6.0604451145e-12],
        "dvar2": [6.8467352321e-06, 2.63763740804e-05, 5.88026250625e-06, 5.20675303051e-06, 1.14344277335e-06, 5.15843112225e-07, 4.60457812324e-07, 4.60216540432e-07, 1.57329125727e-07, 1.17864651372e-07, 1.20477963605e-07, 5.65314834944e-08, 4.50312214184e-08, 1.65604649993e-08, 1.42092950739e-08, 6.44493791668e-09, 5.4102073932e-09, 2.07516781536e-09, 2.98860847181e-09, 7.50423811979e-09, 5.0294564069e-09, 1.86757431742e-09, 1.33517330525e-09, 1.55503021571e-09, 1.76584280531e-09, 7.57051477063e-10, 3.96557231497e-10, 2.49861603629e-10, 8.08078604031e-11, 7.13976239242e-11, 1.36252009675e-10, 6.41544109503e-11, 9.56657392193e-11, 6.26838927986e-11, 4.82422088388e-11, 4.81222943438e-11, 5.83864762094e-11, 2.19947098729e-11, 1.60251933251e-11, 1.33316612957e-11],
        "max": [0.0174784660339, 0.0333923324943, 0.0199515521526, 0.0190042592585, 0.01222624816, 0.00671541551128, 0.00714256893843, 0.00618955446407, 0.00536923808977, 0.0036053720396, 0.00400752201676, 0.00496299006045, 0.00254329503514, 0.00277516408823, 0.00216249679215, 0.000956811883952, 0.00103445758577, 0.000622105319053, 0.000689440523274, 0.000990704749711, 0.00113911891822, 0.000739634037018, 0.000412593013607, 0.000729011197109, 0.00045987725025, 0.000395535171265, 0.000277821585769, 0.0002444475831, 0.000110102257167, 9.98117684503e-05, 0.000240434019361, 0.000144889636431, 0.000153712215251, 0.00014125398593, 0.000129792431835, 0.000146210368257, 0.000120579934446, 5.97296311753e-05, 5.92214382777e-05, 5.68559298699e-05],
        "mean": [0.00122709851712, 0.00265144649893, 0.00140481907874, 0.00106570636854, 0.000660346995573, 0.000394459348172, 0.000352623232175, 0.000331570656272, 0.000197145782295, 0.0001457031467, 0.000151843865751, 9.82380734058e-05, 0.000106034982309, 6.3446459535e-05, 5.0306567573e-05, 3.66943786503e-05, 4.32249216828e-05, 3.35841505148e-05, 3.80209348805e-05, 5.70757911191e-05, 5.71206801396e-05, 3.57116405212e-05, 3.22786545439e-05, 3.12251322612e-05, 3.2251005905e-05, 2.13520434045e-05, 1.58446073328e-05, 1.07032901724e-05, 6.74772309139e-06, 7.02640045347e-06, 6.96896859154e-06, 4.81689539811e-06, 5.0833741625e-06, 4.29539750257e-06, 4.16703051087e-06, 4.21211143475e-06, 4.00785938837e-06, 2.64978666564e-06, 2.44510920311e-06, 1.94037829715e-06],
        "median": [0.000757770438213, 0.00182997342199, 0.00100755831227, 0.000725699414033, 0.000386249215808, 0.000169601582456, 0.000153815926751, 0.000115784001537, 8.99440565263e-05, 5.63188950764e-05, 4.83645344502e-05, 3.36114571837e-05, 4.37740454799e-05, 2.30890473176e-05, 1.78142399818e-05, 1.36069666041e-05, 2.33650334849e-05, 2.32994989346e-05, 2.49972763413e-05, 3.52518181899e-05, 3.71302594431e-05, 2.46308591159e-05, 2.40896515606e-05, 2.21278678509e-05, 1.905942554e-05, 1.29499258037e-05, 9.72395628196e-06, 6.28943416814e-06, 4.29170677307e-06, 4.04914044339e-06, 3.37989581567e-06, 2.27116584028e-06, 2.12615987039e-06, 1.89208913071e-06, 1.83828365152e-06, 1.79005292011e-06, 1.41349289606e-06, 1.0060804243e-06, 9.91630599856e-07, 7.55823805321e-07],
        "min": [9.59031613113e-24, 1.38798293448e-23, 1.08838910324e-23, 4.79647861872e-24, 5.08439864963e-24, 1.74166067495e-23, 1.32497345854e-23, 6.43104377384e-24, 9.31524743322e-24, 2.01342704334e-23, 8.46820566966e-24, 6.43366713078e-24, 3.62358208103e-24, 1.05736501821e-23, 2.08311627788e-23, 1.41537644496e-23, 3.64382740731e-24, 5.00132922973e-24, 8.97618239438e-24, 1.1764637667e-23, 9.15746894129e-24, 3.90949012221e-24, 9.94072498978e-24, 1.30513108242e-23, 1.04290780106e-23, 9.58018794596e-24, 1.04408683257e-23, 9.53893998695e-24, 9.81568580314e-24, 1.36405567882e-23, 9.20921269465e-24, 9.15258194798e-24, 1.36166101266e-23, 1.22952255118e-23, 7.36564318142e-24, 8.45184390562e-24, 1.37056930331e-23, 1.23110035188e-23, 9.12498364921e-24, 9.35687877864e-24],
        "var": [2.53598932431e-06, 8.54342124512e-06, 2.08884921449e-06, 1.58342777468e-06, 6.76397348798e-07, 3.68274953644e-07, 3.06646597892e-07, 3.2007605455e-07, 1.05891402313e-07, 7.12600183306e-08, 9.56468824143e-08, 5.0061288448e-08, 3.75732582825e-08, 1.96541485309e-08, 1.18461178644e-08, 4.65016203322e-09, 3.77800013496e-09, 1.46460199524e-09, 2.3248076797e-09, 5.91928150939e-09, 5.45547695907e-09, 1.91805082927e-09, 1.14787535033e-09, 1.29267607729e-09, 1.75187109264e-09, 8.41527403317e-10, 4.20280921176e-10, 2.41395070599e-10, 8.08429434507e-11, 8.45393269278e-11, 1.37251654486e-10, 6.63497035092e-11, 1.04259496869e-10, 6.76529943178e-11, 5.80414744045e-11, 6.79761524847e-11, 7.45097386567e-11, 2.69743446329e-11, 2.01208546352e-11, 1.52036768591e-11]
    },
    "mfcc": {
        "mean": [-601.777099609, 104.911209106, 5.83681297302, 28.3612003326, 13.1513776779, -1.065346241, -1.55581557751, 6.51427507401, -0.011219734326, 1.07585036755, -3.49823617935, -2.50488615036, -1.09833621979],
        "cov": [[2678.45092773, -707.059570312, -99.2042541504, 154.867294312, 51.9464416504, 16.0958385468, -69.9619674683, -4.35817909241, 58.7914619446, 31.1202220917, 34.0831184387, 56.1842079163, 23.3665466309], [-707.059570312, 918.348327637, -83.9514312744, -24.2179088593, 21.049665451, -68.9146499634, 60.4649772644, 34.8744354248, -68.2973327637, -21.4015655518, 21.2413406372, 12.3030328751, 13.2790250778], [-99.2042541504, -83.9514312744, 749.085144043, 221.601547241, 160.510253906, 88.6556854248, -1.8495708704, -15.4105205536, -34.2185935974, -13.1615219116, -49.5427055359, 23.5074825287, 35.2344093323], [154.867294312, -24.2179088593, 221.601547241, 339.07711792, 183.894317627, 34.5207138062, -14.6399612427, -15.688952446, -5.38727664948, 8.7838716507, -20.1590023041, 18.9074497223, 35.4368972778], [51.9464416504, 21.049665451, 160.510253906, 183.894317627, 235.549407959, 31.0022258759, -16.2335090637, -16.5626239777, -4.08803415298, 9.50670433044, -18.4150733948, 18.7013568878, 18.9502601624], [16.0958385468, -68.9146499634, 88.6556854248, 34.5207138062, 31.0022258759, 139.709823608, 50.7850952148, 16.2475605011, 14.8673477173, -0.313913464546, -2.81954622269, 9.92264270782, -8.60686683655], [-69.9619674683, 60.4649772644, -1.8495708704, -14.6399612427, -16.2335090637, 50.7850952148, 129.254135132, 56.5988883972, 9.53679180145, 4.16807222366, 8.24586391449, 7.55489444733, -1.57921969891], [-4.35817909241, 34.8744354248, -15.4105205536, -15.688952446, -16.5626239777, 16.2475605011, 56.5988883972, 92.4308319092, 24.8565826416, 7.50363254547, 9.48467159271, 3.10129070282, 0.00800702720881], [58.7914619446, -68.2973327637, -34.2185935974, -5.38727664948, -4.08803415298, 14.8673477173, 9.53679180145, 24.8565826416, 85.0776672363, 27.6909103394, 8.38285541534, 0.618621528149, -4.58126449585], [31.1202220917, -21.4015655518, -13.1615219116, 8.7838716507, 9.50670433044, -0.313913464546, 4.16807222366, 7.50363254547, 27.6909103394, 72.5487976074, 32.1605491638, 6.29951763153, 2.13780426979], [34.0831184387, 21.2413406372, -49.5427055359, -20.1590023041, -18.4150733948, -2.81954622269, 8.24586391449, 9.48467159271, 8.38285541534, 32.1605491638, 79.3369522095, 25.8368358612, 2.48122692108], [56.1842079163, 12.3030328751, 23.5074825287, 18.9074497223, 18.7013568878, 9.92264270782, 7.55489444733, 3.10129070282, 0.618621528149, 6.29951763153, 25.8368358612, 59.6181602478, 24.0743179321], [23.3665466309, 13.2790250778, 35.2344093323, 35.4368972778, 18.9502601624, -8.60686683655, -1.57921969891, 0.00800702720881, -4.58126449585, 2.13780426979, 2.48122692108, 24.0743179321, 62.558216095]],
