{
"lowlevel": {
    "average_loudness": 0.87725019455,
    "barkbands_crest": {
        "dmean": 2.54334545135,
        "dmean2": 4.18958091736,
        "dvar": 4.91345691681,
        "dvar2": 12.8550252914,
        "max": 25.1511936188,
        "mean": 9.67464351654,
        "median": 8.95853233337,
        "min": 2.47832489014,
        "var": 14.1930932999
    },
    "barkbands_flatness_db": {
        "dmean": 0.0181193612516,
        "dmean2": 0.0288088396192,
        "dvar": 0.00025392769021,
        "dvar2": 0.00065635755891,
        "max": 0.317444801331,
        "mean": 0.116366110742,
        "median": 0.11165560782,
        "min": 0.0233835633844,
        "var": 0.00144051364623
    },
    "barkbands_kurtosis": {
        "dmean": 1.7216629982,
        "dmean2": 2.76274085045,
        "dvar": 9.61804199219,
        "dvar2": 23.5028514862,
        "max": 118.1118927,
        "mean": 1.85466587543,
        "median": 0.293604373932,
        "min": -1.89530813694,
        "var": 26.8476219177
    },
    "barkbands_skewness": {
        "dmean": 0.461378246546,
        "dmean2": 0.715750396252,
        "dvar": 0.19734685123,
        "dvar2": 0.479380220175,
        "max": 9.61146354675,
        "mean": 1.14375686646,
        "median": 1.00497949123,
        "min": -2.12789964676,
        "var": 1.03795206547
    },
    "barkbands_spread": {
        "dmean": 5.10359334946,
        "dmean2": 8.09728622437,
        "dvar": 27.2339382172,
        "dvar2": 64.8863449097,
        "max": 87.1627960205,
        "mean": 27.8235549927,
        "median": 28.1823959351,
        "min": 1.66433632374,
        "var": 159.445373535
    },
    "dissonance": {
        "dmean": 0.014196834527,
        "dmean2": 0.0242871325463,
        "dvar": 0.000199126836378,
        "dvar2": 0.000553406367544,
        "max": 0.500000119209,
        "mean": 0.475462377071,
        "median": 0.480909585953,
        "min": 0.332756817341,
        "var": 0.000397616502596
    },
    "dynamic_complexity": 2.68189311028,
    "erbbands_crest": {
        "dmean": 2.60256290436,
        "dmean2": 4.1278553009,
        "dvar": 5.84234762192,
        "dvar2": 13.2764787674,
        "max": 31.9573783875,
        "mean": 9.92412567139,
        "median": 8.62590408325,
        "min": 2.38138961792,
        "var": 25.4989852905
    },
    "erbbands_flatness_db": {
        "dmean": 0.0151052605361,
        "dmean2": 0.0216501187533,
        "dvar": 0.000183331314474,
        "dvar2": 0.000343594874721,
        "max": 0.302654862404,
        "mean": 0.154671281576,
        "median": 0.153973728418,
        "min": 0.0502466447651,
        "var": 0.00182990764733
    },
    "erbbands_kurtosis": {
        "dmean": 0.847739100456,
        "dmean2": 1.31406247616,
        "dvar": 1.46127891541,
        "dvar2": 3.22242999077,
        "max": 33.1576652527,
        "mean": 0.693435609341,
        "median": 0.0757979154587,
        "min": -1.86973726749,
        "var": 5.1224603653
    },
    "erbbands_skewness": {
        "dmean": 0.310655236244,
        "dmean2": 0.476530075073,
        "dvar": 0.0749686583877,
        "dvar2": 0.165041580796,
        "max": 3.31174707413,
        "mean": -0.0212350040674,
        "median": -0.0275822989643,
        "min": -4.32466840744,
        "var": 0.597778618336
    },
    "erbbands_spread": {
        "dmean": 6.89630174637,
        "dmean2": 10.3192367554,
        "dvar": 49.4934768677,
        "dvar2": 103.576393127,
        "max": 138.515335083,
        "mean": 35.6742324829,
        "median": 32.4838180542,
        "min": 3.45498490334,
        "var": 309.904327393
    },
    "hfc": {
        "dmean": 4.82426548004,
        "dmean2": 7.14965343475,
        "dvar": 32.5746421814,
        "dvar2": 70.9673538208,
        "max": 125.654289246,
        "mean": 23.9398498535,
        "median": 21.3301200867,
        "min": 1.10705942274e-16,
        "var": 315.160186768
    },
    "melbands_crest": {
        "dmean": 3.48170948029,
        "dmean2": 5.744556427,
        "dvar": 8.8120470047,
        "dvar2": 23.2491779327,
        "max": 32.462059021,
        "mean": 14.6190824509,
        "median": 13.9833316803,
        "min": 2.20207452774,
        "var": 25.3207359314
    },
    "melbands_flatness_db": {
        "dmean": 0.02301553078,
        "dmean2": 0.0366849042475,
        "dvar": 0.000419592601247,
        "dvar2": 0.00109118479304,
        "max": 0.399677425623,
        "mean": 0.175369098783,
        "median": 0.168787270784,
        "min": 0.0054323868826,
        "var": 0.00233875447884
    },
    "melbands_kurtosis": {
        "dmean": 4.96335601807,
        "dmean2": 7.95023345947,
        "dvar": 68.2316207886,
        "dvar2": 169.078689575,
        "max": 255.272491455,
        "mean": 8.85548019409,
        "median": 4.60899400711,
        "min": -1.86047697067,
        "var": 162.444122314
    },
    "melbands_skewness": {
        "dmean": 0.66631102562,
        "dmean2": 1.03583800793,
        "dvar": 0.452026754618,
        "dvar2": 1.09962809086,
        "max": 10.2646551132,
        "mean": 2.29486465454,
        "median": 2.09464931488,
        "min": -0.896162986755,
        "var": 2.00408673286
    },
    "melbands_spread": {
        "dmean": 7.46748113632,
        "dmean2": 11.6909618378,
        "dvar": 59.8947105408,
        "dvar2": 139.692672729,
        "max": 163.256011963,
        "mean": 30.6474552155,
        "median": 27.5115089417,
        "min": 1.0144995451,
        "var": 309.472229004
    },
    "pitch_salience": {
        "dmean": 0.0682154893875,
        "dmean2": 0.112155593932,
        "dvar": 0.00367125938646,
        "dvar2": 0.00979762803763,
        "max": 0.853883326054,
        "mean": 0.523444235325,
        "median": 0.514527440071,
        "min": 0.147993862629,
        "var": 0.0127004394308
    },
    "silence_rate_20dB": {
        "dmean": 0,
        "dmean2": 0,
        "dvar": 0,
        "dvar2": 0,
        "max": 1,
        "mean": 1,
        "median": 1,
        "min": 1,
        "var": 0
    },
    "silence_rate_30dB": {
        "dmean": 0,
        "dmean2": 0,
        "dvar": 0,
        "dvar2": 0,
        "max": 1,
        "mean": 1,
        "median": 1,
        "min": 1,
        "var": 0
    },
    "silence_rate_60dB": {
        "dmean": 0.0115804709494,
        "dmean2": 0.0231639910489,
        "dvar": 0.0114478375763,
        "dvar2": 0.0260469801724,
        "max": 1,
        "mean": 0.0369736850262,
        "median": 0,
        "min": 0,
        "var": 0.0356100611389
    },
    "spectral_centroid": {
        "dmean": 218.432449341,
        "dmean2": 339.838623047,
        "dvar": 58642.171875,
        "dvar2": 111374.703125,
        "max": 11375.5742188,
        "mean": 1668.53283691,
        "median": 1733.6340332,
        "min": 203.479232788,
        "var": 376630.3125
    },
    "spectral_complexity": {
        "dmean": 3.02671408653,
        "dmean2": 4.79389333725,
        "dvar": 7.1862783432,
        "dvar2": 16.9110069275,
        "max": 49,
        "mean": 20.9053955078,
        "median": 22,
        "min": 0,
        "var": 78.0120773315
    },
    "spectral_decrease": {
        "dmean": 1.82853432396e-09,
        "dmean2": 2.95804447603e-09,
        "dvar": 4.7999603498e-18,
        "dvar2": 1.27279091491e-17,
        "max": -3.39581923817e-29,
        "mean": -6.10452044469e-09,
        "median": -5.46703482485e-09,
        "min": -3.00989277946e-08,
        "var": 1.56387494528e-17
    },
    "spectral_energy": {
        "dmean": 0.00718459160998,
        "dmean2": 0.0115611329675,
        "dvar": 7.17438597349e-05,
        "dvar2": 0.000188980004168,
        "max": 0.115908741951,
        "mean": 0.0252112615854,
        "median": 0.0228242129087,
        "min": 1.05637046909e-20,
        "var": 0.000259790715063
    },
    "spectral_energyband_high": {
        "dmean": 0.000261959561612,
        "dmean2": 0.000371666188585,
        "dvar": 1.33220837029e-07,
        "dvar2": 2.46197117804e-07,
        "max": 0.00868420116603,
        "mean": 0.000881682382897,
        "median": 0.0006867966149,
        "min": 7.63672770893e-21,
        "var": 6.84100541548e-07
    },
    "spectral_energyband_low": {
        "dmean": 0.00516686076298,
        "dmean2": 0.00852380134165,
        "dvar": 6.39250647509e-05,
        "dvar2": 0.000171298481291,
        "max": 0.105170406401,
        "mean": 0.00992491561919,
        "median": 0.0070616886951,
        "min": 6.63274690872e-23,
        "var": 0.000115176342661
    },
    "spectral_energyband_middle_high": {
        "dmean": 0.00233310949989,
        "dmean2": 0.00351553503424,
        "dvar": 1.11841600301e-05,
        "dvar2": 2.5076813472e-05,
        "max": 0.0549000687897,
        "mean": 0.00893410202116,
        "median": 0.00545724201947,
        "min": 1.45055026335e-21,
        "var": 8.34573656903e-05
    },
    "spectral_energyband_middle_low": {
        "dmean": 0.00294089782983,
        "dmean2": 0.00484321825206,
        "dvar": 1.56034093379e-05,
        "dvar2": 4.02950608986e-05,
        "max": 0.0486399121583,
        "mean": 0.00687807332724,
        "median": 0.00570952147245,
        "min": 3.31432298399e-22,
        "var": 2.56195016846e-05
    },
    "spectral_entropy": {
        "dmean": 0.125056058168,
        "dmean2": 0.181791901588,
        "dvar": 0.0143260760233,
        "dvar2": 0.02940213494,
        "max": 9.81581115723,
        "mean": 7.66036272049,
        "median": 7.71807479858,
        "min": 6.06877470016,
        "var": 0.128684356809
    },
    "spectral_flux": {
        "dmean": 0.0195216611028,
        "dmean2": 0.0308751352131,
        "dvar": 0.000410447653849,
        "dvar2": 0.000922821753193,
        "max": 0.273663908243,
        "mean": 0.081579387188,
        "median": 0.0774612277746,
        "min": 1.02779881828e-10,
        "var": 0.00153166183736
    },
    "spectral_kurtosis": {
        "dmean": 1.04518651962,
        "dmean2": 1.7264316082,
        "dvar": 1.18007326126,
        "dvar2": 3.267121315,
        "max": 17.4667987823,
        "mean": 4.02137851715,
        "median": 3.63722252846,
        "min": -1.21467113495,
        "var": 4.57871294022
    },
    "spectral_rms": {
        "dmean": 0.000669971050229,
        "dmean2": 0.00106534711085,
        "dvar": 4.46744564897e-07,
        "dvar2": 1.15321927296e-06,
        "max": 0.0106339873746,
        "mean": 0.00467697251588,
        "median": 0.0047188475728,
        "min": 3.21030420129e-12,
        "var": 2.72240117738e-06
    },
    "spectral_rolloff": {
        "dmean": 442.121398926,
        "dmean2": 743.567443848,
        "dvar": 409017.46875,
        "dvar2": 889020.1875,
        "max": 18820.0195312,
        "mean": 1720.95410156,
        "median": 1765.72265625,
        "min": 64.599609375,
        "var": 1124384.5
    },
    "spectral_skewness": {
        "dmean": 0.151340484619,
        "dmean2": 0.238792076707,
        "dvar": 0.0184259172529,
        "dvar2": 0.0440486930311,
        "max": 3.22556233406,
        "mean": 1.46100449562,
        "median": 1.42187619209,
        "min": -0.0496362298727,
        "var": 0.133101791143
    },
    "spectral_spread": {
        "dmean": 422952.84375,
        "dmean2": 596815.5625,
        "dvar": 510280859648,
        "dvar2": 644539351040,
        "max": 40282612,
        "mean": 4601285.5,
        "median": 4321485,
        "min": 2324344,
        "var": 1.9782851625e+12
    },
    "spectral_strongpeak": {
        "dmean": 0.814094722271,
        "dmean2": 1.40857958794,
        "dvar": 2.64498209953,
        "dvar2": 6.57763433456,
        "max": 19.1346683502,
        "mean": 1.34215188026,
        "median": 0.403649270535,
        "min": 0,
        "var": 5.12002849579
    },
    "zerocrossingrate": {
        "dmean": 0.00830585788935,
        "dmean2": 0.010339314118,
        "dvar": 8.81972009665e-05,
        "dvar2": 0.00010635729268,
        "max": 0.62158203125,
        "mean": 0.068301230669,
        "median": 0.06787109375,
        "min": 0.005859375,
        "var": 0.000740695395507
    },
    "barkbands": {
        "dmean": [0.000168785598362, 0.00305316015147, 0.00267051416449, 0.0012599847978, 0.00137912924401, 0.000487221579533, 0.000337867095368, 0.000264796341071, 0.000484614429297, 0.000932211463805, 0.000569971743971, 0.000341616949299, 0.00032727982034, 0.00019978772616, 0.000578021339606, 0.00064609083347, 0.000220625574002, 0.000274489517324, 0.000266160612227, 0.000145930549479, 8.26344257803e-05, 5.99100276304e-05, 4.20368087362e-05, 4.41269403382e-05, 2.99634757539e-05, 1.19052265291e-05, 3.46687170349e-06],
        "dmean2": [0.000268711679382, 0.00513209355995, 0.00449144048616, 0.0021743895486, 0.00240275543183, 0.000758898560889, 0.000541849061847, 0.000438824383309, 0.000799299450591, 0.00144310784526, 0.000859986175783, 0.000528126081917, 0.000537139712833, 0.000330711976858, 0.000920071441215, 0.000971486326307, 0.000355231255526, 0.000430773710832, 0.000411478744354, 0.000222283473704, 0.000128703613882, 8.99268852663e-05, 6.26252731308e-05, 6.56618940411e-05, 4.22923003498e-05, 1.65473811649e-05, 5.43995656699e-06],
        "dvar": [1.3469212945e-07, 2.43261238211e-05, 2.5752298825e-05, 5.40549262951e-06, 7.38734843253e-06, 7.83659004355e-07, 4.59096355598e-07, 2.56225149542e-07, 1.45242597682e-06, 4.86730914417e-06, 3.12870770358e-06, 9.91760771285e-07, 4.76568828844e-07, 1.78670688911e-07, 1.57293379743e-06, 2.71035696642e-06, 2.63410498746e-07, 4.62357775177e-07, 5.37765799891e-07, 6.71439153166e-08, 1.40791485137e-08, 9.25942433838e-09, 5.25825338826e-09, 5.84707482432e-09, 2.65680721867e-09, 6.35533126125e-10, 1.75087042087e-10],
        "dvar2": [3.31328692482e-07, 6.75628252793e-05, 6.97252326063e-05, 1.55152865773e-05, 2.04938878596e-05, 1.85293743016e-06, 1.1425795492e-06, 6.80036350786e-07, 4.00088492825e-06, 1.0762400052e-05, 6.57926011627e-06, 2.17222191168e-06, 1.2719285678e-06, 4.34183618836e-07, 3.81651807402e-06, 5.87564363741e-06, 6.2503670506e-07, 1.03969443899e-06, 1.18113030112e-06, 1.40862852049e-07, 3.28807310268e-08, 2.02271639438e-08, 1.1479205142e-08, 1.27778605474e-08, 5.07433250974e-09, 1.10733433534e-09, 4.54619453194e-10],
        "max": [0.0103390133008, 0.082142829895, 0.075654476881, 0.0276752971113, 0.0353059396148, 0.0259090326726, 0.0137367779389, 0.0109122274444, 0.0228551644832, 0.0400893762708, 0.0503346398473, 0.0429088771343, 0.0165540799499, 0.00916105974466, 0.0278168320656, 0.0497787110507, 0.0154617549852, 0.0210216697305, 0.0222080387175, 0.0085390387103, 0.00255951238796, 0.00192212150432, 0.00258637801744, 0.00152048130985, 0.00117127969861, 0.000494800391607, 0.000228566408623],
        "mean": [0.000332910334691, 0.00464653782547, 0.00377499056049, 0.00192022125702, 0.00191376835573, 0.000864261237439, 0.000583746179473, 0.000408616877394, 0.000788648379967, 0.00191994465422, 0.0011587026529, 0.000692019006237, 0.00064985267818, 0.000361410755431, 0.0012057099957, 0.00132736365777, 0.000437846872956, 0.000586081878282, 0.000578198698349, 0.000385444174754, 0.000217050808715, 0.000145740690641, 0.000104489947262, 0.000107225489046, 7.05694910721e-05, 2.54893348028e-05, 4.4749663175e-06],
        "median": [4.65655903099e-05, 0.00229304539971, 0.00169066642411, 0.00103039806709, 0.00116936815903, 0.00040069539682, 0.000246807641815, 0.00019916400197, 0.000258822576143, 0.000367647182429, 0.000227264943533, 0.00019075559976, 0.00022533700394, 0.000180037081009, 0.000469005783089, 0.000438808696344, 0.000215321138967, 0.00023869247525, 0.000231730868109, 0.000227126802201, 0.000155949383043, 9.88144311123e-05, 6.50833389955e-05, 6.40628786641e-05, 3.50077534677e-05, 9.58804503171e-06, 6.45150635137e-07],
        "min": [3.96456941613e-23, 1.62267899343e-23, 1.53952390323e-23, 1.00784001504e-23, 4.87489344374e-23, 3.89397141382e-23, 2.50482222738e-23, 2.11838624895e-23, 3.47138493778e-23, 1.31579323175e-22, 1.6696184261e-23, 5.7710261792e-23, 7.11393186606e-23, 4.08753642294e-23, 1.38532784955e-22, 1.17334350627e-22, 1.64387694813e-22, 1.65501503302e-22, 1.88578461571e-22, 3.74296551364e-22, 5.44436253867e-22, 5.02990587379e-22, 6.02962058995e-22, 9.1690527326e-22, 1.2867460858e-21, 1.60696070639e-21, 1.83160486618e-21],
        "var": [6.59756608457e-07, 4.57666319562e-05, 3.14677672577e-05, 7.07972367309e-06, 6.7020955612e-06, 1.87911462035e-06, 1.01039347555e-06, 3.84992205227e-07, 2.87779289465e-06, 1.8779281163e-05, 1.29535410451e-05, 3.80916549148e-06, 1.59367789365e-06, 3.70013538031e-07, 5.42800808034e-06, 1.05470953713e-05, 6.54247855891e-07, 1.32058835334e-06, 1.60560011864e-06, 2.94755778896e-07, 5.28149968204e-08, 3.20911937024e-08, 1.60293929241e-08, 1.72316525493e-08, 9.8052588271e-09, 1.97585814377e-09, 2.35083869038e-10]
    },
    "erbbands": {
        "dmean": [0.0892592892051, 0.717374622822, 2.67068648338, 3.81384301186, 3.6691763401, 5.29669427872, 3.98061728477, 4.08887958527, 5.20700120926, 4.66537618637, 5.64204549789, 11.3272266388, 18.9194393158, 31.1073150635, 20.5636405945, 14.2089948654, 16.2018280029, 9.69771003723, 24.9358634949, 28.3214797974, 29.9486675262, 9.05745792389, 9.08433532715, 18.0905723572, 7.81616258621, 7.67711162567, 4.07268571854, 2.97003984451, 1.86202609539, 1.75096237659, 1.22404682636, 0.956870913506, 0.714069783688, 0.410380989313, 0.189913153648, 0.071119479835, 0.0207392387092, 0.00519436877221, 0.000561093736906, 1.61830412253e-05],
        "dmean2": [0.140166863799, 1.22383499146, 4.50184488297, 6.54854249954, 6.41051959991, 9.17317485809, 6.53921175003, 6.36637830734, 8.2133436203, 7.6439447403, 9.44933795929, 18.7404060364, 30.0429553986, 47.5311431885, 30.3712482452, 21.4567451477, 26.3465995789, 15.9493999481, 40.5027198792, 43.566608429, 45.5838928223, 14.2988033295, 14.3458967209, 26.9712772369, 12.4103307724, 11.6994342804, 6.38659763336, 4.58571624756, 2.78451371193, 2.61794471741, 1.82942569256, 1.45773327351, 1.06288540363, 0.590644478798, 0.269321650267, 0.101076439023, 0.0288864597678, 0.00780486036092, 0.00086806435138, 2.48309297604e-05],
        "dvar": [0.0278838463128, 1.42040872574, 25.1240787506, 55.874584198, 58.8341178894, 101.39818573, 55.8500061035, 75.0324401855, 108.966362, 74.1346817017, 130.028839111, 766.799621582, 2814.56323242, 6826.01318359, 4423.63476562, 1467.00305176, 1193.42175293, 336.529022217, 4010.18823242, 3588.00195312, 4754.11621094, 287.655975342, 315.853240967, 2142.96508789, 183.402770996, 237.419403076, 34.0633544922, 22.9849510193, 8.00440788269, 9.29578018188, 5.00882482529, 2.83960080147, 1.55158662796, 0.496146172285, 0.134367451072, 0.0235022753477, 0.00224121590145, 0.000268506410066, 4.39516588813e-06, 1.30615007699e-09],
        "dvar2": [0.0670333951712, 4.01132440567, 66.8089447021, 157.941009521, 163.893051147, 273.438262939, 135.563598633, 178.785903931, 264.764587402, 191.115097046, 351.653808594, 2154.14453125, 6211.85693359, 14866.6533203, 8875.00195312, 3104.51513672, 3154.77905273, 862.758056641, 10104.2685547, 7742.30957031, 10272.9453125, 604.609313965, 769.62097168, 4364.45751953, 457.269195557, 504.413421631, 82.3553543091, 53.8656463623, 17.2659912109, 20.075881958, 11.3475103378, 6.29056072235, 3.412317276, 1.01944994926, 0.258397251368, 0.0443628169596, 0.00449084211141, 0.0006237726775, 1.10973487608e-05, 3.00664204644e-09],
        "max": [3.26549863815, 15.0856571198, 72.196723938, 86.4719314575, 124.138565063, 141.818771362, 205.227584839, 268.288024902, 194.840621948, 155.042724609, 289.042572021, 480.315734863, 1387.84790039, 2064.92626953, 2322.03295898, 1211.98876953, 838.663635254, 410.101867676, 1666.66186523, 1618.18395996, 1915.08129883, 446.256958008, 635.880126953, 1639.35986328, 376.419891357, 522.898681641, 116.361457825, 133.518447876, 61.0658416748, 76.3485412598, 91.1100921631, 37.2070198059, 27.2509918213, 18.4017124176, 10.8698425293, 3.74369311333, 1.14931023121, 0.286714613438, 0.0378721281886, 0.00102516962215],
        "mean": [0.137477517128, 1.0518758297, 3.92235064507, 6.10215330124, 5.32137441635, 7.32788324356, 6.10230588913, 7.33465099335, 9.39965248108, 7.86316776276, 9.46263885498, 18.8362751007, 34.5938949585, 69.81590271, 46.5830192566, 31.596654892, 33.4358291626, 20.6667766571, 54.0128746033, 61.1576690674, 64.9511184692, 22.7517204285, 23.1892604828, 44.231136322, 21.8768920898, 19.9051074982, 11.1238574982, 7.55759191513, 4.77642869949, 4.06507492065, 2.96255683899, 2.27206778526, 1.72338223457, 0.945487976074, 0.423496603966, 0.14930345118, 0.04137827456, 0.00867880880833, 0.000740332121495, 4.60643932456e-05],
        "median": [0.038757070899, 0.570367336273, 1.92163586617, 3.5443353653, 3.34049224854, 4.01858139038, 3.17521572113, 3.06303143501, 3.68974399567, 4.30670404434, 4.93713283539, 6.68126392365, 9.98876285553, 13.8417778015, 12.8839511871, 10.8304595947, 12.8843383789, 11.7727451324, 17.3496055603, 30.3208045959, 24.5837097168, 12.4506149292, 13.5007095337, 16.2142219543, 11.7046527863, 11.3207445145, 8.14461898804, 5.26033306122, 3.3650996685, 2.64935445786, 1.84159255028, 1.37188839912, 0.995220661163, 0.495438784361, 0.18870022893, 0.0583183579147, 0.0149912592024, 0.00223525892943, 0.000122584693599, 3.72324466298e-05],
        "min": [7.89251019027e-22, 2.1602615354e-21, 1.23706581208e-20, 2.14688314107e-20, 6.36079725198e-20, 9.90749956442e-20, 2.80232377168e-19, 4.84425194249e-19, 3.83725932537e-19, 6.48216519811e-19, 4.85512264671e-19, 9.37024097443e-19, 3.33116551459e-18, 2.45283122578e-18, 1.32493210006e-18, 2.65442093132e-18, 3.03054719368e-18, 2.13800008079e-18, 6.09892962858e-18, 6.3468637823e-18, 7.01965402865e-18, 1.01498808288e-17, 1.02037046441e-17, 7.14022222038e-18, 1.1048858237e-17, 1.52996864654e-17, 2.20638186125e-17, 2.13979828872e-17, 1.58360998577e-17, 1.23189609804e-17, 1.88911723362e-17, 1.50963538903e-17, 1.77644861674e-17, 1.265318827e-17, 9.10833139746e-18, 5.53494217051e-18, 3.19799853496e-18, 9.21533175919e-19, 2.75732514635e-19, 2.67857318995e-20],
        "var": [0.0688971206546, 2.0224802494, 30.254108429, 66.705909729, 53.9912452698, 106.460113525, 105.763084412, 168.066818237, 251.465652466, 118.544113159, 184.874420166, 1504.93017578, 6819.08496094, 29670, 20496.7402344, 6407.51123047, 3984.79418945, 814.091796875, 15116.6933594, 12616.8896484, 18712.4882812, 1287.54797363, 1134.22473145, 10876.1181641, 981.493774414, 932.574707031, 133.352005005, 77.0356674194, 31.2833938599, 27.1542930603, 13.3994264603, 7.69914913177, 4.63205862045, 1.62266492844, 0.46799865365, 0.0681775137782, 0.00585305923596, 0.000493828498293, 6.10215693087e-06, 2.55420840034e-09]
    },
    "gfcc": {
        "mean": [13.3427762985, 75.9916305542, -126.719100952, 35.3791275024, -50.9828529358, 18.7181377411, -37.1679801941, 10.9936113358, -28.6393661499, -1.92247772217, -20.2706279755, -2.97129225731, -7.63462209702],
        "cov": [[4152.36230469, -580.164428711, 172.048049927, 695.433776855, 431.040893555, 584.929138184, 283.059020996, 356.522216797, 238.853927612, 229.682739258, 22.0517177582, 7.65437173843, -103.347686768], [-580.164428711, 766.504455566, 182.473464966, 138.621398926, 42.9126281738, -60.7002449036, -21.412147522, -39.8227157593, -18.1097145081, -82.514755249, 108.860237122, -39.6967544556, 82.1611251831], [172.048049927, 182.473464966, 888.990112305, 374.173278809, 106.7447052, 156.37361145, -9.79449748993, 53.4023895264, 93.0256500244, 64.4509506226, 22.0401821136, 38.0710525513, -12.3243207932], [695.433776855, 138.621398926, 374.173278809, 575.937866211, 197.222335815, 185.284423828, 62.7636528015, 107.784973145, 121.427742004, 54.5405960083, 67.0297470093, -13.0167016983, 20.2498588562], [431.040893555, 42.9126281738, 106.7447052, 197.222335815, 321.328582764, 173.818740845, 90.1194534302, 119.103935242, 62.2019348145, 29.4287948608, 44.4111289978, -23.300195694, -12.4175662994], [584.929138184, -60.7002449036, 156.37361145, 185.284423828, 173.818740845, 346.893249512, 143.90045166, 99.4164123535, 84.3079528809, 51.2553520203, 12.7006444931, -20.8253173828, -22.0236263275], [283.059020996, -21.412147522, -9.79449748993, 62.7636528015, 90.1194534302, 143.90045166, 213.446426392, 110.132995605, 48.38621521, 22.0973796844, 42.5790939331, 4.95585489273, -15.6137647629], [356.522216797, -39.8227157593, 53.4023895264, 107.784973145, 119.103935242, 99.4164123535, 110.132995605, 181.894256592, 83.2535552979, 28.4770183563, 35.8965377808, 4.06439971924, -12.2211427689], [238.853927612, -18.1097145081, 93.0256500244, 121.427742004, 62.2019348145, 84.3079528809, 48.38621521, 83.2535552979, 144.18536377, 66.8606872559, 8.14209079742, 12.8845119476, -11.1490621567], [229.682739258, -82.514755249, 64.4509506226, 54.5405960083, 29.4287948608, 51.2553520203, 22.0973796844, 28.4770183563, 66.8606872559, 111.433731079, 11.4137382507, 21.2164459229, -21.5353088379], [22.0517177582, 108.860237122, 22.0401821136, 67.0297470093, 44.4111289978, 12.7006444931, 42.5790939331, 35.8965377808, 8.14209079742, 11.4137382507, 114.896980286, 13.8614816666, 6.73269462585], [7.65437173843, -39.6967544556, 38.0710525513, -13.0167016983, -23.300195694, -20.8253173828, 4.95585489273, 4.06439971924, 12.8845119476, 21.2164459229, 13.8614816666, 74.0643615723, 17.8359012604], [-103.347686768, 82.1611251831, -12.3243207932, 20.2498588562, -12.4175662994, -22.0236263275, -15.6137647629, -12.2211427689, -11.1490621567, -21.5353088379, 6.73269462585, 17.8359012604, 85.3743515015]],
        "icov": [[0.000492203165777, 0.0002367166162, 0.000263218971668, -0.000668231863528, -4.15160975535e-05, -0.000475466920761, 0.000125166261569, -0.000518879736774, 0.000423856021371, -0.000458737107692, 0.000244248280069, -0.000384156330256, 0.000385064195143], [0.0002367166162, 0.00281524448656, -0.000817004416604, -0.000116495182738, -0.000562528788578, 0.000856180966366, -0.000669016561005, 0.00146321521606, -0.00138592894655, 0.00178262603004, -0.00284585542977, 0.00274532893673, -0.00236733653583], [0.000263218971668, -0.000817004416604, 0.00228684931062, -0.00164412462618, 0.000319856131682, -0.00131792668253, 0.00124440179206, -0.00097469863249, 0.000892048352398, -0.000882245658431, 0.00136257603299, -0.00286972825415, 0.0020056006033], [-0.000668231863528, -0.000116495182738, -0.00164412462618, 0.00460708141327, -0.000988249550574, 0.000265030219452, -6.63183673169e-05, 0.000807700445876, -0.00252357195131, 0.000664620951284, -0.00206441595219, 0.00263378350064, -0.00254810671322], [-4.15160975535e-05, -0.000562528788578, 0.000319856131682, -0.000988249550574, 0.0056847538799, -0.00204296503216, 0.000693048641551, -0.00286666397005, 0.00108446436934, -0.00058365118457, -0.000405731145293, 0.000576984195504, 0.000693745969329], [-0.000475466920761, 0.000856180966366, -0.00131792668253, 0.000265030219452, -0.00204296503216, 0.00699215522036, -0.00409636925906, 0.00202417233959, -0.00194195623044, 7.39301249268e-05, 9.28605222725e-05, 0.00339251779951, -0.00155647867359], [0.000125166261569, -0.000669016561005, 0.00124440179206, -6.63183673169e-05, 0.000693048641551, -0.00409636925906, 0.00973881687969, -0.0048638349399, 0.00109151320066, -5.31618679815e-05, -0.00135063007474, -0.00272678607143, 0.00192495447118], [-0.000518879736774, 0.00146321521606, -0.00097469863249, 0.000807700445876, -0.00286666397005, 0.00202417233959, -0.0048638349399, 0.0133738871664, -0.0067339441739, 0.00342892645858, -0.00306604010984, 0.00183873274364, -0.0013952156296], [0.000423856021371, -0.00138592894655, 0.000892048352398, -0.00252357195131, 0.00108446436934, -0.00194195623044, 0.00109151320066, -0.0067339441739, 0.0156720560044, -0.00789452157915, 0.00398424640298, -0.00326260412112, 0.00188930344302], [-0.000458737107692, 0.00178262603004, -0.000882245658431, 0.000664620951284, -0.00058365118457, 7.39301249268e-05, -5.31618679815e-05, 0.00342892645858, -0.00789452157915, 0.0164524000138, -0.00360347121023, -0.00183590839151, 0.00164627481718], [0.000244248280069, -0.00284585542977, 0.00136257603299, -0.00206441595219, -0.000405731145293, 9.28605222725e-05, -0.00135063007474, -0.00306604010984, 0.00398424640298, -0.00360347121023, 0.0144818676636, -0.00545616773888, 0.0026089635212], [-0.000384156330256, 0.00274532893673, -0.00286972825415, 0.00263378350064, 0.000576984195504, 0.00339251779951, -0.00272678607143, 0.00183873274364, -0.00326260412112, -0.00183590839151, -0.00545616773888, 0.0223411731422, -0.00854867883027], [0.000385064195143, -0.00236733653583, 0.0020056006033, -0.00254810671322, 0.000693745969329, -0.00155647867359, 0.00192495447118, -0.0013952156296, 0.00188930344302, 0.00164627481718, 0.0026089635212, -0.00854867883027, 0.0174452867359]]
    },
    "melbands": {
        "dmean": [0.00079682219075, 0.00117007480003, 0.000603080552537, 0.00032519546221, 0.00015696293849, 9.18015066418e-05, 7.78888861532e-05, 5.249849346e-05, 5.02601687913e-05, 7.36260553822e-05, 9.75165094133e-05, 0.000130727145006, 7.61356932344e-05, 4.31429107266e-05, 3.97537405661e-05, 2.66106380877e-05, 1.9745904865e-05, 3.72057438653e-05, 3.78991935577e-05, 4.82872492285e-05, 3.40028273058e-05, 1.08470640043e-05, 9.29893212742e-06, 1.29343079607e-05, 1.6945947209e-05, 7.81184098742e-06, 4.78631773149e-06, 5.79443076276e-06, 3.26238728121e-06, 2.05631522476e-06, 1.9997430627e-06, 1.17613387829e-06, 1.18952482353e-06, 9.4606031098e-07, 7.35045830424e-07, 6.18758122073e-07, 7.05260220002e-07, 5.14903717885e-07, 5.18342517353e-07, 3.37461187883e-07],
        "dmean2": [0.00130270759109, 0.00196192553267, 0.00102101569064, 0.000569463358261, 0.000259914435446, 0.000142525474075, 0.000122981567984, 8.63971508807e-05, 8.42943045427e-05, 0.000121064360428, 0.000153987755766, 0.000200363443582, 0.000113548652735, 6.51864902466e-05, 6.24776002951e-05, 4.33768764196e-05, 3.27719462803e-05, 6.09810267633e-05, 5.91211173742e-05, 7.11967441021e-05, 5.26487347088e-05, 1.71809897438e-05, 1.50877167471e-05, 2.01599650609e-05, 2.51453893725e-05, 1.23184336189e-05, 7.51513471187e-06, 8.85174813448e-06, 5.23559219801e-06, 3.23347103404e-06, 3.16460500471e-06, 1.80113022452e-06, 1.87181592537e-06, 1.43011811815e-06, 1.11821759674e-06, 9.52600771598e-07, 1.11059216579e-06, 7.75060811975e-07, 7.8325655295e-07, 5.00250052937e-07],
        "dvar": [1.79785263299e-06, 4.38706501882e-06, 1.23760037241e-06, 4.25602223686e-07, 8.82640094346e-08, 3.33745902026e-08, 2.36925483676e-08, 9.32074506466e-09, 9.88859039097e-09, 3.53093732031e-08, 7.35710088406e-08, 1.18671145799e-07, 5.97537166414e-08, 1.62781876867e-08, 7.44270067798e-09, 3.26341509371e-09, 1.60750046607e-09, 8.73658390077e-09, 7.23482207476e-09, 1.92037425961e-08, 6.73518352201e-09, 6.27380092322e-10, 2.83121526223e-10, 8.64414428925e-10, 2.06211536735e-09, 2.9006635982e-10, 6.58468488068e-11, 1.49234444247e-10, 2.46206232485e-11, 8.6468878932e-12, 1.18870798621e-11, 3.40624251895e-12, 4.46102833493e-12, 2.55247754356e-12, 1.69116858104e-12, 1.24991358409e-12, 1.64432074727e-12, 7.39986197318e-13, 9.3728117715e-13, 3.5006112592e-13],
        "dvar2": [4.69962560601e-06, 1.16191267807e-05, 3.3757669371e-06, 1.19568960599e-06, 2.21195563199e-07, 7.90754839386e-08, 5.76840228916e-08, 2.40903457183e-08, 2.6813699705e-08, 9.8081933686e-08, 1.61935503229e-07, 2.61690246361e-07, 1.27032308228e-07, 3.40653194542e-08, 1.73136402992e-08, 8.40453751039e-09, 4.09934841628e-09, 2.21676241807e-08, 1.64989657492e-08, 4.01170332509e-08, 1.45634100335e-08, 1.31243982349e-09, 6.82949641284e-10, 1.99235472564e-09, 4.11677891776e-09, 6.81664669155e-10, 1.49973145014e-10, 3.15905634984e-10, 6.26328433562e-11, 2.05092817729e-11, 2.92259653978e-11, 7.81134532057e-12, 1.03037613164e-11, 5.60298639082e-12, 3.89657186725e-12, 2.86252922407e-12, 3.85815294643e-12, 1.65843489115e-12, 2.14332674872e-12, 7.59546017661e-13],
        "max": [0.0262374114245, 0.0278381034732, 0.0131110548973, 0.00944513082504, 0.0064584040083, 0.00554941082373, 0.00294846831821, 0.00162664905656, 0.00218928139657, 0.00343864783645, 0.00691337836906, 0.0082679009065, 0.00782288424671, 0.00504538463429, 0.00230218470097, 0.00130834977608, 0.000942371087149, 0.00247554364614, 0.00287451967597, 0.00452317809686, 0.00286304391921, 0.00072653091047, 0.000323362881318, 0.00108189485036, 0.00156640133355, 0.000508794735651, 0.000206709679333, 0.00047987056314, 9.42681435845e-05, 5.75593039684e-05, 8.09181001387e-05, 4.31590924563e-05, 4.73910222354e-05, 3.69550762116e-05, 4.88433688588e-05, 4.05421342293e-05, 3.14817189064e-05, 1.74885808519e-05, 2.36503856286e-05, 1.48296931002e-05],
        "mean": [0.00126001937315, 0.00185326219071, 0.00103041820694, 0.000462449388579, 0.000238713240833, 0.000164349738043, 0.000141079319292, 8.5507890617e-05, 8.22350775707e-05, 0.000119798605738, 0.000172045241925, 0.000285961024929, 0.00016635247448, 8.6939544417e-05, 7.98525070422e-05, 5.31090699951e-05, 3.58440884156e-05, 7.73415958975e-05, 7.54345164751e-05, 9.94078000076e-05, 6.80810480844e-05, 2.23591923714e-05, 1.84461041499e-05, 2.90516454697e-05, 3.7561490899e-05, 1.75328768819e-05, 1.18848092825e-05, 1.33939029183e-05, 7.66605535318e-06, 4.63784863314e-06, 4.47432194051e-06, 2.77946583083e-06, 2.52129711953e-06, 2.05168907996e-06, 1.67467408119e-06, 1.40966517392e-06, 1.47869343436e-06, 1.19174819702e-06, 1.08717767944e-06, 7.26503003534e-07],
        "median": [0.000513464096002, 0.00109906075522, 0.000614447519183, 0.000285642745439, 0.000133885681862, 7.03487894498e-05, 5.59184154554e-05, 4.54218570667e-05, 4.04902384616e-05, 3.9302627556e-05, 4.61487652501e-05, 5.11868929607e-05, 3.5871653381e-05, 2.55212471529e-05, 2.76626269624e-05, 2.00779322768e-05, 1.76746725629e-05, 2.27298296522e-05, 3.48239409504e-05, 3.51729031536e-05, 2.4637880415e-05, 1.05233266368e-05, 9.03801992536e-06, 1.23385580082e-05, 1.20360200526e-05, 7.71686791268e-06, 6.74589318805e-06, 6.9454399636e-06, 5.03955743625e-06, 3.11738131131e-06, 2.88937872028e-06, 1.82728717846e-06, 1.61348953043e-06, 1.2669984244e-06, 1.02879471342e-06, 8.54644326864e-07, 8.18424041427e-07, 6.87054068749e-07, 5.61379351893e-07, 3.54802637048e-07],
        "min": [8.44029892628e-24, 6.316537458e-24, 7.94144537792e-24, 8.02631024524e-24, 9.51365541722e-24, 9.7628904982e-24, 5.28351976388e-24, 7.05469551183e-24, 4.22945210536e-24, 5.6219032269e-24, 1.73248212055e-23, 1.09961104404e-23, 2.32246705005e-24, 6.02487270438e-24, 7.1726475721e-24, 3.03824373949e-24, 3.76584959542e-24, 9.21001812163e-24, 9.82277608495e-24, 6.69328204355e-24, 8.75064627272e-24, 9.27076829994e-24, 1.09317362351e-23, 7.64457019801e-24, 5.41829783283e-24, 7.2695007586e-24, 6.95115672916e-24, 1.06419111051e-23, 1.34608984502e-23, 1.17231483165e-23, 9.15748471851e-24, 8.36952074814e-24, 1.04495647283e-23, 5.6032675713e-24, 1.02998073741e-23, 9.87793481717e-24, 9.45456973542e-24, 1.2882139603e-23, 9.91677596156e-24, 9.374656548e-24],
        "var": [4.18177523898e-06, 5.55470296604e-06, 1.70150735812e-06, 3.80748645057e-07, 1.33515456469e-07, 7.81530218319e-08, 5.62211717181e-08, 1.47351162383e-08, 1.4685409333e-08, 6.80728149405e-08, 1.78050086674e-07, 5.28277041667e-07, 2.73527291483e-07, 5.86652610934e-08, 2.26539089709e-08, 1.06465494198e-08, 3.53000406683e-09, 3.22262003749e-08, 1.87838331556e-08, 7.50827311435e-08, 2.20310916177e-08, 2.12410711242e-09, 7.73708541679e-10, 3.09626657646e-09, 9.54077350457e-09, 1.15560383485e-09, 2.45844677949e-10, 5.2018783725e-10, 7.73669461829e-11, 2.71422901515e-11, 3.37172095799e-11, 1.15782236229e-11, 1.18025094906e-11, 7.15683458677e-12, 4.3482257725e-12, 3.10784492759e-12, 3.79021076677e-12, 2.16895642072e-12, 2.3986448678e-12, 1.06136573055e-12]
    },
    "mfcc": {
        "mean": [-626.533752441, 104.650932312, -10.7604370117, 20.2533531189, 8.19479370117, 5.68588209152, 5.21917963028, 4.6119594574, 3.51493930817, 2.40321588516, -8.09009170532, -5.74102020264, -1.65749764442],
        "cov": [[3648.96459961, -802.58807373, 3.665163517, 297.202636719, 329.574676514, 407.22479248, 271.400634766, 293.593536377, 302.793731689, 355.931121826, 239.435379028, 165.918426514, 188.971740723], [-802.58807373, 614.573120117, 75.0463409424, 35.2189407349, 22.2138309479, -90.781791687, 9.24454498291, -34.1597328186, -95.1854629517, -39.3863487244, -64.3934783936, -37.8200874329, -37.0020561218], [3.665163517, 75.0463409424, 778.58605957, 270.397918701, 209.636932373, 159.211471558, 14.9534320831, 56.5766029358, 48.0803260803, 46.3197288513, 15.23366642, 82.7830734253, 30.6520042419], [297.202636719, 35.2189407349, 270.397918701, 382.359741211, 191.62739563, 55.9897003174, 52.9101486206, 58.7901802063, 28.328119278, 74.5381622314, 11.9079017639, 56.0351829529, 54.4809913635], [329.574676514, 22.2138309479, 209.636932373, 191.62739563, 334.065368652, 120.848320007, 96.8294906616, 79.9301071167, 70.8809432983, 97.778137207, 19.4458065033, 57.691318512, 61.436214447], [407.22479248, -90.781791687, 159.211471558, 55.9897003174, 120.848320007, 246.793869019, 82.4342803955, 63.1964683533, 88.7143554688, 71.821472168, 55.7596969604, 49.0277633667, 34.0227432251], [271.400634766, 9.24454498291, 14.9534320831, 52.9101486206, 96.8294906616, 82.4342803955, 207.827331543, 110.052032471, 29.7601528168, 100.616043091, 36.8350219727, 3.43237733841, 33.7804260254], [293.593536377, -34.1597328186, 56.5766029358, 58.7901802063, 79.9301071167, 63.1964683533, 110.052032471, 171.639251709, 70.6054534912, 96.3109893799, 61.9482383728, 23.2996444702, 32.4669036865], [302.793731689, -95.1854629517, 48.0803260803, 28.328119278, 70.8809432983, 88.7143554688, 29.7601528168, 70.6054534912, 155.686630249, 59.1722335815, 41.9584655762, 50.7259902954, 33.6438293457], [355.931121826, -39.3863487244, 46.3197288513, 74.5381622314, 97.778137207, 71.821472168, 100.616043091, 96.3109893799, 59.1722335815, 154.598739624, 69.1144332886, 30.7377033234, 39.3912620544], [239.435379028, -64.3934783936, 15.23366642, 11.9079017639, 19.4458065033, 55.7596969604, 36.8350219727, 61.9482383728, 41.9584655762, 69.1144332886, 137.742767334, 43.2498970032, 21.1224384308], [165.918426514, -37.8200874329, 82.7830734253, 56.0351829529, 57.691318512, 49.0277633667, 3.43237733841, 23.2996444702, 50.7259902954, 30.7377033234, 43.2498970032, 110.433799744, 52.600856781], [188.971740723, -37.0020561218, 30.6520042419, 54.4809913635, 61.436214447, 34.0227432251, 33.7804260254, 32.4669036865, 33.6438293457, 39.3912620544, 21.1224384308, 52.600856781, 85.2113342285]],
