{
"lowlevel": {
    "average_loudness": 0.944446980953,
    "barkbands_crest": {
        "dmean": 2.57532548904,
        "dmean2": 4.25911903381,
        "dvar": 5.57447338104,
        "dvar2": 14.7283945084,
        "max": 26.2054157257,
        "mean": 9.20310497284,
        "median": 8.28126621246,
        "min": 2.11816763878,
        "var": 16.8874893188
    },
    "barkbands_flatness_db": {
        "dmean": 0.0189464837313,
        "dmean2": 0.0301050581038,
        "dvar": 0.000334279931849,
        "dvar2": 0.000821339141112,
        "max": 0.438386648893,
        "mean": 0.134778380394,
        "median": 0.127938091755,
        "min": 0.0173336677253,
        "var": 0.00268615991808
    },
    "barkbands_kurtosis": {
        "dmean": 2.71299314499,
        "dmean2": 4.21491765976,
        "dvar": 55.1547927856,
        "dvar2": 108.039459229,
        "max": 504.347595215,
        "mean": 3.97895979881,
        "median": 0.807427883148,
        "min": -1.92665493488,
        "var": 199.957778931
    },
    "barkbands_skewness": {
        "dmean": 0.508655905724,
        "dmean2": 0.780030488968,
        "dvar": 0.373666793108,
        "dvar2": 0.829961001873,
        "max": 19.9035282135,
        "mean": 1.26909196377,
        "median": 1.04574978352,
        "min": -1.99001383781,
        "var": 1.78285431862
    },
    "barkbands_spread": {
        "dmean": 6.37747812271,
        "dmean2": 9.78853321075,
        "dvar": 71.9095458984,
        "dvar2": 139.714675903,
        "max": 131.807281494,
        "mean": 26.8462772369,
        "median": 24.2801532745,
        "min": 0.305335372686,
        "var": 267.832305908
    },
    "dissonance": {
        "dmean": 0.0205671470612,
        "dmean2": 0.0342269949615,
        "dvar": 0.000487048499053,
        "dvar2": 0.0012512288522,
        "max": 0.500000238419,
        "mean": 0.460525602102,
        "median": 0.47118473053,
        "min": 0.176930427551,
        "var": 0.0013441479532
    },
    "dynamic_complexity": 2.67544603348,
    "erbbands_crest": {
        "dmean": 2.66825890541,
        "dmean2": 4.27516317368,
        "dvar": 6.43377447128,
        "dvar2": 15.3992452621,
        "max": 30.4863491058,
        "mean": 9.2313709259,
        "median": 8.31180858612,
        "min": 2.18820762634,
        "var": 20.3280563354
    },
    "erbbands_flatness_db": {
        "dmean": 0.0164666157216,
        "dmean2": 0.0238952711225,
        "dvar": 0.00026209114003,
        "dvar2": 0.000490940350574,
        "max": 0.311742872,
        "mean": 0.157114073634,
        "median": 0.154659956694,
        "min": 0.0611353516579,
        "var": 0.0019871101249
    },
    "erbbands_kurtosis": {
        "dmean": 1.04375684261,
        "dmean2": 1.62216198444,
        "dvar": 2.8512468338,
        "dvar2": 6.34971284866,
        "max": 42.4734077454,
        "mean": 0.854415416718,
        "median": -0.115409612656,
        "min": -1.86009025574,
        "var": 9.35769844055
    },
    "erbbands_skewness": {
        "dmean": 0.378554701805,
        "dmean2": 0.56607311964,
        "dvar": 0.169891998172,
        "dvar2": 0.324567109346,
        "max": 5.31087350845,
        "mean": 0.402591824532,
        "median": 0.361261248589,
        "min": -4.29285621643,
        "var": 0.893688261509
    },
    "erbbands_spread": {
        "dmean": 8.42783260345,
        "dmean2": 12.7900981903,
        "dvar": 122.579727173,
        "dvar2": 262.9737854,
        "max": 155.544967651,
        "mean": 39.329914093,
        "median": 35.4975013733,
        "min": 3.40840291977,
        "var": 425.715698242
    },
    "hfc": {
        "dmean": 5.92144298553,
        "dmean2": 8.6626329422,
        "dvar": 55.2327308655,
        "dvar2": 116.537109375,
        "max": 109.407096863,
        "mean": 25.3218612671,
        "median": 20.4938526154,
        "min": 1.1530532456e-16,
        "var": 370.612457275
    },
    "melbands_crest": {
        "dmean": 3.24659776688,
        "dmean2": 5.37120819092,
        "dvar": 8.37806606293,
        "dvar2": 21.9067173004,
        "max": 37.5100059509,
        "mean": 12.4913015366,
        "median": 11.5561847687,
        "min": 1.61318051815,
        "var": 22.9073677063
    },
    "melbands_flatness_db": {
        "dmean": 0.0240097399801,
        "dmean2": 0.0374623499811,
        "dvar": 0.000579710409511,
        "dvar2": 0.00137423491105,
        "max": 0.556894004345,
        "mean": 0.173785805702,
        "median": 0.162264838815,
        "min": 0.00383496819995,
        "var": 0.00516885053366
    },
    "melbands_kurtosis": {
        "dmean": 6.89179325104,
        "dmean2": 10.9270353317,
        "dvar": 261.15637207,
        "dvar2": 606.534301758,
        "max": 394.426849365,
        "mean": 12.3234891891,
        "median": 5.23272418976,
        "min": -1.8099976778,
        "var": 654.57019043
    },
    "melbands_skewness": {
        "dmean": 0.714781105518,
        "dmean2": 1.09593904018,
        "dvar": 0.789423882961,
        "dvar2": 1.79922151566,
        "max": 16.6179637909,
        "mean": 2.27888536453,
        "median": 1.88902616501,
        "min": -0.919794619083,
        "var": 3.28709816933
    },
    "melbands_spread": {
        "dmean": 8.02428913116,
        "dmean2": 12.4789981842,
        "dvar": 133.563842773,
        "dvar2": 284.490020752,
        "max": 202.992538452,
        "mean": 30.3617649078,
        "median": 25.8923168182,
        "min": 0.42675152421,
        "var": 482.333709717
    },
    "pitch_salience": {
        "dmean": 0.0748822316527,
        "dmean2": 0.122409261763,
        "dvar": 0.00443935627118,
        "dvar2": 0.011641792953,
        "max": 0.970123648643,
        "mean": 0.575804769993,
        "median": 0.586346924305,
        "min": 0.0769429057837,
        "var": 0.0129100708291
    },
    "silence_rate_20dB": {
        "dmean": 0,
        "dmean2": 0,
        "dvar": 0,
        "dvar2": 0,
        "max": 1,
        "mean": 1,
        "median": 1,
        "min": 1,
        "var": 0
    },
    "silence_rate_30dB": {
        "dmean": 0,
        "dmean2": 0,
        "dvar": 0,
        "dvar2": 0,
        "max": 1,
        "mean": 1,
        "median": 1,
        "min": 1,
        "var": 0
    },
    "silence_rate_60dB": {
        "dmean": 0.0103385886177,
        "dmean2": 0.0206798501313,
        "dvar": 0.0102316355333,
        "dvar2": 0.0246462225914,
        "max": 1,
        "mean": 0.0276521518826,
        "median": 0,
        "min": 0,
        "var": 0.0268859192729
    },
    "spectral_centroid": {
        "dmean": 265.804229736,
        "dmean2": 403.241699219,
        "dvar": 112068.476562,
        "dvar2": 218880.34375,
        "max": 11828.1220703,
        "mean": 1629.62072754,
        "median": 1624.22021484,
        "min": 136.428665161,
        "var": 589739.6875
    },
    "spectral_complexity": {
        "dmean": 3.24166440964,
        "dmean2": 5.05518913269,
        "dvar": 10.9040489197,
        "dvar2": 23.8364830017,
        "max": 57,
        "mean": 19.4173660278,
        "median": 20,
        "min": 0,
        "var": 87.9012680054
    },
    "spectral_decrease": {
        "dmean": 1.69365388381e-09,
        "dmean2": 2.71533284746e-09,
        "dvar": 3.56752865232e-18,
        "dvar2": 9.00287910425e-18,
        "max": 9.87093564205e-29,
        "mean": -5.66033353522e-09,
        "median": -5.43639711026e-09,
        "min": -2.27449845625e-08,
        "var": 9.38993180212e-18
    },
    "spectral_energy": {
        "dmean": 0.00670776423067,
        "dmean2": 0.0107098417357,
        "dvar": 5.44286303921e-05,
        "dvar2": 0.000136915303301,
        "max": 0.0904344916344,
        "mean": 0.0236601419747,
        "median": 0.0227191150188,
        "min": 1.03217769799e-20,
        "var": 0.000159566756338
    },
    "spectral_energyband_high": {
        "dmean": 0.000406722712796,
        "dmean2": 0.000590711715631,
        "dvar": 6.27971473932e-07,
        "dvar2": 1.23757149595e-06,
        "max": 0.0145457014441,
        "mean": 0.00114393967669,
        "median": 0.000575525045861,
        "min": 7.24905788263e-21,
        "var": 2.3258839974e-06
    },
    "spectral_energyband_low": {
        "dmean": 0.00359128415585,
        "dmean2": 0.00595572264865,
        "dvar": 3.01665477309e-05,
        "dvar2": 7.88984980318e-05,
        "max": 0.0531852841377,
        "mean": 0.00606777146459,
        "median": 0.00419160583988,
        "min": 4.28129265195e-23,
        "var": 3.76060161216e-05
    },
    "spectral_energyband_middle_high": {
        "dmean": 0.00206605182029,
        "dmean2": 0.00298495055176,
        "dvar": 9.79046672001e-06,
        "dvar2": 1.93905270862e-05,
        "max": 0.0471142195165,
        "mean": 0.00709673250094,
        "median": 0.00384828844108,
        "min": 1.39744520744e-21,
        "var": 6.08159716649e-05
    },
    "spectral_energyband_middle_low": {
        "dmean": 0.00388695113361,
        "dmean2": 0.00621798681095,
        "dvar": 2.8042062695e-05,
        "dvar2": 6.79159129504e-05,
        "max": 0.0665299519897,
        "mean": 0.0100812260062,
        "median": 0.00792052317411,
        "min": 2.34016407949e-22,
        "var": 6.55175099382e-05
    },
    "spectral_entropy": {
        "dmean": 0.149650290608,
        "dmean2": 0.217757984996,
        "dvar": 0.0271866042167,
        "dvar2": 0.0490911714733,
        "max": 9.80135059357,
        "mean": 7.62716817856,
        "median": 7.66379451752,
        "min": 5.15236473083,
        "var": 0.20949344337
    },
    "spectral_flux": {
        "dmean": 0.022286279127,
        "dmean2": 0.0353637784719,
        "dvar": 0.00050015700981,
        "dvar2": 0.00113445660099,
        "max": 0.25315529108,
        "mean": 0.0878091678023,
        "median": 0.0817707702518,
        "min": 6.50916681666e-11,
        "var": 0.00157278846018
    },
    "spectral_kurtosis": {
        "dmean": 1.18852543831,
        "dmean2": 1.95009386539,
        "dvar": 2.08214521408,
        "dvar2": 5.27887535095,
        "max": 33.1259117126,
        "mean": 3.67908906937,
        "median": 3.1184926033,
        "min": -1.33740031719,
        "var": 7.90700101852
    },
    "spectral_rms": {
        "dmean": 0.000671896443237,
        "dmean2": 0.00105687789619,
        "dvar": 4.4144493927e-07,
        "dvar2": 1.05875164991e-06,
        "max": 0.00939301680773,
        "mean": 0.00460084574297,
        "median": 0.00470797065645,
        "min": 3.17333052197e-12,
        "var": 1.91524054571e-06
    },
    "spectral_rolloff": {
        "dmean": 593.510620117,
        "dmean2": 981.563903809,
        "dvar": 1121036,
        "dvar2": 2328723,
        "max": 19487.5488281,
        "mean": 1956.44641113,
        "median": 1464.2578125,
        "min": 21.533203125,
        "var": 3034178
    },
    "spectral_skewness": {
        "dmean": 0.187946215272,
        "dmean2": 0.292693853378,
        "dvar": 0.0432901531458,
        "dvar2": 0.0855137631297,
        "max": 4.68284368515,
        "mean": 1.42963087559,
        "median": 1.38727521896,
        "min": -0.244283944368,
        "var": 0.247252508998
    },
    "spectral_spread": {
        "dmean": 505330.09375,
        "dmean2": 723216.75,
        "dvar": 532508934144,
        "dvar2": 951277715456,
        "max": 41087380,
        "mean": 4852336.5,
        "median": 4616336,
        "min": 2015165.5,
        "var": 2.97112856166e+12
    },
    "spectral_strongpeak": {
        "dmean": 0.714656293392,
        "dmean2": 1.18373978138,
        "dvar": 1.16553592682,
        "dvar2": 2.88206028938,
        "max": 16.0975151062,
        "mean": 1.2477915287,
        "median": 0.537717401981,
        "min": 0,
        "var": 2.29276776314
    },
    "zerocrossingrate": {
        "dmean": 0.011177841574,
        "dmean2": 0.0131900310516,
        "dvar": 0.000219592024223,
        "dvar2": 0.000246037729084,
        "max": 0.69775390625,
        "mean": 0.0746267139912,
        "median": 0.068359375,
        "min": 0.0029296875,
        "var": 0.00179052550811
    },
    "barkbands": {
        "dmean": [0.000123949939734, 0.00240550632589, 0.00145641632844, 0.000657768861856, 0.00152122043073, 0.000922920473386, 0.00078534334898, 0.00108481757343, 0.00117563409731, 0.000800803944003, 0.000490315607749, 0.000466409343062, 0.000429319770774, 0.000315226236125, 0.000285902322503, 0.000290235388093, 0.000266974879196, 0.000231926314882, 0.00032493865001, 0.000189157712157, 9.61062905844e-05, 0.000107337829832, 0.000111589681183, 8.25931565487e-05, 4.79533700855e-05, 1.83664105862e-05, 4.38529440316e-07],
        "dmean2": [0.000193724234123, 0.00404591299593, 0.00247226422653, 0.00113232946023, 0.00255741854198, 0.00149482837878, 0.00127126264852, 0.0017332356656, 0.00186684331857, 0.00119936850388, 0.000725160643924, 0.00069985043956, 0.00064638099866, 0.000486726552481, 0.000439404859208, 0.000444706645794, 0.000430400366895, 0.000364444364095, 0.000492502877023, 0.000300097686704, 0.000152076521772, 0.000167283680639, 0.00017178557755, 0.000126046870719, 6.86874991516e-05, 2.62575758825e-05, 6.7456232955e-07],
        "dvar": [8.14556386786e-08, 1.53693126776e-05, 6.65204788675e-06, 1.05701406028e-06, 6.94959271641e-06, 3.86060946767e-06, 3.02104308503e-06, 5.5134678405e-06, 5.37673349754e-06, 3.42136490872e-06, 1.76094863491e-06, 1.43388365359e-06, 1.19494904993e-06, 5.75465151087e-07, 5.91975663156e-07, 7.64701837852e-07, 3.16171991699e-07, 1.95956104676e-07, 4.03662028248e-07, 1.3964431389e-07, 4.05562481376e-08, 7.42574499668e-08, 7.56067990437e-08, 3.16499537689e-08, 1.03446771149e-08, 2.31375030246e-09, 7.36321333766e-12],
        "dvar2": [1.80983320774e-07, 4.07569568779e-05, 1.77761939995e-05, 2.96264101962e-06, 1.86203669728e-05, 9.29328689381e-06, 7.35859293854e-06, 1.38999885166e-05, 1.27515031636e-05, 7.12295286576e-06, 3.37436813425e-06, 2.95929930871e-06, 2.55558052231e-06, 1.25906456105e-06, 1.29626243961e-06, 1.753477477e-06, 7.7501732676e-07, 4.71690356108e-07, 9.43495535921e-07, 3.50967184204e-07, 8.87466526933e-08, 1.704652135e-07, 1.68754255014e-07, 7.06383858073e-08, 2.02219219148e-08, 4.3714276643e-09, 1.60820540912e-11],
        "max": [0.00396358640864, 0.0355027019978, 0.0336754024029, 0.0144414873794, 0.0416547656059, 0.0407116003335, 0.0277014095336, 0.0389792397618, 0.0405603460968, 0.0325503125787, 0.0339287631214, 0.0259308498353, 0.0270509086549, 0.0197381135076, 0.0206239316612, 0.0296029634774, 0.0148900859058, 0.0117313787341, 0.0166265983135, 0.00717858271673, 0.00468476116657, 0.0057388516143, 0.00661755120382, 0.00387430982664, 0.0020647183992, 0.00118652801029, 9.7891286714e-05],
        "mean": [0.000136634655064, 0.0036303778179, 0.00184158515185, 0.000826090399642, 0.00232667149976, 0.00154200289398, 0.00123680476099, 0.00167148711625, 0.0019800872542, 0.00142874976154, 0.000824880611617, 0.000834477483295, 0.00072823476512, 0.000505575269926, 0.000486371456645, 0.000539275526535, 0.000525118841324, 0.00048135058023, 0.000750869861804, 0.000376015115762, 0.000195019936655, 0.000212289174669, 0.000233836704865, 0.00019403261831, 0.000111689871119, 4.01565812354e-05, 4.89529327297e-07],
        "median": [2.64783211605e-05, 0.00193389179185, 0.000774105603341, 0.000395505572669, 0.00131750048604, 0.000780065078288, 0.000472573621664, 0.000548798590899, 0.000717926304787, 0.000341487204423, 0.000205270393053, 0.000228180608246, 0.000186404242413, 0.000147143553477, 0.000163725519087, 0.000171884530573, 0.000211111677345, 0.00020409192075, 0.000283897301415, 0.000181296374649, 7.92296705185e-05, 8.55161779327e-05, 0.000111504385131, 9.85982769635e-05, 4.12923727708e-05, 8.91528179636e-06, 5.03625974257e-10],
        "min": [6.5851753618e-24, 1.89318539317e-23, 1.13081459492e-23, 1.25417760991e-23, 1.00262714329e-23, 2.78333635417e-23, 5.4139151583e-23, 3.06097437204e-23, 1.93440179775e-23, 4.77210171234e-23, 6.33683382357e-23, 4.93264184853e-23, 4.24834319412e-23, 3.03491861189e-23, 5.70781633259e-23, 6.19278340466e-23, 1.17037057351e-22, 1.2983804841e-22, 1.96947505847e-22, 2.39391264395e-22, 3.21768285304e-22, 4.78801915836e-22, 5.42067399232e-22, 7.05670638139e-22, 9.79082759695e-22, 1.57425980916e-21, 2.26679234127e-21],
        "var": [1.09634449075e-07, 2.01779075724e-05, 7.56702957005e-06, 1.34081528813e-06, 1.04966875369e-05, 6.26852897767e-06, 5.06719925397e-06, 8.91020954441e-06, 1.17369518193e-05, 8.94512322702e-06, 4.70369514005e-06, 4.00822227675e-06, 3.0983085253e-06, 1.226447921e-06, 1.31458909891e-06, 1.72223144546e-06, 8.92579748779e-07, 6.098078984e-07, 1.52889379024e-06, 3.29577773073e-07, 9.81669430189e-08, 1.47218102597e-07, 1.47521291183e-07, 8.14951519601e-08, 3.88209322466e-08, 1.06158051238e-08, 1.23997791202e-11]
    },
    "erbbands": {
        "dmean": [0.0625853613019, 0.586190104485, 1.5311460495, 2.01046466827, 2.7891125679, 6.01833629608, 8.58492565155, 7.10503101349, 10.1089515686, 14.3208084106, 24.8782463074, 25.1904621124, 26.2418384552, 22.3124275208, 17.7110958099, 17.2994270325, 17.1607666016, 17.5635509491, 12.0701112747, 13.084821701, 15.7682781219, 12.9222145081, 12.1239833832, 13.9592008591, 15.1311073303, 8.15091705322, 3.98225355148, 4.11065673828, 3.63042640686, 3.85715031624, 3.21649980545, 2.16828799248, 1.23864638805, 0.633782565594, 0.319022983313, 0.119132295251, 0.0288068372756, 0.00294624315575, 0.000100046396255, 1.07350870167e-05],
        "dmean2": [0.103984110057, 0.998349070549, 2.60830450058, 3.44203877449, 4.79135847092, 10.1698598862, 14.1817092896, 11.3669910431, 16.445848465, 22.3666419983, 39.8734436035, 39.4071464539, 39.6689872742, 32.4329490662, 25.0748386383, 25.3605442047, 25.4385089874, 26.7771472931, 18.520488739, 20.2381229401, 24.1908168793, 20.6295108795, 18.9963970184, 21.2234363556, 23.2022438049, 12.9754142761, 6.32164001465, 6.43670940399, 5.68124389648, 6.05358886719, 5.01809835434, 3.32141685486, 1.89278042316, 0.91212451458, 0.467825949192, 0.173313736916, 0.0415338762105, 0.00439228257164, 0.000148018079926, 1.63018121384e-05],
        "dvar": [0.0130936000496, 0.924136579037, 7.3305516243, 9.28678703308, 23.354757309, 132.939575195, 371.250152588, 292.814178467, 618.441223145, 921.823059082, 2968.65185547, 2725.99072266, 3285.78100586, 3441.35644531, 2445.16650391, 2049.74243164, 1834.23583984, 1881.24450684, 972.076782227, 1362.46020508, 2350.20458984, 619.54510498, 566.151489258, 793.736755371, 778.868896484, 305.569213867, 58.3105163574, 94.6102142334, 84.2790145874, 87.1303863525, 78.8064117432, 27.2660961151, 5.91450357437, 1.80318295956, 0.461475908756, 0.0791495367885, 0.00697147520259, 0.000155470712343, 2.25914405405e-07, 3.0667823836e-10],
        "dvar2": [0.0340134352446, 2.49997425079, 19.6369018555, 25.5440711975, 64.6835708618, 357.232635498, 974.279846191, 697.817077637, 1527.18652344, 2152.75317383, 7516.07763672, 6443.40869141, 6954.94824219, 7459.08300781, 4535.67333984, 4138.12792969, 3788.54516602, 4323.73242188, 2045.49353027, 3068.52294922, 5737.73974609, 1510.94494629, 1361.38745117, 1740.64135742, 1828.62280273, 790.540893555, 136.949707031, 201.221710205, 191.233840942, 202.617156982, 179.78944397, 62.4747276306, 13.0450134277, 3.65025472641, 0.976267635822, 0.166265651584, 0.0129667371511, 0.000305228488287, 4.67365765644e-07, 6.48704923112e-10],
        "max": [1.27577614784, 8.79794692993, 34.4508590698, 39.8275756836, 98.6808624268, 223.599319458, 361.485992432, 516.713928223, 445.845733643, 515.629760742, 935.183410645, 1143.18103027, 1104.56298828, 1533.34301758, 1511.96789551, 1121.59399414, 1084.84960938, 1177.90966797, 950.811523438, 1214.52319336, 1788.45019531, 643.217651367, 627.781616211, 1072.92932129, 695.913818359, 416.248535156, 176.112945557, 214.492797852, 256.590484619, 261.129211426, 251.099975586, 132.681900024, 46.1330413818, 27.0649547577, 13.7590932846, 6.55453586578, 2.30975246429, 0.295881450176, 0.015476949513, 0.000608848291449],
        "mean": [0.0858644470572, 0.883061110973, 2.0850713253, 2.72893548012, 3.90355539322, 8.6292219162, 12.7876110077, 12.3774957657, 16.9190616608, 23.9399375916, 39.1628723145, 43.4226379395, 48.4826011658, 41.0198020935, 33.7466278076, 32.6449279785, 32.3378791809, 31.9785861969, 23.3734874725, 25.7645511627, 31.7632160187, 29.2216892242, 27.4941635132, 32.8075828552, 35.0487747192, 17.2256832123, 8.39005851746, 8.08889102936, 7.21934366226, 7.92160606384, 6.43920993805, 4.60323143005, 2.89294171333, 1.41091239452, 0.723764359951, 0.266924351454, 0.0581243336201, 0.00519596086815, 0.000179800888873, 3.82063990401e-05],
        "median": [0.0366921238601, 0.477200061083, 1.11490345001, 1.51965117455, 2.09580159187, 4.58644771576, 5.66586303711, 6.22013616562, 6.98524188995, 9.92690944672, 15.7613105774, 18.7815608978, 15.2175960541, 12.5132904053, 9.65471744537, 10.4156341553, 10.5372724533, 9.48813819885, 8.65033721924, 9.47930431366, 11.0395793915, 12.6803321838, 11.5439004898, 13.1569404602, 14.5355978012, 8.95599460602, 3.88004255295, 2.91108155251, 2.68031048775, 3.78661179543, 2.93533539772, 2.2236392498, 1.40036296844, 0.53082960844, 0.268960624933, 0.0792514309287, 0.00890710670501, 0.000220675996388, 2.91975848086e-05, 3.2949839806e-05],
        "min": [6.01854220605e-22, 3.44747432393e-21, 9.83219672499e-21, 3.40031751653e-20, 5.76956667798e-20, 2.94215865423e-20, 1.20171881738e-19, 2.91924575126e-19, 4.70595664986e-19, 5.68888193007e-19, 7.20305258496e-19, 5.37041791122e-19, 1.25497526431e-18, 1.77561390879e-18, 2.60411614916e-18, 2.59062193824e-18, 1.78239865097e-18, 2.17864339339e-18, 4.44386447277e-18, 2.77843184876e-18, 5.3407193355e-18, 6.18307126767e-18, 6.8582346952e-18, 9.3328927358e-18, 1.11479329677e-17, 1.09135993176e-17, 1.42329741998e-17, 1.22565353139e-17, 1.70502951178e-17, 1.36749846283e-17, 1.57965738593e-17, 1.53434641721e-17, 1.28831180105e-17, 1.05270809784e-17, 7.25098335876e-18, 4.80259078415e-18, 3.04062680303e-18, 1.19427240826e-18, 2.92640577494e-19, 2.69304368079e-20],
        "var": [0.0152995642275, 1.17494344711, 7.84186267853, 11.2628984451, 37.154876709, 183.013092041, 534.610351562, 491.435821533, 1040.70593262, 1681.25891113, 4448.4140625, 5809.44628906, 8513.51464844, 8338.35351562, 6901.54394531, 5681.78613281, 4895.8515625, 4702.49414062, 2415.79663086, 3706.36523438, 5065.10791016, 2228.73291016, 1931.98706055, 3079.9140625, 2950.29760742, 664.231689453, 145.906616211, 206.533035278, 173.153579712, 176.221084595, 132.816436768, 56.049861908, 17.8459644318, 5.9869093895, 1.69586002827, 0.320975989103, 0.0300216954201, 0.000513227423653, 5.61733315863e-07, 1.17049969717e-09]
    },
    "gfcc": {
        "mean": [9.01304149628, 85.2912216187, -122.353996277, 40.6346282959, -71.2554855347, 21.8844509125, -40.8079986572, 21.0173492432, -23.8762054443, 0.563861310482, -11.7922544479, -3.01378130913, -10.4000043869],
        "cov": [[5701.26611328, -809.961242676, -731.368652344, 41.6361083984, -231.865814209, 100.24874115, -255.37928772, 122.494445801, -202.982818604, 22.4480648041, -72.8375244141, 113.205032349, -88.2210540771], [-809.961242676, 1107.75427246, 173.433624268, -56.95936203, 75.7869110107, -113.006698608, 34.0081863403, -17.2244911194, 84.3612747192, -113.592041016, 157.141464233, -100.642127991, 32.7369155884], [-731.368652344, 173.433624268, 1152.43457031, 335.485626221, -93.7643737793, -12.0480909348, -67.9715957642, -91.1694259644, 27.6939601898, 128.207092285, -25.7892284393, 20.8262195587, -31.8776340485], [41.6361083984, -56.95936203, 335.485626221, 464.092254639, 25.886882782, 19.2913188934, -41.2876358032, -29.6532688141, 35.2427787781, 42.2922859192, 13.7958250046, 0.549142420292, 16.3636741638], [-231.865814209, 75.7869110107, -93.7643737793, 25.886882782, 292.30255127, 58.7718353271, 51.3134269714, 51.8362236023, 20.1698913574, -13.2576732635, 25.6814613342, 5.17477083206, 16.4364871979], [100.24874115, -113.006698608, -12.0480909348, 19.2913188934, 58.7718353271, 215.078704834, 98.6352767944, 6.91407060623, -23.7447681427, 26.8559265137, -0.684361934662, 12.960351944, 10.6813373566], [-255.37928772, 34.0081863403, -67.9715957642, -41.2876358032, 51.3134269714, 98.6352767944, 208.39630127, 41.4955406189, -17.3530445099, -4.26430892944, 25.7810916901, 6.19310426712, -1.9278126955], [122.494445801, -17.2244911194, -91.1694259644, -29.6532688141, 51.8362236023, 6.91407060623, 41.4955406189, 134.022949219, 43.7893295288, 3.19023919106, 11.9295949936, 2.44284129143, 7.86863899231], [-202.982818604, 84.3612747192, 27.6939601898, 35.2427787781, 20.1698913574, -23.7447681427, -17.3530445099, 43.7893295288, 129.307250977, 33.7926673889, -1.1175712347, -14.8034191132, 26.2013015747], [22.4480648041, -113.592041016, 128.207092285, 42.2922859192, -13.2576732635, 26.8559265137, -4.26430892944, 3.19023919106, 33.7926673889, 125.317550659, -21.3611316681, 21.9800243378, -0.202590420842], [-72.8375244141, 157.141464233, -25.7892284393, 13.7958250046, 25.6814613342, -0.684361934662, 25.7810916901, 11.9295949936, -1.1175712347, -21.3611316681, 132.728866577, 3.14324235916, 3.5384542942], [113.205032349, -100.642127991, 20.8262195587, 0.549142420292, 5.17477083206, 12.960351944, 6.19310426712, 2.44284129143, -14.8034191132, 21.9800243378, 3.14324235916, 87.102897644, 10.7644062042], [-88.2210540771, 32.7369155884, -31.8776340485, 16.3636741638, 16.4364871979, 10.6813373566, -1.9278126955, 7.86863899231, 26.2013015747, -0.202590420842, 3.5384542942, 10.7644062042, 76.1363754272]],
        "icov": [[0.000361284677638, -0.00019457336748, 0.000461800256744, -0.000430539395893, 0.000511680496857, -0.000589519331697, 0.000926140870433, -0.000916709424928, 0.000862083397806, -0.000402294535888, 0.000303484586766, -0.00062884244835, 0.000655669544358], [-0.00019457336748, 0.00233183591627, -0.00119766616262, 0.00125194271095, -0.00106455641799, 0.00143689545803, -0.0014210663503, 0.00166521733627, -0.0021984425839, 0.00215033302084, -0.00257845711894, 0.00251028151251, -0.00165125948843], [0.000461800256744, -0.00119766616262, 0.00233005196787, -0.00185651076026, 0.00128582376055, -0.00107878248673, 0.00153221318033, -0.00101548212115, 0.00163448788226, -0.00231776945293, 0.00148832506966, -0.00197428790852, 0.00208346382715], [-0.000430539395893, 0.00125194271095, -0.00185651076026, 0.00397342350334, -0.0014702671906, 0.000712066772394, -0.00091593322577, 0.00197555567138, -0.00231772963889, 0.00130602007266, -0.00200569978915, 0.00202074600384, -0.00206973031163], [0.000511680496857, -0.00106455641799, 0.00128582376055, -0.0014702671906, 0.0051482655108, -0.0022666004952, 0.00135542661883, -0.00284669920802, 0.00121289095841, -0.000550095166545, 0.000864349654876, -0.00202115159482, 0.00126680743415], [-0.000589519331697, 0.00143689545803, -0.00107878248673, 0.000712066772394, -0.0022666004952, 0.00847318675369, -0.00514255370945, 0.00258169230074, -0.000460707611637, -0.000503161165398, -0.00111584772822, 0.00232168310322, -0.00312125263736], [0.000926140870433, -0.0014210663503, 0.00153221318033, -0.00091593322577, 0.00135542661883, -0.00514255370945, 0.00984263513237, -0.00482236081734, 0.00364417745732, -0.00145362049807, 0.000597871025093, -0.00246282177977, 0.00276145897806], [-0.000916709424928, 0.00166521733627, -0.00101548212115, 0.00197555567138, -0.00284669920802, 0.00258169230074, -0.00482236081734, 0.0132521856576, -0.00706909410655, 0.00190042878967, -0.00231974292547, 0.0016977568157, -0.00156177266035], [0.000862083397806, -0.0021984425839, 0.00163448788226, -0.00231772963889, 0.00121289095841, -0.000460707611637, 0.00364417745732, -0.00706909410655, 0.0154572352767, -0.00629592314363, 0.00248227012344, 0.000239207860432, -0.00173300155438], [-0.000402294535888, 0.00215033302084, -0.00231776945293, 0.00130602007266, -0.000550095166545, -0.000503161165398, -0.00145362049807, 0.00190042878967, -0.00629592314363, 0.0135344257578, -0.000986587954685, -0.000696929986589, -0.000338682701113], [0.000303484586766, -0.00257845711894, 0.00148832506966, -0.00200569978915, 0.000864349654876, -0.00111584772822, 0.000597871025093, -0.00231974292547, 0.00248227012344, -0.000986587954685, 0.0110665522516, -0.00353911006823, 0.00186857325025], [-0.00062884244835, 0.00251028151251, -0.00197428790852, 0.00202074600384, -0.00202115159482, 0.00232168310322, -0.00246282177977, 0.0016977568157, 0.000239207860432, -0.000696929986589, -0.00353911006823, 0.0165788438171, -0.00545981619507], [0.000655669544358, -0.00165125948843, 0.00208346382715, -0.00206973031163, 0.00126680743415, -0.00312125263736, 0.00276145897806, -0.00156177266035, -0.00173300155438, -0.000338682701113, 0.00186857325025, -0.00545981619507, 0.0175975449383]]
    },
    "melbands": {
        "dmean": [0.00061565078795, 0.000772325438447, 0.000348308152752, 0.000302449072478, 0.000295404781355, 0.000163713470101, 0.000154504057718, 0.000172732761712, 0.000208074343391, 0.000163339893334, 0.000133868030389, 9.60348043009e-05, 6.1099191953e-05, 5.23590606463e-05, 4.28758139606e-05, 4.39815157733e-05, 3.34883807227e-05, 2.03888230317e-05, 2.26744687097e-05, 1.95042448468e-05, 2.0074628992e-05, 1.57418999152e-05, 1.20428885566e-05, 1.18873522297e-05, 1.25848173411e-05, 1.38750619953e-05, 9.13553958526e-06, 5.48918887944e-06, 2.92303661809e-06, 2.44252987613e-06, 2.65862263404e-06, 2.2427541353e-06, 2.29938768825e-06, 2.21328104999e-06, 2.03162198886e-06, 1.7864659867e-06, 1.36819960517e-06, 9.76670094133e-07, 7.73132796894e-07, 5.29387079951e-07],
        "dmean2": [0.00102462817449, 0.00131167145446, 0.000595073855948, 0.000511296966579, 0.000489160476718, 0.000262671994278, 0.000250752578722, 0.000268637551926, 0.000333631003741, 0.000255872961134, 0.000202565293876, 0.000139643045259, 8.75447149156e-05, 7.68910322222e-05, 6.23266678303e-05, 6.67084168526e-05, 5.11866564921e-05, 3.14566714223e-05, 3.47287823388e-05, 2.96481357509e-05, 3.16313999065e-05, 2.51328820013e-05, 1.91769213416e-05, 1.85776898434e-05, 1.9446872102e-05, 2.1608586394e-05, 1.42599665196e-05, 8.97213521966e-06, 4.68685448141e-06, 3.93129857912e-06, 4.17955970988e-06, 3.56769055543e-06, 3.65305072592e-06, 3.54487065124e-06, 3.22534560837e-06, 2.81311781691e-06, 2.15053296415e-06, 1.53359530941e-06, 1.18533500881e-06, 7.82777078712e-07],
        "dvar": [1.06123525256e-06, 1.67758423686e-06, 2.48503766898e-07, 2.67472216819e-07, 3.84134011711e-07, 1.38548585937e-07, 1.28300314373e-07, 1.30434528955e-07, 1.98581616928e-07, 1.11708459372e-07, 8.60247979517e-08, 6.18190796331e-08, 2.82015353292e-08, 2.03016199407e-08, 1.34301503252e-08, 1.40166820373e-08, 6.96788227117e-09, 2.8718343259e-09, 4.45837633478e-09, 3.36228689335e-09, 4.04818134569e-09, 1.12797837737e-09, 4.75193384641e-10, 6.35589969544e-10, 7.06456726451e-10, 8.32396540584e-10, 3.1370372966e-10, 1.55036400384e-10, 3.46424486319e-11, 2.59863953272e-11, 4.52527806893e-11, 3.42000698594e-11, 3.97312564793e-11, 2.60407979902e-11, 2.86531302157e-11, 2.45918233693e-11, 1.06546342929e-11, 3.6308345653e-12, 2.50826356213e-12, 1.31893779752e-12],
        "dvar2": [2.77351227851e-06, 4.53133134215e-06, 6.86684302309e-07, 7.2190107403e-07, 1.00979173112e-06, 3.32984456008e-07, 3.18144770972e-07, 3.09707729684e-07, 4.95904600939e-07, 2.6521718155e-07, 1.80698251029e-07, 1.33277950454e-07, 5.24719752093e-08, 4.118759378e-08, 2.57902890155e-08, 3.04753271507e-08, 1.58133861561e-08, 6.13197004284e-09, 1.0117271465e-08, 6.6561876011e-09, 1.00261212665e-08, 2.74326050764e-09, 1.16641851733e-09, 1.52226597994e-09, 1.57691748548e-09, 2.03658845344e-09, 7.30277505134e-10, 4.12622769286e-10, 8.67965352369e-11, 6.43479713958e-11, 9.81501893649e-11, 7.96717344875e-11, 1.00784242063e-10, 6.05327871162e-11, 6.66621272072e-11, 5.89223808634e-11, 2.52022534786e-11, 8.49086079224e-12, 5.51371578603e-12, 2.79538826982e-12],
        "max": [0.0101501885802, 0.0135876052082, 0.00582047970966, 0.0100206211209, 0.0118341874331, 0.00998529419303, 0.00577240856364, 0.00658513791859, 0.00740938959643, 0.00785070937127, 0.00535453483462, 0.00614061160013, 0.00544013548642, 0.00394610594958, 0.00394874857739, 0.00369419506751, 0.0023793564178, 0.00151064433157, 0.00205838400871, 0.00313979084603, 0.00220829457976, 0.000923201034311, 0.000358608638635, 0.000917363329791, 0.000956675736234, 0.000786344171502, 0.000445036654128, 0.000303940178128, 0.000159698858624, 0.000113425267045, 0.000165716061019, 0.000161828749697, 0.000176097513759, 0.000145647878526, 0.000141138531035, 0.000143528042827, 8.90904047992e-05, 4.41015145043e-05, 3.30215625581e-05, 2.1678100893e-05],
        "mean": [0.000925123284105, 0.0011621916201, 0.000498590990901, 0.000434801448137, 0.000454585126135, 0.000285032088868, 0.000257532985415, 0.000284699141048, 0.000322018313454, 0.000279331783531, 0.000240935391048, 0.000167414022144, 0.000110545195639, 9.37294098549e-05, 7.5362251664e-05, 7.63767529861e-05, 5.5810498452e-05, 3.49298279616e-05, 3.72855975002e-05, 3.56206655852e-05, 3.68242399418e-05, 3.152883437e-05, 2.42400928983e-05, 2.41155375988e-05, 2.63566016656e-05, 2.96940870612e-05, 1.85440330824e-05, 9.90958415059e-06, 5.41768986295e-06, 4.43132512373e-06, 4.73802901979e-06, 4.02248997489e-06, 4.21577624365e-06, 4.36428899775e-06, 3.74339197151e-06, 3.24714233102e-06, 2.69559063781e-06, 2.12257918975e-06, 1.57043155014e-06, 1.06659433641e-06],
        "median": [0.000448778911959, 0.000742191274185, 0.000301477033645, 0.00024617507006, 0.000215504973312, 0.000143576064147, 0.000106493709609, 0.000105726940092, 0.00012398402032, 0.000105092600279, 6.52235030429e-05, 4.35538095189e-05, 2.91966334771e-05, 2.58179170487e-05, 2.10638627323e-05, 1.86004454008e-05, 1.51679105329e-05, 1.16730097943e-05, 1.19338592413e-05, 1.14560980364e-05, 1.19545502457e-05, 1.24868674902e-05, 1.02087560663e-05, 9.31265458348e-06, 9.78409752861e-06, 1.03475977085e-05, 7.97828397481e-06, 4.16414604842e-06, 2.27833493227e-06, 1.76577066213e-06, 1.53072369358e-06, 1.28735598537e-06, 1.83964107237e-06, 2.06613435694e-06, 1.67254563621e-06, 1.35957566272e-06, 1.28042745473e-06, 1.0175715488e-06, 6.27294639344e-07, 3.55677570951e-07],
        "min": [6.9140644894e-24, 4.86898203566e-24, 6.66769928439e-24, 2.7388676733e-24, 3.37464006188e-24, 6.27903185512e-24, 8.89688688505e-24, 6.19283657388e-24, 4.80803503655e-24, 3.39167906301e-24, 5.51162678323e-24, 6.7011201655e-24, 8.7650074855e-24, 4.98652270496e-24, 4.47906544515e-24, 4.15829290741e-24, 3.29297165895e-24, 5.54327588275e-24, 3.91096686982e-24, 3.76246695986e-24, 6.24377884456e-24, 6.76523089127e-24, 4.74747457929e-24, 7.34309517017e-24, 6.85261695805e-24, 7.05842130189e-24, 6.66991046151e-24, 6.11329060122e-24, 8.98175569668e-24, 6.55588258981e-24, 6.98656159545e-24, 8.7888863051e-24, 7.12593359588e-24, 7.49320908955e-24, 8.37038297311e-24, 9.46642237052e-24, 7.59500922278e-24, 8.484781215e-24, 9.45439934146e-24, 8.23166967153e-24],
        "var": [1.40331576404e-06, 1.76620915227e-06, 3.19742468946e-07, 3.90914294712e-07, 5.70766701458e-07, 2.33224540125e-07, 2.18251116735e-07, 2.42562208541e-07, 3.02510756001e-07, 2.62294719278e-07, 2.23257771381e-07, 1.49464952415e-07, 7.94902419443e-08, 5.59671313738e-08, 3.9010412678e-08, 3.68468491274e-08, 1.60429589613e-08, 6.4954530643e-09, 9.12347264403e-09, 9.13725095586e-09, 7.8827824268e-09, 3.42187389535e-09, 1.29927013592e-09, 1.97511229594e-09, 2.32205388251e-09, 2.56789234321e-09, 9.64979207652e-10, 2.83804091339e-10, 7.0338450342e-11, 5.5905637758e-11, 8.59404977738e-11, 6.32722069183e-11, 6.2508456744e-11, 5.33688926385e-11, 4.72888082859e-11, 3.73306108248e-11, 2.02280657502e-11, 9.6124106938e-12, 6.87507299355e-12, 3.82806156565e-12]
    },
    "mfcc": {
        "mean": [-626.688598633, 106.243782043, 6.26355028152, 18.5005493164, 1.43268442154, -2.32540297508, 0.461197763681, 10.0573129654, -3.55270051956, 7.54915618896, 0.9565102458, -0.964850008488, 0.190101206303],
        "cov": [[4723.23583984, -1005.15014648, -665.585449219, -226.666915894, -55.6957969666, -138.244384766, -28.9919528961, 58.8911361694, -120.648239136, 12.8380413055, -105.016876221, -45.5470275879, -50.3993301392], [-1005.15014648, 1082.99963379, 51.293964386, -18.5398254395, 46.0301704407, -109.188728333, 14.3611192703, 49.5121765137, -70.554069519, 28.1522102356, 37.7788314819, -8.20293521881, 54.5657157898], [-665.585449219, 51.293964386, 1084.11474609, 312.216339111, 37.9627189636, 132.479171753, -71.1335754395, -142.127700806, -2.588306427, -43.3173065186, -1.10614335537, 86.8470077515, 46.8744773865], [-226.666915894, -18.5398254395, 312.216339111, 364.222137451, 121.485710144, 37.9708061218, -43.4660873413, -27.1658096313, -5.21540689468, 7.6128115654, -2.09820008278, 19.6938266754, 38.7643852234], [-55.6957969666, 46.0301704407, 37.9627189636, 121.485710144, 256.748596191, 17.8775405884, -11.5010442734, 3.5704972744, 11.2809972763, 28.5565872192, -8.8989200592, 8.86427497864, 26.8070430756], [-138.244384766, -109.188728333, 132.479171753, 37.9708061218, 17.8775405884, 215.779418945, 74.3729782104, -15.9839439392, 48.9203300476, -14.6080474854, 11.075920105, 27.2189712524, -14.8332576752], [-28.9919528961, 14.3611192703, -71.1335754395, -43.4660873413, -11.5010442734, 74.3729782104, 211.686325073, 78.2098846436, -9.03863811493, 8.09498786926, 24.942522049, 0.261469841003, -3.36330890656], [58.8911361694, 49.5121765137, -142.127700806, -27.1658096313, 3.5704972744, -15.9839439392, 78.2098846436, 144.397277832, -3.07443642616, 21.0997428894, 15.111702919, -14.9320688248, -1.06201219559], [-120.648239136, -70.554069519, -2.588306427, -5.21540689468, 11.2809972763, 48.9203300476, -9.03863811493, -3.07443642616, 159.927230835, 23.2433891296, 8.38252735138, 15.7153301239, 1.04163563251], [12.8380413055, 28.1522102356, -43.3173065186, 7.6128115654, 28.5565872192, -14.6080474854, 8.09498786926, 21.0997428894, 23.2433891296, 111.322364807, 24.4223117828, -3.09282755852, 7.18864202499], [-105.016876221, 37.7788314819, -1.10614335537, -2.09820008278, -8.8989200592, 11.075920105, 24.942522049, 15.111702919, 8.38252735138, 24.4223117828, 89.6438903809, 14.3221635818, 0.458920061588], [-45.5470275879, -8.20293521881, 86.8470077515, 19.6938266754, 8.86427497864, 27.2189712524, 0.261469841003, -14.9320688248, 15.7153301239, -3.09282755852, 14.3221635818, 80.6099472046, 24.9035377502], [-50.3993301392, 54.5657157898, 46.8744773865, 38.7643852234, 26.8070430756, -14.8332576752, -3.36330890656, -1.06201219559, 1.04163563251, 7.18864202499, 0.458920061588, 24.9035377502, 90.8322601318]],
