{
"lowlevel": {
    "average_loudness": 0.972821116447,
    "barkbands_crest": {
        "dmean": 2.90896773338,
        "dmean2": 4.8478603363,
        "dvar": 6.2465801239,
        "dvar2": 16.9363117218,
        "max": 23.6577339172,
        "mean": 9.04483985901,
        "median": 8.41313171387,
        "min": 2.1802945137,
        "var": 14.4111728668
    },
    "barkbands_flatness_db": {
        "dmean": 0.0160385053605,
        "dmean2": 0.0253102295101,
        "dvar": 0.00018175203877,
        "dvar2": 0.000433659472037,
        "max": 0.231277689338,
        "mean": 0.084026247263,
        "median": 0.0821663588285,
        "min": 0.0274878274649,
        "var": 0.000661543686874
    },
    "barkbands_kurtosis": {
        "dmean": 0.822298109531,
        "dmean2": 1.33172357082,
        "dvar": 1.34933674335,
        "dvar2": 3.09470796585,
        "max": 48.0878257751,
        "mean": -0.116663873196,
        "median": -0.57006919384,
        "min": -1.92260038853,
        "var": 3.70197176933
    },
    "barkbands_skewness": {
        "dmean": 0.383658409119,
        "dmean2": 0.607162356377,
        "dvar": 0.118956133723,
        "dvar2": 0.273339599371,
        "max": 6.14166164398,
        "mean": 0.846727669239,
        "median": 0.842038810253,
        "min": -3.00709819794,
        "var": 0.488716572523
    },
    "barkbands_spread": {
        "dmean": 7.63629817963,
        "dmean2": 12.0465831757,
        "dvar": 49.3785095215,
        "dvar2": 113.252296448,
        "max": 118.373214722,
        "mean": 52.4726142883,
        "median": 52.500579834,
        "min": 4.29647064209,
        "var": 275.415649414
    },
    "dissonance": {
        "dmean": 0.00991075206548,
        "dmean2": 0.0166776087135,
        "dvar": 0.000114386028145,
        "dvar2": 0.000306864618324,
        "max": 0.500000119209,
        "mean": 0.482629567385,
        "median": 0.48753798008,
        "min": 0.359611421824,
        "var": 0.000243448608671
    },
    "dynamic_complexity": 1.19422459602,
    "erbbands_crest": {
        "dmean": 2.09163618088,
        "dmean2": 3.46874761581,
        "dvar": 4.03266906738,
        "dvar2": 10.2301158905,
        "max": 28.0772571564,
        "mean": 6.89190864563,
        "median": 6.09742832184,
        "min": 2.29699444771,
        "var": 9.6960105896
    },
    "erbbands_flatness_db": {
        "dmean": 0.0116865634918,
        "dmean2": 0.0178705751896,
        "dvar": 0.000107213199954,
        "dvar2": 0.000234239225392,
        "max": 0.23882317543,
        "mean": 0.110261194408,
        "median": 0.103946492076,
        "min": 0.0568749196827,
        "var": 0.000768128666095
    },
    "erbbands_kurtosis": {
        "dmean": 0.652098894119,
        "dmean2": 1.06720137596,
        "dvar": 0.666236400604,
        "dvar2": 1.75860404968,
        "max": 26.3528594971,
        "mean": 0.346132546663,
        "median": 0.113267064095,
        "min": -1.56114184856,
        "var": 1.52468574047
    },
    "erbbands_skewness": {
        "dmean": 0.265510708094,
        "dmean2": 0.413009405136,
        "dvar": 0.0582019947469,
        "dvar2": 0.132688224316,
        "max": 2.23198866844,
        "mean": -0.394555270672,
        "median": -0.462278276682,
        "min": -4.45428943634,
        "var": 0.335916638374
    },
    "erbbands_spread": {
        "dmean": 8.25924396515,
        "dmean2": 13.1539897919,
        "dvar": 56.4718475342,
        "dvar2": 139.843811035,
        "max": 145.298171997,
        "mean": 46.5681381226,
        "median": 45.0975723267,
        "min": 8.79535865784,
        "var": 209.25630188
    },
    "hfc": {
        "dmean": 9.10012626648,
        "dmean2": 13.3836889267,
        "dvar": 85.9406356812,
        "dvar2": 162.246246338,
        "max": 132.691467285,
        "mean": 54.5924453735,
        "median": 54.5947341919,
        "min": 1.12699096826e-16,
        "var": 492.217132568
    },
    "melbands_crest": {
        "dmean": 3.8742146492,
        "dmean2": 6.40718317032,
        "dvar": 10.3813362122,
        "dvar2": 27.0529136658,
        "max": 34.6178207397,
        "mean": 15.1858892441,
        "median": 15.0272159576,
        "min": 1.96630036831,
        "var": 27.5801753998
    },
    "melbands_flatness_db": {
        "dmean": 0.0221716873348,
        "dmean2": 0.0356033667922,
        "dvar": 0.000362940190826,
        "dvar2": 0.000875696248841,
        "max": 0.333027839661,
        "mean": 0.134797349572,
        "median": 0.135788649321,
        "min": 0.00460242526606,
        "var": 0.00148312491365
    },
    "melbands_kurtosis": {
        "dmean": 4.8128786087,
        "dmean2": 7.73480892181,
        "dvar": 39.6386108398,
        "dvar2": 92.4582138062,
        "max": 219.320724487,
        "mean": 9.60039520264,
        "median": 6.8935956955,
        "min": -1.89726376534,
        "var": 125.03427887
    },
    "melbands_skewness": {
        "dmean": 0.675984740257,
        "dmean2": 1.06887757778,
        "dvar": 0.376840084791,
        "dvar2": 0.882094621658,
        "max": 12.8512582779,
        "mean": 2.71543574333,
        "median": 2.62118768692,
        "min": -0.872183382511,
        "var": 1.77653598785
    },
    "melbands_spread": {
        "dmean": 12.3170347214,
        "dmean2": 19.9188480377,
        "dvar": 176.423278809,
        "dvar2": 413.693908691,
        "max": 244.808486938,
        "mean": 45.1274986267,
        "median": 40.688041687,
        "min": 2.20517754555,
        "var": 545.953979492
    },
    "pitch_salience": {
        "dmean": 0.0756051242352,
        "dmean2": 0.125906422734,
        "dvar": 0.00419059442356,
        "dvar2": 0.0114386668429,
        "max": 0.929623305798,
        "mean": 0.549053251743,
        "median": 0.552514433861,
        "min": 0.177634909749,
        "var": 0.0113029805943
    },
    "silence_rate_20dB": {
        "dmean": 0,
        "dmean2": 0,
        "dvar": 0,
        "dvar2": 0,
        "max": 1,
        "mean": 1,
        "median": 1,
        "min": 1,
        "var": 0
    },
    "silence_rate_30dB": {
        "dmean": 0,
        "dmean2": 0,
        "dvar": 0,
        "dvar2": 0,
        "max": 1,
        "mean": 1,
        "median": 1,
        "min": 1,
        "var": 0
    },
    "silence_rate_60dB": {
        "dmean": 0.00422307802364,
        "dmean2": 0.0084472047165,
        "dvar": 0.00420546531677,
        "dvar2": 0.00986695662141,
        "max": 1,
        "mean": 0.0108047686517,
        "median": 0,
        "min": 0,
        "var": 0.0106894643977
    },
    "spectral_centroid": {
        "dmean": 264.489105225,
        "dmean2": 424.003265381,
        "dvar": 69590.359375,
        "dvar2": 155947.875,
        "max": 11189.7871094,
        "mean": 2416.07299805,
        "median": 2423.53076172,
        "min": 343.209991455,
        "var": 247282.609375
    },
    "spectral_complexity": {
        "dmean": 4.50080728531,
        "dmean2": 7.00869560242,
        "dvar": 16.6813907623,
        "dvar2": 35.5084953308,
        "max": 57,
        "mean": 29.4660949707,
        "median": 30,
        "min": 0,
        "var": 81.6984024048
    },
    "spectral_decrease": {
        "dmean": 1.9645118865e-09,
        "dmean2": 3.1517712884e-09,
        "dvar": 3.21038721899e-18,
        "dvar2": 7.66100438069e-18,
        "max": 7.84606947271e-29,
        "mean": -8.02317057236e-09,
        "median": -8.19116685591e-09,
        "min": -2.3162623819e-08,
        "var": 1.10413375109e-17
    },
    "spectral_energy": {
        "dmean": 0.0077052549459,
        "dmean2": 0.0122864665464,
        "dvar": 4.92664948979e-05,
        "dvar2": 0.000115707465739,
        "max": 0.0973437428474,
        "mean": 0.0352329649031,
        "median": 0.0360889136791,
        "min": 1.04810197491e-20,
        "var": 0.000179372320417
    },
    "spectral_energyband_high": {
        "dmean": 0.000809437886346,
        "dmean2": 0.00114876090083,
        "dvar": 7.75068201619e-07,
        "dvar2": 1.3712275404e-06,
        "max": 0.0148258134723,
        "mean": 0.0040869009681,
        "median": 0.00379655580036,
        "min": 7.23294240097e-21,
        "var": 5.3266676332e-06
    },
    "spectral_energyband_low": {
        "dmean": 0.00608077133074,
        "dmean2": 0.00994175951928,
        "dvar": 4.03163867304e-05,
        "dvar2": 9.88242099993e-05,
        "max": 0.0562184639275,
        "mean": 0.0157283823937,
        "median": 0.0156581662595,
        "min": 4.6575733084e-23,
        "var": 0.000122841098346
    },
    "spectral_energyband_middle_high": {
        "dmean": 0.00229736161418,
        "dmean2": 0.00352597679012,
        "dvar": 5.58818783247e-06,
        "dvar2": 1.24621265059e-05,
        "max": 0.0357703380287,
        "mean": 0.00831390731037,
        "median": 0.00767539534718,
        "min": 1.40402195974e-21,
        "var": 2.21868485824e-05
    },
    "spectral_energyband_middle_low": {
        "dmean": 0.00356896733865,
        "dmean2": 0.00592006649822,
        "dvar": 1.7386772015e-05,
        "dvar2": 4.60506598756e-05,
        "max": 0.0542187876999,
        "mean": 0.00795096252114,
        "median": 0.0064145270735,
        "min": 2.41289983174e-22,
        "var": 3.33862953994e-05
    },
    "spectral_entropy": {
        "dmean": 0.096965380013,
        "dmean2": 0.145563215017,
        "dvar": 0.00820798054338,
        "dvar2": 0.0163406226784,
        "max": 9.81215667725,
        "mean": 8.15109157562,
        "median": 8.17892456055,
        "min": 7.0411939621,
        "var": 0.0546435192227
    },
    "spectral_flux": {
        "dmean": 0.0202501285821,
        "dmean2": 0.0321475751698,
        "dvar": 0.000347649212927,
        "dvar2": 0.000803343427833,
        "max": 0.258236050606,
        "mean": 0.106577478349,
        "median": 0.103847958148,
        "min": 6.76842193403e-11,
        "var": 0.000931322749238
    },
    "spectral_kurtosis": {
        "dmean": 0.453380227089,
        "dmean2": 0.709697365761,
        "dvar": 0.176290109754,
        "dvar2": 0.433924376965,
        "max": 8.54569625854,
        "mean": 1.97265219688,
        "median": 1.75011229515,
        "min": -1.23278200626,
        "var": 1.23431956768
    },
    "spectral_rms": {
        "dmean": 0.000648238696158,
        "dmean2": 0.0010241480777,
        "dvar": 3.30921210434e-07,
        "dvar2": 7.38357925911e-07,
        "max": 0.00974522996694,
        "mean": 0.00572561379522,
        "median": 0.00593369174749,
        "min": 3.19771574671e-12,
        "var": 1.59096725838e-06
    },
    "spectral_rolloff": {
        "dmean": 987.921264648,
        "dmean2": 1598.29614258,
        "dvar": 1317015.125,
        "dvar2": 2858139.5,
        "max": 19638.28125,
        "mean": 3687.09667969,
        "median": 3229.98046875,
        "min": 64.599609375,
        "var": 4630265.5
    },
    "spectral_skewness": {
        "dmean": 0.0947493687272,
        "dmean2": 0.146889984608,
        "dvar": 0.00779661070555,
        "dvar2": 0.017284328118,
        "max": 2.55024170876,
        "mean": 1.20770692825,
        "median": 1.19041919708,
        "min": -0.241658732295,
        "var": 0.0511257499456
    },
    "spectral_spread": {
        "dmean": 511016.21875,
        "dmean2": 782609.1875,
        "dvar": 444667822080,
        "dvar2": 798543904768,
        "max": 41483664,
        "mean": 6657028,
        "median": 6675693,
        "min": 3453337.75,
        "var": 1.8718916608e+12
    },
    "spectral_strongpeak": {
        "dmean": 0.45084297657,
        "dmean2": 0.791515231133,
        "dvar": 1.03006243706,
        "dvar2": 2.70466423035,
        "max": 17.6001472473,
        "mean": 0.633189320564,
        "median": 0.316460072994,
        "min": 0,
        "var": 1.21090734005
    },
    "zerocrossingrate": {
        "dmean": 0.0157200973481,
        "dmean2": 0.0188821703196,
        "dvar": 0.000247362826485,
        "dvar2": 0.000343850551872,
        "max": 0.51953125,
        "mean": 0.126331493258,
        "median": 0.1201171875,
        "min": 0.01904296875,
        "var": 0.00199510669336
    },
    "barkbands": {
        "dmean": [0.000889737682883, 0.00560133112594, 0.00250646355562, 0.00141770532355, 0.00150480191223, 0.000752766267397, 0.000433001056081, 0.000436358939623, 0.00079635536531, 0.000454050430562, 0.000458114198409, 0.000355237541953, 0.000419367774157, 0.000405652797781, 0.000392287911382, 0.000410198204918, 0.000438864721218, 0.000540028733667, 0.000568571733311, 0.00034200452501, 0.000157453701831, 0.000188462770893, 0.000272364151897, 0.000224057192099, 0.000249416334555, 0.000125166960061, 2.94088363262e-06],
        "dmean2": [0.0015057825949, 0.00931608024985, 0.00431150104851, 0.00242441566661, 0.00258243083954, 0.00122827710584, 0.000696745293681, 0.000713473826181, 0.00127136765514, 0.000720194715541, 0.000716436596122, 0.000557775027119, 0.000672046444379, 0.00065432843985, 0.000640306854621, 0.000663037062623, 0.000728662940674, 0.00089404580649, 0.000933111412451, 0.0005504071014, 0.0002556713589, 0.00030233108555, 0.000433614914073, 0.000350403890479, 0.000370939233107, 0.000184090109542, 4.78291940453e-06],
        "dvar": [2.38550842369e-06, 3.86474202969e-05, 1.0668932191e-05, 3.43989540852e-06, 6.1699820435e-06, 2.6766715564e-06, 1.2725806755e-06, 1.14763383863e-06, 2.55525219472e-06, 1.05886942947e-06, 1.11226188437e-06, 5.70549445911e-07, 5.75619139909e-07, 5.77893615628e-07, 3.71266111188e-07, 4.62695311398e-07, 3.13424351361e-07, 4.1999635414e-07, 8.11956965663e-07, 2.0174233839e-07, 4.0668549417e-08, 4.76085197931e-08, 9.3459838979e-08, 6.22021687491e-08, 8.20409695734e-08, 2.81041518946e-08, 1.85726087287e-11],
        "dvar2": [6.22857260169e-06, 0.000104325023131, 2.93283337669e-05, 9.71534427663e-06, 1.65498040587e-05, 7.02799843566e-06, 3.15666125061e-06, 2.86587965093e-06, 6.12711619397e-06, 2.53342955148e-06, 2.55657528214e-06, 1.29848706365e-06, 1.37226322749e-06, 1.40316183206e-06, 9.03259717688e-07, 1.13081409836e-06, 8.24828134682e-07, 1.06032894109e-06, 2.1132875645e-06, 4.77301057344e-07, 1.02302358584e-07, 1.12766251448e-07, 2.19754809905e-07, 1.47570105469e-07, 1.67249282867e-07, 6.05620584793e-08, 4.48715335721e-11],
        "max": [0.0171934887767, 0.0539886690676, 0.0322693325579, 0.0235642828047, 0.0393583960831, 0.0352882407606, 0.0336336269975, 0.0190826933831, 0.0335625298321, 0.0239950865507, 0.0196813438088, 0.0168920885772, 0.0174674279988, 0.0259318258613, 0.0104824397713, 0.0119949867949, 0.00918936822563, 0.0128785222769, 0.0251232422888, 0.0115216802806, 0.00368476985022, 0.00554415257648, 0.00581735279411, 0.00560143589973, 0.00502882804722, 0.00247506145388, 5.59813634027e-05],
        "mean": [0.00094480428379, 0.0106394998729, 0.0034536155872, 0.0019833703991, 0.00216474570334, 0.00111659686081, 0.000630207068752, 0.000579189800192, 0.00121394870803, 0.000717427872587, 0.0007066502003, 0.00059642578708, 0.000687492080033, 0.000672811060213, 0.000634765718132, 0.000741378171369, 0.000840234803036, 0.00109985528979, 0.00124597956892, 0.000791896658484, 0.000396491785068, 0.000523642054759, 0.000852080644108, 0.000798347231466, 0.000895034987479, 0.000303126551444, 3.36162429448e-06],
        "median": [0.00039523257874, 0.00915370229632, 0.00225936132483, 0.0011958652176, 0.00135537330061, 0.000519583933055, 0.000190795573872, 0.00013515498722, 0.000461520918179, 0.000208490440855, 0.000206247292226, 0.000214463769225, 0.000333228788804, 0.000345815438777, 0.000366380030755, 0.000402478763135, 0.000614681979641, 0.000852314289659, 0.000888337322976, 0.000620222417638, 0.000306375179207, 0.00044352983241, 0.000768673722632, 0.000694826012477, 0.000761681003496, 0.000226504576858, 1.5034165699e-06],
        "min": [1.75524332146e-24, 4.68938167893e-24, 6.42297214906e-24, 6.20896996269e-24, 2.71214386628e-23, 2.23361610801e-23, 2.84794216904e-23, 3.67149907014e-23, 3.89116496226e-23, 3.13997626734e-23, 7.1624543848e-23, 3.12616141963e-23, 8.58370342588e-23, 8.11915207404e-23, 1.16649758201e-22, 1.00504590127e-22, 1.15087952448e-22, 1.54519208972e-22, 2.28132565825e-22, 3.11212392381e-22, 3.05112364504e-22, 4.72989740148e-22, 5.50930762684e-22, 7.05684067707e-22, 1.19233844383e-21, 1.40672342338e-21, 2.02186206163e-21],
        "var": [2.44814032158e-06, 8.41144137667e-05, 1.48269573401e-05, 5.50893219042e-06, 8.08191543911e-06, 3.97338862967e-06, 2.04135017157e-06, 1.744593078e-06, 4.60184583062e-06, 2.1954699605e-06, 2.36682376453e-06, 1.4656689018e-06, 1.20181562124e-06, 1.11991846552e-06, 6.40658413431e-07, 1.04608761831e-06, 6.31315458577e-07, 8.46194097903e-07, 1.89073955426e-06, 4.99566453982e-07, 1.06310352521e-07, 1.37469342576e-07, 3.33810959319e-07, 3.41884657473e-07, 4.32381085602e-07, 7.19667951898e-08, 2.43290890906e-11]
    },
    "erbbands": {
        "dmean": [0.204751580954, 1.26453363895, 2.71549868584, 3.3203587532, 5.26575279236, 5.48197984695, 5.15284824371, 6.17153930664, 4.77154493332, 8.94523429871, 10.5247783661, 19.5818538666, 14.6958971024, 13.0252246857, 17.4027442932, 15.0930547714, 19.9496173859, 18.4952125549, 16.8413238525, 23.1675376892, 22.2205314636, 20.9916629791, 26.6194419861, 26.5873470306, 27.2816295624, 15.8767623901, 7.89883995056, 5.60787248611, 6.0494146347, 7.8981347084, 8.30366325378, 5.44285917282, 3.80640673637, 3.29496383667, 1.78127503395, 0.623502194881, 0.246318861842, 0.0292236506939, 0.000540090433788, 2.50260600296e-05],
        "dmean2": [0.335948646069, 2.15246510506, 4.67096662521, 5.6843495369, 9.20200252533, 9.23333263397, 8.56447410583, 10.009721756, 7.67591905594, 14.287612915, 17.2313728333, 31.4372329712, 23.0466117859, 20.8270454407, 26.7150382996, 23.7450313568, 31.7320766449, 29.5918140411, 27.1336708069, 37.8148536682, 35.7504425049, 34.6535415649, 43.9874038696, 43.817363739, 44.2914886475, 25.5781879425, 12.9351882935, 9.09972858429, 9.72224140167, 12.5572423935, 13.3164777756, 8.62053108215, 5.97520208359, 5.06952190399, 2.69127821922, 0.934579133987, 0.366122335196, 0.0439899787307, 0.000798292225227, 3.56141063094e-05],
        "dvar": [0.0640011951327, 2.02078032494, 11.9752197266, 16.1782302856, 74.8839263916, 102.522773743, 124.765830994, 223.366210938, 137.722381592, 650.821655273, 667.862243652, 1898.66015625, 1153.54223633, 694.362243652, 1688.77160645, 1033.24060059, 1377.89550781, 1279.38049316, 706.278320312, 1483.14855957, 1530.86401367, 685.930419922, 1014.78405762, 1472.62231445, 1837.97045898, 439.594146729, 107.162147522, 48.9142303467, 52.3259620667, 87.3865356445, 86.6602859497, 38.8377761841, 18.7414455414, 14.4085445404, 4.75165700912, 0.682293593884, 0.124927036464, 0.00193076918367, 6.22781215043e-07, 9.37549704538e-10],
        "dvar2": [0.162363901734, 5.71359157562, 33.4896392822, 45.2769927979, 214.453033447, 262.124206543, 340.860900879, 581.397521973, 350.417236328, 1513.88977051, 1704.48303223, 4567.75488281, 2700.34619141, 1731.09033203, 3758.16430664, 2391.38598633, 3290.48217773, 3019.97509766, 1710.72924805, 3625.87768555, 3863.11572266, 1788.6550293, 2561.11889648, 3796.29418945, 4680.8828125, 1017.86688232, 271.37878418, 118.209030151, 124.802871704, 206.291564941, 210.647369385, 92.4929046631, 45.8011779785, 32.275680542, 10.1928911209, 1.5010176897, 0.27463722229, 0.00454047974199, 1.42208216403e-06, 1.96568050725e-09],
        "max": [2.17836809158, 13.6688280106, 33.056060791, 52.0418815613, 106.927749634, 194.061859131, 320.576904297, 324.823486328, 325.254241943, 611.522583008, 548.74230957, 1047.39746094, 955.190856934, 511.159423828, 775.942199707, 684.050720215, 873.743896484, 1502.66418457, 552.954284668, 828.219787598, 738.389831543, 476.182128906, 560.909484863, 1025.56298828, 1123.13562012, 718.781494141, 188.706573486, 139.428909302, 207.167098999, 244.021575928, 184.653991699, 204.390472412, 85.6262130737, 70.9687576294, 32.3273925781, 15.8809900284, 5.40825653076, 0.917238295078, 0.014646794647, 0.000532754696906],
        "mean": [0.343930572271, 2.2243039608, 4.18989706039, 5.30779933929, 7.00553750992, 7.89599657059, 7.76130342484, 9.08469009399, 7.25801944733, 12.969455719, 15.3584508896, 29.6570453644, 24.1654682159, 22.2375469208, 28.6189193726, 27.4543075562, 34.7670974731, 32.6874313354, 30.0712528229, 40.5174064636, 43.2590141296, 44.7340965271, 58.0992660522, 61.0374755859, 61.4698562622, 38.0325393677, 19.6895599365, 14.5664672852, 16.55991745, 22.8773231506, 24.8347167969, 17.856212616, 13.1374416351, 11.3062267303, 5.48839616776, 1.65014100075, 0.536744356155, 0.0547730997205, 0.00112355931196, 0.000103611273516],
        "median": [0.243972420692, 1.80689489841, 3.13456344604, 3.96600103378, 4.46774291992, 4.17543983459, 3.85770940781, 4.13289690018, 2.78878641129, 3.23100328445, 5.3744802475, 10.8011474609, 9.09719371796, 8.47952651978, 9.50503158569, 11.7316188812, 17.7633533478, 17.2308998108, 18.7329444885, 22.7912750244, 25.2981929779, 34.5664520264, 47.3791122437, 46.560874939, 43.9036941528, 30.0009880066, 15.6940450668, 11.79271698, 13.8663311005, 20.0294857025, 22.3553543091, 15.702589035, 11.190580368, 9.56594371796, 4.45497608185, 1.27202868462, 0.381453514099, 0.0364318788052, 0.000786363962106, 9.51882684603e-05],
        "min": [2.46423940433e-22, 1.00685965026e-21, 5.96046800801e-21, 1.73543478022e-20, 2.79476864e-20, 7.80773453743e-20, 4.22640728465e-20, 2.13406045217e-19, 3.28682413596e-19, 4.70366225763e-19, 9.85885863022e-19, 9.13994975599e-19, 1.42352882375e-18, 1.6518956065e-18, 2.25217354599e-18, 1.33096172974e-18, 3.60362846861e-18, 4.75878412609e-18, 6.49442618614e-18, 4.50634556034e-18, 6.48881542004e-18, 7.12315582998e-18, 8.30344991986e-18, 1.1912331399e-17, 1.0535231189e-17, 1.59590023531e-17, 1.32268165181e-17, 1.30455150714e-17, 1.42029343086e-17, 1.74765197808e-17, 1.67837609809e-17, 1.52308848907e-17, 1.14461539124e-17, 9.87986757021e-18, 9.83953093482e-18, 5.41235441732e-18, 2.88179551092e-18, 1.07379510301e-18, 2.57169573563e-19, 2.95566463955e-20],
        "var": [0.119897000492, 4.00708246231, 17.4780349731, 26.0351715088, 73.4773101807, 166.643417358, 172.26385498, 308.989196777, 212.331161499, 1210.33374023, 1026.85852051, 3319.03808594, 2429.56445312, 1463.59204102, 3556.48974609, 2679.03271484, 2942.40161133, 2769.59130859, 1285.17150879, 2718.41845703, 3386.36499023, 1470.89538574, 2054.2644043, 3349.92504883, 4368.48535156, 1101.64819336, 238.151931763, 128.493835449, 140.702301025, 251.791275024, 293.061553955, 178.460418701, 96.7183380127, 71.1681900024, 18.6415195465, 1.97788822651, 0.271731287241, 0.00316446484067, 1.13401529234e-06, 2.88281309935e-09]
    },
    "gfcc": {
        "mean": [73.5045471191, 29.4475326538, -101.812538147, 50.3843040466, -50.9084510803, 30.7064151764, -43.1419448853, 25.4380989075, -30.8913440704, 4.55360174179, -17.9790229797, 4.39790725708, -17.2855911255],
        "cov": [[2419.79956055, 118.530273438, 157.548019409, 210.611679077, 95.6884765625, 145.940307617, -29.2965106964, 72.2380981445, -17.3221054077, 12.9158754349, 9.89411449432, 14.3631124496, -22.7335319519], [118.530273438, 419.345428467, -34.4978027344, -44.7385749817, 23.1618595123, 9.37896633148, 58.8949050903, 18.3910503387, 1.06405353546, -18.0464248657, 37.1106758118, -11.3817090988, -8.15558815002], [157.548019409, -34.4978027344, 490.743560791, 314.851165771, 129.679412842, 80.5656280518, -41.9525413513, 21.3069896698, 17.8071899414, 16.2788257599, 15.0485458374, 7.93274641037, -8.9438829422], [210.611679077, -44.7385749817, 314.851165771, 381.710327148, 143.044448853, 59.1255111694, -60.4553985596, 26.081193924, 35.1152915955, 5.07624387741, 13.9026327133, -3.02179002762, 18.3404541016], [95.6884765625, 23.1618595123, 129.679412842, 143.044448853, 205.308166504, 109.355506897, 36.2826957703, 25.706741333, 19.8972129822, 21.6975784302, 2.38405847549, 15.0089406967, 14.6239004135], [145.940307617, 9.37896633148, 80.5656280518, 59.1255111694, 109.355506897, 226.557662964, 128.980010986, 31.566411972, -22.1616516113, -1.04178869724, 33.8694458008, 9.21659755707, 0.677318632603], [-29.2965106964, 58.8949050903, -41.9525413513, -60.4553985596, 36.2826957703, 128.980010986, 199.228103638, 52.7983970642, -22.5594596863, 2.57527327538, 30.1002597809, 14.8860006332, -9.74309062958], [72.2380981445, 18.3910503387, 21.3069896698, 26.081193924, 25.706741333, 31.566411972, 52.7983970642, 106.543693542, 44.5501937866, 5.04991769791, 17.9321804047, 0.256756097078, 3.62928938866], [-17.3221054077, 1.06405353546, 17.8071899414, 35.1152915955, 19.8972129822, -22.1616516113, -22.5594596863, 44.5501937866, 110.629760742, 45.3031349182, -12.5100317001, 5.66561317444, 17.5152587891], [12.9158754349, -18.0464248657, 16.2788257599, 5.07624387741, 21.6975784302, -1.04178869724, 2.57527327538, 5.04991769791, 45.3031349182, 72.0867614746, 17.9125213623, 12.0330648422, 6.4489812851], [9.89411449432, 37.1106758118, 15.0485458374, 13.9026327133, 2.38405847549, 33.8694458008, 30.1002597809, 17.9321804047, -12.5100317001, 17.9125213623, 86.7396774292, 27.732421875, -1.62341856956], [14.3631124496, -11.3817090988, 7.93274641037, -3.02179002762, 15.0089406967, 9.21659755707, 14.8860006332, 0.256756097078, 5.66561317444, 12.0330648422, 27.732421875, 69.9540328979, 32.5898361206], [-22.7335319519, -8.15558815002, -8.9438829422, 18.3404541016, 14.6239004135, 0.677318632603, -9.74309062958, 3.62928938866, 17.5152587891, 6.4489812851, -1.62341856956, 32.5898361206, 63.7233810425]],
        "icov": [[0.000646122556645, -0.000650669506285, 0.000520579982549, -0.000873279466759, 0.000784189847764, -0.00136853707954, 0.00147300562821, -0.00172634376213, 0.00175687693991, -0.0019055090379, 0.00185520388186, -0.00178618868813, 0.00130046869162], [-0.000650669506285, 0.0040160487406, -0.00120766123291, 0.00228238618001, -0.00280494545586, 0.00326685258187, -0.00361576420255, 0.00367406150326, -0.00460671633482, 0.00579759245738, -0.0060052331537, 0.00497042061761, -0.00271315337159], [0.000520579982549, -0.00120766123291, 0.00574189703912, -0.00529424101114, 0.00161092425697, -0.00314690754749, 0.00311407749541, -0.0032734433189, 0.00383662478998, -0.00479861861095, 0.0044242949225, -0.00530820107087, 0.00494569120929], [-0.000873279466759, 0.00228238618001, -0.00529424101114, 0.0100557086989, -0.00558051979169, 0.00290681910701, -0.0011424398981, 0.00356661970727, -0.00611572060734, 0.00780086126179, -0.00798674020916, 0.00777987809852, -0.00607549166307], [0.000784189847764, -0.00280494545586, 0.00161092425697, -0.00558051979169, 0.0122103495523, -0.00726024806499, 0.00341445789672, -0.00488154357299, 0.00523204030469, -0.00897840037942, 0.00910615362227, -0.00746150501072, 0.00334665877745], [-0.00136853707954, 0.00326685258187, -0.00314690754749, 0.00290681910701, -0.00726024806499, 0.0153054790571, -0.0117239924148, 0.00730670755729, -0.00603933259845, 0.00924563221633, -0.0102132577449, 0.00917943939567, -0.0062841521576], [0.00147300562821, -0.00361576420255, 0.00311407749541, -0.0011424398981, 0.00341445789672, -0.0117239924148, 0.0180834382772, -0.0127780903131, 0.0107780359685, -0.0106980046257, 0.00906584970653, -0.0103015815839, 0.00728195160627], [-0.00172634376213, 0.00367406150326, -0.0032734433189, 0.00356661970727, -0.00488154357299, 0.00730670755729, -0.0127780903131, 0.0250128563493, -0.0191640909761, 0.0163615755737, -0.014970401302, 0.0120847281069, -0.00691748037934], [0.00175687693991, -0.00460671633482, 0.00383662478998, -0.00611572060734, 0.00523204030469, -0.00603933259845, 0.0107780359685, -0.0191640909761, 0.0304212532938, -0.0245999284089, 0.0178413763642, -0.0117834247649, 0.00454750377685], [-0.0019055090379, 0.00579759245738, -0.00479861861095, 0.00780086126179, -0.00897840037942, 0.00924563221633, -0.0106980046257, 0.0163615755737, -0.0245999284089, 0.0375652499497, -0.0211665332317, 0.0125334477052, -0.00745111098513], [0.00185520388186, -0.0060052331537, 0.0044242949225, -0.00798674020916, 0.00910615362227, -0.0102132577449, 0.00906584970653, -0.014970401302, 0.0178413763642, -0.0211665332317, 0.0318032875657, -0.0205062329769, 0.0116062974557], [-0.00178618868813, 0.00497042061761, -0.00530820107087, 0.00777987809852, -0.00746150501072, 0.00917943939567, -0.0103015815839, 0.0120847281069, -0.0117834247649, 0.0125334477052, -0.0205062329769, 0.035306096077, -0.0202423296869], [0.00130046869162, -0.00271315337159, 0.00494569120929, -0.00607549166307, 0.00334665877745, -0.0062841521576, 0.00728195160627, -0.00691748037934, 0.00454750377685, -0.00745111098513, 0.0116062974557, -0.0202423296869, 0.0292107034475]]
    },
    "melbands": {
        "dmean": [0.00164681894239, 0.00131167820655, 0.000627874513157, 0.000364175619325, 0.00019053867436, 0.000138092669658, 7.64453652664e-05, 9.53244962147e-05, 9.79596225079e-05, 0.000119859505503, 7.32054177206e-05, 5.28320852027e-05, 6.75837727613e-05, 3.64415318472e-05, 4.94225751027e-05, 3.87148866139e-05, 3.69636873074e-05, 3.01991640299e-05, 2.76252267213e-05, 2.99755611195e-05, 2.94518849842e-05, 2.24036921281e-05, 2.88009268843e-05, 2.9409333365e-05, 2.29642027989e-05, 2.42221631197e-05, 1.71402462001e-05, 1.03086167655e-05, 6.05480272498e-06, 4.22654466092e-06, 3.7031991269e-06, 3.55288079845e-06, 4.76182685816e-06, 4.99139696331e-06, 5.45825196241e-06, 4.78610718346e-06, 3.5779216887e-06, 2.93856851385e-06, 3.22548635268e-06, 3.21676657222e-06],
        "dmean2": [0.00269867130555, 0.00222729123197, 0.00107656943146, 0.000630531692877, 0.00031497789314, 0.000223683542572, 0.000123001562315, 0.000152790598804, 0.000159856732353, 0.000191375336726, 0.000114980881335, 8.44591777422e-05, 0.00010475077579, 5.77428327233e-05, 7.80711634434e-05, 6.19626734988e-05, 5.93614167883e-05, 4.88790865347e-05, 4.48087084806e-05, 4.84312149638e-05, 4.78429246868e-05, 3.7010453525e-05, 4.79762638861e-05, 4.88572150061e-05, 3.80235724151e-05, 3.99042364734e-05, 2.75380389212e-05, 1.67502312252e-05, 9.96701146505e-06, 7.04017293174e-06, 6.02680574957e-06, 5.73854686081e-06, 7.83952964412e-06, 8.04963565315e-06, 8.91389026947e-06, 7.8188468251e-06, 5.73376109969e-06, 4.75231217933e-06, 5.14665498486e-06, 5.04695526615e-06],
        "dvar": [3.53859900315e-06, 2.24575501306e-06, 5.8291533378e-07, 3.47454829353e-07, 1.40282466532e-07, 1.00612247422e-07, 3.554325545e-08, 6.66538610972e-08, 5.11974462825e-08, 6.88541064164e-08, 2.98764213369e-08, 1.25113910343e-08, 2.6889773963e-08, 7.03654778889e-09, 8.62061266815e-09, 4.59722393487e-09, 5.20200904575e-09, 2.5894302258e-09, 1.98129690432e-09, 2.245315045e-09, 2.7779636369e-09, 9.38942479323e-10, 1.27868382549e-09, 1.52035140033e-09, 1.26254384725e-09, 2.06975370176e-09, 6.64732269229e-10, 2.01258662513e-10, 6.99286531458e-11, 3.23337814856e-11, 2.15040884405e-11, 1.8037241839e-11, 3.29053485848e-11, 3.52544868298e-11, 3.81279938177e-11, 3.11940473452e-11, 1.8234563165e-11, 1.2348972539e-11, 1.38901242938e-11, 1.46263227224e-11],
        "dvar2": [9.11612551135e-06, 6.31783086646e-06, 1.64123127888e-06, 9.50585047121e-07, 3.72272751292e-07, 2.60667206931e-07, 9.11807944703e-08, 1.56100540494e-07, 1.30539220322e-07, 1.64278702641e-07, 7.01841216255e-08, 3.11397982955e-08, 6.11700627928e-08, 1.60921462822e-08, 1.96237408545e-08, 1.10838689338e-08, 1.23795560469e-08, 6.44611786171e-09, 4.89948748239e-09, 5.33134469904e-09, 7.10748171429e-09, 2.40921171901e-09, 3.40574768387e-09, 3.92044174902e-09, 3.26126858852e-09, 5.53461987352e-09, 1.60197510812e-09, 4.71497119126e-10, 1.79809070411e-10, 8.32739502354e-11, 5.50294775026e-11, 4.41584720179e-11, 8.2500534182e-11, 8.5598493571e-11, 9.51359060974e-11, 7.84602452453e-11, 4.55370983976e-11, 3.12776159139e-11, 3.43406102166e-11, 3.43473548214e-11],
        "max": [0.0157616734505, 0.0146306017414, 0.00827363599092, 0.00693855155259, 0.0093434387818, 0.00696758553386, 0.00601017940789, 0.00586376618594, 0.00454455940053, 0.0067360540852, 0.00470820767805, 0.00201772712171, 0.00321201374754, 0.00217537861317, 0.00317857903428, 0.00127936480567, 0.00284362281673, 0.000864033703692, 0.000825823517516, 0.00094625185011, 0.00102950131986, 0.000614431570284, 0.000593429955188, 0.000971083471086, 0.000970781606156, 0.00164244032931, 0.00056324939942, 0.000556488754228, 0.000174082888407, 0.000145193407661, 9.02718747966e-05, 0.000103477104858, 0.000148871520651, 0.000135915834107, 0.000122821787954, 0.000105953185994, 0.000119013930089, 7.55587607273e-05, 7.97745378804e-05, 7.88768084021e-05],
        "mean": [0.00305991969071, 0.00250311358832, 0.00102736591361, 0.000522170739714, 0.000299297185848, 0.000205540665775, 0.000114885930088, 0.000134151094244, 0.000141674216138, 0.00018046675541, 0.000115934039059, 8.60932341311e-05, 0.000105299819552, 6.2420454924e-05, 8.30397839309e-05, 6.44131359877e-05, 6.09178787272e-05, 4.91878818139e-05, 4.5782126108e-05, 5.18309389008e-05, 5.21061774634e-05, 4.31124026363e-05, 5.27324809809e-05, 5.62979766983e-05, 4.75609085697e-05, 4.90878737764e-05, 3.67248321709e-05, 2.20704168896e-05, 1.29779491544e-05, 9.05579054233e-06, 8.31886791275e-06, 8.53292840475e-06, 1.15523680506e-05, 1.31469796543e-05, 1.46255197251e-05, 1.29188638311e-05, 1.02066251202e-05, 8.65391393745e-06, 9.76803403319e-06, 9.69839857135e-06],
        "median": [0.0024906299077, 0.00220933137462, 0.000789293902926, 0.000338285928592, 0.000161563773872, 9.53064009082e-05, 4.16435868829e-05, 3.22825653711e-05, 4.71304156235e-05, 6.57466662233e-05, 3.88897424273e-05, 2.88816190732e-05, 3.11770418193e-05, 2.37578860833e-05, 3.87026666431e-05, 3.20055441989e-05, 2.94049077638e-05, 2.72361030511e-05, 2.66065217147e-05, 2.76015671261e-05, 2.80723179458e-05, 3.10414252453e-05, 4.00418939535e-05, 4.17164483224e-05, 3.47920431523e-05, 3.27439556713e-05, 2.55098930211e-05, 1.68397527887e-05, 9.94118818198e-06, 6.76229501551e-06, 6.48898185318e-06, 6.92366393196e-06, 9.55179530138e-06, 1.13774412966e-05, 1.29135860334e-05, 1.11664703581e-05, 8.61330954649e-06, 7.10483345756e-06, 8.04837873147e-06, 8.01389796834e-06],
        "min": [2.03000258868e-24, 4.30855710479e-24, 3.4088628201e-24, 4.69629091717e-24, 1.53384300031e-24, 4.90009707634e-24, 5.65609876942e-24, 5.69905224571e-24, 7.8023778778e-24, 5.26271434637e-24, 7.71343617732e-24, 5.57708882773e-24, 9.53053625173e-24, 2.90966098966e-24, 5.38610402486e-24, 7.29669042742e-24, 8.33971916086e-24, 1.05110745797e-23, 6.4897973452e-24, 5.19541701697e-24, 8.22269953418e-24, 7.62778008251e-24, 6.19122611435e-24, 8.19162788085e-24, 1.0158794543e-23, 7.25494548604e-24, 7.97118858949e-24, 1.16516033656e-23, 8.04978122376e-24, 7.60529675785e-24, 7.62868569483e-24, 7.51259771288e-24, 8.03436530395e-24, 9.43014896837e-24, 8.96825039798e-24, 7.7278478772e-24, 8.49955421317e-24, 7.33229645324e-24, 8.57600824552e-24, 7.29066431897e-24],
        "var": [7.58113037591e-06, 4.40082658315e-06, 9.08721347059e-07, 4.18949014147e-07, 2.10803506207e-07, 1.46189051975e-07, 5.37695505898e-08, 1.2036348096e-07, 7.90543523976e-08, 1.20255450042e-07, 6.26968486017e-08, 2.58722661073e-08, 5.56354109449e-08, 1.703854835e-08, 1.82662773796e-08, 9.68383417899e-09, 1.06447748394e-08, 4.43886927215e-09, 3.4348692779e-09, 4.76324402143e-09, 5.66355229381e-09, 1.89602933354e-09, 2.20535167905e-09, 2.74800959765e-09, 2.67633737394e-09, 4.29791358059e-09, 1.63864399827e-09, 4.33748786888e-10, 1.34161404208e-10, 6.72881472763e-11, 4.84321020788e-11, 4.4663103077e-11, 7.32978816531e-11, 9.1822084658e-11, 1.09567854789e-10, 9.6437302588e-11, 6.83781434252e-11, 4.95401046574e-11, 5.74169010947e-11, 5.86583837059e-11]
    },
    "mfcc": {
        "mean": [-572.242858887, 60.512336731, 11.5086669922, 24.5785655975, 21.0542144775, 5.02335262299, 10.020822525, 13.397564888, -1.55718898773, 6.14840841293, 3.12811851501, -3.27251815796, 0.194366320968],
        "cov": [[1391.45776367, 64.981628418, 104.806915283, 79.5021286011, 144.680770874, 66.1472702026, 68.2447052002, 64.4390335083, 7.22899436951, 54.6077270508, 3.3974583149, 15.0365657806, 7.81410598755], [64.981628418, 402.277404785, -102.015319824, -79.1546401978, -71.788192749, -17.946603775, 38.9655761719, 26.3429832458, -16.6255455017, 7.68168640137, 28.2164096832, -2.45933485031, 3.61756968498], [104.806915283, -102.015319824, 396.887969971, 195.357727051, 166.564163208, 55.4670181274, 28.4825115204, 21.6574211121, -7.57698965073, 9.01966285706, -4.10208272934, 32.9590148926, 33.7333831787], [79.5021286011, -79.1546401978, 195.357727051, 270.781738281, 182.206359863, 19.5782966614, -37.3077125549, -10.2694416046, 23.1235542297, 11.7728223801, -13.4362611771, 16.09923172, 31.4297580719], [144.680770874, -71.788192749, 166.564163208, 182.206359863, 267.157592773, 73.8784866333, -5.48302268982, 9.05829524994, 31.0085334778, 25.2704143524, -4.6300702095, 11.6581792831, 14.7367324829], [66.1472702026, -17.946603775, 55.4670181274, 19.5782966614, 73.8784866333, 180.333938599, 101.773132324, 35.5486373901, 25.1617794037, 6.30131149292, 14.6533164978, 12.5800390244, -14.7079725266], [68.2447052002, 38.9655761719, 28.4825115204, -37.3077125549, -5.48302268982, 101.773132324, 224.784423828, 101.342132568, -16.2893257141, 18.0666236877, 30.4082717896, 5.77224969864, -6.10795450211], [64.4390335083, 26.3429832458, 21.6574211121, -10.2694416046, 9.05829524994, 35.5486373901, 101.342132568, 119.469581604, 26.6988372803, 19.9093494415, 15.4633789062, 5.20571804047, 7.93343830109], [7.22899436951, -16.6255455017, -7.57698965073, 23.1235542297, 31.0085334778, 25.1617794037, -16.2893257141, 26.6988372803, 109.724258423, 28.7335414886, 6.53573942184, 9.20680809021, -1.93889522552], [54.6077270508, 7.68168640137, 9.01966285706, 11.7728223801, 25.2704143524, 6.30131149292, 18.0666236877, 19.9093494415, 28.7335414886, 86.9923858643, 31.9288673401, -0.410230666399, 3.08434581757], [3.3974583149, 28.2164096832, -4.10208272934, -13.4362611771, -4.6300702095, 14.6533164978, 30.4082717896, 15.4633789062, 6.53573942184, 31.9288673401, 72.7986679077, 27.6250953674, -5.00960731506], [15.0365657806, -2.45933485031, 32.9590148926, 16.09923172, 11.6581792831, 12.5800390244, 5.77224969864, 5.20571804047, 9.20680809021, -0.410230666399, 27.6250953674, 70.9810028076, 28.1463565826], [7.81410598755, 3.61756968498, 33.7333831787, 31.4297580719, 14.7367324829, -14.7079725266, -6.10795450211, 7.93343830109, -1.93889522552, 3.08434581757, -5.00960731506, 28.1463565826, 71.9511260986]],
