{
"lowlevel": {
    "average_loudness": 0.708396613598,
    "barkbands_crest": {
        "dmean": 2.08621954918,
        "dmean2": 3.37786078453,
        "dvar": 4.20441675186,
        "dvar2": 10.6835098267,
        "max": 25.7962779999,
        "mean": 10.2657833099,
        "median": 9.35986423492,
        "min": 2.90537142754,
        "var": 17.7759723663
    },
    "barkbands_flatness_db": {
        "dmean": 0.0172575246543,
        "dmean2": 0.0254967920482,
        "dvar": 0.000295907462714,
        "dvar2": 0.000603836786468,
        "max": 0.401813685894,
        "mean": 0.145272254944,
        "median": 0.13713401556,
        "min": 0.0298914797604,
        "var": 0.00297939940356
    },
    "barkbands_kurtosis": {
        "dmean": 2.71721434593,
        "dmean2": 4.19452428818,
        "dvar": 33.4428215027,
        "dvar2": 80.849357605,
        "max": 147.952606201,
        "mean": 5.94767522812,
        "median": 1.7681593895,
        "min": -1.86260354519,
        "var": 137.977752686
    },
    "barkbands_skewness": {
        "dmean": 0.430770277977,
        "dmean2": 0.652210772038,
        "dvar": 0.257383644581,
        "dvar2": 0.587887883186,
        "max": 10.9101142883,
        "mean": 1.58249127865,
        "median": 1.31803202629,
        "min": -2.07057142258,
        "var": 2.11563062668
    },
    "barkbands_spread": {
        "dmean": 4.44572401047,
        "dmean2": 6.58886909485,
        "dvar": 33.0731925964,
        "dvar2": 66.0753326416,
        "max": 97.2787399292,
        "mean": 20.5277919769,
        "median": 17.8186588287,
        "min": 0.772603750229,
        "var": 168.294540405
    },
    "dissonance": {
        "dmean": 0.0203407723457,
        "dmean2": 0.0343704111874,
        "dvar": 0.000434806366684,
        "dvar2": 0.0012346690055,
        "max": 0.500000059605,
        "mean": 0.460280358791,
        "median": 0.467741012573,
        "min": 0.290487796068,
        "var": 0.000983088626526
    },
    "dynamic_complexity": 3.60219073296,
    "erbbands_crest": {
        "dmean": 2.40379738808,
        "dmean2": 3.79691648483,
        "dvar": 5.24449777603,
        "dvar2": 12.0688886642,
        "max": 32.7232246399,
        "mean": 10.0073461533,
        "median": 8.56234741211,
        "min": 2.19425344467,
        "var": 28.3713779449
    },
    "erbbands_flatness_db": {
        "dmean": 0.0157074127346,
        "dmean2": 0.0221327990294,
        "dvar": 0.000236476014834,
        "dvar2": 0.000419701507781,
        "max": 0.338008731604,
        "mean": 0.16544701159,
        "median": 0.166503220797,
        "min": 0.0405594930053,
        "var": 0.00272332690656
    },
    "erbbands_kurtosis": {
        "dmean": 0.982935905457,
        "dmean2": 1.53820598125,
        "dvar": 2.53611946106,
        "dvar2": 6.115026474,
        "max": 38.9621200562,
        "mean": 0.991188704967,
        "median": -0.078292131424,
        "min": -1.86114394665,
        "var": 10.5955753326
    },
    "erbbands_skewness": {
        "dmean": 0.322497665882,
        "dmean2": 0.490321457386,
        "dvar": 0.0903975367546,
        "dvar2": 0.197211325169,
        "max": 4.68042373657,
        "mean": 0.582623243332,
        "median": 0.502619862556,
        "min": -2.80141758919,
        "var": 0.737997174263
    },
    "erbbands_spread": {
        "dmean": 6.55198574066,
        "dmean2": 9.69712543488,
        "dvar": 64.6896820068,
        "dvar2": 127.4477005,
        "max": 136.733627319,
        "mean": 36.9718818665,
        "median": 32.8026809692,
        "min": 3.28045701981,
        "var": 432.247314453
    },
    "hfc": {
        "dmean": 4.86594486237,
        "dmean2": 7.02858924866,
        "dvar": 55.1002235413,
        "dvar2": 113.745414734,
        "max": 153.507019043,
        "mean": 21.2245311737,
        "median": 14.2685136795,
        "min": 1.06478394217e-16,
        "var": 419.757385254
    },
    "melbands_crest": {
        "dmean": 2.52727675438,
        "dmean2": 4.08403539658,
        "dvar": 5.82107639313,
        "dvar2": 15.0470581055,
        "max": 30.8139572144,
        "mean": 13.7889060974,
        "median": 13.192027092,
        "min": 1.87613749504,
        "var": 22.4029693604
    },
    "melbands_flatness_db": {
        "dmean": 0.0194790810347,
        "dmean2": 0.0289345178753,
        "dvar": 0.000406073813792,
        "dvar2": 0.000838458887301,
        "max": 0.533969342709,
        "mean": 0.214175865054,
        "median": 0.202783837914,
        "min": 0.0057496833615,
        "var": 0.00530915195122
    },
    "melbands_kurtosis": {
        "dmean": 6.20088624954,
        "dmean2": 9.66041946411,
        "dvar": 192.205871582,
        "dvar2": 467.230285645,
        "max": 356.327087402,
        "mean": 15.3274965286,
        "median": 6.78192424774,
        "min": -1.68688881397,
        "var": 611.935119629
    },
    "melbands_skewness": {
        "dmean": 0.599206268787,
        "dmean2": 0.91073936224,
        "dvar": 0.557677209377,
        "dvar2": 1.29915201664,
        "max": 15.218744278,
        "mean": 2.51404285431,
        "median": 2.19044518471,
        "min": -1.53559672832,
        "var": 3.63294172287
    },
    "melbands_spread": {
        "dmean": 4.80222558975,
        "dmean2": 7.24652004242,
        "dvar": 35.067276001,
        "dvar2": 72.3943710327,
        "max": 164.622711182,
        "mean": 22.3649234772,
        "median": 19.9940071106,
        "min": 0.736775934696,
        "var": 233.595001221
    },
    "pitch_salience": {
        "dmean": 0.0567444302142,
        "dmean2": 0.0920300409198,
        "dvar": 0.00275887153111,
        "dvar2": 0.007064669393,
        "max": 0.897970974445,
        "mean": 0.538901567459,
        "median": 0.532590091228,
        "min": 0.15796457231,
        "var": 0.0145823191851
    },
    "silence_rate_20dB": {
        "dmean": 0,
        "dmean2": 0,
        "dvar": 0,
        "dvar2": 0,
        "max": 1,
        "mean": 1,
        "median": 1,
        "min": 1,
        "var": 0
    },
    "silence_rate_30dB": {
        "dmean": 0.00143027410377,
        "dmean2": 0.00286088930443,
        "dvar": 0.00142819294706,
        "dvar2": 0.00356791517697,
        "max": 1,
        "mean": 0.998927414417,
        "median": 1,
        "min": 0,
        "var": 0.00107139907777
    },
    "silence_rate_60dB": {
        "dmean": 0.014779499732,
        "dmean2": 0.0295625217259,
        "dvar": 0.0145632475615,
        "dvar2": 0.0336936078966,
        "max": 1,
        "mean": 0.0705517828465,
        "median": 0,
        "min": 0,
        "var": 0.0655742362142
    },
    "spectral_centroid": {
        "dmean": 199.122619629,
        "dmean2": 295.675811768,
        "dvar": 60067.5117188,
        "dvar2": 105519.835938,
        "max": 11072.7001953,
        "mean": 1407.92248535,
        "median": 1453.00244141,
        "min": 159.582061768,
        "var": 503695.5
    },
    "spectral_complexity": {
        "dmean": 2.63075089455,
        "dmean2": 4.19072580338,
        "dvar": 8.15065383911,
        "dvar2": 18.4292697906,
        "max": 49,
        "mean": 16.6872844696,
        "median": 16,
        "min": 0,
        "var": 89.4066009521
    },
    "spectral_decrease": {
        "dmean": 1.4913452695e-09,
        "dmean2": 2.394496601e-09,
        "dvar": 6.44823145765e-18,
        "dvar2": 1.72700339932e-17,
        "max": 2.88381256801e-29,
        "mean": -5.77555558934e-09,
        "median": -5.05074027046e-09,
        "min": -3.52153506356e-08,
        "var": 1.81786885874e-17
    },
    "spectral_energy": {
        "dmean": 0.00596547219902,
        "dmean2": 0.00952534936368,
        "dvar": 9.85912629403e-05,
        "dvar2": 0.000261441484326,
        "max": 0.146834135056,
        "mean": 0.0237232949585,
        "median": 0.0208970885724,
        "min": 1.0477099527e-20,
        "var": 0.000308334827423
    },
    "spectral_energyband_high": {
        "dmean": 0.000274874502793,
        "dmean2": 0.000403995712986,
        "dvar": 2.40589741907e-07,
        "dvar2": 5.0250065442e-07,
        "max": 0.00738583691418,
        "mean": 0.000805047806352,
        "median": 0.000527468335349,
        "min": 7.35596855342e-21,
        "var": 8.894390362e-07
    },
    "spectral_energyband_low": {
        "dmean": 0.00309938751161,
        "dmean2": 0.00521401455626,
        "dvar": 6.89797525411e-05,
        "dvar2": 0.00019415281713,
        "max": 0.0987517461181,
        "mean": 0.00794317759573,
        "median": 0.00600743386894,
        "min": 4.72265149318e-23,
        "var": 8.37232873891e-05
    },
    "spectral_energyband_middle_high": {
        "dmean": 0.00250187306665,
        "dmean2": 0.00366768217646,
        "dvar": 2.63569581875e-05,
        "dvar2": 5.64618203498e-05,
        "max": 0.131504565477,
        "mean": 0.00894081778824,
        "median": 0.00323970010504,
        "min": 1.55420673776e-21,
        "var": 0.000179191687494
    },
    "spectral_energyband_middle_low": {
        "dmean": 0.00225179223344,
        "dmean2": 0.00358687574044,
        "dvar": 1.05102044472e-05,
        "dvar2": 2.57157498709e-05,
        "max": 0.0609648115933,
        "mean": 0.00690890150145,
        "median": 0.00531851127744,
        "min": 2.19438132203e-22,
        "var": 3.69704030163e-05
    },
    "spectral_entropy": {
        "dmean": 0.143737152219,
        "dmean2": 0.20631608367,
        "dvar": 0.0221825577319,
        "dvar2": 0.0410264581442,
        "max": 9.81450748444,
        "mean": 7.39265918732,
        "median": 7.43712854385,
        "min": 5.29957437515,
        "var": 0.240616679192
    },
    "spectral_flux": {
        "dmean": 0.019621424377,
        "dmean2": 0.0316974781454,
        "dvar": 0.00062407850055,
        "dvar2": 0.0014450987801,
        "max": 0.30669465661,
        "mean": 0.0703995898366,
        "median": 0.0622515790164,
        "min": 1.04605261952e-10,
        "var": 0.00188447954133
    },
    "spectral_kurtosis": {
        "dmean": 1.42395997047,
        "dmean2": 2.35393691063,
        "dvar": 2.82067775726,
        "dvar2": 7.38704204559,
        "max": 47.1253585815,
        "mean": 5.09550571442,
        "median": 4.48505115509,
        "min": -1.23228526115,
        "var": 11.8185195923
    },
    "spectral_rms": {
        "dmean": 0.000553300138563,
        "dmean2": 0.000862966466229,
        "dvar": 5.45849900391e-07,
        "dvar2": 1.40301915508e-06,
        "max": 0.0119688268751,
        "mean": 0.00447032786906,
        "median": 0.00451524136588,
        "min": 3.19711748395e-12,
        "var": 3.16093655783e-06
    },
    "spectral_rolloff": {
        "dmean": 376.195495605,
        "dmean2": 624.795837402,
        "dvar": 642459.1875,
        "dvar2": 1426634.625,
        "max": 18820.0195312,
        "mean": 1373.06103516,
        "median": 1098.19335938,
        "min": 86.1328125,
        "var": 1467817.125
    },
    "spectral_skewness": {
        "dmean": 0.196662217379,
        "dmean2": 0.309395432472,
        "dvar": 0.038241147995,
        "dvar2": 0.0918994322419,
        "max": 5.73644256592,
        "mean": 1.64542591572,
        "median": 1.58128249645,
        "min": 0.0063111782074,
        "var": 0.283894062042
    },
    "spectral_spread": {
        "dmean": 502646.15625,
        "dmean2": 684791.8125,
        "dvar": 771100114944,
        "dvar2": 1.10352164454e+12,
        "max": 42194024,
        "mean": 4587093,
        "median": 4116438.75,
        "min": 1588808.125,
        "var": 2.98199128474e+12
    },
    "spectral_strongpeak": {
        "dmean": 0.584366679192,
        "dmean2": 0.947643697262,
        "dvar": 1.010232687,
        "dvar2": 2.34769463539,
        "max": 16.2826557159,
        "mean": 1.4354981184,
        "median": 0.5084425807,
        "min": 0,
        "var": 4.40807771683
    },
    "zerocrossingrate": {
        "dmean": 0.00865125004202,
        "dmean2": 0.0100844716653,
        "dvar": 0.000151378961164,
        "dvar2": 0.00017979387485,
        "max": 0.64013671875,
        "mean": 0.0586990751326,
        "median": 0.056640625,
        "min": 0.0029296875,
        "var": 0.00104340456892
    },
    "barkbands": {
        "dmean": [0.000139768977533, 0.0020495809149, 0.00118216359988, 0.000592271331698, 0.000827917305287, 0.000473108957522, 0.000350399379386, 0.000514374405611, 0.000588967115618, 0.00087433506269, 0.000959388853516, 0.000822008994874, 0.000310355098918, 0.00031384328031, 0.000246005511144, 0.000293550139759, 0.000125261969515, 0.000172094936715, 0.000188761900063, 0.000187710204045, 6.38291894575e-05, 2.90222851618e-05, 3.04826826323e-05, 3.68921282643e-05, 2.88387509499e-05, 2.99510611512e-05, 8.11458085082e-06],
        "dmean2": [0.000236761523411, 0.00348346005194, 0.00195346632972, 0.000978914555162, 0.00135017884895, 0.000750541803427, 0.000545485934708, 0.000822610571049, 0.000928107881919, 0.00132648251019, 0.00143117574044, 0.00122927199118, 0.000477805617265, 0.000500230526086, 0.000381979130907, 0.000447294005426, 0.000204333220609, 0.000270881864708, 0.000289980525849, 0.000286446360406, 0.000103497935925, 4.62495590909e-05, 4.6648488933e-05, 5.47171512153e-05, 4.18527124566e-05, 4.28885068686e-05, 1.33276362249e-05],
        "dvar": [1.44821399317e-07, 3.67024804291e-05, 7.41635585655e-06, 1.65397318597e-06, 3.04303125631e-06, 7.69218331698e-07, 1.14092517833e-06, 1.97932149604e-06, 2.85523401544e-06, 7.62470381233e-06, 1.27942403196e-05, 9.54310417001e-06, 6.81659741986e-07, 7.21728213193e-07, 3.72283892602e-07, 7.65669653902e-07, 8.69512533086e-08, 1.5566619993e-07, 1.34359879667e-07, 1.0416619034e-07, 1.20872334364e-08, 5.29912025371e-09, 7.93368659657e-09, 7.89016585401e-09, 5.82615689027e-09, 1.21396475095e-08, 1.40285572048e-09],
        "dvar2": [3.87154074133e-07, 0.000103013539047, 2.13492330658e-05, 4.20746255259e-06, 7.57508860261e-06, 1.93217738342e-06, 2.63358060693e-06, 4.7372627705e-06, 6.8246858973e-06, 1.63743970916e-05, 2.74497906503e-05, 1.82577969099e-05, 1.40583824759e-06, 1.63596678249e-06, 8.29284999782e-07, 1.59902390351e-06, 2.30835951243e-07, 3.53463519787e-07, 2.92839388294e-07, 2.23478934913e-07, 3.04477332236e-08, 1.32489050841e-08, 1.88617530483e-08, 1.78599286471e-08, 1.23152776865e-08, 2.60585952816e-08, 3.53444673529e-09],
        "max": [0.00641365488991, 0.0737161487341, 0.0440240763128, 0.0384995117784, 0.0475246608257, 0.0211538225412, 0.0367159247398, 0.0285812597722, 0.0417777895927, 0.0734329819679, 0.112050950527, 0.123936414719, 0.0383688434958, 0.0228516925126, 0.0141145931557, 0.0278674848378, 0.00621133716777, 0.0114853167906, 0.0102745974436, 0.00736003369093, 0.00176306825597, 0.00143004546408, 0.00227205082774, 0.00188311608508, 0.00169853097759, 0.00230130390264, 0.000948947272263],
        "mean": [0.000240658395342, 0.00411125272512, 0.0028697012458, 0.00122187042143, 0.00186479487456, 0.00106981478166, 0.000687570602167, 0.000849637377542, 0.0010052601574, 0.0016496021999, 0.00205275579356, 0.00192444841377, 0.000562132918276, 0.000595548190176, 0.000428175117122, 0.000564184447285, 0.000246631825576, 0.00036344138789, 0.000432455562986, 0.000524682342075, 0.000133256951813, 6.03735024924e-05, 6.20851278654e-05, 8.93864416867e-05, 6.00262028456e-05, 4.57758542325e-05, 7.84122767072e-06],
        "median": [4.14068854298e-05, 0.00263041211292, 0.00146931770723, 0.000507078424562, 0.000950595247559, 0.000568896706682, 0.00028719191323, 0.00020784411754, 0.000193877407582, 0.000162413838552, 0.000174633751158, 0.000153834509547, 0.00013545199181, 0.00012253728346, 9.34887648327e-05, 0.000116338007501, 6.59131910652e-05, 0.000103417660284, 0.000184548669495, 0.000189480910194, 6.80161319906e-05, 1.40845413625e-05, 2.03793624678e-05, 3.57313147106e-05, 2.20959936996e-05, 4.72855572298e-06, 5.38937683814e-07],
        "min": [1.73369160209e-23, 6.25785212311e-24, 2.04827134506e-23, 1.23787011951e-23, 1.66399211235e-23, 5.42503999033e-23, 3.6237070366e-23, 1.21436869096e-23, 4.58210740322e-23, 4.71866427462e-23, 9.36489029222e-23, 7.10276853762e-23, 1.05817095007e-22, 6.56842760813e-23, 1.32922835338e-22, 1.25260496837e-22, 1.49205113748e-22, 2.82523755312e-22, 1.87251080035e-22, 2.41126430221e-22, 4.84444606337e-22, 5.15895998379e-22, 5.99067635722e-22, 7.8100253794e-22, 1.23169192498e-21, 1.43750611381e-21, 2.13952103167e-21],
        "var": [2.0558385927e-07, 3.73856419174e-05, 1.52079264808e-05, 4.93631569043e-06, 9.58963209996e-06, 2.12014606404e-06, 2.35793527281e-06, 4.90655338581e-06, 6.53639563097e-06, 2.21655554924e-05, 5.12748702022e-05, 5.66652488487e-05, 2.27965892918e-06, 2.37757967625e-06, 9.46221859977e-07, 1.90124433175e-06, 2.15220964606e-07, 4.92839092203e-07, 4.60775112288e-07, 5.83549820021e-07, 2.94236439657e-08, 1.12740599079e-08, 1.51877941335e-08, 2.30615739838e-08, 1.39080862382e-08, 2.02591898812e-08, 1.26581145565e-09]
    },
    "erbbands": {
        "dmean": [0.0545061416924, 0.494244217873, 1.28098726273, 1.72833907604, 1.97376179695, 3.21605467796, 3.98139619827, 4.20427274704, 4.93357086182, 5.99164295197, 12.5730361938, 13.017411232, 20.3682384491, 31.6844005585, 38.8509140015, 23.6259307861, 13.5869207382, 12.5932159424, 13.0292444229, 13.1049785614, 14.6026716232, 6.31231307983, 8.4385061264, 11.1450166702, 5.86354446411, 9.31196594238, 4.36504459381, 1.58244931698, 1.06520521641, 0.852019429207, 0.94231313467, 0.891344249249, 0.543399035931, 0.350874006748, 0.19369572401, 0.132182434201, 0.0547456294298, 0.015428096056, 0.0012643794762, 2.85170244751e-05],
        "dmean2": [0.0902795121074, 0.858223736286, 2.15824341774, 2.84025359154, 3.22996282578, 5.27439928055, 6.24152755737, 6.68745040894, 7.66666555405, 9.59108066559, 19.6583518982, 20.6512641907, 31.0052375793, 45.8321037292, 56.8942642212, 34.1226539612, 21.0014858246, 19.7508583069, 20.7093200684, 20.056974411, 22.132396698, 9.98447036743, 13.2121524811, 16.8589515686, 8.93445110321, 14.2121973038, 6.75842571259, 2.57158517838, 1.71242713928, 1.31667780876, 1.42948889732, 1.34390723705, 0.803053557873, 0.519206225872, 0.280153214931, 0.195896744728, 0.0778186023235, 0.0230282023549, 0.00204352918081, 4.44071447419e-05],
        "dvar": [0.0232788808644, 2.23184728622, 10.2953596115, 13.5708560944, 12.3755931854, 46.9528007507, 126.585784912, 74.6357345581, 187.771728516, 322.863677979, 1036.75891113, 1467.22155762, 3542.24731445, 8844.00683594, 21881.5332031, 5985.36865234, 1192.98608398, 1515.21972656, 829.993469238, 1112.15368652, 1914.18225098, 191.687225342, 394.91229248, 503.399810791, 89.9842910767, 289.957946777, 52.743144989, 9.46514797211, 7.28138446808, 5.57356023788, 7.37317276001, 5.82513332367, 1.42367088795, 0.652984440327, 0.327191978693, 0.311410099268, 0.0384819619358, 0.00370835838839, 3.13715136144e-05, 1.00168531247e-08],
        "dvar2": [0.0620316751301, 6.40949296951, 29.943359375, 37.2802085876, 30.250919342, 122.252693176, 267.039306641, 198.000579834, 431.777923584, 778.489440918, 2345.3581543, 3614.49243164, 7854.96630859, 17490.7011719, 47264.7265625, 11305.0244141, 2705.88916016, 3196.84155273, 2022.64160156, 2411.93481445, 4168.40087891, 489.629730225, 875.602172852, 1063.33081055, 204.146209717, 624.864562988, 116.496826172, 24.1230068207, 18.8108863831, 13.3153114319, 17.5561504364, 13.9751768112, 3.07660651207, 1.39346694946, 0.704186975956, 0.748359382153, 0.0809550359845, 0.008416085504, 7.61978371884e-05, 2.25178755642e-08],
        "max": [2.11520838737, 17.8101387024, 51.8230323792, 90.1563644409, 104.405647278, 173.45135498, 416.985443115, 241.571563721, 471.867553711, 709.277404785, 676.336791992, 889.462890625, 1371.21850586, 3208.52270508, 5798.98193359, 2495.85766602, 1607.15844727, 1228.2442627, 834.172058105, 968.875976562, 1469.31689453, 355.875732422, 743.303771973, 580.367492676, 185.194046021, 376.3465271, 163.737686157, 49.2885818481, 59.7043838501, 39.2427520752, 72.2326812744, 54.6413726807, 29.33934021, 18.4048366547, 12.9302711487, 10.5111999512, 4.98542118073, 1.46045291424, 0.149309039116, 0.00246603041887],
        "mean": [0.113854914904, 0.94274866581, 3.02357339859, 4.1982126236, 4.28782129288, 6.58216667175, 7.89438199997, 10.1236848831, 10.702706337, 10.8236761093, 21.4801540375, 22.4682426453, 38.8689613342, 66.4483718872, 95.7712860107, 56.6776046753, 28.5764369965, 26.3508281708, 25.7182483673, 25.9471702576, 29.5457668304, 15.0549230576, 19.2851276398, 26.2449588776, 16.1576976776, 24.9131603241, 11.5481882095, 3.59892106056, 2.24136829376, 1.71653926373, 1.90735530853, 1.99013006687, 1.31430327892, 0.782199203968, 0.370054244995, 0.199071407318, 0.0812194496393, 0.0197188444436, 0.00130809925031, 5.65768605156e-05],
        "median": [0.0661946684122, 0.584554612637, 1.79104733467, 2.08487296104, 2.59729743004, 2.92746424675, 3.32106089592, 5.1425652504, 4.75749015808, 4.48159790039, 5.65684461594, 5.39406490326, 6.23324155807, 9.44455242157, 9.69934558868, 7.19100618362, 7.56981706619, 6.24329853058, 8.4903459549, 7.1316151619, 6.5870308876, 4.32660579681, 5.9484667778, 10.7995615005, 8.60402297974, 8.93478679657, 5.77939844131, 1.82368385792, 0.534495651722, 0.513140797615, 0.648155808449, 0.687566161156, 0.57127559185, 0.335598796606, 0.10188356787, 0.0232015959918, 0.00766068184748, 0.0017336208839, 0.000113780588435, 3.37507444783e-05],
        "min": [3.26250605589e-22, 1.61012927666e-21, 1.5254574051e-20, 4.36173144793e-20, 2.98939971449e-20, 4.43751637856e-20, 3.42071288238e-19, 4.37618765698e-19, 3.77808747724e-19, 3.98564518751e-19, 3.24867560009e-19, 9.78880367016e-19, 1.70582271595e-18, 2.26552300031e-18, 3.25831220253e-18, 3.66991541418e-18, 4.97969180766e-18, 4.06838030936e-18, 4.41102457527e-18, 8.97991822481e-18, 7.97302104365e-18, 9.29248082697e-18, 1.37464050568e-17, 8.91397621356e-18, 1.42553395092e-17, 1.23423883897e-17, 1.7163651949e-17, 2.12968914902e-17, 1.88833488619e-17, 1.67555921723e-17, 1.60924265859e-17, 1.44714420986e-17, 1.2172847797e-17, 1.18102225698e-17, 8.90074959556e-18, 5.50098806072e-18, 2.71716547592e-18, 1.13179194108e-18, 3.01125615272e-19, 3.002375141e-20],
        "var": [0.0274258293211, 2.08261227608, 14.6963500977, 37.0933189392, 32.3082885742, 128.222625732, 376.882049561, 212.141906738, 460.419586182, 561.207580566, 2539.20117188, 3176.36694336, 10340.0019531, 32716.5703125, 110678.03125, 32768.5820312, 4380.11914062, 5256.96484375, 2276.39135742, 2886.99853516, 5069.96972656, 688.368591309, 1429.00048828, 1775.50036621, 407.509674072, 1394.75671387, 226.013504028, 22.2992134094, 15.2657356262, 10.5857009888, 14.6508665085, 12.6199483871, 4.94989347458, 1.8113079071, 0.6968922019, 0.413432568312, 0.0651199966669, 0.00480074994266, 3.07805785269e-05, 1.2693530671e-08]
    },
    "gfcc": {
        "mean": [-14.9566392899, 88.5683746338, -113.750411987, 27.6583271027, -51.8946990967, 12.4622554779, -32.3298950195, 13.1788463593, -31.9279613495, 2.09250807762, -10.1023864746, -6.43810272217, -6.23294067383],
        "cov": [[6153.77441406, -1527.2076416, -763.982788086, 239.060302734, 159.317687988, 346.548553467, 257.589813232, 410.776062012, -38.4307479858, 145.448135376, -0.967617690563, 170.288192749, -114.933624268], [-1527.2076416, 1542.55371094, 518.862854004, 342.750610352, 139.775177002, -121.543838501, 26.7852725983, -97.5166320801, 31.503408432, -107.367729187, 177.042510986, -193.632049561, 139.634521484], [-763.982788086, 518.862854004, 1568.93054199, 410.809234619, 105.149726868, 69.2211456299, -111.006790161, -39.8293228149, 67.7154769897, 56.3568649292, -21.8633575439, 75.4177932739, -90.2210693359], [239.060302734, 342.750610352, 410.809234619, 578.418701172, 123.001205444, 56.5834960938, 15.6279335022, 36.9349708557, 64.1279220581, -18.1148300171, 84.0392990112, -24.0234375, 29.5191268921], [159.317687988, 139.775177002, 105.149726868, 123.001205444, 331.945770264, 53.8550109863, 80.3733520508, 59.8365707397, 23.5444908142, 0.631170213223, 14.6348876953, 21.3505020142, 3.44481515884], [346.548553467, -121.543838501, 69.2211456299, 56.5834960938, 53.8550109863, 302.044342041, 106.542640686, -8.15042877197, -42.1858215332, 36.9086761475, 57.0685958862, -2.43871498108, -9.30331420898], [257.589813232, 26.7852725983, -111.006790161, 15.6279335022, 80.3733520508, 106.542640686, 245.622467041, 55.5724906921, -37.2277030945, 3.72470116615, 65.442817688, -34.0424880981, 24.6194152832], [410.776062012, -97.5166320801, -39.8293228149, 36.9349708557, 59.8365707397, -8.15042877197, 55.5724906921, 213.116790771, 67.8761825562, -7.20459794998, -6.20457363129, 0.936118781567, 18.5950279236], [-38.4307479858, 31.503408432, 67.7154769897, 64.1279220581, 23.5444908142, -42.1858215332, -37.2277030945, 67.8761825562, 190.628173828, 4.4206738472, -79.0099411011, 43.8056640625, -26.3737430573], [145.448135376, -107.367729187, 56.3568649292, -18.1148300171, 0.631170213223, 36.9086761475, 3.72470116615, -7.20459794998, 4.4206738472, 119.660293579, 13.7569503784, 21.1248950958, -32.9707183838], [-0.967617690563, 177.042510986, -21.8633575439, 84.0392990112, 14.6348876953, 57.0685958862, 65.442817688, -6.20457363129, -79.0099411011, 13.7569503784, 206.14364624, -69.9460601807, 61.6030921936], [170.288192749, -193.632049561, 75.4177932739, -24.0234375, 21.3505020142, -2.43871498108, -34.0424880981, 0.936118781567, 43.8056640625, 21.1248950958, -69.9460601807, 173.526733398, -49.776714325], [-114.933624268, 139.634521484, -90.2210693359, 29.5191268921, 3.44481515884, -9.30331420898, 24.6194152832, 18.5950279236, -26.3737430573, -32.9707183838, 61.6030921936, -49.776714325, 124.570739746]],
        "icov": [[0.000331214308972, 0.000229571494856, 0.00021412933711, -0.000445239711553, -4.11795008404e-05, -0.000165012635989, -5.03338815179e-05, -0.000548046489712, 0.000372175680241, -0.000253330625128, 6.69552828185e-05, -0.000178775488166, 0.000296619458823], [0.000229571494856, 0.00192427868024, -0.000576532853302, -0.000353819341399, -0.000772995175794, 0.00106579437852, -0.000762825307902, 0.00133311341051, -0.0012765112333, 0.00111645879224, -0.0013045455562, 0.00145811820403, -0.000973129819613], [0.00021412933711, -0.000576532853302, 0.00135889835656, -0.000978638185188, 0.000134225672809, -0.000760565802921, 0.000728724349756, -0.000938462326303, 0.000994863570668, -0.00104515231214, 0.000761459465139, -0.000937738630455, 0.00117819977459], [-0.000445239711553, -0.000353819341399, -0.000978638185188, 0.00344703672454, -0.000576769583859, -0.000141533673741, 0.000197970643057, 0.000693331472576, -0.00192250940017, 0.00123819045257, -0.0015816683881, 0.000526704068761, -0.000763724267017], [-4.11795008404e-05, -0.000772995175794, 0.000134225672809, -0.000576769583859, 0.00408563530073, -0.000649762456305, -0.000854818790685, -0.0013054148294, 0.000582450942602, -0.000430861167843, 0.000721401069313, -0.00132543430664, 0.000387563661207], [-0.000165012635989, 0.00106579437852, -0.000760565802921, -0.000141533673741, -0.000649762456305, 0.00530489441007, -0.00235203746706, 0.00185732147656, -0.000573284865823, -2.30912246479e-05, -0.00138448015787, 0.000827196985483, -0.000374772120267], [-5.03338815179e-05, -0.000762825307902, 0.000728724349756, 0.000197970643057, -0.000854818790685, -0.00235203746706, 0.00659609213471, -0.00223186449148, 0.00137627823278, -0.000393364491174, -0.000416429102188, -2.21803275053e-05, 0.000551365606952], [-0.000548046489712, 0.00133311341051, -0.000938462326303, 0.000693331472576, -0.0013054148294, 0.00185732147656, -0.00223186449148, 0.00880342535675, -0.00466726534069, 0.001741582877, -0.00147665059194, 0.00185658654664, -0.00259724562056], [0.000372175680241, -0.0012765112333, 0.000994863570668, -0.00192250940017, 0.000582450942602, -0.000573284865823, 0.00137627823278, -0.00466726534069, 0.0101613132283, -0.00247790804133, 0.00427454756573, -0.00230337656103, 0.00177736324258], [-0.000253330625128, 0.00111645879224, -0.00104515231214, 0.00123819045257, -0.000430861167843, -2.30912246479e-05, -0.000393364491174, 0.001741582877, -0.00247790804133, 0.0113277789205, -0.00340743083507, 0.000424050900619, 0.00162045285106], [6.69552828185e-05, -0.0013045455562, 0.000761459465139, -0.0015816683881, 0.000721401069313, -0.00138448015787, -0.000416429102188, -0.00147665059194, 0.00427454756573, -0.00340743083507, 0.00972765963525, 0.000427928840509, -0.00200667697936], [-0.000178775488166, 0.00145811820403, -0.000937738630455, 0.000526704068761, -0.00132543430664, 0.000827196985483, -2.21803275053e-05, 0.00185658654664, -0.00230337656103, 0.000424050900619, 0.000427928840509, 0.00897161941975, 0.000220198868192], [0.000296619458823, -0.000973129819613, 0.00117819977459, -0.000763724267017, 0.000387563661207, -0.000374772120267, 0.000551365606952, -0.00259724562056, 0.00177736324258, 0.00162045285106, -0.00200667697936, 0.000220198868192, 0.0125518906862]]
    },
    "melbands": {
        "dmean": [0.000521818816196, 0.000654284434859, 0.000286188500468, 0.000177286739927, 0.00013937226322, 9.13825278985e-05, 7.30610554456e-05, 7.83397481428e-05, 0.000106905674329, 8.22687652544e-05, 0.000109737848106, 0.000134915069793, 0.000128115294501, 0.000101581877971, 4.55318004242e-05, 2.67015620921e-05, 2.66939896392e-05, 2.40867775574e-05, 2.07855882763e-05, 2.13105686271e-05, 1.7210131773e-05, 7.73593001213e-06, 6.22990637567e-06, 9.37829554459e-06, 1.0393856428e-05, 6.31791135675e-06, 4.82744326291e-06, 7.78295543569e-06, 4.1121461436e-06, 1.29274201299e-06, 9.00321822428e-07, 6.71510861139e-07, 5.79221250518e-07, 4.7471058906e-07, 5.55960980364e-07, 5.87301201449e-07, 6.13589065779e-07, 4.0892615516e-07, 3.70303126829e-07, 3.19291473261e-07],
        "dmean2": [0.000875024241395, 0.00111988035496, 0.000467354693683, 0.000291311298497, 0.000219835768803, 0.000145248370245, 0.00011312031711, 0.000126418221043, 0.000166850848473, 0.000129954743898, 0.000167541511473, 0.000195764747332, 0.000188952530152, 0.000145988800796, 6.96415372659e-05, 4.11005166825e-05, 4.17594783357e-05, 3.83746191801e-05, 3.19276732625e-05, 3.26119406964e-05, 2.62339654e-05, 1.25066499095e-05, 1.00533025034e-05, 1.45633312059e-05, 1.57607901201e-05, 9.69531902228e-06, 7.60638477004e-06, 1.19530222946e-05, 6.36267259324e-06, 2.12243480746e-06, 1.47817593188e-06, 1.10157304789e-06, 9.21383161767e-07, 7.40851476166e-07, 8.55545636114e-07, 9.00471945897e-07, 9.33578576223e-07, 6.18471574398e-07, 5.55876852104e-07, 4.83204928514e-07],
        "dvar": [2.33233095059e-06, 3.19642094837e-06, 3.32774760636e-07, 1.07361138646e-07, 1.4920451008e-07, 3.19978603613e-08, 4.28383408746e-08, 4.8821640064e-08, 6.90233079581e-08, 6.62532215756e-08, 1.09482186872e-07, 1.56884567559e-07, 2.1621946189e-07, 1.58913607606e-07, 2.16329265612e-08, 5.04563235637e-09, 7.69998553807e-09, 3.3087275142e-09, 3.19310444752e-09, 4.67203564725e-09, 2.67464073112e-09, 3.2145949791e-10, 1.91504714864e-10, 6.00730409861e-10, 4.69656202817e-10, 1.4446212282e-10, 6.66595320609e-11, 2.24675333893e-10, 5.3891814622e-11, 5.3303784997e-12, 3.44946055227e-12, 3.16880354422e-12, 2.19160670514e-12, 1.86964051012e-12, 2.43977754666e-12, 3.43594879111e-12, 2.15944124561e-12, 8.12442344303e-13, 6.37888559248e-13, 5.37064587681e-13],
        "dvar2": [6.39279187453e-06, 9.28727331484e-06, 8.86091982011e-07, 2.83021847736e-07, 3.30093371304e-07, 8.29757098586e-08, 9.74156222355e-08, 1.19739880233e-07, 1.55122535261e-07, 1.63357768201e-07, 2.4173701263e-07, 3.16447454907e-07, 4.67082202249e-07, 3.0614111779e-07, 4.88297047241e-08, 1.07661648485e-08, 1.59624455875e-08, 8.10812661456e-09, 6.98365276719e-09, 9.63123003572e-09, 6.00583849319e-09, 8.25097989932e-10, 4.91686413806e-10, 1.32695754385e-09, 9.84736625576e-10, 3.18464504767e-10, 1.56456181344e-10, 5.00857799679e-10, 1.18509438374e-10, 1.38691636301e-11, 8.71782854239e-12, 8.50642906808e-12, 5.42344207738e-12, 4.55323192344e-12, 5.88704952842e-12, 8.5684532386e-12, 5.16082749452e-12, 1.82373495645e-12, 1.40435384675e-12, 1.18546763118e-12],
        "max": [0.0205421950668, 0.0248621255159, 0.0135076995939, 0.00637406855822, 0.0141423922032, 0.00481245759875, 0.00675615062937, 0.00679001025856, 0.00512848608196, 0.00676620565355, 0.00797550193965, 0.0118121104315, 0.0158602315933, 0.0163539517671, 0.00652621733025, 0.00226662121713, 0.00279729976319, 0.00183133012615, 0.0015349338064, 0.00270241475664, 0.00163713656366, 0.000469533639261, 0.00042735421448, 0.000772040220909, 0.000588740105741, 0.000298441911582, 0.000173528416781, 0.000307102920488, 0.000186845863936, 3.77579926862e-05, 2.60424367298e-05, 4.51701089332e-05, 2.49461390922e-05, 2.47207699431e-05, 3.29679423885e-05, 5.10330864927e-05, 2.91521100735e-05, 2.36538635363e-05, 1.88258218259e-05, 1.66431618709e-05],
        "mean": [0.0010830394458, 0.00151485868264, 0.000731325009838, 0.000384924147511, 0.000290625001071, 0.000221251728362, 0.000156167661771, 0.000136436734465, 0.000179581038537, 0.000136934191687, 0.000204056545044, 0.000270488118986, 0.00029451402952, 0.000246502284426, 9.55050782068e-05, 4.79741902382e-05, 5.1057231758e-05, 4.36995978816e-05, 3.59235564247e-05, 3.72255017282e-05, 3.24834691128e-05, 1.54365006892e-05, 1.3282288819e-05, 1.88016219909e-05, 2.23865808948e-05, 1.36488379212e-05, 1.14775166367e-05, 1.88407102542e-05, 9.43788290897e-06, 2.64274285655e-06, 1.79689084234e-06, 1.27812597839e-06, 1.08847666525e-06, 8.68626216288e-07, 1.03493812276e-06, 1.15675675261e-06, 1.30724038172e-06, 9.32852231017e-07, 7.85746181009e-07, 6.43127407329e-07],
        "median": [0.00068561732769, 0.00100295711309, 0.000397412513848, 0.000212437298615, 0.000126944491058, 0.000118446499982, 7.1426606155e-05, 4.51674168289e-05, 4.39590476162e-05, 2.57913743553e-05, 2.46417894232e-05, 3.11734293064e-05, 2.63743477262e-05, 1.85244225577e-05, 1.26294362417e-05, 1.23630952658e-05, 9.57848624239e-06, 1.23214686027e-05, 7.32703847461e-06, 8.40832217364e-06, 6.26293740424e-06, 4.0007980715e-06, 3.76554044124e-06, 4.99885209138e-06, 8.1995040091e-06, 6.08540585745e-06, 5.02790408063e-06, 5.67140705243e-06, 3.84439226764e-06, 1.34376819005e-06, 6.26164023743e-07, 2.57600930809e-07, 2.68249408464e-07, 2.43463119887e-07, 3.16833620673e-07, 3.90469097056e-07, 3.97589246859e-07, 3.75020363208e-07, 3.1477040352e-07, 2.45738561944e-07],
        "min": [4.16727882198e-24, 6.12243271025e-24, 6.85634038152e-24, 1.93337758019e-24, 1.06757059063e-23, 1.04266790846e-23, 7.15771049086e-24, 3.73867491495e-24, 2.73750491608e-24, 6.85893336731e-24, 8.59578656614e-24, 8.56523319442e-24, 1.15363215995e-23, 8.65482018312e-24, 1.1662501479e-23, 8.52224658597e-24, 7.61133943238e-24, 5.92923160266e-24, 1.14686538999e-23, 9.38658412488e-24, 1.0292350272e-23, 9.14091390633e-24, 1.20500167769e-23, 9.65320964452e-24, 6.64906323437e-24, 7.1750488647e-24, 9.84298117932e-24, 7.4249150344e-24, 9.26578033244e-24, 1.4088467277e-23, 1.2036954818e-23, 1.23434825e-23, 7.13384429303e-24, 9.24455208548e-24, 8.04590712785e-24, 8.37438880878e-24, 8.70610718601e-24, 9.06645253663e-24, 7.6111777159e-24, 9.10309433682e-24],
        "var": [2.50683365266e-06, 3.5849213873e-06, 9.55610289566e-07, 2.71172069688e-07, 4.88216642225e-07, 9.34328454605e-08, 9.9053714564e-08, 1.01019693943e-07, 1.67218686897e-07, 1.41950167176e-07, 3.23390139556e-07, 5.38856511412e-07, 9.5672317002e-07, 9.77246145339e-07, 1.00390927571e-07, 1.53882488974e-08, 2.5744633092e-08, 8.99682106592e-09, 7.90672860518e-09, 9.58314405608e-09, 7.08516489922e-09, 8.79107897589e-10, 5.85605175463e-10, 1.69504132952e-09, 1.5295028577e-09, 4.39810354802e-10, 2.72426303738e-10, 9.37582012028e-10, 1.91741164612e-10, 1.1464440508e-11, 7.88345170394e-12, 5.7419208277e-12, 4.17679996492e-12, 3.13848664939e-12, 4.67892911915e-12, 6.00170997969e-12, 4.98069814558e-12, 2.74153009322e-12, 1.81574297698e-12, 1.33233203116e-12]
    },
    "mfcc": {
        "mean": [-662.395996094, 122.270622253, -0.992260932922, 21.0879440308, 5.84848499298, -2.8299434185, 15.6561346054, -1.84629750252, -1.76143455505, 6.69959926605, -9.0923538208, 0.142122864723, -0.264722257853],
        "cov": [[6081.3828125, -1635.95739746, -1028.32177734, -69.3251037598, -122.327156067, 0.145286291838, 237.563980103, 280.80581665, 111.11138916, 202.908691406, 49.8144378662, 101.531616211, 178.865081787], [-1635.95739746, 1170.45922852, 386.345275879, 262.08480835, 156.875854492, -13.0430049896, 50.0252037048, -64.0165328979, -13.7550058365, -3.29720330238, -30.0581436157, 8.98028564453, -34.3354759216], [-1028.32177734, 386.345275879, 1267.25280762, 335.768463135, 247.775924683, 187.418243408, -18.3431911469, 3.70116281509, -66.0385284424, 18.1844348907, 19.596950531, 49.8758354187, 2.45401263237], [-69.3251037598, 262.08480835, 335.768463135, 498.294555664, 217.535614014, 16.9144058228, 23.0557498932, 61.2684440613, 23.3579750061, 32.1766891479, -23.6698265076, 83.1932983398, 16.1024684906], [-122.327156067, 156.875854492, 247.775924683, 217.535614014, 312.06439209, 36.1812973022, 24.1841335297, 50.1467933655, 20.599609375, 29.9905910492, -15.022559166, 44.6852760315, 29.6037750244], [0.145286291838, -13.0430049896, 187.418243408, 16.9144058228, 36.1812973022, 316.76675415, 39.0383720398, 28.3146762848, -22.6930618286, -27.8855419159, 70.3655319214, -14.19480896, 18.4454460144], [237.563980103, 50.0252037048, -18.3431911469, 23.0557498932, 24.1841335297, 39.0383720398, 462.387634277, -41.3290863037, -64.0690155029, 111.964096069, -85.9360427856, 41.3761711121, 58.4967880249], [280.80581665, -64.0165328979, 3.70116281509, 61.2684440613, 50.1467933655, 28.3146762848, -41.3290863037, 204.042633057, 84.3161010742, 2.62099409103, 36.9437866211, 9.5681810379, 12.5244407654], [111.11138916, -13.7550058365, -66.0385284424, 23.3579750061, 20.599609375, -22.6930618286, -64.0690155029, 84.3161010742, 164.679168701, 14.760178566, 34.7624053955, 2.10803556442, -7.46722984314], [202.908691406, -3.29720330238, 18.1844348907, 32.1766891479, 29.9905910492, -27.8855419159, 111.964096069, 2.62099409103, 14.760178566, 171.877410889, -30.8608551025, 28.0628395081, 15.182103157], [49.8144378662, -30.0581436157, 19.596950531, -23.6698265076, -15.022559166, 70.3655319214, -85.9360427856, 36.9437866211, 34.7624053955, -30.8608551025, 160.188278198, 1.6802046299, 7.49222707748], [101.531616211, 8.98028564453, 49.8758354187, 83.1932983398, 44.6852760315, -14.19480896, 41.3761711121, 9.5681810379, 2.10803556442, 28.0628395081, 1.6802046299, 107.368865967, 33.6283149719], [178.865081787, -34.3354759216, 2.45401263237, 16.1024684906, 29.6037750244, 18.4454460144, 58.4967880249, 12.5244407654, -7.46722984314, 15.182103157, 7.49222707748, 33.6283149719, 98.7163238525]],
