{
"lowlevel": {
    "average_loudness": 0.894825994968,
    "barkbands_crest": {
        "dmean": 2.28513813019,
        "dmean2": 3.75205183029,
        "dvar": 4.89758491516,
        "dvar2": 12.764333725,
        "max": 24.627204895,
        "mean": 9.12670993805,
        "median": 8.26379871368,
        "min": 2.0198571682,
        "var": 16.7883872986
    },
    "barkbands_flatness_db": {
        "dmean": 0.0146821057424,
        "dmean2": 0.0231362432241,
        "dvar": 0.000195546352188,
        "dvar2": 0.000478709407616,
        "max": 0.302180141211,
        "mean": 0.0947370752692,
        "median": 0.0865627378225,
        "min": 0.016417151317,
        "var": 0.00157670176122
    },
    "barkbands_kurtosis": {
        "dmean": 1.45052778721,
        "dmean2": 2.31859874725,
        "dvar": 7.49867725372,
        "dvar2": 17.286989212,
        "max": 77.3930130005,
        "mean": 2.1362426281,
        "median": 0.242140412331,
        "min": -1.8829075098,
        "var": 38.6192016602
    },
    "barkbands_skewness": {
        "dmean": 0.38172724843,
        "dmean2": 0.601069927216,
        "dvar": 0.169695451856,
        "dvar2": 0.389093011618,
        "max": 8.12340450287,
        "mean": 1.18229556084,
        "median": 0.985786676407,
        "min": -2.01870059967,
        "var": 1.11551713943
    },
    "barkbands_spread": {
        "dmean": 5.72716903687,
        "dmean2": 8.95977687836,
        "dvar": 47.7026100159,
        "dvar2": 102.232254028,
        "max": 100.384307861,
        "mean": 31.9831008911,
        "median": 31.6772270203,
        "min": 1.92073428631,
        "var": 243.567077637
    },
    "dissonance": {
        "dmean": 0.0137721160427,
        "dmean2": 0.0233136676252,
        "dvar": 0.000178478250746,
        "dvar2": 0.000490438193083,
        "max": 0.499997854233,
        "mean": 0.473181426525,
        "median": 0.478385895491,
        "min": 0.275129646063,
        "var": 0.000448017322924
    },
    "dynamic_complexity": 2.17217612267,
    "erbbands_crest": {
        "dmean": 2.21262741089,
        "dmean2": 3.57586336136,
        "dvar": 4.25882911682,
        "dvar2": 10.2914590836,
        "max": 28.5729885101,
        "mean": 8.25166511536,
        "median": 7.24213790894,
        "min": 2.46622562408,
        "var": 16.3513717651
    },
    "erbbands_flatness_db": {
        "dmean": 0.0122261252254,
        "dmean2": 0.0183857381344,
        "dvar": 0.000123067089589,
        "dvar2": 0.000257443025475,
        "max": 0.317499935627,
        "mean": 0.130796477199,
        "median": 0.126503318548,
        "min": 0.0431355983019,
        "var": 0.00142222875729
    },
    "erbbands_kurtosis": {
        "dmean": 0.589870035648,
        "dmean2": 0.929532945156,
        "dvar": 0.542717218399,
        "dvar2": 1.25163555145,
        "max": 12.2773694992,
        "mean": -0.0233112797141,
        "median": -0.358991384506,
        "min": -1.75258624554,
        "var": 1.65210413933
    },
    "erbbands_skewness": {
        "dmean": 0.284835994244,
        "dmean2": 0.433293730021,
        "dvar": 0.069831430912,
        "dvar2": 0.140706121922,
        "max": 3.24163651466,
        "mean": 0.134590640664,
        "median": 0.11825452745,
        "min": -2.70252299309,
        "var": 0.517234027386
    },
    "erbbands_spread": {
        "dmean": 6.67377138138,
        "dmean2": 10.4490299225,
        "dvar": 49.9192123413,
        "dvar2": 116.840751648,
        "max": 125.22379303,
        "mean": 42.8574829102,
        "median": 41.8865661621,
        "min": 9.59063053131,
        "var": 265.132904053
    },
    "hfc": {
        "dmean": 6.11503648758,
        "dmean2": 9.02182292938,
        "dvar": 60.4463577271,
        "dvar2": 123.59980011,
        "max": 153.312011719,
        "mean": 31.5096473694,
        "median": 29.2308254242,
        "min": 1.11109983607e-16,
        "var": 392.16583252
    },
    "melbands_crest": {
        "dmean": 2.80847764015,
        "dmean2": 4.59531974792,
        "dvar": 7.17934513092,
        "dvar2": 18.6714267731,
        "max": 29.2530517578,
        "mean": 12.9436340332,
        "median": 12.2435436249,
        "min": 1.90205216408,
        "var": 21.7576007843
    },
    "melbands_flatness_db": {
        "dmean": 0.0193511452526,
        "dmean2": 0.0303310845047,
        "dvar": 0.00039278776967,
        "dvar2": 0.000932009192184,
        "max": 0.399813115597,
        "mean": 0.15137898922,
        "median": 0.140945971012,
        "min": 0.00508883688599,
        "var": 0.0027440933045
    },
    "melbands_kurtosis": {
        "dmean": 4.45851659775,
        "dmean2": 7.22364711761,
        "dvar": 59.1207466125,
        "dvar2": 145.044158936,
        "max": 178.43321228,
        "mean": 10.1964015961,
        "median": 5.41556835175,
        "min": -1.64945650101,
        "var": 237.986862183
    },
    "melbands_skewness": {
        "dmean": 0.563982486725,
        "dmean2": 0.891918778419,
        "dvar": 0.391329288483,
        "dvar2": 0.952115893364,
        "max": 11.5870304108,
        "mean": 2.39037036896,
        "median": 2.11323881149,
        "min": -0.362572044134,
        "var": 2.0639128685
    },
    "melbands_spread": {
        "dmean": 7.82233810425,
        "dmean2": 12.4440431595,
        "dvar": 106.568145752,
        "dvar2": 239.791305542,
        "max": 169.281784058,
        "mean": 33.5162696838,
        "median": 30.4303150177,
        "min": 1.338788867,
        "var": 405.585113525
    },
    "pitch_salience": {
        "dmean": 0.0595092400908,
        "dmean2": 0.0977842733264,
        "dvar": 0.00292616873048,
        "dvar2": 0.00768737215549,
        "max": 0.873725771904,
        "mean": 0.552605271339,
        "median": 0.551529049873,
        "min": 0.111985869706,
        "var": 0.0122117912397
    },
    "silence_rate_20dB": {
        "dmean": 0,
        "dmean2": 0,
        "dvar": 0,
        "dvar2": 0,
        "max": 1,
        "mean": 1,
        "median": 1,
        "min": 1,
        "var": 0
    },
    "silence_rate_30dB": {
        "dmean": 0,
        "dmean2": 0,
        "dvar": 0,
        "dvar2": 0,
        "max": 1,
        "mean": 1,
        "median": 1,
        "min": 1,
        "var": 0
    },
    "silence_rate_60dB": {
        "dmean": 0.00491460878402,
        "dmean2": 0.00983042549342,
        "dvar": 0.00488934572786,
        "dvar2": 0.0121936379001,
        "max": 1,
        "mean": 0.0358722358942,
        "median": 0,
        "min": 0,
        "var": 0.0345804281533
    },
    "spectral_centroid": {
        "dmean": 241.666107178,
        "dmean2": 376.563751221,
        "dvar": 87698.5859375,
        "dvar2": 168646.609375,
        "max": 11009.9794922,
        "mean": 1819.59118652,
        "median": 1874.90820312,
        "min": 272.371429443,
        "var": 476103.875
    },
    "spectral_complexity": {
        "dmean": 3.56112551689,
        "dmean2": 5.74195146561,
        "dvar": 10.6005859375,
        "dvar2": 24.5513439178,
        "max": 60,
        "mean": 26.3229732513,
        "median": 28,
        "min": 0,
        "var": 111.740493774
    },
    "spectral_decrease": {
        "dmean": 1.88414239766e-09,
        "dmean2": 3.1216547125e-09,
        "dvar": 6.8641267027e-18,
        "dvar2": 1.85573288584e-17,
        "max": 8.52596246538e-29,
        "mean": -6.92141366443e-09,
        "median": -6.64976962383e-09,
        "min": -3.90073573442e-08,
        "var": 1.40824968114e-17
    },
    "spectral_energy": {
        "dmean": 0.0074425325729,
        "dmean2": 0.012276193127,
        "dvar": 0.000103182086605,
        "dvar2": 0.000277875747997,
        "max": 0.151616826653,
        "mean": 0.0289810616523,
        "median": 0.0280022509396,
        "min": 1.04092125556e-20,
        "var": 0.000232217396842
    },
    "spectral_energyband_high": {
        "dmean": 0.000512498314492,
        "dmean2": 0.000735886569601,
        "dvar": 6.28193390639e-07,
        "dvar2": 1.16908984182e-06,
        "max": 0.0157722551376,
        "mean": 0.00195080670528,
        "median": 0.00165718235075,
        "min": 7.93486573523e-21,
        "var": 2.97819610751e-06
    },
    "spectral_energyband_low": {
        "dmean": 0.00422856910154,
        "dmean2": 0.00707963248715,
        "dvar": 6.48561181151e-05,
        "dvar2": 0.000173734762939,
        "max": 0.100388623774,
        "mean": 0.00961263477802,
        "median": 0.00705237919465,
        "min": 2.23344366302e-23,
        "var": 9.32070615818e-05
    },
    "spectral_energyband_middle_high": {
        "dmean": 0.00185963616241,
        "dmean2": 0.00288461335003,
        "dvar": 6.61578087602e-06,
        "dvar2": 1.53810397023e-05,
        "max": 0.0629188194871,
        "mean": 0.00753252953291,
        "median": 0.00556891504675,
        "min": 1.28588295837e-21,
        "var": 4.57390960946e-05
    },
    "spectral_energyband_middle_low": {
        "dmean": 0.00418373988941,
        "dmean2": 0.00691150454804,
        "dvar": 3.49525289494e-05,
        "dvar2": 9.59808312473e-05,
        "max": 0.0892376080155,
        "mean": 0.0118572879583,
        "median": 0.0101257404312,
        "min": 2.56428817169e-22,
        "var": 7.75179214543e-05
    },
    "spectral_entropy": {
        "dmean": 0.0994501411915,
        "dmean2": 0.148362159729,
        "dvar": 0.0110897533596,
        "dvar2": 0.0208913274109,
        "max": 9.81796169281,
        "mean": 7.88604211807,
        "median": 7.91274166107,
        "min": 6.49030733109,
        "var": 0.0833047628403
    },
    "spectral_flux": {
        "dmean": 0.020124103874,
        "dmean2": 0.0319070369005,
        "dvar": 0.000530176970642,
        "dvar2": 0.00108078913763,
        "max": 0.312177807093,
        "mean": 0.0859993621707,
        "median": 0.0806553214788,
        "min": 6.72313940631e-11,
        "var": 0.00147319189273
    },
    "spectral_kurtosis": {
        "dmean": 0.714525520802,
        "dmean2": 1.19734871387,
        "dvar": 0.583236277103,
        "dvar2": 1.62295269966,
        "max": 12.6017303467,
        "mean": 3.01917886734,
        "median": 2.6639752388,
        "min": -1.23402929306,
        "var": 2.74773979187
    },
    "spectral_rms": {
        "dmean": 0.000649189227261,
        "dmean2": 0.00105435680598,
        "dvar": 5.77138564495e-07,
        "dvar2": 1.51519645897e-06,
        "max": 0.0121621889994,
        "mean": 0.00509775057435,
        "median": 0.00522678392008,
        "min": 3.18674275336e-12,
        "var": 2.28714407058e-06
    },
    "spectral_rolloff": {
        "dmean": 573.994506836,
        "dmean2": 940.339660645,
        "dvar": 795872.3125,
        "dvar2": 1709713.625,
        "max": 18992.2851562,
        "mean": 2143.08154297,
        "median": 2088.72070312,
        "min": 86.1328125,
        "var": 2237984
    },
    "spectral_skewness": {
        "dmean": 0.125793218613,
        "dmean2": 0.201149642467,
        "dvar": 0.0148997996002,
        "dvar2": 0.0333654843271,
        "max": 2.79176568985,
        "mean": 1.28066122532,
        "median": 1.23706221581,
        "min": 0.0290677584708,
        "var": 0.102707900107
    },
    "spectral_spread": {
        "dmean": 403856.84375,
        "dmean2": 593699.6875,
        "dvar": 500775485440,
        "dvar2": 803728719872,
        "max": 42564012,
        "mean": 5116029,
        "median": 5041192,
        "min": 2437033.75,
        "var": 1.86073559859e+12
    },
    "spectral_strongpeak": {
        "dmean": 0.570437073708,
        "dmean2": 0.976270318031,
        "dvar": 0.947413623333,
        "dvar2": 2.4052157402,
        "max": 12.3779382706,
        "mean": 1.08768677711,
        "median": 0.474497318268,
        "min": 0,
        "var": 1.72966253757
    },
    "zerocrossingrate": {
        "dmean": 0.0103314165026,
        "dmean2": 0.0123314112425,
        "dvar": 0.000151246844325,
        "dvar2": 0.000176881323569,
        "max": 0.6240234375,
        "mean": 0.0827207788825,
        "median": 0.08154296875,
        "min": 0.00439453125,
        "var": 0.00124684243929
    },
    "barkbands": {
        "dmean": [7.03074474586e-05, 0.00295242434368, 0.00140954414383, 0.00120934855659, 0.00171200220939, 0.000676890427712, 0.00113819120452, 0.000700143107679, 0.00080977845937, 0.000747420650441, 0.000421493692556, 0.000486532895593, 0.000252182391705, 0.00030802297988, 0.000301623949781, 0.000409529777244, 0.000388539920095, 0.000261813256657, 0.000292885641102, 0.000211102451431, 0.000179787850357, 0.000155214278493, 0.000114372924145, 8.73445096659e-05, 6.58900680719e-05, 2.35573934333e-05, 1.1009773516e-05],
        "dmean2": [0.000118770884001, 0.00491265114397, 0.00245560333133, 0.00205573812127, 0.00294017186388, 0.00106451113243, 0.00183191755787, 0.00110941159073, 0.00124006264377, 0.00113745161798, 0.000643600884359, 0.000768618891016, 0.000413469126215, 0.000502097420394, 0.000485031720018, 0.000666877196636, 0.000645752006676, 0.000422296987381, 0.000462361844257, 0.000336313882144, 0.000293777644401, 0.000244103153818, 0.000173098800587, 0.000129806052428, 9.6677817055e-05, 3.54551739292e-05, 1.7586584363e-05],
        "dvar": [3.28997593613e-08, 3.79271768907e-05, 7.83412178862e-06, 5.22311802342e-06, 1.37298566187e-05, 2.19426215153e-06, 4.12257259086e-06, 2.87051943815e-06, 3.11463099933e-06, 3.08492690237e-06, 1.23359598092e-06, 1.14932390716e-06, 3.06395236294e-07, 3.87797825852e-07, 3.16027751524e-07, 7.17627358426e-07, 4.66196070192e-07, 3.40580385227e-07, 2.85627010044e-07, 1.07056187915e-07, 6.38166355316e-08, 5.24463956708e-08, 5.98435505594e-08, 3.96486754539e-08, 1.80824670792e-08, 2.14214646022e-09, 4.26499530137e-10],
        "dvar2": [8.43367260472e-08, 0.000101046214695, 2.27367982006e-05, 1.45950916703e-05, 3.82268990506e-05, 5.01006388731e-06, 1.00664519778e-05, 6.85513896315e-06, 6.71680390951e-06, 6.49804997011e-06, 2.78848597191e-06, 2.7462936032e-06, 7.37750781354e-07, 9.80978938969e-07, 7.37614413993e-07, 1.75679019776e-06, 1.20048048302e-06, 7.74280181304e-07, 6.66621644996e-07, 2.51100715332e-07, 1.55952037062e-07, 1.15342288609e-07, 1.25873242496e-07, 8.53201314044e-08, 3.85620140264e-08, 4.80787010204e-09, 1.03228081638e-09],
        "max": [0.00236127362587, 0.0647459030151, 0.0315484032035, 0.051001213491, 0.063817255199, 0.0355974324048, 0.0322470963001, 0.032333984971, 0.0380425415933, 0.0445526950061, 0.0328987278044, 0.0259534083307, 0.015212061815, 0.0130428224802, 0.0136810168624, 0.0229566693306, 0.0201559979469, 0.0131642892957, 0.014337034896, 0.006935573183, 0.004681694787, 0.00528876902536, 0.00691642146558, 0.00559005746618, 0.00247936346568, 0.000976286304649, 0.000288082956104],
        "mean": [7.21717078704e-05, 0.00575641356409, 0.00234190304764, 0.00224695587531, 0.00256503256969, 0.00128921365831, 0.00198346748948, 0.0013325662585, 0.00144634954631, 0.00168958422728, 0.000733820779715, 0.000911073526368, 0.000431812281022, 0.000602919491939, 0.000579367799219, 0.000841335218865, 0.000778273446485, 0.000546547642443, 0.000648565299343, 0.000527537195012, 0.00052226614207, 0.000416934577515, 0.000268226867775, 0.000225764350034, 0.00015584792709, 5.18878077855e-05, 1.52097409227e-05],
        "median": [2.35214502027e-05, 0.00299678975716, 0.00139089056756, 0.000968432519585, 0.00123624689877, 0.000539372267667, 0.000849761243444, 0.000421565724537, 0.000464978918899, 0.000399622833356, 0.000264411908574, 0.000309399852995, 0.000207519333344, 0.000217378910747, 0.000315187149681, 0.000433408713434, 0.000513319508173, 0.000268191390205, 0.000379195786081, 0.000352512695827, 0.000438556831796, 0.000318162085023, 0.000165453151567, 0.000143723707879, 9.52885384322e-05, 3.3850883483e-05, 4.67433528684e-06],
        "min": [7.75397731696e-24, 6.16216605632e-24, 2.29261596175e-24, 1.34646218737e-23, 4.33121492548e-23, 6.3626164012e-24, 4.09896417756e-23, 4.56500332107e-23, 5.18556580087e-23, 4.95545570591e-23, 3.95555873132e-23, 7.25660272503e-23, 3.780037811e-23, 7.31046614764e-23, 8.56395287317e-23, 4.8172314981e-23, 1.20512526064e-22, 1.15078624957e-22, 1.54687154303e-22, 2.5695183826e-22, 4.46920626155e-22, 4.8646989627e-22, 6.07879956718e-22, 7.71376263952e-22, 1.07704035146e-21, 1.53643578416e-21, 2.14079371044e-21],
        "var": [2.8965786214e-08, 5.16875188623e-05, 8.859555237e-06, 1.81968534889e-05, 1.63343775057e-05, 5.91888147028e-06, 9.53456765274e-06, 8.44058013172e-06, 7.94040715846e-06, 1.66204517882e-05, 2.65608719019e-06, 2.96646476272e-06, 5.456874419e-07, 1.35169466375e-06, 7.82711310876e-07, 1.88238789178e-06, 1.0970418316e-06, 8.70220276283e-07, 7.98523785761e-07, 3.33042152079e-07, 2.35292091588e-07, 1.80615316481e-07, 1.58770660619e-07, 9.74544889232e-08, 4.17065741942e-08, 3.79671805106e-09, 6.12176476178e-10]
    },
    "erbbands": {
        "dmean": [0.0721546709538, 0.721937060356, 1.54510867596, 3.00814628601, 5.05829334259, 6.22523355484, 4.55311775208, 5.76557064056, 13.6564569473, 14.9915742874, 15.6166763306, 18.1414375305, 24.0089950562, 18.3799972534, 14.7254180908, 19.5706806183, 11.4617977142, 15.5127944946, 12.8072376251, 15.1713504791, 23.8128452301, 17.6162490845, 11.9423999786, 18.2919883728, 10.172753334, 10.3401842117, 6.28151464462, 8.92642307281, 4.95151853561, 3.8766272068, 3.62194919586, 2.03407692909, 1.47410523891, 0.871385097504, 0.425279051065, 0.146182090044, 0.0350272655487, 0.0121763506904, 0.0021033231169, 4.24621357524e-05],
        "dmean2": [0.120343126357, 1.21093058586, 2.69883227348, 5.10618638992, 8.79857063293, 10.6160230637, 7.3331861496, 8.93750953674, 22.0380783081, 23.569021225, 24.3164367676, 27.6481781006, 36.6238861084, 28.1864700317, 22.496799469, 31.0082778931, 18.694562912, 25.2653083801, 20.7330303192, 24.0550842285, 38.864818573, 29.3303413391, 19.2066192627, 28.8299331665, 16.2739925385, 16.3009719849, 10.328962326, 14.3776788712, 7.77935791016, 5.89911794662, 5.48994255066, 3.01243376732, 2.20635318756, 1.29843378067, 0.629874765873, 0.220422372222, 0.0527612045407, 0.0185427255929, 0.00336495228112, 6.58148783259e-05],
        "dvar": [0.0284075122327, 2.23281264305, 10.1029472351, 29.9553165436, 128.146118164, 196.872787476, 153.428741455, 169.146316528, 625.457641602, 944.061889648, 1324.35119629, 1468.1192627, 3509.53271484, 2298.66162109, 1332.37915039, 1836.11621094, 604.524536133, 971.911865234, 441.214080811, 967.648071289, 2246.95727539, 982.012207031, 603.13269043, 1529.21533203, 233.831176758, 291.820587158, 93.6120605469, 157.721923828, 51.0619926453, 59.415927887, 63.8194770813, 25.63920784, 12.1555900574, 3.42387104034, 0.724836230278, 0.080146022141, 0.00506540574133, 0.000519136490766, 1.6133311874e-05, 6.10043171534e-09],
        "dvar2": [0.0718562975526, 6.12932682037, 29.218837738, 83.8582992554, 367.04788208, 530.880187988, 375.90914917, 362.312042236, 1509.63012695, 2201.96850586, 3100.25952148, 3201.52587891, 7514.13916016, 5128.78417969, 2848.11254883, 4341.57568359, 1438.76696777, 2472.49975586, 1065.22692871, 2303.91870117, 5685.77197266, 2564.56176758, 1428.27868652, 3533.38256836, 576.155822754, 673.537597656, 233.821899414, 387.949401855, 112.793533325, 127.68862915, 134.618270874, 56.016166687, 26.7300777435, 7.32951927185, 1.57436788082, 0.179655894637, 0.0116444947198, 0.00118446524721, 3.91620160372e-05, 1.40124427617e-08],
        "max": [1.67477798462, 16.9661521912, 40.0227050781, 128.769561768, 175.619308472, 285.531280518, 338.265289307, 457.371307373, 462.061004639, 526.911987305, 815.249633789, 919.824707031, 1698.97583008, 2005.37121582, 1210.84655762, 987.414245605, 665.213562012, 659.079223633, 380.966217041, 752.805053711, 1154.14807129, 978.887268066, 646.807617188, 1051.49230957, 408.183898926, 424.352386475, 224.231918335, 238.234649658, 156.107727051, 219.758148193, 234.852035522, 179.324447632, 124.566680908, 40.9395027161, 13.6723566055, 4.52545785904, 1.7358443737, 0.388244986534, 0.066961042583, 0.00107061117887],
        "mean": [0.115180939436, 1.44877564907, 2.83667397499, 6.17140054703, 7.48941802979, 9.0305223465, 7.72778177261, 11.473449707, 25.1237697601, 27.601600647, 30.4855136871, 34.5608482361, 60.2885437012, 36.7332611084, 30.4893569946, 38.0148353577, 21.7226142883, 32.277141571, 27.3918743134, 33.789981842, 53.5569458008, 39.6731567383, 28.1717147827, 39.8762893677, 25.8874931335, 25.3249855042, 17.3650760651, 25.5363712311, 14.3172330856, 9.37454223633, 8.11270618439, 4.9655418396, 3.74995088577, 2.04657101631, 0.945093631744, 0.30443379283, 0.0777125805616, 0.0229541771114, 0.00285338121466, 9.21740356716e-05],
        "median": [0.0550269931555, 0.7700496912, 2.09587740898, 2.92922401428, 3.77562046051, 3.90224862099, 3.49045109749, 4.77775382996, 11.651632309, 11.7487268448, 11.7819576263, 13.5452423096, 12.7707576752, 15.5800647736, 11.7663507462, 14.3348312378, 11.5770206451, 12.9232673645, 16.2194786072, 17.8793678284, 31.053276062, 27.5154323578, 16.7751235962, 19.8688697815, 18.1157226562, 16.2605686188, 14.1953105927, 20.9531326294, 11.1748495102, 6.16938400269, 4.97860527039, 2.92655992508, 2.42106413841, 1.20899343491, 0.569907426834, 0.191420674324, 0.0503810048103, 0.0115822311491, 0.00083244923735, 6.16043907939e-05],
        "min": [1.22365554019e-22, 1.63110626195e-21, 3.40731082778e-21, 2.49588114282e-20, 5.8360732917e-20, 1.51362238924e-19, 8.30785633684e-20, 7.06786477724e-20, 5.38715591092e-19, 6.8533537092e-19, 1.1284504416e-18, 1.02854191285e-18, 1.33561265613e-18, 1.57921145287e-18, 1.26056938339e-18, 2.7253324369e-18, 1.88426242789e-18, 4.32802279107e-18, 4.64927616633e-18, 2.96945659672e-18, 3.93720766219e-18, 6.25550706032e-18, 6.5804463524e-18, 9.61743045881e-18, 8.18132249268e-18, 1.15988729602e-17, 1.56033577031e-17, 1.65212916094e-17, 1.73051676625e-17, 2.00220688542e-17, 1.59238405597e-17, 1.41174534641e-17, 1.35496700742e-17, 9.71035841036e-18, 7.68755191527e-18, 5.69138229027e-18, 2.98660218966e-18, 1.13076024006e-18, 3.01046671223e-19, 3.29462354441e-20],
        "var": [0.0306862741709, 3.14030528069, 9.72853374481, 130.030197144, 131.099060059, 281.113952637, 259.931365967, 514.153869629, 1490.54528809, 2139.03125, 4277.87841797, 3772.64428711, 22502.2695312, 7281.65332031, 4373.14111328, 4756.53466797, 1089.26818848, 3344.91772461, 1254.2532959, 2644.09667969, 6387.23339844, 2487.17016602, 1674.95324707, 4440.03613281, 789.308227539, 864.202636719, 275.678161621, 586.404846191, 192.985519409, 159.08656311, 158.537368774, 57.6208343506, 27.6351394653, 8.1201877594, 1.50090312958, 0.140430882573, 0.00866790581495, 0.000944597122725, 2.23769020522e-05, 1.00506198919e-08]
    },
    "gfcc": {
        "mean": [44.0523452759, 61.5914306641, -116.037025452, 36.0226631165, -58.5792732239, 14.9339284897, -32.9060974121, 13.7491397858, -20.6582260132, 4.26861572266, -20.576417923, 0.731592237949, -12.6048126221],
        "cov": [[4176.30859375, -355.62979126, 441.185668945, 480.397155762, 133.089553833, 201.131332397, 106.492248535, 96.6228866577, 57.7474784851, 77.7680206299, -14.345749855, 28.8345832825, -19.6689529419], [-355.62979126, 724.083068848, 146.731216431, 109.995040894, 19.579957962, -47.4990882874, -20.1330947876, -56.1337776184, -6.30950689316, -41.8761062622, 35.0201530457, -31.6169815063, 0.819306313992], [441.185668945, 146.731216431, 886.104736328, 324.171417236, 29.5039024353, 84.0159835815, -48.9157943726, -13.8685274124, 29.5764694214, 36.4367713928, 61.7255630493, -2.12883639336, -4.83619356155], [480.397155762, 109.995040894, 324.171417236, 452.657562256, 52.3371658325, 39.7819900513, -31.7696762085, 2.52296209335, 46.304599762, 32.1407814026, 39.6801795959, -6.4905705452, 22.5946540833], [133.089553833, 19.579957962, 29.5039024353, 52.3371658325, 186.589782715, 51.3652000427, 42.2044525146, 27.0837268829, 16.9054145813, 6.77303791046, 1.57087600231, 1.71824777126, 7.78640079498], [201.131332397, -47.4990882874, 84.0159835815, 39.7819900513, 51.3652000427, 177.738113403, 78.5171432495, 34.1354408264, -4.97831439972, 9.45985603333, 16.7152194977, -3.77453303337, -0.0764089897275], [106.492248535, -20.1330947876, -48.9157943726, -31.7696762085, 42.2044525146, 78.5171432495, 157.454650879, 50.9170951843, 5.59228467941, 1.8038161993, 8.81198883057, 4.70153141022, 0.499031066895], [96.6228866577, -56.1337776184, -13.8685274124, 2.52296209335, 27.0837268829, 34.1354408264, 50.9170951843, 88.2253112793, 36.1520843506, 18.115436554, 9.35783195496, 3.66902828217, 2.11301064491], [57.7474784851, -6.30950689316, 29.5764694214, 46.304599762, 16.9054145813, -4.97831439972, 5.59228467941, 36.1520843506, 95.0358200073, 46.0673522949, 15.5794267654, 2.18307375908, 8.57819271088], [77.7680206299, -41.8761062622, 36.4367713928, 32.1407814026, 6.77303791046, 9.45985603333, 1.8038161993, 18.115436554, 46.0673522949, 81.4219436646, 37.6156997681, 11.6627616882, 3.98907971382], [-14.345749855, 35.0201530457, 61.7255630493, 39.6801795959, 1.57087600231, 16.7152194977, 8.81198883057, 9.35783195496, 15.5794267654, 37.6156997681, 85.9631576538, 26.0164909363, 2.62107944489], [28.8345832825, -31.6169815063, -2.12883639336, -6.4905705452, 1.71824777126, -3.77453303337, 4.70153141022, 3.66902828217, 2.18307375908, 11.6627616882, 26.0164909363, 60.8094787598, 19.8817615509], [-19.6689529419, 0.819306313992, -4.83619356155, 22.5946540833, 7.78640079498, -0.0764089897275, 0.499031066895, 2.11301064491, 8.57819271088, 3.98907971382, 2.62107944489, 19.8817615509, 61.391330719]],
        "icov": [[0.000330518611008, 0.000165610996191, -7.4216419307e-05, -0.00039394304622, -5.0897422625e-05, -0.000112062647531, -0.000217882159632, -0.000105473540316, 9.12780596991e-05, -0.000226242933422, 0.00046371674398, -0.000372702110326, 0.000357391312718], [0.000165610996191, 0.00195975415409, -0.000266376358923, -0.000425016769441, -0.000414677313529, 0.000816535961349, -0.000674393202644, 0.00123964459635, -0.000564858957659, 0.00171538745053, -0.00166743656155, 0.00140815612394, -0.000238608248765], [-7.4216419307e-05, -0.000266376358923, 0.00173628749326, -0.000934438488912, 0.000130417509354, -0.000987448263913, 0.00078594457591, 0.000246389012318, -0.000186993129319, -9.61588302744e-05, -0.000511419842951, -0.000219786903472, 0.000553220219444], [-0.00039394304622, -0.000425016769441, -0.000934438488912, 0.00390717806295, -0.000627175613772, -0.000309673545416, 0.00105440779589, 0.000175527311512, -0.00120271544438, 0.000246799201705, -0.0013458734611, 0.00142289267387, -0.00181894307025], [-5.0897422625e-05, -0.000414677313529, 0.000130417509354, -0.000627175613772, 0.0063691069372, -0.00140005804133, -0.000840108958073, -0.000895530276466, -0.000603400461841, -0.000180371760507, 0.00111569440924, -0.000739911571145, -0.000253548496403], [-0.000112062647531, 0.000816535961349, -0.000987448263913, -0.000309673545416, -0.00140005804133, 0.00924883410335, -0.00412921514362, -0.00109703093767, 0.00249158870429, -0.000472405488836, -0.0016697688261, 0.00237498362549, -0.000765516015235], [-0.000217882159632, -0.000674393202644, 0.00078594457591, 0.00105440779589, -0.000840108958073, -0.00412921514362, 0.0106540983543, -0.00448320480064, 9.30069581955e-05, 0.000801026821136, -0.000745757599361, -0.000725735037122, -1.60175441124e-05], [-0.000105473540316, 0.00123964459635, 0.000246389012318, 0.000175527311512, -0.000895530276466, -0.00109703093767, -0.00448320480064, 0.018308814615, -0.00708821881562, 0.00145001744386, -0.00159437430557, 0.00050657603424, 0.000223196126171], [9.12780596991e-05, -0.000564858957659, -0.000186993129319, -0.00120271544438, -0.000603400461841, 0.00249158870429, 9.30069581955e-05, -0.00708821881562, 0.018656225875, -0.0100146047771, 0.0019532199949, 0.00105682807043, -0.00159420364071], [-0.000226242933422, 0.00171538745053, -9.61588302744e-05, 0.000246799201705, -0.000180371760507, -0.000472405488836, 0.000801026821136, 0.00145001744386, -0.0100146047771, 0.0229555759579, -0.00942402891815, 0.000906378030777, -0.000211361126276], [0.00046371674398, -0.00166743656155, -0.000511419842951, -0.0013458734611, 0.00111569440924, -0.0016697688261, -0.000745757599361, -0.00159437430557, 0.0019532199949, -0.00942402891815, 0.0203938242048, -0.00919512379915, 0.00298981904052], [-0.000372702110326, 0.00140815612394, -0.000219786903472, 0.00142289267387, -0.000739911571145, 0.00237498362549, -0.000725735037122, 0.00050657603424, 0.00105682807043, 0.000906378030777, -0.00919512379915, 0.0240990426391, -0.00821246486157], [0.000357391312718, -0.000238608248765, 0.000553220219444, -0.00181894307025, -0.000253548496403, -0.000765516015235, -1.60175441124e-05, 0.000223196126171, -0.00159420364071, -0.000211361126276, 0.00298981904052, -0.00821246486157, 0.019911788404]]
    },
    "melbands": {
        "dmean": [0.000745519704651, 0.00084476621123, 0.000549291551579, 0.000422518438427, 0.000170794155565, 0.000130708664074, 0.000222265574848, 0.000159153423738, 0.000126167025883, 0.000121619006677, 0.000121108525491, 7.58489622967e-05, 4.91216851515e-05, 5.65684968024e-05, 3.71628120774e-05, 2.52716308751e-05, 3.29892718582e-05, 2.11425522139e-05, 2.30990735872e-05, 2.60270935541e-05, 3.11119001708e-05, 2.319576015e-05, 1.23863546833e-05, 1.2380566659e-05, 1.69462637132e-05, 9.56669464358e-06, 7.00866667103e-06, 7.79153378971e-06, 4.69557789984e-06, 4.41679003416e-06, 6.55554822515e-06, 3.5228742945e-06, 2.58389468399e-06, 2.05988703783e-06, 2.25606981985e-06, 1.84041959983e-06, 1.32610250603e-06, 1.12072291358e-06, 1.01166494915e-06, 7.66470407143e-07],
        "dmean2": [0.00123925448861, 0.00144654139876, 0.000941267237067, 0.000730710395146, 0.000278301187791, 0.00020426462288, 0.000361111597158, 0.000249714707024, 0.000195166634512, 0.000185203971341, 0.000184280055691, 0.000116961695312, 7.44559365558e-05, 8.862404502e-05, 5.92722753936e-05, 4.11805667682e-05, 5.36505758646e-05, 3.4276585211e-05, 3.66819913324e-05, 4.18541276304e-05, 5.10349418619e-05, 3.86906904168e-05, 2.02653591259e-05, 1.9795505068e-05, 2.69377142104e-05, 1.52368693307e-05, 1.14405329441e-05, 1.23871859614e-05, 7.76541673986e-06, 7.39311872167e-06, 1.06029792732e-05, 5.65179743717e-06, 4.02755858886e-06, 3.2055659176e-06, 3.50058849108e-06, 2.78457105196e-06, 2.0434349608e-06, 1.71149270045e-06, 1.5443661141e-06, 1.17514548492e-06],
        "dvar": [2.61376112576e-06, 2.93789480565e-06, 1.02714955119e-06, 9.14081738301e-07, 1.59696355695e-07, 8.05484816624e-08, 1.52914807927e-07, 1.07812361705e-07, 8.0185870388e-08, 6.91178243528e-08, 8.79054766756e-08, 4.0301330273e-08, 1.52914054752e-08, 1.54239607753e-08, 9.20892162526e-09, 2.7536997127e-09, 4.80989470475e-09, 1.25450727584e-09, 2.21554019575e-09, 3.41960904038e-09, 3.68684838215e-09, 1.89460602762e-09, 4.59041776812e-10, 8.38560942906e-10, 1.36730449185e-09, 2.63634808428e-10, 1.21150797727e-10, 1.67606248325e-10, 6.20625356662e-11, 3.99416784369e-11, 8.25743640132e-11, 2.41147067592e-11, 2.26097213868e-11, 1.84152450233e-11, 2.21106726678e-11, 2.22413996942e-11, 1.0103300141e-11, 5.85448052884e-12, 5.18742644326e-12, 2.60372040768e-12],
        "dvar2": [6.82334075464e-06, 8.32294972497e-06, 2.90662933367e-06, 2.5497633942e-06, 3.97483205461e-07, 1.80507669256e-07, 3.77807708674e-07, 2.5182410468e-07, 1.81956707479e-07, 1.50981108504e-07, 1.87635919247e-07, 8.99493883821e-08, 3.36283143554e-08, 3.66412180597e-08, 2.23359730711e-08, 6.4993712634e-09, 1.22852918949e-08, 2.9700473192e-09, 5.06712005688e-09, 7.9100983541e-09, 9.32981869539e-09, 4.92841900623e-09, 1.15637177611e-09, 1.95612459564e-09, 3.1867175565e-09, 6.32802032996e-10, 3.0622404612e-10, 3.91788601561e-10, 1.56491875014e-10, 1.04153373426e-10, 2.07126260587e-10, 5.77809848579e-11, 4.94223793834e-11, 4.16521955815e-11, 4.82497930498e-11, 4.8124049884e-11, 2.31716538318e-11, 1.33339537328e-11, 1.13607933824e-11, 5.83093946391e-12],
        "max": [0.0167784504592, 0.0220876261592, 0.0224299766123, 0.0173541698605, 0.0104496208951, 0.00877582188696, 0.00600381521508, 0.00606003589928, 0.00606316467747, 0.00671595102176, 0.00849163066596, 0.00809923093766, 0.00304987677373, 0.00360570452176, 0.00251784711145, 0.00121497630607, 0.00151194713544, 0.000603435852099, 0.00150080316234, 0.00227058911696, 0.00195468054153, 0.00139607023448, 0.000591440882999, 0.000760521157645, 0.000977595918812, 0.0005170617369, 0.000251748715527, 0.000272373959888, 0.000212498780456, 0.00012133155542, 0.000179891081643, 0.000105312967207, 0.000104165206722, 0.000138817107654, 0.000107641200884, 0.000166865283973, 0.000112983609142, 7.85195661592e-05, 7.27990991436e-05, 3.49154506694e-05],
        "mean": [0.00137504783925, 0.00172472232953, 0.00106846436393, 0.000614987511653, 0.000290883152047, 0.000257693434833, 0.000407266488764, 0.00029583639116, 0.000237026775721, 0.000225241339649, 0.000296523125144, 0.000142835226143, 9.44973144215e-05, 0.000109385131509, 6.51802474749e-05, 4.37526578025e-05, 6.41946608084e-05, 4.12388435507e-05, 4.4354426791e-05, 5.18918823218e-05, 6.52047674521e-05, 4.58001704828e-05, 2.61451623373e-05, 2.51919009315e-05, 3.40661717928e-05, 2.06589738809e-05, 1.59092141985e-05, 1.7231071979e-05, 1.07314481284e-05, 1.10825085358e-05, 1.6887241145e-05, 8.98799680726e-06, 5.7688898778e-06, 4.50696870757e-06, 4.6849413593e-06, 3.79802531825e-06, 2.91951050713e-06, 2.70756299869e-06, 2.22674066208e-06, 1.61090304118e-06],
        "median": [0.00068225315772, 0.00130597350653, 0.000577562605031, 0.000296258775052, 0.000136657850817, 0.000104405793536, 0.000187716766959, 0.000117836723803, 8.4157778474e-05, 7.6309472206e-05, 5.73452343815e-05, 5.49324395251e-05, 3.36635494023e-05, 3.87900763599e-05, 2.79239866359e-05, 2.04142415896e-05, 2.20993242692e-05, 2.25103267439e-05, 2.289191616e-05, 2.57332831097e-05, 3.72361100744e-05, 2.97385231534e-05, 1.63034728757e-05, 1.22923429444e-05, 1.5516885469e-05, 1.23940862977e-05, 1.02897956822e-05, 1.06136048998e-05, 7.76394062996e-06, 9.21116225072e-06, 1.3359118384e-05, 6.93196807333e-06, 3.50482105205e-06, 2.84416819341e-06, 2.87227726403e-06, 2.06724507734e-06, 1.68783344634e-06, 1.74068895831e-06, 1.32017748911e-06, 9.04919033928e-07],
        "min": [2.0337784714e-24, 2.40593306977e-24, 5.17124316339e-24, 8.54371859095e-24, 4.17433912708e-24, 1.32642139301e-24, 8.676570656e-24, 7.71305279092e-24, 8.43343899184e-24, 6.8359648932e-24, 6.64914606476e-24, 6.23278094025e-24, 4.68710226535e-24, 6.05843636931e-24, 7.95496250953e-24, 3.09278479361e-24, 7.72550496031e-24, 7.47963358223e-24, 4.9996891879e-24, 3.50395921337e-24, 5.17358016382e-24, 6.5255106561e-24, 5.58914735553e-24, 5.82505108164e-24, 7.91617500768e-24, 6.44370380808e-24, 5.41848124299e-24, 8.39998024541e-24, 9.00516987721e-24, 8.8781364502e-24, 1.07167960931e-23, 9.34818316488e-24, 9.72687505357e-24, 1.03863722367e-23, 7.33169770781e-24, 8.08847485116e-24, 9.56829192351e-24, 8.07536398291e-24, 8.89454554589e-24, 7.94077800159e-24],
        "var": [3.28998339683e-06, 3.19522837344e-06, 2.86077283818e-06, 1.02531396351e-06, 2.79345073295e-07, 2.49438841138e-07, 3.65771256838e-07, 2.57697479356e-07, 2.6107204576e-07, 1.80929404792e-07, 5.65739185276e-07, 1.25728817579e-07, 4.1125627348e-08, 4.41489618197e-08, 1.49819996409e-08, 5.86184611961e-09, 1.65362390447e-08, 3.38676997558e-09, 5.31826227501e-09, 8.32680946417e-09, 1.00751034182e-08, 4.23902202229e-09, 1.51253964908e-09, 1.87892146286e-09, 3.79033870956e-09, 7.26345872337e-10, 3.30991095643e-10, 4.57710647161e-10, 1.40231812273e-10, 1.12069277469e-10, 2.78454093117e-10, 7.9696881039e-11, 5.95371044132e-11, 4.23920135106e-11, 5.0322013917e-11, 4.76874720268e-11, 2.02907135538e-11, 1.34942187632e-11, 1.12161998439e-11, 5.51618603226e-12]
    },
    "mfcc": {
        "mean": [-598.397460938, 93.1103057861, -0.324590235949, 23.3892612457, 0.843162894249, 4.86143493652, -0.879037261009, 5.40051841736, 6.95808553696, 1.88959896564, 0.446714729071, 1.6894402504, 0.561771929264],
        "cov": [[3322.39331055, -493.857849121, 235.984390259, 289.918334961, 144.480941772, 183.715438843, 110.691871643, 90.8425598145, 138.432907104, 66.417640686, 21.5231628418, 139.129074097, 0.132632791996], [-493.857849121, 598.351928711, 48.7198562622, 25.3198108673, 13.9035387039, -12.3541927338, 5.00347185135, -4.14128637314, -40.4898071289, -37.8420143127, 8.37517356873, -33.067276001, -2.0552277565], [235.984390259, 48.7198562622, 824.880432129, 254.87361145, 174.651000977, 98.0392303467, 23.3343219757, -14.85405159, -33.6022834778, 29.0182781219, 10.2056570053, 48.8176841736, 37.6120414734], [289.918334961, 25.3198108673, 254.87361145, 336.870544434, 132.69758606, 47.6929321289, -17.4691085815, -13.3654680252, 10.2366838455, 9.10163402557, -7.68527364731, 43.7323417664, 31.3289794922], [144.480941772, 13.9035387039, 174.651000977, 132.69758606, 194.996444702, 55.6560249329, 10.0905179977, -1.86231207848, 14.0024681091, 17.4718151093, 3.09969615936, 30.6615886688, 9.17792510986], [183.715438843, -12.3541927338, 98.0392303467, 47.6929321289, 55.6560249329, 122.584068298, 61.3628120422, 23.7720947266, 16.1614780426, 18.6809024811, 10.6585435867, 19.7672901154, -8.31056213379], [110.691871643, 5.00347185135, 23.3343219757, -17.4691085815, 10.0905179977, 61.3628120422, 141.626052856, 62.2445373535, 9.15141201019, 23.4528617859, 19.7704734802, 5.49380111694, -20.3904342651], [90.8425598145, -4.14128637314, -14.85405159, -13.3654680252, -1.86231207848, 23.7720947266, 62.2445373535, 91.991645813, 27.4520492554, 10.9940748215, 12.8476924896, 1.09318780899, -9.59433555603], [138.432907104, -40.4898071289, -33.6022834778, 10.2366838455, 14.0024681091, 16.1614780426, 9.15141201019, 27.4520492554, 95.1944351196, 32.2400360107, 5.66531610489, 10.1142196655, -10.2738075256], [66.417640686, -37.8420143127, 29.0182781219, 9.10163402557, 17.4718151093, 18.6809024811, 23.4528617859, 10.9940748215, 32.2400360107, 85.4471206665, 28.4422397614, 11.6247758865, -4.20749855042], [21.5231628418, 8.37517356873, 10.2056570053, -7.68527364731, 3.09969615936, 10.6585435867, 19.7704734802, 12.8476924896, 5.66531610489, 28.4422397614, 78.4448547363, 30.5201740265, 6.85351037979], [139.129074097, -33.067276001, 48.8176841736, 43.7323417664, 30.6615886688, 19.7672901154, 5.49380111694, 1.09318780899, 10.1142196655, 11.6247758865, 30.5201740265, 93.1089096069, 38.444732666], [0.132632791996, -2.0552277565, 37.6120414734, 31.3289794922, 9.17792510986, -8.31056213379, -20.3904342651, -9.59433555603, -10.2738075256, -4.20749855042, 6.85351037979, 38.444732666, 78.8179473877]],
