{
"lowlevel": {
    "average_loudness": 0.926365017891,
    "barkbands_crest": {
        "dmean": 1.89981496334,
        "dmean2": 3.09961891174,
        "dvar": 3.04019665718,
        "dvar2": 7.99398565292,
        "max": 23.8902301788,
        "mean": 7.96521663666,
        "median": 7.29356098175,
        "min": 2.6097536087,
        "var": 10.2427272797
    },
    "barkbands_flatness_db": {
        "dmean": 0.0135733373463,
        "dmean2": 0.0211237184703,
        "dvar": 0.000148253020598,
        "dvar2": 0.000345892214682,
        "max": 0.263400197029,
        "mean": 0.094921015203,
        "median": 0.0903805866838,
        "min": 0.0222799181938,
        "var": 0.00116390525363
    },
    "barkbands_kurtosis": {
        "dmean": 0.925654768944,
        "dmean2": 1.44634747505,
        "dvar": 3.99602723122,
        "dvar2": 8.99456787109,
        "max": 88.317489624,
        "mean": 0.723336279392,
        "median": -0.154433012009,
        "min": -1.7172344923,
        "var": 11.3344631195
    },
    "barkbands_skewness": {
        "dmean": 0.316688597202,
        "dmean2": 0.49136403203,
        "dvar": 0.0965916365385,
        "dvar2": 0.222727581859,
        "max": 8.39134120941,
        "mean": 0.80834287405,
        "median": 0.71027982235,
        "min": -2.3623456955,
        "var": 0.605072319508
    },
    "barkbands_spread": {
        "dmean": 4.76084423065,
        "dmean2": 7.41664791107,
        "dvar": 22.890920639,
        "dvar2": 53.9585456848,
        "max": 80.572013855,
        "mean": 30.0197544098,
        "median": 29.8680343628,
        "min": 2.89252614975,
        "var": 152.379516602
    },
    "dissonance": {
        "dmean": 0.0168243143708,
        "dmean2": 0.0288796219975,
        "dvar": 0.0003162578505,
        "dvar2": 0.00091142061865,
        "max": 0.500000059605,
        "mean": 0.467779368162,
        "median": 0.473469048738,
        "min": 0.306671857834,
        "var": 0.000616280594841
    },
    "dynamic_complexity": 1.74859333038,
    "erbbands_crest": {
        "dmean": 2.52541875839,
        "dmean2": 3.95689558983,
        "dvar": 5.91568994522,
        "dvar2": 13.373249054,
        "max": 33.513343811,
        "mean": 10.8701620102,
        "median": 9.31433010101,
        "min": 2.49585127831,
        "var": 34.8657684326
    },
    "erbbands_flatness_db": {
        "dmean": 0.0143787320703,
        "dmean2": 0.0210482366383,
        "dvar": 0.00017110988847,
        "dvar2": 0.000339756021276,
        "max": 0.302019447088,
        "mean": 0.14634975791,
        "median": 0.141613915563,
        "min": 0.0502903722227,
        "var": 0.00160116050392
    },
    "erbbands_kurtosis": {
        "dmean": 0.716901063919,
        "dmean2": 1.10997676849,
        "dvar": 1.66512072086,
        "dvar2": 3.48739337921,
        "max": 54.8955574036,
        "mean": 0.761462986469,
        "median": -0.0714375972748,
        "min": -1.70694696903,
        "var": 11.2463960648
    },
    "erbbands_skewness": {
        "dmean": 0.269623696804,
        "dmean2": 0.410521864891,
        "dvar": 0.0542320385575,
        "dvar2": 0.128992110491,
        "max": 3.4406516552,
        "mean": 0.160422131419,
        "median": 0.136905968189,
        "min": -2.07469558716,
        "var": 0.373844772577
    },
    "erbbands_spread": {
        "dmean": 5.74807929993,
        "dmean2": 8.57703971863,
        "dvar": 38.0887069702,
        "dvar2": 79.0091323853,
        "max": 151.608917236,
        "mean": 34.5347747803,
        "median": 33.4457511902,
        "min": 2.32371449471,
        "var": 242.237319946
    },
    "hfc": {
        "dmean": 5.41182231903,
        "dmean2": 7.96476411819,
        "dvar": 42.2561721802,
        "dvar2": 86.4696578979,
        "max": 129.633285522,
        "mean": 27.4246845245,
        "median": 24.5024929047,
        "min": 1.18942867848e-16,
        "var": 286.756408691
    },
    "melbands_crest": {
        "dmean": 2.61051940918,
        "dmean2": 4.33728742599,
        "dvar": 5.70554494858,
        "dvar2": 15.5066652298,
        "max": 29.7894439697,
        "mean": 11.2669935226,
        "median": 10.5708169937,
        "min": 2.76985669136,
        "var": 14.7072505951
    },
    "melbands_flatness_db": {
        "dmean": 0.017227685079,
        "dmean2": 0.0271777678281,
        "dvar": 0.00024193727586,
        "dvar2": 0.000607183668762,
        "max": 0.373549938202,
        "mean": 0.151522919536,
        "median": 0.144049584866,
        "min": 0.00716334860772,
        "var": 0.0020676671993
    },
    "melbands_kurtosis": {
        "dmean": 2.68494319916,
        "dmean2": 4.24533653259,
        "dvar": 55.6308135986,
        "dvar2": 117.199386597,
        "max": 321.81942749,
        "mean": 5.21840143204,
        "median": 2.74529838562,
        "min": -1.7582064867,
        "var": 163.630783081
    },
    "melbands_skewness": {
        "dmean": 0.449729114771,
        "dmean2": 0.701233148575,
        "dvar": 0.236647501588,
        "dvar2": 0.5302079916,
        "max": 14.2539100647,
        "mean": 1.73142242432,
        "median": 1.60221803188,
        "min": -1.54231965542,
        "var": 1.22668290138
    },
    "melbands_spread": {
        "dmean": 6.50030612946,
        "dmean2": 10.167345047,
        "dvar": 45.8196105957,
        "dvar2": 115.32535553,
        "max": 176.429672241,
        "mean": 35.5768280029,
        "median": 33.8617744446,
        "min": 1.35362172127,
        "var": 262.530090332
    },
    "pitch_salience": {
        "dmean": 0.0534154661,
        "dmean2": 0.0864141136408,
        "dvar": 0.00217067170888,
        "dvar2": 0.00558835081756,
        "max": 0.844343662262,
        "mean": 0.539729595184,
        "median": 0.536181688309,
        "min": 0.172401338816,
        "var": 0.0100658955052
    },
    "silence_rate_20dB": {
        "dmean": 0,
        "dmean2": 0,
        "dvar": 0,
        "dvar2": 0,
        "max": 1,
        "mean": 1,
        "median": 1,
        "min": 1,
        "var": 0
    },
    "silence_rate_30dB": {
        "dmean": 0,
        "dmean2": 0,
        "dvar": 0,
        "dvar2": 0,
        "max": 1,
        "mean": 1,
        "median": 1,
        "min": 1,
        "var": 0
    },
    "silence_rate_60dB": {
        "dmean": 0.000493096653372,
        "dmean2": 0.00098631484434,
        "dvar": 0.000492848746944,
        "dvar2": 0.000985322869383,
        "max": 1,
        "mean": 0.00394428707659,
        "median": 0,
        "min": 0,
        "var": 0.00392851792276
    },
    "spectral_centroid": {
        "dmean": 193.835510254,
        "dmean2": 297.774871826,
        "dvar": 33889.2070312,
        "dvar2": 74785.75,
        "max": 8220.85839844,
        "mean": 1778.43554688,
        "median": 1835.32788086,
        "min": 251.899932861,
        "var": 319436.53125
    },
    "spectral_complexity": {
        "dmean": 3.02070999146,
        "dmean2": 4.79755878448,
        "dvar": 8.48751544952,
        "dvar2": 19.7044696808,
        "max": 50,
        "mean": 21.3679275513,
        "median": 21,
        "min": 0,
        "var": 58.0079841614
    },
    "spectral_decrease": {
        "dmean": 1.16313414456e-09,
        "dmean2": 1.86137971703e-09,
        "dvar": 1.39941237299e-18,
        "dvar2": 3.43471570598e-18,
        "max": 2.05275122752e-29,
        "mean": -5.48852963078e-09,
        "median": -5.11245090706e-09,
        "min": -2.11167492381e-08,
        "var": 6.1820844412e-18
    },
    "spectral_energy": {
        "dmean": 0.00470623420551,
        "dmean2": 0.0074755451642,
        "dvar": 2.29415727517e-05,
        "dvar2": 5.47942909179e-05,
        "max": 0.0897584110498,
        "mean": 0.0232024472207,
        "median": 0.0216574594378,
        "min": 1.07109993854e-20,
        "var": 0.000111521527288
    },
    "spectral_energyband_high": {
        "dmean": 0.000385112332879,
        "dmean2": 0.000578028091695,
        "dvar": 3.23634225197e-07,
        "dvar2": 7.43499981581e-07,
        "max": 0.0129351764917,
        "mean": 0.00127273972612,
        "median": 0.000925168918911,
        "min": 7.85578436062e-21,
        "var": 1.38696100294e-06
    },
    "spectral_energyband_low": {
        "dmean": 0.0023521236144,
        "dmean2": 0.00394376786426,
        "dvar": 1.04647642729e-05,
        "dvar2": 2.89903673547e-05,
        "max": 0.034796167165,
        "mean": 0.00556601490825,
        "median": 0.00426219077781,
        "min": 5.24746897828e-23,
        "var": 2.29745637625e-05
    },
    "spectral_energyband_middle_high": {
        "dmean": 0.002298776526,
        "dmean2": 0.00337855448015,
        "dvar": 9.54891584115e-06,
        "dvar2": 1.87432669918e-05,
        "max": 0.0799950510263,
        "mean": 0.00932748895139,
        "median": 0.0074499794282,
        "min": 1.49807710079e-21,
        "var": 5.92212563788e-05
    },
    "spectral_energyband_middle_low": {
        "dmean": 0.00243944092654,
        "dmean2": 0.00384888611734,
        "dvar": 7.27772612663e-06,
        "dvar2": 1.76791745616e-05,
        "max": 0.0536088384688,
        "mean": 0.00835309736431,
        "median": 0.00708067463711,
        "min": 2.24096500999e-22,
        "var": 2.84384404949e-05
    },
    "spectral_entropy": {
        "dmean": 0.119841583073,
        "dmean2": 0.173241376877,
        "dvar": 0.0125680156052,
        "dvar2": 0.0244323611259,
        "max": 9.73677444458,
        "mean": 7.68592023849,
        "median": 7.72892475128,
        "min": 6.41965532303,
        "var": 0.111994951963
    },
    "spectral_flux": {
        "dmean": 0.0171703211963,
        "dmean2": 0.0275790728629,
        "dvar": 0.000280142092379,
        "dvar2": 0.000701537006535,
        "max": 0.254895091057,
        "mean": 0.0738585963845,
        "median": 0.0698129162192,
        "min": 1.79792573363e-06,
        "var": 0.000960249395575
    },
    "spectral_kurtosis": {
        "dmean": 0.841475605965,
        "dmean2": 1.40316331387,
        "dvar": 0.656854391098,
        "dvar2": 1.81540250778,
        "max": 13.6711521149,
        "mean": 3.75077366829,
        "median": 3.40132808685,
        "min": -1.26968944073,
        "var": 3.42612338066
    },
    "spectral_rms": {
        "dmean": 0.000477608497022,
        "dmean2": 0.000756493478548,
        "dvar": 1.97042894001e-07,
        "dvar2": 4.69662580826e-07,
        "max": 0.00935784075409,
        "mean": 0.00462862616405,
        "median": 0.00459665386006,
        "min": 3.23260819154e-12,
        "var": 1.21229936667e-06
    },
    "spectral_rolloff": {
        "dmean": 443.840484619,
        "dmean2": 751.174133301,
        "dvar": 482339.9375,
        "dvar2": 1192069.625,
        "max": 19056.8847656,
        "mean": 2084.78540039,
        "median": 1981.0546875,
        "min": 107.666015625,
        "var": 1267920.5
    },
    "spectral_skewness": {
        "dmean": 0.130524560809,
        "dmean2": 0.211070746183,
        "dvar": 0.0133524741977,
        "dvar2": 0.0327466242015,
        "max": 2.76763868332,
        "mean": 1.43638622761,
        "median": 1.37290608883,
        "min": 0.0814807265997,
        "var": 0.120290070772
    },
    "spectral_spread": {
        "dmean": 442504.53125,
        "dmean2": 662408.9375,
        "dvar": 420600250368,
        "dvar2": 649047572480,
        "max": 45282792,
        "mean": 4942942.5,
        "median": 4813993,
        "min": 2474317,
        "var": 1.68791506944e+12
    },
    "spectral_strongpeak": {
        "dmean": 0.914985001087,
        "dmean2": 1.55930304527,
        "dvar": 1.84175026417,
        "dvar2": 4.47657251358,
        "max": 13.7830381393,
        "mean": 1.75061941147,
        "median": 0.856804728508,
        "min": 0,
        "var": 4.03085422516
    },
    "zerocrossingrate": {
        "dmean": 0.00876197591424,
        "dmean2": 0.0108285741881,
        "dvar": 8.3635248302e-05,
        "dvar2": 0.000117855823191,
        "max": 0.640625,
        "mean": 0.0813111960888,
        "median": 0.080078125,
        "min": 0.0107421875,
        "var": 0.000792800099589
    },
    "barkbands": {
        "dmean": [5.41071422049e-05, 0.001424367656, 0.00109599356074, 0.000707923783921, 0.00105805241037, 0.000580818508752, 0.000377255346393, 0.000392531306716, 0.000533074024133, 0.00110781169496, 0.000575728772674, 0.000464119890239, 0.000287901522825, 0.000277298910078, 0.000573006924242, 0.000428299274063, 0.000253981648711, 0.00025154906325, 0.000254478654824, 0.000165852878126, 0.000140677497257, 8.74865581864e-05, 6.69202563586e-05, 5.6345739722e-05, 5.15773208463e-05, 3.47568493453e-05, 1.56536607392e-05],
        "dmean2": [9.38466910156e-05, 0.00241891434416, 0.00180538697168, 0.00119456881657, 0.00174560339656, 0.000920520396903, 0.000575511774514, 0.000606755842455, 0.000819249893539, 0.0016635209322, 0.000864384346642, 0.000692836067174, 0.000447208061814, 0.000438120914623, 0.000894065597095, 0.000663735438138, 0.000406352308346, 0.000382938771509, 0.000392639660276, 0.000261442590272, 0.000225472918828, 0.000139435112942, 0.000103628459328, 8.88982613105e-05, 7.92868013377e-05, 5.38974381925e-05, 2.57904921455e-05],
        "dvar": [1.25618253577e-08, 4.50679135611e-06, 2.97323617815e-06, 1.09285565486e-06, 2.27354121307e-06, 1.44936393554e-06, 4.12165746866e-07, 6.28209988918e-07, 1.62351648214e-06, 4.3418262976e-06, 2.77052890851e-06, 1.0433574289e-06, 6.7190825348e-07, 5.54328437374e-07, 1.62956757777e-06, 1.03617617242e-06, 2.1787128901e-07, 1.84151261351e-07, 1.83110557828e-07, 5.75553897875e-08, 4.54418938034e-08, 2.50037075489e-08, 1.2318460918e-08, 9.85482362381e-09, 1.24234231791e-08, 1.14355893643e-08, 3.38106365128e-09],
        "dvar2": [3.34269607549e-08, 1.28845294967e-05, 8.05995568953e-06, 3.02419061882e-06, 5.91168918618e-06, 3.32053150487e-06, 9.25585652567e-07, 1.52532186348e-06, 3.6181586438e-06, 9.92857076199e-06, 5.58697638553e-06, 2.09522613659e-06, 1.28138367472e-06, 1.20569006867e-06, 3.62352739103e-06, 2.32849538406e-06, 4.99808436416e-07, 3.95657451691e-07, 3.75411815412e-07, 1.37525546506e-07, 1.14081750269e-07, 6.62846844079e-08, 2.878794092e-08, 2.4197685633e-08, 2.94578033078e-08, 2.72226987619e-08, 8.79754047389e-09],
        "max": [0.00240799644962, 0.0275582354516, 0.0232558138669, 0.0196398217231, 0.0313167609274, 0.0502989664674, 0.0134117072448, 0.0281941797584, 0.0315844453871, 0.0556423589587, 0.0439867898822, 0.0280020199716, 0.0348209813237, 0.0242255292833, 0.0367617569864, 0.0289198495448, 0.0112741421908, 0.0117349950597, 0.0103294048458, 0.00487262848765, 0.00400073360652, 0.00444750348106, 0.00231497734785, 0.00210707937367, 0.00311067979783, 0.00437089195475, 0.00273170205764],
        "mean": [7.15931382729e-05, 0.00240832939744, 0.00219208723865, 0.00143462663982, 0.00218938104808, 0.0012303260155, 0.000785397947766, 0.000820717250463, 0.00108858407475, 0.00233849696815, 0.00115937157534, 0.00111792969983, 0.000591570220422, 0.000550828233827, 0.00116181559861, 0.000826765841339, 0.000534200167749, 0.000634356692899, 0.000599449325819, 0.000431470631156, 0.000351859984221, 0.000202518844162, 0.000158061462571, 0.000138439325383, 0.000116391689517, 5.2192943258e-05, 1.56981132022e-05],
        "median": [3.78068107239e-05, 0.00171705090906, 0.00141229783185, 0.0007947050035, 0.00147600669879, 0.000608441128861, 0.000395165698137, 0.000433595880168, 0.000321336759953, 0.000799622503109, 0.000188272213563, 0.000210871381569, 0.00013004122593, 0.000144756297232, 0.000384787446819, 0.000271253142273, 0.000281769433059, 0.000289648713078, 0.000353560986696, 0.000281986838672, 0.000224810675718, 0.000113713613246, 9.33221308514e-05, 8.02652793936e-05, 6.71265734127e-05, 1.71894771483e-05, 3.59861769539e-06],
        "min": [1.00156162887e-23, 2.58687133459e-23, 1.95754098137e-23, 3.89777159346e-24, 2.09729337052e-23, 3.37150189432e-23, 1.57132272855e-23, 7.67159089283e-23, 5.08306626356e-23, 4.13212883665e-23, 4.19988062881e-23, 2.32115240546e-22, 1.61802919482e-22, 7.21046193514e-23, 8.2098565631e-23, 2.07077136202e-22, 1.50681419601e-22, 1.60788419114e-22, 2.67452927438e-22, 3.28834282826e-22, 5.51017297569e-22, 5.28654946307e-22, 6.37131726877e-22, 9.69826455159e-22, 1.09150520794e-21, 1.7034025745e-21, 2.34335925646e-21],
        "var": [1.34725537393e-08, 5.98642736804e-06, 6.22817060503e-06, 3.1825250062e-06, 6.20548371444e-06, 4.47684851679e-06, 1.23784070638e-06, 1.47860555444e-06, 5.73572560825e-06, 1.4808614651e-05, 8.77702859725e-06, 6.15165026829e-06, 2.58959607891e-06, 1.85166004485e-06, 5.70265865463e-06, 2.67467021331e-06, 6.58198246128e-07, 7.97512200279e-07, 6.29895680504e-07, 2.041343663e-07, 1.49976330022e-07, 6.21740312567e-08, 3.54934215352e-08, 2.96492217444e-08, 2.47342430981e-08, 1.84650978952e-08, 2.92942226032e-09]
    },
    "erbbands": {
        "dmean": [0.0328563153744, 0.361633867025, 1.15228462219, 1.82066273689, 2.62330555916, 3.97920680046, 4.99261188507, 4.46759557724, 5.23042964935, 6.98290634155, 8.47356319427, 11.8427429199, 25.791223526, 31.6749897003, 20.6701927185, 19.7886047363, 13.3356180191, 14.2265024185, 24.0461006165, 24.2018737793, 21.1298618317, 10.8157968521, 11.0559425354, 14.9849510193, 8.17215824127, 8.3733625412, 6.96354436874, 4.30098581314, 3.29271030426, 2.33964180946, 1.98734903336, 1.22768855095, 1.04648137093, 0.731019079685, 0.270499408245, 0.122149258852, 0.0684227347374, 0.0262821931392, 0.0026362540666, 4.60944320366e-05],
        "dmean2": [0.0561697222292, 0.613832175732, 1.91887307167, 3.0115442276, 4.47454595566, 6.54939556122, 7.8713092804, 7.15228748322, 8.06270313263, 10.5893526077, 13.2663640976, 18.1764202118, 38.7844009399, 46.7501220703, 30.918302536, 29.2429866791, 20.1894302368, 22.3040294647, 37.4238586426, 37.092010498, 32.3345108032, 16.7868728638, 16.9562301636, 22.196685791, 13.1553030014, 13.1587677002, 11.0310602188, 6.96556472778, 5.28821277618, 3.67523312569, 3.10271239281, 1.91326475143, 1.66552305222, 1.14960217476, 0.415708124638, 0.186983510852, 0.105891868472, 0.0430300831795, 0.00433778902516, 7.42486445233e-05],
        "dvar": [0.00286088348366, 0.281490594149, 3.11053490639, 7.18929624557, 13.7009181976, 36.7357254028, 90.5882949829, 111.682449341, 89.6551513672, 209.42199707, 356.52243042, 805.182434082, 3157.19067383, 5324.36181641, 3046.38574219, 2089.14160156, 1440.92883301, 1534.87451172, 4154.11376953, 3315.42260742, 2718.27416992, 379.63180542, 348.00668335, 677.501525879, 152.257476807, 163.540390015, 115.196014404, 50.1258964539, 38.9143600464, 15.3023014069, 12.1991796494, 4.35940361023, 4.15098810196, 3.13058257103, 0.290035545826, 0.139551132917, 0.0849225819111, 0.00853420235217, 5.76031161472e-05, 1.37542111034e-08],
        "dvar2": [0.00819652155042, 0.803696572781, 8.49441051483, 19.320268631, 39.7086868286, 91.8345947266, 210.728225708, 252.815048218, 205.240325928, 467.161682129, 860.498168945, 1781.66345215, 7271.46337891, 10950.3359375, 6368.71826172, 4217.10009766, 2636.46069336, 3263.13964844, 9165.12695312, 6899.52441406, 6085.23632812, 842.397155762, 747.202209473, 1314.86816406, 380.098144531, 391.868377686, 281.23526001, 131.283065796, 105.498802185, 37.750453949, 28.6878242493, 10.4106969833, 10.4273824692, 7.70428085327, 0.651948988438, 0.309334933758, 0.197324484587, 0.022482033819, 0.00014749528782, 3.42806778519e-08],
        "max": [0.888321220875, 6.29135131836, 25.552778244, 59.5142784119, 61.7673072815, 129.772827148, 309.740386963, 473.294525146, 235.661727905, 491.354980469, 710.44354248, 861.439819336, 1258.88879395, 2783.5690918, 1549.06811523, 1423.79821777, 1745.14147949, 1290.03674316, 2268.71386719, 1401.61889648, 1409.34143066, 563.840515137, 564.893493652, 706.122375488, 302.614013672, 274.933258057, 218.062271118, 175.917755127, 186.182479858, 73.1473464966, 65.3505554199, 35.3831176758, 48.5716094971, 54.5850944519, 23.9139766693, 24.1919403076, 18.106924057, 3.94419670105, 0.217685014009, 0.00309555581771],
        "mean": [0.0532324798405, 0.609673380852, 2.36693286896, 4.17636537552, 5.03986644745, 7.69733095169, 9.72939586639, 9.36295795441, 11.6814746857, 14.5793361664, 18.0972328186, 25.0113925934, 55.8440322876, 66.439414978, 51.0704269409, 52.795955658, 30.4656143188, 31.5300674438, 52.0940933228, 50.1616096497, 47.3670692444, 27.5077342987, 30.7221870422, 39.9960250854, 21.8219261169, 21.9276390076, 18.1409339905, 10.8283939362, 7.69258975983, 5.39298057556, 4.54515123367, 2.9884288311, 2.41330218315, 1.57815921307, 0.620279788971, 0.224429577589, 0.095558360219, 0.0294955205172, 0.00264913775027, 7.61303890613e-05],
        "median": [0.0388927049935, 0.421398371458, 1.49947404861, 2.74460077286, 3.7688627243, 4.53503465652, 4.99005746841, 4.2916135788, 5.76283884048, 6.61495542526, 10.4059801102, 9.43062400818, 17.955165863, 23.316696167, 16.3833045959, 12.9838094711, 9.15839672089, 9.94382572174, 16.6561965942, 21.1977443695, 18.9089603424, 15.1966876984, 16.1952190399, 19.8309955597, 15.7177553177, 14.3793878555, 12.0871486664, 6.63882112503, 4.17142295837, 3.26069378853, 2.6152818203, 1.76266920567, 1.28508973122, 0.880947351456, 0.358636528254, 0.0955795273185, 0.0263487398624, 0.0080377086997, 0.000582987035159, 4.48050159321e-05],
        "min": [7.49219799075e-22, 6.09296028938e-21, 2.26186237713e-20, 1.63456834401e-20, 1.99601266748e-20, 1.11149628927e-19, 1.74694315667e-19, 2.41066486687e-19, 3.00880976606e-19, 6.24027328857e-19, 1.76519226025e-18, 1.04611298682e-18, 1.36705813391e-18, 9.59294177677e-19, 3.72948110368e-18, 9.69721781915e-18, 6.88109300424e-18, 4.83952274414e-18, 4.24835702627e-18, 8.78944913542e-18, 7.58027651599e-18, 9.38634349262e-18, 9.58059776049e-18, 1.35758817735e-17, 9.75945406126e-18, 1.69973836828e-17, 2.48270154488e-17, 1.77841482506e-17, 1.8785761402e-17, 2.09886724134e-17, 1.88762715046e-17, 2.07276439906e-17, 1.43779491826e-17, 1.22164319434e-17, 7.85572186971e-18, 5.42821188325e-18, 3.06783959762e-18, 1.46834608973e-18, 3.0306744761e-19, 3.5286403714e-20],
        "var": [0.00327369850129, 0.39078348875, 6.8340587616, 22.8279876709, 24.2700805664, 105.919120789, 225.677871704, 337.531188965, 359.743255615, 508.420928955, 755.838745117, 2468.43725586, 9746.07519531, 17456.5859375, 13012.9628906, 14658.1777344, 6070.55908203, 5458.20849609, 16229.1826172, 9635.99804688, 8515.57324219, 1572.65869141, 1660.30651855, 3023.98754883, 488.840545654, 542.544799805, 396.669067383, 164.352111816, 97.909072876, 38.5838050842, 31.9937877655, 13.0012674332, 10.9352579117, 5.20514011383, 0.728213071823, 0.292028784752, 0.128578841686, 0.00778919784352, 5.2496598073e-05, 1.42981857465e-08]
    },
    "gfcc": {
        "mean": [36.4529190063, 65.3220977783, -118.880981445, 29.979839325, -53.3448181152, 14.0233793259, -33.1308441162, 13.7317724228, -28.1126785278, -0.132926627994, -19.4592189789, -0.60072094202, -8.55548381805],
        "cov": [[2004.96948242, -371.677185059, 80.49659729, 332.279510498, 9.60182094574, 58.9969024658, 31.6473274231, 17.2660579681, -0.212508037686, -60.3573303223, -73.0093841553, 3.42239832878, -7.75544977188], [-371.677185059, 670.459655762, 146.6769104, 46.5974807739, 79.5251464844, -40.7994651794, -9.26187133789, 10.9272155762, -31.498966217, -24.2022266388, 72.508140564, -7.5369644165, 90.1001358032], [80.49659729, 146.6769104, 828.521484375, 265.261657715, 99.1122741699, 61.5893173218, -36.1624526978, -53.1149215698, -36.9875869751, 8.78123760223, 26.2723350525, 40.2228546143, -26.9367256165], [332.279510498, 46.5974807739, 265.261657715, 418.505615234, 24.2240581512, 35.3671798706, -17.1867790222, 4.89217424393, 23.220615387, -11.2297935486, -4.99825668335, -17.3483810425, 5.12593269348], [9.60182094574, 79.5251464844, 99.1122741699, 24.2240581512, 200.019363403, 70.7415618896, 32.7116470337, -28.8310394287, -28.4923114777, -2.82318139076, 25.4222564697, -5.43869256973, -6.43658494949], [58.9969024658, -40.7994651794, 61.5893173218, 35.3671798706, 70.7415618896, 215.763580322, 56.3997497559, -61.62657547, -21.2771396637, 1.13945233822, 10.9229974747, -12.4711084366, -35.7269096375], [31.6473274231, -9.26187133789, -36.1624526978, -17.1867790222, 32.7116470337, 56.3997497559, 112.692001343, 11.8681135178, -4.60924053192, -18.3339996338, 8.74889755249, 3.98879289627, -10.5367736816], [17.2660579681, 10.9272155762, -53.1149215698, 4.89217424393, -28.8310394287, -61.62657547, 11.8681135178, 146.294006348, 32.1160888672, -17.2033615112, -17.1766052246, 15.7417516708, 37.3662185669], [-0.212508037686, -31.498966217, -36.9875869751, 23.220615387, -28.4923114777, -21.2771396637, -4.60924053192, 32.1160888672, 99.7984161377, 29.6444168091, -23.2184886932, -19.5724258423, 0.899242401123], [-60.3573303223, -24.2022266388, 8.78123760223, -11.2297935486, -2.82318139076, 1.13945233822, -18.3339996338, -17.2033615112, 29.6444168091, 97.1160583496, 25.1115760803, -20.415933609, -26.5071678162], [-73.0093841553, 72.508140564, 26.2723350525, -4.99825668335, 25.4222564697, 10.9229974747, 8.74889755249, -17.1766052246, -23.2184886932, 25.1115760803, 93.9389953613, 26.0930271149, -7.22422552109], [3.42239832878, -7.5369644165, 40.2228546143, -17.3483810425, -5.43869256973, -12.4711084366, 3.98879289627, 15.7417516708, -19.5724258423, -20.415933609, 26.0930271149, 87.7335205078, 24.9887065887], [-7.75544977188, 90.1001358032, -26.9367256165, 5.12593269348, -6.43658494949, -35.7269096375, -10.5367736816, 37.3662185669, 0.899242401123, -26.5071678162, -7.22422552109, 24.9887065887, 104.877708435]],
        "icov": [[0.000710532302037, 0.000486379227368, 5.46465307707e-05, -0.000661290658172, -0.000151340151206, 7.03282421455e-05, -0.000218819157453, -6.63413857183e-06, 0.000259861117229, 0.000247644959018, 0.000152992375661, 1.3048054825e-05, -0.000256107596215], [0.000486379227368, 0.00276211742312, -0.000575236277655, -0.000221489477553, -0.000664902967401, 0.000670369772706, -0.000160369978403, -5.9406960645e-05, 0.000133212219225, 0.00138877355494, -0.00272324378602, 0.00244237435982, -0.00270092254505], [5.46465307707e-05, -0.000575236277655, 0.00202905014157, -0.00133500457741, -0.000676744442899, -0.000245685194386, 0.000658253964502, 0.000322431529639, 0.000659227836877, -0.000894376658835, 0.00116376799997, -0.00218190043233, 0.00127897632774], [-0.000661290658172, -0.000221489477553, -0.00133500457741, 0.00405861157924, 0.000299500650726, -0.00068641861435, 0.000783990428317, -0.000507944670971, -0.00166481733322, 0.00126044743229, -0.00122176879086, 0.00183833902702, -0.000544905429706], [-0.000151340151206, -0.000664902967401, -0.000676744442899, 0.000299500650726, 0.00663683703169, -0.00156100094318, -0.00131753680762, 0.000212558719795, 0.000917180324905, -5.70768097532e-05, -0.000935627962463, 0.00108648615424, -0.000306580128381], [7.03282421455e-05, 0.000670369772706, -0.000245685194386, -0.00068641861435, -0.00156100094318, 0.00727560883388, -0.00360844703391, 0.00264736800455, 0.000524861039594, -0.000120818258438, -3.96034884034e-05, 0.000680151104461, 0.000276825769106], [-0.000218819157453, -0.000160369978403, 0.000658253964502, 0.000783990428317, -0.00131753680762, -0.00360844703391, 0.0124938823283, -0.00258951587602, -0.00115636258852, 0.00303320284002, -0.00190276431385, -0.000363804691005, 0.00185223203152], [-6.63413857183e-06, -5.9406960645e-05, 0.000322431529639, -0.000507944670971, 0.000212558719795, 0.00264736800455, -0.00258951587602, 0.00985322054476, -0.00276053929701, 0.000807385775261, 0.00101366441231, -0.00167320377659, -0.00200141873211], [0.000259861117229, 0.000133212219225, 0.000659227836877, -0.00166481733322, 0.000917180324905, 0.000524861039594, -0.00115636258852, -0.00276053929701, 0.0149317197502, -0.00635143974796, 0.00427797762677, 0.000731101376005, -0.000354930380126], [0.000247644959018, 0.00138877355494, -0.000894376658835, 0.00126044743229, -5.70768097532e-05, -0.000120818258438, 0.00303320284002, 0.000807385775261, -0.00635143974796, 0.0171808656305, -0.00817905273288, 0.00516307912767, 0.00110956211574], [0.000152992375661, -0.00272324378602, 0.00116376799997, -0.00122176879086, -0.000935627962463, -3.96034884034e-05, -0.00190276431385, 0.00101366441231, 0.00427797762677, -0.00817905273288, 0.0190281532705, -0.00874387379736, 0.00337641150691], [1.3048054825e-05, 0.00244237435982, -0.00218190043233, 0.00183833902702, 0.00108648615424, 0.000680151104461, -0.000363804691005, -0.00167320377659, 0.000731101376005, 0.00516307912767, -0.00874387379736, 0.0190498456359, -0.00573210604489], [-0.000256107596215, -0.00270092254505, 0.00127897632774, -0.000544905429706, -0.000306580128381, 0.000276825769106, 0.00185223203152, -0.00200141873211, -0.000354930380126, 0.00110956211574, 0.00337641150691, -0.00573210604489, 0.0150479171425]]
    },
    "melbands": {
        "dmean": [0.00034143589437, 0.000541729270481, 0.000312375923386, 0.00023247981153, 0.000172802552697, 0.000103231010144, 7.8392069554e-05, 7.6613141573e-05, 7.16516879038e-05, 7.85142183304e-05, 0.00013399013551, 0.000134746209369, 7.60932816775e-05, 5.88680013607e-05, 3.84444938391e-05, 2.45580631599e-05, 2.89696399705e-05, 3.68470973626e-05, 3.41528102581e-05, 3.31651572196e-05, 2.65865164693e-05, 1.30460548462e-05, 1.24968182718e-05, 1.24566468003e-05, 1.38437217174e-05, 8.2684255176e-06, 4.99071848026e-06, 6.11321638644e-06, 5.90733725403e-06, 2.9238717616e-06, 2.70421446658e-06, 2.01163129532e-06, 1.74528940988e-06, 1.32347940962e-06, 1.29476256916e-06, 9.8093073575e-07, 7.59255215144e-07, 7.37921595828e-07, 8.86462999006e-07, 5.66974165395e-07],
        "dmean2": [0.00058040994918, 0.000909859780222, 0.000519246968906, 0.000390170956962, 0.00027271718136, 0.000164522236446, 0.000120952943689, 0.000116596806038, 0.000112204543257, 0.000120502198115, 0.000200801106985, 0.000199932284886, 0.000113363617857, 8.80378647707e-05, 5.71421842324e-05, 3.75917807105e-05, 4.56159068563e-05, 5.77180508117e-05, 5.22450936842e-05, 5.05281641381e-05, 4.06990038755e-05, 2.04983007279e-05, 1.95429711312e-05, 1.91803865164e-05, 2.05977103178e-05, 1.32003615363e-05, 8.01740497991e-06, 9.70202290773e-06, 9.38436824072e-06, 4.73797854283e-06, 4.40692974735e-06, 3.27447833115e-06, 2.81980419459e-06, 2.10479583984e-06, 2.06207278097e-06, 1.54593601565e-06, 1.19786955111e-06, 1.19174524116e-06, 1.41879922921e-06, 8.94527431683e-07],
        "dvar": [2.76469222626e-07, 6.21807657808e-07, 1.80645798764e-07, 1.1349594331e-07, 9.41749007666e-08, 5.37008340018e-08, 1.83898798412e-08, 2.53446277299e-08, 2.93125914652e-08, 3.43906734201e-08, 8.3813986862e-08, 9.31166681539e-08, 4.39156089271e-08, 1.58680020235e-08, 7.90391485594e-09, 3.62817620392e-09, 6.958637222e-09, 9.78748904146e-09, 5.12580955458e-09, 5.63558710809e-09, 4.38005542946e-09, 6.73802513784e-10, 6.42658815053e-10, 4.39407926711e-10, 6.2073013396e-10, 1.83341036797e-10, 5.34852648282e-11, 8.98588148335e-11, 9.18506173897e-11, 2.2570254693e-11, 2.07753605985e-11, 1.29077226338e-11, 1.27296888308e-11, 4.7494694809e-12, 5.60833020649e-12, 2.64280502864e-12, 1.96380693825e-12, 2.01983070026e-12, 4.24361674273e-12, 1.66147109092e-12],
        "dvar2": [7.87163173754e-07, 1.72224110884e-06, 4.89707758788e-07, 3.11355108806e-07, 2.20825867814e-07, 1.21327531133e-07, 4.26138271337e-08, 5.81905723607e-08, 7.08657523774e-08, 7.60861809113e-08, 1.9207955404e-07, 1.93502387447e-07, 8.4027803382e-08, 3.305689944e-08, 1.59126436472e-08, 7.16506143306e-09, 1.47503333991e-08, 2.16777529261e-08, 1.08777999941e-08, 1.21293330935e-08, 9.68249125322e-09, 1.45911149829e-09, 1.43924050455e-09, 9.97572136008e-10, 1.20057874753e-09, 4.27499785571e-10, 1.33522415346e-10, 2.17712667339e-10, 2.24065557775e-10, 5.73304077822e-11, 5.45736199287e-11, 3.4877628563e-11, 3.45759462728e-11, 1.16941846831e-11, 1.37248216264e-11, 6.42869828552e-12, 4.91851524786e-12, 5.26488661695e-12, 1.04663343964e-11, 4.11696675015e-12],
        "max": [0.00802751071751, 0.0105025935918, 0.0086500281468, 0.00891299173236, 0.0088157299906, 0.0101967938244, 0.00323592638597, 0.00628437893465, 0.00714031001553, 0.00575234182179, 0.00703730154783, 0.010894773528, 0.00678484281525, 0.00319782574661, 0.00320055661723, 0.00222165347077, 0.00296021346003, 0.00341888214462, 0.00140409253072, 0.00192531873472, 0.00156517873984, 0.00081102468539, 0.000631049333606, 0.000549328513443, 0.000712243723683, 0.00033283099765, 0.000139441472129, 0.000170598024852, 0.000203226474696, 0.000109191430965, 0.000116186572996, 8.16279498395e-05, 0.000123495337903, 5.09573910676e-05, 4.27632694482e-05, 3.82739162887e-05, 3.44249601767e-05, 3.17344347422e-05, 5.3786119679e-05, 3.87105319533e-05],
        "mean": [0.000573983415961, 0.00111183780245, 0.000732270593289, 0.00045755825704, 0.000351403316017, 0.000221058638999, 0.000174773696926, 0.000161230680533, 0.000149161787704, 0.000161403237144, 0.000281022599665, 0.000273639627267, 0.000166124315001, 0.000146695994772, 9.26045904635e-05, 5.1488965255e-05, 5.84665576753e-05, 7.57741145208e-05, 6.99471493135e-05, 6.19521306362e-05, 5.49138167116e-05, 2.80948661384e-05, 2.72909383057e-05, 3.05164012389e-05, 3.33318494086e-05, 1.90573537111e-05, 1.21819139167e-05, 1.46860802488e-05, 1.35897016662e-05, 6.73228214509e-06, 6.06053026786e-06, 4.40974235971e-06, 3.562185384e-06, 2.7793244044e-06, 2.72978900284e-06, 2.13056250686e-06, 1.67963446529e-06, 1.59592150339e-06, 1.78356879132e-06, 1.18253262826e-06],
        "median": [0.000424768135417, 0.000768425350543, 0.000527338357642, 0.000310594507027, 0.000191351267858, 0.000101441037259, 8.71442316566e-05, 7.44983408367e-05, 8.16319079604e-05, 5.26591211383e-05, 8.37321931613e-05, 7.82879506005e-05, 3.42146959156e-05, 2.75651309494e-05, 2.07993143704e-05, 1.27823159346e-05, 1.45062522279e-05, 2.06374425034e-05, 2.48513824772e-05, 2.30396617553e-05, 1.85596709343e-05, 1.38134519148e-05, 1.30717999127e-05, 1.45721405715e-05, 1.49340476128e-05, 1.17303616207e-05, 8.25690403872e-06, 8.75801015354e-06, 7.98872861196e-06, 4.18519266532e-06, 3.33116736329e-06, 2.32426646107e-06, 1.91620233636e-06, 1.63020229138e-06, 1.50730647874e-06, 1.22945448311e-06, 9.5147686352e-07, 8.30230817428e-07, 8.63652758198e-07, 6.57249756841e-07],
        "min": [7.46831579482e-24, 1.05034202623e-23, 2.76924532625e-24, 4.63707625661e-24, 6.0377267984e-24, 6.03893099457e-24, 4.11576462715e-24, 9.82766071168e-24, 1.48339850087e-23, 6.07072642778e-24, 6.81155201476e-24, 3.50155594862e-24, 7.44509646294e-24, 2.76163889274e-23, 2.09636977218e-23, 1.38156854869e-23, 8.04376615935e-24, 6.38194388781e-24, 7.836416437e-24, 1.48181651921e-23, 7.47406659082e-24, 8.36420382564e-24, 9.93869525067e-24, 8.63005941703e-24, 1.14270470092e-23, 8.96832455091e-24, 5.38185443116e-24, 1.26248076537e-23, 1.65085726274e-23, 1.10664350236e-23, 1.07092348614e-23, 9.21604659667e-24, 1.18484454607e-23, 1.15755216756e-23, 1.05772000562e-23, 1.21758968893e-23, 1.24154913011e-23, 1.04718074504e-23, 8.45081680873e-24, 1.14516216041e-23],
        "var": [3.39866886634e-07, 1.24391215195e-06, 5.34893786153e-07, 2.741686842e-07, 2.56481399674e-07, 1.74712539547e-07, 7.18735861938e-08, 6.17385254031e-08, 6.28334859698e-08, 1.09375960733e-07, 2.52075068374e-07, 3.25735896922e-07, 1.6692177951e-07, 8.79684449728e-08, 4.03593638509e-08, 1.37779201381e-08, 2.43644535658e-08, 3.7137006359e-08, 1.7211908343e-08, 1.33983579786e-08, 1.32853914536e-08, 2.33951547024e-09, 2.25684959609e-09, 1.73805458914e-09, 2.55543297634e-09, 5.74128689035e-10, 1.53704493577e-10, 2.73069233891e-10, 2.87252999165e-10, 6.39013356118e-11, 6.33672281314e-11, 3.26545700202e-11, 2.29953191905e-11, 1.10481181495e-11, 1.30087225714e-11, 6.64309145887e-12, 4.88579012317e-12, 4.79496000197e-12, 8.08966088561e-12, 2.83933141755e-12]
    },
    "mfcc": {
        "mean": [-608.962646484, 99.585609436, -5.13768529892, 21.2970409393, 3.57040309906, 0.0590243414044, 5.60301017761, 4.94662857056, 4.57356309891, 2.37085318565, -5.67754745483, -4.32264328003, -1.55521595478],
        "cov": [[1789.75146484, -576.581970215, -44.3044586182, 173.631118774, -33.1794128418, 37.3088722229, -24.5148983002, 93.8319625854, 80.0274353027, 17.4329872131, -35.906162262, -17.6503582001, 26.1657714844], [-576.581970215, 648.574584961, 28.1540431976, 8.42074394226, 79.7846832275, -56.6343612671, 69.5789871216, -32.4730033875, -26.6630592346, -18.3165054321, -57.5843048096, 10.3745536804, -10.8002109528], [-44.3044586182, 28.1540431976, 686.556762695, 247.242889404, 168.55897522, 121.802947998, 27.7908210754, 4.35253763199, -22.3476486206, -20.6195812225, -17.712770462, 27.7081279755, 23.5880565643], [173.631118774, 8.42074394226, 247.242889404, 329.288452148, 106.246932983, -18.3714122772, -2.2064332962, 13.5871534348, 23.3000507355, -10.0041627884, -27.7367744446, 33.7935142517, 9.78220176697], [-33.1794128418, 79.7846832275, 168.55897522, 106.246932983, 185.31451416, 69.4809188843, 45.7352752686, 0.69560354948, -10.9562091827, 2.66187691689, -16.3670978546, 2.90712857246, 4.04292488098], [37.3088722229, -56.6343612671, 121.802947998, -18.3714122772, 69.4809188843, 243.700836182, 69.8175125122, -5.8858332634, -40.7602653503, 27.4249858856, 29.4242458344, -22.8070316315, 6.19417095184], [-24.5148983002, 69.5789871216, 27.7908210754, -2.2064332962, 45.7352752686, 69.8175125122, 144.743743896, 34.0035095215, -26.7538528442, -11.2557382584, -14.4516363144, 13.6557798386, 25.1671028137], [93.8319625854, -32.4730033875, 4.35253763199, 13.5871534348, 0.69560354948, -5.8858332634, 34.0035095215, 124.279304504, 37.9174575806, -21.9747257233, -32.9978637695, 5.29028654099, 24.0560264587], [80.0274353027, -26.6630592346, -22.3476486206, 23.3000507355, -10.9562091827, -40.7602653503, -26.7538528442, 37.9174575806, 105.016921997, 31.2871894836, -15.509718895, -21.3237686157, -19.6096305847], [17.4329872131, -18.3165054321, -20.6195812225, -10.0041627884, 2.66187691689, 27.4249858856, -11.2557382584, -21.9747257233, 31.2871894836, 97.5436248779, 42.0198249817, -26.4258747101, -33.9538612366], [-35.906162262, -57.5843048096, -17.712770462, -27.7367744446, -16.3670978546, 29.4242458344, -14.4516363144, -32.9978637695, -15.509718895, 42.0198249817, 110.9584198, 22.6133518219, -17.4802150726], [-17.6503582001, 10.3745536804, 27.7081279755, 33.7935142517, 2.90712857246, -22.8070316315, 13.6557798386, 5.29028654099, -21.3237686157, -26.4258747101, 22.6133518219, 108.49155426, 37.0375480652], [26.1657714844, -10.8002109528, 23.5880565643, 9.78220176697, 4.04292488098, 6.19417095184, 25.1671028137, 24.0560264587, -19.6096305847, -33.9538612366, -17.4802150726, 37.0375480652, 90.9995956421]],
