{
"lowlevel": {
    "average_loudness": 0.93531024456,
    "barkbands_crest": {
        "dmean": 2.94081044197,
        "dmean2": 4.77595853806,
        "dvar": 7.79523420334,
        "dvar2": 19.9187355042,
        "max": 25.4621200562,
        "mean": 9.44779872894,
        "median": 8.58647346497,
        "min": 2.3819873333,
        "var": 15.5031986237
    },
    "barkbands_flatness_db": {
        "dmean": 0.0256467591971,
        "dmean2": 0.0385756716132,
        "dvar": 0.000668724882416,
        "dvar2": 0.00146669172682,
        "max": 0.334976583719,
        "mean": 0.121424265206,
        "median": 0.115320369601,
        "min": 0.0182149279863,
        "var": 0.00220001023263
    },
    "barkbands_kurtosis": {
        "dmean": 4.45542049408,
        "dmean2": 7.22561407089,
        "dvar": 102.861335754,
        "dvar2": 260.929504395,
        "max": 211.595275879,
        "mean": 4.67926883698,
        "median": 1.57132434845,
        "min": -1.96199131012,
        "var": 108.935264587
    },
    "barkbands_skewness": {
        "dmean": 0.724574029446,
        "dmean2": 1.09536075592,
        "dvar": 0.790936291218,
        "dvar2": 1.76683211327,
        "max": 11.6130409241,
        "mean": 1.68216145039,
        "median": 1.45414352417,
        "min": -3.65597319603,
        "var": 1.70095658302
    },
    "barkbands_spread": {
        "dmean": 8.63966464996,
        "dmean2": 13.0701026917,
        "dvar": 105.638702393,
        "dvar2": 225.031509399,
        "max": 118.231452942,
        "mean": 27.4662570953,
        "median": 24.1379318237,
        "min": 0.862579703331,
        "var": 300.351776123
    },
    "dissonance": {
        "dmean": 0.0175564885139,
        "dmean2": 0.0286820214242,
        "dvar": 0.000281113636447,
        "dvar2": 0.00071837118594,
        "max": 0.500000059605,
        "mean": 0.463664710522,
        "median": 0.469911724329,
        "min": 0.306913971901,
        "var": 0.000727214151993
    },
    "dynamic_complexity": 2.87630200386,
    "erbbands_crest": {
        "dmean": 2.47312307358,
        "dmean2": 4.02006626129,
        "dvar": 5.81517982483,
        "dvar2": 14.7040739059,
        "max": 31.1718444824,
        "mean": 7.93457078934,
        "median": 7.07141160965,
        "min": 2.21424341202,
        "var": 14.1526498795
    },
    "erbbands_flatness_db": {
        "dmean": 0.0199266020209,
        "dmean2": 0.0287774819881,
        "dvar": 0.000329140835674,
        "dvar2": 0.000635707343463,
        "max": 0.364956051111,
        "mean": 0.136859714985,
        "median": 0.131639555097,
        "min": 0.0315753854811,
        "var": 0.00244683283381
    },
    "erbbands_kurtosis": {
        "dmean": 0.7891035676,
        "dmean2": 1.26131308079,
        "dvar": 1.46317350864,
        "dvar2": 3.32355213165,
        "max": 20.1328811646,
        "mean": -0.0770052671432,
        "median": -0.543461561203,
        "min": -1.77050578594,
        "var": 2.77975535393
    },
    "erbbands_skewness": {
        "dmean": 0.397959560156,
        "dmean2": 0.607451081276,
        "dvar": 0.147724419832,
        "dvar2": 0.320191919804,
        "max": 3.81494569778,
        "mean": 0.190549224615,
        "median": 0.190267279744,
        "min": -3.60854554176,
        "var": 0.571424007416
    },
    "erbbands_spread": {
        "dmean": 11.143819809,
        "dmean2": 17.0975704193,
        "dvar": 156.602737427,
        "dvar2": 366.644836426,
        "max": 177.891891479,
        "mean": 49.3976783752,
        "median": 46.2265853882,
        "min": 3.04183244705,
        "var": 514.714599609
    },
    "hfc": {
        "dmean": 9.3467092514,
        "dmean2": 13.215927124,
        "dvar": 144.385864258,
        "dvar2": 273.192108154,
        "max": 166.020217896,
        "mean": 25.3980770111,
        "median": 19.4010696411,
        "min": 1.18853532341e-16,
        "var": 509.467773438
    },
    "melbands_crest": {
        "dmean": 3.90849208832,
        "dmean2": 6.33044815063,
        "dvar": 14.7110490799,
        "dvar2": 37.0307426453,
        "max": 35.1447486877,
        "mean": 13.9829044342,
        "median": 13.0855550766,
        "min": 2.07433176041,
        "var": 28.3155975342
    },
    "melbands_flatness_db": {
        "dmean": 0.0324877239764,
        "dmean2": 0.0483787022531,
        "dvar": 0.00115867180284,
        "dvar2": 0.00243604765274,
        "max": 0.460332483053,
        "mean": 0.18707741797,
        "median": 0.177965402603,
        "min": 0.00425037415698,
        "var": 0.00366600393318
    },
    "melbands_kurtosis": {
        "dmean": 12.8238801956,
        "dmean2": 20.6453227997,
        "dvar": 753.228088379,
        "dvar2": 1918.96191406,
        "max": 589.508850098,
        "mean": 18.5098934174,
        "median": 9.89822292328,
        "min": -1.85020661354,
        "var": 830.211791992
    },
    "melbands_skewness": {
        "dmean": 1.04485154152,
        "dmean2": 1.60402941704,
        "dvar": 1.65306758881,
        "dvar2": 3.73401641846,
        "max": 19.8497409821,
        "mean": 3.12514185905,
        "median": 2.78015732765,
        "min": -1.45734477043,
        "var": 3.74194574356
    },
    "melbands_spread": {
        "dmean": 9.66380596161,
        "dmean2": 14.4382143021,
        "dvar": 209.352828979,
        "dvar2": 428.068481445,
        "max": 258.807769775,
        "mean": 25.3755702972,
        "median": 20.872297287,
        "min": 0.513564050198,
        "var": 460.217651367
    },
    "pitch_salience": {
        "dmean": 0.0811420455575,
        "dmean2": 0.131979495287,
        "dvar": 0.00599513202906,
        "dvar2": 0.0148063786328,
        "max": 0.896975159645,
        "mean": 0.585371673107,
        "median": 0.594579398632,
        "min": 0.105647131801,
        "var": 0.0133909331635
    },
    "silence_rate_20dB": {
        "dmean": 0,
        "dmean2": 0,
        "dvar": 0,
        "dvar2": 0,
        "max": 1,
        "mean": 1,
        "median": 1,
        "min": 1,
        "var": 0
    },
    "silence_rate_30dB": {
        "dmean": 0.0443069301546,
        "dmean2": 0.0886248275638,
        "dvar": 0.0423431061208,
        "dvar2": 0.115680575371,
        "max": 1,
        "mean": 0.973146915436,
        "median": 1,
        "min": 0,
        "var": 0.026132017374
    },
    "silence_rate_60dB": {
        "dmean": 0.0222772285342,
        "dmean2": 0.0445599704981,
        "dvar": 0.0217831674963,
        "dvar2": 0.049009192735,
        "max": 1,
        "mean": 0.067565895617,
        "median": 0,
        "min": 0,
        "var": 0.0630075410008
    },
    "spectral_centroid": {
        "dmean": 329.201843262,
        "dmean2": 490.575927734,
        "dvar": 139071.84375,
        "dvar2": 275286.46875,
        "max": 10829.9189453,
        "mean": 1470.95227051,
        "median": 1425.73291016,
        "min": 212.493240356,
        "var": 442937.3125
    },
    "spectral_complexity": {
        "dmean": 4.13490104675,
        "dmean2": 6.02921152115,
        "dvar": 17.4754276276,
        "dvar2": 31.9400463104,
        "max": 57,
        "mean": 18.7442150116,
        "median": 18,
        "min": 0,
        "var": 89.6069335938
    },
    "spectral_decrease": {
        "dmean": 4.17704226763e-09,
        "dmean2": 6.73998945544e-09,
        "dvar": 6.2253156297e-17,
        "dvar2": 1.5678545443e-16,
        "max": 2.416844221e-29,
        "mean": -7.73612374161e-09,
        "median": -5.93246651803e-09,
        "min": -6.74562272707e-08,
        "var": 6.26092674769e-17
    },
    "spectral_energy": {
        "dmean": 0.016300002113,
        "dmean2": 0.0261686481535,
        "dvar": 0.000904986867681,
        "dvar2": 0.00227709021419,
        "max": 0.260646134615,
        "mean": 0.0315015725791,
        "median": 0.0247168540955,
        "min": 1.0689150185e-20,
        "var": 0.000944063765928
    },
    "spectral_energyband_high": {
        "dmean": 0.00066852371674,
        "dmean2": 0.000936354103032,
        "dvar": 1.38028860874e-06,
        "dvar2": 2.60890010395e-06,
        "max": 0.0207152217627,
        "mean": 0.00146088190377,
        "median": 0.000610236427747,
        "min": 8.05608485348e-21,
        "var": 4.26678889198e-06
    },
    "spectral_energyband_low": {
        "dmean": 0.0117418160662,
        "dmean2": 0.0195394102484,
        "dvar": 0.000800969428383,
        "dvar2": 0.00202813907526,
        "max": 0.215789973736,
        "mean": 0.0142632126808,
        "median": 0.00681122392416,
        "min": 3.61786031512e-23,
        "var": 0.000658089818899
    },
    "spectral_energyband_middle_high": {
        "dmean": 0.00208075903356,
        "dmean2": 0.00300801312551,
        "dvar": 9.47262833506e-06,
        "dvar2": 1.97346635105e-05,
        "max": 0.0439553894103,
        "mean": 0.00480365380645,
        "median": 0.0028697187081,
        "min": 1.39769259422e-21,
        "var": 2.74155445368e-05
    },
    "spectral_energyband_middle_low": {
        "dmean": 0.00572385918349,
        "dmean2": 0.0092199286446,
        "dvar": 7.05038837623e-05,
        "dvar2": 0.000177249792614,
        "max": 0.098491102457,
        "mean": 0.0123030766845,
        "median": 0.00941905286163,
        "min": 2.78492612977e-22,
        "var": 0.000126899889437
    },
    "spectral_entropy": {
        "dmean": 0.171663627028,
        "dmean2": 0.254374802113,
        "dvar": 0.0308076292276,
        "dvar2": 0.0620271004736,
        "max": 9.81231307983,
        "mean": 7.719581604,
        "median": 7.74268722534,
        "min": 6.26153755188,
        "var": 0.156971529126
    },
    "spectral_flux": {
        "dmean": 0.035894818604,
        "dmean2": 0.0559389926493,
        "dvar": 0.00251814676449,
        "dvar2": 0.00523181213066,
        "max": 0.458318591118,
        "mean": 0.102667890489,
        "median": 0.0856149345636,
        "min": 1.03388346495e-10,
        "var": 0.0047481697984
    },
    "spectral_kurtosis": {
        "dmean": 1.18230688572,
        "dmean2": 1.91892659664,
        "dvar": 1.86392068863,
        "dvar2": 5.00541639328,
        "max": 28.1773777008,
        "mean": 3.45686244965,
        "median": 2.91418743134,
        "min": -1.32711780071,
        "var": 6.2498922348
    },
    "spectral_rms": {
        "dmean": 0.00121103599668,
        "dmean2": 0.00183813308831,
        "dvar": 3.03558931591e-06,
        "dvar2": 6.96237066222e-06,
        "max": 0.015946438536,
        "mean": 0.0050140498206,
        "median": 0.00491060130298,
        "min": 3.22930939801e-12,
        "var": 5.59267164135e-06
    },
    "spectral_rolloff": {
        "dmean": 827.407714844,
        "dmean2": 1352.37597656,
        "dvar": 1916154.125,
        "dvar2": 3988426.5,
        "max": 18561.6210938,
        "mean": 1803.07092285,
        "median": 1270.45898438,
        "min": 64.599609375,
        "var": 3477416.25
    },
    "spectral_skewness": {
        "dmean": 0.201928019524,
        "dmean2": 0.312503159046,
        "dvar": 0.0395590290427,
        "dvar2": 0.0911979153752,
        "max": 3.8742442131,
        "mean": 1.41507256031,
        "median": 1.38636481762,
        "min": -0.154496282339,
        "var": 0.174992248416
    },
    "spectral_spread": {
        "dmean": 805373.25,
        "dmean2": 1143722.625,
        "dvar": 1.16881463706e+12,
        "dvar2": 2.09585294541e+12,
        "max": 41104656,
        "mean": 5462290,
        "median": 4986149,
        "min": 1794499.75,
        "var": 4.3561100247e+12
    },
    "spectral_strongpeak": {
        "dmean": 0.460588544607,
        "dmean2": 0.77120912075,
        "dvar": 0.442849487066,
        "dvar2": 1.05573272705,
        "max": 9.986287117,
        "mean": 0.742165982723,
        "median": 0.403467327356,
        "min": 0,
        "var": 0.761267900467
    },
    "zerocrossingrate": {
        "dmean": 0.0166712384671,
        "dmean2": 0.0188158415258,
        "dvar": 0.000370381982066,
        "dvar2": 0.000418167677708,
        "max": 0.611328125,
        "mean": 0.074873380363,
        "median": 0.0654296875,
        "min": 0.005859375,
        "var": 0.00206308113411
    },
    "barkbands": {
        "dmean": [0.00110121874604, 0.00833155959845, 0.00287250312977, 0.00196956051514, 0.00194800726604, 0.00144447153434, 0.00128164049238, 0.000927145651076, 0.000958659918979, 0.000548748124857, 0.000374456838472, 0.000344839063473, 0.000301176012727, 0.000255245831795, 0.0002319074556, 0.000301073712762, 0.000326752022374, 0.000293698511086, 0.000316992372973, 9.18224322959e-05, 0.000141343538417, 0.000193344021682, 0.000105573526525, 0.000154889610712, 0.000109009015432, 4.05224600399e-05, 3.906746133e-05],
        "dmean2": [0.00186437577941, 0.0142790339887, 0.00486878491938, 0.0033628968522, 0.00331878266297, 0.00224433466792, 0.00206245179288, 0.00148547883146, 0.00144527549855, 0.00082444830332, 0.000603161868639, 0.000538519758265, 0.000493846077006, 0.000411812710809, 0.000360030448064, 0.000466770055937, 0.000512325146701, 0.000445729907369, 0.000477235123981, 0.000141079770401, 0.000215323452721, 0.000285605085082, 0.000159138420713, 0.000223882147111, 0.00015883721062, 5.70193806197e-05, 5.90469535382e-05],
        "dvar": [9.67034338828e-06, 0.000526903546415, 3.83120423066e-05, 1.46675174619e-05, 1.48497465489e-05, 1.11428798846e-05, 9.90600437945e-06, 6.52603330309e-06, 5.70083602724e-06, 2.09679819818e-06, 1.63572838119e-06, 7.79621132097e-07, 5.8159071159e-07, 2.61586194483e-07, 3.65148906667e-07, 3.90211681633e-07, 2.8792987905e-07, 2.86124702598e-07, 3.99381633542e-07, 4.40347669439e-08, 1.252183921e-07, 1.84949513482e-07, 4.38134755143e-08, 1.11298064098e-07, 5.19717922032e-08, 8.35964364398e-09, 1.16279643692e-08],
        "dvar2": [2.48761225521e-05, 0.0013868244132, 9.79409742285e-05, 3.98992633563e-05, 4.06672079407e-05, 2.52136669587e-05, 2.41200450546e-05, 1.57463546202e-05, 1.23912104755e-05, 4.47046613772e-06, 4.00312183046e-06, 1.76454261691e-06, 1.47300875142e-06, 6.64826302454e-07, 8.84585347194e-07, 9.01587611679e-07, 6.38797416741e-07, 5.87710530908e-07, 8.49175251005e-07, 9.6611159961e-08, 2.56222847383e-07, 3.67080389196e-07, 9.95779672053e-08, 2.08646753208e-07, 1.08256351439e-07, 1.63859059654e-08, 2.61636312615e-08],
        "max": [0.0254534576088, 0.18451911211, 0.0809797048569, 0.080078355968, 0.063557676971, 0.0721396580338, 0.0583204366267, 0.0585777424276, 0.0419866107404, 0.0466787777841, 0.0294207017869, 0.0172104910016, 0.0204583741724, 0.0135714942589, 0.0226577352732, 0.0128417089581, 0.0086881686002, 0.0101681631058, 0.0107125090435, 0.00709932437167, 0.00772434473038, 0.00964160542935, 0.00434091268107, 0.00732724461704, 0.00550708873197, 0.00134939653799, 0.00141719169915],
        "mean": [0.000863032415509, 0.00862221978605, 0.00362827000208, 0.00258757476695, 0.0030515214894, 0.00219019572251, 0.00163530756254, 0.00113257486373, 0.00135492021218, 0.000882988446392, 0.000488817051519, 0.000461351795821, 0.000383732229238, 0.000359777797712, 0.000332039402565, 0.000458853406599, 0.000521448964719, 0.000512552564032, 0.000502946961205, 0.000158357448527, 0.000246140698437, 0.000329841073835, 0.000206605895073, 0.000291614123853, 0.000192698629689, 6.30028807791e-05, 4.32224405813e-05],
        "median": [5.15274878126e-05, 0.00273197819479, 0.00177125749178, 0.00130015285686, 0.00167423149105, 0.000760423194151, 0.000531880068593, 0.000319271377521, 0.000357729266398, 0.000245630129939, 0.000152011372847, 0.000134728732519, 0.000123746256577, 0.000154678986291, 9.95194277493e-05, 0.000171294886968, 0.000255998136709, 0.000230059842579, 0.000176364876097, 5.94392913627e-05, 9.83336722129e-05, 0.000120239143143, 6.92767425789e-05, 9.26892462303e-05, 4.24459394708e-05, 8.70856820256e-06, 1.43759564253e-06],
        "min": [1.19914320218e-23, 1.36815176018e-23, 1.41900741393e-23, 6.29761426261e-24, 4.28293979352e-23, 4.40925819701e-23, 3.47074722262e-23, 4.71990594169e-23, 8.93572976494e-23, 3.86899576202e-23, 7.28722378101e-23, 3.74733037569e-23, 1.507744547e-22, 1.14307573375e-22, 1.68159156759e-22, 9.83900390041e-23, 1.70123622362e-22, 2.21051422174e-22, 1.55965651706e-22, 5.48672929177e-22, 3.40302780531e-22, 5.39709146887e-22, 8.36098603045e-22, 6.92436253209e-22, 1.22709951758e-21, 1.73677212286e-21, 2.63115671732e-21],
        "var": [7.50637718738e-06, 0.000388896820368, 3.55228112312e-05, 1.61037623911e-05, 1.93822961592e-05, 2.01771890715e-05, 1.19941596495e-05, 7.79834863351e-06, 9.82913752523e-06, 4.85275995743e-06, 1.91579943021e-06, 1.23984455058e-06, 6.83715882133e-07, 3.64728066415e-07, 5.2982102261e-07, 7.15210831004e-07, 5.37530297606e-07, 7.18273668099e-07, 7.76838362526e-07, 8.44953191859e-08, 2.37763359223e-07, 3.8991035467e-07, 1.14476669921e-07, 2.81267347191e-07, 1.1621933993e-07, 1.72370633322e-08, 1.47202481315e-08]
    },
    "erbbands": {
        "dmean": [0.310607254505, 1.68210184574, 3.51964879036, 4.65723085403, 6.59216833115, 6.69549465179, 8.75653934479, 13.1240692139, 15.359629631, 21.7433567047, 17.7132263184, 21.7461833954, 19.0920200348, 12.812787056, 14.9843931198, 13.3982067108, 13.5700483322, 12.1181211472, 11.3106927872, 13.2941274643, 16.4630947113, 17.2617797852, 14.5396184921, 19.6293487549, 9.08050823212, 4.35134983063, 4.8947262764, 6.46261119843, 6.36003112793, 5.24516677856, 3.10507702827, 3.23177647591, 2.57160902023, 1.42685472965, 0.671624779701, 0.220133587718, 0.0744783729315, 0.0266531240195, 0.00811097584665, 0.00031179090729],
        "dmean2": [0.53157556057, 2.95672297478, 6.02667093277, 7.9633307457, 11.3486471176, 11.4096431732, 14.0732374191, 20.2213687897, 24.3884773254, 35.1008682251, 27.9064731598, 32.5758056641, 28.9402370453, 19.3009605408, 23.5662536621, 21.0284442902, 21.8938083649, 19.395236969, 17.5921421051, 20.3801174164, 25.1322898865, 26.7920913696, 21.7127227783, 28.930147171, 13.4077835083, 6.58841562271, 7.37234306335, 9.85495758057, 9.37753391266, 7.90187215805, 4.67312574387, 4.7744550705, 3.74708724022, 2.10318350792, 0.989445567131, 0.312359333038, 0.106335572898, 0.0390523597598, 0.0123012578115, 0.000481146998936],
        "dvar": [0.775533497334, 22.2342586517, 65.6900634766, 75.8316421509, 196.958511353, 204.518798828, 343.770111084, 1240.46972656, 1527.31359863, 3239.00952148, 2236.62524414, 3134.50390625, 2575.45727539, 1166.14221191, 2539.18701172, 1187.54382324, 1164.45666504, 552.553833008, 604.820068359, 1195.66918945, 1037.24072266, 871.755859375, 694.638183594, 1459.81103516, 316.991424561, 98.9738082886, 138.767288208, 280.780792236, 205.615966797, 138.095367432, 35.5674934387, 48.0460357666, 30.7445049286, 9.74131202698, 2.15588593483, 0.231043070555, 0.0338535159826, 0.00492667639628, 0.000503412971739, 7.12212909093e-07],
        "dvar2": [1.99226748943, 61.4879722595, 171.28843689, 205.88911438, 552.240478516, 558.679504395, 827.151733398, 2700.07080078, 3693.60107422, 8038.04199219, 5233.25195312, 6815.11230469, 5668.09667969, 2452.28369141, 6179.83154297, 2796.34057617, 2932.64306641, 1366.59997559, 1450.13513184, 2910.66235352, 2323.77612305, 1933.9263916, 1431.2956543, 3039.14086914, 662.280639648, 215.096954346, 285.75402832, 575.677062988, 403.846405029, 295.805206299, 81.3185043335, 95.4339981079, 59.2455673218, 20.1946296692, 4.68896627426, 0.470337808132, 0.0682998225093, 0.0107124252245, 0.00114242406562, 1.64384834989e-06],
        "max": [6.55529212952, 38.2913360596, 83.5815200806, 154.276306152, 262.543365479, 322.078765869, 441.499328613, 802.635437012, 889.65612793, 1041.28271484, 873.50567627, 1006.58837891, 1841.80419922, 1096.93713379, 1331.43676758, 709.279968262, 1024.65148926, 385.3515625, 450.005310059, 1479.86035156, 738.70526123, 481.373474121, 685.125915527, 764.671386719, 406.701141357, 288.664916992, 269.479034424, 382.354217529, 338.831268311, 238.9506073, 139.437576294, 158.397415161, 108.709625244, 74.5193328857, 30.5324745178, 7.5412273407, 3.33775877953, 1.11816382408, 0.34304279089, 0.0115600042045],
        "mean": [0.302685081959, 1.72869181633, 4.27240562439, 6.49335479736, 9.26857662201, 10.3335456848, 13.2829551697, 19.4028091431, 20.9940910339, 27.7352390289, 23.9033222198, 31.3793773651, 31.1699676514, 20.9831218719, 21.9446640015, 18.8066539764, 18.3635463715, 17.8685684204, 17.581199646, 19.9856472015, 27.3725242615, 28.79737854, 27.0435066223, 32.5227355957, 15.9978103638, 7.75341510773, 8.72911739349, 10.7309989929, 10.7752809525, 9.28500366211, 6.08903694153, 5.91511631012, 4.78436994553, 2.56333899498, 1.11191964149, 0.360970824957, 0.108509175479, 0.0340738631785, 0.00887164846063, 0.000356346805347],
        "median": [0.0689541250467, 0.583160102367, 2.06448101997, 3.96935391426, 5.39157533646, 5.22595214844, 5.76294994354, 6.24238777161, 7.15775203705, 9.00717067719, 8.23549461365, 9.0942401886, 8.65715885162, 7.16375923157, 6.88219022751, 6.30035591125, 6.53673458099, 7.94123363495, 6.94603252411, 6.41569805145, 11.3005390167, 14.3233556747, 12.9163789749, 12.434720993, 6.72433948517, 3.20151734352, 3.49214720726, 4.04832363129, 3.98335313797, 3.06097865105, 2.06073236465, 2.02399086952, 1.38229322433, 0.613177001476, 0.217967569828, 0.0582266263664, 0.0121986344457, 0.00259862095118, 0.000303021632135, 5.36844017915e-05],
        "min": [3.35534930464e-22, 3.79309566779e-21, 1.20615155227e-20, 1.95985728146e-20, 9.06588400394e-20, 1.3867467127e-19, 2.24621205532e-19, 4.30342161247e-19, 5.74691175197e-19, 5.57360914183e-19, 1.64993932435e-18, 1.94810546833e-18, 9.67999840034e-19, 2.46310025949e-18, 1.70845935415e-18, 2.69074284561e-18, 6.61414899927e-18, 6.31628622378e-18, 7.46017237259e-18, 6.4690970886e-18, 7.3582306339e-18, 9.76355025965e-18, 8.61818800704e-18, 1.24712308691e-17, 8.93007480264e-18, 2.69197658549e-17, 2.0537865597e-17, 1.31080573703e-17, 1.95141187468e-17, 2.05231798324e-17, 2.38294008885e-17, 1.26128714869e-17, 1.5206979371e-17, 1.32982807871e-17, 8.54330169182e-18, 5.95994756924e-18, 3.40734202477e-18, 1.43454263021e-18, 3.73724207408e-19, 3.5200092587e-20],
        "var": [0.589197576046, 15.003619194, 55.5228919983, 75.1926727295, 186.258514404, 282.065734863, 544.066040039, 2124.92553711, 1932.70410156, 3749.01416016, 2904.40966797, 5357.50390625, 5867.77734375, 2376.17675781, 3706.93237305, 1643.20617676, 1394.27819824, 793.981262207, 999.852172852, 1824.68054199, 2097.46630859, 1617.91577148, 1821.92358398, 3075.18774414, 737.404663086, 194.366912842, 298.3309021, 477.957489014, 427.579284668, 294.976165771, 97.2724227905, 112.299758911, 76.0304031372, 21.6189956665, 4.22026395798, 0.499508500099, 0.0611878335476, 0.00732233654708, 0.000622663355898, 8.49177126838e-07]
    },
    "gfcc": {
        "mean": [12.870675087, 73.08543396, -106.522209167, 34.7761001587, -58.3236923218, 12.4922132492, -39.8443641663, 11.024189949, -18.7004680634, -5.29081058502, -14.5841255188, -1.12730252743, -12.7319879532],
        "cov": [[5840.88378906, -656.861328125, 1066.42456055, 534.629211426, -30.1738319397, 166.165863037, -41.4051017761, 185.863723755, 66.6560134888, 84.256072998, 63.1381835938, 137.241577148, -84.8950958252], [-656.861328125, 1504.36572266, -227.553741455, 295.964202881, 67.4442825317, -94.1475830078, 44.9657478333, -35.4428863525, 67.6695480347, -146.013458252, 121.688926697, -38.9355773926, 61.8907699585], [1066.42456055, -227.553741455, 1503.56286621, 416.539672852, 168.421295166, 173.111618042, -48.672706604, 1.48708212376, -27.473897934, 70.6467437744, 29.3535556793, 54.3729934692, 2.02910709381], [534.629211426, 295.964202881, 416.539672852, 720.019470215, 31.7622318268, 110.613273621, -17.4747524261, 49.9516487122, 77.7730026245, 39.1897354126, 72.71118927, -2.39154458046, 45.04114151], [-30.1738319397, 67.4442825317, 168.421295166, 31.7622318268, 339.411132812, 21.8618373871, 1.65679609776, -4.68252134323, 46.8371696472, 58.238910675, 0.24128267169, -5.8997168541, 14.617023468], [166.165863037, -94.1475830078, 173.111618042, 110.613273621, 21.8618373871, 245.86517334, 115.845680237, 53.5024490356, 0.520974099636, 38.4449234009, -4.6366071701, 6.16091871262, 14.3915529251], [-41.4051017761, 44.9657478333, -48.672706604, -17.4747524261, 1.65679609776, 115.845680237, 323.114501953, 87.5724182129, 2.7354786396, -3.67505526543, 2.39972472191, 27.5815868378, 12.5413999557], [185.863723755, -35.4428863525, 1.48708212376, 49.9516487122, -4.68252134323, 53.5024490356, 87.5724182129, 150.158050537, 31.3283863068, 10.3265314102, 9.15886211395, 15.5896472931, 0.866425693035], [66.6560134888, 67.6695480347, -27.473897934, 77.7730026245, 46.8371696472, 0.520974099636, 2.7354786396, 31.3283863068, 142.79637146, 38.4519309998, 22.2946376801, -0.044729899615, 3.24473237991], [84.256072998, -146.013458252, 70.6467437744, 39.1897354126, 58.238910675, 38.4449234009, -3.67505526543, 10.3265314102, 38.4519309998, 143.182449341, 2.55857825279, 7.1253156662, 6.10919046402], [63.1381835938, 121.688926697, 29.3535556793, 72.71118927, 0.24128267169, -4.6366071701, 2.39972472191, 9.15886211395, 22.2946376801, 2.55857825279, 101.638015747, 13.4432525635, -2.54878759384], [137.241577148, -38.9355773926, 54.3729934692, -2.39154458046, -5.8997168541, 6.16091871262, 27.5815868378, 15.5896472931, -0.044729899615, 7.1253156662, 13.4432525635, 84.7956008911, 20.1677379608], [-84.8950958252, 61.8907699585, 2.02910709381, 45.04114151, 14.617023468, 14.3915529251, 12.5413999557, 0.866425693035, 3.24473237991, 6.10919046402, -2.54878759384, 20.1677379608, 87.0409317017]],
        "icov": [[0.000235335392063, 0.000105833467387, -0.000106111205241, -0.000155081652338, 4.22114244429e-05, 1.58918101079e-05, 5.87847498537e-05, -0.000205681746593, -8.86881753104e-05, 8.72088930919e-05, -4.70705381304e-05, -0.000317070400342, 0.00029013864696], [0.000105833467387, 0.00123986857943, 0.000221894049901, -0.000701460056007, -0.000466290453915, 0.000497265136801, -0.000453001004644, 0.000468422309496, -0.000341856328305, 0.00141119258478, -0.00115244137123, 0.000431424588896, -0.000583895249292], [-0.000106111205241, 0.000221894049901, 0.00112504092976, -0.000663186074235, -0.0006522545591, -0.000485851051053, 0.000211980077438, 0.000358234654414, 0.000632718671113, 0.00014292675769, -0.000152637352585, -0.000677410862409, 0.000330306764226], [-0.000155081652338, -0.000701460056007, -0.000663186074235, 0.00263354065828, 0.000561518303584, -0.000931983697228, 0.000603133928962, -0.000658432894852, -0.000887715490535, -0.00067719159415, -0.000692248344421, 0.000904440472368, -0.00116956338752], [4.22114244429e-05, -0.000466290453915, -0.0006522545591, 0.000561518303584, 0.00377587601542, -5.21097426827e-05, -6.53858151054e-05, 8.64565736265e-05, -0.00112789496779, -0.00157656823285, 0.000497519271448, 0.000592994503677, -0.000489681493491], [1.58918101079e-05, 0.000497265136801, -0.000485851051053, -0.000931983697228, -5.21097426827e-05, 0.00645910855383, -0.0024075822439, -0.000675651244819, 0.000569443334825, -0.000916357093956, 0.000344669737387, 0.00112512055784, -0.000757582951337], [5.87847498537e-05, -0.000453001004644, 0.000211980077438, 0.000603133928962, -6.53858151054e-05, -0.0024075822439, 0.00482727540657, -0.00226508034393, 0.000259654858382, 0.000190088147065, 0.000129347448819, -0.00147028570063, 0.000119894080854], [-0.000205681746593, 0.000468422309496, 0.000358234654414, -0.000658432894852, 8.64565736265e-05, -0.000675651244819, -0.00226508034393, 0.00923371966928, -0.00179501634557, 0.000533544400241, -0.000399947050028, -0.000660010031424, 0.000301013700664], [-8.86881753104e-05, -0.000341856328305, 0.000632718671113, -0.000887715490535, -0.00112789496779, 0.000569443334825, 0.000259654858382, -0.00179501634557, 0.00934765860438, -0.00243519456126, -0.000863868917804, -8.96505735e-05, 0.000494838168379], [8.72088930919e-05, 0.00141119258478, 0.00014292675769, -0.00067719159415, -0.00157656823285, -0.000916357093956, 0.000190088147065, 0.000533544400241, -0.00243519456126, 0.0100614055991, -0.00109001423698, -0.00029874095344, -0.000765814387705], [-4.70705381304e-05, -0.00115244137123, -0.000152637352585, -0.000692248344421, 0.000497519271448, 0.000344669737387, 0.000129347448819, -0.000399947050028, -0.000863868917804, -0.00109001423698, 0.0124627826735, -0.00271358364262, 0.00208252016455], [-0.000317070400342, 0.000431424588896, -0.000677410862409, 0.000904440472368, 0.000592994503677, 0.00112512055784, -0.00147028570063, -0.000660010031424, -8.96505735e-05, -0.00029874095344, -0.00271358364262, 0.0150935258716, -0.00468782708049], [0.00029013864696, -0.000583895249292, 0.000330306764226, -0.00116956338752, -0.000489681493491, -0.000757582951337, 0.000119894080854, 0.000301013700664, 0.000494838168379, -0.000765814387705, 0.00208252016455, -0.00468782708049, 0.0141542255878]]
    },
    "melbands": {
        "dmean": [0.00248953723349, 0.00194227613974, 0.000863710127305, 0.000466996774776, 0.000296503450954, 0.000285300891846, 0.000244658760494, 0.00023446934938, 0.0001473853481, 0.000138954594149, 9.70092005446e-05, 5.48591415281e-05, 5.22209666087e-05, 3.93691516365e-05, 3.53661816916e-05, 2.670844151e-05, 2.40187619056e-05, 1.94028507394e-05, 1.80426577572e-05, 1.93265022972e-05, 2.0881438104e-05, 1.96434903046e-05, 1.54190202011e-05, 1.4032020772e-05, 1.76557186933e-05, 1.03355478132e-05, 3.39961297868e-06, 3.03219167108e-06, 3.09104893859e-06, 3.44379122907e-06, 4.16263583247e-06, 3.73071611648e-06, 4.12569306718e-06, 2.44583384301e-06, 1.81333530236e-06, 1.79227424724e-06, 2.35234460888e-06, 2.05630817618e-06, 1.55516215727e-06, 1.17295485325e-06],
        "dmean2": [0.00422730995342, 0.00337422918528, 0.00146779045463, 0.000800693116616, 0.000480510498164, 0.000440873787738, 0.000390202796552, 0.000378302502213, 0.00022974346939, 0.000208628101973, 0.000148191902554, 8.29969940241e-05, 8.31961660879e-05, 6.1492108216e-05, 5.6990334997e-05, 4.34401954408e-05, 3.8840702473e-05, 3.08922935801e-05, 2.79058986052e-05, 3.02354019368e-05, 3.22254854837e-05, 3.08678791043e-05, 2.42295554926e-05, 2.11747319554e-05, 2.62864232354e-05, 1.55364796228e-05, 5.18112392456e-06, 4.66875098937e-06, 4.71157363791e-06, 5.35353274245e-06, 6.3812526605e-06, 5.57096791454e-06, 6.27426152278e-06, 3.75655122298e-06, 2.77168282992e-06, 2.73218574876e-06, 3.50320874531e-06, 3.04395052808e-06, 2.32461229643e-06, 1.76875823854e-06],
        "dvar": [4.73765758215e-05, 2.29576126003e-05, 2.59738840214e-06, 9.28793895127e-07, 3.56862898343e-07, 5.25231200754e-07, 3.64187570767e-07, 3.68672488094e-07, 1.48778681819e-07, 1.27306478248e-07, 6.68491324518e-08, 2.23183835857e-08, 3.40518901965e-08, 1.08296900336e-08, 8.59773763295e-09, 4.22155821411e-09, 2.30762564613e-09, 1.84327964003e-09, 2.45902542773e-09, 1.99392413691e-09, 1.6485305343e-09, 1.17701626223e-09, 9.06367592091e-10, 7.26886828506e-10, 1.29751420719e-09, 4.78779793589e-10, 5.03643411698e-11, 5.36795087547e-11, 5.79924476496e-11, 7.74396727299e-11, 1.15573307868e-10, 7.51876755301e-11, 8.8762379391e-11, 3.22271723197e-11, 1.30910820378e-11, 1.31339297077e-11, 2.70250939682e-11, 1.95636735978e-11, 1.20738948353e-11, 7.00191987724e-12],
        "dvar2": [0.000121582241263, 6.2124163378e-05, 7.06962327968e-06, 2.57859369412e-06, 8.72378734584e-07, 1.15979332804e-06, 8.76604246969e-07, 9.11463075681e-07, 3.41614168065e-07, 2.7658251156e-07, 1.47335896372e-07, 4.6351328109e-08, 8.32175004462e-08, 2.46496671963e-08, 2.07662438356e-08, 1.0308596643e-08, 5.79571191039e-09, 4.5496038048e-09, 5.94101834395e-09, 4.69092542588e-09, 3.79367781633e-09, 2.62498622838e-09, 2.09490158554e-09, 1.46846146354e-09, 2.76222444917e-09, 1.02035857541e-09, 1.0841148812e-10, 1.19708798429e-10, 1.23129562102e-10, 1.66088295894e-10, 2.36770880679e-10, 1.52444612489e-10, 1.8610510355e-10, 7.33832924982e-11, 3.08342518185e-11, 2.93053359357e-11, 5.43697760425e-11, 3.91970587932e-11, 2.42894922925e-11, 1.54960714399e-11],
        "max": [0.0517740659416, 0.0373336076736, 0.0276341158897, 0.0150165995583, 0.0127745717764, 0.0161602068692, 0.0134843811393, 0.0116652622819, 0.0080932462588, 0.00676402961835, 0.00912238843739, 0.00500457268208, 0.0044874320738, 0.00224587181583, 0.00195937277749, 0.00159837305546, 0.000903720734641, 0.0010101016378, 0.00175703724381, 0.00105886871461, 0.000940580735914, 0.000516762898769, 0.000533300393727, 0.000692791421898, 0.000733881082851, 0.000452095555374, 0.000166790254298, 0.00021178330644, 0.000230848847423, 0.000203677205718, 0.000243616654188, 0.000226250733249, 0.000210280239116, 0.000135601963848, 0.000104781887785, 7.1638256486e-05, 0.000122933430248, 9.28550070967e-05, 7.18796654837e-05, 6.71757152304e-05],
        "mean": [0.00254334439524, 0.00225388677791, 0.00124246953055, 0.000714565161616, 0.000470278144348, 0.000427424849477, 0.000328621565131, 0.000296088226605, 0.000196390785277, 0.000196401655558, 0.000153955610585, 8.54973259266e-05, 7.16444701538e-05, 5.50114818907e-05, 4.61902600364e-05, 3.526895307e-05, 3.32601048285e-05, 2.82585988316e-05, 2.5369834475e-05, 2.85988444375e-05, 3.29218783008e-05, 3.05413996102e-05, 2.52202244155e-05, 2.47413572652e-05, 2.73828609352e-05, 1.62344713317e-05, 5.93532195126e-06, 4.83225494463e-06, 5.12434417033e-06, 5.81417589274e-06, 6.45238151264e-06, 5.90571789871e-06, 6.7180762926e-06, 4.20708647653e-06, 3.41551617566e-06, 3.13379223371e-06, 3.98401198254e-06, 3.58372585652e-06, 2.74417561741e-06, 1.94553081201e-06],
        "median": [0.000722090306226, 0.00107646815013, 0.000780406291597, 0.000414442765759, 0.00022060702031, 0.0001422437781, 0.000111469787953, 9.19734011404e-05, 6.09878588875e-05, 5.2244784456e-05, 4.01539145969e-05, 2.74521626125e-05, 2.24712366617e-05, 1.56848527695e-05, 1.4249761989e-05, 1.2572047126e-05, 1.35686723297e-05, 1.07661198854e-05, 6.99960355632e-06, 9.98613177217e-06, 1.29585041577e-05, 1.42925437103e-05, 1.11846156869e-05, 1.10364262582e-05, 9.25409949559e-06, 5.66823382542e-06, 2.10658163269e-06, 1.80091046786e-06, 1.85873579994e-06, 2.3520758532e-06, 2.2436065592e-06, 2.09985205402e-06, 2.18381637751e-06, 1.2969449017e-06, 1.0875105545e-06, 1.04517255295e-06, 1.25553935959e-06, 1.00154682059e-06, 7.13915198958e-07, 4.29708506999e-07],
        "min": [5.02806924783e-24, 6.14710472949e-24, 5.85597876786e-24, 7.95028298664e-24, 8.25433127876e-24, 1.00915733387e-23, 7.52075216805e-24, 7.07321481044e-24, 1.66634449557e-23, 1.03890851293e-23, 4.60954816646e-24, 9.53130460225e-24, 7.55181435506e-24, 4.06635708536e-24, 1.44045180878e-23, 1.25270725207e-23, 1.11399308275e-23, 1.11191601199e-23, 1.05680043046e-23, 6.89458593592e-24, 9.05927311353e-24, 9.51061514729e-24, 1.09727199257e-23, 7.61000389087e-24, 1.03575843356e-23, 5.66822277267e-24, 9.30315813985e-24, 2.01253957482e-23, 1.44812600544e-23, 9.42224142666e-24, 6.7776499285e-24, 1.27653298133e-23, 7.97786550819e-24, 1.2551877463e-23, 1.4921124162e-23, 9.88777822354e-24, 6.69378060364e-24, 9.68261680134e-24, 1.17376065592e-23, 1.11922378276e-23],
        "var": [3.63911967725e-05, 1.70929597516e-05, 2.63539754997e-06, 1.06293487079e-06, 5.79805771395e-07, 9.14126474072e-07, 4.62350556063e-07, 4.3314071263e-07, 2.02485793466e-07, 2.21448615889e-07, 1.50083366179e-07, 4.50331718582e-08, 4.13504537278e-08, 1.87263378137e-08, 1.1145363743e-08, 5.09016429007e-09, 3.13714698663e-09, 2.78465095427e-09, 3.49609852179e-09, 3.37213190704e-09, 3.12022274684e-09, 2.04552530469e-09, 1.73736236508e-09, 1.84179516083e-09, 2.54717180681e-09, 9.14653797146e-10, 1.21738077952e-10, 9.52474973892e-11, 1.17747200878e-10, 1.38096076241e-10, 1.893097068e-10, 1.40487288469e-10, 1.78575265686e-10, 6.35174482455e-11, 3.3794508858e-11, 2.88564849099e-11, 5.8526135327e-11, 4.45522889414e-11, 2.73740682899e-11, 1.34780277217e-11]
    },
    "mfcc": {
        "mean": [-632.730163574, 104.28578186, 9.78410339355, 20.8095817566, 8.63806819916, -0.0569981895387, -4.85099601746, 8.93897819519, -0.116552211344, -3.15547704697, 2.97839641571, 0.2353040874, -5.70981264114],
        "cov": [[5060.79833984, -626.66015625, 666.233764648, 332.831848145, 134.284683228, 37.7561302185, -9.74404430389, 171.075866699, 14.8622512817, -13.8559741974, 146.75944519, 160.388961792, 25.7860565186], [-626.66015625, 1038.54663086, -202.74887085, 103.615402222, 38.4516372681, -37.28282547, -11.0676517487, 50.6930618286, -42.8420410156, -66.1170883179, -5.58362054825, 0.345382422209, -24.5842456818], [666.233764648, -202.74887085, 1219.32336426, 354.003143311, 263.397277832, 162.401397705, 114.588050842, 42.9196853638, 6.36128091812, -25.3588790894, 7.45237112045, 87.4530563354, 19.8128852844], [332.831848145, 103.615402222, 354.003143311, 480.426544189, 190.842788696, 84.4672164917, 13.6777601242, 25.4319534302, 23.1645946503, 13.2111387253, 40.3961982727, 41.8797416687, 22.4491024017], [134.284683228, 38.4516372681, 263.397277832, 190.842788696, 409.635955811, 70.6861572266, -47.8937606812, -67.6831741333, -5.04351615906, 23.7816047668, 15.6614074707, 10.7217111588, 9.49176692963], [37.7561302185, -37.28282547, 162.401397705, 84.4672164917, 70.6861572266, 215.775634766, 82.9465637207, 0.954457104206, 67.8215560913, 30.3351821899, 18.3109226227, 46.5024833679, 13.3037242889], [-9.74404430389, -11.0676517487, 114.588050842, 13.6777601242, -47.8937606812, 82.9465637207, 237.070404053, 79.8605728149, 54.2714729309, 35.1372489929, 1.75018763542, 30.3177013397, 12.5170812607], [171.075866699, 50.6930618286, 42.9196853638, 25.4319534302, -67.6831741333, 0.954457104206, 79.8605728149, 191.483886719, 40.1215820312, 4.44993782043, 30.7555522919, 22.2248687744, 5.25232934952], [14.8622512817, -42.8420410156, 6.36128091812, 23.1645946503, -5.04351615906, 67.8215560913, 54.2714729309, 40.1215820312, 149.235900879, 48.9001159668, 14.4322986603, 15.8726234436, 1.19787395], [-13.8559741974, -66.1170883179, -25.3588790894, 13.2111387253, 23.7816047668, 30.3351821899, 35.1372489929, 4.44993782043, 48.9001159668, 123.757904053, 38.0670051575, 3.56997537613, 14.1640033722], [146.75944519, -5.58362054825, 7.45237112045, 40.3961982727, 15.6614074707, 18.3109226227, 1.75018763542, 30.7555522919, 14.4322986603, 38.0670051575, 114.592155457, 40.2211265564, 4.69274330139], [160.388961792, 0.345382422209, 87.4530563354, 41.8797416687, 10.7217111588, 46.5024833679, 30.3177013397, 22.2248687744, 15.8726234436, 3.56997537613, 40.2211265564, 111.760559082, 13.8750514984], [25.7860565186, -24.5842456818, 19.8128852844, 22.4491024017, 9.49176692963, 13.3037242889, 12.5170812607, 5.25232934952, 1.19787395, 14.1640033722, 4.69274330139, 13.8750514984, 90.0113449097]],
