{
"lowlevel": {
    "average_loudness": 0.891918241978,
    "barkbands_crest": {
        "dmean": 2.51606035233,
        "dmean2": 4.20573472977,
        "dvar": 4.79950237274,
        "dvar2": 12.9802188873,
        "max": 25.3293762207,
        "mean": 8.81354618073,
        "median": 7.75771045685,
        "min": 2.64834046364,
        "var": 16.1791744232
    },
    "barkbands_flatness_db": {
        "dmean": 0.0163781605661,
        "dmean2": 0.0259777121246,
        "dvar": 0.000193582483917,
        "dvar2": 0.000495285843499,
        "max": 0.283477604389,
        "mean": 0.0952507331967,
        "median": 0.0869918912649,
        "min": 0.0213619116694,
        "var": 0.00142769666854
    },
    "barkbands_kurtosis": {
        "dmean": 1.26915287971,
        "dmean2": 2.05857992172,
        "dvar": 4.09734010696,
        "dvar2": 10.2974681854,
        "max": 70.3773422241,
        "mean": 0.950296998024,
        "median": 0.0829529762268,
        "min": -1.85589122772,
        "var": 11.0521717072
    },
    "barkbands_skewness": {
        "dmean": 0.394208282232,
        "dmean2": 0.617791235447,
        "dvar": 0.138057738543,
        "dvar2": 0.33449074626,
        "max": 7.5984210968,
        "mean": 0.855729043484,
        "median": 0.765333652496,
        "min": -2.03032255173,
        "var": 0.629833996296
    },
    "barkbands_spread": {
        "dmean": 5.96350002289,
        "dmean2": 9.36006069183,
        "dvar": 34.845287323,
        "dvar2": 80.9229888916,
        "max": 89.5666427612,
        "mean": 29.663225174,
        "median": 29.6020145416,
        "min": 1.72860717773,
        "var": 162.575408936
    },
    "dissonance": {
        "dmean": 0.0163049083203,
        "dmean2": 0.027625836432,
        "dvar": 0.000287950591883,
        "dvar2": 0.000807688513305,
        "max": 0.500000059605,
        "mean": 0.470331668854,
        "median": 0.476671099663,
        "min": 0.196731686592,
        "var": 0.000594057142735
    },
    "dynamic_complexity": 2.29026436806,
    "erbbands_crest": {
        "dmean": 2.54463410378,
        "dmean2": 4.10251998901,
        "dvar": 5.90381336212,
        "dvar2": 13.9112071991,
        "max": 32.58543396,
        "mean": 9.59917259216,
        "median": 7.9458322525,
        "min": 2.28251600266,
        "var": 32.5018730164
    },
    "erbbands_flatness_db": {
        "dmean": 0.0166362524033,
        "dmean2": 0.0236764121801,
        "dvar": 0.000217430235352,
        "dvar2": 0.000428784580436,
        "max": 0.334770590067,
        "mean": 0.145835623145,
        "median": 0.138173401356,
        "min": 0.0429938919842,
        "var": 0.00273320241831
    },
    "erbbands_kurtosis": {
        "dmean": 0.821324050426,
        "dmean2": 1.29741060734,
        "dvar": 1.90474283695,
        "dvar2": 4.47133255005,
        "max": 29.7718734741,
        "mean": 0.509178996086,
        "median": -0.301114797592,
        "min": -1.77448260784,
        "var": 8.13297843933
    },
    "erbbands_skewness": {
        "dmean": 0.308182507753,
        "dmean2": 0.480206876993,
        "dvar": 0.0797444880009,
        "dvar2": 0.190350711346,
        "max": 3.9481549263,
        "mean": 0.17352373898,
        "median": 0.0546429380774,
        "min": -1.89331507683,
        "var": 0.540732443333
    },
    "erbbands_spread": {
        "dmean": 6.75993251801,
        "dmean2": 10.3408889771,
        "dvar": 49.8144950867,
        "dvar2": 108.940948486,
        "max": 127.116111755,
        "mean": 36.1746482849,
        "median": 34.5688858032,
        "min": 2.58635926247,
        "var": 284.872497559
    },
    "hfc": {
        "dmean": 6.33075046539,
        "dmean2": 9.29899501801,
        "dvar": 47.7804069519,
        "dvar2": 98.0927810669,
        "max": 112.88457489,
        "mean": 27.3164176941,
        "median": 23.7741394043,
        "min": 1.21291994613e-16,
        "var": 298.83001709
    },
    "melbands_crest": {
        "dmean": 3.10066366196,
        "dmean2": 5.13591194153,
        "dvar": 6.57258892059,
        "dvar2": 17.8195590973,
        "max": 34.4923095703,
        "mean": 12.1036090851,
        "median": 11.3295068741,
        "min": 2.03976488113,
        "var": 20.3079948425
    },
    "melbands_flatness_db": {
        "dmean": 0.0209745485336,
        "dmean2": 0.033838186413,
        "dvar": 0.000315719720675,
        "dvar2": 0.000840502616484,
        "max": 0.352267771959,
        "mean": 0.152498409152,
        "median": 0.147806987166,
        "min": 0.00764688989148,
        "var": 0.00145502306987
    },
    "melbands_kurtosis": {
        "dmean": 3.51145768166,
        "dmean2": 5.67277812958,
        "dvar": 27.7368545532,
        "dvar2": 70.6815490723,
        "max": 115.488586426,
        "mean": 5.86484575272,
        "median": 3.16468715668,
        "min": -1.45555508137,
        "var": 65.9714889526
    },
    "melbands_skewness": {
        "dmean": 0.574276685715,
        "dmean2": 0.903095722198,
        "dvar": 0.311931431293,
        "dvar2": 0.764185607433,
        "max": 8.56998825073,
        "mean": 1.82083272934,
        "median": 1.65393054485,
        "min": -1.33908808231,
        "var": 1.54731523991
    },
    "melbands_spread": {
        "dmean": 7.97890710831,
        "dmean2": 12.5682086945,
        "dvar": 58.9202308655,
        "dvar2": 136.262252808,
        "max": 152.111068726,
        "mean": 33.8675765991,
        "median": 32.169380188,
        "min": 1.76505875587,
        "var": 247.786254883
    },
    "pitch_salience": {
        "dmean": 0.0646247267723,
        "dmean2": 0.106322564185,
        "dvar": 0.00285247294232,
        "dvar2": 0.00776618625969,
        "max": 0.942278206348,
        "mean": 0.552235782146,
        "median": 0.553240180016,
        "min": 0.146260023117,
        "var": 0.0106511618942
    },
    "silence_rate_20dB": {
        "dmean": 0,
        "dmean2": 0,
        "dvar": 0,
        "dvar2": 0,
        "max": 1,
        "mean": 1,
        "median": 1,
        "min": 1,
        "var": 0
    },
    "silence_rate_30dB": {
        "dmean": 0,
        "dmean2": 0,
        "dvar": 0,
        "dvar2": 0,
        "max": 1,
        "mean": 1,
        "median": 1,
        "min": 1,
        "var": 0
    },
    "silence_rate_60dB": {
        "dmean": 0.0139930034056,
        "dmean2": 0.0279895048589,
        "dvar": 0.0137994969264,
        "dvar2": 0.0324537940323,
        "max": 1,
        "mean": 0.0322298556566,
        "median": 0,
        "min": 0,
        "var": 0.0311900340021
    },
    "spectral_centroid": {
        "dmean": 255.034942627,
        "dmean2": 396.028076172,
        "dvar": 68677.484375,
        "dvar2": 136634,
        "max": 10803.0449219,
        "mean": 1891.94702148,
        "median": 1853.29968262,
        "min": 325.177215576,
        "var": 333463.71875
    },
    "spectral_complexity": {
        "dmean": 3.31284356117,
        "dmean2": 5.31250762939,
        "dvar": 8.98657226562,
        "dvar2": 21.301240921,
        "max": 51,
        "mean": 22.7871322632,
        "median": 23,
        "min": 0,
        "var": 65.0241317749
    },
    "spectral_decrease": {
        "dmean": 1.69119207527e-09,
        "dmean2": 2.75886669066e-09,
        "dvar": 3.6759943645e-18,
        "dvar2": 9.52595834513e-18,
        "max": 5.73741602207e-30,
        "mean": -5.59646951004e-09,
        "median": -5.26287280422e-09,
        "min": -2.11785877724e-08,
        "var": 1.01250232243e-17
    },
    "spectral_energy": {
        "dmean": 0.00678305281326,
        "dmean2": 0.0109798433259,
        "dvar": 5.80101368541e-05,
        "dvar2": 0.000148643375724,
        "max": 0.0856322869658,
        "mean": 0.0235999990255,
        "median": 0.0222221575677,
        "min": 1.10825084936e-20,
        "var": 0.000175644439878
    },
    "spectral_energyband_high": {
        "dmean": 0.000501700269524,
        "dmean2": 0.000734300294425,
        "dvar": 4.1757971303e-07,
        "dvar2": 8.64121034283e-07,
        "max": 0.0101779550314,
        "mean": 0.0014313358115,
        "median": 0.00100205803756,
        "min": 8.00857609042e-21,
        "var": 1.89356114788e-06
    },
    "spectral_energyband_low": {
        "dmean": 0.00367134134285,
        "dmean2": 0.00618862686679,
        "dvar": 2.43871218117e-05,
        "dvar2": 6.60043151584e-05,
        "max": 0.0468801185489,
        "mean": 0.00584019813687,
        "median": 0.00461480533704,
        "min": 8.99094813504e-23,
        "var": 3.40547121596e-05
    },
    "spectral_energyband_middle_high": {
        "dmean": 0.00269732717425,
        "dmean2": 0.00402292655781,
        "dvar": 1.48451044879e-05,
        "dvar2": 3.28271344188e-05,
        "max": 0.0631236955523,
        "mean": 0.00927337445319,
        "median": 0.00556193012744,
        "min": 1.47756974648e-21,
        "var": 8.65754918777e-05
    },
    "spectral_energyband_middle_low": {
        "dmean": 0.00324735604227,
        "dmean2": 0.00538361491635,
        "dvar": 2.11296410271e-05,
        "dvar2": 5.66554554098e-05,
        "max": 0.0589459985495,
        "mean": 0.00783357862383,
        "median": 0.00657811760902,
        "min": 1.85230838811e-22,
        "var": 3.30873117491e-05
    },
    "spectral_entropy": {
        "dmean": 0.126156821847,
        "dmean2": 0.179522588849,
        "dvar": 0.0136030334979,
        "dvar2": 0.0259246248752,
        "max": 9.80107593536,
        "mean": 7.69375324249,
        "median": 7.74678945541,
        "min": 5.99401378632,
        "var": 0.144996806979
    },
    "spectral_flux": {
        "dmean": 0.0203902292997,
        "dmean2": 0.0328582450747,
        "dvar": 0.000398644799134,
        "dvar2": 0.00093917112099,
        "max": 0.227112233639,
        "mean": 0.0876342579722,
        "median": 0.0838184133172,
        "min": 1.05565764463e-10,
        "var": 0.00135106628295
    },
    "spectral_kurtosis": {
        "dmean": 0.925430595875,
        "dmean2": 1.5266264677,
        "dvar": 0.833820581436,
        "dvar2": 2.28721928596,
        "max": 18.1747760773,
        "mean": 4.37466716766,
        "median": 4.21853399277,
        "min": -1.16988706589,
        "var": 3.19194149971
    },
    "spectral_rms": {
        "dmean": 0.00066080619581,
        "dmean2": 0.00105535343755,
        "dvar": 4.19298118004e-07,
        "dvar2": 1.05152423657e-06,
        "max": 0.00914022419602,
        "mean": 0.00458071753383,
        "median": 0.0046561951749,
        "min": 3.28819155064e-12,
        "var": 2.04138200388e-06
    },
    "spectral_rolloff": {
        "dmean": 594.933227539,
        "dmean2": 981.300231934,
        "dvar": 707034.0625,
        "dvar2": 1605819,
        "max": 19035.3515625,
        "mean": 2190.60986328,
        "median": 1981.0546875,
        "min": 129.19921875,
        "var": 1618023.25
    },
    "spectral_skewness": {
        "dmean": 0.142828896642,
        "dmean2": 0.230843961239,
        "dvar": 0.0170164741576,
        "dvar2": 0.0416600294411,
        "max": 3.17621183395,
        "mean": 1.51347386837,
        "median": 1.49756884575,
        "min": 0.00983121152967,
        "var": 0.0898453369737
    },
    "spectral_spread": {
        "dmean": 521539.6875,
        "dmean2": 720345.875,
        "dvar": 610478391296,
        "dvar2": 821616246784,
        "max": 39919316,
        "mean": 4796818,
        "median": 4513561.5,
        "min": 2094750.5,
        "var": 2.13753921536e+12
    },
    "spectral_strongpeak": {
        "dmean": 0.823298633099,
        "dmean2": 1.40627288818,
        "dvar": 1.51054763794,
        "dvar2": 3.97446203232,
        "max": 14.1785869598,
        "mean": 1.52294945717,
        "median": 0.6268851161,
        "min": 0,
        "var": 3.62154960632
    },
    "zerocrossingrate": {
        "dmean": 0.0103659108281,
        "dmean2": 0.0127067221329,
        "dvar": 0.00013786071213,
        "dvar2": 0.00018179329345,
        "max": 0.59912109375,
        "mean": 0.0835807546973,
        "median": 0.08056640625,
        "min": 0.01904296875,
        "var": 0.000813187332824
    },
    "barkbands": {
        "dmean": [8.82542735781e-05, 0.00266457698308, 0.00138710509054, 0.000879644590896, 0.00137951958459, 0.000773466716055, 0.000638035999145, 0.000385392428143, 0.000652354210615, 0.000811003206763, 0.00118162087165, 0.000666434003506, 0.000307817012072, 0.000385122169973, 0.000397034862544, 0.000420530879637, 0.000180542643648, 0.000300279236399, 0.00023339613108, 0.000343234976754, 0.000124950995087, 5.77601640543e-05, 5.04283998453e-05, 5.40663859283e-05, 5.95503734075e-05, 5.4100768466e-05, 1.90953342099e-05],
        "dmean2": [0.000148832521518, 0.00455494178459, 0.00234124762937, 0.00153364147991, 0.00238217436709, 0.00123837904539, 0.00103355350439, 0.000635828531813, 0.00102910154965, 0.0012462210143, 0.00178112799767, 0.00102155841887, 0.000497478351463, 0.00062757730484, 0.00063299521571, 0.000662671751343, 0.000296827784041, 0.000477570545627, 0.000367522414308, 0.000507873017341, 0.000203115632758, 9.3026428658e-05, 7.83775976743e-05, 7.96992972028e-05, 8.41586297611e-05, 7.76937886258e-05, 2.8335094612e-05],
        "dvar": [2.91579400624e-08, 1.40677957461e-05, 3.94064954889e-06, 2.72746024166e-06, 7.0742621574e-06, 2.14372448681e-06, 1.93345294974e-06, 9.87938847175e-07, 1.78656864591e-06, 4.29504325439e-06, 1.08924878077e-05, 3.07594837068e-06, 2.75140962458e-07, 3.85953455861e-07, 7.30318561182e-07, 9.81675611911e-07, 1.16957060925e-07, 1.93651018776e-07, 1.60726486342e-07, 2.95502758263e-07, 4.49284591753e-08, 1.06996624893e-08, 8.66730154314e-09, 7.89833087822e-09, 1.53752264254e-08, 9.4025178754e-09, 1.24381305255e-09],
        "dvar2": [7.4818878204e-08, 3.86775645893e-05, 1.07058822323e-05, 7.6715632531e-06, 2.01162984013e-05, 4.98377721669e-06, 4.59477405457e-06, 2.42130454353e-06, 4.20964033765e-06, 9.3080343504e-06, 2.39164564846e-05, 6.62485808789e-06, 6.09488608916e-07, 9.38701987252e-07, 1.70248131326e-06, 2.26430438488e-06, 2.75558363683e-07, 4.47825954097e-07, 3.79524834671e-07, 5.86068551911e-07, 1.12851680001e-07, 2.71232245552e-08, 2.10002770729e-08, 1.64534590397e-08, 2.79301524131e-08, 2.04495123057e-08, 2.86601320454e-09],
        "max": [0.00207159807906, 0.0370247885585, 0.0269824080169, 0.0223140381277, 0.0388511456549, 0.0334893837571, 0.0268434844911, 0.0207831859589, 0.0313342437148, 0.0444645769894, 0.061528172344, 0.0398067161441, 0.0148783177137, 0.0118177030236, 0.017314568162, 0.0340601466596, 0.00641886284575, 0.00837099459022, 0.00758423050866, 0.00968439411372, 0.0038446506951, 0.00152597366832, 0.00197688164189, 0.00176804757211, 0.00401934701949, 0.00170923233964, 0.00038786305231],
        "mean": [9.85155056696e-05, 0.00332998624071, 0.001903891447, 0.00108973006718, 0.00207865936682, 0.00151632085908, 0.000970278866589, 0.000566471251659, 0.00110483565368, 0.00132038234733, 0.00249036843888, 0.00139006506652, 0.000516754807904, 0.000668847525958, 0.000660042220261, 0.000713249086402, 0.000354542076821, 0.000597820500843, 0.000507419812493, 0.000891632749699, 0.000248230120633, 0.000120178177895, 0.000106520506961, 0.000130417582113, 0.000122548794025, 7.9106852354e-05, 2.32303409575e-05],
        "median": [3.33746320393e-05, 0.00202150037512, 0.00118188431952, 0.000629197340459, 0.00136236613616, 0.000673578120768, 0.000355600845069, 0.000208626035601, 0.000479248759802, 0.00029173711664, 0.00027079571737, 0.000289174640784, 0.000298881757772, 0.000411307410104, 0.000288639159407, 0.000300032435916, 0.000221296519157, 0.00038536923239, 0.000273094308795, 0.000394185830373, 0.000162212571013, 7.18846567906e-05, 6.05090754107e-05, 8.80545339896e-05, 6.72578607919e-05, 2.98119539366e-05, 7.31436011847e-06],
        "min": [8.30815525832e-24, 3.39457197372e-23, 1.94753522742e-23, 1.12910118904e-23, 1.79900707623e-23, 2.17983046709e-23, 1.78704983817e-23, 1.96061485677e-23, 4.63153364101e-23, 3.79570458858e-23, 5.44730858705e-23, 5.05967559109e-23, 6.55140335871e-23, 7.99378061918e-23, 1.32075308425e-22, 1.30277159945e-22, 6.53597260831e-23, 2.42998416081e-22, 1.85858570144e-22, 3.12481410831e-22, 6.87489325405e-22, 3.74211177681e-22, 5.17635531338e-22, 9.27832195866e-22, 1.06349567283e-21, 1.75960824505e-21, 2.14447926859e-21],
        "var": [3.13491810289e-08, 1.68804381246e-05, 5.17991566085e-06, 2.43707177106e-06, 6.92633329891e-06, 6.1956720856e-06, 3.61303841601e-06, 1.3954950191e-06, 3.97369467464e-06, 9.84305097518e-06, 4.94191190228e-05, 1.17908602988e-05, 5.89289754771e-07, 7.81450523846e-07, 1.47975470099e-06, 1.85491194316e-06, 2.52386428201e-07, 4.7040052209e-07, 4.30790976225e-07, 1.45829676512e-06, 8.13149299006e-08, 2.2421032142e-08, 2.2440481473e-08, 2.51303600152e-08, 3.99551716157e-08, 1.56356581016e-08, 1.62517899138e-09]
    },
    "erbbands": {
        "dmean": [0.0645542144775, 0.658304452896, 1.49693191051, 2.15879845619, 4.67434597015, 4.47856807709, 4.24766159058, 6.91799545288, 7.96544551849, 10.4653568268, 7.53080463409, 12.9573383331, 25.2828998566, 23.0303325653, 50.2716064453, 22.9080276489, 13.1270122528, 18.1641292572, 17.8144359589, 20.8394832611, 20.3083515167, 8.67068767548, 12.3358688354, 16.9136753082, 8.16361141205, 18.1458091736, 8.51852703094, 2.43306803703, 2.04049944878, 1.83173489571, 1.42138028145, 1.11000835896, 0.94804507494, 0.715482950211, 0.414822161198, 0.220405310392, 0.10221529752, 0.0323945507407, 0.00305765285157, 7.30986284907e-05],
        "dmean2": [0.111696556211, 1.12559425831, 2.53855371475, 3.68634366989, 8.20839214325, 7.67466831207, 6.88765144348, 11.0685129166, 12.8377437592, 16.9743022919, 12.2658596039, 20.5054779053, 39.4364967346, 34.4270744324, 75.1468353271, 34.2242851257, 20.8872070312, 29.6170978546, 28.5961437225, 32.9724960327, 31.7417850494, 14.0005865097, 19.6451034546, 26.4528083801, 12.6071949005, 26.8896312714, 12.9838953018, 3.93949627876, 3.31032562256, 2.92372584343, 2.19143676758, 1.67404329777, 1.39324522018, 1.03604209423, 0.589892506599, 0.31892567873, 0.149562269449, 0.0481463335454, 0.00447730068117, 0.000106950494228],
        "dvar": [0.00862800423056, 0.875997662544, 4.55909347534, 13.257273674, 95.1186294556, 69.6710662842, 61.1842269897, 183.016708374, 354.062133789, 591.510192871, 334.881530762, 794.764709473, 3908.95605469, 3048.72241211, 19047.4414062, 3171.17480469, 518.950500488, 745.765197754, 1627.12023926, 2010.81176758, 2513.86108398, 203.007507324, 358.495666504, 801.986022949, 145.287948608, 934.874206543, 198.242324829, 17.6383266449, 13.5930690765, 13.0075883865, 6.25178766251, 3.14862346649, 2.6801071167, 2.13071155548, 0.831555783749, 0.182162806392, 0.0351070165634, 0.00345057225786, 3.00508509099e-05, 1.80532815364e-08],
        "dvar2": [0.0238286145031, 2.41926050186, 12.5487594604, 36.5550842285, 270.457855225, 196.087890625, 142.917114258, 437.729949951, 798.430175781, 1465.73791504, 847.042419434, 1816.42578125, 8741.2734375, 6597.57324219, 41322.5585938, 7236.25146484, 1100.7635498, 1833.82043457, 3996.58032227, 4570.98632812, 5596.85546875, 494.920959473, 870.266601562, 1850.81152344, 327.142456055, 1862.70202637, 421.257965088, 45.5853652954, 34.8986091614, 32.6395874023, 14.5950336456, 6.89580535889, 5.70520591736, 3.910166502, 1.63939714432, 0.390719264746, 0.0782385766506, 0.00783556140959, 6.77280404489e-05, 3.96218595711e-08],
        "max": [0.994501233101, 9.40676689148, 26.2879772186, 52.5493812561, 127.469467163, 149.243041992, 227.700836182, 293.674682617, 400.411621094, 534.745422363, 409.138122559, 959.190917969, 1352.52490234, 1289.80444336, 2680.84887695, 1848.94714355, 602.215942383, 501.305877686, 1006.96575928, 799.366210938, 1841.78442383, 311.882080078, 394.919616699, 531.308837891, 227.61579895, 583.049743652, 261.476165771, 65.6125335693, 66.1251373291, 59.6221809387, 56.8727912903, 31.4190578461, 39.4311065674, 45.1318359375, 32.669090271, 9.52442550659, 2.67893409729, 0.654176533222, 0.0714509561658, 0.00225120945834],
        "mean": [0.077694222331, 0.810589671135, 2.09306335449, 3.16420245171, 5.82862567902, 6.93965435028, 7.98808097839, 13.1884346008, 13.2686986923, 16.1460838318, 12.1864490509, 22.3760299683, 43.8741149902, 44.3535079956, 114.040260315, 53.3788490295, 25.9486293793, 34.077747345, 33.0507507324, 37.3986244202, 36.7884902954, 20.054063797, 26.8418731689, 36.9668807983, 21.9934844971, 45.1648101807, 21.5839309692, 5.85773611069, 4.32195138931, 3.56728696823, 3.07745981216, 2.625248909, 2.16782855988, 1.52488172054, 0.773293972015, 0.346449017525, 0.143198281527, 0.0408499725163, 0.00385792390443, 0.000118789008411],
        "median": [0.0417670421302, 0.484035372734, 1.43035888672, 2.13103961945, 3.36090350151, 4.04571008682, 3.93650603294, 5.84960460663, 5.23096752167, 6.12009382248, 5.69524145126, 10.062002182, 13.2444763184, 12.0987291336, 16.0373439789, 14.1846666336, 16.0287227631, 22.2187480927, 15.4201555252, 17.7543315887, 17.0009078979, 13.5169372559, 18.7028694153, 21.3656539917, 14.5294494629, 19.2383098602, 11.5303249359, 3.99582910538, 2.55530500412, 1.96687245369, 1.78283298016, 1.75400590897, 1.41833722591, 0.86588126421, 0.371309220791, 0.143326729536, 0.0524228625, 0.0130552323535, 0.00125469372142, 6.3410756411e-05],
        "min": [4.98691459529e-22, 8.83891356024e-21, 2.46994531477e-20, 3.63403190561e-20, 6.82435120596e-20, 5.70430794376e-20, 1.12640479809e-19, 1.40207204301e-19, 2.99804478587e-19, 3.20568624817e-19, 5.56046575889e-19, 8.77581347661e-19, 8.86675164521e-19, 1.95790631782e-18, 1.85213845521e-18, 2.65300790004e-18, 3.21313821491e-18, 4.74746167786e-18, 4.98606523428e-18, 8.70577071747e-18, 7.05696152864e-18, 5.38689090293e-18, 1.26338173544e-17, 1.12661188793e-17, 9.27479156957e-18, 1.61945751198e-17, 2.09750603292e-17, 2.16905947202e-17, 1.32553137174e-17, 1.50519938484e-17, 1.47841229875e-17, 1.62379739778e-17, 1.5605147722e-17, 1.39854949954e-17, 6.47404693738e-18, 5.5906213519e-18, 3.5521054562e-18, 1.19324990963e-18, 2.48855503678e-19, 3.50660764031e-20],
        "var": [0.0101510155946, 1.02683436871, 5.65126419067, 14.2773599625, 75.4568634033, 88.979675293, 158.453582764, 483.570220947, 793.662597656, 879.362243652, 482.777526855, 1605.17773438, 9446.84765625, 7512.96191406, 90258.3203125, 14709.1230469, 1315.75097656, 1666.59350586, 3580.84008789, 4166.45214844, 4741.70263672, 553.686828613, 798.936584473, 2062.20776367, 568.056945801, 3943.3918457, 809.343933105, 36.0125427246, 29.3748703003, 25.1553058624, 18.3289451599, 10.0330200195, 7.64553308487, 5.73108816147, 1.81538796425, 0.331331908703, 0.0531084500253, 0.00468187080696, 4.17508126702e-05, 2.60715236067e-08]
    },
    "gfcc": {
        "mean": [31.6532592773, 59.1831626892, -122.025672913, 22.659154892, -49.0277786255, 10.3257570267, -33.9321289062, 11.1554374695, -33.4593200684, 3.03237509727, -15.1410045624, -1.79332363605, -10.7551965714],
        "cov": [[3848.46582031, -98.6663131714, 1099.71508789, 583.137939453, 473.080474854, 284.361877441, 141.794158936, 191.793807983, 42.7780342102, 128.798156738, 54.7183113098, 114.110031128, -4.87442922592], [-98.6663131714, 438.754089355, 21.0341339111, 85.1531143188, 29.3157329559, -10.8618650436, 13.0209369659, -5.62948989868, -13.1310043335, -19.1637477875, 55.6027030945, -30.9496231079, 27.1718006134], [1099.71508789, 21.0341339111, 1071.15490723, 351.401306152, 251.617660522, 148.096359253, -31.1652793884, 16.5152187347, 91.6515197754, 82.1400985718, 13.7993946075, 117.982719421, -44.8798446655], [583.137939453, 85.1531143188, 351.401306152, 420.110626221, 141.616851807, 49.6676445007, -33.3953857422, 7.47560453415, 53.8821601868, 62.3572540283, 8.38554954529, 10.6319665909, 21.421415329], [473.080474854, 29.3157329559, 251.617660522, 141.616851807, 246.168136597, 108.164794922, 71.6317443848, 47.514175415, 32.4603424072, 35.8663711548, 5.14273500443, 29.3834342957, -2.06612491608], [284.361877441, -10.8618650436, 148.096359253, 49.6676445007, 108.164794922, 250.479034424, 117.370307922, 27.329454422, 8.55491065979, 5.9507188797, 5.58150243759, 35.2595710754, -24.8625888824], [141.794158936, 13.0209369659, -31.1652793884, -33.3953857422, 71.6317443848, 117.370307922, 199.788803101, 57.5117378235, -15.9845371246, -1.6297608614, 17.2710952759, -3.30013370514, -5.21209812164], [191.793807983, -5.62948989868, 16.5152187347, 7.47560453415, 47.514175415, 27.329454422, 57.5117378235, 139.078842163, 36.50340271, 17.2927074432, 5.06083583832, -8.00574874878, 19.6091804504], [42.7780342102, -13.1310043335, 91.6515197754, 53.8821601868, 32.4603424072, 8.55491065979, -15.9845371246, 36.50340271, 145.558258057, 50.9940414429, -28.6924037933, 37.2439231873, -24.5840415955], [128.798156738, -19.1637477875, 82.1400985718, 62.3572540283, 35.8663711548, 5.9507188797, -1.6297608614, 17.2927074432, 50.9940414429, 96.3125, 15.7639379501, 8.26336479187, -12.4239797592], [54.7183113098, 55.6027030945, 13.7993946075, 8.38554954529, 5.14273500443, 5.58150243759, 17.2710952759, 5.06083583832, -28.6924037933, 15.7639379501, 104.685203552, 13.3132648468, 19.3423843384], [114.110031128, -30.9496231079, 117.982719421, 10.6319665909, 29.3834342957, 35.2595710754, -3.30013370514, -8.00574874878, 37.2439231873, 8.26336479187, 13.3132648468, 97.3164596558, 0.305541217327], [-4.87442922592, 27.1718006134, -44.8798446655, 21.421415329, -2.06612491608, -24.8625888824, -5.21209812164, 19.6091804504, -24.5840415955, -12.4239797592, 19.3423843384, 0.305541217327, 87.686920166]],
        "icov": [[0.000495963206049, 0.000218334927922, -0.000298245227896, -0.000457022513729, -0.000273686600849, 2.79882697214e-05, -0.000174981672899, -0.000633282936178, 0.000557540392037, -9.19280500966e-05, -6.39203353785e-05, -0.000283621688141, 0.000209995923797], [0.000218334927922, 0.00302295596339, -0.000199711357709, -0.000779388938099, -0.000485260097776, 0.000331727031153, -0.000536498730071, 0.000496304128319, -0.00101686618291, 0.00175192323513, -0.00222711963579, 0.00162810378242, -0.00044793667621], [-0.000298245227896, -0.000199711357709, 0.00207351660356, -0.000856954371557, -0.000879193015862, -0.000445251149358, 0.0010409837123, -0.000149682251504, 0.000224424744374, -0.000264947972028, 4.72058818559e-05, -0.00175814446993, 0.00128540175501], [-0.000457022513729, -0.000779388938099, -0.000856954371557, 0.00498858978972, -0.00125371944159, -0.000761857780162, 0.00132132403087, 0.00160422292538, -0.00170235906262, -0.00146380497608, 0.00012026794866, 0.00238109170459, -0.00268645095639], [-0.000273686600849, -0.000485260097776, -0.000879193015862, -0.00125371944159, 0.00777228688821, -0.00115328759421, -0.00206289812922, -0.000975684495643, 0.000134209680255, -0.00107891310472, 0.00106152007356, -0.000813348568045, -0.000403411657317], [2.79882697214e-05, 0.000331727031153, -0.000445251149358, -0.000761857780162, -0.00115328759421, 0.0071815722622, -0.00402429606766, 9.55437062657e-05, 0.000476277113194, 0.000930269481614, 0.000163451055414, -0.00197609630413, 0.00184166419785], [-0.000174981672899, -0.000536498730071, 0.0010409837123, 0.00132132403087, -0.00206289812922, -0.00402429606766, 0.00967981945723, -0.00286240759306, 0.00138242403045, -0.000446883495897, -0.000779811176471, 0.000414646900026, 0.000887184520252], [-0.000633282936178, 0.000496304128319, -0.000149682251504, 0.00160422292538, -0.000975684495643, 9.55437062657e-05, -0.00286240759306, 0.0119363777339, -0.00575237441808, 0.000492127670441, -0.00144205824472, 0.00442330865189, -0.00473318109289], [0.000557540392037, -0.00101686618291, 0.000224424744374, -0.00170235906262, 0.000134209680255, 0.000476277113194, 0.00138242403045, -0.00575237441808, 0.0146871088073, -0.00652980711311, 0.0055313995108, -0.00753958243877, 0.00438224803656], [-9.19280500966e-05, 0.00175192323513, -0.000264947972028, -0.00146380497608, -0.00107891310472, 0.000930269481614, -0.000446883495897, 0.000492127670441, -0.00652980711311, 0.0165938027203, -0.0056312289089, 0.00301571027376, 0.00152779056225], [-6.39203353785e-05, -0.00222711963579, 4.72058818559e-05, 0.00012026794866, 0.00106152007356, 0.000163451055414, -0.000779811176471, -0.00144205824472, 0.0055313995108, -0.0056312289089, 0.0141066499054, -0.00479299947619, -0.0013132422464], [-0.000283621688141, 0.00162810378242, -0.00175814446993, 0.00238109170459, -0.000813348568045, -0.00197609630413, 0.000414646900026, 0.00442330865189, -0.00753958243877, 0.00301571027376, -0.00479299947619, 0.017635377124, -0.0042365132831], [0.000209995923797, -0.00044793667621, 0.00128540175501, -0.00268645095639, -0.000403411657317, 0.00184166419785, 0.000887184520252, -0.00473318109289, 0.00438224803656, 0.00152779056225, -0.0013132422464, -0.0042365132831, 0.0162422657013]]
    },
    "melbands": {
        "dmean": [0.000667936576065, 0.000783427036367, 0.000429133448051, 0.000338634505169, 0.000149088693433, 0.000153571294504, 0.000123513789731, 0.000108177468064, 6.44948668196e-05, 9.08844522201e-05, 0.000128894957015, 9.16926146601e-05, 0.000176905246917, 9.60349425441e-05, 4.16329094151e-05, 3.18910097121e-05, 3.5506876884e-05, 3.07455193251e-05, 2.89427516691e-05, 3.01334803225e-05, 2.47632306127e-05, 1.04546315924e-05, 8.85916961124e-06, 1.68865335581e-05, 1.53603486979e-05, 7.28430586605e-06, 7.57757561587e-06, 1.5141969925e-05, 8.20422792458e-06, 1.96893779503e-06, 1.47484388435e-06, 1.24264840906e-06, 1.20767481349e-06, 1.05017579699e-06, 9.24799394397e-07, 6.61819626657e-07, 7.93170102042e-07, 6.91160664701e-07, 7.01662088431e-07, 6.62487991576e-07],
        "dmean2": [0.0011446493445, 0.00132866727654, 0.000736808578949, 0.000590104493313, 0.000242811336648, 0.000245208590059, 0.000199766684091, 0.000175373104867, 0.000104649538116, 0.000143391705933, 0.00020146627503, 0.000138556322781, 0.000263690453721, 0.000140418516821, 6.23915475444e-05, 5.15437423019e-05, 5.75700942136e-05, 4.94970518048e-05, 4.57957685285e-05, 4.75154192827e-05, 3.86747342418e-05, 1.69732102222e-05, 1.4568118786e-05, 2.7021711503e-05, 2.4102633688e-05, 1.15119137263e-05, 1.18252546599e-05, 2.2694341169e-05, 1.27101830003e-05, 3.18493175655e-06, 2.43467184191e-06, 2.04334310183e-06, 1.97525218937e-06, 1.69506472503e-06, 1.44866771734e-06, 1.03418267372e-06, 1.21242192108e-06, 1.03186073375e-06, 1.05654351046e-06, 9.84871462606e-07],
        "dvar": [8.81868800207e-07, 1.18568414109e-06, 5.78384231176e-07, 4.65034645458e-07, 6.31621404068e-08, 8.64736122708e-08, 7.58539400181e-08, 6.38116688378e-08, 2.26247607316e-08, 3.76358428866e-08, 1.01798320884e-07, 5.71322509302e-08, 2.48486401233e-07, 5.47219656255e-08, 7.85975284856e-09, 2.59913224276e-09, 3.08771763713e-09, 4.85328888189e-09, 4.29987512263e-09, 5.46900436049e-09, 3.60282403911e-09, 3.77888526026e-10, 2.24290197526e-10, 6.75281386364e-10, 7.60921659015e-10, 1.50785481323e-10, 1.27657578952e-10, 7.26506910187e-10, 2.22784693471e-10, 7.79800876649e-12, 8.32429351144e-12, 5.19224246931e-12, 4.50977666669e-12, 4.76685791534e-12, 2.96648209469e-12, 1.04356963609e-12, 1.84827370422e-12, 1.52269733281e-12, 1.6607727563e-12, 2.15224886524e-12],
        "dvar2": [2.41240650212e-06, 3.27339944306e-06, 1.61094055784e-06, 1.32942750497e-06, 1.53224348765e-07, 2.05824420618e-07, 1.75483094722e-07, 1.55757390985e-07, 5.7215412852e-08, 8.5862794208e-08, 2.27942010156e-07, 1.23824165144e-07, 5.53357892841e-07, 1.15875053552e-07, 1.45744882829e-08, 5.74208902648e-09, 7.58286677893e-09, 1.19634364637e-08, 9.60806012529e-09, 1.28053496695e-08, 7.65624807997e-09, 8.82885542453e-10, 5.80410164375e-10, 1.58222845936e-09, 1.76464631796e-09, 3.51070950089e-10, 2.78585404745e-10, 1.50616730199e-09, 4.75639139186e-10, 1.94033383111e-11, 2.20785282418e-11, 1.35632859111e-11, 1.13860292722e-11, 1.212759667e-11, 7.05774197765e-12, 2.4390103652e-12, 4.14235876503e-12, 3.3662564923e-12, 3.60462029149e-12, 4.08947051569e-12],
        "max": [0.00879964977503, 0.0108232758939, 0.00927513372153, 0.0101853515953, 0.00605884753168, 0.00616078078747, 0.00607672240585, 0.00604782765731, 0.00341749470681, 0.00618596700951, 0.00675489520654, 0.00587662821636, 0.0102663878351, 0.00529355183244, 0.00190395582467, 0.00140409532469, 0.0010170295136, 0.00186635623686, 0.0016090516001, 0.00199753558263, 0.00174916104879, 0.000396001210902, 0.000287210306851, 0.000655749696307, 0.000498880224768, 0.000210351936403, 0.000220274174353, 0.000536924984772, 0.000264414178673, 4.88860459882e-05, 4.67694335384e-05, 4.53748216387e-05, 2.96983034787e-05, 3.74213086616e-05, 4.35006586486e-05, 1.98658744921e-05, 2.99932307826e-05, 3.29514550685e-05, 3.00978954328e-05, 4.89520461997e-05],
        "mean": [0.000831914367154, 0.00113592494745, 0.000638864934444, 0.000474498840049, 0.000289555871859, 0.000299995852401, 0.000202685812837, 0.000166150202858, 0.000100045916042, 0.000154152105097, 0.000220060333959, 0.00015631763381, 0.000393580121454, 0.000200065915124, 7.64636642998e-05, 5.38127424079e-05, 6.26579931122e-05, 5.19163659192e-05, 4.81543902424e-05, 4.99816378579e-05, 4.11426844948e-05, 2.03560084628e-05, 1.74437500391e-05, 3.22737760143e-05, 3.05079993268e-05, 1.58687489602e-05, 1.73652788362e-05, 3.41016020684e-05, 1.76273133548e-05, 4.32606384493e-06, 2.90881303044e-06, 2.42114037974e-06, 2.28179078476e-06, 1.86034162653e-06, 1.81217797035e-06, 1.49618017531e-06, 1.71284796124e-06, 1.49382390191e-06, 1.44378134337e-06, 1.29192642362e-06],
        "median": [0.000486941804411, 0.000833977130242, 0.000453486019978, 0.000299406296108, 0.000156593247084, 0.000133549852762, 8.22638103273e-05, 6.22016668785e-05, 4.39545547124e-05, 6.53547031106e-05, 6.15841709077e-05, 3.88498010579e-05, 4.55609588244e-05, 3.6070436181e-05, 3.01906347886e-05, 3.26159206452e-05, 3.8670743379e-05, 2.16524258576e-05, 2.16292173718e-05, 2.04169664357e-05, 1.80298975465e-05, 1.24446787595e-05, 1.15525208457e-05, 2.03565214179e-05, 1.55435336637e-05, 9.04399257706e-06, 1.05078916022e-05, 1.23680920296e-05, 7.79732363299e-06, 2.80939570985e-06, 1.74231831807e-06, 1.41049042668e-06, 1.24880955354e-06, 9.38676691931e-07, 9.76595288193e-07, 9.5597397376e-07, 1.09333370801e-06, 9.31198940179e-07, 8.70164342359e-07, 6.67209178573e-07],
        "min": [7.38010221296e-24, 1.33269056923e-23, 8.61132712597e-24, 4.34823996376e-24, 3.18283563253e-24, 3.66960659283e-24, 4.36597276805e-24, 3.91573987273e-24, 5.35554000351e-24, 5.1521594348e-24, 4.44616324008e-24, 7.16731329466e-24, 7.67253689483e-24, 3.55686219782e-24, 9.74563495475e-24, 6.28140632645e-24, 7.52144952109e-24, 7.16633826258e-24, 9.68464811817e-24, 1.07494336354e-23, 7.54751821857e-24, 4.38390475972e-24, 1.01612581556e-23, 7.94899872109e-24, 9.67521649719e-24, 5.10900992658e-24, 9.52128606875e-24, 1.0687118357e-23, 1.26660398355e-23, 1.30454353881e-23, 9.10831580715e-24, 6.66657200216e-24, 7.46618113721e-24, 8.90624198653e-24, 7.17403675616e-24, 9.17978108314e-24, 1.04827868165e-23, 1.134095073e-23, 1.14131070481e-23, 1.17685819715e-23],
        "var": [1.06680158751e-06, 1.50806306465e-06, 5.69670419281e-07, 4.0323044459e-07, 1.68772317011e-07, 2.41129640699e-07, 1.66908293409e-07, 9.61301864777e-08, 3.34794023615e-08, 7.96146082394e-08, 2.4564073442e-07, 1.24671117874e-07, 1.22169876704e-06, 2.27515727147e-07, 2.43536497635e-08, 5.03587660461e-09, 6.80151002186e-09, 1.0387518401e-08, 8.34353208745e-09, 1.01446833156e-08, 6.94135326995e-09, 8.54361192903e-10, 4.40381592304e-10, 1.53842805162e-09, 1.76492631621e-09, 4.17135354036e-10, 4.18988205242e-10, 2.71200240043e-09, 7.55190521229e-10, 2.11280194728e-11, 1.29269615845e-11, 1.01591070625e-11, 9.2540818758e-12, 8.2190807979e-12, 7.34591294044e-12, 3.59955966943e-12, 4.85467221978e-12, 4.02513092301e-12, 3.94511723636e-12, 5.12975816339e-12]
    },
    "mfcc": {
        "mean": [-615.161376953, 100.493011475, -13.3529510498, 17.2300357819, 4.1737985611, -1.18093323708, 10.8550634384, -0.592778205872, -2.96265053749, 3.25286650658, -6.53610897064, -2.24162960052, -1.19942259789],
        "cov": [[2659.05444336, -133.925262451, 569.872680664, 458.657012939, 414.374084473, 233.082946777, 282.714263916, 156.725631714, 162.699111938, 100.208000183, 47.4055137634, 104.231941223, 131.604248047], [-133.925262451, 344.098297119, 26.0180625916, 12.2932062149, 13.5156145096, -25.8785419464, 48.0725097656, 5.83553600311, -28.372959137, 15.4423971176, -14.7208852768, 1.83910727501, 9.8318977356], [569.872680664, 26.0180625916, 707.079711914, 238.477752686, 266.248046875, 159.406173706, 9.11003112793, 50.562374115, 10.6057186127, -21.1647510529, 45.9958457947, 70.506980896, 45.1130371094], [458.657012939, 12.2932062149, 238.477752686, 345.121887207, 194.243850708, 54.7763748169, 5.18191146851, -30.4315109253, 34.3922080994, 20.1202526093, -6.01955747604, 60.4150924683, 15.275308609], [414.374084473, 13.5156145096, 266.248046875, 194.243850708, 272.102233887, 81.0839691162, 20.7214126587, 21.8573970795, 42.7063865662, 11.0095844269, 10.2041063309, 44.1142120361, 33.6887626648], [233.082946777, -25.8785419464, 159.406173706, 54.7763748169, 81.0839691162, 265.803405762, 38.1246376038, 72.1155929565, 37.0011405945, -22.1548519135, 84.4400558472, 14.8894042969, 7.39964294434], [282.714263916, 48.0725097656, 9.11003112793, 5.18191146851, 20.7214126587, 38.1246376038, 273.199432373, 55.7309417725, 3.67106866837, 57.3913459778, -37.9715919495, 2.88799929619, 22.7144584656], [156.725631714, 5.83553600311, 50.562374115, -30.4315109253, 21.8573970795, 72.1155929565, 55.7309417725, 144.737869263, 57.3217010498, 9.83456230164, 30.8611564636, -1.67437207699, 26.9382667542], [162.699111938, -28.372959137, 10.6057186127, 34.3922080994, 42.7063865662, 37.0011405945, 3.67106866837, 57.3217010498, 134.447860718, 37.1265716553, 37.3672370911, 10.0985889435, 13.8005590439], [100.208000183, 15.4423971176, -21.1647510529, 20.1202526093, 11.0095844269, -22.1548519135, 57.3913459778, 9.83456230164, 37.1265716553, 98.9041290283, 8.84101009369, 3.69960403442, 6.81022453308], [47.4055137634, -14.7208852768, 45.9958457947, -6.01955747604, 10.2041063309, 84.4400558472, -37.9715919495, 30.8611564636, 37.3672370911, 8.84101009369, 148.397628784, 33.9364318848, -0.672831177711], [104.231941223, 1.83910727501, 70.506980896, 60.4150924683, 44.1142120361, 14.8894042969, 2.88799929619, -1.67437207699, 10.0985889435, 3.69960403442, 33.9364318848, 89.5901260376, 32.317653656], [131.604248047, 9.8318977356, 45.1130371094, 15.275308609, 33.6887626648, 7.39964294434, 22.7144584656, 26.9382667542, 13.8005590439, 6.81022453308, -0.672831177711, 32.317653656, 95.0024414062]],
