{
"lowlevel": {
    "average_loudness": 0.9076384902,
    "barkbands_crest": {
        "dmean": 2.62408638,
        "dmean2": 4.28772544861,
        "dvar": 5.5844874382,
        "dvar2": 14.5018672943,
        "max": 25.9933586121,
        "mean": 9.79811573029,
        "median": 8.95809936523,
        "min": 1.8708781004,
        "var": 17.1170063019
    },
    "barkbands_flatness_db": {
        "dmean": 0.0179172474891,
        "dmean2": 0.027877567336,
        "dvar": 0.000266483635642,
        "dvar2": 0.000635388656519,
        "max": 0.338688760996,
        "mean": 0.106920927763,
        "median": 0.099715128541,
        "min": 0.0178317241371,
        "var": 0.00189123745076
    },
    "barkbands_kurtosis": {
        "dmean": 2.17995142937,
        "dmean2": 3.37678837776,
        "dvar": 25.6238269806,
        "dvar2": 61.1915130615,
        "max": 211.106277466,
        "mean": 3.04148316383,
        "median": 0.456729054451,
        "min": -1.90083503723,
        "var": 74.1571884155
    },
    "barkbands_skewness": {
        "dmean": 0.480920761824,
        "dmean2": 0.735216915607,
        "dvar": 0.255890935659,
        "dvar2": 0.592408239841,
        "max": 13.1224374771,
        "mean": 1.28813362122,
        "median": 1.04416799545,
        "min": -2.40502882004,
        "var": 1.61581552029
    },
    "barkbands_spread": {
        "dmean": 6.48538398743,
        "dmean2": 10.0086698532,
        "dvar": 49.2195129395,
        "dvar2": 112.346961975,
        "max": 102.517410278,
        "mean": 30.8223419189,
        "median": 30.1064147949,
        "min": 1.03329944611,
        "var": 248.6847229
    },
    "dissonance": {
        "dmean": 0.0166071094573,
        "dmean2": 0.0281522870064,
        "dvar": 0.000340384460287,
        "dvar2": 0.000927485816646,
        "max": 0.500000059605,
        "mean": 0.46808475256,
        "median": 0.477268397808,
        "min": 0.104891002178,
        "var": 0.000839826243464
    },
    "dynamic_complexity": 2.5966117382,
    "erbbands_crest": {
        "dmean": 2.74851584435,
        "dmean2": 4.32827425003,
        "dvar": 7.01285934448,
        "dvar2": 16.5856571198,
        "max": 33.2765884399,
        "mean": 10.0235309601,
        "median": 8.54860877991,
        "min": 2.281509161,
        "var": 30.8517818451
    },
    "erbbands_flatness_db": {
        "dmean": 0.014855495654,
        "dmean2": 0.0223457030952,
        "dvar": 0.000199217407499,
        "dvar2": 0.000418038660428,
        "max": 0.304540723562,
        "mean": 0.139589488506,
        "median": 0.132625088096,
        "min": 0.0393816865981,
        "var": 0.00207010935992
    },
    "erbbands_kurtosis": {
        "dmean": 0.93310213089,
        "dmean2": 1.45939123631,
        "dvar": 2.48278641701,
        "dvar2": 5.77094650269,
        "max": 66.7144012451,
        "mean": 0.716989576817,
        "median": -0.00560009479523,
        "min": -1.75703692436,
        "var": 7.21205329895
    },
    "erbbands_skewness": {
        "dmean": 0.339209765196,
        "dmean2": 0.518069624901,
        "dvar": 0.109139844775,
        "dvar2": 0.257093250751,
        "max": 7.21039962769,
        "mean": 0.285671174526,
        "median": 0.17684596777,
        "min": -3.37223410606,
        "var": 0.780365943909
    },
    "erbbands_spread": {
        "dmean": 8.13921070099,
        "dmean2": 12.123260498,
        "dvar": 78.9013748169,
        "dvar2": 160.78062439,
        "max": 155.021011353,
        "mean": 41.7857017517,
        "median": 38.7543106079,
        "min": 3.52106666565,
        "var": 467.517211914
    },
    "hfc": {
        "dmean": 6.73220968246,
        "dmean2": 9.8126707077,
        "dvar": 75.0005340576,
        "dvar2": 161.139160156,
        "max": 172.479263306,
        "mean": 29.3032360077,
        "median": 25.6569137573,
        "min": 1.15655731503e-16,
        "var": 448.378601074
    },
    "melbands_crest": {
        "dmean": 3.40986680984,
        "dmean2": 5.54092788696,
        "dvar": 8.83467483521,
        "dvar2": 23.9303512573,
        "max": 34.1122932434,
        "mean": 14.2087755203,
        "median": 13.3378505707,
        "min": 1.81035959721,
        "var": 29.1218738556
    },
    "melbands_flatness_db": {
        "dmean": 0.0227885711938,
        "dmean2": 0.0354442633688,
        "dvar": 0.000433990964666,
        "dvar2": 0.00104845361784,
        "max": 0.431048244238,
        "mean": 0.167272821069,
        "median": 0.158764019608,
        "min": 0.00418075360358,
        "var": 0.003036248032
    },
    "melbands_kurtosis": {
        "dmean": 6.76848888397,
        "dmean2": 10.3175506592,
        "dvar": 170.328033447,
        "dvar2": 413.23614502,
        "max": 316.893707275,
        "mean": 13.7828626633,
        "median": 5.87705087662,
        "min": -1.88309514523,
        "var": 560.279968262
    },
    "melbands_skewness": {
        "dmean": 0.724313378334,
        "dmean2": 1.0992629528,
        "dvar": 0.568651020527,
        "dvar2": 1.30132186413,
        "max": 13.6165962219,
        "mean": 2.60218715668,
        "median": 2.23100137711,
        "min": -0.840185701847,
        "var": 3.59190487862
    },
    "melbands_spread": {
        "dmean": 8.12764549255,
        "dmean2": 12.5886497498,
        "dvar": 91.0934066772,
        "dvar2": 197.946731567,
        "max": 240.315063477,
        "mean": 31.8900470734,
        "median": 28.8808364868,
        "min": 0.875066936016,
        "var": 455.738616943
    },
    "pitch_salience": {
        "dmean": 0.0711544901133,
        "dmean2": 0.114886455238,
        "dvar": 0.00422218302265,
        "dvar2": 0.0112046301365,
        "max": 0.94944524765,
        "mean": 0.533601105213,
        "median": 0.524708509445,
        "min": 0.080638460815,
        "var": 0.0130463633686
    },
    "silence_rate_20dB": {
        "dmean": 0,
        "dmean2": 0,
        "dvar": 0,
        "dvar2": 0,
        "max": 1,
        "mean": 1,
        "median": 1,
        "min": 1,
        "var": 0
    },
    "silence_rate_30dB": {
        "dmean": 0,
        "dmean2": 0,
        "dvar": 0,
        "dvar2": 0,
        "max": 1,
        "mean": 1,
        "median": 1,
        "min": 1,
        "var": 0
    },
    "silence_rate_60dB": {
        "dmean": 0.0115266703069,
        "dmean2": 0.0230561681092,
        "dvar": 0.0113914925605,
        "dvar2": 0.0262055918574,
        "max": 1,
        "mean": 0.0321235917509,
        "median": 0,
        "min": 0,
        "var": 0.0310958977789
    },
    "spectral_centroid": {
        "dmean": 263.706329346,
        "dmean2": 405.029876709,
        "dvar": 84920.6328125,
        "dvar2": 173282.796875,
        "max": 11312.2333984,
        "mean": 1773.95166016,
        "median": 1832.70581055,
        "min": 247.555252075,
        "var": 509711.40625
    },
    "spectral_complexity": {
        "dmean": 3.91367268562,
        "dmean2": 5.97596263885,
        "dvar": 15.8294582367,
        "dvar2": 33.1695518494,
        "max": 54,
        "mean": 21.485408783,
        "median": 22,
        "min": 0,
        "var": 106.188850403
    },
    "spectral_decrease": {
        "dmean": 2.04033434592e-09,
        "dmean2": 3.22870619129e-09,
        "dvar": 5.5588778823e-18,
        "dvar2": 1.37117528065e-17,
        "max": 5.34587324186e-31,
        "mean": -6.4758749474e-09,
        "median": -6.1710174748e-09,
        "min": -2.63287986968e-08,
        "var": 1.48297734312e-17
    },
    "spectral_energy": {
        "dmean": 0.00812658853829,
        "dmean2": 0.0128080304712,
        "dvar": 8.69287468959e-05,
        "dvar2": 0.000212643950363,
        "max": 0.102218650281,
        "mean": 0.0270992927253,
        "median": 0.0258169732988,
        "min": 1.06347178233e-20,
        "var": 0.000249863573117
    },
    "spectral_energyband_high": {
        "dmean": 0.000483926414745,
        "dmean2": 0.000730160158128,
        "dvar": 6.90169770223e-07,
        "dvar2": 1.53358337229e-06,
        "max": 0.019627802074,
        "mean": 0.00160249776673,
        "median": 0.00109383137897,
        "min": 7.53331074531e-21,
        "var": 2.79033110928e-06
    },
    "spectral_energyband_low": {
        "dmean": 0.00445196218789,
        "dmean2": 0.00702624814585,
        "dvar": 3.53719442501e-05,
        "dvar2": 8.7246633484e-05,
        "max": 0.0599506758153,
        "mean": 0.00900828186423,
        "median": 0.00673567317426,
        "min": 5.82192348481e-23,
        "var": 7.52934647608e-05
    },
    "spectral_energyband_middle_high": {
        "dmean": 0.00271484605037,
        "dmean2": 0.00397377507761,
        "dvar": 1.68486440089e-05,
        "dvar2": 3.89871929656e-05,
        "max": 0.0653894767165,
        "mean": 0.0087799699977,
        "median": 0.0051382817328,
        "min": 1.49288207938e-21,
        "var": 8.61810767674e-05
    },
    "spectral_energyband_middle_low": {
        "dmean": 0.00432135211304,
        "dmean2": 0.00726981367916,
        "dvar": 4.49947619927e-05,
        "dvar2": 0.000121322867926,
        "max": 0.0802701637149,
        "mean": 0.00886623561382,
        "median": 0.00651871412992,
        "min": 3.14453664068e-22,
        "var": 6.53245151625e-05
    },
    "spectral_entropy": {
        "dmean": 0.121689982712,
        "dmean2": 0.182211592793,
        "dvar": 0.0172977056354,
        "dvar2": 0.0348123982549,
        "max": 9.80251502991,
        "mean": 7.77255249023,
        "median": 7.83629798889,
        "min": 5.5199508667,
        "var": 0.15035353601
    },
    "spectral_flux": {
        "dmean": 0.0230544544756,
        "dmean2": 0.0370147563517,
        "dvar": 0.000612383766565,
        "dvar2": 0.00130914535839,
        "max": 0.261963069439,
        "mean": 0.0884224548936,
        "median": 0.0825040638447,
        "min": 6.72355782161e-11,
        "var": 0.00177691213321
    },
    "spectral_kurtosis": {
        "dmean": 0.796570420265,
        "dmean2": 1.31200432777,
        "dvar": 0.926097869873,
        "dvar2": 2.63362407684,
        "max": 24.4802837372,
        "mean": 3.3742878437,
        "median": 3.04579114914,
        "min": -1.21785271168,
        "var": 4.4612698555
    },
    "spectral_rms": {
        "dmean": 0.000752088846639,
        "dmean2": 0.00116605567746,
        "dvar": 5.7427757838e-07,
        "dvar2": 1.34032632104e-06,
        "max": 0.0099862664938,
        "mean": 0.00488429237157,
        "median": 0.00501869386062,
        "min": 3.22107661724e-12,
        "var": 2.58208706327e-06
    },
    "spectral_rolloff": {
        "dmean": 625.065429688,
        "dmean2": 1030.31628418,
        "dvar": 1129885.625,
        "dvar2": 2539002.75,
        "max": 18776.953125,
        "mean": 2035.15551758,
        "median": 1722.65625,
        "min": 64.599609375,
        "var": 3015257
    },
    "spectral_skewness": {
        "dmean": 0.130149036646,
        "dmean2": 0.209717407823,
        "dvar": 0.0183894112706,
        "dvar2": 0.0441340617836,
        "max": 3.67151451111,
        "mean": 1.40655517578,
        "median": 1.3618183136,
        "min": -0.279519736767,
        "var": 0.136778771877
    },
    "spectral_spread": {
        "dmean": 486902.25,
        "dmean2": 716158.625,
        "dvar": 629758099456,
        "dvar2": 1.06921518694e+12,
        "max": 40229164,
        "mean": 5489962,
        "median": 5253188,
        "min": 1913995.5,
        "var": 3.30116995482e+12
    },
    "spectral_strongpeak": {
        "dmean": 0.762201368809,
        "dmean2": 1.3035646677,
        "dvar": 1.64051353931,
        "dvar2": 4.19106960297,
        "max": 17.135269165,
        "mean": 1.39415740967,
        "median": 0.4972230196,
        "min": 0,
        "var": 3.82179427147
    },
    "zerocrossingrate": {
        "dmean": 0.0109316324815,
        "dmean2": 0.0130807757378,
        "dvar": 0.000182515446795,
        "dvar2": 0.000206462020287,
        "max": 0.64697265625,
        "mean": 0.0836995244026,
        "median": 0.078125,
        "min": 0.01123046875,
        "var": 0.00171422713902
    },
    "barkbands": {
        "dmean": [0.000293825141853, 0.00307477987371, 0.00160280778073, 0.00157877802849, 0.00167982582934, 0.000995442853309, 0.000738118484151, 0.000370341760572, 0.000532211211976, 0.000756193825509, 0.000834829814266, 0.000717070128303, 0.000744470919017, 0.000167164296727, 0.000318782491377, 0.000399095297325, 0.000209754885873, 0.000208766854485, 0.000282838154817, 0.000329214701196, 9.92152781691e-05, 8.62462838995e-05, 8.48423514981e-05, 8.76344711287e-05, 8.57020277181e-05, 3.1986299291e-05, 7.20702837498e-06],
        "dmean2": [0.000491416663863, 0.00494467606768, 0.0026129593607, 0.00276299356483, 0.00289295893162, 0.0015900535509, 0.00119993719272, 0.000624667911325, 0.000848669034895, 0.00112780439667, 0.00126121216454, 0.00111285981257, 0.00118105288129, 0.000274917169008, 0.000507759861648, 0.000601973384619, 0.000330466456944, 0.000333472708007, 0.000442983320681, 0.000515045598149, 0.000160110867, 0.000140406089486, 0.000137674782309, 0.00013485114323, 0.000131592983962, 4.91228383908e-05, 1.15615966934e-05],
        "dvar": [5.19047205216e-07, 2.25260082516e-05, 6.45259797238e-06, 1.02547828646e-05, 1.15506354632e-05, 6.26155542705e-06, 3.23570452565e-06, 1.36723872401e-06, 1.69334475686e-06, 4.80697735838e-06, 5.60200805921e-06, 5.82021675655e-06, 3.46236743098e-06, 1.2766415125e-07, 5.26913026988e-07, 5.63460446301e-07, 1.15748420626e-07, 1.46957319203e-07, 2.00101823111e-07, 3.22244233075e-07, 4.04874747062e-08, 2.9628331788e-08, 2.87266601617e-08, 2.80908167838e-08, 5.48220278063e-08, 8.23180190679e-09, 5.75638314793e-10],
        "dvar2": [1.49427000906e-06, 5.77334249101e-05, 1.67150046764e-05, 2.87907241727e-05, 3.18567945214e-05, 1.50929172378e-05, 8.56399674376e-06, 3.84583017876e-06, 4.03652848036e-06, 1.11211156764e-05, 1.24248981592e-05, 1.3610595488e-05, 8.66388199938e-06, 3.15919407967e-07, 1.24158646031e-06, 1.27482189782e-06, 2.59221138776e-07, 3.6072682974e-07, 4.76885247735e-07, 7.72658950154e-07, 1.05687547602e-07, 7.58353522201e-08, 6.79783411783e-08, 6.51507292559e-08, 1.286590674e-07, 1.88018045577e-08, 1.39725897519e-09],
        "max": [0.0192849840969, 0.0476409718394, 0.0441893041134, 0.0370046980679, 0.0382272265851, 0.0648597031832, 0.0419168695807, 0.0313308537006, 0.0366767570376, 0.0459678843617, 0.0452908948064, 0.0581439100206, 0.04709649086, 0.0105956727639, 0.0204368196428, 0.0115516232327, 0.00627108663321, 0.00895330775529, 0.0090754898265, 0.0131760118529, 0.00762759754434, 0.0038820321206, 0.00477827433497, 0.005623342935, 0.00795716792345, 0.00193367677275, 0.000906047527678],
        "mean": [0.000489281199407, 0.00502540683374, 0.0025016812142, 0.00177844427526, 0.00240924046375, 0.00191837747116, 0.00110709608998, 0.000535653554834, 0.000921812024899, 0.00112603686284, 0.00141710520256, 0.00144461542368, 0.00145303329919, 0.00028347488842, 0.000571537122596, 0.000735265901312, 0.000399419368478, 0.000426557904575, 0.000627780100331, 0.000729810504708, 0.000227531068958, 0.000194755572011, 0.000222791451961, 0.0002644721244, 0.000211007238249, 6.57904965919e-05, 1.13498845167e-05],
        "median": [0.000103303435026, 0.00247360160574, 0.00126385153271, 0.000618981895968, 0.00119313644245, 0.000671938876621, 0.000456471025245, 0.000204736978048, 0.0002868847223, 0.000210134152439, 0.000132767978357, 0.000139088893775, 0.000234307197388, 0.000122965982882, 0.000229981989833, 0.000266301358351, 0.000256290979451, 0.000227256561629, 0.000400177028496, 0.000352141098119, 0.000145101425005, 0.000111253510113, 0.000124885176774, 0.000164125289302, 9.87074381555e-05, 2.89289419015e-05, 3.40359974871e-06],
        "min": [3.74503589486e-24, 2.22113490854e-23, 2.69016020612e-23, 1.21601788357e-23, 3.1630851587e-23, 1.35229912698e-23, 1.16476417061e-23, 2.1317891535e-23, 9.03698353311e-23, 5.91217485216e-23, 8.17610720031e-23, 4.96292590314e-23, 7.38961477107e-23, 5.75361822784e-23, 1.11733513931e-22, 1.27759153801e-22, 1.14590073932e-22, 1.89734136486e-22, 1.89659163145e-22, 3.15914861657e-22, 4.1062423976e-22, 5.05506006059e-22, 4.31170721571e-22, 9.12025796218e-22, 1.14021616977e-21, 1.51656699066e-21, 2.54216230199e-21],
        "var": [1.12207862912e-06, 3.75424606318e-05, 1.09449347292e-05, 9.63319143921e-06, 1.30013349917e-05, 1.92109127966e-05, 4.30569707532e-06, 1.59022886237e-06, 4.29258398071e-06, 7.41708572605e-06, 1.3548194147e-05, 2.28184162552e-05, 1.08817521323e-05, 3.05423782265e-07, 1.39271162425e-06, 1.52974996581e-06, 2.67110664254e-07, 3.89191143313e-07, 5.54726511837e-07, 1.12946929676e-06, 7.76579298645e-08, 6.85681129653e-08, 8.91498785904e-08, 1.12921959783e-07, 1.44426721249e-07, 1.64756688292e-08, 9.222614894e-10]
    },
    "erbbands": {
        "dmean": [0.102258108556, 0.686011850834, 1.67431819439, 3.65968036652, 5.4424290657, 6.02343845367, 6.20832490921, 9.03026580811, 9.77699279785, 8.11227321625, 8.86849880219, 13.4079828262, 14.1833257675, 36.6513938904, 25.3273258209, 32.3184776306, 33.7551574707, 10.898859024, 11.7422456741, 19.5627403259, 17.8415107727, 9.48293304443, 9.83474349976, 16.3585166931, 10.3327951431, 17.5231246948, 6.21122026443, 3.40641641617, 2.72641897202, 2.77819538116, 2.49509429932, 1.94005072117, 1.52532744408, 1.11820852757, 0.555512070656, 0.184031412005, 0.0542812123895, 0.0119648287073, 0.00135153194424, 3.58319302904e-05],
        "dmean2": [0.164397716522, 1.10648488998, 2.70161533356, 6.25976419449, 9.64533138275, 10.2701568604, 9.99882030487, 14.644824028, 15.8588275909, 13.4105901718, 14.7591123581, 21.0990028381, 22.2209968567, 52.9505119324, 37.0306434631, 49.8881149292, 53.3163528442, 17.3281726837, 18.8907089233, 30.3329048157, 26.763999939, 14.8518733978, 15.6683712006, 25.8545703888, 15.6333799362, 27.3756580353, 9.90044307709, 5.49632501602, 4.44457054138, 4.54124689102, 4.03989267349, 3.02209472656, 2.34843850136, 1.77171397209, 0.863092601299, 0.284492969513, 0.0828252360225, 0.01876238361, 0.00216608913615, 5.67018396396e-05],
        "dvar": [0.0283706244081, 1.06556212902, 6.45569705963, 45.2145309448, 145.425338745, 139.959106445, 197.799758911, 617.291687012, 632.177856445, 516.399963379, 741.54876709, 1092.39978027, 2100.97167969, 9094.69238281, 6488.37695312, 12609.9208984, 6503.43066406, 511.954162598, 601.864746094, 1603.1340332, 1226.21972656, 183.80960083, 285.107421875, 839.256652832, 246.393218994, 1152.20288086, 127.58441925, 69.5470428467, 32.102180481, 29.6576519012, 24.7197380066, 15.3119192123, 9.47668457031, 11.9974603653, 2.11028194427, 0.237619891763, 0.0246538594365, 0.00173501705285, 1.97799363377e-05, 1.14655973604e-08],
        "dvar2": [0.0760228484869, 2.74943518639, 16.6137714386, 123.346054077, 407.989440918, 375.272277832, 494.059326172, 1501.73486328, 1663.6920166, 1395.93847656, 2087.74023438, 2621.98876953, 4780.95068359, 21100.9335938, 13386.3271484, 29809.9980469, 16057.2851562, 1233.62402344, 1387.80834961, 3905.15478516, 2942.48535156, 442.170593262, 704.688842773, 1980.29846191, 546.104675293, 2797.80932617, 320.875335693, 188.839096069, 82.2846450806, 72.358039856, 57.7949981689, 37.4093017578, 22.4683437347, 30.96185112, 4.75768852234, 0.55138617754, 0.0551188476384, 0.00415262347087, 4.7672783694e-05, 2.82446048772e-08],
        "max": [1.73491621017, 11.3137493134, 43.3338546753, 85.1586380005, 111.957649231, 211.524719238, 493.563201904, 589.776367188, 533.563476562, 441.233154297, 829.079833984, 1173.11828613, 1486.61755371, 2196.28955078, 2361.10595703, 2788.26196289, 1816.73657227, 622.959106445, 892.005371094, 1018.48291016, 718.668579102, 248.941421509, 369.664093018, 673.229736328, 251.285415649, 896.093566895, 293.436553955, 428.660858154, 138.740585327, 145.070785522, 155.297836304, 130.973175049, 96.0209350586, 119.368644714, 49.1274108887, 11.54479599, 3.53334569931, 1.35354554653, 0.156667783856, 0.00461285701022],
        "mean": [0.147793412209, 1.1151086092, 2.87724399567, 4.92545843124, 6.12722015381, 8.89867973328, 12.9180784225, 15.7122592926, 15.5979976654, 12.0092201233, 14.601143837, 23.6189212799, 22.5533313751, 61.0843696594, 45.4670333862, 66.8706970215, 71.6679916382, 22.1664810181, 21.6412792206, 39.8834648132, 35.4363517761, 21.0174293518, 21.5983085632, 36.0736885071, 26.0292873383, 38.0523796082, 14.428235054, 8.13408470154, 6.19869995117, 6.63273191452, 6.55221319199, 5.53327083588, 4.4260597229, 2.6428861618, 1.26611113548, 0.396476894617, 0.10623447597, 0.0217002797872, 0.00206488207914, 8.05730815046e-05],
        "median": [0.0581569746137, 0.571919202805, 1.73271250725, 2.38498902321, 2.8863863945, 4.03354167938, 5.01925230026, 4.94965457916, 6.69798564911, 5.44822883606, 6.20213603973, 7.81690120697, 7.12680101395, 10.4711799622, 7.1829252243, 9.14136314392, 12.9428863525, 9.42645263672, 12.2563838959, 13.9353981018, 16.98695755, 14.7071437836, 13.3186330795, 21.3095436096, 16.7978935242, 17.1532783508, 9.74327468872, 4.88936901093, 3.41485023499, 3.95825147629, 3.58339881897, 3.36096835136, 2.48684358597, 1.26040792465, 0.604257166386, 0.18164396286, 0.0445353984833, 0.00786088686436, 0.000620536447968, 5.38802778465e-05],
        "min": [4.67809259029e-22, 5.40287315035e-21, 2.59789820019e-20, 3.46477265771e-20, 7.44087411965e-20, 6.49559667255e-20, 1.23860810002e-19, 1.41488158103e-19, 4.12158766829e-19, 3.04226431045e-19, 7.83085992242e-19, 2.10077943476e-18, 1.30848537134e-18, 3.18437466347e-18, 2.54431099088e-18, 2.4567938345e-18, 3.87146003838e-18, 3.85108864784e-18, 3.96999172499e-18, 6.90519084344e-18, 5.61586359547e-18, 8.34945687835e-18, 1.00510037943e-17, 1.30403178956e-17, 9.89138192434e-18, 1.63313941018e-17, 1.31211532938e-17, 1.72448016758e-17, 1.67958576701e-17, 1.61325465e-17, 1.07217893685e-17, 1.53145972231e-17, 1.6615140213e-17, 1.24353725895e-17, 7.69681633813e-18, 5.46966107656e-18, 2.82945607125e-18, 1.18669946636e-18, 3.38747857483e-19, 3.52773241143e-20],
        "var": [0.0423631630838, 1.82713341713, 12.275182724, 52.7644958496, 112.837440491, 204.908920288, 1058.92358398, 1522.78381348, 879.550842285, 544.465209961, 1039.17871094, 2692.45410156, 3056.75439453, 18348.3125, 15287.2021484, 45625.5664062, 22723.3867188, 1567.2520752, 1310.11669922, 5385.63037109, 3443.26806641, 548.350769043, 736.820983887, 2283.95849609, 836.582580566, 4113.64501953, 266.019744873, 121.915374756, 70.4963378906, 75.8912734985, 80.2248306274, 53.2492713928, 35.1180152893, 25.2983493805, 5.04870557785, 0.504839897156, 0.047819852829, 0.00286131701432, 3.13292803185e-05, 1.7765882987e-08]
    },
    "gfcc": {
        "mean": [29.1782207489, 59.9530906677, -110.806121826, 34.3273620605, -55.8805503845, 17.7311706543, -39.5264778137, 14.7333841324, -28.708026886, 3.9111135006, -12.5678653717, -0.503131568432, -10.6290502548],
        "cov": [[4389.97216797, -619.645751953, 103.966201782, 544.702087402, 288.551940918, 315.465057373, 202.407180786, 69.7209625244, -182.234924316, 1.0810816288, 44.1918640137, 104.371017456, -53.5116462708], [-619.645751953, 797.302734375, 81.0727005005, 48.7393074036, 85.2237243652, -74.4810791016, 32.8048210144, 13.6010789871, 55.834526062, -9.33641719818, 89.3501968384, -54.5539588928, 45.9767913818], [103.966201782, 81.0727005005, 988.594665527, 284.27520752, -4.62852954865, -12.5269184113, -207.850082397, -14.0229692459, -32.5444412231, -2.33266401291, 10.2571210861, 0.172834992409, 7.39969444275], [544.702087402, 48.7393074036, 284.27520752, 571.369018555, 189.36920166, 84.5420150757, 30.2014160156, 0.112160034478, 26.9176445007, 25.3597888947, 50.8658447266, -5.60946369171, 34.8584365845], [288.551940918, 85.2237243652, -4.62852954865, 189.36920166, 315.183959961, 79.1199035645, 130.584136963, 22.465385437, 28.8986206055, 43.4636268616, 13.4268627167, 2.72474527359, 1.23172080517], [315.465057373, -74.4810791016, -12.5269184113, 84.5420150757, 79.1199035645, 252.875823975, 132.328964233, -10.6336765289, -40.3974189758, 10.4855699539, 24.3279247284, 0.151643976569, -23.4016971588], [202.407180786, 32.8048210144, -207.850082397, 30.2014160156, 130.584136963, 132.328964233, 293.043731689, 43.6334838867, 11.3011674881, 23.2564640045, 28.4290504456, 23.5049114227, 0.376570105553], [69.7209625244, 13.6010789871, -14.0229692459, 0.112160034478, 22.465385437, -10.6336765289, 43.6334838867, 130.648391724, 52.2526130676, 12.8313407898, 4.903881073, 14.28428936, 26.7359886169], [-182.234924316, 55.834526062, -32.5444412231, 26.9176445007, 28.8986206055, -40.3974189758, 11.3011674881, 52.2526130676, 136.06729126, 50.9318504333, -8.63578701019, 8.16374969482, 20.8207874298], [1.0810816288, -9.33641719818, -2.33266401291, 25.3597888947, 43.4636268616, 10.4855699539, 23.2564640045, 12.8313407898, 50.9318504333, 99.5521850586, 27.3274230957, 11.7007217407, 4.0472741127], [44.1918640137, 89.3501968384, 10.2571210861, 50.8658447266, 13.4268627167, 24.3279247284, 28.4290504456, 4.903881073, -8.63578701019, 27.3274230957, 115.173454285, 35.0977401733, 17.8933639526], [104.371017456, -54.5539588928, 0.172834992409, -5.60946369171, 2.72474527359, 0.151643976569, 23.5049114227, 14.28428936, 8.16374969482, 11.7007217407, 35.0977401733, 101.232536316, 38.9840507507], [-53.5116462708, 45.9767913818, 7.39969444275, 34.8584365845, 1.23172080517, -23.4016971588, 0.376570105553, 26.7359886169, 20.8207874298, 4.0472741127, 17.8933639526, 38.9840507507, 91.5711975098]],
        "icov": [[0.000377567426767, 0.000210643775063, 7.55508153816e-05, -0.000421273667598, -0.000144807971083, -9.16254866752e-05, 3.64607831216e-06, -0.000518453482073, 0.000726548430976, -9.31037575356e-05, 8.00942070782e-05, -0.000459407252492, 0.000417876930442], [0.000210643775063, 0.00246671563946, -0.000559073174372, 0.000543759262655, -0.00111538975034, 0.000960565230343, -0.000925585976802, 0.000687850872055, -0.00153170374688, 0.00199907296337, -0.00329721323214, 0.00292383064516, -0.00155431590974], [7.55508153816e-05, -0.000559073174372, 0.00174329534639, -0.00119062978774, 0.000308854418108, -0.000542780268006, 0.00164680881426, -0.000958576041739, 0.00134596624412, -0.000906995788682, 0.0011020489037, -0.00143379310612, 0.000896562472917], [-0.000421273667598, 0.000543759262655, -0.00119062978774, 0.00386729207821, -0.00191366230138, -0.000365310173947, -0.000231098529184, 0.001658033696, -0.00270831235684, 0.00163974019233, -0.00260267336853, 0.0027312936727, -0.00255679013208], [-0.000144807971083, -0.00111538975034, 0.000308854418108, -0.00191366230138, 0.00575872231275, -0.000352301547537, -0.00165300094523, -0.00046449128422, 0.000721273012459, -0.00257411180064, 0.00245574326254, -0.00133452448063, 0.00119189021643], [-9.16254866752e-05, 0.000960565230343, -0.000542780268006, -0.000365310173947, -0.000352301547537, 0.00679878052324, -0.00346355885267, 0.000977822695859, 0.00121114356443, -0.000112453722977, -0.0014997839462, 0.00150030758232, 0.000501994625665], [3.64607831216e-06, -0.000925585976802, 0.00164680881426, -0.000231098529184, -0.00165300094523, -0.00346355885267, 0.00752628594637, -0.00243265694007, 0.000731659703888, -0.000649999070447, 0.000646232394502, -0.00247681303881, 0.00102869188413], [-0.000518453482073, 0.000687850872055, -0.000958576041739, 0.001658033696, -0.00046449128422, 0.000977822695859, -0.00243265694007, 0.0114333974198, -0.00592874269933, 0.00232114340179, -0.00215963297524, 0.00230090250261, -0.00358620053157], [0.000726548430976, -0.00153170374688, 0.00134596624412, -0.00270831235684, 0.000721273012459, 0.00121114356443, 0.000731659703888, -0.00592874269933, 0.0158450454473, -0.00860609393567, 0.00593522936106, -0.00398350832984, 0.00145740236621], [-9.31037575356e-05, 0.00199907296337, -0.000906995788682, 0.00163974019233, -0.00257411180064, -0.000112453722977, -0.000649999070447, 0.00232114340179, -0.00860609393567, 0.0168548747897, -0.00710828462616, 0.00268482184038, -0.000820339249913], [8.00942070782e-05, -0.00329721323214, 0.0011020489037, -0.00260267336853, 0.00245574326254, -0.0014997839462, 0.000646232394502, -0.00215963297524, 0.00593522936106, -0.00710828462616, 0.0165027081966, -0.00805813632905, 0.00198609055951], [-0.000459407252492, 0.00292383064516, -0.00143379310612, 0.0027312936727, -0.00133452448063, 0.00150030758232, -0.00247681303881, 0.00230090250261, -0.00398350832984, 0.00268482184038, -0.00805813632905, 0.0184023249894, -0.00839322991669], [0.000417876930442, -0.00155431590974, 0.000896562472917, -0.00255679013208, 0.00119189021643, 0.000501994625665, 0.00102869188413, -0.00358620053157, 0.00145740236621, -0.000820339249913, 0.00198609055951, -0.00839322991669, 0.0168909877539]]
    },
    "melbands": {
        "dmean": [0.000868827046361, 0.000835242855828, 0.000662743579596, 0.000419007468736, 0.00021106027998, 0.00019435408467, 0.000153152985149, 8.1962083641e-05, 7.38972739782e-05, 8.59168067109e-05, 7.23706034478e-05, 0.000148970269947, 9.41431717365e-05, 7.62585186749e-05, 9.69781031017e-05, 6.21262006462e-05, 1.76548728632e-05, 1.79116377694e-05, 2.56542243733e-05, 3.11557450914e-05, 2.0644019969e-05, 1.16902983791e-05, 9.32965849643e-06, 1.07898185888e-05, 1.52886950673e-05, 9.38714765653e-06, 9.04406442714e-06, 1.33164903673e-05, 5.3611115618e-06, 2.34234380514e-06, 2.14795409192e-06, 1.6316644178e-06, 1.97701592697e-06, 1.58833802288e-06, 1.54468193614e-06, 1.52090240135e-06, 1.34902495574e-06, 1.17327078897e-06, 1.27611008338e-06, 1.00712520634e-06],
        "dmean2": [0.00139046041295, 0.00133623927832, 0.00114373932593, 0.000725961232092, 0.0003447739291, 0.00031409424264, 0.000248240248766, 0.000136374976137, 0.000121837671031, 0.000136078771902, 0.00011338195327, 0.000215935651795, 0.000139342388138, 0.000113243171654, 0.000153855624376, 9.7214600828e-05, 2.85130208795e-05, 2.91585329251e-05, 4.10497050325e-05, 4.70129925816e-05, 3.16691621265e-05, 1.84710315807e-05, 1.53412092914e-05, 1.70385665115e-05, 2.43046124524e-05, 1.46514385051e-05, 1.39768289955e-05, 2.10074158531e-05, 8.62640354171e-06, 3.7568343032e-06, 3.51064454662e-06, 2.68702137873e-06, 3.27917382492e-06, 2.60038700617e-06, 2.5176930194e-06, 2.47484649663e-06, 2.14143415178e-06, 1.83180168278e-06, 2.05138348974e-06, 1.61564855716e-06],
        "dvar": [1.90800528799e-06, 1.34121296469e-06, 1.5735404304e-06, 7.75536307174e-07, 1.77226638698e-07, 2.6746357662e-07, 1.41035329193e-07, 5.46049463424e-08, 4.70001921826e-08, 4.80160231575e-08, 5.91783972936e-08, 1.49719340925e-07, 7.54433457928e-08, 7.42642569662e-08, 8.98796059801e-08, 2.21261728939e-08, 1.54445456424e-09, 1.471709421e-09, 4.32218838498e-09, 3.42078965154e-09, 1.91631732704e-09, 3.34871103069e-10, 2.24304699814e-10, 4.70916083906e-10, 7.79050324251e-10, 2.13158199425e-10, 2.54907456254e-10, 6.7976507756e-10, 1.07297060126e-10, 1.89122970756e-11, 2.69262563635e-11, 1.07282663656e-11, 1.90431333896e-11, 8.8417597896e-12, 9.22915910362e-12, 1.32335011005e-11, 6.12423783561e-12, 5.28643188252e-12, 7.83329564408e-12, 1.17790898563e-11],
        "dvar2": [4.9536847655e-06, 3.38931090482e-06, 4.3694035412e-06, 2.147169198e-06, 4.49255253443e-07, 6.51262610063e-07, 3.71062157001e-07, 1.47828529862e-07, 1.30886121497e-07, 1.13939819357e-07, 1.34983281441e-07, 3.48175262843e-07, 1.60232403346e-07, 1.52077319626e-07, 2.28420020676e-07, 5.27444079523e-08, 3.67112074073e-09, 3.48806583617e-09, 1.05593569444e-08, 7.55339346625e-09, 4.72993466616e-09, 7.66808172514e-10, 5.8711380202e-10, 1.15106246756e-09, 1.85925319585e-09, 4.97606844618e-10, 5.9570981481e-10, 1.64556079874e-09, 2.71402816887e-10, 4.80424172666e-11, 7.31598948089e-11, 2.79120684898e-11, 5.09522112002e-11, 2.14022081307e-11, 2.17335802133e-11, 3.40862615911e-11, 1.49479803535e-11, 1.26152812155e-11, 2.02318960196e-11, 3.02287465892e-11],
        "max": [0.0139323435724, 0.0165440384299, 0.0147368283942, 0.0101992199197, 0.0129711907357, 0.0120380064473, 0.00764637440443, 0.00498668523505, 0.0062446356751, 0.00705965002999, 0.00778747349977, 0.00902371108532, 0.00642219465226, 0.0070903734304, 0.00733850477263, 0.00279206153937, 0.00134392920882, 0.00124779704493, 0.00213681417517, 0.000885906280018, 0.000866064568982, 0.000359928875696, 0.000253863283433, 0.000452333595604, 0.000650272762869, 0.000215306543396, 0.000312910764478, 0.0005999255809, 0.000252118974458, 0.000142695353134, 0.000263614783762, 8.93828255357e-05, 0.000106273640995, 8.06442039902e-05, 0.000106817708001, 0.000143655968714, 8.73208264238e-05, 7.24370183889e-05, 8.20073837531e-05, 0.00012780688121],
        "mean": [0.00139035505708, 0.00152447773144, 0.00087264314061, 0.000549941731151, 0.000430353247793, 0.000347392982803, 0.000242389447521, 0.000120688855532, 0.000120521683129, 0.000147871018271, 0.000107420986751, 0.000241418936639, 0.000165909470525, 0.000138486167998, 0.000201446717256, 0.000121717574075, 3.06970869133e-05, 2.98137401842e-05, 4.75646775158e-05, 5.64227266295e-05, 3.83826481993e-05, 2.25675630645e-05, 1.75950917765e-05, 2.12789782381e-05, 3.10097057081e-05, 2.0316840164e-05, 1.94919812202e-05, 2.65148992185e-05, 1.03482325358e-05, 5.0417111197e-06, 4.58638578493e-06, 3.31892510985e-06, 3.94176095142e-06, 3.45693297277e-06, 3.64431366506e-06, 3.72881709154e-06, 3.38043469128e-06, 3.10976656692e-06, 2.95950371765e-06, 2.03918784791e-06],
        "median": [0.000630273949355, 0.00102341419552, 0.00044744083425, 0.000256529543549, 0.000192451509065, 0.000111597109935, 0.000104995735455, 5.57259227207e-05, 4.90172606078e-05, 4.52231033705e-05, 2.79931264231e-05, 3.84891573049e-05, 1.89012116607e-05, 1.58528819156e-05, 2.25569747272e-05, 2.15952532017e-05, 1.18740108519e-05, 1.56145142682e-05, 1.65984529303e-05, 1.84942527994e-05, 1.71015853994e-05, 1.48984599946e-05, 1.11381614261e-05, 1.01503155747e-05, 1.72056879819e-05, 1.26860404634e-05, 9.34945273912e-06, 1.09763432192e-05, 6.18360536464e-06, 3.02058288071e-06, 2.54792348642e-06, 1.77727974915e-06, 2.08022265724e-06, 2.05195556191e-06, 1.92422794498e-06, 1.87207569979e-06, 2.07214861803e-06, 1.73402384007e-06, 1.44459193052e-06, 8.61488274495e-07],
        "min": [5.1979559658e-24, 1.20974296839e-23, 7.71465417856e-24, 4.58976353496e-24, 4.425627613e-24, 2.7849907927e-24, 5.8797376806e-24, 3.62866234526e-24, 8.63506000631e-24, 1.3411824991e-23, 6.04501863417e-24, 1.27592153525e-23, 1.08564702273e-23, 4.93027416141e-24, 7.9013720328e-24, 7.42258000612e-24, 5.83442314362e-24, 4.93154738291e-24, 9.79393690798e-24, 1.11135970728e-23, 5.29339511912e-24, 7.82963696638e-24, 9.38262798744e-24, 8.33201041209e-24, 1.11096567126e-23, 6.53826298706e-24, 7.8267087147e-24, 1.12615921118e-23, 8.53421755021e-24, 8.55033792281e-24, 9.44632377237e-24, 8.69183669224e-24, 9.64876835762e-24, 8.13871345791e-24, 5.01000906627e-24, 6.22661520342e-24, 8.35646746674e-24, 1.05094858138e-23, 8.84340684884e-24, 1.03148809283e-23],
        "var": [3.09364077111e-06, 2.70529312729e-06, 1.57157683134e-06, 7.7922447872e-07, 8.61111686845e-07, 6.85223369601e-07, 1.99994516947e-07, 5.54241665895e-08, 7.0541481989e-08, 1.19727971537e-07, 8.38423943605e-08, 2.93237661708e-07, 1.93835376194e-07, 2.21091298158e-07, 3.10446154117e-07, 7.77117463713e-08, 4.00020372382e-09, 2.88153323424e-09, 1.14619256308e-08, 9.42370359525e-09, 4.97475838301e-09, 8.14933787119e-10, 4.70358307858e-10, 1.12646947326e-09, 1.89254834027e-09, 5.84582660057e-10, 7.99407595675e-10, 2.12365702801e-09, 1.93811217075e-10, 4.09857460471e-11, 4.62692592573e-11, 2.19540132601e-11, 3.4794632453e-11, 2.11538408318e-11, 2.65620025974e-11, 3.34901689714e-11, 1.94013208277e-11, 1.79636392567e-11, 2.11595203164e-11, 2.11292407182e-11]
    },
    "mfcc": {
        "mean": [-616.933776855, 92.7595443726, 4.35208320618, 20.3696994781, 9.15823745728, 0.336483925581, 6.23903083801, 2.5099375248, -2.72616457939, 5.0110001564, -4.24282121658, 0.162524312735, 2.46640610695],
        "cov": [[3686.01904297, -771.435180664, -137.418441772, 317.985748291, 119.658706665, 293.251739502, 363.790161133, 245.489761353, 13.9113359451, 43.7062644958, -92.4397583008, -0.739708781242, 173.44418335], [-771.435180664, 729.821044922, -7.16093158722, -4.08493280411, 16.9988689423, -105.377326965, -12.9594697952, -34.8457221985, 2.11764860153, 15.8866882324, 43.3272209167, 17.2951011658, -27.2226676941], [-137.418441772, -7.16093158722, 883.97479248, 182.695404053, 223.450012207, -10.7325372696, -41.3186073303, -71.3479919434, -91.1381530762, -26.9207992554, -76.6849822998, 12.5720472336, -14.6838989258], [317.985748291, -4.08493280411, 182.695404053, 443.646179199, 206.289428711, 85.3651351929, 48.184627533, 9.37607860565, 39.8500671387, 36.96900177, -20.1762332916, 51.9396858215, 50.6047096252], [119.658706665, 16.9988689423, 223.450012207, 206.289428711, 262.148101807, 41.7203712463, 7.93099689484, -19.8093547821, 3.61291766167, 19.3182563782, -22.4325256348, 27.5093898773, 17.8798027039], [293.251739502, -105.377326965, -10.7325372696, 85.3651351929, 41.7203712463, 266.126434326, 130.35307312, 52.5146903992, 25.7406463623, 19.9063262939, 25.202085495, 29.4210014343, 27.7285995483], [363.790161133, -12.9594697952, -41.3186073303, 48.184627533, 7.93099689484, 130.35307312, 235.354263306, 89.566078186, 4.72489929199, 29.5196399689, -3.869795084, 10.7855243683, 44.9666290283], [245.489761353, -34.8457221985, -71.3479919434, 9.37607860565, -19.8093547821, 52.5146903992, 89.566078186, 130.995910645, 38.0758781433, 13.8421506882, 5.11603879929, -4.66210985184, 15.5911493301], [13.9113359451, 2.11764860153, -91.1381530762, 39.8500671387, 3.61291766167, 25.7406463623, 4.72489929199, 38.0758781433, 148.712982178, 33.3650550842, 36.8773956299, 12.9668512344, -5.7923989296], [43.7062644958, 15.8866882324, -26.9207992554, 36.96900177, 19.3182563782, 19.9063262939, 29.5196399689, 13.8421506882, 33.3650550842, 95.9552993774, 26.8523750305, 8.83621120453, 8.49613571167], [-92.4397583008, 43.3272209167, -76.6849822998, -20.1762332916, -22.4325256348, 25.202085495, -3.869795084, 5.11603879929, 36.8773956299, 26.8523750305, 103.547767639, 35.6741485596, -5.58616256714], [-0.739708781242, 17.2951011658, 12.5720472336, 51.9396858215, 27.5093898773, 29.4210014343, 10.7855243683, -4.66210985184, 12.9668512344, 8.83621120453, 35.6741485596, 99.8952789307, 36.4662437439], [173.44418335, -27.2226676941, -14.6838989258, 50.6047096252, 17.8798027039, 27.7285995483, 44.9666290283, 15.5911493301, -5.7923989296, 8.49613571167, -5.58616256714, 36.4662437439, 94.5331115723]],
