{
"lowlevel": {
    "average_loudness": 0.87332868576,
    "barkbands_crest": {
        "dmean": 2.71285057068,
        "dmean2": 4.58771848679,
        "dvar": 6.19417476654,
        "dvar2": 16.8199958801,
        "max": 24.4853725433,
        "mean": 8.75361156464,
        "median": 7.9527797699,
        "min": 2.33700418472,
        "var": 13.3395271301
    },
    "barkbands_flatness_db": {
        "dmean": 0.0197378471494,
        "dmean2": 0.0317473821342,
        "dvar": 0.000346124899806,
        "dvar2": 0.000859314226545,
        "max": 0.320203989744,
        "mean": 0.102638699114,
        "median": 0.0963009223342,
        "min": 0.018863895908,
        "var": 0.00160400627647
    },
    "barkbands_kurtosis": {
        "dmean": 2.21385192871,
        "dmean2": 3.61487936974,
        "dvar": 21.5207958221,
        "dvar2": 53.8417892456,
        "max": 131.793319702,
        "mean": 2.51715683937,
        "median": 0.231149435043,
        "min": -1.91665136814,
        "var": 48.4267807007
    },
    "barkbands_skewness": {
        "dmean": 0.514632165432,
        "dmean2": 0.81352865696,
        "dvar": 0.286400467157,
        "dvar2": 0.697930693626,
        "max": 10.4589653015,
        "mean": 1.1510989666,
        "median": 0.873890817165,
        "min": -2.35117292404,
        "var": 1.41244161129
    },
    "barkbands_spread": {
        "dmean": 6.8243932724,
        "dmean2": 10.6431217194,
        "dvar": 51.377986908,
        "dvar2": 113.826576233,
        "max": 112.496612549,
        "mean": 30.9218788147,
        "median": 29.708032608,
        "min": 1.40179479122,
        "var": 255.4037323
    },
    "dissonance": {
        "dmean": 0.0155701618642,
        "dmean2": 0.0262770690024,
        "dvar": 0.000334762327839,
        "dvar2": 0.00087980000535,
        "max": 0.500000178814,
        "mean": 0.47350269556,
        "median": 0.482059717178,
        "min": 0.239961445332,
        "var": 0.000801343703642
    },
    "dynamic_complexity": 2.7215423584,
    "erbbands_crest": {
        "dmean": 2.59971261024,
        "dmean2": 4.15120172501,
        "dvar": 6.40303897858,
        "dvar2": 15.2294855118,
        "max": 30.6085414886,
        "mean": 8.70349121094,
        "median": 7.48937177658,
        "min": 2.27023553848,
        "var": 20.314332962
    },
    "erbbands_flatness_db": {
        "dmean": 0.0167516320944,
        "dmean2": 0.0241929963231,
        "dvar": 0.000252581463428,
        "dvar2": 0.00048751704162,
        "max": 0.302810162306,
        "mean": 0.136935189366,
        "median": 0.133123159409,
        "min": 0.0465964786708,
        "var": 0.00165526941419
    },
    "erbbands_kurtosis": {
        "dmean": 0.90147548914,
        "dmean2": 1.41091787815,
        "dvar": 1.70746719837,
        "dvar2": 4.02434968948,
        "max": 30.2827949524,
        "mean": 0.583891808987,
        "median": 0.00682640075684,
        "min": -1.8553674221,
        "var": 4.6767115593
    },
    "erbbands_skewness": {
        "dmean": 0.339956104755,
        "dmean2": 0.514401435852,
        "dvar": 0.100578859448,
        "dvar2": 0.215030834079,
        "max": 4.41756486893,
        "mean": 0.0610864087939,
        "median": -0.0528216362,
        "min": -2.59118890762,
        "var": 0.68685400486
    },
    "erbbands_spread": {
        "dmean": 8.61640262604,
        "dmean2": 13.1394681931,
        "dvar": 84.7353973389,
        "dvar2": 178.718612671,
        "max": 174.443405151,
        "mean": 41.7459945679,
        "median": 37.3321266174,
        "min": 2.62423157692,
        "var": 485.247070312
    },
    "hfc": {
        "dmean": 6.57250833511,
        "dmean2": 9.66292381287,
        "dvar": 75.1620559692,
        "dvar2": 157.291366577,
        "max": 118.509651184,
        "mean": 25.2089271545,
        "median": 21.020565033,
        "min": 1.16029273032e-16,
        "var": 377.864105225
    },
    "melbands_crest": {
        "dmean": 3.35482430458,
        "dmean2": 5.60885190964,
        "dvar": 8.18567085266,
        "dvar2": 22.6370296478,
        "max": 30.5147609711,
        "mean": 12.603055954,
        "median": 12.0654811859,
        "min": 1.56940960884,
        "var": 19.8233623505
    },
    "melbands_flatness_db": {
        "dmean": 0.0255211796612,
        "dmean2": 0.0413713976741,
        "dvar": 0.00059052213328,
        "dvar2": 0.00149101903662,
        "max": 0.4393671453,
        "mean": 0.162748992443,
        "median": 0.153002157807,
        "min": 0.00423972820863,
        "var": 0.0030848942697
    },
    "melbands_kurtosis": {
        "dmean": 6.98107433319,
        "dmean2": 11.418050766,
        "dvar": 155.492233276,
        "dvar2": 408.908660889,
        "max": 256.196472168,
        "mean": 11.886759758,
        "median": 4.51654052734,
        "min": -1.75028026104,
        "var": 377.117004395
    },
    "melbands_skewness": {
        "dmean": 0.792775452137,
        "dmean2": 1.24573886395,
        "dvar": 0.680273532867,
        "dvar2": 1.68021571636,
        "max": 12.1006212234,
        "mean": 2.43419027328,
        "median": 2.05173516273,
        "min": -1.81169164181,
        "var": 3.26966500282
    },
    "melbands_spread": {
        "dmean": 9.09062099457,
        "dmean2": 14.5568294525,
        "dvar": 106.634140015,
        "dvar2": 259.431030273,
        "max": 214.046707153,
        "mean": 33.2235641479,
        "median": 30.7984790802,
        "min": 1.01393699646,
        "var": 404.975830078
    },
    "pitch_salience": {
        "dmean": 0.0739634856582,
        "dmean2": 0.122466363013,
        "dvar": 0.00412279786542,
        "dvar2": 0.0110437367111,
        "max": 0.858024954796,
        "mean": 0.566507995129,
        "median": 0.567299842834,
        "min": 0.111506015062,
        "var": 0.0113407894969
    },
    "silence_rate_20dB": {
        "dmean": 0,
        "dmean2": 0,
        "dvar": 0,
        "dvar2": 0,
        "max": 1,
        "mean": 1,
        "median": 1,
        "min": 1,
        "var": 0
    },
    "silence_rate_30dB": {
        "dmean": 0,
        "dmean2": 0,
        "dvar": 0,
        "dvar2": 0,
        "max": 1,
        "mean": 1,
        "median": 1,
        "min": 1,
        "var": 0
    },
    "silence_rate_60dB": {
        "dmean": 0.00843773968518,
        "dmean2": 0.0168776363134,
        "dvar": 0.00836770050228,
        "dvar2": 0.0188946947455,
        "max": 1,
        "mean": 0.0476799197495,
        "median": 0,
        "min": 0,
        "var": 0.0453945063055
    },
    "spectral_centroid": {
        "dmean": 257.917785645,
        "dmean2": 402.890716553,
        "dvar": 81496.484375,
        "dvar2": 160331.296875,
        "max": 11499.6542969,
        "mean": 1766.94152832,
        "median": 1823.99804688,
        "min": 194.491699219,
        "var": 453906.03125
    },
    "spectral_complexity": {
        "dmean": 3.78854513168,
        "dmean2": 5.83454799652,
        "dvar": 16.2053222656,
        "dvar2": 32.7367782593,
        "max": 55,
        "mean": 20.9060459137,
        "median": 21,
        "min": 0,
        "var": 117.125549316
    },
    "spectral_decrease": {
        "dmean": 2.02143923822e-09,
        "dmean2": 3.34509797639e-09,
        "dvar": 6.48354710672e-18,
        "dvar2": 1.69468297125e-17,
        "max": 1.52544581248e-28,
        "mean": -5.63328272918e-09,
        "median": -5.03255437323e-09,
        "min": -3.86885332659e-08,
        "var": 1.31148468688e-17
    },
    "spectral_energy": {
        "dmean": 0.00806261785328,
        "dmean2": 0.0132582020015,
        "dvar": 0.000100150187791,
        "dvar2": 0.000258392537944,
        "max": 0.15080858767,
        "mean": 0.0235479027033,
        "median": 0.0209332890809,
        "min": 1.04627741158e-20,
        "var": 0.000223390656174
    },
    "spectral_energyband_high": {
        "dmean": 0.000452497653896,
        "dmean2": 0.000650832196698,
        "dvar": 6.27022927802e-07,
        "dvar2": 1.35497532483e-06,
        "max": 0.0101600717753,
        "mean": 0.00124985899311,
        "median": 0.000847649818752,
        "min": 7.38892168419e-21,
        "var": 1.6542234107e-06
    },
    "spectral_energyband_low": {
        "dmean": 0.0049806185998,
        "dmean2": 0.00859665218741,
        "dvar": 6.32687515463e-05,
        "dvar2": 0.000174623870407,
        "max": 0.121708258986,
        "mean": 0.00756880640984,
        "median": 0.00557059282437,
        "min": 6.26570633783e-23,
        "var": 6.53456663713e-05
    },
    "spectral_energyband_middle_high": {
        "dmean": 0.00259856320918,
        "dmean2": 0.00384323159233,
        "dvar": 1.64431385201e-05,
        "dvar2": 3.60932936019e-05,
        "max": 0.0629811733961,
        "mean": 0.00796732120216,
        "median": 0.00515543855727,
        "min": 1.41869876106e-21,
        "var": 7.82930947025e-05
    },
    "spectral_energyband_middle_low": {
        "dmean": 0.00363421742804,
        "dmean2": 0.00598084414378,
        "dvar": 2.73454206763e-05,
        "dvar2": 7.30207466404e-05,
        "max": 0.129095375538,
        "mean": 0.0080015938729,
        "median": 0.00604768795893,
        "min": 2.22050435624e-22,
        "var": 4.75598862977e-05
    },
    "spectral_entropy": {
        "dmean": 0.135202586651,
        "dmean2": 0.201147764921,
        "dvar": 0.0202182941139,
        "dvar2": 0.040916480124,
        "max": 9.8091506958,
        "mean": 7.80955028534,
        "median": 7.83143091202,
        "min": 5.99982833862,
        "var": 0.107619337738
    },
    "spectral_flux": {
        "dmean": 0.0223952587694,
        "dmean2": 0.0358039289713,
        "dvar": 0.0005795591278,
        "dvar2": 0.00123160227668,
        "max": 0.327134042978,
        "mean": 0.0886074006557,
        "median": 0.0835850536823,
        "min": 6.56458151727e-11,
        "var": 0.00167360680643
    },
    "spectral_kurtosis": {
        "dmean": 0.835131525993,
        "dmean2": 1.37204909325,
        "dvar": 0.661864817142,
        "dvar2": 1.76748085022,
        "max": 12.3340768814,
        "mean": 3.32584071159,
        "median": 3.15370321274,
        "min": -1.29746878147,
        "var": 2.70279669762
    },
    "spectral_rms": {
        "dmean": 0.000784959818702,
        "dmean2": 0.00126642384566,
        "dvar": 6.88851457653e-07,
        "dvar2": 1.69490101598e-06,
        "max": 0.0121297286823,
        "mean": 0.00453107757494,
        "median": 0.00451915059239,
        "min": 3.19493108185e-12,
        "var": 2.44275724981e-06
    },
    "spectral_rolloff": {
        "dmean": 617.353820801,
        "dmean2": 1015.04364014,
        "dvar": 894522.4375,
        "dvar2": 1955895.75,
        "max": 19099.9511719,
        "mean": 2085.93359375,
        "median": 2002.58789062,
        "min": 86.1328125,
        "var": 2601824.75
    },
    "spectral_skewness": {
        "dmean": 0.14342688024,
        "dmean2": 0.226252496243,
        "dvar": 0.0182079449296,
        "dvar2": 0.0425554737449,
        "max": 2.9535908699,
        "mean": 1.34475708008,
        "median": 1.32349932194,
        "min": -0.047265034169,
        "var": 0.105270877481
    },
    "spectral_spread": {
        "dmean": 497619.15625,
        "dmean2": 729098.1875,
        "dvar": 721535107072,
        "dvar2": 1.31412262912e+12,
        "max": 50358584,
        "mean": 5107245.5,
        "median": 4834670.5,
        "min": 2464121.25,
        "var": 2.69445077402e+12
    },
    "spectral_strongpeak": {
        "dmean": 0.715360045433,
        "dmean2": 1.20359122753,
        "dvar": 1.43842220306,
        "dvar2": 3.47736358643,
        "max": 21.6735153198,
        "mean": 1.12701094151,
        "median": 0.400278300047,
        "min": 0,
        "var": 2.74796962738
    },
    "zerocrossingrate": {
        "dmean": 0.0112289078534,
        "dmean2": 0.0132470251992,
        "dvar": 0.000174702829099,
        "dvar2": 0.000206663637073,
        "max": 0.65478515625,
        "mean": 0.0814393609762,
        "median": 0.07763671875,
        "min": 0.00439453125,
        "var": 0.00142388383392
    },
    "barkbands": {
        "dmean": [8.56687547639e-05, 0.00322859780863, 0.00197227508761, 0.00134480092674, 0.0015967116924, 0.000792967155576, 0.00021410388581, 0.000463299656985, 0.000777527107857, 0.00077570322901, 0.000791206373833, 0.000802056340035, 0.000471688312246, 0.000143940254929, 0.000360095553333, 0.00056108791614, 0.000213317005546, 0.000287093862426, 0.000250243057963, 0.000167130710906, 0.000126251557958, 0.000119034921227, 8.31822835607e-05, 7.43554337532e-05, 6.09229027759e-05, 2.87336424662e-05, 6.13881866229e-06],
        "dmean2": [0.000148177845404, 0.00566598633304, 0.00341495941393, 0.00232013361529, 0.00264976313338, 0.00129240797833, 0.000350992835592, 0.000741576601285, 0.00121260620654, 0.00123737379909, 0.00119445286691, 0.0012660974171, 0.000760743801948, 0.00023446585692, 0.000566189002711, 0.000857477542013, 0.000346383923898, 0.000459139439045, 0.000406178412959, 0.000268176750978, 0.000202153401915, 0.000188352292753, 0.000128565909108, 0.000111834953714, 8.86517955223e-05, 4.11775254179e-05, 9.31893282541e-06],
        "dvar": [2.47488269878e-08, 3.42108687619e-05, 1.12175748654e-05, 6.26306882623e-06, 8.9099021352e-06, 3.13316149914e-06, 2.70086474075e-07, 1.16390617677e-06, 3.64851689483e-06, 4.64104959974e-06, 4.97049222759e-06, 4.62483876618e-06, 1.30722014546e-06, 8.19531820184e-08, 9.07873129563e-07, 2.32539719036e-06, 1.6303584971e-07, 3.00181568491e-07, 1.93976561036e-07, 6.79484344346e-08, 4.1599271583e-08, 5.28932808663e-08, 2.14949729127e-08, 1.86547417513e-08, 1.55779016353e-08, 3.5617806482e-09, 1.93186119879e-10],
        "dvar2": [6.78992861936e-08, 9.48254964896e-05, 3.2382158679e-05, 1.79567759915e-05, 2.39646906266e-05, 7.91213187767e-06, 6.91105697115e-07, 2.84775956061e-06, 8.68307233759e-06, 1.13007772597e-05, 1.07253799797e-05, 1.14382264655e-05, 3.31295768774e-06, 2.14803534959e-07, 2.09187555811e-06, 5.0746280067e-06, 3.89416271673e-07, 6.94080426911e-07, 4.84043766846e-07, 1.59403015232e-07, 1.00567497441e-07, 1.26168913539e-07, 5.02463741725e-08, 4.30521645001e-08, 3.37796208782e-08, 7.62270691013e-09, 4.3623721302e-10],
        "max": [0.00223737116903, 0.06348631531, 0.0678019449115, 0.0414268746972, 0.0733221918344, 0.0311638619751, 0.0150901479647, 0.017012571916, 0.0369109176099, 0.0524696260691, 0.0473988316953, 0.0401655621827, 0.0241887234151, 0.00540585024282, 0.020377645269, 0.043531473726, 0.0126956645399, 0.0108645558357, 0.0135595658794, 0.00924709811807, 0.00427937414497, 0.00276961713098, 0.0019474074943, 0.00182358291931, 0.0025083895307, 0.00106164510362, 0.000217040025746],
        "mean": [8.89989751158e-05, 0.00377872143872, 0.00265262066387, 0.00174914172385, 0.00262216199189, 0.00110855372623, 0.000298635975923, 0.000701667915564, 0.00119691237342, 0.00112860684749, 0.00125220359769, 0.00140420137905, 0.000781673181336, 0.000250800396316, 0.000575143378228, 0.0010243592551, 0.000393315480324, 0.000595015997533, 0.000509380537551, 0.000387536099879, 0.000295235018712, 0.000235512867221, 0.000177673777216, 0.000160311275977, 0.000122510522488, 4.85202181153e-05, 8.43651287141e-06],
        "median": [3.62417194992e-05, 0.00219476944767, 0.00169612653553, 0.000935695366934, 0.00146157306153, 0.000397224677727, 0.000131476161187, 0.000229570228839, 0.000328361784341, 0.000206624681596, 0.000179889815627, 0.000245794653893, 0.000214966828935, 0.000109451990284, 0.000182142292033, 0.000300937303109, 0.000206501979847, 0.000303827982862, 0.000305849069264, 0.000251948571531, 0.000192089311895, 0.000127895313199, 9.87527819234e-05, 7.59746326366e-05, 5.98513470322e-05, 2.06804888876e-05, 2.52716586147e-06],
        "min": [7.84016668174e-24, 1.77671875799e-23, 1.41372551686e-23, 2.60751345789e-23, 3.62178915797e-23, 2.77519878062e-23, 2.61568148148e-23, 2.44555368762e-23, 3.8878050459e-23, 5.87929954726e-23, 3.20829383055e-23, 3.9173841744e-23, 4.33671991242e-23, 8.45399639149e-23, 4.65996639684e-23, 9.13156038258e-23, 1.76661638435e-22, 1.3173363699e-22, 3.11532505825e-22, 2.00974382021e-22, 2.95027920101e-22, 4.52821709623e-22, 6.21150389436e-22, 7.26244837366e-22, 9.97001842442e-22, 1.61247440236e-21, 2.29222955874e-21],
        "var": [2.36541897181e-08, 2.95370409731e-05, 1.15492166515e-05, 6.83327607476e-06, 1.43666866279e-05, 4.46360718342e-06, 3.4998117826e-07, 2.2711881229e-06, 7.23682251191e-06, 7.96744188847e-06, 1.17701129057e-05, 1.12721381811e-05, 2.60458637058e-06, 1.83841351031e-07, 1.74563706423e-06, 5.81046424486e-06, 3.51831744183e-07, 8.09452785688e-07, 4.40572023308e-07, 1.92766876239e-07, 1.05919461646e-07, 9.21845995094e-08, 4.56036559626e-08, 4.70446437362e-08, 3.42052537405e-08, 6.43990816229e-09, 2.85760637375e-10]
    },
    "erbbands": {
        "dmean": [0.0805093720555, 0.784852683544, 1.9802172184, 3.64792060852, 4.25749111176, 5.72003126144, 8.34029865265, 5.83773183823, 3.02805781364, 5.03926038742, 11.3661823273, 17.2704620361, 21.3179168701, 23.8004779816, 33.4176216125, 28.2864494324, 21.8234863281, 7.828104496, 10.3571815491, 25.067199707, 24.9468860626, 10.438539505, 13.5743598938, 17.6151199341, 6.85421276093, 8.59721088409, 5.23993444443, 5.39209842682, 3.84906005859, 3.47892141342, 2.47237944603, 1.79367625713, 1.12405872345, 0.794715464115, 0.382750093937, 0.158583655953, 0.0492949225008, 0.0102895917371, 0.00107710203156, 2.98945669783e-05],
        "dmean2": [0.140898764133, 1.37965559959, 3.44319915771, 6.22361373901, 7.29988479614, 9.56013202667, 13.5277557373, 9.60809803009, 4.98427438736, 7.99685621262, 18.192615509, 26.9517211914, 34.2055168152, 36.5385398865, 50.0479431152, 43.8722038269, 34.6483078003, 12.7035923004, 16.4078369141, 38.1336975098, 38.0544929504, 16.6705989838, 21.7076225281, 28.0072841644, 11.0141172409, 13.8146314621, 8.40419197083, 8.56561183929, 6.02554988861, 5.49824047089, 3.83158946037, 2.75695109367, 1.69314587116, 1.16282844543, 0.563207268715, 0.231869891286, 0.0714076310396, 0.0151644684374, 0.00162134051789, 4.43587414338e-05],
        "dvar": [0.0225171856582, 1.95563566685, 11.8365211487, 37.7376174927, 67.47290802, 140.911437988, 337.131958008, 202.020767212, 65.305770874, 134.317428589, 719.780334473, 1997.6348877, 3720.20678711, 3885.96728516, 9221.02246094, 5487.54589844, 2662.24121094, 231.220748901, 817.734619141, 4298.58496094, 3793.59838867, 297.042053223, 707.672058105, 915.814025879, 108.83000946, 194.238220215, 68.0109939575, 86.6524658203, 57.1984596252, 43.4809265137, 18.4279441833, 10.8336515427, 4.44934558868, 2.65800738335, 0.617692410946, 0.129805400968, 0.0100751295686, 0.000498252455145, 5.45049442735e-06, 3.16344883622e-09],
        "dvar2": [0.0620288550854, 5.44506216049, 34.2185211182, 106.918815613, 188.639648438, 380.205352783, 819.083251953, 518.731445312, 174.736618042, 311.734191895, 1724.1862793, 4746.23876953, 9407.51074219, 8510.97558594, 21542.8183594, 13881.3837891, 6593.80224609, 597.456787109, 2031.1295166, 9011.28027344, 8297.94433594, 701.692749023, 1664.34411621, 2188.66992188, 264.711730957, 460.117553711, 167.880462646, 204.381134033, 137.028076172, 105.112358093, 43.1559143066, 25.4474525452, 10.0279626846, 5.86062812805, 1.345656991, 0.295431792736, 0.0210964549333, 0.00107009802014, 1.21689472508e-05, 6.87294576807e-09],
        "max": [1.59628582001, 14.6045484543, 74.2263717651, 115.852340698, 150.411758423, 265.400939941, 359.733062744, 325.293365479, 278.052307129, 243.575683594, 454.617889404, 778.830200195, 1820.51013184, 1096.72717285, 2208.15551758, 1780.11462402, 1247.52453613, 300.564422607, 752.630859375, 2263.39111328, 1818.47302246, 358.730499268, 662.20526123, 787.998657227, 282.129974365, 479.772155762, 165.519073486, 223.680892944, 82.1895828247, 91.1214599609, 69.0791244507, 57.0541000366, 32.7208251953, 35.8233642578, 13.9670677185, 6.34612464905, 2.19968056679, 0.431645750999, 0.0422586500645, 0.00098330329638],
        "mean": [0.0921922847629, 0.918792545795, 2.69529414177, 5.28306293488, 6.03631067276, 8.90451717377, 12.1830472946, 8.09563350677, 4.46053791046, 8.04428958893, 18.3012599945, 26.7489261627, 32.9100837708, 39.2854919434, 58.4614448547, 53.7946929932, 39.8097572327, 15.4708623886, 19.0207157135, 47.5662765503, 47.4257392883, 22.7454586029, 29.395406723, 38.1150817871, 16.5766353607, 19.6225948334, 12.2916612625, 11.7286996841, 7.75274276733, 6.99341726303, 5.1412062645, 3.74940371513, 2.41414928436, 1.59643089771, 0.738753139973, 0.267239570618, 0.0807920843363, 0.0160309672356, 0.00150411413051, 6.39234785922e-05],
        "median": [0.0497755296528, 0.533363223076, 1.74939227104, 3.32883524895, 3.56463956833, 4.34530353546, 4.37690877914, 3.03421592712, 2.17595624924, 3.16818785667, 6.81469917297, 8.14974784851, 7.59557676315, 7.57753419876, 10.3037958145, 11.5063610077, 11.3740367889, 7.43519306183, 7.79592561722, 15.4583387375, 16.2250957489, 13.4351301193, 16.4411849976, 21.7528133392, 10.8567619324, 12.6176862717, 8.02149009705, 7.48605775833, 4.27450561523, 3.9121029377, 2.78010940552, 1.75530743599, 1.17475962639, 0.751822948456, 0.357783287764, 0.120398871601, 0.0329384692013, 0.00577046349645, 0.000473806372611, 4.51155501651e-05],
        "min": [9.42277261404e-22, 2.52776903622e-21, 1.28613822114e-20, 7.33320363823e-20, 5.30511833496e-20, 1.49863077461e-19, 1.75802104378e-19, 1.95457931985e-19, 3.34995119989e-19, 3.65572187374e-19, 6.88674905848e-19, 9.17920154401e-19, 2.02484714966e-18, 9.82128395089e-19, 1.4978550343e-18, 2.10528198563e-18, 2.007886018e-18, 2.63166684703e-18, 4.07569093162e-18, 5.50052938907e-18, 7.48861994104e-18, 8.97099211882e-18, 8.04615869905e-18, 1.35671798334e-17, 1.55841654586e-17, 9.02922976985e-18, 1.10207034905e-17, 1.37747310297e-17, 1.57653908046e-17, 1.91584046136e-17, 1.82674070168e-17, 1.51839142668e-17, 1.17236696992e-17, 8.17466699748e-18, 8.12117901753e-18, 5.41279985408e-18, 3.30434645798e-18, 1.30517375376e-18, 2.84557807988e-19, 3.49619453499e-20],
        "var": [0.0193670764565, 1.69935393333, 11.5969638824, 44.5027198792, 73.3676834106, 230.374954224, 569.294311523, 263.945159912, 70.6683120728, 263.050842285, 1482.13818359, 3657.75732422, 6278.94726562, 8578.87207031, 21847.1875, 14180.359375, 6113.96582031, 521.898803711, 1610.7598877, 12437.2539062, 10266.8066406, 827.272705078, 1742.81738281, 2484.99755859, 320.967987061, 528.943115234, 177.974197388, 191.576446533, 99.4835739136, 75.9599914551, 40.0560874939, 26.2821769714, 10.8300132751, 6.05805444717, 1.25107634068, 0.202312454581, 0.0191017277539, 0.000841077999212, 8.23350183055e-06, 5.29846877484e-09]
    },
    "gfcc": {
        "mean": [22.4968528748, 63.4656410217, -112.951896667, 40.1822776794, -51.6166610718, 18.9804172516, -32.357170105, 12.492477417, -29.3596191406, -2.46728301048, -20.212562561, 2.30756235123, -12.2202911377],
        "cov": [[4022.89624023, -439.535949707, -48.6293563843, 181.097167969, 44.5242614746, 224.518951416, -9.89221572876, 95.3320541382, -91.4835662842, -20.137096405, -15.8791685104, 66.8787155151, -22.4406700134], [-439.535949707, 782.724365234, 51.6397094727, 93.4269790649, 19.2429866791, -43.0866737366, 49.1564216614, -20.9696121216, 2.56033658981, -79.4940109253, 42.4690818787, -41.0409698486, 39.2167167664], [-48.6293563843, 51.6397094727, 997.081115723, 258.781341553, -57.1633491516, 0.285941511393, -118.116333008, 29.2668495178, 28.0186271667, -36.8406105042, 28.3671188354, 36.0061416626, 23.3652648926], [181.097167969, 93.4269790649, 258.781341553, 487.40612793, 141.941864014, 18.6305885315, -80.8587799072, -37.7368927002, 36.4405174255, 13.2874212265, 6.82349157333, -40.1456451416, 19.8317279816], [44.5242614746, 19.2429866791, -57.1633491516, 141.941864014, 308.352600098, 23.0937747955, 22.4440765381, -16.1517906189, 37.7074813843, 47.6606636047, -13.1566324234, -35.7686004639, -35.681930542], [224.518951416, -43.0866737366, 0.285941511393, 18.6305885315, 23.0937747955, 198.230209351, 119.774856567, 21.7493915558, -44.3756027222, -19.891866684, 36.237953186, -6.38283729553, -28.8511486053], [-9.89221572876, 49.1564216614, -118.116333008, -80.8587799072, 22.4440765381, 119.774856567, 255.820877075, 39.7503395081, -52.1441040039, -15.5341968536, 34.5532836914, -1.71791172028, -62.0274581909], [95.3320541382, -20.9696121216, 29.2668495178, -37.7368927002, -16.1517906189, 21.7493915558, 39.7503395081, 98.0610733032, 25.1200962067, -6.52083444595, -1.05801343918, 5.83894681931, -0.557378470898], [-91.4835662842, 2.56033658981, 28.0186271667, 36.4405174255, 37.7074813843, -44.3756027222, -52.1441040039, 25.1200962067, 116.6616745, 43.8299102783, -21.0346698761, -13.3442592621, 12.8984584808], [-20.137096405, -79.4940109253, -36.8406105042, 13.2874212265, 47.6606636047, -19.891866684, -15.5341968536, -6.52083444595, 43.8299102783, 93.8123855591, 4.78890895844, -3.05542063713, -11.9576740265], [-15.8791685104, 42.4690818787, 28.3671188354, 6.82349157333, -13.1566324234, 36.237953186, 34.5532836914, -1.05801343918, -21.0346698761, 4.78890895844, 76.2358093262, 21.3453292847, -4.6388964653], [66.8787155151, -41.0409698486, 36.0061416626, -40.1456451416, -35.7686004639, -6.38283729553, -1.71791172028, 5.83894681931, -13.3442592621, -3.05542063713, 21.3453292847, 74.2378692627, 28.3524913788], [-22.4406700134, 39.2167167664, 23.3652648926, 19.8317279816, -35.681930542, -28.8511486053, -62.0274581909, -0.557378470898, 12.8984584808, -11.9576740265, -4.6388964653, 28.3524913788, 98.9212799072]],
        "icov": [[0.000332091673044, 7.72120401962e-05, 0.00013775312982, -0.000273664656561, 1.24656398839e-05, -0.000450945575722, 0.000376511656214, -0.000566624454223, 0.000397020630771, -3.26419685734e-05, 0.00033316842746, -0.000592090771534, 0.000302535539959], [7.72120401962e-05, 0.00215162662789, -0.000107442632725, -0.000245201343205, -0.000343154883012, 0.00154355843551, -0.0014507031301, 0.000771055812947, -0.000975661270786, 0.00258712819777, -0.00237771729007, 0.00214884406887, -0.00162728386931], [0.00013775312982, -0.000107442632725, 0.00154191057663, -0.00108681840356, 0.000549405638594, -0.000486081873532, 0.00103606877383, -0.00108306400944, -0.000134256362799, 0.000576721504331, -9.91060951492e-05, -0.00160584377591, 0.00117032346316], [-0.000273664656561, -0.000245201343205, -0.00108681840356, 0.00383682129905, -0.00168054131791, -0.000490815669764, 0.000524766393937, 0.0016101822257, -0.000605067820288, -6.99296651874e-05, -0.00111087132245, 0.00256773107685, -0.00160619558301], [1.24656398839e-05, -0.000343154883012, 0.000549405638594, -0.00168054131791, 0.00488278036937, -0.000738168950193, -0.000499892048538, 0.000456292123999, -0.000986378756352, -0.00194679317065, 0.00166570756119, -0.000520835572388, 0.0017017890932], [-0.000450945575722, 0.00154355843551, -0.000486081873532, -0.000490815669764, -0.000738168950193, 0.0100542670116, -0.00490842666477, 9.28529843804e-05, 0.000581237894949, 0.00262684491463, -0.0046382797882, 0.00393372401595, -0.00201536761597], [0.000376511656214, -0.0014507031301, 0.00103606877383, 0.000524766393937, -0.000499892048538, -0.00490842666477, 0.00953684840351, -0.00428951857612, 0.00302653503604, -0.00121627014596, 0.000368139502825, -0.00298016960733, 0.00498428894207], [-0.000566624454223, 0.000771055812947, -0.00108306400944, 0.0016101822257, 0.000456292123999, 9.28529843804e-05, -0.00428951857612, 0.0155909704044, -0.00706411385909, 0.00316003197804, -0.000643435574602, 0.0010174845811, -0.00193010189105], [0.000397020630771, -0.000975661270786, -0.000134256362799, -0.000605067820288, -0.000986378756352, 0.000581237894949, 0.00302653503604, -0.00706411385909, 0.0163928698748, -0.00799702852964, 0.00350138545036, 0.00100591790397, -0.000926735170651], [-3.26419685734e-05, 0.00258712819777, 0.000576721504331, -6.99296651874e-05, -0.00194679317065, 0.00262684491463, -0.00121627014596, 0.00316003197804, -0.00799702852964, 0.0188486706465, -0.00624130247161, 0.000932882598136, 0.00092492782278], [0.00033316842746, -0.00237771729007, -9.91060951492e-05, -0.00111087132245, 0.00166570756119, -0.0046382797882, 0.000368139502825, -0.000643435574602, 0.00350138545036, -0.00624130247161, 0.0208662394434, -0.00845011975616, 0.00292904954404], [-0.000592090771534, 0.00214884406887, -0.00160584377591, 0.00256773107685, -0.000520835572388, 0.00393372401595, -0.00298016960733, 0.0010174845811, 0.00100591790397, 0.000932882598136, -0.00845011975616, 0.0234441719949, -0.00915936287493], [0.000302535539959, -0.00162728386931, 0.00117032346316, -0.00160619558301, 0.0017017890932, -0.00201536761597, 0.00498428894207, -0.00193010189105, -0.000926735170651, 0.00092492782278, 0.00292904954404, -0.00915936287493, 0.0170041341335]]
    },
    "melbands": {
        "dmean": [0.000824746733997, 0.0010040809866, 0.000612340227235, 0.000329070491716, 0.000291351345368, 0.000131295833853, 4.47579514002e-05, 6.56811898807e-05, 9.67881132965e-05, 0.000113319583761, 0.000110664092063, 9.97942624963e-05, 0.000110226668767, 9.25672065932e-05, 7.01434328221e-05, 3.69655717805e-05, 1.39771555041e-05, 1.54841472977e-05, 2.99039747915e-05, 4.30841973866e-05, 2.84793804894e-05, 1.19242004075e-05, 1.12043853733e-05, 1.55141788127e-05, 1.61022580869e-05, 7.44002818465e-06, 5.14144994668e-06, 6.32780256637e-06, 3.78346658181e-06, 2.86025260721e-06, 3.67654797628e-06, 2.25552253141e-06, 2.64309210252e-06, 1.75874345132e-06, 1.49161439822e-06, 1.29196723719e-06, 1.22194421692e-06, 8.063169048e-07, 8.2880529817e-07, 7.26515054339e-07],
        "dmean2": [0.00144424336031, 0.00174586952198, 0.00104693230242, 0.000553407182451, 0.00047311684466, 0.000214736428461, 7.33966226107e-05, 0.000104154700239, 0.000154640161782, 0.000177368841833, 0.000177338995854, 0.000153945497004, 0.000164203796885, 0.000143738128827, 0.00010864581418, 5.95541059738e-05, 2.29080760619e-05, 2.47460593528e-05, 4.64070071757e-05, 6.60240693833e-05, 4.38991446572e-05, 1.93994328583e-05, 1.78000882443e-05, 2.47859206866e-05, 2.58462769125e-05, 1.21515113278e-05, 8.38730284158e-06, 1.0240217307e-05, 6.11534460404e-06, 4.59940474684e-06, 5.86741043662e-06, 3.56601663043e-06, 4.23894925916e-06, 2.81915072264e-06, 2.35131710724e-06, 2.03180616154e-06, 1.9256158339e-06, 1.24187715755e-06, 1.25860651679e-06, 1.09259883629e-06],
        "dvar": [2.29929037232e-06, 2.8531812859e-06, 1.08265680865e-06, 3.76591486884e-07, 3.82128718002e-07, 9.49532790173e-08, 1.28451924652e-08, 2.20418598929e-08, 5.19188567694e-08, 8.6836870139e-08, 9.9676391585e-08, 6.99060507259e-08, 9.80366365866e-08, 6.82172114352e-08, 3.19870743226e-08, 7.41212291544e-09, 8.13340117478e-10, 1.81443837732e-09, 5.85158765887e-09, 1.66263927071e-08, 4.82400785984e-09, 4.71360062093e-10, 4.11761236219e-10, 1.08172260038e-09, 8.00989830019e-10, 1.87962104214e-10, 6.23490842289e-11, 1.15585159499e-10, 3.74360091537e-11, 2.14510700869e-11, 3.94940746773e-11, 1.95210219517e-11, 2.71248093431e-11, 1.07254630524e-11, 6.86550512621e-12, 5.48161039129e-12, 4.98508439389e-12, 2.43843530437e-12, 2.40302959822e-12, 2.46074753456e-12],
        "dvar2": [6.34948219158e-06, 8.10725487099e-06, 3.05395542455e-06, 1.03506613414e-06, 9.49989214405e-07, 2.43173161607e-07, 3.40897763351e-08, 5.28339398898e-08, 1.21233938444e-07, 2.08686060432e-07, 2.51075874758e-07, 1.5265896991e-07, 2.17543629333e-07, 1.67058232137e-07, 7.68164554188e-08, 1.82193122811e-08, 2.13596984544e-09, 4.63214977486e-09, 1.26241701537e-08, 3.55272682384e-08, 1.08141842148e-08, 1.15242360099e-09, 9.54402001874e-10, 2.5550002114e-09, 1.95047866747e-09, 4.54764614854e-10, 1.5861680025e-10, 2.76398348653e-10, 9.43758265981e-11, 5.32461158498e-11, 9.38719380006e-11, 4.71425710968e-11, 6.87221668461e-11, 2.618194897e-11, 1.6538069525e-11, 1.29917387612e-11, 1.2119008054e-11, 5.80282306581e-12, 5.40548985781e-12, 5.69555470495e-12],
        "max": [0.0167221426964, 0.0328201949596, 0.0181336514652, 0.014744611457, 0.0131117189303, 0.00672589335591, 0.0036446293816, 0.00253091426566, 0.00402354309335, 0.00588798988611, 0.00937362480909, 0.00457545230165, 0.00726409163326, 0.00566998403519, 0.00411316333339, 0.0018312651664, 0.000671442830935, 0.00119047693443, 0.00179607223254, 0.00400869129226, 0.00171054212842, 0.000557551102247, 0.00046437131823, 0.000773325096816, 0.000810314551927, 0.000507707474753, 0.000167272039107, 0.000402762671001, 0.000130109212478, 8.74513643794e-05, 0.000145701080328, 5.32128360646e-05, 8.25677416287e-05, 4.2732237489e-05, 4.09817912441e-05, 4.81604947709e-05, 4.03422964155e-05, 2.32201582548e-05, 2.89059826173e-05, 4.11531982536e-05],
        "mean": [0.00096308067441, 0.00139154843055, 0.0009322782862, 0.000514384475537, 0.000445880112238, 0.000183367417776, 6.47788037895e-05, 0.000102988742583, 0.000158236463903, 0.000170399202034, 0.000164600613061, 0.000155465284479, 0.000184333504876, 0.000164133976796, 0.000126695129438, 6.10758288531e-05, 2.46515210165e-05, 2.50148495979e-05, 5.04104027641e-05, 7.60794428061e-05, 4.90312741022e-05, 2.20301335503e-05, 2.22011149162e-05, 3.06574074784e-05, 3.22225532727e-05, 1.47186556205e-05, 1.08328549686e-05, 1.32922050398e-05, 7.90110516391e-06, 6.14770488028e-06, 7.23858966012e-06, 4.15126851294e-06, 4.73967429571e-06, 3.34690480486e-06, 2.8903718885e-06, 2.50616335506e-06, 2.35785682889e-06, 1.59971773428e-06, 1.63103595696e-06, 1.3301277022e-06],
        "median": [0.000547925359569, 0.000956072588451, 0.000634104420897, 0.000306307076244, 0.00017231599486, 6.77252537571e-05, 3.0436214729e-05, 3.65324594895e-05, 5.56356098969e-05, 4.53713873867e-05, 3.39386642736e-05, 2.76382743323e-05, 2.96420184895e-05, 2.91458873107e-05, 2.56409311987e-05, 1.81362738658e-05, 1.09727670861e-05, 9.25347649172e-06, 1.54524732352e-05, 2.14952178794e-05, 1.63714539667e-05, 1.2015014363e-05, 1.2055346815e-05, 1.4831959561e-05, 1.76147059392e-05, 8.57752365846e-06, 6.5671010816e-06, 8.12047619547e-06, 4.97380324305e-06, 3.76887010134e-06, 4.29046576755e-06, 2.11514043258e-06, 2.53092821367e-06, 1.82848089025e-06, 1.49734160004e-06, 1.31447734475e-06, 1.03223749193e-06, 7.27161705072e-07, 7.9603711356e-07, 5.80050368626e-07],
        "min": [6.48170560446e-24, 7.22827488769e-24, 1.19161234155e-23, 6.21620105618e-24, 5.84734626297e-24, 4.77239824516e-24, 5.7421378562e-24, 4.28196460367e-24, 6.19700018174e-24, 5.94393005347e-24, 1.01780419602e-23, 3.99871857363e-24, 4.93330693716e-24, 5.79095611889e-24, 4.74608618409e-24, 3.99091200611e-24, 4.47412954246e-24, 7.50701494425e-24, 4.77291455462e-24, 6.92728500931e-24, 7.94046087951e-24, 1.027060611e-23, 7.38866372036e-24, 6.87565879623e-24, 1.13103602818e-23, 1.17154979435e-23, 7.32261555221e-24, 5.70385522533e-24, 7.06045182986e-24, 6.11043689689e-24, 7.73187895642e-24, 7.60803173861e-24, 1.01487980976e-23, 1.03506810139e-23, 1.20530933344e-23, 7.8345499921e-24, 9.97573936992e-24, 7.02697888393e-24, 6.83064718183e-24, 6.94077847509e-24],
        "var": [1.97900635612e-06, 2.74540457212e-06, 1.26052202631e-06, 5.14419923547e-07, 6.74002990309e-07, 1.27387693283e-07, 1.4607334009e-08, 4.39935021745e-08, 1.17849047854e-07, 1.55516644895e-07, 1.6646605161e-07, 1.47566893816e-07, 2.41376795884e-07, 1.71438458096e-07, 7.99530042173e-08, 1.46349785624e-08, 1.78536441187e-09, 3.3760907403e-09, 1.30385107155e-08, 3.92604135868e-08, 1.12580371692e-08, 9.97009474979e-10, 1.03828123876e-09, 2.75221823109e-09, 1.95315696949e-09, 4.05270067505e-10, 1.63083394011e-10, 2.73132461093e-10, 8.47574094243e-11, 5.00089795963e-11, 8.25081183931e-11, 3.21610967025e-11, 4.08145947595e-11, 1.80876060657e-11, 1.36899458783e-11, 1.11504095887e-11, 1.15939974635e-11, 5.19405829111e-12, 5.58155691804e-12, 5.02233020797e-12]
    },
    "mfcc": {
        "mean": [-621.65435791, 94.0623245239, 0.268948256969, 26.2852973938, 6.11496210098, 7.39199876785, 7.66817474365, 11.1918449402, 2.33966755867, -1.42881786823, -3.64779067039, -2.50213813782, -1.00585651398],
        "cov": [[3466.01025391, -506.149475098, -201.58215332, -24.6060695648, 56.5850982666, 105.439994812, 135.178665161, 116.041915894, 5.58491182327, 11.4846687317, -25.5807571411, 4.96473073959, 2.52271842957], [-506.149475098, 616.054626465, 16.6659946442, 26.2637367249, -40.5196075439, -42.9676246643, 20.0902366638, 36.1835823059, -6.49872398376, -18.3801612854, -4.60087871552, -11.0139398575, -8.5080909729], [-201.58215332, 16.6659946442, 956.732971191, 162.64831543, 130.409606934, -47.8691329956, -33.9298019409, 45.6528816223, -40.7126121521, -18.8292560577, -57.8413963318, -18.7774009705, -2.82126712799], [-24.6060695648, 26.2637367249, 162.64831543, 389.024414062, 213.044799805, 66.2993087769, -43.2668800354, -48.0346603394, 17.0243282318, 21.4799480438, -9.8816280365, 18.1339759827, 22.8816280365], [56.5850982666, -40.5196075439, 130.409606934, 213.044799805, 303.849914551, 50.4713516235, -66.0963821411, -51.4252586365, 25.4912776947, 35.7253265381, -18.8636569977, 7.44174098969, 21.0302944183], [105.439994812, -42.9676246643, -47.8691329956, 66.2993087769, 50.4713516235, 171.015090942, 95.736000061, 13.3923616409, -2.4764623642, 13.3777198792, 30.397397995, 36.7175483704, -2.82111430168], [135.178665161, 20.0902366638, -33.9298019409, -43.2668800354, -66.0963821411, 95.736000061, 234.430557251, 102.453956604, -25.3950023651, -5.82524633408, 37.1018753052, 32.8843460083, -18.3691883087], [116.041915894, 36.1835823059, 45.6528816223, -48.0346603394, -51.4252586365, 13.3923616409, 102.453956604, 141.388809204, 9.71606636047, -4.10195922852, 11.6607685089, 6.40281867981, -10.2860126495], [5.58491182327, -6.49872398376, -40.7126121521, 17.0243282318, 25.4912776947, -2.4764623642, -25.3950023651, 9.71606636047, 87.0302276611, 35.8481483459, 2.66200566292, -3.37104940414, 5.50951099396], [11.4846687317, -18.3801612854, -18.8292560577, 21.4799480438, 35.7253265381, 13.3777198792, -5.82524633408, -4.10195922852, 35.8481483459, 88.2276916504, 27.1680278778, 6.81769418716, -3.94988155365], [-25.5807571411, -4.60087871552, -57.8413963318, -9.8816280365, -18.8636569977, 30.397397995, 37.1018753052, 11.6607685089, 2.66200566292, 27.1680278778, 90.5308990479, 45.8955307007, -3.23945760727], [4.96473073959, -11.0139398575, -18.7774009705, 18.1339759827, 7.44174098969, 36.7175483704, 32.8843460083, 6.40281867981, -3.37104940414, 6.81769418716, 45.8955307007, 92.7127990723, 21.5629520416], [2.52271842957, -8.5080909729, -2.82126712799, 22.8816280365, 21.0302944183, -2.82111430168, -18.3691883087, -10.2860126495, 5.50951099396, -3.94988155365, -3.23945760727, 21.5629520416, 67.1267929077]],
