{
"lowlevel": {
    "average_loudness": 0.893838465214,
    "barkbands_crest": {
        "dmean": 2.61286020279,
        "dmean2": 4.29677915573,
        "dvar": 5.41294050217,
        "dvar2": 14.1136035919,
        "max": 26.1510829926,
        "mean": 9.73579597473,
        "median": 8.82636642456,
        "min": 2.3173699379,
        "var": 17.720331192
    },
    "barkbands_flatness_db": {
        "dmean": 0.0192453078926,
        "dmean2": 0.0299756601453,
        "dvar": 0.000313401804306,
        "dvar2": 0.000758947920986,
        "max": 0.319990515709,
        "mean": 0.118744134903,
        "median": 0.107895433903,
        "min": 0.0167421717197,
        "var": 0.00256306724623
    },
    "barkbands_kurtosis": {
        "dmean": 3.34881949425,
        "dmean2": 5.32185029984,
        "dvar": 50.4512023926,
        "dvar2": 127.999252319,
        "max": 186.950637817,
        "mean": 5.78832387924,
        "median": 1.68803811073,
        "min": -1.95699334145,
        "var": 135.722747803
    },
    "barkbands_skewness": {
        "dmean": 0.54199641943,
        "dmean2": 0.826401889324,
        "dvar": 0.366349369287,
        "dvar2": 0.866260945797,
        "max": 11.8576469421,
        "mean": 1.69488632679,
        "median": 1.44678521156,
        "min": -7.1185002327,
        "var": 2.00497961044
    },
    "barkbands_spread": {
        "dmean": 6.21435165405,
        "dmean2": 9.63292884827,
        "dvar": 60.7878837585,
        "dvar2": 136.105895996,
        "max": 129.936721802,
        "mean": 26.3493690491,
        "median": 22.9814567566,
        "min": 0.779728233814,
        "var": 310.989624023
    },
    "dissonance": {
        "dmean": 0.0177091602236,
        "dmean2": 0.0298156291246,
        "dvar": 0.000286607944872,
        "dvar2": 0.000777051318437,
        "max": 0.499993503094,
        "mean": 0.464493900537,
        "median": 0.47212523222,
        "min": 0.233538612723,
        "var": 0.000809941382613
    },
    "dynamic_complexity": 3.19273066521,
    "erbbands_crest": {
        "dmean": 2.66989707947,
        "dmean2": 4.27496528625,
        "dvar": 6.74601316452,
        "dvar2": 16.0673751831,
        "max": 31.4709663391,
        "mean": 9.53561878204,
        "median": 8.31868839264,
        "min": 2.06802153587,
        "var": 25.9891529083
    },
    "erbbands_flatness_db": {
        "dmean": 0.0163305681199,
        "dmean2": 0.0236338656396,
        "dvar": 0.000240328125074,
        "dvar2": 0.000471175502753,
        "max": 0.306543469429,
        "mean": 0.138272255659,
        "median": 0.135998904705,
        "min": 0.0366300269961,
        "var": 0.00216793012805
    },
    "erbbands_kurtosis": {
        "dmean": 1.09416246414,
        "dmean2": 1.70570254326,
        "dvar": 3.67026853561,
        "dvar2": 7.96922636032,
        "max": 49.6441802979,
        "mean": 0.973143458366,
        "median": -0.00786852836609,
        "min": -1.83432245255,
        "var": 11.3918190002
    },
    "erbbands_skewness": {
        "dmean": 0.357137799263,
        "dmean2": 0.541158139706,
        "dvar": 0.122249566019,
        "dvar2": 0.261459589005,
        "max": 6.48886489868,
        "mean": 0.495973169804,
        "median": 0.418760329485,
        "min": -3.63034152985,
        "var": 0.965182006359
    },
    "erbbands_spread": {
        "dmean": 8.76716995239,
        "dmean2": 13.1234531403,
        "dvar": 95.2807617188,
        "dvar2": 199.743667603,
        "max": 161.89125061,
        "mean": 43.5239944458,
        "median": 39.6888961792,
        "min": 2.36490893364,
        "var": 518.823486328
    },
    "hfc": {
        "dmean": 5.60785531998,
        "dmean2": 7.96209430695,
        "dvar": 66.3786010742,
        "dvar2": 133.317077637,
        "max": 197.897399902,
        "mean": 21.2355175018,
        "median": 13.7016830444,
        "min": 1.12946695144e-16,
        "var": 425.571258545
    },
    "melbands_crest": {
        "dmean": 3.30414748192,
        "dmean2": 5.41147184372,
        "dvar": 8.17698955536,
        "dvar2": 21.5832633972,
        "max": 33.6479873657,
        "mean": 13.5211801529,
        "median": 12.7087621689,
        "min": 1.54529511929,
        "var": 25.2025794983
    },
    "melbands_flatness_db": {
        "dmean": 0.0236990433186,
        "dmean2": 0.036803483963,
        "dvar": 0.000493714876939,
        "dvar2": 0.00118745106738,
        "max": 0.404240548611,
        "mean": 0.187497869134,
        "median": 0.175828129053,
        "min": 0.000970102963038,
        "var": 0.00393488490954
    },
    "melbands_kurtosis": {
        "dmean": 8.69747638702,
        "dmean2": 13.9153575897,
        "dvar": 265.035003662,
        "dvar2": 697.931091309,
        "max": 330.504547119,
        "mean": 17.4253959656,
        "median": 9.70604133606,
        "min": -1.91420090199,
        "var": 590.044677734
    },
    "melbands_skewness": {
        "dmean": 0.786339104176,
        "dmean2": 1.21184039116,
        "dvar": 0.79827439785,
        "dvar2": 1.93518292904,
        "max": 13.621219635,
        "mean": 2.87509918213,
        "median": 2.63321709633,
        "min": -0.870161831379,
        "var": 3.34065961838
    },
    "melbands_spread": {
        "dmean": 6.91128492355,
        "dmean2": 10.6256847382,
        "dvar": 87.2815475464,
        "dvar2": 186.86819458,
        "max": 279.474212646,
        "mean": 25.0298995972,
        "median": 21.0951519012,
        "min": 0.847052752972,
        "var": 424.88494873
    },
    "pitch_salience": {
        "dmean": 0.0691437795758,
        "dmean2": 0.113869763911,
        "dvar": 0.00370839214884,
        "dvar2": 0.00983090791851,
        "max": 0.983550906181,
        "mean": 0.559740245342,
        "median": 0.562256157398,
        "min": 0.126132845879,
        "var": 0.0127604771405
    },
    "silence_rate_20dB": {
        "dmean": 0,
        "dmean2": 0,
        "dvar": 0,
        "dvar2": 0,
        "max": 1,
        "mean": 1,
        "median": 1,
        "min": 1,
        "var": 0
    },
    "silence_rate_30dB": {
        "dmean": 0,
        "dmean2": 0,
        "dvar": 0,
        "dvar2": 0,
        "max": 1,
        "mean": 1,
        "median": 1,
        "min": 1,
        "var": 0
    },
    "silence_rate_60dB": {
        "dmean": 0.015718087554,
        "dmean2": 0.0314401611686,
        "dvar": 0.0154688004404,
        "dvar2": 0.0350155606866,
        "max": 1,
        "mean": 0.0626109018922,
        "median": 0,
        "min": 0,
        "var": 0.0586795397103
    },
    "spectral_centroid": {
        "dmean": 239.785980225,
        "dmean2": 366.32913208,
        "dvar": 82081.3203125,
        "dvar2": 158581.84375,
        "max": 11292.8681641,
        "mean": 1458.19116211,
        "median": 1439.26196289,
        "min": 215.351806641,
        "var": 532914.375
    },
    "spectral_complexity": {
        "dmean": 2.88502979279,
        "dmean2": 4.44345855713,
        "dvar": 9.20286750793,
        "dvar2": 19.8674201965,
        "max": 58,
        "mean": 17.0337142944,
        "median": 15,
        "min": 0,
        "var": 106.141563416
    },
    "spectral_decrease": {
        "dmean": 1.75242731437e-09,
        "dmean2": 2.79649148283e-09,
        "dvar": 6.83629290227e-18,
        "dvar2": 1.65787244137e-17,
        "max": 1.73073568111e-25,
        "mean": -5.06750907903e-09,
        "median": -4.20793710987e-09,
        "min": -3.04096445802e-08,
        "var": 1.53134193179e-17
    },
    "spectral_energy": {
        "dmean": 0.00695564039052,
        "dmean2": 0.0110275065526,
        "dvar": 0.000105013707071,
        "dvar2": 0.000251853140071,
        "max": 0.119926355779,
        "mean": 0.0210520848632,
        "median": 0.017317160964,
        "min": 1.01208561016e-20,
        "var": 0.00026147897006
    },
    "spectral_energyband_high": {
        "dmean": 0.000359558063792,
        "dmean2": 0.000515836058185,
        "dvar": 4.05600417253e-07,
        "dvar2": 8.63779234805e-07,
        "max": 0.0188270825893,
        "mean": 0.00099740724545,
        "median": 0.000500928494148,
        "min": 7.53777622815e-21,
        "var": 1.78423181296e-06
    },
    "spectral_energyband_low": {
        "dmean": 0.00435099005699,
        "dmean2": 0.00719012925401,
        "dvar": 7.46792356949e-05,
        "dvar2": 0.000187233148608,
        "max": 0.0900651589036,
        "mean": 0.00695006549358,
        "median": 0.00411400943995,
        "min": 6.6687801816e-23,
        "var": 8.96369601833e-05
    },
    "spectral_energyband_middle_high": {
        "dmean": 0.00180621817708,
        "dmean2": 0.00251923478208,
        "dvar": 1.00483630376e-05,
        "dvar2": 2.00903286895e-05,
        "max": 0.0611474998295,
        "mean": 0.00577553221956,
        "median": 0.00213769031689,
        "min": 1.17751977377e-21,
        "var": 6.43234525342e-05
    },
    "spectral_energyband_middle_low": {
        "dmean": 0.00350484368391,
        "dmean2": 0.00570309441537,
        "dvar": 2.42989281105e-05,
        "dvar2": 6.35888136458e-05,
        "max": 0.0769573971629,
        "mean": 0.00837090983987,
        "median": 0.00665936525911,
        "min": 3.02214808979e-22,
        "var": 4.57218484371e-05
    },
    "spectral_entropy": {
        "dmean": 0.142377078533,
        "dmean2": 0.20816385746,
        "dvar": 0.0216404274106,
        "dvar2": 0.0440684445202,
        "max": 9.80904102325,
        "mean": 7.65523910522,
        "median": 7.70149517059,
        "min": 5.52733182907,
        "var": 0.205230742693
    },
    "spectral_flux": {
        "dmean": 0.0198994427919,
        "dmean2": 0.0316243879497,
        "dvar": 0.00056143081747,
        "dvar2": 0.00122599280439,
        "max": 0.27386122942,
        "mean": 0.0792168080807,
        "median": 0.0716013908386,
        "min": 1.00602463859e-10,
        "var": 0.00207269913517
    },
    "spectral_kurtosis": {
        "dmean": 0.889440715313,
        "dmean2": 1.43619966507,
        "dvar": 0.86441463232,
        "dvar2": 2.28858661652,
        "max": 21.1427536011,
        "mean": 3.86723470688,
        "median": 3.6262447834,
        "min": -1.47844672203,
        "var": 4.27552127838
    },
    "spectral_rms": {
        "dmean": 0.000683599326294,
        "dmean2": 0.00106621230952,
        "dvar": 6.5022624085e-07,
        "dvar2": 1.51476217525e-06,
        "max": 0.0108167147264,
        "mean": 0.00420671701431,
        "median": 0.00411032745615,
        "min": 3.14229306637e-12,
        "var": 2.84219913738e-06
    },
    "spectral_rolloff": {
        "dmean": 577.606933594,
        "dmean2": 961.523132324,
        "dvar": 1346507.125,
        "dvar2": 2969898.75,
        "max": 21468.6035156,
        "mean": 1704.41455078,
        "median": 1141.25976562,
        "min": 64.599609375,
        "var": 3318975.75
    },
    "spectral_skewness": {
        "dmean": 0.140089303255,
        "dmean2": 0.217719554901,
        "dvar": 0.0185939315706,
        "dvar2": 0.0415108054876,
        "max": 3.55444216728,
        "mean": 1.56290066242,
        "median": 1.56337201595,
        "min": -0.324412256479,
        "var": 0.145057052374
    },
    "spectral_spread": {
        "dmean": 562201.4375,
        "dmean2": 781329.9375,
        "dvar": 715230019584,
        "dvar2": 1.01969258086e+12,
        "max": 39964400,
        "mean": 5569876.5,
        "median": 5283237,
        "min": 2292838.5,
        "var": 3.76640792166e+12
    },
    "spectral_strongpeak": {
        "dmean": 0.570491909981,
        "dmean2": 0.979278445244,
        "dvar": 1.04572713375,
        "dvar2": 2.78387475014,
        "max": 13.0564880371,
        "mean": 0.878461122513,
        "median": 0.399286299944,
        "min": 0,
        "var": 1.52512967587
    },
    "zerocrossingrate": {
        "dmean": 0.0115606728941,
        "dmean2": 0.0136306481436,
        "dvar": 0.00022357920534,
        "dvar2": 0.000266314455075,
        "max": 0.671875,
        "mean": 0.0743049606681,
        "median": 0.06884765625,
        "min": 0.0068359375,
        "var": 0.00201296270825
    },
    "barkbands": {
        "dmean": [0.000297679012874, 0.00279595842585, 0.00164266978391, 0.0012020310387, 0.00130463344976, 0.00106565852184, 0.000452258478617, 0.000357817829354, 0.000747463316657, 0.000674007402267, 0.00062818772858, 0.00042752319132, 0.000230317702517, 0.000163983160746, 0.000372376234736, 0.000249611941399, 0.000170018349309, 0.000207917037187, 0.00025658737286, 0.000172765096067, 5.2543979109e-05, 4.75885972264e-05, 5.04309937241e-05, 6.78154465277e-05, 8.07630494819e-05, 6.09913658991e-05, 1.04299078885e-05],
        "dmean2": [0.000495777931064, 0.00469249486923, 0.00283596874215, 0.00211046077311, 0.00217607128434, 0.00170224066824, 0.000715698581189, 0.00056584662525, 0.00119949947111, 0.00104240491055, 0.000949860957917, 0.000673856702633, 0.000365006737411, 0.000271474331385, 0.000582879525609, 0.000378778175218, 0.000267061142949, 0.000328449270455, 0.00039414697676, 0.000264998117927, 8.37738771224e-05, 7.35355060897e-05, 7.56920708227e-05, 9.96915478026e-05, 0.000117738476547, 9.03587133507e-05, 1.58478105732e-05],
        "dvar": [8.29581949802e-07, 3.55331758328e-05, 1.13407704703e-05, 8.04822866485e-06, 4.76766354041e-06, 3.68458063349e-06, 1.30357295802e-06, 7.72437488195e-07, 3.86674537367e-06, 2.6271770821e-06, 3.42610906046e-06, 1.44542491398e-06, 4.40372730282e-07, 2.42210120405e-07, 1.14615056646e-06, 5.37515404631e-07, 2.75768996971e-07, 2.37659861568e-07, 3.31292142164e-07, 1.33328001084e-07, 1.63171769429e-08, 1.31706219264e-08, 8.32191560107e-09, 1.53174593009e-08, 3.83027121131e-08, 2.43362698882e-08, 9.74920699726e-10],
        "dvar2": [2.07380821848e-06, 9.16811550269e-05, 3.16431178362e-05, 2.29419601965e-05, 1.25977076095e-05, 9.18450678e-06, 2.98580789604e-06, 1.84027862815e-06, 9.85988390312e-06, 5.99846907789e-06, 7.7092763604e-06, 3.39052439813e-06, 9.87723524304e-07, 6.13897952917e-07, 2.78414790955e-06, 1.11558597382e-06, 5.83795667808e-07, 5.88549880831e-07, 7.32010846605e-07, 2.96218047424e-07, 4.11589020644e-08, 3.06478398215e-08, 1.80963724006e-08, 3.07698364566e-08, 7.94016088435e-08, 5.76446588241e-08, 2.14206408167e-09],
        "max": [0.0113282687962, 0.0730743184686, 0.0485068261623, 0.0351416617632, 0.0455430746078, 0.0457134433091, 0.0254011396319, 0.0188240036368, 0.0442189201713, 0.0403470285237, 0.0429868400097, 0.0243178438395, 0.0157482605428, 0.0154074179009, 0.0276350341737, 0.0172824952751, 0.0172423887998, 0.0207317527384, 0.0129808774218, 0.0121437413618, 0.00623681209981, 0.00407188944519, 0.00214634859003, 0.00401569297537, 0.00507444189861, 0.00190349202603, 0.00061816489324],
        "mean": [0.000292139302474, 0.00377567089163, 0.00204418855719, 0.001446268172, 0.00220200885087, 0.0019375574775, 0.000778717454523, 0.000515508581884, 0.0011329210829, 0.0011429117294, 0.000938625365961, 0.000649659428746, 0.000394498958485, 0.000249333475949, 0.000632349925581, 0.000435527152149, 0.000335110060405, 0.000424981612014, 0.000536077248398, 0.00039097390254, 0.000119044314488, 0.000106239123852, 0.000126169179566, 0.00017388901324, 0.00016928948753, 8.95599150681e-05, 1.28554429466e-05],
        "median": [4.00382486987e-05, 0.00177415506914, 0.000988004729152, 0.000585470115766, 0.00123172928579, 0.000799743516836, 0.000280162203126, 0.000157370697707, 0.000296412617899, 0.000195969318156, 0.000121865145047, 0.000101429883216, 9.27488945308e-05, 6.31948641967e-05, 0.000138915987918, 0.000114155947813, 0.000100760276837, 0.00014767239918, 0.00019799740403, 0.000149903265992, 4.93477564305e-05, 3.97892217734e-05, 6.37388438918e-05, 8.53393721627e-05, 5.78281033086e-05, 1.96129185497e-05, 1.1071301742e-06],
        "min": [4.65874587125e-23, 2.80564439394e-23, 1.28242214354e-23, 2.5906251292e-24, 5.19721822308e-23, 3.03046880529e-23, 3.52251101305e-23, 4.61602747551e-23, 6.37127044199e-23, 2.89561776671e-23, 2.92909008155e-23, 6.07365972817e-23, 5.75740034256e-23, 6.49960296514e-23, 4.47010587853e-23, 1.07309178078e-22, 1.14462833823e-22, 2.13247479985e-22, 2.31952041002e-22, 2.00474521887e-22, 3.68389131765e-22, 4.64120065808e-22, 5.19510521181e-22, 7.03909042318e-22, 1.25321245437e-21, 1.54735079181e-21, 2.11099259016e-21],
        "var": [8.10731592082e-07, 3.73511247744e-05, 1.03001520984e-05, 6.97364930602e-06, 9.47126864048e-06, 1.01567447928e-05, 2.54800170296e-06, 1.31733804665e-06, 5.93669756199e-06, 6.66925870974e-06, 6.00825478614e-06, 2.77286221717e-06, 1.08339042981e-06, 4.07569757499e-07, 2.76214655059e-06, 1.26955796986e-06, 8.52740981827e-07, 7.24493418147e-07, 9.67661890172e-07, 4.29916212852e-07, 5.69829197161e-08, 4.43489120983e-08, 3.1892593455e-08, 6.58464713865e-08, 1.23615052416e-07, 3.41088828293e-08, 1.32732635993e-09]
    },
    "erbbands": {
        "dmean": [0.0790091305971, 0.652026474476, 1.74947750568, 3.1587061882, 3.26869916916, 4.91278266907, 8.47522068024, 8.74503040314, 6.7555565834, 5.69705533981, 8.61299419403, 17.4823246002, 18.383556366, 23.4264450073, 24.6266994476, 12.8070240021, 10.2451620102, 7.14656877518, 17.4000892639, 12.3798561096, 13.5674886703, 7.58039665222, 8.86686706543, 15.6655654907, 9.04696655273, 8.79482078552, 2.97284579277, 1.89881765842, 1.58353459835, 1.5581099987, 1.56054568291, 1.34717702866, 1.21120929718, 0.903530180454, 0.616279482841, 0.295369356871, 0.10830168426, 0.0211019068956, 0.00193877494894, 5.18385750183e-05],
        "dmean2": [0.134646549821, 1.10030245781, 2.99396514893, 5.47932434082, 5.60280179977, 8.21053028107, 13.7596073151, 13.8984622955, 10.6367483139, 9.19275760651, 13.346570015, 28.003780365, 28.9241504669, 35.6987228394, 37.1496925354, 19.707036972, 16.07995224, 11.6472854614, 27.1801548004, 19.3459587097, 20.1602096558, 11.429558754, 13.9962186813, 23.9571990967, 13.3885288239, 13.5016641617, 4.72444820404, 2.96371126175, 2.42766976357, 2.35526990891, 2.3775165081, 2.01278042793, 1.81733095646, 1.29831695557, 0.924193024635, 0.446039140224, 0.15936255455, 0.0310245789587, 0.00294565455988, 7.79140027589e-05],
        "dvar": [0.0404443591833, 1.77147173882, 12.5169591904, 51.9421195984, 41.6157722473, 71.2249755859, 253.014389038, 319.651489258, 277.678466797, 240.71913147, 517.67565918, 2084.68725586, 2831.68212891, 3493.61181641, 5112.65380859, 1224.37634277, 852.129699707, 454.930664062, 2351.33740234, 1105.19812012, 1753.05456543, 440.472015381, 428.511810303, 1365.95385742, 435.487365723, 365.777160645, 46.7056121826, 27.406036377, 14.2123260498, 12.7375411987, 7.96097564697, 6.51312685013, 5.14304924011, 5.24215745926, 2.38855171204, 0.558374106884, 0.0826175659895, 0.00276568112895, 3.4772347135e-05, 2.33921788606e-08],
        "dvar2": [0.107241503894, 4.56902170181, 34.2300567627, 145.670623779, 117.167427063, 185.49571228, 650.083984375, 786.883300781, 646.790710449, 598.461425781, 1193.2935791, 5297.02197266, 7028.70947266, 8351.87207031, 11444.6767578, 2729.35546875, 1867.24731445, 1168.01062012, 5668.38085938, 2632.58959961, 3619.08251953, 920.159790039, 1071.4609375, 3151.4296875, 806.459411621, 813.244384766, 118.806091309, 68.197555542, 32.694229126, 30.1313056946, 17.9828662872, 13.9320459366, 10.9719028473, 10.9644479752, 5.33800649643, 1.32858073711, 0.197533458471, 0.00613370910287, 7.59148897487e-05, 5.09182989106e-08],
        "max": [2.92597961426, 13.6086940765, 49.8175239563, 104.249488831, 107.350585938, 224.568511963, 334.295013428, 597.10369873, 439.946929932, 471.31338501, 548.333496094, 1058.94799805, 1656.15698242, 1325.49780273, 2058.52075195, 798.336730957, 706.674133301, 872.041137695, 1618.5345459, 1291.40161133, 1118.51794434, 687.529052734, 668.422851562, 997.384521484, 642.507141113, 587.599853516, 409.254241943, 200.023727417, 127.411598206, 140.014892578, 74.925239563, 104.847694397, 73.9612579346, 72.1996765137, 38.3857727051, 12.587313652, 3.67237734795, 0.798198521137, 0.10472304374, 0.00271138153039],
        "mean": [0.0995377078652, 0.874624609947, 2.33003377914, 4.09244775772, 4.69793558121, 7.8905749321, 13.9780416489, 16.0663642883, 12.3549232483, 9.01533985138, 13.5837669373, 27.2420520782, 31.6012058258, 39.6916656494, 40.9969444275, 23.0305023193, 18.7618942261, 13.3380851746, 30.3650817871, 24.4089927673, 25.9703388214, 16.9209518433, 20.1267910004, 32.5396499634, 21.5537319183, 19.8219738007, 7.09408855438, 4.49927186966, 3.50338506699, 3.63780355453, 3.77373790741, 3.31231236458, 2.99735927582, 2.07351517677, 1.12264537811, 0.468849718571, 0.149392262101, 0.0273435115814, 0.0024622483179, 8.66441550897e-05],
        "median": [0.037515848875, 0.419388860464, 1.16428995132, 1.96580994129, 2.64326858521, 3.98199129105, 5.83000183105, 6.12324237823, 5.22945022583, 3.77485513687, 4.46292352676, 8.21002006531, 6.3366651535, 6.57961940765, 5.85638141632, 4.71055984497, 4.75606822968, 4.0653924942, 6.78483581543, 7.12561225891, 6.51729297638, 5.46596050262, 7.62038469315, 11.2156658173, 8.50271987915, 7.32279109955, 3.47004246712, 1.73172092438, 1.2566845417, 1.4475171566, 1.92431020737, 1.61612343788, 1.4376488924, 0.806704580784, 0.312376707792, 0.108036652207, 0.0320682860911, 0.00397687591612, 0.000238208958763, 3.4102704376e-05],
        "min": [4.22289712878e-22, 8.00463001885e-21, 2.01567533226e-20, 8.59984139954e-21, 7.72206576784e-20, 1.90496257102e-19, 1.74407128898e-19, 2.54417466117e-19, 3.77084628646e-19, 7.5493005666e-19, 1.14092928832e-18, 1.26400518147e-18, 1.60998670756e-18, 8.73684913386e-19, 1.27156199335e-18, 2.86100825533e-18, 2.53614175515e-18, 2.48758956191e-18, 2.81068713636e-18, 4.2321128534e-18, 4.92061663626e-18, 8.14082538425e-18, 1.11580353245e-17, 8.65951312326e-18, 1.20089833176e-17, 1.0905348191e-17, 1.38745129998e-17, 1.62795563472e-17, 1.4812144558e-17, 2.0864798808e-17, 1.26328909121e-17, 1.49244028933e-17, 1.28945240039e-17, 1.33106554091e-17, 8.81914326505e-18, 5.20753333071e-18, 3.22804049403e-18, 9.62893860908e-19, 2.76173970589e-19, 3.29566269006e-20],
        "var": [0.0369515866041, 1.92569506168, 12.4143390656, 47.3432807922, 44.7668228149, 156.125473022, 518.546508789, 978.055786133, 546.461608887, 330.753997803, 973.832519531, 3389.85864258, 6403.66845703, 7518.63330078, 10682.6914062, 3031.57617188, 2236.80786133, 860.009399414, 6221.21972656, 2873.03735352, 4480.08056641, 1567.70239258, 1437.7890625, 3696.53833008, 1647.42810059, 1165.51208496, 141.180740356, 94.7861480713, 48.6137542725, 40.9477233887, 27.8277187347, 24.6324863434, 19.9755477905, 17.5968608856, 6.17203330994, 0.979942083359, 0.100844658911, 0.00371325225569, 4.83523144794e-05, 3.36564554004e-08]
    },
    "gfcc": {
        "mean": [1.50344443321, 70.9004211426, -100.916488647, 30.0273151398, -57.6809539795, 12.8379325867, -42.0503692627, 17.1078853607, -31.8296203613, 0.0681895911694, -13.4026594162, -1.32733094692, -9.53079605103],
        "cov": [[5735.21337891, -1260.52099609, -242.929016113, 177.301895142, 407.767700195, 344.64175415, 223.009628296, 296.553497314, -73.6691055298, 77.0905685425, -69.2609481812, 185.935073853, -125.070747375], [-1260.52099609, 1022.34606934, 27.4795742035, 17.3205947876, -60.5621528625, -85.3936538696, 12.8159990311, -53.8308525085, 20.8731899261, -66.2442474365, 111.864257812, -94.1995925903, 81.0007781982], [-242.929016113, 27.4795742035, 1096.1496582, 360.443237305, 20.9380111694, 13.5310678482, -99.2560653687, -29.7728996277, 10.4522285461, 42.102230072, 18.8571338654, 42.1862945557, -22.8241615295], [177.301895142, 17.3205947876, 360.443237305, 471.67980957, 119.765594482, 33.3352165222, -37.6220283508, 34.3998908997, 71.3872070312, 25.7751979828, 9.98159217834, 30.5119609833, 1.63790762424], [407.767700195, -60.5621528625, 20.9380111694, 119.765594482, 260.89239502, 83.5591201782, 78.9967727661, 64.7866516113, 40.7794265747, 9.40947055817, -10.2372608185, 36.5113296509, -5.03008460999], [344.64175415, -85.3936538696, 13.5310678482, 33.3352165222, 83.5591201782, 220.275939941, 126.95262146, 48.8419876099, -18.1093826294, 15.0707960129, -6.91003847122, 5.65443515778, -5.2889919281], [223.009628296, 12.8159990311, -99.2560653687, -37.6220283508, 78.9967727661, 126.95262146, 264.012298584, 68.2159881592, 10.9169206619, 13.1954040527, 5.38734483719, 5.80750894547, -17.531337738], [296.553497314, -53.8308525085, -29.7728996277, 34.3998908997, 64.7866516113, 48.8419876099, 68.2159881592, 159.169326782, 43.9564590454, 9.92345333099, 17.6664428711, 10.9834127426, 8.01703834534], [-73.6691055298, 20.8731899261, 10.4522285461, 71.3872070312, 40.7794265747, -18.1093826294, 10.9169206619, 43.9564590454, 152.595123291, 41.0553817749, -27.4120807648, 12.7235202789, -6.97887611389], [77.0905685425, -66.2442474365, 42.102230072, 25.7751979828, 9.40947055817, 15.0707960129, 13.1954040527, 9.92345333099, 41.0553817749, 90.4436035156, 9.06684207916, 9.52257728577, -16.1972389221], [-69.2609481812, 111.864257812, 18.8571338654, 9.98159217834, -10.2372608185, -6.91003847122, 5.38734483719, 17.6664428711, -27.4120807648, 9.06684207916, 119.240089417, 8.22008800507, 23.5710067749], [185.935073853, -94.1995925903, 42.1862945557, 30.5119609833, 36.5113296509, 5.65443515778, 5.80750894547, 10.9834127426, 12.7235202789, 9.52257728577, 8.22008800507, 86.3149871826, 10.5092220306], [-125.070747375, 81.0007781982, -22.8241615295, 1.63790762424, -5.03008460999, -5.2889919281, -17.531337738, 8.01703834534, -6.97887611389, -16.1972389221, 23.5710067749, 10.5092220306, 78.7367324829]],
        "icov": [[0.000314037315547, 0.000266555754934, 0.000133635854581, -0.000171309613506, -0.000225328563829, -0.000139593321364, 3.98975544158e-06, -0.000405777711421, 0.000416435737861, -8.9649875008e-05, 1.54720510182e-05, -0.000329256930854, 0.000343136460287], [0.000266555754934, 0.00209387438372, -0.000117796647828, -0.000208574725548, -0.000223673472647, 0.000471391307656, -0.000950825284235, 0.000985250924714, -0.00124098663218, 0.00167538877577, -0.00214269640855, 0.00222646957263, -0.001476198202], [0.000133635854581, -0.000117796647828, 0.00143421511166, -0.00115326826926, 0.000244292750722, -0.000347904657247, 0.000474536936963, -0.000129621490487, 0.00074684858555, -0.000655266921967, 0.000167853751918, -0.000968421518337, 0.000894702854566], [-0.000171309613506, -0.000208574725548, -0.00115326826926, 0.00377763225697, -0.00134309870191, -0.000576330174226, 0.000965125625953, 6.56572883599e-05, -0.00177384726703, 0.000328111491399, -0.000624860986136, 0.000225975090871, -0.000319579179632], [-0.000225328563829, -0.000223673472647, 0.000244292750722, -0.00134309870191, 0.00593162793666, -0.00116532703396, -0.000865066191182, -0.000780138536356, -0.000812250305898, 0.000625925662462, 0.000579609069973, -0.00171608466189, 0.000270719872788], [-0.000139593321364, 0.000471391307656, -0.000347904657247, -0.000576330174226, -0.00116532703396, 0.00793854892254, -0.00362187460996, -0.000580949592404, 0.00220143073238, -0.00136897503398, 0.00103227829095, 0.00141070364043, -0.00166783260647], [3.98975544158e-06, -0.000950825284235, 0.000474536936963, 0.000965125625953, -0.000865066191182, -0.00362187460996, 0.0068770009093, -0.00190713477787, -6.6628701461e-05, -0.00065672310302, 5.46463597857e-05, -0.00147179036867, 0.00256791315041], [-0.000405777711421, 0.000985250924714, -0.000129621490487, 6.56572883599e-05, -0.000780138536356, -0.000580949592404, -0.00190713477787, 0.0101161152124, -0.00451319571584, 0.00218529207632, -0.00353643740527, 0.0022558872588, -0.00243351887912], [0.000416435737861, -0.00124098663218, 0.00074684858555, -0.00177384726703, -0.000812250305898, 0.00220143073238, -6.6628701461e-05, -0.00451319571584, 0.0125604895875, -0.00659958831966, 0.0055182306096, -0.00301089719869, 0.00123783852905], [-8.9649875008e-05, 0.00167538877577, -0.000655266921967, 0.000328111491399, 0.000625925662462, -0.00136897503398, -0.00065672310302, 0.00218529207632, -0.00659958831966, 0.016243159771, -0.00502551114187, 0.00128066970501, 0.00160656380467], [1.54720510182e-05, -0.00214269640855, 0.000167853751918, -0.000624860986136, 0.000579609069973, 0.00103227829095, 5.46463597857e-05, -0.00353643740527, 0.0055182306096, -0.00502551114187, 0.0132019650191, -0.00346154021099, -0.00126572593581], [-0.000329256930854, 0.00222646957263, -0.000968421518337, 0.000225975090871, -0.00171608466189, 0.00141070364043, -0.00147179036867, 0.0022558872588, -0.00301089719869, 0.00128066970501, -0.00346154021099, 0.0167897623032, -0.00487934006378], [0.000343136460287, -0.001476198202, 0.000894702854566, -0.000319579179632, 0.000270719872788, -0.00166783260647, 0.00256791315041, -0.00243351887912, 0.00123783852905, 0.00160656380467, -0.00126572593581, -0.00487934006378, 0.0172254554927]]
    },
    "melbands": {
        "dmean": [0.000734535802621, 0.000869300391059, 0.000521372130606, 0.000273135286989, 0.000277100829408, 0.000191808809177, 0.000100599470898, 6.22566076345e-05, 7.68452810007e-05, 0.000116708950372, 9.37637014431e-05, 9.72608249867e-05, 8.21245630505e-05, 5.51003795408e-05, 2.509191836e-05, 2.27295513469e-05, 1.37448860187e-05, 2.68412877631e-05, 2.69547435892e-05, 1.68197602761e-05, 1.74975612026e-05, 9.96198468783e-06, 6.85259010424e-06, 1.06557463369e-05, 1.48014896695e-05, 8.02618887974e-06, 6.47765500617e-06, 6.40400048724e-06, 2.41978796112e-06, 1.25756832858e-06, 1.23874622204e-06, 9.73950250227e-07, 1.00034321804e-06, 8.6574954139e-07, 9.44731368691e-07, 9.09996913379e-07, 9.65263780017e-07, 8.47661567605e-07, 9.95925120151e-07, 8.13115491383e-07],
        "dmean2": [0.00123314734083, 0.00146413664334, 0.000901823572349, 0.000456549954833, 0.000453693792224, 0.000304523971863, 0.000158081093105, 0.000100656296127, 0.0001196416124, 0.000186385805137, 0.000146666658111, 0.000149047904415, 0.000124169499031, 8.4713283286e-05, 3.89785491279e-05, 3.62786304322e-05, 2.26378233492e-05, 4.18005947722e-05, 4.22324592364e-05, 2.59338648902e-05, 2.66032784566e-05, 1.52402408276e-05, 1.10083483378e-05, 1.66408044606e-05, 2.2907886887e-05, 1.22453793665e-05, 9.83976406133e-06, 9.97214920062e-06, 3.91475123251e-06, 2.03116724151e-06, 1.95652728507e-06, 1.52606492065e-06, 1.59666114996e-06, 1.32680258957e-06, 1.46657475852e-06, 1.41576367696e-06, 1.47395678596e-06, 1.29021964312e-06, 1.5194517573e-06, 1.19770766105e-06],
        "dvar": [2.82252381112e-06, 2.91493142868e-06, 1.3227514728e-06, 2.16464982827e-07, 2.42202332856e-07, 1.37635538522e-07, 5.78756136349e-08, 2.70628106591e-08, 4.30374562654e-08, 9.46915932332e-08, 7.15072019375e-08, 5.76048400092e-08, 5.69651135152e-08, 2.35353354583e-08, 5.38965050367e-09, 4.79644901574e-09, 1.92308902136e-09, 5.36918642879e-09, 7.32343430343e-09, 2.22423013341e-09, 3.08745606858e-09, 9.36175470478e-10, 2.69253508378e-10, 6.52826070979e-10, 1.2823198059e-09, 3.27790988797e-10, 2.39149339221e-10, 2.06381620127e-10, 3.51995273207e-11, 9.59511376603e-12, 1.2264834981e-11, 5.58813975995e-12, 6.27858572425e-12, 3.43560206326e-12, 3.04689975507e-12, 2.91795082021e-12, 3.62772941027e-12, 2.53023968964e-12, 4.41582230851e-12, 5.3128985586e-12],
        "dvar2": [7.31572345103e-06, 7.65227923694e-06, 3.70777388525e-06, 5.86948715409e-07, 6.245030022e-07, 3.41545444371e-07, 1.32729539359e-07, 6.83029739434e-08, 1.00132311331e-07, 2.41673461687e-07, 1.76034930632e-07, 1.36994444233e-07, 1.27688466023e-07, 5.39346096673e-08, 1.16302372177e-08, 1.0908135728e-08, 4.95219998342e-09, 1.27504469205e-08, 1.74836163325e-08, 4.86676698941e-09, 6.66794841564e-09, 1.94159532896e-09, 6.94393043066e-10, 1.56395818518e-09, 2.98046654024e-09, 6.68013477867e-10, 4.80465445207e-10, 4.84075834972e-10, 9.10244241092e-11, 2.43045774478e-11, 3.15824102981e-11, 1.34711339306e-11, 1.55809774804e-11, 8.00758591379e-12, 7.18646149533e-12, 7.18938060126e-12, 7.95848976998e-12, 5.67219838807e-12, 1.00053854091e-11, 1.14725217173e-11],
        "max": [0.0232503190637, 0.0203147586435, 0.0149009115994, 0.0106096826494, 0.00967610161752, 0.0114058796316, 0.00602512527257, 0.00412124115974, 0.00556533876806, 0.00727162091061, 0.0080828173086, 0.00535808131099, 0.00591267598793, 0.00305614829995, 0.0016564859543, 0.00209243572317, 0.00198943004943, 0.00243719713762, 0.00303219258785, 0.00132748577744, 0.0013821979519, 0.00105984311085, 0.000612965319306, 0.000961581710726, 0.000914810574614, 0.000462368421722, 0.000548889802303, 0.000436557922512, 0.000326605455484, 0.000152010077727, 0.000113298847282, 8.25177921797e-05, 7.86100208643e-05, 6.33337549516e-05, 4.1381088522e-05, 4.57438836747e-05, 8.07019896456e-05, 4.62484567834e-05, 6.06782632531e-05, 6.83189864503e-05],
        "mean": [0.00098999904003, 0.00123625155538, 0.000714111491106, 0.000436536385678, 0.000476038374472, 0.000354055286152, 0.000183065159945, 9.55834111664e-05, 0.000115944996651, 0.000177397116204, 0.000155323737999, 0.000157875081641, 0.000132210960146, 8.80345760379e-05, 4.0659258957e-05, 3.88041917176e-05, 2.19681696763e-05, 4.43612116214e-05, 4.49362669315e-05, 2.90154275717e-05, 3.09802235279e-05, 1.92698244064e-05, 1.34571446324e-05, 2.14723331737e-05, 2.78446223092e-05, 1.66774625541e-05, 1.37009292303e-05, 1.31318920467e-05, 4.91216587761e-06, 2.60089518633e-06, 2.6292811981e-06, 1.97889971787e-06, 2.00806448447e-06, 1.92258767129e-06, 2.11063093047e-06, 2.03481204153e-06, 2.12873374039e-06, 1.97726603801e-06, 2.16262128561e-06, 1.69873874256e-06],
        "median": [0.000444549601525, 0.000659634300973, 0.000375559495296, 0.000246978073847, 0.00021677321638, 0.000139399577165, 7.34411805752e-05, 3.79065022571e-05, 3.46560118487e-05, 4.72301035188e-05, 2.78748539131e-05, 2.42455080297e-05, 1.77193614945e-05, 1.38419372888e-05, 9.45655756368e-06, 9.07152661966e-06, 6.00011208007e-06, 9.56496842264e-06, 9.55500854616e-06, 8.79094659467e-06, 7.05575075699e-06, 5.33884758624e-06, 5.13764780408e-06, 7.35580670153e-06, 9.04812895897e-06, 6.46068656351e-06, 4.84767178932e-06, 4.72130932394e-06, 2.22341486733e-06, 1.02950480141e-06, 8.74231602666e-07, 6.58790895613e-07, 7.03062596585e-07, 7.66600010138e-07, 1.02101705579e-06, 1.02028207039e-06, 9.78605157798e-07, 9.38614221013e-07, 9.37979734772e-07, 5.76356683268e-07],
        "min": [8.62645747813e-24, 1.10331119612e-23, 3.22110879707e-24, 1.06800706737e-23, 7.15014452592e-24, 6.05141590168e-24, 6.28270755251e-24, 9.07122830055e-24, 8.87523423093e-24, 8.69990516158e-24, 8.05185198363e-24, 3.06903771378e-24, 4.72690029802e-24, 6.16716112357e-24, 4.61398038146e-24, 5.96261698503e-24, 4.7476820497e-24, 5.31332766204e-24, 3.65897353669e-24, 9.67165794565e-24, 4.82393255594e-24, 6.92953010744e-24, 1.08910341679e-23, 9.95228574635e-24, 6.37392038354e-24, 8.78814162041e-24, 6.78239650457e-24, 7.577262219e-24, 9.4931568666e-24, 6.7239174568e-24, 1.04145850581e-23, 7.1196132423e-24, 8.85977650149e-24, 1.02757124066e-23, 5.53297967022e-24, 1.08965601385e-23, 8.45242608497e-24, 8.09639343692e-24, 9.42501190616e-24, 1.24034012189e-23],
        "var": [2.82933865492e-06, 3.19299874718e-06, 1.24197447349e-06, 3.4936050497e-07, 5.37723110483e-07, 4.14536373228e-07, 1.19917245911e-07, 3.61470640087e-08, 7.57480052016e-08, 1.49126336169e-07, 1.6187151175e-07, 1.2399452487e-07, 1.11111184253e-07, 4.89580855856e-08, 1.10573816769e-08, 1.1573414227e-08, 2.96241231545e-09, 1.40593758857e-08, 1.57285793279e-08, 4.99480501404e-09, 7.44082484516e-09, 2.91306245792e-09, 6.82163159293e-10, 2.12973017e-09, 3.06690473018e-09, 1.00707153727e-09, 7.55409124142e-10, 5.6089088929e-10, 7.96658572444e-11, 2.96754808227e-11, 3.58248916643e-11, 1.67682603913e-11, 1.60503849794e-11, 1.0729276842e-11, 9.26874202389e-12, 8.40634766658e-12, 1.17445810022e-11, 8.72163279098e-12, 1.31806874443e-11, 1.54163817129e-11]
    },
    "mfcc": {
        "mean": [-647.836608887, 106.293296814, 11.6580982208, 19.7093524933, 10.0683164597, -6.69266080856, 7.42203712463, 3.28041601181, -4.70972251892, 5.65196657181, -7.29901027679, -6.1177520752, -0.252824872732],
        "cov": [[5230.66552734, -1091.06164551, -663.731628418, -71.6742706299, 110.273490906, 155.643814087, 304.810791016, 333.700592041, 151.19543457, 96.684928894, 40.0639877319, 4.24247932434, 135.522338867], [-1091.06164551, 789.057067871, 45.071231842, -21.7065505981, -57.4157676697, -69.9721221924, 20.9872875214, -46.9472808838, -68.656211853, 33.9108276367, -42.2409858704, -22.8696575165, -26.7999649048], [-663.731628418, 45.071231842, 927.493774414, 295.383331299, 173.481079102, 59.8760719299, -28.5259437561, -59.5263900757, -56.5048866272, -24.9171733856, 5.13891458511, 52.2370796204, -13.5351171494], [-71.6742706299, -21.7065505981, 295.383331299, 394.658935547, 182.124450684, 48.7633857727, -56.5211029053, 26.377407074, 22.9659233093, 1.74809849262, 20.5839080811, 66.284072876, 30.2589931488], [110.273490906, -57.4157676697, 173.481079102, 182.124450684, 269.6902771, 17.0440063477, -12.3214330673, 25.6910057068, 10.2860794067, 9.90808868408, -19.3354873657, 17.8288288116, 30.9436855316], [155.643814087, -69.9721221924, 59.8760719299, 48.7633857727, 17.0440063477, 220.725982666, 50.010974884, 41.8218917847, 62.789981842, -9.52130889893, 55.9576950073, 19.8270320892, -11.2370061874], [304.810791016, 20.9872875214, -28.5259437561, -56.5211029053, -12.3214330673, 50.010974884, 254.600585938, 80.0474624634, -13.177614212, 55.2984008789, -9.66521835327, -27.1474494934, 18.6653614044], [333.700592041, -46.9472808838, -59.5263900757, 26.377407074, 25.6910057068, 41.8218917847, 80.0474624634, 167.543807983, 60.9343414307, 43.040145874, 19.9113349915, 3.78013944626, 19.5168132782], [151.19543457, -68.656211853, -56.5048866272, 22.9659233093, 10.2860794067, 62.789981842, -13.177614212, 60.9343414307, 149.297409058, 25.5273189545, 44.6005249023, 23.0138912201, -0.363278955221], [96.684928894, 33.9108276367, -24.9171733856, 1.74809849262, 9.90808868408, -9.52130889893, 55.2984008789, 43.040145874, 25.5273189545, 127.60319519, 19.7726898193, -4.26638269424, 14.0113487244], [40.0639877319, -42.2409858704, 5.13891458511, 20.5839080811, -19.3354873657, 55.9576950073, -9.66521835327, 19.9113349915, 44.6005249023, 19.7726898193, 106.105888367, 40.7974586487, -2.1753757], [4.24247932434, -22.8696575165, 52.2370796204, 66.284072876, 17.8288288116, 19.8270320892, -27.1474494934, 3.78013944626, 23.0138912201, -4.26638269424, 40.7974586487, 94.2061538696, 30.1692428589], [135.522338867, -26.7999649048, -13.5351171494, 30.2589931488, 30.9436855316, -11.2370061874, 18.6653614044, 19.5168132782, -0.363278955221, 14.0113487244, -2.1753757, 30.1692428589, 82.2603759766]],
