{
"lowlevel": {
    "average_loudness": 0.953555881977,
    "barkbands_crest": {
        "dmean": 2.52062821388,
        "dmean2": 4.16088199615,
        "dvar": 4.97511720657,
        "dvar2": 12.583615303,
        "max": 24.3472537994,
        "mean": 8.21455287933,
        "median": 7.38860321045,
        "min": 2.11069345474,
        "var": 13.6307945251
    },
    "barkbands_flatness_db": {
        "dmean": 0.0166348163038,
        "dmean2": 0.0263113174587,
        "dvar": 0.000238275984884,
        "dvar2": 0.000578357081395,
        "max": 0.292076438665,
        "mean": 0.0792549848557,
        "median": 0.0710630863905,
        "min": 0.0137332333252,
        "var": 0.00153864512686
    },
    "barkbands_kurtosis": {
        "dmean": 1.19638705254,
        "dmean2": 1.96540701389,
        "dvar": 4.62694072723,
        "dvar2": 11.7569303513,
        "max": 62.6734848022,
        "mean": 0.620445430279,
        "median": -0.413965702057,
        "min": -1.90995240211,
        "var": 10.164691925
    },
    "barkbands_skewness": {
        "dmean": 0.422148346901,
        "dmean2": 0.662457466125,
        "dvar": 0.172779932618,
        "dvar2": 0.420740544796,
        "max": 6.60384368896,
        "mean": 0.839581727982,
        "median": 0.683915019035,
        "min": -2.2396466732,
        "var": 0.789192736149
    },
    "barkbands_spread": {
        "dmean": 7.32816553116,
        "dmean2": 11.5967655182,
        "dvar": 54.4774398804,
        "dvar2": 124.824783325,
        "max": 106.964401245,
        "mean": 40.0203361511,
        "median": 39.855594635,
        "min": 3.04916167259,
        "var": 299.706726074
    },
    "dissonance": {
        "dmean": 0.012471341528,
        "dmean2": 0.021142071113,
        "dvar": 0.000177398236701,
        "dvar2": 0.000490712816827,
        "max": 0.500000059605,
        "mean": 0.477474182844,
        "median": 0.483085781336,
        "min": 0.325922995806,
        "var": 0.000399111653678
    },
    "dynamic_complexity": 2.21614575386,
    "erbbands_crest": {
        "dmean": 2.36691761017,
        "dmean2": 3.8585793972,
        "dvar": 5.21077108383,
        "dvar2": 12.7803792953,
        "max": 28.664855957,
        "mean": 8.01908588409,
        "median": 6.97395324707,
        "min": 2.39681315422,
        "var": 16.0944576263
    },
    "erbbands_flatness_db": {
        "dmean": 0.0161351822317,
        "dmean2": 0.0236802529544,
        "dvar": 0.000232556572882,
        "dvar2": 0.000441668758867,
        "max": 0.334770977497,
        "mean": 0.123555026948,
        "median": 0.111482448876,
        "min": 0.0409339144826,
        "var": 0.00207537249662
    },
    "erbbands_kurtosis": {
        "dmean": 0.748593270779,
        "dmean2": 1.20177102089,
        "dvar": 0.933275878429,
        "dvar2": 2.20468568802,
        "max": 25.0658435822,
        "mean": 0.129988580942,
        "median": -0.205935716629,
        "min": -1.74944758415,
        "var": 2.12395143509
    },
    "erbbands_skewness": {
        "dmean": 0.325628221035,
        "dmean2": 0.510012328625,
        "dvar": 0.0845431685448,
        "dvar2": 0.190025568008,
        "max": 4.24657440186,
        "mean": -0.127246275544,
        "median": -0.190251767635,
        "min": -3.19097089767,
        "var": 0.6019359231
    },
    "erbbands_spread": {
        "dmean": 8.71929550171,
        "dmean2": 13.3779411316,
        "dvar": 82.6716995239,
        "dvar2": 191.633834839,
        "max": 129.964324951,
        "mean": 44.2702064514,
        "median": 40.5157966614,
        "min": 6.56058311462,
        "var": 423.664459229
    },
    "hfc": {
        "dmean": 8.28858184814,
        "dmean2": 12.500793457,
        "dvar": 99.1458206177,
        "dvar2": 226.012329102,
        "max": 102.731040955,
        "mean": 29.6934967041,
        "median": 26.8159751892,
        "min": 1.124817667e-16,
        "var": 347.725982666
    },
    "melbands_crest": {
        "dmean": 3.4769384861,
        "dmean2": 5.80239152908,
        "dvar": 8.54144954681,
        "dvar2": 22.4778652191,
        "max": 31.8194236755,
        "mean": 12.7708616257,
        "median": 12.0045833588,
        "min": 1.8788343668,
        "var": 22.5172290802
    },
    "melbands_flatness_db": {
        "dmean": 0.0216887444258,
        "dmean2": 0.0351553037763,
        "dvar": 0.000405931205023,
        "dvar2": 0.00102844671346,
        "max": 0.335607141256,
        "mean": 0.134810268879,
        "median": 0.126162096858,
        "min": 0.00374248577282,
        "var": 0.00194787397049
    },
    "melbands_kurtosis": {
        "dmean": 4.79664850235,
        "dmean2": 7.78125715256,
        "dvar": 73.3037033081,
        "dvar2": 187.658859253,
        "max": 176.228683472,
        "mean": 8.19206047058,
        "median": 3.73086357117,
        "min": -1.82088112831,
        "var": 169.779922485
    },
    "melbands_skewness": {
        "dmean": 0.651244819164,
        "dmean2": 1.01199352741,
        "dvar": 0.487582713366,
        "dvar2": 1.18518984318,
        "max": 11.4897203445,
        "mean": 2.21057915688,
        "median": 1.911054492,
        "min": -0.701443135738,
        "var": 2.19803071022
    },
    "melbands_spread": {
        "dmean": 10.9734163284,
        "dmean2": 17.3943653107,
        "dvar": 142.044921875,
        "dvar2": 340.361450195,
        "max": 218.679870605,
        "mean": 42.3732528687,
        "median": 40.3601074219,
        "min": 1.98210144043,
        "var": 496.635559082
    },
    "pitch_salience": {
        "dmean": 0.0685186311603,
        "dmean2": 0.113396272063,
        "dvar": 0.00369945098646,
        "dvar2": 0.00998184084892,
        "max": 0.87515771389,
        "mean": 0.582053244114,
        "median": 0.584615051746,
        "min": 0.21474146843,
        "var": 0.00921328552067
    },
    "silence_rate_20dB": {
        "dmean": 0,
        "dmean2": 0,
        "dvar": 0,
        "dvar2": 0,
        "max": 1,
        "mean": 1,
        "median": 1,
        "min": 1,
        "var": 0
    },
    "silence_rate_30dB": {
        "dmean": 0,
        "dmean2": 0,
        "dvar": 0,
        "dvar2": 0,
        "max": 1,
        "mean": 1,
        "median": 1,
        "min": 1,
        "var": 0
    },
    "silence_rate_60dB": {
        "dmean": 0.00851703435183,
        "dmean2": 0.0170362014323,
        "dvar": 0.00844477582723,
        "dvar2": 0.0202531032264,
        "max": 1,
        "mean": 0.0260488409549,
        "median": 0,
        "min": 0,
        "var": 0.0253644566983
    },
    "spectral_centroid": {
        "dmean": 284.863067627,
        "dmean2": 450.505279541,
        "dvar": 93833.4453125,
        "dvar2": 203601.421875,
        "max": 11320.5478516,
        "mean": 2162.07470703,
        "median": 2218.92724609,
        "min": 264.300598145,
        "var": 406332.59375
    },
    "spectral_complexity": {
        "dmean": 3.96793580055,
        "dmean2": 6.20643854141,
        "dvar": 14.3172178268,
        "dvar2": 31.0209560394,
        "max": 57,
        "mean": 23.9462738037,
        "median": 25,
        "min": 0,
        "var": 109.482315063
    },
    "spectral_decrease": {
        "dmean": 1.52807699827e-09,
        "dmean2": 2.49460829771e-09,
        "dvar": 3.46959625805e-18,
        "dvar2": 8.73599093397e-18,
        "max": 1.84579236051e-28,
        "mean": -4.68112704155e-09,
        "median": -4.22855794824e-09,
        "min": -1.96421687804e-08,
        "var": 7.327037653e-18
    },
    "spectral_energy": {
        "dmean": 0.00632400391623,
        "dmean2": 0.0102349994704,
        "dvar": 5.78832259635e-05,
        "dvar2": 0.0001441987406,
        "max": 0.0799056738615,
        "mean": 0.0203609243035,
        "median": 0.0186068508774,
        "min": 1.062692827e-20,
        "var": 0.000131090477225
    },
    "spectral_energyband_high": {
        "dmean": 0.000694036134519,
        "dmean2": 0.00106478040107,
        "dvar": 9.10795108666e-07,
        "dvar2": 2.04508091883e-06,
        "max": 0.011411129497,
        "mean": 0.00192342558876,
        "median": 0.00160432094708,
        "min": 6.97966842157e-21,
        "var": 2.31011335927e-06
    },
    "spectral_energyband_low": {
        "dmean": 0.00318460096605,
        "dmean2": 0.00536620756611,
        "dvar": 2.76344835584e-05,
        "dvar2": 7.09745509084e-05,
        "max": 0.0518422089517,
        "mean": 0.00539048435166,
        "median": 0.00355818425305,
        "min": 3.59704448464e-23,
        "var": 3.50831724063e-05
    },
    "spectral_energyband_middle_high": {
        "dmean": 0.00216671312228,
        "dmean2": 0.00321150734089,
        "dvar": 1.13709365905e-05,
        "dvar2": 2.53934176726e-05,
        "max": 0.0548112727702,
        "mean": 0.00696853827685,
        "median": 0.00462257536128,
        "min": 1.45180678625e-21,
        "var": 5.21160945937e-05
    },
    "spectral_energyband_middle_low": {
        "dmean": 0.00332201295532,
        "dmean2": 0.00559185491875,
        "dvar": 1.90637674677e-05,
        "dvar2": 5.13740269525e-05,
        "max": 0.0470440946519,
        "mean": 0.00693362625316,
        "median": 0.00516599370167,
        "min": 2.37900632829e-22,
        "var": 3.21967672789e-05
    },
    "spectral_entropy": {
        "dmean": 0.119919620454,
        "dmean2": 0.179013386369,
        "dvar": 0.013916792348,
        "dvar2": 0.0271884519607,
        "max": 9.80455875397,
        "mean": 7.93083763123,
        "median": 7.97811508179,
        "min": 6.58464193344,
        "var": 0.0942495465279
    },
    "spectral_flux": {
        "dmean": 0.020714180544,
        "dmean2": 0.0324393510818,
        "dvar": 0.000502823328134,
        "dvar2": 0.00102671131026,
        "max": 0.2430921942,
        "mean": 0.0856385305524,
        "median": 0.0796442404389,
        "min": 7.01389363256e-11,
        "var": 0.00123904703651
    },
    "spectral_kurtosis": {
        "dmean": 0.702414631844,
        "dmean2": 1.13075041771,
        "dvar": 0.489983350039,
        "dvar2": 1.26530766487,
        "max": 17.5375862122,
        "mean": 3.429438591,
        "median": 3.258852005,
        "min": -1.19469213486,
        "var": 2.59187889099
    },
    "spectral_rms": {
        "dmean": 0.000670159293804,
        "dmean2": 0.00106755341403,
        "dvar": 5.12171880018e-07,
        "dvar2": 1.22214805742e-06,
        "max": 0.00882931239903,
        "mean": 0.00426754262298,
        "median": 0.00426063686609,
        "min": 3.21989657159e-12,
        "var": 1.6523775912e-06
    },
    "spectral_rolloff": {
        "dmean": 751.822814941,
        "dmean2": 1256.0916748,
        "dvar": 1043642.375,
        "dvar2": 2345265.75,
        "max": 18669.2871094,
        "mean": 2888.81518555,
        "median": 2993.11523438,
        "min": 86.1328125,
        "var": 2809009.5
    },
    "spectral_skewness": {
        "dmean": 0.119010537863,
        "dmean2": 0.187626346946,
        "dvar": 0.0120562249795,
        "dvar2": 0.0274336561561,
        "max": 2.46965169907,
        "mean": 1.36247611046,
        "median": 1.37022137642,
        "min": -0.0605840347707,
        "var": 0.080265417695
    },
    "spectral_spread": {
        "dmean": 571774.25,
        "dmean2": 852528.4375,
        "dvar": 611235659776,
        "dvar2": 1.07853912474e+12,
        "max": 40607688,
        "mean": 5477416,
        "median": 5386852.5,
        "min": 1832508.125,
        "var": 2.27285847245e+12
    },
    "spectral_strongpeak": {
        "dmean": 0.616970479488,
        "dmean2": 1.05895471573,
        "dvar": 1.18992948532,
        "dvar2": 3.13156199455,
        "max": 16.5272502899,
        "mean": 0.985655009747,
        "median": 0.378052741289,
        "min": 0,
        "var": 1.89411258698
    },
    "zerocrossingrate": {
        "dmean": 0.0127605060115,
        "dmean2": 0.015705248341,
        "dvar": 0.000173739696038,
        "dvar2": 0.00022567450651,
        "max": 0.61865234375,
        "mean": 0.106815330684,
        "median": 0.10546875,
        "min": 0.0146484375,
        "var": 0.001360966824
    },
    "barkbands": {
        "dmean": [7.39942042856e-05, 0.00167168059852, 0.00202505942434, 0.000931387941819, 0.00113601901103, 0.000738618662581, 0.000632187933661, 0.000421129254391, 0.000624457956292, 0.000834859849419, 0.000535830564331, 0.000483927113237, 0.000242243870161, 0.00021096492128, 0.000313618482323, 0.000417960138293, 0.000240765904891, 0.000417167786509, 0.000343223218806, 0.00032112293411, 0.000140456584631, 0.000115445094707, 0.000124070211314, 9.80451368378e-05, 9.67704690993e-05, 9.53120033955e-05, 2.53677371802e-05],
        "dmean2": [9.93276553345e-05, 0.00273896567523, 0.00354788708501, 0.00167836085893, 0.00196508108638, 0.00124236103147, 0.000989611726254, 0.000674218055792, 0.00101339770481, 0.00132460473105, 0.000861164997332, 0.00075922178803, 0.000381594058126, 0.000335675344104, 0.000500481284689, 0.000656363961753, 0.000380369572667, 0.000663888815325, 0.00055261363741, 0.000507785356604, 0.00022444530623, 0.000188639722182, 0.000196464243345, 0.000152618158609, 0.000149004990817, 0.000153680710355, 4.03000558435e-05],
        "dvar": [9.63999813308e-09, 6.07662650509e-06, 1.91538620129e-05, 3.82470261684e-06, 3.60312310477e-06, 1.65318954259e-06, 1.67574626175e-06, 1.44352463849e-06, 2.64239861281e-06, 5.67488223169e-06, 1.71787428371e-06, 2.63800825451e-06, 3.03872127461e-07, 2.00963313546e-07, 6.11104326254e-07, 1.03177183064e-06, 2.13089833778e-07, 5.63046000934e-07, 3.70935850924e-07, 1.71123488713e-07, 3.69052237659e-08, 5.55241150835e-08, 5.28248342846e-08, 2.90576842588e-08, 2.29462422396e-08, 2.7527255142e-08, 1.75550551873e-09],
        "dvar2": [1.57415698254e-08, 1.47725540955e-05, 5.13461891387e-05, 1.08661670311e-05, 9.93824869511e-06, 4.28569637734e-06, 3.91885532736e-06, 3.33133539243e-06, 6.69041173751e-06, 1.35112441058e-05, 4.15020940636e-06, 6.17391833657e-06, 7.11314328328e-07, 4.99997156567e-07, 1.55092027398e-06, 2.43801991928e-06, 5.03880301039e-07, 1.37451331739e-06, 9.2344521363e-07, 4.05335242704e-07, 8.82579200834e-08, 1.30513882368e-07, 1.19125488141e-07, 5.88231614529e-08, 5.23600753866e-08, 6.93421640108e-08, 4.17516377027e-09],
        "max": [0.00112348760013, 0.0274228528142, 0.0378965213895, 0.0270600058138, 0.0335569232702, 0.0260459892452, 0.0218271967024, 0.0297370180488, 0.0366888456047, 0.0504781678319, 0.0302438866347, 0.044631678611, 0.014828665182, 0.0134314438328, 0.0163485240191, 0.0243526045233, 0.0109183806926, 0.0190352313221, 0.0159209668636, 0.00847877841443, 0.00435458263382, 0.0054952041246, 0.00387783627957, 0.00363745260984, 0.0028771487996, 0.00162007973995, 0.000417734525399],
        "mean": [0.000139264870086, 0.00269053177908, 0.00200293422677, 0.000996710034087, 0.00178573001176, 0.00107917177957, 0.0010502866935, 0.000600352068432, 0.000914409931283, 0.00125573121477, 0.000859178544488, 0.00080938776955, 0.000390353234252, 0.000370197725715, 0.000501161557622, 0.000685811741278, 0.000475787674077, 0.000828315329272, 0.000721233664081, 0.000805867020972, 0.000315270357532, 0.000217835462536, 0.000238006061409, 0.000249867502134, 0.000203576186323, 0.000141201773658, 3.27657471644e-05],
        "median": [4.6274948545e-05, 0.00154107238632, 0.000913568946999, 0.000472705432912, 0.000951476686168, 0.000472240499221, 0.000344194995705, 0.000187578829355, 0.000255082501099, 0.000239631539444, 0.00022633903427, 0.000179046197445, 0.000152991982759, 0.000148603547132, 0.000212575832848, 0.00028216058854, 0.000255110819126, 0.000458347902168, 0.000409805506933, 0.000559418927878, 0.000236496591242, 0.000137684648507, 0.000155293004354, 0.000187543409993, 0.000144537931192, 8.47810297273e-05, 1.6272528228e-05],
        "min": [1.33738271389e-24, 1.57047202095e-23, 1.05565192787e-23, 2.62641495961e-24, 1.42256091677e-23, 1.67272085827e-23, 2.76446648577e-23, 3.37463524983e-23, 6.12013688835e-23, 4.84486624224e-23, 4.16880929102e-23, 5.91832986049e-23, 7.98901211278e-23, 8.47144851907e-23, 7.66724774023e-23, 9.85250793693e-23, 1.36279179743e-22, 2.06285612102e-22, 2.29274053866e-22, 1.80002735737e-22, 2.71342655412e-22, 4.01255096561e-22, 4.14864020027e-22, 8.29058429674e-22, 1.02186168946e-21, 1.55530160097e-21, 2.12153813323e-21],
        "var": [4.12566372177e-08, 1.07227988337e-05, 1.41932478073e-05, 2.8071331144e-06, 6.46735225018e-06, 2.97607175526e-06, 4.03742615163e-06, 2.57798706116e-06, 5.00538453707e-06, 1.08637977974e-05, 4.18093986809e-06, 6.43859220872e-06, 6.66099595037e-07, 4.84246129417e-07, 1.00107990875e-06, 1.81310667813e-06, 4.96393681715e-07, 1.36530604777e-06, 8.8872559445e-07, 6.17709929429e-07, 8.82313813122e-08, 8.83661996909e-08, 9.90310766724e-08, 7.96246624191e-08, 4.71711238959e-08, 3.08525685e-08, 2.06439443318e-09]
    },
    "erbbands": {
        "dmean": [0.0503112711012, 0.396366387606, 1.85613131523, 3.03611397743, 3.0008995533, 4.60019731522, 4.3559088707, 6.68884992599, 8.47350311279, 10.60795784, 7.36657094955, 13.3425168991, 26.5340595245, 18.0179100037, 22.1634712219, 18.7381458282, 10.9845533371, 9.92770862579, 9.74161338806, 22.6536960602, 18.6251678467, 11.9480171204, 16.257768631, 26.9450073242, 8.67096710205, 16.8189430237, 8.15629863739, 4.86541318893, 3.57267475128, 4.09863996506, 4.0014500618, 2.45001101494, 1.52172279358, 0.926371753216, 0.779298484325, 0.457479804754, 0.178368508816, 0.0432829558849, 0.00427811313421, 0.000104182545329],
        "dmean2": [0.0775913149118, 0.638720750809, 3.19033551216, 5.45238828659, 5.29393672943, 7.85741710663, 7.2242975235, 11.2422742844, 13.6652412415, 16.5509262085, 11.7795705795, 21.4290046692, 42.3547210693, 27.7091083527, 35.1095695496, 29.2323436737, 17.3189220428, 15.7954282761, 15.4381637573, 36.209312439, 28.8604049683, 18.4835071564, 25.6640148163, 42.8002815247, 13.7151041031, 26.8259849548, 12.7306814194, 7.88804292679, 5.78773593903, 6.69527482986, 6.39021158218, 3.84098649025, 2.37544846535, 1.45331656933, 1.2036730051, 0.729697883129, 0.29286006093, 0.0694748833776, 0.00675947451964, 0.000163882155903],
        "dvar": [0.00519640604034, 0.353906452656, 14.2147006989, 44.4507789612, 28.487569809, 68.7078475952, 75.6454467773, 146.661834717, 306.909179688, 552.358459473, 565.823242188, 1273.29870605, 4830.69824219, 2530.20361328, 2897.43554688, 4158.69970703, 621.906921387, 397.840606689, 439.587249756, 3403.80957031, 1656.54516602, 474.343383789, 628.627258301, 2539.65698242, 123.971176147, 521.915100098, 117.353713989, 62.6957778931, 51.0784645081, 70.8733825684, 51.7374725342, 20.0317802429, 6.21675539017, 2.1479165554, 1.83629727364, 0.670595526695, 0.09523781389, 0.00544388359413, 4.95624080941e-05, 2.9014680436e-08],
        "dvar2": [0.0110697196797, 0.865248680115, 36.6001930237, 124.903198242, 80.7886505127, 186.648864746, 191.012893677, 376.822967529, 749.812744141, 1212.10070801, 1316.99926758, 3333.31445312, 11534.7285156, 5500.56152344, 6860.79980469, 9949.94433594, 1525.0736084, 967.965515137, 1094.99938965, 8562.86523438, 3626.17260742, 1074.32702637, 1543.14440918, 6256.18408203, 296.267578125, 1251.11022949, 282.006530762, 153.741088867, 119.344017029, 164.811401367, 120.033691406, 43.1542053223, 12.3731517792, 4.53100299835, 4.41557312012, 1.69902455807, 0.243483915925, 0.0132938241586, 0.000117172501632, 6.72390996215e-08],
        "max": [0.824977636337, 7.27451181412, 31.5729446411, 71.7279815674, 66.7198562622, 163.265853882, 212.377670288, 169.506973267, 286.132965088, 498.787200928, 670.219665527, 852.612792969, 1757.50378418, 1209.69885254, 1185.60302734, 1878.10534668, 800.971618652, 395.27432251, 678.937866211, 1130.53564453, 896.776062012, 515.313476562, 559.029663086, 1172.99389648, 248.037918091, 453.73928833, 205.869567871, 196.684188843, 186.589981079, 163.124176025, 135.680877686, 84.724571228, 52.7787513733, 28.5147609711, 38.2542457581, 7.94977855682, 3.82378101349, 0.752042710781, 0.0686240196228, 0.00184737611562],
        "mean": [0.0890196636319, 0.571660757065, 1.98783290386, 3.20427107811, 3.95474338531, 6.93851900101, 6.54865264893, 9.72032356262, 13.3949775696, 18.3724346161, 11.3643245697, 20.1295127869, 40.37059021, 31.1149406433, 36.8944244385, 33.6416778564, 19.6429347992, 18.3919773102, 18.7517757416, 37.9380455017, 34.8203887939, 26.78881073, 36.4594993591, 57.0707473755, 24.0613365173, 40.4877967834, 20.2056674957, 10.5838289261, 7.1404004097, 7.43757152557, 7.47290325165, 5.42107486725, 3.98102617264, 2.26430630684, 1.43343508244, 0.713708937168, 0.243071973324, 0.0559344105422, 0.00573155097663, 0.000163435252034],
        "median": [0.0393667146564, 0.324680268764, 0.998649835587, 1.63391542435, 2.41055035591, 3.02235889435, 2.90209174156, 4.32025384903, 4.95299577713, 6.22115087509, 4.39911031723, 6.2634601593, 8.52424430847, 8.55932044983, 10.5957546234, 8.47389316559, 8.24619579315, 8.44184017181, 9.85802268982, 14.6690330505, 16.8330516815, 15.4637718201, 22.573638916, 29.1647377014, 17.7562637329, 27.667634964, 15.0406455994, 7.86843156815, 4.6391043663, 4.57376718521, 4.89647102356, 3.78621339798, 3.06839609146, 1.72080218792, 0.912269592285, 0.431327730417, 0.138056248426, 0.0299653243273, 0.00294672977179, 9.38167431741e-05],
        "min": [5.73081724467e-22, 3.25717734465e-21, 1.00339665944e-20, 1.00091124019e-20, 1.10263288744e-20, 5.42375994549e-20, 1.02975236243e-19, 1.60418160572e-19, 2.61156248074e-19, 9.94084050073e-19, 3.9728626621e-19, 1.76313630284e-18, 1.44234097883e-18, 1.84670139704e-18, 1.84640299163e-18, 2.77765099026e-18, 4.25923321055e-18, 4.027402609e-18, 4.79497741379e-18, 5.4697276646e-18, 4.66588347149e-18, 8.69879841209e-18, 1.23603911485e-17, 1.40250143763e-17, 1.17039397872e-17, 8.36481431361e-18, 9.0023521902e-18, 1.44720310512e-17, 1.56887889168e-17, 1.4462430793e-17, 1.20780024408e-17, 1.6157950871e-17, 1.40918125195e-17, 8.96425721427e-18, 8.00816546634e-18, 6.10690530404e-18, 3.02468723943e-18, 1.35284624041e-18, 2.80119389466e-19, 2.83432758345e-20],
        "var": [0.0136674353853, 0.528879821301, 11.7018260956, 30.5138225555, 26.0248298645, 137.510772705, 168.927062988, 249.731903076, 617.760009766, 1418.34362793, 1097.58703613, 2396.27636719, 9298.08496094, 6355.09228516, 6735.37744141, 9880.81054688, 1372.03942871, 973.409790039, 952.051818848, 5688.19335938, 3533.93579102, 1333.58300781, 1822.79248047, 6770.75830078, 492.890045166, 1669.13500977, 353.301422119, 121.391586304, 88.5463256836, 113.550292969, 92.8001174927, 47.4929428101, 17.4096508026, 5.47387742996, 2.9340801239, 0.797397732735, 0.0986652523279, 0.00586606469005, 6.0456655774e-05, 3.9021070819e-08]
    },
    "gfcc": {
        "mean": [38.689414978, 40.0917434692, -107.286201477, 34.3306236267, -52.4808044434, 11.0789117813, -34.4975357056, 17.4850006104, -29.7124557495, 3.64213180542, -14.7201194763, 2.70655679703, -12.2626962662],
        "cov": [[3657.22070312, -290.663269043, 510.87487793, 257.359069824, 274.58972168, 45.9170799255, 15.7745819092, 24.9031639099, -36.0153160095, 34.7843360901, -41.1364097595, 99.8275299072, -11.2073554993], [-290.663269043, 520.719238281, -26.1744728088, 17.9402046204, -57.5514183044, -18.4880962372, -0.243357986212, 8.00603580475, -44.2793273926, -20.1862697601, 58.9955711365, -63.2604293823, 15.880065918], [510.87487793, -26.1744728088, 974.201538086, 458.29977417, 73.4495162964, 11.4086523056, -111.031211853, -92.1532592773, -7.1722946167, 27.5926361084, -0.133099019527, 48.7621040344, -42.1248626709], [257.359069824, 17.9402046204, 458.29977417, 519.723999023, 71.4892044067, -15.5504379272, -119.641830444, -13.4418392181, 21.8460865021, 19.6688308716, 35.4054336548, 24.1581821442, 16.7582950592], [274.58972168, -57.5514183044, 73.4495162964, 71.4892044067, 202.572509766, 54.3791275024, 39.0642623901, 19.7730178833, 19.0223255157, 15.5325613022, -10.695599556, 32.4723052979, 15.6994543076], [45.9170799255, -18.4880962372, 11.4086523056, -15.5504379272, 54.3791275024, 244.679153442, 113.417388916, -30.2618579865, -33.2216339111, -2.10887908936, -14.4353532791, 7.29580926895, -2.20675826073], [15.7745819092, -0.243357986212, -111.031211853, -119.641830444, 39.0642623901, 113.417388916, 186.770507812, 40.7038230896, -17.6000423431, 0.30306199193, 4.15398168564, -2.28591656685, -1.75448310375], [24.9031639099, 8.00603580475, -92.1532592773, -13.4418392181, 19.7730178833, -30.2618579865, 40.7038230896, 133.869003296, 57.5010871887, 7.65360689163, 19.7770748138, -0.314038485289, 21.8162460327], [-36.0153160095, -44.2793273926, -7.1722946167, 21.8460865021, 19.0223255157, -33.2216339111, -17.6000423431, 57.5010871887, 113.275184631, 40.7900009155, -8.21566677094, 8.73889255524, 4.08109855652], [34.7843360901, -20.1862697601, 27.5926361084, 19.6688308716, 15.5325613022, -2.10887908936, 0.30306199193, 7.65360689163, 40.7900009155, 77.3157730103, 31.37150383, 13.8458509445, -7.50866889954], [-41.1364097595, 58.9955711365, -0.133099019527, 35.4054336548, -10.695599556, -14.4353532791, 4.15398168564, 19.7770748138, -8.21566677094, 31.37150383, 103.247566223, 11.1184492111, 9.87156391144], [99.8275299072, -63.2604293823, 48.7621040344, 24.1581821442, 32.4723052979, 7.29580926895, -2.28591656685, -0.314038485289, 8.73889255524, 13.8458509445, 11.1184492111, 71.4176101685, 22.3598804474], [-11.2073554993, 15.880065918, -42.1248626709, 16.7582950592, 15.6994543076, -2.20675826073, -1.75448310375, 21.8162460327, 4.08109855652, -7.50866889954, 9.87156391144, 22.3598804474, 70.1605834961]],
        "icov": [[0.000354598218109, 0.000141727141454, -0.000153356944793, -2.08914771065e-05, -0.000353851588443, 5.34832470294e-05, 5.68205359741e-05, -0.00044632787467, 0.000631806440651, -0.000352635775926, 0.000289203453576, -0.00018951453967, 0.000103761551145], [0.000141727141454, 0.00264080590568, -0.000237016603933, -7.40167934055e-06, 0.000144496952998, 6.28037450952e-05, -4.14277965319e-05, -0.000238550710492, 0.000779889000114, 0.000319031183608, -0.0015812687343, 0.00273746158928, -0.00133398827165], [-0.000153356944793, -0.000237016603933, 0.00226048356853, -0.0019658904057, 8.03084476502e-05, 0.000108051659481, -0.000247413670877, 0.00111659208778, -4.2213472625e-05, -0.000184441218153, 0.000612339528743, -0.00156898493879, 0.00188455241732], [-2.08914771065e-05, -7.40167934055e-06, -0.0019658904057, 0.0045636757277, -0.00122246576939, -0.00103956321254, 0.0028756824322, -0.00107613008004, -0.000476784713101, 0.000479657173855, -0.00192074722145, 0.0013709802879, -0.0017122895224], [-0.000353851588443, 0.000144496952998, 8.03084476502e-05, -0.00122246576939, 0.00702760834247, -0.000779010704719, -0.00173206895124, -0.000436318397988, -0.000657046097331, -0.000912948569749, 0.00148360151798, -0.00187609123532, -0.000924016698264], [5.34832470294e-05, 6.28037450952e-05, 0.000108051659481, -0.00103956321254, -0.000779010704719, 0.00726541597396, -0.00558361876756, 0.00328058702871, 0.000188073056052, -0.000262881920207, 0.00104875583202, -0.000255219405517, -0.000554670055863], [5.68205359741e-05, -4.14277965319e-05, -0.000247413670877, 0.0028756824322, -0.00173206895124, -0.00558361876756, 0.0125573780388, -0.00633188895881, 0.00369707355276, -0.0015615131706, -0.000583265617024, 0.000357560697012, 0.00126383209135], [-0.00044632787467, -0.000238550710492, 0.00111659208778, -0.00107613008004, -0.000436318397988, 0.00328058702871, -0.00633188895881, 0.0162556990981, -0.0104420287535, 0.0053883837536, -0.00448565324768, 0.00154812785331, -0.00278023141436], [0.000631806440651, 0.000779889000114, -4.2213472625e-05, -0.000476784713101, -0.000657046097331, 0.000188073056052, 0.00369707355276, -0.0104420287535, 0.0204945895821, -0.012331941165, 0.0072353836149, -0.000984135782346, 0.000288971030386], [-0.000352635775926, 0.000319031183608, -0.000184441218153, 0.000479657173855, -0.000912948569749, -0.000262881920207, -0.0015615131706, 0.0053883837536, -0.012331941165, 0.0239029154181, -0.00998979341239, -0.00143783993553, 0.00326685328037], [0.000289203453576, -0.0015812687343, 0.000612339528743, -0.00192074722145, 0.00148360151798, 0.00104875583202, -0.000583265617024, -0.00448565324768, 0.0072353836149, -0.00998979341239, 0.016598623246, -0.00383482221514, -0.000291504664347], [-0.00018951453967, 0.00273746158928, -0.00156898493879, 0.0013709802879, -0.00187609123532, -0.000255219405517, 0.000357560697012, 0.00154812785331, -0.000984135782346, -0.00143783993553, -0.00383482221514, 0.0218547973782, -0.00850213970989], [0.000103761551145, -0.00133398827165, 0.00188455241732, -0.0017122895224, -0.000924016698264, -0.000554670055863, 0.00126383209135, -0.00278023141436, 0.000288971030386, 0.00326685328037, -0.000291504664347, -0.00850213970989, 0.0202808640897]]
    },
    "melbands": {
        "dmean": [0.000450595049188, 0.000745812722016, 0.000505463569425, 0.000260432483628, 0.000162350770552, 0.00014927535085, 0.000129157764604, 0.000113045127364, 6.0632446548e-05, 9.20825696085e-05, 0.000136868053232, 7.85773881944e-05, 7.54018255975e-05, 6.1062113673e-05, 3.701233436e-05, 2.14438841795e-05, 2.00709091587e-05, 1.63350359799e-05, 2.53206671914e-05, 3.44000327459e-05, 2.22913040488e-05, 1.49341603901e-05, 1.09566271931e-05, 2.2446627554e-05, 2.48425876634e-05, 8.47772844281e-06, 7.27210772311e-06, 1.35656509883e-05, 7.17651619198e-06, 2.86244357994e-06, 3.20977164847e-06, 2.07005064112e-06, 2.49363688454e-06, 2.17940828406e-06, 2.26210909204e-06, 2.12161785385e-06, 1.57990348271e-06, 1.1270824416e-06, 1.05566948605e-06, 8.05581748864e-07],
        "dmean2": [0.000730417610612, 0.00123387365602, 0.000900642597117, 0.000452673062682, 0.000270231772447, 0.000251042307355, 0.000206328273634, 0.000176254994585, 9.69239190454e-05, 0.000148295162944, 0.000218342844164, 0.000120612094179, 0.000121187287732, 9.5226954727e-05, 5.76693491894e-05, 3.42734165315e-05, 3.19536666211e-05, 2.59369426203e-05, 4.02225487051e-05, 5.50996046513e-05, 3.47301647707e-05, 2.35222887568e-05, 1.76527501026e-05, 3.58371689799e-05, 3.9755304897e-05, 1.37150327646e-05, 1.17433000923e-05, 2.16568496398e-05, 1.13798641905e-05, 4.63120795757e-06, 5.32871399628e-06, 3.41145982929e-06, 4.096027169e-06, 3.57167050424e-06, 3.62326363756e-06, 3.40768110618e-06, 2.50173184213e-06, 1.77920651367e-06, 1.68273209056e-06, 1.28437852709e-06],
        "dvar": [4.38801606606e-07, 1.81272139343e-06, 1.10724033675e-06, 2.01176973746e-07, 8.87298341468e-08, 6.848564027e-08, 6.66931683213e-08, 6.47744684557e-08, 3.7282330112e-08, 5.91491939872e-08, 1.30003996901e-07, 5.30738688553e-08, 3.50552049611e-08, 4.54747279832e-08, 9.90213244734e-09, 2.82948753316e-09, 1.74396608266e-09, 1.50198176119e-09, 4.07054923102e-09, 8.64662474953e-09, 2.4793804787e-09, 9.62381174752e-10, 2.4721005798e-10, 1.62049629271e-09, 2.26544893955e-09, 1.56501145376e-10, 8.62905441545e-11, 3.68012925689e-10, 1.03769819126e-10, 1.61489207423e-11, 3.27454972859e-11, 1.81455180742e-11, 2.7295544297e-11, 1.95977383627e-11, 1.61866596515e-11, 1.56560077402e-11, 8.27656866653e-12, 3.53971994944e-12, 2.61821488969e-12, 1.65144807551e-12],
        "dvar2": [1.01658997664e-06, 4.48945502285e-06, 3.09210213345e-06, 5.56201086965e-07, 2.28462411656e-07, 1.75763943844e-07, 1.59947745715e-07, 1.44459022522e-07, 8.69442047247e-08, 1.51500017864e-07, 3.11370570216e-07, 1.16938224437e-07, 8.44182537207e-08, 1.04285042823e-07, 2.35769768153e-08, 6.86520351678e-09, 4.19769730087e-09, 3.72997543963e-09, 1.01318109458e-08, 2.13901980572e-08, 5.5528364129e-09, 2.20323959077e-09, 6.27131457875e-10, 4.03506206226e-09, 5.61869306637e-09, 3.8120809287e-10, 2.16055021096e-10, 8.7698098783e-10, 2.56108856345e-10, 3.93549220989e-11, 8.34656302406e-11, 4.44914070863e-11, 6.37309302554e-11, 4.66920495323e-11, 3.83449348662e-11, 3.62840799073e-11, 1.82832932821e-11, 7.27210479334e-12, 5.55147464457e-12, 3.6629280338e-12],
        "max": [0.00702099595219, 0.0126546081156, 0.0120445936918, 0.0061248159036, 0.00712268892676, 0.00354632409289, 0.00456367433071, 0.00508170342073, 0.00492882635444, 0.00624042097479, 0.00905093085021, 0.00531670171767, 0.00495366891846, 0.00668647931889, 0.00244592619129, 0.00161543325521, 0.000724768615328, 0.00145755382255, 0.00143908942118, 0.00220456137322, 0.00128358905204, 0.000776028260589, 0.000270566437393, 0.000980861135758, 0.0011543200817, 0.000229834593483, 0.000161268748343, 0.000420711439801, 0.000186671619304, 0.000101245990663, 0.000115937196824, 0.000104980346805, 0.000115704962809, 8.09361736174e-05, 8.25510724098e-05, 8.93504402484e-05, 5.87333270232e-05, 4.22855846409e-05, 3.84659142583e-05, 2.28126573347e-05],
        "mean": [0.000761391711421, 0.000958725053351, 0.000580381194595, 0.000386460946174, 0.000258957908954, 0.00021952005045, 0.000210203215829, 0.000188834164874, 8.89609873411e-05, 0.000135323149152, 0.000204772251891, 0.000125901889987, 0.000122299650684, 0.000100774290331, 6.27951085335e-05, 3.49742913386e-05, 3.45250118698e-05, 2.82070413959e-05, 4.11451183027e-05, 5.34230457561e-05, 3.86053688999e-05, 2.86919621431e-05, 2.30068890232e-05, 4.35611291323e-05, 4.88317673444e-05, 1.8798000383e-05, 1.68999304151e-05, 3.02343269141e-05, 1.55781272042e-05, 6.04912065683e-06, 6.10190772932e-06, 3.83136784876e-06, 4.32412298323e-06, 3.76478624275e-06, 4.13023371948e-06, 3.78767322218e-06, 3.36722246175e-06, 2.7337280244e-06, 2.54149153989e-06, 1.73685270966e-06],
        "median": [0.000394011527533, 0.0005585514009, 0.000330340961227, 0.000210605372558, 0.000118025462143, 9.51579568209e-05, 7.65753575251e-05, 6.31790462648e-05, 3.18775055348e-05, 3.77296892111e-05, 3.96939649363e-05, 2.99257135339e-05, 3.34309552272e-05, 2.2525429813e-05, 1.9749497369e-05, 1.47078908412e-05, 1.38560890264e-05, 1.27113171402e-05, 1.66645913851e-05, 1.89906495507e-05, 1.725905895e-05, 1.44227706187e-05, 1.49017469084e-05, 2.29671531997e-05, 2.30204295804e-05, 1.22956980704e-05, 1.21191924336e-05, 1.98867619474e-05, 1.05624776552e-05, 4.48328364655e-06, 4.18129593527e-06, 2.41745487983e-06, 2.56415432887e-06, 2.28563021665e-06, 2.62692651631e-06, 2.44393777393e-06, 2.34603930949e-06, 2.04659659175e-06, 1.97045073946e-06, 1.25477913571e-06],
        "min": [6.21578650977e-24, 5.05983233775e-24, 1.97296972017e-24, 1.61084430492e-24, 4.14467519603e-24, 3.12925324162e-24, 3.79842402878e-24, 1.00161187931e-23, 2.70333560319e-24, 1.14921201452e-23, 7.01443678439e-24, 7.30661981964e-24, 6.04889785767e-24, 6.36539871361e-24, 8.5069671391e-24, 9.51183078194e-24, 7.05333551563e-24, 7.26063317317e-24, 7.03809235636e-24, 7.83603462832e-24, 5.1236216027e-24, 7.95541689341e-24, 1.42459822894e-23, 8.71455115314e-24, 1.06087095274e-23, 7.41746582087e-24, 7.20641002998e-24, 5.27985392725e-24, 5.10690918999e-24, 6.52214734763e-24, 7.35157858035e-24, 7.71332652565e-24, 8.79060838846e-24, 6.81479896625e-24, 5.86013409268e-24, 7.75104196553e-24, 9.55775905271e-24, 9.15677079939e-24, 8.26430721377e-24, 6.99112673351e-24],
        "var": [9.06218929231e-07, 1.86172871963e-06, 7.89402236023e-07, 2.8869618518e-07, 2.14629253037e-07, 1.21534498021e-07, 1.45225769188e-07, 1.52656738805e-07, 7.5987998116e-08, 1.12591955315e-07, 2.48462185937e-07, 1.2450827569e-07, 8.14298672935e-08, 1.0687754326e-07, 2.28615970599e-08, 5.35267874469e-09, 4.19553680686e-09, 3.09445336022e-09, 7.20499748752e-09, 1.31874937637e-08, 4.7496264699e-09, 2.16510143147e-09, 6.46464493048e-10, 4.04035693791e-09, 5.57676704815e-09, 4.42544473289e-10, 2.69208599857e-10, 1.06295972024e-09, 2.70443195616e-10, 3.52944548587e-11, 5.40353838063e-11, 2.87146660616e-11, 4.16049521224e-11, 3.09434630696e-11, 2.88268783843e-11, 2.6999669861e-11, 1.96316539414e-11, 9.33291204736e-12, 6.6406719533e-12, 3.77083694131e-12]
    },
    "mfcc": {
        "mean": [-609.655273438, 79.3907394409, 1.2755330801, 25.3991394043, 6.21483135223, -2.72179317474, 8.74689388275, 5.35011005402, -1.36693608761, 3.37899112701, -5.03046226501, 1.06161236763, 1.05833184719],
        "cov": [[2571.24145508, -161.147842407, 109.971946716, 215.313919067, 183.136138916, 103.663978577, 73.4594345093, 71.5743255615, 44.8359565735, 41.9510536194, -72.3053359985, -30.1932067871, 81.2185668945], [-161.147842407, 418.562866211, -67.5149917603, -83.8228378296, -69.0578231812, -56.5174446106, 60.8153800964, -19.2761650085, -23.0539913177, 19.5237045288, -1.47991383076, -20.1452960968, -15.192483902], [109.971946716, -67.5149917603, 814.674743652, 357.509033203, 196.81161499, 125.562065125, -25.9568862915, -45.1585044861, -61.9947547913, -68.5288314819, 0.77543514967, 51.2192153931, 12.6841478348], [215.313919067, -83.8228378296, 357.509033203, 430.83203125, 217.419296265, -15.6046800613, -54.5615577698, -35.1854476929, -11.9272136688, -25.8041210175, -26.0476818085, 73.8286743164, 49.6547737122], [183.136138916, -69.0578231812, 196.81161499, 217.419296265, 227.947952271, 41.1606254578, -34.376449585, -7.51805782318, 11.3954582214, -13.3571062088, -24.9205589294, 32.7497825623, 37.529209137], [103.663978577, -56.5174446106, 125.562065125, -15.6046800613, 41.1606254578, 253.740859985, 69.904838562, 24.3117713928, 11.6211519241, -20.9889240265, 20.5093612671, -33.2908477783, -0.733204603195], [73.4594345093, 60.8153800964, -25.9568862915, -54.5615577698, -34.376449585, 69.904838562, 192.123474121, 52.6750068665, -15.7634601593, 18.4206295013, 1.83676886559, -15.9540243149, -6.48675775528], [71.5743255615, -19.2761650085, -45.1585044861, -35.1854476929, -7.51805782318, 24.3117713928, 52.6750068665, 99.0601654053, 49.0303192139, 12.2354784012, 2.20696663857, -11.9372615814, 3.6696331501], [44.8359565735, -23.0539913177, -61.9947547913, -11.9272136688, 11.3954582214, 11.6211519241, -15.7634601593, 49.0303192139, 113.637969971, 27.5521202087, 3.69238519669, -6.0020198822, 9.65867328644], [41.9510536194, 19.5237045288, -68.5288314819, -25.8041210175, -13.3571062088, -20.9889240265, 18.4206295013, 12.2354784012, 27.5521202087, 81.2977218628, 21.1554050446, 6.73148012161, -3.6821513176], [-72.3053359985, -1.47991383076, 0.77543514967, -26.0476818085, -24.9205589294, 20.5093612671, 1.83676886559, 2.20696663857, 3.69238519669, 21.1554050446, 87.4826660156, 26.8060054779, -5.87375497818], [-30.1932067871, -20.1452960968, 51.2192153931, 73.8286743164, 32.7497825623, -33.2908477783, -15.9540243149, -11.9372615814, -6.0020198822, 6.73148012161, 26.8060054779, 87.5168685913, 32.2381477356], [81.2185668945, -15.192483902, 12.6841478348, 49.6547737122, 37.529209137, -0.733204603195, -6.48675775528, 3.6696331501, 9.65867328644, -3.6821513176, -5.87375497818, 32.2381477356, 74.2382736206]],
