{
"lowlevel": {
    "average_loudness": 0.940083503723,
    "barkbands_crest": {
        "dmean": 2.85665178299,
        "dmean2": 4.75820875168,
        "dvar": 5.89317750931,
        "dvar2": 15.6085748672,
        "max": 23.1265392303,
        "mean": 9.8423833847,
        "median": 9.1918888092,
        "min": 2.66190075874,
        "var": 14.0447340012
    },
    "barkbands_flatness_db": {
        "dmean": 0.0187505818903,
        "dmean2": 0.0296112261713,
        "dvar": 0.000264198693912,
        "dvar2": 0.00063331151614,
        "max": 0.233675062656,
        "mean": 0.104915820062,
        "median": 0.102994054556,
        "min": 0.0256101116538,
        "var": 0.00102161895484
    },
    "barkbands_kurtosis": {
        "dmean": 2.11364603043,
        "dmean2": 3.37659525871,
        "dvar": 8.60939884186,
        "dvar2": 21.28474617,
        "max": 53.882610321,
        "mean": 2.64967346191,
        "median": 1.33200120926,
        "min": -1.9307090044,
        "var": 18.3990497589
    },
    "barkbands_skewness": {
        "dmean": 0.484022945166,
        "dmean2": 0.755532264709,
        "dvar": 0.2069901824,
        "dvar2": 0.4921477139,
        "max": 6.86801290512,
        "mean": 1.53048455715,
        "median": 1.42964863777,
        "min": -2.03865933418,
        "var": 0.832222700119
    },
    "barkbands_spread": {
        "dmean": 7.61112308502,
        "dmean2": 11.7539243698,
        "dvar": 68.6958236694,
        "dvar2": 147.030136108,
        "max": 112.963088989,
        "mean": 31.7208690643,
        "median": 28.4273757935,
        "min": 4.26426935196,
        "var": 264.035003662
    },
    "dissonance": {
        "dmean": 0.0146897397935,
        "dmean2": 0.0248977709562,
        "dvar": 0.000244714668952,
        "dvar2": 0.000676672323607,
        "max": 0.5,
        "mean": 0.47244361043,
        "median": 0.478385537863,
        "min": 0.217564031482,
        "var": 0.000501577334944
    },
    "dynamic_complexity": 2.14325118065,
    "erbbands_crest": {
        "dmean": 2.40746736526,
        "dmean2": 3.8551197052,
        "dvar": 5.38877296448,
        "dvar2": 12.6006526947,
        "max": 31.9652671814,
        "mean": 7.97338962555,
        "median": 6.81287527084,
        "min": 2.35674905777,
        "var": 18.5192089081
    },
    "erbbands_flatness_db": {
        "dmean": 0.0131935495883,
        "dmean2": 0.0193842630833,
        "dvar": 0.000163643606356,
        "dvar2": 0.000309854687657,
        "max": 0.280132502317,
        "mean": 0.123516559601,
        "median": 0.113997533917,
        "min": 0.0515328831971,
        "var": 0.00154057040345
    },
    "erbbands_kurtosis": {
        "dmean": 0.616931200027,
        "dmean2": 0.971618294716,
        "dvar": 0.673733413219,
        "dvar2": 1.52737176418,
        "max": 24.514673233,
        "mean": -0.109839431942,
        "median": -0.516160845757,
        "min": -1.74714064598,
        "var": 2.65300154686
    },
    "erbbands_skewness": {
        "dmean": 0.310185015202,
        "dmean2": 0.481813669205,
        "dvar": 0.078884370625,
        "dvar2": 0.178758382797,
        "max": 3.3318631649,
        "mean": 0.183131635189,
        "median": 0.133202463388,
        "min": -2.08634924889,
        "var": 0.49003764987
    },
    "erbbands_spread": {
        "dmean": 9.41736793518,
        "dmean2": 14.0176277161,
        "dvar": 88.4058074951,
        "dvar2": 179.222808838,
        "max": 144.700576782,
        "mean": 54.8840484619,
        "median": 55.072303772,
        "min": 5.3209104538,
        "var": 544.991210938
    },
    "hfc": {
        "dmean": 7.73339509964,
        "dmean2": 11.2744560242,
        "dvar": 106.029747009,
        "dvar2": 240.013702393,
        "max": 132.254470825,
        "mean": 29.3082923889,
        "median": 25.7647743225,
        "min": 1.14301471404e-16,
        "var": 332.447296143
    },
    "melbands_crest": {
        "dmean": 3.31848239899,
        "dmean2": 5.49886465073,
        "dvar": 7.29704618454,
        "dvar2": 19.2375545502,
        "max": 32.8696098328,
        "mean": 13.5826358795,
        "median": 13.0458507538,
        "min": 1.89706897736,
        "var": 19.6609477997
    },
    "melbands_flatness_db": {
        "dmean": 0.023709109053,
        "dmean2": 0.037509329617,
        "dvar": 0.00043849251233,
        "dvar2": 0.00103933305945,
        "max": 0.332563132048,
        "mean": 0.164050385356,
        "median": 0.161514177918,
        "min": 0.00397494668141,
        "var": 0.00175861711614
    },
    "melbands_kurtosis": {
        "dmean": 7.67139720917,
        "dmean2": 12.1355161667,
        "dvar": 116.944717407,
        "dvar2": 289.535369873,
        "max": 199.520324707,
        "mean": 16.2318496704,
        "median": 11.8884277344,
        "min": -1.40160501003,
        "var": 269.672180176
    },
    "melbands_skewness": {
        "dmean": 0.76596981287,
        "dmean2": 1.17819356918,
        "dvar": 0.552963137627,
        "dvar2": 1.31894898415,
        "max": 11.7516746521,
        "mean": 3.18020153046,
        "median": 3.13256216049,
        "min": -0.899622499943,
        "var": 2.70118713379
    },
    "melbands_spread": {
        "dmean": 7.68805408478,
        "dmean2": 12.1890678406,
        "dvar": 75.6521987915,
        "dvar2": 179.146316528,
        "max": 166.233383179,
        "mean": 26.0524597168,
        "median": 23.0623092651,
        "min": 2.09490990639,
        "var": 223.689559937
    },
    "pitch_salience": {
        "dmean": 0.0746519565582,
        "dmean2": 0.121944911778,
        "dvar": 0.00421792222187,
        "dvar2": 0.0108170285821,
        "max": 0.936023294926,
        "mean": 0.56841558218,
        "median": 0.571076929569,
        "min": 0.193409904838,
        "var": 0.0109333898872
    },
    "silence_rate_20dB": {
        "dmean": 0,
        "dmean2": 0,
        "dvar": 0,
        "dvar2": 0,
        "max": 1,
        "mean": 1,
        "median": 1,
        "min": 1,
        "var": 0
    },
    "silence_rate_30dB": {
        "dmean": 0,
        "dmean2": 0,
        "dvar": 0,
        "dvar2": 0,
        "max": 1,
        "mean": 1,
        "median": 1,
        "min": 1,
        "var": 0
    },
    "silence_rate_60dB": {
        "dmean": 0.00269723543897,
        "dmean2": 0.00539519824088,
        "dvar": 0.00269030942582,
        "dvar2": 0.00644647656009,
        "max": 1,
        "mean": 0.0106526426971,
        "median": 0,
        "min": 0,
        "var": 0.0105401147157
    },
    "spectral_centroid": {
        "dmean": 280.196136475,
        "dmean2": 438.866455078,
        "dvar": 84737.5546875,
        "dvar2": 174798.171875,
        "max": 10972.1542969,
        "mean": 1606.74450684,
        "median": 1559.70532227,
        "min": 349.949493408,
        "var": 335157.53125
    },
    "spectral_complexity": {
        "dmean": 3.92987179756,
        "dmean2": 5.93390893936,
        "dvar": 13.1817588806,
        "dvar2": 27.8404407501,
        "max": 54,
        "mean": 21.8802585602,
        "median": 21,
        "min": 0,
        "var": 66.4971237183
    },
    "spectral_decrease": {
        "dmean": 2.46339459942e-09,
        "dmean2": 3.83366449697e-09,
        "dvar": 6.85460668103e-18,
        "dvar2": 1.54700856716e-17,
        "max": -3.89761238586e-30,
        "mean": -7.50536255367e-09,
        "median": -6.77223965795e-09,
        "min": -3.24151905318e-08,
        "var": 1.89196670539e-17
    },
    "spectral_energy": {
        "dmean": 0.00975647754967,
        "dmean2": 0.0151377879083,
        "dvar": 0.000104971128167,
        "dvar2": 0.000234624443692,
        "max": 0.125196382403,
        "mean": 0.0309853628278,
        "median": 0.0282270647585,
        "min": 1.06519246341e-20,
        "var": 0.000301679654513
    },
    "spectral_energyband_high": {
        "dmean": 0.000658469332848,
        "dmean2": 0.000995771843009,
        "dvar": 1.29004604332e-06,
        "dvar2": 3.0735409382e-06,
        "max": 0.0126064643264,
        "mean": 0.0018493012758,
        "median": 0.00133893464226,
        "min": 7.76796992975e-21,
        "var": 2.80625090454e-06
    },
    "spectral_energyband_low": {
        "dmean": 0.00560484500602,
        "dmean2": 0.00895142927766,
        "dvar": 6.02317959419e-05,
        "dvar2": 0.000142030534334,
        "max": 0.08311047405,
        "mean": 0.010118140839,
        "median": 0.00722044333816,
        "min": 7.49523441104e-23,
        "var": 0.000108267151518
    },
    "spectral_energyband_middle_high": {
        "dmean": 0.00190112052951,
        "dmean2": 0.0026669818908,
        "dvar": 9.35917796596e-06,
        "dvar2": 1.8939617803e-05,
        "max": 0.065608330071,
        "mean": 0.00630400469527,
        "median": 0.00365854473785,
        "min": 1.41835565074e-21,
        "var": 5.97243415541e-05
    },
    "spectral_energyband_middle_low": {
        "dmean": 0.00612293556333,
        "dmean2": 0.00982811208814,
        "dvar": 6.34464086033e-05,
        "dvar2": 0.000158360504429,
        "max": 0.0868645310402,
        "mean": 0.0139644574374,
        "median": 0.0109507739544,
        "min": 2.53732578947e-22,
        "var": 0.00012637936743
    },
    "spectral_entropy": {
        "dmean": 0.127142459154,
        "dmean2": 0.192635327578,
        "dvar": 0.0176228731871,
        "dvar2": 0.0342002660036,
        "max": 9.79485416412,
        "mean": 7.90638303757,
        "median": 7.91361761093,
        "min": 6.66863107681,
        "var": 0.0795302316546
    },
    "spectral_flux": {
        "dmean": 0.0250458344817,
        "dmean2": 0.0389728471637,
        "dvar": 0.000612215837464,
        "dvar2": 0.00129869696684,
        "max": 0.297068506479,
        "mean": 0.0980010181665,
        "median": 0.0903123468161,
        "min": 1.03208164237e-10,
        "var": 0.00160036259331
    },
    "spectral_kurtosis": {
        "dmean": 0.621628046036,
        "dmean2": 1.00404775143,
        "dvar": 0.429822683334,
        "dvar2": 1.02519118786,
        "max": 12.1812400818,
        "mean": 2.37885284424,
        "median": 2.07525324821,
        "min": -1.24617087841,
        "var": 2.58829545975
    },
    "spectral_rms": {
        "dmean": 0.000859393214341,
        "dmean2": 0.00131827045698,
        "dvar": 6.67697349854e-07,
        "dvar2": 1.43243539696e-06,
        "max": 0.0110518233851,
        "mean": 0.0052663856186,
        "median": 0.00524772331119,
        "min": 3.22368130454e-12,
        "var": 2.49481377068e-06
    },
    "spectral_rolloff": {
        "dmean": 830.987731934,
        "dmean2": 1386.57580566,
        "dvar": 1583131.25,
        "dvar2": 3592509,
        "max": 18346.2890625,
        "mean": 1927.9753418,
        "median": 1464.2578125,
        "min": 86.1328125,
        "var": 3127053.5
    },
    "spectral_skewness": {
        "dmean": 0.121146559715,
        "dmean2": 0.190929621458,
        "dvar": 0.0146448221058,
        "dvar2": 0.0305214077234,
        "max": 2.69022655487,
        "mean": 1.26083743572,
        "median": 1.22556877136,
        "min": -0.0200521871448,
        "var": 0.0918589830399
    },
    "spectral_spread": {
        "dmean": 520825.34375,
        "dmean2": 754145.6875,
        "dvar": 693316222976,
        "dvar2": 915215810560,
        "max": 40895236,
        "mean": 6009950,
        "median": 5802824,
        "min": 2577058.5,
        "var": 2.9446284247e+12
    },
    "spectral_strongpeak": {
        "dmean": 0.522220671177,
        "dmean2": 0.85817605257,
        "dvar": 0.612132370472,
        "dvar2": 1.42991983891,
        "max": 10.0077867508,
        "mean": 0.974967479706,
        "median": 0.503022789955,
        "min": 0,
        "var": 1.49091613293
    },
    "zerocrossingrate": {
        "dmean": 0.0131313083693,
        "dmean2": 0.0156078105792,
        "dvar": 0.000218461718759,
        "dvar2": 0.000265397015028,
        "max": 0.64306640625,
        "mean": 0.0839247852564,
        "median": 0.07666015625,
        "min": 0.015625,
        "var": 0.00132920057513
    },
    "barkbands": {
        "dmean": [8.05696254247e-05, 0.0041957651265, 0.00236614909954, 0.00183489895426, 0.00303671043366, 0.00175419903826, 0.000531597470399, 0.000529742857907, 0.00105481734499, 0.000639558071271, 0.000761177274399, 0.000363494356861, 0.000256046507275, 0.000232902268181, 0.000289150804747, 0.000257049628999, 0.000200087248231, 0.00021685824322, 0.00018032148364, 0.000197293251404, 0.000116911171062, 0.000108835629362, 0.000175971363205, 0.00015003036242, 0.000129822088638, 3.64871302736e-05, 3.78123354494e-06],
        "dmean2": [0.000129771200591, 0.00677531398833, 0.00402393378317, 0.003242026316, 0.00517767760903, 0.00267544668168, 0.000851053802762, 0.000837693398353, 0.00164053181652, 0.000964319624472, 0.00112381577492, 0.000570091244299, 0.000402150064474, 0.000365237472579, 0.000459765346022, 0.000408259336837, 0.000321862404235, 0.000347660126863, 0.000291594333248, 0.000312620424666, 0.000190422564629, 0.000171364590642, 0.000284682551865, 0.000235330197029, 0.000198238776647, 5.55582628294e-05, 5.94744051341e-06],
        "dvar": [1.68211862217e-08, 3.84403720091e-05, 2.15487780224e-05, 1.55763900693e-05, 2.26971806114e-05, 1.00075303635e-05, 2.78276593235e-06, 2.30551609093e-06, 6.06167532169e-06, 3.32908643941e-06, 4.53326083516e-06, 1.40266899962e-06, 3.74137016479e-07, 3.47710823689e-07, 3.74443260398e-07, 3.09038199475e-07, 1.5086332894e-07, 1.07941723115e-07, 6.64019523811e-08, 6.4992164539e-08, 3.61043177577e-08, 2.51239509197e-08, 1.07514807723e-07, 5.85317643242e-08, 9.54318437607e-08, 5.49987833054e-09, 5.85510875895e-11],
        "dvar2": [4.43549730278e-08, 9.54075148911e-05, 5.69147196074e-05, 4.3769050535e-05, 6.2345956394e-05, 2.10270154639e-05, 6.78861488268e-06, 5.5938303376e-06, 1.3117679373e-05, 6.6546472226e-06, 9.71689496509e-06, 3.22894129567e-06, 7.62751881211e-07, 7.67142239511e-07, 8.80981588125e-07, 6.73333033774e-07, 3.63625105138e-07, 2.76037269487e-07, 1.70231814423e-07, 1.62669337556e-07, 9.27718346588e-08, 5.66775923971e-08, 2.69460286972e-07, 1.33445567485e-07, 2.033035571e-07, 1.26891279706e-08, 1.45852580014e-10],
        "max": [0.00217167520896, 0.065234541893, 0.0483247898519, 0.0488278493285, 0.0675509721041, 0.0678376108408, 0.0426615476608, 0.0408652164042, 0.0475214384496, 0.0546016208827, 0.0587103515863, 0.0587798841298, 0.0284600444138, 0.0182978957891, 0.0189889315516, 0.0147061031312, 0.0162700060755, 0.00923239067197, 0.00520866224542, 0.00571553967893, 0.00341888586991, 0.00216843769886, 0.00393343530595, 0.00558926723897, 0.0104453461245, 0.00142604717985, 0.000104354701762],
        "mean": [0.000107694169856, 0.00603810558096, 0.00291208736598, 0.00218083686195, 0.00470648566261, 0.0034528139513, 0.000797288725153, 0.000788518053014, 0.00170311809052, 0.00108449847903, 0.00154192617629, 0.000615493161604, 0.000423204008257, 0.000387747044442, 0.000483415991766, 0.000455508823507, 0.000398827716708, 0.000458509050077, 0.000417479459429, 0.000463417702122, 0.000249374046689, 0.000250375684118, 0.0003570340632, 0.000384010636481, 0.000259056396317, 6.40530124656e-05, 4.45134401161e-06],
        "median": [4.54293913208e-05, 0.00358554557897, 0.00159589131363, 0.00115246558562, 0.0028167241253, 0.000938444398344, 0.000226714153541, 0.000212168131839, 0.000416360824602, 0.000296839396469, 0.000273151090369, 0.000176430796273, 0.000162840151461, 0.000147565791849, 0.000210462792893, 0.000222862116061, 0.000203266099561, 0.000272877223324, 0.000274763791822, 0.000328097725287, 0.000153753528139, 0.000159532602993, 0.000229922588915, 0.000270394142717, 0.000118619442219, 2.73233054031e-05, 1.21820494314e-06],
        "min": [6.00863360821e-24, 1.31278539978e-23, 6.2190224172e-24, 1.55837389234e-23, 2.72482654083e-23, 6.83140922147e-23, 4.21084674203e-23, 3.59549421519e-23, 2.968296153e-23, 5.53713901822e-23, 4.88975368992e-23, 4.09262236697e-23, 1.10067464943e-22, 7.87746276316e-23, 8.5716748748e-23, 1.80045813854e-22, 1.22004369321e-22, 1.83922680239e-22, 1.95570344033e-22, 3.142166019e-22, 3.62949298424e-22, 5.51114687181e-22, 4.40721870758e-22, 9.14553584238e-22, 1.18489210176e-21, 1.36235839094e-21, 2.56745007766e-21],
        "var": [2.39065531815e-08, 5.65380287298e-05, 1.93233881873e-05, 1.21917200886e-05, 3.27440648107e-05, 3.11645198963e-05, 4.13756015405e-06, 3.84497570849e-06, 1.31478518597e-05, 9.1467591119e-06, 2.43220474658e-05, 3.35201093549e-06, 9.76879618975e-07, 7.06127707417e-07, 7.15310079613e-07, 6.39324525764e-07, 4.29940314461e-07, 3.34411765834e-07, 1.89846502963e-07, 1.90043977e-07, 8.00293094017e-08, 6.71796627216e-08, 1.65364042459e-07, 1.38734776556e-07, 1.97572717298e-07, 9.8068637655e-09, 7.33707053446e-11]
    },
    "erbbands": {
        "dmean": [0.0944162979722, 1.05952394009, 2.52114152908, 4.42426586151, 8.12549209595, 10.8638315201, 13.6850852966, 14.279920578, 7.59455251694, 8.9411907196, 12.2818470001, 24.6133537292, 20.2533740997, 22.416305542, 29.1664447784, 12.7501192093, 11.5293426514, 10.0286445618, 13.8833007812, 14.3993492126, 12.1261072159, 9.63148593903, 10.2486286163, 12.0327358246, 6.83356666565, 10.718957901, 5.28940963745, 4.83054018021, 3.58440637589, 4.36897659302, 5.54761981964, 3.47343540192, 2.53206133842, 1.60776996613, 0.876350045204, 0.240656673908, 0.0591609217227, 0.00850617233664, 0.000655502080917, 2.49931545113e-05],
        "dmean2": [0.152986258268, 1.71098160744, 4.13258552551, 7.65969324112, 14.1919603348, 18.5490627289, 21.5871772766, 21.8794326782, 12.0754518509, 14.2994165421, 19.0623340607, 38.2782936096, 30.3481998444, 32.3662147522, 42.5720481873, 19.7264862061, 17.9316005707, 15.6591339111, 21.6000957489, 22.5331840515, 18.9951171875, 15.1573524475, 16.4580478668, 18.9992523193, 10.7593622208, 17.2447032928, 8.52953910828, 7.90879631042, 5.59686183929, 6.93169927597, 8.94874668121, 5.45509386063, 4.06507444382, 2.49319338799, 1.32792162895, 0.372238010168, 0.0890583693981, 0.0130612784997, 0.00102534750476, 3.77193500753e-05],
        "dvar": [0.0193054080009, 2.54335594177, 19.9783229828, 87.6219482422, 255.576004028, 282.15246582, 615.932922363, 936.675598145, 545.55078125, 681.655090332, 1198.9296875, 3378.63525391, 3345.74682617, 3506.2121582, 7811.33154297, 1365.54382324, 849.890075684, 431.220916748, 1210.71911621, 942.080322266, 717.804016113, 301.538482666, 278.796569824, 294.277557373, 95.5839004517, 212.088409424, 61.0619392395, 67.5919265747, 28.815536499, 48.3420677185, 101.707618713, 29.7112617493, 19.4760246277, 15.9220666885, 4.93356466293, 0.245586901903, 0.0149813052267, 0.000294622557703, 1.77756555786e-06, 1.49671530725e-09],
        "dvar2": [0.0479696802795, 6.19267559052, 50.4212417603, 240.111465454, 717.77130127, 768.909118652, 1382.55322266, 2005.90319824, 1289.28503418, 1632.82263184, 2905.25341797, 7371.96875, 6667.95751953, 6360.37304688, 15032.2470703, 2984.99682617, 1750.37805176, 947.823425293, 2740.52685547, 2132.02075195, 1501.01843262, 708.117675781, 742.367675781, 712.721435547, 249.189147949, 535.253173828, 156.137924194, 173.862442017, 66.0783691406, 120.516143799, 250.651855469, 68.3168487549, 46.6264305115, 33.6240653992, 11.4600000381, 0.578745126724, 0.0346338972449, 0.000717633112799, 4.34982894149e-06, 3.40908523633e-09],
        "max": [1.38362717628, 16.4285373688, 54.1797370911, 128.262771606, 175.85055542, 263.109222412, 525.778686523, 715.097717285, 571.912780762, 550.488891602, 1015.25024414, 1059.81958008, 1346.12451172, 1443.75231934, 2728.03881836, 1226.34423828, 1427.23803711, 719.890441895, 1077.87988281, 1161.91796875, 961.262695312, 642.96697998, 559.612915039, 399.479949951, 235.058120728, 366.721160889, 211.522827148, 180.941314697, 86.9820556641, 77.3043746948, 127.344543457, 107.987754822, 83.951751709, 159.701599121, 90.5232086182, 9.2514705658, 2.5001938343, 0.209527909756, 0.0172445420176, 0.000763919320889],
        "mean": [0.142798513174, 1.45594239235, 3.41393303871, 5.66646814346, 10.2947721481, 16.5974731445, 26.9742088318, 26.5846767426, 12.1986284256, 14.3426322937, 19.5104675293, 40.9716415405, 35.6075325012, 42.0569076538, 58.5933074951, 24.4766654968, 20.4057025909, 18.8568973541, 24.7433204651, 26.3255634308, 24.3708896637, 21.0763702393, 23.1335830688, 26.9001350403, 17.6273880005, 23.9753017426, 12.3244009018, 9.91743564606, 8.21446895599, 9.20837593079, 11.073225975, 8.34681606293, 6.07674074173, 3.43145895004, 1.61943995953, 0.437641263008, 0.095048174262, 0.0120904045179, 0.000827469280921, 6.28740381217e-05],
        "median": [0.0761347487569, 0.850577950478, 2.09351968765, 3.52509021759, 6.34707164764, 9.62180519104, 9.33580303192, 6.82243537903, 4.24596738815, 4.268201828, 6.43244075775, 10.0414142609, 10.1958818436, 10.9776248932, 12.6648635864, 8.81318283081, 8.43503761292, 8.59723472595, 10.3283519745, 12.6368923187, 12.6098852158, 11.1843585968, 13.9640350342, 17.7430038452, 12.4211912155, 16.9836750031, 8.22743415833, 6.13500070572, 5.16966867447, 6.0471124649, 6.93245029449, 5.92398834229, 3.95228433609, 1.71828436852, 0.638070821762, 0.18404379487, 0.0378936901689, 0.00446934904903, 0.000258824817138, 4.97694963997e-05],
        "min": [6.22453612895e-22, 2.67089753548e-21, 1.01453750597e-20, 4.29560740524e-20, 5.98166354186e-20, 7.14658199852e-20, 2.16686449656e-19, 4.58042888998e-19, 6.60173105373e-19, 6.4487796716e-19, 7.30989950468e-19, 7.92250326249e-19, 1.27017419108e-18, 1.52918408641e-18, 2.00931683366e-18, 2.24848597482e-18, 5.25765551275e-18, 3.96825712725e-18, 3.81850104043e-18, 4.50730219472e-18, 9.78128583917e-18, 6.21205898505e-18, 8.44638342099e-18, 1.07135539583e-17, 9.07632447084e-18, 1.35440824692e-17, 1.58778046498e-17, 1.3899272997e-17, 1.80203546376e-17, 1.85352117032e-17, 1.16279020366e-17, 1.99017471623e-17, 1.49139241693e-17, 1.4427459251e-17, 7.87839240876e-18, 4.67198971877e-18, 2.6338954784e-18, 1.38208345615e-18, 3.72215714314e-19, 3.20245397531e-20],
        "var": [0.0339294373989, 3.49656462669, 21.0406513214, 70.1589813232, 209.263397217, 443.42678833, 2131.16577148, 2420.23657227, 865.919067383, 1187.03857422, 1918.27929688, 7730.17138672, 8740.71777344, 11190.0175781, 31672.140625, 3658.0949707, 2001.42810059, 1106.0065918, 2395.17016602, 1900.08691406, 1803.58520508, 1052.95043945, 908.184265137, 759.084594727, 308.752868652, 538.794067383, 165.682357788, 136.037002563, 74.0543441772, 93.3892364502, 165.14932251, 65.5202713013, 41.7563781738, 32.1758537292, 8.9093132019, 0.476802110672, 0.0228117685765, 0.000403572572395, 2.26908559853e-06, 2.6164928002e-09]
    },
    "gfcc": {
        "mean": [42.5833435059, 61.8917655945, -106.386672974, 43.3069038391, -62.6107330322, 23.460931778, -42.182144165, 14.9186992645, -30.6386756897, -2.2498664856, -16.046081543, 0.68131840229, -7.75965976715],
        "cov": [[2717.53417969, 25.6736469269, 483.74621582, 310.470184326, -48.768081665, 96.2567520142, -97.7755966187, -1.18516469002, -73.3343658447, -12.7274284363, 21.007818222, 38.0419311523, 7.09078741074], [25.6736469269, 540.734313965, 59.4338035583, 105.287857056, 45.1307487488, 10.4111032486, 30.5155658722, -1.07721209526, 8.5268497467, -64.4200515747, 79.2476577759, -22.1917209625, 45.4037666321], [483.74621582, 59.4338035583, 850.442016602, 468.062774658, 30.9413070679, 89.3538894653, -143.329696655, -31.6248512268, -51.5914077759, -2.86566495895, 34.4464797974, 43.0789489746, 27.2926044464], [310.470184326, 105.287857056, 468.062774658, 613.19732666, 96.309715271, 81.1449813843, -74.1323471069, -29.7423400879, -17.9219284058, -36.2534828186, 24.3219776154, 37.3856887817, 32.8068199158], [-48.768081665, 45.1307487488, 30.9413070679, 96.309715271, 201.42477417, 89.5049362183, 66.8322372437, 35.9181861877, 7.22772026062, -4.75828886032, -15.0116300583, -9.02358722687, -4.32952737808], [96.2567520142, 10.4111032486, 89.3538894653, 81.1449813843, 89.5049362183, 213.759872437, 103.772529602, 10.9419403076, -43.8652839661, 7.1831445694, 6.43079948425, -29.6949214935, -6.05989933014], [-97.7755966187, 30.5155658722, -143.329696655, -74.1323471069, 66.8322372437, 103.772529602, 187.731719971, 40.7689399719, -3.35739278793, 7.75562000275, 1.89207661152, -29.1369571686, -20.7871437073], [-1.18516469002, -1.07721209526, -31.6248512268, -29.7423400879, 35.9181861877, 10.9419403076, 40.7689399719, 104.705955505, 47.0390853882, 10.0016832352, 3.03039884567, -0.366809815168, 3.69724059105], [-73.3343658447, 8.5268497467, -51.5914077759, -17.9219284058, 7.22772026062, -43.8652839661, -3.35739278793, 47.0390853882, 107.058151245, 28.4167613983, -3.90473175049, 9.91429233551, 4.36503887177], [-12.7274284363, -64.4200515747, -2.86566495895, -36.2534828186, -4.75828886032, 7.1831445694, 7.75562000275, 10.0016832352, 28.4167613983, 85.7633666992, 14.0657939911, 1.85094368458, -13.3773107529], [21.007818222, 79.2476577759, 34.4464797974, 24.3219776154, -15.0116300583, 6.43079948425, 1.89207661152, 3.03039884567, -3.90473175049, 14.0657939911, 88.3208465576, 24.390417099, 12.9664163589], [38.0419311523, -22.1917209625, 43.0789489746, 37.3856887817, -9.02358722687, -29.6949214935, -29.1369571686, -0.366809815168, 9.91429233551, 1.85094368458, 24.390417099, 69.3504104614, 23.2737293243], [7.09078741074, 45.4037666321, 27.2926044464, 32.8068199158, -4.32952737808, -6.05989933014, -20.7871437073, 3.69724059105, 4.36503887177, -13.3773107529, 12.9664163589, 23.2737293243, 62.4944496155]],
        "icov": [[0.00043836288387, -0.000113252572191, -0.000112160152639, -0.000115956958325, 0.000328899244778, -0.000315515411785, 0.000238712935243, -0.000388512853533, 0.000320686434861, -0.000100734090665, 0.000249849486863, -0.000362269405741, 0.000276088481769], [-0.000113252572191, 0.00357152591459, -0.000478911329992, -7.34541172278e-05, -0.00116267125122, 0.00132613244932, -0.00146905041765, 0.00153404125012, -0.00203236192465, 0.00334902224131, -0.00465135509148, 0.00404123123735, -0.00254670111462], [-0.000112160152639, -0.000478911329992, 0.00278828060254, -0.00162281375378, 0.000455537840025, -0.00164505117573, 0.00246499129571, -0.00107801589184, 0.00131079717539, -0.00127968739253, 0.000463947711978, -0.00111704040319, 0.000704867881723], [-0.000115956958325, -7.34541172278e-05, -0.00162281375378, 0.0035600150004, -0.00156487862114, -0.000739298062399, 0.000539586239029, 0.00145222840365, -0.00147463486064, 0.00168817210943, -0.000630646070931, -0.000654752016999, -0.000341100589139], [0.000328899244778, -0.00116267125122, 0.000455537840025, -0.00156487862114, 0.00818752497435, -0.00290314899758, -0.000825003604405, -0.0026543054264, 0.000132205765112, -0.000704323931132, 0.00344409304671, -0.00226795184426, 0.00156829843763], [-0.000315515411785, 0.00132613244932, -0.00164505117573, -0.000739298062399, -0.00290314899758, 0.0116226011887, -0.00689515238628, 0.000677140604239, 0.00313657871448, -0.0013165831333, -0.00207915971987, 0.00511653767899, -0.00320379249752], [0.000238712935243, -0.00146905041765, 0.00246499129571, 0.000539586239029, -0.000825003604405, -0.00689515238628, 0.0128951556981, -0.00366710312665, 0.00101701356471, -0.000752277555875, 0.000424095458584, -0.00161481660325, 0.0037421961315], [-0.000388512853533, 0.00153404125012, -0.00107801589184, 0.00145222840365, -0.0026543054264, 0.000677140604239, -0.00366710312665, 0.0154677769169, -0.00805915892124, 0.00274301506579, -0.00322454143316, 0.00216243090108, -0.00260130432434], [0.000320686434861, -0.00203236192465, 0.00131079717539, -0.00147463486064, 0.000132205765112, 0.00313657871448, 0.00101701356471, -0.00805915892124, 0.0175089668483, -0.00794718507677, 0.00455659488216, -0.00300019723363, 1.80330098374e-05], [-0.000100734090665, 0.00334902224131, -0.00127968739253, 0.00168817210943, -0.000704323931132, -0.0013165831333, -0.000752277555875, 0.00274301506579, -0.00794718507677, 0.0187090002, -0.0073821390979, 0.00270147644915, 0.00174741621595], [0.000249849486863, -0.00465135509148, 0.000463947711978, -0.000630646070931, 0.00344409304671, -0.00207915971987, 0.000424095458584, -0.00322454143316, 0.00455659488216, -0.0073821390979, 0.0201620999724, -0.0098860738799, 0.00144823652226], [-0.000362269405741, 0.00404123123735, -0.00111704040319, -0.000654752016999, -0.00226795184426, 0.00511653767899, -0.00161481660325, 0.00216243090108, -0.00300019723363, 0.00270147644915, -0.0098860738799, 0.0249935388565, -0.00885836128145], [0.000276088481769, -0.00254670111462, 0.000704867881723, -0.000341100589139, 0.00156829843763, -0.00320379249752, 0.0037421961315, -0.00260130432434, 1.80330098374e-05, 0.00174741621595, 0.00144823652226, -0.00885836128145, 0.0222594663501]]
    },
    "melbands": {
        "dmean": [0.00102901319042, 0.00125307380222, 0.000819366250653, 0.000691843684763, 0.000461616116809, 0.000313647760777, 0.000113493413664, 0.000101046847703, 0.000109732485726, 0.000161858130014, 0.000102530742879, 9.36562937568e-05, 0.000105092345621, 5.11230646225e-05, 2.79245850834e-05, 2.41269990511e-05, 2.0019695512e-05, 2.35527295445e-05, 2.10572725337e-05, 2.03304716706e-05, 1.49492370838e-05, 1.18585176097e-05, 9.09250957193e-06, 1.13727382995e-05, 1.08661961349e-05, 6.28537827652e-06, 5.37261485078e-06, 8.21172761789e-06, 4.06248364015e-06, 2.66904930868e-06, 3.218478696e-06, 2.06861841434e-06, 2.4310606932e-06, 2.6984073429e-06, 3.33949037667e-06, 2.83548911284e-06, 2.30888645092e-06, 1.81183929726e-06, 1.79437893166e-06, 1.44816397096e-06],
        "dmean2": [0.00166668836027, 0.00200186809525, 0.0014016184723, 0.00118318176828, 0.0007376994472, 0.000479414011352, 0.000180802759132, 0.000160255644005, 0.000169921317138, 0.00025163317332, 0.000154181980179, 0.000134872607305, 0.000154363486217, 7.8742072219e-05, 4.35725814896e-05, 3.77385003958e-05, 3.14741519105e-05, 3.6629367969e-05, 3.31747796736e-05, 3.25912697008e-05, 2.35764600802e-05, 1.90774462681e-05, 1.47058817674e-05, 1.81799932761e-05, 1.73042699316e-05, 1.026829068e-05, 8.51659024192e-06, 1.34082592922e-05, 6.57995360598e-06, 4.45188470621e-06, 5.30062470716e-06, 3.28034161612e-06, 3.8640450839e-06, 4.45632258561e-06, 5.42881389265e-06, 4.5484121074e-06, 3.70453244614e-06, 2.93606126434e-06, 2.90684920401e-06, 2.27067175729e-06],
        "dvar": [2.25071880777e-06, 3.77238075089e-06, 2.7371604574e-06, 1.30929379338e-06, 5.97144321546e-07, 3.96357819454e-07, 1.16799490968e-07, 8.20591168349e-08, 8.73073275898e-08, 1.5231714201e-07, 8.78555326267e-08, 6.28996943419e-08, 9.40261770666e-08, 2.64345665357e-08, 4.72351313618e-09, 4.05290823124e-09, 1.7880805725e-09, 4.25038626517e-09, 2.04041783469e-09, 1.95525129421e-09, 1.33934419111e-09, 5.74951142251e-10, 2.49056719692e-10, 3.1008948187e-10, 2.55364007717e-10, 9.02434793559e-11, 5.11295485117e-11, 1.28982380332e-10, 4.24398398369e-11, 2.16459523916e-11, 2.81919244893e-11, 9.56685859005e-12, 1.30818836666e-11, 2.23269736033e-11, 3.60077211103e-11, 2.39255403683e-11, 1.1634921325e-11, 9.99135409824e-12, 1.06065130637e-11, 1.77689651187e-11],
        "dvar2": [5.65896334592e-06, 8.7911303126e-06, 7.30535566618e-06, 3.6357762383e-06, 1.42335102282e-06, 8.48028378186e-07, 2.78421651956e-07, 1.96085565562e-07, 2.08664431511e-07, 3.32377084078e-07, 1.74653465024e-07, 1.10582192292e-07, 1.8992393791e-07, 6.00344733925e-08, 9.76118652574e-09, 8.21489543057e-09, 3.934439885e-09, 9.40544087058e-09, 4.67013894223e-09, 4.69570959893e-09, 2.74111155996e-09, 1.35952116231e-09, 6.60376364703e-10, 7.97038046674e-10, 6.26422691496e-10, 2.40233388737e-10, 1.26836124936e-10, 3.32557009708e-10, 1.09407635729e-10, 5.65842546429e-11, 7.31414234734e-11, 2.28463793023e-11, 3.13698927945e-11, 5.95322055541e-11, 8.93797189039e-11, 5.69466938882e-11, 2.74768957587e-11, 2.48907821437e-11, 2.43981189418e-11, 3.75915132356e-11],
        "max": [0.0156341101974, 0.0234985072166, 0.021691577509, 0.0114058479667, 0.0163637660444, 0.0147069292143, 0.00808856915683, 0.00566522032022, 0.00804146751761, 0.00722284475341, 0.00683032767847, 0.00653602229431, 0.00921273324639, 0.00784468464553, 0.00214821589179, 0.00349041447043, 0.00122897932306, 0.00233462476172, 0.00165623414796, 0.000961788929999, 0.00146048713941, 0.00093564618146, 0.000474916480016, 0.000407244864618, 0.000371128990082, 0.000208424971788, 0.000131112290546, 0.000247225398198, 0.000216291227844, 0.000112340479973, 0.000132802015287, 4.56506531918e-05, 5.1618906582e-05, 4.62340467493e-05, 7.13602712494e-05, 8.52242301335e-05, 8.66483678692e-05, 7.90278791101e-05, 9.80477489065e-05, 0.000181215276825],
        "mean": [0.00150920217857, 0.00190171191934, 0.00110840145499, 0.000989490188658, 0.000914445961826, 0.000595661113039, 0.000176921588718, 0.000158474664204, 0.00016935110034, 0.000262790854322, 0.000173468652065, 0.000161754665896, 0.000215953594306, 8.70491203386e-05, 4.77849353047e-05, 4.07426450693e-05, 3.41108607245e-05, 3.92388901673e-05, 3.52884781023e-05, 3.4500098991e-05, 2.7971684176e-05, 2.32569509535e-05, 1.82135863724e-05, 2.30710611504e-05, 2.20815891225e-05, 1.37492779686e-05, 1.21179873531e-05, 1.70149760379e-05, 8.6778172772e-06, 4.94535697726e-06, 6.11384621152e-06, 4.378794074e-06, 5.07654476678e-06, 4.92488197779e-06, 6.23588630333e-06, 5.74120440433e-06, 5.16700265507e-06, 4.07274319514e-06, 3.8561065594e-06, 2.74343210549e-06],
        "median": [0.000880681793205, 0.001276220195, 0.000708524486981, 0.000609019887634, 0.000375451054424, 0.000155367495609, 5.47061754332e-05, 4.43499338871e-05, 5.3070463764e-05, 6.02728468948e-05, 4.49593135272e-05, 4.06226827181e-05, 4.06576109526e-05, 2.44449802267e-05, 1.92307270481e-05, 1.51909844135e-05, 1.39954436236e-05, 1.43730685522e-05, 1.49885499923e-05, 1.65860219568e-05, 1.33050880322e-05, 1.13555333883e-05, 9.81910670816e-06, 1.36606886372e-05, 1.37796650961e-05, 8.73523094924e-06, 8.38708729134e-06, 1.17104664241e-05, 5.47381341676e-06, 2.89262197839e-06, 3.6574601836e-06, 2.65585094894e-06, 3.19898572343e-06, 3.05970752379e-06, 3.70602901967e-06, 3.6316337173e-06, 3.64877496395e-06, 2.68632697953e-06, 2.25346138905e-06, 1.2063661643e-06],
        "min": [4.76156047961e-24, 1.00010168399e-23, 7.69012849301e-24, 4.43807465479e-24, 7.04833334863e-24, 1.18215658142e-23, 1.01690095028e-23, 7.32191741031e-24, 5.08076357858e-24, 5.03018931151e-24, 6.69611563192e-24, 4.33666697985e-24, 6.71700230211e-24, 5.50357014681e-24, 1.03601859989e-23, 1.18186935716e-23, 6.82650566208e-24, 5.86113239615e-24, 6.14383766205e-24, 5.75626438286e-24, 1.08871829489e-23, 6.29533129915e-24, 6.99363767777e-24, 9.13122117239e-24, 8.53977428642e-24, 8.35384687081e-24, 4.86669236688e-24, 1.05360096841e-23, 1.07516282464e-23, 8.41038689847e-24, 7.90972843636e-24, 1.03072676317e-23, 1.10523806777e-23, 9.93764685453e-24, 5.49056656365e-24, 8.77572021659e-24, 1.29739054255e-23, 1.0019249782e-23, 1.06909096225e-23, 1.24365530984e-23],
        "var": [3.53129985342e-06, 5.15654573974e-06, 2.36241316998e-06, 1.41741008974e-06, 1.97542362912e-06, 1.0794001355e-06, 1.85123568031e-07, 1.45623531012e-07, 1.3885188821e-07, 3.36539073942e-07, 2.30418820024e-07, 1.80311900522e-07, 4.90670572617e-07, 6.31287520036e-08, 1.24624985887e-08, 1.06458912796e-08, 4.06573397171e-09, 8.22489898411e-09, 4.11482048435e-09, 3.4831213469e-09, 3.44071415803e-09, 1.69653935345e-09, 7.69110330978e-10, 8.41752334502e-10, 5.93614046807e-10, 2.38628228288e-10, 1.43130410302e-10, 3.05900832442e-10, 1.05455949528e-10, 3.92042960595e-11, 5.47540415785e-11, 2.28934961266e-11, 3.01207253584e-11, 3.16025122737e-11, 5.68298429149e-11, 4.31838315107e-11, 2.5240223106e-11, 1.86355271492e-11, 2.33308511399e-11, 3.11191662716e-11]
    },
    "mfcc": {
        "mean": [-600.088806152, 87.885559082, 14.5495471954, 20.8576183319, 9.82025527954, 2.96088576317, 5.89229440689, 8.17902851105, -2.10658288002, 3.06620168686, -8.133228302, -4.64894294739, -2.70282459259],
        "cov": [[1855.36450195, -67.2305908203, 362.850646973, 173.00151062, 97.6458892822, 63.328212738, 36.8764343262, 29.8277683258, -56.2526473999, 26.4599609375, -82.0298156738, -20.8742694855, 30.1464633942], [-67.2305908203, 425.144561768, -78.5267333984, -56.7634811401, -13.2580022812, -48.3203010559, 40.3085975647, 23.9087619781, -18.2425479889, 44.7226524353, -9.97430038452, -11.6262760162, -2.14278864861], [362.850646973, -78.5267333984, 831.166931152, 336.643218994, 248.068145752, 104.511451721, 15.4470825195, -12.0690975189, -72.1380310059, -63.6087150574, -69.5076599121, 24.6879673004, 25.2659988403], [173.00151062, -56.7634811401, 336.643218994, 390.190826416, 198.764251709, 69.9800109863, -19.7065963745, 40.1130218506, -12.1557788849, -49.4282989502, -46.0987625122, 49.2370414734, 16.7268295288], [97.6458892822, -13.2580022812, 248.068145752, 198.764251709, 238.285232544, 61.3903999329, 17.9890117645, 32.0607070923, 11.3637752533, -17.2405586243, -27.9340209961, 12.4313640594, 13.1630086899], [63.328212738, -48.3203010559, 104.511451721, 69.9800109863, 61.3903999329, 198.827560425, 114.036224365, 24.8835430145, 17.2618808746, 1.66442525387, 14.3002109528, 1.03406906128, -13.6955518723], [36.8764343262, 40.3085975647, 15.4470825195, -19.7065963745, 17.9890117645, 114.036224365, 212.617919922, 54.7098884583, 8.04328536987, 32.8163375854, 18.8695831299, -18.190290451, -9.3433971405], [29.8277683258, 23.9087619781, -12.0690975189, 40.1130218506, 32.0607070923, 24.8835430145, 54.7098884583, 107.313072205, 32.2942466736, 18.5420150757, -4.25268030167, 1.91719615459, 0.0216582696885], [-56.2526473999, -18.2425479889, -72.1380310059, -12.1557788849, 11.3637752533, 17.2618808746, 8.04328536987, 32.2942466736, 108.634918213, 32.7730751038, 24.1407985687, 0.857851862907, -2.17864084244], [26.4599609375, 44.7226524353, -63.6087150574, -49.4282989502, -17.2405586243, 1.66442525387, 32.8163375854, 18.5420150757, 32.7730751038, 97.1957168579, 28.6399059296, -12.5920114517, -0.655856668949], [-82.0298156738, -9.97430038452, -69.5076599121, -46.0987625122, -27.9340209961, 14.3002109528, 18.8695831299, -4.25268030167, 24.1407985687, 28.6399059296, 88.9875411987, 22.94830513, -2.45442485809], [-20.8742694855, -11.6262760162, 24.6879673004, 49.2370414734, 12.4313640594, 1.03406906128, -18.190290451, 1.91719615459, 0.857851862907, -12.5920114517, 22.94830513, 73.015663147, 28.7196807861], [30.1464633942, -2.14278864861, 25.2659988403, 16.7268295288, 13.1630086899, -13.6955518723, -9.3433971405, 0.0216582696885, -2.17864084244, -0.655856668949, -2.45442485809, 28.7196807861, 60.0957527161]],
