{
"lowlevel": {
    "average_loudness": 0.841667592525,
    "barkbands_crest": {
        "dmean": 2.83760237694,
        "dmean2": 4.64416456223,
        "dvar": 6.01226997375,
        "dvar2": 15.5654697418,
        "max": 25.8998165131,
        "mean": 10.5920352936,
        "median": 9.82011127472,
        "min": 2.41885948181,
        "var": 18.6606674194
    },
    "barkbands_flatness_db": {
        "dmean": 0.0212390031666,
        "dmean2": 0.0334247723222,
        "dvar": 0.000344896368915,
        "dvar2": 0.000845984905027,
        "max": 0.34528875351,
        "mean": 0.121437698603,
        "median": 0.115097820759,
        "min": 0.0249087456614,
        "var": 0.0022387879435
    },
    "barkbands_kurtosis": {
        "dmean": 3.72415328026,
        "dmean2": 5.93559122086,
        "dvar": 44.2909851074,
        "dvar2": 107.655838013,
        "max": 232.09211731,
        "mean": 6.13764667511,
        "median": 1.90022206306,
        "min": -1.93566930294,
        "var": 134.087722778
    },
    "barkbands_skewness": {
        "dmean": 0.616635620594,
        "dmean2": 0.960259318352,
        "dvar": 0.401216864586,
        "dvar2": 0.944814682007,
        "max": 11.8454036713,
        "mean": 1.87249541283,
        "median": 1.57343173027,
        "min": -3.88484215736,
        "var": 2.13530135155
    },
    "barkbands_spread": {
        "dmean": 7.92653131485,
        "dmean2": 12.3588466644,
        "dvar": 85.297164917,
        "dvar2": 183.179656982,
        "max": 109.975372314,
        "mean": 29.1570987701,
        "median": 25.9039115906,
        "min": 0.501932621002,
        "var": 371.891021729
    },
    "dissonance": {
        "dmean": 0.0168362874538,
        "dmean2": 0.0281558874995,
        "dvar": 0.000284115667455,
        "dvar2": 0.000733075023163,
        "max": 0.500000059605,
        "mean": 0.46542185545,
        "median": 0.473062515259,
        "min": 0.266320943832,
        "var": 0.000801419315394
    },
    "dynamic_complexity": 2.42119669914,
    "erbbands_crest": {
        "dmean": 2.69146609306,
        "dmean2": 4.24248886108,
        "dvar": 6.14863204956,
        "dvar2": 14.2000837326,
        "max": 31.1039047241,
        "mean": 9.27439594269,
        "median": 8.06529521942,
        "min": 2.26659274101,
        "var": 22.9253997803
    },
    "erbbands_flatness_db": {
        "dmean": 0.016994940117,
        "dmean2": 0.0250969901681,
        "dvar": 0.00024869927438,
        "dvar2": 0.000511474092491,
        "max": 0.324292808771,
        "mean": 0.135193660855,
        "median": 0.128094732761,
        "min": 0.0485235787928,
        "var": 0.00169163232204
    },
    "erbbands_kurtosis": {
        "dmean": 1.13010668755,
        "dmean2": 1.72697663307,
        "dvar": 3.06361889839,
        "dvar2": 6.49052095413,
        "max": 42.6256141663,
        "mean": 0.546891093254,
        "median": -0.393189311028,
        "min": -1.82310044765,
        "var": 9.03701305389
    },
    "erbbands_skewness": {
        "dmean": 0.425565123558,
        "dmean2": 0.628923594952,
        "dvar": 0.157363310456,
        "dvar2": 0.332530766726,
        "max": 5.9334435463,
        "mean": 0.417018085718,
        "median": 0.366110742092,
        "min": -3.79802894592,
        "var": 1.04638421535
    },
    "erbbands_spread": {
        "dmean": 11.5413074493,
        "dmean2": 17.1648635864,
        "dvar": 138.392059326,
        "dvar2": 286.235443115,
        "max": 153.838943481,
        "mean": 54.7859840393,
        "median": 51.1770172119,
        "min": 3.02492713928,
        "var": 718.382263184
    },
    "hfc": {
        "dmean": 8.66067314148,
        "dmean2": 12.6769676208,
        "dvar": 149.394668579,
        "dvar2": 323.458099365,
        "max": 175.659683228,
        "mean": 26.4038295746,
        "median": 19.4086685181,
        "min": 1.23282244106e-16,
        "var": 520.296142578
    },
    "melbands_crest": {
        "dmean": 3.53464078903,
        "dmean2": 5.81895208359,
        "dvar": 8.69720745087,
        "dvar2": 22.7540817261,
        "max": 32.7822418213,
        "mean": 14.2145929337,
        "median": 13.5665035248,
        "min": 1.53830873966,
        "var": 24.038892746
    },
    "melbands_flatness_db": {
        "dmean": 0.0261614602059,
        "dmean2": 0.041261408478,
        "dvar": 0.000534535211045,
        "dvar2": 0.0012919716537,
        "max": 0.4367390275,
        "mean": 0.181446492672,
        "median": 0.17382709682,
        "min": 0.00268800230697,
        "var": 0.0037000416778
    },
    "melbands_kurtosis": {
        "dmean": 10.5155754089,
        "dmean2": 16.7445926666,
        "dvar": 265.665863037,
        "dvar2": 666.578674316,
        "max": 455.610717773,
        "mean": 22.1637954712,
        "median": 13.7436351776,
        "min": -1.88662171364,
        "var": 657.196228027
    },
    "melbands_skewness": {
        "dmean": 0.899613678455,
        "dmean2": 1.39616310596,
        "dvar": 0.83360683918,
        "dvar2": 1.95904922485,
        "max": 18.2451972961,
        "mean": 3.4630343914,
        "median": 3.21884846687,
        "min": -0.850120425224,
        "var": 3.79539346695
    },
    "melbands_spread": {
        "dmean": 9.13914394379,
        "dmean2": 14.2177553177,
        "dvar": 184.845046997,
        "dvar2": 389.505432129,
        "max": 277.123565674,
        "mean": 26.9050388336,
        "median": 20.8121299744,
        "min": 0.699437379837,
        "var": 630.584594727
    },
    "pitch_salience": {
        "dmean": 0.0754041150212,
        "dmean2": 0.123861603439,
        "dvar": 0.00416990602389,
        "dvar2": 0.0110046053305,
        "max": 0.936481416225,
        "mean": 0.579367637634,
        "median": 0.587170422077,
        "min": 0.156697332859,
        "var": 0.0123343989253
    },
    "silence_rate_20dB": {
        "dmean": 0,
        "dmean2": 0,
        "dvar": 0,
        "dvar2": 0,
        "max": 1,
        "mean": 1,
        "median": 1,
        "min": 1,
        "var": 0
    },
    "silence_rate_30dB": {
        "dmean": 0,
        "dmean2": 0,
        "dvar": 0,
        "dvar2": 0,
        "max": 1,
        "mean": 1,
        "median": 1,
        "min": 1,
        "var": 0
    },
    "silence_rate_60dB": {
        "dmean": 0.0139044076204,
        "dmean2": 0.0278122667223,
        "dvar": 0.0137090180069,
        "dvar2": 0.0327481627464,
        "max": 1,
        "mean": 0.0316534265876,
        "median": 0,
        "min": 0,
        "var": 0.0306558907032
    },
    "spectral_centroid": {
        "dmean": 295.726989746,
        "dmean2": 458.708587646,
        "dvar": 112828.140625,
        "dvar2": 226866.078125,
        "max": 10994.2236328,
        "mean": 1417.40539551,
        "median": 1364.44726562,
        "min": 211.329925537,
        "var": 560593.25
    },
    "spectral_complexity": {
        "dmean": 3.75046563148,
        "dmean2": 5.54954051971,
        "dvar": 15.3457565308,
        "dvar2": 30.6710910797,
        "max": 53,
        "mean": 17.0537490845,
        "median": 15,
        "min": 0,
        "var": 103.82183075
    },
    "spectral_decrease": {
        "dmean": 2.20678142426e-09,
        "dmean2": 3.48452933174e-09,
        "dvar": 6.485318514e-18,
        "dvar2": 1.61659579793e-17,
        "max": 9.34235104841e-27,
        "mean": -6.20508178173e-09,
        "median": -5.50198464566e-09,
        "min": -3.11676195963e-08,
        "var": 1.75952814101e-17
    },
    "spectral_energy": {
        "dmean": 0.00878311414272,
        "dmean2": 0.0137610537931,
        "dvar": 0.00010029002442,
        "dvar2": 0.000246324110776,
        "max": 0.12296615541,
        "mean": 0.0258143227547,
        "median": 0.0229118540883,
        "min": 1.10751042578e-20,
        "var": 0.000291957490845
    },
    "spectral_energyband_high": {
        "dmean": 0.000729912600946,
        "dmean2": 0.00108848069794,
        "dvar": 1.61768718954e-06,
        "dvar2": 3.48151502294e-06,
        "max": 0.0239533539861,
        "mean": 0.00169883365743,
        "median": 0.00094222248299,
        "min": 7.80919648223e-21,
        "var": 4.51005553259e-06
    },
    "spectral_energyband_low": {
        "dmean": 0.00387605046853,
        "dmean2": 0.00647193891928,
        "dvar": 3.71145943063e-05,
        "dvar2": 0.000100661622128,
        "max": 0.0662050321698,
        "mean": 0.00696056010202,
        "median": 0.00339052733034,
        "min": 2.7455448681e-23,
        "var": 7.1911541454e-05
    },
    "spectral_energyband_middle_high": {
        "dmean": 0.00195657578297,
        "dmean2": 0.00280639342964,
        "dvar": 1.29810614453e-05,
        "dvar2": 2.73987134278e-05,
        "max": 0.0751476436853,
        "mean": 0.00505346106365,
        "median": 0.00199707457796,
        "min": 1.82974936436e-21,
        "var": 5.23330563738e-05
    },
    "spectral_energyband_middle_low": {
        "dmean": 0.00605518324301,
        "dmean2": 0.00962761510164,
        "dvar": 5.47512208868e-05,
        "dvar2": 0.000137638679007,
        "max": 0.0749748572707,
        "mean": 0.0134431710467,
        "median": 0.011127836071,
        "min": 2.4523698876e-22,
        "var": 0.000108527790871
    },
    "spectral_entropy": {
        "dmean": 0.166937127709,
        "dmean2": 0.252505630255,
        "dvar": 0.0261958949268,
        "dvar2": 0.0575524605811,
        "max": 9.8029460907,
        "mean": 7.76477193832,
        "median": 7.82560300827,
        "min": 5.53900337219,
        "var": 0.19415590167
    },
    "spectral_flux": {
        "dmean": 0.0230320729315,
        "dmean2": 0.036644462496,
        "dvar": 0.00057363405358,
        "dvar2": 0.00129850057419,
        "max": 0.293675988913,
        "mean": 0.0880144163966,
        "median": 0.0820533782244,
        "min": 1.0523831806e-10,
        "var": 0.00166379578877
    },
    "spectral_kurtosis": {
        "dmean": 0.876402020454,
        "dmean2": 1.41070699692,
        "dvar": 0.99739664793,
        "dvar2": 2.69738459587,
        "max": 20.4266662598,
        "mean": 2.79585146904,
        "median": 2.31037020683,
        "min": -1.18442356586,
        "var": 5.00469398499
    },
    "spectral_rms": {
        "dmean": 0.000835797283798,
        "dmean2": 0.00128192594275,
        "dvar": 6.84039775933e-07,
        "dvar2": 1.57613351348e-06,
        "max": 0.010952943936,
        "mean": 0.00471865711734,
        "median": 0.00472789909691,
        "min": 3.28709282016e-12,
        "var": 2.91897299576e-06
    },
    "spectral_rolloff": {
        "dmean": 839.674621582,
        "dmean2": 1417.10766602,
        "dvar": 2087167.625,
        "dvar2": 4502216,
        "max": 20887.2070312,
        "mean": 2044.60888672,
        "median": 1162.79296875,
        "min": 86.1328125,
        "var": 5126736.5
    },
    "spectral_skewness": {
        "dmean": 0.163666293025,
        "dmean2": 0.250826865435,
        "dvar": 0.0240458920598,
        "dvar2": 0.0532100535929,
        "max": 3.59618544579,
        "mean": 1.35121154785,
        "median": 1.32870411873,
        "min": -0.0874879956245,
        "var": 0.192074716091
    },
    "spectral_spread": {
        "dmean": 672783.875,
        "dmean2": 1012529.75,
        "dvar": 764174532608,
        "dvar2": 1.27183211725e+12,
        "max": 39256444,
        "mean": 6126868.5,
        "median": 5978697.5,
        "min": 2166372.75,
        "var": 3.42301212672e+12
    },
    "spectral_strongpeak": {
        "dmean": 0.540473937988,
        "dmean2": 0.91422945261,
        "dvar": 0.870801985264,
        "dvar2": 2.31628632545,
        "max": 14.8673114777,
        "mean": 0.91475969553,
        "median": 0.525304377079,
        "min": 0,
        "var": 1.33514034748
    },
    "zerocrossingrate": {
        "dmean": 0.0144594293088,
        "dmean2": 0.0171471964568,
        "dvar": 0.000293272983981,
        "dvar2": 0.000346697401255,
        "max": 0.65966796875,
        "mean": 0.0850927680731,
        "median": 0.076171875,
        "min": 0.01123046875,
        "var": 0.00257364776917
    },
    "barkbands": {
        "dmean": [9.28329391172e-05, 0.00230977800675, 0.0016756253317, 0.00168324669357, 0.00345963030122, 0.00131680280901, 0.000867176393513, 0.00052898778813, 0.000810355704743, 0.000848986615892, 0.000328805239405, 0.000326496898197, 0.000249782227911, 0.00014334655134, 0.000233009646763, 0.000314846431138, 0.000217886510654, 0.000283599947579, 0.000238421038375, 0.000136700808071, 0.000124149402836, 0.000151222149725, 0.000156490059453, 0.000168058191775, 0.000132322122226, 7.42358606658e-05, 1.17995978144e-05],
        "dmean2": [0.000161170071806, 0.0038851860445, 0.00275426311418, 0.00288162217475, 0.00566249620169, 0.00205597979948, 0.00134422827978, 0.000841866480187, 0.00126819300931, 0.00127877306659, 0.00050761597231, 0.000510980666149, 0.000395024544559, 0.000235445899307, 0.000356605800334, 0.000492951192427, 0.000344130414305, 0.000441345269792, 0.000371009926312, 0.00021910839132, 0.000196196313482, 0.000234870458371, 0.00024483713787, 0.000260986213107, 0.000206225246075, 0.000118979878607, 1.88403591892e-05],
        "dvar": [5.06884525464e-08, 1.97067001864e-05, 8.57997383719e-06, 8.45674003358e-06, 2.60528086073e-05, 5.85588077229e-06, 3.40489327755e-06, 1.55466113938e-06, 4.18488525611e-06, 6.78999913362e-06, 1.08715607894e-06, 8.77670061072e-07, 6.46580474495e-07, 1.10293626676e-07, 5.2103496273e-07, 1.13051191875e-06, 2.57664396486e-07, 3.88731109524e-07, 5.15868066486e-07, 9.53688044092e-08, 1.03141715613e-07, 1.10945144627e-07, 7.9233956285e-08, 1.03302070897e-07, 8.37216376226e-08, 3.26991766997e-08, 2.02179784026e-09],
        "dvar2": [1.46021932323e-07, 5.39804022992e-05, 2.1686686523e-05, 2.29975066759e-05, 6.86798157403e-05, 1.34789788717e-05, 7.70593851485e-06, 3.63106664736e-06, 9.83766040008e-06, 1.55511970661e-05, 2.4738387765e-06, 2.02046885533e-06, 1.5398954929e-06, 2.77393439774e-07, 1.11602219022e-06, 2.87835655399e-06, 6.37703067241e-07, 8.98339976629e-07, 1.16183855425e-06, 2.26493398259e-07, 2.24987815045e-07, 2.46863237408e-07, 1.80476405376e-07, 2.35758960798e-07, 1.94502007389e-07, 8.09965285953e-08, 5.06735275962e-09],
        "max": [0.00472540361807, 0.0542589500546, 0.0345680788159, 0.0381451919675, 0.0705761387944, 0.0490607470274, 0.0352188199759, 0.0315736494958, 0.0414707288146, 0.066831342876, 0.024909157306, 0.0228787139058, 0.0214051157236, 0.00914375670254, 0.024325625971, 0.0264551714063, 0.0108539797366, 0.0123846223578, 0.041184745729, 0.00911566801369, 0.0123630985618, 0.0121848285198, 0.00466738594696, 0.0078218029812, 0.00917558185756, 0.00359067507088, 0.000936225289479],
        "mean": [0.000107146166556, 0.00354174221866, 0.00218885624781, 0.00216090050526, 0.00527818873525, 0.00227066548541, 0.00133558711968, 0.000743928772863, 0.00124304206111, 0.00148699339479, 0.000456865032902, 0.000464297423605, 0.000362509483239, 0.000220084868488, 0.000355290394509, 0.000494517153129, 0.000369674671674, 0.000526686664671, 0.000406455917982, 0.00024959698203, 0.0002339357452, 0.000306411908241, 0.000314851204166, 0.000358529534424, 0.000233572151046, 9.26510401769e-05, 1.13306432468e-05],
        "median": [1.52945649461e-05, 0.000714688911103, 0.000937243341468, 0.00091646797955, 0.00307825836353, 0.000881518586539, 0.000404238147894, 0.000202266586712, 0.00020726499497, 0.00013182546536, 6.30127251497e-05, 9.50930116232e-05, 7.1251684858e-05, 6.69056316838e-05, 9.22001418076e-05, 0.000137974449899, 0.000134493835503, 0.000179098075023, 0.000159009985509, 0.000126429644297, 0.000110069333459, 0.000143773300806, 0.000156419031555, 0.000188145320863, 9.54415154411e-05, 2.44612456299e-05, 1.29757768264e-06],
        "min": [8.49941616251e-24, 9.12174853064e-24, 7.7970065239e-24, 1.92250230431e-23, 3.90386057413e-23, 5.56794876974e-23, 5.89584416925e-23, 1.96983679852e-23, 2.31226743353e-23, 6.3697810726e-23, 7.52883483689e-23, 8.80289253047e-23, 1.19409862602e-22, 1.0319891615e-22, 1.26240085376e-22, 1.31273825745e-22, 1.6418324731e-22, 1.86862909983e-22, 2.52896310657e-22, 4.25924910147e-22, 5.95056334817e-22, 5.88337966208e-22, 6.46702919442e-22, 6.99731739835e-22, 9.61471850193e-22, 1.85981705651e-21, 2.549331066e-21],
        "var": [6.05062453474e-08, 3.45784756064e-05, 1.19951682791e-05, 1.19314609037e-05, 3.98787924496e-05, 1.50320493049e-05, 7.76787783252e-06, 2.90210618914e-06, 9.08445417735e-06, 1.87539881153e-05, 1.92563197743e-06, 1.47181970078e-06, 1.0454986068e-06, 1.98896501047e-07, 9.93967660179e-07, 1.5990533484e-06, 4.48172897904e-07, 8.98486746337e-07, 8.32003991036e-07, 1.90712924564e-07, 2.3347219269e-07, 2.31448197496e-07, 1.97799025159e-07, 2.68377675638e-07, 1.76099007376e-07, 3.76123345802e-08, 1.7495153104e-09]
    },
    "erbbands": {
        "dmean": [0.0559257268906, 0.574429392815, 1.65818715096, 3.79338407516, 10.1338386536, 11.2649374008, 10.3998374939, 10.4917440414, 13.4059324265, 8.93592834473, 13.4665708542, 17.6788349152, 23.4348278046, 20.3836326599, 11.9932765961, 12.3223609924, 11.2563390732, 6.35683107376, 9.1210899353, 14.5642166138, 15.8463087082, 11.4868755341, 13.4753866196, 16.5305328369, 7.07334709167, 6.75621891022, 4.85704898834, 5.51140642166, 4.66481542587, 5.56449747086, 4.63365077972, 3.94847655296, 2.57553219795, 1.70475172997, 0.87313324213, 0.40442726016, 0.135216340423, 0.0179835855961, 0.00236213812605, 5.97122416366e-05],
        "dmean2": [0.0927345082164, 0.958995223045, 2.72806429863, 6.38073396683, 17.1088275909, 18.634349823, 16.7295780182, 16.1107616425, 20.7123413086, 14.277264595, 21.4338855743, 27.6395931244, 36.184387207, 30.1286048889, 18.1055831909, 19.0098361969, 17.7292804718, 10.1873102188, 14.3734560013, 21.6682567596, 24.5334339142, 17.7878341675, 20.7251148224, 25.4256286621, 10.9660253525, 10.9232234955, 7.74316167831, 8.73138237, 7.2487821579, 8.77845287323, 7.25285482407, 6.21871805191, 3.99533605576, 2.64594554901, 1.39315080643, 0.656830668449, 0.21518817544, 0.0280655305833, 0.00376721192151, 9.33171540964e-05],
        "dvar": [0.0139598371461, 1.16494762897, 8.79835605621, 38.9072723389, 249.553497314, 317.89541626, 290.733306885, 492.162658691, 824.477539062, 457.506134033, 983.588500977, 2366.68310547, 4447.62207031, 4105.9375, 1204.72167969, 1285.42651367, 1256.14111328, 190.764282227, 831.265930176, 1850.00732422, 2572.97705078, 675.530273438, 922.208679199, 2669.6328125, 209.026275635, 253.170562744, 130.625991821, 201.836364746, 108.335098267, 111.343482971, 71.9922943115, 56.7962608337, 25.5433940887, 15.2004470825, 3.79026389122, 0.974705636501, 0.117195516825, 0.00295895524323, 7.93138024164e-05, 3.67511567845e-08],
        "dvar2": [0.0416152924299, 3.12678074837, 21.9992733002, 103.171081543, 666.600769043, 844.060302734, 699.339233398, 1090.84570312, 1826.59155273, 1119.29333496, 2360.71386719, 5690.48193359, 10536.6142578, 8986.89550781, 2590.36279297, 2976.76367188, 2988.5559082, 463.146240234, 2025.08435059, 3924.29223633, 6445.58203125, 1642.85424805, 2164.66430664, 6171.40136719, 480.823425293, 623.160461426, 302.585906982, 418.057891846, 246.291748047, 243.128356934, 166.798400879, 135.68321228, 57.5282897949, 34.7963943481, 9.46207523346, 2.43424487114, 0.293334633112, 0.00730193592608, 0.000198658875888, 9.04198387275e-08],
        "max": [1.36005020142, 13.9716949463, 39.5787963867, 92.0969314575, 183.865570068, 326.454315186, 326.628936768, 538.952453613, 622.440856934, 572.962646484, 908.557617188, 1075.52404785, 1621.60192871, 1740.60754395, 724.190673828, 877.416564941, 897.039428711, 237.121063232, 1115.29992676, 1336.70214844, 1482.95983887, 522.977600098, 724.870300293, 2988.42480469, 357.330963135, 519.83013916, 371.544250488, 514.343261719, 366.823760986, 228.033111572, 169.15562439, 150.257156372, 144.497299194, 143.954177856, 42.5215377808, 23.9071617126, 6.27276277542, 1.31807506084, 0.169470921159, 0.00345696881413],
        "mean": [0.0808636769652, 0.875289142132, 2.36684679985, 5.6043419838, 13.2099943161, 16.8568210602, 17.9742946625, 18.6931209564, 21.6815719604, 13.5795631409, 20.0136489868, 26.4944477081, 43.0093955994, 34.3479881287, 18.5037746429, 18.609544754, 17.4014778137, 10.6204366684, 14.8994541168, 23.4792480469, 26.9218730927, 21.4430942535, 26.3621883392, 29.9114627838, 13.2477769852, 12.2051706314, 9.05705928802, 10.4924736023, 9.33165645599, 11.1753530502, 9.10110282898, 7.92213869095, 5.44700908661, 3.19734978676, 1.39071297646, 0.539006054401, 0.155624419451, 0.0201761033386, 0.00230103149079, 8.79739382071e-05],
        "median": [0.0128117538989, 0.207414314151, 1.12410128117, 2.80120587349, 7.37056350708, 9.29476928711, 9.05274772644, 6.65259933472, 7.25930690765, 4.73742818832, 6.19341564178, 5.26898002625, 4.3257856369, 4.17337274551, 3.43794369698, 4.01195478439, 3.76519536972, 3.30824422836, 4.56428432465, 6.39101600647, 8.33064651489, 8.12526607513, 9.4991235733, 10.9093170166, 6.48591756821, 6.2020778656, 4.6868057251, 4.6536822319, 4.34227132797, 5.41196250916, 4.68519878387, 4.09799194336, 2.73566675186, 1.35813128948, 0.52848315239, 0.160788476467, 0.0342173799872, 0.00428688433021, 0.000284198031295, 4.37811322627e-05],
        "min": [1.0857451097e-22, 2.55957610986e-21, 7.75025017006e-21, 3.90406663217e-20, 6.37559796883e-20, 1.0175883484e-19, 3.36060709564e-19, 4.33654967901e-19, 6.10144032853e-19, 5.99056452224e-19, 3.90235197723e-19, 5.06017968658e-19, 1.90517169261e-18, 2.90637042653e-18, 3.41628488117e-18, 4.49702406202e-18, 5.2479042941e-18, 6.2410098929e-18, 6.25606871595e-18, 7.57469387404e-18, 9.35852706298e-18, 1.03297843403e-17, 9.66915406251e-18, 1.1041177865e-17, 1.77525267901e-17, 2.0066680359e-17, 2.32724634907e-17, 2.64460544074e-17, 2.20588886161e-17, 1.17483370522e-17, 2.13403813381e-17, 1.50111112738e-17, 1.18138133608e-17, 8.36199528208e-18, 7.89988669697e-18, 7.45011302916e-18, 3.08211363307e-18, 1.37903870771e-18, 3.45865514009e-19, 3.92818573249e-20],
        "var": [0.0214579701424, 2.0525188446, 12.438624382, 65.0321502686, 290.844604492, 514.759338379, 662.962158203, 1337.28491211, 2025.12243652, 952.318054199, 1824.8729248, 4035.61376953, 13933.34375, 10754.9384766, 2305.62573242, 2175.79589844, 2085.16137695, 373.858581543, 1264.84509277, 3546.046875, 4100.31640625, 1332.87585449, 2154.72607422, 4307.65429688, 435.401550293, 477.393737793, 274.251617432, 476.38684082, 219.024246216, 278.855285645, 159.255447388, 124.268585205, 71.0973892212, 34.3985710144, 6.22594547272, 1.2140147686, 0.120098568499, 0.00290893157944, 6.87556603225e-05, 3.50032358654e-08]
    },
    "gfcc": {
        "mean": [16.4882221222, 60.6567687988, -98.5823974609, 40.0647125244, -67.236907959, 11.1046552658, -51.5887336731, 9.1114654541, -29.3631343842, -5.01640939713, -20.0569610596, 0.541292905807, -13.2362632751],
        "cov": [[4432.68066406, -615.166442871, 244.928771973, 238.789581299, 111.300971985, 393.583190918, 273.918914795, 389.340789795, 154.28855896, 78.533493042, -21.7638683319, 177.452392578, -36.0472984314], [-615.166442871, 967.930603027, 5.27136278152, 5.01851701736, 57.9601478577, -104.214607239, -13.1270141602, -49.64793396, -10.9532394409, -78.5115509033, 72.0859985352, -46.2019081116, 30.215133667], [244.928771973, 5.27136278152, 938.647216797, 373.844421387, -46.0544891357, -16.4592494965, -217.387252808, -101.415252686, -32.3923950195, 59.050327301, 39.3284416199, 2.85999655724, 28.6771869659], [238.789581299, 5.01851701736, 373.844421387, 575.527954102, 55.4609413147, 75.6910629272, -84.7803726196, -15.0468511581, 61.2117958069, 61.1768417358, 70.7629318237, 0.858159959316, 50.5613822937], [111.300971985, 57.9601478577, -46.0544891357, 55.4609413147, 264.51751709, 50.9040145874, 30.8806018829, 41.9302597046, 34.1513252258, 7.02552127838, -3.93890666962, 11.4726734161, -2.18063902855], [393.583190918, -104.214607239, -16.4592494965, 75.6910629272, 50.9040145874, 272.909515381, 193.438079834, 103.334754944, 32.2279663086, 17.8394184113, 26.4772624969, 26.2982730865, 12.2658987045], [273.918914795, -13.1270141602, -217.387252808, -84.7803726196, 30.8806018829, 193.438079834, 363.553192139, 145.64024353, 19.8731460571, -12.9100828171, 15.192688942, 38.3894271851, -5.43183994293], [389.340789795, -49.64793396, -101.415252686, -15.0468511581, 41.9302597046, 103.334754944, 145.64024353, 189.466812134, 70.731842041, 4.19101190567, 7.03597450256, 17.1226100922, -7.25899028778], [154.28855896, -10.9532394409, -32.3923950195, 61.2117958069, 34.1513252258, 32.2279663086, 19.8731460571, 70.731842041, 150.880691528, 48.9966049194, 14.2017869949, 7.04815483093, 2.23827767372], [78.533493042, -78.5115509033, 59.050327301, 61.1768417358, 7.02552127838, 17.8394184113, -12.9100828171, 4.19101190567, 48.9966049194, 117.752639771, 32.0425300598, 6.52272891998, 9.71217155457], [-21.7638683319, 72.0859985352, 39.3284416199, 70.7629318237, -3.93890666962, 26.4772624969, 15.192688942, 7.03597450256, 14.2017869949, 32.0425300598, 100.720756531, 24.9014339447, 14.5070810318], [177.452392578, -46.2019081116, 2.85999655724, 0.858159959316, 11.4726734161, 26.2982730865, 38.3894271851, 17.1226100922, 7.04815483093, 6.52272891998, 24.9014339447, 91.6046066284, 24.3972320557], [-36.0472984314, 30.215133667, 28.6771869659, 50.5613822937, -2.18063902855, 12.2658987045, -5.43183994293, -7.25899028778, 2.23827767372, 9.71217155457, 14.5070810318, 24.3972320557, 86.6211624146]],
        "icov": [[0.000359197234502, 8.64558096509e-05, -0.000120635522762, -0.00011188985809, 1.48197959788e-05, -0.000264289497864, 9.99814437819e-05, -0.0006764139398, 3.87549589504e-05, -0.000102150064777, 0.000389333057683, -0.000683534599375, 0.00034972166759], [8.64558096509e-05, 0.00163377809804, -0.000272072327789, 0.000187588244444, -0.000714675115887, 0.00100944424048, -0.000759250309784, 0.000433468521805, -0.000673364207614, 0.00169885868672, -0.00204924400896, 0.0014443207765, -0.000962234393228], [-0.000120635522762, -0.000272072327789, 0.00187274906784, -0.00108768849168, 0.000543378759176, -0.000487434212118, 0.00108499615453, 0.000104796112282, 0.000992522342131, -0.000838361156639, 0.000394882488763, -0.000580742198508, 0.000384901621146], [-0.00011188985809, 0.000187588244444, -0.00108768849168, 0.00325956824236, -0.000780525675509, -0.000933979928959, 0.000509220641106, 0.000663439102937, -0.00143297167961, 0.000460912560811, -0.00199580914341, 0.00136808201205, -0.00152012414765], [1.48197959788e-05, -0.000714675115887, 0.000543378759176, -0.000780525675509, 0.00456751976162, -0.00110296439379, 0.000699263357092, -0.000818682834506, 2.14567899093e-05, -0.000840304826852, 0.00175794027746, -0.00147845107131, 0.000993235735223], [-0.000264289497864, 0.00100944424048, -0.000487434212118, -0.000933979928959, -0.00110296439379, 0.0082995351404, -0.00451951473951, -0.000427539896918, -0.00015480555885, 0.000485086377012, -0.0017668986693, 0.00162929855287, -0.00149117887486], [9.99814437819e-05, -0.000759250309784, 0.00108499615453, 0.000509220641106, 0.000699263357092, -0.00451951473951, 0.00724584469572, -0.00336957722902, 0.00152684899513, -0.000561851717066, 0.000523759168573, -0.00231633079238, 0.00106781977229], [-0.0006764139398, 0.000433468521805, 0.000104796112282, 0.000663439102937, -0.000818682834506, -0.000427539896918, -0.00336957722902, 0.0115229776129, -0.00479407096282, 0.00202202098444, -0.00152152404189, 0.00174821005203, -0.000400769757107], [3.87549589504e-05, -0.000673364207614, 0.000992522342131, -0.00143297167961, 2.14567899093e-05, -0.00015480555885, 0.00152684899513, -0.00479407096282, 0.0108718452975, -0.00478122988716, 0.00142991601024, -0.00124302448239, 0.000841094122734], [-0.000102150064777, 0.00169885868672, -0.000838361156639, 0.000460912560811, -0.000840304826852, 0.000485086377012, -0.000561851717066, 0.00202202098444, -0.00478122988716, 0.0131557658315, -0.00526743521914, 0.00220880820416, -0.00167367316317], [0.000389333057683, -0.00204924400896, 0.000394882488763, -0.00199580914341, 0.00175794027746, -0.0017668986693, 0.000523759168573, -0.00152152404189, 0.00142991601024, -0.00526743521914, 0.0159946233034, -0.00595520203933, 0.00166308588814], [-0.000683534599375, 0.0014443207765, -0.000580742198508, 0.00136808201205, -0.00147845107131, 0.00162929855287, -0.00231633079238, 0.00174821005203, -0.00124302448239, 0.00220880820416, -0.00595520203933, 0.0163539182395, -0.00548556819558], [0.00034972166759, -0.000962234393228, 0.000384901621146, -0.00152012414765, 0.000993235735223, -0.00149117887486, 0.00106781977229, -0.000400769757107, 0.000841094122734, -0.00167367316317, 0.00166308588814, -0.00548556819558, 0.0144875496626]]
    },
    "melbands": {
        "dmean": [0.000578930368647, 0.000787341443356, 0.000770913728047, 0.000842970679514, 0.000367250351701, 0.00024215511803, 0.000192395033082, 9.9238481198e-05, 0.000118488176668, 0.000112402187369, 0.00012263545068, 9.16824501473e-05, 4.2773775931e-05, 3.5550485336e-05, 3.44797481375e-05, 2.03988474823e-05, 1.20989316201e-05, 1.5254589016e-05, 1.88291742234e-05, 2.20282745431e-05, 1.91446852114e-05, 1.30977186927e-05, 1.17161216622e-05, 1.47364125951e-05, 1.47850805661e-05, 7.38694552638e-06, 4.20397009293e-06, 4.93148900205e-06, 3.50250525116e-06, 2.89075660476e-06, 3.5341779494e-06, 2.68359258371e-06, 3.58383522325e-06, 2.99812859339e-06, 2.70650616585e-06, 2.67305836132e-06, 2.61788090938e-06, 1.90596028915e-06, 1.78811217211e-06, 1.52772315687e-06],
        "dmean2": [0.000966948748101, 0.00131122011226, 0.00129660917446, 0.00138684688136, 0.000595437828451, 0.000373168761143, 0.00029717333382, 0.000159299059305, 0.000189096463146, 0.000175620691152, 0.000189258891623, 0.000135761816637, 6.52722810628e-05, 5.58159808861e-05, 5.35907493031e-05, 3.19925675285e-05, 1.97241788555e-05, 2.45470910158e-05, 2.85003479803e-05, 3.39651851391e-05, 3.01389991364e-05, 2.05542892218e-05, 1.83889133041e-05, 2.29387496802e-05, 2.3023572794e-05, 1.16087549031e-05, 6.67516587782e-06, 8.06594380265e-06, 5.68073937757e-06, 4.63471815237e-06, 5.63634603168e-06, 4.28764769822e-06, 5.68131099499e-06, 4.77708545077e-06, 4.29938199886e-06, 4.23601977673e-06, 4.23786332249e-06, 2.98275449495e-06, 2.87940019916e-06, 2.40142026087e-06],
        "dvar": [1.31233298362e-06, 1.81146219802e-06, 1.44869386531e-06, 1.62217418165e-06, 3.45152642467e-07, 2.29073862101e-07, 1.64861361895e-07, 5.08481043937e-08, 7.67911387811e-08, 9.3439687987e-08, 1.23325136769e-07, 8.82310970951e-08, 1.72053056247e-08, 1.14692131348e-08, 1.3231839624e-08, 4.06542399745e-09, 7.48992812216e-10, 2.10078421325e-09, 3.40285244427e-09, 6.24716411934e-09, 3.91109367115e-09, 9.64296309469e-10, 7.56033680105e-10, 1.08304543112e-09, 2.55598897603e-09, 3.26465077194e-10, 7.8355884281e-11, 1.49457474174e-10, 6.81627740362e-11, 5.71325903254e-11, 8.19423487397e-11, 3.80187825666e-11, 6.22198959022e-11, 3.18696492807e-11, 2.53818285834e-11, 2.60795048751e-11, 2.78135171145e-11, 1.44366662722e-11, 1.38130487951e-11, 1.51676327748e-11],
        "dvar2": [3.72491626877e-06, 4.66146548206e-06, 3.88697435483e-06, 4.24201698479e-06, 8.61393232299e-07, 5.1625386277e-07, 3.72075390942e-07, 1.22071554642e-07, 1.85177952972e-07, 2.23369895025e-07, 2.90217087695e-07, 1.95388778934e-07, 3.80978448788e-08, 2.57294185957e-08, 3.01690583626e-08, 9.13519304646e-09, 1.87368298654e-09, 5.22316367935e-09, 7.0355472559e-09, 1.52709827006e-08, 9.96711158052e-09, 2.3569388663e-09, 1.8559943582e-09, 2.49793918883e-09, 6.01122307486e-09, 7.59981577669e-10, 1.79423600977e-10, 3.72522901415e-10, 1.63263555453e-10, 1.33991900908e-10, 1.67326888456e-10, 9.22873999443e-11, 1.44226214305e-10, 7.03216998521e-11, 6.04526706471e-11, 6.28712221173e-11, 6.90403220704e-11, 3.32270599923e-11, 3.23226931331e-11, 3.67686055214e-11],
        "max": [0.0120586995035, 0.0172090735286, 0.0156517848372, 0.0153682213277, 0.0102482754737, 0.0109079135582, 0.00832877028733, 0.00577325746417, 0.00824263412505, 0.00642260210589, 0.00795312598348, 0.00788819883019, 0.00281698186882, 0.00216813385487, 0.00448249420151, 0.00178951781709, 0.000507932330947, 0.001474250108, 0.00198778067715, 0.00239063124172, 0.00217470503412, 0.000676548748743, 0.000614893855527, 0.000852359051351, 0.00300711556338, 0.000643014209345, 0.000223586597713, 0.000393713329686, 0.00026190202334, 0.000267504772637, 0.000348722416675, 0.000203945368412, 0.000244181021117, 0.000123721853015, 0.000100436351204, 9.64897335507e-05, 0.000128584186314, 0.000114549751743, 0.000110310451419, 0.000159750517923],
        "mean": [0.000882973370608, 0.00124891090672, 0.00113249581773, 0.00120079563931, 0.000641336722765, 0.000431322259828, 0.000307816255372, 0.000145251164213, 0.000173026768607, 0.000168365397258, 0.000221577531192, 0.000151307569467, 6.24182866886e-05, 5.06610849698e-05, 5.03444316564e-05, 2.97318565572e-05, 1.84787841135e-05, 2.26691463467e-05, 2.87440798274e-05, 3.32371710101e-05, 3.08165908791e-05, 2.1968044166e-05, 2.04681946343e-05, 2.67229970632e-05, 2.4897255571e-05, 1.20913418868e-05, 7.09503638063e-06, 8.32876594359e-06, 5.96002928432e-06, 4.94719370181e-06, 6.49384992357e-06, 4.85562759422e-06, 6.63833588987e-06, 5.72813178223e-06, 4.97643077324e-06, 5.10774316353e-06, 4.91122773383e-06, 3.77948094865e-06, 3.41099416801e-06, 2.58838849732e-06],
        "median": [0.000163557386259, 0.000562129367609, 0.000645536347292, 0.000655971467495, 0.000345150125213, 0.000160377152497, 0.000101608304249, 4.53770553577e-05, 4.98740082548e-05, 2.75554630207e-05, 2.04520019906e-05, 1.72210711753e-05, 1.00158886198e-05, 9.62003286986e-06, 9.70811015577e-06, 6.41520318823e-06, 5.36657444172e-06, 6.54258383292e-06, 7.50718527343e-06, 8.66455684445e-06, 9.30238820729e-06, 7.79939546192e-06, 7.37527989259e-06, 8.68491406436e-06, 8.52038283483e-06, 5.00070018461e-06, 3.42578255186e-06, 3.95883398596e-06, 2.88710930363e-06, 2.29517218031e-06, 2.67417317446e-06, 2.15843238038e-06, 2.97312817565e-06, 2.68975873041e-06, 2.527309789e-06, 2.40838153331e-06, 2.5144177016e-06, 1.84950044968e-06, 1.54917654527e-06, 1.00950398974e-06],
        "min": [2.14991457387e-24, 4.17298938607e-24, 7.96471361918e-24, 4.63601129439e-24, 1.0751982445e-23, 1.17160540904e-23, 1.02513018947e-23, 5.8376259189e-24, 2.65872966052e-24, 3.69570605588e-24, 8.79245037867e-24, 1.13360724141e-23, 1.01187188313e-23, 1.00207162744e-23, 1.1150879428e-23, 1.22113198994e-23, 1.12198400706e-23, 9.3076065265e-24, 1.09091432588e-23, 9.57735514645e-24, 1.09406243309e-23, 1.09554572826e-23, 8.349183914e-24, 8.55791256522e-24, 8.82281205719e-24, 1.03586272098e-23, 1.43154556916e-23, 1.19502945033e-23, 1.51586154707e-23, 1.09940026041e-23, 1.77218533214e-23, 1.43085784022e-23, 6.88256211801e-24, 6.38157706748e-24, 1.38821612176e-23, 9.32888526055e-24, 8.64273325633e-24, 8.32348361457e-24, 7.48132726659e-24, 7.08685342663e-24],
        "var": [2.25222743211e-06, 2.98348641081e-06, 2.06275217352e-06, 2.31459944189e-06, 7.63623461353e-07, 6.14613554717e-07, 3.865449969e-07, 1.06482929141e-07, 1.47991016775e-07, 1.71989100295e-07, 3.79253549454e-07, 2.28368392641e-07, 3.20160253864e-08, 1.95412841464e-08, 2.23016076717e-08, 6.98616098305e-09, 1.34288413722e-09, 2.98543834099e-09, 6.88747547883e-09, 8.48120507158e-09, 5.94308513513e-09, 1.69796199323e-09, 1.36669053852e-09, 2.58141596987e-09, 3.71962327606e-09, 5.51592604925e-10, 1.5347725868e-10, 2.60437782451e-10, 1.25318741495e-10, 1.16921000659e-10, 1.87138762819e-10, 6.64012109186e-11, 1.1917104803e-10, 8.72550573461e-11, 4.91891770371e-11, 5.84471082643e-11, 5.30333242599e-11, 3.55549062414e-11, 3.4389695952e-11, 2.86577515191e-11]
    },
    "mfcc": {
        "mean": [-629.730773926, 90.1217498779, 20.7776050568, 23.9532165527, 9.65552139282, -2.71432685852, -6.2690205574, 3.64859271049, -5.52176380157, -4.47872972488, -5.8599729538, -5.57658529282, -4.84298372269],
        "cov": [[3887.82788086, -630.258789062, 52.5666160583, -9.75437259674, 27.7304115295, 133.110153198, 184.071929932, 438.339294434, 252.06867981, 221.267868042, 183.530166626, 143.253631592, 20.7408218384], [-630.258789062, 875.547790527, -137.731323242, -31.3537731171, -9.99010848999, -96.9000778198, -0.478135347366, -14.4569416046, -54.3513641357, -70.7354431152, -29.4784545898, -42.2816352844, -0.0113041726872], [52.5666160583, -137.731323242, 938.522766113, 300.261505127, 174.72593689, 68.204750061, -39.717754364, -137.171722412, -76.6238708496, -34.1112556458, -84.3393096924, 62.0752372742, 54.4946670532], [-9.75437259674, -31.3537731171, 300.261505127, 375.675415039, 198.933395386, 53.5950241089, -44.6831436157, -71.7007141113, -30.9245128632, -6.02706289291, -31.8230018616, 28.6140651703, 44.584777832], [27.7304115295, -9.99010848999, 174.72593689, 198.933395386, 327.189483643, 38.2972450256, -69.1201705933, -63.2480316162, -17.6061611176, 3.39584922791, -15.6899814606, 13.9082765579, 22.48736763], [133.110153198, -96.9000778198, 68.204750061, 53.5950241089, 38.2972450256, 181.345962524, 79.3825836182, 30.5425567627, 31.8421821594, 25.6198806763, 15.8153858185, 36.9076004028, 7.82977199554], [184.071929932, -0.478135347366, -39.717754364, -44.6831436157, -69.1201705933, 79.3825836182, 235.175537109, 127.389183044, 49.2891769409, 24.6968898773, 34.6208152771, 31.2768383026, -3.41924285889], [438.339294434, -14.4569416046, -137.171722412, -71.7007141113, -63.2480316162, 30.5425567627, 127.389183044, 256.257171631, 89.6783218384, 51.6197853088, 65.4595870972, 21.4439964294, -6.44290590286], [252.06867981, -54.3513641357, -76.6238708496, -30.9245128632, -17.6061611176, 31.8421821594, 49.2891769409, 89.6783218384, 134.227371216, 63.4641990662, 37.1661109924, 21.5389251709, -6.01020002365], [221.267868042, -70.7354431152, -34.1112556458, -6.02706289291, 3.39584922791, 25.6198806763, 24.6968898773, 51.6197853088, 63.4641990662, 132.078155518, 58.7087440491, 24.5120334625, 5.42972326279], [183.530166626, -29.4784545898, -84.3393096924, -31.8230018616, -15.6899814606, 15.8153858185, 34.6208152771, 65.4595870972, 37.1661109924, 58.7087440491, 106.521865845, 38.7720375061, 0.818668425083], [143.253631592, -42.2816352844, 62.0752372742, 28.6140651703, 13.9082765579, 36.9076004028, 31.2768383026, 21.4439964294, 21.5389251709, 24.5120334625, 38.7720375061, 108.661193848, 40.5534095764], [20.7408218384, -0.0113041726872, 54.4946670532, 44.584777832, 22.48736763, 7.82977199554, -3.41924285889, -6.44290590286, -6.01020002365, 5.42972326279, 0.818668425083, 40.5534095764, 87.6467666626]],
