{
"lowlevel": {
    "average_loudness": 0.868772447109,
    "barkbands_crest": {
        "dmean": 2.60579109192,
        "dmean2": 4.29763793945,
        "dvar": 5.17774295807,
        "dvar2": 13.332025528,
        "max": 26.50440979,
        "mean": 9.75561714172,
        "median": 8.58610439301,
        "min": 2.39375805855,
        "var": 22.1328926086
    },
    "barkbands_flatness_db": {
        "dmean": 0.0168950594962,
        "dmean2": 0.0269863773137,
        "dvar": 0.000236747873714,
        "dvar2": 0.000572093180381,
        "max": 0.374583661556,
        "mean": 0.115016631782,
        "median": 0.105161875486,
        "min": 0.0242811944336,
        "var": 0.00242418749258
    },
    "barkbands_kurtosis": {
        "dmean": 2.05401659012,
        "dmean2": 3.3101067543,
        "dvar": 46.4062042236,
        "dvar2": 118.809280396,
        "max": 235.682632446,
        "mean": 2.86324715614,
        "median": 0.00644588470459,
        "min": -1.90108501911,
        "var": 160.234085083
    },
    "barkbands_skewness": {
        "dmean": 0.415535897017,
        "dmean2": 0.663610100746,
        "dvar": 0.239500001073,
        "dvar2": 0.574651241302,
        "max": 14.3530216217,
        "mean": 1.01615548134,
        "median": 0.677522361279,
        "min": -6.10797119141,
        "var": 1.86285758018
    },
    "barkbands_spread": {
        "dmean": 5.21048736572,
        "dmean2": 8.23621749878,
        "dvar": 34.8569793701,
        "dvar2": 78.9883346558,
        "max": 107.589042664,
        "mean": 26.2429141998,
        "median": 24.7750015259,
        "min": 0.685125827789,
        "var": 188.494979858
    },
    "dissonance": {
        "dmean": 0.0169785842299,
        "dmean2": 0.0289827417582,
        "dvar": 0.000255487597315,
        "dvar2": 0.00070982426405,
        "max": 0.499999940395,
        "mean": 0.468859910965,
        "median": 0.475180953741,
        "min": 0.301184296608,
        "var": 0.000655793526676
    },
    "dynamic_complexity": 2.63541293144,
    "erbbands_crest": {
        "dmean": 2.75910234451,
        "dmean2": 4.53590154648,
        "dvar": 6.02267885208,
        "dvar2": 15.2489004135,
        "max": 32.2434158325,
        "mean": 10.2958307266,
        "median": 9.15404701233,
        "min": 2.63765883446,
        "var": 24.5247001648
    },
    "erbbands_flatness_db": {
        "dmean": 0.0148969599977,
        "dmean2": 0.0228867046535,
        "dvar": 0.000181718976819,
        "dvar2": 0.000393025577068,
        "max": 0.316001445055,
        "mean": 0.17193210125,
        "median": 0.169856846333,
        "min": 0.0527035929263,
        "var": 0.00195991178043
    },
    "erbbands_kurtosis": {
        "dmean": 0.877549827099,
        "dmean2": 1.43131279945,
        "dvar": 3.34661746025,
        "dvar2": 8.3778591156,
        "max": 45.8406600952,
        "mean": 0.246427223086,
        "median": -0.464237928391,
        "min": -1.90107882023,
        "var": 8.93933486938
    },
    "erbbands_skewness": {
        "dmean": 0.355539828539,
        "dmean2": 0.562999844551,
        "dvar": 0.12156008929,
        "dvar2": 0.291606783867,
        "max": 6.26849794388,
        "mean": 0.40997621417,
        "median": 0.325265526772,
        "min": -4.98585557938,
        "var": 0.739526033401
    },
    "erbbands_spread": {
        "dmean": 5.89113998413,
        "dmean2": 9.43271827698,
        "dvar": 41.389251709,
        "dvar2": 97.6743392944,
        "max": 139.558258057,
        "mean": 35.3628959656,
        "median": 32.3948173523,
        "min": 4.9603266716,
        "var": 244.501800537
    },
    "hfc": {
        "dmean": 4.87667322159,
        "dmean2": 7.56244468689,
        "dvar": 29.8463535309,
        "dvar2": 70.9101486206,
        "max": 88.7958908081,
        "mean": 24.6821708679,
        "median": 23.9563369751,
        "min": 1.1962599992e-16,
        "var": 239.187927246
    },
    "melbands_crest": {
        "dmean": 3.47098135948,
        "dmean2": 5.7485833168,
        "dvar": 8.50170230865,
        "dvar2": 22.3985271454,
        "max": 34.4152793884,
        "mean": 13.4085836411,
        "median": 12.0926580429,
        "min": 1.7523368597,
        "var": 32.7105827332
    },
    "melbands_flatness_db": {
        "dmean": 0.0200585033745,
        "dmean2": 0.0324846021831,
        "dvar": 0.00033331164741,
        "dvar2": 0.000819780514576,
        "max": 0.447075039148,
        "mean": 0.15404368937,
        "median": 0.139741659164,
        "min": 0.00613544741645,
        "var": 0.00376661447808
    },
    "melbands_kurtosis": {
        "dmean": 4.70763063431,
        "dmean2": 7.65769672394,
        "dvar": 183.226226807,
        "dvar2": 457.767028809,
        "max": 412.982299805,
        "mean": 9.90591621399,
        "median": 2.70100736618,
        "min": -1.85455751419,
        "var": 828.984680176
    },
    "melbands_skewness": {
        "dmean": 0.51083523035,
        "dmean2": 0.826527416706,
        "dvar": 0.385869890451,
        "dvar2": 0.93132776022,
        "max": 15.5976600647,
        "mean": 1.91677379608,
        "median": 1.40391588211,
        "min": -0.976033985615,
        "var": 3.35194683075
    },
    "melbands_spread": {
        "dmean": 8.09924507141,
        "dmean2": 12.9908494949,
        "dvar": 98.3894882202,
        "dvar2": 207.357025146,
        "max": 269.269042969,
        "mean": 34.2414512634,
        "median": 32.8489837646,
        "min": 0.64886879921,
        "var": 448.515960693
    },
    "pitch_salience": {
        "dmean": 0.0630850791931,
        "dmean2": 0.103891313076,
        "dvar": 0.0030586423818,
        "dvar2": 0.00776627287269,
        "max": 0.88455593586,
        "mean": 0.546087563038,
        "median": 0.556211173534,
        "min": 0.0675529167056,
        "var": 0.015346404165
    },
    "silence_rate_20dB": {
        "dmean": 0,
        "dmean2": 0,
        "dvar": 0,
        "dvar2": 0,
        "max": 1,
        "mean": 1,
        "median": 1,
        "min": 1,
        "var": 0
    },
    "silence_rate_30dB": {
        "dmean": 0,
        "dmean2": 0,
        "dvar": 0,
        "dvar2": 0,
        "max": 1,
        "mean": 1,
        "median": 1,
        "min": 1,
        "var": 0
    },
    "silence_rate_60dB": {
        "dmean": 0.0126019269228,
        "dmean2": 0.0252069681883,
        "dvar": 0.012444329448,
        "dvar2": 0.0287771131843,
        "max": 1,
        "mean": 0.0560840032995,
        "median": 0,
        "min": 0,
        "var": 0.0529370568693
    },
    "spectral_centroid": {
        "dmean": 239.29750061,
        "dmean2": 377.465454102,
        "dvar": 70816.421875,
        "dvar2": 134334.375,
        "max": 11142.8203125,
        "mean": 1867.20507812,
        "median": 1924.24987793,
        "min": 286.950653076,
        "var": 392601.4375
    },
    "spectral_complexity": {
        "dmean": 3.01853227615,
        "dmean2": 4.99073266983,
        "dvar": 7.93039560318,
        "dvar2": 20.4703941345,
        "max": 49,
        "mean": 21.3865356445,
        "median": 23,
        "min": 0,
        "var": 107.706771851
    },
    "spectral_decrease": {
        "dmean": 1.14910958526e-09,
        "dmean2": 1.88367099696e-09,
        "dvar": 1.32086154427e-18,
        "dvar2": 3.48193655202e-18,
        "max": 5.19835515195e-29,
        "mean": -4.51601822604e-09,
        "median": -4.4385504161e-09,
        "min": -1.62337592258e-08,
        "var": 6.00894809436e-18
    },
    "spectral_energy": {
        "dmean": 0.0046615418978,
        "dmean2": 0.00761691527441,
        "dvar": 2.18136647163e-05,
        "dvar2": 5.7154604292e-05,
        "max": 0.0679951533675,
        "mean": 0.0192832686007,
        "median": 0.0189991686493,
        "min": 1.06542486562e-20,
        "var": 0.000108533044113
    },
    "spectral_energyband_high": {
        "dmean": 0.000235167972278,
        "dmean2": 0.000360900332453,
        "dvar": 1.20144534321e-07,
        "dvar2": 2.59358586163e-07,
        "max": 0.00771845225245,
        "mean": 0.000873879936989,
        "median": 0.000662049220409,
        "min": 7.91330895611e-21,
        "var": 6.95394135164e-07
    },
    "spectral_energyband_low": {
        "dmean": 0.00125778943766,
        "dmean2": 0.00211134087294,
        "dvar": 3.82300595447e-06,
        "dvar2": 1.08682188511e-05,
        "max": 0.0260954387486,
        "mean": 0.0022197777871,
        "median": 0.00147655315232,
        "min": 3.62172478692e-23,
        "var": 6.46588250675e-06
    },
    "spectral_energyband_middle_high": {
        "dmean": 0.00232894718647,
        "dmean2": 0.00367485778406,
        "dvar": 9.49247441895e-06,
        "dvar2": 2.45134615398e-05,
        "max": 0.05387622118,
        "mean": 0.00827556755394,
        "median": 0.00696342997253,
        "min": 1.45547013007e-21,
        "var": 4.98537774547e-05
    },
    "spectral_energyband_middle_low": {
        "dmean": 0.00318806804717,
        "dmean2": 0.00522392103449,
        "dvar": 1.30506687128e-05,
        "dvar2": 3.4246375435e-05,
        "max": 0.0410362444818,
        "mean": 0.00844603125006,
        "median": 0.00699706515297,
        "min": 2.66716547871e-22,
        "var": 3.76869065803e-05
    },
    "spectral_entropy": {
        "dmean": 0.121356531978,
        "dmean2": 0.18321724236,
        "dvar": 0.0156983304769,
        "dvar2": 0.0316610150039,
        "max": 9.80809783936,
        "mean": 7.65413856506,
        "median": 7.73523235321,
        "min": 5.40765953064,
        "var": 0.193924933672
    },
    "spectral_flux": {
        "dmean": 0.0177335888147,
        "dmean2": 0.0288279429078,
        "dvar": 0.000294088764349,
        "dvar2": 0.000781530805398,
        "max": 0.20732216537,
        "mean": 0.082061290741,
        "median": 0.0816900730133,
        "min": 1.04101012532e-10,
        "var": 0.00121829507407
    },
    "spectral_kurtosis": {
        "dmean": 0.985927343369,
        "dmean2": 1.68185341358,
        "dvar": 1.04971206188,
        "dvar2": 3.05285763741,
        "max": 16.5554084778,
        "mean": 4.07483148575,
        "median": 3.75797128677,
        "min": -1.4035295248,
        "var": 4.14443492889
    },
    "spectral_rms": {
        "dmean": 0.000516626227181,
        "dmean2": 0.000837522675283,
        "dvar": 2.12387050169e-07,
        "dvar2": 5.34491448434e-07,
        "max": 0.00814473628998,
        "mean": 0.00413402356207,
        "median": 0.00430531939492,
        "min": 3.22403301972e-12,
        "var": 1.72280169863e-06
    },
    "spectral_rolloff": {
        "dmean": 546.937988281,
        "dmean2": 915.660217285,
        "dvar": 755937.25,
        "dvar2": 1575409.75,
        "max": 19143.0175781,
        "mean": 2349.23168945,
        "median": 2196.38671875,
        "min": 64.599609375,
        "var": 2388422.75
    },
    "spectral_skewness": {
        "dmean": 0.136364042759,
        "dmean2": 0.226713076234,
        "dvar": 0.0170675106347,
        "dvar2": 0.0429705157876,
        "max": 3.28273105621,
        "mean": 1.44057333469,
        "median": 1.41885638237,
        "min": -0.57506275177,
        "var": 0.0977706685662
    },
    "spectral_spread": {
        "dmean": 382812.0625,
        "dmean2": 561689.375,
        "dvar": 516351983616,
        "dvar2": 634877706240,
        "max": 42231580,
        "mean": 4541949.5,
        "median": 4226262.5,
        "min": 2104616.75,
        "var": 2.55511416013e+12
    },
    "spectral_strongpeak": {
        "dmean": 0.700516045094,
        "dmean2": 1.17589759827,
        "dvar": 0.762732326984,
        "dvar2": 2.03883862495,
        "max": 12.0150957108,
        "mean": 1.43465054035,
        "median": 1.14778017998,
        "min": 0,
        "var": 1.58708310127
    },
    "zerocrossingrate": {
        "dmean": 0.00922853965312,
        "dmean2": 0.0109411682934,
        "dvar": 0.000170008657733,
        "dvar2": 0.000159932416864,
        "max": 0.583984375,
        "mean": 0.0826616436243,
        "median": 0.0791015625,
        "min": 0.01123046875,
        "var": 0.00154766533524
    },
    "barkbands": {
        "dmean": [6.06113098911e-05, 0.00101643416565, 0.000336773926392, 0.000250164186582, 0.000653708295431, 0.000966600549873, 0.000664163497277, 0.000998270930722, 0.00128951098304, 0.00116715987679, 0.000542623805813, 0.000488287245389, 0.000367824628484, 0.000282906286884, 0.000482380477479, 0.000351460388629, 0.000133448396809, 0.000392708083382, 0.000453459389973, 0.000197332425159, 5.16170948686e-05, 4.36585360148e-05, 4.62635580334e-05, 4.92892613693e-05, 3.11765361403e-05, 1.27252069433e-05, 1.01612340586e-06],
        "dmean2": [9.76202136371e-05, 0.0017054512864, 0.00055860937573, 0.000443505385192, 0.0010685560992, 0.0015221554786, 0.00105319893919, 0.001605546684, 0.00207913690247, 0.00188428722322, 0.000861762848217, 0.000774714513682, 0.00057964050211, 0.000468994490802, 0.000790460093413, 0.000576781050768, 0.000225237075938, 0.000646772270557, 0.000706219638232, 0.000319812010275, 8.37699772092e-05, 7.02516917954e-05, 7.42151023587e-05, 7.81976341386e-05, 4.58528120362e-05, 1.7830683646e-05, 1.49951881667e-06],
        "dvar": [2.11961257435e-08, 2.68881103693e-06, 5.09048504682e-07, 2.81797923662e-07, 1.60305773989e-06, 2.98893883155e-06, 2.48406809078e-06, 3.97803887608e-06, 5.95432447881e-06, 6.81239907863e-06, 2.60441356659e-06, 1.09483460164e-06, 7.71495422214e-07, 2.70421452342e-07, 9.83664676824e-07, 5.32928140728e-07, 4.52298181131e-08, 4.73850377603e-07, 7.02994611856e-07, 8.99022438716e-08, 8.0485955678e-09, 8.86195294925e-09, 7.29854843229e-09, 7.37355909664e-09, 7.5291008983e-09, 1.86628779097e-09, 1.75855857654e-11],
        "dvar2": [5.74359084737e-08, 7.51954712541e-06, 1.36551579999e-06, 8.00260636424e-07, 4.06183835366e-06, 6.86455905452e-06, 5.87839031141e-06, 9.67848427536e-06, 1.50095111167e-05, 1.77651545528e-05, 6.32372029941e-06, 2.47294110522e-06, 1.77147819613e-06, 7.12752523668e-07, 2.42061742028e-06, 1.42634382883e-06, 1.2462466259e-07, 1.19214166716e-06, 1.57194472195e-06, 2.21487994168e-07, 1.93508800095e-08, 2.10028208159e-08, 1.64149795978e-08, 1.71485758926e-08, 1.57052486571e-08, 3.36250871591e-09, 3.35707087129e-11],
        "max": [0.00282443757169, 0.0210166051984, 0.0170131959021, 0.00980410631746, 0.0328920818865, 0.0345759913325, 0.0293419621885, 0.0352238900959, 0.0325191281736, 0.0437500849366, 0.0388336852193, 0.0209048017859, 0.0205176156014, 0.00999253802001, 0.0131699321792, 0.01417262014, 0.00400506844744, 0.0123467464, 0.0144266113639, 0.00562681118026, 0.00358655466698, 0.00344737572595, 0.00257155718282, 0.00250896112993, 0.00287392223254, 0.00129924074281, 0.000180059214472],
        "mean": [8.58289058669e-05, 0.00157879234757, 0.000423885503551, 0.000264337257249, 0.00109048536979, 0.00164115044754, 0.00102438672911, 0.00156438455451, 0.00216514314525, 0.00208297907375, 0.000892116513569, 0.000901135033928, 0.000621081446297, 0.000475610315334, 0.000766918237787, 0.000610967632383, 0.000266575894784, 0.000726452795789, 0.000969565706328, 0.000474859727547, 0.000143083860166, 0.000119869982882, 0.000125814971398, 0.000153947621584, 8.56317201396e-05, 2.67279665422e-05, 1.53454902829e-06],
        "median": [2.11854676309e-05, 0.000879287021235, 0.000159959963639, 7.89580808487e-05, 0.00044023420196, 0.000650126836263, 0.00024632064742, 0.000407640705816, 0.000651522306725, 0.000435750436736, 0.00018793529307, 0.000299512059428, 0.000216633779928, 0.000215985201066, 0.000304219458485, 0.00026910714223, 0.000167868929566, 0.000436894944869, 0.000509978272021, 0.000329688453348, 9.28033186938e-05, 7.79600304668e-05, 8.3204380644e-05, 9.71863337327e-05, 4.36948866991e-05, 1.05782064566e-05, 3.41017283745e-07],
        "min": [5.48571349136e-24, 1.33974976992e-23, 6.70050564286e-24, 9.83020084379e-24, 5.72172805243e-23, 3.27931434675e-23, 9.77965379243e-24, 1.71328392824e-23, 6.10664421143e-23, 5.05306051908e-23, 5.75371730877e-23, 4.54760893811e-23, 8.45151999934e-23, 6.10358090676e-23, 8.49177841123e-23, 1.17113040433e-22, 1.23827231235e-22, 1.89661270982e-22, 1.49191217174e-22, 3.05286797427e-22, 3.43891403453e-22, 6.4968044653e-22, 5.78411193012e-22, 8.1456908695e-22, 1.17525976932e-21, 1.72082971097e-21, 2.42141130012e-21],
        "var": [2.83229049103e-08, 4.18954459747e-06, 6.55943665606e-07, 2.82999906176e-07, 4.02239038522e-06, 7.85304655437e-06, 4.88797240905e-06, 8.05692889116e-06, 1.3104804566e-05, 1.83794509212e-05, 6.67239874019e-06, 2.81358643406e-06, 1.56313956268e-06, 5.43382213891e-07, 1.78713867172e-06, 1.03215666059e-06, 1.06951048906e-07, 8.92926038887e-07, 1.9150497792e-06, 2.50123690648e-07, 3.27837774705e-08, 2.68297029038e-08, 2.41419968461e-08, 3.22103446138e-08, 2.74129039468e-08, 4.90353491145e-09, 3.13435492838e-11]
    },
    "erbbands": {
        "dmean": [0.0347122251987, 0.220450296998, 0.399226933718, 0.618962228298, 0.997071146965, 2.3855240345, 6.7993478775, 7.18184804916, 9.32652282715, 11.733710289, 24.1533508301, 29.3022689819, 34.8981628418, 27.6254940033, 17.7513027191, 18.7748622894, 16.9713783264, 12.8835611343, 16.7617111206, 24.8079280853, 13.7491788864, 6.70757102966, 14.688205719, 29.028427124, 14.4232854843, 9.37324714661, 2.78632593155, 1.97093641758, 1.43400657177, 1.63172793388, 1.35078763962, 1.12752950191, 0.802118957043, 0.395326465368, 0.223239243031, 0.0769210979342, 0.02051121369, 0.00305840675719, 0.000182725678314, 9.28855388338e-06],
        "dmean2": [0.0560659728944, 0.373424053192, 0.657321035862, 1.08679103851, 1.69129407406, 3.96807408333, 11.1026554108, 11.1483659744, 14.8144073486, 18.7608242035, 38.7966384888, 46.782585144, 55.8132514954, 42.3505439758, 28.2515945435, 29.577507019, 26.2099475861, 21.1206665039, 27.6003780365, 40.5433578491, 22.8549671173, 11.1725111008, 24.0009346008, 45.7411079407, 22.2962741852, 15.0561704636, 4.46364545822, 3.20382404327, 2.29449868202, 2.63913631439, 2.18412804604, 1.80365598202, 1.27688324451, 0.596502244473, 0.329275250435, 0.109720520675, 0.0286709517241, 0.00431723659858, 0.000262117449893, 1.4091320736e-05],
        "dvar": [0.00349236279726, 0.139170125127, 0.6775572896, 1.5669298172, 4.26893997192, 27.3764877319, 175.406951904, 210.614883423, 517.415466309, 778.83996582, 2203.22875977, 3508.484375, 6390.41210938, 4284.25585938, 3029.82104492, 1543.11340332, 1529.72363281, 608.424865723, 817.823547363, 3217.53466797, 702.527099609, 128.62713623, 586.333435059, 3004.60864258, 739.027648926, 203.268585205, 19.1340522766, 15.5308609009, 8.04859256744, 13.0112838745, 6.6674618721, 3.69212961197, 1.96094739437, 0.757631599903, 0.580008864403, 0.0673043802381, 0.00505024148151, 0.000129180858494, 6.08279663084e-07, 4.09959122205e-10],
        "dvar2": [0.0094516640529, 0.38757288456, 1.81182348728, 4.47424173355, 11.2886619568, 71.7825698853, 441.386138916, 475.36151123, 1269.62805176, 1935.65808105, 5605.01953125, 8467.37304688, 16521.9941406, 9491.55175781, 7872.73535156, 3481.45117188, 3402.40380859, 1581.7791748, 2067.44921875, 8262.42089844, 1932.1763916, 359.888366699, 1539.39526367, 7002.48974609, 1576.14770508, 488.156799316, 45.9145202637, 38.5363807678, 19.29646492, 31.2366790771, 15.4717607498, 8.81737136841, 4.54331684113, 1.50011599064, 1.28265464306, 0.128001600504, 0.00948932208121, 0.000242373949732, 1.10510927698e-06, 7.68038299626e-10],
        "max": [0.853812992573, 5.35764026642, 17.3386135101, 20.1829032898, 35.1034469604, 137.059112549, 225.659439087, 353.448425293, 380.269134521, 581.904724121, 815.02557373, 934.721984863, 1567.85656738, 1417.68103027, 1734.00805664, 765.208190918, 764.932983398, 495.358764648, 598.594604492, 1270.40356445, 482.264007568, 273.848022461, 434.042541504, 882.444396973, 566.719604492, 217.674499512, 198.031509399, 169.337280273, 91.8052978516, 162.879089355, 88.6957015991, 61.9836082458, 37.8950462341, 22.8223381042, 25.8920135498, 8.34792041779, 2.47182106972, 0.334149539471, 0.0369782932103, 0.000727204198483],
        "mean": [0.0546147823334, 0.314919799566, 0.516699671745, 0.736984491348, 1.32199513912, 3.82960653305, 11.5176410675, 12.2834920883, 15.6193294525, 18.6660614014, 41.5231933594, 49.9979171753, 62.6752319336, 50.2350845337, 33.4614944458, 37.2411613464, 32.3031272888, 23.7433280945, 30.3072834015, 45.0624198914, 27.2488479614, 15.9378461838, 31.491312027, 58.9780540466, 35.6718330383, 22.9618911743, 8.00671005249, 5.47292852402, 3.93080949783, 4.12061595917, 3.65112280846, 3.27150082588, 2.4186809063, 1.15304970741, 0.537319839001, 0.169249147177, 0.040355682373, 0.00551328714937, 0.000312047894113, 3.4289645555e-05],
        "median": [0.0280456971377, 0.158862367272, 0.22298066318, 0.293968439102, 0.478271961212, 1.45270597935, 3.81912493706, 4.83268642426, 4.47055244446, 4.84403610229, 13.9394817352, 17.0181274414, 18.2220916748, 13.2564649582, 10.4093875885, 13.986656189, 12.0572195053, 13.0911531448, 16.7253170013, 18.3265018463, 14.5117740631, 10.7166490555, 21.7654190063, 33.663860321, 21.7154541016, 15.6622781754, 5.82119321823, 3.546885252, 2.57353568077, 2.75706505775, 2.44002103806, 2.15765070915, 1.44296884537, 0.632827341557, 0.240459099412, 0.069261662662, 0.0151055157185, 0.00196010433137, 9.85568985925e-05, 3.12953561661e-05],
        "min": [4.87627615913e-22, 2.31086676997e-21, 9.94524824248e-21, 1.71446623637e-20, 3.99707759905e-20, 2.85469593668e-19, 4.08948711516e-19, 1.5557052029e-19, 1.34388363508e-19, 2.15915220057e-19, 4.08865993455e-19, 1.04846280014e-18, 1.98437237511e-18, 3.12765095976e-18, 1.56013449659e-18, 2.71487211767e-18, 4.20280915302e-18, 3.71681531414e-18, 3.36951174663e-18, 6.12144093536e-18, 7.29620366849e-18, 7.26814735647e-18, 9.60590286979e-18, 8.31408249946e-18, 8.82135514601e-18, 1.42602728143e-17, 1.40537622113e-17, 1.22928229002e-17, 1.81478066264e-17, 1.69205237146e-17, 1.66952758164e-17, 1.81375727478e-17, 1.32921216003e-17, 1.30254253359e-17, 8.29923378028e-18, 5.93156410729e-18, 2.94280235584e-18, 1.45335519888e-18, 3.38484917446e-19, 2.49374226702e-20],
        "var": [0.00588286947459, 0.189081713557, 0.854822158813, 1.61583578587, 6.85857725143, 63.4334907532, 476.247406006, 507.422393799, 1096.34228516, 1587.87231445, 4816.25439453, 7393.50830078, 14471.1835938, 12343.9960938, 7971.54541016, 4246.89013672, 3594.33300781, 1211.3125, 1705.1940918, 6226.24609375, 1506.02563477, 350.092132568, 1222.05859375, 6314.59765625, 2239.94555664, 599.946166992, 80.5916976929, 52.6382522583, 26.6025428772, 34.0812988281, 20.2981414795, 13.5216798782, 8.95485305786, 3.4339492321, 1.61912786961, 0.187844276428, 0.0116892009974, 0.00025920761982, 1.15978627946e-06, 1.01359065585e-09]
    },
    "gfcc": {
        "mean": [4.57315683365, 62.3246765137, -136.316970825, 26.8983612061, -65.3007125854, 11.2671070099, -39.0268096924, 23.648853302, -23.5355434418, 3.54113817215, -6.95914649963, 0.181251868606, -8.62378311157],
        "cov": [[4695.81591797, -275.710418701, -561.62878418, 242.339523315, -57.9837760925, 619.347351074, 242.764007568, 304.347747803, 118.785148621, 300.410247803, -3.99817276001, -25.2202758789, -1.42988729477], [-275.710418701, 585.44732666, 84.5067596436, 107.013778687, 48.0238647461, -121.057487488, -1.52743625641, -17.4496498108, 2.90135145187, -43.913608551, 114.292518616, -17.3923511505, 20.6751899719], [-561.62878418, 84.5067596436, 923.432922363, 337.103607178, 59.8200798035, -60.8977928162, -236.081634521, -79.0380477905, -49.5372009277, -52.7440376282, 27.5016155243, 61.5000610352, -10.7483739853], [242.339523315, 107.013778687, 337.103607178, 464.444915771, 79.6625213623, 27.6032104492, -98.1035003662, 0.467521905899, 48.4013786316, 26.4639778137, 43.7884750366, 27.318944931, 40.1918449402], [-57.9837760925, 48.0238647461, 59.8200798035, 79.6625213623, 181.816329956, 8.94259548187, -2.10794520378, 29.4953479767, 33.0986289978, 6.36720132828, 0.334491103888, -0.905847191811, 13.7243461609], [619.347351074, -121.057487488, -60.8977928162, 27.6032104492, 8.94259548187, 371.659851074, 183.191650391, 39.9682235718, -2.49979400635, 82.7124328613, -39.4260482788, 2.22804880142, -14.8824462891], [242.764007568, -1.52743625641, -236.081634521, -98.1035003662, -2.10794520378, 183.191650391, 291.206329346, 80.6662902832, -3.16451764107, 41.6067466736, 1.13172399998, -17.1502590179, -15.3038768768], [304.347747803, -17.4496498108, -79.0380477905, 0.467521905899, 29.4953479767, 39.9682235718, 80.6662902832, 154.391189575, 69.3270645142, 37.8362617493, 22.4093017578, -16.0841598511, 4.87197971344], [118.785148621, 2.90135145187, -49.5372009277, 48.4013786316, 33.0986289978, -2.49979400635, -3.16451764107, 69.3270645142, 133.417510986, 61.9915885925, 0.0997281745076, 0.258332788944, 17.5799884796], [300.410247803, -43.913608551, -52.7440376282, 26.4639778137, 6.36720132828, 82.7124328613, 41.6067466736, 37.8362617493, 61.9915885925, 129.773849487, 26.3012924194, 10.4803562164, -4.07712125778], [-3.99817276001, 114.292518616, 27.5016155243, 43.7884750366, 0.334491103888, -39.4260482788, 1.13172399998, 22.4093017578, 0.0997281745076, 26.3012924194, 155.544418335, 49.6766738892, 22.1338500977], [-25.2202758789, -17.3923511505, 61.5000610352, 27.318944931, -0.905847191811, 2.22804880142, -17.1502590179, -16.0841598511, 0.258332788944, 10.4803562164, 49.6766738892, 103.160552979, 47.189037323], [-1.42988729477, 20.6751899719, -10.7483739853, 40.1918449402, 13.7243461609, -14.8824462891, -15.3038768768, 4.87197971344, 17.5799884796, -4.07712125778, 22.1338500977, 47.189037323, 96.3207321167]],
        "icov": [[0.000448816776043, -9.60753604886e-05, 0.000507036107592, -0.000509565172251, 0.000322170788422, -0.000724226469174, 0.000729938503355, -0.00115738215391, 0.000745976518374, -0.000592982163653, 0.0002737910836, -0.000294667581329, 0.000233399463468], [-9.60753604886e-05, 0.00289340224117, -0.000436305563198, -0.000328912778059, -0.000592686526943, 0.000949255074374, -0.00167809450068, 0.00208298000507, -0.00160115887411, 0.001579678501, -0.00294222519733, 0.00248370575719, -0.00085640035104], [0.000507036107592, -0.000436305563198, 0.00277118221857, -0.00193197350018, 5.91284115217e-05, -0.0011316301534, 0.00246195239015, -0.00197517382912, 0.00219816807657, -0.000270491436822, 0.000850911077578, -0.00228202575818, 0.00203418871388], [-0.000509565172251, -0.000328912778059, -0.00193197350018, 0.00458659324795, -0.00109545362648, -0.000491205195431, 0.00015054421965, 0.00164238375146, -0.00244422932155, 0.000439802272012, -0.00137279706541, 0.00159872346558, -0.00204842188396], [0.000322170788422, -0.000592686526943, 5.91284115217e-05, -0.00109545362648, 0.00666670361534, -0.000651306589134, 0.000380309269531, -0.00190787017345, -0.000388559768908, -0.00018413021462, 0.000986922881566, -0.000222159622354, -0.000352740404196], [-0.000724226469174, 0.000949255074374, -0.0011316301534, -0.000491205195431, -0.000651306589134, 0.00717565277591, -0.0052083004266, 0.00192323816009, 0.000757075671572, -0.00249795801938, 0.00180105119944, -0.000409825763199, -0.000316113146255], [0.000729938503355, -0.00167809450068, 0.00246195239015, 0.00015054421965, 0.000380309269531, -0.0052083004266, 0.0100224642083, -0.0060981605202, 0.00382629781961, -0.00122173421551, 0.000805492163636, -0.00176523381379, 0.00155454094056], [-0.00115738215391, 0.00208298000507, -0.00197517382912, 0.00164238375146, -0.00190787017345, 0.00192323816009, -0.0060981605202, 0.0159133318812, -0.00968474335968, 0.00366339669563, -0.00549395335838, 0.00546247325838, -0.00206582900137], [0.000745976518374, -0.00160115887411, 0.00219816807657, -0.00244422932155, -0.000388559768908, 0.000757075671572, 0.00382629781961, -0.00968474335968, 0.0182344969362, -0.00937388744205, 0.00574579276145, -0.00324629247189, -0.000564688059967], [-0.000592982163653, 0.001579678501, -0.000270491436822, 0.000439802272012, -0.00018413021462, -0.00249795801938, -0.00122173421551, 0.00366339669563, -0.00937388744205, 0.0159560423344, -0.0056312517263, 0.000789037905633, 0.00199301959947], [0.0002737910836, -0.00294222519733, 0.000850911077578, -0.00137279706541, 0.000986922881566, 0.00180105119944, 0.000805492163636, -0.00549395335838, 0.00574579276145, -0.0056312517263, 0.0133216045797, -0.00778302643448, 0.0013116733171], [-0.000294667581329, 0.00248370575719, -0.00228202575818, 0.00159872346558, -0.000222159622354, -0.000409825763199, -0.00176523381379, 0.00546247325838, -0.00324629247189, 0.000789037905633, -0.00778302643448, 0.019397739321, -0.00913655664772], [0.000233399463468, -0.00085640035104, 0.00203418871388, -0.00204842188396, -0.000352740404196, -0.000316113146255, 0.00155454094056, -0.00206582900137, -0.000564688059967, 0.00199301959947, 0.0013116733171, -0.00913655664772, 0.0163660701364]]
    },
    "melbands": {
        "dmean": [0.000289688876364, 0.000225958399824, 0.000112331908895, 0.000105043043732, 0.000205142583582, 0.000169082079083, 0.000134814312332, 0.000142608885653, 0.000209755744436, 0.00018487055786, 0.000179528884473, 0.000120844473713, 6.56606134726e-05, 4.58146932942e-05, 6.064754416e-05, 3.19817045238e-05, 2.58900399785e-05, 2.65175640379e-05, 4.08231389883e-05, 3.09962888423e-05, 1.4984140762e-05, 8.25992447062e-06, 8.04548199085e-06, 2.16772004933e-05, 2.85495352728e-05, 1.82457188203e-05, 8.87763690116e-06, 6.932497854e-06, 2.46338595389e-06, 1.27410226014e-06, 1.29447073505e-06, 9.17039812975e-07, 9.88689407677e-07, 9.40543202432e-07, 8.10403264495e-07, 8.34316949749e-07, 7.86582802448e-07, 6.28450209206e-07, 5.2693417274e-07, 3.4737681176e-07],
        "dmean2": [0.00047856659512, 0.000376123323804, 0.000194788546651, 0.000173975015059, 0.000334492942784, 0.000264641421381, 0.000214759391383, 0.00022914672445, 0.000341687875334, 0.00029367490788, 0.00028804485919, 0.000185652999789, 0.0001040974239, 7.26894868421e-05, 9.35231728363e-05, 5.02606708324e-05, 4.25536563853e-05, 4.37455273641e-05, 6.70428125886e-05, 5.11278922204e-05, 2.49731165241e-05, 1.3920953279e-05, 1.33301655296e-05, 3.53425930371e-05, 4.53951652162e-05, 2.8627937354e-05, 1.42577810038e-05, 1.12205088953e-05, 4.03204921895e-06, 2.09670270124e-06, 2.12787040255e-06, 1.4948777789e-06, 1.61712591762e-06, 1.53904215949e-06, 1.32304660383e-06, 1.36006167395e-06, 1.27307066577e-06, 1.02255023648e-06, 8.42263261802e-07, 5.30718295977e-07],
        "dvar": [2.19408491375e-07, 1.75195069119e-07, 4.9565347382e-08, 4.19504999627e-08, 1.50689160705e-07, 1.02894588849e-07, 1.02318274742e-07, 1.03107112182e-07, 1.58459357635e-07, 1.37960796565e-07, 1.69632031088e-07, 8.2196336848e-08, 4.32413713725e-08, 1.03480202185e-08, 2.27957190901e-08, 5.6746403132e-09, 2.59586152573e-09, 2.24561325091e-09, 8.47344505672e-09, 4.81098272331e-09, 8.20543244462e-10, 2.11126949257e-10, 1.38850084208e-10, 1.49234413716e-09, 3.13799719542e-09, 1.52442025669e-09, 2.60024474175e-10, 1.11702078143e-10, 1.81994957299e-11, 4.25762550216e-12, 8.47096438134e-12, 2.8785318313e-12, 4.98992730816e-12, 3.80849908901e-12, 2.32527864151e-12, 2.22198106269e-12, 1.86301733589e-12, 1.28468980246e-12, 8.87610623022e-13, 7.53601933461e-13],
        "dvar2": [6.07835545452e-07, 4.80046310258e-07, 1.39341892691e-07, 1.08245806985e-07, 3.81821109841e-07, 2.3692716411e-07, 2.49668886454e-07, 2.55499401192e-07, 4.11330574934e-07, 3.32341357989e-07, 4.4019563461e-07, 1.83073794346e-07, 1.12015840159e-07, 2.47869280656e-08, 4.95032956849e-08, 1.29057493581e-08, 6.76274458655e-09, 5.75687897353e-09, 2.09864410294e-08, 1.27116681625e-08, 2.2225719043e-09, 5.814905224e-10, 3.5773295437e-10, 3.73834163625e-09, 7.37534033846e-09, 3.323058273e-09, 6.05242522767e-10, 2.73020245301e-10, 4.44394729349e-11, 1.10133707709e-11, 2.14682195632e-11, 7.17822285987e-12, 1.22598667329e-11, 9.33537361997e-12, 5.56756507217e-12, 5.48702012645e-12, 4.67576975402e-12, 3.16385047501e-12, 2.06900252139e-12, 1.55223837256e-12],
        "max": [0.00548324314877, 0.00650458782911, 0.00375051423907, 0.0042536649853, 0.00846607331187, 0.00713816192001, 0.0053280252032, 0.00509148975834, 0.00571332499385, 0.00513334432617, 0.00805468950421, 0.00560284871608, 0.00598741369322, 0.00238347402774, 0.00363520765677, 0.00144697411451, 0.00112793548033, 0.00122016272508, 0.00142785382923, 0.00140706798993, 0.000524083210621, 0.000321892148349, 0.000221203823457, 0.000768396712374, 0.000875448342413, 0.00074551673606, 0.000350209331373, 0.000152455773787, 0.000197996792849, 4.6725392167e-05, 0.000122891244246, 4.61667550553e-05, 9.10384915187e-05, 7.7677788795e-05, 4.76619024994e-05, 4.75886154163e-05, 4.44961660833e-05, 3.78286640625e-05, 2.34884864767e-05, 2.57542469626e-05],
        "mean": [0.000462550699012, 0.000325807195622, 0.000143543074955, 0.000158236318384, 0.000366059830412, 0.00029638808337, 0.000225962314289, 0.000223384500714, 0.000360220234143, 0.000307132635498, 0.000316695281072, 0.000213803577935, 0.000114630129247, 8.18568150862e-05, 0.000113995571155, 5.28783239133e-05, 4.2898569518e-05, 4.39047871623e-05, 6.36311233393e-05, 5.42922643945e-05, 2.64662267e-05, 1.62453579833e-05, 1.60891704581e-05, 3.9074831875e-05, 5.0109327276e-05, 3.30438379024e-05, 1.84694617928e-05, 1.44643399835e-05, 5.60546686756e-06, 3.09473489324e-06, 3.15807551488e-06, 2.16447074308e-06, 2.37335939346e-06, 2.12509894482e-06, 1.99286819225e-06, 2.05782157536e-06, 2.07816810871e-06, 1.73522005298e-06, 1.39296298585e-06, 8.75429009284e-07],
        "median": [0.000257083156612, 0.000174233951839, 5.66202797927e-05, 6.21472572675e-05, 0.000129817213747, 0.000118840165669, 6.16421675659e-05, 5.09648598381e-05, 0.000110544198833, 9.2872112873e-05, 7.8896744526e-05, 4.70932427561e-05, 2.71099415841e-05, 3.17954691127e-05, 3.14596363751e-05, 1.80101542355e-05, 1.86835422937e-05, 2.07738121389e-05, 2.30667301366e-05, 2.21373902605e-05, 1.38671011882e-05, 9.64425271377e-06, 1.15183665912e-05, 2.2199958039e-05, 2.55627091974e-05, 1.58704151545e-05, 1.12074749268e-05, 8.99201859283e-06, 3.51097583007e-06, 1.84700593309e-06, 1.94831272893e-06, 1.32277784815e-06, 1.51056349296e-06, 1.39030464652e-06, 1.31396245706e-06, 1.30876571802e-06, 1.35458333261e-06, 1.01513489881e-06, 7.88081933933e-07, 4.42144369117e-07],
        "min": [4.21669267465e-24, 4.43218778028e-24, 3.49605167165e-24, 7.4087725737e-24, 1.40895180397e-23, 4.42500638503e-24, 2.08585808229e-24, 3.42160371258e-24, 3.23133736478e-24, 8.56131807775e-24, 1.02950718421e-23, 1.21871744448e-23, 7.72851446466e-24, 2.88000829988e-24, 1.27493530134e-23, 7.91984636634e-24, 6.75705277026e-24, 4.91390963636e-24, 6.79796861884e-24, 7.92885121357e-24, 9.03027616438e-24, 6.17943422154e-24, 7.41483891406e-24, 9.83372468546e-24, 5.93412135698e-24, 5.72051360106e-24, 7.93760046987e-24, 9.49235301733e-24, 9.47076426094e-24, 8.00908310079e-24, 6.32820826066e-24, 8.30832486342e-24, 1.12758436729e-23, 8.70115471725e-24, 9.83373809609e-24, 7.54443929445e-24, 1.15146831448e-23, 8.3755366014e-24, 9.17204077993e-24, 1.1993665287e-23],
        "var": [3.68390260519e-07, 2.26308429774e-07, 5.84327928266e-08, 8.39184295387e-08, 4.37041222767e-07, 2.62565237108e-07, 2.2030174307e-07, 2.15107334611e-07, 3.60887497663e-07, 2.91223642535e-07, 3.916004232e-07, 2.39120112155e-07, 1.12577104971e-07, 2.29302656862e-08, 6.42269384343e-08, 1.14391855988e-08, 4.86623363827e-09, 4.61705429444e-09, 1.45942884444e-08, 9.57400114743e-09, 1.60865720744e-09, 4.71281957903e-10, 2.80344497616e-10, 2.83454526517e-09, 5.50421264123e-09, 3.08899550383e-09, 5.6657639691e-10, 2.83672918489e-10, 5.89732707112e-11, 1.54251715567e-11, 2.17785130208e-11, 8.29261919549e-12, 1.25106964718e-11, 9.11339840398e-12, 6.46957574318e-12, 5.91396679891e-12, 6.14621764941e-12, 4.85564409861e-12, 3.60361632028e-12, 2.79949652869e-12]
    },
    "mfcc": {
        "mean": [-633.1015625, 92.8148117065, -13.7022743225, 13.6370773315, 0.282720655203, -12.9034318924, 2.64347720146, 6.31137657166, -6.13428878784, 11.2669296265, -0.978206396103, -3.21532011032, 0.936267316341],
        "cov": [[4960.76074219, -557.810119629, -427.560516357, -292.992950439, -207.971740723, 344.878509521, 246.36428833, 99.6677322388, 350.16696167, 270.421325684, 300.142272949, 87.2763900757, 57.8800201416], [-557.810119629, 498.915802002, -0.36623775959, 86.7206344604, 27.0013828278, -109.396789551, 13.7952194214, 0.446069955826, -101.518661499, -2.76999163628, -31.8020210266, -10.3912849426, 21.0438652039], [-427.560516357, -0.36623775959, 739.429077148, 263.066314697, 223.135574341, 63.0559005737, -34.9975776672, -22.8886489868, -88.4296646118, -90.6288223267, -52.9516601562, 38.2635993958, 14.8483667374], [-292.992950439, 86.7206344604, 263.066314697, 408.094665527, 229.462234497, -49.7078399658, -83.2757568359, -16.4050598145, -79.0898208618, 6.18703269958, -67.4106826782, 14.1830816269, 51.5138397217], [-207.971740723, 27.0013828278, 223.135574341, 229.462234497, 317.869140625, -23.8162307739, -79.3877944946, -17.7705917358, -43.6313056946, 6.51390981674, -67.1679534912, 1.03924751282, 39.0730209351], [344.878509521, -109.396789551, 63.0559005737, -49.7078399658, -23.8162307739, 263.10269165, 84.7283325195, 12.95616436, 100.089904785, -29.9861736298, 57.308429718, 37.8378982544, -24.4197101593], [246.36428833, 13.7952194214, -34.9975776672, -83.2757568359, -79.3877944946, 84.7283325195, 217.547653198, 68.8648452759, 20.929977417, 34.3052444458, 43.5881919861, 5.20064640045, -2.5302426815], [99.6677322388, 0.446069955826, -22.8886489868, -16.4050598145, -17.7705917358, 12.95616436, 68.8648452759, 114.23714447, 30.4117736816, 29.1151237488, 11.5271968842, -15.9446191788, 1.81279993057], [350.16696167, -101.518661499, -88.4296646118, -79.0898208618, -43.6313056946, 100.089904785, 20.929977417, 30.4117736816, 197.466094971, 45.6893882751, 66.2548522949, 8.01647853851, -22.1638221741], [270.421325684, -2.76999163628, -90.6288223267, 6.18703269958, 6.51390981674, -29.9861736298, 34.3052444458, 29.1151237488, 45.6893882751, 141.565460205, 49.7220687866, -10.8112611771, 12.9623889923], [300.142272949, -31.8020210266, -52.9516601562, -67.4106826782, -67.1679534912, 57.308429718, 43.5881919861, 11.5271968842, 66.2548522949, 49.7220687866, 151.645019531, 49.0525817871, -4.333507061], [87.2763900757, -10.3912849426, 38.2635993958, 14.1830816269, 1.03924751282, 37.8378982544, 5.20064640045, -15.9446191788, 8.01647853851, -10.8112611771, 49.0525817871, 115.924461365, 49.8919525146], [57.8800201416, 21.0438652039, 14.8483667374, 51.5138397217, 39.0730209351, -24.4197101593, -2.5302426815, 1.81279993057, -22.1638221741, 12.9623889923, -4.333507061, 49.8919525146, 105.941886902]],
