{
"lowlevel": {
    "average_loudness": 0.958411633968,
    "barkbands_crest": {
        "dmean": 2.62617921829,
        "dmean2": 4.41100740433,
        "dvar": 5.39628648758,
        "dvar2": 14.3810071945,
        "max": 23.4121551514,
        "mean": 8.03625965118,
        "median": 7.35487651825,
        "min": 2.17824268341,
        "var": 10.2916841507
    },
    "barkbands_flatness_db": {
        "dmean": 0.0164211466908,
        "dmean2": 0.0264343880117,
        "dvar": 0.000185306053027,
        "dvar2": 0.000473175634397,
        "max": 0.233195334673,
        "mean": 0.0699692443013,
        "median": 0.0664108023047,
        "min": 0.0128218401223,
        "var": 0.000760990718845
    },
    "barkbands_kurtosis": {
        "dmean": 1.17873322964,
        "dmean2": 1.90760207176,
        "dvar": 2.70049452782,
        "dvar2": 6.44854736328,
        "max": 39.8262863159,
        "mean": 0.59134966135,
        "median": -0.0229938030243,
        "min": -1.87255477905,
        "var": 5.33738708496
    },
    "barkbands_skewness": {
        "dmean": 0.403717070818,
        "dmean2": 0.639272391796,
        "dvar": 0.135388493538,
        "dvar2": 0.327288836241,
        "max": 5.68525791168,
        "mean": 0.987516582012,
        "median": 0.890226185322,
        "min": -2.0886156559,
        "var": 0.49151596427
    },
    "barkbands_spread": {
        "dmean": 8.251496315,
        "dmean2": 12.9014101028,
        "dvar": 58.5460624695,
        "dvar2": 136.632949829,
        "max": 109.018569946,
        "mean": 40.5082893372,
        "median": 39.3491630554,
        "min": 4.29227018356,
        "var": 234.837509155
    },
    "dissonance": {
        "dmean": 0.0127352848649,
        "dmean2": 0.0216970480978,
        "dvar": 0.000167196238181,
        "dvar2": 0.000462394935312,
        "max": 0.500000119209,
        "mean": 0.478358954191,
        "median": 0.48267352581,
        "min": 0.263164401054,
        "var": 0.000280298554571
    },
    "dynamic_complexity": 1.7802298069,
    "erbbands_crest": {
        "dmean": 2.55811357498,
        "dmean2": 4.18501758575,
        "dvar": 6.27973937988,
        "dvar2": 16.6539592743,
        "max": 32.2315750122,
        "mean": 8.03420257568,
        "median": 6.79141330719,
        "min": 2.21196508408,
        "var": 19.7229919434
    },
    "erbbands_flatness_db": {
        "dmean": 0.0149631071836,
        "dmean2": 0.0223824605346,
        "dvar": 0.000175093082362,
        "dvar2": 0.000380361394491,
        "max": 0.321646183729,
        "mean": 0.107376456261,
        "median": 0.100978061557,
        "min": 0.0348816290498,
        "var": 0.00149810849689
    },
    "erbbands_kurtosis": {
        "dmean": 0.683432459831,
        "dmean2": 1.1048361063,
        "dvar": 0.786580443382,
        "dvar2": 1.99568665028,
        "max": 24.7701416016,
        "mean": 0.0180855710059,
        "median": -0.325042486191,
        "min": -1.5917788744,
        "var": 1.81782448292
    },
    "erbbands_skewness": {
        "dmean": 0.312422305346,
        "dmean2": 0.487220257521,
        "dvar": 0.0728354677558,
        "dvar2": 0.178138941526,
        "max": 3.26319742203,
        "mean": 0.0213610399514,
        "median": -0.0253296811134,
        "min": -2.30636906624,
        "var": 0.475626885891
    },
    "erbbands_spread": {
        "dmean": 8.8390750885,
        "dmean2": 13.6181497574,
        "dvar": 64.1267089844,
        "dvar2": 143.978347778,
        "max": 123.255233765,
        "mean": 47.5587081909,
        "median": 44.9577789307,
        "min": 6.53669023514,
        "var": 381.882385254
    },
    "hfc": {
        "dmean": 10.1149253845,
        "dmean2": 14.8813343048,
        "dvar": 106.151138306,
        "dvar2": 226.056549072,
        "max": 131.125442505,
        "mean": 36.6538009644,
        "median": 34.155040741,
        "min": 7.31217239536e-11,
        "var": 372.110565186
    },
    "melbands_crest": {
        "dmean": 3.40979194641,
        "dmean2": 5.73296976089,
        "dvar": 7.96042346954,
        "dvar2": 21.6725826263,
        "max": 28.5660400391,
        "mean": 12.0352926254,
        "median": 11.4155015945,
        "min": 3.15146064758,
        "var": 16.6557483673
    },
    "melbands_flatness_db": {
        "dmean": 0.0224390365183,
        "dmean2": 0.0362569876015,
        "dvar": 0.00034551389399,
        "dvar2": 0.000870279211085,
        "max": 0.299956440926,
        "mean": 0.135505452752,
        "median": 0.132850199938,
        "min": 0.0119386753067,
        "var": 0.00114211498294
    },
    "melbands_kurtosis": {
        "dmean": 4.55847597122,
        "dmean2": 7.35812091827,
        "dvar": 41.0104904175,
        "dvar2": 103.59223938,
        "max": 104.252357483,
        "mean": 8.44476222992,
        "median": 5.11378192902,
        "min": -1.64598870277,
        "var": 91.9991836548
    },
    "melbands_skewness": {
        "dmean": 0.630387663841,
        "dmean2": 0.99595695734,
        "dvar": 0.357593864202,
        "dvar2": 0.881178379059,
        "max": 9.12364387512,
        "mean": 2.350867033,
        "median": 2.11758828163,
        "min": -0.553405046463,
        "var": 1.61911714077
    },
    "melbands_spread": {
        "dmean": 9.75010681152,
        "dmean2": 15.6322612762,
        "dvar": 92.2308425903,
        "dvar2": 221.950912476,
        "max": 188.478027344,
        "mean": 36.9483642578,
        "median": 34.9631309509,
        "min": 3.00824379921,
        "var": 279.783966064
    },
    "pitch_salience": {
        "dmean": 0.0673125833273,
        "dmean2": 0.111940957606,
        "dvar": 0.00322207133286,
        "dvar2": 0.0088401986286,
        "max": 0.913936674595,
        "mean": 0.594826281071,
        "median": 0.598197162151,
        "min": 0.242480412126,
        "var": 0.00841210689396
    },
    "silence_rate_20dB": {
        "dmean": 0,
        "dmean2": 0,
        "dvar": 0,
        "dvar2": 0,
        "max": 1,
        "mean": 1,
        "median": 1,
        "min": 1,
        "var": 0
    },
    "silence_rate_30dB": {
        "dmean": 0,
        "dmean2": 0,
        "dvar": 0,
        "dvar2": 0,
        "max": 1,
        "mean": 1,
        "median": 1,
        "min": 1,
        "var": 0
    },
    "silence_rate_60dB": {
        "dmean": 0.000506713986397,
        "dmean2": 0.00101355626248,
        "dvar": 0.000506438896991,
        "dvar2": 0.00126590149011,
        "max": 1,
        "mean": 0.00430652312934,
        "median": 0,
        "min": 0,
        "var": 0.00428755301982
    },
    "spectral_centroid": {
        "dmean": 276.222625732,
        "dmean2": 442.637176514,
        "dvar": 59546.3945312,
        "dvar2": 146638.1875,
        "max": 4141.42089844,
        "mean": 1909.22814941,
        "median": 1929.23864746,
        "min": 410.721557617,
        "var": 213534.859375
    },
    "spectral_complexity": {
        "dmean": 4.46972370148,
        "dmean2": 6.80653762817,
        "dvar": 15.8583965302,
        "dvar2": 33.4246788025,
        "max": 53,
        "mean": 26.3053836823,
        "median": 27,
        "min": 0,
        "var": 72.6179428101
    },
    "spectral_decrease": {
        "dmean": 1.96200455882e-09,
        "dmean2": 3.15586889954e-09,
        "dvar": 3.40422851694e-18,
        "dvar2": 8.51923569908e-18,
        "max": -1.96818864721e-22,
        "mean": -6.26201979159e-09,
        "median": -6.05556849109e-09,
        "min": -2.55253684855e-08,
        "var": 7.89789153733e-18
    },
    "spectral_energy": {
        "dmean": 0.00798675790429,
        "dmean2": 0.0127422530204,
        "dvar": 5.51159282622e-05,
        "dvar2": 0.000135521404445,
        "max": 0.100057095289,
        "mean": 0.0269589591771,
        "median": 0.0261433627456,
        "min": 7.37519549284e-15,
        "var": 0.000137086506584
    },
    "spectral_energyband_high": {
        "dmean": 0.00078782212222,
        "dmean2": 0.00113789981697,
        "dvar": 8.417787285e-07,
        "dvar2": 1.79014944024e-06,
        "max": 0.0158731620759,
        "mean": 0.00216608610936,
        "median": 0.00181039969902,
        "min": 5.72093718224e-15,
        "var": 2.33602622757e-06
    },
    "spectral_energyband_low": {
        "dmean": 0.00408290559426,
        "dmean2": 0.00672453967854,
        "dvar": 2.07719895116e-05,
        "dvar2": 5.29653407284e-05,
        "max": 0.059067890048,
        "mean": 0.00740034040064,
        "median": 0.00610101176426,
        "min": 2.19865599433e-16,
        "var": 2.99352777802e-05
    },
    "spectral_energyband_middle_high": {
        "dmean": 0.0025211495813,
        "dmean2": 0.00381436012685,
        "dvar": 1.05557810457e-05,
        "dvar2": 2.50626071647e-05,
        "max": 0.0676629990339,
        "mean": 0.00802101939917,
        "median": 0.00573067879304,
        "min": 1.19635653448e-15,
        "var": 4.80597773276e-05
    },
    "spectral_energyband_middle_low": {
        "dmean": 0.00484471442178,
        "dmean2": 0.00803371798247,
        "dvar": 2.94268375001e-05,
        "dvar2": 7.71034683567e-05,
        "max": 0.0645156949759,
        "mean": 0.0106306094676,
        "median": 0.00896835699677,
        "min": 1.21355508849e-16,
        "var": 5.24179704371e-05
    },
    "spectral_entropy": {
        "dmean": 0.112978130579,
        "dmean2": 0.168766066432,
        "dvar": 0.00962154753506,
        "dvar2": 0.0199807584286,
        "max": 8.82204818726,
        "mean": 8.0409078598,
        "median": 8.03843021393,
        "min": 7.01533317566,
        "var": 0.0566874742508
    },
    "spectral_flux": {
        "dmean": 0.0199959911406,
        "dmean2": 0.0316773429513,
        "dvar": 0.000337336910889,
        "dvar2": 0.000708342529833,
        "max": 0.269890189171,
        "mean": 0.0983481258154,
        "median": 0.0965839028358,
        "min": 3.46794649886e-06,
        "var": 0.000884585024323
    },
    "spectral_kurtosis": {
        "dmean": 0.598591685295,
        "dmean2": 0.924995064735,
        "dvar": 0.296862393618,
        "dvar2": 0.748676598072,
        "max": 11.7975482941,
        "mean": 3.02806448936,
        "median": 2.93377590179,
        "min": -0.538804769516,
        "var": 1.83741343021
    },
    "spectral_rms": {
        "dmean": 0.000755972054321,
        "dmean2": 0.00119229732081,
        "dvar": 4.19860640477e-07,
        "dvar2": 9.91809770312e-07,
        "max": 0.00988011527807,
        "mean": 0.0049969390966,
        "median": 0.00505031878129,
        "min": 2.6824078514e-09,
        "var": 1.33194635055e-06
    },
    "spectral_rolloff": {
        "dmean": 934.73626709,
        "dmean2": 1538.97937012,
        "dvar": 1406024.625,
        "dvar2": 3290179.5,
        "max": 17226.5625,
        "mean": 2669.23828125,
        "median": 2411.71875,
        "min": 129.19921875,
        "var": 3076622
    },
    "spectral_skewness": {
        "dmean": 0.108863025904,
        "dmean2": 0.167945384979,
        "dvar": 0.00845444854349,
        "dvar2": 0.0189295113087,
        "max": 2.63888144493,
        "mean": 1.40550875664,
        "median": 1.41523694992,
        "min": 0.3910779953,
        "var": 0.0553520470858
    },
    "spectral_spread": {
        "dmean": 600356.0625,
        "dmean2": 863508.8125,
        "dvar": 318901288960,
        "dvar2": 624103587840,
        "max": 12312942,
        "mean": 6203023.5,
        "median": 6079909,
        "min": 2620913.75,
        "var": 2.06247205274e+12
    },
    "spectral_strongpeak": {
        "dmean": 0.729423642159,
        "dmean2": 1.25681126118,
        "dvar": 1.31011474133,
        "dvar2": 3.42150139809,
        "max": 15.4740543365,
        "mean": 1.02668654919,
        "median": 0.376370459795,
        "min": 0,
        "var": 2.06764388084
    },
    "zerocrossingrate": {
        "dmean": 0.01467076689,
        "dmean2": 0.0179034601897,
        "dvar": 0.000197834247956,
        "dvar2": 0.000258865882643,
        "max": 0.65234375,
        "mean": 0.107768714428,
        "median": 0.10302734375,
        "min": 0.01611328125,
        "var": 0.00127174472436
    },
    "barkbands": {
        "dmean": [0.000182081479579, 0.00294662034139, 0.00167879357468, 0.00142138509545, 0.00206021871418, 0.00111210520845, 0.000512488652021, 0.000667207525112, 0.00116610911209, 0.00109106337186, 0.000520538422279, 0.000478679605294, 0.000248334690696, 0.000240258246777, 0.000341816514265, 0.000620719743893, 0.000332446681568, 0.000383092585253, 0.000249635719229, 0.000230351826758, 0.00011857044592, 0.000117048388347, 0.000137710507261, 0.000169582475792, 0.000143047771417, 0.000150927909999, 4.33636560047e-05],
        "dmean2": [0.000307521841023, 0.00496136490256, 0.00291154813021, 0.00254238885827, 0.00341923278756, 0.00180873274803, 0.000830522738397, 0.00110264786053, 0.00191813532729, 0.00173195637763, 0.000829689379316, 0.000775285298005, 0.000410723616369, 0.000396037823521, 0.000543251284398, 0.000974934431724, 0.000535097555257, 0.000607392983511, 0.000401074270485, 0.000360646779882, 0.000184950942639, 0.00018324694247, 0.000209621939575, 0.000253890757449, 0.000210380370845, 0.0002310443233, 6.78605501889e-05],
        "dvar": [5.14310443123e-08, 1.27231669467e-05, 5.87997237744e-06, 5.76292814003e-06, 9.73043916019e-06, 4.53282018498e-06, 9.16227804737e-07, 1.64670325375e-06, 6.41047336103e-06, 7.08943935024e-06, 2.03996319215e-06, 1.21477535231e-06, 3.14718903383e-07, 2.6453750479e-07, 5.15542637913e-07, 1.86597185348e-06, 2.99351086142e-07, 3.36263497047e-07, 1.15449410032e-07, 9.88291120052e-08, 1.70441492031e-08, 2.05402166387e-08, 4.50201689262e-08, 5.66872735419e-08, 3.08521528325e-08, 4.80985740126e-08, 4.71758054843e-09],
        "dvar2": [1.38347004963e-07, 3.34014002874e-05, 1.65397577803e-05, 1.65558321896e-05, 2.58118252532e-05, 1.09629772851e-05, 2.28796488955e-06, 4.37644075646e-06, 1.73994667421e-05, 1.71515875991e-05, 5.23173457623e-06, 3.13316036227e-06, 8.21340165658e-07, 6.8162955813e-07, 1.23706024624e-06, 4.59367038275e-06, 7.66173343436e-07, 8.23443713216e-07, 2.83222050257e-07, 2.39519096112e-07, 4.08921394524e-08, 4.75873846995e-08, 1.02713833883e-07, 1.23514809047e-07, 6.29934575613e-08, 1.17485974727e-07, 1.18982104169e-08],
        "max": [0.00250872503966, 0.030930839479, 0.0311969276518, 0.0387447476387, 0.0493284463882, 0.0393198467791, 0.0180171243846, 0.0226297806948, 0.036293104291, 0.0662380903959, 0.0532415136695, 0.0243167728186, 0.013506998308, 0.0133144315332, 0.0157895926386, 0.0265757907182, 0.0132722975686, 0.0152243804187, 0.00944794807583, 0.00637570954859, 0.00192663166672, 0.00282040587626, 0.00645178277045, 0.00482402089983, 0.00404296023771, 0.00206339824945, 0.00068445695797],
        "mean": [0.000242087538936, 0.00427296198905, 0.00208145449869, 0.001569161308, 0.00325004011393, 0.00160094932653, 0.000747724494431, 0.000972824695054, 0.00171127507929, 0.00182003295049, 0.000858128711116, 0.000762504991144, 0.000390595407225, 0.000392791582271, 0.000564551795833, 0.00121307221707, 0.000683685240801, 0.000804247974884, 0.000584942288697, 0.000545503222384, 0.000287732720608, 0.000277936429484, 0.000296567799523, 0.000390687055187, 0.000346214830643, 0.000239226719714, 5.20668327226e-05],
        "median": [0.000172779560671, 0.00322798383422, 0.00132201402448, 0.000914178323001, 0.0020573255606, 0.000736200716347, 0.000346768938471, 0.000412193243392, 0.000452857464552, 0.000347412045812, 0.000221604161197, 0.000250572076766, 0.000174454413354, 0.000184875898412, 0.000239370638155, 0.000352445815224, 0.000370345223928, 0.00049545353977, 0.000428363826359, 0.000350319052814, 0.000238173728576, 0.000229426441365, 0.00021377907251, 0.000275351398159, 0.000254207960097, 0.000161395699251, 2.68394705927e-05],
        "min": [1.11941650848e-16, 1.18586836077e-16, 3.6021518685e-17, 1.84890351727e-17, 2.27269080983e-17, 8.88975057496e-18, 3.38361604462e-17, 1.92774044709e-17, 1.15657088079e-17, 3.4251031228e-17, 7.02208263093e-18, 2.54228303353e-17, 1.0127833984e-16, 1.76434554163e-16, 9.75653312108e-17, 1.48914903693e-16, 3.47974932105e-17, 1.63901020877e-16, 2.59498522498e-16, 1.60512875854e-16, 3.11121395455e-16, 4.13067845767e-16, 5.5939215213e-16, 6.06750028909e-16, 9.42525218266e-16, 1.26538124935e-15, 1.68056387169e-15],
        "var": [6.41246202804e-08, 1.50509204104e-05, 5.9218905335e-06, 4.52154154118e-06, 1.53395048983e-05, 6.50590300211e-06, 1.4146128251e-06, 2.64793220595e-06, 1.0752786693e-05, 1.80220977199e-05, 5.3983962971e-06, 2.31639455706e-06, 5.08811353939e-07, 4.85422333441e-07, 8.72409600561e-07, 5.72031513002e-06, 8.19389583739e-07, 8.215656635e-07, 2.9114391964e-07, 3.31173652057e-07, 4.24331432214e-08, 4.20660697387e-08, 9.50148475454e-08, 1.45523756601e-07, 1.02610727026e-07, 6.55040537367e-08, 4.95892793495e-09]
    },
    "erbbands": {
        "dmean": [0.0909071192145, 0.674498200417, 1.69505643845, 3.52182888985, 4.8822889328, 8.18997859955, 10.9672956467, 8.05500602722, 6.38295173645, 10.7874031067, 16.1340579987, 23.4487247467, 38.0682754517, 24.5720062256, 17.4033031464, 19.1191711426, 11.4454517365, 11.3664703369, 12.2116374969, 23.821723938, 32.1995353699, 15.8540019989, 19.8014183044, 15.279458046, 10.8044271469, 11.7557191849, 5.18994617462, 5.15609645844, 4.00225925446, 3.8929066658, 4.31381797791, 3.8973941803, 2.67558979988, 1.72637665272, 1.0126966238, 0.580659627914, 0.282797247171, 0.0869946852326, 0.00743973441422, 0.000188165475265],
        "dmean2": [0.148365944624, 1.15080988407, 2.89757108688, 6.28867912292, 8.37549304962, 13.6730194092, 18.0430812836, 13.2046384811, 10.4860010147, 17.533618927, 26.614938736, 38.4429664612, 60.3154678345, 39.023147583, 27.3060188293, 30.9390735626, 18.8286342621, 18.7768688202, 19.240945816, 37.5950202942, 50.176197052, 24.8588676453, 31.3710918427, 24.2334003448, 17.1109313965, 18.410785675, 8.20900440216, 8.05122280121, 6.23920059204, 5.92861127853, 6.65399551392, 5.9270195961, 4.04435825348, 2.55408906937, 1.52623057365, 0.879342794418, 0.441920727491, 0.136926412582, 0.0115172080696, 0.000290343479719],
        "dvar": [0.0117848515511, 0.733402848244, 5.14853954315, 35.6767272949, 57.1139984131, 215.303878784, 453.308685303, 253.981613159, 187.623092651, 432.464874268, 1095.6295166, 2903.69897461, 8469.50585938, 3730.64404297, 2307.12036133, 2053.40332031, 689.793151855, 555.152648926, 593.984802246, 2713.67041016, 5227.15527344, 575.832641602, 872.575622559, 510.445617676, 195.851333618, 301.300201416, 36.1413841248, 35.7751617432, 23.1556625366, 25.11353302, 53.1184768677, 31.5941123962, 14.1876335144, 4.91361093521, 1.57867252827, 0.596800208092, 0.189039647579, 0.0209492016584, 0.000126088605612, 7.85400189329e-08],
        "dvar2": [0.0294951163232, 1.97870099545, 14.2022361755, 101.221839905, 155.625656128, 576.242370605, 1112.32897949, 638.483947754, 479.306365967, 1059.42419434, 2936.8840332, 7926.05175781, 21004.4355469, 8883.53027344, 6204.29394531, 5346.41308594, 1833.39111328, 1463.87756348, 1459.16455078, 6704.1953125, 12867.6992188, 1396.6628418, 2117.46240234, 1206.88574219, 469.711669922, 745.3515625, 89.320640564, 84.4363632202, 54.6121559143, 55.9332313538, 124.181488037, 69.7995605469, 31.9314441681, 10.2924175262, 3.47814798355, 1.38085913658, 0.474796116352, 0.0534106194973, 0.000313694559736, 1.91163977092e-07],
        "max": [1.14228284359, 8.25214004517, 24.8254146576, 102.883918762, 144.964248657, 271.591491699, 393.260162354, 359.379699707, 331.625579834, 507.334411621, 612.595275879, 901.873168945, 2222.05224609, 1377.57836914, 2619.25390625, 1241.90856934, 697.375610352, 647.543823242, 695.796875, 1172.88110352, 1671.24304199, 422.635192871, 537.163330078, 723.317199707, 282.106903076, 437.829620361, 102.657081604, 89.3594207764, 77.69947052, 112.134994507, 232.331863403, 84.3896026611, 95.3738327026, 48.8715553284, 23.4537658691, 10.0269775391, 3.8503241539, 1.49479305744, 0.0912302881479, 0.0031749762129],
        "mean": [0.133434966207, 0.915906667709, 2.33866667747, 4.15074825287, 6.5654706955, 12.154545784, 15.443403244, 11.5152597427, 9.35600662231, 16.5045661926, 24.392156601, 35.6725654602, 65.0857086182, 42.7849769592, 31.3138637543, 31.9309635162, 19.7835578918, 19.9222888947, 22.3326034546, 44.7165184021, 67.1580047607, 38.5518112183, 43.1365509033, 35.9893455505, 27.0403118134, 27.187494278, 12.9476633072, 12.0190486908, 9.45778942108, 9.15816307068, 8.79516410828, 8.21007347107, 6.30298757553, 4.27628850937, 2.25848317146, 1.06524121761, 0.410594582558, 0.106268718839, 0.00953763443977, 0.000276143779047],
        "median": [0.0977424457669, 0.665453314781, 1.5999764204, 2.62023472786, 3.94516968727, 6.90738534927, 6.82692146301, 5.35219144821, 4.57249832153, 7.52733325958, 10.0018167496, 11.151427269, 12.9443693161, 11.7070302963, 10.7605714798, 11.3235740662, 9.52078056335, 10.4036369324, 11.4672260284, 17.1565036774, 21.7737808228, 21.090429306, 26.8736114502, 25.7513828278, 20.1914215088, 16.8800315857, 10.2760477066, 9.80166149139, 7.81544494629, 7.0908870697, 6.03704547882, 5.70058059692, 4.38333845139, 3.07535243034, 1.67317771912, 0.756873786449, 0.261015236378, 0.0558738745749, 0.00540624652058, 0.000169790204382],
        "min": [5.10526196716e-15, 2.09351900914e-14, 4.26107886226e-14, 5.57821577287e-14, 7.14916204036e-14, 7.82320646524e-14, 3.15547420008e-14, 1.05842282638e-13, 4.22762600752e-13, 4.68516826897e-13, 4.37640565063e-13, 2.73873670053e-13, 6.6996419263e-13, 9.57384345412e-13, 2.32219110477e-13, 1.45403025557e-12, 4.4077749263e-12, 7.63745490462e-12, 9.08769066943e-12, 4.0422621847e-12, 8.10869947576e-12, 2.18771225094e-12, 5.75297275096e-12, 1.19394112652e-11, 1.77965003845e-11, 6.15514930691e-12, 7.74043069224e-12, 1.93075087168e-11, 1.27527086113e-11, 1.69094339225e-11, 1.21498306208e-11, 1.16045055509e-11, 1.08754047434e-11, 9.93032652635e-12, 6.1931224038e-12, 4.69654003188e-12, 2.39665969362e-12, 9.83585717214e-13, 2.73078651705e-13, 2.1049559868e-14],
        "var": [0.0168444607407, 0.775806844234, 5.92334508896, 27.4336509705, 68.9297637939, 321.320159912, 658.859191895, 335.401611328, 239.382858276, 731.306213379, 1822.94787598, 4673.83544922, 21459.2089844, 9126.10253906, 5079.5859375, 3979.14331055, 1127.09069824, 967.881530762, 1107.17126465, 5862.06152344, 17000.6035156, 2241.71020508, 2253.38574219, 1281.57556152, 550.81817627, 936.778930664, 101.670028687, 82.3615036011, 47.2468338013, 59.0806884766, 99.5810241699, 68.8789520264, 38.8838615417, 16.7210617065, 4.34843397141, 1.03470492363, 0.223182678223, 0.0222898926586, 0.00014257444127, 9.59442658655e-08]
    },
    "gfcc": {
        "mean": [65.8676452637, 40.3115692139, -97.0221939087, 31.0898571014, -49.3585777283, 14.1651725769, -36.6072387695, 18.9805774689, -26.4137439728, 0.799635112286, -19.7616786957, 4.63469028473, -11.2533569336],
        "cov": [[1640.56982422, -115.837219238, 289.114135742, 84.5270233154, 35.6329727173, -35.7341346741, -52.7964096069, -17.914226532, -11.2724752426, -23.2382984161, -14.7608451843, 15.5857944489, -2.7872812748], [-115.837219238, 370.117675781, -80.7813262939, 43.9101600647, -3.81130337715, 3.09890198708, 36.7660255432, 38.8083648682, 0.21469090879, 1.53205811977, 15.3200483322, -9.30800151825, 2.73196792603], [289.114135742, -80.7813262939, 681.515136719, 237.037612915, 65.3684616089, -11.96966362, -128.186767578, -88.5992507935, -13.8679122925, 20.7363739014, 23.9412002563, 30.1408195496, -33.345703125], [84.5270233154, 43.9101600647, 237.037612915, 329.317840576, 83.3776092529, -20.7740974426, -122.375190735, -17.1386432648, 36.1078567505, 15.2620744705, 4.04393339157, 18.3983802795, 33.2896690369], [35.6329727173, -3.81130337715, 65.3684616089, 83.3776092529, 149.574615479, 9.48009681702, -13.4044742584, 3.44248914719, 16.4703330994, -3.72054028511, -17.104511261, 2.77982521057, 10.3813886642], [-35.7341346741, 3.09890198708, -11.96966362, -20.7740974426, 9.48009681702, 170.130569458, 118.690551758, 18.6249713898, -42.8171882629, -6.34815263748, 10.5859031677, -23.3214244843, -18.8674812317], [-52.7964096069, 36.7660255432, -128.186767578, -122.375190735, -13.4044742584, 118.690551758, 226.002716064, 53.9311714172, -53.7810897827, -9.6625328064, 6.70782470703, -27.0331745148, -29.7613754272], [-17.914226532, 38.8083648682, -88.5992507935, -17.1386432648, 3.44248914719, 18.6249713898, 53.9311714172, 85.5528259277, 33.3985557556, -7.60854434967, -10.934920311, -9.72490501404, 7.53468132019], [-11.2724752426, 0.21469090879, -13.8679122925, 36.1078567505, 16.4703330994, -42.8171882629, -53.7810897827, 33.3985557556, 99.5183792114, 24.457277298, -15.733259201, 3.29161739349, 19.3795166016], [-23.2382984161, 1.53205811977, 20.7363739014, 15.2620744705, -3.72054028511, -6.34815263748, -9.6625328064, -7.60854434967, 24.457277298, 63.6225128174, 30.0881004333, 3.75764131546, -0.895866572857], [-14.7608451843, 15.3200483322, 23.9412002563, 4.04393339157, -17.104511261, 10.5859031677, 6.70782470703, -10.934920311, -15.733259201, 30.0881004333, 67.9629211426, 26.2685432434, -4.74525356293], [15.5857944489, -9.30800151825, 30.1408195496, 18.3983802795, 2.77982521057, -23.3214244843, -27.0331745148, -9.72490501404, 3.29161739349, 3.75764131546, 26.2685432434, 57.8078689575, 26.8365516663], [-2.7872812748, 2.73196792603, -33.345703125, 33.2896690369, 10.3813886642, -18.8674812317, -29.7613754272, 7.53468132019, 19.3795166016, -0.895866572857, -4.74525356293, 26.8365516663, 72.8338623047]],
        "icov": [[0.000684872793499, 0.000180513656233, -0.000325813249219, -8.93046217243e-06, -2.74564790743e-05, 0.000247908377787, -7.38793605706e-05, -0.000316333142109, 0.000186542951269, 0.000225500887609, 5.86738715356e-05, 2.92715849355e-05, -0.000108801905299], [0.000180513656233, 0.00329254427925, 0.000466753583169, -0.00130689085927, 0.000231924190302, 0.000904234591872, -0.000826170551591, -0.00113828864414, 0.000451001338661, 0.000438651099103, -0.00143367378041, 0.000977133517154, 0.000107732288598], [-0.000325813249219, 0.000466753583169, 0.00286611216143, -0.00194311107043, -0.000198646332137, -0.000533897022251, 0.000534078688361, 0.00147225300316, 0.000415732210968, -0.000619951810222, 0.000428279920015, -0.00186322280206, 0.00272247451358], [-8.93046217243e-06, -0.00130689085927, -0.00194311107043, 0.00658632442355, -0.00233500706963, -0.00157624145504, 0.00357694434933, -0.00173265952617, 0.000129042513436, -0.000691534252837, -0.000737045076676, 0.00125754775945, -0.00284017273225], [-2.74564790743e-05, 0.000231924190302, -0.000198646332137, -0.00233500706963, 0.00849655270576, -0.00066829129355, -0.00122538371943, 0.000464993849164, -0.00124995876104, 0.000130723288748, 0.00286358594894, -0.00158416177146, 0.000138018003781], [0.000247908377787, 0.000904234591872, -0.000533897022251, -0.00157624145504, -0.00066829129355, 0.0111922938377, -0.0065270815976, 0.000469520949991, 0.000900454935618, 0.00176882580854, -0.00345634925179, 0.00446808850393, -0.00135883898474], [-7.38793605706e-05, -0.000826170551591, 0.000534078688361, 0.00357694434933, -0.00122538371943, -0.0065270815976, 0.0142660262063, -0.00960932672024, 0.00824344716966, -0.00486930133775, 0.00225261319429, -0.00130228628404, 0.00231840345077], [-0.000316333142109, -0.00113828864414, 0.00147225300316, -0.00173265952617, 0.000464993849164, 0.000469520949991, -0.00960932672024, 0.0261983536184, -0.0156726557761, 0.00932959001511, -0.00403653783724, 0.00287131778896, -0.00212091882713], [0.000186542951269, 0.000451001338661, 0.000415732210968, 0.000129042513436, -0.00124995876104, 0.000900454935618, 0.00824344716966, -0.0156726557761, 0.0257837995887, -0.015266998671, 0.0103402370587, -0.00406875927001, 0.000647351087537], [0.000225500887609, 0.000438651099103, -0.000619951810222, -0.000691534252837, 0.000130723288748, 0.00176882580854, -0.00486930133775, 0.00932959001511, -0.015266998671, 0.0310505796224, -0.0191513001919, 0.00938405841589, -0.00275211734697], [5.86738715356e-05, -0.00143367378041, 0.000428279920015, -0.000737045076676, 0.00286358594894, -0.00345634925179, 0.00225261319429, -0.00403653783724, 0.0103402370587, -0.0191513001919, 0.0342752784491, -0.0196051690727, 0.00709348730743], [2.92715849355e-05, 0.000977133517154, -0.00186322280206, 0.00125754775945, -0.00158416177146, 0.00446808850393, -0.00130228628404, 0.00287131778896, -0.00406875927001, 0.00938405841589, -0.0196051690727, 0.0346965529025, -0.0137729411945], [-0.000108801905299, 0.000107732288598, 0.00272247451358, -0.00284017273225, 0.000138018003781, -0.00135883898474, 0.00231840345077, -0.00212091882713, 0.000647351087537, -0.00275211734697, 0.00709348730743, -0.0137729411945, 0.0223921947181]]
    },
    "melbands": {
        "dmean": [0.000802151102107, 0.000816620013211, 0.000625356566161, 0.00042177218711, 0.000386356812669, 0.000185729120858, 9.80925688054e-05, 0.00011998640548, 0.000138916933793, 0.00016043431242, 0.00019316781254, 0.00010483837832, 6.50264701108e-05, 5.36799016118e-05, 4.02684963774e-05, 2.3349053663e-05, 2.22736216529e-05, 1.98028392333e-05, 2.83518511424e-05, 4.04087368224e-05, 4.11312867072e-05, 1.93216728803e-05, 1.775515193e-05, 2.019324711e-05, 1.33001776703e-05, 9.78719708655e-06, 8.37594325276e-06, 8.41410292196e-06, 4.03863941756e-06, 2.78010543298e-06, 3.3956016523e-06, 2.41294515035e-06, 2.57495753431e-06, 2.15549016502e-06, 2.61950481217e-06, 2.42887062996e-06, 2.65729431703e-06, 2.03648141905e-06, 1.74554520527e-06, 1.54273402586e-06],
        "dmean2": [0.00132850720547, 0.00137659988832, 0.00111101078801, 0.000702759774867, 0.000635716307443, 0.000303819106193, 0.000160656010848, 0.000195930115297, 0.000229282057262, 0.000262750778347, 0.000305924098939, 0.000166659374372, 0.000102306556073, 8.63085806486e-05, 6.52099988656e-05, 3.85613784601e-05, 3.6994315451e-05, 3.1601270166e-05, 4.49365907116e-05, 6.38489291305e-05, 6.4666804974e-05, 3.10894283757e-05, 2.85778878606e-05, 3.19552527799e-05, 2.13945368159e-05, 1.58739112521e-05, 1.33282492243e-05, 1.32735940497e-05, 6.47860906611e-06, 4.47389902547e-06, 5.37618052476e-06, 3.8535490603e-06, 4.06767958339e-06, 3.29220870299e-06, 4.1095972847e-06, 3.77721949008e-06, 4.13249426856e-06, 3.15423403663e-06, 2.65968310487e-06, 2.33896503232e-06],
        "dvar": [8.91361082722e-07, 1.03759009562e-06, 1.08671065391e-06, 4.21343571588e-07, 4.71988130357e-07, 1.27127364635e-07, 3.83440408314e-08, 5.08395245902e-08, 8.74050130051e-08, 1.3548337563e-07, 2.19446391725e-07, 6.90850185947e-08, 2.8963167864e-08, 1.61334217097e-08, 8.7166505125e-09, 2.51627496617e-09, 2.23716312142e-09, 1.74690617527e-09, 3.91898025143e-09, 8.79165718004e-09, 9.16909925763e-09, 9.89029080856e-10, 6.61517729483e-10, 1.11651354828e-09, 4.19175277822e-10, 1.8716385386e-10, 1.32581084999e-10, 1.63810312537e-10, 2.51615794172e-11, 1.0556556497e-11, 1.63005667991e-11, 7.82420309098e-12, 1.10471900724e-11, 7.53098711864e-12, 2.16279858606e-11, 1.25227050951e-11, 1.51396881143e-11, 9.16232541226e-12, 6.24806846886e-12, 3.9958587654e-12],
        "dvar2": [2.27511804951e-06, 2.77674507743e-06, 3.11011626764e-06, 1.11958320304e-06, 1.19137450838e-06, 3.16164516789e-07, 9.74367537765e-08, 1.27325549215e-07, 2.33053668808e-07, 3.69988470084e-07, 5.43127896435e-07, 1.65690551057e-07, 7.61148442052e-08, 4.10258920169e-08, 2.30298198289e-08, 6.53312337562e-09, 5.90804827283e-09, 4.24665858034e-09, 9.45526235085e-09, 2.17270343938e-08, 2.23928626752e-08, 2.50115750333e-09, 1.67995795053e-09, 2.72612554753e-09, 1.01560604371e-09, 4.58738380615e-10, 3.27078614193e-10, 4.09467820761e-10, 6.28013127613e-11, 2.62582490473e-11, 3.89425922065e-11, 1.9315261196e-11, 2.58598333719e-11, 1.69970339886e-11, 5.29683762129e-11, 2.76783578695e-11, 3.46466605405e-11, 2.22399858946e-11, 1.41370465681e-11, 8.73291716719e-12],
        "max": [0.00839051324874, 0.0119614610448, 0.0170720927417, 0.0106289153919, 0.0102278357372, 0.00715028867126, 0.00438667042181, 0.0049215555191, 0.00567467045039, 0.00573628116399, 0.0115584302694, 0.00532863708213, 0.00740031246096, 0.00346840452403, 0.00184369343333, 0.000950919697061, 0.00121529446915, 0.00129305233713, 0.0015619333135, 0.00177458743565, 0.00262823095545, 0.000545377435628, 0.000534992897883, 0.000762708252296, 0.000677902484313, 0.000350076559698, 0.000230428442592, 0.000302408152493, 9.35736607062e-05, 4.21710246883e-05, 6.51816808386e-05, 4.18604322476e-05, 6.02020736551e-05, 6.2092920416e-05, 0.000152232605615, 7.65067889006e-05, 7.26931320969e-05, 6.68067514198e-05, 9.87910316326e-05, 4.73448599223e-05],
        "mean": [0.00118742045015, 0.00123990850989, 0.000793497194536, 0.000642949191388, 0.000569829484448, 0.000267588096904, 0.000146425634739, 0.000183552940143, 0.000204479307286, 0.000238512657234, 0.00032612902578, 0.00017500971444, 0.000111400229798, 8.65845358931e-05, 6.42042359686e-05, 3.76337738999e-05, 3.63653271052e-05, 3.26680237777e-05, 4.70455561299e-05, 7.19141971786e-05, 8.08848344604e-05, 4.02021432819e-05, 3.50702612195e-05, 3.9683720388e-05, 2.80927688436e-05, 2.12566083064e-05, 1.84143955266e-05, 1.78168829734e-05, 8.80635343492e-06, 5.852969025e-06, 7.3624964898e-06, 5.25241875948e-06, 5.38553695151e-06, 4.78515448776e-06, 4.88405294163e-06, 4.92907338412e-06, 5.17995385962e-06, 4.37049311586e-06, 4.04121237807e-06, 3.57160388376e-06],
        "median": [0.000893302902114, 0.00093917734921, 0.000522129703313, 0.000411972956499, 0.000283234781818, 0.000125781807583, 7.17492293916e-05, 8.59378342284e-05, 7.49618484406e-05, 6.45158943371e-05, 5.82876382396e-05, 4.17464871134e-05, 3.3069820347e-05, 2.93545690511e-05, 2.32166166825e-05, 1.78234422492e-05, 1.74769356818e-05, 1.50302912516e-05, 1.9151091692e-05, 2.2909089239e-05, 2.5303055736e-05, 2.09190038731e-05, 2.15306226892e-05, 2.33131049754e-05, 1.95011034521e-05, 1.52904885908e-05, 1.18825792015e-05, 1.03401525848e-05, 6.64071922074e-06, 4.65916355097e-06, 5.85136740483e-06, 4.3501017899e-06, 4.07570723837e-06, 3.57608928425e-06, 3.21667585013e-06, 3.45559874404e-06, 3.55042425326e-06, 2.929059292e-06, 2.92176673611e-06, 2.54589258475e-06],
        "min": [4.46487841721e-17, 2.45512201977e-17, 1.02205394239e-17, 5.65627591789e-18, 1.55265688725e-18, 2.43022851554e-18, 6.65962573499e-18, 4.87688566523e-18, 3.54181367502e-18, 1.46559044091e-18, 3.53209430283e-18, 4.24513515778e-18, 7.12067366776e-19, 1.77134358888e-18, 7.08831498258e-18, 1.0903754214e-17, 1.44946428604e-17, 1.67904694156e-17, 4.4460304452e-18, 8.52250223532e-18, 9.05558788007e-18, 1.99341159805e-18, 1.87358207861e-18, 9.08046202827e-18, 9.748900891e-18, 8.63035087076e-18, 1.41425435065e-17, 1.52964389543e-18, 4.57095084772e-18, 4.38223786277e-18, 1.54508471049e-17, 8.73858579956e-18, 4.15132998119e-18, 1.30087253865e-17, 8.51977832956e-18, 3.19470056586e-18, 9.46804412172e-18, 8.92727810499e-18, 4.59584443467e-18, 1.01161268968e-17],
        "var": [1.17013735235e-06, 1.28189981297e-06, 8.84391056388e-07, 6.22157529051e-07, 7.11156928901e-07, 1.73693663896e-07, 5.26170396142e-08, 8.44791614441e-08, 1.47397614114e-07, 2.20963002562e-07, 5.61472120353e-07, 1.62330863418e-07, 7.24581497025e-08, 3.17928936511e-08, 1.64238205258e-08, 4.15465795101e-09, 3.79620868074e-09, 3.40339512128e-09, 6.78553790934e-09, 2.0103147591e-08, 2.82564922571e-08, 2.90090906852e-09, 1.48078316276e-09, 2.43925324384e-09, 9.056886352e-10, 4.3631462332e-10, 3.63699403927e-10, 4.75155803592e-10, 6.34323010784e-11, 2.06573855244e-11, 3.53952457621e-11, 1.52329763387e-11, 2.10323737593e-11, 1.76913917543e-11, 3.45492974507e-11, 2.78857475305e-11, 2.98342912874e-11, 2.0411724394e-11, 1.69444267645e-11, 1.23813390096e-11]
    },
    "mfcc": {
        "mean": [-586.678161621, 82.7027053833, 7.99406480789, 22.1993961334, 11.4339971542, -1.85038113594, 4.58695888519, 9.47847270966, 3.59784054756, 1.24610757828, -2.57562303543, -2.30391597748, -0.757119417191],
        "cov": [[1173.98681641, -67.8823165894, 89.7346954346, 69.134185791, 50.6546783447, -20.8393058777, -16.0711841583, 10.7410984039, 4.24539899826, 8.77594566345, -42.9391822815, -8.37799072266, -0.76738679409], [-67.8823165894, 278.125762939, -67.0331497192, -23.6013393402, -58.273651123, -21.8531856537, 40.1125869751, 22.4633102417, 1.82204389572, 6.17191934586, 35.694355011, -1.09028148651, -8.04497528076], [89.7346954346, -67.0331497192, 532.028503418, 176.833816528, 153.266433716, 69.5764770508, -22.4282741547, -49.5986709595, -69.3231506348, -41.6998023987, -22.6207180023, 42.6928863525, 33.87940979], [69.134185791, -23.6013393402, 176.833816528, 283.8331604, 185.124908447, 1.33188021183, -84.5946578979, -40.922328949, 4.24620246887, -27.0651035309, -46.354473114, 31.3127498627, 51.1713562012], [50.6546783447, -58.273651123, 153.266433716, 185.124908447, 249.102600098, 22.6623573303, -94.5775680542, -34.1183433533, 7.37329959869, -13.3830862045, -45.4226150513, 6.26826715469, 32.0839767456], [-20.8393058777, -21.8531856537, 69.5764770508, 1.33188021183, 22.6623573303, 114.883613586, 78.1918411255, 5.61722612381, -6.56156015396, 4.44724178314, 11.6568174362, 0.222064509988, -8.52857112885], [-16.0711841583, 40.1125869751, -22.4282741547, -84.5946578979, -94.5775680542, 78.1918411255, 208.266403198, 64.5499267578, -9.23568248749, 14.2084541321, 39.9251213074, -8.9762878418, -34.8479766846], [10.7410984039, 22.4633102417, -49.5986709595, -40.922328949, -34.1183433533, 5.61722612381, 64.5499267578, 96.6303253174, 35.3108291626, 13.7690420151, 15.2283773422, -15.7671375275, -20.1675872803], [4.24539899826, 1.82204389572, -69.3231506348, 4.24620246887, 7.37329959869, -6.56156015396, -9.23568248749, 35.3108291626, 91.7794113159, 38.7002601624, -4.86817979813, -15.2798280716, -8.88369941711], [8.77594566345, 6.17191934586, -41.6998023987, -27.0651035309, -13.3830862045, 4.44724178314, 14.2084541321, 13.7690420151, 38.7002601624, 69.3579406738, 27.6530532837, -11.6558895111, -17.0896110535], [-42.9391822815, 35.694355011, -22.6207180023, -46.354473114, -45.4226150513, 11.6568174362, 39.9251213074, 15.2283773422, -4.86817979813, 27.6530532837, 77.96484375, 18.0860939026, -18.276638031], [-8.37799072266, -1.09028148651, 42.6928863525, 31.3127498627, 6.26826715469, 0.222064509988, -8.9762878418, -15.7671375275, -15.2798280716, -11.6558895111, 18.0860939026, 70.8784942627, 35.5727348328], [-0.76738679409, -8.04497528076, 33.87940979, 51.1713562012, 32.0839767456, -8.52857112885, -34.8479766846, -20.1675872803, -8.88369941711, -17.0896110535, -18.276638031, 35.5727348328, 72.4281539917]],
