{
"lowlevel": {
    "average_loudness": 0.957677960396,
    "barkbands_crest": {
        "dmean": 3.13394927979,
        "dmean2": 5.26300477982,
        "dvar": 6.88219213486,
        "dvar2": 18.8241348267,
        "max": 25.4275932312,
        "mean": 10.992389679,
        "median": 10.6215438843,
        "min": 2.62572908401,
        "var": 15.2999858856
    },
    "barkbands_flatness_db": {
        "dmean": 0.0254211034626,
        "dmean2": 0.0421263687313,
        "dvar": 0.000484255404444,
        "dvar2": 0.00136085122358,
        "max": 0.30589735508,
        "mean": 0.152635022998,
        "median": 0.151301652193,
        "min": 0.0454990901053,
        "var": 0.00124597176909
    },
    "barkbands_kurtosis": {
        "dmean": 2.58602619171,
        "dmean2": 4.34017419815,
        "dvar": 12.4162511826,
        "dvar2": 32.6785163879,
        "max": 74.3265991211,
        "mean": 2.7898414135,
        "median": 1.37583398819,
        "min": -1.78271496296,
        "var": 19.7498931885
    },
    "barkbands_skewness": {
        "dmean": 0.610393106937,
        "dmean2": 1.00065469742,
        "dvar": 0.314275830984,
        "dvar2": 0.832282602787,
        "max": 7.62577915192,
        "mean": 1.55010521412,
        "median": 1.43793773651,
        "min": -1.56815290451,
        "var": 0.864696323872
    },
    "barkbands_spread": {
        "dmean": 6.44788646698,
        "dmean2": 10.6010150909,
        "dvar": 43.0144844055,
        "dvar2": 111.84500885,
        "max": 123.299911499,
        "mean": 24.1085948944,
        "median": 23.3623428345,
        "min": 2.66779446602,
        "var": 104.954795837
    },
    "dissonance": {
        "dmean": 0.0158756934106,
        "dmean2": 0.0269963853061,
        "dvar": 0.000254392507486,
        "dvar2": 0.000704147270881,
        "max": 0.500000059605,
        "mean": 0.473675340414,
        "median": 0.479343831539,
        "min": 0.284954309464,
        "var": 0.00050115067279
    },
    "dynamic_complexity": 1.14507937431,
    "erbbands_crest": {
        "dmean": 2.50480818748,
        "dmean2": 4.0659403801,
        "dvar": 5.43444871902,
        "dvar2": 13.7460823059,
        "max": 29.1096725464,
        "mean": 8.33462524414,
        "median": 7.36104679108,
        "min": 2.36025810242,
        "var": 15.4743270874
    },
    "erbbands_flatness_db": {
        "dmean": 0.0142101664096,
        "dmean2": 0.0213527493179,
        "dvar": 0.000156616908498,
        "dvar2": 0.000317278521834,
        "max": 0.288296848536,
        "mean": 0.156274959445,
        "median": 0.152074202895,
        "min": 0.0484942644835,
        "var": 0.00127709168009
    },
    "erbbands_kurtosis": {
        "dmean": 0.716631889343,
        "dmean2": 1.14669942856,
        "dvar": 0.65123051405,
        "dvar2": 1.54229879379,
        "max": 16.3222751617,
        "mean": 0.440669089556,
        "median": 0.141626834869,
        "min": -1.69410645962,
        "var": 1.97811770439
    },
    "erbbands_skewness": {
        "dmean": 0.318081438541,
        "dmean2": 0.508157014847,
        "dvar": 0.0737761631608,
        "dvar2": 0.18064904213,
        "max": 3.74472093582,
        "mean": 0.0282819271088,
        "median": -0.0171037875116,
        "min": -2.63085389137,
        "var": 0.354747861624
    },
    "erbbands_spread": {
        "dmean": 7.57729434967,
        "dmean2": 11.8277444839,
        "dvar": 59.2610015869,
        "dvar2": 132.185577393,
        "max": 130.322494507,
        "mean": 37.4990463257,
        "median": 35.0450439453,
        "min": 7.17860651016,
        "var": 251.785614014
    },
    "hfc": {
        "dmean": 7.71580410004,
        "dmean2": 11.7657814026,
        "dvar": 76.2157440186,
        "dvar2": 171.128768921,
        "max": 147.722305298,
        "mean": 32.8500823975,
        "median": 31.2462921143,
        "min": 1.16853899311e-16,
        "var": 203.32522583
    },
    "melbands_crest": {
        "dmean": 3.54748725891,
        "dmean2": 5.98902845383,
        "dvar": 8.76361846924,
        "dvar2": 24.2823429108,
        "max": 38.9020690918,
        "mean": 16.0325241089,
        "median": 16.1327590942,
        "min": 2.39082479477,
        "var": 23.4180164337
    },
    "melbands_flatness_db": {
        "dmean": 0.0317493379116,
        "dmean2": 0.0522145889699,
        "dvar": 0.000781757349614,
        "dvar2": 0.00216028373688,
        "max": 0.381687790155,
        "mean": 0.194756403565,
        "median": 0.194759741426,
        "min": 0.00667188409716,
        "var": 0.00246987864375
    },
    "melbands_kurtosis": {
        "dmean": 8.04361152649,
        "dmean2": 13.3962850571,
        "dvar": 119.780647278,
        "dvar2": 314.332458496,
        "max": 189.05456543,
        "mean": 12.9505558014,
        "median": 8.2849111557,
        "min": -1.65308129787,
        "var": 209.918411255
    },
    "melbands_skewness": {
        "dmean": 0.919103264809,
        "dmean2": 1.50000321865,
        "dvar": 0.770828962326,
        "dvar2": 2.00541567802,
        "max": 12.3840551376,
        "mean": 2.89311742783,
        "median": 2.71790504456,
        "min": -0.412953644991,
        "var": 2.37382483482
    },
    "melbands_spread": {
        "dmean": 7.96683549881,
        "dmean2": 13.1516437531,
        "dvar": 61.4243545532,
        "dvar2": 163.546813965,
        "max": 139.901397705,
        "mean": 22.3775882721,
        "median": 20.2033920288,
        "min": 1.50382554531,
        "var": 146.387405396
    },
    "pitch_salience": {
        "dmean": 0.084635309875,
        "dmean2": 0.142080500722,
        "dvar": 0.00530224526301,
        "dvar2": 0.014894255437,
        "max": 0.989723205566,
        "mean": 0.481728941202,
        "median": 0.470535546541,
        "min": 0.0620982162654,
        "var": 0.015412690118
    },
    "silence_rate_20dB": {
        "dmean": 0,
        "dmean2": 0,
        "dvar": 0,
        "dvar2": 0,
        "max": 1,
        "mean": 1,
        "median": 1,
        "min": 1,
        "var": 0
    },
    "silence_rate_30dB": {
        "dmean": 0.0634802058339,
        "dmean2": 0.1269762218,
        "dvar": 0.0594495646656,
        "dvar2": 0.140973061323,
        "max": 1,
        "mean": 0.94884878397,
        "median": 1,
        "min": 0,
        "var": 0.0485363118351
    },
    "silence_rate_60dB": {
        "dmean": 0.000746826000977,
        "dmean2": 0.00149383791722,
        "dvar": 0.000746239500586,
        "dvar2": 0.00174046400934,
        "max": 1,
        "mean": 0.00211574370041,
        "median": 0,
        "min": 0,
        "var": 0.00211124052294
    },
    "spectral_centroid": {
        "dmean": 266.295196533,
        "dmean2": 437.418273926,
        "dvar": 72037.6640625,
        "dvar2": 177903.234375,
        "max": 11058.0976562,
        "mean": 1433.5357666,
        "median": 1432.9473877,
        "min": 259.218048096,
        "var": 204874.953125
    },
    "spectral_complexity": {
        "dmean": 4.16380405426,
        "dmean2": 6.59828186035,
        "dvar": 16.199306488,
        "dvar2": 36.34141922,
        "max": 59,
        "mean": 27.8981952667,
        "median": 28,
        "min": 0,
        "var": 74.4901733398
    },
    "spectral_decrease": {
        "dmean": 5.48132428335e-09,
        "dmean2": 9.24385989975e-09,
        "dvar": 4.25695234273e-17,
        "dvar2": 1.15940175754e-16,
        "max": -2.24246796596e-29,
        "mean": -1.4024496231e-08,
        "median": -1.28542643196e-08,
        "min": -7.95099239781e-08,
        "var": 6.43599389951e-17
    },
    "spectral_energy": {
        "dmean": 0.0210438221693,
        "dmean2": 0.0353914275765,
        "dvar": 0.00061697489582,
        "dvar2": 0.0016729850322,
        "max": 0.305669784546,
        "mean": 0.0559112913907,
        "median": 0.0514300353825,
        "min": 1.06836321472e-20,
        "var": 0.000951594614889
    },
    "spectral_energyband_high": {
        "dmean": 0.00045109144412,
        "dmean2": 0.000705983722582,
        "dvar": 5.7512602325e-07,
        "dvar2": 1.39458313697e-06,
        "max": 0.0187523383647,
        "mean": 0.00121284881607,
        "median": 0.000893484335393,
        "min": 7.5043303433e-21,
        "var": 1.19960316169e-06
    },
    "spectral_energyband_low": {
        "dmean": 0.018759727478,
        "dmean2": 0.0322093144059,
        "dvar": 0.000605092500336,
        "dvar2": 0.00168628024403,
        "max": 0.276992022991,
        "mean": 0.0332884266973,
        "median": 0.0288132540882,
        "min": 5.38864194816e-23,
        "var": 0.000805354386102
    },
    "spectral_energyband_middle_high": {
        "dmean": 0.00310903578065,
        "dmean2": 0.00479660974815,
        "dvar": 1.33411540446e-05,
        "dvar2": 3.02814441966e-05,
        "max": 0.0738048255444,
        "mean": 0.0103953210637,
        "median": 0.00959209538996,
        "min": 1.70897332089e-21,
        "var": 3.71700334654e-05
    },
    "spectral_energyband_middle_low": {
        "dmean": 0.00654867151752,
        "dmean2": 0.0109300166368,
        "dvar": 6.47824854241e-05,
        "dvar2": 0.000172725573066,
        "max": 0.116398066282,
        "mean": 0.0141269825399,
        "median": 0.0116719296202,
        "min": 3.74990799448e-22,
        "var": 0.000100588185887
    },
    "spectral_entropy": {
        "dmean": 0.128454566002,
        "dmean2": 0.201654359698,
        "dvar": 0.0160153079778,
        "dvar2": 0.0364307686687,
        "max": 9.79513645172,
        "mean": 7.75662851334,
        "median": 7.77039575577,
        "min": 6.4531378746,
        "var": 0.0770869404078
    },
    "spectral_flux": {
        "dmean": 0.0334208421409,
        "dmean2": 0.0538108982146,
        "dvar": 0.00114329962526,
        "dvar2": 0.00260600144975,
        "max": 0.453802734613,
        "mean": 0.126752778888,
        "median": 0.117068275809,
        "min": 1.03361659509e-10,
        "var": 0.002576893894
    },
    "spectral_kurtosis": {
        "dmean": 1.01488888264,
        "dmean2": 1.71051907539,
        "dvar": 0.952672064304,
        "dvar2": 2.67400741577,
        "max": 14.9390907288,
        "mean": 3.26526856422,
        "median": 2.99979972839,
        "min": -1.20996451378,
        "var": 3.05022907257
    },
    "spectral_rms": {
        "dmean": 0.00130922347307,
        "dmean2": 0.00216883700341,
        "dvar": 1.65298376942e-06,
        "dvar2": 4.42548434876e-06,
        "max": 0.0172688867897,
        "mean": 0.00711409794167,
        "median": 0.00708347698674,
        "min": 3.22847586338e-12,
        "var": 3.93718619307e-06
    },
    "spectral_rolloff": {
        "dmean": 494.044403076,
        "dmean2": 851.259277344,
        "dvar": 525572,
        "dvar2": 1306704,
        "max": 18927.6855469,
        "mean": 1281.96716309,
        "median": 1119.7265625,
        "min": 21.533203125,
        "var": 959834.9375
    },
    "spectral_skewness": {
        "dmean": 0.159365698695,
        "dmean2": 0.261846661568,
        "dvar": 0.021215589717,
        "dvar2": 0.0527389794588,
        "max": 2.63989067078,
        "mean": 1.41642034054,
        "median": 1.39742851257,
        "min": -0.0274483244866,
        "var": 0.0973385572433
    },
    "spectral_spread": {
        "dmean": 402694.625,
        "dmean2": 593648.3125,
        "dvar": 353159839744,
        "dvar2": 493162266624,
        "max": 40712232,
        "mean": 4605686,
        "median": 4444522.5,
        "min": 1989658,
        "var": 1.49926969344e+12
    },
    "spectral_strongpeak": {
        "dmean": 0.45325627923,
        "dmean2": 0.799944758415,
        "dvar": 0.747776031494,
        "dvar2": 2.08847904205,
        "max": 12.8021469116,
        "mean": 0.795244812965,
        "median": 0.579695284367,
        "min": 0,
        "var": 0.847680211067
    },
    "zerocrossingrate": {
        "dmean": 0.00913421437144,
        "dmean2": 0.0117282327265,
        "dvar": 0.000109727341624,
        "dvar2": 0.000165280303918,
        "max": 0.6103515625,
        "mean": 0.0560481846333,
        "median": 0.0517578125,
        "min": 0,
        "var": 0.000679439515807
    },
    "barkbands": {
        "dmean": [5.25366122019e-05, 0.0134434243664, 0.00726759294048, 0.00370120420121, 0.00201151403598, 0.000657805183437, 0.000725053774659, 0.0010321267182, 0.00144320027903, 0.00101924710907, 0.000929384783376, 0.000782807939686, 0.000588670431171, 0.000533367041498, 0.000715603702702, 0.000673298665788, 0.000361144921044, 0.00024320546072, 0.000183288386324, 0.000183530049981, 0.000123087360407, 9.36409560381e-05, 9.89384716377e-05, 0.000104255268525, 5.26510521013e-05, 1.03829352156e-05, 8.16878031884e-09],
        "dmean2": [9.11049064598e-05, 0.0225892551243, 0.012762799859, 0.00647493405268, 0.00336823542602, 0.00109714549035, 0.00119165040087, 0.00168280280195, 0.00231941090897, 0.00165125250351, 0.00146531919017, 0.00124631472863, 0.000953091774136, 0.000882896129042, 0.00114940665662, 0.00106229470111, 0.000596166762989, 0.000397741270717, 0.000300869898638, 0.000298022117931, 0.000206109703868, 0.000153080676682, 0.000159381190315, 0.000160889176186, 7.82032511779e-05, 1.58015136549e-05, 1.4422369965e-08],
        "dvar": [4.6926778019e-09, 0.000286924419925, 0.000137978073326, 3.42683269992e-05, 1.28914507513e-05, 2.86660156235e-06, 2.72024999504e-06, 4.44967372459e-06, 6.82065183355e-06, 4.4296912165e-06, 3.52123538505e-06, 2.51377923632e-06, 1.1118349903e-06, 6.42166980924e-07, 1.82651820069e-06, 1.56271778451e-06, 3.27283345314e-07, 1.47311524756e-07, 1.01017391785e-07, 8.51758201748e-08, 5.28109538322e-08, 3.14468131535e-08, 2.99650722013e-08, 4.09795504197e-08, 8.56219095624e-09, 6.48951947735e-10, 3.77468840351e-15],
        "dvar2": [1.29115269587e-08, 0.000783358758781, 0.000395568495151, 9.7698677564e-05, 3.45824264514e-05, 7.13110466677e-06, 7.03318619344e-06, 1.10782530101e-05, 1.70351686393e-05, 1.0415399629e-05, 8.04872706794e-06, 6.07051970292e-06, 2.72118541034e-06, 1.65966207533e-06, 4.49250455858e-06, 3.61572529073e-06, 8.41088933612e-07, 3.60074352557e-07, 2.56753367012e-07, 2.09038873322e-07, 1.42063271369e-07, 8.24229573482e-08, 7.25412760971e-08, 9.0942648967e-08, 1.83569266454e-08, 1.50830337109e-09, 9.81538391146e-15],
        "max": [0.000809332006611, 0.182250767946, 0.150505900383, 0.0689462274313, 0.0547653548419, 0.0656114071608, 0.04326024279, 0.0354121699929, 0.0494184233248, 0.0575857684016, 0.0444728955626, 0.0481174625456, 0.029754716903, 0.0146873956546, 0.032369159162, 0.0225298050791, 0.0143318017945, 0.00857455749065, 0.00739698298275, 0.00563020631671, 0.00757962977514, 0.00313837104477, 0.00310470862314, 0.00571811245754, 0.00182210560888, 0.000481459661387, 2.38654024542e-06],
        "mean": [6.28804191365e-05, 0.0201233867556, 0.010192588903, 0.00485646910965, 0.00295891845599, 0.000903377484065, 0.00112069386523, 0.00152775726747, 0.0023395086173, 0.00163982494269, 0.00149885669816, 0.00129066430964, 0.000975106202532, 0.000950051646214, 0.0012258652132, 0.00130495335907, 0.000667202111799, 0.000502730428707, 0.000366543390555, 0.000393073976738, 0.000241305315285, 0.000179561349796, 0.000212092476431, 0.000242837573751, 0.000122180703329, 1.28515266624e-05, 6.45151709833e-09],
        "median": [3.3691921999e-05, 0.0136826336384, 0.0069704959169, 0.00223184819333, 0.00153576396406, 0.000365829153452, 0.000482698873384, 0.000590477604419, 0.00118049047887, 0.000738921749871, 0.000624678912573, 0.000655244162772, 0.000582864508033, 0.000631030183285, 0.000706174818333, 0.000641521939542, 0.000459184579086, 0.000373431772459, 0.000263007968897, 0.000253609963693, 0.000169967737747, 0.000121404977108, 0.000128730200231, 0.000134635629365, 6.72406968079e-05, 2.63080528384e-06, 9.71051017373e-10],
        "min": [7.71727556334e-24, 2.75248968396e-23, 1.07021343244e-23, 1.36363916026e-23, 2.45378829106e-23, 8.75521882607e-23, 6.61397517462e-23, 1.65539778834e-23, 1.32401025937e-22, 1.19628396005e-22, 2.91433806708e-23, 1.61220058558e-22, 2.34982604786e-22, 1.71828092032e-22, 1.18234119065e-22, 1.20782846608e-22, 2.01601797809e-22, 2.79713416249e-22, 2.01379427386e-22, 2.99490575662e-22, 5.30835938451e-22, 4.28776673874e-22, 6.51223332243e-22, 7.86117840216e-22, 1.18991082222e-21, 1.41136025943e-21, 2.52352428297e-21],
        "var": [6.26521856617e-09, 0.000440159579739, 0.000140214673593, 4.38882343587e-05, 1.80940642167e-05, 3.65368896382e-06, 3.99174223276e-06, 7.62514582675e-06, 1.17019553727e-05, 7.990438462e-06, 6.60579917167e-06, 4.38728466179e-06, 1.69481029388e-06, 1.10841233436e-06, 2.93931816486e-06, 4.41420434072e-06, 4.9144324521e-07, 2.62056204292e-07, 1.55410930347e-07, 1.86839045568e-07, 6.34770884744e-08, 4.00516384502e-08, 6.251625706e-08, 1.14887448888e-07, 2.30359749054e-08, 8.88976947611e-10, 3.2617356268e-15]
    },
    "erbbands": {
        "dmean": [0.205360844731, 3.61766695976, 8.59150695801, 10.5305976868, 7.58482313156, 7.40454816818, 6.67101669312, 4.82146120071, 7.39400911331, 16.5290756226, 23.111410141, 29.5439147949, 32.10962677, 32.532283783, 34.1659202576, 26.7717857361, 25.3946228027, 25.3115062714, 29.3298988342, 36.8594169617, 32.7190933228, 19.7922859192, 13.0400066376, 10.1739454269, 8.40488147736, 8.94403076172, 5.72624731064, 4.63927793503, 3.22759366035, 2.74678444862, 3.0607175827, 2.5437412262, 1.59854400158, 0.762646257877, 0.310919135809, 0.0809244737029, 0.0112539660186, 0.00035782228224, 1.97353110707e-05, 2.34542203543e-05],
        "dmean2": [0.340309262276, 6.09841394424, 15.1400766373, 18.4985713959, 13.2079601288, 12.3959445953, 10.9632663727, 8.06914710999, 12.1086473465, 26.8911933899, 37.5006980896, 47.3650398254, 51.277431488, 51.3638534546, 53.2134666443, 42.4041442871, 40.8221092224, 41.758682251, 47.1883087158, 58.6711044312, 51.2580680847, 32.3854408264, 21.2807197571, 16.5425491333, 13.7903327942, 14.5797653198, 9.58373069763, 7.6747841835, 5.3099899292, 4.44461345673, 4.91669416428, 4.00114202499, 2.48408460617, 1.15780854225, 0.459530740976, 0.120330281556, 0.0174977313727, 0.000530911958776, 2.97769747704e-05, 3.88794069295e-05],
        "dvar": [0.0613131485879, 21.5756931305, 177.771636963, 264.79901123, 182.056716919, 211.908203125, 256.410980225, 140.528823853, 240.324234009, 1613.33581543, 2150.97753906, 3682.00610352, 4064.55908203, 3825.52563477, 4819.12060547, 2815.83959961, 2053.97558594, 1398.32250977, 2271.25292969, 6030.75830078, 3920.22558594, 782.47644043, 435.381530762, 329.2003479, 176.427566528, 238.776367188, 116.784187317, 73.7178497314, 40.1053352356, 27.7718334198, 28.713300705, 27.131313324, 10.3350696564, 1.80617523193, 0.329414367676, 0.0314442105591, 0.00119669456035, 3.7758165945e-06, 1.77700054671e-09, 7.17400250316e-10],
        "dvar2": [0.164036676288, 59.3322181702, 508.59463501, 751.425415039, 518.079956055, 554.268554688, 642.086547852, 343.293060303, 609.695251465, 4123.75390625, 5288.82617188, 9131.48242188, 10001.2910156, 8597.69335938, 11596.8466797, 6381.83544922, 5104.50634766, 3561.03613281, 5466.51367188, 14678.8007812, 8807.21484375, 1994.90625, 1078.41772461, 809.758239746, 446.660461426, 590.465942383, 307.243164062, 192.100448608, 106.973892212, 69.2262115479, 69.5990219116, 62.5360450745, 24.3438453674, 4.00659608841, 0.709254145622, 0.067086674273, 0.00297302682884, 8.38111282064e-06, 3.85268350556e-09, 1.90761717533e-09],
        "max": [2.45836901665, 50.6219367981, 173.425537109, 238.338241577, 194.259475708, 262.868133545, 507.815887451, 300.077575684, 264.848052979, 1238.05480957, 755.178466797, 1492.20166016, 1308.14318848, 1300.31713867, 1732.94763184, 1150.78088379, 1052.69030762, 750.036376953, 1204.56835938, 2146.31762695, 1436.05810547, 632.246948242, 421.157104492, 438.433349609, 299.196380615, 315.178161621, 373.06237793, 248.992675781, 119.114280701, 104.572257996, 95.5876083374, 155.011123657, 119.354110718, 25.3262481689, 11.9862775803, 3.32203507423, 1.00693643093, 0.094922080636, 0.00179614848457, 0.000342794577591],
        "mean": [0.318062067032, 5.4183549881, 12.7754487991, 14.7964286804, 11.0098743439, 10.6918563843, 9.65655994415, 6.80191040039, 11.1209144592, 26.4752082825, 36.217250824, 48.198261261, 56.0070915222, 58.3658485413, 60.7130355835, 48.4701843262, 45.9893074036, 49.7670478821, 56.2039489746, 70.1000518799, 66.5452041626, 40.4335250854, 27.9358272552, 22.0917301178, 18.1774196625, 19.0344333649, 11.3867425919, 9.21798038483, 6.18206167221, 5.4231672287, 6.46981287003, 5.61911058426, 3.68689870834, 1.77103745937, 0.657513260841, 0.132103562355, 0.0124384034425, 0.000451667321613, 5.31470759597e-05, 6.88286527293e-05],
        "median": [0.208478212357, 3.72758841515, 10.0083627701, 9.24069023132, 6.12470722198, 4.64450120926, 3.57897305489, 3.12712574005, 5.48340463638, 10.6605539322, 17.6611022949, 24.5976314545, 28.2138023376, 30.3164997101, 31.0335636139, 26.9219341278, 29.5101528168, 34.0892105103, 36.5538825989, 38.0539970398, 35.2282867432, 28.6176757812, 21.301700592, 16.3845348358, 13.774348259, 11.7778272629, 7.83117580414, 6.21999692917, 4.16276168823, 3.49232888222, 3.75979685783, 3.06683802605, 2.01172232628, 0.980845868587, 0.334807395935, 0.0470596253872, 0.0022170972079, 0.000106949941255, 4.11392102251e-05, 6.42801023787e-05],
        "min": [4.87373261914e-22, 6.79970978632e-21, 1.1736832592e-20, 3.85211872035e-20, 3.03285254605e-20, 8.61191500531e-20, 2.59103573534e-19, 9.24274762662e-19, 8.87495003905e-19, 7.4308095288e-19, 7.56481227104e-19, 2.88993517494e-18, 3.59352487102e-18, 2.70089317891e-18, 2.72787498331e-18, 5.99653211337e-18, 1.1129395023e-17, 8.93594447627e-18, 7.93165787712e-18, 5.20101680185e-18, 6.88199214957e-18, 1.0790251799e-17, 1.5434268751e-17, 1.25796734202e-17, 9.55897691364e-18, 1.34163004353e-17, 1.70462535134e-17, 2.7543296255e-17, 1.43331441176e-17, 1.95816365371e-17, 1.67017079728e-17, 1.32196192196e-17, 1.47003378633e-17, 1.42853032997e-17, 7.98066832841e-18, 5.02472310661e-18, 2.41258289192e-18, 1.17428503632e-18, 3.69882444601e-19, 3.86187977469e-20],
        "var": [0.111719615757, 31.4970855713, 177.895767212, 295.89050293, 218.657455444, 320.674957275, 412.692230225, 177.312210083, 351.464538574, 2455.87451172, 3486.33813477, 6067.78369141, 7394.01464844, 8533.2890625, 8502.60449219, 5428.83349609, 3219.75390625, 2717.86645508, 4414.08349609, 10804.7939453, 11470.4863281, 1541.65869141, 723.607421875, 563.215942383, 292.161376953, 505.604980469, 147.984390259, 100.164283752, 47.6677246094, 42.3562812805, 62.2562065125, 64.9028930664, 25.312587738, 4.82154273987, 0.801507055759, 0.0597438178957, 0.00120452267583, 4.59364946437e-06, 2.74331024563e-09, 1.21447552015e-09]
    },
    "gfcc": {
        "mean": [43.5402374268, 98.4510726929, -134.613296509, 49.8861923218, -55.9857254028, 40.4826660156, -34.5908508301, 20.1507434845, -17.397644043, -5.00717639923, -12.8266477585, -14.9135408401, -2.60082292557],
        "cov": [[2800.9855957, 177.142578125, 178.273025513, 313.885131836, -19.2236003876, 160.727218628, -98.3310699463, 32.9919509888, -22.54139328, 61.8143310547, -30.0090579987, -5.65621137619, -61.7593383789], [177.142578125, 726.445861816, 131.942092896, 175.767822266, 158.046463013, -77.0364379883, 85.3989715576, -114.545021057, 89.8325271606, -47.6169319153, 97.3956604004, -93.6943130493, 34.5247154236], [178.273025513, 131.942092896, 614.988220215, 237.342895508, 103.845252991, 31.6054477692, -44.4902992249, -27.7266368866, -35.5633087158, 72.433013916, -11.3805246353, 29.7845535278, -61.9111747742], [313.885131836, 175.767822266, 237.342895508, 389.479797363, 85.2693634033, -22.9353942871, -18.4060153961, -66.4892272949, 71.2697525024, -13.6104097366, 39.703742981, -63.4244384766, 26.322101593], [-19.2236003876, 158.046463013, 103.845252991, 85.2693634033, 198.984741211, 6.97469520569, 29.6356430054, 2.67139005661, 16.6242904663, 22.8250751495, 0.0277603939176, -6.93748569489, -9.61524677277], [160.727218628, -77.0364379883, 31.6054477692, -22.9353942871, 6.97469520569, 201.178237915, 88.7796936035, 35.5824813843, -29.8316936493, 2.10079956055, 25.5267715454, 14.4194440842, -11.1787500381], [-98.3310699463, 85.3989715576, -44.4902992249, -18.4060153961, 29.6356430054, 88.7796936035, 189.54888916, 28.4996910095, 5.54777097702, -30.0371398926, 37.1140136719, -10.4679899216, -7.64631414413], [32.9919509888, -114.545021057, -27.7266368866, -66.4892272949, 2.67139005661, 35.5824813843, 28.4996910095, 116.109092712, 10.454829216, 22.9578838348, -13.7318401337, 30.1288166046, -19.380821228], [-22.54139328, 89.8325271606, -35.5633087158, 71.2697525024, 16.6242904663, -29.8316936493, 5.54777097702, 10.454829216, 141.754760742, 13.6803293228, 29.7364120483, -34.6213798523, 33.0314674377], [61.8143310547, -47.6169319153, 72.433013916, -13.6104097366, 22.8250751495, 2.10079956055, -30.0371398926, 22.9578838348, 13.6803293228, 116.560585022, 8.23552417755, 40.5619087219, -22.4621295929], [-30.0090579987, 97.3956604004, -11.3805246353, 39.703742981, 0.0277603939176, 25.5267715454, 37.1140136719, -13.7318401337, 29.7364120483, 8.23552417755, 113.890480042, 7.33242797852, 18.6392116547], [-5.65621137619, -93.6943130493, 29.7845535278, -63.4244384766, -6.93748569489, 14.4194440842, -10.4679899216, 30.1288166046, -34.6213798523, 40.5619087219, 7.33242797852, 110.876312256, 5.20033979416], [-61.7593383789, 34.5247154236, -61.9111747742, 26.322101593, -9.61524677277, -11.1787500381, -7.64631414413, -19.380821228, 33.0314674377, -22.4621295929, 18.6392116547, 5.20033979416, 99.3585968018]],
        "icov": [[0.0010086549446, -0.00193531392142, 0.00145795335993, -0.00247743539512, 0.00183565868065, -0.00253474363126, 0.00195031950716, -0.00193523208145, 0.0012748928275, -0.00145381211769, 0.00226507429034, -0.00152527110185, 0.00143170077354], [-0.00193531392142, 0.00770187564194, -0.00449175853282, 0.00627676863223, -0.00627708528191, 0.00728307431564, -0.0058913314715, 0.00662368489429, -0.00412272429094, 0.00442947633564, -0.00761331757531, 0.00528310332447, -0.00376659655012], [0.00145795335993, -0.00449175853282, 0.00620206352323, -0.00685363216326, 0.00325782154687, -0.00552102131769, 0.00419640354812, -0.00347685511224, 0.0035931377206, -0.00425846967846, 0.00563117535785, -0.0049501224421, 0.00453154603019], [-0.00247743539512, 0.00627676863223, -0.00685363216326, 0.0125685352832, -0.00682497303933, 0.00737257767469, -0.00499047292396, 0.00715709384531, -0.00609948905185, 0.00587020954117, -0.00863612536341, 0.00718546984717, -0.00554129108787], [0.00183565868065, -0.00627708528191, 0.00325782154687, -0.00682497303933, 0.0115579925478, -0.00581349106506, 0.0031829639338, -0.00586125953123, 0.00345282955095, -0.00538712320849, 0.00734735699371, -0.00420466251671, 0.00320226536132], [-0.00253474363126, 0.00728307431564, -0.00552102131769, 0.00737257767469, -0.00581349106506, 0.0151772126555, -0.00947607774287, 0.00448063248768, -0.00193394394591, 0.00387412123382, -0.00909003615379, 0.00610466580838, -0.00530535494909], [0.00195031950716, -0.0058913314715, 0.00419640354812, -0.00499047292396, 0.0031829639338, -0.00947607774287, 0.0135080683976, -0.00660891691223, 0.00247118528932, -0.000585408415645, 0.00349683035165, -0.00382775836624, 0.00477902311832], [-0.00193523208145, 0.00662368489429, -0.00347685511224, 0.00715709384531, -0.00586125953123, 0.00448063248768, -0.00660891691223, 0.0187401417643, -0.00776816019788, 0.00331775192171, -0.00377312419005, 0.000492985767778, -0.000468682788778], [0.0012748928275, -0.00412272429094, 0.0035931377206, -0.00609948905185, 0.00345282955095, -0.00193394394591, 0.00247118528932, -0.00776816019788, 0.014688687399, -0.00669471174479, 0.00188572902698, 0.00194252294023, -0.0019808516372], [-0.00145381211769, 0.00442947633564, -0.00425846967846, 0.00587020954117, -0.00538712320849, 0.00387412123382, -0.000585408415645, 0.00331775192171, -0.00669471174479, 0.0166310928762, -0.00646833283827, -0.00142718816642, 0.00113880704157], [0.00226507429034, -0.00761331757531, 0.00563117535785, -0.00863612536341, 0.00734735699371, -0.00909003615379, 0.00349683035165, -0.00377312419005, 0.00188572902698, -0.00646833283827, 0.0198064912111, -0.00830176472664, 0.00370121467859], [-0.00152527110185, 0.00528310332447, -0.0049501224421, 0.00718546984717, -0.00420466251671, 0.00610466580838, -0.00382775836624, 0.000492985767778, 0.00194252294023, -0.00142718816642, -0.00830176472664, 0.0193516053259, -0.00811425223947], [0.00143170077354, -0.00376659655012, 0.00453154603019, -0.00554129108787, 0.00320226536132, -0.00530535494909, 0.00477902311832, -0.000468682788778, -0.0019808516372, 0.00113880704157, 0.00370121467859, -0.00811425223947, 0.0171906091273]]
    },
    "melbands": {
        "dmean": [0.00286427862011, 0.00457902718335, 0.00168752751779, 0.000491648563184, 0.000252043973887, 0.00011211232777, 0.000121091288747, 0.000193268628209, 0.000193196086911, 0.000198234251002, 0.000165230288985, 0.000137126015034, 0.000125703212689, 8.86855632416e-05, 7.05879210727e-05, 5.52057608729e-05, 5.01466383867e-05, 4.85410819238e-05, 5.28209711774e-05, 4.92936414958e-05, 3.93946575059e-05, 2.39803612203e-05, 1.45519970829e-05, 1.20829963635e-05, 8.78820083017e-06, 7.30347028366e-06, 6.46818079986e-06, 6.40995313006e-06, 4.29642705058e-06, 2.82175756183e-06, 2.92623190035e-06, 2.04248067348e-06, 1.75430295712e-06, 1.48887784235e-06, 1.73731405084e-06, 1.96291875909e-06, 1.6813764887e-06, 1.18925549941e-06, 1.05107244508e-06, 6.06640185197e-07],
        "dmean2": [0.00473544513807, 0.00799196027219, 0.00295640900731, 0.000833427300677, 0.000412897468777, 0.000187127996469, 0.000198801339138, 0.000315321871312, 0.000313179683872, 0.000318493548548, 0.000263666763203, 0.000217283071834, 0.00019711915229, 0.000140978489071, 0.00011394709145, 8.91130766831e-05, 8.33713565953e-05, 7.85217343946e-05, 8.41623623273e-05, 7.86033488112e-05, 6.24766180408e-05, 3.94376038457e-05, 2.43388094532e-05, 1.96033615794e-05, 1.43904353536e-05, 1.21136636153e-05, 1.06650286398e-05, 1.05458366306e-05, 7.18442925063e-06, 4.78660331282e-06, 4.83054600409e-06, 3.41332497555e-06, 2.8820584248e-06, 2.43504973696e-06, 2.80775611827e-06, 3.18825777867e-06, 2.64046707343e-06, 1.872394364e-06, 1.66469487795e-06, 9.32386285513e-07],
        "dvar": [1.22206074593e-05, 4.26979422627e-05, 6.57592545394e-06, 8.27285703053e-07, 2.77638974922e-07, 7.42287937783e-08, 6.35843520058e-08, 1.87858617551e-07, 1.42849174267e-07, 1.52550825305e-07, 1.08251413167e-07, 7.17107795367e-08, 6.01978626946e-08, 3.93462222803e-08, 2.08136246016e-08, 8.28071922143e-09, 5.99652993927e-09, 6.15562800732e-09, 1.23874297486e-08, 1.02467616614e-08, 6.85970791281e-09, 1.23406995733e-09, 5.03808661456e-10, 4.05364491973e-10, 2.59330668051e-10, 1.69637359715e-10, 8.90652343544e-11, 1.30537206045e-10, 6.50749801268e-11, 2.65714082681e-11, 2.79105662193e-11, 1.65245872541e-11, 1.10984320692e-11, 8.19727792589e-12, 9.71869026228e-12, 1.22837530078e-11, 1.30667820314e-11, 5.40657492734e-12, 4.34173747302e-12, 1.15067699293e-12],
        "dvar2": [3.23420790664e-05, 0.000121436554764, 1.86827255675e-05, 2.2413323677e-06, 6.99891870681e-07, 1.81974044722e-07, 1.62240198165e-07, 4.76004004213e-07, 3.47565247694e-07, 3.80391327326e-07, 2.6527072805e-07, 1.62810266602e-07, 1.42306831208e-07, 9.56317194323e-08, 5.09013631245e-08, 1.94065012948e-08, 1.5340717141e-08, 1.50595838022e-08, 3.02138758457e-08, 2.42647040238e-08, 1.56901851511e-08, 3.10507530799e-09, 1.35762523445e-09, 9.77686376302e-10, 6.52582377025e-10, 4.32679364559e-10, 2.24876242627e-10, 3.2674815631e-10, 1.6843165751e-10, 7.25115245626e-11, 7.15449019473e-11, 4.4667519683e-11, 2.91040282152e-11, 2.06629453131e-11, 2.38479271053e-11, 2.98785926556e-11, 3.00846500489e-11, 1.25244033894e-11, 1.03479733463e-11, 2.63971678717e-12],
        "max": [0.0353922024369, 0.0795786976814, 0.0335562862456, 0.0148847494274, 0.0136966556311, 0.00835037790239, 0.00480212131515, 0.0116010867059, 0.0059834648855, 0.00876718573272, 0.0066557014361, 0.0060610207729, 0.00528113590553, 0.00656570028514, 0.00406534457579, 0.00240751937963, 0.00170844478998, 0.00176447606646, 0.00271700904705, 0.00211430387571, 0.00223181978799, 0.000683246820699, 0.000524808827322, 0.000490844249725, 0.000382198515581, 0.000326115521602, 0.000210649595829, 0.000251285382546, 0.000271233293461, 0.000137445385917, 0.000141337499372, 7.3814400821e-05, 5.20472713106e-05, 6.63241007715e-05, 5.88946895732e-05, 0.000105307393824, 0.000130832762807, 7.20294920029e-05, 6.63186438032e-05, 1.9935579985e-05],
        "mean": [0.00446160044521, 0.00719901220873, 0.00251339073293, 0.000737135997042, 0.000374497729354, 0.000156414418598, 0.000185055003385, 0.000306826230371, 0.000298688042676, 0.000318515230902, 0.000279950385448, 0.000234497507336, 0.000212911501876, 0.000148576800711, 0.000113861227874, 9.65739454841e-05, 9.04969492694e-05, 8.51769218571e-05, 9.17390570976e-05, 9.15122800507e-05, 7.3238472396e-05, 4.34329886048e-05, 2.73261648545e-05, 2.3593313017e-05, 1.71900173882e-05, 1.38314653668e-05, 1.29031523102e-05, 1.25343076434e-05, 7.70332098909e-06, 5.23617791259e-06, 5.42837506146e-06, 3.589372227e-06, 3.13018676934e-06, 2.79887262877e-06, 3.46800788975e-06, 3.9457722778e-06, 3.39375469594e-06, 2.59430271399e-06, 2.20264473683e-06, 1.28710564695e-06],
        "median": [0.00302556972019, 0.00598694384098, 0.00164360192139, 0.00039963866584, 0.000151753949467, 6.95045018801e-05, 8.97502686712e-05, 0.000122107259813, 0.000145872239955, 0.000156232577865, 0.000133530673338, 0.000113196285383, 0.000100626282801, 7.12290566298e-05, 5.96806494286e-05, 5.92733231315e-05, 5.78345971007e-05, 5.16895488545e-05, 5.20156463608e-05, 4.52164131275e-05, 3.7289912143e-05, 2.85609457933e-05, 1.93010364455e-05, 1.6629415768e-05, 1.2028400306e-05, 9.65597337199e-06, 8.77306229086e-06, 7.27103451936e-06, 4.87493980472e-06, 3.61939623872e-06, 3.48926687366e-06, 2.32676234191e-06, 2.04036382456e-06, 1.71826457063e-06, 2.0025320282e-06, 2.11919837056e-06, 1.72493912487e-06, 1.40491761158e-06, 1.11878466669e-06, 7.13152303433e-07],
        "min": [6.87658334121e-24, 8.41008239816e-24, 6.42253354239e-24, 3.0326925253e-24, 8.40177884827e-24, 1.88667713293e-23, 1.54111235355e-23, 6.86337780965e-24, 6.70591328436e-24, 2.0410509012e-23, 1.82350925372e-23, 1.18443252402e-23, 6.64268687167e-24, 1.15098292837e-23, 2.03540202603e-23, 2.8852164779e-23, 1.48595867005e-23, 1.41325204254e-23, 8.28145783871e-24, 6.72916653727e-24, 8.31026782783e-24, 8.87406198362e-24, 1.75692623788e-23, 1.20647526986e-23, 1.00332536408e-23, 7.43846214272e-24, 6.04624334073e-24, 9.80403748301e-24, 1.05896790469e-23, 1.2200551948e-23, 1.79376225562e-23, 7.60663387708e-24, 7.63984571005e-24, 1.23962123295e-23, 9.78424732948e-24, 8.47949269149e-24, 7.94650513177e-24, 1.02845673703e-23, 1.03805567541e-23, 1.28045582884e-23],
        "var": [2.13600887946e-05, 4.69265032734e-05, 7.69847247284e-06, 1.09245422664e-06, 4.65136963612e-07, 9.46500762211e-08, 9.44418516724e-08, 3.0006367524e-07, 2.30435091453e-07, 2.54198567973e-07, 1.96342085701e-07, 1.52751596261e-07, 1.09987389862e-07, 6.74853239957e-08, 3.43207560149e-08, 1.52478758508e-08, 1.08357447459e-08, 1.15687024405e-08, 1.94557774336e-08, 2.31309158494e-08, 1.77092260856e-08, 2.2201580574e-09, 7.43344552578e-10, 6.91224077976e-10, 4.17910928086e-10, 2.50439696758e-10, 1.75928244195e-10, 2.65284294532e-10, 8.44412248457e-11, 3.12965660332e-11, 3.95712629331e-11, 1.82019312817e-11, 1.44885188916e-11, 1.23923631773e-11, 1.91117070086e-11, 2.71579720518e-11, 2.92724525175e-11, 1.3707760621e-11, 9.71232556185e-12, 2.59858042202e-12]
    },
    "mfcc": {
        "mean": [-584.398132324, 109.716400146, -4.42401599884, 14.740477562, 14.3581256866, 12.1422777176, 9.83201217651, 13.3150234222, 10.6137504578, 10.8937568665, -0.859539449215, 2.33803725243, -2.0142724514],
        "cov": [[1534.89794922, -100.903610229, 180.467575073, 113.682678223, 111.768943787, 115.181465149, 19.8031692505, 22.7316265106, -0.902920603752, 69.4535903931, 5.78746461868, 38.8454971313, 9.29216861725], [-100.903610229, 585.603271484, 13.8034391403, 135.38494873, 59.0492095947, 53.8786964417, 41.3919525146, -8.33944225311, -2.84648060799, -10.3942680359, 41.2723121643, 28.295665741, 8.27185916901], [180.467575073, 13.8034391403, 491.106231689, 193.25958252, 117.263587952, 100.115615845, 20.177816391, -21.4970169067, -36.0631141663, 17.6567306519, -18.9867286682, 46.8978462219, 1.72671329975], [113.682678223, 135.38494873, 193.25958252, 387.774261475, 152.111480713, 55.7159423828, -46.3429374695, -49.2236442566, -6.94312238693, 45.801990509, -36.5685844421, 21.9218788147, 25.9299182892], [111.768943787, 59.0492095947, 117.263587952, 152.111480713, 193.255233765, 42.8202857971, -23.7365550995, -34.690448761, 3.88951611519, 33.5391921997, -15.5048360825, 9.56755638123, 18.8022327423], [115.181465149, 53.8786964417, 100.115615845, 55.7159423828, 42.8202857971, 143.378326416, 66.4785614014, 10.9612808228, 1.72445988655, 18.2394218445, 6.07679605484, 18.685585022, -7.10836458206], [19.8031692505, 41.3919525146, 20.177816391, -46.3429374695, -23.7365550995, 66.4785614014, 176.289321899, 72.9127426147, -6.16553783417, -17.1209754944, 42.1923179626, 8.29792308807, -19.5913448334], [22.7316265106, -8.33944225311, -21.4970169067, -49.2236442566, -34.690448761, 10.9612808228, 72.9127426147, 123.479621887, 23.2329521179, 0.884005784988, 21.2636127472, 1.14066302776, -3.16479563713], [-0.902920603752, -2.84648060799, -36.0631141663, -6.94312238693, 3.88951611519, 1.72445988655, -6.16553783417, 23.2329521179, 87.3169555664, 29.3872280121, -6.41940689087, -2.44954895973, 8.39580917358], [69.4535903931, -10.3942680359, 17.6567306519, 45.801990509, 33.5391921997, 18.2394218445, -17.1209754944, 0.884005784988, 29.3872280121, 102.549293518, 7.60500717163, 9.54191303253, 3.82698869705], [5.78746461868, 41.2723121643, -18.9867286682, -36.5685844421, -15.5048360825, 6.07679605484, 42.1923179626, 21.2636127472, -6.41940689087, 7.60500717163, 110.873466492, 31.1947174072, -4.5579199791], [38.8454971313, 28.295665741, 46.8978462219, 21.9218788147, 9.56755638123, 18.685585022, 8.29792308807, 1.14066302776, -2.44954895973, 9.54191303253, 31.1947174072, 75.2655410767, 28.3719959259], [9.29216861725, 8.27185916901, 1.72671329975, 25.9299182892, 18.8022327423, -7.10836458206, -19.5913448334, -3.16479563713, 8.39580917358, 3.82698869705, -4.5579199791, 28.3719959259, 79.9791107178]],
