{
"lowlevel": {
    "average_loudness": 0.938493192196,
    "barkbands_crest": {
        "dmean": 2.99636411667,
        "dmean2": 4.90040206909,
        "dvar": 6.65185451508,
        "dvar2": 17.9002094269,
        "max": 25.1115512848,
        "mean": 10.3544559479,
        "median": 9.61482620239,
        "min": 2.64374184608,
        "var": 16.0493679047
    },
    "barkbands_flatness_db": {
        "dmean": 0.0210968386382,
        "dmean2": 0.0331609137356,
        "dvar": 0.000361203798093,
        "dvar2": 0.000875698635355,
        "max": 0.355830550194,
        "mean": 0.120370984077,
        "median": 0.115410581231,
        "min": 0.0221287738532,
        "var": 0.00166757707484
    },
    "barkbands_kurtosis": {
        "dmean": 2.67111635208,
        "dmean2": 4.25018644333,
        "dvar": 21.4389400482,
        "dvar2": 54.1029968262,
        "max": 115.210968018,
        "mean": 4.06667423248,
        "median": 1.69178628922,
        "min": -1.94207143784,
        "var": 52.7429122925
    },
    "barkbands_skewness": {
        "dmean": 0.523495674133,
        "dmean2": 0.808086574078,
        "dvar": 0.30518835783,
        "dvar2": 0.707768142223,
        "max": 8.86427307129,
        "mean": 1.4745490551,
        "median": 1.27846419811,
        "min": -1.97596561909,
        "var": 1.45889937878
    },
    "barkbands_spread": {
        "dmean": 6.0057888031,
        "dmean2": 9.3475227356,
        "dvar": 62.1580467224,
        "dvar2": 132.626434326,
        "max": 110.935501099,
        "mean": 23.2430171967,
        "median": 21.0214920044,
        "min": 0.861323416233,
        "var": 186.161422729
    },
    "dissonance": {
        "dmean": 0.020333006978,
        "dmean2": 0.0344281196594,
        "dvar": 0.000375493051251,
        "dvar2": 0.00105352711398,
        "max": 0.5,
        "mean": 0.461579591036,
        "median": 0.468008697033,
        "min": 0.297613441944,
        "var": 0.000781365088187
    },
    "dynamic_complexity": 2.54940056801,
    "erbbands_crest": {
        "dmean": 2.72035908699,
        "dmean2": 4.37697935104,
        "dvar": 6.72831392288,
        "dvar2": 16.3627300262,
        "max": 29.7620201111,
        "mean": 9.56211853027,
        "median": 8.44524478912,
        "min": 2.19598698616,
        "var": 22.6903152466
    },
    "erbbands_flatness_db": {
        "dmean": 0.0169660709798,
        "dmean2": 0.0251821912825,
        "dvar": 0.000274127989542,
        "dvar2": 0.000551259960048,
        "max": 0.32739046216,
        "mean": 0.143577799201,
        "median": 0.140588134527,
        "min": 0.0466977097094,
        "var": 0.00205856678076
    },
    "erbbands_kurtosis": {
        "dmean": 0.907279372215,
        "dmean2": 1.42590665817,
        "dvar": 1.58450686932,
        "dvar2": 3.84144496918,
        "max": 22.4899845123,
        "mean": 0.739412367344,
        "median": 0.0673158168793,
        "min": -1.77303409576,
        "var": 4.58368349075
    },
    "erbbands_skewness": {
        "dmean": 0.347617954016,
        "dmean2": 0.521886467934,
        "dvar": 0.112565077841,
        "dvar2": 0.244634672999,
        "max": 4.03728246689,
        "mean": 0.461404919624,
        "median": 0.493206322193,
        "min": -3.22456169128,
        "var": 0.576984226704
    },
    "erbbands_spread": {
        "dmean": 7.87622261047,
        "dmean2": 11.8423290253,
        "dvar": 81.3163375854,
        "dvar2": 179.685913086,
        "max": 131.689880371,
        "mean": 38.5707473755,
        "median": 35.19713974,
        "min": 4.1836104393,
        "var": 395.397583008
    },
    "hfc": {
        "dmean": 6.63302278519,
        "dmean2": 9.68746089935,
        "dvar": 75.5460357666,
        "dvar2": 159.434570312,
        "max": 142.933944702,
        "mean": 24.122549057,
        "median": 18.7100124359,
        "min": 1.09410187006e-16,
        "var": 350.738098145
    },
    "melbands_crest": {
        "dmean": 3.61598157883,
        "dmean2": 5.90308237076,
        "dvar": 9.48236846924,
        "dvar2": 25.4253959656,
        "max": 33.31823349,
        "mean": 13.9892835617,
        "median": 13.3059654236,
        "min": 2.44100904465,
        "var": 24.7168045044
    },
    "melbands_flatness_db": {
        "dmean": 0.0252813883126,
        "dmean2": 0.0394632034004,
        "dvar": 0.000553074351046,
        "dvar2": 0.00129781442229,
        "max": 0.482700973749,
        "mean": 0.190079569817,
        "median": 0.179210990667,
        "min": 0.00766777526587,
        "var": 0.00299999956042
    },
    "melbands_kurtosis": {
        "dmean": 6.96865081787,
        "dmean2": 10.9148378372,
        "dvar": 137.590301514,
        "dvar2": 334.995910645,
        "max": 205.876464844,
        "mean": 13.272974968,
        "median": 6.48683071136,
        "min": -1.76532554626,
        "var": 354.182098389
    },
    "melbands_skewness": {
        "dmean": 0.740640759468,
        "dmean2": 1.13350427151,
        "dvar": 0.599135637283,
        "dvar2": 1.39292740822,
        "max": 12.7128210068,
        "mean": 2.48183035851,
        "median": 2.15642094612,
        "min": -1.22951030731,
        "var": 3.10878872871
    },
    "melbands_spread": {
        "dmean": 6.6404042244,
        "dmean2": 10.3854465485,
        "dvar": 89.3082809448,
        "dvar2": 196.136413574,
        "max": 186.546127319,
        "mean": 24.1626338959,
        "median": 21.4741668701,
        "min": 0.700578212738,
        "var": 267.152008057
    },
    "pitch_salience": {
        "dmean": 0.0789333060384,
        "dmean2": 0.127084627748,
        "dvar": 0.00472352374345,
        "dvar2": 0.0120971063152,
        "max": 0.927248418331,
        "mean": 0.542019724846,
        "median": 0.542904734612,
        "min": 0.129900678992,
        "var": 0.0128519786522
    },
    "silence_rate_20dB": {
        "dmean": 0,
        "dmean2": 0,
        "dvar": 0,
        "dvar2": 0,
        "max": 1,
        "mean": 1,
        "median": 1,
        "min": 1,
        "var": 0
    },
    "silence_rate_30dB": {
        "dmean": 0,
        "dmean2": 0,
        "dvar": 0,
        "dvar2": 0,
        "max": 1,
        "mean": 1,
        "median": 1,
        "min": 1,
        "var": 0
    },
    "silence_rate_60dB": {
        "dmean": 0.000761421339121,
        "dmean2": 0.00152303592768,
        "dvar": 0.000760802417062,
        "dvar2": 0.00177437940147,
        "max": 1,
        "mean": 0.00875523407012,
        "median": 0,
        "min": 0,
        "var": 0.00867822673172
    },
    "spectral_centroid": {
        "dmean": 231.195556641,
        "dmean2": 347.262207031,
        "dvar": 89513.0625,
        "dvar2": 173248.125,
        "max": 10937.1533203,
        "mean": 1362.38830566,
        "median": 1323.14538574,
        "min": 196.476486206,
        "var": 347818.6875
    },
    "spectral_complexity": {
        "dmean": 2.92842650414,
        "dmean2": 4.65541315079,
        "dvar": 7.88546133041,
        "dvar2": 17.4875907898,
        "max": 48,
        "mean": 17.6400203705,
        "median": 18,
        "min": 0,
        "var": 45.5082015991
    },
    "spectral_decrease": {
        "dmean": 2.3337551891e-09,
        "dmean2": 3.61762242385e-09,
        "dvar": 6.70111670093e-18,
        "dvar2": 1.48330126705e-17,
        "max": -6.32581981922e-29,
        "mean": -7.11890413285e-09,
        "median": -6.37066266407e-09,
        "min": -3.10119965263e-08,
        "var": 1.90737228256e-17
    },
    "spectral_energy": {
        "dmean": 0.00918324291706,
        "dmean2": 0.0141821531579,
        "dvar": 0.000102096797491,
        "dvar2": 0.000224076691666,
        "max": 0.123266048729,
        "mean": 0.0290563870221,
        "median": 0.0260598771274,
        "min": 1.02395371324e-20,
        "var": 0.000308280054014
    },
    "spectral_energyband_high": {
        "dmean": 0.00040906664799,
        "dmean2": 0.000591105083004,
        "dvar": 5.70972019887e-07,
        "dvar2": 1.20167317164e-06,
        "max": 0.0174917131662,
        "mean": 0.000948373868596,
        "median": 0.000564200046938,
        "min": 7.24362950986e-21,
        "var": 1.48174194692e-06
    },
    "spectral_energyband_low": {
        "dmean": 0.0062286159955,
        "dmean2": 0.0099034756422,
        "dvar": 6.66483902023e-05,
        "dvar2": 0.000150671476149,
        "max": 0.0730746537447,
        "mean": 0.0106683121994,
        "median": 0.00662998249754,
        "min": 8.83451259991e-23,
        "var": 0.000134915229864
    },
    "spectral_energyband_middle_high": {
        "dmean": 0.00243517709896,
        "dmean2": 0.00354595249519,
        "dvar": 1.58988787007e-05,
        "dvar2": 3.39183789038e-05,
        "max": 0.0693442821503,
        "mean": 0.00804349500686,
        "median": 0.00384288933128,
        "min": 1.24357042841e-21,
        "var": 8.9757675596e-05
    },
    "spectral_energyband_middle_low": {
        "dmean": 0.00483143236488,
        "dmean2": 0.00775782298297,
        "dvar": 5.00093701703e-05,
        "dvar2": 0.000130379747134,
        "max": 0.0978945940733,
        "mean": 0.0106118218973,
        "median": 0.00803286861628,
        "min": 3.36387405112e-22,
        "var": 8.00014167908e-05
    },
    "spectral_entropy": {
        "dmean": 0.145809784532,
        "dmean2": 0.219318166375,
        "dvar": 0.0213924944401,
        "dvar2": 0.0475420020521,
        "max": 9.81346225739,
        "mean": 7.65620231628,
        "median": 7.66383171082,
        "min": 6.16364336014,
        "var": 0.122663587332
    },
    "spectral_flux": {
        "dmean": 0.0258237048984,
        "dmean2": 0.0405002050102,
        "dvar": 0.000676533207297,
        "dvar2": 0.00144049222581,
        "max": 0.331772595644,
        "mean": 0.0962310507894,
        "median": 0.0860795080662,
        "min": 1.03351840974e-10,
        "var": 0.00209769653156
    },
    "spectral_kurtosis": {
        "dmean": 0.990399003029,
        "dmean2": 1.61679804325,
        "dvar": 1.1593272686,
        "dvar2": 3.1613099575,
        "max": 25.0212841034,
        "mean": 4.03085756302,
        "median": 3.66491937637,
        "min": -1.29467761517,
        "var": 5.0711312294
    },
    "spectral_rms": {
        "dmean": 0.000824417162221,
        "dmean2": 0.00126303720754,
        "dvar": 6.60138255171e-07,
        "dvar2": 1.39867995586e-06,
        "max": 0.0109662916511,
        "mean": 0.00506674917415,
        "median": 0.00504224840552,
        "min": 3.16066313746e-12,
        "var": 2.67586892733e-06
    },
    "spectral_rolloff": {
        "dmean": 469.855621338,
        "dmean2": 795.036193848,
        "dvar": 980862.625,
        "dvar2": 2158386.5,
        "max": 18432.421875,
        "mean": 1405.62805176,
        "median": 1141.25976562,
        "min": 64.599609375,
        "var": 1786145.5
    },
    "spectral_skewness": {
        "dmean": 0.153775274754,
        "dmean2": 0.240731537342,
        "dvar": 0.0235014017671,
        "dvar2": 0.051476482302,
        "max": 3.50987124443,
        "mean": 1.59824061394,
        "median": 1.60063445568,
        "min": -0.0632687136531,
        "var": 0.128421336412
    },
    "spectral_spread": {
        "dmean": 590589.3125,
        "dmean2": 853897.0625,
        "dvar": 827734753280,
        "dvar2": 1.3561209815e+12,
        "max": 41963800,
        "mean": 5337794.5,
        "median": 5099406.5,
        "min": 1590470.25,
        "var": 3.35714530099e+12
    },
    "spectral_strongpeak": {
        "dmean": 0.725461304188,
        "dmean2": 1.21277427673,
        "dvar": 1.48203265667,
        "dvar2": 3.53459382057,
        "max": 15.0829572678,
        "mean": 1.34520423412,
        "median": 0.541249930859,
        "min": 0,
        "var": 3.33024764061
    },
    "zerocrossingrate": {
        "dmean": 0.0109954364598,
        "dmean2": 0.013441151008,
        "dvar": 0.00019468217215,
        "dvar2": 0.000247579097049,
        "max": 0.65380859375,
        "mean": 0.0647664368153,
        "median": 0.06201171875,
        "min": 0.0029296875,
        "var": 0.00110597012099
    },
    "barkbands": {
        "dmean": [0.000340239843354, 0.00463558081537, 0.00242823106237, 0.00190187292174, 0.0014833699679, 0.0011594715761, 0.000665821775328, 0.000507566903252, 0.00106172217056, 0.00102471327409, 0.000823559996206, 0.000600700383075, 0.000439161900431, 0.000345433480106, 0.000360593840014, 0.000363451108569, 0.000245892180828, 0.000214762752876, 0.000154051347636, 0.000142690987559, 5.67583556403e-05, 7.29607563699e-05, 7.6809526945e-05, 8.58440471347e-05, 7.98976107035e-05, 5.25604773429e-05, 1.34510783028e-05],
        "dmean2": [0.000545052345842, 0.00741074746475, 0.00423500826582, 0.0033552206587, 0.00245354138315, 0.00175261497498, 0.00102860713378, 0.000811549311038, 0.0016433816636, 0.00158033007756, 0.00122465624008, 0.000898995902389, 0.000685593229719, 0.000544074631762, 0.000556462269742, 0.000554745551199, 0.000376303913072, 0.000335839402396, 0.000239862129092, 0.00021680892678, 8.75070691109e-05, 0.000111310524517, 0.000117506424431, 0.000130113388877, 0.000119502736197, 7.81135167927e-05, 2.15070504055e-05],
        "dvar": [4.44808620159e-07, 3.98852062062e-05, 2.40528788709e-05, 1.8274093236e-05, 8.67657672643e-06, 6.16637362327e-06, 2.30201726481e-06, 1.70055636772e-06, 6.07307265454e-06, 7.57599809731e-06, 4.81422603116e-06, 2.83676899926e-06, 1.45234344018e-06, 6.64603419409e-07, 1.32898776428e-06, 1.69484405887e-06, 6.54661050703e-07, 2.94462012107e-07, 1.52913614215e-07, 1.17544274758e-07, 1.68670108991e-08, 3.75312367851e-08, 3.39495009882e-08, 4.80330513142e-08, 2.89936732401e-08, 1.15460991879e-08, 1.01087260784e-09],
        "dvar2": [1.11621716314e-06, 0.000104414270027, 6.70951412758e-05, 5.10624813614e-05, 2.19960711547e-05, 1.43602774187e-05, 5.32477042725e-06, 4.13085945183e-06, 1.40805077535e-05, 1.72555410245e-05, 9.7867259683e-06, 5.6909734667e-06, 3.40338851856e-06, 1.54165854838e-06, 3.05032563119e-06, 3.72217527911e-06, 1.31551496452e-06, 6.73228669257e-07, 3.39959711937e-07, 2.44194609422e-07, 3.80917271059e-08, 9.02923957824e-08, 7.38923020549e-08, 9.62408464034e-08, 6.44777813363e-08, 2.68835673722e-08, 2.571629798e-09],
        "max": [0.00906570442021, 0.0615647286177, 0.0447730943561, 0.0460646674037, 0.0614791661501, 0.0500620529056, 0.0308726709336, 0.0363983251154, 0.0524135939777, 0.0636478438973, 0.0375523343682, 0.046784132719, 0.0275329556316, 0.0144587345421, 0.0287138801068, 0.0394656434655, 0.0290264952928, 0.0141814844683, 0.016929840669, 0.0131870713085, 0.00316508160904, 0.00499424850568, 0.00448658131063, 0.00737404963002, 0.00421046419069, 0.00169951235875, 0.000312121934257],
        "mean": [0.000512284284923, 0.00671234121546, 0.00254722405225, 0.00185003411025, 0.00243299943395, 0.0020874668844, 0.00109556771349, 0.000775560736656, 0.00181506795343, 0.0018575664144, 0.00146992178634, 0.00112322531641, 0.000765927543398, 0.000584713940043, 0.000541280780453, 0.000580088526476, 0.000459739385406, 0.000417360570282, 0.000319525890518, 0.000322454812704, 0.000112647248898, 0.000147168073454, 0.00014098356769, 0.000166322206496, 0.000139500582009, 6.70179870212e-05, 1.24381849673e-05],
        "median": [5.69018520764e-05, 0.00354460859671, 0.00101340655237, 0.000559201347642, 0.00101224018726, 0.000927303917706, 0.000438562885392, 0.000327978690621, 0.0006486173952, 0.000377109477995, 0.000279548898106, 0.000248981814366, 0.000189888451132, 0.000167734848219, 0.000157147660502, 0.000160330775543, 0.000136339527671, 0.000165581383044, 0.000126264509163, 0.000120558222989, 6.27160043223e-05, 6.06004578003e-05, 6.89578009769e-05, 8.22513102321e-05, 6.25236061751e-05, 1.83343017852e-05, 1.46993193084e-06],
        "min": [4.49726012749e-24, 5.12692756098e-23, 7.15828320388e-24, 5.99213497681e-24, 7.49705005329e-24, 3.10882509683e-23, 8.51405584319e-23, 2.40289540308e-23, 9.35660346618e-23, 2.34371616238e-23, 1.94946683223e-23, 1.08023772462e-22, 3.77894160989e-23, 8.46127663101e-23, 5.75553042667e-23, 7.42103857191e-23, 1.20880564386e-22, 1.42841568463e-22, 2.67639022881e-22, 3.2795444417e-22, 3.04606761461e-22, 4.71693584882e-22, 5.71133932228e-22, 8.172830209e-22, 1.0563266059e-21, 1.73500568028e-21, 2.03092388986e-21],
        "var": [8.65880110723e-07, 6.66106134304e-05, 2.02110313694e-05, 1.41482705658e-05, 1.65044584719e-05, 1.14073563964e-05, 4.63186142952e-06, 2.90631578537e-06, 1.3964048776e-05, 1.98144771275e-05, 1.45139056258e-05, 8.70354870131e-06, 3.39519283443e-06, 1.69089287283e-06, 2.11182418752e-06, 3.5166865473e-06, 2.03736135518e-06, 7.17074158274e-07, 4.24723850756e-07, 4.3223806756e-07, 3.3752524331e-08, 7.47699999692e-08, 6.82103333816e-08, 1.09330535736e-07, 6.43115356525e-08, 1.47343497403e-08, 8.94728624523e-10]
    },
    "erbbands": {
        "dmean": [0.141931906343, 1.06562268734, 2.5072760582, 4.52964496613, 5.58612060547, 4.85039234161, 8.18857479095, 9.89630699158, 9.73341941833, 8.56154537201, 12.8333854675, 23.4894618988, 31.1840744019, 30.3746128082, 25.1109867096, 21.3333816528, 18.4960803986, 15.0164146423, 16.603559494, 20.4288234711, 15.2568693161, 13.8046798706, 11.1062440872, 10.2659349442, 5.34359884262, 6.78498792648, 2.72284245491, 2.49311280251, 2.26607918739, 2.63869452477, 2.30658078194, 1.93668937683, 1.33280777931, 0.97708761692, 0.531411170959, 0.252891331911, 0.0955144688487, 0.0212478972971, 0.00236257375218, 5.32812882739e-05],
        "dmean2": [0.237821012735, 1.72229528427, 4.1544303894, 7.78323984146, 9.67017364502, 7.88570213318, 12.4986171722, 15.1327266693, 15.3651008606, 13.1565198898, 20.1560058594, 36.2696609497, 48.0109901428, 45.8524055481, 36.5727043152, 31.3528766632, 28.7045650482, 23.2311000824, 25.4822750092, 31.0943584442, 22.2904491425, 20.5057086945, 16.7918777466, 15.9589290619, 8.35807132721, 10.2429609299, 4.08423519135, 3.78746032715, 3.43465852737, 4.08516359329, 3.56443095207, 2.94193124771, 2.02520489693, 1.4777354002, 0.801520347595, 0.378001093864, 0.143076151609, 0.0330333597958, 0.00373110850342, 8.13566512079e-05],
        "dvar": [0.0517234653234, 2.16706562042, 20.4863777161, 93.0584716797, 148.23789978, 122.194641113, 305.585174561, 621.028320312, 496.163879395, 410.033630371, 913.133056641, 3249.21044922, 7690.35839844, 5492.06445312, 4549.35644531, 3601.15722656, 2673.53222656, 1251.88781738, 2311.2578125, 5632.51757812, 2109.69799805, 2131.27197266, 776.948547363, 851.088195801, 144.740325928, 301.269073486, 43.9170722961, 32.6023750305, 32.0695304871, 49.9439125061, 31.1345291138, 30.8999271393, 9.00401687622, 4.93436765671, 1.20801198483, 0.256626784801, 0.0415023081005, 0.00225183553994, 2.99836301565e-05, 1.29672388383e-08],
        "dvar2": [0.14131051302, 5.52773141861, 53.1765136719, 247.859695435, 407.165435791, 298.450897217, 739.932373047, 1430.65490723, 1207.91650391, 923.174987793, 2167.26660156, 7457.90283203, 17641.4648438, 12540.3544922, 9068.80761719, 7402.10498047, 6475.34716797, 2794.73754883, 5513.4296875, 12608.2597656, 4104.25927734, 4019.50024414, 1645.97070312, 2005.90881348, 329.813415527, 636.809204102, 93.8953933716, 72.1040496826, 74.2583007812, 115.516860962, 69.346031189, 64.423538208, 18.5722560883, 10.7999095917, 2.82184123993, 0.595606207848, 0.0968840643764, 0.00567428022623, 7.46482983232e-05, 3.04856087041e-08],
        "max": [2.46525716782, 14.5442085266, 42.7368164062, 93.0898284912, 165.002075195, 254.747039795, 332.28704834, 547.390380859, 499.088348389, 438.558685303, 914.123596191, 1552.29052734, 2126.52514648, 2244.82666016, 1533.83996582, 1688.99987793, 1434.32263184, 800.071166992, 1393.22167969, 2319.22705078, 1938.60583496, 1447.47912598, 1010.26965332, 1316.9831543, 414.225250244, 644.01965332, 340.129394531, 144.468109131, 134.311584473, 168.060653687, 168.06552124, 182.497772217, 105.399589539, 66.335609436, 23.2081756592, 9.97193622589, 2.41966557503, 0.5305595994, 0.0533726140857, 0.00172773841769],
        "mean": [0.188589945436, 1.47863054276, 3.18029522896, 4.81905555725, 6.61192941666, 8.11949157715, 14.5420560837, 17.1726608276, 15.5143880844, 15.3705682755, 21.4179801941, 40.7724151611, 57.5739479065, 59.4944038391, 48.1290397644, 43.5979804993, 36.6791572571, 28.5322628021, 30.0057220459, 33.2245140076, 28.4655666351, 27.9921894073, 23.4272861481, 21.6061763763, 13.190328598, 14.6791000366, 6.04590034485, 5.08351373672, 4.65340328217, 5.02067375183, 4.11972093582, 3.59775972366, 2.59489345551, 1.77181208134, 0.862105250359, 0.358533710241, 0.11265091598, 0.0216899514198, 0.00229261745699, 8.38082632981e-05],
        "median": [0.0720941796899, 0.735402047634, 1.4941983223, 1.70733094215, 2.24396753311, 3.06074905396, 5.89145803452, 7.95707130432, 7.47007369995, 6.54169940948, 9.89476776123, 15.6994571686, 16.352722168, 14.1165838242, 13.2782440186, 11.2748184204, 10.5744829178, 9.94223117828, 10.4751653671, 9.83241558075, 9.15024757385, 8.54081726074, 9.37344932556, 8.61285018921, 5.89138746262, 5.4706454277, 3.12289118767, 2.63165402412, 2.04859519005, 2.03019189835, 2.01497030258, 1.68910050392, 1.29791617393, 0.819085836411, 0.354240953922, 0.117696329951, 0.026187857613, 0.00389629579149, 0.000286445720121, 4.57780770375e-05],
        "min": [9.14438574629e-22, 1.33272254523e-20, 1.17777344114e-20, 1.1498371931e-20, 3.36884167864e-20, 1.89643466202e-20, 6.45193639961e-20, 3.51512598503e-19, 4.82215381243e-19, 1.00728316431e-18, 5.13814352727e-19, 2.12504229649e-18, 1.21980768057e-18, 1.0312833962e-18, 2.37422094344e-18, 3.52700921001e-18, 2.14520399674e-18, 4.36088957193e-18, 4.78338116878e-18, 3.89502186454e-18, 4.89038401205e-18, 6.9118058068e-18, 9.63270765754e-18, 1.07299635673e-17, 1.24638234667e-17, 1.31977187857e-17, 1.55391188568e-17, 1.16861587128e-17, 1.66594919831e-17, 1.56391431908e-17, 1.67483510332e-17, 1.49939853264e-17, 1.30143833019e-17, 9.92631789751e-18, 8.41482813498e-18, 6.18186317038e-18, 3.32901794693e-18, 1.25054385097e-18, 2.8503005057e-19, 2.78498464432e-20],
        "var": [0.0699146687984, 3.49839186668, 22.4185161591, 79.0784606934, 152.906646729, 267.70904541, 608.600769043, 1006.53143311, 802.192871094, 923.07989502, 1660.03466797, 7273.35595703, 17460.6914062, 17538.6777344, 12668.9785156, 11883.9101562, 6721.49121094, 3281.52319336, 4286.23876953, 9773.64941406, 6288.63134766, 7780.14746094, 2534.72045898, 1895.10754395, 622.030395508, 850.109313965, 116.29599762, 74.4715805054, 66.6883392334, 98.3645629883, 59.8674926758, 63.6918258667, 21.8397865295, 11.8639287949, 2.24239063263, 0.369491159916, 0.0487671606243, 0.00213368656114, 2.81681641354e-05, 1.49833123686e-08]
    },
    "gfcc": {
        "mean": [21.532869339, 77.9845199585, -109.758377075, 24.4090862274, -55.548625946, 19.4210624695, -35.4003829956, 17.3285331726, -23.6838588715, 2.48763155937, -14.0468034744, 2.20981502533, -8.87773227692],
        "cov": [[3724.28613281, -653.745727539, 469.917694092, 106.414543152, 28.7943134308, 271.262390137, -70.7937240601, 105.066574097, -99.9557113647, 94.7592544556, -11.8889007568, 80.264541626, -70.8396911621], [-653.745727539, 1043.28820801, 55.2498321533, 203.722991943, 123.146484375, -74.3051757812, 66.5706176758, -77.471824646, 14.3528690338, -66.2953414917, 111.057167053, -65.4366607666, 71.0415344238], [469.917694092, 55.2498321533, 1109.1796875, 361.658050537, 90.543182373, 94.5495910645, -105.271690369, 19.843957901, 70.3148727417, 65.6347427368, -16.9799995422, 16.159702301, -0.428244233131], [106.414543152, 203.722991943, 361.658050537, 460.529510498, 71.3561706543, 40.3744392395, -31.5962219238, 4.93023061752, 91.1761245728, 4.78224897385, 5.31511592865, -19.4733505249, 48.786403656], [28.7943134308, 123.146484375, 90.543182373, 71.3561706543, 246.163543701, 25.8068599701, 35.1886825562, 45.3782997131, 22.2343215942, 1.05792284012, 7.10456800461, 0.477793186903, 7.16676330566], [271.262390137, -74.3051757812, 94.5495910645, 40.3744392395, 25.8068599701, 235.312606812, 99.3556747437, 18.4820423126, 1.2770485878, 41.9734115601, 18.6519145966, 2.26651501656, -6.13865232468], [-70.7937240601, 66.5706176758, -105.271690369, -31.5962219238, 35.1886825562, 99.3556747437, 248.511184692, 22.7305145264, -26.0229644775, 6.32878637314, 36.8458061218, -2.33931422234, -21.7250480652], [105.066574097, -77.471824646, 19.843957901, 4.93023061752, 45.3782997131, 18.4820423126, 22.7305145264, 160.087997437, 48.2141036987, 9.73240089417, 7.89074325562, 7.49976396561, 3.21895027161], [-99.9557113647, 14.3528690338, 70.3148727417, 91.1761245728, 22.2343215942, 1.2770485878, -26.0229644775, 48.2141036987, 158.72064209, 33.9378166199, -19.6548137665, 10.8849515915, 21.2848072052], [94.7592544556, -66.2953414917, 65.6347427368, 4.78224897385, 1.05792284012, 41.9734115601, 6.32878637314, 9.73240089417, 33.9378166199, 109.032318115, 34.23878479, 15.4922628403, 4.48487758636], [-11.8889007568, 111.057167053, -16.9799995422, 5.31511592865, 7.10456800461, 18.6519145966, 36.8458061218, 7.89074325562, -19.6548137665, 34.23878479, 120.189476013, 17.5957260132, 11.2466182709], [80.264541626, -65.4366607666, 16.159702301, -19.4733505249, 0.477793186903, 2.26651501656, -2.33931422234, 7.49976396561, 10.8849515915, 15.4922628403, 17.5957260132, 78.821182251, 12.2921180725], [-70.8396911621, 71.0415344238, -0.428244233131, 48.786403656, 7.16676330566, -6.13865232468, -21.7250480652, 3.21895027161, 21.2848072052, 4.48487758636, 11.2466182709, 12.2921180725, 86.2555007935]],
        "icov": [[0.000382773927413, 0.000152468390297, -5.13005870744e-05, -0.000202441020519, -4.70035156468e-05, -0.000393442081986, 0.000285154208541, -0.000291955744615, 0.000546727562323, -0.000190448947251, 6.319017848e-05, -0.000350444723153, 0.000278347695712], [0.000152468390297, 0.00209996476769, -0.000293237040751, -0.000317474623444, -0.000915937765967, 0.000846521928906, -0.000873518816661, 0.00148660840932, -0.000938232580665, 0.00185298745055, -0.00270149065182, 0.00196381751448, -0.00135782593861], [-5.13005870744e-05, -0.000293237040751, 0.00154096831102, -0.00117766833864, -0.000164461365785, -0.000620690872893, 0.000918952748179, -0.000393133756006, 0.000557469320484, -0.00113641307689, 0.000838304637, -0.000916184217203, 0.00103152869269], [-0.000202441020519, -0.000317474623444, -0.00117766833864, 0.0040919939056, -0.000375902687665, -0.00028611937887, -0.000166145066032, 0.000808186072391, -0.00242320308462, 0.00143567763735, -0.000882411201019, 0.00166713132057, -0.00188542436808], [-4.70035156468e-05, -0.000915937765967, -0.000164461365785, -0.000375902687665, 0.00504848966375, -0.000334547512466, -0.000390636647353, -0.00182466884144, 0.000386733852793, -0.000498329289258, 0.00113027601037, -0.000895305071026, 0.00036469718907], [-0.000393442081986, 0.000846521928906, -0.000620690872893, -0.00028611937887, -0.000334547512466, 0.00688899261877, -0.00340200215578, 0.000750388251618, -0.000515175343025, -0.0010033530416, -0.000852498982567, 0.00142822461203, -0.00114145560656], [0.000285154208541, -0.000873518816661, 0.000918952748179, -0.000166145066032, -0.000390636647353, -0.00340200215578, 0.00664095859975, -0.00155463302508, 0.00148207868915, -0.000631417613477, -3.15410761687e-05, -0.00125114433467, 0.00242269597948], [-0.000291955744615, 0.00148660840932, -0.000393133756006, 0.000808186072391, -0.00182466884144, 0.000750388251618, -0.00155463302508, 0.00904980767518, -0.00422579422593, 0.00246371189132, -0.0031630625017, 0.00191676523536, -0.00139357417356], [0.000546727562323, -0.000938232580665, 0.000557469320484, -0.00242320308462, 0.000386733852793, -0.000515175343025, 0.00148207868915, -0.00422579422593, 0.0112575944513, -0.00535532413051, 0.00478869490325, -0.0032223619055, 0.000392596470192], [-0.000190448947251, 0.00185298745055, -0.00113641307689, 0.00143567763735, -0.000498329289258, -0.0010033530416, -0.000631417613477, 0.00246371189132, -0.00535532413051, 0.0149753401056, -0.00698162987828, 0.0016982187517, -0.00157004606444], [6.319017848e-05, -0.00270149065182, 0.000838304637, -0.000882411201019, 0.00113027601037, -0.000852498982567, -3.15410761687e-05, -0.0031630625017, 0.00478869490325, -0.00698162987828, 0.0147088924423, -0.00506432401016, 0.000720849609934], [-0.000350444723153, 0.00196381751448, -0.000916184217203, 0.00166713132057, -0.000895305071026, 0.00142822461203, -0.00125114433467, 0.00191676523536, -0.0032223619055, 0.0016982187517, -0.00506432401016, 0.0169005785137, -0.00410463521257], [0.000278347695712, -0.00135782593861, 0.00103152869269, -0.00188542436808, 0.00036469718907, -0.00114145560656, 0.00242269597948, -0.00139357417356, 0.000392596470192, -0.00157004606444, 0.000720849609934, -0.00410463521257, 0.0150382975116]]
    },
    "melbands": {
        "dmean": [0.00123787019402, 0.00122740445659, 0.000800039561, 0.000346594810253, 0.000268865755061, 0.000219719033339, 0.000143136348925, 9.75202055997e-05, 0.000116933100799, 0.000156616893946, 0.000161880336236, 0.000128975487314, 9.66770530795e-05, 5.92073010921e-05, 6.10441056779e-05, 3.77584110538e-05, 3.04191235045e-05, 2.99547227769e-05, 2.82955443254e-05, 3.02816260955e-05, 1.6937194232e-05, 1.76383546204e-05, 8.89079456101e-06, 1.14097983896e-05, 9.20809179661e-06, 4.88264458909e-06, 4.95671201861e-06, 5.00492706124e-06, 2.28417388826e-06, 1.1493425518e-06, 1.69682539308e-06, 1.32423815558e-06, 1.58859234034e-06, 1.43799525176e-06, 1.40207998811e-06, 1.18559023576e-06, 1.36928917982e-06, 9.68821723291e-07, 9.62665012594e-07, 8.81143193965e-07],
        "dmean2": [0.00200332771055, 0.00190303730778, 0.00135749252513, 0.000585358357057, 0.00041084503755, 0.000335263554007, 0.000223234892474, 0.000151506363181, 0.000182806179509, 0.000241322850343, 0.000249268545303, 0.000194830048713, 0.000139603798743, 8.70554358698e-05, 9.46201907936e-05, 5.92590804445e-05, 4.73565596621e-05, 4.64856784674e-05, 4.37974085798e-05, 4.58433860331e-05, 2.50298653555e-05, 2.65715316345e-05, 1.35534792207e-05, 1.75695513462e-05, 1.44388877743e-05, 7.64458854974e-06, 7.78101639298e-06, 7.6365950008e-06, 3.45447938344e-06, 1.79980452231e-06, 2.61323270934e-06, 2.05570245271e-06, 2.4355840651e-06, 2.24239011004e-06, 2.19408525481e-06, 1.82787869107e-06, 2.13860994336e-06, 1.49412312567e-06, 1.49431059526e-06, 1.35785239763e-06],
        "dvar": [3.12312909045e-06, 3.40111796504e-06, 2.71701810561e-06, 5.1267352319e-07, 3.13675144525e-07, 2.64769880687e-07, 1.0340070844e-07, 4.99576700008e-08, 7.33067295755e-08, 1.43776077266e-07, 2.0430013592e-07, 9.83997949788e-08, 6.79045299989e-08, 2.91872570557e-08, 3.24168354382e-08, 1.18558949325e-08, 5.62126656334e-09, 7.63801200065e-09, 7.84812659305e-09, 1.39538354205e-08, 2.81858070217e-09, 4.07703870664e-09, 5.43300682221e-10, 9.71153935048e-10, 7.72473029986e-10, 1.49317655462e-10, 2.1226183311e-10, 1.77916292809e-10, 4.00165942049e-11, 6.80634021366e-12, 1.55208450259e-11, 1.04526751837e-11, 1.88834382159e-11, 1.41488990663e-11, 1.11963589441e-11, 8.84856684452e-12, 1.73626633904e-11, 5.08757922943e-12, 4.9813959381e-12, 4.21009494628e-12],
        "dvar2": [8.36729213916e-06, 7.79994479672e-06, 7.17596049071e-06, 1.35685104397e-06, 7.56128315516e-07, 6.14999635218e-07, 2.48976903094e-07, 1.15170436743e-07, 1.70311807324e-07, 3.30478400201e-07, 4.65739276478e-07, 2.23955638035e-07, 1.30414179011e-07, 5.86355284327e-08, 6.97710262898e-08, 2.85731864835e-08, 1.26182202465e-08, 1.81923898168e-08, 1.76155072751e-08, 3.0632584469e-08, 5.29416999129e-09, 7.71952102241e-09, 1.14926079764e-09, 2.13575401808e-09, 1.83563941825e-09, 3.41682376837e-10, 5.03676933494e-10, 3.7847625034e-10, 8.34663518856e-11, 1.52773054624e-11, 3.47495920927e-11, 2.46854880287e-11, 4.58986217089e-11, 3.23349749753e-11, 2.56175341357e-11, 1.93149472111e-11, 3.76014427927e-11, 1.06229929367e-11, 1.13177566277e-11, 9.45608868985e-12],
        "max": [0.0170284118503, 0.0192712731659, 0.0169953107834, 0.0132937422022, 0.0107115805149, 0.0111232809722, 0.00721829757094, 0.00518965395167, 0.00720782903954, 0.0101198684424, 0.0110522462055, 0.00928403809667, 0.00544776255265, 0.00457753520459, 0.00640762131661, 0.00244624749757, 0.0014912225306, 0.00237124506384, 0.0019131381996, 0.0033804664854, 0.00185742555186, 0.00218951865099, 0.000719671777915, 0.00105938548222, 0.00131445331499, 0.000376084703021, 0.000682033773046, 0.000468507932965, 0.000350911257556, 7.75546577643e-05, 9.31111644604e-05, 7.98615728854e-05, 0.000110816130473, 7.739848661e-05, 9.96915041469e-05, 7.91809725342e-05, 0.000144601581269, 8.82179083419e-05, 5.42958841834e-05, 5.68383329664e-05],
        "mean": [0.0017854985781, 0.0018436977407, 0.000911618233658, 0.000506903510541, 0.000491271668579, 0.000389772147173, 0.000233006256167, 0.000168276616023, 0.000188873440493, 0.000265948532615, 0.000292425247608, 0.000244982453296, 0.000176767891389, 0.000112227025966, 0.000118384734378, 6.86068451614e-05, 5.16006257385e-05, 5.02858747495e-05, 4.19147399953e-05, 4.73201325804e-05, 2.86638569378e-05, 3.19992323057e-05, 1.74752021849e-05, 2.17787837755e-05, 1.75686272996e-05, 1.0028223187e-05, 1.01935702332e-05, 9.84789767244e-06, 4.48200580649e-06, 2.2293809252e-06, 3.21618949783e-06, 2.5384510991e-06, 2.97258839055e-06, 2.55976101471e-06, 2.36018354371e-06, 2.04411958293e-06, 2.40019426201e-06, 1.76232254034e-06, 1.74868046088e-06, 1.47581056353e-06],
        "median": [0.000908808782697, 0.000967798347119, 0.000348145171301, 0.000191128216102, 0.000214003797737, 0.000187146550161, 0.000106706924271, 7.07446160959e-05, 7.66625671531e-05, 9.47846419876e-05, 7.06605351297e-05, 5.04451199959e-05, 3.89788183384e-05, 2.79012456303e-05, 2.24247505685e-05, 1.66872960108e-05, 1.53860273713e-05, 1.48807903315e-05, 1.21369303088e-05, 1.15250513772e-05, 9.1465353762e-06, 8.61275475472e-06, 6.86532439431e-06, 7.86374403106e-06, 6.30653858025e-06, 3.98175507144e-06, 3.54986559614e-06, 3.36765765496e-06, 1.96126688934e-06, 1.23927463846e-06, 1.4722695596e-06, 1.10020687316e-06, 1.09444954433e-06, 1.04428272607e-06, 1.11234191991e-06, 9.50076866957e-07, 1.05606841316e-06, 8.57644863572e-07, 7.96443771378e-07, 6.48411969451e-07],
        "min": [1.32820889265e-23, 1.03521072744e-23, 3.0544627197e-24, 1.93030121988e-24, 2.10442984015e-24, 7.09629056964e-24, 1.03348422646e-23, 9.2803316607e-24, 3.81570481577e-24, 1.48536055571e-23, 5.52812028704e-24, 3.67293716357e-24, 4.60780596716e-24, 1.59377008115e-23, 3.84691964736e-24, 3.75147260542e-24, 8.67925199422e-24, 7.20483940792e-24, 4.71867602865e-24, 4.87267351026e-24, 5.36003138308e-24, 5.58365491148e-24, 8.767897083e-24, 7.92280301701e-24, 8.38835322453e-24, 9.26834807469e-24, 7.85985112791e-24, 8.0097126118e-24, 1.02010435665e-23, 8.34854651439e-24, 6.37172419478e-24, 9.36290094279e-24, 8.40196107514e-24, 8.81151162472e-24, 9.59580344758e-24, 1.05428696185e-23, 7.24097318169e-24, 9.34930886939e-24, 8.46981336818e-24, 8.09602977205e-24],
        "var": [4.92022309118e-06, 5.51158609596e-06, 2.47497951023e-06, 7.97061886715e-07, 6.56708834867e-07, 4.38500165956e-07, 1.78496307512e-07, 1.0837965192e-07, 1.42586458196e-07, 3.39859639098e-07, 4.77987612157e-07, 3.00098832895e-07, 1.94412621113e-07, 8.73998686757e-08, 1.21791714491e-07, 3.40890657924e-08, 1.31009851856e-08, 1.47047671817e-08, 1.26521797483e-08, 2.71350693026e-08, 7.09122893738e-09, 1.1999782501e-08, 1.63439406453e-09, 2.40241937455e-09, 1.56099044801e-09, 4.11169626124e-10, 7.00193181213e-10, 4.26013890831e-10, 1.03697377074e-10, 1.38861925431e-11, 3.46207923441e-11, 2.0303685816e-11, 3.64930793917e-11, 2.67547043548e-11, 2.02123318083e-11, 1.70431880414e-11, 3.30604293941e-11, 1.11292095331e-11, 1.12268909447e-11, 9.31483189193e-12]
    },
    "mfcc": {
        "mean": [-625.749572754, 113.852279663, 4.12165689468, 12.7031621933, 6.42637872696, 0.442942947149, 4.62833738327, 7.71548128128, 1.6427410841, 4.23740291595, -0.998684883118, -1.74062132835, -0.114499635994],
        "cov": [[2762.12988281, -545.638366699, 218.241226196, -82.0112991333, 99.9506072998, 80.837348938, 108.308959961, 51.5306243896, -23.7115077972, 44.1130523682, 13.8945846558, -13.1439056396, 52.6455574036], [-545.638366699, 776.208129883, -34.6998939514, 145.889465332, 47.1438713074, -0.784497439861, 83.9847335815, -9.83394908905, -48.0552101135, -10.6146841049, -22.4983386993, 4.9722571373, 15.6527376175], [218.241226196, -34.6998939514, 923.310546875, 258.085388184, 238.996459961, 139.793502808, -30.6920013428, -18.181520462, 39.3838195801, 37.9988288879, -11.0004873276, 73.3603744507, 25.9252891541], [-82.0112991333, 145.889465332, 258.085388184, 368.064666748, 169.075042725, 40.0360183716, -21.5966186523, 14.587138176, 41.623336792, 12.6813459396, -24.9181690216, 41.5018844604, 17.8945617676], [99.9506072998, 47.1438713074, 238.996459961, 169.075042725, 311.91708374, 10.2246007919, -36.2724304199, 3.21406412125, 58.6812705994, 28.8160533905, -37.1320343018, 46.2553787231, 34.4730949402], [80.837348938, -0.784497439861, 139.793502808, 40.0360183716, 10.2246007919, 238.961517334, 57.3386383057, 20.081987381, 21.827003479, 23.7919540405, 37.4688720703, -6.34242677689, -0.643032670021], [108.308959961, 83.9847335815, -30.6920013428, -21.5966186523, -36.2724304199, 57.3386383057, 241.425582886, 51.6109924316, -34.0600357056, 39.192691803, 25.3277397156, -14.9538755417, 24.1933250427], [51.5306243896, -9.83394908905, -18.181520462, 14.587138176, 3.21406412125, 20.081987381, 51.6109924316, 134.913391113, 43.5155105591, 13.0780010223, 34.2722663879, 1.71322154999, -2.76646280289], [-23.7115077972, -48.0552101135, 39.3838195801, 41.623336792, 58.6812705994, 21.827003479, -34.0600357056, 43.5155105591, 134.911529541, 34.3502082825, 11.4823598862, 21.4093360901, 1.09293866158], [44.1130523682, -10.6146841049, 37.9988288879, 12.6813459396, 28.8160533905, 23.7919540405, 39.192691803, 13.0780010223, 34.3502082825, 109.43309021, 24.3646335602, 6.0246424675, 24.2261886597], [13.8945846558, -22.4983386993, -11.0004873276, -24.9181690216, -37.1320343018, 37.4688720703, 25.3277397156, 34.2722663879, 11.4823598862, 24.3646335602, 110.956329346, 22.2654705048, -2.39410996437], [-13.1439056396, 4.9722571373, 73.3603744507, 41.5018844604, 46.2553787231, -6.34242677689, -14.9538755417, 1.71322154999, 21.4093360901, 6.0246424675, 22.2654705048, 97.1953353882, 30.3221569061], [52.6455574036, 15.6527376175, 25.9252891541, 17.8945617676, 34.4730949402, -0.643032670021, 24.1933250427, -2.76646280289, 1.09293866158, 24.2261886597, -2.39410996437, 30.3221569061, 80.6608657837]],
