{
"lowlevel": {
    "average_loudness": 0.917735636234,
    "barkbands_crest": {
        "dmean": 2.82631874084,
        "dmean2": 4.67961931229,
        "dvar": 6.10130310059,
        "dvar2": 15.5921545029,
        "max": 23.6737861633,
        "mean": 8.84654712677,
        "median": 8.11987113953,
        "min": 2.11301636696,
        "var": 14.8037748337
    },
    "barkbands_flatness_db": {
        "dmean": 0.0195679292083,
        "dmean2": 0.0305948108435,
        "dvar": 0.000305655034026,
        "dvar2": 0.000717742252164,
        "max": 0.278517395258,
        "mean": 0.0883174091578,
        "median": 0.0821839421988,
        "min": 0.0138156982139,
        "var": 0.00164283113554
    },
    "barkbands_kurtosis": {
        "dmean": 1.62467896938,
        "dmean2": 2.62295150757,
        "dvar": 6.7364525795,
        "dvar2": 16.8849964142,
        "max": 60.6233901978,
        "mean": 1.27261435986,
        "median": 0.0577845573425,
        "min": -1.94063568115,
        "var": 13.5049152374
    },
    "barkbands_skewness": {
        "dmean": 0.489749550819,
        "dmean2": 0.757047951221,
        "dvar": 0.217670038342,
        "dvar2": 0.492838531733,
        "max": 7.3657169342,
        "mean": 1.00133395195,
        "median": 0.8931838274,
        "min": -4.589179039,
        "var": 1.01878809929
    },
    "barkbands_spread": {
        "dmean": 7.49682950974,
        "dmean2": 11.7489547729,
        "dvar": 55.4958381653,
        "dvar2": 117.43409729,
        "max": 106.215881348,
        "mean": 34.4589538574,
        "median": 33.97706604,
        "min": 2.49582481384,
        "var": 252.427810669
    },
    "dissonance": {
        "dmean": 0.0129709281027,
        "dmean2": 0.0219608135521,
        "dvar": 0.00015440621064,
        "dvar2": 0.000424990663305,
        "max": 0.500000059605,
        "mean": 0.479613304138,
        "median": 0.483360379934,
        "min": 0.337272852659,
        "var": 0.000254705228144
    },
    "dynamic_complexity": 2.35948634148,
    "erbbands_crest": {
        "dmean": 2.55018377304,
        "dmean2": 4.19229269028,
        "dvar": 6.12333250046,
        "dvar2": 14.9800424576,
        "max": 33.2822151184,
        "mean": 7.66287755966,
        "median": 6.63929462433,
        "min": 1.94943761826,
        "var": 15.9280185699
    },
    "erbbands_flatness_db": {
        "dmean": 0.015391163528,
        "dmean2": 0.0232998542488,
        "dvar": 0.000229617886362,
        "dvar2": 0.0004417784221,
        "max": 0.386663287878,
        "mean": 0.127260655165,
        "median": 0.110466882586,
        "min": 0.0497965998948,
        "var": 0.00304357218556
    },
    "erbbands_kurtosis": {
        "dmean": 0.745855033398,
        "dmean2": 1.18790924549,
        "dvar": 2.41429853439,
        "dvar2": 5.3346619606,
        "max": 54.0639953613,
        "mean": 0.171613499522,
        "median": -0.311593055725,
        "min": -1.75024580956,
        "var": 5.70425653458
    },
    "erbbands_skewness": {
        "dmean": 0.31234306097,
        "dmean2": 0.488115340471,
        "dvar": 0.07967415452,
        "dvar2": 0.177901893854,
        "max": 2.75053882599,
        "mean": 0.0700310468674,
        "median": 0.0415597371757,
        "min": -4.15112161636,
        "var": 0.375338017941
    },
    "erbbands_spread": {
        "dmean": 8.38130092621,
        "dmean2": 12.8517169952,
        "dvar": 64.7765350342,
        "dvar2": 148.867431641,
        "max": 143.427261353,
        "mean": 43.6944351196,
        "median": 41.5592536926,
        "min": 1.19704532623,
        "var": 427.245269775
    },
    "hfc": {
        "dmean": 9.32235431671,
        "dmean2": 13.5593061447,
        "dvar": 166.144485474,
        "dvar2": 345.58190918,
        "max": 280.16583252,
        "mean": 28.7022857666,
        "median": 24.6948432922,
        "min": 1.2056758292e-16,
        "var": 502.691680908
    },
    "melbands_crest": {
        "dmean": 3.96263790131,
        "dmean2": 6.41104030609,
        "dvar": 10.840511322,
        "dvar2": 26.3849773407,
        "max": 31.6049823761,
        "mean": 13.307592392,
        "median": 12.4184083939,
        "min": 2.031509161,
        "var": 29.1541881561
    },
    "melbands_flatness_db": {
        "dmean": 0.0258026402444,
        "dmean2": 0.040259860456,
        "dvar": 0.00052809342742,
        "dvar2": 0.00122080859728,
        "max": 0.349595636129,
        "mean": 0.139375835657,
        "median": 0.135901868343,
        "min": 0.00532374670729,
        "var": 0.00243631913327
    },
    "melbands_kurtosis": {
        "dmean": 6.11638021469,
        "dmean2": 9.6108007431,
        "dvar": 119.720863342,
        "dvar2": 264.956695557,
        "max": 302.900238037,
        "mean": 10.0987043381,
        "median": 4.57534217834,
        "min": -1.81901752949,
        "var": 277.978088379
    },
    "melbands_skewness": {
        "dmean": 0.761009275913,
        "dmean2": 1.17868518829,
        "dvar": 0.58973222971,
        "dvar2": 1.32551956177,
        "max": 14.8045129776,
        "mean": 2.36144447327,
        "median": 1.98766374588,
        "min": -3.61375403404,
        "var": 2.82251548767
    },
    "melbands_spread": {
        "dmean": 10.348367691,
        "dmean2": 16.1282901764,
        "dvar": 114.678085327,
        "dvar2": 250.320877075,
        "max": 196.364974976,
        "mean": 36.1447105408,
        "median": 33.4301834106,
        "min": 1.6828558445,
        "var": 428.844573975
    },
    "pitch_salience": {
        "dmean": 0.0835907608271,
        "dmean2": 0.134360462427,
        "dvar": 0.00546739809215,
        "dvar2": 0.013338859193,
        "max": 0.862568616867,
        "mean": 0.576988518238,
        "median": 0.58647030592,
        "min": 0.127419605851,
        "var": 0.0143990656361
    },
    "silence_rate_20dB": {
        "dmean": 0,
        "dmean2": 0,
        "dvar": 0,
        "dvar2": 0,
        "max": 1,
        "mean": 1,
        "median": 1,
        "min": 1,
        "var": 0
    },
    "silence_rate_30dB": {
        "dmean": 0.00120554550085,
        "dmean2": 0.00241138180718,
        "dvar": 0.00120431173127,
        "dvar2": 0.00264662993141,
        "max": 1,
        "mean": 0.998794615269,
        "median": 1,
        "min": 0,
        "var": 0.00120416714344
    },
    "silence_rate_60dB": {
        "dmean": 0.0161543097347,
        "dmean2": 0.0323125161231,
        "dvar": 0.0158922281116,
        "dvar2": 0.0377755127847,
        "max": 1,
        "mean": 0.0285679847002,
        "median": 0,
        "min": 0,
        "var": 0.0277493875474
    },
    "spectral_centroid": {
        "dmean": 291.712493896,
        "dmean2": 455.962036133,
        "dvar": 72539.90625,
        "dvar2": 160552.671875,
        "max": 10064.4511719,
        "mean": 1904.33251953,
        "median": 1914.57519531,
        "min": 311.118896484,
        "var": 309294.1875
    },
    "spectral_complexity": {
        "dmean": 4.63098239899,
        "dmean2": 6.89799833298,
        "dvar": 20.2563648224,
        "dvar2": 39.99842453,
        "max": 58,
        "mean": 22.4645614624,
        "median": 22,
        "min": 0,
        "var": 101.585853577
    },
    "spectral_decrease": {
        "dmean": 2.04440153695e-09,
        "dmean2": 3.25024673842e-09,
        "dvar": 7.54209220455e-18,
        "dvar2": 1.79062698875e-17,
        "max": 1.19644618158e-28,
        "mean": -5.27553067897e-09,
        "median": -4.32057856159e-09,
        "min": -3.46438895349e-08,
        "var": 1.61863876861e-17
    },
    "spectral_energy": {
        "dmean": 0.00836401153356,
        "dmean2": 0.0132002020255,
        "dvar": 0.000125250720885,
        "dvar2": 0.000294114957796,
        "max": 0.155821040273,
        "mean": 0.0225144177675,
        "median": 0.018734253943,
        "min": 1.04842662715e-20,
        "var": 0.000277368701063
    },
    "spectral_energyband_high": {
        "dmean": 0.000612862233538,
        "dmean2": 0.00090805022046,
        "dvar": 6.82936445173e-07,
        "dvar2": 1.58430054853e-06,
        "max": 0.0118218520656,
        "mean": 0.0016027543461,
        "median": 0.00131500605494,
        "min": 7.77638229195e-21,
        "var": 1.7168223394e-06
    },
    "spectral_energyband_low": {
        "dmean": 0.00422579469159,
        "dmean2": 0.00655249832198,
        "dvar": 3.8911250158e-05,
        "dvar2": 8.53848905535e-05,
        "max": 0.055639680475,
        "mean": 0.00702863186598,
        "median": 0.00336927734315,
        "min": 5.78562578575e-23,
        "var": 8.33369922475e-05
    },
    "spectral_energyband_middle_high": {
        "dmean": 0.00282289762981,
        "dmean2": 0.004142195452,
        "dvar": 2.61641598627e-05,
        "dvar2": 4.85331802338e-05,
        "max": 0.140169858932,
        "mean": 0.00763466069475,
        "median": 0.00496941525489,
        "min": 1.28253233163e-21,
        "var": 9.20349848457e-05
    },
    "spectral_energyband_middle_low": {
        "dmean": 0.00517901731655,
        "dmean2": 0.00881873536855,
        "dvar": 7.92185601313e-05,
        "dvar2": 0.000213524224819,
        "max": 0.0762755945325,
        "mean": 0.00752005865797,
        "median": 0.00496341008693,
        "min": 2.76561834891e-22,
        "var": 7.49108512537e-05
    },
    "spectral_entropy": {
        "dmean": 0.123715549707,
        "dmean2": 0.190010517836,
        "dvar": 0.0142433093861,
        "dvar2": 0.0299882665277,
        "max": 9.78560256958,
        "mean": 8.00636386871,
        "median": 8.03691577911,
        "min": 6.26332426071,
        "var": 0.0829652547836
    },
    "spectral_flux": {
        "dmean": 0.0236950442195,
        "dmean2": 0.0367041304708,
        "dvar": 0.000773521198425,
        "dvar2": 0.00156879902352,
        "max": 0.367418825626,
        "mean": 0.093416839838,
        "median": 0.0832208916545,
        "min": 1.0455219126e-06,
        "var": 0.00204420345835
    },
    "spectral_kurtosis": {
        "dmean": 0.732392072678,
        "dmean2": 1.17207241058,
        "dvar": 0.768208086491,
        "dvar2": 1.95613241196,
        "max": 27.6864070892,
        "mean": 3.18498110771,
        "median": 2.58406925201,
        "min": -1.24493992329,
        "var": 4.68016958237
    },
    "spectral_rms": {
        "dmean": 0.000826910254546,
        "dmean2": 0.0012719782535,
        "dvar": 8.36368371893e-07,
        "dvar2": 1.83805900633e-06,
        "max": 0.012329660356,
        "mean": 0.00439215404913,
        "median": 0.00427519856021,
        "min": 3.19821079342e-12,
        "var": 2.6742859518e-06
    },
    "spectral_rolloff": {
        "dmean": 829.565612793,
        "dmean2": 1327.36450195,
        "dvar": 1106966.875,
        "dvar2": 2240408,
        "max": 19056.8847656,
        "mean": 2608.50488281,
        "median": 2217.91992188,
        "min": 86.1328125,
        "var": 3265384.75
    },
    "spectral_skewness": {
        "dmean": 0.122088707983,
        "dmean2": 0.187834262848,
        "dvar": 0.0127995060757,
        "dvar2": 0.0285515170544,
        "max": 3.84872508049,
        "mean": 1.39822876453,
        "median": 1.34829163551,
        "min": -0.00262030656449,
        "var": 0.0975504368544
    },
    "spectral_spread": {
        "dmean": 534772.3125,
        "dmean2": 785154,
        "dvar": 426585849856,
        "dvar2": 706237038592,
        "max": 43593584,
        "mean": 5847857.5,
        "median": 5991947,
        "min": 1480947.875,
        "var": 2.98677777203e+12
    },
    "spectral_strongpeak": {
        "dmean": 0.667477488518,
        "dmean2": 1.11883819103,
        "dvar": 1.52307403088,
        "dvar2": 3.52361941338,
        "max": 26.3359146118,
        "mean": 1.00842320919,
        "median": 0.454153716564,
        "min": 0,
        "var": 2.96220779419
    },
    "zerocrossingrate": {
        "dmean": 0.0138421701267,
        "dmean2": 0.0161831025034,
        "dvar": 0.000214826097363,
        "dvar2": 0.000227720287512,
        "max": 0.65869140625,
        "mean": 0.100082114339,
        "median": 0.09228515625,
        "min": 0.01171875,
        "var": 0.00159545172937
    },
    "barkbands": {
        "dmean": [3.28127935063e-05, 0.00266569317318, 0.00238053034991, 0.00256836484186, 0.00159528758377, 0.000441647309344, 0.000353729148628, 0.000349515845301, 0.00102293142118, 0.000756381428801, 0.000678888289258, 0.000473737483844, 0.00043639325304, 0.000383417645935, 0.000674811075442, 0.000735295005143, 0.000267785449978, 0.000315314275213, 0.000219095963985, 0.000196666340344, 0.000111608838779, 0.000136469534482, 0.000138572228025, 9.76377195911e-05, 0.000112486624857, 5.05215321027e-05, 1.25466713143e-05],
        "dmean2": [5.5444874306e-05, 0.00456931069493, 0.00379678769968, 0.00454973289743, 0.0028573628515, 0.000702593533788, 0.000567582319491, 0.000573944533244, 0.00167761463672, 0.00122375495266, 0.00107024691533, 0.000730219180696, 0.000697062525433, 0.000631065748166, 0.00102252222132, 0.00114228983875, 0.000440650299424, 0.000484624644741, 0.000341817503795, 0.000300898827845, 0.000169947932591, 0.000209787453059, 0.000219798545004, 0.000152687047375, 0.000181379058631, 7.79707188485e-05, 1.86075558304e-05],
        "dvar": [2.78434808543e-09, 1.65437086252e-05, 2.36568866967e-05, 3.10638388328e-05, 1.29063237182e-05, 8.68560618983e-07, 5.93753838984e-07, 7.83525138104e-07, 5.04234412801e-06, 2.93793436867e-06, 2.86095450974e-06, 1.771201255e-06, 7.8917207702e-07, 4.85448651943e-07, 9.97080314846e-06, 9.61813111644e-06, 5.77707339744e-07, 3.70494831259e-07, 1.35109061716e-07, 1.72998170456e-07, 1.95345144505e-08, 3.79822893137e-08, 4.07080236187e-08, 1.72061369597e-08, 2.79901790634e-08, 4.7278216897e-09, 3.09842707047e-10],
        "dvar2": [7.66525065643e-09, 4.39131727035e-05, 5.74457699258e-05, 8.52134689922e-05, 3.64129518857e-05, 2.12098098018e-06, 1.43452393786e-06, 2.05254332286e-06, 1.35605214382e-05, 7.63697244111e-06, 6.34721027382e-06, 3.81895233659e-06, 1.87178579836e-06, 1.26362238007e-06, 1.97868976102e-05, 2.16411044676e-05, 1.50249900344e-06, 8.52349614888e-07, 3.12101917643e-07, 3.95386962282e-07, 4.40515570688e-08, 8.92450273682e-08, 1.02425936177e-07, 4.02278566014e-08, 6.81476706177e-08, 1.02606971808e-08, 6.47107090135e-10],
        "max": [0.00106582627632, 0.0317226275802, 0.0397540181875, 0.0512084960938, 0.0400369092822, 0.0242000035942, 0.0163617450744, 0.0284862369299, 0.0428315475583, 0.0442783422768, 0.0553332157433, 0.0458897985518, 0.0237418543547, 0.0280058048666, 0.12650808692, 0.0941576063633, 0.0295342113823, 0.0128949992359, 0.0080436412245, 0.0119149722159, 0.00234356080182, 0.00228190212511, 0.00194365310017, 0.00182880368084, 0.00245506316423, 0.00070351024624, 0.000346440414432],
        "mean": [3.69206354662e-05, 0.00358805758879, 0.00235085166059, 0.00236899359152, 0.00169815763365, 0.00064356403891, 0.00048076728126, 0.000436291942606, 0.0014714282006, 0.00108137784991, 0.000985011924058, 0.000728453567717, 0.000675305433106, 0.000586379901506, 0.000966856663581, 0.00112812570296, 0.000417786039179, 0.00060507823946, 0.000462662137579, 0.000409359665355, 0.000245573901339, 0.000284488458419, 0.000296089914627, 0.000215292922803, 0.000225866373512, 0.000106141560536, 1.95519605768e-05],
        "median": [1.29702384584e-05, 0.00136432435829, 0.000588531955145, 0.000550527009182, 0.000681550707668, 0.000272670818958, 0.000191054568859, 0.00015626809909, 0.000472992134746, 0.000341826234944, 0.000287873321213, 0.000231930433074, 0.00030358688673, 0.00027971417876, 0.000363832601579, 0.000329018250341, 0.000233013968682, 0.000284612819087, 0.000259057764197, 0.000199819303816, 0.000178446425707, 0.000193127780221, 0.000213831663132, 0.000166057230672, 0.000162209311384, 7.00471136952e-05, 8.75367004483e-06],
        "min": [7.59806085231e-23, 1.50701210543e-23, 9.38268399657e-24, 1.4519288672e-24, 7.2174543982e-23, 2.38398751159e-23, 4.73747513622e-23, 1.14048894841e-23, 1.01031871067e-22, 7.88833705297e-23, 4.83994501237e-23, 9.25601738988e-23, 5.14741743413e-23, 9.49592450619e-23, 9.79364061183e-23, 1.48353371162e-22, 1.82636054413e-22, 1.51111834732e-22, 1.98335080625e-22, 3.12166876211e-22, 2.99592079972e-22, 4.79513783917e-22, 5.74666665932e-22, 1.01709257722e-21, 1.41756522474e-21, 1.48522571098e-21, 2.44387826065e-21],
        "var": [4.18925161227e-09, 2.61145833065e-05, 2.39864511968e-05, 2.45495557465e-05, 1.12846928459e-05, 1.46821992075e-06, 8.28060706226e-07, 8.58598468767e-07, 7.36985521144e-06, 4.12221061197e-06, 4.8208617045e-06, 3.38860695592e-06, 1.45280660035e-06, 7.20942466614e-07, 1.70323437487e-05, 1.75813620444e-05, 7.56955046199e-07, 9.22790832192e-07, 4.10796872075e-07, 5.05491129843e-07, 5.13820168635e-08, 8.27950756843e-08, 8.42398364398e-08, 3.91329599836e-08, 5.1684459379e-08, 1.01985451195e-08, 5.63429192191e-10]
    },
    "erbbands": {
        "dmean": [0.0427860319614, 0.717962861061, 2.61965537071, 4.7758140564, 8.27944469452, 4.53635215759, 3.33688831329, 3.93335413933, 4.2733707428, 6.8508014679, 8.05331516266, 22.3807487488, 27.6408061981, 20.660118103, 24.204366684, 17.7322025299, 18.7746887207, 18.6909770966, 20.3041687012, 44.0961303711, 31.4138526917, 13.1587429047, 15.8726758957, 14.3405761719, 8.98921966553, 9.62436962128, 4.87860155106, 5.02374505997, 5.13074493408, 4.03356409073, 3.98126840591, 2.24655294418, 1.71499335766, 1.36423397064, 0.773313164711, 0.307065427303, 0.0771817341447, 0.0154460724443, 0.00258122920059, 7.57022789912e-05],
        "dmean2": [0.0695231854916, 1.20610046387, 4.11723279953, 7.88011169434, 15.0956802368, 7.90774679184, 5.41032505035, 6.24653291702, 6.83190822601, 11.0331325531, 13.3395118713, 36.323841095, 45.2660102844, 33.0947875977, 37.0991897583, 27.0962562561, 29.7840843201, 30.046503067, 32.2982444763, 67.4969100952, 46.89112854, 21.0976333618, 24.4848442078, 21.8573665619, 14.1951646805, 14.6836252213, 7.45444965363, 7.76263666153, 7.99386119843, 6.03055429459, 6.2839384079, 3.53420734406, 2.74572587013, 2.20028543472, 1.25788140297, 0.477626681328, 0.118746720254, 0.0236392691731, 0.0037977474276, 0.000110080145532],
        "dvar": [0.00374381733127, 1.26622700691, 27.2856616974, 92.2928771973, 392.341522217, 109.869224548, 57.2212791443, 76.9119949341, 90.4825057983, 284.658630371, 412.971099854, 2496.19677734, 3988.07324219, 2094.74658203, 3281.03198242, 2609.98217773, 1649.15319824, 872.143127441, 1974.9173584, 48585.6835938, 16126.0107422, 841.951843262, 897.367980957, 722.221984863, 188.614898682, 456.984466553, 52.3771133423, 51.4857177734, 58.7901077271, 27.0253620148, 33.5296783447, 9.79520511627, 5.24707460403, 4.09198093414, 1.43523514271, 0.171383559704, 0.0112282373011, 0.000464745244244, 1.29263371491e-05, 1.05807318462e-08],
        "dvar2": [0.00935005582869, 3.24012923241, 63.848777771, 231.399520874, 1114.03137207, 298.369750977, 144.782073975, 186.502746582, 210.500778198, 720.388793945, 1117.44750977, 6595.08105469, 10748.3300781, 4979.43457031, 7235.68359375, 5813.46728516, 3915.84619141, 2192.83129883, 4414.5078125, 90752.96875, 32502.6445312, 1945.78918457, 2066.61425781, 1509.34802246, 439.620178223, 1032.91015625, 121.160202026, 119.437995911, 141.42098999, 60.7301368713, 83.2155914307, 23.6788654327, 12.3796138763, 10.0268793106, 3.57811355591, 0.378066122532, 0.0237416736782, 0.00105600839015, 2.65635353571e-05, 2.20093916425e-08],
        "max": [1.01928460598, 9.08286476135, 39.7440338135, 91.6302566528, 157.708251953, 196.885482788, 171.390579224, 304.797119141, 212.323532104, 390.473937988, 777.093444824, 1276.79125977, 1475.49157715, 1176.7097168, 1320.61706543, 2122.18969727, 1025.15185547, 520.092285156, 1978.99206543, 8340.79296875, 6139.36376953, 1072.41308594, 740.913757324, 1080.2833252, 369.849365234, 526.544006348, 216.809677124, 159.817810059, 98.1820068359, 76.3201751709, 66.0018081665, 44.6034851074, 29.701625824, 37.1226158142, 15.4430294037, 4.54144334793, 1.30357575417, 0.292265683413, 0.0632336214185, 0.00184761954006],
        "mean": [0.0665806382895, 0.941771090031, 2.80285167694, 5.27531671524, 7.26347112656, 5.34131193161, 4.77101182938, 5.7413520813, 6.12226819992, 9.32268238068, 11.0452108383, 32.7105445862, 40.5522422791, 32.7603683472, 38.5201072693, 29.3140659332, 30.7415847778, 31.9674396515, 33.4965782166, 70.3613510132, 51.6922683716, 23.6792011261, 31.5307559967, 30.1373996735, 20.220451355, 19.9928569794, 10.984246254, 10.0594129562, 10.0588951111, 9.49061393738, 8.24314308167, 4.80218172073, 3.65489602089, 2.73204684258, 1.45906627178, 0.648118555546, 0.160218060017, 0.0274443831295, 0.00398263987154, 0.000138323011925],
        "median": [0.0255594812334, 0.349559515715, 0.836404621601, 1.65130341053, 2.06909418106, 2.02872514725, 2.08599591255, 2.41647720337, 2.48230552673, 3.62489271164, 5.12490749359, 10.9102039337, 13.6840400696, 11.437836647, 13.2332286835, 11.1692180634, 14.6486053467, 15.9457645416, 18.7698345184, 20.9884777069, 17.7165641785, 14.3980979919, 16.6189785004, 15.1903743744, 11.7893266678, 9.49447631836, 7.8359375, 6.82664871216, 6.55125141144, 6.75566005707, 5.82887125015, 3.62292027473, 2.83402013779, 1.98727965355, 0.999027371407, 0.447716742754, 0.101025909185, 0.0156735852361, 0.00177875312511, 8.29952041386e-05],
        "min": [1.20524092658e-21, 1.43775652981e-21, 1.01347776159e-20, 7.86556674071e-21, 1.22479922442e-19, 3.2274273981e-19, 7.13140452675e-20, 2.82165730904e-19, 4.92608181857e-19, 6.50031250677e-19, 6.37795595056e-19, 1.79182975072e-18, 2.45168371947e-18, 2.2580140615e-18, 2.9778284917e-18, 3.38074547974e-18, 2.18344993313e-18, 3.01515129453e-18, 5.45257648819e-18, 6.63515690529e-18, 8.70882714984e-18, 1.04819930176e-17, 7.57204358735e-18, 8.82970553429e-18, 1.07853342103e-17, 1.82313402877e-17, 1.09452116791e-17, 1.57073955175e-17, 1.64685555366e-17, 1.60142001154e-17, 1.69579883789e-17, 2.13639874184e-17, 1.59843835631e-17, 1.38245628713e-17, 1.12938137134e-17, 5.81854104352e-18, 2.64267868894e-18, 1.09252205848e-18, 3.55185513067e-19, 3.89909547056e-20],
        "var": [0.00836298521608, 1.96319782734, 30.43334198, 93.1504516602, 266.977539062, 134.238250732, 93.0794296265, 122.251228333, 140.349472046, 351.846679688, 420.516693115, 3755.72802734, 5441.48828125, 3617.40185547, 6622.74511719, 4759.19042969, 3024.7590332, 1688.79931641, 4272.27392578, 99348.59375, 32036.15625, 1585.01208496, 2198.75488281, 2178.3034668, 679.240478516, 1293.36425781, 136.778961182, 107.641448975, 114.992805481, 82.3664627075, 68.2856292725, 20.555765152, 11.2067146301, 7.92388391495, 2.256295681, 0.369553923607, 0.0247395336628, 0.000849594594911, 2.37444746745e-05, 2.04792254266e-08]
    },
    "gfcc": {
        "mean": [33.7200889587, 38.8881263733, -116.867424011, 25.7694740295, -52.6812896729, 22.8507328033, -35.5764389038, 14.4607334137, -25.7248134613, 0.960396707058, -22.3875465393, 0.271255850792, -13.6218986511],
        "cov": [[3178.5769043, -179.924789429, 704.47833252, 371.763885498, 221.282653809, 158.943756104, 0.355998069048, -67.6376724243, -85.0674972534, -20.3734474182, -84.8987121582, -37.2273597717, -130.250823975], [-179.924789429, 621.647094727, 201.157943726, 218.528503418, 121.590003967, 33.5222396851, -1.87721788883, 37.8474769592, -2.05831837654, -7.76330518723, 38.8645935059, -14.9936313629, 10.4144945145], [704.47833252, 201.157943726, 1549.35852051, 703.897888184, 228.730224609, 217.772521973, -126.360733032, -47.324306488, -21.7371082306, 26.5192604065, -44.0655441284, -38.7895545959, -77.4491500854], [371.763885498, 218.528503418, 703.897888184, 583.05255127, 204.170898438, 169.908630371, -54.5172042847, 10.6372842789, 7.92692995071, 31.6574783325, 26.4095954895, -7.34450149536, -19.0111942291], [221.282653809, 121.590003967, 228.730224609, 204.170898438, 254.660095215, 140.28288269, 24.7598266602, 18.4312877655, 10.9715490341, -1.37671601772, -13.8189001083, -13.2905902863, -11.0867853165], [158.943756104, 33.5222396851, 217.772521973, 169.908630371, 140.28288269, 263.143249512, 107.551147461, 24.4596595764, -11.5799684525, 18.1380348206, -12.4964008331, -14.675283432, -22.8644638062], [0.355998069048, -1.87721788883, -126.360733032, -54.5172042847, 24.7598266602, 107.551147461, 210.36050415, 64.3000488281, -14.8247385025, 7.21631240845, 13.7675104141, -3.17332577705, -15.4250211716], [-67.6376724243, 37.8474769592, -47.324306488, 10.6372842789, 18.4312877655, 24.4596595764, 64.3000488281, 100.83089447, 38.1589393616, 9.57874298096, 13.8688459396, 7.20213270187, 9.96726799011], [-85.0674972534, -2.05831837654, -21.7371082306, 7.92692995071, 10.9715490341, -11.5799684525, -14.8247385025, 38.1589393616, 98.3357849121, 31.5905742645, -7.29152441025, 2.69379425049, 16.7267417908], [-20.3734474182, -7.76330518723, 26.5192604065, 31.6574783325, -1.37671601772, 18.1380348206, 7.21631240845, 9.57874298096, 31.5905742645, 73.867401123, 40.3682861328, 13.3173475266, 4.09939908981], [-84.8987121582, 38.8645935059, -44.0655441284, 26.4095954895, -13.8189001083, -12.4964008331, 13.7675104141, 13.8688459396, -7.29152441025, 40.3682861328, 112.099502563, 45.882144928, 15.2740840912], [-37.2273597717, -14.9936313629, -38.7895545959, -7.34450149536, -13.2905902863, -14.675283432, -3.17332577705, 7.20213270187, 2.69379425049, 13.3173475266, 45.882144928, 64.9948501587, 29.2821235657], [-130.250823975, 10.4144945145, -77.4491500854, -19.0111942291, -11.0867853165, -22.8644638062, -15.4250211716, 9.96726799011, 16.7267417908, 4.09939908981, 15.2740840912, 29.2821235657, 64.3916320801]],
        "icov": [[0.000425837584771, 0.000234924955294, -6.34080715827e-05, -0.000258898216998, -0.000331599352648, 0.000252548896242, -0.000177835201612, 9.13658514037e-05, 0.000361146172509, -0.00013433372078, 0.000406982493587, -0.000355546944775, 0.000626404769719], [0.000234924955294, 0.00230553303845, -7.68291283748e-05, -0.00083098304458, -0.000956418574788, 0.000783056777436, -0.00029538833769, -0.000597044709139, 0.000411194952903, 0.00081493408652, -0.00116544263437, 0.00149728590623, -0.000663538987283], [-6.34080715827e-05, -7.68291283748e-05, 0.001789453323, -0.00202364497818, 0.000288985553198, -0.000349354319042, 0.000707803061232, 0.000167482940014, 0.000638970988803, -0.000841755943839, 0.00151829002425, -0.000768474768847, 0.00138528004754], [-0.000258898216998, -0.00083098304458, -0.00202364497818, 0.00618114648387, -0.00152582908049, -0.00223162490875, 0.00225173658691, -0.00144478632137, -0.00055245065596, 0.000213039282244, -0.00319945835508, 0.00128744507674, -0.000987034873106], [-0.000331599352648, -0.000956418574788, 0.000288985553198, -0.00152582908049, 0.00750543549657, -0.00328770116903, 0.000259466003627, 0.000242140333285, -0.00199963385239, 0.00198569544591, 0.000257141044131, -9.5402727311e-05, -9.40340032685e-05], [0.000252548896242, 0.000783056777436, -0.000349354319042, -0.00223162490875, -0.00328770116903, 0.00962688680738, -0.00560014368966, 0.00101012084633, 0.00185670994688, -0.0031147710979, 0.00301778293215, -0.000547265459318, -9.14280026336e-05], [-0.000177835201612, -0.00029538833769, 0.000707803061232, 0.00225173658691, 0.000259466003627, -0.00560014368966, 0.0113014196977, -0.0070864292793, 0.00341886933893, -0.0010689732153, -0.00135261029936, 0.000640071579255, 0.00227424362674], [9.13658514037e-05, -0.000597044709139, 0.000167482940014, -0.00144478632137, 0.000242140333285, 0.00101012084633, -0.0070864292793, 0.0181318502873, -0.00892555806786, 0.00373848411255, -0.00205169455148, -0.000637741934042, -0.00119034154341], [0.000361146172509, 0.000411194952903, 0.000638970988803, -0.00055245065596, -0.00199963385239, 0.00185670994688, 0.00341886933893, -0.00892555806786, 0.0197328608483, -0.0116639556363, 0.00727693643421, -0.000919112935662, -0.0019064785447], [-0.00013433372078, 0.00081493408652, -0.000841755943839, 0.000213039282244, 0.00198569544591, -0.0031147710979, -0.0010689732153, 0.00373848411255, -0.0116639556363, 0.025395700708, -0.0122385118157, 0.00273408344947, 0.000120882301417], [0.000406982493587, -0.00116544263437, 0.00151829002425, -0.00319945835508, 0.000257141044131, 0.00301778293215, -0.00135261029936, -0.00205169455148, 0.00727693643421, -0.0122385118157, 0.0215154662728, -0.0127417333424, 0.00258225691505], [-0.000355546944775, 0.00149728590623, -0.000768474768847, 0.00128744507674, -9.5402727311e-05, -0.000547265459318, 0.000640071579255, -0.000637741934042, -0.000919112935662, 0.00273408344947, -0.0127417333424, 0.0288193374872, -0.0114827658981], [0.000626404769719, -0.000663538987283, 0.00138528004754, -0.000987034873106, -9.40340032685e-05, -9.14280026336e-05, 0.00227424362674, -0.00119034154341, -0.0019064785447, 0.000120882301417, 0.00258225691505, -0.0114827658981, 0.0240563508123]]
    },
    "melbands": {
        "dmean": [0.000559398846235, 0.00116580468602, 0.000980345066637, 0.000431740510976, 0.000130090978928, 8.68277347763e-05, 6.61069498165e-05, 7.56099834689e-05, 7.3707800766e-05, 0.000153670393047, 0.000140568095958, 8.60056679812e-05, 8.93194228411e-05, 5.69151052332e-05, 4.51236010122e-05, 4.36137161159e-05, 3.67038519471e-05, 3.23367057717e-05, 5.38031235919e-05, 6.0896625655e-05, 3.51091148332e-05, 1.53541714099e-05, 1.25595206555e-05, 1.75354543899e-05, 1.24665539261e-05, 7.76516753831e-06, 7.00567352396e-06, 6.94775962984e-06, 3.69693975699e-06, 2.63094329966e-06, 3.30116586156e-06, 3.20445906254e-06, 2.72525289802e-06, 2.38354596149e-06, 2.52022323366e-06, 2.06077538678e-06, 1.29551472128e-06, 1.24102700738e-06, 1.24692417103e-06, 1.22808671676e-06],
        "dmean2": [0.000961831829045, 0.00182062678505, 0.00164592755027, 0.000779285095632, 0.000213787076063, 0.000137820868986, 0.000105555409391, 0.000121413599118, 0.000122362180264, 0.000250930956099, 0.000229982950259, 0.000137910188641, 0.000138761941344, 8.72919335961e-05, 7.2029826697e-05, 6.94678528816e-05, 5.95813180553e-05, 5.27564843651e-05, 7.98383771325e-05, 9.35426287469e-05, 5.29946155439e-05, 2.50588436757e-05, 2.00139911612e-05, 2.7275087632e-05, 1.92572642845e-05, 1.2433343727e-05, 1.10340297397e-05, 1.07401720015e-05, 5.77326545681e-06, 4.12638610214e-06, 5.1881024774e-06, 5.09178471475e-06, 4.1642870201e-06, 3.67203961105e-06, 4.00408589485e-06, 3.3770365917e-06, 2.05405058296e-06, 2.0012753339e-06, 2.02842124963e-06, 2.00278532247e-06],
        "dvar": [6.34049854398e-07, 4.37992594016e-06, 4.22003586209e-06, 1.00657871371e-06, 8.49246362122e-08, 3.46544126728e-08, 1.98436769239e-08, 3.25730376005e-08, 3.09453085379e-08, 1.23199370705e-07, 1.02989638151e-07, 3.65687746751e-08, 4.92965632759e-08, 2.21676934586e-08, 1.35692150849e-08, 7.98406496472e-09, 3.55943963193e-09, 5.11365483291e-09, 6.90240327117e-08, 6.83523069256e-08, 2.48145184401e-08, 1.65660385409e-09, 3.76339875929e-10, 1.35142363966e-09, 5.78674885787e-10, 1.59782451159e-10, 1.50679677069e-10, 2.9373675714e-10, 4.35818013622e-11, 1.05779959444e-11, 2.53230821728e-11, 2.37542138737e-11, 1.45065071067e-11, 1.08446576372e-11, 1.27327887817e-11, 1.02891150461e-11, 3.09478874819e-12, 2.83827475411e-12, 2.71530259215e-12, 3.56702211171e-12],
        "dvar2": [1.69960708263e-06, 9.94062793325e-06, 1.10724104161e-05, 2.84929183181e-06, 2.160372361e-07, 8.29391808566e-08, 4.6571585699e-08, 8.26896169315e-08, 8.37034619394e-08, 3.28810699557e-07, 2.76557841516e-07, 8.7898683887e-08, 1.10468910464e-07, 4.66251854903e-08, 3.0080471447e-08, 1.96019129817e-08, 8.98187302312e-09, 1.22356844656e-08, 1.24737809415e-07, 1.41898297557e-07, 4.87487739065e-08, 4.0434522397e-09, 9.28635335296e-10, 3.12634029775e-09, 1.24711330152e-09, 3.83213516475e-10, 3.49799189614e-10, 6.77901845769e-10, 1.03068137358e-10, 2.43709722542e-11, 5.984790441e-11, 5.79341227769e-11, 3.36939642853e-11, 2.58345220217e-11, 3.16232214026e-11, 2.64588264492e-11, 7.34655999229e-12, 6.78808745325e-12, 6.47062308248e-12, 8.99594808368e-12],
        "max": [0.00867802277207, 0.0162198077887, 0.0193991623819, 0.00845311861485, 0.00816098786891, 0.0059317657724, 0.00301458663307, 0.00401034206152, 0.00597883109003, 0.00843825936317, 0.00732847070321, 0.00439691729844, 0.00608217809349, 0.00513759441674, 0.00460661808029, 0.00282471743412, 0.00116628978867, 0.00269170966931, 0.0127753028646, 0.00967041030526, 0.00904832873493, 0.00145606289152, 0.000452516018413, 0.000742744305171, 0.000961596146226, 0.000311165844323, 0.000296955171507, 0.000448826467618, 0.000226959018619, 4.77130743093e-05, 0.000117467898235, 6.43073726678e-05, 7.15733258403e-05, 6.51402588119e-05, 4.72176652693e-05, 3.57919634553e-05, 2.93200137094e-05, 2.29072156799e-05, 3.30877664965e-05, 3.56152959284e-05],
        "mean": [0.000820384186227, 0.00142480363138, 0.00104322808329, 0.000430228101322, 0.000189552170923, 0.000127795079607, 9.46693326114e-05, 0.000101675694168, 9.69803222688e-05, 0.000222437738557, 0.000201493268833, 0.000129257881781, 0.000135260735988, 8.83833417902e-05, 6.76201161696e-05, 6.79378135828e-05, 5.80676169193e-05, 4.75868400827e-05, 8.01308924565e-05, 9.33508927119e-05, 5.35124418093e-05, 2.39502496697e-05, 2.27065538638e-05, 3.1421201129e-05, 2.399603909e-05, 1.5643052393e-05, 1.37383813126e-05, 1.32034556373e-05, 7.28449685994e-06, 5.39768052477e-06, 6.00499743086e-06, 5.73667148274e-06, 5.41717872693e-06, 5.24910365129e-06, 4.93618517794e-06, 3.87212048736e-06, 2.60953652287e-06, 2.47456569014e-06, 2.52334757533e-06, 2.26964630201e-06],
        "median": [0.000321538362186, 0.000508230528794, 0.000340579834301, 0.000157681381097, 8.66807531565e-05, 5.48004027223e-05, 3.87532272725e-05, 3.85007879231e-05, 4.0039049054e-05, 7.0337249781e-05, 6.48231216474e-05, 4.10613138229e-05, 4.19192911068e-05, 3.02970256598e-05, 2.55004997598e-05, 3.06434230879e-05, 2.6276204153e-05, 2.60272790911e-05, 2.57323681581e-05, 2.59338485193e-05, 1.69266277226e-05, 1.28221909108e-05, 1.38831346703e-05, 1.39582607517e-05, 1.13089881779e-05, 8.92640491656e-06, 7.0510191108e-06, 5.6444096117e-06, 4.65177890874e-06, 3.87806448998e-06, 3.71427381651e-06, 3.46241017724e-06, 3.52959295924e-06, 3.71530109078e-06, 3.30769353241e-06, 2.76396531262e-06, 1.88855528904e-06, 1.83615406968e-06, 1.91336766875e-06, 1.5713646917e-06],
        "min": [1.13505196127e-23, 3.87814670629e-24, 3.28410939832e-24, 1.8246816588e-23, 4.65448681122e-24, 6.15190337037e-24, 8.43347843489e-24, 6.09694264225e-24, 6.33263534806e-24, 1.28050931361e-23, 1.28878209793e-23, 9.56436260734e-24, 8.23328131436e-24, 1.31338998278e-23, 4.3239730246e-24, 4.71783155305e-24, 5.99747950944e-24, 9.61465249005e-24, 9.28012892344e-24, 7.23727342404e-24, 1.1280782731e-23, 1.15860458689e-23, 7.8291360397e-24, 7.19523975957e-24, 6.56673968245e-24, 9.2153721206e-24, 7.12056460856e-24, 1.30917454676e-23, 6.33284715722e-24, 5.66021267904e-24, 1.11102594023e-23, 1.00864978076e-23, 7.31565543244e-24, 9.78361308531e-24, 1.00629542539e-23, 9.21053403666e-24, 1.4674441046e-23, 8.18089700595e-24, 1.73248243609e-23, 9.42287803741e-24],
        "var": [1.21118137031e-06, 5.88570355831e-06, 3.86724013879e-06, 7.67120468481e-07, 1.4451252639e-07, 5.82593031595e-08, 3.08406526983e-08, 4.10975822263e-08, 3.31571143874e-08, 1.83059981396e-07, 1.39255391218e-07, 6.03977809988e-08, 8.73209202723e-08, 4.56299993346e-08, 2.5026208661e-08, 1.37741507089e-08, 6.48010711757e-09, 7.14455383743e-09, 1.38613742706e-07, 1.41277894272e-07, 4.51603305862e-08, 2.57844168239e-09, 7.59247109627e-10, 3.03049940698e-09, 1.54475165992e-09, 4.62028887371e-10, 4.35689540002e-10, 7.17489290203e-10, 9.2060539747e-11, 2.58550958421e-11, 4.77037818969e-11, 4.27276408699e-11, 3.38148987977e-11, 2.97467606103e-11, 2.70870548214e-11, 1.63312367102e-11, 6.73152115646e-12, 5.52458686437e-12, 5.97388631618e-12, 6.23811462555e-12]
    },
    "mfcc": {
        "mean": [-611.453857422, 79.4901199341, -5.53313493729, 10.1508684158, 6.23793172836, 6.44168138504, 3.66514658928, 8.93032073975, 3.35707688332, 4.06356048584, -0.405747681856, -6.34202194214, -2.23638415337],
        "cov": [[2434.35327148, -196.050308228, 230.004501343, 180.466888428, 149.880233765, 183.414962769, 109.177497864, 52.5055961609, -23.8287239075, 8.47684955597, -0.716270923615, -1.68739926815, -15.7559127808], [-196.050308228, 443.377929688, 32.2020111084, 79.069694519, 64.2971343994, -9.88250160217, 36.0984687805, 21.3414726257, 1.12147796154, 15.5492630005, -0.168564304709, -14.5397624969, 11.6363563538], [230.004501343, 32.2020111084, 1232.73193359, 493.911407471, 445.038421631, 253.300216675, 69.8151626587, -1.76179969311, -2.4537050724, 33.3131790161, -14.8224925995, 65.7635955811, -8.77735137939], [180.466888428, 79.069694519, 493.911407471, 389.16494751, 288.727935791, 106.716972351, 40.498008728, 13.4363613129, -8.8031463623, 25.112165451, -10.965795517, 40.9381217957, 31.5692138672], [149.880233765, 64.2971343994, 445.038421631, 288.727935791, 398.22833252, 166.951934814, 27.1390304565, 18.8256893158, 24.7896442413, 26.8092517853, -22.4051895142, 28.191028595, 20.7188262939], [183.414962769, -9.88250160217, 253.300216675, 106.716972351, 166.951934814, 246.873840332, 122.347068787, 48.5791053772, 41.9696998596, 34.6781272888, 20.6286258698, 21.7594203949, -5.68682336807], [109.177497864, 36.0984687805, 69.8151626587, 40.498008728, 27.1390304565, 122.347068787, 210.543899536, 86.3020706177, 6.73442029953, 34.4081497192, 34.33801651, 8.88234519958, 7.46322393417], [52.5055961609, 21.3414726257, -1.76179969311, 13.4363613129, 18.8256893158, 48.5791053772, 86.3020706177, 114.480041504, 43.9639358521, 31.9608459473, 22.9599399567, -10.90766716, 2.43458747864], [-23.8287239075, 1.12147796154, -2.4537050724, -8.8031463623, 24.7896442413, 41.9696998596, 6.73442029953, 43.9639358521, 107.13218689, 44.6723899841, 9.46615886688, -0.719826221466, -11.2931022644], [8.47684955597, 15.5492630005, 33.3131790161, 25.112165451, 26.8092517853, 34.6781272888, 34.4081497192, 31.9608459473, 44.6723899841, 88.4764862061, 28.9996509552, -3.94705462456, 2.74948143959], [-0.716270923615, -0.168564304709, -14.8224925995, -10.965795517, -22.4051895142, 20.6286258698, 34.33801651, 22.9599399567, 9.46615886688, 28.9996509552, 76.3307113647, 24.2834777832, -0.886337995529], [-1.68739926815, -14.5397624969, 65.7635955811, 40.9381217957, 28.191028595, 21.7594203949, 8.88234519958, -10.90766716, -0.719826221466, -3.94705462456, 24.2834777832, 78.88256073, 30.3249359131], [-15.7559127808, 11.6363563538, -8.77735137939, 31.5692138672, 20.7188262939, -5.68682336807, 7.46322393417, 2.43458747864, -11.2931022644, 2.74948143959, -0.886337995529, 30.3249359131, 72.3964385986]],
