{
"lowlevel": {
    "average_loudness": 0.964006483555,
    "barkbands_crest": {
        "dmean": 3.31642317772,
        "dmean2": 5.52648496628,
        "dvar": 8.44795417786,
        "dvar2": 24.0560665131,
        "max": 23.855556488,
        "mean": 9.94632053375,
        "median": 9.32366085052,
        "min": 2.46348500252,
        "var": 18.0814685822
    },
    "barkbands_flatness_db": {
        "dmean": 0.022429632023,
        "dmean2": 0.0358121097088,
        "dvar": 0.000395833019866,
        "dvar2": 0.00107276707422,
        "max": 0.278669625521,
        "mean": 0.0933973789215,
        "median": 0.0910696238279,
        "min": 0.0180328879505,
        "var": 0.00124777771998
    },
    "barkbands_kurtosis": {
        "dmean": 1.93358469009,
        "dmean2": 3.2399866581,
        "dvar": 9.08374214172,
        "dvar2": 25.8195991516,
        "max": 54.19764328,
        "mean": 1.59718859196,
        "median": 0.469276428223,
        "min": -1.88104200363,
        "var": 13.8789081573
    },
    "barkbands_skewness": {
        "dmean": 0.543911278248,
        "dmean2": 0.875887691975,
        "dvar": 0.270493239164,
        "dvar2": 0.72866410017,
        "max": 6.98424911499,
        "mean": 1.13696098328,
        "median": 0.995948553085,
        "min": -2.49660015106,
        "var": 0.849142432213
    },
    "barkbands_spread": {
        "dmean": 9.8497209549,
        "dmean2": 15.7862901688,
        "dvar": 106.980514526,
        "dvar2": 255.138061523,
        "max": 113.804016113,
        "mean": 34.2841262817,
        "median": 32.4678421021,
        "min": 2.65010404587,
        "var": 282.003631592
    },
    "dissonance": {
        "dmean": 0.0169875938445,
        "dmean2": 0.0289822835475,
        "dvar": 0.00026301361504,
        "dvar2": 0.000718357448932,
        "max": 0.500000119209,
        "mean": 0.474334776402,
        "median": 0.479962646961,
        "min": 0.29452174902,
        "var": 0.000444413599325
    },
    "dynamic_complexity": 1.55654287338,
    "erbbands_crest": {
        "dmean": 2.89170312881,
        "dmean2": 4.67894172668,
        "dvar": 7.4005279541,
        "dvar2": 18.4633617401,
        "max": 30.1272945404,
        "mean": 8.48008728027,
        "median": 7.47321510315,
        "min": 2.1335811615,
        "var": 18.4286155701
    },
    "erbbands_flatness_db": {
        "dmean": 0.0193237867206,
        "dmean2": 0.0285470187664,
        "dvar": 0.000358447490726,
        "dvar2": 0.000677962903865,
        "max": 0.364333361387,
        "mean": 0.127592816949,
        "median": 0.117878042161,
        "min": 0.0341357365251,
        "var": 0.00271620135754
    },
    "erbbands_kurtosis": {
        "dmean": 0.874132335186,
        "dmean2": 1.3911242485,
        "dvar": 1.51467144489,
        "dvar2": 3.72559022903,
        "max": 19.3272743225,
        "mean": 0.319953113794,
        "median": -0.0995616912842,
        "min": -1.67551207542,
        "var": 2.69325900078
    },
    "erbbands_skewness": {
        "dmean": 0.371659696102,
        "dmean2": 0.580017149448,
        "dvar": 0.105868831277,
        "dvar2": 0.245195969939,
        "max": 3.7073931694,
        "mean": 0.44985345006,
        "median": 0.44153636694,
        "min": -3.67548322678,
        "var": 0.434244543314
    },
    "erbbands_spread": {
        "dmean": 10.0143375397,
        "dmean2": 15.1309347153,
        "dvar": 113.264709473,
        "dvar2": 236.901489258,
        "max": 148.903457642,
        "mean": 42.2545471191,
        "median": 37.0717773438,
        "min": 4.74430084229,
        "var": 469.924499512
    },
    "hfc": {
        "dmean": 20.6616954803,
        "dmean2": 33.3340873718,
        "dvar": 1055.40808105,
        "dvar2": 2633.06518555,
        "max": 245.904281616,
        "mean": 44.038684845,
        "median": 35.271938324,
        "min": 1.25550121883e-16,
        "var": 1196.04699707
    },
    "melbands_crest": {
        "dmean": 3.92455220222,
        "dmean2": 6.34808349609,
        "dvar": 11.316740036,
        "dvar2": 27.1741104126,
        "max": 32.6577949524,
        "mean": 14.9957294464,
        "median": 14.7613639832,
        "min": 1.66420161724,
        "var": 32.4914855957
    },
    "melbands_flatness_db": {
        "dmean": 0.0311104226857,
        "dmean2": 0.0487876608968,
        "dvar": 0.000741868338082,
        "dvar2": 0.00210101809353,
        "max": 0.328935295343,
        "mean": 0.154832527041,
        "median": 0.154715567827,
        "min": 0.00372278410941,
        "var": 0.00242522615008
    },
    "melbands_kurtosis": {
        "dmean": 7.05900907516,
        "dmean2": 11.6826648712,
        "dvar": 172.847869873,
        "dvar2": 488.410400391,
        "max": 250.291061401,
        "mean": 10.7943372726,
        "median": 4.88998270035,
        "min": -1.80093538761,
        "var": 276.261413574
    },
    "melbands_skewness": {
        "dmean": 0.853806912899,
        "dmean2": 1.34901738167,
        "dvar": 0.815459132195,
        "dvar2": 2.13297390938,
        "max": 13.2377614975,
        "mean": 2.37453937531,
        "median": 1.94007575512,
        "min": -1.25957679749,
        "var": 2.79613995552
    },
    "melbands_spread": {
        "dmean": 10.298327446,
        "dmean2": 16.7770881653,
        "dvar": 104.563316345,
        "dvar2": 262.401397705,
        "max": 143.354492188,
        "mean": 32.0748710632,
        "median": 29.5802993774,
        "min": 2.20173430443,
        "var": 291.862426758
    },
    "pitch_salience": {
        "dmean": 0.0809091925621,
        "dmean2": 0.126853525639,
        "dvar": 0.00500305136666,
        "dvar2": 0.012825936079,
        "max": 0.981779038906,
        "mean": 0.543401956558,
        "median": 0.532409489155,
        "min": 0.172210901976,
        "var": 0.015224150382
    },
    "silence_rate_20dB": {
        "dmean": 0,
        "dmean2": 0,
        "dvar": 0,
        "dvar2": 0,
        "max": 1,
        "mean": 1,
        "median": 1,
        "min": 1,
        "var": 0
    },
    "silence_rate_30dB": {
        "dmean": 0.000480884831632,
        "dmean2": 0.000961885321885,
        "dvar": 0.000480656250147,
        "dvar2": 0.00144191330764,
        "max": 1,
        "mean": 0.999759614468,
        "median": 1,
        "min": 0,
        "var": 0.00024033729278
    },
    "silence_rate_60dB": {
        "dmean": 0.001442654524,
        "dmean2": 0.00288565596566,
        "dvar": 0.00144049851224,
        "dvar2": 0.00359859713353,
        "max": 1,
        "mean": 0.00576992426068,
        "median": 0,
        "min": 0,
        "var": 0.0057357721962
    },
    "spectral_centroid": {
        "dmean": 288.12713623,
        "dmean2": 460.538970947,
        "dvar": 71537.6015625,
        "dvar2": 164145.09375,
        "max": 10903.6855469,
        "mean": 1847.70996094,
        "median": 1846.82043457,
        "min": 298.097045898,
        "var": 245426.03125
    },
    "spectral_complexity": {
        "dmean": 4.24765586853,
        "dmean2": 6.86858224869,
        "dvar": 16.9503917694,
        "dvar2": 39.0622253418,
        "max": 56,
        "mean": 25.8665714264,
        "median": 26,
        "min": 0,
        "var": 65.2613525391
    },
    "spectral_decrease": {
        "dmean": 3.2764664315e-09,
        "dmean2": 5.33539479264e-09,
        "dvar": 1.50413132923e-17,
        "dvar2": 3.98642854823e-17,
        "max": 2.57035513158e-29,
        "mean": -8.37535374387e-09,
        "median": -7.23881576903e-09,
        "min": -3.51893554296e-08,
        "var": 2.52809887126e-17
    },
    "spectral_energy": {
        "dmean": 0.0134858265519,
        "dmean2": 0.0220404025167,
        "dvar": 0.000245908944635,
        "dvar2": 0.000638463359792,
        "max": 0.144828796387,
        "mean": 0.0356049574912,
        "median": 0.0311537813395,
        "min": 1.12907504051e-20,
        "var": 0.000409890839364
    },
    "spectral_energyband_high": {
        "dmean": 0.00166373362299,
        "dmean2": 0.00271302671172,
        "dvar": 8.80220068211e-06,
        "dvar2": 2.19362318603e-05,
        "max": 0.021765505895,
        "mean": 0.00252850702964,
        "median": 0.00151445437223,
        "min": 8.35779171176e-21,
        "var": 9.23353945836e-06
    },
    "spectral_energyband_low": {
        "dmean": 0.00837005395442,
        "dmean2": 0.0138719603419,
        "dvar": 0.000145086611155,
        "dvar2": 0.000408513267757,
        "max": 0.0842275619507,
        "mean": 0.0147037226707,
        "median": 0.0124164540321,
        "min": 6.16254226409e-23,
        "var": 0.00022418781009
    },
    "spectral_energyband_middle_high": {
        "dmean": 0.00387024972588,
        "dmean2": 0.00610891915858,
        "dvar": 2.35670995608e-05,
        "dvar2": 5.61777742405e-05,
        "max": 0.0748819187284,
        "mean": 0.0103513002396,
        "median": 0.00849372241646,
        "min": 1.65644109159e-21,
        "var": 6.32946394035e-05
    },
    "spectral_energyband_middle_low": {
        "dmean": 0.00539523456246,
        "dmean2": 0.00893298350275,
        "dvar": 5.26118856214e-05,
        "dvar2": 0.000132791421493,
        "max": 0.114875949919,
        "mean": 0.00938908290118,
        "median": 0.00670584058389,
        "min": 2.82355759494e-22,
        "var": 7.41154071875e-05
    },
    "spectral_entropy": {
        "dmean": 0.160193428397,
        "dmean2": 0.244037747383,
        "dvar": 0.0287397541106,
        "dvar2": 0.0614484362304,
        "max": 9.82049846649,
        "mean": 7.97524118423,
        "median": 7.97823095322,
        "min": 6.71273612976,
        "var": 0.108235493302
    },
    "spectral_flux": {
        "dmean": 0.0283638928086,
        "dmean2": 0.0452244728804,
        "dvar": 0.000945646606851,
        "dvar2": 0.00207677227445,
        "max": 0.335738629103,
        "mean": 0.112940438092,
        "median": 0.105673536658,
        "min": 1.06257939947e-10,
        "var": 0.00195705750957
    },
    "spectral_kurtosis": {
        "dmean": 0.903023719788,
        "dmean2": 1.38935303688,
        "dvar": 1.06113564968,
        "dvar2": 2.37144184113,
        "max": 19.93450737,
        "mean": 3.26966404915,
        "median": 2.84062290192,
        "min": -1.12641012669,
        "var": 4.65225839615
    },
    "spectral_rms": {
        "dmean": 0.00105991994496,
        "dmean2": 0.00170637271367,
        "dvar": 1.16790533866e-06,
        "dvar2": 2.96852658721e-06,
        "max": 0.0118868155405,
        "mean": 0.00566128687933,
        "median": 0.00551306921989,
        "min": 3.31894060845e-12,
        "var": 2.68629969469e-06
    },
    "spectral_rolloff": {
        "dmean": 1260.41906738,
        "dmean2": 2110.92480469,
        "dvar": 3888924,
        "dvar2": 8299966.5,
        "max": 18712.3535156,
        "mean": 2459.26928711,
        "median": 1851.85546875,
        "min": 86.1328125,
        "var": 5719900
    },
    "spectral_skewness": {
        "dmean": 0.155755802989,
        "dmean2": 0.241400972009,
        "dvar": 0.0257356893271,
        "dvar2": 0.0564740747213,
        "max": 3.08552503586,
        "mean": 1.5031440258,
        "median": 1.50179219246,
        "min": 0.00484896404669,
        "var": 0.102875441313
    },
    "spectral_spread": {
        "dmean": 851559.25,
        "dmean2": 1220089.125,
        "dvar": 1.21896134246e+12,
        "dvar2": 2.13499733606e+12,
        "max": 39690072,
        "mean": 6407900,
        "median": 6201800.5,
        "min": 1948830.5,
        "var": 4.74042125517e+12
    },
    "spectral_strongpeak": {
        "dmean": 0.721769690514,
        "dmean2": 1.25267744064,
        "dvar": 1.34350752831,
        "dvar2": 3.40403175354,
        "max": 16.9979820251,
        "mean": 0.973133862019,
        "median": 0.375989258289,
        "min": 4.38182556906e-09,
        "var": 1.77185952663
    },
    "zerocrossingrate": {
        "dmean": 0.0184421557933,
        "dmean2": 0.0226188059896,
        "dvar": 0.000435383699369,
        "dvar2": 0.000568874704186,
        "max": 0.51953125,
        "mean": 0.0984132960439,
        "median": 0.087890625,
        "min": 0.0126953125,
        "var": 0.00190619251225
    },
    "barkbands": {
        "dmean": [0.000243122864049, 0.00682373996824, 0.00173046812415, 0.00228932546452, 0.000937299162615, 0.000795335159637, 0.000601011037361, 0.000737064925488, 0.00172732316423, 0.00169580872171, 0.0013734861277, 0.000903299776837, 0.000470995582873, 0.00031840291922, 0.000482175295474, 0.000385160092264, 0.000315193174174, 0.000421305943746, 0.000359070196282, 0.000214940635487, 0.000124574376969, 0.000150780586409, 0.000261121487711, 0.000382547703339, 0.00044043228263, 0.000246411102125, 0.000124528785818],
        "dmean2": [0.000355293333996, 0.0115218898281, 0.00280901812948, 0.00417755078524, 0.00159010163043, 0.00129783083685, 0.000957948446739, 0.00121912977193, 0.00282972375862, 0.00272364681587, 0.00222538528033, 0.00144905294292, 0.000788439065218, 0.000533264130354, 0.000786069780588, 0.000616457022261, 0.000513712235261, 0.000678316573612, 0.000573154364247, 0.000347901368514, 0.000213110877667, 0.000249206932494, 0.00043659703806, 0.000643522595055, 0.000706771621481, 0.000397493364289, 0.000200480819331],
        "dvar": [1.31954806193e-07, 0.00010007317178, 1.18279185699e-05, 2.27672717301e-05, 3.77214973923e-06, 2.5570454909e-06, 2.65375524577e-06, 4.45753767053e-06, 1.34889905894e-05, 1.02859648905e-05, 6.08340678809e-06, 3.42930843544e-06, 6.13088673163e-07, 2.80546231579e-07, 1.20219533528e-06, 1.42571309425e-06, 5.49129936189e-07, 9.49425839281e-07, 6.15325859599e-07, 1.12725295764e-07, 4.22160653102e-08, 7.16054771033e-08, 2.10603801065e-07, 4.98888823586e-07, 7.83720167874e-07, 3.16594508831e-07, 1.18976693386e-07],
        "dvar2": [2.17861909846e-07, 0.000301144958939, 2.87795392069e-05, 6.34453099337e-05, 9.79339893092e-06, 6.09132075624e-06, 5.78121625949e-06, 1.13456007966e-05, 3.37361670972e-05, 2.4098342692e-05, 1.54859462782e-05, 8.5506353571e-06, 1.61106618179e-06, 7.37228276648e-07, 3.14609860652e-06, 3.42605198966e-06, 1.24590405903e-06, 2.15308023144e-06, 1.45001649798e-06, 2.59216619725e-07, 1.11110601608e-07, 1.8969150517e-07, 5.44260956303e-07, 1.34054812406e-06, 1.92624816009e-06, 7.84775920692e-07, 2.98931468024e-07],
        "max": [0.00561952777207, 0.0707000717521, 0.0311422590166, 0.0358700156212, 0.0362843722105, 0.0380318798125, 0.0742566734552, 0.0712672472, 0.109695807099, 0.0680290460587, 0.0491977110505, 0.0590208359063, 0.0183205120265, 0.0128620592877, 0.036707431078, 0.0454431548715, 0.0214462112635, 0.0366053655744, 0.0250891130418, 0.00889556668699, 0.00293398671784, 0.00414735870436, 0.00334691628814, 0.00626645097509, 0.0069957524538, 0.00556612107903, 0.00299392873421],
        "mean": [0.000612156174611, 0.0108994748443, 0.00226400885731, 0.0017754919827, 0.00119201326743, 0.00119242933579, 0.00091199146118, 0.000999528798275, 0.00248150900006, 0.00246664462611, 0.00202108966187, 0.00139831705019, 0.000741283758543, 0.000518534157891, 0.000775685592089, 0.000594045210164, 0.000529174751136, 0.000735111010727, 0.000715868489351, 0.000452724430943, 0.000203553092433, 0.000236389023485, 0.000365641375538, 0.000526183983311, 0.000607622612733, 0.000276132544968, 0.000112351939606],
        "median": [0.000207769437111, 0.00860324967653, 0.000814742059447, 0.00039879581891, 0.000538247113582, 0.000435480149463, 0.000396045361413, 0.000424544967245, 0.00109125929885, 0.00104779668618, 0.000870315008797, 0.000715351547115, 0.000405524420785, 0.000278086547041, 0.000368816923583, 0.000261442793999, 0.000257907988271, 0.000419266725658, 0.000454532098956, 0.000306084315525, 0.000125520979054, 0.000123941179481, 0.000187667304999, 0.000290917319944, 0.000300675601466, 0.000107315601781, 1.4663638467e-05],
        "min": [3.93001352195e-23, 1.94077074515e-23, 2.46771468371e-23, 2.36865268668e-23, 5.02162409646e-23, 5.07159748817e-23, 3.3539342775e-23, 2.81721225025e-23, 8.54339263362e-23, 6.99271676155e-23, 8.37723580779e-23, 8.05645467147e-23, 1.5495081055e-22, 1.13837387032e-22, 1.37278634956e-22, 1.03751478504e-22, 1.87649322264e-22, 2.23431358727e-22, 3.76784606037e-22, 3.19152952657e-22, 2.80532872336e-22, 6.11132890925e-22, 5.07883695936e-22, 9.4116270823e-22, 1.56265464288e-21, 1.80691384802e-21, 2.76516765059e-21],
        "var": [8.98994869658e-07, 0.000129841821035, 1.4544764781e-05, 1.55532070494e-05, 4.81270944874e-06, 5.88446619076e-06, 5.82350003242e-06, 6.36417644273e-06, 1.82744533959e-05, 1.7041400497e-05, 1.0389309864e-05, 4.94539563078e-06, 9.84557800621e-07, 4.62706111648e-07, 1.96261066776e-06, 1.96676728592e-06, 9.59836938819e-07, 1.65474887126e-06, 1.0326177744e-06, 2.84677071249e-07, 5.61183561842e-08, 8.75772911968e-08, 2.21545704449e-07, 4.61561398879e-07, 8.20350408048e-07, 2.89926930463e-07, 1.04142344526e-07]
    },
    "erbbands": {
        "dmean": [0.192763447762, 1.5915157795, 2.20558452606, 4.92200756073, 5.30212450027, 2.94636750221, 5.01837730408, 6.42344760895, 7.92817926407, 9.42312908173, 21.9730072021, 37.2587852478, 49.7740821838, 53.8999824524, 44.0734024048, 32.2276268005, 21.332326889, 16.4020004272, 17.4016742706, 23.7316474915, 18.5099315643, 16.5832767487, 19.2194271088, 24.2552909851, 12.6391792297, 9.40236091614, 4.960750103, 5.77150917053, 5.10210990906, 6.72848081589, 7.60228252411, 7.669008255, 6.62291622162, 4.59909582138, 3.47974967957, 1.41647803783, 0.406873375177, 0.104088313878, 0.0239437818527, 0.000918687786907],
        "dmean2": [0.317497551441, 2.70996284485, 3.56712651253, 8.67840957642, 9.36991119385, 5.09197711945, 8.35240650177, 10.3992023468, 12.450750351, 15.171708107, 36.2304725647, 61.1912155151, 79.7716217041, 87.7074966431, 70.7016983032, 51.6514701843, 35.3306503296, 27.3105735779, 28.5903244019, 37.8671150208, 29.3419628143, 26.5459537506, 30.303943634, 38.8619995117, 20.0871009827, 15.1548166275, 8.15493679047, 10.0079116821, 8.48527336121, 11.4011192322, 12.7247562408, 13.0727968216, 11.0447826385, 7.34485912323, 5.65764045715, 2.31161308289, 0.654586136341, 0.163925006986, 0.0383063293993, 0.00149589427747],
        "dvar": [0.0552391074598, 6.2943110466, 16.7223701477, 99.3119277954, 107.940711975, 48.1335258484, 108.528175354, 204.515472412, 496.952575684, 785.877624512, 2848.54467773, 7751.24511719, 11098.8564453, 7858.69042969, 8239.93359375, 3821.12426758, 1289.66699219, 716.518737793, 1024.12524414, 4008.90600586, 2616.37182617, 1466.88244629, 2093.68383789, 2647.50390625, 705.927307129, 209.716049194, 57.7520217896, 114.469490051, 80.7259368896, 142.730422974, 172.905776978, 239.151245117, 130.929885864, 72.2866592407, 49.8657264709, 9.71838855743, 0.931938767433, 0.0641553923488, 0.00444945925847, 7.34819968784e-06],
        "dvar2": [0.164438128471, 18.2819786072, 41.8284568787, 265.368164062, 288.604675293, 136.424713135, 268.084106445, 488.577545166, 1000.48895264, 1792.61865234, 7461.25097656, 19858.6757812, 26781.5253906, 19983.59375, 21458.1269531, 9198.11816406, 3395.67016602, 1917.10705566, 2715.52661133, 9823.56347656, 6349.40625, 3395.04174805, 4580.06689453, 5362.39160156, 1708.03369141, 474.553588867, 142.751739502, 311.212738037, 215.731216431, 380.48425293, 438.017700195, 653.808410645, 340.277954102, 179.647705078, 121.694618225, 24.1849555969, 2.32930445671, 0.155320733786, 0.0110663147643, 1.88602880371e-05],
        "max": [1.92571139336, 17.2709026337, 32.5836791992, 86.404586792, 135.153015137, 131.18699646, 322.740356445, 359.704803467, 1273.31665039, 859.804138184, 1843.33239746, 3157.49438477, 2528.5480957, 1356.71435547, 1918.48718262, 1494.21789551, 950.316833496, 739.611572266, 809.618286133, 1974.29199219, 1516.16796875, 1236.74023438, 1928.4206543, 1793.95031738, 1014.02520752, 328.65725708, 239.984069824, 183.7552948, 113.421928406, 129.878997803, 100.501121521, 136.864807129, 98.2320022583, 78.0517120361, 56.7546463013, 26.8378944397, 9.75281047821, 2.39904069901, 0.609705507755, 0.0229716449976],
        "mean": [0.355819731951, 2.2221019268, 3.20291757584, 4.43644475937, 4.95910263062, 3.7445833683, 6.60140991211, 9.91834259033, 12.7274484634, 14.2597322464, 31.2146282196, 54.0283699036, 75.5360488892, 82.4145202637, 71.0573883057, 54.0225563049, 37.2911300659, 29.0884628296, 31.3898220062, 40.0440864563, 32.4728736877, 30.2915763855, 35.8590965271, 48.0244598389, 28.0227813721, 20.161441803, 10.0639476776, 8.39933776855, 7.88760948181, 9.30159664154, 10.9458713531, 10.0373592377, 9.24368953705, 6.94942045212, 4.32477903366, 1.6292001009, 0.442380934954, 0.105392850935, 0.0217595733702, 0.000826765142847],
        "median": [0.289064079523, 1.24925255775, 1.1913203001, 1.42911076546, 1.72095394135, 1.57183384895, 2.00408673286, 3.7987549305, 5.56542778015, 6.88408517838, 14.1038122177, 24.3730602264, 32.4260787964, 40.5879211426, 32.6417999268, 31.0978069305, 22.8061084747, 17.6385040283, 17.1733970642, 20.5649089813, 15.6090888977, 15.0203313828, 19.6365394592, 31.5669898987, 17.6948280334, 13.9321680069, 7.20785140991, 4.62687969208, 4.02191352844, 4.61242103577, 5.80469751358, 4.97121858597, 5.17537975311, 3.82612895966, 1.87804436684, 0.678885102272, 0.161322951317, 0.0245220474899, 0.00286094052717, 0.000141803728184],
        "min": [2.67844101473e-22, 5.79471684601e-21, 2.96157736534e-20, 4.79511980518e-20, 1.50160616913e-19, 1.51935824055e-19, 3.35508540656e-19, 3.94418043286e-19, 4.55779619444e-19, 4.02939993998e-19, 1.23592022832e-18, 1.90049212509e-18, 1.13055117016e-18, 3.25781878929e-18, 3.92437354139e-18, 3.80244546474e-18, 6.1445767635e-18, 5.53501248086e-18, 7.28730155073e-18, 6.5414625709e-18, 6.12224454132e-18, 1.06143510146e-17, 1.1278359498e-17, 2.31033861192e-17, 1.28505105507e-17, 1.34831721976e-17, 1.31068596128e-17, 1.42265883654e-17, 2.14828549268e-17, 1.52696565004e-17, 1.26375876436e-17, 1.93476503029e-17, 1.74885982721e-17, 1.82048225316e-17, 1.04371805079e-17, 6.6692677658e-18, 3.20186312278e-18, 1.2927943755e-18, 3.79223666011e-19, 4.07011764714e-20],
        "var": [0.113800868392, 7.76139736176, 23.6658477783, 79.6859588623, 91.8302383423, 58.9666938782, 233.761581421, 430.066314697, 1223.70043945, 1215.21228027, 4098.46289062, 9379.86035156, 17279.703125, 13613.9414062, 14694.8847656, 6218.92919922, 2157.63452148, 1169.84533691, 1775.53063965, 6159.91357422, 4153.34228516, 2884.13769531, 4110.05566406, 4910.44824219, 1457.26831055, 549.438293457, 104.780281067, 128.938186646, 95.0808410645, 147.649658203, 189.960159302, 204.84753418, 133.186950684, 84.0495300293, 49.9301834106, 8.89900588989, 0.834101259708, 0.0617599412799, 0.00396416103467, 6.02459977017e-06]
    },
    "gfcc": {
        "mean": [58.5665206909, 39.8548088074, -111.08631897, 15.1467924118, -52.5873374939, 27.1204986572, -28.064453125, 28.6837444305, -24.6178455353, 3.36247587204, -10.9989681244, 2.51155614853, -11.0011711121],
        "cov": [[2514.11791992, -163.1456604, 979.292297363, 292.013671875, 160.294281006, 241.928192139, 50.6476783752, -54.9712181091, -87.6084289551, -44.2927474976, -9.12678718567, 40.0150642395, -12.4984388351], [-163.1456604, 869.825561523, 232.884567261, 376.237548828, 129.187652588, 113.7265625, 42.0607376099, 104.63608551, -4.52499246597, -16.0554580688, 56.2825431824, -3.72080516815, 43.4539794922], [979.292297363, 232.884567261, 1645.50024414, 587.798278809, 282.83605957, 284.576538086, -6.06060028076, 5.05246591568, -29.832403183, -9.04423999786, 63.2416381836, 53.3082504272, -9.12592506409], [292.013671875, 376.237548828, 587.798278809, 579.509277344, 154.077972412, 198.097290039, -33.2875366211, 44.6302757263, -9.80088424683, -6.12091732025, 44.2630004883, 31.2401676178, 14.7319278717], [160.294281006, 129.187652588, 282.83605957, 154.077972412, 245.716171265, 107.322158813, 73.146232605, 53.0730247498, -3.90658068657, 1.3881238699, 28.3570518494, 15.0045251846, 19.3065223694], [241.928192139, 113.7265625, 284.576538086, 198.097290039, 107.322158813, 284.370025635, 87.4993515015, 0.269372522831, -38.9613990784, 8.34732246399, -4.70254087448, -8.86157989502, -10.7112216949], [50.6476783752, 42.0607376099, -6.06060028076, -33.2875366211, 73.146232605, 87.4993515015, 191.494003296, 45.8857269287, -5.12267780304, 0.352980852127, 10.0790300369, -24.0382614136, -9.23982048035], [-54.9712181091, 104.63608551, 5.05246591568, 44.6302757263, 53.0730247498, 0.269372522831, 45.8857269287, 151.301559448, 43.7634468079, 8.77833843231, 38.5070762634, 9.81534767151, 4.75607824326], [-87.6084289551, -4.52499246597, -29.832403183, -9.80088424683, -3.90658068657, -38.9613990784, -5.12267780304, 43.7634468079, 92.7156219482, 23.3103218079, 8.4711265564, 9.74511528015, 2.93890929222], [-44.2927474976, -16.0554580688, -9.04423999786, -6.12091732025, 1.3881238699, 8.34732246399, 0.352980852127, 8.77833843231, 23.3103218079, 86.8474884033, 46.6564712524, 9.16895198822, 5.64730501175], [-9.12678718567, 56.2825431824, 63.2416381836, 44.2630004883, 28.3570518494, -4.70254087448, 10.0790300369, 38.5070762634, 8.4711265564, 46.6564712524, 112.702728271, 30.4107894897, 15.1840324402], [40.0150642395, -3.72080516815, 53.3082504272, 31.2401676178, 15.0045251846, -8.86157989502, -24.0382614136, 9.81534767151, 9.74511528015, 9.16895198822, 30.4107894897, 73.0382385254, 33.5667152405], [-12.4984388351, 43.4539794922, -9.12592506409, 14.7319278717, 19.3065223694, -10.7112216949, -9.23982048035, 4.75607824326, 2.93890929222, 5.64730501175, 15.1840324402, 33.5667152405, 74.3176803589]],
        "icov": [[0.000587252550758, 0.000268191331998, -0.000329169095494, -0.000115665337944, 5.93800832576e-05, -0.000108950640424, -0.000243099741056, -3.52469022857e-08, 0.000359023280907, 0.000190949198441, 0.00010572924657, -0.000193876156118, -9.96369126369e-05], [0.000268191331998, 0.00207234057598, 5.6071603467e-05, -0.00152789824642, -2.95798622574e-06, 0.000131514811073, -0.000533700338565, -0.000769038510043, 0.000402436446166, 0.000644846470095, -0.000578153179958, 0.00124897353817, -0.00136517151259], [-0.000329169095494, 5.6071603467e-05, 0.00133748492226, -0.000878831022419, -0.000851833028719, -0.000297266698908, 0.000323248532368, 0.000482797680888, -0.000353926647222, 0.000293560675345, -0.000555554928724, -0.000308716611471, 0.000682676094584], [-0.000115665337944, -0.00152789824642, -0.000878831022419, 0.00510835507885, -0.000741828116588, -0.00273921433836, 0.00290407566354, -0.000632915121969, -0.000781561480835, 0.00104170595296, -0.00102650758345, -0.000440091942437, 0.000313111930154], [5.93800832576e-05, -2.95798622574e-06, -0.000851833028719, -0.000741828116588, 0.00692874053493, -0.000611492316239, -0.00230337283574, -0.00150594976731, 0.000407907034969, 3.10600007651e-05, 3.29841423081e-05, -0.00034988639527, -0.0018911389634], [-0.000108950640424, 0.000131514811073, -0.000297266698908, -0.00273921433836, -0.000611492316239, 0.00780364824459, -0.00409991294146, 0.000770768732764, 0.00279282033443, -0.00340572744608, 0.00296997977421, -0.000528145872522, 0.000915876356885], [-0.000243099741056, -0.000533700338565, 0.000323248532368, 0.00290407566354, -0.00230337283574, -0.00409991294146, 0.00966869294643, -0.00226600561291, -0.000576153630391, 0.00165298092179, -0.00217282376252, 0.00278488011099, 0.000173054344486], [-3.52469022857e-08, -0.000769038510043, 0.000482797680888, -0.000632915121969, -0.00150594976731, 0.000770768732764, -0.00226600561291, 0.0106080640107, -0.00492378231138, 0.00163911969867, -0.0029090330936, -0.000773842970375, 0.00119013129734], [0.000359023280907, 0.000402436446166, -0.000353926647222, -0.000781561480835, 0.000407907034969, 0.00279282033443, -0.000576153630391, -0.00492378231138, 0.0157043430954, -0.00563728297129, 0.00371324340813, -0.00198381091468, 0.000421261589509], [0.000190949198441, 0.000644846470095, 0.000293560675345, 0.00104170595296, 3.10600007651e-05, -0.00340572744608, 0.00165298092179, 0.00163911969867, -0.00563728297129, 0.0183632168919, -0.00930826086551, 0.0019937180914, -0.00108486250974], [0.00010572924657, -0.000578153179958, -0.000555554928724, -0.00102650758345, 3.29841423081e-05, 0.00296997977421, -0.00217282376252, -0.0029090330936, 0.00371324340813, -0.00930826086551, 0.0161810517311, -0.00554721942171, 0.000586581823882], [-0.000193876156118, 0.00124897353817, -0.000308716611471, -0.000440091942437, -0.00034988639527, -0.000528145872522, 0.00278488011099, -0.000773842970375, -0.00198381091468, 0.0019937180914, -0.00554721942171, 0.0218055583537, -0.00909151602536], [-9.96369126369e-05, -0.00136517151259, 0.000682676094584, 0.000313111930154, -0.0018911389634, 0.000915876356885, 0.000173054344486, 0.00119013129734, 0.000421261589509, -0.00108486250974, 0.000586581823882, -0.00909151602536, 0.0188798736781]]
    },
    "melbands": {
        "dmean": [0.00183789187577, 0.00142837630119, 0.000870391610079, 0.000261877808953, 0.00015720257943, 0.000146630685776, 0.000120406082715, 0.000108109423309, 0.000208016484976, 0.000244792288868, 0.000255079037743, 0.000223780923989, 0.000159050978255, 0.000104561499029, 7.72513085394e-05, 4.43924400315e-05, 3.25503315253e-05, 2.61418954324e-05, 4.25407088187e-05, 2.93089833576e-05, 2.29767392739e-05, 2.02460942091e-05, 1.44040368468e-05, 2.17213892029e-05, 2.20656147576e-05, 1.11656927402e-05, 9.31445629249e-06, 6.32494629826e-06, 3.72764657186e-06, 2.95218069368e-06, 3.51866242454e-06, 3.09423035105e-06, 3.00595092995e-06, 4.09712856708e-06, 4.22487119067e-06, 5.15393458045e-06, 4.48587024948e-06, 4.38643337475e-06, 4.96463007948e-06, 3.78194226869e-06],
        "dmean2": [0.00310528208502, 0.00236674025655, 0.00152989721391, 0.000452810083516, 0.000263099791482, 0.000236358726397, 0.000190054794075, 0.000174360844539, 0.000344130559824, 0.000400823133532, 0.000408078311011, 0.000363523577107, 0.000255721184658, 0.000169336883118, 0.00012668009731, 7.45426586946e-05, 5.45698385395e-05, 4.27766608482e-05, 6.93591573508e-05, 4.66294914077e-05, 3.68717046513e-05, 3.28607311531e-05, 2.28840908676e-05, 3.50770933437e-05, 3.56455675501e-05, 1.77988240466e-05, 1.51042486323e-05, 1.02698768387e-05, 6.11412951912e-06, 5.0652538448e-06, 6.10733695794e-06, 5.21100491824e-06, 4.9322002269e-06, 7.07456138116e-06, 6.99801285009e-06, 8.97518020793e-06, 7.60565944802e-06, 7.3501632869e-06, 8.37991774461e-06, 5.96393647356e-06],
        "dvar": [6.35430114926e-06, 5.33281490789e-06, 2.95970266961e-06, 2.7008888992e-07, 1.0375551085e-07, 9.67066995372e-08, 1.03191773348e-07, 1.05656788207e-07, 2.32862873872e-07, 3.12392387514e-07, 2.89814039434e-07, 1.37548482826e-07, 9.42151530126e-08, 5.64961055716e-08, 1.950445494e-08, 6.20816020813e-09, 3.05885716756e-09, 2.34846564418e-09, 1.06334461236e-08, 1.11191713614e-08, 3.89581034099e-09, 2.15184270402e-09, 1.78655390481e-09, 2.86810752925e-09, 2.43466957706e-09, 6.27994822811e-10, 2.50473836116e-10, 1.05849599918e-10, 3.89090253072e-11, 2.4331902812e-11, 4.64330206229e-11, 3.1356025415e-11, 2.42380022303e-11, 5.4004176131e-11, 4.96508008319e-11, 1.06103424657e-10, 7.34697441773e-11, 6.00578128895e-11, 7.33701710498e-11, 4.96063468081e-11],
        "dvar2": [1.97185891011e-05, 1.36058324642e-05, 7.87968110671e-06, 7.10367146439e-07, 2.66610612698e-07, 2.28989506468e-07, 2.11930100136e-07, 2.45573772872e-07, 6.0637404431e-07, 7.88637180449e-07, 6.94778861998e-07, 3.45157161519e-07, 2.40521671913e-07, 1.42777466294e-07, 4.8144229936e-08, 1.61939475163e-08, 8.17054246482e-09, 6.04105743207e-09, 2.72961742098e-08, 2.69845870093e-08, 9.68966862303e-09, 5.03983521583e-09, 3.29896199247e-09, 6.89370693863e-09, 5.07366237912e-09, 1.54330714874e-09, 5.99405025614e-10, 2.4261453957e-10, 9.5852215054e-11, 6.4969862823e-11, 1.26219465435e-10, 8.54090131952e-11, 6.2262153766e-11, 1.45663592299e-10, 1.22439308692e-10, 2.89128693209e-10, 1.98876776158e-10, 1.57420521063e-10, 1.91193297305e-10, 1.2164637353e-10],
        "max": [0.0185052100569, 0.0164141654968, 0.0132784647867, 0.00960718374699, 0.00833206903189, 0.00750284828246, 0.0179180596024, 0.00956294126809, 0.0129649080336, 0.0191208254546, 0.0127732297406, 0.00575772440061, 0.00732120219618, 0.00814528204501, 0.00574208283797, 0.00184022646863, 0.00147023773752, 0.00121953652706, 0.00364272319712, 0.00460611702874, 0.00141501496546, 0.00136417173781, 0.00233232649043, 0.00259119994007, 0.00178464106284, 0.00116332632024, 0.0005070369225, 0.000251346384175, 0.000249048462138, 0.000102628502646, 0.000146194841363, 8.36627586978e-05, 0.000100158176792, 6.36071563349e-05, 6.24625972705e-05, 8.87996720849e-05, 7.16609138181e-05, 6.62819875288e-05, 7.13260451448e-05, 7.76532906457e-05],
        "mean": [0.00310627091676, 0.00216967286542, 0.000809219025541, 0.00030007676105, 0.000211883452721, 0.000230291043408, 0.000192167251953, 0.000158465554705, 0.000288241455564, 0.000349802809069, 0.000377477932489, 0.000330833921907, 0.000245717674261, 0.000161367992405, 0.000120084412629, 6.94753689459e-05, 5.19609675393e-05, 4.37714224972e-05, 6.58067001496e-05, 4.46121011919e-05, 3.67221691704e-05, 3.33788339049e-05, 2.53881407843e-05, 3.6823694245e-05, 4.05420942116e-05, 2.17170982069e-05, 1.79586659215e-05, 1.23304926092e-05, 7.09245296093e-06, 4.49008030046e-06, 4.77706635138e-06, 4.40045687355e-06, 4.63176229459e-06, 5.17516309628e-06, 6.05486366112e-06, 6.59014131088e-06, 5.88405919189e-06, 5.89107730775e-06, 6.99833344697e-06, 5.59949012313e-06],
        "median": [0.00263149663806, 0.00107436033431, 0.000282837194391, 0.000126329730847, 7.04854974174e-05, 8.95351258805e-05, 8.44287860673e-05, 7.23649282008e-05, 0.000122750614537, 0.000149889223394, 0.000149380750372, 0.000154094712343, 0.0001074640968, 7.47982412577e-05, 6.70821827953e-05, 3.59948244295e-05, 2.85066453216e-05, 2.21071168198e-05, 3.08514354401e-05, 2.04212592507e-05, 1.55312118295e-05, 1.58507955348e-05, 1.20140211948e-05, 2.06088188861e-05, 2.55063623626e-05, 1.30691896629e-05, 1.06223897092e-05, 8.22607125883e-06, 4.92095477966e-06, 2.72256147582e-06, 2.36647224483e-06, 2.24633186008e-06, 2.37371091316e-06, 2.44847024078e-06, 3.2556260976e-06, 3.30508623847e-06, 2.86993349619e-06, 3.15087777381e-06, 4.04782986152e-06, 2.98762188322e-06],
        "min": [5.18937434244e-24, 1.30055190263e-23, 1.25657085613e-23, 9.93259025613e-24, 1.08700757113e-23, 9.25962800624e-24, 6.96975333614e-24, 3.86732669011e-24, 1.27222485416e-23, 1.12622279337e-23, 5.32678878453e-24, 1.30337539358e-23, 1.21736123481e-23, 1.02879365952e-23, 1.65888991779e-23, 1.10889806682e-23, 9.54354614578e-24, 1.20659044355e-23, 1.00059101441e-23, 6.89334821316e-24, 7.01783204173e-24, 1.00448143974e-23, 1.29869500295e-23, 9.1133108744e-24, 2.0986251255e-23, 1.00092004829e-23, 9.49442929924e-24, 9.27911050402e-24, 9.45870099998e-24, 6.50819713138e-24, 9.12335622917e-24, 1.39629279526e-23, 9.05278788803e-24, 8.70029959203e-24, 6.09501663835e-24, 1.10861510242e-23, 1.18389641415e-23, 1.16370638702e-23, 1.38985001047e-23, 1.62727552815e-23],
        "var": [8.92919888429e-06, 8.39479889692e-06, 2.42543706008e-06, 3.00078596638e-07, 2.04277753824e-07, 2.13264669924e-07, 2.55950396877e-07, 1.57032729931e-07, 3.25755337371e-07, 4.01925291271e-07, 4.57980974033e-07, 2.34807529864e-07, 1.64219230214e-07, 7.90272380868e-08, 2.9189877182e-08, 1.04042001681e-08, 4.68409888654e-09, 3.91966414881e-09, 1.68989107152e-08, 1.39028726309e-08, 6.16953466093e-09, 3.78806408463e-09, 4.08334388524e-09, 3.97029209509e-09, 4.09137346224e-09, 1.06812902967e-09, 6.58500254325e-10, 2.29451957434e-10, 6.66141516947e-11, 3.07278195943e-11, 5.30674393318e-11, 3.34071867392e-11, 3.32192710839e-11, 5.14680069397e-11, 5.87265791552e-11, 8.88008971911e-11, 6.77392378301e-11, 5.86729970165e-11, 7.68803631868e-11, 5.97620494758e-11]
    },
    "mfcc": {
        "mean": [-590.759033203, 86.0050125122, -1.48900103569, 0.40695348382, 5.21208190918, -3.94682812691, 15.1495504379, 14.6625032425, 3.85532188416, 8.8238658905, 3.01921987534, -0.523584604263, 3.87758588791],
        "cov": [[1641.97741699, -152.82232666, 452.255981445, 98.0381164551, 111.36214447, 206.843841553, 112.322029114, 71.9172821045, -12.6918649673, -11.7628011703, -54.0507202148, -31.6361198425, -32.2832794189], [-152.82232666, 517.428039551, 140.510543823, 168.34286499, 112.643844604, 10.7996959686, 111.189682007, 70.8936080933, 21.9704284668, 58.8508300781, 6.42928028107, -7.55180454254, -0.8102388978], [452.255981445, 140.510543823, 1265.10900879, 421.833679199, 435.148529053, 286.552490234, 162.315567017, 102.194015503, -21.1818122864, 2.07099628448, 3.81753015518, 42.7993469238, 5.75147294998], [98.0381164551, 168.34286499, 421.833679199, 369.590179443, 257.059051514, 69.7174911499, 74.2099838257, 73.9429016113, 4.80360841751, 12.434800148, -10.5711975098, 42.0694847107, 29.1808547974], [111.36214447, 112.643844604, 435.148529053, 257.059051514, 329.615509033, 112.074142456, 83.7287368774, 69.1090393066, 9.83577346802, 9.64215755463, -11.1486644745, 27.8015499115, 39.7080993652], [206.843841553, 10.7996959686, 286.552490234, 69.7174911499, 112.074142456, 280.535919189, 125.065948486, 38.5565567017, 18.2352428436, 14.3172645569, -4.37091302872, -17.6195888519, -22.0548610687], [112.322029114, 111.189682007, 162.315567017, 74.2099838257, 83.7287368774, 125.065948486, 233.880096436, 82.4800186157, 6.44814395905, 67.4905395508, 13.6155948639, -14.2919187546, 14.9370574951], [71.9172821045, 70.8936080933, 102.194015503, 73.9429016113, 69.1090393066, 38.5565567017, 82.4800186157, 133.263381958, 44.9534683228, 23.9194107056, 13.5028457642, -0.325013667345, -5.4745259285], [-12.6918649673, 21.9704284668, -21.1818122864, 4.80360841751, 9.83577346802, 18.2352428436, 6.44814395905, 44.9534683228, 89.2687530518, 23.534992218, 3.30448079109, -2.51085209846, -11.1234693527], [-11.7628011703, 58.8508300781, 2.07099628448, 12.434800148, 9.64215755463, 14.3172645569, 67.4905395508, 23.9194107056, 23.534992218, 93.6050415039, 33.0596313477, 0.384780049324, 12.8223981857], [-54.0507202148, 6.42928028107, 3.81753015518, -10.5711975098, -11.1486644745, -4.37091302872, 13.6155948639, 13.5028457642, 3.30448079109, 33.0596313477, 85.7362136841, 23.7755393982, -3.55026435852], [-31.6361198425, -7.55180454254, 42.7993469238, 42.0694847107, 27.8015499115, -17.6195888519, -14.2919187546, -0.325013667345, -2.51085209846, 0.384780049324, 23.7755393982, 81.4618148804, 35.2728309631], [-32.2832794189, -0.8102388978, 5.75147294998, 29.1808547974, 39.7080993652, -22.0548610687, 14.9370574951, -5.4745259285, -11.1234693527, 12.8223981857, -3.55026435852, 35.2728309631, 86.9325637817]],
