{
"lowlevel": {
    "average_loudness": 0.929895401001,
    "barkbands_crest": {
        "dmean": 2.67048430443,
        "dmean2": 4.38327646255,
        "dvar": 5.95137214661,
        "dvar2": 14.9204244614,
        "max": 26.1884803772,
        "mean": 9.18212795258,
        "median": 8.3481502533,
        "min": 2.59550499916,
        "var": 14.4891357422
    },
    "barkbands_flatness_db": {
        "dmean": 0.018838794902,
        "dmean2": 0.0300356075168,
        "dvar": 0.000295424310025,
        "dvar2": 0.000702703022398,
        "max": 0.318143904209,
        "mean": 0.162286385894,
        "median": 0.160411089659,
        "min": 0.0381027683616,
        "var": 0.000987940467894
    },
    "barkbands_kurtosis": {
        "dmean": 1.58744609356,
        "dmean2": 2.53653311729,
        "dvar": 6.54586315155,
        "dvar2": 14.8009605408,
        "max": 73.1820068359,
        "mean": 1.86121571064,
        "median": 0.817766547203,
        "min": -1.71438550949,
        "var": 14.1876907349
    },
    "barkbands_skewness": {
        "dmean": 0.41436162591,
        "dmean2": 0.644529223442,
        "dvar": 0.1583006531,
        "dvar2": 0.362209498882,
        "max": 8.15627765656,
        "mean": 1.08784902096,
        "median": 1.01044988632,
        "min": -2.35319590569,
        "var": 0.70658159256
    },
    "barkbands_spread": {
        "dmean": 3.77713561058,
        "dmean2": 5.90926408768,
        "dvar": 13.9801483154,
        "dvar2": 31.4379196167,
        "max": 62.0741539001,
        "mean": 17.4262485504,
        "median": 16.489402771,
        "min": 1.5132021904,
        "var": 51.5920753479
    },
    "dissonance": {
        "dmean": 0.0197577830404,
        "dmean2": 0.033202804625,
        "dvar": 0.000320817955071,
        "dvar2": 0.000874125747941,
        "max": 0.500000059605,
        "mean": 0.46125292778,
        "median": 0.466345846653,
        "min": 0.330412358046,
        "var": 0.000675826973747
    },
    "dynamic_complexity": 2.54894971848,
    "erbbands_crest": {
        "dmean": 2.89056801796,
        "dmean2": 4.63159036636,
        "dvar": 7.16308927536,
        "dvar2": 17.5433273315,
        "max": 31.0156230927,
        "mean": 9.88408184052,
        "median": 8.87408828735,
        "min": 2.66955733299,
        "var": 19.6995296478
    },
    "erbbands_flatness_db": {
        "dmean": 0.0152320628986,
        "dmean2": 0.0223820265383,
        "dvar": 0.000208371522604,
        "dvar2": 0.000422304990934,
        "max": 0.357675224543,
        "mean": 0.207171157002,
        "median": 0.204768612981,
        "min": 0.0920763388276,
        "var": 0.00131420441903
    },
    "erbbands_kurtosis": {
        "dmean": 0.747164547443,
        "dmean2": 1.19213569164,
        "dvar": 1.59159517288,
        "dvar2": 3.7724211216,
        "max": 48.2784156799,
        "mean": 0.198310747743,
        "median": -0.190962910652,
        "min": -1.73410093784,
        "var": 2.87835621834
    },
    "erbbands_skewness": {
        "dmean": 0.331234902143,
        "dmean2": 0.514998078346,
        "dvar": 0.0966775417328,
        "dvar2": 0.222917616367,
        "max": 6.08366012573,
        "mean": 0.319359540939,
        "median": 0.276265978813,
        "min": -2.59002137184,
        "var": 0.409910678864
    },
    "erbbands_spread": {
        "dmean": 5.75505495071,
        "dmean2": 8.67382240295,
        "dvar": 32.8763618469,
        "dvar2": 68.8263778687,
        "max": 94.6478271484,
        "mean": 29.535572052,
        "median": 28.0763053894,
        "min": 2.58894085884,
        "var": 147.453857422
    },
    "hfc": {
        "dmean": 5.58690214157,
        "dmean2": 8.12326145172,
        "dvar": 49.5909843445,
        "dvar2": 102.863327026,
        "max": 91.4750061035,
        "mean": 19.5800056458,
        "median": 16.8856945038,
        "min": 1.12189527099e-16,
        "var": 176.618621826
    },
    "melbands_crest": {
        "dmean": 3.165817976,
        "dmean2": 5.14879846573,
        "dvar": 7.55349349976,
        "dvar2": 19.0926456451,
        "max": 32.0941543579,
        "mean": 12.0608510971,
        "median": 11.288684845,
        "min": 2.77911233902,
        "var": 19.6800384521
    },
    "melbands_flatness_db": {
        "dmean": 0.0229957904667,
        "dmean2": 0.0359172150493,
        "dvar": 0.000472180225188,
        "dvar2": 0.00109525292646,
        "max": 0.381694823503,
        "mean": 0.202203482389,
        "median": 0.200483053923,
        "min": 0.0058435103856,
        "var": 0.00172736786772
    },
    "melbands_kurtosis": {
        "dmean": 3.37370657921,
        "dmean2": 5.31233406067,
        "dvar": 30.5363426208,
        "dvar2": 72.408454895,
        "max": 132.418273926,
        "mean": 5.95698785782,
        "median": 3.59819173813,
        "min": -1.75629627705,
        "var": 66.9050674438
    },
    "melbands_skewness": {
        "dmean": 0.533733785152,
        "dmean2": 0.823861420155,
        "dvar": 0.288370192051,
        "dvar2": 0.665066957474,
        "max": 9.59582233429,
        "mean": 1.78656697273,
        "median": 1.64439487457,
        "min": -2.67764496803,
        "var": 1.26956176758
    },
    "melbands_spread": {
        "dmean": 5.30429601669,
        "dmean2": 8.42749023438,
        "dvar": 28.7348403931,
        "dvar2": 64.3247375488,
        "max": 137.610717773,
        "mean": 21.9141368866,
        "median": 20.782585144,
        "min": 1.51158475876,
        "var": 97.2450485229
    },
    "pitch_salience": {
        "dmean": 0.0696244761348,
        "dmean2": 0.114791691303,
        "dvar": 0.00376328779384,
        "dvar2": 0.00968622323126,
        "max": 0.875690102577,
        "mean": 0.56505805254,
        "median": 0.566836357117,
        "min": 0.0966450199485,
        "var": 0.0100401313975
    },
    "silence_rate_20dB": {
        "dmean": 0,
        "dmean2": 0,
        "dvar": 0,
        "dvar2": 0,
        "max": 1,
        "mean": 1,
        "median": 1,
        "min": 1,
        "var": 0
    },
    "silence_rate_30dB": {
        "dmean": 0,
        "dmean2": 0,
        "dvar": 0,
        "dvar2": 0,
        "max": 1,
        "mean": 1,
        "median": 1,
        "min": 1,
        "var": 0
    },
    "silence_rate_60dB": {
        "dmean": 0.0102976262569,
        "dmean2": 0.0203466471285,
        "dvar": 0.0101923299953,
        "dvar2": 0.0249546002597,
        "max": 1,
        "mean": 0.0308890007436,
        "median": 0,
        "min": 0,
        "var": 0.0299418177456
    },
    "spectral_centroid": {
        "dmean": 207.247817993,
        "dmean2": 323.710083008,
        "dvar": 52807.4453125,
        "dvar2": 106247.65625,
        "max": 11717.5859375,
        "mean": 1249.77233887,
        "median": 1207.0246582,
        "min": 338.512634277,
        "var": 196398.578125
    },
    "spectral_complexity": {
        "dmean": 3.99598145485,
        "dmean2": 6.10487318039,
        "dvar": 20.5498466492,
        "dvar2": 40.5454597473,
        "max": 54,
        "mean": 20.494726181,
        "median": 19,
        "min": 0,
        "var": 67.7742919922
    },
    "spectral_decrease": {
        "dmean": 2.12581374726e-09,
        "dmean2": 3.24678683938e-09,
        "dvar": 5.88775372692e-18,
        "dvar2": 1.26260584002e-17,
        "max": -3.50707659994e-29,
        "mean": -6.59901244759e-09,
        "median": -6.08265793289e-09,
        "min": -2.52594158923e-08,
        "var": 1.71676968622e-17
    },
    "spectral_energy": {
        "dmean": 0.00844433903694,
        "dmean2": 0.0128598278388,
        "dvar": 9.26222855924e-05,
        "dvar2": 0.00019685238658,
        "max": 0.0992058590055,
        "mean": 0.0266822837293,
        "median": 0.024599455297,
        "min": 1.03082771338e-20,
        "var": 0.000276297883829
    },
    "spectral_energyband_high": {
        "dmean": 0.000198385940166,
        "dmean2": 0.000287666276563,
        "dvar": 1.04207146023e-07,
        "dvar2": 2.21355051622e-07,
        "max": 0.00932138599455,
        "mean": 0.000371891044779,
        "median": 0.000227862328757,
        "min": 7.24857482207e-21,
        "var": 1.82985388619e-07
    },
    "spectral_energyband_low": {
        "dmean": 0.00290890061297,
        "dmean2": 0.00482984399423,
        "dvar": 2.84533234662e-05,
        "dvar2": 6.99856755091e-05,
        "max": 0.0586216598749,
        "mean": 0.00498606590554,
        "median": 0.00300481915474,
        "min": 8.47071961159e-23,
        "var": 4.2761927034e-05
    },
    "spectral_energyband_middle_high": {
        "dmean": 0.00242965086363,
        "dmean2": 0.00366910616867,
        "dvar": 1.17357913041e-05,
        "dvar2": 2.68932253675e-05,
        "max": 0.0659761428833,
        "mean": 0.0073998933658,
        "median": 0.00543543091044,
        "min": 1.58799825728e-21,
        "var": 4.66324891022e-05
    },
    "spectral_energyband_middle_low": {
        "dmean": 0.00619968259707,
        "dmean2": 0.00953149143606,
        "dvar": 6.15433164057e-05,
        "dvar2": 0.000135778318509,
        "max": 0.0857821702957,
        "mean": 0.014850506559,
        "median": 0.0114881508052,
        "min": 3.12195401421e-22,
        "var": 0.000152972599608
    },
    "spectral_entropy": {
        "dmean": 0.133483931422,
        "dmean2": 0.197847932577,
        "dvar": 0.0184910334647,
        "dvar2": 0.0376010611653,
        "max": 9.80488395691,
        "mean": 7.45033168793,
        "median": 7.46189880371,
        "min": 5.96289777756,
        "var": 0.0729349628091
    },
    "spectral_flux": {
        "dmean": 0.024280751124,
        "dmean2": 0.0380632132292,
        "dvar": 0.00065671041375,
        "dvar2": 0.00145111524034,
        "max": 0.327788591385,
        "mean": 0.0873934850097,
        "median": 0.0798032283783,
        "min": 1.01529687435e-10,
        "var": 0.00178892107215
    },
    "spectral_kurtosis": {
        "dmean": 2.23403930664,
        "dmean2": 3.87988185883,
        "dvar": 3.96894049644,
        "dvar2": 11.423459053,
        "max": 28.0747966766,
        "mean": 4.671251297,
        "median": 4.13532543182,
        "min": -1.21108973026,
        "var": 7.67210435867
    },
    "spectral_rms": {
        "dmean": 0.000778677756898,
        "dmean2": 0.0011727521196,
        "dvar": 6.43922135168e-07,
        "dvar2": 1.28167505409e-06,
        "max": 0.00983799807727,
        "mean": 0.00482682930306,
        "median": 0.00489892531186,
        "min": 3.17125449165e-12,
        "var": 2.73319437838e-06
    },
    "spectral_rolloff": {
        "dmean": 321.821350098,
        "dmean2": 541.807128906,
        "dvar": 213637.328125,
        "dvar2": 420648.65625,
        "max": 18841.5527344,
        "mean": 1310.5255127,
        "median": 1227.39257812,
        "min": 129.19921875,
        "var": 486756.75
    },
    "spectral_skewness": {
        "dmean": 0.262213736773,
        "dmean2": 0.433571398258,
        "dvar": 0.0522127300501,
        "dvar2": 0.134526818991,
        "max": 3.44128608704,
        "mean": 1.37330925465,
        "median": 1.33672475815,
        "min": -0.0368903949857,
        "var": 0.154036700726
    },
    "spectral_spread": {
        "dmean": 269113.53125,
        "dmean2": 396278.71875,
        "dvar": 252167323648,
        "dvar2": 301279772672,
        "max": 40341656,
        "mean": 3187162,
        "median": 3090029.5,
        "min": 1262082.5,
        "var": 558991081472
    },
    "spectral_strongpeak": {
        "dmean": 0.696769177914,
        "dmean2": 1.15397775173,
        "dvar": 0.719614088535,
        "dvar2": 1.75388169289,
        "max": 10.1115589142,
        "mean": 1.35508990288,
        "median": 0.983183503151,
        "min": 3.26430993347e-10,
        "var": 1.66247594357
    },
    "zerocrossingrate": {
        "dmean": 0.00613304041326,
        "dmean2": 0.00766188232228,
        "dvar": 5.78680046601e-05,
        "dvar2": 7.14891866664e-05,
        "max": 0.51123046875,
        "mean": 0.0496212430298,
        "median": 0.04833984375,
        "min": 0.01318359375,
        "var": 0.000336690573022
    },
    "barkbands": {
        "dmean": [1.27778903334e-05, 0.00137592235114, 0.00164829182904, 0.00119505310431, 0.00187650951557, 0.0022321913857, 0.0015135143185, 0.000928665685933, 0.0015753575135, 0.00111177249346, 0.000825891562272, 0.000297515420243, 0.00032876629848, 0.000442205317086, 0.000480669812532, 0.00030802472611, 0.000177184017957, 0.000154808963998, 0.000165353703778, 0.000107880259748, 8.77072961885e-05, 5.76007114432e-05, 1.15665807243e-05, 2.5138433557e-06, 3.65402320313e-06, 2.43651470555e-07, 1.97619087317e-07],
        "dmean2": [2.16290936805e-05, 0.0023646641057, 0.00269071757793, 0.00205601030029, 0.00316301360726, 0.00353797129355, 0.00236565759405, 0.00144838367123, 0.0023770199623, 0.00174719828647, 0.00129347853363, 0.000469590682769, 0.000522991467733, 0.000712171487976, 0.000766052631661, 0.000487520679599, 0.000279975181911, 0.000244042777922, 0.000260976405116, 0.000164400466019, 0.00013606097491, 8.4144048742e-05, 1.74559627339e-05, 3.85866269426e-06, 5.52167830392e-06, 3.9427661136e-07, 3.21754527022e-07],
        "dvar": [3.60336066541e-10, 8.71770862432e-06, 1.10068313006e-05, 6.90236356604e-06, 1.08310241558e-05, 1.91202361748e-05, 1.20836321003e-05, 9.00095710676e-06, 1.14510912681e-05, 6.95243488735e-06, 3.26938379658e-06, 3.72607615873e-07, 3.09984471869e-07, 6.23732262284e-07, 8.25158224416e-07, 3.80571151481e-07, 1.35784560484e-07, 1.15270154311e-07, 6.9374372913e-08, 3.79753046786e-08, 2.77213700883e-08, 1.14975033938e-08, 5.77744130315e-10, 1.98450891137e-11, 5.08193730153e-11, 1.86028262564e-13, 1.12725009882e-10],
        "dvar2": [9.6178898179e-10, 2.41290981648e-05, 2.54093429248e-05, 1.7106622181e-05, 2.9145327062e-05, 4.42697601102e-05, 2.85406931653e-05, 2.05944397749e-05, 2.44328984991e-05, 1.68327405845e-05, 7.6499509305e-06, 8.50413755416e-07, 7.25161100945e-07, 1.4748659396e-06, 1.96028213395e-06, 8.6754835138e-07, 3.1962133562e-07, 2.58937035369e-07, 1.59929271604e-07, 7.02802793739e-08, 6.72120421541e-08, 2.62767123616e-08, 1.35329336626e-09, 4.56990591202e-11, 1.13005868552e-10, 4.23513166811e-13, 2.83286172298e-10],
        "max": [0.000299665436614, 0.0409569814801, 0.0417394414544, 0.0320414602757, 0.0694670677185, 0.0796098262072, 0.0596047192812, 0.0591256171465, 0.067902110517, 0.0524759106338, 0.0573438853025, 0.0142470933497, 0.0134793221951, 0.0144943483174, 0.0218809396029, 0.0137487472966, 0.00860491301864, 0.0117545723915, 0.00578881753609, 0.0121921487153, 0.00350686907768, 0.00150746188592, 0.000475675682537, 9.04698317754e-05, 0.000146211081301, 1.44763107528e-05, 0.000782446993981],
        "mean": [1.5442716176e-05, 0.0017859240761, 0.00246809399687, 0.00139331398532, 0.00274267909117, 0.0038052352611, 0.0025712037459, 0.00122994021513, 0.00267744320445, 0.00179450539872, 0.00156735919882, 0.000536098144948, 0.000579601037316, 0.000762465700973, 0.000833805068396, 0.000505198317114, 0.000343324878486, 0.000276810082141, 0.000313852273393, 0.000229822268011, 0.000143086712342, 7.9414130596e-05, 1.71222363861e-05, 4.36128266301e-06, 5.57468410989e-06, 3.9996268697e-07, 1.35936403467e-07],
        "median": [8.53515666677e-06, 0.00091244885698, 0.00128096691333, 0.000671795220114, 0.00134329032153, 0.00128630688414, 0.00104245147668, 0.000289973104373, 0.000801127112936, 0.000376274634618, 0.000615233846474, 0.000204330863198, 0.000298164552078, 0.000345388485584, 0.000414667010773, 0.000240086039412, 0.000160003110068, 0.000123389763758, 0.000184428732609, 0.000148355786223, 7.89345867815e-05, 2.88983464998e-05, 7.50300978325e-06, 2.36377672991e-06, 2.40439339905e-06, 2.72800150469e-07, 3.53537366049e-10],
        "min": [5.97699334394e-23, 3.72841096683e-23, 1.58675852766e-23, 1.54514280169e-23, 4.66492864748e-23, 3.39921931108e-23, 5.42430414087e-23, 6.39441940748e-23, 9.32626324468e-23, 2.55785624163e-23, 4.85746750634e-23, 1.43535008753e-22, 7.38243424356e-23, 5.42740089324e-23, 1.70006732108e-22, 4.51254236693e-22, 1.42147093188e-22, 1.34206570777e-22, 2.04317953191e-22, 2.87718574767e-22, 4.49247879422e-22, 5.35121283324e-22, 6.19251721144e-22, 7.82918624281e-22, 1.1940654055e-21, 1.57547452874e-21, 2.16058647036e-21],
        "var": [4.36416708327e-10, 8.38903906697e-06, 1.48948593051e-05, 6.30639942756e-06, 1.67654452525e-05, 4.42228920292e-05, 2.09625250136e-05, 1.28992478494e-05, 2.54908354691e-05, 1.47376549648e-05, 8.8556753326e-06, 1.09660140879e-06, 7.7534321008e-07, 1.35214986585e-06, 1.77752986019e-06, 6.66110338443e-07, 3.74648863044e-07, 2.52210355711e-07, 1.461069985e-07, 8.55947703826e-08, 3.70273767203e-08, 1.56332369272e-08, 8.9535096004e-10, 3.20702561729e-11, 7.96271729109e-11, 2.55874450317e-13, 8.5059452537e-11]
    },
    "erbbands": {
        "dmean": [0.0268618166447, 0.359089463949, 1.50499939919, 3.21355032921, 4.82759284973, 6.41483449936, 13.3134851456, 20.3421058655, 19.9416007996, 23.8814620972, 18.6672840118, 36.6583061218, 33.0683441162, 27.887928009, 27.5881233215, 11.4364805222, 14.9845848083, 15.131603241, 23.1812934875, 27.0220489502, 12.3597679138, 9.15820217133, 7.78962612152, 8.74205589294, 6.56970739365, 4.99732398987, 4.31847667694, 3.09431505203, 2.1667881012, 0.76132786274, 0.27454122901, 0.0947113111615, 0.0289282668382, 0.036871638149, 0.0268142465502, 0.00411823624745, 0.000156311245519, 0.000318517908454, 1.23917079691e-05, 9.86013674265e-06],
        "dmean2": [0.0454318039119, 0.618995428085, 2.44763755798, 5.34452629089, 8.24282264709, 10.9306774139, 21.6621456146, 31.9250011444, 31.1591701508, 37.9320831299, 28.7057170868, 55.3536262512, 50.897064209, 43.4435997009, 42.3853530884, 17.6874084473, 23.9408283234, 24.5178604126, 36.6786422729, 42.6990661621, 19.485244751, 14.400935173, 12.0310544968, 13.6383066177, 10.2333154678, 7.60088300705, 6.59931182861, 4.69379997253, 3.22004342079, 1.136729002, 0.410243332386, 0.14436198771, 0.0446231774986, 0.0571387633681, 0.0405310764909, 0.00630684010684, 0.000242258291109, 0.000512286263984, 1.9427132429e-05, 1.49379411596e-05],
        "dvar": [0.00388658046722, 0.553811728954, 8.12092208862, 52.3288497925, 71.385269165, 137.167205811, 650.879821777, 1994.75683594, 2048.46459961, 4669.66552734, 3014.75024414, 7357.25244141, 5843.87744141, 3720.29321289, 3849.37158203, 527.884155273, 677.246154785, 889.137390137, 1776.02929688, 2531.97412109, 708.885192871, 341.243041992, 267.063354492, 203.945861816, 140.350585938, 78.2529525757, 55.175819397, 35.3549041748, 15.6305274963, 2.37306952477, 0.299283832312, 0.030504712835, 0.00285299425013, 0.00580508448184, 0.00314785866067, 7.11620086804e-05, 6.90026354278e-06, 0.000282341905404, 1.7809291819e-07, 1.78354303548e-10],
        "dvar2": [0.0104342587292, 1.53211450577, 19.1951141357, 122.928886414, 186.286727905, 372.014099121, 1660.36315918, 4647.50830078, 4628.45898438, 11072.8154297, 6971.81054688, 15629.8623047, 13621.5927734, 8565.07519531, 8375.6015625, 1054.63378906, 1585.74572754, 2096.71484375, 4265.70263672, 5986.00537109, 1665.52880859, 799.124694824, 580.336975098, 455.933288574, 315.547943115, 142.220535278, 122.988090515, 85.6098632812, 35.8263282776, 5.32486534119, 0.685473501682, 0.0709899887443, 0.00662806862965, 0.0134008741006, 0.00710190553218, 0.000160894211149, 1.68109781953e-05, 0.000703341036569, 4.44260052745e-07, 3.93397148191e-10],
        "max": [0.741410017014, 10.8210000992, 35.6487350464, 88.522064209, 101.986656189, 240.567550659, 506.594665527, 939.989318848, 992.809082031, 1487.95410156, 1471.17016602, 1976.80407715, 1308.88452148, 1605.56652832, 2166.59814453, 690.529846191, 706.908081055, 637.425842285, 919.181091309, 1095.87194824, 756.104187012, 459.533416748, 556.966064453, 292.922943115, 514.749572754, 516.181091309, 186.650878906, 97.4510192871, 50.3365402222, 26.8235149384, 10.7572078705, 2.71945905685, 1.27568304539, 1.76762831211, 1.56781554222, 0.107471391559, 0.196703344584, 1.24604010582, 0.0312488973141, 0.000585803936701],
        "mean": [0.032809715718, 0.490049958229, 2.37901377678, 4.23069047928, 6.37288665771, 8.87512493134, 20.9444789886, 34.0790061951, 33.7803993225, 38.9822120667, 28.2300128937, 61.733959198, 58.0430984497, 53.3059425354, 54.4947853088, 22.9478187561, 28.4120540619, 27.6640853882, 42.9964981079, 48.7598190308, 23.182641983, 18.9432792664, 15.7941255569, 16.5503005981, 13.925868988, 10.776714325, 8.06806373596, 4.68141126633, 2.96747994423, 1.08940565586, 0.424193143845, 0.154252424836, 0.053008235991, 0.0566149614751, 0.0397035107017, 0.00661073299125, 0.000209176330827, 0.000229221041081, 2.05875130632e-05, 3.16010264214e-05],
        "median": [0.0165717173368, 0.260351657867, 1.28680491447, 2.25166225433, 3.30565500259, 4.194003582, 7.14029407501, 11.277261734, 12.1634140015, 15.7186508179, 10.232172966, 17.8464355469, 17.5788955688, 21.4080734253, 24.9126110077, 11.3125343323, 15.274269104, 14.6787452698, 23.7767772675, 23.0479202271, 12.4009876251, 9.43332862854, 7.5166053772, 8.79323005676, 8.36574840546, 7.06231689453, 4.85221195221, 2.25963115692, 1.15191650391, 0.413174599409, 0.191141694784, 0.0757192447782, 0.030842423439, 0.0262970775366, 0.0159493330866, 0.00350196263753, 9.27135843085e-05, 8.01729584055e-06, 1.39658022817e-05, 2.91258747893e-05],
        "min": [2.10926976844e-21, 5.34351445957e-21, 1.47353776606e-20, 3.46295964583e-20, 9.81653166903e-20, 1.73962519319e-19, 2.1928209072e-19, 2.52747569406e-19, 7.63582676061e-19, 7.27928503322e-19, 1.5689658904e-18, 1.71159436868e-18, 1.69968307125e-18, 1.54393571526e-18, 2.12067312849e-18, 6.58308133624e-18, 3.8321213964e-18, 2.57973272586e-18, 8.06876802673e-18, 1.04617767234e-17, 2.51263274447e-17, 9.46640134103e-18, 6.0103629868e-18, 8.43604200897e-18, 1.20387328684e-17, 1.44548290031e-17, 1.46931033417e-17, 1.84251999904e-17, 1.55552521874e-17, 2.06757185548e-17, 1.9964498738e-17, 1.43476528655e-17, 1.47613871012e-17, 1.25727954134e-17, 8.73830207661e-18, 6.0380230793e-18, 3.08515558977e-18, 1.02567169952e-18, 2.93155678372e-19, 3.23465424247e-20],
        "var": [0.00349558936432, 0.570637345314, 11.941444397, 53.7012557983, 74.6708526611, 196.189926147, 1395.31274414, 3962.52514648, 4136.37353516, 6978.80419922, 4202.53125, 15194.2246094, 13369.7470703, 9071.13769531, 9754.49902344, 1532.1159668, 1749.8079834, 1585.64208984, 3596.87841797, 5566.99951172, 1264.93237305, 943.695861816, 717.906921387, 497.868255615, 292.151947021, 180.79006958, 101.196777344, 44.1446533203, 20.810251236, 3.63332843781, 0.490972608328, 0.0487153939903, 0.00476759951562, 0.00858265347779, 0.00475592911243, 9.37599979807e-05, 5.55195629204e-06, 0.00021717241907, 1.36514813676e-07, 4.18696105564e-10]
    },
    "gfcc": {
        "mean": [-17.9896068573, 136.398040771, -160.175765991, 37.198348999, -62.159702301, 4.43162727356, -30.3660736084, 0.82317429781, -21.1795654297, 0.0142478812486, -12.381731987, -12.011548996, 4.64303636551],
        "cov": [[1973.02587891, 250.877197266, -55.7086029053, 156.533752441, -139.848114014, -165.292999268, 58.7029838562, -69.9852752686, 9.16030216217, -45.2568740845, 61.4748954773, -14.6312484741, 34.8571357727], [250.877197266, 475.439788818, 227.222259521, 33.2849998474, 86.6730804443, -54.3488121033, 59.1425895691, -25.1154308319, 16.5551338196, -3.38192391396, 60.9178276062, -44.9586143494, 40.1316223145], [-55.7086029053, 227.222259521, 545.346008301, 233.708312988, 27.2806797028, 75.5034484863, -27.7695674896, -46.6855392456, -14.3230457306, 29.1925354004, -33.3847312927, 2.76961660385, -46.8894691467], [156.533752441, 33.2849998474, 233.708312988, 321.00088501, 55.8351287842, 40.8763465881, -7.21067667007, -38.8007469177, -2.02007269859, -7.15834093094, -39.1086120605, 17.8275222778, -47.2407073975], [-139.848114014, 86.6730804443, 27.2806797028, 55.8351287842, 176.677276611, 55.3680458069, 31.7915210724, 23.2646903992, 3.29178500175, -0.756944477558, -2.21998405457, -14.9472417831, 3.16719245911], [-165.292999268, -54.3488121033, 75.5034484863, 40.8763465881, 55.3680458069, 201.995437622, 47.252155304, -4.67270612717, -10.5331382751, 14.4970293045, -50.9925346375, -11.4047031403, -32.1582565308], [58.7029838562, 59.1425895691, -27.7695674896, -7.21067667007, 31.7915210724, 47.252155304, 125.111862183, 31.0740509033, 8.42033290863, -7.37814474106, 6.28838300705, -20.4215450287, 10.1082668304], [-69.9852752686, -25.1154308319, -46.6855392456, -38.8007469177, 23.2646903992, -4.67270612717, 31.0740509033, 112.520896912, 34.7367782593, -6.36777019501, 3.36561989784, 0.932079732418, 4.69087409973], [9.16030216217, 16.5551338196, -14.3230457306, -2.02007269859, 3.29178500175, -10.5331382751, 8.42033290863, 34.7367782593, 88.5855560303, 28.6602840424, 10.3537664413, -7.17958021164, -1.15841007233], [-45.2568740845, -3.38192391396, 29.1925354004, -7.15834093094, -0.756944477558, 14.4970293045, -7.37814474106, -6.36777019501, 28.6602840424, 82.5183410645, 23.4547424316, -3.71785664558, -9.41652011871], [61.4748954773, 60.9178276062, -33.3847312927, -39.1086120605, -2.21998405457, -50.9925346375, 6.28838300705, 3.36561989784, 10.3537664413, 23.4547424316, 108.593582153, 28.9223957062, 27.94947052], [-14.6312484741, -44.9586143494, 2.76961660385, 17.8275222778, -14.9472417831, -11.4047031403, -20.4215450287, 0.932079732418, -7.17958021164, -3.71785664558, 28.9223957062, 81.9868011475, 18.0032730103], [34.8571357727, 40.1316223145, -46.8894691467, -47.2407073975, 3.16719245911, -32.1582565308, 10.1082668304, 4.69087409973, -1.15841007233, -9.41652011871, 27.94947052, 18.0032730103, 85.1405105591]],
        "icov": [[0.00094111636281, -0.00143671641126, 0.00133719260339, -0.00162573717535, 0.00186909607146, -0.000302097061649, 0.000132714121719, -0.000328094902216, 0.00045012019109, -0.000270929012913, 2.14774154301e-05, 6.54232717352e-05, -9.97485403786e-05], [-0.00143671641126, 0.0104559529573, -0.00785046070814, 0.00552597595379, -0.00771944317967, 0.00528350286186, -0.00539179425687, 0.00509223854169, -0.00413528596982, 0.00437774695456, -0.00414242735133, 0.00421750452369, -0.00205933768302], [0.00133719260339, -0.00785046070814, 0.00896683707833, -0.00673526991159, 0.00655431533232, -0.00476520834491, 0.00469632819295, -0.00391721259803, 0.0038544612471, -0.00437069823965, 0.00258573051542, -0.00218376331031, 0.0011506807059], [-0.00162573717535, 0.00552597595379, -0.00673526991159, 0.0101325754076, -0.00738018378615, 0.00351308914833, -0.00347194564529, 0.00484005734324, -0.0038629991468, 0.00334541243501, 0.000510838406626, -0.00187692395411, 0.00226730853319], [0.00186909607146, -0.00771944317967, 0.00655431533232, -0.00738018378615, 0.0142396697775, -0.00604649586603, 0.00365889305249, -0.00585395563394, 0.00368421268649, -0.00267111323774, 0.000406394858146, 0.000499208574183, -0.001021539676], [-0.000302097061649, 0.00528350286186, -0.00476520834491, 0.00351308914833, -0.00604649586603, 0.0114792063832, -0.0073135192506, 0.00415941840038, -0.0011285895016, -0.000574444246013, 0.00258107110858, -0.000461383751826, 0.00132939079776], [0.000132714121719, -0.00539179425687, 0.00469632819295, -0.00347194564529, 0.00365889305249, -0.0073135192506, 0.0150104556233, -0.00615749601275, 0.00205509946682, -0.000337973498972, -0.00123391195666, 0.00198956741951, -0.00121928972658], [-0.000328094902216, 0.00509223854169, -0.00391721259803, 0.00484005734324, -0.00585395563394, 0.00415941840038, -0.00615749601275, 0.0155910346657, -0.00772818922997, 0.00462130457163, -0.00066292763222, -0.000775284250267, 0.000710648484528], [0.00045012019109, -0.00413528596982, 0.0038544612471, -0.0038629991468, 0.00368421268649, -0.0011285895016, 0.00205509946682, -0.00772818922997, 0.0176543835551, -0.00835071969777, 0.00155259971507, 0.000229919503909, 0.000121067059808], [-0.000270929012913, 0.00437774695456, -0.00437069823965, 0.00334541243501, -0.00267111323774, -0.000574444246013, -0.000337973498972, 0.00462130457163, -0.00835071969777, 0.0197164900601, -0.00757796783, 0.00369919114746, 0.000936952535994], [2.14774154301e-05, -0.00414242735133, 0.00258573051542, 0.000510838406626, 0.000406394858146, 0.00258107110858, -0.00123391195666, -0.00066292763222, 0.00155259971507, -0.00757796783, 0.0176235623658, -0.00876757409424, 4.56173147541e-05], [6.54232717352e-05, 0.00421750452369, -0.00218376331031, -0.00187692395411, 0.000499208574183, -0.000461383751826, 0.00198956741951, -0.000775284250267, 0.000229919503909, 0.00369919114746, -0.00876757409424, 0.0200435630977, -0.00559301348403], [-9.97485403786e-05, -0.00205933768302, 0.0011506807059, 0.00226730853319, -0.001021539676, 0.00132939079776, -0.00121928972658, 0.000710648484528, 0.000121067059808, 0.000936952535994, 4.56173147541e-05, -0.00559301348403, 0.0165672469884]]
    },
    "melbands": {
        "dmean": [0.000320391933201, 0.000646662374493, 0.000575940241106, 0.000373421789845, 0.000437029200839, 0.000442935997853, 0.000294272758765, 0.000252783123869, 0.000168936923728, 0.000231333586271, 0.00017152602959, 0.000123319507111, 0.000118668227515, 3.59147306881e-05, 3.659383583e-05, 2.93678986054e-05, 3.12826996378e-05, 4.29709252785e-05, 3.54125040758e-05, 2.91715168714e-05, 1.45045878526e-05, 1.0337545973e-05, 9.40725021792e-06, 7.83164887252e-06, 7.67339679442e-06, 6.17374871581e-06, 3.98477595809e-06, 3.54095732291e-06, 3.21075731335e-06, 2.01273883249e-06, 1.92616016648e-06, 1.53606185904e-06, 6.15881845079e-07, 3.49725553406e-07, 1.75614530917e-07, 9.52311083324e-08, 4.37805702802e-08, 1.72782197438e-08, 2.71284079645e-08, 3.33575549405e-08],
        "dmean2": [0.000548972690012, 0.00107221410144, 0.00095903192414, 0.000634329277091, 0.00071457849117, 0.000698106363416, 0.000458566792076, 0.000399756274419, 0.000258286367171, 0.000350894464646, 0.000265171314823, 0.000193573330762, 0.00018417451065, 5.52183482796e-05, 5.90343770455e-05, 4.70219274575e-05, 5.06430078531e-05, 6.83734833729e-05, 5.5911950767e-05, 4.6667544666e-05, 2.312210745e-05, 1.63646745932e-05, 1.49582965605e-05, 1.25417664094e-05, 1.20964232337e-05, 9.7940373962e-06, 6.22016250418e-06, 5.49551668882e-06, 4.9550667427e-06, 3.15035686071e-06, 2.94682172353e-06, 2.30958767133e-06, 9.17709712667e-07, 5.4106163816e-07, 2.67397723519e-07, 1.46762388908e-07, 6.83415350977e-08, 2.7337677011e-08, 4.34221050227e-08, 5.20877918575e-08],
        "dvar": [5.18953186202e-07, 1.41613918458e-06, 1.4126210317e-06, 3.70015698081e-07, 6.98651206221e-07, 8.41792257233e-07, 4.43477716772e-07, 5.29512249159e-07, 1.85713446399e-07, 2.86804919369e-07, 1.57758663022e-07, 7.92928389615e-08, 7.06116196625e-08, 6.55205312228e-09, 4.00573663129e-09, 2.61053401118e-09, 3.8858911644e-09, 6.2579368354e-09, 5.51241763347e-09, 3.1429452374e-09, 1.09475395416e-09, 4.6584947011e-10, 5.34368438387e-10, 2.51238252424e-10, 1.6397258551e-10, 1.07522483972e-10, 5.96252006102e-11, 3.97054611412e-11, 2.83279164015e-11, 1.56076748747e-11, 1.43801030111e-11, 8.31999226458e-12, 1.43271321456e-12, 5.72213554751e-13, 1.2878278088e-13, 3.25744781897e-14, 7.11050786122e-15, 1.15766036368e-15, 3.35844201367e-15, 4.92064393653e-15],
        "dvar2": [1.43047816437e-06, 3.43240321854e-06, 3.28044507114e-06, 9.66217953646e-07, 1.8290729713e-06, 1.94931158148e-06, 1.01905436622e-06, 1.23715574318e-06, 4.29912347499e-07, 6.12197027294e-07, 3.70997099708e-07, 1.84829133332e-07, 1.6105531131e-07, 1.45752432346e-08, 9.47261025175e-09, 6.06094907596e-09, 9.14597020341e-09, 1.47504861658e-08, 1.23989254419e-08, 7.20019333045e-09, 2.61993426953e-09, 1.11488396293e-09, 1.15235188058e-09, 6.14432338342e-10, 3.7357961169e-10, 2.48551429438e-10, 1.28728180893e-10, 7.54140708215e-11, 6.13541370487e-11, 3.75216281656e-11, 3.52438599138e-11, 1.92855158926e-11, 3.22713253689e-12, 1.33499157909e-12, 2.98837099814e-13, 7.72599215507e-14, 1.68692811727e-14, 2.79472147024e-15, 8.03163332147e-15, 1.14755718762e-14],
        "max": [0.00837614573538, 0.0146912001073, 0.0135375540704, 0.00963408965617, 0.016377216205, 0.0185394305736, 0.0139363706112, 0.015833593905, 0.0099689969793, 0.0111547484994, 0.00668697012588, 0.00707914121449, 0.0088257426396, 0.00205664150417, 0.00140336912591, 0.00127817492466, 0.00146412209142, 0.00157700746786, 0.00246118637733, 0.00128577253781, 0.000880652631167, 0.000485454977024, 0.00105292862281, 0.000381865276722, 0.000273925485089, 0.000309784081765, 0.000453752087196, 0.000332301860908, 0.00015362353588, 0.000106802486698, 4.6339162509e-05, 4.30485524703e-05, 1.89004840649e-05, 1.43103852679e-05, 7.83175892138e-06, 2.89451281787e-06, 1.39353289796e-06, 8.97589586657e-07, 1.72107775143e-06, 1.9395720301e-06],
        "mean": [0.000400310236728, 0.00107566209044, 0.00080948357936, 0.000529653334524, 0.000694028160069, 0.000765010889154, 0.000498113106005, 0.000395332463086, 0.000255062564975, 0.000383842037991, 0.000291932810796, 0.000222186208703, 0.000226671632845, 6.34943935438e-05, 6.62495585857e-05, 5.13001759828e-05, 5.25904688402e-05, 7.47648227843e-05, 6.26091714366e-05, 4.92321087222e-05, 2.36741343542e-05, 1.90452683455e-05, 1.77063739102e-05, 1.32522927743e-05, 1.34119991344e-05, 1.16686524052e-05, 8.14521263237e-06, 6.97434143149e-06, 5.78959998165e-06, 3.18737761518e-06, 2.64158188656e-06, 2.00995827981e-06, 8.63209777435e-07, 4.77763819617e-07, 2.58293624711e-07, 1.48739616179e-07, 6.88159289552e-08, 3.05846192816e-08, 4.25805914972e-08, 4.90172133993e-08],
        "median": [0.000210643192986, 0.000616010976955, 0.000463678967208, 0.000287476810627, 0.000260842265561, 0.000259562686551, 0.000186706747627, 0.000143586337799, 8.14882369014e-05, 0.00010761723388, 7.35609501135e-05, 7.69956459408e-05, 9.36006545089e-05, 2.08147794183e-05, 3.41385311913e-05, 2.76139762718e-05, 2.47383286478e-05, 3.63595681847e-05, 2.81844986603e-05, 2.19865269173e-05, 1.081305345e-05, 9.26631855691e-06, 7.64438209444e-06, 5.83838391321e-06, 6.7729561124e-06, 6.64986509946e-06, 4.94391815664e-06, 4.38547886006e-06, 3.36648213306e-06, 1.68945007317e-06, 1.07521032078e-06, 7.35491425985e-07, 3.33966141852e-07, 1.77015664349e-07, 1.11545865877e-07, 7.13333889735e-08, 3.23793258872e-08, 1.82809642979e-08, 2.15380815405e-08, 2.17242543954e-08],
        "min": [1.73934016172e-23, 7.05520196053e-24, 7.50949354521e-24, 1.1176457454e-23, 7.51422197748e-24, 5.59202078138e-24, 1.23378318893e-23, 8.69731690895e-24, 1.30245613397e-23, 1.20950623123e-23, 8.38010962807e-24, 5.99952581463e-24, 5.64997957537e-24, 1.79992893909e-23, 9.45526472187e-24, 8.34345757269e-24, 4.06612239924e-24, 1.16929767535e-23, 1.17124805505e-23, 2.33685954116e-23, 2.88085029056e-23, 1.08084057212e-23, 4.47509471378e-24, 6.00374858706e-24, 6.90428103645e-24, 7.76694461252e-24, 9.46740765779e-24, 9.46392089259e-24, 8.77030547534e-24, 1.07450925338e-23, 1.03078663771e-23, 7.7688236792e-24, 1.23977837404e-23, 1.00950577373e-23, 1.18147595223e-23, 1.0290359187e-23, 8.18990421977e-24, 9.7403898186e-24, 1.15663409124e-23, 1.01948115653e-23],
        "var": [4.65599271138e-07, 2.1665530312e-06, 1.52652171437e-06, 4.66455105652e-07, 1.42446947393e-06, 1.81909354069e-06, 8.5767243263e-07, 8.00454984073e-07, 2.78362392692e-07, 5.78098422466e-07, 3.62228661288e-07, 1.84770101441e-07, 1.81790028364e-07, 1.87637567706e-08, 1.00541708292e-08, 5.57586421479e-09, 6.8229470962e-09, 1.31518858026e-08, 1.33250006584e-08, 5.98460880852e-09, 1.84738480069e-09, 1.02075892183e-09, 1.47881440427e-09, 5.30910593266e-10, 3.63623492428e-10, 2.15545761795e-10, 1.20531321035e-10, 8.41172617672e-11, 5.61440512137e-11, 2.12126358146e-11, 1.67902601544e-11, 1.04256499267e-11, 2.14025260188e-12, 8.17798031984e-13, 2.02543860048e-13, 5.11446963882e-14, 1.04930873493e-14, 1.72477115648e-15, 4.71161018119e-15, 6.98045992821e-15]
    },
    "mfcc": {
        "mean": [-642.99041748, 150.725372314, -33.8104858398, 31.3137302399, -12.5217657089, 6.42233848572, -2.25070333481, -4.78350687027, 2.9462146759, 0.41372269392, -2.77084732056, -7.54078149796, -0.0289513152093],
        "cov": [[1883.39111328, 18.7001247406, -52.2802124023, 190.375671387, -183.954940796, -67.2837142944, -46.0642089844, -6.91928195953, -80.1610870361, 14.9803066254, -69.5397033691, -27.112323761, 23.2861099243], [18.7001247406, 469.670654297, 91.1007766724, 41.7402877808, 37.2197265625, -36.7222976685, 67.2339019775, -39.9518852234, -0.424676865339, 39.3014373779, -17.7408657074, 8.58800792694, 24.0269031525], [-52.2802124023, 91.1007766724, 510.167114258, 170.869094849, 71.9936065674, 134.136047363, -10.5080823898, -11.6046609879, -2.59592723846, -40.0283050537, 42.7435951233, 7.51502275467, -4.46635007858], [190.375671387, 41.7402877808, 170.869094849, 279.541320801, 75.3804092407, 38.2486038208, -5.84552097321, 12.55169487, 1.67129480839, -42.7787513733, 15.8162183762, 18.9692211151, 0.676926374435], [-183.954940796, 37.2197265625, 71.9936065674, 75.3804092407, 164.881958008, 53.6337280273, 17.381023407, 12.5399656296, 23.5477161407, -14.6393585205, 20.8227539062, 12.3315343857, 1.53116047382], [-67.2837142944, -36.7222976685, 134.136047363, 38.2486038208, 53.6337280273, 221.568405151, 41.0218658447, 8.1791601181, 24.309715271, -2.80318546295, 33.1394348145, -17.5600547791, -10.5857925415], [-46.0642089844, 67.2339019775, -10.5080823898, -5.84552097321, 17.381023407, 41.0218658447, 127.608222961, 27.8500728607, 14.2761487961, 22.5506687164, -11.3548030853, -4.44684886932, 0.342298984528], [-6.91928195953, -39.9518852234, -11.6046609879, 12.55169487, 12.5399656296, 8.1791601181, 27.8500728607, 112.432228088, 33.8625602722, -5.62444496155, -1.59453129768, -0.651377677917, -0.317232996225], [-80.1610870361, -0.424676865339, -2.59592723846, 1.67129480839, 23.5477161407, 24.309715271, 14.2761487961, 33.8625602722, 98.5692977905, 30.1332244873, 12.1482143402, -9.58731746674, 1.58710205555], [14.9803066254, 39.3014373779, -40.0283050537, -42.7787513733, -14.6393585205, -2.80318546295, 22.5506687164, -5.62444496155, 30.1332244873, 109.920791626, 1.81818723679, -5.98932933807, -0.115991659462], [-69.5397033691, -17.7408657074, 42.7435951233, 15.8162183762, 20.8227539062, 33.1394348145, -11.3548030853, -1.59453129768, 12.1482143402, 1.81818723679, 102.953018188, 33.7113952637, -4.88651561737], [-27.112323761, 8.58800792694, 7.51502275467, 18.9692211151, 12.3315343857, -17.5600547791, -4.44684886932, -0.651377677917, -9.58731746674, -5.98932933807, 33.7113952637, 88.0036621094, 23.9500331879], [23.2861099243, 24.0269031525, -4.46635007858, 0.676926374435, 1.53116047382, -10.5857925415, 0.342298984528, -0.317232996225, 1.58710205555, -0.115991659462, -4.88651561737, 23.9500331879, 70.1223297119]],
