{
"lowlevel": {
    "average_loudness": 0.642806708813,
    "barkbands_crest": {
        "dmean": 2.26878905296,
        "dmean2": 3.64770412445,
        "dvar": 4.44643878937,
        "dvar2": 10.5643110275,
        "max": 26.5268955231,
        "mean": 9.41072559357,
        "median": 8.68542098999,
        "min": 2.14077425003,
        "var": 15.3721160889
    },
    "barkbands_flatness_db": {
        "dmean": 0.0184448510408,
        "dmean2": 0.0282789990306,
        "dvar": 0.000394644157495,
        "dvar2": 0.000817656517029,
        "max": 0.354032725096,
        "mean": 0.133990094066,
        "median": 0.128230363131,
        "min": 0.0251158960164,
        "var": 0.00188275263645
    },
    "barkbands_kurtosis": {
        "dmean": 2.69617080688,
        "dmean2": 4.19406986237,
        "dvar": 36.1702461243,
        "dvar2": 81.4999389648,
        "max": 241.887527466,
        "mean": 4.4453086853,
        "median": 1.62805819511,
        "min": -1.93320846558,
        "var": 81.1535110474
    },
    "barkbands_skewness": {
        "dmean": 0.506620228291,
        "dmean2": 0.75766736269,
        "dvar": 0.400550097227,
        "dvar2": 0.764601707458,
        "max": 12.8138055801,
        "mean": 1.30681085587,
        "median": 1.18423891068,
        "min": -6.28586530685,
        "var": 1.68412613869
    },
    "barkbands_spread": {
        "dmean": 4.67810821533,
        "dmean2": 7.31378507614,
        "dvar": 45.6291694641,
        "dvar2": 104.063171387,
        "max": 103.984512329,
        "mean": 18.2475357056,
        "median": 16.3917045593,
        "min": 0.511859416962,
        "var": 120.071357727
    },
    "dissonance": {
        "dmean": 0.0204342715442,
        "dmean2": 0.0334835201502,
        "dvar": 0.000496370601468,
        "dvar2": 0.00118996866513,
        "max": 0.500000059605,
        "mean": 0.459011912346,
        "median": 0.466894447803,
        "min": 0.216176554561,
        "var": 0.00120230251923
    },
    "dynamic_complexity": 2.28116106987,
    "erbbands_crest": {
        "dmean": 2.69301605225,
        "dmean2": 4.34059143066,
        "dvar": 6.37088537216,
        "dvar2": 15.4148588181,
        "max": 31.6608734131,
        "mean": 9.72844409943,
        "median": 8.49721908569,
        "min": 2.62498855591,
        "var": 21.1859130859
    },
    "erbbands_flatness_db": {
        "dmean": 0.0170650687069,
        "dmean2": 0.0257633905858,
        "dvar": 0.000368620152585,
        "dvar2": 0.000741255877074,
        "max": 0.368074297905,
        "mean": 0.171566218138,
        "median": 0.161700069904,
        "min": 0.0554928146303,
        "var": 0.0019062878564
    },
    "erbbands_kurtosis": {
        "dmean": 1.27313148975,
        "dmean2": 1.98725354671,
        "dvar": 7.60158777237,
        "dvar2": 16.1125679016,
        "max": 66.5889511108,
        "mean": 1.01476800442,
        "median": 0.0595397949219,
        "min": -1.85406315327,
        "var": 13.5878410339
    },
    "erbbands_skewness": {
        "dmean": 0.415406614542,
        "dmean2": 0.629021883011,
        "dvar": 0.246427327394,
        "dvar2": 0.478446602821,
        "max": 7.44814777374,
        "mean": 0.390969961882,
        "median": 0.372456341982,
        "min": -5.34910869598,
        "var": 0.830684423447
    },
    "erbbands_spread": {
        "dmean": 6.84184074402,
        "dmean2": 10.6772155762,
        "dvar": 66.062828064,
        "dvar2": 156.244216919,
        "max": 141.133636475,
        "mean": 32.1773071289,
        "median": 31.7586479187,
        "min": 1.66804218292,
        "var": 237.725341797
    },
    "hfc": {
        "dmean": 6.98989534378,
        "dmean2": 10.414935112,
        "dvar": 225.990005493,
        "dvar2": 450.099365234,
        "max": 302.908660889,
        "mean": 19.6279983521,
        "median": 15.8288116455,
        "min": 1.15416338816e-16,
        "var": 442.736938477
    },
    "melbands_crest": {
        "dmean": 2.67204976082,
        "dmean2": 4.32012748718,
        "dvar": 6.54601430893,
        "dvar2": 15.7561159134,
        "max": 32.3589248657,
        "mean": 11.4374856949,
        "median": 10.6940383911,
        "min": 1.25434374809,
        "var": 21.1349411011
    },
    "melbands_flatness_db": {
        "dmean": 0.0222130641341,
        "dmean2": 0.0332205407321,
        "dvar": 0.000636599201243,
        "dvar2": 0.00119990238454,
        "max": 0.445637911558,
        "mean": 0.195256471634,
        "median": 0.191623359919,
        "min": 0.000420507072704,
        "var": 0.00441167969257
    },
    "melbands_kurtosis": {
        "dmean": 4.44513893127,
        "dmean2": 6.94578361511,
        "dvar": 62.8672409058,
        "dvar2": 147.755355835,
        "max": 363.300598145,
        "mean": 9.48119258881,
        "median": 4.93364334106,
        "min": -1.88963103294,
        "var": 190.395828247
    },
    "melbands_skewness": {
        "dmean": 0.572667300701,
        "dmean2": 0.869418203831,
        "dvar": 0.412518441677,
        "dvar2": 0.886199474335,
        "max": 14.8287563324,
        "mean": 2.0214164257,
        "median": 1.85894584656,
        "min": -3.16544055939,
        "var": 2.06785702705
    },
    "melbands_spread": {
        "dmean": 7.26624107361,
        "dmean2": 11.4793758392,
        "dvar": 202.139099121,
        "dvar2": 427.161529541,
        "max": 193.542327881,
        "mean": 23.853313446,
        "median": 19.8171539307,
        "min": 0.659745156765,
        "var": 426.875061035
    },
    "pitch_salience": {
        "dmean": 0.0584558844566,
        "dmean2": 0.0940565466881,
        "dvar": 0.00287059112452,
        "dvar2": 0.00696145556867,
        "max": 0.993223845959,
        "mean": 0.599997520447,
        "median": 0.591563224792,
        "min": 0.0898182466626,
        "var": 0.0150604648516
    },
    "silence_rate_20dB": {
        "dmean": 0,
        "dmean2": 0,
        "dvar": 0,
        "dvar2": 0,
        "max": 1,
        "mean": 1,
        "median": 1,
        "min": 1,
        "var": 0
    },
    "silence_rate_30dB": {
        "dmean": 0.00530776474625,
        "dmean2": 0.0106164384633,
        "dvar": 0.00527818035334,
        "dvar2": 0.0132388910279,
        "max": 1,
        "mean": 0.994949519634,
        "median": 1,
        "min": 0,
        "var": 0.00502616260201
    },
    "silence_rate_60dB": {
        "dmean": 0.0219159312546,
        "dmean2": 0.0438356176019,
        "dvar": 0.0214296393096,
        "dvar2": 0.0494265519083,
        "max": 1,
        "mean": 0.054956343025,
        "median": 0,
        "min": 0,
        "var": 0.0519138947129
    },
    "spectral_centroid": {
        "dmean": 254.633544922,
        "dmean2": 386.42779541,
        "dvar": 162770.046875,
        "dvar2": 289874.96875,
        "max": 11453.2744141,
        "mean": 1310.88232422,
        "median": 1132.58215332,
        "min": 245.053146362,
        "var": 651597.625
    },
    "spectral_complexity": {
        "dmean": 3.21427965164,
        "dmean2": 4.98381853104,
        "dvar": 10.3371095657,
        "dvar2": 22.2056560516,
        "max": 57,
        "mean": 18.7593727112,
        "median": 18,
        "min": 0,
        "var": 81.3601837158
    },
    "spectral_decrease": {
        "dmean": 2.04629002631e-09,
        "dmean2": 3.08388359294e-09,
        "dvar": 1.01657238191e-17,
        "dvar2": 2.19184449286e-17,
        "max": 1.24432660555e-28,
        "mean": -5.96483262782e-09,
        "median": -5.53639889489e-09,
        "min": -4.77375756702e-08,
        "var": 1.89995793185e-17
    },
    "spectral_energy": {
        "dmean": 0.00824221409857,
        "dmean2": 0.0124319856986,
        "dvar": 0.00015841590357,
        "dvar2": 0.000345122854924,
        "max": 0.187516778708,
        "mean": 0.0242930240929,
        "median": 0.0227153468877,
        "min": 1.03549239811e-20,
        "var": 0.000298130733427
    },
    "spectral_energyband_high": {
        "dmean": 0.000496013904922,
        "dmean2": 0.000718101742677,
        "dvar": 5.70335396333e-06,
        "dvar2": 1.03784896055e-05,
        "max": 0.0513558872044,
        "mean": 0.000827441457659,
        "median": 0.000268704374321,
        "min": 7.45631994045e-21,
        "var": 9.07142475626e-06
    },
    "spectral_energyband_low": {
        "dmean": 0.00145812891424,
        "dmean2": 0.00240631401539,
        "dvar": 8.03890543466e-06,
        "dvar2": 2.15299296542e-05,
        "max": 0.0666820406914,
        "mean": 0.00438411952928,
        "median": 0.0031970248092,
        "min": 3.83677710492e-23,
        "var": 2.10537218663e-05
    },
    "spectral_energyband_middle_high": {
        "dmean": 0.00192071753554,
        "dmean2": 0.00296518439427,
        "dvar": 8.48709169077e-06,
        "dvar2": 1.96333639906e-05,
        "max": 0.0667945593596,
        "mean": 0.00535610876977,
        "median": 0.00376385077834,
        "min": 1.29586173328e-21,
        "var": 2.84450215986e-05
    },
    "spectral_energyband_middle_low": {
        "dmean": 0.00646825321019,
        "dmean2": 0.00965352542698,
        "dvar": 0.000125523190945,
        "dvar2": 0.000265400653007,
        "max": 0.173601180315,
        "mean": 0.0142805660143,
        "median": 0.0111595503986,
        "min": 2.09635128128e-22,
        "var": 0.000234627979808
    },
    "spectral_entropy": {
        "dmean": 0.154174253345,
        "dmean2": 0.231593132019,
        "dvar": 0.0308799669147,
        "dvar2": 0.0587384477258,
        "max": 9.81990718842,
        "mean": 7.4390335083,
        "median": 7.48605394363,
        "min": 5.24073123932,
        "var": 0.163362413645
    },
    "spectral_flux": {
        "dmean": 0.0221500322223,
        "dmean2": 0.035581111908,
        "dvar": 0.000784533272963,
        "dvar2": 0.00187790568452,
        "max": 0.353826254606,
        "mean": 0.0775527283549,
        "median": 0.0691870003939,
        "min": 6.65697080793e-11,
        "var": 0.00171874416992
    },
    "spectral_kurtosis": {
        "dmean": 1.91385817528,
        "dmean2": 3.22697854042,
        "dvar": 4.56905269623,
        "dvar2": 11.9605751038,
        "max": 41.1962165833,
        "mean": 5.06360292435,
        "median": 4.24455070496,
        "min": -1.25454080105,
        "var": 12.7950782776
    },
    "spectral_rms": {
        "dmean": 0.00079360185191,
        "dmean2": 0.00117388903163,
        "dvar": 9.64073592513e-07,
        "dvar2": 1.92827474166e-06,
        "max": 0.0135256499052,
        "mean": 0.00458254059777,
        "median": 0.0047075804323,
        "min": 3.17842171853e-12,
        "var": 2.70079294751e-06
    },
    "spectral_rolloff": {
        "dmean": 408.307006836,
        "dmean2": 672.770385742,
        "dvar": 650068.875,
        "dvar2": 1315640.375,
        "max": 19293.75,
        "mean": 1484.81762695,
        "median": 1184.32617188,
        "min": 107.666015625,
        "var": 1869429.375
    },
    "spectral_skewness": {
        "dmean": 0.262402504683,
        "dmean2": 0.411754250526,
        "dvar": 0.0905919224024,
        "dvar2": 0.183127015829,
        "max": 4.97930955887,
        "mean": 1.54708981514,
        "median": 1.50345551968,
        "min": -0.866788864136,
        "var": 0.339449107647
    },
    "spectral_spread": {
        "dmean": 361096.0625,
        "dmean2": 557928.4375,
        "dvar": 250716930048,
        "dvar2": 516159602688,
        "max": 41597548,
        "mean": 3757988.5,
        "median": 3618578.5,
        "min": 1233804.375,
        "var": 1.85216217907e+12
    },
    "spectral_strongpeak": {
        "dmean": 0.670268535614,
        "dmean2": 1.09681582451,
        "dvar": 1.00975179672,
        "dvar2": 2.46735930443,
        "max": 13.8724718094,
        "mean": 1.22178089619,
        "median": 0.77719604969,
        "min": 0,
        "var": 1.78334772587
    },
    "zerocrossingrate": {
        "dmean": 0.0094955470413,
        "dmean2": 0.0109094073996,
        "dvar": 0.000193827101612,
        "dvar2": 0.000201948510949,
        "max": 0.52294921875,
        "mean": 0.0613474696875,
        "median": 0.05322265625,
        "min": 0.0087890625,
        "var": 0.00135681394022
    },
    "barkbands": {
        "dmean": [2.79790092463e-05, 0.000865864334628, 0.000579852203373, 0.000685094099026, 0.00241296947934, 0.00204704143107, 0.00198618206196, 0.000768101483118, 0.000908038055059, 0.00045638642041, 0.000286690861685, 0.000455676228739, 0.000476301211165, 0.000329210713971, 0.000304014683934, 0.000291810545605, 0.000247602059972, 0.000186576115084, 0.000148600156535, 0.000183064446901, 0.000190954116988, 0.000148672042997, 9.37137156143e-05, 2.4889015549e-05, 4.01603165301e-06, 2.87280357725e-07, 2.05327501135e-06],
        "dmean2": [4.84604861413e-05, 0.00143466272857, 0.000981940422207, 0.00113384111319, 0.00369391450658, 0.00311948498711, 0.00304359663278, 0.00120305258315, 0.00135590368882, 0.000691797235049, 0.000455109548056, 0.000716021284461, 0.000743193551898, 0.000542129797395, 0.000505907752085, 0.000479486305267, 0.000416309776483, 0.000309962953907, 0.000240445457166, 0.000284025358269, 0.0002860367822, 0.000222658170969, 0.000138256946229, 3.80325473088e-05, 6.23387086307e-06, 4.78632671275e-07, 3.36920356858e-06],
        "dvar": [2.53319254462e-09, 2.69686051979e-06, 2.37522954194e-06, 2.60118713413e-06, 1.80642073246e-05, 2.27198015637e-05, 2.73966034001e-05, 5.98448787059e-06, 4.26700489697e-06, 1.176419687e-06, 8.55272332956e-07, 1.1597134062e-06, 1.20347101529e-06, 5.79449590532e-07, 5.3666627764e-07, 3.81318557174e-07, 3.08308358399e-07, 2.17635417243e-07, 2.7567270422e-07, 5.47514275695e-07, 1.22030166949e-06, 7.64111291573e-07, 2.98618857641e-07, 6.0287255188e-09, 4.46079811978e-10, 2.30378541764e-13, 4.10860841876e-12],
        "dvar2": [6.68641497725e-09, 7.49586251914e-06, 6.53134247841e-06, 6.69222754368e-06, 3.91265311919e-05, 4.91670289193e-05, 5.94015873503e-05, 1.4779864614e-05, 9.14637257665e-06, 2.47823800237e-06, 1.93518894775e-06, 2.74295075542e-06, 2.71313683697e-06, 1.44746888964e-06, 1.38020141094e-06, 9.86833128991e-07, 8.11541042367e-07, 5.42957423022e-07, 6.58705744172e-07, 1.09190648345e-06, 2.43472732109e-06, 1.61353091244e-06, 6.00042767473e-07, 1.22119390156e-08, 1.10760478567e-09, 5.48935192007e-13, 1.07235739386e-11],
        "max": [0.000771758204792, 0.0271614901721, 0.0481585673988, 0.0292816758156, 0.0846158117056, 0.1196776703, 0.113477870822, 0.0766025260091, 0.0523665994406, 0.036264076829, 0.03279690817, 0.0403951071203, 0.0333039313555, 0.0189378168434, 0.0190525408834, 0.0124022094533, 0.0119335148484, 0.019599262625, 0.0200467277318, 0.0186005774885, 0.0401000790298, 0.0340389348567, 0.0265725124627, 0.00442613521591, 0.0015550586395, 2.37127514993e-05, 5.99061131652e-05],
        "mean": [3.4586268157e-05, 0.00285801151767, 0.0010508869309, 0.00098528189119, 0.00437815161422, 0.00317943724804, 0.00276686577126, 0.00102700712159, 0.00170492904726, 0.000777846726123, 0.000437039416283, 0.000785559124779, 0.000859131163452, 0.000512359547429, 0.000480411748867, 0.000496368680615, 0.000405213446356, 0.000344249448972, 0.000238234119024, 0.000302919885144, 0.000250212586252, 0.00020482801483, 0.000140079704579, 5.46628871234e-05, 7.10359336153e-06, 1.1040941672e-06, 1.05358731162e-05],
        "median": [1.22604842545e-05, 0.00157763739116, 0.000635512638837, 0.00034393669921, 0.00226793903857, 0.00132277468219, 0.00074178900104, 0.000279902596958, 0.00048341328511, 0.000242762180278, 0.000129908381496, 0.000271133088972, 0.000308368820697, 0.000173386157257, 0.000179027178092, 0.00017393885355, 0.000182607618626, 0.000146874983329, 0.00010527993436, 9.02979227249e-05, 5.9688478359e-05, 4.68785947305e-05, 3.78762269975e-05, 2.22746584768e-05, 2.8109525374e-06, 1.00607087461e-06, 9.99302028504e-06],
        "min": [1.05549056637e-24, 9.67630275866e-24, 6.93900196033e-24, 2.4967508787e-24, 1.49908263338e-23, 1.85356516975e-23, 2.26345792719e-23, 4.35348415329e-23, 2.53753045155e-23, 2.60548734754e-23, 4.75108551119e-23, 4.61177425305e-23, 5.10595143396e-23, 5.28257959945e-23, 6.33147461813e-23, 1.20613727452e-22, 1.20333940577e-22, 1.02471864074e-22, 1.27011667072e-22, 2.49833081721e-22, 3.57076664436e-22, 4.01782459542e-22, 6.04575980055e-22, 7.72289323118e-22, 1.01712973572e-21, 1.5946249918e-21, 2.00227932803e-21],
        "var": [3.58772900277e-09, 1.26612812892e-05, 2.45153569267e-06, 3.61729553333e-06, 3.79220546165e-05, 3.76026400772e-05, 4.15171089116e-05, 6.62234742776e-06, 1.17331055662e-05, 2.93257130579e-06, 1.38561631502e-06, 2.9433626878e-06, 3.25238897858e-06, 1.02341130059e-06, 7.48332354306e-07, 7.11381915153e-07, 4.68824083555e-07, 3.81598795229e-07, 3.50286228468e-07, 8.5038789166e-07, 1.64539892467e-06, 1.02373121535e-06, 4.14514232716e-07, 1.48331178451e-08, 5.67009994512e-10, 3.40205294491e-13, 3.9217410569e-11]
    },
    "erbbands": {
        "dmean": [0.019354654476, 0.219975963235, 0.598244547844, 1.46380507946, 4.17353010178, 9.32986068726, 15.3756484985, 17.292755127, 29.2241897583, 21.3142261505, 16.4113521576, 18.7125301361, 16.9861373901, 12.0567531586, 12.0154352188, 16.9880714417, 22.1242809296, 16.8030738831, 14.0059709549, 15.5018835068, 15.4411478043, 13.2006654739, 10.4632768631, 7.50167798996, 8.11327266693, 8.47203063965, 9.17948150635, 6.00471782684, 5.47353792191, 4.39956283569, 2.31459665298, 0.789425253868, 0.307261168957, 0.0773375406861, 0.0142623344436, 0.00231587910093, 0.000684305385221, 0.00327864428982, 8.1555423094e-05, 1.01198156699e-05],
        "dmean2": [0.0317244529724, 0.365312039852, 1.01057386398, 2.43053483963, 6.64538192749, 14.2177362442, 23.6085243225, 26.4331760406, 44.8955764771, 33.0715179443, 25.0442905426, 28.2422351837, 24.9572296143, 18.5979804993, 18.7488746643, 26.5880775452, 34.3094596863, 27.2987136841, 23.0004329681, 25.5542621613, 25.5206356049, 22.1074428558, 17.2292308807, 12.143995285, 12.9494485855, 13.0951976776, 13.7128667831, 9.00508499146, 8.24369239807, 6.56566762924, 3.34704327583, 1.21072769165, 0.468034565449, 0.117903918028, 0.022178741172, 0.00375995761715, 0.00113368069287, 0.00538440607488, 0.000134492132929, 1.52801167133e-05],
        "dvar": [0.00162436265964, 0.16816291213, 1.92565238476, 13.0268106461, 59.2404975891, 334.991424561, 1386.59082031, 1983.54638672, 6226.85449219, 4360.13085938, 2222.89501953, 2153.15478516, 1351.98828125, 1190.27478027, 1159.85961914, 1756.90869141, 2616.79370117, 1492.12854004, 1060.97460938, 1457.77416992, 1066.06433105, 888.127197266, 685.770019531, 346.831817627, 1063.75878906, 1164.76525879, 2811.72143555, 1136.66870117, 1129.18017578, 677.013977051, 137.507751465, 5.20082139969, 1.24185109138, 0.178764045238, 0.00232266937383, 3.220482904e-05, 3.99576919108e-07, 1.07288078652e-05, 9.46265110713e-09, 2.19330012485e-10],
        "dvar2": [0.00424676947296, 0.47392231226, 5.3773226738, 34.0153579712, 143.978424072, 703.86529541, 3086.30639648, 4127.01513672, 13735.9208984, 10242.7529297, 4984.14941406, 4840.16748047, 2615.96923828, 2681.86621094, 2471.00927734, 4044.73828125, 5753.33496094, 3825.09155273, 2581.1887207, 3818.62817383, 2745.54003906, 2310.41552734, 1703.43505859, 809.921142578, 2479.31665039, 2370.73242188, 5700.83496094, 2304.81713867, 2483.17358398, 1373.73266602, 251.176620483, 11.0087633133, 2.25589227676, 0.439058184624, 0.00498280022293, 7.28500963305e-05, 1.08692620415e-06, 2.77962808468e-05, 2.62947210672e-08, 4.85308959686e-10],
        "max": [0.834483981133, 6.97509384155, 36.2971229553, 83.7658691406, 190.035858154, 370.164611816, 895.75201416, 1163.10961914, 1823.31396484, 2193.90576172, 1222.63769531, 1133.44897461, 1430.29711914, 1454.16662598, 1595.14733887, 1949.58666992, 1512.49987793, 872.604797363, 816.466064453, 1068.00708008, 788.376098633, 713.23223877, 1097.20800781, 560.554077148, 1235.07299805, 933.758972168, 1598.58569336, 1116.78381348, 1259.63269043, 1201.67810059, 526.583312988, 77.2378158569, 70.4415588379, 33.5150260925, 1.86921441555, 0.220851674676, 0.0165190119296, 0.0948910415173, 0.00355321005918, 0.00022479936888],
        "mean": [0.05826382339, 0.718175888062, 1.32922327518, 2.4126803875, 6.96970319748, 16.345331192, 23.9898986816, 26.9653892517, 40.9037284851, 29.5918979645, 24.9649887085, 33.0613517761, 35.1010780334, 20.709148407, 21.1585655212, 31.4307861328, 42.322227478, 28.9100265503, 23.3626403809, 26.2239208221, 27.6623764038, 22.9374408722, 19.8845252991, 13.8878192902, 13.4798202515, 14.1715784073, 12.0402164459, 8.23750495911, 7.33439397812, 6.14842557907, 3.60461068153, 1.63900411129, 0.629019737244, 0.138819560409, 0.0281605534256, 0.00639523845166, 0.00424342416227, 0.0168271362782, 0.000449182960438, 3.74131595891e-05],
        "median": [0.0270826499909, 0.382521003485, 1.03332519531, 1.2274916172, 3.21332120895, 6.90993022919, 9.48386573792, 10.782034874, 11.9629545212, 8.74069499969, 7.94302272797, 10.6861076355, 10.1522989273, 8.47463417053, 8.6441822052, 12.2541713715, 16.3779907227, 11.1889657974, 9.30419445038, 10.530538559, 11.0525312424, 10.2446212769, 8.75407218933, 6.56628894806, 5.26440143585, 4.32339572906, 2.80514240265, 2.06118917465, 1.6049785614, 1.51262569427, 1.02484083176, 0.666306912899, 0.236143991351, 0.0524831600487, 0.0135993361473, 0.00484303245321, 0.00408830493689, 0.0159990079701, 0.000421324482886, 3.47508212144e-05],
        "min": [4.38988598199e-22, 2.10648590986e-21, 6.80818354083e-21, 1.23898553349e-20, 2.27745683194e-20, 3.28223457603e-20, 1.32159680443e-19, 8.05186267806e-20, 4.48775519306e-19, 2.41454977232e-19, 5.99250477776e-19, 6.22700686251e-19, 3.28631438591e-19, 1.77137812367e-18, 1.53983972366e-18, 2.12226710553e-18, 1.9500696087e-18, 2.34897477076e-18, 2.41287964296e-18, 3.68348034904e-18, 6.42122070192e-18, 6.82060583554e-18, 5.50821968723e-18, 6.68659761322e-18, 9.14630560502e-18, 1.36323848268e-17, 1.31781634088e-17, 1.37636145494e-17, 1.27363902319e-17, 1.46929875364e-17, 1.80324959946e-17, 1.49487749428e-17, 1.38916745159e-17, 9.65704000244e-18, 7.99285683474e-18, 4.9487742779e-18, 3.13396669054e-18, 1.18250896937e-18, 2.67328385461e-19, 3.02069460663e-20],
        "var": [0.00599902914837, 0.806612789631, 2.34942221642, 16.3175697327, 119.780487061, 702.004943848, 2229.61889648, 3196.68847656, 9109.45800781, 5653.65771484, 3315.16455078, 4410.38427734, 4916.4921875, 1932.0760498, 2288.7043457, 4610.17382812, 7639.05859375, 3121.12011719, 1711.44250488, 2063.02368164, 2085.72314453, 1407.18139648, 1311.78405762, 548.845703125, 1359.96398926, 1790.46960449, 3726.76831055, 1547.48901367, 1423.61450195, 907.697631836, 227.563842773, 11.4618587494, 2.9668302536, 0.244377925992, 0.0046230298467, 5.31922378286e-05, 2.80001654573e-06, 9.93308567558e-05, 5.92015609868e-08, 4.53150128532e-10]
    },
    "gfcc": {
        "mean": [-4.05366373062, 92.4470214844, -124.108261108, 22.0579605103, -53.8491630554, -1.97262787819, -31.2830791473, -7.45801687241, -13.0568828583, -4.13342142105, -9.61812591553, 3.22844839096, -14.7947206497],
        "cov": [[3152.36328125, 390.359375, -503.782409668, 340.977172852, -325.290802002, 123.195594788, -32.1727600098, 76.5225830078, 79.9153823853, -122.5495224, 146.000534058, -108.134147644, 33.3397064209], [390.359375, 1163.69677734, 782.004943848, -53.6931838989, 175.42350769, -65.4686584473, -14.183848381, 52.0299949646, -40.6417007446, -14.0747728348, 80.4522094727, -4.15195703506, -20.9815063477], [-503.782409668, 782.004943848, 1356.8927002, 234.028182983, 160.069839478, 87.6256561279, 12.1325654984, -1.42880249023, -58.2357673645, 24.1383876801, 55.316947937, 2.61694979668, -21.7325763702], [340.977172852, -53.6931838989, 234.028182983, 551.214477539, -31.6340656281, 123.744628906, 39.3624305725, -29.0545444489, 26.9036521912, -0.692936778069, 53.4777259827, -26.5209655762, 19.4025592804], [-325.290802002, 175.42350769, 160.069839478, -31.6340656281, 283.179534912, 10.9140462875, -2.59409451485, -0.534390747547, -18.5239009857, 32.2069740295, -2.20794677734, 30.6951599121, -10.7129201889], [123.195594788, -65.4686584473, 87.6256561279, 123.744628906, 10.9140462875, 333.688140869, 80.7884063721, 51.0815658569, 1.66444694996, -3.64858460426, 54.6579818726, -27.4947395325, 33.9350318909], [-32.1727600098, -14.183848381, 12.1325654984, 39.3624305725, -2.59409451485, 80.7884063721, 188.696777344, 41.4583053589, -7.16024541855, 10.6731853485, 11.5789928436, 6.96408557892, -2.53123688698], [76.5225830078, 52.0299949646, -1.42880249023, -29.0545444489, -0.534390747547, 51.0815658569, 41.4583053589, 176.405395508, 53.3658065796, -11.1140737534, 33.463973999, -31.3955516815, 25.7754611969], [79.9153823853, -40.6417007446, -58.2357673645, 26.9036521912, -18.5239009857, 1.66444694996, -7.16024541855, 53.3658065796, 103.528900146, 22.7580051422, 9.75510692596, -8.41736602783, -0.689057528973], [-122.5495224, -14.0747728348, 24.1383876801, -0.692936778069, 32.2069740295, -3.64858460426, 10.6731853485, -11.1140737534, 22.7580051422, 90.7518157959, 27.7526111603, 11.0386676788, -5.81723308563], [146.000534058, 80.4522094727, 55.316947937, 53.4777259827, -2.20794677734, 54.6579818726, 11.5789928436, 33.463973999, 9.75510692596, 27.7526111603, 122.059165955, 21.98487854, 4.7309551239], [-108.134147644, -4.15195703506, 2.61694979668, -26.5209655762, 30.6951599121, -27.4947395325, 6.96408557892, -31.3955516815, -8.41736602783, 11.0386676788, 21.98487854, 83.455871582, 10.3308353424], [33.3397064209, -20.9815063477, -21.7325763702, 19.4025592804, -10.7129201889, 33.9350318909, -2.53123688698, 25.7754611969, -0.689057528973, -5.81723308563, 4.7309551239, 10.3308353424, 73.5611572266]],
        "icov": [[0.00102551246528, -0.00152433896437, 0.00136397383176, -0.00117500789929, 0.00125246623065, -0.000817514548544, 0.000609832233749, -0.000137556169648, -2.75207694358e-05, 0.000264097150648, -1.71285082615e-05, -8.80056104506e-05, 0.000476125336718], [-0.00152433896437, 0.00444750627503, -0.00337867252529, 0.00271837739274, -0.00297171319835, 0.00249324832112, -0.00165374262724, 0.000934447569307, -0.000790736987256, 0.00164949765895, -0.00268619111739, 0.0022453207057, -0.00174259766936], [0.00136397383176, -0.00337867252529, 0.0035943754483, -0.00270119565539, 0.00192851864267, -0.00199570925906, 0.00157506426331, -0.00122087099589, 0.00146582128946, -0.00130979635287, 0.00167399703059, -0.00168639875483, 0.00191532960162], [-0.00117500789929, 0.00271837739274, -0.00270119565539, 0.00460212631151, -0.00196125567891, 0.00119266624097, -0.00221263477579, 0.00319399125874, -0.00282190321013, 0.00206906511448, -0.00313920318149, 0.00328277866356, -0.00285706180148], [0.00125246623065, -0.00297171319835, 0.00192851864267, -0.00196125567891, 0.00668868562207, -0.00241044326685, 0.00217104074545, -0.00237770588137, 0.00214603194036, -0.00317449588329, 0.0032744568307, -0.00411168532446, 0.0028016238939], [-0.000817514548544, 0.00249324832112, -0.00199570925906, 0.00119266624097, -0.00241044326685, 0.00589129934087, -0.0030241929926, 0.00128008064348, -0.000996645074338, 0.00217739329673, -0.00406061671674, 0.00419569388032, -0.00360915437341], [0.000609832233749, -0.00165374262724, 0.00157506426331, -0.00221263477579, 0.00217104074545, -0.0030241929926, 0.00839346274734, -0.00485986331478, 0.00391904031858, -0.0036052770447, 0.00379258114845, -0.00501697743312, 0.00421610288322], [-0.000137556169648, 0.000934447569307, -0.00122087099589, 0.00319399125874, -0.00237770588137, 0.00128008064348, -0.00485986331478, 0.0139048593119, -0.00904166419059, 0.00644178083166, -0.00733316875994, 0.00891405344009, -0.00720601854846], [-2.75207694358e-05, -0.000790736987256, 0.00146582128946, -0.00282190321013, 0.00214603194036, -0.000996645074338, 0.00391904031858, -0.00904166419059, 0.0171446260065, -0.007790224161, 0.00482561904937, -0.00499124033377, 0.0049747643061], [0.000264097150648, 0.00164949765895, -0.00130979635287, 0.00206906511448, -0.00317449588329, 0.00217739329673, -0.0036052770447, 0.00644178083166, -0.007790224161, 0.0181305259466, -0.008480113931, 0.00518460571766, -0.0032518627122], [-1.71285082615e-05, -0.00268619111739, 0.00167399703059, -0.00313920318149, 0.0032744568307, -0.00406061671674, 0.00379258114845, -0.00733316875994, 0.00482561904937, -0.008480113931, 0.0173456035554, -0.0104452650994, 0.00534022087231], [-8.80056104506e-05, 0.0022453207057, -0.00168639875483, 0.00328277866356, -0.00411168532446, 0.00419569388032, -0.00501697743312, 0.00891405344009, -0.00499124033377, 0.00518460571766, -0.0104452650994, 0.0223723929375, -0.00862113386393], [0.000476125336718, -0.00174259766936, 0.00191532960162, -0.00285706180148, 0.0028016238939, -0.00360915437341, 0.00421610288322, -0.00720601854846, 0.0049747643061, -0.0032518627122, 0.00534022087231, -0.00862113386393, 0.0196004826576]]
    },
    "melbands": {
        "dmean": [0.000209594029002, 0.00029950850876, 0.000312413525535, 0.00046061782632, 0.000517660810146, 0.000394467118895, 0.000428612402175, 0.000214260289795, 0.000138310002512, 0.00012059546134, 8.69346695254e-05, 5.15835890837e-05, 3.91265457438e-05, 4.90175516461e-05, 5.18308370374e-05, 4.62683783553e-05, 3.11381991196e-05, 2.38680804614e-05, 2.38960019487e-05, 2.08976271097e-05, 1.84788386832e-05, 1.51996637214e-05, 1.11531253424e-05, 9.82920755632e-06, 6.12242092757e-06, 6.13515658188e-06, 6.43138582745e-06, 5.93606637267e-06, 6.16934039499e-06, 4.72212150271e-06, 3.31551018462e-06, 3.18517732012e-06, 2.98328200188e-06, 2.42939677264e-06, 1.54051554091e-06, 7.93287881606e-07, 4.05670022019e-07, 2.66192586196e-07, 1.12887093451e-07, 5.20952490035e-08],
        "dmean2": [0.000345679087332, 0.000502576294821, 0.000511554535478, 0.000708104867954, 0.000789756071754, 0.000602300278842, 0.000654027215205, 0.000334505137289, 0.000209311940125, 0.000180928444024, 0.000128036292153, 7.98706605565e-05, 6.1341401306e-05, 7.69480830058e-05, 8.05416711955e-05, 7.31250765966e-05, 5.11958060088e-05, 3.94147718907e-05, 3.9663464122e-05, 3.45054286299e-05, 3.06914225803e-05, 2.55943105003e-05, 1.86369070434e-05, 1.62371452461e-05, 9.99255098577e-06, 1.00292600109e-05, 1.02100393633e-05, 9.25896256376e-06, 9.38654011406e-06, 7.06644595994e-06, 5.08510720465e-06, 4.86273938805e-06, 4.52401536677e-06, 3.68381392946e-06, 2.29764009418e-06, 1.20484878607e-06, 6.3752264623e-07, 4.13039259684e-07, 1.72943984467e-07, 8.18654584123e-08],
        "dvar": [1.70776587538e-07, 3.73760542516e-07, 4.55256127907e-07, 6.01143483436e-07, 1.3400839407e-06, 9.2307095656e-07, 1.26730276406e-06, 4.44129653943e-07, 1.48415708168e-07, 7.82702969104e-08, 3.50492470602e-08, 2.03284855615e-08, 1.36496600689e-08, 1.53143702164e-08, 1.39475941907e-08, 1.29286048534e-08, 5.68073321716e-09, 3.44184059031e-09, 3.7529792607e-09, 2.38634645378e-09, 1.58354107604e-09, 1.28099242325e-09, 7.92069965172e-10, 5.66781177547e-10, 2.3837251617e-10, 6.58329946113e-10, 5.95144156179e-10, 5.75082648169e-10, 1.36354805225e-09, 8.14600942256e-10, 3.33054445134e-10, 3.77436609744e-10, 3.13818443454e-10, 2.64885474666e-10, 6.79964209938e-11, 9.09743287647e-12, 1.51772290482e-12, 9.25953324432e-13, 2.80239129428e-13, 8.31006338503e-14],
        "dvar2": [4.6731963721e-07, 1.04073023977e-06, 1.16239732506e-06, 1.295530069e-06, 2.95365543934e-06, 1.9380561298e-06, 2.75352340395e-06, 1.06358641005e-06, 3.25118890032e-07, 1.72153704625e-07, 6.85788066335e-08, 4.52377868498e-08, 2.92218604869e-08, 3.74358037902e-08, 3.01650473489e-08, 3.10731778086e-08, 1.46050993521e-08, 8.40161273885e-09, 9.82618875156e-09, 6.1778249183e-09, 4.11550438173e-09, 3.3683409395e-09, 2.0785391186e-09, 1.43215939108e-09, 5.62919766356e-10, 1.63358671035e-09, 1.29363286749e-09, 1.20853538288e-09, 2.9087479092e-09, 1.65868507818e-09, 7.02297719979e-10, 8.41827607623e-10, 6.72146727165e-10, 5.88297688342e-10, 1.32184124757e-10, 1.90300154107e-11, 3.40852845081e-12, 1.81454731882e-12, 5.91447843392e-13, 2.11399731813e-13],
        "max": [0.00748011050746, 0.0140158338472, 0.0130895767361, 0.0144492480904, 0.0231205467135, 0.0235900171101, 0.0253804568201, 0.0198463685811, 0.00990386679769, 0.00612709438428, 0.00701620941982, 0.00569870136678, 0.00457776198164, 0.00515451980755, 0.00340481032617, 0.0045296032913, 0.00199288292788, 0.0017012237804, 0.00191646849271, 0.00123327027541, 0.000942406477407, 0.00101382762659, 0.000883064756636, 0.000834391976241, 0.000475155218737, 0.00107066880446, 0.000713389134035, 0.000729694322217, 0.00144031934906, 0.00122687558178, 0.000551881501451, 0.000746592879295, 0.000756914203521, 0.000859701889567, 0.00037243127008, 0.000130389205879, 5.01229587826e-05, 5.78946674068e-05, 4.0136033931e-05, 2.09178469959e-05],
        "mean": [0.000691135588568, 0.00082380179083, 0.000522192392964, 0.000835933198687, 0.000846102251671, 0.000618894351646, 0.000603669264819, 0.000293217162834, 0.000208775425563, 0.000221084716031, 0.000175943278009, 8.53017554618e-05, 6.47981723887e-05, 8.12180660432e-05, 9.77814343059e-05, 8.15956591396e-05, 4.93810148328e-05, 3.58365105058e-05, 3.74518422177e-05, 3.39025718858e-05, 3.10189279844e-05, 2.41941434069e-05, 1.84655164048e-05, 1.77080783033e-05, 1.02640397017e-05, 9.40276277106e-06, 1.00760962596e-05, 9.32231887418e-06, 7.76153501647e-06, 5.9028798205e-06, 4.4453377086e-06, 4.15315889768e-06, 3.86586452805e-06, 3.2497976008e-06, 2.22817334361e-06, 1.38832058383e-06, 8.49985156037e-07, 5.14372857197e-07, 2.00145109375e-07, 8.29599287044e-08],
        "median": [0.000369850953575, 0.000627273635473, 0.00028143968666, 0.000396354560507, 0.000368122244254, 0.000255084014498, 0.000182907679118, 8.26423492981e-05, 5.94956654822e-05, 6.52554590488e-05, 4.66477868031e-05, 3.05237772409e-05, 2.35214683926e-05, 2.83168083115e-05, 3.22991763824e-05, 3.08386952383e-05, 1.6281446733e-05, 1.25999777083e-05, 1.34208121381e-05, 1.23192621686e-05, 1.18469088193e-05, 1.02785361378e-05, 7.72226485424e-06, 6.77813477523e-06, 4.7304565669e-06, 3.73254783881e-06, 3.26434656017e-06, 2.56006751442e-06, 1.63794697983e-06, 1.27330986288e-06, 1.05599133349e-06, 8.49551611282e-07, 8.26170889923e-07, 7.85153872584e-07, 5.70590032112e-07, 4.81929987473e-07, 3.24996221934e-07, 1.7124099827e-07, 6.81399257019e-08, 2.86188939214e-08],
        "min": [4.77562310854e-24, 4.05617367994e-24, 2.10540625273e-24, 1.58302039193e-24, 5.01193112586e-24, 2.2176877836e-24, 7.83364911294e-24, 3.63869231724e-24, 4.39584614167e-24, 3.96964471053e-24, 9.59836448451e-25, 6.90914436393e-24, 5.11527190444e-24, 3.48615698932e-24, 2.26507801084e-24, 4.62049834469e-24, 3.56409408017e-24, 3.12548583915e-24, 5.27849432548e-24, 5.65689394121e-24, 6.97276441821e-24, 7.10920816696e-24, 6.58413800971e-24, 4.30476110611e-24, 4.50636082133e-24, 4.76551385604e-24, 5.87506920177e-24, 8.30014674241e-24, 7.53793119199e-24, 7.9219557804e-24, 7.0155546003e-24, 6.1507859489e-24, 7.54542773717e-24, 8.12278951167e-24, 1.03727793744e-23, 8.4029305852e-24, 8.08608381375e-24, 8.48577123544e-24, 7.52414269222e-24, 7.54929473333e-24],
        "var": [7.95708615442e-07, 7.32309956675e-07, 6.62395223117e-07, 1.43877980463e-06, 2.29066472457e-06, 1.51458311848e-06, 1.9007187575e-06, 5.46723697425e-07, 2.59203034148e-07, 1.89818621266e-07, 1.26686373392e-07, 3.50208289035e-08, 2.53587657539e-08, 3.37516041782e-08, 4.74415990936e-08, 2.78679959109e-08, 1.0898184577e-08, 5.03087083104e-09, 4.87051909914e-09, 3.71068420435e-09, 2.92848234551e-09, 1.76629355586e-09, 1.33835331706e-09, 1.00549146786e-09, 3.52958023919e-10, 7.47766570885e-10, 8.47549808114e-10, 8.44708913927e-10, 1.67923408512e-09, 1.0585679e-09, 4.36225472411e-10, 4.63748178747e-10, 4.05919936552e-10, 3.02459390866e-10, 1.04531099054e-10, 1.47389704608e-11, 3.40135905552e-12, 2.01704104807e-12, 5.39689603771e-13, 9.51870621712e-14]
    },
    "mfcc": {
        "mean": [-646.205200195, 127.415512085, -11.9513177872, 22.8186149597, -4.04612731934, 6.6300611496, -11.2505578995, 3.47182631493, -10.6376810074, 1.91284263134, -5.07127428055, 2.82828640938, -2.21767807007],
        "cov": [[2997.03613281, -434.791656494, -313.630889893, -35.6485443115, -180.996643066, -77.7954711914, -54.4314422607, 124.751777649, -53.3212280273, 153.67616272, -53.1719665527, 43.970035553, -8.93277454376], [-434.791656494, 1379.28417969, 478.387817383, 58.7067184448, 228.423187256, -141.611434937, 86.3055114746, -29.4095211029, -50.5900840759, -36.1553955078, 15.0945463181, 5.35778951645, 11.6659049988], [-313.630889893, 478.387817383, 1126.29541016, 259.332336426, 219.813400269, 124.850273132, 175.644119263, 47.3040504456, -22.909198761, 41.9743804932, 0.837271809578, 79.8762817383, 12.3674850464], [-35.6485443115, 58.7067184448, 259.332336426, 430.601928711, 39.6241226196, 83.2338485718, -14.2244176865, -7.14020299911, -44.4796905518, 16.4800758362, -14.2896184921, -8.47095108032, 22.2983016968], [-180.996643066, 228.423187256, 219.813400269, 39.6241226196, 315.250549316, 24.5039806366, 55.1786231995, 0.44332331419, 7.07042503357, 14.2222089767, -1.47929251194, 38.1389961243, 2.31087660789], [-77.7954711914, -141.611434937, 124.850273132, 83.2338485718, 24.5039806366, 252.8125, 74.3298110962, 9.23537063599, 2.48191618919, -26.2183933258, 17.5351543427, 29.8050861359, -1.52264845371], [-54.4314422607, 86.3055114746, 175.644119263, -14.2244176865, 55.1786231995, 74.3298110962, 224.887664795, 65.454574585, 22.3269405365, 31.0995025635, 9.37551593781, 53.6346359253, 4.0679936409], [124.751777649, -29.4095211029, 47.3040504456, -7.14020299911, 0.44332331419, 9.23537063599, 65.454574585, 132.712402344, 27.7605304718, 43.0207519531, -6.1390247345, 26.417301178, 9.59036922455], [-53.3212280273, -50.5900840759, -22.909198761, -44.4796905518, 7.07042503357, 2.48191618919, 22.3269405365, 27.7605304718, 110.990829468, 35.2093887329, 8.23462581635, -10.2033491135, -19.2558174133], [153.67616272, -36.1553955078, 41.9743804932, 16.4800758362, 14.2222089767, -26.2183933258, 31.0995025635, 43.0207519531, 35.2093887329, 157.054473877, 14.7786521912, 10.3288526535, -0.580855309963], [-53.1719665527, 15.0945463181, 0.837271809578, -14.2896184921, -1.47929251194, 17.5351543427, 9.37551593781, -6.1390247345, 8.23462581635, 14.7786521912, 90.3702087402, 29.8497982025, -8.79272270203], [43.970035553, 5.35778951645, 79.8762817383, -8.47095108032, 38.1389961243, 29.8050861359, 53.6346359253, 26.417301178, -10.2033491135, 10.3288526535, 29.8497982025, 115.248641968, 35.6419219971], [-8.93277454376, 11.6659049988, 12.3674850464, 22.2983016968, 2.31087660789, -1.52264845371, 4.0679936409, 9.59036922455, -19.2558174133, -0.580855309963, -8.79272270203, 35.6419219971, 82.143371582]],
