{
"lowlevel": {
    "average_loudness": 0.924979627132,
    "barkbands_crest": {
        "dmean": 2.89258766174,
        "dmean2": 4.66260719299,
        "dvar": 6.07506275177,
        "dvar2": 14.7811050415,
        "max": 26.2123661041,
        "mean": 10.5359535217,
        "median": 9.88381767273,
        "min": 2.60489726067,
        "var": 19.2024459839
    },
    "barkbands_flatness_db": {
        "dmean": 0.0205253474414,
        "dmean2": 0.0311063975096,
        "dvar": 0.00031378629501,
        "dvar2": 0.000633252726402,
        "max": 0.313433617353,
        "mean": 0.109415970743,
        "median": 0.105800189078,
        "min": 0.0227514375001,
        "var": 0.00138099410105
    },
    "barkbands_kurtosis": {
        "dmean": 1.53807365894,
        "dmean2": 2.45778727531,
        "dvar": 7.67949342728,
        "dvar2": 16.8532772064,
        "max": 118.578208923,
        "mean": 1.66040611267,
        "median": 0.539047718048,
        "min": -1.90174937248,
        "var": 18.8934879303
    },
    "barkbands_skewness": {
        "dmean": 0.41401386261,
        "dmean2": 0.652386963367,
        "dvar": 0.175274476409,
        "dvar2": 0.394301384687,
        "max": 7.66871643066,
        "mean": 0.890921592712,
        "median": 0.733980834484,
        "min": -2.98189544678,
        "var": 0.806771099567
    },
    "barkbands_spread": {
        "dmean": 6.08254861832,
        "dmean2": 9.44890594482,
        "dvar": 47.1694984436,
        "dvar2": 95.3956451416,
        "max": 113.145263672,
        "mean": 25.3862323761,
        "median": 23.2452945709,
        "min": 0.786175072193,
        "var": 175.333633423
    },
    "dissonance": {
        "dmean": 0.0212845355272,
        "dmean2": 0.0361470356584,
        "dvar": 0.000396165734855,
        "dvar2": 0.00106406270061,
        "max": 0.5,
        "mean": 0.464468508959,
        "median": 0.472084760666,
        "min": 0.246333405375,
        "var": 0.000814904051367
    },
    "dynamic_complexity": 2.63876152039,
    "erbbands_crest": {
        "dmean": 3.08924865723,
        "dmean2": 4.99450540543,
        "dvar": 7.75522136688,
        "dvar2": 18.7088298798,
        "max": 33.5251350403,
        "mean": 10.7310647964,
        "median": 9.61943721771,
        "min": 2.38029050827,
        "var": 29.0499477386
    },
    "erbbands_flatness_db": {
        "dmean": 0.0171377640218,
        "dmean2": 0.0260292515159,
        "dvar": 0.000230183955864,
        "dvar2": 0.000479001872009,
        "max": 0.363368719816,
        "mean": 0.159359931946,
        "median": 0.158131584525,
        "min": 0.0697309821844,
        "var": 0.00163488346152
    },
    "erbbands_kurtosis": {
        "dmean": 1.09705805779,
        "dmean2": 1.73617875576,
        "dvar": 2.84227871895,
        "dvar2": 5.90184497833,
        "max": 83.8188171387,
        "mean": 1.12225592136,
        "median": 0.515143632889,
        "min": -1.71329772472,
        "var": 8.63207054138
    },
    "erbbands_skewness": {
        "dmean": 0.38945761323,
        "dmean2": 0.611171126366,
        "dvar": 0.120009213686,
        "dvar2": 0.272556990385,
        "max": 7.64791536331,
        "mean": 0.576172232628,
        "median": 0.552449643612,
        "min": -4.24149703979,
        "var": 0.635801970959
    },
    "erbbands_spread": {
        "dmean": 6.95456171036,
        "dmean2": 10.6953516006,
        "dvar": 52.8064918518,
        "dvar2": 116.420097351,
        "max": 120.221809387,
        "mean": 31.5054683685,
        "median": 27.206079483,
        "min": 1.60978245735,
        "var": 291.867156982
    },
    "hfc": {
        "dmean": 8.02905273438,
        "dmean2": 12.0326356888,
        "dvar": 75.5536193848,
        "dvar2": 160.693023682,
        "max": 150.072891235,
        "mean": 29.5525512695,
        "median": 27.9081382751,
        "min": 1.16426359431e-16,
        "var": 359.887084961
    },
    "melbands_crest": {
        "dmean": 3.48863387108,
        "dmean2": 5.68538618088,
        "dvar": 8.71201992035,
        "dvar2": 21.6206550598,
        "max": 34.3167572021,
        "mean": 14.168223381,
        "median": 13.2801427841,
        "min": 2.57273721695,
        "var": 30.3825569153
    },
    "melbands_flatness_db": {
        "dmean": 0.0256344955415,
        "dmean2": 0.0381644703448,
        "dvar": 0.000523951428477,
        "dvar2": 0.00105623854324,
        "max": 0.35511764884,
        "mean": 0.165189757943,
        "median": 0.160496771336,
        "min": 0.00584170036018,
        "var": 0.00232226657681
    },
    "melbands_kurtosis": {
        "dmean": 3.75735068321,
        "dmean2": 6.01146793365,
        "dvar": 48.7758293152,
        "dvar2": 110.204231262,
        "max": 176.676223755,
        "mean": 6.47514295578,
        "median": 2.92940330505,
        "min": -1.92312014103,
        "var": 121.667266846
    },
    "melbands_skewness": {
        "dmean": 0.584576547146,
        "dmean2": 0.922318220139,
        "dvar": 0.351731300354,
        "dvar2": 0.826000452042,
        "max": 10.7448949814,
        "mean": 1.68552815914,
        "median": 1.38005018234,
        "min": -1.22259128094,
        "var": 1.96306097507
    },
    "melbands_spread": {
        "dmean": 7.92541313171,
        "dmean2": 12.4178142548,
        "dvar": 105.831062317,
        "dvar2": 217.523635864,
        "max": 290.06539917,
        "mean": 30.6849708557,
        "median": 29.4265460968,
        "min": 1.10555899143,
        "var": 359.286071777
    },
    "pitch_salience": {
        "dmean": 0.0695298835635,
        "dmean2": 0.110727965832,
        "dvar": 0.00364321121015,
        "dvar2": 0.00856363214552,
        "max": 0.895652770996,
        "mean": 0.531012237072,
        "median": 0.531228244305,
        "min": 0.148465752602,
        "var": 0.0117535060272
    },
    "silence_rate_20dB": {
        "dmean": 0,
        "dmean2": 0,
        "dvar": 0,
        "dvar2": 0,
        "max": 1,
        "mean": 1,
        "median": 1,
        "min": 1,
        "var": 0
    },
    "silence_rate_30dB": {
        "dmean": 0.00230296817608,
        "dmean2": 0.00460652587935,
        "dvar": 0.00229799631052,
        "dvar2": 0.00663393968716,
        "max": 1,
        "mean": 0.998720765114,
        "median": 1,
        "min": 0,
        "var": 0.00127765536308
    },
    "silence_rate_60dB": {
        "dmean": 0.0081883314997,
        "dmean2": 0.0163787584752,
        "dvar": 0.00812141690403,
        "dvar2": 0.0184153858572,
        "max": 1,
        "mean": 0.0365869253874,
        "median": 0,
        "min": 0,
        "var": 0.0352466404438
    },
    "spectral_centroid": {
        "dmean": 256.538848877,
        "dmean2": 397.88772583,
        "dvar": 74203.6640625,
        "dvar2": 153750.28125,
        "max": 6982.83837891,
        "mean": 1619.89221191,
        "median": 1588.05029297,
        "min": 356.376739502,
        "var": 283023.65625
    },
    "spectral_complexity": {
        "dmean": 4.55808591843,
        "dmean2": 6.78080606461,
        "dvar": 22.0648269653,
        "dvar2": 45.3271064758,
        "max": 58,
        "mean": 22.3593444824,
        "median": 22,
        "min": 0,
        "var": 85.4401779175
    },
    "spectral_decrease": {
        "dmean": 2.10314432536e-09,
        "dmean2": 3.36534666801e-09,
        "dvar": 4.68555754877e-18,
        "dvar2": 1.16104518344e-17,
        "max": -9.21626992423e-30,
        "mean": -7.81794184945e-09,
        "median": -7.35715444122e-09,
        "min": -3.27004698875e-08,
        "var": 2.13840200785e-17
    },
    "spectral_energy": {
        "dmean": 0.00841624103487,
        "dmean2": 0.0134621364996,
        "dvar": 7.31914769858e-05,
        "dvar2": 0.000180263421498,
        "max": 0.128561273217,
        "mean": 0.0321872867644,
        "median": 0.0305527895689,
        "min": 1.0595001037e-20,
        "var": 0.000345673295669
    },
    "spectral_energyband_high": {
        "dmean": 0.00052797870012,
        "dmean2": 0.000751853047404,
        "dvar": 7.27350823126e-07,
        "dvar2": 1.42579551721e-06,
        "max": 0.017721651122,
        "mean": 0.00112699100282,
        "median": 0.000704953272361,
        "min": 8.13640699901e-21,
        "var": 2.0288646283e-06
    },
    "spectral_energyband_low": {
        "dmean": 0.00452659837902,
        "dmean2": 0.00730896275491,
        "dvar": 3.90975765185e-05,
        "dvar2": 9.94290603558e-05,
        "max": 0.0973516479135,
        "mean": 0.00947249308228,
        "median": 0.0065581840463,
        "min": 1.0947017733e-22,
        "var": 9.52815025812e-05
    },
    "spectral_energyband_middle_high": {
        "dmean": 0.00418602023274,
        "dmean2": 0.00662023108453,
        "dvar": 3.17445628752e-05,
        "dvar2": 7.84522344475e-05,
        "max": 0.0914172753692,
        "mean": 0.0127899032086,
        "median": 0.00793393980712,
        "min": 1.22039735533e-21,
        "var": 0.000151991742314
    },
    "spectral_energyband_middle_low": {
        "dmean": 0.00379715091549,
        "dmean2": 0.00600609369576,
        "dvar": 2.93627617793e-05,
        "dvar2": 6.99140873621e-05,
        "max": 0.0885251685977,
        "mean": 0.0098339561373,
        "median": 0.00597635889426,
        "min": 3.25349006994e-22,
        "var": 0.000114007518278
    },
    "spectral_entropy": {
        "dmean": 0.142566367984,
        "dmean2": 0.204648777843,
        "dvar": 0.0186514817178,
        "dvar2": 0.0345473997295,
        "max": 9.83067703247,
        "mean": 7.76280403137,
        "median": 7.7701125145,
        "min": 5.9820394516,
        "var": 0.0983146801591
    },
    "spectral_flux": {
        "dmean": 0.0234285760671,
        "dmean2": 0.0366584137082,
        "dvar": 0.000483985932078,
        "dvar2": 0.00118040665984,
        "max": 0.282148659229,
        "mean": 0.0977493673563,
        "median": 0.0936374813318,
        "min": 0.000133791880216,
        "var": 0.00169567181729
    },
    "spectral_kurtosis": {
        "dmean": 0.965251803398,
        "dmean2": 1.58501219749,
        "dvar": 0.84985601902,
        "dvar2": 2.22125816345,
        "max": 15.9712963104,
        "mean": 3.192923069,
        "median": 3.02673196793,
        "min": -1.1622594595,
        "var": 2.64563655853
    },
    "spectral_rms": {
        "dmean": 0.000720288255252,
        "dmean2": 0.00114614423364,
        "dvar": 4.08085895742e-07,
        "dvar2": 9.75147145255e-07,
        "max": 0.0111993588507,
        "mean": 0.00533370906487,
        "median": 0.00545963365585,
        "min": 3.21505625941e-12,
        "var": 2.95377208204e-06
    },
    "spectral_rolloff": {
        "dmean": 506.559631348,
        "dmean2": 839.210693359,
        "dvar": 707978.625,
        "dvar2": 1407328.875,
        "max": 18152.4902344,
        "mean": 1669.88903809,
        "median": 1485.79101562,
        "min": 64.599609375,
        "var": 1784415.375
    },
    "spectral_skewness": {
        "dmean": 0.1591129601,
        "dmean2": 0.251669287682,
        "dvar": 0.0212165843695,
        "dvar2": 0.0479116588831,
        "max": 3.24040818214,
        "mean": 1.33633422852,
        "median": 1.33654665947,
        "min": -0.187257736921,
        "var": 0.0948963910341
    },
    "spectral_spread": {
        "dmean": 421609.25,
        "dmean2": 598900.1875,
        "dvar": 329157771264,
        "dvar2": 471679074304,
        "max": 32041440,
        "mean": 4621463,
        "median": 4383456.5,
        "min": 2436711.25,
        "var": 1.54742318694e+12
    },
    "spectral_strongpeak": {
        "dmean": 0.86885613203,
        "dmean2": 1.4636785984,
        "dvar": 1.3071668148,
        "dvar2": 3.23252534866,
        "max": 12.4171066284,
        "mean": 1.70920658112,
        "median": 0.751706659794,
        "min": 0,
        "var": 3.39236521721
    },
    "zerocrossingrate": {
        "dmean": 0.010638859123,
        "dmean2": 0.0121919736266,
        "dvar": 0.000172427986399,
        "dvar2": 0.000180286791874,
        "max": 0.498046875,
        "mean": 0.0678605362773,
        "median": 0.06298828125,
        "min": 0.00830078125,
        "var": 0.00114848115481
    },
    "barkbands": {
        "dmean": [0.000224621282541, 0.00365929189138, 0.00162789004389, 0.000845762901008, 0.000909659720492, 0.000887775619049, 0.000643266888801, 0.00080908567179, 0.00149261497427, 0.00302531197667, 0.000951664580498, 0.000573792378418, 0.000657279160805, 0.000839677464683, 0.000451312080259, 0.000207463162951, 0.000210591737414, 0.000185985511052, 0.000176672896487, 0.0001860933844, 0.000121578661492, 0.000127948253066, 0.000127153078211, 0.000101099918538, 5.14814237249e-05, 9.51967740548e-06, 1.54422207288e-06],
        "dmean2": [0.000384846352972, 0.00580195663497, 0.00275658210739, 0.00147147395182, 0.00155710172839, 0.00144336279482, 0.00105758488644, 0.001264453982, 0.00234781834297, 0.00487027224153, 0.00151856965385, 0.00095081073232, 0.00107764382847, 0.00135879963636, 0.00075041159289, 0.00033749899012, 0.000347457040334, 0.000301455787849, 0.000289761053864, 0.000297864782624, 0.000187629339052, 0.000197451605345, 0.000185655328096, 0.000148077480844, 7.09534069756e-05, 1.30709331643e-05, 2.61934383161e-06],
        "dvar": [6.9027279892e-08, 2.81729862763e-05, 1.34445144795e-05, 3.23675317304e-06, 3.02716057377e-06, 5.84077133681e-06, 2.47908201345e-06, 4.68871439807e-06, 1.3615824173e-05, 2.78097741102e-05, 6.89584112479e-06, 1.08734786863e-06, 1.48377159803e-06, 2.35799120674e-06, 7.51360346385e-07, 1.9415952579e-07, 1.51762876044e-07, 6.70925146551e-08, 4.76008956696e-08, 5.46581375716e-08, 2.95779987169e-08, 4.39743566005e-08, 6.02587633125e-08, 9.16710760634e-08, 3.81236660019e-08, 5.13672770985e-10, 2.0522712002e-11],
        "dvar2": [1.74932878849e-07, 6.73072281643e-05, 3.56087875844e-05, 8.94633558346e-06, 8.18100033939e-06, 1.37735878525e-05, 6.34782782072e-06, 1.05059698399e-05, 3.11686490022e-05, 6.83534526615e-05, 1.69708855537e-05, 2.73787145488e-06, 3.68221594726e-06, 6.04703791396e-06, 1.89487218449e-06, 4.6891045713e-07, 4.10998126199e-07, 1.74776786821e-07, 1.21848799495e-07, 1.30740559712e-07, 6.83120191525e-08, 9.55793098001e-08, 1.20955860439e-07, 1.72890935346e-07, 6.45739177685e-08, 9.13888575926e-10, 5.40789704684e-11],
        "max": [0.00340391811915, 0.0656034722924, 0.0532124638557, 0.0268623139709, 0.0223938766867, 0.056004550308, 0.0576410070062, 0.0553242154419, 0.0706652924418, 0.0843190476298, 0.0561384111643, 0.0261422861367, 0.0297038070858, 0.0269696526229, 0.0151187628508, 0.0124816056341, 0.015436027199, 0.00485020969063, 0.00317588937469, 0.0041269515641, 0.00359782064334, 0.00640214700252, 0.00637453235686, 0.00948617327958, 0.00711874384433, 0.000951615278609, 0.000115605093015],
        "mean": [0.00034763207077, 0.00649109249935, 0.00203338684514, 0.00105491862632, 0.00128617393784, 0.001508024754, 0.000912391638849, 0.00145333900582, 0.00285771070048, 0.0055922283791, 0.00159923476167, 0.000925389875192, 0.00110571179539, 0.00147103017662, 0.00073462392902, 0.000382674625143, 0.000364075007383, 0.000373620685423, 0.000356176169589, 0.000380431534722, 0.00022192983306, 0.000230634221225, 0.000219464913243, 0.000182046511327, 8.45094400574e-05, 1.70835646713e-05, 1.74009073817e-06],
        "median": [0.000196334905922, 0.00349117210135, 0.00106607878115, 0.000622638326604, 0.000706491409801, 0.000461560324766, 0.000424553232733, 0.000338387151714, 0.000686212035362, 0.00142241094727, 0.00031669010059, 0.000444145029178, 0.000459578761365, 0.000513211998623, 0.000291150412522, 0.000210875427001, 0.000244270544499, 0.000251579098403, 0.000273651647149, 0.000291925854981, 0.000141373151564, 0.000140958756674, 0.000108313863166, 7.19063828001e-05, 2.43073955062e-05, 8.50106152939e-06, 7.0882805403e-07],
        "min": [1.09641480054e-22, 2.39900694991e-23, 4.00852443022e-23, 1.55696262018e-23, 4.27543930404e-23, 5.16732291912e-23, 1.0282584805e-22, 5.96486066321e-23, 4.61327056442e-23, 6.97200127418e-23, 4.14949261181e-23, 6.84447338915e-23, 7.75140089724e-23, 6.85575788663e-23, 4.105610804e-23, 2.3556689197e-22, 1.36330537744e-22, 2.04053994021e-22, 2.16499934564e-22, 2.40714808911e-22, 4.26076270467e-22, 5.1380103625e-22, 5.4521784463e-22, 1.01229226395e-21, 1.31434546373e-21, 2.03667558201e-21, 2.3327999809e-21],
        "var": [1.6358418975e-07, 6.57857090118e-05, 1.19268834169e-05, 2.68141116067e-06, 3.49641709363e-06, 1.36815142469e-05, 3.27603015648e-06, 1.56862461154e-05, 5.00421592733e-05, 7.86933742347e-05, 1.85893804883e-05, 2.17652632273e-06, 3.14722433359e-06, 5.59189084015e-06, 1.40937493143e-06, 5.07978938913e-07, 2.29469279134e-07, 1.5490570604e-07, 1.02815157277e-07, 1.14375687588e-07, 6.00333933676e-08, 8.3274393603e-08, 1.27837736841e-07, 2.49435913702e-07, 1.08143346722e-07, 1.24867527429e-09, 2.33723318477e-11]
    },
    "erbbands": {
        "dmean": [0.120121411979, 0.822470188141, 1.71682786942, 2.37628173828, 2.93379759789, 2.84395122528, 5.02728509903, 7.9886059761, 10.6631240845, 8.03441047668, 22.8941173553, 34.1546936035, 59.1436004639, 85.9495391846, 28.5941009521, 21.7843704224, 29.4389839172, 28.0049972534, 38.1909446716, 14.0990095139, 10.5353097916, 10.7522153854, 9.24157238007, 8.90327548981, 9.55770111084, 8.41100978851, 5.60520935059, 4.63692998886, 4.46077108383, 4.25215625763, 3.58114814758, 2.533639431, 1.52828800678, 0.804597437382, 0.241843044758, 0.0634322240949, 0.0145777594298, 0.0018598777242, 0.00031176552875, 1.71648771357e-05],
        "dmean2": [0.180258467793, 1.32126319408, 2.84103679657, 4.05764961243, 5.07004356384, 4.82273960114, 8.09376525879, 13.0818758011, 17.5737895966, 12.7625579834, 35.6831970215, 53.1444282532, 93.1864852905, 136.555877686, 45.1327781677, 35.8511123657, 48.2444000244, 44.623336792, 62.9791183472, 22.7914543152, 16.9855079651, 17.6671657562, 14.8774709702, 14.5309381485, 15.5378227234, 13.4561500549, 8.84577846527, 7.10035037994, 6.80436754227, 6.53626346588, 5.26167821884, 3.72657179832, 2.24408221245, 1.13916397095, 0.334919124842, 0.0868800580502, 0.0201513189822, 0.00274121877737, 0.000530864868779, 2.76913324342e-05],
        "dvar": [0.030269568786, 1.62537848949, 13.7034397125, 24.3069343567, 37.7991714478, 28.7144832611, 193.123962402, 586.095153809, 730.110595703, 345.483734131, 2933.8605957, 8238.859375, 12619.9169922, 27282.3496094, 5397.97070312, 1405.20288086, 2900.62768555, 3049.20678711, 4314.06640625, 862.318908691, 384.09753418, 302.225860596, 161.829833984, 139.320846558, 144.341888428, 125.709236145, 63.3069763184, 42.5278587341, 55.0474357605, 49.5112953186, 52.6614875793, 62.8742523193, 21.180557251, 10.0830621719, 0.7228307724, 0.0333189554513, 0.000839214131702, 1.29612280944e-05, 9.28005647438e-07, 1.13797771206e-09],
        "dvar2": [0.0645043998957, 3.83389806747, 35.1620597839, 64.8361053467, 103.259841919, 76.7126693726, 433.296905518, 1426.69787598, 1870.47155762, 804.371826172, 6256.30419922, 18672.4335938, 29016.4804688, 65059.0664062, 13579.9384766, 3598.90136719, 7178.87744141, 7406.953125, 11598.5302734, 2044.62695312, 903.553161621, 793.67376709, 408.762695312, 366.133209229, 351.498809814, 302.86895752, 153.144195557, 94.5397491455, 116.346252441, 110.880355835, 104.397109985, 117.40927887, 42.0926437378, 18.5259094238, 1.26185393333, 0.0523436404765, 0.00156812241767, 2.6390343919e-05, 2.46674517257e-06, 2.91615376291e-09],
        "max": [2.44441270828, 13.6360254288, 51.2926902771, 78.4891738892, 74.8299026489, 99.1517791748, 421.022491455, 577.083496094, 1117.47521973, 615.945922852, 1126.25244141, 2141.68774414, 3156.99707031, 2489.1640625, 1719.62963867, 845.413513184, 1035.77490234, 1192.22094727, 1212.28222656, 885.696411133, 753.447265625, 430.619110107, 251.67515564, 190.073104858, 214.018280029, 214.550415039, 123.919998169, 133.812896729, 248.061035156, 174.944961548, 203.448730469, 283.516723633, 174.311294556, 108.292526245, 28.8151321411, 7.58895206451, 0.984804093838, 0.108857616782, 0.0225880313665, 0.000958456948865],
        "mean": [0.23621429503, 1.25378954411, 2.38789868355, 3.20870471001, 3.8670527935, 3.91538929939, 8.12397575378, 12.8350400925, 15.3974523544, 14.0132446289, 45.173538208, 65.484992981, 111.714065552, 155.237533569, 54.8285713196, 40.4229736328, 53.2520256042, 52.9434509277, 70.9476852417, 28.0389041901, 20.8662948608, 20.7089996338, 19.4663772583, 19.2429924011, 20.1033592224, 17.3154525757, 10.4193744659, 8.47665214539, 8.28400611877, 7.04073476791, 6.16894245148, 4.5357427597, 2.63543653488, 1.29936611652, 0.400785267353, 0.111136451364, 0.0264474768192, 0.00340118864551, 0.000358837103704, 5.20942121511e-05],
        "median": [0.114241532981, 0.661067545414, 1.29944837093, 1.99714803696, 2.08035683632, 2.17606568336, 3.01822066307, 4.0403547287, 6.97060203552, 6.17687940598, 11.9138593674, 17.5994949341, 39.6158332825, 43.0350227356, 19.761100769, 23.5387306213, 26.4946136475, 23.5669803619, 31.7018947601, 15.263261795, 12.4105901718, 14.6984462738, 14.4877557755, 13.5332565308, 16.1093902588, 13.0621109009, 7.14442682266, 5.30784034729, 4.85617017746, 4.12780427933, 2.8429172039, 1.82905626297, 0.986174046993, 0.370565086603, 0.127312928438, 0.0475173443556, 0.0135057037696, 0.00193610915449, 0.000146329126437, 4.67153295176e-05],
        "min": [9.10387792813e-22, 5.67493115745e-21, 3.58553262609e-20, 6.84064407909e-20, 7.88515218042e-20, 1.917720281e-19, 3.13582024719e-19, 3.88934843951e-19, 6.45140183414e-19, 2.54540307608e-18, 8.63011078159e-19, 9.76425294958e-19, 1.28073253121e-18, 2.90654372087e-18, 1.53695110556e-18, 2.70435513656e-18, 4.37732689148e-18, 3.90549024878e-18, 1.97229222944e-18, 4.42362543113e-18, 1.35992521073e-17, 9.02716595422e-18, 9.35417112988e-18, 1.2726974435e-17, 9.75214922927e-18, 1.18658256506e-17, 1.28010203347e-17, 2.1642619899e-17, 1.85087369605e-17, 1.74339530665e-17, 1.53476645953e-17, 1.89815997207e-17, 1.83498885044e-17, 1.48749920866e-17, 8.82614617612e-18, 7.62492028083e-18, 3.6766387382e-18, 1.24184459926e-18, 3.59576523801e-19, 3.33524683666e-20],
        "var": [0.0938687995076, 2.962444067, 14.1379013062, 22.0712375641, 35.836025238, 33.1793632507, 406.443023682, 1107.87158203, 1014.43139648, 1015.88757324, 10517.3769531, 28985.7402344, 41682.2148438, 66478.0703125, 16321.7724609, 3232.73193359, 6054.86083984, 7478.44335938, 10516.3828125, 2206.00830078, 1142.02075195, 594.637390137, 348.231933594, 352.086883545, 296.40524292, 251.983108521, 114.912597656, 89.1571273804, 116.023719788, 80.8745880127, 120.181335449, 148.268569946, 54.6311645508, 26.9756088257, 1.86271107197, 0.0918385013938, 0.00203981436789, 3.11760159093e-05, 1.02558533399e-06, 2.05580885648e-09]
    },
    "gfcc": {
        "mean": [31.3629493713, 79.5908508301, -130.128067017, 32.931350708, -59.2233505249, 27.9808635712, -24.1436805725, 13.9635648727, -18.8279705048, 1.63547837734, -13.3979530334, -0.0529887005687, -8.8659992218],
        "cov": [[2240.41772461, -138.406112671, -72.0586853027, 3.10742282867, -96.3495483398, 163.379852295, 27.9576625824, 77.8879318237, -85.2266998291, 49.5079803467, 11.5634698868, -39.2009887695, -36.7045631409], [-138.406112671, 633.1484375, -10.9689559937, -19.7313747406, 160.528610229, -56.6442832947, 122.128761292, -3.86161780357, 51.7745666504, -12.0368232727, 41.960735321, -20.6787185669, -3.64853286743], [-72.0586853027, -10.9689559937, 496.712524414, 239.516891479, -52.7292060852, -16.530456543, -113.335876465, 3.84974098206, 30.9205093384, 7.8407793045, -29.8952236176, -0.111246593297, 0.305266678333], [3.10742282867, -19.7313747406, 239.516891479, 285.535675049, 44.3839759827, 5.4793343544, -39.9647827148, -2.58640384674, -9.71854686737, 21.3940658569, -22.2212505341, 10.9683742523, -6.22247838974], [-96.3495483398, 160.528610229, -52.7292060852, 44.3839759827, 201.807510376, 53.2087516785, 98.220085144, 1.2925106287, 4.43463659286, -6.46805047989, 23.3629970551, 4.36151981354, 3.67455530167], [163.379852295, -56.6442832947, -16.530456543, 5.4793343544, 53.2087516785, 144.561065674, 76.4897842407, 25.3419761658, -34.5734062195, -2.78830051422, 6.78120088577, -2.7390999794, -11.9639558792], [27.9576625824, 122.128761292, -113.335876465, -39.9647827148, 98.220085144, 76.4897842407, 204.815490723, 40.0307273865, -18.2832927704, -5.73767709732, 29.6735534668, -14.9119300842, -16.2887115479], [77.8879318237, -3.86161780357, 3.84974098206, -2.58640384674, 1.2925106287, 25.3419761658, 40.0307273865, 85.1077041626, 38.1866645813, 14.0768651962, -11.4712963104, -15.3974475861, -4.69099807739], [-85.2266998291, 51.7745666504, 30.9205093384, -9.71854686737, 4.43463659286, -34.5734062195, -18.2832927704, 38.1866645813, 128.261657715, 28.1268424988, 4.54405403137, 3.72637176514, 29.5822715759], [49.5079803467, -12.0368232727, 7.8407793045, 21.3940658569, -6.46805047989, -2.78830051422, -5.73767709732, 14.0768651962, 28.1268424988, 71.1101150513, 32.1189613342, 7.09853744507, 0.0133252572268], [11.5634698868, 41.960735321, -29.8952236176, -22.2212505341, 23.3629970551, 6.78120088577, 29.6735534668, -11.4712963104, 4.54405403137, 32.1189613342, 95.7523040771, 39.9326400757, 16.1775779724], [-39.2009887695, -20.6787185669, -0.111246593297, 10.9683742523, 4.36151981354, -2.7390999794, -14.9119300842, -15.3974475861, 3.72637176514, 7.09853744507, 39.9326400757, 77.7267227173, 43.4861869812], [-36.7045631409, -3.64853286743, 0.305266678333, -6.22247838974, 3.67455530167, -11.9639558792, -16.2887115479, -4.69099807739, 29.5822715759, 0.0133252572268, 16.1775779724, 43.4861869812, 79.1481628418]],
        "icov": [[0.000593391712755, -0.000239730987232, 0.000377501273761, -0.000400038348744, 0.00073124433402, -0.000989879248664, 0.000438636343461, -0.000635828881059, 0.000445388344815, -0.000246553769102, -0.000371150643332, 0.000521509558894, -0.00027686211979], [-0.000239730987232, 0.00316446670331, -0.00127279059961, 0.00124965561554, -0.00296421488747, 0.00329594453797, -0.00216565001756, 0.000876797712408, -0.000839886895847, 0.000563054927625, -0.00070854765363, 0.000674540642649, 0.000467991834739], [0.000377501273761, -0.00127279059961, 0.0053578754887, -0.00522302091122, 0.00362915848382, -0.00285531813279, 0.00241906894371, -0.0007790591917, -0.00167479598895, 0.0024337854702, -0.00191465346143, 0.00163723190781, -0.000345954817021], [-0.000400038348744, 0.00124965561554, -0.00522302091122, 0.00970991235226, -0.00578984152526, 0.00286641181447, -0.00068771187216, 9.30555033847e-05, 0.0028645680286, -0.00511619122699, 0.00441193254665, -0.00353992194869, 0.00119503319729], [0.00073124433402, -0.00296421488747, 0.00362915848382, -0.00578984152526, 0.0125580783933, -0.00611913064495, -0.0014409290161, 0.00183166144416, -0.00273724622093, 0.00262371031567, -0.00199035252444, 0.00112762744538, -0.00115278875455], [-0.000989879248664, 0.00329594453797, -0.00285531813279, 0.00286641181447, -0.00611913064495, 0.0148432478309, -0.00493502477184, -0.00210456899367, 0.00301117030904, -0.000615895492956, 0.000691021501552, -0.00144288165029, 0.000842833775096], [0.000438636343461, -0.00216565001756, 0.00241906894371, -0.00068771187216, -0.0014409290161, -0.00493502477184, 0.0121691469103, -0.00641041947529, 0.00258742389269, 0.00178092333954, -0.00413608225062, 0.00258822995238, -5.84280242037e-05], [-0.000635828881059, 0.000876797712408, -0.0007790591917, 9.30555033847e-05, 0.00183166144416, -0.00210456899367, -0.00641041947529, 0.0209026318043, -0.00820083543658, -0.00282697565854, 0.0047288807109, 0.000125487960759, 0.00130241119768], [0.000445388344815, -0.000839886895847, -0.00167479598895, 0.0028645680286, -0.00273724622093, 0.00301117030904, 0.00258742389269, -0.00820083543658, 0.0152845056728, -0.00597007293254, 0.000838171341456, 0.0011898574885, -0.00550858071074], [-0.000246553769102, 0.000563054927625, 0.0024337854702, -0.00511619122699, 0.00262371031567, -0.000615895492956, 0.00178092333954, -0.00282697565854, -0.00597007293254, 0.023767279461, -0.0114960893989, 0.0030512441881, 0.00238474202342], [-0.000371150643332, -0.00070854765363, -0.00191465346143, 0.00441193254665, -0.00199035252444, 0.000691021501552, -0.00413608225062, 0.0047288807109, 0.000838171341456, -0.0114960893989, 0.0220189448446, -0.0118487719446, 0.00147350446787], [0.000521509558894, 0.000674540642649, 0.00163723190781, -0.00353992194869, 0.00112762744538, -0.00144288165029, 0.00258822995238, 0.000125487960759, 0.0011898574885, 0.0030512441881, -0.0118487719446, 0.0270264074206, -0.0126144792885], [-0.00027686211979, 0.000467991834739, -0.000345954817021, 0.00119503319729, -0.00115278875455, 0.000842833775096, -5.84280242037e-05, 0.00130241119768, -0.00550858071074, 0.00238474202342, 0.00147350446787, -0.0126144792885, 0.0215571261942]]
    },
    "melbands": {
        "dmean": [0.00103549985215, 0.000882982742041, 0.000396150222514, 0.000207765682717, 0.00015778875968, 0.000177374618943, 0.000152071384946, 0.000103273559944, 0.000212689395994, 0.000211793652852, 0.000324190506944, 0.00038995599607, 0.000117080431664, 5.54046928301e-05, 8.25326060294e-05, 5.41796216567e-05, 6.00550811214e-05, 7.6963508036e-05, 2.74223639281e-05, 1.59821829584e-05, 1.33299608933e-05, 1.23318886835e-05, 1.01512032415e-05, 9.78912066785e-06, 7.635359907e-06, 7.42519478081e-06, 8.00180896476e-06, 5.61188880965e-06, 3.73794296138e-06, 3.43395413438e-06, 2.62812341134e-06, 2.89437434731e-06, 2.29895954362e-06, 2.53614689427e-06, 2.29334068536e-06, 1.77972788151e-06, 1.57336398843e-06, 1.11759675292e-06, 1.00195791219e-06, 6.18474189196e-07],
        "dmean2": [0.00160638149828, 0.0014254153939, 0.00065695901867, 0.000356157455826, 0.000255491322605, 0.000290476629743, 0.000250464887358, 0.000162265525432, 0.00033111742232, 0.000330041075358, 0.000512989470735, 0.000622285413556, 0.00018357555382, 8.9716995717e-05, 0.00013757229317, 8.85551489773e-05, 9.55645155045e-05, 0.000127009203425, 4.5410641178e-05, 2.55753748206e-05, 2.13790881389e-05, 2.04078860406e-05, 1.64960711118e-05, 1.59016290127e-05, 1.25205833683e-05, 1.22703531815e-05, 1.28737074192e-05, 9.02709143702e-06, 6.00852536081e-06, 5.44111480849e-06, 4.06881281378e-06, 4.53649636256e-06, 3.50630079993e-06, 3.94431117456e-06, 3.48200615008e-06, 2.5772801564e-06, 2.35929337578e-06, 1.64432424299e-06, 1.52154404987e-06, 8.62942442836e-07],
        "dvar": [2.17932165469e-06, 2.43239878728e-06, 6.13537110894e-07, 1.63557302812e-07, 1.54028128918e-07, 2.54718514725e-07, 1.37686697599e-07, 6.968640065e-08, 2.27709918477e-07, 3.16949922308e-07, 3.6558040506e-07, 5.36486254532e-07, 1.05349556634e-07, 1.13398597179e-08, 2.08381170097e-08, 1.3810371513e-08, 1.40842022489e-08, 1.91234388325e-08, 3.25861426731e-09, 1.52833945499e-09, 7.61737450894e-10, 5.38287692198e-10, 2.47830089783e-10, 2.1814708373e-10, 1.07710805552e-10, 9.94569079871e-11, 9.9486995031e-11, 6.05762939809e-11, 2.66707021052e-11, 2.43036528402e-11, 1.37440354236e-11, 2.24756758344e-11, 1.52700387057e-11, 1.78559753788e-11, 1.96480210574e-11, 2.65729747234e-11, 2.92016029413e-11, 8.263187877e-12, 2.23579540298e-11, 5.44622506815e-12],
        "dvar2": [5.06131300426e-06, 5.98966607868e-06, 1.57324905103e-06, 4.43741498657e-07, 3.52754000232e-07, 6.14189502812e-07, 3.50069910837e-07, 1.62102253398e-07, 4.89627439038e-07, 7.2283614827e-07, 8.46639579777e-07, 1.28976603264e-06, 2.62719510147e-07, 2.76275500255e-08, 5.25562704468e-08, 3.53606921522e-08, 3.42565442679e-08, 5.14073335012e-08, 7.92280818729e-09, 3.34028205096e-09, 1.68202063389e-09, 1.46662382239e-09, 6.41333819384e-10, 5.57336787832e-10, 2.8366670124e-10, 2.60235388794e-10, 2.43377401565e-10, 1.47408460438e-10, 6.67457408787e-11, 5.77014269698e-11, 3.09669408172e-11, 4.95025756497e-11, 3.30432417539e-11, 4.08544413577e-11, 4.23344762024e-11, 5.07198345823e-11, 5.81226178298e-11, 1.62291274169e-11, 5.13783390832e-11, 9.13244913719e-12],
        "max": [0.0195248257369, 0.0240348912776, 0.0128353722394, 0.00607813941315, 0.0112359067425, 0.0112357335165, 0.0145730180666, 0.00874671991915, 0.00865736790001, 0.0123413139954, 0.0156043665484, 0.00973482895643, 0.00829292740673, 0.0033167055808, 0.00351374130696, 0.00336330849677, 0.00191853789147, 0.00275685172528, 0.00151730771177, 0.00127841823269, 0.00122066074982, 0.00063959317049, 0.000378561817342, 0.000370095891412, 0.000160009192768, 0.00016982172383, 0.000174582906766, 0.000125729289721, 7.46380901546e-05, 8.57104023453e-05, 7.46516743675e-05, 0.000141669253935, 0.000133185618324, 0.000100543766166, 0.000128752915771, 0.000183342795935, 0.000195103508304, 8.95686025615e-05, 0.000174183907802, 8.13134320197e-05],
        "mean": [0.00192434748169, 0.00140086794272, 0.000575831625611, 0.000286763097392, 0.000257270789007, 0.000294813216897, 0.000219000241486, 0.000179412556463, 0.00042395471246, 0.000387739535654, 0.000594683398958, 0.000696871255059, 0.000207353456062, 9.20065722312e-05, 0.000139752984978, 9.27316868911e-05, 0.000102261998109, 0.000135571594001, 4.64901822852e-05, 2.86071117443e-05, 2.27588661801e-05, 2.12646064028e-05, 1.79721755558e-05, 1.8853432266e-05, 1.49246889123e-05, 1.41024584082e-05, 1.52033262566e-05, 1.06097422758e-05, 6.67299173074e-06, 5.4510173868e-06, 4.64655749965e-06, 5.0294374887e-06, 3.9139463297e-06, 3.90937066186e-06, 3.63561480299e-06, 3.18899628837e-06, 2.6150373742e-06, 1.84623354471e-06, 1.57129193212e-06, 9.29661212012e-07],
        "median": [0.00100894074421, 0.000840600172523, 0.000367811036995, 0.000158232141985, 0.000105531245936, 9.75638031377e-05, 9.93068679236e-05, 5.81208223593e-05, 0.000109238579171, 8.91001473065e-05, 0.000177080728463, 0.0001771471143, 5.06305113959e-05, 4.21815639129e-05, 6.60215227981e-05, 3.27168090735e-05, 3.63112194464e-05, 4.74217231385e-05, 1.91777417058e-05, 1.43739889609e-05, 1.28534429678e-05, 1.36927228596e-05, 1.2395333215e-05, 1.14189488158e-05, 9.84786765912e-06, 1.06320867417e-05, 1.15877492135e-05, 7.39878578315e-06, 4.46767717222e-06, 3.20046683555e-06, 2.85537748823e-06, 2.78594961856e-06, 2.34333174376e-06, 2.23735037252e-06, 1.70305736447e-06, 1.19904314033e-06, 1.06344293727e-06, 7.21523406355e-07, 4.7083031518e-07, 2.46454618491e-07],
        "min": [1.15009664314e-23, 1.56675837935e-23, 1.07634974476e-23, 1.07091330983e-23, 9.56276910832e-24, 8.90935640938e-24, 1.27623352974e-23, 2.53384173795e-23, 5.85155246932e-24, 6.505031827e-24, 6.78353640857e-24, 1.2158850394e-23, 5.70453759001e-24, 4.04198719985e-24, 1.07825894592e-23, 9.3794165347e-24, 6.63567784253e-24, 2.62866952408e-24, 3.90508512291e-24, 1.12418974104e-23, 1.55610875713e-23, 9.18220288611e-24, 7.37397513031e-24, 9.79836399538e-24, 1.06207538557e-23, 7.45488543791e-24, 5.91019165585e-24, 8.85994768431e-24, 6.02009812375e-24, 1.24227574989e-23, 1.21090819483e-23, 1.2179454652e-23, 8.08707935622e-24, 9.71966249831e-24, 8.70810221524e-24, 7.68379157336e-24, 1.37504624672e-23, 1.34691199585e-23, 1.14035326433e-23, 1.28052445974e-23],
        "var": [5.8238560996e-06, 3.51023254552e-06, 6.28321402019e-07, 1.7134823338e-07, 3.28500533442e-07, 5.23798291852e-07, 1.94849235413e-07, 2.40982473088e-07, 9.18019622986e-07, 1.03451247924e-06, 1.18226580526e-06, 1.32632533223e-06, 3.16232956266e-07, 2.63890953534e-08, 4.14062668597e-08, 2.89594623837e-08, 3.19526236581e-08, 4.74819472629e-08, 7.05096958598e-09, 3.56173956995e-09, 1.70911740316e-09, 8.96551000107e-10, 3.93879373561e-10, 5.26792331978e-10, 2.48021464477e-10, 1.82487247535e-10, 1.96912139372e-10, 1.15929162103e-10, 4.82264748969e-11, 4.20227151687e-11, 2.83328742412e-11, 4.41367879744e-11, 2.81493196808e-11, 2.65950542838e-11, 3.76379934164e-11, 6.13240638825e-11, 5.94196983283e-11, 2.01805430006e-11, 4.4764053575e-11, 1.39871317653e-11]
    },
    "mfcc": {
        "mean": [-605.953552246, 104.469512939, -6.88594818115, 13.7429447174, -3.45881056786, 11.5444040298, 6.63552761078, 13.0296411514, 2.32991147041, 10.4710617065, 0.541463494301, -1.77043652534, -2.87885928154],
        "cov": [[2164.35742188, -194.759368896, -57.207660675, -132.230285645, -83.4661178589, 6.32269620895, 133.249588013, 1.39680576324, -26.3398113251, 64.8719940186, 46.3641738892, -42.0656814575, -0.160407826304], [-194.759368896, 616.15234375, -153.438552856, 40.9903526306, -6.33858966827, 10.7063779831, 49.6232833862, 45.0966300964, 5.26440811157, 40.3522071838, 38.7192459106, 22.2211341858, -0.0555466264486], [-57.207660675, -153.438552856, 497.886505127, 136.650177002, 96.8358230591, -12.2777729034, -94.3145599365, -46.8654670715, 18.9203128815, -35.4524497986, -33.6924095154, 47.0596122742, 18.1493530273], [-132.230285645, 40.9903526306, 136.650177002, 235.212905884, 76.9081726074, 32.4682350159, -6.05623579025, -10.2542676926, 22.9699554443, -21.0427074432, -0.947539448738, 29.5208625793, 17.2429180145], [-83.4661178589, -6.33858966827, 96.8358230591, 76.9081726074, 142.363723755, 33.3958358765, -33.61876297, -1.41863930225, 23.6407585144, -11.7644014359, -20.8210010529, 12.8492412567, 17.4348716736], [6.32269620895, 10.7063779831, -12.2777729034, 32.4682350159, 33.3958358765, 107.987632751, 79.3948287964, 31.135892868, -0.181812256575, -4.91824913025, 12.4497861862, -2.57738089561, -7.85351419449], [133.249588013, 49.6232833862, -94.3145599365, -6.05623579025, -33.61876297, 79.3948287964, 206.471725464, 64.1049346924, -17.4234676361, 14.7547903061, 43.7309074402, -6.58753633499, -20.9397773743], [1.39680576324, 45.0966300964, -46.8654670715, -10.2542676926, -1.41863930225, 31.135892868, 64.1049346924, 88.5488433838, 30.683971405, 15.8149967194, 14.7869377136, -3.52201366425, -8.01378059387], [-26.3398113251, 5.26440811157, 18.9203128815, 22.9699554443, 23.6407585144, -0.181812256575, -17.4234676361, 30.683971405, 94.4730072021, 33.2333717346, 4.89222240448, 1.38391852379, -2.05791497231], [64.8719940186, 40.3522071838, -35.4524497986, -21.0427074432, -11.7644014359, -4.91824913025, 14.7547903061, 15.8149967194, 33.2333717346, 88.3272399902, 37.3176612854, -2.18838405609, -5.07502365112], [46.3641738892, 38.7192459106, -33.6924095154, -0.947539448738, -20.8210010529, 12.4497861862, 43.7309074402, 14.7869377136, 4.89222240448, 37.3176612854, 76.5012893677, 21.6858844757, -6.88806009293], [-42.0656814575, 22.2211341858, 47.0596122742, 29.5208625793, 12.8492412567, -2.57738089561, -6.58753633499, -3.52201366425, 1.38391852379, -2.18838405609, 21.6858844757, 84.2746505737, 35.1412887573], [-0.160407826304, -0.0555466264486, 18.1493530273, 17.2429180145, 17.4348716736, -7.85351419449, -20.9397773743, -8.01378059387, -2.05791497231, -5.07502365112, -6.88806009293, 35.1412887573, 71.7188568115]],
