{
"lowlevel": {
    "average_loudness": 0.874489605427,
    "barkbands_crest": {
        "dmean": 2.62113046646,
        "dmean2": 4.19592761993,
        "dvar": 5.57391881943,
        "dvar2": 13.4375371933,
        "max": 25.1789264679,
        "mean": 10.4811067581,
        "median": 9.57921981812,
        "min": 2.35784363747,
        "var": 20.4550762177
    },
    "barkbands_flatness_db": {
        "dmean": 0.0191247221082,
        "dmean2": 0.0293496567756,
        "dvar": 0.000285743910354,
        "dvar2": 0.000641367572825,
        "max": 0.352017521858,
        "mean": 0.147229805589,
        "median": 0.140485718846,
        "min": 0.0423671044409,
        "var": 0.00227426923811
    },
    "barkbands_kurtosis": {
        "dmean": 1.83907210827,
        "dmean2": 2.90996789932,
        "dvar": 7.70661401749,
        "dvar2": 18.2875270844,
        "max": 55.1570663452,
        "mean": 2.78902673721,
        "median": 1.17506980896,
        "min": -1.81484997272,
        "var": 24.1123352051
    },
    "barkbands_skewness": {
        "dmean": 0.42835393548,
        "dmean2": 0.662933647633,
        "dvar": 0.170174390078,
        "dvar2": 0.392580628395,
        "max": 6.74920272827,
        "mean": 1.18361127377,
        "median": 1.06953454018,
        "min": -2.5135076046,
        "var": 1.08786404133
    },
    "barkbands_spread": {
        "dmean": 5.14124727249,
        "dmean2": 7.74801397324,
        "dvar": 36.7148551941,
        "dvar2": 77.9440841675,
        "max": 95.4222717285,
        "mean": 21.0520114899,
        "median": 18.4353942871,
        "min": 1.39968860149,
        "var": 162.697967529
    },
    "dissonance": {
        "dmean": 0.0224868636578,
        "dmean2": 0.0376980938017,
        "dvar": 0.000464024429675,
        "dvar2": 0.00125954370014,
        "max": 0.499989181757,
        "mean": 0.454929441214,
        "median": 0.461701571941,
        "min": 0.251457452774,
        "var": 0.00110331678297
    },
    "dynamic_complexity": 2.44957089424,
    "erbbands_crest": {
        "dmean": 3.16222190857,
        "dmean2": 5.07493066788,
        "dvar": 8.08595180511,
        "dvar2": 19.4725456238,
        "max": 30.5046291351,
        "mean": 11.5175561905,
        "median": 10.5959148407,
        "min": 2.621270895,
        "var": 29.0130138397
    },
    "erbbands_flatness_db": {
        "dmean": 0.0173883810639,
        "dmean2": 0.0258511044085,
        "dvar": 0.000260090397205,
        "dvar2": 0.000529141456354,
        "max": 0.372876942158,
        "mean": 0.185360312462,
        "median": 0.182322651148,
        "min": 0.0253893174231,
        "var": 0.00255978270434
    },
    "erbbands_kurtosis": {
        "dmean": 1.10277867317,
        "dmean2": 1.73485481739,
        "dvar": 2.19685101509,
        "dvar2": 5.1045050621,
        "max": 26.2700595856,
        "mean": 1.05676388741,
        "median": 0.27794277668,
        "min": -1.89709448814,
        "var": 6.45261573792
    },
    "erbbands_skewness": {
        "dmean": 0.372304081917,
        "dmean2": 0.572200357914,
        "dvar": 0.110415786505,
        "dvar2": 0.255256980658,
        "max": 4.28764247894,
        "mean": 0.61572188139,
        "median": 0.568674266338,
        "min": -2.37072110176,
        "var": 0.584153711796
    },
    "erbbands_spread": {
        "dmean": 7.41054677963,
        "dmean2": 11.2418279648,
        "dvar": 65.947265625,
        "dvar2": 141.044830322,
        "max": 130.307296753,
        "mean": 32.9584999084,
        "median": 29.1341590881,
        "min": 3.44130301476,
        "var": 339.475921631
    },
    "hfc": {
        "dmean": 6.96011829376,
        "dmean2": 10.3670682907,
        "dvar": 69.4144515991,
        "dvar2": 148.217391968,
        "max": 106.295669556,
        "mean": 24.8121261597,
        "median": 21.3973999023,
        "min": 1.16308674791e-16,
        "var": 274.471343994
    },
    "melbands_crest": {
        "dmean": 3.23863506317,
        "dmean2": 5.30040121078,
        "dvar": 8.59554672241,
        "dvar2": 21.7357711792,
        "max": 35.3761978149,
        "mean": 13.4297914505,
        "median": 12.4751110077,
        "min": 1.89963746071,
        "var": 28.8088970184
    },
    "melbands_flatness_db": {
        "dmean": 0.0209095273167,
        "dmean2": 0.0313508696854,
        "dvar": 0.000382590835216,
        "dvar2": 0.000795461935923,
        "max": 0.390922248363,
        "mean": 0.172621846199,
        "median": 0.167918264866,
        "min": 0.00369181879796,
        "var": 0.00319698476233
    },
    "melbands_kurtosis": {
        "dmean": 3.91949534416,
        "dmean2": 6.21897411346,
        "dvar": 35.501537323,
        "dvar2": 87.3557434082,
        "max": 103.404121399,
        "mean": 8.10007095337,
        "median": 4.657289505,
        "min": -1.68504273891,
        "var": 110.015487671
    },
    "melbands_skewness": {
        "dmean": 0.55883038044,
        "dmean2": 0.86646848917,
        "dvar": 0.300555437803,
        "dvar2": 0.708684563637,
        "max": 8.98875141144,
        "mean": 1.91140913963,
        "median": 1.72883081436,
        "min": -1.42294991016,
        "var": 1.88096642494
    },
    "melbands_spread": {
        "dmean": 6.3836479187,
        "dmean2": 9.98053836823,
        "dvar": 64.8779678345,
        "dvar2": 148.897216797,
        "max": 164.500183105,
        "mean": 25.7628211975,
        "median": 23.546295166,
        "min": 1.9796705246,
        "var": 237.535964966
    },
    "pitch_salience": {
        "dmean": 0.0646634995937,
        "dmean2": 0.102904140949,
        "dvar": 0.00340495374985,
        "dvar2": 0.00826929695904,
        "max": 0.9020601511,
        "mean": 0.544465065002,
        "median": 0.54453599453,
        "min": 0.0925051569939,
        "var": 0.0136874271557
    },
    "silence_rate_20dB": {
        "dmean": 0,
        "dmean2": 0,
        "dvar": 0,
        "dvar2": 0,
        "max": 1,
        "mean": 1,
        "median": 1,
        "min": 1,
        "var": 0
    },
    "silence_rate_30dB": {
        "dmean": 0.000463875679998,
        "dmean2": 0.00092785898596,
        "dvar": 0.000463680335088,
        "dvar2": 0.00139100675005,
        "max": 1,
        "mean": 0.999768078327,
        "median": 1,
        "min": 0,
        "var": 0.000231817481108
    },
    "silence_rate_60dB": {
        "dmean": 0.00765394885093,
        "dmean2": 0.0153096728027,
        "dvar": 0.00759565550834,
        "dvar2": 0.0166976340115,
        "max": 1,
        "mean": 0.0282931346446,
        "median": 0,
        "min": 0,
        "var": 0.0274931639433
    },
    "spectral_centroid": {
        "dmean": 201.908279419,
        "dmean2": 313.006195068,
        "dvar": 51986.25,
        "dvar2": 102767.554688,
        "max": 11187.5507812,
        "mean": 1376.15808105,
        "median": 1335.98828125,
        "min": 315.417541504,
        "var": 319182.71875
    },
    "spectral_complexity": {
        "dmean": 3.11608481407,
        "dmean2": 4.91788434982,
        "dvar": 9.97984981537,
        "dvar2": 22.000289917,
        "max": 45,
        "mean": 18.39935112,
        "median": 18,
        "min": 0,
        "var": 45.2465667725
    },
    "spectral_decrease": {
        "dmean": 1.69391067839e-09,
        "dmean2": 2.6138071707e-09,
        "dvar": 3.98900819368e-18,
        "dvar2": 9.32154712652e-18,
        "max": -1.1015105946e-28,
        "mean": -6.19471896002e-09,
        "median": -5.5223638995e-09,
        "min": -3.21082715971e-08,
        "var": 1.55510699623e-17
    },
    "spectral_energy": {
        "dmean": 0.00686503108591,
        "dmean2": 0.0105606112629,
        "dvar": 6.36990298517e-05,
        "dvar2": 0.000147838625708,
        "max": 0.125990435481,
        "mean": 0.0256308745593,
        "median": 0.0229552052915,
        "min": 1.09652806834e-20,
        "var": 0.00025294473744
    },
    "spectral_energyband_high": {
        "dmean": 0.000447094935225,
        "dmean2": 0.000656921882182,
        "dvar": 7.43934606362e-07,
        "dvar2": 1.60538024829e-06,
        "max": 0.012694417499,
        "mean": 0.000872997450642,
        "median": 0.000498617591802,
        "min": 7.92237401551e-21,
        "var": 1.35833977311e-06
    },
    "spectral_energyband_low": {
        "dmean": 0.00148961239029,
        "dmean2": 0.00234510656446,
        "dvar": 7.61185629017e-06,
        "dvar2": 1.87144214578e-05,
        "max": 0.0640850663185,
        "mean": 0.00351186748594,
        "median": 0.00169858883601,
        "min": 9.95444075657e-23,
        "var": 2.24780997087e-05
    },
    "spectral_energyband_middle_high": {
        "dmean": 0.00271697435528,
        "dmean2": 0.00409520696849,
        "dvar": 1.87300793186e-05,
        "dvar2": 3.90853565477e-05,
        "max": 0.0961543321609,
        "mean": 0.00863176304847,
        "median": 0.00500982441008,
        "min": 1.81418661545e-21,
        "var": 9.35317148105e-05
    },
    "spectral_energyband_middle_low": {
        "dmean": 0.00516801141202,
        "dmean2": 0.00805705972016,
        "dvar": 5.14949133503e-05,
        "dvar2": 0.000122643759823,
        "max": 0.121248066425,
        "mean": 0.0138091659173,
        "median": 0.00983625650406,
        "min": 3.64938717275e-22,
        "var": 0.000171071733348
    },
    "spectral_entropy": {
        "dmean": 0.154793381691,
        "dmean2": 0.226629927754,
        "dvar": 0.0201782528311,
        "dvar2": 0.0396250411868,
        "max": 9.82178878784,
        "mean": 7.55219316483,
        "median": 7.60905647278,
        "min": 5.76787185669,
        "var": 0.205250576138
    },
    "spectral_flux": {
        "dmean": 0.0233164727688,
        "dmean2": 0.0373412445188,
        "dvar": 0.000543966481928,
        "dvar2": 0.00131364096887,
        "max": 0.275570452213,
        "mean": 0.0846400633454,
        "median": 0.0773700922728,
        "min": 1.04715236482e-10,
        "var": 0.0015481809387
    },
    "spectral_kurtosis": {
        "dmean": 1.32817292213,
        "dmean2": 2.1719520092,
        "dvar": 2.01704406738,
        "dvar2": 5.5766825676,
        "max": 30.0678710938,
        "mean": 4.03457069397,
        "median": 3.59926342964,
        "min": -1.18295526505,
        "var": 7.70589876175
    },
    "spectral_rms": {
        "dmean": 0.000658610486425,
        "dmean2": 0.000999775715172,
        "dvar": 4.35234767338e-07,
        "dvar2": 9.48466038153e-07,
        "max": 0.0110868159682,
        "mean": 0.00474483799189,
        "median": 0.00473236944526,
        "min": 3.27075454394e-12,
        "var": 2.49225467996e-06
    },
    "spectral_rolloff": {
        "dmean": 514.321960449,
        "dmean2": 848.511108398,
        "dvar": 984687.125,
        "dvar2": 2123504.5,
        "max": 18130.9570312,
        "mean": 1733.35058594,
        "median": 1399.65820312,
        "min": 21.533203125,
        "var": 2001479.75
    },
    "spectral_skewness": {
        "dmean": 0.190656855702,
        "dmean2": 0.299336135387,
        "dvar": 0.0305416826159,
        "dvar2": 0.0740005299449,
        "max": 3.92112231255,
        "mean": 1.56149470806,
        "median": 1.54136347771,
        "min": -0.0472415611148,
        "var": 0.176370322704
    },
    "spectral_spread": {
        "dmean": 529091.125,
        "dmean2": 760600.1875,
        "dvar": 412561276928,
        "dvar2": 603395850240,
        "max": 40505832,
        "mean": 4797578,
        "median": 4493808,
        "min": 1753837.25,
        "var": 2.40422119014e+12
    },
    "spectral_strongpeak": {
        "dmean": 0.841631472111,
        "dmean2": 1.38879442215,
        "dvar": 1.20531260967,
        "dvar2": 3.02478432655,
        "max": 13.5156021118,
        "mean": 1.88948833942,
        "median": 1.24782776833,
        "min": 0,
        "var": 3.56546425819
    },
    "zerocrossingrate": {
        "dmean": 0.0102182319388,
        "dmean2": 0.0120234871283,
        "dvar": 0.000172393250978,
        "dvar2": 0.000212720755371,
        "max": 0.67333984375,
        "mean": 0.070020288229,
        "median": 0.06396484375,
        "min": 0.01171875,
        "var": 0.00123942852952
    },
    "barkbands": {
        "dmean": [2.14882693399e-05, 0.000877270358615, 0.000657600758132, 0.00102274969686, 0.0012924176408, 0.00155457004439, 0.00130673579406, 0.000834455247968, 0.00129372999072, 0.0013687366154, 0.000681033183355, 0.000696085044183, 0.000469233928015, 0.000404043996241, 0.000497678061947, 0.000222099770326, 0.000253470760072, 0.000204115087399, 0.000135514215799, 0.00010097159975, 7.11328248144e-05, 7.42177217035e-05, 0.000153459390276, 0.000116259841889, 5.06853648403e-05, 1.03194670373e-05, 8.36031599505e-09],
        "dmean2": [3.71196729247e-05, 0.0012465120526, 0.00101501587778, 0.00173045124393, 0.00203709304333, 0.00246986793354, 0.00206375145353, 0.00130839692429, 0.00195303070359, 0.00210710987449, 0.00101596303284, 0.00107603671495, 0.000734088011086, 0.000640381651465, 0.000785888463724, 0.000360496080248, 0.000412815483287, 0.000327730900608, 0.00021888363699, 0.000161754054716, 0.000112076151709, 0.00011466248543, 0.000235351544688, 0.00017480061797, 7.24896090105e-05, 1.49752813741e-05, 1.51696681883e-08],
        "dvar": [2.1351009849e-09, 3.98405654778e-06, 1.89021648112e-06, 7.55428754928e-06, 7.24811980035e-06, 1.14157346616e-05, 1.44122777783e-05, 6.48040349915e-06, 1.21930615933e-05, 1.28138590298e-05, 4.85963846586e-06, 2.84638099401e-06, 1.42819283155e-06, 1.42452392993e-06, 1.69043858023e-06, 2.72733558404e-07, 3.35699667176e-07, 2.5405287829e-07, 4.90101719208e-08, 3.12860670704e-08, 2.35443735619e-08, 2.71680917763e-08, 1.19035107105e-07, 7.62496554785e-08, 1.28290551515e-08, 5.46194312001e-10, 2.58381937197e-15],
        "dvar2": [6.3479181911e-09, 7.83323685027e-06, 4.36006530435e-06, 1.96063610929e-05, 1.59446080943e-05, 2.87384809781e-05, 3.70835441572e-05, 1.5769226593e-05, 2.64546943072e-05, 2.66364040726e-05, 9.73119585979e-06, 6.46423677608e-06, 3.00905458062e-06, 3.08328867504e-06, 4.05329501518e-06, 6.32258377209e-07, 8.08307333955e-07, 5.37047128546e-07, 1.14264324225e-07, 7.7160493106e-08, 5.49148850837e-08, 6.3167597375e-08, 2.82182895717e-07, 1.68414928226e-07, 2.56310670466e-08, 9.75348357635e-10, 7.7030658531e-15],
        "max": [0.00095362419961, 0.05358703807, 0.0285319834948, 0.0435188934207, 0.0820142924786, 0.117294035852, 0.10843783617, 0.0795993506908, 0.0885009616613, 0.0880983397365, 0.0522879362106, 0.0395012274384, 0.0383992344141, 0.0281322579831, 0.0348477624357, 0.0169144403189, 0.0163853000849, 0.0147237684578, 0.00593679072335, 0.00660771410912, 0.00431211153045, 0.00628483947366, 0.00718613853678, 0.00429843179882, 0.00212202547118, 0.000851507880725, 2.13024941331e-06],
        "mean": [2.26036409003e-05, 0.00156602775678, 0.00117280462291, 0.00127208943013, 0.00254299398512, 0.0031079815235, 0.0023086341098, 0.00152373546734, 0.00223766174167, 0.00246656895615, 0.00105340452865, 0.00138324010186, 0.000761384377256, 0.000646855100058, 0.0010701736901, 0.000378126133, 0.000467933772597, 0.000388846208807, 0.000282769760815, 0.000220028465264, 0.000127104402054, 0.00013152709289, 0.000215430714888, 0.000178074245923, 8.71392185218e-05, 1.77343954419e-05, 5.97443738926e-09],
        "median": [6.21295021119e-06, 0.000296696729492, 0.000496562977787, 0.000343424588209, 0.00109119410627, 0.00110058719292, 0.000397392665036, 0.000340380822308, 0.000550611235667, 0.000516498694196, 0.000255425315117, 0.000273081677733, 0.000257774838246, 0.000150387975737, 0.000232069607591, 0.000166694182553, 0.000199059548322, 0.000173592561623, 0.000183947093319, 0.000129298263346, 7.60167604312e-05, 6.67859640089e-05, 7.92021746747e-05, 6.36988843326e-05, 3.44962645613e-05, 5.88832654103e-06, 6.23188722848e-10],
        "min": [5.56440394438e-23, 3.3543653111e-23, 1.49868252313e-23, 3.35812786207e-23, 3.64893670162e-23, 5.30628297639e-23, 4.45751660511e-23, 9.88427757439e-23, 5.02502629577e-23, 1.8008028392e-22, 3.42534669981e-23, 1.12203763383e-22, 8.21214867735e-23, 1.65833493837e-22, 1.09320495707e-22, 1.55494152698e-22, 1.92776678334e-22, 2.22344699675e-22, 3.99750555799e-22, 4.4391018148e-22, 3.60060830577e-22, 5.17287170362e-22, 7.17127523812e-22, 7.33745200635e-22, 1.33341555133e-21, 1.72211551638e-21, 2.41495884706e-21],
        "var": [2.22792806426e-09, 1.03214852061e-05, 3.36561697623e-06, 8.50660126162e-06, 2.35070056078e-05, 3.57122153218e-05, 4.32094857388e-05, 1.59981518664e-05, 3.11201329168e-05, 3.5731412936e-05, 9.75994498731e-06, 1.10864502858e-05, 2.9920850011e-06, 3.15692932418e-06, 9.11452025321e-06, 6.08434049809e-07, 9.37754009556e-07, 7.48311208554e-07, 1.11113649837e-07, 8.133670093e-08, 3.77629625348e-08, 4.71637413568e-08, 1.53287828653e-07, 1.10666924513e-07, 2.7403570968e-08, 1.529947391e-09, 1.57204899851e-15]
    },
    "erbbands": {
        "dmean": [0.0236265324056, 0.213642314076, 0.68911921978, 2.27075886726, 2.66286993027, 5.29571485519, 8.740858078, 14.4952297211, 19.3853397369, 14.919093132, 19.4214553833, 30.0009994507, 37.5290985107, 34.9087219238, 22.603433609, 29.9180812836, 21.9517841339, 17.1443462372, 30.2349433899, 13.9919939041, 11.8394670486, 10.8938760757, 11.0858945847, 8.0399646759, 5.86964321136, 4.63193702698, 3.10492014885, 2.56596446037, 2.29109215736, 3.68020939827, 4.89607143402, 3.19433665276, 1.42620921135, 0.684595108032, 0.297680407763, 0.0881109684706, 0.0112614380196, 0.000363317143638, 1.6632162442e-05, 9.3458684205e-06],
        "dmean2": [0.0353906936944, 0.306240677834, 1.05706679821, 3.73506617546, 4.44057798386, 8.38273048401, 13.7927017212, 23.0117549896, 30.6410083771, 22.9610290527, 29.8467960358, 45.484992981, 58.3702545166, 52.9738044739, 34.1323814392, 46.3589782715, 33.7873725891, 27.2577877045, 45.7084655762, 22.2540817261, 18.9241580963, 17.3444824219, 17.4074859619, 12.9196519852, 9.54165172577, 7.31759119034, 4.85602760315, 4.02703666687, 3.55217289925, 5.6744017601, 7.58745527267, 4.84050321579, 2.11091518402, 0.997444331646, 0.427688747644, 0.127001315355, 0.0163138564676, 0.00052431714721, 2.34714952967e-05, 1.40949250635e-05],
        "dvar": [0.00333057367243, 0.246327191591, 2.27860951424, 33.6192359924, 36.9190292358, 145.88482666, 367.071624756, 1097.6607666, 3003.73706055, 1720.41821289, 3545.76586914, 7106.08154297, 10630.2744141, 9728.19433594, 4491.02880859, 5312.75292969, 2646.0480957, 1455.9050293, 6326.21191406, 836.918579102, 909.678894043, 673.423461914, 840.626525879, 219.965423584, 93.0155410767, 60.3313713074, 34.9628868103, 46.1244316101, 29.8433628082, 44.199344635, 153.446792603, 68.1905441284, 10.3235006332, 2.37418103218, 0.491609126329, 0.0403882563114, 0.000665192026645, 1.15908619591e-06, 1.07461872734e-09, 1.07689759887e-10],
        "dvar2": [0.0068142041564, 0.490259170532, 5.30101108551, 85.3730163574, 93.4970779419, 323.53717041, 909.520385742, 2669.99926758, 7745.77197266, 4081.05737305, 8564.34863281, 15900.1953125, 22953.5996094, 22161.65625, 10314.8710938, 12266.4648438, 5692.55371094, 3292.08642578, 13248.4755859, 1852.3894043, 2060.88647461, 1538.34594727, 1736.92736816, 529.786560059, 238.858596802, 144.046600342, 81.7847213745, 104.537719727, 69.8748779297, 96.762550354, 388.736785889, 153.837631226, 22.0195503235, 4.96047544479, 0.983672857285, 0.0730883255601, 0.00123153382447, 2.34450590142e-06, 1.99676963852e-09, 2.39145925285e-10],
        "max": [1.06757056713, 13.5919084549, 27.969877243, 80.0426483154, 102.427497864, 358.549133301, 605.965270996, 1083.94421387, 1706.05163574, 1186.25744629, 1738.43005371, 2616.66137695, 2628.73876953, 3266.43481445, 2170.96557617, 1770.57983398, 1544.96569824, 903.560302734, 1861.54931641, 715.028015137, 1057.91064453, 828.862670898, 872.483154297, 458.201599121, 247.821563721, 205.505981445, 130.289901733, 311.283569336, 213.250671387, 97.5203933716, 296.639190674, 161.323791504, 58.841632843, 29.7695446014, 19.8118934631, 6.73327541351, 0.883864939213, 0.0552374534309, 0.00116812053602, 0.000142162418342],
        "mean": [0.0344243235886, 0.395419865847, 1.18436658382, 3.33397483826, 4.15920257568, 10.1611557007, 17.2014408112, 27.9627132416, 35.5742492676, 27.4620361328, 36.8454551697, 55.119720459, 70.0804519653, 68.5436553955, 40.3656311035, 62.1884498596, 40.673248291, 31.1632900238, 61.7039794922, 29.4638252258, 23.0422515869, 23.4347896576, 23.7019920349, 16.6748561859, 12.9146461487, 10.4643154144, 6.47898387909, 4.53987979889, 4.15103960037, 5.74776935577, 6.54808998108, 4.67021512985, 2.34303402901, 1.17059350014, 0.50281393528, 0.15221272409, 0.0184628050774, 0.000580041436478, 3.95755268983e-05, 3.46304004779e-05],
        "median": [0.00625819666311, 0.0885666385293, 0.58009314537, 1.21231639385, 1.935079813, 3.73793029785, 6.11502170563, 9.83656311035, 7.84361839294, 6.41131353378, 10.4244556427, 15.9105997086, 18.1177101135, 15.7221155167, 14.0947294235, 14.8236875534, 15.5727119446, 12.4988145828, 13.6668682098, 12.6158437729, 11.1164875031, 9.7179851532, 9.6682472229, 10.2616939545, 8.52223873138, 6.39739751816, 3.88262605667, 2.63670492172, 2.16403007507, 2.56320524216, 2.25811076164, 1.52632856369, 0.940411090851, 0.479575365782, 0.179696321487, 0.0524547100067, 0.00485893990844, 0.00014064880088, 2.60297674686e-05, 3.18668608088e-05],
        "min": [2.30393468948e-21, 3.00274761461e-21, 9.31286220184e-21, 8.02513698946e-20, 7.17035762501e-20, 1.3464617244e-19, 2.66040491097e-19, 6.26122732445e-19, 6.45768220294e-19, 1.16917585187e-18, 1.9154334885e-18, 1.32464486159e-18, 4.17373375449e-18, 3.76871345295e-18, 2.1289457618e-18, 5.25171718313e-18, 3.78410562979e-18, 8.46738057366e-18, 5.34165983986e-18, 6.82404980202e-18, 1.06027464978e-17, 1.02111451337e-17, 1.06878873711e-17, 1.51560895654e-17, 2.13099824505e-17, 2.20367747696e-17, 1.51966346503e-17, 1.57126084097e-17, 1.68906211355e-17, 2.26817738153e-17, 1.90907362764e-17, 1.5933290271e-17, 1.27595231649e-17, 1.4070550669e-17, 9.85643354346e-18, 7.53796622766e-18, 2.91168340761e-18, 1.30574254383e-18, 3.51732783642e-19, 3.36370281908e-20],
        "var": [0.00625063059852, 0.621506869793, 3.56330776215, 45.3657836914, 47.3915214539, 482.687316895, 1175.53881836, 3217.43066406, 8703.84375, 5211.72705078, 7785.63916016, 18702.3789062, 28643.7050781, 32941.6640625, 9816.72851562, 21570.5371094, 6492.41259766, 3591.49194336, 26975.828125, 2807.92016602, 2071.87475586, 2351.99316406, 3214.27807617, 480.523071289, 209.356933594, 169.753234863, 76.1758346558, 73.3662261963, 52.6894874573, 75.1578903198, 167.78604126, 91.2392425537, 17.0343418121, 4.46143770218, 1.1133210659, 0.110290206969, 0.00180009158794, 2.49706999966e-06, 2.88435897389e-09, 4.07390093882e-10]
    },
    "gfcc": {
        "mean": [3.98714351654, 85.067527771, -142.447097778, 27.5975761414, -76.3854904175, 19.965133667, -48.5691261292, 11.2963685989, -27.1680984497, -3.57413125038, -11.1750888824, -5.71599674225, -5.79032087326],
        "cov": [[2997.11083984, -348.032104492, 432.201721191, 298.048706055, -72.1047744751, 343.708374023, 10.9517965317, 123.192001343, -61.4992446899, 155.484420776, -51.6305770874, 81.5044250488, -166.967376709], [-348.032104492, 1106.97399902, 165.781173706, 52.0498390198, 55.3641433716, -264.948516846, 1.12830531597, -181.620040894, 46.7155647278, -128.691421509, 153.598556519, -133.742584229, 108.898712158], [432.201721191, 165.781173706, 822.731384277, 362.467559814, -8.36356639862, 104.758140564, -79.3341217041, -6.27272319794, -0.274336010218, 41.2987823486, 1.21039295197, 66.6067123413, -80.3455047607], [298.048706055, 52.0498390198, 362.467559814, 451.467132568, 74.9306564331, 96.8012008667, 2.46277189255, 7.19962024689, 49.3890228271, 1.51071739197, 0.781693220139, 38.6199455261, -27.7309780121], [-72.1047744751, 55.3641433716, -8.36356639862, 74.9306564331, 223.352600098, 82.7213897705, 56.6254920959, 35.0177574158, -1.84342324734, 28.8404941559, -10.3135404587, -10.0469722748, 3.05205774307], [343.708374023, -264.948516846, 104.758140564, 96.8012008667, 82.7213897705, 387.847137451, 136.266738892, 61.0661468506, -11.340918541, 50.3801307678, -44.9445800781, 29.8934116364, -42.4479789734], [10.9517965317, 1.12830531597, -79.3341217041, 2.46277189255, 56.6254920959, 136.266738892, 181.234680176, 64.7015304565, 28.1628112793, 9.65364265442, 5.4228978157, -11.0362243652, 11.0957622528], [123.192001343, -181.620040894, -6.27272319794, 7.19962024689, 35.0177574158, 61.0661468506, 64.7015304565, 198.405090332, 64.2295379639, 33.5169296265, -25.2482280731, 41.4589500427, -8.09577083588], [-61.4992446899, 46.7155647278, -0.274336010218, 49.3890228271, -1.84342324734, -11.340918541, 28.1628112793, 64.2295379639, 147.907211304, 20.1424541473, 30.9946174622, 14.3673229218, 15.3174953461], [155.484420776, -128.691421509, 41.2987823486, 1.51071739197, 28.8404941559, 50.3801307678, 9.65364265442, 33.5169296265, 20.1424541473, 148.409179688, 29.2349376678, 32.7017784119, -44.5001411438], [-51.6305770874, 153.598556519, 1.21039295197, 0.781693220139, -10.3135404587, -44.9445800781, 5.4228978157, -25.2482280731, 30.9946174622, 29.2349376678, 149.914382935, 25.2204742432, 29.7934932709], [81.5044250488, -133.742584229, 66.6067123413, 38.6199455261, -10.0469722748, 29.8934116364, -11.0362243652, 41.4589500427, 14.3673229218, 32.7017784119, 25.2204742432, 124.590873718, 15.323381424], [-166.967376709, 108.898712158, -80.3455047607, -27.7309780121, 3.05205774307, -42.4479789734, 11.0957622528, -8.09577083588, 15.3174953461, -44.5001411438, 29.7934932709, 15.323381424, 120.913337708]],
        "icov": [[0.000513690931257, -0.000405917293392, 0.00027909205528, -0.000524559698533, 0.000799015106168, -0.000722297816537, 0.000561520690098, -0.000800539331976, 0.000744452700019, -0.000718986673746, 0.000221250709728, -0.000192207138753, 0.000372132606572], [-0.000405917293392, 0.00458437623456, -0.00304538011551, 0.00172440800816, -0.00347019103356, 0.00391968386248, -0.00393468979746, 0.00401235790923, -0.00283843930811, 0.00347154727206, -0.0033420342952, 0.00374410999939, -0.00223792274483], [0.00027909205528, -0.00304538011551, 0.00437110615894, -0.00300981826149, 0.00297408015467, -0.00322664622217, 0.00392063288018, -0.00297999964096, 0.00244029401802, -0.00260773859918, 0.00181662442628, -0.00273854518309, 0.00220585707575], [-0.000524559698533, 0.00172440800816, -0.00300981826149, 0.00535179674625, -0.00343917030841, 0.00139528582804, -0.00189925043378, 0.00283844908699, -0.00354775204323, 0.0030399246607, -0.00106755120214, 0.000285422604065, -0.000313911790727], [0.000799015106168, -0.00347019103356, 0.00297408015467, -0.00343917030841, 0.00913131050766, -0.00394419860095, 0.00252605252899, -0.00458885729313, 0.00408632541075, -0.00489681120962, 0.00261542247608, -0.00110749411397, 0.000438055634731], [-0.000722297816537, 0.00391968386248, -0.00322664622217, 0.00139528582804, -0.00394419860095, 0.00866245198995, -0.00784675218165, 0.00422436930239, -0.00185609841719, 0.00222635176033, -0.0010014444124, 0.00144176313188, -0.00108960911166], [0.000561520690098, -0.00393468979746, 0.00392063288018, -0.00189925043378, 0.00252605252899, -0.00784675218165, 0.0144683197141, -0.00655330438167, 0.00183719827328, -0.00240215519443, 0.000391545385355, -0.000299850100419, 0.000728518469259], [-0.000800539331976, 0.00401235790923, -0.00297999964096, 0.00283844908699, -0.00458885729313, 0.00422436930239, -0.00655330438167, 0.0123598063365, -0.00664708856493, 0.0028838426806, -1.94127624127e-05, -0.000388644955819, -0.00106309039984], [0.000744452700019, -0.00283843930811, 0.00244029401802, -0.00354775204323, 0.00408632541075, -0.00185609841719, 0.00183719827328, -0.00664708856493, 0.0122240502387, -0.00412986148149, 0.000130864573293, -0.000946775020566, 4.31352127634e-05], [-0.000718986673746, 0.00347154727206, -0.00260773859918, 0.0030399246607, -0.00489681120962, 0.00222635176033, -0.00240215519443, 0.0028838426806, -0.00412986148149, 0.0132851777598, -0.00523828156292, 0.00024809644674, 0.00283552077599], [0.000221250709728, -0.0033420342952, 0.00181662442628, -0.00106755120214, 0.00261542247608, -0.0010014444124, 0.000391545385355, -1.94127624127e-05, 0.000130864573293, -0.00523828156292, 0.0119273429736, -0.00488042505458, -0.000441940414021], [-0.000192207138753, 0.00374410999939, -0.00273854518309, 0.000285422604065, -0.00110749411397, 0.00144176313188, -0.000299850100419, -0.000388644955819, -0.000946775020566, 0.00024809644674, -0.00488042505458, 0.0149018596858, -0.00533087970689], [0.000372132606572, -0.00223792274483, 0.00220585707575, -0.000313911790727, 0.000438055634731, -0.00108960911166, 0.000728518469259, -0.00106309039984, 4.31352127634e-05, 0.00283552077599, -0.000441940414021, -0.00533087970689, 0.0134845525026]]
    },
    "melbands": {
        "dmean": [0.000231528800214, 0.000312293152092, 0.000393012742279, 0.000254230631981, 0.000297164340736, 0.000316881982144, 0.000294706376735, 0.000160245064762, 0.000161318210303, 0.000201629984076, 0.000193782267161, 0.000150940162712, 7.84144431236e-05, 7.49873361201e-05, 6.83896359988e-05, 4.71074672532e-05, 3.45422522514e-05, 5.25684808963e-05, 3.27878988173e-05, 1.64885677805e-05, 1.58091461344e-05, 1.35128202601e-05, 1.35843156386e-05, 8.40648408484e-06, 7.23777156963e-06, 4.72768078907e-06, 3.98458541895e-06, 3.31160913447e-06, 2.21783557208e-06, 1.90196931271e-06, 1.52130894548e-06, 1.31218837396e-06, 1.64030859651e-06, 2.23474535233e-06, 2.8111935535e-06, 2.77977983387e-06, 1.73153546257e-06, 1.09070072085e-06, 7.90685874108e-07, 5.21965773714e-07],
        "dmean2": [0.000330893264618, 0.000467408099212, 0.000642857747152, 0.000403627753258, 0.000469662190881, 0.000501627684571, 0.000464796205051, 0.000247261399636, 0.000245406612521, 0.000304833229166, 0.000300236250041, 0.000229766243137, 0.000116344046546, 0.000113990485261, 0.000101967671071, 7.32263652026e-05, 5.53750760446e-05, 7.85312149674e-05, 5.17859116371e-05, 2.65288163064e-05, 2.52659410762e-05, 2.18739605771e-05, 2.1899722924e-05, 1.34482024805e-05, 1.17039089673e-05, 7.69623875385e-06, 6.47200022286e-06, 5.27287602381e-06, 3.52277629645e-06, 3.03603837892e-06, 2.42223791247e-06, 2.07071275327e-06, 2.60814317699e-06, 3.47320269611e-06, 4.39683935838e-06, 4.36953587268e-06, 2.60968727162e-06, 1.63603715464e-06, 1.19729361359e-06, 7.74714010277e-07],
        "dvar": [2.88147475658e-07, 4.27060342645e-07, 9.33471199005e-07, 2.82381819261e-07, 3.73906061668e-07, 4.97138785249e-07, 6.86097507696e-07, 1.96693505927e-07, 2.26629623512e-07, 3.27409509282e-07, 2.82886020386e-07, 1.81318483783e-07, 5.74669947184e-08, 2.77605423094e-08, 3.08845962138e-08, 1.75488388265e-08, 7.84763543038e-09, 2.06781241019e-08, 7.87080800535e-09, 1.0891981761e-09, 1.81015014089e-09, 1.01989372503e-09, 1.52690049493e-09, 4.11269601708e-10, 1.96909447081e-10, 5.89559512321e-11, 7.41761929657e-11, 3.26209094459e-11, 1.80262315491e-11, 1.803287554e-11, 2.01637352648e-11, 1.10138686366e-11, 1.09502034176e-11, 1.77772553622e-11, 4.50015788522e-11, 6.63246749188e-11, 1.70344866685e-11, 6.31449927069e-12, 3.39380129902e-12, 1.41421856864e-12],
        "dvar2": [5.59005115974e-07, 9.79017841019e-07, 2.37350013776e-06, 6.69005430609e-07, 8.81420135102e-07, 1.22368112443e-06, 1.76076002845e-06, 4.6312479185e-07, 5.3631214314e-07, 7.2222678682e-07, 6.06975959272e-07, 4.08816532627e-07, 1.21928394492e-07, 5.95625131439e-08, 6.48669526981e-08, 3.62439820378e-08, 1.76911694183e-08, 4.14635152879e-08, 1.8100282162e-08, 2.59342747277e-09, 4.01514510529e-09, 2.42819364615e-09, 3.60298502144e-09, 8.76807182415e-10, 4.73552308478e-10, 1.48536710709e-10, 1.9529382278e-10, 7.61998589227e-11, 4.16485006205e-11, 4.48076610537e-11, 4.71917886713e-11, 2.62791299138e-11, 2.60597151497e-11, 3.88247489713e-11, 1.1621945073e-10, 1.612846523e-10, 3.70679181794e-11, 1.38636515462e-11, 7.53740646287e-12, 2.94993933794e-12],
        "max": [0.0134892407805, 0.0134845692664, 0.0150111857802, 0.0139874462038, 0.0161977242678, 0.0233191400766, 0.0256534498185, 0.0131408525631, 0.0116754639894, 0.0175362993032, 0.0137027604505, 0.014542655088, 0.00627546804026, 0.00302737462334, 0.00593235017732, 0.00526629760861, 0.00207039271481, 0.00288416910917, 0.00263121677563, 0.000865653913934, 0.00122137891594, 0.000826737261377, 0.00118502660189, 0.000653568888083, 0.000433550012531, 0.000175017863512, 0.000437765789684, 0.000176613830263, 0.000123064528452, 0.000101012788946, 0.000242873633397, 0.000149844927364, 9.1276182502e-05, 7.79717229307e-05, 0.000158533657668, 0.000189886966837, 6.79124495946e-05, 5.59423315281e-05, 3.80367200705e-05, 2.57644169324e-05],
        "mean": [0.000386337080272, 0.000604970497079, 0.000584383611567, 0.00047950775479, 0.000601360632572, 0.000621807470452, 0.000539045315236, 0.000292684300803, 0.000297509221127, 0.000356227450538, 0.000349406385794, 0.000285833317321, 0.000128273299197, 0.000143532946822, 0.000134322879603, 7.3515875556e-05, 5.61750675843e-05, 9.5774550573e-05, 6.84562910465e-05, 2.76555765595e-05, 2.73275782092e-05, 2.41548059421e-05, 2.61578261416e-05, 1.62441338034e-05, 1.3401519027e-05, 9.48783326749e-06, 7.94236802903e-06, 6.89223588779e-06, 4.34973890151e-06, 3.09990991809e-06, 2.50767448051e-06, 2.24978339247e-06, 2.70970008387e-06, 3.26692679664e-06, 3.7171691929e-06, 3.61456159226e-06, 2.59563671534e-06, 1.73056196218e-06, 1.25497444969e-06, 8.92254035989e-07],
        "median": [7.07072249497e-05, 0.000293294375297, 0.000258582353126, 0.000199133588467, 0.000232513120864, 0.000217548978981, 0.000111987501441, 6.62150268909e-05, 7.43599230191e-05, 8.65642214194e-05, 7.97597749624e-05, 5.38377498742e-05, 3.40919286828e-05, 3.63579565601e-05, 3.24100910802e-05, 2.45517203439e-05, 1.55394554895e-05, 1.97359131562e-05, 1.593075649e-05, 1.38980158226e-05, 1.11769459181e-05, 1.00762317743e-05, 8.38570940687e-06, 8.0492318375e-06, 7.11087295713e-06, 6.04541310167e-06, 4.38854067397e-06, 3.92850870412e-06, 2.41906127485e-06, 1.70808516486e-06, 1.32198056235e-06, 1.14281090191e-06, 1.19796163744e-06, 1.36783319249e-06, 1.33123955948e-06, 1.03622141978e-06, 8.47069600241e-07, 6.70973861361e-07, 5.17735145422e-07, 3.55081766656e-07],
        "min": [1.77381101669e-23, 4.59894390375e-24, 1.36046588838e-23, 6.51490915439e-24, 9.35923668388e-24, 1.27952576184e-23, 9.08997557996e-24, 1.63335638355e-23, 1.41536760972e-23, 7.61603078819e-24, 2.16472898724e-23, 1.68002586802e-23, 5.81672859909e-24, 1.13358073569e-23, 1.08683993819e-23, 8.72867649651e-24, 1.7489118844e-23, 7.84940739839e-24, 1.01436428916e-23, 9.91760663209e-24, 1.23281983199e-23, 1.05251131484e-23, 1.03385822542e-23, 9.95035540371e-24, 1.14397279482e-23, 2.01317208349e-23, 1.02124536506e-23, 1.58774981027e-23, 9.57814400736e-24, 9.51436144773e-24, 8.69316276742e-24, 9.67056142899e-24, 9.52490457373e-24, 1.39978397808e-23, 1.14721027998e-23, 9.01043236831e-24, 1.0303987548e-23, 8.86212730699e-24, 8.68526784748e-24, 1.33015138375e-23],
        "var": [6.81466531205e-07, 8.62863714701e-07, 1.19713990898e-06, 7.3108401466e-07, 1.34288632125e-06, 1.52535244524e-06, 1.99874057216e-06, 5.94373148033e-07, 5.21736410519e-07, 8.68623374117e-07, 7.55376106554e-07, 6.03228443197e-07, 1.19362141504e-07, 9.7646172037e-08, 1.1431579594e-07, 3.57722242939e-08, 1.82706347829e-08, 6.52937330869e-08, 3.72532760196e-08, 2.42771758252e-09, 3.72091868428e-09, 2.44338327349e-09, 5.02420816062e-09, 1.06473252437e-09, 3.95490973304e-10, 1.26897825581e-10, 1.42932957137e-10, 8.77491343476e-11, 4.41544821539e-11, 2.44302304081e-11, 3.04809129326e-11, 1.82207842564e-11, 1.90009639967e-11, 2.70183753842e-11, 4.84405744683e-11, 7.25677781754e-11, 2.55705213947e-11, 9.97093380084e-12, 5.0852677104e-12, 2.80737022171e-12]
    },
    "mfcc": {
        "mean": [-627.295959473, 105.951034546, -7.91129779816, 5.14030170441, -1.42003333569, -3.97115206718, -3.92179346085, 2.13962841034, -7.01576042175, 0.963189780712, -6.15037155151, -3.23220825195, -2.77491354942],
        "cov": [[2274.59643555, -481.93170166, 375.902740479, 45.3775253296, 39.5206336975, 191.609909058, 108.727218628, 120.438644409, -7.20432949066, 165.266296387, 32.8126602173, 26.8006744385, 33.5300064087], [-481.93170166, 935.090759277, 22.56848526, 136.594482422, 2.99717283249, -119.521278381, -14.8641042709, -134.606140137, -76.4516830444, -79.6241073608, -31.4432010651, -18.3158912659, 10.0443410873], [375.902740479, 22.56848526, 799.142028809, 237.832290649, 148.581985474, 139.501586914, -26.4632530212, 40.4472465515, -55.7306861877, -10.6091718674, 14.843914032, 69.2418670654, 22.4034938812], [45.3775253296, 136.594482422, 237.832290649, 359.161499023, 129.96812439, 13.4817676544, -39.0884933472, 1.03994250298, -9.99618530273, -24.8557987213, 0.0751032680273, 61.1658363342, 27.5884151459], [39.5206336975, 2.99717283249, 148.581985474, 129.96812439, 189.632995605, 60.3075408936, 17.7012882233, 33.1859016418, 15.1012363434, 9.42938995361, 2.22096514702, 25.5653781891, 12.8078603745], [191.609909058, -119.521278381, 139.501586914, 13.4817676544, 60.3075408936, 276.038146973, 106.279037476, 56.9396400452, 17.5279979706, 51.0475730896, 32.9432640076, -16.4250984192, -0.388473123312], [108.727218628, -14.8641042709, -26.4632530212, -39.0884933472, 17.7012882233, 106.279037476, 192.695251465, 52.1902503967, 16.2461013794, 61.4191474915, 17.0944385529, -28.7854061127, -2.38935875893], [120.438644409, -134.606140137, 40.4472465515, 1.03994250298, 33.1859016418, 56.9396400452, 52.1902503967, 182.940322876, 84.5884094238, 52.4366416931, 14.9673690796, 9.54958534241, 2.70525336266], [-7.20432949066, -76.4516830444, -55.7306861877, -9.99618530273, 15.1012363434, 17.5279979706, 16.2461013794, 84.5884094238, 135.135787964, 56.6796722412, 13.2614488602, -12.8474931717, -15.2575035095], [165.266296387, -79.6241073608, -10.6091718674, -24.8557987213, 9.42938995361, 51.0475730896, 61.4191474915, 52.4366416931, 56.6796722412, 160.177200317, 45.8503570557, -11.392414093, 2.99619698524], [32.8126602173, -31.4432010651, 14.843914032, 0.0751032680273, 2.22096514702, 32.9432640076, 17.0944385529, 14.9673690796, 13.2614488602, 45.8503570557, 103.265586853, 43.2359008789, 14.1757364273], [26.8006744385, -18.3158912659, 69.2418670654, 61.1658363342, 25.5653781891, -16.4250984192, -28.7854061127, 9.54958534241, -12.8474931717, -11.392414093, 43.2359008789, 130.595397949, 62.2940406799], [33.5300064087, 10.0443410873, 22.4034938812, 27.5884151459, 12.8078603745, -0.388473123312, -2.38935875893, 2.70525336266, -15.2575035095, 2.99619698524, 14.1757364273, 62.2940406799, 121.916534424]],
