{
"lowlevel": {
    "average_loudness": 0.675317704678,
    "barkbands_crest": {
        "dmean": 2.63378214836,
        "dmean2": 4.29255580902,
        "dvar": 5.60921287537,
        "dvar2": 13.8245182037,
        "max": 25.8754043579,
        "mean": 10.1399812698,
        "median": 9.38732624054,
        "min": 2.16247653961,
        "var": 19.869430542
    },
    "barkbands_flatness_db": {
        "dmean": 0.0235671699047,
        "dmean2": 0.03423133865,
        "dvar": 0.000474803178804,
        "dvar2": 0.00096593645867,
        "max": 0.362554848194,
        "mean": 0.154428765178,
        "median": 0.152742817998,
        "min": 0.029098527506,
        "var": 0.00272750412114
    },
    "barkbands_kurtosis": {
        "dmean": 3.36442613602,
        "dmean2": 5.29076194763,
        "dvar": 44.831111908,
        "dvar2": 100.410736084,
        "max": 177.682418823,
        "mean": 6.0018863678,
        "median": 2.41370391846,
        "min": -1.96025681496,
        "var": 133.386550903
    },
    "barkbands_skewness": {
        "dmean": 0.567274332047,
        "dmean2": 0.861925184727,
        "dvar": 0.427594810724,
        "dvar2": 0.886363863945,
        "max": 11.5098924637,
        "mean": 1.59131193161,
        "median": 1.36473560333,
        "min": -6.94676589966,
        "var": 2.38309812546
    },
    "barkbands_spread": {
        "dmean": 6.12265300751,
        "dmean2": 9.35992717743,
        "dvar": 69.4173660278,
        "dvar2": 140.223861694,
        "max": 120.436134338,
        "mean": 21.3903064728,
        "median": 16.3491897583,
        "min": 0.939995586872,
        "var": 292.86730957
    },
    "dissonance": {
        "dmean": 0.022210245952,
        "dmean2": 0.0371959172189,
        "dvar": 0.000539585307706,
        "dvar2": 0.00146952876821,
        "max": 0.500000119209,
        "mean": 0.457562565804,
        "median": 0.467187285423,
        "min": 0.214435383677,
        "var": 0.00129445141647
    },
    "dynamic_complexity": 4.17573928833,
    "erbbands_crest": {
        "dmean": 2.85727190971,
        "dmean2": 4.63439559937,
        "dvar": 7.1922416687,
        "dvar2": 17.5164012909,
        "max": 32.3413848877,
        "mean": 9.81923103333,
        "median": 8.6869354248,
        "min": 2.19789385796,
        "var": 22.745256424
    },
    "erbbands_flatness_db": {
        "dmean": 0.0210471302271,
        "dmean2": 0.0296470765024,
        "dvar": 0.000378950324375,
        "dvar2": 0.00070885848254,
        "max": 0.370095044374,
        "mean": 0.176843062043,
        "median": 0.174143254757,
        "min": 0.045968208462,
        "var": 0.00295742182061
    },
    "erbbands_kurtosis": {
        "dmean": 1.38355720043,
        "dmean2": 2.1731402874,
        "dvar": 5.84660577774,
        "dvar2": 13.0804872513,
        "max": 80.7045211792,
        "mean": 1.41862142086,
        "median": 0.304983854294,
        "min": -1.88527083397,
        "var": 16.4065227509
    },
    "erbbands_skewness": {
        "dmean": 0.426303893328,
        "dmean2": 0.644841253757,
        "dvar": 0.196016728878,
        "dvar2": 0.383404046297,
        "max": 7.47841453552,
        "mean": 0.61313188076,
        "median": 0.627318918705,
        "min": -6.05699539185,
        "var": 1.03450143337
    },
    "erbbands_spread": {
        "dmean": 9.08755779266,
        "dmean2": 13.8994989395,
        "dvar": 116.803833008,
        "dvar2": 253.924423218,
        "max": 168.304473877,
        "mean": 40.0065155029,
        "median": 34.8953323364,
        "min": 1.72792601585,
        "var": 583.731994629
    },
    "hfc": {
        "dmean": 7.71265172958,
        "dmean2": 11.1312770844,
        "dvar": 296.753997803,
        "dvar2": 622.302307129,
        "max": 549.339599609,
        "mean": 19.3319778442,
        "median": 10.7236127853,
        "min": 1.11899802126e-16,
        "var": 789.767211914
    },
    "melbands_crest": {
        "dmean": 3.13214468956,
        "dmean2": 5.16684961319,
        "dvar": 7.98652267456,
        "dvar2": 20.2658653259,
        "max": 33.1652946472,
        "mean": 12.8380470276,
        "median": 12.2504148483,
        "min": 1.70856118202,
        "var": 25.6854248047
    },
    "melbands_flatness_db": {
        "dmean": 0.0258792769164,
        "dmean2": 0.0385225340724,
        "dvar": 0.00069590570638,
        "dvar2": 0.00137542758603,
        "max": 0.436386615038,
        "mean": 0.18815369904,
        "median": 0.188770011067,
        "min": 0.00283576035872,
        "var": 0.00527805276215
    },
    "melbands_kurtosis": {
        "dmean": 7.8401889801,
        "dmean2": 12.362490654,
        "dvar": 241.573120117,
        "dvar2": 570.209716797,
        "max": 419.455749512,
        "mean": 17.6207313538,
        "median": 7.45424079895,
        "min": -1.90986680984,
        "var": 981.623352051
    },
    "melbands_skewness": {
        "dmean": 0.732270181179,
        "dmean2": 1.12707912922,
        "dvar": 0.707967817783,
        "dvar2": 1.57471883297,
        "max": 16.6477413177,
        "mean": 2.60729694366,
        "median": 2.12650322914,
        "min": -3.3701403141,
        "var": 4.79071235657
    },
    "melbands_spread": {
        "dmean": 8.06418228149,
        "dmean2": 12.4096441269,
        "dvar": 197.6847229,
        "dvar2": 417.392059326,
        "max": 266.218170166,
        "mean": 25.1551647186,
        "median": 18.0860424042,
        "min": 0.852600872517,
        "var": 632.287902832
    },
    "pitch_salience": {
        "dmean": 0.0686599910259,
        "dmean2": 0.111080870032,
        "dvar": 0.00386511674151,
        "dvar2": 0.00949680246413,
        "max": 0.935223519802,
        "mean": 0.579327106476,
        "median": 0.580996155739,
        "min": 0.0910955816507,
        "var": 0.0164414923638
    },
    "silence_rate_20dB": {
        "dmean": 0,
        "dmean2": 0,
        "dvar": 0,
        "dvar2": 0,
        "max": 1,
        "mean": 1,
        "median": 1,
        "min": 1,
        "var": 0
    },
    "silence_rate_30dB": {
        "dmean": 0.00396756920964,
        "dmean2": 0.00793582294136,
        "dvar": 0.00395144894719,
        "dvar2": 0.00994273275137,
        "max": 1,
        "mean": 0.996636509895,
        "median": 1,
        "min": 0,
        "var": 0.00335231842473
    },
    "silence_rate_60dB": {
        "dmean": 0.0427807494998,
        "dmean2": 0.0855688750744,
        "dvar": 0.0409512668848,
        "dvar2": 0.0910149440169,
        "max": 1,
        "mean": 0.135834410787,
        "median": 0,
        "min": 0,
        "var": 0.117370851338
    },
    "spectral_centroid": {
        "dmean": 273.447387695,
        "dmean2": 411.116790771,
        "dvar": 130603.898438,
        "dvar2": 236936.078125,
        "max": 11194.1601562,
        "mean": 1413.4588623,
        "median": 1205.75476074,
        "min": 236.520324707,
        "var": 714269.4375
    },
    "spectral_complexity": {
        "dmean": 3.10246682167,
        "dmean2": 4.62917280197,
        "dvar": 15.3701896667,
        "dvar2": 28.0531387329,
        "max": 64,
        "mean": 13.7785253525,
        "median": 11,
        "min": 0,
        "var": 87.6094894409
    },
    "spectral_decrease": {
        "dmean": 1.69096292524e-09,
        "dmean2": 2.58342147674e-09,
        "dvar": 7.23510645408e-18,
        "dvar2": 1.5198575216e-17,
        "max": 1.29611173212e-28,
        "mean": -4.62763694031e-09,
        "median": -3.14767700793e-09,
        "min": -5.71174680886e-08,
        "var": 2.23719599343e-17
    },
    "spectral_energy": {
        "dmean": 0.0069209523499,
        "dmean2": 0.010539745912,
        "dvar": 0.000118668285722,
        "dvar2": 0.000250506214797,
        "max": 0.235349610448,
        "mean": 0.0192191898823,
        "median": 0.0132177118212,
        "min": 1.05188059088e-20,
        "var": 0.000375213799998
    },
    "spectral_energyband_high": {
        "dmean": 0.000638194964267,
        "dmean2": 0.000905323133338,
        "dvar": 5.29474391442e-06,
        "dvar2": 1.02459534901e-05,
        "max": 0.0985209867358,
        "mean": 0.00115238956641,
        "median": 0.00031914759893,
        "min": 7.1919266826e-21,
        "var": 1.10482515083e-05
    },
    "spectral_energyband_low": {
        "dmean": 0.00200151489116,
        "dmean2": 0.00332158827223,
        "dvar": 2.34442322835e-05,
        "dvar2": 6.18757185293e-05,
        "max": 0.0793128609657,
        "mean": 0.00398995168507,
        "median": 0.00104428792838,
        "min": 1.58477722461e-23,
        "var": 4.68652688141e-05
    },
    "spectral_energyband_middle_high": {
        "dmean": 0.00176045496482,
        "dmean2": 0.00264681805857,
        "dvar": 1.17454474093e-05,
        "dvar2": 2.57604824583e-05,
        "max": 0.0931864827871,
        "mean": 0.00436138920486,
        "median": 0.00175156549085,
        "min": 1.31307470347e-21,
        "var": 4.53149114037e-05
    },
    "spectral_energyband_middle_low": {
        "dmean": 0.00461216177791,
        "dmean2": 0.00702374754474,
        "dvar": 7.54672000767e-05,
        "dvar2": 0.000154909619596,
        "max": 0.193447098136,
        "mean": 0.0100849820301,
        "median": 0.00468672672287,
        "min": 1.48073016308e-22,
        "var": 0.000198943700525
    },
    "spectral_entropy": {
        "dmean": 0.171035334468,
        "dmean2": 0.247631773353,
        "dvar": 0.0297422166914,
        "dvar2": 0.0553007163107,
        "max": 9.81947422028,
        "mean": 7.60437345505,
        "median": 7.60932826996,
        "min": 5.74458551407,
        "var": 0.218168765306
    },
    "spectral_flux": {
        "dmean": 0.0202339142561,
        "dmean2": 0.0318311452866,
        "dvar": 0.000649376714136,
        "dvar2": 0.00145690131467,
        "max": 0.385010898113,
        "mean": 0.0716431960464,
        "median": 0.0606231875718,
        "min": 6.53491358249e-11,
        "var": 0.00221871840768
    },
    "spectral_kurtosis": {
        "dmean": 1.31980979443,
        "dmean2": 2.24585103989,
        "dvar": 2.69491791725,
        "dvar2": 7.88347768784,
        "max": 42.3376617432,
        "mean": 3.07870912552,
        "median": 2.51806020737,
        "min": -1.26674389839,
        "var": 8.7852935791
    },
    "spectral_rms": {
        "dmean": 0.000709816406015,
        "dmean2": 0.00105995626654,
        "dvar": 7.40462439808e-07,
        "dvar2": 1.47610217027e-06,
        "max": 0.0151528669521,
        "mean": 0.00384698295966,
        "median": 0.00359100662172,
        "min": 3.20347459497e-12,
        "var": 3.95118740926e-06
    },
    "spectral_rolloff": {
        "dmean": 578.312805176,
        "dmean2": 955.419311523,
        "dvar": 1308323.25,
        "dvar2": 2735848.75,
        "max": 19186.0839844,
        "mean": 1811.52099609,
        "median": 1119.7265625,
        "min": 43.06640625,
        "var": 4010177.25
    },
    "spectral_skewness": {
        "dmean": 0.213235259056,
        "dmean2": 0.338055849075,
        "dvar": 0.047068554908,
        "dvar2": 0.111141033471,
        "max": 4.96936130524,
        "mean": 1.33234751225,
        "median": 1.33161556721,
        "min": -1.00909340382,
        "var": 0.276082545519
    },
    "spectral_spread": {
        "dmean": 622404.4375,
        "dmean2": 863324.6875,
        "dvar": 640406716416,
        "dvar2": 1.09003354931e+12,
        "max": 41499628,
        "mean": 5037488,
        "median": 4605207.5,
        "min": 1409033,
        "var": 4.06534199706e+12
    },
    "spectral_strongpeak": {
        "dmean": 0.559499084949,
        "dmean2": 0.918060481548,
        "dvar": 0.740228533745,
        "dvar2": 1.80754780769,
        "max": 13.8226337433,
        "mean": 1.0557769537,
        "median": 0.587148189545,
        "min": 0,
        "var": 1.61631834507
    },
    "zerocrossingrate": {
        "dmean": 0.0128332814202,
        "dmean2": 0.0143960202113,
        "dvar": 0.000293316406896,
        "dvar2": 0.000294320867397,
        "max": 0.82080078125,
        "mean": 0.0724812746048,
        "median": 0.05859375,
        "min": 0.005859375,
        "var": 0.00253054639325
    },
    "barkbands": {
        "dmean": [8.21573412395e-05, 0.0014452530304, 0.000691186753102, 0.000441636046162, 0.00164927309379, 0.00112735654693, 0.00124362274073, 0.00101124169305, 0.00114113779273, 0.000542974739801, 0.000388766522519, 0.000407559418818, 0.000302825530525, 0.000328074791469, 0.000256991421338, 0.000197622022824, 0.000155842353706, 0.000106352919829, 0.00012060401059, 0.000145136596984, 0.000153753135237, 0.000162945900229, 0.000136141723488, 0.000108051579446, 7.49259925215e-05, 3.27966699842e-05, 5.67180897804e-08],
        "dmean2": [0.000138813469675, 0.00244739791378, 0.00114619999658, 0.000754589505959, 0.00265980837867, 0.00178758485708, 0.001981258858, 0.00157891807612, 0.00179687642958, 0.000850522192195, 0.000624103355221, 0.000626798544545, 0.000482282426674, 0.000523513823282, 0.000410507200286, 0.000315421930281, 0.000254067243077, 0.000171140083694, 0.0001907646365, 0.000227492084377, 0.000238068125327, 0.000242628782871, 0.000206479948247, 0.000161127274623, 0.000108014508442, 4.62432290078e-05, 1.00416372106e-07],
        "dvar": [3.43604291686e-08, 1.31886909003e-05, 3.69992335436e-06, 1.88119759059e-06, 1.27339408209e-05, 1.13589721877e-05, 1.94047461264e-05, 1.25890301206e-05, 1.18876041597e-05, 2.4758599011e-06, 1.16443493425e-06, 2.20653623728e-06, 9.68880272012e-07, 1.19888136396e-06, 7.5403977462e-07, 3.7618889337e-07, 2.0679809154e-07, 2.00496543812e-07, 1.84923919733e-07, 2.36807025544e-07, 7.66151117659e-07, 8.12629536995e-07, 2.7802650493e-07, 1.45050876199e-07, 4.55289850265e-08, 8.44577296988e-09, 4.56156684962e-14],
        "dvar2": [9.34137531772e-08, 3.5683522583e-05, 9.47745775193e-06, 5.04641639054e-06, 3.15199868055e-05, 2.68473449978e-05, 4.25588914368e-05, 2.82698183582e-05, 2.82910641545e-05, 5.55751239517e-06, 2.87379134534e-06, 4.66884375783e-06, 2.08989740713e-06, 2.65504240815e-06, 1.80829522378e-06, 8.93584058304e-07, 5.11452697083e-07, 5.04242848365e-07, 4.02535192734e-07, 5.78129174755e-07, 1.57568069881e-06, 1.58897546498e-06, 6.03745718308e-07, 3.1961667446e-07, 9.5075478157e-08, 1.656671067e-08, 1.33584224411e-13],
        "max": [0.00459074461833, 0.0584078356624, 0.0402568951249, 0.0410248711705, 0.0774585753679, 0.115941479802, 0.152572989464, 0.0964851751924, 0.0733285471797, 0.03506731987, 0.0305581539869, 0.0736932009459, 0.0357401296496, 0.0541408024728, 0.0475034825504, 0.0217746067792, 0.0155419474468, 0.0330043137074, 0.0202846415341, 0.0167906098068, 0.0426265448332, 0.0437270887196, 0.0213616397232, 0.012916023843, 0.00529969716445, 0.00317203230225, 9.27849760046e-06],
        "mean": [0.00011349045235, 0.00259253382683, 0.00102681911085, 0.000521278532688, 0.00277472031303, 0.00172540964559, 0.00173129537143, 0.00143772223964, 0.00165150733665, 0.000849584641401, 0.000598250248004, 0.00067535659764, 0.000451867497759, 0.00049767177552, 0.000387688545743, 0.000309680763166, 0.000239002692979, 0.000161944961292, 0.000199385598535, 0.000238953405642, 0.000225859956117, 0.00024898184347, 0.000210543323192, 0.000189621030586, 0.000116695686302, 4.32612396253e-05, 7.36090797204e-08],
        "median": [1.68406877492e-05, 0.00036600625026, 0.000265443173703, 0.00015845776943, 0.00069612369407, 0.000364558945876, 0.000319680257235, 0.000192205116036, 0.000248044729233, 0.000116532391985, 9.94574875222e-05, 8.33202866488e-05, 7.56279478082e-05, 8.44771057018e-05, 7.77350214776e-05, 7.13155750418e-05, 5.15915307915e-05, 5.68396208109e-05, 6.19428756181e-05, 6.5223830461e-05, 6.31782604614e-05, 5.54934777028e-05, 4.31243206549e-05, 3.63839935744e-05, 1.4010913219e-05, 6.20451373834e-07, 1.12424680676e-09],
        "min": [8.68895577221e-25, 7.36609125442e-24, 2.00077272834e-24, 3.534464859e-24, 9.9335794877e-24, 1.82892020844e-23, 1.78143882833e-23, 2.05463524376e-23, 1.00683492736e-23, 1.64010256424e-23, 3.68766440781e-23, 3.20795588253e-23, 4.43036306612e-23, 3.51162883463e-23, 7.2060758685e-23, 3.24282858325e-23, 4.29573732622e-23, 1.26753741111e-22, 2.08605557361e-22, 2.15790313159e-22, 3.27627944108e-22, 3.88526491378e-22, 4.97333104159e-22, 6.81098315139e-22, 9.56233106963e-22, 1.5044577612e-21, 2.30100401441e-21],
        "var": [5.45950271658e-08, 2.45216724579e-05, 4.6282243602e-06, 1.71788769876e-06, 2.87601415039e-05, 1.8798165911e-05, 2.77164581348e-05, 2.18881159526e-05, 2.07712582778e-05, 5.6051435422e-06, 2.42991586674e-06, 5.26258008904e-06, 1.95281677406e-06, 2.42707733378e-06, 1.17625415896e-06, 6.48934644687e-07, 3.84358202155e-07, 2.14473814708e-07, 3.37066410339e-07, 3.9230820903e-07, 1.06545121525e-06, 1.39376186326e-06, 5.01818874454e-07, 3.62292070122e-07, 1.23494146465e-07, 2.00131093919e-08, 4.73183910674e-14]
    },
    "erbbands": {
        "dmean": [0.0429783351719, 0.337681382895, 0.76711577177, 1.11238753796, 2.60190224648, 6.98280906677, 8.4158706665, 9.27810287476, 15.3844051361, 20.6624584198, 23.5874977112, 23.7908878326, 17.8365497589, 16.4519882202, 13.648724556, 15.8500061035, 13.4556732178, 16.7458553314, 13.8901166916, 11.8752861023, 9.67132472992, 7.99112844467, 5.76110696793, 5.63826656342, 6.69024610519, 6.73463058472, 5.99181747437, 6.01310873032, 6.00341320038, 5.15602254868, 3.63637852669, 2.37271261215, 1.79212069511, 0.95649933815, 0.501617848873, 0.202195495367, 0.0523267798126, 0.00316302035935, 7.03989862814e-05, 1.2056030755e-05],
        "dmean2": [0.073143132031, 0.566822111607, 1.26675057411, 1.85064411163, 4.38151884079, 11.1706628799, 13.1279029846, 14.7038621902, 24.1377830505, 32.6108703613, 36.7487411499, 36.868473053, 27.8838977814, 25.968372345, 21.4089565277, 24.3662281036, 20.7123260498, 26.3947811127, 22.1318321228, 18.8488292694, 15.230846405, 12.9714956284, 9.27434921265, 8.96867465973, 10.4897279739, 10.5905580521, 9.11204051971, 9.29369735718, 8.91808891296, 7.82800292969, 5.4565038681, 3.55803608894, 2.66937041283, 1.41349577904, 0.72937899828, 0.2886967659, 0.073790743947, 0.00452865939587, 9.88076571957e-05, 1.74869110197e-05],
        "dvar": [0.0111123174429, 0.751903414726, 4.26629543304, 11.160533905, 51.5704498291, 263.553009033, 415.112243652, 942.802734375, 4280.27929688, 4546.92041016, 6671.33496094, 6008.02783203, 2030.89941406, 2494.30737305, 1283.61694336, 3794.58203125, 2029.72241211, 3327.48974609, 2724.92993164, 1293.90576172, 708.178955078, 450.769226074, 628.060852051, 392.028778076, 545.358642578, 552.050476074, 860.32623291, 1252.56213379, 1144.87353516, 698.429382324, 180.722244263, 69.6516036987, 41.8471908569, 8.09107780457, 2.42258358002, 0.33740234375, 0.0234687700868, 9.55149371293e-05, 3.89813799018e-08, 4.40172176486e-10],
        "dvar2": [0.0307997837663, 2.01079678535, 11.1071710587, 29.1487407684, 137.645339966, 639.742126465, 993.337158203, 2065.765625, 8884.99023438, 9771.4765625, 15141.2421875, 14049.4521484, 4722.54345703, 5755.73730469, 3186.72949219, 8469.00097656, 4096.69824219, 7293.86962891, 6481.06347656, 3061.81738281, 1710.82324219, 1167.52709961, 1555.17932129, 997.364440918, 1191.63977051, 1372.62463379, 1783.88195801, 2581.72973633, 2351.72387695, 1397.36889648, 380.824890137, 155.181182861, 93.9200592041, 17.4234466553, 5.3555893898, 0.696155428886, 0.0452293977141, 0.000181083116331, 7.32754585897e-08, 8.99240570895e-10],
        "max": [1.73865544796, 14.2533540726, 38.5777435303, 105.471336365, 166.125076294, 430.051025391, 420.959228516, 1157.54199219, 2726.1315918, 1933.06811523, 2114.53540039, 1874.97546387, 940.994873047, 1673.66394043, 866.47644043, 2702.66162109, 1975.50842285, 3258.76245117, 3082.24462891, 977.855163574, 783.59375, 552.572570801, 1910.42431641, 629.035522461, 1233.22827148, 843.559143066, 1318.32775879, 1733.46032715, 1919.28430176, 1482.85046387, 446.414825439, 273.977630615, 211.004928589, 86.9662628174, 47.5781517029, 20.5634002686, 6.53580331802, 0.513315618038, 0.00952824298292, 0.000560273707379],
        "mean": [0.0726964697242, 0.583380520344, 1.21213924885, 1.58122706413, 3.45614790916, 11.3640756607, 14.7318563461, 13.9547672272, 21.8609981537, 29.6386699677, 34.7431182861, 34.4461669922, 29.2817611694, 27.7215709686, 23.9079475403, 26.3212184906, 22.0725898743, 26.610906601, 21.6156768799, 19.4655094147, 16.3595848083, 13.0031681061, 9.16689777374, 9.28126335144, 11.2993783951, 11.3982038498, 9.19600582123, 8.83725547791, 9.00332546234, 7.58550024033, 5.75306892395, 4.20514345169, 2.98621845245, 1.53753519058, 0.722457170486, 0.273127555847, 0.0660560950637, 0.00393817946315, 0.000101897254353, 3.06164001813e-05],
        "median": [0.00768396630883, 0.0874158814549, 0.310964465141, 0.588201284409, 1.06697535515, 2.34551978111, 2.66202354431, 3.34419035912, 4.50366020203, 5.55250597, 5.05164432526, 6.00323534012, 5.61876869202, 4.86914873123, 4.93960666656, 3.98311233521, 4.25330448151, 4.92441749573, 4.5852355957, 4.53221082687, 4.18791246414, 3.17709970474, 3.21249055862, 3.19352507591, 3.26740670204, 3.14734721184, 2.69655895233, 2.31688189507, 2.0258538723, 1.5809429884, 1.18894731998, 0.884317040443, 0.512226164341, 0.217979133129, 0.0517895594239, 0.00859675649554, 0.000637425226159, 0.000115902454127, 1.78806749318e-05, 1.86741217476e-05],
        "min": [8.04672202117e-23, 1.91460727078e-21, 2.99337074689e-21, 1.3276579219e-20, 3.23244573486e-20, 3.55083498433e-20, 1.609694506e-19, 8.46501806828e-20, 1.55545653173e-19, 3.51714353024e-19, 3.54634326436e-19, 2.06465108074e-19, 7.9737739848e-19, 1.19120460216e-18, 3.41658432055e-18, 1.65200479434e-18, 2.19379175874e-18, 2.04628167408e-18, 4.63996831649e-18, 4.14284641683e-18, 3.85284227074e-18, 3.62884465599e-18, 6.04659556558e-18, 1.10806707762e-17, 8.4047497664e-18, 1.04423859555e-17, 1.08154212507e-17, 1.60985096722e-17, 1.17363561683e-17, 1.44107965248e-17, 1.26034176397e-17, 1.33101400755e-17, 1.21783882527e-17, 1.02860140782e-17, 7.27606512929e-18, 4.74829671669e-18, 2.75086274612e-18, 1.00149114227e-18, 3.13551186392e-19, 3.16992154343e-20],
        "var": [0.0175463557243, 1.39389121532, 5.70928955078, 11.5009450912, 57.7274703979, 622.389892578, 1006.79827881, 1495.78735352, 6411.77050781, 7348.09472656, 12006.2177734, 9831.73339844, 4492.21386719, 5711.39453125, 3102.94238281, 7709.26416016, 4509.92382812, 7449.94824219, 4004.50097656, 2422.28344727, 1350.53112793, 858.211364746, 681.81463623, 544.704772949, 972.956848145, 924.862854004, 1210.92358398, 1857.44873047, 1829.28430176, 1144.94262695, 355.889923096, 172.956542969, 95.7562332153, 20.9819412231, 5.48256206512, 0.763217687607, 0.0551668815315, 0.000221994123422, 9.68229514342e-08, 1.33765232224e-09]
    },
    "gfcc": {
        "mean": [-37.8637428284, 87.7265777588, -131.056762695, 37.4538383484, -78.8600616455, 15.5600585938, -39.4749031067, 3.68519735336, -17.3047504425, -1.48270738125, -9.06198501587, -6.5330619812, -3.61607027054],
        "cov": [[6225.94873047, -985.138183594, 99.807800293, 74.604637146, -317.472015381, 550.598876953, -357.079833984, 511.383178711, -232.819061279, 340.52911377, -159.668395996, 175.750305176, -6.75241088867], [-985.138183594, 1809.71801758, -92.8785934448, 190.292526245, 150.58631897, -294.524047852, 286.34197998, -298.259552002, 349.043731689, -324.969848633, 301.083587646, -252.771362305, 138.910247803], [99.807800293, -92.8785934448, 1910.30444336, 480.856658936, 180.424026489, 173.219482422, -62.6796226501, 215.786575317, -152.144790649, 200.000564575, -189.08215332, 223.533203125, -149.933319092], [74.604637146, 190.292526245, 480.856658936, 895.593505859, 135.129470825, 46.2467918396, 40.902141571, 17.0521183014, 171.934082031, -69.6398696899, 53.8349571228, -42.0214881897, 82.6151733398], [-317.472015381, 150.58631897, 180.424026489, 135.129470825, 335.054992676, 21.0161399841, 91.0101165771, 15.3773365021, 34.6734161377, 25.3178958893, -26.8721923828, 32.4129905701, -32.2439422607], [550.598876953, -294.524047852, 173.219482422, 46.2467918396, 21.0161399841, 503.59085083, 46.5663719177, 196.022186279, -55.4983444214, 68.0581207275, 6.16663408279, 8.64024734497, 16.4376659393], [-357.079833984, 286.34197998, -62.6796226501, 40.902141571, 91.0101165771, 46.5663719177, 320.224182129, -23.9270019531, 103.083045959, -58.3738517761, 81.7761154175, -38.6128921509, -4.95618867874], [511.383178711, -298.259552002, 215.786575317, 17.0521183014, 15.3773365021, 196.022186279, -23.9270019531, 311.484039307, -25.8372344971, 108.029792786, -49.3539237976, 56.7016334534, 4.21652650833], [-232.819061279, 349.043731689, -152.144790649, 171.934082031, 34.6734161377, -55.4983444214, 103.083045959, -25.8372344971, 261.607696533, -73.5484924316, 97.516746521, -87.7321548462, 55.7121315002], [340.52911377, -324.969848633, 200.000564575, -69.6398696899, 25.3178958893, 68.0581207275, -58.3738517761, 108.029792786, -73.5484924316, 216.779541016, -60.5897026062, 89.6972122192, -58.9407501221], [-159.668395996, 301.083587646, -189.08215332, 53.8349571228, -26.8721923828, 6.16663408279, 81.7761154175, -49.3539237976, 97.516746521, -60.5897026062, 203.132476807, -72.2415771484, 78.2368850708], [175.750305176, -252.771362305, 223.533203125, -42.0214881897, 32.4129905701, 8.64024734497, -38.6128921509, 56.7016334534, -87.7321548462, 89.6972122192, -72.2415771484, 166.699798584, -44.0833930969], [-6.75241088867, 138.910247803, -149.933319092, 82.6151733398, -32.2439422607, 16.4376659393, -4.95618867874, 4.21652650833, 55.7121315002, -58.9407501221, 78.2368850708, -44.0833930969, 147.22517395]],
        "icov": [[0.000257545529166, -0.000204712385312, 0.000218020475586, -0.000263624358922, 0.000383262522519, -0.000293740886264, 0.000222296628635, -0.000325161381625, 0.000201571412617, -0.000376634474378, 0.00023701324244, -0.00036108828499, 0.000247324845986], [-0.000204712385312, 0.00212711165659, -0.00107523030601, 0.00103941687848, -0.00137795100454, 0.00111576693598, -0.000708711857442, 0.00100361881778, -0.00138107896782, 0.00176949787419, -0.00184798880946, 0.00201053195633, -0.00135852780659], [0.000218020475586, -0.00107523030601, 0.00158807600383, -0.00134517275728, 0.000735290814191, -0.000723034143448, 0.000421078148065, -0.000958289077971, 0.00122304516844, -0.00120948778931, 0.00110706558917, -0.00181302672718, 0.00160181045067], [-0.000263624358922, 0.00103941687848, -0.00134517275728, 0.00262781023048, -0.0013950006105, 0.00044440725469, -9.48490560404e-05, 0.000912222079933, -0.00205916422419, 0.00153556512669, -0.00095562194474, 0.00141024764162, -0.00189770292491], [0.000383262522519, -0.00137795100454, 0.000735290814191, -0.0013950006105, 0.0049842200242, -0.000950919173192, -0.000635292322841, -0.000675198156387, 0.000541900051758, -0.00191490945872, 0.00208620191552, -0.00209513562731, 0.00133738806471], [-0.000293740886264, 0.00111576693598, -0.000723034143448, 0.00044440725469, -0.000950919173192, 0.00380727206357, -0.00133924756665, -0.00122799887322, 0.000620556937065, 0.000672220776323, -0.0015467958292, 0.00215724552982, -0.00119297869969], [0.000222296628635, -0.000708711857442, 0.000421078148065, -9.48490560404e-05, -0.000635292322841, -0.00133924756665, 0.00508873024955, -0.000370279536583, -0.00107243971433, 0.000653428491205, -0.00112973025534, -0.00120808545034, 0.00225926935673], [-0.000325161381625, 0.00100361881778, -0.000958289077971, 0.000912222079933, -0.000675198156387, -0.00122799887322, -0.000370279536583, 0.00629859277979, -0.0019942142535, -0.000933004252147, 0.000495597254485, 0.000372586102458, -0.00242397096008], [0.000201571412617, -0.00138107896782, 0.00122304516844, -0.00205916422419, 0.000541900051758, 0.000620556937065, -0.00107243971433, -0.0019942142535, 0.00809810496867, -0.00122057064436, -0.000334374519298, 0.000769301666878, 0.000638724071905], [-0.000376634474378, 0.00176949787419, -0.00120948778931, 0.00153556512669, -0.00191490945872, 0.000672220776323, 0.000653428491205, -0.000933004252147, -0.00122057064436, 0.0096219656989, -0.00245816959068, -0.000674334994983, 0.00119238812476], [0.00023701324244, -0.00184798880946, 0.00110706558917, -0.00095562194474, 0.00208620191552, -0.0015467958292, -0.00112973025534, 0.000495597254485, -0.000334374519298, -0.00245816959068, 0.0101831667125, -0.000624064996373, -0.00246033794247], [-0.00036108828499, 0.00201053195633, -0.00181302672718, 0.00141024764162, -0.00209513562731, 0.00215724552982, -0.00120808545034, 0.000372586102458, 0.000769301666878, -0.000674334994983, -0.000624064996373, 0.0120959673077, -0.0019099030178], [0.000247324845986, -0.00135852780659, 0.00160181045067, -0.00189770292491, 0.00133738806471, -0.00119297869969, 0.00225926935673, -0.00242397096008, 0.000638724071905, 0.00119238812476, -0.00246033794247, -0.0019099030178, 0.0123244384304]]
    },
    "melbands": {
        "dmean": [0.000390160828829, 0.000402469653636, 0.000212745464523, 0.000328482215991, 0.000306134490529, 0.000213653998799, 0.000233362807194, 0.000222984541324, 0.000204855547054, 0.000145613856148, 8.99642836885e-05, 6.94610207574e-05, 5.09453857376e-05, 4.44426623289e-05, 3.8252241211e-05, 2.99139264825e-05, 3.31684532284e-05, 2.41123616433e-05, 1.7816271793e-05, 1.51163903865e-05, 1.15622469821e-05, 9.21920309338e-06, 6.40520556772e-06, 5.25620316694e-06, 4.78723040942e-06, 5.17926719112e-06, 5.43423084309e-06, 4.53690472568e-06, 3.71937312593e-06, 4.23714209319e-06, 3.47335503648e-06, 3.50436516783e-06, 3.4421223063e-06, 2.87027569357e-06, 2.27453847401e-06, 1.73729927155e-06, 1.47041146192e-06, 1.37855056437e-06, 1.10245662199e-06, 7.58866974593e-07],
        "dmean2": [0.000663078855723, 0.000661182391923, 0.000352007715264, 0.00053249951452, 0.000477050663903, 0.000339045160217, 0.000366378255421, 0.00035044492688, 0.000323259708239, 0.00022614657064, 0.000141175332828, 0.000109477688966, 8.05435847724e-05, 6.77805146552e-05, 5.9215217334e-05, 4.69403530587e-05, 5.26075345988e-05, 3.85960265703e-05, 2.81436186924e-05, 2.42018886638e-05, 1.84188047569e-05, 1.49769048221e-05, 1.05557510324e-05, 8.49521711643e-06, 7.73965075496e-06, 8.27261192171e-06, 8.71654810908e-06, 7.19258650861e-06, 5.67529104956e-06, 6.74798684486e-06, 5.40679229744e-06, 5.34632818017e-06, 5.27511110704e-06, 4.52369977211e-06, 3.46106503457e-06, 2.64567870545e-06, 2.24423865802e-06, 2.0827010303e-06, 1.67272810359e-06, 1.14267561457e-06],
        "dvar": [9.30807971145e-07, 1.05284345864e-06, 3.67222554587e-07, 5.93479683175e-07, 4.47238477363e-07, 4.82919688238e-07, 8.15468524706e-07, 5.16611180501e-07, 4.97251733123e-07, 2.02869372856e-07, 5.33829123128e-08, 4.58689726202e-08, 1.90414954915e-08, 2.07224370996e-08, 2.87483317152e-08, 1.05953281704e-08, 1.46025156411e-08, 8.48643733065e-09, 2.81239209698e-09, 2.69441624567e-09, 1.15068909956e-09, 6.53050280519e-10, 4.40975506111e-10, 6.40705100086e-10, 3.08811420879e-10, 5.26705734583e-10, 2.93255225658e-10, 2.60955923537e-10, 2.82587730993e-10, 7.09909964147e-10, 3.68392344408e-10, 3.7830699684e-10, 3.87234855292e-10, 2.0054195804e-10, 7.76078576403e-11, 3.47076221929e-11, 3.01019001392e-11, 2.77360027306e-11, 1.26498273662e-11, 4.96974249947e-12],
        "dvar2": [2.53160260399e-06, 2.77625395029e-06, 9.23885579596e-07, 1.49150218931e-06, 1.06433697056e-06, 1.05442336462e-06, 1.70113764852e-06, 1.09887423605e-06, 1.14413705887e-06, 4.71779600275e-07, 1.24127282675e-07, 1.04519166655e-07, 4.75926036358e-08, 4.37437179812e-08, 5.79630103914e-08, 2.4097557727e-08, 3.23361533106e-08, 2.02177918851e-08, 6.64581634169e-09, 6.31938545936e-09, 2.75926481663e-09, 1.67220137737e-09, 1.08922004749e-09, 1.64083968635e-09, 8.11058609163e-10, 1.15757081698e-09, 7.28381854831e-10, 6.39911346134e-10, 6.14524708897e-10, 1.48761314378e-09, 7.68212493618e-10, 7.8910006307e-10, 7.85622067401e-10, 4.36879782351e-10, 1.64023405969e-10, 7.86553530641e-11, 6.91854559753e-11, 6.34761063156e-11, 2.91617494041e-11, 1.10500948669e-11],
        "max": [0.0162494834512, 0.0167222041637, 0.0187477208674, 0.0192600060254, 0.0128493243828, 0.0269423164427, 0.0370488911867, 0.0230615939945, 0.016699347645, 0.0104483952746, 0.00482694525272, 0.00686520431191, 0.00410563359037, 0.00513176014647, 0.0106997080147, 0.00458255270496, 0.00684253312647, 0.00520877167583, 0.0013036087621, 0.00210099527612, 0.0010524430545, 0.000749362166971, 0.000778170244303, 0.00196902523749, 0.000616959121544, 0.00121184287127, 0.000478985806694, 0.000561571563594, 0.000601729145274, 0.00146157096606, 0.000802434689831, 0.00114714598749, 0.00113296846393, 0.000689967302606, 0.000301506661344, 0.000233643804677, 0.000209831821849, 0.00019909501134, 0.000106899758975, 6.91499808454e-05],
        "mean": [0.000697901996318, 0.00070377526572, 0.000310386792989, 0.000512069440447, 0.000550337135792, 0.000327101850417, 0.000331944989739, 0.000321479892591, 0.000295031699352, 0.000211338672671, 0.000144375997479, 0.000112954825454, 8.20411150926e-05, 7.48984894017e-05, 5.91587595409e-05, 4.51280720881e-05, 4.96165448567e-05, 3.46912929672e-05, 2.72410106845e-05, 2.35347233684e-05, 1.82048188435e-05, 1.39734902405e-05, 9.59140561463e-06, 7.74846466811e-06, 7.24250412532e-06, 8.07404649095e-06, 8.49144089443e-06, 7.25300697013e-06, 5.44431031813e-06, 5.72664521314e-06, 4.9342957027e-06, 5.13427630722e-06, 4.7706080295e-06, 4.02365822083e-06, 3.3740930121e-06, 2.85299597635e-06, 2.48452533924e-06, 2.18393165596e-06, 1.72444345026e-06, 1.14695933462e-06],
        "median": [8.91509844223e-05, 0.000169778839336, 0.000122949204524, 0.000129837251734, 0.000106792656879, 7.55650762585e-05, 6.91743771313e-05, 5.3925170505e-05, 3.6591951357e-05, 3.38338541042e-05, 2.38087013713e-05, 1.62334472407e-05, 1.5248496311e-05, 9.60168017627e-06, 8.68355436978e-06, 7.65440290706e-06, 8.00546786195e-06, 6.3256006797e-06, 5.579772278e-06, 5.10524068886e-06, 4.22201355832e-06, 3.05445882987e-06, 2.78351831184e-06, 2.61729223894e-06, 2.35225729739e-06, 2.27666146202e-06, 2.18605305236e-06, 1.893680178e-06, 1.5262804709e-06, 1.46328818573e-06, 1.16853493637e-06, 1.13841065286e-06, 9.66311176853e-07, 7.96966958205e-07, 6.6145355504e-07, 5.83108658248e-07, 4.76403414496e-07, 3.56762484444e-07, 2.70180436246e-07, 1.43512764339e-07],
        "min": [1.40233633754e-24, 1.97020456548e-24, 2.32873080285e-24, 2.33426426767e-24, 6.16200867857e-24, 2.22973743671e-24, 2.73671783011e-24, 3.18285200139e-24, 2.26148179118e-24, 1.43404164339e-24, 3.7477692979e-24, 3.54611751786e-24, 8.8245814722e-24, 5.19474175204e-24, 4.28270297748e-24, 5.01261467384e-24, 3.22426798778e-24, 6.32894821219e-24, 5.12125304783e-24, 4.83550593428e-24, 4.20492010893e-24, 2.65343127625e-24, 5.90552238815e-24, 5.2450698945e-24, 9.49273719259e-24, 5.46329958646e-24, 7.88733661957e-24, 7.00710826658e-24, 5.99271597287e-24, 7.85693865345e-24, 1.01100232175e-23, 6.25990986678e-24, 7.4930284404e-24, 7.71034699801e-24, 6.69508853502e-24, 7.57191058662e-24, 7.4231353642e-24, 7.14952053694e-24, 9.05995074505e-24, 7.95682185468e-24],
        "var": [1.68316466898e-06, 1.73152204752e-06, 4.110885925e-07, 1.16809735573e-06, 1.19028709378e-06, 7.86702287314e-07, 1.25247663618e-06, 8.84961821157e-07, 8.83794655238e-07, 3.40816143307e-07, 1.19475842553e-07, 1.03796274686e-07, 3.98584987238e-08, 6.07661903018e-08, 5.2666116801e-08, 2.03874286342e-08, 3.02294083099e-08, 1.18757030876e-08, 4.78808948046e-09, 4.63546756535e-09, 2.01745664619e-09, 1.16166321007e-09, 6.25892393469e-10, 6.4538929756e-10, 3.85002640879e-10, 8.17676149012e-10, 4.71463035279e-10, 4.25682045169e-10, 3.92828103379e-10, 8.69524396929e-10, 5.86556692106e-10, 6.05124117481e-10, 5.75788972057e-10, 3.01778185774e-10, 1.38321867849e-10, 8.27208371246e-11, 6.61064050722e-11, 5.80870386513e-11, 2.8261322102e-11, 1.20170592227e-11]
    },
    "mfcc": {
        "mean": [-669.035339355, 104.152542114, 4.50820541382, 15.4162073135, -7.78919839859, 2.95971822739, -7.18062257767, -0.731182456017, -3.50762581825, 2.87839984894, -3.54592394829, -0.673848927021, -1.86732852459],
        "cov": [[5402.00439453, -944.987060547, -151.153167725, -369.879821777, 13.589091301, -34.3784446716, -17.8788928986, 77.9650115967, 45.2563438416, 151.10723877, 76.7724380493, -19.3188533783, 51.214679718], [-944.987060547, 1364.27978516, -39.9974403381, 129.593338013, -57.6559715271, -23.5058383942, -17.2783794403, -5.92341518402, -86.3318023682, 28.9777259827, -13.0028715134, 2.5433743, -10.6563491821], [-151.153167725, -39.9974403381, 1404.09790039, 407.878387451, 311.056335449, 135.913284302, 123.895851135, 114.388908386, 74.1772766113, 1.21797633171, 53.3729667664, 32.9165153503, 6.78034591675], [-369.879821777, 129.593338013, 407.878387451, 802.177429199, 194.81590271, 108.349990845, -78.3977737427, 56.0694198608, 39.9770736694, 10.4110517502, -8.70605945587, 38.470664978, 15.5360736847], [13.589091301, -57.6559715271, 311.056335449, 194.81590271, 348.880615234, 69.6759719849, 41.3908615112, 50.9943122864, 76.873878479, 21.6876983643, 20.0731449127, 11.56270504, 12.7860460281], [-34.3784446716, -23.5058383942, 135.913284302, 108.349990845, 69.6759719849, 260.99822998, 81.3768234253, 72.2053451538, 17.4680843353, 28.651971817, 39.2952537537, 10.1294527054, -17.55742836], [-17.8788928986, -17.2783794403, 123.895851135, -78.3977737427, 41.3908615112, 81.3768234253, 262.606750488, 78.8515090942, 31.4319229126, 34.1318855286, 40.0960350037, 7.73954677582, 14.0463848114], [77.9650115967, -5.92341518402, 114.388908386, 56.0694198608, 50.9943122864, 72.2053451538, 78.8515090942, 206.145523071, 71.733039856, 43.2370834351, 38.7218322754, 17.9863758087, -4.31263065338], [45.2563438416, -86.3318023682, 74.1772766113, 39.9770736694, 76.873878479, 17.4680843353, 31.4319229126, 71.733039856, 157.07484436, 42.7005462646, 36.8268013, 14.951915741, 9.59135723114], [151.10723877, 28.9777259827, 1.21797633171, 10.4110517502, 21.6876983643, 28.651971817, 34.1318855286, 43.2370834351, 42.7005462646, 153.688247681, 43.1964912415, 11.5605888367, 7.30103254318], [76.7724380493, -13.0028715134, 53.3729667664, -8.70605945587, 20.0731449127, 39.2952537537, 40.0960350037, 38.7218322754, 36.8268013, 43.1964912415, 129.429138184, 33.3726730347, 0.577974736691], [-19.3188533783, 2.5433743, 32.9165153503, 38.470664978, 11.56270504, 10.1294527054, 7.73954677582, 17.9863758087, 14.951915741, 11.5605888367, 33.3726730347, 97.8638916016, 33.8739471436], [51.214679718, -10.6563491821, 6.78034591675, 15.5360736847, 12.7860460281, -17.55742836, 14.0463848114, -4.31263065338, 9.59135723114, 7.30103254318, 0.577974736691, 33.8739471436, 103.92906189]],
