{
"lowlevel": {
    "average_loudness": 0.915812373161,
    "barkbands_crest": {
        "dmean": 2.65848922729,
        "dmean2": 4.30122709274,
        "dvar": 5.33534431458,
        "dvar2": 13.5965576172,
        "max": 26.0281295776,
        "mean": 11.3237361908,
        "median": 10.4493112564,
        "min": 2.57535982132,
        "var": 21.5076637268
    },
    "barkbands_flatness_db": {
        "dmean": 0.0208902377635,
        "dmean2": 0.0321671143174,
        "dvar": 0.000350596936187,
        "dvar2": 0.000794134626631,
        "max": 0.439943909645,
        "mean": 0.171595305204,
        "median": 0.164686024189,
        "min": 0.0347135923803,
        "var": 0.00309081515297
    },
    "barkbands_kurtosis": {
        "dmean": 3.79269909859,
        "dmean2": 5.97375154495,
        "dvar": 98.5503692627,
        "dvar2": 230.749542236,
        "max": 519.24822998,
        "mean": 7.28782749176,
        "median": 2.39590787888,
        "min": -1.93204009533,
        "var": 299.596832275
    },
    "barkbands_skewness": {
        "dmean": 0.513602972031,
        "dmean2": 0.802386939526,
        "dvar": 0.314095795155,
        "dvar2": 0.70682746172,
        "max": 16.7729511261,
        "mean": 1.65665769577,
        "median": 1.35043931007,
        "min": -3.74713993073,
        "var": 2.12598919868
    },
    "barkbands_spread": {
        "dmean": 4.11794185638,
        "dmean2": 6.33267354965,
        "dvar": 33.9607200623,
        "dvar2": 66.6791152954,
        "max": 117.36505127,
        "mean": 17.4306964874,
        "median": 14.4415721893,
        "min": 0.201112508774,
        "var": 180.195159912
    },
    "dissonance": {
        "dmean": 0.0262798722833,
        "dmean2": 0.0440870113671,
        "dvar": 0.000567791168578,
        "dvar2": 0.00154322374146,
        "max": 0.500000059605,
        "mean": 0.437043964863,
        "median": 0.446483939886,
        "min": 0.209223717451,
        "var": 0.00194514275063
    },
    "dynamic_complexity": 2.16992712021,
    "erbbands_crest": {
        "dmean": 2.97381949425,
        "dmean2": 4.74325037003,
        "dvar": 6.80937862396,
        "dvar2": 16.9453620911,
        "max": 32.1434288025,
        "mean": 11.9048395157,
        "median": 10.9171218872,
        "min": 2.67023229599,
        "var": 27.164937973
    },
    "erbbands_flatness_db": {
        "dmean": 0.0181005038321,
        "dmean2": 0.0270877555013,
        "dvar": 0.00028139053029,
        "dvar2": 0.000603877299,
        "max": 0.400092571974,
        "mean": 0.193633601069,
        "median": 0.19259275496,
        "min": 0.0572003312409,
        "var": 0.002066971967
    },
    "erbbands_kurtosis": {
        "dmean": 1.63368320465,
        "dmean2": 2.57074427605,
        "dvar": 12.6701955795,
        "dvar2": 27.5279445648,
        "max": 114.008918762,
        "mean": 2.26685357094,
        "median": 0.591762781143,
        "min": -1.92133545876,
        "var": 45.461566925
    },
    "erbbands_skewness": {
        "dmean": 0.409792274237,
        "dmean2": 0.631908118725,
        "dvar": 0.175694420934,
        "dvar2": 0.371160358191,
        "max": 8.85969829559,
        "mean": 0.891372680664,
        "median": 0.769640624523,
        "min": -4.66119003296,
        "var": 1.2573196888
    },
    "erbbands_spread": {
        "dmean": 6.45817279816,
        "dmean2": 9.93916320801,
        "dvar": 67.6728897095,
        "dvar2": 139.01713562,
        "max": 159.654281616,
        "mean": 31.6196174622,
        "median": 27.3868923187,
        "min": 1.42986214161,
        "var": 376.279174805
    },
    "hfc": {
        "dmean": 4.59710025787,
        "dmean2": 6.99404001236,
        "dvar": 38.5704956055,
        "dvar2": 92.4777908325,
        "max": 156.191772461,
        "mean": 19.4220523834,
        "median": 15.8442201614,
        "min": 4.51617687691e-10,
        "var": 213.604171753
    },
    "melbands_crest": {
        "dmean": 3.30683612823,
        "dmean2": 5.42862701416,
        "dvar": 8.08266925812,
        "dvar2": 20.851354599,
        "max": 33.5699768066,
        "mean": 14.6515712738,
        "median": 13.4980831146,
        "min": 2.63544726372,
        "var": 33.1468772888
    },
    "melbands_flatness_db": {
        "dmean": 0.0220913346857,
        "dmean2": 0.034298337996,
        "dvar": 0.000406939187087,
        "dvar2": 0.000936148455366,
        "max": 0.520583033562,
        "mean": 0.223847925663,
        "median": 0.216036170721,
        "min": 0.0104907210916,
        "var": 0.00487945228815
    },
    "melbands_kurtosis": {
        "dmean": 6.42035245895,
        "dmean2": 10.2146425247,
        "dvar": 156.605895996,
        "dvar2": 366.276885986,
        "max": 399.34552002,
        "mean": 13.9995326996,
        "median": 6.53940963745,
        "min": -1.75716042519,
        "var": 507.472198486
    },
    "melbands_skewness": {
        "dmean": 0.632505357265,
        "dmean2": 0.995218634605,
        "dvar": 0.476544231176,
        "dvar2": 1.10059845448,
        "max": 14.7370567322,
        "mean": 2.32914543152,
        "median": 1.97694087029,
        "min": -1.98186087608,
        "var": 2.73641324043
    },
    "melbands_spread": {
        "dmean": 5.12299919128,
        "dmean2": 7.98889446259,
        "dvar": 59.3069610596,
        "dvar2": 120.053260803,
        "max": 174.771713257,
        "mean": 19.8093452454,
        "median": 16.4549732208,
        "min": 0.370754987001,
        "var": 279.579162598
    },
    "pitch_salience": {
        "dmean": 0.0661542266607,
        "dmean2": 0.107465028763,
        "dvar": 0.00320512009785,
        "dvar2": 0.00816733390093,
        "max": 0.937399804592,
        "mean": 0.505079269409,
        "median": 0.508968472481,
        "min": 0.0733659118414,
        "var": 0.0127087207511
    },
    "silence_rate_20dB": {
        "dmean": 0,
        "dmean2": 0,
        "dvar": 0,
        "dvar2": 0,
        "max": 1,
        "mean": 1,
        "median": 1,
        "min": 1,
        "var": 0
    },
    "silence_rate_30dB": {
        "dmean": 0.00158186128829,
        "dmean2": 0.00316413980909,
        "dvar": 0.00157947069965,
        "dvar2": 0.00315382145345,
        "max": 1,
        "mean": 0.996573090553,
        "median": 1,
        "min": 0,
        "var": 0.00341498316266
    },
    "silence_rate_60dB": {
        "dmean": 0.00290007912554,
        "dmean2": 0.00566908391193,
        "dvar": 0.00289102410898,
        "dvar2": 0.0072176665999,
        "max": 1,
        "mean": 0.00316330557689,
        "median": 0,
        "min": 0,
        "var": 0.00315286242403
    },
    "spectral_centroid": {
        "dmean": 176.029251099,
        "dmean2": 272.957366943,
        "dvar": 52728.921875,
        "dvar2": 103545.992188,
        "max": 11174.3330078,
        "mean": 1096.20898438,
        "median": 958.38458252,
        "min": 265.691375732,
        "var": 415609.625
    },
    "spectral_complexity": {
        "dmean": 2.35855531693,
        "dmean2": 3.78813457489,
        "dvar": 6.28738546371,
        "dvar2": 14.9857721329,
        "max": 52,
        "mean": 14.9559774399,
        "median": 14,
        "min": 0,
        "var": 43.4847183228
    },
    "spectral_decrease": {
        "dmean": 2.09327621903e-09,
        "dmean2": 3.17789328186e-09,
        "dvar": 5.34780041513e-18,
        "dvar2": 1.19283456156e-17,
        "max": -1.44792786251e-21,
        "mean": -7.25135373969e-09,
        "median": -6.27611695947e-09,
        "min": -3.3084432971e-08,
        "var": 2.21770282055e-17
    },
    "spectral_energy": {
        "dmean": 0.00821871310472,
        "dmean2": 0.0124806817621,
        "dvar": 8.13598744571e-05,
        "dvar2": 0.00018127594376,
        "max": 0.132166713476,
        "mean": 0.0291298869997,
        "median": 0.0253802277148,
        "min": 4.64278782249e-14,
        "var": 0.000346696178894
    },
    "spectral_energyband_high": {
        "dmean": 0.000183878233656,
        "dmean2": 0.000277441489743,
        "dvar": 1.58517067916e-07,
        "dvar2": 3.10112710622e-07,
        "max": 0.0127612091601,
        "mean": 0.000584958703257,
        "median": 0.000238499604166,
        "min": 3.68845477436e-14,
        "var": 1.06822051293e-06
    },
    "spectral_energyband_low": {
        "dmean": 0.00324032618664,
        "dmean2": 0.00525586912408,
        "dvar": 3.69731387764e-05,
        "dvar2": 9.22355029616e-05,
        "max": 0.0817134678364,
        "mean": 0.00619857478887,
        "median": 0.00349946320057,
        "min": 1.4378798267e-15,
        "var": 7.43671116652e-05
    },
    "spectral_energyband_middle_high": {
        "dmean": 0.00191351817921,
        "dmean2": 0.00297629949637,
        "dvar": 1.13751111712e-05,
        "dvar2": 2.88937171717e-05,
        "max": 0.0564695298672,
        "mean": 0.00606095418334,
        "median": 0.00352856121026,
        "min": 5.36883193881e-15,
        "var": 5.23866474396e-05
    },
    "spectral_energyband_middle_low": {
        "dmean": 0.00585943739861,
        "dmean2": 0.00888623762876,
        "dvar": 4.58942595287e-05,
        "dvar2": 0.000104871796793,
        "max": 0.10472124815,
        "mean": 0.0170009844005,
        "median": 0.0133307017386,
        "min": 1.90108265264e-15,
        "var": 0.000189757571206
    },
    "spectral_entropy": {
        "dmean": 0.171794816852,
        "dmean2": 0.259405493736,
        "dvar": 0.0297965314239,
        "dvar2": 0.0626526996493,
        "max": 9.79319190979,
        "mean": 7.16362857819,
        "median": 7.24728107452,
        "min": 4.53263473511,
        "var": 0.33453553915
    },
    "spectral_flux": {
        "dmean": 0.0217241365463,
        "dmean2": 0.0350181087852,
        "dvar": 0.000463956122985,
        "dvar2": 0.00112773058936,
        "max": 0.272453606129,
        "mean": 0.0782785117626,
        "median": 0.0731587782502,
        "min": 8.5376232164e-06,
        "var": 0.00118890136946
    },
    "spectral_kurtosis": {
        "dmean": 1.83072936535,
        "dmean2": 3.11548995972,
        "dvar": 4.5019659996,
        "dvar2": 12.8176717758,
        "max": 45.1363220215,
        "mean": 5.39816617966,
        "median": 4.43375825882,
        "min": -1.50520610809,
        "var": 19.6774654388
    },
    "spectral_rms": {
        "dmean": 0.000736523303203,
        "dmean2": 0.0011087047169,
        "dvar": 4.81668166685e-07,
        "dvar2": 1.03716001831e-06,
        "max": 0.0113553134724,
        "mean": 0.00507350871339,
        "median": 0.00497606256977,
        "min": 6.73019240338e-09,
        "var": 2.67893437922e-06
    },
    "spectral_rolloff": {
        "dmean": 328.791381836,
        "dmean2": 561.696105957,
        "dvar": 622357.625,
        "dvar2": 1298462.375,
        "max": 17118.8964844,
        "mean": 1208.46020508,
        "median": 839.794921875,
        "min": 86.1328125,
        "var": 1608485.25
    },
    "spectral_skewness": {
        "dmean": 0.224951982498,
        "dmean2": 0.363778650761,
        "dvar": 0.0470127426088,
        "dvar2": 0.119821205735,
        "max": 5.63530302048,
        "mean": 1.73934829235,
        "median": 1.66027891636,
        "min": -0.369244247675,
        "var": 0.452301740646
    },
    "spectral_spread": {
        "dmean": 432663.0625,
        "dmean2": 642919.0625,
        "dvar": 523048288256,
        "dvar2": 808420704256,
        "max": 39820132,
        "mean": 4266530,
        "median": 3900462.75,
        "min": 1774662.5,
        "var": 2.44959281152e+12
    },
    "spectral_strongpeak": {
        "dmean": 0.68306350708,
        "dmean2": 1.13816487789,
        "dvar": 0.977859079838,
        "dvar2": 2.57781505585,
        "max": 21.9670467377,
        "mean": 1.49646496773,
        "median": 1.18981933594,
        "min": 0,
        "var": 2.00660777092
    },
    "zerocrossingrate": {
        "dmean": 0.00723964162171,
        "dmean2": 0.00867698621005,
        "dvar": 0.000132023429614,
        "dvar2": 0.000142496806802,
        "max": 0.60888671875,
        "mean": 0.0495654046535,
        "median": 0.0419921875,
        "min": 0.0107421875,
        "var": 0.00117592921015
    },
    "barkbands": {
        "dmean": [0.000113570225949, 0.00243361433968, 0.00131296087056, 0.000604705419391, 0.00230403896421, 0.0022499859333, 0.00107961799949, 0.00117211404722, 0.00100839743391, 0.00103510415647, 0.000301262567518, 0.000512795581017, 0.000221481444896, 0.000354213552782, 0.000205018019187, 0.000180478717084, 0.00010471274436, 0.000125922480947, 0.000143966404721, 9.38227458391e-05, 5.54015823582e-05, 4.2233736167e-05, 4.34857247456e-05, 4.10954235122e-05, 1.88166231965e-05, 6.41115775579e-06, 2.56038617863e-07],
        "dmean2": [0.000188646445167, 0.00386928790249, 0.00228242645971, 0.00103562232107, 0.00359109975398, 0.0034684187267, 0.00148228020407, 0.0018041532021, 0.00154609663878, 0.00163295387756, 0.000479000183986, 0.000803944363724, 0.000355013035005, 0.000576626393013, 0.000324972119415, 0.000290210708044, 0.000169234146597, 0.000205651347642, 0.000236381587456, 0.00014783894585, 9.31777831283e-05, 6.64547260385e-05, 6.46419503028e-05, 5.92943179072e-05, 2.82226174022e-05, 1.04213904706e-05, 4.45011067995e-07],
        "dvar": [5.07675892436e-08, 2.38855336647e-05, 1.32818313432e-05, 1.38139250794e-06, 1.83026404557e-05, 1.4902168914e-05, 6.68402026349e-06, 7.63775642554e-06, 6.35593733023e-06, 6.96697088642e-06, 9.94590209302e-07, 1.64637447142e-06, 2.94766834941e-07, 7.92049547726e-07, 2.40790654971e-07, 1.73697856098e-07, 9.56666994512e-08, 5.62449258723e-07, 4.41626980319e-07, 4.55160815704e-08, 1.85032646982e-08, 9.99218841002e-09, 2.53214444967e-08, 2.05327079783e-08, 4.7260395597e-09, 2.82959405906e-10, 1.4991102977e-12],
        "dvar2": [1.33873172103e-07, 5.38337153557e-05, 3.73314105673e-05, 3.72686167793e-06, 4.16379625676e-05, 3.49858164554e-05, 1.21973662317e-05, 1.75456734723e-05, 1.48137014548e-05, 1.79167600436e-05, 2.57520309788e-06, 3.85554449167e-06, 7.51358925299e-07, 1.97758868126e-06, 5.70093220631e-07, 4.66199907123e-07, 2.37435827444e-07, 1.57118597599e-06, 1.24999303353e-06, 1.04719532601e-07, 5.18534264415e-08, 2.41219950681e-08, 5.20774356971e-08, 3.79591718058e-08, 9.41592848136e-09, 7.2849704047e-10, 3.85280652868e-12],
        "max": [0.00408389884979, 0.0745755955577, 0.0637976974249, 0.0186712108552, 0.0751796066761, 0.0963306874037, 0.0637191459537, 0.0724332556129, 0.0564730092883, 0.0485019944608, 0.0392496362329, 0.0349970459938, 0.013720693998, 0.0262851603329, 0.0156827364117, 0.0147771192715, 0.00897567812353, 0.0364897884429, 0.0263390894979, 0.00588127877563, 0.0039190473035, 0.00269381469116, 0.00592109840363, 0.00446179509163, 0.00351573084481, 0.000343026331393, 2.40941299126e-05],
        "mean": [0.000156614521984, 0.00391571642831, 0.00159508979414, 0.000841142842546, 0.00494310446084, 0.00470684282482, 0.00234255474061, 0.00207942607813, 0.00181988521945, 0.00206192163751, 0.000543594884221, 0.000999369774945, 0.000384286307963, 0.000602138170507, 0.00036316679325, 0.000352365139406, 0.000193465035409, 0.000250359618803, 0.000286477908958, 0.000217434935621, 0.000128174331621, 0.000106442632386, 0.000100444449345, 9.45944557316e-05, 3.69330009562e-05, 8.19738943392e-06, 1.9947066221e-07],
        "median": [6.00626663072e-05, 0.00195609219372, 0.000648084096611, 0.000435002701124, 0.0016627011355, 0.00189418077935, 0.000559698499274, 0.000570671807509, 0.000406701379688, 0.000305334251607, 0.000109528904431, 0.000281308282865, 8.9877838036e-05, 0.000155109009938, 0.000114117108751, 0.000115355855087, 4.98373046867e-05, 8.26703835628e-05, 0.000112064146379, 6.48191926302e-05, 3.66706299246e-05, 4.10126449424e-05, 2.79718224192e-05, 2.94145120279e-05, 8.27076382848e-06, 1.49713946485e-06, 1.56099999593e-09],
        "min": [6.34654099988e-16, 7.53264070653e-16, 2.86070660738e-16, 1.43779885564e-16, 1.64002744241e-16, 1.064752774e-16, 1.23174022412e-16, 4.73985184784e-16, 7.20431114853e-16, 5.16516350192e-16, 4.26251093028e-16, 4.63935827079e-16, 2.62645779293e-16, 4.98386456989e-16, 4.76039769077e-16, 7.29252063027e-16, 5.15772443506e-16, 1.04471402588e-15, 3.37726938556e-16, 5.58861644807e-16, 1.85600440622e-15, 3.35646397998e-15, 4.73284106201e-15, 4.59328730176e-15, 3.08533910971e-15, 1.22844222723e-14, 7.23908492151e-15],
        "var": [8.28326562896e-08, 4.26282640547e-05, 1.05599474409e-05, 1.56452279043e-06, 7.25400532247e-05, 4.73394466098e-05, 3.16475234285e-05, 1.94258573174e-05, 1.79077724169e-05, 2.27130840358e-05, 2.54529345511e-06, 4.79061145597e-06, 7.3584732263e-07, 1.83698330147e-06, 6.54962661883e-07, 3.85543529546e-07, 2.14168807133e-07, 1.30236503537e-06, 5.44025624549e-07, 1.80913616532e-07, 7.92324286181e-08, 4.49196377872e-08, 7.72455805986e-08, 6.12675918887e-08, 1.24487495867e-08, 4.06335964875e-10, 1.38417164015e-12]
    },
    "erbbands": {
        "dmean": [0.0725131630898, 0.566320836544, 1.34473359585, 1.84915816784, 2.10029983521, 7.08308410645, 24.2893772125, 15.5385370255, 19.1675853729, 12.0744657516, 24.0667819977, 20.689458847, 29.840171814, 22.0458126068, 14.9443349838, 14.6829586029, 9.51980304718, 10.8681945801, 17.3348808289, 8.12650680542, 8.77781200409, 6.43907356262, 5.39076805115, 8.96141052246, 5.01439428329, 3.66775918007, 2.87409472466, 1.67695486546, 1.67014789581, 1.24502325058, 1.28703963757, 0.996217787266, 0.632914125919, 0.259288042784, 0.113135404885, 0.0433570332825, 0.00870634615421, 0.000887450412847, 3.91225985368e-05, 9.87046951195e-06],
        "dmean2": [0.118136227131, 0.896111369133, 2.34052824974, 3.15041518211, 3.51854348183, 10.9082298279, 37.5610122681, 23.8767204285, 26.165725708, 18.4569015503, 36.759311676, 32.0187950134, 47.1074485779, 33.7572937012, 23.6297340393, 22.7843952179, 15.3164930344, 17.5320205688, 27.8722572327, 12.9693956375, 14.0922851562, 10.3895702362, 8.71983623505, 14.6892251968, 8.04785633087, 5.90170669556, 4.8208899498, 2.77056717873, 2.57735872269, 1.93943095207, 1.91505670547, 1.44317829609, 0.931064486504, 0.380940645933, 0.175839409232, 0.0695985853672, 0.0146679989994, 0.00153260282241, 6.5287356847e-05, 1.50847445184e-05],
        "dvar": [0.0188265983015, 1.42906069756, 13.09628582, 15.4514532089, 12.6219148636, 223.110702515, 1765.14233398, 845.999816895, 2192.66064453, 841.05657959, 2690.39892578, 2999.65063477, 5019.03369141, 3166.42553711, 1294.10498047, 1281.296875, 417.173248291, 668.9140625, 1636.66027832, 315.133728027, 414.753662109, 372.459381104, 229.456253052, 4572.34814453, 116.512359619, 70.8273696899, 53.3895111084, 14.505692482, 18.6046600342, 10.4364480972, 28.4338588715, 12.5413141251, 5.60845041275, 0.978392004967, 0.145508289337, 0.0134051283821, 0.000629978021607, 9.65419985732e-06, 2.65181050452e-08, 1.13371846633e-10],
        "dvar2": [0.0492818504572, 3.18870806694, 37.344165802, 41.2941093445, 32.593536377, 488.633392334, 4116.03222656, 1996.50866699, 3985.59155273, 2034.0489502, 6160.52197266, 7038.15039062, 12777.1044922, 7755.47167969, 3186.68994141, 2970.03613281, 1060.32080078, 1743.6270752, 4073.97998047, 801.128662109, 1068.50512695, 909.368408203, 606.008972168, 13308.8623047, 281.151489258, 172.774047852, 153.153091431, 37.4110832214, 41.5872344971, 23.3205089569, 60.239440918, 23.9177398682, 10.8999795914, 1.72028195858, 0.331062048674, 0.0334209650755, 0.00170284474734, 2.64595928456e-05, 6.46797744253e-08, 2.5728807973e-10],
        "max": [1.74076092243, 17.9041519165, 64.7565917969, 67.9864654541, 86.0192871094, 318.669677734, 673.073303223, 816.81036377, 1151.6763916, 1201.72790527, 1028.97436523, 1368.65087891, 1123.08581543, 1644.24731445, 926.184387207, 1122.96777344, 483.963104248, 604.171020508, 1074.43603516, 500.816162109, 631.199829102, 634.006591797, 561.905578613, 3008.39038086, 247.263824463, 237.267211914, 190.013000488, 141.607620239, 143.165908813, 97.2443161011, 200.298660278, 115.092071533, 68.7005462646, 52.7753601074, 17.5150680542, 2.78827428818, 0.478370249271, 0.0646249577403, 0.00612649694085, 0.00018904764147],
        "mean": [0.113534890115, 0.870769441128, 1.79732632637, 2.73363757133, 3.3462023735, 14.8935413361, 52.5658988953, 32.9437255859, 42.897769928, 22.3433856964, 45.6843566895, 38.7745018005, 58.8918991089, 44.4260864258, 30.7310771942, 29.7730293274, 18.6666183472, 21.8251514435, 31.699590683, 16.8464126587, 17.7699623108, 12.9412736893, 11.619354248, 18.0243034363, 12.3943309784, 9.00271701813, 6.63884496689, 4.12438964844, 4.02074670792, 3.18076586723, 2.88564443588, 2.2737057209, 1.35199046135, 0.576855003834, 0.185093611479, 0.0612654909492, 0.00898144673556, 0.000777161563747, 5.10690915689e-05, 3.6016375816e-05],
        "median": [0.0563791170716, 0.397572785616, 0.76392865181, 1.36504244804, 2.07580399513, 5.02877807617, 15.9749584198, 14.4460058212, 11.2498760223, 8.88680267334, 16.0185012817, 11.2675514221, 11.8577003479, 9.98724651337, 10.1369285583, 10.0440378189, 6.28035593033, 6.85890579224, 10.4231090546, 8.18924427032, 6.49612188339, 4.27137422562, 5.05540943146, 6.00417900085, 5.15766859055, 3.28092002869, 1.8974994421, 1.3386131525, 1.42193961143, 1.19539606571, 0.747594416142, 0.68251645565, 0.403442263603, 0.136018812656, 0.0368713513017, 0.011579615064, 0.00144970347174, 7.79604888521e-05, 2.07801822398e-05, 3.15632460115e-05],
        "min": [3.07486444618e-14, 1.39169912031e-13, 3.25414825295e-13, 4.47208378185e-13, 4.52379751497e-13, 5.53211393795e-13, 8.55207777425e-13, 8.32744192613e-13, 1.03089325271e-12, 4.98172770397e-12, 1.25083684729e-11, 1.6248355092e-11, 1.67737941592e-11, 1.56476012703e-11, 2.0633260725e-11, 1.64740599634e-11, 1.17629048862e-11, 2.46422812711e-11, 2.55514307629e-11, 2.52210127782e-11, 3.96790413026e-11, 3.51478915417e-11, 6.35094199453e-11, 2.72035970139e-11, 1.28025350737e-11, 3.00002661602e-11, 3.97000939067e-11, 9.92053175719e-11, 1.4643865287e-10, 1.32514027529e-10, 1.26745558493e-10, 1.05436749609e-10, 5.52935718046e-11, 2.6735218206e-11, 2.48625391108e-11, 4.14493925294e-11, 2.23049391457e-11, 5.91629696622e-12, 9.67955967116e-13, 1.28745050645e-13],
        "var": [0.0296694915742, 2.48102164268, 11.6828508377, 17.1875858307, 17.9529418945, 756.019470215, 6392.98681641, 2442.14331055, 10426.6337891, 1882.90820312, 6875.23681641, 7621.40234375, 14937.2675781, 8965.9140625, 4306.41113281, 3702.48022461, 1089.35510254, 2013.43591309, 3908.66381836, 771.320373535, 985.291381836, 872.26940918, 617.859130859, 8086.75683594, 443.971313477, 259.962554932, 175.666549683, 72.7881393433, 78.3554992676, 43.8601608276, 76.8267211914, 36.5157661438, 13.7792015076, 3.1005616188, 0.295871764421, 0.0234820172191, 0.000588766648434, 7.82848474046e-06, 2.79074132692e-08, 5.07396846761e-10]
    },
    "gfcc": {
        "mean": [-12.3789281845, 113.87323761, -124.156532288, 33.5011062622, -72.7914047241, 14.0498361588, -41.4893264771, 7.31884670258, -16.2758235931, -1.83762049675, -4.13075065613, -3.52978777885, -0.330999702215],
        "cov": [[2982.52294922, -533.553161621, -501.574432373, 321.355682373, 41.7094078064, 442.637451172, 310.364685059, 358.875061035, -120.321655273, 208.490264893, -47.7958526611, -70.5027999878, -79.1709747314], [-533.553161621, 1066.40356445, -7.61257410049, -58.561088562, 186.814697266, -174.578643799, 52.219493866, -142.29800415, 151.989181519, -177.579864502, 155.141983032, -126.593833923, 121.00075531], [-501.574432373, -7.61257410049, 796.602905273, -20.2086906433, -67.20677948, -81.3057327271, -205.976119995, -91.5529556274, -38.4981994629, 16.2275886536, -88.1545639038, 135.19468689, -36.9138069153], [321.355682373, -58.561088562, -20.2086906433, 504.738769531, 75.3635177612, 94.1493148804, 70.4630355835, 71.6235427856, 61.2516136169, 1.53830957413, -4.73142910004, -33.493976593, 53.6548728943], [41.7094078064, 186.814697266, -67.20677948, 75.3635177612, 283.515960693, 30.4796276093, 79.8701629639, 44.6457710266, 32.2872695923, 3.47414207458, -18.1022014618, -22.6057949066, -2.31700849533], [442.637451172, -174.578643799, -81.3057327271, 94.1493148804, 30.4796276093, 344.327728271, 158.318206787, 82.2922744751, -27.3903884888, 65.0681915283, 22.8226242065, -53.0457992554, -29.7761192322], [310.364685059, 52.219493866, -205.976119995, 70.4630355835, 79.8701629639, 158.318206787, 301.563598633, 78.5367050171, -29.8447055817, 50.3718757629, 33.6081809998, -77.0964050293, -19.4937667847], [358.875061035, -142.29800415, -91.5529556274, 71.6235427856, 44.6457710266, 82.2922744751, 78.5367050171, 178.480865479, 22.3381443024, 51.3073997498, -23.077955246, -0.608445465565, -16.9875774384], [-120.321655273, 151.989181519, -38.4981994629, 61.2516136169, 32.2872695923, -27.3903884888, -29.8447055817, 22.3381443024, 171.256072998, -33.9130630493, 34.2148513794, -22.858423233, 41.6963806152], [208.490264893, -177.579864502, 16.2275886536, 1.53830957413, 3.47414207458, 65.0681915283, 50.3718757629, 51.3073997498, -33.9130630493, 157.139785767, -15.8322486877, 16.6748771667, -54.6871871948], [-47.7958526611, 155.141983032, -88.1545639038, -4.73142910004, -18.1022014618, 22.8226242065, 33.6081809998, -23.077955246, 34.2148513794, -15.8322486877, 148.635391235, -27.6238460541, 38.7777404785], [-70.5027999878, -126.593833923, 135.19468689, -33.493976593, -22.6057949066, -53.0457992554, -77.0964050293, -0.608445465565, -22.858423233, 16.6748771667, -27.6238460541, 161.324142456, 13.4814748764], [-79.1709747314, 121.00075531, -36.9138069153, 53.6548728943, -2.31700849533, -29.7761192322, -19.4937667847, -16.9875774384, 41.6963806152, -54.6871871948, 38.7777404785, 13.4814748764, 117.556716919]],
        "icov": [[0.000641079852358, -0.000314033415634, 0.000481780269183, -0.000410172244301, 0.00038309811498, -0.000611540162936, 0.000363240425941, -0.000979861128144, 0.00073392293416, -0.000482796225697, 0.000374186784029, -0.000238417283981, 0.000283765053609], [-0.000314033415634, 0.00384340598248, -0.0015841841232, 0.00129118876066, -0.00285358261317, 0.00231830147095, -0.00244063441642, 0.00214522937313, -0.00227742176503, 0.00219296431169, -0.0029353343416, 0.0028225868009, -0.00234551099129], [0.000481780269183, -0.0015841841232, 0.00276325223967, -0.00102677964605, 0.00136384658981, -0.00145737361163, 0.00202261214145, -0.000313673896017, 0.00122022628784, -0.00133143295534, 0.00195800070651, -0.00239003892057, 0.00181522860657], [-0.000410172244301, 0.00129118876066, -0.00102677964605, 0.00314824399538, -0.00139155541547, 0.000434150191722, -0.00122260663193, 0.00045591063099, -0.00167896831408, 0.000729409337509, -0.000476435932796, 0.00152749242261, -0.00250208028592], [0.00038309811498, -0.00285358261317, 0.00136384658981, -0.00139155541547, 0.00633617211133, -0.00163988256827, 0.000565044116229, -0.00195775763132, 0.000786630611401, -0.00141924712807, 0.00316936452873, -0.00226316577755, 0.0020537241362], [-0.000611540162936, 0.00231830147095, -0.00145737361163, 0.000434150191722, -0.00163988256827, 0.00610488746315, -0.00313519337215, 0.000591387273744, -0.00101463217288, 0.0007702447474, -0.00274405535311, 0.0025387655478, -0.00104207755066], [0.000363240425941, -0.00244063441642, 0.00202261214145, -0.00122260663193, 0.000565044116229, -0.00313519337215, 0.00803453009576, -0.00289342855103, 0.00349341705441, -0.0024258622434, 0.000632237002719, -0.00010100549116, 0.00151656661183], [-0.000979861128144, 0.00214522937313, -0.000313673896017, 0.00045591063099, -0.00195775763132, 0.000591387273744, -0.00289342855103, 0.0110149821267, -0.00430801603943, -0.000190475664567, 0.000386885425542, -0.00028212525649, -0.000607294321526], [0.00073392293416, -0.00227742176503, 0.00122022628784, -0.00167896831408, 0.000786630611401, -0.00101463217288, 0.00349341705441, -0.00430801603943, 0.0100447153673, -0.000905501423404, -0.000264545291429, 8.07957039797e-05, -0.000202857481781], [-0.000482796225697, 0.00219296431169, -0.00133143295534, 0.000729409337509, -0.00141924712807, 0.0007702447474, -0.0024258622434, -0.000190475664567, -0.000905501423404, 0.0106008015573, -0.00230879615992, -0.000151458050823, 0.00243558268994], [0.000374186784029, -0.0029353343416, 0.00195800070651, -0.000476435932796, 0.00316936452873, -0.00274405535311, 0.000632237002719, 0.000386885425542, -0.000264545291429, -0.00230879615992, 0.0115110604092, -0.0017835436156, -0.000938978977501], [-0.000238417283981, 0.0028225868009, -0.00239003892057, 0.00152749242261, -0.00226316577755, 0.0025387655478, -0.00010100549116, -0.00028212525649, 8.07957039797e-05, -0.000151458050823, -0.0017835436156, 0.0112181333825, -0.00476987985894], [0.000283765053609, -0.00234551099129, 0.00181522860657, -0.00250208028592, 0.0020537241362, -0.00104207755066, 0.00151656661183, -0.000607294321526, -0.000202857481781, 0.00243558268994, -0.000938978977501, -0.00476987985894, 0.0148258395493]]
    },
    "melbands": {
        "dmean": [0.000661365222186, 0.000667250482365, 0.000306923291646, 0.000250174663961, 0.00076528149657, 0.000376084964955, 0.000252769037616, 0.00017059216043, 0.000193535975995, 0.000134904854349, 0.000159836636158, 0.000106127699837, 4.21572731284e-05, 6.07374386163e-05, 2.67200994131e-05, 2.36296345975e-05, 2.24924970098e-05, 3.46935157722e-05, 1.4293545064e-05, 1.22905648823e-05, 9.86346913123e-06, 7.79578658694e-06, 4.49893013865e-06, 5.78771732762e-06, 8.20427885628e-06, 4.42598366135e-06, 3.6442036162e-06, 2.78401921605e-06, 2.30976820603e-06, 1.39635551477e-06, 9.44538385284e-07, 1.12678458208e-06, 7.644392781e-07, 7.45396448565e-07, 7.83476423294e-07, 8.22699121272e-07, 6.2411277213e-07, 5.20714536378e-07, 3.29647463104e-07, 2.12587465853e-07],
        "dmean2": [0.00105555902701, 0.00112942885607, 0.000518125481904, 0.00038676589611, 0.00118697667494, 0.000571649405174, 0.000347321503796, 0.000261714711087, 0.000295812904369, 0.000208572848351, 0.000251952733379, 0.000162162905326, 6.67648928356e-05, 9.46781801758e-05, 4.21168988396e-05, 3.8271820813e-05, 3.63177096006e-05, 5.61089836992e-05, 2.2773127057e-05, 1.97286062757e-05, 1.56966634677e-05, 1.26196173369e-05, 7.32258877179e-06, 9.33826140681e-06, 1.34509318741e-05, 7.22800496078e-06, 5.6957360357e-06, 4.5390397645e-06, 3.84294253308e-06, 2.37519680013e-06, 1.54959468546e-06, 1.7674301489e-06, 1.22574886063e-06, 1.15879731766e-06, 1.1883737443e-06, 1.24110795241e-06, 9.37137599522e-07, 7.92455068677e-07, 4.92241042593e-07, 3.16419658475e-07],
        "dvar": [1.66555400938e-06, 2.34467643168e-06, 3.7575844658e-07, 2.2934285937e-07, 1.72658781139e-06, 4.19566447363e-07, 3.64013260423e-07, 1.8781420863e-07, 1.69387021742e-07, 1.43199997638e-07, 1.45665509876e-07, 7.14669567969e-08, 1.14120588535e-08, 2.84681043183e-08, 4.7228168043e-09, 3.82553677625e-09, 3.00328073521e-09, 7.44147454768e-09, 1.19480803029e-09, 9.79916703336e-10, 5.58691981567e-10, 5.99196747775e-10, 1.11382181256e-10, 9.79836545234e-10, 3.96913257816e-09, 6.67655930542e-11, 1.02805375324e-10, 5.48582741733e-11, 3.6931614017e-11, 1.34218573755e-11, 4.89339428353e-12, 9.41872708299e-12, 3.91819953219e-12, 4.20877525539e-12, 1.04104867088e-11, 1.1060733926e-11, 4.50829954965e-12, 4.230739023e-12, 1.69210847591e-12, 7.08229644635e-13],
        "dvar2": [3.88659418604e-06, 6.41117640043e-06, 9.83428776635e-07, 4.93190441375e-07, 4.04082857131e-06, 9.71510985437e-07, 6.70212671139e-07, 4.41428767317e-07, 3.86350876624e-07, 3.37544264539e-07, 3.71332532723e-07, 1.74954521981e-07, 2.92087829479e-08, 6.63852688376e-08, 1.05434523334e-08, 9.73299218998e-09, 7.65697372174e-09, 1.86139033076e-08, 2.73285793995e-09, 2.68510969015e-09, 1.36842714937e-09, 1.44772405175e-09, 2.8795532625e-10, 2.66374589053e-09, 1.15509495302e-08, 1.69464067779e-10, 2.32936780975e-10, 1.34676950148e-10, 1.04350007801e-10, 3.67770432164e-11, 1.22452256668e-11, 2.17490921106e-11, 9.6418827783e-12, 9.44985496104e-12, 2.31633566494e-11, 2.3556746831e-11, 9.42161366285e-12, 9.1818106937e-12, 3.13177066745e-12, 1.35512900814e-12],
        "max": [0.0193973463029, 0.0249739177525, 0.00977438874543, 0.0114487055689, 0.0220699477941, 0.0161165855825, 0.0147111723199, 0.0139551386237, 0.00802212767303, 0.00996898580343, 0.00599729688838, 0.00612216349691, 0.00271102064289, 0.00483955815434, 0.00203919177875, 0.00164111657068, 0.00128325948026, 0.00250355456956, 0.00135762442369, 0.00120809010696, 0.00071710156044, 0.000761802366469, 0.000358327204594, 0.00151423877105, 0.00281725404784, 0.000171381121618, 0.000374165712856, 0.000226184361964, 0.000171294261236, 0.000122350465972, 9.39593301155e-05, 9.01009552763e-05, 5.91375683143e-05, 6.90568267601e-05, 0.000114380847663, 0.000102037251054, 6.16343095317e-05, 7.27958249627e-05, 4.82562354591e-05, 5.08463926963e-05],
        "mean": [0.00107188837137, 0.00104421272408, 0.000474035885418, 0.000478336354718, 0.001703133923, 0.000814041879494, 0.000556872750167, 0.000296456331853, 0.000363424682291, 0.00024582457263, 0.000312098127324, 0.000208859870327, 8.27518597362e-05, 0.000117357383715, 5.043823694e-05, 4.25764883403e-05, 4.07358056691e-05, 5.96669524384e-05, 2.54353217315e-05, 2.3994660296e-05, 1.80719362106e-05, 1.41668706419e-05, 8.74049328559e-06, 1.15710026876e-05, 1.54033041326e-05, 9.58052623901e-06, 8.23900791147e-06, 5.77052651352e-06, 4.82145060232e-06, 2.93800394502e-06, 2.07078551284e-06, 2.43029080593e-06, 1.81875464023e-06, 1.71792248693e-06, 1.62697097039e-06, 1.64899040556e-06, 1.31619367494e-06, 1.04968637515e-06, 6.28332486485e-07, 4.48134102271e-07],
        "median": [0.000545006594621, 0.000488674791995, 0.000265405426035, 0.000219116423978, 0.000540808425285, 0.000360052974429, 0.000142654869705, 8.10398487374e-05, 0.000127571125631, 4.99315756315e-05, 5.29141070729e-05, 3.58046199835e-05, 2.43278118432e-05, 3.02962725982e-05, 1.13263395178e-05, 7.83127961768e-06, 1.07321293399e-05, 1.56132009579e-05, 8.66669506649e-06, 8.49722164276e-06, 5.19264222021e-06, 3.31046794599e-06, 3.75731269742e-06, 3.65516598322e-06, 4.379953225e-06, 4.26053748015e-06, 1.99954411073e-06, 1.72451291292e-06, 1.20228730793e-06, 7.55787141316e-07, 6.82411382513e-07, 7.47336059703e-07, 6.70225233534e-07, 5.95087328747e-07, 3.91213148987e-07, 4.15459481928e-07, 3.95482800286e-07, 3.06005404127e-07, 1.68447812143e-07, 7.95688777089e-08],
        "min": [2.72440683006e-16, 1.78499554314e-16, 7.86569088501e-17, 3.48093516717e-17, 2.94876653485e-17, 1.8668695493e-17, 1.79726941451e-17, 6.45319197706e-17, 1.08356054503e-16, 1.02105990291e-16, 8.31133741788e-17, 6.26483501065e-17, 6.39284749701e-17, 6.13242589389e-17, 2.2296312613e-17, 3.23145054611e-17, 4.74436752606e-17, 3.98560765419e-17, 3.65081126434e-17, 4.39978558957e-17, 4.21821415116e-17, 2.69429302208e-17, 6.82686188523e-17, 3.9146931294e-17, 2.13729524019e-17, 7.54567555097e-18, 1.10712012125e-17, 2.22445261435e-17, 2.29382808689e-17, 2.91700809329e-17, 6.34075232378e-17, 7.71816686236e-17, 7.0718807236e-17, 8.82069803373e-17, 7.15150976158e-17, 7.44485580006e-17, 6.2284092852e-17, 4.11401983422e-17, 3.70370880277e-17, 1.64133064892e-17],
        "var": [2.96111738862e-06, 3.05957951241e-06, 4.36326871522e-07, 6.21398783096e-07, 6.69685823596e-06, 1.30389571495e-06, 1.7172196749e-06, 4.52539183016e-07, 4.32074017453e-07, 3.83653429026e-07, 4.48609824844e-07, 2.11667256167e-07, 3.55007045982e-08, 7.81793048077e-08, 1.57643214038e-08, 1.08173976443e-08, 8.27283130889e-09, 1.67552514085e-08, 3.31093463757e-09, 2.09384043437e-09, 1.35793065681e-09, 1.39536304733e-09, 2.1740752254e-10, 2.56456855752e-09, 6.68568400641e-09, 2.0340221174e-10, 4.48816567244e-10, 1.62730065534e-10, 9.87130030494e-11, 4.64461663574e-11, 1.97650298905e-11, 3.42189505897e-11, 1.43502753083e-11, 1.49601928068e-11, 2.69858736052e-11, 2.49533518848e-11, 1.17056564095e-11, 8.71465573316e-12, 3.77109584879e-12, 2.3101631285e-12]
    },
    "mfcc": {
        "mean": [-650.065185547, 131.329193115, 7.75739002228, 16.8737354279, -1.0492579937, -0.119554877281, -6.41099071503, 2.50923752785, -6.89451217651, 5.20346546173, -3.65346431732, -3.91710639, -0.935453116894],
        "cov": [[3103.08398438, -860.94934082, -472.455200195, 36.0635032654, -118.843704224, 158.102844238, 487.666595459, 141.813674927, 286.210327148, 234.832443237, 107.396446228, 151.730773926, 117.259269714], [-860.94934082, 1049.65002441, -55.2587890625, 23.808921814, 86.5674285889, -74.771156311, -95.0152740479, -25.5505542755, -113.199501038, -5.10404157639, -13.6009941101, -85.1103973389, -71.2443695068], [-472.455200195, -55.2587890625, 649.280517578, 23.8223209381, 52.821182251, 25.9816131592, -129.08555603, -34.3732261658, -71.0777664185, -81.7961196899, -40.7060432434, -15.7189455032, -16.6613578796], [36.0635032654, 23.808921814, 23.8223209381, 349.647918701, 78.8241500854, 13.8244953156, -22.0415630341, 16.329744339, 87.7928619385, -26.8000431061, -13.9910783768, 58.6054115295, 10.4214763641], [-118.843704224, 86.5674285889, 52.821182251, 78.8241500854, 238.507751465, 8.16065406799, -80.2026824951, 34.3758087158, 23.5710811615, -9.27677059174, -15.4468622208, 3.06254506111, -24.4940395355], [158.102844238, -74.771156311, 25.9816131592, 13.8244953156, 8.16065406799, 193.611953735, 125.713752747, 14.9764223099, 34.921257019, 39.1580352783, 30.5106887817, 11.1676635742, 11.9603643417], [487.666595459, -95.0152740479, -129.08555603, -22.0415630341, -80.2026824951, 125.713752747, 337.626617432, 32.9000282288, 52.8051261902, 100.015548706, 54.4843826294, 1.64602982998, 56.6462936401], [141.813674927, -25.5505542755, -34.3732261658, 16.329744339, 34.3758087158, 14.9764223099, 32.9000282288, 123.02305603, 55.5245628357, 9.49108886719, 8.98443031311, 14.164276123, 3.74045705795], [286.210327148, -113.199501038, -71.0777664185, 87.7928619385, 23.5710811615, 34.921257019, 52.8051261902, 55.5245628357, 185.589813232, 25.6237678528, 8.23184204102, 64.7128601074, 26.2499961853], [234.832443237, -5.10404157639, -81.7961196899, -26.8000431061, -9.27677059174, 39.1580352783, 100.015548706, 9.49108886719, 25.6237678528, 176.589660645, 49.4434318542, -7.89770936966, 7.81441402435], [107.396446228, -13.6009941101, -40.7060432434, -13.9910783768, -15.4468622208, 30.5106887817, 54.4843826294, 8.98443031311, 8.23184204102, 49.4434318542, 108.293464661, 12.4743814468, -3.56598353386], [151.730773926, -85.1103973389, -15.7189455032, 58.6054115295, 3.06254506111, 11.1676635742, 1.64602982998, 14.164276123, 64.7128601074, -7.89770936966, 12.4743814468, 141.53225708, 58.4055747986], [117.259269714, -71.2443695068, -16.6613578796, 10.4214763641, -24.4940395355, 11.9603643417, 56.6462936401, 3.74045705795, 26.2499961853, 7.81441402435, -3.56598353386, 58.4055747986, 120.875183105]],
