{
"lowlevel": {
    "average_loudness": 0.563541412354,
    "barkbands_crest": {
        "dmean": 2.40356421471,
        "dmean2": 3.86173272133,
        "dvar": 4.87307024002,
        "dvar2": 12.3121681213,
        "max": 26.0814800262,
        "mean": 10.5907468796,
        "median": 9.85384559631,
        "min": 2.67574620247,
        "var": 17.6094799042
    },
    "barkbands_flatness_db": {
        "dmean": 0.0211825147271,
        "dmean2": 0.032058827579,
        "dvar": 0.000457161688246,
        "dvar2": 0.00105137261562,
        "max": 0.469526618719,
        "mean": 0.152146339417,
        "median": 0.146204262972,
        "min": 0.0325741022825,
        "var": 0.00267577334307
    },
    "barkbands_kurtosis": {
        "dmean": 4.08754777908,
        "dmean2": 6.33694934845,
        "dvar": 363.332794189,
        "dvar2": 920.503173828,
        "max": 1170.89489746,
        "mean": 6.71093702316,
        "median": 1.35442638397,
        "min": -1.91501426697,
        "var": 720.226074219
    },
    "barkbands_skewness": {
        "dmean": 0.543274521828,
        "dmean2": 0.82145690918,
        "dvar": 0.587140619755,
        "dvar2": 1.37116658688,
        "max": 28.1188564301,
        "mean": 1.54072511196,
        "median": 1.19121217728,
        "min": -3.83084750175,
        "var": 3.12674307823
    },
    "barkbands_spread": {
        "dmean": 6.90366744995,
        "dmean2": 10.3969764709,
        "dvar": 87.0283584595,
        "dvar2": 177.154922485,
        "max": 102.118522644,
        "mean": 25.7519836426,
        "median": 23.2058010101,
        "min": 0.205677658319,
        "var": 254.821990967
    },
    "dissonance": {
        "dmean": 0.0220400132239,
        "dmean2": 0.037258528173,
        "dvar": 0.000464808981633,
        "dvar2": 0.0012832917273,
        "max": 0.500000119209,
        "mean": 0.456930547953,
        "median": 0.463668525219,
        "min": 0.262621790171,
        "var": 0.000938124139793
    },
    "dynamic_complexity": 4.28862667084,
    "erbbands_crest": {
        "dmean": 2.86170768738,
        "dmean2": 4.47630548477,
        "dvar": 6.97338485718,
        "dvar2": 16.3122558594,
        "max": 32.9826469421,
        "mean": 12.3594236374,
        "median": 10.6653251648,
        "min": 2.13161087036,
        "var": 44.7897109985
    },
    "erbbands_flatness_db": {
        "dmean": 0.0191368442029,
        "dmean2": 0.0267222970724,
        "dvar": 0.000343703693943,
        "dvar2": 0.00064279610524,
        "max": 0.33439335227,
        "mean": 0.16062925756,
        "median": 0.153239548206,
        "min": 0.049696855247,
        "var": 0.00261638709344
    },
    "erbbands_kurtosis": {
        "dmean": 1.36276257038,
        "dmean2": 2.12076258659,
        "dvar": 5.43849086761,
        "dvar2": 12.7699098587,
        "max": 45.2870521545,
        "mean": 1.40267264843,
        "median": 0.0934900045395,
        "min": -1.86346924305,
        "var": 15.703950882
    },
    "erbbands_skewness": {
        "dmean": 0.423131942749,
        "dmean2": 0.634689092636,
        "dvar": 0.197489976883,
        "dvar2": 0.432477682829,
        "max": 6.20996427536,
        "mean": 0.416948795319,
        "median": 0.395478755236,
        "min": -4.52296161652,
        "var": 1.09046816826
    },
    "erbbands_spread": {
        "dmean": 9.96806812286,
        "dmean2": 14.824763298,
        "dvar": 164.080566406,
        "dvar2": 341.268981934,
        "max": 193.980102539,
        "mean": 42.6550712585,
        "median": 37.5526351929,
        "min": 2.66760349274,
        "var": 658.745910645
    },
    "hfc": {
        "dmean": 8.5121049881,
        "dmean2": 12.0656747818,
        "dvar": 308.538665771,
        "dvar2": 648.197814941,
        "max": 229.096694946,
        "mean": 21.7395153046,
        "median": 13.4088153839,
        "min": 1.20529969363e-16,
        "var": 709.26940918
    },
    "melbands_crest": {
        "dmean": 2.85986876488,
        "dmean2": 4.64883852005,
        "dvar": 6.74489736557,
        "dvar2": 17.1974334717,
        "max": 33.3061561584,
        "mean": 14.1671638489,
        "median": 13.487197876,
        "min": 1.83894407749,
        "var": 21.3612155914
    },
    "melbands_flatness_db": {
        "dmean": 0.0250580888242,
        "dmean2": 0.0375110916793,
        "dvar": 0.000747444864828,
        "dvar2": 0.00167823885567,
        "max": 0.579410851002,
        "mean": 0.206542760134,
        "median": 0.198614880443,
        "min": 0.00322429998778,
        "var": 0.00437858933583
    },
    "melbands_kurtosis": {
        "dmean": 9.38940238953,
        "dmean2": 14.7537469864,
        "dvar": 625.040893555,
        "dvar2": 1593.79724121,
        "max": 608.185302734,
        "mean": 19.6422767639,
        "median": 6.75829410553,
        "min": -1.8715441227,
        "var": 2028.10070801
    },
    "melbands_skewness": {
        "dmean": 0.753915846348,
        "dmean2": 1.15078580379,
        "dvar": 0.972925722599,
        "dvar2": 2.33974003792,
        "max": 19.3373947144,
        "mean": 2.70661616325,
        "median": 2.25212597847,
        "min": -1.35539793968,
        "var": 5.1451792717
    },
    "melbands_spread": {
        "dmean": 7.20751953125,
        "dmean2": 10.9955177307,
        "dvar": 122.959533691,
        "dvar2": 259.126098633,
        "max": 202.015197754,
        "mean": 27.0516719818,
        "median": 23.2302246094,
        "min": 0.291219234467,
        "var": 421.545227051
    },
    "pitch_salience": {
        "dmean": 0.0629179477692,
        "dmean2": 0.10170467943,
        "dvar": 0.00369140668772,
        "dvar2": 0.00945603009313,
        "max": 0.949818372726,
        "mean": 0.494710862637,
        "median": 0.489740043879,
        "min": 0.0919388979673,
        "var": 0.0122749870643
    },
    "silence_rate_20dB": {
        "dmean": 0,
        "dmean2": 0,
        "dvar": 0,
        "dvar2": 0,
        "max": 1,
        "mean": 1,
        "median": 1,
        "min": 1,
        "var": 0
    },
    "silence_rate_30dB": {
        "dmean": 0.00879348255694,
        "dmean2": 0.0175892394036,
        "dvar": 0.00871585775167,
        "dvar2": 0.0232289135456,
        "max": 1,
        "mean": 0.993793666363,
        "median": 1,
        "min": 0,
        "var": 0.00616763159633
    },
    "silence_rate_60dB": {
        "dmean": 0.0411224626005,
        "dmean2": 0.08225556463,
        "dvar": 0.0394264310598,
        "dvar2": 0.0837741270661,
        "max": 1,
        "mean": 0.136281356215,
        "median": 0,
        "min": 0,
        "var": 0.117697671056
    },
    "spectral_centroid": {
        "dmean": 263.557891846,
        "dmean2": 399.901794434,
        "dvar": 112498.023438,
        "dvar2": 234122.046875,
        "max": 11114.9628906,
        "mean": 1476.11047363,
        "median": 1432.47387695,
        "min": 122.303993225,
        "var": 531652.6875
    },
    "spectral_complexity": {
        "dmean": 2.93572998047,
        "dmean2": 4.57346105576,
        "dvar": 18.2494220734,
        "dvar2": 40.6804161072,
        "max": 58,
        "mean": 13.9269456863,
        "median": 12,
        "min": 0,
        "var": 85.9207611084
    },
    "spectral_decrease": {
        "dmean": 1.84546111726e-09,
        "dmean2": 2.76085310169e-09,
        "dvar": 1.18539415467e-17,
        "dvar2": 2.5824858311e-17,
        "max": 5.74569240508e-29,
        "mean": -5.13477749209e-09,
        "median": -3.69874553208e-09,
        "min": -4.48176642465e-08,
        "var": 2.77649723874e-17
    },
    "spectral_energy": {
        "dmean": 0.00760175148025,
        "dmean2": 0.0112668927759,
        "dvar": 0.000190489052329,
        "dvar2": 0.000410820939578,
        "max": 0.176899448037,
        "mean": 0.0213516894728,
        "median": 0.0153257139027,
        "min": 1.1258311031e-20,
        "var": 0.000469225953566
    },
    "spectral_energyband_high": {
        "dmean": 0.000673128699418,
        "dmean2": 0.000947691616602,
        "dvar": 3.17518879456e-06,
        "dvar2": 6.55380472381e-06,
        "max": 0.0241748355329,
        "mean": 0.0011302314233,
        "median": 0.000332635361701,
        "min": 8.00197884036e-21,
        "var": 5.55160295335e-06
    },
    "spectral_energyband_low": {
        "dmean": 0.00411046203226,
        "dmean2": 0.006408078596,
        "dvar": 0.000120393800898,
        "dvar2": 0.000269254494924,
        "max": 0.159799963236,
        "mean": 0.00708135729656,
        "median": 0.00388142396696,
        "min": 6.39165019016e-23,
        "var": 0.000153442335431
    },
    "spectral_energyband_middle_high": {
        "dmean": 0.00213683419861,
        "dmean2": 0.00317770359106,
        "dvar": 1.43635124914e-05,
        "dvar2": 3.28497990267e-05,
        "max": 0.0853218957782,
        "mean": 0.00622647954151,
        "median": 0.00228311284445,
        "min": 1.33892944925e-21,
        "var": 7.41222611396e-05
    },
    "spectral_energyband_middle_low": {
        "dmean": 0.0030348917935,
        "dmean2": 0.00472389394417,
        "dvar": 2.95481677313e-05,
        "dvar2": 7.3474519013e-05,
        "max": 0.0974534526467,
        "mean": 0.00796949677169,
        "median": 0.00493974238634,
        "min": 4.30623794839e-22,
        "var": 9.57849551924e-05
    },
    "spectral_entropy": {
        "dmean": 0.194183140993,
        "dmean2": 0.271818697453,
        "dvar": 0.0486548617482,
        "dvar2": 0.0926796197891,
        "max": 9.80861282349,
        "mean": 7.50644493103,
        "median": 7.52076148987,
        "min": 5.42920541763,
        "var": 0.227792978287
    },
    "spectral_flux": {
        "dmean": 0.0218692142516,
        "dmean2": 0.0338752008975,
        "dvar": 0.000836721912492,
        "dvar2": 0.00174270861316,
        "max": 0.363337904215,
        "mean": 0.0695472061634,
        "median": 0.0592853091657,
        "min": 6.98247223929e-11,
        "var": 0.00236744992435
    },
    "spectral_kurtosis": {
        "dmean": 1.18844485283,
        "dmean2": 1.90414822102,
        "dvar": 1.84137701988,
        "dvar2": 4.53437614441,
        "max": 19.2666378021,
        "mean": 3.34353685379,
        "median": 3.02535843849,
        "min": -1.20873808861,
        "var": 4.84587049484
    },
    "spectral_rms": {
        "dmean": 0.000725951220375,
        "dmean2": 0.00103781057987,
        "dvar": 9.50685091539e-07,
        "dvar2": 1.85971578048e-06,
        "max": 0.0131371542811,
        "mean": 0.00405632937327,
        "median": 0.0038667707704,
        "min": 3.31416925153e-12,
        "var": 4.37716198576e-06
    },
    "spectral_rolloff": {
        "dmean": 585.236206055,
        "dmean2": 968.872375488,
        "dvar": 1497174.5,
        "dvar2": 3073882.5,
        "max": 18776.953125,
        "mean": 1624.98291016,
        "median": 1055.12695312,
        "min": 43.06640625,
        "var": 2966859
    },
    "spectral_skewness": {
        "dmean": 0.197569712996,
        "dmean2": 0.299799561501,
        "dvar": 0.0472110919654,
        "dvar2": 0.100863687694,
        "max": 3.89720869064,
        "mean": 1.38894069195,
        "median": 1.38308799267,
        "min": -0.106004051864,
        "var": 0.188277706504
    },
    "spectral_spread": {
        "dmean": 731057.9375,
        "dmean2": 978020.875,
        "dvar": 993732591616,
        "dvar2": 1.69428726579e+12,
        "max": 40728468,
        "mean": 5498069,
        "median": 5088391,
        "min": 2307672.25,
        "var": 3.94178383053e+12
    },
    "spectral_strongpeak": {
        "dmean": 0.628955364227,
        "dmean2": 1.05436754227,
        "dvar": 1.19473421574,
        "dvar2": 3.04741740227,
        "max": 14.338848114,
        "mean": 1.50502681732,
        "median": 0.419678896666,
        "min": 0,
        "var": 4.23230171204
    },
    "zerocrossingrate": {
        "dmean": 0.0123321795836,
        "dmean2": 0.014016488567,
        "dvar": 0.000290901953122,
        "dvar2": 0.000314132164931,
        "max": 0.658203125,
        "mean": 0.067619882524,
        "median": 0.060546875,
        "min": 0.0029296875,
        "var": 0.00152596260887
    },
    "barkbands": {
        "dmean": [0.000125772101455, 0.00268157012761, 0.00156892416999, 0.000900944403838, 0.000943156541325, 0.000534772581887, 0.000262415560428, 0.000412527791923, 0.000917999132071, 0.00108632375486, 0.000275420810794, 0.000365022540791, 0.000199804082513, 0.000306037691189, 0.000529226439539, 0.000230391320656, 9.95208756649e-05, 0.000128767482238, 0.000215593274334, 0.000182827789104, 0.000105381543108, 0.000141768323374, 0.000170956147485, 8.63365348778e-05, 6.23160085524e-05, 9.63864367804e-05, 2.70478693665e-07],
        "dmean2": [0.000213432722376, 0.00418071588501, 0.00263057718985, 0.00155330041889, 0.0015752579784, 0.00084300339222, 0.000389423192246, 0.000628322013654, 0.0013267211616, 0.00168002769351, 0.000414641661337, 0.000571698881686, 0.000311574345687, 0.000472529121907, 0.000843916612212, 0.000351562310243, 0.000161883843248, 0.000205911812373, 0.000327921356075, 0.000275187107036, 0.000157171845785, 0.000215926775127, 0.000251211109571, 0.000121590674098, 8.72258970048e-05, 0.000142164411955, 4.47765586387e-07],
        "dvar": [1.45996139622e-07, 7.60611001169e-05, 1.60147192219e-05, 7.03263003743e-06, 4.01381157644e-06, 1.26043187265e-06, 5.00776536683e-07, 2.38515940509e-06, 7.07148728907e-06, 1.05164344859e-05, 8.06978903256e-07, 1.55956206527e-06, 4.89426554395e-07, 8.58638827594e-07, 2.63574247583e-06, 6.98311794167e-07, 6.16704554091e-08, 8.25129973236e-08, 2.06394474844e-07, 1.27076347667e-07, 5.75987471052e-08, 1.60244752578e-07, 3.1022224789e-07, 5.33093214017e-08, 2.83704331139e-08, 1.96373449057e-07, 2.88024378653e-12],
        "dvar2": [4.10363526271e-07, 0.000170021725353, 4.50068582722e-05, 1.98837242351e-05, 1.05730960058e-05, 3.01553768622e-06, 1.08053950498e-06, 5.48097750652e-06, 1.49148427226e-05, 2.65835442406e-05, 1.62947185345e-06, 3.79903440262e-06, 1.00476893294e-06, 1.8194838276e-06, 6.7271307671e-06, 1.43322688473e-06, 1.50950995703e-07, 2.07589735624e-07, 4.49552231885e-07, 2.67334684168e-07, 1.18087513101e-07, 3.54464049224e-07, 6.65316179038e-07, 1.09342998655e-07, 5.69683393792e-08, 4.58006752524e-07, 7.07115355852e-12],
        "max": [0.00716940639541, 0.137448698282, 0.0761536806822, 0.0551662817597, 0.0356421805918, 0.0447366647422, 0.0238349828869, 0.0512598529458, 0.0914677754045, 0.0856441631913, 0.0387133024633, 0.0379332005978, 0.0384116321802, 0.0355956442654, 0.0355951339006, 0.029048928991, 0.00801876187325, 0.00527537846938, 0.0103635173291, 0.00724842399359, 0.00588726438582, 0.00999299716204, 0.00915229041129, 0.00442895153537, 0.00264663482085, 0.00724436109886, 4.54734326922e-05],
        "mean": [0.000138022427564, 0.00403794227168, 0.00226176297292, 0.00112373183947, 0.00164982199203, 0.00102648511529, 0.000546835712157, 0.000768038502429, 0.00198139180429, 0.0022710794583, 0.000446375866886, 0.00071260810364, 0.00035552616464, 0.000457232701592, 0.00104490318336, 0.000403012760216, 0.000167737991433, 0.000209279678529, 0.000419594667619, 0.000373065675376, 0.000186318939086, 0.000216625470784, 0.000246372626862, 0.00012578710448, 8.74319594004e-05, 9.44844214246e-05, 2.14133450527e-07],
        "median": [3.33875395881e-05, 0.001684631221, 0.00111709034536, 0.000395084149204, 0.000837427855004, 0.000444253266323, 0.000100042423583, 0.000126986182295, 0.00022624572739, 0.00024289637804, 6.62364691379e-05, 6.06399225944e-05, 4.72663741675e-05, 5.78070503252e-05, 8.14708691905e-05, 5.44132162759e-05, 6.86178318574e-05, 6.83084435877e-05, 0.000132064174977, 0.000114895708975, 4.31560438301e-05, 3.56422460754e-05, 4.58301146864e-05, 2.6734696803e-05, 1.6153571778e-05, 8.07499418443e-06, 9.05867825196e-10],
        "min": [5.62248367075e-23, 2.03964751765e-23, 1.88256511658e-23, 1.36296547305e-23, 7.35122816833e-23, 9.32128395464e-23, 7.37758054019e-23, 2.27793147377e-23, 7.35186872339e-23, 6.11631627722e-23, 1.51162047307e-23, 8.7369658469e-23, 2.24442082029e-23, 9.45365860107e-23, 1.2325040352e-22, 8.36842076049e-23, 1.18972391898e-22, 1.76053193175e-22, 1.46562353985e-22, 1.88285497563e-22, 3.27909232974e-22, 4.74659600912e-22, 6.64493310577e-22, 9.76484289738e-22, 1.00543086539e-21, 1.59308604409e-21, 2.63342015489e-21],
        "var": [1.64158365124e-07, 8.79204817466e-05, 1.53487380885e-05, 6.27270628684e-06, 6.10711003901e-06, 3.52710458174e-06, 2.02268211069e-06, 7.41564554119e-06, 3.4013435652e-05, 3.50474765582e-05, 2.57135957327e-06, 5.87341173741e-06, 1.31309809603e-06, 2.0305938051e-06, 9.15448617889e-06, 2.35945026361e-06, 1.12430022625e-07, 1.37607088391e-07, 5.37604705642e-07, 3.82303255719e-07, 1.59312094183e-07, 3.02399911334e-07, 4.40421672465e-07, 8.71688641269e-08, 4.58623681254e-08, 1.938449401e-07, 2.53913274954e-12]
    },
    "erbbands": {
        "dmean": [0.0706032216549, 0.662789583206, 1.72108912468, 2.44049239159, 3.23153543472, 2.88994550705, 4.00882768631, 4.77465391159, 4.35858345032, 4.19710206985, 9.70760345459, 18.3633460999, 32.9840545654, 23.6960506439, 13.313990593, 14.2126026154, 8.86120700836, 12.217171669, 27.8586807251, 14.6729030609, 8.37700176239, 4.74536180496, 5.71104431152, 9.62005329132, 10.220240593, 8.50929260254, 4.92335557938, 4.21767902374, 5.02411985397, 4.64718723297, 4.55208969116, 2.82550573349, 1.21167993546, 0.658211529255, 0.551274776459, 0.664883852005, 0.0797392576933, 0.00507086096331, 0.00013757267152, 1.69688573806e-05],
        "dmean2": [0.11165304482, 1.05882441998, 2.85501766205, 4.12967729568, 5.67539310455, 4.7587480545, 6.32648897171, 7.59362506866, 6.40135669708, 6.44575071335, 14.6081066132, 26.6429214478, 50.7494659424, 35.817905426, 20.2480545044, 22.2379188538, 13.5999975204, 19.3304576874, 44.8313217163, 22.1643657684, 12.9464378357, 7.68839120865, 9.04310131073, 14.8299226761, 15.4188203812, 12.6709690094, 7.47916650772, 6.28996276855, 7.67012786865, 7.05225229263, 6.74651813507, 4.13258218765, 1.75650620461, 0.926237821579, 0.789206027985, 0.997798442841, 0.108982011676, 0.00726218800992, 0.000196700129891, 2.39738037635e-05],
        "dvar": [0.0632456019521, 4.72067928314, 22.6574878693, 37.6325683594, 83.598815918, 37.8402099609, 55.5517654419, 126.21900177, 108.291976929, 209.743896484, 1431.82250977, 2606.10375977, 9751.20214844, 7570.92529297, 1507.83569336, 2330.96020508, 634.435058594, 1299.00085449, 9324.65136719, 1521.68933105, 830.01751709, 132.65713501, 163.290847778, 492.850341797, 427.557678223, 300.342559814, 106.069084167, 119.312019348, 196.445968628, 172.783920288, 197.853302002, 91.9941177368, 9.927734375, 2.75798273087, 3.63582634926, 10.8437299728, 0.0618238784373, 0.000298060331261, 2.4515458108e-07, 1.64722879781e-09],
        "dvar2": [0.14516146481, 11.4240102768, 62.891204834, 103.447105408, 238.293243408, 93.2589263916, 127.700027466, 307.441650391, 228.227554321, 443.527374268, 3308.98217773, 5842.78076172, 24275.8671875, 17982.046875, 3197.77978516, 5727.57666016, 1327.25891113, 2914.20385742, 25857.1503906, 3341.59399414, 1935.34631348, 339.384674072, 412.036651611, 1091.84802246, 936.99029541, 645.30090332, 240.747467041, 240.870285034, 430.164550781, 390.146789551, 389.464599609, 197.370864868, 21.8516750336, 5.49204206467, 7.85017299652, 25.4256229401, 0.125564843416, 0.000637542281765, 5.19779405295e-07, 3.47725559458e-09],
        "max": [4.41949701309, 35.5349159241, 79.4326477051, 106.574699402, 156.979217529, 163.380508423, 203.008682251, 361.233062744, 359.350067139, 557.377380371, 1487.34143066, 1776.12353516, 3171.51416016, 2647.56787109, 1330.7442627, 1476.03833008, 937.713867188, 1101.44226074, 2477.19433594, 1024.0402832, 1540.29455566, 308.419311523, 231.996734619, 532.00201416, 519.950561523, 469.445587158, 146.068008423, 260.189056396, 301.253356934, 374.852752686, 207.550506592, 168.946609497, 48.78307724, 21.3989925385, 36.7443466187, 52.992515564, 3.75538444519, 0.357727169991, 0.0086234016344, 0.000570633390453],
        "mean": [0.0914046913385, 0.995063662529, 2.65705752373, 3.43493556976, 4.23761081696, 5.15419816971, 7.71336126328, 8.73005771637, 9.6226644516, 8.16221523285, 19.6034107208, 39.2935028076, 73.920501709, 51.8543167114, 25.1572723389, 30.4380893707, 17.7155323029, 21.4384078979, 62.60181427, 30.0631084442, 17.8175296783, 8.72840690613, 10.374745369, 17.7106056213, 22.5950317383, 17.9449577332, 9.08847427368, 7.43114089966, 7.75584793091, 7.00748920441, 6.67498111725, 3.98276996613, 1.72762811184, 0.95739787817, 0.676260769367, 0.643722832203, 0.0920302569866, 0.00536331767216, 0.000153945584316, 3.57891949534e-05],
        "median": [0.0257832482457, 0.45884257555, 1.41223728657, 1.46301066875, 1.75061058998, 2.4630112648, 3.46926259995, 3.63600611687, 2.25350236893, 2.07294750214, 3.66116046906, 7.53557777405, 9.59324169159, 5.89408540726, 4.50873565674, 3.43167161942, 3.00613546371, 3.79002332687, 5.05876731873, 4.67511940002, 3.78515338898, 3.70388460159, 4.1808013916, 5.83303928375, 7.73947238922, 5.65293121338, 3.17782974243, 1.39969193935, 1.18928349018, 1.33358168602, 1.2935192585, 0.730679810047, 0.359121084213, 0.192707180977, 0.104774594307, 0.0530522912741, 0.011578483507, 0.000347055814927, 2.32367619901e-05, 2.19442918024e-05],
        "min": [6.40344321893e-22, 5.45611765163e-21, 1.8792213889e-20, 2.98670297645e-20, 7.97999619247e-20, 2.0636821162e-19, 5.35778634628e-19, 6.33099535622e-19, 1.39701789192e-18, 6.57070092401e-19, 5.07783895869e-19, 1.30196605074e-18, 1.9538326601e-18, 1.81832124381e-18, 1.3100698358e-18, 3.97458960843e-18, 1.63780427457e-18, 3.74955967228e-18, 6.44069087918e-18, 8.7631423104e-18, 4.26624687497e-18, 6.27862551767e-18, 8.55862603985e-18, 8.71611130231e-18, 7.12814951934e-18, 8.38186167885e-18, 1.20714089841e-17, 1.54330130909e-17, 1.43103271676e-17, 1.99235648782e-17, 1.93562099678e-17, 2.22152820001e-17, 1.5541267872e-17, 9.30847767284e-18, 7.94142191707e-18, 5.49485699802e-18, 3.46965540147e-18, 1.17854356891e-18, 3.7995755616e-19, 3.83004463022e-20],
        "var": [0.0685009881854, 4.86098384857, 21.140039444, 39.3358879089, 71.4084854126, 71.3703689575, 154.044189453, 302.303314209, 478.332733154, 533.307006836, 5278.07080078, 9374.50585938, 36909.3867188, 29624.75, 4610.80224609, 10457.2714844, 2189.95166016, 2876.08496094, 37602.3320312, 6287.33544922, 4421.35253906, 240.711502075, 298.080780029, 994.244567871, 1553.16003418, 886.933349609, 240.493331909, 323.337371826, 379.584411621, 298.059509277, 312.734100342, 124.125724792, 15.9203882217, 5.00947809219, 4.38837146759, 10.4499444962, 0.0829128697515, 0.000367077824194, 2.93984300015e-07, 2.51450771316e-09]
    },
    "gfcc": {
        "mean": [-25.6370277405, 84.0613174438, -106.081115723, 44.4150428772, -62.5969619751, 23.3439083099, -34.4246635437, 17.2791538239, -29.4940376282, 1.31959116459, -19.7983417511, -3.31104636192, -9.70838928223],
        "cov": [[7675.32763672, -888.67767334, -1370.52148438, -169.81022644, -113.501663208, 110.462944031, 168.892669678, 74.592010498, -171.316482544, 112.133529663, -65.6277008057, 82.6302032471, -81.7215194702], [-888.67767334, 938.340637207, -290.900726318, -104.313873291, 150.234359741, -112.024398804, 77.3482131958, -25.6781921387, 49.2810211182, -63.4542236328, 167.363723755, -125.384254456, 117.860610962], [-1370.52148438, -290.900726318, 1199.22814941, 172.416793823, -183.867752075, 70.1603851318, -149.095199585, -35.4017295837, -28.0691223145, 55.7052154541, -27.3273220062, 219.673110962, -96.3704833984], [-169.81022644, -104.313873291, 172.416793823, 350.046936035, 14.3640785217, -28.0502567291, -22.7827072144, -3.90095543861, 44.9882087708, -26.5619983673, -0.853474497795, 6.6934337616, 15.7519369125], [-113.501663208, 150.234359741, -183.867752075, 14.3640785217, 344.57723999, 101.489776611, 55.8332595825, 46.5784072876, 60.1925468445, 16.2047786713, -3.24443459511, -97.9681015015, 23.7457866669], [110.462944031, -112.024398804, 70.1603851318, -28.0502567291, 101.489776611, 323.757446289, 82.0999679565, -48.5255393982, 41.7806091309, 41.3234024048, -47.6807365417, -24.7707595825, -35.8693389893], [168.892669678, 77.3482131958, -149.095199585, -22.7827072144, 55.8332595825, 82.0999679565, 184.689437866, 36.4909172058, -11.3132963181, -4.08024454117, 12.2082767487, -63.9292602539, 27.7023715973], [74.592010498, -25.6781921387, -35.4017295837, -3.90095543861, 46.5784072876, -48.5255393982, 36.4909172058, 163.546417236, 34.3124160767, -13.847114563, -16.6967544556, -25.4437980652, 9.95705986023], [-171.316482544, 49.2810211182, -28.0691223145, 44.9882087708, 60.1925468445, 41.7806091309, -11.3132963181, 34.3124160767, 183.157653809, 5.01373291016, -50.199836731, -40.7538604736, -6.55834770203], [112.133529663, -63.4542236328, 55.7052154541, -26.5619983673, 16.2047786713, 41.3234024048, -4.08024454117, -13.847114563, 5.01373291016, 112.228286743, 28.992773056, 15.1594638824, -38.9733200073], [-65.6277008057, 167.363723755, -27.3273220062, -0.853474497795, -3.24443459511, -47.6807365417, 12.2082767487, -16.6967544556, -50.199836731, 28.992773056, 170.35319519, 22.0916938782, 21.3562927246], [82.6302032471, -125.384254456, 219.673110962, 6.6934337616, -97.9681015015, -24.7707595825, -63.9292602539, -25.4437980652, -40.7538604736, 15.1594638824, 22.0916938782, 191.178527832, 3.86017870903], [-81.7215194702, 117.860610962, -96.3704833984, 15.7519369125, 23.7457866669, -35.8693389893, 27.7023715973, 9.95705986023, -6.55834770203, -38.9733200073, 21.3562927246, 3.86017870903, 138.478103638]],
        "icov": [[0.00029047371936, 0.000152899126988, 0.000622255261987, -0.000242053778493, 0.000291777600069, -0.000352916977135, 5.35079052497e-05, -0.000384050857974, 0.000379698292818, -0.000410719338106, 0.000147119731992, -0.000570224365219, 0.000272921810392], [0.000152899126988, 0.00332410656847, -0.000455549656181, 0.00199461774901, -0.00165329338051, 0.00224960106425, -0.00190257106442, 0.00266359257512, -0.00266614858992, 0.00254541053437, -0.00353177497163, 0.00139096193016, -0.00113157427404], [0.000622255261987, -0.000455549656181, 0.00303778913803, -0.00192283955403, 0.00170878798235, -0.00234228791669, 0.00162345124409, -0.00225876877084, 0.00198645610362, -0.00200150581077, 0.00131053407677, -0.00277471565641, 0.00143166573253], [-0.000242053778493, 0.00199461774901, -0.00192283955403, 0.00522310985252, -0.00208691973239, 0.00283942464739, -0.00186024757568, 0.00308270636015, -0.0034833769314, 0.00326888076961, -0.00279585830867, 0.00187552254647, -0.00139503111131], [0.000291777600069, -0.00165329338051, 0.00170878798235, -0.00208691973239, 0.00588256539777, -0.00385311897844, 0.00224220380187, -0.00383896986023, 0.00181378028356, -0.00293609709479, 0.00153769517783, 9.81388802757e-05, -0.000153702290845], [-0.000352916977135, 0.00224960106425, -0.00234228791669, 0.00283942464739, -0.00385311897844, 0.0085763502866, -0.0056783943437, 0.00611859094352, -0.00421376898885, 0.00164543662686, -0.00105938059278, 0.00136801926419, -0.000108988831926], [5.35079052497e-05, -0.00190257106442, 0.00162345124409, -0.00186024757568, 0.00224220380187, -0.0056783943437, 0.0109004806727, -0.00543242227286, 0.0039984495379, -0.0018058323767, 0.000751777144615, 0.001195433666, -0.00112119503319], [-0.000384050857974, 0.00266359257512, -0.00225876877084, 0.00308270636015, -0.00383896986023, 0.00611859094352, -0.00543242227286, 0.0119278235361, -0.00519107840955, 0.00354004139081, -0.00217565428466, 0.00187931221444, -0.00091039162362], [0.000379698292818, -0.00266614858992, 0.00198645610362, -0.0034833769314, 0.00181378028356, -0.00421376898885, 0.0039984495379, -0.00519107840955, 0.010548165068, -0.00414733868092, 0.00494756968692, -0.00105891888961, 0.00104164145887], [-0.000410719338106, 0.00254541053437, -0.00200150581077, 0.00326888076961, -0.00293609709479, 0.00164543662686, -0.0018058323767, 0.00354004139081, -0.00414733868092, 0.0149768618867, -0.00623893877491, 0.0012209136039, 0.00180966197513], [0.000147119731992, -0.00353177497163, 0.00131053407677, -0.00279585830867, 0.00153769517783, -0.00105938059278, 0.000751777144615, -0.00217565428466, 0.00494756968692, -0.00623893877491, 0.0119040217251, -0.0030119442381, 0.00051732105203], [-0.000570224365219, 0.00139096193016, -0.00277471565641, 0.00187552254647, 9.81388802757e-05, 0.00136801926419, 0.001195433666, 0.00187931221444, -0.00105891888961, 0.0012209136039, -0.0030119442381, 0.0104802893475, -0.00323564326391], [0.000272921810392, -0.00113157427404, 0.00143166573253, -0.00139503111131, -0.000153702290845, -0.000108988831926, -0.00112119503319, -0.00091039162362, 0.00104164145887, 0.00180966197513, 0.00051732105203, -0.00323564326391, 0.0103574749082]]
    },
    "melbands": {
        "dmean": [0.000676819472574, 0.000878186256159, 0.000435061869211, 0.000204889496672, 0.000142886419781, 0.000104434868263, 6.2659230025e-05, 5.34771061211e-05, 8.36208782857e-05, 0.000129328866024, 0.000168019585544, 0.000104079212178, 4.02053265134e-05, 4.63864344056e-05, 2.64583613898e-05, 1.95371903828e-05, 2.37590647885e-05, 4.67959216621e-05, 2.72798333754e-05, 1.89349357242e-05, 9.09566733753e-06, 5.11108828505e-06, 5.75364447286e-06, 6.37059747532e-06, 8.70234180184e-06, 8.17900581751e-06, 7.03342129782e-06, 5.87881140746e-06, 3.69642702935e-06, 2.55800955529e-06, 2.64735626843e-06, 3.00423721455e-06, 2.93888706437e-06, 2.54353062701e-06, 2.53120083471e-06, 3.20684785038e-06, 1.21671325815e-06, 8.90002411325e-07, 7.34865295726e-07, 5.13029760896e-07],
        "dmean2": [0.00105852715205, 0.00142886827234, 0.000740458199289, 0.00035164077417, 0.000225508629228, 0.000165520832525, 9.2592308647e-05, 8.15901948954e-05, 0.00012341614638, 0.000187661265954, 0.000257934327237, 0.000156841400894, 6.09914059169e-05, 7.16891809134e-05, 4.00455101044e-05, 3.04099921777e-05, 3.75642448489e-05, 7.50809558667e-05, 4.11532892031e-05, 2.72786219284e-05, 1.43570241562e-05, 8.2645456132e-06, 9.38253288041e-06, 1.01141249615e-05, 1.35177970151e-05, 1.26162776724e-05, 1.06846964627e-05, 8.85723511601e-06, 5.70056636207e-06, 3.90725926991e-06, 4.05186256103e-06, 4.60541104985e-06, 4.72424744657e-06, 3.84272925658e-06, 3.77728815693e-06, 4.86172075398e-06, 1.77300375981e-06, 1.32685840981e-06, 1.06961817892e-06, 7.29920031972e-07],
        "dvar": [5.22339087183e-06, 6.38603569314e-06, 1.27996452193e-06, 2.31485799418e-07, 7.10539822535e-08, 5.54013723786e-08, 2.36695640865e-08, 3.43587558405e-08, 9.23913390238e-08, 1.29217667677e-07, 2.48202638886e-07, 1.50320289549e-07, 1.51918175817e-08, 2.40178277267e-08, 9.70290692237e-09, 4.31786562061e-09, 5.84055337427e-09, 2.68394089176e-08, 5.42059330755e-09, 5.26490007147e-09, 1.01328379021e-09, 1.81828746504e-10, 1.87676596486e-10, 2.09871772738e-10, 4.49678905223e-10, 3.4797681403e-10, 2.12997675053e-10, 1.61121185838e-10, 6.43895006758e-11, 3.97711238942e-11, 4.88594824322e-11, 6.87746318229e-11, 7.76415667869e-11, 5.0744571739e-11, 4.79226380801e-11, 1.77239681265e-10, 1.1550469782e-11, 5.44421365628e-12, 3.92447749645e-12, 1.73634902029e-12],
        "dvar2": [1.13478527055e-05, 1.6730857169e-05, 3.55437123289e-06, 6.38372227968e-07, 1.6182079321e-07, 1.34620293579e-07, 5.05817183694e-08, 7.4839810793e-08, 2.03825038625e-07, 2.8252262041e-07, 6.15329270204e-07, 3.59208627287e-07, 3.22471969127e-08, 5.64676341241e-08, 2.08412824776e-08, 7.9496915717e-09, 1.3161798762e-08, 7.34944407554e-08, 1.17276952594e-08, 1.01549240128e-08, 2.28658381118e-09, 4.56224724665e-10, 4.4552059264e-10, 5.24801979651e-10, 9.94329396597e-10, 7.94524335213e-10, 4.53424908731e-10, 3.55084073256e-10, 1.49034437569e-10, 8.5669783767e-11, 1.03511484106e-10, 1.52556883792e-10, 1.88313573068e-10, 1.13386348921e-10, 9.43395708775e-11, 3.9025974119e-10, 2.45209425681e-11, 1.24637114865e-11, 8.57389766823e-12, 3.44905918062e-12],
        "max": [0.0376842282712, 0.0369227230549, 0.0202298238873, 0.00817330740392, 0.00682216743007, 0.00820434093475, 0.00551946507767, 0.00568633666262, 0.0126685770229, 0.0109552303329, 0.016103932634, 0.0122610796243, 0.00502539705485, 0.00555697595701, 0.0045855967328, 0.00428647780791, 0.00260893348604, 0.00449727894738, 0.0015244607348, 0.00241528032348, 0.00152782013174, 0.000444786332082, 0.000451248633908, 0.000286700524157, 0.000501821108628, 0.000579983985517, 0.000355139898602, 0.000376142153982, 0.00014413036115, 0.000205791002372, 0.000134924790473, 0.000186045421287, 0.000202776442165, 0.000206628406886, 0.000114070302516, 0.000241719681071, 7.6124597399e-05, 3.4938173485e-05, 4.06499493693e-05, 1.91016424651e-05],
        "mean": [0.000995606416836, 0.00140994484536, 0.000627004541457, 0.000322202715324, 0.000280368840322, 0.000194865788217, 0.000138648290886, 9.8528485978e-05, 0.000167130187037, 0.000277113402262, 0.000370626221411, 0.000218678978854, 6.99468728271e-05, 8.91919044079e-05, 5.30504185008e-05, 3.31880037265e-05, 3.64984480257e-05, 0.000101950565295, 5.10930040036e-05, 3.39010985044e-05, 1.80627448572e-05, 8.27061830933e-06, 9.34469790081e-06, 1.04495720734e-05, 1.44152108987e-05, 1.64074699569e-05, 1.48566114149e-05, 1.12167190309e-05, 6.19725915385e-06, 4.30335194324e-06, 4.26313181379e-06, 4.36908840129e-06, 4.22960783908e-06, 3.73301668333e-06, 3.7052859625e-06, 4.05299533668e-06, 1.79008554824e-06, 1.21574134937e-06, 1.02787964806e-06, 7.24000699392e-07],
        "median": [0.000353984389221, 0.000792849052232, 0.000302227825159, 0.000156211783178, 0.000131707725814, 8.11910285847e-05, 2.89835334115e-05, 2.24732721108e-05, 2.78236475424e-05, 4.04443344451e-05, 4.02835867135e-05, 1.66469544638e-05, 1.11210574687e-05, 8.69729228725e-06, 6.26251176072e-06, 4.95503172715e-06, 4.99897851114e-06, 6.3340203269e-06, 5.32657395524e-06, 4.26283031629e-06, 3.47582863469e-06, 3.21054221786e-06, 3.58274019163e-06, 3.39065218213e-06, 3.93398477172e-06, 5.18204251421e-06, 4.37367634731e-06, 3.10960740535e-06, 1.93752634914e-06, 8.69587438501e-07, 6.77492550949e-07, 6.46349008093e-07, 6.71773364047e-07, 7.36241304367e-07, 7.81999290211e-07, 5.51650089164e-07, 3.69419694835e-07, 2.48069511599e-07, 1.88633251241e-07, 1.44148827985e-07],
        "min": [9.61800830434e-24, 9.03293778107e-24, 1.01250865165e-23, 1.20003161733e-23, 2.02321333618e-23, 1.72438793435e-23, 2.06651533122e-23, 7.27806542145e-24, 4.62921683541e-24, 9.16167199219e-24, 9.45504384082e-24, 8.52630685305e-24, 2.76307880055e-24, 9.65665538895e-24, 7.56879695262e-24, 2.41627621953e-24, 7.39082283266e-24, 1.0417925884e-23, 9.45434096575e-24, 1.1514410199e-23, 4.18443930768e-24, 6.6552936578e-24, 6.10712170894e-24, 9.7681892769e-24, 6.577818445e-24, 5.16445343758e-24, 5.11124516395e-24, 5.53483231005e-24, 7.44894768188e-24, 5.78298665159e-24, 1.13838008655e-23, 7.44323948437e-24, 1.14497906579e-23, 1.06358991962e-23, 1.12258283138e-23, 9.68391368867e-24, 1.23223875705e-23, 9.94627857055e-24, 8.69004676684e-24, 7.58435960056e-24],
        "var": [6.24218000667e-06, 6.21807248535e-06, 1.25026554088e-06, 2.64342361334e-07, 1.96317742507e-07, 1.40512341318e-07, 1.0752365398e-07, 8.40569427396e-08, 3.62237699392e-07, 5.65204061331e-07, 9.33538387926e-07, 5.85324983149e-07, 4.69362184674e-08, 8.68108642749e-08, 2.88822690209e-08, 1.16156444463e-08, 1.22530767754e-08, 1.05658294558e-07, 1.71578751207e-08, 1.65318887468e-08, 4.93599250362e-09, 3.02252056716e-10, 3.21417809035e-10, 3.70288077978e-10, 8.45274239492e-10, 1.0365839298e-09, 6.97577884345e-10, 4.10158546016e-10, 1.30077004723e-10, 1.13750862896e-10, 1.10058760716e-10, 1.2305931274e-10, 1.27419727547e-10, 8.36594890585e-11, 8.18802040059e-11, 2.097873264e-10, 1.85560559973e-11, 7.98419230036e-12, 6.85179170345e-12, 2.88893800375e-12]
    },
    "mfcc": {
        "mean": [-671.791992188, 107.629463196, 16.279706955, 27.8843402863, 2.98215174675, 6.30602264404, 6.79634618759, 9.51443481445, 0.057758435607, 10.91102314, -4.73200416565, -7.42616558075, -2.11385583878],
        "cov": [[7990.72167969, -837.598388672, -1406.25402832, -325.546203613, -470.749023438, -6.84311389923, 129.883163452, 37.6339035034, -78.6348190308, 157.651382446, -53.2024841309, -167.751907349, -7.65782403946], [-837.598388672, 864.952026367, -263.803192139, -64.8065643311, 24.6666221619, -84.8665237427, 85.5695419312, -38.7682876587, -49.0438308716, 47.4172286987, 1.81670045853, -8.43416213989, 28.2650279999], [-1406.25402832, -263.803192139, 1048.87854004, 89.688621521, 51.2959976196, 96.0205001831, -118.949447632, 11.2627496719, -33.6452789307, -208.516387939, 19.458360672, 122.120773315, 44.3365020752], [-325.546203613, -64.8065643311, 89.688621521, 337.200195312, 71.4537582397, -102.401733398, -20.8460445404, 0.586124897003, 2.7260017395, -31.3020629883, -27.47265625, 30.7223148346, 36.8233222961], [-470.749023438, 24.6666221619, 51.2959976196, 71.4537582397, 250.541793823, 41.0692901611, -10.8000545502, 23.2918434143, 41.3454933167, 34.6901397705, 24.5512752533, 30.3524799347, -1.65443754196], [-6.84311389923, -84.8665237427, 96.0205001831, -102.401733398, 41.0692901611, 323.140899658, 16.8650360107, 16.6935882568, 53.1811256409, 13.3107423782, 60.8293838501, 10.0368852615, -42.4811096191], [129.883163452, 85.5695419312, -118.949447632, -20.8460445404, -10.8000545502, 16.8650360107, 247.36239624, -6.31985569, -27.030128479, 67.8016967773, -13.9075403214, -40.7273788452, 13.1810884476], [37.6339035034, -38.7682876587, 11.2627496719, 0.586124897003, 23.2918434143, 16.6935882568, -6.31985569, 122.344444275, 65.1175765991, 6.65665483475, 5.67142152786, -4.53826999664, -21.6494979858], [-78.6348190308, -49.0438308716, -33.6452789307, 2.7260017395, 41.3454933167, 53.1811256409, -27.030128479, 65.1175765991, 180.84274292, 65.1197128296, 16.3370895386, -24.2573051453, -55.375667572], [157.651382446, 47.4172286987, -208.516387939, -31.3020629883, 34.6901397705, 13.3107423782, 67.8016967773, 6.65665483475, 65.1197128296, 238.100509644, 39.8047294617, -71.9861984253, -41.215221405], [-53.2024841309, 1.81670045853, 19.458360672, -27.47265625, 24.5512752533, 60.8293838501, -13.9075403214, 5.67142152786, 16.3370895386, 39.8047294617, 122.361129761, 49.8400878906, -11.8846054077], [-167.751907349, -8.43416213989, 122.120773315, 30.7223148346, 30.3524799347, 10.0368852615, -40.7273788452, -4.53826999664, -24.2573051453, -71.9861984253, 49.8400878906, 152.151672363, 57.8272171021], [-7.65782403946, 28.2650279999, 44.3365020752, 36.8233222961, -1.65443754196, -42.4811096191, 13.1810884476, -21.6494979858, -55.375667572, -41.215221405, -11.8846054077, 57.8272171021, 110.280960083]],
