{
"lowlevel": {
    "average_loudness": 0.933816373348,
    "barkbands_crest": {
        "dmean": 2.68399262428,
        "dmean2": 4.410987854,
        "dvar": 5.54050445557,
        "dvar2": 14.0418682098,
        "max": 24.2955570221,
        "mean": 8.63625907898,
        "median": 7.89255428314,
        "min": 1.88439142704,
        "var": 13.4255218506
    },
    "barkbands_flatness_db": {
        "dmean": 0.0181260667741,
        "dmean2": 0.0287456214428,
        "dvar": 0.000248695112532,
        "dvar2": 0.000568607065361,
        "max": 0.254462748766,
        "mean": 0.108299709857,
        "median": 0.104848638177,
        "min": 0.0113396504894,
        "var": 0.000976437062491
    },
    "barkbands_kurtosis": {
        "dmean": 1.58244621754,
        "dmean2": 2.51068735123,
        "dvar": 4.71634626389,
        "dvar2": 11.1248168945,
        "max": 49.9866714478,
        "mean": 1.68112766743,
        "median": 0.811525940895,
        "min": -1.90642976761,
        "var": 11.2005758286
    },
    "barkbands_skewness": {
        "dmean": 0.436671972275,
        "dmean2": 0.675791501999,
        "dvar": 0.164031639695,
        "dvar2": 0.365944653749,
        "max": 6.64941596985,
        "mean": 1.17940437794,
        "median": 1.12893128395,
        "min": -1.91717004776,
        "var": 0.681327342987
    },
    "barkbands_spread": {
        "dmean": 6.26530599594,
        "dmean2": 9.65756416321,
        "dvar": 40.0762290955,
        "dvar2": 79.9430618286,
        "max": 114.611274719,
        "mean": 28.3144416809,
        "median": 26.221118927,
        "min": 2.79645967484,
        "var": 188.629226685
    },
    "dissonance": {
        "dmean": 0.0159796625376,
        "dmean2": 0.0269761346281,
        "dvar": 0.000224765142775,
        "dvar2": 0.000600295548793,
        "max": 0.499999970198,
        "mean": 0.471471905708,
        "median": 0.475838959217,
        "min": 0.287589818239,
        "var": 0.000448468927061
    },
    "dynamic_complexity": 2.02070617676,
    "erbbands_crest": {
        "dmean": 2.57844829559,
        "dmean2": 4.26733493805,
        "dvar": 5.87123775482,
        "dvar2": 15.0516576767,
        "max": 28.8253726959,
        "mean": 8.0732717514,
        "median": 7.10365104675,
        "min": 2.21844911575,
        "var": 14.6953468323
    },
    "erbbands_flatness_db": {
        "dmean": 0.0142998732626,
        "dmean2": 0.0210824999958,
        "dvar": 0.000148642386193,
        "dvar2": 0.000324409542372,
        "max": 0.316369533539,
        "mean": 0.146112531424,
        "median": 0.141416937113,
        "min": 0.0617648437619,
        "var": 0.00125090242364
    },
    "erbbands_kurtosis": {
        "dmean": 0.646445512772,
        "dmean2": 1.05320775509,
        "dvar": 0.653703272343,
        "dvar2": 1.61792004108,
        "max": 12.6094341278,
        "mean": -0.0869931951165,
        "median": -0.445125699043,
        "min": -1.72475838661,
        "var": 1.63231050968
    },
    "erbbands_skewness": {
        "dmean": 0.330946743488,
        "dmean2": 0.52311950922,
        "dvar": 0.078309237957,
        "dvar2": 0.191396489739,
        "max": 3.18822169304,
        "mean": 0.376588374376,
        "median": 0.358375966549,
        "min": -2.5392742157,
        "var": 0.39255297184
    },
    "erbbands_spread": {
        "dmean": 7.68958806992,
        "dmean2": 11.8781423569,
        "dvar": 49.9018707275,
        "dvar2": 115.822776794,
        "max": 135.488220215,
        "mean": 43.9729766846,
        "median": 43.0363082886,
        "min": 5.39914560318,
        "var": 302.158935547
    },
    "hfc": {
        "dmean": 6.98330831528,
        "dmean2": 10.4144153595,
        "dvar": 67.2998352051,
        "dvar2": 146.424316406,
        "max": 155.630050659,
        "mean": 27.2339687347,
        "median": 23.5850353241,
        "min": 1.17980466366e-16,
        "var": 308.267272949
    },
    "melbands_crest": {
        "dmean": 3.45218014717,
        "dmean2": 5.6975812912,
        "dvar": 8.74208831787,
        "dvar2": 22.4864883423,
        "max": 31.5509815216,
        "mean": 12.091545105,
        "median": 11.3006620407,
        "min": 1.7940621376,
        "var": 21.3355808258
    },
    "melbands_flatness_db": {
        "dmean": 0.0222838874906,
        "dmean2": 0.0347374267876,
        "dvar": 0.000419308809796,
        "dvar2": 0.000896707060747,
        "max": 0.318888962269,
        "mean": 0.139391541481,
        "median": 0.135926991701,
        "min": 0.00531125208363,
        "var": 0.00178380077705
    },
    "melbands_kurtosis": {
        "dmean": 4.42672157288,
        "dmean2": 7.00843238831,
        "dvar": 44.6614646912,
        "dvar2": 104.387458801,
        "max": 163.97605896,
        "mean": 8.76857376099,
        "median": 5.99796009064,
        "min": -1.73448812962,
        "var": 101.821014404
    },
    "melbands_skewness": {
        "dmean": 0.591754674911,
        "dmean2": 0.923001050949,
        "dvar": 0.348461091518,
        "dvar2": 0.79649579525,
        "max": 11.5704936981,
        "mean": 2.24502420425,
        "median": 2.11024618149,
        "min": -1.10570716858,
        "var": 1.45253002644
    },
    "melbands_spread": {
        "dmean": 8.61609458923,
        "dmean2": 13.5861663818,
        "dvar": 96.7091293335,
        "dvar2": 209.355148315,
        "max": 202.42326355,
        "mean": 30.5900993347,
        "median": 26.9431343079,
        "min": 2.70398068428,
        "var": 313.482086182
    },
    "pitch_salience": {
        "dmean": 0.0662505254149,
        "dmean2": 0.107623234391,
        "dvar": 0.00322105456144,
        "dvar2": 0.00818798318505,
        "max": 0.982582211494,
        "mean": 0.59432631731,
        "median": 0.596828937531,
        "min": 0.185639470816,
        "var": 0.0107389139012
    },
    "silence_rate_20dB": {
        "dmean": 0,
        "dmean2": 0,
        "dvar": 0,
        "dvar2": 0,
        "max": 1,
        "mean": 1,
        "median": 1,
        "min": 1,
        "var": 0
    },
    "silence_rate_30dB": {
        "dmean": 0.000703317287844,
        "dmean2": 0.0014067995362,
        "dvar": 0.000702806690242,
        "dvar2": 0.0021081562154,
        "max": 1,
        "mean": 0.9996483922,
        "median": 1,
        "min": 0,
        "var": 0.00035149444011
    },
    "silence_rate_60dB": {
        "dmean": 0.00961200334132,
        "dmean2": 0.0192262604833,
        "dvar": 0.00951940752566,
        "dvar2": 0.0226079095155,
        "max": 1,
        "mean": 0.0188701357692,
        "median": 0,
        "min": 0,
        "var": 0.0185139197856
    },
    "spectral_centroid": {
        "dmean": 273.369659424,
        "dmean2": 432.806121826,
        "dvar": 70301.9609375,
        "dvar2": 154644.53125,
        "max": 11694.4042969,
        "mean": 1650.00354004,
        "median": 1599.12841797,
        "min": 360.843933105,
        "var": 336625.90625
    },
    "spectral_complexity": {
        "dmean": 4.16949939728,
        "dmean2": 6.57983589172,
        "dvar": 14.7705564499,
        "dvar2": 34.661026001,
        "max": 55,
        "mean": 23.7176513672,
        "median": 23,
        "min": 0,
        "var": 62.2171401978
    },
    "spectral_decrease": {
        "dmean": 2.04303907125e-09,
        "dmean2": 3.10546743876e-09,
        "dvar": 5.53794897203e-18,
        "dvar2": 1.15504779313e-17,
        "max": 1.02744631044e-28,
        "mean": -6.26174756491e-09,
        "median": -5.58571766618e-09,
        "min": -3.1104974596e-08,
        "var": 1.6316734807e-17
    },
    "spectral_energy": {
        "dmean": 0.00812662485987,
        "dmean2": 0.0123469904065,
        "dvar": 8.45777467475e-05,
        "dvar2": 0.000177231471753,
        "max": 0.123886488378,
        "mean": 0.0261034741998,
        "median": 0.0235350355506,
        "min": 1.0482268598e-20,
        "var": 0.000259298598394
    },
    "spectral_energyband_high": {
        "dmean": 0.000507965451106,
        "dmean2": 0.000753812491894,
        "dvar": 7.3450024729e-07,
        "dvar2": 1.57664237577e-06,
        "max": 0.0197201576084,
        "mean": 0.0015218075132,
        "median": 0.00109896075446,
        "min": 7.54805944026e-21,
        "var": 2.50993775808e-06
    },
    "spectral_energyband_low": {
        "dmean": 0.00311986380257,
        "dmean2": 0.00481608090922,
        "dvar": 4.18508789153e-05,
        "dvar2": 8.28928023111e-05,
        "max": 0.103161327541,
        "mean": 0.00541153689846,
        "median": 0.00251192064025,
        "min": 3.52769414474e-23,
        "var": 7.73363644839e-05
    },
    "spectral_energyband_middle_high": {
        "dmean": 0.00226581469178,
        "dmean2": 0.00350761413574,
        "dvar": 1.03965548988e-05,
        "dvar2": 2.47623065661e-05,
        "max": 0.0540645346045,
        "mean": 0.006560056936,
        "median": 0.00450180238113,
        "min": 1.39624573497e-21,
        "var": 3.91547255276e-05
    },
    "spectral_energyband_middle_low": {
        "dmean": 0.00557460216805,
        "dmean2": 0.00880382582545,
        "dvar": 4.38994575234e-05,
        "dvar2": 0.00010228134488,
        "max": 0.109724119306,
        "mean": 0.0134516144171,
        "median": 0.0105589460582,
        "min": 2.34004568725e-22,
        "var": 0.000125375256175
    },
    "spectral_entropy": {
        "dmean": 0.119236066937,
        "dmean2": 0.17724455893,
        "dvar": 0.0120636476204,
        "dvar2": 0.0242182891816,
        "max": 9.81097602844,
        "mean": 7.888048172,
        "median": 7.91372776031,
        "min": 6.5501742363,
        "var": 0.082717448473
    },
    "spectral_flux": {
        "dmean": 0.0206376481801,
        "dmean2": 0.032893717289,
        "dvar": 0.000473302206956,
        "dvar2": 0.00106391857844,
        "max": 0.301321327686,
        "mean": 0.0925966948271,
        "median": 0.0881197303534,
        "min": 6.66324009857e-11,
        "var": 0.00125233281869
    },
    "spectral_kurtosis": {
        "dmean": 0.720977425575,
        "dmean2": 1.20394659042,
        "dvar": 0.503884911537,
        "dvar2": 1.40444505215,
        "max": 15.8913993835,
        "mean": 2.53047227859,
        "median": 2.35051393509,
        "min": -1.22217357159,
        "var": 1.93831038475
    },
    "spectral_rms": {
        "dmean": 0.000761121220421,
        "dmean2": 0.00113950937521,
        "dvar": 5.31106195467e-07,
        "dvar2": 1.05995877675e-06,
        "max": 0.0109938560054,
        "mean": 0.00480305077508,
        "median": 0.00479176454246,
        "min": 3.19790613261e-12,
        "var": 2.39748897002e-06
    },
    "spectral_rolloff": {
        "dmean": 689.632141113,
        "dmean2": 1113.07861328,
        "dvar": 1082043,
        "dvar2": 2016583,
        "max": 19293.75,
        "mean": 2156.66186523,
        "median": 1744.18945312,
        "min": 64.599609375,
        "var": 3198050.5
    },
    "spectral_skewness": {
        "dmean": 0.130769208074,
        "dmean2": 0.209815278649,
        "dvar": 0.0140179758891,
        "dvar2": 0.0333951227367,
        "max": 3.10734272003,
        "mean": 1.27490282059,
        "median": 1.26367473602,
        "min": -0.0890944674611,
        "var": 0.0758784413338
    },
    "spectral_spread": {
        "dmean": 470512.28125,
        "dmean2": 664870,
        "dvar": 596307476480,
        "dvar2": 1.39494424576e+12,
        "max": 41143764,
        "mean": 5314216.5,
        "median": 5069396,
        "min": 2310753.25,
        "var": 2.65443842458e+12
    },
    "spectral_strongpeak": {
        "dmean": 0.640356659889,
        "dmean2": 1.07356405258,
        "dvar": 0.930657982826,
        "dvar2": 2.41779398918,
        "max": 16.1533565521,
        "mean": 1.12723875046,
        "median": 0.736904382706,
        "min": 0,
        "var": 1.53943550587
    },
    "zerocrossingrate": {
        "dmean": 0.0121987322345,
        "dmean2": 0.0138919735327,
        "dvar": 0.000212102429941,
        "dvar2": 0.000207353776204,
        "max": 0.57470703125,
        "mean": 0.0851251259446,
        "median": 0.07861328125,
        "min": 0.01416015625,
        "var": 0.00157440477051
    },
    "barkbands": {
        "dmean": [0.000123565507238, 0.00220164540224, 0.00142498628702, 0.000683850666974, 0.00192852085456, 0.00199995213188, 0.00117827556096, 0.00114951096475, 0.0012880890863, 0.00109403801616, 0.000441826356109, 0.000357980898116, 0.000412709865486, 0.000469940307084, 0.000410991022363, 0.000284038251266, 0.000223881128477, 0.000205592790735, 0.000241403351538, 0.00022373671527, 0.000120476353914, 0.000105329163489, 9.36621727305e-05, 0.000108317770355, 8.49530479172e-05, 2.74427256954e-05, 5.10694633249e-08],
        "dmean2": [0.000203301664442, 0.00338225904852, 0.00243526417762, 0.00118104997091, 0.00308418204077, 0.00322241452523, 0.00190308713354, 0.00186427752487, 0.0020549793262, 0.00174890668131, 0.000710870837793, 0.000595231016632, 0.00068746303441, 0.000776242814027, 0.000677004049066, 0.000464121229015, 0.000373505201424, 0.00033318248461, 0.000392752117477, 0.000362234073691, 0.000197876812308, 0.000170758547029, 0.000146541729919, 0.000157568865689, 0.000117395364214, 3.80098754249e-05, 8.69927418989e-08],
        "dvar": [8.29669914992e-08, 2.75308993878e-05, 1.31887645693e-05, 2.26139923143e-06, 1.04499522422e-05, 1.19875157907e-05, 6.25085613137e-06, 6.70748841003e-06, 7.96370568423e-06, 6.67670474286e-06, 1.25760629999e-06, 5.70837755731e-07, 7.1934675816e-07, 1.16766284464e-06, 7.96977587925e-07, 3.42807084053e-07, 1.51894269607e-07, 1.46758679875e-07, 3.21020650063e-07, 2.8560367582e-07, 4.29629416487e-08, 3.83415859062e-08, 2.47359608352e-08, 6.36384314134e-08, 4.98977072994e-08, 5.87787907236e-09, 3.80784440708e-14],
        "dvar2": [2.1880219947e-07, 6.12595395069e-05, 3.65200976375e-05, 6.31887587588e-06, 2.51390520134e-05, 3.01761192532e-05, 1.44723453559e-05, 1.64994871739e-05, 1.94718504645e-05, 1.65943602042e-05, 3.21692709804e-06, 1.55082693709e-06, 1.67574944498e-06, 2.95691961583e-06, 2.0776940346e-06, 8.36183346564e-07, 3.81536608529e-07, 3.55606516678e-07, 7.48537047457e-07, 7.52411779104e-07, 1.05489043278e-07, 8.76679138173e-08, 5.49417507045e-08, 1.29117879055e-07, 9.50784695419e-08, 1.15163825143e-08, 1.02751689806e-13],
        "max": [0.00401313370094, 0.0942423343658, 0.0591923967004, 0.0245322622359, 0.0867746174335, 0.0526514239609, 0.0623472183943, 0.0601958893239, 0.0592144206166, 0.0519838668406, 0.0222296323627, 0.025853080675, 0.0283669847995, 0.0265721809119, 0.0264560263604, 0.0241460967809, 0.0191091410816, 0.0114049650729, 0.0198225025088, 0.017930150032, 0.00560112064704, 0.00664065498859, 0.00425067683682, 0.00855159386992, 0.00745076779276, 0.00218923483044, 4.85167765873e-06],
        "mean": [0.000144423247548, 0.00307595171034, 0.00177855917718, 0.000801397312898, 0.00323755480349, 0.00329736783169, 0.00171208428219, 0.00164142926224, 0.0020063247066, 0.00170162227005, 0.000678058771882, 0.00055020704167, 0.000612491683569, 0.000717543240171, 0.000657878175844, 0.000499419867992, 0.000412853696616, 0.000398242555093, 0.000482355535496, 0.000468422455015, 0.000253519101534, 0.000256786908722, 0.000229704222875, 0.000261335255345, 0.000180007176823, 4.78896290588e-05, 4.62311220417e-08],
        "median": [2.90578227577e-05, 0.00100473407656, 0.000636071781628, 0.000319797894917, 0.00156982871704, 0.00149380555376, 0.000566602800973, 0.000587847491261, 0.000585185363889, 0.000469549995614, 0.000244821654633, 0.000245382077992, 0.000260365603026, 0.000297136954032, 0.000333689094987, 0.000273570243735, 0.000255213759374, 0.000234276216361, 0.000270851480309, 0.000261149776634, 0.00017811456928, 0.000176756264409, 0.000161317904713, 0.000142461169162, 7.08114239387e-05, 1.40305037348e-05, 2.84656942462e-09],
        "min": [1.73684235199e-24, 9.52830693081e-24, 1.27688954646e-23, 3.29664439811e-24, 2.72038651611e-23, 3.414209246e-23, 4.26735063986e-23, 4.18444830069e-23, 9.32232351554e-24, 2.39554321944e-23, 3.22071618099e-23, 4.27948647602e-23, 3.78560622236e-23, 6.78248343704e-23, 1.21994511715e-22, 6.72369310476e-23, 1.333639916e-22, 6.88376939074e-23, 2.35383825753e-22, 2.40537245788e-22, 3.59912726676e-22, 4.73599169907e-22, 4.8577332578e-22, 8.50765256456e-22, 1.02537781291e-21, 1.59129607452e-21, 2.3074724214e-21],
        "var": [1.0555407215e-07, 3.96156865463e-05, 1.28014708025e-05, 2.36498817685e-06, 2.38544434978e-05, 2.59567241301e-05, 1.11659428512e-05, 1.10228784251e-05, 1.67126381712e-05, 1.31685501401e-05, 2.3212146516e-06, 1.08648941932e-06, 1.60300191965e-06, 1.97995609597e-06, 1.13754401809e-06, 6.91796060437e-07, 3.47179508253e-07, 2.92104687105e-07, 7.48767490677e-07, 6.21229844455e-07, 8.50736867619e-08, 1.21470151271e-07, 6.76487630358e-08, 1.95240033918e-07, 1.5759984251e-07, 1.49489753909e-08, 3.24548500325e-14]
    },
    "erbbands": {
        "dmean": [0.0750611647964, 0.479383856058, 1.44758105278, 1.97045218945, 3.14064741135, 7.1513504982, 14.8450622559, 17.0645275116, 17.2655582428, 19.020111084, 22.2434062958, 32.9710617065, 35.6665039062, 20.9124355316, 15.8358707428, 14.4690151215, 18.2614059448, 20.0751953125, 23.8407516479, 16.9180870056, 12.7506246567, 11.3066797256, 10.9867773056, 12.3610801697, 9.77346420288, 10.3829584122, 7.25138711929, 3.89326786995, 4.08667564392, 2.98170638084, 2.65720534325, 2.38366985321, 1.83879745007, 1.11931300163, 0.510999083519, 0.197656989098, 0.0366986468434, 0.00173084321432, 4.53188658867e-05, 1.15596330943e-05],
        "dmean2": [0.121982641518, 0.752615451813, 2.4305460453, 3.39783930779, 5.23128700256, 11.6205396652, 23.8089466095, 27.490852356, 27.8303222656, 30.8714504242, 35.9028167725, 52.8524246216, 56.9058227539, 33.1152000427, 25.4228801727, 23.8196544647, 30.4589271545, 32.9587173462, 39.1148605347, 27.6268558502, 20.6614513397, 18.7204875946, 17.8037452698, 19.9377326965, 16.0004806519, 16.6965007782, 11.7409124374, 6.35434484482, 6.69264411926, 4.74425411224, 4.15493011475, 3.61639142036, 2.6846010685, 1.60205924511, 0.706575155258, 0.273481488228, 0.0507258288562, 0.00245466618799, 6.12194198766e-05, 1.70722178154e-05],
        "dvar": [0.0407071821392, 1.19592308998, 12.8328819275, 20.4928607941, 31.333108902, 173.150253296, 742.844116211, 1067.66516113, 1469.31445312, 2030.51062012, 2712.93261719, 5923.79003906, 6942.84179688, 2417.84155273, 1244.33178711, 1146.46191406, 1467.97680664, 1796.51782227, 2795.88647461, 977.667114258, 680.350280762, 509.909912109, 355.376678467, 1195.3182373, 337.99230957, 520.25793457, 208.069641113, 56.2744636536, 61.9333457947, 25.6691513062, 19.5854187012, 23.082277298, 22.5693531036, 8.75368595123, 2.16281580925, 0.322926551104, 0.00999809894711, 3.60879967047e-05, 1.5823705013e-08, 1.76311354405e-10],
        "dvar2": [0.0988200083375, 2.67410230637, 34.5538291931, 58.126247406, 83.9438247681, 430.742980957, 1786.53381348, 2598.24804688, 3400.90966797, 4606.48388672, 6979.59326172, 14780.1337891, 16774.1035156, 5826.49853516, 3267.87280273, 3109.81396484, 3475.44091797, 4650.66845703, 7276.92529297, 2414.87133789, 1690.25463867, 1227.67810059, 891.270263672, 2532.34545898, 877.318481445, 1355.78222656, 509.51272583, 132.258422852, 142.809783936, 58.4479560852, 43.3946838379, 48.9176826477, 47.535900116, 17.7855300903, 4.06715106964, 0.63413053751, 0.0198354832828, 7.51122133806e-05, 3.06680334461e-08, 3.52337159448e-10],
        "max": [2.95708823204, 19.9955062866, 59.5297355652, 70.0380935669, 131.737503052, 298.90335083, 579.244018555, 648.076171875, 1093.9666748, 1352.60290527, 1781.79577637, 1839.98034668, 1897.43737793, 1134.24108887, 845.433227539, 1232.23706055, 1353.86047363, 1054.39807129, 1557.4161377, 815.353088379, 1115.50085449, 1328.0559082, 518.356445312, 1759.74035645, 612.718994141, 732.487976074, 471.690765381, 245.237243652, 294.7684021, 174.309082031, 122.989425659, 126.569702148, 159.021499634, 90.6725769043, 58.5145530701, 14.9478178024, 2.88045477867, 0.205235034227, 0.00380604271777, 0.000257579260506],
        "mean": [0.088467516005, 0.695829749107, 1.94822084904, 2.54208254814, 4.32156419754, 11.5578765869, 24.5924377441, 27.5697002411, 26.1005916595, 27.9361438751, 34.7780570984, 51.9137992859, 57.1427726746, 36.5497932434, 26.264799118, 24.1375770569, 28.622631073, 32.7102928162, 39.6228179932, 32.0679702759, 25.2998371124, 22.6770687103, 22.6667480469, 24.7211742401, 20.9311923981, 22.4577445984, 15.1890554428, 8.8604888916, 9.61796760559, 7.35109901428, 6.47765731812, 5.74243688583, 4.12646627426, 2.38392305374, 1.02200973034, 0.365121811628, 0.0579679496586, 0.00242712651379, 8.93164033187e-05, 3.99452146667e-05],
        "median": [0.0211832821369, 0.251183450222, 0.750945806503, 1.14991307259, 2.22851443291, 4.80028057098, 9.99490833282, 11.4800682068, 9.77381229401, 10.5120420456, 14.4714193344, 16.0829277039, 18.6313018799, 12.8176937103, 12.1835575104, 11.2687759399, 12.9874744415, 15.7494840622, 20.4210205078, 17.555644989, 15.3516979218, 14.1433124542, 13.8274784088, 13.1029834747, 13.299446106, 12.9670600891, 9.86329174042, 6.3376159668, 6.46834945679, 5.34896373749, 4.42841053009, 3.42166876793, 2.07766103745, 0.985410809517, 0.362418591976, 0.116295590997, 0.0142014566809, 0.000478026806377, 3.8425110688e-05, 3.49609545083e-05],
        "min": [3.00566783885e-22, 2.11539910407e-21, 1.38095121391e-20, 1.57001045149e-20, 4.8498823929e-20, 8.54564362108e-20, 3.61917852062e-20, 3.10430078844e-19, 3.17524806958e-19, 8.93485962889e-19, 6.4458442144e-19, 2.90720226004e-19, 1.18027165261e-18, 9.22575526888e-19, 1.84306159555e-18, 2.14169551017e-18, 2.42667101852e-18, 2.76458649966e-18, 4.89946852313e-18, 5.0375104917e-18, 5.21786523015e-18, 8.49467918823e-18, 5.18446946728e-18, 1.01167084047e-17, 1.25308151701e-17, 1.23207576167e-17, 1.35709112452e-17, 1.13734621074e-17, 1.57996311189e-17, 1.28492987311e-17, 1.35786453839e-17, 1.84611393337e-17, 1.45167484351e-17, 9.14255516813e-18, 8.37707478465e-18, 5.91626085237e-18, 3.1680496337e-18, 1.2651087438e-18, 3.2683568118e-19, 3.03899985509e-20],
        "var": [0.045091971755, 1.81813776493, 13.7789163589, 20.4478816986, 38.9856643677, 375.948516846, 1788.62792969, 2172.46386719, 2628.05908203, 3247.20507812, 4850.07519531, 11871.2294922, 13744.234375, 5779.20605469, 2321.93237305, 2183.9152832, 3070.82861328, 3163.88232422, 4010.85888672, 2011.66333008, 1433.85253906, 1206.0255127, 797.135009766, 2571.72924805, 836.483032227, 1317.07714844, 479.552429199, 121.703193665, 191.361846924, 68.3471450806, 54.4600372314, 69.3916778564, 62.0512199402, 25.6247463226, 6.35149478912, 0.861692607403, 0.0223099961877, 6.4683801611e-05, 3.77574735921e-08, 6.81677769787e-10]
    },
    "gfcc": {
        "mean": [32.5973892212, 72.3571472168, -132.498977661, 38.1398696899, -76.8617477417, 21.2417449951, -47.575428009, 14.8083105087, -24.8312454224, 5.20829629898, -14.6095619202, -2.34763216972, -5.29462480545],
        "cov": [[2160.03491211, 44.5930595398, 296.875549316, 126.109703064, -21.3750801086, 1.2642172575, -64.7954483032, 71.8726119995, -53.4737281799, 74.6655502319, 9.49724769592, 40.8881645203, -25.5715103149], [44.5930595398, 688.265625, 76.2021255493, 168.703842163, 48.5617370605, -121.130355835, 45.777141571, -42.1169815063, 67.0135345459, -67.2190170288, 77.4458084106, -73.6638641357, 42.0017814636], [296.875549316, 76.2021255493, 668.677185059, 230.024429321, 53.1574440002, 14.5764541626, -83.289352417, -12.3702936172, -24.6802120209, 44.3111953735, -8.40937900543, 53.7236480713, -32.1218986511], [126.109703064, 168.703842163, 230.024429321, 380.385986328, 114.379859924, -10.708114624, 21.3638114929, -6.35645437241, 45.1592597961, -1.03380405903, 23.6437339783, 8.26911449432, 14.6403503418], [-21.3750801086, 48.5617370605, 53.1574440002, 114.379859924, 166.822113037, 66.2960891724, 52.1806793213, 31.300195694, 10.2105875015, 5.78685712814, -1.40705358982, 1.92807638645, -0.332527816296], [1.2642172575, -121.130355835, 14.5764541626, -10.708114624, 66.2960891724, 218.251190186, 108.225326538, 24.4100379944, -4.32955169678, 21.0471668243, -17.4488220215, 17.9357147217, -18.9092388153], [-64.7954483032, 45.777141571, -83.289352417, 21.3638114929, 52.1806793213, 108.225326538, 176.672241211, 44.7725334167, 28.2500782013, -1.5576621294, 12.3195533752, -9.62094116211, 3.1823117733], [71.8726119995, -42.1169815063, -12.3702936172, -6.35645437241, 31.300195694, 24.4100379944, 44.7725334167, 112.815933228, 36.9872970581, 19.6332626343, 6.52693605423, -2.83057928085, 10.8691577911], [-53.4737281799, 67.0135345459, -24.6802120209, 45.1592597961, 10.2105875015, -4.32955169678, 28.2500782013, 36.9872970581, 108.507141113, 22.4286937714, 14.3642034531, -0.802626669407, 11.4646644592], [74.6655502319, -67.2190170288, 44.3111953735, -1.03380405903, 5.78685712814, 21.0471668243, -1.5576621294, 19.6332626343, 22.4286937714, 79.0268249512, 22.9547481537, 26.073469162, -1.68371045589], [9.49724769592, 77.4458084106, -8.40937900543, 23.6437339783, -1.40705358982, -17.4488220215, 12.3195533752, 6.52693605423, 14.3642034531, 22.9547481537, 90.1548995972, 11.2556638718, 28.8287200928], [40.8881645203, -73.6638641357, 53.7236480713, 8.26911449432, 1.92807638645, 17.9357147217, -9.62094116211, -2.83057928085, -0.802626669407, 26.073469162, 11.2556638718, 79.3048782349, 13.4941301346], [-25.5715103149, 42.0017814636, -32.1218986511, 14.6403503418, -0.332527816296, -18.9092388153, 3.1823117733, 10.8691577911, 11.4646644592, -1.68371045589, 28.8287200928, 13.4941301346, 74.179473877]],
        "icov": [[0.000634075666312, -0.000553120160475, 0.000165308461874, -0.000555155857, 0.000787540746387, -0.00052822631551, 0.000666481326334, -0.001286824001, 0.00119289068971, -0.00104161864147, 0.000482590490719, -0.000549427408259, 0.000446147256298], [-0.000553120160475, 0.00460265157744, -0.00187499157619, 0.00126582244411, -0.00277312519029, 0.00355401588604, -0.00366454850882, 0.00456318818033, -0.00447027105838, 0.00461315736175, -0.00394999887794, 0.00399795733392, -0.00187298317906], [0.000165308461874, -0.00187499157619, 0.00346273672767, -0.00260417163372, 0.00161476142239, -0.00232936185785, 0.00329320016317, -0.00267920410261, 0.00305299297906, -0.00296807941049, 0.00187941035256, -0.00271350611001, 0.00202082213946], [-0.000555155857, 0.00126582244411, -0.00260417163372, 0.00625759083778, -0.00473161274567, 0.00276688253507, -0.00282980757765, 0.00398849183694, -0.0044904248789, 0.00307548022829, -0.00203574215993, 0.00139177637175, -0.00174793286715], [0.000787540746387, -0.00277312519029, 0.00161476142239, -0.00473161274567, 0.0119232581928, -0.00496332254261, 0.00225160433911, -0.00606745621189, 0.00476612010971, -0.0035500715021, 0.00299192522652, -0.00215205433778, 0.00146696844604], [-0.00052822631551, 0.00355401588604, -0.00232936185785, 0.00276688253507, -0.00496332254261, 0.0119682969525, -0.00906705111265, 0.00468125799671, -0.00252887490205, 0.0012403097935, -0.000680544704664, 0.00109809276182, -0.000533812912181], [0.000666481326334, -0.00366454850882, 0.00329320016317, -0.00282980757765, 0.00225160433911, -0.00906705111265, 0.0148176057264, -0.0069753001444, 0.00246320269071, -0.00145063875243, 0.000428505620221, -0.00206708349288, 0.00217028730549], [-0.001286824001, 0.00456318818033, -0.00267920410261, 0.00398849183694, -0.00606745621189, 0.00468125799671, -0.0069753001444, 0.0179321039468, -0.00892058759928, 0.00284441187978, -0.00316727883182, 0.00536305690184, -0.00443829596043], [0.00119289068971, -0.00447027105838, 0.00305299297906, -0.0044904248789, 0.00476612010971, -0.00252887490205, 0.00246320269071, -0.00892058759928, 0.0181152094156, -0.00933680776507, 0.00449077319354, -0.00359167926945, 0.0016252087662], [-0.00104161864147, 0.00461315736175, -0.00296807941049, 0.00307548022829, -0.0035500715021, 0.0012403097935, -0.00145063875243, 0.00284441187978, -0.00933680776507, 0.0241171065718, -0.00963603891432, -0.000569329713471, 0.000921234139241], [0.000482590490719, -0.00394999887794, 0.00187941035256, -0.00203574215993, 0.00299192522652, -0.000680544704664, 0.000428505620221, -0.00316727883182, 0.00449077319354, -0.00963603891432, 0.0185704547912, -0.00377872609533, -0.00353832705878], [-0.000549427408259, 0.00399795733392, -0.00271350611001, 0.00139177637175, -0.00215205433778, 0.00109809276182, -0.00206708349288, 0.00536305690184, -0.00359167926945, -0.000569329713471, -0.00377872609533, 0.0197367854416, -0.0059093371965], [0.000446147256298, -0.00187298317906, 0.00202082213946, -0.00174793286715, 0.00146696844604, -0.000533812912181, 0.00217028730549, -0.00443829596043, 0.0016252087662, 0.000921234139241, -0.00353832705878, -0.0059093371965, 0.0185627304018]]
    },
    "melbands": {
        "dmean": [0.000630612368695, 0.000658175733406, 0.000357951154001, 0.000335100630764, 0.000488586898427, 0.000377105083317, 0.000254843907896, 0.000221719383262, 0.000179895141628, 0.00021063296299, 0.000181017254363, 9.0841545898e-05, 5.58948886464e-05, 4.25906582677e-05, 3.64463885489e-05, 4.21136610385e-05, 4.1583476559e-05, 4.29286446888e-05, 2.82946330117e-05, 2.35720126511e-05, 1.4942243979e-05, 1.38202576636e-05, 1.11225717774e-05, 9.9090511867e-06, 1.12988991532e-05, 8.97284644452e-06, 6.33479703538e-06, 8.13338192529e-06, 6.00819430474e-06, 2.84616726276e-06, 2.49902927862e-06, 2.6746167805e-06, 2.00398699235e-06, 1.83570898571e-06, 1.77125684786e-06, 1.45956585129e-06, 1.65760593518e-06, 1.37770393849e-06, 1.35899267661e-06, 8.82062465735e-07],
        "dmean2": [0.000992071814835, 0.0010606154101, 0.000611140450928, 0.000549016636796, 0.000781508220825, 0.000606253102887, 0.000411684886785, 0.000359981146175, 0.000291148491669, 0.000336987082846, 0.000289214076474, 0.00014410125732, 8.95795164979e-05, 7.06626306055e-05, 6.01824831392e-05, 7.03552432242e-05, 6.86736093485e-05, 7.0350819442e-05, 4.62172865809e-05, 3.88845110137e-05, 2.44571419898e-05, 2.3092419724e-05, 1.82817202585e-05, 1.5981389879e-05, 1.83679640031e-05, 1.4878557522e-05, 1.02157464426e-05, 1.31723290906e-05, 9.77726358542e-06, 4.72454166811e-06, 4.127698503e-06, 4.42205555373e-06, 3.28510850522e-06, 2.96491293739e-06, 2.82739733848e-06, 2.26525139624e-06, 2.55050076703e-06, 2.06522850021e-06, 2.03638978746e-06, 1.27556324969e-06],
        "dvar": [2.60307751887e-06, 2.19451362682e-06, 5.85448049151e-07, 3.07369305119e-07, 7.38990991067e-07, 4.76742684441e-07, 2.98425362644e-07, 2.63717510052e-07, 1.73587380914e-07, 2.37456518448e-07, 1.80896833513e-07, 4.89150693284e-08, 1.97824157055e-08, 6.88795642745e-09, 6.76374645181e-09, 7.24839921418e-09, 9.02983732232e-09, 9.51936041105e-09, 4.10817779795e-09, 2.32384333998e-09, 8.33622948448e-10, 8.29946888992e-10, 3.36719763183e-10, 4.42002684453e-10, 1.07938813443e-09, 4.15017409328e-10, 1.26751470431e-10, 4.20516704791e-10, 2.16850717938e-10, 2.2505702163e-11, 2.42723428162e-11, 2.86378160769e-11, 1.20614403881e-11, 9.69465046435e-12, 8.14438013558e-12, 7.85520259949e-12, 1.21646902621e-11, 1.24024991666e-11, 1.16473688333e-11, 6.29247955825e-12],
        "dvar2": [6.10830238656e-06, 5.31399427928e-06, 1.64054597462e-06, 8.0231609445e-07, 1.73716318841e-06, 1.16772457659e-06, 6.97493305779e-07, 6.06319247254e-07, 4.45950519179e-07, 5.86360556554e-07, 4.37707058154e-07, 1.20601612252e-07, 5.19472820315e-08, 1.84210104948e-08, 1.58459396715e-08, 1.81822699119e-08, 2.33472583488e-08, 2.42873507972e-08, 1.02699786453e-08, 5.63291502331e-09, 2.01817251799e-09, 2.05464445457e-09, 8.62916738065e-10, 1.07298092633e-09, 2.30377805721e-09, 1.068837574e-09, 3.04612890467e-10, 1.13117015754e-09, 5.45438472166e-10, 5.70874250649e-11, 5.71464091326e-11, 6.91610518855e-11, 2.8448455397e-11, 2.33688953605e-11, 1.91260566412e-11, 1.77652458716e-11, 2.69021853405e-11, 2.63835446546e-11, 2.63935106409e-11, 1.32477813442e-11],
        "max": [0.0267198737711, 0.0229982696474, 0.0131402565166, 0.00816992204636, 0.0221638344228, 0.0125524420291, 0.0145814754069, 0.0148893203586, 0.0154808880761, 0.0114823691547, 0.00965395756066, 0.00506796175614, 0.00332335219719, 0.00280571891926, 0.00320014008321, 0.00211061746813, 0.00239136209711, 0.00235390616581, 0.00210345489904, 0.00170561671257, 0.000969802436884, 0.00169864099007, 0.00050348386867, 0.000779031193815, 0.00164405035321, 0.000922559178434, 0.000334042764734, 0.000697782728821, 0.000498830340803, 0.000131440800033, 0.000147138198372, 0.000234503269894, 9.68815147644e-05, 0.000105951556179, 8.3216225903e-05, 0.000108567022835, 9.8895667179e-05, 0.00011607316992, 0.000110321561806, 9.05168999452e-05],
        "mean": [0.00083107559476, 0.00100610207301, 0.00048421495012, 0.00052491039969, 0.000830809120089, 0.000616596662439, 0.000384543673135, 0.000318652368151, 0.000279840372968, 0.000325156957842, 0.000282305234578, 0.000151524232933, 8.88740541996e-05, 6.65162006044e-05, 5.75023586862e-05, 6.14765885985e-05, 6.26735927653e-05, 6.67523272568e-05, 4.68522957817e-05, 4.04988386435e-05, 2.70617383649e-05, 2.443806261e-05, 2.12203012779e-05, 1.8366437871e-05, 2.05589931284e-05, 1.64006341947e-05, 1.29512709464e-05, 1.58758321049e-05, 1.11388408186e-05, 5.77246282774e-06, 4.93591051054e-06, 5.82115717407e-06, 4.33332161265e-06, 4.04840420742e-06, 3.91141793443e-06, 3.21852849083e-06, 3.66766789739e-06, 2.90540720016e-06, 2.65998983195e-06, 1.77995502781e-06],
        "median": [0.00024723194656, 0.000433362816693, 0.000240173103521, 0.000255103048403, 0.000363803294022, 0.00026525510475, 0.000139902200317, 0.000117328963825, 0.000111121298687, 9.2438669526e-05, 8.43585003167e-05, 4.85187010781e-05, 3.54466828867e-05, 3.23978492816e-05, 2.48895030381e-05, 2.62797784671e-05, 2.66499955615e-05, 3.17706435453e-05, 2.34813742281e-05, 2.14032588701e-05, 1.60250474437e-05, 1.43625675264e-05, 1.28672754727e-05, 1.07393389044e-05, 9.85232236417e-06, 9.76782393991e-06, 8.03153125162e-06, 8.3888280642e-06, 6.23525966148e-06, 3.99563668907e-06, 3.24280063069e-06, 3.6935909975e-06, 3.00638293993e-06, 2.86353497359e-06, 2.62327330347e-06, 2.00806107387e-06, 2.05961282518e-06, 1.46343256802e-06, 1.15111652121e-06, 6.90232297984e-07],
        "min": [3.02296310932e-24, 7.04545558405e-24, 5.2568499544e-24, 4.11547787621e-24, 1.18158840435e-24, 7.12097797167e-24, 6.32228036539e-24, 9.32894442512e-24, 4.25754659764e-24, 1.23386454021e-24, 5.7980373288e-24, 2.80498841665e-24, 6.05159497311e-24, 6.05691781207e-24, 6.36509618545e-24, 2.99394052219e-24, 4.73247241702e-24, 6.85378052788e-24, 8.7456646161e-24, 5.00310258904e-24, 6.54428199577e-24, 6.13039192235e-24, 7.44438727698e-24, 3.38896498706e-24, 8.84053223971e-24, 8.27686903482e-24, 7.76375445902e-24, 8.09426666792e-24, 8.2125879151e-24, 7.74743844892e-24, 6.01843362724e-24, 8.95644667226e-24, 9.00175647607e-24, 5.48537664775e-24, 6.89869037921e-24, 8.35521948879e-24, 1.08983989733e-23, 1.02608195016e-23, 1.03223364527e-23, 6.51917334202e-24],
        "var": [3.27858333549e-06, 3.04899435832e-06, 6.0251704781e-07, 6.02440366038e-07, 1.82056578524e-06, 9.89318323263e-07, 5.42668033177e-07, 4.20441352844e-07, 3.30010436755e-07, 4.76935269944e-07, 3.56782862809e-07, 1.11922005885e-07, 3.6003026338e-08, 1.35838380544e-08, 1.50370009777e-08, 1.49020973339e-08, 1.527587834e-08, 1.41138443155e-08, 6.59350574139e-09, 4.41692904474e-09, 1.70532721278e-09, 1.71964809059e-09, 7.45695394322e-10, 7.47909956189e-10, 2.26461494002e-09, 7.32231275613e-10, 3.22637361272e-10, 8.74192274125e-10, 4.2983233639e-10, 4.68201137582e-11, 4.95838856085e-11, 9.60977131204e-11, 2.73338348483e-11, 2.24970840568e-11, 2.00501646536e-11, 1.94590732416e-11, 3.26769340753e-11, 3.20173471069e-11, 2.89055220731e-11, 1.65154452614e-11]
    },
    "mfcc": {
        "mean": [-598.844909668, 92.4564666748, -0.114696770906, 12.9427070618, -0.839900493622, -0.382418841124, -4.6569890976, -0.410375863314, -2.06104254723, 5.14048337936, -3.40896224976, -2.4555888176, -2.59220790863],
        "cov": [[1315.53320312, 23.6765842438, 160.789993286, 107.583679199, 42.8014831543, -34.8975410461, 34.9277648926, -4.65659236908, -23.0336761475, 53.7122573853, 7.21380186081, -10.4885625839, 2.96219062805], [23.6765842438, 475.427459717, 48.6737365723, 112.305976868, 10.0274839401, -46.7379379272, -10.2595071793, -10.1158704758, -35.2445297241, 22.1204071045, -10.6946735382, -11.7137918472, 7.36846637726], [160.789993286, 48.6737365723, 529.711853027, 187.975418091, 128.610809326, 50.6989440918, -13.133600235, -28.1509304047, -29.8709621429, -28.9927101135, -1.21178078651, 11.7643194199, 19.728635788], [107.583679199, 112.305976868, 187.975418091, 376.575897217, 131.651443481, 15.2065181732, -14.6378917694, 0.754554748535, 4.47483205795, -2.67369174957, -14.9022750854, 31.0839767456, 48.9390029907], [42.8014831543, 10.0274839401, 128.610809326, 131.651443481, 174.12928772, 27.7489566803, 11.4437770844, -1.55109858513, 15.3962182999, -6.25186824799, -5.94412183762, 17.6740245819, 21.2746715546], [-34.8975410461, -46.7379379272, 50.6989440918, 15.2065181732, 27.7489566803, 195.668395996, 65.78565979, 52.4432868958, 34.5570449829, -13.0994606018, 39.0611343384, 11.2725820541, -9.59951972961], [34.9277648926, -10.2595071793, -13.133600235, -14.6378917694, 11.4437770844, 65.78565979, 158.378448486, 52.8950691223, 20.4434680939, 22.9983863831, 13.6266851425, 6.27435350418, -4.61791133881], [-4.65659236908, -10.1158704758, -28.1509304047, 0.754554748535, -1.55109858513, 52.4432868958, 52.8950691223, 105.484237671, 53.0778083801, 20.7704792023, 22.6379947662, 8.62838554382, -1.57626307011], [-23.0336761475, -35.2445297241, -29.8709621429, 4.47483205795, 15.3962182999, 34.5570449829, 20.4434680939, 53.0778083801, 96.5720443726, 31.7462673187, 23.1833591461, 7.82223129272, 3.51121783257], [53.7122573853, 22.1204071045, -28.9927101135, -2.67369174957, -6.25186824799, -13.0994606018, 22.9983863831, 20.7704792023, 31.7462673187, 97.5715408325, 20.468963623, 0.109612159431, -0.451474547386], [7.21380186081, -10.6946735382, -1.21178078651, -14.9022750854, -5.94412183762, 39.0611343384, 13.6266851425, 22.6379947662, 23.1833591461, 20.468963623, 82.6971664429, 24.2661800385, 0.620011746883], [-10.4885625839, -11.7137918472, 11.7643194199, 31.0839767456, 17.6740245819, 11.2725820541, 6.27435350418, 8.62838554382, 7.82223129272, 0.109612159431, 24.2661800385, 65.2128677368, 29.379693985], [2.96219062805, 7.36846637726, 19.728635788, 48.9390029907, 21.2746715546, -9.59951972961, -4.61791133881, -1.57626307011, 3.51121783257, -0.451474547386, 0.620011746883, 29.379693985, 64.2502365112]],
