{
"lowlevel": {
    "average_loudness": 0.820852041245,
    "barkbands_crest": {
        "dmean": 2.23679041862,
        "dmean2": 3.59585285187,
        "dvar": 4.33912611008,
        "dvar2": 10.7299442291,
        "max": 26.7848644257,
        "mean": 9.70432281494,
        "median": 9.0173740387,
        "min": 2.40380167961,
        "var": 18.2336196899
    },
    "barkbands_flatness_db": {
        "dmean": 0.0181793551892,
        "dmean2": 0.0280957911164,
        "dvar": 0.000303699605865,
        "dvar2": 0.000684837170411,
        "max": 0.421943217516,
        "mean": 0.143948987126,
        "median": 0.132538497448,
        "min": 0.0350124947727,
        "var": 0.00247900024988
    },
    "barkbands_kurtosis": {
        "dmean": 1.6877695322,
        "dmean2": 2.74329161644,
        "dvar": 161.002166748,
        "dvar2": 452.900543213,
        "max": 861.030456543,
        "mean": 2.06150317192,
        "median": 0.430061101913,
        "min": -1.90277469158,
        "var": 113.616500854
    },
    "barkbands_skewness": {
        "dmean": 0.389062315226,
        "dmean2": 0.606047928333,
        "dvar": 0.319047868252,
        "dvar2": 0.759099364281,
        "max": 28.2646408081,
        "mean": 0.734003484249,
        "median": 0.495482623577,
        "min": -3.02003836632,
        "var": 1.26802170277
    },
    "barkbands_spread": {
        "dmean": 4.61641836166,
        "dmean2": 7.30546998978,
        "dvar": 33.2777137756,
        "dvar2": 74.3658905029,
        "max": 109.808303833,
        "mean": 23.7884998322,
        "median": 20.8173465729,
        "min": 0.519779205322,
        "var": 194.213470459
    },
    "dissonance": {
        "dmean": 0.0208726711571,
        "dmean2": 0.0353731550276,
        "dvar": 0.000565557857044,
        "dvar2": 0.00158694619313,
        "max": 0.500000059605,
        "mean": 0.45693898201,
        "median": 0.470127999783,
        "min": 0.204505100846,
        "var": 0.00167173799127
    },
    "dynamic_complexity": 2.91334724426,
    "erbbands_crest": {
        "dmean": 2.58472657204,
        "dmean2": 4.07117176056,
        "dvar": 5.72065830231,
        "dvar2": 13.7830467224,
        "max": 32.0132102966,
        "mean": 11.0954685211,
        "median": 9.91694736481,
        "min": 2.04850053787,
        "var": 30.0498962402
    },
    "erbbands_flatness_db": {
        "dmean": 0.0164594780654,
        "dmean2": 0.0239280723035,
        "dvar": 0.000231277634157,
        "dvar2": 0.000462548312498,
        "max": 0.373248904943,
        "mean": 0.187785506248,
        "median": 0.185617387295,
        "min": 0.0450272746384,
        "var": 0.00280136265792
    },
    "erbbands_kurtosis": {
        "dmean": 0.963757812977,
        "dmean2": 1.52376616001,
        "dvar": 1.93800425529,
        "dvar2": 4.54910564423,
        "max": 36.8586997986,
        "mean": 1.4478957653,
        "median": 0.474119186401,
        "min": -1.7985407114,
        "var": 9.51777744293
    },
    "erbbands_skewness": {
        "dmean": 0.303086906672,
        "dmean2": 0.473494291306,
        "dvar": 0.0826312974095,
        "dvar2": 0.191378086805,
        "max": 4.10383272171,
        "mean": 0.341024905443,
        "median": 0.346032053232,
        "min": -2.76836252213,
        "var": 0.594741106033
    },
    "erbbands_spread": {
        "dmean": 5.39675807953,
        "dmean2": 8.37296772003,
        "dvar": 45.2844352722,
        "dvar2": 99.8092193604,
        "max": 126.56363678,
        "mean": 28.2136268616,
        "median": 24.2910957336,
        "min": 2.92704534531,
        "var": 267.717468262
    },
    "hfc": {
        "dmean": 5.79096603394,
        "dmean2": 8.542552948,
        "dvar": 73.7630462646,
        "dvar2": 157.510772705,
        "max": 283.525482178,
        "mean": 25.1075763702,
        "median": 22.1389369965,
        "min": 1.20567979966e-16,
        "var": 342.033813477
    },
    "melbands_crest": {
        "dmean": 2.75542402267,
        "dmean2": 4.43213796616,
        "dvar": 6.48848152161,
        "dvar2": 16.2657585144,
        "max": 39.4996147156,
        "mean": 12.5548601151,
        "median": 11.7437314987,
        "min": 1.89666259289,
        "var": 26.7315158844
    },
    "melbands_flatness_db": {
        "dmean": 0.0207238383591,
        "dmean2": 0.0319085642695,
        "dvar": 0.000441913754912,
        "dvar2": 0.000979991513304,
        "max": 0.431547790766,
        "mean": 0.169078797102,
        "median": 0.163117572665,
        "min": 0.00635922746733,
        "var": 0.00395891442895
    },
    "melbands_kurtosis": {
        "dmean": 3.50587034225,
        "dmean2": 5.66771554947,
        "dvar": 126.080551147,
        "dvar2": 326.875671387,
        "max": 554.618408203,
        "mean": 6.00609016418,
        "median": 1.93794679642,
        "min": -1.63327240944,
        "var": 202.169662476
    },
    "melbands_skewness": {
        "dmean": 0.504697442055,
        "dmean2": 0.790940821171,
        "dvar": 0.422279149294,
        "dvar2": 1.02600347996,
        "max": 21.8652000427,
        "mean": 1.45953667164,
        "median": 1.11963796616,
        "min": -1.66299259663,
        "var": 2.29950928688
    },
    "melbands_spread": {
        "dmean": 6.87618303299,
        "dmean2": 10.9490528107,
        "dvar": 85.0387954712,
        "dvar2": 188.251953125,
        "max": 219.913101196,
        "mean": 32.7175865173,
        "median": 29.5086956024,
        "min": 1.00560343266,
        "var": 412.542510986
    },
    "pitch_salience": {
        "dmean": 0.0591037459671,
        "dmean2": 0.0953560844064,
        "dvar": 0.00301594077609,
        "dvar2": 0.00752856815234,
        "max": 0.890887141228,
        "mean": 0.565637409687,
        "median": 0.556516706944,
        "min": 0.0213724505156,
        "var": 0.015903595835
    },
    "silence_rate_20dB": {
        "dmean": 0,
        "dmean2": 0,
        "dvar": 0,
        "dvar2": 0,
        "max": 1,
        "mean": 1,
        "median": 1,
        "min": 1,
        "var": 0
    },
    "silence_rate_30dB": {
        "dmean": 0.000464360346086,
        "dmean2": 0.000928828492761,
        "dvar": 0.000464165234007,
        "dvar2": 0.00139246194158,
        "max": 1,
        "mean": 0.999767839909,
        "median": 1,
        "min": 0,
        "var": 0.000232094127568
    },
    "silence_rate_60dB": {
        "dmean": 0.00928720645607,
        "dmean2": 0.0185765698552,
        "dvar": 0.0092008151114,
        "dvar2": 0.021248858422,
        "max": 1,
        "mean": 0.0398142784834,
        "median": 0,
        "min": 0,
        "var": 0.0382307060063
    },
    "spectral_centroid": {
        "dmean": 193.508148193,
        "dmean2": 297.337249756,
        "dvar": 53799.8632812,
        "dvar2": 104010.5,
        "max": 10984.5341797,
        "mean": 1741.91577148,
        "median": 1796.00024414,
        "min": 237.548782349,
        "var": 511417.21875
    },
    "spectral_complexity": {
        "dmean": 2.88298130035,
        "dmean2": 4.63299655914,
        "dvar": 8.29518508911,
        "dvar2": 18.8843517303,
        "max": 51,
        "mean": 18.339756012,
        "median": 18,
        "min": 0,
        "var": 61.9170341492
    },
    "spectral_decrease": {
        "dmean": 1.40578226837e-09,
        "dmean2": 2.1291353125e-09,
        "dvar": 3.14364863281e-18,
        "dvar2": 6.89104481419e-18,
        "max": 4.4182813021e-29,
        "mean": -5.53272627712e-09,
        "median": -4.75834927016e-09,
        "min": -2.83997625417e-08,
        "var": 1.49143708468e-17
    },
    "spectral_energy": {
        "dmean": 0.00571918487549,
        "dmean2": 0.00863179191947,
        "dvar": 5.00126261613e-05,
        "dvar2": 0.000108764586912,
        "max": 0.113618850708,
        "mean": 0.0231590922922,
        "median": 0.0200770311058,
        "min": 1.07691120546e-20,
        "var": 0.000248192081926
    },
    "spectral_energyband_high": {
        "dmean": 0.000300787913147,
        "dmean2": 0.00044998357771,
        "dvar": 6.33612899037e-07,
        "dvar2": 1.3239365444e-06,
        "max": 0.028912242502,
        "mean": 0.000793295330368,
        "median": 0.000468262122013,
        "min": 7.77427314295e-21,
        "var": 1.6070929405e-06
    },
    "spectral_energyband_low": {
        "dmean": 0.002258683322,
        "dmean2": 0.00368351046927,
        "dvar": 1.9840997993e-05,
        "dvar2": 5.08369666932e-05,
        "max": 0.0889720767736,
        "mean": 0.00463967723772,
        "median": 0.00278647826053,
        "min": 7.31396932114e-23,
        "var": 4.00160643039e-05
    },
    "spectral_energyband_middle_high": {
        "dmean": 0.00284277647734,
        "dmean2": 0.00420086551458,
        "dvar": 1.80694532901e-05,
        "dvar2": 3.66595013475e-05,
        "max": 0.0987492278218,
        "mean": 0.0111435260624,
        "median": 0.00694265216589,
        "min": 1.66555088257e-21,
        "var": 0.000147801983985
    },
    "spectral_energyband_middle_low": {
        "dmean": 0.00255454564467,
        "dmean2": 0.00386161683127,
        "dvar": 2.06917720789e-05,
        "dvar2": 4.26776023232e-05,
        "max": 0.0997986271977,
        "mean": 0.00719812884927,
        "median": 0.0042912629433,
        "min": 2.12560098147e-22,
        "var": 7.1312628279e-05
    },
    "spectral_entropy": {
        "dmean": 0.14882811904,
        "dmean2": 0.213759705424,
        "dvar": 0.0224638879299,
        "dvar2": 0.0428046621382,
        "max": 9.80910778046,
        "mean": 7.5185751915,
        "median": 7.60260057449,
        "min": 5.7254447937,
        "var": 0.257021039724
    },
    "spectral_flux": {
        "dmean": 0.0195611789823,
        "dmean2": 0.0314639881253,
        "dvar": 0.000463587988634,
        "dvar2": 0.00112235359848,
        "max": 0.297916352749,
        "mean": 0.0719993412495,
        "median": 0.065409809351,
        "min": 1.03774329407e-10,
        "var": 0.00122381991241
    },
    "spectral_kurtosis": {
        "dmean": 1.27640652657,
        "dmean2": 2.16187691689,
        "dvar": 1.86369609833,
        "dvar2": 5.30000066757,
        "max": 26.3075714111,
        "mean": 4.31889724731,
        "median": 3.78856992722,
        "min": -1.39654266834,
        "var": 6.62230634689
    },
    "spectral_rms": {
        "dmean": 0.000576940132305,
        "dmean2": 0.000866656075232,
        "dvar": 3.76174511985e-07,
        "dvar2": 7.92635319158e-07,
        "max": 0.0105284210294,
        "mean": 0.00446845870465,
        "median": 0.00442575942725,
        "min": 3.24136550933e-12,
        "var": 2.62703224507e-06
    },
    "spectral_rolloff": {
        "dmean": 427.022338867,
        "dmean2": 716.769958496,
        "dvar": 679437,
        "dvar2": 1428801.75,
        "max": 18863.0859375,
        "mean": 2007.48535156,
        "median": 1744.18945312,
        "min": 21.533203125,
        "var": 1948068.625
    },
    "spectral_skewness": {
        "dmean": 0.178386077285,
        "dmean2": 0.289693236351,
        "dvar": 0.0297347344458,
        "dvar2": 0.071985475719,
        "max": 4.04430818558,
        "mean": 1.54943728447,
        "median": 1.46949446201,
        "min": -0.0533622987568,
        "var": 0.211558893323
    },
    "spectral_spread": {
        "dmean": 470166,
        "dmean2": 680794.625,
        "dvar": 453779390464,
        "dvar2": 704919437312,
        "max": 39664292,
        "mean": 4452830,
        "median": 4304938.5,
        "min": 1703450.5,
        "var": 1.72574454579e+12
    },
    "spectral_strongpeak": {
        "dmean": 0.81320554018,
        "dmean2": 1.34656643867,
        "dvar": 1.30554711819,
        "dvar2": 3.26914095879,
        "max": 15.3304538727,
        "mean": 2.08088994026,
        "median": 1.18704760075,
        "min": 0,
        "var": 4.75414657593
    },
    "zerocrossingrate": {
        "dmean": 0.00853551179171,
        "dmean2": 0.0103120142594,
        "dvar": 0.000178454341949,
        "dvar2": 0.000191878032638,
        "max": 0.658203125,
        "mean": 0.0737487226725,
        "median": 0.068359375,
        "min": 0.00341796875,
        "var": 0.00140806345735
    },
    "barkbands": {
        "dmean": [3.72735557903e-05, 0.00158331170678, 0.000882304331753, 0.000557134859264, 0.000445871090051, 0.000723847246263, 0.00070831674384, 0.000321702100337, 0.000703534518834, 0.00136445171665, 0.000448040373158, 0.000622488849331, 0.00089361553546, 0.000268596602837, 0.000414801179431, 0.000233650454902, 0.000229046636377, 0.000177820009412, 0.000205803022254, 0.00014660427405, 8.34007369122e-05, 6.27726694802e-05, 5.27288029843e-05, 5.99234190304e-05, 4.64785989607e-05, 1.25450997075e-05, 7.72314923125e-09],
        "dmean2": [6.4755200583e-05, 0.00260501820594, 0.00145728839561, 0.000930822221562, 0.000711512169801, 0.00112422171514, 0.00104354927316, 0.00049544707872, 0.00107799156103, 0.00205618864857, 0.000658198958263, 0.000923551619053, 0.00134702026844, 0.000411234941566, 0.000663098471705, 0.000374368129997, 0.000366230786312, 0.000276799197309, 0.000318206963129, 0.000228296456044, 0.000133409252157, 9.71672052401e-05, 8.18355474621e-05, 9.16848293855e-05, 7.08588704583e-05, 1.94708572963e-05, 1.3853794556e-08],
        "dvar": [5.15959808212e-09, 1.0356094208e-05, 3.71413466382e-06, 2.2506494588e-06, 8.72339683156e-07, 4.00619364882e-06, 7.33086517357e-06, 1.77817435087e-06, 3.8512644096e-06, 1.03609781945e-05, 2.83411327473e-06, 3.26121971739e-06, 4.6104746616e-06, 4.85544717321e-07, 7.55081941861e-07, 2.30159059811e-07, 2.3141085137e-07, 1.4428790962e-07, 1.59674698352e-07, 6.7570638862e-08, 3.73910076235e-08, 3.717143926e-08, 2.07905550553e-08, 8.39013409859e-08, 9.10030735213e-08, 2.72159450532e-09, 1.47551773571e-15],
        "dvar2": [1.42296530115e-08, 2.68717576546e-05, 1.0137143363e-05, 5.60488433621e-06, 1.98165480469e-06, 8.61313219502e-06, 1.53304681589e-05, 3.68282508134e-06, 8.215829439e-06, 2.16101470869e-05, 5.22330628883e-06, 6.41807537249e-06, 1.00080123957e-05, 1.01885541426e-06, 1.70760301899e-06, 5.30529348453e-07, 5.46627347831e-07, 3.1666763789e-07, 3.51938837184e-07, 1.48572070202e-07, 7.96378643031e-08, 8.16577099272e-08, 4.14468956933e-08, 1.89425776398e-07, 2.34202943261e-07, 6.97227298119e-09, 3.89018558103e-15],
        "max": [0.00176645070314, 0.0542762354016, 0.0408177487552, 0.0286345370114, 0.0309590920806, 0.0744604170322, 0.0946596637368, 0.0346385091543, 0.0567355193198, 0.0815028697252, 0.0852395743132, 0.0543287135661, 0.05564340204, 0.0221499148756, 0.0217026602477, 0.0104788141325, 0.0129787782207, 0.0111848143861, 0.00919945631176, 0.00590938329697, 0.00938751641661, 0.00833833124489, 0.00541821122169, 0.0107950493693, 0.0169319473207, 0.00245693838224, 1.42716010032e-06],
        "mean": [5.15266037837e-05, 0.00252408767119, 0.00160542922094, 0.000806593277957, 0.000876445963513, 0.00153506151401, 0.00160737615079, 0.000528888427652, 0.00147796678357, 0.00340146431699, 0.000923277169932, 0.00139440223575, 0.0022146620322, 0.000487596786115, 0.000808334327303, 0.000452546926681, 0.000478490896057, 0.000391232024413, 0.000553861085791, 0.000406147824833, 0.000187565965462, 0.000131119857542, 0.000108862295747, 0.000113910246, 7.57442467147e-05, 1.64967841556e-05, 6.06182126717e-09],
        "median": [2.14952233364e-05, 0.00131566310301, 0.000705492100678, 0.000340288708685, 0.000436047150288, 0.000495122862048, 0.000277427141555, 0.000111195062345, 0.000243329675868, 0.000491187383886, 0.000114107489935, 0.000210344514926, 0.000351577036781, 0.000114838956506, 0.000303931010421, 0.00019591653836, 0.000197397253942, 0.000178051879629, 0.000233222512179, 0.000189743004739, 8.22333313408e-05, 4.49825420219e-05, 5.35017461516e-05, 5.78148246859e-05, 3.20040599036e-05, 5.36218976777e-06, 6.58914922624e-10],
        "min": [1.35031608843e-23, 2.77905631044e-23, 3.48687627269e-23, 6.71714173327e-25, 4.45374584999e-23, 4.68207943019e-23, 4.80954546852e-23, 2.75748285795e-23, 2.44938439617e-23, 8.74199562403e-23, 2.48382795656e-23, 5.77885420374e-23, 8.72835968997e-23, 1.40434431986e-22, 2.45949235494e-22, 2.12920500295e-22, 2.28689236567e-22, 2.66761860042e-22, 2.77895224391e-22, 1.85676488425e-22, 2.87773328025e-22, 5.06207019414e-22, 5.16528046358e-22, 1.22841127336e-21, 1.15417181338e-21, 1.75623065819e-21, 2.31453273913e-21],
        "var": [7.28998150734e-09, 1.74830656761e-05, 6.75969022268e-06, 2.66104166258e-06, 2.86070235234e-06, 1.13668138511e-05, 2.36696268985e-05, 3.8525618038e-06, 1.26767781694e-05, 5.87204340263e-05, 1.1235412785e-05, 1.85854059964e-05, 2.42989026447e-05, 1.46729746575e-06, 2.06399681701e-06, 6.08644313616e-07, 7.35146386432e-07, 4.74462154898e-07, 7.70896235736e-07, 3.02941884911e-07, 1.47335015299e-07, 1.01933053998e-07, 4.7112568069e-08, 1.25362490166e-07, 9.17930833566e-08, 2.87095791585e-09, 1.36118469909e-15]
    },
    "erbbands": {
        "dmean": [0.0385810695589, 0.388712614775, 0.914348840714, 1.52222442627, 1.46672976017, 1.49374175072, 3.56071972847, 6.7116150856, 11.2146911621, 6.15468358994, 8.26180458069, 13.467997551, 26.3806247711, 45.7330627441, 21.6366119385, 25.458770752, 40.2534446716, 13.4258584976, 23.2590141296, 10.9833507538, 13.1617574692, 10.7735834122, 8.55707263947, 9.59432125092, 9.93622112274, 7.20017004013, 4.1047244072, 2.9130666256, 2.19567322731, 1.68484199047, 1.56964445114, 1.27867114544, 1.00890886784, 0.633683204651, 0.272680699825, 0.0960199534893, 0.0149998450652, 0.000542373396456, 1.87181904039e-05, 7.89334535511e-06],
        "dmean2": [0.063854880631, 0.640707552433, 1.51788771152, 2.54147100449, 2.38757944107, 2.4386806488, 5.46849155426, 10.4390926361, 16.5214366913, 9.0647726059, 12.5859575272, 20.3440322876, 40.9694442749, 66.1745071411, 31.0168647766, 37.1381950378, 59.840007782, 20.629693985, 36.54712677, 17.5422840118, 21.0008430481, 17.0746459961, 13.2977800369, 15.0252084732, 15.2002420425, 11.0811738968, 6.40449714661, 4.63483047485, 3.42624759674, 2.61171889305, 2.4336271286, 1.96026563644, 1.58131730556, 0.988863110542, 0.414127081633, 0.147853031754, 0.0234937835485, 0.000843288667966, 2.83162444248e-05, 1.18030566227e-05],
        "dvar": [0.00614613993093, 0.624252021313, 3.40387797356, 17.1155948639, 8.07896900177, 12.3183908463, 108.787765503, 407.494689941, 1669.53967285, 689.497009277, 1099.48193359, 1678.18469238, 4393.15234375, 12879.2705078, 4177.57226562, 4060.59619141, 9741.63964844, 1181.18188477, 2782.71655273, 623.346984863, 668.808288574, 559.013000488, 326.88873291, 370.350372314, 426.007598877, 165.181335449, 65.9087219238, 86.6962203979, 50.6379966736, 25.0774879456, 16.4294013977, 29.3257217407, 34.7239723206, 31.7928657532, 1.12646913528, 0.139698043466, 0.00524512073025, 4.54636392533e-06, 4.98798868875e-09, 1.47787032612e-10],
        "dvar2": [0.01662879996, 1.61336994171, 9.30166053772, 44.084400177, 19.9168243408, 29.7358589172, 220.561309814, 919.830932617, 3584.20898438, 1437.9864502, 2382.34716797, 3689.94702148, 9531.82421875, 25442.109375, 7518.42529297, 7870.88623047, 20593.6113281, 2388.96777344, 6023.10302734, 1439.06213379, 1562.06433105, 1236.80895996, 719.499938965, 845.346008301, 891.126220703, 359.79901123, 146.543914795, 190.583831787, 112.58215332, 53.626449585, 31.1259250641, 55.9648284912, 90.190788269, 86.3863296509, 2.44031023979, 0.341282516718, 0.0139453075826, 1.12196121336e-05, 1.24157129022e-08, 3.38001515665e-10],
        "max": [1.30068933964, 13.5505933762, 38.1591835022, 88.9848327637, 45.0841636658, 69.9501647949, 487.729034424, 806.603942871, 1402.5, 1086.81945801, 1034.80224609, 1794.83789062, 2074.15673828, 3198.90600586, 2517.63818359, 2206.59936523, 2925.79541016, 1305.97790527, 1520.88696289, 911.599182129, 619.721191406, 737.501159668, 770.177185059, 467.9503479, 635.784912109, 285.42276001, 271.273254395, 539.09753418, 336.868804932, 251.092422485, 155.167251587, 199.838058472, 293.616790771, 342.266357422, 36.9057159424, 18.7998828888, 4.36399650574, 0.101274818182, 0.00375761999749, 0.000499203510117],
        "mean": [0.0612839721143, 0.619757652283, 1.78335976601, 2.44371581078, 2.48699212074, 2.67460489273, 8.20727729797, 13.5431785583, 26.1729354858, 11.6937189102, 15.5936813354, 29.675321579, 55.9307632446, 113.426635742, 50.2751922607, 63.1290550232, 100.914772034, 30.2813968658, 47.2145729065, 23.3887634277, 27.3367156982, 24.6640148163, 21.0077075958, 24.9989376068, 28.6653079987, 20.6466140747, 10.2362346649, 6.49782085419, 4.68679666519, 3.39307689667, 3.28824591637, 2.44923114777, 1.82657420635, 1.04164993763, 0.427666395903, 0.134257867932, 0.0178546886891, 0.000833836151287, 3.9858816308e-05, 3.15616925946e-05],
        "median": [0.0311242081225, 0.305821835995, 0.902759552002, 1.16556584835, 1.28517961502, 1.27757799625, 2.75134658813, 4.57132291794, 5.06066226959, 3.25325322151, 4.06719112396, 6.09232234955, 15.3377332687, 19.6657428741, 12.6484699249, 17.9564743042, 18.4362640381, 11.8515300751, 17.2315273285, 11.2392911911, 13.0337553024, 11.0438556671, 11.3601942062, 12.286813736, 12.5337438583, 9.57594680786, 5.63195085526, 2.53301239014, 1.659283638, 1.4150980711, 1.63609719276, 1.24052262306, 0.896717369556, 0.443005889654, 0.167483299971, 0.0459716655314, 0.00427267933264, 0.000127896477352, 2.40728040808e-05, 2.80721196759e-05],
        "min": [6.87709853049e-22, 7.24019477161e-21, 3.66235120937e-20, 1.98380399863e-20, 3.7466040784e-20, 1.4360513301e-19, 3.60951814967e-19, 4.26723452862e-19, 4.6092059865e-19, 8.08352172354e-19, 6.05764370004e-19, 6.58227266379e-19, 1.95791810514e-18, 2.33216356558e-18, 1.26174294589e-18, 2.66251530721e-18, 4.19561144092e-18, 6.40356080944e-18, 1.10671248665e-17, 1.06581816609e-17, 1.19301720304e-17, 1.39768029815e-17, 1.46360427686e-17, 1.61479188245e-17, 8.95423343961e-18, 9.12417686928e-18, 1.43211169115e-17, 1.09335103821e-17, 2.05426814425e-17, 1.64553322274e-17, 1.34117046199e-17, 1.93657721757e-17, 2.16389587976e-17, 1.39238650767e-17, 8.19378065989e-18, 5.63447102335e-18, 3.46944777913e-18, 1.47070696659e-18, 3.26705762125e-19, 3.44031751526e-20],
        "var": [0.00989809446037, 1.06099689007, 6.80450105667, 21.0244693756, 12.8542051315, 23.9520263672, 560.286254883, 986.819274902, 5700.62353516, 1434.30151367, 2492.55322266, 4675.22460938, 13694.296875, 62142.9101562, 18091.1425781, 20982.3964844, 49485.6210938, 4778.26171875, 7924.34130859, 1581.71508789, 1991.1697998, 1844.10961914, 1186.88574219, 1243.71276855, 2211.16259766, 788.188232422, 238.040847778, 297.616271973, 130.000778198, 65.7775115967, 38.1034851074, 52.291683197, 42.2581443787, 26.2549304962, 1.80403530598, 0.172131150961, 0.00447073765099, 7.97767370386e-06, 6.08248651446e-09, 4.49724424367e-10]
    },
    "gfcc": {
        "mean": [-2.25446152687, 83.6241607666, -143.290634155, 33.362537384, -64.9998626709, 27.4979248047, -37.7573242188, 15.9735307693, -30.254732132, 0.453078001738, -6.34119701385, -4.8446598053, -3.09109306335],
        "cov": [[2932.12133789, -318.035644531, -0.573836922646, 378.354858398, 174.7212677, 180.258621216, 20.1682910919, 213.452880859, -173.014038086, 111.427947998, -96.2752609253, 29.9999504089, -95.6246490479], [-318.035644531, 1313.51953125, 436.669830322, -66.5067977905, 92.8827362061, -72.7641677856, 191.976196289, -79.4785232544, -23.2038288116, -149.612075806, 291.489990234, -154.87008667, 100.319335938], [-0.573836922646, 436.669830322, 872.114990234, 207.84854126, 51.8683700562, 9.14103889465, 9.25247573853, 22.6534729004, 3.51787614822, 3.81371355057, -5.01866674423, 67.6934661865, -20.9654922485], [378.354858398, -66.5067977905, 207.84854126, 702.14465332, 210.387374878, 35.5270805359, 80.0562820435, 89.8082809448, 66.4385910034, 59.6780967712, -129.657272339, 68.697265625, -3.7597091198], [174.7212677, 92.8827362061, 51.8683700562, 210.387374878, 315.486602783, 7.03828239441, 114.043373108, 47.7824668884, -20.6198501587, 17.2768497467, -39.174861908, 21.9306564331, -40.508140564], [180.258621216, -72.7641677856, 9.14103889465, 35.5270805359, 7.03828239441, 260.646575928, 91.9215774536, 38.1775665283, -30.6070346832, 4.65547513962, 71.4128494263, -25.3359775543, 14.338924408], [20.1682910919, 191.976196289, 9.25247573853, 80.0562820435, 114.043373108, 91.9215774536, 266.544342041, 47.8814659119, -32.2311401367, -11.2999830246, 97.2657089233, -39.7375946045, 7.38112878799], [213.452880859, -79.4785232544, 22.6534729004, 89.8082809448, 47.7824668884, 38.1775665283, 47.8814659119, 153.353500366, 11.8597545624, 31.6638469696, 7.09990406036, 13.9628210068, 11.4266138077], [-173.014038086, -23.2038288116, 3.51787614822, 66.4385910034, -20.6198501587, -30.6070346832, -32.2311401367, 11.8597545624, 145.12562561, 33.3336372375, -59.2357063293, 22.2528381348, 10.7861452103], [111.427947998, -149.612075806, 3.81371355057, 59.6780967712, 17.2768497467, 4.65547513962, -11.2999830246, 31.6638469696, 33.3336372375, 101.78352356, -18.6147422791, 35.1862411499, -22.641166687], [-96.2752609253, 291.489990234, -5.01866674423, -129.657272339, -39.174861908, 71.4128494263, 97.2657089233, 7.09990406036, -59.2357063293, -18.6147422791, 287.346160889, -67.7630081177, 60.1162986755], [29.9999504089, -154.87008667, 67.6934661865, 68.697265625, 21.9306564331, -25.3359775543, -39.7375946045, 13.9628210068, 22.2528381348, 35.1862411499, -67.7630081177, 121.591148376, -4.73175096512], [-95.6246490479, 100.319335938, -20.9654922485, -3.7597091198, -40.508140564, 14.338924408, 7.38112878799, 11.4266138077, 10.7861452103, -22.641166687, 60.1162986755, -4.73175096512, 119.303825378]],
        "icov": [[0.000568793795537, -0.000440706440713, 0.000348051486071, -0.000354472751496, 0.00025681493571, -0.000561337627005, 0.000479563314002, -0.000914636533707, 0.00129156326875, -0.000876941892784, 0.000562837405596, -0.000245676346822, 0.00051252200501], [-0.000440706440713, 0.0040538366884, -0.00253146095201, 0.000736616435461, -0.00226816534996, 0.00272811553441, -0.00182363099884, 0.00270262244157, -0.00318831275217, 0.00385887711309, -0.00338113750331, 0.00381965865381, -0.0025518797338], [0.000348051486071, -0.00253146095201, 0.00292504881509, -0.000990517553873, 0.00152296654414, -0.00175207632128, 0.00131289800629, -0.00181725574657, 0.0021017100662, -0.00187834573444, 0.00161615922116, -0.00323496526107, 0.00222177105024], [-0.000354472751496, 0.000736616435461, -0.000990517553873, 0.00272118020803, -0.00168167008087, 0.000254867103649, -0.000979643897153, 0.000361973099643, -0.00174025155138, 7.73381761974e-05, 0.000486710574478, 0.000538733846042, -0.00161938311066], [0.00025681493571, -0.00226816534996, 0.00152296654414, -0.00168167008087, 0.00650772778317, -0.000785109645221, -0.00117029820103, -0.00209769839421, 0.00304325972684, -0.00217627105303, 0.00240487232804, -0.00280333962291, 0.00289388909005], [-0.000561337627005, 0.00272811553441, -0.00175207632128, 0.000254867103649, -0.000785109645221, 0.00673549855128, -0.0027578077279, 0.00142171536572, -0.00170609285124, 0.00220610923134, -0.00286351633258, 0.00292722228914, -0.00195351848379], [0.000479563314002, -0.00182363099884, 0.00131289800629, -0.000979643897153, -0.00117029820103, -0.0027578077279, 0.00741508649662, -0.00251558260061, 0.0017294313293, -0.000821001653094, -0.000533019716386, -0.000577057595365, 0.00176747492515], [-0.000914636533707, 0.00270262244157, -0.00181725574657, 0.000361973099643, -0.00209769839421, 0.00142171536572, -0.00251558260061, 0.0106138186529, -0.00346170901321, 0.000800980138592, -0.00247152312659, 0.00200603436679, -0.00326773454435], [0.00129156326875, -0.00318831275217, 0.0021017100662, -0.00174025155138, 0.00304325972684, -0.00170609285124, 0.0017294313293, -0.00346170901321, 0.0133342342451, -0.00695901969448, 0.00496926670894, -0.00215057865717, 0.000378116877982], [-0.000876941892784, 0.00385887711309, -0.00187834573444, 7.73381761974e-05, -0.00217627105303, 0.00220610923134, -0.000821001653094, 0.000800980138592, -0.00695901969448, 0.0181389208883, -0.00544210989028, -0.000324824039126, 0.00149551278446], [0.000562837405596, -0.00338113750331, 0.00161615922116, 0.000486710574478, 0.00240487232804, -0.00286351633258, -0.000533019716386, -0.00247152312659, 0.00496926670894, -0.00544210989028, 0.00939159747213, -0.000688991567586, -0.00121775676962], [-0.000245676346822, 0.00381965865381, -0.00323496526107, 0.000538733846042, -0.00280333962291, 0.00292722228914, -0.000577057595365, 0.00200603436679, -0.00215057865717, -0.000324824039126, -0.000688991567586, 0.0152781521901, -0.00433444231749], [0.00051252200501, -0.0025518797338, 0.00222177105024, -0.00161938311066, 0.00289388909005, -0.00195351848379, 0.00176747492515, -0.00326773454435, 0.000378116877982, 0.00149551278446, -0.00121775676962, -0.00433444231749, 0.0133903045207]]
    },
    "melbands": {
        "dmean": [0.000403472571634, 0.000466420140583, 0.000249142234679, 0.000100978497358, 0.000106149571366, 0.00014738398022, 0.000164691140526, 6.45191321382e-05, 7.13180561434e-05, 9.46072323131e-05, 0.000142468328704, 0.000200303227757, 7.21922406228e-05, 7.1829665103e-05, 9.693892207e-05, 6.17259429418e-05, 2.41199177253e-05, 3.86641950172e-05, 2.19198736886e-05, 1.35508944368e-05, 1.70290059032e-05, 1.11236540761e-05, 1.21271741591e-05, 8.93336346053e-06, 8.46496823215e-06, 9.62594276643e-06, 6.1600344452e-06, 4.74709440823e-06, 3.30398961523e-06, 1.91882077161e-06, 1.89100308035e-06, 1.4286225678e-06, 1.11434530936e-06, 9.51200149757e-07, 1.06652521481e-06, 7.64628111938e-07, 8.48192030389e-07, 7.72099326696e-07, 6.34835146229e-07, 5.35669641977e-07],
        "dmean2": [0.000662397302222, 0.00077015691204, 0.000411938031903, 0.000163805176271, 0.000163786273333, 0.000227682146942, 0.000241726214881, 9.6225157904e-05, 0.00010806942737, 0.000144873716636, 0.000219566441956, 0.000290016498184, 0.000103323589428, 0.000104443744931, 0.000147005179315, 9.15380005608e-05, 3.72374670405e-05, 6.02660475124e-05, 3.51820526703e-05, 2.20046549657e-05, 2.73021196335e-05, 1.76382254722e-05, 1.93992982531e-05, 1.38506102303e-05, 1.33494531838e-05, 1.49684074131e-05, 9.61049317993e-06, 7.28291161067e-06, 5.13333907293e-06, 3.10378914037e-06, 3.02411717712e-06, 2.23812730837e-06, 1.73742739662e-06, 1.49583058828e-06, 1.66432596416e-06, 1.19501157769e-06, 1.32026138999e-06, 1.22597248264e-06, 9.67555138232e-07, 8.47185333441e-07],
        "dvar": [6.74738259931e-07, 8.13535848465e-07, 3.98261505552e-07, 4.52150565877e-08, 8.57581028413e-08, 1.80290058438e-07, 3.60864930826e-07, 7.33738545478e-08, 7.87636764699e-08, 7.65960948002e-08, 1.17141354394e-07, 2.5036945317e-07, 6.07774879313e-08, 5.27384003135e-08, 5.72097995644e-08, 2.13024513585e-08, 4.64448657311e-09, 8.24865242777e-09, 1.8041830252e-09, 1.08493791728e-09, 1.09375064561e-09, 7.05810798696e-10, 7.65210395048e-10, 3.88875598389e-10, 3.20582588254e-10, 4.49817183501e-10, 1.30013846911e-10, 7.40445274539e-11, 4.51826250025e-11, 2.5413737087e-11, 4.04154487654e-11, 2.22626240359e-11, 1.25621492375e-11, 7.93942082217e-12, 6.71481707043e-12, 8.19171987188e-12, 1.43329532271e-11, 1.70513828751e-11, 1.94006356119e-11, 2.67620908073e-11],
        "dvar2": [1.74343199433e-06, 2.18995660362e-06, 1.00776605905e-06, 1.09082428423e-07, 1.74926668706e-07, 3.95689937704e-07, 7.58496753406e-07, 1.57141968771e-07, 1.73709921114e-07, 1.66641157762e-07, 2.53543845474e-07, 4.95409949508e-07, 1.06450222859e-07, 9.95811433313e-08, 1.29363542101e-07, 4.15302139345e-08, 9.30468324611e-09, 1.73923613289e-08, 4.10328571121e-09, 2.53705145781e-09, 2.5847464169e-09, 1.49845824637e-09, 1.80216419565e-09, 8.34867397437e-10, 7.3289269098e-10, 9.96584259561e-10, 2.90176410678e-10, 1.62163615869e-10, 1.04111365362e-10, 5.60459491317e-11, 8.99367733065e-11, 5.22220600097e-11, 2.77278443261e-11, 1.76042062872e-11, 1.38783654707e-11, 1.64302946248e-11, 2.8791894216e-11, 4.67667432558e-11, 4.60600689534e-11, 7.48848344445e-11],
        "max": [0.013977766037, 0.017205003649, 0.0136300809681, 0.00371504900977, 0.0131758218631, 0.0170498434454, 0.0208008568734, 0.0103824594989, 0.00915538147092, 0.010501852259, 0.0102913435549, 0.0139643009752, 0.0118029043078, 0.00787718966603, 0.00751135870814, 0.00399773893878, 0.00292568816803, 0.0027654513251, 0.00112695200369, 0.000867511669639, 0.00101369642653, 0.0010250764899, 0.000649563560728, 0.000798366207164, 0.000479864946101, 0.000604885746725, 0.000265911628958, 0.000182151736226, 0.000186840057722, 0.000198902242118, 0.000397358788177, 0.000218336543185, 0.000170201281435, 0.000126154060126, 9.51292022364e-05, 0.000126035214635, 0.000143757992191, 0.000183106269105, 0.000221982219955, 0.000317731057294],
        "mean": [0.000644644896965, 0.000909793481696, 0.00043389305938, 0.000173963198904, 0.000249614648055, 0.000301370047964, 0.000385076418752, 0.000111608867883, 0.00013895239681, 0.000200597874937, 0.000303691049339, 0.000498440640513, 0.000155172121595, 0.000167604914168, 0.000252549070865, 0.000135868205689, 4.76067034469e-05, 7.48302190914e-05, 4.22251760028e-05, 2.63503879978e-05, 3.29544236592e-05, 2.33190166909e-05, 2.49895219895e-05, 1.93928517547e-05, 1.90622413356e-05, 2.48669493885e-05, 1.61051048053e-05, 1.23748468468e-05, 7.32688295102e-06, 3.80217352358e-06, 3.85926341551e-06, 2.80316021417e-06, 2.10199618778e-06, 1.76609671598e-06, 2.12259465115e-06, 1.41035502566e-06, 1.51835672568e-06, 1.33333446684e-06, 1.05698472908e-06, 8.22878519102e-07],
        "median": [0.000331960589392, 0.000519143824931, 0.000228863282246, 9.49433160713e-05, 8.98356665857e-05, 9.95239024633e-05, 7.28918384993e-05, 3.16014993587e-05, 2.9456366974e-05, 3.41067971021e-05, 7.06257051206e-05, 7.15271817171e-05, 2.45421524596e-05, 2.31320336752e-05, 4.12158551626e-05, 3.07867048832e-05, 1.02655540104e-05, 2.41040270339e-05, 1.82072908501e-05, 1.00941706478e-05, 1.43600718729e-05, 9.99018720904e-06, 9.54977622314e-06, 8.52406628837e-06, 8.28695283417e-06, 9.10256403586e-06, 7.11216716809e-06, 5.4240672398e-06, 3.42385851582e-06, 1.60787487857e-06, 1.25162216591e-06, 9.53958419814e-07, 7.29207840777e-07, 7.55454550472e-07, 9.66523543866e-07, 6.97575728736e-07, 7.3893983199e-07, 6.65707830194e-07, 4.58613612864e-07, 3.36949398161e-07],
        "min": [8.23720510851e-24, 1.62461927571e-23, 3.92058387312e-24, 5.79831382455e-24, 1.21805164587e-23, 9.66740677423e-24, 7.64716160609e-24, 8.073435218e-24, 4.41561775697e-24, 4.41345272821e-24, 1.03074348702e-23, 1.0224877421e-23, 3.20305137651e-24, 7.28430294463e-24, 8.25186687729e-24, 8.31488660843e-24, 1.21040324497e-23, 1.60332287117e-23, 1.89510658502e-23, 1.36187021857e-23, 1.4014268598e-23, 1.34556667247e-23, 1.5582850666e-23, 1.13588570837e-23, 1.34266855527e-23, 9.53215972747e-24, 3.40461874843e-24, 6.67275509393e-24, 8.89621793101e-24, 7.72377893265e-24, 5.67446542344e-24, 1.34492154202e-23, 8.09375154175e-24, 9.1663814918e-24, 7.53316331667e-24, 8.07023717589e-24, 1.42114759357e-23, 1.54170510364e-23, 1.29683329121e-23, 1.21265544285e-23],
        "var": [1.16696912755e-06, 1.57924296218e-06, 5.24615870745e-07, 6.96122413046e-08, 4.7501617928e-07, 4.64276524781e-07, 1.2382637351e-06, 1.34654982276e-07, 1.779926464e-07, 2.3600156851e-07, 3.96247202161e-07, 1.28712724745e-06, 2.4644495511e-07, 3.11333678837e-07, 3.23268039892e-07, 8.02660480304e-08, 1.89213125168e-08, 2.23635048258e-08, 4.74162442643e-09, 2.49719156464e-09, 3.30736482645e-09, 1.96679561526e-09, 2.36778086027e-09, 1.40137723648e-09, 9.26094589904e-10, 2.0654942201e-09, 5.2328735789e-10, 3.13306075528e-10, 1.4614462418e-10, 7.58914320276e-11, 1.31828076233e-10, 4.94586281652e-11, 2.95995519761e-11, 1.82772807306e-11, 1.42238798864e-11, 1.6269539535e-11, 2.24636125673e-11, 1.90964379726e-11, 2.32846849441e-11, 1.96781098361e-11]
    },
    "mfcc": {
        "mean": [-634.972229004, 103.812065125, -12.9619102478, 10.3104763031, 1.99356365204, 0.686154782772, 10.3097105026, 4.58143901825, -3.86636447906, 5.17400789261, -5.01063871384, -0.902516126633, -0.263046503067],
        "cov": [[2470.91308594, -613.683532715, -185.210098267, 251.219497681, 137.578826904, 90.4578170776, 137.226486206, 89.8940582275, 88.4090652466, 89.9084625244, 39.5317192078, -42.795715332, 33.6240882874], [-613.683532715, 1226.24499512, 335.989593506, -5.74055480957, 25.3904876709, -117.404968262, 197.185928345, -34.3527374268, -163.725418091, 26.2188854218, -56.0802993774, 8.12925243378, -31.9990997314], [-185.210098267, 335.989593506, 757.080566406, 110.166557312, 80.4381103516, 40.4757347107, 53.172794342, 21.6647663116, -16.1230564117, -8.77757644653, -12.5775146484, 29.2881259918, 22.7839355469], [251.219497681, -5.74055480957, 110.166557312, 643.205383301, 155.277694702, 122.430953979, 22.9047412872, 102.085090637, 134.102310181, 18.6489315033, 27.233171463, -11.3896360397, 64.6566238403], [137.578826904, 25.3904876709, 80.4381103516, 155.277694702, 179.856811523, 30.0371570587, 18.9816169739, 36.3692054749, 31.4950561523, 6.1359372139, -1.09592604637, 6.66635560989, 10.5985479355], [90.4578170776, -117.404968262, 40.4757347107, 122.430953979, 30.0371570587, 212.161651611, 14.5560388565, 58.0328674316, 68.2154846191, -7.46563529968, 42.0771217346, -11.3297891617, 9.99139308929], [137.226486206, 197.185928345, 53.172794342, 22.9047412872, 18.9816169739, 14.5560388565, 378.254058838, 75.5107498169, -101.723579407, 124.048309326, -2.51851201057, -6.50360298157, 4.55230665207], [89.8940582275, -34.3527374268, 21.6647663116, 102.085090637, 36.3692054749, 58.0328674316, 75.5107498169, 124.270980835, 54.3479652405, 25.4499549866, 16.0977611542, -7.41763734818, 11.9633016586], [88.4090652466, -163.725418091, -16.1230564117, 134.102310181, 31.4950561523, 68.2154846191, -101.723579407, 54.3479652405, 181.569595337, -10.0931520462, 21.6975879669, -10.5706424713, 14.1116056442], [89.9084625244, 26.2188854218, -8.77757644653, 18.6489315033, 6.1359372139, -7.46563529968, 124.048309326, 25.4499549866, -10.0931520462, 135.743087769, 26.0358657837, -10.93663311, 1.98294949532], [39.5317192078, -56.0802993774, -12.5775146484, 27.233171463, -1.09592604637, 42.0771217346, -2.51851201057, 16.0977611542, 21.6975879669, 26.0358657837, 97.7722167969, 24.7475261688, 6.3426990509], [-42.795715332, 8.12925243378, 29.2881259918, -11.3896360397, 6.66635560989, -11.3297891617, -6.50360298157, -7.41763734818, -10.5706424713, -10.93663311, 24.7475261688, 93.8842391968, 28.6319561005], [33.6240882874, -31.9990997314, 22.7839355469, 64.6566238403, 10.5985479355, 9.99139308929, 4.55230665207, 11.9633016586, 14.1116056442, 1.98294949532, 6.3426990509, 28.6319561005, 84.2779159546]],
