{
"lowlevel": {
    "average_loudness": 0.853583931923,
    "barkbands_crest": {
        "dmean": 2.64167308807,
        "dmean2": 4.11881065369,
        "dvar": 6.21632480621,
        "dvar2": 13.311674118,
        "max": 26.8662605286,
        "mean": 9.73440933228,
        "median": 8.8255443573,
        "min": 2.439193964,
        "var": 18.4507427216
    },
    "barkbands_flatness_db": {
        "dmean": 0.0204909201711,
        "dmean2": 0.0294418931007,
        "dvar": 0.00037729536416,
        "dvar2": 0.000738806964364,
        "max": 0.508862733841,
        "mean": 0.122800558805,
        "median": 0.114596530795,
        "min": 0.0286754928529,
        "var": 0.0017864103429
    },
    "barkbands_kurtosis": {
        "dmean": 2.75303602219,
        "dmean2": 4.20088863373,
        "dvar": 219.740310669,
        "dvar2": 596.963867188,
        "max": 916.048583984,
        "mean": 3.26887631416,
        "median": 0.482676029205,
        "min": -1.95529043674,
        "var": 187.021469116
    },
    "barkbands_skewness": {
        "dmean": 0.527203083038,
        "dmean2": 0.762189924717,
        "dvar": 0.506283938885,
        "dvar2": 1.06074690819,
        "max": 29.9682216644,
        "mean": 1.26737868786,
        "median": 0.992005586624,
        "min": -3.6958193779,
        "var": 1.92149496078
    },
    "barkbands_spread": {
        "dmean": 7.05579519272,
        "dmean2": 10.7445869446,
        "dvar": 70.0423583984,
        "dvar2": 143.720504761,
        "max": 131.322570801,
        "mean": 29.8051605225,
        "median": 27.8098659515,
        "min": 0.60524982214,
        "var": 259.39151001
    },
    "dissonance": {
        "dmean": 0.0162317156792,
        "dmean2": 0.0273878350854,
        "dvar": 0.000242436552071,
        "dvar2": 0.000655518961139,
        "max": 0.500000059605,
        "mean": 0.470666110516,
        "median": 0.47585055232,
        "min": 0.281468033791,
        "var": 0.000524476112332
    },
    "dynamic_complexity": 4.21477603912,
    "erbbands_crest": {
        "dmean": 2.75205779076,
        "dmean2": 4.46695804596,
        "dvar": 6.25548696518,
        "dvar2": 15.1927375793,
        "max": 29.1744556427,
        "mean": 9.08239746094,
        "median": 8.11467170715,
        "min": 1.88673615456,
        "var": 17.2512798309
    },
    "erbbands_flatness_db": {
        "dmean": 0.0173336900771,
        "dmean2": 0.0252661984414,
        "dvar": 0.000244088078034,
        "dvar2": 0.000474395637866,
        "max": 0.341958791018,
        "mean": 0.147847875953,
        "median": 0.144609302282,
        "min": 0.0352961868048,
        "var": 0.00206127762794
    },
    "erbbands_kurtosis": {
        "dmean": 0.808949947357,
        "dmean2": 1.29813063145,
        "dvar": 1.29988873005,
        "dvar2": 3.11543917656,
        "max": 26.6949863434,
        "mean": 0.205187648535,
        "median": -0.208983302116,
        "min": -1.788372159,
        "var": 2.74062275887
    },
    "erbbands_skewness": {
        "dmean": 0.356340348721,
        "dmean2": 0.548365235329,
        "dvar": 0.107879698277,
        "dvar2": 0.238463521004,
        "max": 3.63667464256,
        "mean": 0.170124948025,
        "median": 0.199187010527,
        "min": -4.68222999573,
        "var": 0.562794208527
    },
    "erbbands_spread": {
        "dmean": 8.93788146973,
        "dmean2": 13.5070161819,
        "dvar": 96.5655822754,
        "dvar2": 213.594985962,
        "max": 179.93258667,
        "mean": 42.284828186,
        "median": 36.9462661743,
        "min": 3.83053255081,
        "var": 519.413269043
    },
    "hfc": {
        "dmean": 6.65211486816,
        "dmean2": 9.40658855438,
        "dvar": 66.971572876,
        "dvar2": 132.69670105,
        "max": 162.286972046,
        "mean": 20.7552127838,
        "median": 13.9699935913,
        "min": 1.17055374039e-16,
        "var": 393.713104248
    },
    "melbands_crest": {
        "dmean": 3.61749339104,
        "dmean2": 5.73727560043,
        "dvar": 11.0102949142,
        "dvar2": 25.4096794128,
        "max": 39.9576683044,
        "mean": 14.9066934586,
        "median": 14.0638275146,
        "min": 2.91356110573,
        "var": 39.7156562805
    },
    "melbands_flatness_db": {
        "dmean": 0.0241772439331,
        "dmean2": 0.0335477851331,
        "dvar": 0.000557025137823,
        "dvar2": 0.000967275816947,
        "max": 0.483613014221,
        "mean": 0.165446951985,
        "median": 0.154824987054,
        "min": 0.00949231721461,
        "var": 0.00373688619584
    },
    "melbands_kurtosis": {
        "dmean": 8.51811695099,
        "dmean2": 12.706782341,
        "dvar": 1009.34667969,
        "dvar2": 2604.17407227,
        "max": 1578.78186035,
        "mean": 15.0411252975,
        "median": 5.0166258812,
        "min": -1.80978834629,
        "var": 1401.93469238
    },
    "melbands_skewness": {
        "dmean": 0.753653347492,
        "dmean2": 1.0874196291,
        "dvar": 1.09133672714,
        "dvar2": 2.30467867851,
        "max": 38.4097213745,
        "mean": 2.55296039581,
        "median": 2.04234695435,
        "min": -1.94978809357,
        "var": 4.74304676056
    },
    "melbands_spread": {
        "dmean": 8.53849887848,
        "dmean2": 12.8575763702,
        "dvar": 124.899963379,
        "dvar2": 247.019165039,
        "max": 240.786437988,
        "mean": 31.7669487,
        "median": 28.5177345276,
        "min": 0.586831212044,
        "var": 444.048492432
    },
    "pitch_salience": {
        "dmean": 0.0744429901242,
        "dmean2": 0.11284442991,
        "dvar": 0.00481012277305,
        "dvar2": 0.0104846991599,
        "max": 0.907133579254,
        "mean": 0.537457942963,
        "median": 0.532530725002,
        "min": 0.00450478307903,
        "var": 0.0172184985131
    },
    "silence_rate_20dB": {
        "dmean": 0,
        "dmean2": 0,
        "dvar": 0,
        "dvar2": 0,
        "max": 1,
        "mean": 1,
        "median": 1,
        "min": 1,
        "var": 0
    },
    "silence_rate_30dB": {
        "dmean": 0,
        "dmean2": 0,
        "dvar": 0,
        "dvar2": 0,
        "max": 1,
        "mean": 1,
        "median": 1,
        "min": 1,
        "var": 0
    },
    "silence_rate_60dB": {
        "dmean": 0.0383693054318,
        "dmean2": 0.0766331627965,
        "dvar": 0.0368927530944,
        "dvar2": 0.0862841904163,
        "max": 1,
        "mean": 0.124457642436,
        "median": 0,
        "min": 0,
        "var": 0.108980178833
    },
    "spectral_centroid": {
        "dmean": 282.562469482,
        "dmean2": 433.677124023,
        "dvar": 95999.296875,
        "dvar2": 195654.5625,
        "max": 10961.4150391,
        "mean": 1779.88305664,
        "median": 1794.4387207,
        "min": 226.13053894,
        "var": 436711.1875
    },
    "spectral_complexity": {
        "dmean": 3.2202808857,
        "dmean2": 4.79534053802,
        "dvar": 10.6232328415,
        "dvar2": 20.7484149933,
        "max": 49,
        "mean": 16.4224700928,
        "median": 15,
        "min": 0,
        "var": 106.138526917
    },
    "spectral_decrease": {
        "dmean": 1.5855360358e-09,
        "dmean2": 2.19529439072e-09,
        "dvar": 4.1059032899e-18,
        "dvar2": 7.06486689375e-18,
        "max": 4.08587662705e-29,
        "mean": -4.69934402503e-09,
        "median": -3.53990303736e-09,
        "min": -2.76824287937e-08,
        "var": 1.7049732635e-17
    },
    "spectral_energy": {
        "dmean": 0.00644076615572,
        "dmean2": 0.00892831943929,
        "dvar": 6.47800043225e-05,
        "dvar2": 0.000112242596515,
        "max": 0.114340901375,
        "mean": 0.0196189898998,
        "median": 0.0149395447224,
        "min": 1.04630495734e-20,
        "var": 0.000286210415652
    },
    "spectral_energyband_high": {
        "dmean": 0.000443054392235,
        "dmean2": 0.000645202002488,
        "dvar": 5.24306926764e-07,
        "dvar2": 1.06004085865e-06,
        "max": 0.0208096019924,
        "mean": 0.00108650594484,
        "median": 0.00062105176039,
        "min": 7.6888425109e-21,
        "var": 1.90116327303e-06
    },
    "spectral_energyband_low": {
        "dmean": 0.00353444134817,
        "dmean2": 0.00476951804012,
        "dvar": 3.50658046955e-05,
        "dvar2": 5.84336121392e-05,
        "max": 0.0677304342389,
        "mean": 0.00717141432688,
        "median": 0.00449744611979,
        "min": 1.16313905404e-22,
        "var": 8.28292468213e-05
    },
    "spectral_energyband_middle_high": {
        "dmean": 0.00207494082861,
        "dmean2": 0.00306064635515,
        "dvar": 1.23086874737e-05,
        "dvar2": 2.80818148894e-05,
        "max": 0.0909339338541,
        "mean": 0.00604755384848,
        "median": 0.00272742332891,
        "min": 1.59825814435e-21,
        "var": 5.8217705373e-05
    },
    "spectral_energyband_middle_low": {
        "dmean": 0.00366605562158,
        "dmean2": 0.00608815113083,
        "dvar": 4.56644775113e-05,
        "dvar2": 0.000121954697534,
        "max": 0.0581463649869,
        "mean": 0.00578701123595,
        "median": 0.00378241529688,
        "min": 2.45088152795e-22,
        "var": 4.81021852465e-05
    },
    "spectral_entropy": {
        "dmean": 0.147980317473,
        "dmean2": 0.218280002475,
        "dvar": 0.0200848765671,
        "dvar2": 0.0389626473188,
        "max": 9.79936504364,
        "mean": 7.79456377029,
        "median": 7.79712486267,
        "min": 6.1873588562,
        "var": 0.102240532637
    },
    "spectral_flux": {
        "dmean": 0.0225281286985,
        "dmean2": 0.0327098369598,
        "dvar": 0.000624471635092,
        "dvar2": 0.00108601362444,
        "max": 0.266358137131,
        "mean": 0.0793762505054,
        "median": 0.0713611394167,
        "min": 1.02289052228e-10,
        "var": 0.00256451452151
    },
    "spectral_kurtosis": {
        "dmean": 1.04274511337,
        "dmean2": 1.7629263401,
        "dvar": 2.78586602211,
        "dvar2": 8.510430336,
        "max": 41.6362800598,
        "mean": 3.2688035965,
        "median": 2.93288898468,
        "min": -1.5000590086,
        "var": 7.53651475906
    },
    "spectral_rms": {
        "dmean": 0.000703707803041,
        "dmean2": 0.000970468623564,
        "dvar": 5.5909083585e-07,
        "dvar2": 9.32825798827e-07,
        "max": 0.0105618229136,
        "mean": 0.00391661329195,
        "median": 0.00381774362177,
        "min": 3.19497314889e-12,
        "var": 3.80059577765e-06
    },
    "spectral_rolloff": {
        "dmean": 633.458862305,
        "dmean2": 1021.53302002,
        "dvar": 1493952.375,
        "dvar2": 3044234,
        "max": 18733.8867188,
        "mean": 2054.88110352,
        "median": 1808.7890625,
        "min": 21.533203125,
        "var": 3322361.75
    },
    "spectral_skewness": {
        "dmean": 0.15977242589,
        "dmean2": 0.259302675724,
        "dvar": 0.0328603051603,
        "dvar2": 0.0897331759334,
        "max": 4.49370956421,
        "mean": 1.38599789143,
        "median": 1.38011729717,
        "min": -0.280916035175,
        "var": 0.113840728998
    },
    "spectral_spread": {
        "dmean": 691585.1875,
        "dmean2": 983760.625,
        "dvar": 819720421376,
        "dvar2": 1.36774077645e+12,
        "max": 40309948,
        "mean": 5551300,
        "median": 5119102,
        "min": 1199622.375,
        "var": 4.35719923302e+12
    },
    "spectral_strongpeak": {
        "dmean": 0.515812218189,
        "dmean2": 0.876871526241,
        "dvar": 0.962712109089,
        "dvar2": 2.45252394676,
        "max": 9.52485179901,
        "mean": 0.7533197999,
        "median": 0.292470484972,
        "min": 0,
        "var": 1.2903393507
    },
    "zerocrossingrate": {
        "dmean": 0.0135701708496,
        "dmean2": 0.0153192942962,
        "dvar": 0.000293998949928,
        "dvar2": 0.000291672855383,
        "max": 0.60107421875,
        "mean": 0.0808966830373,
        "median": 0.076171875,
        "min": 0.0029296875,
        "var": 0.00175570487045
    },
    "barkbands": {
        "dmean": [0.000307823502226, 0.002908176044, 0.00148287042975, 0.000971428293269, 0.00151821505278, 0.000656278745737, 0.000700597418472, 0.000413937465055, 0.000466476078145, 0.000865148904268, 0.000295942794764, 0.000328616413753, 0.000363741972251, 0.000235093131778, 0.000417439849116, 0.000325605418766, 0.000335868739057, 0.000274183781585, 0.00019424999482, 0.000162228112458, 0.000112731482659, 5.64805595786e-05, 6.52709350106e-05, 9.05681663426e-05, 0.000104314720375, 3.14348108077e-05, 5.38667165983e-07],
        "dmean2": [0.000472804094898, 0.00419796770439, 0.00254295789637, 0.00179536372889, 0.00277855154127, 0.00103519239929, 0.0011413769098, 0.000650999834761, 0.000700395554304, 0.00140473910142, 0.000460263894638, 0.000516685540788, 0.000582557637244, 0.000370574678527, 0.000658244476654, 0.000505578005686, 0.000526310526766, 0.000425096252002, 0.000298046012176, 0.00024853242212, 0.000174840868567, 8.81017986103e-05, 9.94270012598e-05, 0.000138099712785, 0.000156387832249, 4.67566060252e-05, 8.75707314663e-07],
        "dvar": [2.90196453534e-07, 2.74223839369e-05, 1.80129518412e-05, 1.05216176962e-05, 1.90574628505e-05, 1.55638258548e-06, 2.28667522606e-06, 1.20282288663e-06, 1.15284854019e-06, 6.18982676315e-06, 7.10212020749e-07, 1.14419003694e-06, 1.1737956811e-06, 4.72621536574e-07, 1.0150926073e-06, 5.45941475139e-07, 5.70354700358e-07, 3.74620213961e-07, 1.1184435067e-07, 8.10577773791e-08, 4.83826845254e-08, 2.52585472538e-08, 2.42977158393e-08, 6.31359142744e-08, 5.73370648738e-08, 1.04067012785e-08, 1.40261587067e-11],
        "dvar2": [5.95519964008e-07, 5.34124010301e-05, 4.747571802e-05, 3.01755007968e-05, 5.48298376088e-05, 3.68275573237e-06, 5.95210667598e-06, 2.71275939667e-06, 2.54831024904e-06, 1.63644508575e-05, 1.60254182902e-06, 2.78189850178e-06, 3.01921591017e-06, 1.11086137622e-06, 2.39872838392e-06, 1.32695060984e-06, 1.35613754537e-06, 8.80614550169e-07, 2.60178694589e-07, 1.87286545383e-07, 1.1256793897e-07, 5.78094692116e-08, 5.26698649139e-08, 1.54083210191e-07, 1.18203629995e-07, 2.31118910676e-08, 3.52524051617e-11],
        "max": [0.00770677067339, 0.04612275213, 0.035720795393, 0.0302025154233, 0.0447843484581, 0.0342634245753, 0.0341420657933, 0.0288720689714, 0.0238150376827, 0.0811489671469, 0.0227962378412, 0.030762353912, 0.0400782637298, 0.0132021401078, 0.0223226808012, 0.0132524641231, 0.021304436028, 0.0117443557829, 0.0059481584467, 0.0055850930512, 0.00460889283568, 0.00726871937513, 0.00642947806045, 0.0108883297071, 0.00607908377424, 0.00344176916406, 0.000138873365358],
        "mean": [0.0006090249517, 0.00490733515471, 0.00131344911642, 0.000731588923372, 0.00137947523035, 0.00108888931572, 0.00102098088246, 0.000593285483774, 0.000753659987822, 0.00135479914024, 0.00043264956912, 0.000521153386217, 0.000609305105172, 0.000360638630809, 0.00065484107472, 0.000538101419806, 0.000587385846302, 0.000539921224117, 0.000423204968683, 0.000360243517207, 0.000239481858443, 0.000105527229607, 0.000127117935335, 0.000165357501828, 0.000157649599714, 4.34666944784e-05, 4.40414282821e-07],
        "median": [0.000183612108231, 0.00260567478836, 0.000274014048046, 0.000165491102962, 0.000508241006173, 0.00047263817396, 0.000266360642854, 0.000134050918859, 0.000222769071115, 0.000305144698359, 9.44458370213e-05, 7.8253695392e-05, 8.86573179741e-05, 6.16960314801e-05, 0.000170471466845, 0.00013486520038, 0.000175415232661, 0.000123292818898, 0.000164747907547, 0.000114123162348, 8.83830070961e-05, 5.72852295591e-05, 6.81756209815e-05, 8.88500144356e-05, 6.63396494929e-05, 1.35133941512e-05, 1.84151338622e-09],
        "min": [4.44733209528e-23, 6.6316620672e-23, 5.76268886607e-24, 5.03660117295e-24, 3.34315149556e-23, 9.90278235796e-23, 6.03574391762e-23, 2.20030345862e-23, 1.07641916452e-23, 5.157406622e-23, 8.93640629205e-23, 4.71488405316e-23, 8.79755415096e-23, 9.57956080154e-23, 9.15532087305e-23, 2.53336760099e-22, 2.21877365853e-22, 2.15773299007e-22, 2.57191323809e-22, 3.40343548863e-22, 4.66412937361e-22, 4.99809546799e-22, 4.60655641148e-22, 6.83943414569e-22, 1.3111403408e-21, 1.7269097712e-21, 2.61149906086e-21],
        "var": [8.87905116542e-07, 4.57241476397e-05, 1.3104885511e-05, 6.10413326285e-06, 1.15231714517e-05, 3.63342996934e-06, 3.63018148164e-06, 2.05151195587e-06, 2.49317213274e-06, 1.07971109173e-05, 1.30479111249e-06, 2.74604894912e-06, 2.75308457276e-06, 9.9964859146e-07, 2.17951878767e-06, 1.17711817893e-06, 1.34865183554e-06, 1.02762930965e-06, 3.97503157501e-07, 2.97791700632e-07, 1.47316924881e-07, 5.21409511123e-08, 6.19705744498e-08, 9.74445342194e-08, 1.20881580301e-07, 1.67112368388e-08, 1.20295769873e-11]
    },
    "erbbands": {
        "dmean": [0.0991569980979, 0.64540040493, 1.61556303501, 2.53060650826, 4.63592243195, 4.82945489883, 4.89792537689, 5.40413093567, 10.2787590027, 6.94758796692, 10.4802856445, 11.1378946304, 14.5482931137, 30.951581955, 8.84530735016, 13.7906904221, 17.7106647491, 12.205915451, 19.7860412598, 13.6572942734, 18.6982421875, 16.2570819855, 14.5355892181, 9.78329849243, 8.6814365387, 8.49281311035, 6.34591674805, 2.39082527161, 1.97331380844, 1.79915678501, 2.0148267746, 2.07253432274, 1.39818739891, 1.08936285973, 0.80326873064, 0.205079168081, 0.0483052991331, 0.00568962749094, 0.000147743805428, 1.34511092256e-05],
        "dmean2": [0.145691514015, 0.928989052773, 2.65770840645, 4.52170276642, 8.4622631073, 8.87687397003, 8.0070772171, 8.57595920563, 16.6740169525, 11.0909776688, 16.2800064087, 16.5094394684, 22.8524723053, 49.4166069031, 13.6738538742, 21.8470191956, 28.2284965515, 19.1594715118, 31.6994628906, 20.9824028015, 28.5972003937, 24.7270584106, 22.1299228668, 14.9035253525, 13.6177663803, 12.9155702591, 9.64752292633, 3.65952086449, 3.08088994026, 2.79682970047, 3.06955122948, 3.21450591087, 2.09610199928, 1.63158178329, 1.21582448483, 0.30547901988, 0.0720169991255, 0.00883483234793, 0.000223330847803, 1.91684666788e-05],
        "dvar": [0.0229188762605, 1.75129842758, 18.9108257294, 64.1155090332, 198.596832275, 198.373535156, 82.0616607666, 128.676651001, 473.992828369, 328.39175415, 744.850097656, 654.573608398, 2193.609375, 8155.66162109, 600.081542969, 1879.54064941, 2969.69067383, 1260.45483398, 2111.96679688, 1235.86376953, 1943.08459473, 1523.20690918, 1051.42724609, 332.818450928, 233.820968628, 258.531219482, 157.657989502, 19.8156318665, 29.9626331329, 30.2381229401, 19.8291511536, 33.1377716064, 13.4593400955, 7.77215099335, 3.61643457413, 0.477339625359, 0.0178569313139, 0.000601698760875, 4.09249452105e-07, 5.64445157281e-10],
        "dvar2": [0.0474513508379, 3.42285084724, 47.9179115295, 179.388916016, 560.552490234, 574.993530273, 205.957839966, 303.35635376, 1224.44799805, 859.957397461, 1649.25195312, 1402.07067871, 5945.84033203, 20983.0214844, 1374.03503418, 4577.60986328, 7752.51806641, 3000.2668457, 5321.81738281, 2558.19360352, 4675.28808594, 3532.12963867, 2367.95239258, 753.921081543, 557.479370117, 603.25604248, 358.767028809, 44.4570884705, 68.2594299316, 68.7533950806, 42.8557167053, 82.5397872925, 30.6777420044, 16.6035461426, 7.65119791031, 1.05424976349, 0.0381366126239, 0.00142847106326, 9.2053460321e-07, 1.1650150844e-09],
        "max": [1.44258666039, 11.3251476288, 41.490070343, 65.806640625, 125.55922699, 150.321060181, 235.496658325, 286.286804199, 643.865844727, 675.099487305, 806.294616699, 594.777526855, 2183.6159668, 2445.94580078, 836.647033691, 1568.0526123, 2075.82202148, 764.416015625, 1008.49224854, 1273.46447754, 880.690795898, 1232.56274414, 672.402648926, 337.754211426, 395.714202881, 309.177520752, 234.440109253, 131.4972229, 256.60269165, 212.177230835, 173.125839233, 280.574707031, 96.4746246338, 90.9296112061, 59.0717811584, 25.9110431671, 3.76919221878, 0.537111938, 0.0185953304172, 0.000530379882548],
        "mean": [0.191953957081, 0.892429590225, 1.60395216942, 2.10329985619, 3.66595721245, 4.30754137039, 7.13007068634, 8.68113327026, 15.0487728119, 10.5854129791, 16.3229942322, 18.6253108978, 23.3383769989, 48.9308166504, 16.0374011993, 22.8318500519, 30.6214523315, 21.0247707367, 32.6637840271, 23.1147727966, 34.0916366577, 33.5612030029, 30.7333011627, 22.1661777496, 20.2053108215, 19.7181625366, 14.7513866425, 5.55419683456, 3.77581524849, 3.23798704147, 3.92915534973, 3.59265089035, 2.62786102295, 1.84356617928, 1.06381630898, 0.292512923479, 0.0646785274148, 0.00604308675975, 0.000171802719706, 3.34369433403e-05],
        "median": [0.102090381086, 0.329239994287, 0.42819210887, 0.578167557716, 0.949860453606, 1.55773806572, 3.16632080078, 3.4294962883, 5.02329158783, 2.6061835289, 5.33578109741, 6.28108119965, 6.66166687012, 10.5289916992, 5.11671113968, 4.79191589355, 5.07428741455, 4.43541526794, 9.56897735596, 7.23609304428, 9.78733825684, 9.03814411163, 7.59081459045, 6.67674064636, 8.90523338318, 5.83527231216, 4.76515960693, 2.74165582657, 2.09529066086, 1.59962666035, 2.14857006073, 2.00874185562, 1.29010558128, 0.83594083786, 0.371453166008, 0.0980518609285, 0.0194598902017, 0.000830447243061, 4.21846852987e-05, 2.4406814191e-05],
        "min": [4.50431307095e-21, 5.0657013272e-21, 6.98515657107e-21, 1.66077720629e-20, 3.78861225194e-20, 1.47262602561e-19, 1.67688535319e-19, 1.02136270892e-18, 9.88283549425e-19, 8.84399900848e-19, 4.84411545769e-19, 3.22728781138e-19, 1.03798490333e-18, 1.79677050052e-18, 4.32589900484e-18, 2.34304554013e-18, 4.70669077265e-18, 5.22279315865e-18, 4.42686467041e-18, 6.42422419473e-18, 1.49044744579e-17, 1.23820533544e-17, 1.37205184395e-17, 1.09041537422e-17, 1.6072321134e-17, 1.41602253192e-17, 1.61675660184e-17, 2.16041245676e-17, 1.73867640669e-17, 1.5751927613e-17, 1.15139355733e-17, 1.3206646546e-17, 1.2692849926e-17, 1.24171291211e-17, 1.02926224241e-17, 5.48123746924e-18, 3.63746553234e-18, 1.30200751317e-18, 3.76257086142e-19, 3.92736242929e-20],
        "var": [0.050550609827, 2.48530745506, 15.7083597183, 40.3586082458, 121.667732239, 117.721405029, 149.560470581, 295.111450195, 724.930603027, 546.092163086, 1296.35266113, 1507.45556641, 3519.79370117, 14399.9248047, 1624.17431641, 4514.82763672, 6822.08105469, 2850.59179688, 4645.31103516, 2568.02612305, 4618.59912109, 4345.45214844, 3289.51806641, 1150.09631348, 931.738098145, 943.325317383, 552.483825684, 68.3656082153, 63.2723655701, 65.1028900146, 49.889995575, 48.4839096069, 25.011888504, 15.9648218155, 6.63703489304, 0.805295705795, 0.0294934697449, 0.000624859763775, 4.75894665897e-07, 1.22582810569e-09]
    },
    "gfcc": {
        "mean": [-16.1587638855, 68.5904693604, -122.906616211, 38.7680931091, -63.3721313477, 22.3537845612, -42.7932853699, 23.083190918, -25.1810092926, 7.07353210449, -12.4062957764, 2.10691690445, -2.91983938217],
        "cov": [[8636.97363281, -908.582946777, 402.441467285, 393.386932373, 73.6281509399, 179.402496338, 141.095748901, 499.76675415, -168.688949585, 266.301727295, -9.62473201752, 100.182312012, -10.9731225967], [-908.582946777, 912.182250977, -68.0132446289, 66.3522796631, 73.8988113403, -136.671798706, 43.383682251, -78.528717041, 51.3155479431, -70.9629364014, 118.563362122, -91.2360839844, 78.7889099121], [402.441467285, -68.0132446289, 1402.39050293, 417.450897217, 54.2527046204, 181.402740479, -24.7148914337, 28.9067707062, -32.6105003357, 82.0001449585, -47.6322059631, 66.1107940674, -6.7337064743], [393.386932373, 66.3522796631, 417.450897217, 480.737182617, 84.2971725464, 24.2035484314, 22.7244205475, 75.4784240723, 45.0028648376, 19.5412406921, 18.0278892517, 14.9043264389, 58.7871284485], [73.6281509399, 73.8988113403, 54.2527046204, 84.2971725464, 211.774841309, 74.1039428711, 70.0895996094, 39.8293609619, 15.8062582016, 9.27156066895, 9.81543445587, -5.45404624939, 6.45162200928], [179.402496338, -136.671798706, 181.402740479, 24.2035484314, 74.1039428711, 305.712890625, 133.253448486, 20.6944522858, -19.0452537537, 52.6983146667, -13.2220096588, 1.86454474926, -10.3685493469], [141.095748901, 43.383682251, -24.7148914337, 22.7244205475, 70.0895996094, 133.253448486, 207.790985107, 57.1927490234, 9.39072799683, 22.6645812988, 17.5191402435, -8.75165462494, -1.26957190037], [499.76675415, -78.528717041, 28.9067707062, 75.4784240723, 39.8293609619, 20.6944522858, 57.1927490234, 191.046615601, 46.4434204102, 22.1757087708, 9.87331771851, 11.5974626541, 29.2285671234], [-168.688949585, 51.3155479431, -32.6105003357, 45.0028648376, 15.8062582016, -19.0452537537, 9.39072799683, 46.4434204102, 123.939651489, 22.8524608612, 10.7132301331, 6.78187894821, 16.0262031555], [266.301727295, -70.9629364014, 82.0001449585, 19.5412406921, 9.27156066895, 52.6983146667, 22.6645812988, 22.1757087708, 22.8524608612, 102.614501953, 27.5441246033, 7.98023891449, -6.9945473671], [-9.62473201752, 118.563362122, -47.6322059631, 18.0278892517, 9.81543445587, -13.2220096588, 17.5191402435, 9.87331771851, 10.7132301331, 27.5441246033, 111.631217957, 5.81720018387, 20.8626480103], [100.182312012, -91.2360839844, 66.1107940674, 14.9043264389, -5.45404624939, 1.86454474926, -8.75165462494, 11.5974626541, 6.78187894821, 7.98023891449, 5.81720018387, 86.6254119873, 12.8809108734], [-10.9731225967, 78.7889099121, -6.7337064743, 58.7871284485, 6.45162200928, -10.3685493469, -1.26957190037, 29.2285671234, 16.0262031555, -6.9945473671, 20.8626480103, 12.8809108734, 93.9283370972]],
        "icov": [[0.000184185657417, 5.34422251803e-05, 6.28186899121e-05, -0.000187388170161, 1.54163244588e-05, 6.01794708928e-05, 2.01567240765e-06, -0.00050307897618, 0.000587695511058, -0.000526713440195, 0.000125654041767, -0.000127583640278, 0.000110723449325], [5.34422251803e-05, 0.00301612378098, -0.000770365761127, 0.000457358575659, -0.0011306576198, 0.00200913543813, -0.00208461796865, 0.00217936630361, -0.00176573044155, 0.00235122954473, -0.00324594345875, 0.00352733000182, -0.00255851796828], [6.28186899121e-05, -0.000770365761127, 0.00155796052422, -0.00147012842353, 0.00042322993977, -0.00132086733356, 0.00130696874112, -0.00079328159336, 0.00138408178464, -0.00162209302653, 0.00150950625539, -0.00178444059566, 0.00132746296003], [-0.000187388170161, 0.000457358575659, -0.00147012842353, 0.00401796586812, -0.00120601651724, 0.000985375256278, -0.000829324882943, 0.000375429284759, -0.00197758595459, 0.00141698797233, -0.00123488693498, 0.00136677618138, -0.00243229581974], [1.54163244588e-05, -0.0011306576198, 0.00042322993977, -0.00120601651724, 0.00635479018092, -0.00183991296217, -0.000255592894973, -0.00138366024476, 0.00034698669333, -0.000324684224324, 0.000800420064479, -0.00098371389322, 0.00139662786387], [6.01794708928e-05, 0.00200913543813, -0.00132086733356, 0.000985375256278, -0.00183991296217, 0.00747797964141, -0.00520180910826, 0.00198552850634, 3.62535229215e-06, -0.0010407284135, -0.000580005173106, 0.00230701174587, -0.00239165779203], [2.01567240765e-06, -0.00208461796865, 0.00130696874112, -0.000829324882943, -0.000255592894973, -0.00520180910826, 0.00983949750662, -0.00358003028668, 0.00122752028983, -0.00119032303337, 0.000831988407299, -0.00194746966008, 0.00283615803346], [-0.00050307897618, 0.00217936630361, -0.00079328159336, 0.000375429284759, -0.00138366024476, 0.00198552850634, -0.00358003028668, 0.0100203724578, -0.00480180187151, 0.00231935293414, -0.0022398987785, 0.00247467728332, -0.00388086400926], [0.000587695511058, -0.00176573044155, 0.00138408178464, -0.00197758595459, 0.00034698669333, 3.62535229215e-06, 0.00122752028983, -0.00480180187151, 0.0132097192109, -0.00618873955682, 0.0032092158217, -0.00335552566685, 0.00140674295835], [-0.000526713440195, 0.00235122954473, -0.00162209302653, 0.00141698797233, -0.000324684224324, -0.0010407284135, -0.00119032303337, 0.00231935293414, -0.00618873955682, 0.0171694029123, -0.00731841754168, 0.00309444218874, -0.00033169973176], [0.000125654041767, -0.00324594345875, 0.00150950625539, -0.00123488693498, 0.000800420064479, -0.000580005173106, 0.000831988407299, -0.0022398987785, 0.0032092158217, -0.00731841754168, 0.0148446233943, -0.00469946907833, 0.000462537660496], [-0.000127583640278, 0.00352733000182, -0.00178444059566, 0.00136677618138, -0.00098371389322, 0.00230701174587, -0.00194746966008, 0.00247467728332, -0.00335552566685, 0.00309444218874, -0.00469946907833, 0.016916077584, -0.0049042343162], [0.000110723449325, -0.00255851796828, 0.00132746296003, -0.00243229581974, 0.00139662786387, -0.00239165779203, 0.00283615803346, -0.00388086400926, 0.00140674295835, -0.00033169973176, 0.000462537660496, -0.0049042343162, 0.0156140839681]]
    },
    "melbands": {
        "dmean": [0.000835479178932, 0.000772301689722, 0.000476490124129, 0.000362183025572, 0.000170100975083, 0.000125530743389, 0.000155812784215, 7.3112314567e-05, 8.91986928764e-05, 6.69053988531e-05, 7.51054903958e-05, 0.000131748252898, 3.21446095768e-05, 3.99544078391e-05, 3.36972007062e-05, 3.77001197194e-05, 2.23921069846e-05, 2.99912990158e-05, 2.94416586257e-05, 1.5714287656e-05, 2.60835076915e-05, 1.7737820599e-05, 2.21179343498e-05, 9.91643719317e-06, 8.98809958016e-06, 7.788309631e-06, 4.48669698017e-06, 6.8046879278e-06, 5.16473392054e-06, 2.28916906053e-06, 1.34825927489e-06, 1.20332504139e-06, 1.10305813905e-06, 1.03914192096e-06, 1.20995480302e-06, 1.29985687636e-06, 1.29763247969e-06, 1.03065144685e-06, 9.06614843643e-07, 9.9581370705e-07],
        "dmean2": [0.00121895119082, 0.00112442916725, 0.000835346232634, 0.000665665895212, 0.000286874303129, 0.000198401059606, 0.00025268419995, 0.000116349641758, 0.000136875416501, 9.9963057437e-05, 0.000118307456432, 0.000211420105188, 4.93244442623e-05, 6.31442890153e-05, 5.31535370101e-05, 6.02282198088e-05, 3.53939831257e-05, 4.83423173137e-05, 4.51342530141e-05, 2.45677674684e-05, 3.94423477701e-05, 2.70000455203e-05, 3.41290287906e-05, 1.51500071297e-05, 1.37922561407e-05, 1.22399223983e-05, 6.97801260685e-06, 1.04582686618e-05, 7.99031749921e-06, 3.50061145582e-06, 2.13398334381e-06, 1.90960713553e-06, 1.7377911945e-06, 1.63352729032e-06, 1.87538239516e-06, 1.99945588975e-06, 2.06014692594e-06, 1.57484112151e-06, 1.38299435548e-06, 1.52265079123e-06],
        "dvar": [1.87145064956e-06, 3.12966835736e-06, 2.09636505133e-06, 1.17368040264e-06, 1.04663278933e-07, 6.40746975478e-08, 1.0521075211e-07, 3.65976084993e-08, 5.19705984914e-08, 2.44386733073e-08, 6.09754877701e-08, 1.49415882333e-07, 7.45476924635e-09, 2.0233830611e-08, 7.80643727438e-09, 1.35673694501e-08, 4.98463892384e-09, 4.82934581214e-09, 5.98231864046e-09, 1.54402324259e-09, 3.90851884191e-09, 1.90463222971e-09, 3.09602965487e-09, 4.59245752538e-10, 3.13833153909e-10, 2.17954140846e-10, 5.95559643268e-11, 1.85309184664e-10, 1.11173056871e-10, 1.97088144416e-11, 7.12685075885e-12, 8.9054007224e-12, 1.38342384423e-11, 9.85917684299e-12, 8.11391492189e-12, 6.35905824525e-12, 2.31858022365e-11, 9.1215134404e-12, 5.11946691636e-12, 7.26172811119e-12],
        "dvar2": [3.65135292668e-06, 6.86642124492e-06, 5.69842904952e-06, 3.3596350022e-06, 2.7883572784e-07, 1.50723948877e-07, 2.72214492725e-07, 9.37429334158e-08, 1.15556737512e-07, 5.32214841087e-08, 1.65532327401e-07, 3.85388688073e-07, 1.6361033417e-08, 4.93933853818e-08, 1.88647977239e-08, 3.41838877205e-08, 1.18277450056e-08, 1.19835315004e-08, 1.32260771224e-08, 3.53081297533e-09, 9.1679153158e-09, 4.43897052449e-09, 7.14301950921e-09, 9.91827620034e-10, 7.11797731867e-10, 5.13173836758e-10, 1.44717599015e-10, 4.32095970115e-10, 2.63863764172e-10, 4.14946271787e-11, 1.7486099374e-11, 2.0081384472e-11, 3.40345668315e-11, 2.26884795673e-11, 1.83936650633e-11, 1.33181035644e-11, 6.24625628998e-11, 2.18496661736e-11, 1.12208116063e-11, 1.62914039897e-11],
        "max": [0.013377818279, 0.0187003202736, 0.0121486894786, 0.0116240577772, 0.00711740646511, 0.00634633004665, 0.00851627252996, 0.00711511075497, 0.00690226489678, 0.0033037813846, 0.0118126394227, 0.0105669219047, 0.00343696889468, 0.00394508475438, 0.0019916058518, 0.00436525372788, 0.00164878810756, 0.00152141274884, 0.00194523402024, 0.00108725985046, 0.0012800678378, 0.00109982164577, 0.00156450958457, 0.000523986702319, 0.000327227782691, 0.00031135615427, 0.000154821085744, 0.000243013506406, 0.000218069297262, 0.000193235639017, 9.08128931769e-05, 0.000116186514788, 0.000181581650395, 0.000130889020511, 0.000108447813545, 0.000119887336041, 0.000270531832939, 9.10349117476e-05, 7.4497780588e-05, 8.90414448804e-05],
        "mean": [0.0015297686914, 0.000966336170677, 0.000407713610912, 0.000301507039694, 0.000229763158131, 0.000201867253054, 0.000229617013247, 0.000110693850729, 0.000140036980156, 0.000108496620669, 0.00011628428183, 0.000206598866498, 5.32964913873e-05, 6.13695010543e-05, 5.63544308534e-05, 6.15664102952e-05, 3.52290699084e-05, 4.73325671919e-05, 4.51199739473e-05, 2.47223633778e-05, 4.38916722487e-05, 3.07455848088e-05, 4.18787276431e-05, 1.89910788322e-05, 1.76801313501e-05, 1.5543317204e-05, 1.05198296296e-05, 1.39925659823e-05, 1.062354022e-05, 4.88466139359e-06, 2.65555081569e-06, 2.18723175749e-06, 1.85186320323e-06, 1.74215085735e-06, 2.23342613026e-06, 2.36496089201e-06, 2.08605138141e-06, 1.83441829904e-06, 1.68344649865e-06, 1.52990708102e-06],
        "median": [0.000871232361533, 0.000328901049215, 0.000111766930786, 8.93065734999e-05, 0.000102924372186, 7.91070488049e-05, 7.48202946852e-05, 2.60688611888e-05, 4.7022011131e-05, 3.2117277442e-05, 2.71830285783e-05, 4.1109873564e-05, 1.4748868125e-05, 9.18872865441e-06, 1.20341755974e-05, 8.8363631221e-06, 5.4671718317e-06, 1.35854697874e-05, 1.11012377602e-05, 6.73579370414e-06, 1.16539031296e-05, 8.58745897858e-06, 8.32219666336e-06, 5.5590780903e-06, 4.60231058241e-06, 6.69357814331e-06, 4.3286690925e-06, 3.66759968529e-06, 3.10687391902e-06, 1.81573341251e-06, 1.40767212997e-06, 1.17901754493e-06, 8.87079067979e-07, 7.98778614808e-07, 1.13978217087e-06, 1.32641480377e-06, 1.09698430606e-06, 8.38972084694e-07, 8.126415878e-07, 6.2809863266e-07],
        "min": [3.05830013357e-23, 4.10618509474e-24, 2.84300086266e-24, 6.42400674013e-24, 6.24190963865e-24, 2.29353435361e-23, 1.46961031665e-23, 8.30515600916e-24, 3.14898403336e-24, 1.94996259186e-24, 5.26104472226e-24, 6.3866687702e-24, 1.49202248605e-23, 6.67691475749e-24, 7.86741945943e-24, 9.65664118945e-24, 9.24405825855e-24, 6.08050830301e-24, 6.90470544362e-24, 1.18777208777e-23, 1.92851168891e-23, 1.21864628922e-23, 1.63451837567e-23, 7.75289973296e-24, 8.78189068659e-24, 1.10716675379e-23, 1.2673892157e-23, 8.57024719433e-24, 1.05483782342e-23, 9.75351094203e-24, 1.33223239881e-23, 9.94963201826e-24, 8.47428147635e-24, 9.11564274724e-24, 5.95118678494e-24, 8.23367258937e-24, 7.12673034539e-24, 8.39044607251e-24, 9.10475410016e-24, 1.09366382168e-23],
        "var": [3.54076496478e-06, 3.78901108888e-06, 1.41269583764e-06, 7.05393631506e-07, 1.46066398088e-07, 1.47650169424e-07, 1.6578702855e-07, 6.15164168494e-08, 8.89920954705e-08, 5.36416848718e-08, 9.63520747632e-08, 2.65444384695e-07, 1.97756460096e-08, 4.33165112668e-08, 1.89813658125e-08, 2.94129236522e-08, 1.0825082164e-08, 1.03298738452e-08, 1.20098189171e-08, 2.90113222334e-09, 8.81884609782e-09, 4.45872583299e-09, 8.51146086944e-09, 1.22198606789e-09, 8.78636274848e-10, 6.26505958223e-10, 2.48013470872e-10, 5.57101753618e-10, 3.19122173131e-10, 7.16857684324e-11, 1.74114975909e-11, 2.0114200236e-11, 2.24741926458e-11, 2.07247101425e-11, 1.79368152275e-11, 1.61943531501e-11, 2.35701059365e-11, 1.43919451009e-11, 1.01850281681e-11, 1.33999946555e-11]
    },
    "mfcc": {
        "mean": [-654.842895508, 93.8673400879, 0.817334234715, 17.8223075867, 7.44575119019, -2.36065340042, 3.08085107803, 4.53358745575, 2.38753437996, 6.37663841248, -3.73846387863, 1.94398653507, 0.815218269825],
        "cov": [[7794.06445312, -742.703674316, -87.74193573, 292.201812744, -1.45974969864, -190.818450928, 361.187225342, 63.5564994812, 183.107635498, 200.40272522, -75.2940063477, 215.968856812, 68.4173278809], [-742.703674316, 693.125061035, -59.9288978577, 37.4258995056, 0.953045725822, -23.7692241669, 0.159824684262, -35.2435264587, -72.7725219727, -6.19686365128, 12.8255195618, -31.3020153046, 0.559609532356], [-87.74193573, -59.9288978577, 1108.6751709, 313.722839355, 213.02142334, 166.951766968, 65.006362915, 7.43302249908, 30.2934188843, 43.8119430542, -27.367307663, -9.65854549408, 36.4461555481], [292.201812744, 37.4258995056, 313.722839355, 444.0809021, 148.654541016, -27.7472686768, 15.8662424088, 18.2806529999, 53.9763412476, 7.75218915939, -26.9639396667, 51.7411842346, 20.8202838898], [-1.45974969864, 0.953045725822, 213.02142334, 148.654541016, 214.153427124, 29.0207996368, 21.2731513977, 14.2801961899, 38.2200393677, 14.953250885, -18.8496570587, 20.1593418121, 23.0238494873], [-190.818450928, -23.7692241669, 166.951766968, -27.7472686768, 29.0207996368, 276.192230225, 98.2641067505, 26.5407772064, 11.5566473007, 39.4549484253, 21.4556922913, -24.8242969513, 7.62417459488], [361.187225342, 0.159824684262, 65.006362915, 15.8662424088, 21.2731513977, 98.2641067505, 230.349578857, 58.0000343323, 25.4387283325, 69.3084716797, 6.95186567307, 18.9447536469, 13.2107000351], [63.5564994812, -35.2435264587, 7.43302249908, 18.2806529999, 14.2801961899, 26.5407772064, 58.0000343323, 126.449485779, 62.844203949, 11.3218050003, 14.7001237869, 19.6964588165, 7.24186468124], [183.107635498, -72.7725219727, 30.2934188843, 53.9763412476, 38.2200393677, 11.5566473007, 25.4387283325, 62.844203949, 145.691482544, 46.0830993652, -6.73417806625, 29.1577911377, 18.7676811218], [200.40272522, -6.19686365128, 43.8119430542, 7.75218915939, 14.953250885, 39.4549484253, 69.3084716797, 11.3218050003, 46.0830993652, 123.381477356, 25.1767024994, 5.83554077148, 16.8249225616], [-75.2940063477, 12.8255195618, -27.367307663, -26.9639396667, -18.8496570587, 21.4556922913, 6.95186567307, 14.7001237869, -6.73417806625, 25.1767024994, 91.6314163208, 24.0679321289, 0.732747733593], [215.968856812, -31.3020153046, -9.65854549408, 51.7411842346, 20.1593418121, -24.8242969513, 18.9447536469, 19.6964588165, 29.1577911377, 5.83554077148, 24.0679321289, 101.41721344, 34.7665367126], [68.4173278809, 0.559609532356, 36.4461555481, 20.8202838898, 23.0238494873, 7.62417459488, 13.2107000351, 7.24186468124, 18.7676811218, 16.8249225616, 0.732747733593, 34.7665367126, 75.0303726196]],
