{
"lowlevel": {
    "average_loudness": 0.962365746498,
    "barkbands_crest": {
        "dmean": 2.14557337761,
        "dmean2": 3.51644349098,
        "dvar": 3.92810773849,
        "dvar2": 9.76488304138,
        "max": 26.9141540527,
        "mean": 7.7692732811,
        "median": 7.02632236481,
        "min": 2.0764541626,
        "var": 11.7972736359
    },
    "barkbands_flatness_db": {
        "dmean": 0.0186590608209,
        "dmean2": 0.0273934863508,
        "dvar": 0.000343745428836,
        "dvar2": 0.000644775514957,
        "max": 0.763790249825,
        "mean": 0.122323200107,
        "median": 0.120077863336,
        "min": 0.0273492969573,
        "var": 0.00182727992069
    },
    "barkbands_kurtosis": {
        "dmean": 12.5210142136,
        "dmean2": 18.0763759613,
        "dvar": 270719.65625,
        "dvar2": 600987.4375,
        "max": 40867.1210938,
        "mean": 11.8016929626,
        "median": 0.482725739479,
        "min": -1.87529289722,
        "var": 297629.9375
    },
    "barkbands_skewness": {
        "dmean": 0.476242780685,
        "dmean2": 0.735209882259,
        "dvar": 4.4416384697,
        "dvar2": 8.04674053192,
        "max": 163.517868042,
        "mean": 1.09547400475,
        "median": 0.903153538704,
        "min": -4.54077482224,
        "var": 8.20717906952
    },
    "barkbands_spread": {
        "dmean": 5.74403762817,
        "dmean2": 8.61587810516,
        "dvar": 48.5187568665,
        "dvar2": 97.2674713135,
        "max": 106.077529907,
        "mean": 24.9866924286,
        "median": 21.8375778198,
        "min": 0.0088087618351,
        "var": 206.738052368
    },
    "dissonance": {
        "dmean": 0.0160528086126,
        "dmean2": 0.0272029042244,
        "dvar": 0.000226462288992,
        "dvar2": 0.000625522399787,
        "max": 0.500000059605,
        "mean": 0.470836758614,
        "median": 0.47617161274,
        "min": 0.311693072319,
        "var": 0.000484581192723
    },
    "dynamic_complexity": 1.76219105721,
    "erbbands_crest": {
        "dmean": 2.41315984726,
        "dmean2": 3.93972253799,
        "dvar": 5.18048286438,
        "dvar2": 12.7098665237,
        "max": 31.3785533905,
        "mean": 8.28916454315,
        "median": 7.38415813446,
        "min": 2.09158158302,
        "var": 15.3147172928
    },
    "erbbands_flatness_db": {
        "dmean": 0.0186681337655,
        "dmean2": 0.0251866430044,
        "dvar": 0.000358825229341,
        "dvar2": 0.000594040378928,
        "max": 0.337378501892,
        "mean": 0.16668766737,
        "median": 0.169823735952,
        "min": 0.0553392916918,
        "var": 0.0022166245617
    },
    "erbbands_kurtosis": {
        "dmean": 0.698215842247,
        "dmean2": 1.11676836014,
        "dvar": 0.808350086212,
        "dvar2": 1.97541105747,
        "max": 16.1748409271,
        "mean": 0.229442387819,
        "median": -0.151413202286,
        "min": -1.76059472561,
        "var": 2.28017377853
    },
    "erbbands_skewness": {
        "dmean": 0.315137445927,
        "dmean2": 0.489232003689,
        "dvar": 0.0816736519337,
        "dvar2": 0.186261475086,
        "max": 3.4226064682,
        "mean": 0.240355536342,
        "median": 0.227195337415,
        "min": -3.67081475258,
        "var": 0.496532201767
    },
    "erbbands_spread": {
        "dmean": 7.29769706726,
        "dmean2": 11.0637273788,
        "dvar": 66.5172805786,
        "dvar2": 144.683135986,
        "max": 180.711090088,
        "mean": 36.8380317688,
        "median": 32.9388427734,
        "min": 4.02592134476,
        "var": 314.624053955
    },
    "hfc": {
        "dmean": 8.74374198914,
        "dmean2": 12.5109014511,
        "dvar": 206.9765625,
        "dvar2": 402.493560791,
        "max": 618.130737305,
        "mean": 28.7387104034,
        "median": 23.2933254242,
        "min": 1.12931991182e-16,
        "var": 566.334350586
    },
    "melbands_crest": {
        "dmean": 2.84870028496,
        "dmean2": 4.66452741623,
        "dvar": 6.71101999283,
        "dvar2": 16.9032325745,
        "max": 39.9981956482,
        "mean": 10.8694763184,
        "median": 10.0335893631,
        "min": 2.02707433701,
        "var": 19.894651413
    },
    "melbands_flatness_db": {
        "dmean": 0.0211642887443,
        "dmean2": 0.0309643112123,
        "dvar": 0.00046917470172,
        "dvar2": 0.000918907986488,
        "max": 0.761542737484,
        "mean": 0.153693318367,
        "median": 0.149939805269,
        "min": 0.00566983921453,
        "var": 0.00289922999218
    },
    "melbands_kurtosis": {
        "dmean": 38.1467323303,
        "dmean2": 59.2622871399,
        "dvar": 3278032.75,
        "dvar2": 8078371.5,
        "max": 138059.203125,
        "mean": 34.2996749878,
        "median": 3.80395722389,
        "min": -1.76880085468,
        "var": 2855052.75
    },
    "melbands_skewness": {
        "dmean": 0.650146186352,
        "dmean2": 0.990633904934,
        "dvar": 18.6627807617,
        "dvar2": 38.8426818848,
        "max": 347.123016357,
        "mean": 2.01811742783,
        "median": 1.71699202061,
        "min": -2.96083450317,
        "var": 25.5896701813
    },
    "melbands_spread": {
        "dmean": 7.86078977585,
        "dmean2": 12.1179656982,
        "dvar": 115.277488708,
        "dvar2": 239.52053833,
        "max": 255.981994629,
        "mean": 30.7021579742,
        "median": 27.1408176422,
        "min": 0.0057186554186,
        "var": 414.410430908
    },
    "pitch_salience": {
        "dmean": 0.0608017295599,
        "dmean2": 0.0987904518843,
        "dvar": 0.00283582578413,
        "dvar2": 0.00702052703127,
        "max": 0.906791090965,
        "mean": 0.621087610722,
        "median": 0.628090500832,
        "min": 0.000899042701349,
        "var": 0.00869473442435
    },
    "silence_rate_20dB": {
        "dmean": 0,
        "dmean2": 0,
        "dvar": 0,
        "dvar2": 0,
        "max": 1,
        "mean": 1,
        "median": 1,
        "min": 1,
        "var": 0
    },
    "silence_rate_30dB": {
        "dmean": 0.000975966802798,
        "dmean2": 0.00195217179134,
        "dvar": 0.000975015340373,
        "dvar2": 0.00268042902462,
        "max": 1,
        "mean": 0.999268114567,
        "median": 1,
        "min": 0,
        "var": 0.00073129159864
    },
    "silence_rate_60dB": {
        "dmean": 0.00219592545182,
        "dmean2": 0.00439238641411,
        "dvar": 0.0021918087732,
        "dvar2": 0.0055929813534,
        "max": 1,
        "mean": 0.00365942902863,
        "median": 0,
        "min": 0,
        "var": 0.00364599865861
    },
    "spectral_centroid": {
        "dmean": 250.93737793,
        "dmean2": 384.497436523,
        "dvar": 74515.359375,
        "dvar2": 161062.71875,
        "max": 11344.7060547,
        "mean": 1547.4744873,
        "median": 1501.76196289,
        "min": 227.79574585,
        "var": 396848.5
    },
    "spectral_complexity": {
        "dmean": 3.97047710419,
        "dmean2": 6.0043926239,
        "dvar": 16.0990982056,
        "dvar2": 30.8728618622,
        "max": 60,
        "mean": 24.1922416687,
        "median": 23,
        "min": 0,
        "var": 85.5830993652
    },
    "spectral_decrease": {
        "dmean": 2.01754501994e-09,
        "dmean2": 3.24755244918e-09,
        "dvar": 9.04505787087e-18,
        "dvar2": 2.28479047695e-17,
        "max": 1.63721630668e-30,
        "mean": -5.81428105662e-09,
        "median": -5.09934938719e-09,
        "min": -3.69181059057e-08,
        "var": 1.26019436038e-17
    },
    "spectral_energy": {
        "dmean": 0.0081697544083,
        "dmean2": 0.0130050890148,
        "dvar": 0.000143252371345,
        "dvar2": 0.00035695367842,
        "max": 0.144564211369,
        "mean": 0.0245511103421,
        "median": 0.0217459984124,
        "min": 1.0562706258e-20,
        "var": 0.000208242738154
    },
    "spectral_energyband_high": {
        "dmean": 0.000625066808425,
        "dmean2": 0.000868770352099,
        "dvar": 2.65368043983e-06,
        "dvar2": 5.07935874339e-06,
        "max": 0.0931636765599,
        "mean": 0.00130518502556,
        "median": 0.0005209420342,
        "min": 7.22165025469e-21,
        "var": 6.71948964737e-06
    },
    "spectral_energyband_low": {
        "dmean": 0.00237249466591,
        "dmean2": 0.00402800505981,
        "dvar": 4.00569915655e-05,
        "dvar2": 0.000112058609375,
        "max": 0.0882870927453,
        "mean": 0.00325374561362,
        "median": 0.00197385624051,
        "min": 4.51403880452e-23,
        "var": 3.03777396766e-05
    },
    "spectral_energyband_middle_high": {
        "dmean": 0.00255079986528,
        "dmean2": 0.00387385603972,
        "dvar": 1.13738597065e-05,
        "dvar2": 2.59732642007e-05,
        "max": 0.0784814581275,
        "mean": 0.00837606098503,
        "median": 0.00648765359074,
        "min": 1.57083506736e-21,
        "var": 4.93213956361e-05
    },
    "spectral_energyband_middle_low": {
        "dmean": 0.00559673644602,
        "dmean2": 0.00907017476857,
        "dvar": 7.25090285414e-05,
        "dvar2": 0.000179366092198,
        "max": 0.128374859691,
        "mean": 0.0125024514273,
        "median": 0.00896390900016,
        "min": 3.77152833686e-22,
        "var": 0.000120929194964
    },
    "spectral_entropy": {
        "dmean": 0.143883869052,
        "dmean2": 0.193677380681,
        "dvar": 0.0200780443847,
        "dvar2": 0.0336591675878,
        "max": 9.81755542755,
        "mean": 7.68266296387,
        "median": 7.67034482956,
        "min": 5.93642282486,
        "var": 0.140834078193
    },
    "spectral_flux": {
        "dmean": 0.0223656259477,
        "dmean2": 0.0344484038651,
        "dvar": 0.00077942898497,
        "dvar2": 0.00153722544201,
        "max": 0.340294718742,
        "mean": 0.0896180570126,
        "median": 0.0807471871376,
        "min": 6.71644337369e-11,
        "var": 0.00157020951156
    },
    "spectral_kurtosis": {
        "dmean": 1.42025673389,
        "dmean2": 2.37355780602,
        "dvar": 2.41950845718,
        "dvar2": 6.85517501831,
        "max": 26.5588150024,
        "mean": 3.98549890518,
        "median": 3.60528612137,
        "min": -1.34042060375,
        "var": 6.15711927414
    },
    "spectral_rms": {
        "dmean": 0.000763780844864,
        "dmean2": 0.00118507561274,
        "dvar": 8.58385192259e-07,
        "dvar2": 2.03414015232e-06,
        "max": 0.011875952594,
        "mean": 0.00471417186782,
        "median": 0.00460604019463,
        "min": 3.21015262983e-12,
        "var": 1.72882789684e-06
    },
    "spectral_rolloff": {
        "dmean": 612.793579102,
        "dmean2": 992.469055176,
        "dvar": 1188573.375,
        "dvar2": 2493098.25,
        "max": 18841.5527344,
        "mean": 2137.73925781,
        "median": 1722.65625,
        "min": 21.533203125,
        "var": 3282693.5
    },
    "spectral_skewness": {
        "dmean": 0.194280073047,
        "dmean2": 0.311471998692,
        "dvar": 0.0337906181812,
        "dvar2": 0.0862911492586,
        "max": 3.7421131134,
        "mean": 1.46306622028,
        "median": 1.46722328663,
        "min": -0.416875362396,
        "var": 0.159268215299
    },
    "spectral_spread": {
        "dmean": 624730.25,
        "dmean2": 831047.0625,
        "dvar": 716330631168,
        "dvar2": 1.19652614144e+12,
        "max": 41242084,
        "mean": 4594149,
        "median": 4070763.5,
        "min": 1527140.75,
        "var": 3.66626524365e+12
    },
    "spectral_strongpeak": {
        "dmean": 0.739299893379,
        "dmean2": 1.23940134048,
        "dvar": 1.06068527699,
        "dvar2": 2.60925984383,
        "max": 13.4053354263,
        "mean": 1.33982360363,
        "median": 0.799340844154,
        "min": 0,
        "var": 2.06070017815
    },
    "zerocrossingrate": {
        "dmean": 0.0126877473667,
        "dmean2": 0.0138475038111,
        "dvar": 0.000280234118691,
        "dvar2": 0.000270069256658,
        "max": 0.6650390625,
        "mean": 0.0805531814694,
        "median": 0.0703125,
        "min": 0,
        "var": 0.00209977361374
    },
    "barkbands": {
        "dmean": [4.29740503023e-05, 0.000651343318168, 0.0013946427498, 0.00124227872584, 0.00226478371769, 0.00150801951531, 0.000934976094868, 0.000911308510695, 0.00113497849088, 0.000977734802291, 0.000612673698924, 0.000554586353246, 0.000484980671899, 0.000556188228074, 0.000523725058883, 0.000270682940027, 0.000286527589196, 0.000275274796877, 0.000254676764598, 0.000229038589168, 0.000104640690552, 0.000102059551864, 0.000119118340081, 0.000127834151499, 0.000116398536193, 9.86672384897e-05, 3.93579568936e-08],
        "dmean2": [7.50907784095e-05, 0.00109864003025, 0.00241081020795, 0.00211505056359, 0.00371634284966, 0.00246751238592, 0.00149513676297, 0.00148835557047, 0.00182238337584, 0.0015345371794, 0.000972855137661, 0.000887638540007, 0.000789279467426, 0.000901889405213, 0.000844663882162, 0.000443111843197, 0.000462905794848, 0.000446434045443, 0.000402278761612, 0.000367591070244, 0.000159552408149, 0.000151947926497, 0.000178528163815, 0.000186657212907, 0.000165684177773, 0.000151841188199, 7.02226330418e-08],
        "dvar": [1.92118498887e-08, 2.18880404645e-06, 1.52195261762e-05, 8.23818299978e-06, 1.64452922036e-05, 9.94072615867e-06, 3.8844818846e-06, 5.39233997188e-06, 6.64410208628e-06, 3.55891302206e-06, 1.65149208442e-06, 1.00147667581e-06, 8.1943016994e-07, 1.01385558082e-06, 9.40075324252e-07, 3.31428481104e-07, 2.45859695269e-07, 2.13587554754e-07, 2.83099495846e-07, 1.05868059563e-06, 1.10672608855e-07, 8.19663696916e-08, 1.12489829007e-07, 1.83188134883e-07, 1.07600641286e-07, 7.58752278784e-08, 8.47742693101e-14],
        "dvar2": [4.89338169984e-08, 6.10671759205e-06, 4.35138645116e-05, 2.27857181017e-05, 3.95100396418e-05, 2.59364915109e-05, 9.09403843252e-06, 1.36591588671e-05, 1.58099410328e-05, 8.02186787041e-06, 3.72022486772e-06, 2.48042078965e-06, 2.03647960006e-06, 2.56500015894e-06, 2.33204309552e-06, 8.33115961996e-07, 5.85502164085e-07, 5.27301210695e-07, 6.75294984376e-07, 2.40233839577e-06, 1.85188540058e-07, 1.3945177102e-07, 2.60729905222e-07, 3.67201067775e-07, 2.25880370408e-07, 1.79499281217e-07, 2.08447747453e-13],
        "max": [0.00762314908206, 0.0225909948349, 0.05610993132, 0.0482362806797, 0.0829259678721, 0.0922126099467, 0.0480134747922, 0.0611153021455, 0.0400012359023, 0.0741724222898, 0.0211222283542, 0.0220306739211, 0.0188860036433, 0.022412955761, 0.0571430213749, 0.0173649154603, 0.0116224419326, 0.0115736592561, 0.0193425919861, 0.0765361264348, 0.0250763613731, 0.0151989823207, 0.0118766119704, 0.0188057012856, 0.00955972354859, 0.00429855147377, 1.5383677237e-05],
        "mean": [4.16360235249e-05, 0.000900302256923, 0.00162756838836, 0.00152431766037, 0.00364483473822, 0.0023746676743, 0.00156249292195, 0.00134441326372, 0.00165590492543, 0.00164888554718, 0.000978638767265, 0.000947952270508, 0.000783324416261, 0.00100865738932, 0.000960984791163, 0.000491847691592, 0.000516937114298, 0.000504507857841, 0.000481396768009, 0.000419303862145, 0.000192999708815, 0.000200450871489, 0.000211927981582, 0.000237265703618, 0.00018366270524, 0.000106192128442, 2.77648801728e-08],
        "median": [2.24023642659e-05, 0.000546344439499, 0.00077738170512, 0.000701892247889, 0.00206229416654, 0.00112233869731, 0.000774342217483, 0.000487908953801, 0.000578344915994, 0.000627552566584, 0.000326707027853, 0.000498291978147, 0.000407783780247, 0.000454341818113, 0.000496855995152, 0.000219241890591, 0.000281806074781, 0.000303189328406, 0.000241793051828, 0.000194128631847, 7.61292467359e-05, 7.87708268035e-05, 7.15713104e-05, 5.67151000723e-05, 2.73916848528e-05, 5.05501157022e-06, 8.62911520016e-10],
        "min": [2.77600113104e-24, 1.01640254796e-23, 1.16775624114e-23, 1.69200882295e-23, 2.2046614418e-23, 3.54355245774e-23, 4.04451131808e-23, 4.92596808527e-23, 8.17037943905e-23, 1.95728223499e-23, 2.07596919808e-23, 7.15577683501e-23, 1.1224734637e-22, 1.09953502941e-22, 9.0946372746e-23, 1.43956462425e-22, 1.23761067893e-22, 2.24202877314e-22, 3.64549411263e-22, 3.44104660954e-22, 4.46866756422e-22, 3.77782988399e-22, 4.26979333187e-22, 8.80483678862e-22, 1.2081267691e-21, 1.6407820133e-21, 2.2139927323e-21],
        "var": [1.60653677028e-08, 1.86811814729e-06, 1.07568985186e-05, 8.22578840598e-06, 2.69505435426e-05, 1.6769146896e-05, 6.87480314809e-06, 9.94375204755e-06, 1.02229832919e-05, 9.75869625108e-06, 3.74559726879e-06, 2.06461254493e-06, 1.33692981308e-06, 2.28373937716e-06, 2.38744405578e-06, 8.66711161507e-07, 5.71495320401e-07, 4.20220061415e-07, 5.55512372102e-07, 1.60785168646e-06, 2.95711913623e-07, 2.45152108391e-07, 2.51113561944e-07, 5.59932402666e-07, 2.51833654374e-07, 8.43476044565e-08, 6.69757896062e-14]
    },
    "erbbands": {
        "dmean": [0.00964919291437, 0.192653536797, 1.27857327461, 3.06212496758, 6.41725921631, 7.41204404831, 10.9822797775, 12.4585895538, 12.8150596619, 15.2087364197, 21.5560092926, 25.1410770416, 26.7380275726, 29.5878829956, 22.3976097107, 21.2707042694, 21.3035144806, 25.3388519287, 28.9693126678, 21.3178768158, 13.2848424911, 14.090555191, 13.8556613922, 12.7829122543, 12.8144292831, 11.4360952377, 5.33807992935, 3.62638640404, 3.5453774929, 3.66422486305, 3.50022768974, 2.82580375671, 2.15536284447, 1.49039006233, 0.772735893726, 0.556960523129, 0.178738221526, 0.00586960138753, 0.000150862790179, 1.84234104381e-05],
        "dmean2": [0.0162181891501, 0.325248301029, 2.19086551666, 5.26719760895, 10.5021934509, 12.4723911285, 17.9052963257, 20.6422119141, 20.7304058075, 24.2740154266, 35.2604026794, 40.0069770813, 43.1483306885, 45.3993644714, 35.17212677, 33.7034072876, 34.2853622437, 41.0659599304, 46.6617279053, 34.6260986328, 21.4188079834, 22.5910587311, 22.1092300415, 20.4465637207, 19.9410934448, 18.3180904388, 8.34464931488, 5.50826740265, 5.31123542786, 5.49534988403, 5.25537776947, 4.29622793198, 3.10943698883, 2.1757311821, 1.10326015949, 0.839884340763, 0.282250970602, 0.0093095889315, 0.000232502119616, 2.70245564025e-05],
        "dvar": [0.000328945287038, 0.201911881566, 11.6715574265, 62.0097084045, 194.636886597, 192.182769775, 424.644500732, 938.207092285, 836.47668457, 1292.5802002, 3255.68652344, 3772.26342773, 3609.07617188, 4040.26855469, 1740.99194336, 1424.83300781, 1633.54345703, 2426.19921875, 2525.79199219, 1802.8157959, 678.462341309, 660.817016602, 558.776672363, 504.042816162, 1038.60083008, 3367.42602539, 399.949523926, 103.226173401, 93.5125961304, 157.343917847, 91.2704086304, 60.2696151733, 67.9104385376, 26.0897750854, 3.66011023521, 2.19225096703, 0.28812110424, 0.000340615835739, 1.9287463715e-07, 1.22243448697e-09],
        "dvar2": [0.00089945178479, 0.563532710075, 33.2188911438, 173.726425171, 453.165008545, 475.216339111, 1040.36486816, 2377.78540039, 1932.01757812, 2958.92626953, 8407.20996094, 8808.17773438, 8405.55371094, 8974.11816406, 4041.60131836, 3442.93432617, 4062.03662109, 6147.99414062, 6145.72705078, 4633.421875, 1610.09558105, 1568.12426758, 1330.91760254, 1213.3079834, 2448.65014648, 8013.87548828, 765.990661621, 179.084854126, 167.55329895, 340.635284424, 215.213104248, 128.668289185, 143.390045166, 56.0539855957, 7.63687086105, 5.01999759674, 0.705145418644, 0.000847163260914, 4.67005264682e-07, 2.75403433392e-09],
        "max": [0.400255680084, 7.0490436554, 50.4795455933, 122.700157166, 367.252349854, 260.294433594, 726.557861328, 1024.05114746, 839.452209473, 1131.87121582, 1574.71044922, 1137.65734863, 2400.70288086, 2086.30444336, 971.658752441, 741.163513184, 831.717529297, 1316.26745605, 1681.01513672, 1592.22351074, 707.813232422, 603.961425781, 768.298339844, 544.366699219, 1719.31347656, 4309.09521484, 1359.21166992, 684.874938965, 486.719482422, 526.714355469, 399.689178467, 193.577270508, 395.832611084, 137.550949097, 47.6590423584, 21.9088783264, 9.22407245636, 0.327964097261, 0.0075071034953, 0.000565279799048],
        "mean": [0.0137643525377, 0.26305809617, 1.60954117775, 3.77800559998, 9.11654376984, 11.1214866638, 18.5442562103, 18.5244636536, 20.6657848358, 25.4516143799, 32.6651878357, 38.0152206421, 43.0169563293, 53.0402336121, 40.1628952026, 38.8685836792, 37.389755249, 47.0326042175, 55.8673782349, 41.0831718445, 26.594669342, 26.9910411835, 27.3119754791, 25.9780845642, 25.4584102631, 20.8126564026, 9.95385169983, 6.80587673187, 6.80141401291, 6.92832946777, 6.05220222473, 5.05917882919, 3.81671929359, 2.35069012642, 1.14431726933, 0.666059017181, 0.169935062528, 0.00540475267917, 0.000166478668689, 4.35245347035e-05],
        "median": [0.00842666253448, 0.160365492105, 0.801914215088, 1.96289265156, 3.86899375916, 5.99512767792, 9.02799415588, 7.7856388092, 9.46151256561, 12.0033102036, 13.4382743835, 13.9234952927, 16.9212646484, 21.5806732178, 18.7084579468, 21.8483810425, 20.7005996704, 25.2346801758, 29.4924411774, 19.967622757, 13.3072834015, 14.5614023209, 17.0636177063, 15.2462320328, 12.8015403748, 9.71467018127, 3.95890808105, 2.79505133629, 2.60576486588, 2.58078050613, 1.93971264362, 1.38824319839, 0.799910366535, 0.361015915871, 0.155967131257, 0.0519332811236, 0.00264279544353, 9.17994766496e-05, 2.44645088969e-05, 3.24174179696e-05],
        "min": [6.49065968061e-22, 1.09463803334e-21, 8.50117749328e-21, 4.22670358333e-20, 1.83335703505e-19, 3.32407602098e-20, 6.36023179648e-20, 3.42835680672e-19, 3.90610841119e-19, 9.01511062397e-19, 1.31982829228e-18, 1.77433984385e-18, 7.6607993433e-19, 9.83031883113e-19, 1.63649929375e-18, 2.39616914702e-18, 5.73860603144e-18, 7.92503877786e-18, 4.82098438584e-18, 4.18591564337e-18, 8.84305292066e-18, 8.45618302971e-18, 1.16445597998e-17, 1.10181111065e-17, 1.9943564451e-17, 1.73263765734e-17, 1.54338766674e-17, 1.84604808979e-17, 1.25370355683e-17, 1.26453507337e-17, 1.28524436718e-17, 1.5561689307e-17, 1.53240734042e-17, 1.15617929349e-17, 9.27653692066e-18, 5.58486541561e-18, 3.02534712276e-18, 1.14284865753e-18, 2.88855735054e-19, 3.34497008627e-20],
        "var": [0.00036129419459, 0.165888175368, 8.67065238953, 49.3906593323, 331.121856689, 283.00692749, 902.565734863, 1321.92565918, 1330.02246094, 2326.55883789, 5136.68212891, 5897.21972656, 6684.53759766, 10747.4208984, 4138.23925781, 3033.82543945, 2739.54345703, 4703.68847656, 6376.97460938, 4555.64599609, 1853.38903809, 1589.98999023, 1184.80639648, 1065.68212891, 1998.76525879, 4453.85449219, 961.476501465, 277.263305664, 260.854492188, 361.901031494, 195.342315674, 164.564651489, 187.243179321, 61.4774208069, 7.39157438278, 2.7963449955, 0.278708636761, 0.000313856435241, 1.97270580315e-07, 1.70797942456e-09]
    },
    "gfcc": {
        "mean": [19.0177688599, 90.8813476562, -141.159942627, 32.0164985657, -70.1617507935, 16.6411933899, -48.4065933228, 8.0355014801, -29.1008071899, -3.60535144806, -12.6090116501, -7.53581905365, -9.07242488861],
        "cov": [[3391.08056641, -1081.67260742, 164.936355591, -164.176330566, -202.575241089, 154.157501221, -162.98387146, 163.704940796, -275.338043213, 240.115020752, -247.806945801, 193.389541626, -238.373123169], [-1081.67260742, 1482.7364502, -406.203613281, 140.411636353, 161.590011597, -240.09135437, 113.02432251, -175.136978149, 193.273300171, -269.467010498, 265.881591797, -226.639724731, 183.42036438], [164.936355591, -406.203613281, 1102.07714844, 67.4248123169, 57.8299369812, 79.8722000122, -190.242294312, 100.483222961, -164.091796875, 153.968841553, -195.910995483, 169.988143921, -180.742706299], [-164.176330566, 140.411636353, 67.4248123169, 314.912597656, 81.5831985474, -19.7884559631, 5.06181669235, -48.2388305664, 44.6668739319, -49.7900390625, -0.935061395168, -51.1854171753, 41.4019470215], [-202.575241089, 161.590011597, 57.8299369812, 81.5831985474, 281.502990723, -7.56431913376, -1.88333857059, -2.01506972313, -9.90245246887, 5.60497713089, -36.6563987732, -5.55838918686, -2.55649828911], [154.157501221, -240.09135437, 79.8722000122, -19.7884559631, -7.56431913376, 238.347640991, 54.954120636, 36.0787582397, -30.8973007202, 28.0639019012, -46.6960067749, 3.45355844498, -23.7317638397], [-162.98387146, 113.02432251, -190.242294312, 5.06181669235, -1.88333857059, 54.954120636, 204.026947021, 0.419826507568, 27.9938526154, -52.035610199, 33.6891021729, -53.5356941223, 29.448764801], [163.704940796, -175.136978149, 100.483222961, -48.2388305664, -2.01506972313, 36.0787582397, 0.419826507568, 131.107711792, -16.3134479523, 37.7082748413, -47.4002914429, 25.6971988678, -52.0163841248], [-275.338043213, 193.273300171, -164.091796875, 44.6668739319, -9.90245246887, -30.8973007202, 27.9938526154, -16.3134479523, 142.755691528, -44.3583564758, 53.8711128235, -63.1493835449, 47.4319877625], [240.115020752, -269.467010498, 153.968841553, -49.7900390625, 5.60497713089, 28.0639019012, -52.035610199, 37.7082748413, -44.3583564758, 141.891860962, -54.5200004578, 65.8511962891, -53.4691200256], [-247.806945801, 265.881591797, -195.910995483, -0.935061395168, -36.6563987732, -46.6960067749, 33.6891021729, -47.4002914429, 53.8711128235, -54.5200004578, 151.856704712, -48.3910522461, 56.5330200195], [193.389541626, -226.639724731, 169.988143921, -51.1854171753, -5.55838918686, 3.45355844498, -53.5356941223, 25.6971988678, -63.1493835449, 65.8511962891, -48.3910522461, 122.806602478, -39.5910263062], [-238.373123169, 183.42036438, -180.742706299, 41.4019470215, -2.55649828911, -23.7317638397, 29.448764801, -52.0163841248, 47.4319877625, -53.4691200256, 56.5330200195, -39.5910263062, 111.618354797]],
        "icov": [[0.000550089927856, -9.64780774666e-05, 0.000548505049665, -0.000407700397773, 0.000572323857341, -0.000323154235957, 0.000529146171175, -0.000371371163055, 0.000922479433939, -0.000471417064546, 0.000614027958363, -0.000354807358235, 0.000949783599935], [-9.64780774666e-05, 0.00269109732471, -0.00104309513699, 0.00103750475682, -0.00206021987833, 0.00197357893921, -0.000962962396443, 0.00139514228795, -0.00130323739722, 0.00257963151671, -0.00274625816382, 0.00256856321357, -0.00133397814352], [0.000548505049665, -0.00104309513699, 0.00290280790068, -0.00190700381063, 0.00127036205959, -0.0015413101064, 0.00203901180066, -0.00132377736736, 0.00213930639438, -0.00148389826063, 0.00210533337668, -0.00256369588897, 0.00324426451698], [-0.000407700397773, 0.00103750475682, -0.00190700381063, 0.00542831374332, -0.00219559320249, 0.00124215462711, -0.00103693257552, 0.00218278891407, -0.00242390390486, 0.00214282656088, -0.000545712537132, 0.00289903534576, -0.00281126913615], [0.000572323857341, -0.00206021987833, 0.00127036205959, -0.00219559320249, 0.00606342358515, -0.0013552159071, 0.00095229758881, -0.0013966759434, 0.00227308063768, -0.00273176119663, 0.00357940490358, -0.00175958045293, 0.00171628675889], [-0.000323154235957, 0.00197357893921, -0.0015413101064, 0.00124215462711, -0.0013552159071, 0.00696106208488, -0.00308915227652, 0.000639705976937, -0.000630782276858, 0.000989990774542, -0.000927900837269, 0.00320609519258, -0.00197826442309], [0.000529146171175, -0.000962962396443, 0.00203901180066, -0.00103693257552, 0.00095229758881, -0.00308915227652, 0.00802891142666, -0.00190888659563, 0.00170234625693, 0.000343889463693, 0.000899596547242, -0.000258072133875, 0.00165013049264], [-0.000371371163055, 0.00139514228795, -0.00132377736736, 0.00218278891407, -0.0013966759434, 0.000639705976937, -0.00190888659563, 0.0115620521829, -0.00296249310486, 0.000963894999586, 0.000192415594938, 0.00125779467635, 0.00202618236654], [0.000922479433939, -0.00130323739722, 0.00213930639438, -0.00242390390486, 0.00227308063768, -0.000630782276858, 0.00170234625693, -0.00296249310486, 0.0128685487434, -0.00219329725951, 0.000686126819346, 0.00182824255899, 0.000344951899024], [-0.000471417064546, 0.00257963151671, -0.00148389826063, 0.00214282656088, -0.00273176119663, 0.000989990774542, 0.000343889463693, 0.000963894999586, -0.00219329725951, 0.0140897305682, -0.00195978861302, -0.00109605223406, 0.000348217668943], [0.000614027958363, -0.00274625816382, 0.00210533337668, -0.000545712537132, 0.00357940490358, -0.000927900837269, 0.000899596547242, 0.000192415594938, 0.000686126819346, -0.00195978861302, 0.013973172754, -0.00163512129802, 0.000285231741145], [-0.000354807358235, 0.00256856321357, -0.00256369588897, 0.00289903534576, -0.00175958045293, 0.00320609519258, -0.000258072133875, 0.00125779467635, 0.00182824255899, -0.00109605223406, -0.00163512129802, 0.0175145976245, -0.00317105068825], [0.000949783599935, -0.00133397814352, 0.00324426451698, -0.00281126913615, 0.00171628675889, -0.00197826442309, 0.00165013049264, 0.00202618236654, 0.000344951899024, 0.000348217668943, 0.000285231741145, -0.00317105068825, 0.0183543115854]]
    },
    "melbands": {
        "dmean": [0.000130759653985, 0.000525681476574, 0.000599121034611, 0.000498798617627, 0.000360964884749, 0.000277501763776, 0.000193994448637, 0.00016988858988, 0.000182358708116, 0.000157567366841, 0.000135862748721, 0.000126123079099, 8.59204810695e-05, 6.27772315056e-05, 5.41111257917e-05, 4.82426585222e-05, 4.86454664497e-05, 5.07812655997e-05, 3.22070191032e-05, 2.43844806391e-05, 1.62166852533e-05, 1.45552839967e-05, 1.69754239323e-05, 1.46577713167e-05, 1.07871146611e-05, 1.06757679532e-05, 9.26297798287e-06, 7.67088840803e-06, 3.90154264096e-06, 2.62898856818e-06, 2.16377088691e-06, 2.08481583286e-06, 2.29436273003e-06, 2.09970585274e-06, 2.12812778955e-06, 2.07580819733e-06, 1.7351715087e-06, 1.57731631134e-06, 1.632563567e-06, 1.21497771488e-06],
        "dmean2": [0.000220541318413, 0.000894844532013, 0.00100771069992, 0.000825648079626, 0.000588494527619, 0.000457132555312, 0.000312935590046, 0.000271700235317, 0.000296311220154, 0.000251498044236, 0.000218287314055, 0.000193458690774, 0.000134579939186, 0.000100746910903, 8.62157903612e-05, 7.86705786595e-05, 7.8928336734e-05, 8.19811757538e-05, 5.19598143001e-05, 3.97564399464e-05, 2.66167571681e-05, 2.33531209233e-05, 2.7343918191e-05, 2.40480676439e-05, 1.73911521415e-05, 1.6981824956e-05, 1.45601316035e-05, 1.24500520542e-05, 6.276325621e-06, 4.09607309848e-06, 3.36219227393e-06, 3.18966590385e-06, 3.51192807102e-06, 3.23555968862e-06, 3.2615046166e-06, 3.19455466524e-06, 2.66803385784e-06, 2.35596098719e-06, 2.43331010097e-06, 1.82974577001e-06],
        "dvar": [8.04514215247e-08, 1.91821004591e-06, 1.92191282622e-06, 9.20107424918e-07, 4.31218381891e-07, 4.15746086446e-07, 1.7510032535e-07, 1.59648621434e-07, 2.31705328702e-07, 1.4207792276e-07, 9.18906977176e-08, 7.12040062467e-08, 2.87682784261e-08, 1.38225431101e-08, 1.11792024526e-08, 7.99896593406e-09, 8.85001405493e-09, 7.7858333114e-09, 5.59921753407e-09, 2.94202573414e-09, 1.06324860027e-09, 7.89705856263e-10, 9.62316559772e-10, 6.17645379286e-10, 3.86748050252e-10, 5.8165205985e-10, 7.50491946366e-10, 1.81990555959e-09, 2.11360567937e-10, 7.59839760556e-11, 3.10498571299e-11, 2.93414528785e-11, 4.91020453464e-11, 5.6008024607e-11, 3.97911287253e-11, 2.60469944224e-11, 2.98371605201e-11, 4.03913152924e-11, 3.97501163929e-11, 1.8741215177e-11],
        "dvar2": [2.24365521717e-07, 5.42263524039e-06, 5.18677961736e-06, 2.24510699809e-06, 1.06247841813e-06, 1.0611727248e-06, 4.0748514607e-07, 3.68130457673e-07, 5.99859276917e-07, 3.339203829e-07, 2.11362163327e-07, 1.57994747951e-07, 6.46735713872e-08, 3.49792621535e-08, 2.55846952513e-08, 1.98666647577e-08, 2.22171863129e-08, 1.8727922324e-08, 1.3335800908e-08, 7.61192175958e-09, 2.53350318502e-09, 1.85437010192e-09, 2.20254525729e-09, 1.59693192003e-09, 9.38385480431e-10, 1.38119571336e-09, 1.69049318988e-09, 4.34641922453e-09, 4.53761306307e-10, 1.21829282773e-10, 6.4206952255e-11, 5.87076290359e-11, 8.92360629834e-11, 1.32820768273e-10, 9.65997212776e-11, 6.14499909291e-11, 6.46307035668e-11, 9.19568240998e-11, 8.61087867676e-11, 4.33807226252e-11],
        "max": [0.00519868079573, 0.0209668260068, 0.0206518117338, 0.0204892996699, 0.0198284089565, 0.0203680042177, 0.0109249968082, 0.0115557359532, 0.0150504363701, 0.00688469456509, 0.0125568620861, 0.00845408905298, 0.00318806013092, 0.00298923207447, 0.00215363479219, 0.00177334959153, 0.002267296426, 0.00220444542356, 0.00562842655927, 0.00175885122735, 0.000876461912412, 0.00061533995904, 0.000905608467292, 0.000442330463557, 0.000475245440612, 0.00104987772647, 0.00169828988146, 0.00313402316533, 0.000868953822646, 0.00075039092917, 0.00028372061206, 0.000265780457994, 0.000404037884437, 0.000296292448184, 0.000260771397734, 0.000113289854198, 0.000162870172062, 0.000343137216987, 0.000226902382565, 0.000128864470753],
        "mean": [0.00018700491637, 0.000682872720063, 0.000815709936433, 0.000741534051485, 0.000622502877377, 0.000420219468651, 0.000319516868331, 0.000281748129055, 0.000270580960205, 0.000232512771618, 0.000214057057747, 0.000220009344048, 0.000143113589729, 0.000109204120236, 8.90396622708e-05, 8.10534038465e-05, 8.66188638611e-05, 9.30785463424e-05, 5.90189265495e-05, 4.43012831965e-05, 2.8952215871e-05, 2.62467110588e-05, 2.84355537588e-05, 2.54154274444e-05, 2.01085913432e-05, 1.91688905034e-05, 1.69875402207e-05, 1.27543871713e-05, 6.53678034723e-06, 4.47571483164e-06, 3.71952296518e-06, 3.69705185221e-06, 4.1224366214e-06, 3.6948433717e-06, 3.45901571563e-06, 3.35940512741e-06, 2.99244652524e-06, 2.67617701866e-06, 2.51955589192e-06, 1.78269419848e-06],
        "median": [0.000117130606668, 0.000373624847271, 0.000415353220887, 0.000377456541173, 0.000313302822178, 0.000184183241799, 0.000152693450218, 0.000127403560327, 0.000109885535494, 8.09855409898e-05, 8.05467861937e-05, 8.42569497763e-05, 5.47144372831e-05, 5.73825200263e-05, 4.53672037111e-05, 4.41109186795e-05, 4.23924138886e-05, 4.41165902885e-05, 3.05149915221e-05, 1.8577416995e-05, 1.39034946187e-05, 1.30852513394e-05, 1.56908790814e-05, 1.45086105476e-05, 1.10108230729e-05, 9.15373948374e-06, 8.01888472779e-06, 5.38477570444e-06, 2.29857778322e-06, 1.74064462044e-06, 1.43933834806e-06, 1.38032146424e-06, 1.49236279867e-06, 1.3436192603e-06, 1.08048095626e-06, 9.94219135464e-07, 7.49615367113e-07, 5.58103351977e-07, 3.96989321416e-07, 2.37145755477e-07],
        "min": [6.63721691015e-24, 3.37780378854e-24, 1.11575752794e-23, 7.23770256437e-24, 2.63244915389e-24, 7.7045157382e-24, 7.01569343982e-24, 8.95255601027e-24, 1.24422115977e-23, 1.06467334118e-23, 2.84575004291e-24, 3.77518694752e-24, 3.81426080588e-24, 8.43262646511e-24, 5.25022352279e-24, 1.73319351531e-23, 1.34127132484e-23, 7.25651768582e-24, 5.06530742686e-24, 7.28679180078e-24, 9.57832307878e-24, 6.7909169912e-24, 1.34935588694e-23, 7.83479927214e-24, 8.37978540624e-24, 1.30848098025e-23, 1.06435653465e-23, 1.22434596704e-23, 8.08592209727e-24, 9.26923475434e-24, 1.10088481775e-23, 6.24370232505e-24, 7.67066019473e-24, 6.99986336803e-24, 7.26682967558e-24, 7.25322813585e-24, 1.07212239694e-23, 1.02738009966e-23, 1.15116618076e-23, 8.10935363274e-24],
        "var": [7.33721066126e-08, 1.43586350987e-06, 2.02339083444e-06, 1.42257545122e-06, 9.29376597014e-07, 6.13859526766e-07, 2.88672822535e-07, 2.99569478557e-07, 3.23701385696e-07, 2.19004775204e-07, 1.76517488626e-07, 1.92781698161e-07, 6.67660984277e-08, 3.003907878e-08, 1.89474143042e-08, 1.36271118834e-08, 1.72899667916e-08, 1.87950064401e-08, 1.27129702321e-08, 7.21945392357e-09, 2.535195609e-09, 1.80026349383e-09, 1.86850757089e-09, 1.12897979854e-09, 7.63605068066e-10, 1.04806097134e-09, 1.42429157357e-09, 2.25345830884e-09, 4.4623010842e-10, 1.94472368764e-10, 7.33073948767e-11, 7.32704799611e-11, 1.32432023681e-10, 1.10435653677e-10, 7.83923689851e-11, 5.11745333609e-11, 7.72078442846e-11, 1.01752897774e-10, 8.85478843027e-11, 3.66779974448e-11]
    },
    "mfcc": {
        "mean": [-611.006652832, 112.785438538, -12.1851406097, 11.9430408478, 0.558631777763, -0.837607622147, -3.25992798805, 1.57438874245, -10.0776290894, 2.33751249313, -3.75404667854, -6.16410732269, -3.93390035629],
        "cov": [[2182.09643555, -710.771911621, -77.4700469971, -230.974365234, -165.926147461, -9.44927692413, 47.1731109619, -25.3948059082, -14.5058374405, 29.0396709442, 0.580108582973, -6.30223226547, -33.0795288086], [-710.771911621, 1025.99169922, -213.431671143, 170.714569092, 73.3421783447, -71.4192886353, -16.3281040192, 13.7330799103, -75.4545135498, -23.8562545776, 11.2742195129, -8.8513212204, 9.35310745239], [-77.4700469971, -213.431671143, 760.665405273, 37.9857139587, 118.216812134, 24.7678546906, -9.45798492432, -9.07952785492, -2.40965151787, -42.2289886475, 1.32023084164, 20.4982833862, -1.68738603592], [-230.974365234, 170.714569092, 37.9857139587, 362.996612549, 119.868453979, 14.0817937851, -38.9959068298, -14.8429927826, 15.5526666641, -26.2418003082, -35.2428512573, 0.325557142496, 29.2834224701], [-165.926147461, 73.3421783447, 118.216812134, 119.868453979, 269.60546875, 27.7935943604, -18.1397609711, -20.2916812897, 20.028470993, -15.9833679199, -12.662115097, -2.84220504761, 15.9928636551], [-9.44927692413, -71.4192886353, 24.7678546906, 14.0817937851, 27.7935943604, 173.959182739, 50.6506385803, 8.44084739685, 44.737739563, 1.08032166958, -12.6587972641, 0.434291362762, -8.84545230865], [47.1731109619, -16.3281040192, -9.45798492432, -38.9959068298, -18.1397609711, 50.6506385803, 158.791427612, 35.4272041321, 16.4429626465, 12.2227582932, 6.25850009918, -14.6161813736, -0.333440810442], [-25.3948059082, 13.7330799103, -9.07952785492, -14.8429927826, -20.2916812897, 8.44084739685, 35.4272041321, 119.351913452, 21.1941986084, 23.9060611725, 10.9860782623, -9.19442272186, -18.6680393219], [-14.5058374405, -75.4545135498, -2.40965151787, 15.5526666641, 20.028470993, 44.737739563, 16.4429626465, 21.1941986084, 117.496452332, 21.4566688538, -7.65284395218, 1.87384200096, -6.53312730789], [29.0396709442, -23.8562545776, -42.2289886475, -26.2418003082, -15.9833679199, 1.08032166958, 12.2227582932, 23.9060611725, 21.4566688538, 105.853981018, 17.7103977203, -11.7555551529, -6.6356420517], [0.580108582973, 11.2742195129, 1.32023084164, -35.2428512573, -12.662115097, -12.6587972641, 6.25850009918, 10.9860782623, -7.65284395218, 17.7103977203, 78.4803619385, 12.7107868195, -10.4919939041], [-6.30223226547, -8.8513212204, 20.4982833862, 0.325557142496, -2.84220504761, 0.434291362762, -14.6161813736, -9.19442272186, 1.87384200096, -11.7555551529, 12.7107868195, 69.5181427002, 11.0207805634], [-33.0795288086, 9.35310745239, -1.68738603592, 29.2834224701, 15.9928636551, -8.84545230865, -0.333440810442, -18.6680393219, -6.53312730789, -6.6356420517, -10.4919939041, 11.0207805634, 68.8706665039]],
