{
"lowlevel": {
    "average_loudness": 0.692785322666,
    "barkbands_crest": {
        "dmean": 2.36564898491,
        "dmean2": 3.76672410965,
        "dvar": 5.38537073135,
        "dvar2": 12.9665231705,
        "max": 25.9068450928,
        "mean": 11.7956142426,
        "median": 11.1251983643,
        "min": 2.15475940704,
        "var": 21.2857646942
    },
    "barkbands_flatness_db": {
        "dmean": 0.0201404821128,
        "dmean2": 0.029623882845,
        "dvar": 0.000424119149102,
        "dvar2": 0.00086724490393,
        "max": 0.417352735996,
        "mean": 0.154515549541,
        "median": 0.145786225796,
        "min": 0.0195891167969,
        "var": 0.00339152454399
    },
    "barkbands_kurtosis": {
        "dmean": 3.89304709435,
        "dmean2": 6.05138063431,
        "dvar": 113.297622681,
        "dvar2": 281.283813477,
        "max": 332.158660889,
        "mean": 8.16935825348,
        "median": 2.95410847664,
        "min": -1.96507799625,
        "var": 349.475799561
    },
    "barkbands_skewness": {
        "dmean": 0.514467418194,
        "dmean2": 0.775263726711,
        "dvar": 0.406696736813,
        "dvar2": 0.928616344929,
        "max": 13.9198627472,
        "mean": 1.83331227303,
        "median": 1.55296349525,
        "min": -2.05044651031,
        "var": 2.76683759689
    },
    "barkbands_spread": {
        "dmean": 5.11313772202,
        "dmean2": 7.68220996857,
        "dvar": 58.4728393555,
        "dvar2": 110.600860596,
        "max": 119.960578918,
        "mean": 20.9550056458,
        "median": 17.6723670959,
        "min": 0.436133891344,
        "var": 258.262908936
    },
    "dissonance": {
        "dmean": 0.0223127156496,
        "dmean2": 0.0375487022102,
        "dvar": 0.000498470384628,
        "dvar2": 0.00136818818282,
        "max": 0.500000119209,
        "mean": 0.456885784864,
        "median": 0.465388059616,
        "min": 0.251697689295,
        "var": 0.00108782097232
    },
    "dynamic_complexity": 4.17439079285,
    "erbbands_crest": {
        "dmean": 2.85076785088,
        "dmean2": 4.51137590408,
        "dvar": 7.67756557465,
        "dvar2": 18.2847385406,
        "max": 31.8636360168,
        "mean": 10.2920150757,
        "median": 9.08345603943,
        "min": 2.15504145622,
        "var": 27.1470298767
    },
    "erbbands_flatness_db": {
        "dmean": 0.017198221758,
        "dmean2": 0.0252964850515,
        "dvar": 0.000279212137684,
        "dvar2": 0.000566180096939,
        "max": 0.308123260736,
        "mean": 0.146170318127,
        "median": 0.142803698778,
        "min": 0.0519628711045,
        "var": 0.00197719573043
    },
    "erbbands_kurtosis": {
        "dmean": 1.345677495,
        "dmean2": 2.09511113167,
        "dvar": 4.54244709015,
        "dvar2": 10.0278959274,
        "max": 45.2195129395,
        "mean": 1.74832367897,
        "median": 0.622446656227,
        "min": -1.82685315609,
        "var": 14.591837883
    },
    "erbbands_skewness": {
        "dmean": 0.375708729029,
        "dmean2": 0.578706562519,
        "dvar": 0.146060049534,
        "dvar2": 0.309078782797,
        "max": 5.92440891266,
        "mean": 0.775268614292,
        "median": 0.72163438797,
        "min": -5.87335634232,
        "var": 0.760126292706
    },
    "erbbands_spread": {
        "dmean": 8.05042362213,
        "dmean2": 12.174495697,
        "dvar": 94.8174209595,
        "dvar2": 201.518157959,
        "max": 147.196517944,
        "mean": 39.3972358704,
        "median": 35.2423477173,
        "min": 2.35262227058,
        "var": 520.979431152
    },
    "hfc": {
        "dmean": 6.4794716835,
        "dmean2": 9.35193538666,
        "dvar": 121.939582825,
        "dvar2": 251.498397827,
        "max": 211.342132568,
        "mean": 20.6190357208,
        "median": 11.2838859558,
        "min": 1.14243158479e-16,
        "var": 555.828430176
    },
    "melbands_crest": {
        "dmean": 2.88920974731,
        "dmean2": 4.58841753006,
        "dvar": 8.15475845337,
        "dvar2": 19.4460372925,
        "max": 34.071472168,
        "mean": 16.0363578796,
        "median": 15.2497253418,
        "min": 1.86309826374,
        "var": 35.6806373596
    },
    "melbands_flatness_db": {
        "dmean": 0.0231740996242,
        "dmean2": 0.0338475108147,
        "dvar": 0.000659101526253,
        "dvar2": 0.00133999972604,
        "max": 0.526615619659,
        "mean": 0.216471880674,
        "median": 0.209744125605,
        "min": 0.00525404745713,
        "var": 0.00598439807072
    },
    "melbands_kurtosis": {
        "dmean": 8.52526664734,
        "dmean2": 13.162364006,
        "dvar": 355.797302246,
        "dvar2": 863.825012207,
        "max": 449.075866699,
        "mean": 20.0817737579,
        "median": 9.37905788422,
        "min": -1.78179228306,
        "var": 1257.2355957
    },
    "melbands_skewness": {
        "dmean": 0.704121768475,
        "dmean2": 1.06388199329,
        "dvar": 0.713961243629,
        "dvar2": 1.61732840538,
        "max": 16.4817848206,
        "mean": 2.80350160599,
        "median": 2.3857254982,
        "min": -1.40116727352,
        "var": 4.71636819839
    },
    "melbands_spread": {
        "dmean": 5.05041503906,
        "dmean2": 7.67115068436,
        "dvar": 63.0899772644,
        "dvar2": 125.197235107,
        "max": 236.736694336,
        "mean": 20.660615921,
        "median": 17.1334571838,
        "min": 0.375446617603,
        "var": 274.514343262
    },
    "pitch_salience": {
        "dmean": 0.0609795637429,
        "dmean2": 0.0978840142488,
        "dvar": 0.00346337771043,
        "dvar2": 0.0085242241621,
        "max": 0.912816643715,
        "mean": 0.49905076623,
        "median": 0.496054649353,
        "min": 0.0826323255897,
        "var": 0.0148237729445
    },
    "silence_rate_20dB": {
        "dmean": 0,
        "dmean2": 0,
        "dvar": 0,
        "dvar2": 0,
        "max": 1,
        "mean": 1,
        "median": 1,
        "min": 1,
        "var": 0
    },
    "silence_rate_30dB": {
        "dmean": 0.00428010942414,
        "dmean2": 0.00856123678386,
        "dvar": 0.00426179729402,
        "dvar2": 0.0108662154526,
        "max": 1,
        "mean": 0.995244860649,
        "median": 1,
        "min": 0,
        "var": 0.0047325277701
    },
    "silence_rate_60dB": {
        "dmean": 0.0161693021655,
        "dmean2": 0.0323424488306,
        "dvar": 0.0159069765359,
        "dvar2": 0.0393811538815,
        "max": 1,
        "mean": 0.0260342359543,
        "median": 0,
        "min": 0,
        "var": 0.0253538619727
    },
    "spectral_centroid": {
        "dmean": 215.577224731,
        "dmean2": 332.256317139,
        "dvar": 97531.640625,
        "dvar2": 189673.609375,
        "max": 10832.484375,
        "mean": 1211.52026367,
        "median": 1125.89990234,
        "min": 195.262527466,
        "var": 401784.75
    },
    "spectral_complexity": {
        "dmean": 2.77279758453,
        "dmean2": 4.33864450455,
        "dvar": 12.3324298859,
        "dvar2": 25.6850376129,
        "max": 52,
        "mean": 15.4215402603,
        "median": 13,
        "min": 0,
        "var": 98.5505981445
    },
    "spectral_decrease": {
        "dmean": 1.66873315166e-09,
        "dmean2": 2.52246401544e-09,
        "dvar": 6.22009173598e-18,
        "dvar2": 1.32221801707e-17,
        "max": 2.96616051761e-29,
        "mean": -6.10009376345e-09,
        "median": -4.78317829788e-09,
        "min": -4.889136207e-08,
        "var": 2.35215259188e-17
    },
    "spectral_energy": {
        "dmean": 0.00674764625728,
        "dmean2": 0.0101697025821,
        "dvar": 0.000101539306343,
        "dvar2": 0.000214876316022,
        "max": 0.203696653247,
        "mean": 0.0248933751136,
        "median": 0.0195376314223,
        "min": 1.02502420128e-20,
        "var": 0.000397867959691
    },
    "spectral_energyband_high": {
        "dmean": 0.000377471209504,
        "dmean2": 0.0005423486582,
        "dvar": 8.43876307499e-07,
        "dvar2": 1.81391715159e-06,
        "max": 0.0205583702773,
        "mean": 0.000856839586049,
        "median": 0.000317157013342,
        "min": 7.41312156387e-21,
        "var": 2.58782733908e-06
    },
    "spectral_energyband_low": {
        "dmean": 0.00253188237548,
        "dmean2": 0.00385341490619,
        "dvar": 1.95676475414e-05,
        "dvar2": 4.85032105644e-05,
        "max": 0.065362200141,
        "mean": 0.00868051685393,
        "median": 0.00714347232133,
        "min": 4.22963267562e-23,
        "var": 5.26168514625e-05
    },
    "spectral_energyband_middle_high": {
        "dmean": 0.00251381541602,
        "dmean2": 0.00379527779296,
        "dvar": 2.61256955127e-05,
        "dvar2": 5.84282133786e-05,
        "max": 0.0922543928027,
        "mean": 0.00689219729975,
        "median": 0.00175902200863,
        "min": 1.56441401727e-21,
        "var": 0.00011135556997
    },
    "spectral_energyband_middle_low": {
        "dmean": 0.00377564644441,
        "dmean2": 0.00578772369772,
        "dvar": 5.31302321178e-05,
        "dvar2": 0.000116472416266,
        "max": 0.146080642939,
        "mean": 0.00906962249428,
        "median": 0.00554241798818,
        "min": 1.71882037496e-22,
        "var": 0.000129684136482
    },
    "spectral_entropy": {
        "dmean": 0.166055858135,
        "dmean2": 0.244631513953,
        "dvar": 0.0327023789287,
        "dvar2": 0.0637780204415,
        "max": 9.80803012848,
        "mean": 7.62284946442,
        "median": 7.62845993042,
        "min": 5.69541692734,
        "var": 0.214743569493
    },
    "spectral_flux": {
        "dmean": 0.020112991333,
        "dmean2": 0.0314936377108,
        "dvar": 0.000544278533198,
        "dvar2": 0.00122026377358,
        "max": 0.347562819719,
        "mean": 0.0709339305758,
        "median": 0.0620334520936,
        "min": 6.81578266049e-11,
        "var": 0.00207688007504
    },
    "spectral_kurtosis": {
        "dmean": 1.05067682266,
        "dmean2": 1.70031499863,
        "dvar": 1.39395046234,
        "dvar2": 3.52776885033,
        "max": 30.0843200684,
        "mean": 3.71200942993,
        "median": 3.4651632309,
        "min": -1.45736396313,
        "var": 5.25588846207
    },
    "spectral_rms": {
        "dmean": 0.000626322696917,
        "dmean2": 0.000930676818825,
        "dvar": 5.60303988095e-07,
        "dvar2": 1.1565045952e-06,
        "max": 0.0140971075743,
        "mean": 0.0045651611872,
        "median": 0.00436590239406,
        "min": 3.16231502789e-12,
        "var": 3.44544014297e-06
    },
    "spectral_rolloff": {
        "dmean": 386.45980835,
        "dmean2": 639.884521484,
        "dvar": 920276.1875,
        "dvar2": 1839226.25,
        "max": 18863.0859375,
        "mean": 1260.74731445,
        "median": 796.728515625,
        "min": 64.599609375,
        "var": 2643366.5
    },
    "spectral_skewness": {
        "dmean": 0.178612574935,
        "dmean2": 0.277229487896,
        "dvar": 0.0356402881444,
        "dvar2": 0.0768810138106,
        "max": 4.48501300812,
        "mean": 1.58060622215,
        "median": 1.58499884605,
        "min": -0.546701908112,
        "var": 0.190078631043
    },
    "spectral_spread": {
        "dmean": 561479.125,
        "dmean2": 782683.875,
        "dvar": 655782903808,
        "dvar2": 1.00109103923e+12,
        "max": 40873944,
        "mean": 5544050.5,
        "median": 5175199,
        "min": 2354176,
        "var": 3.64954858291e+12
    },
    "spectral_strongpeak": {
        "dmean": 0.562007546425,
        "dmean2": 0.945348680019,
        "dvar": 1.11153233051,
        "dvar2": 2.68953633308,
        "max": 16.5497360229,
        "mean": 1.03817880154,
        "median": 0.310996502638,
        "min": 0,
        "var": 2.31526398659
    },
    "zerocrossingrate": {
        "dmean": 0.0102653428912,
        "dmean2": 0.0116213262081,
        "dvar": 0.000192167964997,
        "dvar2": 0.000192808816792,
        "max": 0.58935546875,
        "mean": 0.0575139820576,
        "median": 0.04833984375,
        "min": 0.001953125,
        "var": 0.00174607115332
    },
    "barkbands": {
        "dmean": [0.000185571872862, 0.00211839238182, 0.000562671339139, 0.000457824935438, 0.000825573748443, 0.000971960369498, 0.000994131434709, 0.000965551182162, 0.00103601091541, 0.00119338429067, 0.000827747979201, 0.000461521063698, 0.000338917801855, 0.000342064449796, 0.000257727049757, 0.000207521792618, 0.00018444818852, 0.000139464566018, 0.000128838379169, 8.5064668383e-05, 7.64254509704e-05, 6.81053861626e-05, 7.54779466661e-05, 0.000101567238744, 6.43103339826e-05, 3.15934084938e-05, 6.18121163143e-08],
        "dmean2": [0.000289464311209, 0.00319505413063, 0.000960499048233, 0.000783577153925, 0.00135288888123, 0.00152769533452, 0.00155138515402, 0.00155924260616, 0.00156055309344, 0.00188352819532, 0.00129148550332, 0.000707961968146, 0.000536525563803, 0.00053863984067, 0.000419914053055, 0.000341853010468, 0.000295284757158, 0.000223600931349, 0.000198501395062, 0.000134100075229, 0.000126334489323, 0.000113101610623, 0.000117869982205, 0.000143580487929, 9.20346210478e-05, 4.29501560575e-05, 1.01897583704e-07],
        "dvar": [1.01170073208e-07, 1.44095465657e-05, 1.9990382043e-06, 8.40263282953e-07, 2.23976940106e-06, 6.73434306009e-06, 1.21362199934e-05, 1.09092216007e-05, 2.1189898689e-05, 1.2615743799e-05, 6.82817289999e-06, 2.40377357841e-06, 1.08999597614e-06, 9.92277477962e-07, 6.94623224717e-07, 5.10276549903e-07, 3.1938307643e-07, 2.97595335041e-07, 1.35197637974e-07, 5.64843567474e-08, 5.15058786732e-08, 4.458890146e-08, 5.73740024379e-08, 1.55354442199e-07, 4.13421226142e-08, 5.45035350186e-09, 4.93216748096e-14],
        "dvar2": [2.30829215297e-07, 3.53254181391e-05, 5.60514126846e-06, 2.26059660235e-06, 5.94543735133e-06, 1.60020008479e-05, 2.93031298497e-05, 2.70277796517e-05, 4.30553882325e-05, 2.93407811114e-05, 1.64886077982e-05, 5.60770558877e-06, 2.53137432082e-06, 2.26577640206e-06, 1.75086915988e-06, 1.21305072298e-06, 7.7771147744e-07, 7.18059425253e-07, 3.04367006265e-07, 1.32003989961e-07, 1.40179338359e-07, 1.18503457713e-07, 1.23905380178e-07, 2.94279260515e-07, 7.52361017931e-08, 1.02388435508e-08, 1.25573677975e-13],
        "max": [0.00596619397402, 0.0494954586029, 0.0220258906484, 0.0151431178674, 0.0324188619852, 0.0749199092388, 0.114429704845, 0.087036177516, 0.137461304665, 0.0691689997911, 0.0574693903327, 0.0395433865488, 0.0322437360883, 0.0286377649754, 0.0303593091667, 0.0375704392791, 0.0196516811848, 0.0219565723091, 0.0104881003499, 0.0110785933211, 0.00637700362131, 0.00466880202293, 0.0117965694517, 0.0153338806704, 0.00694687897339, 0.00187673128676, 7.40226550988e-06],
        "mean": [0.000458095251815, 0.00676040491089, 0.00109512847848, 0.000746922451071, 0.00155695457943, 0.00172875146382, 0.00159487768542, 0.00139733753167, 0.00156539049931, 0.00201701605693, 0.00147743464913, 0.000782570161391, 0.000597449834459, 0.000615697470494, 0.00044049861026, 0.000327212648699, 0.000328628026182, 0.000237989326706, 0.000232910912018, 0.000159033443197, 0.00012663412781, 0.000116687457194, 0.000143526078318, 0.000204526397283, 0.000125392703922, 5.62301793252e-05, 6.07802945751e-08],
        "median": [0.000277172366623, 0.00534268096089, 0.00065540173091, 0.000300420506392, 0.000836558057927, 0.000595779682044, 0.000394467147999, 0.00028404960176, 0.000285335612716, 0.000233597922488, 0.000166070036357, 0.000128513900563, 8.28585762065e-05, 0.000102843303466, 7.6586031355e-05, 6.05898458161e-05, 6.29181158729e-05, 6.43629246042e-05, 7.03067926224e-05, 6.83905236656e-05, 4.88617770316e-05, 4.09283093177e-05, 4.85222699353e-05, 4.91912142024e-05, 2.95049394481e-05, 1.23663348859e-05, 2.3904016544e-09],
        "min": [5.12448146108e-24, 3.07895030326e-23, 3.16873691321e-24, 6.36308025141e-24, 3.08752175031e-23, 1.95151992162e-23, 6.60381022854e-24, 3.36142246076e-23, 5.19833461903e-23, 1.77531411226e-23, 1.0674577993e-22, 6.8178685818e-23, 8.17686450678e-23, 8.0082420173e-23, 1.82874227298e-22, 1.2896677994e-22, 1.3951354732e-22, 2.00254600088e-22, 2.1461661435e-22, 2.99156502534e-22, 3.22475306623e-22, 2.25572895204e-22, 6.1704462717e-22, 7.50736633445e-22, 9.87241070824e-22, 1.55615927579e-21, 2.31606391183e-21],
        "var": [2.87720126835e-07, 3.69152730855e-05, 2.36830169342e-06, 1.6181893443e-06, 4.7131284191e-06, 1.33133307827e-05, 1.74945453182e-05, 1.63906006492e-05, 3.74905212084e-05, 3.13800701406e-05, 1.56846272148e-05, 4.90928505315e-06, 2.89591048386e-06, 2.75085267276e-06, 1.43092086091e-06, 8.225356396e-07, 7.67361086673e-07, 5.00815929172e-07, 2.84485906832e-07, 8.69418315119e-08, 6.07748091852e-08, 5.13736964081e-08, 1.08205874483e-07, 4.97819542034e-07, 1.34065217594e-07, 1.526804283e-08, 5.23418995321e-14]
    },
    "erbbands": {
        "dmean": [0.0753449052572, 0.445334643126, 0.694442033768, 1.0550775528, 1.7155649662, 3.2306189537, 5.57025289536, 8.7275800705, 11.8723869324, 19.1385326385, 19.4477539062, 22.1206798553, 32.2625160217, 34.6481933594, 26.8382663727, 15.1407556534, 14.5869674683, 16.0446872711, 14.1704092026, 11.377371788, 10.4136343002, 10.2797555923, 7.39006614685, 7.54390001297, 4.87004041672, 3.69627809525, 3.48316431046, 2.80277562141, 2.43850588799, 2.22493934631, 2.18877243996, 2.22837233543, 1.65933895111, 0.879917621613, 0.399164140224, 0.167650386691, 0.0599495917559, 0.0045575122349, 8.83459360921e-05, 1.12145280582e-05],
        "dmean2": [0.109826669097, 0.693328857422, 1.15573132038, 1.80887389183, 2.92346334457, 5.3186173439, 8.72758674622, 13.8779592514, 18.4368038177, 30.5631809235, 30.2799091339, 33.5361022949, 50.3958358765, 53.0180740356, 41.5250663757, 23.3834590912, 22.9296798706, 25.046497345, 22.8163223267, 18.3637542725, 17.1270084381, 16.4112186432, 11.5652828217, 11.8001298904, 7.46849536896, 5.77048683167, 5.71303796768, 4.63149452209, 4.04852676392, 3.65384221077, 3.37454199791, 3.2123029232, 2.40918135643, 1.29406547546, 0.568051874638, 0.237194731832, 0.0808892995119, 0.00619284249842, 0.000117887750093, 1.58612729138e-05],
        "dvar": [0.0184797290713, 0.740441441536, 2.57170748711, 5.97194766998, 7.82343626022, 48.6418380737, 154.365966797, 763.130981445, 1523.69934082, 4433.06640625, 4916.72119141, 12354.6572266, 10122.5146484, 9891.15527344, 8351.44042969, 2774.42456055, 1897.99328613, 2383.13769531, 2150.97314453, 961.328186035, 1682.63793945, 1056.74121094, 937.344665527, 622.241699219, 149.341522217, 103.277702332, 109.111335754, 67.9727478027, 56.9515724182, 37.5665283203, 50.3324508667, 98.0516433716, 37.4344329834, 8.62360477448, 1.56215775013, 0.200649246573, 0.018033714965, 0.000115600283607, 3.95150614452e-08, 2.64402333361e-10],
        "dvar2": [0.0396749302745, 1.9375500679, 7.1771068573, 16.1321697235, 21.9595336914, 134.931106567, 337.477844238, 1841.22839355, 3634.58642578, 10733.5224609, 11565.7802734, 25415.7207031, 22805.8984375, 23224.4765625, 20889.0722656, 6656.48876953, 4580.62402344, 5474.27001953, 5368.96582031, 2332.56396484, 3919.57641602, 2642.21337891, 2071.95532227, 1464.72973633, 326.119812012, 249.641738892, 297.636260986, 185.102172852, 153.229873657, 99.9817504883, 109.651634216, 183.066314697, 71.981086731, 17.0120544434, 2.87880516052, 0.394777357578, 0.0325760990381, 0.000209448553505, 6.87780925546e-08, 4.98979968455e-10],
        "max": [2.26312470436, 12.672577858, 23.1301784515, 40.158996582, 50.3503417969, 143.226501465, 302.3878479, 922.545593262, 1068.96630859, 1571.48217773, 1985.99865723, 4044.61083984, 2517.11206055, 2521.55639648, 2679.75073242, 2012.65673828, 1090.31005859, 1244.70336914, 1669.45056152, 827.289123535, 2582.78686523, 1181.99169922, 1508.58544922, 810.465332031, 460.58380127, 493.173797607, 315.201049805, 180.372955322, 162.910858154, 111.882881165, 394.848907471, 514.986328125, 200.385375977, 79.7916488647, 53.0056991577, 12.1807031631, 3.95953440666, 0.222982406616, 0.00463696662337, 0.000303536391584],
        "mean": [0.239580497146, 1.30449843407, 1.62130081654, 1.93234443665, 2.96325969696, 5.63096618652, 10.8292484283, 15.0241632462, 19.9452667236, 29.6911354065, 30.1914653778, 33.0402030945, 56.1648368835, 63.5261077881, 51.5841598511, 28.1703834534, 27.938583374, 31.0277671814, 27.1609420776, 20.2183265686, 17.9803581238, 19.0153503418, 13.8767061234, 13.4228429794, 9.50396156311, 7.17038154602, 6.05121707916, 4.59780359268, 4.13803195953, 3.94899725914, 4.17317438126, 4.3570022583, 3.25152420998, 1.68044352531, 0.753857493401, 0.303493350744, 0.102502331138, 0.00713680451736, 0.000159515882842, 3.89003034797e-05],
        "median": [0.189671009779, 0.899479746819, 1.0400633812, 0.963403701782, 1.64982509613, 2.68722391129, 4.14135932922, 4.8806552887, 5.1870007515, 7.99176740646, 6.96192646027, 6.5563325882, 9.65376853943, 9.11807346344, 7.30020999908, 5.43910455704, 4.63346862793, 5.29854488373, 4.74204349518, 4.20799875259, 3.79494762421, 4.00645923615, 3.4711856842, 3.98550367355, 3.35898160934, 3.14706969261, 2.48753905296, 1.68138790131, 1.45253157616, 1.39469778538, 1.34796345234, 1.09252071381, 0.765178918839, 0.400185227394, 0.16750857234, 0.0673853904009, 0.0218287911266, 0.00137675204314, 4.49486033176e-05, 2.82510118268e-05],
        "min": [6.14746706908e-22, 4.13347887427e-21, 3.72928361107e-21, 1.70452536717e-20, 2.41035874542e-20, 1.04773753077e-19, 5.2743291216e-20, 1.7488938812e-19, 2.49461129134e-19, 3.21099726469e-19, 6.84329002307e-19, 9.46407013926e-19, 1.25415697589e-18, 1.61895717111e-18, 2.70356062959e-18, 3.60493251884e-18, 4.86215978237e-18, 3.64781562975e-18, 9.68012495897e-18, 9.13590132728e-18, 6.95598262818e-18, 8.45637079971e-18, 9.23934688032e-18, 8.96473201594e-18, 1.17525250677e-17, 1.45991273523e-17, 1.6345679511e-17, 8.56473476867e-18, 8.71757044891e-18, 1.36935482156e-17, 1.5833467769e-17, 1.4095991436e-17, 1.3764844567e-17, 9.83970877865e-18, 7.78405907734e-18, 5.11495279501e-18, 2.67095399702e-18, 1.30720810108e-18, 2.96248687628e-19, 3.05368748084e-20],
        "var": [0.0553264655173, 1.68958902359, 3.81510210037, 9.72153949738, 14.9716358185, 84.3890762329, 420.857330322, 1325.46044922, 2551.97949219, 6285.91699219, 7809.91992188, 19101.9335938, 23289.0820312, 24875.3144531, 19509.8007812, 5254.50683594, 5337.46630859, 6944.85791016, 4750.95556641, 2043.84094238, 2652.9050293, 2503.01464844, 1835.69885254, 1031.65979004, 351.442108154, 162.099243164, 133.040847778, 79.6432113647, 64.5573196411, 50.5177345276, 101.379577637, 287.216491699, 110.831451416, 24.98579216, 4.86162233353, 0.568157017231, 0.0474498346448, 0.000263547583017, 1.04941115353e-07, 1.24899579568e-09]
    },
    "gfcc": {
        "mean": [-11.1743078232, 86.9884033203, -102.219291687, 32.8846549988, -62.9815979004, 25.2192420959, -35.5766868591, 20.1469631195, -21.2395267487, 8.06410884857, -11.825097084, 4.4116191864, -6.75680351257],
        "cov": [[6240.20507812, -1328.5390625, -1068.36608887, -645.786315918, -219.316375732, 171.256317139, -139.248184204, 138.45149231, -278.461608887, 207.190200806, -138.514892578, 227.765487671, -278.230316162], [-1328.5390625, 1262.23364258, 339.697021484, 198.176818848, 190.652496338, -94.7124862671, 192.626449585, -16.0626583099, 107.966873169, -76.7840423584, 185.783203125, -103.147491455, 134.69342041], [-1068.36608887, 339.697021484, 1100.63757324, 409.752685547, 31.4867401123, 76.7349853516, 31.7031230927, 30.7635421753, 56.1674499512, 24.3946743011, 48.7405891418, -12.9190006256, 45.5183830261], [-645.786315918, 198.176818848, 409.752685547, 443.345123291, 77.7261962891, -25.094581604, -5.44820690155, 4.50639390945, 101.116241455, -8.81760787964, 35.6829566956, -18.3949356079, 25.5691127777], [-219.316375732, 190.652496338, 31.4867401123, 77.7261962891, 227.577102661, 46.0741348267, 74.4127349854, 2.67252445221, 24.9011707306, 13.360868454, 15.707575798, -9.00683689117, 6.16701459885], [171.256317139, -94.7124862671, 76.7349853516, -25.094581604, 46.0741348267, 269.020782471, 96.9749603271, 7.47201442719, -22.4206142426, 28.2377338409, 0.140872687101, -13.0946855545, 8.49477100372], [-139.248184204, 192.626449585, 31.7031230927, -5.44820690155, 74.4127349854, 96.9749603271, 198.540649414, 43.4121131897, 1.81061935425, 11.8831253052, 32.1989860535, -17.4644126892, 17.9450912476], [138.45149231, -16.0626583099, 30.7635421753, 4.50639390945, 2.67252445221, 7.47201442719, 43.4121131897, 122.98323822, 39.8728752136, 4.06821918488, 7.36366033554, 11.4919319153, 8.95359706879], [-278.461608887, 107.966873169, 56.1674499512, 101.116241455, 24.9011707306, -22.4206142426, 1.81061935425, 39.8728752136, 130.447052002, 9.69344329834, 17.308380127, -7.4631986618, 11.4305782318], [207.190200806, -76.7840423584, 24.3946743011, -8.81760787964, 13.360868454, 28.2377338409, 11.8831253052, 4.06821918488, 9.69344329834, 99.3729095459, 14.091091156, 16.0100193024, -29.0262546539], [-138.514892578, 185.783203125, 48.7405891418, 35.6829566956, 15.707575798, 0.140872687101, 32.1989860535, 7.36366033554, 17.308380127, 14.091091156, 117.574707031, 7.0045671463, 29.1435699463], [227.765487671, -103.147491455, -12.9190006256, -18.3949356079, -9.00683689117, -13.0946855545, -17.4644126892, 11.4919319153, -7.4631986618, 16.0100193024, 7.0045671463, 90.9830856323, 8.06094932556], [-278.230316162, 134.69342041, 45.5183830261, 25.5691127777, 6.16701459885, 8.49477100372, 17.9450912476, 8.95359706879, 11.4305782318, -29.0262546539, 29.1435699463, 8.06094932556, 110.414230347]],
        "icov": [[0.000391838373616, -0.000300360639812, 0.000513067818247, -0.000240635636146, 0.000400487624574, -0.000723766861483, 0.000749923987314, -0.00114574097097, 0.00107319350354, -0.000856571714394, 0.000405811704695, -0.000938891316764, 0.000827497220598], [-0.000300360639812, 0.00360638764687, -0.00167920568492, 0.00146899966057, -0.00238339533098, 0.00344878877513, -0.00386886973865, 0.00341602158733, -0.00323203089647, 0.00316010648385, -0.00412125792354, 0.00371202477254, -0.0026025029365], [0.000513067818247, -0.00167920568492, 0.00274408562109, -0.00251186871901, 0.00177700573113, -0.00257626897655, 0.00222554779612, -0.00296148355119, 0.00304202805273, -0.00270645902492, 0.00188524427358, -0.00224413350224, 0.00140896462835], [-0.000240635636146, 0.00146899966057, -0.00251186871901, 0.00549302017316, -0.00244633830152, 0.00217085960321, -0.00125877803657, 0.00267716730013, -0.00456223590299, 0.0026290116366, -0.00222328933887, 0.00194125587586, -0.00106926739682], [0.000400487624574, -0.00238339533098, 0.00177700573113, -0.00244633830152, 0.00736648030579, -0.00297118141316, 0.000589456525631, -0.00193438632414, 0.00210588774644, -0.00300420261919, 0.00293976068497, -0.00299560208805, 0.00206379126757], [-0.000723766861483, 0.00344878877513, -0.00257626897655, 0.00217085960321, -0.00297118141316, 0.00886878091842, -0.00643795635551, 0.00465583056211, -0.00335097173229, 0.00231145927683, -0.00314431544393, 0.00485834898427, -0.00388938840479], [0.000749923987314, -0.00386886973865, 0.00222554779612, -0.00125877803657, 0.000589456525631, -0.00643795635551, 0.0128088500351, -0.00768057629466, 0.00533324526623, -0.00425826525316, 0.00254908693023, -0.00290373596363, 0.00285439449362], [-0.00114574097097, 0.00341602158733, -0.00296148355119, 0.00267716730013, -0.00193438632414, 0.00465583056211, -0.00768057629466, 0.0159851163626, -0.00910290144384, 0.00501521350816, -0.00346907344647, 0.00281981308945, -0.00378092308529], [0.00107319350354, -0.00323203089647, 0.00304202805273, -0.00456223590299, 0.00210588774644, -0.00335097173229, 0.00533324526623, -0.00910290144384, 0.0162405706942, -0.00632888264954, 0.0032586583402, -0.0029655827675, 0.00247235223651], [-0.000856571714394, 0.00316010648385, -0.00270645902492, 0.0026290116366, -0.00300420261919, 0.00231145927683, -0.00425826525316, 0.00501521350816, -0.00632888264954, 0.0168743375689, -0.00592572707683, 0.00130862218793, 0.00132858334109], [0.000405811704695, -0.00412125792354, 0.00188524427358, -0.00222328933887, 0.00293976068497, -0.00314431544393, 0.00254908693023, -0.00346907344647, 0.0032586583402, -0.00592572707683, 0.0149846607819, -0.00496933143586, 0.000244973023655], [-0.000938891316764, 0.00371202477254, -0.00224413350224, 0.00194125587586, -0.00299560208805, 0.00485834898427, -0.00290373596363, 0.00281981308945, -0.0029655827675, 0.00130862218793, -0.00496933143586, 0.0175266824663, -0.00569864455611], [0.000827497220598, -0.0026025029365, 0.00140896462835, -0.00106926739682, 0.00206379126757, -0.00388938840479, 0.00285439449362, -0.00378092308529, 0.00247235223651, 0.00132858334109, 0.000244973023655, -0.00569864455611, 0.0144548779353]]
    },
    "melbands": {
        "dmean": [0.000620237202384, 0.000418456300395, 0.000194669322809, 0.000163543605595, 0.000184369127965, 0.000195007261937, 0.000183522774023, 0.000215581807424, 0.000163329314091, 0.000143896308145, 0.000168439742993, 0.000149729312398, 0.000101702600659, 5.31299883733e-05, 3.87714935641e-05, 3.3491069189e-05, 3.24888242176e-05, 2.51904129982e-05, 1.94974945771e-05, 1.47399869093e-05, 1.26289442051e-05, 1.1646544408e-05, 8.80658444657e-06, 6.27438703305e-06, 6.72776877764e-06, 4.51551295555e-06, 3.08476705868e-06, 2.56862358583e-06, 2.4635905902e-06, 1.84858197372e-06, 1.67028952092e-06, 1.46403863255e-06, 1.37470044592e-06, 1.27373846226e-06, 1.27399607663e-06, 1.52393965891e-06, 1.42150895499e-06, 1.28970498281e-06, 1.02470130514e-06, 6.95516462201e-07],
        "dmean2": [0.000923069717828, 0.000675561721437, 0.000332115712808, 0.000274250283837, 0.000291202653898, 0.000307987182168, 0.000285735557554, 0.000345446460415, 0.000253870879533, 0.000214429644984, 0.000264261820121, 0.000228816803428, 0.000157026326633, 8.19038687041e-05, 5.9693116782e-05, 5.14657767781e-05, 5.10969985044e-05, 4.04101701861e-05, 3.18541024171e-05, 2.40991812461e-05, 2.08742349059e-05, 1.87566784007e-05, 1.38874556797e-05, 1.00197576103e-05, 1.06187117126e-05, 7.0284377216e-06, 4.90836009703e-06, 4.07609968534e-06, 4.05554283134e-06, 3.07877212435e-06, 2.78473589788e-06, 2.44998727794e-06, 2.29507691074e-06, 2.09688141695e-06, 2.01829607249e-06, 2.29559509535e-06, 2.09560494113e-06, 1.90786545318e-06, 1.52445863932e-06, 1.03341835711e-06],
        "dvar": [1.19062019621e-06, 7.61757348755e-07, 1.56497378612e-07, 8.93320120099e-08, 1.44138454061e-07, 3.25781428501e-07, 3.76049371198e-07, 5.20225285072e-07, 4.06681124332e-07, 4.8471304126e-07, 2.74838214409e-07, 1.8603735441e-07, 1.06941499212e-07, 3.67457566597e-08, 1.68936598044e-08, 1.10139115606e-08, 1.07944515548e-08, 6.57008669691e-09, 3.39517591819e-09, 1.99832261849e-09, 2.63900168385e-09, 1.20927057257e-09, 1.47457190902e-09, 5.90915094634e-10, 5.26944043955e-10, 1.66920921529e-10, 8.71253277857e-11, 4.35298255774e-11, 5.45858323819e-11, 2.99390338909e-11, 2.38071940634e-11, 1.88763466663e-11, 1.87520832196e-11, 1.03601476356e-11, 1.38133558411e-11, 4.31202712425e-11, 4.61582161382e-11, 2.59990987073e-11, 1.36223636538e-11, 4.90919110918e-12],
        "dvar2": [2.75486513601e-06, 2.05783953788e-06, 4.25831160555e-07, 2.51379418614e-07, 3.26396161654e-07, 7.79449578658e-07, 9.04161879589e-07, 1.2723172631e-06, 9.33112119128e-07, 9.75541865955e-07, 6.22765242042e-07, 4.32545391504e-07, 2.63041641801e-07, 8.81431816424e-08, 3.51537075005e-08, 2.4101559859e-08, 2.47548577192e-08, 1.57920716504e-08, 8.65085159063e-09, 4.90098805983e-09, 6.14218897965e-09, 3.11345482729e-09, 3.04065550516e-09, 1.45742140578e-09, 1.25267385354e-09, 3.64713120815e-10, 1.83570797452e-10, 1.09975820117e-10, 1.49316864428e-10, 8.0342989206e-11, 6.50435469374e-11, 5.07197409072e-11, 5.07181553699e-11, 2.76277212913e-11, 3.46055718803e-11, 7.65520216661e-11, 8.91803575431e-11, 5.16743765833e-11, 2.77088161443e-11, 9.86120473473e-12],
        "max": [0.0158624574542, 0.0121235633269, 0.00602813437581, 0.00561926374212, 0.0090121878311, 0.0180674940348, 0.0201398916543, 0.0176018793136, 0.0209631528705, 0.0250054504722, 0.0124909710139, 0.0100430976599, 0.00852435361594, 0.00475384388119, 0.00654319720343, 0.00325657473877, 0.00274682790041, 0.00231112330221, 0.00162223179359, 0.00106833153404, 0.00329429213889, 0.00085257954197, 0.00243448629044, 0.00106235779822, 0.000784101372119, 0.000413867790485, 0.000521820737049, 0.000234381266637, 0.000205424366868, 0.0001512079034, 0.000114212438348, 9.92340355879e-05, 0.000110450811917, 5.83606270084e-05, 0.000171566280187, 0.000421314500272, 0.0003182903165, 0.000172575528268, 0.000103196725831, 6.85844643158e-05],
        "mean": [0.00199741194956, 0.00117808335926, 0.000365598825738, 0.000290461204713, 0.000364299543435, 0.000342974992236, 0.000308120797854, 0.000328755966621, 0.000245108967647, 0.000212562998058, 0.00029013218591, 0.000266066286713, 0.000188135483768, 9.3628957984e-05, 6.70770896249e-05, 5.98603874096e-05, 5.83117507631e-05, 4.53668035334e-05, 3.29074136971e-05, 2.30121640925e-05, 2.00318372663e-05, 1.99991300178e-05, 1.56048390636e-05, 1.05398248706e-05, 1.11208237286e-05, 8.0272939158e-06, 5.57665816814e-06, 4.60465344077e-06, 4.06804429076e-06, 2.9338280001e-06, 2.575010285e-06, 2.35169181906e-06, 2.21004779632e-06, 2.17598267227e-06, 2.29863258028e-06, 2.67289283329e-06, 2.66251458925e-06, 2.3763700483e-06, 1.87475961866e-06, 1.24659652556e-06],
        "median": [0.00161046313588, 0.000816200103145, 0.000199826492462, 0.000162775453646, 0.000153150060214, 0.000114724112791, 8.12125072116e-05, 8.36435501697e-05, 5.08836128574e-05, 3.59861078323e-05, 4.2678500904e-05, 3.39290490956e-05, 2.2942389478e-05, 1.44755340443e-05, 1.02830017568e-05, 8.73606768437e-06, 9.14310112421e-06, 7.12831206329e-06, 5.98843143962e-06, 4.32514571003e-06, 3.76385696654e-06, 4.08355117543e-06, 2.93168841381e-06, 2.99252451441e-06, 3.17721264764e-06, 2.51239248428e-06, 2.16062471736e-06, 1.95400025405e-06, 1.60022955242e-06, 1.0688331713e-06, 8.75597436334e-07, 8.11523818811e-07, 7.23661855773e-07, 7.71212398831e-07, 7.73177134761e-07, 6.91329432811e-07, 6.23284904577e-07, 5.48096977582e-07, 4.11071994222e-07, 2.94982243076e-07],
        "min": [8.8354535532e-24, 2.78695998674e-24, 2.85750229547e-24, 7.46203803974e-24, 2.33350636955e-24, 3.97029078761e-24, 3.11049965132e-24, 4.94251886038e-24, 4.75658552831e-24, 7.14930991108e-24, 6.12577393061e-24, 5.1561668482e-24, 1.01828532229e-23, 6.54178170113e-24, 7.42861084774e-24, 8.97091832556e-24, 5.44162721081e-24, 1.60312044946e-23, 1.258838989e-23, 1.05791777305e-23, 7.61895351784e-24, 8.57360537521e-24, 9.4618422441e-24, 8.68854162024e-24, 6.29064822638e-24, 8.44856303312e-24, 6.45670147478e-24, 9.00114984204e-24, 9.69927754366e-24, 8.2903727558e-24, 4.00461767547e-24, 5.39186349832e-24, 3.81334336065e-24, 8.89305854308e-24, 8.54126128923e-24, 1.00256750541e-23, 7.72543080738e-24, 9.52131289002e-24, 8.52327447173e-24, 8.52626583228e-24],
        "var": [3.30439092977e-06, 1.47376431414e-06, 2.6509115969e-07, 1.65501845117e-07, 3.88741369761e-07, 6.01737042416e-07, 6.02637669544e-07, 7.66662481055e-07, 6.48419074878e-07, 8.13025110347e-07, 6.457063364e-07, 4.74296513175e-07, 2.46675170956e-07, 7.5779901465e-08, 4.2727357652e-08, 3.36819887536e-08, 3.02007592268e-08, 1.49634846736e-08, 7.45838946159e-09, 3.3283140688e-09, 3.84796949859e-09, 2.69611932779e-09, 3.32451111085e-09, 8.56080373257e-10, 8.08958122711e-10, 3.75915437667e-10, 1.4675301252e-10, 6.69039823542e-11, 6.56523238551e-11, 3.69014298285e-11, 2.66824600609e-11, 2.13455763481e-11, 2.00272350787e-11, 1.48954026197e-11, 2.22618173895e-11, 1.05758957147e-10, 1.22251389567e-10, 6.57435356155e-11, 3.67472129115e-11, 1.36471797405e-11]
    },
    "mfcc": {
        "mean": [-657.307250977, 115.906463623, 17.2798862457, 15.8945531845, 4.24733972549, 3.90959572792, 4.0636100769, 7.53022193909, 2.13825011253, 7.50914049149, 0.0919876024127, 1.98259925842, 1.06350064278],
        "cov": [[6237.60058594, -1129.03015137, -1170.78393555, -808.44140625, -324.600494385, -169.515701294, -28.2845497131, -67.0350875854, -130.210144043, -105.635269165, 16.322101593, -15.9397344589, 110.935241699], [-1129.03015137, 998.0234375, 156.826599121, 221.555328369, 47.504940033, 15.6841955185, 140.993026733, 38.0614280701, 2.19809985161, 70.5824813843, -0.216505214572, 11.14108181, 27.8274097443], [-1170.78393555, 156.826599121, 987.245422363, 300.520385742, 159.998214722, 85.2512893677, 54.0893363953, 25.0170879364, 39.7229003906, 37.095664978, 15.4177408218, 53.7174530029, -9.10939979553], [-808.44140625, 221.555328369, 300.520385742, 462.777557373, 139.25328064, 2.61271095276, -38.1664886475, 24.5462703705, 20.6071033478, 5.24265623093, 30.3145904541, 54.7229309082, 26.2630290985], [-324.600494385, 47.504940033, 159.998214722, 139.25328064, 187.215576172, 45.3175697327, -8.01785182953, 16.6122970581, 22.8039608002, 19.1926765442, 4.90419864655, 19.8039054871, 2.95707941055], [-169.515701294, 15.6841955185, 85.2512893677, 2.61271095276, 45.3175697327, 209.706604004, 84.6370544434, 10.7386131287, 25.9531116486, 25.2381687164, 25.1149539948, -0.0891055241227, 5.93937683105], [-28.2845497131, 140.993026733, 54.0893363953, -38.1664886475, -8.01785182953, 84.6370544434, 219.388778687, 37.9888954163, 11.5992965698, 49.871711731, -4.04747486115, -12.6419410706, 16.1012058258], [-67.0350875854, 38.0614280701, 25.0170879364, 24.5462703705, 16.6122970581, 10.7386131287, 37.9888954163, 113.18132019, 41.6177902222, 24.7352085114, 1.69217908382, 6.67146873474, 9.47516345978], [-130.210144043, 2.19809985161, 39.7229003906, 20.6071033478, 22.8039608002, 25.9531116486, 11.5992965698, 41.6177902222, 108.426734924, 32.8917503357, 11.5235595703, -7.85363960266, -3.74366736412], [-105.635269165, 70.5824813843, 37.095664978, 5.24265623093, 19.1926765442, 25.2381687164, 49.871711731, 24.7352085114, 32.8917503357, 108.187805176, 19.3547554016, 2.68717646599, -0.220823049545], [16.322101593, -0.216505214572, 15.4177408218, 30.3145904541, 4.90419864655, 25.1149539948, -4.04747486115, 1.69217908382, 11.5235595703, 19.3547554016, 97.0759124756, 41.0058021545, 12.9827861786], [-15.9397344589, 11.14108181, 53.7174530029, 54.7229309082, 19.8039054871, -0.0891055241227, -12.6419410706, 6.67146873474, -7.85363960266, 2.68717646599, 41.0058021545, 86.9105377197, 31.096534729], [110.935241699, 27.8274097443, -9.10939979553, 26.2630290985, 2.95707941055, 5.93937683105, 16.1012058258, 9.47516345978, -3.74366736412, -0.220823049545, 12.9827861786, 31.096534729, 86.0789260864]],
