{
"lowlevel": {
    "average_loudness": 0.977145433426,
    "barkbands_crest": {
        "dmean": 2.66198658943,
        "dmean2": 4.3481259346,
        "dvar": 5.40776443481,
        "dvar2": 13.8315916061,
        "max": 25.1482143402,
        "mean": 9.23068618774,
        "median": 8.30470657349,
        "min": 2.38587808609,
        "var": 16.2070121765
    },
    "barkbands_flatness_db": {
        "dmean": 0.0179991349578,
        "dmean2": 0.0289732720703,
        "dvar": 0.000239439439611,
        "dvar2": 0.000604222877882,
        "max": 0.314714819193,
        "mean": 0.157917678356,
        "median": 0.154434740543,
        "min": 0.0397752411664,
        "var": 0.000972902285866
    },
    "barkbands_kurtosis": {
        "dmean": 1.46509301662,
        "dmean2": 2.34641909599,
        "dvar": 4.68149471283,
        "dvar2": 11.365114212,
        "max": 46.0859260559,
        "mean": 1.36200881004,
        "median": 0.448315620422,
        "min": -1.8544024229,
        "var": 11.1531152725
    },
    "barkbands_skewness": {
        "dmean": 0.420589655638,
        "dmean2": 0.645745396614,
        "dvar": 0.154844969511,
        "dvar2": 0.351021260023,
        "max": 5.96850442886,
        "mean": 0.98578608036,
        "median": 0.862800061703,
        "min": -2.99596619606,
        "var": 0.696356654167
    },
    "barkbands_spread": {
        "dmean": 4.6909828186,
        "dmean2": 7.1463932991,
        "dvar": 25.9322013855,
        "dvar2": 50.8026313782,
        "max": 84.3443527222,
        "mean": 21.86003685,
        "median": 20.1132926941,
        "min": 2.11642122269,
        "var": 126.27003479
    },
    "dissonance": {
        "dmean": 0.0175497867167,
        "dmean2": 0.0298693086952,
        "dvar": 0.00029219625867,
        "dvar2": 0.000809943128843,
        "max": 0.500000059605,
        "mean": 0.467406362295,
        "median": 0.472595840693,
        "min": 0.336238116026,
        "var": 0.000526582880411
    },
    "dynamic_complexity": 1.44027292728,
    "erbbands_crest": {
        "dmean": 2.79696297646,
        "dmean2": 4.58152675629,
        "dvar": 6.86418819427,
        "dvar2": 17.2325744629,
        "max": 30.9548397064,
        "mean": 9.44672775269,
        "median": 8.21760082245,
        "min": 2.61695241928,
        "var": 21.6482372284
    },
    "erbbands_flatness_db": {
        "dmean": 0.0158970411867,
        "dmean2": 0.0235255882144,
        "dvar": 0.000204211261007,
        "dvar2": 0.000429683917901,
        "max": 0.344628721476,
        "mean": 0.215577945113,
        "median": 0.215480089188,
        "min": 0.10063611716,
        "var": 0.00129342696164
    },
    "erbbands_kurtosis": {
        "dmean": 0.818700790405,
        "dmean2": 1.33775782585,
        "dvar": 1.40655755997,
        "dvar2": 3.69130301476,
        "max": 33.8265151978,
        "mean": 0.107341498137,
        "median": -0.377158880234,
        "min": -1.79213261604,
        "var": 2.95716261864
    },
    "erbbands_skewness": {
        "dmean": 0.360310047865,
        "dmean2": 0.558252751827,
        "dvar": 0.102699331939,
        "dvar2": 0.244849026203,
        "max": 5.15446138382,
        "mean": 0.252106577158,
        "median": 0.179900676012,
        "min": -2.30565333366,
        "var": 0.602010369301
    },
    "erbbands_spread": {
        "dmean": 6.60959339142,
        "dmean2": 10.047794342,
        "dvar": 43.8442802429,
        "dvar2": 95.9373321533,
        "max": 112.49571991,
        "mean": 34.6588249207,
        "median": 32.9651794434,
        "min": 4.5237622261,
        "var": 255.014389038
    },
    "hfc": {
        "dmean": 7.33130502701,
        "dmean2": 11.2232522964,
        "dvar": 112.216514587,
        "dvar2": 258.063873291,
        "max": 421.203186035,
        "mean": 27.9508266449,
        "median": 25.8060035706,
        "min": 1.15010755618e-16,
        "var": 256.872650146
    },
    "melbands_crest": {
        "dmean": 3.29673552513,
        "dmean2": 5.44696331024,
        "dvar": 8.63202381134,
        "dvar2": 22.6854782104,
        "max": 32.4283905029,
        "mean": 11.8013343811,
        "median": 10.9112672806,
        "min": 3.12970376015,
        "var": 21.9948158264
    },
    "melbands_flatness_db": {
        "dmean": 0.0201539471745,
        "dmean2": 0.0313053131104,
        "dvar": 0.000321754923789,
        "dvar2": 0.00075993873179,
        "max": 0.344251185656,
        "mean": 0.157262772322,
        "median": 0.15451335907,
        "min": 0.00897017586976,
        "var": 0.00156996655278
    },
    "melbands_kurtosis": {
        "dmean": 3.43405532837,
        "dmean2": 5.45178079605,
        "dvar": 25.5422096252,
        "dvar2": 62.2604522705,
        "max": 93.6477813721,
        "mean": 6.09954309464,
        "median": 3.48091173172,
        "min": -1.65948140621,
        "var": 62.8925933838
    },
    "melbands_skewness": {
        "dmean": 0.534277677536,
        "dmean2": 0.815493524075,
        "dvar": 0.284296751022,
        "dvar2": 0.654022753239,
        "max": 8.59579181671,
        "mean": 1.80609476566,
        "median": 1.59479808807,
        "min": -1.59498882294,
        "var": 1.44258844852
    },
    "melbands_spread": {
        "dmean": 7.66476774216,
        "dmean2": 11.9128799438,
        "dvar": 76.517791748,
        "dvar2": 163.489593506,
        "max": 161.041290283,
        "mean": 28.7139720917,
        "median": 25.7409114838,
        "min": 2.49342727661,
        "var": 254.902038574
    },
    "pitch_salience": {
        "dmean": 0.0690700188279,
        "dmean2": 0.113319404423,
        "dvar": 0.00352627807297,
        "dvar2": 0.00906581990421,
        "max": 0.898214936256,
        "mean": 0.59751945734,
        "median": 0.606947720051,
        "min": 0.155919358134,
        "var": 0.00993487425148
    },
    "silence_rate_20dB": {
        "dmean": 0,
        "dmean2": 0,
        "dvar": 0,
        "dvar2": 0,
        "max": 1,
        "mean": 1,
        "median": 1,
        "min": 1,
        "var": 0
    },
    "silence_rate_30dB": {
        "dmean": 0.000252270430792,
        "dmean2": 0.000504604540765,
        "dvar": 0.000252262077993,
        "dvar2": 0.000504333758727,
        "max": 1,
        "mean": 0.999747753143,
        "median": 1,
        "min": 0,
        "var": 0.00025223029661
    },
    "silence_rate_60dB": {
        "dmean": 0.000756811292376,
        "dmean2": 0.00151381350588,
        "dvar": 0.000756143184844,
        "dvar2": 0.00151161220856,
        "max": 1,
        "mean": 0.00189178960864,
        "median": 0,
        "min": 0,
        "var": 0.00188844592776
    },
    "spectral_centroid": {
        "dmean": 236.828567505,
        "dmean2": 362.818786621,
        "dvar": 53303.7890625,
        "dvar2": 107968.992188,
        "max": 10502.1357422,
        "mean": 1626.99743652,
        "median": 1610.89147949,
        "min": 371.482543945,
        "var": 255641.046875
    },
    "spectral_complexity": {
        "dmean": 3.59964680672,
        "dmean2": 5.82061290741,
        "dvar": 10.668762207,
        "dvar2": 25.9498710632,
        "max": 57,
        "mean": 25.9542179108,
        "median": 26,
        "min": 0,
        "var": 46.6433906555
    },
    "spectral_decrease": {
        "dmean": 1.88111282107e-09,
        "dmean2": 2.9838180815e-09,
        "dvar": 3.85980547714e-18,
        "dvar2": 9.22182802213e-18,
        "max": 8.65050693821e-29,
        "mean": -6.30309893168e-09,
        "median": -5.84682258165e-09,
        "min": -4.71825458703e-08,
        "var": 8.23720598769e-18
    },
    "spectral_energy": {
        "dmean": 0.00759958103299,
        "dmean2": 0.0120443683118,
        "dvar": 6.24955719104e-05,
        "dvar2": 0.000149531086208,
        "max": 0.186421960592,
        "mean": 0.0263246130198,
        "median": 0.0245919767767,
        "min": 1.01053230391e-20,
        "var": 0.000135353606311
    },
    "spectral_energyband_high": {
        "dmean": 0.000392008136259,
        "dmean2": 0.000582595414016,
        "dvar": 1.66057168371e-06,
        "dvar2": 3.76379966838e-06,
        "max": 0.0563659779727,
        "mean": 0.000897713762242,
        "median": 0.000527827884071,
        "min": 7.42544364694e-21,
        "var": 2.9135890145e-06
    },
    "spectral_energyband_low": {
        "dmean": 0.0016678586835,
        "dmean2": 0.00276563246734,
        "dvar": 1.36254175231e-05,
        "dvar2": 3.62338760169e-05,
        "max": 0.0490615591407,
        "mean": 0.00213975599036,
        "median": 0.00109306699596,
        "min": 3.45519688092e-23,
        "var": 1.19749865917e-05
    },
    "spectral_energyband_middle_high": {
        "dmean": 0.00327835208736,
        "dmean2": 0.00502109574154,
        "dvar": 2.01736129384e-05,
        "dvar2": 4.82501127408e-05,
        "max": 0.0768856629729,
        "mean": 0.0100475372747,
        "median": 0.00739227049053,
        "min": 1.30873412571e-21,
        "var": 7.03507757862e-05
    },
    "spectral_energyband_middle_low": {
        "dmean": 0.00544474972412,
        "dmean2": 0.00864768028259,
        "dvar": 4.38970637333e-05,
        "dvar2": 0.000104245169496,
        "max": 0.161857128143,
        "mean": 0.0139202186838,
        "median": 0.0112295541912,
        "min": 3.73891341916e-22,
        "var": 0.000101033270766
    },
    "spectral_entropy": {
        "dmean": 0.116349466145,
        "dmean2": 0.172492370009,
        "dvar": 0.0114878639579,
        "dvar2": 0.022968608886,
        "max": 9.78870487213,
        "mean": 7.58266019821,
        "median": 7.59415769577,
        "min": 6.60335111618,
        "var": 0.069237396121
    },
    "spectral_flux": {
        "dmean": 0.0225046146661,
        "dmean2": 0.0355825610459,
        "dvar": 0.000494949228596,
        "dvar2": 0.00110071059316,
        "max": 0.305763155222,
        "mean": 0.094620488584,
        "median": 0.0888637751341,
        "min": 1.0052523397e-10,
        "var": 0.00112758763134
    },
    "spectral_kurtosis": {
        "dmean": 1.67952573299,
        "dmean2": 2.95306301117,
        "dvar": 2.32067799568,
        "dvar2": 7.10387849808,
        "max": 27.165933609,
        "mean": 2.75786995888,
        "median": 2.40453529358,
        "min": -1.19698178768,
        "var": 3.75565266609
    },
    "spectral_rms": {
        "dmean": 0.000716319598723,
        "dmean2": 0.00112324568909,
        "dvar": 4.4793208076e-07,
        "dvar2": 1.05165463538e-06,
        "max": 0.01348610688,
        "mean": 0.00494947703555,
        "median": 0.0048981802538,
        "min": 3.13988071654e-12,
        "var": 1.18513776215e-06
    },
    "spectral_rolloff": {
        "dmean": 494.224212646,
        "dmean2": 812.161682129,
        "dvar": 529955.3125,
        "dvar2": 1076218.5,
        "max": 19013.8183594,
        "mean": 1956.22937012,
        "median": 1787.25585938,
        "min": 150.732421875,
        "var": 1478608.625
    },
    "spectral_skewness": {
        "dmean": 0.208896487951,
        "dmean2": 0.353300094604,
        "dvar": 0.0305508077145,
        "dvar2": 0.0866974070668,
        "max": 3.15944933891,
        "mean": 1.05902004242,
        "median": 1.0460588932,
        "min": -0.449839770794,
        "var": 0.0931018218398
    },
    "spectral_spread": {
        "dmean": 283562.375,
        "dmean2": 410250,
        "dvar": 238367948800,
        "dvar2": 303242510336,
        "max": 41011900,
        "mean": 3457937.25,
        "median": 3296716.75,
        "min": 1745938.125,
        "var": 771735420928
    },
    "spectral_strongpeak": {
        "dmean": 0.819977164268,
        "dmean2": 1.35081160069,
        "dvar": 0.961469054222,
        "dvar2": 2.37872338295,
        "max": 14.8288545609,
        "mean": 1.68471205235,
        "median": 1.2699432373,
        "min": 0,
        "var": 2.2988038063
    },
    "zerocrossingrate": {
        "dmean": 0.00832972861826,
        "dmean2": 0.00978047028184,
        "dvar": 0.000144593272125,
        "dvar2": 0.000153652319568,
        "max": 0.84423828125,
        "mean": 0.0690764337778,
        "median": 0.06494140625,
        "min": 0.013671875,
        "var": 0.000881107000168
    },
    "barkbands": {
        "dmean": [1.85641511052e-05, 0.000554110098165, 0.000971399247646, 0.000786853022873, 0.00175262556877, 0.00194621796254, 0.0014655762352, 0.000796981563326, 0.00165017216932, 0.00120751804207, 0.00123131123837, 0.000527075084392, 0.000473295862321, 0.000544856360648, 0.000437626091298, 0.000389999418985, 0.000441399752162, 0.00030907720793, 0.000275906233583, 0.000214333456825, 0.000117544419481, 0.000112533387437, 9.66645166045e-05, 6.21631843387e-05, 5.29751196154e-06, 4.44787895404e-09, 1.08658582132e-09],
        "dmean2": [3.21973930113e-05, 0.000916601275094, 0.00170763011556, 0.00132164545357, 0.00279639312066, 0.00311412103474, 0.00241359532811, 0.00129157153424, 0.00263750064187, 0.0018784396816, 0.00201725726947, 0.000829763943329, 0.000751928600948, 0.000869879324455, 0.000697908457369, 0.000624729320407, 0.000709791725967, 0.000499638263136, 0.000440559728304, 0.000342304294463, 0.000190888342331, 0.000175113338628, 0.000139517185744, 8.97828867892e-05, 8.04440333013e-06, 7.02413194276e-09, 2.00985050824e-09],
        "dvar": [5.96633631389e-10, 2.0722602585e-06, 5.2120840337e-06, 1.50711355218e-06, 1.11096424007e-05, 1.38559198604e-05, 9.69110715232e-06, 4.1186949602e-06, 1.20100903587e-05, 7.99727877165e-06, 1.04624405139e-05, 1.66992288086e-06, 9.75026182459e-07, 1.22631558952e-06, 8.08068818969e-07, 4.6173150281e-07, 4.29817220038e-07, 2.44397256211e-07, 2.2450622339e-07, 2.5376274948e-07, 1.71520710524e-07, 2.68909190027e-07, 1.09005227955e-07, 4.74321097954e-08, 4.13865830495e-10, 3.61979238842e-16, 2.08418991399e-18],
        "dvar2": [1.62647817437e-09, 5.17223043062e-06, 1.49252955453e-05, 4.15266185883e-06, 2.44398761424e-05, 3.40797669196e-05, 2.47946391028e-05, 1.0316519365e-05, 3.00996325677e-05, 1.85211374628e-05, 2.8565804314e-05, 3.61283787242e-06, 2.0845650397e-06, 2.95321774502e-06, 1.85410283393e-06, 1.10588507596e-06, 1.03608158497e-06, 6.02774036906e-07, 4.89852311603e-07, 6.56215092931e-07, 4.30155068898e-07, 6.53603194678e-07, 2.09847968335e-07, 8.76304682151e-08, 8.73872252338e-10, 8.3510635278e-16, 6.39779536057e-18],
        "max": [0.000398612930439, 0.0197650548071, 0.0290957503021, 0.015254679136, 0.152792274952, 0.0610095784068, 0.0570719093084, 0.0349783934653, 0.0658813789487, 0.0681712254882, 0.0528484135866, 0.0367219112813, 0.0344158411026, 0.0390165261924, 0.0216816142201, 0.0169177930802, 0.0184653550386, 0.0207730159163, 0.0203061904758, 0.0281707216054, 0.02041339688, 0.0229626242071, 0.0102277090773, 0.00566610693932, 0.000744116434362, 8.51425966175e-07, 3.4950009109e-08],
        "mean": [1.92753705051e-05, 0.000556413258892, 0.00109156954568, 0.00111041637138, 0.00330537720583, 0.00314538180828, 0.00220493413508, 0.00108092161827, 0.00262198969722, 0.00200061895885, 0.0019060713239, 0.000932134920731, 0.000785303767771, 0.000872742733918, 0.000714309862815, 0.000713836401701, 0.000881697109435, 0.00063301238697, 0.000575027253944, 0.000435607653344, 0.000225272160606, 0.000205500924494, 0.000177450667252, 0.000121056946227, 8.67639664648e-06, 6.45914699504e-09, 8.98181862219e-10],
        "median": [1.17545860121e-05, 0.000168817932718, 0.000518417684361, 0.000626733875833, 0.0019527473487, 0.00152266025543, 0.000801673100796, 0.00035783246858, 0.00077186775161, 0.000420504860813, 0.000263794674538, 0.00028329831548, 0.000307833281113, 0.000379798701033, 0.000313165859552, 0.000368752807844, 0.000572851800825, 0.000463721255073, 0.000376583106117, 0.000294949364616, 0.000129564257804, 0.000103779275378, 7.46132573113e-05, 4.27681225119e-05, 2.36966639022e-06, 2.19308526894e-09, 4.0733094675e-10],
        "min": [1.46864443536e-24, 2.57529495857e-23, 7.63133074544e-24, 4.41144113291e-24, 1.69176301389e-23, 2.93958540258e-23, 3.33169123987e-23, 3.94932862344e-23, 1.12333578333e-22, 2.19436213693e-22, 6.56231803819e-23, 1.04454429301e-22, 6.17087137307e-23, 7.63136719082e-23, 9.72810772762e-23, 8.6502428966e-23, 1.24929301474e-22, 2.42327644498e-22, 1.63048196374e-22, 2.9614663846e-22, 4.25286096897e-22, 3.90543753863e-22, 6.34926046542e-22, 6.40741503892e-22, 1.32219933766e-21, 1.82328216906e-21, 2.17301053737e-21],
        "var": [6.03223804241e-10, 1.78079278612e-06, 3.75395234187e-06, 1.91231310964e-06, 2.58161326201e-05, 2.29767738347e-05, 1.66429563251e-05, 5.96637391936e-06, 2.2917671231e-05, 1.86611159734e-05, 2.10403413803e-05, 5.465317372e-06, 2.3977231649e-06, 2.25012058763e-06, 1.68622341334e-06, 1.08493634343e-06, 1.0474022929e-06, 3.85002010717e-07, 4.59609282188e-07, 3.1291705227e-07, 2.20046345589e-07, 4.08248439498e-07, 2.24221935241e-07, 1.37190468763e-07, 1.0633627312e-09, 7.23696691563e-16, 1.84912152072e-18]
    },
    "erbbands": {
        "dmean": [0.00731493718922, 0.162099584937, 0.931502640247, 1.91520893574, 3.88049578667, 6.47164487839, 11.8886098862, 17.5399036407, 21.0864295959, 19.6610660553, 18.4963169098, 34.057800293, 36.6639328003, 41.2380371094, 40.097026825, 18.8753871918, 20.1560726166, 24.6189994812, 21.7498207092, 22.4267978668, 19.508649826, 24.2458133698, 16.1025238037, 14.3387355804, 13.4299793243, 9.83389759064, 5.1151714325, 4.69032001495, 4.22151660919, 3.17627739906, 2.72545957565, 1.81564164162, 0.764759421349, 0.125540867448, 0.0050224782899, 0.000265865179244, 2.78479856206e-05, 6.28445013717e-06, 5.08721814185e-06, 9.20159709494e-06],
        "dmean2": [0.0116969114169, 0.268935590982, 1.63067483902, 3.25487351418, 6.22310304642, 10.4210386276, 18.8597888947, 28.1889514923, 34.2281532288, 32.495929718, 29.5856075287, 54.4580841064, 56.8179359436, 64.5266799927, 64.9307022095, 29.4435348511, 31.4386024475, 39.1086997986, 34.6191253662, 35.82970047, 30.9277095795, 38.743724823, 25.841878891, 23.0555992126, 21.3211841583, 15.6574230194, 8.40672874451, 7.47450733185, 6.56989812851, 4.77287149429, 3.94171881676, 2.63927268982, 1.11270153522, 0.183220162988, 0.00731748947874, 0.000377350312192, 3.89004235331e-05, 8.85049757926e-06, 7.73213378125e-06, 1.4474298041e-05],
        "dvar": [0.000335474207532, 0.175383046269, 5.04732322693, 11.4413547516, 35.6506500244, 236.810562134, 597.992980957, 1343.7734375, 2442.40893555, 1758.50341797, 2168.64624023, 6149.12353516, 6685.51367188, 8243.24316406, 10579.1074219, 2243.75732422, 1986.54711914, 3274.70727539, 2275.42285156, 1874.68005371, 1130.62341309, 1452.62365723, 560.137207031, 707.721557617, 598.213806152, 595.818115234, 371.559448242, 252.918014526, 375.987579346, 170.690994263, 88.3527984619, 38.9278106689, 6.92323064804, 0.216661795974, 0.000720710144378, 1.42637077261e-06, 7.7760340389e-09, 3.15014903052e-10, 4.860053332e-11, 9.46377767819e-11],
        "dvar2": [0.00075440161163, 0.447151958942, 14.2767934799, 31.9182415009, 88.0949630737, 493.169403076, 1442.85888672, 3341.25683594, 6214.66162109, 4472.28125, 5281.29101562, 15478.2958984, 15702.2353516, 19909.5019531, 28809.6621094, 4618.82226562, 3959.46679688, 7966.16064453, 5058.69287109, 4577.12011719, 2644.28637695, 3404.81347656, 1357.72692871, 1615.91577148, 1369.45202637, 1549.07446289, 1031.48291016, 542.884033203, 909.104309082, 382.039611816, 169.358093262, 75.3939056396, 13.3265743256, 0.411044359207, 0.00165146763902, 3.04821560349e-06, 1.37328282079e-08, 5.53919687896e-10, 1.02233638222e-10, 2.26110019597e-10],
        "max": [0.227301850915, 5.95768499374, 28.3393249512, 47.5443229675, 113.574867249, 846.954101562, 547.539428711, 696.794189453, 1008.76721191, 782.432067871, 883.161193848, 1901.95288086, 1674.27770996, 1845.39868164, 1872.75537109, 1881.33728027, 1814.58483887, 2349.86425781, 1353.18005371, 767.852478027, 1134.2590332, 1293.65563965, 821.487548828, 1445.71398926, 975.218322754, 1339.40759277, 1097.82055664, 785.15020752, 909.946044922, 569.412841797, 293.428039551, 171.380615234, 75.3266220093, 17.0990715027, 1.14823591709, 0.050235144794, 0.0027558633592, 0.00046054442646, 0.000189106722246, 0.0002122928272],
        "mean": [0.00767901772633, 0.167312145233, 1.06400442123, 2.64337730408, 6.29775238037, 11.3014850616, 20.1065540314, 27.6190719604, 32.5482788086, 28.1940631866, 27.9947185516, 53.8754386902, 64.8572235107, 70.9292297363, 66.4661560059, 36.2314376831, 36.6971130371, 43.7908248901, 38.6478500366, 40.2547950745, 39.9064712524, 50.4059753418, 36.6953163147, 31.2488975525, 29.9290924072, 20.4987201691, 10.1161308289, 8.7081155777, 7.71035528183, 5.63220882416, 4.99372625351, 3.46546912193, 1.44049727917, 0.235797971487, 0.00833961647004, 0.00050265842583, 6.83109901729e-05, 1.7004314941e-05, 1.86035867955e-05, 3.34251380991e-05],
        "median": [0.00225764256902, 0.0565243326128, 0.503868162632, 1.50951826572, 3.7852230072, 6.34454441071, 9.67087459564, 13.2110652924, 11.4355421066, 11.221075058, 10.9504728317, 16.8472251892, 18.5036392212, 19.0749874115, 14.3019447327, 12.5328483582, 15.911775589, 19.1720066071, 19.8277263641, 19.8131599426, 23.1542301178, 32.8931617737, 27.5655250549, 22.7378005981, 20.7042999268, 13.7269554138, 6.4579000473, 4.75461959839, 3.97025370598, 2.55176377296, 2.02957773209, 1.28049397469, 0.498696058989, 0.0719421356916, 0.00221427786164, 0.000172289728653, 3.51422859239e-05, 1.02526500996e-05, 1.66761692526e-05, 3.16299810947e-05],
        "min": [1.38012035784e-21, 3.32103140664e-21, 7.88802259408e-21, 8.52716502012e-21, 4.27253423603e-20, 6.63054925078e-20, 1.9484416397e-19, 1.98885716745e-19, 3.5571617528e-19, 7.60321413098e-19, 9.29943017809e-19, 2.8793859338e-18, 8.28229808442e-18, 2.99930975182e-18, 2.10060676081e-18, 5.05023625184e-18, 3.46580322136e-18, 4.30551892891e-18, 3.79846424445e-18, 4.16810479042e-18, 5.6470383784e-18, 8.04510983403e-18, 1.08137395925e-17, 1.1175523577e-17, 9.23122727543e-18, 1.41652363794e-17, 1.73236915452e-17, 1.50962529742e-17, 1.44035007918e-17, 1.66829243555e-17, 1.91566327927e-17, 1.57976673921e-17, 9.41819490929e-18, 1.31828361521e-17, 1.03290158895e-17, 6.73800606111e-18, 3.23679558043e-18, 1.24497247935e-18, 2.766897177e-19, 3.74086195861e-20],
        "var": [0.000340764352586, 0.146393537521, 3.6958296299, 11.4239673615, 64.9371948242, 473.072662354, 1185.52722168, 2053.28979492, 3971.17749023, 2944.84936523, 3239.68725586, 10948.2402344, 15012.5322266, 18780.7695312, 21392.453125, 7975.46435547, 5301.84521484, 6235.68896484, 5015.95019531, 3511.5949707, 3062.40380859, 3598.73876953, 1065.58837891, 1125.48181152, 1175.71264648, 737.821777344, 327.145446777, 466.471160889, 538.978637695, 292.464630127, 180.802108765, 105.980491638, 19.219335556, 0.671258747578, 0.00150233728345, 3.58688953384e-06, 2.58577355083e-08, 9.86486892174e-10, 1.31729432917e-10, 2.12520070986e-10]
    },
    "gfcc": {
        "mean": [-3.82490515709, 121.378196716, -181.714828491, 53.3500556946, -82.8245773315, 2.20675110817, -37.958896637, -13.397064209, -6.56349945068, -31.2080879211, 5.46553850174, -20.9137630463, 2.75598263741],
        "cov": [[1112.05627441, -145.801895142, 29.0094013214, 127.393699646, -103.425094604, 107.589942932, -38.3338546753, 49.9159507751, -7.79262065887, 21.0356616974, -16.301448822, -20.9395275116, -5.30735969543], [-145.801895142, 461.425048828, 66.1605453491, -7.35471725464, 107.440078735, -124.897270203, 36.9894752502, -52.3236274719, 9.30690956116, -35.3949432373, 18.7302780151, -26.8873748779, 6.94514083862], [29.0094013214, 66.1605453491, 493.326202393, 276.027069092, 5.14275407791, 0.221626132727, -172.524261475, -0.0640797540545, 24.7597522736, 35.6661224365, -23.9852275848, 27.2804584503, -3.10131621361], [127.393699646, -7.35471725464, 276.027069092, 355.992645264, 75.049621582, -21.7706661224, -130.408889771, -24.4442119598, 40.7543830872, 52.3789978027, -43.7200317383, 25.3236999512, 4.07810544968], [-103.425094604, 107.440078735, 5.14275407791, 75.049621582, 161.454360962, 12.599067688, 15.9389505386, -14.9426965714, -8.34272003174, -11.1579771042, -1.8231035471, -5.91350364685, 13.0833263397], [107.589942932, -124.897270203, 0.221626132727, -21.7706661224, 12.599067688, 243.992340088, 109.157875061, 29.5473232269, -62.8786010742, -27.8596401215, -17.875629425, -9.22677326202, -21.0055007935], [-38.3338546753, 36.9894752502, -172.524261475, -130.408889771, 15.9389505386, 109.157875061, 252.102264404, 28.9344978333, -48.4828109741, -52.0147628784, -3.86671876907, -25.8554401398, -18.8287563324], [49.9159507751, -52.3236274719, -0.0640797540545, -24.4442119598, -14.9426965714, 29.5473232269, 28.9344978333, 111.526672363, 25.3443927765, -7.98573064804, -11.1433935165, -11.6587591171, 10.0387659073], [-7.79262065887, 9.30690956116, 24.7597522736, 40.7543830872, -8.34272003174, -62.8786010742, -48.4828109741, 25.3443927765, 112.412796021, 47.5647468567, -18.3320636749, 0.788659632206, 5.41716003418], [21.0356616974, -35.3949432373, 35.6661224365, 52.3789978027, -11.1579771042, -27.8596401215, -52.0147628784, -7.98573064804, 47.5647468567, 94.8850402832, 33.9688568115, 4.42133903503, -8.51356315613], [-16.301448822, 18.7302780151, -23.9852275848, -43.7200317383, -1.8231035471, -17.875629425, -3.86671876907, -11.1433935165, -18.3320636749, 33.9688568115, 97.5520248413, 26.2743282318, -6.84889364243], [-20.9395275116, -26.8873748779, 27.2804584503, 25.3236999512, -5.91350364685, -9.22677326202, -25.8554401398, -11.6587591171, 0.788659632206, 4.42133903503, 26.2743282318, 61.0541000366, 22.690990448], [-5.30735969543, 6.94514083862, -3.10131621361, 4.07810544968, 13.0833263397, -21.0055007935, -18.8287563324, 10.0387659073, 5.41716003418, -8.51356315613, -6.84889364243, 22.690990448, 59.7086753845]],
        "icov": [[0.00162970775273, -0.00111782248132, 0.00185045343824, -0.00288313790224, 0.00321039790288, -0.00220897584222, 0.00132879207376, -0.00104632519651, 7.68129029893e-05, 0.000841445638798, -0.00160096085165, 0.00180154165719, -0.00107298535295], [-0.00111782248132, 0.00818583089858, -0.00609128503129, 0.00450794352219, -0.00708819692954, 0.00660414341837, -0.00584045285359, 0.00570999551564, -0.00404043029994, 0.004357395228, -0.00347600528039, 0.00493616936728, -0.0018877874827], [0.00185045343824, -0.00609128503129, 0.0098604792729, -0.00864527281374, 0.00829152390361, -0.00697715580463, 0.00689107505605, -0.00526916747913, 0.00249760900624, -0.000312007468892, -0.000396483432269, -0.00141160120256, 0.000983081758022], [-0.00288313790224, 0.00450794352219, -0.00864527281374, 0.0154108637944, -0.0126450238749, 0.00693381018937, -0.00319780642167, 0.00308246864006, 0.00109591812361, -0.00718785729259, 0.00981503352523, -0.00781824067235, 0.00437386939302], [0.00321039790288, -0.00708819692954, 0.00829152390361, -0.0126450238749, 0.0194472186267, -0.00920993834734, 0.00468226103112, -0.00292884116061, -7.2067327892e-06, 0.00400049658492, -0.00663582095876, 0.00609502056614, -0.00563458306715], [-0.00220897584222, 0.00660414341837, -0.00697715580463, 0.00693381018937, -0.00920993834734, 0.0138854524121, -0.00791206024587, 0.0018295517657, 0.00297029572539, -0.00201791967265, 0.00408476311713, -0.00218268646859, 0.00304066785611], [0.00132879207376, -0.00584045285359, 0.00689107505605, -0.00319780642167, 0.00468226103112, -0.00791206024587, 0.0123676247895, -0.0056231059134, 0.00312272901647, -0.000555841659661, 0.00172616716009, -0.00235796044581, 0.00314134429209], [-0.00104632519651, 0.00570999551564, -0.00526916747913, 0.00308246864006, -0.00292884116061, 0.0018295517657, -0.0056231059134, 0.0170686934143, -0.00994724780321, 0.00749365054071, -0.00657380372286, 0.00905293039978, -0.00682240491733], [7.68129029893e-05, -0.00404043029994, 0.00249760900624, 0.00109591812361, -7.2067327892e-06, 0.00297029572539, 0.00312272901647, -0.00994724780321, 0.0231752097607, -0.0173647049814, 0.0152235487476, -0.0111406259239, 0.00563677959144], [0.000841445638798, 0.004357395228, -0.000312007468892, -0.00718785729259, 0.00400049658492, -0.00201791967265, -0.000555841659661, 0.00749365054071, -0.0173647049814, 0.031787995249, -0.0225933529437, 0.0163630209863, -0.00568104768172], [-0.00160096085165, -0.00347600528039, -0.000396483432269, 0.00981503352523, -0.00663582095876, 0.00408476311713, 0.00172616716009, -0.00657380372286, 0.0152235487476, -0.0225933529437, 0.032907448709, -0.0238319244236, 0.0123405009508], [0.00180154165719, 0.00493616936728, -0.00141160120256, -0.00781824067235, 0.00609502056614, -0.00218268646859, -0.00235796044581, 0.00905293039978, -0.0111406259239, 0.0163630209863, -0.0238319244236, 0.0403247848153, -0.0190367288888], [-0.00107298535295, -0.0018877874827, 0.000983081758022, 0.00437386939302, -0.00563458306715, 0.00304066785611, 0.00314134429209, -0.00682240491733, 0.00563677959144, -0.00568104768172, 0.0123405009508, -0.0190367288888, 0.0283950977027]]
    },
    "melbands": {
        "dmean": [0.000109157881525, 0.000390897272155, 0.000376518146368, 0.000341668783221, 0.000389666791307, 0.00039015992661, 0.000311638636049, 0.000205335469218, 0.000167466045241, 0.000225760333706, 0.00019061457715, 0.00017223598843, 0.000170322862687, 6.03217704338e-05, 5.01365648233e-05, 4.7900401114e-05, 4.82626892335e-05, 3.88799198845e-05, 3.2931802707e-05, 2.85633250314e-05, 2.43861086346e-05, 2.64072441496e-05, 2.13449493458e-05, 1.65986566572e-05, 1.24025546029e-05, 1.11121344162e-05, 1.01711793832e-05, 6.41942642687e-06, 3.66928520634e-06, 2.75146544482e-06, 2.95422728414e-06, 2.68109397439e-06, 2.08268511415e-06, 1.81418454304e-06, 1.69913039372e-06, 1.44386842749e-06, 1.07234654934e-06, 6.45607315164e-07, 2.87866811277e-07, 5.08553128498e-08],
        "dmean2": [0.000178352682269, 0.000669786240906, 0.000627686094958, 0.000548394629732, 0.000615900557023, 0.000624894804787, 0.000505834352225, 0.000339092483046, 0.000266282673692, 0.000361314247129, 0.000296514772344, 0.000268685660558, 0.000278089864878, 9.47404914768e-05, 7.85082229413e-05, 7.48882666812e-05, 7.64923461247e-05, 6.22629595455e-05, 5.27270931343e-05, 4.56074121757e-05, 3.8665093598e-05, 4.23764686275e-05, 3.46492342942e-05, 2.71617664112e-05, 2.00857539312e-05, 1.77463152795e-05, 1.61699354067e-05, 1.03684997157e-05, 6.10082861385e-06, 4.47473757959e-06, 4.74056378152e-06, 4.27285158366e-06, 3.3032911233e-06, 2.73628597824e-06, 2.51821734309e-06, 2.11511996895e-06, 1.60183049047e-06, 9.57397901402e-07, 4.33586592408e-07, 7.67479448882e-08],
        "dvar": [7.8970494144e-08, 8.96091876257e-07, 3.49291894963e-07, 3.91188194726e-07, 6.46691148631e-07, 6.21582671556e-07, 4.9094910537e-07, 1.91944309336e-07, 1.60432193752e-07, 2.53522017601e-07, 1.78589019129e-07, 1.48836747371e-07, 2.15237804468e-07, 2.53954084428e-08, 1.75976175854e-08, 1.04639656939e-08, 1.2602457744e-08, 7.03998992435e-09, 4.34117231052e-09, 3.17632586899e-09, 1.85791926288e-09, 1.89273907658e-09, 9.71060676314e-10, 8.57810211752e-10, 5.27682730844e-10, 3.80108389209e-10, 5.16623688274e-10, 2.23957449808e-10, 1.61845079005e-10, 7.28205482026e-11, 1.11172904216e-10, 1.53679652337e-10, 9.1096970245e-11, 5.07542133321e-11, 3.68909520987e-11, 2.30450519778e-11, 1.43769059158e-11, 5.07876726785e-12, 1.05164726753e-12, 6.07356843312e-14],
        "dvar2": [1.87835880183e-07, 2.46697845796e-06, 9.49007130657e-07, 8.36303797769e-07, 1.52426582645e-06, 1.54075530645e-06, 1.24513348965e-06, 4.90047739277e-07, 3.90608079215e-07, 6.32630417385e-07, 4.20822118485e-07, 3.52957101768e-07, 5.92680407863e-07, 5.84824846328e-08, 3.59606175948e-08, 2.2080534734e-08, 3.08823047135e-08, 1.55917625477e-08, 9.9175183621e-09, 7.62758123329e-09, 4.37326352909e-09, 4.44685399614e-09, 2.37028241479e-09, 2.14272355414e-09, 1.20886511912e-09, 8.37946767529e-10, 1.33162580962e-09, 5.70900327013e-10, 4.53760945485e-10, 1.79996864635e-10, 2.4100668683e-10, 3.85157766791e-10, 2.24189569686e-10, 1.11653630785e-10, 7.20350654126e-11, 4.54343611345e-11, 2.93641014282e-11, 1.03275400384e-11, 2.20458503883e-12, 1.31934271993e-13],
        "max": [0.00353128742427, 0.0126279946417, 0.0070099872537, 0.032034765929, 0.0215135067701, 0.0139673743397, 0.0139072975144, 0.00694155460224, 0.00730379344895, 0.0103859752417, 0.00843800231814, 0.00884600542486, 0.00840104278177, 0.0052786259912, 0.00532108731568, 0.00407175952569, 0.0047492547892, 0.00224453746341, 0.00158154952805, 0.000893508899026, 0.00132799730636, 0.00138481159229, 0.000780579866841, 0.00122639746405, 0.00116675219033, 0.000723148405086, 0.0012212775182, 0.000731757143512, 0.00070903939195, 0.000410091917729, 0.000520707806572, 0.000621390005108, 0.000354036717908, 0.000331161427312, 0.000220158908633, 0.00013684782607, 0.000110557251901, 6.3572639192e-05, 3.17148005706e-05, 9.55556970439e-06],
        "mean": [0.000112697627628, 0.000448292004876, 0.000570491538383, 0.000608293747064, 0.000696730450727, 0.000622928375378, 0.000484986696392, 0.000289503543172, 0.000246807816438, 0.00035782912164, 0.000328356429236, 0.000288224749966, 0.000266855640803, 0.000108171239845, 8.50655414979e-05, 8.09927951195e-05, 7.98795736046e-05, 6.28441557637e-05, 5.42347988812e-05, 4.90307247674e-05, 4.50855841336e-05, 5.09740530106e-05, 4.14343230659e-05, 3.17595513479e-05, 2.4102975658e-05, 2.26076572289e-05, 2.01085986191e-05, 1.17749132187e-05, 6.54372115605e-06, 4.87640545543e-06, 5.06606011186e-06, 4.59921375295e-06, 3.48702837982e-06, 3.02728062707e-06, 2.92614868158e-06, 2.62385219685e-06, 1.92558536583e-06, 1.13682312985e-06, 5.1660367717e-07, 7.81001716632e-08],
        "median": [3.40512233379e-05, 0.000208928890061, 0.000347980560036, 0.000371261034161, 0.000351063034032, 0.000300010491628, 0.000175911380211, 0.000112589157652, 8.78981882124e-05, 0.000101063727925, 8.28675620141e-05, 7.14029301889e-05, 4.38317583757e-05, 3.11030053126e-05, 2.92738113785e-05, 3.06873625959e-05, 3.26323715854e-05, 2.81338816421e-05, 2.34440376516e-05, 2.35141451412e-05, 2.46172239713e-05, 3.24874163198e-05, 2.85540081677e-05, 2.21501613851e-05, 1.62530359376e-05, 1.45549092849e-05, 1.32910217872e-05, 7.25506833987e-06, 3.96789437218e-06, 2.62782009486e-06, 2.62859907707e-06, 2.34100889429e-06, 1.60128035986e-06, 1.29799479964e-06, 1.1644181086e-06, 9.93527123683e-07, 6.58400153952e-07, 3.79145603802e-07, 1.61465109727e-07, 1.78844246079e-08],
        "min": [8.8807333803e-24, 3.91187997632e-24, 2.67274673273e-24, 4.14420109063e-24, 5.34259321834e-24, 4.61422374505e-24, 5.86319013982e-24, 8.51929940163e-24, 7.51119748477e-24, 1.93227455543e-23, 4.11905330937e-23, 1.20791864866e-23, 7.88808209313e-24, 1.19230062269e-23, 8.94828590619e-24, 6.1987766965e-24, 8.64945829555e-24, 5.03425470619e-24, 7.74401084828e-24, 4.44688583667e-24, 7.02270325782e-24, 7.62075527615e-24, 9.79295004299e-24, 1.161389187e-23, 8.88124929533e-24, 4.78572486686e-24, 8.74477635873e-24, 9.7142146249e-24, 1.05930230283e-23, 8.78271425738e-24, 9.33631711914e-24, 7.25178609811e-24, 8.76795624756e-24, 1.01267249806e-23, 1.31207905372e-23, 6.85792362535e-24, 1.1015185886e-23, 5.30323813107e-24, 8.46527662912e-24, 1.22849016892e-23],
        "var": [7.30677385263e-08, 6.88114312197e-07, 4.44482310513e-07, 8.19726210466e-07, 1.39894439144e-06, 9.8014663763e-07, 8.33592821436e-07, 3.13929120921e-07, 2.49732750035e-07, 4.75985757475e-07, 4.05802865089e-07, 3.43850956597e-07, 4.21045172061e-07, 7.43676906723e-08, 4.76471271327e-08, 2.43319622228e-08, 2.20740226098e-08, 1.51349937028e-08, 8.16677658833e-09, 6.01191940675e-09, 4.67897098844e-09, 4.32206137546e-09, 1.89674231876e-09, 1.22959320503e-09, 8.13998257687e-10, 7.95413956922e-10, 6.78574973989e-10, 2.87969953439e-10, 1.36339564638e-10, 1.03222361214e-10, 2.01149596979e-10, 2.00915867277e-10, 1.32832883581e-10, 8.57550142008e-11, 6.80155723409e-11, 5.67228486403e-11, 3.62093410811e-11, 1.25156508421e-11, 2.74206937538e-12, 1.43124227747e-13]
    },
    "mfcc": {
        "mean": [-608.504943848, 111.953521729, -27.0660362244, 25.5813732147, -10.4801092148, -1.78327143192, -15.34953022, 6.66656684875, -15.2250852585, 1.24235534668, -12.4375104904, -1.5670889616, -10.4848098755],
        "cov": [[855.12890625, -266.074432373, 54.5166854858, -31.0805912018, -35.1401252747, 31.2269096375, 16.4954929352, 20.154794693, 26.0335540771, 59.8893318176, 9.53809928894, -17.8315238953, -0.449136972427], [-266.074432373, 478.782592773, -91.3329544067, 39.4879074097, -23.024520874, -42.7019233704, 29.3887691498, -4.96843481064, -26.2129459381, -11.8165941238, -0.853126347065, -8.22292995453, -20.9884433746], [54.5166854858, -91.3329544067, 479.129760742, 149.069488525, 161.636291504, 24.3689098358, -75.2245101929, -45.5628356934, 20.7285003662, -69.9696884155, 11.4659585953, 74.0886154175, 3.06550192833], [-31.0805912018, 39.4879074097, 149.069488525, 336.468566895, 167.11026001, 9.22844982147, -111.205131531, -82.7769317627, 28.5058879852, -52.0707054138, -17.3574962616, 63.860748291, 29.8179569244], [-35.1401252747, -23.024520874, 161.636291504, 167.11026001, 251.561401367, 11.9615125656, -71.9410858154, -54.443447113, 15.8035984039, -32.7520332336, -23.9268074036, 34.3462486267, 22.8316421509], [31.2269096375, -42.7019233704, 24.3689098358, 9.22844982147, 11.9615125656, 168.882019043, 67.9265518188, 24.8644638062, 12.567817688, -12.2560186386, 17.646270752, -7.53935623169, -25.7496376038], [16.4954929352, 29.3887691498, -75.2245101929, -111.205131531, -71.9410858154, 67.9265518188, 224.14692688, 97.4675064087, -15.5271615982, 20.3527107239, 9.01716518402, -47.3761787415, -21.4155864716], [20.154794693, -4.96843481064, -45.5628356934, -82.7769317627, -54.443447113, 24.8644638062, 97.4675064087, 134.217224121, 35.5278434753, 20.1620521545, -6.63838672638, -37.7982978821, -26.1842346191], [26.0335540771, -26.2129459381, 20.7285003662, 28.5058879852, 15.8035984039, 12.567817688, -15.5271615982, 35.5278434753, 123.932044983, 17.1973457336, 1.4738035202, -3.88172483444, -24.5631656647], [59.8893318176, -11.8165941238, -69.9696884155, -52.0707054138, -32.7520332336, -12.2560186386, 20.3527107239, 20.1620521545, 17.1973457336, 108.847930908, 21.7839336395, -25.7469825745, -9.1659784317], [9.53809928894, -0.853126347065, 11.4659585953, -17.3574962616, -23.9268074036, 17.646270752, 9.01716518402, -6.63838672638, 1.4738035202, 21.7839336395, 78.4003219604, 23.1455917358, -5.94214248657], [-17.8315238953, -8.22292995453, 74.0886154175, 63.860748291, 34.3462486267, -7.53935623169, -47.3761787415, -37.7982978821, -3.88172483444, -25.7469825745, 23.1455917358, 95.6377029419, 28.079372406], [-0.449136972427, -20.9884433746, 3.06550192833, 29.8179569244, 22.8316421509, -25.7496376038, -21.4155864716, -26.1842346191, -24.5631656647, -9.1659784317, -5.94214248657, 28.079372406, 82.8178939819]],
