{
"lowlevel": {
    "average_loudness": 0.970148742199,
    "barkbands_crest": {
        "dmean": 2.95817422867,
        "dmean2": 4.87765455246,
        "dvar": 6.79684972763,
        "dvar2": 16.4833812714,
        "max": 26.896522522,
        "mean": 9.86685752869,
        "median": 8.8616065979,
        "min": 2.35392975807,
        "var": 19.6182174683
    },
    "barkbands_flatness_db": {
        "dmean": 0.0239698402584,
        "dmean2": 0.0369189940393,
        "dvar": 0.000460475566797,
        "dvar2": 0.0010536784539,
        "max": 0.701013982296,
        "mean": 0.145823121071,
        "median": 0.13974031806,
        "min": 0.0465377010405,
        "var": 0.00199108989909
    },
    "barkbands_kurtosis": {
        "dmean": 8.733751297,
        "dmean2": 14.3542222977,
        "dvar": 108463.414062,
        "dvar2": 282295.3125,
        "max": 23862.4023438,
        "mean": 7.25190544128,
        "median": 1.11149334908,
        "min": -1.92582547665,
        "var": 78498.1328125
    },
    "barkbands_skewness": {
        "dmean": 0.624975144863,
        "dmean2": 0.933396220207,
        "dvar": 3.42984223366,
        "dvar2": 7.65094900131,
        "max": 137.732254028,
        "mean": 1.18572092056,
        "median": 1.01412892342,
        "min": -3.50999259949,
        "var": 4.81373310089
    },
    "barkbands_spread": {
        "dmean": 6.20847845078,
        "dmean2": 9.57838249207,
        "dvar": 55.1284599304,
        "dvar2": 109.789520264,
        "max": 104.766891479,
        "mean": 22.4057674408,
        "median": 19.4572296143,
        "min": 0.0186891295016,
        "var": 211.326751709
    },
    "dissonance": {
        "dmean": 0.0208175480366,
        "dmean2": 0.0354870297015,
        "dvar": 0.000479159469251,
        "dvar2": 0.00131105084438,
        "max": 0.500000059605,
        "mean": 0.465291768312,
        "median": 0.474414229393,
        "min": 0.207743063569,
        "var": 0.00094637303846
    },
    "dynamic_complexity": 1.73856806755,
    "erbbands_crest": {
        "dmean": 3.32867383957,
        "dmean2": 5.41527032852,
        "dvar": 9.37351417542,
        "dvar2": 23.1852073669,
        "max": 32.2119369507,
        "mean": 10.8226070404,
        "median": 9.25779628754,
        "min": 2.07514119148,
        "var": 31.5124435425
    },
    "erbbands_flatness_db": {
        "dmean": 0.0209037400782,
        "dmean2": 0.0306412763894,
        "dvar": 0.000328429799993,
        "dvar2": 0.000647612323519,
        "max": 0.416842788458,
        "mean": 0.181841656566,
        "median": 0.176841571927,
        "min": 0.0216709449887,
        "var": 0.00222246814519
    },
    "erbbands_kurtosis": {
        "dmean": 1.43227922916,
        "dmean2": 2.29624915123,
        "dvar": 6.33555936813,
        "dvar2": 16.1871147156,
        "max": 59.2674598694,
        "mean": 1.34744906425,
        "median": 0.101073384285,
        "min": -1.83124637604,
        "var": 17.1018733978
    },
    "erbbands_skewness": {
        "dmean": 0.473296940327,
        "dmean2": 0.727302730083,
        "dvar": 0.19422249496,
        "dvar2": 0.433752000332,
        "max": 6.63394117355,
        "mean": 0.336972504854,
        "median": 0.302146166563,
        "min": -4.10375404358,
        "var": 0.979221343994
    },
    "erbbands_spread": {
        "dmean": 8.75883483887,
        "dmean2": 13.2777738571,
        "dvar": 92.4186935425,
        "dvar2": 194.438598633,
        "max": 177.579666138,
        "mean": 35.5281944275,
        "median": 32.4984054565,
        "min": 1.84088468552,
        "var": 427.961639404
    },
    "hfc": {
        "dmean": 9.22434139252,
        "dmean2": 13.4450798035,
        "dvar": 177.331695557,
        "dvar2": 364.296478271,
        "max": 306.324310303,
        "mean": 25.6650218964,
        "median": 19.8019523621,
        "min": 1.1862736131e-16,
        "var": 500.512084961
    },
    "melbands_crest": {
        "dmean": 3.95656704903,
        "dmean2": 6.46241235733,
        "dvar": 12.2470083237,
        "dvar2": 29.9924144745,
        "max": 39.9958724976,
        "mean": 13.4833211899,
        "median": 12.2936563492,
        "min": 1.00046038628,
        "var": 30.898103714
    },
    "melbands_flatness_db": {
        "dmean": 0.0275911893696,
        "dmean2": 0.0415557473898,
        "dvar": 0.000647859880701,
        "dvar2": 0.00140174548142,
        "max": 0.697052955627,
        "mean": 0.180545270443,
        "median": 0.17656879127,
        "min": 5.5223608797e-07,
        "var": 0.00339075783268
    },
    "melbands_kurtosis": {
        "dmean": 20.5248374939,
        "dmean2": 34.5541229248,
        "dvar": 603165.5625,
        "dvar2": 1632663.5,
        "max": 55084.6601562,
        "mean": 19.1026382446,
        "median": 4.42838287354,
        "min": -1.8562194109,
        "var": 402224.34375
    },
    "melbands_skewness": {
        "dmean": 0.838401079178,
        "dmean2": 1.26934111118,
        "dvar": 8.90291976929,
        "dvar2": 21.2510643005,
        "max": 221.817184448,
        "mean": 2.14170479774,
        "median": 1.79337930679,
        "min": -2.26679468155,
        "var": 10.8655576706
    },
    "melbands_spread": {
        "dmean": 8.97357177734,
        "dmean2": 13.7230005264,
        "dvar": 145.218353271,
        "dvar2": 276.803436279,
        "max": 229.939956665,
        "mean": 28.0592365265,
        "median": 22.3908729553,
        "min": 0.0149920750409,
        "var": 521.753601074
    },
    "pitch_salience": {
        "dmean": 0.0806927606463,
        "dmean2": 0.129201635718,
        "dvar": 0.00506441248581,
        "dvar2": 0.011575368233,
        "max": 0.99774569273,
        "mean": 0.550263166428,
        "median": 0.554879546165,
        "min": 0.0020824354142,
        "var": 0.0165282562375
    },
    "silence_rate_20dB": {
        "dmean": 0,
        "dmean2": 0,
        "dvar": 0,
        "dvar2": 0,
        "max": 1,
        "mean": 1,
        "median": 1,
        "min": 1,
        "var": 0
    },
    "silence_rate_30dB": {
        "dmean": 0.000248231342994,
        "dmean2": 0.0004965243279,
        "dvar": 0.000248214288149,
        "dvar2": 0.000496271532029,
        "max": 1,
        "mean": 0.999627709389,
        "median": 1,
        "min": 0,
        "var": 0.000372239446733
    },
    "silence_rate_60dB": {
        "dmean": 0.00173761951737,
        "dmean2": 0.00347567023709,
        "dvar": 0.00173445348628,
        "dvar2": 0.00445603020489,
        "max": 1,
        "mean": 0.00235790526494,
        "median": 0,
        "min": 0,
        "var": 0.00235250708647
    },
    "spectral_centroid": {
        "dmean": 275.487823486,
        "dmean2": 416.981079102,
        "dvar": 93401.953125,
        "dvar2": 187054.75,
        "max": 11430.2304688,
        "mean": 1423.14685059,
        "median": 1328.52539062,
        "min": 205.654541016,
        "var": 436635.53125
    },
    "spectral_complexity": {
        "dmean": 3.78577637672,
        "dmean2": 5.83987092972,
        "dvar": 11.7896776199,
        "dvar2": 25.7464599609,
        "max": 57,
        "mean": 20.117647171,
        "median": 19,
        "min": 0,
        "var": 63.7779541016
    },
    "spectral_decrease": {
        "dmean": 2.41953990177e-09,
        "dmean2": 3.82709952618e-09,
        "dvar": 7.17705822742e-18,
        "dvar2": 1.69465832126e-17,
        "max": 1.18198617918e-28,
        "mean": -6.53153886532e-09,
        "median": -5.75748870801e-09,
        "min": -3.09546983601e-08,
        "var": 1.43477124225e-17
    },
    "spectral_energy": {
        "dmean": 0.00969901774079,
        "dmean2": 0.0152884982526,
        "dvar": 0.000110885339382,
        "dvar2": 0.000262563262368,
        "max": 0.12488476932,
        "mean": 0.0269794724882,
        "median": 0.0241089165211,
        "min": 1.03137458963e-20,
        "var": 0.000225020266953
    },
    "spectral_energyband_high": {
        "dmean": 0.000559365958907,
        "dmean2": 0.00079727411503,
        "dvar": 2.52882978202e-06,
        "dvar2": 4.81613415104e-06,
        "max": 0.0500743351877,
        "mean": 0.00107860309072,
        "median": 0.000405377068091,
        "min": 7.43544897806e-21,
        "var": 7.12623113941e-06
    },
    "spectral_energyband_low": {
        "dmean": 0.0040951105766,
        "dmean2": 0.00650244299322,
        "dvar": 5.0467762776e-05,
        "dvar2": 0.000117586096167,
        "max": 0.0854090154171,
        "mean": 0.00599608197808,
        "median": 0.00320714898407,
        "min": 3.380757126e-23,
        "var": 7.23956036381e-05
    },
    "spectral_energyband_middle_high": {
        "dmean": 0.00301129976287,
        "dmean2": 0.00452960142866,
        "dvar": 2.03552172025e-05,
        "dvar2": 4.72180436191e-05,
        "max": 0.068632774055,
        "mean": 0.00763537688181,
        "median": 0.0048124906607,
        "min": 1.53098236979e-21,
        "var": 6.57132695778e-05
    },
    "spectral_energyband_middle_low": {
        "dmean": 0.00713412510231,
        "dmean2": 0.0114660933614,
        "dvar": 9.10698363441e-05,
        "dvar2": 0.000222240763833,
        "max": 0.112890854478,
        "mean": 0.0141397714615,
        "median": 0.0104471798986,
        "min": 2.3146913191e-22,
        "var": 0.000157734248205
    },
    "spectral_entropy": {
        "dmean": 0.166879937053,
        "dmean2": 0.246565327048,
        "dvar": 0.0244662407786,
        "dvar2": 0.0484111458063,
        "max": 9.80233478546,
        "mean": 7.59121513367,
        "median": 7.60287714005,
        "min": 5.59133481979,
        "var": 0.159315377474
    },
    "spectral_flux": {
        "dmean": 0.0266500487924,
        "dmean2": 0.0418751500547,
        "dvar": 0.000680145691149,
        "dvar2": 0.00147578306496,
        "max": 0.330155581236,
        "mean": 0.100679129362,
        "median": 0.092733502388,
        "min": 6.78291658951e-11,
        "var": 0.00169296178501
    },
    "spectral_kurtosis": {
        "dmean": 1.40241909027,
        "dmean2": 2.33176207542,
        "dvar": 2.0353281498,
        "dvar2": 5.47249221802,
        "max": 32.5055999756,
        "mean": 3.90634489059,
        "median": 3.58761739731,
        "min": -1.36427950859,
        "var": 6.22729063034
    },
    "spectral_rms": {
        "dmean": 0.00088836933719,
        "dmean2": 0.00138102890924,
        "dvar": 6.98761027706e-07,
        "dvar2": 1.59023795732e-06,
        "max": 0.0110380612314,
        "mean": 0.00493928883225,
        "median": 0.00484983436763,
        "min": 3.17209583253e-12,
        "var": 1.92479251382e-06
    },
    "spectral_rolloff": {
        "dmean": 544.56463623,
        "dmean2": 891.938720703,
        "dvar": 1040274.8125,
        "dvar2": 1934024.875,
        "max": 19250.6835938,
        "mean": 1775.8605957,
        "median": 1335.05859375,
        "min": 21.533203125,
        "var": 3069659
    },
    "spectral_skewness": {
        "dmean": 0.20482057333,
        "dmean2": 0.326774358749,
        "dvar": 0.0334794893861,
        "dvar2": 0.0786291211843,
        "max": 4.27232074738,
        "mean": 1.44344258308,
        "median": 1.43117547035,
        "min": -0.197839900851,
        "var": 0.196863174438
    },
    "spectral_spread": {
        "dmean": 580010.625,
        "dmean2": 792241.625,
        "dvar": 568051695616,
        "dvar2": 860763652096,
        "max": 41016348,
        "mean": 4406302,
        "median": 3991163.5,
        "min": 1762638.125,
        "var": 3.05654136832e+12
    },
    "spectral_strongpeak": {
        "dmean": 0.853386282921,
        "dmean2": 1.41127228737,
        "dvar": 1.42992448807,
        "dvar2": 3.45142197609,
        "max": 18.4433612823,
        "mean": 1.46183824539,
        "median": 0.814113497734,
        "min": 0,
        "var": 2.62059664726
    },
    "zerocrossingrate": {
        "dmean": 0.0117476582527,
        "dmean2": 0.0129459388554,
        "dvar": 0.000280523265246,
        "dvar2": 0.000240601671976,
        "max": 0.693359375,
        "mean": 0.0678893327713,
        "median": 0.05810546875,
        "min": 0,
        "var": 0.00195779581554
    },
    "barkbands": {
        "dmean": [3.64163570339e-05, 0.00119268603157, 0.0028417694848, 0.00215559965, 0.00171390513424, 0.00205681333318, 0.00112931616604, 0.00100904924329, 0.00185533217154, 0.00138727633748, 0.000600398110691, 0.000446000136435, 0.0004288071068, 0.00038030691212, 0.000396748568164, 0.000626752269454, 0.000343813822838, 0.000258792861132, 0.000177726935362, 0.000215983061935, 0.000103221536847, 0.000126120372443, 0.000125825565192, 0.000116439077829, 7.62179042795e-05, 2.31374560826e-05, 1.09210294141e-08],
        "dmean2": [6.39128411422e-05, 0.00195168529171, 0.00470133963972, 0.00376757094637, 0.00286484020762, 0.00329303951003, 0.00187768996693, 0.00165042001754, 0.0029938169755, 0.00217447406612, 0.000987084349617, 0.000713006942533, 0.000679486140143, 0.000614742340986, 0.000639156845864, 0.00100528949406, 0.000537069805432, 0.000407213578001, 0.000284501264105, 0.000337882345775, 0.000163047705428, 0.000195668646484, 0.000192115927348, 0.000171891428181, 0.00010579044465, 3.47753848473e-05, 1.96271692232e-08],
        "dvar": [2.25080598604e-09, 4.85063401356e-06, 3.33592652169e-05, 2.81450720649e-05, 8.95002540346e-06, 1.62921405717e-05, 9.98581253953e-06, 1.15883813123e-05, 2.10676516872e-05, 1.20166332636e-05, 3.32019135385e-06, 1.68701365055e-06, 1.42639885325e-06, 1.04075775198e-06, 6.72976796068e-07, 2.81160146187e-06, 7.22529591712e-07, 3.20139378118e-07, 2.40819446162e-07, 2.94331783834e-07, 1.95826842742e-07, 2.88099670342e-07, 2.07692210097e-07, 1.76546294028e-07, 9.09190802645e-08, 4.96432450703e-09, 1.34259372351e-14],
        "dvar2": [6.11579675791e-09, 1.16622122732e-05, 8.36051549413e-05, 7.64256546972e-05, 2.32864858845e-05, 3.74509145331e-05, 2.53107682511e-05, 2.75946767943e-05, 4.96839929838e-05, 2.78553561657e-05, 9.12348423299e-06, 4.21437653131e-06, 3.15685929309e-06, 2.34413096223e-06, 1.58219881996e-06, 6.83931466483e-06, 1.48729611738e-06, 7.45038619243e-07, 5.99918394073e-07, 7.27106339582e-07, 4.36871658849e-07, 6.79264132941e-07, 4.37080274196e-07, 3.44436529076e-07, 1.62148268146e-07, 1.03448893896e-08, 3.69708536246e-14],
        "max": [0.000734547094908, 0.0284914914519, 0.0736571997404, 0.0658287853003, 0.0605152249336, 0.072103485465, 0.0616614930332, 0.0938701480627, 0.0937106907368, 0.0644981116056, 0.0393396392465, 0.0431125164032, 0.0330964848399, 0.033531691879, 0.0185208395123, 0.0490269213915, 0.0273352190852, 0.0140990177169, 0.0213592816144, 0.0179356411099, 0.0182744413614, 0.0144269214943, 0.0161186307669, 0.0139729883522, 0.00953876413405, 0.00167519296519, 5.76793581786e-06],
        "mean": [3.77677024517e-05, 0.00141395605169, 0.00326045113616, 0.00229638209566, 0.0026978130918, 0.00293905637227, 0.00130707072094, 0.00124917633366, 0.00269248127006, 0.00231276056729, 0.000852663884871, 0.000639563484583, 0.000651676382404, 0.000582528824452, 0.000603471184149, 0.000892022624612, 0.000565727765206, 0.000409765460063, 0.00030150738894, 0.000359581230441, 0.00017320162442, 0.000194201333215, 0.000201708331588, 0.000194591382751, 0.000123545774841, 2.67859995802e-05, 8.14013212391e-09],
        "median": [2.3269734811e-05, 0.0005925099249, 0.00134425261058, 0.000982440309599, 0.00159546546638, 0.000972778419964, 0.000354020099621, 0.000277922896203, 0.00057563604787, 0.000428679311881, 0.000172755666426, 0.000215795953409, 0.000188483129023, 0.000204461990506, 0.000238019798417, 0.000279243366094, 0.000214496030821, 0.000202601222554, 0.000164192140801, 0.000151497515617, 7.13637564331e-05, 6.49589783279e-05, 5.75341146032e-05, 4.43789103883e-05, 1.82352596312e-05, 3.47325612893e-06, 5.82918935343e-10],
        "min": [3.09811078801e-24, 1.32302938972e-23, 4.02544360337e-24, 6.28240108005e-24, 2.71361903618e-23, 1.46536514057e-23, 2.72907029695e-23, 4.96280347192e-23, 9.30756471687e-23, 5.39345715513e-23, 3.30565125694e-23, 7.65636019756e-23, 1.19446730805e-22, 6.94403142192e-23, 1.14673882514e-22, 6.43059215097e-23, 1.87238332043e-22, 1.76133909423e-22, 2.30375202715e-22, 2.08470504374e-22, 2.81882392463e-22, 4.71627850681e-22, 4.30628338678e-22, 8.9409802969e-22, 9.8902972773e-22, 1.75924695937e-21, 2.55979643556e-21],
        "var": [2.19693352399e-09, 5.7630277297e-06, 3.35538825311e-05, 2.14465471799e-05, 1.29626641865e-05, 3.39868493029e-05, 1.07405430754e-05, 1.53119035531e-05, 4.00138087571e-05, 2.97848291666e-05, 5.75399872105e-06, 2.65918515652e-06, 3.01113914247e-06, 2.22901189773e-06, 1.20024287753e-06, 4.30955606134e-06, 1.6131615439e-06, 5.42903762835e-07, 3.24162527932e-07, 4.65161605234e-07, 3.95376019924e-07, 4.9954763881e-07, 4.56228576695e-07, 4.35718021663e-07, 2.54283435197e-07, 9.61810542321e-09, 9.10008830443e-15]
    },
    "erbbands": {
        "dmean": [0.00966318137944, 0.36249563098, 2.64605355263, 5.2765917778, 6.87566375732, 4.70603990555, 11.7814998627, 17.0267696381, 17.5150299072, 14.8893737793, 26.614572525, 38.7713127136, 48.0411338806, 26.4689369202, 23.2393741608, 16.4666519165, 18.1549320221, 17.4946994781, 19.0817832947, 25.4058227539, 28.5050163269, 18.723733902, 15.4194002151, 9.8066034317, 9.37316131592, 10.1277809143, 4.55802583694, 4.35827684402, 4.4705529213, 4.21309566498, 3.53889155388, 2.90960502625, 1.72929728031, 1.05734539032, 0.452538698912, 0.201635673642, 0.0168363060802, 0.000454589637229, 2.49004497164e-05, 1.31962933665e-05],
        "dmean2": [0.0155158834532, 0.585228562355, 4.31354808807, 8.8541841507, 11.6705989838, 7.88343763351, 19.0450286865, 27.4891834259, 28.9812526703, 24.5594882965, 42.5890731812, 61.8129272461, 75.1533355713, 41.6110839844, 37.7608985901, 26.533449173, 28.5684509277, 27.9206733704, 30.3899250031, 40.3861160278, 44.7282524109, 28.7372379303, 24.045463562, 15.6802959442, 14.5746040344, 15.7820558548, 7.27616119385, 6.76255702972, 6.94766902924, 6.5456609726, 5.40075016022, 4.35773038864, 2.48928880692, 1.49028360844, 0.630586624146, 0.301309734583, 0.0247495956719, 0.000654092233162, 3.47141067323e-05, 2.00446538656e-05],
        "dvar": [0.000249352044193, 0.436318844557, 26.8606300354, 130.952011108, 214.975219727, 68.1591644287, 631.460144043, 1358.38793945, 2138.76123047, 2914.89550781, 7528.49511719, 9963.11328125, 13501.4589844, 5717.32568359, 5661.74316406, 2296.54833984, 2666.48950195, 1834.98864746, 1975.70617676, 3301.52612305, 7139.39648438, 2196.4675293, 1198.86938477, 607.740600586, 774.072998047, 564.747680664, 250.815887451, 388.60067749, 384.480987549, 263.059692383, 162.908035278, 102.508422852, 42.7201728821, 18.2092971802, 3.30678534508, 0.365303963423, 0.00360015337355, 3.05522326016e-06, 4.70310368428e-09, 2.23547652611e-10],
        "dvar2": [0.000586358597502, 1.03090190887, 65.1998214722, 328.989532471, 585.857910156, 177.313491821, 1521.14550781, 3101.21264648, 5365.12353516, 7430.40087891, 17613.8359375, 23699.9628906, 30842.8222656, 14596.2324219, 16130.3271484, 5791.64794922, 5995.57519531, 4231.95214844, 4591.05957031, 8142.59472656, 16698.9199219, 4554.55664062, 2672.77905273, 1522.89355469, 1942.54748535, 1339.42248535, 600.139587402, 841.221740723, 901.556152344, 604.502319336, 336.904449463, 217.474151611, 81.2239456177, 34.4415550232, 6.22080469131, 0.72239357233, 0.0075189745985, 5.81698805036e-06, 8.29405344405e-09, 4.74080663615e-10],
        "max": [0.222590535879, 9.15875530243, 65.3714370728, 139.414627075, 188.0521698, 179.152313232, 468.455627441, 927.726318359, 1003.20092773, 1563.76074219, 2412.18554688, 2236.14306641, 2324.81274414, 1847.74499512, 1941.19006348, 2105.56225586, 1467.63513184, 1226.9329834, 1377.20996094, 1384.46972656, 3111.33007812, 1343.77148438, 1006.34893799, 974.23614502, 994.900268555, 467.630859375, 661.635192871, 710.814819336, 573.53527832, 548.158203125, 412.952484131, 274.620300293, 225.637374878, 107.471847534, 67.8885879517, 13.3752689362, 2.15597343445, 0.0699065625668, 0.00200040079653, 0.000265173235675],
        "mean": [0.0134381474927, 0.44821035862, 3.14503955841, 6.5565943718, 8.59278202057, 7.71683073044, 17.6882514954, 23.9157981873, 21.63123703, 17.6239051819, 35.8154678345, 58.1017532349, 82.9401702881, 44.3046798706, 36.2385444641, 26.2511024475, 28.9591560364, 28.8373527527, 30.8558483124, 40.2238922119, 44.2141456604, 32.5555381775, 25.2662620544, 16.8355827332, 16.1005249023, 16.9613723755, 8.11292743683, 6.9998254776, 6.79688549042, 6.67199707031, 5.62960243225, 4.62068367004, 2.86746668816, 1.695920825, 0.68358695507, 0.249143466353, 0.01979746297, 0.000577666854952, 4.59284092358e-05, 3.73127768398e-05],
        "median": [0.00683809164912, 0.197056040168, 1.35314881802, 3.26298236847, 4.38914966583, 4.6224899292, 6.37659645081, 7.77105236053, 6.93871593475, 5.62511205673, 7.84005069733, 15.2068347931, 20.6318225861, 12.2375946045, 8.97788047791, 10.3433761597, 9.90965270996, 11.7151679993, 13.1385126114, 17.2477245331, 15.2454786301, 12.6720275879, 12.3391399384, 9.6530714035, 7.81814050674, 7.12862491608, 3.90772676468, 2.44773459435, 2.28657341003, 2.12860393524, 1.58221769333, 1.13702821732, 0.60514831543, 0.25573271513, 0.0950204059482, 0.0387102365494, 0.00172566133551, 6.04857050348e-05, 2.10139151022e-05, 3.17999256367e-05],
        "min": [5.05785401659e-22, 1.76584461333e-21, 4.94817907621e-21, 1.94355374545e-20, 6.68811262037e-20, 8.09756311444e-20, 1.2143706741e-19, 9.03009228658e-20, 1.42077446741e-19, 6.22137996639e-19, 1.89066708057e-18, 1.71314698669e-18, 1.49133581709e-18, 1.78240258007e-18, 1.33081201005e-18, 3.59240859078e-18, 5.29794582602e-18, 4.09316264051e-18, 4.66120948744e-18, 6.28298806822e-18, 3.87040993259e-18, 1.11157357895e-17, 1.09053597715e-17, 1.20919296807e-17, 1.16085592452e-17, 8.9717522978e-18, 1.20881933059e-17, 1.1223763096e-17, 1.81840917311e-17, 1.45566996043e-17, 1.24257930108e-17, 1.76887230408e-17, 1.39833310909e-17, 1.01168705321e-17, 8.57604563637e-18, 6.18516734334e-18, 3.0343050752e-18, 1.24122380021e-18, 3.57369063089e-19, 3.49134680424e-20],
        "var": [0.000372370908735, 0.544453263283, 29.3168964386, 125.590171814, 188.866607666, 120.02784729, 1300.93457031, 2718.68994141, 2516.83227539, 2727.81542969, 11194.6689453, 18281.8632812, 32471.9707031, 11920.0527344, 10644.8671875, 3169.47583008, 5186.62597656, 3784.93969727, 3286.01586914, 5466.00048828, 11594.5, 4934.29931641, 2226.13720703, 792.554992676, 1070.73913574, 997.818481445, 453.021392822, 786.530639648, 649.702392578, 504.595611572, 358.202026367, 228.777374268, 105.65901947, 47.3903617859, 8.3252286911, 0.786585092545, 0.00700548756868, 6.74505145071e-06, 1.32203474834e-08, 6.30514307431e-10]
    },
    "gfcc": {
        "mean": [5.94215917587, 95.5978088379, -138.02633667, 40.5199127197, -71.1839370728, 18.2302265167, -46.9577865601, 9.53302764893, -24.7808532715, -8.83417892456, -16.3303756714, -10.5314025879, -5.6112036705],
        "cov": [[2503.17211914, -360.710998535, 20.8732833862, 44.4181900024, -131.06427002, -7.63686943054, -230.391784668, 79.7811737061, -169.623764038, 99.7004165649, -167.250091553, 54.709526062, -113.628311157], [-360.710998535, 933.288879395, -64.9187164307, -40.6715583801, 134.453674316, -109.512763977, 165.087600708, -59.2167739868, 45.551940918, -134.529678345, 104.943962097, -141.230178833, 46.0049552917], [20.8732833862, -64.9187164307, 902.837341309, 168.034866333, -45.1748809814, 49.1537590027, -98.3534393311, 10.2419233322, -83.1565856934, 42.6019134521, -120.503479004, 52.1536712646, -104.765266418], [44.4181900024, -40.6715583801, 168.034866333, 441.724914551, 93.1961135864, -55.9562683105, -69.7446136475, -25.7170009613, 50.8641777039, 6.60045099258, -24.4865837097, 7.12746238708, 39.6147079468], [-131.06427002, 134.453674316, -45.1748809814, 93.1961135864, 272.124755859, 46.5109710693, 30.7429580688, 16.4007778168, 4.16998147964, -6.71613931656, -5.91919326782, -9.20395851135, 13.4968967438], [-7.63686943054, -109.512763977, 49.1537590027, -55.9562683105, 46.5109710693, 286.474517822, 119.292709351, -1.7278046608, -46.2677307129, 6.19186496735, -1.01511394978, 14.7622852325, -33.9894866943], [-230.391784668, 165.087600708, -98.3534393311, -69.7446136475, 30.7429580688, 119.292709351, 282.986541748, 10.8056793213, -37.0422325134, -46.1012649536, 41.4259300232, -46.4466400146, -11.3767566681], [79.7811737061, -59.2167739868, 10.2419233322, -25.7170009613, 16.4007778168, -1.7278046608, 10.8056793213, 144.300613403, 45.6922988892, 13.8659543991, -22.2087478638, -13.0441541672, -3.44716191292], [-169.623764038, 45.551940918, -83.1565856934, 50.8641777039, 4.16998147964, -46.2677307129, -37.0422325134, 45.6922988892, 187.679000854, 9.37336921692, 29.5626411438, -21.7780399323, 45.6694717407], [99.7004165649, -134.529678345, 42.6019134521, 6.60045099258, -6.71613931656, 6.19186496735, -46.1012649536, 13.8659543991, 9.37336921692, 111.360725403, -7.07373189926, 30.8036289215, -34.568195343], [-167.250091553, 104.943962097, -120.503479004, -24.4865837097, -5.91919326782, -1.01511394978, 41.4259300232, -22.2087478638, 29.5626411438, -7.07373189926, 140.32043457, 0.705959677696, 27.3758010864], [54.709526062, -141.230178833, 52.1536712646, 7.12746238708, -9.20395851135, 14.7622852325, -46.4466400146, -13.0441541672, -21.7780399323, 30.8036289215, 0.705959677696, 122.136001587, 14.583231926], [-113.628311157, 46.0049552917, -104.765266418, 39.6147079468, 13.4968967438, -33.9894866943, -11.3767566681, -3.44716191292, 45.6694717407, -34.568195343, 27.3758010864, 14.583231926, 113.893959045]],
        "icov": [[0.000729575462174, -0.000559871259611, 0.000680043769535, -0.000743404612876, 0.00100413116161, -0.000774121202994, 0.0011648129439, -0.00128912483342, 0.0012808664469, -0.000477521418361, 0.000787621422205, -0.000495677581057, 0.00078106514411], [-0.000559871259611, 0.00353385880589, -0.00173266243655, 0.00200782646425, -0.00317358248867, 0.00301509047858, -0.00286230421625, 0.0032229819335, -0.0022777095437, 0.00218891422264, -0.00235368357971, 0.00283574964851, -0.00141030352097], [0.000680043769535, -0.00173266243655, 0.00286267022602, -0.00221940595657, 0.00247213151306, -0.00217645289376, 0.0023862470407, -0.00260347058065, 0.00224224687554, -0.000752992520574, 0.00213782675564, -0.00205804989673, 0.00262261345051], [-0.000743404612876, 0.00200782646425, -0.00221940595657, 0.00480585591868, -0.00355727225542, 0.00261928723194, -0.00209980737418, 0.00363878859207, -0.00299469777383, 0.000784766627476, -0.001206788118, 0.00192239449825, -0.0026792450808], [0.00100413116161, -0.00317358248867, 0.00247213151306, -0.00355727225542, 0.00775623507798, -0.00396962556988, 0.00305623444729, -0.00444133067504, 0.00327454204671, -0.00190813886002, 0.00267373840325, -0.00236022961326, 0.00162939284928], [-0.000774121202994, 0.00301509047858, -0.00217645289376, 0.00261928723194, -0.00396962556988, 0.00772828655317, -0.00515494402498, 0.003670044709, -0.0024430854246, 0.00124312052503, -0.0018557542935, 0.00117447529919, -0.000877705693711], [0.0011648129439, -0.00286230421625, 0.0023862470407, -0.00209980737418, 0.00305623444729, -0.00515494402498, 0.00896927155554, -0.00468546384946, 0.00422952277586, 2.0613466404e-05, 0.00057112245122, -0.000497106520925, 0.00233382033184], [-0.00128912483342, 0.0032229819335, -0.00260347058065, 0.00363878859207, -0.00444133067504, 0.003670044709, -0.00468546384946, 0.0127026308328, -0.00616315566003, 0.000800202717073, -0.000553278892767, 0.00297052995302, -0.00224358821288], [0.0012808664469, -0.0022777095437, 0.00224224687554, -0.00299469777383, 0.00327454204671, -0.0024430854246, 0.00422952277586, -0.00616315566003, 0.0108825778589, -0.00301177729852, 0.000271131371846, 0.000315424753353, -0.000962525722571], [-0.000477521418361, 0.00218891422264, -0.000752992520574, 0.000784766627476, -0.00190813886002, 0.00124312052503, 2.0613466404e-05, 0.000800202717073, -0.00301177729852, 0.0140273403376, -0.00219783443026, -0.00178165966645, 0.00451875803992], [0.000787621422205, -0.00235368357971, 0.00213782675564, -0.001206788118, 0.00267373840325, -0.0018557542935, 0.00057112245122, -0.000553278892767, 0.000271131371846, -0.00219783443026, 0.0110994745046, -0.00281956116669, 0.00020970767946], [-0.000495677581057, 0.00283574964851, -0.00205804989673, 0.00192239449825, -0.00236022961326, 0.00117447529919, -0.000497106520925, 0.00297052995302, 0.000315424753353, -0.00178165966645, -0.00281956116669, 0.0134110348299, -0.00523795373738], [0.00078106514411, -0.00141030352097, 0.00262261345051, -0.0026792450808, 0.00162939284928, -0.000877705693711, 0.00233382033184, -0.00224358821288, -0.000962525722571, 0.00451875803992, 0.00020970767946, -0.00523795373738, 0.015561228618]]
    },
    "melbands": {
        "dmean": [0.000199952439289, 0.00105019612238, 0.000917023571674, 0.000396468414692, 0.000353338837158, 0.000387294887332, 0.000251951278187, 0.000167194157257, 0.000237974978518, 0.000257593434071, 0.000247166113695, 0.00011686488142, 7.95440500951e-05, 4.95241838507e-05, 4.91969767609e-05, 3.86213032471e-05, 3.52169990947e-05, 3.32106246788e-05, 3.11840231006e-05, 4.63483484054e-05, 3.19858554576e-05, 2.22760481847e-05, 1.53302098624e-05, 1.3067036889e-05, 8.24866219773e-06, 6.39633208266e-06, 8.46678995003e-06, 6.83518919686e-06, 3.14223552778e-06, 2.81629786514e-06, 2.6653419809e-06, 2.68404028247e-06, 2.50312018579e-06, 2.45388764597e-06, 2.14693091038e-06, 2.06503978006e-06, 1.77736615115e-06, 1.31846286422e-06, 1.10991697966e-06, 8.84125768152e-07],
        "dmean2": [0.000324267399264, 0.00169862667099, 0.00151365529746, 0.000672249239869, 0.000567831972148, 0.000622815801762, 0.000417003786424, 0.000274189689662, 0.000378732685931, 0.000412087887526, 0.000386409112252, 0.00018380714755, 0.000130033949972, 7.93250510469e-05, 7.79027323006e-05, 6.1853468651e-05, 5.68071118323e-05, 5.34505343239e-05, 5.00964306411e-05, 7.47888698243e-05, 5.02884213347e-05, 3.44384388882e-05, 2.43945851253e-05, 2.07960820262e-05, 1.35398558996e-05, 1.02919875644e-05, 1.3271143871e-05, 1.07873074739e-05, 5.05631669512e-06, 4.61305444333e-06, 4.14035002905e-06, 4.25486541644e-06, 3.94693961425e-06, 3.88781927541e-06, 3.32701847583e-06, 3.18545698974e-06, 2.71818066722e-06, 1.94718768398e-06, 1.58460272814e-06, 1.27666510252e-06],
        "dvar": [1.26626403585e-07, 3.9156029743e-06, 3.71911960428e-06, 5.68428617953e-07, 4.91493267418e-07, 6.19581840056e-07, 4.34282128481e-07, 3.58058684924e-07, 5.64619881516e-07, 4.53374383369e-07, 3.52642018697e-07, 1.09375044133e-07, 5.9108497652e-08, 2.21299814029e-08, 2.22360299063e-08, 1.25461783185e-08, 8.40399305702e-09, 7.49464579286e-09, 4.54615012302e-09, 1.53742973907e-08, 1.03787733963e-08, 3.47320838756e-09, 1.26828914038e-09, 1.00981401019e-09, 4.75938954914e-10, 3.79114822868e-10, 6.7590993913e-10, 2.57513621538e-10, 8.46536105104e-11, 1.85370899186e-10, 1.49103826508e-10, 1.47555426211e-10, 9.68217103714e-11, 1.01152974885e-10, 6.59055657271e-11, 4.83012380093e-11, 4.16984780038e-11, 2.52428286607e-11, 1.90736489103e-11, 1.36414525509e-11],
        "dvar2": [2.98392393461e-07, 9.33732280828e-06, 9.27164910536e-06, 1.52299867295e-06, 1.18020966511e-06, 1.416958753e-06, 1.09599545794e-06, 8.91623187727e-07, 1.31070146381e-06, 1.08402775822e-06, 8.05557021977e-07, 2.7262143476e-07, 1.65362024518e-07, 5.7753627658e-08, 5.22035854544e-08, 2.62935930806e-08, 1.93698532769e-08, 1.75738499308e-08, 1.09609539223e-08, 3.73719828417e-08, 2.38218902382e-08, 7.06414127194e-09, 2.93790347605e-09, 2.38339681324e-09, 1.21369203576e-09, 9.2173157995e-10, 1.71016567574e-09, 6.09966133158e-10, 2.04517555669e-10, 4.64607657902e-10, 3.26781629534e-10, 3.53375356754e-10, 2.35057556752e-10, 2.38319780577e-10, 1.37954633828e-10, 1.04309789972e-10, 9.23077309034e-11, 5.04143359004e-11, 3.91934609767e-11, 2.70662554869e-11],
        "max": [0.00433846050873, 0.0244034267962, 0.0272826254368, 0.0105389365926, 0.0167773924768, 0.0179565660655, 0.0141845056787, 0.0200042761862, 0.0219945535064, 0.0160958617926, 0.011554193683, 0.00733607029542, 0.00556491361931, 0.00356484623626, 0.00396887259558, 0.0043558110483, 0.00297290552408, 0.00292803277262, 0.00199737679213, 0.00306272623129, 0.00326979532838, 0.00198820047081, 0.000787527707871, 0.000816407671664, 0.000804473937023, 0.000925082247704, 0.00108727160841, 0.000396057061153, 0.00028813406243, 0.000627817877103, 0.000418487004936, 0.000396751973312, 0.000283937406493, 0.000375520030502, 0.000295415113214, 0.000161458883667, 0.000188228965271, 0.000171364939888, 0.000116732146125, 0.000102201905975],
        "mean": [0.000251749093877, 0.00131763424724, 0.00121712952387, 0.000564743706491, 0.000563800800592, 0.000551426084712, 0.000309064722387, 0.000194328720681, 0.000317164289299, 0.000382080528652, 0.000422184413765, 0.000188666715985, 0.000118982599815, 7.37768423278e-05, 7.55309883971e-05, 5.72698118049e-05, 5.4289084801e-05, 4.98311273986e-05, 4.69500810141e-05, 6.55720868963e-05, 4.68552425446e-05, 3.56646487489e-05, 2.38918983086e-05, 1.9872408302e-05, 1.29562276925e-05, 1.04080409074e-05, 1.31231718115e-05, 1.08855174403e-05, 5.17888429385e-06, 4.26594033343e-06, 3.96969653593e-06, 3.86688725484e-06, 3.6847852698e-06, 3.69172607861e-06, 3.24549682773e-06, 3.08659355142e-06, 2.70401892521e-06, 2.07919720197e-06, 1.70058979165e-06, 1.32574655254e-06],
        "median": [0.000113749265438, 0.000609910232015, 0.000666941283271, 0.000326153007336, 0.000235698913457, 0.000186071614735, 9.4939081464e-05, 5.43258283869e-05, 5.76878956053e-05, 8.74012330314e-05, 9.40166937653e-05, 4.07906481996e-05, 2.48639953497e-05, 2.35280349443e-05, 2.18498717004e-05, 1.79944418051e-05, 1.94086533156e-05, 1.86500055861e-05, 1.84335913218e-05, 2.19085886783e-05, 1.50992163981e-05, 1.28144702103e-05, 1.069649079e-05, 9.4120769063e-06, 6.91465629643e-06, 5.07918048243e-06, 5.30494708073e-06, 4.30808859164e-06, 2.35640436586e-06, 1.62067817655e-06, 1.21945606679e-06, 1.2324646832e-06, 1.24240955302e-06, 1.0962696706e-06, 8.98038763353e-07, 7.97829272869e-07, 6.15941814885e-07, 4.48669425168e-07, 2.87237355678e-07, 1.75915261025e-07],
        "min": [6.27164693376e-24, 2.23688589702e-24, 3.73583698785e-24, 6.38047818424e-24, 3.63115041256e-24, 2.18027743568e-24, 3.24971387956e-24, 7.16460907948e-24, 1.78263016607e-23, 1.0283377768e-23, 7.17781382217e-24, 8.18606798919e-24, 3.99699649027e-24, 1.04247779298e-23, 7.79768021111e-24, 1.23199255356e-23, 6.96241061883e-24, 7.01049957962e-24, 8.96330424011e-24, 6.78692456616e-24, 3.58874440574e-24, 1.21949762791e-23, 1.22802253217e-23, 6.21795863827e-24, 8.87248189523e-24, 1.06648440805e-23, 6.38230636939e-24, 5.63729074771e-24, 6.41609525411e-24, 6.43910553786e-24, 6.48546570997e-24, 1.00284794546e-23, 8.64724790729e-24, 7.73157208953e-24, 6.99400765353e-24, 7.39760703644e-24, 1.09821704794e-23, 9.92330220783e-24, 7.84182092306e-24, 8.85471516992e-24],
        "var": [1.63321303148e-07, 4.60766568722e-06, 3.7125257677e-06, 6.07248807682e-07, 1.08969072699e-06, 1.25072722312e-06, 5.03371666127e-07, 3.53950554199e-07, 8.79225638073e-07, 8.65088054525e-07, 8.65274387252e-07, 2.43668580424e-07, 1.11288173343e-07, 3.97579569267e-08, 4.22028563207e-08, 2.53858605248e-08, 1.74762195826e-08, 1.18719851727e-08, 7.65083818521e-09, 2.18079261316e-08, 1.62915210211e-08, 7.28154692098e-09, 2.15596407394e-09, 1.49825141182e-09, 5.79931880296e-10, 5.21505449935e-10, 9.04004149316e-10, 4.55835647006e-10, 1.48227194408e-10, 3.02978336864e-10, 2.81623058207e-10, 2.36917457874e-10, 1.57022478353e-10, 1.75117365053e-10, 1.35261662981e-10, 1.00615051013e-10, 8.52553028174e-11, 5.60497898094e-11, 4.48007013432e-11, 3.21992987828e-11]
    },
    "mfcc": {
        "mean": [-623.606811523, 111.094436646, -5.26823949814, 17.9601631165, 3.19674158096, 0.88380497694, -5.35743951797, 5.4883389473, -3.46385502815, 3.66017150879, -8.18290424347, -5.96051597595, -4.86598157883],
        "cov": [[1449.60095215, -369.324951172, -99.9140777588, 3.71174764633, 17.9697380066, -79.6162109375, -59.0337142944, -85.3582839966, 10.3469362259, -32.3227844238, -28.6892642975, -3.63672733307, 7.62128543854], [-369.324951172, 864.368835449, -84.1105270386, 5.75102424622, -40.6381263733, -32.1699523926, 104.98789978, 43.8300552368, -47.906288147, 60.2563552856, 0.170085012913, -30.5910987854, -29.6063213348], [-99.9140777588, -84.1105270386, 768.467529297, 107.210258484, 57.2417221069, 52.2872314453, -30.3886814117, -6.23874568939, -16.0018959045, -41.9908409119, 20.6563968658, -11.1998233795, -38.7716293335], [3.71174764633, 5.75102424622, 107.210258484, 428.534484863, 132.83203125, -13.8597917557, -66.4855117798, -38.8185043335, 36.1774635315, -22.6158847809, -47.4723587036, 19.6292877197, 32.0767631531], [17.9697380066, -40.6381263733, 57.2417221069, 132.83203125, 285.70880127, 5.34335422516, -62.3951263428, -17.6677494049, 56.0331802368, -8.2137556076, -28.4173660278, 30.1869659424, 36.7920875549], [-79.6162109375, -32.1699523926, 52.2872314453, -13.8597917557, 5.34335422516, 237.260696411, 105.13192749, 34.3918838501, 6.11045598984, -35.2906417847, 21.0346469879, -2.73461532593, -11.1388101578], [-59.0337142944, 104.98789978, -30.3886814117, -66.4855117798, -62.3951263428, 105.13192749, 265.527038574, 77.768157959, -16.8047962189, 20.0892333984, 14.6050043106, -24.7361221313, -24.9402275085], [-85.3582839966, 43.8300552368, -6.23874568939, -38.8185043335, -17.6677494049, 34.3918838501, 77.768157959, 123.555343628, 34.3578796387, 20.3083591461, 3.85075902939, -7.69560337067, -6.7053937912], [10.3469362259, -47.906288147, -16.0018959045, 36.1774635315, 56.0331802368, 6.11045598984, -16.8047962189, 34.3578796387, 132.489517212, 32.4622573853, -2.15264344215, 1.61570489407, 1.36004900932], [-32.3227844238, 60.2563552856, -41.9908409119, -22.6158847809, -8.2137556076, -35.2906417847, 20.0892333984, 20.3083591461, 32.4622573853, 130.477401733, 36.0233688354, -6.13913917542, -13.2069387436], [-28.6892642975, 0.170085012913, 20.6563968658, -47.4723587036, -28.4173660278, 21.0346469879, 14.6050043106, 3.85075902939, -2.15264344215, 36.0233688354, 103.752830505, 27.9910697937, -15.0719747543], [-3.63672733307, -30.5910987854, -11.1998233795, 19.6292877197, 30.1869659424, -2.73461532593, -24.7361221313, -7.69560337067, 1.61570489407, -6.13913917542, 27.9910697937, 91.2651443481, 44.7236785889], [7.62128543854, -29.6063213348, -38.7716293335, 32.0767631531, 36.7920875549, -11.1388101578, -24.9402275085, -6.7053937912, 1.36004900932, -13.2069387436, -15.0719747543, 44.7236785889, 94.552154541]],
