{
"lowlevel": {
    "average_loudness": 0.935293614864,
    "barkbands_crest": {
        "dmean": 2.66718101501,
        "dmean2": 4.36663103104,
        "dvar": 5.80006361008,
        "dvar2": 14.5690488815,
        "max": 23.1735153198,
        "mean": 9.55743122101,
        "median": 8.84645938873,
        "min": 2.4064002037,
        "var": 16.5849285126
    },
    "barkbands_flatness_db": {
        "dmean": 0.0190676935017,
        "dmean2": 0.029388897121,
        "dvar": 0.000330053182552,
        "dvar2": 0.000729454215616,
        "max": 0.312764912844,
        "mean": 0.152052611113,
        "median": 0.145317360759,
        "min": 0.0579940788448,
        "var": 0.00147691403981
    },
    "barkbands_kurtosis": {
        "dmean": 1.76107394695,
        "dmean2": 2.75007963181,
        "dvar": 9.87280845642,
        "dvar2": 22.6553726196,
        "max": 69.9389877319,
        "mean": 1.95418953896,
        "median": 0.325053453445,
        "min": -1.92461669445,
        "var": 22.1075897217
    },
    "barkbands_skewness": {
        "dmean": 0.453151673079,
        "dmean2": 0.693236291409,
        "dvar": 0.21744838357,
        "dvar2": 0.480239480734,
        "max": 7.17673158646,
        "mean": 1.03942680359,
        "median": 0.859867930412,
        "min": -2.04015660286,
        "var": 0.996266782284
    },
    "barkbands_spread": {
        "dmean": 6.76036739349,
        "dmean2": 10.1231250763,
        "dvar": 62.3459701538,
        "dvar2": 120.602348328,
        "max": 105.623008728,
        "mean": 27.1432437897,
        "median": 25.4888248444,
        "min": 1.77599227428,
        "var": 204.830108643
    },
    "dissonance": {
        "dmean": 0.0183236058801,
        "dmean2": 0.030645089224,
        "dvar": 0.000332135852659,
        "dvar2": 0.000869159994181,
        "max": 0.500000059605,
        "mean": 0.46691223979,
        "median": 0.473873883486,
        "min": 0.283589780331,
        "var": 0.000735575798899
    },
    "dynamic_complexity": 3.09290361404,
    "erbbands_crest": {
        "dmean": 2.86430358887,
        "dmean2": 4.69001674652,
        "dvar": 7.29824447632,
        "dvar2": 17.4081096649,
        "max": 31.9487094879,
        "mean": 8.96984958649,
        "median": 7.85424566269,
        "min": 2.27765202522,
        "var": 20.4239120483
    },
    "erbbands_flatness_db": {
        "dmean": 0.017006251961,
        "dmean2": 0.0244804676622,
        "dvar": 0.000256457482465,
        "dvar2": 0.000473899533972,
        "max": 0.348219543695,
        "mean": 0.185805797577,
        "median": 0.184499397874,
        "min": 0.067075021565,
        "var": 0.00144629913848
    },
    "erbbands_kurtosis": {
        "dmean": 0.957127332687,
        "dmean2": 1.53606557846,
        "dvar": 2.23354721069,
        "dvar2": 5.34155702591,
        "max": 29.3911781311,
        "mean": 0.450699687004,
        "median": -0.164601564407,
        "min": -1.86244940758,
        "var": 4.71918106079
    },
    "erbbands_skewness": {
        "dmean": 0.38619735837,
        "dmean2": 0.598299980164,
        "dvar": 0.134065940976,
        "dvar2": 0.293647170067,
        "max": 4.33501434326,
        "mean": 0.316377818584,
        "median": 0.265409648418,
        "min": -2.93399977684,
        "var": 0.616971969604
    },
    "erbbands_spread": {
        "dmean": 8.48309135437,
        "dmean2": 12.5722932816,
        "dvar": 90.1588668823,
        "dvar2": 190.181747437,
        "max": 131.567901611,
        "mean": 36.8100013733,
        "median": 33.416595459,
        "min": 4.55695533752,
        "var": 324.603363037
    },
    "hfc": {
        "dmean": 6.49041986465,
        "dmean2": 9.29578876495,
        "dvar": 74.6926879883,
        "dvar2": 162.667175293,
        "max": 100.839622498,
        "mean": 20.2483386993,
        "median": 14.5404748917,
        "min": 1.13131586555e-16,
        "var": 301.304138184
    },
    "melbands_crest": {
        "dmean": 3.48020625114,
        "dmean2": 5.65877437592,
        "dvar": 9.80390739441,
        "dvar2": 24.3716831207,
        "max": 35.1533317566,
        "mean": 13.9333705902,
        "median": 13.1127195358,
        "min": 1.92608225346,
        "var": 32.1516532898
    },
    "melbands_flatness_db": {
        "dmean": 0.0255345311016,
        "dmean2": 0.0376388952136,
        "dvar": 0.000683629245032,
        "dvar2": 0.00140156806447,
        "max": 0.383127808571,
        "mean": 0.169173285365,
        "median": 0.160203114152,
        "min": 0.00594186596572,
        "var": 0.00362127274275
    },
    "melbands_kurtosis": {
        "dmean": 4.53581523895,
        "dmean2": 7.04024028778,
        "dvar": 57.0349121094,
        "dvar2": 130.026367188,
        "max": 123.18737793,
        "mean": 8.35157871246,
        "median": 3.99780893326,
        "min": -1.77176451683,
        "var": 147.222457886
    },
    "melbands_skewness": {
        "dmean": 0.619835615158,
        "dmean2": 0.949716866016,
        "dvar": 0.422300964594,
        "dvar2": 0.953996777534,
        "max": 9.9578294754,
        "mean": 2.04929852486,
        "median": 1.75571513176,
        "min": -0.84886020422,
        "var": 2.00251746178
    },
    "melbands_spread": {
        "dmean": 8.61506843567,
        "dmean2": 13.3844060898,
        "dvar": 104.76360321,
        "dvar2": 223.166732788,
        "max": 227.387359619,
        "mean": 31.2415466309,
        "median": 28.4593791962,
        "min": 1.50885629654,
        "var": 376.598693848
    },
    "pitch_salience": {
        "dmean": 0.0709703266621,
        "dmean2": 0.115264542401,
        "dvar": 0.00434179417789,
        "dvar2": 0.0108911031857,
        "max": 0.88260871172,
        "mean": 0.54353260994,
        "median": 0.541555404663,
        "min": 0.152436062694,
        "var": 0.0124855488539
    },
    "silence_rate_20dB": {
        "dmean": 0,
        "dmean2": 0,
        "dvar": 0,
        "dvar2": 0,
        "max": 1,
        "mean": 1,
        "median": 1,
        "min": 1,
        "var": 0
    },
    "silence_rate_30dB": {
        "dmean": 0,
        "dmean2": 0,
        "dvar": 0,
        "dvar2": 0,
        "max": 1,
        "mean": 1,
        "median": 1,
        "min": 1,
        "var": 0
    },
    "silence_rate_60dB": {
        "dmean": 0.0168884340674,
        "dmean2": 0.0337811894715,
        "dvar": 0.016600497067,
        "dvar2": 0.0387776568532,
        "max": 1,
        "mean": 0.0524497888982,
        "median": 0,
        "min": 0,
        "var": 0.0496950335801
    },
    "spectral_centroid": {
        "dmean": 281.358520508,
        "dmean2": 427.000732422,
        "dvar": 99967.7578125,
        "dvar2": 194725.34375,
        "max": 11330.2119141,
        "mean": 1649.67456055,
        "median": 1646.92749023,
        "min": 276.023834229,
        "var": 480335.84375
    },
    "spectral_complexity": {
        "dmean": 3.98311161995,
        "dmean2": 5.96673059464,
        "dvar": 20.7896518707,
        "dvar2": 36.8043823242,
        "max": 56,
        "mean": 20.28565979,
        "median": 18,
        "min": 0,
        "var": 122.67376709
    },
    "spectral_decrease": {
        "dmean": 1.51624690581e-09,
        "dmean2": 2.33725283572e-09,
        "dvar": 3.13999766438e-18,
        "dvar2": 7.32632627767e-18,
        "max": 1.01991893362e-28,
        "mean": -5.09811926008e-09,
        "median": -4.38543201753e-09,
        "min": -2.30743246732e-08,
        "var": 1.18427092612e-17
    },
    "spectral_energy": {
        "dmean": 0.0061534405686,
        "dmean2": 0.00944253616035,
        "dvar": 5.27194060851e-05,
        "dvar2": 0.000121842596855,
        "max": 0.0921502783895,
        "mean": 0.0210780501366,
        "median": 0.0180493053049,
        "min": 9.87642342278e-21,
        "var": 0.000202715222258
    },
    "spectral_energyband_high": {
        "dmean": 0.000464367854875,
        "dmean2": 0.000645727384835,
        "dvar": 4.66526387299e-07,
        "dvar2": 9.41146936384e-07,
        "max": 0.00785340834409,
        "mean": 0.000956928706728,
        "median": 0.000494458829053,
        "min": 7.25054583838e-21,
        "var": 1.25080646285e-06
    },
    "spectral_energyband_low": {
        "dmean": 0.0024988760706,
        "dmean2": 0.00395816145465,
        "dvar": 1.18103589557e-05,
        "dvar2": 3.09433999064e-05,
        "max": 0.0397242419422,
        "mean": 0.00603646226227,
        "median": 0.00511864339933,
        "min": 5.06921828368e-23,
        "var": 2.67013765551e-05
    },
    "spectral_energyband_middle_high": {
        "dmean": 0.00230396143161,
        "dmean2": 0.00346952816471,
        "dvar": 1.3988421415e-05,
        "dvar2": 3.21766638081e-05,
        "max": 0.0619602836668,
        "mean": 0.00635474268347,
        "median": 0.00342120160349,
        "min": 1.33904728613e-21,
        "var": 5.47612798982e-05
    },
    "spectral_energyband_middle_low": {
        "dmean": 0.00388201558962,
        "dmean2": 0.00631641643122,
        "dvar": 3.00181291095e-05,
        "dvar2": 7.45104262023e-05,
        "max": 0.065281689167,
        "mean": 0.0083149811253,
        "median": 0.00540989311412,
        "min": 2.42062031876e-22,
        "var": 7.37097216188e-05
    },
    "spectral_entropy": {
        "dmean": 0.154741093516,
        "dmean2": 0.22238522768,
        "dvar": 0.0297998860478,
        "dvar2": 0.0571950040758,
        "max": 9.81289958954,
        "mean": 7.69159173965,
        "median": 7.71722555161,
        "min": 6.14289426804,
        "var": 0.127701342106
    },
    "spectral_flux": {
        "dmean": 0.019830012694,
        "dmean2": 0.0309850014746,
        "dvar": 0.000433665001765,
        "dvar2": 0.000868890318088,
        "max": 0.247335240245,
        "mean": 0.0783543735743,
        "median": 0.0737568661571,
        "min": 6.34218511042e-11,
        "var": 0.00155461218674
    },
    "spectral_kurtosis": {
        "dmean": 1.38139855862,
        "dmean2": 2.31315279007,
        "dvar": 1.80304574966,
        "dvar2": 4.97549343109,
        "max": 15.9617424011,
        "mean": 2.45652699471,
        "median": 2.05685472488,
        "min": -1.24730861187,
        "var": 3.99315667152
    },
    "spectral_rms": {
        "dmean": 0.000629647576716,
        "dmean2": 0.000945265288465,
        "dvar": 3.96171600414e-07,
        "dvar2": 8.68851145697e-07,
        "max": 0.00948170386255,
        "mean": 0.004265694879,
        "median": 0.00419631740078,
        "min": 3.10411592264e-12,
        "var": 2.36775122175e-06
    },
    "spectral_rolloff": {
        "dmean": 576.98626709,
        "dmean2": 931.433105469,
        "dvar": 945718.3125,
        "dvar2": 1886987.875,
        "max": 19250.6835938,
        "mean": 1816.30822754,
        "median": 1593.45703125,
        "min": 64.599609375,
        "var": 2165395.75
    },
    "spectral_skewness": {
        "dmean": 0.212662160397,
        "dmean2": 0.331596940756,
        "dvar": 0.0401605069637,
        "dvar2": 0.0901876315475,
        "max": 2.98520922661,
        "mean": 1.12966489792,
        "median": 1.0962202549,
        "min": -0.23892493546,
        "var": 0.155922815204
    },
    "spectral_spread": {
        "dmean": 494985.28125,
        "dmean2": 680090.625,
        "dvar": 530554126336,
        "dvar2": 919099736064,
        "max": 41168472,
        "mean": 4182349.25,
        "median": 3827085.75,
        "min": 2109607,
        "var": 2.12190835507e+12
    },
    "spectral_strongpeak": {
        "dmean": 0.608226835728,
        "dmean2": 1.03064715862,
        "dvar": 0.921366393566,
        "dvar2": 2.28127884865,
        "max": 10.8591632843,
        "mean": 0.950686097145,
        "median": 0.302548110485,
        "min": 0,
        "var": 1.77473711967
    },
    "zerocrossingrate": {
        "dmean": 0.0115203391761,
        "dmean2": 0.0128475762904,
        "dvar": 0.000196294757188,
        "dvar2": 0.00024153040431,
        "max": 0.703125,
        "mean": 0.0680111348629,
        "median": 0.064453125,
        "min": 0.0068359375,
        "var": 0.00121861416847
    },
    "barkbands": {
        "dmean": [0.00022019163589, 0.0020862815436, 0.000600229657721, 0.000498159904964, 0.000945199397393, 0.00117318378761, 0.00104154855944, 0.000558682484552, 0.00111374247354, 0.00100734690204, 0.000527173629962, 0.000402376783313, 0.000335519813234, 0.000341594830388, 0.000355921860319, 0.000390667497413, 0.000271685683401, 0.000232552862144, 0.000141895870911, 0.000210271740798, 0.000111836998258, 9.87238963717e-05, 0.000112231718958, 9.7323085356e-05, 1.91304006876e-05, 1.18428822304e-09, 8.71431204974e-10],
        "dmean2": [0.00035818584729, 0.0033441982232, 0.000986412283964, 0.000903691747226, 0.00162789458409, 0.00192696938757, 0.00171648652758, 0.000903871085029, 0.00172339275014, 0.00161062960979, 0.000844926107675, 0.000649008841719, 0.000553524529096, 0.000534913328011, 0.000568934308831, 0.00062515377067, 0.000436833070125, 0.000368683540728, 0.000223767099669, 0.000317206664477, 0.000167658537976, 0.000141813827213, 0.000170547136804, 0.000137420051033, 2.8503485737e-05, 2.20609019941e-09, 1.60006108363e-09],
        "dvar": [9.2405706198e-08, 9.1425354185e-06, 1.39429482715e-06, 1.9060013301e-06, 4.00612316298e-06, 6.26288829153e-06, 4.48023092758e-06, 2.11988617593e-06, 8.48335730552e-06, 8.03473085398e-06, 1.24456676076e-06, 7.60058526339e-07, 6.26159305739e-07, 7.34767240829e-07, 5.69488747715e-07, 7.27746282791e-07, 3.61952771755e-07, 2.04086020972e-07, 5.39180931014e-08, 1.45220070635e-07, 3.7333489189e-08, 2.60539483321e-08, 4.49020980398e-08, 3.25071773943e-08, 1.438690167e-09, 3.98555550872e-16, 1.47248323356e-18],
        "dvar2": [2.12587877968e-07, 2.42535516009e-05, 3.70156681129e-06, 5.50188678972e-06, 1.07706291601e-05, 1.65883557202e-05, 1.21045877677e-05, 4.95021731695e-06, 1.89319580386e-05, 1.923504351e-05, 3.02954049403e-06, 1.87540217667e-06, 1.53792939273e-06, 1.53197549935e-06, 1.29340253352e-06, 1.73273429027e-06, 8.23960988328e-07, 4.99121938446e-07, 1.29571432694e-07, 3.21128396763e-07, 7.86806069186e-08, 4.58348949905e-08, 1.1043019299e-07, 6.89487009709e-08, 3.40127148668e-09, 1.17889590319e-15, 4.676980513e-18],
        "max": [0.00457967678085, 0.0336735956371, 0.0177077539265, 0.020192604512, 0.0304816160351, 0.0497913844883, 0.0351403541863, 0.0471751317382, 0.0617241449654, 0.0536578632891, 0.0247141569853, 0.0166546124965, 0.0128059340641, 0.0224964469671, 0.0176182314754, 0.0181858483702, 0.0180828105658, 0.00987940188497, 0.00399715127423, 0.00756421731785, 0.00411913031712, 0.00230142707005, 0.00272247963585, 0.00428292481229, 0.00064328184817, 1.27241514747e-06, 1.43751055504e-08],
        "mean": [0.000362068181857, 0.00440858257934, 0.00108177715447, 0.000479413778521, 0.00127055053599, 0.00181254686322, 0.00152423419058, 0.000805586343631, 0.00177420524415, 0.0016187147703, 0.000781357171945, 0.000649193709251, 0.000466658180812, 0.000524869246874, 0.000535461818799, 0.000617274141405, 0.000488108285936, 0.000430374813732, 0.000285204732791, 0.000449774932349, 0.000207414050237, 0.000164751516422, 0.000160693263751, 0.000154745721375, 2.45001392614e-05, 1.34762612181e-09, 1.0631969749e-09],
        "median": [0.000177930385689, 0.00366340414621, 0.000527442316525, 0.000164043682162, 0.000530160614289, 0.000685965002049, 0.000516367144883, 0.000220211411943, 0.000409472937463, 0.000335776538122, 0.000291009433568, 0.000235452287598, 0.000185241617146, 0.000167978651007, 0.00021896729595, 0.000199080590392, 0.000155572372023, 0.000164229917573, 0.0001307274797, 0.000170311410329, 9.34530762606e-05, 6.30311187706e-05, 6.27501722192e-05, 5.1840350352e-05, 6.33543186268e-06, 8.25882529032e-10, 6.73277600338e-10],
        "min": [6.7262177752e-24, 1.24626770162e-23, 1.16622711316e-23, 8.06114949826e-24, 1.94127309178e-23, 5.97548188644e-23, 1.13772320207e-23, 8.47820842594e-24, 4.33195045939e-23, 1.32945592397e-23, 3.57427795891e-23, 1.78905038943e-23, 3.97883612337e-23, 3.23249040332e-23, 4.81568564627e-23, 1.39378103058e-22, 1.40390546076e-22, 1.62405217939e-22, 1.24524293975e-22, 1.85586129141e-22, 3.56504519399e-22, 4.83127196003e-22, 5.41957741255e-22, 6.98283315482e-22, 1.0983482292e-21, 1.49904382774e-21, 2.28618807065e-21],
        "var": [2.21842242354e-07, 1.71937281266e-05, 2.73612113233e-06, 1.21769835459e-06, 4.44292845714e-06, 1.10243645395e-05, 7.7997938206e-06, 3.80033020519e-06, 2.16999451368e-05, 1.72772179212e-05, 2.16540206566e-06, 1.78966422482e-06, 9.06487230168e-07, 1.80136464678e-06, 1.0575364513e-06, 1.3740476561e-06, 9.98189420898e-07, 4.65752492573e-07, 1.45631787518e-07, 4.80139533465e-07, 9.11883191179e-08, 5.6758743483e-08, 6.03842806868e-08, 7.08135630134e-08, 1.89766313774e-09, 2.08125577201e-16, 1.24214362506e-18]
    },
    "erbbands": {
        "dmean": [0.0828982368112, 0.414258152246, 0.723176181316, 1.06361615658, 2.97259902954, 2.81213545799, 5.47336626053, 10.8717813492, 14.8077802658, 13.2912101746, 13.445687294, 24.0345134735, 31.9012508392, 23.5779438019, 17.2548217773, 15.5751094818, 13.5539836884, 16.463092804, 15.9253416061, 18.1668357849, 20.5466251373, 13.9951295853, 13.3309812546, 8.55417728424, 6.90715789795, 10.1491584778, 6.13085269928, 3.55515193939, 3.67960047722, 3.58682894707, 2.99260115623, 2.21711468697, 1.54670333862, 0.461888581514, 0.0273933503777, 0.000830775650684, 7.11877146387e-05, 1.21851744552e-05, 5.53044492335e-06, 7.82312508818e-06],
        "dmean2": [0.123701237142, 0.697242498398, 1.18625712395, 1.86860895157, 5.39851379395, 4.72567415237, 8.88994789124, 18.0681266785, 24.395488739, 21.9157123566, 21.3998394012, 37.1459159851, 50.2643623352, 36.8963699341, 27.579460144, 25.098449707, 22.0497722626, 25.7158298492, 24.9289226532, 28.9115848541, 32.7937965393, 22.2245349884, 21.1827850342, 13.3083848953, 10.8345832825, 15.1701717377, 9.25918483734, 5.0891661644, 5.25370454788, 5.65090227127, 4.46165895462, 3.17871522903, 2.25753760338, 0.675807118416, 0.040629375726, 0.00120826077182, 0.000101845107565, 1.71005540324e-05, 7.99151894171e-06, 1.18362895591e-05],
        "dvar": [0.0159276351333, 0.382877886295, 2.00460267067, 6.75590467453, 61.1321372986, 30.8161258698, 140.192932129, 672.512451172, 1040.43664551, 810.89666748, 1430.76318359, 4753.37011719, 7459.18310547, 4326.75390625, 1185.56018066, 1205.29199219, 996.048034668, 1658.56604004, 1338.14538574, 1414.74108887, 2024.77758789, 861.507629395, 717.0703125, 208.697250366, 167.741241455, 403.829162598, 105.386680603, 37.2565917969, 36.6507759094, 47.8039283752, 29.2454814911, 20.6081180573, 7.85073137283, 0.78769659996, 0.00294416560791, 2.51205506174e-06, 1.77799748258e-08, 4.337812054e-10, 5.00913893697e-11, 8.58386209335e-11],
        "dvar2": [0.0347272381186, 1.1096675396, 5.29539394379, 19.2378959656, 172.09979248, 80.3519134521, 325.842437744, 1832.8704834, 2762.20385742, 2137.72192383, 3212.00024414, 10732.3134766, 17354.7851562, 10218.0996094, 2884.30688477, 2997.19555664, 2430.78662109, 3511.36328125, 2940.5, 3307.96801758, 4750.48486328, 2053.67993164, 1768.02331543, 489.362579346, 411.810058594, 882.534790039, 228.454452515, 70.2141418457, 66.8903121948, 121.405677795, 69.3159637451, 44.2544975281, 17.3252487183, 1.81970214844, 0.00694872625172, 5.802457963e-06, 4.08722975465e-08, 9.48157996561e-10, 1.11089845656e-10, 1.95491831056e-10],
        "max": [1.73565781116, 7.5111656189, 19.705280304, 42.0193061829, 98.9459686279, 81.9267959595, 319.361663818, 599.738708496, 699.469482422, 491.144927979, 1265.63513184, 1481.88317871, 1999.11010742, 1710.22375488, 677.431396484, 807.335510254, 608.144958496, 988.255737305, 935.151611328, 1000.71643066, 957.898681641, 809.715881348, 698.108642578, 300.808349609, 209.771697998, 500.356811523, 189.979888916, 118.427024841, 105.413650513, 64.9179840088, 82.7844619751, 137.294952393, 42.2846412659, 13.7158155441, 0.741676747799, 0.0197935327888, 0.00259434292093, 0.000235931394855, 7.60871043894e-05, 0.000113307643915],
        "mean": [0.171885848045, 0.802616596222, 1.3667140007, 1.37523245811, 2.88970279694, 4.18203306198, 9.02075004578, 16.2236995697, 22.1022357941, 19.3741436005, 21.6239814758, 38.6591873169, 53.8723258972, 40.9196014404, 28.430109024, 26.0439987183, 20.9938812256, 26.7327003479, 26.2971019745, 30.6345176697, 34.7227859497, 27.4129180908, 25.2733783722, 17.9257583618, 14.4681539536, 21.4788646698, 12.8419523239, 6.54329442978, 6.06580114365, 4.87310314178, 4.54970741272, 3.66314768791, 2.2061123848, 0.613733053207, 0.0338977426291, 0.00112074229401, 0.00011179097055, 2.17762753891e-05, 1.64331431733e-05, 2.70132222795e-05],
        "median": [0.124083191156, 0.665718257427, 0.768231928349, 0.66392159462, 1.09452664852, 1.77259373665, 3.60527133942, 5.40562486649, 6.91432762146, 7.48897075653, 7.2064447403, 10.0753116608, 11.7462100983, 14.2957391739, 10.8600988388, 10.2223405838, 9.02275562286, 9.60400676727, 11.1038408279, 12.8631124496, 11.6290597916, 9.40489387512, 9.87742805481, 8.16686344147, 6.55531263351, 7.88120746613, 5.59513998032, 3.02214050293, 2.42064809799, 1.76906609535, 1.84703016281, 1.31624388695, 0.687940001488, 0.168267071247, 0.00819169357419, 0.000327409914462, 4.5818331273e-05, 1.08345411718e-05, 1.336529931e-05, 2.31767935475e-05],
        "min": [4.98497336637e-22, 2.78032105011e-21, 1.03533148563e-20, 2.34907790985e-20, 8.36728603267e-20, 7.12172005123e-20, 2.01853446912e-19, 3.65910038956e-19, 2.94052083662e-19, 1.80534236641e-19, 3.77674666917e-19, 9.66601387811e-19, 4.99812666498e-19, 7.57021272647e-19, 1.39093935518e-18, 1.16791491843e-18, 2.08198175534e-18, 2.34704785353e-18, 3.06161423633e-18, 6.42915419118e-18, 7.31216246404e-18, 8.12988261193e-18, 8.14294544816e-18, 9.54443756001e-18, 8.5585085802e-18, 1.04850941177e-17, 1.23600950179e-17, 1.25310567069e-17, 1.8329538207e-17, 1.1516800927e-17, 1.52858510424e-17, 1.41614197681e-17, 1.07990819521e-17, 1.14809476105e-17, 7.78519810504e-18, 5.06269111032e-18, 2.49217938034e-18, 1.19598063962e-18, 3.04708548096e-19, 3.28252602795e-20],
        "var": [0.0360791012645, 0.586370050907, 3.70387125015, 5.48938322067, 42.2084388733, 44.6137542725, 311.028625488, 1124.89111328, 1843.42297363, 1269.52563477, 2917.71435547, 10303.0537109, 18119.5136719, 9345.72460938, 2486.30541992, 2950.92919922, 1657.49121094, 4079.41992188, 2608.79956055, 2723.47290039, 4142.38574219, 2489.56347656, 1659.39160156, 592.119262695, 406.109954834, 1214.25805664, 329.784240723, 86.0051040649, 78.2923965454, 57.7246437073, 45.6827316284, 46.5328140259, 12.8011331558, 1.09321606159, 0.00365528836846, 3.42987436852e-06, 2.63428265868e-08, 7.76728292795e-10, 1.46058790063e-10, 3.28495342039e-10]
    },
    "gfcc": {
        "mean": [-21.6185741425, 117.994941711, -155.798614502, 59.4908103943, -76.7817840576, 26.3826789856, -28.2432346344, 4.42409944534, 1.07858884335, -13.7750034332, 10.7890472412, -15.267701149, 12.1639299393],
        "cov": [[3907.13452148, -430.479644775, -436.890228271, 230.67791748, -159.161987305, 53.2382736206, -124.202301025, 275.190917969, -73.1304397583, 39.6919441223, 10.0491018295, -22.4973735809, 28.8556098938], [-430.479644775, 820.666137695, 81.8257369995, -129.788345337, 192.744781494, -134.568054199, 162.517044067, -104.161895752, 87.2696075439, -36.1007118225, 96.1164855957, -23.1975345612, 38.2893867493], [-436.890228271, 81.8257369995, 812.57989502, 166.127059937, -91.5044555664, 134.931396484, -102.824897766, -38.8516197205, -2.16040587425, 41.8996124268, -4.19744443893, 39.9587593079, -5.1391544342], [230.67791748, -129.788345337, 166.127059937, 284.903900146, 27.1228733063, 13.6141738892, -40.5952720642, 14.669716835, -8.46654510498, 13.9397745132, -16.9363002777, 20.2262973785, -3.05662178993], [-159.161987305, 192.744781494, -91.5044555664, 27.1228733063, 234.177520752, 19.7852401733, 105.8150177, 0.537307143211, 29.9790592194, -2.91221761703, 25.1823291779, -10.5856962204, 21.3869628906], [53.2382736206, -134.568054199, 134.931396484, 13.6141738892, 19.7852401733, 270.042144775, 37.5988235474, 3.92353415489, -32.6303329468, 27.0357341766, -31.2027454376, 8.26381874084, -11.5995149612], [-124.202301025, 162.517044067, -102.824897766, -40.5952720642, 105.8150177, 37.5988235474, 194.976409912, 9.88008785248, 25.544927597, -6.76896762848, 25.3334140778, -13.1049518585, 11.8495502472], [275.190917969, -104.161895752, -38.8516197205, 14.669716835, 0.537307143211, 3.92353415489, 9.88008785248, 167.793548584, 48.0438842773, 6.77170467377, -5.74541378021, 5.54200649261, 19.4031600952], [-73.1304397583, 87.2696075439, -2.16040587425, -8.46654510498, 29.9790592194, -32.6303329468, 25.544927597, 48.0438842773, 113.552963257, 25.4341259003, 22.6066761017, 8.15930080414, 17.0780143738], [39.6919441223, -36.1007118225, 41.8996124268, 13.9397745132, -2.91221761703, 27.0357341766, -6.76896762848, 6.77170467377, 25.4341259003, 104.821205139, 56.6307296753, 4.02426719666, 0.354296803474], [10.0491018295, 96.1164855957, -4.19744443893, -16.9363002777, 25.1823291779, -31.2027454376, 25.3334140778, -5.74541378021, 22.6066761017, 56.6307296753, 115.710151672, 29.7885723114, 11.7303924561], [-22.4973735809, -23.1975345612, 39.9587593079, 20.2262973785, -10.5856962204, 8.26381874084, -13.1049518585, 5.54200649261, 8.15930080414, 4.02426719666, 29.7885723114, 66.8883666992, 29.469783783], [28.8556098938, 38.2893867493, -5.1391544342, -3.05662178993, 21.3869628906, -11.5995149612, 11.8495502472, 19.4031600952, 17.0780143738, 0.354296803474, 11.7303924561, 29.469783783, 69.1489257812]],
        "icov": [[0.000639562262222, -0.00106425385457, 0.00125359371305, -0.00166517379694, 0.00167575618252, -0.00148403225467, 0.00114483491052, -0.00153105764184, 0.00086152064614, -0.000130881875521, -0.000736149086151, 0.000928219989873, -0.000674635986798], [-0.00106425385457, 0.00711156008765, -0.00471878377721, 0.00562743609771, -0.00644364813343, 0.00552211515605, -0.00455385213718, 0.00576826604083, -0.00436815386638, 0.00408529909328, -0.00254958495498, 0.00195356877521, -0.000856794009451], [0.00125359371305, -0.00471878377721, 0.00566410506144, -0.0058907601051, 0.00605007633567, -0.00584706431255, 0.00437036156654, -0.00373175833374, 0.00198360858485, -0.00159234460443, -0.000531226454768, 0.000522863527294, -0.000917944533285], [-0.00166517379694, 0.00562743609771, -0.0058907601051, 0.010948185809, -0.00856514461339, 0.00695123337209, -0.00401590578258, 0.00454576173797, -0.0021274338942, -1.11967628982e-05, 0.00287462910637, -0.00392753398046, 0.00256441766396], [0.00167575618252, -0.00644364813343, 0.00605007633567, -0.00856514461339, 0.0141269061714, -0.00768994260579, 0.00242187269032, -0.00496969697997, 0.00198833481409, -0.000543554197066, -0.00250340905041, 0.00378753244877, -0.0034178015776], [-0.00148403225467, 0.00552211515605, -0.00584706431255, 0.00695123337209, -0.00768994260579, 0.0119609516114, -0.00685207592323, 0.00417852029204, -8.99543520063e-05, -0.00282360846177, 0.00536580244079, -0.00517404964194, 0.00315229245462], [0.00114483491052, -0.00455385213718, 0.00437036156654, -0.00401590578258, 0.00242187269032, -0.00685207592323, 0.0120469322428, -0.00424699252471, 0.000928408524487, 0.00118106103037, -0.00344445486553, 0.00345064210705, -0.00170165265445], [-0.00153105764184, 0.00576826604083, -0.00373175833374, 0.00454576173797, -0.00496969697997, 0.00417852029204, -0.00424699252471, 0.013193378225, -0.0076867393218, 0.0031789036002, -0.000422646437073, 0.000824781716801, -0.00176546885632], [0.00086152064614, -0.00436815386638, 0.00198360858485, -0.0021274338942, 0.00198833481409, -8.99543520063e-05, 0.000928408524487, -0.0076867393218, 0.0162256509066, -0.00753035256639, 0.00378191540949, -0.00410586828366, 0.000619897968136], [-0.000130881875521, 0.00408529909328, -0.00159234460443, -1.11967628982e-05, -0.000543554197066, -0.00282360846177, 0.00118106103037, 0.0031789036002, -0.00753035256639, 0.0223228167742, -0.0160799901932, 0.0110385986045, -0.00395745458081], [-0.000736149086151, -0.00254958495498, -0.000531226454768, 0.00287462910637, -0.00250340905041, 0.00536580244079, -0.00344445486553, -0.000422646437073, 0.00378191540949, -0.0160799901932, 0.0247326958925, -0.0166373271495, 0.00623294338584], [0.000928219989873, 0.00195356877521, 0.000522863527294, -0.00392753398046, 0.00378753244877, -0.00517404964194, 0.00345064210705, 0.000824781716801, -0.00410586828366, 0.0110385986045, -0.0166373271495, 0.0322691164911, -0.0144385145977], [-0.000674635986798, -0.000856794009451, -0.000917944533285, 0.00256441766396, -0.0034178015776, 0.00315229245462, -0.00170165265445, -0.00176546885632, 0.000619897968136, -0.00395745458081, 0.00623294338584, -0.0144385145977, 0.0225986968726]]
    },
    "melbands": {
        "dmean": [0.000636819750071, 0.000399826472858, 0.000236764884903, 0.000213165112655, 0.000169018429006, 0.000243996764766, 0.000218153727474, 0.000138221526868, 0.000124086931464, 0.000158920782269, 0.000163647753652, 0.00010098562052, 6.25649481663e-05, 4.58171161881e-05, 3.65820451407e-05, 3.36417615472e-05, 3.33217103616e-05, 2.74706835626e-05, 2.87322945951e-05, 2.58912932622e-05, 2.55987142737e-05, 1.70842631633e-05, 1.27370367409e-05, 1.16826968224e-05, 7.54199663788e-06, 4.64882532469e-06, 7.06670698492e-06, 7.47557214709e-06, 4.84795191369e-06, 2.63886818175e-06, 2.12378154174e-06, 2.3427232918e-06, 1.75795207724e-06, 2.2247979814e-06, 1.92958009393e-06, 1.51777328483e-06, 1.32285776999e-06, 1.34041579258e-06, 5.79932532219e-07, 3.44620957549e-07],
        "dmean2": [0.000991137931123, 0.000664520717692, 0.000421513483161, 0.000374456809368, 0.000275481143035, 0.000403559941333, 0.000359958707122, 0.000226617834414, 0.000197542496608, 0.000244553870289, 0.00025806191843, 0.000157937014592, 9.96992675937e-05, 7.28978120605e-05, 5.94709599682e-05, 5.47156669199e-05, 5.20300964126e-05, 4.31577209383e-05, 4.58920621895e-05, 4.14489368268e-05, 4.11349865317e-05, 2.74068370345e-05, 2.03459330805e-05, 1.86202723853e-05, 1.19221058412e-05, 7.46251953387e-06, 1.12830439321e-05, 1.12826619443e-05, 7.51461220716e-06, 3.94456583308e-06, 3.08608082378e-06, 3.38560835189e-06, 2.60084061665e-06, 3.65441565009e-06, 2.96511211673e-06, 2.26616316468e-06, 1.91678032024e-06, 2.01094439944e-06, 8.4721557414e-07, 5.22948937487e-07],
        "dvar": [8.75777573128e-07, 4.81116217088e-07, 3.44857483014e-07, 2.41315973426e-07, 1.15704331449e-07, 2.96265966426e-07, 2.02508729785e-07, 8.74455352573e-08, 1.32334918135e-07, 1.98576259436e-07, 1.96052724277e-07, 8.43195238076e-08, 1.6117752466e-08, 9.97397897606e-09, 6.87336187966e-09, 6.49108411466e-09, 7.82153630752e-09, 4.20967571912e-09, 3.52809470527e-09, 3.53932860797e-09, 3.4788163461e-09, 1.54770796179e-09, 6.49555131904e-10, 6.17460194086e-10, 1.69326122568e-10, 6.4767642638e-11, 2.15882325905e-10, 2.6360524874e-10, 7.36120470135e-11, 2.26876642473e-11, 1.29271844965e-11, 1.46869894718e-11, 9.32913989116e-12, 2.1043153331e-11, 1.33100414371e-11, 8.12954131096e-12, 8.58952492466e-12, 6.27577026804e-12, 1.1139634137e-12, 5.0416626169e-13],
        "dvar2": [2.14259125642e-06, 1.31046726892e-06, 9.79080823527e-07, 6.61086687614e-07, 2.73195666978e-07, 8.06660352737e-07, 5.39159771051e-07, 2.25593211667e-07, 3.02484750137e-07, 4.39084232084e-07, 4.5947280114e-07, 1.98280758923e-07, 3.99514981098e-08, 2.39895303622e-08, 1.70450871195e-08, 1.57504995713e-08, 1.63788502761e-08, 9.36118027539e-09, 8.07940470082e-09, 8.40620639764e-09, 8.2445108518e-09, 3.57647111926e-09, 1.54547952214e-09, 1.48661094546e-09, 4.05252248425e-10, 1.60774879521e-10, 5.38707245479e-10, 5.95327953601e-10, 1.71716502129e-10, 4.61855900746e-11, 2.54229345908e-11, 2.83314899319e-11, 1.96503750771e-11, 5.56799398255e-11, 3.27469544537e-11, 1.87029749327e-11, 1.81448276543e-11, 1.43076731018e-11, 2.49423940703e-12, 1.21644675669e-12],
        "max": [0.0115805845708, 0.00922776386142, 0.00841194298118, 0.00738434586674, 0.0084139322862, 0.0118745397776, 0.00894526485354, 0.00486716488376, 0.00949320476502, 0.00954383797944, 0.0096388598904, 0.00769980670884, 0.00302270287648, 0.00197898200713, 0.00230054766871, 0.00168531970121, 0.00231812219135, 0.00149554247037, 0.00167549285106, 0.00115206954069, 0.00130820681807, 0.00124395580497, 0.000695578055456, 0.000666455249302, 0.000265220238362, 0.000140161020681, 0.000283548113657, 0.000452411593869, 0.000146817154018, 0.000124959726236, 5.41791159776e-05, 6.04417182331e-05, 4.56070702057e-05, 4.35066176578e-05, 4.95749300171e-05, 7.02526594978e-05, 9.3635491794e-05, 3.75692252419e-05, 1.98460875254e-05, 1.10091104943e-05],
        "mean": [0.00135229516309, 0.000836831401102, 0.000288413284579, 0.000254655227764, 0.000287855509669, 0.00037250018795, 0.000330180046149, 0.000198201552848, 0.000191576691577, 0.000254594080616, 0.000271370110568, 0.000169053586433, 9.77391755441e-05, 7.34499481041e-05, 5.56219929422e-05, 4.69542974315e-05, 5.11553625984e-05, 4.13840498368e-05, 4.3081723561e-05, 4.16307957494e-05, 3.99053533329e-05, 2.99403654935e-05, 2.26841621043e-05, 2.0399236746e-05, 1.41543778227e-05, 9.09336904442e-06, 1.29761219796e-05, 1.46042821143e-05, 9.2806203611e-06, 4.68973030365e-06, 3.46773344972e-06, 3.61926481673e-06, 2.77170374829e-06, 2.70430155069e-06, 2.7266385132e-06, 2.3932689146e-06, 2.15425689021e-06, 1.78408186002e-06, 8.51285619774e-07, 4.03045504527e-07],
        "median": [0.00107021175791, 0.000598840822931, 0.000139067633427, 0.000105480306956, 0.00012124607747, 0.000127217295812, 0.000108602267574, 6.89925218467e-05, 5.31807490916e-05, 5.83285691391e-05, 5.45637703908e-05, 5.39618376934e-05, 3.66476415365e-05, 2.55327558989e-05, 2.14300780499e-05, 1.60095169122e-05, 1.63232016348e-05, 1.53302735271e-05, 1.80614260898e-05, 1.37077986437e-05, 1.18025855045e-05, 9.08104902919e-06, 8.14942814031e-06, 7.8706889326e-06, 6.14985037828e-06, 3.95406777898e-06, 5.09801657245e-06, 5.00074747833e-06, 3.63880599252e-06, 1.95311463358e-06, 1.47638468206e-06, 1.39799510634e-06, 9.92547597889e-07, 9.20301147289e-07, 1.06077254713e-06, 9.25581389311e-07, 7.27582573745e-07, 5.42468967524e-07, 2.65465672555e-07, 8.82103137201e-08],
        "min": [5.94172794826e-24, 4.80567752573e-24, 6.25134717609e-24, 5.15026301319e-24, 5.56747892418e-24, 9.12567784681e-24, 4.10893230285e-24, 2.0508935976e-24, 4.26793944564e-24, 5.69345646087e-24, 2.35964192299e-24, 2.53436613324e-24, 4.73017525406e-24, 3.99512728435e-24, 3.21400116031e-24, 5.43659703925e-24, 3.33478838667e-24, 4.40435321767e-24, 5.48587008025e-24, 9.04012509278e-24, 8.95664704293e-24, 8.34861198985e-24, 5.70190161129e-24, 9.84953582458e-24, 6.64096163287e-24, 5.12438009246e-24, 6.67624028141e-24, 6.43052233678e-24, 7.45734826166e-24, 6.40790293361e-24, 4.99196821179e-24, 1.05336296907e-23, 7.43115176872e-24, 5.87392811447e-24, 8.10886532784e-24, 8.02618876066e-24, 8.13089584634e-24, 7.40405912979e-24, 7.69279168743e-24, 9.34663463092e-24],
        "var": [1.79099743036e-06, 8.45507145186e-07, 2.56284948819e-07, 2.11220353208e-07, 2.65731245008e-07, 5.17802675404e-07, 3.73554797761e-07, 1.39111349995e-07, 2.71406577212e-07, 4.95392839639e-07, 4.76603275956e-07, 1.79840597525e-07, 3.01814573334e-08, 2.27268728281e-08, 1.45880809654e-08, 1.03375530358e-08, 1.84292101579e-08, 7.92062770927e-09, 6.40354214099e-09, 6.56933574206e-09, 6.68458399744e-09, 3.91020638091e-09, 1.56660096007e-09, 1.1980816339e-09, 4.14350970201e-10, 1.61223451256e-10, 4.54864729216e-10, 6.60394516849e-10, 2.03928221532e-10, 5.39493241747e-11, 2.66367483626e-11, 2.93831313447e-11, 1.73010373389e-11, 2.09969611142e-11, 1.77223270781e-11, 1.56956739272e-11, 1.93805804738e-11, 8.97492063306e-12, 1.91407024779e-12, 5.79247804236e-13]
    },
    "mfcc": {
        "mean": [-633.196166992, 108.861923218, -3.64599442482, 19.1258525848, -1.374953866, 7.27045488358, -1.21742081642, 9.15425777435, 0.942934632301, 9.71627426147, -4.96078681946, 5.98422288895, 1.25388765335],
        "cov": [[3593.18847656, -682.225769043, -403.562927246, 46.1375694275, -6.04110622406, -232.655548096, 54.464515686, 30.3933753967, 48.9084854126, 47.0126647949, -24.2631034851, 34.0835609436, 28.9532318115], [-682.225769043, 909.680969238, -83.6600494385, 26.1376285553, -21.389667511, 30.6323318481, 39.6599769592, 0.0372182652354, -25.4563732147, 35.5977134705, 10.5239648819, 8.7513923645, 0.807849824429], [-403.562927246, -83.6600494385, 840.470275879, 23.7536907196, 100.045547485, 96.9079666138, -50.7460479736, -35.887348175, -22.4791259766, -63.1083335876, 35.1828651428, -0.402827143669, -2.38516116142], [46.1375694275, 26.1376285553, 23.7536907196, 276.559875488, 53.7568511963, -31.1019287109, -19.6545372009, -2.03569364548, -3.84941625595, -1.48232543468, -22.1350860596, 32.683555603, 18.4701023102], [-6.04110622406, -21.389667511, 100.045547485, 53.7568511963, 150.974884033, 25.8176212311, 0.622506201267, 8.38430500031, 24.923828125, -2.95180130005, 2.4744822979, 10.9621810913, 16.7991142273], [-232.655548096, 30.6323318481, 96.9079666138, -31.1019287109, 25.8176212311, 237.161132812, 81.2972412109, 0.945065975189, -2.5445523262, -10.5391778946, 28.1152305603, -24.4190044403, -11.1141281128], [54.464515686, 39.6599769592, -50.7460479736, -19.6545372009, 0.622506201267, 81.2972412109, 152.54498291, 30.2395458221, 7.0166387558, 19.5744743347, 16.8386497498, -8.42036914825, -2.91732001305], [30.3933753967, 0.0372182652354, -35.887348175, -2.03569364548, 8.38430500031, 0.945065975189, 30.2395458221, 116.539634705, 57.1239280701, 6.84777879715, -6.85443544388, -8.08148002625, -5.78665542603], [48.9084854126, -25.4563732147, -22.4791259766, -3.84941625595, 24.923828125, -2.5445523262, 7.0166387558, 57.1239280701, 117.294471741, 29.932636261, 1.89939701557, -8.17904758453, -3.79904389381], [47.0126647949, 35.5977134705, -63.1083335876, -1.48232543468, -2.95180130005, -10.5391778946, 19.5744743347, 6.84777879715, 29.932636261, 90.0813598633, 24.5459461212, 11.1781072617, 0.466570645571], [-24.2631034851, 10.5239648819, 35.1828651428, -22.1350860596, 2.4744822979, 28.1152305603, 16.8386497498, -6.85443544388, 1.89939701557, 24.5459461212, 83.1846618652, 21.322013855, 4.06287384033], [34.0835609436, 8.7513923645, -0.402827143669, 32.683555603, 10.9621810913, -24.4190044403, -8.42036914825, -8.08148002625, -8.17904758453, 11.1781072617, 21.322013855, 87.5142669678, 32.8001289368], [28.9532318115, 0.807849824429, -2.38516116142, 18.4701023102, 16.7991142273, -11.1141281128, -2.91732001305, -5.78665542603, -3.79904389381, 0.466570645571, 4.06287384033, 32.8001289368, 72.2621917725]],
