{
"lowlevel": {
    "average_loudness": 0.888432383537,
    "barkbands_crest": {
        "dmean": 2.89214515686,
        "dmean2": 4.68820714951,
        "dvar": 7.24683618546,
        "dvar2": 18.8946876526,
        "max": 26.3749923706,
        "mean": 12.8638629913,
        "median": 12.1610193253,
        "min": 2.51340842247,
        "var": 23.2099552155
    },
    "barkbands_flatness_db": {
        "dmean": 0.0216484945267,
        "dmean2": 0.033167861402,
        "dvar": 0.000432966771768,
        "dvar2": 0.00100078026298,
        "max": 0.583395898342,
        "mean": 0.17607717216,
        "median": 0.153894349933,
        "min": 0.0185413528234,
        "var": 0.00769792217761
    },
    "barkbands_kurtosis": {
        "dmean": 3.40190935135,
        "dmean2": 5.44909191132,
        "dvar": 105.190460205,
        "dvar2": 265.027496338,
        "max": 317.311431885,
        "mean": 4.787088871,
        "median": 1.05478787422,
        "min": -1.96434628963,
        "var": 254.435974121
    },
    "barkbands_skewness": {
        "dmean": 0.589518368244,
        "dmean2": 0.902099072933,
        "dvar": 0.47794392705,
        "dvar2": 1.09864854813,
        "max": 14.7483787537,
        "mean": 1.12332141399,
        "median": 0.90052741766,
        "min": -7.92991304398,
        "var": 2.63893890381
    },
    "barkbands_spread": {
        "dmean": 5.17593383789,
        "dmean2": 7.97483205795,
        "dvar": 69.377494812,
        "dvar2": 147.49319458,
        "max": 135.726852417,
        "mean": 21.2542228699,
        "median": 19.5278644562,
        "min": 0.244341507554,
        "var": 272.135467529
    },
    "dissonance": {
        "dmean": 0.0280960835516,
        "dmean2": 0.0478441156447,
        "dvar": 0.000853531819303,
        "dvar2": 0.00236712652259,
        "max": 0.499999970198,
        "mean": 0.443057596684,
        "median": 0.459943622351,
        "min": 0.156633108854,
        "var": 0.00272244866937
    },
    "dynamic_complexity": 4.21243476868,
    "erbbands_crest": {
        "dmean": 3.12420773506,
        "dmean2": 4.94814682007,
        "dvar": 8.69378185272,
        "dvar2": 20.8920402527,
        "max": 34.3465042114,
        "mean": 13.4019165039,
        "median": 12.5252952576,
        "min": 2.00300860405,
        "var": 40.5166015625
    },
    "erbbands_flatness_db": {
        "dmean": 0.0182022172958,
        "dmean2": 0.0262774303555,
        "dvar": 0.000316856516292,
        "dvar2": 0.00061128573725,
        "max": 0.557103574276,
        "mean": 0.198989093304,
        "median": 0.182750344276,
        "min": 0.0260066967458,
        "var": 0.00716404616833
    },
    "erbbands_kurtosis": {
        "dmean": 1.66737544537,
        "dmean2": 2.57656526566,
        "dvar": 7.51749372482,
        "dvar2": 17.112411499,
        "max": 94.0858688354,
        "mean": 2.98790073395,
        "median": 1.4245300293,
        "min": -1.82343757153,
        "var": 36.7563362122
    },
    "erbbands_skewness": {
        "dmean": 0.4019331038,
        "dmean2": 0.605003774166,
        "dvar": 0.175071939826,
        "dvar2": 0.368962675333,
        "max": 7.12563419342,
        "mean": 0.351831793785,
        "median": 0.31960606575,
        "min": -6.33042764664,
        "var": 1.13790500164
    },
    "erbbands_spread": {
        "dmean": 6.06871080399,
        "dmean2": 9.20731163025,
        "dvar": 76.4845581055,
        "dvar2": 169.566329956,
        "max": 136.193939209,
        "mean": 24.4159317017,
        "median": 19.6221961975,
        "min": 0.284702003002,
        "var": 333.332702637
    },
    "hfc": {
        "dmean": 8.74869728088,
        "dmean2": 12.5572557449,
        "dvar": 285.211029053,
        "dvar2": 502.579040527,
        "max": 425.910705566,
        "mean": 32.8197593689,
        "median": 28.2101097107,
        "min": 1.09477115843e-16,
        "var": 1204.13269043
    },
    "melbands_crest": {
        "dmean": 3.27042675018,
        "dmean2": 5.29381608963,
        "dvar": 9.42614746094,
        "dvar2": 24.6915435791,
        "max": 38.4264259338,
        "mean": 16.6199417114,
        "median": 15.9231348038,
        "min": 1.61147260666,
        "var": 38.5254402161
    },
    "melbands_flatness_db": {
        "dmean": 0.0252822861075,
        "dmean2": 0.0385683774948,
        "dvar": 0.000645393738523,
        "dvar2": 0.0014948170865,
        "max": 0.744518220425,
        "mean": 0.245549365878,
        "median": 0.224708050489,
        "min": 0.0031836326234,
        "var": 0.0108117619529
    },
    "melbands_kurtosis": {
        "dmean": 6.76030158997,
        "dmean2": 11.0490140915,
        "dvar": 334.992797852,
        "dvar2": 900.621948242,
        "max": 592.991027832,
        "mean": 10.8889122009,
        "median": 3.3825366497,
        "min": -1.91256797314,
        "var": 729.225952148
    },
    "melbands_skewness": {
        "dmean": 0.741077542305,
        "dmean2": 1.16194558144,
        "dvar": 0.780324995518,
        "dvar2": 1.93911230564,
        "max": 20.4918842316,
        "mean": 2.02096223831,
        "median": 1.63974535465,
        "min": -5.93519639969,
        "var": 3.94725632668
    },
    "melbands_spread": {
        "dmean": 7.09039640427,
        "dmean2": 10.9461784363,
        "dvar": 159.979354858,
        "dvar2": 313.756591797,
        "max": 290.483612061,
        "mean": 26.4592666626,
        "median": 20.789516449,
        "min": 0.304254084826,
        "var": 705.338378906
    },
    "pitch_salience": {
        "dmean": 0.0684192180634,
        "dmean2": 0.110181897879,
        "dvar": 0.00467809429392,
        "dvar2": 0.0117560848594,
        "max": 0.97422349453,
        "mean": 0.474261045456,
        "median": 0.468553543091,
        "min": 0.0346086658537,
        "var": 0.0189873427153
    },
    "silence_rate_20dB": {
        "dmean": 0,
        "dmean2": 0,
        "dvar": 0,
        "dvar2": 0,
        "max": 1,
        "mean": 1,
        "median": 1,
        "min": 1,
        "var": 0
    },
    "silence_rate_30dB": {
        "dmean": 0.0140962852165,
        "dmean2": 0.0281959380955,
        "dvar": 0.0138973603025,
        "dvar2": 0.034090436995,
        "max": 1,
        "mean": 0.987099885941,
        "median": 1,
        "min": 0,
        "var": 0.012734551914
    },
    "silence_rate_60dB": {
        "dmean": 0.00812328234315,
        "dmean2": 0.0162485074252,
        "dvar": 0.00805646646768,
        "dvar2": 0.0198085922748,
        "max": 1,
        "mean": 0.0897037759423,
        "median": 0,
        "min": 0,
        "var": 0.0816653445363
    },
    "spectral_centroid": {
        "dmean": 199.399093628,
        "dmean2": 288.608337402,
        "dvar": 115763.453125,
        "dvar2": 197265.53125,
        "max": 11875.0585938,
        "mean": 1442.48425293,
        "median": 1304.94189453,
        "min": 123.759140015,
        "var": 1365013.25
    },
    "spectral_complexity": {
        "dmean": 2.49121975899,
        "dmean2": 3.98255681992,
        "dvar": 8.09036922455,
        "dvar2": 18.3042259216,
        "max": 58,
        "mean": 17.8511714935,
        "median": 18,
        "min": 0,
        "var": 93.2069778442
    },
    "spectral_decrease": {
        "dmean": 2.6882829296e-09,
        "dmean2": 4.32312008414e-09,
        "dvar": 1.21528134825e-17,
        "dvar2": 3.19228089713e-17,
        "max": 2.27223129201e-10,
        "mean": -1.01207922043e-08,
        "median": -1.0173781817e-08,
        "min": -5.09519253455e-08,
        "var": 4.9787114332e-17
    },
    "spectral_energy": {
        "dmean": 0.0105224186555,
        "dmean2": 0.0168508123606,
        "dvar": 0.00017462031974,
        "dvar2": 0.000457866874058,
        "max": 0.19395339489,
        "mean": 0.0411750674248,
        "median": 0.0420521497726,
        "min": 1.00235040521e-20,
        "var": 0.000757313915528
    },
    "spectral_energyband_high": {
        "dmean": 0.000524391361978,
        "dmean2": 0.000733246502932,
        "dvar": 3.1647666674e-06,
        "dvar2": 5.30676743438e-06,
        "max": 0.0475185513496,
        "mean": 0.00116453191731,
        "median": 0.000329487898853,
        "min": 6.70080596536e-21,
        "var": 1.20213226182e-05
    },
    "spectral_energyband_low": {
        "dmean": 0.00847900565714,
        "dmean2": 0.0140776857734,
        "dvar": 0.000194489926798,
        "dvar2": 0.000515902822372,
        "max": 0.184621289372,
        "mean": 0.0194440949708,
        "median": 0.0110400877893,
        "min": 1.81956352924e-23,
        "var": 0.000548652373254
    },
    "spectral_energyband_middle_high": {
        "dmean": 0.00369270355441,
        "dmean2": 0.00546153215691,
        "dvar": 2.52905774687e-05,
        "dvar2": 5.3938387282e-05,
        "max": 0.0882237926126,
        "mean": 0.0132010290399,
        "median": 0.00824101734906,
        "min": 1.12969233615e-21,
        "var": 0.000178713991772
    },
    "spectral_energyband_middle_low": {
        "dmean": 0.00313099543564,
        "dmean2": 0.00494789425284,
        "dvar": 2.93966204481e-05,
        "dvar2": 7.3652525316e-05,
        "max": 0.0735202208161,
        "mean": 0.00817808508873,
        "median": 0.0061710793525,
        "min": 1.0352845806e-22,
        "var": 5.84137051192e-05
    },
    "spectral_entropy": {
        "dmean": 0.154193088412,
        "dmean2": 0.219808235765,
        "dvar": 0.0332809612155,
        "dvar2": 0.0584010742605,
        "max": 9.82069396973,
        "mean": 7.23195409775,
        "median": 7.40007305145,
        "min": 4.34796380997,
        "var": 0.688046813011
    },
    "spectral_flux": {
        "dmean": 0.0266041085124,
        "dmean2": 0.042505223304,
        "dvar": 0.000805577321444,
        "dvar2": 0.00196130550466,
        "max": 0.34014031291,
        "mean": 0.0896669179201,
        "median": 0.0863067060709,
        "min": 6.41724867689e-11,
        "var": 0.00294704083353
    },
    "spectral_kurtosis": {
        "dmean": 3.79295754433,
        "dmean2": 6.29253387451,
        "dvar": 117.749771118,
        "dvar2": 348.160980225,
        "max": 399.702392578,
        "mean": 14.0440807343,
        "median": 5.55244207382,
        "min": -1.3614397049,
        "var": 1147.3494873
    },
    "spectral_rms": {
        "dmean": 0.000753229833208,
        "dmean2": 0.00118801079225,
        "dvar": 6.68203995247e-07,
        "dvar2": 1.69458928667e-06,
        "max": 0.0137558281422,
        "mean": 0.00581819470972,
        "median": 0.00640519242734,
        "min": 3.12714372626e-12,
        "var": 6.31951252217e-06
    },
    "spectral_rolloff": {
        "dmean": 427.293060303,
        "dmean2": 718.545410156,
        "dvar": 1427149.5,
        "dvar2": 2916569.5,
        "max": 19595.2148438,
        "mean": 1662.85510254,
        "median": 1162.79296875,
        "min": 43.06640625,
        "var": 6342486
    },
    "spectral_skewness": {
        "dmean": 0.307687342167,
        "dmean2": 0.49276137352,
        "dvar": 0.262512713671,
        "dvar2": 0.737111985683,
        "max": 15.8846149445,
        "mean": 2.31026339531,
        "median": 1.84150803089,
        "min": -0.530565679073,
        "var": 3.23205399513
    },
    "spectral_spread": {
        "dmean": 552104.5625,
        "dmean2": 771672.6875,
        "dvar": 1.16234728243e+12,
        "dvar2": 1.98461908582e+12,
        "max": 42544672,
        "mean": 4620263,
        "median": 3992037.5,
        "min": 221973.359375,
        "var": 1.6395326718e+13
    },
    "spectral_strongpeak": {
        "dmean": 0.910227715969,
        "dmean2": 1.57466042042,
        "dvar": 2.9765059948,
        "dvar2": 7.46903705597,
        "max": 17.1634483337,
        "mean": 1.76885485649,
        "median": 0.56907582283,
        "min": 0,
        "var": 6.04188394547
    },
    "zerocrossingrate": {
        "dmean": 0.0100222192705,
        "dmean2": 0.0113646443933,
        "dvar": 0.000423890422098,
        "dvar2": 0.000401258294005,
        "max": 0.78271484375,
        "mean": 0.0603103153408,
        "median": 0.0458984375,
        "min": 0.001953125,
        "var": 0.00477382075042
    },
    "barkbands": {
        "dmean": [0.000384562416002, 0.00800532381982, 0.00142338941805, 0.000707766332198, 0.00081865536049, 0.000711870961823, 0.000868012371939, 0.000604713452049, 0.000594065699261, 0.00128009414766, 0.00130958401132, 0.00111455295701, 0.000804079230875, 0.000565719557926, 0.000606004614383, 0.000251071935054, 0.000276123377262, 0.000288596522296, 0.000196528839297, 0.00011831853044, 5.23586750205e-05, 8.49666830618e-05, 0.000128632542328, 0.00011756567983, 0.000117789277283, 7.71312843426e-05, 9.43851591728e-06],
        "dmean2": [0.000607461377513, 0.0132189597934, 0.00250511732884, 0.00123958487529, 0.00135624641553, 0.00113371410407, 0.00136954535265, 0.000924339517951, 0.000948148488533, 0.00188274891116, 0.001947996323, 0.00171049288474, 0.00121957738884, 0.000886063149665, 0.000949546869379, 0.000393229507608, 0.000432922824984, 0.000441456562839, 0.000307923561195, 0.000182310104719, 8.60756554175e-05, 0.000131085529574, 0.000193540836335, 0.000164984347066, 0.000166366080521, 0.000107204483356, 1.30610651468e-05],
        "dvar": [1.81774828434e-06, 0.000187479352462, 1.83905467566e-05, 5.17084390594e-06, 3.53759014615e-06, 2.55801887761e-06, 4.58011209048e-06, 3.44721001966e-06, 3.29190925186e-06, 9.58051987254e-06, 1.01962232293e-05, 7.16476642992e-06, 5.09419942318e-06, 2.16887201532e-06, 2.4901762572e-06, 9.44639339195e-07, 8.74721763466e-07, 6.12768587871e-07, 1.87756441505e-07, 8.88489566364e-08, 2.30853807182e-08, 1.21411389387e-07, 2.385947937e-07, 3.59393169447e-07, 2.46168639251e-07, 1.25755775571e-07, 3.35877858859e-09],
        "dvar2": [5.41404506293e-06, 0.000494298583362, 5.12140031788e-05, 1.46192851389e-05, 9.32740113058e-06, 5.7912407101e-06, 1.01297864603e-05, 7.27749511498e-06, 7.45949682823e-06, 1.9478620743e-05, 2.10169691854e-05, 1.70319963217e-05, 1.10304054033e-05, 5.09332039655e-06, 5.58201099921e-06, 2.05177843782e-06, 2.09186919164e-06, 1.28226156448e-06, 4.13712712088e-07, 1.84170900752e-07, 5.74623335581e-08, 2.41088770281e-07, 4.75779927456e-07, 6.12207998074e-07, 4.19841057919e-07, 2.15299508e-07, 5.5237632246e-09],
        "max": [0.0460573546588, 0.181087702513, 0.0781047642231, 0.0419057607651, 0.0406819805503, 0.0379026718438, 0.046085499227, 0.0677388831973, 0.0531999692321, 0.0690848603845, 0.0837857425213, 0.0449029132724, 0.0501895733178, 0.0313405022025, 0.0416278019547, 0.0366170741618, 0.0272525735199, 0.0235496591777, 0.0125317629427, 0.0130230402574, 0.00422263890505, 0.0188775379211, 0.0161305014044, 0.0249675549567, 0.0169506855309, 0.012218545191, 0.00403358275071],
        "mean": [0.000670933339279, 0.0166389402002, 0.00172553141601, 0.000828652409837, 0.00148952950258, 0.0014183257008, 0.00155077897944, 0.00120506715029, 0.000894641911145, 0.00247027352452, 0.00302929640748, 0.00230688881129, 0.00175852165557, 0.00107259722427, 0.00104837829713, 0.000386422267184, 0.000468042766443, 0.000537004205398, 0.000352762726834, 0.000256622530287, 0.000105241088022, 0.000163519347552, 0.000238074237132, 0.000224089497351, 0.000201420582016, 0.000118921459944, 1.45907333717e-05],
        "median": [4.65398406959e-05, 0.0079771373421, 0.000583957415074, 0.000252318364801, 0.000735952402465, 0.000696688948665, 0.000665752741043, 0.000396799470764, 0.000324584281771, 0.000716266105883, 0.000384493439924, 0.000367893255316, 0.000242365000304, 0.0002119653509, 0.000309160677716, 0.00013226630108, 0.000132835513796, 0.000189121550648, 0.000151306128828, 9.17848374229e-05, 3.80379351554e-05, 4.51145970146e-05, 5.35399813089e-05, 2.80201493297e-05, 2.4110870072e-05, 9.11447750696e-06, 6.17263253844e-07],
        "min": [5.41721975579e-25, 4.2114514828e-24, 1.92516731311e-24, 1.19586402572e-24, 6.15264450519e-24, 7.13387900291e-24, 1.30218673797e-23, 6.83335297474e-24, 1.78126338566e-23, 7.77822532346e-24, 2.41333187508e-23, 2.75150139902e-23, 2.16395937454e-23, 3.04898841945e-23, 2.75668989497e-23, 4.60892362529e-23, 6.46690562725e-23, 8.38775921227e-23, 1.133383978e-22, 1.44605751748e-22, 2.54194308701e-22, 3.46129168338e-22, 3.90627966342e-22, 6.3259263385e-22, 8.77835428627e-22, 1.40900210806e-21, 2.0187007615e-21],
        "var": [3.62355967809e-06, 0.000459742353996, 1.53269829752e-05, 3.98440624849e-06, 6.17892374066e-06, 5.82223765377e-06, 8.73960016179e-06, 7.31254840503e-06, 5.79818060942e-06, 2.95324352919e-05, 5.69980620639e-05, 2.67535269813e-05, 2.0945119104e-05, 6.45007594358e-06, 5.23294011145e-06, 1.54327278779e-06, 1.5567511582e-06, 1.62852973062e-06, 3.74172088868e-07, 3.40717804193e-07, 5.09158191164e-08, 4.33399492294e-07, 7.02032252775e-07, 1.32499440042e-06, 7.47110846078e-07, 3.515696676e-07, 9.0374108197e-09]
    },
    "erbbands": {
        "dmean": [0.262679129839, 1.77713274956, 1.90017187595, 1.93358957767, 2.38284850121, 2.83603858948, 4.71096801758, 6.02352762222, 12.1124658585, 11.6613712311, 12.3246841431, 12.7789020538, 29.0139160156, 48.2452583313, 45.1833190918, 51.3678665161, 39.8151664734, 32.7725601196, 29.9445438385, 18.2463665009, 15.4597253799, 11.2573537827, 13.2351541519, 15.0200548172, 7.06929349899, 5.82627534866, 2.48278808594, 2.12195277214, 2.74995446205, 3.64239621162, 3.77343463898, 2.9508087635, 1.835460186, 1.33967483044, 0.875305950642, 0.45664024353, 0.115636818111, 0.018279466778, 0.00176932709292, 5.96409699938e-05],
        "dmean2": [0.419232040644, 2.9561753273, 3.2396709919, 3.35738873482, 4.10070037842, 4.67828845978, 7.76603889465, 9.42006778717, 18.8920555115, 17.8033275604, 18.8004398346, 19.9194793701, 43.2392044067, 70.3804779053, 68.4689102173, 79.0056152344, 59.8403282166, 50.8522109985, 45.6592674255, 28.102432251, 23.1283893585, 17.1926651001, 20.186384201, 23.0054588318, 11.0212888718, 8.81584072113, 3.96997737885, 3.47381782532, 4.26894664764, 5.45978069305, 5.67902088165, 4.30166387558, 2.6549539566, 1.91020512581, 1.21463406086, 0.659816086292, 0.157798469067, 0.0245552416891, 0.0024191653356, 8.35277605802e-05],
        "dvar": [0.239204153419, 9.40772438049, 20.928899765, 38.9872970581, 45.6709022522, 45.6993980408, 133.060089111, 235.08883667, 996.375427246, 760.183166504, 1952.16333008, 1648.26525879, 6391.61767578, 12982.6103516, 15948.3076172, 15732.9882812, 11415.2285156, 5898.43847656, 6167.88720703, 3705.54638672, 3173.36254883, 1476.49035645, 1799.3927002, 1139.76086426, 217.657775879, 293.933197021, 40.9624977112, 50.2034263611, 137.581741333, 218.040115356, 230.831329346, 232.015213013, 83.8206634521, 29.7987518311, 17.006023407, 4.26988220215, 0.351352065802, 0.0130453631282, 8.66533155204e-05, 6.70170194894e-08],
        "dvar2": [0.591046273708, 25.2219028473, 57.2331809998, 108.227401733, 128.126785278, 119.079421997, 348.503814697, 499.327026367, 2285.85888672, 1645.03564453, 4153.77050781, 3552.95507812, 13551.8085938, 24956.1464844, 36088.640625, 38188.4335938, 24398.7128906, 13973.3164062, 13529.3535156, 8511.69628906, 6372.171875, 3516.67138672, 3651.9128418, 2502.29125977, 498.961700439, 584.025817871, 101.780075073, 122.554595947, 288.025939941, 424.243682861, 484.474029541, 417.966918945, 164.05229187, 56.7992744446, 28.3207969666, 8.0550327301, 0.566288888454, 0.0182610116899, 0.000142695775139, 1.12675330399e-07],
        "max": [8.07198047638, 43.9061470032, 75.2089080811, 122.416107178, 103.535972595, 173.119171143, 283.126983643, 485.458312988, 766.204589844, 782.75579834, 1825.3314209, 1287.61047363, 2347.15161133, 3053.58203125, 3950.78564453, 2299.76953125, 2476.97875977, 1829.359375, 2540.07543945, 1994.85998535, 2431.47631836, 1353.10534668, 1362.6171875, 849.15020752, 446.752044678, 889.502441406, 151.083526611, 212.711425781, 599.531555176, 817.407958984, 462.51574707, 608.662231445, 376.863433838, 159.645095825, 163.403259277, 69.9085540771, 29.1558189392, 9.47049999237, 0.539729714394, 0.0133715290576],
        "mean": [0.518385112286, 3.46410703659, 3.19755887985, 2.37487411499, 3.46277666092, 5.04292964935, 8.56836891174, 11.9536981583, 22.7317447662, 23.3565940857, 23.7780189514, 21.4848861694, 51.9441452026, 106.056877136, 115.815879822, 114.182434082, 91.5914535522, 68.2409286499, 56.3303222656, 31.7093772888, 27.3297901154, 21.9573612213, 25.9378223419, 28.0078430176, 14.9055776596, 12.6654644012, 5.31196212769, 4.05546569824, 5.29879665375, 6.970911026, 6.75338840485, 5.41671895981, 3.29179143906, 2.29105043411, 1.41251027584, 0.672551512718, 0.184394657612, 0.0307661034167, 0.00272361654788, 0.000128021041746],
        "median": [0.173190593719, 1.56559181213, 1.40028476715, 0.920416295528, 1.39602530003, 2.26239275932, 4.16068410873, 5.23210000992, 9.3684425354, 10.3196334839, 9.45354175568, 9.03977870941, 18.1747207642, 28.5596542358, 19.672876358, 23.6924629211, 18.9636383057, 19.7296638489, 19.9472160339, 14.4100637436, 9.64940452576, 7.14859724045, 9.97211837769, 12.1052455902, 6.5204615593, 4.48628807068, 2.27008390427, 1.39668655396, 1.49256396294, 1.83985006809, 1.48802554607, 0.716995477676, 0.41468757391, 0.316929012537, 0.129274994135, 0.0531166382134, 0.013900609687, 0.0018828085158, 0.000135517126182, 6.27307526884e-05],
        "min": [1.0036768805e-22, 1.19049657353e-21, 2.45863402379e-21, 4.88579196735e-21, 9.74925086595e-21, 1.81901039512e-20, 3.07806087458e-20, 7.48593930717e-20, 1.54274922807e-19, 1.7248689373e-19, 2.79490422008e-19, 3.86339642327e-19, 4.46077566341e-19, 4.75941267996e-19, 7.97808514676e-19, 1.35746501016e-18, 1.60541353614e-18, 1.94579639365e-18, 3.17016473453e-18, 2.94421063083e-18, 4.0197739358e-18, 4.85210953793e-18, 4.24427985303e-18, 6.05258352604e-18, 7.92225696946e-18, 8.3657490277e-18, 7.52156323611e-18, 1.06426488634e-17, 1.13836380833e-17, 9.96013138659e-18, 1.26448842038e-17, 1.06903895924e-17, 1.08579548778e-17, 8.2270085051e-18, 7.10161439247e-18, 4.45006501864e-18, 2.52054112879e-18, 1.00157303315e-18, 2.33813456884e-19, 2.71092677634e-20],
        "var": [0.663417756557, 20.6587657928, 26.2784824371, 29.927028656, 44.1772766113, 94.4195404053, 230.363861084, 551.484619141, 1802.92895508, 1650.51757812, 3760.04614258, 3286.84375, 14803.0947266, 52937.4296875, 104187.164062, 59780.890625, 46343.3554688, 18225.6933594, 14890.4638672, 5364.73242188, 6233.46679688, 3014.11303711, 4817.47900391, 2429.08789062, 574.057128906, 1097.29870605, 89.3066864014, 121.138931274, 442.472259521, 690.129943848, 611.604736328, 783.074401855, 256.802734375, 88.525642395, 47.4764900208, 10.3483924866, 1.06692159176, 0.0468653663993, 0.000249830191024, 2.05333265058e-07]
    },
    "gfcc": {
        "mean": [-30.0361061096, 96.0718994141, -117.08757019, 11.1222143173, -47.104473114, 23.0964031219, -28.560295105, 13.3544836044, -18.5171127319, 4.95603275299, -4.02868652344, 4.85659694672, -10.7980356216],
        "cov": [[33278.7695312, -2773.66308594, -2640.22094727, 2097.734375, -716.792053223, 1617.00878906, -313.283996582, 1110.0423584, -481.731750488, 703.900695801, -170.639694214, 698.534606934, -321.876678467], [-2773.66308594, 3017.43115234, -25.9889030457, -548.429077148, 297.512084961, -399.476348877, 146.067810059, -335.35256958, 46.3191719055, -254.472763062, 116.072135925, -239.793319702, 125.554504395], [-2640.22094727, -25.9889030457, 1683.16577148, 367.833404541, 135.930145264, -6.14728832245, -26.652305603, -21.4152908325, 3.7433552742, -17.060956955, -122.340156555, -3.3168566227, 51.5308609009], [2097.734375, -548.429077148, 367.833404541, 1048.15551758, 213.883377075, 232.975006104, 45.542049408, 179.415740967, -15.6056747437, 104.096061707, -64.4156951904, 99.5319824219, 29.1473903656], [-716.792053223, 297.512084961, 135.930145264, 213.883377075, 441.559112549, 83.5986099243, 158.755752563, 37.6702613831, 57.2907104492, 18.2936019897, 34.3917160034, 14.4060564041, 33.2243270874], [1617.00878906, -399.476348877, -6.14728832245, 232.975006104, 83.5986099243, 381.711730957, 120.53237915, 87.0326919556, -12.476392746, 93.4942703247, 10.6942615509, 82.261390686, -16.5422935486], [-313.283996582, 146.067810059, -26.652305603, 45.542049408, 158.755752563, 120.53237915, 286.683410645, 47.9370193481, 30.5475254059, 38.7061882019, 55.6320648193, 23.2567749023, 18.1923751831], [1110.0423584, -335.35256958, -21.4152908325, 179.415740967, 37.6702613831, 87.0326919556, 47.9370193481, 251.597000122, 87.3487854004, 81.3157043457, 14.7435646057, 72.3047790527, -0.889524519444], [-481.731750488, 46.3191719055, 3.7433552742, -15.6056747437, 57.2907104492, -12.476392746, 30.5475254059, 87.3487854004, 191.713134766, 47.0648193359, 33.9076347351, 23.8638687134, 27.7026443481], [703.900695801, -254.472763062, -17.060956955, 104.096061707, 18.2936019897, 93.4942703247, 38.7061882019, 81.3157043457, 47.0648193359, 163.585998535, 42.4276351929, 53.8904953003, -8.84143352509], [-170.639694214, 116.072135925, -122.340156555, -64.4156951904, 34.3917160034, 10.6942615509, 55.6320648193, 14.7435646057, 33.9076347351, 42.4276351929, 145.703491211, 31.2764701843, 9.07030200958], [698.534606934, -239.793319702, -3.3168566227, 99.5319824219, 14.4060564041, 82.261390686, 23.2567749023, 72.3047790527, 23.8638687134, 53.8904953003, 31.2764701843, 129.358093262, 18.1932315826], [-321.876678467, 125.554504395, 51.5308609009, 29.1473903656, 33.2243270874, -16.5422935486, 18.1923751831, -0.889524519444, 27.7026443481, -8.84143352509, 9.07030200958, 18.1932315826, 93.6421127319]],
        "icov": [[0.000109862754471, -0.000149833242176, 0.00019894556317, -0.000189692727872, 0.000249241915299, -0.000395545095671, 0.000304742425214, -0.000448693579528, 0.000378274475224, -0.000269014242804, 0.000284105975879, -0.000356202188414, 0.000210699494346], [-0.000149833242176, 0.000893670949154, -0.000264975591563, 0.000401008321205, -0.000803104660008, 0.000946378160734, -0.000753653235734, 0.00112884328701, -0.000723856559489, 0.000906653294805, -0.000946472107898, 0.00125884439331, -0.000936140888371], [0.00019894556317, -0.000264975591563, 0.00107183703221, -0.000579749583267, 0.000283505010884, -0.000595220655669, 0.000585724017583, -0.00055047951173, 0.000542108551599, -0.000542399357073, 0.00106930837501, -0.000692692236044, 0.000124402286019], [-0.000189692727872, 0.000401008321205, -0.000579749583267, 0.0020085577853, -0.00132145022508, 0.000234983046539, -0.000134297821205, -0.000146349018905, 0.000198954163352, -8.49331190693e-05, 0.000177649373654, 0.00042537425179, -0.00112752232235], [0.000249241915299, -0.000803104660008, 0.000283505010884, -0.00132145022508, 0.00434489408508, -0.0013246324379, -0.000763293239288, -0.00088570342632, -0.000130591753987, -0.000279169616988, 0.000288200943032, -0.000847871997394, 0.000702212855686], [-0.000395545095671, 0.000946378160734, -0.000595220655669, 0.000234983046539, -0.0013246324379, 0.00598024809733, -0.00287320930511, 0.0017933951458, -0.000602646323387, -0.00014738884056, -0.000612656294834, -0.000122893819935, -2.48638589255e-05], [0.000304742425214, -0.000753653235734, 0.000585724017583, -0.000134297821205, -0.000763293239288, -0.00287320930511, 0.00640399707481, -0.00223584566265, 0.00138631032314, -0.00114082091022, -0.000291598815238, -0.000610327057075, -9.56723451964e-05], [-0.000448693579528, 0.00112884328701, -0.00055047951173, -0.000146349018905, -0.00088570342632, 0.0017933951458, -0.00223584566265, 0.00904194824398, -0.0047169146128, 0.000495943357237, -0.000942216196563, -0.000190516730072, 1.44947207446e-05], [0.000378274475224, -0.000723856559489, 0.000542108551599, 0.000198954163352, -0.000130591753987, -0.000602646323387, 0.00138631032314, -0.0047169146128, 0.00922184158117, -0.00294612953439, 0.00063248584047, -0.00118237873539, -0.00130157801323], [-0.000269014242804, 0.000906653294805, -0.000542399357073, -8.49331190693e-05, -0.000279169616988, -0.00014738884056, -0.00114082091022, 0.000495943357237, -0.00294612953439, 0.0105721671134, -0.00353206787258, 0.000136510672746, 0.000669320521411], [0.000284105975879, -0.000946472107898, 0.00106930837501, 0.000177649373654, 0.000288200943032, -0.000612656294834, -0.000291598815238, -0.000942216196563, 0.00063248584047, -0.00353206787258, 0.0107680456713, -0.00379631551914, 0.000613025622442], [-0.000356202188414, 0.00125884439331, -0.000692692236044, 0.00042537425179, -0.000847871997394, -0.000122893819935, -0.000610327057075, -0.000190516730072, -0.00118237873539, 0.000136510672746, -0.00379631551914, 0.0137009499595, -0.00419905409217], [0.000210699494346, -0.000936140888371, 0.000124402286019, -0.00112752232235, 0.000702212855686, -2.48638589255e-05, -9.56723451964e-05, 1.44947207446e-05, -0.00130157801323, 0.000669320521411, 0.000613025622442, -0.00419905409217, 0.0139107303694]]
    },
    "melbands": {
        "dmean": [0.0023088734597, 0.00135887973011, 0.00034275429789, 0.000177681082278, 0.000152850014274, 0.000138723669806, 0.000186652076081, 0.000127910359879, 9.91722263279e-05, 8.85744084371e-05, 0.000149327723193, 0.000195041386178, 0.000147373546497, 0.000134812420583, 0.000113936839625, 8.11914433143e-05, 6.64205144858e-05, 4.80432026961e-05, 4.00117351091e-05, 1.95269713004e-05, 2.04038151423e-05, 1.41829696076e-05, 1.42424532896e-05, 1.12403840831e-05, 1.37301321956e-05, 5.66190965401e-06, 4.91708351547e-06, 3.96781024392e-06, 1.81969551249e-06, 1.35060031425e-06, 1.41928398989e-06, 1.59247724696e-06, 1.96324958779e-06, 2.22883204515e-06, 2.27483997151e-06, 2.33501259572e-06, 1.71380156644e-06, 1.30884257032e-06, 1.31581725782e-06, 1.12607210667e-06],
        "dmean2": [0.00376866315491, 0.00227730954066, 0.000593705044594, 0.000298092141747, 0.000251090619713, 0.00021755839407, 0.000291218428174, 0.000193498111912, 0.000151558153448, 0.000139165887958, 0.000222540649702, 0.000286421389319, 0.000220542671741, 0.000206223427085, 0.000170242637978, 0.000122092053061, 0.000103483296698, 7.25402496755e-05, 6.25031025265e-05, 3.05266112264e-05, 3.1023297197e-05, 2.22342132474e-05, 2.17979013541e-05, 1.7424195903e-05, 2.11396927625e-05, 8.92598200153e-06, 7.68143763707e-06, 6.02305590292e-06, 2.91615469905e-06, 2.2274798539e-06, 2.34944877775e-06, 2.51258506978e-06, 3.00784654428e-06, 3.36354241881e-06, 3.49288529833e-06, 3.57747285307e-06, 2.47254047281e-06, 1.94679955712e-06, 1.92400352717e-06, 1.64002165093e-06],
        "dvar": [1.63312888617e-05, 6.17639807388e-06, 1.16707474263e-06, 1.86336876595e-07, 1.29168299168e-07, 1.11773765354e-07, 2.15839051521e-07, 9.33369932454e-08, 1.23613034475e-07, 8.15136971255e-08, 1.67145714158e-07, 2.25493636208e-07, 1.48267844224e-07, 9.0487034754e-08, 6.96185011861e-08, 5.58136186157e-08, 2.89923143271e-08, 1.63837352574e-08, 1.19291199141e-08, 5.13205833386e-09, 5.37954170099e-09, 3.02870528657e-09, 2.64662136651e-09, 6.80243195106e-10, 1.02250319323e-09, 1.87213383684e-10, 1.32197183755e-10, 1.39540837218e-10, 2.31727224215e-11, 1.58108092591e-11, 2.24199755983e-11, 3.94031890449e-11, 8.54566487019e-11, 7.69017835522e-11, 8.24317142323e-11, 1.19837681445e-10, 8.88763923568e-11, 4.75507550002e-11, 3.43165461325e-11, 2.13758212519e-11],
        "dvar2": [4.26286860602e-05, 1.62853320944e-05, 3.23836638927e-06, 5.02951024828e-07, 3.32300174932e-07, 2.40019289777e-07, 4.86488204388e-07, 1.99117636157e-07, 2.68163489636e-07, 1.77969766924e-07, 3.54024393801e-07, 4.35396145804e-07, 3.21320129615e-07, 2.1239321768e-07, 1.52134461473e-07, 1.20795192515e-07, 6.83007996827e-08, 3.54684033255e-08, 2.64206772016e-08, 1.18673844085e-08, 1.09559659123e-08, 7.62944640798e-09, 5.48121370514e-09, 1.47003087481e-09, 2.26484653254e-09, 4.47099302026e-10, 2.88931129022e-10, 2.79308964846e-10, 5.6973915169e-11, 4.08782729888e-11, 5.67629901416e-11, 8.9990633001e-11, 1.72996852954e-10, 1.57286295099e-10, 1.82799622661e-10, 2.65221372642e-10, 1.55680163205e-10, 1.01238163686e-10, 6.83071169072e-11, 4.14459230824e-11],
        "max": [0.0579010918736, 0.0349871478975, 0.019156800583, 0.00896519515663, 0.00807818863541, 0.00934597942978, 0.0102035272866, 0.00690070446581, 0.0146668478847, 0.00870749074966, 0.0121655231342, 0.0113860853016, 0.0123425247148, 0.00527795124799, 0.00558816175908, 0.00628485530615, 0.00410364661366, 0.00374586833641, 0.0025167609565, 0.00181461661123, 0.00267248949967, 0.00201635831036, 0.00204039923847, 0.000548615935259, 0.000856201106217, 0.000474792410387, 0.000364460516721, 0.000594421231654, 0.000127882725792, 9.88776591839e-05, 0.00013204923016, 0.000285421556327, 0.000445960933575, 0.000445817568107, 0.000265465496341, 0.000372036942281, 0.000349843816366, 0.000263321388047, 0.000258012325503, 0.000140131902299],
        "mean": [0.00468556908891, 0.00279715936631, 0.000446127989562, 0.000293479068205, 0.00029078751686, 0.000273232813925, 0.000350940856151, 0.000256720784819, 0.000182825373486, 0.00013804739865, 0.000256736588199, 0.000412792549469, 0.000351161084836, 0.000310243456624, 0.000230631529121, 0.000173693042598, 0.000125691338326, 8.30769567983e-05, 6.72936948831e-05, 2.91633386951e-05, 3.34912037943e-05, 2.36456216953e-05, 2.54856240645e-05, 2.09352565435e-05, 2.35846418946e-05, 1.03961901914e-05, 9.85092447081e-06, 7.80708433012e-06, 3.47864875039e-06, 2.38683446696e-06, 2.38606321545e-06, 2.80759331872e-06, 3.53302880285e-06, 3.99330838263e-06, 3.84290297006e-06, 3.85096973332e-06, 3.07379650621e-06, 2.19861522055e-06, 2.23315123549e-06, 1.82996143394e-06],
        "median": [0.00207760976627, 0.00140140764415, 0.000185842902283, 0.000131146851345, 0.000145356767462, 0.00012308001169, 0.000146743375808, 0.000107235144242, 6.99457450537e-05, 5.26495787199e-05, 7.9169345554e-05, 8.48743366078e-05, 4.80974522361e-05, 4.71538187412e-05, 4.17206101702e-05, 2.4866007152e-05, 2.51577730523e-05, 2.3523451091e-05, 2.17481119762e-05, 1.05701219582e-05, 9.75165858108e-06, 6.42768372927e-06, 7.62448507885e-06, 8.27406074677e-06, 8.63757304614e-06, 3.71174428437e-06, 3.44105410477e-06, 2.36027926803e-06, 1.33002208713e-06, 7.48043362364e-07, 6.45708894353e-07, 7.6844423802e-07, 8.39631752569e-07, 9.78814568953e-07, 8.51007257552e-07, 5.68517748434e-07, 3.38823980428e-07, 2.62248022409e-07, 2.80847359591e-07, 2.43590307036e-07],
        "min": [1.21936261437e-24, 1.59776223009e-24, 1.07271120272e-24, 9.17281051096e-25, 1.09440704698e-24, 1.77367426765e-24, 3.00422490181e-24, 1.61285096984e-24, 2.07563957255e-24, 2.63438166589e-24, 1.73510133597e-24, 1.18689250786e-24, 2.78091553727e-24, 3.16455792257e-24, 2.53465880064e-24, 4.17826016021e-24, 2.91588155233e-24, 3.61536885572e-24, 1.85478139605e-24, 3.36359048718e-24, 4.47419028475e-24, 3.79212891875e-24, 4.0549738225e-24, 3.92442799231e-24, 4.51166669978e-24, 4.07389267916e-24, 4.75696654813e-24, 5.01020154833e-24, 3.68835584439e-24, 5.60454000394e-24, 4.42474132777e-24, 5.5818263319e-24, 4.87967188978e-24, 5.64608970225e-24, 5.84358457975e-24, 6.30915845309e-24, 6.15451686655e-24, 6.80757536694e-24, 6.86473070611e-24, 6.47312674212e-24],
        "var": [4.10160573665e-05, 1.33042231028e-05, 9.2121911166e-07, 2.65158888624e-07, 2.47589241553e-07, 2.64406367023e-07, 4.15870488268e-07, 2.16726760982e-07, 2.33811491057e-07, 1.52599014314e-07, 3.86768135741e-07, 8.97773134056e-07, 8.84710061655e-07, 4.02124470611e-07, 2.40758510017e-07, 2.29222834491e-07, 8.92362166383e-08, 3.71974735458e-08, 2.20319140709e-08, 7.1499264287e-09, 1.03116448713e-08, 4.50822801312e-09, 7.02297553445e-09, 1.54096946314e-09, 2.0386889954e-09, 3.9756903325e-10, 3.99446281607e-10, 4.63762084291e-10, 4.64320075444e-11, 2.91483677473e-11, 4.92637805549e-11, 1.13146554626e-10, 2.63415678159e-10, 2.11443584863e-10, 1.8730299256e-10, 3.16442705373e-10, 2.93404078811e-10, 1.26163052228e-10, 1.01148943388e-10, 5.93047069786e-11]
    },
    "mfcc": {
        "mean": [-664.543029785, 127.965003967, -4.78816795349, 3.12329101562, 6.0325460434, 6.26975059509, 6.16681098938, 10.856045723, -3.95271945, 6.62513446808, 5.01042842865, -0.0629521384835, 7.70173120499],
        "cov": [[15366.9951172, -938.381958008, -765.392944336, 1029.80053711, 436.942047119, 526.483703613, 506.588287354, 593.549804688, 154.930725098, 258.482910156, 270.240325928, 146.780639648, 219.571624756], [-938.381958008, 2317.52075195, 17.2737236023, -161.369674683, -71.2031784058, -41.5824661255, 34.0673141479, -91.7850418091, -66.1866989136, -87.108253479, 9.70216655731, -65.0991897583, -105.286911011], [-765.392944336, 17.2737236023, 969.220031738, 136.350921631, 91.7008056641, 27.2162704468, -18.29920578, -54.069683075, 43.0392036438, -33.0962104797, -70.4027633667, -23.7864570618, -89.4820785522], [1029.80053711, -161.369674683, 136.350921631, 667.928344727, 248.967376709, 132.072174072, 121.439086914, 88.9805679321, 98.9176101685, 36.2951660156, -35.6192588806, 41.6175231934, -4.08427000046], [436.942047119, -71.2031784058, 91.7008056641, 248.967376709, 321.167205811, 77.3798446655, 42.8077087402, 69.9753570557, 58.5941886902, 23.7935638428, -2.20396161079, 22.0230579376, 10.3373603821], [526.483703613, -41.5824661255, 27.2162704468, 132.072174072, 77.3798446655, 306.217193604, 152.668029785, 60.7014846802, 47.8752326965, 5.5258846283, 47.8373222351, -0.249868988991, 6.5730137825], [506.588287354, 34.0673141479, -18.29920578, 121.439086914, 42.8077087402, 152.668029785, 250.239776611, 75.6219711304, 22.5041370392, 28.5998306274, 51.7662773132, 4.75047540665, -1.88550746441], [593.549804688, -91.7850418091, -54.069683075, 88.9805679321, 69.9753570557, 60.7014846802, 75.6219711304, 183.046340942, 67.6666183472, 43.426410675, 43.2804985046, 20.7099132538, 40.9677848816], [154.930725098, -66.1866989136, 43.0392036438, 98.9176101685, 58.5941886902, 47.8752326965, 22.5041370392, 67.6666183472, 178.596801758, 41.1797714233, 20.9058456421, 57.6280174255, 15.0323610306], [258.482910156, -87.108253479, -33.0962104797, 36.2951660156, 23.7935638428, 5.5258846283, 28.5998306274, 43.426410675, 41.1797714233, 144.498886108, 39.5096435547, 13.0511007309, 27.2426071167], [270.240325928, 9.70216655731, -70.4027633667, -35.6192588806, -2.20396161079, 47.8373222351, 51.7662773132, 43.2804985046, 20.9058456421, 39.5096435547, 155.837387085, 42.2487068176, 36.1957092285], [146.780639648, -65.0991897583, -23.7864570618, 41.6175231934, 22.0230579376, -0.249868988991, 4.75047540665, 20.7099132538, 57.6280174255, 13.0511007309, 42.2487068176, 152.533309937, 56.059173584], [219.571624756, -105.286911011, -89.4820785522, -4.08427000046, 10.3373603821, 6.5730137825, -1.88550746441, 40.9677848816, 15.0323610306, 27.2426071167, 36.1957092285, 56.059173584, 132.424362183]],
