{
"lowlevel": {
    "average_loudness": 0.930619299412,
    "barkbands_crest": {
        "dmean": 2.91660094261,
        "dmean2": 4.50984764099,
        "dvar": 10.5180568695,
        "dvar2": 23.1909351349,
        "max": 26.6742324829,
        "mean": 14.5121860504,
        "median": 13.7456493378,
        "min": 2.10241889954,
        "var": 34.9410591125
    },
    "barkbands_flatness_db": {
        "dmean": 0.0376468449831,
        "dmean2": 0.0527063012123,
        "dvar": 0.00152066652663,
        "dvar2": 0.00287534389645,
        "max": 0.647250890732,
        "mean": 0.201719194651,
        "median": 0.195615082979,
        "min": 0.0181469861418,
        "var": 0.00788816064596
    },
    "barkbands_kurtosis": {
        "dmean": 8.68961906433,
        "dmean2": 13.151058197,
        "dvar": 649.053649902,
        "dvar2": 1469.98486328,
        "max": 674.929260254,
        "mean": 12.5619449615,
        "median": 4.27413082123,
        "min": -1.90040254593,
        "var": 1027.33825684
    },
    "barkbands_skewness": {
        "dmean": 0.932047665119,
        "dmean2": 1.3654987812,
        "dvar": 1.4775083065,
        "dvar2": 2.98385453224,
        "max": 21.1923675537,
        "mean": 2.41657018661,
        "median": 2.20743536949,
        "min": -3.81745314598,
        "var": 4.91052389145
    },
    "barkbands_spread": {
        "dmean": 8.06757545471,
        "dmean2": 12.6236410141,
        "dvar": 113.413993835,
        "dvar2": 270.044433594,
        "max": 117.641387939,
        "mean": 19.4033069611,
        "median": 15.8859996796,
        "min": 0.0455305464566,
        "var": 226.377456665
    },
    "dissonance": {
        "dmean": 0.0214611105621,
        "dmean2": 0.0359522812068,
        "dvar": 0.000542008841876,
        "dvar2": 0.00144103646744,
        "max": 0.500000059605,
        "mean": 0.460654616356,
        "median": 0.469650328159,
        "min": 0.12148181349,
        "var": 0.00115695688874
    },
    "dynamic_complexity": 3.11241412163,
    "erbbands_crest": {
        "dmean": 3.16629123688,
        "dmean2": 5.13624334335,
        "dvar": 10.0296545029,
        "dvar2": 24.3957614899,
        "max": 32.0464897156,
        "mean": 9.77247810364,
        "median": 8.52132225037,
        "min": 2.41845369339,
        "var": 24.8599586487
    },
    "erbbands_flatness_db": {
        "dmean": 0.0229484476149,
        "dmean2": 0.033683937043,
        "dvar": 0.000557561637834,
        "dvar2": 0.00113066972699,
        "max": 0.509419023991,
        "mean": 0.17829349637,
        "median": 0.162719547749,
        "min": 0.0436325781047,
        "var": 0.00529025867581
    },
    "erbbands_kurtosis": {
        "dmean": 1.22971498966,
        "dmean2": 1.9769963026,
        "dvar": 11.3029098511,
        "dvar2": 32.2821731567,
        "max": 181.875457764,
        "mean": 0.496421277523,
        "median": -0.0962643623352,
        "min": -1.84389567375,
        "var": 8.95913124084
    },
    "erbbands_skewness": {
        "dmean": 0.487485021353,
        "dmean2": 0.733487725258,
        "dvar": 0.271114051342,
        "dvar2": 0.640888750553,
        "max": 10.507891655,
        "mean": -0.0614231862128,
        "median": -0.120030909777,
        "min": -3.23363232613,
        "var": 0.730830490589
    },
    "erbbands_spread": {
        "dmean": 11.5960607529,
        "dmean2": 18.0308113098,
        "dvar": 169.672668457,
        "dvar2": 396.393859863,
        "max": 182.76852417,
        "mean": 40.9824104309,
        "median": 36.4061393738,
        "min": 1.42437243462,
        "var": 552.320800781
    },
    "hfc": {
        "dmean": 13.6648283005,
        "dmean2": 21.8077945709,
        "dvar": 587.672668457,
        "dvar2": 1434.796875,
        "max": 246.23097229,
        "mean": 26.1250839233,
        "median": 18.8686599731,
        "min": 1.07659654454e-16,
        "var": 761.585021973
    },
    "melbands_crest": {
        "dmean": 3.8036301136,
        "dmean2": 5.88906431198,
        "dvar": 18.5587425232,
        "dvar2": 40.6150283813,
        "max": 37.9277191162,
        "mean": 21.9604930878,
        "median": 23.3678665161,
        "min": 1.59021508694,
        "var": 72.6548538208
    },
    "melbands_flatness_db": {
        "dmean": 0.0446680225432,
        "dmean2": 0.06096797809,
        "dvar": 0.00231712637469,
        "dvar2": 0.00417086156085,
        "max": 0.776440620422,
        "mean": 0.26575127244,
        "median": 0.267721831799,
        "min": 0.00270960084163,
        "var": 0.0127049069852
    },
    "melbands_kurtosis": {
        "dmean": 18.7947502136,
        "dmean2": 28.2672958374,
        "dvar": 1468.67407227,
        "dvar2": 2933.23608398,
        "max": 920.148742676,
        "mean": 34.3005638123,
        "median": 16.7411193848,
        "min": -1.83922183514,
        "var": 3223.36206055
    },
    "melbands_skewness": {
        "dmean": 1.2364449501,
        "dmean2": 1.8231408596,
        "dvar": 2.24714899063,
        "dvar2": 4.40308189392,
        "max": 25.2599716187,
        "mean": 4.09455823898,
        "median": 3.75786590576,
        "min": -1.69644773006,
        "var": 9.00561332703
    },
    "melbands_spread": {
        "dmean": 9.38826179504,
        "dmean2": 14.6410675049,
        "dvar": 270.455047607,
        "dvar2": 614.279907227,
        "max": 246.011077881,
        "mean": 20.8891639709,
        "median": 12.8651208878,
        "min": 0.157629996538,
        "var": 586.929016113
    },
    "pitch_salience": {
        "dmean": 0.0914327129722,
        "dmean2": 0.142623573542,
        "dvar": 0.0104283820838,
        "dvar2": 0.023792244494,
        "max": 0.909617006779,
        "mean": 0.42367592454,
        "median": 0.390057295561,
        "min": 0.017973061651,
        "var": 0.0348977781832
    },
    "silence_rate_20dB": {
        "dmean": 0,
        "dmean2": 0,
        "dvar": 0,
        "dvar2": 0,
        "max": 1,
        "mean": 1,
        "median": 1,
        "min": 1,
        "var": 0
    },
    "silence_rate_30dB": {
        "dmean": 0.0471380464733,
        "dmean2": 0.0942878499627,
        "dvar": 0.0449198298156,
        "dvar2": 0.0933848321438,
        "max": 1,
        "mean": 0.918578565121,
        "median": 1,
        "min": 0,
        "var": 0.0747907683253
    },
    "silence_rate_60dB": {
        "dmean": 0.0216984655708,
        "dmean2": 0.0434023439884,
        "dvar": 0.02122958377,
        "dvar2": 0.0485067106783,
        "max": 1,
        "mean": 0.0773067325354,
        "median": 0,
        "min": 0,
        "var": 0.071334771812
    },
    "spectral_centroid": {
        "dmean": 400.84954834,
        "dmean2": 595.484130859,
        "dvar": 243471.125,
        "dvar2": 484263.34375,
        "max": 11481.5058594,
        "mean": 1574.51196289,
        "median": 1446.01245117,
        "min": 77.2863693237,
        "var": 1231881.75
    },
    "spectral_complexity": {
        "dmean": 5.37548303604,
        "dmean2": 7.81242227554,
        "dvar": 46.5530891418,
        "dvar2": 80.7796096802,
        "max": 60,
        "mean": 17.6710720062,
        "median": 16,
        "min": 0,
        "var": 137.005630493
    },
    "spectral_decrease": {
        "dmean": 3.14160231163e-09,
        "dmean2": 4.80441775252e-09,
        "dvar": 2.5673846564e-17,
        "dvar2": 5.33424391751e-17,
        "max": 2.05498338032e-28,
        "mean": -1.39888651773e-08,
        "median": -1.62561768491e-08,
        "min": -5.65662041652e-08,
        "var": 1.05081299397e-16
    },
    "spectral_energy": {
        "dmean": 0.0125633161515,
        "dmean2": 0.0192989371717,
        "dvar": 0.000387058476917,
        "dvar2": 0.000816254294477,
        "max": 0.217468693852,
        "mean": 0.0551666840911,
        "median": 0.0644146054983,
        "min": 1.00027550665e-20,
        "var": 0.00154266995378
    },
    "spectral_energyband_high": {
        "dmean": 0.00145685579628,
        "dmean2": 0.00251501123421,
        "dvar": 1.09465227069e-05,
        "dvar2": 3.01272757497e-05,
        "max": 0.0380209162831,
        "mean": 0.00156149943359,
        "median": 0.000432279601227,
        "min": 6.99298005176e-21,
        "var": 9.41378220887e-06
    },
    "spectral_energyband_low": {
        "dmean": 0.00962329749018,
        "dmean2": 0.0143718793988,
        "dvar": 0.000322245847201,
        "dvar2": 0.000610122806393,
        "max": 0.172096028924,
        "mean": 0.0398054346442,
        "median": 0.0460391640663,
        "min": 2.3820710529e-23,
        "var": 0.00137840304524
    },
    "spectral_energyband_middle_high": {
        "dmean": 0.00268237106502,
        "dmean2": 0.00401025125757,
        "dvar": 1.94586409634e-05,
        "dvar2": 3.97865587729e-05,
        "max": 0.0441738367081,
        "mean": 0.00595102785155,
        "median": 0.00404264125973,
        "min": 1.21266444849e-21,
        "var": 4.04431120842e-05
    },
    "spectral_energyband_middle_low": {
        "dmean": 0.00485475547612,
        "dmean2": 0.0082759745419,
        "dvar": 0.000122518176795,
        "dvar2": 0.000349553884007,
        "max": 0.120960198343,
        "mean": 0.00818899646401,
        "median": 0.00605580210686,
        "min": 1.46830036578e-22,
        "var": 9.60103716352e-05
    },
    "spectral_entropy": {
        "dmean": 0.286284089088,
        "dmean2": 0.413703531027,
        "dvar": 0.094715103507,
        "dvar2": 0.192463681102,
        "max": 9.81491661072,
        "mean": 7.43245220184,
        "median": 7.47790622711,
        "min": 3.83156132698,
        "var": 0.511503636837
    },
    "spectral_flux": {
        "dmean": 0.0389214791358,
        "dmean2": 0.0578323453665,
        "dvar": 0.00210627703927,
        "dvar2": 0.0038531026803,
        "max": 0.482804208994,
        "mean": 0.101535156369,
        "median": 0.0857339650393,
        "min": 6.23424367685e-11,
        "var": 0.0052726236172
    },
    "spectral_kurtosis": {
        "dmean": 3.51009202003,
        "dmean2": 5.77670145035,
        "dvar": 36.9085960388,
        "dvar2": 98.8187637329,
        "max": 131.138031006,
        "mean": 7.1530046463,
        "median": 4.35634756088,
        "min": -1.25432872772,
        "var": 118.959442139
    },
    "spectral_rms": {
        "dmean": 0.000874507124536,
        "dmean2": 0.00130447756965,
        "dvar": 1.5126870494e-06,
        "dvar2": 3.01120871882e-06,
        "max": 0.0145658701658,
        "mean": 0.00665930192918,
        "median": 0.00792738981545,
        "min": 3.12390543121e-12,
        "var": 9.475128536e-06
    },
    "spectral_rolloff": {
        "dmean": 655.164916992,
        "dmean2": 1087.34985352,
        "dvar": 1792550.625,
        "dvar2": 4089013.5,
        "max": 19509.0820312,
        "mean": 1381.71936035,
        "median": 538.330078125,
        "min": 43.06640625,
        "var": 5410329.5
    },
    "spectral_skewness": {
        "dmean": 0.399919062853,
        "dmean2": 0.640868008137,
        "dvar": 0.228049680591,
        "dvar2": 0.5927105546,
        "max": 8.86060142517,
        "mean": 1.62831199169,
        "median": 1.46460366249,
        "min": -0.0880603343248,
        "var": 0.768492817879
    },
    "spectral_spread": {
        "dmean": 892001.3125,
        "dmean2": 1332160.875,
        "dvar": 1.62317074432e+12,
        "dvar2": 3.14540766003e+12,
        "max": 42326388,
        "mean": 4617801.5,
        "median": 3909587.5,
        "min": 542757.5,
        "var": 1.37797587436e+13
    },
    "spectral_strongpeak": {
        "dmean": 0.338189929724,
        "dmean2": 0.567625582218,
        "dvar": 0.676271080971,
        "dvar2": 1.82114362717,
        "max": 13.0240306854,
        "mean": 0.788469851017,
        "median": 0.557973742485,
        "min": 0,
        "var": 1.01876318455
    },
    "zerocrossingrate": {
        "dmean": 0.0139458216727,
        "dmean2": 0.0165515039116,
        "dvar": 0.000446157355327,
        "dvar2": 0.000549541669898,
        "max": 0.681640625,
        "mean": 0.0509592108428,
        "median": 0.034423828125,
        "min": 0.00146484375,
        "var": 0.00362780853175
    },
    "barkbands": {
        "dmean": [0.00162500469014, 0.00827661436051, 0.00392181845382, 0.00148578721564, 0.00230770045891, 0.000929304747842, 0.000772045808844, 0.000331694143824, 0.000557038583793, 0.000749125319999, 0.000313090306008, 0.000343788065948, 0.000431107735494, 0.000310142757371, 0.000383922655601, 0.000359028432285, 0.000437075592345, 0.000396974064643, 0.000334330485202, 0.000456839887192, 0.00032387059764, 0.000255470135016, 0.000262701680185, 0.000206000331673, 0.000118275114801, 4.57838468719e-05, 2.77720369013e-06],
        "dmean2": [0.00221624784172, 0.0121278120205, 0.00674121733755, 0.00281105726026, 0.00371481175534, 0.00158420403022, 0.00126133358572, 0.000560605374631, 0.000884656503331, 0.00121426396072, 0.000499797635712, 0.000544268754311, 0.000668095250148, 0.000488713034429, 0.000591884774622, 0.000554203928914, 0.000644946005195, 0.000602725311182, 0.000527044932824, 0.000764007098041, 0.000545750721358, 0.00044147844892, 0.000461118121166, 0.000360213976819, 0.000198330904823, 7.46181322029e-05, 4.48499713457e-06],
        "dvar": [9.24289179238e-06, 0.000282480381429, 0.000151923435624, 3.58043434971e-05, 1.92373081518e-05, 3.92457650378e-06, 2.20463221012e-06, 5.8048919982e-07, 1.39539429256e-06, 2.11924430005e-06, 4.24593622483e-07, 5.90378817833e-07, 8.06752382232e-07, 4.48709045031e-07, 4.79152276966e-07, 4.26758276717e-07, 8.15867736037e-07, 8.41764688175e-07, 7.73154113176e-07, 3.59707883035e-06, 1.46120964928e-06, 2.60097294813e-07, 3.0012185448e-07, 1.8167523308e-07, 6.46955768957e-08, 1.62669913095e-08, 7.39979952313e-11],
        "dvar2": [1.62683409144e-05, 0.000509149860591, 0.000410752923926, 0.000104954160633, 4.99696216139e-05, 1.0596671018e-05, 5.66271319258e-06, 1.45535341289e-06, 3.07807067657e-06, 5.49458172827e-06, 1.01278419606e-06, 1.4334585785e-06, 1.83724853287e-06, 1.05069591427e-06, 1.09393397452e-06, 9.70157202573e-07, 1.72794307218e-06, 1.79228288744e-06, 1.73883677235e-06, 9.8361806522e-06, 3.98453539674e-06, 7.21333208276e-07, 8.64547757828e-07, 5.21455490343e-07, 1.6346099585e-07, 3.7243083284e-08, 1.67055674849e-10],
        "max": [0.0295312814415, 0.160480260849, 0.108571082354, 0.0685985535383, 0.0536193586886, 0.020650614053, 0.0216708313674, 0.0137319164351, 0.0242050550878, 0.0201891493052, 0.0157511085272, 0.017247935757, 0.0146063463762, 0.0166703276336, 0.00967657659203, 0.00840459484607, 0.0146716525778, 0.0101632326841, 0.0101231317967, 0.0328995548189, 0.0167422462255, 0.00484849885106, 0.00531689170748, 0.00439872965217, 0.00392035581172, 0.00292482296936, 0.000180255548912],
        "mean": [0.00504330219701, 0.02911417, 0.00543324416503, 0.00105757790152, 0.00340090645477, 0.00115204206668, 0.00111015967559, 0.00036896605161, 0.000861668377183, 0.00122310896404, 0.000456804787973, 0.000498658628203, 0.000647527747788, 0.000423371820943, 0.000540522451047, 0.000495099811815, 0.000685819191858, 0.000547340954654, 0.000383812352084, 0.000450138060842, 0.000348320754711, 0.000258185697021, 0.000260816159425, 0.000216628846829, 0.000134230518597, 5.11864163855e-05, 3.10922450808e-06],
        "median": [0.000332668016199, 0.024164441973, 0.000513593084179, 0.000159371149493, 0.0013086637482, 0.000316577905323, 0.000441880023573, 9.22164617805e-05, 0.000234792503761, 0.000301805819618, 0.000157456175657, 0.000158985727467, 0.000197621557163, 0.000115506729344, 0.00017659192963, 0.000169306877069, 0.000175965149538, 0.000171284773387, 0.000126359489514, 0.000125988066429, 9.73570131464e-05, 3.23678686982e-05, 1.15289458336e-05, 2.71466778941e-05, 2.07505981962e-05, 4.44651914222e-06, 1.42096695299e-07],
        "min": [1.32979182588e-25, 6.00402192736e-24, 1.60471682783e-24, 1.81465006965e-24, 7.73021367105e-24, 9.0921015601e-24, 5.42213051354e-24, 9.01818608214e-24, 1.08584415907e-23, 1.96432486961e-23, 1.76052155034e-23, 2.60789558211e-23, 3.00028856478e-23, 3.9113702144e-23, 6.70000834494e-23, 4.84603691182e-23, 7.38894518593e-23, 1.05061643939e-22, 1.49960867739e-22, 1.79427056603e-22, 2.34872467182e-22, 3.05041556349e-22, 3.98259924232e-22, 6.23306037056e-22, 8.76358277115e-22, 1.40907632409e-21, 1.96003859072e-21],
        "var": [6.55217008898e-05, 0.000993554363959, 0.000178789021447, 1.96098044398e-05, 2.50255761785e-05, 4.58151953353e-06, 3.10478503707e-06, 6.60386433537e-07, 3.5150774238e-06, 5.51830635231e-06, 8.84299709014e-07, 1.14422653041e-06, 1.56267014972e-06, 8.69080054144e-07, 8.6871386884e-07, 6.93839012911e-07, 1.68756992025e-06, 1.12966426968e-06, 7.81667552019e-07, 2.49815252573e-06, 1.02046965367e-06, 2.74848247273e-07, 3.24436626897e-07, 2.04561629857e-07, 8.85814088747e-08, 2.31454890809e-08, 1.12925321871e-10]
    },
    "erbbands": {
        "dmean": [0.422438234091, 1.72331690788, 4.24389982224, 4.75002861023, 6.70040655136, 8.52949428558, 5.66701316833, 8.43351173401, 11.2425985336, 8.19765377045, 8.16486930847, 13.81944561, 13.8535356522, 25.2372894287, 11.8759431839, 14.3373279572, 19.8608264923, 16.2988910675, 18.5445308685, 16.3799285889, 22.0764884949, 21.2234706879, 21.5187492371, 17.7023391724, 15.2659330368, 21.9789428711, 13.5771074295, 14.8498935699, 8.46598815918, 9.65097045898, 7.4040927887, 5.62544441223, 2.56177544594, 1.51594769955, 0.747257769108, 0.303415119648, 0.0656788796186, 0.00643609650433, 0.00058048783103, 3.00437441183e-05],
        "dmean2": [0.560460627079, 2.58072948456, 7.02754116058, 8.73526096344, 11.2691059113, 13.5929088593, 9.64191913605, 14.4020528793, 18.4480743408, 13.6635637283, 13.6935033798, 21.5063915253, 21.4834461212, 41.4283981323, 18.6596984863, 22.3440437317, 30.8543891907, 25.210439682, 28.5092010498, 24.4624919891, 33.7607498169, 31.1840934753, 32.0459098816, 27.2677822113, 23.8847446442, 37.150894165, 22.7537536621, 26.3337268829, 14.5342254639, 16.938287735, 13.0153617859, 9.94996929169, 4.36153888702, 2.58978438377, 1.22559094429, 0.493547707796, 0.108058638871, 0.0103614944965, 0.000937077682465, 4.76372188132e-05],
        "dvar": [0.71999835968, 13.7636432648, 143.993530273, 346.350067139, 277.081665039, 248.618728638, 173.750900269, 348.77355957, 495.780578613, 287.625610352, 335.903137207, 920.356811523, 813.167663574, 2768.17651367, 584.006347656, 1124.13720703, 1682.17614746, 1293.42114258, 1086.7755127, 1022.58868408, 1628.67541504, 1703.05224609, 2646.16796875, 1740.2980957, 1646.54541016, 8610.73339844, 1672.07250977, 4217.36962891, 301.77142334, 409.500457764, 251.100112915, 143.119094849, 27.5923633575, 9.50325679779, 3.38720750809, 0.745156884193, 0.0335020162165, 0.000299426697893, 3.32851868734e-06, 3.17406434469e-09],
        "dvar2": [1.10084724426, 31.4434528351, 371.55065918, 1002.97503662, 768.249389648, 614.174804688, 453.314666748, 938.051513672, 1295.56201172, 735.137634277, 856.026000977, 1841.81469727, 1792.22094727, 7415.65429688, 1413.30029297, 2672.49365234, 3890.89282227, 3042.20019531, 2469.70263672, 2122.24023438, 3663.64013672, 3522.9831543, 5679.89453125, 3753.06347656, 3600.51293945, 23627.7011719, 4443.31542969, 12104.7353516, 819.534057617, 1188.74169922, 726.765563965, 427.151641846, 73.4240112305, 25.5329742432, 7.92254018784, 1.71654140949, 0.0776355862617, 0.000683047110215, 7.54133816372e-06, 7.35644434258e-09],
        "max": [8.57209205627, 35.6814613342, 102.071266174, 202.899307251, 184.43572998, 274.595550537, 194.098083496, 237.807189941, 244.662094116, 283.519439697, 322.596740723, 711.199829102, 486.759185791, 801.703674316, 549.165527344, 821.430175781, 712.366455078, 938.377258301, 440.811157227, 501.778076172, 548.096740723, 539.738464355, 562.867004395, 470.512695312, 446.356811523, 1598.49914551, 581.787597656, 871.911987305, 163.626098633, 243.047439575, 148.452331543, 108.951416016, 66.3979415894, 39.7701911926, 45.0356254578, 19.8814563751, 3.71477437019, 0.3163600564, 0.0420002602041, 0.00128002441488],
        "mean": [1.33519268036, 4.57971000671, 6.79115009308, 4.65729045868, 8.18986225128, 12.4888496399, 7.11307907104, 10.1953649521, 15.6632022858, 11.177488327, 10.4158611298, 22.1942481995, 22.8453884125, 41.4882926941, 19.4292602539, 22.4976787567, 30.9572811127, 23.3986091614, 27.8216667175, 23.5079288483, 34.6754112244, 34.5335502625, 31.4902992249, 23.4942073822, 18.4675674438, 21.4424152374, 15.8196573257, 13.3391609192, 8.54684734344, 9.53952121735, 7.24491071701, 5.66826820374, 2.83614420891, 1.65700376034, 0.866457045078, 0.342750310898, 0.0712247788906, 0.00750023685396, 0.00066363014048, 8.39443746372e-05],
        "median": [0.702531099319, 2.02770471573, 1.46980524063, 1.00139534473, 2.37388467789, 4.44233512878, 2.34780263901, 2.92574000359, 6.59555244446, 4.41268730164, 4.14974689484, 6.21617603302, 6.97740077972, 12.4458379745, 9.34061431885, 7.98132610321, 10.7722501755, 7.82342290878, 9.8483505249, 9.37711524963, 12.9191083908, 9.67415809631, 9.30571079254, 9.13090133667, 5.98409843445, 6.01453018188, 4.9180059433, 3.10139870644, 1.36328482628, 0.559060871601, 0.356399416924, 0.622457206249, 0.353766083717, 0.217054665089, 0.144255250692, 0.0352453738451, 0.00559930782765, 0.000749494647607, 6.46943663014e-05, 8.22833389975e-05],
        "min": [9.39365405409e-23, 1.16805142342e-21, 2.39943446834e-21, 9.5999302251e-21, 1.08701936871e-20, 3.85774451787e-20, 4.89631145907e-20, 8.18137331259e-20, 1.22270813768e-19, 1.73352279747e-19, 2.78605364602e-19, 2.529355462e-19, 6.6431991688e-19, 6.54379480663e-19, 1.2499965676e-18, 1.54512561457e-18, 1.35536541897e-18, 1.6210905733e-18, 2.76574744765e-18, 3.84044035182e-18, 3.77954041999e-18, 4.99579329187e-18, 6.33862713135e-18, 6.31052904671e-18, 7.00047088307e-18, 8.35150994063e-18, 1.00535912153e-17, 8.81069526945e-18, 1.07874666819e-17, 1.1671600334e-17, 1.13397817944e-17, 8.7419118928e-18, 1.07256341039e-17, 7.63594577122e-18, 6.11366915991e-18, 4.43781778249e-18, 2.36473297502e-18, 9.74996237053e-19, 2.59282683986e-19, 2.68642187381e-20],
        "var": [2.40720057487, 35.1106033325, 194.946166992, 211.469680786, 257.054290771, 359.88961792, 234.526947021, 377.863922119, 606.092102051, 365.926391602, 402.096405029, 2692.88769531, 2017.81298828, 6607.22558594, 1174.38146973, 2423.17041016, 3329.26708984, 2244.54492188, 2055.04711914, 1658.77453613, 3445.56518555, 3679.43188477, 3778.99682617, 2017.40881348, 1753.08679199, 5808.65576172, 1298.64709473, 2495.08081055, 298.330200195, 432.070098877, 262.664215088, 150.142486572, 35.0276527405, 12.2348680496, 4.66453790665, 1.03627371788, 0.0457024388015, 0.00045337388292, 4.92669369123e-06, 6.59051568874e-09]
    },
    "gfcc": {
        "mean": [-31.2463817596, 94.724029541, -123.107131958, 31.3995914459, -44.2717971802, 12.7147865295, -31.0008792877, 12.6714420319, -20.6018733978, 1.57630467415, -9.09284973145, 1.44942128658, -1.03799545765],
        "cov": [[24016.9746094, -2619.75708008, 765.400390625, 2710.31640625, -1115.95715332, 2034.57458496, -242.612854004, 908.538574219, -302.342071533, 883.796142578, -396.724334717, 438.273162842, -164.808334351], [-2619.75708008, 3590.07910156, -115.397819519, -112.777351379, 1139.12731934, -451.073394775, 525.850402832, -150.085250854, 354.792816162, -305.924987793, 286.637481689, -294.735931396, 192.846008301], [765.400390625, -115.397819519, 1956.32897949, 845.65032959, 335.866577148, 693.710388184, 236.622207642, 237.658203125, 288.569976807, 166.880508423, -26.1427631378, 148.619491577, -54.6145439148], [2710.31640625, -112.777351379, 845.65032959, 1155.18530273, 259.280944824, 481.588439941, 216.122238159, 255.878341675, 179.950820923, 174.895401001, 0.21779602766, 119.266700745, 26.2148857117], [-1115.95715332, 1139.12731934, 335.866577148, 259.280944824, 822.743347168, 90.6720657349, 389.133239746, 129.590240479, 242.711456299, -2.77704715729, 151.649673462, -36.867515564, 107.215377808], [2034.57458496, -451.073394775, 693.710388184, 481.588439941, 90.6720657349, 768.197692871, 233.048080444, 199.414718628, 119.07522583, 188.342590332, 20.7146263123, 99.968170166, -48.3192672729], [-242.612854004, 525.850402832, 236.622207642, 216.122238159, 389.133239746, 233.048080444, 435.790924072, 128.883010864, 161.330932617, 61.7305335999, 141.915390015, 6.76704359055, 70.5710144043], [908.538574219, -150.085250854, 237.658203125, 255.878341675, 129.590240479, 199.414718628, 128.883010864, 280.333251953, 97.4828796387, 110.221405029, 18.9108486176, 78.0104827881, 42.1860351562], [-302.342071533, 354.792816162, 288.569976807, 179.950820923, 242.711456299, 119.07522583, 161.330932617, 97.4828796387, 269.068786621, 30.4238605499, 66.3143692017, 42.3619766235, 24.108379364], [883.796142578, -305.924987793, 166.880508423, 174.895401001, -2.77704715729, 188.342590332, 61.7305335999, 110.221405029, 30.4238605499, 221.95249939, 41.7344741821, 50.1958122253, 28.122461319], [-396.724334717, 286.637481689, -26.1427631378, 0.21779602766, 151.649673462, 20.7146263123, 141.915390015, 18.9108486176, 66.3143692017, 41.7344741821, 205.862838745, 43.0100097656, 58.2528953552], [438.273162842, -294.735931396, 148.619491577, 119.266700745, -36.867515564, 99.968170166, 6.76704359055, 78.0104827881, 42.3619766235, 50.1958122253, 43.0100097656, 159.338485718, 17.9213161469], [-164.808334351, 192.846008301, -54.6145439148, 26.2148857117, 107.215377808, -48.3192672729, 70.5710144043, 42.1860351562, 24.108379364, 28.122461319, 58.2528953552, 17.9213161469, 152.238647461]],
        "icov": [[0.000149927596794, -0.000242883863393, 0.000198959271074, -0.000357566255843, 0.000350300426362, -0.000467638368718, 0.000312706339173, -0.00037487866939, 0.000370415189536, -0.000341163948178, 0.000241605652263, -0.000303980632452, 0.000114419031888], [-0.000242883863393, 0.00145263609011, -0.000366483582184, 0.000500267662574, -0.00143097375985, 0.00123500660993, -0.000889143266249, 0.00112200400326, -0.00139281118754, 0.00152259552851, -0.00118694361299, 0.00199027266353, -0.000660465680994], [0.000198959271074, -0.000366483582184, 0.00130757584702, -0.000842378125526, 0.000111155088234, -0.00124985084403, 0.000641142774839, -0.0002471220796, -7.89334353613e-06, -0.000608581991401, 0.000885285437107, -0.00101018184796, 0.00048390214215], [-0.000357566255843, 0.000500267662574, -0.000842378125526, 0.00243120780215, -0.00105494109448, 0.000723708828446, -0.000788395002019, 0.000453489919892, -0.000870840332936, 0.000336932018399, 2.61122040683e-05, 0.000160715280799, -0.000482431525597], [0.000350300426362, -0.00143097375985, 0.000111155088234, -0.00105494109448, 0.00457793334499, -0.000920199672692, -0.000688437663484, -0.00197935081087, 0.000353533541784, -0.000612424162682, 0.000176669622306, -0.000213600767893, -0.000220386835281], [-0.000467638368718, 0.00123500660993, -0.00124985084403, 0.000723708828446, -0.000920199672692, 0.00480147171766, -0.00293761189096, 0.000925372936763, -0.0012434279779, 0.00016670775949, -0.000766556069721, 0.00101666140836, 0.000973404676188], [0.000312706339173, -0.000889143266249, 0.000641142774839, -0.000788395002019, -0.000688437663484, -0.00293761189096, 0.00700276391581, -0.00191128288861, 0.000272270961432, -0.000569213589188, -0.00181991176214, 0.000478583853692, -0.000631411094218], [-0.00037487866939, 0.00112200400326, -0.0002471220796, 0.000453489919892, -0.00197935081087, 0.000925372936763, -0.00191128288861, 0.00780627829954, -0.00213305931538, -0.000776335771661, 0.0011227709474, -0.00111553398892, -0.00140044640284], [0.000370415189536, -0.00139281118754, -7.89334353613e-06, -0.000870840332936, 0.000353533541784, -0.0012434279779, 0.000272270961432, -0.00213305931538, 0.00776910362765, -0.00131568615325, 0.000549471762497, -0.00298549770378, 0.00128761096857], [-0.000341163948178, 0.00152259552851, -0.000608581991401, 0.000336932018399, -0.000612424162682, 0.00016670775949, -0.000569213589188, -0.000776335771661, -0.00131568615325, 0.00897462852299, -0.00335870729759, 0.00289541715756, -0.00211635511369], [0.000241605652263, -0.00118694361299, 0.000885285437107, 2.61122040683e-05, 0.000176669622306, -0.000766556069721, -0.00181991176214, 0.0011227709474, 0.000549471762497, -0.00335870729759, 0.00992419850081, -0.00537918414921, -0.000387782347389], [-0.000303980632452, 0.00199027266353, -0.00101018184796, 0.000160715280799, -0.000213600767893, 0.00101666140836, 0.000478583853692, -0.00111553398892, -0.00298549770378, 0.00289541715756, -0.00537918414921, 0.0130371619016, -0.00221841037273], [0.000114419031888, -0.000660465680994, 0.00048390214215, -0.000482431525597, -0.000220386835281, 0.000973404676188, -0.000631411094218, -0.00140044640284, 0.00128761096857, -0.00211635511369, -0.000387782347389, -0.00221841037273, 0.00952729955316]]
    },
    "melbands": {
        "dmean": [0.00283106835559, 0.00198705727234, 0.000852358527482, 0.000600009225309, 0.000210072787013, 0.000187039884622, 0.000169588791323, 8.36617255118e-05, 7.37130758353e-05, 8.68697170517e-05, 7.16630602255e-05, 0.000108329368231, 4.00761564379e-05, 3.97888143198e-05, 4.21981385443e-05, 4.07427942264e-05, 3.17047997669e-05, 3.01775289699e-05, 2.62890389422e-05, 2.20390265895e-05, 2.87529474008e-05, 2.51329311141e-05, 2.09501122299e-05, 1.82780149771e-05, 1.45310814332e-05, 1.3217833839e-05, 8.79494018591e-06, 1.82431049325e-05, 1.06651796159e-05, 8.48241234053e-06, 7.63622210798e-06, 4.31508397014e-06, 5.87589602219e-06, 5.25148152519e-06, 4.03986450692e-06, 4.765887752e-06, 2.84842917608e-06, 1.64095922628e-06, 1.78202753887e-06, 1.14047884381e-06],
        "dmean2": [0.00384709401987, 0.00310776848346, 0.00154225807637, 0.000961752492003, 0.00035293653491, 0.000319419341395, 0.000277722399915, 0.000139844865771, 0.000122976038256, 0.000134238638566, 0.000112110377813, 0.000177958921995, 6.30318681942e-05, 6.20676146355e-05, 6.67582717142e-05, 6.27008193987e-05, 4.96097745781e-05, 4.6827699407e-05, 4.00928111048e-05, 3.31286173605e-05, 4.41921183665e-05, 3.72554277419e-05, 3.16003606713e-05, 2.77674935205e-05, 2.27450691455e-05, 2.12849845411e-05, 1.36815096994e-05, 3.19934661093e-05, 1.83632873814e-05, 1.46531601786e-05, 1.36096714414e-05, 7.4271624726e-06, 1.02369776869e-05, 9.28221288632e-06, 7.11995062375e-06, 8.41941528051e-06, 5.0321850722e-06, 2.76025457424e-06, 3.11311009682e-06, 1.93643086277e-06],
        "dvar": [3.03152355627e-05, 2.2360807634e-05, 9.65737854131e-06, 1.30601961246e-06, 1.97482080466e-07, 1.61819940558e-07, 1.06065080274e-07, 3.07463317029e-08, 2.91647062056e-08, 3.69115902288e-08, 2.16545146259e-08, 5.18714919906e-08, 6.99867586107e-09, 7.14188397311e-09, 8.38633607003e-09, 8.27273094473e-09, 5.56532020468e-09, 3.1114890664e-09, 2.58236276807e-09, 1.758896917e-09, 3.10633385681e-09, 2.58017229804e-09, 2.21766960351e-09, 1.92038940305e-09, 1.13945186619e-09, 1.35865219075e-09, 4.72834105203e-10, 7.70369013026e-09, 1.42915856927e-09, 1.26040577975e-09, 9.40599043098e-10, 9.37813993129e-11, 1.58220089808e-10, 1.21262430652e-10, 7.24780305217e-11, 1.16881573864e-10, 3.59146566653e-11, 1.19261883355e-11, 1.32726815649e-11, 5.74411134976e-12],
        "dvar2": [4.89810445288e-05, 5.26220683241e-05, 2.7846370358e-05, 3.36044308824e-06, 5.24212339315e-07, 4.37518622221e-07, 2.75586927501e-07, 7.85255238611e-08, 7.50778852421e-08, 7.22324173807e-08, 4.82857984707e-08, 1.38598622357e-07, 1.68539404655e-08, 1.69259095628e-08, 2.12465316451e-08, 1.87451387745e-08, 1.29840218577e-08, 7.17309678322e-09, 5.7589626401e-09, 3.5560554501e-09, 6.95002100315e-09, 5.35150057601e-09, 4.73620875852e-09, 4.03882927102e-09, 2.51195486634e-09, 3.17112025527e-09, 1.00190666874e-09, 2.17458389073e-08, 3.9936645102e-09, 3.51773521423e-09, 2.70725797336e-09, 2.55134247062e-10, 4.47326953257e-10, 3.55308227284e-10, 2.10821068936e-10, 3.36381117405e-10, 1.09452703845e-10, 3.04751189562e-11, 3.72506990531e-11, 1.49910379249e-11],
        "max": [0.0560262650251, 0.0413915514946, 0.034529209137, 0.0142734721303, 0.00694671506062, 0.00473098549992, 0.00403663236648, 0.0028527288232, 0.00373566476628, 0.0044989134185, 0.0024886475876, 0.00344352098182, 0.00223541515879, 0.00223478092812, 0.00194426509552, 0.00174918258563, 0.00210160156712, 0.000726474274416, 0.00101610412821, 0.000741792086046, 0.000859559164383, 0.000827572657727, 0.000522647984326, 0.000525933864992, 0.000379018048989, 0.000412091176258, 0.000236188978306, 0.00149984797463, 0.000592512078583, 0.000485740834847, 0.000410437904065, 0.000118974436191, 0.0001357619185, 0.000122975514387, 8.48384806886e-05, 0.000107044703327, 7.36358124414e-05, 4.93312181788e-05, 4.07738734793e-05, 3.36823504767e-05],
        "mean": [0.00991411041468, 0.00433829845861, 0.000886406458449, 0.000869262206834, 0.000279253232293, 0.00022698767134, 0.000243095229962, 0.000109273343696, 9.34876734391e-05, 0.000136028087582, 0.000113168840471, 0.000175326524186, 6.22538063908e-05, 5.88062830502e-05, 6.2796563725e-05, 5.91968091612e-05, 4.20381184085e-05, 4.32865635958e-05, 3.58402903657e-05, 3.01766176563e-05, 4.3173735321e-05, 3.70006164303e-05, 3.23116364598e-05, 2.49649256148e-05, 1.83551201189e-05, 1.46666170622e-05, 1.11405961434e-05, 1.57252870849e-05, 1.14058193503e-05, 8.25940696814e-06, 6.77775824443e-06, 4.33184777648e-06, 5.67892175241e-06, 5.07978029418e-06, 3.87363434129e-06, 4.63186734123e-06, 2.92262870971e-06, 1.86706904515e-06, 1.83574820767e-06, 1.24695600334e-06],
        "median": [0.00709502585232, 0.0016774154501, 0.000214733852772, 0.000275795697235, 0.00011376159091, 6.40824364382e-05, 0.000103331840364, 4.25633079431e-05, 3.44014406437e-05, 3.58215038432e-05, 2.95812405966e-05, 4.67123245471e-05, 2.53594225796e-05, 2.07996272366e-05, 2.18047716771e-05, 1.85004028026e-05, 1.07136747829e-05, 1.42073731695e-05, 1.17357603813e-05, 1.12458292278e-05, 1.39888143167e-05, 9.2818554549e-06, 7.84956682764e-06, 8.14020313555e-06, 6.61991862216e-06, 4.57791020381e-06, 3.50592108589e-06, 3.70849966203e-06, 3.18186539516e-06, 1.80551887752e-06, 1.45819194586e-06, 6.73597696732e-07, 3.79281686946e-07, 2.28715549611e-07, 1.71466297161e-07, 2.49984509537e-07, 4.10575069054e-07, 2.71504063676e-07, 1.61441903401e-07, 1.67766259551e-07],
        "min": [1.44862570938e-24, 1.4125254622e-24, 1.82568899473e-24, 1.91857085822e-24, 1.65025421802e-24, 2.36287999979e-24, 1.97062483112e-24, 1.92064319582e-24, 2.21415408118e-24, 1.66098390962e-24, 3.04540462435e-24, 2.63118283492e-24, 3.64456656997e-24, 2.90620932877e-24, 3.26772850441e-24, 3.20759245432e-24, 2.42117918727e-24, 3.50198784996e-24, 4.32222017566e-24, 4.87171583312e-24, 3.59042349618e-24, 4.86106463318e-24, 4.64435902049e-24, 4.98499034266e-24, 4.66376066002e-24, 5.31079147423e-24, 4.49011580871e-24, 3.93965340221e-24, 5.50321437054e-24, 4.77460311139e-24, 4.48142295596e-24, 5.67410373072e-24, 4.18641974298e-24, 5.99296998608e-24, 4.98910819658e-24, 6.15400962899e-24, 4.48030632335e-24, 5.11768502995e-24, 7.41733329224e-24, 5.40279474389e-24],
        "var": [0.000113852860522, 4.01191791752e-05, 6.0930779e-06, 1.75872003183e-06, 2.44590466991e-07, 1.7638670613e-07, 1.38896481872e-07, 3.66854351341e-08, 3.41677193205e-08, 1.06195898297e-07, 5.28399439759e-08, 1.26543483248e-07, 1.44992204909e-08, 1.48788981136e-08, 1.37937528066e-08, 1.52333168302e-08, 9.88199122531e-09, 5.66854740924e-09, 4.837484191e-09, 2.82533507701e-09, 6.68389965597e-09, 4.92932272778e-09, 4.14529610637e-09, 2.45714715241e-09, 1.2889644907e-09, 1.27734556266e-09, 5.70404889988e-10, 4.69020289273e-09, 9.52553480538e-10, 8.10393863127e-10, 5.59579549364e-10, 8.60816973258e-11, 1.61714530655e-10, 1.25313162624e-10, 7.47760603437e-11, 1.19858248326e-10, 3.83754139577e-11, 1.56995354217e-11, 1.52839078199e-11, 7.47159192155e-12]
    },
    "mfcc": {
        "mean": [-664.831481934, 119.932891846, -10.0035400391, 22.9248657227, 9.67986011505, 3.13848471642, 6.23877954483, 5.89500331879, 3.70045042038, 0.760467171669, -2.39576601982, 4.7914276123, -1.02813124657],
        "cov": [[12264.9765625, -1734.76831055, 805.809326172, 1022.92150879, 183.87878418, 765.953491211, 414.888946533, 341.17779541, 308.762756348, 446.123901367, 168.296920776, 133.771636963, 47.9043388367], [-1734.76831055, 2857.47290039, -314.426635742, 410.021087646, 408.374969482, 99.9270401001, 304.618133545, 116.540260315, 207.074005127, 59.8134307861, 108.557548523, 124.45401001, -29.1772918701], [805.809326172, -314.426635742, 1431.22595215, 294.81149292, 324.322265625, 476.836761475, 51.189453125, 307.691894531, 149.532333374, 146.383605957, 138.374557495, 100.417442322, 113.94393158], [1022.92150879, 410.021087646, 294.81149292, 844.458007812, 376.048095703, 211.481292725, 224.109329224, 175.332427979, 265.501647949, 86.5541305542, 73.482131958, 196.776184082, 47.3034629822], [183.87878418, 408.374969482, 324.322265625, 376.048095703, 442.18838501, 228.351074219, 157.399612427, 205.508071899, 186.691864014, 106.796791077, 92.9392623901, 118.872070312, 73.8051681519], [765.953491211, 99.9270401001, 476.836761475, 211.481292725, 228.351074219, 517.790039062, 214.278030396, 229.14604187, 133.510177612, 191.873687744, 159.920593262, 50.1781845093, 74.6008148193], [414.888946533, 304.618133545, 51.189453125, 224.109329224, 157.399612427, 214.278030396, 388.379699707, 129.60105896, 137.170806885, 149.215179443, 103.306861877, 82.647315979, 24.8339347839], [341.17779541, 116.540260315, 307.691894531, 175.332427979, 205.508071899, 229.14604187, 129.60105896, 346.88293457, 125.274757385, 109.312911987, 127.730781555, 52.4901695251, 104.926269531], [308.762756348, 207.074005127, 149.532333374, 265.501647949, 186.691864014, 133.510177612, 137.170806885, 125.274757385, 279.026092529, 109.728851318, 68.2851409912, 93.4813995361, 25.2775363922], [446.123901367, 59.8134307861, 146.383605957, 86.5541305542, 106.796791077, 191.873687744, 149.215179443, 109.312911987, 109.728851318, 203.930145264, 105.17338562, 27.4298114777, 50.8273582458], [168.296920776, 108.557548523, 138.374557495, 73.482131958, 92.9392623901, 159.920593262, 103.306861877, 127.730781555, 68.2851409912, 105.17338562, 188.678390503, 48.5730400085, 66.0793914795], [133.771636963, 124.45401001, 100.417442322, 196.776184082, 118.872070312, 50.1781845093, 82.647315979, 52.4901695251, 93.4813995361, 27.4298114777, 48.5730400085, 187.231704712, 50.183391571], [47.9043388367, -29.1772918701, 113.94393158, 47.3034629822, 73.8051681519, 74.6008148193, 24.8339347839, 104.926269531, 25.2775363922, 50.8273582458, 66.0793914795, 50.183391571, 163.878097534]],
