{
"lowlevel": {
    "average_loudness": 0.780680060387,
    "barkbands_crest": {
        "dmean": 2.75639128685,
        "dmean2": 4.28811454773,
        "dvar": 6.97918605804,
        "dvar2": 16.6521987915,
        "max": 26.7673034668,
        "mean": 12.0151119232,
        "median": 11.230304718,
        "min": 1.87691903114,
        "var": 23.5105266571
    },
    "barkbands_flatness_db": {
        "dmean": 0.02719370462,
        "dmean2": 0.0401378422976,
        "dvar": 0.000906955450773,
        "dvar2": 0.0019067650428,
        "max": 0.670917570591,
        "mean": 0.185514345765,
        "median": 0.160680070519,
        "min": 0.00724670430645,
        "var": 0.010360378772
    },
    "barkbands_kurtosis": {
        "dmean": 6.30491065979,
        "dmean2": 9.55130577087,
        "dvar": 577.724243164,
        "dvar2": 1231.16577148,
        "max": 1416.44677734,
        "mean": 10.6821107864,
        "median": 3.83659124374,
        "min": -1.97759652138,
        "var": 1140.10302734
    },
    "barkbands_skewness": {
        "dmean": 0.738337397575,
        "dmean2": 1.09867942333,
        "dvar": 0.989698410034,
        "dvar2": 2.1576666832,
        "max": 35.6962585449,
        "mean": 1.92215931416,
        "median": 1.66685080528,
        "min": -4.27188682556,
        "var": 3.90818691254
    },
    "barkbands_spread": {
        "dmean": 6.36560773849,
        "dmean2": 9.57499027252,
        "dvar": 97.1192855835,
        "dvar2": 214.216873169,
        "max": 121.471679688,
        "mean": 19.6709098816,
        "median": 14.2884464264,
        "min": 0.12564894557,
        "var": 328.969299316
    },
    "dissonance": {
        "dmean": 0.0278178099543,
        "dmean2": 0.046331487596,
        "dvar": 0.000887398142368,
        "dvar2": 0.00246019428596,
        "max": 0.500000119209,
        "mean": 0.438893526793,
        "median": 0.456481635571,
        "min": 0.111593522131,
        "var": 0.00327232899144
    },
    "dynamic_complexity": 6.82819843292,
    "erbbands_crest": {
        "dmean": 2.69028425217,
        "dmean2": 4.27942466736,
        "dvar": 7.03282022476,
        "dvar2": 17.268163681,
        "max": 32.9665565491,
        "mean": 10.4755001068,
        "median": 9.44664001465,
        "min": 2.0771894455,
        "var": 29.4341030121
    },
    "erbbands_flatness_db": {
        "dmean": 0.0196437370032,
        "dmean2": 0.0285083223134,
        "dvar": 0.000502812559716,
        "dvar2": 0.000948211993091,
        "max": 0.627098619938,
        "mean": 0.174339234829,
        "median": 0.157512679696,
        "min": 0.0395781286061,
        "var": 0.00777842197567
    },
    "erbbands_kurtosis": {
        "dmean": 1.79593002796,
        "dmean2": 2.78706073761,
        "dvar": 11.4485044479,
        "dvar2": 24.8477802277,
        "max": 176.215118408,
        "mean": 2.6365647316,
        "median": 0.769692897797,
        "min": -1.81314921379,
        "var": 50.1353187561
    },
    "erbbands_skewness": {
        "dmean": 0.45387929678,
        "dmean2": 0.682559967041,
        "dvar": 0.240761399269,
        "dvar2": 0.538880288601,
        "max": 11.6069421768,
        "mean": 0.815909087658,
        "median": 0.713768720627,
        "min": -5.79865980148,
        "var": 1.30516397953
    },
    "erbbands_spread": {
        "dmean": 9.69647216797,
        "dmean2": 14.5179462433,
        "dvar": 162.964172363,
        "dvar2": 358.319885254,
        "max": 178.09677124,
        "mean": 37.2122344971,
        "median": 30.5724372864,
        "min": 0.521145820618,
        "var": 692.74407959
    },
    "hfc": {
        "dmean": 8.51184749603,
        "dmean2": 11.923456192,
        "dvar": 242.2059021,
        "dvar2": 473.895202637,
        "max": 171.96862793,
        "mean": 23.5129165649,
        "median": 13.0687999725,
        "min": 1.07344134681e-16,
        "var": 786.02923584
    },
    "melbands_crest": {
        "dmean": 3.5801320076,
        "dmean2": 5.65040493011,
        "dvar": 11.7747821808,
        "dvar2": 28.4713039398,
        "max": 37.3364143372,
        "mean": 16.2268028259,
        "median": 15.4625549316,
        "min": 1.60175907612,
        "var": 38.0524253845
    },
    "melbands_flatness_db": {
        "dmean": 0.0331554114819,
        "dmean2": 0.0477506406605,
        "dvar": 0.00147562031634,
        "dvar2": 0.00304062268697,
        "max": 0.795789182186,
        "mean": 0.262844651937,
        "median": 0.237319558859,
        "min": 0.00309523311444,
        "var": 0.016390575096
    },
    "melbands_kurtosis": {
        "dmean": 12.6682167053,
        "dmean2": 19.2832984924,
        "dvar": 837.077880859,
        "dvar2": 1896.95703125,
        "max": 950.069213867,
        "mean": 23.5750007629,
        "median": 10.6913881302,
        "min": -1.8568944931,
        "var": 1933.07592773
    },
    "melbands_skewness": {
        "dmean": 0.953685462475,
        "dmean2": 1.41935396194,
        "dvar": 1.4986833334,
        "dvar2": 3.28638482094,
        "max": 25.0043754578,
        "mean": 2.99807572365,
        "median": 2.54115247726,
        "min": -2.78727817535,
        "var": 5.88053512573
    },
    "melbands_spread": {
        "dmean": 7.64047002792,
        "dmean2": 11.8792257309,
        "dvar": 282.286499023,
        "dvar2": 647.907592773,
        "max": 265.122406006,
        "mean": 20.5364494324,
        "median": 11.9840087891,
        "min": 0.27256205678,
        "var": 739.98046875
    },
    "pitch_salience": {
        "dmean": 0.0806711092591,
        "dmean2": 0.126994028687,
        "dvar": 0.00700749829412,
        "dvar2": 0.0169202499092,
        "max": 0.932083725929,
        "mean": 0.520273089409,
        "median": 0.526167988777,
        "min": 0.0179506074637,
        "var": 0.0199831034988
    },
    "silence_rate_20dB": {
        "dmean": 0,
        "dmean2": 0,
        "dvar": 0,
        "dvar2": 0,
        "max": 1,
        "mean": 1,
        "median": 1,
        "min": 1,
        "var": 0
    },
    "silence_rate_30dB": {
        "dmean": 0.0245016142726,
        "dmean2": 0.0490086860955,
        "dvar": 0.0238998644054,
        "dvar2": 0.0608630180359,
        "max": 1,
        "mean": 0.977394223213,
        "median": 1,
        "min": 0,
        "var": 0.0220924653113
    },
    "silence_rate_60dB": {
        "dmean": 0.0291791968048,
        "dmean2": 0.0583648905158,
        "dvar": 0.0283299665898,
        "dvar2": 0.0636502355337,
        "max": 1,
        "mean": 0.226726055145,
        "median": 0,
        "min": 0,
        "var": 0.175308197737
    },
    "spectral_centroid": {
        "dmean": 269.555114746,
        "dmean2": 400.48638916,
        "dvar": 190780.390625,
        "dvar2": 386560.5625,
        "max": 11520.1044922,
        "mean": 1188.03637695,
        "median": 915.119445801,
        "min": 110.261329651,
        "var": 1338063.25
    },
    "spectral_complexity": {
        "dmean": 3.41641616821,
        "dmean2": 4.95433282852,
        "dvar": 28.4629402161,
        "dvar2": 54.3881607056,
        "max": 60,
        "mean": 13.189866066,
        "median": 11,
        "min": 0,
        "var": 130.800506592
    },
    "spectral_decrease": {
        "dmean": 2.35051400566e-09,
        "dmean2": 3.56725338158e-09,
        "dvar": 1.42712279944e-17,
        "dvar2": 3.2396786771e-17,
        "max": 2.5472172982e-11,
        "mean": -7.38560901326e-09,
        "median": -5.43888756255e-09,
        "min": -3.99775430537e-08,
        "var": 5.74981118545e-17
    },
    "spectral_energy": {
        "dmean": 0.00927079375833,
        "dmean2": 0.0139951389283,
        "dvar": 0.000218651868636,
        "dvar2": 0.000487664307002,
        "max": 0.153252512217,
        "mean": 0.0300076492131,
        "median": 0.0222999900579,
        "min": 1.02250089651e-20,
        "var": 0.000913387397304
    },
    "spectral_energyband_high": {
        "dmean": 0.000688746629748,
        "dmean2": 0.000961430778261,
        "dvar": 2.08836013371e-06,
        "dvar2": 3.971229944e-06,
        "max": 0.0178004056215,
        "mean": 0.00137315725442,
        "median": 0.000342658982845,
        "min": 7.26356666288e-21,
        "var": 5.48341313333e-06
    },
    "spectral_energyband_low": {
        "dmean": 0.00607781857252,
        "dmean2": 0.00911805033684,
        "dvar": 0.000146357124322,
        "dvar2": 0.000336466066074,
        "max": 0.13136048615,
        "mean": 0.0139243360609,
        "median": 0.00359459896572,
        "min": 2.37612777484e-23,
        "var": 0.000454220804386
    },
    "spectral_energyband_middle_high": {
        "dmean": 0.00181104254443,
        "dmean2": 0.0027388681192,
        "dvar": 1.19515498227e-05,
        "dvar2": 2.7006952223e-05,
        "max": 0.0486065074801,
        "mean": 0.00465396791697,
        "median": 0.00130450376309,
        "min": 1.26925917261e-21,
        "var": 4.63579635834e-05
    },
    "spectral_energyband_middle_low": {
        "dmean": 0.00625627767295,
        "dmean2": 0.0100603420287,
        "dvar": 0.000174840548425,
        "dvar2": 0.000454813358374,
        "max": 0.124704159796,
        "mean": 0.0119271697477,
        "median": 0.00759479869157,
        "min": 1.60379726057e-22,
        "var": 0.000215392792597
    },
    "spectral_entropy": {
        "dmean": 0.229313001037,
        "dmean2": 0.330842703581,
        "dvar": 0.0756754651666,
        "dvar2": 0.147942662239,
        "max": 9.82102775574,
        "mean": 7.21174907684,
        "median": 7.40636920929,
        "min": 3.27412676811,
        "var": 0.975303173065
    },
    "spectral_flux": {
        "dmean": 0.0276307594031,
        "dmean2": 0.0422936826944,
        "dvar": 0.00136374100111,
        "dvar2": 0.00257336720824,
        "max": 0.410829216242,
        "mean": 0.079786233604,
        "median": 0.0645583420992,
        "min": 6.32013122392e-11,
        "var": 0.00506954127923
    },
    "spectral_kurtosis": {
        "dmean": 5.4288983345,
        "dmean2": 8.84156036377,
        "dvar": 312.840057373,
        "dvar2": 900.057495117,
        "max": 525.991333008,
        "mean": 17.0303497314,
        "median": 3.84126424789,
        "min": -1.29895067215,
        "var": 1954.95654297
    },
    "spectral_rms": {
        "dmean": 0.000758577371016,
        "dmean2": 0.0011009654263,
        "dvar": 1.04505318177e-06,
        "dvar2": 2.08680944525e-06,
        "max": 0.0122276181355,
        "mean": 0.00455480627716,
        "median": 0.00466434191912,
        "min": 3.15842035685e-12,
        "var": 8.52944867802e-06
    },
    "spectral_rolloff": {
        "dmean": 627.562255859,
        "dmean2": 1019.75061035,
        "dvar": 2239197,
        "dvar2": 4580855.5,
        "max": 19573.6816406,
        "mean": 1624.39819336,
        "median": 624.462890625,
        "min": 64.599609375,
        "var": 7759323.5
    },
    "spectral_skewness": {
        "dmean": 0.393426150084,
        "dmean2": 0.606895983219,
        "dvar": 0.458396971226,
        "dvar2": 1.13297247887,
        "max": 19.8538799286,
        "mean": 2.47430038452,
        "median": 1.68668949604,
        "min": -0.343633323908,
        "var": 5.39123344421
    },
    "spectral_spread": {
        "dmean": 726493.25,
        "dmean2": 1055344.75,
        "dvar": 1.17195328717e+12,
        "dvar2": 2.22880858112e+12,
        "max": 42463208,
        "mean": 5578677,
        "median": 5367537,
        "min": 198865.65625,
        "var": 1.41478886113e+13
    },
    "spectral_strongpeak": {
        "dmean": 0.432858794928,
        "dmean2": 0.724278271198,
        "dvar": 0.706705212593,
        "dvar2": 1.73749291897,
        "max": 9.5585231781,
        "mean": 0.895603060722,
        "median": 0.470505416393,
        "min": 0,
        "var": 1.4676476717
    },
    "zerocrossingrate": {
        "dmean": 0.0140844583511,
        "dmean2": 0.0156772658229,
        "dvar": 0.000573254306801,
        "dvar2": 0.000595088349655,
        "max": 0.7138671875,
        "mean": 0.0659185126424,
        "median": 0.0458984375,
        "min": 0.001953125,
        "var": 0.00551479822025
    },
    "barkbands": {
        "dmean": [0.000174366228748, 0.00459213694558, 0.00275864545256, 0.00267342128791, 0.00222826423123, 0.00117032043636, 0.000604082481004, 0.000603101041634, 0.000950143847149, 0.000466126191895, 0.000326462468365, 0.000494585896377, 0.000403789483244, 0.000428198021837, 0.000227544282097, 0.000186388191651, 0.000136459901114, 0.000157471178682, 9.67082232819e-05, 0.000115150687634, 0.000116057417472, 0.000137679235195, 0.000122991958051, 0.000155441884999, 0.000129460560856, 6.87750070938e-05, 2.62022858806e-05],
        "dmean2": [0.000234923849348, 0.00600129785016, 0.00458541000262, 0.00467088771984, 0.00383604131639, 0.00186901132111, 0.00098257639911, 0.000923802552279, 0.00142542296089, 0.000728241924662, 0.000522075919434, 0.000750875624362, 0.000658379285596, 0.000669270928483, 0.000354566378519, 0.000299649807857, 0.000223827562877, 0.000253689126112, 0.000151540647494, 0.000177562091267, 0.000184814052773, 0.000212842947803, 0.000177991983946, 0.000213256455027, 0.000183336407645, 9.95165974018e-05, 3.99997297791e-05],
        "dvar": [1.61410866895e-07, 9.67663509073e-05, 6.69610817567e-05, 6.09465896559e-05, 3.69889639842e-05, 7.81875314715e-06, 2.61515197053e-06, 3.23724088958e-06, 6.35261631032e-06, 2.9563143471e-06, 1.19470757909e-06, 1.90088439922e-06, 1.57387262334e-06, 1.58019224727e-06, 3.74400769942e-07, 2.44102437819e-07, 1.29244284608e-07, 9.80178853638e-08, 4.88584603886e-08, 6.66014088324e-08, 6.51250360306e-08, 9.58793435757e-08, 7.31328952952e-08, 1.18564486229e-07, 8.62006572788e-08, 2.97782172254e-08, 7.75806530129e-09],
        "dvar2": [2.6904524475e-07, 0.000175366192707, 0.000174305518158, 0.000170737184817, 0.000102861020423, 1.9162778699e-05, 6.45423642709e-06, 7.13189092494e-06, 1.34677820824e-05, 6.95286416885e-06, 2.74062358585e-06, 3.98744168706e-06, 4.03470721722e-06, 3.66553126696e-06, 8.50777325923e-07, 5.86186160945e-07, 3.41595068676e-07, 2.38310747136e-07, 1.17511682163e-07, 1.58565001129e-07, 1.58242755788e-07, 2.26956586857e-07, 1.42475769849e-07, 2.18634852445e-07, 1.67861927025e-07, 6.39943849023e-08, 1.80190582455e-08],
        "max": [0.0169309899211, 0.121321931481, 0.0943855419755, 0.0741974711418, 0.0594394542277, 0.0503292530775, 0.0334714502096, 0.0540307685733, 0.0672435536981, 0.0464882925153, 0.0314322896302, 0.0250965803862, 0.0269974786788, 0.0273140091449, 0.0276676863432, 0.0147789306939, 0.00871369615197, 0.00513968849555, 0.00392285082489, 0.00746382167563, 0.00392608903348, 0.00481261778623, 0.00354124186561, 0.00660436134785, 0.00587124796584, 0.00238676834852, 0.0011448552832],
        "mean": [0.00036374561023, 0.00870042853057, 0.00308950222097, 0.00305868336, 0.00282840221189, 0.00203708466142, 0.000828805554193, 0.00108253408689, 0.00188829214312, 0.000622328079771, 0.000527220137883, 0.000951431575231, 0.000598452170379, 0.000706087157596, 0.000367987464415, 0.000270723627182, 0.000206080789212, 0.00026685668854, 0.000153076616698, 0.000200765090995, 0.000183344469406, 0.00021341755928, 0.000201164046302, 0.000282571854768, 0.00022696259839, 0.000113408095785, 3.82258767786e-05],
        "median": [1.80062706931e-05, 0.000877463840879, 0.000318663602229, 0.000310649105813, 0.000934637384489, 0.000458604103187, 0.000169594626641, 0.000160953160957, 0.000217762979446, 9.45500069065e-05, 5.36162806384e-05, 7.57800517022e-05, 7.00728051015e-05, 6.54161558487e-05, 4.95265776408e-05, 3.84975974157e-05, 3.29524809786e-05, 6.18085905444e-05, 3.62061327905e-05, 4.19254647568e-05, 2.89379167953e-05, 4.40755866293e-05, 3.82593643735e-05, 5.58307801839e-05, 4.03310368711e-05, 1.68910701177e-05, 3.21349602928e-07],
        "min": [3.56036247227e-25, 2.37347400732e-24, 7.91805624373e-25, 1.06834327989e-24, 9.40970169371e-24, 7.90005463508e-24, 6.89376867603e-24, 5.15000821111e-24, 1.28311318569e-23, 2.1078786217e-23, 1.99843032421e-23, 2.5888040438e-23, 4.0197783199e-23, 4.39915036446e-23, 2.175995972e-23, 6.0209082839e-23, 7.40309167077e-23, 9.51734239532e-23, 1.16409149314e-22, 2.16802932883e-22, 2.68954211783e-22, 3.02032777747e-22, 3.81954737301e-22, 5.80307185488e-22, 8.28046870179e-22, 1.27163196524e-21, 1.9264517459e-21],
        "var": [7.55602627578e-07, 0.000270035699941, 5.81592466915e-05, 4.74539519928e-05, 3.13817799906e-05, 1.98775542231e-05, 3.8518483052e-06, 9.83483732853e-06, 2.04499083338e-05, 4.03360627388e-06, 3.3055791846e-06, 5.70357769902e-06, 3.43622673427e-06, 3.64304355571e-06, 8.35887703943e-07, 4.15008372556e-07, 2.26279396998e-07, 2.07156631404e-07, 8.22303718451e-08, 1.42493263411e-07, 1.1887775031e-07, 1.61619666983e-07, 1.59475746386e-07, 3.04222425029e-07, 2.0027071912e-07, 5.31510089274e-08, 1.09890478939e-08]
    },
    "erbbands": {
        "dmean": [0.14947655797, 1.06886792183, 2.66406273842, 6.85667276382, 6.88648986816, 7.92813253403, 10.3098936081, 9.53374671936, 8.06563568115, 10.6443977356, 13.2020111084, 18.9653759003, 21.7021312714, 9.83965206146, 16.3206481934, 16.5139331818, 15.8924608231, 19.2218151093, 13.6862516403, 12.0855569839, 9.26521015167, 7.90023183823, 7.97408103943, 5.7100071907, 4.95639228821, 5.52395105362, 4.44617176056, 5.03550624847, 4.94115066528, 3.96982336044, 3.45732808113, 3.42512083054, 2.5462782383, 1.70920312405, 0.839662969112, 0.345636069775, 0.114603355527, 0.0310266967863, 0.00567195285112, 0.000186019140529],
        "dmean2": [0.182596951723, 1.43500447273, 4.24011230469, 11.7743310928, 11.8007898331, 13.829750061, 17.4062843323, 15.0129165649, 13.256814003, 16.8952484131, 20.2634868622, 28.128786087, 33.0710067749, 15.7028694153, 25.1806945801, 25.4240703583, 25.2713127136, 29.8278884888, 21.4023342133, 19.0310115814, 14.9245834351, 12.7952699661, 12.7314910889, 8.99889278412, 7.63040447235, 8.61964893341, 6.98217344284, 8.1945400238, 7.73400878906, 5.93803930283, 4.98658514023, 4.89359474182, 3.40036940575, 2.4176774025, 1.20120179653, 0.493633806705, 0.16828674078, 0.0462981499732, 0.00883623771369, 0.000290337338811],
        "dvar": [0.096094571054, 6.07424592972, 56.6935157776, 407.152130127, 330.283905029, 583.049499512, 822.638305664, 631.549743652, 410.609313965, 1281.09082031, 1345.06799316, 3025.37719727, 4841.68701172, 735.207763672, 1890.61181641, 2212.38720703, 2744.15893555, 3373.3671875, 1575.44458008, 1057.09594727, 593.452453613, 396.985748291, 250.21812439, 178.39239502, 117.714637756, 165.381835938, 91.0494308472, 147.49005127, 130.558425903, 73.7540740967, 57.2713851929, 62.403629303, 30.8171749115, 14.1773252487, 4.04316043854, 0.629615545273, 0.0943605452776, 0.00938288774341, 0.000392779591493, 3.77208323243e-07],
        "dvar2": [0.14390167594, 11.5949716568, 143.788314819, 1114.77709961, 905.854980469, 1643.86413574, 2215.45141602, 1540.70568848, 1052.75683594, 3064.41088867, 2930.0222168, 6055.15185547, 10839.1005859, 1768.27600098, 4305.703125, 4882.55273438, 6800.96923828, 7807.80419922, 3791.6953125, 2491.43139648, 1435.54650879, 1032.68823242, 606.881408691, 430.955474854, 271.149810791, 401.374145508, 209.898666382, 371.152709961, 317.706390381, 157.055740356, 109.894119263, 122.707672119, 55.8360404968, 28.2164268494, 8.04436016083, 1.27727293968, 0.207606106997, 0.021214639768, 0.000933685165364, 9.03362035842e-07],
        "max": [4.29918861389, 30.9053688049, 98.8289031982, 198.257217407, 198.688735962, 232.69644165, 347.543579102, 612.320800781, 549.09387207, 934.475524902, 1122.02429199, 1827.96728516, 1891.92028809, 649.592712402, 996.52557373, 1142.0793457, 1360.88745117, 1377.92211914, 1018.82861328, 1111.8059082, 544.668518066, 331.413238525, 309.431060791, 313.454223633, 195.689208984, 352.522186279, 216.389266968, 169.922897339, 168.613235474, 127.664115906, 98.575050354, 144.407806396, 105.032936096, 56.9896087646, 49.9006576538, 17.3546981812, 3.43316316605, 1.35205161572, 0.304623901844, 0.00883936975151],
        "mean": [0.287588864565, 1.79577851295, 3.41945028305, 7.9974656105, 8.69560527802, 9.24457740784, 14.7048788071, 16.603017807, 12.0461540222, 16.9973068237, 26.1451663971, 36.763584137, 35.129650116, 16.212305069, 30.4916057587, 29.9524841309, 26.7929916382, 33.923915863, 22.9887676239, 20.2386112213, 14.6338424683, 12.7820215225, 14.1502923965, 9.62152385712, 8.61656093597, 10.0539093018, 7.9385638237, 6.97633600235, 7.34754943848, 6.67661714554, 5.74549055099, 5.98127412796, 4.50192022324, 2.85975909233, 1.45986545086, 0.587990403175, 0.178527757525, 0.047391358763, 0.00798762217164, 0.000296569574857],
        "median": [0.018833309412, 0.209961399436, 0.544295668602, 1.17559158802, 1.89589881897, 2.71372890472, 3.49779510498, 3.93253087997, 3.36954784393, 3.47021484375, 5.40956926346, 5.33551025391, 5.5681977272, 3.58145260811, 4.0467042923, 3.48350691795, 3.67541503906, 3.38753390312, 3.04118537903, 3.21399998665, 2.30929946899, 2.27793622017, 3.2990500927, 2.67042040825, 2.15632724762, 2.02366685867, 1.35725069046, 1.125, 1.45756983757, 1.47967743874, 1.06903982162, 1.04378402233, 0.895930588245, 0.483745992184, 0.251781761646, 0.115392759442, 0.0186261385679, 0.00168713997118, 9.31645045057e-05, 4.22001539846e-05],
        "min": [9.8855586845e-23, 7.1756787228e-22, 2.78353748215e-21, 8.73172339287e-21, 2.20755457718e-20, 1.86837805273e-20, 5.0012341499e-20, 1.25868067156e-19, 1.63554583885e-19, 1.45333074536e-19, 1.51793200023e-19, 4.3442088545e-19, 4.01920674839e-19, 6.90295507764e-19, 1.30005412615e-18, 1.03914791927e-18, 1.93068442425e-18, 2.09756542449e-18, 2.14615918355e-18, 3.69912936546e-18, 3.35524639658e-18, 4.92066419915e-18, 5.44458426911e-18, 5.31763686051e-18, 6.74761872701e-18, 9.67405841636e-18, 9.54307023046e-18, 1.24260560543e-17, 9.14587877983e-18, 1.17244720644e-17, 1.02218620857e-17, 1.0268449725e-17, 8.45890693546e-18, 9.33740004296e-18, 6.4942739849e-18, 4.51604549379e-18, 2.54636095123e-18, 1.06937992309e-18, 2.2395398097e-19, 2.94158899821e-20],
        "var": [0.319866329432, 13.1786289215, 59.0899162292, 323.05456543, 303.942260742, 462.405700684, 1079.7076416, 1386.68286133, 649.231628418, 2204.48071289, 4067.40722656, 9582.03515625, 8342.65625, 1420.83056641, 5330.80175781, 5023.80761719, 6916.11425781, 7439.69042969, 3627.63525391, 2294.93334961, 1077.12866211, 794.514587402, 571.368591309, 300.698913574, 236.831039429, 374.098602295, 228.256149292, 204.620788574, 202.483551025, 152.978256226, 128.744003296, 146.297012329, 78.3526077271, 32.3258247375, 8.80105400085, 1.30241513252, 0.151214212179, 0.0144358184189, 0.000512926431838, 5.33501747668e-07]
    },
    "gfcc": {
        "mean": [-77.8620834351, 89.6249313354, -86.8250961304, 18.1447868347, -56.7312011719, 15.4265832901, -36.8251724243, 8.47828006744, -21.3768138885, 1.09407031536, -11.8520479202, -2.0036046505, -9.34537982941],
        "cov": [[38794.40625, -7585.10742188, -2507.49560547, 1584.60205078, -764.777282715, 1743.92419434, -411.147613525, 1236.14562988, -941.023742676, 554.011047363, -985.270507812, 474.438201904, -746.804443359], [-7585.10742188, 5833.23144531, 777.919433594, -569.24017334, 395.989990234, -545.73651123, 103.177284241, -457.787689209, 339.28125, -371.458312988, 427.500946045, -348.258331299, 258.518463135], [-2507.49560547, 777.919433594, 1476.68188477, 138.875869751, 188.757385254, -92.1673965454, 18.7063407898, -84.9862060547, 110.937919617, -25.1197719574, 3.5412273407, -38.6935462952, 10.7587833405], [1584.60205078, -569.24017334, 138.875869751, 822.705078125, 103.479446411, 179.647979736, -10.5355758667, 164.68031311, 23.8500232697, 28.7479496002, -140.639541626, 19.6106872559, -66.7030258179], [-764.777282715, 395.989990234, 188.757385254, 103.479446411, 515.278259277, 144.93586731, 187.371902466, -6.62241697311, 135.149368286, 15.8198509216, 32.9360389709, -27.1555137634, 30.6128196716], [1743.92419434, -545.73651123, -92.1673965454, 179.647979736, 144.93586731, 425.982696533, 184.427200317, 154.664840698, -45.3528404236, 104.004058838, -13.2227458954, 26.8161907196, -47.6201782227], [-411.147613525, 103.177284241, 18.7063407898, -10.5355758667, 187.371902466, 184.427200317, 409.880859375, 68.3997192383, 64.8929977417, 46.8775253296, 91.034538269, -32.9581947327, -11.3646755219], [1236.14562988, -457.787689209, -84.9862060547, 164.68031311, -6.62241697311, 154.664840698, 68.3997192383, 260.024688721, 24.4180335999, 66.4797058105, -26.0444278717, 52.1640777588, -30.5210208893], [-941.023742676, 339.28125, 110.937919617, 23.8500232697, 135.149368286, -45.3528404236, 64.8929977417, 24.4180335999, 252.867919922, 25.0539131165, 44.0126342773, 9.21444416046, 81.5206756592], [554.011047363, -371.458312988, -25.1197719574, 28.7479496002, 15.8198509216, 104.004058838, 46.8775253296, 66.4797058105, 25.0539131165, 161.169021606, 35.2885169983, 56.0590629578, 2.69285416603], [-985.270507812, 427.500946045, 3.5412273407, -140.639541626, 32.9360389709, -13.2227458954, 91.034538269, -26.0444278717, 44.0126342773, 35.2885169983, 200.822006226, 31.8048877716, 51.1634712219], [474.438201904, -348.258331299, -38.6935462952, 19.6106872559, -27.1555137634, 26.8161907196, -32.9581947327, 52.1640777588, 9.21444416046, 56.0590629578, 31.8048877716, 140.618301392, 31.7153320312], [-746.804443359, 258.518463135, 10.7587833405, -66.7030258179, 30.6128196716, -47.6201782227, -11.3646755219, -30.5210208893, 81.5206756592, 2.69285416603, 51.1634712219, 31.7153320312, 151.67791748]],
        "icov": [[5.16646796314e-05, 2.78119796349e-06, 5.95385245106e-05, -2.38112752413e-05, 4.46568374173e-05, -0.000164319877513, 6.99879747117e-05, -6.44626852591e-05, 4.49779508926e-05, -5.5527092627e-05, 0.000160279218107, -0.000109842061647, 0.000112327594252], [2.78119796349e-06, 0.000448995648185, -0.000137045455631, 6.92702524248e-05, -0.000225110328756, 0.000123378471471, 0.000218468820094, 1.49266506924e-05, -0.000272987934295, 0.000785131240264, -0.0011071767658, 0.00106222007889, -0.00032370199915], [5.95385245106e-05, -0.000137045455631, 0.000886197260115, -0.000245839823037, -0.000133020323119, 3.5647986806e-05, -1.90177870536e-05, 0.000180847331649, -5.19741552125e-05, -0.000382829952287, 0.000498692737892, -0.000408828054788, 0.000380754820071], [-2.38112752413e-05, 6.92702524248e-05, -0.000245839823037, 0.00180386030115, -0.000338609475875, -0.000481612398289, 0.000399248121539, -0.000737974711228, -0.000457555579487, 0.000332736439304, 0.000697978481185, -2.04024545383e-05, 0.000382805039408], [4.46568374173e-05, -0.000225110328756, -0.000133020323119, -0.000338609475875, 0.00347671145573, -0.00178152520675, -0.000835499959067, 0.00122860982083, -0.00169907533564, 0.00019608855655, 0.000687752210069, -0.000498666719068, 0.000169662351254], [-0.000164319877513, 0.000123378471471, 3.5647986806e-05, -0.000481612398289, -0.00178152520675, 0.00612656865269, -0.00197489908896, -0.00175654341001, 0.00243750726804, -0.00204824493267, -9.02176252566e-05, 0.00046948864474, -0.000793487357441], [6.99879747117e-05, 0.000218468820094, -1.90177870536e-05, 0.000399248121539, -0.000835499959067, -0.00197489908896, 0.00476012006402, -0.000924015417695, -0.0010559251532, 0.000486755510792, -0.00252090743743, 0.0021775776986, 0.000822379428428], [-6.44626852591e-05, 1.49266506924e-05, 0.000180847331649, -0.000737974711228, 0.00122860982083, -0.00175654341001, -0.000924015417695, 0.00687994761392, -0.00204246910289, -0.000311727606459, 0.000647803070024, -0.00193133403081, 0.0011241256725], [4.49779508926e-05, -0.000272987934295, -5.19741552125e-05, -0.000457555579487, -0.00169907533564, 0.00243750726804, -0.0010559251532, -0.00204246910289, 0.00745619414374, -0.00217368360609, 0.000686613202561, -0.000147756916704, -0.0030622347258], [-5.5527092627e-05, 0.000785131240264, -0.000382829952287, 0.000332736439304, 0.00019608855655, -0.00204824493267, 0.000486755510792, -0.000311727606459, -0.00217368360609, 0.0107293017209, -0.00346204126254, -0.000748599355575, 0.000155140034622], [0.000160279218107, -0.0011071767658, 0.000498692737892, 0.000697978481185, 0.000687752210069, -9.02176252566e-05, -0.00252090743743, 0.000647803070024, 0.000686613202561, -0.00346204126254, 0.0110296774656, -0.00502606900409, -0.000254991609836], [-0.000109842061647, 0.00106222007889, -0.000408828054788, -2.04024545383e-05, -0.000498666719068, 0.00046948864474, 0.0021775776986, -0.00193133403081, -0.000147756916704, -0.000748599355575, -0.00502606900409, 0.0132303871214, -0.00328700733371], [0.000112327594252, -0.00032370199915, 0.000380754820071, 0.000382805039408, 0.000169662351254, -0.000793487357441, 0.000822379428428, 0.0011241256725, -0.0030622347258, 0.000155140034622, -0.000254991609836, -0.00328700733371, 0.0102598695084]]
    },
    "melbands": {
        "dmean": [0.00127027661074, 0.00120602699462, 0.00115051493049, 0.000493844214361, 0.00036751254811, 0.000212477869354, 0.000120434509881, 0.000122620142065, 0.000112805500976, 0.000127953389892, 0.000109523840365, 4.23388955824e-05, 5.28828168171e-05, 6.0635018599e-05, 3.7935194996e-05, 4.00594108214e-05, 3.68634537153e-05, 2.68530948233e-05, 1.88952963072e-05, 1.36744347401e-05, 1.11391382234e-05, 8.67314975039e-06, 8.0189693108e-06, 8.02191243565e-06, 4.63924834548e-06, 3.60670833288e-06, 4.0394388634e-06, 4.00220005758e-06, 3.00534679809e-06, 2.85061923933e-06, 3.09435108647e-06, 3.09578240376e-06, 2.51349251812e-06, 2.20662650463e-06, 1.93821301764e-06, 2.33441414821e-06, 2.18496529669e-06, 1.94596600522e-06, 1.6757147705e-06, 1.43724275858e-06],
        "dmean2": [0.00163453374989, 0.00184068724047, 0.00195986405015, 0.000843935471494, 0.000629176385701, 0.000335457269102, 0.000198504480068, 0.000192754974705, 0.000171602296177, 0.000191782397451, 0.000167143982253, 6.75658229738e-05, 8.30665157991e-05, 9.17868237593e-05, 5.8737834479e-05, 6.37985140202e-05, 5.75375306653e-05, 4.23280798714e-05, 2.95538084174e-05, 2.17218930629e-05, 1.81936557055e-05, 1.42041244544e-05, 1.30338403324e-05, 1.28667606987e-05, 7.4168970059e-06, 5.67770484849e-06, 6.31024158793e-06, 6.35199558019e-06, 4.75042043036e-06, 4.59365583083e-06, 5.11559801453e-06, 4.9653485803e-06, 3.85098473998e-06, 3.34184710482e-06, 2.84840734821e-06, 3.56094642484e-06, 3.14990734296e-06, 2.68156782113e-06, 2.35477250499e-06, 2.09933318729e-06],
        "dvar": [7.20717662261e-06, 8.81359846971e-06, 1.06558827611e-05, 1.76744697455e-06, 1.09251334379e-06, 2.8188850365e-07, 8.6799261112e-08, 1.47964129837e-07, 8.31937256862e-08, 1.29794528902e-07, 1.24055475226e-07, 1.53288848281e-08, 2.53057361732e-08, 3.19356736611e-08, 1.72483005656e-08, 1.55975818927e-08, 1.28029995494e-08, 8.00554644798e-09, 3.10258441161e-09, 1.58872204281e-09, 9.57425583259e-10, 5.42064726439e-10, 3.64935359709e-10, 2.72408900992e-10, 1.31615190968e-10, 7.76047004436e-11, 7.76505665323e-11, 9.98706187194e-11, 4.72543254526e-11, 4.44284053991e-11, 5.65239001438e-11, 5.33304199413e-11, 3.05446293258e-11, 2.32182328919e-11, 1.81414189226e-11, 3.02006614161e-11, 2.61057998135e-11, 1.99139229412e-11, 1.32925745064e-11, 1.08573141797e-11],
        "dvar2": [1.21148905237e-05, 1.98361103685e-05, 2.88477258437e-05, 4.84966176373e-06, 3.03468846141e-06, 6.86930548e-07, 2.22892026613e-07, 3.52073925569e-07, 1.79856030513e-07, 2.71747609304e-07, 2.77704913287e-07, 3.66784220773e-08, 5.73176102137e-08, 6.54319975979e-08, 3.9281715658e-08, 3.90373458004e-08, 2.9763778997e-08, 1.91629183632e-08, 6.86579726406e-09, 3.72711994601e-09, 2.33122876558e-09, 1.42783551649e-09, 9.10240105512e-10, 6.5357641521e-10, 3.24356236314e-10, 1.87083279424e-10, 1.81300155444e-10, 2.46453607522e-10, 1.11248600609e-10, 1.11204927211e-10, 1.45015610631e-10, 1.34116731609e-10, 6.99754559852e-11, 5.01498946537e-11, 3.53992946067e-11, 6.72074271235e-11, 5.14814822716e-11, 3.89525946221e-11, 2.63085768448e-11, 2.3257678769e-11],
        "max": [0.0360047928989, 0.0399950183928, 0.0307085625827, 0.0123189324513, 0.0131856361404, 0.0120614329353, 0.00774853071198, 0.00876896921545, 0.00737493857741, 0.010585481301, 0.00932686403394, 0.00310941087082, 0.00471973465756, 0.00334163266234, 0.00372777553275, 0.00246017519385, 0.00310983555391, 0.00228812033311, 0.00268441205844, 0.00147452915553, 0.000673309667036, 0.000465649878606, 0.000310871837428, 0.000322508509271, 0.000267127616098, 0.000189035199583, 0.000205422125873, 0.000281812594039, 0.000186415782082, 8.30319331726e-05, 0.000113712478196, 0.000110657514597, 8.83622342371e-05, 6.96645438438e-05, 5.13108643645e-05, 7.49363825889e-05, 9.05706474441e-05, 8.61521621118e-05, 6.24891472398e-05, 5.339868585e-05],
        "mean": [0.00249883532524, 0.00202526268549, 0.00140979827847, 0.000618020538241, 0.000508201599587, 0.000377257325454, 0.000174941844307, 0.000207720819162, 0.000225041410886, 0.000242988273385, 0.000175369495992, 6.45255713607e-05, 9.28477675188e-05, 0.000115920214739, 5.89329392824e-05, 6.33884628769e-05, 6.19577986072e-05, 4.03223493777e-05, 3.06620640913e-05, 2.0669609512e-05, 1.59423179866e-05, 1.28644596771e-05, 1.20011427498e-05, 1.37768938657e-05, 6.97007635608e-06, 5.7352276599e-06, 6.52725202599e-06, 6.81294704918e-06, 5.24988945472e-06, 3.96135283154e-06, 4.01548686568e-06, 4.20246124122e-06, 4.06761273553e-06, 3.51723042513e-06, 3.14216526931e-06, 3.55418160325e-06, 3.74702676709e-06, 3.23227845911e-06, 2.81120628642e-06, 2.24912537305e-06],
        "median": [0.000214486586628, 0.00041204621084, 0.000248444150202, 0.000197506393306, 0.000120403376059, 8.89344373718e-05, 4.40929143224e-05, 3.27217712766e-05, 3.85782477679e-05, 2.7756761483e-05, 2.19691391976e-05, 1.15282236948e-05, 1.15393786473e-05, 9.26659413381e-06, 6.15448061581e-06, 6.29290298093e-06, 5.57777730137e-06, 3.75626132154e-06, 3.8905745896e-06, 3.09653387376e-06, 2.13202133637e-06, 1.86102101907e-06, 2.28169574257e-06, 2.85123996946e-06, 1.7545467017e-06, 1.31953959226e-06, 1.51153142269e-06, 9.85549149846e-07, 8.19383785711e-07, 5.65379309592e-07, 5.28125724486e-07, 7.10924041414e-07, 8.64543551415e-07, 7.27904307496e-07, 5.70240672459e-07, 5.23006576714e-07, 6.21625417807e-07, 6.08868958807e-07, 5.34246453299e-07, 3.044254413e-07],
        "min": [1.46060406919e-24, 1.29339149108e-24, 2.19080853155e-24, 2.04584863489e-24, 2.06786672884e-24, 2.79974663315e-24, 2.1079341575e-24, 1.8040777558e-24, 1.6396784529e-24, 2.00939872512e-24, 1.98378263659e-24, 2.74283682694e-24, 3.33750759021e-24, 2.826763147e-24, 3.55720219687e-24, 4.1645643516e-24, 3.30838462053e-24, 2.31436682906e-24, 2.10833391277e-24, 4.31047443122e-24, 3.34054431027e-24, 4.28042435275e-24, 4.52480596701e-24, 5.61979894043e-24, 3.32762119092e-24, 3.17894536497e-24, 6.1949428325e-24, 5.67734437132e-24, 4.65510448931e-24, 5.24584258376e-24, 7.38459398695e-24, 3.94447334234e-24, 5.10329817919e-24, 6.15732757796e-24, 4.91374910317e-24, 5.55779092341e-24, 6.15643537627e-24, 4.49982116442e-24, 6.35008613458e-24, 7.26439682854e-24],
        "var": [2.23023016588e-05, 1.500507733e-05, 8.82106178324e-06, 1.52965947109e-06, 1.18945615668e-06, 6.68345307986e-07, 1.32043638246e-07, 3.25093395759e-07, 2.8388217288e-07, 3.79936921036e-07, 2.17304204853e-07, 2.62453543343e-08, 7.35614165137e-08, 9.74570610879e-08, 4.00103239429e-08, 2.89654256136e-08, 2.65896655804e-08, 1.7084017756e-08, 6.61512489231e-09, 2.85125012489e-09, 1.57803636824e-09, 1.00156849481e-09, 6.13793404991e-10, 5.89592374922e-10, 1.92272697763e-10, 1.23990567813e-10, 1.41617259586e-10, 2.18155590814e-10, 1.18675999583e-10, 6.71062094781e-11, 7.2035238885e-11, 7.24334828228e-11, 5.81079143136e-11, 4.54252920001e-11, 3.91511649489e-11, 5.61775036212e-11, 5.9673217756e-11, 4.42408609747e-11, 3.05292180425e-11, 2.16603575354e-11]
    },
    "mfcc": {
        "mean": [-716.822631836, 116.470237732, 27.5262947083, 11.491558075, 6.23300933838, 2.89951658249, 1.81113421917, 2.67916369438, -2.11874771118, 2.12381339073, 1.06896841526, -1.35672867298, -2.61644649506],
        "cov": [[24218.8027344, -3355.85620117, -2497.35571289, -374.466491699, 174.277786255, 444.021636963, 423.630218506, 610.99798584, 305.358795166, 344.280334473, 116.118759155, -1.1460403204, -193.130386353], [-3355.85620117, 3241.34570312, 717.478393555, 118.018043518, 115.468788147, -68.0819854736, 5.7346367836, -70.7306289673, -147.090133667, -52.2498321533, 10.4284029007, -47.8158836365, 2.39800643921], [-2497.35571289, 717.478393555, 1199.5612793, 294.724121094, 91.1254577637, 5.87239360809, -56.9973602295, -49.9214324951, 9.25788116455, -49.5038146973, -8.68565368652, 24.3398246765, 19.4131717682], [-374.466491699, 118.018043518, 294.724121094, 477.178405762, 204.276031494, 51.8684043884, -46.789516449, 60.4988250732, 98.8685760498, 20.6619377136, -1.72186255455, 41.3508682251, 23.0835895538], [174.277786255, 115.468788147, 91.1254577637, 204.276031494, 356.84463501, 107.429214478, -14.701631546, 50.2877960205, 97.1126327515, 29.7707977295, -12.0096321106, 16.7287063599, 17.2720298767], [444.021636963, -68.0819854736, 5.87239360809, 51.8684043884, 107.429214478, 298.042724609, 173.545074463, 64.0204086304, 80.7479171753, 87.3695144653, 63.3596153259, 29.0231895447, 14.1114282608], [423.630218506, 5.7346367836, -56.9973602295, -46.789516449, -14.701631546, 173.545074463, 348.829223633, 116.907203674, 14.8071298599, 99.6714935303, 95.0524749756, 15.3782997131, 11.6062011719], [610.99798584, -70.7306289673, -49.9214324951, 60.4988250732, 50.2877960205, 64.0204086304, 116.907203674, 198.970443726, 81.8092651367, 64.1688156128, 61.3789672852, 37.5171470642, 31.5914287567], [305.358795166, -147.090133667, 9.25788116455, 98.8685760498, 97.1126327515, 80.7479171753, 14.8071298599, 81.8092651367, 202.443481445, 94.2027206421, 19.4075469971, 39.5149078369, 22.2804489136], [344.280334473, -52.2498321533, -49.5038146973, 20.6619377136, 29.7707977295, 87.3695144653, 99.6714935303, 64.1688156128, 94.2027206421, 156.123275757, 65.6812057495, 26.491733551, 16.6151885986], [116.118759155, 10.4284029007, -8.68565368652, -1.72186255455, -12.0096321106, 63.3596153259, 95.0524749756, 61.3789672852, 19.4075469971, 65.6812057495, 124.212303162, 54.0747833252, 26.0890979767], [-1.1460403204, -47.8158836365, 24.3398246765, 41.3508682251, 16.7287063599, 29.0231895447, 15.3782997131, 37.5171470642, 39.5149078369, 26.491733551, 54.0747833252, 110.553009033, 54.6348609924], [-193.130386353, 2.39800643921, 19.4131717682, 23.0835895538, 17.2720298767, 14.1114282608, 11.6062011719, 31.5914287567, 22.2804489136, 16.6151885986, 26.0890979767, 54.6348609924, 104.412055969]],
