{
"lowlevel": {
    "average_loudness": 0.587621152401,
    "barkbands_crest": {
        "dmean": 3.08374190331,
        "dmean2": 4.86154985428,
        "dvar": 8.43135643005,
        "dvar2": 20.1708164215,
        "max": 26.4782733917,
        "mean": 11.4984903336,
        "median": 10.5139961243,
        "min": 2.0666987896,
        "var": 29.000415802
    },
    "barkbands_flatness_db": {
        "dmean": 0.0249506756663,
        "dmean2": 0.0368461795151,
        "dvar": 0.000652542104945,
        "dvar2": 0.00135949975811,
        "max": 0.446134656668,
        "mean": 0.131641596556,
        "median": 0.121348753572,
        "min": 0.0185416247696,
        "var": 0.00400807382539
    },
    "barkbands_kurtosis": {
        "dmean": 4.2042350769,
        "dmean2": 6.62039375305,
        "dvar": 175.66696167,
        "dvar2": 408.999572754,
        "max": 392.281921387,
        "mean": 5.73728752136,
        "median": 0.97265958786,
        "min": -1.92100226879,
        "var": 404.216430664
    },
    "barkbands_skewness": {
        "dmean": 0.651001691818,
        "dmean2": 0.972719728947,
        "dvar": 0.764739394188,
        "dvar2": 1.60465669632,
        "max": 19.1292896271,
        "mean": 1.48057103157,
        "median": 1.17106389999,
        "min": -7.64931631088,
        "var": 3.25495696068
    },
    "barkbands_spread": {
        "dmean": 7.12041187286,
        "dmean2": 10.8353271484,
        "dvar": 76.0980682373,
        "dvar2": 167.109405518,
        "max": 127.655899048,
        "mean": 26.4659919739,
        "median": 24.6819076538,
        "min": 0.531163036823,
        "var": 235.514434814
    },
    "dissonance": {
        "dmean": 0.017405167222,
        "dmean2": 0.0296032391489,
        "dvar": 0.00030531475204,
        "dvar2": 0.000837515806779,
        "max": 0.500000119209,
        "mean": 0.468495160341,
        "median": 0.475209057331,
        "min": 0.251391232014,
        "var": 0.000706712366082
    },
    "dynamic_complexity": 4.04700279236,
    "erbbands_crest": {
        "dmean": 2.73320412636,
        "dmean2": 4.44409418106,
        "dvar": 6.67191076279,
        "dvar2": 16.3386325836,
        "max": 30.8708992004,
        "mean": 8.90298843384,
        "median": 7.8877248764,
        "min": 2.01505923271,
        "var": 18.4968128204
    },
    "erbbands_flatness_db": {
        "dmean": 0.0168060045689,
        "dmean2": 0.0248105488718,
        "dvar": 0.000275790400337,
        "dvar2": 0.00054775812896,
        "max": 0.423638492823,
        "mean": 0.154904574156,
        "median": 0.142159193754,
        "min": 0.0374858565629,
        "var": 0.00334545085207
    },
    "erbbands_kurtosis": {
        "dmean": 0.864385604858,
        "dmean2": 1.34477484226,
        "dvar": 3.5785472393,
        "dvar2": 8.08303928375,
        "max": 107.587890625,
        "mean": 0.62796407938,
        "median": 0.0832436084747,
        "min": -1.72181725502,
        "var": 9.61715698242
    },
    "erbbands_skewness": {
        "dmean": 0.348866343498,
        "dmean2": 0.529841840267,
        "dvar": 0.126276224852,
        "dvar2": 0.263327986002,
        "max": 9.4036283493,
        "mean": 0.261143296957,
        "median": 0.242320865393,
        "min": -4.43200969696,
        "var": 0.523851692677
    },
    "erbbands_spread": {
        "dmean": 8.06023406982,
        "dmean2": 12.1136293411,
        "dvar": 84.0920944214,
        "dvar2": 184.360519409,
        "max": 204.915405273,
        "mean": 38.2049293518,
        "median": 34.4730415344,
        "min": 2.24405741692,
        "var": 393.003845215
    },
    "hfc": {
        "dmean": 9.25872135162,
        "dmean2": 13.3265237808,
        "dvar": 262.143829346,
        "dvar2": 584.336242676,
        "max": 214.26675415,
        "mean": 27.5820808411,
        "median": 21.6818904877,
        "min": 1.06777542431e-16,
        "var": 672.872741699
    },
    "melbands_crest": {
        "dmean": 3.80694150925,
        "dmean2": 6.02989625931,
        "dvar": 11.9694290161,
        "dvar2": 28.9838962555,
        "max": 37.8582496643,
        "mean": 17.1096458435,
        "median": 17.0114002228,
        "min": 1.56382715702,
        "var": 46.5018310547
    },
    "melbands_flatness_db": {
        "dmean": 0.0306192263961,
        "dmean2": 0.0444424301386,
        "dvar": 0.00100694026332,
        "dvar2": 0.00202565756626,
        "max": 0.52434772253,
        "mean": 0.180776834488,
        "median": 0.171920344234,
        "min": 0.0038670101203,
        "var": 0.00575107056648
    },
    "melbands_kurtosis": {
        "dmean": 10.5263900757,
        "dmean2": 16.3362388611,
        "dvar": 753.053527832,
        "dvar2": 1671.6315918,
        "max": 791.6640625,
        "mean": 18.5109481812,
        "median": 5.94623756409,
        "min": -1.89498174191,
        "var": 2327.95507812
    },
    "melbands_skewness": {
        "dmean": 0.902524411678,
        "dmean2": 1.35956597328,
        "dvar": 1.30869436264,
        "dvar2": 2.80586600304,
        "max": 21.9048023224,
        "mean": 2.78909444809,
        "median": 2.19207572937,
        "min": -5.30635261536,
        "var": 6.19450998306
    },
    "melbands_spread": {
        "dmean": 9.24396896362,
        "dmean2": 14.0653104782,
        "dvar": 190.865585327,
        "dvar2": 416.050598145,
        "max": 289.7890625,
        "mean": 29.5263118744,
        "median": 23.9783592224,
        "min": 0.352475225925,
        "var": 579.345458984
    },
    "pitch_salience": {
        "dmean": 0.0819991379976,
        "dmean2": 0.126149058342,
        "dvar": 0.00617212755606,
        "dvar2": 0.0132423928007,
        "max": 0.993729889393,
        "mean": 0.509651601315,
        "median": 0.521107017994,
        "min": 0.0349339284003,
        "var": 0.0272594019771
    },
    "silence_rate_20dB": {
        "dmean": 0,
        "dmean2": 0,
        "dvar": 0,
        "dvar2": 0,
        "max": 1,
        "mean": 1,
        "median": 1,
        "min": 1,
        "var": 0
    },
    "silence_rate_30dB": {
        "dmean": 0.0494850538671,
        "dmean2": 0.0989825427532,
        "dvar": 0.0470320433378,
        "dvar2": 0.0964729860425,
        "max": 1,
        "mean": 0.922642230988,
        "median": 1,
        "min": 0,
        "var": 0.0713711380959
    },
    "silence_rate_60dB": {
        "dmean": 0.0303943734616,
        "dmean2": 0.0607963837683,
        "dvar": 0.0294740069658,
        "dvar2": 0.0658904984593,
        "max": 1,
        "mean": 0.0838879793882,
        "median": 0,
        "min": 0,
        "var": 0.076853826642
    },
    "spectral_centroid": {
        "dmean": 283.58013916,
        "dmean2": 422.079864502,
        "dvar": 161488.140625,
        "dvar2": 319830.34375,
        "max": 11732.4755859,
        "mean": 1792.89416504,
        "median": 1722.31030273,
        "min": 222.717132568,
        "var": 1376718.625
    },
    "spectral_complexity": {
        "dmean": 3.96332573891,
        "dmean2": 5.72943115234,
        "dvar": 19.7833061218,
        "dvar2": 35.6899414062,
        "max": 61,
        "mean": 21.0303897858,
        "median": 19,
        "min": 0,
        "var": 170.149124146
    },
    "spectral_decrease": {
        "dmean": 3.33619687432e-09,
        "dmean2": 5.24036813943e-09,
        "dvar": 3.07783516542e-17,
        "dvar2": 7.80732700623e-17,
        "max": 2.23017246808e-28,
        "mean": -8.96977070397e-09,
        "median": -5.36461586265e-09,
        "min": -6.17095849975e-08,
        "var": 9.53856507397e-17
    },
    "spectral_energy": {
        "dmean": 0.0129947932437,
        "dmean2": 0.0204040408134,
        "dvar": 0.000442254851805,
        "dvar2": 0.00112274219282,
        "max": 0.239269047976,
        "mean": 0.0363559089601,
        "median": 0.0223832912743,
        "min": 9.76510300691e-21,
        "var": 0.0014508877648
    },
    "spectral_energyband_high": {
        "dmean": 0.000760912022088,
        "dmean2": 0.00111592013855,
        "dvar": 2.69384190688e-06,
        "dvar2": 6.1629616539e-06,
        "max": 0.0242175254971,
        "mean": 0.00146211485844,
        "median": 0.000780461065006,
        "min": 7.00996148813e-21,
        "var": 4.25869666287e-06
    },
    "spectral_energyband_low": {
        "dmean": 0.0106552084908,
        "dmean2": 0.0172060932964,
        "dvar": 0.000493964471389,
        "dvar2": 0.00123597483616,
        "max": 0.215987473726,
        "mean": 0.0199900362641,
        "median": 0.00519179739058,
        "min": 3.65683769579e-24,
        "var": 0.00109256897122
    },
    "spectral_energyband_middle_high": {
        "dmean": 0.00256214989349,
        "dmean2": 0.00373797374777,
        "dvar": 1.42433455039e-05,
        "dvar2": 3.05005978589e-05,
        "max": 0.0536737777293,
        "mean": 0.00772521505132,
        "median": 0.004636248108,
        "min": 1.17404525169e-21,
        "var": 6.40323851258e-05
    },
    "spectral_energyband_middle_low": {
        "dmean": 0.00343739194795,
        "dmean2": 0.00519125023857,
        "dvar": 2.98685754387e-05,
        "dvar2": 6.63140308461e-05,
        "max": 0.0697905644774,
        "mean": 0.00768125243485,
        "median": 0.0052424413152,
        "min": 1.44417119328e-22,
        "var": 6.1065882619e-05
    },
    "spectral_entropy": {
        "dmean": 0.15495441854,
        "dmean2": 0.22241923213,
        "dvar": 0.0288699883968,
        "dvar2": 0.0498692877591,
        "max": 9.82386112213,
        "mean": 7.80494451523,
        "median": 7.82384443283,
        "min": 4.74805927277,
        "var": 0.222412362695
    },
    "spectral_flux": {
        "dmean": 0.0276873670518,
        "dmean2": 0.0436298809946,
        "dvar": 0.00103439972736,
        "dvar2": 0.00260677468032,
        "max": 0.382298856974,
        "mean": 0.0945141613483,
        "median": 0.0827208831906,
        "min": 6.390335483e-11,
        "var": 0.00375350262038
    },
    "spectral_kurtosis": {
        "dmean": 1.18434143066,
        "dmean2": 1.91529202461,
        "dvar": 3.92411828041,
        "dvar2": 10.8989391327,
        "max": 79.9990921021,
        "mean": 3.77371168137,
        "median": 3.2994594574,
        "min": -1.28873860836,
        "var": 14.4163169861
    },
    "spectral_rms": {
        "dmean": 0.000922881125007,
        "dmean2": 0.001393478713,
        "dvar": 1.30305079438e-06,
        "dvar2": 3.05848743665e-06,
        "max": 0.0152785219252,
        "mean": 0.00519097596407,
        "median": 0.00467304559425,
        "min": 3.08657244728e-12,
        "var": 8.52285575093e-06
    },
    "spectral_rolloff": {
        "dmean": 725.247009277,
        "dmean2": 1169.45959473,
        "dvar": 1793163.25,
        "dvar2": 3608315,
        "max": 20004.3457031,
        "mean": 2114.52734375,
        "median": 1528.85742188,
        "min": 43.06640625,
        "var": 6716453
    },
    "spectral_skewness": {
        "dmean": 0.178748935461,
        "dmean2": 0.276523977518,
        "dvar": 0.0408529266715,
        "dvar2": 0.0962673202157,
        "max": 6.33714103699,
        "mean": 1.46223497391,
        "median": 1.45215237141,
        "min": -0.378092765808,
        "var": 0.200561359525
    },
    "spectral_spread": {
        "dmean": 712775.4375,
        "dmean2": 1042729.25,
        "dvar": 2.02427216691e+12,
        "dvar2": 4.2732790743e+12,
        "max": 51387052,
        "mean": 5588784.5,
        "median": 4941112.5,
        "min": 956083.875,
        "var": 1.52045145293e+13
    },
    "spectral_strongpeak": {
        "dmean": 0.433443486691,
        "dmean2": 0.729909300804,
        "dvar": 0.605272531509,
        "dvar2": 1.60252511501,
        "max": 7.54190683365,
        "mean": 0.809266626835,
        "median": 0.467980206013,
        "min": 0,
        "var": 0.907398045063
    },
    "zerocrossingrate": {
        "dmean": 0.0156337693334,
        "dmean2": 0.017998509109,
        "dvar": 0.000596286496148,
        "dvar2": 0.000717689748853,
        "max": 0.7392578125,
        "mean": 0.081326700747,
        "median": 0.06884765625,
        "min": 0.0009765625,
        "var": 0.00487007247284
    },
    "barkbands": {
        "dmean": [0.000427626160672, 0.00957427360117, 0.00225171004422, 0.000645512889605, 0.00131918804254, 0.00085743505042, 0.000520659319591, 0.000921149738133, 0.000700276752468, 0.000910207338165, 0.000633556337561, 0.000788042205386, 0.000487709825393, 0.00039327115519, 0.000563217559829, 0.000334529875545, 0.00022274069488, 0.000187712415936, 0.000217345528654, 0.000170792089193, 0.000159571791301, 0.000126058308524, 0.000136861228384, 0.000163444477948, 0.000135901180329, 6.88708605594e-05, 7.70520364313e-06],
        "dmean2": [0.000663832819555, 0.015601743944, 0.00354862399399, 0.00107799330726, 0.00211504590698, 0.0013299168786, 0.000848151277751, 0.00148294155952, 0.00112075009383, 0.00144284707494, 0.00100521126296, 0.0012316275388, 0.000777927576564, 0.000633000978269, 0.000914167845622, 0.00052257819334, 0.000356906355591, 0.000296800950309, 0.0003426206531, 0.000266084884061, 0.000247385469265, 0.000195570741198, 0.000211535647395, 0.000247782911174, 0.000206892640563, 0.000106434825284, 1.23925701701e-05],
        "dvar": [1.11651525003e-06, 0.000434774090536, 3.5872169974e-05, 3.47464469996e-06, 8.12853704701e-06, 3.97913800043e-06, 1.52530537889e-06, 3.48959929397e-06, 2.68439885076e-06, 3.47962509295e-06, 2.62382536675e-06, 3.43184979101e-06, 9.86096097222e-07, 5.4102440572e-07, 9.25129995721e-07, 4.24899980089e-07, 1.2835430141e-07, 1.0951607976e-07, 1.18389010595e-07, 8.37223055328e-08, 1.00890581223e-07, 1.0538631301e-07, 9.13020272719e-08, 1.29419930772e-07, 9.7089269957e-08, 3.04421376995e-08, 6.93110457917e-10],
        "dvar2": [2.84179509435e-06, 0.00111456471495, 8.6109728727e-05, 8.67380822456e-06, 1.97088756977e-05, 9.40577410802e-06, 3.86428655474e-06, 8.68413280841e-06, 6.57403552395e-06, 8.4089297161e-06, 6.24743461231e-06, 7.81435210229e-06, 2.34179015024e-06, 1.31296678774e-06, 2.42682176577e-06, 9.60620809565e-07, 3.33214671855e-07, 2.71549509989e-07, 2.87967196755e-07, 2.00785905236e-07, 2.47874027082e-07, 2.5114624691e-07, 2.19499781906e-07, 2.90744708309e-07, 2.13359129475e-07, 6.95335629075e-08, 1.69258895788e-09],
        "max": [0.0211035758257, 0.193020477891, 0.0820676088333, 0.0242716055363, 0.0422411262989, 0.0430891849101, 0.0310435909778, 0.0460548996925, 0.0334274694324, 0.0452852025628, 0.0292551573366, 0.0322544686496, 0.0180877745152, 0.0161676071584, 0.012511680834, 0.0135350869969, 0.00502904690802, 0.00422404706478, 0.00655678380281, 0.00594986462966, 0.00628683855757, 0.00454948097467, 0.0037413216196, 0.00485311076045, 0.00424028653651, 0.00249563297257, 0.00050547166029],
        "mean": [0.00122710375581, 0.0156321730465, 0.00283383741044, 0.000675019342452, 0.00211595790461, 0.00150089734234, 0.000742335570976, 0.00122343481053, 0.00102430745028, 0.00139192619827, 0.000910740345716, 0.00122257275507, 0.000820478482638, 0.000617929035798, 0.00101070723031, 0.00056906894315, 0.000434888555901, 0.000343475840054, 0.000443380704382, 0.000348476605723, 0.00030882054125, 0.000183101205039, 0.000220193091081, 0.000259240769083, 0.000199295798666, 8.8326203695e-05, 8.08389813756e-06],
        "median": [1.83933789231e-05, 0.00183068111073, 0.000315457204124, 9.57540760282e-05, 0.000824032817036, 0.000496618566103, 0.000253278762102, 0.000475726788864, 0.000286416558083, 0.000435377733083, 0.000216096319491, 0.000300172454445, 0.000310462812195, 0.000243832735578, 0.000343513675034, 0.000220057831029, 0.000214126732317, 0.000171778927324, 0.00025178148644, 0.00017409393331, 0.000140429183375, 6.38212804915e-05, 0.0001068556885, 0.000110738008516, 6.9140944106e-05, 2.17771339521e-05, 8.65937181516e-07],
        "min": [4.98533172221e-25, 1.73000312516e-24, 1.09172058117e-24, 1.36883844388e-24, 7.80095950589e-24, 5.81644658132e-24, 8.809593115e-24, 6.87453861374e-24, 2.18855337543e-23, 2.10488741891e-23, 1.562082643e-23, 1.8055180186e-23, 2.17300871352e-23, 2.72455990584e-23, 4.71758669063e-23, 4.97723300006e-23, 6.8751689136e-23, 1.04528992434e-22, 1.35319281172e-22, 1.64247580495e-22, 2.37061537261e-22, 3.05566950333e-22, 3.91630034262e-22, 6.23993216946e-22, 8.26533822341e-22, 1.28227787665e-21, 1.99219867016e-21],
        "var": [7.58497935749e-06, 0.000800649344455, 4.63154538011e-05, 3.51851281266e-06, 1.30363223434e-05, 7.14122825229e-06, 2.07970538213e-06, 4.65722996523e-06, 5.2957607295e-06, 6.82898962623e-06, 4.34693538409e-06, 6.80991934132e-06, 2.22130097427e-06, 1.0633364127e-06, 2.20705760512e-06, 8.83227301074e-07, 3.20777616025e-07, 2.04410397942e-07, 2.79036754591e-07, 1.99051498839e-07, 1.81788166742e-07, 1.27269444761e-07, 1.2203028632e-07, 1.93907396806e-07, 1.61103002938e-07, 4.18076346875e-08, 7.21767312584e-10]
    },
    "erbbands": {
        "dmean": [0.296263694763, 2.18923425674, 3.07573437691, 2.03932070732, 2.50553774834, 4.86694812775, 7.94445705414, 6.24367856979, 7.65339803696, 9.02599716187, 21.7249927521, 16.5329971313, 20.7121181488, 31.9336128235, 22.0169410706, 34.2052879333, 21.836725235, 19.8616809845, 27.0298042297, 22.1042575836, 16.3284931183, 10.0633029938, 9.19732761383, 11.6693239212, 9.14013004303, 7.81509160995, 7.52969121933, 5.66707754135, 4.54202651978, 3.86275982857, 3.96268677711, 3.5744330883, 2.75489521027, 1.74882054329, 0.881773650646, 0.415407091379, 0.102384619415, 0.0139197362587, 0.00151677220128, 4.81243223476e-05],
        "dmean2": [0.495946824551, 3.50485038757, 4.72370958328, 3.13603591919, 4.09117746353, 7.8269777298, 12.3229427338, 9.81614685059, 12.3015060425, 14.9299058914, 34.8288612366, 26.0763454437, 32.971244812, 51.45495224, 34.2257118225, 53.2337875366, 34.2670783997, 31.4180793762, 43.3072357178, 34.8533363342, 25.2986927032, 15.7515697479, 14.3491373062, 18.4274349213, 14.5025949478, 12.1812953949, 11.6237277985, 8.91742324829, 7.05279111862, 5.94276714325, 6.20146560669, 5.48743772507, 4.20882129669, 2.68059897423, 1.33690929413, 0.635990083218, 0.160438284278, 0.021935692057, 0.00244271545671, 7.7336357208e-05],
        "dvar": [0.444818228483, 24.6165561676, 60.0053253174, 29.4082717896, 40.1803131104, 130.905822754, 316.604125977, 333.588897705, 376.454315186, 533.313659668, 1887.6796875, 1705.43029785, 2722.12084961, 4516.48291016, 2748.71142578, 6842.49023438, 2118.62207031, 1376.28161621, 2337.33422852, 1960.25915527, 969.43157959, 252.633880615, 244.905410767, 414.723083496, 220.481201172, 187.86807251, 187.257232666, 171.552337646, 131.87272644, 74.4690704346, 76.728729248, 66.8989944458, 36.6970100403, 15.8319749832, 4.24004268646, 1.06512331963, 0.0708931535482, 0.00151762773748, 2.85824971797e-05, 2.08961630221e-08],
        "dvar2": [1.25622582436, 61.2485351562, 140.608978271, 67.6627883911, 99.9747924805, 321.832885742, 719.942321777, 810.860351562, 933.580566406, 1367.40002441, 4592.23876953, 4192.84228516, 6399.36376953, 11393.1640625, 6468.40966797, 15647.9960938, 4846.75341797, 3288.61572266, 6006.74365234, 4888.92724609, 2309.69287109, 619.260375977, 584.919250488, 1020.67816162, 542.028930664, 461.560760498, 455.167327881, 424.731964111, 309.067993164, 171.444900513, 188.612304688, 156.582427979, 83.343788147, 36.4224662781, 9.07929897308, 2.38003325462, 0.167039230466, 0.00365288392641, 6.99876254657e-05, 5.17349505458e-08],
        "max": [7.52427625656, 46.8351554871, 104.202735901, 77.3886871338, 119.769111633, 154.143051147, 320.484954834, 485.926239014, 485.446868896, 415.291564941, 1274.68151855, 979.046447754, 1481.33935547, 1143.09692383, 982.709777832, 1610.50610352, 861.562316895, 862.077758789, 611.00177002, 729.179748535, 594.019836426, 243.279510498, 249.775802612, 482.764678955, 214.847412109, 345.403686523, 278.027191162, 251.1302948, 173.709732056, 123.436134338, 106.107315063, 125.619529724, 84.2172775269, 47.7318763733, 36.1694450378, 16.4371452332, 4.22032546997, 0.705084681511, 0.106675989926, 0.00451942300424],
        "mean": [0.46585765481, 3.35437703133, 4.36395549774, 2.61928248405, 3.46764039993, 7.23892211914, 14.3771686554, 10.2717924118, 11.8292322159, 12.1502857208, 30.280544281, 25.753818512, 32.6766014099, 50.6363792419, 36.719417572, 54.5788002014, 39.4211463928, 34.6904983521, 48.8675270081, 40.6040229797, 30.8310012817, 21.7898292542, 19.1226139069, 23.1919956207, 19.76820755, 16.463098526, 15.3957614899, 9.7052564621, 6.67941522598, 6.02560853958, 6.29954481125, 5.47253608704, 4.26421451569, 2.60172748566, 1.22403872013, 0.530275046825, 0.13109485805, 0.0170720778406, 0.00162102258764, 8.74369070516e-05],
        "median": [0.0376371406019, 0.427330195904, 0.745380282402, 0.506700098515, 1.04906725883, 2.52802610397, 4.05489253998, 3.34488201141, 3.86892080307, 5.18202972412, 12.5641555786, 8.23769569397, 10.2293491364, 16.0620994568, 12.5319080353, 15.9490423203, 15.1591892242, 16.70246315, 18.8671321869, 17.4711093903, 13.8065910339, 11.4154081345, 9.80784893036, 12.7738704681, 11.3202581406, 8.53014183044, 7.23092746735, 3.9328379631, 2.43797183037, 2.43133163452, 3.0851020813, 2.35334205627, 1.79684233665, 0.993175625801, 0.343194752932, 0.129908725619, 0.032801117748, 0.00392855098471, 0.000206761527807, 4.12911031162e-05],
        "min": [4.9961508312e-23, 3.87308616358e-22, 1.57940494931e-21, 2.71835601338e-21, 9.03341813425e-21, 1.88767236364e-20, 6.70147352596e-20, 7.89545510269e-20, 8.09082482362e-20, 1.65038998268e-19, 2.83420046905e-19, 4.61232083849e-19, 6.21322499952e-19, 9.36579177671e-19, 9.49774983188e-19, 7.24747735373e-19, 1.10612938636e-18, 1.80358957069e-18, 2.81584832979e-18, 2.59953418896e-18, 2.82754921314e-18, 4.58097875829e-18, 5.53835429053e-18, 6.02953413827e-18, 7.18461038641e-18, 8.39480043799e-18, 8.91450312761e-18, 9.56882863474e-18, 9.99870447291e-18, 1.06976265956e-17, 1.25107461141e-17, 1.07961893015e-17, 9.38940736961e-18, 7.91072524454e-18, 6.45492086726e-18, 4.04686037855e-18, 2.24681899909e-18, 9.48986990257e-19, 2.54486251355e-19, 2.77846768894e-20],
        "var": [0.662868797779, 44.4987411499, 93.8202896118, 37.0403022766, 54.0052604675, 210.183334351, 679.408569336, 534.669677734, 588.522338867, 570.724243164, 2778.33862305, 3520.86523438, 4822.46582031, 8935.87304688, 4928.5625, 13201.203125, 4999.51123047, 2822.79296875, 5315.39990234, 3919.51635742, 2090.60864258, 725.837524414, 593.76385498, 819.224060059, 569.908630371, 422.12411499, 395.681121826, 249.37210083, 164.419006348, 104.850257874, 99.1101608276, 87.8673019409, 55.9356536865, 24.820016861, 7.07832956314, 1.5490899086, 0.0904567837715, 0.00184802815784, 2.90752395813e-05, 2.56401335719e-08]
    },
    "gfcc": {
        "mean": [-11.4601430893, 54.4574203491, -128.479537964, 21.2408752441, -60.6652793884, 19.0038356781, -39.5340309143, 12.2594957352, -25.6657543182, 5.93997859955, -12.0841884613, 0.288248628378, -7.24460458755],
        "cov": [[27612.890625, 1015.19348145, -321.115020752, 1016.01367188, -266.351165771, 1250.10632324, -85.9697875977, 794.051757812, -207.906906128, 407.367797852, -329.820343018, 179.979766846, -200.889099121], [1015.19348145, 1998.87341309, 399.115875244, 393.180480957, 490.252044678, 134.359405518, 275.302856445, 2.50957870483, 198.660385132, -43.1722412109, 57.1135215759, -69.356842041, 15.0137882233], [-321.115020752, 399.115875244, 1719.24890137, 611.107727051, 510.841156006, 382.633636475, 223.761398315, 195.979248047, 188.487548828, 91.5617980957, -46.7710418701, 80.6402282715, -47.1994438171], [1016.01367188, 393.180480957, 611.107727051, 876.596557617, 484.105773926, 384.884185791, 293.750701904, 170.626831055, 204.690063477, 61.4981765747, 5.12244224548, 38.3005332947, 11.7892017365], [-266.351165771, 490.252044678, 510.841156006, 484.105773926, 688.590698242, 390.906188965, 428.186065674, 143.569732666, 229.776016235, 97.2972488403, 65.5861968994, 47.3891716003, 20.2861862183], [1250.10632324, 134.359405518, 382.633636475, 384.884185791, 390.906188965, 576.342712402, 352.608276367, 176.880233765, 176.293655396, 132.941543579, 28.4450817108, 48.3200073242, -16.4222068787], [-85.9697875977, 275.302856445, 223.761398315, 293.750701904, 428.186065674, 352.608276367, 456.436096191, 161.768417358, 202.001800537, 107.449302673, 87.241607666, 33.6686439514, 16.8433094025], [794.051757812, 2.50957870483, 195.979248047, 170.626831055, 143.569732666, 176.880233765, 161.768417358, 252.012573242, 118.347496033, 87.1251449585, 41.306842804, 48.2885932922, 16.7122783661], [-207.906906128, 198.660385132, 188.487548828, 204.690063477, 229.776016235, 176.293655396, 202.001800537, 118.347496033, 225.700485229, 79.7230072021, 56.4551086426, 23.9592380524, 13.3596115112], [407.367797852, -43.1722412109, 91.5617980957, 61.4981765747, 97.2972488403, 132.941543579, 107.449302673, 87.1251449585, 79.7230072021, 143.41003418, 59.8991355896, 44.1585464478, 7.77245759964], [-329.820343018, 57.1135215759, -46.7710418701, 5.12244224548, 65.5861968994, 28.4450817108, 87.241607666, 41.306842804, 56.4551086426, 59.8991355896, 139.453689575, 37.2334289551, 49.2077903748], [179.979766846, -69.356842041, 80.6402282715, 38.3005332947, 47.3891716003, 48.3200073242, 33.6686439514, 48.2885932922, 23.9592380524, 44.1585464478, 37.2334289551, 93.3633804321, 27.0966396332], [-200.889099121, 15.0137882233, -47.1994438171, 11.7892017365, 20.2861862183, -16.4222068787, 16.8433094025, 16.7122783661, 13.3596115112, 7.77245759964, 49.2077903748, 27.0966396332, 109.285942078]],
        "icov": [[9.25831554923e-05, -0.000165856210515, 0.000142443008372, -0.000146643244079, 0.000181640556548, -0.000328627240378, 0.00023441153462, -0.000385827501304, 0.000381706515327, -0.00037773346412, 0.000327074056258, -0.00025200782693, 0.000105500905192], [-0.000165856210515, 0.00103004206903, -0.000347764405888, 0.000170536266523, -0.000790109566879, 0.000766107288655, -0.000461900373921, 0.000912131275982, -0.00106783490628, 0.00122231116984, -0.00104015367106, 0.0011843732791, -0.000203192321351], [0.000142443008372, -0.000347764405888, 0.00119120324962, -0.000532951613422, -0.000352815084625, -0.000648747722153, 0.000983098405413, -0.000965806713793, 0.000504781492054, -0.000786070886534, 0.00106060772669, -0.00104438385461, 0.000621346698608], [-0.000146643244079, 0.000170536266523, -0.000532951613422, 0.00258359010331, -0.00131599290762, -0.000291825243039, 0.000143316254253, 8.48118652357e-05, -0.00124610203784, 0.00132974644657, -8.23231603135e-05, 0.000446279795142, -0.00065232423367], [0.000181640556548, -0.000790109566879, -0.000352815084625, -0.00131599290762, 0.0059125367552, -0.000999156618491, -0.00328946299851, 0.000458713184344, 5.188121213e-05, -0.000765105825849, 0.000863375957124, -0.00152408902068, -0.000341593724443], [-0.000328627240378, 0.000766107288655, -0.000648747722153, -0.000291825243039, -0.000999156618491, 0.00577260507271, -0.00334541802295, 0.000991079723462, -0.00106361752842, -0.000769002595916, 0.000281391578028, 0.000506958342157, 0.000391228619264], [0.00023441153462, -0.000461900373921, 0.000983098405413, 0.000143316254253, -0.00328946299851, -0.00334541802295, 0.00925941672176, -0.00265082879923, -0.000754398468416, -0.000671337591484, -0.00152211810928, 0.000659089011606, 0.000651582260616], [-0.000385827501304, 0.000912131275982, -0.000965806713793, 8.48118652357e-05, 0.000458713184344, 0.000991079723462, -0.00265082879923, 0.00851864367723, -0.00341224856675, 3.89864217141e-05, -0.00103582453448, -0.000380789017072, -0.00111600349192], [0.000381706515327, -0.00106783490628, 0.000504781492054, -0.00124610203784, 5.188121213e-05, -0.00106361752842, -0.000754398468416, -0.00341224856675, 0.0109198009595, -0.0037716277875, 0.00029613141669, -0.000178417394636, 0.000513657403644], [-0.00037773346412, 0.00122231116984, -0.000786070886534, 0.00132974644657, -0.000765105825849, -0.000769002595916, -0.000671337591484, 3.89864217141e-05, -0.0037716277875, 0.0148725099862, -0.00565987825394, -0.00133979064412, 0.00106272590347], [0.000327074056258, -0.00104015367106, 0.00106060772669, -8.23231603135e-05, 0.000863375957124, 0.000281391578028, -0.00152211810928, -0.00103582453448, 0.00029613141669, -0.00565987825394, 0.0140998121351, -0.00377335748635, -0.00356068229303], [-0.00025200782693, 0.0011843732791, -0.00104438385461, 0.000446279795142, -0.00152408902068, 0.000506958342157, 0.000659089011606, -0.000380789017072, -0.000178417394636, -0.00133979064412, -0.00377335748635, 0.0163334142417, -0.00304304691963], [0.000105500905192, -0.000203192321351, 0.000621346698608, -0.00065232423367, -0.000341593724443, 0.000391228619264, 0.000651582260616, -0.00111600349192, 0.000513657403644, 0.00106272590347, -0.00356068229303, -0.00304304691963, 0.0121226962656]]
    },
    "melbands": {
        "dmean": [0.00265913456678, 0.00196281215176, 0.000342906016158, 0.000255810300587, 0.000261479814071, 0.000143988407217, 0.000114057649625, 0.000114563234092, 0.000174721513758, 0.000103139114799, 0.000105482475192, 0.000132916640723, 7.59854374337e-05, 9.70610853983e-05, 6.36980330455e-05, 4.68707112304e-05, 3.90353270632e-05, 4.39577815996e-05, 3.88517000829e-05, 2.83124063571e-05, 2.01668808586e-05, 1.19447395264e-05, 1.01923560578e-05, 9.4862689366e-06, 1.05465087472e-05, 8.23977188702e-06, 5.74564228373e-06, 5.69022495256e-06, 5.43415717402e-06, 4.05816217608e-06, 3.4122060697e-06, 2.68338089882e-06, 2.35193056142e-06, 2.26091287914e-06, 2.42571968556e-06, 2.36085543293e-06, 2.21044774662e-06, 1.97906092581e-06, 1.87851526334e-06, 1.40567919971e-06],
        "dmean2": [0.00434308685362, 0.00301982997917, 0.000520139350556, 0.000415165093727, 0.000406837731134, 0.000225690557272, 0.000183380223461, 0.00018885055033, 0.000279299536487, 0.00016375076666, 0.000168148952071, 0.000214620507904, 0.000119674041343, 0.00014972309873, 9.92530185613e-05, 7.47979720472e-05, 6.21145009063e-05, 7.01986427885e-05, 6.24138483545e-05, 4.42895034212e-05, 3.20185354212e-05, 1.90412902157e-05, 1.60362233146e-05, 1.49803026943e-05, 1.68584974745e-05, 1.31836295623e-05, 9.13232906896e-06, 9.06272543943e-06, 8.50289507071e-06, 6.36908453089e-06, 5.48879370399e-06, 4.2172969188e-06, 3.7087745568e-06, 3.51121798303e-06, 3.8619687075e-06, 3.70174325326e-06, 3.43005945069e-06, 3.06548986373e-06, 2.91655442197e-06, 2.1740934244e-06],
        "dvar": [3.29062022502e-05, 2.06602144317e-05, 7.13102053851e-07, 3.52656314817e-07, 3.35576771704e-07, 1.53275223624e-07, 7.86117979601e-08, 7.97225538918e-08, 1.22342825648e-07, 6.74000162348e-08, 7.03885092435e-08, 7.73450281599e-08, 3.55428930732e-08, 5.32971107248e-08, 1.70023088941e-08, 8.60984883388e-09, 6.04575278729e-09, 6.27324503455e-09, 4.8353441251e-09, 3.56377505284e-09, 1.53667989444e-09, 3.82429365953e-10, 3.16574100268e-10, 3.16891790586e-10, 3.53750417847e-10, 1.67079350355e-10, 9.68977884042e-11, 1.0416846552e-10, 1.00957700533e-10, 5.70420689849e-11, 7.17474898937e-11, 4.38596589603e-11, 3.7300215e-11, 2.31805460243e-11, 2.88573054341e-11, 2.78610624155e-11, 2.55488945972e-11, 1.87525359824e-11, 1.75332144636e-11, 1.0431889727e-11],
        "dvar2": [8.80191728356e-05, 4.78500842291e-05, 1.5829499489e-06, 8.80618131305e-07, 7.67237509081e-07, 3.70898789015e-07, 1.95609572984e-07, 2.04620434374e-07, 2.95599022593e-07, 1.6688836979e-07, 1.65921150597e-07, 1.94530201725e-07, 8.51024566373e-08, 1.19866427895e-07, 3.90156742469e-08, 1.99406056112e-08, 1.44782275058e-08, 1.5575635004e-08, 1.22779466594e-08, 8.28413515563e-09, 3.76665720836e-09, 9.67748103875e-10, 7.91046006476e-10, 7.89159904091e-10, 8.86362927499e-10, 4.13190870407e-10, 2.40121783568e-10, 2.62162624942e-10, 2.50177240035e-10, 1.36609515367e-10, 1.82500681234e-10, 1.03022430864e-10, 9.05482980262e-11, 5.38829987573e-11, 7.25813714686e-11, 6.82539302854e-11, 5.97389360202e-11, 4.36298913664e-11, 4.0804290502e-11, 2.39912482242e-11],
        "max": [0.0580845884979, 0.0521957874298, 0.0110615165904, 0.00880988221616, 0.0115114832297, 0.00983760692179, 0.00682688178495, 0.00500320922583, 0.00993863865733, 0.00585777219385, 0.00770647032186, 0.00486601237208, 0.00343010993674, 0.00379653344862, 0.00255252770148, 0.0019559932407, 0.00196255091578, 0.00104978564195, 0.00110197998583, 0.00132764771115, 0.000763279735111, 0.000335107615683, 0.000335527467541, 0.000251292891335, 0.000459300848888, 0.000183770840522, 0.000155227971845, 0.000275690224953, 0.00019203221018, 0.000123820980662, 0.000170232233359, 9.15793934837e-05, 9.70783585217e-05, 6.79029762978e-05, 7.15997375664e-05, 7.77083696448e-05, 8.02539288998e-05, 6.25406537438e-05, 4.78744477732e-05, 4.07602237829e-05],
        "mean": [0.0043785427697, 0.00316467485391, 0.000476355897263, 0.000372312642867, 0.000474429369206, 0.000241625748458, 0.000175717563252, 0.000148983308463, 0.000243061193032, 0.000156026828336, 0.00016129600408, 0.000205665201065, 0.0001156289145, 0.000149016195792, 0.000103237158328, 7.76935266913e-05, 6.17385012447e-05, 7.27188089513e-05, 6.94230257068e-05, 4.49075705546e-05, 3.44815380231e-05, 2.29136039707e-05, 1.92879688257e-05, 1.68311726156e-05, 1.90646933333e-05, 1.59718038049e-05, 1.14994782052e-05, 1.08524582174e-05, 1.0320119145e-05, 7.53434733269e-06, 4.99193765791e-06, 3.78300319426e-06, 3.28578403241e-06, 3.43958527083e-06, 3.69002327716e-06, 3.52575284523e-06, 3.24071402247e-06, 2.95920676763e-06, 2.76879654848e-06, 2.00710951503e-06],
        "median": [0.000416463706642, 0.000572932127398, 0.000103620397567, 0.000121213364764, 0.000141249431181, 7.91152924648e-05, 5.6878569012e-05, 6.26818218734e-05, 0.000100198296423, 4.14815258409e-05, 4.37859307567e-05, 5.93821387156e-05, 3.23042368109e-05, 3.89772540075e-05, 3.40584228979e-05, 3.23626045429e-05, 2.50280118053e-05, 2.71318622254e-05, 2.3475904527e-05, 1.68830756593e-05, 1.42891858559e-05, 1.13048081403e-05, 9.54314054979e-06, 7.86728742241e-06, 9.78284879238e-06, 8.69638734002e-06, 6.2300555328e-06, 5.19086461281e-06, 4.66298797619e-06, 2.96915004583e-06, 1.76215758074e-06, 1.27855207666e-06, 1.11097108402e-06, 1.37476672535e-06, 1.7504249854e-06, 1.65332437518e-06, 1.31016133764e-06, 1.19056016956e-06, 1.13668090762e-06, 6.86768544256e-07],
        "min": [4.73985201357e-25, 7.06399499861e-25, 6.93142199311e-25, 8.9139093201e-25, 2.50192955332e-24, 1.49147387274e-24, 1.24504950316e-24, 1.73780377622e-24, 1.99033156261e-24, 3.39186089544e-24, 3.14201720828e-24, 3.29042896304e-24, 3.09651866949e-24, 2.35503536973e-24, 1.17457355736e-24, 3.55451533663e-24, 3.06302264938e-24, 4.28720185122e-24, 4.17215122136e-24, 3.39794104087e-24, 3.02090378793e-24, 4.0382188113e-24, 4.17595510865e-24, 4.51945749008e-24, 4.07303952609e-24, 4.90739877288e-24, 4.53228397396e-24, 5.56290668638e-24, 4.07341936261e-24, 4.19093439394e-24, 5.41717725591e-24, 4.88425083291e-24, 5.13591757763e-24, 5.60766468199e-24, 6.53865228992e-24, 6.42417240092e-24, 5.64822475429e-24, 5.65792064368e-24, 6.60633458344e-24, 5.31949300445e-24],
        "var": [5.75721351197e-05, 4.02687146561e-05, 1.02123397028e-06, 5.25168729837e-07, 7.01408282566e-07, 2.56765616768e-07, 1.23264143781e-07, 8.47384526992e-08, 1.80497522706e-07, 1.42918139545e-07, 1.24071291907e-07, 1.55805949476e-07, 5.8504110001e-08, 1.00823335458e-07, 3.54842555339e-08, 1.76787509076e-08, 1.18033023355e-08, 1.29974502272e-08, 1.16771410319e-08, 6.0932228152e-09, 2.82426260156e-09, 8.89797402426e-10, 7.50699280516e-10, 5.59088220164e-10, 6.26394047742e-10, 4.00067284856e-10, 2.18291357212e-10, 2.07653436113e-10, 1.91352503287e-10, 1.2416379036e-10, 8.69030541972e-11, 5.44761354082e-11, 4.291376976e-11, 3.30221301692e-11, 3.56796328593e-11, 3.41226769063e-11, 3.35226534032e-11, 2.8191142129e-11, 2.49382511169e-11, 1.66000008878e-11]
    },
    "mfcc": {
        "mean": [-641.948364258, 87.8151321411, -11.0060329437, 4.71775960922, 1.91651642323, 0.704083800316, 2.81443929672, -0.576083481312, -2.1236615181, 4.56082439423, -3.57656383514, 1.53471374512, -0.592800498009],
        "cov": [[12490.5732422, 1161.2824707, 359.28692627, 312.17376709, 375.927734375, 508.986694336, 469.681091309, 442.480041504, 398.6015625, 444.633392334, 111.76374054, 163.562194824, 146.080993652], [1161.2824707, 1610.9473877, 269.307220459, 287.413696289, 227.055801392, 199.309127808, 107.812271118, 118.529579163, 106.902168274, 84.7203292847, 85.5374832153, 46.4801712036, -1.29548430443], [359.28692627, 269.307220459, 1056.79870605, 362.588043213, 360.615356445, 251.341537476, 92.7926712036, 183.684188843, 191.725540161, 64.1989822388, 126.842880249, 67.2859802246, 12.0915374756], [312.17376709, 287.413696289, 362.588043213, 598.874084473, 330.13369751, 270.734466553, 157.408691406, 215.102279663, 195.352416992, 98.8546676636, 90.4195861816, 88.788734436, 53.6909713745], [375.927734375, 227.055801392, 360.615356445, 330.13369751, 377.63848877, 290.563232422, 163.26713562, 202.278320312, 186.013793945, 113.202148438, 93.2102737427, 78.3815917969, 70.905960083], [508.986694336, 199.309127808, 251.341537476, 270.734466553, 290.563232422, 576.752868652, 270.064697266, 263.086578369, 226.053375244, 174.223831177, 151.055480957, 82.0014038086, 123.147537231], [469.681091309, 107.812271118, 92.7926712036, 157.408691406, 163.26713562, 270.064697266, 308.509277344, 192.595550537, 146.327163696, 152.872238159, 89.4178085327, 77.8695068359, 103.090667725], [442.480041504, 118.529579163, 183.684188843, 215.102279663, 202.278320312, 263.086578369, 192.595550537, 282.090454102, 192.697113037, 137.082138062, 111.31413269, 88.8057403564, 88.7832489014], [398.6015625, 106.902168274, 191.725540161, 195.352416992, 186.013793945, 226.053375244, 146.327163696, 192.697113037, 237.696060181, 133.353790283, 96.3381118774, 73.9889526367, 72.6514282227], [444.633392334, 84.7203292847, 64.1989822388, 98.8546676636, 113.202148438, 174.223831177, 152.872238159, 137.082138062, 133.353790283, 199.094345093, 98.8253173828, 71.5870666504, 82.2423400879], [111.76374054, 85.5374832153, 126.842880249, 90.4195861816, 93.2102737427, 151.055480957, 89.4178085327, 111.31413269, 96.3381118774, 98.8253173828, 154.138534546, 81.247253418, 52.7173309326], [163.562194824, 46.4801712036, 67.2859802246, 88.788734436, 78.3815917969, 82.0014038086, 77.8695068359, 88.8057403564, 73.9889526367, 71.5870666504, 81.247253418, 122.227485657, 64.8635253906], [146.080993652, -1.29548430443, 12.0915374756, 53.6909713745, 70.905960083, 123.147537231, 103.090667725, 88.7832489014, 72.6514282227, 82.2423400879, 52.7173309326, 64.8635253906, 121.814254761]],
