{
"lowlevel": {
    "average_loudness": 0.92193043232,
    "barkbands_crest": {
        "dmean": 1.94853520393,
        "dmean2": 3.04212117195,
        "dvar": 4.2171330452,
        "dvar2": 10.1506786346,
        "max": 26.796081543,
        "mean": 10.4632015228,
        "median": 9.71285057068,
        "min": 3.09119844437,
        "var": 15.8162956238
    },
    "barkbands_flatness_db": {
        "dmean": 0.016486691311,
        "dmean2": 0.0240051466972,
        "dvar": 0.000380056852009,
        "dvar2": 0.0007425188669,
        "max": 0.492949575186,
        "mean": 0.151896566153,
        "median": 0.13570651412,
        "min": 0.0271435156465,
        "var": 0.00517200911418
    },
    "barkbands_kurtosis": {
        "dmean": 2.70132565498,
        "dmean2": 4.16440200806,
        "dvar": 46.0660018921,
        "dvar2": 109.4063797,
        "max": 273.804229736,
        "mean": 5.29920148849,
        "median": 2.41033768654,
        "min": -1.94057965279,
        "var": 105.216468811
    },
    "barkbands_skewness": {
        "dmean": 0.424704134464,
        "dmean2": 0.638066828251,
        "dvar": 0.318239122629,
        "dvar2": 0.728159487247,
        "max": 16.4863910675,
        "mean": 1.64427351952,
        "median": 1.47210299969,
        "min": -2.30702567101,
        "var": 1.57711744308
    },
    "barkbands_spread": {
        "dmean": 4.3568072319,
        "dmean2": 6.32485771179,
        "dvar": 51.2276725769,
        "dvar2": 100.918792725,
        "max": 121.373260498,
        "mean": 20.7394676208,
        "median": 17.8492622375,
        "min": 0.644974946976,
        "var": 206.005310059
    },
    "dissonance": {
        "dmean": 0.0220147352666,
        "dmean2": 0.0366042517126,
        "dvar": 0.000475477136206,
        "dvar2": 0.00126340205316,
        "max": 0.499942630529,
        "mean": 0.438873916864,
        "median": 0.448965370655,
        "min": 0.174943298101,
        "var": 0.00172276992816
    },
    "dynamic_complexity": 3.85060501099,
    "erbbands_crest": {
        "dmean": 2.2755215168,
        "dmean2": 3.5300347805,
        "dvar": 5.40251207352,
        "dvar2": 12.3089752197,
        "max": 29.3463363647,
        "mean": 9.77987003326,
        "median": 8.75274753571,
        "min": 2.5045132637,
        "var": 21.9257411957
    },
    "erbbands_flatness_db": {
        "dmean": 0.014517233707,
        "dmean2": 0.0203921832144,
        "dvar": 0.000308104092255,
        "dvar2": 0.000556549115572,
        "max": 0.445128530264,
        "mean": 0.161596879363,
        "median": 0.148880019784,
        "min": 0.0495651178062,
        "var": 0.00365132256411
    },
    "erbbands_kurtosis": {
        "dmean": 1.03586494923,
        "dmean2": 1.58044958115,
        "dvar": 4.86176538467,
        "dvar2": 10.4917879105,
        "max": 57.7092895508,
        "mean": 1.25159943104,
        "median": -0.00489008426666,
        "min": -1.8783274889,
        "var": 15.6575126648
    },
    "erbbands_skewness": {
        "dmean": 0.316425710917,
        "dmean2": 0.473237395287,
        "dvar": 0.119854606688,
        "dvar2": 0.255795121193,
        "max": 6.21039962769,
        "mean": 0.631735026836,
        "median": 0.491793990135,
        "min": -1.84304249287,
        "var": 0.758913993835
    },
    "erbbands_spread": {
        "dmean": 6.85445594788,
        "dmean2": 10.013127327,
        "dvar": 111.671318054,
        "dvar2": 216.258071899,
        "max": 176.791656494,
        "mean": 37.2292861938,
        "median": 34.2247467041,
        "min": 2.21451210976,
        "var": 496.499969482
    },
    "hfc": {
        "dmean": 4.68023967743,
        "dmean2": 6.5229511261,
        "dvar": 53.5154037476,
        "dvar2": 104.225318909,
        "max": 140.143035889,
        "mean": 22.1204490662,
        "median": 19.8837661743,
        "min": 1.05496643326e-16,
        "var": 301.578796387
    },
    "melbands_crest": {
        "dmean": 2.44893050194,
        "dmean2": 3.86530184746,
        "dvar": 6.99706697464,
        "dvar2": 17.3553600311,
        "max": 39.8757400513,
        "mean": 13.271572113,
        "median": 12.4486045837,
        "min": 1.06832873821,
        "var": 25.3635005951
    },
    "melbands_flatness_db": {
        "dmean": 0.0194224044681,
        "dmean2": 0.0274573434144,
        "dvar": 0.000561238441151,
        "dvar2": 0.00107779563405,
        "max": 0.618953943253,
        "mean": 0.226659327745,
        "median": 0.210646852851,
        "min": 2.76860246231e-05,
        "var": 0.00871923193336
    },
    "melbands_kurtosis": {
        "dmean": 5.71963262558,
        "dmean2": 8.89571666718,
        "dvar": 192.172729492,
        "dvar2": 498.737701416,
        "max": 598.516723633,
        "mean": 12.6089420319,
        "median": 7.15962028503,
        "min": -1.41725695133,
        "var": 360.097412109
    },
    "melbands_skewness": {
        "dmean": 0.55861634016,
        "dmean2": 0.836276650429,
        "dvar": 0.61606657505,
        "dvar2": 1.41746485233,
        "max": 23.6866836548,
        "mean": 2.43662214279,
        "median": 2.22344970703,
        "min": -0.821335494518,
        "var": 2.33802747726
    },
    "melbands_spread": {
        "dmean": 4.15725135803,
        "dmean2": 6.21182870865,
        "dvar": 30.6679611206,
        "dvar2": 67.8759841919,
        "max": 172.182449341,
        "mean": 21.1212921143,
        "median": 17.2350215912,
        "min": 0.713909506798,
        "var": 375.821014404
    },
    "pitch_salience": {
        "dmean": 0.0498989373446,
        "dmean2": 0.0795252323151,
        "dvar": 0.00251693069004,
        "dvar2": 0.00625575939193,
        "max": 0.997469425201,
        "mean": 0.519460320473,
        "median": 0.51305949688,
        "min": 0.00916084460914,
        "var": 0.00936028454453
    },
    "silence_rate_20dB": {
        "dmean": 0,
        "dmean2": 0,
        "dvar": 0,
        "dvar2": 0,
        "max": 1,
        "mean": 1,
        "median": 1,
        "min": 1,
        "var": 0
    },
    "silence_rate_30dB": {
        "dmean": 0.010400290601,
        "dmean2": 0.0208030957729,
        "dvar": 0.0102918474004,
        "dvar2": 0.0290782991797,
        "max": 1,
        "mean": 0.993954062462,
        "median": 1,
        "min": 0,
        "var": 0.0060094431974
    },
    "silence_rate_60dB": {
        "dmean": 0.0021768049337,
        "dmean2": 0.00435413653031,
        "dvar": 0.00217206845991,
        "dvar2": 0.00481908302754,
        "max": 1,
        "mean": 0.0470374859869,
        "median": 0,
        "min": 0,
        "var": 0.0448250696063
    },
    "spectral_centroid": {
        "dmean": 164.411987305,
        "dmean2": 243.74206543,
        "dvar": 58081.9335938,
        "dvar2": 119386.210938,
        "max": 11779.4589844,
        "mean": 1264.30004883,
        "median": 1035.68164062,
        "min": 205.45425415,
        "var": 1683458.625
    },
    "spectral_complexity": {
        "dmean": 2.25057435036,
        "dmean2": 3.49612975121,
        "dvar": 6.64487171173,
        "dvar2": 13.7074584961,
        "max": 49,
        "mean": 17.0671100616,
        "median": 16,
        "min": 0,
        "var": 70.6691665649
    },
    "spectral_decrease": {
        "dmean": 2.07225725468e-09,
        "dmean2": 3.20183568547e-09,
        "dvar": 1.50902162101e-17,
        "dvar2": 3.6236039705e-17,
        "max": 2.08333908764e-28,
        "mean": -7.89811949176e-09,
        "median": -7.38130845335e-09,
        "min": -4.63759874947e-08,
        "var": 3.0953882689e-17
    },
    "spectral_energy": {
        "dmean": 0.00807899795473,
        "dmean2": 0.0124194128439,
        "dvar": 0.000223151015234,
        "dvar2": 0.000533017504495,
        "max": 0.181032717228,
        "mean": 0.0318156778812,
        "median": 0.0299704801291,
        "min": 9.70178249258e-21,
        "var": 0.000483125011669
    },
    "spectral_energyband_high": {
        "dmean": 0.00032096033101,
        "dmean2": 0.000424869882409,
        "dvar": 4.69487787313e-07,
        "dvar2": 8.72666419127e-07,
        "max": 0.0119644114748,
        "mean": 0.000900048704352,
        "median": 0.00041901395889,
        "min": 7.06185172349e-21,
        "var": 1.72797479081e-06
    },
    "spectral_energyband_low": {
        "dmean": 0.00390952872112,
        "dmean2": 0.0064942073077,
        "dvar": 0.000103828555439,
        "dvar2": 0.000258382118773,
        "max": 0.114245302975,
        "mean": 0.0105693908408,
        "median": 0.00815574917942,
        "min": 1.42601470758e-23,
        "var": 0.000176742891199
    },
    "spectral_energyband_middle_high": {
        "dmean": 0.00116777897347,
        "dmean2": 0.00173551437911,
        "dvar": 2.88960336547e-06,
        "dvar2": 6.05250352237e-06,
        "max": 0.0458800047636,
        "mean": 0.0049814209342,
        "median": 0.00340121705085,
        "min": 1.17283386426e-21,
        "var": 2.58060426859e-05
    },
    "spectral_energyband_middle_low": {
        "dmean": 0.00519518554211,
        "dmean2": 0.00781301409006,
        "dvar": 0.000136323957122,
        "dvar2": 0.000325360626448,
        "max": 0.166921809316,
        "mean": 0.0163178034127,
        "median": 0.0141632007435,
        "min": 1.33907081312e-22,
        "var": 0.000207609860809
    },
    "spectral_entropy": {
        "dmean": 0.146406039596,
        "dmean2": 0.202660143375,
        "dvar": 0.0385974794626,
        "dvar2": 0.0679118707776,
        "max": 9.8266582489,
        "mean": 7.28986024857,
        "median": 7.36063814163,
        "min": 4.46115779877,
        "var": 0.462024092674
    },
    "spectral_flux": {
        "dmean": 0.0223287064582,
        "dmean2": 0.0352236554027,
        "dvar": 0.0010862868512,
        "dvar2": 0.00256809568964,
        "max": 0.380631804466,
        "mean": 0.068772546947,
        "median": 0.0587101951241,
        "min": 6.45239209285e-11,
        "var": 0.00237234076485
    },
    "spectral_kurtosis": {
        "dmean": 3.17397546768,
        "dmean2": 5.08618402481,
        "dvar": 102.190010071,
        "dvar2": 254.497528076,
        "max": 277.702941895,
        "mean": 9.68154621124,
        "median": 4.78267478943,
        "min": -1.56331992149,
        "var": 499.875396729
    },
    "spectral_rms": {
        "dmean": 0.000612333358731,
        "dmean2": 0.000913476978894,
        "dvar": 8.53113419907e-07,
        "dvar2": 1.91575327335e-06,
        "max": 0.0132897431031,
        "mean": 0.00518113840371,
        "median": 0.0054073552601,
        "min": 3.0765489982e-12,
        "var": 4.19553271058e-06
    },
    "spectral_rolloff": {
        "dmean": 397.444519043,
        "dmean2": 659.674560547,
        "dvar": 1059047.375,
        "dvar2": 2343661.5,
        "max": 19530.6152344,
        "mean": 1613.65075684,
        "median": 882.861328125,
        "min": 21.533203125,
        "var": 7475673
    },
    "spectral_skewness": {
        "dmean": 0.284512579441,
        "dmean2": 0.437163978815,
        "dvar": 0.30813485384,
        "dvar2": 0.765130519867,
        "max": 13.8101015091,
        "mean": 2.07438111305,
        "median": 1.78841638565,
        "min": -0.128293469548,
        "var": 1.80255889893
    },
    "spectral_spread": {
        "dmean": 621027.25,
        "dmean2": 877019.3125,
        "dvar": 1.32911661056e+12,
        "dvar2": 2.31942756762e+12,
        "max": 42966744,
        "mean": 5627255.5,
        "median": 4810095,
        "min": 331555.34375,
        "var": 2.2498632532e+13
    },
    "spectral_strongpeak": {
        "dmean": 0.456043988466,
        "dmean2": 0.773021757603,
        "dvar": 0.574144423008,
        "dvar2": 1.38622915745,
        "max": 10.1874141693,
        "mean": 1.09166133404,
        "median": 0.506681084633,
        "min": 0,
        "var": 1.46983349323
    },
    "zerocrossingrate": {
        "dmean": 0.00934282969683,
        "dmean2": 0.010581612587,
        "dvar": 0.000210623707972,
        "dvar2": 0.00022700727277,
        "max": 0.85205078125,
        "mean": 0.0654774531722,
        "median": 0.0517578125,
        "min": 0,
        "var": 0.00521903531626
    },
    "barkbands": {
        "dmean": [0.000310240982799, 0.00298205227591, 0.00113188556861, 0.0010215252405, 0.00238458206877, 0.00169497891329, 0.000563112727832, 0.000495392247103, 0.0011071843328, 0.000460927549284, 0.000299471168546, 0.00031019965536, 0.00024352161563, 0.000234569961322, 0.000241118817939, 0.000209968231502, 0.000156451118528, 0.000123902980704, 0.000146357124322, 9.78102325462e-05, 8.39470012579e-05, 5.17089938512e-05, 5.46189221495e-05, 4.45053265139e-05, 0.000100853161712, 3.44396466971e-05, 2.44096872848e-06],
        "dmean2": [0.000549730437342, 0.00484873540699, 0.00199027894996, 0.001632346306, 0.00364269223064, 0.00253764493391, 0.000844315334689, 0.000737258058507, 0.00159966095816, 0.000646263128147, 0.000446175137768, 0.000465583259938, 0.000384589133319, 0.000365251704352, 0.000377038435545, 0.000333231815603, 0.000248639815254, 0.000198633264517, 0.000220366986468, 0.000149655214045, 0.000126436134451, 7.66880039009e-05, 7.74850414018e-05, 6.31638249615e-05, 0.00014481395192, 5.07424228999e-05, 3.6848923628e-06],
        "dvar": [9.93628418655e-07, 6.37497287244e-05, 1.14977256089e-05, 1.18843081509e-05, 6.86901912559e-05, 8.09001994639e-06, 1.31201636577e-06, 1.94318272406e-06, 4.67837799079e-06, 1.20133540804e-06, 6.25725249392e-07, 5.43453325008e-07, 3.79061901867e-07, 2.55664190263e-07, 2.74361639185e-07, 1.63785443874e-07, 1.08146835487e-07, 6.42704804932e-08, 7.53518563101e-08, 3.56196885321e-08, 3.65778056732e-08, 1.93625933065e-08, 2.95407716067e-08, 1.51412233862e-08, 1.07276356687e-07, 1.46601824014e-08, 4.48863238245e-11],
        "dvar2": [2.95817835649e-06, 0.000155626257765, 3.33604002662e-05, 3.05286775983e-05, 0.000160573850735, 1.74495544343e-05, 2.76555124401e-06, 4.43062435806e-06, 9.61122623266e-06, 2.26979750551e-06, 1.32916807161e-06, 1.07173514152e-06, 9.17891441077e-07, 5.6439483842e-07, 5.78584433697e-07, 3.9520637074e-07, 2.5740442311e-07, 1.55844858796e-07, 1.68443889947e-07, 7.73201307425e-08, 8.20474070906e-08, 4.0818786573e-08, 6.09055774703e-08, 3.0580036281e-08, 2.4112233632e-07, 3.2465813149e-08, 1.04431775727e-10],
        "max": [0.0117094395682, 0.0894590094686, 0.0468613952398, 0.0481081195176, 0.122827231884, 0.0711107179523, 0.036542236805, 0.0303426738828, 0.0398890078068, 0.031302344054, 0.0190520808101, 0.0244316142052, 0.0155218504369, 0.0145648764446, 0.0168619602919, 0.0108490148559, 0.00937306322157, 0.00640445621684, 0.00504147820175, 0.00587275298312, 0.00565229356289, 0.00339894369245, 0.00414348999038, 0.00425654137507, 0.00885030440986, 0.00473938323557, 0.000180755567271],
        "mean": [0.000385538005503, 0.00743060698733, 0.00201592803933, 0.00168156670406, 0.00414820294827, 0.00485213147476, 0.0012211962603, 0.000934401410632, 0.00290289148688, 0.00114034896251, 0.000565070775338, 0.000756942259613, 0.000443994009402, 0.00045399996452, 0.000490979873575, 0.000416137831053, 0.000347662629792, 0.000273290614132, 0.000355981901521, 0.000243653863436, 0.00019925419474, 0.000106264298665, 0.000101366138551, 9.1821377282e-05, 0.000188448495464, 6.43512103125e-05, 3.65865685126e-06],
        "median": [2.07336106541e-05, 0.00539224222302, 0.000999138923362, 0.000708831241354, 0.0020714669954, 0.00265959533863, 0.000475666252896, 0.000325371976942, 0.000815996085294, 0.000271005032118, 0.000147771861521, 0.000209054662264, 0.00012845202582, 0.000144065430504, 0.00015459919814, 0.000170894898474, 0.000121086239233, 9.86957893474e-05, 0.000140621064929, 9.14589327294e-05, 5.6253396906e-05, 3.1056071748e-05, 2.03601703106e-05, 3.28954847646e-05, 6.78238138789e-05, 2.43346221396e-05, 1.26139502754e-06],
        "min": [4.65541875177e-25, 7.02766795393e-25, 9.27034231505e-25, 8.92870835068e-25, 8.33689977199e-24, 9.38651076082e-24, 6.00670602659e-24, 1.03635710011e-23, 1.69713484111e-23, 1.26739426441e-23, 1.23889311433e-23, 1.56124802816e-23, 2.63266455236e-23, 3.68591755422e-23, 4.7559821286e-23, 5.56677178927e-23, 6.66320703708e-23, 6.13304517712e-23, 1.14586085451e-22, 1.79942466764e-22, 2.30611204655e-22, 2.54870962032e-22, 3.80596482906e-22, 5.20136864118e-22, 8.32064431485e-22, 1.29061784036e-21, 1.89821653346e-21],
        "var": [1.00439820017e-06, 0.000105930797872, 1.17728104669e-05, 1.20650065583e-05, 7.63128482504e-05, 3.33546340698e-05, 4.6643431233e-06, 3.83105816582e-06, 2.29444540309e-05, 6.72392070555e-06, 2.0476923055e-06, 3.20634467244e-06, 9.59143221735e-07, 8.38073901832e-07, 9.48176136717e-07, 4.60853698314e-07, 4.35553715761e-07, 2.3197964083e-07, 2.98923509945e-07, 1.54480190417e-07, 1.37676806844e-07, 4.75631871666e-08, 6.67993873549e-08, 3.52457085739e-08, 1.88045390814e-07, 2.47909426321e-08, 6.29371416094e-11]
    },
    "erbbands": {
        "dmean": [0.122012637556, 0.595975279808, 1.22726511955, 2.22393941879, 8.10879421234, 5.97457408905, 9.85589885712, 16.2011680603, 8.3089761734, 10.4647426605, 10.4656438828, 21.2375488281, 26.2773933411, 10.1200695038, 12.7786684036, 10.0191526413, 9.15981292725, 13.4625301361, 7.83085775375, 14.2686796188, 11.4151964188, 7.73097229004, 5.59847402573, 8.21548557281, 4.70686531067, 4.10963249207, 4.35650348663, 2.47573518753, 1.81719815731, 1.2714779377, 1.86195504665, 1.05385649204, 0.723468899727, 1.02343559265, 0.801700174809, 0.243149220943, 0.0498984530568, 0.00682722823694, 0.000458121357951, 2.03467934625e-05],
        "dmean2": [0.200039714575, 0.97320920229, 2.19805812836, 3.65062475204, 12.4285736084, 9.42524337769, 15.0935783386, 24.0671749115, 12.9355802536, 15.2717237473, 15.5278158188, 30.2763404846, 36.899471283, 14.3645105362, 18.64884758, 14.9878959656, 14.4307060242, 20.9024620056, 12.3274879456, 22.2141723633, 18.1143226624, 12.2161026001, 8.75306987762, 12.603887558, 7.11376953125, 6.36467266083, 6.42025899887, 3.74044346809, 2.67061972618, 1.79441165924, 2.69932723045, 1.4964684248, 1.02824568748, 1.48002004623, 1.1764421463, 0.357252448797, 0.0732135176659, 0.0100026605651, 0.000681298610289, 2.97803399008e-05],
        "dvar": [0.116373755038, 2.71096205711, 14.7976980209, 35.7380371094, 1417.29321289, 253.793746948, 370.775970459, 902.974304199, 266.090179443, 538.34576416, 910.323303223, 2141.69799805, 2665.09594727, 666.414672852, 745.4765625, 561.115539551, 687.62121582, 806.724243164, 277.041656494, 1004.54400635, 550.95715332, 286.343811035, 119.020629883, 263.610809326, 83.04637146, 59.4828910828, 103.133003235, 39.3669319153, 23.3422851562, 9.60638904572, 42.3853149414, 8.03373336792, 4.2488694191, 11.278222084, 8.37348842621, 0.949706792831, 0.0202061515301, 0.000268881907687, 1.50741198013e-06, 1.97527971757e-09],
        "dvar2": [0.295195877552, 6.82044172287, 43.264793396, 93.9514312744, 3309.60571289, 645.35168457, 898.419799805, 1954.65380859, 600.193054199, 1160.50769043, 2046.97045898, 4388.98828125, 5398.83056641, 1245.31787109, 1472.53637695, 1183.64428711, 1632.9140625, 1801.71911621, 652.64654541, 2098.91503906, 1324.57019043, 686.916931152, 290.759246826, 604.307861328, 176.109725952, 140.378936768, 222.395889282, 88.460319519, 49.4048118591, 18.4234199524, 90.9939956665, 16.6947288513, 8.38429260254, 23.9934215546, 19.6516799927, 2.08132815361, 0.0451146587729, 0.000603411172051, 3.40096471518e-06, 4.36953051519e-09],
        "max": [3.91222023964, 18.6650104523, 41.409450531, 85.8493652344, 498.686645508, 290.864929199, 639.718017578, 848.29473877, 626.650024414, 492.937255859, 772.98425293, 1050.28076172, 1241.68664551, 805.247314453, 709.223999023, 1141.60791016, 732.681945801, 802.587524414, 450.80859375, 1103.8157959, 740.790466309, 464.84286499, 287.027770996, 345.958892822, 293.444915771, 258.003479004, 287.489807129, 125.223754883, 114.144790649, 50.6054916382, 169.801742554, 106.645004272, 77.4388580322, 133.291397095, 81.2582626343, 38.6093330383, 4.65440225601, 0.332524716854, 0.0294329412282, 0.000925623404328],
        "mean": [0.25577378273, 1.48572826385, 2.42637705803, 4.22740507126, 9.99151229858, 12.8718900681, 25.6193504333, 43.9253234863, 20.1276512146, 22.7835044861, 22.3149166107, 53.1591682434, 68.2429580688, 26.8760261536, 30.4739494324, 25.137714386, 18.1761684418, 28.6122112274, 16.7175884247, 30.2037887573, 23.9941902161, 18.6336021423, 14.3592281342, 21.1749534607, 12.8314142227, 11.1590099335, 11.5303668976, 5.63339042664, 3.84862279892, 2.54226088524, 3.37447977066, 2.14621400833, 1.45187413692, 1.94856226444, 1.37371170521, 0.423186093569, 0.0959090963006, 0.0127452732995, 0.000746252189856, 6.0918944655e-05],
        "median": [0.0832313448191, 1.22358798981, 1.70405173302, 2.42436981201, 3.16721868515, 8.08325386047, 14.8424978256, 20.1709518433, 10.793053627, 9.48907852173, 9.13271617889, 18.1663856506, 20.3865413666, 10.7516212463, 11.1770381927, 9.08678245544, 6.6110830307, 9.38807678223, 7.82257843018, 10.4610176086, 10.8567647934, 6.94916534424, 5.81039142609, 8.27458190918, 5.89932918549, 4.30324268341, 3.11434173584, 1.66672253609, 1.23137450218, 0.579540848732, 0.661704182625, 0.719473361969, 0.554097533226, 0.754969596863, 0.413474231958, 0.134234860539, 0.0361474566162, 0.00473120063543, 0.000287493807264, 5.03230257891e-05],
        "min": [6.31255584035e-23, 1.82435027411e-22, 1.33582429077e-21, 3.79148856249e-21, 1.09527469584e-20, 2.40993530003e-20, 3.59146667763e-20, 9.41550610701e-20, 1.0211649352e-19, 1.78429682368e-19, 2.51114844124e-19, 3.88321127635e-19, 3.33520101861e-19, 3.71316620687e-19, 1.01226392897e-18, 6.54842391614e-19, 1.50737278122e-18, 1.89434451878e-18, 2.6202083276e-18, 2.32247666023e-18, 3.40443200337e-18, 4.48667231024e-18, 3.85379518281e-18, 4.76047281531e-18, 5.96223679158e-18, 9.46240936739e-18, 7.5176299923e-18, 1.02543603577e-17, 8.84064251635e-18, 8.06788790656e-18, 1.13020433333e-17, 9.35673538977e-18, 1.06629619377e-17, 7.14407026459e-18, 6.46012755563e-18, 3.86098131438e-18, 2.07878242753e-18, 8.58833299078e-19, 2.63039014545e-19, 2.49425860867e-20],
        "var": [0.194017007947, 3.72709512711, 13.1379880905, 42.1666259766, 1394.26843262, 345.564208984, 1141.10510254, 3527.26806641, 871.383117676, 1625.72961426, 2010.78186035, 7960.87402344, 12795.7958984, 4028.47119141, 3858.93945312, 3127.55761719, 1594.62670898, 3263.10107422, 712.987365723, 3461.63696289, 1589.57336426, 1184.00292969, 561.20111084, 1118.7331543, 370.635314941, 279.855316162, 477.031311035, 107.039001465, 60.7036514282, 27.1804122925, 86.6024780273, 18.3427047729, 9.5822763443, 20.6757583618, 12.3292751312, 1.58906030655, 0.0368980579078, 0.000540672859643, 2.2596486815e-06, 3.64793950602e-09]
    },
    "gfcc": {
        "mean": [-24.015586853, 95.9600753784, -98.5136032104, 13.9569425583, -54.1899032593, 6.23550367355, -41.2607116699, 14.467663765, -29.1596794128, 6.17130899429, -15.7096729279, 1.97886526585, -2.33287858963],
        "cov": [[36162.9882812, -30.0272407532, -1796.6920166, 2033.95117188, -1415.95507812, 640.350952148, -834.624450684, 1086.3203125, -815.513183594, 657.762207031, -502.604553223, 176.273117065, -224.157867432], [-30.0272407532, 2600.01464844, -189.209823608, -381.985229492, 461.315795898, -209.971588135, 172.589385986, -215.083847046, 220.249176025, -214.190612793, 202.041000366, -181.617507935, 130.489959717], [-1796.6920166, -189.209823608, 1167.89562988, 66.8536529541, 117.86390686, 162.40574646, 26.3776245117, 111.472068787, 27.9784317017, 81.6120376587, 4.01893281937, 59.029296875, 1.44360506535], [2033.95117188, -381.985229492, 66.8536529541, 868.436279297, -40.8195343018, 149.698638916, 82.5561141968, 149.437393188, 118.79586792, 51.1646194458, 11.7593765259, 36.2267036438, -50.1969604492], [-1415.95507812, 461.315795898, 117.86390686, -40.8195343018, 388.086212158, 3.6461520195, 149.501083374, 22.0323314667, 125.364364624, -6.24720096588, 77.6688079834, -19.4799289703, 44.0964698792], [640.350952148, -209.971588135, 162.40574646, 149.698638916, 3.6461520195, 304.379058838, 82.0749435425, 68.9639053345, 13.5367603302, 82.38671875, 3.42689609528, 13.3719053268, -21.3586883545], [-834.624450684, 172.589385986, 26.3776245117, 82.5561141968, 149.501083374, 82.0749435425, 257.301879883, 21.3262252808, 94.3574676514, 17.2604866028, 63.858795166, -19.211856842, 8.5046787262], [1086.3203125, -215.083847046, 111.472068787, 149.437393188, 22.0323314667, 68.9639053345, 21.3262252808, 262.203948975, 3.3550696373, 102.320465088, 4.23301315308, 37.7995567322, 8.45968914032], [-815.513183594, 220.249176025, 27.9784317017, 118.79586792, 125.364364624, 13.5367603302, 94.3574676514, 3.3550696373, 213.989242554, -20.245847702, 49.0081520081, -2.77123475075, 9.95007514954], [657.762207031, -214.190612793, 81.6120376587, 51.1646194458, -6.24720096588, 82.38671875, 17.2604866028, 102.320465088, -20.245847702, 167.070861816, 6.78603696823, 25.700340271, 4.12784099579], [-502.604553223, 202.041000366, 4.01893281937, 11.7593765259, 77.6688079834, 3.42689609528, 63.858795166, 4.23301315308, 49.0081520081, 6.78603696823, 116.311126709, -6.91050863266, 21.2558517456], [176.273117065, -181.617507935, 59.029296875, 36.2267036438, -19.4799289703, 13.3719053268, -19.211856842, 37.7995567322, -2.77123475075, 25.700340271, -6.91050863266, 110.115058899, 3.4474234581], [-224.157867432, 130.489959717, 1.44360506535, -50.1969604492, 44.0964698792, -21.3586883545, 8.5046787262, 8.45968914032, 9.95007514954, 4.12784099579, 21.2558517456, 3.4474234581, 89.7720031738]],
        "icov": [[0.000145462050568, -0.000379953184165, 0.000278881401755, -0.000424626807217, 0.000364746811101, -0.000372132490156, 0.000426085316576, -0.000543824222405, 0.000576842518058, -0.000487788551254, 0.00059507478727, -0.000340633036103, 0.000247436808422], [-0.000379953184165, 0.00174981716555, -0.000668910564855, 0.0013102121884, -0.00150261144154, 0.00112209958024, -0.0010840134928, 0.00161167315673, -0.00185303669423, 0.00181652558967, -0.00228985678405, 0.00170044112019, -0.00119421584532], [0.000278881401755, -0.000668910564855, 0.00155368587002, -0.000769621168729, 0.000210765661905, -0.00122956477571, 0.00110538827721, -0.00122019241098, 0.00105803157203, -0.00100854842458, 0.00118296244182, -0.00101094634738, 0.000515366729815], [-0.000424626807217, 0.0013102121884, -0.000769621168729, 0.00292908982374, -0.000607483903877, 0.000632991548628, -0.00152056908701, 0.000734002329409, -0.00287199649028, 0.00178905914072, -0.00199980661273, 0.000976447016001, -0.000118603376905], [0.000364746811101, -0.00150261144154, 0.000210765661905, -0.000607483903877, 0.00577146187425, -0.000610732764471, -0.000825502676889, -0.00212370301597, -5.53695899725e-05, -0.00127780251205, 0.000992802786641, -0.000933400937356, -8.44375317683e-05], [-0.000372132490156, 0.00112209958024, -0.00122956477571, 0.000632991548628, -0.000610732764471, 0.00574564188719, -0.00272440863773, 0.00142572855111, -0.00133074494079, -0.000419594929554, -0.00124943640549, 0.00111208634917, 2.41352263401e-05], [0.000426085316576, -0.0010840134928, 0.00110538827721, -0.00152056908701, -0.000825502676889, -0.00272440863773, 0.00772638851777, -0.00146453711204, 0.000511412217747, -0.00166721234564, -2.15253567148e-05, -0.000156338195666, 0.000966008170508], [-0.000543824222405, 0.00161167315673, -0.00122019241098, 0.000734002329409, -0.00212370301597, 0.00142572855111, -0.00146453711204, 0.00785114243627, -0.00183101906441, -0.00104050070513, -0.00209933705628, 0.000562168017495, -0.00176299759187], [0.000576842518058, -0.00185303669423, 0.00105803157203, -0.00287199649028, -5.53695899725e-05, -0.00133074494079, 0.000511412217747, -0.00183101906441, 0.00962061714381, -0.00115109141916, 0.00151967757847, -0.00215934845619, 0.00105534575414], [-0.000487788551254, 0.00181652558967, -0.00100854842458, 0.00178905914072, -0.00127780251205, -0.000419594929554, -0.00166721234564, -0.00104050070513, -0.00115109141916, 0.0110570723191, -0.00339530757628, 0.000849689356983, -0.00166755996179], [0.00059507478727, -0.00228985678405, 0.00118296244182, -0.00199980661273, 0.000992802786641, -0.00124943640549, -2.15253567148e-05, -0.00209933705628, 0.00151967757847, -0.00339530757628, 0.0142536619678, -0.00192920968402, -0.000221105554374], [-0.000340633036103, 0.00170044112019, -0.00101094634738, 0.000976447016001, -0.000933400937356, 0.00111208634917, -0.000156338195666, 0.000562168017495, -0.00215934845619, 0.000849689356983, -0.00192920968402, 0.01181645412, -0.00187181727961], [0.000247436808422, -0.00119421584532, 0.000515366729815, -0.000118603376905, -8.44375317683e-05, 2.41352263401e-05, 0.000966008170508, -0.00176299759187, 0.00105534575414, -0.00166755996179, -0.000221105554374, -0.00187181727961, 0.0136242220178]]
    },
    "melbands": {
        "dmean": [0.000930512149353, 0.000652540300507, 0.000574805773795, 0.000515876803547, 0.000317102472764, 0.000340302154655, 0.000129300431581, 0.000113807764137, 8.6583342636e-05, 0.000154518493218, 0.000132636108901, 4.133611219e-05, 4.61223280581e-05, 3.91037283407e-05, 1.9944340238e-05, 2.38644079218e-05, 2.5818721042e-05, 1.26641625684e-05, 1.81508821697e-05, 1.65417841345e-05, 1.41718182931e-05, 8.69755149324e-06, 6.25681968813e-06, 7.20293655831e-06, 7.48541333451e-06, 5.08967377755e-06, 2.91764649774e-06, 2.99759744848e-06, 3.71507326236e-06, 1.794502964e-06, 1.61676723565e-06, 1.23443805933e-06, 8.23697462238e-07, 6.90553690674e-07, 1.44536124935e-06, 6.38600624825e-07, 6.71078169034e-07, 5.12758731475e-07, 6.2422850533e-07, 1.03180957467e-06],
        "dmean2": [0.00151513377205, 0.00113171362318, 0.000907676003408, 0.000789906946011, 0.000486071454361, 0.000506472191773, 0.00019943791267, 0.000166584504768, 0.00012623683142, 0.000222280417802, 0.000186148856301, 5.88152688579e-05, 6.69502114761e-05, 5.75670856051e-05, 3.11328185489e-05, 3.73590628442e-05, 4.00534154323e-05, 2.00387330551e-05, 2.7972891985e-05, 2.60052438534e-05, 2.26569900406e-05, 1.38664945553e-05, 9.77057879936e-06, 1.15827342597e-05, 1.15235907288e-05, 7.70656151872e-06, 4.66710253022e-06, 4.63381502414e-06, 5.48060688743e-06, 2.71830094789e-06, 2.51353435488e-06, 1.87162459042e-06, 1.25792951167e-06, 1.0000921975e-06, 2.15346130972e-06, 9.11670952064e-07, 9.8906139101e-07, 7.43849398077e-07, 9.3839719284e-07, 1.51155586536e-06],
        "dvar": [6.3973379838e-06, 3.86296005672e-06, 3.89677779822e-06, 4.39625955551e-06, 3.45986421735e-07, 3.68497808267e-07, 5.77268934876e-08, 6.53332179468e-08, 5.21334087011e-08, 1.00647532975e-07, 6.71442421663e-08, 1.27493606783e-08, 1.18600107513e-08, 8.38031510852e-09, 3.15800252615e-09, 3.30009197747e-09, 3.11157521971e-09, 8.20783829791e-10, 1.56398904938e-09, 1.05628061853e-09, 8.70244265538e-10, 3.5635458473e-10, 2.16209050663e-10, 2.26067956022e-10, 2.40766601101e-10, 1.18497975321e-10, 2.7177317688e-11, 3.41655939651e-11, 7.6346276523e-11, 2.49346845255e-11, 2.32819978574e-11, 1.34286115214e-11, 3.29697965977e-12, 3.14541686967e-12, 3.20527285269e-11, 2.24778247231e-12, 4.07469500849e-12, 2.26489486888e-12, 3.96345282982e-12, 1.22715101969e-11],
        "dvar2": [1.5818492102e-05, 1.08193025881e-05, 9.46646923694e-06, 1.04704677142e-05, 8.57748602812e-07, 7.99674353402e-07, 1.27902467284e-07, 1.43837965538e-07, 1.12741872726e-07, 2.10368426679e-07, 1.34879101665e-07, 2.38515500683e-08, 2.45313067637e-08, 1.63794542374e-08, 7.74163311235e-09, 7.89395038225e-09, 6.80719125512e-09, 1.91729010446e-09, 3.25433391346e-09, 2.35998665055e-09, 2.06905781397e-09, 8.43132841322e-10, 5.31708954643e-10, 5.61603430427e-10, 5.51886758515e-10, 2.48481124565e-10, 6.96777358034e-11, 7.84846146407e-11, 1.61610086424e-10, 5.79080013108e-11, 5.55306113592e-11, 3.02946383257e-11, 7.29206191957e-12, 6.49457831264e-12, 7.0909278449e-11, 4.44249368195e-12, 9.06208615092e-12, 4.51350285272e-12, 9.03657617485e-12, 2.67730507902e-11],
        "max": [0.0273264572024, 0.0232836604118, 0.0243675708771, 0.0316056199372, 0.0192096997052, 0.0167648009956, 0.00867171306163, 0.0048561366275, 0.00531541416422, 0.00604030862451, 0.00612797262147, 0.00344266463071, 0.00297262589447, 0.00326079688966, 0.00156645942479, 0.00166414922569, 0.00183869432658, 0.000711876607966, 0.00120552862063, 0.000808033219073, 0.00087592023192, 0.000460221868707, 0.000348981353454, 0.000450936000561, 0.000349639973138, 0.000360024889233, 0.000120776086987, 0.000186621167813, 0.000199038826395, 0.000267433875706, 0.000106356441393, 9.37443328439e-05, 3.89879169234e-05, 3.04362274619e-05, 0.000151498563355, 3.3473908843e-05, 9.12089308258e-05, 6.07863221376e-05, 8.2682192442e-05, 0.000145590383909],
        "mean": [0.00217115436681, 0.00153466581833, 0.000925973465201, 0.000784651318099, 0.000860338215716, 0.000946915824898, 0.00030995128327, 0.000239289540332, 0.000179871276487, 0.000394947710447, 0.00034095425508, 0.000103164195025, 9.7394331533e-05, 9.74114009296e-05, 3.66169297195e-05, 4.79964983242e-05, 5.22745576745e-05, 2.31518752116e-05, 3.78497279598e-05, 3.37339988619e-05, 2.68589137704e-05, 1.88193007489e-05, 1.36214821396e-05, 1.56365185831e-05, 1.75305649464e-05, 1.22355277199e-05, 6.69925702823e-06, 7.38795097277e-06, 8.96405163076e-06, 3.9629640014e-06, 3.10481095767e-06, 2.38268148678e-06, 1.59210412676e-06, 1.23741108382e-06, 2.36874348047e-06, 1.27723126297e-06, 1.26817815271e-06, 9.50215678586e-07, 1.11638144062e-06, 1.86444833616e-06],
        "median": [0.00124071212485, 0.00129492138512, 0.000477926107123, 0.000378486030968, 0.000524215167388, 0.000460331706563, 0.000164373806911, 0.000101614408777, 6.43783787382e-05, 0.000120737517136, 9.20161401154e-05, 3.03522829199e-05, 3.06616602757e-05, 2.62712346739e-05, 1.31011820486e-05, 1.45201811392e-05, 1.59992850968e-05, 9.36940341489e-06, 1.19373853522e-05, 1.1880434613e-05, 1.07112900878e-05, 6.65224160912e-06, 4.11372730014e-06, 5.27210613654e-06, 6.23812002232e-06, 4.52198128187e-06, 3.09883466798e-06, 2.53553912444e-06, 2.00667204808e-06, 1.04607670437e-06, 8.16154511085e-07, 6.71543944009e-07, 4.35004807287e-07, 2.38150292375e-07, 3.35572849508e-07, 3.90711562659e-07, 4.0197548401e-07, 3.13621342229e-07, 4.21015045049e-07, 6.65073343953e-07],
        "min": [1.07871847712e-24, 6.73471854032e-25, 6.56995951684e-25, 9.64109806582e-25, 1.22526211065e-24, 1.95315156207e-24, 1.629950023e-24, 2.76346987835e-24, 1.57752646876e-24, 2.46575830867e-24, 1.57342863218e-24, 1.36000053934e-24, 2.08251212876e-24, 2.52452765725e-24, 2.31680421204e-24, 3.34695893272e-24, 2.85516805605e-24, 3.03661395286e-24, 3.49419350979e-24, 2.42695857947e-24, 3.87219908949e-24, 3.95290705428e-24, 3.13969578785e-24, 3.28769260177e-24, 3.26216940161e-24, 4.64758546159e-24, 4.78978158406e-24, 5.77660713345e-24, 3.94355865812e-24, 4.92201991533e-24, 4.90079955698e-24, 4.519171528e-24, 5.3748840562e-24, 4.05656850482e-24, 5.91790119348e-24, 5.37037966043e-24, 5.39426991852e-24, 6.23860943905e-24, 5.96800411615e-24, 6.1872983759e-24],
        "var": [1.0883687537e-05, 3.95426877731e-06, 3.96816676584e-06, 4.34659523307e-06, 1.11719293727e-06, 1.50004905208e-06, 1.98943851615e-07, 1.68888945495e-07, 1.32033136424e-07, 4.24290590217e-07, 3.24470335045e-07, 7.92960861418e-08, 4.727290559e-08, 5.4254197579e-08, 7.12752923349e-09, 1.08485611605e-08, 1.17134648647e-08, 1.76392367379e-09, 5.79848080662e-09, 3.257995429e-09, 2.33069608058e-09, 1.25144450358e-09, 8.19940282337e-10, 7.73367148099e-10, 8.72339367408e-10, 4.60586208062e-10, 8.69278607429e-11, 1.48435777558e-10, 3.34515581901e-10, 6.8270701592e-11, 4.74642998516e-11, 2.97793387172e-11, 8.29093217691e-12, 7.66422082049e-12, 5.88523535461e-11, 6.1191533611e-12, 7.51985800018e-12, 5.00623978036e-12, 6.19435275642e-12, 2.14621567046e-11]
    },
    "mfcc": {
        "mean": [-662.435058594, 134.713378906, 9.01601409912, 15.1449584961, 6.17833662033, -7.498234272, 3.01467299461, -4.6222577095, 2.05670213699, -0.759251892567, -4.5431432724, -3.69804143906, -2.02115178108],
        "cov": [[14085.5380859, -390.184967041, -378.847045898, 985.524169922, 84.5160522461, 6.89954900742, 327.251068115, 171.355560303, 246.98248291, 373.088378906, 114.112037659, 29.4278640747, 91.6568527222], [-390.184967041, 2361.83886719, 30.5710105896, -206.015396118, 193.263442993, -22.7528800964, 93.3954696655, -44.151927948, 28.3416233063, -21.2545986176, 12.0476360321, 29.9576759338, 0.501498162746], [-378.847045898, 30.5710105896, 763.810424805, 48.5587730408, 116.836502075, 91.9923324585, 21.061630249, 44.468547821, 34.4777259827, -3.44824528694, 28.4973220825, 21.2134933472, 2.79912924767], [985.524169922, -206.015396118, 48.5587730408, 495.113769531, 78.05078125, 38.8681106567, 28.3666610718, 117.442710876, 60.1827812195, 91.8600387573, 26.8684463501, 75.9764022827, 41.9629898071], [84.5160522461, 193.263442993, 116.836502075, 78.05078125, 231.341903687, 9.40701293945, 27.5178375244, 48.4192619324, 50.2389373779, 45.6150665283, 11.6217050552, 41.0292205811, 19.0958805084], [6.89954900742, -22.7528800964, 91.9923324585, 38.8681106567, 9.40701293945, 278.343566895, 17.2502269745, 72.6495742798, 15.5923337936, 48.6834144592, 44.2983856201, -7.97840213776, 43.9209060669], [327.251068115, 93.3954696655, 21.061630249, 28.3666610718, 27.5178375244, 17.2502269745, 227.840881348, 2.49226212502, 39.2156829834, 63.9723587036, 48.0282211304, 10.6777563095, 11.1829662323], [171.355560303, -44.151927948, 44.468547821, 117.442710876, 48.4192619324, 72.6495742798, 2.49226212502, 184.332366943, 35.6794815063, 34.6252975464, 29.7268924713, 48.4978408813, 32.2423095703], [246.98248291, 28.3416233063, 34.4777259827, 60.1827812195, 50.2389373779, 15.5923337936, 39.2156829834, 35.6794815063, 120.189949036, 63.1113548279, 21.4759311676, 19.2346839905, 27.9459609985], [373.088378906, -21.2545986176, -3.44824528694, 91.8600387573, 45.6150665283, 48.6834144592, 63.9723587036, 34.6252975464, 63.1113548279, 156.013763428, 44.0450439453, 19.7183761597, 41.5696220398], [114.112037659, 12.0476360321, 28.4973220825, 26.8684463501, 11.6217050552, 44.2983856201, 48.0282211304, 29.7268924713, 21.4759311676, 44.0450439453, 121.158218384, 27.7455005646, 14.9870557785], [29.4278640747, 29.9576759338, 21.2134933472, 75.9764022827, 41.0292205811, -7.97840213776, 10.6777563095, 48.4978408813, 19.2346839905, 19.7183761597, 27.7455005646, 116.343574524, 27.579252243], [91.6568527222, 0.501498162746, 2.79912924767, 41.9629898071, 19.0958805084, 43.9209060669, 11.1829662323, 32.2423095703, 27.9459609985, 41.5696220398, 14.9870557785, 27.579252243, 104.291145325]],
