{
"lowlevel": {
    "average_loudness": 0.139230415225,
    "barkbands_crest": {
        "dmean": 2.24640107155,
        "dmean2": 3.5509750843,
        "dvar": 4.77888727188,
        "dvar2": 11.905005455,
        "max": 26.3133869171,
        "mean": 11.9127883911,
        "median": 11.156411171,
        "min": 2.42926573753,
        "var": 22.9447078705
    },
    "barkbands_flatness_db": {
        "dmean": 0.0198573451489,
        "dmean2": 0.0294943004847,
        "dvar": 0.000510632176884,
        "dvar2": 0.0010140077211,
        "max": 0.579613685608,
        "mean": 0.218971565366,
        "median": 0.208529248834,
        "min": 0.0181470140815,
        "var": 0.00922864954919
    },
    "barkbands_kurtosis": {
        "dmean": 5.05619812012,
        "dmean2": 7.71984481812,
        "dvar": 148.790557861,
        "dvar2": 326.054351807,
        "max": 594.184631348,
        "mean": 10.8662586212,
        "median": 3.36712312698,
        "min": -1.91614890099,
        "var": 608.686157227
    },
    "barkbands_skewness": {
        "dmean": 0.551467001438,
        "dmean2": 0.817140638828,
        "dvar": 0.502948105335,
        "dvar2": 1.06181550026,
        "max": 15.513422966,
        "mean": 1.62800693512,
        "median": 1.2741869688,
        "min": -10.3244590759,
        "var": 3.88667464256
    },
    "barkbands_spread": {
        "dmean": 3.08882594109,
        "dmean2": 4.74118280411,
        "dvar": 31.5595264435,
        "dvar2": 67.4539489746,
        "max": 87.5618667603,
        "mean": 12.9702425003,
        "median": 8.31605815887,
        "min": 0.156829729676,
        "var": 180.881546021
    },
    "dissonance": {
        "dmean": 0.0344842337072,
        "dmean2": 0.0580890998244,
        "dvar": 0.00129105127417,
        "dvar2": 0.00361103424802,
        "max": 0.499999970198,
        "mean": 0.409087598324,
        "median": 0.422503530979,
        "min": 0.0625657364726,
        "var": 0.00488633476198
    },
    "dynamic_complexity": 7.87893295288,
    "erbbands_crest": {
        "dmean": 2.77247262001,
        "dmean2": 4.40503931046,
        "dvar": 7.21544933319,
        "dvar2": 18.3298034668,
        "max": 31.3464851379,
        "mean": 12.5961256027,
        "median": 11.8979635239,
        "min": 2.41844820976,
        "var": 27.702413559
    },
    "erbbands_flatness_db": {
        "dmean": 0.017706381157,
        "dmean2": 0.0260630585253,
        "dvar": 0.000398842035793,
        "dvar2": 0.000790096411947,
        "max": 0.608093559742,
        "mean": 0.235028848052,
        "median": 0.229650750756,
        "min": 0.0477665476501,
        "var": 0.00722772302106
    },
    "erbbands_kurtosis": {
        "dmean": 2.34871959686,
        "dmean2": 3.68933224678,
        "dvar": 17.6034984589,
        "dvar2": 41.6746406555,
        "max": 87.4285354614,
        "mean": 4.20794343948,
        "median": 1.76284360886,
        "min": -1.9315302372,
        "var": 53.7424926758
    },
    "erbbands_skewness": {
        "dmean": 0.430238246918,
        "dmean2": 0.648505747318,
        "dvar": 0.224130660295,
        "dvar2": 0.492295891047,
        "max": 7.57095432281,
        "mean": 0.927265822887,
        "median": 0.801924645901,
        "min": -3.50753998756,
        "var": 1.63538491726
    },
    "erbbands_spread": {
        "dmean": 5.2317276001,
        "dmean2": 8.04785919189,
        "dvar": 79.9164047241,
        "dvar2": 174.060852051,
        "max": 138.010864258,
        "mean": 21.9810161591,
        "median": 16.4136829376,
        "min": 0.274516016245,
        "var": 353.780303955
    },
    "hfc": {
        "dmean": 3.00196123123,
        "dmean2": 4.49961996078,
        "dvar": 36.0898857117,
        "dvar2": 95.2995605469,
        "max": 192.906173706,
        "mean": 12.6277065277,
        "median": 6.42535161972,
        "min": 1.05816497526e-16,
        "var": 311.049499512
    },
    "melbands_crest": {
        "dmean": 2.75562334061,
        "dmean2": 4.35324001312,
        "dvar": 7.41597080231,
        "dvar2": 18.9564437866,
        "max": 35.2512245178,
        "mean": 14.6866779327,
        "median": 14.0160589218,
        "min": 1.56609523296,
        "var": 35.4297828674
    },
    "melbands_flatness_db": {
        "dmean": 0.0220255013555,
        "dmean2": 0.0315873287618,
        "dvar": 0.000726966420189,
        "dvar2": 0.00137176853605,
        "max": 0.716350615025,
        "mean": 0.286224514246,
        "median": 0.276921600103,
        "min": 0.00290248123929,
        "var": 0.0133276591077
    },
    "melbands_kurtosis": {
        "dmean": 5.83870172501,
        "dmean2": 8.82220172882,
        "dvar": 251.726898193,
        "dvar2": 530.03314209,
        "max": 1144.66186523,
        "mean": 12.1268615723,
        "median": 5.03821182251,
        "min": -1.88805353642,
        "var": 739.507141113
    },
    "melbands_skewness": {
        "dmean": 0.577154219151,
        "dmean2": 0.869836747646,
        "dvar": 0.514964163303,
        "dvar2": 1.13360714912,
        "max": 20.4481601715,
        "mean": 1.90287089348,
        "median": 1.605073452,
        "min": -5.79893779755,
        "var": 3.051435709
    },
    "melbands_spread": {
        "dmean": 4.28964281082,
        "dmean2": 6.67923498154,
        "dvar": 77.5705413818,
        "dvar2": 167.83164978,
        "max": 187.453460693,
        "mean": 19.2396202087,
        "median": 10.2265481949,
        "min": 0.205046370625,
        "var": 799.524597168
    },
    "pitch_salience": {
        "dmean": 0.0577278584242,
        "dmean2": 0.0913892239332,
        "dvar": 0.00321017508395,
        "dvar2": 0.00762399891391,
        "max": 0.869347155094,
        "mean": 0.552953958511,
        "median": 0.553713202477,
        "min": 0.0857944712043,
        "var": 0.0168611351401
    },
    "silence_rate_20dB": {
        "dmean": 0,
        "dmean2": 0,
        "dvar": 0,
        "dvar2": 0,
        "max": 1,
        "mean": 1,
        "median": 1,
        "min": 1,
        "var": 0
    },
    "silence_rate_30dB": {
        "dmean": 0.0132919801399,
        "dmean2": 0.0265869051218,
        "dvar": 0.0131150940433,
        "dvar2": 0.0329692028463,
        "max": 1,
        "mean": 0.9819470644,
        "median": 1,
        "min": 0,
        "var": 0.0177265387028
    },
    "silence_rate_60dB": {
        "dmean": 0.0248116962612,
        "dmean2": 0.0496288910508,
        "dvar": 0.0241933409125,
        "dvar2": 0.0520441159606,
        "max": 1,
        "mean": 0.265920907259,
        "median": 0,
        "min": 0,
        "var": 0.195188269019
    },
    "spectral_centroid": {
        "dmean": 133.793823242,
        "dmean2": 204.755020142,
        "dvar": 76384.046875,
        "dvar2": 149645.921875,
        "max": 11945.3076172,
        "mean": 1288.50317383,
        "median": 664.403259277,
        "min": 99.7356948853,
        "var": 4633549.5
    },
    "spectral_complexity": {
        "dmean": 1.25897204876,
        "dmean2": 2.06668877602,
        "dvar": 2.25797224045,
        "dvar2": 5.61748981476,
        "max": 41,
        "mean": 9.64902019501,
        "median": 8,
        "min": 0,
        "var": 56.3580665588
    },
    "spectral_decrease": {
        "dmean": 1.33546906866e-09,
        "dmean2": 2.06376449263e-09,
        "dvar": 7.22563937197e-18,
        "dvar2": 1.85770422268e-17,
        "max": 3.08268078388e-28,
        "mean": -5.45135137031e-09,
        "median": -3.54444629203e-09,
        "min": -7.38381302767e-08,
        "var": 4.46285347907e-17
    },
    "spectral_energy": {
        "dmean": 0.00526638608426,
        "dmean2": 0.00813012756407,
        "dvar": 0.000109091692138,
        "dvar2": 0.000281200918835,
        "max": 0.284785568714,
        "mean": 0.0217199735343,
        "median": 0.0139531390741,
        "min": 9.65214357789e-21,
        "var": 0.000705924408976
    },
    "spectral_energyband_high": {
        "dmean": 5.69739713683e-05,
        "dmean2": 7.70029582782e-05,
        "dvar": 4.43148735485e-08,
        "dvar2": 7.41830135098e-08,
        "max": 0.00688611948863,
        "mean": 0.000157599351951,
        "median": 2.27301206905e-05,
        "min": 6.72559109148e-21,
        "var": 1.75319200935e-07
    },
    "spectral_energyband_low": {
        "dmean": 0.00160956394393,
        "dmean2": 0.0026322149206,
        "dvar": 6.42360755592e-05,
        "dvar2": 0.000166664132848,
        "max": 0.23387901485,
        "mean": 0.00489052804187,
        "median": 9.81025659712e-05,
        "min": 1.23906563821e-23,
        "var": 0.000172293293872
    },
    "spectral_energyband_middle_high": {
        "dmean": 0.00171829585452,
        "dmean2": 0.00267915125005,
        "dvar": 2.89203380817e-05,
        "dvar2": 8.03489674581e-05,
        "max": 0.167333543301,
        "mean": 0.00511100096628,
        "median": 0.000709037762135,
        "min": 1.03955741729e-21,
        "var": 0.000133886715048
    },
    "spectral_energyband_middle_low": {
        "dmean": 0.00348640070297,
        "dmean2": 0.00524672027677,
        "dvar": 2.9239225114e-05,
        "dvar2": 7.00698219589e-05,
        "max": 0.106682963669,
        "mean": 0.0119781717658,
        "median": 0.00933337863535,
        "min": 1.12784857258e-22,
        "var": 0.000144360761624
    },
    "spectral_entropy": {
        "dmean": 0.177693247795,
        "dmean2": 0.253993541002,
        "dvar": 0.0549179650843,
        "dvar2": 0.096503444016,
        "max": 9.83081817627,
        "mean": 6.76631116867,
        "median": 6.77447366714,
        "min": 3.89767885208,
        "var": 1.04307734966
    },
    "spectral_flux": {
        "dmean": 0.0145374424756,
        "dmean2": 0.0236184932292,
        "dvar": 0.00038070519804,
        "dvar2": 0.000975120638032,
        "max": 0.350118786097,
        "mean": 0.0488893501461,
        "median": 0.0399503819644,
        "min": 6.25945476007e-11,
        "var": 0.00194646802265
    },
    "spectral_kurtosis": {
        "dmean": 5.68313217163,
        "dmean2": 9.07954692841,
        "dvar": 166.610031128,
        "dvar2": 403.182861328,
        "max": 421.601196289,
        "mean": 19.2769927979,
        "median": 9.1108083725,
        "min": -1.28063845634,
        "var": 1135.99194336
    },
    "spectral_rms": {
        "dmean": 0.00047077841009,
        "dmean2": 0.000699778494891,
        "dvar": 4.0787969624e-07,
        "dvar2": 9.56056169343e-07,
        "max": 0.0166685208678,
        "mean": 0.0037323248107,
        "median": 0.00368955521844,
        "min": 3.06866836629e-12,
        "var": 7.25999780116e-06
    },
    "spectral_rolloff": {
        "dmean": 260.601470947,
        "dmean2": 454.249206543,
        "dvar": 623902.125,
        "dvar2": 1333586,
        "max": 19767.4804688,
        "mean": 1844.64453125,
        "median": 732.12890625,
        "min": 64.599609375,
        "var": 14401470
    },
    "spectral_skewness": {
        "dmean": 0.414431989193,
        "dmean2": 0.635526418686,
        "dvar": 0.396093040705,
        "dvar2": 0.84751200676,
        "max": 17.4112949371,
        "mean": 2.93739700317,
        "median": 2.457020998,
        "min": -0.113261379302,
        "var": 4.22101593018
    },
    "spectral_spread": {
        "dmean": 501020.75,
        "dmean2": 753941.5,
        "dvar": 993528643584,
        "dvar2": 1.86921936486e+12,
        "max": 43473032,
        "mean": 5235899,
        "median": 3586542,
        "min": 244619.84375,
        "var": 5.95615662735e+13
    },
    "spectral_strongpeak": {
        "dmean": 0.455030858517,
        "dmean2": 0.744595885277,
        "dvar": 0.784219682217,
        "dvar2": 1.996311903,
        "max": 15.9496984482,
        "mean": 1.14302957058,
        "median": 0.624623775482,
        "min": 0,
        "var": 2.23372769356
    },
    "zerocrossingrate": {
        "dmean": 0.00678699044511,
        "dmean2": 0.00820655468851,
        "dvar": 0.000202916911803,
        "dvar2": 0.000221945956582,
        "max": 0.7783203125,
        "mean": 0.0614960752428,
        "median": 0.03369140625,
        "min": 0.00244140625,
        "var": 0.00994529016316
    },
    "barkbands": {
        "dmean": [0.000181042196346, 0.00128792715259, 0.000275216298178, 0.000308130489429, 0.00093262642622, 0.00177443167195, 0.000891421688721, 0.000580562045798, 0.00078472372843, 0.000721612013876, 0.000849589006975, 0.000438567018136, 0.000222568152822, 0.000183330455911, 0.000206874377909, 0.000114913396828, 4.54346918559e-05, 2.73060486506e-05, 3.99652599299e-05, 2.05858032132e-05, 1.36855833262e-05, 1.28252922877e-05, 1.3055195268e-05, 9.41612142924e-06, 9.63577440416e-06, 2.30933801504e-06, 1.85857302881e-07],
        "dmean2": [0.000276486098301, 0.00212100590579, 0.000446247635409, 0.000502854993101, 0.00141361111309, 0.00269161374308, 0.00135125045199, 0.000862098706421, 0.00113316287752, 0.00107455614489, 0.00137547997292, 0.000658506236505, 0.000353909650585, 0.000287179718725, 0.000321126542985, 0.000180795148481, 7.36255096854e-05, 4.30433319707e-05, 6.19787533651e-05, 3.10600989906e-05, 2.04969583137e-05, 1.99316236831e-05, 1.85913941095e-05, 1.31257456815e-05, 1.34802594403e-05, 3.28653186443e-06, 2.91328632329e-07],
        "dvar": [2.51699816545e-06, 4.71061575809e-05, 1.58313116572e-06, 1.15788429866e-06, 3.0966259601e-06, 1.26923523567e-05, 4.31965008829e-06, 2.55027771345e-06, 5.34653099749e-06, 6.82090512782e-06, 1.6612075342e-05, 5.58979218113e-06, 7.65994059293e-07, 4.57872403103e-07, 6.8123085839e-07, 2.71184688927e-07, 2.45928113429e-08, 7.27598603589e-09, 1.89132105533e-08, 5.36713118393e-09, 2.12495088192e-09, 4.97934848909e-09, 8.24125656607e-09, 2.00936711714e-09, 1.70973202263e-09, 1.43545342279e-10, 7.9346652946e-13],
        "dvar2": [4.96029952046e-06, 0.000124740457977, 4.44438182967e-06, 3.13431178256e-06, 7.31717682356e-06, 3.053526234e-05, 1.01558825918e-05, 6.29860096524e-06, 1.17966819744e-05, 1.61951975315e-05, 4.68480902782e-05, 1.50044479597e-05, 1.95044299289e-06, 1.01647822248e-06, 1.64252708146e-06, 6.61270405544e-07, 5.96338125547e-08, 1.72852185898e-08, 4.45644126046e-08, 1.16756222468e-08, 4.05910105528e-09, 1.06943280898e-08, 1.7088025217e-08, 3.35799543727e-09, 3.04508995796e-09, 2.3875801336e-10, 1.8022766439e-12],
        "max": [0.0833889394999, 0.1683011204, 0.0425003767014, 0.0307748802006, 0.0326601266861, 0.0788040310144, 0.0486067831516, 0.0406364500523, 0.0728775784373, 0.0592144839466, 0.146130919456, 0.142221271992, 0.0348368175328, 0.0254816152155, 0.0260827224702, 0.0258483234793, 0.00633169570938, 0.00447621103376, 0.00608170824125, 0.00302335852757, 0.00164072751068, 0.00196064356714, 0.00413662474602, 0.0021260115318, 0.00135022040922, 0.000534354476258, 3.50892441929e-05],
        "mean": [0.000440797070041, 0.00362475914881, 0.000581083004363, 0.00059203337878, 0.00237928098068, 0.00392229435965, 0.00187114323489, 0.00120635074563, 0.0016710544005, 0.00136072083842, 0.00153137452435, 0.000761406728998, 0.000406378938351, 0.000346977671143, 0.000405675848015, 0.000203519361094, 8.56656843098e-05, 5.86263340665e-05, 9.2367263278e-05, 4.99010384374e-05, 3.60475169146e-05, 2.36077848967e-05, 2.16481912503e-05, 2.01414477488e-05, 2.16133721551e-05, 5.24581355421e-06, 2.69505790129e-07],
        "median": [3.57169739118e-07, 8.71521388035e-06, 2.6128740501e-05, 7.87877506809e-05, 0.00120707554743, 0.00145365006756, 0.000541772868019, 0.000265816343017, 0.000279971136479, 9.54594870564e-05, 5.28052260051e-05, 5.92738579144e-05, 2.73681089311e-05, 2.15613581531e-05, 1.83598858712e-05, 1.24187681649e-05, 6.7953060352e-06, 5.35590015716e-06, 5.82210941502e-06, 4.06703293265e-06, 5.01786917084e-06, 1.37671884204e-06, 7.29052374027e-07, 2.21484447138e-06, 2.84603902401e-06, 8.52414245855e-07, 2.64052193444e-08],
        "min": [2.1355108119e-25, 2.81385718538e-24, 4.03717046446e-25, 7.84929912723e-25, 4.76373260811e-24, 6.04980938645e-24, 4.45043294973e-24, 5.13648752963e-24, 9.1204256109e-24, 7.65764556752e-24, 1.25806085661e-23, 1.21380970413e-23, 2.08738795968e-23, 2.03437729571e-23, 3.60105473794e-23, 3.52822299709e-23, 5.7631798531e-23, 9.30793264159e-23, 9.08955827254e-23, 1.36198173195e-22, 1.89738920138e-22, 3.09146965204e-22, 3.12901513973e-22, 5.19411162572e-22, 8.29677906365e-22, 1.23275922223e-21, 1.8517635566e-21],
        "var": [7.41394069337e-06, 0.000109347063699, 3.05290404867e-06, 2.32378852161e-06, 1.09565262392e-05, 3.96994219045e-05, 1.18159559861e-05, 6.87237024977e-06, 1.63330241776e-05, 1.71266947291e-05, 3.60076774086e-05, 1.13627766041e-05, 2.35751599575e-06, 1.3497923419e-06, 2.20198057832e-06, 7.29329940441e-07, 6.3442946896e-08, 2.79386167534e-08, 8.37746583215e-08, 2.31963426245e-08, 1.08161994916e-08, 9.5832461966e-09, 1.61415840694e-08, 5.9132641006e-09, 4.21276658003e-09, 3.93973242918e-10, 1.36846718853e-12]
    },
    "erbbands": {
        "dmean": [0.0596949458122, 0.210786774755, 0.290844708681, 0.681934952736, 1.51741683483, 3.56559634209, 8.69419670105, 17.4870052338, 13.3092794418, 11.5997743607, 12.7589025497, 16.1840801239, 22.2491111755, 28.2530441284, 24.4100494385, 14.8610429764, 9.82798480988, 8.68375778198, 8.4711523056, 9.34692192078, 4.23932552338, 2.48124623299, 1.40862882137, 2.23774504662, 1.27145648003, 0.871353209019, 0.725741863251, 0.443378150463, 0.447642505169, 0.425895303488, 0.389736771584, 0.218732267618, 0.166919618845, 0.11054879427, 0.0724680125713, 0.0176916755736, 0.00326739856973, 0.000424002500949, 3.6115245166e-05, 6.4134387685e-06],
        "dmean2": [0.096741989255, 0.347039669752, 0.478943824768, 1.12142050266, 2.43087315559, 5.39099693298, 12.8161439896, 26.7826251984, 20.2824039459, 17.50025177, 18.6386127472, 23.4136753082, 32.5922927856, 45.0503616333, 39.1234092712, 22.6579284668, 15.821972847, 13.6246414185, 13.1690225601, 14.5479412079, 6.7279458046, 3.97295832634, 2.26082205772, 3.50059199333, 1.95366072655, 1.3236887455, 1.09769642353, 0.652560949326, 0.67891061306, 0.643767058849, 0.559036076069, 0.306000441313, 0.236655592918, 0.157745987177, 0.104222424328, 0.0250855479389, 0.00478038331494, 0.000626554596238, 5.58522915526e-05, 9.7851634564e-06],
        "dvar": [0.130559012294, 1.12602293491, 1.911241889, 6.58000612259, 17.3819484711, 49.0914421082, 342.168182373, 1505.37304688, 884.964172363, 994.337646484, 1479.84265137, 2522.0402832, 5010.45556641, 16252.8662109, 19184.9921875, 5105.0625, 1211.52246094, 1054.9362793, 788.010864258, 1395.39038086, 208.2862854, 79.4965133667, 21.3354167938, 76.1564559937, 19.5157356262, 11.1689586639, 4.73994398117, 3.68583798409, 5.56969594955, 7.49960041046, 8.19556331635, 1.58812570572, 0.539854764938, 0.195154845715, 0.106895759702, 0.00761024514213, 0.000296527490718, 5.80188952881e-06, 3.17703658936e-08, 1.54989493462e-10],
        "dvar2": [0.333873063326, 3.0345556736, 5.22197341919, 18.7089157104, 46.7003288269, 123.423606873, 757.934814453, 3738.59936523, 2074.69799805, 2496.11254883, 3344.8449707, 5556.73681641, 11471.1835938, 45517.046875, 54328.6992188, 13712.6445312, 3339.84985352, 2305.07836914, 1987.79064941, 3257.31494141, 499.132263184, 189.4400177, 53.9432640076, 185.223526001, 43.2810630798, 24.1400928497, 9.31342983246, 7.07162237167, 12.2071752548, 16.7108440399, 17.1079730988, 2.8108382225, 1.00451743603, 0.350762099028, 0.203399464488, 0.0127290887758, 0.000549506512471, 1.16940736916e-05, 7.52536877258e-08, 3.88203608148e-10],
        "max": [11.2597265244, 25.6129722595, 51.0115318298, 83.8345718384, 138.019866943, 113.497360229, 447.431335449, 1027.13208008, 822.538391113, 1151.38586426, 1354.19958496, 2228.27905273, 1924.53259277, 3588.43994141, 7274.14453125, 3389.89916992, 1404.79980469, 1423.1875, 989.296630859, 1486.71508789, 513.083007812, 371.479858398, 177.710876465, 506.6456604, 187.572067261, 156.816390991, 95.157081604, 85.4333343506, 95.6960983276, 115.710159302, 136.05821228, 47.1884307861, 32.0443267822, 12.9494113922, 11.3104152679, 3.90851950645, 0.899229228497, 0.123383715749, 0.00648547988385, 0.000410567736253],
        "mean": [0.138219505548, 0.673297524452, 0.768659055233, 1.44953680038, 3.19755887985, 8.52571773529, 21.3288059235, 36.9546928406, 29.0946178436, 25.1014156342, 28.2893161774, 35.8303642273, 44.6206588745, 52.5043830872, 48.7501029968, 27.9876594543, 20.0617313385, 18.5856723785, 17.6723880768, 19.8664913177, 8.74150657654, 5.10479402542, 3.2472281456, 5.12485265732, 3.24844455719, 2.29673051834, 1.94542646408, 1.0965667963, 0.840877652168, 0.716128230095, 0.642147004604, 0.422721266747, 0.351088225842, 0.242552965879, 0.152546480298, 0.0382881611586, 0.007496453356, 0.000910806527827, 6.25393586233e-05, 2.67181549134e-05],
        "median": [0.000123157165945, 0.00384094240144, 0.0334053859115, 0.2310693115, 1.01189577579, 4.05008506775, 9.01828289032, 13.3412017822, 10.4438743591, 8.69423866272, 7.68478631973, 7.39226865768, 7.28146600723, 4.49006652832, 3.19599962234, 2.36210227013, 1.65400028229, 1.37832713127, 1.43396401405, 1.29556775093, 0.709042549133, 0.458915829659, 0.334247946739, 0.321580201387, 0.247985243797, 0.199862211943, 0.240286618471, 0.142816469073, 0.0613858178258, 0.0224372260273, 0.0227482244372, 0.0280544739217, 0.0434130318463, 0.0290584675968, 0.018648320809, 0.00557202938944, 0.00133205694146, 0.000124667829368, 1.38560426421e-05, 1.67785419762e-05],
        "min": [6.92039399376e-23, 5.53474100729e-22, 1.25522194185e-21, 3.57188745794e-21, 1.19918699847e-20, 1.54719933051e-20, 2.63758089761e-20, 4.89906086526e-20, 9.45509897778e-20, 1.28834117113e-19, 1.1660580272e-19, 1.93445879768e-19, 5.23535586081e-19, 6.33260680746e-19, 5.59332964462e-19, 9.85472376113e-19, 1.05081788675e-18, 1.58472492184e-18, 2.40686024965e-18, 1.87151557465e-18, 3.10913824406e-18, 3.42158979723e-18, 4.87582067019e-18, 5.71853366669e-18, 6.11841924458e-18, 7.13365027041e-18, 6.43046030937e-18, 9.60079006642e-18, 1.14215146835e-17, 1.06252334027e-17, 1.0025630029e-17, 9.73963977687e-18, 8.93446299579e-18, 7.64338626083e-18, 4.99162430158e-18, 3.89203822407e-18, 2.19957581917e-18, 8.61333659274e-19, 2.26998910353e-19, 2.70150127944e-20],
        "var": [0.226657390594, 3.65949511528, 4.46923685074, 12.920879364, 38.4394989014, 146.856185913, 1174.35229492, 4423.63769531, 2629.93994141, 2185.72216797, 4378.82958984, 7817.62158203, 12809.6123047, 31844.7519531, 46318.2773438, 11617.53125, 4118.59814453, 3927.82446289, 2499.6887207, 4965.29003906, 676.165161133, 209.930160522, 75.2101364136, 300.223876953, 96.7450561523, 54.7251358032, 25.6718177795, 13.4211597443, 10.4912147522, 13.5221996307, 15.3565387726, 4.29308319092, 1.37313735485, 0.50238597393, 0.242799133062, 0.0188350807875, 0.00079171510879, 1.30442240334e-05, 5.56340360447e-08, 1.10307107892e-09]
    },
    "gfcc": {
        "mean": [-169.591491699, 113.352737427, -103.438659668, -10.4952478409, -71.1483535767, -7.62385797501, -43.7191352844, 1.90633785725, -30.3111495972, 2.45117211342, -12.6929893494, -3.67151904106, -1.11403930187],
        "cov": [[64460.2070312, 5395.15527344, -6652.10449219, 386.250671387, -2631.34326172, 883.40826416, -2311.73364258, 980.728515625, -963.60168457, 971.213317871, -551.037597656, -136.271560669, 794.918579102], [5395.15527344, 2772.95092773, -376.12097168, -572.280029297, -50.2445831299, -137.44078064, -53.6456947327, -210.504501343, 57.2292709351, -41.5360221863, 36.3595046997, -170.736953735, 131.179244995], [-6652.10449219, -376.12097168, 1690.10461426, 305.078674316, 252.460342407, -37.1271324158, 204.527908325, -50.0274772644, 121.401374817, -56.1753082275, 40.6932907104, 23.7524204254, -101.195625305], [386.250671387, -572.280029297, 305.078674316, 1177.50256348, 449.645751953, 184.268707275, 154.980422974, 245.056854248, 146.82244873, 16.956199646, 65.6251296997, 68.7679519653, -164.084594727], [-2631.34326172, -50.2445831299, 252.460342407, 449.645751953, 871.148132324, 220.308456421, 404.695129395, 136.133575439, 261.208190918, 15.4918556213, 169.419509888, 45.7390937805, -70.655090332], [883.40826416, -137.44078064, -37.1271324158, 184.268707275, 220.308456421, 446.963897705, 185.595199585, 167.131408691, 130.324707031, 98.21144104, 53.9713096619, 56.4273605347, 3.31666064262], [-2311.73364258, -53.6456947327, 204.527908325, 154.980422974, 404.695129395, 185.595199585, 454.185150146, 85.3148040771, 152.507019043, -10.806558609, 128.835601807, 36.5833282471, -87.6578369141], [980.728515625, -210.504501343, -50.0274772644, 245.056854248, 136.133575439, 167.131408691, 85.3148040771, 282.994018555, 77.7468032837, 72.0960540771, 41.5163154602, 55.6491851807, 16.3652572632], [-963.60168457, 57.2292709351, 121.401374817, 146.82244873, 261.208190918, 130.324707031, 152.507019043, 77.7468032837, 274.394348145, 32.3831558228, 66.2575073242, 34.5413322449, 1.66075241566], [971.213317871, -41.5360221863, -56.1753082275, 16.956199646, 15.4918556213, 98.21144104, -10.806558609, 72.0960540771, 32.3831558228, 179.752471924, 18.3339042664, 35.4568214417, 74.5077590942], [-551.037597656, 36.3595046997, 40.6932907104, 65.6251296997, 169.419509888, 53.9713096619, 128.835601807, 41.5163154602, 66.2575073242, 18.3339042664, 156.605758667, 33.5206298828, -16.4282112122], [-136.271560669, -170.736953735, 23.7524204254, 68.7679519653, 45.7390937805, 56.4273605347, 36.5833282471, 55.6491851807, 34.5413322449, 35.4568214417, 33.5206298828, 132.723999023, 21.7903614044], [794.918579102, 131.179244995, -101.195625305, -164.084594727, -70.655090332, 3.31666064262, -87.6578369141, 16.3652572632, 1.66075241566, 74.5077590942, -16.4282112122, 21.7903614044, 215.315338135]],
        "icov": [[0.000141422307934, -0.000366591848433, 0.000382554600947, -0.000401360302931, 0.000357571843779, -0.000426645652624, 0.000427570805186, -0.000401195255108, 0.000397858239012, -0.000380468409276, 7.02798060956e-05, -0.00010594840569, 4.8306214012e-05], [-0.000366591848433, 0.00143544771709, -0.000890851719305, 0.00118671206292, -0.000973173766397, 0.00115718960296, -0.00108730758075, 0.00127819005866, -0.00132866797503, 0.00107768934686, -0.000470065890113, 0.000863920140546, -0.000398407020839], [0.000382554600947, -0.000890851719305, 0.00176020676736, -0.00127179420087, 0.000971409550402, -0.00091359106591, 0.000796324631665, -0.000687223568093, 0.000781464157626, -0.00101212167647, 0.000282981141936, -0.000306973030092, 9.46133732214e-05], [-0.000401360302931, 0.00118671206292, -0.00127179420087, 0.00275836326182, -0.00183085829485, 0.00110906164628, -0.000427280785516, 1.99307287403e-05, -0.00124688120559, 0.00106742943171, -6.26617984381e-05, 5.64195215702e-05, 0.00109951919876], [0.000357571843779, -0.000973173766397, 0.000971409550402, -0.00183085829485, 0.00371208926663, -0.00113851204515, -0.000646548636723, -0.000750793027692, -0.000128338608192, -0.000865050998982, -0.000807523261756, 0.000123584322864, -0.000410191772971], [-0.000426645652624, 0.00115718960296, -0.00091359106591, 0.00110906164628, -0.00113851204515, 0.00508680287749, -0.0025826622732, 9.44222920225e-05, -0.00191451003775, -0.00037679244997, 0.000420590833528, 4.25927282777e-05, -5.17192675034e-05], [0.000427570805186, -0.00108730758075, 0.000796324631665, -0.000427280785516, -0.000646548636723, -0.0025826622732, 0.00659469794482, -0.00182019080967, 0.00078552251216, -0.000285766960587, -0.00159565475769, -0.000638295721728, 0.00181897636503], [-0.000401195255108, 0.00127819005866, -0.000687223568093, 1.99307287403e-05, -0.000750793027692, 9.44222920225e-05, -0.00182019080967, 0.0071851615794, -0.00157495238818, 0.000157631919137, -0.000594809360337, -0.000231542304391, -0.00120467552915], [0.000397858239012, -0.00132866797503, 0.000781464157626, -0.00124688120559, -0.000128338608192, -0.00191451003775, 0.00078552251216, -0.00157495238818, 0.00695762736723, -0.00129379075952, -3.8297210267e-05, -0.000893099408131, -0.000333912263159], [-0.000380468409276, 0.00107768934686, -0.00101212167647, 0.00106742943171, -0.000865050998982, -0.00037679244997, -0.000285766960587, 0.000157631919137, -0.00129379075952, 0.00911389105022, -0.00124063820112, -0.000274381105555, -0.00253122765571], [7.02798060956e-05, -0.000470065890113, 0.000282981141936, -6.26617984381e-05, -0.000807523261756, 0.000420590833528, -0.00159565475769, -0.000594809360337, -3.8297210267e-05, -0.00124063820112, 0.00952846743166, -0.00192359474022, 0.000587580259889], [-0.00010594840569, 0.000863920140546, -0.000306973030092, 5.64195215702e-05, 0.000123584322864, 4.25927282777e-05, -0.000638295721728, -0.000231542304391, -0.000893099408131, -0.000274381105555, -0.00192359474022, 0.00980897899717, -0.00147644965909], [4.8306214012e-05, -0.000398407020839, 9.46133732214e-05, 0.00109951919876, -0.000410191772971, -5.17192675034e-05, 0.00181897636503, -0.00120467552915, -0.000333912263159, -0.00253122765571, 0.000587580259889, -0.00147644965909, 0.00736213009804]]
    },
    "melbands": {
        "dmean": [0.000428396539064, 0.000174573535332, 0.000133637615363, 0.000160292212968, 0.000274675025139, 0.000370754656615, 0.000197082103114, 0.000129436302814, 0.000107388055767, 0.000110481298179, 0.000114906979434, 0.000115487244329, 9.13890908123e-05, 5.17013613717e-05, 3.16008881782e-05, 2.35967327171e-05, 1.6525036699e-05, 1.37179058584e-05, 1.84759446711e-05, 1.06764427983e-05, 4.11564724345e-06, 3.21872607856e-06, 1.38013172091e-06, 1.23203676594e-06, 2.11521273741e-06, 1.35864593176e-06, 7.31266595722e-07, 6.67602023441e-07, 5.67099050386e-07, 3.41359765343e-07, 2.55830485685e-07, 2.62814012331e-07, 3.00411954868e-07, 2.19828436343e-07, 2.31071979329e-07, 2.1511613113e-07, 1.19441494917e-07, 1.26923509924e-07, 1.12360901028e-07, 9.49797112071e-08],
        "dmean2": [0.000699452473782, 0.000284649053356, 0.000216783417272, 0.000247019692324, 0.000407240964705, 0.000565603550058, 0.000299968960462, 0.000194812906557, 0.000156425856403, 0.000159354531206, 0.000168299433426, 0.000182500734809, 0.000146862890688, 7.83899449743e-05, 4.91144637635e-05, 3.79286793759e-05, 2.56957337115e-05, 2.11949700315e-05, 2.88146202365e-05, 1.6501182472e-05, 6.51763548376e-06, 5.18822116646e-06, 2.23951747103e-06, 1.95454117602e-06, 3.3171738778e-06, 2.090242333e-06, 1.13574458283e-06, 1.03768377357e-06, 8.63640593707e-07, 5.27693714503e-07, 3.82611915484e-07, 4.06490300975e-07, 4.74242511928e-07, 3.27488010043e-07, 3.4323383602e-07, 3.1770562714e-07, 1.71280476025e-07, 1.84038398743e-07, 1.64643765288e-07, 1.40211042776e-07],
        "dvar": [5.99526492806e-06, 6.56365500618e-07, 1.94570034751e-07, 1.08924972153e-07, 3.00817873722e-07, 6.08981849837e-07, 1.83606047699e-07, 1.1935608768e-07, 1.38298446473e-07, 1.11811296222e-07, 1.38336829991e-07, 2.45748992711e-07, 2.03100228191e-07, 1.01266337538e-07, 1.95405771564e-08, 1.04548494306e-08, 4.14836964779e-09, 2.2256607668e-09, 5.93623505907e-09, 2.43677589218e-09, 1.97090219145e-10, 1.48071749306e-10, 1.86864326096e-11, 1.47113432547e-11, 7.00267760445e-11, 2.25267322157e-11, 7.31680081106e-12, 7.47104548365e-12, 3.31714213389e-12, 1.70762026481e-12, 1.30116457973e-12, 1.98986899007e-12, 3.69402295211e-12, 1.88686609739e-12, 2.5702118385e-12, 3.28812237854e-12, 3.62094035311e-13, 3.16541877345e-13, 1.81696454757e-13, 1.48529883596e-13],
        "dvar2": [1.54946083057e-05, 1.7533988057e-06, 5.35653214229e-07, 2.80120787011e-07, 6.73697343245e-07, 1.50625498918e-06, 4.31310866134e-07, 3.00969162481e-07, 3.07064681238e-07, 2.44006315597e-07, 3.17016713325e-07, 6.80646792262e-07, 5.72090129936e-07, 2.85470264316e-07, 5.55625376819e-08, 2.78110192653e-08, 9.0083291937e-09, 5.51946932603e-09, 1.44694798365e-08, 5.92363313956e-09, 4.66970628832e-10, 3.48557988028e-10, 4.80025949545e-11, 3.48220896562e-11, 1.69948277673e-10, 4.91658901092e-11, 1.62742163495e-11, 1.72268570936e-11, 6.74294127478e-12, 3.77434888899e-12, 2.51945578116e-12, 4.66236901517e-12, 8.3731528655e-12, 4.21097054795e-12, 5.40734904769e-12, 7.4060705485e-12, 6.37761924435e-13, 6.20268810272e-13, 3.40568393799e-13, 2.79566788556e-13],
        "max": [0.072154968977, 0.0274155698717, 0.0126574458554, 0.00737557420507, 0.0117514608428, 0.019718259573, 0.0112907402217, 0.0125643918291, 0.0146135445684, 0.0144691504538, 0.0094821723178, 0.0135475024581, 0.0204393751919, 0.0202891286463, 0.00411743950099, 0.00481608789414, 0.00257320003584, 0.00114873889834, 0.00258094235323, 0.00275050196797, 0.000434560090071, 0.000545875111129, 0.000183515992831, 0.000174759508809, 0.000467027799459, 0.000140816671774, 0.000145581783727, 0.000116316332424, 9.92674686131e-05, 5.26459771208e-05, 4.51983978564e-05, 6.38629571768e-05, 6.84039259795e-05, 5.70417541894e-05, 5.78404760745e-05, 9.97344832285e-05, 2.89587642328e-05, 2.51637229667e-05, 1.41276223076e-05, 1.11486415335e-05],
        "mean": [0.0011385200778, 0.000577234837692, 0.000293860037345, 0.000380409124773, 0.00069683912443, 0.000802478636615, 0.000430345477071, 0.000277884973912, 0.000227659344091, 0.000237879823544, 0.000224227478611, 0.000211130958633, 0.000179410621058, 9.20315651456e-05, 5.76508136874e-05, 4.56643792859e-05, 3.24364955304e-05, 2.56994626397e-05, 3.54823168891e-05, 1.97660156118e-05, 7.59723980082e-06, 5.88179500483e-06, 2.78684274235e-06, 2.69266547548e-06, 4.45588511866e-06, 2.92212121167e-06, 1.68406916146e-06, 1.53820496962e-06, 1.36196695166e-06, 8.20926857159e-07, 5.5340177596e-07, 4.59939059283e-07, 4.69977010198e-07, 3.54558778781e-07, 3.65863257912e-07, 3.41938346082e-07, 2.2778263542e-07, 2.45269006882e-07, 2.35059175679e-07, 1.92926819409e-07],
        "median": [1.60377385328e-06, 1.340039762e-05, 5.93060067331e-05, 0.000174004409928, 0.000330206181388, 0.000301196792861, 0.000157219183166, 8.05134477559e-05, 4.92476028739e-05, 3.86573155993e-05, 2.85689584416e-05, 1.455025631e-05, 8.63225250214e-06, 7.17998909749e-06, 2.15495788325e-06, 2.73927389571e-06, 1.8390188643e-06, 1.98203861146e-06, 1.35514267185e-06, 1.12896782412e-06, 5.73735178477e-07, 4.15391923525e-07, 3.18370155128e-07, 2.32557198387e-07, 2.32737647821e-07, 2.03873597115e-07, 1.17555259749e-07, 1.16234573966e-07, 1.42972325534e-07, 1.129964744e-07, 6.40120347839e-08, 3.42573471812e-08, 1.36524969108e-08, 9.39985866921e-09, 1.11537232783e-08, 1.12353601978e-08, 1.57551092173e-08, 2.6876820769e-08, 3.00538012254e-08, 2.03997263526e-08],
        "min": [9.05989986352e-25, 1.15316495708e-24, 6.70051599666e-25, 9.44797308331e-25, 8.21483508399e-25, 1.10417117284e-24, 1.44148119338e-24, 1.22397567573e-24, 7.15607478777e-25, 1.23291169485e-24, 2.20320863612e-24, 2.42055381779e-24, 2.35352746211e-24, 1.51181435536e-24, 1.88255876625e-24, 2.21739196076e-24, 1.7638738542e-24, 2.60376991847e-24, 2.06699700969e-24, 2.75320660076e-24, 3.50826994378e-24, 2.90240761085e-24, 2.73779501968e-24, 3.21152729251e-24, 3.80924996141e-24, 2.82341581297e-24, 3.73103203607e-24, 3.73128052726e-24, 3.5057341504e-24, 3.96394716265e-24, 4.72099488528e-24, 4.73002655378e-24, 4.9154644812e-24, 4.93969316062e-24, 4.72598245835e-24, 4.67319228101e-24, 4.96268687828e-24, 5.43528279698e-24, 5.00013134444e-24, 5.61833481459e-24],
        "var": [1.22712008306e-05, 2.41406519308e-06, 4.23892515755e-07, 3.23836673033e-07, 1.07411335648e-06, 1.8328258875e-06, 5.35559252057e-07, 2.7757792509e-07, 3.9664089968e-07, 3.62241451057e-07, 3.54831740879e-07, 4.94851519761e-07, 5.31084992872e-07, 2.02560229923e-07, 4.93276957059e-08, 3.77453091005e-08, 1.43648497541e-08, 6.1070473123e-09, 1.9494224901e-08, 7.48867456934e-09, 5.32332122827e-10, 3.55229012872e-10, 5.43394496066e-11, 5.67197781798e-11, 2.54933546495e-10, 7.91520946009e-11, 3.75870758129e-11, 2.95330079836e-11, 1.42809332068e-11, 7.02229030133e-12, 4.04663975939e-12, 3.20449591341e-12, 5.90839096398e-12, 3.46431086942e-12, 4.8546219128e-12, 5.29659302528e-12, 1.01091400875e-12, 7.45375386847e-13, 4.66447410211e-13, 3.46219255522e-13]
    },
    "mfcc": {
        "mean": [-788.641235352, 149.189437866, 8.85202884674, -1.12272131443, -12.1607294083, -17.6616840363, -5.48390674591, -16.0213832855, -5.54694700241, -7.00136041641, -8.60186767578, -6.92515277863, -5.2925620079],
        "cov": [[24441.3847656, 3751.40136719, -1996.08862305, 20.1992549896, 557.320617676, 186.400314331, 78.5454940796, -365.485290527, 900.784667969, 319.409545898, -110.553924561, 474.143157959, 274.064056396], [3751.40136719, 3229.96899414, 7.93916845322, -280.88079834, -144.102020264, -100.718444824, -94.4340591431, -308.172088623, 38.915725708, -113.013046265, -120.44720459, 117.007629395, -97.6284713745], [-1996.08862305, 7.93916845322, 1140.3996582, 158.891143799, -37.4750137329, -3.25284790993, -65.935256958, 16.4498577118, -95.6758041382, -62.0652542114, 20.0420761108, -54.0305404663, -27.8796596527], [20.1992549896, -280.88079834, 158.891143799, 753.176513672, 350.917663574, 141.592956543, 113.784194946, 188.633209229, 18.0169258118, 109.209075928, 103.487258911, 48.1007537842, 87.8703994751], [557.320617676, -144.102020264, -37.4750137329, 350.917663574, 427.802368164, 177.087524414, 119.636962891, 173.711257935, 75.9488601685, 146.12097168, 92.0335006714, 72.9775314331, 105.606163025], [186.400314331, -100.718444824, -3.25284790993, 141.592956543, 177.087524414, 348.532928467, 130.850234985, 185.789596558, 57.2851486206, 141.953659058, 106.850021362, 64.2781066895, 99.7831573486], [78.5454940796, -94.4340591431, -65.935256958, 113.784194946, 119.636962891, 130.850234985, 317.603912354, 163.852706909, 32.373249054, 130.480484009, 93.4647216797, 46.914806366, 60.8506393433], [-365.485290527, -308.172088623, 16.4498577118, 188.633209229, 173.711257935, 185.789596558, 163.852706909, 395.287506104, 43.3912849426, 166.366271973, 128.551345825, 53.6039848328, 123.831619263], [900.784667969, 38.915725708, -95.6758041382, 18.0169258118, 75.9488601685, 57.2851486206, 32.373249054, 43.3912849426, 201.334197998, 73.6710586548, 15.7670373917, 55.9624443054, 45.9991836548], [319.409545898, -113.013046265, -62.0652542114, 109.209075928, 146.12097168, 141.953659058, 130.480484009, 166.366271973, 73.6710586548, 230.674438477, 104.891670227, 38.0495262146, 104.12600708], [-110.553924561, -120.44720459, 20.0420761108, 103.487258911, 92.0335006714, 106.850021362, 93.4647216797, 128.551345825, 15.7670373917, 104.891670227, 162.038635254, 51.0255393982, 51.1172523499], [474.143157959, 117.007629395, -54.0305404663, 48.1007537842, 72.9775314331, 64.2781066895, 46.914806366, 53.6039848328, 55.9624443054, 38.0495262146, 51.0255393982, 160.097167969, 48.8706970215], [274.064056396, -97.6284713745, -27.8796596527, 87.8703994751, 105.606163025, 99.7831573486, 60.8506393433, 123.831619263, 45.9991836548, 104.12600708, 51.1172523499, 48.8706970215, 164.487609863]],
