{
"lowlevel": {
    "average_loudness": 0.893640041351,
    "barkbands_crest": {
        "dmean": 2.62741279602,
        "dmean2": 4.37277841568,
        "dvar": 5.4216837883,
        "dvar2": 14.7251272202,
        "max": 26.7736358643,
        "mean": 10.0222969055,
        "median": 9.05492210388,
        "min": 2.7978951931,
        "var": 18.1052036285
    },
    "barkbands_flatness_db": {
        "dmean": 0.0188090056181,
        "dmean2": 0.030068224296,
        "dvar": 0.000286964030238,
        "dvar2": 0.000693801965099,
        "max": 0.423805236816,
        "mean": 0.143397942185,
        "median": 0.134000569582,
        "min": 0.0300744399428,
        "var": 0.00235623610206
    },
    "barkbands_kurtosis": {
        "dmean": 2.21699404716,
        "dmean2": 3.56940793991,
        "dvar": 36.3606147766,
        "dvar2": 92.0837936401,
        "max": 296.84475708,
        "mean": 3.42671394348,
        "median": 0.920615434647,
        "min": -1.93667268753,
        "var": 104.471229553
    },
    "barkbands_skewness": {
        "dmean": 0.464621722698,
        "dmean2": 0.727803945541,
        "dvar": 0.267420679331,
        "dvar2": 0.61610263586,
        "max": 16.9567203522,
        "mean": 1.12696349621,
        "median": 0.871796667576,
        "min": -3.40693640709,
        "var": 1.49952733517
    },
    "barkbands_spread": {
        "dmean": 6.21457338333,
        "dmean2": 9.57849979401,
        "dvar": 79.7012405396,
        "dvar2": 159.150146484,
        "max": 119.85118866,
        "mean": 27.3858070374,
        "median": 22.8809242249,
        "min": 0.418801903725,
        "var": 391.570800781
    },
    "dissonance": {
        "dmean": 0.0206099636853,
        "dmean2": 0.0347151011229,
        "dvar": 0.000468019745313,
        "dvar2": 0.00128352176398,
        "max": 0.500000059605,
        "mean": 0.456484645605,
        "median": 0.466638088226,
        "min": 0.188908100128,
        "var": 0.00131596124265
    },
    "dynamic_complexity": 3.27371644974,
    "erbbands_crest": {
        "dmean": 2.76185035706,
        "dmean2": 4.37027263641,
        "dvar": 6.39869022369,
        "dvar2": 15.109128952,
        "max": 31.011926651,
        "mean": 11.0279150009,
        "median": 9.90490531921,
        "min": 2.48163485527,
        "var": 28.9446659088
    },
    "erbbands_flatness_db": {
        "dmean": 0.0163417700678,
        "dmean2": 0.0238479077816,
        "dvar": 0.000242068010266,
        "dvar2": 0.000457841728348,
        "max": 0.401976495981,
        "mean": 0.168049991131,
        "median": 0.166991457343,
        "min": 0.0401955060661,
        "var": 0.00257333181798
    },
    "erbbands_kurtosis": {
        "dmean": 1.15799546242,
        "dmean2": 1.81915545464,
        "dvar": 2.50489258766,
        "dvar2": 6.09151887894,
        "max": 45.9785118103,
        "mean": 1.49506628513,
        "median": 0.629600048065,
        "min": -1.85416066647,
        "var": 9.10550117493
    },
    "erbbands_skewness": {
        "dmean": 0.361215591431,
        "dmean2": 0.549367964268,
        "dvar": 0.118156112731,
        "dvar2": 0.251442611217,
        "max": 5.22397756577,
        "mean": 0.417245537043,
        "median": 0.436978369951,
        "min": -3.26305627823,
        "var": 1.11121153831
    },
    "erbbands_spread": {
        "dmean": 7.52407932281,
        "dmean2": 11.2774906158,
        "dvar": 96.739654541,
        "dvar2": 198.601089478,
        "max": 146.327865601,
        "mean": 34.5962371826,
        "median": 27.8907699585,
        "min": 2.6689696312,
        "var": 465.255767822
    },
    "hfc": {
        "dmean": 8.32329750061,
        "dmean2": 12.4807710648,
        "dvar": 211.782302856,
        "dvar2": 408.221984863,
        "max": 324.82321167,
        "mean": 31.3783149719,
        "median": 27.9507255554,
        "min": 1.11858588679e-16,
        "var": 881.595153809
    },
    "melbands_crest": {
        "dmean": 3.33454036713,
        "dmean2": 5.56767034531,
        "dvar": 8.10983181,
        "dvar2": 21.6426525116,
        "max": 39.6878204346,
        "mean": 13.9622068405,
        "median": 13.1269245148,
        "min": 1.83225929737,
        "var": 25.8519268036
    },
    "melbands_flatness_db": {
        "dmean": 0.0230815131217,
        "dmean2": 0.0366399846971,
        "dvar": 0.000455467583379,
        "dvar2": 0.00110572180711,
        "max": 0.551119685173,
        "mean": 0.187101393938,
        "median": 0.177502349019,
        "min": 0.00458189100027,
        "var": 0.00391037203372
    },
    "melbands_kurtosis": {
        "dmean": 4.87867450714,
        "dmean2": 7.89127779007,
        "dvar": 87.4250411987,
        "dvar2": 219.128662109,
        "max": 297.710906982,
        "mean": 9.27593135834,
        "median": 4.06425046921,
        "min": -1.73621499538,
        "var": 315.888549805
    },
    "melbands_skewness": {
        "dmean": 0.632510006428,
        "dmean2": 0.999399006367,
        "dvar": 0.469077557325,
        "dvar2": 1.12640178204,
        "max": 16.1954936981,
        "mean": 2.00030636787,
        "median": 1.6615126133,
        "min": -2.64829730988,
        "var": 2.30514645576
    },
    "melbands_spread": {
        "dmean": 7.4421210289,
        "dmean2": 11.7886228561,
        "dvar": 111.615722656,
        "dvar2": 242.740539551,
        "max": 220.337982178,
        "mean": 29.6607265472,
        "median": 25.0415000916,
        "min": 0.409414768219,
        "var": 469.328887939
    },
    "pitch_salience": {
        "dmean": 0.0685694664717,
        "dmean2": 0.112992793322,
        "dvar": 0.00358934444375,
        "dvar2": 0.00954090710729,
        "max": 0.957761287689,
        "mean": 0.527791500092,
        "median": 0.518654227257,
        "min": 0.0133696570992,
        "var": 0.0130417523906
    },
    "silence_rate_20dB": {
        "dmean": 0,
        "dmean2": 0,
        "dvar": 0,
        "dvar2": 0,
        "max": 1,
        "mean": 1,
        "median": 1,
        "min": 1,
        "var": 0
    },
    "silence_rate_30dB": {
        "dmean": 0,
        "dmean2": 0,
        "dvar": 0,
        "dvar2": 0,
        "max": 1,
        "mean": 1,
        "median": 1,
        "min": 1,
        "var": 0
    },
    "silence_rate_60dB": {
        "dmean": 0.00649512885138,
        "dmean2": 0.0129918800667,
        "dvar": 0.00645273225382,
        "dvar2": 0.0148209445179,
        "max": 1,
        "mean": 0.0620706863701,
        "median": 0,
        "min": 0,
        "var": 0.0582107380033
    },
    "spectral_centroid": {
        "dmean": 212.154495239,
        "dmean2": 324.15145874,
        "dvar": 79600.828125,
        "dvar2": 145758.71875,
        "max": 11706.7773438,
        "mean": 1540.6940918,
        "median": 1497.10302734,
        "min": 130.574356079,
        "var": 583766.4375
    },
    "spectral_complexity": {
        "dmean": 2.90432167053,
        "dmean2": 4.58413505554,
        "dvar": 8.76665115356,
        "dvar2": 19.215959549,
        "max": 53,
        "mean": 18.6153373718,
        "median": 19,
        "min": 0,
        "var": 80.2645874023
    },
    "spectral_decrease": {
        "dmean": 1.81637060948e-09,
        "dmean2": 2.97137225935e-09,
        "dvar": 3.24834591692e-18,
        "dvar2": 8.52488616984e-18,
        "max": -6.92634298194e-30,
        "mean": -6.67905686313e-09,
        "median": -6.8164771605e-09,
        "min": -2.00580476672e-08,
        "var": 1.34733783792e-17
    },
    "spectral_energy": {
        "dmean": 0.0072704278864,
        "dmean2": 0.0118470527232,
        "dvar": 5.05656571477e-05,
        "dvar2": 0.000132174958708,
        "max": 0.0806093215942,
        "mean": 0.0280543975532,
        "median": 0.0290131643414,
        "min": 1.04546073229e-20,
        "var": 0.000221013993723
    },
    "spectral_energyband_high": {
        "dmean": 0.000524247530848,
        "dmean2": 0.000748765887693,
        "dvar": 1.96773180505e-06,
        "dvar2": 3.46349111169e-06,
        "max": 0.0298772193491,
        "mean": 0.00132805434987,
        "median": 0.00059716735268,
        "min": 7.27971526408e-21,
        "var": 7.51678271627e-06
    },
    "spectral_energyband_low": {
        "dmean": 0.00426714355126,
        "dmean2": 0.00733868498355,
        "dvar": 2.7370368116e-05,
        "dvar2": 7.78349422035e-05,
        "max": 0.0581633485854,
        "mean": 0.00800330005586,
        "median": 0.00644063157961,
        "min": 4.48576287423e-23,
        "var": 5.42150628462e-05
    },
    "spectral_energyband_middle_high": {
        "dmean": 0.00223987060599,
        "dmean2": 0.00343119888566,
        "dvar": 1.01094219644e-05,
        "dvar2": 2.28399967455e-05,
        "max": 0.0713866129518,
        "mean": 0.00796890445054,
        "median": 0.00487582059577,
        "min": 1.71727319784e-21,
        "var": 7.29408784537e-05
    },
    "spectral_energyband_middle_low": {
        "dmean": 0.00405435264111,
        "dmean2": 0.0063548926264,
        "dvar": 2.54934839177e-05,
        "dvar2": 6.1037731939e-05,
        "max": 0.070607945323,
        "mean": 0.0116674564779,
        "median": 0.00891922228038,
        "min": 2.21802266294e-22,
        "var": 9.46685831877e-05
    },
    "spectral_entropy": {
        "dmean": 0.145092770457,
        "dmean2": 0.206589773297,
        "dvar": 0.0251560695469,
        "dvar2": 0.04411970824,
        "max": 9.81133174896,
        "mean": 7.57750606537,
        "median": 7.60416030884,
        "min": 5.71755456924,
        "var": 0.236740067601
    },
    "spectral_flux": {
        "dmean": 0.020803919062,
        "dmean2": 0.033542945981,
        "dvar": 0.000385778606869,
        "dvar2": 0.000929476460442,
        "max": 0.231251746416,
        "mean": 0.0874417424202,
        "median": 0.0885836109519,
        "min": 6.82318646028e-11,
        "var": 0.00144560879562
    },
    "spectral_kurtosis": {
        "dmean": 1.31325113773,
        "dmean2": 2.14580440521,
        "dvar": 3.43105268478,
        "dvar2": 9.18552398682,
        "max": 60.4295120239,
        "mean": 4.62322092056,
        "median": 4.06954956055,
        "min": -1.50423777103,
        "var": 13.8183450699
    },
    "spectral_rms": {
        "dmean": 0.000676426279824,
        "dmean2": 0.00109227304347,
        "dvar": 3.9778910832e-07,
        "dvar2": 9.96155449684e-07,
        "max": 0.00886810291559,
        "mean": 0.00494809262455,
        "median": 0.00532029382885,
        "min": 3.19368381567e-12,
        "var": 2.88647015623e-06
    },
    "spectral_rolloff": {
        "dmean": 574.616455078,
        "dmean2": 963.428833008,
        "dvar": 1965430,
        "dvar2": 3875446,
        "max": 18863.0859375,
        "mean": 2084.73217773,
        "median": 1399.65820312,
        "min": 21.533203125,
        "var": 6239768.5
    },
    "spectral_skewness": {
        "dmean": 0.185309812427,
        "dmean2": 0.289039313793,
        "dvar": 0.0425671376288,
        "dvar2": 0.0933713912964,
        "max": 5.98020076752,
        "mean": 1.66027259827,
        "median": 1.58278417587,
        "min": -0.0671109557152,
        "var": 0.284254997969
    },
    "spectral_spread": {
        "dmean": 626540.6875,
        "dmean2": 887309.9375,
        "dvar": 1.20955600896e+12,
        "dvar2": 1.99390042522e+12,
        "max": 41865176,
        "mean": 5288445.5,
        "median": 4633217.5,
        "min": 1159527.875,
        "var": 6.48096933478e+12
    },
    "spectral_strongpeak": {
        "dmean": 0.824556767941,
        "dmean2": 1.41488575935,
        "dvar": 1.87406790257,
        "dvar2": 4.81274461746,
        "max": 16.5143318176,
        "mean": 1.54945242405,
        "median": 0.565409421921,
        "min": 0,
        "var": 3.65948271751
    },
    "zerocrossingrate": {
        "dmean": 0.0125390579924,
        "dmean2": 0.0142149319872,
        "dvar": 0.000431260443293,
        "dvar2": 0.00040232235915,
        "max": 0.7197265625,
        "mean": 0.0773751661181,
        "median": 0.0634765625,
        "min": 0,
        "var": 0.00366666563787
    },
    "barkbands": {
        "dmean": [0.000120700657135, 0.00323808239773, 0.00165051803924, 0.000614027027041, 0.00120218889788, 0.000787994300481, 0.000493563944474, 0.0012579074828, 0.00149670103565, 0.000945798004977, 0.000424645782914, 0.000323321408359, 0.00041721764137, 0.00038400728954, 0.000452440232038, 0.00048548320774, 0.000286536669591, 0.000191647137399, 0.000258753658272, 0.000121732780826, 5.61223241675e-05, 5.8490462834e-05, 6.98718067724e-05, 7.33280612621e-05, 0.000262329820544, 7.62209456298e-05, 6.97230007063e-08],
        "dmean2": [0.000200384616619, 0.00561712263152, 0.00284382188693, 0.00108205340803, 0.00192394782789, 0.00125945941545, 0.000791635829955, 0.00195307517424, 0.002311934717, 0.00146596645936, 0.000668454973493, 0.000520972826052, 0.000669810688123, 0.000617911864538, 0.000706751365215, 0.000773413688876, 0.00045801725355, 0.000310162489768, 0.000401525379857, 0.000194480031496, 8.83076427272e-05, 9.09756417968e-05, 0.000107102132461, 0.000110557099106, 0.00037338284892, 0.000112813853775, 1.20329005426e-07],
        "dvar": [4.10266061124e-08, 1.91936542251e-05, 5.67971392229e-06, 1.51593360442e-06, 5.64067704545e-06, 2.7377520837e-06, 1.43646559536e-06, 7.83304494689e-06, 1.12632442324e-05, 4.78400261272e-06, 1.26028999148e-06, 8.0351867382e-07, 1.24088069242e-06, 1.06069364847e-06, 1.26379768517e-06, 1.31309991502e-06, 2.9162742976e-07, 1.12267038332e-07, 1.92099705032e-07, 3.84787810503e-08, 1.42976688267e-08, 1.92423446066e-08, 2.21243698917e-08, 3.6572199491e-08, 8.87291776053e-07, 7.11937957476e-08, 4.56318034574e-13],
        "dvar2": [1.07233724123e-07, 5.52221608814e-05, 1.61294683494e-05, 4.28951580034e-06, 1.37426477522e-05, 6.63773380438e-06, 3.50843311026e-06, 1.79573071364e-05, 2.65684848273e-05, 1.12901188913e-05, 3.13305190502e-06, 1.85148587661e-06, 2.95391828331e-06, 2.56799262388e-06, 2.8076349281e-06, 3.21111610901e-06, 7.1148394909e-07, 2.85138526124e-07, 4.19469415647e-07, 9.66741353636e-08, 3.31366187822e-08, 4.53111681509e-08, 4.53060806649e-08, 7.56791038725e-08, 1.6280445152e-06, 1.49607672029e-07, 1.22038989157e-12],
        "max": [0.00283371983096, 0.0490679889917, 0.0376411899924, 0.0255517791957, 0.0582038499415, 0.0364572927356, 0.0300310831517, 0.0509319640696, 0.0674877166748, 0.0673795118928, 0.0295506715775, 0.0303194485605, 0.0357597507536, 0.0288925245404, 0.0405184514821, 0.0254095736891, 0.00952500384301, 0.00657513458282, 0.00889362860471, 0.00449890969321, 0.00326589960605, 0.00532142445445, 0.00482077756897, 0.00352353183553, 0.0222201291472, 0.00628581875935, 3.68947730749e-05],
        "mean": [0.000145376106957, 0.00464475946501, 0.00273190345615, 0.000793950399384, 0.00224300730042, 0.00138181634247, 0.000798575638328, 0.00234040245414, 0.00326775060967, 0.00206671864726, 0.000727719103452, 0.000514796876814, 0.000773084000684, 0.000618299935013, 0.000807770236861, 0.00104478315916, 0.000581736327149, 0.000398554286221, 0.000688089465257, 0.00030224584043, 0.000116116447316, 0.000127663079184, 0.000150937936269, 0.000153079075972, 0.00051534519298, 0.000119839489344, 5.13633686694e-08],
        "median": [5.37625019206e-05, 0.00302183115855, 0.00168157555163, 0.00042253016727, 0.00100171624217, 0.000590704963543, 0.000394360773498, 0.00072664237814, 0.000489167869091, 0.000338726240443, 0.000175530367414, 0.000124358775793, 0.000149337691255, 0.00014528320753, 0.000201888586162, 0.000211580088944, 0.000225296578719, 0.000205444564926, 0.00031038466841, 0.000153394808876, 6.70581357554e-05, 7.24301717128e-05, 8.29358468764e-05, 6.40131547698e-05, 8.62358574523e-05, 1.89850143215e-05, 7.35750460557e-10],
        "min": [1.26297064799e-24, 1.13463354945e-23, 9.8477435326e-24, 4.14463969729e-24, 2.619613322e-23, 7.72748736776e-24, 3.89976417722e-23, 1.29345002456e-23, 3.13032628966e-23, 3.12798684376e-23, 2.59144025918e-23, 4.15140260183e-23, 6.27744332592e-23, 9.34805915594e-23, 4.13820085681e-23, 1.24919267164e-22, 1.65709194602e-22, 1.57726338759e-22, 2.68846548046e-22, 2.81767509072e-22, 2.74490197802e-22, 4.11567666916e-22, 5.12939827333e-22, 7.76019562349e-22, 1.03342313392e-21, 1.49821553641e-21, 2.05342033486e-21],
        "var": [5.58479129609e-08, 2.74514277407e-05, 1.02346175481e-05, 1.6055788592e-06, 1.33753537739e-05, 5.65831260246e-06, 2.08470828511e-06, 2.56725907093e-05, 5.28528653376e-05, 2.71537519438e-05, 2.913373919e-06, 1.7626796307e-06, 3.36600874107e-06, 2.18071818381e-06, 3.54212488674e-06, 5.10757627126e-06, 8.11481299934e-07, 2.79288911997e-07, 1.02713295291e-06, 1.5038348522e-07, 3.23813438285e-08, 5.25052925582e-08, 6.64920918325e-08, 1.06509737918e-07, 3.08570452034e-06, 1.49558530893e-07, 3.22789050263e-13]
    },
    "erbbands": {
        "dmean": [0.0801837667823, 0.807518899441, 1.93721961975, 1.87004256248, 2.0707821846, 4.79176092148, 7.26076698303, 6.30267715454, 5.71761035919, 17.6708889008, 24.2533912659, 34.9122924805, 33.2732849121, 18.7775840759, 16.0528736115, 12.5236082077, 18.3028144836, 17.2256011963, 19.0746974945, 28.3838577271, 18.8171100616, 13.5569782257, 10.1252241135, 13.2027072906, 10.1563138962, 5.90152597427, 2.82049512863, 1.99816775322, 2.09805488586, 2.31560850143, 1.94063615799, 1.25360667706, 1.54655826092, 2.43725275993, 2.23199915886, 0.615631580353, 0.0936623290181, 0.00403171917424, 0.00011096567323, 1.66981099028e-05],
        "dmean2": [0.139187797904, 1.39787256718, 3.32789754868, 3.25423598289, 3.52656054497, 7.69668865204, 11.386548996, 10.2759742737, 9.2053861618, 27.8595981598, 37.3304176331, 54.0741081238, 49.8965339661, 28.9308013916, 25.487651825, 19.4988594055, 29.0391197205, 27.4654045105, 29.8084354401, 43.7997131348, 29.5122947693, 21.523191452, 16.1856098175, 20.5681877136, 15.98483181, 9.35075092316, 4.52196073532, 3.08625173569, 3.2866692543, 3.56976342201, 2.97273397446, 1.90837049484, 2.28930974007, 3.49267435074, 3.24445414543, 0.896364748478, 0.139703333378, 0.00610657827929, 0.000161665317137, 2.51235178439e-05],
        "dvar": [0.0144655350596, 1.15784144402, 6.99722146988, 11.1354732513, 19.6987876892, 119.145591736, 232.813293457, 214.379119873, 242.491119385, 1656.59240723, 3434.11010742, 7101.32666016, 5349.39501953, 2352.97363281, 1753.30419922, 1261.53674316, 2411.29516602, 2208.76000977, 2016.90100098, 5815.23193359, 1672.27880859, 606.072570801, 310.733154297, 577.849487305, 281.273162842, 91.9237518311, 27.5971755981, 20.4042987823, 24.5365924835, 27.7550048828, 17.553976059, 7.74294424057, 20.5706596375, 69.8138885498, 70.545463562, 4.46278715134, 0.166020080447, 0.000624560110737, 2.59317573637e-07, 1.40490985512e-09],
        "dvar2": [0.0420171357691, 3.33735156059, 19.8618621826, 31.4304122925, 48.9577903748, 294.659454346, 532.444885254, 533.940612793, 631.698730469, 3852.98046875, 7608.02734375, 17420.9726562, 12072.9746094, 5493.70166016, 4392.84863281, 2870.66333008, 5495.95800781, 5397.26318359, 4619.70019531, 12560.6992188, 4261.94921875, 1454.73779297, 767.492492676, 1323.56054688, 643.585083008, 222.123153687, 68.9929275513, 44.9836235046, 58.0445137024, 62.1049118042, 35.8609428406, 15.5653934479, 40.4637680054, 131.934310913, 134.763397217, 9.08019733429, 0.371129959822, 0.00158071122132, 6.05266507137e-07, 2.86050072518e-09],
        "max": [1.33110678196, 11.6779336929, 41.2702331543, 58.9347991943, 203.185119629, 341.27331543, 380.361785889, 386.247680664, 499.547485352, 1206.11901855, 1379.12609863, 1856.28942871, 2247.74560547, 2017.61999512, 1252.30493164, 1524.53198242, 1679.30065918, 1681.24987793, 1378.53381348, 2662.0793457, 795.800170898, 331.634613037, 365.623748779, 512.711364746, 332.585754395, 210.408615112, 124.752891541, 144.586593628, 168.50227356, 198.258041382, 138.08531189, 89.2567901611, 92.6575469971, 162.831314087, 209.941177368, 46.1169509888, 13.2347955704, 1.05272531509, 0.0180645231158, 0.000856903498061],
        "mean": [0.100867763162, 1.15501523018, 3.27524209023, 2.97440195084, 3.23221468925, 8.4654045105, 12.6487226486, 10.8984184265, 9.82252883911, 32.538433075, 49.6463241577, 77.9633636475, 74.9607315063, 45.161441803, 28.1721782684, 22.7766685486, 35.4230308533, 31.5341968536, 36.0207328796, 59.2113685608, 47.1450462341, 30.5883731842, 23.2836456299, 33.3328323364, 25.9181995392, 15.0448141098, 6.67169284821, 4.18759441376, 4.47838640213, 4.78773784637, 4.18294334412, 2.78449440002, 3.13066506386, 4.82631826401, 4.08575248718, 1.05048751831, 0.131141170859, 0.00496878381819, 0.000184165124665, 5.22963455296e-05],
        "median": [0.0546368248761, 0.751825749874, 2.09959554672, 1.92790186405, 1.81374120712, 3.16099429131, 4.9734416008, 5.02318716049, 5.40321779251, 13.1818761826, 14.9628686905, 13.9893417358, 15.0259571075, 8.02148628235, 8.82302856445, 6.36143112183, 7.63287401199, 9.33955383301, 11.9648628235, 12.7564315796, 12.2711420059, 13.4479656219, 13.2382621765, 14.9497709274, 13.7529678345, 7.91821956635, 4.36120986938, 2.17145681381, 2.42781925201, 2.70684432983, 2.31164431572, 1.5486522913, 0.97322589159, 0.91551142931, 0.556140005589, 0.175356402993, 0.0128605831414, 0.000365283660358, 4.2263083742e-05, 4.34460744145e-05],
        "min": [2.04573556746e-22, 2.26113051616e-21, 1.0204078226e-20, 2.57131726819e-20, 2.55909761335e-20, 6.89911605487e-20, 1.32479450374e-19, 1.13416194278e-19, 2.38234427065e-19, 5.91776487351e-19, 4.019308595e-19, 6.85988016423e-19, 6.86501798981e-19, 1.69462910111e-18, 1.42679256826e-18, 2.10037825217e-18, 2.71772981989e-18, 4.75630010271e-18, 2.53993293069e-18, 4.32470000655e-18, 6.36205909015e-18, 9.0425606126e-18, 7.57028334701e-18, 1.17448753014e-17, 1.53651958612e-17, 1.36417584375e-17, 1.24306311902e-17, 9.79889899595e-18, 1.31484891315e-17, 1.56129645788e-17, 1.63071643273e-17, 1.2364996063e-17, 1.2250242951e-17, 1.12979992473e-17, 7.5209751107e-18, 5.38215860265e-18, 2.87443401706e-18, 1.09571466546e-18, 2.81417752835e-19, 3.04610585354e-20],
        "var": [0.0177409928292, 1.67239439487, 13.5683355331, 13.9731264114, 34.5983123779, 264.487121582, 502.436859131, 385.552825928, 287.676971436, 4627.58056641, 14470.1582031, 32129.5332031, 28841.1660156, 14515.3535156, 3368.89526367, 2909.06616211, 6794.97265625, 4445.29394531, 4463.42773438, 21372.1230469, 7939.71337891, 1874.01098633, 870.995117188, 2570.78344727, 1117.39587402, 356.72177124, 65.1579971313, 53.9856529236, 64.3699264526, 75.0003662109, 50.5933609009, 21.9038524628, 65.2883148193, 240.479156494, 218.718109131, 11.3216924667, 0.252446949482, 0.000643361883704, 3.93077868921e-07, 3.86196807867e-09]
    },
    "gfcc": {
        "mean": [0.731579720974, 82.4778671265, -121.449554443, 33.4022407532, -61.7647857666, 22.1157875061, -43.342666626, 27.1252174377, -23.0493755341, 4.49496889114, -16.3232212067, -4.55184316635, -9.13412284851],
        "cov": [[12427.5449219, -55.0775794983, 670.075317383, 687.457946777, -345.984893799, 325.431182861, -363.042602539, 552.486938477, -212.50227356, 273.110809326, -142.519699097, 97.2606277466, -138.680877686], [-55.0775794983, 1599.46606445, 2.06414079666, 15.6122970581, 78.0936050415, -134.69078064, 127.212562561, -198.415222168, 131.723251343, -222.114517212, 164.967330933, -145.464172363, 40.7578811646], [670.075317383, 2.06414079666, 1275.92919922, 43.5938873291, -123.402366638, -63.7418632507, -184.968719482, 1.60761654377, -126.250579834, 151.421905518, -139.204055786, 117.213935852, -74.8326950073], [687.457946777, 15.6122970581, 43.5938873291, 575.574157715, 144.763748169, 27.4247531891, -4.10750198364, 45.9156112671, 80.4057235718, 9.73170089722, 45.0949668884, -43.0175514221, 96.5061035156], [-345.984893799, 78.0936050415, -123.402366638, 144.763748169, 297.670623779, 40.6360816956, 34.30676651, 29.4114780426, 75.3798904419, 8.46680164337, 20.3153686523, -18.5701675415, 15.2195901871], [325.431182861, -134.69078064, -63.7418632507, 27.4247531891, 40.6360816956, 309.878936768, 205.480102539, 73.5133743286, -58.3693885803, 14.398147583, 22.8627948761, -30.031545639, -14.5850334167], [-363.042602539, 127.212562561, -184.968719482, -4.10750198364, 34.30676651, 205.480102539, 366.700592041, 45.8151702881, 10.7958269119, -45.3776741028, 79.5552139282, -75.0507965088, -20.0849018097], [552.486938477, -198.415222168, 1.60761654377, 45.9156112671, 29.4114780426, 73.5133743286, 45.8151702881, 196.457580566, 19.1585063934, 62.0134849548, -21.8328094482, 10.6074724197, -20.1012744904], [-212.50227356, 131.723251343, -126.250579834, 80.4057235718, 75.3798904419, -58.3693885803, 10.7958269119, 19.1585063934, 164.118484497, 1.00289702415, 23.5047550201, -43.6660881042, 15.4479961395], [273.110809326, -222.114517212, 151.421905518, 9.73170089722, 8.46680164337, 14.398147583, -45.3776741028, 62.0134849548, 1.00289702415, 157.149902344, -35.29845047, 26.5151977539, -34.5948028564], [-142.519699097, 164.967330933, -139.204055786, 45.0949668884, 20.3153686523, 22.8627948761, 79.5552139282, -21.8328094482, 23.5047550201, -35.29845047, 127.531692505, -17.2414264679, 39.8408889771], [97.2606277466, -145.464172363, 117.213935852, -43.0175514221, -18.5701675415, -30.031545639, -75.0507965088, 10.6074724197, -43.6660881042, 26.5151977539, -17.2414264679, 143.150390625, 0.983918011189], [-138.680877686, 40.7578811646, -74.8326950073, 96.5061035156, 15.2195901871, -14.5850334167, -20.0849018097, -20.1012744904, 15.4479961395, -34.5948028564, 39.8408889771, 0.983918011189, 132.136108398]],
        "icov": [[0.000177525362233, -0.000263124908088, 0.0001293397072, -0.000381415826268, 0.000470814586151, -0.000462278170744, 0.000534687947948, -0.000589145871345, 0.00028085699887, -0.00023813288135, 0.000130200613057, -0.00017753955035, 0.000372576003429], [-0.000263124908088, 0.00173305463977, -0.000812748447061, 0.000903370673768, -0.00123906077351, 0.00125235808082, -0.00112161913421, 0.00145056389738, -0.00125261629, 0.00199311529286, -0.00172838231083, 0.00132671417668, -0.000420142256189], [0.0001293397072, -0.000812748447061, 0.00158860371448, -0.000952459406108, 0.000998464529403, -0.000327282003127, 0.000496342603583, -0.000334616488544, 0.00132494152058, -0.00186834332999, 0.00164842023514, -0.00121108337771, 0.000723103294149], [-0.000381415826268, 0.000903370673768, -0.000952459406108, 0.00358135951683, -0.0021750559099, 0.000638807890937, -0.000683606253006, 0.0007112705498, -0.00163373549003, 0.00104344123974, -0.00149793864693, 0.00161984504666, -0.00260491948575], [0.000470814586151, -0.00123906077351, 0.000998464529403, -0.0021750559099, 0.00599578442052, -0.00245916610584, 0.00169665692374, -0.00150811474305, -0.000859958818182, -0.001538748038, 0.00122022046708, -0.00162720680237, 0.00143865670543], [-0.000462278170744, 0.00125235808082, -0.000327282003127, 0.000638807890937, -0.00245916610584, 0.00875362381339, -0.0055666170083, 0.000322244595736, 0.00299400603399, -0.000215836509597, -0.000339205085766, 0.00154364027549, -0.00138677994255], [0.000534687947948, -0.00112161913421, 0.000496342603583, -0.000683606253006, 0.00169665692374, -0.0055666170083, 0.00817134417593, -0.00283542345278, -0.000334171782015, 0.000843511836138, -0.00244923168793, 0.000859987107106, 0.00268034823239], [-0.000589145871345, 0.00145056389738, -0.000334616488544, 0.0007112705498, -0.00150811474305, 0.000322244595736, -0.00283542345278, 0.00945526361465, -0.00282324128784, -0.00101839692798, 0.000816489569843, -0.000522355956491, -0.000736925168894], [0.00028085699887, -0.00125261629, 0.00132494152058, -0.00163373549003, -0.000859958818182, 0.00299400603399, -0.000334171782015, -0.00282324128784, 0.0114231621847, -0.00279256654903, 0.000510983983986, 0.00157197541557, 0.000341566075804], [-0.00023813288135, 0.00199311529286, -0.00186834332999, 0.00104344123974, -0.001538748038, -0.000215836509597, 0.000843511836138, -0.00101839692798, -0.00279256654903, 0.0117587307468, -0.0022388654761, 0.000993397203274, 0.00151451549027], [0.000130200613057, -0.00172838231083, 0.00164842023514, -0.00149793864693, 0.00122022046708, -0.000339205085766, -0.00244923168793, 0.000816489569843, 0.000510983983986, -0.0022388654761, 0.0137988273054, -0.00265230401419, -0.00251540541649], [-0.00017753955035, 0.00132671417668, -0.00121108337771, 0.00161984504666, -0.00162720680237, 0.00154364027549, 0.000859987107106, -0.000522355956491, 0.00157197541557, 0.000993397203274, -0.00265230401419, 0.0105199050158, -0.00125775474589], [0.000372576003429, -0.000420142256189, 0.000723103294149, -0.00260491948575, 0.00143865670543, -0.00138677994255, 0.00268034823239, -0.000736925168894, 0.000341566075804, 0.00151451549027, -0.00251540541649, -0.00125775474589, 0.0115015227348]]
    },
    "melbands": {
        "dmean": [0.000796758569777, 0.000999245792627, 0.000311613315716, 0.000223503782763, 0.000259197258856, 0.000141254960909, 8.75390105648e-05, 0.000217873617657, 0.000205765070859, 0.000223857001401, 0.00016800139565, 8.15673702164e-05, 5.48904899915e-05, 3.73822986148e-05, 4.07292609452e-05, 4.03806880058e-05, 3.48545181623e-05, 3.40204314853e-05, 3.28497881128e-05, 4.40945623268e-05, 2.27602631639e-05, 1.64533303177e-05, 1.28866631712e-05, 8.54445170262e-06, 1.23415311464e-05, 1.07428822957e-05, 5.42579800822e-06, 4.1582443373e-06, 2.16099965655e-06, 1.49184290876e-06, 1.17208969641e-06, 1.24747964492e-06, 1.2887963976e-06, 1.43856391333e-06, 1.28239798869e-06, 9.36369360716e-07, 7.70492533775e-07, 9.87646672002e-07, 1.60166109708e-06, 2.33673495131e-06],
        "dmean2": [0.00138122926001, 0.00171298871282, 0.000538821914233, 0.000365119631169, 0.000406347360695, 0.000228585777222, 0.000140425938298, 0.000343035877449, 0.000314543576678, 0.000346563319908, 0.000251716614002, 0.000126831335365, 8.72229138622e-05, 6.02181862632e-05, 6.34864409221e-05, 6.48705972708e-05, 5.59753207199e-05, 5.34798600711e-05, 5.06594697072e-05, 6.94490008755e-05, 3.57704484486e-05, 2.63277197519e-05, 2.06141867238e-05, 1.38459681693e-05, 1.91988820006e-05, 1.68172373378e-05, 8.80517563928e-06, 6.63437185722e-06, 3.49232004737e-06, 2.39109726863e-06, 1.82777750979e-06, 1.96742098524e-06, 2.05728451874e-06, 2.27825034926e-06, 2.01251577892e-06, 1.44259911394e-06, 1.19396020182e-06, 1.49786478687e-06, 2.4058344934e-06, 3.40512360708e-06],
        "dvar": [1.27061719013e-06, 1.59750618423e-06, 3.03732065277e-07, 2.22828532515e-07, 2.60450349288e-07, 9.89250992234e-08, 5.12201516756e-08, 2.45968976742e-07, 2.54282696233e-07, 2.84234914716e-07, 1.38685848583e-07, 4.59850539869e-08, 2.11701394193e-08, 9.63834345669e-09, 1.65344697933e-08, 1.16114255988e-08, 9.95776083812e-09, 7.21804793713e-09, 6.50263132229e-09, 1.23753158832e-08, 2.63866284378e-09, 1.00374131229e-09, 5.68104563392e-10, 2.34120001164e-10, 5.40110178804e-10, 3.6774197576e-10, 9.39601660366e-11, 4.81271481001e-11, 1.46832650205e-11, 1.16219108989e-11, 7.1859046491e-12, 8.20574424382e-12, 1.17434126659e-11, 1.05087353749e-11, 7.91379895643e-12, 4.0281688575e-12, 3.08363490992e-12, 7.71105661962e-12, 2.96298645341e-11, 6.51901241322e-11],
        "dvar2": [3.6492253912e-06, 4.55937606603e-06, 8.47280546168e-07, 5.66245091704e-07, 6.00848579779e-07, 2.45500899609e-07, 1.31911221501e-07, 5.76690183607e-07, 5.6300086726e-07, 6.97503878655e-07, 3.12829115501e-07, 1.0846710552e-07, 5.35501314403e-08, 2.33489458878e-08, 3.61853942366e-08, 2.90361565902e-08, 2.407921329e-08, 1.67191842593e-08, 1.44785943235e-08, 2.86533605731e-08, 6.64095045622e-09, 2.43818365497e-09, 1.4100829393e-09, 5.96478033632e-10, 1.25173982291e-09, 8.19950884967e-10, 2.40406056173e-10, 1.18117196579e-10, 3.79706058262e-11, 2.82140855817e-11, 1.61857419828e-11, 1.94912679746e-11, 3.12939882341e-11, 2.35817997074e-11, 1.7374409203e-11, 7.87133292574e-12, 6.54213532306e-12, 1.67611306778e-11, 6.10018494052e-11, 1.27983665332e-10],
        "max": [0.0123246368021, 0.0171575117856, 0.00972636044025, 0.0130652207881, 0.0110816368833, 0.00821556244045, 0.0067778788507, 0.0121770361438, 0.0124592436478, 0.0125999515876, 0.0109473830089, 0.0078940493986, 0.00470502628013, 0.00267990352586, 0.00509079825133, 0.00260787666775, 0.00336233153939, 0.00212528649718, 0.00304244225845, 0.0021839174442, 0.00106183311436, 0.000530833960511, 0.00047947926214, 0.000285954884021, 0.000493343453854, 0.000457766029285, 0.000215161708184, 0.000132147877594, 7.91035054135e-05, 8.60312502482e-05, 8.0897618318e-05, 9.19232552405e-05, 0.000129911393742, 0.000113438080007, 8.27429394121e-05, 6.8233726779e-05, 6.25992979622e-05, 5.92712276557e-05, 0.00010836628644, 0.000157777918503],
        "mean": [0.00111281732097, 0.0017107327003, 0.000524039205629, 0.000387102743844, 0.000470169179607, 0.000246847688686, 0.000147383325384, 0.000396603805711, 0.000420381431468, 0.000495027110446, 0.000369361048797, 0.000188360223547, 9.38994780881e-05, 6.19717175141e-05, 6.83602120262e-05, 7.59513495723e-05, 5.68019422644e-05, 5.70173033339e-05, 6.10546121607e-05, 8.89226212166e-05, 4.90263919346e-05, 3.30116490659e-05, 2.50532575592e-05, 1.77072142833e-05, 2.82939781755e-05, 2.53452471952e-05, 1.1786703908e-05, 9.48892648012e-06, 4.60841374661e-06, 2.74144758805e-06, 2.25522990149e-06, 2.51929941442e-06, 2.51424353337e-06, 2.74072181128e-06, 2.52523318522e-06, 1.97126610146e-06, 1.55670704771e-06, 1.83435361123e-06, 3.03586830341e-06, 4.4153912313e-06],
        "median": [0.000689906533808, 0.00123217445798, 0.000366680033039, 0.000178748799954, 0.000189897895325, 0.000111508983537, 7.87039316492e-05, 0.00015131852706, 0.000100651210232, 7.62562194723e-05, 6.58798453514e-05, 2.70613472821e-05, 2.660732207e-05, 1.76626726898e-05, 1.48963081301e-05, 1.47711971294e-05, 1.43379720612e-05, 1.62647484103e-05, 1.35430864248e-05, 1.60180934472e-05, 1.22969886434e-05, 1.26172626551e-05, 1.22213859868e-05, 9.27005930862e-06, 1.10676628537e-05, 1.08109479697e-05, 6.14570581092e-06, 4.51960886494e-06, 2.76823016065e-06, 1.43035026667e-06, 1.03953857433e-06, 1.29536988425e-06, 1.35440427584e-06, 1.43965826283e-06, 1.30654041186e-06, 1.08478684524e-06, 8.06578498214e-07, 6.21555216185e-07, 6.37551465843e-07, 7.67548783642e-07],
        "min": [2.57546539197e-24, 6.45640801852e-24, 5.82953733361e-24, 3.35886205492e-24, 5.5248299482e-24, 2.85193964279e-24, 4.68401742478e-24, 5.61313779895e-24, 4.81336181981e-24, 4.24782980344e-24, 3.11022709987e-24, 6.46494033807e-24, 3.80423793365e-24, 4.50884888862e-24, 3.94514426854e-24, 8.26525463571e-24, 8.18661230321e-24, 2.93244802577e-24, 3.1824027451e-24, 8.94734321741e-24, 5.8757030515e-24, 8.00600496554e-24, 7.48376879109e-24, 4.93878833716e-24, 8.37655423197e-24, 8.69850887777e-24, 7.72579052796e-24, 7.85041871807e-24, 6.57685011824e-24, 5.66312791451e-24, 4.97771665068e-24, 7.18612526067e-24, 6.71727840342e-24, 7.28374758655e-24, 7.93024749737e-24, 8.25402835617e-24, 6.68489960757e-24, 7.89220389136e-24, 7.85355996219e-24, 8.87464889613e-24],
        "var": [1.73770968104e-06, 3.05041339743e-06, 3.97371593408e-07, 4.39668781382e-07, 6.12111648479e-07, 1.8588022499e-07, 6.37596428987e-08, 6.8726541258e-07, 1.11102349365e-06, 1.34573645028e-06, 7.62991476222e-07, 2.79803799685e-07, 4.04325639636e-08, 2.11373905046e-08, 3.15745545265e-08, 3.42691883759e-08, 1.92161948576e-08, 1.46478429386e-08, 2.10430020076e-08, 4.33346052375e-08, 9.27389276484e-09, 2.69981859091e-09, 1.27000598926e-09, 5.64199464925e-10, 2.18218176862e-09, 1.46061274187e-09, 2.63868343842e-10, 1.6038693984e-10, 3.3563374302e-11, 2.21342579682e-11, 1.80153773843e-11, 2.10467112488e-11, 2.30832158943e-11, 2.56685974559e-11, 1.96845682116e-11, 1.15054450342e-11, 7.42181576613e-12, 1.97533135682e-11, 8.92254672924e-11, 2.0864840411e-10]
    },
    "mfcc": {
        "mean": [-637.610717773, 109.506843567, 0.203204244375, 15.7680845261, 8.99614524841, -4.45618629456, 0.95451438427, 8.31934833527, 3.15407252312, 9.00634098053, 3.1664493084, -3.73374509811, 2.18973398209],
        "cov": [[8656.47363281, -317.181304932, 77.5900115967, 399.590270996, 194.251251221, -77.6890029907, 179.097625732, 191.217193604, 12.2309007645, 264.375946045, 114.198562622, -64.9125823975, 147.676193237], [-317.181304932, 1325.47705078, 91.3926849365, -11.7316141129, -60.2265892029, -10.6104106903, -77.2537841797, 31.5611457825, -115.785705566, -37.592464447, 17.8877563477, 24.7668418884, -59.7383918762], [77.5900115967, 91.3926849365, 917.987792969, 120.971221924, -8.86062049866, -6.84918165207, -19.4043655396, -110.732879639, 5.9231543541, -113.00063324, -21.8556880951, 33.6603546143, 22.7440757751], [399.590270996, -11.7316141129, 120.971221924, 410.954315186, 192.571838379, -11.3493824005, -69.8972473145, -30.879108429, 63.8254203796, 11.1329622269, -22.0265026093, 17.240940094, 86.5061569214], [194.251251221, -60.2265892029, -8.86062049866, 192.571838379, 301.458099365, -8.76991081238, -76.3266525269, -37.4609184265, 56.5676460266, 8.53591918945, -30.1405506134, -8.6385602951, 70.981010437], [-77.6890029907, -10.6104106903, -6.84918165207, -11.3493824005, -8.76991081238, 199.370391846, 135.684448242, 46.5762252808, 22.9596118927, 28.3467159271, 31.7382183075, 26.6021499634, -31.8161354065], [179.097625732, -77.2537841797, -19.4043655396, -69.8972473145, -76.3266525269, 135.684448242, 325.61932373, 107.900344849, 29.6762638092, 51.6634750366, 39.819896698, 24.5941429138, -25.8651313782], [191.217193604, 31.5611457825, -110.732879639, -30.879108429, -37.4609184265, 46.5762252808, 107.900344849, 191.952133179, 7.67612981796, 46.6548347473, 36.149772644, -2.17461538315, -16.2816486359], [12.2309007645, -115.785705566, 5.9231543541, 63.8254203796, 56.5676460266, 22.9596118927, 29.6762638092, 7.67612981796, 124.112159729, 50.9792747498, 13.8043479919, 3.37013316154, 11.4771738052], [264.375946045, -37.592464447, -113.00063324, 11.1329622269, 8.53591918945, 28.3467159271, 51.6634750366, 46.6548347473, 50.9792747498, 159.703918457, 66.8115158081, 1.97562098503, -14.6889419556], [114.198562622, 17.8877563477, -21.8556880951, -22.0265026093, -30.1405506134, 31.7382183075, 39.819896698, 36.149772644, 13.8043479919, 66.8115158081, 132.103637695, 29.4479007721, -23.6569480896], [-64.9125823975, 24.7668418884, 33.6603546143, 17.240940094, -8.6385602951, 26.6021499634, 24.5941429138, -2.17461538315, 3.37013316154, 1.97562098503, 29.4479007721, 78.1612243652, 14.669760704], [147.676193237, -59.7383918762, 22.7440757751, 86.5061569214, 70.981010437, -31.8161354065, -25.8651313782, -16.2816486359, 11.4771738052, -14.6889419556, -23.6569480896, 14.669760704, 102.674385071]],
