{
"lowlevel": {
    "average_loudness": 0.78547257185,
    "barkbands_crest": {
        "dmean": 2.69668126106,
        "dmean2": 4.13171958923,
        "dvar": 7.42060136795,
        "dvar2": 15.654715538,
        "max": 26.852355957,
        "mean": 11.3948011398,
        "median": 9.99360275269,
        "min": 2.033015728,
        "var": 28.7243442535
    },
    "barkbands_flatness_db": {
        "dmean": 0.0214164871722,
        "dmean2": 0.0298305843025,
        "dvar": 0.000490454025567,
        "dvar2": 0.00088330876315,
        "max": 0.466705352068,
        "mean": 0.134571313858,
        "median": 0.124612145126,
        "min": 0.0132830496877,
        "var": 0.00386155117303
    },
    "barkbands_kurtosis": {
        "dmean": 3.81456780434,
        "dmean2": 5.48748111725,
        "dvar": 106.123786926,
        "dvar2": 223.770980835,
        "max": 460.838470459,
        "mean": 6.40619850159,
        "median": 1.98371124268,
        "min": -1.85528945923,
        "var": 231.745452881
    },
    "barkbands_skewness": {
        "dmean": 0.577120304108,
        "dmean2": 0.819947957993,
        "dvar": 0.494478642941,
        "dvar2": 0.911624252796,
        "max": 21.3554935455,
        "mean": 1.61382484436,
        "median": 1.31041193008,
        "min": -2.53699731827,
        "var": 2.90361714363
    },
    "barkbands_spread": {
        "dmean": 5.57872056961,
        "dmean2": 8.15065288544,
        "dvar": 49.6101646423,
        "dvar2": 98.6091766357,
        "max": 100.664588928,
        "mean": 22.1342144012,
        "median": 19.7147521973,
        "min": 0.428950875998,
        "var": 210.630493164
    },
    "dissonance": {
        "dmean": 0.0191001798958,
        "dmean2": 0.0322044976056,
        "dvar": 0.000404134276323,
        "dvar2": 0.00111996778287,
        "max": 0.500000059605,
        "mean": 0.46335285902,
        "median": 0.470901697874,
        "min": 0.229462951422,
        "var": 0.000965148967225
    },
    "dynamic_complexity": 4.11860895157,
    "erbbands_crest": {
        "dmean": 2.62781310081,
        "dmean2": 4.2284283638,
        "dvar": 6.35330820084,
        "dvar2": 15.047618866,
        "max": 32.3349494934,
        "mean": 9.48404312134,
        "median": 8.24271392822,
        "min": 2.41844534874,
        "var": 24.4002342224
    },
    "erbbands_flatness_db": {
        "dmean": 0.0162041839212,
        "dmean2": 0.0238648541272,
        "dvar": 0.000247993069934,
        "dvar2": 0.00049256789498,
        "max": 0.336225360632,
        "mean": 0.147145196795,
        "median": 0.141865417361,
        "min": 0.0405419915915,
        "var": 0.00241078319959
    },
    "erbbands_kurtosis": {
        "dmean": 0.932948231697,
        "dmean2": 1.48946595192,
        "dvar": 1.79942369461,
        "dvar2": 4.34735012054,
        "max": 34.5474281311,
        "mean": 0.61749368906,
        "median": -0.0062358379364,
        "min": -1.82820439339,
        "var": 4.91352844238
    },
    "erbbands_skewness": {
        "dmean": 0.361966788769,
        "dmean2": 0.55594342947,
        "dvar": 0.117619432509,
        "dvar2": 0.263543844223,
        "max": 3.94469928741,
        "mean": 0.296988010406,
        "median": 0.276029795408,
        "min": -3.12930512428,
        "var": 0.584604978561
    },
    "erbbands_spread": {
        "dmean": 7.35942459106,
        "dmean2": 11.3512506485,
        "dvar": 61.5480194092,
        "dvar2": 136.812545776,
        "max": 151.581817627,
        "mean": 36.9169960022,
        "median": 34.2324066162,
        "min": 2.36877083778,
        "var": 329.000976562
    },
    "hfc": {
        "dmean": 6.39934110641,
        "dmean2": 9.45110607147,
        "dvar": 94.6907653809,
        "dvar2": 200.993103027,
        "max": 182.350524902,
        "mean": 21.3321971893,
        "median": 15.6330966949,
        "min": 1.05228471372e-16,
        "var": 385.467254639
    },
    "melbands_crest": {
        "dmean": 3.64678072929,
        "dmean2": 5.36822891235,
        "dvar": 13.3246068954,
        "dvar2": 27.7698860168,
        "max": 39.9213752747,
        "mean": 16.4541835785,
        "median": 14.7871417999,
        "min": 1.5604288578,
        "var": 63.8183403015
    },
    "melbands_flatness_db": {
        "dmean": 0.0260629691184,
        "dmean2": 0.0355756208301,
        "dvar": 0.00077376421541,
        "dvar2": 0.00132808787748,
        "max": 0.57690936327,
        "mean": 0.207770839334,
        "median": 0.199443131685,
        "min": 0.00190465850756,
        "var": 0.00797587726265
    },
    "melbands_kurtosis": {
        "dmean": 8.65786933899,
        "dmean2": 12.5037488937,
        "dvar": 497.244628906,
        "dvar2": 1029.04284668,
        "max": 905.423034668,
        "mean": 16.8709106445,
        "median": 6.37032985687,
        "min": -1.73564636707,
        "var": 1141.23010254
    },
    "melbands_skewness": {
        "dmean": 0.769939124584,
        "dmean2": 1.10874426365,
        "dvar": 0.963154256344,
        "dvar2": 1.76847708225,
        "max": 29.3711681366,
        "mean": 2.70400810242,
        "median": 2.21319961548,
        "min": -2.10354161263,
        "var": 5.05907011032
    },
    "melbands_spread": {
        "dmean": 7.05611419678,
        "dmean2": 10.6810731888,
        "dvar": 98.383644104,
        "dvar2": 215.106231689,
        "max": 178.73008728,
        "mean": 26.5177001953,
        "median": 19.7112216949,
        "min": 0.40413993597,
        "var": 658.074951172
    },
    "pitch_salience": {
        "dmean": 0.0801222249866,
        "dmean2": 0.12471435219,
        "dvar": 0.00748506281525,
        "dvar2": 0.0170516967773,
        "max": 0.946547627449,
        "mean": 0.521194458008,
        "median": 0.531382262707,
        "min": 0.00654285680503,
        "var": 0.0244636964053
    },
    "silence_rate_20dB": {
        "dmean": 0,
        "dmean2": 0,
        "dvar": 0,
        "dvar2": 0,
        "max": 1,
        "mean": 1,
        "median": 1,
        "min": 1,
        "var": 0
    },
    "silence_rate_30dB": {
        "dmean": 0.0510772205889,
        "dmean2": 0.102166809142,
        "dvar": 0.0484635680914,
        "dvar2": 0.100926987827,
        "max": 1,
        "mean": 0.939489305019,
        "median": 1,
        "min": 0,
        "var": 0.0568493567407
    },
    "silence_rate_60dB": {
        "dmean": 0.0154926171526,
        "dmean2": 0.0309889838099,
        "dvar": 0.0152500374243,
        "dvar2": 0.0336589440703,
        "max": 1,
        "mean": 0.0912501513958,
        "median": 0,
        "min": 0,
        "var": 0.0829267799854
    },
    "spectral_centroid": {
        "dmean": 272.120056152,
        "dmean2": 409.966949463,
        "dvar": 121158.515625,
        "dvar2": 237720.1875,
        "max": 11898.4980469,
        "mean": 1675.83105469,
        "median": 1369.12524414,
        "min": 206.841400146,
        "var": 3024609.5
    },
    "spectral_complexity": {
        "dmean": 3.56112313271,
        "dmean2": 5.40418815613,
        "dvar": 16.9550895691,
        "dvar2": 33.6711006165,
        "max": 58,
        "mean": 17.7733268738,
        "median": 17,
        "min": 0,
        "var": 112.284957886
    },
    "spectral_decrease": {
        "dmean": 2.92933322044e-09,
        "dmean2": 4.02236510766e-09,
        "dvar": 2.18029490084e-17,
        "dvar2": 3.7878588791e-17,
        "max": 2.15586720193e-28,
        "mean": -8.55656789867e-09,
        "median": -5.96537752529e-09,
        "min": -5.53063870257e-08,
        "var": 7.72517473651e-17
    },
    "spectral_energy": {
        "dmean": 0.0114216534421,
        "dmean2": 0.0157136283815,
        "dvar": 0.000320333463605,
        "dvar2": 0.000559512875043,
        "max": 0.211423069239,
        "mean": 0.0342293679714,
        "median": 0.0243980083615,
        "min": 9.80969563519e-21,
        "var": 0.00115721730981
    },
    "spectral_energyband_high": {
        "dmean": 0.000409498345107,
        "dmean2": 0.000589121773373,
        "dvar": 7.54155280447e-07,
        "dvar2": 1.74313402113e-06,
        "max": 0.0109861856326,
        "mean": 0.000895313743968,
        "median": 0.000335424032528,
        "min": 6.9123097472e-21,
        "var": 1.80995982646e-06
    },
    "spectral_energyband_low": {
        "dmean": 0.00842324830592,
        "dmean2": 0.0112902186811,
        "dvar": 0.000291810603812,
        "dvar2": 0.000494566513225,
        "max": 0.189351677895,
        "mean": 0.0173272062093,
        "median": 0.00585790956393,
        "min": 1.27249014808e-23,
        "var": 0.000834019156173
    },
    "spectral_energyband_middle_high": {
        "dmean": 0.00205136253498,
        "dmean2": 0.00311273150146,
        "dvar": 1.0950628166e-05,
        "dvar2": 2.46470754064e-05,
        "max": 0.0837891101837,
        "mean": 0.00605492293835,
        "median": 0.00326091260649,
        "min": 1.18777935792e-21,
        "var": 5.79379047849e-05
    },
    "spectral_energyband_middle_low": {
        "dmean": 0.00525601301342,
        "dmean2": 0.00876327510923,
        "dvar": 0.000124982339912,
        "dvar2": 0.000350481859641,
        "max": 0.135703280568,
        "mean": 0.0108316792175,
        "median": 0.00787747371942,
        "min": 1.41912000016e-22,
        "var": 0.000141860946314
    },
    "spectral_entropy": {
        "dmean": 0.150788098574,
        "dmean2": 0.216372817755,
        "dvar": 0.0257627163082,
        "dvar2": 0.051347117871,
        "max": 9.82524490356,
        "mean": 7.63405323029,
        "median": 7.61438798904,
        "min": 5.24365663528,
        "var": 0.360743045807
    },
    "spectral_flux": {
        "dmean": 0.0295104328543,
        "dmean2": 0.0455395877361,
        "dvar": 0.00172520428896,
        "dvar2": 0.00317506608553,
        "max": 0.437762290239,
        "mean": 0.0848186835647,
        "median": 0.0714042037725,
        "min": 6.38947436626e-11,
        "var": 0.00408486230299
    },
    "spectral_kurtosis": {
        "dmean": 1.47639644146,
        "dmean2": 2.37372541428,
        "dvar": 5.86749982834,
        "dvar2": 15.5431308746,
        "max": 81.3591384888,
        "mean": 5.35388088226,
        "median": 4.355073452,
        "min": -1.26603913307,
        "var": 25.797454834
    },
    "spectral_rms": {
        "dmean": 0.000856517872307,
        "dmean2": 0.00117562373634,
        "dvar": 1.19208220895e-06,
        "dvar2": 2.02088517653e-06,
        "max": 0.0143619785085,
        "mean": 0.00510437274352,
        "median": 0.0048788250424,
        "min": 3.09361195515e-12,
        "var": 7.3397864071e-06
    },
    "spectral_rolloff": {
        "dmean": 495.244934082,
        "dmean2": 785.68939209,
        "dvar": 908109.6875,
        "dvar2": 1829666.125,
        "max": 19918.2128906,
        "mean": 1927.8392334,
        "median": 1119.7265625,
        "min": 21.533203125,
        "var": 10704831
    },
    "spectral_skewness": {
        "dmean": 0.199960231781,
        "dmean2": 0.308875054121,
        "dvar": 0.0523203089833,
        "dvar2": 0.12100841105,
        "max": 6.37658691406,
        "mean": 1.6645128727,
        "median": 1.59078669548,
        "min": -0.0925447046757,
        "var": 0.427434563637
    },
    "spectral_spread": {
        "dmean": 526839,
        "dmean2": 770024.5,
        "dvar": 861263560704,
        "dvar2": 1.67558971392e+12,
        "max": 42958716,
        "mean": 5787473,
        "median": 4512170,
        "min": 959569.75,
        "var": 3.80516024975e+13
    },
    "spectral_strongpeak": {
        "dmean": 0.512021005154,
        "dmean2": 0.845959246159,
        "dvar": 0.887061715126,
        "dvar2": 2.20024752617,
        "max": 13.1810817719,
        "mean": 1.02551186085,
        "median": 0.474633067846,
        "min": 0,
        "var": 2.12578296661
    },
    "zerocrossingrate": {
        "dmean": 0.0115318177268,
        "dmean2": 0.0127754025161,
        "dvar": 0.000256002647802,
        "dvar2": 0.000272753561148,
        "max": 0.66455078125,
        "mean": 0.0721018761396,
        "median": 0.0517578125,
        "min": 0,
        "var": 0.00741960993037
    },
    "barkbands": {
        "dmean": [0.000678192067426, 0.00736075080931, 0.00192682165653, 0.0013967565028, 0.00183672143612, 0.00146535260137, 0.000839950575028, 0.000877749174833, 0.000666483945679, 0.000477663532365, 0.000576315273065, 0.00049071648391, 0.000502002134454, 0.000481636321638, 0.000343144143699, 0.000174136061105, 0.000155847592396, 0.000176379850018, 0.000177436333615, 0.000167845908436, 0.000100822500826, 8.28779739095e-05, 5.78683248023e-05, 7.21361357137e-05, 5.8536305005e-05, 3.11022122332e-05, 7.21557717043e-06],
        "dmean2": [0.000945394218434, 0.0100875496864, 0.00344903883524, 0.00245071551763, 0.00320168584585, 0.00242383568548, 0.00135622103699, 0.00133838586044, 0.00103471206967, 0.000754343345761, 0.000909118738491, 0.000782635412179, 0.000788291974459, 0.0007426054799, 0.000553970749024, 0.000277347600786, 0.000256620289292, 0.000279345782474, 0.000276291219052, 0.000265738897724, 0.00015704188263, 0.000127068677102, 8.75558180269e-05, 0.000103750484413, 8.41269866214e-05, 4.50888146588e-05, 1.04836981336e-05],
        "dvar": [1.99546616386e-06, 0.000277366838418, 3.63924627891e-05, 1.70128842001e-05, 2.39879373112e-05, 1.01043597169e-05, 3.23924814438e-06, 3.47956483893e-06, 2.5828685466e-06, 1.50331516124e-06, 2.99565817841e-06, 1.90260880117e-06, 1.74360889105e-06, 1.77765025455e-06, 7.50884453282e-07, 1.71338186306e-07, 8.1509682559e-08, 1.75008068481e-07, 1.51178070951e-07, 1.18455126596e-07, 3.85115441759e-08, 4.84022137925e-08, 1.5858800495e-08, 2.16302264988e-08, 1.75081371623e-08, 6.34768637653e-09, 4.29187962947e-10],
        "dvar2": [4.15378553953e-06, 0.00051304261433, 0.00010406425281, 4.85944619868e-05, 6.94358532201e-05, 2.57901010627e-05, 8.07596552477e-06, 7.66361154092e-06, 5.57402245249e-06, 3.40199881066e-06, 6.93303536536e-06, 4.56790849057e-06, 3.97109943151e-06, 3.71592250303e-06, 1.86748673059e-06, 3.97396348717e-07, 2.10713253068e-07, 4.06412510756e-07, 3.42393320807e-07, 2.77829229844e-07, 9.35859389983e-08, 1.20914506851e-07, 3.77244013805e-08, 4.59330280478e-08, 3.86644458672e-08, 1.34320821132e-08, 8.88408568933e-10],
        "max": [0.0322704836726, 0.17790107429, 0.0716994553804, 0.0629295110703, 0.0673008263111, 0.0536413602531, 0.0469952858984, 0.0505642779171, 0.0442721173167, 0.0403892360628, 0.0558909699321, 0.0370649211109, 0.0267258472741, 0.035413634032, 0.0255778227001, 0.0109081100672, 0.00552528351545, 0.00989877153188, 0.0120763219893, 0.00718703586608, 0.00344754545949, 0.00250451313332, 0.00143543235026, 0.00252642529085, 0.00277702161111, 0.00192060763948, 0.000656274496578],
        "mean": [0.00130487431306, 0.0135208722204, 0.00180898117833, 0.00154657976236, 0.0023926764261, 0.00232315110043, 0.00130926223937, 0.00167463195976, 0.00120033859275, 0.000933482311666, 0.000931292248424, 0.000835938961245, 0.000796894019004, 0.000803013681434, 0.000594233104493, 0.000271170691121, 0.000266045739409, 0.000305682129692, 0.000353035837179, 0.000301985186525, 0.000197665620362, 0.000131180655444, 0.000108472857391, 0.000150820502313, 0.000106491759652, 5.00149290019e-05, 1.05391154648e-05],
        "median": [0.000191094208276, 0.00359788886271, 0.000509834848344, 0.000452673615655, 0.001096879947, 0.000789914745837, 0.000483858049847, 0.000405081140343, 0.000303099048324, 0.000240192239289, 0.000193127838429, 0.000173859167262, 0.000193475774722, 0.000195909728063, 0.000183812240721, 0.000114766815386, 0.00012008529302, 0.000131892244099, 0.000125497797853, 9.60985416896e-05, 7.39562165109e-05, 3.95701390516e-05, 2.22788512474e-05, 3.58291144948e-05, 1.85864191735e-05, 1.11651925181e-05, 1.94425729205e-06],
        "min": [1.10542918411e-25, 1.9718199554e-24, 1.99971000944e-25, 9.36004763289e-25, 2.96848476964e-24, 5.57901088733e-24, 7.0220579696e-24, 5.86890030949e-24, 8.90055351054e-24, 1.16101187483e-23, 1.01434212217e-23, 1.61914994528e-23, 2.57912377386e-23, 2.69679705069e-23, 2.55029958525e-23, 3.93155085408e-23, 6.03947680743e-23, 6.09361538472e-23, 1.02978350641e-22, 1.22218131693e-22, 2.13330606992e-22, 2.97210123935e-22, 4.01351678379e-22, 5.48334817082e-22, 7.97808026769e-22, 1.32901731731e-21, 1.8974885095e-21],
        "var": [7.34312288841e-06, 0.000656532065477, 2.32346592384e-05, 1.28390338432e-05, 1.86508368643e-05, 1.83274387382e-05, 6.23294408797e-06, 1.21847606351e-05, 9.28451117943e-06, 5.69457279198e-06, 8.32324712974e-06, 5.94319089942e-06, 3.84584154745e-06, 4.86260523758e-06, 1.81305676961e-06, 2.57866730635e-07, 1.71189213916e-07, 3.23591706319e-07, 4.75433239444e-07, 2.92875824925e-07, 9.0664421748e-08, 6.2719365701e-08, 3.77306399457e-08, 8.20138694735e-08, 4.52750903435e-08, 1.09279385541e-08, 7.91252618981e-10]
    },
    "erbbands": {
        "dmean": [0.33503305912, 1.36494612694, 2.14399170876, 3.62941765785, 4.62655925751, 6.61989736557, 9.85205554962, 12.5067968369, 13.9124975204, 11.8322181702, 20.4810733795, 14.8608751297, 13.9520864487, 21.0223255157, 14.9424543381, 20.6298522949, 21.3632221222, 25.208782196, 15.9856214523, 13.4728031158, 8.61335468292, 7.76242685318, 9.79254150391, 7.86432886124, 9.54828357697, 7.54198360443, 5.04263925552, 3.34215450287, 3.10273814201, 2.30003476143, 1.53592157364, 1.60521054268, 1.22151303291, 0.757695138454, 0.366663098335, 0.166494265199, 0.0521706007421, 0.0094706825912, 0.0014931029873, 5.55173937755e-05],
        "dmean2": [0.435156345367, 1.99843370914, 3.78382706642, 6.40294837952, 7.91334342957, 11.6801843643, 17.3716773987, 20.5447978973, 22.1761817932, 18.0193824768, 31.6146793365, 22.8819541931, 21.8192844391, 33.1956367493, 24.0032291412, 32.7176322937, 33.2294387817, 37.8779296875, 25.3324260712, 21.8375911713, 13.7447385788, 12.7146234512, 15.4142513275, 12.1154966354, 14.9291162491, 11.8293685913, 7.77621936798, 5.1794295311, 4.7887377739, 3.53666830063, 2.3080701828, 2.34072947502, 1.80805802345, 1.10646212101, 0.516883015633, 0.246590226889, 0.075053691864, 0.0135976932943, 0.0021594511345, 7.90664926171e-05],
        "dvar": [0.556818544865, 11.1267957687, 44.877166748, 111.06451416, 152.889251709, 332.531768799, 697.105834961, 833.992553711, 944.741699219, 665.489013672, 2248.32788086, 1452.56591797, 1491.45471191, 3727.49633789, 1352.50354004, 3723.5871582, 2775.84179688, 4836.58691406, 1383.30126953, 1034.6171875, 341.742645264, 210.792022705, 542.230529785, 332.468719482, 475.257720947, 252.695053101, 93.3458328247, 58.2329902649, 75.9969177246, 31.7944126129, 9.80060100555, 10.5971651077, 7.13097858429, 2.97953510284, 0.685574710369, 0.182317182422, 0.0178928803653, 0.000692690897267, 1.71052888618e-05, 1.96925729057e-08],
        "dvar2": [0.933646082878, 25.7887210846, 125.96647644, 317.325531006, 434.455413818, 962.782226562, 2006.17663574, 2047.13085938, 2233.19384766, 1335.32531738, 5413.1640625, 2874.35083008, 3465.8293457, 8882.92089844, 3309.53198242, 8670.32128906, 6274.37597656, 9681.57910156, 3245.25244141, 2666.52856445, 796.037719727, 540.561401367, 1232.37536621, 731.399597168, 1096.88806152, 588.217163086, 228.028060913, 143.020568848, 191.842391968, 81.1930999756, 21.8449001312, 24.6479797363, 15.9437570572, 7.02663946152, 1.44722402096, 0.395824074745, 0.0372758768499, 0.00145161186811, 3.47953136952e-05, 4.15641494556e-08],
        "max": [8.56972885132, 36.9836540222, 81.1834106445, 155.079864502, 219.370727539, 310.108123779, 332.644683838, 505.488555908, 653.054016113, 979.404663086, 1023.44750977, 1257.74145508, 1105.95483398, 2031.72290039, 722.189453125, 1890.19226074, 1134.98937988, 1895.17749023, 1014.53479004, 973.133300781, 465.124053955, 268.183349609, 570.735595703, 576.477600098, 714.933837891, 383.07421875, 205.5340271, 102.515731812, 98.8704299927, 71.9719390869, 45.1937179565, 54.1289215088, 44.0120582581, 30.3733501434, 21.7394714355, 11.0333433151, 3.42346644402, 0.810984611511, 0.11831985414, 0.00405248859897],
        "mean": [0.608099281788, 2.15897893906, 2.20879936218, 4.0344786644, 5.94713449478, 8.22609043121, 12.3567914963, 19.7943458557, 23.2042446136, 22.1914081573, 39.0446434021, 29.2272090912, 28.4947433472, 38.6258354187, 24.973613739, 37.6641044617, 38.0271148682, 46.8222389221, 30.9430999756, 23.7053012848, 15.2142782211, 14.3507242203, 17.4318180084, 15.6826486588, 18.8154678345, 14.0565290451, 10.2675561905, 6.0107665062, 4.81158018112, 3.86252808571, 2.95178484917, 3.3377726078, 2.34113287926, 1.37991178036, 0.636699140072, 0.270102500916, 0.0809140056372, 0.0151370065287, 0.00217932811938, 0.000107841173303],
        "median": [0.115661509335, 0.6165792346, 0.744737446308, 1.48810732365, 2.06971597672, 3.2635872364, 4.77124214172, 5.91052913666, 7.65211725235, 8.44536399841, 10.1786899567, 8.80257415771, 7.87011575699, 9.07765388489, 8.52991294861, 9.08007717133, 10.7279672623, 12.9058570862, 11.033411026, 9.33747196198, 6.99924182892, 6.79876089096, 7.92497825623, 6.13060283661, 7.18391942978, 4.64187717438, 3.88308286667, 2.27776622772, 1.4923030138, 0.96600484848, 0.6335324049, 0.813535869122, 0.497509092093, 0.249597385526, 0.110299758613, 0.0581851452589, 0.0175375156105, 0.0031985626556, 0.000418309180532, 4.98043991684e-05],
        "min": [1.15323348542e-22, 4.5702364981e-22, 2.07951045148e-21, 4.57185834563e-21, 6.90737897527e-21, 1.04251204343e-20, 3.20218901902e-20, 5.12599463514e-20, 1.16182609364e-19, 2.06486136556e-19, 2.05851197888e-19, 2.4343473063e-19, 4.2355046558e-19, 5.78295976607e-19, 6.24945395939e-19, 1.05363247218e-18, 1.15883195831e-18, 1.44388822017e-18, 2.3159115345e-18, 2.32159654005e-18, 2.47092642206e-18, 4.18388574215e-18, 4.28243025006e-18, 4.44163646179e-18, 7.01671009285e-18, 6.71283991816e-18, 7.09246825643e-18, 8.89751697373e-18, 8.93018647202e-18, 1.1012338213e-17, 9.93202130783e-18, 1.05992500053e-17, 9.17561675003e-18, 7.9541522267e-18, 5.77642142032e-18, 3.64855057973e-18, 2.4677758979e-18, 8.29765293473e-19, 2.5906919384e-19, 2.612879055e-20],
        "var": [1.43274700642, 17.9884986877, 30.5928573608, 79.0649337769, 137.231170654, 257.929626465, 582.409423828, 1697.89831543, 2146.60766602, 2352.96679688, 6760.13183594, 5929.46777344, 5685.55615234, 11925.1630859, 2645.7121582, 12425.4941406, 6986.72167969, 14780.8896484, 3786.10180664, 2055.76953125, 601.408935547, 445.068115234, 1054.18664551, 879.873779297, 1307.29663086, 635.34387207, 253.883605957, 95.7502212524, 91.6001205444, 48.6926689148, 26.8417358398, 40.3806228638, 21.1971893311, 7.53508615494, 1.66752207279, 0.311703950167, 0.0305218286812, 0.00124172284268, 3.28176138282e-05, 3.85590404051e-08]
    },
    "gfcc": {
        "mean": [-33.7868690491, 79.4142532349, -103.325248718, 22.02551651, -47.5556640625, 11.2434301376, -31.2668476105, 10.3588294983, -20.5412826538, 9.37773990631, -9.29913520813, -0.678507804871, -10.0742063522],
        "cov": [[45182.4453125, 1689.46032715, -3771.44824219, 1165.43603516, -2061.40942383, 747.41583252, -1166.40014648, 630.335144043, -800.048828125, 429.636169434, -351.160827637, 127.641685486, -223.432281494], [1689.46032715, 1878.97888184, -103.01599884, -76.1908798218, 177.550216675, -101.877235413, 74.92137146, -23.5641098022, 69.453742981, -72.7650146484, 53.1263313293, -87.3075027466, 19.357881546], [-3771.44824219, -103.01599884, 1195.49353027, 188.915802002, 267.5362854, 74.8727645874, 137.402114868, 27.743265152, 144.699554443, 19.2110958099, 43.5510025024, 82.0831222534, 82.7986984253], [1165.43603516, -76.1908798218, 188.915802002, 503.918548584, 82.3518295288, 64.3433151245, -25.7971115112, 69.3042984009, 79.9675140381, 62.7122764587, 6.00729417801, 39.1578063965, 62.3251342773], [-2061.40942383, 177.550216675, 267.5362854, 82.3518295288, 412.347473145, 48.7998313904, 128.881027222, 0.139558628201, 111.72366333, -4.52818965912, 41.2914886475, -1.05396032333, 38.1492958069], [747.41583252, -101.877235413, 74.8727645874, 64.3433151245, 48.7998313904, 338.723571777, 104.647384644, 58.8704566956, 22.8038425446, 37.1757659912, 26.1591567993, 35.4184875488, 2.95729422569], [-1166.40014648, 74.92137146, 137.402114868, -25.7971115112, 128.881027222, 104.647384644, 243.838027954, 58.012752533, 62.6645774841, 19.5490341187, 62.4014396667, 14.945350647, 23.3920440674], [630.335144043, -23.5641098022, 27.743265152, 69.3042984009, 0.139558628201, 58.8704566956, 58.012752533, 168.481658936, 60.2668838501, 41.4397773743, 32.2668876648, 35.1377983093, 16.1168785095], [-800.048828125, 69.453742981, 144.699554443, 79.9675140381, 111.72366333, 22.8038425446, 62.6645774841, 60.2668838501, 160.665023804, 46.5829277039, 45.3851776123, 14.6901435852, 41.7961959839], [429.636169434, -72.7650146484, 19.2110958099, 62.7122764587, -4.52818965912, 37.1757659912, 19.5490341187, 41.4397773743, 46.5829277039, 132.201828003, 50.8921051025, 24.6811943054, 15.6943149567], [-351.160827637, 53.1263313293, 43.5510025024, 6.00729417801, 41.2914886475, 26.1591567993, 62.4014396667, 32.2668876648, 45.3851776123, 50.8921051025, 117.710441589, 43.4765014648, 23.7470569611], [127.641685486, -87.3075027466, 82.0831222534, 39.1578063965, -1.05396032333, 35.4184875488, 14.945350647, 35.1377983093, 14.6901435852, 24.6811943054, 43.4765014648, 122.845497131, 59.2385063171], [-223.432281494, 19.357881546, 82.7986984253, 62.3251342773, 38.1492958069, 2.95729422569, 23.3920440674, 16.1168785095, 41.7961959839, 15.6943149567, 23.7470569611, 59.2385063171, 111.135864258]],
        "icov": [[0.000116914641694, -0.000238918582909, 0.00027119499282, -0.000349256559275, 0.000325311295455, -0.000384673097869, 0.000363218277926, -0.000442117772764, 0.000488055375172, -0.000452048319858, 0.000376494659577, -0.000329797709128, 0.00013234684593], [-0.000238918582909, 0.00113307253923, -0.000443517317763, 0.000755000161007, -0.000874191580806, 0.000939040095545, -0.000800082052592, 0.000884021923412, -0.00119550188538, 0.00141562405042, -0.0013259104453, 0.00129995518364, -0.000615273253061], [0.00027119499282, -0.000443517317763, 0.00177863624413, -0.00110623927321, 0.000312635296723, -0.00083831534721, 0.00038340134779, -0.000648706685752, 0.000451429572422, -0.00081843562657, 0.00112397538032, -0.00150843418669, 0.000355771393515], [-0.000349256559275, 0.000755000161007, -0.00110623927321, 0.00383613584563, -0.0015769287711, 0.000611850817222, 0.000298659433611, 0.00026664554025, -0.00181253789924, 0.000357433513273, -0.000569831987377, 0.00125793146435, -0.00165487523191], [0.000325311295455, -0.000874191580806, 0.000312635296723, -0.0015769287711, 0.00499389553443, -0.00123635597993, -0.000615184486378, 0.000176312940312, -0.000785231532063, -0.000195713379071, 0.00063303404022, -0.000491846585646, 0.000330139766447], [-0.000384673097869, 0.000939040095545, -0.00083831534721, 0.000611850817222, -0.00123635597993, 0.0051311920397, -0.00302875088528, 0.00098992837593, -0.0011342423968, 0.000858365150634, -0.000701281358488, -5.591693116e-05, 0.00061131187249], [0.000363218277926, -0.000800082052592, 0.00038340134779, 0.000298659433611, -0.000615184486378, -0.00302875088528, 0.00851416680962, -0.00352668622509, 0.00144567107782, -0.0010732957162, -0.00148217740934, 0.000569596886635, -0.000951438909397], [-0.000442117772764, 0.000884021923412, -0.000648706685752, 0.00026664554025, 0.000176312940312, 0.00098992837593, -0.00352668622509, 0.0104808174074, -0.00515393447131, 0.00118005427066, -0.00108298438136, -0.00115912035108, 0.00104735558853], [0.000488055375172, -0.00119550188538, 0.000451429572422, -0.00181253789924, -0.000785231532063, -0.0011342423968, 0.00144567107782, -0.00515393447131, 0.0135804079473, -0.00439500901848, -0.000126468512462, 0.000985935679637, -0.00237275147811], [-0.000452048319858, 0.00141562405042, -0.00081843562657, 0.000357433513273, -0.000195713379071, 0.000858365150634, -0.0010732957162, 0.00118005427066, -0.00439500901848, 0.0128945717588, -0.00600833352655, 0.00173338723835, -0.000455132336356], [0.000376494659577, -0.0013259104453, 0.00112397538032, -0.000569831987377, 0.00063303404022, -0.000701281358488, -0.00148217740934, -0.00108298438136, -0.000126468512462, -0.00600833352655, 0.0154695054516, -0.00626269727945, 0.00166920735501], [-0.000329797709128, 0.00129995518364, -0.00150843418669, 0.00125793146435, -0.000491846585646, -5.591693116e-05, 0.000569596886635, -0.00115912035108, 0.000985935679637, 0.00173338723835, -0.00626269727945, 0.0158979259431, -0.00800399854779], [0.00013234684593, -0.000615273253061, 0.000355771393515, -0.00165487523191, 0.000330139766447, 0.00061131187249, -0.000951438909397, 0.00104735558853, -0.00237275147811, -0.000455132336356, 0.00166920735501, -0.00800399854779, 0.0148193258792]]
    },
    "melbands": {
        "dmean": [0.00242180773057, 0.00122425204609, 0.000649636844173, 0.000371940870536, 0.000346478889696, 0.000284503417788, 0.00020147995383, 0.000135147594847, 0.000171458828845, 9.06668792595e-05, 6.99503070791e-05, 8.30569406389e-05, 5.94913981331e-05, 4.91440368933e-05, 5.43445676158e-05, 5.20824942214e-05, 5.14894454682e-05, 2.63984729827e-05, 2.82816090476e-05, 1.44136920426e-05, 1.04229820863e-05, 9.26908887777e-06, 8.79610615812e-06, 8.31860688777e-06, 6.69267001285e-06, 7.90125523054e-06, 6.75181217957e-06, 5.15375222676e-06, 3.60479225492e-06, 2.56810176325e-06, 1.90965010916e-06, 1.95054576579e-06, 1.56909277393e-06, 1.24216671793e-06, 9.05834156129e-07, 9.77546733338e-07, 1.04259083855e-06, 9.55013433668e-07, 7.90943261109e-07, 6.30732699847e-07],
        "dmean2": [0.0032324527856, 0.00196018093266, 0.00113469490316, 0.000643584353384, 0.000610228045844, 0.000464456708869, 0.000321393919876, 0.000203397037694, 0.000265979615506, 0.000138612755109, 0.000109363892989, 0.000131084641907, 9.52945119934e-05, 7.88740144344e-05, 8.4795494331e-05, 8.0907055235e-05, 7.73521605879e-05, 4.2091254727e-05, 4.5730797865e-05, 2.33799564739e-05, 1.6862859411e-05, 1.53390628839e-05, 1.39837911775e-05, 1.32655677589e-05, 1.03972051875e-05, 1.25595206555e-05, 1.05574345071e-05, 8.18823718873e-06, 5.67871893509e-06, 4.03376043323e-06, 2.98555983136e-06, 3.07207460537e-06, 2.45559476753e-06, 1.96488554138e-06, 1.39403402954e-06, 1.45887122471e-06, 1.55147563419e-06, 1.44921125411e-06, 1.19921583064e-06, 9.27815392515e-07],
        "dvar": [2.90992629743e-05, 1.07909509097e-05, 3.41552754435e-06, 9.21740934245e-07, 9.00499571799e-07, 3.99802161155e-07, 1.88779750943e-07, 8.74168151199e-08, 1.67656907024e-07, 5.92363704754e-08, 3.82108424901e-08, 5.38156825769e-08, 2.49803502328e-08, 2.01813534773e-08, 2.27424870047e-08, 2.38709407796e-08, 2.28538450386e-08, 4.11633038766e-09, 5.96059335223e-09, 1.23089416437e-09, 4.63299648645e-10, 3.25284660319e-10, 3.8319686313e-10, 5.00044505802e-10, 2.636884322e-10, 3.83922033054e-10, 2.4664589815e-10, 1.18441478847e-10, 5.19484802397e-11, 2.55049419084e-11, 2.18910271854e-11, 3.31494033612e-11, 1.34016860109e-11, 9.81499603814e-12, 3.62312502049e-12, 3.69596931185e-12, 4.62957710362e-12, 4.68106629847e-12, 3.19902806502e-12, 2.05289518024e-12],
        "dvar2": [5.09885176143e-05, 2.81514330709e-05, 9.72800899035e-06, 2.65165999735e-06, 2.60395268015e-06, 9.77047193373e-07, 4.49535576763e-07, 1.70695500401e-07, 4.16662174985e-07, 1.12823066445e-07, 8.75167174286e-08, 1.28257951815e-07, 5.96974061295e-08, 4.8796849228e-08, 5.12511952877e-08, 5.25757677394e-08, 4.57074662563e-08, 9.4450332e-09, 1.51523309455e-08, 2.92559643178e-09, 1.11130094016e-09, 8.49074643927e-10, 9.01062779946e-10, 1.22044951922e-09, 5.74373104634e-10, 8.99476049199e-10, 5.96139526632e-10, 2.83083473329e-10, 1.2851346376e-10, 6.14329073723e-11, 5.54153736787e-11, 8.41982039645e-11, 3.41475563104e-11, 2.5511951926e-11, 8.15127913084e-12, 8.72199014401e-12, 1.09860228553e-11, 1.07319448467e-11, 7.82794228743e-12, 4.8428136501e-12],
        "max": [0.0609752647579, 0.0354335159063, 0.0259900651872, 0.0140742054209, 0.0116813918576, 0.0122330579907, 0.00855035334826, 0.0116739748046, 0.0105091417208, 0.008604535833, 0.00548802502453, 0.00747345993295, 0.0038173191715, 0.0041550793685, 0.00406551267952, 0.00339035573415, 0.00435951352119, 0.00149814772885, 0.00256783864461, 0.000790865451563, 0.000438325369032, 0.000370831374312, 0.000655238458421, 0.000639705918729, 0.000540725653991, 0.000650613859762, 0.000313951546559, 0.000225452822633, 0.000131048989715, 8.1565194705e-05, 6.70833323966e-05, 6.70664521749e-05, 4.59274524474e-05, 3.75419622287e-05, 2.90106236207e-05, 3.09523820761e-05, 3.60657577403e-05, 3.93019581679e-05, 3.27314955939e-05, 2.83904155367e-05],
        "mean": [0.00447935564443, 0.00169095071033, 0.00076127727516, 0.000491117883939, 0.000432146945968, 0.000462822819827, 0.00033778953366, 0.000254754006164, 0.000318307080306, 0.000173840220668, 0.000137115071993, 0.000151108019054, 9.49210079852e-05, 8.14689919935e-05, 9.43097038544e-05, 8.49509597174e-05, 8.91791278264e-05, 4.58085196442e-05, 4.73135405628e-05, 2.24678497034e-05, 1.67932703334e-05, 1.55824036483e-05, 1.4897611436e-05, 1.41265154525e-05, 1.20581162264e-05, 1.45929452628e-05, 1.16790806715e-05, 8.75171917869e-06, 6.78147716826e-06, 4.80029893879e-06, 3.00529086417e-06, 2.72930901701e-06, 2.51536152973e-06, 2.00918088922e-06, 1.61133846177e-06, 1.9121484911e-06, 2.05650644602e-06, 1.70381611042e-06, 1.41591112879e-06, 1.08154006284e-06],
        "median": [0.00108714366797, 0.000602891494054, 0.000305824331008, 0.000209660778637, 0.000180504110176, 0.000144663979881, 0.000115134753287, 8.35172031657e-05, 7.78573521529e-05, 4.60092742287e-05, 3.28411224473e-05, 3.32788767992e-05, 2.43744434556e-05, 2.04705920623e-05, 2.16531134356e-05, 1.99253117898e-05, 2.10008693102e-05, 1.53019100253e-05, 1.33386220114e-05, 9.19687499845e-06, 6.92767571309e-06, 6.47748447591e-06, 6.85708300807e-06, 5.60307171327e-06, 3.93999334847e-06, 4.84399470224e-06, 3.77421292796e-06, 2.59168973571e-06, 2.23014239964e-06, 1.77005472324e-06, 1.06373590825e-06, 7.83806910931e-07, 7.08254560777e-07, 4.18314442641e-07, 3.04989328015e-07, 4.25487371558e-07, 4.96002257933e-07, 3.51322739789e-07, 2.61857735495e-07, 1.91037287323e-07],
        "min": [1.46048751499e-24, 1.25965200877e-24, 1.3816251889e-24, 6.68558335276e-25, 7.7791260054e-25, 1.14223795164e-24, 1.84481689953e-24, 2.02061652441e-24, 1.49410156841e-24, 1.41626653644e-24, 2.08511379202e-24, 2.10168874572e-24, 2.12193663579e-24, 2.8418680584e-24, 1.76936965091e-24, 1.76946372257e-24, 1.91973087818e-24, 2.99111462521e-24, 2.09678065038e-24, 2.02832625925e-24, 2.30236352152e-24, 3.60763801885e-24, 3.64725658566e-24, 2.91005542011e-24, 3.14236568758e-24, 3.84351492369e-24, 4.74037483114e-24, 3.6855620935e-24, 3.39602765875e-24, 4.30507349503e-24, 5.01862382178e-24, 3.91912763588e-24, 5.83557921928e-24, 5.41007593004e-24, 5.10028394168e-24, 4.70959623963e-24, 5.80316571355e-24, 5.37720527941e-24, 5.679523994e-24, 5.49481221304e-24],
        "var": [7.26524667698e-05, 1.13099922601e-05, 2.51908431892e-06, 7.89184184669e-07, 6.9378080525e-07, 8.59060833136e-07, 4.29420992987e-07, 3.35970355536e-07, 4.788751653e-07, 2.59653120338e-07, 1.47421346242e-07, 1.75387938839e-07, 5.61599726723e-08, 5.3679713119e-08, 6.75582256804e-08, 5.60244224346e-08, 6.79670009163e-08, 1.01136636843e-08, 1.36509665793e-08, 1.89746707235e-09, 8.30886637271e-10, 6.67393362797e-10, 7.68165975273e-10, 7.97704846622e-10, 6.81330436514e-10, 1.06005271228e-09, 5.24310928007e-10, 2.80471618153e-10, 1.28341975936e-10, 5.6924538e-11, 2.96747557083e-11, 3.56582229022e-11, 2.02820763656e-11, 1.45773063759e-11, 8.52562812015e-12, 1.22631496971e-11, 1.57329357875e-11, 1.17770420152e-11, 8.7029619622e-12, 4.6711367413e-12]
    },
    "mfcc": {
        "mean": [-664.739624023, 117.328765869, 1.28765892982, 18.2114448547, 5.70725679398, 3.5579624176, 4.82410478592, -1.51291716099, -0.908859431744, 5.87338447571, 2.6504971981, 3.19957137108, -1.31276607513],
        "cov": [[14680.6865234, 556.348571777, -127.057357788, 193.904266357, -65.0875473022, 45.7551841736, 99.1972045898, 50.1731491089, 44.8695411682, 139.41947937, -108.170585632, 51.1900978088, 135.573562622], [556.348571777, 2016.12548828, -8.96621227264, 97.4014663696, 98.0852661133, -5.55707406998, 79.7664871216, 38.7468070984, 23.1695823669, 32.2054252625, 71.0629882812, 16.1557388306, -22.4858207703], [-127.057357788, -8.96621227264, 687.081054688, 150.535171509, 118.845069885, 92.6081695557, 24.6924991608, 61.0039672852, 73.1047134399, -0.283513128757, 14.8874034882, 57.1633720398, 45.7065849304], [193.904266357, 97.4014663696, 150.535171509, 429.698028564, 168.090118408, 16.6679935455, -24.5151634216, -6.27208328247, 72.5338745117, 31.7247200012, -10.4738807678, 46.312915802, 34.6850662231], [-65.0875473022, 98.0852661133, 118.845069885, 168.090118408, 270.419158936, 93.4451141357, 3.1849834919, 41.0905761719, 58.4018173218, 32.0414276123, 11.6064081192, 23.324256897, 16.3199691772], [45.7551841736, -5.55707406998, 92.6081695557, 16.6679935455, 93.4451141357, 229.708145142, 87.1594161987, 51.4636116028, 47.2093429565, 26.5432567596, 38.4696121216, 17.5913028717, 7.46712303162], [99.1972045898, 79.7664871216, 24.6924991608, -24.5151634216, 3.1849834919, 87.1594161987, 173.432617188, 75.128074646, 22.3996295929, 33.0649490356, 54.508518219, 18.9927101135, 13.5104732513], [50.1731491089, 38.7468070984, 61.0039672852, -6.27208328247, 41.0905761719, 51.4636116028, 75.128074646, 166.381256104, 58.625213623, 23.7175540924, 34.9908943176, 19.1349220276, 31.2408332825], [44.8695411682, 23.1695823669, 73.1047134399, 72.5338745117, 58.4018173218, 47.2093429565, 22.3996295929, 58.625213623, 128.40423584, 43.7210617065, 6.99764966965, 23.7803058624, 25.8298034668], [139.41947937, 32.2054252625, -0.283513128757, 31.7247200012, 32.0414276123, 26.5432567596, 33.0649490356, 23.7175540924, 43.7210617065, 141.77180481, 69.3182144165, 11.7345237732, 11.1847381592], [-108.170585632, 71.0629882812, 14.8874034882, -10.4738807678, 11.6064081192, 38.4696121216, 54.508518219, 34.9908943176, 6.99764966965, 69.3182144165, 144.094329834, 35.3311653137, -5.90375137329], [51.1900978088, 16.1557388306, 57.1633720398, 46.312915802, 23.324256897, 17.5913028717, 18.9927101135, 19.1349220276, 23.7803058624, 11.7345237732, 35.3311653137, 98.0746078491, 40.3756065369], [135.573562622, -22.4858207703, 45.7065849304, 34.6850662231, 16.3199691772, 7.46712303162, 13.5104732513, 31.2408332825, 25.8298034668, 11.1847381592, -5.90375137329, 40.3756065369, 113.39894104]],
