{
"lowlevel": {
    "average_loudness": 0.890932738781,
    "barkbands_crest": {
        "dmean": 3.43453431129,
        "dmean2": 5.42683362961,
        "dvar": 10.3587837219,
        "dvar2": 22.875328064,
        "max": 26.6840591431,
        "mean": 12.3660974503,
        "median": 11.3261089325,
        "min": 2.58911561966,
        "var": 29.6708869934
    },
    "barkbands_flatness_db": {
        "dmean": 0.030047127977,
        "dmean2": 0.0429745949805,
        "dvar": 0.00093670404749,
        "dvar2": 0.00170419504866,
        "max": 0.623136222363,
        "mean": 0.150786310434,
        "median": 0.133632987738,
        "min": 0.0115485452116,
        "var": 0.00628643436357
    },
    "barkbands_kurtosis": {
        "dmean": 14.9336309433,
        "dmean2": 22.7750759125,
        "dvar": 10125.8916016,
        "dvar2": 23124.9921875,
        "max": 3079.95336914,
        "mean": 17.6167755127,
        "median": 2.29911184311,
        "min": -1.93740224838,
        "var": 11326.2060547
    },
    "barkbands_skewness": {
        "dmean": 0.984836578369,
        "dmean2": 1.42251527309,
        "dvar": 3.54098439217,
        "dvar2": 7.20285081863,
        "max": 48.5040397644,
        "mean": 2.05214691162,
        "median": 1.47126579285,
        "min": -4.8480758667,
        "var": 8.19940567017
    },
    "barkbands_spread": {
        "dmean": 8.07048797607,
        "dmean2": 12.1038169861,
        "dvar": 109.656936646,
        "dvar2": 231.258209229,
        "max": 119.285301208,
        "mean": 22.8437595367,
        "median": 18.8125324249,
        "min": 0.0367489270866,
        "var": 296.575897217
    },
    "dissonance": {
        "dmean": 0.0241288207471,
        "dmean2": 0.0395926460624,
        "dvar": 0.000575564394239,
        "dvar2": 0.00149516691454,
        "max": 0.500000059605,
        "mean": 0.454532533884,
        "median": 0.46423214674,
        "min": 0.14027403295,
        "var": 0.00136793788988
    },
    "dynamic_complexity": 4.83688163757,
    "erbbands_crest": {
        "dmean": 3.1683754921,
        "dmean2": 5.0098028183,
        "dvar": 8.59052181244,
        "dvar2": 20.2527828217,
        "max": 30.1417102814,
        "mean": 9.96570301056,
        "median": 8.81350231171,
        "min": 2.12001442909,
        "var": 25.3094272614
    },
    "erbbands_flatness_db": {
        "dmean": 0.0228245574981,
        "dmean2": 0.0321304313838,
        "dvar": 0.000469655991765,
        "dvar2": 0.000873575743753,
        "max": 0.425646185875,
        "mean": 0.148941144347,
        "median": 0.138512045145,
        "min": 0.0348643101752,
        "var": 0.00385856768116
    },
    "erbbands_kurtosis": {
        "dmean": 1.62769901752,
        "dmean2": 2.51250195503,
        "dvar": 7.24174642563,
        "dvar2": 15.6846723557,
        "max": 59.5245399475,
        "mean": 1.3735063076,
        "median": 0.276346445084,
        "min": -1.87311959267,
        "var": 14.1305274963
    },
    "erbbands_skewness": {
        "dmean": 0.505028128624,
        "dmean2": 0.753586411476,
        "dvar": 0.253823429346,
        "dvar2": 0.532965540886,
        "max": 7.25727891922,
        "mean": 0.54415756464,
        "median": 0.47900262475,
        "min": -3.65265870094,
        "var": 0.938500583172
    },
    "erbbands_spread": {
        "dmean": 11.4703474045,
        "dmean2": 17.1619186401,
        "dvar": 154.153533936,
        "dvar2": 341.316711426,
        "max": 179.896484375,
        "mean": 38.9140205383,
        "median": 34.6391410828,
        "min": 2.00153136253,
        "var": 471.079345703
    },
    "hfc": {
        "dmean": 15.9624500275,
        "dmean2": 23.4621181488,
        "dvar": 982.521850586,
        "dvar2": 2035.42907715,
        "max": 467.062133789,
        "mean": 27.3908615112,
        "median": 14.6162252426,
        "min": 1.10939855717e-16,
        "var": 1531.85253906
    },
    "melbands_crest": {
        "dmean": 4.09926843643,
        "dmean2": 6.06095600128,
        "dvar": 13.2342920303,
        "dvar2": 29.6329956055,
        "max": 38.805896759,
        "mean": 16.9962692261,
        "median": 15.902929306,
        "min": 1.49785351753,
        "var": 51.858291626
    },
    "melbands_flatness_db": {
        "dmean": 0.037053860724,
        "dmean2": 0.0520331896842,
        "dvar": 0.00139935663901,
        "dvar2": 0.00250425585546,
        "max": 0.77057158947,
        "mean": 0.219419896603,
        "median": 0.205319553614,
        "min": 0.00379309710115,
        "var": 0.00951810367405
    },
    "melbands_kurtosis": {
        "dmean": 17.8592643738,
        "dmean2": 26.8794994354,
        "dvar": 3288.60375977,
        "dvar2": 6627.22509766,
        "max": 2279.22045898,
        "mean": 27.9709281921,
        "median": 8.45201301575,
        "min": -1.85761296749,
        "var": 6871.31787109
    },
    "melbands_skewness": {
        "dmean": 1.1337133646,
        "dmean2": 1.64633953571,
        "dvar": 1.93274533749,
        "dvar2": 3.77974534035,
        "max": 33.4719848633,
        "mean": 3.07973694801,
        "median": 2.48452758789,
        "min": -2.52674937248,
        "var": 7.38496112823
    },
    "melbands_spread": {
        "dmean": 9.92672252655,
        "dmean2": 15.1658067703,
        "dvar": 304.936920166,
        "dvar2": 636.936157227,
        "max": 258.643951416,
        "mean": 24.3174495697,
        "median": 18.3741798401,
        "min": 0.0766346007586,
        "var": 688.135070801
    },
    "pitch_salience": {
        "dmean": 0.0996019989252,
        "dmean2": 0.155759826303,
        "dvar": 0.0101737827063,
        "dvar2": 0.0229061786085,
        "max": 0.946471691132,
        "mean": 0.486159741879,
        "median": 0.491504460573,
        "min": 0.0181561242789,
        "var": 0.0262701548636
    },
    "silence_rate_20dB": {
        "dmean": 0.000246093259193,
        "dmean2": 0.000492247112561,
        "dvar": 0.000246054900344,
        "dvar2": 0.000738217204344,
        "max": 1,
        "mean": 0.999876976013,
        "median": 1,
        "min": 0,
        "var": 0.000123010613606
    },
    "silence_rate_30dB": {
        "dmean": 0.0757967233658,
        "dmean2": 0.151612102985,
        "dvar": 0.0700492858887,
        "dvar2": 0.142411142588,
        "max": 1,
        "mean": 0.903174221516,
        "median": 1,
        "min": 0,
        "var": 0.0874533802271
    },
    "silence_rate_60dB": {
        "dmean": 0.0509413070977,
        "dmean2": 0.101895153522,
        "dvar": 0.0483455955982,
        "dvar2": 0.105289392173,
        "max": 1,
        "mean": 0.14443898201,
        "median": 0,
        "min": 0,
        "var": 0.123586550355
    },
    "spectral_centroid": {
        "dmean": 329.48626709,
        "dmean2": 496.580780029,
        "dvar": 188629.8125,
        "dvar2": 368604.90625,
        "max": 11581.9980469,
        "mean": 1367.59411621,
        "median": 1208.28222656,
        "min": 68.3863220215,
        "var": 1170891
    },
    "spectral_complexity": {
        "dmean": 4.68266296387,
        "dmean2": 6.78144216537,
        "dvar": 38.765586853,
        "dvar2": 76.1571121216,
        "max": 62,
        "mean": 15.2807579041,
        "median": 14,
        "min": 0,
        "var": 117.607444763
    },
    "spectral_decrease": {
        "dmean": 4.88348028682e-09,
        "dmean2": 6.62025412268e-09,
        "dvar": 6.10895646381e-17,
        "dvar2": 1.0057308565e-16,
        "max": 3.05830638592e-10,
        "mean": -9.62571622409e-09,
        "median": -4.72220129666e-09,
        "min": -1.00701669226e-07,
        "var": 1.55431670787e-16
    },
    "spectral_energy": {
        "dmean": 0.019478328526,
        "dmean2": 0.0264720078558,
        "dvar": 0.000919175159652,
        "dvar2": 0.00151802180335,
        "max": 0.383021116257,
        "mean": 0.0388140454888,
        "median": 0.0201376173645,
        "min": 1.0143887104e-20,
        "var": 0.00235537230037
    },
    "spectral_energyband_high": {
        "dmean": 0.0012778629316,
        "dmean2": 0.0019047454698,
        "dvar": 8.77592356119e-06,
        "dvar2": 1.82224539458e-05,
        "max": 0.0465742908418,
        "mean": 0.00159964978229,
        "median": 0.00035728351213,
        "min": 7.27652528728e-21,
        "var": 1.21908742585e-05
    },
    "spectral_energyband_low": {
        "dmean": 0.0146615318954,
        "dmean2": 0.0196387637407,
        "dvar": 0.000863512221258,
        "dvar2": 0.00144389097113,
        "max": 0.374673575163,
        "mean": 0.0224983803928,
        "median": 0.00467877695337,
        "min": 1.0979041857e-23,
        "var": 0.00183243013453
    },
    "spectral_energyband_middle_high": {
        "dmean": 0.00260365032591,
        "dmean2": 0.00401495862752,
        "dvar": 1.9288076146e-05,
        "dvar2": 4.46186531917e-05,
        "max": 0.109676577151,
        "mean": 0.00558651611209,
        "median": 0.0027444222942,
        "min": 1.1722264035e-21,
        "var": 7.6007017924e-05
    },
    "spectral_energyband_middle_low": {
        "dmean": 0.00659264158458,
        "dmean2": 0.0111081749201,
        "dvar": 0.000146859703818,
        "dvar2": 0.000392959947931,
        "max": 0.146740481257,
        "mean": 0.00983013957739,
        "median": 0.00549983326346,
        "min": 1.46649204415e-22,
        "var": 0.000161826392286
    },
    "spectral_entropy": {
        "dmean": 0.237773552537,
        "dmean2": 0.334166973829,
        "dvar": 0.0584157779813,
        "dvar2": 0.111640885472,
        "max": 9.82262420654,
        "mean": 7.57456922531,
        "median": 7.62944459915,
        "min": 4.78849744797,
        "var": 0.421551704407
    },
    "spectral_flux": {
        "dmean": 0.0418067835271,
        "dmean2": 0.0643189176917,
        "dvar": 0.00293473014608,
        "dvar2": 0.00575526291505,
        "max": 0.494312912226,
        "mean": 0.101463831961,
        "median": 0.080551803112,
        "min": 6.4100606767e-11,
        "var": 0.00654573133215
    },
    "spectral_kurtosis": {
        "dmean": 1.802328825,
        "dmean2": 2.83885574341,
        "dvar": 9.88674736023,
        "dvar2": 24.3722629547,
        "max": 89.2638092041,
        "mean": 4.90618228912,
        "median": 3.75538372993,
        "min": -1.26774477959,
        "var": 29.7486991882
    },
    "spectral_rms": {
        "dmean": 0.00137465994339,
        "dmean2": 0.00181900220923,
        "dvar": 2.8090169053e-06,
        "dvar2": 4.44620764029e-06,
        "max": 0.0193307809532,
        "mean": 0.00512206740677,
        "median": 0.0044324323535,
        "min": 3.14586637989e-12,
        "var": 1.16318778964e-05
    },
    "spectral_rolloff": {
        "dmean": 789.333312988,
        "dmean2": 1291.95336914,
        "dvar": 2575306.75,
        "dvar2": 5172435,
        "max": 19487.5488281,
        "mean": 1766.67785645,
        "median": 1055.12695312,
        "min": 43.06640625,
        "var": 6940508
    },
    "spectral_skewness": {
        "dmean": 0.267005950212,
        "dmean2": 0.402884066105,
        "dvar": 0.0941393151879,
        "dvar2": 0.206503838301,
        "max": 7.5666437149,
        "mean": 1.70424389839,
        "median": 1.64173853397,
        "min": -0.0800114497542,
        "var": 0.415922194719
    },
    "spectral_spread": {
        "dmean": 842966.125,
        "dmean2": 1192495,
        "dvar": 1.19900235366e+12,
        "dvar2": 2.26794720461e+12,
        "max": 43064420,
        "mean": 5908626.5,
        "median": 5460374,
        "min": 959553.1875,
        "var": 1.2354267906e+13
    },
    "spectral_strongpeak": {
        "dmean": 0.529882192612,
        "dmean2": 0.855055034161,
        "dvar": 0.942000508308,
        "dvar2": 2.20257616043,
        "max": 13.1885194778,
        "mean": 0.902089655399,
        "median": 0.430880367756,
        "min": 0,
        "var": 1.86457502842
    },
    "zerocrossingrate": {
        "dmean": 0.0173907317221,
        "dmean2": 0.0194917116314,
        "dvar": 0.000661314930767,
        "dvar2": 0.000714134075679,
        "max": 0.69189453125,
        "mean": 0.0686017721891,
        "median": 0.05224609375,
        "min": 0.00146484375,
        "var": 0.00451174238697
    },
    "barkbands": {
        "dmean": [0.000464299315354, 0.0130447410047, 0.00327863614075, 0.00121460296214, 0.00316817313433, 0.00104724150151, 0.000763052492402, 0.00106187828351, 0.000934004958253, 0.000621024519205, 0.000493031577207, 0.000620963517576, 0.000575085519813, 0.000408961583162, 0.000323692715028, 0.000290659692837, 0.000216043219552, 0.000122813202324, 0.000186675431905, 0.000188056874322, 0.000142804361531, 0.00020977006352, 0.00022010167595, 0.000260047760094, 0.000236630978179, 0.000162030904903, 6.63781611365e-05],
        "dmean2": [0.000531006138772, 0.0179979354143, 0.00577679509297, 0.00218299310654, 0.00566185917705, 0.00176393811125, 0.00121751741972, 0.00166792562231, 0.00143315386958, 0.000939280434977, 0.000781308859587, 0.00103568879422, 0.000919484067708, 0.000670912966598, 0.000503626826685, 0.000436656380771, 0.000340799218975, 0.000196977736778, 0.000311067298753, 0.000306828820612, 0.000225458541536, 0.000315204641083, 0.000336459517712, 0.000394952483475, 0.000360632315278, 0.000237094805925, 9.93724243017e-05],
        "dvar": [9.00365705547e-07, 0.000903252337594, 6.8745612225e-05, 1.28063475131e-05, 5.79677107453e-05, 4.32524257121e-06, 2.63288188762e-06, 6.67781068842e-06, 8.00220732344e-06, 5.48671914657e-06, 2.12778286368e-06, 3.45122521139e-06, 3.41706140716e-06, 8.74373483839e-07, 7.59041768106e-07, 4.77740741189e-07, 2.59458204255e-07, 5.61688580092e-08, 1.96199593461e-07, 1.9209801394e-07, 1.21421734889e-07, 2.84268992345e-07, 3.11395865538e-07, 3.95580428858e-07, 3.57960487918e-07, 2.01858668447e-07, 5.79838399517e-08],
        "dvar2": [1.32177001433e-06, 0.00164292310365, 0.000190229795408, 3.62854698324e-05, 0.000159540883033, 1.0996549463e-05, 6.19181173533e-06, 1.54103654495e-05, 1.80336937774e-05, 1.1955019545e-05, 5.03420051245e-06, 8.82652329892e-06, 8.25545430416e-06, 2.09096424442e-06, 1.73599278241e-06, 9.14257611839e-07, 5.92691094425e-07, 1.33133639224e-07, 5.16975831033e-07, 4.95970027714e-07, 2.8094362392e-07, 5.7938387954e-07, 7.13505244221e-07, 8.74267072959e-07, 7.35672756491e-07, 3.83377027902e-07, 1.06520964493e-07],
        "max": [0.0224357042462, 0.363525688648, 0.0952724888921, 0.0429353639483, 0.0650035366416, 0.027717364952, 0.0293620862067, 0.0496532134712, 0.0653134509921, 0.10209710896, 0.042362831533, 0.0628967732191, 0.0743517130613, 0.0261865220964, 0.0246173795313, 0.0206617116928, 0.0118415048346, 0.00348514504731, 0.0049505084753, 0.00649344548583, 0.0057443450205, 0.017732096836, 0.00942586828023, 0.0107164354995, 0.00961504504085, 0.00854742061347, 0.00528053566813],
        "mean": [0.000790548452642, 0.0181547682732, 0.00294482521713, 0.00114818685688, 0.00306944199838, 0.00129913480487, 0.00113128498197, 0.00171692739241, 0.00130840868223, 0.00123687204905, 0.000667650194373, 0.000804855779279, 0.00075655139517, 0.000530904333573, 0.000415503862314, 0.000429913081462, 0.000305068795569, 0.000161170741194, 0.000214520463487, 0.000223353359615, 0.000159792005434, 0.000282308988972, 0.000242920301389, 0.000299725943478, 0.000272954202956, 0.000175112509169, 7.14737689123e-05],
        "median": [3.62869686796e-05, 0.00274065462872, 0.000370265275706, 9.39694509725e-05, 0.000924971885979, 0.000378460506909, 0.000365194369806, 0.000303821172565, 0.000261916371528, 0.000200004142243, 0.00014811087749, 0.000181514769793, 0.000173731037648, 0.000137420982355, 0.000101041245216, 0.000132614484755, 0.000102095866168, 4.82495088363e-05, 7.71139093558e-05, 7.44316494092e-05, 3.63228537026e-05, 6.90644228598e-05, 3.70397829101e-05, 4.38628412667e-05, 3.570944682e-05, 1.56443911692e-05, 3.13473515234e-06],
        "min": [3.93463777527e-25, 4.9160951755e-24, 3.012801792e-25, 2.81750310327e-24, 1.20254642701e-23, 1.41476681325e-23, 7.51852915802e-24, 1.09474258897e-23, 1.78183814972e-23, 2.18063652516e-23, 1.52555112556e-23, 1.92113883712e-23, 4.57098825099e-23, 3.76745895055e-23, 4.10809066715e-23, 6.78149199665e-23, 5.1691543386e-23, 1.12081963259e-22, 1.45962529396e-22, 1.9911967537e-22, 2.6016731104e-22, 3.19794870863e-22, 4.57444156849e-22, 6.41863781592e-22, 1.00444727575e-21, 1.35745538691e-21, 1.99221543187e-21],
        "var": [2.70693203674e-06, 0.00156817154493, 5.00068636029e-05, 9.58901091508e-06, 4.25194666605e-05, 5.15461533723e-06, 4.73279305879e-06, 1.80187525984e-05, 1.4208392713e-05, 3.38702884619e-05, 3.27162979374e-06, 4.74495482194e-06, 4.9626364671e-06, 1.3892977222e-06, 1.07282994577e-06, 9.9531291653e-07, 4.33014719192e-07, 8.44632523922e-08, 1.74549370513e-07, 1.93412859062e-07, 1.44431012927e-07, 4.86877695494e-07, 3.67904533505e-07, 5.14773432769e-07, 4.75683265222e-07, 2.61729695694e-07, 7.54999334163e-08]
    },
    "erbbands": {
        "dmean": [0.445530891418, 2.8241379261, 4.06541776657, 3.80496883392, 7.05335998535, 11.7543125153, 9.78268241882, 8.77187728882, 9.04919052124, 15.1059885025, 22.7784767151, 21.5517063141, 18.401594162, 18.2197475433, 19.7663478851, 22.1690006256, 25.8156509399, 18.7444286346, 18.3355884552, 15.5279140472, 15.2634525299, 12.4403810501, 7.45846939087, 7.53247451782, 10.4032335281, 8.11992645264, 5.78669309616, 5.6199798584, 7.2108745575, 7.35813188553, 6.61700963974, 5.37534379959, 4.34484815598, 2.92958664894, 1.56439244747, 0.752699017525, 0.29078528285, 0.0712938010693, 0.0131669929251, 0.000500589434523],
        "dmean2": [0.589540362358, 4.11178779602, 6.75204372406, 6.67062234879, 12.689868927, 21.2539081573, 16.8563938141, 14.5323314667, 14.4247779846, 24.3443126678, 35.2330513, 32.9905204773, 28.1090507507, 27.7018890381, 32.7112541199, 36.7594604492, 40.8375015259, 30.5781078339, 28.9758834839, 23.7736854553, 22.4696044922, 19.7190341949, 11.9610128403, 12.2323484421, 17.404214859, 13.1158771515, 9.26835536957, 8.5418510437, 10.7276773453, 11.4306383133, 10.1003313065, 8.10041904449, 6.73450279236, 4.49687051773, 2.37516903877, 1.10539877415, 0.430496126413, 0.104453593493, 0.0194522496313, 0.000747756974306],
        "dvar": [1.08269417286, 44.6269836426, 90.7058639526, 111.658676147, 303.494598389, 845.659484863, 444.845397949, 308.172332764, 308.124786377, 926.173706055, 2996.40698242, 4401.19384766, 5468.01171875, 3078.33935547, 3416.36254883, 3830.69995117, 5925.47998047, 1924.47521973, 2004.68579102, 1497.96740723, 1245.8013916, 935.403930664, 214.771987915, 253.406417847, 698.94732666, 339.558807373, 191.796920776, 198.217086792, 345.253112793, 346.299682617, 286.698883057, 177.15296936, 111.20160675, 52.137928009, 17.415353775, 4.36282157898, 0.699580073357, 0.0521165132523, 0.00237354752608, 3.2557720715e-06],
        "dvar2": [1.91308534145, 87.3292999268, 241.982467651, 313.446075439, 826.953125, 2351.12182617, 1199.96972656, 744.789123535, 738.963317871, 2244.01635742, 6750.33496094, 9597.59472656, 12837.1123047, 7111.90820312, 9009.30664062, 9456.87109375, 13764.2441406, 4813.43652344, 4826.32080078, 3279.70458984, 2198.11914062, 2158.39086914, 512.607971191, 633.222351074, 1876.79052734, 866.693969727, 460.958557129, 426.171478271, 677.81451416, 822.97277832, 656.729003906, 384.71105957, 249.446350098, 110.334884644, 36.3150787354, 8.46860790253, 1.38835704327, 0.095149628818, 0.00435945484787, 6.37121047475e-06],
        "max": [13.0318613052, 76.109046936, 130.197158813, 148.018112183, 296.082122803, 255.34286499, 235.251708984, 297.008392334, 296.726135254, 500.440765381, 979.939697266, 1664.8359375, 3322.21704102, 1800.49536133, 1971.15466309, 2250.60424805, 2845.15795898, 1116.76916504, 1075.1809082, 834.494812012, 1251.31799316, 679.786437988, 206.046951294, 187.238479614, 291.825012207, 276.387756348, 291.284576416, 260.561035156, 677.996887207, 440.310943604, 281.201538086, 245.436431885, 179.159805298, 114.051925659, 82.5992889404, 36.1994094849, 16.053358078, 5.2896490097, 1.24426269531, 0.0358720496297],
        "mean": [0.645161211491, 3.54389643669, 4.1204419136, 3.69755101204, 6.47610187531, 10.8712873459, 11.3089170456, 11.6323881149, 13.9740781784, 23.0006961823, 37.8863372803, 31.4746646881, 34.7413368225, 32.5699386597, 26.4230155945, 29.9216327667, 35.8843765259, 25.4916763306, 25.5894908905, 22.8358974457, 23.5654850006, 18.3435020447, 10.257853508, 9.19034290314, 11.8371715546, 9.96897506714, 6.61775350571, 6.70964431763, 10.0254173279, 8.5076417923, 7.17209720612, 6.0439043045, 5.04224872589, 3.33834886551, 1.78286087513, 0.829497933388, 0.304034203291, 0.0774371251464, 0.0142016299069, 0.000561804161407],
        "median": [0.0533324480057, 0.585863471031, 0.724923729897, 0.490030288696, 1.20185673237, 3.07448959351, 3.1126832962, 3.66260457039, 5.36655902863, 7.3173956871, 7.55417823792, 7.64740371704, 7.38948822021, 8.39704227448, 7.86606788635, 7.63611650467, 8.77827835083, 7.59857559204, 8.29319953918, 7.57706260681, 8.18260765076, 6.28796863556, 3.45337677002, 3.21902275085, 4.24966478348, 3.50530719757, 1.91111731529, 1.48982620239, 2.51535892487, 1.78668308258, 0.990421056747, 0.82283115387, 0.746520638466, 0.449684113264, 0.219512939453, 0.0863214731216, 0.0241011120379, 0.00479820370674, 0.000657106982544, 5.71416167077e-05],
        "min": [1.7190027596e-22, 5.01293564556e-22, 1.27905962708e-21, 8.07892198541e-21, 1.9943702616e-20, 3.1759321738e-20, 2.18794118782e-20, 1.17218472135e-19, 8.41434679341e-20, 2.17274316578e-19, 3.69824231765e-19, 3.70938004611e-19, 5.55646427267e-19, 7.59738043971e-19, 7.37136884697e-19, 8.63942483529e-19, 1.72525887541e-18, 2.35692108132e-18, 2.38459109999e-18, 3.81271036255e-18, 3.82599943268e-18, 4.31482677875e-18, 5.48808321599e-18, 6.00745999644e-18, 9.23913843081e-18, 8.68972506795e-18, 9.42246977869e-18, 1.11700625306e-17, 1.17595924988e-17, 1.00089077458e-17, 1.19373635386e-17, 1.23486807526e-17, 1.09149070902e-17, 8.56704094822e-18, 6.76926108056e-18, 4.35223684914e-18, 2.23494192626e-18, 1.00890578248e-18, 2.38083130561e-19, 2.75046310156e-20],
        "var": [2.05172371864, 65.286781311, 77.9897537231, 82.3614273071, 247.838439941, 580.102783203, 427.540802002, 422.938201904, 557.149230957, 1687.49731445, 7671.10253906, 8483.90429688, 20732.4609375, 9104.69726562, 4395.38085938, 5871.32128906, 9802.46875, 2725.05786133, 2866.5925293, 2562.25390625, 2992.83276367, 1553.85766602, 327.12399292, 273.28616333, 587.105834961, 358.165985107, 220.075256348, 273.027587891, 621.071777344, 432.698822021, 332.967895508, 227.96685791, 144.543136597, 69.6773605347, 22.1313591003, 5.64007139206, 0.856779634953, 0.0681299120188, 0.00307033397257, 4.11505743614e-06]
    },
    "gfcc": {
        "mean": [-26.2800006866, 70.4345550537, -101.312309265, 17.4081058502, -54.2787246704, 15.3313312531, -36.2376785278, 10.2647237778, -17.4723033905, 6.07198762894, -12.2719316483, 2.32060861588, -8.13851737976],
        "cov": [[23535.5585938, -1552.14367676, -185.801101685, 522.88494873, -137.725265503, 1121.22705078, 141.390060425, 372.824493408, -101.81602478, 373.190155029, -338.906280518, 158.488021851, -321.302947998], [-1552.14367676, 2137.65063477, -99.0097961426, 51.3208427429, 326.88760376, -135.906326294, 184.293060303, -69.0527648926, 43.3027458191, -104.596359253, 144.230529785, -57.0407600403, 84.5937194824], [-185.801101685, -99.0097961426, 1550.72229004, 480.044677734, 416.375518799, 330.075775146, 161.834899902, 84.5329437256, 50.270778656, 75.7330703735, 86.6300430298, 95.8182907104, 0.610448360443], [522.88494873, 51.3208427429, 480.044677734, 578.122558594, 217.674194336, 165.534317017, 67.7188873291, 53.2169647217, 62.100692749, 49.6352767944, 11.2485818863, 24.894241333, 29.5238246918], [-137.725265503, 326.88760376, 416.375518799, 217.674194336, 511.087371826, 203.317108154, 235.889663696, 77.4236984253, 123.634620667, 50.7188339233, 87.1922531128, 38.512752533, 21.4160308838], [1121.22705078, -135.906326294, 330.075775146, 165.534317017, 203.317108154, 409.401672363, 230.658203125, 130.008361816, 70.8044586182, 105.715835571, 40.161605835, 56.1171226501, -8.05860900879], [141.390060425, 184.293060303, 161.834899902, 67.7188873291, 235.889663696, 230.658203125, 398.747680664, 120.128463745, 87.4711837769, 51.0168457031, 78.6328048706, 44.562538147, -1.09393906593], [372.824493408, -69.0527648926, 84.5329437256, 53.2169647217, 77.4236984253, 130.008361816, 120.128463745, 202.396057129, 108.133575439, 79.7278747559, 34.4891090393, 35.1636543274, 5.32129001617], [-101.81602478, 43.3027458191, 50.270778656, 62.100692749, 123.634620667, 70.8044586182, 87.4711837769, 108.133575439, 204.181777954, 90.0364227295, 39.5367279053, 27.1784496307, 28.3171920776], [373.190155029, -104.596359253, 75.7330703735, 49.6352767944, 50.7188339233, 105.715835571, 51.0168457031, 79.7278747559, 90.0364227295, 159.858734131, 45.0712432861, 16.7708969116, 2.11018800735], [-338.906280518, 144.230529785, 86.6300430298, 11.2485818863, 87.1922531128, 40.161605835, 78.6328048706, 34.4891090393, 39.5367279053, 45.0712432861, 139.94984436, 53.2812995911, 23.289768219], [158.488021851, -57.0407600403, 95.8182907104, 24.894241333, 38.512752533, 56.1171226501, 44.562538147, 35.1636543274, 27.1784496307, 16.7708969116, 53.2812995911, 137.047851562, 41.8759231567], [-321.302947998, 84.5937194824, 0.610448360443, 29.5238246918, 21.4160308838, -8.05860900879, -1.09393906593, 5.32129001617, 28.3171920776, 2.11018800735, 23.289768219, 41.8759231567, 104.527709961]],
        "icov": [[6.41966616968e-05, -6.51566506349e-06, 6.9372697908e-05, -7.02431134414e-05, 9.35504613153e-06, -0.000206066644751, 6.89816370141e-05, -6.45592081128e-05, 0.000122995654237, -0.000130241940496, 0.000198783774977, -0.000186040444532, 0.000207793986192], [-6.51566506349e-06, 0.000740528514143, 0.000123795936815, -0.000104277547507, -0.000488286430482, 0.000423151563155, -0.000365226966096, 0.000223042108701, -7.50758772483e-05, 0.00056964205578, -0.000858600717038, 0.00072472699685, -0.000563312962186], [6.9372697908e-05, 0.000123795936815, 0.00120373326354, -0.000715424248483, -0.000704969803337, -0.000619877129793, 0.000348590518115, -8.16291067167e-05, 0.000529150827788, -5.16009167768e-05, -0.000215255044168, -0.000561750784982, 0.000543247791938], [-7.02431134414e-05, -0.000104277547507, -0.000715424248483, 0.00272721657529, -0.000553843623493, -0.000322983774822, 0.000354868971044, -3.17003505188e-05, -0.000321074068779, -0.000123565958347, 0.000554558180738, 0.000390244269511, -0.000994173809886], [9.35504613153e-06, -0.000488286430482, -0.000704969803337, -0.000553843623493, 0.00442785676569, -0.000939876656048, -0.00123585283291, 0.000768263591453, -0.00200158893131, 0.000705289538018, -0.000773515668698, 0.000294828758342, 0.000135009555379], [-0.000206066644751, 0.000423151563155, -0.000619877129793, -0.000322983774822, -0.000939876656048, 0.0064682229422, -0.00271366909146, -0.00105157715734, 0.00103815982584, -0.00214395788498, 0.000594594981521, -0.000383931328543, -0.000381289515644], [6.89816370141e-05, -0.000365226966096, 0.000348590518115, 0.000354868971044, -0.00123585283291, -0.00271366909146, 0.00539272883907, -0.0015274125617, -0.000216802436626, 0.00100949383341, -0.00108196632937, -0.00041782608605, 0.00103035289794], [-6.45592081128e-05, 0.000223042108701, -8.16291067167e-05, -3.17003505188e-05, 0.000768263591453, -0.00105157715734, -0.0015274125617, 0.00895770359784, -0.00372549635358, -0.000936839613132, -0.000379764969693, -0.000416601687903, 0.000199684858671], [0.000122995654237, -7.50758772483e-05, 0.000529150827788, -0.000321074068779, -0.00200158893131, 0.00103815982584, -0.000216802436626, -0.00372549635358, 0.00985759589821, -0.00440673343837, 0.00122528965585, -0.000807908421848, -0.00132691673934], [-0.000130241940496, 0.00056964205578, -5.16009167768e-05, -0.000123565958347, 0.000705289538018, -0.00214395788498, 0.00100949383341, -0.000936839613132, -0.00440673343837, 0.0118323061615, -0.00441640941426, 0.00218536634929, -1.42267372212e-05], [0.000198783774977, -0.000858600717038, -0.000215255044168, 0.000554558180738, -0.000773515668698, 0.000594594981521, -0.00108196632937, -0.000379764969693, 0.00122528965585, -0.00441640941426, 0.0124503104016, -0.00473103486001, 0.000241367102717], [-0.000186040444532, 0.00072472699685, -0.000561750784982, 0.000390244269511, 0.000294828758342, -0.000383931328543, -0.00041782608605, -0.000416601687903, -0.000807908421848, 0.00218536634929, -0.00473103486001, 0.0116433883086, -0.00477420073003], [0.000207793986192, -0.000563312962186, 0.000543247791938, -0.000994173809886, 0.000135009555379, -0.000381289515644, 0.00103035289794, 0.000199684858671, -0.00132691673934, -1.42267372212e-05, 0.000241367102717, -0.00477420073003, 0.0131012676284]]
    },
    "melbands": {
        "dmean": [0.0038134267088, 0.00250962167047, 0.000711940869223, 0.000729643274099, 0.000378586555598, 0.000192427760339, 0.000143749144627, 0.000192173974938, 0.00018099717272, 0.000136147544254, 9.57635929808e-05, 7.95929008746e-05, 6.21644139756e-05, 6.65567567921e-05, 6.24098611297e-05, 6.17568002781e-05, 3.43953470292e-05, 3.32339695888e-05, 2.54770038737e-05, 2.09015543078e-05, 1.77255606104e-05, 1.48549206642e-05, 7.60802231525e-06, 5.55692986381e-06, 6.19565753368e-06, 8.31274610391e-06, 7.76055276219e-06, 5.09125857207e-06, 3.52996835318e-06, 3.78609524887e-06, 3.23109497913e-06, 4.07984362027e-06, 4.50839661426e-06, 3.90167542719e-06, 4.14754822486e-06, 3.25604059981e-06, 3.31208821081e-06, 3.01457271235e-06, 3.12039765049e-06, 2.26841962103e-06],
        "dmean2": [0.00516009610146, 0.0036729616113, 0.00124295963906, 0.00131303421222, 0.000659363402519, 0.000319771002978, 0.000229198762099, 0.000307251670165, 0.000280403648503, 0.000209013218409, 0.000146534497617, 0.00012024861644, 0.000101381810964, 0.00011256338621, 0.000101896082924, 9.7772332083e-05, 5.68188334e-05, 5.33675447514e-05, 3.9419188397e-05, 3.17714984703e-05, 2.66757197096e-05, 2.35961033468e-05, 1.211680501e-05, 9.04958596948e-06, 1.00623083199e-05, 1.40741458381e-05, 1.30160096887e-05, 8.20366312837e-06, 5.67776942262e-06, 6.19240836386e-06, 4.83631947645e-06, 6.12690291746e-06, 6.98000349075e-06, 6.15544740867e-06, 6.44896363156e-06, 4.87200713906e-06, 5.05334492118e-06, 4.71164003102e-06, 4.86703720526e-06, 3.48080402546e-06],
        "dvar": [7.86275049904e-05, 2.78184470517e-05, 3.48144385498e-06, 3.44453792422e-06, 6.67720826186e-07, 1.42037563933e-07, 8.23676771233e-08, 1.56887452363e-07, 1.88855509009e-07, 1.94497999928e-07, 1.47490013092e-07, 6.06194134889e-08, 3.46085933245e-08, 3.42626513827e-08, 5.04656831879e-08, 5.26410168789e-08, 6.78447298341e-09, 7.33498728422e-09, 5.56158186171e-09, 2.90357160537e-09, 1.88297355486e-09, 1.41708622614e-09, 2.24250562564e-10, 1.29411134586e-10, 1.62246938107e-10, 4.50291720577e-10, 3.74280689774e-10, 1.30237487461e-10, 6.9335703845e-11, 1.02525585244e-10, 6.8660105379e-11, 1.17577031444e-10, 1.31524735547e-10, 1.05261292738e-10, 1.24505211696e-10, 6.57206164489e-11, 6.89740695115e-11, 5.35512745259e-11, 5.9876555103e-11, 3.25262525247e-11],
        "dvar2": [0.000140931020724, 6.21007493464e-05, 9.70489600149e-06, 9.48606611928e-06, 1.82475548627e-06, 3.49523105569e-07, 1.94914846929e-07, 3.7243316342e-07, 4.17604070435e-07, 4.18880432562e-07, 3.42203179571e-07, 1.36413007112e-07, 8.69843148621e-08, 9.90526771716e-08, 1.11907148437e-07, 1.26852086169e-07, 1.6983735307e-08, 1.77107821742e-08, 1.2583615927e-08, 6.35486774314e-09, 3.41572059526e-09, 3.26520654959e-09, 5.335555886e-10, 3.20401344345e-10, 3.99308169863e-10, 1.21070764525e-09, 9.97377180845e-10, 3.29760829754e-10, 1.65263899787e-10, 2.53060267186e-10, 1.4103086754e-10, 2.31980212817e-10, 2.91574236977e-10, 2.58790183727e-10, 2.98195773629e-10, 1.41124764652e-10, 1.52252904728e-10, 1.23157026244e-10, 1.32756833304e-10, 6.80812767273e-11],
        "max": [0.107290357351, 0.0759452208877, 0.0223743151873, 0.0158221852034, 0.00826260820031, 0.00581773556769, 0.00465609598905, 0.00604755524546, 0.00724630057812, 0.0107851214707, 0.0163007061929, 0.00798677280545, 0.0065503846854, 0.00583250820637, 0.00960891507566, 0.00979822874069, 0.00158602709416, 0.00249764346518, 0.00256574084051, 0.00170632731169, 0.00198442093097, 0.000747728161514, 0.000307126378175, 0.000180903822184, 0.000142650504131, 0.000228658987908, 0.000247405580012, 0.000181280629477, 0.000225100928219, 0.000171879975824, 0.000182448435226, 0.000398574658902, 0.000352228351403, 0.00027748226421, 0.000204368043342, 0.000181563242222, 0.000158602168085, 0.000137376846396, 0.000140369040309, 9.88958199741e-05],
        "mean": [0.00540150422603, 0.00306156394072, 0.000704819860402, 0.000657622586004, 0.00042719981866, 0.000253782782238, 0.000218569402932, 0.00030209653778, 0.000291347823804, 0.000192127976334, 0.000180418006494, 0.000145635247463, 8.28727497719e-05, 8.5470805061e-05, 8.02466529422e-05, 8.01051719463e-05, 4.32139386248e-05, 4.37880044046e-05, 3.27385714627e-05, 3.11477961077e-05, 2.5357989216e-05, 2.08022556762e-05, 1.03647062133e-05, 7.04390231476e-06, 7.26711732568e-06, 9.05838533072e-06, 8.59889860294e-06, 6.12924941379e-06, 4.08816003983e-06, 3.86223882742e-06, 3.82039161195e-06, 5.62198965781e-06, 5.65513391848e-06, 4.27742452302e-06, 4.29167494076e-06, 3.64510083273e-06, 3.67787924915e-06, 3.46923116012e-06, 3.45302396454e-06, 2.6029822493e-06],
        "median": [0.000705443089828, 0.000607763184234, 9.794862126e-05, 0.000168851387571, 0.000129284249851, 8.30787757877e-05, 7.75575754233e-05, 7.98452092567e-05, 5.13938721269e-05, 3.79936391255e-05, 3.30838738591e-05, 3.2818519685e-05, 2.32558741118e-05, 2.10640664591e-05, 1.49246397996e-05, 1.60812451213e-05, 1.20728354887e-05, 1.21323837448e-05, 7.69385587773e-06, 9.25178210309e-06, 7.95815321908e-06, 6.39445079287e-06, 3.60306603397e-06, 2.03701119972e-06, 2.27298869504e-06, 3.05913863485e-06, 2.54969290836e-06, 2.01753459805e-06, 1.19437538615e-06, 7.37139203011e-07, 7.58310534366e-07, 1.36367907544e-06, 1.25810481677e-06, 7.96717756657e-07, 5.40946984984e-07, 4.65053318521e-07, 4.95440588111e-07, 5.30820329914e-07, 4.32713306964e-07, 3.5235260043e-07],
        "min": [1.71642268746e-24, 7.518158492e-25, 1.94206905243e-24, 1.87154705687e-24, 7.89550714779e-25, 2.98730620198e-24, 1.29488095908e-24, 2.27382509777e-24, 2.85481188535e-24, 2.98690881329e-24, 2.91817477098e-24, 2.59291440355e-24, 1.90357342912e-24, 2.50901076324e-24, 2.10774068937e-24, 5.26279362689e-24, 4.16260087681e-24, 2.95544075735e-24, 3.85376183242e-24, 3.98440035377e-24, 3.62118354945e-24, 3.43957672502e-24, 4.39574043431e-24, 4.14609120136e-24, 3.33327140715e-24, 4.24279016555e-24, 4.53585948602e-24, 5.44217704686e-24, 4.93026587837e-24, 5.94747519438e-24, 5.07185852225e-24, 5.97727638723e-24, 4.68273631467e-24, 4.51630717405e-24, 6.36985222785e-24, 7.46840966927e-24, 7.16592174402e-24, 6.41121654385e-24, 6.22163394123e-24, 6.75309584396e-24],
        "var": [0.000141760305269, 3.723104237e-05, 2.63643437393e-06, 2.48960918725e-06, 5.86558655868e-07, 1.86820514614e-07, 1.51799255832e-07, 3.64096081285e-07, 4.52289327768e-07, 3.75546079567e-07, 6.3255168925e-07, 2.36882129911e-07, 4.48807888631e-08, 4.06951343734e-08, 8.6403652233e-08, 7.54130624614e-08, 9.14308007083e-09, 1.07677360361e-08, 7.74366171186e-09, 5.05260633332e-09, 4.22092538699e-09, 2.30355134967e-09, 3.43799211322e-10, 1.65496755189e-10, 1.81459694493e-10, 3.71863623227e-10, 3.36510902477e-10, 1.414530576e-10, 8.43462522049e-11, 1.01061180258e-10, 1.01091010563e-10, 2.06771752498e-10, 2.02502001279e-10, 1.17200707472e-10, 1.31176389195e-10, 8.56915927105e-11, 8.65466726063e-11, 6.79161102357e-11, 7.51283132927e-11, 4.42446496107e-11]
    },
    "mfcc": {
        "mean": [-672.087585449, 110.222969055, 8.84192752838, 9.05089855194, 6.28829145432, 4.05843114853, -1.02336382866, 2.09976840019, 1.11198425293, 3.1420044899, 0.955267488956, -0.53217369318, 5.7089266777],
        "cov": [[14037.1650391, -826.126831055, 6.57020759583, -72.6525726318, 3.18415331841, 612.551147461, 361.076751709, 348.046325684, 313.497589111, 322.316619873, 256.237030029, 78.3842468262, 76.3715744019], [-826.126831055, 1745.87084961, -96.830581665, 156.289016724, 87.7963027954, 39.6863059998, 143.355178833, 63.7433013916, -8.27863121033, -12.0531129837, 33.5036430359, 22.0482959747, 8.13643932343], [6.57020759583, -96.830581665, 964.89855957, 288.562194824, 306.335723877, 211.841934204, 159.001998901, 105.330787659, 32.6596832275, 54.0717658997, 22.7105102539, 52.6705856323, 24.6544532776], [-72.6525726318, 156.289016724, 288.562194824, 436.787811279, 217.846786499, 128.50352478, 71.0968933105, 70.1145324707, 44.5705986023, 45.3609809875, -4.85983514786, 32.7089805603, 4.66292476654], [3.18415331841, 87.7963027954, 306.335723877, 217.846786499, 370.660766602, 149.026031494, 69.3769302368, 65.9181900024, 60.9620475769, 82.1094055176, 25.8274478912, 51.1311225891, 33.7973327637], [612.551147461, 39.6863059998, 211.841934204, 128.50352478, 149.026031494, 316.515960693, 186.73387146, 127.819282532, 95.183303833, 82.7384719849, 88.6794967651, 59.9765014648, 12.0438642502], [361.076751709, 143.355178833, 159.001998901, 71.0968933105, 69.3769302368, 186.73387146, 309.413787842, 154.97718811, 60.168838501, 66.6444015503, 96.1311721802, 68.2235183716, 5.56625461578], [348.046325684, 63.7433013916, 105.330787659, 70.1145324707, 65.9181900024, 127.819282532, 154.97718811, 231.349060059, 92.1510238647, 43.2017669678, 64.1566390991, 83.3873519897, 34.427734375], [313.497589111, -8.27863121033, 32.6596832275, 44.5705986023, 60.9620475769, 95.183303833, 60.168838501, 92.1510238647, 171.187225342, 101.355690002, 63.9093170166, 44.6994018555, 38.5874938965], [322.316619873, -12.0531129837, 54.0717658997, 45.3609809875, 82.1094055176, 82.7384719849, 66.6444015503, 43.2017669678, 101.355690002, 180.83140564, 91.4914779663, 39.4327125549, 29.3639030457], [256.237030029, 33.5036430359, 22.7105102539, -4.85983514786, 25.8274478912, 88.6794967651, 96.1311721802, 64.1566390991, 63.9093170166, 91.4914779663, 160.043457031, 75.1298751831, 30.5858516693], [78.3842468262, 22.0482959747, 52.6705856323, 32.7089805603, 51.1311225891, 59.9765014648, 68.2235183716, 83.3873519897, 44.6994018555, 39.4327125549, 75.1298751831, 140.580413818, 61.1455574036], [76.3715744019, 8.13643932343, 24.6544532776, 4.66292476654, 33.7973327637, 12.0438642502, 5.56625461578, 34.427734375, 38.5874938965, 29.3639030457, 30.5858516693, 61.1455574036, 136.855834961]],
