{
"lowlevel": {
    "average_loudness": 0.876933276653,
    "barkbands_crest": {
        "dmean": 2.35162782669,
        "dmean2": 3.86391210556,
        "dvar": 4.78267240524,
        "dvar2": 12.1607027054,
        "max": 25.8633747101,
        "mean": 9.23572349548,
        "median": 8.24191093445,
        "min": 2.23382639885,
        "var": 18.2308731079
    },
    "barkbands_flatness_db": {
        "dmean": 0.0177064556628,
        "dmean2": 0.0275396797806,
        "dvar": 0.000348955392838,
        "dvar2": 0.000797547691036,
        "max": 0.429777055979,
        "mean": 0.116835683584,
        "median": 0.0909324884415,
        "min": 0.0175253711641,
        "var": 0.00464705610648
    },
    "barkbands_kurtosis": {
        "dmean": 3.65797758102,
        "dmean2": 5.83127880096,
        "dvar": 70.7454147339,
        "dvar2": 170.844024658,
        "max": 289.119873047,
        "mean": 7.06145763397,
        "median": 0.899400472641,
        "min": -1.96353518963,
        "var": 280.255462646
    },
    "barkbands_skewness": {
        "dmean": 0.540690600872,
        "dmean2": 0.836031734943,
        "dvar": 0.438702374697,
        "dvar2": 1.02011632919,
        "max": 12.7689228058,
        "mean": 1.61965799332,
        "median": 1.17648899555,
        "min": -3.35478162766,
        "var": 2.73679590225
    },
    "barkbands_spread": {
        "dmean": 6.30322980881,
        "dmean2": 9.65412807465,
        "dvar": 79.1149215698,
        "dvar2": 162.503173828,
        "max": 123.075523376,
        "mean": 28.8392829895,
        "median": 27.5170383453,
        "min": 0.761816501617,
        "var": 402.098388672
    },
    "dissonance": {
        "dmean": 0.0189817175269,
        "dmean2": 0.0313082449138,
        "dvar": 0.000441310869064,
        "dvar2": 0.00113749376033,
        "max": 0.500000059605,
        "mean": 0.45700520277,
        "median": 0.471939444542,
        "min": 0.186903208494,
        "var": 0.00186151254456
    },
    "dynamic_complexity": 5.34327745438,
    "erbbands_crest": {
        "dmean": 2.55761289597,
        "dmean2": 4.17024898529,
        "dvar": 5.8947558403,
        "dvar2": 14.4959468842,
        "max": 31.5821399689,
        "mean": 9.2952709198,
        "median": 8.27385520935,
        "min": 2.16648483276,
        "var": 21.5502204895
    },
    "erbbands_flatness_db": {
        "dmean": 0.0153226992115,
        "dmean2": 0.0224380083382,
        "dvar": 0.000214977684664,
        "dvar2": 0.00042266654782,
        "max": 0.334033280611,
        "mean": 0.134493380785,
        "median": 0.124837055802,
        "min": 0.0384762883186,
        "var": 0.00233384338208
    },
    "erbbands_kurtosis": {
        "dmean": 1.16254079342,
        "dmean2": 1.81797635555,
        "dvar": 5.27688217163,
        "dvar2": 11.8921527863,
        "max": 92.5685424805,
        "mean": 1.45900917053,
        "median": 0.0133962631226,
        "min": -1.80100560188,
        "var": 24.0277309418
    },
    "erbbands_skewness": {
        "dmean": 0.366805493832,
        "dmean2": 0.555171847343,
        "dvar": 0.161478430033,
        "dvar2": 0.320778727531,
        "max": 8.26485919952,
        "mean": 0.471445798874,
        "median": 0.29439496994,
        "min": -5.77307605743,
        "var": 1.22775495052
    },
    "erbbands_spread": {
        "dmean": 8.75412368774,
        "dmean2": 13.3470821381,
        "dvar": 111.554130554,
        "dvar2": 246.524536133,
        "max": 156.947845459,
        "mean": 41.1395606995,
        "median": 38.3255195618,
        "min": 3.53088545799,
        "var": 418.656738281
    },
    "hfc": {
        "dmean": 6.73648643494,
        "dmean2": 9.69522190094,
        "dvar": 118.294998169,
        "dvar2": 227.973007202,
        "max": 208.669952393,
        "mean": 29.7950878143,
        "median": 22.8655986786,
        "min": 1.11227191792e-16,
        "var": 882.226257324
    },
    "melbands_crest": {
        "dmean": 2.98427844048,
        "dmean2": 4.93666172028,
        "dvar": 7.30746889114,
        "dvar2": 19.6827983856,
        "max": 35.0728034973,
        "mean": 13.0132875443,
        "median": 12.1384372711,
        "min": 1.77099227905,
        "var": 26.8578929901
    },
    "melbands_flatness_db": {
        "dmean": 0.0229632258415,
        "dmean2": 0.0351987741888,
        "dvar": 0.000587321352214,
        "dvar2": 0.00129878951702,
        "max": 0.563955187798,
        "mean": 0.185433804989,
        "median": 0.158451095223,
        "min": 0.00386652746238,
        "var": 0.0080155255273
    },
    "melbands_kurtosis": {
        "dmean": 8.77304363251,
        "dmean2": 14.1704244614,
        "dvar": 327.774505615,
        "dvar2": 828.043884277,
        "max": 478.88269043,
        "mean": 17.4421844482,
        "median": 6.70960235596,
        "min": -1.96058285236,
        "var": 991.043884277
    },
    "melbands_skewness": {
        "dmean": 0.744609892368,
        "dmean2": 1.17222607136,
        "dvar": 0.835154056549,
        "dvar2": 1.99772250652,
        "max": 18.2434463501,
        "mean": 2.67894864082,
        "median": 2.21494626999,
        "min": -1.71298515797,
        "var": 3.50094628334
    },
    "melbands_spread": {
        "dmean": 8.12130260468,
        "dmean2": 12.6814861298,
        "dvar": 184.978942871,
        "dvar2": 377.615142822,
        "max": 317.792694092,
        "mean": 30.0737133026,
        "median": 25.9931240082,
        "min": 0.510110795498,
        "var": 701.65612793
    },
    "pitch_salience": {
        "dmean": 0.06447840482,
        "dmean2": 0.105984844267,
        "dvar": 0.00360230519436,
        "dvar2": 0.00967871025205,
        "max": 0.978638529778,
        "mean": 0.548718929291,
        "median": 0.552326917648,
        "min": 0.0923980697989,
        "var": 0.0147593077272
    },
    "silence_rate_20dB": {
        "dmean": 0,
        "dmean2": 0,
        "dvar": 0,
        "dvar2": 0,
        "max": 1,
        "mean": 1,
        "median": 1,
        "min": 1,
        "var": 0
    },
    "silence_rate_30dB": {
        "dmean": 0.00241545890458,
        "dmean2": 0.00483150128275,
        "dvar": 0.00240953452885,
        "dvar2": 0.00722358655185,
        "max": 1,
        "mean": 0.998792409897,
        "median": 1,
        "min": 0,
        "var": 0.0012061833404
    },
    "silence_rate_60dB": {
        "dmean": 0.0161835756153,
        "dmean2": 0.0323710590601,
        "dvar": 0.0159217342734,
        "dvar2": 0.0359138548374,
        "max": 1,
        "mean": 0.147928997874,
        "median": 0,
        "min": 0,
        "var": 0.126057088375
    },
    "spectral_centroid": {
        "dmean": 248.448348999,
        "dmean2": 380.482421875,
        "dvar": 126310.820312,
        "dvar2": 241095.796875,
        "max": 11596.6328125,
        "mean": 1554.30712891,
        "median": 1552.61181641,
        "min": 147.937637329,
        "var": 1279778.125
    },
    "spectral_complexity": {
        "dmean": 2.9671497345,
        "dmean2": 4.533639431,
        "dvar": 10.8194913864,
        "dvar2": 23.0397434235,
        "max": 58,
        "mean": 19.9120883942,
        "median": 19,
        "min": 0,
        "var": 199.549575806
    },
    "spectral_decrease": {
        "dmean": 1.95354754595e-09,
        "dmean2": 3.19981752206e-09,
        "dvar": 1.1081013229e-17,
        "dvar2": 2.86753607521e-17,
        "max": 1.75991598689e-28,
        "mean": -6.29279783837e-09,
        "median": -6.14215656114e-09,
        "min": -3.74503486e-08,
        "var": 2.54774937389e-17
    },
    "spectral_energy": {
        "dmean": 0.0077073588036,
        "dmean2": 0.0125881144777,
        "dvar": 0.000166578654898,
        "dvar2": 0.000429653562605,
        "max": 0.147529512644,
        "mean": 0.0264529213309,
        "median": 0.0266426280141,
        "min": 9.99541706975e-21,
        "var": 0.000428804603871
    },
    "spectral_energyband_high": {
        "dmean": 0.000574848731048,
        "dmean2": 0.000777907145675,
        "dvar": 1.34332526613e-06,
        "dvar2": 2.40446388489e-06,
        "max": 0.0250935032964,
        "mean": 0.00194652169012,
        "median": 0.00108191336039,
        "min": 7.26380092302e-21,
        "var": 7.54557640903e-06
    },
    "spectral_energyband_low": {
        "dmean": 0.00522283511236,
        "dmean2": 0.00884865503758,
        "dvar": 0.00013490577112,
        "dvar2": 0.000355140015017,
        "max": 0.128414556384,
        "mean": 0.0094391675666,
        "median": 0.00644655153155,
        "min": 2.40677013007e-23,
        "var": 0.000166353143868
    },
    "spectral_energyband_middle_high": {
        "dmean": 0.00180430128239,
        "dmean2": 0.00274813198484,
        "dvar": 7.24044002709e-06,
        "dvar2": 1.7435348127e-05,
        "max": 0.0462689585984,
        "mean": 0.00613461714238,
        "median": 0.00370163633488,
        "min": 1.06318679276e-21,
        "var": 4.54786895716e-05
    },
    "spectral_energyband_middle_low": {
        "dmean": 0.00359977316111,
        "dmean2": 0.00570862879977,
        "dvar": 2.13212952076e-05,
        "dvar2": 5.56020422664e-05,
        "max": 0.0589803978801,
        "mean": 0.0100639527664,
        "median": 0.00906477123499,
        "min": 1.41833353739e-22,
        "var": 6.54464674881e-05
    },
    "spectral_entropy": {
        "dmean": 0.150734141469,
        "dmean2": 0.211883053184,
        "dvar": 0.0288334973156,
        "dvar2": 0.0523970499635,
        "max": 9.82286643982,
        "mean": 7.69534254074,
        "median": 7.89014530182,
        "min": 5.42177724838,
        "var": 0.410063266754
    },
    "spectral_flux": {
        "dmean": 0.0190193895251,
        "dmean2": 0.0304206386209,
        "dvar": 0.000630863127299,
        "dvar2": 0.00137621583417,
        "max": 0.322215586901,
        "mean": 0.0808725953102,
        "median": 0.0834628790617,
        "min": 6.46622963507e-11,
        "var": 0.00266470457427
    },
    "spectral_kurtosis": {
        "dmean": 1.07589447498,
        "dmean2": 1.67666363716,
        "dvar": 3.96586847305,
        "dvar2": 10.7455759048,
        "max": 80.003364563,
        "mean": 3.86408567429,
        "median": 2.95402145386,
        "min": -1.4603741169,
        "var": 17.3122501373
    },
    "spectral_rms": {
        "dmean": 0.000656803953461,
        "dmean2": 0.00104743940756,
        "dvar": 7.50072501887e-07,
        "dvar2": 1.83520785413e-06,
        "max": 0.0119971344247,
        "mean": 0.00455239601433,
        "median": 0.00509831402451,
        "min": 3.12275942951e-12,
        "var": 5.08349467054e-06
    },
    "spectral_rolloff": {
        "dmean": 615.005493164,
        "dmean2": 985.584533691,
        "dvar": 1506588,
        "dvar2": 2941661.25,
        "max": 19595.2148438,
        "mean": 2144.70776367,
        "median": 1550.390625,
        "min": 64.599609375,
        "var": 6584639.5
    },
    "spectral_skewness": {
        "dmean": 0.173587605357,
        "dmean2": 0.256921619177,
        "dvar": 0.0447037033737,
        "dvar2": 0.0972867235541,
        "max": 6.33733415604,
        "mean": 1.54415690899,
        "median": 1.41750490665,
        "min": -0.546314239502,
        "var": 0.35916519165
    },
    "spectral_spread": {
        "dmean": 632282.1875,
        "dmean2": 876351.125,
        "dvar": 946845843456,
        "dvar2": 1.6716211159e+12,
        "max": 42805628,
        "mean": 6114558.5,
        "median": 5559707.5,
        "min": 956104.875,
        "var": 1.16456402452e+13
    },
    "spectral_strongpeak": {
        "dmean": 0.527916789055,
        "dmean2": 0.907511413097,
        "dvar": 0.918577492237,
        "dvar2": 2.35213494301,
        "max": 11.8610057831,
        "mean": 0.841197490692,
        "median": 0.360357195139,
        "min": 0,
        "var": 1.36266088486
    },
    "zerocrossingrate": {
        "dmean": 0.01253880281,
        "dmean2": 0.0141533147544,
        "dvar": 0.000348140893038,
        "dvar2": 0.000348894100171,
        "max": 0.64599609375,
        "mean": 0.0822178125381,
        "median": 0.07373046875,
        "min": 0.0029296875,
        "var": 0.00410623429343
    },
    "barkbands": {
        "dmean": [0.00013689485786, 0.00356395659037, 0.00209714705124, 0.000988301704638, 0.0013788335491, 0.000857686216477, 0.000980945187621, 0.000767456251197, 0.000535848957952, 0.000714968715329, 0.000542606459931, 0.000353471492417, 0.000202997936867, 0.000383286824217, 0.000512395636179, 0.000326451729052, 0.000284409383312, 0.000195644242922, 0.000189515543752, 0.000166474870639, 0.000143377677887, 0.000120977892948, 0.000115158785775, 0.0001199548351, 0.00015163506032, 4.3269355956e-05, 1.74994147528e-05],
        "dmean2": [0.000227995682508, 0.00584354251623, 0.00380192836747, 0.00170170085039, 0.00224739732221, 0.00137407006696, 0.00155764364172, 0.00120629463345, 0.000842021603603, 0.00115685770288, 0.000862666522153, 0.000577941420488, 0.000323382235365, 0.00061815790832, 0.000832480087411, 0.000522067479324, 0.000462698430056, 0.000321382976836, 0.000305877736537, 0.000268759962637, 0.000228736564168, 0.000184025790077, 0.000171516061528, 0.000167858728673, 0.000201608214411, 5.89864030189e-05, 2.48359538091e-05],
        "dvar": [1.07508341785e-07, 5.89513547311e-05, 3.23562817357e-05, 3.79433731723e-06, 4.74690841656e-06, 2.39849964601e-06, 4.5757146836e-06, 3.13285136144e-06, 1.61309048963e-06, 2.59477906184e-06, 2.40025519815e-06, 7.65962454352e-07, 2.72641983656e-07, 8.11701113435e-07, 1.0110858284e-06, 6.3263547645e-07, 4.65301837949e-07, 1.42366445743e-07, 1.20810923931e-07, 8.83942874452e-08, 7.07218745788e-08, 6.83550851477e-08, 8.0351618692e-08, 8.49675814152e-08, 1.69032816189e-07, 1.49091050616e-08, 3.69243169374e-09],
        "dvar2": [2.78478950122e-07, 0.000148682694999, 9.51255788095e-05, 1.06110164779e-05, 1.23081626953e-05, 5.8712594182e-06, 1.13695741675e-05, 8.1830412455e-06, 4.02667774324e-06, 6.74966531733e-06, 6.0088450482e-06, 1.91076492229e-06, 6.51376296901e-07, 2.01033094527e-06, 2.5710871796e-06, 1.56184421485e-06, 1.24627342757e-06, 3.77421372377e-07, 3.04202472989e-07, 2.2149917811e-07, 1.78151552177e-07, 1.62924720826e-07, 1.79049379767e-07, 1.6065045827e-07, 2.82094191562e-07, 2.69669104824e-08, 8.36384739245e-09],
        "max": [0.00358807714656, 0.0943177565932, 0.0821814611554, 0.0298332478851, 0.0389367043972, 0.0328096561134, 0.0486678779125, 0.0424037948251, 0.0223920773715, 0.0251581482589, 0.0378495976329, 0.0191083010286, 0.0093469787389, 0.0225750654936, 0.0152065679431, 0.0150757338852, 0.0179326757789, 0.00956924259663, 0.00533778220415, 0.00520745711401, 0.00610865466297, 0.00871408358216, 0.00976434722543, 0.00822547171265, 0.0090877758339, 0.00310600874946, 0.00122618302703],
        "mean": [0.000167257283465, 0.00595769193023, 0.00248390785418, 0.00143813958857, 0.00250012730248, 0.00165535206906, 0.00174227787647, 0.00120734563097, 0.000868565577548, 0.00113823602442, 0.000891365925781, 0.000540880078916, 0.000318748381687, 0.000632774783298, 0.000867867725901, 0.000539423082955, 0.000573783239815, 0.000409205938922, 0.00040367958718, 0.000389269698644, 0.000362335093087, 0.000310618372168, 0.00029998269747, 0.000307429552777, 0.000333115865942, 8.86791094672e-05, 2.48758424277e-05],
        "median": [2.88810533675e-05, 0.0032928714063, 0.00120501918718, 0.000763316231314, 0.00154909736011, 0.000738587521482, 0.000611669151112, 0.000439859461039, 0.000336685596267, 0.000355013005901, 0.00017489840684, 0.000170119528775, 7.66217126511e-05, 0.000216027270653, 0.000282836263068, 0.000175015782588, 0.00019917046302, 0.000172282292624, 0.000158491267939, 0.000180427960004, 0.000177190770046, 0.000133922847454, 0.000129482956254, 0.000132359520649, 0.000124663754832, 2.945432243e-05, 4.48866967417e-06],
        "min": [1.38005851114e-24, 3.69804345074e-24, 7.9164316833e-25, 9.18816766063e-25, 1.28435611493e-23, 3.36654240469e-24, 1.50322375871e-24, 6.05320858809e-24, 1.9990480023e-23, 7.17391369385e-24, 9.85548778011e-24, 3.7701508595e-23, 1.73963393352e-23, 4.36941661922e-23, 4.93837024088e-23, 5.40693847245e-23, 4.54954133178e-23, 8.75883117793e-23, 1.63391256205e-22, 1.33126676996e-22, 2.57102643222e-22, 3.53449646077e-22, 4.3285093219e-22, 5.47799300434e-22, 7.53579814365e-22, 1.31390551915e-21, 2.09500554768e-21],
        "var": [1.14117064243e-07, 7.9854427895e-05, 2.300813685e-05, 4.29980536865e-06, 9.31860176934e-06, 7.20379102859e-06, 1.08886388261e-05, 5.46815090274e-06, 2.75292495644e-06, 4.64374579678e-06, 5.43562418898e-06, 1.31957494887e-06, 5.223619155e-07, 1.65874223512e-06, 2.27437203648e-06, 1.12767327209e-06, 1.4983395431e-06, 3.67214568087e-07, 3.41677321103e-07, 3.00547412735e-07, 2.4461306225e-07, 2.1894302904e-07, 2.91388118967e-07, 3.65798001667e-07, 6.01869203365e-07, 4.78715271868e-08, 5.08291542189e-09]
    },
    "erbbands": {
        "dmean": [0.0924036353827, 0.898240625858, 2.37328004837, 2.91932845116, 4.07622337341, 4.81967449188, 5.37294721603, 6.95468902588, 12.0673866272, 16.927526474, 16.316740036, 11.0185079575, 24.4185333252, 16.4132556915, 17.702009201, 16.3896007538, 7.89718818665, 19.0322856903, 18.9010181427, 28.4201126099, 14.8325424194, 12.3616638184, 10.0838413239, 9.76688957214, 8.20854854584, 7.51143407822, 7.31712055206, 4.72180509567, 4.41635084152, 3.80454874039, 3.42190098763, 2.67795777321, 2.09653687477, 1.73658061028, 1.13306903839, 0.28932467103, 0.0651094019413, 0.0164864324033, 0.00377667602152, 0.000125105594634],
        "dmean2": [0.148902788758, 1.52060818672, 4.28179788589, 5.13879728317, 6.76310396194, 7.87187147141, 8.62263202667, 11.1790990829, 18.9293136597, 26.4737758636, 25.5558433533, 17.2210216522, 39.5484657288, 26.1944503784, 27.815826416, 26.7084102631, 12.6097631454, 30.664188385, 29.6496429443, 46.2174224854, 23.6494541168, 19.9510116577, 16.6002216339, 15.6016283035, 13.2859830856, 11.9925460815, 11.7452907562, 7.51344251633, 6.87049007416, 5.7194943428, 5.11295795441, 3.80646252632, 2.99234724045, 2.41599488258, 1.53576600552, 0.389903336763, 0.0897125080228, 0.0231957621872, 0.00541823683307, 0.000179730457603],
        "dvar": [0.0405910983682, 4.07649707794, 38.2370605469, 47.0031661987, 47.1917037964, 72.5623626709, 100.926315308, 201.341949463, 731.251220703, 1770.47937012, 1817.81542969, 724.018249512, 3730.39550781, 1516.36901855, 2368.515625, 1697.57299805, 374.331939697, 2159.78662109, 1822.83166504, 3892.51000977, 1127.37231445, 918.80871582, 419.94934082, 386.115264893, 219.368896484, 176.476547241, 178.180130005, 102.452018738, 97.6077423096, 69.3190536499, 70.996963501, 39.6195335388, 28.4407272339, 24.0764446259, 9.83193397522, 0.662588179111, 0.0333015546203, 0.00244948314503, 0.000201177637791, 1.98417112074e-07],
        "dvar2": [0.0968519225717, 10.8084821701, 112.39503479, 132.65020752, 123.360778809, 185.505279541, 245.669616699, 507.06439209, 1829.34533691, 4243.22265625, 4863.30810547, 1770.13464355, 9785.13867188, 3747.02441406, 5980.33984375, 4292.33154297, 887.726318359, 5322.09228516, 4165.18847656, 10355.4775391, 2779.95678711, 2469.34472656, 1150.29211426, 975.030883789, 567.336120605, 441.199249268, 473.153747559, 248.716171265, 241.310577393, 152.823440552, 158.731613159, 79.3190841675, 55.4810295105, 43.3116722107, 18.2221755981, 1.17327857018, 0.0624204166234, 0.00524824252352, 0.000460494513391, 4.58004308257e-07],
        "max": [2.59125232697, 25.408290863, 78.1682739258, 111.153251648, 133.149078369, 151.304367065, 166.606964111, 316.289978027, 605.104492188, 1028.86645508, 1212.64758301, 631.366699219, 938.543457031, 665.022460938, 1076.62072754, 769.574951172, 402.903503418, 1206.08544922, 1108.24450684, 1162.13769531, 856.282775879, 912.00604248, 484.112335205, 459.245880127, 236.683197021, 268.126312256, 274.616027832, 383.413726807, 321.184936523, 208.984481812, 296.549438477, 225.133392334, 123.650566101, 109.853492737, 89.6348114014, 25.8112373352, 4.90170860291, 1.47558152676, 0.305398821831, 0.00828850921243],
        "mean": [0.141649276018, 1.41564536095, 3.03402495384, 4.28726387024, 6.51992559433, 8.46131134033, 9.62146854401, 12.9943389893, 22.7853279114, 28.4093093872, 26.7115077972, 19.4398479462, 40.7640838623, 28.3892669678, 31.4112682343, 25.904258728, 14.8875169754, 33.163105011, 34.2556724548, 49.4135322571, 30.8060913086, 27.8142967224, 22.6426887512, 22.2762546539, 18.6464977264, 18.2123908997, 18.2437667847, 12.1585483551, 10.9377307892, 9.6846075058, 8.73429965973, 6.74225473404, 5.0003619194, 3.83432722092, 2.28421521187, 0.601613342762, 0.12884773314, 0.0280946809798, 0.00525103043765, 0.000200376583962],
        "median": [0.0666471347213, 0.724756240845, 1.72730791569, 2.53097915649, 3.84958767891, 4.20116090775, 4.73398447037, 5.26079893112, 8.05747699738, 9.01180171967, 10.9613924026, 9.14086532593, 13.7796020508, 10.4178619385, 9.06599330902, 8.49686145782, 4.91255235672, 11.2911968231, 13.4563217163, 15.2393484116, 11.7812242508, 10.6637163162, 10.1228971481, 8.95388221741, 7.25694417953, 8.72654247284, 8.35427761078, 6.0089392662, 4.76033163071, 4.20210599899, 3.73266172409, 2.87991213799, 2.11659169197, 1.51527428627, 0.765395581722, 0.207229912281, 0.0434155426919, 0.00811346713454, 0.000895137607586, 6.74800321576e-05],
        "min": [1.04825616756e-22, 1.21046937044e-21, 1.99436476861e-21, 5.01101693389e-21, 1.73025294604e-20, 4.69532434168e-20, 2.24055811427e-20, 8.39884232681e-20, 6.50638814837e-20, 1.32405353085e-19, 1.66585593369e-19, 5.15502628357e-19, 3.86988668915e-19, 8.9089781815e-19, 7.04752091631e-19, 1.53848211348e-18, 1.02125589922e-18, 2.09900616632e-18, 2.20465532852e-18, 3.19521672656e-18, 3.67462000391e-18, 3.4764250476e-18, 3.98227328914e-18, 6.9613022267e-18, 7.67501516591e-18, 6.34247310761e-18, 9.34858352484e-18, 1.22624405563e-17, 1.23033338842e-17, 1.10748424616e-17, 1.06987556971e-17, 1.08134732404e-17, 9.06972853264e-18, 9.12362927571e-18, 5.28537888457e-18, 4.10952220508e-18, 2.22131474606e-18, 9.61851923529e-19, 2.60042165036e-19, 2.78211019169e-20],
        "var": [0.0534662827849, 4.85947227478, 28.6619091034, 42.2316627502, 71.2687988281, 163.565582275, 214.340591431, 551.68963623, 1940.88317871, 4009.57470703, 2936.91992188, 1204.96679688, 6655.61621094, 2903.44335938, 5447.68994141, 2925.89624023, 828.944152832, 4577.28515625, 4109.32714844, 8545.99121094, 2730.98486328, 3155.97045898, 1208.47033691, 1266.5847168, 663.519226074, 610.737976074, 646.262268066, 293.994354248, 275.113067627, 245.814300537, 254.358291626, 168.733276367, 105.743301392, 80.3569869995, 29.7593231201, 2.13443946838, 0.0999160036445, 0.00544444192201, 0.000255339458818, 2.55412430761e-07]
    },
    "gfcc": {
        "mean": [-12.0101976395, 66.9395370483, -95.0593490601, 28.224615097, -57.1091461182, 15.5691642761, -39.8194007874, 11.9462127686, -21.5041217804, 4.06758308411, -19.614522934, -2.07771873474, -8.61818504333],
        "cov": [[26992.9316406, -1395.06188965, -1609.09790039, 1016.88922119, -248.104202271, 908.066040039, 165.444442749, 799.27520752, 10.5818328857, 270.772735596, -98.8996124268, 137.18951416, 31.5084724426], [-1395.06188965, 1551.94567871, 114.932762146, -167.746826172, 116.699523926, -190.15713501, -7.67955732346, -119.717529297, -24.3344707489, -78.9485549927, 57.5503234863, -97.8140716553, -12.599281311], [-1609.09790039, 114.932762146, 1183.39147949, 118.810020447, 0.655796945095, -18.9313983917, -60.4605903625, -13.5241088867, 24.2493343353, 8.68579864502, 3.3909099102, -6.63350200653, -34.264087677], [1016.88922119, -167.746826172, 118.810020447, 450.258300781, 85.6496124268, 47.095489502, 57.6605262756, 70.1947937012, 40.4791603088, 7.56401348114, 6.23902797699, 29.9058628082, 12.7837810516], [-248.104202271, 116.699523926, 0.655796945095, 85.6496124268, 297.881469727, 53.5415649414, 111.141990662, 28.7473316193, 46.4870758057, -10.1261043549, 11.2508907318, 0.710755050182, 26.1648025513], [908.066040039, -190.15713501, -18.9313983917, 47.095489502, 53.5415649414, 260.4453125, 97.247795105, 52.9879837036, 10.933588028, 48.2885284424, 10.9672393799, 22.2174911499, 1.65292584896], [165.444442749, -7.67955732346, -60.4605903625, 57.6605262756, 111.141990662, 97.247795105, 209.90020752, 31.8185768127, 18.8152523041, 18.1807231903, 34.0172080994, 6.35178518295, 3.97899389267], [799.27520752, -119.717529297, -13.5241088867, 70.1947937012, 28.7473316193, 52.9879837036, 31.8185768127, 153.41619873, 44.1485061646, 20.3266849518, -3.98210859299, 22.8078422546, 20.5691127777], [10.5818328857, -24.3344707489, 24.2493343353, 40.4791603088, 46.4870758057, 10.933588028, 18.8152523041, 44.1485061646, 116.815681458, 13.9946537018, -10.1669588089, 10.006152153, 11.3674535751], [270.772735596, -78.9485549927, 8.68579864502, 7.56401348114, -10.1261043549, 48.2885284424, 18.1807231903, 20.3266849518, 13.9946537018, 99.9412002563, 46.8928070068, 17.0252151489, -4.01688480377], [-98.8996124268, 57.5503234863, 3.3909099102, 6.23902797699, 11.2508907318, 10.9672393799, 34.0172080994, -3.98210859299, -10.1669588089, 46.8928070068, 117.892837524, 29.5773105621, 1.02935922146], [137.18951416, -97.8140716553, -6.63350200653, 29.9058628082, 0.710755050182, 22.2174911499, 6.35178518295, 22.8078422546, 10.006152153, 17.0252151489, 29.5773105621, 77.5349121094, 21.3419361115], [31.5084724426, -12.599281311, -34.264087677, 12.7837810516, 26.1648025513, 1.65292584896, 3.97899389267, 20.5691127777, 11.3674535751, -4.01688480377, 1.02935922146, 21.3419361115, 68.6709899902]],
        "icov": [[6.41644655843e-05, -2.62456269411e-05, 0.00010403815395, -0.000163090735441, 0.000115110378829, -0.000194347419892, 7.54079737817e-05, -0.000261671666522, 9.73265996436e-05, -0.000104031809315, 9.58558666753e-05, 8.76378180692e-06, 5.64874681004e-05], [-2.62456269411e-05, 0.000959026336204, -0.000154143301188, 0.000390698958654, -0.000534719903953, 0.000581814500038, -4.74412663607e-05, 0.00036833336344, -0.000137814698974, 0.000733246735763, -0.00106964632869, 0.00113213039003, -0.0001496032055], [0.00010403815395, -0.000154143301188, 0.00109939742833, -0.000597549777012, 0.000159172865096, -0.000409182743169, 0.000544736511074, -0.000305448658764, -6.71510861139e-05, -0.000301560590742, 0.000135246140417, -3.34013748216e-05, 0.000594737008214], [-0.000163090735441, 0.000390698958654, -0.000597549777012, 0.00317946099676, -0.000962568738032, 0.000644815270789, -0.000591242744122, -0.000158612179803, -0.000478655390907, 0.000656559772324, -0.000465463555884, -0.000470802508062, -3.95906608901e-05], [0.000115110378829, -0.000534719903953, 0.000159172865096, -0.000962568738032, 0.00527314515784, -0.000982924248092, -0.0020194563549, -0.000372056121705, -0.0013463125797, 0.000820943037979, 2.94822202704e-05, 0.000411859480664, -0.00150691193994], [-0.000194347419892, 0.000581814500038, -0.000409182743169, 0.000644815270789, -0.000982924248092, 0.00634798035026, -0.00250834203325, -0.000163890334079, 0.000613484415226, -0.00202105962671, 0.000803670089226, -0.0007868471439, 0.000300579238683], [7.54079737817e-05, -4.74412663607e-05, 0.000544736511074, -0.000591242744122, -0.0020194563549, -0.00250834203325, 0.00765398843214, -0.000741800642572, -0.000230795383686, 0.000425228732638, -0.00214139767922, 0.000958207296208, 0.00074446585495], [-0.000261671666522, 0.00036833336344, -0.000305448658764, -0.000158612179803, -0.000372056121705, -0.000163890334079, -0.000741800642572, 0.00978902820498, -0.00283052679151, -0.000493174651638, 0.000422502140282, -0.000957142619882, -0.00194783497136], [9.73265996436e-05, -0.000137814698974, -6.71510861139e-05, -0.000478655390907, -0.0013463125797, 0.000613484415226, -0.000230795383686, -0.00283052679151, 0.0109592694789, -0.00267609278671, 0.0025291943457, -0.00118976831436, -0.00029376510065], [-0.000104031809315, 0.000733246735763, -0.000301560590742, 0.000656559772324, 0.000820943037979, -0.00202105962671, 0.000425228732638, -0.000493174651638, -0.00267609278671, 0.0155377499759, -0.00714929401875, 0.000912919058464, 0.000943815219216], [9.58558666753e-05, -0.00106964632869, 0.000135246140417, -0.000465463555884, 2.94822202704e-05, 0.000803670089226, -0.00214139767922, 0.000422502140282, 0.0025291943457, -0.00714929401875, 0.0141850048676, -0.00585416844115, 0.000650743022561], [8.76378180692e-06, 0.00113213039003, -3.34013748216e-05, -0.000470802508062, 0.000411859480664, -0.0007868471439, 0.000958207296208, -0.000957142619882, -0.00118976831436, 0.000912919058464, -0.00585416844115, 0.0184870772064, -0.00503955082968], [5.64874681004e-05, -0.0001496032055, 0.000594737008214, -3.95906608901e-05, -0.00150691193994, 0.000300579238683, 0.00074446585495, -0.00194783497136, -0.00029376510065, 0.000943815219216, 0.000650743022561, -0.00503955082968, 0.0175804700702]]
    },
    "melbands": {
        "dmean": [0.000894070602953, 0.00120501127094, 0.000503003422637, 0.000323469488649, 0.000184043150512, 0.000165114921401, 0.000188524267287, 0.000175884866621, 0.000124726764625, 7.46224977775e-05, 0.00012222820078, 6.63554674247e-05, 7.47348676668e-05, 4.20870819653e-05, 2.6929197702e-05, 2.10634498217e-05, 3.90947825508e-05, 3.16776822729e-05, 3.41458799085e-05, 3.24517495756e-05, 1.93402884179e-05, 1.54779427248e-05, 1.11972331069e-05, 1.05656126834e-05, 8.63782224769e-06, 7.96540825831e-06, 5.20643106938e-06, 5.37209416507e-06, 5.93796221438e-06, 3.74679939341e-06, 2.82747009805e-06, 2.81379925582e-06, 2.54733618021e-06, 2.15968793782e-06, 2.19338357965e-06, 1.9286112547e-06, 1.74313265688e-06, 1.63837933087e-06, 1.45526882989e-06, 1.60165757279e-06],
        "dmean2": [0.00143332139123, 0.00211971742101, 0.00086972489953, 0.000533344165888, 0.000293722434435, 0.000264361820882, 0.000295688980259, 0.000275495636743, 0.00019549735589, 0.000116764334962, 0.000198202891625, 0.000105865045043, 0.000117498042528, 6.90213782946e-05, 4.37701673945e-05, 3.3152049582e-05, 6.31821239949e-05, 5.01238209836e-05, 5.51160264877e-05, 5.28327364009e-05, 3.1044917705e-05, 2.51498804573e-05, 1.84937016456e-05, 1.75030163518e-05, 1.38543746289e-05, 1.30809721668e-05, 8.3606928456e-06, 8.65301899466e-06, 9.68355470832e-06, 6.14957025391e-06, 4.54704832009e-06, 4.50302832178e-06, 3.93820482714e-06, 3.29252179654e-06, 3.37472511092e-06, 2.90916136692e-06, 2.54159431279e-06, 2.4237310754e-06, 2.11771703107e-06, 2.27969098887e-06],
        "dvar": [3.51595031134e-06, 8.61480293679e-06, 1.13940348001e-06, 2.89939436016e-07, 1.04445980753e-07, 1.08728805515e-07, 1.62302370654e-07, 1.68525474464e-07, 1.09815999849e-07, 3.22162172495e-08, 9.17748721463e-08, 2.52683882707e-08, 4.85340230227e-08, 1.09372484403e-08, 3.8445078232e-09, 2.88570722873e-09, 9.67528634988e-09, 5.14287812337e-09, 4.70112926365e-09, 5.44725509144e-09, 1.98231209225e-09, 1.28222144014e-09, 1.29284871697e-09, 4.59623838989e-10, 3.49306833458e-10, 2.49328668822e-10, 9.30168234103e-11, 9.19586143344e-11, 1.34613445391e-10, 5.55576210037e-11, 4.02424829571e-11, 4.26601011461e-11, 2.5942132123e-11, 2.40134717666e-11, 3.01078675879e-11, 1.97784098127e-11, 1.88254099809e-11, 1.71681904804e-11, 1.6315159293e-11, 2.10728171024e-11],
        "dvar2": [8.45099111757e-06, 2.442175537e-05, 3.18791194331e-06, 7.60914360853e-07, 2.53922650018e-07, 2.67877879878e-07, 4.08110395256e-07, 4.05921298352e-07, 2.94976899795e-07, 7.97311017209e-08, 2.40939556306e-07, 6.22535054617e-08, 1.21642585782e-07, 2.78066263348e-08, 9.54225320982e-09, 6.62194432621e-09, 2.3842732233e-08, 1.15964056135e-08, 1.21393224362e-08, 1.40688669603e-08, 4.96252017257e-09, 3.37182148868e-09, 3.67593377959e-09, 1.2596896859e-09, 8.78794481629e-10, 6.58868792858e-10, 2.31213131974e-10, 2.29179508704e-10, 3.74016373428e-10, 1.4403986337e-10, 9.85964712652e-11, 1.11073858444e-10, 6.10638067888e-11, 5.45693004672e-11, 7.13139061692e-11, 4.38512455514e-11, 3.9427416193e-11, 3.58787825838e-11, 3.30212489297e-11, 3.95728796954e-11],
        "max": [0.0245263632387, 0.0316807702184, 0.0166642256081, 0.0101600317284, 0.00607196008787, 0.00722249783576, 0.0101797338575, 0.00966736767441, 0.00971060432494, 0.00362031115219, 0.00457993196324, 0.00275681354105, 0.0053729834035, 0.00270912563428, 0.00154297682457, 0.00100898044184, 0.00275597837754, 0.00204049563035, 0.0010413947748, 0.00132482894696, 0.00112560787238, 0.00113337917719, 0.00124786794186, 0.000357133569196, 0.000422912184149, 0.000270493415883, 0.000227237134823, 0.000246113311732, 0.000271809112746, 0.000188421530765, 0.000272820325335, 0.000212200378883, 0.000135326597956, 0.000121054654301, 0.00019681212143, 0.00014070305042, 0.000166675905348, 9.80363111012e-05, 9.58644232014e-05, 0.00010652236233],
        "mean": [0.00148656335659, 0.00176924932748, 0.000799044326413, 0.000552435987629, 0.000342542800354, 0.000315890589263, 0.000356508826371, 0.000291524775093, 0.000200589551241, 0.000125185732031, 0.000201376213226, 0.000108261723653, 0.000125445891172, 6.49011417408e-05, 4.30477521149e-05, 3.52251518052e-05, 6.46459884592e-05, 5.26528274349e-05, 5.90257986914e-05, 5.35814615432e-05, 3.58257202606e-05, 3.11673356919e-05, 2.18260065594e-05, 2.08115779969e-05, 1.73972966877e-05, 1.50323830894e-05, 1.12110164991e-05, 1.20227641673e-05, 1.29688305606e-05, 8.36655817693e-06, 6.51828713671e-06, 6.27028157396e-06, 5.81790300203e-06, 5.11687358085e-06, 5.11735788677e-06, 4.52386939287e-06, 3.97896974391e-06, 3.60287003787e-06, 3.12276756631e-06, 3.28724104293e-06],
        "median": [0.000813921564259, 0.00108100159559, 0.000514839193784, 0.000327229528921, 0.000179166992893, 0.000126184429973, 0.000130275773699, 9.70153778326e-05, 7.65198710724e-05, 5.30860379513e-05, 6.53067618259e-05, 3.58445468009e-05, 2.55300838035e-05, 2.10069902096e-05, 1.32970562845e-05, 9.02059673535e-06, 1.9918590624e-05, 1.84176460607e-05, 1.88780559256e-05, 1.62599080795e-05, 1.19271071526e-05, 1.09818229248e-05, 8.07894139143e-06, 8.43211364554e-06, 6.4346304498e-06, 4.94432561027e-06, 5.09081155542e-06, 5.51416269445e-06, 5.21566016687e-06, 4.02113528253e-06, 2.92369099952e-06, 2.59550188275e-06, 2.41052430283e-06, 2.1715911771e-06, 2.17033721128e-06, 1.83731583547e-06, 1.62999583608e-06, 1.45503747717e-06, 1.26469183215e-06, 1.23493362025e-06],
        "min": [1.63701200443e-24, 1.12915577821e-24, 1.00928185556e-24, 1.97310954576e-24, 1.16769291533e-24, 1.96609834725e-24, 9.65227326662e-25, 1.55950287062e-24, 1.33283305723e-24, 3.62654780361e-24, 1.50373247538e-24, 3.62574355992e-24, 1.86131967245e-24, 4.30975341235e-24, 2.12933970095e-24, 1.54235559834e-24, 4.24399830602e-24, 2.75008527537e-24, 3.79894743799e-24, 3.18516592764e-24, 4.36574123738e-24, 2.8367039777e-24, 3.74440598943e-24, 3.90652203305e-24, 4.44866669016e-24, 4.92146731826e-24, 4.77816836825e-24, 3.37475917988e-24, 4.9127224007e-24, 6.12308312606e-24, 6.86932660974e-24, 6.01368784003e-24, 6.19405536398e-24, 5.16279012436e-24, 5.71667460947e-24, 6.59507359401e-24, 6.0470680948e-24, 5.76997162995e-24, 6.12370001529e-24, 6.96085971829e-24],
        "var": [5.04046101923e-06, 7.77180139266e-06, 1.14200565804e-06, 5.01147326304e-07, 2.39151603409e-07, 3.30805278281e-07, 4.30660662687e-07, 3.75846752831e-07, 1.73136868398e-07, 5.36803668183e-08, 1.64742971265e-07, 4.69117722446e-08, 1.11484418142e-07, 1.81830124291e-08, 6.80752743065e-09, 6.07438987998e-09, 2.01785717024e-08, 1.09963629313e-08, 1.08559925494e-08, 1.03917185967e-08, 4.5314991759e-09, 3.92824439643e-09, 2.59594479246e-09, 1.03540842566e-09, 9.64595403552e-10, 5.25073040603e-10, 2.63586041882e-10, 3.02846636657e-10, 3.91428695012e-10, 1.44161849125e-10, 9.7705711577e-11, 9.80402078965e-11, 8.23626930546e-11, 7.52294823658e-11, 8.95477234031e-11, 7.52383710889e-11, 6.51592252376e-11, 5.660861363e-11, 4.77589842673e-11, 6.42878320023e-11]
    },
    "mfcc": {
        "mean": [-657.311828613, 101.867530823, 16.6460208893, 17.4939746857, 8.33568763733, 2.87571072578, -2.14737010002, 0.63570868969, 5.09930324554, 3.78876423836, -2.84869861603, -2.08449554443, -1.45798754692],
        "cov": [[18642.1289062, -1158.96313477, -1185.01953125, 284.759368896, -38.0535125732, 306.119537354, 394.978851318, 605.239013672, 446.435455322, 449.097503662, 169.997146606, 148.904525757, 275.10836792], [-1158.96313477, 1423.11230469, 116.810256958, -11.9469900131, 66.3800735474, -54.8737449646, 11.8819160461, -86.8202056885, -54.1519508362, -32.7571716309, -8.43019866943, -7.94276666641, -47.972492218], [-1185.01953125, 116.810256958, 951.49395752, 141.521697998, 120.255813599, -1.33628487587, -39.8885383606, -52.2634773254, -33.7382202148, -43.7924995422, 15.2576589584, 23.9946289062, -13.5402765274], [284.759368896, -11.9469900131, 141.521697998, 374.261901855, 98.8018341064, 8.44487190247, 24.0695419312, 50.5896339417, 34.6211166382, 8.54613018036, -5.69397783279, 37.9965133667, 27.664056778], [-38.0535125732, 66.3800735474, 120.255813599, 98.8018341064, 204.782119751, 19.6232643127, 2.90331077576, 34.9870300293, 48.008556366, 7.43395709991, 1.12413215637, 14.9288711548, 3.32231616974], [306.119537354, -54.8737449646, -1.33628487587, 8.44487190247, 19.6232643127, 205.898895264, 89.5623016357, 52.8685760498, 15.4791173935, 52.2850151062, 32.1349029541, -1.94116997719, 23.7456760406], [394.978851318, 11.8819160461, -39.8885383606, 24.0695419312, 2.90331077576, 89.5623016357, 193.027328491, 49.3759613037, -5.38421344757, 44.1172790527, 22.5408535004, 13.3581371307, 34.7311172485], [605.239013672, -86.8202056885, -52.2634773254, 50.5896339417, 34.9870300293, 52.8685760498, 49.3759613037, 145.486129761, 69.1716003418, 39.8986053467, 12.2033529282, 8.58002471924, 22.24609375], [446.435455322, -54.1519508362, -33.7382202148, 34.6211166382, 48.008556366, 15.4791173935, -5.38421344757, 69.1716003418, 129.629455566, 50.4723854065, 0.976759374142, -9.00758552551, 4.14448070526], [449.097503662, -32.7571716309, -43.7924995422, 8.54613018036, 7.43395709991, 52.2850151062, 44.1172790527, 39.8986053467, 50.4723854065, 108.524482727, 29.3567962646, -11.3991346359, 10.3908901215], [169.997146606, -8.43019866943, 15.2576589584, -5.69397783279, 1.12413215637, 32.1349029541, 22.5408535004, 12.2033529282, 0.976759374142, 29.3567962646, 84.44480896, 27.1764793396, 5.4856877327], [148.904525757, -7.94276666641, 23.9946289062, 37.9965133667, 14.9288711548, -1.94116997719, 13.3581371307, 8.58002471924, -9.00758552551, -11.3991346359, 27.1764793396, 100.800186157, 39.7301025391], [275.10836792, -47.972492218, -13.5402765274, 27.664056778, 3.32231616974, 23.7456760406, 34.7311172485, 22.24609375, 4.14448070526, 10.3908901215, 5.4856877327, 39.7301025391, 87.0364456177]],
