{
"lowlevel": {
    "average_loudness": 0.798833906651,
    "barkbands_crest": {
        "dmean": 2.73416233063,
        "dmean2": 4.41621255875,
        "dvar": 6.18600416183,
        "dvar2": 16.0699806213,
        "max": 26.8471851349,
        "mean": 11.2668647766,
        "median": 10.3800649643,
        "min": 2.35766363144,
        "var": 22.0778026581
    },
    "barkbands_flatness_db": {
        "dmean": 0.0228434484452,
        "dmean2": 0.0345894172788,
        "dvar": 0.000583918241318,
        "dvar2": 0.00127598235849,
        "max": 0.580182313919,
        "mean": 0.156358882785,
        "median": 0.134733438492,
        "min": 0.0181467849761,
        "var": 0.00537159806117
    },
    "barkbands_kurtosis": {
        "dmean": 5.86869525909,
        "dmean2": 9.08195495605,
        "dvar": 175.151184082,
        "dvar2": 381.102355957,
        "max": 439.117553711,
        "mean": 11.6933946609,
        "median": 3.74936771393,
        "min": -1.91472375393,
        "var": 569.545959473
    },
    "barkbands_skewness": {
        "dmean": 0.641041994095,
        "dmean2": 0.975124239922,
        "dvar": 0.568525016308,
        "dvar2": 1.25141739845,
        "max": 14.014210701,
        "mean": 1.97345101833,
        "median": 1.71238017082,
        "min": -8.70511341095,
        "var": 3.61482191086
    },
    "barkbands_spread": {
        "dmean": 4.76642370224,
        "dmean2": 7.32408094406,
        "dvar": 66.4841003418,
        "dvar2": 133.590026855,
        "max": 111.168464661,
        "mean": 17.791639328,
        "median": 15.8338680267,
        "min": 0.103781186044,
        "var": 209.888473511
    },
    "dissonance": {
        "dmean": 0.0239391773939,
        "dmean2": 0.0402876250446,
        "dvar": 0.000624744221568,
        "dvar2": 0.00172361196019,
        "max": 0.5,
        "mean": 0.450551629066,
        "median": 0.461832791567,
        "min": 0.146803021431,
        "var": 0.00180066598114
    },
    "dynamic_complexity": 6.81115865707,
    "erbbands_crest": {
        "dmean": 2.67344236374,
        "dmean2": 4.26992082596,
        "dvar": 6.81901216507,
        "dvar2": 16.2975921631,
        "max": 32.5691146851,
        "mean": 10.5020313263,
        "median": 9.17772483826,
        "min": 2.41842055321,
        "var": 31.7673492432
    },
    "erbbands_flatness_db": {
        "dmean": 0.015866432339,
        "dmean2": 0.0233662184328,
        "dvar": 0.000283175671939,
        "dvar2": 0.000554465455934,
        "max": 0.542186200619,
        "mean": 0.154425561428,
        "median": 0.145276322961,
        "min": 0.0440873578191,
        "var": 0.00348277506419
    },
    "erbbands_kurtosis": {
        "dmean": 1.72861778736,
        "dmean2": 2.65077352524,
        "dvar": 17.3161087036,
        "dvar2": 36.769744873,
        "max": 116.290763855,
        "mean": 3.05592060089,
        "median": 0.953239202499,
        "min": -1.8247833252,
        "var": 85.025352478
    },
    "erbbands_skewness": {
        "dmean": 0.379853874445,
        "dmean2": 0.576268851757,
        "dvar": 0.175681203604,
        "dvar2": 0.359572142363,
        "max": 6.11155223846,
        "mean": 0.694325089455,
        "median": 0.641153872013,
        "min": -3.95348644257,
        "var": 0.880409240723
    },
    "erbbands_spread": {
        "dmean": 7.7782664299,
        "dmean2": 11.789276123,
        "dvar": 109.996795654,
        "dvar2": 252.073348999,
        "max": 155.339675903,
        "mean": 35.245349884,
        "median": 32.0890769958,
        "min": 0.274879515171,
        "var": 421.578887939
    },
    "hfc": {
        "dmean": 5.32348775864,
        "dmean2": 7.76767206192,
        "dvar": 115.046028137,
        "dvar2": 238.764526367,
        "max": 259.285430908,
        "mean": 21.0387077332,
        "median": 11.6690912247,
        "min": 1.09230986598e-16,
        "var": 554.548706055
    },
    "melbands_crest": {
        "dmean": 3.36640977859,
        "dmean2": 5.50611591339,
        "dvar": 9.54580974579,
        "dvar2": 24.5448589325,
        "max": 36.153339386,
        "mean": 15.4970121384,
        "median": 14.8760595322,
        "min": 1.62645494938,
        "var": 35.0094146729
    },
    "melbands_flatness_db": {
        "dmean": 0.0276324730366,
        "dmean2": 0.0413132570684,
        "dvar": 0.000889037793968,
        "dvar2": 0.0018592790002,
        "max": 0.741891503334,
        "mean": 0.236775815487,
        "median": 0.218849480152,
        "min": 0.00376238790341,
        "var": 0.00864093843848
    },
    "melbands_kurtosis": {
        "dmean": 10.9295101166,
        "dmean2": 17.167142868,
        "dvar": 506.845489502,
        "dvar2": 1168.27050781,
        "max": 712.943908691,
        "mean": 22.863609314,
        "median": 10.728764534,
        "min": -1.84416031837,
        "var": 1560.59204102
    },
    "melbands_skewness": {
        "dmean": 0.832899451256,
        "dmean2": 1.28094315529,
        "dvar": 0.970539629459,
        "dvar2": 2.19363284111,
        "max": 20.7758483887,
        "mean": 2.88688564301,
        "median": 2.61662721634,
        "min": -6.70722913742,
        "var": 5.50193929672
    },
    "melbands_spread": {
        "dmean": 5.666908741,
        "dmean2": 8.56894874573,
        "dvar": 123.102088928,
        "dvar2": 221.46081543,
        "max": 238.892120361,
        "mean": 19.4332332611,
        "median": 14.5651359558,
        "min": 0.297218829393,
        "var": 469.777008057
    },
    "pitch_salience": {
        "dmean": 0.0743881314993,
        "dmean2": 0.121203176677,
        "dvar": 0.00530962506309,
        "dvar2": 0.0134096834809,
        "max": 0.913529276848,
        "mean": 0.517537653446,
        "median": 0.526475667953,
        "min": 0.0407325960696,
        "var": 0.0175088606775
    },
    "silence_rate_20dB": {
        "dmean": 0,
        "dmean2": 0,
        "dvar": 0,
        "dvar2": 0,
        "max": 1,
        "mean": 1,
        "median": 1,
        "min": 1,
        "var": 0
    },
    "silence_rate_30dB": {
        "dmean": 0.0340485088527,
        "dmean2": 0.0681049525738,
        "dvar": 0.0328894034028,
        "dvar2": 0.0655662119389,
        "max": 1,
        "mean": 0.945202291012,
        "median": 1,
        "min": 0,
        "var": 0.0517917945981
    },
    "silence_rate_60dB": {
        "dmean": 0.0144589552656,
        "dmean2": 0.0289212819189,
        "dvar": 0.0142474314198,
        "dvar2": 0.0334450080991,
        "max": 1,
        "mean": 0.153433606029,
        "median": 0,
        "min": 0,
        "var": 0.129904657602
    },
    "spectral_centroid": {
        "dmean": 190.259552002,
        "dmean2": 290.8855896,
        "dvar": 108802.523438,
        "dvar2": 195496.703125,
        "max": 11607.5556641,
        "mean": 1078.18469238,
        "median": 989.603759766,
        "min": 98.1842193604,
        "var": 1058046.125
    },
    "spectral_complexity": {
        "dmean": 2.32765865326,
        "dmean2": 3.71895051003,
        "dvar": 8.6982421875,
        "dvar2": 19.9415588379,
        "max": 52,
        "mean": 14.7292757034,
        "median": 14,
        "min": 0,
        "var": 113.31980896
    },
    "spectral_decrease": {
        "dmean": 3.01110980594e-09,
        "dmean2": 4.56895499212e-09,
        "dvar": 3.23991558163e-17,
        "dvar2": 7.05089085012e-17,
        "max": 1.07066308944e-11,
        "mean": -9.31200894172e-09,
        "median": -6.96480739748e-09,
        "min": -7.05373821575e-08,
        "var": 9.55728714909e-17
    },
    "spectral_energy": {
        "dmean": 0.0116186821833,
        "dmean2": 0.0175680667162,
        "dvar": 0.000467862992082,
        "dvar2": 0.00101260130759,
        "max": 0.269069224596,
        "mean": 0.0370538532734,
        "median": 0.027894333005,
        "min": 1.00743094207e-20,
        "var": 0.00146568228956
    },
    "spectral_energyband_high": {
        "dmean": 0.000365162384696,
        "dmean2": 0.00053593935445,
        "dvar": 1.25920792016e-06,
        "dvar2": 2.51274241236e-06,
        "max": 0.0324812829494,
        "mean": 0.000886024907231,
        "median": 0.000348572386429,
        "min": 7.28254819612e-21,
        "var": 3.31787396135e-06
    },
    "spectral_energyband_low": {
        "dmean": 0.00982005801052,
        "dmean2": 0.0152914030477,
        "dvar": 0.000509973149747,
        "dvar2": 0.00116332760081,
        "max": 0.248910546303,
        "mean": 0.0191275440156,
        "median": 0.00969876721501,
        "min": 1.68970882009e-23,
        "var": 0.000864050234668
    },
    "spectral_energyband_middle_high": {
        "dmean": 0.00200670282356,
        "dmean2": 0.00299997325055,
        "dvar": 1.63845124916e-05,
        "dvar2": 3.57760618499e-05,
        "max": 0.0796730071306,
        "mean": 0.00634994357824,
        "median": 0.00226565590128,
        "min": 1.2356667742e-21,
        "var": 8.35733662825e-05
    },
    "spectral_energyband_middle_low": {
        "dmean": 0.00440012570471,
        "dmean2": 0.00711739016697,
        "dvar": 4.72655847261e-05,
        "dvar2": 0.000122559315059,
        "max": 0.104196637869,
        "mean": 0.0122357336804,
        "median": 0.00960107613355,
        "min": 1.33235426205e-22,
        "var": 0.000138353309012
    },
    "spectral_entropy": {
        "dmean": 0.166647329926,
        "dmean2": 0.246031343937,
        "dvar": 0.0423675850034,
        "dvar2": 0.0765012204647,
        "max": 9.82802295685,
        "mean": 7.43738031387,
        "median": 7.59748458862,
        "min": 4.45955753326,
        "var": 0.445168972015
    },
    "spectral_flux": {
        "dmean": 0.0259473938495,
        "dmean2": 0.0402992852032,
        "dvar": 0.00143495039083,
        "dvar2": 0.00289434986189,
        "max": 0.455341428518,
        "mean": 0.0846506804228,
        "median": 0.0734795108438,
        "min": 6.5042131403e-11,
        "var": 0.00482717482373
    },
    "spectral_kurtosis": {
        "dmean": 1.80045354366,
        "dmean2": 2.85810112953,
        "dvar": 12.8502531052,
        "dvar2": 31.2250480652,
        "max": 159.464584351,
        "mean": 5.88958501816,
        "median": 3.86728715897,
        "min": -1.28205811977,
        "var": 66.0715408325
    },
    "spectral_rms": {
        "dmean": 0.000804347277153,
        "dmean2": 0.00120685808361,
        "dvar": 1.20308584428e-06,
        "dvar2": 2.51612095781e-06,
        "max": 0.0162020549178,
        "mean": 0.00514458632097,
        "median": 0.00521670235321,
        "min": 3.13505905264e-12,
        "var": 9.68356926023e-06
    },
    "spectral_rolloff": {
        "dmean": 339.123687744,
        "dmean2": 565.545410156,
        "dvar": 937490.0625,
        "dvar2": 1826639.125,
        "max": 19573.6816406,
        "mean": 1223.0144043,
        "median": 732.12890625,
        "min": 43.06640625,
        "var": 4240990
    },
    "spectral_skewness": {
        "dmean": 0.234129115939,
        "dmean2": 0.354301124811,
        "dvar": 0.0957198962569,
        "dvar2": 0.197313681245,
        "max": 10.4400863647,
        "mean": 1.85037910938,
        "median": 1.70219528675,
        "min": -0.153266102076,
        "var": 0.715403199196
    },
    "spectral_spread": {
        "dmean": 512647.59375,
        "dmean2": 753146.8125,
        "dvar": 838992527360,
        "dvar2": 1.53148745318e+12,
        "max": 42865752,
        "mean": 5341221,
        "median": 5049458,
        "min": 632494.0625,
        "var": 1.08106885366e+13
    },
    "spectral_strongpeak": {
        "dmean": 0.519554615021,
        "dmean2": 0.894156217575,
        "dvar": 1.24694442749,
        "dvar2": 2.98963904381,
        "max": 13.8907051086,
        "mean": 0.897673249245,
        "median": 0.35942915082,
        "min": 0,
        "var": 2.33328866959
    },
    "zerocrossingrate": {
        "dmean": 0.00980997830629,
        "dmean2": 0.0115394387394,
        "dvar": 0.000337380071869,
        "dvar2": 0.000364436971722,
        "max": 0.7421875,
        "mean": 0.0542505681515,
        "median": 0.044921875,
        "min": 0.001953125,
        "var": 0.00321700936183
    },
    "barkbands": {
        "dmean": [0.000379111239454, 0.00700407335535, 0.00371423293836, 0.00185836048331, 0.00177833449561, 0.000954706920311, 0.000636671145912, 0.000875235593412, 0.0009649816202, 0.000404297868954, 0.00074895954458, 0.000679847260471, 0.00057336606551, 0.000396847288357, 0.000369213667, 0.000176235102117, 8.61645385157e-05, 5.66243943467e-05, 4.08996165788e-05, 5.77793616685e-05, 8.37427214719e-05, 0.00012346105359, 7.53659187467e-05, 7.97735410742e-05, 4.61521340185e-05, 1.97015779122e-05, 2.48670244218e-06],
        "dmean2": [0.000541795569006, 0.0110931862146, 0.0065375813283, 0.00316206272691, 0.00288828602061, 0.00154946965631, 0.00100212136749, 0.00134846905712, 0.0014789722627, 0.0006318311207, 0.00119176961016, 0.00101577187888, 0.000883637520019, 0.000630357128102, 0.000594204640947, 0.000284783891402, 0.000139668831252, 9.45834326558e-05, 6.89396110829e-05, 9.52756454353e-05, 0.000135086374939, 0.000189215366845, 0.000116175622679, 0.000117344789032, 6.67087733746e-05, 2.84112375084e-05, 3.85235216527e-06],
        "dvar": [7.25079758013e-07, 0.000279742613202, 0.000140415344504, 1.34072324727e-05, 1.43239603858e-05, 3.96547511627e-06, 3.75395097763e-06, 5.39159464097e-06, 6.65996685711e-06, 1.56234966653e-06, 4.74024091091e-06, 5.16020554642e-06, 3.15187094202e-06, 1.8108689801e-06, 1.3788966271e-06, 3.44016513054e-07, 3.44631665428e-08, 1.19226344353e-08, 1.00157420135e-08, 1.97199110374e-08, 4.75319410498e-08, 1.17767534391e-07, 6.99864131093e-08, 9.66265858438e-08, 3.698135842e-08, 7.25963067438e-09, 6.51892012593e-11],
        "dvar2": [1.31484887333e-06, 0.00059535499895, 0.000397622061428, 3.64337320207e-05, 3.80542187486e-05, 9.98777795758e-06, 8.56200767885e-06, 1.20867362057e-05, 1.49667821461e-05, 3.23364452015e-06, 1.13079449875e-05, 1.03434513221e-05, 7.09286223355e-06, 4.12958615925e-06, 3.34578908223e-06, 7.44062617741e-07, 8.37415328192e-08, 2.99758795563e-08, 2.77277329985e-08, 5.17582527948e-08, 1.22470112274e-07, 2.473446159e-07, 1.40690801231e-07, 1.99427702796e-07, 7.416015535e-08, 1.30929809217e-08, 1.44893402831e-10],
        "max": [0.0161653179675, 0.198390454054, 0.125331178308, 0.0835414528847, 0.0743442699313, 0.0443774498999, 0.0419204942882, 0.0462536588311, 0.0652176812291, 0.0468566939235, 0.066249974072, 0.0726223737001, 0.0333314836025, 0.0510742478073, 0.0285669527948, 0.0252356007695, 0.00583600904793, 0.00269467243925, 0.00175090495031, 0.00370330130681, 0.00458634411916, 0.0157122649252, 0.0101269679144, 0.0120666893199, 0.00623701512814, 0.005366159603, 0.000274237856502],
        "mean": [0.000732016982511, 0.012489602901, 0.00449097855017, 0.00259544048458, 0.00313107506372, 0.00162841880228, 0.00105202477425, 0.001567328698, 0.00201048748568, 0.000715820351616, 0.00128958525602, 0.00122816883959, 0.00123795191757, 0.000638351368252, 0.000627003493719, 0.000320570659824, 0.000163237637025, 0.000113261383376, 7.63883072068e-05, 0.000120183198305, 0.000160433119163, 0.000241362606175, 0.000140931166243, 0.00015230612189, 8.75300102052e-05, 4.0266160795e-05, 3.33737216351e-06],
        "median": [9.56780058914e-05, 0.00452503236011, 0.00188584136777, 0.00125448894687, 0.00159428908955, 0.000763809715863, 0.000437581707956, 0.000319273996865, 0.00025433304836, 0.000195036278456, 0.000235981424339, 0.000208888959605, 0.000113830537884, 0.000151474829181, 0.000129267733428, 8.17259715404e-05, 6.1876467953e-05, 5.47928830201e-05, 3.31133087457e-05, 5.43853166164e-05, 6.50278379908e-05, 6.82965255692e-05, 3.82223843189e-05, 4.30871732533e-05, 2.87865968858e-05, 1.62964879564e-05, 5.21706510881e-07],
        "min": [7.33755174598e-25, 5.50230796936e-24, 8.64407747531e-25, 2.22202533529e-24, 7.22030108166e-24, 7.186463682e-24, 7.28529927595e-24, 1.74532761599e-23, 9.34688312211e-24, 1.19130082037e-23, 1.88608564503e-23, 1.90745415146e-23, 3.05301034789e-23, 4.1854249105e-23, 4.94162129444e-23, 6.49271273845e-23, 8.16586778576e-23, 1.0416328914e-22, 1.17462108229e-22, 1.44120999877e-22, 2.86890409656e-22, 3.32643963505e-22, 4.07548136614e-22, 6.14872419782e-22, 8.74106047676e-22, 1.35425198055e-21, 1.96332893587e-21],
        "var": [2.02812407224e-06, 0.000476912333397, 0.000102304715256, 1.69053819263e-05, 2.44080638367e-05, 7.24090250515e-06, 5.70872271055e-06, 1.31048172989e-05, 2.32949078054e-05, 3.42225735039e-06, 1.12679508675e-05, 1.51502508743e-05, 1.08158837975e-05, 3.42630664818e-06, 2.65157223112e-06, 7.47857711758e-07, 8.2985110339e-08, 2.60889194692e-08, 1.45784468941e-08, 3.87366831944e-08, 8.2014160796e-08, 3.13634728855e-07, 1.5890135785e-07, 1.87428682352e-07, 6.83131204937e-08, 1.57291655256e-08, 9.52260909015e-11]
    },
    "erbbands": {
        "dmean": [0.23930221796, 1.63546442986, 4.19376897812, 5.17539739609, 5.81489992142, 6.71579647064, 5.51939630508, 8.91582584381, 9.0287399292, 12.7518997192, 19.8357276917, 24.2984523773, 10.9326858521, 12.7394981384, 34.153755188, 28.7418003082, 23.9176883698, 19.8376502991, 19.3290920258, 15.0166912079, 6.05937480927, 4.17834186554, 3.20530557632, 2.28738093376, 2.34496808052, 2.6096124649, 2.87470054626, 3.70861387253, 4.79108476639, 3.37871980667, 1.77074587345, 1.59759235382, 1.40202319622, 0.689905405045, 0.250892758369, 0.0958302021027, 0.0380040034652, 0.00655826507136, 0.000423308112659, 2.26450829359e-05],
        "dmean2": [0.359993696213, 2.60291910172, 7.33237743378, 8.96208286285, 9.71484470367, 10.6999893188, 8.81213569641, 14.5737466812, 13.9611635208, 20.3710784912, 30.2046890259, 36.9759368896, 17.1090679169, 19.7522506714, 53.8164520264, 41.6176490784, 36.0845832825, 31.3550071716, 31.303276062, 23.5034160614, 9.79617595673, 6.61374187469, 5.26226043701, 3.85796928406, 3.84161543846, 4.30867099762, 4.71395254135, 5.93014001846, 7.48294639587, 5.19262981415, 2.67309832573, 2.40414977074, 2.08018517494, 1.01408290863, 0.363616883755, 0.140319302678, 0.0550590120256, 0.00962540600449, 0.000644420215394, 3.3625306969e-05],
        "dvar": [0.286701947451, 17.7723140717, 194.691452026, 121.171142578, 161.301956177, 233.125167847, 90.2160339355, 391.264160156, 919.968994141, 867.68182373, 3470.29321289, 4346.92285156, 1183.08618164, 1208.62207031, 11011.9726562, 8918.71582031, 4908.07861328, 4130.32910156, 3953.62182617, 2085.08129883, 264.943817139, 80.3008956909, 37.0327949524, 28.0012683868, 31.0282993317, 41.2810630798, 57.4336013794, 99.5528182983, 179.363220215, 124.581199646, 38.6813583374, 39.6591110229, 29.5954017639, 7.90649223328, 1.18258619308, 0.165523216128, 0.0338593870401, 0.000492460327223, 2.4065859634e-06, 3.91068910588e-09],
        "dvar2": [0.5978936553, 40.7294311523, 546.49810791, 345.739349365, 430.388305664, 589.088134766, 230.539932251, 970.991149902, 2049.35009766, 2085.359375, 7415.95849609, 9772.53027344, 2469.23706055, 2794.93920898, 25629.7949219, 16336.6308594, 10734.9677734, 9901.16796875, 9657.39257812, 4255.05761719, 644.043762207, 197.572418213, 93.2523269653, 76.7817001343, 83.5436935425, 106.933830261, 153.380447388, 240.483886719, 401.226745605, 257.589508057, 77.0490951538, 81.7130813599, 61.7574195862, 15.9876241684, 2.46102690697, 0.338115006685, 0.0589187145233, 0.000961262907367, 5.22947902937e-06, 8.28048918322e-09],
        "max": [7.33911752701, 49.7062568665, 161.548049927, 158.786148071, 263.342773438, 337.459869385, 128.599334717, 460.212097168, 705.97869873, 609.497741699, 1268.91174316, 1938.82397461, 1548.47058105, 1113.80334473, 3191.88720703, 3766.5300293, 1433.17138672, 1971.40307617, 1645.78234863, 1352.78625488, 512.940612793, 247.533462524, 173.78793335, 79.6219711304, 115.652549744, 170.938598633, 160.030578613, 224.312927246, 484.183288574, 444.966705322, 200.297927856, 315.420410156, 151.953155518, 86.4831161499, 39.0596618652, 16.5147800446, 14.3401098251, 0.986253261566, 0.0707783028483, 0.00348370173015],
        "mean": [0.440739661455, 2.46802377701, 5.16564798355, 7.50981903076, 8.99932956696, 11.208480835, 10.1956357956, 14.5956201553, 15.2543420792, 23.0837211609, 37.9392471313, 53.47681427, 21.9838905334, 25.9078788757, 60.0259399414, 58.7157516479, 58.4995727539, 36.2542762756, 32.8354606628, 30.4173259735, 13.1123514175, 8.66524600983, 7.00446128845, 4.47865009308, 4.53721380234, 5.61316394806, 5.70794963837, 7.24711704254, 9.07674789429, 6.41316413879, 3.44287037849, 2.98411989212, 2.60162138939, 1.30258476734, 0.45595484972, 0.182300761342, 0.0746849700809, 0.0121812978759, 0.000624539447017, 6.26437031315e-05],
        "median": [0.116537801921, 0.965630114079, 2.30470728874, 4.25635194778, 4.68965196609, 4.46408081055, 5.69764661789, 6.22156238556, 6.52941560745, 8.34930992126, 7.97036552429, 7.23925018311, 6.75812149048, 7.27399301529, 12.1196298599, 10.7549715042, 6.53304386139, 8.84366416931, 8.34068393707, 6.53113698959, 4.14177131653, 3.60306715965, 3.71664714813, 1.93043458462, 2.04418182373, 2.60889673233, 2.46411466599, 2.61159300804, 2.48485660553, 1.81853580475, 0.927843272686, 0.777181208134, 0.758171081543, 0.414296358824, 0.15305903554, 0.0678107962012, 0.0284327045083, 0.00425536278635, 0.000159051691298, 4.3575077143e-05],
        "min": [1.45307434057e-22, 1.01885689934e-21, 2.05282276956e-21, 6.94933900431e-21, 1.13138048335e-20, 2.19955257411e-20, 3.98016240176e-20, 8.43363496509e-20, 1.37218484425e-19, 1.86507036426e-19, 4.68794789395e-19, 2.52241670913e-19, 6.66546687089e-19, 5.06230760871e-19, 8.44028058583e-19, 8.04289991763e-19, 1.67496536359e-18, 2.08771246263e-18, 2.90435210584e-18, 3.51834242514e-18, 4.24469592488e-18, 4.91656634639e-18, 5.2838713479e-18, 6.37417315022e-18, 7.99179142611e-18, 7.38189130814e-18, 9.38421929281e-18, 1.01542078106e-17, 1.1590962632e-17, 1.28161883456e-17, 1.16548284199e-17, 1.26450752825e-17, 1.04014951091e-17, 8.46042150317e-18, 6.46707339123e-18, 4.1317671597e-18, 2.56238798919e-18, 1.01067584559e-18, 2.65914190957e-19, 2.62758445221e-20],
        "var": [0.60501652956, 22.6266212463, 142.453201294, 119.875541687, 206.94921875, 440.351379395, 184.176101685, 723.039306641, 1408.72167969, 1914.07824707, 8532.84375, 16682.3183594, 2808.55541992, 3380.5168457, 22062.3203125, 30579.1171875, 21323.8808594, 7755.74316406, 6733.19091797, 7109.66699219, 783.447265625, 214.271316528, 90.8088607788, 44.7004432678, 53.4971351624, 81.593421936, 95.9177856445, 188.414230347, 418.287078857, 316.324554443, 91.67943573, 77.9843597412, 54.1596336365, 14.6966524124, 1.9874509573, 0.300985246897, 0.0711547061801, 0.00103013671469, 3.55283282261e-06, 7.94694976491e-09]
    },
    "gfcc": {
        "mean": [-46.074836731, 96.2433624268, -93.1781845093, 24.2984600067, -55.9620132446, 25.5373783112, -34.3040657043, 3.17882180214, -22.8731555939, 5.49865961075, -17.7444095612, 0.66559368372, -12.1143608093],
        "cov": [[30721.8242188, -732.663635254, 21.5657138824, 1152.17541504, -198.778549194, 1187.71484375, 1.00605750084, 802.187255859, 406.185943604, 1095.86791992, -383.585449219, 401.77041626, -95.408454895], [-732.663635254, 1375.67578125, 97.2671661377, -185.21472168, 196.431762695, -168.555923462, 14.3121061325, -102.332000732, -14.5204553604, -130.681243896, 69.4085922241, -97.6434936523, 60.0889015198], [21.5657138824, 97.2671661377, 1271.42529297, 221.425506592, 136.02571106, -9.33888530731, -99.4770584106, 8.32885456085, 8.67794036865, 51.4965057373, -71.9491271973, 10.949971199, 37.7198219299], [1152.17541504, -185.21472168, 221.425506592, 472.124786377, 12.0327415466, 11.3172521591, -69.7792282104, 62.4603042603, 66.2640304565, 62.6672782898, -38.2118606567, 16.6629428864, 54.4560508728], [-198.778549194, 196.431762695, 136.02571106, 12.0327415466, 372.9793396, 26.6071338654, 13.4270114899, 12.7441730499, 70.9678192139, 29.523431778, 17.5693149567, -0.681237697601, 46.0292053223], [1187.71484375, -168.555923462, -9.33888530731, 11.3172521591, 26.6071338654, 281.132629395, 93.475402832, 45.2812347412, 45.1780281067, 71.8288574219, 12.2258701324, 38.9432411194, -8.24738788605], [1.00605750084, 14.3121061325, -99.4770584106, -69.7792282104, 13.4270114899, 93.475402832, 239.595504761, 35.0920257568, 18.3248996735, 11.0703010559, 48.9535827637, 24.1755714417, -13.8864574432], [802.187255859, -102.332000732, 8.32885456085, 62.4603042603, 12.7441730499, 45.2812347412, 35.0920257568, 149.512786865, 60.7283401489, 53.3251838684, -9.31860160828, 28.7535533905, 8.76732158661], [406.185943604, -14.5204553604, 8.67794036865, 66.2640304565, 70.9678192139, 45.1780281067, 18.3248996735, 60.7283401489, 132.033126831, 62.0263748169, 8.11160850525, 9.39516448975, 26.2842254639], [1095.86791992, -130.681243896, 51.4965057373, 62.6672782898, 29.523431778, 71.8288574219, 11.0703010559, 53.3251838684, 62.0263748169, 138.729034424, 1.69109034538, 34.8857765198, 8.22740745544], [-383.585449219, 69.4085922241, -71.9491271973, -38.2118606567, 17.5693149567, 12.2258701324, 48.9535827637, -9.31860160828, 8.11160850525, 1.69109034538, 103.755577087, 16.120759964, 13.5631380081], [401.77041626, -97.6434936523, 10.949971199, 16.6629428864, -0.681237697601, 38.9432411194, 24.1755714417, 28.7535533905, 9.39516448975, 34.8857765198, 16.120759964, 86.9983825684, 12.6172170639], [-95.408454895, 60.0889015198, 37.7198219299, 54.4560508728, 46.0292053223, -8.24738788605, -13.8864574432, 8.76732158661, 26.2842254639, 8.22740745544, 13.5631380081, 12.6172170639, 90.6316833496]],
        "icov": [[7.5646523328e-05, -0.000135954614962, 6.97420546203e-05, -0.00016688699543, 8.61169974087e-05, -0.00027303819661, 0.000101417470432, -0.000216106956941, 0.000162929471117, -0.000513337145094, 0.000311104464345, -0.000209691177588, 0.000190864986507], [-0.000135954614962, 0.00137427088339, -0.000295263365842, 0.000704869744368, -0.000616549688857, 0.000982013414614, -0.000431748252595, 0.00064932287205, -0.000547322502825, 0.0015525376657, -0.0011668256484, 0.00134218938183, -0.0010758159915], [6.97420546203e-05, -0.000295263365842, 0.00104377337266, -0.000601051899139, -0.000266727962298, -0.000305838009808, 0.000300027691992, -0.000134514848469, 0.000603802327532, -0.000872929638717, 0.000901693769265, -0.000484969757963, 0.000199237299967], [-0.00016688699543, 0.000704869744368, -0.000601051899139, 0.00340258190408, 5.45009606867e-05, 0.000712315784767, 0.000359010795364, -0.000100306351669, -0.001375869615, 0.000848032534122, -0.000276732258499, 0.000761918607168, -0.00207807403058], [8.61169974087e-05, -0.000616549688857, -0.000266727962298, 5.45009606867e-05, 0.00363664445467, -0.00065842125332, 6.75940536894e-05, 5.36630841452e-06, -0.00152382079978, -0.000853488454595, 0.00026491592871, -0.000188230842468, -0.000813370163087], [-0.00027303819661, 0.000982013414614, -0.000305838009808, 0.000712315784767, -0.00065842125332, 0.00605094153434, -0.00218304130249, 0.000942624930758, -0.00123928696848, 0.000250068551395, -0.000986306462437, 0.0001078658388, -0.000310567149427], [0.000101417470432, -0.000431748252595, 0.000300027691992, 0.000359010795364, 6.75940536894e-05, -0.00218304130249, 0.00608433317393, -0.00179156532977, 3.83614969905e-05, 2.92864042422e-05, -0.00179459201172, -0.00105612794869, 0.00132679729722], [-0.000216106956941, 0.00064932287205, -0.000134514848469, -0.000100306351669, 5.36630841452e-06, 0.000942624930758, -0.00179156532977, 0.0103656295687, -0.00401041982695, 0.00023307329684, 0.000888425100129, -0.00133352400735, -0.00054132018704], [0.000162929471117, -0.000547322502825, 0.000603802327532, -0.001375869615, -0.00152382079978, -0.00123928696848, 3.83614969905e-05, -0.00401041982695, 0.0133597319946, -0.00517431274056, -0.000104882921732, 0.00153859995771, -0.00143851072062], [-0.000513337145094, 0.0015525376657, -0.000872929638717, 0.000848032534122, -0.000853488454595, 0.000250068551395, 2.92864042422e-05, 0.00023307329684, -0.00517431274056, 0.015293167904, -0.00269747409038, -0.00112932955381, -0.000604587607086], [0.000311104464345, -0.0011668256484, 0.000901693769265, -0.000276732258499, 0.00026491592871, -0.000986306462437, -0.00179459201172, 0.000888425100129, -0.000104882921732, -0.00269747409038, 0.0138136046007, -0.00347971566953, -0.00100060144905], [-0.000209691177588, 0.00134218938183, -0.000484969757963, 0.000761918607168, -0.000188230842468, 0.0001078658388, -0.00105612794869, -0.00133352400735, 0.00153859995771, -0.00112932955381, -0.00347971566953, 0.01598505117, -0.00334227783605], [0.000190864986507, -0.0010758159915, 0.000199237299967, -0.00207807403058, -0.000813370163087, -0.000310567149427, 0.00132679729722, -0.00054132018704, -0.00143851072062, -0.000604587607086, -0.00100060144905, -0.00334227783605, 0.0148411337286]]
    },
    "melbands": {
        "dmean": [0.00199074787088, 0.00213228701614, 0.000885683868546, 0.000438477349235, 0.000209641453694, 0.00019486277597, 0.000135099500767, 0.000146847625729, 0.000175443827175, 0.000141178301419, 5.44361610082e-05, 5.13178674737e-05, 0.000110907261842, 8.2386424765e-05, 7.47021622374e-05, 4.75069282402e-05, 3.99593554903e-05, 3.37576748279e-05, 2.34420494962e-05, 1.87101668416e-05, 5.89563751419e-06, 4.81299684907e-06, 4.25744019594e-06, 2.78985385194e-06, 1.98337511392e-06, 1.42005080761e-06, 2.22253106585e-06, 1.79788833066e-06, 1.73522528257e-06, 2.30870114137e-06, 2.32911634157e-06, 3.09690631184e-06, 2.30556997849e-06, 1.95517941393e-06, 1.08733843263e-06, 1.02389526546e-06, 1.03490822312e-06, 1.08899882889e-06, 8.58814644289e-07, 5.42779105217e-07],
        "dmean2": [0.00306850927882, 0.00355015997775, 0.0015172783751, 0.000711716304068, 0.000334659969667, 0.000316453864798, 0.000208741461392, 0.00023330062686, 0.000266900053248, 0.000215535284951, 8.54563404573e-05, 7.9400560935e-05, 0.000175865570782, 0.000124782745843, 0.000110276450869, 7.35958019504e-05, 6.34623575024e-05, 5.44657596038e-05, 3.73523507733e-05, 2.97370152111e-05, 9.7851288956e-06, 7.69775033405e-06, 6.96187771609e-06, 4.68687858302e-06, 3.37458027388e-06, 2.35346419686e-06, 3.64459674529e-06, 2.98015902445e-06, 2.87960483547e-06, 3.79200150746e-06, 3.71670626009e-06, 4.88046498504e-06, 3.59302180186e-06, 3.08513062919e-06, 1.67528276052e-06, 1.57430758918e-06, 1.56976693688e-06, 1.64413722814e-06, 1.27819578211e-06, 8.15035321011e-07],
        "dvar": [2.02420196729e-05, 4.13027228205e-05, 3.44421550835e-06, 9.50347441631e-07, 1.30968714984e-07, 1.87389460393e-07, 1.89164140352e-07, 1.14655122729e-07, 2.53524376603e-07, 1.54882059178e-07, 3.08262748661e-08, 2.11868780298e-08, 1.05154683183e-07, 7.91297907199e-08, 5.4920825221e-08, 2.29790373396e-08, 1.78292847153e-08, 1.1919725651e-08, 5.60372503955e-09, 3.19131521209e-09, 2.64728267085e-10, 1.42580114382e-10, 6.60158316901e-11, 2.79470908221e-11, 2.20541519075e-11, 1.15415324867e-11, 2.76002554145e-11, 2.02937059518e-11, 1.8758021178e-11, 4.09757297537e-11, 3.85594438324e-11, 7.05712224769e-11, 5.1893128683e-11, 4.57749844973e-11, 1.54716708195e-11, 1.31398971565e-11, 1.66050923012e-11, 1.69523076132e-11, 1.17685488091e-11, 5.00709760112e-12],
        "dvar2": [4.22612793045e-05, 0.000110377652163, 9.63331876846e-06, 2.49450113188e-06, 3.29680489131e-07, 4.61836521026e-07, 4.20156766268e-07, 2.74468334283e-07, 5.30979662017e-07, 3.4425886497e-07, 6.42266613227e-08, 4.77639190422e-08, 2.49234176408e-07, 1.71697607243e-07, 1.09319039154e-07, 5.28342241068e-08, 4.23392414461e-08, 2.82937353546e-08, 1.32324755597e-08, 6.72047351102e-09, 6.75123734695e-10, 3.55419749187e-10, 1.66119756839e-10, 7.47828604597e-11, 6.11212122581e-11, 3.13592589396e-11, 7.2780691196e-11, 5.29005277083e-11, 5.00329985775e-11, 1.1104120401e-10, 8.98626034695e-11, 1.64972813188e-10, 1.06968926772e-10, 9.76659725316e-11, 3.21640734879e-11, 2.79866772118e-11, 3.52498481793e-11, 3.68332621348e-11, 2.4525296724e-11, 1.06317619639e-11],
        "max": [0.0575901269913, 0.0748151019216, 0.0279776342213, 0.0192087311298, 0.00647841859609, 0.00993617996573, 0.00959797669202, 0.00769406463951, 0.0111195826903, 0.0127949044108, 0.00796503294259, 0.00488913804293, 0.0092394631356, 0.0108660534024, 0.00571437831968, 0.0041243028827, 0.00431050267071, 0.00397954182699, 0.0019545762334, 0.00232016923837, 0.000462035066448, 0.000367334549082, 0.00020050695457, 8.03381335572e-05, 7.20309690223e-05, 5.80240448471e-05, 0.00018227363762, 0.00013637066877, 9.42508049775e-05, 0.000145560508827, 0.000162311742315, 0.000301066203974, 0.000323338928865, 0.000284949375782, 0.000125027669128, 0.000149396684719, 0.000202158116736, 0.000116048118798, 0.000111546527478, 7.54846259952e-05],
        "mean": [0.00365756405517, 0.00293283211067, 0.00135930965189, 0.000738044152968, 0.000397966592573, 0.000322965410305, 0.00022831838578, 0.000265155656962, 0.000334620242938, 0.000310814764816, 9.91842171061e-05, 9.63378843153e-05, 0.000191807586816, 0.000150715612108, 0.000149572602822, 0.000108834850835, 6.34117750451e-05, 5.39275752089e-05, 4.08683627029e-05, 3.55634583684e-05, 1.13014948511e-05, 8.95124412637e-06, 8.06100433692e-06, 5.25982886757e-06, 3.42391922459e-06, 2.54843052971e-06, 4.09556014347e-06, 3.59992282029e-06, 3.30086368194e-06, 3.94474363929e-06, 4.27109989687e-06, 5.53033851247e-06, 4.16926832258e-06, 3.37690516972e-06, 1.95909524336e-06, 1.79415462753e-06, 1.80588347121e-06, 1.91072899725e-06, 1.5068205812e-06, 9.68161998571e-07],
        "median": [0.00122805940919, 0.00140821270179, 0.000824149057735, 0.000360303616617, 0.000222530623432, 0.000141395823448, 9.76599258138e-05, 8.96521814866e-05, 5.75508311158e-05, 3.96040923079e-05, 2.77657145489e-05, 2.40755816776e-05, 3.67360480595e-05, 2.93005741696e-05, 2.01026705327e-05, 1.08349686343e-05, 1.49968691403e-05, 1.32601608129e-05, 8.76457579579e-06, 7.67500205257e-06, 3.6463966353e-06, 3.21578409057e-06, 3.89624665331e-06, 2.29153602049e-06, 1.29066427235e-06, 1.05875756162e-06, 1.77008939772e-06, 1.53908467837e-06, 1.37010283652e-06, 1.4359495708e-06, 1.40787551572e-06, 1.38827920182e-06, 1.09734719445e-06, 8.82534322955e-07, 5.12329052071e-07, 4.44225975116e-07, 4.72024481724e-07, 5.27467136635e-07, 4.48131061148e-07, 3.03466151763e-07],
        "min": [1.95445337978e-24, 1.6198264724e-24, 1.09695911062e-24, 1.97638331852e-24, 1.26857067295e-24, 1.66671478688e-24, 1.85442128105e-24, 2.56139645216e-24, 3.77697292861e-24, 1.25605194342e-24, 3.03990330562e-24, 1.88307980888e-24, 2.27730693259e-24, 2.15012796074e-24, 2.68245248287e-24, 4.85512253841e-24, 3.53363300518e-24, 4.48939597313e-24, 4.35337150395e-24, 4.50468804178e-24, 4.49416660945e-24, 5.57898524935e-24, 3.6800302064e-24, 4.77246017074e-24, 4.43963896596e-24, 3.96736608581e-24, 4.80534620415e-24, 4.44810265462e-24, 5.11527229888e-24, 5.91918309245e-24, 5.03102747622e-24, 6.25752277368e-24, 5.42424189975e-24, 6.37359063968e-24, 6.76563952122e-24, 5.74209446885e-24, 7.2077171725e-24, 6.24780400733e-24, 6.88654113241e-24, 6.4075128419e-24],
        "var": [3.94624294131e-05, 3.65636005881e-05, 3.66035601473e-06, 1.52757854721e-06, 2.88768433165e-07, 3.4013316963e-07, 2.99145114013e-07, 2.67778403895e-07, 6.43427426894e-07, 6.32904686881e-07, 6.80107206108e-08, 5.55398358415e-08, 2.45254767606e-07, 1.9626193648e-07, 1.67248217053e-07, 9.84803847359e-08, 3.03011411518e-08, 2.17836326755e-08, 1.16919220972e-08, 9.33736377107e-09, 5.73738112575e-10, 3.18702980673e-10, 1.47176451581e-10, 5.58609894452e-11, 3.0585461247e-11, 1.76386232009e-11, 4.86716292269e-11, 3.6912969209e-11, 3.26447271992e-11, 5.86313914086e-11, 7.28206939193e-11, 1.47164017084e-10, 1.38979161513e-10, 9.82795164695e-11, 3.30647627333e-11, 2.70816407494e-11, 2.97594136833e-11, 2.9079551267e-11, 2.13063611892e-11, 8.43806014644e-12]
    },
    "mfcc": {
        "mean": [-689.157836914, 126.898490906, 21.4633026123, 10.0262393951, 5.76753950119, 16.0727577209, 2.27490854263, 0.674031674862, 2.88828158379, -1.56978440285, 0.811474204063, 0.826852023602, -0.283253967762],
        "cov": [[20235.484375, -102.969154358, -131.769485474, 364.833251953, 192.254226685, 812.143249512, 20.4090251923, 213.637069702, 670.124816895, 624.921386719, 483.319976807, 384.143371582, 239.34413147], [-102.969154358, 1429.68103027, 135.056274414, 54.9536323547, 120.180603027, -10.7168607712, 48.9922866821, -36.0987739563, -8.04723739624, -68.5681304932, -39.1557922363, 24.0386314392, -3.34362792969], [-131.769485474, 135.056274414, 810.329833984, 208.228164673, 104.80330658, 61.6258468628, -22.7208862305, -44.278087616, 18.048614502, -38.1142616272, -50.9742622375, -22.1115036011, 7.40510416031], [364.833251953, 54.9536323547, 208.228164673, 401.706176758, 149.4112854, -2.42805027962, -51.2077903748, -37.9685516357, 56.1421051025, 9.01471996307, -49.7437171936, 5.22220087051, 15.3509683609], [192.254226685, 120.180603027, 104.80330658, 149.4112854, 335.698455811, 61.1804542542, -44.7069358826, -39.047706604, 59.1190834045, 31.2872047424, -36.393119812, 9.52791404724, 13.4151306152], [812.143249512, -10.7168607712, 61.6258468628, -2.42805027962, 61.1804542542, 220.101699829, 49.374874115, 29.7443141937, 44.8217201233, 37.0151901245, 52.5366783142, 27.0334529877, 11.9572820663], [20.4090251923, 48.9922866821, -22.7208862305, -51.2077903748, -44.7069358826, 49.374874115, 144.774520874, 56.5942115784, 0.384093314409, 3.43396139145, 29.2791404724, 17.8956890106, 8.57754230499], [213.637069702, -36.0987739563, -44.278087616, -37.9685516357, -39.047706604, 29.7443141937, 56.5942115784, 128.10319519, 18.6363735199, 24.9176940918, 38.5936050415, 7.62855195999, 9.88445281982], [670.124816895, -8.04723739624, 18.048614502, 56.1421051025, 59.1190834045, 44.8217201233, 0.384093314409, 18.6363735199, 128.554000854, 48.6220245361, 18.0482959747, 19.2407264709, 1.99494254589], [624.921386719, -68.5681304932, -38.1142616272, 9.01471996307, 31.2872047424, 37.0151901245, 3.43396139145, 24.9176940918, 48.6220245361, 128.316894531, 43.5344696045, 12.7989091873, 12.7145652771], [483.319976807, -39.1557922363, -50.9742622375, -49.7437171936, -36.393119812, 52.5366783142, 29.2791404724, 38.5936050415, 18.0482959747, 43.5344696045, 115.995033264, 26.4259204865, -1.40401053429], [384.143371582, 24.0386314392, -22.1115036011, 5.22220087051, 9.52791404724, 27.0334529877, 17.8956890106, 7.62855195999, 19.2407264709, 12.7989091873, 26.4259204865, 82.7476654053, 25.6561527252], [239.34413147, -3.34362792969, 7.40510416031, 15.3509683609, 13.4151306152, 11.9572820663, 8.57754230499, 9.88445281982, 1.99494254589, 12.7145652771, -1.40401053429, 25.6561527252, 74.5459823608]],
