{
"lowlevel": {
    "average_loudness": 0.77720105648,
    "barkbands_crest": {
        "dmean": 2.86496353149,
        "dmean2": 4.54659318924,
        "dvar": 6.26961374283,
        "dvar2": 15.3952627182,
        "max": 26.2615852356,
        "mean": 11.8497772217,
        "median": 11.1266784668,
        "min": 2.79345941544,
        "var": 20.4671726227
    },
    "barkbands_flatness_db": {
        "dmean": 0.0227323938161,
        "dmean2": 0.0342130027711,
        "dvar": 0.000568173418287,
        "dvar2": 0.00121986784507,
        "max": 0.551002860069,
        "mean": 0.174566224217,
        "median": 0.158004745841,
        "min": 0.0181469134986,
        "var": 0.00546718155965
    },
    "barkbands_kurtosis": {
        "dmean": 3.86119270325,
        "dmean2": 6.13611507416,
        "dvar": 129.559051514,
        "dvar2": 345.546966553,
        "max": 458.19732666,
        "mean": 6.39934396744,
        "median": 2.2989718914,
        "min": -1.91959059238,
        "var": 235.140274048
    },
    "barkbands_skewness": {
        "dmean": 0.556134581566,
        "dmean2": 0.850534021854,
        "dvar": 0.458208858967,
        "dvar2": 1.024964571,
        "max": 18.5585861206,
        "mean": 1.4646435976,
        "median": 1.22427368164,
        "min": -2.77159547806,
        "var": 2.12032175064
    },
    "barkbands_spread": {
        "dmean": 3.9540438652,
        "dmean2": 6.0485124588,
        "dvar": 52.687461853,
        "dvar2": 101.999641418,
        "max": 124.331817627,
        "mean": 15.1905555725,
        "median": 12.5362939835,
        "min": 0.144786819816,
        "var": 167.08946228
    },
    "dissonance": {
        "dmean": 0.028880411759,
        "dmean2": 0.0487837642431,
        "dvar": 0.000782061775681,
        "dvar2": 0.00211559515446,
        "max": 0.500000119209,
        "mean": 0.437781095505,
        "median": 0.452725768089,
        "min": 0.191393077374,
        "var": 0.00270809885114
    },
    "dynamic_complexity": 4.76880407333,
    "erbbands_crest": {
        "dmean": 2.85452008247,
        "dmean2": 4.63768625259,
        "dvar": 6.67865133286,
        "dvar2": 17.1122455597,
        "max": 30.3151111603,
        "mean": 11.0514307022,
        "median": 10.1381816864,
        "min": 2.41846013069,
        "var": 23.4769973755
    },
    "erbbands_flatness_db": {
        "dmean": 0.0173359978944,
        "dmean2": 0.0256218910217,
        "dvar": 0.000306006259052,
        "dvar2": 0.000613410375081,
        "max": 0.384983032942,
        "mean": 0.191189706326,
        "median": 0.184631630778,
        "min": 0.0477665923536,
        "var": 0.00350251048803
    },
    "erbbands_kurtosis": {
        "dmean": 1.51209151745,
        "dmean2": 2.41772317886,
        "dvar": 4.64131069183,
        "dvar2": 11.6350803375,
        "max": 39.290977478,
        "mean": 2.35132312775,
        "median": 1.1973991394,
        "min": -1.81488335133,
        "var": 13.3348369598
    },
    "erbbands_skewness": {
        "dmean": 0.404886126518,
        "dmean2": 0.615573942661,
        "dvar": 0.188904523849,
        "dvar2": 0.399366855621,
        "max": 5.5746383667,
        "mean": 0.740032732487,
        "median": 0.681948900223,
        "min": -3.90995740891,
        "var": 0.807522892952
    },
    "erbbands_spread": {
        "dmean": 5.72819423676,
        "dmean2": 8.8763256073,
        "dvar": 72.0597686768,
        "dvar2": 172.24949646,
        "max": 119.826766968,
        "mean": 24.1676216125,
        "median": 20.3002471924,
        "min": 2.69498348236,
        "var": 238.377502441
    },
    "hfc": {
        "dmean": 4.97907400131,
        "dmean2": 7.40781593323,
        "dvar": 61.3522148132,
        "dvar2": 125.037200928,
        "max": 141.0418396,
        "mean": 18.2492580414,
        "median": 12.4853506088,
        "min": 1.06931298763e-16,
        "var": 314.163970947
    },
    "melbands_crest": {
        "dmean": 3.54338359833,
        "dmean2": 5.76531124115,
        "dvar": 10.1282672882,
        "dvar2": 26.4859981537,
        "max": 35.0561218262,
        "mean": 15.0959539413,
        "median": 14.4849710464,
        "min": 1.00678873062,
        "var": 32.0684661865
    },
    "melbands_flatness_db": {
        "dmean": 0.0273932218552,
        "dmean2": 0.0405455045402,
        "dvar": 0.000890373077709,
        "dvar2": 0.00184138363693,
        "max": 0.691207885742,
        "mean": 0.250254064798,
        "median": 0.233055397868,
        "min": -2.32973349057e-07,
        "var": 0.0089707840234
    },
    "melbands_kurtosis": {
        "dmean": 5.81619596481,
        "dmean2": 9.25137615204,
        "dvar": 197.033279419,
        "dvar2": 503.925933838,
        "max": 588.243774414,
        "mean": 10.4318675995,
        "median": 4.64709997177,
        "min": -1.88046216965,
        "var": 453.554901123
    },
    "melbands_skewness": {
        "dmean": 0.644719362259,
        "dmean2": 0.995797157288,
        "dvar": 0.52696365118,
        "dvar2": 1.22997653484,
        "max": 17.1594676971,
        "mean": 1.9904897213,
        "median": 1.74148607254,
        "min": -1.37447237968,
        "var": 2.41651773453
    },
    "melbands_spread": {
        "dmean": 5.37700796127,
        "dmean2": 8.2134552002,
        "dvar": 119.891189575,
        "dvar2": 226.521087646,
        "max": 198.270843506,
        "mean": 18.9686813354,
        "median": 14.4113759995,
        "min": 0.332860887051,
        "var": 431.00378418
    },
    "pitch_salience": {
        "dmean": 0.0724349692464,
        "dmean2": 0.116799123585,
        "dvar": 0.00470641441643,
        "dvar2": 0.0114612095058,
        "max": 0.997633993626,
        "mean": 0.529086887836,
        "median": 0.532947957516,
        "min": 0.064692273736,
        "var": 0.0146652096882
    },
    "silence_rate_20dB": {
        "dmean": 0,
        "dmean2": 0,
        "dvar": 0,
        "dvar2": 0,
        "max": 1,
        "mean": 1,
        "median": 1,
        "min": 1,
        "var": 0
    },
    "silence_rate_30dB": {
        "dmean": 0.00750226341188,
        "dmean2": 0.0150064686313,
        "dvar": 0.00744627369568,
        "dvar2": 0.019439401105,
        "max": 1,
        "mean": 0.994568049908,
        "median": 1,
        "min": 0,
        "var": 0.00540253752843
    },
    "silence_rate_60dB": {
        "dmean": 0.0157806240022,
        "dmean2": 0.0315653309226,
        "dvar": 0.0155328456312,
        "dvar2": 0.0367768406868,
        "max": 1,
        "mean": 0.0980341434479,
        "median": 0,
        "min": 0,
        "var": 0.0884089097381
    },
    "spectral_centroid": {
        "dmean": 176.745300293,
        "dmean2": 264.487365723,
        "dvar": 125911.9375,
        "dvar2": 209198.015625,
        "max": 11653.4580078,
        "mean": 1063.36889648,
        "median": 886.88861084,
        "min": 98.4387283325,
        "var": 1204301.125
    },
    "spectral_complexity": {
        "dmean": 2.46410560608,
        "dmean2": 3.89417862892,
        "dvar": 8.65187835693,
        "dvar2": 18.3285923004,
        "max": 54,
        "mean": 15.8634243011,
        "median": 14,
        "min": 0,
        "var": 98.3539962769
    },
    "spectral_decrease": {
        "dmean": 2.22473439671e-09,
        "dmean2": 3.44820283438e-09,
        "dvar": 8.66257617307e-18,
        "dvar2": 2.10190001634e-17,
        "max": 1.53356962573e-28,
        "mean": -7.61285168238e-09,
        "median": -6.13510664493e-09,
        "min": -3.51083571104e-08,
        "var": 4.11730307951e-17
    },
    "spectral_energy": {
        "dmean": 0.00867138523608,
        "dmean2": 0.0134149603546,
        "dvar": 0.000128022045828,
        "dvar2": 0.000309953989927,
        "max": 0.137575432658,
        "mean": 0.0303879529238,
        "median": 0.0244709886611,
        "min": 9.96486793264e-21,
        "var": 0.00064252782613
    },
    "spectral_energyband_high": {
        "dmean": 0.000240500652581,
        "dmean2": 0.000340787897585,
        "dvar": 7.70289830143e-07,
        "dvar2": 1.39625672091e-06,
        "max": 0.019404515624,
        "mean": 0.000473263760796,
        "median": 0.000117586052511,
        "min": 7.27386441527e-21,
        "var": 1.66560766957e-06
    },
    "spectral_energyband_low": {
        "dmean": 0.00549537595361,
        "dmean2": 0.0087908115238,
        "dvar": 0.000110174507427,
        "dvar2": 0.000275429338217,
        "max": 0.11785749346,
        "mean": 0.0110452724621,
        "median": 0.00302540604025,
        "min": 2.60143875561e-23,
        "var": 0.000266398128588
    },
    "spectral_energyband_middle_high": {
        "dmean": 0.00209965766408,
        "dmean2": 0.0032634458039,
        "dvar": 1.22403862406e-05,
        "dvar2": 3.09570386889e-05,
        "max": 0.059365272522,
        "mean": 0.00639985874295,
        "median": 0.00273988768458,
        "min": 1.10448645056e-21,
        "var": 6.72616515658e-05
    },
    "spectral_energyband_middle_low": {
        "dmean": 0.00482438597828,
        "dmean2": 0.0076054004021,
        "dvar": 5.00281203131e-05,
        "dvar2": 0.00012516816787,
        "max": 0.106539674103,
        "mean": 0.0130898868665,
        "median": 0.0111619308591,
        "min": 1.80699773233e-22,
        "var": 0.00012111619435
    },
    "spectral_entropy": {
        "dmean": 0.176872357726,
        "dmean2": 0.260867714882,
        "dvar": 0.0479273423553,
        "dvar2": 0.0914516225457,
        "max": 9.81822872162,
        "mean": 7.14650058746,
        "median": 7.31174755096,
        "min": 4.8121213913,
        "var": 0.555301606655
    },
    "spectral_flux": {
        "dmean": 0.0226312670857,
        "dmean2": 0.035206977278,
        "dvar": 0.000651449488942,
        "dvar2": 0.00139858620241,
        "max": 0.307604402304,
        "mean": 0.0790934637189,
        "median": 0.0715746432543,
        "min": 6.41049158201e-11,
        "var": 0.00263506453484
    },
    "spectral_kurtosis": {
        "dmean": 3.46783876419,
        "dmean2": 5.68117332458,
        "dvar": 40.2224807739,
        "dvar2": 106.494194031,
        "max": 127.377105713,
        "mean": 10.9339056015,
        "median": 6.5362868309,
        "min": -1.2539254427,
        "var": 169.70362854
    },
    "spectral_rms": {
        "dmean": 0.000720876792911,
        "dmean2": 0.00109161785804,
        "dvar": 6.24261474513e-07,
        "dvar2": 1.41034195167e-06,
        "max": 0.0115853333846,
        "mean": 0.00488526374102,
        "median": 0.00488611683249,
        "min": 3.11798373578e-12,
        "var": 5.78087883696e-06
    },
    "spectral_rolloff": {
        "dmean": 307.682342529,
        "dmean2": 513.486816406,
        "dvar": 626782.125,
        "dvar2": 1212322.125,
        "max": 19509.0820312,
        "mean": 1219.53918457,
        "median": 818.26171875,
        "min": 64.599609375,
        "var": 3822311
    },
    "spectral_skewness": {
        "dmean": 0.331831216812,
        "dmean2": 0.515915930271,
        "dvar": 0.196838781238,
        "dvar2": 0.450727939606,
        "max": 9.38547420502,
        "mean": 2.386906147,
        "median": 2.0499420166,
        "min": -0.0696493461728,
        "var": 1.41956830025
    },
    "spectral_spread": {
        "dmean": 462951.96875,
        "dmean2": 685977.8125,
        "dvar": 856280465408,
        "dvar2": 1.61749912781e+12,
        "max": 42634216,
        "mean": 4115009,
        "median": 3738748.75,
        "min": 707626.25,
        "var": 1.23618983936e+13
    },
    "spectral_strongpeak": {
        "dmean": 0.502211987972,
        "dmean2": 0.856006503105,
        "dvar": 0.713671267033,
        "dvar2": 1.83339691162,
        "max": 9.85867977142,
        "mean": 1.01102530956,
        "median": 0.53215944767,
        "min": 0,
        "var": 1.43140661716
    },
    "zerocrossingrate": {
        "dmean": 0.00813359953463,
        "dmean2": 0.00941744819283,
        "dvar": 0.000237178959651,
        "dvar2": 0.000244650931563,
        "max": 0.654296875,
        "mean": 0.0475315786898,
        "median": 0.0380859375,
        "min": 0.00244140625,
        "var": 0.00295131187886
    },
    "barkbands": {
        "dmean": [9.02882238734e-05, 0.00479912897572, 0.00172137946356, 0.000522202753928, 0.00177676230669, 0.00141134066507, 0.000884194800165, 0.000898096186575, 0.00156996038277, 0.000994528993033, 0.000709531072062, 0.000372469308786, 0.000572184217162, 0.000296687561786, 0.000245563103817, 0.000163277130923, 0.00012613151921, 0.000109184955363, 6.40646539978e-05, 6.97720752214e-05, 6.66116466164e-05, 7.35629364499e-05, 5.27659103682e-05, 3.01364307234e-05, 2.35371153394e-05, 8.95198900253e-06, 3.5541725083e-06],
        "dmean2": [0.000130445318064, 0.00753276189789, 0.00294812512584, 0.00091967114713, 0.0028898420278, 0.00231813779101, 0.00136627606116, 0.0013981933007, 0.00248363055289, 0.00156928703655, 0.001138343825, 0.00060023041442, 0.000901209714357, 0.000483448588056, 0.000396408082452, 0.000260216853349, 0.000201672664843, 0.000177162277396, 0.00010324086179, 0.000112669644295, 0.000104357772216, 0.000110518652946, 7.9039054981e-05, 4.48057980975e-05, 3.39524121955e-05, 1.29250856844e-05, 5.01097883898e-06],
        "dvar": [4.00623285657e-08, 8.29525088193e-05, 3.09293609462e-05, 1.98345765057e-06, 1.20831473396e-05, 1.05245844679e-05, 8.63985769683e-06, 4.9621294238e-06, 9.11978986551e-06, 5.02832699567e-06, 3.32063154929e-06, 5.16935756423e-07, 1.66662493939e-06, 4.9254424539e-07, 4.91138735015e-07, 2.02633131607e-07, 9.88841790672e-08, 5.37514921461e-08, 3.46805357765e-08, 5.60240884795e-08, 1.01052457069e-07, 1.15031454584e-07, 3.14326911166e-08, 9.42364053458e-09, 1.04746966656e-08, 1.20259358027e-09, 3.22547155651e-10],
        "dvar2": [7.84245273167e-08, 0.00019292140496, 8.16413594293e-05, 5.61489741813e-06, 3.14925055136e-05, 2.79632095044e-05, 2.19915345951e-05, 1.17038271128e-05, 2.20634556172e-05, 1.2610847989e-05, 8.80507286638e-06, 1.31773447265e-06, 3.930245839e-06, 1.22259621094e-06, 1.2201763866e-06, 4.74375781323e-07, 2.33341893363e-07, 1.38042167919e-07, 7.68195036471e-08, 1.37830738822e-07, 2.27686840049e-07, 2.31194917433e-07, 6.10974026927e-08, 1.93749620792e-08, 2.14194830761e-08, 2.54879717332e-09, 6.05130001663e-10],
        "max": [0.00390209676698, 0.0970013290644, 0.0623493678868, 0.0207941047847, 0.0617767050862, 0.0653536990285, 0.0708391070366, 0.0524922348559, 0.053088799119, 0.0425953678787, 0.0390021950006, 0.0139653701335, 0.0250706225634, 0.0138834221289, 0.0192555710673, 0.0141775812954, 0.00835159793496, 0.00553840491921, 0.0094407396391, 0.0075940717943, 0.0108169801533, 0.0104406327009, 0.00410214439034, 0.00250370008871, 0.00345131778158, 0.00101603497751, 0.000602526764851],
        "mean": [0.000174547341885, 0.00886728987098, 0.00161411089357, 0.000742255884688, 0.00362902786583, 0.0025353715755, 0.00152002251707, 0.00132845889311, 0.00295268022455, 0.00177448696923, 0.00128174235579, 0.000631909468211, 0.00101429515053, 0.000489034689963, 0.000415812741267, 0.000289599382086, 0.000235088460613, 0.000207637131098, 0.000128660161863, 0.000137307186378, 9.83236823231e-05, 0.000112354762678, 9.75699222181e-05, 5.27540760231e-05, 3.79399243684e-05, 1.48134231495e-05, 4.85402188133e-06],
        "median": [2.25455914915e-05, 0.00222445884719, 0.000336074241204, 0.000257064122707, 0.00177514750976, 0.000888866255991, 0.00049214460887, 0.000378995784558, 0.000889096525498, 0.000366666266927, 0.000271144905128, 0.000237394095166, 0.000183939060662, 0.0001017999748, 8.26859904919e-05, 7.86939272075e-05, 6.5505868406e-05, 5.74709119974e-05, 3.42036837537e-05, 3.06911097141e-05, 1.17384115583e-05, 1.39421263157e-05, 2.49591412285e-05, 1.49527440954e-05, 9.26213942876e-06, 3.72045542463e-06, 5.85161046729e-07],
        "min": [6.62998345008e-25, 2.99736536181e-24, 6.91831211094e-25, 6.24315958875e-25, 7.55249987518e-24, 7.81468331906e-24, 3.76635288867e-24, 5.70876706775e-24, 2.132223027e-23, 2.3743364295e-23, 1.35434527439e-23, 2.94836637109e-23, 3.13705685091e-23, 2.33324229836e-23, 3.75626911638e-23, 6.87024137285e-23, 6.48236351446e-23, 1.00762282586e-22, 1.3954612412e-22, 1.71301107703e-22, 1.77242959503e-22, 3.1480740192e-22, 4.23947885879e-22, 6.09698754421e-22, 8.49477835459e-22, 1.39108029901e-21, 1.87911039806e-21],
        "var": [1.31296744144e-07, 0.000195524698938, 2.33777009271e-05, 2.04507227863e-06, 2.41884990828e-05, 1.93523665075e-05, 1.26554932649e-05, 7.47986223359e-06, 2.49360600719e-05, 1.30490707306e-05, 8.3242148321e-06, 1.03643606053e-06, 4.78623906019e-06, 9.93351250145e-07, 1.01871592051e-06, 4.60391106571e-07, 2.57342719578e-07, 1.28097511265e-07, 6.90077115451e-08, 8.97562131286e-08, 1.39690513379e-07, 1.94180813651e-07, 6.66931754267e-08, 1.80168839847e-08, 1.6654951196e-08, 2.08750816633e-09, 5.73514069568e-10]
    },
    "erbbands": {
        "dmean": [0.138357982039, 1.13209557533, 2.06926655769, 1.65989923477, 2.63618087769, 7.06422805786, 9.88345718384, 14.3247423172, 12.3435335159, 12.6930179596, 20.1506481171, 38.4653167725, 31.337430954, 25.3865909576, 27.0673122406, 11.1411676407, 23.2949008942, 15.3675880432, 16.2697143555, 7.77910232544, 7.70200824738, 7.29993486404, 6.51932859421, 3.54186058044, 3.15563559532, 3.25642132759, 2.42501139641, 2.94055533409, 2.66228055954, 2.08693313599, 1.47413182259, 0.782848417759, 0.446938842535, 0.312115192413, 0.143169030547, 0.0473273545504, 0.0153566328809, 0.00410505943, 0.000706060207449, 2.93633656838e-05],
        "dmean2": [0.201256215572, 1.79331505299, 3.46381831169, 2.90709686279, 4.37218284607, 11.5738420486, 15.5448942184, 23.6133060455, 19.5029029846, 19.729801178, 30.9863739014, 60.9618606567, 48.1539382935, 40.1425323486, 43.8215637207, 18.1617031097, 37.1075248718, 24.6827297211, 25.9339122772, 12.3228492737, 12.1204948425, 11.6624593735, 10.5618600845, 5.64824914932, 5.07518148422, 5.26418972015, 3.82365226746, 4.54122638702, 4.07069587708, 3.0498893261, 2.22109436989, 1.17776226997, 0.672364711761, 0.45480799675, 0.209835276008, 0.0680946707726, 0.0223981738091, 0.00580702815205, 0.000998198403977, 4.20741234848e-05],
        "dvar": [0.065330915153, 5.11252975464, 38.1756782532, 24.6644001007, 36.9278373718, 211.607254028, 607.557250977, 1081.82116699, 2072.98022461, 1178.65344238, 2363.18579102, 5940.91796875, 3561.09765625, 3923.43969727, 5385.37744141, 447.57333374, 2651.11889648, 1192.95617676, 1853.01953125, 461.377380371, 353.862823486, 327.614013672, 189.443283081, 122.96938324, 84.4840621948, 144.467285156, 105.098770142, 223.129562378, 156.829772949, 77.1904678345, 26.1971664429, 7.18176460266, 2.00049448013, 1.74838423729, 0.386367321014, 0.0326901786029, 0.00418463768438, 0.000382736092433, 1.28823803607e-05, 1.37635254305e-08],
        "dvar2": [0.133773192763, 12.0140743256, 98.1300048828, 68.8994903564, 94.9292297363, 550.470458984, 1533.65600586, 2868.84472656, 5438.56640625, 2845.67919922, 5515.19091797, 14225.1201172, 8744.05175781, 10319.5888672, 14497.4912109, 1135.15844727, 6525.13916016, 3014.21386719, 4626.94775391, 1113.1418457, 819.803344727, 753.695129395, 485.164825439, 289.344482422, 193.272796631, 365.878173828, 231.915420532, 509.680297852, 342.908843994, 158.5181427, 53.1295547485, 15.2063941956, 4.03035306931, 3.60268855095, 0.826928317547, 0.0676195025444, 0.00935851223767, 0.000819924287498, 2.37880049099e-05, 2.6809487963e-08],
        "max": [2.87991523743, 25.8648357391, 70.8945007324, 61.9025764465, 184.748947144, 255.007034302, 416.284912109, 653.254272461, 1206.5925293, 830.727355957, 1194.9864502, 1568.5769043, 1123.65161133, 1636.54724121, 1908.75463867, 392.894744873, 1021.63879395, 862.466125488, 964.484924316, 988.566223145, 483.250091553, 491.071655273, 275.136688232, 679.45489502, 273.54107666, 463.944610596, 294.569061279, 496.312133789, 391.510498047, 365.000366211, 101.727615356, 72.4284591675, 37.5788803101, 41.8254318237, 23.4576625824, 6.19208192825, 2.09734487534, 0.60131829977, 0.119715452194, 0.00371473887935],
        "mean": [0.257605463266, 1.94439232349, 2.3939845562, 2.2052218914, 4.97906303406, 13.5336503983, 18.2274208069, 25.4914989471, 22.5143871307, 21.543428421, 33.060043335, 70.9540710449, 64.0210113525, 46.6275749207, 53.3506774902, 22.070482254, 42.8926506042, 31.1308116913, 30.1813812256, 15.4169874191, 14.7137861252, 14.3972978592, 12.4408855438, 7.81418848038, 6.66747570038, 6.31358194351, 3.88288712502, 4.1072769165, 3.95051240921, 3.55284190178, 2.64287018776, 1.35427486897, 0.777670681477, 0.492529004812, 0.229549348354, 0.0775634273887, 0.0246843937784, 0.00621994398534, 0.000979245058261, 6.53960232739e-05],
        "median": [0.0650217682123, 0.481149852276, 0.607751011848, 0.848704278469, 2.09608888626, 5.99170589447, 7.74614953995, 8.46866989136, 8.4662322998, 9.00708866119, 12.3891172409, 22.8479614258, 19.5095291138, 13.3937492371, 14.6826295853, 9.35703277588, 9.11877727509, 7.30884647369, 6.63778209686, 4.10457515717, 4.74823188782, 4.27063655853, 3.54480075836, 2.21340942383, 1.67429995537, 1.41779816151, 0.666742801666, 0.417427957058, 0.435827553272, 0.707179427147, 0.665127754211, 0.348153859377, 0.237680062652, 0.115737482905, 0.0586408004165, 0.0188314225525, 0.00620003044605, 0.00146923714783, 0.000123110148706, 3.72434806195e-05],
        "min": [8.20970383963e-23, 6.27739258639e-22, 1.33420385688e-21, 3.4754167112e-21, 1.30077980265e-20, 2.43308601743e-20, 4.18168912526e-20, 5.32699984711e-20, 9.67506116606e-20, 1.34257681895e-19, 2.53824119124e-19, 4.88204220577e-19, 4.89255722232e-19, 6.03630657614e-19, 7.86753504283e-19, 1.04905681922e-18, 1.55445776284e-18, 1.51487975547e-18, 1.55508445555e-18, 3.10399752335e-18, 5.01846217656e-18, 5.34756632302e-18, 5.57320051461e-18, 6.77605099262e-18, 7.48644362884e-18, 8.83824286539e-18, 7.16539249924e-18, 9.27818714599e-18, 1.07025177145e-17, 1.12457983603e-17, 1.21143975605e-17, 1.10744015743e-17, 1.00347902271e-17, 8.73812009687e-18, 6.83140385126e-18, 4.74382249676e-18, 2.2828158314e-18, 9.75651053905e-19, 2.58563036853e-19, 2.6137364471e-20],
        "var": [0.176272600889, 10.5336904526, 35.1519088745, 20.2010135651, 75.7606887817, 421.611816406, 986.494628906, 2239.9128418, 2939.34619141, 1724.28466797, 3704.57836914, 15703.2392578, 11353.28125, 8998.390625, 15045.4365234, 1090.31726074, 7500.13134766, 3707.67016602, 4184.87890625, 1133.36694336, 885.274963379, 894.421447754, 466.468597412, 234.872970581, 170.855102539, 199.163635254, 145.719665527, 307.77053833, 240.608856201, 137.422729492, 51.1367073059, 13.4138259888, 3.78089189529, 2.72848820686, 0.594867885113, 0.0573842562735, 0.00654143746942, 0.00060470867902, 2.33054033743e-05, 2.53666687655e-08]
    },
    "gfcc": {
        "mean": [-47.8627319336, 111.050842285, -106.499778748, 6.31977367401, -58.4484214783, 12.4425544739, -33.494972229, 9.4464673996, -17.7520294189, -1.80341100693, -10.1293840408, 2.93723940849, -6.98278951645],
        "cov": [[23236.4296875, -645.292602539, -1627.31164551, 1059.60754395, -586.015930176, 937.576782227, -91.8294143677, 623.072387695, -64.8710327148, 324.778411865, 53.6209564209, 325.13949585, -117.835533142], [-645.292602539, 2176.60571289, 512.430969238, -265.259918213, 285.891448975, -178.118972778, -21.1058826447, -121.398353577, 2.82024359703, -139.241821289, 140.295562744, -125.118904114, -0.365957975388], [-1627.31164551, 512.430969238, 1425.49169922, 132.590240479, 72.127571106, -95.9795379639, -80.4875640869, -125.583900452, 12.4735774994, -77.2603302002, 14.9056749344, -49.5010299683, -30.5881576538], [1059.60754395, -265.259918213, 132.590240479, 702.475463867, 121.190567017, 125.278923035, 99.1906738281, 91.0933151245, 72.9605102539, 134.480300903, 9.74967002869, 45.6204452515, 30.7390785217], [-586.015930176, 285.891448975, 72.127571106, 121.190567017, 374.735992432, 88.9866867065, 110.593818665, 54.9305076599, 70.9245986938, 71.2794418335, 48.9457855225, 13.714184761, 24.1199111938], [937.576782227, -178.118972778, -95.9795379639, 125.278923035, 88.9866867065, 296.321655273, 145.04208374, 98.5526885986, 46.2212104797, 84.8916931152, 24.0429897308, 33.9619216919, -6.01716470718], [-91.8294143677, -21.1058826447, -80.4875640869, 99.1906738281, 110.593818665, 145.04208374, 300.603637695, 54.5250549316, 28.7607307434, 79.8205566406, 32.9828948975, 12.6566877365, 9.37185001373], [623.072387695, -121.398353577, -125.583900452, 91.0933151245, 54.9305076599, 98.5526885986, 54.5250549316, 182.356643677, 68.1456069946, 47.0630645752, 31.1767158508, 42.4660835266, 29.4812889099], [-64.8710327148, 2.82024359703, 12.4735774994, 72.9605102539, 70.9245986938, 46.2212104797, 28.7607307434, 68.1456069946, 136.173446655, 47.3686714172, 31.1351318359, 28.4437828064, 34.23097229], [324.778411865, -139.241821289, -77.2603302002, 134.480300903, 71.2794418335, 84.8916931152, 79.8205566406, 47.0630645752, 47.3686714172, 171.44367981, 33.5311508179, 41.1232261658, 23.226606369], [53.6209564209, 140.295562744, 14.9056749344, 9.74967002869, 48.9457855225, 24.0429897308, 32.9828948975, 31.1767158508, 31.1351318359, 33.5311508179, 119.509658813, 37.386806488, 13.8357906342], [325.13949585, -125.118904114, -49.5010299683, 45.6204452515, 13.714184761, 33.9619216919, 12.6566877365, 42.4660835266, 28.4437828064, 41.1232261658, 37.386806488, 105.314399719, 30.8928470612], [-117.835533142, -0.365957975388, -30.5881576538, 30.7390785217, 24.1199111938, -6.01716470718, 9.37185001373, 29.4812889099, 34.23097229, 23.226606369, 13.8357906342, 30.8928470612, 77.54322052]],
        "icov": [[9.03471300262e-05, -0.000128304367536, 0.000108190608444, -0.000189023892744, 0.00029925009585, -0.000330706418026, 0.000205311502214, -0.00022805921617, 0.000174483269802, -0.00010677739192, 0.000101629462733, -0.000276922015473, 0.000244593655225], [-0.000128304367536, 0.00102955452166, -0.000329181057168, 0.000526489224285, -0.00117944588419, 0.00078624516027, -0.000330803042743, 0.000598858227022, -0.000266807590378, 0.000706008519046, -0.00138750497717, 0.00143040262628, -0.000704481150024], [0.000108190608444, -0.000329181057168, 0.00104155321606, -0.000619262747932, 0.000275799888186, -0.000368754117517, 0.000433375214925, 0.000403491954785, -0.000207769320696, 0.000291373027721, 1.01123725926e-06, -0.000345041335095, 0.000640736019704], [-0.000189023892744, 0.000526489224285, -0.000619262747932, 0.00240511470474, -0.00103404989932, 0.000541811983567, -0.000590610026848, -6.71251982567e-05, -0.000468674552394, -0.000848729920108, 0.000112436988275, 0.000591729884036, -0.000816555460915], [0.00029925009585, -0.00117944588419, 0.000275799888186, -0.00103404989932, 0.00517409434542, -0.00171697488986, -8.56866245158e-05, -0.00113867234904, -0.000411676155636, -0.0013505249517, 0.000626153138001, -0.00115939194802, 0.000604939414188], [-0.000330706418026, 0.00078624516027, -0.000368754117517, 0.000541811983567, -0.00171697488986, 0.00706541119143, -0.00268925633281, -0.00114392663818, -0.000996762071736, -0.000503202551045, -0.00035649703932, 0.000439976749476, 0.001462246757], [0.000205311502214, -0.000330803042743, 0.000433375214925, -0.000590610026848, -8.56866245158e-05, -0.00268925633281, 0.00536815961823, -0.000457954447484, 0.000914443575311, -0.0012267366983, -0.000467606936581, 0.000246308889473, 7.87441967987e-06], [-0.00022805921617, 0.000598858227022, 0.000403491954785, -6.71251982567e-05, -0.00113867234904, -0.00114392663818, -0.000457954447484, 0.00963652040809, -0.00343057257123, 0.00131615845021, -0.0015371076297, -0.000116674273158, -0.00206000125036], [0.000174483269802, -0.000266807590378, -0.000207769320696, -0.000468674552394, -0.000411676155636, -0.000996762071736, 0.000914443575311, -0.00343057257123, 0.0112423766404, -0.00159034156241, -0.000715800153557, -0.000517962849699, -0.00254026893526], [-0.00010677739192, 0.000706008519046, 0.000291373027721, -0.000848729920108, -0.0013505249517, -0.000503202551045, -0.0012267366983, 0.00131615845021, -0.00159034156241, 0.00957527570426, -0.00204146979377, -0.000591692165472, -0.00124470505398], [0.000101629462733, -0.00138750497717, 1.01123725926e-06, 0.000112436988275, 0.000626153138001, -0.00035649703932, -0.000467606936581, -0.0015371076297, -0.000715800153557, -0.00204146979377, 0.0125013412908, -0.00511749088764, 0.00125787651632], [-0.000276922015473, 0.00143040262628, -0.000345041335095, 0.000591729884036, -0.00115939194802, 0.000439976749476, 0.000246308889473, -0.000116674273158, -0.000517962849699, -0.000591692165472, -0.00511749088764, 0.0153641384095, -0.00517739774659], [0.000244593655225, -0.000704481150024, 0.000640736019704, -0.000816555460915, 0.000604939414188, 0.001462246757, 7.87441967987e-06, -0.00206000125036, -0.00254026893526, -0.00124470505398, 0.00125787651632, -0.00517739774659, 0.0178808066994]]
    },
    "melbands": {
        "dmean": [0.00130225194152, 0.0011348540429, 0.000297582009807, 0.000338342157193, 0.000349238573108, 0.00029887346318, 0.000186125616892, 0.000157732982188, 0.000159487171913, 0.000259882537648, 0.000163550808793, 0.000115064278361, 8.64603280206e-05, 5.56520280952e-05, 2.46530398726e-05, 6.99996744515e-05, 2.60655342572e-05, 2.93979028356e-05, 1.42506678458e-05, 1.2386484741e-05, 8.61827356857e-06, 8.60888849274e-06, 7.16671456757e-06, 4.86304134029e-06, 2.9937070849e-06, 2.59748389908e-06, 2.7849205253e-06, 2.17354568122e-06, 1.55646432631e-06, 1.67963537478e-06, 1.8075842263e-06, 1.66789857303e-06, 1.36838616527e-06, 1.1609674857e-06, 9.58046257438e-07, 6.60991474888e-07, 4.48680111731e-07, 3.35558979714e-07, 2.93706989396e-07, 2.67172367785e-07],
        "dmean2": [0.00197483994998, 0.00182840018533, 0.00050802383339, 0.000558275496587, 0.000552560610231, 0.000490823353175, 0.000292255339446, 0.000244954193477, 0.000245635397732, 0.000410897686379, 0.000252552068559, 0.000181274604984, 0.000138961157063, 9.02100728126e-05, 4.00443896069e-05, 0.000110121916805, 4.23236670031e-05, 4.72523170174e-05, 2.30908481171e-05, 1.97292229132e-05, 1.35748787216e-05, 1.38163131851e-05, 1.15818829727e-05, 7.82699680713e-06, 4.82057248519e-06, 4.24654854214e-06, 4.49068420494e-06, 3.52112101609e-06, 2.51076107816e-06, 2.65959602075e-06, 2.78648508356e-06, 2.62954540631e-06, 2.06298818739e-06, 1.75169930117e-06, 1.46911281718e-06, 1.0192514992e-06, 6.82902111748e-07, 5.11547625592e-07, 4.4240744046e-07, 3.96707548589e-07],
        "dvar": [5.69643407289e-06, 7.3914998211e-06, 6.30061265383e-07, 4.75604764461e-07, 6.68867357945e-07, 4.72842145882e-07, 4.14831390572e-07, 1.50415189637e-07, 1.41387943131e-07, 2.72566268222e-07, 1.00288772842e-07, 7.51552207134e-08, 5.1200988338e-08, 1.26430617087e-08, 3.60627039342e-09, 2.70309321593e-08, 3.94984134289e-09, 5.74410830012e-09, 1.48347090168e-09, 1.51743617671e-09, 4.72613281843e-10, 4.9778869915e-10, 2.91532242791e-10, 1.13221952647e-10, 9.65847402057e-11, 5.72293358536e-11, 7.42499881023e-11, 6.5106094127e-11, 4.34954780526e-11, 7.97214377846e-11, 8.3423816466e-11, 6.43796960187e-11, 4.51192312678e-11, 1.83837563228e-11, 1.06093181115e-11, 5.06169368572e-12, 2.35666022287e-12, 1.02203163467e-12, 1.15016492424e-12, 1.39453661292e-12],
        "dvar2": [1.26432314573e-05, 1.85330627573e-05, 1.71215015143e-06, 1.27242299186e-06, 1.69913107584e-06, 1.25926840155e-06, 1.08367203211e-06, 3.62631993767e-07, 3.25147766489e-07, 6.51528125672e-07, 2.47416522825e-07, 1.95930681457e-07, 1.36650584182e-07, 3.29428182511e-08, 8.81212258719e-09, 6.41522390765e-08, 1.00369330625e-08, 1.44945442315e-08, 3.61833429885e-09, 3.45091888398e-09, 1.10342035509e-09, 1.1421031898e-09, 7.55446427636e-10, 2.79320316876e-10, 2.30099231335e-10, 1.2848673514e-10, 1.82495393797e-10, 1.67963365438e-10, 9.61459731275e-11, 1.94175828194e-10, 1.88626253506e-10, 1.50685269817e-10, 9.57242132782e-11, 3.94229406064e-11, 2.24297507651e-11, 1.04825453873e-11, 5.26606796364e-12, 2.12186973721e-12, 2.4216017646e-12, 2.9128084493e-12],
        "max": [0.0252612866461, 0.0322688259184, 0.00975784379989, 0.0108344452456, 0.0153291923925, 0.0137064410374, 0.0164663586766, 0.0081599811092, 0.00808863248676, 0.0105289174244, 0.00555162178352, 0.00671782298014, 0.00519376480952, 0.00267602340318, 0.00156436103862, 0.00345843541436, 0.00144611811265, 0.0016882114578, 0.00160427752417, 0.00138310261536, 0.000593117205426, 0.000715936825145, 0.000468752492452, 0.000243017202592, 0.00060881493846, 0.000285470596282, 0.000241726374952, 0.00030012516072, 0.000242168302066, 0.000342175131664, 0.000255160557572, 0.000256887055002, 0.00025312116486, 0.000158594732056, 6.4563981141e-05, 4.69903243356e-05, 4.77505636809e-05, 2.70643031399e-05, 3.17175836244e-05, 3.94867092837e-05],
        "mean": [0.00243670423515, 0.00175914901774, 0.000431143562309, 0.000661300611682, 0.000671151734423, 0.000538359163329, 0.00033627852099, 0.000256997125689, 0.000262650282821, 0.00047171631013, 0.000321079744026, 0.00019816934946, 0.000165786259458, 0.000101933044789, 4.01249417337e-05, 0.000124016703921, 4.67312092951e-05, 5.19606110174e-05, 2.41526231548e-05, 2.14943829633e-05, 1.50679752551e-05, 1.55684174388e-05, 1.20558988783e-05, 9.1152087407e-06, 6.01783040111e-06, 4.77334197058e-06, 5.38260746907e-06, 3.782811973e-06, 2.45205728788e-06, 2.18016816689e-06, 2.44669013227e-06, 2.31955982599e-06, 2.0132129066e-06, 1.95612869902e-06, 1.64608479736e-06, 1.09482800781e-06, 7.24370465832e-07, 5.63798550957e-07, 4.5785571956e-07, 4.02586039172e-07],
        "median": [0.000613458571024, 0.00046358385589, 0.000176065179403, 0.000296822137898, 0.000317950878525, 0.000183880343684, 0.000123756122775, 0.000100456272776, 8.93311953405e-05, 0.000141492491821, 8.87969290488e-05, 5.06576107e-05, 4.13990564994e-05, 3.82026810257e-05, 1.06583393062e-05, 1.9724784579e-05, 9.10498056328e-06, 9.95024129224e-06, 5.6938997659e-06, 4.80377502754e-06, 4.82650284539e-06, 4.01894294555e-06, 3.40345764016e-06, 2.46849867835e-06, 1.56480530222e-06, 1.17946706268e-06, 1.09396705739e-06, 8.58808903104e-07, 4.20817457325e-07, 2.35677987348e-07, 2.22817249096e-07, 2.11272535466e-07, 2.70897999144e-07, 4.28950329479e-07, 4.06679419029e-07, 2.6446400625e-07, 1.71548606431e-07, 1.69231839209e-07, 1.21358169736e-07, 8.4129723632e-08],
        "min": [1.57336256508e-24, 4.45345606193e-25, 8.20954823681e-25, 1.82217974699e-24, 1.33937517932e-24, 1.47961699751e-24, 1.50271050608e-24, 1.62652922629e-24, 1.82124829948e-24, 2.63898861358e-24, 2.14716480197e-24, 1.75600082515e-24, 2.19346600672e-24, 3.40688790683e-24, 1.85482695277e-24, 3.91962185724e-24, 1.44418008375e-24, 2.23423571881e-24, 3.26638862416e-24, 4.59257148535e-24, 4.98650535002e-24, 4.2971217771e-24, 5.24447785439e-24, 4.82046787885e-24, 4.6458408957e-24, 4.74266449992e-24, 4.59310909406e-24, 4.71415151693e-24, 4.07666513081e-24, 3.29306987213e-24, 5.48725808101e-24, 5.51175300098e-24, 5.14111695985e-24, 5.99271557843e-24, 6.63954878299e-24, 5.55799444952e-24, 6.23941328831e-24, 6.78511491925e-24, 6.34417993298e-24, 6.62283913129e-24],
        "var": [1.47076043504e-05, 1.06869892988e-05, 6.04699835094e-07, 1.04309458493e-06, 1.13712144412e-06, 9.4185350008e-07, 5.8967646055e-07, 2.26382269375e-07, 2.50562919746e-07, 7.19054639831e-07, 3.06106812786e-07, 1.67675608509e-07, 1.34324736223e-07, 3.24326485668e-08, 6.98890234574e-09, 7.95615235916e-08, 1.0140150053e-08, 1.26119035215e-08, 3.30110050406e-09, 3.2917459869e-09, 9.76007497044e-10, 1.26402199818e-09, 5.35877675567e-10, 2.57310311946e-10, 1.67020244857e-10, 1.01490670035e-10, 1.50144729982e-10, 8.11455486138e-11, 5.60908056113e-11, 8.9583764018e-11, 1.19727949777e-10, 8.75736635986e-11, 6.9514387302e-11, 3.33711565326e-11, 1.94103795537e-11, 9.6906527941e-12, 3.93699352633e-12, 1.89496573814e-12, 1.83082628918e-12, 2.08494875011e-12]
    },
    "mfcc": {
        "mean": [-690.339233398, 148.35168457, 6.64307117462, 3.1608440876, -0.150644421577, -1.10385727882, -2.49117255211, 8.33659648895, -3.5828897953, 4.4095993042, -3.32969927788, -2.23533821106, 0.807497382164],
        "cov": [[13571.6308594, -1088.35290527, -969.79083252, 356.912017822, -44.1527748108, 378.570709229, 337.517272949, 517.685424805, 184.566772461, 383.722473145, 364.348175049, 72.8363800049, 144.774993896], [-1088.35290527, 2250.45458984, 418.597686768, -115.707565308, 221.532073975, -110.153152466, 32.618106842, -17.9885501862, -148.601638794, -50.1596870422, -61.3310890198, 10.6105566025, 17.5357627869], [-969.79083252, 418.597686768, 1115.10827637, 214.105957031, 150.695800781, 17.1867866516, -59.2673797607, -49.5725593567, -71.4592208862, -60.5079917908, -90.4502258301, 47.5899085999, 26.2297344208], [356.912017822, -115.707565308, 214.105957031, 485.507904053, 126.810470581, 113.062011719, 49.2931365967, -1.61830985546, 77.8561019897, 3.58398962021, 36.7525138855, 73.97290802, 41.1196556091], [-44.1527748108, 221.532073975, 150.695800781, 126.810470581, 310.920471191, 21.3955459595, -9.4968290329, 27.2136135101, 26.6410560608, 23.1286277771, 18.6772251129, 40.1574516296, 32.8206634521], [378.570709229, -110.153152466, 17.1867866516, 113.062011719, 21.3955459595, 261.659637451, 121.619094849, 27.0120887756, 83.6193618774, 43.4153938293, 93.4283676147, 37.5230369568, 14.9385957718], [337.517272949, 32.618106842, -59.2673797607, 49.2931365967, -9.4968290329, 121.619094849, 213.785171509, 66.5442886353, 49.6261329651, 51.7404556274, 75.3837051392, 28.2202377319, 20.1966533661], [517.685424805, -17.9885501862, -49.5725593567, -1.61830985546, 27.2136135101, 27.0120887756, 66.5442886353, 164.819946289, 33.4782295227, 49.4612731934, 27.6406040192, 18.7096691132, 34.9938926697], [184.566772461, -148.601638794, -71.4592208862, 77.8561019897, 26.6410560608, 83.6193618774, 49.6261329651, 33.4782295227, 162.135223389, 45.7880706787, 50.8801040649, 23.0206699371, 9.65818595886], [383.722473145, -50.1596870422, -60.5079917908, 3.58398962021, 23.1286277771, 43.4153938293, 51.7404556274, 49.4612731934, 45.7880706787, 131.913299561, 52.2752418518, 6.55557918549, 16.1367683411], [364.348175049, -61.3310890198, -90.4502258301, 36.7525138855, 18.6772251129, 93.4283676147, 75.3837051392, 27.6406040192, 50.8801040649, 52.2752418518, 138.960891724, 31.0468444824, 11.1324853897], [72.8363800049, 10.6105566025, 47.5899085999, 73.97290802, 40.1574516296, 37.5230369568, 28.2202377319, 18.7096691132, 23.0206699371, 6.55557918549, 31.0468444824, 85.8055343628, 37.3869934082], [144.774993896, 17.5357627869, 26.2297344208, 41.1196556091, 32.8206634521, 14.9385957718, 20.1966533661, 34.9938926697, 9.65818595886, 16.1367683411, 11.1324853897, 37.3869934082, 89.4912185669]],
