{
"lowlevel": {
    "average_loudness": 0.476069062948,
    "barkbands_crest": {
        "dmean": 2.31456828117,
        "dmean2": 3.70260429382,
        "dvar": 4.97747421265,
        "dvar2": 12.1541585922,
        "max": 26.7085647583,
        "mean": 11.2406578064,
        "median": 10.392364502,
        "min": 2.50743079185,
        "var": 19.6529941559
    },
    "barkbands_flatness_db": {
        "dmean": 0.0188211593777,
        "dmean2": 0.0281980093569,
        "dvar": 0.000359056226443,
        "dvar2": 0.00075136689702,
        "max": 0.54290920496,
        "mean": 0.171029090881,
        "median": 0.155142813921,
        "min": 0.0317176170647,
        "var": 0.00724643748254
    },
    "barkbands_kurtosis": {
        "dmean": 4.30526971817,
        "dmean2": 6.68069934845,
        "dvar": 83.8560791016,
        "dvar2": 197.231689453,
        "max": 386.895843506,
        "mean": 11.7674074173,
        "median": 6.10509777069,
        "min": -1.90360367298,
        "var": 318.969421387
    },
    "barkbands_skewness": {
        "dmean": 0.524780154228,
        "dmean2": 0.789503514767,
        "dvar": 0.35456609726,
        "dvar2": 0.779919505119,
        "max": 16.6944541931,
        "mean": 2.28296875954,
        "median": 2.07793092728,
        "min": -2.83497786522,
        "var": 2.54145002365
    },
    "barkbands_spread": {
        "dmean": 4.58915901184,
        "dmean2": 6.78594255447,
        "dvar": 59.9881019592,
        "dvar2": 116.222518921,
        "max": 102.794021606,
        "mean": 16.7005958557,
        "median": 12.417766571,
        "min": 0.303332269192,
        "var": 241.294723511
    },
    "dissonance": {
        "dmean": 0.0255368761718,
        "dmean2": 0.0428907945752,
        "dvar": 0.000611971947365,
        "dvar2": 0.00164939498063,
        "max": 0.499999910593,
        "mean": 0.435631811619,
        "median": 0.446347951889,
        "min": 0.164164677262,
        "var": 0.00235622166656
    },
    "dynamic_complexity": 6.9673871994,
    "erbbands_crest": {
        "dmean": 2.58429884911,
        "dmean2": 4.13104009628,
        "dvar": 6.26834440231,
        "dvar2": 15.7761154175,
        "max": 30.1256370544,
        "mean": 11.045083046,
        "median": 9.82471656799,
        "min": 2.38322544098,
        "var": 26.8943004608
    },
    "erbbands_flatness_db": {
        "dmean": 0.0146088059992,
        "dmean2": 0.0213396064937,
        "dvar": 0.00021135120187,
        "dvar2": 0.000444046250777,
        "max": 0.450488775969,
        "mean": 0.161658972502,
        "median": 0.152051955462,
        "min": 0.0335759557784,
        "var": 0.00332094379701
    },
    "erbbands_kurtosis": {
        "dmean": 1.42006778717,
        "dmean2": 2.20070433617,
        "dvar": 4.66066789627,
        "dvar2": 11.0388908386,
        "max": 77.7231521606,
        "mean": 2.6301074028,
        "median": 0.984690785408,
        "min": -1.75043463707,
        "var": 28.2115287781
    },
    "erbbands_skewness": {
        "dmean": 0.362235605717,
        "dmean2": 0.545393466949,
        "dvar": 0.133896291256,
        "dvar2": 0.296504914761,
        "max": 7.18651008606,
        "mean": 1.07703101635,
        "median": 1.00241076946,
        "min": -2.68921279907,
        "var": 0.951919317245
    },
    "erbbands_spread": {
        "dmean": 7.63195514679,
        "dmean2": 11.4871988297,
        "dvar": 97.3118591309,
        "dvar2": 224.216812134,
        "max": 154.025039673,
        "mean": 37.2653160095,
        "median": 32.4718551636,
        "min": 1.70912992954,
        "var": 486.195098877
    },
    "hfc": {
        "dmean": 3.9574649334,
        "dmean2": 5.59041643143,
        "dvar": 59.139667511,
        "dvar2": 116.399452209,
        "max": 232.659133911,
        "mean": 16.2695350647,
        "median": 6.81112670898,
        "min": 1.07026444386e-16,
        "var": 450.9090271
    },
    "melbands_crest": {
        "dmean": 2.80983448029,
        "dmean2": 4.57462787628,
        "dvar": 7.27376699448,
        "dvar2": 18.2287807465,
        "max": 39.7036094666,
        "mean": 14.6464576721,
        "median": 13.7864875793,
        "min": 1.02229118347,
        "var": 32.153553009
    },
    "melbands_flatness_db": {
        "dmean": 0.0221283361316,
        "dmean2": 0.0323075093329,
        "dvar": 0.000561910506804,
        "dvar2": 0.00110990763642,
        "max": 0.693195044994,
        "mean": 0.250583827496,
        "median": 0.235499680042,
        "min": 9.34975287237e-06,
        "var": 0.0118793779984
    },
    "melbands_kurtosis": {
        "dmean": 8.2818775177,
        "dmean2": 12.8157777786,
        "dvar": 194.888793945,
        "dvar2": 455.715423584,
        "max": 426.160247803,
        "mean": 22.2054977417,
        "median": 13.1095733643,
        "min": -1.79429078102,
        "var": 763.365661621
    },
    "melbands_skewness": {
        "dmean": 0.666030943394,
        "dmean2": 1.01331794262,
        "dvar": 0.522281289101,
        "dvar2": 1.18808197975,
        "max": 14.1016197205,
        "mean": 3.02492117882,
        "median": 2.75416231155,
        "min": -2.02538013458,
        "var": 3.41944527626
    },
    "melbands_spread": {
        "dmean": 4.81175613403,
        "dmean2": 7.27700185776,
        "dvar": 112.202331543,
        "dvar2": 238.438598633,
        "max": 234.261932373,
        "mean": 16.9195899963,
        "median": 11.3921976089,
        "min": 0.30887567997,
        "var": 473.685821533
    },
    "pitch_salience": {
        "dmean": 0.0623922646046,
        "dmean2": 0.0995903834701,
        "dvar": 0.00322181684896,
        "dvar2": 0.00818089023232,
        "max": 0.997659265995,
        "mean": 0.540407598019,
        "median": 0.552581071854,
        "min": 0.0143109159544,
        "var": 0.0160763952881
    },
    "silence_rate_20dB": {
        "dmean": 0,
        "dmean2": 0,
        "dvar": 0,
        "dvar2": 0,
        "max": 1,
        "mean": 1,
        "median": 1,
        "min": 1,
        "var": 0
    },
    "silence_rate_30dB": {
        "dmean": 0.0108517352492,
        "dmean2": 0.0217062085867,
        "dvar": 0.010733615607,
        "dvar2": 0.0227501373738,
        "max": 1,
        "mean": 0.986752450466,
        "median": 1,
        "min": 0,
        "var": 0.013072013855
    },
    "silence_rate_60dB": {
        "dmean": 0.0272555202246,
        "dmean2": 0.0545179210603,
        "dvar": 0.0265154596418,
        "dvar2": 0.0586058199406,
        "max": 1,
        "mean": 0.266212463379,
        "median": 0,
        "min": 0,
        "var": 0.195367768407
    },
    "spectral_centroid": {
        "dmean": 159.295776367,
        "dmean2": 236.735595703,
        "dvar": 90134.9296875,
        "dvar2": 160460.765625,
        "max": 11707.2021484,
        "mean": 939.151184082,
        "median": 663.730224609,
        "min": 140.207015991,
        "var": 1793829.5
    },
    "spectral_complexity": {
        "dmean": 1.94246053696,
        "dmean2": 3.10827875137,
        "dvar": 7.02963972092,
        "dvar2": 15.7891025543,
        "max": 49,
        "mean": 11.5292711258,
        "median": 9,
        "min": 0,
        "var": 79.8016586304
    },
    "spectral_decrease": {
        "dmean": 1.46922785049e-09,
        "dmean2": 2.19285412051e-09,
        "dvar": 7.14490406264e-18,
        "dvar2": 1.52497082128e-17,
        "max": 1.8440338661e-28,
        "mean": -5.14109421701e-09,
        "median": -2.88981327756e-09,
        "min": -5.71057015009e-08,
        "var": 3.73889541166e-17
    },
    "spectral_energy": {
        "dmean": 0.00575325312093,
        "dmean2": 0.00856976117939,
        "dvar": 0.000106803199742,
        "dvar2": 0.000227704804274,
        "max": 0.229281261563,
        "mean": 0.0208793506026,
        "median": 0.0118269752711,
        "min": 9.731238685e-21,
        "var": 0.000601268140599
    },
    "spectral_energyband_high": {
        "dmean": 0.000268524716375,
        "dmean2": 0.000373234011931,
        "dvar": 4.54817154605e-07,
        "dvar2": 8.32495175018e-07,
        "max": 0.0222078934312,
        "mean": 0.000758990470786,
        "median": 0.000146765261889,
        "min": 6.85342401955e-21,
        "var": 1.98770317184e-06
    },
    "spectral_energyband_low": {
        "dmean": 0.00284340814687,
        "dmean2": 0.00440134434029,
        "dvar": 6.42191662337e-05,
        "dvar2": 0.000142245044117,
        "max": 0.142898142338,
        "mean": 0.00540667539462,
        "median": 0.00170169060584,
        "min": 1.45390772478e-23,
        "var": 0.000136642614962
    },
    "spectral_energyband_middle_high": {
        "dmean": 0.00116120721214,
        "dmean2": 0.00170739123132,
        "dvar": 6.89287253408e-06,
        "dvar2": 1.52171905938e-05,
        "max": 0.0602479279041,
        "mean": 0.00363926263526,
        "median": 0.000849476607982,
        "min": 1.28170474712e-21,
        "var": 4.50860243291e-05
    },
    "spectral_energyband_middle_low": {
        "dmean": 0.00383154419251,
        "dmean2": 0.00589866563678,
        "dvar": 4.23504134233e-05,
        "dvar2": 0.000101786135929,
        "max": 0.134530678391,
        "mean": 0.0118165072054,
        "median": 0.00702112354338,
        "min": 1.37749199952e-22,
        "var": 0.000195076703676
    },
    "spectral_entropy": {
        "dmean": 0.169692054391,
        "dmean2": 0.242749333382,
        "dvar": 0.0368098057806,
        "dvar2": 0.0697571709752,
        "max": 9.82024002075,
        "mean": 7.20457553864,
        "median": 7.31583023071,
        "min": 3.77788066864,
        "var": 0.713788688183
    },
    "spectral_flux": {
        "dmean": 0.0162129607052,
        "dmean2": 0.0257085245103,
        "dvar": 0.000443894299679,
        "dvar2": 0.00107853615191,
        "max": 0.289266049862,
        "mean": 0.0590018555522,
        "median": 0.048127643764,
        "min": 6.22780577109e-11,
        "var": 0.002495119581
    },
    "spectral_kurtosis": {
        "dmean": 1.94258081913,
        "dmean2": 3.04999423027,
        "dvar": 18.7820587158,
        "dvar2": 47.8595962524,
        "max": 227.227157593,
        "mean": 8.58466243744,
        "median": 4.30937671661,
        "min": -1.25713956356,
        "var": 318.99432373
    },
    "spectral_rms": {
        "dmean": 0.000511870486662,
        "dmean2": 0.000753013009671,
        "dvar": 4.43103658654e-07,
        "dvar2": 9.07196124444e-07,
        "max": 0.0149562368169,
        "mean": 0.00374090042897,
        "median": 0.00339683843777,
        "min": 3.08121583803e-12,
        "var": 6.37580569673e-06
    },
    "spectral_rolloff": {
        "dmean": 406.411987305,
        "dmean2": 658.641662598,
        "dvar": 1323488.75,
        "dvar2": 2681224.75,
        "max": 19595.2148438,
        "mean": 1355.98718262,
        "median": 602.9296875,
        "min": 21.533203125,
        "var": 7414762
    },
    "spectral_skewness": {
        "dmean": 0.221726149321,
        "dmean2": 0.326997190714,
        "dvar": 0.068978279829,
        "dvar2": 0.149954557419,
        "max": 13.4098911285,
        "mean": 2.15160751343,
        "median": 1.87815797329,
        "min": -0.0785165205598,
        "var": 1.72874641418
    },
    "spectral_spread": {
        "dmean": 603111.0625,
        "dmean2": 861287.625,
        "dvar": 835831398400,
        "dvar2": 1.53639754138e+12,
        "max": 42349016,
        "mean": 6156867.5,
        "median": 5597742,
        "min": 433324.09375,
        "var": 2.30158699069e+13
    },
    "spectral_strongpeak": {
        "dmean": 0.407244890928,
        "dmean2": 0.6828135252,
        "dvar": 0.677635192871,
        "dvar2": 1.67293298244,
        "max": 11.3778886795,
        "mean": 0.895595610142,
        "median": 0.411428958178,
        "min": 0,
        "var": 1.81019699574
    },
    "zerocrossingrate": {
        "dmean": 0.0105739850551,
        "dmean2": 0.0121958162636,
        "dvar": 0.000293613615213,
        "dvar2": 0.00034734988003,
        "max": 0.86669921875,
        "mean": 0.0615056939423,
        "median": 0.044189453125,
        "min": 0,
        "var": 0.0052760085091
    },
    "barkbands": {
        "dmean": [5.70996999159e-05, 0.00218522921205, 0.000963553204201, 0.000878068094607, 0.00190407130867, 0.00102894310839, 0.000886977300979, 0.00086741137784, 0.00056775129633, 0.000363085622666, 0.000231994388741, 0.000384653074434, 0.000334504060447, 0.000188182733837, 0.000183146592462, 0.000157493384904, 9.16726639844e-05, 4.94559608342e-05, 4.98637346027e-05, 3.86099709431e-05, 4.11254623032e-05, 5.2750496252e-05, 5.57667044632e-05, 7.48217426008e-05, 8.25795068522e-05, 3.52310671587e-05, 3.12561064675e-06],
        "dmean2": [9.24830746953e-05, 0.0032151103951, 0.00167223007884, 0.00145966769196, 0.00306004215963, 0.00155888358131, 0.00139462482184, 0.00131620443426, 0.000838448642753, 0.000551389006432, 0.000359711732017, 0.000603923108429, 0.000512931437697, 0.000302936765365, 0.000291485775961, 0.000254437007243, 0.000147547616507, 8.03588918643e-05, 8.08498807601e-05, 6.04193301115e-05, 6.18853155174e-05, 7.82886199886e-05, 8.15930834506e-05, 0.000110185996164, 0.000121695498819, 5.14843559358e-05, 4.88952764499e-06],
        "dvar": [3.85105352052e-08, 5.21062756889e-05, 1.14518534247e-05, 3.93115760744e-06, 1.31643046188e-05, 5.89362616665e-06, 8.26862105896e-06, 7.14673660696e-06, 3.87999398299e-06, 1.19393257592e-06, 6.51027050935e-07, 2.30074033425e-06, 1.61021034728e-06, 5.53340896658e-07, 3.85759250321e-07, 3.86570633282e-07, 6.12241066733e-08, 1.77589285499e-08, 2.06420995852e-08, 1.472921074e-08, 1.48247929488e-08, 2.23158878043e-08, 1.71819465322e-08, 3.38234578123e-08, 5.6919478908e-08, 1.14401359497e-08, 9.94860374637e-11],
        "dvar2": [1.03212819624e-07, 0.000106416155177, 3.18316233461e-05, 1.0095601283e-05, 3.37875171681e-05, 1.36942817335e-05, 2.36787200265e-05, 1.62344422279e-05, 7.78658977652e-06, 2.65356698037e-06, 1.38289249207e-06, 5.10658856001e-06, 3.56862119588e-06, 1.36895607739e-06, 8.78981836649e-07, 9.27746611978e-07, 1.4456873032e-07, 4.40691536596e-08, 5.159319727e-08, 3.49068010053e-08, 3.10021555094e-08, 4.99097083662e-08, 3.48441702158e-08, 7.12130088232e-08, 1.15597309502e-07, 2.406614108e-08, 2.44149200856e-10],
        "max": [0.00305235385895, 0.12523958087, 0.0600638613105, 0.0641635283828, 0.0679167956114, 0.0559931397438, 0.0901631191373, 0.0663435980678, 0.0842338427901, 0.0316576883197, 0.0371556766331, 0.0560511276126, 0.0429668277502, 0.0240009017289, 0.0171476863325, 0.020617807284, 0.00606179889292, 0.00348829384893, 0.00270243105479, 0.00413882313296, 0.0045621949248, 0.004285662435, 0.00353104108945, 0.00491809705272, 0.0110244480893, 0.00341380666941, 0.000254540354945],
        "mean": [6.88065701979e-05, 0.00342892389745, 0.00124435627367, 0.00139547139406, 0.00392151530832, 0.00212461827323, 0.00165545800701, 0.00141344196163, 0.00113169290125, 0.000751573767047, 0.000360262289178, 0.000828362535685, 0.000552587909624, 0.000281057058601, 0.000321808358422, 0.00026345034712, 0.000162003765581, 9.11497263587e-05, 8.86634079507e-05, 6.81450401316e-05, 8.32469304441e-05, 0.000105804829218, 0.000123071251437, 0.000161770265549, 0.000177828173037, 6.99437587173e-05, 4.34166031482e-06],
        "median": [4.26439873991e-06, 0.000571115990169, 0.000418860960053, 0.000476599729154, 0.00166338169947, 0.000660305726342, 0.000278449617326, 0.000226191492402, 0.000139568641316, 9.88376777968e-05, 4.84569463879e-05, 6.56569900457e-05, 4.69938058814e-05, 3.7963342038e-05, 5.36258448847e-05, 3.54489020538e-05, 3.3593722037e-05, 1.58150651259e-05, 1.0676067177e-05, 1.03321799543e-05, 1.74316992343e-05, 2.09458321478e-05, 1.92183360923e-05, 2.1428342734e-05, 2.00161121029e-05, 9.70073506323e-06, 2.54418409895e-07],
        "min": [4.06123614549e-25, 3.36938072623e-24, 1.01452363906e-24, 7.02541674212e-25, 9.06199073935e-24, 7.41769537939e-24, 6.08885011265e-24, 9.75777157978e-24, 1.44023708084e-23, 1.81372800958e-23, 1.09667853251e-23, 1.69993529732e-23, 3.14691193242e-23, 1.58495219395e-23, 5.22018795937e-23, 4.42458891984e-23, 6.08038776506e-23, 6.06512235991e-23, 1.10168502247e-22, 1.9748562258e-22, 2.61376603254e-22, 3.43314108731e-22, 3.72605586993e-22, 5.64879943946e-22, 7.92913555059e-22, 1.24520075778e-21, 1.95711397411e-21],
        "var": [5.14754674441e-08, 9.33045157581e-05, 9.37311415328e-06, 8.22247784527e-06, 3.68491855625e-05, 1.7327211026e-05, 1.94938329514e-05, 1.35558784677e-05, 1.21780130939e-05, 4.55468216387e-06, 1.52720451752e-06, 1.0380117601e-05, 4.44016905021e-06, 8.16148030935e-07, 1.04014998215e-06, 7.43769419387e-07, 1.22600269492e-07, 3.68757362423e-08, 4.23384065584e-08, 2.56576964119e-08, 3.3534327315e-08, 5.41671134613e-08, 6.45909778996e-08, 1.23633753901e-07, 1.67131119611e-07, 2.81002279223e-08, 1.52565196587e-10]
    },
    "erbbands": {
        "dmean": [0.0619331523776, 0.508719742298, 1.06176495552, 1.88693511486, 4.9015455246, 7.23044729233, 7.03256082535, 8.90170288086, 9.94675159454, 17.9682102203, 16.9679870605, 12.5253782272, 12.0577535629, 9.22123432159, 10.5206050873, 15.9096031189, 15.0743513107, 9.74540138245, 7.80915880203, 10.9626502991, 5.81928396225, 4.33182191849, 2.69765162468, 2.73285102844, 2.113468647, 1.76256799698, 1.60733866692, 1.72596490383, 1.86131608486, 1.9679800272, 1.50533163548, 1.48608517647, 1.35844874382, 0.985964715481, 0.605851173401, 0.227962136269, 0.0515897497535, 0.00785885285586, 0.000481065013446, 1.58992261277e-05],
        "dmean2": [0.089407004416, 0.770935177803, 1.81403565407, 3.18530201912, 7.86219215393, 11.7629985809, 10.8154306412, 13.5715703964, 16.0166835785, 27.2356681824, 25.4957580566, 18.6774635315, 17.6039218903, 13.9796323776, 15.9612903595, 24.4521160126, 23.0665283203, 15.1219434738, 12.2155685425, 17.6902198792, 9.37248325348, 7.03135585785, 4.32619905472, 4.38498449326, 3.35279631615, 2.74986290932, 2.45976066589, 2.57681012154, 2.76398301125, 2.98594331741, 2.18430447578, 2.21402978897, 2.04477500916, 1.48206102848, 0.902899384499, 0.334559231997, 0.0747421756387, 0.0117695424706, 0.000734848552383, 2.34548660956e-05],
        "dvar": [0.0461191646755, 2.87194871902, 14.3956766129, 19.1330375671, 99.9286727905, 238.660629272, 315.517822266, 518.875244141, 1598.06616211, 3175.56347656, 3156.72998047, 1768.3067627, 1767.79467773, 648.408935547, 1290.5345459, 3755.11132812, 3629.07080078, 1516.19946289, 728.483398438, 1992.34411621, 271.278808594, 131.015884399, 51.9660949707, 60.9035072327, 39.3632698059, 31.7838802338, 21.2821311951, 31.4604759216, 30.4268321991, 22.2706012726, 13.1294250488, 13.8444232941, 11.8367738724, 7.26016569138, 3.43045639992, 0.458627283573, 0.0268517844379, 0.000602408894338, 2.36742107518e-06, 1.80440162811e-09],
        "dvar2": [0.0886080637574, 6.11973571777, 39.6987915039, 50.3660202026, 241.206436157, 625.17980957, 764.50793457, 1204.4909668, 5269.95410156, 7150.28662109, 7325.27294922, 3787.79443359, 3375.33837891, 1399.23425293, 2674.15454102, 8384.69628906, 7878.53417969, 3864.06762695, 1547.10998535, 4894.14550781, 703.74395752, 333.529296875, 126.762763977, 151.925445557, 96.7935256958, 75.1275405884, 47.1664199829, 67.1731643677, 67.827003479, 49.7997512817, 26.298746109, 30.0487365723, 25.7925033569, 15.3063821793, 7.2026553154, 0.966380238533, 0.0558301992714, 0.00138480053283, 5.53779318579e-06, 4.1331742473e-09],
        "max": [3.19645166397, 28.9118251801, 74.3238143921, 117.047897339, 331.257110596, 310.164703369, 483.073272705, 550.522399902, 1496.89404297, 1511.81262207, 1877.50415039, 1408.64550781, 1809.79711914, 1145.74633789, 1445.87426758, 1841.72741699, 2376.01757812, 1619.25585938, 1175.65942383, 1585.44726562, 404.412231445, 342.43661499, 195.217147827, 129.501541138, 189.008636475, 251.070205688, 142.477554321, 248.339492798, 158.615646362, 92.5518951416, 87.5450744629, 103.130561829, 91.1253356934, 89.5998306274, 88.8542098999, 25.4635562897, 5.55455827713, 0.690358102322, 0.0427949912846, 0.00127903744578],
        "mean": [0.0855813920498, 0.808120965958, 1.5213547945, 3.34043526649, 9.08947944641, 13.9099617004, 14.0151042938, 18.4093112946, 19.6869697571, 31.0599689484, 29.8725547791, 25.4458560944, 24.8236999512, 21.3143959045, 19.8837509155, 35.638874054, 27.0423622131, 16.4698753357, 14.2133073807, 20.752122879, 12.1424150467, 8.31698513031, 5.53227376938, 4.94547367096, 3.94868826866, 3.23753738403, 3.19736337662, 3.34095168114, 3.6500480175, 4.01749515533, 3.34699201584, 3.17412376404, 2.81123137474, 1.97373151779, 1.2525280714, 0.45922228694, 0.098016358912, 0.0134274549782, 0.000735367764719, 4.57123605884e-05],
        "median": [0.00734211038798, 0.15199752152, 0.519182562828, 1.33718204498, 3.75301361084, 4.57696819305, 4.68825054169, 5.31643486023, 4.80783510208, 4.97552394867, 5.82071447372, 4.29168510437, 3.89708900452, 3.12171316147, 3.04728746414, 3.23547148705, 2.51592564583, 2.53828811646, 2.78151726723, 2.57642316818, 2.07693934441, 1.83732748032, 1.06293082237, 0.707949995995, 0.509325385094, 0.47377833724, 0.696402013302, 0.655521094799, 0.701541423798, 0.767529904842, 0.503880739212, 0.343903124332, 0.389953315258, 0.242897063494, 0.126044780016, 0.0604690089822, 0.0130458334461, 0.00141509796958, 6.89730804879e-05, 1.94110234588e-05],
        "min": [8.94434917473e-23, 2.52991201158e-22, 1.61782785227e-21, 2.13091621265e-21, 8.63152710221e-21, 2.88706357867e-20, 4.25615185938e-20, 6.13488647187e-20, 1.21849352322e-19, 1.84752314928e-19, 2.94215374284e-19, 2.65376575258e-19, 5.83413019274e-19, 8.07857673444e-19, 6.71874815908e-19, 1.30870726254e-18, 1.63182458592e-18, 1.94094022307e-18, 2.77994662325e-18, 3.53387356832e-18, 3.28929218442e-18, 4.10074209647e-18, 3.55535089934e-18, 5.32294363773e-18, 6.75949373189e-18, 9.38821374798e-18, 9.07941564479e-18, 9.48151972108e-18, 1.08274120609e-17, 1.29895066721e-17, 1.15482528154e-17, 1.1511969365e-17, 9.74565089838e-18, 8.22755692584e-18, 6.28959434618e-18, 4.27921913493e-18, 2.33179278188e-18, 9.33212242385e-19, 2.60688037998e-19, 2.7744674952e-20],
        "var": [0.0786267146468, 4.8614654541, 13.3808794022, 37.1167869568, 264.526916504, 650.883789062, 682.08404541, 1563.90942383, 3204.05712891, 6917.53173828, 5821.00585938, 4974.62597656, 5506.47314453, 3734.10791016, 3475.78271484, 19313.7617188, 10506.5771484, 2229.95239258, 1813.68640137, 6250.33740234, 895.67767334, 268.069946289, 114.551193237, 117.846008301, 79.2120437622, 55.3978233337, 46.8096618652, 63.0107955933, 69.7000045776, 65.574005127, 50.9591178894, 50.0284805298, 38.7967185974, 22.0083351135, 8.80572319031, 1.16140401363, 0.0612960383296, 0.00121325289365, 3.82257348974e-06, 4.8196633351e-09]
    },
    "gfcc": {
        "mean": [-89.7578201294, 95.5369033813, -82.7853317261, 16.0470123291, -59.9437942505, 14.7636470795, -48.9544525146, 3.25197768211, -27.4645824432, 2.78972125053, -21.8035335541, 1.01275742054, -10.872964859],
        "cov": [[42286.953125, -2471.57958984, -3433.95581055, 647.293212891, -2525.83056641, 1172.66320801, -1109.6661377, 1058.58752441, -105.989707947, 543.890808105, -397.665557861, 365.164520264, -528.515014648], [-2471.57958984, 2205.43725586, -41.8428916931, -131.605209351, 410.678894043, -227.864349365, 196.918258667, -225.00213623, 25.3180522919, -188.259658813, 77.2892990112, -165.396652222, 103.641418457], [-3433.95581055, -41.8428916931, 1046.23583984, 56.868019104, 183.741455078, 30.4536876678, 23.3300132751, -45.5457611084, -43.3698654175, 55.4510650635, -40.4004478455, 36.1266593933, 30.4967918396], [647.293212891, -131.605209351, 56.868019104, 491.57522583, 82.9623718262, 0.842397868633, -41.8527946472, 50.4439125061, 64.9694061279, 41.0757675171, 40.6466522217, 18.6952610016, 41.7148208618], [-2525.83056641, 410.678894043, 183.741455078, 82.9623718262, 501.454071045, -85.456993103, 118.277420044, 6.85990333557, 19.3672657013, 12.2151565552, 72.8778686523, 19.0254878998, 81.7163162231], [1172.66320801, -227.864349365, 30.4536876678, 0.842397868633, -85.456993103, 271.641052246, 70.5227127075, 67.3336715698, 7.97317409515, 38.7146911621, 15.7012119293, 28.0462970734, -36.7702255249], [-1109.6661377, 196.918258667, 23.3300132751, -41.8527946472, 118.277420044, 70.5227127075, 283.982421875, 32.1177825928, 35.6586303711, -10.8707036972, 83.8864898682, -12.9793586731, 1.49537694454], [1058.58752441, -225.00213623, -45.5457611084, 50.4439125061, 6.85990333557, 67.3336715698, 32.1177825928, 196.926193237, 26.2238616943, 71.8075485229, 15.8325452805, 63.7470016479, 0.43212223053], [-105.989707947, 25.3180522919, -43.3698654175, 64.9694061279, 19.3672657013, 7.97317409515, 35.6586303711, 26.2238616943, 161.219573975, 8.96037769318, 31.6955680847, -22.7492275238, 19.8905677795], [543.890808105, -188.259658813, 55.4510650635, 41.0757675171, 12.2151565552, 38.7146911621, -10.8707036972, 71.8075485229, 8.96037769318, 155.644805908, 9.94107532501, 48.3060264587, -4.44686603546], [-397.665557861, 77.2892990112, -40.4004478455, 40.6466522217, 72.8778686523, 15.7012119293, 83.8864898682, 15.8325452805, 31.6955680847, 9.94107532501, 159.391479492, 18.361492157, 8.45857143402], [365.164520264, -165.396652222, 36.1266593933, 18.6952610016, 19.0254878998, 28.0462970734, -12.9793586731, 63.7470016479, -22.7492275238, 48.3060264587, 18.361492157, 137.487670898, 9.6078414917], [-528.515014648, 103.641418457, 30.4967918396, 41.7148208618, 81.7163162231, -36.7702255249, 1.49537694454, 0.43212223053, 19.8905677795, -4.44686603546, 8.45857143402, 9.6078414917, 91.3633956909]],
        "icov": [[0.000105271647044, -0.000119168958918, 0.000302234053379, -0.000221232054173, 0.000354036310455, -0.000400768069085, 0.00034450457315, -0.000405544269597, 0.000156901252922, -0.000247579679126, 0.0001795647986, -0.00014503406419, 0.000215031104744], [-0.000119168958918, 0.000911814800929, -0.000234584324062, 0.000443718512543, -0.000925956584979, 0.000720666081179, -0.000744753226172, 0.00101011106744, -0.000179415685125, 0.00065867905505, -0.000315740937367, 0.000686762330588, -0.000694236136042], [0.000302234053379, -0.000234584324062, 0.00205763522536, -0.000762006500736, 0.000446158781415, -0.00148674321827, 0.000785972340964, -0.000389880529838, 0.000700960576069, -0.00119510537479, 0.00114133418538, -0.000671456626151, 0.000421291479142], [-0.000221232054173, 0.000443718512543, -0.000762006500736, 0.00300995120779, -0.00126143416855, 0.00066160352435, 0.000195424669073, 0.000408582447562, -0.00117725075688, 0.000447060621809, -0.0011669092346, 0.000668606546242, -0.00119789654855], [0.000354036310455, -0.000925956584979, 0.000446158781415, -0.00126143416855, 0.00481760455295, -0.000181954950676, -0.000129565130919, -0.00186373363249, 0.000829245429486, -0.0014045847347, -6.67107960908e-05, -0.0010697580874, -0.000976004637778], [-0.000400768069085, 0.000720666081179, -0.00148674321827, 0.00066160352435, -0.000181954950676, 0.00682089058682, -0.00319481734186, 0.000589743372984, -0.000638294266537, 0.000515010440722, -0.000789544428699, 9.27138535189e-05, 0.000243098198553], [0.00034450457315, -0.000744753226172, 0.000785972340964, 0.000195424669073, -0.000129565130919, -0.00319481734186, 0.00709074363112, -0.00269185309298, -0.000204660405871, 7.75019507273e-05, -0.00182967365254, 0.000631026225165, 0.00136426370591], [-0.000405544269597, 0.00101011106744, -0.000389880529838, 0.000408582447562, -0.00186373363249, 0.000589743372984, -0.00269185309298, 0.00991044938564, -0.00164067978039, -0.00139087997377, 0.000238800203078, -0.00210616644472, -0.00115789659321], [0.000156901252922, -0.000179415685125, 0.000700960576069, -0.00117725075688, 0.000829245429486, -0.000638294266537, -0.000204660405871, -0.00164067978039, 0.00789231341332, -0.000915737648029, -0.000745923491195, 0.00193011935335, -0.00146947649773], [-0.000247579679126, 0.00065867905505, -0.00119510537479, 0.000447060621809, -0.0014045847347, 0.000515010440722, 7.75019507273e-05, -0.00139087997377, -0.000915737648029, 0.00943189673126, -0.000983713194728, -0.000912360381335, 0.000329727743519], [0.0001795647986, -0.000315740937367, 0.00114133418538, -0.0011669092346, -6.67107960908e-05, -0.000789544428699, -0.00182967365254, 0.000238800203078, -0.000745923491195, -0.000983713194728, 0.00892116501927, -0.00213856459595, 0.000832920894027], [-0.00014503406419, 0.000686762330588, -0.000671456626151, 0.000668606546242, -0.0010697580874, 9.27138535189e-05, 0.000631026225165, -0.00210616644472, 0.00193011935335, -0.000912360381335, -0.00213856459595, 0.0108083868399, -0.00210867053829], [0.000215031104744, -0.000694236136042, 0.000421291479142, -0.00119789654855, -0.000976004637778, 0.000243098198553, 0.00136426370591, -0.00115789659321, -0.00146947649773, 0.000329727743519, 0.000832920894027, -0.00210867053829, 0.0148175833747]]
    },
    "melbands": {
        "dmean": [0.000591087329667, 0.000555123784579, 0.000386265513953, 0.000441699608928, 0.000254350336036, 0.000196167151444, 0.000157054702868, 0.000197683548322, 0.000127987543237, 7.89214391261e-05, 6.27866174909e-05, 4.0149938286e-05, 3.60664271284e-05, 4.47026759502e-05, 3.91588437196e-05, 3.10860887112e-05, 1.7678423319e-05, 1.38460991366e-05, 1.23368881759e-05, 1.40448191814e-05, 6.88184627506e-06, 5.25017367181e-06, 3.29098475049e-06, 2.79056507679e-06, 2.3851930564e-06, 1.69558131802e-06, 1.5709639456e-06, 1.17589831916e-06, 1.08075539629e-06, 1.12634302241e-06, 1.01694649857e-06, 1.06671586764e-06, 1.22537142033e-06, 1.17634340313e-06, 9.34606759984e-07, 9.21636058138e-07, 1.01177931811e-06, 1.02291880921e-06, 9.92562036117e-07, 8.64426056069e-07],
        "dmean2": [0.000848686264362, 0.000915937824175, 0.000638944446109, 0.000711556233, 0.000395590788685, 0.000297975871945, 0.000252133992035, 0.000300062238239, 0.000192212450202, 0.000116139352031, 9.15580167202e-05, 6.13780430285e-05, 5.54097387067e-05, 7.03569021425e-05, 5.92075739405e-05, 4.65594057459e-05, 2.79524301732e-05, 2.18670720642e-05, 2.02232440643e-05, 2.23200331675e-05, 1.12026973511e-05, 8.51511504152e-06, 5.35198387297e-06, 4.56957468487e-06, 3.88012722397e-06, 2.71974136012e-06, 2.51899223258e-06, 1.86438899163e-06, 1.70059684024e-06, 1.72960073996e-06, 1.5355258256e-06, 1.6071983282e-06, 1.88943931789e-06, 1.81081816208e-06, 1.3704217281e-06, 1.40374072544e-06, 1.54123677021e-06, 1.58485920565e-06, 1.51340861976e-06, 1.32220338855e-06],
        "dvar": [4.01976012654e-06, 3.06957258545e-06, 6.85995871663e-07, 7.34278160053e-07, 3.64822312804e-07, 2.3476971478e-07, 3.27493324903e-07, 3.50020229689e-07, 1.80083219448e-07, 7.29939841904e-08, 4.62932412404e-08, 1.28693677937e-08, 1.57263695399e-08, 3.57809248897e-08, 2.31380585802e-08, 1.30102337792e-08, 4.99621632954e-09, 2.7642850231e-09, 2.00997507527e-09, 3.2128790739e-09, 3.97471389135e-10, 2.08663947232e-10, 7.07565811497e-11, 6.08732717011e-11, 5.18190351739e-11, 2.2389369872e-11, 2.25631353878e-11, 1.73616069438e-11, 1.10309279072e-11, 1.13164963511e-11, 1.17274445363e-11, 1.0552698472e-11, 1.21272063572e-11, 7.78174139709e-12, 5.11955148413e-12, 6.01977061948e-12, 6.65038597109e-12, 6.87733984345e-12, 7.33566853095e-12, 5.6816482942e-12],
        "dvar2": [7.87141379988e-06, 7.87836961536e-06, 1.72334546278e-06, 1.88979538507e-06, 9.02517740542e-07, 5.4682851669e-07, 1.05108324533e-06, 7.87210467479e-07, 4.2009961021e-07, 1.47766868963e-07, 8.7983394792e-08, 2.85025869573e-08, 3.33069216651e-08, 7.89300358406e-08, 5.05205477452e-08, 2.79728720187e-08, 1.25970078813e-08, 5.97269522729e-09, 4.97829200086e-09, 7.49303463721e-09, 1.03248443128e-09, 5.24645660249e-10, 1.79792430943e-10, 1.54468909885e-10, 1.30257110653e-10, 5.56956945841e-11, 5.79071235407e-11, 4.07455111318e-11, 2.58107805962e-11, 2.49341068626e-11, 2.6257272398e-11, 2.34802004229e-11, 2.90683050547e-11, 1.76734564483e-11, 1.08535142679e-11, 1.30499760304e-11, 1.53108203199e-11, 1.59800662286e-11, 1.59932449229e-11, 1.26085895197e-11],
        "max": [0.0325006619096, 0.0342979468405, 0.0207032132894, 0.0173268504441, 0.0156266652048, 0.0113661289215, 0.0212541222572, 0.0139922937378, 0.0152313821018, 0.0103025343269, 0.00919274240732, 0.00497409608215, 0.00614651478827, 0.00767439836636, 0.00432456890121, 0.00379151571542, 0.00275025842711, 0.00210545933805, 0.00144364184234, 0.00183584028855, 0.000451827945653, 0.00042698730249, 0.000160878174938, 0.000216996311792, 0.000126516722958, 0.000125493985252, 0.000125410733745, 0.000197189016035, 0.000104486665805, 0.000115666836791, 0.000170035171323, 0.000104215359897, 0.000124075391795, 6.41621081741e-05, 5.39458706044e-05, 6.46079497528e-05, 5.91080606682e-05, 6.94254122209e-05, 7.06725695636e-05, 6.96260831319e-05],
        "mean": [0.000886122346856, 0.000920124934055, 0.000719623290934, 0.00087997643277, 0.000521633250173, 0.000407542218454, 0.000312040094286, 0.000336808065185, 0.000226690783165, 0.000157733215019, 0.000124574449728, 8.99028891581e-05, 5.93967342866e-05, 9.66874649748e-05, 7.04059493728e-05, 5.17636872246e-05, 2.72080596915e-05, 2.24899467867e-05, 2.32854326896e-05, 2.3966505978e-05, 1.31195156428e-05, 9.04254648049e-06, 5.90283571e-06, 4.80480684928e-06, 3.93156869904e-06, 3.06228662339e-06, 2.6118441383e-06, 1.99299597625e-06, 1.92497873286e-06, 2.07316497836e-06, 1.82563439921e-06, 1.94952667698e-06, 2.24232121582e-06, 2.26753604693e-06, 1.88988940408e-06, 1.89234776826e-06, 1.96816199605e-06, 1.96761357074e-06, 1.85758187854e-06, 1.60472779953e-06],
        "median": [0.000117591458547, 0.000279052532278, 0.000312724150717, 0.000340038735885, 0.000175381064764, 0.000120001946925, 7.21458927728e-05, 5.55684346182e-05, 4.06585313613e-05, 2.13676903513e-05, 1.71719584614e-05, 1.12995949166e-05, 8.54670906847e-06, 7.95078813098e-06, 6.39109475742e-06, 4.9457194109e-06, 3.96699488192e-06, 3.70261750504e-06, 3.43183501172e-06, 2.95838890452e-06, 2.06624645216e-06, 1.99469673134e-06, 9.85997758107e-07, 7.5436764746e-07, 5.12606789016e-07, 3.32104150402e-07, 3.23196360341e-07, 2.81879579234e-07, 3.79040073994e-07, 4.15661787656e-07, 3.22023765875e-07, 3.35390183182e-07, 4.09904373555e-07, 4.08010464525e-07, 2.80538017705e-07, 1.82366022727e-07, 1.98767395432e-07, 2.58296552147e-07, 2.48037792971e-07, 1.62394016456e-07],
        "min": [1.90711383686e-24, 9.62948307507e-25, 5.72063439539e-25, 1.2200792945e-24, 1.69670806736e-24, 1.31906220823e-24, 1.59998395823e-24, 1.96559998437e-24, 2.1684082345e-24, 2.12509109333e-24, 2.59493507076e-24, 2.68511646615e-24, 1.50616699874e-24, 3.24230134807e-24, 1.76526698256e-24, 2.87637579262e-24, 2.92554509841e-24, 3.2947312132e-24, 3.20493537357e-24, 4.79828274361e-24, 3.3522237904e-24, 3.70713388938e-24, 2.49817970301e-24, 2.33561992513e-24, 3.75334417792e-24, 4.21243558678e-24, 5.501065119e-24, 4.71893516946e-24, 4.2090825335e-24, 5.59444376765e-24, 4.85060118213e-24, 5.64785872283e-24, 4.87013219486e-24, 5.91959882214e-24, 4.68537663212e-24, 6.4570955108e-24, 6.1056757269e-24, 6.05880634507e-24, 6.82472441416e-24, 6.10904731841e-24],
        "var": [7.13016970622e-06, 4.37616199633e-06, 1.52296865963e-06, 1.9990338842e-06, 8.59754038629e-07, 7.20767445728e-07, 7.04819740349e-07, 7.43513055568e-07, 3.27398282707e-07, 2.24577377139e-07, 1.45153435938e-07, 7.41133163729e-08, 3.75703024247e-08, 1.50964311274e-07, 5.95519757951e-08, 3.55154625709e-08, 6.96346669216e-09, 5.93541304994e-09, 6.19671114421e-09, 7.99435806442e-09, 1.13282161429e-09, 3.76183306727e-10, 1.45022827081e-10, 1.21209334236e-10, 9.04168823146e-11, 4.89968968176e-11, 3.88363542714e-11, 2.62781255089e-11, 1.98060682438e-11, 2.28929149942e-11, 2.10092880593e-11, 2.28396572488e-11, 2.51893471359e-11, 2.17400611402e-11, 1.63771184114e-11, 2.20614481544e-11, 2.00095755937e-11, 1.95553399862e-11, 2.05765803701e-11, 1.53588062407e-11]
    },
    "mfcc": {
        "mean": [-727.80090332, 128.074874878, 28.0243721008, 9.11419296265, 9.28238677979, 5.34338855743, -7.14429807663, -3.41896438599, -1.54693627357, -5.56178236008, -5.07972764969, -2.09097909927, -2.38584208488],
        "cov": [[22000.7636719, -911.889831543, -927.193237305, -970.958129883, -610.318054199, -354.356933594, -282.727508545, 181.971328735, 57.3726501465, 395.215484619, 479.567474365, 205.224441528, 136.941726685], [-911.889831543, 1740.46838379, -122.086753845, 106.566818237, 61.3053474426, 72.9686889648, 42.7643280029, 20.5770835876, 43.8467941284, -35.9635543823, -44.5978927612, 19.2864551544, -14.9782104492], [-927.193237305, -122.086753845, 720.866333008, 102.465827942, 87.6358261108, 113.985931396, 9.42368412018, -5.65945959091, 18.0558204651, -48.9576644897, -9.83480739594, 7.34584236145, -1.34208023548], [-970.958129883, 106.566818237, 102.465827942, 451.023620605, 200.82472229, 37.6658287048, 8.51038265228, -10.4774370193, 10.2199163437, 22.2274036407, -34.690448761, -11.8603782654, 15.5466814041], [-610.318054199, 61.3053474426, 87.6358261108, 200.82472229, 285.309936523, 48.9263839722, -2.24052476883, -5.76042747498, 18.2934532166, 11.107919693, -34.0822792053, -3.16751217842, 28.4002075195], [-354.356933594, 72.9686889648, 113.985931396, 37.6658287048, 48.9263839722, 177.405548096, 58.0408172607, 24.3294658661, 17.6384544373, 7.02476930618, 31.3857879639, 23.8425159454, 0.358566790819], [-282.727508545, 42.7643280029, 9.42368412018, 8.51038265228, -2.24052476883, 58.0408172607, 215.293746948, 70.6106109619, -10.6884078979, 23.5831737518, 53.5141868591, 25.8188476562, 10.6826524734], [181.971328735, 20.5770835876, -5.65945959091, -10.4774370193, -5.76042747498, 24.3294658661, 70.6106109619, 157.345458984, 15.466504097, 13.3504266739, 43.2514610291, 19.9054260254, 23.8254985809], [57.3726501465, 43.8467941284, 18.0558204651, 10.2199163437, 18.2934532166, 17.6384544373, -10.6884078979, 15.466504097, 127.762214661, 35.2004814148, -4.04191398621, 6.29331636429, 3.35502052307], [395.215484619, -35.9635543823, -48.9576644897, 22.2274036407, 11.107919693, 7.02476930618, 23.5831737518, 13.3504266739, 35.2004814148, 140.889251709, 44.2909393311, 11.3793840408, 8.67229270935], [479.567474365, -44.5978927612, -9.83480739594, -34.690448761, -34.0822792053, 31.3857879639, 53.5141868591, 43.2514610291, -4.04191398621, 44.2909393311, 138.00553894, 42.9672660828, 9.53476238251], [205.224441528, 19.2864551544, 7.34584236145, -11.8603782654, -3.16751217842, 23.8425159454, 25.8188476562, 19.9054260254, 6.29331636429, 11.3793840408, 42.9672660828, 98.4296646118, 28.3191661835], [136.941726685, -14.9782104492, -1.34208023548, 15.5466814041, 28.4002075195, 0.358566790819, 10.6826524734, 23.8254985809, 3.35502052307, 8.67229270935, 9.53476238251, 28.3191661835, 90.7690124512]],
