{
"lowlevel": {
    "average_loudness": 0.85494607687,
    "barkbands_crest": {
        "dmean": 2.16134786606,
        "dmean2": 3.36829805374,
        "dvar": 4.33898878098,
        "dvar2": 10.4491357803,
        "max": 26.6709861755,
        "mean": 10.8002319336,
        "median": 10.1070766449,
        "min": 2.23717713356,
        "var": 18.4876422882
    },
    "barkbands_flatness_db": {
        "dmean": 0.0175066757947,
        "dmean2": 0.0268975216895,
        "dvar": 0.000357611017535,
        "dvar2": 0.000772501167376,
        "max": 0.423283159733,
        "mean": 0.142944961786,
        "median": 0.124652586877,
        "min": 0.0179180894047,
        "var": 0.00518481479958
    },
    "barkbands_kurtosis": {
        "dmean": 2.12567090988,
        "dmean2": 3.42295765877,
        "dvar": 29.1938648224,
        "dvar2": 73.189994812,
        "max": 216.444717407,
        "mean": 3.32344698906,
        "median": 1.22490549088,
        "min": -1.87385892868,
        "var": 48.2281150818
    },
    "barkbands_skewness": {
        "dmean": 0.429143220186,
        "dmean2": 0.670744180679,
        "dvar": 0.273576438427,
        "dvar2": 0.65649831295,
        "max": 14.2292509079,
        "mean": 1.33220207691,
        "median": 1.1127153635,
        "min": -2.23208808899,
        "var": 1.26480102539
    },
    "barkbands_spread": {
        "dmean": 4.00047588348,
        "dmean2": 6.15774488449,
        "dvar": 25.3678207397,
        "dvar2": 54.677154541,
        "max": 97.2344055176,
        "mean": 21.2993812561,
        "median": 19.8512706757,
        "min": 1.29892730713,
        "var": 147.604705811
    },
    "dissonance": {
        "dmean": 0.0202813223004,
        "dmean2": 0.0342722348869,
        "dvar": 0.000398198637413,
        "dvar2": 0.00109604396857,
        "max": 0.500000119209,
        "mean": 0.461895108223,
        "median": 0.469122648239,
        "min": 0.223258674145,
        "var": 0.000876368721947
    },
    "dynamic_complexity": 3.99191904068,
    "erbbands_crest": {
        "dmean": 2.82641530037,
        "dmean2": 4.58649969101,
        "dvar": 7.44352579117,
        "dvar2": 18.8977088928,
        "max": 32.3234481812,
        "mean": 10.8533411026,
        "median": 9.38157463074,
        "min": 2.55993032455,
        "var": 30.5875816345
    },
    "erbbands_flatness_db": {
        "dmean": 0.0144981574267,
        "dmean2": 0.0219998303801,
        "dvar": 0.000224224757403,
        "dvar2": 0.000474325061077,
        "max": 0.483427613974,
        "mean": 0.163664892316,
        "median": 0.153108626604,
        "min": 0.041177354753,
        "var": 0.00363131146878
    },
    "erbbands_kurtosis": {
        "dmean": 1.05040049553,
        "dmean2": 1.64535653591,
        "dvar": 1.7347509861,
        "dvar2": 3.9202773571,
        "max": 26.1215820312,
        "mean": 1.56818819046,
        "median": 0.66677737236,
        "min": -1.74897241592,
        "var": 8.47336959839
    },
    "erbbands_skewness": {
        "dmean": 0.325659662485,
        "dmean2": 0.501877784729,
        "dvar": 0.0855839028955,
        "dvar2": 0.196315303445,
        "max": 3.60843706131,
        "mean": 0.455680221319,
        "median": 0.39826387167,
        "min": -2.92553210258,
        "var": 0.596248269081
    },
    "erbbands_spread": {
        "dmean": 5.66442346573,
        "dmean2": 8.77417373657,
        "dvar": 43.1819076538,
        "dvar2": 94.2890548706,
        "max": 147.879562378,
        "mean": 27.8128948212,
        "median": 25.4203262329,
        "min": 2.81622624397,
        "var": 197.092758179
    },
    "hfc": {
        "dmean": 4.78621244431,
        "dmean2": 7.24749946594,
        "dvar": 51.880355835,
        "dvar2": 111.786849976,
        "max": 153.971923828,
        "mean": 23.9727859497,
        "median": 22.8864269257,
        "min": 1.10649971925e-16,
        "var": 385.96496582
    },
    "melbands_crest": {
        "dmean": 2.9564409256,
        "dmean2": 4.69579124451,
        "dvar": 8.3890581131,
        "dvar2": 21.9369602203,
        "max": 38.3483428955,
        "mean": 16.3524131775,
        "median": 15.6527853012,
        "min": 1.95718359947,
        "var": 39.7304992676
    },
    "melbands_flatness_db": {
        "dmean": 0.0209132879972,
        "dmean2": 0.0320214480162,
        "dvar": 0.000558143306989,
        "dvar2": 0.00120010843966,
        "max": 0.509036362171,
        "mean": 0.220531851053,
        "median": 0.204464197159,
        "min": 0.00437508802861,
        "var": 0.00716117443517
    },
    "melbands_kurtosis": {
        "dmean": 4.46213626862,
        "dmean2": 7.15513277054,
        "dvar": 75.7886886597,
        "dvar2": 179.302230835,
        "max": 198.730728149,
        "mean": 8.77439880371,
        "median": 4.299949646,
        "min": -1.52713251114,
        "var": 173.937591553
    },
    "melbands_skewness": {
        "dmean": 0.57807213068,
        "dmean2": 0.898442089558,
        "dvar": 0.431933373213,
        "dvar2": 0.985344707966,
        "max": 11.8334007263,
        "mean": 2.1363132,
        "median": 1.87446641922,
        "min": -1.35859453678,
        "var": 2.20680809021
    },
    "melbands_spread": {
        "dmean": 4.8978600502,
        "dmean2": 7.65963411331,
        "dvar": 36.1935539246,
        "dvar2": 77.9332275391,
        "max": 193.753692627,
        "mean": 23.4250583649,
        "median": 22.2329902649,
        "min": 0.92751210928,
        "var": 221.055984497
    },
    "pitch_salience": {
        "dmean": 0.0631854757667,
        "dmean2": 0.101370900869,
        "dvar": 0.00389906577766,
        "dvar2": 0.00999102555215,
        "max": 0.957738399506,
        "mean": 0.499251008034,
        "median": 0.500251054764,
        "min": 0.0402744263411,
        "var": 0.0136359930038
    },
    "silence_rate_20dB": {
        "dmean": 0,
        "dmean2": 0,
        "dvar": 0,
        "dvar2": 0,
        "max": 1,
        "mean": 1,
        "median": 1,
        "min": 1,
        "var": 0
    },
    "silence_rate_30dB": {
        "dmean": 0.0282426774502,
        "dmean2": 0.056492742151,
        "dvar": 0.0274446681142,
        "dvar2": 0.0671671107411,
        "max": 1,
        "mean": 0.976990461349,
        "median": 1,
        "min": 0,
        "var": 0.0224798265845
    },
    "silence_rate_60dB": {
        "dmean": 0.00496861943975,
        "dmean2": 0.00993853807449,
        "dvar": 0.00494326651096,
        "dvar2": 0.0114093963057,
        "max": 1,
        "mean": 0.0538632497191,
        "median": 0,
        "min": 0,
        "var": 0.0509599521756
    },
    "spectral_centroid": {
        "dmean": 175.984085083,
        "dmean2": 269.429229736,
        "dvar": 53139.8320312,
        "dvar2": 102497.796875,
        "max": 10823.8652344,
        "mean": 1269.57434082,
        "median": 1232.31469727,
        "min": 185.278060913,
        "var": 357374.96875
    },
    "spectral_complexity": {
        "dmean": 2.82374477386,
        "dmean2": 4.59238910675,
        "dvar": 8.62223434448,
        "dvar2": 19.090713501,
        "max": 52,
        "mean": 20.0377826691,
        "median": 21,
        "min": 0,
        "var": 94.6847839355
    },
    "spectral_decrease": {
        "dmean": 2.14399697995e-09,
        "dmean2": 3.31701421885e-09,
        "dvar": 1.16829161648e-17,
        "dvar2": 2.69235063657e-17,
        "max": 8.00039203088e-22,
        "mean": -9.00561758499e-09,
        "median": -7.88350540404e-09,
        "min": -4.23001758065e-08,
        "var": 4.55468111497e-17
    },
    "spectral_energy": {
        "dmean": 0.00837147515267,
        "dmean2": 0.012933419086,
        "dvar": 0.000170381128555,
        "dvar2": 0.000392049405491,
        "max": 0.162094175816,
        "mean": 0.0361636430025,
        "median": 0.0320427827537,
        "min": 1.03842759682e-20,
        "var": 0.000707222905476
    },
    "spectral_energyband_high": {
        "dmean": 0.00020969461184,
        "dmean2": 0.000305868859868,
        "dvar": 2.74027655678e-07,
        "dvar2": 4.90850425194e-07,
        "max": 0.0169296376407,
        "mean": 0.000689051405061,
        "median": 0.000422858545789,
        "min": 7.23443116451e-21,
        "var": 9.76875298875e-07
    },
    "spectral_energyband_low": {
        "dmean": 0.00636492623016,
        "dmean2": 0.00999138969928,
        "dvar": 0.000160164621775,
        "dvar2": 0.000372523441911,
        "max": 0.140727758408,
        "mean": 0.0175327230245,
        "median": 0.011357082054,
        "min": 4.99609150886e-23,
        "var": 0.00038839870831
    },
    "spectral_energyband_middle_high": {
        "dmean": 0.00232905102894,
        "dmean2": 0.00357620464638,
        "dvar": 1.17993722597e-05,
        "dvar2": 2.75612364931e-05,
        "max": 0.0773702934384,
        "mean": 0.00885385740548,
        "median": 0.00665041804314,
        "min": 1.57430322807e-21,
        "var": 7.71208069636e-05
    },
    "spectral_energyband_middle_low": {
        "dmean": 0.00362497172318,
        "dmean2": 0.00589111959562,
        "dvar": 4.66958917968e-05,
        "dvar2": 0.000127108200104,
        "max": 0.0829691886902,
        "mean": 0.0103117544204,
        "median": 0.0072396537289,
        "min": 3.2427577751e-22,
        "var": 9.64548744378e-05
    },
    "spectral_entropy": {
        "dmean": 0.123691417277,
        "dmean2": 0.188948765397,
        "dvar": 0.0206345785409,
        "dvar2": 0.0452767722309,
        "max": 9.80516910553,
        "mean": 7.51006555557,
        "median": 7.61264419556,
        "min": 5.73221969604,
        "var": 0.214788392186
    },
    "spectral_flux": {
        "dmean": 0.0199854560196,
        "dmean2": 0.0311510916799,
        "dvar": 0.000876364123542,
        "dvar2": 0.00154724961612,
        "max": 0.380704402924,
        "mean": 0.0804644525051,
        "median": 0.072437942028,
        "min": 1.07215847311e-10,
        "var": 0.00269572064281
    },
    "spectral_kurtosis": {
        "dmean": 2.35561394691,
        "dmean2": 4.03613138199,
        "dvar": 26.0347614288,
        "dvar2": 78.4899902344,
        "max": 81.4016494751,
        "mean": 7.60027980804,
        "median": 5.30996704102,
        "min": -1.18698728085,
        "var": 65.7658081055
    },
    "spectral_rms": {
        "dmean": 0.000630377267953,
        "dmean2": 0.00096552981995,
        "dvar": 6.16697320766e-07,
        "dvar2": 1.37008839829e-06,
        "max": 0.0125753991306,
        "mean": 0.0054814433679,
        "median": 0.00559117598459,
        "min": 3.18292332595e-12,
        "var": 5.23540529684e-06
    },
    "spectral_rolloff": {
        "dmean": 272.721252441,
        "dmean2": 456.129974365,
        "dvar": 344772.6875,
        "dvar2": 723490.0625,
        "max": 18475.4882812,
        "mean": 1202.17553711,
        "median": 1033.59375,
        "min": 21.533203125,
        "var": 1161862.5
    },
    "spectral_skewness": {
        "dmean": 0.236667886376,
        "dmean2": 0.388655662537,
        "dvar": 0.12574313581,
        "dvar2": 0.356409937143,
        "max": 7.12023115158,
        "mean": 2.00532984734,
        "median": 1.86330473423,
        "min": 0.0239273235202,
        "var": 0.47412520647
    },
    "spectral_spread": {
        "dmean": 384590.65625,
        "dmean2": 575416.9375,
        "dvar": 556878528512,
        "dvar2": 834558623744,
        "max": 40068972,
        "mean": 4419217.5,
        "median": 4605302,
        "min": 827634.75,
        "var": 2.60896587776e+12
    },
    "spectral_strongpeak": {
        "dmean": 0.520174920559,
        "dmean2": 0.907043099403,
        "dvar": 1.18426454067,
        "dvar2": 3.00507307053,
        "max": 13.2458877563,
        "mean": 1.0340102911,
        "median": 0.327295899391,
        "min": 0,
        "var": 2.35828375816
    },
    "zerocrossingrate": {
        "dmean": 0.00734784128144,
        "dmean2": 0.00868044886738,
        "dvar": 0.000125308710267,
        "dvar2": 0.000154766763444,
        "max": 0.73046875,
        "mean": 0.0528658144176,
        "median": 0.04833984375,
        "min": 0.0029296875,
        "var": 0.00113281770609
    },
    "barkbands": {
        "dmean": [0.000400018296205, 0.00473606912419, 0.00270714075305, 0.00132566469256, 0.000813906546682, 0.000734263448976, 0.000690187443979, 0.000965315266512, 0.000832535210066, 0.00111990759615, 0.000417439354351, 0.000766888668295, 0.000531164347194, 0.000408028863603, 0.000471547944471, 0.000310719304252, 0.000228081262321, 0.000146846199641, 0.000149637184222, 8.96841957001e-05, 4.6967095841e-05, 3.6678295146e-05, 4.88716214022e-05, 4.51198175142e-05, 3.62691607734e-05, 2.93067150778e-05, 1.24019506984e-05],
        "dmean2": [0.000539022381417, 0.007335991133, 0.00466930354014, 0.00242776307277, 0.00139373796992, 0.00116179010365, 0.00109566887841, 0.00146676925942, 0.0012423582375, 0.00165791576728, 0.000645255669951, 0.0012184077641, 0.000819010485429, 0.000645686290227, 0.000782222312409, 0.000512520375196, 0.000379829056328, 0.00024108949583, 0.00024514485267, 0.000142207660247, 7.82657880336e-05, 5.77067075938e-05, 7.32795306249e-05, 6.80070661474e-05, 5.33553611604e-05, 4.57110691059e-05, 2.01519160328e-05],
        "dvar": [7.341456012e-07, 8.78590071807e-05, 9.22585531953e-05, 2.47116131504e-05, 2.60677074948e-06, 1.64460777796e-06, 1.60345553013e-06, 4.90680804432e-06, 3.16510067933e-06, 5.42356474398e-06, 1.2027816183e-06, 2.75868956123e-06, 2.52887184615e-06, 1.15003217616e-06, 9.34685658649e-07, 1.15317720883e-06, 2.62564952891e-07, 8.52487573866e-08, 7.8515412838e-08, 3.44117481177e-08, 8.93698448579e-09, 6.88245771485e-09, 1.62328461784e-08, 2.13293667173e-08, 1.23882859526e-08, 1.07431032959e-08, 3.30351124234e-09],
        "dvar2": [1.16353157864e-06, 0.00020497055084, 0.000249034055742, 7.21596952644e-05, 7.27130918676e-06, 3.89514707422e-06, 3.8444072743e-06, 1.13863279694e-05, 6.70012332193e-06, 1.1606382941e-05, 2.62528192252e-06, 6.58610588289e-06, 5.90548188484e-06, 2.6640636861e-06, 2.47496654993e-06, 3.38474433192e-06, 7.34425327664e-07, 2.07827909549e-07, 2.03197487281e-07, 7.82803297739e-08, 2.31995205269e-08, 1.39360789575e-08, 3.01104456923e-08, 4.04755020611e-08, 2.28121326273e-08, 2.56626133677e-08, 7.88906806548e-09],
        "max": [0.0156413000077, 0.115602120757, 0.100035279989, 0.0532186254859, 0.0249206665903, 0.0255856066942, 0.0369884073734, 0.06443939358, 0.0381012670696, 0.0443234033883, 0.0308253336698, 0.0400431975722, 0.0570478662848, 0.0338935703039, 0.0174548197538, 0.0218983963132, 0.0106942132115, 0.00837272778153, 0.00537976948544, 0.00610154261813, 0.00242323195562, 0.00415006792173, 0.0050173131749, 0.00586421554908, 0.00513547472656, 0.00198814133182, 0.00145909073763],
        "mean": [0.00137218623422, 0.0121627626941, 0.00321736326441, 0.00148289639037, 0.00134316110052, 0.00149256759323, 0.00150951254182, 0.00185110210441, 0.00179816735908, 0.0028849686496, 0.0007672511274, 0.00133006344549, 0.000914594042115, 0.000746991310734, 0.000819938315544, 0.000626265478786, 0.000419798278017, 0.000307252194034, 0.000319383543683, 0.000195636865101, 0.000106911924377, 8.65384427016e-05, 0.000118112722703, 0.000110166693048, 9.58221135079e-05, 6.73682370689e-05, 1.6899426555e-05],
        "median": [0.000303803448332, 0.00671511236578, 0.00109733291902, 0.000543778645806, 0.000855749822222, 0.000851454446092, 0.00059244746808, 0.000630266731605, 0.000505276955664, 0.000615901546553, 0.000264008005615, 0.000444537203293, 0.000314736156724, 0.000215170657611, 0.000301920314087, 0.000152354710735, 0.000172052939888, 0.000161845906405, 0.000149477957166, 9.40237732721e-05, 5.21989095432e-05, 4.88680962007e-05, 5.22988957528e-05, 5.05173520651e-05, 4.44103570771e-05, 3.75969939341e-05, 8.40631855681e-07],
        "min": [2.49424585089e-24, 9.38987998574e-24, 7.60862653973e-24, 1.43482912379e-23, 4.01496374402e-23, 2.36192875187e-23, 5.31752582201e-23, 2.15307309404e-23, 7.42462252478e-23, 3.18468417029e-23, 5.64256302069e-23, 9.99386676243e-23, 4.78631035942e-23, 3.6831369773e-23, 1.79389544689e-22, 1.27169944124e-22, 1.43805139971e-22, 2.44872168991e-22, 2.42682139656e-22, 2.19761098168e-22, 4.20697349809e-22, 4.82738091939e-22, 5.45852215015e-22, 6.94240005757e-22, 1.28180188429e-21, 1.64186183135e-21, 2.027929803e-21],
        "var": [4.38072083853e-06, 0.000228420569329, 6.5927306423e-05, 1.49903380589e-05, 3.04719787891e-06, 4.11440669268e-06, 9.45615011005e-06, 1.51239055413e-05, 1.46974434756e-05, 3.294468479e-05, 4.61235458715e-06, 6.42163786324e-06, 4.80362996313e-06, 3.01910358758e-06, 2.14452757064e-06, 3.11977964884e-06, 5.89469266288e-07, 2.24119986569e-07, 2.22780357717e-07, 8.80763053601e-08, 2.38830448751e-08, 1.99062242245e-08, 4.75384247522e-08, 5.3347633866e-08, 3.25399582835e-08, 1.86883255537e-08, 4.55567317204e-09]
    },
    "erbbands": {
        "dmean": [0.175034016371, 1.00999295712, 2.72650146484, 4.10669088364, 3.35196733475, 2.71787238121, 3.78504133224, 7.06723690033, 9.48215198517, 9.88655662537, 23.0954761505, 21.3801765442, 27.338136673, 29.4808177948, 15.971411705, 36.9337158203, 24.1644802094, 21.2572174072, 26.1293888092, 16.0909996033, 16.8586654663, 8.60900020599, 8.03615570068, 6.26804447174, 7.73791074753, 4.41294240952, 2.38117551804, 1.52650761604, 1.28741192818, 1.41538333893, 1.43510890007, 1.11460804939, 0.691470503807, 0.48507592082, 0.234089255333, 0.121501676738, 0.0599739104509, 0.016137201339, 0.00230608135462, 6.61817830405e-05],
        "dmean2": [0.262644350529, 1.52709066868, 4.40179395676, 7.49311637878, 6.02383565903, 4.52746868134, 5.8937754631, 11.1844043732, 14.9402456284, 15.273150444, 35.1616210938, 31.5173721313, 42.1221542358, 42.5526885986, 25.4356613159, 58.4315567017, 37.1919822693, 33.3040733337, 43.1801185608, 25.9395980835, 27.8400058746, 14.1025857925, 13.1735744476, 10.1423425674, 12.4588327408, 7.07844638824, 3.8702750206, 2.56092095375, 2.05477571487, 2.11590886116, 2.19182825089, 1.71606934071, 1.02225553989, 0.73013740778, 0.351121783257, 0.18544486165, 0.0949207767844, 0.0260953325778, 0.00375625072047, 0.000106583473098],
        "dvar": [0.118709549308, 4.87097120285, 70.0574798584, 265.912384033, 89.7925567627, 27.3030090332, 53.8792686462, 190.04800415, 254.141342163, 374.734069824, 3184.91381836, 2024.77941895, 4063.36425781, 4755.98339844, 1261.66418457, 6651.67871094, 4660.56152344, 3112.30175781, 3001.89868164, 1700.47045898, 3662.35717773, 299.104766846, 283.094207764, 137.427902222, 241.276855469, 82.483795166, 19.1438961029, 12.1767959595, 8.74263477325, 12.1637983322, 15.7156066895, 10.3570585251, 6.28529310226, 2.25702905655, 0.543235838413, 0.157759800553, 0.0475205443799, 0.00483038602397, 0.00012303427502, 7.46180575106e-08],
        "dvar2": [0.290772557259, 10.0136957169, 173.915298462, 765.083984375, 259.66104126, 72.8405914307, 132.221115112, 452.562316895, 600.829345703, 820.428039551, 7615.98193359, 4087.91821289, 10057.8652344, 8866.32128906, 3083.33544922, 15802.8945312, 10747.5195312, 7196.92871094, 8190.26660156, 4107.98193359, 10938.5205078, 772.940490723, 681.859008789, 356.659301758, 609.623046875, 195.263671875, 48.6490821838, 31.210899353, 18.1650981903, 23.9042301178, 30.4783668518, 20.0588760376, 12.3166465759, 4.43424034119, 1.02231407166, 0.338200539351, 0.117011129856, 0.0118679441512, 0.000296610785881, 1.83243784591e-07],
        "max": [4.90390396118, 27.9304885864, 88.1019821167, 173.368118286, 107.518035889, 120.57333374, 180.223495483, 322.368225098, 414.380371094, 456.224456787, 1769.87902832, 1131.59216309, 1595.26623535, 1819.99890137, 936.500305176, 1929.23205566, 2032.84399414, 1943.00830078, 1077.86413574, 1184.09912109, 1290.43737793, 601.763000488, 520.227050781, 253.680648804, 325.299530029, 283.332550049, 106.428199768, 112.498252869, 123.250137329, 167.176071167, 172.226760864, 154.826690674, 122.879524231, 67.747756958, 28.8870716095, 11.0258750916, 4.63747930527, 1.70209443569, 0.274420440197, 0.00707434024662],
        "mean": [0.492844194174, 2.14790534973, 3.75477051735, 4.69415521622, 4.2323923111, 4.71966791153, 7.86128044128, 13.5877885818, 21.1035175323, 22.3238868713, 44.215007782, 51.4205436707, 64.1469497681, 81.8590316772, 31.411863327, 65.623336792, 45.2615127563, 42.6966705322, 46.8706245422, 33.3217811584, 36.4072303772, 19.0099048615, 17.7221717834, 14.7226333618, 16.4270858765, 9.83413028717, 5.72369289398, 3.33510756493, 2.97368121147, 3.44060659409, 3.31377720833, 2.64245724678, 1.6486825943, 1.21435201168, 0.598467111588, 0.277793675661, 0.127117455006, 0.0298177152872, 0.00326459878124, 0.000130694708787],
        "median": [0.23061221838, 1.15452373028, 1.68799161911, 1.96076536179, 2.20786595345, 2.80288934708, 4.26366662979, 7.28174591064, 8.91124725342, 9.80066585541, 15.250082016, 15.8297767639, 18.0274982452, 17.6319026947, 15.8493890762, 22.7070159912, 19.0196723938, 16.0613155365, 18.6648960114, 11.815486908, 10.2043418884, 8.65616703033, 9.72582149506, 7.7409286499, 7.51627206802, 4.92474937439, 2.9435274601, 1.57741713524, 1.60297620296, 1.75406098366, 1.48581683636, 1.17072844505, 0.751992285252, 0.517504036427, 0.296338349581, 0.148242950439, 0.0696387439966, 0.0132151246071, 0.000326699664583, 6.03109619988e-05],
        "min": [1.91147459684e-22, 3.2435787458e-21, 9.60078083173e-21, 3.01158237208e-20, 9.59951825038e-20, 8.08912781089e-20, 7.17975000238e-20, 2.6194018265e-19, 6.50054204939e-19, 1.15346696826e-18, 5.73692768197e-19, 1.45322005825e-18, 1.29364554435e-18, 1.38178567113e-18, 2.91198388096e-18, 3.96678764089e-18, 2.62257054863e-18, 3.87143191424e-18, 5.28081367477e-18, 7.94387202604e-18, 8.00764351537e-18, 8.67522128309e-18, 1.16890373013e-17, 1.5940013595e-17, 1.30276463158e-17, 8.24649853469e-18, 1.42318723952e-17, 1.56146305205e-17, 1.66429434077e-17, 1.72338862004e-17, 1.50819046993e-17, 1.1165474987e-17, 1.34037446608e-17, 1.2231877887e-17, 1.00001991883e-17, 5.58953981325e-18, 3.19424396216e-18, 1.48123180591e-18, 2.52258136978e-19, 2.7264118559e-20],
        "var": [0.381482988596, 10.0488605499, 63.7412414551, 160.794174194, 61.6499404907, 43.4031066895, 128.305419922, 417.627441406, 1396.76611328, 1725.95056152, 8796.33789062, 11820.0507812, 16253.0654297, 33713.0625, 2499.53588867, 15731.4335938, 9578.04199219, 8554.37402344, 6403.24169922, 4901.01123047, 10329.3144531, 979.902038574, 765.161499023, 433.065917969, 684.362854004, 208.18409729, 62.8126716614, 26.6690349579, 25.1075325012, 36.1087150574, 40.4272155762, 26.71941185, 14.7041044235, 5.60146617889, 1.32584655285, 0.321652859449, 0.071618154645, 0.00706289848313, 0.000163394390256, 1.01196732771e-07]
    },
    "gfcc": {
        "mean": [-1.78688275814, 98.2810440063, -113.308357239, 15.6635026932, -44.4086647034, 18.620464325, -29.2882556915, 16.453207016, -17.6286430359, 6.38071107864, -9.01117038727, 0.860186219215, -10.7374334335],
        "cov": [[15364.0771484, -3173.32324219, 1814.76635742, 372.693817139, -44.3233642578, 1463.9420166, 1.29526972771, 1270.70263672, -271.327819824, 776.186401367, -362.863891602, 623.039489746, -444.274047852], [-3173.32324219, 2688.14819336, 4.10352134705, -41.9312057495, 336.86605835, -470.454589844, 152.307357788, -452.950012207, 195.522674561, -334.514282227, 107.25983429, -351.142944336, 184.156951904], [1814.76635742, 4.10352134705, 1085.65270996, 239.073928833, 258.458770752, 312.411315918, 10.2067575455, 204.525314331, -67.3227157593, 109.086616516, -72.4293212891, 60.1494674683, -68.6478881836], [372.693817139, -41.9312057495, 239.073928833, 407.354736328, 100.508148193, 74.2195510864, -48.9516296387, 18.8672065735, 6.38836956024, 22.4406089783, -17.8098373413, 8.61838245392, -12.9059534073], [-44.3233642578, 336.86605835, 258.458770752, 100.508148193, 331.619140625, 11.9123802185, 55.7070999146, -12.5589160919, 29.0902996063, -2.70846867561, -19.3508415222, -7.63326025009, 21.5055942535], [1463.9420166, -470.454589844, 312.411315918, 74.2195510864, 11.9123802185, 421.8046875, 39.8665466309, 206.535842896, -87.7232437134, 69.0639648438, -42.4133644104, 79.4317626953, -68.9596939087], [1.29526972771, 152.307357788, 10.2067575455, -48.9516296387, 55.7070999146, 39.8665466309, 270.236877441, -13.4809513092, 25.733335495, -17.0395812988, -14.8856611252, 14.6219892502, 12.2351379395], [1270.70263672, -452.950012207, 204.525314331, 18.8672065735, -12.5589160919, 206.535842896, -13.4809513092, 274.092071533, -40.655670166, 101.918823242, -41.9600028992, 82.5093383789, -40.5433616638], [-271.327819824, 195.522674561, -67.3227157593, 6.38836956024, 29.0902996063, -87.7232437134, 25.733335495, -40.655670166, 152.066925049, 0.564170718193, 17.6050415039, -28.2475967407, 35.6345176697], [776.186401367, -334.514282227, 109.086616516, 22.4406089783, -2.70846867561, 69.0639648438, -17.0395812988, 101.918823242, 0.564170718193, 168.417495728, 9.01208877563, 73.6531524658, -31.2247638702], [-362.863891602, 107.25983429, -72.4293212891, -17.8098373413, -19.3508415222, -42.4133644104, -14.8856611252, -41.9600028992, 17.6050415039, 9.01208877563, 117.387504578, 2.64984083176, 7.63311862946], [623.039489746, -351.142944336, 60.1494674683, 8.61838245392, -7.63326025009, 79.4317626953, 14.6219892502, 82.5093383789, -28.2475967407, 73.6531524658, 2.64984083176, 148.087646484, 1.16984283924], [-444.274047852, 184.156951904, -68.6478881836, -12.9059534073, 21.5055942535, -68.9596939087, 12.2351379395, -40.5433616638, 35.6345176697, -31.2247638702, 7.63311862946, 1.16984283924, 104.195396423]],
        "icov": [[0.000153109620442, 1.5444271412e-05, -0.000114668975584, -8.56343103806e-06, 9.71218760242e-05, -0.000190477323486, 2.83292729364e-06, -0.000223070033826, -0.00012383115245, -0.000245782925049, 0.000280414038571, -0.000237791260588, 0.000266513350653], [1.5444271412e-05, 0.00126273802016, -0.000580902502406, 0.000231820173212, -0.000717666465789, 0.000658983830363, -0.000588710594457, 0.000436133035691, -0.000357244687621, 0.00117540999781, -0.00123401999008, 0.00195478065871, -0.00115397770423], [-0.000114668975584, -0.000580902502406, 0.00207640393637, -0.000599697814323, -0.000989210093394, -0.000885380024556, 0.000364365027053, -0.000521029927768, 0.000643660954665, -0.00089862162713, 0.000683067308273, -0.000473029591376, 0.000670021458063], [-8.56343103806e-06, 0.000231820173212, -0.000599697814323, 0.00317104905844, -0.000739246956073, -0.000496005523019, 0.000817566469777, 0.000820380402729, -0.000741697207559, 0.000178060377948, 7.03738551238e-05, 0.000104376311356, -0.000100352277514], [9.71218760242e-05, -0.000717666465789, -0.000989210093394, -0.000739246956073, 0.00494369119406, -0.000100973724329, -0.000561073771678, 0.000118554606161, -0.000485191761982, -0.000747925019823, 0.00114911294077, -0.00110699923243, -0.000165891236975], [-0.000190477323486, 0.000658983830363, -0.000885380024556, -0.000496005523019, -0.000100973724329, 0.00572453299537, -0.00153860414866, -0.00243450747803, 0.00152196513955, 0.00164947437588, -0.00122722366359, 0.000673149770591, 0.000477410882013], [2.83292729364e-06, -0.000588710594457, 0.000364365027053, 0.000817566469777, -0.000561073771678, -0.00153860414866, 0.0048097348772, 0.000747015408706, -0.00114606635179, 1.77732235898e-05, 0.00130348757375, -0.00195324257948, 0.000541014305782], [-0.000223070033826, 0.000436133035691, -0.000521029927768, 0.000820380402729, 0.000118554606161, -0.00243450747803, 0.000747015408706, 0.00846798252314, -0.0005416078493, -0.00193627423141, 0.00127450295258, -0.000499519519508, -0.000874862715136], [-0.00012383115245, -0.000357244687621, 0.000643660954665, -0.000741697207559, -0.000485191761982, 0.00152196513955, -0.00114606635179, -0.0005416078493, 0.00911003444344, -0.00208575022407, -0.000742660544347, 0.00183526880573, -0.00223999191076], [-0.000245782925049, 0.00117540999781, -0.00089862162713, 0.000178060377948, -0.000747925019823, 0.00164947437588, 1.77732235898e-05, -0.00193627423141, -0.00208575022407, 0.0116542829201, -0.00320093799382, -0.00181731418706, 0.00125583284535], [0.000280414038571, -0.00123401999008, 0.000683067308273, 7.03738551238e-05, 0.00114911294077, -0.00122722366359, 0.00130348757375, 0.00127450295258, -0.000742660544347, -0.00320093799382, 0.0116387689486, -0.00327931484208, 0.00160782877356], [-0.000237791260588, 0.00195478065871, -0.000473029591376, 0.000104376311356, -0.00110699923243, 0.000673149770591, -0.00195324257948, -0.000499519519508, 0.00183526880573, -0.00181731418706, -0.00327931484208, 0.0139807332307, -0.00514755444601], [0.000266513350653, -0.00115397770423, 0.000670021458063, -0.000100352277514, -0.000165891236975, 0.000477410882013, 0.000541014305782, -0.000874862715136, -0.00223999191076, 0.00125583284535, 0.00160782877356, -0.00514755444601, 0.0142309749499]]
    },
    "melbands": {
        "dmean": [0.00137107342016, 0.00125239545014, 0.000680908851791, 0.000208518453292, 0.00012078214786, 0.000151981716044, 0.000147399885464, 0.000120387005154, 0.000179720154847, 0.000138073723065, 0.000139306488563, 0.000127966792206, 5.12195874762e-05, 8.74426259543e-05, 6.5804051701e-05, 5.20488647453e-05, 4.32888919022e-05, 4.38958668383e-05, 2.38350494328e-05, 2.5428716981e-05, 2.09906993405e-05, 1.0698297956e-05, 9.88104147837e-06, 6.82154541209e-06, 5.38168933417e-06, 7.22911318007e-06, 3.79146445084e-06, 3.01687964566e-06, 1.68280121216e-06, 1.36540177209e-06, 9.3292959491e-07, 7.66127641327e-07, 8.15552368749e-07, 8.89648617886e-07, 9.17824308999e-07, 8.48246031637e-07, 6.93588958711e-07, 5.21923766428e-07, 5.14617966019e-07, 4.18712147621e-07],
        "dmean2": [0.00207052705809, 0.00188908388373, 0.00122980284505, 0.000363506813301, 0.000190667633433, 0.000240878012846, 0.000232280071941, 0.000183794865734, 0.000273529469268, 0.000202969255042, 0.00021473452216, 0.000184617325431, 8.14256563899e-05, 0.000139024850796, 0.000102722740849, 8.05238960311e-05, 6.81507881382e-05, 7.25591744413e-05, 3.88933040085e-05, 4.13736524933e-05, 3.47151981259e-05, 1.7535770894e-05, 1.6324544049e-05, 1.12545130833e-05, 8.76583726495e-06, 1.18691359603e-05, 5.94915718466e-06, 4.87167017127e-06, 2.7260277875e-06, 2.27704003919e-06, 1.5826640265e-06, 1.23950769648e-06, 1.29541251681e-06, 1.34331105528e-06, 1.4270730162e-06, 1.34551271458e-06, 1.07884284262e-06, 7.85349527632e-07, 7.74799104875e-07, 6.44963563445e-07],
        "dvar": [6.79364256939e-06, 9.83993140835e-06, 6.66599726173e-06, 2.054398891e-07, 5.32214947668e-08, 7.89323451045e-08, 6.37294306216e-08, 5.65938371722e-08, 1.850778375e-07, 8.71732623864e-08, 1.04797528877e-07, 9.03313761569e-08, 1.59809232514e-08, 3.34766561139e-08, 2.08860964079e-08, 2.80753535975e-08, 1.33884840992e-08, 8.33825097857e-09, 2.43243114539e-09, 5.61628787921e-09, 4.59749260884e-09, 5.78032455234e-10, 4.11712886006e-10, 1.84326026664e-10, 1.11212039577e-10, 2.28553301285e-10, 6.72898126108e-11, 3.71222635964e-11, 9.47200304302e-12, 8.54469186379e-12, 4.8168530796e-12, 2.91869176397e-12, 3.69940623274e-12, 5.08278618847e-12, 6.28684691112e-12, 5.48236109288e-12, 4.21500508108e-12, 3.86455581078e-12, 4.0909983734e-12, 1.42107983367e-12],
        "dvar2": [1.64749453688e-05, 2.11150381801e-05, 1.90573373402e-05, 5.81069059535e-07, 1.34859320156e-07, 1.88307424764e-07, 1.51411128968e-07, 1.19947799249e-07, 4.50699729981e-07, 1.77144144686e-07, 2.57436937545e-07, 1.67450707522e-07, 3.84172516021e-08, 7.96756438604e-08, 4.85242779291e-08, 6.80646792262e-08, 3.00547284837e-08, 2.24357350476e-08, 5.91676441175e-09, 1.55292383397e-08, 1.35625430886e-08, 1.5016179411e-09, 1.07362785329e-09, 4.59198762348e-10, 2.92037394267e-10, 5.92408899713e-10, 1.5356922678e-10, 9.13567554939e-11, 2.28882225672e-11, 2.30084094138e-11, 1.26535648279e-11, 6.17145614126e-12, 8.36324932918e-12, 1.04981735111e-11, 1.23589541379e-11, 1.18250947229e-11, 8.59783511747e-12, 7.89258675776e-12, 9.20794170078e-12, 2.82256271307e-12],
        "max": [0.0333514511585, 0.03420201689, 0.0263540744781, 0.00507707288489, 0.00597086921334, 0.00629801396281, 0.00637803552672, 0.00564514100552, 0.0134063605219, 0.00721883680671, 0.00801569130272, 0.00782422628254, 0.00388797209598, 0.0047881253995, 0.00400872575119, 0.00713746156543, 0.00348932039924, 0.00168506917544, 0.00149980571587, 0.0017223857576, 0.00141078257002, 0.000826044473797, 0.000374321534764, 0.000442191696493, 0.000232831429457, 0.000300645886455, 0.000257245847024, 0.000152041757246, 6.50330548524e-05, 0.000107130414108, 7.14779744158e-05, 5.7815665059e-05, 9.86838203971e-05, 9.39346718951e-05, 0.000106870560558, 0.00010288356134, 9.57622251008e-05, 0.000106386905827, 0.000133164023282, 6.5022315539e-05],
        "mean": [0.00384126231074, 0.00228810170665, 0.000820222659968, 0.000312572461553, 0.000259240128798, 0.000296061247354, 0.000329536182107, 0.00026912544854, 0.000335180113325, 0.000319725630106, 0.000319576502079, 0.00034911109833, 9.15759665077e-05, 0.000155925576109, 0.000119697528135, 8.99243095773e-05, 7.91337806731e-05, 7.57329835324e-05, 4.43616008852e-05, 4.8605936172e-05, 4.06997569371e-05, 2.01554048544e-05, 1.88147660083e-05, 1.36406652018e-05, 1.10305763883e-05, 1.37297929541e-05, 8.11656263977e-06, 6.07437686995e-06, 3.70905104319e-06, 2.6936577342e-06, 1.73049750174e-06, 1.6266279772e-06, 1.73683463345e-06, 1.98923680728e-06, 1.921650437e-06, 1.85121598406e-06, 1.49510913161e-06, 1.12326938506e-06, 1.14456895517e-06, 9.7952613487e-07],
        "median": [0.00198795623146, 0.00130610249471, 0.000369807006791, 0.000183500756975, 0.000158411974553, 0.000163819277077, 0.000133752531838, 0.000112694331619, 0.000114132970339, 8.45292233862e-05, 8.50273936521e-05, 6.45454783808e-05, 3.78411896236e-05, 5.63005778531e-05, 4.72284446005e-05, 3.07271402562e-05, 2.31694994e-05, 2.72055312962e-05, 1.80420920515e-05, 1.32811928779e-05, 1.10697947093e-05, 8.35624541651e-06, 8.42138979351e-06, 7.11102575224e-06, 5.09342726218e-06, 5.61049273529e-06, 3.81019503948e-06, 2.85470719064e-06, 1.81416442047e-06, 1.17867944027e-06, 7.35321236789e-07, 7.94262803083e-07, 9.01348641946e-07, 8.74745808233e-07, 8.22019615043e-07, 7.4163779118e-07, 6.45264719878e-07, 4.82981420191e-07, 4.59684315501e-07, 4.02642655217e-07],
        "min": [4.29241543294e-24, 5.33653634431e-24, 6.31261248057e-24, 1.03441216354e-23, 2.35695940148e-24, 6.18172665133e-24, 9.47953481648e-24, 1.29896715996e-23, 4.27913338188e-24, 9.3181173092e-24, 6.64081963791e-24, 5.14009380726e-24, 9.38855627715e-24, 9.07424490465e-24, 8.84373738156e-24, 4.6484054825e-24, 6.12814209105e-24, 4.5741681493e-24, 1.28299193777e-23, 8.223500228e-24, 8.83910992349e-24, 9.60563580991e-24, 7.62268167448e-24, 1.19113523847e-23, 1.23929559116e-23, 8.39356207309e-24, 9.15335582053e-24, 4.45848288084e-24, 6.99255220516e-24, 1.10888749609e-23, 8.2129026706e-24, 7.95247444224e-24, 1.23621019839e-23, 8.69014221901e-24, 9.23251485693e-24, 6.70893383277e-24, 7.33531305734e-24, 9.32912980743e-24, 9.4240345075e-24, 9.5087747348e-24],
        "var": [2.13870953303e-05, 1.41971677294e-05, 4.11361861552e-06, 1.99804418344e-07, 1.1743232875e-07, 1.81753307515e-07, 3.75891090698e-07, 2.61214267994e-07, 4.93723007366e-07, 5.05920979776e-07, 4.33240671782e-07, 6.43369901354e-07, 3.62393421938e-08, 8.04225024353e-08, 4.70963605892e-08, 5.02334778218e-08, 3.88683822905e-08, 1.80507147007e-08, 6.81047263029e-09, 1.36009745688e-08, 1.2222638901e-08, 1.51092216516e-09, 9.43427780342e-10, 4.3238890246e-10, 3.06891373425e-10, 5.53281698235e-10, 1.75707851047e-10, 8.31505489463e-11, 2.94150363789e-11, 1.98277713692e-11, 8.66648419695e-12, 8.00064615253e-12, 8.85535915429e-12, 1.39788146336e-11, 1.51522058789e-11, 1.33285023643e-11, 9.49334274386e-12, 8.08063338464e-12, 7.21691326491e-12, 3.59287382831e-12]
    },
    "mfcc": {
        "mean": [-646.599365234, 134.300506592, -3.25611639023, 8.1921081543, 10.0465049744, 2.55514645576, 6.62520837784, 7.23027515411, 1.20614027977, 10.1795473099, 2.66777706146, 2.98200941086, 4.58270740509],
        "cov": [[10928.9169922, -1443.98144531, 363.409057617, 125.005958557, 68.8672027588, 344.353302002, 364.962158203, 484.802032471, 260.155487061, 373.257751465, 221.635284424, 114.128860474, 170.80897522], [-1443.98144531, 1932.16992188, 195.986404419, 132.399002075, 225.046951294, 4.34002828598, 45.303943634, -59.8246688843, 26.5491466522, -11.8461027145, -66.69581604, -36.3858795166, -31.5332660675], [363.409057617, 195.986404419, 534.49621582, 154.521636963, 164.765350342, 120.832305908, 92.82472229, 59.2680587769, 22.4022941589, 39.2347450256, -2.65206313133, 17.8422031403, 13.667640686], [125.005958557, 132.399002075, 154.521636963, 379.36038208, 154.442047119, 85.6256256104, -2.30602216721, -5.08722114563, 32.0045852661, 8.93497180939, -21.844575882, 5.16133451462, 23.0951004028], [68.8672027588, 225.046951294, 164.765350342, 154.442047119, 327.894226074, 48.4239387512, 12.4576778412, 3.80110216141, 8.30170726776, 38.8759613037, -33.1086616516, -15.0033454895, 36.2092094421], [344.353302002, 4.34002828598, 120.832305908, 85.6256256104, 48.4239387512, 211.702697754, 89.4066772461, 73.5357437134, 33.9303321838, 19.2941265106, 14.3144989014, -0.120965793729, -17.1134910583], [364.962158203, 45.303943634, 92.82472229, -2.30602216721, 12.4576778412, 89.4066772461, 191.321029663, 94.8907012939, 19.6132545471, 18.7458305359, 23.838010788, -1.58319020271, -8.86919307709], [484.802032471, -59.8246688843, 59.2680587769, -5.08722114563, 3.80110216141, 73.5357437134, 94.8907012939, 168.180999756, 49.0636672974, 28.7239742279, 9.45707130432, -10.203783989, -2.2498524189], [260.155487061, 26.5491466522, 22.4022941589, 32.0045852661, 8.30170726776, 33.9303321838, 19.6132545471, 49.0636672974, 143.7762146, 31.8913803101, -2.84006428719, -3.09466052055, -8.08802127838], [373.257751465, -11.8461027145, 39.2347450256, 8.93497180939, 38.8759613037, 19.2941265106, 18.7458305359, 28.7239742279, 31.8913803101, 113.119949341, 27.3671646118, 1.09457445145, 1.67034542561], [221.635284424, -66.69581604, -2.65206313133, -21.844575882, -33.1086616516, 14.3144989014, 23.838010788, 9.45707130432, -2.84006428719, 27.3671646118, 103.520599365, 22.0158195496, 5.65230464935], [114.128860474, -36.3858795166, 17.8422031403, 5.16133451462, -15.0033454895, -0.120965793729, -1.58319020271, -10.203783989, -3.09466052055, 1.09457445145, 22.0158195496, 90.1730728149, 28.7645359039], [170.80897522, -31.5332660675, 13.667640686, 23.0951004028, 36.2092094421, -17.1134910583, -8.86919307709, -2.2498524189, -8.08802127838, 1.67034542561, 5.65230464935, 28.7645359039, 91.3677520752]],
