{
"lowlevel": {
    "average_loudness": 0.908611893654,
    "barkbands_crest": {
        "dmean": 2.99585962296,
        "dmean2": 4.65051412582,
        "dvar": 7.97616052628,
        "dvar2": 18.0645980835,
        "max": 26.0649662018,
        "mean": 13.4413671494,
        "median": 12.8233318329,
        "min": 2.41333723068,
        "var": 28.2789001465
    },
    "barkbands_flatness_db": {
        "dmean": 0.0294321849942,
        "dmean2": 0.0422211326659,
        "dvar": 0.000843207410071,
        "dvar2": 0.00167478434741,
        "max": 0.700344741344,
        "mean": 0.195277228951,
        "median": 0.177569046617,
        "min": 0.0162562634796,
        "var": 0.0118496846408
    },
    "barkbands_kurtosis": {
        "dmean": 6.25348806381,
        "dmean2": 9.5851764679,
        "dvar": 202.592224121,
        "dvar2": 436.211486816,
        "max": 346.198364258,
        "mean": 10.6958351135,
        "median": 4.1812953949,
        "min": -1.87505102158,
        "var": 462.36730957
    },
    "barkbands_skewness": {
        "dmean": 0.756787836552,
        "dmean2": 1.11952602863,
        "dvar": 0.784534335136,
        "dvar2": 1.6457400322,
        "max": 17.1337432861,
        "mean": 2.21481156349,
        "median": 1.86618483067,
        "min": -3.28022050858,
        "var": 3.13153290749
    },
    "barkbands_spread": {
        "dmean": 5.66307687759,
        "dmean2": 8.53435230255,
        "dvar": 73.4494400024,
        "dvar2": 153.066360474,
        "max": 126.267715454,
        "mean": 16.729309082,
        "median": 12.999540329,
        "min": 0.140489771962,
        "var": 211.977554321
    },
    "dissonance": {
        "dmean": 0.0249836146832,
        "dmean2": 0.0417019538581,
        "dvar": 0.000708889798261,
        "dvar2": 0.0019272522768,
        "max": 0.5,
        "mean": 0.449144333601,
        "median": 0.462114810944,
        "min": 0.186129972339,
        "var": 0.00189352233429
    },
    "dynamic_complexity": 3.46075320244,
    "erbbands_crest": {
        "dmean": 2.91069436073,
        "dmean2": 4.62227201462,
        "dvar": 7.5428237915,
        "dvar2": 17.8437271118,
        "max": 31.7185688019,
        "mean": 10.2996864319,
        "median": 9.24303627014,
        "min": 2.17025256157,
        "var": 24.9712104797
    },
    "erbbands_flatness_db": {
        "dmean": 0.0210871007293,
        "dmean2": 0.0304050613195,
        "dvar": 0.000461452524178,
        "dvar2": 0.000894164666533,
        "max": 0.535123288631,
        "mean": 0.178269460797,
        "median": 0.164102986455,
        "min": 0.0342202931643,
        "var": 0.00675659347326
    },
    "erbbands_kurtosis": {
        "dmean": 1.51468336582,
        "dmean2": 2.35481929779,
        "dvar": 7.3673658371,
        "dvar2": 16.5471916199,
        "max": 71.6520767212,
        "mean": 1.58251202106,
        "median": 0.278831362724,
        "min": -1.79327940941,
        "var": 17.8633728027
    },
    "erbbands_skewness": {
        "dmean": 0.450768440962,
        "dmean2": 0.683880567551,
        "dvar": 0.215294614434,
        "dvar2": 0.474298983812,
        "max": 7.18638801575,
        "mean": 0.592226088047,
        "median": 0.461795568466,
        "min": -3.27421927452,
        "var": 0.933495163918
    },
    "erbbands_spread": {
        "dmean": 8.32676124573,
        "dmean2": 12.2889614105,
        "dvar": 98.9101791382,
        "dvar2": 207.240371704,
        "max": 202.975006104,
        "mean": 34.2527580261,
        "median": 30.2831859589,
        "min": 1.12662529945,
        "var": 456.403717041
    },
    "hfc": {
        "dmean": 9.03430271149,
        "dmean2": 12.9747543335,
        "dvar": 227.671020508,
        "dvar2": 463.647796631,
        "max": 260.361175537,
        "mean": 24.2245388031,
        "median": 17.1523246765,
        "min": 2.60685228959e-09,
        "var": 626.980834961
    },
    "melbands_crest": {
        "dmean": 3.68803787231,
        "dmean2": 5.78629875183,
        "dvar": 11.6394433975,
        "dvar2": 27.9069042206,
        "max": 38.4538879395,
        "mean": 18.7422485352,
        "median": 18.0903530121,
        "min": 3.40107989311,
        "var": 49.3135986328
    },
    "melbands_flatness_db": {
        "dmean": 0.0340037606657,
        "dmean2": 0.0480812825263,
        "dvar": 0.00119227089453,
        "dvar2": 0.00234190304764,
        "max": 0.892934143543,
        "mean": 0.280002206564,
        "median": 0.256651043892,
        "min": 0.0225039366633,
        "var": 0.0176850706339
    },
    "melbands_kurtosis": {
        "dmean": 11.8514699936,
        "dmean2": 17.7393779755,
        "dvar": 496.020507812,
        "dvar2": 993.234802246,
        "max": 827.903198242,
        "mean": 22.9983482361,
        "median": 10.4875297546,
        "min": -1.84162390232,
        "var": 1510.45507812
    },
    "melbands_skewness": {
        "dmean": 0.957428753376,
        "dmean2": 1.40368163586,
        "dvar": 1.15385532379,
        "dvar2": 2.32476520538,
        "max": 26.3331298828,
        "mean": 3.1928331852,
        "median": 2.69518327713,
        "min": -2.31903076172,
        "var": 5.39367961884
    },
    "melbands_spread": {
        "dmean": 5.80837106705,
        "dmean2": 8.7763710022,
        "dvar": 98.4265899658,
        "dvar2": 200.127563477,
        "max": 222.63243103,
        "mean": 15.7997627258,
        "median": 11.6929836273,
        "min": 0.297530591488,
        "var": 261.365386963
    },
    "pitch_salience": {
        "dmean": 0.0862435698509,
        "dmean2": 0.13466951251,
        "dvar": 0.00746925640851,
        "dvar2": 0.0172479543835,
        "max": 0.888620376587,
        "mean": 0.473195970058,
        "median": 0.474777519703,
        "min": 0.0368823632598,
        "var": 0.0228053703904
    },
    "silence_rate_20dB": {
        "dmean": 0,
        "dmean2": 0,
        "dvar": 0,
        "dvar2": 0,
        "max": 1,
        "mean": 1,
        "median": 1,
        "min": 1,
        "var": 0
    },
    "silence_rate_30dB": {
        "dmean": 0.0596296675503,
        "dmean2": 0.119271814823,
        "dvar": 0.0560792535543,
        "dvar2": 0.122206419706,
        "max": 1,
        "mean": 0.930334746838,
        "median": 1,
        "min": 0,
        "var": 0.0648139789701
    },
    "silence_rate_60dB": {
        "dmean": 0.0194581020623,
        "dmean2": 0.038920275867,
        "dvar": 0.0190817099065,
        "dvar2": 0.0436899773777,
        "max": 1,
        "mean": 0.0592050217092,
        "median": 0,
        "min": 0,
        "var": 0.0557036697865
    },
    "spectral_centroid": {
        "dmean": 230.428100586,
        "dmean2": 341.350738525,
        "dvar": 100864.578125,
        "dvar2": 199090.109375,
        "max": 5083.69482422,
        "mean": 1038.55078125,
        "median": 940.175048828,
        "min": 95.821723938,
        "var": 415114.3125
    },
    "spectral_complexity": {
        "dmean": 4.34208583832,
        "dmean2": 6.39778184891,
        "dvar": 27.9861068726,
        "dvar2": 50.7662658691,
        "max": 60,
        "mean": 16.5950832367,
        "median": 14,
        "min": 0,
        "var": 128.560256958
    },
    "spectral_decrease": {
        "dmean": 3.2617324397e-09,
        "dmean2": 4.66177629832e-09,
        "dvar": 1.89618135605e-17,
        "dvar2": 3.63358903311e-17,
        "max": -7.17053469336e-21,
        "mean": -1.07975228758e-08,
        "median": -8.16997314246e-09,
        "min": -5.13281506187e-08,
        "var": 8.00125321427e-17
    },
    "spectral_energy": {
        "dmean": 0.0126714538783,
        "dmean2": 0.0181086678058,
        "dvar": 0.000280972773908,
        "dvar2": 0.000535143830348,
        "max": 0.197063237429,
        "mean": 0.0429494865239,
        "median": 0.0330972895026,
        "min": 2.63512356467e-13,
        "var": 0.00121978425886
    },
    "spectral_energyband_high": {
        "dmean": 0.000568625342567,
        "dmean2": 0.000820879766252,
        "dvar": 1.68730457517e-06,
        "dvar2": 3.41670420312e-06,
        "max": 0.019790738821,
        "mean": 0.000975878851023,
        "median": 0.000271025230177,
        "min": 2.04459170948e-13,
        "var": 3.46994511347e-06
    },
    "spectral_energyband_low": {
        "dmean": 0.00973261613399,
        "dmean2": 0.0139046870172,
        "dvar": 0.000257101637544,
        "dvar2": 0.000496037013363,
        "max": 0.176000982523,
        "mean": 0.0236663240939,
        "median": 0.0109871774912,
        "min": 6.10289186673e-15,
        "var": 0.000878405000549
    },
    "spectral_energyband_middle_high": {
        "dmean": 0.00242544780485,
        "dmean2": 0.00365583412349,
        "dvar": 1.34304073072e-05,
        "dvar2": 2.96022644761e-05,
        "max": 0.0684559419751,
        "mean": 0.00594226224348,
        "median": 0.00308623840101,
        "min": 4.18513524346e-14,
        "var": 5.18501583429e-05
    },
    "spectral_energyband_middle_low": {
        "dmean": 0.00619642017409,
        "dmean2": 0.0100516295061,
        "dvar": 0.00010736281547,
        "dvar2": 0.00028257293161,
        "max": 0.129825949669,
        "mean": 0.0135435732082,
        "median": 0.0106832440943,
        "min": 7.76344659674e-15,
        "var": 0.000163368677022
    },
    "spectral_entropy": {
        "dmean": 0.213649168611,
        "dmean2": 0.309815376997,
        "dvar": 0.0555963814259,
        "dvar2": 0.106519967318,
        "max": 8.94514942169,
        "mean": 7.2358212471,
        "median": 7.39514923096,
        "min": 3.98169589043,
        "var": 0.683760344982
    },
    "spectral_flux": {
        "dmean": 0.0349090509117,
        "dmean2": 0.0488550961018,
        "dvar": 0.00156378280371,
        "dvar2": 0.00233941571787,
        "max": 0.389902770519,
        "mean": 0.0972643271089,
        "median": 0.0788892582059,
        "min": 6.45156387691e-06,
        "var": 0.00505864154547
    },
    "spectral_kurtosis": {
        "dmean": 6.54990243912,
        "dmean2": 11.1941280365,
        "dvar": 590.05267334,
        "dvar2": 1829.95251465,
        "max": 756.823181152,
        "mean": 19.0470218658,
        "median": 5.46681594849,
        "min": -1.23251509666,
        "var": 2806.49047852
    },
    "spectral_rms": {
        "dmean": 0.000939359713811,
        "dmean2": 0.00133153214119,
        "dvar": 1.16190085464e-06,
        "dvar2": 2.14483861782e-06,
        "max": 0.0138656701893,
        "mean": 0.00587003026158,
        "median": 0.00568243255839,
        "min": 1.60338764488e-08,
        "var": 7.44486033e-06
    },
    "spectral_rolloff": {
        "dmean": 488.867248535,
        "dmean2": 802.059631348,
        "dvar": 1371439.5,
        "dvar2": 3005767,
        "max": 17011.2304688,
        "mean": 1094.63586426,
        "median": 667.529296875,
        "min": 21.533203125,
        "var": 2490600.5
    },
    "spectral_skewness": {
        "dmean": 0.390804290771,
        "dmean2": 0.623924255371,
        "dvar": 0.479813337326,
        "dvar2": 1.33535325527,
        "max": 21.5723018646,
        "mean": 2.56227898598,
        "median": 1.8809223175,
        "min": -0.0294089503586,
        "var": 5.75799512863
    },
    "spectral_spread": {
        "dmean": 683670.4375,
        "dmean2": 1001385.25,
        "dvar": 736333660160,
        "dvar2": 1.39246646067e+12,
        "max": 22160166,
        "mean": 4682291.5,
        "median": 4628564,
        "min": 188657.296875,
        "var": 5.22232738611e+12
    },
    "spectral_strongpeak": {
        "dmean": 0.459448635578,
        "dmean2": 0.762386739254,
        "dvar": 0.72460347414,
        "dvar2": 1.76288878918,
        "max": 14.2071390152,
        "mean": 0.962636590004,
        "median": 0.60399889946,
        "min": 0,
        "var": 1.31556928158
    },
    "zerocrossingrate": {
        "dmean": 0.0120474547148,
        "dmean2": 0.0138887865469,
        "dvar": 0.000327392772306,
        "dvar2": 0.000367028260371,
        "max": 0.60888671875,
        "mean": 0.0490734390914,
        "median": 0.0390625,
        "min": 0.001953125,
        "var": 0.00189322407823
    },
    "barkbands": {
        "dmean": [0.000280437903712, 0.00770872924477, 0.00518788350746, 0.00194899458438, 0.00177761423402, 0.00207800813951, 0.000882256485056, 0.000409221916925, 0.00128777767532, 0.000679721066263, 0.000587022746913, 0.000592286232859, 0.00043460886809, 0.000474731874419, 0.000402414967539, 0.000220892179641, 0.00022916260059, 0.00015942659229, 0.000153945147758, 9.80361073744e-05, 0.000100154102256, 7.30421597837e-05, 8.13779333839e-05, 0.000106398038042, 0.00011507243471, 0.000105424463982, 3.10569557769e-05],
        "dmean2": [0.000361401966074, 0.0116787804291, 0.00860875379294, 0.00349499494769, 0.00293673062697, 0.00322940573096, 0.00141973793507, 0.000638928089757, 0.0019819564186, 0.00108348554932, 0.000907710054889, 0.000913756317459, 0.000702695164364, 0.000759576330893, 0.000641499063931, 0.000353287759935, 0.000368131586583, 0.000250944285654, 0.000242690963205, 0.000153998553287, 0.000157109854626, 0.000111935674795, 0.000124130339827, 0.000156201567734, 0.000173120221007, 0.000158942391863, 4.75661654491e-05],
        "dvar": [3.34502118449e-07, 0.000215629785089, 0.000179848066182, 3.34825745085e-05, 1.31950382638e-05, 1.36954486152e-05, 5.46585442862e-06, 1.14779504656e-06, 9.67943378782e-06, 3.41369013768e-06, 3.51220251105e-06, 2.25093594963e-06, 8.77060642779e-07, 8.60273075887e-07, 1.00715863027e-06, 2.21714500981e-07, 2.53260054706e-07, 9.24112413259e-08, 9.82391270554e-08, 6.99034217178e-08, 5.21963592348e-08, 3.2256512128e-08, 4.00029804837e-08, 6.39975752392e-08, 9.28285786017e-08, 7.60465539429e-08, 1.09622328992e-08],
        "dvar2": [5.62782872748e-07, 0.000495433981996, 0.000464133278001, 9.42759870668e-05, 3.32108429575e-05, 3.18877973768e-05, 1.37252536661e-05, 2.53599682765e-06, 2.14051869989e-05, 8.37062543724e-06, 7.79537458584e-06, 4.80520066048e-06, 2.155129323e-06, 2.04002867576e-06, 2.45928686127e-06, 5.32642786766e-07, 6.48607397125e-07, 2.14090647432e-07, 2.33995137933e-07, 1.66429174442e-07, 1.2738199473e-07, 7.60004752465e-08, 8.98688909956e-08, 1.27279662365e-07, 1.99789525368e-07, 1.60827511309e-07, 2.47478855187e-08],
        "max": [0.0148904938251, 0.16672539711, 0.114081211388, 0.0782683044672, 0.0612505227327, 0.0579880177975, 0.0559424050152, 0.0475901067257, 0.0554507188499, 0.0445185601711, 0.062813013792, 0.0422206409276, 0.0184939131141, 0.0173295903951, 0.0306736119092, 0.0100478436798, 0.0156758893281, 0.00535826990381, 0.00474788434803, 0.00614403793588, 0.00398497888818, 0.00289666419849, 0.00418472988531, 0.00444769114256, 0.00526022305712, 0.00683583831415, 0.00285620172508],
        "mean": [0.000758969981689, 0.0164407733828, 0.00538195343688, 0.00192403455731, 0.00300031318329, 0.00414521386847, 0.00152231322136, 0.000668444612529, 0.00208000931889, 0.00101365207229, 0.00094188604271, 0.000948651169892, 0.000619615195319, 0.000693536479957, 0.00061205966631, 0.000319966580719, 0.000342545856256, 0.000242625013925, 0.000246412470005, 0.000139645970194, 0.00015679828357, 0.000111248256871, 0.000125466118334, 0.000161836505868, 0.000169551436557, 0.000142747419886, 3.92100300814e-05],
        "median": [9.98544128379e-05, 0.00403733830899, 0.000589688424952, 0.000320340972394, 0.000765487493481, 0.00189194211271, 0.000290441210382, 0.000155535846716, 0.000440362811787, 0.00019580492517, 0.000135497757583, 0.000200229871552, 0.000198486974114, 0.000242813053774, 0.000172317348188, 9.83290083241e-05, 0.000124250131194, 9.40607860684e-05, 8.14089216874e-05, 3.62191858585e-05, 4.35341098637e-05, 2.6952882763e-05, 2.48895794357e-05, 3.03340621031e-05, 3.19618920912e-05, 2.41476791416e-05, 2.81140614788e-06],
        "min": [4.06924961663e-15, 3.55360136933e-15, 2.48932818803e-16, 1.92480984544e-16, 7.14961611355e-16, 1.47432993082e-16, 1.75688913707e-16, 6.82393459231e-16, 4.19903496942e-15, 3.06235423542e-15, 6.22966474684e-16, 7.46063972964e-16, 2.65781341739e-15, 3.63593508938e-15, 1.49172846401e-15, 4.96850383915e-15, 3.98677317152e-15, 1.0253166114e-14, 4.30109100462e-15, 9.02779488942e-15, 1.07705118153e-14, 1.61802656099e-14, 1.85616377547e-14, 2.12487904876e-14, 3.39451299643e-14, 4.73762569702e-14, 5.65469336123e-14],
        "var": [2.16791272578e-06, 0.0005983284791, 0.00015915617405, 2.38273296418e-05, 2.89283325401e-05, 3.59262267011e-05, 1.29491190819e-05, 4.19623029302e-06, 2.03860981856e-05, 6.88303634888e-06, 8.30506905913e-06, 5.41061899639e-06, 1.42110786783e-06, 1.55237557919e-06, 2.09738550438e-06, 3.62744799531e-07, 4.01522697757e-07, 1.5851712476e-07, 1.73927773517e-07, 9.47710177002e-08, 8.03687782991e-08, 5.22592991103e-08, 7.49559845303e-08, 1.34377657446e-07, 1.66409563462e-07, 1.30349050664e-07, 1.71398202298e-08]
    },
    "erbbands": {
        "dmean": [0.243698462844, 1.87175917625, 5.22274065018, 6.47054243088, 5.76569080353, 5.37027406693, 12.6519460678, 17.6245937347, 15.8906135559, 7.55364322662, 10.7382593155, 26.7410297394, 26.96342659, 18.5189685822, 25.0335941315, 18.8247013092, 18.4554519653, 20.8428611755, 18.5590896606, 21.6102142334, 10.8380298615, 13.4524450302, 8.61590194702, 8.11685848236, 6.53813648224, 4.64972639084, 4.55654716492, 3.41995167732, 2.62780332565, 2.47755432129, 2.30032777786, 2.27099752426, 1.76806724072, 1.20071148872, 0.904980123043, 0.549286365509, 0.161168754101, 0.0454981029034, 0.00609605107456, 0.000183806550922],
        "dmean2": [0.303746372461, 2.92513799667, 8.27462768555, 11.0532083511, 10.0894289017, 8.79779720306, 19.7396316528, 27.2453956604, 25.5231285095, 11.9363393784, 16.3995876312, 40.9738235474, 42.5667266846, 29.2810153961, 38.0328369141, 29.5937538147, 29.4449176788, 33.0700149536, 29.4254550934, 33.9848670959, 17.2549991608, 21.4487190247, 13.4576511383, 12.762254715, 10.2720775604, 7.32375764847, 7.23525857925, 5.3102388382, 4.02897262573, 3.84322190285, 3.50680422783, 3.38924241066, 2.61327934265, 1.80052006245, 1.37850093842, 0.845927894115, 0.244285330176, 0.0694773942232, 0.00933631882071, 0.000279363390291],
        "dvar": [0.17577303946, 14.953379631, 161.72706604, 309.210235596, 253.463745117, 116.772377014, 625.666687012, 1187.77197266, 1740.89746094, 335.749725342, 640.46661377, 5065.64550781, 4593.60351562, 2654.62890625, 4000.52294922, 1838.05065918, 1637.97216797, 2002.59716797, 1720.13647461, 3930.01196289, 529.862609863, 973.51385498, 264.015075684, 276.523284912, 195.819503784, 155.462982178, 110.726516724, 63.7845611572, 41.110168457, 43.0562667847, 32.5988769531, 30.5479297638, 19.5222320557, 10.319773674, 5.73391246796, 2.16330265999, 0.171532690525, 0.0191741771996, 0.000432299159002, 3.66884790992e-07],
        "dvar2": [0.277623206377, 35.3830070496, 387.406158447, 836.12487793, 682.729797363, 294.634216309, 1444.3704834, 2724.05493164, 4427.17675781, 729.219787598, 1403.80163574, 11193.9804688, 11092.8085938, 6398.22705078, 8769.265625, 4165.63378906, 3902.97338867, 4635.00390625, 4355.58447266, 9137.41699219, 1295.31713867, 2487.41357422, 605.485900879, 661.762878418, 469.61706543, 376.1612854, 270.784667969, 151.606170654, 97.3604812622, 101.358139038, 73.3177719116, 63.1938743591, 39.8896331787, 22.1038379669, 12.695649147, 4.94764757156, 0.345634937286, 0.0404772572219, 0.000983326463029, 8.15365922335e-07],
        "max": [5.34075975418, 43.121383667, 102.093727112, 184.215942383, 373.003479004, 186.662521362, 452.121673584, 645.75994873, 1043.61889648, 655.480407715, 869.128417969, 1478.24902344, 1430.92858887, 1968.46911621, 2245.87426758, 857.959899902, 869.259155273, 1303.02526855, 1746.08911133, 2217.29638672, 693.992553711, 1090.21789551, 298.200012207, 342.51071167, 238.972412109, 252.458206177, 212.336868286, 132.872589111, 98.7091827393, 176.536865234, 120.899269104, 121.302330017, 80.1911315918, 56.7178497314, 48.1343383789, 27.0039596558, 11.7133102417, 3.32950997353, 0.547494649887, 0.0164490640163],
        "mean": [0.627899587154, 3.08383393288, 5.91195392609, 6.92442655563, 7.11736869812, 8.88751602173, 24.234916687, 36.0961952209, 29.2377681732, 13.227186203, 18.6040935516, 42.6011619568, 42.7874526978, 31.3861541748, 42.4609718323, 31.1549320221, 28.5692501068, 31.7229442596, 28.8740100861, 34.3706245422, 17.0809326172, 20.743642807, 14.0585794449, 13.2973337173, 10.4275026321, 6.77119541168, 6.93035507202, 5.20376682281, 4.00860357285, 3.70806908607, 3.58293056488, 3.43321704865, 2.62942528725, 1.77981948853, 1.26940357685, 0.71101218462, 0.227468505502, 0.0593786761165, 0.0076548284851, 0.00027337638312],
        "median": [0.128036439419, 0.801098167896, 1.03097200394, 1.46491003036, 1.50299441814, 2.59144020081, 7.21673297882, 14.5801391602, 7.8182516098, 4.12091445923, 6.09035110474, 9.70320320129, 10.6645450592, 8.3643321991, 9.82122993469, 9.71271324158, 10.2569046021, 11.390622139, 11.7604236603, 9.25088882446, 6.0171289444, 7.51196050644, 6.05555820465, 5.27020978928, 3.21572494507, 1.87358725071, 1.99125277996, 1.33017373085, 1.04115116596, 0.686496973038, 0.710692167282, 0.682775855064, 0.463618934155, 0.328487038612, 0.221200719476, 0.120514430106, 0.0370389744639, 0.0068727186881, 0.000544006354176, 7.00708769727e-05],
        "min": [2.0535229604e-13, 4.3546272816e-13, 2.36716489509e-13, 7.4336077658e-13, 1.69945622245e-12, 2.62612132561e-12, 5.35161975498e-13, 1.53494523949e-12, 2.17125557984e-12, 5.85446751841e-12, 2.67429810935e-11, 9.00318083974e-11, 1.32558145016e-10, 3.81918802139e-11, 3.18113105302e-11, 3.35789625272e-11, 1.0307822651e-10, 2.08307190941e-10, 1.28715954562e-10, 6.0908139643e-11, 3.64855257118e-10, 2.39271519265e-10, 3.24664017892e-10, 5.13030451454e-10, 4.06676525788e-10, 3.53588935909e-10, 4.92914098427e-10, 3.82940928967e-10, 4.49171949635e-10, 5.04526975753e-10, 5.56808543717e-10, 4.48682868637e-10, 3.55698803745e-10, 3.74223985133e-10, 2.46407283466e-10, 1.5627421579e-10, 9.12973099898e-11, 3.4523054554e-11, 9.45634976574e-12, 7.23483718681e-13],
        "var": [1.02731204033, 24.0956363678, 164.532699585, 239.925765991, 255.012527466, 264.947265625, 1817.57788086, 3143.2800293, 4198.296875, 808.99017334, 1892.34619141, 10318.1123047, 8085.76904297, 7518.09228516, 9068.32128906, 4164.74169922, 2947.4777832, 3547.45019531, 2609.66381836, 9510.00195312, 932.822570801, 1563.17358398, 468.03817749, 483.076660156, 329.664672852, 207.393127441, 162.371292114, 97.5952453613, 65.3712921143, 69.7226867676, 59.8638267517, 60.5339241028, 39.3480110168, 18.7544155121, 9.7797832489, 3.17200016975, 0.332717776299, 0.0322868488729, 0.000666883890517, 6.01610736339e-07]
    },
    "gfcc": {
        "mean": [-25.7328052521, 96.9658050537, -98.8687820435, 9.09143543243, -44.5931625366, 9.20489692688, -34.4297103882, 8.25556182861, -20.0183086395, 3.86428523064, -9.5588350296, 4.40306997299, -5.78964948654],
        "cov": [[16237.6152344, -6271.6953125, -868.875854492, 971.368041992, -845.20703125, 1129.51635742, -588.276245117, 894.509155273, -412.091308594, 862.563110352, -324.390258789, 744.030883789, -312.307281494], [-6271.6953125, 4553.05126953, 719.951660156, -50.1174468994, 910.870910645, -256.375427246, 538.588378906, -445.876464844, 395.646362305, -459.408111572, 203.067565918, -500.171569824, 150.018295288], [-868.875854492, 719.951660156, 2074.48168945, 343.118377686, 357.310089111, 212.497161865, 103.943641663, 96.376121521, 29.3057594299, 23.1304683685, 17.7875881195, -37.1667098999, -60.8638343811], [971.368041992, -50.1174468994, 343.118377686, 879.192993164, 201.027801514, 176.227294922, 139.543502808, 99.4441452026, 161.372192383, 47.2240257263, 24.6526756287, -8.83596611023, 9.16308879852], [-845.20703125, 910.870910645, 357.310089111, 201.027801514, 610.77722168, 145.100082397, 243.169815063, 11.8683414459, 193.207458496, 26.937374115, 66.1694030762, -56.6728668213, 55.4856033325], [1129.51635742, -256.375427246, 212.497161865, 176.227294922, 145.100082397, 526.275024414, 198.268478394, 185.410247803, 91.0513000488, 125.004631042, 44.6831932068, 59.7142601013, -2.40561318398], [-588.276245117, 538.588378906, 103.943641663, 139.543502808, 243.169815063, 198.268478394, 388.465789795, 63.3286705017, 182.872802734, 7.664041996, 76.1033630371, -34.9650535583, 50.6002426147], [894.509155273, -445.876464844, 96.376121521, 99.4441452026, 11.8683414459, 185.410247803, 63.3286705017, 266.195373535, 58.2779579163, 134.220397949, 26.819524765, 116.827453613, 3.86245894432], [-412.091308594, 395.646362305, 29.3057594299, 161.372192383, 193.207458496, 91.0513000488, 182.872802734, 58.2779579163, 248.416595459, 47.6396141052, 87.4333343506, 2.65333461761, 69.1102676392], [862.563110352, -459.408111572, 23.1304683685, 47.2240257263, 26.937374115, 125.004631042, 7.664041996, 134.220397949, 47.6396141052, 238.909301758, 68.8374328613, 139.863876343, 29.6324901581], [-324.390258789, 203.067565918, 17.7875881195, 24.6526756287, 66.1694030762, 44.6831932068, 76.1033630371, 26.819524765, 87.4333343506, 68.8374328613, 159.118850708, 64.0222320557, 61.1593399048], [744.030883789, -500.171569824, -37.1667098999, -8.83596611023, -56.6728668213, 59.7142601013, -34.9650535583, 116.827453613, 2.65333461761, 139.863876343, 64.0222320557, 219.4009552, 48.7888031006], [-312.307281494, 150.018295288, -60.8638343811, 9.16308879852, 55.4856033325, -2.40561318398, 50.6002426147, 3.86245894432, 69.1102676392, 29.6324901581, 61.1593399048, 48.7888031006, 116.799613953]],
        "icov": [[0.000209117817576, 0.000118762953207, 0.000119637625176, -0.00025234525674, 9.37562344916e-06, -0.000372935144696, 0.000215296735405, -6.83191683493e-05, 0.000154707668116, -0.000288987561362, 0.000331713876221, -0.000232837715885, 0.000290949043119], [0.000118762953207, 0.00105859735049, -0.000224835908739, 0.000264020549366, -0.000910098839086, 0.000274792866549, -0.000333266070811, 0.000497015076689, -0.000609965005424, 0.00116334494669, -0.00120106432587, 0.00105143571272, -0.000358562334441], [0.000119637625176, -0.000224835908739, 0.000763650692534, -0.000442650809418, -0.000150577048771, -0.0004514491593, 0.000348169938661, -0.000439663941506, 0.000661519705318, -0.000432451080997, 0.000340240570949, -0.000416269467678, 0.000681292498484], [-0.00025234525674, 0.000264020549366, -0.000442650809418, 0.00191579246894, -0.000487815617817, 0.000423166318797, -0.000337635399774, 0.000103873433545, -0.00142079673242, 0.000906104396563, -0.000662384787574, 0.000831585028209, -0.00040124062798], [9.37562344916e-06, -0.000910098839086, -0.000150577048771, -0.000487815617817, 0.00371311954223, -0.000680214317981, -0.000489723228384, 0.000227143522352, -0.000644367246423, -0.00191017810721, 0.00152407563291, -0.000383080652682, -0.000191603015992], [-0.000372935144696, 0.000274792866549, -0.0004514491593, 0.000423166318797, -0.000680214317981, 0.0042183031328, -0.00218455679715, -0.00104118685704, -4.52996246167e-05, 0.000153208471602, -0.00124386732932, 0.000979501521215, 2.377687224e-06], [0.000215296735405, -0.000333266070811, 0.000348169938661, -0.000337635399774, -0.000489723228384, -0.00218455679715, 0.00596767337993, -0.0011721921619, -0.00180739804637, 0.000488942372613, -0.000262011686573, 0.000440755626187, -0.000248798751272], [-6.83191683493e-05, 0.000497015076689, -0.000439663941506, 0.000103873433545, 0.000227143522352, -0.00104118685704, -0.0011721921619, 0.00803242530674, -0.00214215344749, -0.00122289091814, 0.00093581865076, -0.00256494665518, 0.00121370074339], [0.000154707668116, -0.000609965005424, 0.000661519705318, -0.00142079673242, -0.000644367246423, -4.52996246167e-05, -0.00180739804637, -0.00214215344749, 0.00990342441946, -0.00197478942573, -0.00133958517108, 0.000858194485772, -0.00220356788486], [-0.000288987561362, 0.00116334494669, -0.000432451080997, 0.000906104396563, -0.00191017810721, 0.000153208471602, 0.000488942372613, -0.00122289091814, -0.00197478942573, 0.0108149368316, -0.0041349385865, -0.00176388642285, -0.000497500528581], [0.000331713876221, -0.00120106432587, 0.000340240570949, -0.000662384787574, 0.00152407563291, -0.00124386732932, -0.000262011686573, 0.00093581865076, -0.00133958517108, -0.0041349385865, 0.0130099030212, -0.00454372400418, -0.00108085735701], [-0.000232837715885, 0.00105143571272, -0.000416269467678, 0.000831585028209, -0.000383080652682, 0.000979501521215, 0.000440755626187, -0.00256494665518, 0.000858194485772, -0.00176388642285, -0.00454372400418, 0.0123273916543, -0.00498957047239], [0.000290949043119, -0.000358562334441, 0.000681292498484, -0.00040124062798, -0.000191603015992, 2.377687224e-06, -0.000248798751272, 0.00121370074339, -0.00220356788486, -0.000497500528581, -0.00108085735701, -0.00498957047239, 0.0144256334752]]
    },
    "melbands": {
        "dmean": [0.00206248392351, 0.00237208674662, 0.00107556709554, 0.000372424401576, 0.000390973727917, 0.000392674439354, 0.000221379188588, 8.23339869385e-05, 0.00010424588254, 0.000177612135303, 0.000137847731821, 7.97710745246e-05, 9.0426467068e-05, 7.36495640012e-05, 4.69373117085e-05, 4.1464012611e-05, 3.95956303691e-05, 3.37353376381e-05, 3.07350019284e-05, 2.18586355913e-05, 1.23830332086e-05, 1.53298478835e-05, 9.44334442465e-06, 8.63420609676e-06, 6.86562134433e-06, 5.96175459577e-06, 3.96953055315e-06, 3.03663978229e-06, 3.00354554383e-06, 2.62563594333e-06, 1.90139144252e-06, 1.54479869252e-06, 1.4165899529e-06, 1.46093611875e-06, 1.36520611704e-06, 1.41164400702e-06, 1.44922944401e-06, 1.35663754008e-06, 1.06308687009e-06, 1.04779053345e-06],
        "dmean2": [0.00293985521421, 0.00354466191493, 0.0018114533741, 0.000638258585241, 0.000610076473095, 0.000609605922364, 0.00035586595186, 0.000128417857923, 0.000158670503879, 0.0002738989715, 0.000217927954509, 0.000126490253024, 0.000137963957968, 0.000111807297799, 7.53352433094e-05, 6.62929232931e-05, 6.30225331406e-05, 5.37238447578e-05, 4.89757221658e-05, 3.43154788425e-05, 2.00625308935e-05, 2.47854259214e-05, 1.50124260472e-05, 1.3693510482e-05, 1.09704933493e-05, 9.47556600295e-06, 6.33429317531e-06, 4.84882002638e-06, 4.82152563563e-06, 4.20981496063e-06, 2.97486121781e-06, 2.39962378146e-06, 2.24795962822e-06, 2.29221177506e-06, 2.12454733628e-06, 2.15261366066e-06, 2.19317371375e-06, 2.03785589292e-06, 1.59336161687e-06, 1.60713648256e-06],
        "dvar": [1.35480131576e-05, 2.50969660556e-05, 7.93838989921e-06, 7.4151842e-07, 5.79373420351e-07, 5.44279203041e-07, 3.1497191344e-07, 3.96523525126e-08, 6.41935358203e-08, 1.9591743694e-07, 1.20686024729e-07, 4.95514598242e-08, 7.13277756859e-08, 3.90876913059e-08, 1.4018233685e-08, 7.85862841468e-09, 6.65549393375e-09, 5.85623016747e-09, 5.0485202685e-09, 3.60247631725e-09, 8.42877878604e-10, 1.42670786296e-09, 3.49052176052e-10, 2.95058338873e-10, 2.12605280603e-10, 1.59143295764e-10, 1.04838838999e-10, 6.91439613898e-11, 4.82575229777e-11, 4.17373670347e-11, 1.9454748576e-11, 1.39547973871e-11, 1.37244582019e-11, 1.54684216824e-11, 1.18734085064e-11, 1.31846686346e-11, 1.24307829655e-11, 1.19220111214e-11, 7.66924197759e-12, 8.48748848981e-12],
        "dvar2": [2.78922962025e-05, 5.21814545209e-05, 2.09384143091e-05, 1.97564827431e-06, 1.30130820253e-06, 1.25253188799e-06, 8.05486820354e-07, 8.42634264586e-08, 1.37904720532e-07, 4.38294449623e-07, 2.90562127248e-07, 1.20683637306e-07, 1.57343791329e-07, 8.08542921504e-08, 3.21427506833e-08, 1.87741697744e-08, 1.55065595919e-08, 1.44073553088e-08, 1.22362866506e-08, 8.33320967786e-09, 2.10612349782e-09, 3.7032925615e-09, 8.56176518571e-10, 6.86888601553e-10, 5.22796916869e-10, 3.86129794805e-10, 2.55442667019e-10, 1.65837982236e-10, 1.16113216264e-10, 1.0391219829e-10, 4.62668653389e-11, 3.32349807397e-11, 3.33673817743e-11, 3.67868652207e-11, 2.76717104092e-11, 2.9559892728e-11, 2.60477056591e-11, 2.53202875333e-11, 1.60807357014e-11, 1.90745457623e-11],
        "max": [0.0380279757082, 0.0471628420055, 0.030532989651, 0.0160680226982, 0.0138793233782, 0.0134199149907, 0.0138261113316, 0.0063316039741, 0.00670028850436, 0.00806506816298, 0.00707980291918, 0.00759288156405, 0.0100354906172, 0.00554334418848, 0.00276174535975, 0.00232186983339, 0.00216941651888, 0.00242434791289, 0.00196803500876, 0.00195724423975, 0.000848676543683, 0.00138343486469, 0.000337317032972, 0.000361607060768, 0.000316637393553, 0.000247111136559, 0.000278689898551, 0.000186004908755, 0.000136546441354, 0.000132021639729, 8.30001372378e-05, 6.09843955317e-05, 8.23131995276e-05, 9.54826828092e-05, 6.60540390527e-05, 8.73812532518e-05, 7.21140095266e-05, 6.87486972311e-05, 5.52861638425e-05, 5.53072750336e-05],
        "mean": [0.0049825864844, 0.00344902533107, 0.00123730197083, 0.000533083279151, 0.000778511748649, 0.000814635423012, 0.000403361977078, 0.000140675620059, 0.000175550201675, 0.000279523665085, 0.000215836553252, 0.000129076084704, 0.000149562183651, 0.000115762784844, 6.63714090479e-05, 6.10185161349e-05, 5.80528285354e-05, 4.86866483698e-05, 4.64436707261e-05, 3.32228955813e-05, 1.71279862116e-05, 2.23219758482e-05, 1.39911398946e-05, 1.28017218231e-05, 1.04295049823e-05, 9.44514067669e-06, 5.48256412003e-06, 4.13202906202e-06, 4.43259114036e-06, 3.70015050066e-06, 2.77234335044e-06, 2.28266685554e-06, 2.04160278372e-06, 2.07938387575e-06, 2.02101296054e-06, 2.10969119507e-06, 2.08728192774e-06, 1.90664900401e-06, 1.5858615825e-06, 1.46808815771e-06],
        "median": [0.00112847657874, 0.000944436411373, 0.000300777988741, 0.000145387617522, 0.000228174671065, 0.00034643089748, 0.000102167592559, 3.42954190273e-05, 4.87912329845e-05, 5.74966434215e-05, 4.38261122326e-05, 2.91228188871e-05, 2.76650607702e-05, 2.43224803853e-05, 1.73829539563e-05, 1.87428413483e-05, 1.97130557353e-05, 1.64599441632e-05, 1.24867710838e-05, 8.06259959063e-06, 5.51531138626e-06, 7.24236997485e-06, 5.88564989812e-06, 4.75444176118e-06, 3.7722070374e-06, 2.74762874142e-06, 1.42596798014e-06, 1.03517936623e-06, 1.22020094295e-06, 9.05604110812e-07, 6.72093733556e-07, 5.91538650951e-07, 3.88486228076e-07, 3.42353644101e-07, 3.73681359633e-07, 4.30552859143e-07, 3.81113522963e-07, 2.93128408657e-07, 2.84363693481e-07, 2.53458523503e-07],
        "min": [1.59379222839e-15, 2.64727256882e-16, 1.31031589722e-16, 1.90027355089e-16, 2.85155726188e-17, 3.32290065678e-17, 3.45269191234e-17, 7.64357502344e-17, 2.68302291784e-16, 6.11758852363e-16, 6.61200324313e-16, 1.60299291202e-16, 9.47485297622e-17, 1.00577691391e-16, 7.48383718273e-17, 3.54108343998e-16, 3.74907185078e-16, 2.26016368884e-16, 7.1632769021e-17, 1.02652273602e-16, 5.1846103196e-16, 2.63346143191e-16, 1.44422465934e-16, 4.87411239333e-16, 4.16656697894e-16, 1.44924849116e-16, 4.7187670802e-16, 1.55277881367e-16, 2.86078442853e-16, 2.73280119127e-16, 2.34236135423e-16, 2.51722971801e-16, 3.27899106437e-16, 2.62992930452e-16, 3.33443201774e-16, 2.96844866887e-16, 2.81829169724e-16, 2.35043754869e-16, 2.7214117745e-16, 3.26195881999e-16],
        "var": [5.65523805562e-05, 3.51726339431e-05, 6.60045589029e-06, 9.8975272067e-07, 1.94124186237e-06, 1.46805064105e-06, 7.40433961255e-07, 1.19500825235e-07, 1.58989209353e-07, 3.95647333562e-07, 2.16824929566e-07, 1.31814445581e-07, 1.64394052149e-07, 9.31663919346e-08, 2.55704755148e-08, 1.29890382894e-08, 1.1657144583e-08, 9.55607237785e-09, 1.06814335155e-08, 8.32982749444e-09, 1.20641119317e-09, 2.24680429817e-09, 5.12273057307e-10, 5.0461457235e-10, 3.36414229807e-10, 2.71226124893e-10, 1.39458403159e-10, 9.20111278835e-11, 7.17588280463e-11, 5.69544411633e-11, 2.87032654589e-11, 2.13560384654e-11, 2.07510918171e-11, 2.40494412579e-11, 1.98000088547e-11, 2.44856392106e-11, 2.31980528537e-11, 2.21007118856e-11, 1.47316759486e-11, 1.3849334006e-11]
    },
    "mfcc": {
        "mean": [-675.464172363, 135.275268555, 6.12930822372, 10.5096769333, 8.98663043976, 1.86541950703, 2.0370824337, 2.43925428391, -1.96790337563, 1.00783789158, -0.467725932598, 0.0269075203687, -2.84800243378],
        "cov": [[12602.9804688, -3402.27172852, -1444.1619873, -181.648696899, -6.99220323563, 135.951339722, 18.6391086578, 104.608566284, 122.118057251, 187.188232422, 107.080001831, 124.53767395, 96.4312210083], [-3402.27172852, 2436.38012695, 444.055023193, 124.40776825, 300.526885986, 188.576217651, 143.730285645, 66.5230865479, 28.2842025757, 45.416053772, 11.7660102844, -40.0968856812, -27.1454143524], [-1444.1619873, 444.055023193, 1659.45935059, 423.406311035, 286.936889648, 216.55065918, 198.18182373, 137.90032959, 79.0026931763, 62.5685882568, 73.9122772217, 43.0625572205, 30.0849266052], [-181.648696899, 124.40776825, 423.406311035, 671.651245117, 224.640838623, 144.215301514, 54.2481422424, 76.2683944702, 103.746414185, 59.7480049133, 51.0469169617, 45.5741920471, 35.3709144592], [-6.99220323563, 300.526885986, 286.936889648, 224.640838623, 398.760253906, 186.959442139, 103.116043091, 76.6829376221, 95.5251922607, 92.8622817993, 58.499332428, 33.9102706909, 49.1064872742], [135.951339722, 188.576217651, 216.55065918, 144.215301514, 186.959442139, 361.632659912, 177.19670105, 140.374481201, 137.845855713, 137.259338379, 87.2217559814, 61.6393241882, 76.6498947144], [18.6391086578, 143.730285645, 198.18182373, 54.2481422424, 103.116043091, 177.19670105, 232.250656128, 125.869377136, 84.3303985596, 99.6662216187, 62.1712799072, 44.3117179871, 55.3158988953], [104.608566284, 66.5230865479, 137.90032959, 76.2683944702, 76.6829376221, 140.374481201, 125.869377136, 228.734207153, 125.551467896, 88.72215271, 71.4479217529, 55.1182136536, 59.308216095], [122.118057251, 28.2842025757, 79.0026931763, 103.746414185, 95.5251922607, 137.845855713, 84.3303985596, 125.551467896, 190.702316284, 108.570281982, 59.3503189087, 48.1219749451, 62.6164665222], [187.188232422, 45.416053772, 62.5685882568, 59.7480049133, 92.8622817993, 137.259338379, 99.6662216187, 88.72215271, 108.570281982, 175.907989502, 74.9602203369, 46.9449882507, 57.1726646423], [107.080001831, 11.7660102844, 73.9122772217, 51.0469169617, 58.499332428, 87.2217559814, 62.1712799072, 71.4479217529, 59.3503189087, 74.9602203369, 129.923019409, 65.8049316406, 46.314250946], [124.53767395, -40.0968856812, 43.0625572205, 45.5741920471, 33.9102706909, 61.6393241882, 44.3117179871, 55.1182136536, 48.1219749451, 46.9449882507, 65.8049316406, 116.513420105, 66.8125991821], [96.4312210083, -27.1454143524, 30.0849266052, 35.3709144592, 49.1064872742, 76.6498947144, 55.3158988953, 59.308216095, 62.6164665222, 57.1726646423, 46.314250946, 66.8125991821, 131.759811401]],
