{
"lowlevel": {
    "average_loudness": 0.456742376089,
    "barkbands_crest": {
        "dmean": 2.83343458176,
        "dmean2": 4.24629354477,
        "dvar": 7.2946190834,
        "dvar2": 14.6404428482,
        "max": 26.4851951599,
        "mean": 11.933962822,
        "median": 10.68841362,
        "min": 2.33852815628,
        "var": 29.7480983734
    },
    "barkbands_flatness_db": {
        "dmean": 0.0264846328646,
        "dmean2": 0.0367988869548,
        "dvar": 0.000796167005319,
        "dvar2": 0.00151575903874,
        "max": 0.720443606377,
        "mean": 0.155345588923,
        "median": 0.140566527843,
        "min": 0.0181468743831,
        "var": 0.00597929209471
    },
    "barkbands_kurtosis": {
        "dmean": 7.09142065048,
        "dmean2": 10.3284683228,
        "dvar": 2587.57104492,
        "dvar2": 5408.86865234,
        "max": 2241.37548828,
        "mean": 9.26795768738,
        "median": 1.42083764076,
        "min": -1.97818911076,
        "var": 3402.7277832
    },
    "barkbands_skewness": {
        "dmean": 0.686882615089,
        "dmean2": 0.973936796188,
        "dvar": 1.14309728146,
        "dvar2": 2.30251383781,
        "max": 33.6227073669,
        "mean": 1.58443188667,
        "median": 1.14912676811,
        "min": -7.38198661804,
        "var": 4.03969860077
    },
    "barkbands_spread": {
        "dmean": 6.04547166824,
        "dmean2": 9.05853748322,
        "dvar": 67.713684082,
        "dvar2": 140.720962524,
        "max": 119.667030334,
        "mean": 20.9316272736,
        "median": 18.8838233948,
        "min": 0.0296922586858,
        "var": 189.111480713
    },
    "dissonance": {
        "dmean": 0.0251189190894,
        "dmean2": 0.0420730859041,
        "dvar": 0.000646234082524,
        "dvar2": 0.0017569657648,
        "max": 0.500000178814,
        "mean": 0.455966800451,
        "median": 0.465081810951,
        "min": 0.173355206847,
        "var": 0.00136018614285
    },
    "dynamic_complexity": 5.40994358063,
    "erbbands_crest": {
        "dmean": 3.155636549,
        "dmean2": 5.03091192245,
        "dvar": 8.99049854279,
        "dvar2": 21.6140041351,
        "max": 33.5717163086,
        "mean": 10.7047767639,
        "median": 9.15818500519,
        "min": 2.39777779579,
        "var": 31.1802539825
    },
    "erbbands_flatness_db": {
        "dmean": 0.0208702497184,
        "dmean2": 0.0297573823482,
        "dvar": 0.000428249360994,
        "dvar2": 0.000820754736196,
        "max": 0.414845496416,
        "mean": 0.171977803111,
        "median": 0.166994810104,
        "min": 0.0477664470673,
        "var": 0.00300463126041
    },
    "erbbands_kurtosis": {
        "dmean": 1.71569180489,
        "dmean2": 2.6623237133,
        "dvar": 32.7681427002,
        "dvar2": 76.9334182739,
        "max": 281.249053955,
        "mean": 2.08699440956,
        "median": 0.514008164406,
        "min": -1.74177694321,
        "var": 65.6884078979
    },
    "erbbands_skewness": {
        "dmean": 0.432385116816,
        "dmean2": 0.662267804146,
        "dvar": 0.236879095435,
        "dvar2": 0.496722698212,
        "max": 12.8931322098,
        "mean": 0.499626338482,
        "median": 0.399428367615,
        "min": -8.25277423859,
        "var": 1.0605121851
    },
    "erbbands_spread": {
        "dmean": 8.19006061554,
        "dmean2": 12.3535718918,
        "dvar": 105.664512634,
        "dvar2": 230.595123291,
        "max": 173.699157715,
        "mean": 30.7067298889,
        "median": 27.5789833069,
        "min": 0.805236816406,
        "var": 311.617126465
    },
    "hfc": {
        "dmean": 6.60480499268,
        "dmean2": 10.3354406357,
        "dvar": 230.468261719,
        "dvar2": 597.824157715,
        "max": 278.240997314,
        "mean": 17.4038524628,
        "median": 11.6297950745,
        "min": 1.06150691728e-16,
        "var": 461.303192139
    },
    "melbands_crest": {
        "dmean": 3.69993925095,
        "dmean2": 5.75440788269,
        "dvar": 13.0616416931,
        "dvar2": 28.3219032288,
        "max": 39.417755127,
        "mean": 17.4890575409,
        "median": 16.1031131744,
        "min": 1.56549942493,
        "var": 58.834526062
    },
    "melbands_flatness_db": {
        "dmean": 0.0315398834646,
        "dmean2": 0.0430356189609,
        "dvar": 0.00124763697386,
        "dvar2": 0.00225957948714,
        "max": 0.872130930424,
        "mean": 0.220863908529,
        "median": 0.204542994499,
        "min": 0.00342183816247,
        "var": 0.00960531178862
    },
    "melbands_kurtosis": {
        "dmean": 11.7652215958,
        "dmean2": 17.7361392975,
        "dvar": 1643.6472168,
        "dvar2": 3533.03271484,
        "max": 1588.71704102,
        "mean": 18.2746562958,
        "median": 4.89436912537,
        "min": -1.9567489624,
        "var": 3005.54174805
    },
    "melbands_skewness": {
        "dmean": 0.891306579113,
        "dmean2": 1.29091060162,
        "dvar": 1.59142720699,
        "dvar2": 3.13357806206,
        "max": 31.3049049377,
        "mean": 2.5308983326,
        "median": 1.8763885498,
        "min": -4.59583282471,
        "var": 6.61878156662
    },
    "melbands_spread": {
        "dmean": 7.48318052292,
        "dmean2": 11.3285913467,
        "dvar": 147.925552368,
        "dvar2": 306.35168457,
        "max": 306.963439941,
        "mean": 24.770866394,
        "median": 21.3504238129,
        "min": 0.128501653671,
        "var": 452.348205566
    },
    "pitch_salience": {
        "dmean": 0.0811131894588,
        "dmean2": 0.123547308147,
        "dvar": 0.00701907882467,
        "dvar2": 0.0142681151628,
        "max": 0.917389452457,
        "mean": 0.492058426142,
        "median": 0.506295859814,
        "min": 0.0252438597381,
        "var": 0.0250830110162
    },
    "silence_rate_20dB": {
        "dmean": 0,
        "dmean2": 0,
        "dvar": 0,
        "dvar2": 0,
        "max": 1,
        "mean": 1,
        "median": 1,
        "min": 1,
        "var": 0
    },
    "silence_rate_30dB": {
        "dmean": 0.0366228334606,
        "dmean2": 0.0732546672225,
        "dvar": 0.035282637924,
        "dvar2": 0.0737909004092,
        "max": 1,
        "mean": 0.921848118305,
        "median": 1,
        "min": 0,
        "var": 0.0720414146781
    },
    "silence_rate_60dB": {
        "dmean": 0.02580803819,
        "dmean2": 0.0516224205494,
        "dvar": 0.0251442976296,
        "dvar2": 0.0558345504105,
        "max": 1,
        "mean": 0.148808062077,
        "median": 0,
        "min": 0,
        "var": 0.126675158739
    },
    "spectral_centroid": {
        "dmean": 256.046875,
        "dmean2": 385.37210083,
        "dvar": 141452.875,
        "dvar2": 252322.078125,
        "max": 11757.0117188,
        "mean": 1417.72460938,
        "median": 1292.35913086,
        "min": 68.8134841919,
        "var": 1357012.5
    },
    "spectral_complexity": {
        "dmean": 3.04756045341,
        "dmean2": 4.7227139473,
        "dvar": 17.6420459747,
        "dvar2": 36.9978713989,
        "max": 63,
        "mean": 15.2557134628,
        "median": 15,
        "min": 0,
        "var": 99.8478393555
    },
    "spectral_decrease": {
        "dmean": 2.5650324087e-09,
        "dmean2": 3.76407038871e-09,
        "dvar": 3.16598647982e-17,
        "dvar2": 5.55756977888e-17,
        "max": 1.53233004907e-28,
        "mean": -7.7656663322e-09,
        "median": -3.3540759059e-09,
        "min": -6.47052544878e-08,
        "var": 1.21001396137e-16
    },
    "spectral_energy": {
        "dmean": 0.0100964996964,
        "dmean2": 0.0148769924417,
        "dvar": 0.000474021275295,
        "dvar2": 0.000845308473799,
        "max": 0.247396931052,
        "mean": 0.0308879632503,
        "median": 0.0138157345355,
        "min": 9.89427485282e-21,
        "var": 0.00181588937994
    },
    "spectral_energyband_high": {
        "dmean": 0.000407003069995,
        "dmean2": 0.000642409198917,
        "dvar": 1.56861597134e-06,
        "dvar2": 4.09803578805e-06,
        "max": 0.0238568428904,
        "mean": 0.000649594294373,
        "median": 0.000273660378298,
        "min": 7.2157727487e-21,
        "var": 1.7302706965e-06
    },
    "spectral_energyband_low": {
        "dmean": 0.00753274559975,
        "dmean2": 0.0106176780537,
        "dvar": 0.000374843686586,
        "dvar2": 0.000637060264125,
        "max": 0.230618268251,
        "mean": 0.0179972238839,
        "median": 0.00355187850073,
        "min": 1.42680072859e-23,
        "var": 0.00126185431145
    },
    "spectral_energyband_middle_high": {
        "dmean": 0.00209483923391,
        "dmean2": 0.003225795459,
        "dvar": 1.44081823237e-05,
        "dvar2": 3.32567869918e-05,
        "max": 0.0863903239369,
        "mean": 0.00586196174845,
        "median": 0.00313799851574,
        "min": 1.22326057963e-21,
        "var": 7.26372381905e-05
    },
    "spectral_energyband_middle_low": {
        "dmean": 0.00491245044395,
        "dmean2": 0.00867943372577,
        "dvar": 0.000253012782196,
        "dvar2": 0.000729278486688,
        "max": 0.182346373796,
        "mean": 0.00730345956981,
        "median": 0.00388239789754,
        "min": 1.61135480047e-22,
        "var": 0.000181470037205
    },
    "spectral_entropy": {
        "dmean": 0.199190124869,
        "dmean2": 0.287530392408,
        "dvar": 0.0536258332431,
        "dvar2": 0.107427194715,
        "max": 9.8183221817,
        "mean": 7.50297641754,
        "median": 7.52098178864,
        "min": 3.83622264862,
        "var": 0.350229084492
    },
    "spectral_flux": {
        "dmean": 0.0273649059236,
        "dmean2": 0.0405310019851,
        "dvar": 0.00203744042665,
        "dvar2": 0.00329263019376,
        "max": 0.547855615616,
        "mean": 0.0789466872811,
        "median": 0.0583415143192,
        "min": 6.33596786148e-11,
        "var": 0.00568341044709
    },
    "spectral_kurtosis": {
        "dmean": 2.31334924698,
        "dmean2": 3.78997254372,
        "dvar": 32.7727088928,
        "dvar2": 88.9191360474,
        "max": 288.270141602,
        "mean": 6.3140296936,
        "median": 4.2708234787,
        "min": -1.29691541195,
        "var": 166.127502441
    },
    "spectral_rms": {
        "dmean": 0.000783691531979,
        "dmean2": 0.00112625176553,
        "dvar": 1.69207521594e-06,
        "dvar2": 2.85743317363e-06,
        "max": 0.0155358565971,
        "mean": 0.00449715042487,
        "median": 0.00367134390399,
        "min": 3.10691988629e-12,
        "var": 9.91019351204e-06
    },
    "spectral_rolloff": {
        "dmean": 539.785339355,
        "dmean2": 883.444763184,
        "dvar": 1455328.5,
        "dvar2": 3041781.25,
        "max": 19552.1484375,
        "mean": 1587.53088379,
        "median": 1098.19335938,
        "min": 21.533203125,
        "var": 5851052
    },
    "spectral_skewness": {
        "dmean": 0.26956808567,
        "dmean2": 0.420160025358,
        "dvar": 0.125246912241,
        "dvar2": 0.302383065224,
        "max": 13.3878097534,
        "mean": 1.78225624561,
        "median": 1.66722345352,
        "min": -0.524735331535,
        "var": 0.752069711685
    },
    "spectral_spread": {
        "dmean": 716141.375,
        "dmean2": 1023972.3125,
        "dvar": 1.35166636851e+12,
        "dvar2": 2.59472883712e+12,
        "max": 43973752,
        "mean": 5057797,
        "median": 4336583,
        "min": 395845.3125,
        "var": 1.67315945554e+13
    },
    "spectral_strongpeak": {
        "dmean": 0.461937725544,
        "dmean2": 0.762308776379,
        "dvar": 0.665408670902,
        "dvar2": 1.58871293068,
        "max": 11.5964050293,
        "mean": 0.923876583576,
        "median": 0.387420237064,
        "min": 0,
        "var": 2.03950238228
    },
    "zerocrossingrate": {
        "dmean": 0.012901738286,
        "dmean2": 0.01432099659,
        "dvar": 0.000381270074286,
        "dvar2": 0.00040863873437,
        "max": 0.81298828125,
        "mean": 0.0618754588068,
        "median": 0.05029296875,
        "min": 0.00048828125,
        "var": 0.00451154820621
    },
    "barkbands": {
        "dmean": [0.00041855010204, 0.00654375459999, 0.00275687500834, 0.00182769319508, 0.00126586924307, 0.000738974660635, 0.00077902834164, 0.000523828610312, 0.000901191844605, 0.000665607163683, 0.000463066593511, 0.00070548907388, 0.000532722391654, 0.000288365932647, 0.000345683423802, 0.000200493988814, 0.000151131433086, 0.000116193892609, 0.000113743270049, 8.18962289486e-05, 7.40235263947e-05, 6.49034773232e-05, 9.37028453336e-05, 7.29761231923e-05, 7.44873395888e-05, 3.51782218786e-05, 8.29861255625e-06],
        "dmean2": [0.000529775570612, 0.00920294784009, 0.00485804537311, 0.00342767639086, 0.00234158872627, 0.00125104247127, 0.00130891089793, 0.000863260298502, 0.00142044539098, 0.00105571723543, 0.000737462949473, 0.00109120632987, 0.000843644374982, 0.000454017339507, 0.000575427664444, 0.000321568222716, 0.000241492889472, 0.000189453290659, 0.000187542042113, 0.000133364068461, 0.000118852774904, 0.000105249302578, 0.000151407002704, 0.000115636117698, 0.000118628100608, 5.59561995033e-05, 1.39766598295e-05],
        "dvar": [8.75142347923e-07, 0.00031492090784, 0.000131252149004, 7.30519750505e-05, 2.87377915811e-05, 2.805721806e-06, 2.33536502492e-06, 2.04013713301e-06, 5.80111100135e-06, 2.77046137853e-06, 1.475698582e-06, 5.2813916227e-06, 2.00111389859e-06, 5.84406905091e-07, 6.79851495988e-07, 2.07794244034e-07, 9.87074457726e-08, 7.20040702618e-08, 1.06434377756e-07, 3.16581036941e-08, 3.47372726139e-08, 3.88538445861e-08, 8.16950418425e-08, 5.13992404194e-08, 6.17353492771e-08, 2.69403539477e-08, 6.32101881948e-09],
        "dvar2": [1.28540818878e-06, 0.000553731864784, 0.000362395541742, 0.000213643055758, 8.38626510813e-05, 7.697930414e-06, 6.13014753981e-06, 5.46183127881e-06, 1.31868064273e-05, 6.2851313487e-06, 3.47147738466e-06, 1.1854675904e-05, 4.45989644504e-06, 1.2979425037e-06, 1.75010097792e-06, 5.2304625342e-07, 2.42191021016e-07, 1.82223857337e-07, 2.85782363108e-07, 8.1421944742e-08, 8.76493970736e-08, 1.0230710501e-07, 2.13184733866e-07, 1.32638291461e-07, 1.58731083388e-07, 7.08300547103e-08, 1.65475775304e-08],
        "max": [0.014970542863, 0.216926559806, 0.130003541708, 0.0982754230499, 0.0669743940234, 0.0258182473481, 0.0318630859256, 0.0326800830662, 0.0609496943653, 0.0454869940877, 0.0253701284528, 0.0764355063438, 0.036335542798, 0.0185129996389, 0.0274877361953, 0.0107101518661, 0.00834523327649, 0.00388476555236, 0.00509562063962, 0.00273439777084, 0.00380294327624, 0.00384598178789, 0.00518478965387, 0.00402849912643, 0.00577640440315, 0.00456518260762, 0.00272030476481],
        "mean": [0.000873340759426, 0.0138938259333, 0.00246292259544, 0.0014121477725, 0.00117006863002, 0.00109525374137, 0.00112971302588, 0.000706453050952, 0.00145990448073, 0.00107936642598, 0.000766876270063, 0.00140097306576, 0.000814251194242, 0.000441117503215, 0.000538006483112, 0.000323748303344, 0.000257865613094, 0.000186617311556, 0.00016631152539, 0.000140831180033, 0.000119725635159, 9.28879162529e-05, 0.0001222591236, 9.15920027182e-05, 9.61051118793e-05, 3.87954933103e-05, 6.99423299011e-06],
        "median": [0.000126014172565, 0.00247418903746, 0.000182435498573, 0.000139658892294, 0.00029867014382, 0.000455702014733, 0.000397986150347, 0.000231220270507, 0.000385138904676, 0.000274232123047, 0.000201848422876, 0.000172553074663, 0.000203643605346, 7.98246765044e-05, 0.00014851836022, 9.41031321418e-05, 8.51624499774e-05, 6.85955092194e-05, 6.26216642559e-05, 6.6958455136e-05, 4.87065808557e-05, 1.94265339815e-05, 3.44153704646e-05, 1.86689940165e-05, 1.52222291945e-05, 3.01598629449e-06, 1.41911129958e-07],
        "min": [1.7719250672e-25, 2.27881069869e-24, 1.42496382653e-24, 6.95732177574e-25, 6.9033517583e-24, 7.3810496349e-24, 3.56310366531e-24, 9.17883366119e-24, 1.05673708493e-23, 1.42747978005e-23, 1.36063959556e-23, 1.21726223277e-23, 2.88087427193e-23, 3.18799864827e-23, 5.55110122516e-23, 4.47814973541e-23, 5.49142863084e-23, 1.06716876066e-22, 1.17779154582e-22, 1.69085885307e-22, 2.61364612568e-22, 3.65558774568e-22, 4.03075762287e-22, 6.19108640708e-22, 9.80023334329e-22, 1.23943179904e-21, 1.83503233429e-21],
        "var": [4.11112978327e-06, 0.000922169012483, 8.6631582235e-05, 4.02754740207e-05, 1.6640227841e-05, 3.44285945175e-06, 4.12739291278e-06, 2.47320258495e-06, 1.31502374643e-05, 7.80577283876e-06, 3.53178165824e-06, 2.59838852799e-05, 3.89121305489e-06, 1.23667848584e-06, 1.25427231978e-06, 3.47669612211e-07, 1.84979043638e-07, 1.00919024248e-07, 1.16103244352e-07, 5.03426491605e-08, 4.72034891175e-08, 4.12303045039e-08, 8.3959584174e-08, 5.43978160295e-08, 7.34605833941e-08, 2.51205083401e-08, 4.86867834937e-09]
    },
    "erbbands": {
        "dmean": [0.268098026514, 1.41460049152, 3.0651140213, 4.88706207275, 5.29956197739, 3.76091694832, 4.41588783264, 6.9250164032, 10.9536447525, 9.05793380737, 13.5391120911, 24.6194782257, 15.2290792465, 21.108379364, 21.1720676422, 30.2589702606, 24.6803798676, 14.7390804291, 19.5294113159, 11.4563446045, 10.6143007278, 7.12629699707, 5.54034566879, 7.95053768158, 3.87241053581, 3.88577055931, 3.69190359116, 2.37835741043, 2.12424468994, 2.60043287277, 2.68840956688, 1.75383281708, 1.19449436665, 0.901050269604, 0.49410957098, 0.195834800601, 0.0585119798779, 0.0120375808328, 0.00148852646817, 5.34969731234e-05],
        "dmean2": [0.324083894491, 1.99614596367, 5.1082816124, 8.94958972931, 9.92667961121, 6.89891767502, 7.72611045837, 11.5976276398, 18.2368373871, 15.1494293213, 22.1611881256, 38.7745552063, 24.1327857971, 33.0246810913, 33.3476486206, 46.7903327942, 38.6585464478, 22.976890564, 31.7076206207, 18.645368576, 17.0106868744, 11.3795557022, 8.82366943359, 13.3071260452, 6.29241514206, 6.31128358841, 5.94803333282, 3.89162635803, 3.46887540817, 4.24385786057, 4.3449754715, 2.80731368065, 1.92008590698, 1.43875157833, 0.789893984795, 0.312217563391, 0.0937733873725, 0.0199343413115, 0.0024978632573, 8.75389887369e-05],
        "dvar": [0.41005140543, 17.9944553375, 145.116653442, 473.799407959, 583.979431152, 245.023834229, 147.829483032, 237.5337677, 483.924072266, 314.621429443, 1241.21594238, 4804.78320312, 1513.02124023, 3292.9309082, 2997.05639648, 9101.35839844, 4399.75097656, 1419.26245117, 2129.82592773, 710.089050293, 609.998901367, 230.495773315, 136.626159668, 604.002502441, 91.9070129395, 70.0269546509, 74.2426300049, 49.8951835632, 43.1558227539, 65.6271743774, 69.6636962891, 28.1553382874, 15.3852424622, 7.80741214752, 3.14219522476, 0.722170472145, 0.0834016948938, 0.00834697298706, 0.000198378649657, 1.8981802441e-07],
        "dvar2": [0.555072844028, 35.1491470337, 379.010864258, 1356.34521484, 1705.89477539, 712.897827148, 426.40423584, 633.609680176, 1257.6348877, 807.185668945, 3253.70410156, 11034.4765625, 3342.14892578, 7676.69726562, 7049.33105469, 20539.625, 9763.23632812, 3101.05981445, 5271.26904297, 1841.38720703, 1505.62463379, 576.171203613, 334.651000977, 1624.2364502, 233.287124634, 176.523757935, 184.32875061, 132.330108643, 114.458343506, 174.03578186, 180.364761353, 72.3019790649, 40.508605957, 20.1288223267, 8.00009441376, 1.87913179398, 0.220665439963, 0.0223065596074, 0.000515966909006, 4.9226542842e-07],
        "max": [11.1585321426, 47.6338806152, 145.023544312, 231.835372925, 274.771514893, 209.094024658, 144.594482422, 261.913848877, 421.144195557, 342.238464355, 866.769042969, 1837.27026367, 1520.55541992, 1689.40441895, 1551.92199707, 3103.04199219, 1739.54333496, 1015.08917236, 1589.26928711, 662.351623535, 731.904663086, 448.301116943, 196.610580444, 353.330047607, 156.948135376, 137.572433472, 146.385757446, 158.413299561, 140.930587769, 159.199737549, 178.203262329, 96.0621261597, 77.0782394409, 53.5485343933, 41.7996063232, 23.7008171082, 8.10102272034, 2.99903345108, 0.422245055437, 0.0169175863266],
        "mean": [0.564277470112, 2.44720721245, 3.06079053879, 4.10025310516, 4.35910415649, 3.47892165184, 5.60395908356, 10.2870225906, 16.0390949249, 12.8726224899, 19.569278717, 40.4666252136, 26.0712184906, 36.2024879456, 42.6555480957, 58.6851882935, 40.0366096497, 25.1064453125, 32.2604827881, 18.7339439392, 18.707359314, 12.9855594635, 10.2513847351, 10.8796138763, 6.78371477127, 6.86993932724, 6.34474039078, 3.61900901794, 3.1309967041, 3.65409326553, 3.42953395844, 2.15685319901, 1.48972713947, 1.15734159946, 0.621775269508, 0.225640445948, 0.0622090101242, 0.0113845132291, 0.00127572682686, 7.2881761298e-05],
        "median": [0.0942209586501, 0.404579877853, 0.360294401646, 0.406013667583, 0.638340950012, 0.86812889576, 2.2663435936, 4.07019424438, 5.63939476013, 6.11625957489, 7.02139282227, 11.1152095795, 8.34772491455, 10.9431781769, 10.4502677917, 10.4230670929, 12.0927019119, 7.8669924736, 8.7748003006, 6.72333526611, 6.28394889832, 4.39247131348, 4.10817527771, 4.14754867554, 2.87431097031, 3.31197023392, 2.99989414215, 1.18348574638, 0.665440797806, 0.892947077751, 0.960572004318, 0.48229688406, 0.284215509892, 0.211985126138, 0.0789372324944, 0.018426425755, 0.00494910031557, 0.000633922638372, 4.79029258713e-05, 2.19796274905e-05],
        "min": [6.69376182875e-23, 7.5446071325e-22, 1.43283908647e-21, 7.40225431701e-21, 8.12713191328e-21, 2.71947807904e-20, 4.27309419853e-20, 8.02119237191e-20, 8.70354206026e-20, 1.26844411698e-19, 1.85724135825e-19, 2.27391330005e-19, 4.80883982348e-19, 8.18962262975e-19, 6.70806460448e-19, 1.06968494594e-18, 1.69842854846e-18, 2.11404038075e-18, 3.03462374653e-18, 3.85186785198e-18, 4.11816706966e-18, 4.0893319671e-18, 5.51007339898e-18, 5.7623423927e-18, 6.6956010606e-18, 8.96398093595e-18, 8.44776481261e-18, 1.13227534543e-17, 1.26590083128e-17, 1.24308379854e-17, 1.25124211549e-17, 9.22467269626e-18, 1.03077929165e-17, 7.20477622256e-18, 7.16907428014e-18, 4.34505692142e-18, 2.3049377429e-18, 9.41627771142e-19, 2.39348277459e-19, 2.60535655819e-20],
        "var": [1.53423774242, 36.5788345337, 113.465637207, 277.71572876, 329.236022949, 142.763977051, 119.081222534, 328.56652832, 828.152038574, 424.632568359, 1681.19775391, 10602.8515625, 4135.68652344, 8804.78320312, 12099.25, 33743.2539062, 8692.26269531, 3114.26318359, 4623.16894531, 1152.93286133, 1123.12890625, 428.641998291, 252.066833496, 549.469726562, 153.995819092, 120.152961731, 115.994644165, 53.5820617676, 45.0683364868, 68.3845291138, 70.680770874, 29.4867477417, 15.6862020493, 8.94522953033, 3.84162163734, 0.769931077957, 0.0725130885839, 0.00624621706083, 0.000155575253302, 1.5251815455e-07]
    },
    "gfcc": {
        "mean": [-58.0835151672, 92.7979049683, -120.090248108, 19.8066997528, -53.9930801392, 22.2825336456, -29.8633823395, 14.283197403, -16.070728302, 7.77781486511, -6.44903755188, 1.758431077, -5.52668714523],
        "cov": [[31971.6601562, -901.359619141, -1732.71374512, 870.003967285, -1625.5793457, 1164.31530762, -634.348449707, 823.759521484, -521.085266113, 648.495056152, -302.612335205, 216.050292969, -275.873718262], [-901.359619141, 2537.73608398, -104.058204651, 203.986755371, 528.294067383, -214.787887573, 308.506744385, -155.040405273, 221.408096313, -200.346817017, 177.198699951, -183.709701538, 143.89465332], [-1732.71374512, -104.058204651, 1402.05773926, 84.6826858521, 196.408081055, 196.310897827, 28.2584686279, 65.4474105835, 9.89579582214, 30.63945961, -46.9474601746, -8.69438552856, -77.3049697876], [870.003967285, 203.986755371, 84.6826858521, 585.555847168, 240.325195312, 106.357215881, 107.361938477, 53.8560791016, 159.967956543, -6.19816493988, 23.676076889, 22.6017360687, 36.8877563477], [-1625.5793457, 528.294067383, 196.408081055, 240.325195312, 608.592712402, 73.3400115967, 256.780517578, 9.35533237457, 155.789657593, -32.1745376587, 87.8568725586, -13.2288560867, 56.163433075], [1164.31530762, -214.787887573, 196.310897827, 106.357215881, 73.3400115967, 376.799377441, 107.20110321, 108.485954285, 8.82013702393, 82.9183273315, 32.0730743408, 39.7752113342, -18.8675765991], [-634.348449707, 308.506744385, 28.2584686279, 107.361938477, 256.780517578, 107.20110321, 300.063537598, 51.2383880615, 121.225120544, 13.9146966934, 92.3468017578, 1.41934037209, 54.8525314331], [823.759521484, -155.040405273, 65.4474105835, 53.8560791016, 9.35533237457, 108.485954285, 51.2383880615, 233.148666382, 62.8825950623, 80.7936019897, 30.6471157074, 43.0446243286, 28.0250225067], [-521.085266113, 221.408096313, 9.89579582214, 159.967956543, 155.789657593, 8.82013702393, 121.225120544, 62.8825950623, 249.150268555, 21.312374115, 55.9246902466, 32.767364502, 66.3523788452], [648.495056152, -200.346817017, 30.63945961, -6.19816493988, -32.1745376587, 82.9183273315, 13.9146966934, 80.7936019897, 21.312374115, 147.616271973, 34.8170471191, 37.7600326538, 11.6389131546], [-302.612335205, 177.198699951, -46.9474601746, 23.676076889, 87.8568725586, 32.0730743408, 92.3468017578, 30.6471157074, 55.9246902466, 34.8170471191, 157.545150757, 35.4876098633, 52.4692611694], [216.050292969, -183.709701538, -8.69438552856, 22.6017360687, -13.2288560867, 39.7752113342, 1.41934037209, 43.0446243286, 32.767364502, 37.7600326538, 35.4876098633, 126.122131348, 32.0229606628], [-275.873718262, 143.89465332, -77.3049697876, 36.8877563477, 56.163433075, -18.8675765991, 54.8525314331, 28.0250225067, 66.3523788452, 11.6389131546, 52.4692611694, 32.0229606628, 121.839706421]],
        "icov": [[0.000100938843389, -0.000169244551216, 0.00017932181072, -0.000271757919108, 0.000271347496891, -0.000348611705704, 0.000175178196514, -0.000318080012221, 0.000295499863569, -0.000386604719097, 0.000307469017571, -0.000222298534936, 0.000241737783654], [-0.000169244551216, 0.00106806424446, -0.000312041724101, 0.00037844790495, -0.000718096503988, 0.000878157909028, -0.000556253769901, 0.000806998752523, -0.000818793894723, 0.00134169368539, -0.00132768787444, 0.00155965832528, -0.000945792649873], [0.00017932181072, -0.000312041724101, 0.00119258277118, -0.000406745821238, 1.74888318725e-05, -0.00103009911254, 0.000629005371593, -0.000742536562029, 0.000446821504738, -0.000790865218733, 0.000883410684764, -0.000397752184654, 0.000930728041567], [-0.000271757919108, 0.00037844790495, -0.000406745821238, 0.00319756264798, -0.00149290286936, 0.000106388164568, 7.70391925471e-05, 0.000698956428096, -0.00213746610098, 0.00150179152843, -0.000339390389854, 0.000367393746274, -0.000709069601726], [0.000271347496891, -0.000718096503988, 1.74888318725e-05, -0.00149290286936, 0.0041438350454, -0.000892884505447, -0.00167099304963, -0.000434830872109, 0.000411584915128, -0.000484229414724, 0.000407383864513, -0.000568653515074, 0.00052558054449], [-0.000348611705704, 0.000878157909028, -0.00103009911254, 0.000106388164568, -0.000892884505447, 0.00578029686585, -0.00266147009097, 6.93143374519e-05, 0.000288040086161, -6.67699350743e-05, -0.00135017989669, 0.000104460115836, 0.000380213081371], [0.000175178196514, -0.000556253769901, 0.000629005371593, 7.70391925471e-05, -0.00167099304963, -0.00266147009097, 0.00771040376276, -0.00103352614678, -0.0012511794921, -0.000370365189156, -0.00121195963584, 0.00072743446799, -0.000398552539991], [-0.000318080012221, 0.000806998752523, -0.000742536562029, 0.000698956428096, -0.000434830872109, 6.93143374519e-05, -0.00103352614678, 0.0073276781477, -0.00217168242671, -0.000815511797555, -0.00100204627961, 0.000538193795364, -0.00181439064909], [0.000295499863569, -0.000818793894723, 0.000446821504738, -0.00213746610098, 0.000411584915128, 0.000288040086161, -0.0012511794921, -0.00217168242671, 0.0079705035314, -0.00217663985677, 0.00114117073826, -0.00217327731661, -0.000568540534005], [-0.000386604719097, 0.00134169368539, -0.000790865218733, 0.00150179152843, -0.000484229414724, -6.67699350743e-05, -0.000370365189156, -0.000815511797555, -0.00217663985677, 0.0119886230677, -0.0036449090112, 0.000923819723539, -0.00148221652489], [0.000307469017571, -0.00132768787444, 0.000883410684764, -0.000339390389854, 0.000407383864513, -0.00135017989669, -0.00121195963584, -0.00100204627961, 0.00114117073826, -0.0036449090112, 0.0111991390586, -0.00366109097376, -0.000827154784929], [-0.000222298534936, 0.00155965832528, -0.000397752184654, 0.000367393746274, -0.000568653515074, 0.000104460115836, 0.00072743446799, 0.000538193795364, -0.00217327731661, 0.000923819723539, -0.00366109097376, 0.0124029004946, -0.00346982479095], [0.000241737783654, -0.000945792649873, 0.000930728041567, -0.000709069601726, 0.00052558054449, 0.000380213081371, -0.000398552539991, -0.00181439064909, -0.000568540534005, -0.00148221652489, -0.000827154784929, -0.00346982479095, 0.0128098176792]]
    },
    "melbands": {
        "dmean": [0.00199870276265, 0.00154933449812, 0.000861880602315, 0.000317153549986, 0.000152766166138, 0.000150569409016, 0.000168851940543, 9.78769166977e-05, 0.000119508891657, 0.000150776264491, 7.57963716751e-05, 8.88611975824e-05, 6.72199676046e-05, 8.78067148733e-05, 5.87978356634e-05, 4.9013451644e-05, 2.8393789762e-05, 3.31467890646e-05, 2.01767034014e-05, 1.40763622767e-05, 1.34683841679e-05, 8.56121823745e-06, 6.79055301589e-06, 5.10929430675e-06, 7.20963953427e-06, 3.49191850546e-06, 2.28884573517e-06, 2.7308612971e-06, 2.80275708064e-06, 1.73893192823e-06, 1.41642908602e-06, 1.26486975205e-06, 1.33152582293e-06, 1.56755493208e-06, 1.62454261954e-06, 1.37821280077e-06, 1.01530679331e-06, 8.25799304494e-07, 8.80382231117e-07, 7.39513211556e-07],
        "dmean2": [0.00260523078032, 0.00232382398099, 0.00157293234952, 0.000588998314925, 0.000269112177193, 0.000252432335401, 0.000281606276985, 0.000163032687851, 0.0001934486354, 0.000236459789448, 0.000120895601867, 0.000139532945468, 0.000106340157799, 0.000135517693707, 9.23744155443e-05, 7.73092688178e-05, 4.4275460823e-05, 5.34873724973e-05, 3.35070180881e-05, 2.26971533266e-05, 2.17392898776e-05, 1.37861443363e-05, 1.08466947495e-05, 8.3566928879e-06, 1.2146584595e-05, 5.68536233914e-06, 3.75505373995e-06, 4.44376837549e-06, 4.57215446659e-06, 2.80755625681e-06, 2.35940819948e-06, 2.09438212551e-06, 2.18489185499e-06, 2.57339183918e-06, 2.64548657469e-06, 2.23193728743e-06, 1.63751315085e-06, 1.34050321776e-06, 1.44015098158e-06, 1.17850834158e-06],
        "dvar": [2.47098105319e-05, 2.79496271105e-05, 1.4516270312e-05, 1.96350242732e-06, 2.10948726931e-07, 1.14695282605e-07, 1.10182334367e-07, 3.91953385304e-08, 8.97666510014e-08, 1.72882749894e-07, 3.83879346089e-08, 6.16522370933e-08, 3.07657970211e-08, 8.44092866714e-08, 2.45904701046e-08, 1.70070340033e-08, 6.47856435165e-09, 5.88681903224e-09, 2.31693042529e-09, 1.06876740791e-09, 1.04165875925e-09, 3.45965506243e-10, 2.03631417284e-10, 1.67570360365e-10, 5.12555997645e-10, 7.467414187e-11, 3.21008289395e-11, 3.20376329632e-11, 4.20157138248e-11, 2.20700471787e-11, 1.85801669189e-11, 1.46168042947e-11, 1.65249584849e-11, 2.37111823231e-11, 2.561587574e-11, 1.76472968183e-11, 9.8161869258e-12, 7.69024774416e-12, 7.76286066678e-12, 5.15426460193e-12],
        "dvar2": [3.69064146071e-05, 6.42865852569e-05, 4.13576053688e-05, 5.73342231291e-06, 6.09180062838e-07, 3.07329571569e-07, 2.86706949737e-07, 1.02834476934e-07, 2.25982518032e-07, 3.99438476961e-07, 8.59419841959e-08, 1.43528112062e-07, 7.30914848646e-08, 1.91083245227e-07, 5.6029318074e-08, 3.74668971403e-08, 1.41103102536e-08, 1.43693581478e-08, 6.11255934757e-09, 2.81131851132e-09, 2.60138044439e-09, 8.56030912821e-10, 4.84735807049e-10, 4.29208252273e-10, 1.39120981402e-09, 1.88441109938e-10, 8.44178893455e-11, 8.02825722568e-11, 1.04121516964e-10, 5.6930554021e-11, 4.98978011687e-11, 3.92988558362e-11, 4.33253467824e-11, 6.37094682565e-11, 6.64916316451e-11, 4.5804634391e-11, 2.55953817169e-11, 2.03728787312e-11, 2.04659188902e-11, 1.31652111088e-11],
        "max": [0.0753498896956, 0.0633852034807, 0.0410737469792, 0.0170888826251, 0.0056928419508, 0.00539911072701, 0.0067480430007, 0.00350310024805, 0.00687272986397, 0.0107026956975, 0.00725297443569, 0.00744087947533, 0.00417304597795, 0.0106634525582, 0.00369934877381, 0.00369815272279, 0.00222331099212, 0.00228029978462, 0.00125429930631, 0.000910722417757, 0.000955538416747, 0.000427632330684, 0.000368537788745, 0.000192834573681, 0.000353520881617, 0.000155891830218, 0.000100474433566, 8.18731205072e-05, 0.000120777687698, 0.000120539982163, 8.661801985e-05, 7.39860988688e-05, 8.6383195594e-05, 0.000105167542642, 0.000118828349514, 6.71106827212e-05, 6.1073435063e-05, 5.61477390875e-05, 5.95117489866e-05, 4.36189075117e-05],
        "mean": [0.00436273030937, 0.00215211464092, 0.000736264861189, 0.000275214435533, 0.000186579040019, 0.000222581715207, 0.000249139760854, 0.000136437723995, 0.00016874204448, 0.000247135409154, 0.000122867451864, 0.00014566120808, 0.000119417476526, 0.000181618990609, 9.61625773925e-05, 7.61236951803e-05, 4.34711801063e-05, 5.28629680048e-05, 2.97341975966e-05, 2.32772599702e-05, 2.17320430238e-05, 1.37415909194e-05, 1.19097221614e-05, 7.82013194112e-06, 9.06535387912e-06, 5.63566072742e-06, 3.83532278647e-06, 4.63918877358e-06, 4.58652039015e-06, 2.59777357314e-06, 1.95375741896e-06, 1.7521913378e-06, 1.81217274076e-06, 2.11970427699e-06, 2.04161096917e-06, 1.66697850545e-06, 1.18439459129e-06, 9.9543262877e-07, 1.06329184746e-06, 9.45850274547e-07],
        "median": [0.000773731968366, 0.000340826634783, 8.30457138363e-05, 5.15491337865e-05, 7.820288738e-05, 8.70707153808e-05, 8.77382190083e-05, 6.48284185445e-05, 5.31211371708e-05, 6.53970855637e-05, 3.44248655892e-05, 3.67855318473e-05, 2.92904878734e-05, 2.57424690062e-05, 2.34348990489e-05, 1.98212001123e-05, 9.2060327006e-06, 1.28082883748e-05, 8.59062856762e-06, 7.15442274668e-06, 6.58839235257e-06, 4.25379539593e-06, 4.01804982175e-06, 2.86787235382e-06, 2.89847548629e-06, 1.93935647985e-06, 1.74547449205e-06, 2.10650955523e-06, 2.10844245885e-06, 8.92649438811e-07, 3.84347714544e-07, 3.20385709074e-07, 3.98634085741e-07, 4.99062593917e-07, 5.57326529815e-07, 3.88722298794e-07, 2.35910263768e-07, 1.83225793648e-07, 1.8489195952e-07, 1.67885730207e-07],
        "min": [1.19916018241e-24, 1.13391704681e-24, 1.48039974474e-24, 1.27447480379e-24, 1.12167915177e-24, 1.83537462892e-24, 8.64933621932e-25, 1.48093271889e-24, 1.2716784891e-24, 1.34200948171e-24, 2.22233417433e-24, 3.11282836871e-24, 1.87521013249e-24, 1.65817595923e-24, 2.18575646909e-24, 3.21409523197e-24, 3.08000544416e-24, 4.15153986363e-24, 3.43371469963e-24, 3.50423018709e-24, 4.07231890165e-24, 3.53785617203e-24, 2.92256162647e-24, 3.68185326395e-24, 3.42421957535e-24, 3.13849593041e-24, 4.55536367747e-24, 4.57600540634e-24, 4.67385807961e-24, 5.68366393603e-24, 4.42438357935e-24, 4.77552883966e-24, 5.68270586446e-24, 5.47117005171e-24, 6.68370132785e-24, 5.76200058493e-24, 5.22464234136e-24, 6.24160474391e-24, 6.53779519255e-24, 4.97594289693e-24],
        "var": [8.78549908521e-05, 3.45385233231e-05, 8.605669791e-06, 1.12441762212e-06, 1.51424487171e-07, 1.55635305532e-07, 1.97748718733e-07, 4.7629416855e-08, 1.29506005919e-07, 3.91089088225e-07, 9.90355886188e-08, 1.64385483004e-07, 8.58839754869e-08, 4.42409088919e-07, 5.71116416381e-08, 3.35482539526e-08, 1.34648221461e-08, 1.2906779645e-08, 3.45546147251e-09, 1.78602277412e-09, 1.76427605858e-09, 5.61531932064e-10, 4.11015887991e-10, 2.02347236189e-10, 4.39027869614e-10, 1.21642140805e-10, 4.62328057782e-11, 5.50148572531e-11, 6.60640708805e-11, 2.69599273461e-11, 1.89463219419e-11, 1.47101029274e-11, 1.7137102501e-11, 2.41198450102e-11, 2.57203945642e-11, 1.78396152017e-11, 9.79106466042e-12, 7.54405826003e-12, 8.04872921784e-12, 6.15300302029e-12]
    },
    "mfcc": {
        "mean": [-688.100280762, 121.103874207, -2.6257314682, 6.88217830658, 3.27046775818, 4.59354448318, 4.35921525955, 4.90092515945, 1.8271355629, 6.94151258469, 0.685664236546, 5.91895103455, 6.43735170364],
        "cov": [[15177.3720703, 16.3484725952, -741.03112793, -104.99874115, -222.292388916, 197.869888306, 70.4986190796, 248.860733032, 122.343521118, 294.284118652, 159.350189209, 129.948318481, 130.712631226], [16.3484725952, 1847.09350586, -79.035446167, 211.646743774, 132.672973633, 32.7980728149, 160.87600708, 22.6093044281, 38.7202148438, 86.5969848633, 6.61533117294, 34.0330314636, 0.283566296101], [-741.03112793, -79.035446167, 901.90234375, 45.0596809387, 167.519927979, 97.5424804688, 49.8273200989, 58.189239502, 32.3167381287, 12.3105068207, 35.3746452332, 34.8989181519, -8.89914321899], [-104.99874115, 211.646743774, 45.0596809387, 444.692321777, 205.908203125, 136.226715088, 32.2615203857, 103.482719421, 100.761199951, 42.252571106, 40.3576927185, 41.206237793, 20.3702392578], [-222.292388916, 132.672973633, 167.519927979, 205.908203125, 322.457580566, 139.993270874, 94.712638855, 107.508300781, 79.6422271729, 68.0232849121, 38.1996040344, 54.2430725098, 29.0121841431], [197.869888306, 32.7980728149, 97.5424804688, 136.226715088, 139.993270874, 320.530853271, 110.711540222, 112.371139526, 71.4753723145, 47.9598922729, 81.6829605103, 18.1275844574, 29.1701316833], [70.4986190796, 160.87600708, 49.8273200989, 32.2615203857, 94.712638855, 110.711540222, 270.204711914, 78.974067688, 33.4922294617, 86.1223449707, 39.6095466614, 52.6824455261, 26.6625652313], [248.860733032, 22.6093044281, 58.189239502, 103.482719421, 107.508300781, 112.371139526, 78.974067688, 201.239852905, 86.683380127, 71.2357711792, 59.1629333496, 44.7835884094, 51.3865280151], [122.343521118, 38.7202148438, 32.3167381287, 100.761199951, 79.6422271729, 71.4753723145, 33.4922294617, 86.683380127, 166.194595337, 75.3010025024, 57.1425247192, 34.1795883179, 17.0622367859], [294.284118652, 86.5969848633, 12.3105068207, 42.252571106, 68.0232849121, 47.9598922729, 86.1223449707, 71.2357711792, 75.3010025024, 167.425003052, 58.2750282288, 40.9766159058, 30.2246208191], [159.350189209, 6.61533117294, 35.3746452332, 40.3576927185, 38.1996040344, 81.6829605103, 39.6095466614, 59.1629333496, 57.1425247192, 58.2750282288, 123.061103821, 37.5902252197, 26.7026252747], [129.948318481, 34.0330314636, 34.8989181519, 41.206237793, 54.2430725098, 18.1275844574, 52.6824455261, 44.7835884094, 34.1795883179, 40.9766159058, 37.5902252197, 121.208229065, 57.0002212524], [130.712631226, 0.283566296101, -8.89914321899, 20.3702392578, 29.0121841431, 29.1701316833, 26.6625652313, 51.3865280151, 17.0622367859, 30.2246208191, 26.7026252747, 57.0002212524, 107.083122253]],
