{
"lowlevel": {
    "average_loudness": 0.94895619154,
    "barkbands_crest": {
        "dmean": 2.65929603577,
        "dmean2": 3.69325351715,
        "dvar": 6.0473446846,
        "dvar2": 11.4590559006,
        "max": 26.1429271698,
        "mean": 10.1443319321,
        "median": 8.64720249176,
        "min": 1.85906386375,
        "var": 26.7826595306
    },
    "barkbands_flatness_db": {
        "dmean": 0.0199678838253,
        "dmean2": 0.0285904686898,
        "dvar": 0.000404659018386,
        "dvar2": 0.000864513975102,
        "max": 0.358177781105,
        "mean": 0.097060456872,
        "median": 0.0843217149377,
        "min": 0.0097419731319,
        "var": 0.00258824625053
    },
    "barkbands_kurtosis": {
        "dmean": 2.17513680458,
        "dmean2": 3.352840662,
        "dvar": 39.1471443176,
        "dvar2": 96.2118377686,
        "max": 229.63117981,
        "mean": 2.32810759544,
        "median": 0.328881263733,
        "min": -1.90489566326,
        "var": 60.7124938965
    },
    "barkbands_skewness": {
        "dmean": 0.514516949654,
        "dmean2": 0.757612287998,
        "dvar": 0.364423513412,
        "dvar2": 0.79031342268,
        "max": 13.0663118362,
        "mean": 1.16296970844,
        "median": 1.02128505707,
        "min": -3.82127690315,
        "var": 1.4662283659
    },
    "barkbands_spread": {
        "dmean": 7.05232286453,
        "dmean2": 10.8986597061,
        "dvar": 61.2800636292,
        "dvar2": 138.248703003,
        "max": 114.020729065,
        "mean": 32.7264862061,
        "median": 32.5461616516,
        "min": 0.747380018234,
        "var": 250.821914673
    },
    "dissonance": {
        "dmean": 0.0141104292125,
        "dmean2": 0.0237883534282,
        "dvar": 0.000238883541897,
        "dvar2": 0.000640709593426,
        "max": 0.500000059605,
        "mean": 0.474242806435,
        "median": 0.481294393539,
        "min": 0.298242121935,
        "var": 0.00056672852952
    },
    "dynamic_complexity": 3.02340817451,
    "erbbands_crest": {
        "dmean": 2.88425755501,
        "dmean2": 4.63742446899,
        "dvar": 8.16236972809,
        "dvar2": 19.7119827271,
        "max": 32.7158126831,
        "mean": 9.23114585876,
        "median": 7.99898815155,
        "min": 2.1926651001,
        "var": 25.2020645142
    },
    "erbbands_flatness_db": {
        "dmean": 0.0157090593129,
        "dmean2": 0.0230931248516,
        "dvar": 0.000235382496612,
        "dvar2": 0.000501941540278,
        "max": 0.335465401411,
        "mean": 0.128646343946,
        "median": 0.119754679501,
        "min": 0.0502589419484,
        "var": 0.00215868907981
    },
    "erbbands_kurtosis": {
        "dmean": 0.946439027786,
        "dmean2": 1.46128690243,
        "dvar": 1.66592943668,
        "dvar2": 3.66390275955,
        "max": 32.0034332275,
        "mean": 0.741411209106,
        "median": 0.155189037323,
        "min": -1.71428656578,
        "var": 4.40329933167
    },
    "erbbands_skewness": {
        "dmean": 0.340094387531,
        "dmean2": 0.506478488445,
        "dvar": 0.121585473418,
        "dvar2": 0.253408610821,
        "max": 3.50079989433,
        "mean": 0.0623018704355,
        "median": -0.0199384763837,
        "min": -2.9723200798,
        "var": 0.540526151657
    },
    "erbbands_spread": {
        "dmean": 8.06081008911,
        "dmean2": 12.105014801,
        "dvar": 72.9995193481,
        "dvar2": 169.643295288,
        "max": 154.630157471,
        "mean": 36.9770736694,
        "median": 34.5332946777,
        "min": 2.66532349586,
        "var": 297.367919922
    },
    "hfc": {
        "dmean": 11.2656517029,
        "dmean2": 16.4209270477,
        "dvar": 217.149917603,
        "dvar2": 466.84552002,
        "max": 285.774871826,
        "mean": 39.529750824,
        "median": 36.6693191528,
        "min": 1.08603884432e-16,
        "var": 840.892150879
    },
    "melbands_crest": {
        "dmean": 3.69071531296,
        "dmean2": 5.52448320389,
        "dvar": 11.7765169144,
        "dvar2": 25.097776413,
        "max": 35.8350868225,
        "mean": 16.2008743286,
        "median": 15.2826623917,
        "min": 1.58416473866,
        "var": 51.542350769
    },
    "melbands_flatness_db": {
        "dmean": 0.0262402407825,
        "dmean2": 0.0367939695716,
        "dvar": 0.000727819220629,
        "dvar2": 0.00146623665933,
        "max": 0.491470426321,
        "mean": 0.161475926638,
        "median": 0.153210580349,
        "min": 0.00294034020044,
        "var": 0.00466273166239
    },
    "melbands_kurtosis": {
        "dmean": 6.17619371414,
        "dmean2": 9.42193698883,
        "dvar": 215.720413208,
        "dvar2": 548.368041992,
        "max": 599.380065918,
        "mean": 10.7885961533,
        "median": 5.07899141312,
        "min": -1.86246848106,
        "var": 369.587127686
    },
    "melbands_skewness": {
        "dmean": 0.721716225147,
        "dmean2": 1.07030308247,
        "dvar": 0.718430042267,
        "dvar2": 1.59583818913,
        "max": 20.2620105743,
        "mean": 2.43674373627,
        "median": 2.07551336288,
        "min": -1.71298730373,
        "var": 3.04730248451
    },
    "melbands_spread": {
        "dmean": 9.73343372345,
        "dmean2": 14.7749605179,
        "dvar": 168.625961304,
        "dvar2": 343.468475342,
        "max": 245.754867554,
        "mean": 34.9114303589,
        "median": 29.9272651672,
        "min": 0.617291033268,
        "var": 635.719909668
    },
    "pitch_salience": {
        "dmean": 0.0774429887533,
        "dmean2": 0.115372434258,
        "dvar": 0.005548349116,
        "dvar2": 0.0116303600371,
        "max": 0.964784681797,
        "mean": 0.529548704624,
        "median": 0.543590426445,
        "min": 0.0749312341213,
        "var": 0.021085627377
    },
    "silence_rate_20dB": {
        "dmean": 0,
        "dmean2": 0,
        "dvar": 0,
        "dvar2": 0,
        "max": 1,
        "mean": 1,
        "median": 1,
        "min": 1,
        "var": 0
    },
    "silence_rate_30dB": {
        "dmean": 0.00197262968868,
        "dmean2": 0.00394574599341,
        "dvar": 0.00196866923943,
        "dvar2": 0.00540954759344,
        "max": 1,
        "mean": 0.998643994331,
        "median": 1,
        "min": 0,
        "var": 0.00135424057953
    },
    "silence_rate_60dB": {
        "dmean": 0.0150413019583,
        "dmean2": 0.030086312443,
        "dvar": 0.0148174585775,
        "dvar2": 0.0338724590838,
        "max": 1,
        "mean": 0.0560897439718,
        "median": 0,
        "min": 0,
        "var": 0.0529409088194
    },
    "spectral_centroid": {
        "dmean": 293.372131348,
        "dmean2": 444.293609619,
        "dvar": 133231.4375,
        "dvar2": 277128.8125,
        "max": 11812.4521484,
        "mean": 1980.07312012,
        "median": 1952.10327148,
        "min": 260.724853516,
        "var": 1326630.375
    },
    "spectral_complexity": {
        "dmean": 4.96658849716,
        "dmean2": 7.64019727707,
        "dvar": 28.2104930878,
        "dvar2": 62.0709915161,
        "max": 59,
        "mean": 27.7130184174,
        "median": 30,
        "min": 0,
        "var": 189.712341309
    },
    "spectral_decrease": {
        "dmean": 2.29432584042e-09,
        "dmean2": 3.31984773005e-09,
        "dvar": 7.72311075544e-18,
        "dvar2": 1.66027258864e-17,
        "max": 1.35751748061e-28,
        "mean": -9.47026901343e-09,
        "median": -8.61268034669e-09,
        "min": -3.48481989931e-08,
        "var": 4.21234050707e-17
    },
    "spectral_energy": {
        "dmean": 0.00911863148212,
        "dmean2": 0.0131972907111,
        "dvar": 0.00011306811939,
        "dvar2": 0.000241019384703,
        "max": 0.136548817158,
        "mean": 0.0393285304308,
        "median": 0.0373801141977,
        "min": 1.00503058348e-20,
        "var": 0.000662690843455
    },
    "spectral_energyband_high": {
        "dmean": 0.000955778697971,
        "dmean2": 0.00136772787664,
        "dvar": 2.15570480577e-06,
        "dvar2": 4.32836532127e-06,
        "max": 0.0329887531698,
        "mean": 0.0023683111649,
        "median": 0.00143166142516,
        "min": 7.0570033465e-21,
        "var": 7.61360888646e-06
    },
    "spectral_energyband_low": {
        "dmean": 0.00768726086244,
        "dmean2": 0.0108922002837,
        "dvar": 0.000126977203763,
        "dvar2": 0.000291206204565,
        "max": 0.122164547443,
        "mean": 0.0202112048864,
        "median": 0.0119259748608,
        "min": 1.79523095685e-23,
        "var": 0.000484613701701
    },
    "spectral_energyband_middle_high": {
        "dmean": 0.00278041511774,
        "dmean2": 0.00434281723574,
        "dvar": 1.05425770016e-05,
        "dvar2": 2.43204503931e-05,
        "max": 0.0482465066016,
        "mean": 0.00932625122368,
        "median": 0.00840750150383,
        "min": 1.16897745777e-21,
        "var": 5.07869917783e-05
    },
    "spectral_energyband_middle_low": {
        "dmean": 0.00397224863991,
        "dmean2": 0.00649949582294,
        "dvar": 4.95572166983e-05,
        "dvar2": 0.000128099491121,
        "max": 0.0678921341896,
        "mean": 0.00843448657542,
        "median": 0.00654732249677,
        "min": 1.06019358943e-22,
        "var": 5.81794738537e-05
    },
    "spectral_entropy": {
        "dmean": 0.129414707422,
        "dmean2": 0.188164263964,
        "dvar": 0.019199738279,
        "dvar2": 0.0377442054451,
        "max": 9.82236194611,
        "mean": 7.9460773468,
        "median": 7.98102140427,
        "min": 5.78063440323,
        "var": 0.196496829391
    },
    "spectral_flux": {
        "dmean": 0.0266177449375,
        "dmean2": 0.0403619892895,
        "dvar": 0.00081399094779,
        "dvar2": 0.00155791454017,
        "max": 0.331928372383,
        "mean": 0.101908259094,
        "median": 0.0955822914839,
        "min": 6.3619769175e-11,
        "var": 0.0028265088331
    },
    "spectral_kurtosis": {
        "dmean": 1.03123795986,
        "dmean2": 1.64989972115,
        "dvar": 3.61898565292,
        "dvar2": 10.2785415649,
        "max": 69.6742019653,
        "mean": 3.92983317375,
        "median": 3.44510960579,
        "min": -1.26067066193,
        "var": 14.6208581924
    },
    "spectral_rms": {
        "dmean": 0.000709583691787,
        "dmean2": 0.00102249858901,
        "dvar": 5.78936010243e-07,
        "dvar2": 1.0738230003e-06,
        "max": 0.0115420259535,
        "mean": 0.00574808986858,
        "median": 0.00603890744969,
        "min": 3.13132180775e-12,
        "var": 5.32874173587e-06
    },
    "spectral_rolloff": {
        "dmean": 702.03314209,
        "dmean2": 1119.85083008,
        "dvar": 1127657.75,
        "dvar2": 2218864.75,
        "max": 19379.8828125,
        "mean": 2277.80126953,
        "median": 1787.25585938,
        "min": 64.599609375,
        "var": 6057379.5
    },
    "spectral_skewness": {
        "dmean": 0.154960885644,
        "dmean2": 0.239540860057,
        "dvar": 0.0332893580198,
        "dvar2": 0.0788537487388,
        "max": 6.39258670807,
        "mean": 1.49727809429,
        "median": 1.48557972908,
        "min": -0.125286057591,
        "var": 0.217503800988
    },
    "spectral_spread": {
        "dmean": 596758.4375,
        "dmean2": 877412.6875,
        "dvar": 805088395264,
        "dvar2": 1.52224858112e+12,
        "max": 42571272,
        "mean": 5848718,
        "median": 5391117,
        "min": 929552.125,
        "var": 1.49806068531e+13
    },
    "spectral_strongpeak": {
        "dmean": 0.619087994099,
        "dmean2": 1.05465316772,
        "dvar": 1.63596475124,
        "dvar2": 4.13697719574,
        "max": 14.6460876465,
        "mean": 0.95135229826,
        "median": 0.43382152915,
        "min": 0,
        "var": 2.22031879425
    },
    "zerocrossingrate": {
        "dmean": 0.0151139032096,
        "dmean2": 0.0166602637619,
        "dvar": 0.000327479559928,
        "dvar2": 0.000352914008545,
        "max": 0.751953125,
        "mean": 0.08819706738,
        "median": 0.07861328125,
        "min": 0.00341796875,
        "var": 0.00412052264437
    },
    "barkbands": {
        "dmean": [0.000807882286608, 0.00673001725227, 0.00271899928339, 0.00164138153195, 0.00117000180762, 0.000688046216965, 0.000889070157427, 0.000745643861592, 0.000498546287417, 0.000869788986165, 0.000591951422393, 0.000619292724878, 0.000369520217646, 0.000632236129604, 0.000913758936804, 0.000517463777214, 0.000480050686747, 0.000370197434677, 0.000357749959221, 0.000265147245955, 0.000206226090086, 0.000174229135155, 0.000169891718542, 0.00020575011149, 0.000173321765033, 0.000116932082165, 2.57795945799e-05],
        "dmean2": [0.00110050861258, 0.00895247235894, 0.00444381916896, 0.00297977332957, 0.00201314524747, 0.00110611831769, 0.00144872593228, 0.00116493541282, 0.000813001766801, 0.00133768236265, 0.00092007702915, 0.00097281858325, 0.000585054280236, 0.00103151856456, 0.00145438045729, 0.000844379130285, 0.000775000080466, 0.000607074878644, 0.000588061055169, 0.000434720044723, 0.000332152791088, 0.000267180323135, 0.000252331723459, 0.000304079876514, 0.000254760292592, 0.000177343201358, 4.05684259022e-05],
        "dvar": [1.65327878676e-06, 0.000119925527542, 3.25632063323e-05, 2.34374037973e-05, 6.64029175823e-06, 1.72465922788e-06, 2.754137995e-06, 1.67723806044e-06, 1.18169475627e-06, 2.61661512013e-06, 2.23181564252e-06, 1.5228324628e-06, 8.42030033255e-07, 1.37410461321e-06, 2.73664227279e-06, 1.10655355456e-06, 7.93565561708e-07, 4.13318133496e-07, 2.97843172348e-07, 1.69100971448e-07, 9.50999492488e-08, 9.62949613381e-08, 1.11831091942e-07, 1.65529144169e-07, 8.60973869976e-08, 4.38222471644e-08, 2.30466179474e-09],
        "dvar2": [2.8833842407e-06, 0.000238432214246, 7.94925945229e-05, 6.67037966195e-05, 1.78715199581e-05, 4.17283717979e-06, 6.78261449139e-06, 4.01055694965e-06, 2.75699790109e-06, 5.87758222537e-06, 4.9744203352e-06, 3.39597363563e-06, 1.94901190298e-06, 3.31740920956e-06, 6.42974328002e-06, 2.69584825219e-06, 1.94915332941e-06, 1.00064278286e-06, 7.57300085752e-07, 4.27166185091e-07, 2.2742250394e-07, 2.15669516024e-07, 2.34028462387e-07, 3.33118777007e-07, 1.72785959762e-07, 1.00621427634e-07, 5.50415268918e-09],
        "max": [0.0226984173059, 0.110094204545, 0.0496071055532, 0.0486725494266, 0.038185108453, 0.0265472475439, 0.029830692336, 0.0491619929671, 0.0239201560616, 0.0319918468595, 0.0396567210555, 0.0306002087891, 0.027296833694, 0.0212968476117, 0.0304679907858, 0.019068390131, 0.0202324371785, 0.0149322804064, 0.0100593147799, 0.00971309095621, 0.00442648213357, 0.00957988481969, 0.0124455224723, 0.00925924815238, 0.00795937422663, 0.00273796590045, 0.00069509021705],
        "mean": [0.00173890357837, 0.0140917757526, 0.00376051105559, 0.00139756535646, 0.00162272644229, 0.00120845786296, 0.00133374542929, 0.00130663684104, 0.000734310364351, 0.0014967470197, 0.00096535065677, 0.00104355241638, 0.000570843054447, 0.00101816526148, 0.00151132105384, 0.000774375570472, 0.000816315528937, 0.000676436873619, 0.000639938516542, 0.000493735948112, 0.000419071497163, 0.000360013102181, 0.000357076787623, 0.000431210559327, 0.000340868806234, 0.000185023789527, 3.3826163417e-05],
        "median": [0.000552384648472, 0.00599362980574, 0.00168722262606, 0.000422888435423, 0.000900064129382, 0.000649203953799, 0.000640416052192, 0.000812376965769, 0.000392339803511, 0.000718546216376, 0.000277947488939, 0.000449745130027, 0.000257339677773, 0.000486345787067, 0.000640050973743, 0.00036413653288, 0.000454128894489, 0.000433758075815, 0.000465218210593, 0.000359273835784, 0.000285383779556, 0.000188185164006, 0.000147713755723, 0.000192264909856, 0.000154675304657, 6.91094683134e-05, 8.1445032265e-06],
        "min": [4.51609556211e-25, 3.37220248169e-24, 1.03605786544e-24, 1.07698061655e-24, 8.92021823519e-24, 4.86348209742e-24, 8.45077973226e-24, 4.33050005973e-24, 1.17424186107e-23, 1.61165986876e-23, 1.19381484119e-23, 1.12308888565e-23, 3.50692564592e-23, 4.07510713052e-23, 4.45540277343e-23, 4.69055179631e-23, 4.76758217044e-23, 1.16418325344e-22, 1.45771120186e-22, 1.84217474403e-22, 2.50201334613e-22, 2.62352013986e-22, 3.80208994429e-22, 6.04053186156e-22, 9.15797788279e-22, 1.35261175571e-21, 2.00661314052e-21],
        "var": [9.03023919818e-06, 0.000363644823665, 3.43332940247e-05, 1.44658597492e-05, 6.46041644359e-06, 3.25572568727e-06, 4.14135865867e-06, 3.15614215651e-06, 2.09061408896e-06, 5.61456090509e-06, 5.68756695429e-06, 3.87296404369e-06, 1.4556349015e-06, 2.6088150662e-06, 5.9263456933e-06, 1.81331051863e-06, 1.56294322551e-06, 8.82244023614e-07, 5.17083378782e-07, 2.8590909551e-07, 2.07889101489e-07, 2.42582331111e-07, 3.5798763065e-07, 4.70555960419e-07, 2.47988623414e-07, 7.34112788336e-08, 3.46656992001e-09]
    },
    "erbbands": {
        "dmean": [0.276055067778, 1.3832269907, 3.08177661896, 4.29112052917, 5.23507738113, 3.5548183918, 3.12413835526, 6.37905693054, 12.3859586716, 12.781791687, 18.0538063049, 10.840628624, 26.4816608429, 20.2079524994, 20.232755661, 29.5172615051, 16.2864437103, 33.7010345459, 33.1586456299, 47.8133163452, 26.0760612488, 21.1289653778, 16.6956882477, 21.4344463348, 14.9107656479, 13.3139247894, 9.68248844147, 7.23819541931, 6.34594106674, 5.62357759476, 4.98487520218, 4.13894939423, 3.68986940384, 2.25019741058, 1.14233386517, 0.566903471947, 0.208137303591, 0.0417701490223, 0.00490271206945, 0.000140367250424],
        "dmean2": [0.362248122692, 1.9862087965, 4.7951464653, 7.49794244766, 9.2173614502, 6.2607049942, 5.15570878983, 10.3953304291, 19.9346370697, 20.6196727753, 28.1853961945, 17.7289848328, 40.7492103577, 31.7598228455, 31.1424655914, 46.0930175781, 25.7106704712, 54.6433982849, 53.0109443665, 75.4577255249, 41.508556366, 33.848110199, 27.2197093964, 35.0649108887, 24.4569740295, 21.9336967468, 15.6663227081, 11.5116624832, 9.82468795776, 8.5167131424, 7.46628141403, 6.21753358841, 5.48460769653, 3.35367441177, 1.69551432133, 0.858581483364, 0.318463176489, 0.0645533427596, 0.00767051847652, 0.000214359475649],
        "dvar": [0.212282642722, 6.29870605469, 39.4473571777, 132.366226196, 167.905960083, 79.0375747681, 31.9586143494, 177.644668579, 523.734680176, 777.797973633, 811.981933594, 679.111450195, 3059.0378418, 1692.09448242, 2251.43334961, 3633.18969727, 1670.88647461, 4250.09960938, 5121.05761719, 9425.70605469, 2517.81860352, 1419.99731445, 896.445617676, 1222.85192871, 514.383422852, 430.998931885, 222.529754639, 126.861091614, 128.999343872, 108.841888428, 99.8416671753, 81.9766464233, 50.3995513916, 16.0610694885, 3.77240085602, 1.05324184895, 0.142516955733, 0.00582790141925, 8.31471406855e-05, 6.78377176655e-08],
        "dvar2": [0.376981675625, 12.7569055557, 92.8701019287, 367.980865479, 467.352966309, 218.927246094, 85.0884552002, 434.151123047, 1272.55773926, 1848.29492188, 1918.18005371, 1677.07910156, 6838.47509766, 4031.71801758, 4930.70068359, 8067.08154297, 3826.32983398, 10374.1376953, 12225.1865234, 21734.984375, 5887.01806641, 3412.55517578, 2147.08886719, 3062.98876953, 1307.67321777, 1095.72045898, 539.441772461, 304.20324707, 294.786773682, 221.46546936, 202.090057373, 182.249938965, 100.659934998, 32.7402000427, 7.95808410645, 2.39257836342, 0.328286498785, 0.013958000578, 0.000194948865101, 1.53023435701e-07],
        "max": [4.15951299667, 25.4826927185, 54.9638710022, 124.118347168, 156.586257935, 150.854919434, 80.8508453369, 247.986221313, 436.63269043, 605.055114746, 709.213623047, 730.524047852, 1120.75085449, 1154.94873047, 1333.03649902, 1526.4432373, 1504.11474609, 1154.62548828, 1428.7121582, 2401.32470703, 1185.54125977, 779.526611328, 793.493530273, 784.284606934, 381.677032471, 480.952392578, 297.290344238, 201.049972534, 363.707733154, 298.897155762, 363.107879639, 355.600891113, 162.577651978, 134.543243408, 38.5936927795, 17.6746425629, 6.48665761948, 0.98525339365, 0.138100638986, 0.00386462896131],
        "mean": [0.571166753769, 2.50145769119, 4.55987739563, 4.57341480255, 5.81301641464, 4.54813814163, 4.82219314575, 10.4746274948, 19.6153507233, 19.6570854187, 32.3733215332, 18.1368293762, 46.8476219177, 36.4008255005, 36.0759506226, 50.3318710327, 29.0100460052, 57.25989151, 58.0844535828, 77.5369262695, 47.9391365051, 39.3506393433, 32.3140602112, 38.9062423706, 28.8475074768, 24.8089447021, 19.2055091858, 14.647778511, 12.9925022125, 11.52186203, 10.2805318832, 8.46331977844, 7.35218906403, 4.43373298645, 2.0991961956, 0.918151795864, 0.31745249033, 0.0623071528971, 0.00660325121135, 0.000237796120928],
        "median": [0.237388938665, 0.912684619427, 2.42943811417, 1.79698944092, 2.65976142883, 2.20630598068, 2.85209178925, 5.19878768921, 9.7171869278, 8.73274517059, 20.472360611, 11.5588607788, 21.8403224945, 16.8178405762, 15.7734575272, 22.360206604, 16.2422275543, 28.3353290558, 27.9566802979, 34.131980896, 27.7771530151, 24.0634098053, 22.0468635559, 27.0654296875, 21.6489810944, 18.2771453857, 13.7095804214, 9.45673942566, 6.9251742363, 5.1522769928, 4.09645938873, 3.61441850662, 3.27583265305, 2.02813482285, 0.884360194206, 0.342832624912, 0.117884531617, 0.0216174703091, 0.0017057248624, 0.000106656589196],
        "min": [1.04009335046e-22, 2.89865311415e-22, 2.25982471786e-21, 8.11031849797e-21, 1.57595532747e-20, 1.73582769101e-20, 2.95705889125e-20, 7.1379153429e-20, 1.3644622085e-19, 9.3330762665e-20, 1.42993872387e-19, 2.57804486382e-19, 6.30596900679e-19, 6.92197506185e-19, 9.28413354062e-19, 8.60834145582e-19, 1.74111923647e-18, 2.28446543633e-18, 2.79158153895e-18, 2.22755044711e-18, 3.12112471153e-18, 3.42018048826e-18, 6.3270581833e-18, 7.31446698923e-18, 7.14271947865e-18, 1.05587098835e-17, 9.6691970759e-18, 8.38257801726e-18, 9.17638271928e-18, 1.1857565425e-17, 1.03403830055e-17, 1.04520912656e-17, 9.11899044684e-18, 9.21260578548e-18, 6.15724586176e-18, 4.07656939743e-18, 2.44769009148e-18, 8.53369926228e-19, 2.70744744789e-19, 2.6704576111e-20],
        "var": [0.585115790367, 14.82426548, 47.1413345337, 91.982131958, 123.349098206, 74.2702484131, 39.2732582092, 297.595550537, 857.556945801, 1329.54968262, 1745.07189941, 985.873901367, 6726.83642578, 3988.75634766, 5578.39501953, 9178.27636719, 3024.63232422, 8523.20019531, 9988.39160156, 21018.9335938, 5151.64160156, 3180.26586914, 2039.72351074, 2144.14233398, 1011.06341553, 725.431152344, 442.00289917, 275.699981689, 308.408691406, 319.79876709, 314.002685547, 214.862243652, 135.506652832, 45.4620513916, 9.76814174652, 1.89970099926, 0.226932555437, 0.00884095206857, 0.000128295097966, 1.15169399351e-07]
    },
    "gfcc": {
        "mean": [32.7632904053, 53.5754699707, -109.27872467, 25.1005516052, -48.853679657, 18.9385070801, -31.5950546265, 19.1616172791, -19.0017185211, 9.89800167084, -15.7806539536, 1.13628220558, -11.7820329666],
        "cov": [[24614.6132812, -551.836181641, -1049.22509766, 1133.78808594, -317.861328125, 922.548706055, -423.985351562, 533.388977051, -251.372573853, 380.956604004, -228.860458374, 141.64390564, -164.083938599], [-551.836181641, 1457.45739746, -208.679443359, -110.170692444, 161.096252441, -67.1181182861, 121.552337646, -98.9213485718, 2.78425383568, -68.1225967407, 62.6891593933, -87.9166641235, 34.7429084778], [-1049.22509766, -208.679443359, 741.390197754, 184.893875122, 157.325973511, 77.1938552856, 123.572822571, 37.4313812256, 96.0933685303, 9.65142154694, 22.8070354462, 31.9182300568, -2.81548643112], [1133.78808594, -110.170692444, 184.893875122, 429.702087402, 135.731948853, 163.322067261, 39.4220962524, 79.4888305664, 47.832901001, 44.5594215393, 14.7552776337, 28.0139503479, 15.8150405884], [-317.861328125, 161.096252441, 157.325973511, 135.731948853, 356.69039917, 120.395820618, 129.529342651, 11.8303947449, 60.7987747192, 22.1136436462, 44.1552963257, 2.12161302567, 33.7382698059], [922.548706055, -67.1181182861, 77.1938552856, 163.322067261, 120.395820618, 296.644927979, 114.755111694, 68.5246810913, 33.0457801819, 71.6874237061, 42.5185394287, 35.6068992615, 21.4363574982], [-423.985351562, 121.552337646, 123.572822571, 39.4220962524, 129.529342651, 114.755111694, 225.477142334, 30.1768760681, 51.1765518188, 26.3965854645, 53.0010108948, 17.8419837952, 27.7921123505], [533.388977051, -98.9213485718, 37.4313812256, 79.4888305664, 11.8303947449, 68.5246810913, 30.1768760681, 162.059387207, 61.2338790894, 45.9311141968, 19.7402458191, 37.053024292, 25.581949234], [-251.372573853, 2.78425383568, 96.0933685303, 47.832901001, 60.7987747192, 33.0457801819, 51.1765518188, 61.2338790894, 119.38873291, 41.6839485168, 34.3722991943, 16.0033607483, 27.3523616791], [380.956604004, -68.1225967407, 9.65142154694, 44.5594215393, 22.1136436462, 71.6874237061, 26.3965854645, 45.9311141968, 41.6839485168, 108.973480225, 45.7071456909, 31.9218044281, 12.7138166428], [-228.860458374, 62.6891593933, 22.8070354462, 14.7552776337, 44.1552963257, 42.5185394287, 53.0010108948, 19.7402458191, 34.3722991943, 45.7071456909, 105.072280884, 34.8340148926, 30.3036327362], [141.64390564, -87.9166641235, 31.9182300568, 28.0139503479, 2.12161302567, 35.6068992615, 17.8419837952, 37.053024292, 16.0033607483, 31.9218044281, 34.8340148926, 78.04347229, 28.4133262634], [-164.083938599, 34.7429084778, -2.81548643112, 15.8150405884, 33.7382698059, 21.4363574982, 27.7921123505, 25.581949234, 27.3523616791, 12.7138166428, 30.3036327362, 28.4133262634, 74.854850769]],
        "icov": [[7.98500041128e-05, -4.80254238937e-05, 0.000117837371363, -0.000191409009858, 7.19242016203e-05, -0.000229595651035, 0.000157719157869, -0.000202570852707, 0.000190056482097, -0.00021293995087, 0.000245490373345, -0.000154257912072, 0.000212090162677], [-4.80254238937e-05, 0.00105981144588, 0.000352197006578, 0.000120864322525, -0.000465901190182, 0.000485287426272, -0.000728787970729, 0.000444261997472, -0.000286740076263, 0.000760626222473, -0.00105306145269, 0.0012354872888, -0.000486752513098], [0.000117837371363, 0.000352197006578, 0.00224921223707, -0.000972936453763, -0.000389814144, 4.62328716822e-05, -0.000804767885711, 0.000191116414499, -0.00123628671281, 0.000652751361486, 0.000241032423219, -0.000927083310671, 0.00137612922117], [-0.000191409009858, 0.000120864322525, -0.000972936453763, 0.00412138085812, -0.00114511081483, -0.00113074679393, 0.000844499038067, -0.000582603854127, -0.000425573409302, 0.000396127259592, -0.00018085699412, 0.000254368380411, -0.000592629832681], [7.19242016203e-05, -0.000465901190182, -0.000389814144, -0.00114511081483, 0.00472422176972, -0.00116790039465, -0.00113949156366, 0.000841951812617, -0.00093988829758, -3.31542541971e-05, -6.91209061188e-05, 0.000772156985477, -0.000974363822024], [-0.000229595651035, 0.000485287426272, 4.62328716822e-05, -0.00113074679393, -0.00116790039465, 0.0071125049144, -0.00321644963697, -0.000471591250971, 0.0011820839718, -0.00204348447733, -0.000735979236197, 0.000202757713851, -0.000506819109432], [0.000157719157869, -0.000728787970729, -0.000804767885711, 0.000844499038067, -0.00113949156366, -0.00321644963697, 0.00824815127999, -0.00085422443226, -0.000684180005919, 0.000321009836625, -0.00111645006109, -0.000554658239707, -2.46800573223e-06], [-0.000202570852707, 0.000444261997472, 0.000191116414499, -0.000582603854127, 0.000841951812617, -0.000471591250971, -0.00085422443226, 0.0102554298937, -0.00497123179957, -0.000331405492034, 0.000558097031899, -0.00201585213654, -0.00154002709314], [0.000190056482097, -0.000286740076263, -0.00123628671281, -0.000425573409302, -0.00093988829758, 0.0011820839718, -0.000684180005919, -0.00497123179957, 0.0150958504528, -0.00465281307697, -0.000749382015783, 0.00207416410558, -0.00257859984413], [-0.00021293995087, 0.000760626222473, 0.000652751361486, 0.000396127259592, -3.31542541971e-05, -0.00204348447733, 0.000321009836625, -0.000331405492034, -0.00465281307697, 0.0161200668663, -0.00574365397915, -0.00184439006262, 0.00170280504972], [0.000245490373345, -0.00105306145269, 0.000241032423219, -0.00018085699412, -6.91209061188e-05, -0.000735979236197, -0.00111645006109, 0.000558097031899, -0.000749382015783, -0.00574365397915, 0.0165453478694, -0.00556547101587, -0.00179631786887], [-0.000154257912072, 0.0012354872888, -0.000927083310671, 0.000254368380411, 0.000772156985477, 0.000202757713851, -0.000554658239707, -0.00201585213654, 0.00207416410558, -0.00184439006262, -0.00556547101587, 0.0209842156619, -0.00666814763099], [0.000212090162677, -0.000486752513098, 0.00137612922117, -0.000592629832681, -0.000974363822024, -0.000506819109432, -2.46800573223e-06, -0.00154002709314, -0.00257859984413, 0.00170280504972, -0.00179631786887, -0.00666814763099, 0.019249824807]]
    },
    "melbands": {
        "dmean": [0.00210838788189, 0.0015499512665, 0.000772064668126, 0.000301861640764, 0.000115228831419, 0.000148353225086, 0.000186416684301, 0.000132895322167, 0.00014266638027, 7.08757288521e-05, 0.000133301160531, 8.3727252786e-05, 8.34029560792e-05, 6.81348392391e-05, 5.55756305403e-05, 3.8198344555e-05, 6.96284041624e-05, 5.15151223226e-05, 5.92141150264e-05, 5.28042874066e-05, 3.31332375936e-05, 2.76178125205e-05, 1.73459557118e-05, 1.77824749699e-05, 1.88666781469e-05, 1.40346455737e-05, 8.84095334186e-06, 9.19406102184e-06, 6.95232074577e-06, 5.52699248146e-06, 4.15302565671e-06, 3.73673810827e-06, 3.72275712834e-06, 3.2096331779e-06, 3.18030402013e-06, 2.71230760518e-06, 2.68634653366e-06, 2.82083669845e-06, 2.43474300987e-06, 1.88070771401e-06],
        "dmean2": [0.00275173177943, 0.00227000354789, 0.00134009541944, 0.000525216630194, 0.000192999999854, 0.000239185275859, 0.000300920044538, 0.000214081679587, 0.000223641080083, 0.000115457034553, 0.000205484990147, 0.000132100409246, 0.000129018750158, 0.000106983614387, 8.88840513653e-05, 6.06968897046e-05, 0.000112989378977, 8.26664618216e-05, 9.45928986766e-05, 8.39768108563e-05, 5.25661162101e-05, 4.46713347628e-05, 2.86454742309e-05, 2.91221876978e-05, 3.10626128339e-05, 2.31061894738e-05, 1.47684377225e-05, 1.52159673235e-05, 1.12954749056e-05, 9.02064675756e-06, 6.65727702653e-06, 5.90596891925e-06, 5.76082811676e-06, 4.927205282e-06, 4.83533631268e-06, 4.15430213252e-06, 4.1068074097e-06, 4.28327621194e-06, 3.67819529856e-06, 2.84923180516e-06],
        "dvar": [1.16386308946e-05, 8.36921026348e-06, 4.13597126681e-06, 4.86970918701e-07, 4.86527618193e-08, 8.78605064258e-08, 1.16279913698e-07, 8.23565642349e-08, 5.2258869232e-08, 2.67538204923e-08, 7.5935425059e-08, 3.03032656745e-08, 4.66044234315e-08, 1.89564168807e-08, 1.17745546646e-08, 9.87244064277e-09, 1.78249361937e-08, 1.22625438692e-08, 1.12667892793e-08, 1.09309397089e-08, 4.54310322695e-09, 2.80808287734e-09, 1.32746891257e-09, 9.24684329107e-10, 1.01691466359e-09, 5.11205744402e-10, 1.62664270942e-10, 2.22308477182e-10, 1.28621932549e-10, 7.09750938577e-11, 4.15517655006e-11, 4.60683297066e-11, 4.75952853518e-11, 3.8024149801e-11, 4.32739191703e-11, 3.10786361923e-11, 3.77202227786e-11, 3.15297579712e-11, 2.49186695583e-11, 1.0898201612e-11],
        "dvar2": [2.28838307521e-05, 1.91555282072e-05, 1.14161266538e-05, 1.31594993036e-06, 1.32147178533e-07, 2.11484390888e-07, 2.83171544879e-07, 1.9647491456e-07, 1.24658868117e-07, 6.51995506473e-08, 1.69946574147e-07, 7.08214713541e-08, 1.01502543259e-07, 4.14872118881e-08, 2.82332273116e-08, 2.38606023828e-08, 4.37283560473e-08, 2.94432798142e-08, 2.67025992429e-08, 2.56431924583e-08, 1.06509840947e-08, 6.85272549816e-09, 3.15086068348e-09, 2.26121632529e-09, 2.56906917961e-09, 1.31343091958e-09, 4.16346762622e-10, 5.71399871863e-10, 3.21708049089e-10, 1.74479597437e-10, 1.01554861742e-10, 1.08765441098e-10, 1.09333452014e-10, 8.13154404922e-11, 9.18218973078e-11, 6.92813931225e-11, 8.64645785525e-11, 6.52976700488e-11, 5.3565395175e-11, 2.33605149114e-11],
        "max": [0.0340917855501, 0.0325561203063, 0.0201628413051, 0.0095374295488, 0.00273724505678, 0.00587979936972, 0.00680515728891, 0.00815584789962, 0.0054853851907, 0.00411764951423, 0.00544168706983, 0.0051595759578, 0.00616376614198, 0.00321163795888, 0.0021829130128, 0.00276798033156, 0.00261967186816, 0.0020588603802, 0.00202222703956, 0.00224771187641, 0.00166350265499, 0.00106916215736, 0.0010840727482, 0.000573219847865, 0.000678868032992, 0.000436570437159, 0.000273988640402, 0.000326474575559, 0.000250787532423, 0.000148064122186, 0.000108401291072, 0.000238759268541, 0.000157914444571, 0.000197956862394, 0.000195281972992, 0.000303077278659, 0.000178757982212, 0.000114419846795, 0.000256332277786, 7.01389653841e-05],
        "mean": [0.00446435529739, 0.00270490790717, 0.000859543855768, 0.000377137796022, 0.000169314065715, 0.000252786325291, 0.000298885599477, 0.000209866295336, 0.000249101547524, 0.000111124376417, 0.000232371778111, 0.00014164649474, 0.000138300951221, 0.000116102979518, 8.96114943316e-05, 6.19884667685e-05, 0.000111422988994, 8.37957049953e-05, 9.78459502221e-05, 8.15119710751e-05, 5.53251629754e-05, 4.56673515146e-05, 2.93866924039e-05, 3.11954099743e-05, 3.13118835038e-05, 2.39346354647e-05, 1.63609220181e-05, 1.59380306286e-05, 1.25746373669e-05, 9.94884521788e-06, 7.87981298345e-06, 7.20130583431e-06, 7.02779334461e-06, 6.17144678472e-06, 6.10296547165e-06, 5.23734934177e-06, 5.12133783559e-06, 5.32341255166e-06, 4.56338420918e-06, 3.47598620465e-06],
        "median": [0.00188692263328, 0.00160686881281, 0.000397683732444, 0.000187338882824, 9.64024220593e-05, 0.000125157181174, 0.000151127562276, 0.000103530830529, 0.000155849760631, 6.378172111e-05, 0.000106544917799, 6.02738764428e-05, 4.19996249548e-05, 4.98641711602e-05, 4.37783091911e-05, 2.82661349047e-05, 4.85910422867e-05, 3.51762937498e-05, 4.4712156523e-05, 3.36137745762e-05, 2.73009609373e-05, 2.50860484812e-05, 1.66905847436e-05, 2.02415285457e-05, 1.98613852262e-05, 1.58746515808e-05, 1.24230864458e-05, 1.12387706395e-05, 8.55039706948e-06, 6.37307948637e-06, 4.82439463667e-06, 3.96295308747e-06, 3.16508021569e-06, 2.61367654275e-06, 2.33567288888e-06, 2.10925441024e-06, 2.08813207792e-06, 2.29816373576e-06, 2.02514343073e-06, 1.52825009536e-06],
        "min": [1.03458969669e-24, 8.32641304954e-25, 2.37339295186e-24, 1.61582832811e-24, 8.3055476786e-25, 1.58713735838e-24, 2.14183742706e-24, 9.56647182419e-25, 1.16021895129e-24, 1.46306097648e-24, 2.97097993668e-24, 2.89576185215e-24, 2.10489467643e-24, 1.64948261345e-24, 2.00073821568e-24, 2.22267299009e-24, 3.45997587917e-24, 3.59932342491e-24, 2.79988290887e-24, 3.2191094291e-24, 2.83730587857e-24, 2.76909918977e-24, 4.72935996632e-24, 4.11771232472e-24, 4.85987660866e-24, 3.99234812739e-24, 4.8859591112e-24, 5.7303901396e-24, 3.59258024189e-24, 4.28905725207e-24, 3.94828945697e-24, 4.31763571051e-24, 4.6940272808e-24, 5.86885928872e-24, 5.85508774947e-24, 5.36748651306e-24, 6.00224699032e-24, 5.32964761645e-24, 6.26080364619e-24, 7.04387155135e-24],
        "var": [3.44919353665e-05, 1.40074025694e-05, 2.9069547054e-06, 4.4555483214e-07, 5.38907087844e-08, 1.64808696468e-07, 1.88310792737e-07, 1.3674582533e-07, 1.07234789937e-07, 4.20241654808e-08, 1.66063600204e-07, 6.95958135566e-08, 1.19178174884e-07, 4.93124012735e-08, 2.20223501657e-08, 1.61392463838e-08, 3.4199143073e-08, 2.30930314871e-08, 2.43679227907e-08, 2.20174172227e-08, 8.56976356545e-09, 5.56129320373e-09, 2.82200329771e-09, 1.71701330931e-09, 1.65536007124e-09, 8.91372808898e-10, 2.84411272311e-10, 3.39473532618e-10, 2.21322987715e-10, 1.35061184459e-10, 8.59927198893e-11, 9.53021689343e-11, 1.16535683881e-10, 1.00320564356e-10, 1.14838680232e-10, 9.75311845175e-11, 8.22490964225e-11, 7.73523675668e-11, 5.59792594224e-11, 2.89554751703e-11]
    },
    "mfcc": {
        "mean": [-606.56829834, 92.8629760742, -1.56515276432, 15.0723848343, 7.40292739868, 2.98439836502, 4.2227268219, 4.51190853119, 6.71314191818, 8.33430194855, 3.90875983238, 2.15639543533, 2.4182882309],
        "cov": [[10045.6289062, -347.608062744, 75.7482452393, 390.687438965, 511.46585083, 410.568725586, 291.187286377, 173.990829468, 185.844863892, 226.05128479, 35.8423233032, 68.7101364136, 117.535453796], [-347.608062744, 1300.86755371, -167.006896973, 2.68497014046, -32.5909042358, 14.1902198792, 61.3050117493, -11.8717432022, -1.62883925438, -5.03205823898, 19.5756607056, -4.79609918594, -25.4654941559], [75.7482452393, -167.006896973, 462.970428467, 112.628768921, 58.8961753845, 63.1451568604, 20.6372203827, 73.3165206909, 26.5132598877, 34.6267127991, 35.1819534302, 33.2442092896, 22.6381149292], [390.687438965, 2.68497014046, 112.628768921, 257.912567139, 117.723693848, 65.8298110962, 44.9963111877, 53.6214332581, 46.9076919556, 25.504234314, 15.0208330154, 22.3724021912, 20.6642494202], [511.46585083, -32.5909042358, 58.8961753845, 117.723693848, 235.069595337, 89.0278167725, 55.8401412964, 49.4265670776, 51.5599441528, 44.5777168274, 9.09113121033, 28.375585556, 22.0890464783], [410.568725586, 14.1902198792, 63.1451568604, 65.8298110962, 89.0278167725, 255.044937134, 126.80532074, 64.606880188, 33.2086486816, 57.2232971191, 31.1456184387, 9.5828037262, 25.5958061218], [291.187286377, 61.3050117493, 20.6372203827, 44.9963111877, 55.8401412964, 126.80532074, 168.203903198, 68.2527236938, 36.5033454895, 42.2488212585, 31.7342758179, 19.335855484, 22.9127864838], [173.990829468, -11.8717432022, 73.3165206909, 53.6214332581, 49.4265670776, 64.606880188, 68.2527236938, 125.579071045, 56.5153007507, 40.4871902466, 25.1461811066, 17.6536254883, 18.7748088837], [185.844863892, -1.62883925438, 26.5132598877, 46.9076919556, 51.5599441528, 33.2086486816, 36.5033454895, 56.5153007507, 106.927314758, 50.4525299072, 21.1022491455, 15.7167444229, 18.5529022217], [226.05128479, -5.03205823898, 34.6267127991, 25.504234314, 44.5777168274, 57.2232971191, 42.2488212585, 40.4871902466, 50.4525299072, 102.506637573, 43.5854225159, 15.4921731949, 17.6885318756], [35.8423233032, 19.5756607056, 35.1819534302, 15.0208330154, 9.09113121033, 31.1456184387, 31.7342758179, 25.1461811066, 21.1022491455, 43.5854225159, 84.9220046997, 35.488445282, 9.59712123871], [68.7101364136, -4.79609918594, 33.2442092896, 22.3724021912, 28.375585556, 9.5828037262, 19.335855484, 17.6536254883, 15.7167444229, 15.4921731949, 35.488445282, 78.5865859985, 33.0559501648], [117.535453796, -25.4654941559, 22.6381149292, 20.6642494202, 22.0890464783, 25.5958061218, 22.9127864838, 18.7748088837, 18.5529022217, 17.6885318756, 9.59712123871, 33.0559501648, 76.3902816772]],
