{
"lowlevel": {
    "average_loudness": 0.820639550686,
    "barkbands_crest": {
        "dmean": 2.9114484787,
        "dmean2": 4.76304578781,
        "dvar": 6.85559129715,
        "dvar2": 16.6117095947,
        "max": 25.166223526,
        "mean": 10.5787343979,
        "median": 9.84558010101,
        "min": 2.19877624512,
        "var": 20.231760025
    },
    "barkbands_flatness_db": {
        "dmean": 0.023373445496,
        "dmean2": 0.0368420369923,
        "dvar": 0.000485752883833,
        "dvar2": 0.00116466847248,
        "max": 0.352564781904,
        "mean": 0.110794529319,
        "median": 0.102785587311,
        "min": 0.0163734015077,
        "var": 0.00269238254987
    },
    "barkbands_kurtosis": {
        "dmean": 2.82709670067,
        "dmean2": 4.54947566986,
        "dvar": 31.7609882355,
        "dvar2": 73.6493301392,
        "max": 162.523147583,
        "mean": 3.42460680008,
        "median": 0.999628067017,
        "min": -1.95597219467,
        "var": 71.1648864746
    },
    "barkbands_skewness": {
        "dmean": 0.577285706997,
        "dmean2": 0.902863502502,
        "dvar": 0.408108949661,
        "dvar2": 0.944917619228,
        "max": 10.4070091248,
        "mean": 1.37930476665,
        "median": 1.17383205891,
        "min": -2.39411187172,
        "var": 1.58486521244
    },
    "barkbands_spread": {
        "dmean": 7.84804010391,
        "dmean2": 12.3332214355,
        "dvar": 78.4050140381,
        "dvar2": 183.443405151,
        "max": 123.742752075,
        "mean": 29.2209472656,
        "median": 27.3101196289,
        "min": 0.575217306614,
        "var": 253.949874878
    },
    "dissonance": {
        "dmean": 0.0188241042197,
        "dmean2": 0.031635273248,
        "dvar": 0.0003554787545,
        "dvar2": 0.000953857845161,
        "max": 0.500000119209,
        "mean": 0.464671432972,
        "median": 0.47248762846,
        "min": 0.180701717734,
        "var": 0.000940330792218
    },
    "dynamic_complexity": 4.0869641304,
    "erbbands_crest": {
        "dmean": 2.82900214195,
        "dmean2": 4.57635354996,
        "dvar": 7.51469659805,
        "dvar2": 18.2892131805,
        "max": 31.3298435211,
        "mean": 9.53075504303,
        "median": 8.29385566711,
        "min": 2.313788414,
        "var": 26.4245548248
    },
    "erbbands_flatness_db": {
        "dmean": 0.0187745336443,
        "dmean2": 0.0269681327045,
        "dvar": 0.000340975471772,
        "dvar2": 0.000624070118647,
        "max": 0.390736937523,
        "mean": 0.13774381578,
        "median": 0.127867877483,
        "min": 0.0369759611785,
        "var": 0.00314950896427
    },
    "erbbands_kurtosis": {
        "dmean": 0.843709349632,
        "dmean2": 1.35597157478,
        "dvar": 2.68410658836,
        "dvar2": 6.86706829071,
        "max": 88.4474334717,
        "mean": 0.245700910687,
        "median": -0.372985124588,
        "min": -1.79836320877,
        "var": 5.65397691727
    },
    "erbbands_skewness": {
        "dmean": 0.368045479059,
        "dmean2": 0.56711357832,
        "dvar": 0.12684160471,
        "dvar2": 0.301955968142,
        "max": 7.43578147888,
        "mean": 0.353942751884,
        "median": 0.29950928688,
        "min": -3.45431303978,
        "var": 0.589576423168
    },
    "erbbands_spread": {
        "dmean": 8.94085788727,
        "dmean2": 13.7793579102,
        "dvar": 92.6247787476,
        "dvar2": 215.230194092,
        "max": 175.137634277,
        "mean": 43.631526947,
        "median": 42.1986503601,
        "min": 1.58175134659,
        "var": 428.326385498
    },
    "hfc": {
        "dmean": 7.08503580093,
        "dmean2": 9.99911975861,
        "dvar": 87.0773544312,
        "dvar2": 165.810379028,
        "max": 176.280197144,
        "mean": 24.2854785919,
        "median": 18.988319397,
        "min": 1.04665214314e-16,
        "var": 417.070800781
    },
    "melbands_crest": {
        "dmean": 3.90854454041,
        "dmean2": 6.37326526642,
        "dvar": 12.034901619,
        "dvar2": 30.3053722382,
        "max": 36.2210388184,
        "mean": 15.7496595383,
        "median": 14.9732370377,
        "min": 1.5971198082,
        "var": 40.191822052
    },
    "melbands_flatness_db": {
        "dmean": 0.0283974632621,
        "dmean2": 0.0452865622938,
        "dvar": 0.000751781568397,
        "dvar2": 0.00184138223995,
        "max": 0.445207566023,
        "mean": 0.171153604984,
        "median": 0.163848876953,
        "min": 0.00410313205793,
        "var": 0.00382363656536
    },
    "melbands_kurtosis": {
        "dmean": 8.3233833313,
        "dmean2": 13.5382099152,
        "dvar": 249.676040649,
        "dvar2": 628.118347168,
        "max": 275.307739258,
        "mean": 13.7350378036,
        "median": 6.62411689758,
        "min": -1.75504827499,
        "var": 473.003875732
    },
    "melbands_skewness": {
        "dmean": 0.840493679047,
        "dmean2": 1.33279168606,
        "dvar": 0.972139835358,
        "dvar2": 2.3195078373,
        "max": 13.8666591644,
        "mean": 2.60818791389,
        "median": 2.26521420479,
        "min": -0.767794430256,
        "var": 3.47330188751
    },
    "melbands_spread": {
        "dmean": 9.29616355896,
        "dmean2": 14.8018665314,
        "dvar": 129.594085693,
        "dvar2": 291.606445312,
        "max": 226.894577026,
        "mean": 29.7750339508,
        "median": 26.4782409668,
        "min": 0.707865178585,
        "var": 454.757843018
    },
    "pitch_salience": {
        "dmean": 0.0808261483908,
        "dmean2": 0.131453171372,
        "dvar": 0.00566411530599,
        "dvar2": 0.0146262953058,
        "max": 0.908712506294,
        "mean": 0.533325970173,
        "median": 0.536126852036,
        "min": 0.0810754522681,
        "var": 0.0152242649347
    },
    "silence_rate_20dB": {
        "dmean": 0,
        "dmean2": 0,
        "dvar": 0,
        "dvar2": 0,
        "max": 1,
        "mean": 1,
        "median": 1,
        "min": 1,
        "var": 0
    },
    "silence_rate_30dB": {
        "dmean": 0,
        "dmean2": 0,
        "dvar": 0,
        "dvar2": 0,
        "max": 1,
        "mean": 1,
        "median": 1,
        "min": 1,
        "var": 0
    },
    "silence_rate_60dB": {
        "dmean": 0.0279926341027,
        "dmean2": 0.055992141366,
        "dvar": 0.0272071193904,
        "dvar2": 0.064156897366,
        "max": 1,
        "mean": 0.101522222161,
        "median": 0,
        "min": 0,
        "var": 0.091221600771
    },
    "spectral_centroid": {
        "dmean": 318.835540771,
        "dmean2": 497.235931396,
        "dvar": 127601.203125,
        "dvar2": 297331.59375,
        "max": 11578.0820312,
        "mean": 1795.28173828,
        "median": 1747.49316406,
        "min": 291.143127441,
        "var": 1127240.25
    },
    "spectral_complexity": {
        "dmean": 4.03364038467,
        "dmean2": 6.12303543091,
        "dvar": 20.5751590729,
        "dvar2": 41.183177948,
        "max": 52,
        "mean": 16.7348384857,
        "median": 16,
        "min": 0,
        "var": 93.4810409546
    },
    "spectral_decrease": {
        "dmean": 1.94902605166e-09,
        "dmean2": 3.09261083409e-09,
        "dvar": 7.41389492604e-18,
        "dvar2": 1.93672412485e-17,
        "max": 1.53223784517e-28,
        "mean": -5.71406832961e-09,
        "median": -4.92594853796e-09,
        "min": -2.6777753348e-08,
        "var": 2.0083209082e-17
    },
    "spectral_energy": {
        "dmean": 0.00773116620257,
        "dmean2": 0.0121686132625,
        "dvar": 0.00011118096154,
        "dvar2": 0.00028452850529,
        "max": 0.103902406991,
        "mean": 0.0237689428031,
        "median": 0.0208688471466,
        "min": 9.94612792968e-21,
        "var": 0.000330286595272
    },
    "spectral_energyband_high": {
        "dmean": 0.000508682220243,
        "dmean2": 0.000742263393477,
        "dvar": 6.09200071722e-07,
        "dvar2": 1.20878564758e-06,
        "max": 0.0183799490333,
        "mean": 0.0013099629432,
        "median": 0.000929105211981,
        "min": 6.9110164697e-21,
        "var": 2.1154373826e-06
    },
    "spectral_energyband_low": {
        "dmean": 0.00479537155479,
        "dmean2": 0.00796909537166,
        "dvar": 8.82032545633e-05,
        "dvar2": 0.00024202959321,
        "max": 0.0817793309689,
        "mean": 0.00831898022443,
        "median": 0.00372590380721,
        "min": 2.37179771734e-23,
        "var": 0.000128706495161
    },
    "spectral_energyband_middle_high": {
        "dmean": 0.00232844334096,
        "dmean2": 0.00329558365047,
        "dvar": 1.38625737236e-05,
        "dvar2": 2.81671236735e-05,
        "max": 0.058033823967,
        "mean": 0.00671066669747,
        "median": 0.0033938260749,
        "min": 1.17031789022e-21,
        "var": 7.42841075407e-05
    },
    "spectral_energyband_middle_low": {
        "dmean": 0.00399180175737,
        "dmean2": 0.00628368463367,
        "dvar": 3.75889831048e-05,
        "dvar2": 9.42859769566e-05,
        "max": 0.0706745609641,
        "mean": 0.00838464405388,
        "median": 0.00527626741678,
        "min": 1.63419970742e-22,
        "var": 8.2773178292e-05
    },
    "spectral_entropy": {
        "dmean": 0.170727476478,
        "dmean2": 0.251471012831,
        "dvar": 0.0307124871761,
        "dvar2": 0.062319573015,
        "max": 9.82040405273,
        "mean": 7.78811120987,
        "median": 7.85535049438,
        "min": 5.22751045227,
        "var": 0.264482736588
    },
    "spectral_flux": {
        "dmean": 0.027202218771,
        "dmean2": 0.0413143001497,
        "dvar": 0.000866856367793,
        "dvar2": 0.00170774653088,
        "max": 0.300301849842,
        "mean": 0.0852963924408,
        "median": 0.0774057656527,
        "min": 6.3892953428e-11,
        "var": 0.00263628549874
    },
    "spectral_kurtosis": {
        "dmean": 0.993156313896,
        "dmean2": 1.61934661865,
        "dvar": 3.53422832489,
        "dvar2": 10.09623909,
        "max": 81.3570175171,
        "mean": 3.48456668854,
        "median": 3.01364803314,
        "min": -1.37042891979,
        "var": 12.7899436951
    },
    "spectral_rms": {
        "dmean": 0.000738580769394,
        "dmean2": 0.00111860164907,
        "dvar": 7.12653672963e-07,
        "dvar2": 1.62925709901e-06,
        "max": 0.0100681781769,
        "mean": 0.00438805762678,
        "median": 0.00451218895614,
        "min": 3.11505053523e-12,
        "var": 3.93412437916e-06
    },
    "spectral_rolloff": {
        "dmean": 755.200012207,
        "dmean2": 1268.24169922,
        "dvar": 1483622.875,
        "dvar2": 3215871.25,
        "max": 19358.3496094,
        "mean": 2121.29272461,
        "median": 1593.45703125,
        "min": 64.599609375,
        "var": 5879196.5
    },
    "spectral_skewness": {
        "dmean": 0.161751300097,
        "dmean2": 0.255706995726,
        "dvar": 0.0335014760494,
        "dvar2": 0.0864049196243,
        "max": 6.37650251389,
        "mean": 1.41192924976,
        "median": 1.39269268513,
        "min": -0.179593130946,
        "var": 0.166376173496
    },
    "spectral_spread": {
        "dmean": 653285.1875,
        "dmean2": 964279.4375,
        "dvar": 1.1265680343e+12,
        "dvar2": 2.19195126579e+12,
        "max": 42865792,
        "mean": 5984024,
        "median": 5518258,
        "min": 959572.375,
        "var": 1.37131521475e+13
    },
    "spectral_strongpeak": {
        "dmean": 0.577388942242,
        "dmean2": 0.947312772274,
        "dvar": 0.919225096703,
        "dvar2": 2.28065872192,
        "max": 9.32298564911,
        "mean": 1.14843463898,
        "median": 0.406400978565,
        "min": 0,
        "var": 2.37649607658
    },
    "zerocrossingrate": {
        "dmean": 0.0140113038942,
        "dmean2": 0.0164259523153,
        "dvar": 0.000323811982526,
        "dvar2": 0.000370741763618,
        "max": 0.70751953125,
        "mean": 0.0842613056302,
        "median": 0.0732421875,
        "min": 0.0029296875,
        "var": 0.00360874179751
    },
    "barkbands": {
        "dmean": [0.000358076184057, 0.00349287735298, 0.00177282071672, 0.000995733425952, 0.000857662816998, 0.0010456321761, 0.000826400413644, 0.000540748354979, 0.000963064667303, 0.000965391751379, 0.000723981996998, 0.000606976507697, 0.000267223484116, 0.000297504244372, 0.000293681485346, 0.00027062324807, 0.000205390373594, 0.000248178752372, 0.000244761788053, 0.000208391968044, 0.000138784875162, 7.77841487434e-05, 7.21801043255e-05, 8.46411567181e-05, 8.05504314485e-05, 7.95202649897e-05, 1.72718537215e-05],
        "dmean2": [0.000541967514437, 0.00595854781568, 0.003121196758, 0.00180262164213, 0.00148842390627, 0.00162032514345, 0.00130729307421, 0.000836143677589, 0.00146593851969, 0.00148997397628, 0.00110910844523, 0.000896881741937, 0.00041630215128, 0.000467510632006, 0.000450040854048, 0.000413516740082, 0.000315679586492, 0.000371232745238, 0.00036618069862, 0.000309971306706, 0.000215269086766, 0.00011876168719, 0.00011424234981, 0.000128240950289, 0.000120639924717, 0.000121827426483, 2.59555763478e-05],
        "dvar": [6.67897722906e-07, 5.36552106496e-05, 2.12635313801e-05, 6.85181839799e-06, 4.43810631623e-06, 4.80002745462e-06, 5.12517453899e-06, 2.3386085104e-06, 6.80880657455e-06, 8.37522384245e-06, 4.66200162919e-06, 3.35508548233e-06, 4.51482435437e-07, 5.0064164725e-07, 5.52147866983e-07, 4.1335459855e-07, 2.33937768712e-07, 2.56640078078e-07, 1.45975619148e-07, 1.19598254855e-07, 5.11230240363e-08, 3.98369870425e-08, 1.57511550469e-08, 2.48622811228e-08, 4.5880874211e-08, 4.57176554391e-08, 1.74856584767e-09],
        "dvar2": [1.56973248977e-06, 0.000142262215377, 5.93306722294e-05, 1.96525361389e-05, 1.25666165331e-05, 1.08080594146e-05, 1.25167944134e-05, 5.10979680257e-06, 1.46001730172e-05, 1.82111361937e-05, 1.02892799987e-05, 6.26532164461e-06, 9.24492894683e-07, 1.09266329673e-06, 1.23467475532e-06, 9.18479429401e-07, 5.07719164489e-07, 5.43234023098e-07, 2.96774231856e-07, 2.3991643161e-07, 1.16614621959e-07, 6.51965663678e-08, 3.66105723515e-08, 4.8697881283e-08, 9.02293777472e-08, 1.09445068119e-07, 3.71909814056e-09],
        "max": [0.0131645919755, 0.0689854323864, 0.0510531179607, 0.025278698653, 0.0259873848408, 0.039542093873, 0.0511646717787, 0.038353279233, 0.0670932978392, 0.0627679303288, 0.0455250106752, 0.0400101579726, 0.017380008474, 0.0234210211784, 0.0173433218151, 0.0192945301533, 0.0119746401906, 0.0133638046682, 0.0063095362857, 0.00578102190048, 0.00483211502433, 0.0113815069199, 0.00335264392197, 0.00428329640999, 0.00883436109871, 0.00406108843163, 0.000695394934155],
        "mean": [0.000744371500332, 0.00517484359443, 0.00185949984007, 0.000996622024104, 0.00112974306103, 0.00187670451123, 0.00127328350209, 0.000792224775068, 0.00150000827853, 0.00161035172641, 0.00130924978293, 0.000923895626329, 0.00040048873052, 0.00047453053412, 0.0004445896775, 0.000451975996839, 0.000348122848663, 0.000485948519781, 0.000497253786307, 0.000441505835624, 0.000281613174593, 0.000152142689331, 0.000140772521263, 0.000182406220119, 0.000152325272211, 0.000102697937109, 2.1777674192e-05],
        "median": [4.88486693939e-05, 0.00148451211862, 0.000513442908414, 0.000250670214882, 0.000486385863042, 0.000525076058693, 0.000277624872979, 0.000211646110984, 0.000258618325461, 0.000264437810984, 0.00019651587354, 0.000208191224374, 0.000119400472613, 0.000150432431838, 0.000125005535665, 0.000118345531519, 0.000129678126541, 0.000153915316332, 0.000203537056223, 0.000184827513294, 0.000145796817378, 7.19883100828e-05, 7.7150092693e-05, 0.000108784835902, 7.45722281863e-05, 3.08634917019e-05, 4.15782915297e-06],
        "min": [5.875499624e-25, 3.07485950726e-24, 1.58051082817e-24, 1.26744092553e-24, 9.19741370209e-24, 6.31630513847e-24, 4.14407447845e-24, 5.9087196414e-24, 1.8274283147e-23, 1.59871876338e-23, 1.74335136165e-23, 2.23807648534e-23, 2.17525097176e-23, 3.94497284906e-23, 4.33405829573e-23, 3.16456095968e-23, 6.03259857142e-23, 8.65888944321e-23, 1.02134484042e-22, 1.38625529754e-22, 2.50487545971e-22, 3.3336090554e-22, 4.28442499773e-22, 5.89665322499e-22, 9.40039370301e-22, 1.29542047604e-21, 1.83129164423e-21],
        "var": [2.55885470324e-06, 7.5230593211e-05, 1.58287002705e-05, 4.9070863497e-06, 4.16415650761e-06, 1.34739129862e-05, 1.09373295345e-05, 4.55742701888e-06, 1.75174645847e-05, 2.41420766542e-05, 1.56701244123e-05, 6.96751840223e-06, 9.84807911664e-07, 1.06175423298e-06, 1.05284220808e-06, 1.14177839805e-06, 4.65239082814e-07, 9.32392993036e-07, 4.68082760108e-07, 4.1064899392e-07, 1.46049842442e-07, 1.54120087359e-07, 3.95011952037e-08, 7.38390610877e-08, 1.05927249194e-07, 5.39074420658e-08, 2.72475064733e-09]
    },
    "erbbands": {
        "dmean": [0.135120630264, 0.690374910831, 1.81072592735, 2.76154589653, 3.02237844467, 2.82504200935, 5.04734134674, 9.37494277954, 13.2132492065, 9.90167999268, 12.0236635208, 21.2073688507, 32.820690155, 22.0475158691, 26.2115116119, 20.471075058, 11.7245912552, 14.528503418, 15.0306396484, 14.217912674, 12.0414209366, 11.0090856552, 11.7800731659, 15.285736084, 7.84512901306, 9.31386089325, 7.84097194672, 3.6516931057, 2.92554688454, 2.46757864952, 1.97268664837, 1.79136502743, 1.45992231369, 1.02511358261, 0.542096376419, 0.274457395077, 0.145232364535, 0.0409175418317, 0.00332741159946, 0.000108325999463],
        "dmean2": [0.222016051412, 1.18119490147, 3.17748260498, 4.83239030838, 5.51878833771, 4.86292266846, 8.03351593018, 14.6334228516, 20.4968605042, 15.5874032974, 18.1359825134, 31.9819355011, 49.5101623535, 32.9182395935, 40.8318862915, 30.0888366699, 17.6616687775, 22.6872158051, 22.6342983246, 21.2902374268, 17.8893852234, 16.5877189636, 17.0787620544, 22.5569496155, 11.4391202927, 13.70936203, 11.7522706985, 5.70814752579, 4.5018324852, 3.91364240646, 3.08537554741, 2.77551794052, 2.21693062782, 1.54057955742, 0.808318912983, 0.409373193979, 0.223217979074, 0.0644753277302, 0.00496935239062, 0.000159882329172],
        "dvar": [0.0913729295135, 2.42010402679, 24.7039527893, 45.2493057251, 80.0363464355, 42.7372093201, 125.341995239, 464.477935791, 1322.48962402, 893.338806152, 1003.96557617, 3880.25537109, 9836.328125, 4211.49169922, 6690.13476562, 3490.67333984, 715.749206543, 1045.98132324, 1709.45471191, 856.534057617, 754.152099609, 745.492370605, 659.15435791, 621.378723145, 133.512496948, 276.116027832, 170.257492065, 41.2804870605, 63.7333755493, 30.9103012085, 10.0185070038, 8.72759246826, 9.63405036926, 7.64308738708, 2.03953623772, 0.358164787292, 0.153536319733, 0.0177569705993, 6.34075258859e-05, 6.90917474344e-08],
        "dvar2": [0.239239037037, 6.60629081726, 69.3854141235, 125.582557678, 231.276321411, 119.530799866, 283.580169678, 1040.53088379, 3048.14990234, 2072.63012695, 2178.16601562, 8369.14160156, 21372.5292969, 9158.89160156, 15916.4873047, 7091.64941406, 1432.22229004, 2371.62353516, 3820.4753418, 1792.63830566, 1526.55981445, 1624.76550293, 1405.73852539, 1265.47094727, 267.401916504, 549.217285156, 364.946533203, 91.7024688721, 110.705039978, 68.5082855225, 21.9989910126, 18.003112793, 19.4830799103, 14.5976915359, 4.19603586197, 0.770206332207, 0.371945202351, 0.0449785701931, 0.000131375258206, 1.40475876265e-07],
        "max": [2.78805947304, 14.5318489075, 52.5391464233, 68.4768295288, 118.368965149, 97.0200500488, 371.463989258, 498.607025146, 907.92590332, 711.333557129, 682.326904297, 1923.62036133, 2486.1730957, 1852.88647461, 2149.01953125, 2067.48950195, 616.868652344, 732.587036133, 1049.02185059, 601.51361084, 788.070251465, 807.017883301, 726.46862793, 447.605957031, 219.884719849, 344.065795898, 306.593780518, 207.58883667, 423.076660156, 213.375564575, 86.797492981, 70.9639816284, 87.6856689453, 138.189285278, 41.1915359497, 14.9822015762, 7.33875131607, 2.72624731064, 0.135741978884, 0.00518620293587],
        "mean": [0.222879320383, 0.879904270172, 1.91384124756, 3.18259310722, 3.02046704292, 3.78480195999, 8.74806690216, 16.3746414185, 22.0503101349, 15.3008384705, 19.187297821, 33.5469284058, 57.2288856506, 39.2536888123, 55.2744026184, 34.9766273499, 19.9789733887, 24.4661598206, 23.9093036652, 24.6376781464, 21.3118152618, 20.5158405304, 25.9570560455, 32.245349884, 17.4561729431, 20.3126277924, 17.2504558563, 7.79811763763, 5.69555234909, 4.47588157654, 4.0125246048, 3.68392491341, 3.0506708622, 2.02663469315, 0.921433925629, 0.404150336981, 0.180534407496, 0.0470261871815, 0.00424543535337, 0.000162650394486],
        "median": [0.0449780151248, 0.301523029804, 0.666267454624, 0.957813739777, 0.940814375877, 1.66947424412, 2.90429615974, 4.15764045715, 4.67695951462, 5.19855308533, 5.42578983307, 6.65719604492, 9.14302062988, 9.08635902405, 9.56395816803, 9.76716804504, 7.5172996521, 8.98047733307, 7.9478969574, 8.2576789856, 7.53355693817, 7.96314191818, 9.05510234833, 11.9935665131, 8.80216598511, 8.84671783447, 8.50026702881, 4.44797945023, 2.74098157883, 2.21046829224, 2.22929000854, 2.14231109619, 1.7516541481, 1.03176856041, 0.396051049232, 0.137011528015, 0.0517824590206, 0.0113777117804, 0.000775900785811, 5.86937603657e-05],
        "min": [5.50135060777e-23, 5.55744505523e-22, 2.60920997584e-21, 6.49705377059e-21, 9.69971777222e-21, 1.86821552467e-20, 4.32673201449e-20, 5.68455706794e-20, 1.01743060248e-19, 1.62701618502e-19, 2.56394246835e-19, 2.83315124214e-19, 6.88076337277e-19, 6.10988739355e-19, 7.63693725058e-19, 1.04838742331e-18, 1.18314227953e-18, 2.33139842352e-18, 2.37253990564e-18, 2.6040505951e-18, 3.15287603934e-18, 4.31437431096e-18, 5.34428324317e-18, 5.24849324669e-18, 6.43882310536e-18, 7.26727798965e-18, 9.11700273182e-18, 9.82433314542e-18, 9.43947743927e-18, 1.08601700675e-17, 1.27603941861e-17, 1.09905477941e-17, 9.32504775487e-18, 7.51613444975e-18, 6.65055569957e-18, 4.3338879152e-18, 2.46608121163e-18, 9.80392659971e-19, 2.25931278676e-19, 2.72792695351e-20],
        "var": [0.148061558604, 2.62303042412, 17.6298408508, 36.6933135986, 54.7132110596, 46.2534484863, 280.644470215, 1281.05444336, 3422.76513672, 1653.44970703, 2175.37963867, 9260.55664062, 31136.0878906, 12896.3867188, 27291.5488281, 7846.02197266, 1739.87463379, 2295.33374023, 2857.51855469, 2125.45751953, 1857.94689941, 1538.55932617, 2722.88867188, 2161.58081055, 468.626922607, 910.432312012, 556.005554199, 125.300270081, 223.14239502, 81.1363067627, 28.1766700745, 25.4083080292, 25.8735942841, 18.8228435516, 4.12022733688, 0.62378013134, 0.175178155303, 0.0169040337205, 0.000104296676, 1.19218483974e-07]
    },
    "gfcc": {
        "mean": [-3.57849431038, 53.1379928589, -109.764328003, 24.7216358185, -55.9953460693, 14.4992465973, -32.2822227478, 15.4428281784, -25.0206413269, 6.28077602386, -11.5255317688, 2.7512216568, -8.37145805359],
        "cov": [[20485.7695312, 39.0101356506, -605.67779541, 852.956481934, -192.416244507, 475.430664062, -1.03724050522, 606.890075684, -280.084564209, 276.458740234, -50.9717483521, 55.4294776917, -157.777770996], [39.0101356506, 1147.49853516, -119.984382629, 142.714492798, 111.371238708, -21.4066963196, 60.6922798157, -48.4112205505, -4.8070526123, -70.1431350708, 50.0866470337, -129.024871826, 23.898273468], [-605.67779541, -119.984382629, 1135.11901855, 289.128570557, 176.143768311, 88.8399429321, 19.3582897186, -1.89985573292, 116.02191925, 54.1238288879, -52.7413406372, 41.0684776306, -108.881874084], [852.956481934, 142.714492798, 289.128570557, 493.360992432, 167.509750366, 126.982917786, 52.7800331116, 115.429290771, 47.7717323303, 21.095659256, 6.44419336319, 8.12585353851, -7.10311031342], [-192.416244507, 111.371238708, 176.143768311, 167.509750366, 362.811340332, 173.617446899, 164.523712158, 54.6119155884, 43.4756774902, 0.80103468895, 17.9011478424, -5.68051147461, -1.55569028854], [475.430664062, -21.4066963196, 88.8399429321, 126.982917786, 173.617446899, 377.366760254, 185.572952271, 54.5153541565, 4.55130767822, 40.8323745728, -11.3877134323, 11.1160411835, -23.4921474457], [-1.03724050522, 60.6922798157, 19.3582897186, 52.7800331116, 164.523712158, 185.572952271, 273.148986816, 83.70287323, 25.3200302124, 29.4331054688, 29.4473171234, -19.5075473785, 5.30721521378], [606.890075684, -48.4112205505, -1.89985573292, 115.429290771, 54.6119155884, 54.5153541565, 83.70287323, 196.033752441, 53.2089233398, 36.2400436401, 35.8675346375, 17.829914093, 33.7077598572], [-280.084564209, -4.8070526123, 116.02191925, 47.7717323303, 43.4756774902, 4.55130767822, 25.3200302124, 53.2089233398, 148.763412476, 50.7529296875, 24.1520881653, 37.8111610413, 2.14175081253], [276.458740234, -70.1431350708, 54.1238288879, 21.095659256, 0.80103468895, 40.8323745728, 29.4331054688, 36.2400436401, 50.7529296875, 120.830673218, 55.746723175, 26.7323799133, 4.01439666748], [-50.9717483521, 50.0866470337, -52.7413406372, 6.44419336319, 17.9011478424, -11.3877134323, 29.4473171234, 35.8675346375, 24.1520881653, 55.746723175, 139.662445068, 41.8106079102, 35.5170440674], [55.4294776917, -129.024871826, 41.0684776306, 8.12585353851, -5.68051147461, 11.1160411835, -19.5075473785, 17.829914093, 37.8111610413, 26.7323799133, 41.8106079102, 135.021774292, 21.2272529602], [-157.777770996, 23.898273468, -108.881874084, -7.10311031342, -1.55569028854, -23.4921474457, 5.30721521378, 33.7077598572, 2.14175081253, 4.01439666748, 35.5170440674, 21.2272529602, 119.847099304]],
        "icov": [[7.95575033408e-05, -5.53578720428e-05, 8.29366254038e-05, -0.000126084312797, 5.29248463863e-05, -4.68980033475e-05, 9.59005847108e-05, -0.000315991812386, 0.000330373528413, -0.00034843449248, 0.000208817829844, -0.000166371479281, 0.000233124315855], [-5.53578720428e-05, 0.00137927394826, 0.000160684125149, -0.000617196958046, -0.000118792879221, 0.000130936896312, -0.000378587166779, 0.00123215210624, -0.00096694054082, 0.00134165701456, -0.00136809807736, 0.00159519934095, -0.000448934501037], [8.29366254038e-05, 0.000160684125149, 0.00150618480984, -0.000976838637143, -0.000470477942144, 0.000248142052442, 2.82336059172e-05, 0.000396267132601, -0.000415988120949, -0.000956383242738, 0.000864761124831, -0.00051769829588, 0.00119234656449], [-0.000126084312797, -0.000617196958046, -0.000976838637143, 0.0039118709974, -0.00106605701149, -0.000879557279404, 0.00131123827305, -0.00208241888322, 4.07837251259e-06, 0.000349009293132, -0.000114391375973, 3.44728905475e-05, -0.000341119186487], [5.29248463863e-05, -0.000118792879221, -0.000470477942144, -0.00106605701149, 0.00521669024602, -0.00129753048532, -0.00206909701228, 0.000383099017199, -0.00100772175938, 0.00185371434782, -0.00107739504892, 0.000358647259418, -0.000388315500459], [-4.68980033475e-05, 0.000130936896312, 0.000248142052442, -0.000879557279404, -0.00129753048532, 0.00544254528359, -0.00322424853221, 0.000574886391405, 0.00138130504638, -0.00222300202586, 0.00214965385385, -0.00166448194068, 0.000824072922114], [9.59005847108e-05, -0.000378587166779, 2.82336059172e-05, 0.00131123827305, -0.00206909701228, -0.00322424853221, 0.00816012732685, -0.00307379662991, 7.29710736778e-05, -0.000511639053002, -0.00117563165259, 0.0016857002629, 0.000215075866436], [-0.000315991812386, 0.00123215210624, 0.000396267132601, -0.00208241888322, 0.000383099017199, 0.000574886391405, -0.00307379662991, 0.010139063932, -0.00391024164855, 0.00144496513531, -0.00188173097558, 0.00131006818265, -0.00267591117881], [0.000330373528413, -0.00096694054082, -0.000415988120949, 4.07837251259e-06, -0.00100772175938, 0.00138130504638, 7.29710736778e-05, -0.00391024164855, 0.0117589803413, -0.0057759466581, 0.00255160825327, -0.00373685150407, 0.00149331265129], [-0.00034843449248, 0.00134165701456, -0.000956383242738, 0.000349009293132, 0.00185371434782, -0.00222300202586, -0.000511639053002, 0.00144496513531, -0.0057759466581, 0.0160304810852, -0.00760102691129, 0.00264906114899, -0.00102022534702], [0.000208817829844, -0.00136809807736, 0.000864761124831, -0.000114391375973, -0.00107739504892, 0.00214965385385, -0.00117563165259, -0.00188173097558, 0.00255160825327, -0.00760102691129, 0.0133442403749, -0.00505044218153, -0.000535798724741], [-0.000166371479281, 0.00159519934095, -0.00051769829588, 3.44728905475e-05, 0.000358647259418, -0.00166448194068, 0.0016857002629, 0.00131006818265, -0.00373685150407, 0.00264906114899, -0.00505044218153, 0.0118389120325, -0.00239227549173], [0.000233124315855, -0.000448934501037, 0.00119234656449, -0.000341119186487, -0.000388315500459, 0.000824072922114, 0.000215075866436, -0.00267591117881, 0.00149331265129, -0.00102022534702, -0.000535798724741, -0.00239227549173, 0.0112930051982]]
    },
    "melbands": {
        "dmean": [0.00104935234413, 0.000852108118124, 0.000480580783915, 0.000197661225684, 0.000161666015629, 0.0002159732976, 0.000188657068065, 0.000108173255285, 0.000105327511847, 0.00014312712301, 0.000166153360624, 9.27305227378e-05, 8.61100197653e-05, 7.0768641308e-05, 4.16924740421e-05, 2.52248628385e-05, 2.99407674902e-05, 2.60645629169e-05, 2.21071022679e-05, 2.27069376706e-05, 1.3343747014e-05, 1.28214378492e-05, 1.16283781608e-05, 1.07759833554e-05, 1.43764573295e-05, 7.2417165029e-06, 5.77575929128e-06, 7.2148432082e-06, 6.18775493422e-06, 3.39903976965e-06, 2.09120867112e-06, 1.76829348675e-06, 1.58518844273e-06, 1.43492184179e-06, 1.18856155495e-06, 1.23345307657e-06, 1.13362216325e-06, 1.12803979846e-06, 9.49945501816e-07, 9.29284226459e-07],
        "dmean2": [0.00176298781298, 0.00146056106314, 0.000840886204969, 0.000352292525349, 0.000259768450633, 0.000335165852448, 0.00029372741119, 0.000168704005773, 0.000159189294209, 0.000215648629819, 0.00025185191771, 0.000139843512443, 0.000132815024699, 0.000103587306512, 6.27015542705e-05, 3.9099897549e-05, 4.73338695883e-05, 3.92436522816e-05, 3.36280172633e-05, 3.44828731613e-05, 2.01955735974e-05, 1.97917652258e-05, 1.73554526555e-05, 1.60198742378e-05, 2.14413485082e-05, 1.09710908873e-05, 8.80422339833e-06, 1.06358702396e-05, 9.29656835069e-06, 5.37862933925e-06, 3.30585157826e-06, 2.72781653621e-06, 2.5111139621e-06, 2.33289870266e-06, 1.90080015727e-06, 1.94234030459e-06, 1.78050913746e-06, 1.74523609076e-06, 1.45785509176e-06, 1.41355201322e-06],
        "dvar": [5.00546912008e-06, 4.9719492381e-06, 1.44912030464e-06, 2.88850742436e-07, 1.10918499274e-07, 2.22748582246e-07, 2.52746417573e-07, 1.03749293601e-07, 8.03268704885e-08, 1.78595385592e-07, 2.50080091746e-07, 7.8519768465e-08, 6.849703027e-08, 4.23721964182e-08, 1.31379414015e-08, 4.60966953497e-09, 4.89906915035e-09, 5.50274670275e-09, 3.2235738523e-09, 3.13549253228e-09, 9.37653510391e-10, 1.03017339104e-09, 7.87185594486e-10, 4.91391927149e-10, 5.86033166439e-10, 1.43449127576e-10, 9.51093995227e-11, 1.81013523615e-10, 1.16694973129e-10, 3.36276631541e-11, 1.65260530954e-11, 2.28085744736e-11, 2.35220211364e-11, 1.00043237583e-11, 3.7866420069e-12, 3.58113191878e-12, 3.82147482061e-12, 6.24595774407e-12, 4.15757228991e-12, 8.36339678068e-12],
        "dvar2": [1.30527369038e-05, 1.39040976137e-05, 4.00522867494e-06, 8.29313592021e-07, 2.60901657612e-07, 5.04767569964e-07, 5.98898736826e-07, 2.28666394264e-07, 1.69568423303e-07, 3.84013986832e-07, 5.45472516933e-07, 1.70818609035e-07, 1.58855485211e-07, 8.22514181209e-08, 2.52485889973e-08, 9.07046349141e-09, 1.10787965468e-08, 1.20650271995e-08, 6.92216328702e-09, 6.99453472919e-09, 1.86708271066e-09, 2.28119523271e-09, 1.74519731999e-09, 1.04832420522e-09, 1.22233156929e-09, 2.98639890595e-10, 2.11024253627e-10, 3.78982401017e-10, 2.50134385427e-10, 7.83636142088e-11, 3.50424654572e-11, 3.798883777e-11, 4.99071860227e-11, 2.53473058515e-11, 8.80596377067e-12, 7.91889991081e-12, 8.15514843155e-12, 1.36409989207e-11, 8.66111782988e-12, 1.61348486655e-11],
        "max": [0.0205219425261, 0.0219714306295, 0.0112869404256, 0.00632545910776, 0.0100189559162, 0.0095480484888, 0.0120333405212, 0.00865959469229, 0.00615851348266, 0.0127866780385, 0.0122777242213, 0.0071015493013, 0.00633914163336, 0.00510381022468, 0.00280425022356, 0.00212459289469, 0.00183980481233, 0.00188332598191, 0.00126608822029, 0.00152345444076, 0.000642902741674, 0.000800165522378, 0.000818150001578, 0.000465496676043, 0.000412166467868, 0.000226999836741, 0.000182150746696, 0.000266474846285, 0.00019418480224, 0.000181916679139, 0.000147998754983, 0.000262742076302, 0.000299573264783, 0.000105177838122, 5.22590198671e-05, 3.69646550098e-05, 4.84900338051e-05, 6.9193127274e-05, 8.45467366162e-05, 0.000160829600645],
        "mean": [0.00169688276947, 0.00105824798811, 0.000552801182494, 0.000227092968998, 0.000281258340692, 0.000386827683542, 0.000312177580781, 0.000161862670211, 0.000166115583852, 0.000223506009206, 0.000285619404167, 0.000152120628627, 0.000172433545231, 0.000120472264825, 6.60891091684e-05, 3.86825522583e-05, 4.73335421702e-05, 3.74644587282e-05, 3.35559452651e-05, 3.80189230782e-05, 2.08975088754e-05, 2.10428934224e-05, 2.29368433793e-05, 2.13786552195e-05, 2.80001477222e-05, 1.36756525535e-05, 1.12598527267e-05, 1.43995630424e-05, 1.23971694848e-05, 6.64812978357e-06, 3.84782151741e-06, 3.26797021444e-06, 2.71090948445e-06, 2.40100757765e-06, 2.24846235142e-06, 2.38181746681e-06, 2.18158243115e-06, 2.18012360165e-06, 1.89055674582e-06, 1.68306200976e-06],
        "median": [0.000415255839471, 0.000478844856843, 0.000182562769623, 8.75115001691e-05, 0.000104789622128, 0.000103001060779, 6.97488867445e-05, 4.85420023324e-05, 3.8524154661e-05, 3.70130655938e-05, 3.97935218643e-05, 2.96236248687e-05, 2.73912100965e-05, 2.47780371865e-05, 1.81597552e-05, 1.11324661702e-05, 1.48545277625e-05, 1.09067968879e-05, 9.85163296718e-06, 9.3558755907e-06, 7.04358262738e-06, 7.60210195949e-06, 7.16827480574e-06, 7.23601078789e-06, 9.65313211054e-06, 6.15415956418e-06, 5.26884377905e-06, 5.64722495255e-06, 5.3655485317e-06, 3.19255423165e-06, 1.92132301891e-06, 1.47748630752e-06, 1.21519292406e-06, 1.16276873996e-06, 1.18867910714e-06, 1.35108075483e-06, 1.21665266306e-06, 1.20042955132e-06, 1.03068566659e-06, 7.80213724738e-07],
        "min": [8.6183152503e-25, 1.20942533355e-24, 1.01013451559e-24, 1.09025763862e-24, 1.93423546643e-24, 1.61291190935e-24, 1.38266638669e-24, 2.00415891378e-24, 2.21934123606e-24, 2.11760993094e-24, 2.96432806431e-24, 2.03650970507e-24, 2.4046551151e-24, 2.25738937802e-24, 2.71979518598e-24, 2.07417110797e-24, 3.87188946159e-24, 2.73059212797e-24, 3.28444308649e-24, 2.48145841562e-24, 4.14451505727e-24, 4.07426265492e-24, 3.3691330239e-24, 4.24560600455e-24, 3.5877141534e-24, 4.30174134657e-24, 4.01012234687e-24, 4.37332140181e-24, 4.2395333533e-24, 4.38084871257e-24, 4.80130289758e-24, 5.01483452842e-24, 5.27992137486e-24, 4.51300697445e-24, 6.40684112684e-24, 4.88881399881e-24, 7.08416577753e-24, 6.80777415989e-24, 5.50932291496e-24, 6.21837989e-24],
        "var": [7.97330449132e-06, 3.96943414671e-06, 1.14523993489e-06, 2.21519698584e-07, 2.40488503778e-07, 6.45893919682e-07, 6.36999232029e-07, 2.11224147506e-07, 1.93503595369e-07, 4.52185133781e-07, 7.92383843873e-07, 2.10534295775e-07, 2.51868101486e-07, 1.16961118124e-07, 2.98115843123e-08, 1.16741531997e-08, 1.04613633312e-08, 8.59243254325e-09, 6.45678222e-09, 8.52147330477e-09, 1.88919213606e-09, 1.94869209658e-09, 2.67410293908e-09, 1.52511681062e-09, 1.82313319996e-09, 3.8481123843e-10, 2.53296578157e-10, 5.27026144947e-10, 3.38394173793e-10, 9.51144232819e-11, 4.51258856671e-11, 8.10768605031e-11, 5.62694613127e-11, 1.98398936169e-11, 9.35891295017e-12, 9.86176938722e-12, 1.0061732697e-11, 1.42549860804e-11, 1.04711664686e-11, 1.79989339405e-11]
    },
    "mfcc": {
        "mean": [-645.203369141, 90.467880249, 1.9885892868, 15.4285135269, 2.55081939697, -0.691934108734, 7.55801534653, 2.58858966827, 0.591942310333, 3.64667320251, -2.25098657608, 1.86452686787, 0.33467644453],
        "cov": [[9114.4140625, 240.27355957, 10.3486185074, 524.815368652, 226.665603638, 117.925682068, 507.723449707, 262.012817383, 184.191452026, 283.415466309, 67.658493042, 187.764846802, 46.058013916], [240.27355957, 808.327880859, -10.1966600418, 82.9698867798, 36.0300636292, 48.4718093872, 63.3226699829, -5.62673091888, -13.9519109726, 31.7678527832, 2.04502987862, -11.7642850876, -26.7094497681], [10.3486185074, -10.1966600418, 723.103393555, 204.595916748, 154.133071899, 134.824417114, -58.9885482788, 35.6081542969, 33.9553146362, 2.38661170006, 107.750541687, 27.7023925781, -5.02626371384], [524.815368652, 82.9698867798, 204.595916748, 372.169525146, 169.657363892, 11.0032978058, 46.9589614868, 58.4046974182, 54.2039337158, 36.1629676819, 23.5168094635, 63.9344367981, -2.97631144524], [226.665603638, 36.0300636292, 154.133071899, 169.657363892, 248.136917114, 89.4987564087, 49.1499977112, 71.1111984253, 59.8694419861, 13.9614877701, 25.8277950287, 48.2755355835, 19.746547699], [117.925682068, 48.4718093872, 134.824417114, 11.0032978058, 89.4987564087, 324.77633667, 122.499786377, 96.0940322876, 65.9518814087, 25.8275146484, 73.2475357056, 15.9191637039, 21.2609043121], [507.723449707, 63.3226699829, -58.9885482788, 46.9589614868, 49.1499977112, 122.499786377, 298.940246582, 91.4993057251, 66.2820358276, 90.1153869629, 4.85741996765, 27.1655502319, 19.4109992981], [262.012817383, -5.62673091888, 35.6081542969, 58.4046974182, 71.1111984253, 96.0940322876, 91.4993057251, 181.637481689, 84.2155456543, 22.227722168, 37.4904823303, 43.2730369568, 21.0495510101], [184.191452026, -13.9519109726, 33.9553146362, 54.2039337158, 59.8694419861, 65.9518814087, 66.2820358276, 84.2155456543, 152.60043335, 54.4785766602, 18.5032234192, 26.8113098145, 10.690782547], [283.415466309, 31.7678527832, 2.38661170006, 36.1629676819, 13.9614877701, 25.8275146484, 90.1153869629, 22.227722168, 54.4785766602, 142.820083618, 32.9346961975, 8.618516922, 8.82280445099], [67.658493042, 2.04502987862, 107.750541687, 23.5168094635, 25.8277950287, 73.2475357056, 4.85741996765, 37.4904823303, 18.5032234192, 32.9346961975, 113.150512695, 46.7164993286, 18.2206478119], [187.764846802, -11.7642850876, 27.7023925781, 63.9344367981, 48.2755355835, 15.9191637039, 27.1655502319, 43.2730369568, 26.8113098145, 8.618516922, 46.7164993286, 121.07183075, 50.0114707947], [46.058013916, -26.7094497681, -5.02626371384, -2.97631144524, 19.746547699, 21.2609043121, 19.4109992981, 21.0495510101, 10.690782547, 8.82280445099, 18.2206478119, 50.0114707947, 97.3777618408]],
