{
"lowlevel": {
    "average_loudness": 0.870298504829,
    "barkbands_crest": {
        "dmean": 2.21724414825,
        "dmean2": 3.44166493416,
        "dvar": 5.26463365555,
        "dvar2": 11.6103553772,
        "max": 26.6162872314,
        "mean": 10.9530887604,
        "median": 9.65225982666,
        "min": 2.49859690666,
        "var": 25.5603752136
    },
    "barkbands_flatness_db": {
        "dmean": 0.0193178262562,
        "dmean2": 0.028310501948,
        "dvar": 0.00053076056065,
        "dvar2": 0.00104395346716,
        "max": 0.609968423843,
        "mean": 0.155864477158,
        "median": 0.123737245798,
        "min": 0.018541585654,
        "var": 0.00887868739665
    },
    "barkbands_kurtosis": {
        "dmean": 4.88372850418,
        "dmean2": 7.91775178909,
        "dvar": 798.264770508,
        "dvar2": 2386.66601562,
        "max": 1448.01525879,
        "mean": 8.52874565125,
        "median": 2.11375427246,
        "min": -1.90956914425,
        "var": 1526.71850586
    },
    "barkbands_skewness": {
        "dmean": 0.466189801693,
        "dmean2": 0.707287073135,
        "dvar": 0.584217369556,
        "dvar2": 1.52046048641,
        "max": 32.1780509949,
        "mean": 1.34139192104,
        "median": 1.17306900024,
        "min": -3.3969848156,
        "var": 3.14206719398
    },
    "barkbands_spread": {
        "dmean": 4.68387794495,
        "dmean2": 7.05894327164,
        "dvar": 54.9876594543,
        "dvar2": 109.525772095,
        "max": 108.623023987,
        "mean": 20.6654701233,
        "median": 18.1051254272,
        "min": 0.0814234018326,
        "var": 223.744796753
    },
    "dissonance": {
        "dmean": 0.0268283244222,
        "dmean2": 0.0450630709529,
        "dvar": 0.00102647428866,
        "dvar2": 0.00284459511749,
        "max": 0.500000119209,
        "mean": 0.434262365103,
        "median": 0.454185396433,
        "min": 0.090003632009,
        "var": 0.00372369890101
    },
    "dynamic_complexity": 4.00504922867,
    "erbbands_crest": {
        "dmean": 2.43184280396,
        "dmean2": 3.85382819176,
        "dvar": 5.84194993973,
        "dvar2": 13.7559185028,
        "max": 33.1202964783,
        "mean": 11.2801294327,
        "median": 9.79823875427,
        "min": 2.44913625717,
        "var": 39.1481323242
    },
    "erbbands_flatness_db": {
        "dmean": 0.0171825625002,
        "dmean2": 0.0245525725186,
        "dvar": 0.000420258729719,
        "dvar2": 0.000810764555354,
        "max": 0.576522231102,
        "mean": 0.178731128573,
        "median": 0.157320082188,
        "min": 0.0472970381379,
        "var": 0.00733845867217
    },
    "erbbands_kurtosis": {
        "dmean": 2.64160871506,
        "dmean2": 4.2273273468,
        "dvar": 147.888031006,
        "dvar2": 421.199859619,
        "max": 451.978240967,
        "mean": 5.2674612999,
        "median": 0.800638198853,
        "min": -1.88460969925,
        "var": 472.47555542
    },
    "erbbands_skewness": {
        "dmean": 0.366050779819,
        "dmean2": 0.560182154179,
        "dvar": 0.234740331769,
        "dvar2": 0.595635533333,
        "max": 16.3312358856,
        "mean": 0.898935854435,
        "median": 0.673102259636,
        "min": -2.1368598938,
        "var": 2.19945430756
    },
    "erbbands_spread": {
        "dmean": 6.51568222046,
        "dmean2": 9.65921020508,
        "dvar": 101.61631012,
        "dvar2": 201.90612793,
        "max": 150.717407227,
        "mean": 30.0167427063,
        "median": 26.1745376587,
        "min": 0.352345496416,
        "var": 418.442840576
    },
    "hfc": {
        "dmean": 5.04079294205,
        "dmean2": 7.17552614212,
        "dvar": 54.8237495422,
        "dvar2": 105.507209778,
        "max": 116.908996582,
        "mean": 22.6376838684,
        "median": 16.0850143433,
        "min": 1.05474144014e-16,
        "var": 416.03805542
    },
    "melbands_crest": {
        "dmean": 2.60760998726,
        "dmean2": 3.99704051018,
        "dvar": 7.4675283432,
        "dvar2": 17.135925293,
        "max": 35.5957107544,
        "mean": 13.9433269501,
        "median": 12.6603679657,
        "min": 1.55489075184,
        "var": 40.9391937256
    },
    "melbands_flatness_db": {
        "dmean": 0.0223540570587,
        "dmean2": 0.0320518277586,
        "dvar": 0.000789356708992,
        "dvar2": 0.00150930206291,
        "max": 0.693675816059,
        "mean": 0.227244868875,
        "median": 0.196760252118,
        "min": 0.00261347135529,
        "var": 0.0135051179677
    },
    "melbands_kurtosis": {
        "dmean": 5.76471090317,
        "dmean2": 9.06789493561,
        "dvar": 382.020019531,
        "dvar2": 1057.66430664,
        "max": 834.674133301,
        "mean": 12.1036834717,
        "median": 4.66606903076,
        "min": -1.57280218601,
        "var": 1366.78417969
    },
    "melbands_skewness": {
        "dmean": 0.542014539242,
        "dmean2": 0.811818540096,
        "dvar": 0.456056654453,
        "dvar2": 1.02159070969,
        "max": 21.6427383423,
        "mean": 1.9067722559,
        "median": 1.63486218452,
        "min": -3.20523810387,
        "var": 2.90844106674
    },
    "melbands_spread": {
        "dmean": 5.01456689835,
        "dmean2": 7.64232063293,
        "dvar": 62.0732803345,
        "dvar2": 122.529960632,
        "max": 169.322540283,
        "mean": 26.1772499084,
        "median": 19.2126274109,
        "min": 0.189964100718,
        "var": 744.56652832
    },
    "pitch_salience": {
        "dmean": 0.0551278106868,
        "dmean2": 0.086502596736,
        "dvar": 0.00314740673639,
        "dvar2": 0.00714768655598,
        "max": 0.868404150009,
        "mean": 0.52240896225,
        "median": 0.530072391033,
        "min": 0.028422607109,
        "var": 0.0186839997768
    },
    "silence_rate_20dB": {
        "dmean": 0,
        "dmean2": 0,
        "dvar": 0,
        "dvar2": 0,
        "max": 1,
        "mean": 1,
        "median": 1,
        "min": 1,
        "var": 0
    },
    "silence_rate_30dB": {
        "dmean": 0.0144001618028,
        "dmean2": 0.0288032460958,
        "dvar": 0.0141930850223,
        "dvar2": 0.0330423302948,
        "max": 1,
        "mean": 0.985499918461,
        "median": 1,
        "min": 0,
        "var": 0.014291475527
    },
    "silence_rate_60dB": {
        "dmean": 0.00973532069474,
        "dmean2": 0.0194726157933,
        "dvar": 0.00964079145342,
        "dvar2": 0.0219350103289,
        "max": 1,
        "mean": 0.0922733694315,
        "median": 0,
        "min": 0,
        "var": 0.0837595462799
    },
    "spectral_centroid": {
        "dmean": 176.261047363,
        "dmean2": 270.34552002,
        "dvar": 78237.671875,
        "dvar2": 150401.375,
        "max": 11998.3945312,
        "mean": 1485.6192627,
        "median": 1087.92431641,
        "min": 178.25617981,
        "var": 3871326
    },
    "spectral_complexity": {
        "dmean": 2.24318027496,
        "dmean2": 3.63367128372,
        "dvar": 6.26868963242,
        "dvar2": 14.385008812,
        "max": 51,
        "mean": 17.0328540802,
        "median": 18,
        "min": 0,
        "var": 74.7160339355
    },
    "spectral_decrease": {
        "dmean": 1.77507020194e-09,
        "dmean2": 2.55238385982e-09,
        "dvar": 1.00433986958e-17,
        "dvar2": 1.80448127139e-17,
        "max": 2.07173560046e-28,
        "mean": -6.8573253742e-09,
        "median": -5.88813531266e-09,
        "min": -5.53653691782e-08,
        "var": 3.59993502446e-17
    },
    "spectral_energy": {
        "dmean": 0.00697812391445,
        "dmean2": 0.0100343488157,
        "dvar": 0.000146590798977,
        "dvar2": 0.000262888992438,
        "max": 0.210294321179,
        "mean": 0.0279344487935,
        "median": 0.0239668078721,
        "min": 9.90963747088e-21,
        "var": 0.000559717882425
    },
    "spectral_energyband_high": {
        "dmean": 0.000319781742292,
        "dmean2": 0.00044598520617,
        "dvar": 4.15940917264e-07,
        "dvar2": 7.57175826038e-07,
        "max": 0.00912220589817,
        "mean": 0.000865590583999,
        "median": 0.000338885933161,
        "min": 6.88256598027e-21,
        "var": 1.54144549924e-06
    },
    "spectral_energyband_low": {
        "dmean": 0.00427931081504,
        "dmean2": 0.00616197567433,
        "dvar": 0.000136148650199,
        "dvar2": 0.000236782216234,
        "max": 0.205618992448,
        "mean": 0.00982358772308,
        "median": 0.0053576878272,
        "min": 9.90243368144e-24,
        "var": 0.000331208022544
    },
    "spectral_energyband_middle_high": {
        "dmean": 0.00199663592502,
        "dmean2": 0.00298341060989,
        "dvar": 1.22050578284e-05,
        "dvar2": 2.52204408753e-05,
        "max": 0.0634202212095,
        "mean": 0.00738192489371,
        "median": 0.00363035453483,
        "min": 1.08811186912e-21,
        "var": 9.71865665633e-05
    },
    "spectral_energyband_middle_low": {
        "dmean": 0.00342838582583,
        "dmean2": 0.00527486298233,
        "dvar": 3.07553782477e-05,
        "dvar2": 7.10224485374e-05,
        "max": 0.0912518873811,
        "mean": 0.0105285672471,
        "median": 0.00891450233757,
        "min": 1.15915865124e-22,
        "var": 7.31072359486e-05
    },
    "spectral_entropy": {
        "dmean": 0.163699045777,
        "dmean2": 0.236878231168,
        "dvar": 0.0539116971195,
        "dvar2": 0.105369374156,
        "max": 9.83131217957,
        "mean": 7.28572273254,
        "median": 7.43528270721,
        "min": 3.01788687706,
        "var": 0.946780025959
    },
    "spectral_flux": {
        "dmean": 0.0201670955867,
        "dmean2": 0.0315398015082,
        "dvar": 0.000678421813063,
        "dvar2": 0.00158108596224,
        "max": 0.357717812061,
        "mean": 0.068875901401,
        "median": 0.0629913657904,
        "min": 6.29316945777e-11,
        "var": 0.00230957637541
    },
    "spectral_kurtosis": {
        "dmean": 4.38145494461,
        "dmean2": 7.07033491135,
        "dvar": 133.365478516,
        "dvar2": 337.579162598,
        "max": 286.719451904,
        "mean": 14.4000062943,
        "median": 5.03296470642,
        "min": -1.30070793629,
        "var": 977.994628906
    },
    "spectral_rms": {
        "dmean": 0.000566640170291,
        "dmean2": 0.000811090110801,
        "dvar": 5.55647602596e-07,
        "dvar2": 9.87331645774e-07,
        "max": 0.0143235884607,
        "mean": 0.00472711957991,
        "median": 0.00483551993966,
        "min": 3.10933093509e-12,
        "var": 4.90739967063e-06
    },
    "spectral_rolloff": {
        "dmean": 387.215332031,
        "dmean2": 651.108154297,
        "dvar": 1143133.75,
        "dvar2": 2466954.75,
        "max": 20025.8789062,
        "mean": 2008.60961914,
        "median": 925.927734375,
        "min": 64.599609375,
        "var": 13576677
    },
    "spectral_skewness": {
        "dmean": 0.353481799364,
        "dmean2": 0.55715495348,
        "dvar": 0.395723313093,
        "dvar2": 0.970489084721,
        "max": 14.8729000092,
        "mean": 2.36381530762,
        "median": 1.85547089577,
        "min": -0.114053867757,
        "var": 3.5523276329
    },
    "spectral_spread": {
        "dmean": 696030.125,
        "dmean2": 990529.4375,
        "dvar": 1.53915713126e+12,
        "dvar2": 2.9684465664e+12,
        "max": 43066732,
        "mean": 6174186.5,
        "median": 4714888,
        "min": 331090.28125,
        "var": 5.16781244416e+13
    },
    "spectral_strongpeak": {
        "dmean": 0.597226142883,
        "dmean2": 0.998815953732,
        "dvar": 1.2586029768,
        "dvar2": 3.00765562057,
        "max": 14.2255506516,
        "mean": 1.45768177509,
        "median": 0.591940999031,
        "min": 0,
        "var": 4.09172010422
    },
    "zerocrossingrate": {
        "dmean": 0.0105528365821,
        "dmean2": 0.0121533498168,
        "dvar": 0.000279897736618,
        "dvar2": 0.000301214167848,
        "max": 0.82470703125,
        "mean": 0.0772992968559,
        "median": 0.05224609375,
        "min": 0.00244140625,
        "var": 0.009311969392
    },
    "barkbands": {
        "dmean": [0.000167068690644, 0.00352473300882, 0.00107183970977, 0.00089547841344, 0.000789019977674, 0.00116809317842, 0.000794276827946, 0.000504570605699, 0.00101693975739, 0.00106655422132, 0.000570395030081, 0.000484062009491, 0.000304251618218, 0.000238741238718, 0.000205355361686, 0.000255964376265, 0.00018981230096, 8.2593265688e-05, 8.91128875082e-05, 0.000109731394332, 5.59252548555e-05, 4.48584978585e-05, 6.49946960039e-05, 9.69575630734e-05, 5.72377721255e-05, 3.97361691284e-05, 2.52687950706e-05],
        "dmean2": [0.000216527056182, 0.00508170947433, 0.00185636070091, 0.00147454452235, 0.00127441261429, 0.0017763224896, 0.00127355463337, 0.000775268184952, 0.00157586508431, 0.00154279172421, 0.000892382173333, 0.000765002507251, 0.000473516265629, 0.000379795441404, 0.000329465052346, 0.000390143104596, 0.000304438988678, 0.000132070214022, 0.000141525510116, 0.000172435902641, 8.70896910783e-05, 6.69835062581e-05, 9.53835697146e-05, 0.000143692188431, 8.47069895826e-05, 5.7435445342e-05, 3.25516848534e-05],
        "dvar": [2.96265312727e-07, 0.000137617927976, 1.12327907118e-05, 1.33027597258e-05, 2.43193358074e-06, 4.66664687337e-06, 2.73564137387e-06, 1.19737217119e-06, 4.76034892927e-06, 8.47522915137e-06, 2.28373664868e-06, 1.49359357238e-06, 8.42569761517e-07, 3.8109985212e-07, 4.01020599838e-07, 7.44762758131e-07, 4.83668486595e-07, 3.62706913393e-08, 5.17151619306e-08, 5.28958352675e-08, 1.51370649348e-08, 1.20097691791e-08, 2.2633210861e-08, 4.05363245193e-08, 2.39132980084e-08, 1.19112311125e-08, 6.61371046817e-09],
        "dvar2": [4.21706346287e-07, 0.000246545125265, 3.21700172208e-05, 3.34131073032e-05, 6.45512272968e-06, 1.10336104626e-05, 6.88596492182e-06, 2.76301875601e-06, 1.0672721146e-05, 1.64877601492e-05, 5.23676771991e-06, 3.48757816937e-06, 2.00535919248e-06, 8.71672284575e-07, 9.5068378414e-07, 1.61992079484e-06, 1.17024558222e-06, 8.15735816673e-08, 1.28016708345e-07, 1.20484088484e-07, 3.47302204773e-08, 2.60013983677e-08, 4.39580816192e-08, 8.17998255798e-08, 5.27750039225e-08, 2.70910547329e-08, 1.11694031801e-08],
        "max": [0.0178443938494, 0.197903856635, 0.055103495717, 0.0696574747562, 0.0270124506205, 0.0465488471091, 0.0294724218547, 0.0332460589707, 0.0500886030495, 0.0603680610657, 0.0557826198637, 0.033144980669, 0.0285461638123, 0.0167163275182, 0.0191309228539, 0.0299076512456, 0.0218638274819, 0.00535939168185, 0.00932482630014, 0.00544326053932, 0.00297690718435, 0.00229210569523, 0.00333346310072, 0.00352325686254, 0.00366527005099, 0.00284630339593, 0.00138491089456],
        "mean": [0.000278397201328, 0.0071574319154, 0.00184872478712, 0.00107428885531, 0.00193449656945, 0.00253568706103, 0.00150157930329, 0.00116037868429, 0.00206349464133, 0.00265186047181, 0.00109007454012, 0.000821250781883, 0.000521617766935, 0.000424018478952, 0.000369413464796, 0.000605463865213, 0.000503180839587, 0.000184890872333, 0.000178751579369, 0.000258454121649, 0.000112776753667, 8.62843735376e-05, 0.000135176713229, 0.000216583022848, 0.000109691020043, 7.06614519004e-05, 3.97987168981e-05],
        "median": [2.2381223971e-05, 0.00289198779501, 0.000801363261417, 0.000359415542334, 0.00123406050261, 0.00137155060656, 0.000719758623745, 0.000574618345127, 0.000657770666294, 0.000376504671294, 0.000306893052766, 0.00038211105857, 0.000212687766179, 0.000189335667528, 0.00013335456606, 0.000122639816254, 9.21892642509e-05, 9.39569872571e-05, 0.000101744102722, 8.94473414519e-05, 3.83337610401e-05, 2.14743722609e-05, 3.32018680638e-05, 6.37165867374e-05, 2.68023432e-05, 1.49801744556e-05, 7.54160566885e-07],
        "min": [6.73566665252e-26, 2.76567553344e-24, 5.70781540568e-25, 2.85009084865e-25, 4.95658622247e-24, 4.15243916506e-24, 6.67602807783e-24, 6.20207334622e-24, 1.24928525235e-23, 8.28290224302e-24, 7.89162802289e-24, 1.4738635391e-23, 3.25091282981e-23, 3.39178666363e-23, 2.07950282162e-23, 4.70117869934e-23, 5.17697731443e-23, 8.42237001117e-23, 1.00050370329e-22, 1.22185794707e-22, 2.23736023119e-22, 2.74521726994e-22, 3.51850946877e-22, 4.7551399407e-22, 7.93100761218e-22, 1.20160262436e-21, 1.74648462881e-21],
        "var": [8.955801718e-07, 0.000271874567261, 1.05187109511e-05, 1.19785145216e-05, 5.00597479913e-06, 1.20480017358e-05, 4.97583550896e-06, 3.67414941138e-06, 1.72640284291e-05, 4.88909245178e-05, 1.03109578049e-05, 2.76016294265e-06, 1.47818684582e-06, 8.75019281921e-07, 8.13065014427e-07, 3.65576420336e-06, 3.40285623679e-06, 1.13782199662e-07, 8.43007299522e-08, 1.84510597023e-07, 3.78296221015e-08, 2.95249247273e-08, 6.83089140807e-08, 1.25584264765e-07, 5.01066494962e-08, 2.09817940799e-08, 1.69592642152e-08]
    },
    "erbbands": {
        "dmean": [0.127565577626, 0.736859858036, 1.14579164982, 2.2689974308, 2.73775959015, 2.91970729828, 2.67873311043, 13.5492963791, 11.0880184174, 10.6143093109, 11.7497634888, 18.4391002655, 32.8274383545, 30.7620391846, 16.2595767975, 15.8949623108, 12.5609941483, 10.314084053, 11.1434593201, 11.1558256149, 11.0240907669, 11.5387105942, 4.87172317505, 2.93287825584, 5.76304912567, 4.32687330246, 2.21065926552, 2.33628225327, 1.65802288055, 1.49967157841, 1.8866558075, 2.24591755867, 1.49220299721, 0.761227667332, 0.356551855803, 0.20109885931, 0.0669182762504, 0.0220773350447, 0.00507797347382, 0.000190221064258],
        "dmean2": [0.180753156543, 1.09802389145, 1.91091942787, 3.79178905487, 4.50511837006, 4.64774990082, 4.19724941254, 20.7123851776, 17.5444774628, 16.8318538666, 17.8955001831, 28.2418670654, 49.3213920593, 45.3732299805, 25.3449497223, 25.0862083435, 19.7999801636, 16.3321323395, 17.8118591309, 17.0769081116, 16.9492301941, 18.5006046295, 7.77920818329, 4.72948122025, 8.99155330658, 6.69129943848, 3.425126791, 3.59050774574, 2.46919059753, 2.2294075489, 2.78537869453, 3.33398747444, 2.22685694695, 1.12868332863, 0.534155845642, 0.302434355021, 0.0964908152819, 0.0291989091784, 0.00659245857969, 0.000255934457527],
        "dvar": [0.205242007971, 6.2728509903, 12.1188783646, 73.5429153442, 60.6101226807, 33.0529594421, 17.4647827148, 662.020324707, 439.539459229, 475.772705078, 574.865478516, 1688.1237793, 5881.63623047, 6439.41650391, 2045.80383301, 1640.47668457, 1300.76489258, 665.480163574, 1095.78027344, 1003.53936768, 1244.24890137, 1851.16442871, 128.720489502, 30.8408412933, 211.718017578, 79.6144180298, 21.7751197815, 29.5650730133, 16.6449127197, 17.4657535553, 19.4573936462, 22.1499443054, 10.7006492615, 3.74356651306, 1.1343177557, 0.291055232286, 0.0406378284097, 0.00443089194596, 0.000264497444732, 3.93432941337e-07],
        "dvar2": [0.365460991859, 11.8995923996, 32.972442627, 189.526565552, 162.53742981, 79.3605804443, 44.5147590637, 1578.6550293, 1126.10095215, 1171.48339844, 1333.94812012, 3830.14575195, 12759.7431641, 13054.3574219, 4539.89990234, 3857.72729492, 3180.48193359, 1504.22070312, 2705.90893555, 2189.06811523, 2471.80395508, 4605.02783203, 304.683380127, 65.5946502686, 491.176177979, 171.323806763, 50.7098960876, 67.2648620605, 35.6222381592, 37.9478569031, 38.5486946106, 45.518409729, 22.3078079224, 7.84988117218, 2.65913391113, 0.677406072617, 0.0946047753096, 0.0078351823613, 0.000454092834843, 7.17805960448e-07],
        "max": [8.04097652435, 42.144241333, 65.8146743774, 154.776901245, 174.697189331, 115.23487854, 93.7238693237, 563.33996582, 393.885620117, 465.301513672, 617.177856445, 861.209838867, 1495.88439941, 2166.07861328, 2702.43383789, 1489.0411377, 1048.40393066, 903.303710938, 1082.8770752, 974.11529541, 1072.83532715, 1412.22692871, 331.903930664, 224.920852661, 603.803161621, 173.447128296, 121.013053894, 92.6373138428, 83.9220199585, 66.027053833, 108.885017395, 74.141784668, 69.3621520996, 34.2994346619, 27.8119850159, 12.5747594833, 5.82917642593, 1.20080697536, 0.279869794846, 0.0125745944679],
        "mean": [0.224117159843, 1.50294137001, 2.37978553772, 3.02682781219, 4.9767665863, 7.11125087738, 6.75828313828, 28.4460659027, 22.5153503418, 22.7183952332, 28.0883560181, 38.0853500366, 77.6396713257, 73.9864044189, 36.0204200745, 30.4324245453, 24.40508461, 19.9622745514, 22.7259635925, 25.3087348938, 27.4048118591, 32.9389533997, 12.1483755112, 7.44797182083, 13.4184703827, 10.5931797028, 4.77930259705, 4.55678892136, 3.19751739502, 2.90333604813, 4.073802948, 5.00724172592, 3.14398121834, 1.48990225792, 0.634785950184, 0.363475173712, 0.111078798771, 0.0354554951191, 0.00795036088675, 0.000317881611409],
        "median": [0.050646610558, 0.65824764967, 1.21746563911, 1.27287948132, 2.44133877754, 4.04909801483, 4.63473796844, 13.908208847, 12.9443817139, 13.8704071045, 15.9885063171, 14.0462245941, 20.4515743256, 19.4572868347, 15.3914775848, 14.775762558, 11.138215065, 10.8550319672, 10.0359191895, 7.71269893646, 7.3985118866, 6.11387062073, 5.49826908112, 4.84830665588, 5.91781520844, 3.96489977837, 2.04015684128, 1.32792711258, 0.904588878155, 0.54171693325, 1.04179751873, 1.26025438309, 0.988465428352, 0.378977239132, 0.139188185334, 0.0828780010343, 0.0210924930871, 0.00292246416211, 0.000194869353436, 4.72588362754e-05],
        "min": [4.95389029033e-23, 4.74483148505e-22, 6.73859121627e-22, 3.19226830427e-21, 1.16822822924e-20, 1.72193848842e-20, 1.88482844561e-20, 3.61427327497e-20, 6.93087268181e-20, 1.18359231748e-19, 2.40249025447e-19, 2.62334541007e-19, 2.94905191216e-19, 4.68294655317e-19, 8.17172554322e-19, 8.63184475895e-19, 1.42603094171e-18, 1.90218846573e-18, 1.8198192679e-18, 1.44391841226e-18, 3.25999903059e-18, 3.2356364936e-18, 5.07845965434e-18, 5.29995546132e-18, 6.13620114621e-18, 6.79486852437e-18, 8.32276706871e-18, 1.00018477592e-17, 9.16799676223e-18, 1.03587257355e-17, 9.57605074866e-18, 9.45836693574e-18, 8.61862806712e-18, 7.52974405237e-18, 5.83368796131e-18, 3.82947193689e-18, 2.20141112616e-18, 8.97442677952e-19, 2.45734602926e-19, 2.58197319625e-20],
        "var": [0.433432579041, 10.1565351486, 14.182100296, 63.9418411255, 71.7844009399, 84.943031311, 49.0317230225, 1664.64282227, 827.005187988, 903.306213379, 1704.33422852, 5038.03564453, 25995.421875, 29578.1503906, 12707.1162109, 3461.42773438, 2647.83251953, 1231.16064453, 2479.03857422, 3783.54370117, 6636.71728516, 14497.4746094, 473.447479248, 110.74130249, 507.916046143, 287.125823975, 57.3033027649, 70.3868103027, 39.7249717712, 41.6709709167, 60.5879516602, 70.4571685791, 29.8975486755, 8.95868110657, 1.94084692001, 0.526666343212, 0.0641443356872, 0.0107634728774, 0.000673461239785, 9.32933289732e-07]
    },
    "gfcc": {
        "mean": [-62.5103111267, 97.8653182983, -96.3037872314, 2.70266008377, -56.8874168396, 13.4373893738, -33.658000946, 10.83776474, -19.3872528076, 2.56672215462, -7.40935993195, -1.41280734539, -6.95520591736],
        "cov": [[65273.8398438, 363.375152588, -5007.72460938, 2375.57177734, -1965.16015625, 1552.99475098, -1140.18395996, 1581.02514648, -1429.52770996, -130.330764771, -1244.41003418, -98.1464233398, -399.304382324], [363.375152588, 3547.76879883, -634.737609863, -739.523925781, 220.597473145, -337.088439941, -36.406578064, -374.686889648, 213.082931519, -151.372039795, 207.458465576, -155.007446289, 78.2659301758], [-5007.72460938, -634.737609863, 1286.49841309, -207.144256592, 8.02038383484, 44.050075531, 72.9383544922, -93.5790023804, 117.949523926, 126.540893555, 71.53490448, 88.7331314087, -27.5854854584], [2375.57177734, -739.523925781, -207.144256592, 823.85144043, 94.2343673706, 169.143768311, 118.692687988, 261.145843506, -22.8048286438, 15.1983366013, -98.6240844727, 20.761007309, 5.2111158371], [-1965.16015625, 220.597473145, 8.02038383484, 94.2343673706, 670.164489746, -92.4774093628, 262.812194824, 7.42526102066, 160.263076782, -52.1062011719, 12.6724529266, 29.7634716034, 61.2864494324], [1552.99475098, -337.088439941, 44.050075531, 169.143768311, -92.4774093628, 299.237884521, -5.49540233612, 161.67628479, -68.0209732056, 12.8081302643, -56.0229949951, 1.14726293087, -18.8005447388], [-1140.18395996, -36.406578064, 72.9383544922, 118.692687988, 262.812194824, -5.49540233612, 324.463684082, 18.1656684875, 74.5922546387, 7.88286304474, 28.3131465912, 12.7106342316, 30.4141979218], [1581.02514648, -374.686889648, -93.5790023804, 261.145843506, 7.42526102066, 161.67628479, 18.1656684875, 277.108398438, -23.5227222443, 22.672170639, -40.2035980225, 28.0615177155, 13.0067453384], [-1429.52770996, 213.082931519, 117.949523926, -22.8048286438, 160.263076782, -68.0209732056, 74.5922546387, -23.5227222443, 203.806060791, 32.659488678, 53.3808135986, 28.0459289551, 35.0825767517], [-130.330764771, -151.372039795, 126.540893555, 15.1983366013, -52.1062011719, 12.8081302643, 7.88286304474, 22.672170639, 32.659488678, 141.200790405, 59.0808296204, 52.0217971802, -5.25580453873], [-1244.41003418, 207.458465576, 71.53490448, -98.6240844727, 12.6724529266, -56.0229949951, 28.3131465912, -40.2035980225, 53.3808135986, 59.0808296204, 169.14276123, 38.7898178101, 13.5829114914], [-98.1464233398, -155.007446289, 88.7331314087, 20.761007309, 29.7634716034, 1.14726293087, 12.7106342316, 28.0615177155, 28.0459289551, 52.0217971802, 38.7898178101, 116.164855957, 23.3098220825], [-399.304382324, 78.2659301758, -27.5854854584, 5.2111158371, 61.2864494324, -18.8005447388, 30.4141979218, 13.0067453384, 35.0825767517, -5.25580453873, 13.5829114914, 23.3098220825, 88.6683044434]],
        "icov": [[4.56725756521e-05, -6.79451259202e-05, 0.00013484932424, -7.0992471592e-05, 9.00682789506e-05, -0.000107193816802, 1.90365153685e-05, -9.86803788692e-05, 0.000124254787806, -0.000142930322909, 0.000304237910314, -0.00024959226721, 0.000196115943254], [-6.79451259202e-05, 0.000720003561582, 0.000235566767515, 0.000554642931093, -0.00028503529029, -7.18375886208e-05, 8.54978643474e-05, 0.000603872700594, -0.000901181250811, 0.000522341288161, -0.00111820315942, 0.00100887008011, -0.00054335326422], [0.00013484932424, 0.000235566767515, 0.00178327830508, 0.000413836591179, 0.000204865005799, -0.00113783706911, -0.000183347277925, 0.000595283170696, -0.000747395562939, -0.000871341500897, 0.000667826156132, -0.00101187138353, 0.000930297013838], [-7.0992471592e-05, 0.000554642931093, 0.000413836591179, 0.00248620565981, -0.000320282240864, -0.000242604452069, -0.000716773851309, -0.000950985820964, -0.000775411142968, -5.88818911638e-05, 6.31532966509e-05, 0.000528166594449, -0.000116562543553], [9.00682789506e-05, -0.00028503529029, 0.000204865005799, -0.000320282240864, 0.0031925200019, 0.000605596054811, -0.00198775646277, -0.000750333478209, -0.00123285548761, 0.0014022262767, 0.00109420262743, -0.0015789194731, 0.000271796423476], [-0.000107193816802, -7.18375886208e-05, -0.00113783706911, -0.000242604452069, 0.000605596054811, 0.00641846191138, -0.00058847409673, -0.00333661912009, 0.0011635114206, 0.000395335606299, 0.000327703193761, 0.00077360868454, 0.000184092641575], [1.90365153685e-05, 8.54978643474e-05, -0.000183347277925, -0.000716773851309, -0.00198775646277, -0.00058847409673, 0.00517704011872, 0.000511692545842, -3.59960577043e-05, -0.000667260377668, -0.00102660874836, 0.00102282257285, -0.00074329203926], [-9.86803788692e-05, 0.000603872700594, 0.000595283170696, -0.000950985820964, -0.000750333478209, -0.00333661912009, 0.000511692545842, 0.0079714730382, -0.000923319254071, -0.000588295166381, -0.000828091811854, -0.000202821785933, -0.00175940908957], [0.000124254787806, -0.000901181250811, -0.000747395562939, -0.000775411142968, -0.00123285548761, 0.0011635114206, -3.59960577043e-05, -0.000923319254071, 0.0089102294296, -0.00251413951628, 0.000492233724799, -0.000821795838419, -0.00111912330613], [-0.000142930322909, 0.000522341288161, -0.000871341500897, -5.88818911638e-05, 0.0014022262767, 0.000395335606299, -0.000667260377668, -0.000588295166381, -0.00251413951628, 0.0123075498268, -0.00436731707305, -0.00256795226596, 0.00112582778092], [0.000304237910314, -0.00111820315942, 0.000667826156132, 6.31532966509e-05, 0.00109420262743, 0.000327703193761, -0.00102660874836, -0.000828091811854, 0.000492233724799, -0.00436731707305, 0.0114602511749, -0.00395395373926, 0.00117820245214], [-0.00024959226721, 0.00100887008011, -0.00101187138353, 0.000528166594449, -0.0015789194731, 0.00077360868454, 0.00102282257285, -0.000202821785933, -0.000821795838419, -0.00256795226596, -0.00395395373926, 0.014309797436, -0.00440932018682], [0.000196115943254, -0.00054335326422, 0.000930297013838, -0.000116562543553, 0.000271796423476, 0.000184092641575, -0.00074329203926, -0.00175940908957, -0.00111912330613, 0.00112582778092, 0.00117820245214, -0.00440932018682, 0.0147894611582]]
    },
    "melbands": {
        "dmean": [0.00105057121255, 0.000651512120385, 0.000392326066503, 0.000198169946088, 9.44847197388e-05, 0.000276519160252, 0.000174102329765, 0.000115426038974, 9.56882868195e-05, 0.000137817507493, 0.000174467480974, 0.0001368028461, 6.26121036476e-05, 5.66527669434e-05, 3.54954936483e-05, 3.00265328406e-05, 1.90423597815e-05, 2.00530212169e-05, 1.71154115378e-05, 1.9767359845e-05, 1.22312121675e-05, 1.49880070239e-05, 5.7124648265e-06, 4.3810596253e-06, 2.44121929427e-06, 3.64257084584e-06, 5.29577619091e-06, 2.95533504868e-06, 1.53909877554e-06, 1.43781778661e-06, 1.42958435845e-06, 1.0448266039e-06, 8.32682871987e-07, 9.21350874705e-07, 1.08524977804e-06, 1.37865526995e-06, 1.52872030412e-06, 1.22091512367e-06, 8.63480920543e-07, 6.08539437508e-07],
        "dmean2": [0.00150391319767, 0.00100169074722, 0.000650873291306, 0.000319640006637, 0.000148199716932, 0.000422399520176, 0.000275076861726, 0.000181090159458, 0.000146245671203, 0.000212335638935, 0.000261374021647, 0.000200296155526, 9.72657799139e-05, 9.02735700947e-05, 5.61095039302e-05, 4.7259429266e-05, 3.02134048979e-05, 3.21177285514e-05, 2.71388053079e-05, 2.98201575788e-05, 1.86060879059e-05, 2.34475537582e-05, 8.78724949871e-06, 6.9522893682e-06, 4.00133285439e-06, 5.75541344006e-06, 8.44949590828e-06, 4.52456242783e-06, 2.43741919803e-06, 2.26813767767e-06, 2.21473737838e-06, 1.58912860115e-06, 1.26499287489e-06, 1.3935490415e-06, 1.63060076375e-06, 2.06745767173e-06, 2.30506861953e-06, 1.85331657576e-06, 1.3051909491e-06, 9.13916267109e-07],
        "dvar": [1.31260494527e-05, 3.46570891452e-06, 2.02781416192e-06, 1.83486136507e-07, 2.11845154752e-08, 2.66160469664e-07, 1.01371881556e-07, 5.00378760648e-08, 3.84523097807e-08, 9.4902496528e-08, 1.67423834796e-07, 1.2728605725e-07, 2.87256067821e-08, 2.40079174318e-08, 1.81150809908e-08, 4.25365387358e-09, 2.57756438415e-09, 3.72052633146e-09, 2.70314703954e-09, 5.69202995848e-09, 1.74852421431e-09, 3.59835583552e-09, 2.26005450465e-10, 1.05239851556e-10, 2.04018087147e-11, 7.81951725592e-11, 1.67324140654e-10, 4.11726104599e-11, 1.07448893533e-11, 1.18158217585e-11, 1.1810950655e-11, 6.47927284742e-12, 5.17250825505e-12, 6.62266899307e-12, 7.23734483801e-12, 9.44096710531e-12, 1.03093072273e-11, 7.08997444088e-12, 4.38141233364e-12, 2.56919875999e-12],
        "dvar2": [2.36893574765e-05, 7.3608243838e-06, 5.22962500327e-06, 4.8221392035e-07, 5.36379936023e-08, 6.33256490801e-07, 2.57159229022e-07, 1.19483630101e-07, 9.04494186216e-08, 2.15088405753e-07, 3.59977235576e-07, 2.47834179845e-07, 6.16277162635e-08, 5.68396849587e-08, 4.44865371207e-08, 9.67577307165e-09, 5.85760062677e-09, 9.05327190992e-09, 6.07040284706e-09, 1.26042607462e-08, 3.13058157175e-09, 8.64636451325e-09, 4.73340200369e-10, 2.49015613685e-10, 4.52562362585e-11, 1.87099974402e-10, 3.90629861791e-10, 9.17211168128e-11, 2.51283230335e-11, 2.81018923409e-11, 2.75346950102e-11, 1.43013101361e-11, 1.20315910013e-11, 1.46157200925e-11, 1.51107182322e-11, 1.99715920884e-11, 2.18743773095e-11, 1.55229006732e-11, 9.6209706868e-12, 5.4730981032e-12],
        "max": [0.0632363408804, 0.0315746851265, 0.0259766113013, 0.00818300899118, 0.00373172573745, 0.0111885825172, 0.00519726239145, 0.00469713238999, 0.00571669777855, 0.00698422687128, 0.00736706890166, 0.00854599196464, 0.00869548972696, 0.00458798231557, 0.00428648851812, 0.00202423636802, 0.00187059922609, 0.00160903087817, 0.00176919985097, 0.00286010187119, 0.00159845803864, 0.00202860077843, 0.000599436520133, 0.000332165480359, 0.000188803489436, 0.00028891916736, 0.000433190260082, 0.000141429321957, 6.89694934408e-05, 8.39746426209e-05, 6.84506958351e-05, 4.94393862027e-05, 5.68434152228e-05, 4.59669099655e-05, 6.09419294051e-05, 6.04423657933e-05, 4.79422742501e-05, 5.8591740526e-05, 4.20634896727e-05, 3.0713450542e-05],
        "mean": [0.00200087204576, 0.00154917570762, 0.00058416480897, 0.000447425321909, 0.000246688403422, 0.000586979615036, 0.00035727082286, 0.000259850843577, 0.000214712534216, 0.000273982615909, 0.000413935689721, 0.000332990224706, 0.000126439481392, 9.64604623732e-05, 6.68700813549e-05, 5.26065196027e-05, 3.37284436682e-05, 3.73289476556e-05, 3.02132630168e-05, 4.60313822259e-05, 2.53547586908e-05, 3.96252544306e-05, 1.21346292872e-05, 9.23619063542e-06, 5.29399994775e-06, 7.6989081208e-06, 1.20517706819e-05, 6.04283695793e-06, 2.92745494335e-06, 2.63393280875e-06, 2.57114561464e-06, 1.85753481219e-06, 1.49275854255e-06, 1.65301025845e-06, 2.09893346437e-06, 3.02030866806e-06, 3.12707902594e-06, 2.39467613028e-06, 1.64433470218e-06, 1.10400401354e-06],
        "median": [0.00068175047636, 0.000893917342182, 0.000284701702185, 0.000258002837654, 0.000177338020876, 0.000307012815028, 0.000206349301152, 0.000155543821165, 0.000114105729153, 8.41520668473e-05, 9.59061144385e-05, 7.26445141481e-05, 4.38662646047e-05, 4.32030647062e-05, 2.18470522668e-05, 2.33737882809e-05, 1.69611903402e-05, 1.41223608807e-05, 1.06295228761e-05, 7.88060060586e-06, 7.29594921722e-06, 5.60347143619e-06, 4.45712203145e-06, 4.31736862083e-06, 3.28689066009e-06, 4.10886241298e-06, 3.74391674995e-06, 1.91856315723e-06, 1.19848982649e-06, 6.65128197852e-07, 6.45319403247e-07, 5.06966614466e-07, 2.45907955332e-07, 2.64540460648e-07, 5.00832811667e-07, 6.48954028293e-07, 7.74352997723e-07, 7.16090085007e-07, 4.04571778745e-07, 2.45382437924e-07],
        "min": [8.08660229258e-25, 4.06980046321e-25, 7.58930980135e-25, 1.28515114867e-24, 8.84624576203e-25, 8.49355689814e-25, 9.3573536729e-25, 1.15269026003e-24, 1.34190801447e-24, 1.9658593224e-24, 1.33261976896e-24, 8.21894504931e-25, 2.11591861315e-24, 1.70525419198e-24, 2.69116801537e-24, 2.52793553636e-24, 2.75685981561e-24, 2.39092459662e-24, 1.56539211171e-24, 2.50257878585e-24, 3.05943786821e-24, 2.44663770083e-24, 3.0640564516e-24, 2.87118489065e-24, 3.86291735208e-24, 3.06848235571e-24, 3.9235069972e-24, 4.19681653528e-24, 4.27429490352e-24, 4.26065786505e-24, 4.89601669331e-24, 4.3377283922e-24, 4.41969025139e-24, 4.25806132938e-24, 4.07080428871e-24, 4.90932714336e-24, 4.58066441885e-24, 4.63717289207e-24, 4.88441570484e-24, 5.51276195408e-24],
        "var": [2.64180216618e-05, 6.04343313171e-06, 1.83503993867e-06, 3.36010060664e-07, 6.10644903531e-08, 6.72370049415e-07, 1.94545492604e-07, 1.1799213695e-07, 1.09639373136e-07, 3.07007098854e-07, 8.01507610504e-07, 6.36375546037e-07, 1.45420983699e-07, 4.54944704131e-08, 4.45304024765e-08, 1.03293062992e-08, 4.43710668208e-09, 9.0117495688e-09, 6.15820683336e-09, 2.74734990313e-08, 8.64833271663e-09, 2.56399221854e-08, 8.26909707374e-10, 2.70739014541e-10, 6.13829889695e-11, 1.54711507494e-10, 4.98184216102e-10, 1.28445032388e-10, 2.49071232389e-11, 2.53942665507e-11, 2.46604733162e-11, 1.41763597389e-11, 1.11310440032e-11, 1.46713578786e-11, 1.90966183838e-11, 3.24230017834e-11, 2.83649492783e-11, 1.80635749414e-11, 1.03166251583e-11, 5.69341015305e-12]
    },
    "mfcc": {
        "mean": [-684.029174805, 135.527694702, 12.9344444275, -0.822269797325, 1.56436979771, -3.61667346954, 3.20352292061, 0.956152498722, -2.48765707016, 6.2675075531, -4.59858846664, 3.56990170479, -0.515695691109],
        "cov": [[21403.3320312, -319.87612915, -936.230102539, 923.355957031, 404.14453125, 28.0684738159, 747.740661621, 799.504089355, 467.242462158, 659.931274414, -324.122131348, -70.2594146729, -195.907928467], [-319.87612915, 3222.02685547, -0.112250208855, -319.910217285, 40.0149040222, 11.8279695511, -125.4870224, -142.958709717, -104.002845764, -89.8218841553, 57.2728157043, 56.6205329895, 55.1912460327], [-936.230102539, -0.112250208855, 876.298950195, -237.385131836, -112.514526367, 26.4632396698, -87.8298950195, -124.877380371, -69.7050933838, -58.3342285156, 59.1551628113, 36.0659103394, -14.912068367], [923.355957031, -319.910217285, -237.385131836, 539.910766602, 63.1926460266, 78.3310241699, 73.8311843872, 130.531860352, 89.4886322021, 95.1999130249, 5.14439868927, 28.7720146179, 94.5094299316], [404.14453125, 40.0149040222, -112.514526367, 63.1926460266, 224.05645752, 6.66148662567, 17.219827652, 89.1906204224, 59.9443817139, 38.2573394775, -11.037686348, 36.8921661377, 20.495847702], [28.0684738159, 11.8279695511, 26.4632396698, 78.3310241699, 6.66148662567, 164.819274902, 25.0285205841, 32.4159164429, 47.974281311, 2.57711863518, 43.1000328064, 1.851334095, 33.8704109192], [747.740661621, -125.4870224, -87.8298950195, 73.8311843872, 17.219827652, 25.0285205841, 222.315032959, 92.1704940796, 40.1209411621, 57.6012573242, 20.3780918121, -4.77313375473, -14.8786077499], [799.504089355, -142.958709717, -124.877380371, 130.531860352, 89.1906204224, 32.4159164429, 92.1704940796, 193.191741943, 87.4706192017, 73.9123153687, -8.05305576324, 3.36764383316, 18.9803638458], [467.242462158, -104.002845764, -69.7050933838, 89.4886322021, 59.9443817139, 47.974281311, 40.1209411621, 87.4706192017, 161.065124512, 54.3232040405, 6.58859682083, 4.25829362869, -1.87109649181], [659.931274414, -89.8218841553, -58.3342285156, 95.1999130249, 38.2573394775, 2.57711863518, 57.6012573242, 73.9123153687, 54.3232040405, 132.838745117, 8.88088226318, 10.0173721313, -1.5828473568], [-324.122131348, 57.2728157043, 59.1551628113, 5.14439868927, -11.037686348, 43.1000328064, 20.3780918121, -8.05305576324, 6.58859682083, 8.88088226318, 111.042602539, 28.8102817535, 15.4201126099], [-70.2594146729, 56.6205329895, 36.0659103394, 28.7720146179, 36.8921661377, 1.851334095, -4.77313375473, 3.36764383316, 4.25829362869, 10.0173721313, 28.8102817535, 113.647071838, 53.1604881287], [-195.907928467, 55.1912460327, -14.912068367, 94.5094299316, 20.495847702, 33.8704109192, -14.8786077499, 18.9803638458, -1.87109649181, -1.5828473568, 15.4201126099, 53.1604881287, 148.876235962]],
