{
"lowlevel": {
    "average_loudness": 0.926728844643,
    "barkbands_crest": {
        "dmean": 2.37696290016,
        "dmean2": 3.732660532,
        "dvar": 6.12069702148,
        "dvar2": 14.8723487854,
        "max": 26.7821464539,
        "mean": 13.4202432632,
        "median": 13.2275495529,
        "min": 2.29662132263,
        "var": 22.4806365967
    },
    "barkbands_flatness_db": {
        "dmean": 0.0295201111585,
        "dmean2": 0.042305547744,
        "dvar": 0.00149643595796,
        "dvar2": 0.00275752926245,
        "max": 0.633537530899,
        "mean": 0.165841385722,
        "median": 0.150117665529,
        "min": 0.0272999834269,
        "var": 0.00619009789079
    },
    "barkbands_kurtosis": {
        "dmean": 9.35476493835,
        "dmean2": 14.9299144745,
        "dvar": 1174.86437988,
        "dvar2": 2886.23535156,
        "max": 573.72064209,
        "mean": 12.3709745407,
        "median": 2.07520294189,
        "min": -1.82299208641,
        "var": 1706.40307617
    },
    "barkbands_skewness": {
        "dmean": 0.793243646622,
        "dmean2": 1.21975255013,
        "dvar": 1.87453424931,
        "dvar2": 4.46241283417,
        "max": 20.4128551483,
        "mean": 2.04420208931,
        "median": 1.43077909946,
        "min": -3.97880530357,
        "var": 4.62430381775
    },
    "barkbands_spread": {
        "dmean": 6.24837875366,
        "dmean2": 9.66730594635,
        "dvar": 74.9989013672,
        "dvar2": 164.621078491,
        "max": 138.886032104,
        "mean": 21.510641098,
        "median": 20.0084400177,
        "min": 0.11901756376,
        "var": 192.589385986
    },
    "dissonance": {
        "dmean": 0.0272679626942,
        "dmean2": 0.0460033603013,
        "dvar": 0.000656128220726,
        "dvar2": 0.00178957229946,
        "max": 0.500000059605,
        "mean": 0.453379899263,
        "median": 0.460980296135,
        "min": 0.103840127587,
        "var": 0.00118613487575
    },
    "dynamic_complexity": 3.47249126434,
    "erbbands_crest": {
        "dmean": 3.28916120529,
        "dmean2": 5.27011442184,
        "dvar": 9.11886882782,
        "dvar2": 22.196390152,
        "max": 31.6147594452,
        "mean": 11.6209821701,
        "median": 10.641497612,
        "min": 2.29712247849,
        "var": 30.7787036896
    },
    "erbbands_flatness_db": {
        "dmean": 0.0212906096131,
        "dmean2": 0.0316395163536,
        "dvar": 0.000450726161944,
        "dvar2": 0.000967440137174,
        "max": 0.404955506325,
        "mean": 0.162541136146,
        "median": 0.159146398306,
        "min": 0.0407240875065,
        "var": 0.00270541990176
    },
    "erbbands_kurtosis": {
        "dmean": 1.85586810112,
        "dmean2": 2.92940187454,
        "dvar": 16.4341106415,
        "dvar2": 39.7596549988,
        "max": 91.2972869873,
        "mean": 2.02715349197,
        "median": 0.777158021927,
        "min": -1.89050471783,
        "var": 22.9866809845
    },
    "erbbands_skewness": {
        "dmean": 0.467514067888,
        "dmean2": 0.722957074642,
        "dvar": 0.290222048759,
        "dvar2": 0.681553184986,
        "max": 8.77941799164,
        "mean": 0.681335747242,
        "median": 0.663710772991,
        "min": -3.96717762947,
        "var": 0.86820524931
    },
    "erbbands_spread": {
        "dmean": 10.7181720734,
        "dmean2": 16.8094272614,
        "dvar": 218.526306152,
        "dvar2": 537.38861084,
        "max": 190.431030273,
        "mean": 34.0728149414,
        "median": 28.6249866486,
        "min": 1.70612287521,
        "var": 479.850402832
    },
    "hfc": {
        "dmean": 8.71726894379,
        "dmean2": 13.738070488,
        "dvar": 151.748245239,
        "dvar2": 350.792602539,
        "max": 132.104797363,
        "mean": 26.7000484467,
        "median": 20.2011604309,
        "min": 1.11359527455e-16,
        "var": 438.956329346
    },
    "melbands_crest": {
        "dmean": 3.0436258316,
        "dmean2": 4.72454547882,
        "dvar": 11.0545377731,
        "dvar2": 24.8917160034,
        "max": 39.694568634,
        "mean": 20.9983406067,
        "median": 21.7344017029,
        "min": 1.72682321072,
        "var": 54.0782165527
    },
    "melbands_flatness_db": {
        "dmean": 0.0348190478981,
        "dmean2": 0.0496834255755,
        "dvar": 0.00216042879038,
        "dvar2": 0.00401654932648,
        "max": 0.769645035267,
        "mean": 0.234184220433,
        "median": 0.218430861831,
        "min": 0.00538950273767,
        "var": 0.0100447414443
    },
    "melbands_kurtosis": {
        "dmean": 29.1220378876,
        "dmean2": 45.4707107544,
        "dvar": 27558.5253906,
        "dvar2": 62799.046875,
        "max": 4144.61474609,
        "mean": 37.6201324463,
        "median": 7.01799869537,
        "min": -1.77754354477,
        "var": 30169.4824219
    },
    "melbands_skewness": {
        "dmean": 1.12779724598,
        "dmean2": 1.7243937254,
        "dvar": 5.60476636887,
        "dvar2": 12.3886423111,
        "max": 43.4454421997,
        "mean": 3.30327367783,
        "median": 2.22647356987,
        "min": -1.5490347147,
        "var": 11.7975406647
    },
    "melbands_spread": {
        "dmean": 6.63383054733,
        "dmean2": 10.4867124557,
        "dvar": 132.117233276,
        "dvar2": 301.883239746,
        "max": 212.678527832,
        "mean": 22.5343875885,
        "median": 18.9349708557,
        "min": 0.0559645406902,
        "var": 347.656707764
    },
    "pitch_salience": {
        "dmean": 0.0749588683248,
        "dmean2": 0.118144743145,
        "dvar": 0.00715263839811,
        "dvar2": 0.0169019754976,
        "max": 0.968108415604,
        "mean": 0.424424648285,
        "median": 0.430969417095,
        "min": 0.0145674319938,
        "var": 0.0224683266133
    },
    "silence_rate_20dB": {
        "dmean": 0,
        "dmean2": 0,
        "dvar": 0,
        "dvar2": 0,
        "max": 1,
        "mean": 1,
        "median": 1,
        "min": 1,
        "var": 0
    },
    "silence_rate_30dB": {
        "dmean": 0.0338689722121,
        "dmean2": 0.0677463188767,
        "dvar": 0.0327208042145,
        "dvar2": 0.0671080797911,
        "max": 1,
        "mean": 0.900259554386,
        "median": 1,
        "min": 0,
        "var": 0.0897929742932
    },
    "silence_rate_60dB": {
        "dmean": 0.0170580968261,
        "dmean2": 0.0341204106808,
        "dvar": 0.0167661290616,
        "dvar2": 0.0376503877342,
        "max": 1,
        "mean": 0.0480781123042,
        "median": 0,
        "min": 0,
        "var": 0.0457645766437
    },
    "spectral_centroid": {
        "dmean": 326.480682373,
        "dmean2": 501.988098145,
        "dvar": 177375.578125,
        "dvar2": 387323.34375,
        "max": 11034.8427734,
        "mean": 1493.07055664,
        "median": 1481.21447754,
        "min": 73.878616333,
        "var": 509237.1875
    },
    "spectral_complexity": {
        "dmean": 4.07540178299,
        "dmean2": 6.45271348953,
        "dvar": 30.0989208221,
        "dvar2": 61.2297286987,
        "max": 63,
        "mean": 16.2089977264,
        "median": 15,
        "min": 0,
        "var": 78.9261703491
    },
    "spectral_decrease": {
        "dmean": 3.25558913161e-09,
        "dmean2": 5.10013853372e-09,
        "dvar": 4.49808045438e-17,
        "dvar2": 9.68332101943e-17,
        "max": -1.72717156671e-29,
        "mean": -1.26972405923e-08,
        "median": -1.0217802604e-08,
        "min": -7.15737726864e-08,
        "var": 1.39871688781e-16
    },
    "spectral_energy": {
        "dmean": 0.012808448635,
        "dmean2": 0.0201132912189,
        "dvar": 0.000657191732898,
        "dvar2": 0.00142207462341,
        "max": 0.273671656847,
        "mean": 0.0503440573812,
        "median": 0.0414076410234,
        "min": 1.06263595833e-20,
        "var": 0.0020396951586
    },
    "spectral_energyband_high": {
        "dmean": 0.000636482669506,
        "dmean2": 0.000999302370474,
        "dvar": 1.09888162569e-06,
        "dvar2": 2.47921093433e-06,
        "max": 0.012938237749,
        "mean": 0.00117629021406,
        "median": 0.000615074997768,
        "min": 7.71165298564e-21,
        "var": 2.06274671655e-06
    },
    "spectral_energyband_low": {
        "dmean": 0.00848650187254,
        "dmean2": 0.0125519642606,
        "dvar": 0.00050707772607,
        "dvar2": 0.000984865589999,
        "max": 0.270039230585,
        "mean": 0.0318453647196,
        "median": 0.0226231645793,
        "min": 9.58982672182e-23,
        "var": 0.00179054227192
    },
    "spectral_energyband_middle_high": {
        "dmean": 0.00328378775157,
        "dmean2": 0.0050473487936,
        "dvar": 2.02201263164e-05,
        "dvar2": 4.73361433251e-05,
        "max": 0.0688959136605,
        "mean": 0.00995519012213,
        "median": 0.00492910947651,
        "min": 1.59714126877e-21,
        "var": 0.000122474390082
    },
    "spectral_energyband_middle_low": {
        "dmean": 0.00607995036989,
        "dmean2": 0.0103807235137,
        "dvar": 0.000298825150821,
        "dvar2": 0.000821747467853,
        "max": 0.1874922961,
        "mean": 0.00873298477381,
        "median": 0.00490255793557,
        "min": 2.57469381501e-22,
        "var": 0.000232483434957
    },
    "spectral_entropy": {
        "dmean": 0.242909893394,
        "dmean2": 0.357825756073,
        "dvar": 0.0897935777903,
        "dvar2": 0.183168455958,
        "max": 9.81136608124,
        "mean": 7.54965639114,
        "median": 7.56709909439,
        "min": 4.74472856522,
        "var": 0.286372035742
    },
    "spectral_flux": {
        "dmean": 0.0335448868573,
        "dmean2": 0.0526102297008,
        "dvar": 0.00265151518397,
        "dvar2": 0.005326859653,
        "max": 0.536479234695,
        "mean": 0.0969550684094,
        "median": 0.0783477276564,
        "min": 1.03678843288e-10,
        "var": 0.00559173617512
    },
    "spectral_kurtosis": {
        "dmean": 1.73082816601,
        "dmean2": 2.7726547718,
        "dvar": 8.50699424744,
        "dvar2": 20.1304359436,
        "max": 60.3844490051,
        "mean": 4.26698923111,
        "median": 3.57411050797,
        "min": -1.30934107304,
        "var": 15.8421134949
    },
    "spectral_rms": {
        "dmean": 0.000802316179033,
        "dmean2": 0.00122538208961,
        "dvar": 1.63049207913e-06,
        "dvar2": 3.18266120303e-06,
        "max": 0.0163400340825,
        "mean": 0.00636195018888,
        "median": 0.00635591847822,
        "min": 3.21981048594e-12,
        "var": 8.64180128701e-06
    },
    "spectral_rolloff": {
        "dmean": 468.575408936,
        "dmean2": 785.883544922,
        "dvar": 1033010.6875,
        "dvar2": 2201737.25,
        "max": 18583.1542969,
        "mean": 1305.48474121,
        "median": 1033.59375,
        "min": 21.533203125,
        "var": 2638734
    },
    "spectral_skewness": {
        "dmean": 0.283677577972,
        "dmean2": 0.436248093843,
        "dvar": 0.137168124318,
        "dvar2": 0.305194616318,
        "max": 6.7952709198,
        "mean": 1.59723961353,
        "median": 1.53822159767,
        "min": -0.139114767313,
        "var": 0.306111037731
    },
    "spectral_spread": {
        "dmean": 759643.25,
        "dmean2": 1142822.5,
        "dvar": 1.33335888691e+12,
        "dvar2": 2.83914561126e+12,
        "max": 41349552,
        "mean": 5323241.5,
        "median": 5048511,
        "min": 1169973.5,
        "var": 3.16668195635e+12
    },
    "spectral_strongpeak": {
        "dmean": 0.408907175064,
        "dmean2": 0.69044482708,
        "dvar": 0.962669312954,
        "dvar2": 2.47964453697,
        "max": 10.7942056656,
        "mean": 1.00776231289,
        "median": 0.42852756381,
        "min": 0,
        "var": 2.64455962181
    },
    "zerocrossingrate": {
        "dmean": 0.011346896179,
        "dmean2": 0.0137671893463,
        "dvar": 0.000285883550532,
        "dvar2": 0.000344043422956,
        "max": 0.85888671875,
        "mean": 0.0575687885284,
        "median": 0.0517578125,
        "min": 0,
        "var": 0.0024833434727
    },
    "barkbands": {
        "dmean": [0.00127842568327, 0.00708637479693, 0.00304328813218, 0.00276599568315, 0.00133633206133, 0.000897091871593, 0.00080854765838, 0.000985823338851, 0.000751503393985, 0.0011430811137, 0.00121461460367, 0.00113599433098, 0.00048226310173, 0.000638229772449, 0.00024641098571, 0.000253031117609, 0.000137065930176, 0.000145768761286, 0.000183905925951, 0.000217869135668, 0.000135839887662, 0.000126160462969, 0.000161897056387, 0.000100711513369, 7.45076613384e-05, 3.40515689459e-05, 1.08321291918e-05],
        "dmean2": [0.00144937960431, 0.0101406415924, 0.00495614809915, 0.0052078422159, 0.00226494693197, 0.00156202341896, 0.00130028603598, 0.00162954186089, 0.00120535143651, 0.00178625434637, 0.00182289397344, 0.00178736646194, 0.000753037282266, 0.00101027067285, 0.000403481244575, 0.000410377513617, 0.000223669878324, 0.000242653462919, 0.00030213323771, 0.000357042910764, 0.000222145259613, 0.000206959433854, 0.000265040638624, 0.000159635921591, 0.000113992049592, 5.19554705534e-05, 1.70591356436e-05],
        "dvar": [1.42658400364e-05, 0.000383762613637, 0.00015370825713, 0.000172283995198, 1.53449236677e-05, 6.13747397438e-06, 3.07182381221e-06, 4.75846627523e-06, 2.83139888779e-06, 5.01845033796e-06, 6.38197207081e-06, 7.71027043811e-06, 1.40359725265e-06, 2.50366383625e-06, 4.36108678059e-07, 3.06397254235e-07, 9.42627522704e-08, 9.13222990562e-08, 1.12023293752e-07, 1.50734834392e-07, 8.09088618325e-08, 8.46846930358e-08, 7.30772242719e-08, 4.0118372624e-08, 3.68337147449e-08, 8.1701978516e-09, 2.31397145889e-09],
        "dvar2": [1.38592331496e-05, 0.000842665554956, 0.000344407511875, 0.000497256638482, 4.20705910074e-05, 1.72496529558e-05, 7.59274735174e-06, 1.18992893476e-05, 6.5249932959e-06, 1.12848429126e-05, 1.31883070935e-05, 1.88455178431e-05, 2.83933059109e-06, 6.11285577179e-06, 1.02332205643e-06, 7.06650894244e-07, 2.23970516799e-07, 2.23519464271e-07, 2.86990086806e-07, 4.01607650247e-07, 1.91603916733e-07, 2.06404124015e-07, 1.78016634322e-07, 9.08126409627e-08, 7.99456998379e-08, 1.81838366586e-08, 5.31876631626e-09],
        "max": [0.0533151365817, 0.259239315987, 0.146015867591, 0.134835928679, 0.0608792006969, 0.0523678101599, 0.0381765887141, 0.0403101667762, 0.0433736518025, 0.0450819507241, 0.0576814264059, 0.0585635565221, 0.0337730459869, 0.0314826220274, 0.0163123272359, 0.0147657496855, 0.00662773661315, 0.00468287151307, 0.00489185424522, 0.00419788900763, 0.00445854570717, 0.0042638219893, 0.00404168851674, 0.00399085693061, 0.00454441690817, 0.00284146517515, 0.00210301205516],
        "mean": [0.00327977281995, 0.0236282534897, 0.00389669416472, 0.0020085235592, 0.00153342040721, 0.000992783927359, 0.00116906070616, 0.00139202841092, 0.00103904574644, 0.00225448445417, 0.00253348005936, 0.00202878750861, 0.000723150966223, 0.00114466832019, 0.000308063259581, 0.000370937836124, 0.000185562792467, 0.000195654982235, 0.000311057461658, 0.000401844619773, 0.000209694975638, 0.000164181619766, 0.000224564297241, 0.000155101559358, 0.000121415163449, 5.81117928959e-05, 1.3581148778e-05],
        "median": [0.00072920054663, 0.0164865218103, 0.000879433995578, 0.000176899804501, 0.000412347959355, 0.000330752285663, 0.000429537525633, 0.000431250722613, 0.000231948899454, 0.000466424244223, 0.000555345381144, 0.000437431182945, 0.000193956424482, 0.000211266902625, 0.0001000140619, 0.000121586366731, 7.40976538509e-05, 8.73463941389e-05, 0.000135179085191, 0.000175607856363, 7.24891287973e-05, 5.24048009538e-05, 9.96474263957e-05, 6.07713045611e-05, 4.73188592878e-05, 2.2190000891e-05, 6.96804079325e-07],
        "min": [9.63364352748e-24, 1.29035792647e-23, 3.5932352331e-23, 9.57240031111e-24, 7.84549070399e-24, 4.09669793795e-23, 4.70155798366e-23, 2.15722344904e-23, 6.13272647731e-23, 7.93333178574e-23, 7.2865699731e-23, 7.97055592304e-23, 4.80190550843e-23, 1.10756386637e-22, 8.34452016833e-23, 1.73163728208e-22, 2.28076323198e-22, 1.06133434541e-22, 3.14574252502e-22, 2.47457335597e-22, 4.42655577096e-22, 5.19065628874e-22, 6.1970080388e-22, 6.88876458421e-22, 1.28017801728e-21, 1.4903212728e-21, 2.22306102288e-21],
        "var": [4.33757959399e-05, 0.000997223309241, 0.000165729201399, 0.000108193671622, 1.41212240123e-05, 5.00702117279e-06, 5.01693966726e-06, 7.47041030991e-06, 6.32822093394e-06, 2.20846832235e-05, 3.23444328387e-05, 2.42112619162e-05, 3.35469030688e-06, 8.94625645742e-06, 6.19141076186e-07, 6.94305072102e-07, 1.37710884474e-07, 1.19033444435e-07, 1.85155045074e-07, 2.95334189104e-07, 1.30474660409e-07, 9.99942812996e-08, 1.0397507566e-07, 6.98472462091e-08, 6.26675529247e-08, 1.3871367166e-08, 4.12149203655e-09]
    },
    "erbbands": {
        "dmean": [0.28890389204, 1.4224615097, 3.07912802696, 7.49742841721, 5.42162036896, 4.55379009247, 6.65130090714, 7.60547351837, 10.3204202652, 17.7490692139, 16.4857158661, 17.3609542847, 31.6090126038, 30.1669940948, 53.5023994446, 37.5689582825, 22.0640983582, 26.189781189, 21.1371936798, 13.4474210739, 11.008023262, 7.25960254669, 7.02637004852, 10.2213153839, 7.96855735779, 10.4507408142, 6.85269403458, 4.36651563644, 4.49837827682, 4.84035205841, 4.45362520218, 2.66114974022, 1.41047251225, 0.949403703213, 0.488671600819, 0.183717235923, 0.060401275754, 0.0133395437151, 0.002070809016, 7.49518367229e-05],
        "dmean2": [0.39764431119, 2.12136340141, 4.83066701889, 14.0462265015, 9.6073141098, 7.79858255386, 11.8129892349, 13.017118454, 16.6937580109, 28.8875923157, 27.0741462708, 28.0192089081, 49.2507514954, 45.643196106, 80.1006469727, 57.9438476562, 33.8253707886, 40.2952728271, 33.0272140503, 22.0338611603, 17.6867580414, 11.7953367233, 11.6065998077, 16.8333530426, 13.036239624, 17.2175502777, 11.2504081726, 7.0291852951, 7.41037893295, 7.97147703171, 7.27430343628, 4.30241012573, 2.18547391891, 1.46420013905, 0.759013175964, 0.285290688276, 0.0927892774343, 0.0207388922572, 0.00324715906754, 0.000116749863082],
        "dvar": [0.642267286777, 22.6372470856, 143.214141846, 1315.78149414, 431.919555664, 166.383956909, 332.791687012, 453.775115967, 657.396850586, 1243.98974609, 1395.96899414, 1722.1784668, 4051.42651367, 3715.2097168, 12363.7304688, 6734.62158203, 2803.75244141, 3786.2668457, 3778.03588867, 1066.00720215, 631.241027832, 285.609619141, 205.728485107, 428.910827637, 224.57510376, 381.872589111, 174.967803955, 87.6972885132, 109.094329834, 90.1731185913, 53.9403991699, 25.3264141083, 9.02799606323, 5.81621980667, 1.80239212513, 0.28288730979, 0.022169040516, 0.00173915061168, 8.03945658845e-05, 9.20327494214e-08],
        "dvar2": [1.04415011406, 45.2816505432, 255.928527832, 3798.65307617, 1180.36779785, 459.649169922, 951.744812012, 1259.33984375, 1651.81298828, 3109.93579102, 3433.75024414, 3934.72143555, 9201.65527344, 8575.49707031, 25420.5644531, 15378.8808594, 5578.45458984, 8573.00292969, 9061.06152344, 2690.97607422, 1436.01318359, 691.99621582, 505.163391113, 1107.4239502, 571.406921387, 1026.01025391, 415.555236816, 206.538452148, 270.328826904, 217.363174438, 131.120880127, 60.1068763733, 19.604511261, 12.7935695648, 3.98268461227, 0.651874303818, 0.0474932305515, 0.00406837277114, 0.000173412714503, 2.04231739076e-07],
        "max": [10.6748209, 57.9646873474, 143.475982666, 348.003601074, 330.665039062, 187.289932251, 214.073348999, 527.81640625, 765.060668945, 593.09173584, 712.895935059, 1217.01013184, 1374.52258301, 1597.36950684, 2831.53173828, 1494.3503418, 1591.59960938, 1470.5345459, 1911.63635254, 702.929077148, 538.399963379, 324.090209961, 246.063705444, 365.048400879, 156.902740479, 257.690124512, 241.549468994, 180.615600586, 172.608306885, 121.184822083, 128.763656616, 113.305229187, 55.8474693298, 54.0779151917, 34.4373207092, 19.1234836578, 4.43369150162, 1.45826482773, 0.377659916878, 0.0148471947759],
        "mean": [1.06515085697, 3.66474914551, 5.27356624603, 5.831782341, 4.92814016342, 5.2432308197, 6.825527668, 9.0504989624, 14.773481369, 27.0771961212, 22.9445762634, 25.0206890106, 64.5494689941, 63.8596687317, 119.504043579, 71.0306777954, 37.2219085693, 46.2793502808, 37.8339385986, 19.5979003906, 16.9027061462, 10.3387241364, 10.4097585678, 15.9371509552, 14.8304710388, 19.0707817078, 11.6628437042, 6.53258371353, 5.80282735825, 6.25219774246, 6.45167779922, 3.82973146439, 2.32660341263, 1.565746665, 0.742883443832, 0.288686901331, 0.102998003364, 0.0205653496087, 0.00267815147527, 0.000142068616697],
        "median": [0.953990638256, 2.04702472687, 1.44215202332, 0.800554871559, 0.7047701478, 1.41973376274, 2.17040991783, 3.26491570473, 5.55063343048, 10.5817928314, 8.06471443176, 7.26606369019, 15.6814680099, 18.3254356384, 31.7187519073, 19.3778896332, 12.5648097992, 12.279671669, 9.86681079865, 7.95358705521, 6.57280254364, 4.62329006195, 5.05749416351, 7.62580013275, 7.14933538437, 8.08974933624, 4.63056468964, 2.40780854225, 1.910394907, 2.1900806427, 2.88503551483, 1.56098461151, 0.959109842777, 0.62792289257, 0.267162829638, 0.105245709419, 0.0373130999506, 0.00499723711982, 0.000211004269659, 7.21469259588e-05],
        "min": [1.83694806722e-22, 4.87140395223e-21, 4.44029163414e-20, 3.50468186044e-20, 2.42000460841e-20, 3.48411834429e-20, 1.3794894953e-19, 3.51937123103e-19, 6.65567977328e-19, 4.88110800866e-19, 6.70898794484e-19, 1.13412107489e-18, 2.12422959154e-18, 2.70568813812e-18, 2.7313352866e-18, 2.8026641048e-18, 2.63544292653e-18, 5.74970472731e-18, 3.47377269297e-18, 5.96787485464e-18, 1.05631857578e-17, 1.29502321367e-17, 7.2428538277e-18, 1.2323122526e-17, 8.90846719068e-18, 1.17886505266e-17, 1.3621691863e-17, 2.19038385734e-17, 1.7867668677e-17, 2.04736945794e-17, 1.8918760464e-17, 1.30288920498e-17, 1.19532048746e-17, 1.15488516942e-17, 1.0316781061e-17, 6.41665342417e-18, 2.83605076868e-18, 1.04663318003e-18, 3.40593219881e-19, 3.17783533544e-20],
        "var": [2.18080115318, 39.349155426, 218.104187012, 793.359863281, 345.742004395, 171.503158569, 246.396621704, 402.252166748, 873.273010254, 2171.98681641, 2040.06628418, 3732.0390625, 16327.9619141, 16303.3173828, 68565.8046875, 20879.5390625, 7040.93701172, 12134.5996094, 10346.5830078, 1635.21594238, 1258.1953125, 387.996520996, 299.323852539, 569.897338867, 397.758209229, 707.009460449, 322.125091553, 125.646339417, 127.754211426, 110.46370697, 86.5155715942, 38.9168510437, 17.3442344666, 9.82374286652, 2.79283666611, 0.411330699921, 0.0408832579851, 0.00292595871724, 0.000155445726705, 1.77688662006e-07]
    },
    "gfcc": {
        "mean": [1.16403758526, 69.383934021, -111.927322388, 20.6274032593, -56.4546203613, 28.1131038666, -21.1841964722, 16.7942237854, -20.6971359253, 9.22270107269, -5.70199632645, 4.62730455399, -8.6835603714],
        "cov": [[12161.2880859, -30.5710105896, 202.03565979, 589.709777832, 102.02797699, 632.557983398, 244.291015625, 228.529846191, -225.262619019, 374.195404053, -56.4044189453, 45.693611145, -123.474586487], [-30.5710105896, 1914.89038086, 472.967834473, 357.741973877, 463.090759277, 65.623008728, 277.74911499, -77.8675689697, 172.462661743, -110.451828003, 168.901260376, -128.964172363, 99.5169830322], [202.03565979, 472.967834473, 1645.64172363, 657.835449219, 495.00390625, 385.053192139, 238.848251343, 43.5414962769, 195.193145752, 90.7286987305, -22.302898407, 33.1657981873, 29.5567722321], [589.709777832, 357.741973877, 657.835449219, 701.690429688, 353.657928467, 268.28616333, 185.523574829, 64.4140319824, 144.109802246, 27.9160289764, 30.6898002625, 4.83916664124, 59.0215377808], [102.02797699, 463.090759277, 495.00390625, 353.657928467, 589.224304199, 269.025085449, 279.719085693, 79.6282730103, 133.473129272, 60.4637680054, 73.4034042358, -3.91419267654, 53.5375518799], [632.557983398, 65.623008728, 385.053192139, 268.28616333, 269.025085449, 434.408050537, 243.526626587, 88.2168655396, 72.0648956299, 108.562416077, 42.3265190125, 37.7285804749, 14.2310466766], [244.291015625, 277.74911499, 238.848251343, 185.523574829, 279.719085693, 243.526626587, 375.55847168, 91.0025100708, 48.4935569763, 50.5643463135, 67.2717437744, 5.8923535347, 36.1288528442], [228.529846191, -77.8675689697, 43.5414962769, 64.4140319824, 79.6282730103, 88.2168655396, 91.0025100708, 262.314666748, 64.3800964355, 61.3588409424, 42.7085723877, 43.2591781616, 46.6632919312], [-225.262619019, 172.462661743, 195.193145752, 144.109802246, 133.473129272, 72.0648956299, 48.4935569763, 64.3800964355, 212.901107788, 49.4877433777, 52.0239944458, 11.0644178391, 24.2138957977], [374.195404053, -110.451828003, 90.7286987305, 27.9160289764, 60.4637680054, 108.562416077, 50.5643463135, 61.3588409424, 49.4877433777, 189.395095825, 39.3333854675, 36.8139915466, -5.02749013901], [-56.4044189453, 168.901260376, -22.302898407, 30.6898002625, 73.4034042358, 42.3265190125, 67.2717437744, 42.7085723877, 52.0239944458, 39.3333854675, 144.893707275, 22.8801441193, 26.6739883423], [45.693611145, -128.964172363, 33.1657981873, 4.83916664124, -3.91419267654, 37.7285804749, 5.8923535347, 43.2591781616, 11.0644178391, 36.8139915466, 22.8801441193, 127.97869873, 28.5547237396], [-123.474586487, 99.5169830322, 29.5567722321, 59.0215377808, 53.5375518799, 14.2310466766, 36.1288528442, 46.6632919312, 24.2138957977, -5.02749013901, 26.6739883423, 28.5547237396, 116.695396423]],
        "icov": [[0.000114276423119, -7.72090861574e-05, 6.53003662592e-05, -0.000168731654412, 7.9374294728e-05, -0.000155810266733, 5.70034608245e-05, -0.000136222559377, 0.000278047926258, -0.00027296540793, 0.000147595608723, -5.03465489601e-05, 0.000184096876183], [-7.72090861574e-05, 0.00110086868517, -0.000251689139986, 5.42222041986e-05, -0.000468321086373, 0.000538754276931, -0.000555709877517, 0.00069155608071, -0.000613882031757, 0.000881528190803, -0.0012733245967, 0.00100877205841, -0.000729945255443], [6.53003662592e-05, -0.000251689139986, 0.00125806464348, -0.000830882403534, -0.000324077933328, -0.000464616547106, 0.000137129041832, 7.56726949476e-05, -0.000186510747881, -0.000501518021338, 0.00112337549217, -0.000612354720943, 0.000428108294727], [-0.000168731654412, 5.42222041986e-05, -0.000830882403534, 0.00318328617141, -0.000710393534973, -0.000711193191819, 0.000121696604765, 0.000102717036498, -0.0010851911502, 0.00108273618389, -0.000223575363634, 0.000418512907345, -0.00106994097587], [7.9374294728e-05, -0.000468321086373, -0.000324077933328, -0.000710393534973, 0.00399657012895, -0.000776239729021, -0.00140339916106, -0.000206868280657, -0.000463698728709, -0.000492562365253, -0.000112445479317, 0.000361597456504, -0.000284707377432], [-0.000155810266733, 0.000538754276931, -0.000464616547106, -0.000711193191819, -0.000776239729021, 0.00552289700136, -0.00248990184627, 0.000173737775185, -0.000246248440817, -0.00110760924872, -0.000331729272148, -0.000551646167878, 0.000451266736491], [5.70034608245e-05, -0.000555709877517, 0.000137129041832, 0.000121696604765, -0.00140339916106, -0.00248990184627, 0.00582173652947, -0.00123633327894, 0.00124782184139, -3.38355239364e-05, -0.000699644442648, 0.000267154711764, -8.84228647919e-05], [-0.000136222559377, 0.00069155608071, 7.56726949476e-05, 0.000102717036498, -0.000206868280657, 0.000173737775185, -0.00123633327894, 0.00553779862821, -0.00167144380976, -0.000259969790932, -0.000786021293607, -0.000353068375262, -0.00196125428192], [0.000278047926258, -0.000613882031757, -0.000186510747881, -0.0010851911502, -0.000463698728709, -0.000246248440817, 0.00124782184139, -0.00167144380976, 0.0076345554553, -0.00189935381059, -0.00106327387039, -0.0001070733706, 0.000541890272871], [-0.00027296540793, 0.000881528190803, -0.000501518021338, 0.00108273618389, -0.000492562365253, -0.00110760924872, -3.38355239364e-05, -0.000259969790932, -0.00189935381059, 0.00838643778116, -0.00237743044272, -0.000441442854935, 0.000421164993895], [0.000147595608723, -0.0012733245967, 0.00112337549217, -0.000223575363634, -0.000112445479317, -0.000331729272148, -0.000699644442648, -0.000786021293607, -0.00106327387039, -0.00237743044272, 0.0107882171869, -0.00236215791665, -7.6179356256e-05], [-5.03465489601e-05, 0.00100877205841, -0.000612354720943, 0.000418512907345, 0.000361597456504, -0.000551646167878, 0.000267154711764, -0.000353068375262, -0.0001070733706, -0.000441442854935, -0.00236215791665, 0.0105084124953, -0.00303848367184], [0.000184096876183, -0.000729945255443, 0.000428108294727, -0.00106994097587, -0.000284707377432, 0.000451266736491, -8.84228647919e-05, -0.00196125428192, 0.000541890272871, 0.000421164993895, -7.6179356256e-05, -0.00303848367184, 0.0113731501624]]
    },
    "melbands": {
        "dmean": [0.00221568765119, 0.00163600640371, 0.00123437645379, 0.000312467745971, 0.000230093020946, 0.000173108957824, 0.000158073293278, 0.000211976061109, 0.00012477778364, 0.000113587469968, 0.000165013581864, 0.000128662621137, 0.00015899236314, 0.000154306428158, 6.89799489919e-05, 4.83209332742e-05, 5.61993765587e-05, 4.31687294622e-05, 1.76488829311e-05, 2.1365343855e-05, 1.14689155453e-05, 8.16569172457e-06, 7.37853770261e-06, 6.36603272142e-06, 9.28643657971e-06, 5.9802027863e-06, 7.26709413357e-06, 7.74822456151e-06, 5.02624880028e-06, 3.48553658114e-06, 2.41788234234e-06, 2.50177868111e-06, 2.7689354738e-06, 3.03848446492e-06, 2.80930930785e-06, 2.27022792387e-06, 1.46219963426e-06, 1.06362551833e-06, 8.85717270194e-07, 8.15566124857e-07],
        "dmean2": [0.0031706255395, 0.00205130665563, 0.00227255816571, 0.000536919687875, 0.000405583356041, 0.000295741570881, 0.000255146500422, 0.00034789723577, 0.000204177587875, 0.000182489660801, 0.000256858329521, 0.00019548353157, 0.000236647581914, 0.000235774525208, 0.000105312858068, 7.54569337005e-05, 8.71069496498e-05, 6.7564258643e-05, 2.86022313958e-05, 3.49354959326e-05, 1.85115841305e-05, 1.32383047458e-05, 1.21554976431e-05, 1.04736500361e-05, 1.53108630911e-05, 9.78400657914e-06, 1.19878041005e-05, 1.27333933051e-05, 8.25600363896e-06, 5.64862739338e-06, 3.92708170693e-06, 4.11674091083e-06, 4.62496791442e-06, 5.05062553202e-06, 4.62698608317e-06, 3.73491525352e-06, 2.35768288803e-06, 1.66305596849e-06, 1.38959046581e-06, 1.27613884615e-06],
        "dvar": [3.53262003046e-05, 2.70926557278e-05, 3.2642390579e-05, 1.01998818991e-06, 3.85015511029e-07, 2.21409365508e-07, 1.33882494424e-07, 1.83613636295e-07, 7.42327870284e-08, 7.05265819079e-08, 1.08131665399e-07, 6.49690008458e-08, 1.00570474615e-07, 1.32886583515e-07, 3.03081151287e-08, 1.53429731142e-08, 1.90932691879e-08, 1.77118071321e-08, 2.15032502915e-09, 2.40763364801e-09, 8.37243663288e-10, 3.91763038676e-10, 2.60060029067e-10, 1.81886880557e-10, 3.6530956038e-10, 1.27282115403e-10, 2.13574172236e-10, 1.97626068288e-10, 8.87291906615e-11, 5.86947573877e-11, 2.88923156233e-11, 3.13355487391e-11, 5.4001102201e-11, 3.24484120129e-11, 2.16206098164e-11, 1.52780843532e-11, 8.55630670482e-12, 5.2970280072e-12, 4.25096112824e-12, 4.63552026625e-12],
        "dvar2": [7.59472677601e-05, 3.88189982914e-05, 9.32198599912e-05, 2.75819979834e-06, 1.09704296847e-06, 6.11864209077e-07, 3.3352699802e-07, 4.6386617214e-07, 1.79447908977e-07, 1.61360333095e-07, 2.45082048878e-07, 1.49116146986e-07, 2.05302484346e-07, 3.20598672943e-07, 6.64385524374e-08, 3.18072643779e-08, 4.44003909195e-08, 4.33630660268e-08, 4.89919527169e-09, 5.68688385272e-09, 1.92116988984e-09, 9.3169361115e-10, 6.39113484358e-10, 4.34443508945e-10, 9.49053613475e-10, 3.22235793604e-10, 5.72705827206e-10, 5.22893839339e-10, 2.09131004181e-10, 1.41313391544e-10, 6.81956158211e-11, 7.51138318211e-11, 1.40287489958e-10, 7.99434754506e-11, 5.31770009971e-11, 3.77454248413e-11, 1.99598861744e-11, 1.17839540209e-11, 9.40803771693e-12, 1.03650222086e-11],
        "max": [0.0718520432711, 0.0669605433941, 0.0560499317944, 0.0153468567878, 0.00723250443116, 0.0109429107979, 0.0099542234093, 0.00816271267831, 0.0048072594218, 0.00839921087027, 0.00725907739252, 0.00591955007985, 0.00767726264894, 0.00788222067058, 0.00480459164828, 0.0031396036502, 0.00312197464518, 0.00383615540341, 0.00175127224065, 0.00157856324222, 0.000592761964072, 0.000402521167416, 0.000351099530235, 0.00031571922591, 0.000331695599016, 0.000154447930981, 0.000227365104365, 0.00018641515635, 0.000113289061119, 0.000159711184097, 9.87409875961e-05, 9.30268579395e-05, 0.000130761967739, 6.78190335748e-05, 7.97500979388e-05, 9.41863690969e-05, 6.2021521444e-05, 5.01403483213e-05, 4.76491659356e-05, 4.65417033411e-05],
        "mean": [0.00775262759998, 0.00349617702886, 0.00100814923644, 0.000337376259267, 0.000251796358498, 0.000205283940886, 0.00022925902158, 0.000318419683026, 0.000168834449141, 0.000159181130584, 0.000334272161126, 0.000260382337729, 0.000340443395544, 0.000305726687657, 0.000103887672594, 7.36172369216e-05, 9.27685250645e-05, 7.55770524847e-05, 2.23200913751e-05, 3.09247661789e-05, 1.64975426742e-05, 1.04731971078e-05, 1.00655661299e-05, 8.73519275046e-06, 1.36827666211e-05, 9.9357257568e-06, 1.21680250231e-05, 1.3396615941e-05, 8.17331874714e-06, 5.21874562764e-06, 3.23922631651e-06, 3.16642899634e-06, 3.31851924784e-06, 3.67498023479e-06, 3.86484543924e-06, 3.173675168e-06, 2.02974774766e-06, 1.65677499808e-06, 1.45279614117e-06, 1.27031898955e-06],
        "median": [0.00634711002931, 0.00137144350447, 0.000151506043039, 6.99730444467e-05, 8.29735799925e-05, 7.20107418601e-05, 8.37086990941e-05, 0.000119103686302, 5.33703969268e-05, 3.8365360524e-05, 7.22852128092e-05, 5.5352345953e-05, 9.12198302103e-05, 7.00473974575e-05, 2.47193202085e-05, 1.81435480044e-05, 1.97540812223e-05, 1.45056637848e-05, 7.53346239435e-06, 9.24322284845e-06, 6.04684510108e-06, 4.22350331064e-06, 3.9539872887e-06, 4.09839049098e-06, 5.85013185628e-06, 4.46189960712e-06, 5.13385793965e-06, 5.01711065226e-06, 2.93198718282e-06, 1.63110416906e-06, 1.09988741315e-06, 9.7822146472e-07, 9.55155542215e-07, 1.23572260691e-06, 1.67650489402e-06, 1.31723402319e-06, 7.19443960406e-07, 6.31210127722e-07, 5.86251701407e-07, 4.81587846934e-07],
        "min": [2.99242945912e-24, 2.20859249346e-23, 5.9654182301e-24, 2.08206425298e-24, 3.69347712939e-24, 8.85884485676e-24, 9.27036992519e-24, 4.45292614462e-24, 6.42396926924e-24, 7.83216763216e-24, 1.01117697556e-23, 9.64168202011e-24, 8.68976198806e-24, 1.29386583314e-23, 4.77028330907e-24, 7.07062182465e-24, 1.00493006493e-23, 5.28573172986e-24, 6.69897288612e-24, 8.02514509769e-24, 1.11982142378e-23, 1.17553527741e-23, 1.11071000144e-23, 4.94828148929e-24, 1.0416819901e-23, 9.30903436473e-24, 2.84983732848e-24, 7.01739737937e-24, 7.7671891594e-24, 7.27658315181e-24, 1.47846322927e-23, 8.90686913095e-24, 1.12855222073e-23, 1.09499604998e-23, 1.18601308573e-23, 8.06497941796e-24, 6.96526235101e-24, 7.13622744183e-24, 8.22986081348e-24, 9.19032105369e-24],
        "var": [0.000105232080386, 5.875206989e-05, 2.08322544495e-05, 9.17694876534e-07, 3.1132989875e-07, 1.99770241238e-07, 1.96653616058e-07, 3.13802331675e-07, 1.18970262974e-07, 1.59521349019e-07, 4.64721807703e-07, 2.87985358227e-07, 5.20207720456e-07, 4.86443639147e-07, 6.57849525965e-08, 3.99159887365e-08, 5.48623475538e-08, 5.28101793407e-08, 3.38694472468e-09, 5.61420643308e-09, 1.51097256929e-09, 4.97953345224e-10, 3.93221205597e-10, 2.45237052887e-10, 4.71603256447e-10, 2.03539879395e-10, 3.33925692653e-10, 4.07611472353e-10, 1.62493088429e-10, 1.04675983159e-10, 3.73127501119e-11, 4.06200108272e-11, 5.13021500281e-11, 3.7861137836e-11, 3.28161109397e-11, 2.25076086241e-11, 1.39035267674e-11, 9.75665902236e-12, 7.51688381678e-12, 7.3409741827e-12]
    },
    "mfcc": {
        "mean": [-644.421813965, 105.850883484, 4.12942028046, 7.29748916626, -2.93845844269, 9.13484859467, 13.6410579681, 9.86418056488, -0.141685500741, 10.8445720673, -0.353768795729, 4.11895370483, 9.84257602692],
        "cov": [[7817.33789062, -132.93522644, -237.099746704, 27.799369812, -35.8377227783, 252.179550171, 302.713012695, 58.8554534912, 72.5338363647, 238.880477905, 48.4668998718, 83.9847488403, 18.9924850464], [-132.93522644, 1526.64404297, 243.998397827, 310.438720703, 226.366516113, 205.714797974, 202.554214478, 93.2969665527, 66.1457061768, 76.0604782104, 48.344581604, 53.9735031128, 10.6318054199], [-237.099746704, 243.998397827, 1092.40026855, 391.448974609, 356.143951416, 378.059448242, 84.6954421997, 136.027832031, 180.016418457, 42.1308708191, 114.867790222, 75.6000671387, -16.2999992371], [27.799369812, 310.438720703, 391.448974609, 511.750396729, 299.860565186, 237.38949585, 137.935379028, 134.116241455, 135.445159912, 65.2235946655, 46.5498313904, 52.7963562012, 13.0769720078], [-35.8377227783, 226.366516113, 356.143951416, 299.860565186, 435.3956604, 217.369155884, 108.460639954, 130.245803833, 131.949554443, 89.1607284546, 75.587272644, 73.2513961792, 21.3025531769], [252.179550171, 205.714797974, 378.059448242, 237.38949585, 217.369155884, 509.484008789, 204.789306641, 129.080078125, 112.693481445, 89.7632369995, 122.310058594, 48.6045722961, -2.47072124481], [302.713012695, 202.554214478, 84.6954421997, 137.935379028, 108.460639954, 204.789306641, 367.447723389, 148.346389771, 90.8289031982, 139.086547852, 34.0375671387, 28.3942165375, 45.1532783508], [58.8554534912, 93.2969665527, 136.027832031, 134.116241455, 130.245803833, 129.080078125, 148.346389771, 234.267333984, 93.1198348999, 73.048614502, 36.203540802, 35.5818901062, 43.9466552734], [72.5338363647, 66.1457061768, 180.016418457, 135.445159912, 131.949554443, 112.693481445, 90.8289031982, 93.1198348999, 197.491699219, 68.7770690918, 53.3042068481, 46.2850227356, 10.3952159882], [238.880477905, 76.0604782104, 42.1308708191, 65.2235946655, 89.1607284546, 89.7632369995, 139.086547852, 73.048614502, 68.7770690918, 193.31993103, 66.516746521, 36.4485969543, 39.1313972473], [48.4668998718, 48.344581604, 114.867790222, 46.5498313904, 75.587272644, 122.310058594, 34.0375671387, 36.203540802, 53.3042068481, 66.516746521, 163.233413696, 67.3161010742, 8.56532382965], [83.9847488403, 53.9735031128, 75.6000671387, 52.7963562012, 73.2513961792, 48.6045722961, 28.3942165375, 35.5818901062, 46.2850227356, 36.4485969543, 67.3161010742, 127.017906189, 49.8195266724], [18.9924850464, 10.6318054199, -16.2999992371, 13.0769720078, 21.3025531769, -2.47072124481, 45.1532783508, 43.9466552734, 10.3952159882, 39.1313972473, 8.56532382965, 49.8195266724, 145.207504272]],
