{
"lowlevel": {
    "average_loudness": 0.777070760727,
    "barkbands_crest": {
        "dmean": 3.4274969101,
        "dmean2": 5.61823415756,
        "dvar": 9.29061222076,
        "dvar2": 25.132976532,
        "max": 26.2546882629,
        "mean": 13.2892990112,
        "median": 12.8420276642,
        "min": 3.0264737606,
        "var": 25.9566192627
    },
    "barkbands_flatness_db": {
        "dmean": 0.0291980151087,
        "dmean2": 0.0461083352566,
        "dvar": 0.000846714654472,
        "dvar2": 0.002157950541,
        "max": 0.911885678768,
        "mean": 0.190020829439,
        "median": 0.155082926154,
        "min": 0.0199966430664,
        "var": 0.0144537650049
    },
    "barkbands_kurtosis": {
        "dmean": 8.0524148941,
        "dmean2": 13.1988954544,
        "dvar": 418.120056152,
        "dvar2": 1069.50842285,
        "max": 533.741821289,
        "mean": 12.6443538666,
        "median": 3.14189505577,
        "min": -1.93146300316,
        "var": 912.453491211
    },
    "barkbands_skewness": {
        "dmean": 0.816811680794,
        "dmean2": 1.28826141357,
        "dvar": 0.929721474648,
        "dvar2": 2.30068850517,
        "max": 17.6830673218,
        "mean": 2.12451243401,
        "median": 1.64861607552,
        "min": -3.67616653442,
        "var": 4.01800203323
    },
    "barkbands_spread": {
        "dmean": 5.40719079971,
        "dmean2": 8.49518680573,
        "dvar": 60.5452919006,
        "dvar2": 137.724365234,
        "max": 120.528663635,
        "mean": 17.4547843933,
        "median": 15.3212757111,
        "min": 0.0428278893232,
        "var": 184.886001587
    },
    "dissonance": {
        "dmean": 0.0248928517103,
        "dmean2": 0.0419099703431,
        "dvar": 0.00065447477391,
        "dvar2": 0.00180815113708,
        "max": 0.500000059605,
        "mean": 0.452779710293,
        "median": 0.465921342373,
        "min": 0.155721858144,
        "var": 0.00180545763578
    },
    "dynamic_complexity": 5.98250246048,
    "erbbands_crest": {
        "dmean": 3.15153837204,
        "dmean2": 5.08494138718,
        "dvar": 8.22172164917,
        "dvar2": 19.8394813538,
        "max": 30.6549835205,
        "mean": 10.7933330536,
        "median": 9.68900489807,
        "min": 2.19101905823,
        "var": 28.4031829834
    },
    "erbbands_flatness_db": {
        "dmean": 0.0192377865314,
        "dmean2": 0.0286536794156,
        "dvar": 0.000391881243559,
        "dvar2": 0.000873866898473,
        "max": 0.53726619482,
        "mean": 0.177673518658,
        "median": 0.16070920229,
        "min": 0.0235973466188,
        "var": 0.00573763810098
    },
    "erbbands_kurtosis": {
        "dmean": 2.06874084473,
        "dmean2": 3.33393239975,
        "dvar": 39.4523620605,
        "dvar2": 105.693504333,
        "max": 236.604553223,
        "mean": 2.91919660568,
        "median": 0.470152020454,
        "min": -1.85136532784,
        "var": 112.578109741
    },
    "erbbands_skewness": {
        "dmean": 0.44187605381,
        "dmean2": 0.683152735233,
        "dvar": 0.254649937153,
        "dvar2": 0.611440658569,
        "max": 11.1561794281,
        "mean": 0.714580059052,
        "median": 0.521896481514,
        "min": -3.9000108242,
        "var": 1.25846338272
    },
    "erbbands_spread": {
        "dmean": 8.21677398682,
        "dmean2": 12.6834115982,
        "dvar": 110.536087036,
        "dvar2": 254.327896118,
        "max": 167.436813354,
        "mean": 33.5115661621,
        "median": 30.0983810425,
        "min": 0.620989143848,
        "var": 414.062438965
    },
    "hfc": {
        "dmean": 5.89010381699,
        "dmean2": 8.29964542389,
        "dvar": 73.0209732056,
        "dvar2": 145.180908203,
        "max": 161.053405762,
        "mean": 21.8587474823,
        "median": 18.4125442505,
        "min": 1.09818496591e-16,
        "var": 393.625610352
    },
    "melbands_crest": {
        "dmean": 3.9905898571,
        "dmean2": 6.53080129623,
        "dvar": 12.7798681259,
        "dvar2": 33.6174926758,
        "max": 39.0533790588,
        "mean": 17.5334739685,
        "median": 17.0955886841,
        "min": 1.64195811749,
        "var": 43.6933288574
    },
    "melbands_flatness_db": {
        "dmean": 0.0344548001885,
        "dmean2": 0.0536510422826,
        "dvar": 0.00113229081035,
        "dvar2": 0.00279437680729,
        "max": 1,
        "mean": 0.2638694942,
        "median": 0.2254088521,
        "min": 0.00370566709898,
        "var": 0.0203705616295
    },
    "melbands_kurtosis": {
        "dmean": 15.5848798752,
        "dmean2": 25.6630077362,
        "dvar": 1506.54724121,
        "dvar2": 3999.8269043,
        "max": 1244.00244141,
        "mean": 26.2402610779,
        "median": 9.64870548248,
        "min": -1.84541380405,
        "var": 3161.63696289
    },
    "melbands_skewness": {
        "dmean": 1.05065345764,
        "dmean2": 1.6755348444,
        "dvar": 1.50362491608,
        "dvar2": 3.77614402771,
        "max": 30.0484294891,
        "mean": 3.12190175056,
        "median": 2.57342433929,
        "min": -1.63508713245,
        "var": 6.19782161713
    },
    "melbands_spread": {
        "dmean": 6.27345848083,
        "dmean2": 9.91690063477,
        "dvar": 92.5785751343,
        "dvar2": 198.347824097,
        "max": 210.102096558,
        "mean": 18.4579486847,
        "median": 14.8646373749,
        "min": 0.0443499460816,
        "var": 364.407592773
    },
    "pitch_salience": {
        "dmean": 0.0883456915617,
        "dmean2": 0.14583542943,
        "dvar": 0.00694548897445,
        "dvar2": 0.0186239425093,
        "max": 0.964781343937,
        "mean": 0.476580440998,
        "median": 0.475953727961,
        "min": 0.0442027933896,
        "var": 0.0224351789802
    },
    "silence_rate_20dB": {
        "dmean": 0,
        "dmean2": 0,
        "dvar": 0,
        "dvar2": 0,
        "max": 1,
        "mean": 1,
        "median": 1,
        "min": 1,
        "var": 0
    },
    "silence_rate_30dB": {
        "dmean": 0.0436779260635,
        "dmean2": 0.087364770472,
        "dvar": 0.0417742133141,
        "dvar2": 0.093202367425,
        "max": 1,
        "mean": 0.949795901775,
        "median": 1,
        "min": 0,
        "var": 0.0476867072284
    },
    "silence_rate_60dB": {
        "dmean": 0.0271456278861,
        "dmean2": 0.0542967952788,
        "dvar": 0.0264052301645,
        "dvar2": 0.0629787668586,
        "max": 1,
        "mean": 0.138163268566,
        "median": 0,
        "min": 0,
        "var": 0.119078591466
    },
    "spectral_centroid": {
        "dmean": 233.181900024,
        "dmean2": 354.19744873,
        "dvar": 116200.03125,
        "dvar2": 233942.359375,
        "max": 11582.9414062,
        "mean": 1256.76464844,
        "median": 1208.0098877,
        "min": 55.2320976257,
        "var": 1040540.4375
    },
    "spectral_complexity": {
        "dmean": 3.01336860657,
        "dmean2": 4.46131849289,
        "dvar": 13.5302562714,
        "dvar2": 26.4451961517,
        "max": 55,
        "mean": 15.9135713577,
        "median": 15,
        "min": 0,
        "var": 129.265975952
    },
    "spectral_decrease": {
        "dmean": 3.59124863181e-09,
        "dmean2": 5.87957416087e-09,
        "dvar": 2.75475066043e-17,
        "dvar2": 7.69698508298e-17,
        "max": 1.7536881313e-28,
        "mean": -9.16904863146e-09,
        "median": -6.08614669773e-09,
        "min": -5.62659714376e-08,
        "var": 7.87389651669e-17
    },
    "spectral_energy": {
        "dmean": 0.0138025470078,
        "dmean2": 0.022526955232,
        "dvar": 0.000400190590881,
        "dvar2": 0.00111275317613,
        "max": 0.215568453074,
        "mean": 0.0365887619555,
        "median": 0.0253976341337,
        "min": 1.01375386543e-20,
        "var": 0.0012011238141
    },
    "spectral_energyband_high": {
        "dmean": 0.000356249685865,
        "dmean2": 0.000488521589432,
        "dvar": 4.92054994083e-07,
        "dvar2": 9.83133418231e-07,
        "max": 0.0175543148071,
        "mean": 0.000726720492821,
        "median": 0.000338656420354,
        "min": 7.18140597919e-21,
        "var": 1.20653771774e-06
    },
    "spectral_energyband_low": {
        "dmean": 0.0115586938336,
        "dmean2": 0.0193051099777,
        "dvar": 0.000389785476727,
        "dvar2": 0.00109112530481,
        "max": 0.198613286018,
        "mean": 0.0198745504022,
        "median": 0.00442074239254,
        "min": 1.70503480976e-23,
        "var": 0.00077409169171
    },
    "spectral_energyband_middle_high": {
        "dmean": 0.00238153384998,
        "dmean2": 0.00352877634577,
        "dvar": 1.31045580929e-05,
        "dvar2": 2.81090779026e-05,
        "max": 0.0665150135756,
        "mean": 0.00740189477801,
        "median": 0.00393363460898,
        "min": 1.10624350255e-21,
        "var": 7.18866795069e-05
    },
    "spectral_energyband_middle_low": {
        "dmean": 0.00475069927052,
        "dmean2": 0.00789905246347,
        "dvar": 0.000101645549876,
        "dvar2": 0.000282723543933,
        "max": 0.10966835171,
        "mean": 0.00956352427602,
        "median": 0.00677145924419,
        "min": 1.6297867564e-22,
        "var": 0.000118039541121
    },
    "spectral_entropy": {
        "dmean": 0.195001617074,
        "dmean2": 0.285852372646,
        "dvar": 0.0467580221593,
        "dvar2": 0.0965820476413,
        "max": 9.82792758942,
        "mean": 7.26815462112,
        "median": 7.47180509567,
        "min": 3.27480769157,
        "var": 0.716068863869
    },
    "spectral_flux": {
        "dmean": 0.0298494584858,
        "dmean2": 0.0479447878897,
        "dvar": 0.0011999522103,
        "dvar2": 0.00255383341573,
        "max": 0.412762910128,
        "mean": 0.0952478945255,
        "median": 0.0877006500959,
        "min": 6.320387963e-11,
        "var": 0.00450628297403
    },
    "spectral_kurtosis": {
        "dmean": 4.2328619957,
        "dmean2": 7.06975412369,
        "dvar": 300.456451416,
        "dvar2": 947.514404297,
        "max": 708.165283203,
        "mean": 11.7177934647,
        "median": 4.71283245087,
        "min": -1.25911200047,
        "var": 1208.41577148
    },
    "spectral_rms": {
        "dmean": 0.000983771169558,
        "dmean2": 0.00156740751117,
        "dvar": 1.29019042561e-06,
        "dvar2": 3.45529497281e-06,
        "max": 0.0145020922646,
        "mean": 0.00519304489717,
        "median": 0.00497776828706,
        "min": 3.14488170748e-12,
        "var": 8.72860800882e-06
    },
    "spectral_rolloff": {
        "dmean": 439.119354248,
        "dmean2": 749.01574707,
        "dvar": 1106329.75,
        "dvar2": 2491442.25,
        "max": 19315.2832031,
        "mean": 1261.33764648,
        "median": 882.861328125,
        "min": 21.533203125,
        "var": 4123457.5
    },
    "spectral_skewness": {
        "dmean": 0.322953015566,
        "dmean2": 0.507377505302,
        "dvar": 0.316269665956,
        "dvar2": 0.909424185753,
        "max": 23.8602848053,
        "mean": 2.15586686134,
        "median": 1.72581219673,
        "min": -0.0799111649394,
        "var": 3.31108188629
    },
    "spectral_spread": {
        "dmean": 628288.75,
        "dmean2": 920127.875,
        "dvar": 1.26056975565e+12,
        "dvar2": 2.47615507661e+12,
        "max": 41958928,
        "mean": 4784291,
        "median": 4437116,
        "min": 253639.90625,
        "var": 1.15568321495e+13
    },
    "spectral_strongpeak": {
        "dmean": 0.491822093725,
        "dmean2": 0.844395637512,
        "dvar": 0.81906658411,
        "dvar2": 2.09597826004,
        "max": 10.0561904907,
        "mean": 0.945247113705,
        "median": 0.4710521698,
        "min": 0,
        "var": 1.58945047855
    },
    "zerocrossingrate": {
        "dmean": 0.010117970407,
        "dmean2": 0.0121179269627,
        "dvar": 0.000299601408187,
        "dvar2": 0.00034472567495,
        "max": 0.75048828125,
        "mean": 0.0536015741527,
        "median": 0.04541015625,
        "min": 0.00048828125,
        "var": 0.00319977314211
    },
    "barkbands": {
        "dmean": [0.000552517652977, 0.00984105374664, 0.0029131998308, 0.00146592943929, 0.00131743191741, 0.00125375413336, 0.00116757117212, 0.000518612971064, 0.000681380741298, 0.0012551380787, 0.000726595812012, 0.000534903607331, 0.000484007381601, 0.000340581464116, 0.00035656185355, 0.000247201271122, 0.000212099199416, 0.000184338830877, 0.000189819809748, 0.000134880421683, 6.30915892543e-05, 5.87330505368e-05, 7.99732806627e-05, 9.8472701211e-05, 5.48617244931e-05, 3.03363758576e-05, 4.55285544376e-06],
        "dmean2": [0.000868789618835, 0.0160730704665, 0.00533964205533, 0.00274930428714, 0.00225630169734, 0.00200783251785, 0.00185195007361, 0.000857338716742, 0.00108845857903, 0.00192201405298, 0.00111490732525, 0.000823960814159, 0.000764449068811, 0.000547033909243, 0.000563155510463, 0.000381765014026, 0.000328745343722, 0.000284897745587, 0.000291479547741, 0.000204905241844, 9.41383623285e-05, 8.34087259136e-05, 0.000115915448987, 0.000142730365042, 7.98584442236e-05, 4.55486697319e-05, 7.00796226738e-06],
        "dvar": [3.40888732353e-06, 0.000277471408481, 8.08532859082e-05, 3.09389361064e-05, 1.07038767965e-05, 8.41808741825e-06, 6.74892498864e-06, 2.25557869271e-06, 2.76555101664e-06, 7.89378373156e-06, 3.9543465391e-06, 2.39879773289e-06, 1.17677575417e-06, 8.94019080988e-07, 5.83078190175e-07, 4.96439440667e-07, 2.28456741524e-07, 1.31443385953e-07, 1.12390502238e-07, 8.33650659615e-08, 2.013999989e-08, 2.0394187672e-08, 3.35161303155e-08, 5.17003826417e-08, 2.21931752975e-08, 9.83604664384e-09, 3.31040278523e-10],
        "dvar2": [9.15263535717e-06, 0.000744821561966, 0.000239337357925, 9.2653594038e-05, 2.85419991997e-05, 2.07558568945e-05, 1.65427427419e-05, 5.49554124518e-06, 6.56082102068e-06, 1.71559822775e-05, 8.42209647089e-06, 5.46168666915e-06, 2.7633936952e-06, 2.28148451242e-06, 1.306109084e-06, 1.05656090454e-06, 5.18070578437e-07, 2.949051634e-07, 2.61594323092e-07, 1.86477720376e-07, 4.42196466111e-08, 4.04037194812e-08, 7.2865688594e-08, 1.13849608852e-07, 4.83357069925e-08, 2.28197833962e-08, 7.08401115546e-10],
        "max": [0.0521877631545, 0.147977173328, 0.116158500314, 0.0582821033895, 0.0478983856738, 0.0558227412403, 0.0344525128603, 0.0391961075366, 0.0264639891684, 0.0453465804458, 0.0524577870965, 0.0302542075515, 0.0157099887729, 0.0239704716951, 0.0153807103634, 0.0211250316352, 0.0125010563061, 0.00713194580749, 0.00447875680402, 0.0153639148921, 0.0032707543578, 0.00346508622169, 0.00409823516384, 0.00483553251252, 0.00380405155011, 0.00332098267972, 0.000640141952317],
        "mean": [0.000707871571649, 0.0151741085574, 0.00338722276501, 0.00125571654644, 0.00190878671128, 0.00208153785206, 0.00183345831465, 0.000683312478941, 0.00103589461651, 0.00202934560366, 0.00137433398049, 0.000809237884823, 0.000803724862635, 0.00049658754142, 0.000601713603828, 0.000382326717954, 0.000397388648707, 0.000335531804012, 0.0004016032035, 0.000249941454967, 0.000106833140308, 9.61059922702e-05, 0.000128865038278, 0.000165717603522, 8.96257042768e-05, 4.60288865725e-05, 5.84593271924e-06],
        "median": [7.47884332668e-05, 0.00244695087895, 0.000648657325655, 0.000311358744511, 0.000867442868184, 0.000638748111669, 0.000525794399437, 0.000171511434019, 0.000271555094514, 0.000371550035197, 0.000191548839211, 0.000132557019242, 0.000139380339533, 9.4150986115e-05, 0.000131738372147, 9.91711422103e-05, 0.000132131855935, 0.0001081851442, 0.000133356341394, 9.27982182475e-05, 2.55331142398e-05, 2.30280820688e-05, 4.27032828156e-05, 5.37642627023e-05, 2.78135375993e-05, 1.35790060085e-05, 5.77255832468e-07],
        "min": [8.15767668799e-25, 2.84246325395e-24, 1.61841381973e-24, 1.24472459108e-24, 7.36851147968e-24, 7.15544961551e-24, 8.1055931328e-24, 1.30104872723e-23, 6.70677235389e-24, 1.90704457487e-23, 5.45646016241e-24, 2.65260537832e-23, 3.41162335996e-23, 3.91357681612e-23, 2.8928728463e-23, 5.21011546779e-23, 6.24839431195e-23, 6.98614712793e-23, 1.04025490917e-22, 1.82905314728e-22, 2.52008116387e-22, 3.36791554331e-22, 4.18631089596e-22, 6.31183791382e-22, 8.18061582437e-22, 1.31408919122e-21, 2.06646196005e-21],
        "var": [5.16333739142e-06, 0.000515356950928, 6.7425207817e-05, 1.76718640432e-05, 1.35634336402e-05, 1.41480732054e-05, 1.08814110718e-05, 3.04348282043e-06, 4.59448710899e-06, 1.67218004208e-05, 1.44824307426e-05, 4.92589379064e-06, 2.85899545815e-06, 1.33546552661e-06, 1.46143361235e-06, 8.77720481185e-07, 5.9508488448e-07, 3.33950737286e-07, 3.58800008371e-07, 1.71825760731e-07, 4.41413732233e-08, 4.00491870778e-08, 6.24429432605e-08, 9.7254769571e-08, 4.09917007005e-08, 1.44581857597e-08, 5.78726011558e-10]
    },
    "erbbands": {
        "dmean": [0.352001219988, 2.0799062252, 3.0942029953, 4.43454217911, 4.36236858368, 4.59086894989, 6.91782569885, 11.1222362518, 16.1472625732, 15.1693572998, 10.6492042542, 15.4943027496, 31.0985088348, 34.0841712952, 25.1548252106, 24.1916790009, 22.4122676849, 17.1160488129, 15.9121541977, 16.9768314362, 13.2169971466, 9.90736865997, 8.65667152405, 9.60586547852, 9.21847820282, 6.69985151291, 3.0646481514, 2.21628284454, 1.93542206287, 2.3521091938, 2.34882616997, 2.33845567703, 1.41951835155, 0.725758016109, 0.351069241762, 0.159632444382, 0.0520390272141, 0.0086859120056, 0.000867397116963, 3.49394213117e-05],
        "dmean2": [0.552750468254, 3.4768910408, 5.47119092941, 8.27648639679, 7.98582696915, 7.62686491013, 10.9188566208, 17.9134082794, 25.6377773285, 23.9667797089, 17.1498584747, 24.1929264069, 47.6721153259, 52.5760040283, 38.3798599243, 36.3985557556, 34.7205696106, 26.6265602112, 24.967874527, 26.6694869995, 20.0546226501, 14.7688989639, 13.3746213913, 14.8997049332, 13.9525747299, 10.1700820923, 4.59335851669, 3.21732640266, 2.74853229523, 3.40303468704, 3.3754401207, 3.43673849106, 2.06272768974, 1.05964493752, 0.520263075829, 0.239148631692, 0.0783626064658, 0.0129040032625, 0.00132528331596, 5.41667650396e-05],
        "dvar": [0.394785344601, 12.8035955429, 80.2836608887, 231.183227539, 235.268981934, 130.329025269, 362.355438232, 745.111755371, 1277.14562988, 1817.32824707, 811.507019043, 1429.53283691, 8041.79101562, 5779.22753906, 4540.69970703, 4673.23583984, 2481.58618164, 2237.71972656, 1562.55371094, 1517.51843262, 1390.94995117, 464.934936523, 305.765014648, 367.492095947, 254.347381592, 196.832138062, 60.3553543091, 26.8247337341, 22.3232860565, 28.9328670502, 29.3202972412, 28.9777431488, 12.2053136826, 3.04852890968, 1.46475350857, 0.273591428995, 0.0299637652934, 0.000998042407446, 1.27834928207e-05, 1.10026112665e-08],
        "dvar2": [0.942617952824, 36.376865387, 225.126205444, 700.74987793, 690.846862793, 324.752044678, 866.856811523, 1865.33166504, 3169.8269043, 4402.66015625, 1949.1463623, 3309.38549805, 18066.9746094, 13205.078125, 9632.89453125, 10322.8808594, 5804.14111328, 5312.75830078, 3492.12573242, 3492.40405273, 2955.49023438, 1042.59375, 704.795471191, 852.65045166, 574.368347168, 434.286193848, 135.596939087, 56.9176101685, 44.2260093689, 60.6779937744, 62.0124702454, 64.6024246216, 26.5913391113, 6.72536945343, 3.30774950981, 0.61993175745, 0.0721047222614, 0.00223240838386, 2.76433820545e-05, 2.28071694863e-08],
        "max": [5.9781036377, 33.647857666, 129.167678833, 148.248779297, 186.982971191, 236.595565796, 426.813110352, 504.995880127, 516.26953125, 1101.77441406, 530.664794922, 771.629333496, 1774.56884766, 1554.77490234, 1684.13708496, 1526.84973145, 717.53125, 1366.10791016, 886.699829102, 1029.1739502, 1054.59472656, 564.881958008, 426.081878662, 384.196166992, 218.84854126, 720.12890625, 307.144989014, 119.424499512, 132.559906006, 97.2490158081, 128.296844482, 172.423233032, 81.6443710327, 38.6767158508, 42.0709953308, 16.0892295837, 5.72828102112, 1.01229739189, 0.126450493932, 0.0039161038585],
        "mean": [0.481553524733, 3.17469000816, 4.45507526398, 4.28619098663, 4.53797626495, 6.91959190369, 11.3583059311, 17.5225410461, 25.8483161926, 22.5298843384, 16.289806366, 25.6010723114, 48.0571975708, 64.278427124, 47.7334136963, 39.9602851868, 39.2254753113, 28.0868167877, 26.5850086212, 29.5406341553, 23.4163417816, 20.0424976349, 17.4284687042, 19.8756961823, 20.1999378204, 13.1822528839, 5.4238615036, 3.68498253822, 3.26885890961, 3.71985721588, 3.80793452263, 3.82347536087, 2.36746644974, 1.17872929573, 0.547268509865, 0.236898809671, 0.0775365307927, 0.0132347699255, 0.00115990906488, 7.62843192206e-05],
        "median": [0.0797468423843, 0.417954742908, 0.849825978279, 1.27799701691, 1.77677166462, 2.92370986938, 4.1088142395, 5.75335597992, 7.92119264603, 7.22304344177, 5.22156572342, 7.53887939453, 11.112455368, 15.711315155, 12.0210323334, 9.48777770996, 9.10814666748, 7.35175132751, 6.9202003479, 7.83382940292, 7.04103755951, 7.03731441498, 6.72660446167, 6.4575958252, 7.67797470093, 4.98554563522, 1.66040539742, 0.926769256592, 0.80414044857, 1.0322920084, 1.27953886986, 1.28504920006, 0.734826564789, 0.353084564209, 0.154123693705, 0.0685462281108, 0.0218112580478, 0.00295922276564, 0.000159063900355, 4.74556218251e-05],
        "min": [7.8361390735e-23, 9.31155559574e-22, 2.80354289373e-21, 7.90164684038e-21, 2.09678055288e-20, 3.08069331226e-20, 3.7622067727e-20, 6.7583240985e-20, 1.51496203409e-19, 1.68235754068e-19, 3.49591600777e-19, 2.53573560947e-19, 4.9285251033e-19, 5.33305726488e-19, 1.11045605795e-18, 1.09100428546e-18, 1.76085783384e-18, 2.18782592537e-18, 2.63347154833e-18, 2.90083059118e-18, 3.49811744558e-18, 4.2015257823e-18, 4.69311467085e-18, 6.19151802249e-18, 8.02943972451e-18, 9.17384658352e-18, 9.87112096241e-18, 1.02274538267e-17, 1.09874682007e-17, 1.17661305344e-17, 1.17410074048e-17, 1.06752770026e-17, 8.86839856181e-18, 7.73794954845e-18, 5.86211898614e-18, 4.2022979554e-18, 2.43119652365e-18, 9.71061338879e-19, 2.66302164514e-19, 2.65718782462e-20],
        "var": [0.644828081131, 23.2718849182, 80.6292877197, 142.697799683, 148.845733643, 230.402526855, 602.625244141, 1098.21118164, 2131.07373047, 2517.55126953, 1367.97180176, 2718.32885742, 14696.5351562, 15164.4648438, 14095.1269531, 10291.78125, 6194.77929688, 4152.55908203, 3367.74682617, 3821.42236328, 2776.65454102, 1357.5020752, 833.492553711, 1008.2678833, 841.618652344, 458.949188232, 123.352127075, 52.0104827881, 44.8303260803, 55.5199279785, 55.6148529053, 51.643157959, 22.7392597198, 5.76391363144, 2.33877825737, 0.402055561543, 0.0425107330084, 0.0017143212026, 2.2220217943e-05, 2.15243769475e-08]
    },
    "gfcc": {
        "mean": [-59.7451667786, 92.9428634644, -105.777030945, 19.8465671539, -52.7263145447, 12.9199180603, -33.7320594788, 12.9392929077, -23.3350296021, -1.63926291466, -6.82786369324, 1.12601280212, -8.94040489197],
        "cov": [[38396.2070312, -3122.88256836, -3896.29150391, 284.729187012, -1590.84155273, 1228.46154785, -1211.32189941, 1398.52709961, -721.369445801, 726.909301758, 22.3742961884, 587.36920166, -492.047698975], [-3122.88256836, 2799.96337891, 836.283813477, 292.039886475, 541.327209473, -273.914581299, 447.780944824, -231.381576538, 141.391189575, -273.70135498, 68.2665939331, -175.481674194, 157.860565186], [-3896.29150391, 836.283813477, 2394.98754883, 790.097900391, 625.430175781, 363.006469727, 370.651611328, 33.6020812988, 348.533203125, 32.7070045471, 39.2132377625, 6.75177812576, 28.5070228577], [284.729187012, 292.039886475, 790.097900391, 961.190002441, 413.984558105, 407.415771484, 246.182678223, 153.6953125, 261.644683838, 135.558624268, 35.8522758484, 40.0086135864, 55.3861694336], [-1590.84155273, 541.327209473, 625.430175781, 413.984558105, 723.44744873, 228.750946045, 348.671051025, 93.4824523926, 217.393081665, 80.2205276489, 36.029624939, 3.71504497528, 82.4484481812], [1228.46154785, -273.914581299, 363.006469727, 407.415771484, 228.750946045, 582.02130127, 128.915252686, 194.967071533, 154.350631714, 155.714370728, 42.0191726685, 65.9212875366, -25.0130290985], [-1211.32189941, 447.780944824, 370.651611328, 246.182678223, 348.671051025, 128.915252686, 434.753448486, 41.1173400879, 123.114128113, 52.7583007812, 4.56527757645, 2.44746518135, 67.1856918335], [1398.52709961, -231.381576538, 33.6020812988, 153.6953125, 93.4824523926, 194.967071533, 41.1173400879, 287.002258301, 54.5767440796, 99.618019104, 42.6114997864, 62.3355941772, -1.94388771057], [-721.369445801, 141.391189575, 348.533203125, 261.644683838, 217.393081665, 154.350631714, 123.114128113, 54.5767440796, 234.636932373, 80.5259628296, 26.5661182404, 22.3157920837, 33.4627075195], [726.909301758, -273.70135498, 32.7070045471, 135.558624268, 80.2205276489, 155.714370728, 52.7583007812, 99.618019104, 80.5259628296, 200.597473145, 9.11365890503, 56.0571365356, -0.822230637074], [22.3742961884, 68.2665939331, 39.2132377625, 35.8522758484, 36.029624939, 42.0191726685, 4.56527757645, 42.6114997864, 26.5661182404, 9.11365890503, 148.834762573, 19.0578651428, 7.57756948471], [587.36920166, -175.481674194, 6.75177812576, 40.0086135864, 3.71504497528, 65.9212875366, 2.44746518135, 62.3355941772, 22.3157920837, 56.0571365356, 19.0578651428, 116.048988342, 20.2181186676], [-492.047698975, 157.860565186, 28.5070228577, 55.3861694336, 82.4484481812, -25.0130290985, 67.1856918335, -1.94388771057, 33.4627075195, -0.822230637074, 7.57756948471, 20.2181186676, 118.99848175]],
        "icov": [[7.11346583557e-05, -8.97394493222e-05, 0.000124154204968, -0.000120405456983, 0.000115103313874, -0.000166976009496, 0.000156054738909, -0.00026046554558, 0.000251217017649, -0.000183690033737, 0.000103566511825, -0.000244272581767, 0.000195266198716], [-8.97394493222e-05, 0.000902384868823, -0.000253699516179, -5.20526737091e-05, -0.000444359960966, 0.000695818569511, -0.000747132813558, 0.000589742267039, -0.000505942618474, 0.00114832783584, -0.000624033622444, 0.0009124824428, -0.000562638510019], [0.000124154204968, -0.000253699516179, 0.00094079709379, -0.000568140472751, -5.15298961545e-05, -0.000417139061028, 0.000192218998563, -0.000224212984904, -5.3333100368e-05, 5.46087467228e-05, 0.000230125035159, -0.000717454240657, 0.000847427058034], [-0.000120405456983, -5.20526737091e-05, -0.000568140472751, 0.00242100050673, -0.000322368461639, -0.000718064140528, -0.000191806146177, 7.72051134845e-05, -0.00120428821538, -0.000167234364199, 7.44379285607e-05, 0.000584985944442, -0.00100419530645], [0.000115103313874, -0.000444359960966, -5.15298961545e-05, -0.000322368461639, 0.0033357667271, -0.000683138088789, -0.00106719403993, -0.000922079314478, -0.00051687087398, -0.000711456639692, 0.000100043129351, 0.000178670175956, -0.000535813276656], [-0.000166976009496, 0.000695818569511, -0.000417139061028, -0.000718064140528, -0.000683138088789, 0.00410524290055, -0.000886679859832, -0.000359272380592, -0.00111612456385, 2.92396998702e-05, -0.000755837885663, 0.000225382056669, 0.000975516682956], [0.000156054738909, -0.000747132813558, 0.000192218998563, -0.000191806146177, -0.00106719403993, -0.000886679859832, 0.00470834597945, -0.000654392875731, 0.000632682349533, -0.00142801972106, 0.000942433602177, -0.000558606174309, -0.000589212751947], [-0.00026046554558, 0.000589742267039, -0.000224212984904, 7.72051134845e-05, -0.000922079314478, -0.000359272380592, -0.000654392875731, 0.00633379071951, -0.000621911487542, -0.000154743509484, -0.00145864021033, -0.000443690427346, -0.000463201635284], [0.000251217017649, -0.000505942618474, -5.3333100368e-05, -0.00120428821538, -0.00051687087398, -0.00111612456385, 0.000632682349533, -0.000621911487542, 0.00893335230649, -0.00289643881842, -0.000190735619981, -0.000876630423591, -0.000331640738295], [-0.000183690033737, 0.00114832783584, 5.46087467228e-05, -0.000167234364199, -0.000711456639692, 2.92396998702e-05, -0.00142801972106, -0.000154743509484, -0.00289643881842, 0.00954770483077, -0.000141363299917, -0.00122347683646, 0.000182002753718], [0.000103566511825, -0.000624033622444, 0.000230125035159, 7.44379285607e-05, 0.000100043129351, -0.000755837885663, 0.000942433602177, -0.00145864021033, -0.000190735619981, -0.000141363299917, 0.00771518563852, -0.0015141145559, 0.000200807306101], [-0.000244272581767, 0.0009124824428, -0.000717454240657, 0.000584985944442, 0.000178670175956, 0.000225382056669, -0.000558606174309, -0.000443690427346, -0.000876630423591, -0.00122347683646, -0.0015141145559, 0.0128849642351, -0.00394391687587], [0.000195266198716, -0.000562638510019, 0.000847427058034, -0.00100419530645, -0.000535813276656, 0.000975516682956, -0.000589212751947, -0.000463201635284, -0.000331640738295, 0.000182002753718, 0.000200807306101, -0.00394391687587, 0.0118748378009]]
    },
    "melbands": {
        "dmean": [0.00295329769142, 0.00186586927157, 0.000763477641158, 0.000308541028062, 0.000225327385124, 0.000247900665272, 0.000245241739322, 0.000153220273205, 9.11713941605e-05, 9.98160467134e-05, 0.000158523995196, 0.000144461504533, 0.000101035235275, 6.27372573945e-05, 5.94306256971e-05, 4.23020792368e-05, 3.306004146e-05, 2.71278349828e-05, 2.2402171453e-05, 2.05843789445e-05, 1.65072924574e-05, 1.1181598893e-05, 1.21655748444e-05, 8.14439590613e-06, 8.50914238981e-06, 8.57082886796e-06, 5.79490006203e-06, 4.4045427785e-06, 2.20623155656e-06, 1.53164285166e-06, 1.4266895505e-06, 1.14242186555e-06, 1.20399943171e-06, 1.4088491298e-06, 1.44470186569e-06, 1.43102317907e-06, 1.52049130975e-06, 1.12613133751e-06, 8.07137780612e-07, 5.84767917644e-07],
        "dmean2": [0.00474583636969, 0.00318614114076, 0.00141691870522, 0.000540570705198, 0.000352846604073, 0.000398475414841, 0.000388382584788, 0.000243861562922, 0.000146981328726, 0.000156601541676, 0.00024288930581, 0.000222311849939, 0.000152880616952, 9.55589930527e-05, 9.21313403524e-05, 6.59857323626e-05, 5.17499611306e-05, 4.30954496551e-05, 3.52853239747e-05, 3.26920344378e-05, 2.51990477409e-05, 1.69979830389e-05, 1.90785540326e-05, 1.26488976093e-05, 1.33644452944e-05, 1.30485850605e-05, 8.95259199751e-06, 6.76498029861e-06, 3.41925692737e-06, 2.31481726587e-06, 2.12604822991e-06, 1.66775237176e-06, 1.77106926458e-06, 2.07919833883e-06, 2.10664529732e-06, 2.11871815736e-06, 2.26653196478e-06, 1.66260338119e-06, 1.1964539226e-06, 8.70957137522e-07],
        "dvar": [2.55436953012e-05, 1.6037702153e-05, 6.84733686285e-06, 7.13536735475e-07, 3.45468350815e-07, 3.39422797424e-07, 2.83878478058e-07, 1.86010481684e-07, 5.77034597882e-08, 5.80895687108e-08, 2.00479519208e-07, 1.08853541292e-07, 8.08997526747e-08, 3.22608535441e-08, 1.79541146395e-08, 9.32494081951e-09, 8.41258795958e-09, 4.77060924098e-09, 2.22200080557e-09, 2.8523055029e-09, 2.03239003405e-09, 7.65780217016e-10, 8.05194244613e-10, 2.5011573368e-10, 3.0976521348e-10, 2.74223144192e-10, 1.06960308666e-10, 1.13598234985e-10, 4.04033057011e-11, 1.78239974863e-11, 1.18076520783e-11, 8.32201581952e-12, 8.258576982e-12, 1.07096102819e-11, 1.18923820444e-11, 1.02383041281e-11, 1.28040017824e-11, 8.14884618117e-12, 3.50566776129e-12, 2.1325142173e-12],
        "dvar2": [6.6311469709e-05, 4.43175777036e-05, 2.06027307286e-05, 2.00346016754e-06, 8.08999061519e-07, 8.4035434611e-07, 6.97789118931e-07, 4.48958360266e-07, 1.40932655768e-07, 1.36148344154e-07, 4.48794111207e-07, 2.45707667546e-07, 1.67187721445e-07, 7.32117158009e-08, 4.13617833317e-08, 2.19653841782e-08, 2.00168894793e-08, 1.09604778586e-08, 5.09743403043e-09, 6.82516088091e-09, 4.39161063071e-09, 1.70824621115e-09, 1.83762971506e-09, 5.93361249024e-10, 7.30686511297e-10, 6.22103202286e-10, 2.52396104017e-10, 2.65670208055e-10, 9.85103040807e-11, 4.07970740524e-11, 2.61259815865e-11, 1.73623424665e-11, 1.6507392675e-11, 2.40530095841e-11, 2.58456901714e-11, 2.22011402318e-11, 3.00207012027e-11, 1.77401791174e-11, 7.89547247027e-12, 4.82522875822e-12],
        "max": [0.0467449277639, 0.0578582845628, 0.0246344804764, 0.0098636560142, 0.0133784636855, 0.0108910063282, 0.00741926208138, 0.0114534534514, 0.00446237809956, 0.00518195284531, 0.00880244653672, 0.00687140598893, 0.00792377348989, 0.00429691141471, 0.00235426076688, 0.00159298861399, 0.00239533744752, 0.00170788634568, 0.0010088107083, 0.0016906040255, 0.00123672117479, 0.000805496005341, 0.000857756007463, 0.000315203302307, 0.000336839584634, 0.000272702309303, 0.000250182929449, 0.000593304517679, 0.000295464502415, 0.000155495334184, 7.98005930847e-05, 8.06209354778e-05, 5.41918343515e-05, 6.59820725559e-05, 7.72003477323e-05, 8.00001071184e-05, 9.29279485717e-05, 6.92368121236e-05, 3.70224333892e-05, 3.32249874191e-05],
        "mean": [0.00430589402094, 0.00306563777849, 0.000760084483773, 0.000404180667829, 0.000389749009628, 0.000402637466323, 0.00039731306606, 0.000219948808081, 0.000140922391438, 0.000155767716933, 0.000238513282966, 0.000259624881437, 0.000190671926248, 9.61124969763e-05, 9.69342654571e-05, 6.98303119862e-05, 4.99861962453e-05, 4.13396592194e-05, 3.83719088859e-05, 3.26464796672e-05, 2.67806062766e-05, 2.0312209017e-05, 2.0412284357e-05, 1.50016267071e-05, 1.54682893481e-05, 1.71016836248e-05, 1.09493730633e-05, 7.78658886702e-06, 3.42324142366e-06, 2.42006353801e-06, 2.12292025026e-06, 1.81438235813e-06, 1.87167438526e-06, 2.10801681533e-06, 2.20604533752e-06, 2.20425181396e-06, 2.38609209191e-06, 1.77955485015e-06, 1.26715747228e-06, 8.82256017576e-07],
        "median": [0.0007561109378, 0.000507737277076, 0.000246246141614, 0.00017338769976, 0.000157919916091, 0.00012527796207, 0.00011843075481, 6.76700292388e-05, 3.98803313146e-05, 4.2529667553e-05, 4.66632918688e-05, 5.52409510419e-05, 3.02288899547e-05, 1.75457571459e-05, 1.92826992134e-05, 1.32935529109e-05, 8.95873381523e-06, 8.2327205746e-06, 9.17977195058e-06, 8.16867577669e-06, 6.94817936164e-06, 6.41341648588e-06, 5.62854756936e-06, 4.90714046464e-06, 4.23860547016e-06, 5.16431009601e-06, 4.43112003268e-06, 2.54693782153e-06, 8.78088485479e-07, 5.41890926797e-07, 4.50293043741e-07, 4.02495686558e-07, 4.30241527738e-07, 5.62671857551e-07, 6.75840908571e-07, 7.24286451259e-07, 7.22430058886e-07, 4.9959203352e-07, 3.62106447938e-07, 2.34828860357e-07],
        "min": [8.1861614692e-25, 1.5032508758e-24, 1.78347389225e-24, 1.80394996033e-24, 1.41599980285e-24, 1.82239648653e-24, 2.32367203508e-24, 1.51460938815e-24, 2.57680014462e-24, 1.47790871922e-24, 2.20023048898e-24, 2.03730231306e-24, 2.22226850166e-24, 2.71204009163e-24, 2.92081962438e-24, 3.36155798706e-24, 3.58578223304e-24, 3.45455009386e-24, 2.79059860766e-24, 3.87866341018e-24, 3.08034741537e-24, 3.8409479703e-24, 4.7198786471e-24, 3.74571589296e-24, 4.32641218252e-24, 3.91720636515e-24, 4.74994726379e-24, 6.08106878868e-24, 4.51768136975e-24, 5.93317472389e-24, 5.87481558298e-24, 5.27204223214e-24, 5.24916132158e-24, 6.53497935354e-24, 5.79361813001e-24, 4.64872378788e-24, 7.19344825645e-24, 5.41532501051e-24, 6.09233569456e-24, 6.30280102306e-24],
        "var": [4.41185839009e-05, 2.34590570471e-05, 4.271119451e-06, 7.11088546268e-07, 6.16415036347e-07, 5.51009804894e-07, 4.8606858627e-07, 2.49965808052e-07, 9.8582589203e-08, 9.99175853167e-08, 3.68744736079e-07, 2.71924506023e-07, 2.88847360252e-07, 6.52536797929e-08, 4.10468494749e-08, 2.198939697e-08, 1.4867455711e-08, 9.12529873887e-09, 5.53704104789e-09, 5.34283417508e-09, 4.01383015713e-09, 1.84658566216e-09, 1.79652159815e-09, 6.57856935593e-10, 7.27639892784e-10, 8.28582646939e-10, 2.43385644971e-10, 2.05416822441e-10, 6.08441561023e-11, 3.25182554495e-11, 1.98557489894e-11, 1.52196328457e-11, 1.59046907589e-11, 1.86307254346e-11, 2.07943384734e-11, 1.87885575154e-11, 2.10801081452e-11, 1.46433039305e-11, 6.5283334294e-12, 3.70231883345e-12]
    },
    "mfcc": {
        "mean": [-693.599975586, 121.91368866, 6.75832366943, 12.1394815445, 7.23239326477, -3.2371571064, 4.92593574524, 8.12498474121, -6.11158657074, 5.40398645401, -4.83130502701, -0.625031113625, 3.14309334755],
        "cov": [[21704.1660156, -951.288391113, -1934.30712891, -555.841186523, -38.0186271667, -413.049041748, 131.315643311, 133.145675659, -276.21875, 423.434051514, -14.0356111526, 64.1991043091, 220.893432617], [-951.288391113, 2058.23706055, 380.4012146, 274.550933838, 105.486053467, -10.6355962753, 102.575080872, 87.6958389282, 21.5171165466, -73.2294387817, -19.9095726013, -44.2757377625, -65.9151000977], [-1934.30712891, 380.4012146, 1329.41540527, 481.77243042, 318.805053711, 343.775604248, 123.617126465, 184.751617432, 157.66418457, 38.404876709, 116.841819763, 88.614364624, 19.767578125], [-555.841186523, 274.550933838, 481.77243042, 694.92175293, 323.962921143, 350.537689209, 178.406723022, 169.391983032, 264.58782959, 95.120880127, 167.161773682, 92.547744751, 37.6878700256], [-38.0186271667, 105.486053467, 318.805053711, 323.962921143, 467.225585938, 235.452514648, 151.19859314, 158.023300171, 149.287139893, 126.316062927, 121.579246521, 76.919342041, 41.7537269592], [-413.049041748, -10.6355962753, 343.775604248, 350.537689209, 235.452514648, 553.824035645, 173.834106445, 145.289703369, 268.22555542, 85.4245223999, 207.472824097, 82.7368164062, 27.5310268402], [131.315643311, 102.575080872, 123.617126465, 178.406723022, 151.19859314, 173.834106445, 289.94934082, 134.235321045, 133.385971069, 91.4952011108, 106.223922729, 50.7994918823, 9.23047733307], [133.145675659, 87.6958389282, 184.751617432, 169.391983032, 158.023300171, 145.289703369, 134.235321045, 215.702163696, 110.345466614, 74.3593444824, 85.5092010498, 42.6736068726, 25.3975658417], [-276.21875, 21.5171165466, 157.66418457, 264.58782959, 149.287139893, 268.22555542, 133.385971069, 110.345466614, 326.924407959, 68.089225769, 137.727584839, 56.0877838135, 25.0562458038], [423.434051514, -73.2294387817, 38.404876709, 95.120880127, 126.316062927, 85.4245223999, 91.4952011108, 74.3593444824, 68.089225769, 168.056945801, 73.8448257446, 44.1232414246, 33.582157135], [-14.0356111526, -19.9095726013, 116.841819763, 167.161773682, 121.579246521, 207.472824097, 106.223922729, 85.5092010498, 137.727584839, 73.8448257446, 198.133972168, 70.5382919312, 21.5872058868], [64.1991043091, -44.2757377625, 88.614364624, 92.547744751, 76.919342041, 82.7368164062, 50.7994918823, 42.6736068726, 56.0877838135, 44.1232414246, 70.5382919312, 122.750305176, 43.6404037476], [220.893432617, -65.9151000977, 19.767578125, 37.6878700256, 41.7537269592, 27.5310268402, 9.23047733307, 25.3975658417, 25.0562458038, 33.582157135, 21.5872058868, 43.6404037476, 113.829498291]],
