{
"lowlevel": {
    "average_loudness": 0.482529133558,
    "barkbands_crest": {
        "dmean": 2.79214262962,
        "dmean2": 4.45062398911,
        "dvar": 6.68553733826,
        "dvar2": 17.0846920013,
        "max": 26.6341304779,
        "mean": 12.2173461914,
        "median": 11.4636116028,
        "min": 2.78759002686,
        "var": 23.6626529694
    },
    "barkbands_flatness_db": {
        "dmean": 0.0228288155049,
        "dmean2": 0.0353694930673,
        "dvar": 0.000574781093746,
        "dvar2": 0.00137545308098,
        "max": 0.692419588566,
        "mean": 0.176430389285,
        "median": 0.159810632467,
        "min": 0.0176692958921,
        "var": 0.00584802450612
    },
    "barkbands_kurtosis": {
        "dmean": 5.1580247879,
        "dmean2": 8.42643451691,
        "dvar": 291.598510742,
        "dvar2": 767.014648438,
        "max": 593.704345703,
        "mean": 8.41247367859,
        "median": 3.40972900391,
        "min": -1.82444059849,
        "var": 419.97277832
    },
    "barkbands_skewness": {
        "dmean": 0.613197803497,
        "dmean2": 0.972457945347,
        "dvar": 0.633636116982,
        "dvar2": 1.60964179039,
        "max": 19.6159210205,
        "mean": 1.87701070309,
        "median": 1.60699510574,
        "min": -2.36923980713,
        "var": 2.71051812172
    },
    "barkbands_spread": {
        "dmean": 4.27694034576,
        "dmean2": 6.77808475494,
        "dvar": 41.0081100464,
        "dvar2": 97.2293624878,
        "max": 122.56590271,
        "mean": 15.2648763657,
        "median": 12.9230546951,
        "min": 0.0640539973974,
        "var": 131.195281982
    },
    "dissonance": {
        "dmean": 0.0258421488106,
        "dmean2": 0.0438049919903,
        "dvar": 0.000634695927147,
        "dvar2": 0.00171078299172,
        "max": 0.500000119209,
        "mean": 0.45090636611,
        "median": 0.460338294506,
        "min": 0.153712138534,
        "var": 0.0014061081456
    },
    "dynamic_complexity": 6.05208873749,
    "erbbands_crest": {
        "dmean": 2.98256969452,
        "dmean2": 4.84993028641,
        "dvar": 7.40485429764,
        "dvar2": 18.8132801056,
        "max": 31.7280712128,
        "mean": 10.5637598038,
        "median": 9.61994743347,
        "min": 2.10026049614,
        "var": 24.7183551788
    },
    "erbbands_flatness_db": {
        "dmean": 0.0166390221566,
        "dmean2": 0.0254555270076,
        "dvar": 0.000271987577435,
        "dvar2": 0.000603207503445,
        "max": 0.465880274773,
        "mean": 0.173935204744,
        "median": 0.153717324138,
        "min": 0.0388402342796,
        "var": 0.00570646347478
    },
    "erbbands_kurtosis": {
        "dmean": 1.31925213337,
        "dmean2": 2.10820674896,
        "dvar": 6.2709980011,
        "dvar2": 13.8927497864,
        "max": 107.192245483,
        "mean": 1.70260620117,
        "median": 0.689484477043,
        "min": -1.79699134827,
        "var": 15.513551712
    },
    "erbbands_skewness": {
        "dmean": 0.38414478302,
        "dmean2": 0.604358315468,
        "dvar": 0.134707525373,
        "dvar2": 0.329655736685,
        "max": 7.05398368835,
        "mean": 0.613134264946,
        "median": 0.511093020439,
        "min": -2.61321759224,
        "var": 0.597750008106
    },
    "erbbands_spread": {
        "dmean": 7.09131574631,
        "dmean2": 11.0207719803,
        "dvar": 86.4596710205,
        "dvar2": 194.662475586,
        "max": 175.237823486,
        "mean": 32.3650169373,
        "median": 26.9948787689,
        "min": 1.50585341454,
        "var": 495.819671631
    },
    "hfc": {
        "dmean": 4.78627157211,
        "dmean2": 7.28505659103,
        "dvar": 70.4071426392,
        "dvar2": 175.203369141,
        "max": 113.498168945,
        "mean": 18.9892368317,
        "median": 11.4652366638,
        "min": 1.05010340536e-16,
        "var": 397.513244629
    },
    "melbands_crest": {
        "dmean": 3.35107946396,
        "dmean2": 5.4474363327,
        "dvar": 10.4651489258,
        "dvar2": 26.621969223,
        "max": 36.2964859009,
        "mean": 16.2146053314,
        "median": 15.1329956055,
        "min": 1.59756863117,
        "var": 43.9095001221
    },
    "melbands_flatness_db": {
        "dmean": 0.0258634500206,
        "dmean2": 0.039880104363,
        "dvar": 0.000781901646405,
        "dvar2": 0.00182838423643,
        "max": 0.825629889965,
        "mean": 0.255259782076,
        "median": 0.237827792764,
        "min": 0.00351259391755,
        "var": 0.00841302797198
    },
    "melbands_kurtosis": {
        "dmean": 9.86511230469,
        "dmean2": 16.1812973022,
        "dvar": 578.049987793,
        "dvar2": 1508.77978516,
        "max": 515.262145996,
        "mean": 18.7762947083,
        "median": 7.89738893509,
        "min": -1.55159199238,
        "var": 1207.17456055
    },
    "melbands_skewness": {
        "dmean": 0.78500854969,
        "dmean2": 1.24440264702,
        "dvar": 0.974901974201,
        "dvar2": 2.43455266953,
        "max": 18.9148921967,
        "mean": 2.7166492939,
        "median": 2.28567671776,
        "min": -2.0264570713,
        "var": 4.89284944534
    },
    "melbands_spread": {
        "dmean": 4.24117994308,
        "dmean2": 6.74039745331,
        "dvar": 39.2781867981,
        "dvar2": 90.2381896973,
        "max": 196.209564209,
        "mean": 15.7929496765,
        "median": 12.7937870026,
        "min": 0.160364300013,
        "var": 246.701217651
    },
    "pitch_salience": {
        "dmean": 0.0741227790713,
        "dmean2": 0.121495403349,
        "dvar": 0.00525147514418,
        "dvar2": 0.013348819688,
        "max": 0.934158623219,
        "mean": 0.489561587572,
        "median": 0.499263077974,
        "min": 0.0426264926791,
        "var": 0.0168154593557
    },
    "silence_rate_20dB": {
        "dmean": 0,
        "dmean2": 0,
        "dvar": 0,
        "dvar2": 0,
        "max": 1,
        "mean": 1,
        "median": 1,
        "min": 1,
        "var": 0
    },
    "silence_rate_30dB": {
        "dmean": 0.0524454191327,
        "dmean2": 0.104903638363,
        "dvar": 0.0496930368245,
        "dvar2": 0.111708179116,
        "max": 1,
        "mean": 0.873536586761,
        "median": 1,
        "min": 0,
        "var": 0.110468819737
    },
    "silence_rate_60dB": {
        "dmean": 0.0268325414509,
        "dmean2": 0.0536716282368,
        "dvar": 0.0261100474745,
        "dvar2": 0.061028201133,
        "max": 1,
        "mean": 0.135365858674,
        "median": 0,
        "min": 0,
        "var": 0.117032334208
    },
    "spectral_centroid": {
        "dmean": 172.515182495,
        "dmean2": 274.403167725,
        "dvar": 72660.6796875,
        "dvar2": 159904.75,
        "max": 11741.0537109,
        "mean": 1047.97802734,
        "median": 966.247802734,
        "min": 82.0513763428,
        "var": 1124542.75
    },
    "spectral_complexity": {
        "dmean": 2.64812779427,
        "dmean2": 4.30934381485,
        "dvar": 11.3724718094,
        "dvar2": 28.259054184,
        "max": 50,
        "mean": 15.1949996948,
        "median": 13,
        "min": 0,
        "var": 101.476715088
    },
    "spectral_decrease": {
        "dmean": 3.1492628505e-09,
        "dmean2": 5.01371699713e-09,
        "dvar": 3.52109511678e-17,
        "dvar2": 9.09103256931e-17,
        "max": 2.07868483719e-28,
        "mean": -1.0949209539e-08,
        "median": -5.94390447972e-09,
        "min": -8.33220710206e-08,
        "var": 1.51107144075e-16
    },
    "spectral_energy": {
        "dmean": 0.0121221076697,
        "dmean2": 0.019253231585,
        "dvar": 0.000508450728375,
        "dvar2": 0.00130812684074,
        "max": 0.317595243454,
        "mean": 0.0430471263826,
        "median": 0.0237984992564,
        "min": 9.9746672764e-21,
        "var": 0.0022764573805
    },
    "spectral_energyband_high": {
        "dmean": 0.000283879431663,
        "dmean2": 0.000448372971732,
        "dvar": 5.86598957852e-07,
        "dvar2": 1.54184090206e-06,
        "max": 0.0101078040898,
        "mean": 0.000684311497025,
        "median": 0.000178540096385,
        "min": 7.2336290255e-21,
        "var": 1.32980937906e-06
    },
    "spectral_energyband_low": {
        "dmean": 0.0104806385934,
        "dmean2": 0.0169926472008,
        "dvar": 0.000534704420716,
        "dvar2": 0.00138936704025,
        "max": 0.309969216585,
        "mean": 0.0263424944133,
        "median": 0.00812894757837,
        "min": 1.26321953361e-23,
        "var": 0.00152299075853
    },
    "spectral_energyband_middle_high": {
        "dmean": 0.00190908869263,
        "dmean2": 0.00287918630056,
        "dvar": 1.27284019982e-05,
        "dvar2": 2.71435346804e-05,
        "max": 0.0976731926203,
        "mean": 0.00578199839219,
        "median": 0.0026638188865,
        "min": 1.12141901542e-21,
        "var": 6.29842761555e-05
    },
    "spectral_energyband_middle_low": {
        "dmean": 0.00388719444163,
        "dmean2": 0.00632746936753,
        "dvar": 3.93949012505e-05,
        "dvar2": 0.000106352796138,
        "max": 0.0891310498118,
        "mean": 0.0114770755172,
        "median": 0.00824027694762,
        "min": 1.55987815542e-22,
        "var": 0.000123739402625
    },
    "spectral_entropy": {
        "dmean": 0.160567998886,
        "dmean2": 0.247172370553,
        "dvar": 0.034667506814,
        "dvar2": 0.0788982287049,
        "max": 9.82873916626,
        "mean": 7.32507038116,
        "median": 7.42915248871,
        "min": 3.98699474335,
        "var": 0.475790143013
    },
    "spectral_flux": {
        "dmean": 0.0237299948931,
        "dmean2": 0.0374944023788,
        "dvar": 0.00108788150828,
        "dvar2": 0.00224782386795,
        "max": 0.415028572083,
        "mean": 0.0812531933188,
        "median": 0.0660007670522,
        "min": 6.3209763812e-11,
        "var": 0.00411437125877
    },
    "spectral_kurtosis": {
        "dmean": 3.38244247437,
        "dmean2": 5.63332223892,
        "dvar": 69.1325378418,
        "dvar2": 191.543869019,
        "max": 267.684783936,
        "mean": 10.5805044174,
        "median": 4.45742702484,
        "min": -1.23437988758,
        "var": 436.295776367
    },
    "spectral_rms": {
        "dmean": 0.000772377999965,
        "dmean2": 0.00119776045904,
        "dvar": 1.05561082364e-06,
        "dvar2": 2.60784167949e-06,
        "max": 0.0176025293767,
        "mean": 0.00544611504301,
        "median": 0.00481851119548,
        "min": 3.11951636398e-12,
        "var": 1.23370646179e-05
    },
    "spectral_rolloff": {
        "dmean": 288.314453125,
        "dmean2": 496.562133789,
        "dvar": 627325.25,
        "dvar2": 1405565.5,
        "max": 19659.8144531,
        "mean": 1043.32849121,
        "median": 753.662109375,
        "min": 43.06640625,
        "var": 4105269.25
    },
    "spectral_skewness": {
        "dmean": 0.297880649567,
        "dmean2": 0.487612903118,
        "dvar": 0.219317808747,
        "dvar2": 0.598986685276,
        "max": 12.7591238022,
        "mean": 2.15394830704,
        "median": 1.77564382553,
        "min": -0.0851347520947,
        "var": 1.80447685719
    },
    "spectral_spread": {
        "dmean": 491886.9375,
        "dmean2": 732829.375,
        "dvar": 895745392640,
        "dvar2": 1.72137001779e+12,
        "max": 42195132,
        "mean": 4821531.5,
        "median": 4535921.5,
        "min": 346687.53125,
        "var": 1.5584977748e+13
    },
    "spectral_strongpeak": {
        "dmean": 0.38397988677,
        "dmean2": 0.648047447205,
        "dvar": 0.540405154228,
        "dvar2": 1.23916471004,
        "max": 8.92684173584,
        "mean": 0.753938496113,
        "median": 0.405558466911,
        "min": 0,
        "var": 1.12630021572
    },
    "zerocrossingrate": {
        "dmean": 0.00749692460522,
        "dmean2": 0.00898120645434,
        "dvar": 0.000176177287358,
        "dvar2": 0.000198198351427,
        "max": 0.7119140625,
        "mean": 0.0465359427035,
        "median": 0.0380859375,
        "min": 0.00146484375,
        "var": 0.00293996091932
    },
    "barkbands": {
        "dmean": [0.000716780778021, 0.008828304708, 0.00331370229833, 0.00127497140784, 0.00117045838851, 0.00175863096956, 0.000845096306875, 0.00037962483475, 0.000801459129434, 0.000776821922045, 0.000908654299565, 0.000296281301416, 0.000451096886536, 0.000258481828496, 0.000364697858458, 0.000121216668049, 0.00010163308616, 7.49287719373e-05, 8.575834363e-05, 6.55966723571e-05, 5.01168724441e-05, 6.08737100265e-05, 7.61718401918e-05, 5.73662364332e-05, 4.80431372125e-05, 2.85727019218e-05, 5.49439528186e-06],
        "dmean2": [0.000908336543944, 0.0140551123768, 0.00586093729362, 0.00220669526607, 0.00194399617612, 0.00281293154694, 0.00135396467522, 0.000619736558292, 0.00127526524011, 0.00120647554286, 0.00134179601446, 0.000465901684947, 0.000746077974327, 0.000409787695389, 0.000583260552958, 0.000199694084586, 0.000169564315001, 0.000125287013361, 0.000144581092172, 0.000111356130219, 8.41062355903e-05, 0.000103015510831, 0.000126451908727, 8.88046779437e-05, 7.380907482e-05, 4.56490961369e-05, 8.75653222465e-06],
        "dvar": [3.2173670661e-06, 0.000386486790376, 0.000169251055922, 1.16148130473e-05, 6.47739898341e-06, 8.85397821548e-06, 2.87119064524e-06, 6.32510761989e-07, 2.96076700579e-06, 5.20189269082e-06, 5.48947218704e-06, 6.600891993e-07, 1.08802487375e-06, 3.76123267642e-07, 9.45990905166e-07, 8.35037639035e-08, 5.28446726378e-08, 2.03672403387e-08, 3.95995805036e-08, 2.02064640575e-08, 1.45003298258e-08, 2.60527759366e-08, 4.23766444158e-08, 2.10341859486e-08, 2.26400533876e-08, 1.50378873798e-08, 5.34594146728e-10],
        "dvar2": [5.35236495125e-06, 0.000983260455541, 0.000480199581943, 3.28206842823e-05, 1.68715068867e-05, 2.27856489801e-05, 7.21823380445e-06, 1.58242437465e-06, 7.21674996385e-06, 1.21616758406e-05, 1.07491050585e-05, 1.39361679885e-06, 2.99654925584e-06, 9.09713264718e-07, 2.24641485147e-06, 2.07542569797e-07, 1.36349669333e-07, 5.57561961045e-08, 1.1066413208e-07, 5.61556738887e-08, 4.04486435457e-08, 7.37817487106e-08, 1.1636316799e-07, 4.58973481443e-08, 4.98878165445e-08, 3.95408399356e-08, 1.35765010345e-09],
        "max": [0.0307314135134, 0.253244042397, 0.165794074535, 0.0579390078783, 0.0602331310511, 0.055343914777, 0.0300322268158, 0.0154496710747, 0.054325658828, 0.0871789231896, 0.0618302486837, 0.0393726713955, 0.0200937539339, 0.013932636939, 0.0186597909778, 0.00534660182893, 0.00692980829626, 0.00243348325603, 0.00537224113941, 0.0024226452224, 0.00254245079122, 0.00263490807265, 0.00304162525572, 0.00323692942038, 0.00495380535722, 0.0037173810415, 0.000529596582055],
        "mean": [0.00158832629677, 0.019605120644, 0.00413654139265, 0.00200427765958, 0.00225307489745, 0.00328600709327, 0.00145211233757, 0.000624987005722, 0.00133300852031, 0.00132748496253, 0.00172641396057, 0.000507627381012, 0.00076143007027, 0.000452277803561, 0.000561536173336, 0.000187403114978, 0.000185630095075, 0.000141084194183, 0.000159990202519, 0.000126052545966, 0.000105159415398, 0.000113231442811, 0.000156375856022, 0.00011699287279, 8.7334192358e-05, 4.15678950958e-05, 6.10035795034e-06],
        "median": [0.000131796055939, 0.00442662322894, 0.00091881287517, 0.000630106253084, 0.00114370405208, 0.00165494298562, 0.000536750769243, 0.000231498212088, 0.000529152981471, 0.000344882952049, 0.000206597746001, 0.000129286840092, 0.000146151578519, 8.9907713118e-05, 9.00835875655e-05, 5.20337162015e-05, 5.33533966518e-05, 4.92864928674e-05, 7.22165568732e-05, 4.47914571851e-05, 2.8879936508e-05, 2.24599752983e-05, 3.93379668822e-05, 2.17387823795e-05, 1.34431675178e-05, 4.25474945587e-06, 2.27077123327e-07],
        "min": [1.04201376528e-24, 5.23519848356e-25, 6.0619424616e-25, 1.2967269922e-24, 5.93213066648e-24, 6.18945630491e-24, 1.06211411864e-23, 1.15943699292e-23, 1.53578975125e-23, 1.35351760153e-23, 1.17968555352e-23, 2.09189598421e-23, 2.29257683424e-23, 4.38136060441e-23, 7.16077631988e-23, 5.94948229318e-23, 5.71943341382e-23, 6.78969047027e-23, 1.1820563172e-22, 1.74449861784e-22, 1.84675405003e-22, 3.43047410636e-22, 4.16339631682e-22, 6.28558967161e-22, 8.90385612405e-22, 1.2485506777e-21, 2.04294769516e-21],
        "var": [1.24301705e-05, 0.000997382565401, 0.000128065352328, 1.29655045384e-05, 1.21554721773e-05, 2.01323728106e-05, 6.06435378359e-06, 1.33112257572e-06, 5.23101107319e-06, 1.08548802018e-05, 2.00784470508e-05, 1.67175028309e-06, 2.46597915066e-06, 8.47342221277e-07, 1.85903263628e-06, 1.31843066242e-07, 1.24543618085e-07, 4.34124345361e-08, 5.43747376014e-08, 3.27170042169e-08, 2.80492180593e-08, 4.18045260631e-08, 7.8428456618e-08, 6.26095015832e-08, 5.30468504678e-08, 1.80979693454e-08, 6.05361205608e-10]
    },
    "erbbands": {
        "dmean": [0.336367785931, 1.84456765652, 3.67549276352, 3.94378519058, 3.31579208374, 4.48256158829, 8.6613445282, 16.0551738739, 11.7988805771, 12.7529258728, 8.26648807526, 18.020772934, 20.1851425171, 26.2161960602, 29.4356880188, 13.630273819, 19.8657226562, 15.0051517487, 11.7695569992, 18.5782489777, 5.47353744507, 5.10913848877, 3.70382022858, 4.52671146393, 3.73179602623, 3.44064235687, 2.23612976074, 1.9570993185, 2.21726560593, 1.99901998043, 2.23851752281, 1.51444423199, 0.901442706585, 0.54653018713, 0.343832582235, 0.175930693746, 0.0414806827903, 0.00875484850258, 0.00110982568003, 3.88548032788e-05],
        "dmean2": [0.531649947166, 2.87623929977, 6.21708679199, 6.85443925858, 5.60140752792, 7.36552858353, 13.6343832016, 26.0897865295, 19.1765880585, 20.3677864075, 13.1933488846, 28.5927562714, 31.9292392731, 39.9358253479, 43.3975639343, 21.2482337952, 32.9319496155, 23.8899669647, 18.3578529358, 30.4406471252, 8.81108665466, 8.47132205963, 6.22821617126, 7.65136623383, 6.34368228912, 5.8627576828, 3.73796319962, 3.32069659233, 3.79478240013, 3.39611196518, 3.71168661118, 2.41736507416, 1.36859607697, 0.83628231287, 0.535354733467, 0.287509143353, 0.0660154446959, 0.0136578213423, 0.0017805180978, 6.08408481639e-05],
        "dvar": [0.599198698997, 19.5996875763, 184.675216675, 151.193649292, 58.2053947449, 117.03163147, 220.855194092, 857.347167969, 550.38494873, 910.282653809, 257.524719238, 1620.22363281, 1795.73706055, 6682.15917969, 5798.28466797, 1027.13952637, 2174.41333008, 1430.6661377, 1556.27539062, 2806.47192383, 163.494216919, 134.57321167, 47.8679656982, 100.648788452, 71.6257705688, 52.663444519, 24.9505271912, 22.8220767975, 35.8996620178, 31.0267562866, 36.8179893494, 14.281826973, 5.62038898468, 2.83857488632, 1.23531651497, 0.596773445606, 0.0291608124971, 0.00261583458632, 2.46651852649e-05, 1.53302064376e-08],
        "dvar2": [1.61138248444, 44.6278762817, 500.188690186, 430.453887939, 161.11567688, 298.450622559, 528.097717285, 2289.76879883, 1444.92004395, 2201.28393555, 632.998352051, 3847.40087891, 4571.95166016, 15337.2666016, 11370.7822266, 2231.52856445, 6031.41699219, 3530.9074707, 3301.96411133, 7214.88037109, 404.279327393, 340.074829102, 131.590896606, 278.594146729, 201.3074646, 146.243301392, 68.7356567383, 65.1758117676, 103.137268066, 87.4074249268, 100.844161987, 34.4079437256, 11.8931398392, 5.72015380859, 2.90520811081, 1.6028778553, 0.0741881579161, 0.00716745993122, 6.33411546005e-05, 3.77759654668e-08],
        "max": [11.2596063614, 61.267288208, 206.241424561, 202.458221436, 107.196411133, 293.672576904, 267.980102539, 532.264831543, 590.976379395, 691.225952148, 362.66998291, 1297.95300293, 740.44152832, 3234.65209961, 2235.75146484, 979.676940918, 924.122375488, 744.558349609, 1086.70349121, 863.657531738, 314.908782959, 367.801879883, 101.587638855, 162.503616333, 221.473327637, 125.868774414, 75.7414245605, 107.91381073, 103.033157349, 92.0040359497, 95.0660095215, 62.1553649902, 54.6173973083, 69.4327392578, 24.6820716858, 18.2081184387, 6.22885417938, 2.39937973022, 0.131819933653, 0.00368993915617],
        "mean": [0.716995716095, 3.73980712891, 5.30760622025, 6.05588150024, 6.07548952103, 8.26669979095, 16.4494571686, 28.120765686, 20.7317333221, 22.2123012543, 15.0321588516, 30.5900840759, 37.8047409058, 47.9624023438, 59.2975845337, 26.7578449249, 35.2227287292, 28.0632133484, 19.8208866119, 28.8946933746, 10.3999004364, 9.67673110962, 7.6914525032, 8.65132808685, 7.33878469467, 6.46582174301, 4.71721029282, 3.90321445465, 3.99433302879, 3.9350912571, 4.51578044891, 3.0139541626, 1.78616905212, 1.05315351486, 0.578604459763, 0.249088615179, 0.0614230223, 0.0115371169522, 0.00120971316937, 8.18276312202e-05],
        "median": [0.157003641129, 0.739083826542, 1.23163878918, 2.10262918472, 2.84589266777, 3.87840127945, 8.04552078247, 13.3196754456, 9.40432929993, 6.71267604828, 7.2027130127, 12.738568306, 13.1675348282, 11.6242666245, 11.1932516098, 8.31924057007, 8.35690307617, 5.4660949707, 4.77655982971, 5.02516269684, 3.15696883202, 2.86316394806, 2.56237339973, 3.80757284164, 3.25209903717, 2.3863735199, 1.46746468544, 0.902764558792, 0.79436480999, 0.839740633965, 1.16579580307, 0.587131261826, 0.316656708717, 0.166569381952, 0.0832072496414, 0.0265932064503, 0.00628321338445, 0.000951593741775, 7.15342248441e-05, 3.46815177181e-05],
        "min": [3.82173636736e-23, 1.75705160365e-22, 2.98518375909e-21, 5.58862447328e-21, 7.19810307222e-21, 2.3390284732e-20, 4.42927817664e-20, 5.90052875599e-20, 1.08036521767e-19, 1.40304255851e-19, 2.61978646548e-19, 3.20043933815e-19, 5.50117035065e-19, 6.15387117166e-19, 6.08802811189e-19, 1.22590017597e-18, 1.61917327204e-18, 2.49711496026e-18, 3.24036279682e-18, 3.9086765485e-18, 3.92857851403e-18, 3.71035379278e-18, 4.11426939461e-18, 5.68159136695e-18, 8.02582411805e-18, 8.05840841674e-18, 6.99668735895e-18, 9.60350239165e-18, 1.00418022372e-17, 1.11007861543e-17, 9.29462405194e-18, 9.80494237751e-18, 9.80784081837e-18, 6.96188538903e-18, 6.50917357569e-18, 3.83584867224e-18, 2.1539140018e-18, 9.16620963851e-19, 2.66757217248e-19, 2.74390511027e-20],
        "var": [1.44340026379, 44.1105461121, 167.959136963, 134.300170898, 78.4665679932, 206.170227051, 535.897766113, 1665.9152832, 1075.81811523, 2183.4621582, 526.504455566, 2952.52368164, 3956.44458008, 13773.5634766, 21840.3339844, 2849.72680664, 5008.41845703, 3215.7277832, 3038.74633789, 5172.81347656, 353.015930176, 311.768676758, 116.780387878, 156.714706421, 106.44543457, 85.0522003174, 51.8403053284, 41.2195014954, 52.7471351624, 54.0319480896, 65.5785369873, 36.1218223572, 16.2872886658, 7.812271595, 2.34737181664, 0.666660785675, 0.0376918651164, 0.00230309017934, 2.62572320935e-05, 2.35886759015e-08]
    },
    "gfcc": {
        "mean": [-52.9338188171, 112.647338867, -101.894973755, 18.3894519806, -56.9180717468, 19.400188446, -29.7421264648, 7.02189588547, -21.0903453827, 0.914632201195, -7.38709688187, 1.3604221344, -5.88980913162],
        "cov": [[34096.7734375, -2154.77270508, 130.501815796, 2973.80737305, -876.692810059, 1346.31396484, -575.221374512, 1213.36962891, -153.853637695, 871.382385254, -242.481506348, 722.781555176, -293.204071045], [-2154.77270508, 2436.79321289, -210.848175049, -458.688049316, 283.672424316, -438.730804443, 162.047958374, -370.633087158, 54.0302581787, -278.865844727, 157.121551514, -243.996231079, 117.464286804], [130.501815796, -210.848175049, 1255.81347656, 379.050445557, 226.382049561, 102.384613037, 27.1834964752, 145.483840942, 67.0589904785, 131.01902771, -55.5483207703, 116.943344116, -3.75045394897], [2973.80737305, -458.688049316, 379.050445557, 893.24395752, 69.7091827393, 213.744873047, -10.8962526321, 208.914535522, 116.408569336, 141.165786743, -10.350317955, 127.446876526, -28.1432113647], [-876.692810059, 283.672424316, 226.382049561, 69.7091827393, 393.863555908, 11.4316663742, 93.5603179932, -4.75926303864, 88.1212310791, 38.5560760498, 32.3078956604, 4.58796930313, 20.2731685638], [1346.31396484, -438.730804443, 102.384613037, 213.744873047, 11.4316663742, 312.156494141, 41.3172912598, 119.426765442, 16.5997543335, 118.343894958, -5.56966257095, 59.057384491, -24.965045929], [-575.221374512, 162.047958374, 27.1834964752, -10.8962526321, 93.5603179932, 41.3172912598, 173.599441528, -7.62853574753, 33.1101150513, 3.42503142357, 34.500869751, -23.7288646698, 12.0906581879], [1213.36962891, -370.633087158, 145.483840942, 208.914535522, -4.75926303864, 119.426765442, -7.62853574753, 183.491775513, 31.5090141296, 91.7497634888, -19.307510376, 73.4965667725, -10.2822751999], [-153.853637695, 54.0302581787, 67.0589904785, 116.408569336, 88.1212310791, 16.5997543335, 33.1101150513, 31.5090141296, 160.890914917, 21.1879234314, 22.9005527496, 15.5386953354, 15.9344444275], [871.382385254, -278.865844727, 131.01902771, 141.165786743, 38.5560760498, 118.343894958, 3.42503142357, 91.7497634888, 21.1879234314, 157.039276123, 15.4748859406, 61.0569458008, -14.2165870667], [-242.481506348, 157.121551514, -55.5483207703, -10.350317955, 32.3078956604, -5.56966257095, 34.500869751, -19.307510376, 22.9005527496, 15.4748859406, 118.483703613, 7.49994945526, 12.5654277802], [722.781555176, -243.996231079, 116.943344116, 127.446876526, 4.58796930313, 59.057384491, -23.7288646698, 73.4965667725, 15.5386953354, 61.0569458008, 7.49994945526, 122.699707031, 8.01180648804], [-293.204071045, 117.464286804, -3.75045394897, -28.1432113647, 20.2731685638, -24.965045929, 12.0906581879, -10.2822751999, 15.9344444275, -14.2165870667, 12.5654277802, 8.01180648804, 79.3547439575]],
        "icov": [[8.59330466483e-05, -0.000183556039701, 0.000103788472188, -0.000236782841966, 0.000211341277463, -0.000241351910518, 0.000214091618545, -0.00031418731669, 0.000208118726732, -0.000286586233415, 0.000259366177488, -0.000299175473629, 0.00020289888198], [-0.000183556039701, 0.00141997274477, -0.000292579788947, 0.000459180562757, -0.000995205598883, 0.00124991964549, -0.000841566186864, 0.00143163476605, -0.00054157449631, 0.00130310468376, -0.00158918730449, 0.00172108202241, -0.00124981685076], [0.000103788472188, -0.000292579788947, 0.00126610079315, -0.00057784630917, -0.000316137127811, -8.37021361804e-05, 8.65877809701e-05, -0.000658578879666, 0.00039650144754, -0.000833738071378, 0.00115863559768, -0.00106355734169, 0.000322313251672], [-0.000236782841966, 0.000459180562757, -0.00057784630917, 0.00253332755528, -0.000608207134064, -3.08853377646e-05, -0.000174279106432, -0.000270026299404, -0.00157301034778, 0.000885431247298, -0.000799834728241, 0.000198174500838, 3.49198453478e-05], [0.000211341277463, -0.000995205598883, -0.000316137127811, -0.000608207134064, 0.0045499834232, -0.000663356622681, -0.00082704029046, -0.000141266005812, -0.000917394412681, -0.00212908838876, 0.000968514883425, -0.00113486917689, 0.000523984257597], [-0.000241351910518, 0.00124991964549, -8.37021361804e-05, -3.08853377646e-05, -0.000663356622681, 0.00686162011698, -0.00287787267007, -8.8934575615e-05, -9.93731009657e-05, -0.00161468086299, -0.000677556847222, 0.00111355702393, -0.000276216509519], [0.000214091618545, -0.000841566186864, 8.65877809701e-05, -0.000174279106432, -0.00082704029046, -0.00287787267007, 0.0087184375152, -0.00135741417762, -0.000146359452629, 5.01340364281e-05, -0.00112860952504, 0.00114937638864, -0.00011825637921], [-0.00031418731669, 0.00143163476605, -0.000658578879666, -0.000270026299404, -0.000141266005812, -8.8934575615e-05, -0.00135741417762, 0.0129365744069, -0.0020674278494, -0.00180441013072, 0.000518707267474, -0.00113870739006, -0.00139105925336], [0.000208118726732, -0.00054157449631, 0.00039650144754, -0.00157301034778, -0.000917394412681, -9.93731009657e-05, -0.000146359452629, -0.0020674278494, 0.00876490026712, -0.000531258876435, -0.000367420609109, -0.000528629054315, -0.000754594628233], [-0.000286586233415, 0.00130310468376, -0.000833738071378, 0.000885431247298, -0.00212908838876, -0.00161468086299, 5.01340364281e-05, -0.00180441013072, -0.000531258876435, 0.0136167202145, -0.0041177123785, -0.000375874282327, 0.000317429134157], [0.000259366177488, -0.00158918730449, 0.00115863559768, -0.000799834728241, 0.000968514883425, -0.000677556847222, -0.00112860952504, 0.000518707267474, -0.000367420609109, -0.0041177123785, 0.012459339574, -0.0039069657214, 0.000618037767708], [-0.000299175473629, 0.00172108202241, -0.00106355734169, 0.000198174500838, -0.00113486917689, 0.00111355702393, 0.00114937638864, -0.00113870739006, -0.000528629054315, -0.000375874282327, -0.0039069657214, 0.0153207909316, -0.00420478032902], [0.00020289888198, -0.00124981685076, 0.000322313251672, 3.49198453478e-05, 0.000523984257597, -0.000276216509519, -0.00011825637921, -0.00139105925336, -0.000754594628233, 0.000317429134157, 0.000618037767708, -0.00420478032902, 0.0153810335323]]
    },
    "melbands": {
        "dmean": [0.00263926945627, 0.00190446444321, 0.000653343566228, 0.000251091056271, 0.000279211322777, 0.000349684734829, 0.000177166279173, 0.00012606967357, 8.36157560116e-05, 0.000109848057036, 0.000102829508251, 0.000107519728772, 0.000128070241772, 3.65261039406e-05, 4.64090880996e-05, 3.47707427863e-05, 2.84801171802e-05, 1.86800298252e-05, 2.29201177717e-05, 1.74548003997e-05, 6.06551657256e-06, 5.77834043725e-06, 4.59263310404e-06, 4.25169218943e-06, 3.94739981857e-06, 3.61107049685e-06, 2.37728477259e-06, 2.29255397244e-06, 1.56781004534e-06, 1.23436927879e-06, 1.26506324705e-06, 1.28257352117e-06, 1.33823391479e-06, 1.15286252367e-06, 1.36003291118e-06, 1.32582556489e-06, 8.78151809047e-07, 6.82540076014e-07, 5.57983469207e-07, 4.6117236252e-07],
        "dmean2": [0.00417544180527, 0.0029981774278, 0.00112430413719, 0.000419958611019, 0.000440536328824, 0.000565244932659, 0.000287408794975, 0.000201137881959, 0.00013341839076, 0.000174313929165, 0.00016275375674, 0.000164562166901, 0.000188173711649, 5.69239382457e-05, 7.53243657527e-05, 5.67080933251e-05, 4.5213237172e-05, 2.92077675113e-05, 3.71049209207e-05, 2.8692491469e-05, 9.92130480881e-06, 9.54196730163e-06, 7.7947634054e-06, 7.11051552571e-06, 6.70186955176e-06, 6.15417684457e-06, 4.05787614e-06, 3.91295543523e-06, 2.63061701844e-06, 2.12091322283e-06, 2.15421709981e-06, 2.20828155761e-06, 2.30232012655e-06, 1.95279108084e-06, 2.27412783715e-06, 2.18103150473e-06, 1.40372094393e-06, 1.05232140868e-06, 8.51066431551e-07, 7.15658700301e-07],
        "dvar": [3.41027989634e-05, 3.19680220855e-05, 3.84068471249e-06, 3.1219065022e-07, 2.34954299572e-07, 3.83347838806e-07, 1.19895133821e-07, 8.54945909623e-08, 3.2378025594e-08, 5.33362900512e-08, 4.65092711011e-08, 1.28848370196e-07, 1.1377908038e-07, 1.06960413859e-08, 1.10102291728e-08, 6.17812245807e-09, 5.20642240431e-09, 3.53043705381e-09, 3.50029538687e-09, 2.20190354838e-09, 2.32971975045e-10, 2.02870761856e-10, 9.62525059656e-11, 6.62210147828e-11, 7.97316310197e-11, 7.07544023371e-11, 2.6861323929e-11, 2.31608170143e-11, 9.96552840249e-12, 1.24979002841e-11, 8.30267972429e-12, 1.14167035201e-11, 1.43393196622e-11, 1.03462108672e-11, 1.48907015191e-11, 1.1390246385e-11, 5.00302316936e-12, 3.25470661706e-12, 2.47700557982e-12, 2.08650804967e-12],
        "dvar2": [9.0491528681e-05, 7.84678777563e-05, 1.0875359294e-05, 8.18852413431e-07, 5.67895995118e-07, 1.01198349967e-06, 3.11600985015e-07, 2.08503251997e-07, 8.0182843476e-08, 1.27944076667e-07, 1.17243835973e-07, 2.95628353797e-07, 2.21458421379e-07, 2.13232169699e-08, 2.96519644394e-08, 1.61590811842e-08, 1.2799806548e-08, 7.4969941366e-09, 8.58799165115e-09, 5.5676654398e-09, 5.83175563396e-10, 4.96106267178e-10, 2.60393817619e-10, 1.79822337576e-10, 2.20003654183e-10, 1.98825150788e-10, 7.53980072821e-11, 6.43357520036e-11, 2.7183333709e-11, 3.52701583217e-11, 2.36241790019e-11, 3.31808434895e-11, 4.04700786771e-11, 2.93274467211e-11, 4.18120919832e-11, 2.86409611305e-11, 1.18261398938e-11, 7.19797572241e-12, 5.17899655453e-12, 4.25931859227e-12],
        "max": [0.0744481757283, 0.0935553386807, 0.0321120880544, 0.0100351041183, 0.0104366010055, 0.0104521857575, 0.00805530603975, 0.00627884967253, 0.00536964600906, 0.0071860938333, 0.00371875544079, 0.0143282637, 0.00942913815379, 0.00520979333669, 0.00211437675171, 0.00138641160447, 0.00169154873583, 0.00165646057576, 0.00140028353781, 0.000800343696028, 0.000396933086449, 0.000487635959871, 0.000243086207774, 0.000122178258607, 0.000137856433867, 0.000240272362134, 7.99083063612e-05, 8.55722100823e-05, 4.13146735809e-05, 7.67663441366e-05, 4.96792308695e-05, 7.28093946236e-05, 6.58861899865e-05, 6.06063586019e-05, 6.66346386424e-05, 5.84808840358e-05, 3.66800522897e-05, 3.97254589188e-05, 4.96563916386e-05, 6.31532529951e-05],
        "mean": [0.00592118548229, 0.00359358638525, 0.00108045071829, 0.000487702724058, 0.000556187529583, 0.000635308795609, 0.000312327814754, 0.000218454602873, 0.00014044487034, 0.000188886377146, 0.00018737881328, 0.000186863326235, 0.000248396128882, 6.65094557917e-05, 7.91041820776e-05, 6.48218192509e-05, 4.98361769132e-05, 2.88281225949e-05, 3.64339321095e-05, 2.64702175627e-05, 1.04284808913e-05, 1.02999256342e-05, 7.69974212744e-06, 7.58701435188e-06, 6.7678056439e-06, 6.30269687463e-06, 4.33982404502e-06, 4.07038805861e-06, 3.11651842821e-06, 2.2127765078e-06, 2.3505167519e-06, 2.21203322326e-06, 2.23831671065e-06, 2.17535648517e-06, 2.5605306746e-06, 2.55117242887e-06, 1.58504519732e-06, 1.26524560073e-06, 1.04955563529e-06, 8.33649380638e-07],
        "median": [0.00137149624061, 0.000847626943141, 0.000415639660787, 0.000237133470364, 0.000288216600893, 0.000309028371703, 0.000136388014653, 6.74790353514e-05, 6.33837626083e-05, 7.79659603722e-05, 6.01136562182e-05, 4.10919819842e-05, 3.17002049997e-05, 1.68595743162e-05, 1.97252647922e-05, 1.26391350932e-05, 8.39591302793e-06, 6.23511459708e-06, 6.2206131588e-06, 5.22066329722e-06, 2.94813344226e-06, 2.96325220006e-06, 1.89888487512e-06, 2.54218002738e-06, 2.81893790088e-06, 2.63455058302e-06, 1.57497197506e-06, 1.41174518831e-06, 9.67707819655e-07, 5.66045855521e-07, 4.84294162106e-07, 4.31616911101e-07, 4.16905379552e-07, 4.61184981759e-07, 6.46654712e-07, 4.87963461637e-07, 2.62612786628e-07, 2.02684830697e-07, 1.88786785316e-07, 1.17943166345e-07],
        "min": [4.27659689825e-25, 1.91479536993e-24, 1.02680472424e-24, 1.11584601841e-24, 2.14525635022e-24, 1.74722869188e-24, 1.838341732e-24, 1.2826762948e-24, 1.88438635975e-24, 2.15037053547e-24, 2.3560297289e-24, 2.30157406897e-24, 2.03789001444e-24, 2.73983166132e-24, 3.47030561829e-24, 3.09418107742e-24, 3.8330483172e-24, 4.22572000442e-24, 4.62770932222e-24, 4.03604904938e-24, 3.79810651226e-24, 3.63003930197e-24, 2.63114556124e-24, 3.5501746295e-24, 3.87792188093e-24, 4.73086432407e-24, 4.37510028315e-24, 4.49556131553e-24, 3.25516668336e-24, 4.4637138175e-24, 5.26808451698e-24, 4.5402061096e-24, 4.31519379158e-24, 5.77995821457e-24, 4.91402402119e-24, 4.77304077236e-24, 5.1546928616e-24, 6.61650102835e-24, 6.92223787724e-24, 4.35910849488e-24],
        "var": [9.00907907635e-05, 4.80151829834e-05, 3.6681299207e-06, 5.14865234891e-07, 5.94616324179e-07, 8.02806084721e-07, 2.41644642074e-07, 2.02860192644e-07, 5.48900587205e-08, 1.01118757811e-07, 1.0391587324e-07, 2.53409467632e-07, 4.21368639536e-07, 3.17617541157e-08, 2.43329463245e-08, 1.58548036922e-08, 1.11372084888e-08, 6.82449829981e-09, 6.99857016784e-09, 3.97756272363e-09, 4.8671522368e-10, 4.61949839492e-10, 1.76206715885e-10, 1.36332126144e-10, 1.10541464871e-10, 9.38401092943e-11, 4.01229952041e-11, 3.55068544011e-11, 2.20402290169e-11, 1.63276163423e-11, 1.53984793666e-11, 1.61152931277e-11, 1.96461302088e-11, 1.75204295516e-11, 2.24719045455e-11, 2.47769964268e-11, 1.21123527874e-11, 8.66557606921e-12, 6.53740603318e-12, 5.5624003667e-12]
    },
    "mfcc": {
        "mean": [-688.052490234, 139.010116577, 16.1008300781, 9.8036365509, 1.26750779152, 7.01567602158, 4.77257966995, 6.17586755753, -3.60814237595, 4.40145683289, -2.24681377411, -0.754829108715, 0.0630899444222],
        "cov": [[18409.8554688, -1197.18054199, 58.8675079346, 1070.42248535, 432.338653564, 417.181915283, 59.9044151306, 423.349334717, 172.932159424, 486.626647949, 181.20880127, 229.850524902, 444.365478516], [-1197.18054199, 2061.10522461, 68.2780609131, -112.643005371, -6.65688467026, -74.8479309082, 37.750328064, -102.8387146, -80.9538726807, -97.9053955078, -55.8158454895, -45.6421394348, -80.8145523071], [58.8675079346, 68.2780609131, 656.85534668, 194.280517578, 158.157348633, 73.6445007324, 9.48928928375, 37.7110939026, 72.0020751953, -22.8065223694, 41.9485740662, 64.5870132446, 11.8765420914], [1070.42248535, -112.643005371, 194.280517578, 518.03692627, 208.472686768, 102.317687988, -2.76745343208, 92.5448684692, 70.784034729, 40.4794311523, 55.3791046143, 82.0631713867, 77.987449646], [432.338653564, -6.65688467026, 158.157348633, 208.472686768, 271.782592773, 93.3055419922, 4.86102056503, 49.8107948303, 68.1552276611, 24.1323318481, 51.2459335327, 67.392364502, 49.79479599], [417.181915283, -74.8479309082, 73.6445007324, 102.317687988, 93.3055419922, 212.515533447, 67.9693450928, 52.9726448059, 49.1370124817, 60.3801307678, 59.8747634888, 40.8157958984, 35.9342956543], [59.9044151306, 37.750328064, 9.48928928375, -2.76745343208, 4.86102056503, 67.9693450928, 166.121185303, 9.49857521057, 4.77344417572, 31.1380023956, 23.122718811, 10.1012773514, 17.8887138367], [423.349334717, -102.8387146, 37.7110939026, 92.5448684692, 49.8107948303, 52.9726448059, 9.49857521057, 117.160194397, 39.6266937256, 32.5294914246, 26.9387512207, 25.6034202576, 24.5980052948], [172.932159424, -80.9538726807, 72.0020751953, 70.784034729, 68.1552276611, 49.1370124817, 4.77344417572, 39.6266937256, 130.885848999, 33.3258666992, 18.1797790527, 22.4391822815, 5.19147109985], [486.626647949, -97.9053955078, -22.8065223694, 40.4794311523, 24.1323318481, 60.3801307678, 31.1380023956, 32.5294914246, 33.3258666992, 121.802070618, 41.9114875793, 11.7712059021, 12.4811868668], [181.20880127, -55.8158454895, 41.9485740662, 55.3791046143, 51.2459335327, 59.8747634888, 23.122718811, 26.9387512207, 18.1797790527, 41.9114875793, 101.611572266, 46.9518127441, 24.7517147064], [229.850524902, -45.6421394348, 64.5870132446, 82.0631713867, 67.392364502, 40.8157958984, 10.1012773514, 25.6034202576, 22.4391822815, 11.7712059021, 46.9518127441, 104.03730011, 45.7877006531], [444.365478516, -80.8145523071, 11.8765420914, 77.987449646, 49.79479599, 35.9342956543, 17.8887138367, 24.5980052948, 5.19147109985, 12.4811868668, 24.7517147064, 45.7877006531, 122.403450012]],
