{
"lowlevel": {
    "average_loudness": 0.202406451106,
    "barkbands_crest": {
        "dmean": 2.21610093117,
        "dmean2": 3.58795547485,
        "dvar": 4.81819820404,
        "dvar2": 13.056391716,
        "max": 26.7960834503,
        "mean": 12.5810661316,
        "median": 12.0496730804,
        "min": 2.18733286858,
        "var": 22.2589473724
    },
    "barkbands_flatness_db": {
        "dmean": 0.0218659676611,
        "dmean2": 0.0333035886288,
        "dvar": 0.000668424472678,
        "dvar2": 0.0014867867576,
        "max": 0.63779181242,
        "mean": 0.223421156406,
        "median": 0.198823392391,
        "min": 0.0224148463458,
        "var": 0.0113384174183
    },
    "barkbands_kurtosis": {
        "dmean": 7.78694248199,
        "dmean2": 12.4735679626,
        "dvar": 503.122650146,
        "dvar2": 1401.96655273,
        "max": 895.051391602,
        "mean": 18.1130275726,
        "median": 6.82169914246,
        "min": -1.93793118,
        "var": 1248.40686035
    },
    "barkbands_skewness": {
        "dmean": 0.660545706749,
        "dmean2": 1.00920653343,
        "dvar": 0.777778744698,
        "dvar2": 2.00978541374,
        "max": 24.9907588959,
        "mean": 2.45042777061,
        "median": 2.01158547401,
        "min": -4.67146587372,
        "var": 4.86306762695
    },
    "barkbands_spread": {
        "dmean": 3.39254426956,
        "dmean2": 5.12728691101,
        "dvar": 47.1350631714,
        "dvar2": 86.9464569092,
        "max": 115.39365387,
        "mean": 12.2096681595,
        "median": 8.80426502228,
        "min": 0.186109870672,
        "var": 193.438537598
    },
    "dissonance": {
        "dmean": 0.0331379845738,
        "dmean2": 0.0547103099525,
        "dvar": 0.001136331819,
        "dvar2": 0.00304133910686,
        "max": 0.499999970198,
        "mean": 0.411373317242,
        "median": 0.432359933853,
        "min": 0.0511590875685,
        "var": 0.00600348133594
    },
    "dynamic_complexity": 8.67367076874,
    "erbbands_crest": {
        "dmean": 2.66539597511,
        "dmean2": 4.27514266968,
        "dvar": 6.36344528198,
        "dvar2": 16.400100708,
        "max": 31.7243328094,
        "mean": 11.2691287994,
        "median": 10.3778247833,
        "min": 2.64249134064,
        "var": 24.1360721588
    },
    "erbbands_flatness_db": {
        "dmean": 0.0188301764429,
        "dmean2": 0.0275863651186,
        "dvar": 0.000466159341158,
        "dvar2": 0.00101541401818,
        "max": 0.531359493732,
        "mean": 0.19761416316,
        "median": 0.182547077537,
        "min": 0.0254667382687,
        "var": 0.00627224007621
    },
    "erbbands_kurtosis": {
        "dmean": 2.92812800407,
        "dmean2": 4.66605138779,
        "dvar": 58.606464386,
        "dvar2": 172.847076416,
        "max": 252.350982666,
        "mean": 6.44838142395,
        "median": 2.32754850388,
        "min": -1.90662920475,
        "var": 223.498062134
    },
    "erbbands_skewness": {
        "dmean": 0.445859640837,
        "dmean2": 0.675656437874,
        "dvar": 0.250130355358,
        "dvar2": 0.605722904205,
        "max": 11.297542572,
        "mean": 1.3466053009,
        "median": 1.07459592819,
        "min": -4.21745109558,
        "var": 2.01526045799
    },
    "erbbands_spread": {
        "dmean": 6.77327823639,
        "dmean2": 10.3418359756,
        "dvar": 117.081352234,
        "dvar2": 240.702346802,
        "max": 179.373687744,
        "mean": 27.3748779297,
        "median": 22.408164978,
        "min": 0.548558175564,
        "var": 500.431884766
    },
    "hfc": {
        "dmean": 3.02467942238,
        "dmean2": 4.74015378952,
        "dvar": 70.3760147095,
        "dvar2": 178.929931641,
        "max": 205.093963623,
        "mean": 11.4181575775,
        "median": 4.35836458206,
        "min": 1.11140860605e-16,
        "var": 308.504699707
    },
    "melbands_crest": {
        "dmean": 2.62412762642,
        "dmean2": 4.2726559639,
        "dvar": 7.28535842896,
        "dvar2": 19.7403373718,
        "max": 39.8757324219,
        "mean": 16.0813159943,
        "median": 15.1463575363,
        "min": 1.63354849815,
        "var": 35.6802787781
    },
    "melbands_flatness_db": {
        "dmean": 0.0252214651555,
        "dmean2": 0.037835881114,
        "dvar": 0.000908813381102,
        "dvar2": 0.00197966513224,
        "max": 0.787680029869,
        "mean": 0.320940583944,
        "median": 0.298730671406,
        "min": 0.00371460895985,
        "var": 0.0154790300876
    },
    "melbands_kurtosis": {
        "dmean": 12.4246358871,
        "dmean2": 19.4732875824,
        "dvar": 798.805175781,
        "dvar2": 2018.22485352,
        "max": 1021.07592773,
        "mean": 28.8886260986,
        "median": 11.1635389328,
        "min": -1.87416696548,
        "var": 3151.98095703
    },
    "melbands_skewness": {
        "dmean": 0.773492097855,
        "dmean2": 1.18783295155,
        "dvar": 0.972936272621,
        "dvar2": 2.37406253815,
        "max": 24.8472614288,
        "mean": 2.94598484039,
        "median": 2.3826584816,
        "min": -4.14643287659,
        "var": 6.45715713501
    },
    "melbands_spread": {
        "dmean": 3.4136402607,
        "dmean2": 5.21448707581,
        "dvar": 60.9812965393,
        "dvar2": 130.159667969,
        "max": 226.0728302,
        "mean": 12.4480237961,
        "median": 8.11477088928,
        "min": 0.203279659152,
        "var": 249.459915161
    },
    "pitch_salience": {
        "dmean": 0.0630391761661,
        "dmean2": 0.101569883525,
        "dvar": 0.00404970161617,
        "dvar2": 0.0111019778997,
        "max": 0.87491697073,
        "mean": 0.507796049118,
        "median": 0.519232451916,
        "min": 0.00916083995253,
        "var": 0.0161659289151
    },
    "silence_rate_20dB": {
        "dmean": 0,
        "dmean2": 0,
        "dvar": 0,
        "dvar2": 0,
        "max": 1,
        "mean": 1,
        "median": 1,
        "min": 1,
        "var": 0
    },
    "silence_rate_30dB": {
        "dmean": 0.0155128501356,
        "dmean2": 0.0310292933136,
        "dvar": 0.0152725838125,
        "dvar2": 0.0363193191588,
        "max": 1,
        "mean": 0.985762238503,
        "median": 1,
        "min": 0,
        "var": 0.0140353366733
    },
    "silence_rate_60dB": {
        "dmean": 0.0162074547261,
        "dmean2": 0.0324186645448,
        "dvar": 0.0159422643483,
        "dvar2": 0.0343698449433,
        "max": 1,
        "mean": 0.281398296356,
        "median": 0,
        "min": 0,
        "var": 0.202232405543
    },
    "spectral_centroid": {
        "dmean": 129.139099121,
        "dmean2": 193.782440186,
        "dvar": 60585.3710938,
        "dvar2": 116505.828125,
        "max": 11677.0009766,
        "mean": 758.425476074,
        "median": 577.608581543,
        "min": 103.408821106,
        "var": 816150.4375
    },
    "spectral_complexity": {
        "dmean": 1.47001624107,
        "dmean2": 2.36227846146,
        "dvar": 4.72233819962,
        "dvar2": 10.612985611,
        "max": 65,
        "mean": 10.0219936371,
        "median": 8,
        "min": 0,
        "var": 81.8445129395
    },
    "spectral_decrease": {
        "dmean": 1.50653456377e-09,
        "dmean2": 2.52673770795e-09,
        "dvar": 1.63261481224e-17,
        "dvar2": 4.49953761574e-17,
        "max": 1.27295435047e-28,
        "mean": -5.78295278331e-09,
        "median": -3.4788287806e-09,
        "min": -7.73789921027e-08,
        "var": 4.92250980453e-17
    },
    "spectral_energy": {
        "dmean": 0.00588008295745,
        "dmean2": 0.00985895469785,
        "dvar": 0.000244104550802,
        "dvar2": 0.00067190034315,
        "max": 0.299498081207,
        "mean": 0.0228617433459,
        "median": 0.0137703036889,
        "min": 1.00994471487e-20,
        "var": 0.000768311787397
    },
    "spectral_energyband_high": {
        "dmean": 0.00010986704001,
        "dmean2": 0.000165778808878,
        "dvar": 2.05954762578e-07,
        "dvar2": 4.59599760916e-07,
        "max": 0.0115524763241,
        "mean": 0.000213079707464,
        "median": 3.81400350307e-05,
        "min": 7.49398493109e-21,
        "var": 4.28727815915e-07
    },
    "spectral_energyband_low": {
        "dmean": 0.00394515926018,
        "dmean2": 0.0066901287064,
        "dvar": 0.000175290100742,
        "dvar2": 0.00048908079043,
        "max": 0.257886022329,
        "mean": 0.0103350114077,
        "median": 0.00616732286289,
        "min": 1.28597911736e-23,
        "var": 0.000283465808025
    },
    "spectral_energyband_middle_high": {
        "dmean": 0.00124710961245,
        "dmean2": 0.00196752860211,
        "dvar": 1.29274321807e-05,
        "dvar2": 3.29229224008e-05,
        "max": 0.0988943204284,
        "mean": 0.0036313238088,
        "median": 0.000394047179725,
        "min": 1.25998257226e-21,
        "var": 5.96263234911e-05
    },
    "spectral_energyband_middle_low": {
        "dmean": 0.00299070170149,
        "dmean2": 0.00478541199118,
        "dvar": 3.31310729962e-05,
        "dvar2": 8.87877540663e-05,
        "max": 0.116530582309,
        "mean": 0.00950337201357,
        "median": 0.00587383937091,
        "min": 1.65774032657e-22,
        "var": 0.000127389284899
    },
    "spectral_entropy": {
        "dmean": 0.199629709125,
        "dmean2": 0.297436952591,
        "dvar": 0.0670854523778,
        "dvar2": 0.137482017279,
        "max": 9.82068729401,
        "mean": 6.7680015564,
        "median": 6.94126939774,
        "min": 3.49192452431,
        "var": 0.932534039021
    },
    "spectral_flux": {
        "dmean": 0.0148983774707,
        "dmean2": 0.0238314103335,
        "dvar": 0.000590506882872,
        "dvar2": 0.00119448709302,
        "max": 0.438198626041,
        "mean": 0.0528575703502,
        "median": 0.0396322533488,
        "min": 6.46663556036e-11,
        "var": 0.00277263461612
    },
    "spectral_kurtosis": {
        "dmean": 5.04046630859,
        "dmean2": 7.74789857864,
        "dvar": 186.179855347,
        "dvar2": 437.192687988,
        "max": 407.434082031,
        "mean": 16.8895759583,
        "median": 8.1110868454,
        "min": -1.35883164406,
        "var": 1285.52978516
    },
    "spectral_rms": {
        "dmean": 0.000461643474409,
        "dmean2": 0.000755489454605,
        "dvar": 6.2250484234e-07,
        "dvar2": 1.68015526469e-06,
        "max": 0.0170936621726,
        "mean": 0.00386866461486,
        "median": 0.00366530264728,
        "min": 3.13896781831e-12,
        "var": 7.33765864425e-06
    },
    "spectral_rolloff": {
        "dmean": 281.926452637,
        "dmean2": 481.24420166,
        "dvar": 999709.6875,
        "dvar2": 2346966.25,
        "max": 19379.8828125,
        "mean": 933.042907715,
        "median": 516.796875,
        "min": 21.533203125,
        "var": 3877117.25
    },
    "spectral_skewness": {
        "dmean": 0.38227391243,
        "dmean2": 0.575129985809,
        "dvar": 0.392731130123,
        "dvar2": 0.872940301895,
        "max": 17.6230964661,
        "mean": 2.87006640434,
        "median": 2.43836951256,
        "min": -0.285827130079,
        "var": 3.71956539154
    },
    "spectral_spread": {
        "dmean": 589147.4375,
        "dmean2": 848547.875,
        "dvar": 880973250560,
        "dvar2": 1.54774916301e+12,
        "max": 42180672,
        "mean": 4676884,
        "median": 4082980.5,
        "min": 287551.96875,
        "var": 1.24327286538e+13
    },
    "spectral_strongpeak": {
        "dmean": 0.305681556463,
        "dmean2": 0.518632531166,
        "dvar": 0.467191070318,
        "dvar2": 1.19445109367,
        "max": 12.4978170395,
        "mean": 0.657094597816,
        "median": 0.298546880484,
        "min": 0,
        "var": 1.07832634449
    },
    "zerocrossingrate": {
        "dmean": 0.00724581582472,
        "dmean2": 0.00865886546671,
        "dvar": 0.000184581949725,
        "dvar2": 0.000212479484617,
        "max": 0.74365234375,
        "mean": 0.0394470654428,
        "median": 0.029296875,
        "min": 0,
        "var": 0.00263082422316
    },
    "barkbands": {
        "dmean": [0.000107366824523, 0.00283512799069, 0.00129822688177, 0.000750386621803, 0.000916509423405, 0.000669947417919, 0.000636739598121, 0.00101704732515, 0.000827358628158, 0.000664045684971, 0.000355077325366, 0.000270245887805, 0.000366250547813, 0.000197038229089, 0.000108811473183, 6.04772976658e-05, 7.72193961893e-05, 7.19495219528e-05, 5.47861709492e-05, 1.57765280164e-05, 1.23017507576e-05, 1.55521429406e-05, 2.84976194962e-05, 2.95162335533e-05, 2.42885980697e-05, 1.22304363686e-05, 2.28800377045e-06],
        "dmean2": [0.000139232768561, 0.00475059542805, 0.00229380140081, 0.00128086237237, 0.00149274559226, 0.00108437985182, 0.00098272645846, 0.0015752959298, 0.00127027044073, 0.00104397675022, 0.000558541971259, 0.000420410709921, 0.000591827905737, 0.000315395940561, 0.000179887472768, 9.88046085695e-05, 0.000122805111459, 0.00011498931417, 8.61623702804e-05, 2.6470863304e-05, 2.01613020181e-05, 2.60613905994e-05, 4.41645279352e-05, 4.43576172984e-05, 3.60882258974e-05, 1.86546967598e-05, 3.56539771929e-06],
        "dvar": [1.27618193346e-07, 7.90632184362e-05, 3.44042455254e-05, 4.25387042924e-06, 3.9588535401e-06, 2.85880287265e-06, 2.7978514936e-06, 7.55593737267e-06, 5.55868882657e-06, 4.69796077596e-06, 1.6163703549e-06, 9.87968746813e-07, 2.23359097618e-06, 4.31838742543e-07, 3.53650705165e-07, 6.30434229265e-08, 7.37306251608e-08, 8.36121643033e-08, 5.32774215856e-08, 1.00253059188e-08, 4.54733184441e-09, 6.1438907295e-09, 1.17603065064e-08, 1.39757805329e-08, 1.78910468662e-08, 4.51674964097e-09, 1.12529756346e-10],
        "dvar2": [1.6632174038e-07, 0.000220457921387, 9.95937807602e-05, 1.2045058611e-05, 1.10217742986e-05, 7.61643332226e-06, 6.75439196129e-06, 1.95822540263e-05, 1.38221239467e-05, 1.21344210129e-05, 4.21428103436e-06, 2.30770729104e-06, 5.70413521928e-06, 1.06661639165e-06, 9.44080625231e-07, 1.67093006098e-07, 1.87501669302e-07, 2.20237595272e-07, 1.36006391926e-07, 2.72200022522e-08, 1.18291172413e-08, 1.64430336014e-08, 2.59638710531e-08, 2.75553979634e-08, 3.65883074949e-08, 1.03252100203e-08, 2.4036297952e-10],
        "max": [0.0092855989933, 0.180345252156, 0.10966887325, 0.0545232854784, 0.0355703830719, 0.0335126370192, 0.0597707144916, 0.0667943134904, 0.0625837370753, 0.0732933878899, 0.0451407805085, 0.048974737525, 0.0503344759345, 0.0149340862408, 0.0144231971353, 0.00628010323271, 0.011862911284, 0.00625287601724, 0.0067117344588, 0.0026322545018, 0.0017822860973, 0.00173585268203, 0.00421363022178, 0.00421882513911, 0.00763526558876, 0.00328626669943, 0.000362797960406],
        "mean": [0.000308161659632, 0.00761664053425, 0.00179012224544, 0.00116002582945, 0.00190693268087, 0.00122434820514, 0.00121996889357, 0.0019428046653, 0.00160156947095, 0.00119534612168, 0.000628922309261, 0.000472015148262, 0.000585117028095, 0.000339840800734, 0.000160005307407, 0.000101985657238, 0.000147187543917, 0.000127395760501, 0.000107549560198, 2.17742235691e-05, 1.8790778995e-05, 2.16810585698e-05, 4.79452501168e-05, 4.95793647133e-05, 4.17446099163e-05, 2.05922842724e-05, 3.78912045562e-06],
        "median": [7.47954891267e-06, 0.0036011163611, 0.000620250357315, 0.000433711800724, 0.00104018172715, 0.000486342003569, 0.000263540219748, 0.000208270954317, 0.000134156754939, 7.52524501877e-05, 2.73223740805e-05, 2.02447772608e-05, 3.27065354213e-05, 2.02438441192e-05, 1.14600743473e-05, 8.47003320814e-06, 1.31779088406e-05, 9.78051320999e-06, 8.30530007079e-06, 1.84455961971e-06, 1.25364920223e-06, 1.99680016522e-06, 7.45187617213e-06, 5.96582322032e-06, 4.6799982556e-06, 3.10006021209e-06, 2.85676122758e-07],
        "min": [5.03123060791e-25, 1.70627971115e-24, 1.9907173156e-24, 1.13526373098e-24, 9.48163239763e-24, 6.64627618879e-24, 1.06761847449e-23, 9.50537789974e-24, 1.47964368073e-23, 1.90435692577e-23, 1.9652907509e-23, 3.88600076323e-23, 3.82822332836e-23, 3.38917774285e-23, 3.4955035711e-23, 5.89753927356e-23, 8.01724197359e-23, 7.50690324155e-23, 1.56169909882e-22, 1.74924541479e-22, 2.39999583438e-22, 3.51028436321e-22, 4.60310258911e-22, 6.63735347775e-22, 8.65744576465e-22, 1.38915451914e-21, 2.1386819361e-21],
        "var": [9.89908585325e-07, 0.00016823351325, 2.29746055993e-05, 4.31929038314e-06, 7.64646938478e-06, 4.59734565084e-06, 6.66251935399e-06, 1.905170393e-05, 1.70128423633e-05, 1.20873874039e-05, 4.04529737352e-06, 2.80261451735e-06, 4.54539213024e-06, 1.00888246379e-06, 4.05301875617e-07, 1.08819996569e-07, 1.67707867149e-07, 1.29395573367e-07, 1.13815296743e-07, 9.06030894754e-09, 5.03075758829e-09, 6.44900532976e-09, 2.89522397168e-08, 3.75699578115e-08, 3.07628731377e-08, 7.2226011838e-09, 2.28646504508e-10]
    },
    "erbbands": {
        "dmean": [0.0862060859799, 0.658032417297, 1.42083203793, 2.10301136971, 2.76375055313, 3.0572450161, 4.17141723633, 6.14934492111, 8.15057086945, 16.0687141418, 18.8887004852, 20.2815246582, 17.1943626404, 17.5831260681, 13.2858943939, 11.8606891632, 16.3388347626, 11.3268108368, 6.3021979332, 3.8508810997, 2.99988865852, 3.70055556297, 4.03685951233, 3.44997906685, 1.71864032745, 0.756774485111, 0.501729130745, 0.54539090395, 0.538317918777, 0.586016714573, 0.886525034904, 0.6974568367, 0.46592181921, 0.314510643482, 0.157380744815, 0.0676103755832, 0.0198466144502, 0.00372847612016, 0.000449554179795, 1.74835440703e-05],
        "dmean2": [0.139403969049, 1.09634280205, 2.50247359276, 3.61283421516, 4.62224721909, 4.94213533401, 6.55911064148, 10.1168270111, 12.6505479813, 25.0805397034, 29.2820110321, 31.047454834, 26.8937358856, 27.776676178, 21.208278656, 18.5524044037, 26.443479538, 18.0258846283, 10.2969818115, 6.20069122314, 4.73698949814, 5.73690462112, 6.37246751785, 5.49808645248, 2.68045330048, 1.26145732403, 0.820892632008, 0.899233341217, 0.896313667297, 0.948797464371, 1.3698797226, 1.03503894806, 0.701998949051, 0.466716378927, 0.241652697325, 0.103668265045, 0.0301750581712, 0.0057677179575, 0.000696930161212, 2.77159415418e-05],
        "dvar": [0.0604805275798, 5.60501337051, 50.6656990051, 41.0367698669, 54.174533844, 47.6341209412, 88.4149932861, 294.288970947, 515.426147461, 1761.06835938, 2855.546875, 3495.37207031, 3524.12548828, 5026.73779297, 2104.23754883, 2101.40625, 4630.78076172, 1422.72509766, 896.031555176, 373.323272705, 155.126403809, 179.197616577, 275.966674805, 253.839370728, 41.0275192261, 23.7109336853, 9.3803358078, 8.52687549591, 8.04511833191, 6.09338569641, 11.5473213196, 7.31422996521, 4.18630743027, 2.53412246704, 0.80395925045, 0.147245228291, 0.0113827046007, 0.00036887647002, 3.81231916435e-06, 3.45760975407e-09],
        "dvar2": [0.157607153058, 15.1545257568, 144.859085083, 117.632835388, 152.248138428, 131.002624512, 216.892669678, 789.405639648, 1273.28881836, 4507.79785156, 7286.8515625, 8523.72363281, 9099.06445312, 12901.0224609, 5736.03222656, 4847.39111328, 11988.7041016, 3480.65649414, 2371.35913086, 971.890930176, 387.855651855, 443.983337402, 722.455566406, 673.52520752, 101.593391418, 64.2151260376, 24.4624080658, 22.7898483276, 21.5349292755, 15.6233463287, 25.611240387, 14.3360233307, 8.73462104797, 5.01132726669, 1.69072389603, 0.323980569839, 0.0263451281935, 0.000765358679928, 8.53689107316e-06, 7.83864084752e-09],
        "max": [4.5642414093, 50.2330551147, 130.914230347, 149.389892578, 142.553024292, 127.536430359, 223.122711182, 360.063873291, 941.126708984, 1011.82788086, 1677.90893555, 1379.99279785, 2055.53759766, 2837.94042969, 1664.82678223, 2511.0222168, 2301.61499023, 860.513366699, 855.551635742, 467.29107666, 359.94708252, 520.374755859, 367.025970459, 403.639984131, 208.154342651, 117.337615967, 87.6610488892, 64.6823196411, 59.2479629517, 62.6763763428, 141.464599609, 95.4919815063, 65.7042694092, 82.3209152222, 49.3299026489, 21.2305374146, 3.57739138603, 0.666738808155, 0.0617748275399, 0.00169782107696],
        "mean": [0.24896016717, 1.56838321686, 2.21588778496, 3.31187486649, 4.7471370697, 6.43395662308, 8.37441921234, 10.6875257492, 16.0991134644, 31.4741840363, 38.3373069763, 41.0918121338, 32.564037323, 34.0063552856, 25.5253620148, 22.4099807739, 27.7301521301, 20.9508895874, 10.5911035538, 6.78301954269, 5.7766866684, 7.67740249634, 7.77075529099, 6.70728063583, 3.40519547462, 1.12342810631, 0.738100886345, 0.785632550716, 0.75061249733, 0.903606295586, 1.49153983593, 1.22719788551, 0.728283762932, 0.510717868805, 0.270127385855, 0.113871753216, 0.0325543507934, 0.00622190255672, 0.000745710043702, 4.8493493523e-05],
        "median": [0.0989790186286, 0.708280622959, 1.04471158981, 1.66039967537, 1.98897588253, 3.21459460258, 3.46565532684, 4.29986190796, 4.55684089661, 4.83586931229, 4.90571784973, 4.47643995285, 2.91589379311, 1.61463701725, 1.37876677513, 1.249091506, 1.6608877182, 1.36402821541, 0.870459914207, 0.62338334322, 0.510043442249, 0.710843443871, 0.690967619419, 0.447294414043, 0.344815999269, 0.110719710588, 0.0454878360033, 0.0581520311534, 0.062467802316, 0.146489799023, 0.221299141645, 0.156545355916, 0.0780269503593, 0.0471876114607, 0.0314732789993, 0.0150790400803, 0.004705903586, 0.000756676599849, 6.70747976983e-05, 2.17930919462e-05],
        "min": [9.21931958057e-23, 5.80541496109e-22, 4.63918591995e-21, 4.27718454204e-21, 1.67641382792e-20, 3.46200160266e-20, 4.8734244055e-20, 7.43775668272e-20, 1.7648680313e-19, 2.24263449917e-19, 2.12810681971e-19, 3.83665470804e-19, 3.7504759299e-19, 8.71153120326e-19, 1.001007345e-18, 1.64900605782e-18, 2.03119141817e-18, 1.93621205869e-18, 2.58492866088e-18, 2.86830853783e-18, 3.91952129992e-18, 4.89663956543e-18, 4.6545084973e-18, 5.8102051309e-18, 8.11956353379e-18, 8.33057813523e-18, 9.46089231815e-18, 1.105199077e-17, 1.13309632219e-17, 1.19840694648e-17, 1.21027492031e-17, 1.07617529454e-17, 1.11074656378e-17, 8.32692365129e-18, 6.54305282562e-18, 4.21650685037e-18, 2.41743699455e-18, 1.07389446808e-18, 2.87286831925e-19, 2.76253767668e-20],
        "var": [0.242968469858, 8.04064178467, 34.9682197571, 33.5526809692, 70.9828262329, 99.6214904785, 205.335708618, 420.520843506, 1088.3034668, 4878.4140625, 7499.56347656, 11077.3476562, 8182.29541016, 13262.2412109, 5339.02441406, 6360, 9670.62109375, 3491.12109375, 1246.80273438, 537.363098145, 337.628875732, 411.047851562, 435.420806885, 450.46887207, 100.58052063, 22.0421791077, 9.45672798157, 9.02259731293, 8.31409072876, 8.57710456848, 29.489528656, 21.0602378845, 9.29630661011, 4.82809066772, 1.28622722626, 0.233072027564, 0.0183590762317, 0.000745259050746, 7.55374003347e-06, 9.03624819415e-09]
    },
    "gfcc": {
        "mean": [-139.420333862, 116.207740784, -73.7253036499, 7.8654050827, -52.0771636963, 11.2101306915, -42.0777664185, 10.8545951843, -16.0336799622, -3.73195266724, -8.06427955627, -1.20411455631, -19.7413692474],
        "cov": [[43545.6484375, 456.929138184, -2960.33007812, 447.516387939, 27.7571773529, 1755.75891113, -413.010681152, 1317.06787109, -620.10546875, -386.266326904, 32.1313591003, 603.518249512, -421.995117188], [456.929138184, 2629.7265625, 242.062026978, 151.930984497, 617.18548584, -206.91897583, 38.0553092957, -454.164764404, 88.4877700806, -277.57220459, 182.344161987, -151.88369751, 181.932571411], [-2960.33007812, 242.062026978, 1660.38452148, 372.16506958, 68.3082275391, -150.111404419, -376.280761719, -355.827301025, -98.4281158447, -35.6350440979, -107.080795288, -87.6318817139, 57.8521461487], [447.516387939, 151.930984497, 372.16506958, 827.007568359, 246.217956543, 28.5596122742, -63.4489898682, -170.669311523, -16.0607395172, -2.94966316223, 3.56822299957, -27.6515712738, 122.062950134], [27.7571773529, 617.18548584, 68.3082275391, 246.217956543, 598.178649902, 56.4268455505, 146.695632935, -25.9462547302, 91.5664901733, 13.9750995636, 83.78175354, 2.65040755272, 127.18170929], [1755.75891113, -206.91897583, -150.111404419, 28.5596122742, 56.4268455505, 347.064605713, 99.5571899414, 179.176193237, -1.95052540302, 55.6541900635, 21.1001987457, 74.2449798584, -13.5847406387], [-413.010681152, 38.0553092957, -376.280761719, -63.4489898682, 146.695632935, 99.5571899414, 556.923339844, 199.890670776, 114.459350586, 166.826980591, 107.011505127, 63.488243103, 90.2392044067], [1317.06787109, -454.164764404, -355.827301025, -170.669311523, -25.9462547302, 179.176193237, 199.890670776, 439.740386963, 61.4402694702, 112.778358459, 29.8852291107, 94.5478057861, -52.8344650269], [-620.10546875, 88.4877700806, -98.4281158447, -16.0607395172, 91.5664901733, -1.95052540302, 114.459350586, 61.4402694702, 244.675186157, 99.2396774292, 32.6277275085, -11.7798833847, 46.8531074524], [-386.266326904, -277.57220459, -35.6350440979, -2.94966316223, 13.9750995636, 55.6541900635, 166.826980591, 112.778358459, 99.2396774292, 254.202102661, 27.3226947784, 48.3946342468, 46.6672096252], [32.1313591003, 182.344161987, -107.080795288, 3.56822299957, 83.78175354, 21.1001987457, 107.011505127, 29.8852291107, 32.6277275085, 27.3226947784, 137.934387207, 14.0834321976, 18.0977993011], [603.518249512, -151.88369751, -87.6318817139, -27.6515712738, 2.65040755272, 74.2449798584, 63.488243103, 94.5478057861, -11.7798833847, 48.3946342468, 14.0834321976, 134.523834229, 17.806968689], [-421.995117188, 181.932571411, 57.8521461487, 122.062950134, 127.18170929, -13.5847406387, 90.2392044067, -52.8344650269, 46.8531074524, 46.6672096252, 18.0977993011, 17.806968689, 163.831314087]],
        "icov": [[5.24387469341e-05, -0.000111264140287, 0.000119255906611, -0.000108571533929, 6.25905595371e-05, -0.000199100439204, 0.000177728827111, -0.000189856160432, 0.000153685468831, -7.63304051361e-05, 0.000110600965854, -0.000124889498693, 5.23368362337e-05], [-0.000111264140287, 0.00115823571105, -0.00033336240449, 0.000521571433637, -0.00086580979405, 0.000507596414536, -0.000579969666433, 0.00113387731835, -0.000706327264197, 0.00125863612629, -0.00119774113409, 0.000591909629293, -0.000532896025106], [0.000119255906611, -0.00033336240449, 0.00119183270726, -0.000477933324873, 1.03138172562e-05, -0.00033812347101, 0.000954336952418, -0.000122297147755, 0.000692760164384, -0.000840469205286, 0.000698431278579, -0.000119882541185, -1.13735177365e-05], [-0.000108571533929, 0.000521571433637, -0.000477933324873, 0.00204674038105, -0.000893331307452, -5.09768287884e-05, -0.00015774401254, 0.00101042632014, -0.000147472397657, 0.000276658771327, -0.000572895631194, 0.0006967226509, -0.00116208544932], [6.25905595371e-05, -0.00086580979405, 1.03138172562e-05, -0.000893331307452, 0.00325644039549, -0.000776007480454, -0.000118877673231, -0.000809162971564, -0.000357268203516, -5.68288342038e-05, -0.000192796520423, -0.000327376736095, -0.000827912183013], [-0.000199100439204, 0.000507596414536, -0.00033812347101, -5.09768287884e-05, -0.000776007480454, 0.00490849232301, -0.000783315801527, -0.000653127441183, -6.69485234539e-05, 9.81182311079e-05, -0.000405171391321, -0.000683963415213, 0.000421399250627], [0.000177728827111, -0.000579969666433, 0.000954336952418, -0.00015774401254, -0.000118877673231, -0.000783315801527, 0.00424975063652, -0.00172964611556, 0.000702458783053, -0.00194869947154, -0.000822868489195, -0.000167618112755, -0.00152556877583], [-0.000189856160432, 0.00113387731835, -0.000122297147755, 0.00101042632014, -0.000809162971564, -0.000653127441183, -0.00172964611556, 0.00594418402761, -0.00162689830177, 0.000259094900684, -0.000691288500093, -0.00109656970017, 0.00157284433953], [0.000153685468831, -0.000706327264197, 0.000692760164384, -0.000147472397657, -0.000357268203516, -6.69485234539e-05, 0.000702458783053, -0.00162689830177, 0.00655491137877, -0.00287646544166, 0.00045675272122, 0.00146462058183, -0.000859197520185], [-7.63304051361e-05, 0.00125863612629, -0.000840469205286, 0.000276658771327, -5.68288342038e-05, 9.81182311079e-05, -0.00194869947154, 0.000259094900684, -0.00287646544166, 0.00792562402785, -0.00144394324161, -0.00079818762606, -0.00148320849985], [0.000110600965854, -0.00119774113409, 0.000698431278579, -0.000572895631194, -0.000192796520423, -0.000405171391321, -0.000822868489195, -0.000691288500093, 0.00045675272122, -0.00144394324161, 0.0104422746226, -0.00112757831812, 0.00139126647264], [-0.000124889498693, 0.000591909629293, -0.000119882541185, 0.0006967226509, -0.000327376736095, -0.000683963415213, -0.000167618112755, -0.00109656970017, 0.00146462058183, -0.00079818762606, -0.00112757831812, 0.0108608044684, -0.00276704854332], [5.23368362337e-05, -0.000532896025106, -1.13735177365e-05, -0.00116208544932, -0.000827912183013, 0.000421399250627, -0.00152556877583, 0.00157284433953, -0.000859197520185, -0.00148320849985, 0.00139126647264, -0.00276704854332, 0.0105406967923]]
    },
    "melbands": {
        "dmean": [0.000749782077037, 0.000768242578488, 0.000367945380276, 0.000205552205443, 0.000142833698192, 0.000133884430397, 0.000124125508592, 0.000190715683857, 0.000159304559929, 0.000121188953926, 8.60453510541e-05, 7.45114812162e-05, 4.7194196668e-05, 3.14010503644e-05, 3.57917269866e-05, 3.25635337504e-05, 2.16289354285e-05, 1.08661115519e-05, 6.68100938128e-06, 4.93917605127e-06, 3.62044988833e-06, 3.74600244868e-06, 5.34163837074e-06, 3.13787472805e-06, 3.084024911e-06, 1.77274330326e-06, 7.60048465054e-07, 4.6049999014e-07, 3.38213965279e-07, 2.88656366365e-07, 3.62607551097e-07, 3.44234393879e-07, 2.73044804544e-07, 3.67585045069e-07, 5.24187896644e-07, 5.52609549231e-07, 4.0307000404e-07, 3.27924624344e-07, 3.36010003821e-07, 2.5754957278e-07],
        "dmean2": [0.00125244632363, 0.00132323300932, 0.000632780545857, 0.000339012796758, 0.000223711234867, 0.000219265522901, 0.000192041872651, 0.000295728066703, 0.000246688490734, 0.000185388707905, 0.000134799716761, 0.000117570751172, 7.43828859413e-05, 4.93198458571e-05, 5.84777480981e-05, 5.08906232426e-05, 3.47730019712e-05, 1.78088303073e-05, 1.11218223537e-05, 7.99108329375e-06, 5.70712882109e-06, 5.83586688663e-06, 8.54873269418e-06, 5.09812707605e-06, 4.95761196362e-06, 2.76733862847e-06, 1.24839789351e-06, 7.7723962022e-07, 5.6487783695e-07, 4.7707851536e-07, 6.09548351349e-07, 5.83866551551e-07, 4.50349148196e-07, 5.98798294504e-07, 8.19900435545e-07, 8.47797423376e-07, 6.12103860931e-07, 5.04836407345e-07, 5.10494487571e-07, 3.90211994272e-07],
        "dvar": [4.59386319562e-06, 1.24626440083e-05, 1.28244175812e-06, 2.48846674822e-07, 9.00460719322e-08, 1.26671523049e-07, 1.15570550463e-07, 2.61753854147e-07, 2.01248923304e-07, 1.21860722402e-07, 8.69816290106e-08, 9.31018107053e-08, 3.02708720312e-08, 1.17447074288e-08, 1.75856644802e-08, 2.52121168387e-08, 5.49119283377e-09, 2.26962115768e-09, 1.5056924596e-09, 4.06957467725e-10, 2.27759908156e-10, 2.11024558938e-10, 4.37025304834e-10, 1.60418678341e-10, 2.11534428862e-10, 4.04195045489e-11, 1.34247292102e-11, 9.52830175871e-12, 4.78318383165e-12, 2.07159571615e-12, 4.1059122248e-12, 3.71938504301e-12, 1.35271600778e-12, 2.44939290205e-12, 4.18762290469e-12, 4.8912527674e-12, 2.61989561989e-12, 2.12612046024e-12, 2.53794966813e-12, 1.8040270883e-12],
        "dvar2": [1.27894891193e-05, 3.45740154444e-05, 3.66498011317e-06, 6.98955318512e-07, 2.26674387704e-07, 3.40241285812e-07, 2.81893051124e-07, 6.78990716096e-07, 5.12514020556e-07, 2.97763108392e-07, 2.24293728479e-07, 2.39737971697e-07, 8.18563492544e-08, 2.89815353938e-08, 4.84425122238e-08, 5.90563189462e-08, 1.36382594107e-08, 5.96546545495e-09, 4.03003763694e-09, 1.07722497589e-09, 5.55536838753e-10, 5.20366694179e-10, 1.10998499281e-09, 4.32857250043e-10, 5.59169044401e-10, 9.85493076033e-11, 3.56445428729e-11, 2.59361317145e-11, 1.27978114217e-11, 5.31093745371e-12, 1.11695609359e-11, 1.01392470808e-11, 3.50472190332e-12, 6.32622036353e-12, 9.83486122402e-12, 1.00314227411e-11, 5.44982028255e-12, 4.72033870325e-12, 5.16808774595e-12, 3.64315652299e-12],
        "max": [0.0347722545266, 0.0669052824378, 0.0268302243203, 0.00949223246425, 0.00593994138762, 0.00732685439289, 0.0140368640423, 0.0135327503085, 0.013595553115, 0.00868449825794, 0.0100834546611, 0.012323060073, 0.00711646350101, 0.00431083189324, 0.00389044289477, 0.00690557109192, 0.00168471236248, 0.0015366190346, 0.0010462141363, 0.000489552388899, 0.000537872314453, 0.000760437571444, 0.000742548902053, 0.000268527743174, 0.000374672847101, 0.00019048883405, 9.31703179958e-05, 7.38726885174e-05, 5.91569114476e-05, 3.9335242036e-05, 4.73472318845e-05, 4.23171732109e-05, 2.91761480185e-05, 3.64206498489e-05, 8.67009948706e-05, 8.26709656394e-05, 6.19826896582e-05, 4.95020940434e-05, 6.30667709629e-05, 7.1816451964e-05],
        "mean": [0.00218796939589, 0.00151643762365, 0.000617013371084, 0.000403818296036, 0.000305297784507, 0.000237322354224, 0.000245977251325, 0.000368726003217, 0.000319754966768, 0.000238978813286, 0.000155546338647, 0.000138375500683, 8.69057621458e-05, 5.76938473387e-05, 6.06951689406e-05, 5.46286901226e-05, 3.74504961655e-05, 1.71544452314e-05, 1.00398174254e-05, 8.33266221889e-06, 6.53234428682e-06, 7.39614961276e-06, 9.28164809011e-06, 5.56352097192e-06, 5.56042914468e-06, 3.36848756888e-06, 1.19019148315e-06, 6.16164925304e-07, 4.51710775451e-07, 4.30850008115e-07, 4.7914153356e-07, 4.33794355104e-07, 4.01947232831e-07, 5.33619811449e-07, 8.29778230127e-07, 9.44294470173e-07, 6.6663983489e-07, 4.77854541714e-07, 5.16609077295e-07, 4.00261143341e-07],
        "median": [0.000992660759948, 0.000894779979717, 0.000342304556398, 0.000200565569685, 0.000146451740875, 9.60674951784e-05, 6.45730251563e-05, 5.17022526765e-05, 3.71640526282e-05, 2.17717224587e-05, 1.19556016216e-05, 5.23060725754e-06, 4.15156137024e-06, 2.95373797599e-06, 3.45343710251e-06, 3.03822685055e-06, 2.0836546355e-06, 1.31924593916e-06, 7.53732081193e-07, 7.92086950696e-07, 5.031477599e-07, 6.10123436218e-07, 8.07979802175e-07, 3.96409205905e-07, 3.09931749598e-07, 2.67315897418e-07, 1.2700773766e-07, 4.22982679993e-08, 2.16886828497e-08, 2.7469669206e-08, 3.35530216944e-08, 2.78203344806e-08, 4.04387208164e-08, 8.44414600465e-08, 1.1669935418e-07, 1.189198926e-07, 7.30670421945e-08, 4.65024534435e-08, 4.05723419306e-08, 3.27457918559e-08],
        "min": [1.26609769262e-24, 1.94423585612e-24, 9.05900549247e-25, 2.70121908938e-24, 1.9235118885e-24, 1.67420245738e-24, 2.57438051101e-24, 1.99119457644e-24, 1.33519480817e-24, 2.19705414055e-24, 1.40775009271e-24, 3.39446926403e-24, 2.86040372587e-24, 4.4213728917e-24, 3.59488134915e-24, 4.26886399062e-24, 3.17548542104e-24, 3.14799874609e-24, 2.79624566845e-24, 3.54456425074e-24, 3.62412718392e-24, 4.41806756451e-24, 4.7728948331e-24, 3.74079221762e-24, 4.38594159858e-24, 5.33104271696e-24, 4.24745903882e-24, 5.37855580928e-24, 5.11160370124e-24, 5.34604211821e-24, 5.20546789377e-24, 5.2946537467e-24, 6.11265162388e-24, 6.66383149937e-24, 6.45648887677e-24, 5.97895113893e-24, 5.69153164027e-24, 7.33327779621e-24, 6.62179389059e-24, 6.37926649389e-24],
        "var": [1.42130993481e-05, 1.08162948891e-05, 1.08528399778e-06, 4.25906279133e-07, 2.17619543719e-07, 1.89744753243e-07, 2.57806135551e-07, 6.99767554124e-07, 5.42329644304e-07, 3.86208228065e-07, 2.01222576379e-07, 2.43554097779e-07, 7.68807737472e-08, 3.30768052947e-08, 3.9122483031e-08, 5.44799867441e-08, 1.24740209273e-08, 3.28980709341e-09, 1.64257341062e-09, 6.91367463279e-10, 5.03593056145e-10, 4.65336463806e-10, 6.66742494548e-10, 2.49520543116e-10, 3.52340434606e-10, 1.03339115043e-10, 1.78277063251e-11, 8.3012242913e-12, 4.35873385995e-12, 2.43240388768e-12, 3.94328103157e-12, 3.39672972909e-12, 1.80647326525e-12, 3.25191826592e-12, 9.2369532162e-12, 1.36603636389e-11, 6.5458112021e-12, 4.27905757702e-12, 5.01934474886e-12, 3.22451202024e-12]
    },
    "mfcc": {
        "mean": [-779.165222168, 147.273651123, 31.5454692841, 8.05887031555, 15.3234529495, -3.15533900261, -5.34126996994, 8.12563610077, -11.4841985703, 2.93401527405, 4.06375694275, 0.710497260094, -4.00594425201],
        "cov": [[24706.9570312, 2911.95141602, -2340.99780273, -1336.53747559, -94.9047698975, -400.128875732, 374.324188232, 1442.63903809, 171.848739624, 722.895812988, 751.246582031, 360.924499512, -44.3094825745], [2911.95141602, 2357.3269043, -78.6486968994, -100.651756287, 166.004684448, 10.8993139267, 25.9433708191, 159.951507568, -178.007141113, 9.18696117401, 31.9654045105, -47.5009613037, -85.4232254028], [-2340.99780273, -78.6486968994, 1358.04602051, 414.541412354, 259.478729248, 136.723358154, -165.070953369, -352.52331543, -158.558883667, -214.189453125, -205.780105591, -148.257446289, -97.6473388672], [-1336.53747559, -100.651756287, 414.541412354, 672.853820801, 192.708190918, 214.656616211, 42.6168746948, -189.470809937, 59.1143264771, -49.2628898621, -78.1086654663, -34.7540283203, 64.0558242798], [-94.9047698975, 166.004684448, 259.478729248, 192.708190918, 437.393493652, 105.096534729, -44.160194397, -22.3752441406, -26.3767032623, 29.9360141754, -56.5188713074, -39.5059204102, -1.37181615829], [-400.128875732, 10.8993139267, 136.723358154, 214.656616211, 105.096534729, 298.532867432, 87.8068161011, -65.2644500732, 94.1713562012, 3.99089860916, -1.4722840786, 26.8320121765, 50.292678833], [374.324188232, 25.9433708191, -165.070953369, 42.6168746948, -44.160194397, 87.8068161011, 323.353912354, 123.150497437, 100.599304199, 88.8782043457, 60.7294502258, 75.8184356689, 71.8325042725], [1442.63903809, 159.951507568, -352.52331543, -189.470809937, -22.3752441406, -65.2644500732, 123.150497437, 344.955718994, 45.677822113, 123.3021698, 102.635658264, 60.0318031311, 33.3193130493], [171.848739624, -178.007141113, -158.558883667, 59.1143264771, -26.3767032623, 94.1713562012, 100.599304199, 45.677822113, 293.215667725, 98.4618835449, 88.9881362915, 98.9066543579, 108.723709106], [722.895812988, 9.18696117401, -214.189453125, -49.2628898621, 29.9360141754, 3.99089860916, 88.8782043457, 123.3021698, 98.4618835449, 236.183441162, 92.2966690063, 82.565788269, 55.7111358643], [751.246582031, 31.9654045105, -205.780105591, -78.1086654663, -56.5188713074, -1.4722840786, 60.7294502258, 102.635658264, 88.9881362915, 92.2966690063, 191.807922363, 89.1883926392, 53.6898651123], [360.924499512, -47.5009613037, -148.257446289, -34.7540283203, -39.5059204102, 26.8320121765, 75.8184356689, 60.0318031311, 98.9066543579, 82.565788269, 89.1883926392, 158.903503418, 71.4857025146], [-44.3094825745, -85.4232254028, -97.6473388672, 64.0558242798, -1.37181615829, 50.292678833, 71.8325042725, 33.3193130493, 108.723709106, 55.7111358643, 53.6898651123, 71.4857025146, 147.239028931]],
