{
"lowlevel": {
    "average_loudness": 0.414534807205,
    "barkbands_crest": {
        "dmean": 2.31303310394,
        "dmean2": 3.71863722801,
        "dvar": 5.30492973328,
        "dvar2": 13.9338512421,
        "max": 26.256444931,
        "mean": 12.1092224121,
        "median": 11.3173828125,
        "min": 2.91802883148,
        "var": 23.828748703
    },
    "barkbands_flatness_db": {
        "dmean": 0.0180506370962,
        "dmean2": 0.0277622938156,
        "dvar": 0.000398648786359,
        "dvar2": 0.000852974946611,
        "max": 0.494489043951,
        "mean": 0.167081832886,
        "median": 0.154390528798,
        "min": 0.0226377360523,
        "var": 0.00468940660357
    },
    "barkbands_kurtosis": {
        "dmean": 3.9037091732,
        "dmean2": 6.23404312134,
        "dvar": 111.293624878,
        "dvar2": 261.337585449,
        "max": 418.154388428,
        "mean": 8.77555561066,
        "median": 2.53902196884,
        "min": -1.9662539959,
        "var": 590.052062988
    },
    "barkbands_skewness": {
        "dmean": 0.520491719246,
        "dmean2": 0.810069143772,
        "dvar": 0.404332518578,
        "dvar2": 0.922976076603,
        "max": 15.9052190781,
        "mean": 1.62993061543,
        "median": 1.35677492619,
        "min": -4.37457561493,
        "var": 3.42330312729
    },
    "barkbands_spread": {
        "dmean": 4.0586643219,
        "dmean2": 6.22355222702,
        "dvar": 48.5542373657,
        "dvar2": 99.0321121216,
        "max": 126.963058472,
        "mean": 18.4555110931,
        "median": 14.3736543655,
        "min": 0.254773676395,
        "var": 228.514907837
    },
    "dissonance": {
        "dmean": 0.0241922009736,
        "dmean2": 0.0408857315779,
        "dvar": 0.000647708366159,
        "dvar2": 0.0017720637843,
        "max": 0.499999970198,
        "mean": 0.45237544179,
        "median": 0.464367985725,
        "min": 0.150530546904,
        "var": 0.00178588274866
    },
    "dynamic_complexity": 4.9905462265,
    "erbbands_crest": {
        "dmean": 2.779910326,
        "dmean2": 4.48215389252,
        "dvar": 6.84279727936,
        "dvar2": 17.2329349518,
        "max": 33.3190498352,
        "mean": 11.1538000107,
        "median": 9.86902523041,
        "min": 2.40587067604,
        "var": 30.5584068298
    },
    "erbbands_flatness_db": {
        "dmean": 0.0158049464226,
        "dmean2": 0.0237642209977,
        "dvar": 0.000268297386356,
        "dvar2": 0.000552140467335,
        "max": 0.373351961374,
        "mean": 0.178231313825,
        "median": 0.170635938644,
        "min": 0.0460408218205,
        "var": 0.00343802152202
    },
    "erbbands_kurtosis": {
        "dmean": 1.4037604332,
        "dmean2": 2.21849012375,
        "dvar": 5.94412517548,
        "dvar2": 14.1531801224,
        "max": 76.5604934692,
        "mean": 2.0539791584,
        "median": 0.789556026459,
        "min": -1.91955566406,
        "var": 18.3098106384
    },
    "erbbands_skewness": {
        "dmean": 0.369128167629,
        "dmean2": 0.567936837673,
        "dvar": 0.161822393537,
        "dvar2": 0.343828350306,
        "max": 6.37565898895,
        "mean": 0.629203736782,
        "median": 0.598697721958,
        "min": -4.28087043762,
        "var": 0.953766524792
    },
    "erbbands_spread": {
        "dmean": 6.61581516266,
        "dmean2": 10.2179412842,
        "dvar": 92.6099624634,
        "dvar2": 194.072219849,
        "max": 185.875045776,
        "mean": 29.8815097809,
        "median": 26.665517807,
        "min": 1.11366176605,
        "var": 365.419830322
    },
    "hfc": {
        "dmean": 3.83326482773,
        "dmean2": 5.7968416214,
        "dvar": 40.9737472534,
        "dvar2": 91.3321228027,
        "max": 184.660507202,
        "mean": 17.3807964325,
        "median": 9.0586681366,
        "min": 1.06025913187e-16,
        "var": 413.118652344
    },
    "melbands_crest": {
        "dmean": 2.7013528347,
        "dmean2": 4.32235813141,
        "dvar": 7.51316690445,
        "dvar2": 19.2395153046,
        "max": 36.0570983887,
        "mean": 15.5017786026,
        "median": 15.0436010361,
        "min": 1.52701056004,
        "var": 40.3694877625
    },
    "melbands_flatness_db": {
        "dmean": 0.020559059456,
        "dmean2": 0.031068071723,
        "dvar": 0.000590768118855,
        "dvar2": 0.0012261896627,
        "max": 0.651367723942,
        "mean": 0.232935726643,
        "median": 0.223157912493,
        "min": 0.00270444573835,
        "var": 0.00950503628701
    },
    "melbands_kurtosis": {
        "dmean": 7.28980636597,
        "dmean2": 11.6454925537,
        "dvar": 345.42086792,
        "dvar2": 812.875732422,
        "max": 670.352905273,
        "mean": 16.5887260437,
        "median": 6.2773733139,
        "min": -1.85054421425,
        "var": 1303.33410645
    },
    "melbands_skewness": {
        "dmean": 0.653115808964,
        "dmean2": 1.02531051636,
        "dvar": 0.663406252861,
        "dvar2": 1.50532984734,
        "max": 22.1032295227,
        "mean": 2.42722344398,
        "median": 2.09239029884,
        "min": -2.60485720634,
        "var": 4.0804567337
    },
    "melbands_spread": {
        "dmean": 5.36300754547,
        "dmean2": 8.2848072052,
        "dvar": 94.9342498779,
        "dvar2": 191.66835022,
        "max": 259.05557251,
        "mean": 23.5496063232,
        "median": 16.1470737457,
        "min": 0.268809467554,
        "var": 746.701660156
    },
    "pitch_salience": {
        "dmean": 0.059645909816,
        "dmean2": 0.0973894968629,
        "dvar": 0.00376345985569,
        "dvar2": 0.00960201211274,
        "max": 0.957772374153,
        "mean": 0.505015730858,
        "median": 0.491754293442,
        "min": 0.0617042183876,
        "var": 0.0221397578716
    },
    "silence_rate_20dB": {
        "dmean": 0,
        "dmean2": 0,
        "dvar": 0,
        "dvar2": 0,
        "max": 1,
        "mean": 1,
        "median": 1,
        "min": 1,
        "var": 0
    },
    "silence_rate_30dB": {
        "dmean": 0.0205949656665,
        "dmean2": 0.0411946438253,
        "dvar": 0.0201717615128,
        "dvar2": 0.050255946815,
        "max": 1,
        "mean": 0.978835344315,
        "median": 1,
        "min": 0,
        "var": 0.0207158569247
    },
    "silence_rate_60dB": {
        "dmean": 0.0270022880286,
        "dmean2": 0.0540107563138,
        "dvar": 0.0262756403536,
        "dvar2": 0.0581955835223,
        "max": 1,
        "mean": 0.198261067271,
        "median": 0,
        "min": 0,
        "var": 0.158953785896
    },
    "spectral_centroid": {
        "dmean": 193.405929565,
        "dmean2": 290.385040283,
        "dvar": 88516.140625,
        "dvar2": 160787.0625,
        "max": 11737.1943359,
        "mean": 1608.19946289,
        "median": 1151.7064209,
        "min": 128.02545166,
        "var": 3655331.75
    },
    "spectral_complexity": {
        "dmean": 2.00343251228,
        "dmean2": 3.27108359337,
        "dvar": 5.47378778458,
        "dvar2": 13.036190033,
        "max": 52,
        "mean": 13.6500396729,
        "median": 11,
        "min": 0,
        "var": 109.107452393
    },
    "spectral_decrease": {
        "dmean": 1.77027881243e-09,
        "dmean2": 2.87480439454e-09,
        "dvar": 1.24353816885e-17,
        "dvar2": 3.17749884871e-17,
        "max": 2.19484585733e-28,
        "mean": -6.98399293952e-09,
        "median": -3.77973430332e-09,
        "min": -5.81360737328e-08,
        "var": 6.14047072166e-17
    },
    "spectral_energy": {
        "dmean": 0.00690515711904,
        "dmean2": 0.0111955786124,
        "dvar": 0.000182644158485,
        "dvar2": 0.000465610617539,
        "max": 0.226326599717,
        "mean": 0.0279356874526,
        "median": 0.0152679104358,
        "min": 1.00132014529e-20,
        "var": 0.000956591393333
    },
    "spectral_energyband_high": {
        "dmean": 0.000224997362238,
        "dmean2": 0.000330128183123,
        "dvar": 2.92869458463e-07,
        "dvar2": 6.16156341948e-07,
        "max": 0.0153239434585,
        "mean": 0.000665042549372,
        "median": 0.000117539006169,
        "min": 6.78859454683e-21,
        "var": 1.38247060022e-06
    },
    "spectral_energyband_low": {
        "dmean": 0.00486750667915,
        "dmean2": 0.00804494414479,
        "dvar": 0.000151046580868,
        "dvar2": 0.00039670127444,
        "max": 0.18780733645,
        "mean": 0.0148877026513,
        "median": 0.00410461053252,
        "min": 5.74841837229e-24,
        "var": 0.000477106601465
    },
    "spectral_energyband_middle_high": {
        "dmean": 0.00172920129262,
        "dmean2": 0.00271378993057,
        "dvar": 9.47436365095e-06,
        "dvar2": 2.38433403865e-05,
        "max": 0.0754373446107,
        "mean": 0.00618457980454,
        "median": 0.00243362621404,
        "min": 1.04818495551e-21,
        "var": 7.04891353962e-05
    },
    "spectral_energyband_middle_low": {
        "dmean": 0.00275439908728,
        "dmean2": 0.00451874407008,
        "dvar": 4.1868272092e-05,
        "dvar2": 0.000112734436698,
        "max": 0.118833102286,
        "mean": 0.00690830685198,
        "median": 0.00379550131038,
        "min": 1.49791344686e-22,
        "var": 8.47036935738e-05
    },
    "spectral_entropy": {
        "dmean": 0.14784398675,
        "dmean2": 0.215147018433,
        "dvar": 0.0338111668825,
        "dvar2": 0.061750870198,
        "max": 9.82738208771,
        "mean": 7.36955976486,
        "median": 7.35819196701,
        "min": 4.80829715729,
        "var": 0.500648796558
    },
    "spectral_flux": {
        "dmean": 0.0179803669453,
        "dmean2": 0.0286408569664,
        "dvar": 0.000679950637277,
        "dvar2": 0.0014621213777,
        "max": 0.41857907176,
        "mean": 0.0641987845302,
        "median": 0.0526074953377,
        "min": 6.23241527831e-11,
        "var": 0.00271875993349
    },
    "spectral_kurtosis": {
        "dmean": 1.71817135811,
        "dmean2": 2.81149721146,
        "dvar": 5.56841993332,
        "dvar2": 14.0226774216,
        "max": 64.0190505981,
        "mean": 6.32288551331,
        "median": 5.1547460556,
        "min": -1.44242012501,
        "var": 29.4401168823
    },
    "spectral_rms": {
        "dmean": 0.000552756653633,
        "dmean2": 0.000874289660715,
        "dvar": 6.62498564452e-07,
        "dvar2": 1.59876071848e-06,
        "max": 0.0148595571518,
        "mean": 0.00438085198402,
        "median": 0.00385947176255,
        "min": 3.12553628812e-12,
        "var": 8.06245316198e-06
    },
    "spectral_rolloff": {
        "dmean": 349.366271973,
        "dmean2": 600.486083984,
        "dvar": 960609.875,
        "dvar2": 2052425.25,
        "max": 19681.3476562,
        "mean": 1927.10058594,
        "median": 968.994140625,
        "min": 64.599609375,
        "var": 12341406
    },
    "spectral_skewness": {
        "dmean": 0.216223865747,
        "dmean2": 0.334514349699,
        "dvar": 0.0619764998555,
        "dvar2": 0.127034977078,
        "max": 6.43518257141,
        "mean": 1.89064157009,
        "median": 1.80590796471,
        "min": -0.319911897182,
        "var": 0.579882144928
    },
    "spectral_spread": {
        "dmean": 528750.4375,
        "dmean2": 770517.1875,
        "dvar": 890048479232,
        "dvar2": 1.43304346829e+12,
        "max": 43486028,
        "mean": 5816817,
        "median": 4259753,
        "min": 1170019.375,
        "var": 4.67962733527e+13
    },
    "spectral_strongpeak": {
        "dmean": 0.406737238169,
        "dmean2": 0.691486179829,
        "dvar": 0.715014696121,
        "dvar2": 1.8644733429,
        "max": 11.4239110947,
        "mean": 0.892482161522,
        "median": 0.43725836277,
        "min": 0,
        "var": 1.54201626778
    },
    "zerocrossingrate": {
        "dmean": 0.00865877978504,
        "dmean2": 0.0101131042466,
        "dvar": 0.00024108235084,
        "dvar2": 0.000261535838945,
        "max": 0.7470703125,
        "mean": 0.0691681280732,
        "median": 0.04736328125,
        "min": 0.001953125,
        "var": 0.0082401977852
    },
    "barkbands": {
        "dmean": [0.000244249968091, 0.00406825961545, 0.00123997579794, 0.000920519640204, 0.00066910404712, 0.000409842003137, 0.000721398741007, 0.00066761096241, 0.000543535570614, 0.000582872715313, 0.000720632495359, 0.000583913992159, 0.000294389610644, 0.000261626759311, 0.000198872061446, 0.000147298967931, 0.00016676299856, 0.00010213196947, 0.000142842254718, 0.000144768113387, 7.30398387532e-05, 1.75094373844e-05, 2.10743110074e-05, 5.26037620148e-05, 4.37773669546e-05, 1.64490720636e-05, 1.86719796602e-06],
        "dmean2": [0.000372502807295, 0.00668125459924, 0.00210885261185, 0.00164190423675, 0.00112494314089, 0.000649455934763, 0.00112152588554, 0.00106314371806, 0.000876418431289, 0.000936824304517, 0.0011490554316, 0.000950736051891, 0.000482557341456, 0.000406656094128, 0.000312058458803, 0.000238645807258, 0.000258706044406, 0.00016075046733, 0.000222131086048, 0.000220100628212, 0.000116576098662, 2.75488710031e-05, 3.31247174472e-05, 7.99664121587e-05, 6.58170101815e-05, 2.41668894887e-05, 2.83628446596e-06],
        "dvar": [5.12209737735e-07, 0.000114913593279, 2.24050399993e-05, 1.38631803566e-05, 3.52655411007e-06, 1.10706503165e-06, 3.56280042979e-06, 4.28489875048e-06, 3.43323677043e-06, 2.68910480372e-06, 2.81786901724e-06, 2.79378855339e-06, 8.82090262166e-07, 6.58119972741e-07, 4.60205114905e-07, 1.59464534022e-07, 2.74569458725e-07, 8.67839702323e-08, 1.3943332533e-07, 2.0312465665e-07, 5.63946649379e-08, 2.78057221692e-09, 4.58472637632e-09, 2.38946604725e-08, 2.29633183579e-08, 9.01028673894e-09, 1.82982032304e-10],
        "dvar2": [1.05680044271e-06, 0.000309815950459, 5.94003686274e-05, 3.97455842176e-05, 9.41879443417e-06, 2.91122387353e-06, 8.3821678345e-06, 1.07530022433e-05, 8.63575769472e-06, 6.75636965752e-06, 6.92536559654e-06, 7.13828194421e-06, 2.21557525037e-06, 1.42006604165e-06, 9.81441758086e-07, 3.79496071901e-07, 5.64524270885e-07, 2.0115275845e-07, 3.04877204371e-07, 4.38600949337e-07, 1.31762945443e-07, 6.37161168271e-09, 1.05371888992e-08, 5.35085256104e-08, 4.7778748069e-08, 2.37701165418e-08, 4.72214101155e-10],
        "max": [0.0220006834716, 0.167034864426, 0.0877539739013, 0.0763890147209, 0.0745742693543, 0.020516153425, 0.0479068756104, 0.0584249608219, 0.0621318072081, 0.050006903708, 0.0346103124321, 0.057200729847, 0.0400049649179, 0.0288669466972, 0.0224757995456, 0.0111615685746, 0.0168625134975, 0.0103761320934, 0.00833216775209, 0.0171854328364, 0.00511206267402, 0.00133711448871, 0.00181851943489, 0.00433052331209, 0.00502686342224, 0.00600219052285, 0.00107870623469],
        "mean": [0.000632435898297, 0.0119384033605, 0.00178927765228, 0.00101133191492, 0.00124155764934, 0.000858094077557, 0.00147440063301, 0.00118213938549, 0.000800561858341, 0.00114488461986, 0.00154974195175, 0.00105459603947, 0.000471087958431, 0.000516394211445, 0.0003555722069, 0.000265169772319, 0.000351641181624, 0.000216013708268, 0.000302925793221, 0.000322125823004, 0.000138745279401, 3.71474015992e-05, 4.14016503782e-05, 0.000112050576718, 9.14942720556e-05, 3.30616385327e-05, 3.37601500178e-06],
        "median": [1.98567631742e-05, 0.00237005972303, 0.000370408321032, 0.000192390667507, 0.000502791663166, 0.000373651564587, 0.00033522179001, 0.000186561548617, 0.000145788639202, 0.000240842869971, 0.000206597062061, 0.000110677887278, 6.02704858466e-05, 8.03057555459e-05, 5.1131915825e-05, 5.0940514484e-05, 3.99427372031e-05, 2.5317302061e-05, 5.35102371941e-05, 3.88058069802e-05, 1.47465789269e-05, 4.72974670629e-06, 8.36989056552e-06, 2.07090306503e-05, 1.29242489493e-05, 2.83765939457e-06, 1.35711445637e-07],
        "min": [2.07507765707e-25, 1.24504891152e-24, 9.11129908188e-25, 6.20939831416e-25, 5.09750162926e-24, 5.50486308983e-24, 5.81431902345e-24, 5.58688845233e-24, 1.15140149797e-23, 1.34602152967e-23, 1.30256192022e-23, 1.1459301165e-23, 2.76944230482e-23, 2.31517959245e-23, 3.3009180915e-23, 5.53750757404e-23, 6.20652409945e-23, 8.51041635452e-23, 9.27607906933e-23, 1.49740314852e-22, 2.23589206639e-22, 2.82928485133e-22, 3.50247451403e-22, 5.56956801719e-22, 7.94055775163e-22, 1.18437925382e-21, 1.79323992241e-21],
        "var": [2.09159270526e-06, 0.000346062530298, 2.13087732845e-05, 1.01019795693e-05, 6.67336234983e-06, 1.83094653039e-06, 1.18979787658e-05, 1.28880928969e-05, 4.2480155571e-06, 1.15665316116e-05, 1.25336655401e-05, 6.8331323746e-06, 1.52056782099e-06, 2.30286104852e-06, 1.33024502702e-06, 3.53873133463e-07, 1.15055593142e-06, 2.61160522541e-07, 4.32806615436e-07, 6.75692774621e-07, 1.37282626156e-07, 7.31059923709e-09, 1.04510515797e-08, 5.97492757493e-08, 6.62489938463e-08, 2.79080243359e-08, 7.44878214665e-10]
    },
    "erbbands": {
        "dmean": [0.146482422948, 0.869169712067, 1.41455626488, 2.37161540985, 2.57119083405, 2.08486866951, 3.2690114975, 3.52027225494, 8.59351825714, 13.3183774948, 11.5281410217, 12.8131389618, 16.5569114685, 18.5959186554, 29.3049430847, 20.5398044586, 12.9574289322, 11.2405805588, 10.3224382401, 9.18912982941, 7.76225233078, 7.9711060524, 5.46215295792, 7.38486909866, 4.90609502792, 5.58605527878, 4.79005813599, 1.26082527637, 0.618886828423, 0.600110590458, 0.647505939007, 0.964809894562, 1.00564682484, 0.685587704182, 0.218354195356, 0.0865856483579, 0.029649740085, 0.00494499783963, 0.000361127778888, 1.73834432644e-05],
        "dmean2": [0.231774225831, 1.44658207893, 2.40947437286, 4.1581568718, 4.50491762161, 3.51288366318, 5.25490379333, 5.53963565826, 13.4238424301, 20.8052806854, 18.3911457062, 20.6615085602, 26.2530708313, 28.9299354553, 46.3602333069, 33.4916381836, 21.0423755646, 17.4789295197, 15.7233915329, 14.4784946442, 12.4893398285, 12.3939361572, 8.61609649658, 11.4950056076, 7.54070138931, 8.49927806854, 7.27829933167, 1.95211613178, 0.992737948895, 0.944337368011, 1.01774859428, 1.48975884914, 1.54523396492, 1.03965938091, 0.330210000277, 0.127959027886, 0.0441447682679, 0.00729673216119, 0.000566811941098, 2.64993796009e-05],
        "dvar": [0.158215418458, 5.56789827347, 24.7003440857, 94.4037094116, 91.5397262573, 30.3229484558, 41.6636543274, 100.357650757, 544.159057617, 1297.79614258, 1281.28747559, 1865.24462891, 1858.11474609, 2358.19335938, 5014.81591797, 4004.5222168, 1333.70397949, 1339.875, 873.030883789, 777.432006836, 526.408630371, 526.08984375, 229.285888672, 410.55645752, 207.107086182, 303.688934326, 222.073196411, 19.3741607666, 3.30725193024, 4.02091407776, 4.19359302521, 7.34845781326, 9.87465953827, 5.32594108582, 0.871275305748, 0.287583053112, 0.0296897180378, 0.00117962644435, 7.30282545192e-06, 8.88479423367e-09],
        "dvar2": [0.378688871861, 15.3064689636, 63.6285247803, 265.795410156, 250.255599976, 86.9115753174, 103.78981781, 264.207702637, 1384.61962891, 3135.23022461, 3175.70849609, 4690.93457031, 4464.42871094, 5595.09228516, 11996.8691406, 10682.8623047, 3383.27758789, 2821.51000977, 1896.82873535, 1713.36474609, 1244.73706055, 1109.8927002, 520.652099609, 865.05090332, 428.220977783, 658.272094727, 487.214569092, 43.3149261475, 7.72843360901, 9.85303878784, 9.59384346008, 17.4369049072, 21.8672904968, 11.095656395, 2.07277560234, 0.770348906517, 0.0832728222013, 0.00306869763881, 1.83435822692e-05, 2.24629612688e-08],
        "max": [7.06535673141, 42.5285949707, 89.7729797363, 220.502105713, 312.210479736, 152.256225586, 110.125892639, 195.592895508, 492.951538086, 856.916320801, 1064.30993652, 1559.80603027, 1416.09887695, 1191.04663086, 1877.97216797, 2215.31884766, 1316.73059082, 1659.9432373, 873.538452148, 1094.20751953, 772.317016602, 576.782592773, 700.514465332, 568.628540039, 544.208312988, 812.221618652, 349.828063965, 151.150344849, 45.0969161987, 48.9598846436, 62.1104621887, 86.0470504761, 68.9876785278, 60.2734718323, 49.5411643982, 35.5485801697, 12.1995153427, 2.82021188736, 0.203864008188, 0.0068361745216],
        "mean": [0.403585582972, 2.37771105766, 2.69373559952, 2.85869288445, 3.4810063839, 3.71941351891, 6.97692871094, 7.26828622818, 17.6439914703, 28.0819225311, 19.1361427307, 19.545085907, 31.9112987518, 38.7162322998, 65.8253250122, 39.3133468628, 23.5607357025, 23.0201358795, 21.5704841614, 18.15583992, 17.4942779541, 17.4464988708, 13.0003700256, 16.8206443787, 11.6120548248, 13.1880531311, 11.0604276657, 2.88546228409, 1.3606415987, 1.15315568447, 1.27822470665, 2.03483438492, 1.97304677963, 1.36521315575, 0.445240497589, 0.162214919925, 0.0579800456762, 0.00949872191995, 0.000686964136548, 5.3187890444e-05],
        "median": [0.0714685991406, 0.375652521849, 0.671447455883, 0.777370035648, 1.00841617584, 1.42355620861, 2.79208040237, 2.99887061119, 4.70828390121, 6.11318254471, 4.23051691055, 4.04714441299, 7.69101953506, 9.21805667877, 9.19867515564, 5.34168672562, 3.98837137222, 4.77084875107, 4.72201538086, 4.12432670593, 3.05450487137, 2.43462514877, 1.84115171432, 2.6162674427, 2.28532552719, 1.71317005157, 1.07752406597, 0.444597810507, 0.201236352324, 0.156368285418, 0.2797986269, 0.423566222191, 0.311121553183, 0.189289629459, 0.0578313060105, 0.0123983379453, 0.0055014276877, 0.000775523425546, 4.09280510212e-05, 2.12607737922e-05],
        "min": [4.50433960192e-23, 3.11932060718e-22, 1.6742210319e-21, 4.6313067015e-21, 6.68568406979e-21, 1.64533348576e-20, 2.87456636596e-20, 4.48445823208e-20, 7.64001785212e-20, 1.42370320377e-19, 1.4285398839e-19, 3.77180271404e-19, 3.79258252501e-19, 4.81883319926e-19, 7.29184628781e-19, 7.26190441759e-19, 1.58338406207e-18, 1.50707096369e-18, 2.25158045749e-18, 2.99263068197e-18, 3.64798313383e-18, 4.24048350761e-18, 3.98090430522e-18, 5.18143867752e-18, 5.96300606955e-18, 7.84515215584e-18, 6.48407360718e-18, 8.88949332179e-18, 9.87897504233e-18, 1.01821830589e-17, 1.0183621526e-17, 9.96157068085e-18, 9.78397996642e-18, 7.62775254725e-18, 5.81044211814e-18, 3.70030313475e-18, 2.1012043988e-18, 8.97234331835e-19, 2.40949776673e-19, 2.48129610686e-20],
        "var": [0.503561675549, 15.1726493835, 29.8773441315, 71.080657959, 101.788970947, 51.9252586365, 120.130966187, 145.994735718, 1542.38903809, 4892.91308594, 2350.51953125, 2425.45825195, 6692.87304688, 8843.94335938, 24706.265625, 8756.16113281, 2871.20507812, 3716.17602539, 3081.17993164, 2134.23486328, 1977.60327148, 2017.58630371, 891.312072754, 1476.15942383, 749.668762207, 1060.22363281, 692.387512207, 51.7245140076, 9.10486507416, 8.24284553528, 9.72743606567, 17.0974273682, 23.5542621613, 13.7266464233, 2.36411309242, 0.657287478447, 0.0812542811036, 0.00342008774169, 3.05128996843e-05, 3.49326114701e-08]
    },
    "gfcc": {
        "mean": [-85.1017456055, 87.6052703857, -110.70110321, 13.8994750977, -52.9312095642, 16.2608985901, -33.4226074219, 17.7921543121, -25.1611232758, 4.396027565, -5.57040882111, -3.98323893547, -3.52579522133],
        "cov": [[49560.1054688, 2484.46923828, -4217.14404297, 1534.92077637, -1690.85681152, 1294.72668457, -767.95904541, 1354.4630127, -959.79699707, 526.321472168, 31.3592243195, 38.9489326477, -107.934295654], [2484.46923828, 2083.05859375, 439.687530518, 357.348449707, 207.099822998, -95.7356872559, 41.5856399536, -101.728965759, 105.494979858, -68.5435256958, 124.768005371, -119.775543213, 67.6191940308], [-4217.14404297, 439.687530518, 2464.00683594, 528.259521484, 543.336486816, 27.048204422, 113.127670288, 59.4572792053, 222.577026367, 115.905265808, 44.0764503479, -16.6780643463, 19.7370052338], [1534.92077637, 357.348449707, 528.259521484, 849.702819824, 363.11907959, 124.3436203, 150.015548706, 130.67364502, 83.0796432495, 39.8794021606, 12.1647291183, -6.19611358643, 39.9397583008], [-1690.85681152, 207.099822998, 543.336486816, 363.11907959, 599.455810547, 123.721725464, 244.546737671, 57.8365364075, 125.320625305, 36.4551277161, 49.7923469543, 6.69901371002, 41.7071838379], [1294.72668457, -95.7356872559, 27.048204422, 124.3436203, 123.721725464, 325.720581055, 136.2474823, 91.5573272705, 13.3853549957, 70.6257553101, 15.8837156296, 27.3680801392, 3.99836421013], [-767.95904541, 41.5856399536, 113.127670288, 150.015548706, 244.546737671, 136.2474823, 309.684570312, 43.5015640259, 82.155166626, 22.3141212463, 38.2721138, 34.9707870483, 21.5811233521], [1354.4630127, -101.728965759, 59.4572792053, 130.67364502, 57.8365364075, 91.5573272705, 43.5015640259, 267.55670166, 17.6044006348, 68.8460845947, 31.5398483276, 26.4002227783, 8.45140361786], [-959.79699707, 105.494979858, 222.577026367, 83.0796432495, 125.320625305, 13.3853549957, 82.155166626, 17.6044006348, 194.098831177, 8.57728004456, 8.33449459076, 37.817905426, -9.35041427612], [526.321472168, -68.5435256958, 115.905265808, 39.8794021606, 36.4551277161, 70.6257553101, 22.3141212463, 68.8460845947, 8.57728004456, 151.03314209, 48.4098396301, 5.30847358704, -0.314629405737], [31.3592243195, 124.768005371, 44.0764503479, 12.1647291183, 49.7923469543, 15.8837156296, 38.2721138, 31.5398483276, 8.33449459076, 48.4098396301, 157.761993408, -11.8965187073, 22.4619674683], [38.9489326477, -119.775543213, -16.6780643463, -6.19611358643, 6.69901371002, 27.3680801392, 34.9707870483, 26.4002227783, 37.817905426, 5.30847358704, -11.8965187073, 166.385025024, 7.77961587906], [-107.934295654, 67.6191940308, 19.7370052338, 39.9397583008, 41.7071838379, 3.99836421013, 21.5811233521, 8.45140361786, -9.35041427612, -0.314629405737, 22.4619674683, 7.77961587906, 97.5533370972]],
        "icov": [[0.000128813495394, -0.000309001188725, 0.00024127944198, -0.000362842518371, 0.000391965557355, -0.000557476945687, 0.000356971373549, -0.000530799443368, 0.000438550487161, -0.000392394373193, 0.000167154925293, -0.000246076408075, 0.000300633575534], [-0.000309001188725, 0.00139864196535, -0.000621066021267, 0.000574827368837, -0.000915993354283, 0.00144540669862, -0.000781031616498, 0.00158386223484, -0.00140395690687, 0.00134262535721, -0.00101476814598, 0.00100215896964, -0.00102960388176], [0.00024127944198, -0.000621066021267, 0.00104849692434, -0.000855374499224, 0.000261049543042, -0.000892249518074, 0.000961217505392, -0.000923902844079, 0.000407583487686, -0.00120659847744, 0.000407957792049, -0.000402589619625, 0.000601224892307], [-0.000362842518371, 0.000574827368837, -0.000855374499224, 0.00294487387873, -0.00190776318777, 0.00128245726228, -0.00105912960134, 0.000683789956383, -0.00111766206101, 0.00109129480552, 0.000162341195391, 0.000784799922258, -0.00109795120079], [0.000391965557355, -0.000915993354283, 0.000261049543042, -0.00190776318777, 0.00484091928229, -0.00195823470131, -0.000907590321731, -0.00145694287494, 0.000595127989072, -0.000992748886347, 0.000121347853565, -0.000350624264684, 0.00018832286878], [-0.000557476945687, 0.00144540669862, -0.000892249518074, 0.00128245726228, -0.00195823470131, 0.00696939509362, -0.00328427972272, 0.00156289513689, -0.00123148714192, 4.57155729237e-05, -0.000233994695009, 0.000810197903775, -0.000949125271291], [0.000356971373549, -0.000781031616498, 0.000961217505392, -0.00105912960134, -0.000907590321731, -0.00328427972272, 0.00697566336021, -0.00130087079015, -0.000169491191627, -0.000543137488421, -0.000439620518591, -0.00126858567819, 0.000452024221886], [-0.000530799443368, 0.00158386223484, -0.000923902844079, 0.000683789956383, -0.00145694287494, 0.00156289513689, -0.00130087079015, 0.00713236304, -0.00211264193058, 0.000221536654863, -0.00145408825483, 0.000578129664063, -0.00146253185812], [0.000438550487161, -0.00140395690687, 0.000407583487686, -0.00111766206101, 0.000595127989072, -0.00123148714192, -0.000169491191627, -0.00211264193058, 0.00871855486184, -0.0014151079813, 0.000789812998846, -0.00257113436237, 0.00270434329286], [-0.000392394373193, 0.00134262535721, -0.00120659847744, 0.00109129480552, -0.000992748886347, 4.57155729237e-05, -0.000543137488421, 0.000221536654863, -0.0014151079813, 0.0105644213036, -0.00337517657317, 0.000853185949381, -0.000436403235653], [0.000167154925293, -0.00101476814598, 0.000407957792049, 0.000162341195391, 0.000121347853565, -0.000233994695009, -0.000439620518591, -0.00145408825483, 0.000789812998846, -0.00337517657317, 0.00851584598422, 0.000217511566007, -0.000993064371869], [-0.000246076408075, 0.00100215896964, -0.000402589619625, 0.000784799922258, -0.000350624264684, 0.000810197903775, -0.00126858567819, 0.000578129664063, -0.00257113436237, 0.000853185949381, 0.000217511566007, 0.00748837925494, -0.00175046466757], [0.000300633575534, -0.00102960388176, 0.000601224892307, -0.00109795120079, 0.00018832286878, -0.000949125271291, 0.000452024221886, -0.00146253185812, 0.00270434329286, -0.000436403235653, -0.000993064371869, -0.00175046466757, 0.0122361220419]]
    },
    "melbands": {
        "dmean": [0.00119217066094, 0.000826390518341, 0.000410425040172, 0.000157149872393, 0.000107662192022, 8.31899233162e-05, 0.000133670429932, 0.000149624742335, 9.31251197471e-05, 8.29132914077e-05, 8.60487198224e-05, 7.8005999967e-05, 9.15107739274e-05, 7.11580942152e-05, 4.95247986692e-05, 2.54768492596e-05, 2.34072595049e-05, 1.89451184269e-05, 1.72249474417e-05, 1.12374455057e-05, 1.00934166767e-05, 1.05554518086e-05, 5.43779333384e-06, 4.94294999953e-06, 7.12699511496e-06, 4.86171529701e-06, 3.89082515539e-06, 4.54104292658e-06, 4.32030219599e-06, 1.73661521785e-06, 5.42843508811e-07, 4.00423914471e-07, 3.47107601328e-07, 3.49912625097e-07, 3.72268914361e-07, 4.94751134283e-07, 7.09127505161e-07, 7.92936816651e-07, 6.9406695502e-07, 6.01544456913e-07],
        "dmean2": [0.00193103123456, 0.00139679468703, 0.000716435606591, 0.000270309130428, 0.000173137406819, 0.000130914399051, 0.000207581615541, 0.000235597530263, 0.000149817380589, 0.000133186404128, 0.000136914779432, 0.000121726254292, 0.000144957797602, 0.000112783200166, 8.21477515274e-05, 4.08288033213e-05, 3.63800645573e-05, 2.90590851364e-05, 2.69884967565e-05, 1.81387149496e-05, 1.61478146765e-05, 1.63312834047e-05, 8.71084921528e-06, 7.55767132432e-06, 1.11100953291e-05, 7.68530571804e-06, 5.90154195379e-06, 7.04782269167e-06, 6.57214604871e-06, 2.74270360023e-06, 8.65810022788e-07, 6.62501236093e-07, 5.47277124952e-07, 5.63043954571e-07, 5.93843083152e-07, 7.89199134488e-07, 1.10335497538e-06, 1.23632958093e-06, 1.09237828383e-06, 9.14638803806e-07],
        "dvar": [9.93899084278e-06, 6.02763338975e-06, 2.66403890237e-06, 2.6079439408e-07, 4.54251498638e-08, 5.34536290786e-08, 1.26343238094e-07, 1.74299117361e-07, 8.88626416895e-08, 8.13750844486e-08, 5.20248448765e-08, 4.47996839625e-08, 4.41698198017e-08, 4.02083486506e-08, 3.24335864832e-08, 5.38882893864e-09, 6.04294481121e-09, 3.20613002813e-09, 4.1183865207e-09, 8.20308487803e-10, 1.16829290686e-09, 1.02657982115e-09, 2.17987308759e-10, 2.3538365701e-10, 4.13211243e-10, 2.17208945275e-10, 2.45464343296e-10, 1.81660506082e-10, 2.13457668208e-10, 3.99589493438e-11, 3.25555684841e-12, 1.37849801018e-12, 1.31118932985e-12, 1.55999117703e-12, 1.39093099018e-12, 2.25758474415e-12, 3.95422453461e-12, 6.27267378664e-12, 4.72866884538e-12, 4.55168845323e-12],
        "dvar2": [2.58533855231e-05, 1.56774658535e-05, 7.47181957195e-06, 7.19944296179e-07, 1.13837067772e-07, 1.41391211628e-07, 3.11378897777e-07, 4.26851784141e-07, 2.17379437117e-07, 2.03157824785e-07, 1.27115697524e-07, 1.05481291257e-07, 1.08323355619e-07, 9.44219706867e-08, 8.8088739858e-08, 1.27716033305e-08, 1.24683463554e-08, 6.95732982336e-09, 8.54010018259e-09, 2.02413441563e-09, 2.73329381351e-09, 2.1158539365e-09, 5.03106223348e-10, 4.82608009111e-10, 8.63056015543e-10, 4.85643747439e-10, 4.81377493422e-10, 4.14412892891e-10, 4.83031892262e-10, 9.2467665469e-11, 7.66562854859e-12, 3.39719290025e-12, 3.06599168796e-12, 4.01993499252e-12, 3.23924762881e-12, 5.5374190476e-12, 9.54211709647e-12, 1.38755161874e-11, 1.09489275285e-11, 9.65793590935e-12],
        "max": [0.0487309619784, 0.0419043600559, 0.0378071516752, 0.0181268639863, 0.00350928190164, 0.00458833621815, 0.00695865182206, 0.0118068475276, 0.010479202494, 0.0103030102327, 0.00718136969954, 0.00599458580837, 0.00478380732238, 0.00787410512567, 0.00664753513411, 0.00190819054842, 0.00298240873963, 0.00203631469049, 0.00236478657462, 0.000635744072497, 0.00109525176231, 0.000856279279105, 0.000417975097662, 0.000653161783703, 0.000566129165236, 0.0005144244642, 0.000863647728693, 0.000486740813358, 0.000397707684897, 0.000232842881815, 5.27848751517e-05, 2.51480942097e-05, 3.13498749165e-05, 3.81353856937e-05, 3.70201887563e-05, 4.02093683078e-05, 6.22072766419e-05, 5.67619790672e-05, 3.75480594812e-05, 7.07460785634e-05],
        "mean": [0.00346541102044, 0.00207206862979, 0.000522074755281, 0.000248897529673, 0.000233677477809, 0.000172663552803, 0.000274530495517, 0.000310410105158, 0.000144491146784, 0.000122691941215, 0.000163569435244, 0.000154340799781, 0.000202725816052, 0.00014091853518, 8.33501617308e-05, 4.1205992602e-05, 4.48015307484e-05, 3.69270601368e-05, 3.05248358927e-05, 2.01795992325e-05, 2.13123821595e-05, 2.10492980841e-05, 1.13506184789e-05, 1.01948171505e-05, 1.45731974044e-05, 9.2764821602e-06, 7.94654442871e-06, 9.48656634137e-06, 9.0554012786e-06, 3.38389759236e-06, 1.02078251984e-06, 7.769586432e-07, 6.48641162115e-07, 6.07422975918e-07, 6.5285354367e-07, 9.36589287903e-07, 1.39266990118e-06, 1.44964417359e-06, 1.25266194573e-06, 1.12052316581e-06],
        "median": [0.000684962898958, 0.000465475051897, 0.000148508843267, 9.60002507782e-05, 9.66371735558e-05, 7.29895255063e-05, 6.77222633385e-05, 5.99852719461e-05, 2.75791571767e-05, 2.21907703235e-05, 3.52208226104e-05, 3.22642299579e-05, 2.76718892565e-05, 1.52235634232e-05, 7.10824087946e-06, 5.59273848921e-06, 7.67831443227e-06, 6.36866298009e-06, 3.68939436157e-06, 4.71051089335e-06, 2.53440703091e-06, 2.38510415329e-06, 1.55133898261e-06, 1.27680687001e-06, 1.93251275959e-06, 1.65527683293e-06, 1.13313205929e-06, 1.05166179765e-06, 7.3508050491e-07, 3.42873647696e-07, 1.44261662172e-07, 9.5994003857e-08, 8.05012447813e-08, 7.59216973734e-08, 1.15938405543e-07, 2.11824513485e-07, 2.68240142987e-07, 2.16343352122e-07, 1.69325190313e-07, 1.44348859976e-07],
        "min": [5.51651614312e-25, 6.36834195365e-25, 1.42250425683e-24, 9.78287116163e-25, 1.16210708987e-24, 9.77064677583e-25, 1.15597438658e-24, 1.81352673172e-24, 1.05007543069e-24, 2.07353607495e-24, 1.42568721198e-24, 1.64981551275e-24, 2.80438000768e-24, 1.52253073493e-24, 1.53660371766e-24, 3.08227815243e-24, 1.43636335965e-24, 2.68155495638e-24, 2.80350318878e-24, 3.10716316412e-24, 3.58185173358e-24, 2.70006301372e-24, 3.48691824009e-24, 3.381703128e-24, 3.65732442296e-24, 4.02623206985e-24, 3.64939124327e-24, 3.98099444681e-24, 3.41927341747e-24, 4.2397483179e-24, 4.70507922209e-24, 4.24551449668e-24, 5.01988678809e-24, 4.53385972362e-24, 4.73123508869e-24, 4.50295885867e-24, 4.88931098118e-24, 5.17877165744e-24, 4.49110464585e-24, 5.83340906293e-24],
        "var": [3.07629161398e-05, 1.1898973753e-05, 2.11556812246e-06, 3.76205349539e-07, 1.32458595203e-07, 7.72504975544e-08, 3.82288277478e-07, 6.69480527904e-07, 1.41826646427e-07, 1.04814205315e-07, 1.93059591425e-07, 1.69864648569e-07, 2.0692030489e-07, 1.17236425012e-07, 6.97459725529e-08, 1.08646638353e-08, 1.77685777203e-08, 1.22949890269e-08, 1.25037669108e-08, 1.84905613043e-09, 4.7717523266e-09, 3.7977003764e-09, 7.2666811457e-10, 6.68900324019e-10, 1.30818622601e-09, 5.28326327132e-10, 7.89117604594e-10, 5.16962583852e-10, 5.62647706204e-10, 1.1085268814e-10, 6.66720411518e-12, 3.18543954235e-12, 2.85831059342e-12, 2.58626670427e-12, 2.97448133832e-12, 4.61308161809e-12, 8.4334752723e-12, 1.41575752857e-11, 9.76603086594e-12, 1.1171376324e-11]
    },
    "mfcc": {
        "mean": [-711.250732422, 124.27432251, -0.189616635442, 5.54728126526, 6.3704123497, -7.16573667526, 13.0149564743, -0.293381720781, 0.371061950922, 8.18176651001, -7.7078461647, 3.92731547356, 1.85972452164],
        "cov": [[16756.7148438, 614.132141113, -526.583007812, 436.669586182, 145.18927002, 44.0515174866, 892.84954834, 399.433807373, 282.691925049, 269.789978027, 82.9916381836, 560.33013916, 245.893615723], [614.132141113, 2023.50048828, 545.407592773, 360.98638916, 247.241333008, 65.1163711548, 55.4255752563, -24.9999294281, -23.4128704071, 97.7015228271, -43.5448493958, 3.55325746536, 36.2344818115], [-526.583007812, 545.407592773, 1436.22265625, 478.136291504, 410.240997314, 114.104156494, 58.137840271, -21.156036377, 60.9079360962, 134.005233765, 57.2794761658, -0.261837542057, 63.4603347778], [436.669586182, 360.98638916, 478.136291504, 744.319519043, 351.662139893, 164.922576904, 138.250213623, 107.646492004, 125.399917603, 74.4794006348, 48.0028381348, 73.1099777222, 43.3802871704], [145.18927002, 247.241333008, 410.240997314, 351.662139893, 431.962615967, 86.9128036499, 158.969024658, 43.6410980225, 88.0560455322, 110.480537415, 23.0101680756, 73.6854019165, 37.1669845581], [44.0515174866, 65.1163711548, 114.104156494, 164.922576904, 86.9128036499, 399.332000732, 56.0372505188, 125.619178772, 98.6108093262, 18.2112884521, 97.1390838623, -16.303030014, 17.0858249664], [892.84954834, 55.4255752563, 58.137840271, 138.250213623, 158.969024658, 56.0372505188, 353.256622314, 28.7222232819, 61.2319641113, 121.594795227, -8.61617565155, 92.9933242798, 27.5395946503], [399.433807373, -24.9999294281, -21.156036377, 107.646492004, 43.6410980225, 125.619178772, 28.7222232819, 247.023803711, 101.105537415, -15.3064842224, 81.0847320557, 32.5519752502, 30.0901641846], [282.691925049, -23.4128704071, 60.9079360962, 125.399917603, 88.0560455322, 98.6108093262, 61.2319641113, 101.105537415, 162.341064453, 32.1004981995, 58.2137336731, 23.1468753815, 15.1729402542], [269.789978027, 97.7015228271, 134.005233765, 74.4794006348, 110.480537415, 18.2112884521, 121.594795227, -15.3064842224, 32.1004981995, 178.476348877, 13.2503538132, 36.7003479004, -1.71045160294], [82.9916381836, -43.5448493958, 57.2794761658, 48.0028381348, 23.0101680756, 97.1390838623, -8.61617565155, 81.0847320557, 58.2137336731, 13.2503538132, 169.523803711, 39.4209518433, 20.3481807709], [560.33013916, 3.55325746536, -0.261837542057, 73.1099777222, 73.6854019165, -16.303030014, 92.9933242798, 32.5519752502, 23.1468753815, 36.7003479004, 39.4209518433, 150.361206055, 45.603061676], [245.893615723, 36.2344818115, 63.4603347778, 43.3802871704, 37.1669845581, 17.0858249664, 27.5395946503, 30.0901641846, 15.1729402542, -1.71045160294, 20.3481807709, 45.603061676, 115.922462463]],
