{
"lowlevel": {
    "average_loudness": 0.256693810225,
    "barkbands_crest": {
        "dmean": 2.5103328228,
        "dmean2": 3.98862266541,
        "dvar": 5.84617233276,
        "dvar2": 14.4555826187,
        "max": 25.8844337463,
        "mean": 11.6811532974,
        "median": 10.8191509247,
        "min": 3.18267083168,
        "var": 20.8327560425
    },
    "barkbands_flatness_db": {
        "dmean": 0.0188339054585,
        "dmean2": 0.0284749642015,
        "dvar": 0.000418735289713,
        "dvar2": 0.000878983410075,
        "max": 0.554468214512,
        "mean": 0.187765479088,
        "median": 0.180241122842,
        "min": 0.0175814051181,
        "var": 0.0051012202166
    },
    "barkbands_kurtosis": {
        "dmean": 3.30249786377,
        "dmean2": 5.22898292542,
        "dvar": 53.3460235596,
        "dvar2": 131.204559326,
        "max": 223.041107178,
        "mean": 5.75551319122,
        "median": 2.73063230515,
        "min": -1.93066775799,
        "var": 124.108879089
    },
    "barkbands_skewness": {
        "dmean": 0.52049279213,
        "dmean2": 0.797441482544,
        "dvar": 0.367288321257,
        "dvar2": 0.868227303028,
        "max": 11.9904842377,
        "mean": 1.1728272438,
        "median": 1.04585778713,
        "min": -4.65244436264,
        "var": 1.82353508472
    },
    "barkbands_spread": {
        "dmean": 3.26635408401,
        "dmean2": 4.96221494675,
        "dvar": 38.9772911072,
        "dvar2": 76.572807312,
        "max": 109.250938416,
        "mean": 12.8541650772,
        "median": 9.73825645447,
        "min": 0.271362185478,
        "var": 136.489593506
    },
    "dissonance": {
        "dmean": 0.0331868417561,
        "dmean2": 0.0558475367725,
        "dvar": 0.000962485733908,
        "dvar2": 0.00267470791005,
        "max": 0.500000238419,
        "mean": 0.421133935452,
        "median": 0.433725684881,
        "min": 0.146813467145,
        "var": 0.003152547637
    },
    "dynamic_complexity": 7.12159204483,
    "erbbands_crest": {
        "dmean": 2.7493956089,
        "dmean2": 4.2862033844,
        "dvar": 7.04610872269,
        "dvar2": 16.556552887,
        "max": 32.4547920227,
        "mean": 13.4191646576,
        "median": 12.2396001816,
        "min": 2.54210758209,
        "var": 43.7145652771
    },
    "erbbands_flatness_db": {
        "dmean": 0.0168900191784,
        "dmean2": 0.0242061447352,
        "dvar": 0.000356701872079,
        "dvar2": 0.000671891903039,
        "max": 0.534994125366,
        "mean": 0.219037383795,
        "median": 0.22500616312,
        "min": 0.0425842441618,
        "var": 0.00452329451218
    },
    "erbbands_kurtosis": {
        "dmean": 1.7293741703,
        "dmean2": 2.66866779327,
        "dvar": 8.83428192139,
        "dvar2": 19.4087924957,
        "max": 80.7562561035,
        "mean": 3.51459860802,
        "median": 1.68230724335,
        "min": -1.87073516846,
        "var": 31.9520626068
    },
    "erbbands_skewness": {
        "dmean": 0.381404578686,
        "dmean2": 0.573937833309,
        "dvar": 0.172728866339,
        "dvar2": 0.372822105885,
        "max": 6.89692115784,
        "mean": 0.936031162739,
        "median": 0.828475534916,
        "min": -3.02553582191,
        "var": 0.898106634617
    },
    "erbbands_spread": {
        "dmean": 4.9049911499,
        "dmean2": 7.37864780426,
        "dvar": 74.1856613159,
        "dvar2": 145.67477417,
        "max": 163.405410767,
        "mean": 21.8852558136,
        "median": 16.5107917786,
        "min": 0.664871454239,
        "var": 328.82800293
    },
    "hfc": {
        "dmean": 2.86934113503,
        "dmean2": 4.13431501389,
        "dvar": 26.2198562622,
        "dvar2": 53.1943283081,
        "max": 152.376647949,
        "mean": 15.1439704895,
        "median": 4.99121952057,
        "min": 1.0765111795e-16,
        "var": 429.064819336
    },
    "melbands_crest": {
        "dmean": 3.03848457336,
        "dmean2": 4.76902532578,
        "dvar": 7.85918712616,
        "dvar2": 19.4436607361,
        "max": 33.0254745483,
        "mean": 14.7039556503,
        "median": 13.8475456238,
        "min": 1.43929731846,
        "var": 29.9258842468
    },
    "melbands_flatness_db": {
        "dmean": 0.0211724378169,
        "dmean2": 0.0312601141632,
        "dvar": 0.00057432736503,
        "dvar2": 0.00116077938583,
        "max": 0.697073280811,
        "mean": 0.262541174889,
        "median": 0.253178149462,
        "min": 0.00142043409869,
        "var": 0.00735152745619
    },
    "melbands_kurtosis": {
        "dmean": 4.94032812119,
        "dmean2": 7.82404708862,
        "dvar": 107.494758606,
        "dvar2": 270.502166748,
        "max": 320.158630371,
        "mean": 9.05631065369,
        "median": 4.49968194962,
        "min": -1.76912164688,
        "var": 227.351531982
    },
    "melbands_skewness": {
        "dmean": 0.573999881744,
        "dmean2": 0.875591874123,
        "dvar": 0.462376534939,
        "dvar2": 1.0915210247,
        "max": 14.2140169144,
        "mean": 1.64167606831,
        "median": 1.44469738007,
        "min": -3.80707859993,
        "var": 2.38901281357
    },
    "melbands_spread": {
        "dmean": 3.91837310791,
        "dmean2": 5.89928197861,
        "dvar": 52.5400123596,
        "dvar2": 104.804328918,
        "max": 203.151382446,
        "mean": 16.5172519684,
        "median": 12.5377492905,
        "min": 0.47069516778,
        "var": 274.947570801
    },
    "pitch_salience": {
        "dmean": 0.0672353357077,
        "dmean2": 0.10762296617,
        "dvar": 0.00422678375617,
        "dvar2": 0.0106465658173,
        "max": 0.965782403946,
        "mean": 0.533541023731,
        "median": 0.541199743748,
        "min": 0.109989799559,
        "var": 0.0145265776664
    },
    "silence_rate_20dB": {
        "dmean": 0,
        "dmean2": 0,
        "dvar": 0,
        "dvar2": 0,
        "max": 1,
        "mean": 1,
        "median": 1,
        "min": 1,
        "var": 0
    },
    "silence_rate_30dB": {
        "dmean": 0.00201511336491,
        "dmean2": 0.00403073430061,
        "dvar": 0.00201101694256,
        "dvar2": 0.005777716171,
        "max": 1,
        "mean": 0.998111069202,
        "median": 1,
        "min": 0,
        "var": 0.00188531167805
    },
    "silence_rate_60dB": {
        "dmean": 0.0319899246097,
        "dmean2": 0.0639879107475,
        "dvar": 0.0309656988829,
        "dvar2": 0.0666915327311,
        "max": 1,
        "mean": 0.28422114253,
        "median": 0,
        "min": 0,
        "var": 0.203455999494
    },
    "spectral_centroid": {
        "dmean": 125.883056641,
        "dmean2": 186.895248413,
        "dvar": 63183.3984375,
        "dvar2": 117376.507812,
        "max": 11549.1230469,
        "mean": 945.320129395,
        "median": 763.74432373,
        "min": 148.368606567,
        "var": 938680.3125
    },
    "spectral_complexity": {
        "dmean": 1.82921910286,
        "dmean2": 2.99634718895,
        "dvar": 4.44486904144,
        "dvar2": 10.547082901,
        "max": 49,
        "mean": 12.1260547638,
        "median": 9,
        "min": 0,
        "var": 79.6561584473
    },
    "spectral_decrease": {
        "dmean": 1.25804455742e-09,
        "dmean2": 1.90221283169e-09,
        "dvar": 6.06429598992e-18,
        "dvar2": 1.35672029945e-17,
        "max": 3.18376187849e-26,
        "mean": -5.00243046986e-09,
        "median": -2.61050137063e-09,
        "min": -3.87161129822e-08,
        "var": 3.19198476647e-17
    },
    "spectral_energy": {
        "dmean": 0.0049302848056,
        "dmean2": 0.00742268143222,
        "dvar": 8.98338912521e-05,
        "dvar2": 0.000200093782041,
        "max": 0.148246318102,
        "mean": 0.0202539730817,
        "median": 0.0103382421657,
        "min": 1.00860886665e-20,
        "var": 0.000525092997123
    },
    "spectral_energyband_high": {
        "dmean": 0.000100892473711,
        "dmean2": 0.000139744995977,
        "dvar": 1.1242835285e-07,
        "dvar2": 1.94315276758e-07,
        "max": 0.0111606838182,
        "mean": 0.000271854951279,
        "median": 2.16806456592e-05,
        "min": 6.97473280288e-21,
        "var": 4.54305620678e-07
    },
    "spectral_energyband_low": {
        "dmean": 0.00283071305603,
        "dmean2": 0.00449399417266,
        "dvar": 7.4753559602e-05,
        "dvar2": 0.000174927321495,
        "max": 0.131002575159,
        "mean": 0.00488579506055,
        "median": 0.0010520175565,
        "min": 1.64779080263e-23,
        "var": 0.000112774119771
    },
    "spectral_energyband_middle_high": {
        "dmean": 0.00160674063955,
        "dmean2": 0.00234611448832,
        "dvar": 1.29392010422e-05,
        "dvar2": 2.7170895919e-05,
        "max": 0.11822693795,
        "mean": 0.00710735749453,
        "median": 0.000954946444836,
        "min": 1.24803550735e-21,
        "var": 0.000192037929082
    },
    "spectral_energyband_middle_low": {
        "dmean": 0.00292319874279,
        "dmean2": 0.00450955843553,
        "dvar": 3.30721159116e-05,
        "dvar2": 7.69001126173e-05,
        "max": 0.0907961726189,
        "mean": 0.00878162216395,
        "median": 0.00552799319848,
        "min": 1.59503244793e-22,
        "var": 0.000106719955511
    },
    "spectral_entropy": {
        "dmean": 0.155773535371,
        "dmean2": 0.225953787565,
        "dvar": 0.038555521518,
        "dvar2": 0.0673271939158,
        "max": 9.82320690155,
        "mean": 6.87744855881,
        "median": 6.8584690094,
        "min": 4.22686719894,
        "var": 0.548300743103
    },
    "spectral_flux": {
        "dmean": 0.0179426390678,
        "dmean2": 0.0280870199203,
        "dvar": 0.000590010895394,
        "dvar2": 0.00137327553239,
        "max": 0.307951778173,
        "mean": 0.0599412545562,
        "median": 0.0439557768404,
        "min": 6.48749873267e-11,
        "var": 0.00280236778781
    },
    "spectral_kurtosis": {
        "dmean": 4.34356451035,
        "dmean2": 7.24759101868,
        "dvar": 46.9407806396,
        "dvar2": 120.10761261,
        "max": 220.044937134,
        "mean": 12.7963647842,
        "median": 8.58104419708,
        "min": -1.24841678143,
        "var": 223.500671387
    },
    "spectral_rms": {
        "dmean": 0.000464718381409,
        "dmean2": 0.000685386476107,
        "dvar": 4.14277678829e-07,
        "dvar2": 8.80135416992e-07,
        "max": 0.0120262447745,
        "mean": 0.00368917058222,
        "median": 0.00317586050369,
        "min": 3.13689135431e-12,
        "var": 6.14989812675e-06
    },
    "spectral_rolloff": {
        "dmean": 253.820465088,
        "dmean2": 430.447753906,
        "dvar": 753729.3125,
        "dvar2": 1601246.125,
        "max": 21188.671875,
        "mean": 1137.72302246,
        "median": 775.1953125,
        "min": 64.599609375,
        "var": 3597290.25
    },
    "spectral_skewness": {
        "dmean": 0.363563358784,
        "dmean2": 0.588091671467,
        "dvar": 0.190732359886,
        "dvar2": 0.460419625044,
        "max": 12.322675705,
        "mean": 2.53246998787,
        "median": 2.27572154999,
        "min": -0.0749687328935,
        "var": 1.46027588844
    },
    "spectral_spread": {
        "dmean": 459975.28125,
        "dmean2": 662931.125,
        "dvar": 998090407936,
        "dvar2": 1.74002588877e+12,
        "max": 43185016,
        "mean": 3729328,
        "median": 3190330,
        "min": 384479.375,
        "var": 1.24719453962e+13
    },
    "spectral_strongpeak": {
        "dmean": 0.497378408909,
        "dmean2": 0.819538116455,
        "dvar": 0.804253876209,
        "dvar2": 1.99935424328,
        "max": 15.2006177902,
        "mean": 1.55050563812,
        "median": 0.550240278244,
        "min": 0,
        "var": 5.27277851105
    },
    "zerocrossingrate": {
        "dmean": 0.00631002057344,
        "dmean2": 0.0073851691559,
        "dvar": 0.000201932562049,
        "dvar2": 0.000217316235648,
        "max": 0.66015625,
        "mean": 0.0437819361687,
        "median": 0.03466796875,
        "min": 0.00244140625,
        "var": 0.00261497520842
    },
    "barkbands": {
        "dmean": [0.000106915038486, 0.00224736332893, 0.000845706090331, 0.000598564511165, 0.00107509829104, 0.00090030010324, 0.000465026765596, 0.000563321693335, 0.000742901058402, 0.000807163480204, 0.000659660610836, 0.000575024168938, 0.000245051225647, 0.000328946160153, 0.000151314685354, 0.000106157902337, 7.20617972547e-05, 6.83374892105e-05, 6.17079131189e-05, 5.77156533836e-05, 2.10316557059e-05, 2.00919566851e-05, 1.66546251421e-05, 2.61132099695e-05, 1.5598583559e-05, 5.41574627277e-06, 1.53239147949e-06],
        "dmean2": [0.000167509278981, 0.00369099178351, 0.00138770311605, 0.00102028017864, 0.00175174628384, 0.00142231571954, 0.000720346812159, 0.000873045879416, 0.0010625080904, 0.00115099933464, 0.000971335975919, 0.000833933474496, 0.000374598428607, 0.000503123970702, 0.000234283448663, 0.000168825979927, 0.000114759423013, 0.000105813422124, 9.6156669315e-05, 8.74495672178e-05, 3.26434601448e-05, 2.99165640172e-05, 2.34325543715e-05, 3.56165583071e-05, 2.23075094254e-05, 7.45814804759e-06, 2.31952935792e-06],
        "dvar": [1.31025245764e-07, 6.61613157718e-05, 4.44287297796e-06, 5.35467279406e-06, 9.33224418986e-06, 3.04170907839e-06, 1.54801614372e-06, 2.39486917053e-06, 5.42595307707e-06, 6.84178530719e-06, 6.67481072014e-06, 5.25419227415e-06, 1.3270710042e-06, 1.24015161873e-06, 3.45053734918e-07, 1.77140506707e-07, 5.79587009497e-08, 2.61176644756e-08, 2.43314719484e-08, 2.10624744312e-08, 3.88682064312e-09, 5.72825298306e-09, 3.96233224009e-09, 1.61923203734e-08, 5.54843504474e-09, 7.8905038059e-10, 4.89036866558e-11],
        "dvar2": [2.85538561684e-07, 0.000165167206433, 1.1910561625e-05, 1.39579815368e-05, 2.3635549951e-05, 6.95398102835e-06, 3.20097433359e-06, 5.7124302657e-06, 1.08005651782e-05, 1.29576310428e-05, 1.33431685754e-05, 9.7909651231e-06, 2.65741778094e-06, 2.5857352739e-06, 7.4278801776e-07, 3.99373504933e-07, 1.38091934332e-07, 5.90923754373e-08, 5.51496981416e-08, 4.68705749768e-08, 8.75698979996e-09, 1.15616618501e-08, 8.03738142707e-09, 2.95984747822e-08, 1.16568630304e-08, 1.48485834739e-09, 1.08211488381e-10],
        "max": [0.0161667503417, 0.122267171741, 0.0347852632403, 0.0521185845137, 0.0501793175936, 0.0422942228615, 0.0324614010751, 0.0635677427053, 0.0562192797661, 0.0755400359631, 0.0667661428452, 0.107532218099, 0.0505328699946, 0.0309947934002, 0.0194341409951, 0.0148256253451, 0.00998771656305, 0.00376061862335, 0.00324536929838, 0.00312637491152, 0.00162460992578, 0.00374538870528, 0.00169825693592, 0.00456675095484, 0.00385302468203, 0.00102504948154, 0.000168179496541],
        "mean": [0.000166597877978, 0.00316598080099, 0.00132604152896, 0.000654627743643, 0.00169623014517, 0.00190877285786, 0.000845097471029, 0.00108593725599, 0.00143208447844, 0.00205559213646, 0.00164299283642, 0.00168737873901, 0.000516653351951, 0.000776647182647, 0.000331012095558, 0.0001722445013, 0.000146845923155, 0.000143341530929, 0.000137467446621, 0.000136602175189, 5.68144787394e-05, 4.18188392359e-05, 3.58910438081e-05, 5.09163874085e-05, 2.90861189569e-05, 9.37579352467e-06, 1.89777392734e-06],
        "median": [2.54914266407e-05, 0.000508326455019, 0.000202837138204, 0.000127051913296, 0.000831752375234, 0.000787257566117, 0.000240430876147, 0.000419470539782, 0.00027128943475, 0.000218842120375, 8.0192607129e-05, 8.05871750345e-05, 3.79946213798e-05, 4.72148167319e-05, 2.95742120215e-05, 1.45971198435e-05, 1.83013380592e-05, 1.94237672986e-05, 1.25518417917e-05, 7.35718867872e-06, 2.44194507104e-06, 1.83688132438e-06, 3.79236780645e-06, 5.05450771016e-06, 1.67201096701e-06, 6.90335070885e-07, 6.06416818982e-08],
        "min": [4.12253729384e-25, 5.44153609737e-24, 1.52169513402e-24, 1.67845974247e-24, 1.06922838182e-23, 1.50374211921e-23, 1.02479137372e-23, 6.87117806628e-24, 2.29017491056e-23, 1.68796811962e-23, 1.67603170749e-23, 3.05694266173e-23, 1.436856023e-23, 3.05772363402e-23, 5.18385113281e-23, 4.59646814268e-23, 7.08305080152e-23, 1.19334245551e-22, 1.38176409153e-22, 1.9490412891e-22, 2.87395381609e-22, 2.69702178138e-22, 3.65267262065e-22, 5.609130212e-22, 8.78623936122e-22, 1.32802716434e-21, 1.9308719923e-21],
        "var": [2.85079153173e-07, 7.32223052182e-05, 7.21603146303e-06, 4.63640753878e-06, 1.06400784716e-05, 9.68590393313e-06, 4.45771229352e-06, 5.16827412866e-06, 1.44622417793e-05, 3.76259922632e-05, 3.74902301701e-05, 6.36909753666e-05, 7.92844457465e-06, 6.86653220328e-06, 1.7853224108e-06, 3.66845796407e-07, 2.0650230681e-07, 8.27258972436e-08, 8.35265865362e-08, 8.61448867795e-08, 2.0935319256e-08, 1.54371893046e-08, 1.1170751435e-08, 4.91878040521e-08, 1.33882700482e-08, 2.01510474973e-09, 8.07937536318e-11]
    },
    "erbbands": {
        "dmean": [0.058055806905, 0.548390269279, 1.05214369297, 1.21787011623, 3.50745224953, 3.27904558182, 6.01242685318, 7.52319908142, 7.59553050995, 8.93709087372, 11.0989542007, 14.8882675171, 27.5581798553, 14.4901599884, 27.3762569427, 19.7953128815, 10.7968397141, 17.4189586639, 8.50867843628, 6.80854988098, 4.61749172211, 3.39967751503, 3.67793154716, 2.99749302864, 2.77724266052, 2.49475693703, 1.06365072727, 0.777643918991, 0.766796052456, 0.509536087513, 0.493490815163, 0.526965856552, 0.447845071554, 0.218127056956, 0.0923027023673, 0.0320497341454, 0.0089301886037, 0.00159936223645, 0.000366471445886, 1.41752980198e-05],
        "dmean2": [0.0921314507723, 0.912194907665, 1.73017585278, 2.07339191437, 5.81129169464, 5.43789577484, 9.7405128479, 11.6629056931, 11.632569313, 14.1004476547, 17.1521892548, 21.1873092651, 39.3064804077, 19.9155578613, 41.4217147827, 28.4643859863, 15.5480604172, 26.0961875916, 12.5494308472, 10.1480302811, 7.12067174911, 5.25414991379, 5.63957881927, 4.71487808228, 4.1776471138, 3.70686864853, 1.66384327412, 1.18062531948, 1.15702366829, 0.745916008949, 0.694275736809, 0.719898760319, 0.623738348484, 0.312405258417, 0.131719246507, 0.0433547906578, 0.0124744605273, 0.00226870039478, 0.000563263020013, 2.11363949347e-05],
        "dvar": [0.047036267817, 3.94292330742, 7.35949850082, 18.1630458832, 176.936126709, 74.3470001221, 162.479232788, 295.049377441, 439.85836792, 587.703735352, 873.969909668, 2328.86083984, 6866.46191406, 3650.83911133, 10936.7255859, 6644.74072266, 2114.65063477, 3240.06640625, 887.640991211, 901.246948242, 318.429260254, 93.2528076172, 81.5422134399, 55.3579521179, 48.5543632507, 44.1280403137, 10.3739366531, 5.78880405426, 8.6809129715, 3.17019748688, 4.0570306778, 6.81070566177, 5.11303043365, 1.27228283882, 0.153743341565, 0.0285732857883, 0.00206862390041, 4.99259476783e-05, 3.09220627059e-06, 2.49060705393e-09],
        "dvar2": [0.112099155784, 10.2379245758, 19.0245838165, 49.0205688477, 428.662200928, 198.68371582, 405.562225342, 667.395874023, 917.690368652, 1421.51452637, 1978.65515137, 4619.40429688, 13716.7871094, 6030.19824219, 23943.7578125, 13082.1054688, 4062.0390625, 6812.24853516, 1844.68444824, 1608.72521973, 659.630004883, 215.049728394, 182.882476807, 126.512741089, 107.713623047, 95.4350967407, 23.0534420013, 11.7028856277, 17.3627223969, 6.48413658142, 8.52539920807, 12.5839967728, 10.1124134064, 2.76717042923, 0.276901334524, 0.0538288652897, 0.00406259344891, 9.36026626732e-05, 7.23128914615e-06, 5.52786838526e-09],
        "max": [4.06557416916, 29.6486587524, 45.6126937866, 99.6123886108, 193.677978516, 158.159729004, 299.445831299, 524.365478516, 553.242492676, 977.912475586, 1143.28308105, 1087.67285156, 2257.14160156, 2207.00854492, 3197.3125, 5229.65429688, 2221.53149414, 1643.17895508, 1009.38842773, 1249.93835449, 700.274414062, 303.491638184, 217.726318359, 228.641586304, 138.279312134, 135.055755615, 88.8342056274, 79.4812011719, 137.506286621, 67.4546813965, 66.9747390747, 75.2391433716, 108.693199158, 64.6796798706, 17.7097702026, 7.36083126068, 1.6409419775, 0.199711754918, 0.0410069227219, 0.00138854095712],
        "mean": [0.0838532596827, 0.722335994244, 1.73705267906, 1.66278719902, 4.15487575531, 5.24207115173, 11.1489019394, 15.4569911957, 15.4381599426, 16.7833442688, 22.4356193542, 32.2338027954, 74.5735321045, 35.556060791, 86.5807952881, 72.1605148315, 26.59790802, 41.4100608826, 21.999048233, 14.3949642181, 9.26922988892, 7.7542514801, 7.95664167404, 7.21740102768, 7.49619960785, 6.33484077454, 2.7481200695, 1.99338972569, 1.5408744812, 1.14634156227, 1.05169975758, 1.04826855659, 0.82611232996, 0.40141916275, 0.17038294673, 0.0545841045678, 0.0152430776507, 0.00255888979882, 0.000435432215454, 3.58917241101e-05],
        "median": [0.0113818943501, 0.117082208395, 0.263914614916, 0.429012537003, 1.11013329029, 2.55897378922, 5.17309141159, 5.37585401535, 3.9374666214, 6.34063911438, 9.04102039337, 7.40703439713, 8.64604759216, 5.25314998627, 4.47341585159, 3.97872543335, 2.40245628357, 3.42073535919, 2.11127948761, 1.32181048393, 0.977388620377, 0.982776045799, 1.10500586033, 0.889731705189, 0.555446505547, 0.352072000504, 0.132205113769, 0.0857839733362, 0.0603556223214, 0.0841514095664, 0.114399187267, 0.0982904136181, 0.0754963606596, 0.0282859504223, 0.00772970495746, 0.00337741570547, 0.00115636142436, 0.000170122933923, 2.11493370443e-05, 1.32451159516e-05],
        "min": [9.57689571386e-23, 6.42780223394e-22, 2.63039759331e-21, 4.88547773565e-21, 1.20612578365e-20, 2.71949326556e-20, 6.94774910501e-20, 7.910012189e-20, 1.70284266855e-19, 1.17548620597e-19, 1.5114889095e-19, 3.81603102742e-19, 4.24932322493e-19, 7.28973646026e-19, 1.03246357613e-18, 1.48722958913e-18, 1.19077405466e-18, 1.66082915711e-18, 3.25380592934e-18, 3.31684577742e-18, 3.4118801444e-18, 4.78312102048e-18, 5.93566609595e-18, 6.62933644891e-18, 6.57991323449e-18, 9.29450907383e-18, 9.08062332848e-18, 1.04011567922e-17, 9.2142816534e-18, 1.18309533703e-17, 1.11934891128e-17, 1.04200818575e-17, 1.09956374364e-17, 7.54820920518e-18, 6.56525683481e-18, 3.96224393779e-18, 2.34928186157e-18, 1.02384145902e-18, 2.35665772769e-19, 2.80883426471e-20],
        "var": [0.0575391203165, 3.99802803993, 12.4430208206, 17.1089954376, 171.985168457, 84.9341430664, 344.483062744, 849.515380859, 1573.96826172, 1120.88806152, 2418.80419922, 6985.64697266, 42843.3945312, 13907.9775391, 98827.0703125, 139622.03125, 13403.1904297, 16012.9033203, 5441.44970703, 3256.82836914, 765.354309082, 403.682739258, 267.156494141, 210.925674438, 235.26713562, 195.066268921, 43.2552375793, 24.5535449982, 22.589679718, 9.81223678589, 10.5173110962, 18.5558853149, 14.6259031296, 2.88537931442, 0.446307361126, 0.0672334432602, 0.00548132508993, 0.000130580694531, 4.34957610196e-06, 5.01336039349e-09]
    },
    "gfcc": {
        "mean": [-106.126739502, 128.960723877, -114.864700317, 6.22413825989, -61.4159317017, 7.50652074814, -33.9754486084, 7.28379631042, -19.472530365, -4.02143383026, -5.14036464691, -4.66244602203, -6.57105636597],
        "cov": [[28579.2421875, -2301.34643555, -1848.44848633, 1448.91833496, -244.95211792, 1118.26281738, -161.495315552, 889.997497559, -683.411560059, 575.901000977, -210.848709106, 237.337249756, -315.160430908], [-2301.34643555, 1967.11901855, -23.4902591705, -252.775436401, 111.695411682, -344.011444092, 93.3871536255, -146.536651611, 152.334442139, -233.212600708, 98.5463027954, -153.695770264, 69.7157821655], [-1848.44848633, -23.4902591705, 1106.31420898, 14.0661067963, -32.4996833801, 16.4647045135, -81.3814620972, 24.9129257202, 56.3476867676, -5.56057882309, -30.9102840424, 45.1310806274, 31.8227977753], [1448.91833496, -252.775436401, 14.0661067963, 541.331604004, 124.677139282, 126.315361023, 43.983379364, 31.3138885498, 13.8856992722, 101.707054138, -79.4083328247, 36.4398269653, 3.41125774384], [-244.95211792, 111.695411682, -32.4996833801, 124.677139282, 332.712249756, 48.9678573608, 132.245651245, 14.4931716919, 20.709197998, 40.3629150391, -0.174023255706, -21.9705219269, -5.73532629013], [1118.26281738, -344.011444092, 16.4647045135, 126.315361023, 48.9678573608, 287.054870605, 97.1476135254, 53.3263206482, -49.9472923279, 77.6863174438, -11.6330432892, 20.5258369446, -36.1679458618], [-161.495315552, 93.3871536255, -81.3814620972, 43.983379364, 132.245651245, 97.1476135254, 299.358734131, 34.0680656433, 2.69188165665, 17.0094242096, 25.060754776, -20.2751350403, -10.3141508102], [889.997497559, -146.536651611, 24.9129257202, 31.3138885498, 14.4931716919, 53.3263206482, 34.0680656433, 209.195419312, 9.84223365784, 30.1965198517, 37.5829849243, 14.1865739822, -1.32578444481], [-683.411560059, 152.334442139, 56.3476867676, 13.8856992722, 20.709197998, -49.9472923279, 2.69188165665, 9.84223365784, 157.270324707, 11.9209270477, 8.30603981018, -3.22788143158, 22.182559967], [575.901000977, -233.212600708, -5.56057882309, 101.707054138, 40.3629150391, 77.6863174438, 17.0094242096, 30.1965198517, 11.9209270477, 140.391891479, -6.61088609695, 29.4831504822, -1.56163334846], [-210.848709106, 98.5463027954, -30.9102840424, -79.4083328247, -0.174023255706, -11.6330432892, 25.060754776, 37.5829849243, 8.30603981018, -6.61088609695, 135.747955322, 16.4593906403, 16.5535583496], [237.337249756, -153.695770264, 45.1310806274, 36.4398269653, -21.9705219269, 20.5258369446, -20.2751350403, 14.1865739822, -3.22788143158, 29.4831504822, 16.4593906403, 105.483032227, 20.7631874084], [-315.160430908, 69.7157821655, 31.8227977753, 3.41125774384, -5.73532629013, -36.1679458618, -10.3141508102, -1.32578444481, 22.182559967, -1.56163334846, 16.5535583496, 20.7631874084, 81.4028930664]],
        "icov": [[9.11032548174e-05, -8.52473021951e-05, 0.000172074695001, -0.000201150294743, 0.000158007693244, -0.000240797235165, 0.000200500071514, -0.000422313343734, 0.000335152202751, -0.000194654945517, 0.000148506747792, -0.000156952883117, 0.000204325537197], [-8.52473021951e-05, 0.00113501038868, -0.000212909566471, 0.000222010479774, -0.000517198059242, 0.000982968718745, -0.000628555426374, 0.000965355255175, -0.00101176323369, 0.00132704200223, -0.000872583477758, 0.001185471192, -0.000715553411283], [0.000172074695001, -0.000212909566471, 0.00132261321414, -0.000300265790429, 0.00026977978996, -0.000817923224531, 0.000720232259482, -0.000985176069662, 0.000208123077755, -0.000116280003567, 0.000681983190589, -0.000754529377446, 6.97192081134e-05], [-0.000201150294743, 0.000222010479774, -0.000300265790429, 0.00319306994788, -0.00122882216237, -0.000244779366767, -0.000330465758452, 0.000665382365696, -0.00110781937838, -0.000500524358358, 0.00141210178845, -0.000459771108581, -0.00108930876013], [0.000158007693244, -0.000517198059242, 0.00026977978996, -0.00122882216237, 0.00451917946339, -0.000370326801203, -0.00116980285384, -0.000764040276408, 0.000572953489609, -0.00150850845966, 0.000127211722429, 0.000375254050596, 0.000687263847794], [-0.000240797235165, 0.000982968718745, -0.000817923224531, -0.000244779366767, -0.000370326801203, 0.00701980106533, -0.00261897128075, 0.000754889973905, 0.000561016320717, -0.00105121405795, -0.000840170483571, 0.000570018892176, 0.00118162401486], [0.000200500071514, -0.000628555426374, 0.000720232259482, -0.000330465758452, -0.00116980285384, -0.00261897128075, 0.00545169087127, -0.00142689084169, 0.000544353330042, -0.000213241830352, -0.00018381884729, -2.08493092941e-05, 0.000358596793376], [-0.000422313343734, 0.000965355255175, -0.000985176069662, 0.000665382365696, -0.000764040276408, 0.000754889973905, -0.00142689084169, 0.00776672083884, -0.00235655764118, 0.000916122517083, -0.00285937427543, 0.00122846232262, -0.000949399953242], [0.000335152202751, -0.00101176323369, 0.000208123077755, -0.00110781937838, 0.000572953489609, 0.000561016320717, 0.000544353330042, -0.00235655764118, 0.00925879180431, -0.00293930876069, 0.000618866528384, -0.000467694597319, -0.000136625618325], [-0.000194654945517, 0.00132704200223, -0.000116280003567, -0.000500524358358, -0.00150850845966, -0.00105121405795, -0.000213241830352, 0.000916122517083, -0.00293930876069, 0.0116656944156, -0.000936093099881, -0.000683412305079, -0.00101971777622], [0.000148506747792, -0.000872583477758, 0.000681983190589, 0.00141210178845, 0.000127211722429, -0.000840170483571, -0.00018381884729, -0.00285937427543, 0.000618866528384, -0.000936093099881, 0.0103631895036, -0.00299176108092, -0.000968600681517], [-0.000156952883117, 0.001185471192, -0.000754529377446, -0.000459771108581, 0.000375254050596, 0.000570018892176, -2.08493092941e-05, 0.00122846232262, -0.000467694597319, -0.000683412305079, -0.00299176108092, 0.0132036460564, -0.00365671981126], [0.000204325537197, -0.000715553411283, 6.97192081134e-05, -0.00108930876013, 0.000687263847794, 0.00118162401486, 0.000358596793376, -0.000949399953242, -0.000136625618325, -0.00101971777622, -0.000968600681517, -0.00365671981126, 0.0154576040804]]
    },
    "melbands": {
        "dmean": [0.000569895782974, 0.000598746410105, 0.000284958747216, 0.000232454694924, 0.000188081918168, 0.000169866922079, 0.000106453990156, 0.000104936589196, 9.5613526355e-05, 0.000104188038677, 0.000140270713018, 6.20995633653e-05, 8.23660084279e-05, 7.07832659828e-05, 3.74926239601e-05, 2.51042838499e-05, 3.76444622816e-05, 1.63526547112e-05, 1.11903800644e-05, 9.10433300305e-06, 5.61299066248e-06, 4.30097225035e-06, 3.67089342035e-06, 3.09973506774e-06, 2.73693035524e-06, 2.0968982426e-06, 2.50233779298e-06, 1.73587102381e-06, 8.04841818081e-07, 6.51969742194e-07, 4.90801539854e-07, 4.81781057715e-07, 3.59005554174e-07, 2.80214067061e-07, 2.79128471448e-07, 3.47047858895e-07, 3.46545107277e-07, 3.48990312204e-07, 2.57783625557e-07, 1.73157431504e-07],
        "dmean2": [0.000924427818973, 0.000977786374278, 0.000480624381453, 0.000379646546207, 0.000304203189444, 0.000264986447291, 0.000162949378137, 0.000163661927218, 0.000147381855641, 0.000145826052176, 0.000201013215701, 8.45599133754e-05, 0.000124215017422, 0.000102269019408, 5.69204348722e-05, 3.58988691005e-05, 5.68756804569e-05, 2.38761622313e-05, 1.73516345967e-05, 1.37422384796e-05, 8.65168021846e-06, 6.68544680593e-06, 5.69619351154e-06, 4.74986609333e-06, 4.36875370724e-06, 3.22548726217e-06, 3.74089313482e-06, 2.6431760034e-06, 1.27539794903e-06, 1.03127547391e-06, 7.58786825372e-07, 7.42874817661e-07, 5.41631891338e-07, 4.17593582824e-07, 4.05733999287e-07, 4.98968347529e-07, 4.76872401123e-07, 4.99214479532e-07, 3.7256234009e-07, 2.56644824503e-07],
        "dvar": [4.4677231017e-06, 3.01687623505e-06, 9.97104166345e-07, 5.65211735193e-07, 1.53700256078e-07, 1.29526512183e-07, 8.28359389971e-08, 8.8711082924e-08, 7.07227485464e-08, 1.10412088361e-07, 1.77181064487e-07, 6.79591138919e-08, 9.62722666031e-08, 6.76266083133e-08, 2.35201564891e-08, 1.20648975255e-08, 1.62348161581e-08, 3.74484354637e-09, 2.05763672767e-09, 1.31651567425e-09, 5.58887547353e-10, 1.84634849076e-10, 1.00904222478e-10, 5.53971139794e-11, 5.03510982908e-11, 3.15175316401e-11, 4.08286356113e-11, 2.45835678203e-11, 8.30472669799e-12, 3.96830138194e-12, 2.63770190585e-12, 3.34391130237e-12, 1.96224069979e-12, 8.60880594242e-13, 1.16924091936e-12, 2.58334000892e-12, 3.04181918369e-12, 3.41842114511e-12, 1.70152010971e-12, 7.98707291711e-13],
        "dvar2": [1.08484200609e-05, 7.66889115766e-06, 2.5189281132e-06, 1.42331009556e-06, 3.84080124149e-07, 2.93699059739e-07, 1.72677886212e-07, 2.16227675764e-07, 1.60537922511e-07, 2.1348441237e-07, 3.53859263669e-07, 1.06625869023e-07, 2.00940959871e-07, 1.37859046845e-07, 5.09735755827e-08, 2.21350973106e-08, 3.43690267357e-08, 7.25962268078e-09, 4.2177350501e-09, 2.46357045874e-09, 1.15542075907e-09, 4.12103406955e-10, 2.29802579743e-10, 1.30529156928e-10, 1.18065279775e-10, 6.85115714161e-11, 8.81348535819e-11, 5.66288647919e-11, 1.99555285491e-11, 9.05928804196e-12, 5.50978663735e-12, 7.05906860743e-12, 4.05011961468e-12, 1.82845145275e-12, 2.59104586744e-12, 5.3778769632e-12, 5.68843670085e-12, 7.26870343429e-12, 3.26746117142e-12, 1.85422814256e-12],
        "max": [0.0323267430067, 0.0273499116302, 0.0200767293572, 0.0128049980849, 0.0105161871761, 0.0101891960949, 0.00781241804361, 0.0131854778156, 0.00901359599084, 0.00865130778402, 0.0119512276724, 0.00994667969644, 0.00990139413625, 0.015527209267, 0.00773977302015, 0.00286365067586, 0.00354587752372, 0.00206132163294, 0.00170845643152, 0.00123872014228, 0.000732996733859, 0.000491290644277, 0.000264966802206, 0.000147955302964, 0.000223113398533, 0.000143983575981, 0.000150314182974, 0.00011027589062, 8.46103284857e-05, 7.84267976996e-05, 5.48622083443e-05, 7.91687198216e-05, 6.94024201948e-05, 2.6733505365e-05, 3.94334019802e-05, 5.06079195475e-05, 5.27608026459e-05, 8.9639404905e-05, 6.24508902547e-05, 4.9829013733e-05],
        "mean": [0.000814313185401, 0.000952871865593, 0.00038269898505, 0.000326461507939, 0.000363554136129, 0.000363173516234, 0.000215574997128, 0.000193920801394, 0.00018151733093, 0.000217515756958, 0.000373618589947, 0.000135209818836, 0.000238007298321, 0.000233119921177, 0.000112884321425, 4.39602627011e-05, 8.55875769048e-05, 3.69361405319e-05, 2.3031812816e-05, 1.57201102411e-05, 1.00524584923e-05, 8.68787174113e-06, 7.15879514246e-06, 6.27645067652e-06, 5.80479536438e-06, 4.88170417157e-06, 5.96792551733e-06, 3.6786441342e-06, 1.54233646299e-06, 1.71640942881e-06, 1.00200838915e-06, 9.08171955416e-07, 7.01015721916e-07, 5.92995149873e-07, 5.68287532587e-07, 6.49230230465e-07, 6.43340854367e-07, 6.14072234839e-07, 4.60394716129e-07, 2.96662250321e-07],
        "median": [0.000129327861941, 0.000166732163052, 0.000103707934613, 0.000130946093122, 0.000186393386684, 0.000134841247927, 5.53955542273e-05, 7.16694194125e-05, 6.74823459121e-05, 4.07561819884e-05, 3.92913934775e-05, 1.67237358255e-05, 1.11748477138e-05, 1.10744394988e-05, 6.58011549604e-06, 3.73937632503e-06, 5.18170782016e-06, 2.99890029964e-06, 1.97256258616e-06, 1.39117616982e-06, 9.87527414509e-07, 1.0128529766e-06, 8.40771747335e-07, 8.71902159361e-07, 6.55528936022e-07, 4.0751623942e-07, 3.2581002074e-07, 1.8879035224e-07, 7.94355585754e-08, 5.79852184046e-08, 4.40865655094e-08, 3.2188651744e-08, 3.5165985679e-08, 4.56377335922e-08, 6.24680893679e-08, 6.25351148642e-08, 5.20368637069e-08, 5.13828055659e-08, 3.51477140725e-08, 1.58856323651e-08],
        "min": [1.35543461242e-24, 1.33162107106e-24, 9.21058215718e-25, 1.46124728665e-24, 2.8816509055e-24, 2.18484257374e-24, 2.33332749534e-24, 1.48836063317e-24, 1.26510471396e-24, 3.22471487748e-24, 2.09819961393e-24, 2.94869619383e-24, 2.85552462118e-24, 3.09482952108e-24, 4.26099628638e-24, 2.03891099766e-24, 2.95590559364e-24, 3.86765209524e-24, 2.96958424452e-24, 3.77551038049e-24, 3.78070266297e-24, 4.44703927012e-24, 5.87205456982e-24, 5.29289695346e-24, 4.83280526897e-24, 4.41232150168e-24, 3.71629335335e-24, 5.4315826449e-24, 4.35611752876e-24, 5.40751134324e-24, 4.62486232322e-24, 4.77408640749e-24, 4.28467394645e-24, 6.2140525935e-24, 4.69897343868e-24, 6.38094321775e-24, 6.08231361119e-24, 6.25130181658e-24, 5.96711704206e-24, 6.07519138051e-24],
        "var": [5.09347137267e-06, 4.29302826888e-06, 9.91051138044e-07, 5.76102536343e-07, 3.18944501032e-07, 4.20532785483e-07, 2.89426651534e-07, 1.63569424672e-07, 1.72204366322e-07, 3.46934058371e-07, 1.10958342248e-06, 2.65020588586e-07, 7.52157689021e-07, 8.83075472302e-07, 3.24271013596e-07, 3.56726985729e-08, 7.9156478705e-08, 1.76756476122e-08, 7.9213302584e-09, 3.56420848391e-09, 1.26258559163e-09, 7.13171355304e-10, 2.79616219068e-10, 1.53693016647e-10, 1.63452612556e-10, 1.18289184003e-10, 1.75500780575e-10, 8.01388330696e-11, 1.76306799021e-11, 3.05345297658e-11, 7.1885613781e-12, 8.12149479612e-12, 4.85646852594e-12, 2.59025786931e-12, 2.90944048367e-12, 5.71526333204e-12, 8.05200524312e-12, 8.88017263889e-12, 4.31604274889e-12, 1.6233326532e-12]
    },
    "mfcc": {
        "mean": [-740.842956543, 156.412643433, 5.44056558609, 4.11079502106, -0.979270040989, -6.73612308502, -0.399240106344, 2.66576766968, -6.82625102997, 4.76591730118, -1.54541146755, -2.02857375145, -2.4597723484],
        "cov": [[16935.2304688, -1214.71142578, -1549.26000977, 817.260375977, 36.0798301697, 563.128173828, 681.523376465, 391.723266602, 117.694953918, 344.237579346, 65.3516693115, 147.695983887, 183.145126343], [-1214.71142578, 1623.83227539, 86.1367950439, -80.9330444336, 31.2940769196, -235.714385986, -42.8008613586, 23.9921131134, -106.135139465, 4.43787574768, -30.5280761719, -71.9868927002, -64.0500717163], [-1549.26000977, 86.1367950439, 946.539245605, -55.0097579956, 63.43019104, -10.6760005951, -93.3706741333, -25.019361496, 48.1954307556, -58.4412879944, -6.27253723145, 9.84593677521, -47.396484375], [817.260375977, -80.9330444336, -55.0097579956, 355.176849365, 74.3524093628, 124.919120789, 21.8861026764, 12.8933391571, 92.1701431274, -6.40496397018, 9.7515745163, 32.4274406433, 40.7809829712], [36.0798301697, 31.2940769196, 63.43019104, 74.3524093628, 208.217315674, 8.92195415497, -14.9214344025, -3.12180709839, 19.0428638458, 15.200958252, 1.62862718105, 1.11315965652, -1.04137945175], [563.128173828, -235.714385986, -10.6760005951, 124.919120789, 8.92195415497, 312.909698486, 69.9378509521, 1.43289768696, 86.2854919434, -23.3081321716, 37.4389572144, 44.6197433472, 27.5758228302], [681.523376465, -42.8008613586, -93.3706741333, 21.8861026764, -14.9214344025, 69.9378509521, 259.234558105, 71.7336425781, 18.56208992, 51.9177474976, 35.6109962463, 22.0079574585, 15.72514534], [391.723266602, 23.9921131134, -25.019361496, 12.8933391571, -3.12180709839, 1.43289768696, 71.7336425781, 135.651138306, 8.43309020996, 36.1778068542, 10.1523065567, 13.5360012054, 12.1822566986], [117.694953918, -106.135139465, 48.1954307556, 92.1701431274, 19.0428638458, 86.2854919434, 18.56208992, 8.43309020996, 164.038711548, 2.15658330917, 22.4997882843, 37.1440544128, 23.9109516144], [344.237579346, 4.43787574768, -58.4412879944, -6.40496397018, 15.200958252, -23.3081321716, 51.9177474976, 36.1778068542, 2.15658330917, 144.018508911, 33.1011543274, -5.31895399094, -7.5473279953], [65.3516693115, -30.5280761719, -6.27253723145, 9.7515745163, 1.62862718105, 37.4389572144, 35.6109962463, 10.1523065567, 22.4997882843, 33.1011543274, 96.3307342529, 20.4374885559, 8.63608932495], [147.695983887, -71.9868927002, 9.84593677521, 32.4274406433, 1.11315965652, 44.6197433472, 22.0079574585, 13.5360012054, 37.1440544128, -5.31895399094, 20.4374885559, 98.9500579834, 40.5098800659], [183.145126343, -64.0500717163, -47.396484375, 40.7809829712, -1.04137945175, 27.5758228302, 15.72514534, 12.1822566986, 23.9109516144, -7.5473279953, 8.63608932495, 40.5098800659, 108.964309692]],
