{
"lowlevel": {
    "average_loudness": 0.670166373253,
    "barkbands_crest": {
        "dmean": 2.79837632179,
        "dmean2": 4.51722860336,
        "dvar": 7.0645866394,
        "dvar2": 17.1833381653,
        "max": 26.7214717865,
        "mean": 13.1694374084,
        "median": 12.1871986389,
        "min": 2.59279942513,
        "var": 28.2923412323
    },
    "barkbands_flatness_db": {
        "dmean": 0.0243463572115,
        "dmean2": 0.0373611412942,
        "dvar": 0.000696388480719,
        "dvar2": 0.00153406651225,
        "max": 0.580726563931,
        "mean": 0.196171745658,
        "median": 0.195996850729,
        "min": 0.0185413528234,
        "var": 0.00537952594459
    },
    "barkbands_kurtosis": {
        "dmean": 6.80943155289,
        "dmean2": 10.8249950409,
        "dvar": 250.29901123,
        "dvar2": 566.078796387,
        "max": 653.315856934,
        "mean": 12.5273542404,
        "median": 5.54288959503,
        "min": -1.95101773739,
        "var": 597.766662598
    },
    "barkbands_skewness": {
        "dmean": 0.724036097527,
        "dmean2": 1.10638713837,
        "dvar": 0.868983447552,
        "dvar2": 1.90541267395,
        "max": 21.8785514832,
        "mean": 2.21435713768,
        "median": 1.8910702467,
        "min": -5.94160175323,
        "var": 3.81273984909
    },
    "barkbands_spread": {
        "dmean": 4.57993412018,
        "dmean2": 7.11046695709,
        "dvar": 85.1989059448,
        "dvar2": 178.677246094,
        "max": 118.073432922,
        "mean": 14.4449443817,
        "median": 9.26711463928,
        "min": 0.194787114859,
        "var": 254.746536255
    },
    "dissonance": {
        "dmean": 0.0282754842192,
        "dmean2": 0.0469892881811,
        "dvar": 0.000820257118903,
        "dvar2": 0.00218729977496,
        "max": 0.500000119209,
        "mean": 0.428994476795,
        "median": 0.439801156521,
        "min": 0.156685486436,
        "var": 0.00275465077721
    },
    "dynamic_complexity": 4.71074199677,
    "erbbands_crest": {
        "dmean": 2.9243721962,
        "dmean2": 4.63835573196,
        "dvar": 8.18288326263,
        "dvar2": 19.7985210419,
        "max": 30.9076194763,
        "mean": 12.4847106934,
        "median": 11.4208202362,
        "min": 2.52684259415,
        "var": 33.8549308777
    },
    "erbbands_flatness_db": {
        "dmean": 0.0183127298951,
        "dmean2": 0.0273156967014,
        "dvar": 0.000400416116463,
        "dvar2": 0.000820617424324,
        "max": 0.376234054565,
        "mean": 0.196384847164,
        "median": 0.198468029499,
        "min": 0.0498237237334,
        "var": 0.00353747652844
    },
    "erbbands_kurtosis": {
        "dmean": 2.02531695366,
        "dmean2": 3.17118000984,
        "dvar": 14.444521904,
        "dvar2": 33.3695220947,
        "max": 105.651695251,
        "mean": 3.12606859207,
        "median": 1.08383464813,
        "min": -1.89005064964,
        "var": 37.1334838867
    },
    "erbbands_skewness": {
        "dmean": 0.463632673025,
        "dmean2": 0.688788533211,
        "dvar": 0.307267934084,
        "dvar2": 0.599736809731,
        "max": 8.69238758087,
        "mean": 1.01330506802,
        "median": 0.878161668777,
        "min": -5.62074613571,
        "var": 1.5635560751
    },
    "erbbands_spread": {
        "dmean": 7.4904499054,
        "dmean2": 11.6488294601,
        "dvar": 159.208755493,
        "dvar2": 362.259063721,
        "max": 194.027648926,
        "mean": 30.9371204376,
        "median": 25.017124176,
        "min": 1.88891041279,
        "var": 446.271087646
    },
    "hfc": {
        "dmean": 4.78200864792,
        "dmean2": 6.91593837738,
        "dvar": 107.888717651,
        "dvar2": 210.236328125,
        "max": 302.245269775,
        "mean": 14.8483076096,
        "median": 9.3279209137,
        "min": 1.08466903322e-16,
        "var": 383.157501221
    },
    "melbands_crest": {
        "dmean": 3.45526170731,
        "dmean2": 5.54073047638,
        "dvar": 10.463637352,
        "dvar2": 26.0340423584,
        "max": 36.7898521423,
        "mean": 17.0736904144,
        "median": 16.2624130249,
        "min": 1.49347937107,
        "var": 39.479309082
    },
    "melbands_flatness_db": {
        "dmean": 0.0272568501532,
        "dmean2": 0.0414858311415,
        "dvar": 0.000961827987339,
        "dvar2": 0.00200744229369,
        "max": 0.731787383556,
        "mean": 0.26640355587,
        "median": 0.268692344427,
        "min": 0.0026722564362,
        "var": 0.00835071038455
    },
    "melbands_kurtosis": {
        "dmean": 12.2953062057,
        "dmean2": 19.7204685211,
        "dvar": 761.000976562,
        "dvar2": 1936.51623535,
        "max": 685.347229004,
        "mean": 23.7303848267,
        "median": 11.5125455856,
        "min": -1.95471656322,
        "var": 1440.21057129
    },
    "melbands_skewness": {
        "dmean": 0.871774077415,
        "dmean2": 1.36387884617,
        "dvar": 1.31910300255,
        "dvar2": 3.10607290268,
        "max": 21.4259529114,
        "mean": 3.0022919178,
        "median": 2.55699086189,
        "min": -1.58444046974,
        "var": 4.99290370941
    },
    "melbands_spread": {
        "dmean": 5.87555789948,
        "dmean2": 9.09183120728,
        "dvar": 248.114868164,
        "dvar2": 469.101470947,
        "max": 279.4949646,
        "mean": 17.8073978424,
        "median": 9.70888614655,
        "min": 0.335844278336,
        "var": 872.79699707
    },
    "pitch_salience": {
        "dmean": 0.0708346962929,
        "dmean2": 0.114000864327,
        "dvar": 0.00488687725738,
        "dvar2": 0.011500056833,
        "max": 0.854905843735,
        "mean": 0.491959840059,
        "median": 0.50478798151,
        "min": 0.0604773238301,
        "var": 0.021792108193
    },
    "silence_rate_20dB": {
        "dmean": 0.000257135514403,
        "dmean2": 0.000514337152708,
        "dvar": 0.000257111823885,
        "dvar2": 0.000771410821471,
        "max": 1,
        "mean": 0.999871432781,
        "median": 1,
        "min": 0,
        "var": 0.000128521496663
    },
    "silence_rate_30dB": {
        "dmean": 0.0277706347406,
        "dmean2": 0.0555484108627,
        "dvar": 0.0270017106086,
        "dvar2": 0.0596615821123,
        "max": 1,
        "mean": 0.960406243801,
        "median": 1,
        "min": 0,
        "var": 0.0380233563483
    },
    "silence_rate_60dB": {
        "dmean": 0.0174852143973,
        "dmean2": 0.03497492522,
        "dvar": 0.017178947106,
        "dvar2": 0.0394071787596,
        "max": 1,
        "mean": 0.106697522104,
        "median": 0,
        "min": 0,
        "var": 0.0953172519803
    },
    "spectral_centroid": {
        "dmean": 187.927032471,
        "dmean2": 279.167022705,
        "dvar": 143211.3125,
        "dvar2": 242618.09375,
        "max": 11577.7119141,
        "mean": 1033.01916504,
        "median": 673.445556641,
        "min": 99.4788894653,
        "var": 1605851.125
    },
    "spectral_complexity": {
        "dmean": 1.81717669964,
        "dmean2": 2.92606401443,
        "dvar": 4.20010662079,
        "dvar2": 9.54070568085,
        "max": 43,
        "mean": 10.1694307327,
        "median": 9,
        "min": 0,
        "var": 32.135219574
    },
    "spectral_decrease": {
        "dmean": 3.21405324577e-09,
        "dmean2": 5.11796249825e-09,
        "dvar": 5.90239556822e-17,
        "dvar2": 1.50683693775e-16,
        "max": 1.59488016106e-28,
        "mean": -7.26477411561e-09,
        "median": -4.74797134942e-09,
        "min": -1.37724427418e-07,
        "var": 9.30509301521e-17
    },
    "spectral_energy": {
        "dmean": 0.0124322324991,
        "dmean2": 0.0197705160826,
        "dvar": 0.000857322942466,
        "dvar2": 0.00218919152394,
        "max": 0.527591764927,
        "mean": 0.0287656690925,
        "median": 0.0189978387207,
        "min": 9.93898299558e-21,
        "var": 0.00137559790164
    },
    "spectral_energyband_high": {
        "dmean": 0.000251149758697,
        "dmean2": 0.000350412126863,
        "dvar": 1.11367751288e-06,
        "dvar2": 1.93375694835e-06,
        "max": 0.033584754914,
        "mean": 0.000529376091436,
        "median": 0.000100906851003,
        "min": 6.97461244164e-21,
        "var": 3.23355766341e-06
    },
    "spectral_energyband_low": {
        "dmean": 0.00758991669863,
        "dmean2": 0.0126831615344,
        "dvar": 0.00077281112317,
        "dvar2": 0.0019939080812,
        "max": 0.416996449232,
        "mean": 0.0104991868138,
        "median": 0.00237419991754,
        "min": 1.27499249376e-23,
        "var": 0.000976713956334
    },
    "spectral_energyband_middle_high": {
        "dmean": 0.000900210114196,
        "dmean2": 0.00127247418277,
        "dvar": 3.87440013583e-06,
        "dvar2": 7.20319940228e-06,
        "max": 0.0646947771311,
        "mean": 0.00295701646246,
        "median": 0.00105444295332,
        "min": 1.21298756591e-21,
        "var": 2.77344097412e-05
    },
    "spectral_energyband_middle_low": {
        "dmean": 0.00620028283447,
        "dmean2": 0.00957599002868,
        "dvar": 0.000115671209642,
        "dvar2": 0.000278810737655,
        "max": 0.177176654339,
        "mean": 0.0153576685116,
        "median": 0.0109170302749,
        "min": 1.82608135048e-22,
        "var": 0.00026568051544
    },
    "spectral_entropy": {
        "dmean": 0.211442768574,
        "dmean2": 0.314125776291,
        "dvar": 0.0653274729848,
        "dvar2": 0.124138496816,
        "max": 9.81879806519,
        "mean": 7.01696014404,
        "median": 6.9854683876,
        "min": 4.74055480957,
        "var": 0.576602518559
    },
    "spectral_flux": {
        "dmean": 0.0291520468891,
        "dmean2": 0.0476285405457,
        "dvar": 0.00198858533986,
        "dvar2": 0.00424874806777,
        "max": 0.662439763546,
        "mean": 0.075591750443,
        "median": 0.0595457106829,
        "min": 6.35390698389e-11,
        "var": 0.00443748943508
    },
    "spectral_kurtosis": {
        "dmean": 2.50282144547,
        "dmean2": 4.10347032547,
        "dvar": 17.0731754303,
        "dvar2": 46.0774612427,
        "max": 117.993499756,
        "mean": 7.93606472015,
        "median": 5.35537528992,
        "min": -1.51522624493,
        "var": 78.8594818115
    },
    "spectral_rms": {
        "dmean": 0.00091751239961,
        "dmean2": 0.00139489525463,
        "dvar": 2.00402087103e-06,
        "dvar2": 4.63826745545e-06,
        "max": 0.0226875226945,
        "mean": 0.00458817789331,
        "median": 0.00430516852066,
        "min": 3.11393142174e-12,
        "var": 7.01273575032e-06
    },
    "spectral_rolloff": {
        "dmean": 386.182159424,
        "dmean2": 663.194641113,
        "dvar": 1506773.5,
        "dvar2": 3195630.5,
        "max": 19466.015625,
        "mean": 1347.92810059,
        "median": 581.396484375,
        "min": 43.06640625,
        "var": 6899393.5
    },
    "spectral_skewness": {
        "dmean": 0.281317204237,
        "dmean2": 0.434862196445,
        "dvar": 0.115542896092,
        "dvar2": 0.258243829012,
        "max": 8.71670722961,
        "mean": 2.10880732536,
        "median": 1.92602562904,
        "min": -0.729307949543,
        "var": 0.929844081402
    },
    "spectral_spread": {
        "dmean": 602788.75,
        "dmean2": 907929,
        "dvar": 1.54498970419e+12,
        "dvar2": 2.99725828915e+12,
        "max": 47918312,
        "mean": 5005687.5,
        "median": 4338074,
        "min": 635643.8125,
        "var": 1.84405930803e+13
    },
    "spectral_strongpeak": {
        "dmean": 0.45213547349,
        "dmean2": 0.737670719624,
        "dvar": 0.596693575382,
        "dvar2": 1.45328807831,
        "max": 13.6129083633,
        "mean": 1.09438192844,
        "median": 0.788283884525,
        "min": 0,
        "var": 1.4100830555
    },
    "zerocrossingrate": {
        "dmean": 0.0100615564734,
        "dmean2": 0.0112493047491,
        "dvar": 0.000464972486952,
        "dvar2": 0.000425030244514,
        "max": 0.810546875,
        "mean": 0.0518281757832,
        "median": 0.03173828125,
        "min": 0.00146484375,
        "var": 0.00526281027123
    },
    "barkbands": {
        "dmean": [0.000583605724387, 0.00571156153455, 0.00224391417578, 0.000720540760085, 0.00279456260614, 0.00232826545835, 0.000584053283092, 0.000991557957605, 0.000707343278918, 0.00046951288823, 0.0003689127916, 0.000147477185237, 0.000119027907203, 0.000100366138213, 9.31832910283e-05, 8.48554336699e-05, 8.60886575538e-05, 7.28492741473e-05, 3.83461738238e-05, 2.79695868812e-05, 3.4892345866e-05, 2.56040621025e-05, 4.05024657084e-05, 7.45160723454e-05, 9.68076492427e-05, 1.05835470094e-05, 1.86536294677e-06],
        "dmean2": [0.000778305635322, 0.00938513502479, 0.00404034228995, 0.00126518250909, 0.00443002907559, 0.00357200508006, 0.000896308280062, 0.00152693758719, 0.00102160626557, 0.000704030273482, 0.000537959393114, 0.000222532020416, 0.00018188674585, 0.000153616492753, 0.000142445132951, 0.000129570544232, 0.000138767645694, 0.000111114313768, 5.98336227995e-05, 4.28620260209e-05, 5.31108926225e-05, 3.88268308598e-05, 5.99590348429e-05, 0.000108770589577, 0.000144270452438, 1.38855612022e-05, 2.64609502665e-06],
        "dvar": [4.87345550937e-06, 0.000443863274995, 0.000122906407341, 7.56221879783e-06, 3.92458496208e-05, 3.16657715302e-05, 4.69593305752e-06, 1.28637875605e-05, 7.11667416908e-06, 2.62378034677e-06, 1.67047164723e-06, 3.54346155973e-07, 2.20224848135e-07, 9.248737598e-08, 1.0547527296e-07, 1.22350144238e-07, 7.90317784549e-08, 3.47654172117e-08, 1.10650546503e-08, 5.77625192122e-09, 1.26327206473e-08, 1.18309957386e-08, 3.91617156481e-08, 1.41378194485e-07, 3.07508713604e-07, 2.02545380468e-09, 6.17881093512e-11],
        "dvar2": [8.01450187282e-06, 0.00110061885789, 0.000347452121787, 2.15014460991e-05, 9.66151856119e-05, 7.53686690587e-05, 1.07794612632e-05, 3.00954761769e-05, 1.55836460181e-05, 5.48709476789e-06, 3.00205806525e-06, 8.50583717238e-07, 4.46912792995e-07, 1.89346792467e-07, 2.12587394799e-07, 2.41212092078e-07, 2.08072592045e-07, 7.86880676173e-08, 2.27655707619e-08, 1.2691036666e-08, 2.96135453937e-08, 2.44679103645e-08, 7.86605269809e-08, 2.73704131359e-07, 6.36712968571e-07, 3.08826564321e-09, 1.20529711212e-10],
        "max": [0.0479072518647, 0.359151780605, 0.16678199172, 0.0442651957273, 0.12842784822, 0.109066180885, 0.0837808921933, 0.109023191035, 0.0880126208067, 0.0516967102885, 0.0595319531858, 0.0231284499168, 0.0205550845712, 0.0100903473794, 0.00993005651981, 0.0120422951877, 0.0125713450834, 0.00417781015858, 0.00275675347075, 0.00242404639721, 0.00340948393568, 0.00336029496975, 0.010867160745, 0.0126298805699, 0.015743739903, 0.00200620293617, 0.000279025465716],
        "mean": [0.000864140572958, 0.0073269684799, 0.00191651307978, 0.000888204027433, 0.00505410833284, 0.00506088323891, 0.00108041393105, 0.00156814756338, 0.00120956008323, 0.00100015662611, 0.000740131246857, 0.000272875768133, 0.00021942667081, 0.000192174848053, 0.000176467656274, 0.00015162746422, 0.000240477515035, 0.000177044596057, 7.4815689004e-05, 5.5983196944e-05, 6.95336930221e-05, 4.11128858104e-05, 7.40270115784e-05, 0.000130293512484, 0.000158161608852, 1.93523865164e-05, 3.06306787934e-06],
        "median": [5.232888725e-05, 0.00122582702897, 0.000312390591716, 0.00028541078791, 0.00129450915847, 0.000852722732816, 0.000186426594155, 0.000249050179264, 0.000171456296812, 9.99682233669e-05, 0.000118371935969, 3.75980671379e-05, 4.93032421218e-05, 4.26389633503e-05, 3.73454786313e-05, 3.63087674486e-05, 2.94325891446e-05, 3.08009330183e-05, 2.21129976126e-05, 1.76119301614e-05, 1.54138633661e-05, 5.1865927162e-06, 1.16711617011e-05, 1.68387705344e-05, 1.11418403321e-05, 1.71567194229e-06, 1.34909711846e-07],
        "min": [4.88962711719e-25, 2.13198692093e-24, 3.79239653982e-25, 8.6414712761e-25, 4.87543689001e-24, 2.07596497767e-24, 6.99701952447e-24, 5.29227296448e-24, 1.3812094592e-23, 8.77827139276e-24, 1.11028196551e-23, 2.36127131519e-23, 2.35031829706e-23, 3.54019064811e-23, 4.61296448639e-23, 6.86749361254e-23, 5.37399437887e-23, 9.30025607835e-23, 1.40478734415e-22, 2.02620703176e-22, 2.73892733485e-22, 3.52365460892e-22, 4.22312255367e-22, 5.49416806078e-22, 8.31790892388e-22, 1.26109641861e-21, 1.95066051131e-21],
        "var": [9.14336305868e-06, 0.000572457327507, 7.57196685299e-05, 6.93484298608e-06, 8.2883212599e-05, 8.91276504262e-05, 9.78986827249e-06, 2.00009999389e-05, 1.3546648006e-05, 1.03776856122e-05, 7.2011107477e-06, 7.63699858908e-07, 6.97117911841e-07, 2.87730756554e-07, 3.48369155745e-07, 3.68082396562e-07, 7.42494023598e-07, 1.4748700039e-07, 3.22130624397e-08, 1.2661905302e-08, 2.36513635343e-08, 2.21797140654e-08, 8.4310485704e-08, 3.19009956229e-07, 7.33836998279e-07, 7.30148341788e-09, 1.66665736767e-10]
    },
    "erbbands": {
        "dmean": [0.202435255051, 1.28181374073, 2.79413104057, 2.25899171829, 3.05782532692, 10.6146631241, 23.0403442383, 16.498714447, 7.83990478516, 15.3844604492, 18.6707248688, 16.320892334, 14.266957283, 11.1048126221, 12.8274993896, 6.30285549164, 5.33325576782, 4.96086740494, 4.04262542725, 5.27410650253, 3.78591108322, 4.12790489197, 3.18209528923, 2.88659739494, 1.16373991966, 1.23322248459, 1.59620118141, 1.1057626009, 0.884617090225, 0.95752453804, 1.27235221863, 1.16979527473, 1.60003387928, 1.53026556969, 0.36909455061, 0.0607510581613, 0.0192243661731, 0.00396971357986, 0.000359069817932, 2.31683443417e-05],
        "dmean2": [0.311175942421, 2.21286535263, 5.02397060394, 4.02200078964, 5.10675001144, 16.8394908905, 35.802936554, 24.6335086823, 11.7295131683, 23.1511001587, 28.4615268707, 23.5212097168, 21.0260314941, 16.1239070892, 18.6815948486, 9.37406158447, 8.02322864532, 7.67036581039, 5.94415807724, 8.14803695679, 5.65490293503, 6.38351678848, 4.77095222473, 4.4795627594, 1.78231906891, 1.88224852085, 2.42006635666, 1.66778969765, 1.31243467331, 1.38676202297, 1.91914844513, 1.6861076355, 2.37776350975, 2.3271253109, 0.517898321152, 0.0832676589489, 0.0265197046101, 0.00548976939172, 0.000500336464029, 3.45455664501e-05],
        "dvar": [0.476201176643, 29.565202713, 200.732421875, 87.9313812256, 100.34727478, 707.406066895, 2921.70898438, 1894.77160645, 1119.81604004, 2858.53466797, 4892.37939453, 4976.05371094, 2799.67456055, 1320.5020752, 1569.53173828, 652.591125488, 477.346252441, 207.984893799, 177.206161499, 341.67364502, 243.483047485, 212.482894897, 53.3423881531, 46.9183044434, 9.5355014801, 10.669588089, 24.8903064728, 19.0101947784, 15.4009447098, 16.7464313507, 48.4739570618, 28.3197422028, 72.6601257324, 77.8988800049, 4.3862452507, 0.0871366783977, 0.00670213112608, 0.000243945934926, 2.43319141191e-06, 3.68655750371e-09],
        "dvar2": [0.951019465923, 79.5249557495, 568.154418945, 251.294769287, 267.398162842, 1703.91577148, 7148.94042969, 4307.15478516, 2643.05126953, 6441.34375, 11526.578125, 11099.8613281, 6147.62353516, 2558.86962891, 2678.57470703, 1639.57409668, 965.824523926, 444.147369385, 361.720458984, 652.600646973, 439.726837158, 504.425445557, 112.641983032, 110.773963928, 19.6934738159, 23.9075050354, 59.824432373, 44.7452774048, 32.7940788269, 30.9962749481, 110.217048645, 55.1831245422, 143.152709961, 163.473831177, 7.87289953232, 0.143248602748, 0.0112506467849, 0.000423308694735, 4.6249811021e-06, 7.39190353372e-09],
        "max": [11.943488121, 89.0955810547, 220.367874146, 163.905960083, 412.646850586, 638.470336914, 1122.47497559, 1012.53222656, 1400.05383301, 1239.08190918, 1763.93823242, 2677.44873047, 2174.12475586, 1319.02526855, 2441.953125, 1145.56665039, 1042.62976074, 473.30368042, 505.340270996, 618.311279297, 645.504943848, 725.589599609, 180.180984497, 224.293380737, 86.9575881958, 105.513633728, 140.816268921, 197.664718628, 134.57522583, 158.076049805, 408.92678833, 173.901901245, 256.778411865, 235.910003662, 109.347618103, 10.7008342743, 4.2686457634, 0.633582055569, 0.0638799369335, 0.00228220457211],
        "mean": [0.283622801304, 1.33320236206, 2.4628405571, 2.56089472771, 4.82184505463, 19.3650035858, 43.7814865112, 36.270614624, 16.3447475433, 27.6120491028, 30.7232437134, 28.9303474426, 33.8963432312, 25.601398468, 26.6773223877, 13.0584154129, 10.2766561508, 10.1650943756, 8.13363075256, 11.0259685516, 7.78151893616, 12.606089592, 9.54615783691, 7.54109287262, 2.68992519379, 2.58386111259, 3.2991232872, 2.12781476974, 1.43110597134, 1.6357511282, 2.31398701668, 2.13583087921, 2.65774297714, 2.49910116196, 0.614115953445, 0.106878861785, 0.0346799455583, 0.00703894579783, 0.0006110931281, 5.26873809577e-05],
        "median": [0.0470755249262, 0.194664150476, 0.387254208326, 0.856147944927, 1.68352293968, 4.68105554581, 11.470413208, 6.19384241104, 4.15208625793, 5.4439535141, 5.25392198563, 5.50944137573, 4.13671636581, 4.04218149185, 5.87198781967, 2.33777999878, 2.58226799965, 2.6446287632, 2.03104925156, 2.56597852707, 1.88206076622, 1.62241840363, 1.88942718506, 1.75925433636, 0.863292574883, 0.888536810875, 0.711642086506, 0.487261354923, 0.199177503586, 0.241644650698, 0.337638020515, 0.342222511768, 0.273890703917, 0.180409118533, 0.0359954535961, 0.00626082532108, 0.00333078159019, 0.000663482584059, 4.54863838968e-05, 2.80434815068e-05],
        "min": [4.7950228548e-23, 4.93385820894e-22, 1.9389016623e-21, 6.51119904374e-21, 1.37439613067e-20, 1.83499986099e-20, 4.59070505812e-20, 2.55759334017e-20, 1.05934694604e-19, 1.09542559168e-19, 2.48336241049e-19, 2.91362997038e-19, 3.98244735896e-19, 8.46274629428e-19, 1.09578745735e-18, 1.2958621816e-18, 1.58298794595e-18, 2.07785536486e-18, 3.00094632866e-18, 3.81043106637e-18, 4.03610703058e-18, 4.33391066267e-18, 4.67338310452e-18, 7.16544626598e-18, 6.05578885091e-18, 8.2168623077e-18, 9.63847227923e-18, 1.02891813527e-17, 1.13347053869e-17, 1.21436243331e-17, 1.08983924292e-17, 1.06962435496e-17, 1.06291749184e-17, 8.53402816997e-18, 6.03066489417e-18, 3.83144889856e-18, 2.2538882914e-18, 9.38295060454e-19, 2.62969764019e-19, 2.73728346484e-20],
        "var": [0.817545413971, 26.1090431213, 127.141189575, 63.8819351196, 154.058609009, 1550.24841309, 6355.95458984, 6065.42431641, 1959.11218262, 6196.93505859, 7693.16601562, 9101.85839844, 12197.8496094, 6985.36523438, 7407.6015625, 1465.96118164, 1444.4901123, 711.595397949, 516.65637207, 1280.15722656, 725.203857422, 2155.72119141, 395.60723877, 319.478210449, 28.2840099335, 23.4674568176, 49.8490409851, 29.6123542786, 26.3844509125, 36.6556243896, 91.577796936, 64.0851593018, 158.362197876, 178.459625244, 13.1446199417, 0.275079369545, 0.0232246667147, 0.000774635118432, 6.90214119459e-06, 1.08463789061e-08]
    },
    "gfcc": {
        "mean": [-70.4719161987, 101.821594238, -102.411727905, 15.5219993591, -65.6751403809, 6.9100651741, -42.7020339966, 7.42424631119, -23.7660713196, -3.81323409081, -7.44203090668, -2.78444838524, -1.45331203938],
        "cov": [[22005.0273438, 377.367095947, -367.514892578, 986.231628418, -729.807006836, 452.574035645, -633.736938477, 528.536987305, -119.684074402, 153.648880005, 75.1880111694, 312.848205566, -33.9225578308], [377.367095947, 2654.09545898, 238.09954834, -16.0665130615, 529.390869141, -17.8923988342, 267.796630859, -141.159515381, 104.98273468, -39.7976455688, 180.812454224, -228.400161743, 98.7124099731], [-367.514892578, 238.09954834, 1660.86828613, 357.175109863, 157.234176636, 71.888168335, -56.2641105652, -16.5704917908, -10.3101215363, 125.681213379, 52.762550354, 14.8800992966, -0.152666777372], [986.231628418, -16.0665130615, 357.175109863, 796.854309082, 252.895217896, 123.214813232, 39.4477005005, 153.4090271, 170.825256348, 72.5634155273, 83.2753829956, 96.6073303223, -4.69668626785], [-729.807006836, 529.390869141, 157.234176636, 252.895217896, 590.239379883, 202.159042358, 282.806610107, 75.8858413696, 179.669525146, 73.3530654907, 48.4087409973, 4.43796062469, 0.113557420671], [452.574035645, -17.8923988342, 71.888168335, 123.214813232, 202.159042358, 392.146453857, 223.055007935, 94.0796203613, 86.1868743896, 100.866851807, -22.9366493225, 6.38108873367, -31.3017234802], [-633.736938477, 267.796630859, -56.2641105652, 39.4477005005, 282.806610107, 223.055007935, 409.566223145, 88.4854888916, 101.929756165, 66.3338699341, 29.0438518524, -22.8902263641, -6.12326812744], [528.536987305, -141.159515381, -16.5704917908, 153.4090271, 75.8858413696, 94.0796203613, 88.4854888916, 227.26953125, 99.9178085327, 27.0698108673, 52.3920478821, 74.1205291748, 0.540961921215], [-119.684074402, 104.98273468, -10.3101215363, 170.825256348, 179.669525146, 86.1868743896, 101.929756165, 99.9178085327, 214.39201355, 40.9421844482, 60.4111099243, 41.3076782227, 10.1799659729], [153.648880005, -39.7976455688, 125.681213379, 72.5634155273, 73.3530654907, 100.866851807, 66.3338699341, 27.0698108673, 40.9421844482, 153.879898071, 14.9789295197, 6.03248500824, 0.485886454582], [75.1880111694, 180.812454224, 52.762550354, 83.2753829956, 48.4087409973, -22.9366493225, 29.0438518524, 52.3920478821, 60.4111099243, 14.9789295197, 181.980575562, 48.3428268433, 59.7267341614], [312.848205566, -228.400161743, 14.8800992966, 96.6073303223, 4.43796062469, 6.38108873367, -22.8902263641, 74.1205291748, 41.3076782227, 6.03248500824, 48.3428268433, 162.960098267, 20.6733627319], [-33.9225578308, 98.7124099731, -0.152666777372, -4.69668626785, 0.113557420671, -31.3017234802, -6.12326812744, 0.540961921215, 10.1799659729, 0.485886454582, 59.7267341614, 20.6733627319, 119.04258728]],
        "icov": [[9.03350228327e-05, -0.000152197273565, 8.50424039527e-05, -0.000159889430506, 0.000250723183854, -0.000274022313533, 0.000264783971943, -0.000286591326585, 0.000213940002141, -0.000183890122571, 7.85287484177e-05, -0.00020754885918, 6.74770199112e-05], [-0.000152197273565, 0.000990450265817, -0.000236519073951, 0.000379032921046, -0.001105456613, 0.000615305034444, -0.000591535819694, 0.000918450125027, -0.000487138138851, 0.000808403769042, -0.000958569289651, 0.00141727330629, -0.000448606180726], [8.50424039527e-05, -0.000236519073951, 0.000861152017023, -0.000490547216032, 5.13783234055e-05, -0.000388030253816, 0.000607833033428, -0.00015753833577, 0.000713375629857, -0.000793307553977, -9.83719728538e-05, -0.000255340419244, 0.000167944454006], [-0.000159889430506, 0.000379032921046, -0.000490547216032, 0.00233501754701, -0.00122145144269, 0.000265928305453, 0.000258386688074, -0.000218995817704, -0.0011773800943, 0.000257153529674, -0.000573260069359, 9.25904387259e-05, 0.000188182573766], [0.000250723183854, -0.001105456613, 5.13783234055e-05, -0.00122145144269, 0.00487416703254, -0.00118127570022, -0.00116879306734, -0.000297248014249, -0.00115522684064, -0.000735944486223, 0.0010750280926, -0.00147435686085, 0.00038442373625], [-0.000274022313533, 0.000615305034444, -0.000388030253816, 0.000265928305453, -0.00118127570022, 0.00565474620089, -0.002812998835, 3.20821854984e-05, -0.000850159151014, -0.0012192762224, 0.001133157406, 0.000569530646317, 0.000175100474735], [0.000264783971943, -0.000591535819694, 0.000607833033428, 0.000258386688074, -0.00116879306734, -0.002812998835, 0.00616687582806, -0.00215117027983, 0.000714330410119, -0.00106440321542, -0.000599114282522, 0.000434272078564, 0.000333806383424], [-0.000286591326585, 0.000918450125027, -0.00015753833577, -0.000218995817704, -0.000297248014249, 3.20821854984e-05, -0.00215117027983, 0.00846897996962, -0.00270497868769, 0.00123643153347, -0.00166438054293, -0.0010641978588, 0.000253622187302], [0.000213940002141, -0.000487138138851, 0.000713375629857, -0.0011773800943, -0.00115522684064, -0.000850159151014, 0.000714330410119, -0.00270497868769, 0.00896537769586, -0.00133362226188, -0.0010741794249, -0.000994677888229, 0.000196412758669], [-0.000183890122571, 0.000808403769042, -0.000793307553977, 0.000257153529674, -0.000735944486223, -0.0012192762224, -0.00106440321542, 0.00123643153347, -0.00133362226188, 0.00923492014408, -0.00118588120677, 0.00118975748774, -0.000629166315775], [7.85287484177e-05, -0.000958569289651, -9.83719728538e-05, -0.000573260069359, 0.0010750280926, 0.001133157406, -0.000599114282522, -0.00166438054293, -0.0010741794249, -0.00118588120677, 0.00927935540676, -0.00259715667926, -0.00303978309967], [-0.00020754885918, 0.00141727330629, -0.000255340419244, 9.25904387259e-05, -0.00147435686085, 0.000569530646317, 0.000434272078564, -0.0010641978588, -0.000994677888229, 0.00118975748774, -0.00259715667926, 0.0102142924443, -0.00144329841714], [6.74770199112e-05, -0.000448606180726, 0.000167944454006, 0.000188182573766, 0.00038442373625, 0.000175100474735, 0.000333806383424, 0.000253622187302, 0.000196412758669, -0.000629166315775, -0.00303978309967, -0.00144329841714, 0.0106224669144]]
    },
    "melbands": {
        "dmean": [0.00162007438485, 0.00152435631026, 0.000411174289184, 0.000423234392656, 0.000770650745835, 0.000376397074433, 0.000115556707897, 0.000183839161764, 0.000147382073919, 0.00010075911996, 7.05601705704e-05, 4.55142035207e-05, 5.02686161781e-05, 2.02634746529e-05, 1.51641397679e-05, 1.0314712199e-05, 1.02701551441e-05, 7.20272055332e-06, 7.05757793185e-06, 7.47681679059e-06, 4.47672846349e-06, 4.77737557958e-06, 4.51572441307e-06, 3.24839675159e-06, 2.60015076492e-06, 1.02949604752e-06, 8.50594119584e-07, 9.07161791019e-07, 1.04860862393e-06, 9.98489554149e-07, 5.97891812504e-07, 5.13692270943e-07, 5.28380212472e-07, 5.70629651975e-07, 7.98488883902e-07, 6.90757701705e-07, 7.83441180374e-07, 9.57203155849e-07, 1.75363561539e-06, 1.18750836009e-06],
        "dmean2": [0.0025477076415, 0.00268442858942, 0.000719893840142, 0.000675581279211, 0.00120426574722, 0.00056643167045, 0.000174196480657, 0.000279861938907, 0.000224594899919, 0.000143555138493, 0.000104020167782, 6.64335530018e-05, 7.29773746571e-05, 2.99758557958e-05, 2.20620149776e-05, 1.56299884111e-05, 1.59239334607e-05, 1.05626786535e-05, 1.05961662484e-05, 1.13781843538e-05, 6.80069069858e-06, 7.23593529983e-06, 6.72886790198e-06, 4.91487071486e-06, 4.03046078645e-06, 1.64340588071e-06, 1.32140758069e-06, 1.41584609992e-06, 1.60032232088e-06, 1.55024258675e-06, 9.13213057174e-07, 7.83351481459e-07, 8.12495898117e-07, 8.40249754219e-07, 1.23308871025e-06, 1.02077035535e-06, 1.16075557344e-06, 1.4270626707e-06, 2.74330341199e-06, 1.78873938239e-06],
        "dvar": [3.09758615913e-05, 5.24967035744e-05, 2.53334178524e-06, 1.05379274373e-06, 2.91993615065e-06, 9.18368868952e-07, 2.19459295181e-07, 4.17914179707e-07, 2.98864790693e-07, 1.75801389446e-07, 6.84374441562e-08, 2.36899904138e-08, 2.82404730712e-08, 5.12744424697e-09, 3.39625150225e-09, 1.68052016747e-09, 9.79956782388e-10, 6.16801665299e-10, 7.95292220968e-10, 7.31244287344e-10, 3.03867320195e-10, 3.6307920559e-10, 1.79828416047e-10, 6.21317511329e-11, 4.14706914642e-11, 7.52382964958e-12, 7.65787953882e-12, 5.64321462823e-12, 1.1715730816e-11, 1.00512402221e-11, 6.8875283081e-12, 5.16912120746e-12, 5.0273370536e-12, 6.29900905741e-12, 2.16390082936e-11, 9.99845171934e-12, 1.34730030951e-11, 2.38588836188e-11, 1.17105714015e-10, 4.73694937442e-11],
        "dvar2": [6.95108101354e-05, 0.000146536098327, 7.13965528121e-06, 2.64240202341e-06, 7.17587863619e-06, 2.12663530874e-06, 5.15561794145e-07, 9.61792807175e-07, 7.09418088718e-07, 3.86442508216e-07, 1.49068156929e-07, 4.60491769161e-08, 4.62254270417e-08, 1.18543415084e-08, 6.87594337023e-09, 3.71185970849e-09, 2.06172168227e-09, 1.25118782002e-09, 1.56437163223e-09, 1.4106096291e-09, 5.83666115439e-10, 8.49888381893e-10, 3.66374236505e-10, 1.33228622579e-10, 9.74119118702e-11, 1.78227588937e-11, 1.65499124821e-11, 1.32533636843e-11, 2.91448740142e-11, 2.39366235166e-11, 1.63850166074e-11, 1.1207855824e-11, 1.04405806917e-11, 1.22776866798e-11, 5.41060772574e-11, 1.91440162334e-11, 2.85433118113e-11, 4.86763303276e-11, 2.56759752348e-10, 9.93421941931e-11],
        "max": [0.0865796208382, 0.110625639558, 0.0251135416329, 0.0221022590995, 0.0323687046766, 0.0196374002844, 0.0200338605791, 0.0160319898278, 0.0120074497536, 0.0154870618135, 0.0107249384746, 0.00549124320969, 0.00993122998625, 0.00230377842672, 0.00183576461859, 0.00136483227834, 0.0010841798503, 0.000937407079618, 0.001010726206, 0.00110879156273, 0.000617083453108, 0.00107514997944, 0.000405730737839, 0.000268513336778, 0.000199545029318, 7.90508129285e-05, 9.49131353991e-05, 6.6727749072e-05, 0.000107682775706, 6.84695114614e-05, 0.000130914457259, 7.12780383765e-05, 6.43165185465e-05, 9.69040120253e-05, 0.000281372398604, 0.000129214458866, 0.000123225952848, 0.000168814891367, 0.000306507688947, 0.000207506629522],
        "mean": [0.00225278525613, 0.00147192250006, 0.000497532193549, 0.000756558147259, 0.00149282102939, 0.00083539437037, 0.00023747808882, 0.000319638143992, 0.0002416241623, 0.000176240850124, 0.000165284887771, 0.000100397366623, 0.000101237899798, 4.01081451855e-05, 2.68357125606e-05, 1.83297797776e-05, 1.96017572307e-05, 1.29835416374e-05, 1.31869728648e-05, 1.43104507515e-05, 8.23061600386e-06, 1.30364824145e-05, 1.16757255455e-05, 8.03933562565e-06, 6.06296543992e-06, 2.05023752642e-06, 1.58284103691e-06, 1.74068486558e-06, 2.06942900149e-06, 1.86931060853e-06, 1.02328579032e-06, 7.75067803716e-07, 8.14646000435e-07, 9.41433086155e-07, 1.35055313422e-06, 1.2780481029e-06, 1.30805392473e-06, 1.56044586674e-06, 2.61344871433e-06, 1.93577602658e-06],
        "median": [0.000395658746129, 0.000250203185715, 0.000179651236976, 0.000202706898563, 0.00044730323134, 0.000134266680107, 4.56622146885e-05, 5.69624971831e-05, 3.72227150365e-05, 2.70177370112e-05, 1.60699582921e-05, 1.28430356199e-05, 1.73427142727e-05, 7.08029256202e-06, 5.11782263857e-06, 4.43138833361e-06, 4.4061216613e-06, 2.95647305393e-06, 2.85352052742e-06, 3.16566729452e-06, 1.6970877823e-06, 1.48873289163e-06, 1.57947249591e-06, 1.52505708684e-06, 1.32050968205e-06, 6.08517950695e-07, 4.7564100214e-07, 5.46397814105e-07, 4.15269397536e-07, 3.63962101346e-07, 2.09899781112e-07, 9.60478701018e-08, 8.93057219287e-08, 1.41950621924e-07, 1.81790937859e-07, 1.93643728608e-07, 1.87794455542e-07, 1.78521588623e-07, 1.84510156487e-07, 1.26096537656e-07],
        "min": [6.96997658378e-25, 1.11825608708e-24, 1.77103237248e-24, 8.42666445161e-25, 1.49095726745e-24, 4.071313104e-25, 1.43939643122e-24, 1.1526290247e-24, 2.61185455945e-24, 1.59396997851e-24, 1.76675378815e-24, 2.78728775844e-24, 3.19394713281e-24, 3.3556600685e-24, 2.91391452766e-24, 2.34387219906e-24, 2.03424429376e-24, 4.61495541354e-24, 3.14921595847e-24, 3.65359153316e-24, 3.74101073209e-24, 2.95797576187e-24, 2.38334068509e-24, 4.11546288785e-24, 4.88636813558e-24, 4.5558160892e-24, 4.40441080452e-24, 4.88929914827e-24, 4.89725126063e-24, 5.666854099e-24, 5.3938656273e-24, 5.13787868584e-24, 6.08027953334e-24, 5.94556023453e-24, 4.67606807344e-24, 6.53728756055e-24, 5.979804292e-24, 5.8306200452e-24, 6.30839286359e-24, 6.56083584744e-24],
        "var": [4.97536311741e-05, 3.74858864234e-05, 2.04327216125e-06, 2.24512746172e-06, 6.30053318673e-06, 2.89778085971e-06, 4.22121701149e-07, 8.0966628957e-07, 4.67380317559e-07, 3.36579887517e-07, 3.03157690951e-07, 1.29590205233e-07, 1.29634756263e-07, 1.32199176051e-08, 9.62939417093e-09, 3.99089650216e-09, 3.23239768285e-09, 1.6121262103e-09, 2.51124210315e-09, 2.61814347979e-09, 8.59624649241e-10, 3.44305961519e-09, 1.05669062389e-09, 3.24604038093e-10, 2.50143045166e-10, 1.80341592354e-11, 1.45362038378e-11, 1.15217184751e-11, 2.20286462682e-11, 1.79429752306e-11, 9.71782723735e-12, 8.26334486947e-12, 9.9099209741e-12, 1.22887897774e-11, 3.42705135103e-11, 2.36586843866e-11, 2.62784811272e-11, 5.0830253201e-11, 2.0337410922e-10, 1.14275956753e-10]
    },
    "mfcc": {
        "mean": [-711.515380859, 133.276443481, 15.5401325226, 8.38739585876, 4.33443593979, -8.97549057007, -0.562889277935, -3.15148258209, -4.06236696243, -1.77434444427, -6.9540143013, -0.606081664562, -5.41860294342],
        "cov": [[9401.25585938, -316.426544189, 257.841522217, 449.567138672, 396.556060791, -55.449092865, 37.0176544189, 311.854003906, 72.1929473877, 126.062217712, -49.4073905945, 441.098693848, 60.3219032288], [-316.426544189, 2517.44580078, 105.703872681, 111.379295349, 170.013214111, 200.435897827, 242.926956177, -53.6969528198, 21.6790008545, 128.056030273, 48.1496887207, -42.1639251709, 20.4569282532], [257.841522217, 105.703872681, 1228.9296875, 283.283996582, 235.328338623, 30.4397258759, 37.2021217346, -96.8274230957, -39.4175071716, -45.3808479309, 22.4452018738, 35.2750587463, 36.9533538818], [449.567138672, 111.379295349, 283.283996582, 605.884338379, 289.886474609, 100.534736633, 57.0316848755, 108.749816895, 55.7475547791, 39.4960403442, 69.0796585083, 122.337867737, 64.5189666748], [396.556060791, 170.013214111, 235.328338623, 289.886474609, 370.6847229, 104.857521057, 35.8102302551, 96.0455627441, 64.0659713745, 46.0003890991, 56.8468971252, 96.4066390991, 68.9918060303], [-55.449092865, 200.435897827, 30.4397258759, 100.534736633, 104.857521057, 443.209655762, 147.286895752, 99.2925872803, 146.905914307, 138.138244629, 131.814483643, -34.7751274109, 110.226364136], [37.0176544189, 242.926956177, 37.2021217346, 57.0316848755, 35.8102302551, 147.286895752, 268.714202881, 74.0967025757, 84.2167282104, 108.199180603, 60.6111984253, 13.9987325668, 48.8221473694], [311.854003906, -53.6969528198, -96.8274230957, 108.749816895, 96.0455627441, 99.2925872803, 74.0967025757, 300.319793701, 107.856269836, 63.8824424744, 75.7575149536, 82.1778335571, 73.9593276978], [72.1929473877, 21.6790008545, -39.4175071716, 55.7475547791, 64.0659713745, 146.905914307, 84.2167282104, 107.856269836, 181.103591919, 94.9767913818, 66.9736785889, 26.0935726166, 55.8038406372], [126.062217712, 128.056030273, -45.3808479309, 39.4960403442, 46.0003890991, 138.138244629, 108.199180603, 63.8824424744, 94.9767913818, 180.893798828, 73.8805923462, 15.0873117447, 47.9289093018], [-49.4073905945, 48.1496887207, 22.4452018738, 69.0796585083, 56.8468971252, 131.814483643, 60.6111984253, 75.7575149536, 66.9736785889, 73.8805923462, 152.303771973, 21.6445102692, 59.9323577881], [441.098693848, -42.1639251709, 35.2750587463, 122.337867737, 96.4066390991, -34.7751274109, 13.9987325668, 82.1778335571, 26.0935726166, 15.0873117447, 21.6445102692, 205.376327515, 32.0416679382], [60.3219032288, 20.4569282532, 36.9533538818, 64.5189666748, 68.9918060303, 110.226364136, 48.8221473694, 73.9593276978, 55.8038406372, 47.9289093018, 59.9323577881, 32.0416679382, 153.64704895]],
