{
"lowlevel": {
    "average_loudness": 0.529787540436,
    "barkbands_crest": {
        "dmean": 2.69268751144,
        "dmean2": 4.35149049759,
        "dvar": 6.4692325592,
        "dvar2": 16.2060508728,
        "max": 26.3543720245,
        "mean": 12.1856908798,
        "median": 11.3936481476,
        "min": 2.4980199337,
        "var": 21.7717285156
    },
    "barkbands_flatness_db": {
        "dmean": 0.0231746453792,
        "dmean2": 0.0350250676274,
        "dvar": 0.000563929963391,
        "dvar2": 0.00123459007591,
        "max": 0.659781217575,
        "mean": 0.208309456706,
        "median": 0.197862118483,
        "min": 0.0185414850712,
        "var": 0.00612068315968
    },
    "barkbands_kurtosis": {
        "dmean": 4.31759309769,
        "dmean2": 6.99341535568,
        "dvar": 114.257820129,
        "dvar2": 303.292327881,
        "max": 316.427703857,
        "mean": 7.00868988037,
        "median": 3.63011240959,
        "min": -1.9601265192,
        "var": 171.48475647
    },
    "barkbands_skewness": {
        "dmean": 0.626143217087,
        "dmean2": 0.953152894974,
        "dvar": 0.539123833179,
        "dvar2": 1.24795532227,
        "max": 14.9350032806,
        "mean": 1.62700903416,
        "median": 1.5108884573,
        "min": -5.35544872284,
        "var": 2.42805767059
    },
    "barkbands_spread": {
        "dmean": 4.47434902191,
        "dmean2": 6.87048435211,
        "dvar": 77.0973968506,
        "dvar2": 160.315322876,
        "max": 121.682487488,
        "mean": 15.0441293716,
        "median": 10.0837097168,
        "min": 0.103166021407,
        "var": 251.231887817
    },
    "dissonance": {
        "dmean": 0.0330946072936,
        "dmean2": 0.0557452552021,
        "dvar": 0.00100001413375,
        "dvar2": 0.00280029769056,
        "max": 0.500000119209,
        "mean": 0.432729482651,
        "median": 0.444636642933,
        "min": 0.158318564296,
        "var": 0.002589676762
    },
    "dynamic_complexity": 5.10407018661,
    "erbbands_crest": {
        "dmean": 3.04977989197,
        "dmean2": 4.87289857864,
        "dvar": 8.50764942169,
        "dvar2": 20.4660568237,
        "max": 31.822221756,
        "mean": 12.0828723907,
        "median": 10.761013031,
        "min": 2.29331231117,
        "var": 35.3550300598
    },
    "erbbands_flatness_db": {
        "dmean": 0.0187366120517,
        "dmean2": 0.0274124164134,
        "dvar": 0.000371458794689,
        "dvar2": 0.000769793055952,
        "max": 0.526712179184,
        "mean": 0.213354691863,
        "median": 0.209087044001,
        "min": 0.0451509431005,
        "var": 0.00531065883115
    },
    "erbbands_kurtosis": {
        "dmean": 1.65619063377,
        "dmean2": 2.59485507011,
        "dvar": 5.74193191528,
        "dvar2": 13.0453920364,
        "max": 54.2222671509,
        "mean": 2.33725786209,
        "median": 1.03415679932,
        "min": -1.91952967644,
        "var": 17.6100215912
    },
    "erbbands_skewness": {
        "dmean": 0.453169941902,
        "dmean2": 0.675730228424,
        "dvar": 0.228320077062,
        "dvar2": 0.455980867147,
        "max": 5.36124610901,
        "mean": 0.512399613857,
        "median": 0.535280108452,
        "min": -5.4589676857,
        "var": 1.0416727066
    },
    "erbbands_spread": {
        "dmean": 7.09376716614,
        "dmean2": 10.9197092056,
        "dvar": 131.969482422,
        "dvar2": 306.910003662,
        "max": 223.083099365,
        "mean": 26.7660827637,
        "median": 20.7295875549,
        "min": 0.728897571564,
        "var": 465.060180664
    },
    "hfc": {
        "dmean": 6.0056886673,
        "dmean2": 8.60097694397,
        "dvar": 194.857498169,
        "dvar2": 400.265014648,
        "max": 300.641845703,
        "mean": 19.1494960785,
        "median": 9.07911396027,
        "min": 1.05095599696e-16,
        "var": 625.810791016
    },
    "melbands_crest": {
        "dmean": 3.30646157265,
        "dmean2": 5.24013853073,
        "dvar": 8.63807106018,
        "dvar2": 21.5775127411,
        "max": 34.9176902771,
        "mean": 15.6949157715,
        "median": 15.0099811554,
        "min": 1.6702272892,
        "var": 30.4254817963
    },
    "melbands_flatness_db": {
        "dmean": 0.026416907087,
        "dmean2": 0.0390630401671,
        "dvar": 0.000812925864011,
        "dvar2": 0.00169873633422,
        "max": 0.820221960545,
        "mean": 0.286267578602,
        "median": 0.273982226849,
        "min": 0.00233034254052,
        "var": 0.00988685060292
    },
    "melbands_kurtosis": {
        "dmean": 7.40976285934,
        "dmean2": 11.8616933823,
        "dvar": 262.525482178,
        "dvar2": 662.106994629,
        "max": 439.104919434,
        "mean": 13.752374649,
        "median": 6.4971408844,
        "min": -1.94323539734,
        "var": 522.300720215
    },
    "melbands_skewness": {
        "dmean": 0.722255825996,
        "dmean2": 1.11477732658,
        "dvar": 0.694088876247,
        "dvar2": 1.62601935863,
        "max": 16.9330005646,
        "mean": 2.33754110336,
        "median": 1.99994361401,
        "min": -1.79151546955,
        "var": 3.50954699516
    },
    "melbands_spread": {
        "dmean": 6.03644132614,
        "dmean2": 9.13930416107,
        "dvar": 225.255889893,
        "dvar2": 440.064483643,
        "max": 277.814208984,
        "mean": 18.8873748779,
        "median": 11.1351394653,
        "min": 0.237706959248,
        "var": 685.796936035
    },
    "pitch_salience": {
        "dmean": 0.0730509534478,
        "dmean2": 0.118742704391,
        "dvar": 0.00522016407922,
        "dvar2": 0.0134505247697,
        "max": 0.887491166592,
        "mean": 0.528529763222,
        "median": 0.533218502998,
        "min": 0.0476177074015,
        "var": 0.0170124582946
    },
    "silence_rate_20dB": {
        "dmean": 0,
        "dmean2": 0,
        "dvar": 0,
        "dvar2": 0,
        "max": 1,
        "mean": 1,
        "median": 1,
        "min": 1,
        "var": 0
    },
    "silence_rate_30dB": {
        "dmean": 0.014888974838,
        "dmean2": 0.0297817718238,
        "dvar": 0.0146670229733,
        "dvar2": 0.0365960001945,
        "max": 1,
        "mean": 0.984086215496,
        "median": 1,
        "min": 0,
        "var": 0.0156603120267
    },
    "silence_rate_60dB": {
        "dmean": 0.026954177767,
        "dmean2": 0.0539152771235,
        "dvar": 0.0262319166213,
        "dvar2": 0.0622997954488,
        "max": 1,
        "mean": 0.128593429923,
        "median": 0,
        "min": 0,
        "var": 0.112059898674
    },
    "spectral_centroid": {
        "dmean": 188.436965942,
        "dmean2": 278.885406494,
        "dvar": 150900.609375,
        "dvar2": 274092.875,
        "max": 11848.9619141,
        "mean": 1009.88739014,
        "median": 763.799743652,
        "min": 88.129196167,
        "var": 1415147.25
    },
    "spectral_complexity": {
        "dmean": 2.0675137043,
        "dmean2": 3.28395390511,
        "dvar": 5.12306451797,
        "dvar2": 10.9668340683,
        "max": 45,
        "mean": 11.7967147827,
        "median": 11,
        "min": 0,
        "var": 47.1125831604
    },
    "spectral_decrease": {
        "dmean": 2.06012074067e-09,
        "dmean2": 3.24326632217e-09,
        "dvar": 1.23099314768e-17,
        "dvar2": 2.85316960233e-17,
        "max": 8.79619224681e-11,
        "mean": -7.1146795122e-09,
        "median": -5.30582600078e-09,
        "min": -4.59515518969e-08,
        "var": 4.68098166834e-17
    },
    "spectral_energy": {
        "dmean": 0.00809304136783,
        "dmean2": 0.0127139976248,
        "dvar": 0.000180309900315,
        "dvar2": 0.000416827300796,
        "max": 0.178156524897,
        "mean": 0.0285893939435,
        "median": 0.0214173197746,
        "min": 1.0075705288e-20,
        "var": 0.00073028675979
    },
    "spectral_energyband_high": {
        "dmean": 0.000307262525894,
        "dmean2": 0.000442031363491,
        "dvar": 2.02523210646e-06,
        "dvar2": 4.03883814215e-06,
        "max": 0.0318858139217,
        "mean": 0.000524132687133,
        "median": 7.5532210758e-05,
        "min": 6.77451106989e-21,
        "var": 4.07124480262e-06
    },
    "spectral_energyband_low": {
        "dmean": 0.00569514418021,
        "dmean2": 0.00926955696195,
        "dvar": 0.000162670723512,
        "dvar2": 0.000375941861421,
        "max": 0.145702406764,
        "mean": 0.0119342058897,
        "median": 0.0039706742391,
        "min": 1.20826085652e-23,
        "var": 0.000358950928785
    },
    "spectral_energyband_middle_high": {
        "dmean": 0.00222848169506,
        "dmean2": 0.00309270294383,
        "dvar": 1.93903451873e-05,
        "dvar2": 3.55675729224e-05,
        "max": 0.0775074660778,
        "mean": 0.0075169429183,
        "median": 0.00142978155054,
        "min": 1.22481265399e-21,
        "var": 0.00015750467719
    },
    "spectral_energyband_middle_low": {
        "dmean": 0.00387953268364,
        "dmean2": 0.00619261711836,
        "dvar": 6.36080148979e-05,
        "dvar2": 0.00017015132471,
        "max": 0.120086632669,
        "mean": 0.00960858073086,
        "median": 0.00637879176065,
        "min": 1.64285811849e-22,
        "var": 9.92178684101e-05
    },
    "spectral_entropy": {
        "dmean": 0.190501898527,
        "dmean2": 0.276404112577,
        "dvar": 0.0504505857825,
        "dvar2": 0.0965791717172,
        "max": 9.81940937042,
        "mean": 6.92904758453,
        "median": 6.91935491562,
        "min": 4.28728437424,
        "var": 0.575460851192
    },
    "spectral_flux": {
        "dmean": 0.0249469708651,
        "dmean2": 0.0392837040126,
        "dvar": 0.00110478000715,
        "dvar2": 0.00231576967053,
        "max": 0.434653103352,
        "mean": 0.07552292943,
        "median": 0.0622264221311,
        "min": 6.46481548849e-11,
        "var": 0.00334176560864
    },
    "spectral_kurtosis": {
        "dmean": 5.42472696304,
        "dmean2": 8.93050098419,
        "dvar": 102.466163635,
        "dvar2": 257.561065674,
        "max": 331.719451904,
        "mean": 16.5059833527,
        "median": 8.46870803833,
        "min": -1.65087890625,
        "var": 545.460449219
    },
    "spectral_rms": {
        "dmean": 0.000689170148689,
        "dmean2": 0.00106234429404,
        "dvar": 8.14637303392e-07,
        "dvar2": 1.77561446435e-06,
        "max": 0.0131837492809,
        "mean": 0.00464608892798,
        "median": 0.00457109883428,
        "min": 3.13527610991e-12,
        "var": 6.30586737316e-06
    },
    "spectral_rolloff": {
        "dmean": 392.746856689,
        "dmean2": 671.803833008,
        "dvar": 1671152.125,
        "dvar2": 3617574,
        "max": 19659.8144531,
        "mean": 1363.25927734,
        "median": 710.595703125,
        "min": 64.599609375,
        "var": 6513669.5
    },
    "spectral_skewness": {
        "dmean": 0.431713879108,
        "dmean2": 0.680359005928,
        "dvar": 0.297396600246,
        "dvar2": 0.741611540318,
        "max": 14.5557613373,
        "mean": 2.72318649292,
        "median": 2.33668160439,
        "min": -0.594682335854,
        "var": 2.51458692551
    },
    "spectral_spread": {
        "dmean": 628996.4375,
        "dmean2": 893129.6875,
        "dvar": 1.66954519757e+12,
        "dvar2": 2.9596736553e+12,
        "max": 42583124,
        "mean": 4314604,
        "median": 3450841.5,
        "min": 302366.8125,
        "var": 2.01112955126e+13
    },
    "spectral_strongpeak": {
        "dmean": 0.671452879906,
        "dmean2": 1.12948703766,
        "dvar": 2.22863435745,
        "dvar2": 5.42593717575,
        "max": 15.6634597778,
        "mean": 1.35825812817,
        "median": 0.443575143814,
        "min": 0,
        "var": 4.7113404274
    },
    "zerocrossingrate": {
        "dmean": 0.00988526642323,
        "dmean2": 0.011034341529,
        "dvar": 0.000443434779299,
        "dvar2": 0.000480986491311,
        "max": 0.80712890625,
        "mean": 0.0509296394885,
        "median": 0.03515625,
        "min": 0.00244140625,
        "var": 0.00497437547892
    },
    "barkbands": {
        "dmean": [0.000255015096627, 0.00450033182278, 0.00203279568814, 0.00113091850653, 0.00119388755411, 0.000905289780349, 0.000976240902673, 0.000354756019078, 0.000835347163957, 0.00100106198806, 0.000676078198012, 0.000341669772752, 0.000459192320704, 0.000206065800739, 0.000667167943902, 0.000298955303151, 0.000150414503878, 0.00011397828348, 6.60631994833e-05, 3.06026267936e-05, 1.95577704289e-05, 4.51095475e-05, 6.36829645373e-05, 9.66668521869e-05, 9.66356310528e-05, 2.48644228122e-05, 2.43198132921e-06],
        "dmean2": [0.000403673155233, 0.00735599594191, 0.00356281315908, 0.00200394750573, 0.00198173359968, 0.00142849225085, 0.00152761640493, 0.000564244110137, 0.00122731132433, 0.00146404234692, 0.00100268586539, 0.000508317956701, 0.000663972983602, 0.000318175705615, 0.000979465781711, 0.000446896767244, 0.00022908813844, 0.000171580366441, 0.000102871264971, 4.69738442916e-05, 3.06653419102e-05, 6.46976259304e-05, 9.27836154005e-05, 0.000144477031427, 0.000141124575748, 3.63683175237e-05, 3.56264513357e-06],
        "dvar": [4.4905368668e-07, 0.0001169006282, 4.14449059463e-05, 1.38900977618e-05, 1.10500877781e-05, 4.07369725508e-06, 5.17833905178e-06, 1.7029292394e-06, 5.75239391765e-06, 7.62629133533e-06, 4.92491926707e-06, 1.80265897143e-06, 2.42023679675e-06, 6.81966128013e-07, 5.8655509747e-06, 1.94913332052e-06, 7.38025107694e-07, 2.01588676418e-07, 4.98122147974e-08, 7.17397918848e-09, 5.55323698137e-09, 6.76384175335e-08, 1.21116514151e-07, 3.57744823987e-07, 3.45833001347e-07, 2.47025049305e-08, 3.27996130256e-10],
        "dvar2": [1.08474091576e-06, 0.000276321399724, 0.000115968170576, 3.95913775719e-05, 3.10326868203e-05, 9.45055035118e-06, 1.22299034047e-05, 3.9439187276e-06, 1.166148013e-05, 1.47494147313e-05, 9.80425102171e-06, 3.78936238121e-06, 4.77208004668e-06, 1.63137201525e-06, 1.24480447994e-05, 4.30938462159e-06, 1.61823004419e-06, 4.17972813693e-07, 1.20037682905e-07, 1.59724802273e-08, 1.34125377471e-08, 1.23318301348e-07, 2.56312461033e-07, 7.94591130671e-07, 7.73716578806e-07, 5.03668786678e-08, 6.45664299803e-10],
        "max": [0.0135715510696, 0.130403384566, 0.0801409035921, 0.0630622878671, 0.0574115812778, 0.0449825190008, 0.0412710271776, 0.0446166656911, 0.0471210107207, 0.0539224781096, 0.0495502278209, 0.0674586445093, 0.0397214367986, 0.0191158484668, 0.0512846261263, 0.0510884933174, 0.032013874501, 0.0158584043384, 0.00686450162902, 0.00212560640648, 0.00209754472598, 0.0121439602226, 0.010020583868, 0.0156658142805, 0.0201808661222, 0.00849777087569, 0.000895001343451],
        "mean": [0.000383602222428, 0.0084865745157, 0.00232964730822, 0.00140275619924, 0.00208526686765, 0.00174683227669, 0.00178999267519, 0.00048805019469, 0.00160331593361, 0.00197794241831, 0.00144858902786, 0.001041947864, 0.000909342546947, 0.000283070083242, 0.00112047384027, 0.000421821838245, 0.00022367866768, 0.000185979632079, 0.0001087145356, 6.01514584559e-05, 3.16175319313e-05, 6.54717368889e-05, 9.41865728237e-05, 0.000135293506901, 0.000126719460241, 3.52740025846e-05, 3.09418396682e-06],
        "median": [1.61647840287e-05, 0.00145811843686, 0.000504987430759, 0.000520327826962, 0.00116905220784, 0.000675155431964, 0.000495891086757, 0.000126291619381, 0.000235609564697, 0.000179576920345, 0.000116307783173, 5.88617913309e-05, 8.94653348951e-05, 3.35361401085e-05, 6.80179800838e-05, 4.33015375165e-05, 2.82048786175e-05, 2.47895895882e-05, 2.23783936235e-05, 1.14858858069e-05, 4.85148666485e-06, 4.91465561936e-06, 6.83677808411e-06, 7.94370498625e-06, 7.93969047663e-06, 1.56276325924e-06, 5.46013438907e-08],
        "min": [3.89794884064e-25, 2.49393168704e-24, 9.73122246602e-25, 2.17336306984e-24, 7.65771025411e-24, 6.40649284475e-24, 4.93949831197e-24, 7.22341156021e-24, 1.66815619353e-23, 1.6820955235e-23, 1.231839199e-23, 2.62484299649e-23, 1.98594959806e-23, 3.62942659371e-23, 2.91075947847e-23, 5.21246217121e-23, 5.14754144306e-23, 1.24355793285e-22, 1.24550307452e-22, 1.3582229675e-22, 2.15878387902e-22, 2.84959151942e-22, 4.26790561928e-22, 5.75831150846e-22, 8.69671866839e-22, 1.21503683722e-21, 1.89011941269e-21],
        "var": [9.25659321638e-07, 0.000230520090554, 3.52678944182e-05, 1.07944706542e-05, 1.09512620838e-05, 1.03356160253e-05, 1.29258987727e-05, 2.34600747717e-06, 2.01063612622e-05, 2.52906484093e-05, 2.26382981054e-05, 3.37430574291e-05, 8.04884075478e-06, 1.04243952137e-06, 1.22699520944e-05, 3.19957484862e-06, 1.06877553208e-06, 4.98534461713e-07, 7.91210723605e-08, 1.93566513929e-08, 8.30026447574e-09, 1.41234977491e-07, 2.17787032852e-07, 5.5247153341e-07, 4.68910968721e-07, 5.46434542059e-08, 6.60569821065e-10]
    },
    "erbbands": {
        "dmean": [0.165695115924, 0.956021547318, 2.12906908989, 3.21708464622, 3.58355665207, 4.48697948456, 5.1393198967, 8.68528079987, 12.5763130188, 10.89021492, 8.47548484802, 21.8085289001, 22.8842868805, 35.3177566528, 18.2968063354, 15.6786823273, 21.5030574799, 10.3921022415, 33.368850708, 16.9386234283, 15.6412172318, 6.26502418518, 4.85142278671, 6.29357099533, 2.00420045853, 1.46082246304, 1.02748084068, 0.653254032135, 1.40357208252, 2.03041529655, 1.76340663433, 1.88107407093, 1.734998703, 1.20721399784, 0.62676846981, 0.179430276155, 0.0310868956149, 0.0051929927431, 0.000471736071631, 2.25011408475e-05],
        "dmean2": [0.26878041029, 1.59126579762, 3.6851143837, 5.6483631134, 6.17898273468, 7.38209247589, 8.21322536469, 13.767580986, 19.4981403351, 17.0921783447, 13.0527887344, 31.5101776123, 33.3887405396, 50.2376823425, 26.7291183472, 22.3601093292, 30.4363899231, 15.2100515366, 48.3481445312, 25.8384742737, 22.1008358002, 9.30671310425, 7.30555391312, 9.38861751556, 3.01370596886, 2.21728110313, 1.58437263966, 1.00772178173, 2.00133872032, 2.95406413078, 2.60280966759, 2.75952291489, 2.62743449211, 1.77563297749, 0.947522759438, 0.263817101717, 0.0458327457309, 0.00769122177735, 0.000683610967826, 3.30182483594e-05],
        "dvar": [0.183576345444, 5.74608469009, 41.4580764771, 122.538192749, 104.160293579, 160.843338013, 155.846984863, 400.289672852, 798.868591309, 868.622314453, 776.479248047, 4106.84228516, 5974.98925781, 9014.9609375, 4440.89160156, 3827.04321289, 5061.06738281, 1159.51672363, 14862.7451172, 4506.34326172, 5795.60107422, 967.018676758, 407.436279297, 563.5859375, 27.9411334991, 17.7987422943, 14.5343885422, 7.1956205368, 64.2906494141, 145.342315674, 90.0847930908, 119.852233887, 131.936630249, 62.7025489807, 14.3182897568, 1.31805515289, 0.039051104337, 0.00282712001354, 9.29875113798e-06, 9.41858591119e-09],
        "dvar2": [0.426824450493, 14.6198511124, 116.015708923, 341.329193115, 297.307159424, 439.775970459, 404.76083374, 891.090393066, 1861.4744873, 2043.61376953, 1751.49938965, 8103.12744141, 11639.1865234, 17509.828125, 8856.75976562, 7762.50439453, 9696.33398438, 2572.56591797, 30771.7011719, 10060.4638672, 11981.6484375, 2208.48803711, 907.150817871, 1179.34667969, 63.7588043213, 38.4710273743, 34.0350723267, 16.9871902466, 115.399131775, 287.69152832, 192.119476318, 246.438140869, 315.607666016, 139.877807617, 32.8793487549, 2.67830562592, 0.0888752192259, 0.00560257909819, 1.76723187906e-05, 1.73489080879e-08],
        "max": [6.51034927368, 32.5894165039, 74.9525909424, 191.384124756, 162.926223755, 213.621459961, 206.01335144, 501.680938721, 615.424377441, 643.34765625, 643.037780762, 1327.88928223, 2026.21911621, 2068.33032227, 2414.9465332, 3436.07080078, 2029.27880859, 849.959289551, 3155.47802734, 1809.4831543, 3053.71362305, 1036.87780762, 872.704345703, 844.989685059, 136.560333252, 138.862319946, 101.45778656, 84.5152359009, 385.448516846, 387.304229736, 263.563049316, 408.269836426, 354.608184814, 230.802246094, 117.293434143, 66.8958358765, 6.2915558815, 3.68080639839, 0.158581987023, 0.00566178420559],
        "mean": [0.278173655272, 1.75216925144, 2.79186177254, 4.05621862411, 5.54846477509, 7.45283508301, 9.48312473297, 16.9336872101, 24.405538559, 17.8666114807, 13.3427219391, 43.5465888977, 41.9694023132, 84.634727478, 39.5348968506, 54.9079780579, 44.8906402588, 18.6151123047, 57.1054115295, 28.5055408478, 25.3460960388, 10.351940155, 8.45847415924, 10.727098465, 4.02072429657, 2.91908812523, 1.76377141476, 1.10452485085, 2.05511760712, 2.91318249702, 2.64004182816, 2.78877258301, 2.24252152443, 1.55936443806, 0.810507655144, 0.251083940268, 0.0434599481523, 0.00690336665139, 0.000627411063761, 5.23608723597e-05],
        "median": [0.026692898944, 0.35302066803, 0.785035014153, 1.59447789192, 2.62110590935, 3.56991553307, 3.80151867867, 6.50739812851, 7.8332824707, 5.72940826416, 3.86445856094, 6.79641056061, 6.93226671219, 8.41312599182, 6.18698120117, 4.13855838776, 4.71534824371, 3.11853909492, 4.28822565079, 3.43465280533, 2.64981126785, 1.49438989162, 1.4249048233, 1.42419588566, 0.984130978584, 0.58166384697, 0.310355722904, 0.154965013266, 0.179507672787, 0.174165129662, 0.205775365233, 0.190093189478, 0.109384462237, 0.0838343054056, 0.0475076213479, 0.0121235502884, 0.00193656689953, 0.000251247867709, 3.28917740262e-05, 2.9854621971e-05],
        "min": [8.92482960049e-23, 6.12350185343e-22, 2.52694024002e-21, 1.04373665848e-20, 1.67777883749e-20, 2.79213232492e-20, 2.83113227521e-20, 8.21493875089e-20, 1.20118438116e-19, 1.17152905147e-19, 2.0503126803e-19, 3.85300936122e-19, 6.86204220756e-19, 8.29557619441e-19, 8.32136251603e-19, 1.24804969463e-18, 1.11378029003e-18, 2.1716671589e-18, 1.40728982076e-18, 2.86798655777e-18, 4.69404400827e-18, 3.5169362181e-18, 5.07916854812e-18, 5.78609612476e-18, 5.91774481438e-18, 6.83521136362e-18, 1.00616529175e-17, 1.11356451997e-17, 9.0306781631e-18, 9.09007800289e-18, 1.15958206637e-17, 1.03248378002e-17, 9.44034349737e-18, 7.24587965438e-18, 6.52784635083e-18, 3.99266474558e-18, 2.27634004118e-18, 9.68543401094e-19, 2.52047722909e-19, 2.59340977601e-20],
        "var": [0.340162575245, 9.5947265625, 37.5650138855, 96.0148849487, 93.8049468994, 175.054641724, 269.208282471, 1131.03613281, 2227.78466797, 1522.47802734, 1227.84484863, 15507.6210938, 15428.1064453, 46203.21875, 13445.4804688, 86650.28125, 17894.2910156, 2338.13671875, 32965.8515625, 8043.11035156, 11218.8671875, 1614.54040527, 842.776184082, 1308.34411621, 75.0182647705, 44.8446769714, 22.0630168915, 12.1606302261, 128.361984253, 300.460113525, 157.064025879, 220.046157837, 166.69418335, 81.6444244385, 19.1167907715, 2.79885816574, 0.0704379156232, 0.00443663960323, 2.08187084354e-05, 2.15498090483e-08]
    },
    "gfcc": {
        "mean": [-82.5151748657, 124.896827698, -106.45149231, 3.49357748032, -52.2584686279, 11.1363754272, -41.5454521179, 6.44984006882, -22.9986858368, -4.08445119858, -10.1244392395, -3.31556487083, -7.38931083679],
        "cov": [[27370.5742188, -1786.11499023, -1979.21716309, 1590.58081055, -794.591430664, 2040.04492188, -680.159667969, 1280.10888672, -350.822296143, 366.130981445, 101.25466156, 147.075363159, 350.475311279], [-1786.11499023, 3173.86547852, -34.9858322144, -260.1590271, 724.350646973, -577.902832031, 441.574371338, -453.813659668, 208.434448242, -159.732879639, 21.3988895416, -99.7720718384, -42.8373184204], [-1979.21716309, -34.9858322144, 1378.87390137, 269.621795654, 55.7035484314, 43.6145095825, 98.1214294434, -53.7589797974, 81.0264434814, -20.129901886, -125.841758728, 104.568405151, -121.61856842], [1590.58081055, -260.1590271, 269.621795654, 1299.46166992, 228.945663452, 396.505554199, 284.309173584, 191.109283447, 198.739990234, 80.0388031006, 56.5897445679, 76.0225830078, 130.229995728], [-794.591430664, 724.350646973, 55.7035484314, 228.945663452, 658.647644043, 13.6518201828, 312.906921387, 4.40229558945, 163.045318604, 35.9393234253, 64.2487258911, 6.78126239777, 63.3911018372], [2040.04492188, -577.902832031, 43.6145095825, 396.505554199, 13.6518201828, 574.648864746, 102.335884094, 218.49269104, 28.9988327026, 97.7791671753, 76.1509094238, 46.1661643982, 76.9264373779], [-680.159667969, 441.574371338, 98.1214294434, 284.309173584, 312.906921387, 102.335884094, 437.818115234, -13.4714641571, 123.016044617, 58.8792610168, 86.704284668, 17.5773868561, 57.1583862305], [1280.10888672, -453.813659668, -53.7589797974, 191.109283447, 4.40229558945, 218.49269104, -13.4714641571, 329.12286377, 46.6661911011, 56.7379684448, 54.8126678467, 32.8985977173, 72.7044677734], [-350.822296143, 208.434448242, 81.0264434814, 198.739990234, 163.045318604, 28.9988327026, 123.016044617, 46.6661911011, 226.155853271, 32.886051178, 40.6935272217, 25.6197052002, 49.9203414917], [366.130981445, -159.732879639, -20.129901886, 80.0388031006, 35.9393234253, 97.7791671753, 58.8792610168, 56.7379684448, 32.886051178, 145.107681274, 53.136089325, 14.7569236755, 37.7259101868], [101.25466156, 21.3988895416, -125.841758728, 56.5897445679, 64.2487258911, 76.1509094238, 86.704284668, 54.8126678467, 40.6935272217, 53.136089325, 157.142181396, 12.408205986, 54.3305778503], [147.075363159, -99.7720718384, 104.568405151, 76.0225830078, 6.78126239777, 46.1661643982, 17.5773868561, 32.8985977173, 25.6197052002, 14.7569236755, 12.408205986, 108.784965515, 14.4074306488], [350.475311279, -42.8373184204, -121.61856842, 130.229995728, 63.3911018372, 76.9264373779, 57.1583862305, 72.7044677734, 49.9203414917, 37.7259101868, 54.3305778503, 14.4074306488, 128.757614136]],
        "icov": [[0.000113678688649, -0.0001943619136, 0.000194004227524, -0.000169498074683, 0.000172564061359, -0.000430298852734, 0.000320857099723, -0.000307265436277, 0.000259567896137, -0.00029451152659, 0.00025940919295, -0.000249459466431, 8.7887448899e-05], [-0.0001943619136, 0.00112047418952, -0.000261925568338, 0.000430811545812, -0.000909266702365, 0.00117445085198, -0.00104688166175, 0.00115661183372, -0.000923256971873, 0.00123398250435, -0.000638216326479, 0.000747110170778, -4.15914328187e-05], [0.000194004227524, -0.000261925568338, 0.00141297106165, -0.000460921466583, 0.000253487814916, -0.000808434968349, 0.000225482086535, -0.000377677904908, 3.43490614796e-06, -0.000486867473228, 0.001290351036, -0.00140232557897, 0.00141072599217], [-0.000169498074683, 0.000430811545812, -0.000460921466583, 0.00156549969688, -0.000395782728447, 5.91532552789e-05, -0.00102991249878, 0.000375466712285, -0.00106173905078, 0.000740354356822, -2.01923139684e-05, 0.000288702780381, -0.000838426640257], [0.000172564061359, -0.000909266702365, 0.000253487814916, -0.000395782728447, 0.00327623123303, -0.000641886785161, -0.000744803925045, -0.00112555292435, -0.000151971064042, -0.000892779964488, 0.000603896914981, -0.000379291537683, -0.000287655013381], [-0.000430298852734, 0.00117445085198, -0.000808434968349, 5.91532552789e-05, -0.000641886785161, 0.004979966674, -0.00205620820634, -2.99830498989e-05, -0.000366297143046, 0.000566071015783, -0.00156844279263, 0.000911219161935, -0.000454965833342], [0.000320857099723, -0.00104688166175, 0.000225482086535, -0.00102991249878, -0.000744803925045, -0.00205620820634, 0.00580595713109, 5.64045076317e-05, 0.000451442261692, -0.00186010682955, -0.000801840564236, -0.000663323036861, -0.000198510664632], [-0.000307265436277, 0.00115661183372, -0.000377677904908, 0.000375466712285, -0.00112555292435, -2.99830498989e-05, 5.64045076317e-05, 0.00621136790141, -0.00182913569734, 0.000931828457396, -0.00149180134758, 0.000439982890384, -0.00145923672244], [0.000259567896137, -0.000923256971873, 3.43490614796e-06, -0.00106173905078, -0.000151971064042, -0.000366297143046, 0.000451442261692, -0.00182913569734, 0.00750561943278, -0.00156588898972, 5.0873895816e-05, -0.0012230820721, -0.00114626879804], [-0.00029451152659, 0.00123398250435, -0.000486867473228, 0.000740354356822, -0.000892779964488, 0.000566071015783, -0.00186010682955, 0.000931828457396, -0.00156588898972, 0.0102396197617, -0.00262399041094, 0.000721184245776, -0.000962153775617], [0.00025940919295, -0.000638216326479, 0.001290351036, -2.01923139684e-05, 0.000603896914981, -0.00156844279263, -0.000801840564236, -0.00149180134758, 5.0873895816e-05, -0.00262399041094, 0.0102254208177, -0.00161356432363, -0.00122620374896], [-0.000249459466431, 0.000747110170778, -0.00140232557897, 0.000288702780381, -0.000379291537683, 0.000911219161935, -0.000663323036861, 0.000439982890384, -0.0012230820721, 0.000721184245776, -0.00161356432363, 0.0115247862414, -0.00134646566585], [8.7887448899e-05, -4.15914328187e-05, 0.00141072599217, -0.000838426640257, -0.000287655013381, -0.000454965833342, -0.000198510664632, -0.00145923672244, -0.00114626879804, -0.000962153775617, -0.00122620374896, -0.00134646566585, 0.0124139273539]]
    },
    "melbands": {
        "dmean": [0.00132964097429, 0.00108535890467, 0.000550275144633, 0.000287397502689, 0.00017947111337, 0.000184785050806, 0.000199686328415, 0.000108475796878, 7.68183163018e-05, 0.000140155563713, 0.000117976815091, 0.000147349142935, 7.27698861738e-05, 4.19991811214e-05, 4.36507943959e-05, 4.37577800767e-05, 1.82924341061e-05, 5.11245380039e-05, 4.13789712184e-05, 2.01887487492e-05, 1.80912957148e-05, 7.61721366871e-06, 4.92137587571e-06, 5.24535653312e-06, 5.59453792448e-06, 1.73109106072e-06, 1.07856465092e-06, 1.04019056835e-06, 7.79881418111e-07, 4.89137676141e-07, 3.84950794796e-07, 7.02481145254e-07, 1.16012313356e-06, 1.18644516078e-06, 9.79265564638e-07, 1.20575691653e-06, 1.20842901197e-06, 1.32534046315e-06, 1.05822755359e-06, 1.07383311843e-06],
        "dmean2": [0.00215456541628, 0.00183569011278, 0.000959143508226, 0.000482019444462, 0.000288579962216, 0.000293032586342, 0.00031033376581, 0.000170585204614, 0.000116218252515, 0.000203792777029, 0.000172908257809, 0.000211585356737, 0.000107030275103, 6.26437031315e-05, 6.11492796452e-05, 6.40962971374e-05, 2.75180627796e-05, 7.44315038901e-05, 6.17545229034e-05, 3.12213669531e-05, 2.51899928116e-05, 1.16908749987e-05, 7.39739834899e-06, 8.02464001026e-06, 8.45953763928e-06, 2.63308857029e-06, 1.66277027347e-06, 1.60833519658e-06, 1.20920560676e-06, 7.87016972481e-07, 6.08841389749e-07, 1.05562264707e-06, 1.64382140611e-06, 1.76375056071e-06, 1.46444938309e-06, 1.79688652224e-06, 1.79464734629e-06, 2.04930211112e-06, 1.63006336606e-06, 1.61004084021e-06],
        "dvar": [1.05071776488e-05, 8.47285446071e-06, 3.26972144649e-06, 6.4787525389e-07, 1.9003118723e-07, 1.74690214294e-07, 2.00461784061e-07, 8.98172984876e-08, 6.01617884399e-08, 1.66018352843e-07, 1.55993546969e-07, 1.57869067152e-07, 6.22906810577e-08, 2.50027891724e-08, 1.76815841968e-08, 2.743583849e-08, 5.21967002953e-09, 3.41578108021e-08, 2.91991124612e-08, 8.46627568052e-09, 7.52907514112e-09, 1.99840077819e-09, 4.39308367461e-10, 4.75525452348e-10, 4.59262128327e-10, 2.52840144654e-11, 7.98940427704e-12, 9.23636514494e-12, 8.70679917053e-12, 3.41783827802e-12, 3.08988143231e-12, 1.63566868383e-11, 4.97617259898e-11, 5.22232326827e-11, 3.04908355508e-11, 4.33725208526e-11, 5.67973307275e-11, 7.98739754893e-11, 5.56297230503e-11, 5.70870503647e-11],
        "dvar2": [2.42786591116e-05, 2.26433694479e-05, 9.15251985134e-06, 1.81544533007e-06, 5.06112940002e-07, 3.93177657543e-07, 4.68690586786e-07, 2.11525303939e-07, 1.31688850047e-07, 3.27877472728e-07, 3.06868457756e-07, 3.03026894244e-07, 1.27259411897e-07, 5.04718506988e-08, 3.06942133932e-08, 5.95441917994e-08, 1.16485043833e-08, 7.06182206045e-08, 6.27372358508e-08, 2.03641050689e-08, 1.55262718238e-08, 4.55448478931e-09, 9.23280563114e-10, 1.05921138527e-09, 9.80933223538e-10, 5.99360283626e-11, 1.90708577402e-11, 2.01049333431e-11, 1.99213943952e-11, 8.22281045337e-12, 7.64926056523e-12, 3.17873678768e-11, 9.42820682637e-11, 1.12043652134e-10, 6.7106743773e-11, 9.60084026169e-11, 1.21472179537e-10, 1.93513649549e-10, 1.36131286799e-10, 1.31082839028e-10],
        "max": [0.0450697764754, 0.0353288985789, 0.0266953632236, 0.0138678643852, 0.0062882755883, 0.00994473695755, 0.00912288110703, 0.007132969331, 0.00489705335349, 0.00910892616957, 0.0100262528285, 0.00892700161785, 0.00668878061697, 0.00766438804567, 0.0043957256712, 0.00490600802004, 0.0019528826233, 0.00472635217011, 0.00425138510764, 0.00399071304128, 0.00304821226746, 0.00167157547548, 0.000950875109993, 0.000783899100497, 0.000719056988601, 0.000106935985968, 6.23348096269e-05, 9.43815903156e-05, 9.3822774943e-05, 4.31198059232e-05, 5.9710455389e-05, 0.000159154442372, 0.000361952988897, 0.000203241739655, 0.000182232732186, 0.00019004130445, 0.000277961371467, 0.000254246115219, 0.000290024559945, 0.000296391517622],
        "mean": [0.00244013871998, 0.00179870182183, 0.000748756225221, 0.000480112648802, 0.00033473566873, 0.00035604563891, 0.000384268874768, 0.000171186358784, 0.000116089846415, 0.000275848113233, 0.000203526884434, 0.000343117222656, 0.000146355305333, 0.000129229025333, 0.000110361805127, 8.27116164146e-05, 2.60519391304e-05, 8.35016326164e-05, 6.80391531205e-05, 2.71803455689e-05, 2.82552846329e-05, 1.05683466245e-05, 8.78155060491e-06, 8.26109408081e-06, 9.0581816039e-06, 3.08841276819e-06, 2.01582906811e-06, 1.95748566512e-06, 1.25991016375e-06, 7.47124090594e-07, 5.94709831603e-07, 1.01050306966e-06, 1.5786338281e-06, 1.6168695538e-06, 1.41144573718e-06, 1.71846807007e-06, 1.70070893546e-06, 1.64369737377e-06, 1.36129767725e-06, 1.31018464344e-06],
        "median": [0.000347974186298, 0.000512505648658, 0.00031058647437, 0.000265849783318, 0.000152051856276, 0.000133543799166, 0.000119171207189, 5.54723119421e-05, 2.58580803347e-05, 3.88483786082e-05, 2.49771455856e-05, 2.8138885682e-05, 1.67694397533e-05, 8.89266993909e-06, 8.63896548253e-06, 8.27410622151e-06, 3.43606347997e-06, 6.59052784613e-06, 4.07352945331e-06, 3.32020636051e-06, 2.51213418778e-06, 1.41018472277e-06, 1.07345465494e-06, 1.24211578623e-06, 1.00502552414e-06, 7.06072114554e-07, 4.43817668838e-07, 3.50116408754e-07, 1.92803312871e-07, 9.31664629888e-08, 6.3273823514e-08, 8.94845300081e-08, 9.01555239352e-08, 8.03619002454e-08, 9.82970647101e-08, 1.21631288152e-07, 1.02848431993e-07, 6.40311625943e-08, 6.91824766363e-08, 6.22059346256e-08],
        "min": [1.16834954343e-24, 1.28872518161e-24, 1.64928884949e-24, 1.89130683926e-24, 7.55970385158e-25, 1.40822607166e-24, 1.59476939043e-24, 1.33266976302e-24, 1.45485721749e-24, 2.40221714047e-24, 3.51258698509e-24, 3.06679537666e-24, 2.18424796983e-24, 3.1758086568e-24, 3.05955521127e-24, 1.96851561428e-24, 3.03049278666e-24, 2.3753635264e-24, 2.27011666265e-24, 3.77619471733e-24, 4.4344675883e-24, 2.86442888864e-24, 4.99824636131e-24, 4.47000971638e-24, 3.51742151915e-24, 4.29673760184e-24, 4.58989330258e-24, 3.43833150808e-24, 5.32535305768e-24, 4.20176782076e-24, 4.7706528904e-24, 4.42710396618e-24, 5.31278650346e-24, 3.96355352105e-24, 6.51475927082e-24, 5.03225060506e-24, 5.30682981477e-24, 6.38081976102e-24, 6.98465886294e-24, 4.79517423721e-24],
        "var": [2.11043989111e-05, 1.0334891158e-05, 2.6440907277e-06, 6.16097906914e-07, 2.92683154157e-07, 4.77911555663e-07, 5.54517612272e-07, 1.48880801021e-07, 1.1029293745e-07, 6.34924049336e-07, 3.99450982513e-07, 7.58594524086e-07, 1.9581601407e-07, 4.38586312157e-07, 1.55956954018e-07, 6.80572327383e-08, 8.83619932779e-09, 7.57532916396e-08, 5.82068793165e-08, 1.25799202166e-08, 1.53412056392e-08, 2.41648545618e-09, 1.54928947449e-09, 9.17177722659e-10, 9.87040449374e-10, 5.30704195867e-11, 1.97395398638e-11, 2.28867983593e-11, 1.31045998705e-11, 5.28866186955e-12, 4.65231499158e-12, 2.96079272211e-11, 1.00160400807e-10, 9.51363987589e-11, 4.98470396904e-11, 7.02662164564e-11, 9.60003673778e-11, 9.83242376407e-11, 6.2499498632e-11, 6.73821276553e-11]
    },
    "mfcc": {
        "mean": [-721.427124023, 156.921920776, 7.60967206955, 0.305574297905, 9.77210998535, -3.22833061218, -1.4096865654, 1.94082725048, -6.38534021378, 1.75721299648, -5.50397777557, -5.59014892578, -0.313506662846],
        "cov": [[13313.0136719, -1387.9387207, -942.364318848, 398.065887451, 567.460327148, 253.472824097, 654.663085938, 593.068359375, 311.046295166, 640.673217773, 54.3155517578, 85.4010009766, 214.534881592], [-1387.9387207, 2677.86035156, -149.999633789, 48.4624557495, 33.8989372253, 77.6259155273, -40.1798286438, -66.0509643555, -17.1885662079, -109.848907471, -2.33385753632, 36.3875198364, -22.3192367554], [-942.364318848, -149.999633789, 1159.0045166, 135.533416748, 35.6041603088, 157.300582886, -95.8273620605, 69.3768997192, 38.1254425049, -121.055747986, 75.072052002, -4.04120445251, -17.1884307861], [398.065887451, 48.4624557495, 135.533416748, 872.042907715, 178.478088379, 325.112854004, 157.390701294, 183.776229858, 241.859985352, 45.9952278137, 71.1524581909, 140.107971191, 97.9780426025], [567.460327148, 33.8989372253, 35.6041603088, 178.478088379, 329.695526123, 68.2583465576, 56.721988678, 128.080230713, 100.756996155, 80.6374435425, 10.7117214203, 43.4050712585, 54.8499221802], [253.472824097, 77.6259155273, 157.300582886, 325.112854004, 68.2583465576, 430.110626221, 159.556182861, 115.300041199, 142.015823364, 41.6305618286, 81.7611618042, 76.0478973389, 50.7467079163], [654.663085938, -40.1798286438, -95.8273620605, 157.390701294, 56.721988678, 159.556182861, 314.910461426, 102.272583008, 76.8826980591, 108.410964966, 47.1480789185, 62.7381401062, 38.0376319885], [593.068359375, -66.0509643555, 69.3768997192, 183.776229858, 128.080230713, 115.300041199, 102.272583008, 238.467086792, 104.308929443, 63.8182830811, 50.7537765503, 44.7400054932, 48.5544815063], [311.046295166, -17.1885662079, 38.1254425049, 241.859985352, 100.756996155, 142.015823364, 76.8826980591, 104.308929443, 214.268707275, 67.8743515015, 44.6532287598, 68.8202819824, 47.9375724792], [640.673217773, -109.848907471, -121.055747986, 45.9952278137, 80.6374435425, 41.6305618286, 108.410964966, 63.8182830811, 67.8743515015, 189.83354187, 33.7076797485, 29.6474170685, 35.2541007996], [54.3155517578, -2.33385753632, 75.072052002, 71.1524581909, 10.7117214203, 81.7611618042, 47.1480789185, 50.7537765503, 44.6532287598, 33.7076797485, 120.222053528, 48.5087928772, 21.6775150299], [85.4010009766, 36.3875198364, -4.04120445251, 140.107971191, 43.4050712585, 76.0478973389, 62.7381401062, 44.7400054932, 68.8202819824, 29.6474170685, 48.5087928772, 124.72743988, 50.9686012268], [214.534881592, -22.3192367554, -17.1884307861, 97.9780426025, 54.8499221802, 50.7467079163, 38.0376319885, 48.5544815063, 47.9375724792, 35.2541007996, 21.6775150299, 50.9686012268, 110.868591309]],
