{
"lowlevel": {
    "average_loudness": 0.855213701725,
    "barkbands_crest": {
        "dmean": 3.3952627182,
        "dmean2": 5.00102233887,
        "dvar": 12.4829616547,
        "dvar2": 25.5720977783,
        "max": 26.7000179291,
        "mean": 15.3695373535,
        "median": 16.2569732666,
        "min": 1.85567331314,
        "var": 46.6471672058
    },
    "barkbands_flatness_db": {
        "dmean": 0.038325406611,
        "dmean2": 0.0511380769312,
        "dvar": 0.00164075300563,
        "dvar2": 0.00317502138205,
        "max": 0.785036206245,
        "mean": 0.17464235425,
        "median": 0.167887628078,
        "min": 0.0160309784114,
        "var": 0.00811281427741
    },
    "barkbands_kurtosis": {
        "dmean": 21.9458312988,
        "dmean2": 32.3392677307,
        "dvar": 4592.46923828,
        "dvar2": 9509.13867188,
        "max": 2696.38500977,
        "mean": 32.6839904785,
        "median": 5.67173194885,
        "min": -1.94014441967,
        "var": 10639.0390625
    },
    "barkbands_skewness": {
        "dmean": 1.40055787563,
        "dmean2": 1.9221932888,
        "dvar": 4.15205812454,
        "dvar2": 8.62500667572,
        "max": 39.134677887,
        "mean": 3.27790546417,
        "median": 2.34978508949,
        "min": -7.89737606049,
        "var": 15.2988424301
    },
    "barkbands_spread": {
        "dmean": 8.94815349579,
        "dmean2": 12.9068059921,
        "dvar": 125.936134338,
        "dvar2": 267.065795898,
        "max": 111.235046387,
        "mean": 23.0839519501,
        "median": 17.3862857819,
        "min": 0.0257886815816,
        "var": 401.291778564
    },
    "dissonance": {
        "dmean": 0.0158932264894,
        "dmean2": 0.0266334638,
        "dvar": 0.00032701328746,
        "dvar2": 0.000891822564881,
        "max": 0.500000119209,
        "mean": 0.472886115313,
        "median": 0.479758471251,
        "min": 0.14230453968,
        "var": 0.000673177535646
    },
    "dynamic_complexity": 8.18960094452,
    "erbbands_crest": {
        "dmean": 2.62656283379,
        "dmean2": 4.27280807495,
        "dvar": 6.55217933655,
        "dvar2": 16.2394752502,
        "max": 29.5837402344,
        "mean": 7.97786426544,
        "median": 7.11899232864,
        "min": 2.0250210762,
        "var": 14.9097633362
    },
    "erbbands_flatness_db": {
        "dmean": 0.0173742417246,
        "dmean2": 0.025552900508,
        "dvar": 0.000346429093042,
        "dvar2": 0.000676624593325,
        "max": 0.49117577076,
        "mean": 0.130190655589,
        "median": 0.110199518502,
        "min": 0.0229659639299,
        "var": 0.00395113462582
    },
    "erbbands_kurtosis": {
        "dmean": 1.20092570782,
        "dmean2": 1.86659038067,
        "dvar": 16.0675964355,
        "dvar2": 36.3423309326,
        "max": 254.837921143,
        "mean": 0.782544314861,
        "median": -0.15549826622,
        "min": -1.86972951889,
        "var": 60.3465957642
    },
    "erbbands_skewness": {
        "dmean": 0.442644804716,
        "dmean2": 0.655231356621,
        "dvar": 0.231701850891,
        "dvar2": 0.494094520807,
        "max": 11.5754680634,
        "mean": 0.13035005331,
        "median": 0.130901530385,
        "min": -4.88066625595,
        "var": 0.954714953899
    },
    "erbbands_spread": {
        "dmean": 12.3198404312,
        "dmean2": 18.2534942627,
        "dvar": 185.248916626,
        "dvar2": 377.538299561,
        "max": 233.14881897,
        "mean": 52.2096138,
        "median": 46.9563446045,
        "min": 0.485625505447,
        "var": 779.717956543
    },
    "hfc": {
        "dmean": 13.9015359879,
        "dmean2": 20.0372009277,
        "dvar": 656.987731934,
        "dvar2": 1548.99182129,
        "max": 310.397399902,
        "mean": 26.5245075226,
        "median": 13.5527925491,
        "min": 1.03363390849e-16,
        "var": 1186.5715332
    },
    "melbands_crest": {
        "dmean": 4.02661466599,
        "dmean2": 6.27749824524,
        "dvar": 18.3057670593,
        "dvar2": 39.9526634216,
        "max": 36.5711593628,
        "mean": 19.6079540253,
        "median": 20.7286605835,
        "min": 1.00487184525,
        "var": 62.7656822205
    },
    "melbands_flatness_db": {
        "dmean": 0.0463231094182,
        "dmean2": 0.0604338981211,
        "dvar": 0.00245413929224,
        "dvar2": 0.00478278379887,
        "max": 0.939986467361,
        "mean": 0.243380486965,
        "median": 0.243391737342,
        "min": -2.58859635949e-08,
        "var": 0.0156899299473
    },
    "melbands_kurtosis": {
        "dmean": 39.6549491882,
        "dmean2": 56.2182388306,
        "dvar": 8414.7578125,
        "dvar2": 14477.1347656,
        "max": 1833.9473877,
        "mean": 74.4837417603,
        "median": 24.0686340332,
        "min": -1.90560221672,
        "var": 24084.3359375
    },
    "melbands_skewness": {
        "dmean": 1.71093714237,
        "dmean2": 2.34202837944,
        "dvar": 4.43926858902,
        "dvar2": 8.16572570801,
        "max": 34.6702690125,
        "mean": 5.32518339157,
        "median": 4.298787117,
        "min": -4.2457151413,
        "var": 20.9672641754
    },
    "melbands_spread": {
        "dmean": 11.367231369,
        "dmean2": 16.519865036,
        "dvar": 339.745483398,
        "dvar2": 707.11328125,
        "max": 259.565551758,
        "mean": 26.3558616638,
        "median": 11.8741874695,
        "min": 0.12976898253,
        "var": 1374.55163574
    },
    "pitch_salience": {
        "dmean": 0.100221499801,
        "dmean2": 0.146613165736,
        "dvar": 0.0116754919291,
        "dvar2": 0.0246107745916,
        "max": 0.997540473938,
        "mean": 0.417653143406,
        "median": 0.38302564621,
        "min": 0.00639819400385,
        "var": 0.0458137132227
    },
    "silence_rate_20dB": {
        "dmean": 0,
        "dmean2": 0,
        "dvar": 0,
        "dvar2": 0,
        "max": 1,
        "mean": 1,
        "median": 1,
        "min": 1,
        "var": 0
    },
    "silence_rate_30dB": {
        "dmean": 0.0597982704639,
        "dmean2": 0.119610905647,
        "dvar": 0.0562188737094,
        "dvar2": 0.107697851956,
        "max": 1,
        "mean": 0.891583621502,
        "median": 1,
        "min": 0,
        "var": 0.0966703593731
    },
    "silence_rate_60dB": {
        "dmean": 0.0326609015465,
        "dmean2": 0.0653296485543,
        "dvar": 0.031595364213,
        "dvar2": 0.0658684596419,
        "max": 1,
        "mean": 0.2706207335,
        "median": 0,
        "min": 0,
        "var": 0.197387441993
    },
    "spectral_centroid": {
        "dmean": 377.329803467,
        "dmean2": 538.20489502,
        "dvar": 221250.375,
        "dvar2": 420370.53125,
        "max": 11920.6943359,
        "mean": 1821.61254883,
        "median": 1521.71777344,
        "min": 73.7678222656,
        "var": 3165135.5
    },
    "spectral_complexity": {
        "dmean": 5.35878944397,
        "dmean2": 7.62315368652,
        "dvar": 63.7452926636,
        "dvar2": 122.379203796,
        "max": 64,
        "mean": 14.138671875,
        "median": 10,
        "min": 0,
        "var": 184.590530396
    },
    "spectral_decrease": {
        "dmean": 3.12440917583e-09,
        "dmean2": 3.70943942229e-09,
        "dvar": 2.3738310105e-17,
        "dvar2": 3.81989426073e-17,
        "max": 2.30714442498e-28,
        "mean": -1.02106127997e-08,
        "median": -6.29089713655e-09,
        "min": -5.9760111526e-08,
        "var": 1.30392635712e-16
    },
    "spectral_energy": {
        "dmean": 0.0123596964404,
        "dmean2": 0.0150309447199,
        "dvar": 0.000343608291587,
        "dvar2": 0.000565317051951,
        "max": 0.227291062474,
        "mean": 0.0409429036081,
        "median": 0.0272887647152,
        "min": 1.00005845252e-20,
        "var": 0.00195676344447
    },
    "spectral_energyband_high": {
        "dmean": 0.00126018666197,
        "dmean2": 0.00187674735207,
        "dvar": 6.10442748439e-06,
        "dvar2": 1.4463138541e-05,
        "max": 0.0340623706579,
        "mean": 0.00190377759282,
        "median": 0.00063286232762,
        "min": 6.88278004557e-21,
        "var": 1.00638608274e-05
    },
    "spectral_energyband_low": {
        "dmean": 0.0112618245184,
        "dmean2": 0.0139088118449,
        "dvar": 0.000433838751633,
        "dvar2": 0.000707070226781,
        "max": 0.226065009832,
        "mean": 0.0310739073902,
        "median": 0.0129617070779,
        "min": 1.67232216797e-23,
        "var": 0.00163215782959
    },
    "spectral_energyband_middle_high": {
        "dmean": 0.00222478201613,
        "dmean2": 0.00332637922838,
        "dvar": 1.48076987898e-05,
        "dvar2": 3.28611022269e-05,
        "max": 0.0429142229259,
        "mean": 0.00413004169241,
        "median": 0.00154259172268,
        "min": 1.20380113552e-21,
        "var": 3.17988015013e-05
    },
    "spectral_energyband_middle_low": {
        "dmean": 0.00381622067653,
        "dmean2": 0.00610619550571,
        "dvar": 9.6241114079e-05,
        "dvar2": 0.000228903998504,
        "max": 0.0841091945767,
        "mean": 0.00494946865365,
        "median": 0.00167710660025,
        "min": 1.6517514208e-22,
        "var": 9.64598657447e-05
    },
    "spectral_entropy": {
        "dmean": 0.19625467062,
        "dmean2": 0.27725893259,
        "dvar": 0.051112614572,
        "dvar2": 0.106866791844,
        "max": 9.8231344223,
        "mean": 7.84341287613,
        "median": 7.88421058655,
        "min": 2.82031702995,
        "var": 0.428757369518
    },
    "spectral_flux": {
        "dmean": 0.0300128217787,
        "dmean2": 0.0394376143813,
        "dvar": 0.00144211435691,
        "dvar2": 0.00236073206179,
        "max": 0.393142402172,
        "mean": 0.087351039052,
        "median": 0.0631305128336,
        "min": 6.39713004791e-11,
        "var": 0.00691416487098
    },
    "spectral_kurtosis": {
        "dmean": 1.3681691885,
        "dmean2": 2.20961666107,
        "dvar": 12.4706525803,
        "dvar2": 33.6104888916,
        "max": 160.97442627,
        "mean": 4.19501829147,
        "median": 2.57783889771,
        "min": -1.32495629787,
        "var": 52.5780944824
    },
    "spectral_rms": {
        "dmean": 0.000875068770256,
        "dmean2": 0.00106873875484,
        "dvar": 1.10723431135e-06,
        "dvar2": 1.71197211785e-06,
        "max": 0.0148911848664,
        "mean": 0.00514201913029,
        "median": 0.00515976594761,
        "min": 3.12356650961e-12,
        "var": 1.35040072564e-05
    },
    "spectral_rolloff": {
        "dmean": 912.510803223,
        "dmean2": 1406.67089844,
        "dvar": 2659474.75,
        "dvar2": 5107336,
        "max": 19616.7480469,
        "mean": 2272.20776367,
        "median": 516.796875,
        "min": 43.06640625,
        "var": 13804432
    },
    "spectral_skewness": {
        "dmean": 0.205923974514,
        "dmean2": 0.315830945969,
        "dvar": 0.0800494477153,
        "dvar2": 0.186170578003,
        "max": 10.8263158798,
        "mean": 1.48197686672,
        "median": 1.36023962498,
        "min": -0.399406373501,
        "var": 0.590517818928
    },
    "spectral_spread": {
        "dmean": 691263.8125,
        "dmean2": 1042602.5625,
        "dvar": 1.01760919142e+12,
        "dvar2": 2.09076617216e+12,
        "max": 42834356,
        "mean": 6988858,
        "median": 6342264,
        "min": 684738.6875,
        "var": 3.13091581542e+13
    },
    "spectral_strongpeak": {
        "dmean": 0.258389949799,
        "dmean2": 0.404384791851,
        "dvar": 0.264076769352,
        "dvar2": 0.677255213261,
        "max": 9.07505226135,
        "mean": 0.601473033428,
        "median": 0.498529404402,
        "min": 0,
        "var": 0.399323225021
    },
    "zerocrossingrate": {
        "dmean": 0.0200347751379,
        "dmean2": 0.0211069788784,
        "dvar": 0.000681230856571,
        "dvar2": 0.000677422853187,
        "max": 0.80078125,
        "mean": 0.08273409307,
        "median": 0.048828125,
        "min": 0.001953125,
        "var": 0.00968963094056
    },
    "barkbands": {
        "dmean": [0.000202963987249, 0.0101456642151, 0.00512167904526, 0.00210967916064, 0.00111761549488, 0.000391777371988, 0.000636422657408, 0.000335601129336, 0.000390107947169, 0.000570981006604, 0.000415094196796, 0.000376060401322, 0.000262224115431, 0.000312839692924, 0.000322724110447, 0.000267518800683, 0.000237540501985, 0.000227736643865, 0.000206148950383, 0.000198717651074, 0.000184323376743, 0.000192574530956, 0.000264432019321, 0.000321856583469, 0.000211201535421, 9.50539906626e-05, 3.88663975173e-05],
        "dmean2": [0.000291063275654, 0.0131180761382, 0.0080702714622, 0.0038812274579, 0.00202046404593, 0.000647511740681, 0.00103650940582, 0.000568694027606, 0.000624839565717, 0.000938146782573, 0.000642014550976, 0.000608641013969, 0.000408808613429, 0.000523308641277, 0.000539966626093, 0.000422813551268, 0.000388065644074, 0.000362040562322, 0.000332549272571, 0.000315124110784, 0.000277348910458, 0.000293812860036, 0.000426562415669, 0.000501830945723, 0.000316094519803, 0.000142953984323, 5.88262082601e-05],
        "dvar": [1.72889699002e-07, 0.000408591644373, 0.000256616534898, 6.14442033111e-05, 1.28582887555e-05, 7.1472561558e-07, 2.10989037441e-06, 7.41269104765e-07, 8.74238878623e-07, 2.09355152947e-06, 8.03503837687e-07, 7.65377990319e-07, 3.47963378999e-07, 4.62216775077e-07, 5.46368084997e-07, 3.48894019453e-07, 2.42639970338e-07, 2.29644371075e-07, 2.31643539905e-07, 1.66518475453e-07, 1.26338619566e-07, 1.57121860411e-07, 3.26767889192e-07, 5.86908697642e-07, 1.78201077006e-07, 3.80390119403e-08, 1.15201164164e-08],
        "dvar2": [3.61699676432e-07, 0.000719072064385, 0.000594620069023, 0.000172642670805, 3.66450658476e-05, 1.86403212865e-06, 5.17818352819e-06, 1.93723485609e-06, 2.03382251129e-06, 5.31162868356e-06, 1.80551342055e-06, 1.9012715029e-06, 7.81884921253e-07, 1.15247303256e-06, 1.47974526499e-06, 8.04712158242e-07, 6.11559585195e-07, 5.53173606477e-07, 5.78470235268e-07, 4.13039344949e-07, 2.84583251187e-07, 3.62427073242e-07, 8.48591355407e-07, 1.44105558775e-06, 4.0898717657e-07, 9.23690777199e-08, 2.61965613646e-08],
        "max": [0.00481534330174, 0.207854196429, 0.142522513866, 0.0652908459306, 0.0345860235393, 0.0196948219091, 0.023383365944, 0.0139757702127, 0.0138413636014, 0.0176960770041, 0.0141947548836, 0.0172928757966, 0.0164462663233, 0.00980933476239, 0.0110342614353, 0.00711509771645, 0.0112769175321, 0.0082343686372, 0.0116753857583, 0.0056800278835, 0.00649541243911, 0.00790824275464, 0.0067921038717, 0.0171666052192, 0.00667255744338, 0.00226449803449, 0.0013388406951],
        "mean": [0.000280039239442, 0.0243447199464, 0.00542256981134, 0.00159240805078, 0.00107931520324, 0.000557290448342, 0.000750802631956, 0.000362778606359, 0.000468226353405, 0.000685752602294, 0.000550891563762, 0.000451111322036, 0.000337210396538, 0.000350105488906, 0.000371266331058, 0.000348525180016, 0.00032716759597, 0.000303237902699, 0.000300272775348, 0.000276619219221, 0.000261639856035, 0.000295026809908, 0.000320387014654, 0.000397487718146, 0.000311696232529, 0.000144613877637, 5.17790540471e-05],
        "median": [3.78379954782e-05, 0.00656360853463, 0.000273408833891, 7.32020198484e-05, 0.000190596911125, 0.000168774859048, 0.00012213869195, 5.05685675307e-05, 6.7080676672e-05, 5.66552007513e-05, 4.51928899565e-05, 6.35440446786e-05, 5.01115318912e-05, 5.71352975385e-05, 6.67341810185e-05, 6.80038428982e-05, 9.79404721875e-05, 6.75086557749e-05, 8.62675224198e-05, 6.8699780968e-05, 7.01569515513e-05, 9.90093321889e-05, 8.43694870127e-05, 8.30658100313e-05, 9.43719423958e-05, 4.2250547267e-05, 2.82764699477e-06],
        "min": [7.1316594195e-26, 1.00408158587e-24, 1.05355805437e-24, 1.1308096251e-24, 7.58675931544e-24, 4.54412477615e-24, 1.10102436724e-23, 9.91721930139e-24, 6.90422187188e-24, 1.2932785262e-23, 7.09625980407e-24, 1.90476318914e-23, 2.297714212e-23, 2.82833077139e-23, 3.79452666147e-23, 3.81017860847e-23, 7.35790887357e-23, 9.69857088206e-23, 8.54155868979e-23, 1.56599163811e-22, 2.55679008034e-22, 2.79974409302e-22, 4.04731082767e-22, 5.43061288241e-22, 8.41374050395e-22, 1.2622535829e-21, 1.64945963472e-21],
        "var": [3.19346639799e-07, 0.00109279667959, 0.00024315417977, 3.70866509911e-05, 8.99016231415e-06, 1.08013352929e-06, 2.85968644675e-06, 8.31658667266e-07, 1.27636110392e-06, 2.53750295087e-06, 1.40714394092e-06, 1.05762467228e-06, 5.74453622448e-07, 5.29608996658e-07, 6.12942926637e-07, 5.50482354811e-07, 3.58891384167e-07, 3.42007183463e-07, 2.97878528954e-07, 2.42011736873e-07, 2.01885185902e-07, 3.3602745475e-07, 3.88315811506e-07, 8.397316833e-07, 2.96204518691e-07, 5.54490711124e-08, 1.49387933135e-08]
    },
    "erbbands": {
        "dmean": [0.252746343613, 2.54674196243, 5.77792930603, 6.22631263733, 4.67848157883, 3.64631032944, 2.97622776031, 3.55464935303, 7.84332132339, 9.66774749756, 7.24747419357, 8.50991725922, 12.9121770859, 16.8362064362, 17.0120792389, 15.904499054, 12.9293041229, 14.1111240387, 19.3805789948, 14.1921854019, 12.4108047485, 12.5527820587, 12.6360454559, 10.2725410461, 10.6877346039, 9.5612449646, 7.75026464462, 6.90391683578, 6.9657087326, 6.70952749252, 8.01095485687, 7.06844234467, 5.06659698486, 2.74226236343, 1.32228553295, 0.564584136009, 0.151728913188, 0.0334293916821, 0.00837939418852, 0.000284669717075],
        "dmean2": [0.311256855726, 3.33663320541, 8.31191253662, 10.3870172501, 8.39291191101, 6.51887655258, 4.98094511032, 5.95799636841, 12.6321983337, 16.2467975616, 11.6731147766, 13.456536293, 21.2648658752, 26.9482860565, 26.0900840759, 25.4737682343, 20.0984592438, 23.0871162415, 33.0650100708, 23.0042667389, 19.7283039093, 20.2198925018, 19.8961772919, 16.2759342194, 17.1373500824, 15.1203670502, 12.0170526505, 10.4428262711, 10.622797966, 10.5503997803, 12.9908647537, 11.3799600601, 7.74306917191, 4.15500402451, 2.01668763161, 0.871045053005, 0.22898042202, 0.0503573007882, 0.0127811981365, 0.000430246494943],
        "dvar": [0.223233163357, 29.2671356201, 261.658843994, 436.4375, 258.979156494, 127.059211731, 51.9441413879, 59.95835495, 320.834350586, 580.151550293, 392.52633667, 370.704956055, 1267.71472168, 1783.81091309, 1388.83410645, 1513.1484375, 883.669616699, 923.573913574, 2170.74633789, 1037.66137695, 700.194274902, 633.041809082, 692.145263672, 738.284484863, 546.709716797, 437.923919678, 253.324234009, 177.673339844, 195.413314819, 196.239730835, 308.582061768, 313.293365479, 127.152336121, 35.1268730164, 6.55332231522, 1.40039551258, 0.0990153700113, 0.00575533695519, 0.000569979136344, 6.57379928271e-07],
        "dvar2": [0.390210032463, 50.2897720337, 550.347839355, 1115.33276367, 715.040771484, 355.519775391, 139.981445312, 159.028305054, 762.982788086, 1531.80200195, 957.956481934, 823.419189453, 3136.1184082, 4544.07910156, 3093.96972656, 3782.84350586, 1994.68762207, 2204.28735352, 5977.96435547, 2726.70678711, 1589.22509766, 1591.9119873, 1677.60656738, 1865.59558105, 1349.94470215, 1072.92456055, 600.130615234, 401.757171631, 443.693511963, 482.596313477, 806.948608398, 810.219055176, 296.757720947, 82.8378143311, 15.1768712997, 3.47602820396, 0.236469328403, 0.0125063490123, 0.00133033632301, 1.5311873085e-06],
        "max": [5.7679309845, 55.9393119812, 154.876464844, 168.620513916, 132.304656982, 139.52545166, 165.402755737, 132.719345093, 311.859893799, 300.562316895, 396.953094482, 366.160430908, 530.370361328, 734.641052246, 727.003540039, 861.757446289, 856.061889648, 575.495117188, 639.023376465, 490.53805542, 465.797088623, 557.689819336, 507.197662354, 841.64855957, 563.061828613, 349.83984375, 263.935821533, 282.100524902, 266.239501953, 274.690795898, 202.626815796, 400.785827637, 200.011459351, 117.300018311, 41.8046417236, 13.0769348145, 4.43114089966, 0.928666591644, 0.284091383219, 0.0116268340498],
        "mean": [0.567596316338, 5.79737520218, 8.1731300354, 5.83307981491, 3.70910739899, 3.9007833004, 4.20500278473, 4.78944540024, 9.61034488678, 10.2391090393, 8.45752239227, 10.8434772491, 15.4421567917, 21.2583560944, 23.5382995605, 19.8813381195, 16.9588737488, 17.0955638885, 21.5500450134, 18.1957435608, 17.7939682007, 18.0831851959, 17.3355255127, 15.2329740524, 15.4365406036, 13.6189146042, 10.917424202, 10.1021995544, 10.5922822952, 9.39465904236, 9.43142414093, 8.30111217499, 6.44547843933, 3.91475343704, 1.95939898491, 0.811223387718, 0.230151221156, 0.0531503409147, 0.0107581252232, 0.000396014802391],
        "median": [0.13980256021, 1.36124157906, 1.02295613289, 0.549645900726, 0.566662967205, 0.624527812004, 1.09612965584, 1.36050057411, 1.70120465755, 1.76217699051, 1.3908302784, 1.74043309689, 1.71614277363, 2.569211483, 3.02086210251, 3.36809778214, 2.9085392952, 3.38038611412, 4.01915502548, 3.6744582653, 4.39456605911, 5.45451211929, 4.30017995834, 4.43661499023, 4.05143117905, 3.35373353958, 2.78243398666, 3.19018793106, 3.59188890457, 2.86816930771, 2.43788313866, 1.81531882286, 1.35276150703, 1.10754346848, 0.586276113987, 0.225091904402, 0.0650888159871, 0.00983838643879, 0.000587524555158, 8.22728543426e-05],
        "min": [5.29094499604e-23, 3.66255521763e-22, 2.51844507897e-21, 4.29274466562e-21, 3.33526513318e-21, 2.141547503e-20, 4.76993926411e-20, 4.31405708719e-20, 1.45997378116e-19, 1.73769243399e-19, 2.47265248951e-19, 1.90062090678e-19, 4.33307241851e-19, 5.35712718673e-19, 7.45672251245e-19, 9.57418545638e-19, 1.53657504858e-18, 1.8140722238e-18, 2.29507464807e-18, 2.59416992268e-18, 3.27179855523e-18, 4.25359680186e-18, 4.52480740443e-18, 6.55374951172e-18, 4.92238308046e-18, 7.83382722607e-18, 9.40821083929e-18, 1.04879404462e-17, 9.67487649799e-18, 1.0286668378e-17, 1.06287662911e-17, 9.04895637309e-18, 1.00653520692e-17, 7.4775836973e-18, 4.74800017244e-18, 3.62830533423e-18, 2.01858022255e-18, 9.56688765543e-19, 2.22265188352e-19, 2.26494410959e-20],
        "var": [0.658111989498, 70.0301513672, 328.31552124, 338.575256348, 166.092788696, 110.097427368, 70.4313735962, 82.9072265625, 493.997955322, 545.200683594, 498.371002197, 631.361328125, 1492.40661621, 2086.40551758, 2445.82519531, 2128.94335938, 1431.2734375, 1217.03955078, 2129.484375, 1342.24182129, 1351.55957031, 1036.3079834, 1078.48608398, 909.833496094, 736.56439209, 634.508483887, 381.080169678, 283.888336182, 413.530334473, 348.676879883, 344.323150635, 406.57989502, 192.761306763, 53.9867210388, 10.9039583206, 1.90050661564, 0.142682820559, 0.00915206130594, 0.000692956033163, 8.07335879927e-07]
    },
    "gfcc": {
        "mean": [-82.6053543091, 47.7316551208, -91.3223724365, 30.4504184723, -43.6201210022, 23.3292770386, -27.7703609467, 13.6001577377, -17.2568492889, 6.5531373024, -9.15260696411, 6.61752033234, -7.76373386383],
        "cov": [[56046.015625, -1796.13537598, -1790.41467285, 2125.57641602, -1192.15551758, 1666.64904785, -746.720581055, 1466.37390137, -465.617950439, 805.648681641, -577.459777832, 268.737426758, -663.905639648], [-1796.13537598, 3658.06689453, 766.50177002, 208.590881348, 741.151855469, -122.164199829, 386.27645874, -216.166061401, 99.3458938599, -277.038818359, 15.9795684814, -184.880355835, -17.6175613403], [-1790.41467285, 766.50177002, 2540.95605469, 740.97845459, 949.864868164, 371.385894775, 499.413391113, 173.481292725, 197.348556519, 46.9156494141, 9.16687202454, -30.2084712982, -110.900009155], [2125.57641602, 208.590881348, 740.97845459, 921.462463379, 395.914703369, 289.245819092, 186.122497559, 207.323150635, 95.9720687866, 70.6373138428, 7.78831005096, -5.62490606308, -44.7742767334], [-1192.15551758, 741.151855469, 949.864868164, 395.914703369, 887.882446289, 255.971359253, 457.691619873, 125.178833008, 175.945953369, 5.27528333664, 33.4728507996, -39.0104255676, -9.25791072845], [1666.64904785, -122.164199829, 371.385894775, 289.245819092, 255.971359253, 420.304016113, 209.972290039, 203.444610596, 68.8605194092, 81.8209991455, -7.96240663528, 33.4604148865, -24.1099033356], [-746.720581055, 386.27645874, 499.413391113, 186.122497559, 457.691619873, 209.972290039, 484.480895996, 151.654495239, 130.496063232, 8.31186389923, 43.0950737, -6.21776914597, 23.3717918396], [1466.37390137, -216.166061401, 173.481292725, 207.323150635, 125.178833008, 203.444610596, 151.654495239, 309.114074707, 88.6946716309, 118.873252869, 15.6106309891, 47.8558502197, -14.3250255585], [-465.617950439, 99.3458938599, 197.348556519, 95.9720687866, 175.945953369, 68.8605194092, 130.496063232, 88.6946716309, 179.096572876, 63.328830719, 40.6151351929, 0.958444237709, 13.1571741104], [805.648681641, -277.038818359, 46.9156494141, 70.6373138428, 5.27528333664, 81.8209991455, 8.31186389923, 118.873252869, 63.328830719, 182.317947388, 47.7286567688, 60.4608879089, 10.1582365036], [-577.459777832, 15.9795684814, 9.16687202454, 7.78831005096, 33.4728507996, -7.96240663528, 43.0950737, 15.6106309891, 40.6151351929, 47.7286567688, 100.785186768, 43.5253715515, 38.5009460449], [268.737426758, -184.880355835, -30.2084712982, -5.62490606308, -39.0104255676, 33.4604148865, -6.21776914597, 47.8558502197, 0.958444237709, 60.4608879089, 43.5253715515, 102.347999573, 39.6174468994], [-663.905639648, -17.6175613403, -110.900009155, -44.7742767334, -9.25791072845, -24.1099033356, 23.3717918396, -14.3250255585, 13.1571741104, 10.1582365036, 38.5009460449, 39.6174468994, 108.790748596]],
        "icov": [[3.73763177777e-05, -3.19788596244e-05, 6.04648303124e-05, -9.34317504289e-05, 5.35438775842e-05, -0.000117685107398, 3.09204770019e-05, -8.93101096153e-05, 0.000107676438347, -0.00014948991884, 0.000201142087462, -0.000106544124719, 0.000174722052179], [-3.19788596244e-05, 0.000456490350189, -6.18741905782e-05, 6.73393242323e-06, -0.000341802864568, 0.00034646995482, -0.000188967562281, 0.00030037338729, -0.000188782330952, 0.00057023979025, -0.000395041075535, 0.000356838252628, -7.4243893323e-05], [6.04648303124e-05, -6.18741905782e-05, 0.000888131209649, -0.000494245963637, -0.000517050677445, -0.000180040471605, -0.000204106720048, 0.000222586473683, 2.83273348032e-05, -0.000423333753133, 0.000593729899265, -0.000735797104426, 0.00114409823436], [-9.34317504289e-05, 6.73393242323e-06, -0.000494245963637, 0.00206186878495, -0.000526862975676, -0.000462091498775, 0.000645927444566, -0.000720355019439, -0.000105434133729, 0.000429467501817, -0.00101929053199, 0.000974598573521, -0.000626721710432], [5.35438775842e-05, -0.000341802864568, -0.000517050677445, -0.000526862975676, 0.00357548473403, -0.000775338383391, -0.00185117975343, 0.000370971858501, -0.000824031420052, -0.000249212083872, 0.000183691081475, 0.00047025832464, -6.85688019075e-06], [-0.000117685107398, 0.00034646995482, -0.000180040471605, -0.000462091498775, -0.000775338383391, 0.00534702837467, -0.00154558557551, -0.000955090799835, 4.56562302134e-05, -0.000376520736609, 0.0014355975436, -0.00133869447745, 0.000298586528515], [3.09204770019e-05, -0.000188967562281, -0.000204106720048, 0.000645927444566, -0.00185117975343, -0.00154558557551, 0.00579655449837, -0.00234873779118, -0.000678677170072, 0.00182597490493, -0.00190941349138, 0.00119541096501, -0.00168675242458], [-8.93101096153e-05, 0.00030037338729, 0.000222586473683, -0.000720355019439, 0.000370971858501, -0.000955090799835, -0.00234873779118, 0.00769587326795, -0.00189051835332, -0.00248824362643, 0.00138440413866, -0.00218033813871, 0.0015369275352], [0.000107676438347, -0.000188782330952, 2.83273348032e-05, -0.000105434133729, -0.000824031420052, 4.56562302134e-05, -0.000678677170072, -0.00189051835332, 0.00983736570925, -0.00330382911488, -0.00179497164208, 0.00283682509325, -0.00083018548321], [-0.00014948991884, 0.00057023979025, -0.000423333753133, 0.000429467501817, -0.000249212083872, -0.000376520736609, 0.00182597490493, -0.00248824362643, -0.00330382911488, 0.0117671210319, -0.00444971723482, -0.00233752443455, -0.000172479500179], [0.000201142087462, -0.000395041075535, 0.000593729899265, -0.00101929053199, 0.000183691081475, 0.0014355975436, -0.00190941349138, 0.00138440413866, -0.00179497164208, -0.00444971723482, 0.0179983433336, -0.00693096686155, -0.000937496079132], [-0.000106544124719, 0.000356838252628, -0.000735797104426, 0.000974598573521, 0.00047025832464, -0.00133869447745, 0.00119541096501, -0.00218033813871, 0.00283682509325, -0.00233752443455, -0.00693096686155, 0.0189924854785, -0.00633023027331], [0.000174722052179, -7.4243893323e-05, 0.00114409823436, -0.000626721710432, -6.85688019075e-06, 0.000298586528515, -0.00168675242458, 0.0015369275352, -0.00083018548321, -0.000172479500179, -0.000937496079132, -0.00633023027331, 0.0145383859053]]
    },
    "melbands": {
        "dmean": [0.00252950098366, 0.00287178438157, 0.000983547768556, 0.000287671224214, 0.000112746223749, 7.88823599578e-05, 0.000122209123219, 9.87124076346e-05, 6.38925121166e-05, 5.21145157109e-05, 6.79654767737e-05, 7.21801407053e-05, 5.86877977184e-05, 4.16460279666e-05, 3.94786620745e-05, 2.48736505455e-05, 2.71159860858e-05, 3.35130935127e-05, 1.86457891687e-05, 2.21186419367e-05, 1.33694784381e-05, 1.25875603771e-05, 1.51413260028e-05, 1.09957572931e-05, 8.43822544994e-06, 8.31490160635e-06, 8.12019516161e-06, 5.9802459873e-06, 5.30214674654e-06, 4.20894821218e-06, 4.29390684076e-06, 3.90973173126e-06, 4.18085710407e-06, 3.8548446355e-06, 4.54865676147e-06, 4.88709747515e-06, 4.21433878728e-06, 3.77987066713e-06, 3.08181074615e-06, 2.12096279029e-06],
        "dmean2": [0.00318130804226, 0.00369148841128, 0.00158365571406, 0.000517655629665, 0.000191524537513, 0.000131605644128, 0.000196858483832, 0.000167482503457, 0.000101303492556, 8.33735903143e-05, 0.000112449706648, 0.000116253999295, 9.00858140085e-05, 6.69810251566e-05, 6.27755798632e-05, 3.91660541936e-05, 4.48394130217e-05, 5.75797130296e-05, 3.06518704747e-05, 3.54529402102e-05, 2.15446198126e-05, 2.06025342777e-05, 2.47654843406e-05, 1.75026052602e-05, 1.35667287395e-05, 1.35207492349e-05, 1.32787126859e-05, 9.60456418397e-06, 8.4282064563e-06, 6.38594610791e-06, 6.6740276452e-06, 6.03085436524e-06, 6.53400684314e-06, 6.21814615442e-06, 7.41660733183e-06, 8.04472165328e-06, 6.77286925566e-06, 5.84542840443e-06, 4.76705326946e-06, 3.23816584569e-06],
        "dvar": [2.23562456085e-05, 4.4029296987e-05, 9.92377135844e-06, 8.95062953532e-07, 8.04059965276e-08, 2.85043952886e-08, 7.80330253747e-08, 6.18325302071e-08, 3.32298419892e-08, 1.35082203201e-08, 3.44655646245e-08, 3.38853922699e-08, 1.61591664494e-08, 8.34065527755e-09, 9.63241575391e-09, 3.02593505808e-09, 3.44855966006e-09, 6.6668470744e-09, 1.69274660955e-09, 2.79800294045e-09, 8.62079241326e-10, 6.81418366177e-10, 1.31280541993e-09, 5.52891676886e-10, 5.89971016485e-10, 3.0575750265e-10, 2.83587292538e-10, 1.75149172943e-10, 1.23302382193e-10, 7.35759370096e-11, 7.08190034393e-11, 6.12665543298e-11, 9.42350364408e-11, 6.59954729754e-11, 9.64986701657e-11, 1.30247854169e-10, 1.2692273621e-10, 7.26500734571e-11, 4.55968249269e-11, 2.13099000251e-11],
        "dvar2": [3.84663326258e-05, 7.85106458352e-05, 2.390024747e-05, 2.51753863267e-06, 2.19180847694e-07, 7.51449391601e-08, 1.86151552839e-07, 1.64970899164e-07, 7.94248791181e-08, 3.10450296581e-08, 8.5459404886e-08, 8.64761275921e-08, 3.58525795718e-08, 2.0523746258e-08, 2.41667912348e-08, 7.01116720236e-09, 8.33496294206e-09, 1.8411608238e-08, 4.4127324017e-09, 6.75597577882e-09, 2.00991823185e-09, 1.7709014255e-09, 3.28496851942e-09, 1.36557531949e-09, 1.54022028465e-09, 7.51646855868e-10, 7.19477255551e-10, 4.32634206238e-10, 3.00735492065e-10, 1.65889593728e-10, 1.68359631791e-10, 1.44237941035e-10, 2.17356174725e-10, 1.67321642652e-10, 2.52977139237e-10, 3.43911621403e-10, 3.29121230269e-10, 1.68412089829e-10, 1.09977922602e-10, 5.01345215342e-11],
        "max": [0.0509412959218, 0.0683085396886, 0.0263431966305, 0.00922055821866, 0.00525945611298, 0.00308500207029, 0.00478948513046, 0.0034260309767, 0.00362696265802, 0.00195989338681, 0.00264710350893, 0.00306212645955, 0.00192413362674, 0.00203526159748, 0.00238800887018, 0.00118027767166, 0.00100094766822, 0.00104925222695, 0.000678877753671, 0.000745533150621, 0.000567591574509, 0.000538422551472, 0.000668535649311, 0.000469988037366, 0.000785589858424, 0.000365945015801, 0.000267337280093, 0.00024116266286, 0.000166574856848, 0.000235931220232, 0.000158546390594, 0.000174625703949, 0.000244264898356, 0.000118568510516, 0.000116144030471, 0.000217179782339, 0.000293280754704, 0.000143421813846, 0.000121812488942, 9.25699423533e-05],
        "mean": [0.00612439448014, 0.00575704826042, 0.000967338331975, 0.000257514184341, 0.000157244270667, 0.000108188884042, 0.000147891478264, 0.000103457357909, 7.36227448215e-05, 6.43481180305e-05, 7.96368112788e-05, 8.89151633601e-05, 7.95456071501e-05, 5.33517923031e-05, 4.68763137178e-05, 3.19532446156e-05, 3.10910181724e-05, 3.54656076524e-05, 2.27601904044e-05, 2.7033911465e-05, 1.84724085557e-05, 1.79434573511e-05, 1.84002255992e-05, 1.48294157043e-05, 1.16882829388e-05, 1.18080997709e-05, 1.05641056507e-05, 8.29432974569e-06, 7.12699693395e-06, 5.76291449761e-06, 5.9489866544e-06, 5.8288164837e-06, 5.84066037845e-06, 5.04277295477e-06, 5.34945411346e-06, 5.3071662478e-06, 5.0294470384e-06, 4.68098596684e-06, 3.9764399844e-06, 3.07445702674e-06],
        "median": [0.00149287993554, 0.00125576311257, 0.000103609563666, 4.10216598539e-05, 3.92388174077e-05, 3.14201424771e-05, 2.48717897193e-05, 1.70470684679e-05, 1.10469063657e-05, 9.4134502433e-06, 7.5931570791e-06, 8.57531176734e-06, 8.03885450296e-06, 7.48967613617e-06, 6.24083850198e-06, 5.089595561e-06, 5.08108496433e-06, 5.40414930583e-06, 4.78324864162e-06, 4.26262431574e-06, 4.46377862318e-06, 5.10938070875e-06, 4.23860137744e-06, 2.98479494631e-06, 3.25490213982e-06, 3.15284501085e-06, 2.34137428379e-06, 2.0272166239e-06, 1.62059450304e-06, 1.40549821026e-06, 1.84787836588e-06, 2.01961165658e-06, 1.69156351149e-06, 1.47721982557e-06, 1.40191957598e-06, 1.16293642805e-06, 1.02953129044e-06, 9.03668933461e-07, 9.26945631363e-07, 8.830940601e-07],
        "min": [4.1585764043e-25, 1.30777597526e-24, 9.27333998649e-25, 4.17923420621e-25, 1.47526800734e-24, 9.2502746797e-25, 2.53469094672e-24, 1.97565658041e-24, 1.8591767318e-24, 9.44328231915e-25, 1.08394497644e-24, 1.62969236131e-24, 1.50905235611e-24, 1.92149043243e-24, 2.33093369693e-24, 3.11800625447e-24, 2.76678664402e-24, 2.78503713828e-24, 3.39966351866e-24, 3.11502593797e-24, 3.44773946323e-24, 3.96105243755e-24, 2.18010309742e-24, 4.76702452467e-24, 4.56354061518e-24, 3.14377025442e-24, 3.90039218939e-24, 4.24227030621e-24, 4.86299300366e-24, 4.00745954689e-24, 5.13096826431e-24, 4.91528580421e-24, 4.433805734e-24, 4.63622704785e-24, 5.44813767986e-24, 5.94682832844e-24, 5.23197953664e-24, 5.84112412258e-24, 5.72952594247e-24, 5.72136202097e-24],
        "var": [6.6731015977e-05, 8.98855796549e-05, 8.60219097376e-06, 5.94905770868e-07, 1.07921074743e-07, 4.06094962102e-08, 1.17536536948e-07, 5.66676483515e-08, 4.24663220144e-08, 2.15419895255e-08, 4.06860465318e-08, 3.92875385558e-08, 2.87289125822e-08, 1.27796200289e-08, 1.18299050555e-08, 4.66103022845e-09, 4.29539248614e-09, 6.22775608861e-09, 2.08686001812e-09, 3.61745056132e-09, 1.57894830544e-09, 1.14765252857e-09, 1.5490122518e-09, 8.97303065184e-10, 6.30086094411e-10, 4.3950987294e-10, 3.5879471616e-10, 2.46533876647e-10, 1.82489912071e-10, 1.11229490896e-10, 1.02572610128e-10, 1.17288845303e-10, 1.83042248025e-10, 9.63030141743e-11, 1.05351588564e-10, 1.40965891737e-10, 1.68858024785e-10, 1.07649320014e-10, 6.43929909394e-11, 3.32289577798e-11]
    },
    "mfcc": {
        "mean": [-714.50189209, 84.2025299072, 13.8044080734, 17.3939800262, 12.4810504913, 11.3812656403, 8.00633049011, 9.69442653656, 3.99932289124, 3.7283551693, 3.2458126545, 3.23613142967, 5.68922805786],
        "cov": [[27480.8613281, -1309.18579102, -290.376342773, 462.421875, 137.010223389, 104.529785156, 111.532432556, 339.692474365, 309.05279541, 376.149169922, 318.058624268, 339.503082275, 169.303604126], [-1309.18579102, 3108.2121582, 525.533935547, 445.969573975, 349.68963623, 285.412536621, 263.218261719, 185.530532837, 94.0498657227, 48.6659736633, 9.04220485687, -28.626537323, -2.55215287209], [-290.376342773, 525.533935547, 1268.06860352, 548.257507324, 443.061676025, 326.111816406, 246.125701904, 208.471755981, 123.703956604, 125.922370911, 120.723358154, 49.7500343323, 10.5444288254], [462.421875, 445.969573975, 548.257507324, 741.651184082, 398.497619629, 259.944763184, 246.702911377, 206.723266602, 149.787002563, 145.71963501, 98.429145813, 61.104801178, 39.7714347839], [137.010223389, 349.68963623, 443.061676025, 398.497619629, 466.254089355, 255.517562866, 190.02911377, 161.12588501, 129.319244385, 126.331069946, 93.6617202759, 57.86353302, 23.4518356323], [104.529785156, 285.412536621, 326.111816406, 259.944763184, 255.517562866, 337.446838379, 222.382293701, 165.664794922, 134.715545654, 111.972770691, 65.097694397, 43.2412910461, 26.5014514923], [111.532432556, 263.218261719, 246.125701904, 246.702911377, 190.02911377, 222.382293701, 346.554473877, 219.371276855, 160.301437378, 124.725242615, 72.6548538208, 44.3047218323, 39.199886322], [339.692474365, 185.530532837, 208.471755981, 206.723266602, 161.12588501, 165.664794922, 219.371276855, 270.043060303, 159.592468262, 127.331802368, 82.2082443237, 45.144569397, 28.740234375], [309.05279541, 94.0498657227, 123.703956604, 149.787002563, 129.319244385, 134.715545654, 160.301437378, 159.592468262, 205.081710815, 136.947525024, 76.3816833496, 53.4061660767, 46.1773376465], [376.149169922, 48.6659736633, 125.922370911, 145.71963501, 126.331069946, 111.972770691, 124.725242615, 127.331802368, 136.947525024, 178.424575806, 96.8846130371, 51.342666626, 38.2065429688], [318.058624268, 9.04220485687, 120.723358154, 98.429145813, 93.6617202759, 65.097694397, 72.6548538208, 82.2082443237, 76.3816833496, 96.8846130371, 132.232147217, 66.3572998047, 37.1141395569], [339.503082275, -28.626537323, 49.7500343323, 61.104801178, 57.86353302, 43.2412910461, 44.3047218323, 45.144569397, 53.4061660767, 51.342666626, 66.3572998047, 105.562271118, 52.7232627869], [169.303604126, -2.55215287209, 10.5444288254, 39.7714347839, 23.4518356323, 26.5014514923, 39.199886322, 28.740234375, 46.1773376465, 38.2065429688, 37.1141395569, 52.7232627869, 100.446846008]],
