{
"lowlevel": {
    "average_loudness": 0.919530332088,
    "barkbands_crest": {
        "dmean": 2.79861497879,
        "dmean2": 4.24088191986,
        "dvar": 7.28651380539,
        "dvar2": 15.9846448898,
        "max": 26.8671073914,
        "mean": 11.1654844284,
        "median": 10.0556545258,
        "min": 2.11431217194,
        "var": 27.2934570312
    },
    "barkbands_flatness_db": {
        "dmean": 0.0230286382139,
        "dmean2": 0.0329250395298,
        "dvar": 0.000663163256831,
        "dvar2": 0.00127362541389,
        "max": 0.947902679443,
        "mean": 0.12724198401,
        "median": 0.109979808331,
        "min": 0.0181471407413,
        "var": 0.00696338759735
    },
    "barkbands_kurtosis": {
        "dmean": 4.07044792175,
        "dmean2": 6.4850153923,
        "dvar": 964.176086426,
        "dvar2": 2794.38671875,
        "max": 1630.16430664,
        "mean": 5.1761932373,
        "median": 1.08708500862,
        "min": -1.95352816582,
        "var": 900.539672852
    },
    "barkbands_skewness": {
        "dmean": 0.592500090599,
        "dmean2": 0.86559510231,
        "dvar": 0.706332325935,
        "dvar2": 1.58038246632,
        "max": 32.6386222839,
        "mean": 1.35356163979,
        "median": 1.06920158863,
        "min": -3.70961833,
        "var": 2.56281924248
    },
    "barkbands_spread": {
        "dmean": 7.78478145599,
        "dmean2": 11.3679351807,
        "dvar": 95.818069458,
        "dvar2": 179.087554932,
        "max": 119.42275238,
        "mean": 28.1172275543,
        "median": 24.5131416321,
        "min": 0.00535663636401,
        "var": 358.955444336
    },
    "dissonance": {
        "dmean": 0.020095853135,
        "dmean2": 0.0337839759886,
        "dvar": 0.000441271549789,
        "dvar2": 0.00119439873379,
        "max": 0.5,
        "mean": 0.466739565134,
        "median": 0.475986480713,
        "min": 0.1789265275,
        "var": 0.00097856123466
    },
    "dynamic_complexity": 3.29853343964,
    "erbbands_crest": {
        "dmean": 3.14772677422,
        "dmean2": 5.0250005722,
        "dvar": 9.05670642853,
        "dvar2": 21.1190547943,
        "max": 32.7719650269,
        "mean": 10.0861854553,
        "median": 8.66292953491,
        "min": 2.31755828857,
        "var": 31.6479282379
    },
    "erbbands_flatness_db": {
        "dmean": 0.0187095943838,
        "dmean2": 0.0266311746091,
        "dvar": 0.000375046249246,
        "dvar2": 0.00070305261761,
        "max": 0.596296668053,
        "mean": 0.146326899529,
        "median": 0.131658807397,
        "min": 0.0446538776159,
        "var": 0.00401884363964
    },
    "erbbands_kurtosis": {
        "dmean": 1.60614299774,
        "dmean2": 2.47504615784,
        "dvar": 34.0627555847,
        "dvar2": 95.6922225952,
        "max": 265.159301758,
        "mean": 2.00585412979,
        "median": 0.127032518387,
        "min": -1.81666433811,
        "var": 114.422294617
    },
    "erbbands_skewness": {
        "dmean": 0.42552292347,
        "dmean2": 0.623978197575,
        "dvar": 0.215863361955,
        "dvar2": 0.454232126474,
        "max": 9.89622402191,
        "mean": 0.357677072287,
        "median": 0.334304988384,
        "min": -4.16687250137,
        "var": 0.90914952755
    },
    "erbbands_spread": {
        "dmean": 9.20304393768,
        "dmean2": 13.8550834656,
        "dvar": 111.79599762,
        "dvar2": 247.390396118,
        "max": 196.790054321,
        "mean": 37.6521148682,
        "median": 36.3960342407,
        "min": 0.364949762821,
        "var": 417.612579346
    },
    "hfc": {
        "dmean": 12.2315559387,
        "dmean2": 17.217880249,
        "dvar": 299.753540039,
        "dvar2": 618.051696777,
        "max": 286.508728027,
        "mean": 32.1760787964,
        "median": 23.4683055878,
        "min": 1.08144309501e-16,
        "var": 877.001342773
    },
    "melbands_crest": {
        "dmean": 3.39361739159,
        "dmean2": 5.37840890884,
        "dvar": 11.1809682846,
        "dvar2": 26.3289527893,
        "max": 39.7082595825,
        "mean": 16.4077606201,
        "median": 15.1403388977,
        "min": 1.49624347687,
        "var": 50.983757019
    },
    "melbands_flatness_db": {
        "dmean": 0.0282362829894,
        "dmean2": 0.040310870856,
        "dvar": 0.000990498927422,
        "dvar2": 0.00186567183118,
        "max": 1,
        "mean": 0.18739926815,
        "median": 0.171794176102,
        "min": 0.00295173586346,
        "var": 0.00946674216539
    },
    "melbands_kurtosis": {
        "dmean": 8.98028278351,
        "dmean2": 13.8250494003,
        "dvar": 1137.1192627,
        "dvar2": 3034.54125977,
        "max": 1793.29919434,
        "mean": 14.8408946991,
        "median": 5.23553562164,
        "min": -1.75685501099,
        "var": 1240.37585449
    },
    "melbands_skewness": {
        "dmean": 0.834050834179,
        "dmean2": 1.22958743572,
        "dvar": 1.23831164837,
        "dvar2": 2.69630599022,
        "max": 34.8995513916,
        "mean": 2.53379607201,
        "median": 2.06030058861,
        "min": -3.14049601555,
        "var": 5.04496717453
    },
    "melbands_spread": {
        "dmean": 9.28766822815,
        "dmean2": 13.7226715088,
        "dvar": 179.679412842,
        "dvar2": 347.695983887,
        "max": 265.523956299,
        "mean": 30.4881362915,
        "median": 25.7602386475,
        "min": 0.192788824439,
        "var": 669.101867676
    },
    "pitch_salience": {
        "dmean": 0.0767164155841,
        "dmean2": 0.120707154274,
        "dvar": 0.00632736040279,
        "dvar2": 0.0149887474254,
        "max": 0.960782587528,
        "mean": 0.506375908852,
        "median": 0.520486593246,
        "min": 0.00674778642133,
        "var": 0.0227660089731
    },
    "silence_rate_20dB": {
        "dmean": 0,
        "dmean2": 0,
        "dvar": 0,
        "dvar2": 0,
        "max": 1,
        "mean": 1,
        "median": 1,
        "min": 1,
        "var": 0
    },
    "silence_rate_30dB": {
        "dmean": 0.00357279577293,
        "dmean2": 0.00714650331065,
        "dvar": 0.0035603872966,
        "dvar2": 0.00990414153785,
        "max": 1,
        "mean": 0.997831106186,
        "median": 1,
        "min": 0,
        "var": 0.00216399435885
    },
    "silence_rate_60dB": {
        "dmean": 0.010463187471,
        "dmean2": 0.0209290459752,
        "dvar": 0.0103526944295,
        "dvar2": 0.0230445880443,
        "max": 1,
        "mean": 0.0433784127235,
        "median": 0,
        "min": 0,
        "var": 0.0415010266006
    },
    "spectral_centroid": {
        "dmean": 313.34942627,
        "dmean2": 454.957855225,
        "dvar": 151006.375,
        "dvar2": 272382.125,
        "max": 11605.9052734,
        "mean": 1697.78649902,
        "median": 1561.33032227,
        "min": 64.8305206299,
        "var": 1157956.125
    },
    "spectral_complexity": {
        "dmean": 5.52583885193,
        "dmean2": 7.78445625305,
        "dvar": 40.0185241699,
        "dvar2": 69.060333252,
        "max": 59,
        "mean": 20.8897686005,
        "median": 19,
        "min": 0,
        "var": 146.902420044
    },
    "spectral_decrease": {
        "dmean": 2.14436290946e-09,
        "dmean2": 2.99612534782e-09,
        "dvar": 6.90229281616e-18,
        "dvar2": 1.28009781485e-17,
        "max": 1.34942051002e-28,
        "mean": -8.30277357977e-09,
        "median": -7.87085330245e-09,
        "min": -3.97660784301e-08,
        "var": 2.93484673951e-17
    },
    "spectral_energy": {
        "dmean": 0.00872457493097,
        "dmean2": 0.01217910368,
        "dvar": 0.000107414409285,
        "dvar2": 0.000199428017368,
        "max": 0.152482524514,
        "mean": 0.0342549532652,
        "median": 0.0325696654618,
        "min": 1.00655812112e-20,
        "var": 0.000460852286778
    },
    "spectral_energyband_high": {
        "dmean": 0.00106393906754,
        "dmean2": 0.00150790589396,
        "dvar": 3.47243917531e-06,
        "dvar2": 7.04416106601e-06,
        "max": 0.0288425125182,
        "mean": 0.00182890682481,
        "median": 0.000772478990257,
        "min": 7.13094876962e-21,
        "var": 8.05915351521e-06
    },
    "spectral_energyband_low": {
        "dmean": 0.00548200216144,
        "dmean2": 0.00803076382726,
        "dvar": 8.9311542979e-05,
        "dvar2": 0.000184892385732,
        "max": 0.144772902131,
        "mean": 0.0154114281759,
        "median": 0.00908994488418,
        "min": 1.74876436741e-23,
        "var": 0.000282643333776
    },
    "spectral_energyband_middle_high": {
        "dmean": 0.00318344845437,
        "dmean2": 0.00456256093457,
        "dvar": 1.95958018594e-05,
        "dvar2": 4.05076316383e-05,
        "max": 0.0713178440928,
        "mean": 0.00929531082511,
        "median": 0.00479646632448,
        "min": 1.21844239392e-21,
        "var": 0.000120080527267
    },
    "spectral_energyband_middle_low": {
        "dmean": 0.00434236368164,
        "dmean2": 0.00678779603913,
        "dvar": 4.07893348893e-05,
        "dvar2": 9.89411855699e-05,
        "max": 0.0792311131954,
        "mean": 0.00883012823761,
        "median": 0.005881131161,
        "min": 1.64768594723e-22,
        "var": 7.6270174759e-05
    },
    "spectral_entropy": {
        "dmean": 0.161317557096,
        "dmean2": 0.228780329227,
        "dvar": 0.0332793444395,
        "dvar2": 0.0603007823229,
        "max": 9.82078361511,
        "mean": 7.83171081543,
        "median": 7.90803098679,
        "min": 2.28654432297,
        "var": 0.392080932856
    },
    "spectral_flux": {
        "dmean": 0.0295914895833,
        "dmean2": 0.0440933890641,
        "dvar": 0.00100048829336,
        "dvar2": 0.00194240093697,
        "max": 0.331354558468,
        "mean": 0.0979690253735,
        "median": 0.0886935815215,
        "min": 6.45059214377e-11,
        "var": 0.00307047157548
    },
    "spectral_kurtosis": {
        "dmean": 2.78068757057,
        "dmean2": 4.76862335205,
        "dvar": 714.248901367,
        "dvar2": 2141.29760742,
        "max": 858.226867676,
        "mean": 5.91352558136,
        "median": 2.97599005699,
        "min": -1.38790583611,
        "var": 1279.72753906
    },
    "spectral_rms": {
        "dmean": 0.000737201073207,
        "dmean2": 0.00101220782381,
        "dvar": 6.22155653218e-07,
        "dvar2": 1.07668040528e-06,
        "max": 0.0121968621388,
        "mean": 0.0054227351211,
        "median": 0.00563695700839,
        "min": 3.13370054732e-12,
        "var": 4.01329953092e-06
    },
    "spectral_rolloff": {
        "dmean": 716.691711426,
        "dmean2": 1149.33483887,
        "dvar": 1723902.875,
        "dvar2": 3355984.75,
        "max": 19702.8808594,
        "mean": 1996.43933105,
        "median": 1335.05859375,
        "min": 21.533203125,
        "var": 6318889.5
    },
    "spectral_skewness": {
        "dmean": 0.22706656158,
        "dmean2": 0.347617566586,
        "dvar": 0.328731685877,
        "dvar2": 0.880285263062,
        "max": 25.8960971832,
        "mean": 1.53238117695,
        "median": 1.41668176651,
        "min": -0.269455492496,
        "var": 1.84367978573
    },
    "spectral_spread": {
        "dmean": 638164.125,
        "dmean2": 919021.4375,
        "dvar": 1.11628596019e+12,
        "dvar2": 1.88759277568e+12,
        "max": 42712124,
        "mean": 5722617,
        "median": 5264757,
        "min": 142685.15625,
        "var": 1.23512417157e+13
    },
    "spectral_strongpeak": {
        "dmean": 0.63822644949,
        "dmean2": 1.06900966167,
        "dvar": 1.32144546509,
        "dvar2": 3.29482913017,
        "max": 16.0915031433,
        "mean": 1.18248713017,
        "median": 0.41644063592,
        "min": 0,
        "var": 3.03573584557
    },
    "zerocrossingrate": {
        "dmean": 0.0146012110636,
        "dmean2": 0.0163666438311,
        "dvar": 0.000386331928894,
        "dvar2": 0.000385464634746,
        "max": 0.64111328125,
        "mean": 0.0762558504939,
        "median": 0.064453125,
        "min": 0,
        "var": 0.00398965831846
    },
    "barkbands": {
        "dmean": [0.000470616389066, 0.00483859889209, 0.0020250743255, 0.00110100279562, 0.00109090039041, 0.00120996288024, 0.000751843152102, 0.000790379184764, 0.000911510724109, 0.00129344232846, 0.000698641117197, 0.00101125333458, 0.000602389220148, 0.000609523325693, 0.000585184141528, 0.000298406084767, 0.000246183015406, 0.000261883513303, 0.00023187797342, 0.000219539972022, 0.0001924289827, 0.000165014746017, 0.000205887525226, 0.00023990101181, 0.000204308700631, 6.16220786469e-05, 8.64883077156e-06],
        "dmean2": [0.000728628772777, 0.00723774265498, 0.00358896446414, 0.00198394712061, 0.00181141041685, 0.00193860661238, 0.00125349510927, 0.00126943178475, 0.00143996591214, 0.00195058551617, 0.0010585404234, 0.0015631042188, 0.000930690788664, 0.000959759403486, 0.000925935630221, 0.00047792919213, 0.000387607637094, 0.000398126896471, 0.000366092543118, 0.000336026219884, 0.000292866927339, 0.000240951572778, 0.000306575646391, 0.000341518461937, 0.000301399442833, 9.52632617555e-05, 1.42545941344e-05],
        "dvar": [8.04048909231e-07, 8.20265267976e-05, 3.81179852411e-05, 9.23493826122e-06, 4.76837522001e-06, 5.81067479288e-06, 3.10607310894e-06, 4.11069322581e-06, 4.9768241297e-06, 7.3359160524e-06, 4.98409144711e-06, 6.42194709144e-06, 2.74533499578e-06, 2.6258469461e-06, 1.69441216258e-06, 6.65518200549e-07, 3.36561868153e-07, 2.86491228962e-07, 2.53666058825e-07, 1.63905369277e-07, 1.25484149294e-07, 1.07699499097e-07, 1.62517963531e-07, 3.32292302119e-07, 2.59290459326e-07, 1.99203995521e-08, 1.03795949613e-09],
        "dvar2": [1.62840967732e-06, 0.00017399789067, 0.000108232001367, 2.64901264018e-05, 1.18228917927e-05, 1.34360061566e-05, 7.80538084655e-06, 9.64554419625e-06, 1.05128210635e-05, 1.47609944179e-05, 1.08293352241e-05, 1.40965876199e-05, 5.57226621822e-06, 5.65440404898e-06, 4.07848619943e-06, 1.54399538133e-06, 7.6801245541e-07, 6.61818205572e-07, 6.44792805815e-07, 3.68418454855e-07, 2.91140253239e-07, 2.21955630764e-07, 3.39015457484e-07, 6.11421967278e-07, 5.02737520947e-07, 4.78854857988e-08, 2.70732036789e-09],
        "max": [0.0321929231286, 0.143575400114, 0.0688539966941, 0.0421741344035, 0.0448175743222, 0.0542956590652, 0.0339015312493, 0.0424387156963, 0.0462396405637, 0.065335303545, 0.0570230744779, 0.0506233982742, 0.0382313653827, 0.0522487275302, 0.028244337067, 0.025685492903, 0.0349555313587, 0.0234443023801, 0.0243787765503, 0.00815504509956, 0.00466200010851, 0.00808385759592, 0.00908650364727, 0.0165835972875, 0.016824958846, 0.00288673723117, 0.000764690164942],
        "mean": [0.00118151900824, 0.0113298064098, 0.0022836397402, 0.00113069999497, 0.00152375327889, 0.00182799214963, 0.000971904606558, 0.00107792601921, 0.00130497408099, 0.0024603754282, 0.00101663917303, 0.00175010471139, 0.000949862936977, 0.000970675842836, 0.000898407073691, 0.000421855860623, 0.00040969272959, 0.00041628346662, 0.00035997046507, 0.000316861784086, 0.000290650117677, 0.000261851819232, 0.000330153619871, 0.000384920131182, 0.000292605283903, 8.1966019934e-05, 9.87433395494e-06],
        "median": [0.000173339038156, 0.00531699787825, 0.000810305238701, 0.000304493063595, 0.000612666714005, 0.000726802973077, 0.000377845426556, 0.000395347073209, 0.000400751334382, 0.000560395652428, 0.000204821524676, 0.000353004958015, 0.000218515167944, 0.000218356697587, 0.000291051750537, 0.000163161501405, 0.000183419440873, 0.000178558257176, 0.000197375004063, 0.000145646656165, 0.000133226654725, 0.0001126736679, 0.000131481137942, 0.000106329709524, 7.8603887232e-05, 2.48362230195e-05, 1.24492726172e-06],
        "min": [7.5533264042e-25, 3.65905242278e-24, 3.36119087092e-25, 6.83713881683e-25, 6.35910675903e-24, 7.11199915685e-24, 1.10234815473e-23, 8.32270185341e-24, 1.216657492e-23, 1.48895933916e-23, 6.5416168292e-24, 2.02179101997e-23, 4.22926506644e-23, 2.71338742661e-23, 5.09172259204e-23, 7.43134425078e-23, 5.62818871282e-23, 9.41302784683e-23, 1.02122644818e-22, 1.79627338921e-22, 2.54585836146e-22, 2.39898684973e-22, 4.27172850234e-22, 5.29134422276e-22, 8.09991926652e-22, 1.3051943743e-21, 1.87024324808e-21],
        "var": [6.46872240395e-06, 0.000208043144085, 2.71700046142e-05, 6.99151451045e-06, 6.5671270022e-06, 1.0577791727e-05, 3.9612141336e-06, 5.43204760106e-06, 1.1033373994e-05, 2.69839347311e-05, 1.12753441499e-05, 2.13132516365e-05, 6.76545050737e-06, 8.4194525698e-06, 3.12807969749e-06, 1.03578315702e-06, 9.41662278819e-07, 8.23027846764e-07, 2.86648031533e-07, 2.34796104337e-07, 1.84102106005e-07, 2.10924213206e-07, 3.57973249265e-07, 9.22803451431e-07, 5.58775468562e-07, 2.68094275668e-08, 9.5772023645e-10]
    },
    "erbbands": {
        "dmean": [0.173374444246, 1.08106970787, 2.12793707848, 3.22986602783, 2.8365623951, 3.51589846611, 9.30309581757, 10.0999879837, 11.5473012924, 9.35353279114, 19.5400257111, 22.3272724152, 34.7379341125, 35.57081604, 28.8972892761, 46.7152633667, 27.014705658, 29.8425483704, 34.550819397, 18.5229892731, 14.7631235123, 12.2826385498, 12.7914152145, 13.655585289, 10.5806846619, 10.1794652939, 7.94980335236, 7.73217535019, 5.88918590546, 6.29812908173, 5.59311342239, 5.12670946121, 3.96173429489, 2.78856873512, 1.19386637211, 0.389009922743, 0.0912770181894, 0.0135460747406, 0.00173871067818, 6.38581768726e-05],
        "dmean2": [0.250926852226, 1.67639625072, 3.58342528343, 5.76308250427, 4.99623537064, 5.81342601776, 14.907078743, 16.3320980072, 19.0058422089, 15.3843212128, 30.9564704895, 34.5208053589, 51.3501968384, 52.7181625366, 43.2683258057, 70.7601776123, 40.6293373108, 45.5697937012, 53.4992332458, 28.7224082947, 22.8922958374, 18.9176483154, 19.2177734375, 21.3737201691, 16.7675800323, 15.3941783905, 12.1778125763, 11.7400074005, 8.60730552673, 9.55141067505, 8.20716381073, 7.35698127747, 5.76927518845, 4.1502366066, 1.77435958385, 0.594482839108, 0.142568454146, 0.0214757677168, 0.00286195939407, 0.000101225537946],
        "dvar": [0.0807419866323, 5.10486364365, 33.8384552002, 90.9487457275, 48.0632553101, 57.8562431335, 446.568267822, 514.479736328, 665.824768066, 709.770874023, 2449.74707031, 3424.32495117, 6758.93164062, 7663.03125, 8084.35644531, 13633.5224609, 5056.41650391, 6230.1640625, 6009.9453125, 1976.62475586, 1551.22485352, 843.936401367, 657.408081055, 760.74029541, 433.541503906, 333.249420166, 219.852813721, 226.440170288, 141.238677979, 162.840499878, 126.581863403, 151.314559937, 95.0316772461, 47.9895248413, 9.07647609711, 0.90145611763, 0.0411718785763, 0.00119050056674, 4.14800488215e-05, 4.15048759805e-08],
        "dvar2": [0.172409027815, 11.6829185486, 91.2930908203, 259.729095459, 135.546615601, 141.165084839, 1006.15789795, 1201.15881348, 1648.32836914, 1804.60107422, 5497.22607422, 7065.07910156, 13351.1201172, 15534.8779297, 17470.3203125, 29248.1210938, 9827.17675781, 13140.0537109, 14114.7910156, 4400.95410156, 3636.14453125, 2001.50219727, 1439.72119141, 1845.43481445, 1059.22802734, 727.844299316, 494.603027344, 519.528991699, 289.419494629, 371.887878418, 248.772018433, 283.89050293, 180.749191284, 92.83934021, 18.1471481323, 2.09171390533, 0.100617542863, 0.00304651190527, 0.000107481791929, 1.07679113626e-07],
        "max": [3.98321700096, 33.3162765503, 61.0188102722, 129.073883057, 87.9072647095, 172.924591064, 375.036376953, 599.409484863, 411.213989258, 737.94128418, 1163.35400391, 1313.94848633, 1795.84899902, 2361.12695312, 2795.7746582, 2461.94506836, 1967.69702148, 2501.0480957, 1680.55175781, 1191.1574707, 1502.52587891, 1703.65185547, 1488.61547852, 977.901184082, 839.86126709, 196.926223755, 410.740631104, 245.317260742, 320.600860596, 295.102233887, 315.425140381, 371.931732178, 290.679901123, 207.609558105, 104.311637878, 26.1371307373, 2.7041311264, 0.583843648434, 0.148689508438, 0.00393473682925],
        "mean": [0.39949002862, 2.23378920555, 2.97210860252, 3.61390447617, 3.24891400337, 4.95293664932, 12.7837724686, 14.4918384552, 16.2381515503, 12.4474945068, 27.5081577301, 34.9295768738, 62.6680488586, 60.8447990417, 49.371547699, 84.7847213745, 48.222782135, 52.1984672546, 55.7380256653, 30.3591041565, 23.6675167084, 21.016866684, 22.3772888184, 21.3974266052, 16.7266521454, 15.1528167725, 12.0415363312, 11.5575065613, 9.43536281586, 9.38104534149, 9.31778240204, 8.34372997284, 6.13363552094, 3.98884797096, 1.66910195351, 0.517440378666, 0.120622545481, 0.0181868802756, 0.00200318684801, 0.000109893531771],
        "median": [0.173670247197, 0.960765480995, 1.37395846844, 1.2338924408, 1.20862698555, 1.82252025604, 4.30109214783, 5.26702213287, 6.47532510757, 5.58536815643, 10.901304245, 11.733953476, 14.8784589767, 17.7314300537, 12.6695098877, 17.3678264618, 12.4869918823, 14.3095035553, 16.7270793915, 12.2466697693, 10.309671402, 9.83662986755, 10.0973033905, 10.4680376053, 9.34963226318, 7.10438632965, 5.63921833038, 4.77360725403, 4.04459381104, 3.86008834839, 3.7416408062, 2.49017524719, 1.6336877346, 1.0438978672, 0.44252884388, 0.149074465036, 0.03732278198, 0.00545128621161, 0.000287411239697, 5.89453738939e-05],
        "min": [8.34786620075e-23, 6.83774686687e-22, 2.43048968812e-21, 3.83886565519e-21, 1.28850990305e-20, 2.01254739401e-20, 5.23879363636e-20, 1.16297626243e-19, 1.57845538394e-19, 3.19065430849e-19, 2.34381652416e-19, 3.26336038241e-19, 5.86510552174e-19, 8.18738148727e-19, 9.79243499305e-19, 1.04623365179e-18, 1.99610944762e-18, 1.91112015519e-18, 2.7766252863e-18, 3.95916641232e-18, 4.37527713792e-18, 3.97646896278e-18, 5.79774365497e-18, 6.41549123541e-18, 5.61503310614e-18, 9.01788333338e-18, 9.40432143605e-18, 1.04644352819e-17, 9.86567645962e-18, 1.21101582599e-17, 1.31984235435e-17, 1.09072002484e-17, 9.2335624063e-18, 6.65765994026e-18, 6.11343630857e-18, 4.56053085355e-18, 2.43428087336e-18, 9.73785348033e-19, 2.70762994461e-19, 2.69873313245e-20],
        "var": [0.264245450497, 10.3361244202, 30.046661377, 67.3116226196, 37.5740737915, 85.9220275879, 794.762756348, 885.831970215, 976.991210938, 707.890136719, 3466.42578125, 8180.98388672, 22155.9199219, 19879.0429688, 20609.6445312, 48715.8359375, 14842.8056641, 20207.2773438, 12870.7617188, 3559.61914062, 2737.71362305, 2264.4543457, 2618.14648438, 1208.02270508, 558.604003906, 494.339202881, 352.815368652, 341.689880371, 277.458618164, 265.554656982, 307.299560547, 424.57144165, 240.294052124, 104.890907288, 18.3987483978, 1.35902774334, 0.050417393446, 0.0012346226722, 3.86698666262e-05, 4.29773159283e-08]
    },
    "gfcc": {
        "mean": [10.9467945099, 68.1895904541, -112.821487427, 28.4982776642, -54.8680496216, 27.8690013885, -30.5523586273, 16.6600437164, -19.2083778381, 7.75566005707, -9.66415405273, 3.58322691917, -7.48182010651],
        "cov": [[20889.4785156, -785.012634277, -1071.4206543, 584.252441406, -1071.52722168, 779.382873535, -560.20880127, 541.588623047, -435.413757324, 380.284423828, -323.194641113, 274.063781738, -229.993545532], [-785.012634277, 1677.57299805, -26.8896160126, 79.6962051392, 354.072387695, -133.138076782, 214.266845703, -78.3218002319, 95.6838760376, -100.327209473, 95.4326324463, -127.05846405, 28.748664856], [-1071.4206543, -26.8896160126, 1323.64685059, 333.801605225, 249.107711792, 107.452323914, 3.96011853218, 96.0255279541, 53.1051063538, 31.0874195099, -28.5395679474, 44.0117301941, -34.9847412109], [584.252441406, 79.6962051392, 333.801605225, 519.068969727, 125.070243835, 84.9264678955, -1.71512722969, 97.7788848877, 55.6296882629, 40.1873283386, -0.105259038508, 39.100063324, 0.089305087924], [-1071.52722168, 354.072387695, 249.107711792, 125.070243835, 423.9347229, 58.8732261658, 183.160125732, -4.02978372574, 95.0087661743, -0.109518624842, 47.5848999023, -24.1198234558, 0.933285832405], [779.382873535, -133.138076782, 107.452323914, 84.9264678955, 58.8732261658, 392.223266602, 109.814483643, 111.201538086, 25.1365184784, 85.3972091675, 22.3414516449, 29.3233642578, -9.09787082672], [-560.20880127, 214.266845703, 3.96011853218, -1.71512722969, 183.160125732, 109.814483643, 276.194915771, 31.1406002045, 68.8779296875, 18.8767986298, 50.8551712036, -14.5799341202, 10.3033161163], [541.588623047, -78.3218002319, 96.0255279541, 97.7788848877, -4.02978372574, 111.201538086, 31.1406002045, 174.664352417, 67.5290756226, 54.5001831055, 9.62463474274, 39.0128898621, 19.6154823303], [-435.413757324, 95.6838760376, 53.1051063538, 55.6296882629, 95.0087661743, 25.1365184784, 68.8779296875, 67.5290756226, 149.745910645, 34.251449585, 41.5207748413, 9.09515094757, 36.709236145], [380.284423828, -100.327209473, 31.0874195099, 40.1873283386, -0.109518624842, 85.3972091675, 18.8767986298, 54.5001831055, 34.251449585, 113.676734924, 37.7173957825, 36.7195777893, -3.79881000519], [-323.194641113, 95.4326324463, -28.5395679474, -0.105259038508, 47.5848999023, 22.3414516449, 50.8551712036, 9.62463474274, 41.5207748413, 37.7173957825, 136.822235107, 32.9362831116, 31.1971988678], [274.063781738, -127.05846405, 44.0117301941, 39.100063324, -24.1198234558, 29.3233642578, -14.5799341202, 39.0128898621, 9.09515094757, 36.7195777893, 32.9362831116, 104.600723267, 31.2276706696], [-229.993545532, 28.748664856, -34.9847412109, 0.089305087924, 0.933285832405, -9.09787082672, 10.3033161163, 19.6154823303, 36.709236145, -3.79881000519, 31.1971988678, 31.2276706696, 87.890083313]],
        "icov": [[0.000101262237877, -9.1462105047e-05, 0.000138378760312, -0.000127263207105, 0.000128149331431, -0.000179954251507, 0.000164073571796, -0.000290372146992, 0.000295009929687, -0.000245589530095, 0.000263738591457, -0.000271435128525, 0.000244691036642], [-9.1462105047e-05, 0.00104437663686, -4.59415750811e-05, -0.00015223104856, -0.000609381764662, 0.000530235469341, -0.000544657174032, 0.000290435069473, -0.000322688109009, 0.00083358597476, -0.000981773948297, 0.00129925319925, -0.000481033523101], [0.000138378760312, -4.59415750811e-05, 0.00126621907111, -0.000568123708945, -0.000655017560348, -0.000311179406708, 0.000654743344057, -0.000817944819573, 0.00043696918874, -0.000179191571078, 0.000641301914584, -0.000834291800857, 0.000840815133415], [-0.000127263207105, -0.00015223104856, -0.000568123708945, 0.00294981524348, -0.000980876502581, -3.27959678543e-05, 0.000720879004803, -0.000843749847263, -0.00046521666809, -3.27010784531e-05, 0.000109942062409, -0.000476142478874, -7.85040901974e-05], [0.000128149331431, -0.000609381764662, -0.000655017560348, -0.000980876502581, 0.00543669704348, -0.00062101345975, -0.00238348310813, 0.00179481378291, -0.00196367129683, 0.000285477464786, -9.56987059908e-05, -0.000195901768166, 0.00096785207279], [-0.000179954251507, 0.000530235469341, -0.000311179406708, -3.27959678543e-05, -0.00062101345975, 0.00450665364042, -0.00196440028958, -0.00161005789414, 0.00107231200673, -0.00156170933042, -0.000573773402721, 0.000916926772334, -0.000342960236594], [0.000164073571796, -0.000544657174032, 0.000654743344057, 0.000720879004803, -0.00238348310813, -0.00196440028958, 0.00705667072907, -0.00137007259764, -0.000421761447797, -0.00021721131634, -0.000383134174626, -5.33590718987e-05, 0.000489613856189], [-0.000290372146992, 0.000290435069473, -0.000817944819573, -0.000843749847263, 0.00179481378291, -0.00161005789414, -0.00137007259764, 0.0117037389427, -0.00556815508753, -0.000711629458237, 0.000712380046025, -0.000982464756817, -0.00142564135604], [0.000295009929687, -0.000322688109009, 0.00043696918874, -0.00046521666809, -0.00196367129683, 0.00107231200673, -0.000421761447797, -0.00556815508753, 0.0133111188188, -0.00374408508651, -0.0004711887741, 0.00146988080814, -0.0036005564034], [-0.000245589530095, 0.00083358597476, -0.000179191571078, -3.27010784531e-05, 0.000285477464786, -0.00156170933042, -0.00021721131634, -0.000711629458237, -0.00374408508651, 0.0153840892017, -0.00428052479401, -0.00232119904831, 0.00360583909787], [0.000263738591457, -0.000981773948297, 0.000641301914584, 0.000109942062409, -9.56987059908e-05, -0.000573773402721, -0.000383134174626, 0.000712380046025, -0.0004711887741, -0.00428052479401, 0.0116224298254, -0.00401523802429, -0.00159304367844], [-0.000271435128525, 0.00129925319925, -0.000834291800857, -0.000476142478874, -0.000195901768166, 0.000916926772334, -5.33590718987e-05, -0.000982464756817, 0.00146988080814, -0.00232119904831, -0.00401523802429, 0.0162385385484, -0.00620300229639], [0.000244691036642, -0.000481033523101, 0.000840815133415, -7.85040901974e-05, 0.00096785207279, -0.000342960236594, 0.000489613856189, -0.00142564135604, -0.0036005564034, 0.00360583909787, -0.00159304367844, -0.00620300229639, 0.0171543937176]]
    },
    "melbands": {
        "dmean": [0.00141104182694, 0.00108348205686, 0.000537464802619, 0.000200276568648, 0.000290475203656, 0.000224145158427, 0.000170705970959, 0.000108778847789, 0.000160098104971, 0.000145831989357, 0.000176738147275, 0.000152273656568, 9.19329904718e-05, 0.000123866455397, 8.8752618467e-05, 5.51213561266e-05, 6.21350845904e-05, 6.18109916104e-05, 3.15390643664e-05, 2.44399307121e-05, 1.78962382051e-05, 1.3851255062e-05, 1.37512834044e-05, 1.2114063793e-05, 1.1861717212e-05, 8.62872184371e-06, 6.98237363395e-06, 7.16533577361e-06, 5.31012256033e-06, 4.98761073686e-06, 4.6472196118e-06, 3.46666047335e-06, 3.29069689542e-06, 3.77273454433e-06, 3.30886450683e-06, 3.31557134814e-06, 3.2621014725e-06, 2.8796089282e-06, 2.75517527371e-06, 2.33836567531e-06],
        "dmean2": [0.00207018200308, 0.00171238300391, 0.000955566589255, 0.000341005041264, 0.000465988297947, 0.000360935082426, 0.000281446875306, 0.000177778114448, 0.000253214122495, 0.000225140844123, 0.000262093759375, 0.000225811745622, 0.000137718016049, 0.000189013051568, 0.000133335604914, 8.40980064822e-05, 9.61182449828e-05, 9.63815473369e-05, 4.9722926633e-05, 3.91764806409e-05, 2.81565535261e-05, 2.23155238928e-05, 2.05448723136e-05, 1.86467150343e-05, 1.88893718587e-05, 1.3859851606e-05, 1.10383944047e-05, 1.09919492388e-05, 8.41831661091e-06, 7.66473931435e-06, 7.20283151168e-06, 5.18059732713e-06, 4.97088149132e-06, 5.90044328419e-06, 4.98304098073e-06, 4.84109705212e-06, 4.78152742289e-06, 4.25348753197e-06, 4.10274378737e-06, 3.54847520612e-06],
        "dvar": [6.04455726716e-06, 5.99891336606e-06, 2.33320884035e-06, 1.88049838812e-07, 4.05926527947e-07, 2.24807919835e-07, 1.46316352811e-07, 9.1121847845e-08, 1.53580813844e-07, 1.46098003029e-07, 1.69425035779e-07, 1.42051362673e-07, 8.39051281787e-08, 9.98429996457e-08, 4.73536623247e-08, 2.04046681773e-08, 3.07205603178e-08, 2.01804155608e-08, 4.77632156048e-09, 4.14445011643e-09, 2.27231122807e-09, 1.12489284554e-09, 1.06161723856e-09, 8.50303716327e-10, 5.98175564637e-10, 3.32446570273e-10, 1.74185291191e-10, 1.66163083293e-10, 1.13134245028e-10, 9.25194226786e-11, 8.88580181657e-11, 5.32484056848e-11, 4.2404156575e-11, 6.26453056096e-11, 4.30158859921e-11, 6.1211209712e-11, 6.69361024941e-11, 5.19626806861e-11, 4.94309870813e-11, 3.55510482164e-11],
        "dvar2": [1.24022672026e-05, 1.43325087265e-05, 6.62130150886e-06, 4.97213079598e-07, 9.27113489979e-07, 5.20710329965e-07, 3.60589694992e-07, 2.32056819982e-07, 3.44335489899e-07, 2.97559495266e-07, 3.37219859148e-07, 2.77117521819e-07, 1.77336843876e-07, 2.17583291828e-07, 9.80653354077e-08, 4.3066162192e-08, 6.58193357594e-08, 4.56505198088e-08, 1.12830811361e-08, 9.48056655403e-09, 5.37400257627e-09, 2.99736746534e-09, 2.18624918169e-09, 1.96698679567e-09, 1.46834056025e-09, 8.40801539503e-10, 4.23124563165e-10, 3.6221248223e-10, 2.63008809176e-10, 2.14191150927e-10, 2.09978742727e-10, 1.12756935733e-10, 9.22577431117e-11, 1.48760698204e-10, 8.92219770288e-11, 1.16026362129e-10, 1.3151292555e-10, 1.01836566957e-10, 1.01525600427e-10, 7.06633501713e-11],
        "max": [0.0395953580737, 0.0253757555038, 0.0193369630724, 0.00654126843438, 0.0122063113376, 0.0121112363413, 0.006173055619, 0.00837387144566, 0.00880352780223, 0.00897727441043, 0.00889699812979, 0.0102780628949, 0.00793176703155, 0.00611616391689, 0.00426361337304, 0.0033953783568, 0.00575541472062, 0.00278326077387, 0.00123056513257, 0.00184924853966, 0.00148735952098, 0.00132670078892, 0.00202386663295, 0.00161896203645, 0.000856338767335, 0.000904848624486, 0.000254052312812, 0.000176921690581, 0.000379004486604, 0.000108695334347, 0.000175226698047, 0.000218615008635, 0.000126725324662, 0.000164863551618, 0.000155958507094, 0.000240708133788, 0.000226958058192, 0.000206092532608, 0.000176751738763, 0.000206273471122],
        "mean": [0.0034343500156, 0.00207877065986, 0.000608101079706, 0.000272803968983, 0.00040117133176, 0.000329278962454, 0.000239150016569, 0.000144229255966, 0.00021964366897, 0.000219988432946, 0.000313164695399, 0.000251329794992, 0.000141550059197, 0.000213423758396, 0.00015092882677, 8.6662643298e-05, 0.000100014643976, 9.15883283596e-05, 4.77523535665e-05, 3.52684546669e-05, 2.64755417447e-05, 2.1487046979e-05, 2.22498219955e-05, 1.91824674403e-05, 1.71039628185e-05, 1.3076216419e-05, 1.01436016848e-05, 1.01233463283e-05, 7.54497568778e-06, 7.06336686562e-06, 6.67974018143e-06, 5.35750223207e-06, 4.92010394737e-06, 5.31033174411e-06, 5.3142730394e-06, 5.37781852472e-06, 5.01983004142e-06, 4.36725849795e-06, 3.91595858673e-06, 3.20664776154e-06],
        "median": [0.00157442619093, 0.00114780454896, 0.000233504455537, 9.52431873884e-05, 0.000146046557347, 0.000124623678857, 9.60230900091e-05, 6.45088148303e-05, 8.86764173629e-05, 6.40746293357e-05, 6.81690726196e-05, 6.31944567431e-05, 3.08083108393e-05, 4.48896971648e-05, 3.23513486364e-05, 2.17042943405e-05, 2.24862997129e-05, 2.45267547143e-05, 1.7699367163e-05, 1.30253083626e-05, 1.09219854494e-05, 9.95065238385e-06, 8.87294118002e-06, 8.25817551231e-06, 7.94191146269e-06, 7.19551189832e-06, 4.9271966418e-06, 4.46097237727e-06, 3.35839649779e-06, 2.9700563573e-06, 2.59121156887e-06, 2.25981648327e-06, 2.00441922971e-06, 2.08330357054e-06, 2.17835395233e-06, 1.81700397661e-06, 1.38773987146e-06, 1.11977510642e-06, 1.02109981981e-06, 8.14163627183e-07],
        "min": [8.95066333575e-25, 1.84837545107e-24, 9.09795352751e-25, 7.58314929072e-25, 2.27829458644e-24, 2.40097902328e-24, 2.39524065184e-24, 2.99221252238e-24, 1.88894676464e-24, 1.69801895697e-24, 2.75546037636e-24, 3.54501192931e-24, 1.67296808728e-24, 2.75459105164e-24, 2.63081995891e-24, 4.40651075225e-24, 2.63111420402e-24, 3.45495951267e-24, 3.85355593972e-24, 4.40985394476e-24, 3.85114241978e-24, 2.08830414274e-24, 4.74732587901e-24, 4.38662751313e-24, 4.58412870152e-24, 3.41923279113e-24, 4.64021513416e-24, 3.99274807986e-24, 3.80174000559e-24, 4.90319335539e-24, 5.28772281478e-24, 5.14683146825e-24, 4.58539285112e-24, 5.64791552082e-24, 6.69159072577e-24, 6.52540337102e-24, 6.22335760231e-24, 5.18823562172e-24, 6.22721237112e-24, 4.47345901069e-24],
        "var": [1.81344948942e-05, 8.92511980055e-06, 1.71995111486e-06, 2.35720136743e-07, 7.00164832779e-07, 4.02564666047e-07, 2.1372498793e-07, 9.26211214392e-08, 2.14713182345e-07, 3.61722641173e-07, 5.64469701203e-07, 3.78713480131e-07, 2.13199882637e-07, 2.96353363183e-07, 1.35423718461e-07, 4.60961722126e-08, 9.81372281217e-08, 3.98086221765e-08, 7.73220243389e-09, 6.33274588324e-09, 3.70239883196e-09, 2.09087014369e-09, 3.89228338449e-09, 2.2011066303e-09, 8.48563885825e-10, 3.83066828258e-10, 2.23955728962e-10, 2.42401154704e-10, 1.75954972814e-10, 1.2706050101e-10, 1.32031094391e-10, 9.88675252778e-11, 7.41683173211e-11, 9.2519068795e-11, 9.15799450163e-11, 1.67420313724e-10, 1.6928922153e-10, 1.28696900359e-10, 1.02415402548e-10, 7.20642434615e-11]
    },
    "mfcc": {
        "mean": [-625.006958008, 98.7785491943, 2.79840826988, 10.3741140366, 5.49307250977, 8.42057514191, 6.62353372574, 8.16089439392, 2.80039024353, 7.27087879181, 3.27744865417, 2.79920864105, 1.93748021126],
        "cov": [[9027.31152344, -379.172149658, 68.9551467896, -109.781448364, -145.792526245, 53.3446350098, 5.85579872131, 72.7909698486, 3.06342506409, 79.5371856689, 32.5415039062, -28.4778194427, 18.6490287781], [-379.172149658, 1303.95776367, -126.756523132, 161.807449341, 60.8410339355, 50.141960144, 108.049041748, 39.4154815674, 22.9246940613, 41.955532074, 49.4065246582, -2.11018824577, -3.48539543152], [68.9551467896, -126.756523132, 852.714477539, 224.604187012, 251.777709961, 73.7129669189, 29.2323112488, 73.391960144, 67.8720550537, 5.8003821373, 33.4867897034, 45.4419631958, 20.6958179474], [-109.781448364, 161.807449341, 224.604187012, 486.154418945, 191.760635376, 44.3408813477, 17.4214286804, 48.6009941101, 63.9821891785, -17.2678070068, 12.1850948334, 60.5983085632, 44.4873809814], [-145.792526245, 60.8410339355, 251.777709961, 191.760635376, 289.494415283, 94.7701644897, 45.7789115906, 66.8405685425, 63.6360931396, 27.1941432953, 35.4664611816, 46.7143516541, 28.2526092529], [53.3446350098, 50.141960144, 73.7129669189, 44.3408813477, 94.7701644897, 238.993743896, 137.587310791, 77.9458389282, 52.5515365601, 53.8867683411, 63.0249862671, 19.7696380615, 27.982465744], [5.85579872131, 108.049041748, 29.2323112488, 17.4214286804, 45.7789115906, 137.587310791, 195.165237427, 80.3776397705, 31.8645515442, 54.4385566711, 58.266910553, 25.5877361298, 21.3839893341], [72.7909698486, 39.4154815674, 73.391960144, 48.6009941101, 66.8405685425, 77.9458389282, 80.3776397705, 138.524810791, 78.6844940186, 47.7258415222, 38.1692581177, 28.1807765961, 29.0199489594], [3.06342506409, 22.9246940613, 67.8720550537, 63.9821891785, 63.6360931396, 52.5515365601, 31.8645515442, 78.6844940186, 141.754180908, 62.5524749756, 30.8045425415, 13.8045692444, 19.0135173798], [79.5371856689, 41.955532074, 5.8003821373, -17.2678070068, 27.1941432953, 53.8867683411, 54.4385566711, 47.7258415222, 62.5524749756, 117.917816162, 56.8285179138, 5.87006187439, 10.0830373764], [32.5415039062, 49.4065246582, 33.4867897034, 12.1850948334, 35.4664611816, 63.0249862671, 58.266910553, 38.1692581177, 30.8045425415, 56.8285179138, 99.8800430298, 44.6377639771, 25.097694397], [-28.4778194427, -2.11018824577, 45.4419631958, 60.5983085632, 46.7143516541, 19.7696380615, 25.5877361298, 28.1807765961, 13.8045692444, 5.87006187439, 44.6377639771, 100.010536194, 53.1898231506], [18.6490287781, -3.48539543152, 20.6958179474, 44.4873809814, 28.2526092529, 27.982465744, 21.3839893341, 29.0199489594, 19.0135173798, 10.0830373764, 25.097694397, 53.1898231506, 87.6960296631]],
