{
"lowlevel": {
    "average_loudness": 0.0786281973124,
    "barkbands_crest": {
        "dmean": 2.2319419384,
        "dmean2": 3.49992823601,
        "dvar": 4.41659784317,
        "dvar2": 11.1623363495,
        "max": 26.6519985199,
        "mean": 12.4607658386,
        "median": 11.8076229095,
        "min": 3.2369992733,
        "var": 21.1110897064
    },
    "barkbands_flatness_db": {
        "dmean": 0.0181402415037,
        "dmean2": 0.0271790996194,
        "dvar": 0.000313744996674,
        "dvar2": 0.000653290597256,
        "max": 0.4526489079,
        "mean": 0.189667776227,
        "median": 0.186537995934,
        "min": 0.0185413118452,
        "var": 0.00425140094012
    },
    "barkbands_kurtosis": {
        "dmean": 3.35576653481,
        "dmean2": 5.18544912338,
        "dvar": 58.1430664062,
        "dvar2": 125.442619324,
        "max": 397.596679688,
        "mean": 7.39620542526,
        "median": 3.30429267883,
        "min": -1.9143178463,
        "var": 290.905303955
    },
    "barkbands_skewness": {
        "dmean": 0.487829089165,
        "dmean2": 0.729380369186,
        "dvar": 0.300987571478,
        "dvar2": 0.640638768673,
        "max": 14.9337129593,
        "mean": 1.49854636192,
        "median": 1.37402546406,
        "min": -3.33252120018,
        "var": 2.66397666931
    },
    "barkbands_spread": {
        "dmean": 3.54631900787,
        "dmean2": 5.3179397583,
        "dvar": 48.2934494019,
        "dvar2": 94.6493759155,
        "max": 115.803291321,
        "mean": 13.6008434296,
        "median": 9.91892051697,
        "min": 0.194264441729,
        "var": 182.076507568
    },
    "dissonance": {
        "dmean": 0.0317235402763,
        "dmean2": 0.0536797605455,
        "dvar": 0.000927234184928,
        "dvar2": 0.00258594169281,
        "max": 0.5,
        "mean": 0.429097175598,
        "median": 0.439196825027,
        "min": 0.107130810618,
        "var": 0.00251365615986
    },
    "dynamic_complexity": 5.22155046463,
    "erbbands_crest": {
        "dmean": 2.77253055573,
        "dmean2": 4.33399248123,
        "dvar": 6.96246957779,
        "dvar2": 16.2469139099,
        "max": 33.6645889282,
        "mean": 14.4967164993,
        "median": 12.443110466,
        "min": 2.44476866722,
        "var": 53.0793380737
    },
    "erbbands_flatness_db": {
        "dmean": 0.0174097381532,
        "dmean2": 0.0255847647786,
        "dvar": 0.000287598057184,
        "dvar2": 0.000581616885029,
        "max": 0.471224844456,
        "mean": 0.215214550495,
        "median": 0.216656729579,
        "min": 0.0427278988063,
        "var": 0.00365554611199
    },
    "erbbands_kurtosis": {
        "dmean": 2.27173304558,
        "dmean2": 3.44739794731,
        "dvar": 14.3642511368,
        "dvar2": 28.600320816,
        "max": 159.97984314,
        "mean": 4.68065452576,
        "median": 2.06538724899,
        "min": -1.79353380203,
        "var": 81.6606292725
    },
    "erbbands_skewness": {
        "dmean": 0.428328901529,
        "dmean2": 0.642526447773,
        "dvar": 0.184729501605,
        "dvar2": 0.380908548832,
        "max": 9.61812973022,
        "mean": 1.11943006516,
        "median": 0.995669722557,
        "min": -3.59272766113,
        "var": 1.35017168522
    },
    "erbbands_spread": {
        "dmean": 5.3039598465,
        "dmean2": 8.01460075378,
        "dvar": 71.4455413818,
        "dvar2": 155.12171936,
        "max": 151.217285156,
        "mean": 21.9091434479,
        "median": 17.6127243042,
        "min": 0.524794578552,
        "var": 276.10546875
    },
    "hfc": {
        "dmean": 5.13374042511,
        "dmean2": 7.39489078522,
        "dvar": 170.508026123,
        "dvar2": 346.502685547,
        "max": 340.47869873,
        "mean": 16.8091259003,
        "median": 6.62131071091,
        "min": 1.05733448592e-16,
        "var": 703.313537598
    },
    "melbands_crest": {
        "dmean": 2.64218425751,
        "dmean2": 4.17436742783,
        "dvar": 6.48827123642,
        "dvar2": 16.6836643219,
        "max": 36.2184104919,
        "mean": 15.7789373398,
        "median": 14.8134679794,
        "min": 1.78124213219,
        "var": 33.409942627
    },
    "melbands_flatness_db": {
        "dmean": 0.019630767405,
        "dmean2": 0.0285221599042,
        "dvar": 0.000433876179159,
        "dvar2": 0.000843752350193,
        "max": 0.586761116982,
        "mean": 0.260135352612,
        "median": 0.25568112731,
        "min": 0.00388844893314,
        "var": 0.00640650838614
    },
    "melbands_kurtosis": {
        "dmean": 4.57615089417,
        "dmean2": 7.14599609375,
        "dvar": 81.9123382568,
        "dvar2": 185.861022949,
        "max": 264.577301025,
        "mean": 9.96537399292,
        "median": 5.01773548126,
        "min": -1.89073133469,
        "var": 283.889953613
    },
    "melbands_skewness": {
        "dmean": 0.541440963745,
        "dmean2": 0.816854178905,
        "dvar": 0.363058388233,
        "dvar2": 0.78603976965,
        "max": 10.8221139908,
        "mean": 1.8510518074,
        "median": 1.72421681881,
        "min": -2.48013758659,
        "var": 2.56397557259
    },
    "melbands_spread": {
        "dmean": 4.57698774338,
        "dmean2": 6.68487644196,
        "dvar": 117.894432068,
        "dvar2": 204.825317383,
        "max": 254.586166382,
        "mean": 18.4609394073,
        "median": 12.6649217606,
        "min": 0.393527179956,
        "var": 567.571411133
    },
    "pitch_salience": {
        "dmean": 0.0547337159514,
        "dmean2": 0.0869343653321,
        "dvar": 0.00279805879109,
        "dvar2": 0.00682945037261,
        "max": 0.953962981701,
        "mean": 0.509799838066,
        "median": 0.512228548527,
        "min": 0.0427469313145,
        "var": 0.0168357081711
    },
    "silence_rate_20dB": {
        "dmean": 0,
        "dmean2": 0,
        "dvar": 0,
        "dvar2": 0,
        "max": 1,
        "mean": 1,
        "median": 1,
        "min": 1,
        "var": 0
    },
    "silence_rate_30dB": {
        "dmean": 0.00751502998173,
        "dmean2": 0.0150319430977,
        "dvar": 0.00745887076482,
        "dvar2": 0.0178125873208,
        "max": 1,
        "mean": 0.987852215767,
        "median": 1,
        "min": 0,
        "var": 0.0119996489957
    },
    "silence_rate_60dB": {
        "dmean": 0.0345691367984,
        "dmean2": 0.069146938622,
        "dvar": 0.0333711616695,
        "dvar2": 0.0758873075247,
        "max": 1,
        "mean": 0.142517223954,
        "median": 0,
        "min": 0,
        "var": 0.122217737138
    },
    "spectral_centroid": {
        "dmean": 145.681854248,
        "dmean2": 214.476715088,
        "dvar": 81912.6015625,
        "dvar2": 137050.484375,
        "max": 12048.0332031,
        "mean": 995.749267578,
        "median": 767.26171875,
        "min": 150.081588745,
        "var": 1038320.4375
    },
    "spectral_complexity": {
        "dmean": 1.88376748562,
        "dmean2": 3.0091445446,
        "dvar": 4.66785812378,
        "dvar2": 9.85722351074,
        "max": 52,
        "mean": 11.7888536453,
        "median": 10,
        "min": 0,
        "var": 48.7366867065
    },
    "spectral_decrease": {
        "dmean": 1.22581533812e-09,
        "dmean2": 1.76120229511e-09,
        "dvar": 5.02004085076e-18,
        "dvar2": 1.00069456734e-17,
        "max": 1.19255146975e-28,
        "mean": -5.10436359846e-09,
        "median": -3.10197090236e-09,
        "min": -6.23705815883e-08,
        "var": 3.4904014221e-17
    },
    "spectral_energy": {
        "dmean": 0.00500262668356,
        "dmean2": 0.00719216279685,
        "dvar": 8.03078946774e-05,
        "dvar2": 0.000159580580657,
        "max": 0.255839198828,
        "mean": 0.020789662376,
        "median": 0.0127494353801,
        "min": 1.00460762277e-20,
        "var": 0.000575761660002
    },
    "spectral_energyband_high": {
        "dmean": 0.000265065027634,
        "dmean2": 0.000392698682845,
        "dvar": 1.57028136982e-06,
        "dvar2": 3.12078032039e-06,
        "max": 0.0335412658751,
        "mean": 0.000531742291059,
        "median": 5.51617158635e-05,
        "min": 7.29202361466e-21,
        "var": 4.32856995758e-06
    },
    "spectral_energyband_low": {
        "dmean": 0.00135948986281,
        "dmean2": 0.0019847524818,
        "dvar": 2.40592889895e-05,
        "dvar2": 5.29487952008e-05,
        "max": 0.074772156775,
        "mean": 0.00459731183946,
        "median": 0.000918700359762,
        "min": 1.23255122486e-23,
        "var": 5.22119371453e-05
    },
    "spectral_energyband_middle_high": {
        "dmean": 0.00243726419285,
        "dmean2": 0.00339546659961,
        "dvar": 4.96893444506e-05,
        "dvar2": 9.11977549549e-05,
        "max": 0.241807162762,
        "mean": 0.00770716136321,
        "median": 0.00138492102269,
        "min": 1.08395637706e-21,
        "var": 0.000352755072527
    },
    "spectral_energyband_middle_low": {
        "dmean": 0.00261620269157,
        "dmean2": 0.00412136316299,
        "dvar": 2.64637346845e-05,
        "dvar2": 6.96386341588e-05,
        "max": 0.0980721488595,
        "mean": 0.00841660331935,
        "median": 0.0051844813861,
        "min": 1.81601687372e-22,
        "var": 9.40516620176e-05
    },
    "spectral_entropy": {
        "dmean": 0.161880105734,
        "dmean2": 0.238535493612,
        "dvar": 0.0314885415137,
        "dvar2": 0.0599111132324,
        "max": 9.82409191132,
        "mean": 7.00901842117,
        "median": 6.9544506073,
        "min": 4.64579725266,
        "var": 0.422304749489
    },
    "spectral_flux": {
        "dmean": 0.0152511149645,
        "dmean2": 0.0245868619531,
        "dvar": 0.000458337046439,
        "dvar2": 0.000958209799137,
        "max": 0.308507174253,
        "mean": 0.0528269149363,
        "median": 0.0435326136649,
        "min": 6.41693295722e-11,
        "var": 0.00164016755298
    },
    "spectral_kurtosis": {
        "dmean": 3.11473178864,
        "dmean2": 5.24764633179,
        "dvar": 19.1450157166,
        "dvar2": 54.3218421936,
        "max": 89.8003463745,
        "mean": 10.3730888367,
        "median": 7.96484947205,
        "min": -1.33663725853,
        "var": 80.6035385132
    },
    "spectral_rms": {
        "dmean": 0.000467438978376,
        "dmean2": 0.000678589276504,
        "dvar": 3.59596839417e-07,
        "dvar2": 7.32888508992e-07,
        "max": 0.0157987102866,
        "mean": 0.00391339184716,
        "median": 0.00352682196535,
        "min": 3.13066282967e-12,
        "var": 4.96796428706e-06
    },
    "spectral_rolloff": {
        "dmean": 294.749053955,
        "dmean2": 495.110137939,
        "dvar": 1072418.25,
        "dvar2": 2255409,
        "max": 19509.0820312,
        "mean": 1269.43945312,
        "median": 732.12890625,
        "min": 64.599609375,
        "var": 4616047
    },
    "spectral_skewness": {
        "dmean": 0.299112170935,
        "dmean2": 0.484620600939,
        "dvar": 0.106166794896,
        "dvar2": 0.272141605616,
        "max": 7.11613988876,
        "mean": 2.34961628914,
        "median": 2.23010468483,
        "min": -0.300345867872,
        "var": 0.78219974041
    },
    "spectral_spread": {
        "dmean": 513558.96875,
        "dmean2": 766376.375,
        "dvar": 1.14207188582e+12,
        "dvar2": 2.1854247977e+12,
        "max": 43539892,
        "mean": 4141967.25,
        "median": 3627902.75,
        "min": 852412.9375,
        "var": 1.28273413571e+13
    },
    "spectral_strongpeak": {
        "dmean": 0.545617699623,
        "dmean2": 0.879356563091,
        "dvar": 1.0507787466,
        "dvar2": 2.53938817978,
        "max": 16.9087963104,
        "mean": 1.613976717,
        "median": 0.665276110172,
        "min": 0,
        "var": 5.15565252304
    },
    "zerocrossingrate": {
        "dmean": 0.00783898122609,
        "dmean2": 0.00889799743891,
        "dvar": 0.00033929181518,
        "dvar2": 0.000357874610927,
        "max": 0.6826171875,
        "mean": 0.0500436611474,
        "median": 0.03662109375,
        "min": 0.001953125,
        "var": 0.00357681559399
    },
    "barkbands": {
        "dmean": [4.91332029924e-05, 0.000800081703346, 0.000781783950515, 0.000509044795763, 0.000908643007278, 0.000628558453172, 0.000328936905134, 0.000443243130576, 0.000990283791907, 0.00113876350224, 0.00118459935766, 0.000225144729484, 0.000224821298616, 0.000118116062367, 0.000133805922815, 7.49132668716e-05, 7.16109934729e-05, 6.02311229159e-05, 4.92921935802e-05, 4.4207143219e-05, 2.91825635941e-05, 2.91798151011e-05, 4.85686905449e-05, 8.93367032404e-05, 7.13798217475e-05, 1.93663927348e-05, 8.03768580226e-06],
        "dmean2": [7.79458932811e-05, 0.00121624802705, 0.00134115549736, 0.000913867494091, 0.00147796224337, 0.00099196319934, 0.000483417126816, 0.000653530762065, 0.00144665886182, 0.00157677324023, 0.00161516398657, 0.00036569396616, 0.000364312058082, 0.000191368177184, 0.000218023938942, 0.000121307042718, 0.000115151473437, 9.63805869105e-05, 7.53081258154e-05, 6.9857291237e-05, 4.51165724371e-05, 4.26179722126e-05, 7.23053526599e-05, 0.000131401524413, 0.000109031927423, 2.98528830172e-05, 1.22621022456e-05],
        "dvar": [2.32633325936e-08, 7.15508122084e-06, 1.61386906257e-05, 7.37201617085e-06, 4.11997962146e-06, 1.9542519567e-06, 4.95204631079e-07, 1.60488752954e-06, 7.26229382053e-06, 2.2999718567e-05, 2.08532965189e-05, 1.50831294832e-06, 8.45259251037e-07, 1.61849925462e-07, 1.28891642248e-07, 6.45773070573e-08, 4.46389911701e-08, 6.15368733747e-08, 3.05199634454e-08, 2.32155272784e-08, 1.74242007489e-08, 1.8934779078e-08, 4.8134626951e-08, 2.91605999791e-07, 2.54025621871e-07, 1.94171523304e-08, 4.48079529036e-09],
        "dvar2": [5.43792673113e-08, 1.47822156578e-05, 4.39547511633e-05, 2.16590196942e-05, 1.13241803774e-05, 4.96869961353e-06, 1.06385209619e-06, 3.3681228615e-06, 1.57522590598e-05, 4.02944679081e-05, 3.72884642275e-05, 4.007579264e-06, 2.1318137442e-06, 4.05943183068e-07, 3.42957065413e-07, 1.56077007318e-07, 1.07196129306e-07, 1.39635773166e-07, 6.01053997684e-08, 5.09865216713e-08, 3.59535476946e-08, 3.77746012248e-08, 9.80598642286e-08, 5.82992413456e-07, 5.98806309426e-07, 4.76403521077e-08, 1.15169056514e-08],
        "max": [0.00573601061478, 0.0331395529211, 0.0532364472747, 0.0422185063362, 0.0519330948591, 0.0291231181473, 0.024556292221, 0.0313467495143, 0.0935838371515, 0.236817359924, 0.128909379244, 0.0453494414687, 0.0377954356372, 0.0146744959056, 0.00977626163512, 0.00659634033218, 0.00605977186933, 0.0140807898715, 0.00684457086027, 0.00554565433413, 0.00617094524205, 0.00648102164268, 0.00584744988009, 0.0141931893304, 0.0185516793281, 0.00455940701067, 0.0031730690971],
        "mean": [0.000240849942202, 0.00309319258668, 0.000916596560273, 0.000678402779158, 0.00194847094826, 0.00142659584526, 0.000738297705539, 0.000919055426493, 0.0025120805949, 0.0031625404954, 0.00289989681914, 0.00038339314051, 0.000397705211071, 0.000183984462637, 0.000231190773775, 0.000139470721479, 0.000135861206218, 0.000111214023491, 9.90334228845e-05, 9.65365834418e-05, 5.44257891306e-05, 5.05684765812e-05, 8.39142376208e-05, 0.000151081534568, 9.5223862445e-05, 2.90195166599e-05, 1.10699938887e-05],
        "median": [4.79446225654e-06, 0.000243940390646, 0.000138855451951, 0.000216009560972, 0.00111563340761, 0.000563750159927, 0.00031033452251, 0.000323179760017, 0.000276735285297, 0.000149182989844, 0.000128333005705, 5.47430499864e-05, 8.13302467577e-05, 3.65004343621e-05, 5.32269987161e-05, 2.84746347461e-05, 3.3374344639e-05, 2.86972681351e-05, 2.04434891202e-05, 1.43208999361e-05, 5.92764081375e-06, 5.18222987012e-06, 4.7020907914e-06, 9.74119848252e-06, 4.26641463491e-06, 2.47874027082e-06, 9.0575770173e-07],
        "min": [3.87332232882e-25, 2.52801402802e-24, 1.72619864622e-24, 2.95160728779e-24, 1.3039810021e-23, 1.91635013588e-23, 9.46334975729e-24, 1.36618907425e-23, 1.8928171529e-23, 2.4740678539e-23, 2.26245844043e-23, 2.37600928794e-23, 2.82089402187e-23, 3.96739764024e-23, 4.5145884828e-23, 5.69032886404e-23, 5.75265392427e-23, 1.03021226808e-22, 1.54711539571e-22, 1.80726771209e-22, 2.3939691895e-22, 3.21643279249e-22, 3.33984900827e-22, 5.6593830498e-22, 8.55197922681e-22, 1.29534939021e-21, 1.92830522824e-21],
        "var": [3.29704050728e-07, 2.1348345399e-05, 1.19030992209e-05, 4.87059014631e-06, 7.89350542618e-06, 5.92853893977e-06, 2.13152929973e-06, 4.26192809755e-06, 5.61247397854e-05, 0.000186851990293, 0.00010345953342, 3.74885303245e-06, 2.29780516747e-06, 2.51539233886e-07, 2.50493314979e-07, 1.89874668877e-07, 1.28192965576e-07, 1.33395346325e-07, 7.8174238638e-08, 5.61750184147e-08, 3.65672150338e-08, 4.13276595168e-08, 1.1793544985e-07, 7.80279833634e-07, 3.87424933024e-07, 2.67207713733e-08, 4.57283189093e-09]
    },
    "erbbands": {
        "dmean": [0.0193245466799, 0.197026744485, 0.769050061703, 1.41421699524, 1.97951257229, 3.55466151237, 5.0905995369, 5.30451440811, 4.40640735626, 5.4767036438, 11.8353681564, 26.8195648193, 14.7866344452, 70.161491394, 19.2485275269, 9.80416107178, 10.2779989243, 6.40071201324, 7.58398151398, 3.89289975166, 3.93224835396, 3.09738016129, 3.3488650322, 2.50546693802, 2.26887273788, 2.06085443497, 1.43823218346, 0.978188991547, 0.997737646103, 1.17075312138, 1.46036541462, 1.81325483322, 1.54986715317, 1.06201934814, 0.359472870827, 0.108778655529, 0.0337746888399, 0.00933643523604, 0.00148445437662, 5.01715003338e-05],
        "dmean2": [0.0292798895389, 0.293517142534, 1.25722324848, 2.53592824936, 3.36478877068, 5.74198579788, 7.79370498657, 8.37658786774, 6.35208892822, 8.12516689301, 17.5362606049, 38.8829078674, 20.9237251282, 95.3915481567, 27.7370052338, 15.8388395309, 16.7301311493, 10.2652931213, 12.3016691208, 6.13530874252, 6.2606844902, 4.83513832092, 5.24576711655, 3.85177969933, 3.4401550293, 3.2871928215, 2.25511336327, 1.46629810333, 1.46733987331, 1.75009691715, 2.18004989624, 2.61750841141, 2.33161091805, 1.65413892269, 0.570592701435, 0.165955349803, 0.053462959826, 0.0146413287148, 0.00224026711658, 7.52062405809e-05],
        "dvar": [0.00279818358831, 0.535425901413, 13.8698453903, 59.0703735352, 57.5008811951, 58.0278663635, 110.28830719, 154.137130737, 87.1324234009, 252.210250854, 914.547546387, 5803.06201172, 1862.34973145, 67316.3671875, 2286.79980469, 3635.70922852, 1657.84106445, 394.166625977, 478.720001221, 94.4054031372, 210.212127686, 79.4038772583, 150.631637573, 77.6092987061, 82.248085022, 44.0022315979, 31.8835945129, 26.0454158783, 21.1489295959, 25.1348361969, 47.026222229, 130.671661377, 93.6826171875, 61.8580780029, 7.76793193817, 0.749975442886, 0.0571005418897, 0.00618316419423, 0.000113747395517, 1.27026652308e-07],
        "dvar2": [0.00749963987619, 1.00463008881, 35.3350105286, 170.787185669, 164.111801147, 161.651153564, 251.596069336, 388.975799561, 181.962997437, 548.617553711, 1972.35461426, 12278.8408203, 3547.85571289, 121391.257812, 4474.26513672, 9762.8671875, 4177.66748047, 960.79107666, 1223.33398438, 228.928359985, 493.192321777, 183.243164062, 330.466674805, 152.5887146, 168.793807983, 94.9801025391, 66.5744247437, 54.9774246216, 42.4699401855, 50.0665435791, 93.5687866211, 248.822158813, 208.822647095, 150.439743042, 19.0493545532, 1.83255124092, 0.139915719628, 0.016725294292, 0.000267440424068, 3.01289276194e-07],
        "max": [1.0435308218, 9.76364421844, 48.8525314331, 112.88180542, 235.948730469, 134.610397339, 186.696548462, 227.983734131, 382.025146484, 483.22845459, 873.680664062, 2731.66333008, 1639.55993652, 9146.26855469, 1160.56005859, 2246.32543945, 1583.07055664, 579.37701416, 811.762207031, 303.481933594, 445.582672119, 241.845809937, 589.693359375, 440.384216309, 376.398834229, 219.998504639, 238.947662354, 239.170135498, 183.800598145, 173.927429199, 203.074951172, 483.246429443, 255.166946411, 263.243774414, 94.9255523682, 33.0629882812, 6.18597650528, 4.04490327835, 0.415412962437, 0.0183872058988],
        "mean": [0.109246812761, 0.612198233604, 1.05782926083, 1.85875844955, 3.52808618546, 7.18897819519, 11.317117691, 11.7765388489, 10.9011335373, 11.9261341095, 26.4584751129, 70.1209411621, 39.281211853, 199.653793335, 46.7955551147, 18.7661075592, 18.9548149109, 11.4214544296, 13.8352613449, 7.61210155487, 8.44177055359, 6.71744632721, 6.78232622147, 5.3207616806, 4.54117059708, 4.78178119659, 3.0366756916, 1.71462523937, 1.74358654022, 2.11149978638, 2.4807035923, 3.08499908447, 2.40719103813, 1.40821635723, 0.476843088865, 0.156189024448, 0.049253500998, 0.0131555851549, 0.00212690862827, 9.13707481232e-05],
        "median": [0.00573924835771, 0.0495865531266, 0.191221565008, 0.604074120522, 1.74930202961, 3.8880853653, 5.0525970459, 4.6243596077, 4.85503101349, 5.31537246704, 10.3515167236, 9.22130870819, 6.54572153091, 7.28102779388, 6.53113126755, 3.28129959106, 4.09666442871, 3.21083569527, 3.3881187439, 2.27254009247, 1.60809135437, 1.7844837904, 1.98014736176, 1.32833147049, 1.05443501472, 0.714639425278, 0.334848731756, 0.189614087343, 0.170748606324, 0.15516795218, 0.141861349344, 0.178740128875, 0.142457172275, 0.0504967160523, 0.0249815899879, 0.0107934968546, 0.00403713993728, 0.00115750101395, 0.000190047925571, 2.48484666372e-05],
        "min": [1.44220169159e-22, 4.55506865927e-22, 1.32921411602e-21, 6.48812280491e-21, 1.72959863326e-20, 2.75157979539e-20, 8.53142774677e-20, 1.70737716927e-19, 1.78710264616e-19, 2.24882465358e-19, 2.1038837402e-19, 4.13901791476e-19, 6.58501735246e-19, 1.01862298333e-18, 1.02751931082e-18, 1.16120152058e-18, 1.60869920093e-18, 2.27312747847e-18, 2.11820089244e-18, 3.15211317202e-18, 4.26062287398e-18, 4.51641400276e-18, 5.61250317423e-18, 8.6474412494e-18, 6.94066820632e-18, 7.1696309727e-18, 1.03433939429e-17, 8.324811032e-18, 1.14022761168e-17, 1.12201301188e-17, 9.14130281668e-18, 1.04685604316e-17, 1.02633013529e-17, 8.2229677278e-18, 6.38155325565e-18, 3.72645486341e-18, 1.93573415509e-18, 9.52865329956e-19, 2.53511858443e-19, 2.95580681122e-20],
        "var": [0.0203888919204, 1.30870997906, 12.5803766251, 38.5922241211, 62.2137565613, 114.605163574, 365.404846191, 463.621490479, 487.268829346, 601.981689453, 2792.79785156, 46040.1328125, 11543.453125, 451899.75, 10915.8974609, 8794.23632812, 4694.33496094, 793.281005859, 940.541137695, 204.227371216, 735.731689453, 275.642944336, 401.32409668, 198.713150024, 191.452774048, 124.938331604, 76.5725021362, 51.3205413818, 47.2024497986, 58.1451797485, 117.180679321, 341.595123291, 208.524032593, 90.8393478394, 9.98388385773, 1.02575695515, 0.0737141594291, 0.00571319134906, 0.000148211358464, 1.67970853227e-07]
    },
    "gfcc": {
        "mean": [-76.7510681152, 99.7559814453, -116.276062012, -7.99535608292, -61.9389953613, -2.00629162788, -35.2723617554, 5.53987455368, -23.1541786194, -4.24515724182, -11.2559165955, -2.14394330978, -7.23498630524],
        "cov": [[18442.5820312, -576.661804199, 135.107254028, 1701.20117188, -36.8301277161, 1601.64831543, 377.757751465, 642.037597656, -260.095062256, 2.80367541313, 12.4051952362, 290.090606689, 152.448730469], [-576.661804199, 3321.51123047, 602.394958496, 531.200012207, 812.831787109, -222.428131104, 336.661956787, -285.796508789, -29.4800376892, -126.263977051, 125.888023376, -73.9591903687, 63.8016624451], [135.107254028, 602.394958496, 1430.01477051, 646.961669922, 345.653808594, 253.792556763, 90.9670333862, -59.7145271301, -66.1717910767, -47.8458938599, 53.8550376892, 22.5018043518, 13.2291679382], [1701.20117188, 531.200012207, 646.961669922, 1052.15405273, 505.758972168, 375.144165039, 320.097595215, 52.7111968994, 37.9269790649, -4.95520687103, 46.6836891174, 63.1114082336, 95.2030639648], [-36.8301277161, 812.831787109, 345.653808594, 505.758972168, 676.690490723, 192.396896362, 312.719573975, 34.7408981323, 53.4890594482, 28.8071880341, 52.8428993225, 45.3180809021, 77.5420913696], [1601.64831543, -222.428131104, 253.792556763, 375.144165039, 192.396896362, 613.1953125, 315.712738037, 175.203292847, 23.148815155, 40.0881919861, 44.8063926697, 67.5354995728, 68.7301025391], [377.757751465, 336.661956787, 90.9670333862, 320.097595215, 312.719573975, 315.712738037, 497.503753662, 122.007865906, 75.5304641724, 38.360370636, 43.3123435974, 66.9882965088, 91.1198272705], [642.037597656, -285.796508789, -59.7145271301, 52.7111968994, 34.7408981323, 175.203292847, 122.007865906, 235.301254272, 92.1702575684, 53.5425643921, 19.3287467957, 44.050743103, 35.8202629089], [-260.095062256, -29.4800376892, -66.1717910767, 37.9269790649, 53.4890594482, 23.148815155, 75.5304641724, 92.1702575684, 216.147705078, 91.1518707275, 21.2714653015, 19.1938858032, 20.3804340363], [2.80367541313, -126.263977051, -47.8458938599, -4.95520687103, 28.8071880341, 40.0881919861, 38.360370636, 53.5425643921, 91.1518707275, 139.480102539, 32.50050354, 25.1216812134, 7.34521770477], [12.4051952362, 125.888023376, 53.8550376892, 46.6836891174, 52.8428993225, 44.8063926697, 43.3123435974, 19.3287467957, 21.2714653015, 32.50050354, 117.335281372, 42.9433174133, 24.7223796844], [290.090606689, -73.9591903687, 22.5018043518, 63.1114082336, 45.3180809021, 67.5354995728, 66.9882965088, 44.050743103, 19.1938858032, 25.1216812134, 42.9433174133, 117.196647644, 56.5402832031], [152.448730469, 63.8016624451, 13.2291679382, 95.2030639648, 77.5420913696, 68.7301025391, 91.1198272705, 35.8202629089, 20.3804340363, 7.34521770477, 24.7223796844, 56.5402832031, 126.553184509]],
        "icov": [[0.000130796310259, -0.000143468656461, 0.000162821670529, -0.000336843018886, 0.000311642390443, -0.000385874154745, 0.000292749638902, -0.000392462621676, 0.000357757235179, -0.000208956567803, 0.000257740932284, -0.000354296411388, 0.000132517554448], [-0.000143468656461, 0.000922199920751, -0.000330710987328, 0.000384167127777, -0.00109753524885, 0.00108098983765, -0.000951752881519, 0.00112177536357, -0.000551067641936, 0.000934466428589, -0.00126566109248, 0.00124973885249, -0.000369951303583], [0.000162821670529, -0.000330710987328, 0.00134273269214, -0.00100563350134, 0.000272795237834, -0.000981557066552, 0.000907096487936, -0.000234539664234, 0.000618919264525, -0.00015470085782, 0.000142068704008, -0.000685607083142, 0.00055379816331], [-0.000336843018886, 0.000384167127777, -0.00100563350134, 0.00299332803115, -0.00179063610267, 0.000276727019809, -0.000904021493625, 0.00131236028392, -0.00142511818558, 0.00109049258754, -0.000441543204943, 0.000758592272177, -0.000794721476268], [0.000311642390443, -0.00109753524885, 0.000272795237834, -0.00179063610267, 0.0044158087112, -0.00102149974555, -0.000144340316183, -0.00139700586442, 0.000991260283627, -0.00169504107907, 0.00117370067164, -0.00137351709418, 0.000167999765836], [-0.000385874154745, 0.00108098983765, -0.000981557066552, 0.000276727019809, -0.00102149974555, 0.00523448269814, -0.00305914552882, -0.000347232824424, 0.000165385441505, 0.000360690959496, -0.00178366282489, 0.00176875595935, -0.000591080170125], [0.000292749638902, -0.000951752881519, 0.000907096487936, -0.000904021493625, -0.000144340316183, -0.00305914552882, 0.00554317003116, -0.00170546351001, 0.000138706614962, -0.000584776164033, 0.00132359191775, -0.00188639760017, -0.000450337305665], [-0.000392462621676, 0.00112177536357, -0.000234539664234, 0.00131236028392, -0.00139700586442, -0.000347232824424, -0.00170546351001, 0.00903823133558, -0.00381330843084, 0.0011167404009, -0.00134284025989, 0.000596956466325, -0.000796317588538], [0.000357757235179, -0.000551067641936, 0.000618919264525, -0.00142511818558, 0.000991260283627, 0.000165385441505, 0.000138706614962, -0.00381330843084, 0.0088208662346, -0.00506367906928, 0.000844984024297, -0.000386564061046, 1.75248169398e-05], [-0.000208956567803, 0.000934466428589, -0.00015470085782, 0.00109049258754, -0.00169504107907, 0.000360690959496, -0.000584776164033, 0.0011167404009, -0.00506367906928, 0.0120079405606, -0.00324691156857, 3.82573307434e-05, 0.000659800018184], [0.000257740932284, -0.00126566109248, 0.000142068704008, -0.000441543204943, 0.00117370067164, -0.00178366282489, 0.00132359191775, -0.00134284025989, 0.000844984024297, -0.00324691156857, 0.0123754963279, -0.00496533373371, 0.000174702523509], [-0.000354296411388, 0.00124973885249, -0.000685607083142, 0.000758592272177, -0.00137351709418, 0.00176875595935, -0.00188639760017, 0.000596956466325, -0.000386564061046, 3.82573307434e-05, -0.00496533373371, 0.014643471688, -0.00514427060261], [0.000132517554448, -0.000369951303583, 0.00055379816331, -0.000794721476268, 0.000167999765836, -0.000591080170125, -0.000450337305665, -0.000796317588538, 1.75248169398e-05, 0.000659800018184, 0.000174702523509, -0.00514427060261, 0.0114594334736]]
    },
    "melbands": {
        "dmean": [0.00019522702496, 0.000327228888636, 0.000249884615187, 0.000192491250345, 0.000171747538843, 0.000114534013846, 6.88311483827e-05, 6.50650981697e-05, 0.000115193339298, 0.000161959746038, 7.05047496012e-05, 0.000282461929601, 9.63711572695e-05, 2.81586981146e-05, 2.14060564758e-05, 2.43876766035e-05, 1.15371649372e-05, 1.27637758851e-05, 8.08262575447e-06, 5.38175982001e-06, 4.944457487e-06, 3.52200254383e-06, 3.88059879697e-06, 2.75779007097e-06, 2.17885417442e-06, 1.90754440155e-06, 1.54047722845e-06, 1.50735513671e-06, 1.10925338959e-06, 7.23365019439e-07, 5.6408225646e-07, 5.79017012114e-07, 6.44417184503e-07, 7.04348451563e-07, 8.20891045805e-07, 1.05669630557e-06, 1.24333428175e-06, 1.15172451842e-06, 1.08653421194e-06, 8.94347351732e-07],
        "dmean2": [0.000293269375106, 0.000484422518639, 0.000439203926362, 0.000313351425575, 0.000268987379968, 0.000181434996193, 9.94123984128e-05, 9.69401735347e-05, 0.000173502558027, 0.000233225640841, 0.000100705110526, 0.000385070015909, 0.000135116395541, 4.48161663371e-05, 3.38634672516e-05, 3.95873612433e-05, 1.86053330253e-05, 2.05786473089e-05, 1.32114191729e-05, 8.63975401444e-06, 7.89586465544e-06, 5.57430303161e-06, 6.27827876087e-06, 4.42345572083e-06, 3.38886161444e-06, 2.89686249744e-06, 2.37346921494e-06, 2.43344379669e-06, 1.76388061846e-06, 1.10507312456e-06, 8.71639883826e-07, 8.70201233738e-07, 9.61254841059e-07, 1.09076120225e-06, 1.22229300814e-06, 1.59384683229e-06, 1.78377297289e-06, 1.75440050043e-06, 1.67017628883e-06, 1.38497114222e-06],
        "dvar": [3.13427790388e-07, 1.963470595e-06, 1.60993363352e-06, 2.41486361574e-07, 1.10960158395e-07, 6.87247236897e-08, 2.02934398175e-08, 3.69302917136e-08, 8.11487481656e-08, 2.16371276451e-07, 5.41953504296e-08, 1.09790744318e-06, 9.24860117379e-08, 1.61486326533e-08, 9.03162256094e-09, 1.39633815621e-08, 1.29164390295e-09, 1.55847557082e-09, 4.928930597e-10, 2.2006427236e-10, 3.19731296994e-10, 1.15185777583e-10, 1.5529137698e-10, 1.66415367597e-10, 5.40977540542e-11, 5.64529568925e-11, 5.28531836352e-11, 2.08530259033e-11, 1.54730672719e-11, 1.39714498651e-11, 8.43813734164e-12, 7.59575909115e-12, 8.90802622638e-12, 9.07406441653e-12, 1.38895535698e-11, 3.59769505853e-11, 7.00728225445e-11, 5.31610935828e-11, 5.64695304406e-11, 4.81653675277e-11],
        "dvar2": [7.05543868662e-07, 4.37953940491e-06, 4.61622039438e-06, 6.81789913415e-07, 2.63358060693e-07, 1.75954895099e-07, 4.22359818231e-08, 7.84761482464e-08, 1.81368392305e-07, 4.47078718935e-07, 1.03454311784e-07, 1.97002168534e-06, 1.71426535189e-07, 4.25158752648e-08, 2.25568683732e-08, 3.48894957369e-08, 3.16029047376e-09, 3.92377241809e-09, 1.27311261533e-09, 5.31867050402e-10, 7.35873251223e-10, 2.65317379178e-10, 3.80373205155e-10, 3.8254882595e-10, 1.08743701543e-10, 1.11630295285e-10, 1.28281593681e-10, 4.83273872309e-11, 3.4329823706e-11, 2.91966902044e-11, 1.82970028018e-11, 1.61365382861e-11, 1.89306053472e-11, 1.9144871452e-11, 2.78852513996e-11, 7.75878875037e-11, 1.43748624115e-10, 1.20482124277e-10, 1.37065470085e-10, 1.1790220189e-10],
        "max": [0.0072256186977, 0.0198733732104, 0.0187476761639, 0.0126379225403, 0.00505859963596, 0.00513137271628, 0.0057703028433, 0.00502862595022, 0.006975046359, 0.0184496697038, 0.009132550098, 0.0401491262019, 0.00836581084877, 0.00526076229289, 0.00302434852347, 0.00508409738541, 0.00100959173869, 0.00178052927367, 0.00077923736535, 0.000354077172233, 0.000539489788935, 0.000268955598585, 0.000373145798221, 0.000814106140751, 0.000311724608764, 0.00032971019391, 0.000312232994474, 0.000134920759592, 0.000184548611287, 0.000173182212166, 0.000139030162245, 0.000110615968879, 0.000115465802082, 9.50213798205e-05, 0.000109601620352, 0.00021945455228, 0.000361782120308, 0.00021016151004, 0.00024404200667, 0.000269422656856],
        "mean": [0.0009250054718, 0.00065128179267, 0.00035843544174, 0.000384801533073, 0.000393414695282, 0.000254765793215, 0.000163727265317, 0.000137633804115, 0.000248018739512, 0.00042191677494, 0.000174046741449, 0.000804104434792, 0.000231053505559, 4.98159934068e-05, 3.75605195586e-05, 4.17886803916e-05, 1.82487492566e-05, 2.19827488763e-05, 1.37852730404e-05, 9.53130074777e-06, 9.92119657894e-06, 6.89334092385e-06, 7.40147424949e-06, 4.94308551424e-06, 4.24280096922e-06, 3.49883021045e-06, 2.82474343294e-06, 3.36804396284e-06, 2.25690018851e-06, 1.17739682537e-06, 9.10577341529e-07, 9.5526070254e-07, 1.03236573068e-06, 1.24682253499e-06, 1.37947438361e-06, 1.58885052315e-06, 2.02184082809e-06, 1.7331909703e-06, 1.51495635237e-06, 1.07514961201e-06],
        "median": [6.10457864241e-05, 0.000114508555271, 0.000148995648487, 0.000214379077079, 0.000196325054276, 9.99853000394e-05, 7.09473024472e-05, 5.86016612942e-05, 8.19317574496e-05, 4.49581166322e-05, 2.04230691452e-05, 2.31372105191e-05, 1.88557969523e-05, 9.60625493462e-06, 6.12952089796e-06, 8.14119994175e-06, 4.0743552745e-06, 4.98902682011e-06, 3.09479446514e-06, 2.33017112805e-06, 1.60775175573e-06, 1.67014218277e-06, 1.88156445802e-06, 1.26706618175e-06, 8.58622911437e-07, 6.80609332449e-07, 5.49299784325e-07, 4.03316818165e-07, 2.21645095166e-07, 1.24090178133e-07, 8.62986269112e-08, 8.61347189129e-08, 9.75621645694e-08, 6.96285269441e-08, 6.80415794818e-08, 8.27678334758e-08, 1.07371690206e-07, 1.00505054945e-07, 5.64679503157e-08, 2.85224146523e-08],
        "min": [2.04045045972e-24, 1.07051491535e-24, 1.40025522386e-24, 2.47730624624e-24, 3.15155256447e-24, 4.16514376994e-24, 2.97812307218e-24, 2.91882203135e-24, 1.38801565249e-24, 2.93724153906e-24, 3.25858836753e-24, 3.59433309082e-24, 3.15348448483e-24, 3.20909740371e-24, 2.11172404251e-24, 4.27766333959e-24, 4.17679840095e-24, 2.92410384954e-24, 2.82717197417e-24, 4.3583626269e-24, 4.38266664253e-24, 3.83222474641e-24, 4.44080016922e-24, 4.65117320099e-24, 6.18971071255e-24, 4.89405519067e-24, 4.74429823085e-24, 3.00468618822e-24, 5.92725550609e-24, 5.18951594297e-24, 4.36036672803e-24, 5.66946286201e-24, 5.48790534138e-24, 6.12137484777e-24, 5.23959322766e-24, 5.20521309169e-24, 4.74037443671e-24, 6.25885437089e-24, 6.03747160189e-24, 6.06674465236e-24],
        "var": [1.49162792695e-06, 2.66338770416e-06, 1.12423265364e-06, 3.70493836499e-07, 3.5832164258e-07, 2.08766152809e-07, 1.09759113798e-07, 9.07631019231e-08, 2.79300849115e-07, 1.84079488008e-06, 3.34105806132e-07, 7.69344023865e-06, 4.43629261326e-07, 4.12161007546e-08, 2.12539514877e-08, 3.45177255667e-08, 2.27170082745e-09, 2.70711475459e-09, 8.46744230287e-10, 5.56124701845e-10, 1.05569675224e-09, 3.40303646373e-10, 4.64133564915e-10, 2.99140934246e-10, 1.34450242606e-10, 1.32714311762e-10, 8.80052697383e-11, 6.48076176057e-11, 3.94802593395e-11, 2.44078056377e-11, 1.65402622154e-11, 1.55881575009e-11, 1.66904198795e-11, 1.98309164229e-11, 3.4790316461e-11, 7.33940755393e-11, 1.64869201624e-10, 1.11662554203e-10, 9.731166567e-11, 6.11755715529e-11]
    },
    "mfcc": {
        "mean": [-722.608337402, 144.416427612, -5.52231931686, -1.13090693951, -6.78474521637, -12.4440917969, -4.20822620392, -1.59610235691, -6.43766975403, 1.14472925663, -6.37716197968, -2.40031075478, -4.39693117142],
        "cov": [[10180.6621094, -1177.22790527, 607.53125, 709.072265625, 485.681518555, 990.404296875, 892.569030762, 887.100097656, 344.708099365, 460.585266113, -72.1335754395, -29.7580089569, 210.616043091], [-1177.22790527, 2631.71264648, 225.639404297, 628.096252441, 332.813293457, 158.857162476, 200.626617432, -31.2622146606, -83.1456375122, -94.2520599365, 3.55404543877, -10.697136879, -30.3685073853], [607.53125, 225.639404297, 1072.1295166, 379.663818359, 300.873260498, 277.147613525, 179.175369263, 91.4659576416, -38.7661590576, -15.789689064, -37.9511909485, 7.23501634598, -17.0283374786], [709.072265625, 628.096252441, 379.663818359, 853.115966797, 379.593292236, 357.408508301, 261.039886475, 171.703689575, 101.734443665, 34.317741394, -30.7120780945, 30.5264854431, 73.8824539185], [485.681518555, 332.813293457, 300.873260498, 379.593292236, 424.142669678, 226.568695068, 180.786407471, 103.647270203, 47.4049453735, 43.1836891174, -8.21622943878, 17.349395752, 33.7983360291], [990.404296875, 158.857162476, 277.147613525, 357.408508301, 226.568695068, 499.221923828, 335.355895996, 225.709655762, 143.494750977, 102.291130066, 25.1241531372, 13.3219900131, 80.3704147339], [892.569030762, 200.626617432, 179.175369263, 261.039886475, 180.786407471, 335.355895996, 436.713317871, 231.783050537, 117.039024353, 73.788192749, 25.5524578094, -21.3213024139, 54.9723396301], [887.100097656, -31.2622146606, 91.4659576416, 171.703689575, 103.647270203, 225.709655762, 231.783050537, 287.731567383, 135.617355347, 101.773681641, 30.5244731903, 14.6344766617, 57.9022140503], [344.708099365, -83.1456375122, -38.7661590576, 101.734443665, 47.4049453735, 143.494750977, 117.039024353, 135.617355347, 239.347229004, 106.406806946, 51.5908927917, 31.0290088654, 62.0431900024], [460.585266113, -94.2520599365, -15.789689064, 34.317741394, 43.1836891174, 102.291130066, 73.788192749, 101.773681641, 106.406806946, 168.841766357, 63.3977394104, 28.2242965698, 32.7430534363], [-72.1335754395, 3.55404543877, -37.9511909485, -30.7120780945, -8.21622943878, 25.1241531372, 25.5524578094, 30.5244731903, 51.5908927917, 63.3977394104, 161.518280029, 49.6239852905, 6.84989070892], [-29.7580089569, -10.697136879, 7.23501634598, 30.5264854431, 17.349395752, 13.3219900131, -21.3213024139, 14.6344766617, 31.0290088654, 28.2242965698, 49.6239852905, 127.949485779, 51.1060256958], [210.616043091, -30.3685073853, -17.0283374786, 73.8824539185, 33.7983360291, 80.3704147339, 54.9723396301, 57.9022140503, 62.0431900024, 32.7430534363, 6.84989070892, 51.1060256958, 129.398025513]],
