{
"lowlevel": {
    "average_loudness": 0.90960496664,
    "barkbands_crest": {
        "dmean": 2.48237252235,
        "dmean2": 3.76200294495,
        "dvar": 7.13477563858,
        "dvar2": 14.9615573883,
        "max": 26.5619792938,
        "mean": 12.6391096115,
        "median": 11.5826368332,
        "min": 2.11406087875,
        "var": 32.7114982605
    },
    "barkbands_flatness_db": {
        "dmean": 0.0215883683413,
        "dmean2": 0.0296488590539,
        "dvar": 0.00058045622427,
        "dvar2": 0.000954205228481,
        "max": 0.550006091595,
        "mean": 0.150944650173,
        "median": 0.129352211952,
        "min": 0.0169362798333,
        "var": 0.00619251281023
    },
    "barkbands_kurtosis": {
        "dmean": 5.76180887222,
        "dmean2": 8.10649776459,
        "dvar": 400.40802002,
        "dvar2": 802.256774902,
        "max": 704.162780762,
        "mean": 10.6163492203,
        "median": 1.80854225159,
        "min": -1.93716275692,
        "var": 1027.95703125
    },
    "barkbands_skewness": {
        "dmean": 0.633537828922,
        "dmean2": 0.872769773006,
        "dvar": 0.749955832958,
        "dvar2": 1.3388184309,
        "max": 22.4109077454,
        "mean": 1.96144890785,
        "median": 1.37198400497,
        "min": -4.47039270401,
        "var": 4.60576248169
    },
    "barkbands_spread": {
        "dmean": 5.21751689911,
        "dmean2": 7.47473144531,
        "dvar": 41.9664230347,
        "dvar2": 80.9979019165,
        "max": 103.415718079,
        "mean": 23.2629718781,
        "median": 21.7559490204,
        "min": 0.204860508442,
        "var": 248.387588501
    },
    "dissonance": {
        "dmean": 0.021148910746,
        "dmean2": 0.036307387054,
        "dvar": 0.000497035100125,
        "dvar2": 0.00137470941991,
        "max": 0.500000119209,
        "mean": 0.465423285961,
        "median": 0.474437505007,
        "min": 0.199044600129,
        "var": 0.00105763354804
    },
    "dynamic_complexity": 3.09780216217,
    "erbbands_crest": {
        "dmean": 2.98038768768,
        "dmean2": 4.92711830139,
        "dvar": 7.58914756775,
        "dvar2": 19.1862258911,
        "max": 32.0102500916,
        "mean": 9.72294425964,
        "median": 8.66801548004,
        "min": 2.41846513748,
        "var": 21.8809146881
    },
    "erbbands_flatness_db": {
        "dmean": 0.0166104640812,
        "dmean2": 0.0244433972985,
        "dvar": 0.000255433755228,
        "dvar2": 0.0005030996399,
        "max": 0.4487657547,
        "mean": 0.152815371752,
        "median": 0.140150383115,
        "min": 0.0397363118827,
        "var": 0.003429178847
    },
    "erbbands_kurtosis": {
        "dmean": 1.02104997635,
        "dmean2": 1.63057732582,
        "dvar": 2.5057053566,
        "dvar2": 5.56436634064,
        "max": 94.408416748,
        "mean": 0.980019807816,
        "median": 0.364446520805,
        "min": -1.84591507912,
        "var": 7.32731866837
    },
    "erbbands_skewness": {
        "dmean": 0.350629389286,
        "dmean2": 0.541331112385,
        "dvar": 0.104419194162,
        "dvar2": 0.245368719101,
        "max": 7.43504524231,
        "mean": 0.428981035948,
        "median": 0.363497495651,
        "min": -3.05183625221,
        "var": 0.506803691387
    },
    "erbbands_spread": {
        "dmean": 7.60767269135,
        "dmean2": 11.5854721069,
        "dvar": 72.1139602661,
        "dvar2": 151.642379761,
        "max": 187.692977905,
        "mean": 34.9991188049,
        "median": 32.7363128662,
        "min": 1.47372961044,
        "var": 302.583770752
    },
    "hfc": {
        "dmean": 7.93487691879,
        "dmean2": 11.4413108826,
        "dvar": 109.420570374,
        "dvar2": 235.244842529,
        "max": 209.609558105,
        "mean": 31.0445098877,
        "median": 24.4937858582,
        "min": 1.06607024111e-16,
        "var": 683.707336426
    },
    "melbands_crest": {
        "dmean": 2.97821164131,
        "dmean2": 4.32235622406,
        "dvar": 9.37851524353,
        "dvar2": 17.6010150909,
        "max": 35.786190033,
        "mean": 17.9752655029,
        "median": 17.497209549,
        "min": 1.59913635254,
        "var": 50.9615287781
    },
    "melbands_flatness_db": {
        "dmean": 0.0253125391901,
        "dmean2": 0.0335602536798,
        "dvar": 0.000840656866785,
        "dvar2": 0.00131459126715,
        "max": 0.719213843346,
        "mean": 0.219467297196,
        "median": 0.201866567135,
        "min": 0.00366827775724,
        "var": 0.0104202935472
    },
    "melbands_kurtosis": {
        "dmean": 10.8699483871,
        "dmean2": 15.2228870392,
        "dvar": 648.257568359,
        "dvar2": 1127.37207031,
        "max": 1065.68029785,
        "mean": 22.4503154755,
        "median": 6.78293180466,
        "min": -1.78716242313,
        "var": 2088.81420898
    },
    "melbands_skewness": {
        "dmean": 0.840496182442,
        "dmean2": 1.18756580353,
        "dvar": 0.940992534161,
        "dvar2": 1.61923193932,
        "max": 28.2769107819,
        "mean": 3.06534457207,
        "median": 2.35467100143,
        "min": -1.27379238605,
        "var": 5.77614974976
    },
    "melbands_spread": {
        "dmean": 6.41272640228,
        "dmean2": 9.3082742691,
        "dvar": 79.4941864014,
        "dvar2": 158.484420776,
        "max": 231.884811401,
        "mean": 25.2098674774,
        "median": 20.0164718628,
        "min": 0.268722653389,
        "var": 513.392822266
    },
    "pitch_salience": {
        "dmean": 0.0674169883132,
        "dmean2": 0.10236646235,
        "dvar": 0.00462637422606,
        "dvar2": 0.00929981376976,
        "max": 0.936268985271,
        "mean": 0.475091040134,
        "median": 0.488800495863,
        "min": 0.0382401943207,
        "var": 0.0229688491672
    },
    "silence_rate_20dB": {
        "dmean": 0,
        "dmean2": 0,
        "dvar": 0,
        "dvar2": 0,
        "max": 1,
        "mean": 1,
        "median": 1,
        "min": 1,
        "var": 0
    },
    "silence_rate_30dB": {
        "dmean": 0.0507042258978,
        "dmean2": 0.101422056556,
        "dvar": 0.0481291599572,
        "dvar2": 0.0914068743587,
        "max": 1,
        "mean": 0.919259667397,
        "median": 1,
        "min": 0,
        "var": 0.074224665761
    },
    "silence_rate_60dB": {
        "dmean": 0.00429242104292,
        "dmean2": 0.00858599413186,
        "dvar": 0.00427438225597,
        "dvar2": 0.00958442967385,
        "max": 1,
        "mean": 0.0292381979525,
        "median": 0,
        "min": 0,
        "var": 0.028382981196
    },
    "spectral_centroid": {
        "dmean": 233.019287109,
        "dmean2": 345.768310547,
        "dvar": 89916.109375,
        "dvar2": 172821.015625,
        "max": 11640.9638672,
        "mean": 1524.52026367,
        "median": 1434.27880859,
        "min": 124.962989807,
        "var": 1360881.125
    },
    "spectral_complexity": {
        "dmean": 3.43688797951,
        "dmean2": 5.27609348297,
        "dvar": 13.6231679916,
        "dvar2": 29.1394557953,
        "max": 56,
        "mean": 21.2082881927,
        "median": 21,
        "min": 0,
        "var": 125.349121094
    },
    "spectral_decrease": {
        "dmean": 3.36535976864e-09,
        "dmean2": 4.81636330818e-09,
        "dvar": 3.38354292185e-17,
        "dvar2": 6.32392019093e-17,
        "max": 2.107851361e-28,
        "mean": -1.15012364077e-08,
        "median": -9.38089694813e-09,
        "min": -6.49069420433e-08,
        "var": 9.22935371134e-17
    },
    "spectral_energy": {
        "dmean": 0.0131690017879,
        "dmean2": 0.0188876390457,
        "dvar": 0.00049069407396,
        "dvar2": 0.00092153379228,
        "max": 0.247159168124,
        "mean": 0.0462241433561,
        "median": 0.0385482348502,
        "min": 9.82673442489e-21,
        "var": 0.00135938485619
    },
    "spectral_energyband_high": {
        "dmean": 0.000497086206451,
        "dmean2": 0.000668712833431,
        "dvar": 8.43091470415e-07,
        "dvar2": 1.57791760103e-06,
        "max": 0.0220234431326,
        "mean": 0.00166109099519,
        "median": 0.000826707982924,
        "min": 6.73348242683e-21,
        "var": 4.84469819639e-06
    },
    "spectral_energyband_low": {
        "dmean": 0.00993676111102,
        "dmean2": 0.0135166142136,
        "dvar": 0.000495720480103,
        "dvar2": 0.000923467276152,
        "max": 0.241387024522,
        "mean": 0.027827732265,
        "median": 0.0182527825236,
        "min": 1.86360800017e-23,
        "var": 0.00126289448235
    },
    "spectral_energyband_middle_high": {
        "dmean": 0.0032529332675,
        "dmean2": 0.00503942556679,
        "dvar": 2.318323277e-05,
        "dvar2": 5.92378601141e-05,
        "max": 0.0879713520408,
        "mean": 0.00908851344138,
        "median": 0.00616324320436,
        "min": 1.24979326615e-21,
        "var": 9.04342668946e-05
    },
    "spectral_energyband_middle_low": {
        "dmean": 0.00418870523572,
        "dmean2": 0.00691745104268,
        "dvar": 4.72729443572e-05,
        "dvar2": 0.000127503852127,
        "max": 0.133830800653,
        "mean": 0.00871635694057,
        "median": 0.00626577716321,
        "min": 1.86935283238e-22,
        "var": 7.15483838576e-05
    },
    "spectral_entropy": {
        "dmean": 0.148164823651,
        "dmean2": 0.215097993612,
        "dvar": 0.0298003982753,
        "dvar2": 0.0557595975697,
        "max": 9.82664299011,
        "mean": 7.65954399109,
        "median": 7.81546211243,
        "min": 4.94113254547,
        "var": 0.349656403065
    },
    "spectral_flux": {
        "dmean": 0.0312450435013,
        "dmean2": 0.0470671281219,
        "dvar": 0.00197978341021,
        "dvar2": 0.00343927065842,
        "max": 0.464487910271,
        "mean": 0.100231528282,
        "median": 0.0909003019333,
        "min": 6.394181018e-11,
        "var": 0.00439753290266
    },
    "spectral_kurtosis": {
        "dmean": 1.83646976948,
        "dmean2": 2.97193050385,
        "dvar": 24.5692119598,
        "dvar2": 69.2333755493,
        "max": 161.997848511,
        "mean": 5.68741846085,
        "median": 3.32372403145,
        "min": -1.46749734879,
        "var": 119.696861267
    },
    "spectral_rms": {
        "dmean": 0.000868903880473,
        "dmean2": 0.00123890466057,
        "dvar": 1.4098251313e-06,
        "dvar2": 2.54426640822e-06,
        "max": 0.015528390184,
        "mean": 0.00622912310064,
        "median": 0.00613253889605,
        "min": 3.09629752393e-12,
        "var": 6.29496571491e-06
    },
    "spectral_rolloff": {
        "dmean": 441.17364502,
        "dmean2": 695.221801758,
        "dvar": 812097.5,
        "dvar2": 1650259.25,
        "max": 19659.8144531,
        "mean": 1620.31958008,
        "median": 1076.66015625,
        "min": 64.599609375,
        "var": 5374124
    },
    "spectral_skewness": {
        "dmean": 0.21118119359,
        "dmean2": 0.323546797037,
        "dvar": 0.102273531258,
        "dvar2": 0.253129065037,
        "max": 10.4005079269,
        "mean": 1.72615098953,
        "median": 1.54794442654,
        "min": -0.302408456802,
        "var": 0.777043759823
    },
    "spectral_spread": {
        "dmean": 562222.9375,
        "dmean2": 782532.5,
        "dvar": 939511513088,
        "dvar2": 1.62970062029e+12,
        "max": 42211360,
        "mean": 5504927.5,
        "median": 5175113,
        "min": 486082.71875,
        "var": 1.3654915285e+13
    },
    "spectral_strongpeak": {
        "dmean": 0.507485806942,
        "dmean2": 0.875138282776,
        "dvar": 1.28371250629,
        "dvar2": 3.3295674324,
        "max": 22.5328769684,
        "mean": 0.903342425823,
        "median": 0.465751111507,
        "min": 0,
        "var": 1.80972766876
    },
    "zerocrossingrate": {
        "dmean": 0.0106988940388,
        "dmean2": 0.0117056490853,
        "dvar": 0.000231730125961,
        "dvar2": 0.000252499565249,
        "max": 0.6376953125,
        "mean": 0.0647932738066,
        "median": 0.0517578125,
        "min": 0.001953125,
        "var": 0.00389784085564
    },
    "barkbands": {
        "dmean": [0.000506598851644, 0.00913359038532, 0.00308384886011, 0.00134524411988, 0.00100339169148, 0.000570686825085, 0.000814579427242, 0.000942940125242, 0.00109473103657, 0.00114282697905, 0.000738982693292, 0.000693191250321, 0.000891388277523, 0.000700540200341, 0.000567429058719, 0.000409456697525, 0.000161803676747, 0.000191690109205, 0.000181461480679, 0.000153306129505, 0.000163595061167, 0.00011275766883, 0.000131992303068, 8.9238405053e-05, 0.000107475694676, 3.24198699673e-05, 5.09868505105e-06],
        "dmean2": [0.000666209845804, 0.0128750689328, 0.0056652915664, 0.0024305221159, 0.00164423382375, 0.000927469518501, 0.00131466554012, 0.00151767442003, 0.00177493155934, 0.00190063030459, 0.00118449318688, 0.00112891173922, 0.00147574604489, 0.00114036910236, 0.000908805581275, 0.000649871304631, 0.000257370324107, 0.000306399539113, 0.000290929136099, 0.000236947627855, 0.000247852469329, 0.000171460851561, 0.000194104970433, 0.000124505269923, 0.000152982684085, 4.61384261143e-05, 8.10888104752e-06],
        "dvar": [9.8818168226e-07, 0.000506443204358, 0.000134126239573, 2.01196617127e-05, 4.82416089653e-06, 1.58394198024e-06, 2.31473268286e-06, 5.46395403944e-06, 7.66554603615e-06, 8.43030557007e-06, 3.27309021486e-06, 2.42138730755e-06, 4.29235979027e-06, 2.93257130579e-06, 1.79147093604e-06, 1.32519846829e-06, 1.23509920513e-07, 1.41119500086e-07, 9.40012867545e-08, 8.16726313246e-08, 1.22522465063e-07, 4.99933392462e-08, 6.6944188859e-08, 5.07425532703e-08, 6.66304131869e-08, 1.11325126895e-08, 3.18307935565e-10],
        "dvar2": [1.38609118494e-06, 0.00109780393541, 0.000389752211049, 5.80401610932e-05, 1.29502886921e-05, 3.93559957956e-06, 5.64439869777e-06, 1.32384830067e-05, 1.87576333701e-05, 2.255049003e-05, 8.03515195003e-06, 6.37817583993e-06, 1.16136852739e-05, 7.29437215341e-06, 4.27797385782e-06, 3.30472357746e-06, 2.89680997412e-07, 3.51295142309e-07, 2.40828200049e-07, 1.89556899954e-07, 2.57830407691e-07, 1.10518442398e-07, 1.48099559283e-07, 8.73695427117e-08, 1.27618378087e-07, 2.28921610557e-08, 8.07049038709e-10],
        "max": [0.0112290587276, 0.226594597101, 0.107642516494, 0.043101131916, 0.078687146306, 0.0307739078999, 0.0389210283756, 0.0601049698889, 0.0552340745926, 0.0652544647455, 0.0432656258345, 0.0460856258869, 0.0472782552242, 0.0368269272149, 0.0267826709896, 0.0379184596241, 0.0104859964922, 0.00739778578281, 0.00634963950142, 0.00670814001933, 0.00999457668513, 0.00490156002343, 0.00596657209098, 0.00836671330035, 0.0107865612954, 0.00366743933409, 0.000387022417272],
        "mean": [0.00131855299696, 0.0220859143883, 0.00349463080056, 0.00150555523578, 0.00180043652654, 0.000866640126333, 0.00127229944337, 0.00148097239435, 0.00155862222891, 0.00171487010084, 0.00105590652674, 0.00106310925912, 0.00136292097159, 0.00115951837506, 0.000940414145589, 0.000704395235516, 0.000293148477795, 0.000353773066308, 0.000368600711226, 0.000320746796206, 0.000405030790716, 0.000262362649664, 0.000322274136124, 0.000205265474506, 0.000240898472839, 6.06722205703e-05, 6.62623551761e-06],
        "median": [0.00061908736825, 0.0119420401752, 0.00142299639992, 0.000608989386819, 0.000933939532842, 0.000371170404833, 0.000528175849468, 0.000377816701075, 0.000469477439765, 0.000483795534819, 0.000316187477438, 0.000366353895515, 0.000422328652348, 0.000342912622727, 0.000285735237412, 0.000170075451024, 0.00011380424985, 0.000158565424499, 0.000188425183296, 0.0001456750324, 0.000128153085825, 0.000100918761746, 0.000140046176966, 9.09531518118e-05, 0.00011478603119, 1.95860466192e-05, 5.82282723371e-07],
        "min": [2.14943272776e-25, 3.62673476364e-24, 4.42878295801e-25, 5.61725515984e-25, 9.50174361755e-24, 6.20818504609e-24, 7.95111602376e-24, 1.13092164335e-23, 8.58049055319e-24, 1.8217489895e-23, 1.45232653199e-23, 2.7735961308e-23, 4.43686264889e-23, 3.41212696876e-23, 4.676700661e-23, 5.34959711988e-23, 7.49329570647e-23, 9.37945645106e-23, 1.0824283598e-22, 1.64890849231e-22, 2.23129673073e-22, 2.60324300671e-22, 3.15769862711e-22, 6.16749530083e-22, 9.15804048679e-22, 1.18652445061e-21, 1.90209374063e-21],
        "var": [3.2324046515e-06, 0.00101032434031, 7.9770157754e-05, 1.37465940497e-05, 1.03553356894e-05, 2.59132843894e-06, 5.15414376423e-06, 1.23390118461e-05, 1.16194705697e-05, 1.68939914147e-05, 5.35899653187e-06, 4.34689172835e-06, 7.59455679145e-06, 6.53058668831e-06, 3.8438070078e-06, 3.48563685293e-06, 2.89491026706e-07, 3.36709149451e-07, 2.33224270119e-07, 2.38052038526e-07, 6.19300806193e-07, 1.94083781935e-07, 2.39993255491e-07, 1.5998141123e-07, 1.91352185652e-07, 2.16470059655e-08, 3.73794356578e-10]
    },
    "erbbands": {
        "dmean": [0.328281402588, 2.01046323776, 3.295992136, 4.65402030945, 3.39762735367, 3.59621238708, 3.76104879379, 5.08323526382, 9.18400096893, 15.4847393036, 20.4009094238, 27.1184825897, 21.6154556274, 41.668094635, 28.1516532898, 23.1704807281, 41.5504875183, 28.1087627411, 36.2074317932, 26.209022522, 16.7795886993, 8.0722026825, 8.587931633, 11.2184085846, 7.10563755035, 7.85306978226, 7.02170419693, 5.68493270874, 3.5090546608, 4.88021230698, 3.23686003685, 1.77791380882, 1.69084370136, 1.54746222496, 0.611306548119, 0.177878513932, 0.0539419129491, 0.00908410735428, 0.00103381252848, 4.21003969677e-05],
        "dmean2": [0.419265657663, 3.08353972435, 5.67417240143, 8.54670810699, 5.73150539398, 5.88486909866, 5.99705886841, 8.32645130157, 15.2053174973, 24.7271766663, 32.6736907959, 44.1983985901, 35.024520874, 68.7570648193, 45.1255607605, 37.50831604, 68.6637878418, 44.7236480713, 58.6571311951, 40.9550209045, 26.3680400848, 12.5703744888, 13.6031503677, 17.9421672821, 11.0614585876, 12.1761312485, 10.5566101074, 8.55806446075, 5.3355474472, 7.19795179367, 4.76137161255, 2.54178023338, 2.36931729317, 2.21271967888, 0.872648656368, 0.25186008215, 0.0788410156965, 0.0136833805591, 0.00163658289239, 6.35050600977e-05],
        "dvar": [0.603604376316, 28.2054328918, 123.098320007, 283.350219727, 84.7546920776, 64.3141784668, 50.1330566406, 135.47026062, 346.617431641, 910.294494629, 2454.11352539, 5776.99121094, 2759.37402344, 14466.1552734, 3567.40478516, 2279.9909668, 10279.1054688, 4373.89794922, 7704.67773438, 5711.15185547, 1454.24304199, 267.661590576, 327.833221436, 390.192718506, 131.066421509, 226.215454102, 249.939285278, 157.6771698, 50.9973258972, 98.79737854, 42.5627212524, 17.2165470123, 20.968372345, 16.2917709351, 1.86136937141, 0.327159613371, 0.027211945504, 0.000871135038324, 1.36759699672e-05, 1.26678596502e-08],
        "dvar2": [0.874314129353, 70.7673034668, 339.631652832, 822.297546387, 231.268600464, 173.281097412, 120.167175293, 350.488098145, 892.961853027, 2168.37670898, 5955.62011719, 14247.4833984, 6860.65673828, 38072.6601562, 9096.1328125, 5865.01513672, 27797.3515625, 10248.7636719, 19763.828125, 13840.3457031, 3528.13598633, 604.589660645, 789.281005859, 985.06640625, 318.816925049, 503.371643066, 521.456787109, 349.901367188, 112.069892883, 211.30065918, 98.0323181152, 33.8257980347, 36.4482269287, 32.6384086609, 3.42364263535, 0.636686265469, 0.0593922659755, 0.00204969290644, 3.46826782334e-05, 3.10300691808e-08],
        "max": [7.82296800613, 55.0099563599, 109.854866028, 169.127349854, 358.40914917, 187.766052246, 141.42338562, 266.658233643, 459.414123535, 682.00604248, 1354.40234375, 1645.98730469, 1361.56274414, 3498.18041992, 1980.75878906, 1074.96484375, 2532.50708008, 1488.70202637, 1905.69897461, 2528.67138672, 775.105224609, 372.403747559, 446.436126709, 402.294342041, 236.301422119, 290.121459961, 353.080535889, 364.660980225, 233.987121582, 174.86882019, 176.824783325, 116.445472717, 194.162719727, 191.345504761, 38.6566543579, 21.7977561951, 4.87912082672, 0.657076895237, 0.0846410468221, 0.00232621701434],
        "mean": [0.859852612019, 4.01138401031, 4.49986505508, 5.22016811371, 5.19765853882, 6.05395555496, 6.05057239532, 7.61485433578, 13.7635402679, 26.7594165802, 31.9754371643, 38.1579399109, 35.0625495911, 65.1570587158, 48.5732765198, 39.739315033, 65.2688903809, 50.1273651123, 62.8725013733, 48.0493354797, 30.3603553772, 16.5576400757, 17.1633090973, 22.2345867157, 16.5690670013, 16.9113693237, 16.9064903259, 13.5001773834, 8.65215873718, 11.7170152664, 8.07391262054, 4.11602687836, 3.81932449341, 3.38291573524, 1.28728222847, 0.345957159996, 0.0979334488511, 0.0153536861762, 0.00135917542502, 9.70659093582e-05],
        "median": [0.438645839691, 1.65055453777, 2.19608473778, 2.21544885635, 2.66669726372, 2.84592556953, 2.71669578552, 3.3056936264, 6.54033374786, 9.52247810364, 10.7877140045, 11.9897670746, 13.637131691, 19.594373703, 20.8626213074, 17.917181015, 21.556678772, 20.0273399353, 20.1483879089, 13.5380325317, 9.36021614075, 6.88145160675, 8.48322486877, 11.3883008957, 8.90495681763, 7.68021678925, 5.26759433746, 4.60699748993, 3.44572734833, 4.29822731018, 3.61799287796, 1.90233850479, 1.60752463341, 1.45926690102, 0.600073695183, 0.127248555422, 0.0315380915999, 0.00402908865362, 0.000178070811671, 6.36021286482e-05],
        "min": [1.28552066295e-22, 8.1052517138e-22, 1.28153258611e-21, 3.32482682471e-21, 1.03721162516e-20, 3.71622748599e-20, 5.80650546221e-20, 5.64348108817e-20, 1.61747129623e-19, 2.34699522416e-19, 2.54213436849e-19, 2.2382512174e-19, 3.95508939417e-19, 8.90593519082e-19, 9.04617745983e-19, 1.31554990736e-18, 2.1280666756e-18, 2.15197054095e-18, 2.27425099654e-18, 2.81465512175e-18, 4.34287440537e-18, 5.19154517024e-18, 6.51498534667e-18, 6.47041189218e-18, 7.41396110049e-18, 7.95927661059e-18, 9.00304702192e-18, 7.81854837298e-18, 9.11357241382e-18, 1.08065323679e-17, 9.01078281501e-18, 1.06910256943e-17, 1.14800302672e-17, 7.19119722563e-18, 6.89222602811e-18, 3.97013813596e-18, 2.23733847529e-18, 8.55100336371e-19, 2.29118612371e-19, 2.80531066917e-20],
        "var": [1.59341478348, 40.6269798279, 88.3392410278, 174.648666382, 117.328598022, 136.013153076, 96.2906570435, 200.463699341, 590.524414062, 2366.03417969, 4856.12939453, 8100.36279297, 5570.34912109, 30689.5703125, 6565.14257812, 4156.07373047, 17770.8769531, 9476.87109375, 15555.1220703, 14816.7001953, 3471.40429688, 746.763061523, 820.170654297, 872.686218262, 427.200134277, 683.466491699, 1044.13098145, 724.460693359, 199.446472168, 387.732940674, 146.496871948, 49.7118721008, 63.6983947754, 44.6586837769, 5.29237270355, 0.69670778513, 0.0491248369217, 0.00133255729452, 1.58299008035e-05, 1.79674000123e-08]
    },
    "gfcc": {
        "mean": [7.02326536179, 79.7313690186, -110.877220154, 24.7156429291, -54.7670211792, 30.4310588837, -29.541135788, 14.016913414, -19.9889945984, 7.04001331329, -11.4824523926, -1.23053991795, -10.119102478],
        "cov": [[19814.4082031, -1322.54724121, -1287.24060059, 1307.65893555, -516.708496094, 916.071533203, -325.733154297, 695.265136719, -294.781219482, 691.550720215, -194.508468628, 277.33972168, -146.580947876], [-1322.54724121, 2533.81079102, 637.274047852, 25.5046577454, 472.408782959, -118.70866394, 227.945556641, -152.518859863, 183.614471436, -232.376678467, 162.253829956, -167.77166748, 17.4382152557], [-1287.24060059, 637.274047852, 1481.58398438, 384.509216309, 442.67666626, 157.933456421, 97.146270752, 79.5227203369, 113.944976807, 18.1960468292, 78.0742950439, 45.8419952393, -5.83024930954], [1307.65893555, 25.5046577454, 384.509216309, 709.130065918, 268.628143311, 251.487518311, 51.2587242126, 165.112060547, 102.118026733, 132.803085327, 44.8776397705, 65.8698730469, 67.3726806641], [-516.708496094, 472.408782959, 442.67666626, 268.628143311, 543.422302246, 106.62033844, 176.186981201, 98.6167373657, 158.41633606, 61.2288284302, 64.238822937, 23.0269069672, 49.2994766235], [916.071533203, -118.70866394, 157.933456421, 251.487518311, 106.62033844, 326.220245361, 122.980834961, 108.112304688, 24.9099349976, 87.6418533325, 14.1955738068, 45.391254425, 11.6833763123], [-325.733154297, 227.945556641, 97.146270752, 51.2587242126, 176.186981201, 122.980834961, 310.374420166, 68.3634567261, 71.2144012451, 49.8727073669, 71.905128479, 10.1312685013, 0.0292188152671], [695.265136719, -152.518859863, 79.5227203369, 165.112060547, 98.6167373657, 108.112304688, 68.3634567261, 197.744400024, 75.1444091797, 87.2817840576, 14.5006494522, 41.2045440674, 19.3552589417], [-294.781219482, 183.614471436, 113.944976807, 102.118026733, 158.41633606, 24.9099349976, 71.2144012451, 75.1444091797, 171.771850586, 44.6056365967, 36.6757698059, -0.309594541788, 39.6458282471], [691.550720215, -232.376678467, 18.1960468292, 132.803085327, 61.2288284302, 87.6418533325, 49.8727073669, 87.2817840576, 44.6056365967, 181.081039429, 51.5610427856, 48.354763031, 1.73930048943], [-194.508468628, 162.253829956, 78.0742950439, 44.8776397705, 64.238822937, 14.1955738068, 71.905128479, 14.5006494522, 36.6757698059, 51.5610427856, 124.120643616, 17.9729881287, 12.6148958206], [277.33972168, -167.77166748, 45.8419952393, 65.8698730469, 23.0269069672, 45.391254425, 10.1312685013, 41.2045440674, -0.309594541788, 48.354763031, 17.9729881287, 97.1212310791, 23.9560337067], [-146.580947876, 17.4382152557, -5.83024930954, 67.3726806641, 49.2994766235, 11.6833763123, 0.0292188152671, 19.3552589417, 39.6458282471, 1.73930048943, 12.6148958206, 23.9560337067, 102.793243408]],
        "icov": [[0.00014572951477, -0.000224017974688, 0.000229417884839, -0.000231015350437, 0.000185433658771, -0.00028772445512, 0.000320686813211, -0.000526174262632, 0.000434676767327, -0.00059277395485, 0.000406217848649, -0.000332789903041, 0.000323074084008], [-0.000224017974688, 0.00130170898046, -0.000532910460606, 0.000207122953725, -0.000830809934996, 0.000643744308036, -0.000862624903675, 0.00147931289393, -0.00128208985552, 0.00235016620718, -0.00190602766816, 0.0016224476276, -0.000348746369127], [0.000229417884839, -0.000532910460606, 0.00145094876643, -0.000674502691254, -0.000389036140405, -0.0007612319896, 0.000909767462872, -0.000867544091307, 0.000599403807428, -0.000454604713013, 0.000300477840938, -0.00125726009719, 0.00141076440923], [-0.000231015350437, 0.000207122953725, -0.000674502691254, 0.00328120659105, -0.000999338692054, -0.00127855839673, 0.000716034963261, -0.00013895065058, -0.000666981271934, -9.93990543066e-05, -0.000799534376711, 0.000536668405402, -0.00167084659915], [0.000185433658771, -0.000830809934996, -0.000389036140405, -0.000999338692054, 0.00443270662799, 5.56097802473e-06, -0.00107155321166, -0.000864818808623, -0.000993623281829, -0.00173668691423, 0.00161788833793, -0.000998073839583, -0.000478456699057], [-0.00028772445512, 0.000643744308036, -0.0007612319896, -0.00127855839673, 5.56097802473e-06, 0.00646795378998, -0.003193506971, 0.000130351560074, 0.000406229839427, 0.000279624306131, 0.000531772908289, 0.000374747032765, -0.00080012739636], [0.000320686813211, -0.000862624903675, 0.000909767462872, 0.000716034963261, -0.00107155321166, -0.003193506971, 0.00665443157777, -0.00225277151912, 0.000360809295671, -0.00123289041221, -0.00152263755444, -0.000847962044645, 0.00175128434785], [-0.000526174262632, 0.00147931289393, -0.000867544091307, -0.00013895065058, -0.000864818808623, 0.000130351560074, -0.00225277151912, 0.0112575395033, -0.00499964552, 0.000932991679292, -0.000574558798689, -4.01658398914e-05, -0.000686156679876], [0.000434676767327, -0.00128208985552, 0.000599403807428, -0.000666981271934, -0.000993623281829, 0.000406229839427, 0.000360809295671, -0.00499964552, 0.0121926572174, -0.00409898115322, 0.00122176413424, 0.00128905440215, -0.00240336963907], [-0.00059277395485, 0.00235016620718, -0.000454604713013, -9.93990543066e-05, -0.00173668691423, 0.000279624306131, -0.00123289041221, 0.000932991679292, -0.00409898115322, 0.0143280494958, -0.00708941882476, -0.000199891801458, 0.00167628121562], [0.000406217848649, -0.00190602766816, 0.000300477840938, -0.000799534376711, 0.00161788833793, 0.000531772908289, -0.00152263755444, -0.000574558798689, 0.00122176413424, -0.00708941882476, 0.0144585613161, -0.00326362065971, -0.000649124674965], [-0.000332789903041, 0.0016224476276, -0.00125726009719, 0.000536668405402, -0.000998073839583, 0.000374747032765, -0.000847962044645, -4.01658398914e-05, 0.00128905440215, -0.000199891801458, -0.00326362065971, 0.016292847693, -0.00461928732693], [0.000323074084008, -0.000348746369127, 0.00141076440923, -0.00167084659915, -0.000478456699057, -0.00080012739636, 0.00175128434785, -0.000686156679876, -0.00240336963907, 0.00167628121562, -0.000649124674965, -0.00461928732693, 0.013927125372]]
    },
    "melbands": {
        "dmean": [0.0026407847181, 0.00182036287151, 0.000745032797568, 0.000249481206993, 0.00013204953575, 0.000111939923954, 0.000146774778841, 0.000185062206583, 0.00016786075139, 0.000166057390743, 0.000112711990369, 0.000176547284354, 9.90942353383e-05, 8.76586636878e-05, 8.08977420093e-05, 7.78201356297e-05, 5.44977447134e-05, 6.71389934723e-05, 3.74187620764e-05, 3.30794900947e-05, 1.85968274309e-05, 8.85970439413e-06, 8.34087495605e-06, 1.04699938674e-05, 1.00380711956e-05, 6.70986992191e-06, 5.18065508004e-06, 5.55810493097e-06, 5.06915148435e-06, 4.64679624201e-06, 3.30376042257e-06, 2.18903937821e-06, 2.45211640504e-06, 3.23562244375e-06, 2.18495392801e-06, 1.5376652982e-06, 1.01262810404e-06, 1.17739239158e-06, 1.47983269017e-06, 1.37436597925e-06],
        "dmean2": [0.00359078543261, 0.00288343708962, 0.0013549386058, 0.000408530526329, 0.00021084130276, 0.000182237505214, 0.000241819914663, 0.000295194389764, 0.000268725299975, 0.000269586045761, 0.000182485338883, 0.00029233423993, 0.000158900933457, 0.000142682023579, 0.000131984910695, 0.000127613908262, 8.71706070029e-05, 0.000109508859168, 5.89434566791e-05, 5.1991242799e-05, 2.9624092349e-05, 1.40453439599e-05, 1.33371186166e-05, 1.67566013261e-05, 1.62353662745e-05, 1.08043714135e-05, 8.1335692812e-06, 8.72809414432e-06, 7.79364654591e-06, 6.98377971275e-06, 5.16637783221e-06, 3.45208900399e-06, 3.74110118173e-06, 4.84573229187e-06, 3.29129397869e-06, 2.31746321333e-06, 1.49822665207e-06, 1.69711870512e-06, 2.15244835999e-06, 2.01950047085e-06],
        "dvar": [4.16432594648e-05, 2.55330087384e-05, 6.74838111081e-06, 3.26043505083e-07, 5.4940677785e-08, 6.36593426862e-08, 8.37570297563e-08, 1.33994859652e-07, 1.37488243013e-07, 2.05193302349e-07, 7.74533148729e-08, 2.513931463e-07, 4.90511986584e-08, 4.24864730064e-08, 3.45319612904e-08, 3.19556825445e-08, 1.82025843287e-08, 2.99738722731e-08, 8.5607769762e-09, 1.16930269911e-08, 2.10616257768e-09, 4.00391109157e-10, 2.76659167797e-10, 5.49814582751e-10, 3.41525946412e-10, 1.24367405263e-10, 7.83474743415e-11, 1.37752101392e-10, 1.45761375192e-10, 1.43846587419e-10, 6.03513142239e-11, 2.37066026532e-11, 2.80463881286e-11, 4.68749448979e-11, 1.89130933137e-11, 1.32215263043e-11, 5.74546660248e-12, 1.02172671365e-11, 1.39222730566e-11, 1.40780598984e-11],
        "dvar2": [7.85759330029e-05, 6.22573061264e-05, 1.95108023036e-05, 8.79138383425e-07, 1.32232159444e-07, 1.62343084753e-07, 2.12949828438e-07, 3.25983336324e-07, 3.35938267426e-07, 5.0376092986e-07, 1.93708089569e-07, 6.66405696848e-07, 1.23092490867e-07, 1.1295840352e-07, 9.16875677603e-08, 8.48125054631e-08, 4.19165573362e-08, 7.73509114538e-08, 2.02243501946e-08, 2.84581087584e-08, 5.1012589708e-09, 9.05346519975e-10, 6.94673041313e-10, 1.39359201956e-09, 8.73213279462e-10, 3.1771701936e-10, 1.94365995521e-10, 2.99968161421e-10, 3.28847088449e-10, 3.03468861151e-10, 1.45686226971e-10, 5.38956448914e-11, 6.24270010685e-11, 1.01613169268e-10, 4.36840667806e-11, 3.01723958318e-11, 1.14695674833e-11, 1.91685695095e-11, 2.53147832557e-11, 3.12903418453e-11],
        "max": [0.0625933557749, 0.0515436679125, 0.0252534355968, 0.0191528443247, 0.00372682441957, 0.00593817932531, 0.00780598819256, 0.00768106430769, 0.00894939620048, 0.00930480659008, 0.00706425588578, 0.0142533350736, 0.00632498506457, 0.00644538365304, 0.00362410093658, 0.00431039370596, 0.00299032800831, 0.0041954102926, 0.00244549498893, 0.00380626344122, 0.00107278092764, 0.000533966755029, 0.000368259730749, 0.000529706652742, 0.000399233482312, 0.000208877245313, 0.000237804095377, 0.000265092094196, 0.000257449690253, 0.000531035475433, 0.000228492863243, 0.000201107861358, 0.000112655652629, 0.000139236872201, 9.23146290006e-05, 0.000118060925161, 7.61577975936e-05, 0.000129985768581, 0.000126564831589, 0.000188011093996],
        "mean": [0.00681683747098, 0.00340218725614, 0.000890167488251, 0.000423266290454, 0.000222661270527, 0.000168080441654, 0.000223994386033, 0.000320733524859, 0.000252035533777, 0.000230936289881, 0.000173292253749, 0.000270156131592, 0.000157371396199, 0.000137346461997, 0.00012123259512, 0.000121262979519, 9.06708228285e-05, 0.000109537562821, 6.31085640634e-05, 5.8592089772e-05, 3.03005072055e-05, 1.61234875122e-05, 1.46567781485e-05, 1.82762105396e-05, 1.8056085537e-05, 1.3621578546e-05, 1.06497554953e-05, 1.07519199446e-05, 1.04862938315e-05, 9.69783195615e-06, 6.95623975844e-06, 4.60784804091e-06, 5.3967646636e-06, 7.09522464604e-06, 4.98642612001e-06, 3.28146734319e-06, 2.11185329135e-06, 2.44543934969e-06, 3.08643234348e-06, 2.80457174995e-06],
        "median": [0.00375968497247, 0.0019216183573, 0.000422243407229, 0.000212203536648, 0.000105887724203, 7.25301215425e-05, 0.000104764396383, 0.000105033934233, 8.49451171234e-05, 6.63685787003e-05, 6.06213288847e-05, 7.54302964197e-05, 6.07309048064e-05, 4.56035777461e-05, 3.82077741961e-05, 4.34275352745e-05, 2.86414069706e-05, 2.95584759442e-05, 1.92013485503e-05, 1.28142128233e-05, 8.84574365045e-06, 6.39283462078e-06, 5.91592379351e-06, 7.77132481744e-06, 8.68043753144e-06, 6.69932160235e-06, 5.16492400493e-06, 4.27635404776e-06, 2.94959727398e-06, 2.85004512079e-06, 2.28087674259e-06, 1.70472173977e-06, 1.71649821823e-06, 2.56116027231e-06, 2.18192599277e-06, 1.40801705584e-06, 9.31385955028e-07, 9.99962821879e-07, 1.18742718769e-06, 1.18199966437e-06],
        "min": [2.43932062151e-24, 1.32924196517e-24, 1.07704678226e-24, 1.63433806179e-24, 1.82739076492e-24, 1.18352653699e-24, 2.73867558567e-24, 2.140088128e-24, 1.3576933184e-24, 9.67397976051e-25, 1.96692625677e-24, 3.45320350829e-24, 2.66035431955e-24, 3.66186313418e-24, 4.01360516777e-24, 3.24182211507e-24, 3.4675560436e-24, 3.52940194971e-24, 4.00454865015e-24, 3.36738845801e-24, 4.20069496992e-24, 4.97459315593e-24, 4.38357580472e-24, 5.20706297052e-24, 4.59071923995e-24, 4.3618908073e-24, 4.72488791385e-24, 4.61548276705e-24, 5.62990424863e-24, 3.81939786809e-24, 3.51797214406e-24, 4.06146969762e-24, 4.84320718887e-24, 6.04221620581e-24, 4.64889733728e-24, 5.17789089424e-24, 6.41898366832e-24, 6.83833857566e-24, 6.32843703033e-24, 5.05292980483e-24],
        "var": [9.47076623561e-05, 2.98643390124e-05, 4.32185697719e-06, 6.35689104911e-07, 1.20944861237e-07, 9.7508007002e-08, 1.55081991693e-07, 3.47350976426e-07, 2.56140054944e-07, 2.93831931231e-07, 1.51486347022e-07, 5.3040827197e-07, 8.3793537442e-08, 7.73884565319e-08, 6.06492918109e-08, 5.42503286738e-08, 3.93347505678e-08, 5.87276538511e-08, 2.000505539e-08, 3.22295008459e-08, 4.40077929653e-09, 9.73338298849e-10, 6.14438444568e-10, 1.14186793354e-09, 6.52576770399e-10, 3.33504029948e-10, 2.13386378012e-10, 3.58207380424e-10, 4.68478256188e-10, 5.29348620493e-10, 2.07903416705e-10, 6.99086136202e-11, 1.07046642384e-10, 1.53968615635e-10, 6.15185055675e-11, 3.16685740132e-11, 1.50053823533e-11, 2.73184617289e-11, 4.23356939783e-11, 3.24894104675e-11]
    },
    "mfcc": {
        "mean": [-631.566650391, 112.375579834, 5.29765939713, 6.25592374802, 4.18046712875, 11.2591209412, 8.73803806305, 6.88452577591, 2.5704741478, 7.54548835754, 5.9905462265, -1.12002933025, 3.76340007782],
        "cov": [[9394.25683594, -1801.5880127, -466.615570068, 367.711425781, 78.1671524048, 262.063659668, 248.007537842, 54.5268554688, 188.12701416, 341.516601562, 192.560913086, 71.6345291138, 147.485565186], [-1801.5880127, 2342.64257812, 397.720916748, 217.311096191, 241.351501465, 96.681137085, 102.05103302, 139.022888184, -2.69324612617, -9.53688144684, 44.0678329468, 64.5624237061, 29.2332782745], [-466.615570068, 397.720916748, 920.064697266, 263.208190918, 308.408477783, 149.415710449, 103.452400208, 89.3914794922, 41.1590385437, -14.3980770111, 47.8170509338, 62.6625213623, 49.7346801758], [367.711425781, 217.311096191, 263.208190918, 485.827453613, 314.02746582, 152.879776001, 99.4812774658, 83.4474945068, 113.861198425, 86.7707061768, 35.8293151855, 115.206550598, 87.6353225708], [78.1671524048, 241.351501465, 308.408477783, 314.02746582, 450.222503662, 129.552124023, 52.8848762512, 79.0438537598, 123.654785156, 75.7082901001, 2.81677532196, 69.7419509888, 76.2447128296], [262.063659668, 96.681137085, 149.415710449, 152.879776001, 129.552124023, 268.700134277, 143.484725952, 90.8125534058, 75.5382232666, 58.0159111023, 70.518196106, 43.3297729492, 40.2264823914], [248.007537842, 102.05103302, 103.452400208, 99.4812774658, 52.8848762512, 143.484725952, 226.231002808, 94.0787506104, 42.3740005493, 64.9768371582, 75.164932251, 54.0755462646, 42.3713912964], [54.5268554688, 139.022888184, 89.3914794922, 83.4474945068, 79.0438537598, 90.8125534058, 94.0787506104, 165.448608398, 80.9101257324, 49.7416229248, 40.2013282776, 20.7489147186, 35.4171104431], [188.12701416, -2.69324612617, 41.1590385437, 113.861198425, 123.654785156, 75.5382232666, 42.3740005493, 80.9101257324, 166.059494019, 78.1204452515, 21.3646736145, 35.9120178223, 33.941822052], [341.516601562, -9.53688144684, -14.3980770111, 86.7707061768, 75.7082901001, 58.0159111023, 64.9768371582, 49.7416229248, 78.1204452515, 145.587890625, 56.4889221191, 50.9835128784, 40.6834373474], [192.560913086, 44.0678329468, 47.8170509338, 35.8293151855, 2.81677532196, 70.518196106, 75.164932251, 40.2013282776, 21.3646736145, 56.4889221191, 130.119766235, 50.3200111389, 24.6010437012], [71.6345291138, 64.5624237061, 62.6625213623, 115.206550598, 69.7419509888, 43.3297729492, 54.0755462646, 20.7489147186, 35.9120178223, 50.9835128784, 50.3200111389, 127.397621155, 50.0582466125], [147.485565186, 29.2332782745, 49.7346801758, 87.6353225708, 76.2447128296, 40.2264823914, 42.3713912964, 35.4171104431, 33.941822052, 40.6834373474, 24.6010437012, 50.0582466125, 95.4103851318]],
