{
"lowlevel": {
    "average_loudness": 0.709905326366,
    "barkbands_crest": {
        "dmean": 2.12029623985,
        "dmean2": 3.3959608078,
        "dvar": 4.12818050385,
        "dvar2": 10.4620733261,
        "max": 26.781414032,
        "mean": 11.4874649048,
        "median": 10.570892334,
        "min": 1.69783377647,
        "var": 25.2862453461
    },
    "barkbands_flatness_db": {
        "dmean": 0.0180689562112,
        "dmean2": 0.0272864121944,
        "dvar": 0.000397574651288,
        "dvar2": 0.000805980409496,
        "max": 0.603535890579,
        "mean": 0.199196964502,
        "median": 0.196827322245,
        "min": 0.00957493297756,
        "var": 0.00729194609448
    },
    "barkbands_kurtosis": {
        "dmean": 4.9058508873,
        "dmean2": 7.33711481094,
        "dvar": 315.376190186,
        "dvar2": 744.563171387,
        "max": 727.678710938,
        "mean": 14.1736955643,
        "median": 3.26515936852,
        "min": -1.90902602673,
        "var": 2230.17822266
    },
    "barkbands_skewness": {
        "dmean": 0.512399196625,
        "dmean2": 0.784762203693,
        "dvar": 0.481499671936,
        "dvar2": 1.16281247139,
        "max": 20.319437027,
        "mean": 1.80829691887,
        "median": 1.40572404861,
        "min": -3.77240800858,
        "var": 4.64859628677
    },
    "barkbands_spread": {
        "dmean": 3.11195921898,
        "dmean2": 4.85346698761,
        "dvar": 35.791885376,
        "dvar2": 73.5942306519,
        "max": 95.8372421265,
        "mean": 13.4769906998,
        "median": 9.46452903748,
        "min": 0.107680991292,
        "var": 155.963043213
    },
    "dissonance": {
        "dmean": 0.0302520859987,
        "dmean2": 0.051327265799,
        "dvar": 0.000893547025044,
        "dvar2": 0.00245720893145,
        "max": 0.500000059605,
        "mean": 0.434714704752,
        "median": 0.447009027004,
        "min": 0.134516462684,
        "var": 0.00245589576662
    },
    "dynamic_complexity": 6.22417116165,
    "erbbands_crest": {
        "dmean": 2.58936262131,
        "dmean2": 4.15677785873,
        "dvar": 6.24330186844,
        "dvar2": 16.0137481689,
        "max": 30.9760608673,
        "mean": 11.9251852036,
        "median": 10.8986682892,
        "min": 2.52703976631,
        "var": 29.7108421326
    },
    "erbbands_flatness_db": {
        "dmean": 0.0156182115898,
        "dmean2": 0.0235271323472,
        "dvar": 0.000261947338004,
        "dvar2": 0.000525811279658,
        "max": 0.455703854561,
        "mean": 0.20774076879,
        "median": 0.21184438467,
        "min": 0.0415517687798,
        "var": 0.00387528748251
    },
    "erbbands_kurtosis": {
        "dmean": 1.93483495712,
        "dmean2": 2.97042417526,
        "dvar": 17.65766716,
        "dvar2": 36.6492424011,
        "max": 264.804779053,
        "mean": 5.03396654129,
        "median": 1.77440237999,
        "min": -1.77651035786,
        "var": 233.181747437
    },
    "erbbands_skewness": {
        "dmean": 0.373564481735,
        "dmean2": 0.568614006042,
        "dvar": 0.159541338682,
        "dvar2": 0.349766492844,
        "max": 12.7822723389,
        "mean": 0.925850629807,
        "median": 0.690025210381,
        "min": -3.12789416313,
        "var": 2.02079916
    },
    "erbbands_spread": {
        "dmean": 5.49214839935,
        "dmean2": 8.66830825806,
        "dvar": 67.9881744385,
        "dvar2": 154.734817505,
        "max": 128.915161133,
        "mean": 23.8937454224,
        "median": 19.7247028351,
        "min": 0.780903398991,
        "var": 262.193817139
    },
    "hfc": {
        "dmean": 4.48550271988,
        "dmean2": 6.81390571594,
        "dvar": 62.4661483765,
        "dvar2": 139.634063721,
        "max": 121.438957214,
        "mean": 18.0185451508,
        "median": 11.1559066772,
        "min": 1.08690334732e-16,
        "var": 356.137969971
    },
    "melbands_crest": {
        "dmean": 2.654971838,
        "dmean2": 4.32595586777,
        "dvar": 6.59209060669,
        "dvar2": 17.7608356476,
        "max": 39.0717582703,
        "mean": 14.8910264969,
        "median": 13.5841560364,
        "min": 1.72945845127,
        "var": 43.0582275391
    },
    "melbands_flatness_db": {
        "dmean": 0.0204901732504,
        "dmean2": 0.0305881220847,
        "dvar": 0.000545944203623,
        "dvar2": 0.00104783463757,
        "max": 0.703793466091,
        "mean": 0.272393941879,
        "median": 0.265071392059,
        "min": 0.00365944602527,
        "var": 0.0101110348478
    },
    "melbands_kurtosis": {
        "dmean": 7.96905565262,
        "dmean2": 12.0666379929,
        "dvar": 807.644592285,
        "dvar2": 1909.87536621,
        "max": 1064.36889648,
        "mean": 20.7798137665,
        "median": 5.72409343719,
        "min": -1.80744874477,
        "var": 3911.45166016
    },
    "melbands_skewness": {
        "dmean": 0.606262564659,
        "dmean2": 0.93367266655,
        "dvar": 0.607080757618,
        "dvar2": 1.4198499918,
        "max": 23.0481987,
        "mean": 2.3278439045,
        "median": 1.86417734623,
        "min": -2.68609881401,
        "var": 5.10732698441
    },
    "melbands_spread": {
        "dmean": 3.97188687325,
        "dmean2": 6.3077545166,
        "dvar": 64.4402313232,
        "dvar2": 148.959747314,
        "max": 199.589859009,
        "mean": 17.4695701599,
        "median": 11.5660982132,
        "min": 0.141526192427,
        "var": 335.984802246
    },
    "pitch_salience": {
        "dmean": 0.0586873404682,
        "dmean2": 0.0942583531141,
        "dvar": 0.00307475635782,
        "dvar2": 0.00788280554116,
        "max": 0.957755804062,
        "mean": 0.515064418316,
        "median": 0.520936667919,
        "min": 0.0355537012219,
        "var": 0.0176376644522
    },
    "silence_rate_20dB": {
        "dmean": 0,
        "dmean2": 0,
        "dvar": 0,
        "dvar2": 0,
        "max": 1,
        "mean": 1,
        "median": 1,
        "min": 1,
        "var": 0
    },
    "silence_rate_30dB": {
        "dmean": 0.0134612983093,
        "dmean2": 0.0269259531051,
        "dvar": 0.0132808890194,
        "dvar2": 0.0296937152743,
        "max": 1,
        "mean": 0.980184435844,
        "median": 1,
        "min": 0,
        "var": 0.0194226913154
    },
    "silence_rate_60dB": {
        "dmean": 0.0159541312605,
        "dmean2": 0.0319122411311,
        "dvar": 0.0156974717975,
        "dvar2": 0.038123536855,
        "max": 1,
        "mean": 0.202517449856,
        "median": 0,
        "min": 0,
        "var": 0.161506965756
    },
    "spectral_centroid": {
        "dmean": 135.427383423,
        "dmean2": 205.856628418,
        "dvar": 70192.3984375,
        "dvar2": 125803.039062,
        "max": 11953.5810547,
        "mean": 882.374511719,
        "median": 699.426757812,
        "min": 157.233779907,
        "var": 634152.125
    },
    "spectral_complexity": {
        "dmean": 2.05334663391,
        "dmean2": 3.27624034882,
        "dvar": 9.6743106842,
        "dvar2": 18.1322650909,
        "max": 59,
        "mean": 12.4163761139,
        "median": 12,
        "min": 0,
        "var": 71.938949585
    },
    "spectral_decrease": {
        "dmean": 1.83092729866e-09,
        "dmean2": 2.90195467656e-09,
        "dvar": 1.04094898097e-17,
        "dvar2": 2.45910555616e-17,
        "max": 1.4510796388e-28,
        "mean": -7.56645501809e-09,
        "median": -6.51818243824e-09,
        "min": -7.30417610839e-08,
        "var": 5.09181647056e-17
    },
    "spectral_energy": {
        "dmean": 0.00721878744662,
        "dmean2": 0.0114414449781,
        "dvar": 0.000155839166837,
        "dvar2": 0.000367679720512,
        "max": 0.280410319567,
        "mean": 0.0301919020712,
        "median": 0.0261061843485,
        "min": 1.00012057185e-20,
        "var": 0.000793582468759
    },
    "spectral_energyband_high": {
        "dmean": 0.000185796059668,
        "dmean2": 0.000270313874353,
        "dvar": 4.48217065241e-07,
        "dvar2": 9.8276495919e-07,
        "max": 0.0114462831989,
        "mean": 0.000382672995329,
        "median": 7.45132856537e-05,
        "min": 7.27870632991e-21,
        "var": 8.01622832114e-07
    },
    "spectral_energyband_low": {
        "dmean": 0.00359595241025,
        "dmean2": 0.00568610569462,
        "dvar": 0.000114892107376,
        "dvar2": 0.000273444427876,
        "max": 0.247423678637,
        "mean": 0.0102205462754,
        "median": 0.00211720517837,
        "min": 1.28034128624e-23,
        "var": 0.000310415809508
    },
    "spectral_energyband_middle_high": {
        "dmean": 0.00233106967062,
        "dmean2": 0.00358158652671,
        "dvar": 1.90382306755e-05,
        "dvar2": 4.44186916866e-05,
        "max": 0.0905002653599,
        "mean": 0.00757548213005,
        "median": 0.00176108721644,
        "min": 1.35783353527e-21,
        "var": 0.00011884146079
    },
    "spectral_energyband_middle_low": {
        "dmean": 0.00429839128628,
        "dmean2": 0.00698208482936,
        "dvar": 5.1648083172e-05,
        "dvar2": 0.000136231028591,
        "max": 0.103009827435,
        "mean": 0.013238189742,
        "median": 0.00962669868022,
        "min": 1.56966293365e-22,
        "var": 0.000167795005837
    },
    "spectral_entropy": {
        "dmean": 0.163679435849,
        "dmean2": 0.243803471327,
        "dvar": 0.0343479663134,
        "dvar2": 0.0651553571224,
        "max": 9.81851577759,
        "mean": 6.89919185638,
        "median": 6.88624668121,
        "min": 3.28535270691,
        "var": 0.606105744839
    },
    "spectral_flux": {
        "dmean": 0.020091580227,
        "dmean2": 0.0320583693683,
        "dvar": 0.000690881395712,
        "dvar2": 0.00154057121836,
        "max": 0.376965522766,
        "mean": 0.0669463276863,
        "median": 0.0574294105172,
        "min": 6.55958690143e-11,
        "var": 0.00279348553158
    },
    "spectral_kurtosis": {
        "dmean": 3.76332092285,
        "dmean2": 6.42945766449,
        "dvar": 32.9258041382,
        "dvar2": 95.8198699951,
        "max": 100.27040863,
        "mean": 11.2687969208,
        "median": 6.67720460892,
        "min": -1.26406419277,
        "var": 164.414276123
    },
    "spectral_rms": {
        "dmean": 0.000566559727304,
        "dmean2": 0.000885393295903,
        "dvar": 5.44701038052e-07,
        "dvar2": 1.22039159578e-06,
        "max": 0.0165399834514,
        "mean": 0.00471054343507,
        "median": 0.00504672620445,
        "min": 3.12366343728e-12,
        "var": 7.26633425074e-06
    },
    "spectral_rolloff": {
        "dmean": 242.54486084,
        "dmean2": 414.061309814,
        "dvar": 538251,
        "dvar2": 1265848.75,
        "max": 19336.8164062,
        "mean": 1095.4921875,
        "median": 710.595703125,
        "min": 21.533203125,
        "var": 2594555.75
    },
    "spectral_skewness": {
        "dmean": 0.338208049536,
        "dmean2": 0.557345151901,
        "dvar": 0.143035471439,
        "dvar2": 0.382912784815,
        "max": 7.93207454681,
        "mean": 2.40258741379,
        "median": 2.14096403122,
        "min": -0.103568777442,
        "var": 1.19685161114
    },
    "spectral_spread": {
        "dmean": 448472.59375,
        "dmean2": 686749.125,
        "dvar": 630368370688,
        "dvar2": 1.14862299546e+12,
        "max": 42398220,
        "mean": 3936151.75,
        "median": 3809996.5,
        "min": 780423,
        "var": 6.4244767785e+12
    },
    "spectral_strongpeak": {
        "dmean": 0.62870657444,
        "dmean2": 1.04181981087,
        "dvar": 1.22718465328,
        "dvar2": 2.91366529465,
        "max": 11.9653902054,
        "mean": 1.50830435753,
        "median": 0.464197993279,
        "min": 0,
        "var": 4.2062048912
    },
    "zerocrossingrate": {
        "dmean": 0.00593398977071,
        "dmean2": 0.00707447808236,
        "dvar": 0.000120225311548,
        "dvar2": 0.000148842620547,
        "max": 0.77490234375,
        "mean": 0.0422714389861,
        "median": 0.0322265625,
        "min": 0.0029296875,
        "var": 0.00188856455497
    },
    "barkbands": {
        "dmean": [7.65264412621e-05, 0.00268552894704, 0.00141431740485, 0.00147546932567, 0.00130587886088, 0.00140238855965, 0.0009056791896, 0.000646941189189, 0.00102651573252, 0.000778626475949, 0.000741204421502, 0.00100071553607, 0.000583847053349, 0.000280830194242, 0.000209988022107, 9.87369858194e-05, 4.73027903354e-05, 5.80688501941e-05, 5.58438950975e-05, 7.16549693607e-05, 5.35910257895e-05, 3.60647245543e-05, 4.15583854192e-05, 3.57881508535e-05, 1.70365328813e-05, 7.4842050708e-06, 1.83790973551e-06],
        "dmean2": [0.000123238089145, 0.00415635434911, 0.0023568358738, 0.00259847706184, 0.00215196679346, 0.00218590954319, 0.00142309488729, 0.000977563438937, 0.00154739443678, 0.00117095652968, 0.00114039774053, 0.00152161216829, 0.000902980798855, 0.000431265943917, 0.000336050230544, 0.00016105438408, 7.63297066442e-05, 9.30561946006e-05, 8.78997670952e-05, 0.000111067769467, 8.64997855388e-05, 5.38459862582e-05, 6.28603011137e-05, 5.13344893989e-05, 2.49389067903e-05, 1.12054631245e-05, 2.98907821161e-06],
        "dvar": [6.34681782685e-08, 7.27704828023e-05, 3.87941508961e-05, 1.23761119539e-05, 6.58829912936e-06, 8.22966103442e-06, 7.34037075745e-06, 3.01765794575e-06, 6.30452632322e-06, 6.03494936513e-06, 4.59860711999e-06, 7.03313344275e-06, 2.35994139075e-06, 1.22539438507e-06, 4.59229994476e-07, 1.82814389404e-07, 1.78147363528e-08, 2.40674040697e-08, 3.9780449157e-08, 4.87715325903e-08, 7.02978510958e-08, 1.79346351104e-08, 2.24578968755e-08, 1.38074316425e-08, 4.72210759384e-09, 1.16812925999e-09, 1.33039051997e-10],
        "dvar2": [1.49178973174e-07, 0.000174628105015, 0.000103134174424, 3.62524187949e-05, 1.68890383065e-05, 1.84142136277e-05, 1.72524469235e-05, 6.25685061095e-06, 1.47312985064e-05, 1.34929978231e-05, 1.03300735645e-05, 1.68998667505e-05, 5.42391626368e-06, 2.63198512584e-06, 1.11371764433e-06, 4.62446763549e-07, 4.22590780147e-08, 5.64675026737e-08, 9.75842198159e-08, 1.13069276608e-07, 1.88795070244e-07, 3.51359119577e-08, 5.03929733497e-08, 2.72413736013e-08, 9.75449676588e-09, 2.71120481621e-09, 3.54089951804e-10],
        "max": [0.00551978684962, 0.174807161093, 0.106112115085, 0.0647996217012, 0.0494960024953, 0.08045335114, 0.0769108831882, 0.0369153693318, 0.0629046112299, 0.0845039337873, 0.0665484964848, 0.0686973929405, 0.028453156352, 0.0247084703296, 0.0177359562367, 0.011481420137, 0.00302356411703, 0.00319223478436, 0.00939771905541, 0.00908561982214, 0.00597081519663, 0.00375992804766, 0.00382610899396, 0.00306412647478, 0.00270497472957, 0.00077673146734, 0.00027275190223],
        "mean": [0.000179208480404, 0.00662644626573, 0.00231033493765, 0.00211233505979, 0.00273303012364, 0.00329889729619, 0.00168866233435, 0.00115573056974, 0.00206268439069, 0.00136595312506, 0.00135503674392, 0.00227838545106, 0.00114794715773, 0.000550650991499, 0.000393818394514, 0.000188460340723, 8.03966831882e-05, 0.000106720435724, 0.000100165350887, 0.000138135263114, 7.65576769481e-05, 6.23682499281e-05, 7.17566726962e-05, 6.61656304146e-05, 2.91899905278e-05, 1.06181587398e-05, 2.24331733989e-06],
        "median": [7.61916817282e-06, 0.000563720823266, 0.000438407063484, 0.00113913253881, 0.00142037903424, 0.00153762847185, 0.000236750463955, 0.000228037635679, 0.000526516349055, 0.000174854096258, 0.000168555794517, 0.000187499390449, 0.000103178826976, 6.76126219332e-05, 3.57690951205e-05, 1.7675334675e-05, 2.27401942539e-05, 1.87701261893e-05, 1.9183877157e-05, 2.46673407673e-05, 7.18016190149e-06, 5.7304200709e-06, 8.73500175658e-06, 8.48525087349e-06, 3.70668658434e-06, 9.65279696175e-07, 2.71155986553e-08],
        "min": [8.41236338947e-25, 2.30546492817e-24, 2.31128435507e-24, 8.29215282043e-25, 1.44314434882e-23, 1.85912095934e-23, 1.2962344669e-23, 1.16350325534e-23, 2.64379348647e-23, 1.72535760217e-23, 2.21797678279e-23, 4.31627673983e-23, 3.76069588824e-23, 6.09769852877e-23, 4.28081681105e-23, 8.61279535389e-23, 4.78403244467e-23, 1.29629662914e-22, 1.46552761436e-22, 1.87367074143e-22, 2.81555412774e-22, 3.30571973006e-22, 4.47626031888e-22, 6.70225969086e-22, 9.15227082124e-22, 1.41716294354e-21, 2.02589173984e-21],
        "var": [1.51423549255e-07, 0.000172117390321, 3.76971584046e-05, 1.17092185974e-05, 1.55943343998e-05, 3.25975415763e-05, 2.11647147808e-05, 7.49469518269e-06, 1.89416823559e-05, 1.46218844748e-05, 1.43527167893e-05, 3.40114347637e-05, 7.98913515609e-06, 4.1519701881e-06, 1.32859599944e-06, 5.00128976455e-07, 2.72911737653e-08, 5.01020664956e-08, 5.8672128489e-08, 9.43567002309e-08, 7.61656622217e-08, 3.29041398572e-08, 3.82072400384e-08, 2.75009046646e-08, 7.7848252289e-09, 1.65728619717e-09, 1.38686673257e-10]
    },
    "erbbands": {
        "dmean": [0.0685552358627, 0.662627756596, 1.50925672054, 3.2435131073, 4.73325681686, 4.49705696106, 9.05364513397, 11.3648300171, 11.3471345901, 11.7914028168, 20.05027771, 20.4884090424, 18.8949108124, 32.8334312439, 16.8055934906, 35.1696891785, 26.6731586456, 16.1986732483, 10.0432701111, 9.02257919312, 4.19199705124, 2.76891160011, 3.12262582779, 2.28243541718, 3.23299598694, 3.07017254829, 2.3050558567, 1.85948216915, 1.32373130322, 1.15544807911, 1.2637809515, 0.946711778641, 0.485186338425, 0.234638348222, 0.101044081151, 0.0382902286947, 0.0132647147402, 0.00283364835195, 0.000351074966602, 1.65905166796e-05],
        "dmean2": [0.105611808598, 1.03231215477, 2.44877147675, 5.58054065704, 8.14158153534, 7.36449146271, 13.595911026, 18.4060592651, 17.8867511749, 18.4023017883, 29.9256687164, 30.8734951019, 28.781665802, 50.6504859924, 25.075214386, 53.6258850098, 40.8042869568, 24.4543590546, 15.3213911057, 14.532459259, 6.65045499802, 4.44144010544, 4.97334194183, 3.62434124947, 4.92002010345, 4.65947055817, 3.66805005074, 2.97756266594, 1.97212445736, 1.68683099747, 1.92584753036, 1.37779915333, 0.710832715034, 0.348033547401, 0.149607807398, 0.0570741929114, 0.0203071478754, 0.00449451198801, 0.000566438771784, 2.64362297457e-05],
        "dvar": [0.0548533685505, 4.64727067947, 39.0049667358, 89.1893539429, 106.983055115, 98.501083374, 463.092254639, 626.306518555, 1184.83178711, 1627.57873535, 2513.73779297, 2943.49780273, 5087.40771484, 6645.36376953, 1873.69909668, 8756.84667969, 4064.66894531, 3108.82543945, 1173.98376465, 735.652893066, 293.391571045, 59.6315422058, 76.3810882568, 47.6034317017, 120.99697876, 84.3440704346, 115.08707428, 80.8831634521, 23.4718055725, 16.0336227417, 21.8931751251, 11.8372831345, 2.5117919445, 0.864942729473, 0.160251885653, 0.0260164197534, 0.00441022822633, 0.000237635496887, 4.83841677124e-06, 3.83972409423e-09],
        "dvar2": [0.130465701222, 11.0410995483, 98.0470504761, 255.035232544, 298.775390625, 244.105880737, 1013.621521, 1476.58569336, 2595.78393555, 4112.96044922, 5355.89111328, 6911.48974609, 12065.8476562, 15207.3212891, 4121.87255859, 21524.5253906, 9335.75195312, 6512.96337891, 2569.72412109, 1793.99560547, 723.347595215, 136.972213745, 177.051696777, 111.151741028, 291.653594971, 183.038986206, 296.346038818, 212.586959839, 46.1493301392, 30.8407402039, 51.5565643311, 24.7882099152, 4.78534555435, 1.63749265671, 0.360060453415, 0.0571932382882, 0.0107004800811, 0.000619913625997, 1.28274386952e-05, 1.00189190277e-08],
        "max": [4.64174127579, 45.1757164001, 104.39478302, 193.230941772, 228.080230713, 238.251541138, 724.409118652, 619.961914062, 1402.28417969, 976.473510742, 1001.75830078, 1866.56713867, 2589.38598633, 2305.56616211, 1182.3046875, 1942.34118652, 1331.09484863, 1367.29296875, 974.285644531, 513.944458008, 368.42767334, 180.118408203, 147.741714478, 182.875289917, 475.313110352, 298.987182617, 372.358642578, 188.910400391, 130.475830078, 110.1118927, 126.969528198, 113.995880127, 41.8926124573, 42.0536155701, 9.68817710876, 3.27291440964, 1.53429329395, 0.28328987956, 0.0538734421134, 0.00151253386866],
        "mean": [0.172595620155, 1.53879654408, 2.7178812027, 5.4445939064, 7.8155412674, 9.46688079834, 21.3753299713, 24.5372905731, 22.6371746063, 21.7940444946, 39.827419281, 42.2755851746, 37.1084938049, 65.1488876343, 37.9069137573, 83.4783096313, 62.7927398682, 34.8001556396, 20.9972457886, 17.521686554, 8.47819423676, 5.10426712036, 5.76037073135, 4.75405216217, 6.58655834198, 6.19573926926, 3.68999814987, 2.76918292046, 2.32734704018, 1.99142575264, 2.11361813545, 1.65428686142, 0.90583050251, 0.419970601797, 0.162204355001, 0.0575211308897, 0.0175882130861, 0.00351310195401, 0.000451259576948, 4.79695409012e-05],
        "median": [0.00591039145365, 0.158610701561, 0.5823148489, 2.75006723404, 4.3839263916, 4.13584423065, 7.78845643997, 11.5852489471, 6.10338592529, 4.17998743057, 9.31607437134, 11.5708007812, 8.60617446899, 11.914937973, 7.43808460236, 7.83816766739, 6.10495138168, 5.01534223557, 2.90155792236, 1.93128085136, 1.21806335449, 1.49631917477, 1.29970264435, 0.896492302418, 1.50297868252, 0.999368548393, 0.445045351982, 0.294793605804, 0.214807972312, 0.265945702791, 0.249166071415, 0.185442075133, 0.116042993963, 0.0485199391842, 0.0211114175618, 0.00620953040197, 0.0011530497577, 0.00013425614452, 2.45588962571e-05, 3.21518054989e-05],
        "min": [7.67483910649e-23, 1.02827304603e-21, 2.32505162501e-21, 7.14409399433e-21, 1.57267423156e-20, 3.85304283619e-20, 8.87915832042e-20, 1.804303867e-19, 2.21225267225e-19, 1.58637899872e-19, 3.92743131792e-19, 6.4545864795e-19, 6.76277950007e-19, 6.61396350402e-19, 1.39193972674e-18, 1.67447319112e-18, 2.36480183781e-18, 3.3661467759e-18, 2.67765105805e-18, 3.17781946391e-18, 4.4720440347e-18, 3.60023082424e-18, 7.74801881805e-18, 9.57779609976e-18, 9.27645254824e-18, 1.0498171016e-17, 1.05611368314e-17, 9.86176141378e-18, 1.24671272261e-17, 1.51536692349e-17, 1.1441425748e-17, 1.15046173837e-17, 1.1957365593e-17, 1.00371609268e-17, 6.38716815765e-18, 5.14638152239e-18, 2.65161678904e-18, 9.44331100782e-19, 2.31532635592e-19, 2.96216511594e-20],
        "var": [0.128510922194, 9.69960689545, 43.8812026978, 88.5373764038, 124.407600403, 248.481277466, 2210.85302734, 1661.94958496, 3790.89404297, 3862.15551758, 6878.40136719, 9967.26269531, 9857.98242188, 23616.6347656, 8464.17773438, 41178.578125, 18354.6386719, 11261.0224609, 3986.81347656, 1947.13830566, 753.008911133, 96.6784744263, 149.605438232, 104.827774048, 216.887023926, 182.737838745, 159.556442261, 89.8835067749, 43.7823448181, 31.6845645905, 34.0060958862, 20.9041862488, 5.20692873001, 1.55884945393, 0.243160665035, 0.0440001562238, 0.0051793390885, 0.000245436502155, 5.15439751325e-06, 5.85068971048e-09]
    },
    "gfcc": {
        "mean": [-78.0424041748, 125.862998962, -107.842102051, 16.0664672852, -61.8258094788, 13.5334014893, -35.9634056091, -2.48403978348, -27.0581893921, -7.42648887634, -7.71994638443, -9.65459823608, -9.05466270447],
        "cov": [[22158.9960938, -711.789550781, -1223.62475586, 200.056182861, -731.448181152, 1189.9855957, 623.041992188, 815.407287598, 106.048934937, 708.078613281, 240.716003418, 594.036499023, 60.2742500305], [-711.789550781, 2479.3112793, -6.61144542694, -324.681671143, 350.3019104, -360.449523926, 170.226470947, -296.160339355, 216.134613037, -235.914886475, 154.900497437, -170.205627441, 151.790527344], [-1223.62475586, -6.61144542694, 793.496948242, 224.787719727, 126.741249084, -54.4857826233, -52.9651641846, -7.36960077286, -4.14793109894, 34.0493469238, -56.6214942932, 49.5711250305, 39.9389724731], [200.056182861, -324.681671143, 224.787719727, 528.558166504, 110.200141907, 34.2260475159, -23.5579414368, 10.8177146912, 62.1783905029, 81.9831314087, -34.8850021362, 24.9486122131, 58.8790473938], [-731.448181152, 350.3019104, 126.741249084, 110.200141907, 559.348937988, 86.3871612549, 137.781799316, -60.0702362061, 111.630050659, 60.0689201355, -31.0744857788, 46.3806991577, 35.9584732056], [1189.9855957, -360.449523926, -54.4857826233, 34.2260475159, 86.3871612549, 399.231292725, 157.616287231, 127.457717896, 41.5144882202, 118.432029724, 10.9797430038, 118.489501953, -10.20333004], [623.041992188, 170.226470947, -52.9651641846, -23.5579414368, 137.781799316, 157.616287231, 272.61428833, 93.4751739502, 93.1325683594, 66.6945800781, 46.4295578003, 70.9522171021, 23.7073078156], [815.407287598, -296.160339355, -7.36960077286, 10.8177146912, -60.0702362061, 127.457717896, 93.4751739502, 227.314605713, 43.4355506897, 92.7578659058, 25.6917915344, 82.4611434937, -2.59025549889], [106.048934937, 216.134613037, -4.14793109894, 62.1783905029, 111.630050659, 41.5144882202, 93.1325683594, 43.4355506897, 212.559112549, 60.3898353577, 34.5137329102, 30.1388130188, 64.4193649292], [708.078613281, -235.914886475, 34.0493469238, 81.9831314087, 60.0689201355, 118.432029724, 66.6945800781, 92.7578659058, 60.3898353577, 180.892471313, -3.20539522171, 83.498588562, 21.8621292114], [240.716003418, 154.900497437, -56.6214942932, -34.8850021362, -31.0744857788, 10.9797430038, 46.4295578003, 25.6917915344, 34.5137329102, -3.20539522171, 113.773620605, 1.71389138699, 22.1944980621], [594.036499023, -170.205627441, 49.5711250305, 24.9486122131, 46.3806991577, 118.489501953, 70.9522171021, 82.4611434937, 30.1388130188, 83.498588562, 1.71389138699, 144.465118408, 13.4470729828], [60.2742500305, 151.790527344, 39.9389724731, 58.8790473938, 35.9584732056, -10.20333004, 23.7073078156, -2.59025549889, 64.4193649292, 21.8621292114, 22.1944980621, 13.4470729828, 129.429016113]],
        "icov": [[9.71339322859e-05, -0.000190952196135, 0.000191669503693, -0.00022903548961, 0.000271941942628, -0.000273204030236, 5.21445836057e-05, -0.000187630299479, 0.000246803974733, -0.000350869231625, 0.000109041182441, -0.000288004404865, 6.10097922618e-05], [-0.000190952196135, 0.00170126417652, -0.000644738029223, 0.0013357634889, -0.00114751933143, 0.00151952065062, -0.00130325369537, 0.00156554032583, -0.00158648658544, 0.00164348038379, -0.00140531861689, 0.00113687198609, -0.000971438770648], [0.000191669503693, -0.000644738029223, 0.00206892518327, -0.00120998942293, 0.000240827124799, -0.000253013859037, 0.000675091287121, -0.000912437448278, 0.00107843964361, -0.000767619581893, 0.000833994534332, -0.00151651410852, -4.2438343371e-05], [-0.00022903548961, 0.0013357634889, -0.00120998942293, 0.00367973325774, -0.00133148883469, 0.000931265938561, -0.000184332398931, 0.00113870843779, -0.00180306052789, 0.000547712494154, -0.000609028211329, 0.00160761899315, -0.00151826627553], [0.000271941942628, -0.00114751933143, 0.000240827124799, -0.00133148883469, 0.0040596597828, -0.00153203553054, -0.0010713993106, 0.00106278806925, 1.70879811776e-05, -0.00189836858772, 0.00195018365048, -0.00145859317854, 0.000848679686897], [-0.000273204030236, 0.00151952065062, -0.000253013859037, 0.000931265938561, -0.00153203553054, 0.00590914860368, -0.00259730406106, 0.000564620888326, -0.000901366584003, 0.000592153635807, -0.00108390150126, -0.000701781013049, -1.44873738464e-05], [5.21445836057e-05, -0.00130325369537, 0.000675091287121, -0.000184332398931, -0.0010713993106, -0.00259730406106, 0.00827933195978, -0.0032083732076, -0.000126656523207, -0.000714387802873, -0.00078202073928, -0.0012937891297, 0.000344083615346], [-0.000187630299479, 0.00156554032583, -0.000912437448278, 0.00113870843779, 0.00106278806925, 0.000564620888326, -0.0032083732076, 0.00972683914006, -0.00252940086648, -0.000845001311973, -0.00180293456651, -0.00104478746653, 0.000365860643797], [0.000246803974733, -0.00158648658544, 0.00107843964361, -0.00180306052789, 1.70879811776e-05, -0.000901366584003, -0.000126656523207, -0.00252940086648, 0.00896833464503, -0.00295382412151, -0.00011727236415, -0.000703102792613, -0.00174174341373], [-0.000350869231625, 0.00164348038379, -0.000767619581893, 0.000547712494154, -0.00189836858772, 0.000592153635807, -0.000714387802873, -0.000845001311973, -0.00295382412151, 0.0117359440774, -0.000281039974652, -0.00152905099094, -0.00139339582529], [0.000109041182441, -0.00140531861689, 0.000833994534332, -0.000609028211329, 0.00195018365048, -0.00108390150126, -0.00078202073928, -0.00180293456651, -0.00011727236415, -0.000281039974652, 0.0122645674273, -0.000488503545057, -0.000849592499435], [-0.000288004404865, 0.00113687198609, -0.00151651410852, 0.00160761899315, -0.00145859317854, -0.000701781013049, -0.0012937891297, -0.00104478746653, -0.000703102792613, -0.00152905099094, -0.000488503545057, 0.0131466314197, -0.00157043465879], [6.10097922618e-05, -0.000971438770648, -4.2438343371e-05, -0.00151826627553, 0.000848679686897, -1.44873738464e-05, 0.000344083615346, 0.000365860643797, -0.00174174341373, -0.00139339582529, -0.000849592499435, -0.00157043465879, 0.0106593631208]]
    },
    "melbands": {
        "dmean": [0.000676739844494, 0.000762697076425, 0.000605477194767, 0.00030825950671, 0.000268349278485, 0.000252800469752, 0.000178393587703, 0.000122593613924, 0.000189897735254, 0.000126490587718, 9.97095921775e-05, 0.000135325783049, 6.96790448274e-05, 7.4170420703e-05, 0.000112268586236, 5.3851697885e-05, 2.8225056667e-05, 1.68450533238e-05, 2.02677019843e-05, 8.52988341649e-06, 4.15109161622e-06, 3.02733496937e-06, 2.91370611194e-06, 2.6872980925e-06, 1.89709317056e-06, 2.29831152865e-06, 2.78134234577e-06, 2.0928430331e-06, 1.553159791e-06, 1.4120596461e-06, 1.00383829249e-06, 8.2623586195e-07, 6.97469829447e-07, 6.76831120927e-07, 7.92357241153e-07, 6.88972534135e-07, 5.73059764974e-07, 3.94057508402e-07, 2.56397612475e-07, 1.96921064344e-07],
        "dmean2": [0.00103767507244, 0.00120143103413, 0.00104487151839, 0.000519013672601, 0.000408671039622, 0.000405191647587, 0.000280436710455, 0.000190380495042, 0.000283380679321, 0.000190649341675, 0.000152043314301, 0.000207931167097, 0.000104039492726, 0.000112301524496, 0.000169652339537, 8.39856875245e-05, 4.24092941103e-05, 2.5399700462e-05, 3.25469845848e-05, 1.38919212986e-05, 6.51090203974e-06, 4.92330718771e-06, 4.65427683594e-06, 4.33404829892e-06, 3.01987688545e-06, 3.59534692507e-06, 4.2679193939e-06, 3.21562561112e-06, 2.45200135396e-06, 2.33959940488e-06, 1.58754119184e-06, 1.24059886275e-06, 1.0455487427e-06, 9.99961571324e-07, 1.22384494716e-06, 1.03974991816e-06, 8.45336899147e-07, 5.84534404879e-07, 3.77520393613e-07, 2.97946940009e-07],
        "dvar": [4.68331518277e-06, 7.32440048523e-06, 2.51911455962e-06, 3.97822475406e-07, 3.53648204054e-07, 2.82267393459e-07, 2.57193647712e-07, 1.55503670385e-07, 2.29679230301e-07, 1.17289964408e-07, 1.40400302939e-07, 1.07385105252e-07, 3.26922275917e-08, 6.13518764681e-08, 1.01379555417e-07, 2.89454025193e-08, 1.06396633726e-08, 5.12017583887e-09, 4.50321158141e-09, 1.37638012099e-09, 3.00066860248e-10, 6.9087180421e-11, 6.5380388603e-11, 6.45111949971e-11, 3.17028833741e-11, 1.06213669804e-10, 6.86288526008e-11, 4.16368987899e-11, 5.6891182737e-11, 5.97098342991e-11, 1.99183568944e-11, 8.9083818447e-12, 7.56839382832e-12, 5.00408178436e-12, 8.16988143804e-12, 8.56088984424e-12, 3.8440149501e-12, 1.67475300121e-12, 1.00370699165e-12, 6.22704795714e-13],
        "dvar2": [1.1137401998e-05, 1.70518269442e-05, 7.09650385033e-06, 1.06544894152e-06, 7.85477652698e-07, 6.65151731027e-07, 5.78324318212e-07, 3.79179937227e-07, 4.9759802323e-07, 2.77079266198e-07, 3.29129903776e-07, 2.41960293579e-07, 6.83825618353e-08, 1.5499016115e-07, 2.25863331593e-07, 6.81426186588e-08, 2.15084572375e-08, 1.07976019237e-08, 1.08841922142e-08, 3.51145490463e-09, 7.1311667682e-10, 1.62271737714e-10, 1.55702228888e-10, 1.54707774369e-10, 7.71504388153e-11, 2.83790629885e-10, 1.57389906663e-10, 9.20960668838e-11, 1.43951253695e-10, 1.64622759868e-10, 5.06283834301e-11, 1.82559592443e-11, 1.5800760006e-11, 9.73788497755e-12, 1.96040336742e-11, 1.98801634876e-11, 7.85308103268e-12, 3.24221335543e-12, 2.07046012279e-12, 1.2243144866e-12],
        "max": [0.0443729199469, 0.0589961856604, 0.0287854522467, 0.0134007576853, 0.0185614041984, 0.01214147266, 0.0182483308017, 0.00985532999039, 0.00997872464359, 0.0124285956845, 0.0137089015916, 0.00849782209843, 0.00557905668393, 0.0103539414704, 0.00837812945247, 0.00377462385222, 0.00300860940479, 0.00223175412975, 0.00163561629597, 0.00111875170842, 0.00042308634147, 0.000212712940993, 0.000130942717078, 0.000170107305166, 0.00015370422625, 0.000569405849092, 0.000300556566799, 0.00017319341714, 0.000401343480917, 0.000183412630577, 9.11133902264e-05, 7.25002319086e-05, 0.000105821505713, 5.82327156735e-05, 6.86948405928e-05, 0.000102319834696, 5.37347077625e-05, 4.12853478338e-05, 5.03660739923e-05, 3.57064491254e-05],
        "mean": [0.00175566598773, 0.00169672467746, 0.00102340523154, 0.000608115573414, 0.000653346301988, 0.000571306969505, 0.000353866111254, 0.000223319249926, 0.000368670094758, 0.000256990431808, 0.000184982534847, 0.000265926239081, 0.000138684525155, 0.000166193785844, 0.000256844650721, 0.000113351554319, 5.47406816622e-05, 3.15725264954e-05, 3.76009738829e-05, 1.56943515321e-05, 7.60884313422e-06, 5.12911356054e-06, 4.91828632221e-06, 4.88587738801e-06, 3.60941135114e-06, 4.12938743466e-06, 5.44777822142e-06, 3.83673113902e-06, 2.45531623477e-06, 1.8494639562e-06, 1.45256922224e-06, 1.39048529491e-06, 1.08749361516e-06, 1.11475753783e-06, 1.25166013731e-06, 1.11914368972e-06, 9.63811203292e-07, 6.89457181124e-07, 4.48727661251e-07, 3.20031205092e-07],
        "median": [0.000106595289253, 0.000270664226264, 0.000567387789488, 0.000319778046105, 0.000258779968135, 0.000273982121143, 8.57919658301e-05, 3.65838641301e-05, 7.34404820832e-05, 6.32490045973e-05, 3.07302034344e-05, 4.24220197601e-05, 2.19369376282e-05, 1.8007667677e-05, 1.58966977324e-05, 8.61199714564e-06, 7.25055951989e-06, 3.79060361411e-06, 2.88767660095e-06, 1.35082598263e-06, 1.01951764009e-06, 1.44843761518e-06, 1.19002481824e-06, 7.93370645624e-07, 5.37847199666e-07, 7.58278702051e-07, 1.07735422716e-06, 4.74333319289e-07, 2.37048908502e-07, 1.465460997e-07, 1.40602381293e-07, 1.03575544586e-07, 9.41270101862e-08, 1.38536250915e-07, 1.36597776645e-07, 1.22393430502e-07, 9.27676495621e-08, 8.068785462e-08, 4.31936868495e-08, 3.05453404792e-08],
        "min": [8.1022242037e-25, 1.65987378511e-24, 2.53487475131e-24, 1.11113878678e-24, 3.34689621828e-24, 3.87962976479e-24, 3.23412086048e-24, 1.45851023513e-24, 3.64389091061e-24, 4.17232989836e-24, 3.45447633537e-24, 2.68956327507e-24, 3.99203061087e-24, 4.9821413715e-24, 3.64391575973e-24, 4.48635097004e-24, 5.44713543208e-24, 3.34536306711e-24, 3.76854276655e-24, 5.07536895328e-24, 3.9680886824e-24, 2.6505150547e-24, 6.32093101881e-24, 5.52572333318e-24, 6.84057736291e-24, 4.90234927423e-24, 5.8478361456e-24, 6.03028152917e-24, 4.80597019313e-24, 5.43369718656e-24, 5.91579769587e-24, 6.49224163071e-24, 6.92272775986e-24, 6.83580238785e-24, 5.11087597705e-24, 5.64358585774e-24, 6.58756521592e-24, 7.03283617615e-24, 7.50954087687e-24, 7.68411895064e-24],
        "var": [1.20809663713e-05, 1.23503768918e-05, 2.58401701103e-06, 7.24755864212e-07, 1.75803972979e-06, 8.67626681611e-07, 7.98109340394e-07, 3.68403448192e-07, 6.32130081613e-07, 4.11582760762e-07, 2.85149127421e-07, 3.73982061319e-07, 1.16898817737e-07, 2.97938271387e-07, 5.05141997564e-07, 1.14338767787e-07, 3.65838381811e-08, 1.7498338778e-08, 1.31279058735e-08, 3.95616028825e-09, 7.10066672127e-10, 1.07144626504e-10, 1.08685595246e-10, 1.27295798902e-10, 6.81689704685e-11, 1.24627363984e-10, 1.52939549913e-10, 8.5797577376e-11, 9.17553602542e-11, 5.59595494942e-11, 2.38826944332e-11, 1.60621654866e-11, 1.23458977416e-11, 9.99544197411e-12, 1.26217265806e-11, 1.21134898987e-11, 6.99215121566e-12, 3.43163149806e-12, 1.69323919035e-12, 1.05184708599e-12]
    },
    "mfcc": {
        "mean": [-721.443969727, 152.681762695, 13.3155593872, 7.71883106232, -0.570489764214, 3.7435541153, 4.57747745514, 0.171583339572, -11.8756341934, 1.39579355717, -7.93520355225, -3.82013988495, -4.89173364639],
        "cov": [[17751.1582031, -229.494369507, -672.083984375, -321.923126221, -734.673034668, 388.672363281, 471.590057373, 679.536743164, 281.826293945, 590.418273926, 333.422637939, 544.980285645, 526.178039551], [-229.494369507, 2227.47875977, -123.105056763, -43.152961731, 39.8135871887, -22.9853668213, -3.73761510849, -7.01298904419, 4.92140197754, -24.2107658386, -11.0507907867, -8.23415279388, 27.8083305359], [-672.083984375, -123.105056763, 555.256713867, 137.217727661, 55.4814414978, -19.8899822235, -54.9164886475, -48.8720817566, -11.1175756454, -30.6041374207, -49.1691093445, -49.023147583, -3.36806106567], [-321.923126221, -43.152961731, 137.217727661, 452.687225342, 171.389572144, 74.4937591553, -47.9081878662, -73.1471862793, 74.3793487549, -20.2220745087, -19.7657852173, -35.3048019409, 9.09011077881], [-734.673034668, 39.8135871887, 55.4814414978, 171.389572144, 289.033630371, 119.585044861, -5.48816394806, -36.0215873718, 79.4793624878, -45.6876792908, 17.8513412476, -26.9285850525, -10.044798851], [388.672363281, -22.9853668213, -19.8899822235, 74.4937591553, 119.585044861, 310.198608398, 87.2450714111, 65.2362442017, 151.368408203, -17.3136749268, 77.8782272339, 60.56508255, 28.1170158386], [471.590057373, -3.73761510849, -54.9164886475, -47.9081878662, -5.48816394806, 87.2450714111, 192.535507202, 84.8678665161, 41.5709571838, 26.4461307526, 32.3416633606, 51.2388191223, 30.306016922], [679.536743164, -7.01298904419, -48.8720817566, -73.1471862793, -36.0215873718, 65.2362442017, 84.8678665161, 206.032989502, 43.61095047, 61.3570518494, 47.5177497864, 67.5261917114, 56.0844688416], [281.826293945, 4.92140197754, -11.1175756454, 74.3793487549, 79.4793624878, 151.368408203, 41.5709571838, 43.61095047, 245.602584839, 25.8501472473, 81.2175292969, 69.9165649414, 62.818397522], [590.418273926, -24.2107658386, -30.6041374207, -20.2220745087, -45.6876792908, -17.3136749268, 26.4461307526, 61.3570518494, 25.8501472473, 158.532119751, 15.4987735748, 55.2403755188, 30.0273914337], [333.422637939, -11.0507907867, -49.1691093445, -19.7657852173, 17.8513412476, 77.8782272339, 32.3416633606, 47.5177497864, 81.2175292969, 15.4987735748, 153.819885254, 48.1064453125, 46.5697174072], [544.980285645, -8.23415279388, -49.023147583, -35.3048019409, -26.9285850525, 60.56508255, 51.2388191223, 67.5261917114, 69.9165649414, 55.2403755188, 48.1064453125, 132.076507568, 58.9669761658], [526.178039551, 27.8083305359, -3.36806106567, 9.09011077881, -10.044798851, 28.1170158386, 30.306016922, 56.0844688416, 62.818397522, 30.0273914337, 46.5697174072, 58.9669761658, 135.184326172]],
