{
"lowlevel": {
    "average_loudness": 0.90317940712,
    "barkbands_crest": {
        "dmean": 2.65951156616,
        "dmean2": 3.96589565277,
        "dvar": 6.27056646347,
        "dvar2": 14.0142440796,
        "max": 26.7735309601,
        "mean": 12.869474411,
        "median": 12.053601265,
        "min": 2.77025270462,
        "var": 30.4498100281
    },
    "barkbands_flatness_db": {
        "dmean": 0.0284100156277,
        "dmean2": 0.0402662530541,
        "dvar": 0.000839354295749,
        "dvar2": 0.00175527529791,
        "max": 0.450784534216,
        "mean": 0.172583818436,
        "median": 0.164786070585,
        "min": 0.0157439336181,
        "var": 0.00515473913401
    },
    "barkbands_kurtosis": {
        "dmean": 5.55786561966,
        "dmean2": 8.74358463287,
        "dvar": 260.41986084,
        "dvar2": 657.985961914,
        "max": 493.746337891,
        "mean": 7.45759248734,
        "median": 2.31057953835,
        "min": -1.97064995766,
        "var": 415.65423584
    },
    "barkbands_skewness": {
        "dmean": 0.743173062801,
        "dmean2": 1.10851693153,
        "dvar": 0.905953943729,
        "dvar2": 2.14435744286,
        "max": 18.4775943756,
        "mean": 1.89302814007,
        "median": 1.54819989204,
        "min": -2.01630949974,
        "var": 3.17081284523
    },
    "barkbands_spread": {
        "dmean": 7.75658798218,
        "dmean2": 11.8550872803,
        "dvar": 96.4133529663,
        "dvar2": 229.502120972,
        "max": 127.313011169,
        "mean": 25.0508365631,
        "median": 19.2919311523,
        "min": 0.238777756691,
        "var": 354.578552246
    },
    "dissonance": {
        "dmean": 0.023973017931,
        "dmean2": 0.0403373017907,
        "dvar": 0.000669772329275,
        "dvar2": 0.00180421920959,
        "max": 0.499999970198,
        "mean": 0.454807162285,
        "median": 0.467545151711,
        "min": 0.16422046721,
        "var": 0.00166062568314
    },
    "dynamic_complexity": 2.92079567909,
    "erbbands_crest": {
        "dmean": 2.90990614891,
        "dmean2": 4.5712018013,
        "dvar": 7.33649301529,
        "dvar2": 17.5041294098,
        "max": 32.7560348511,
        "mean": 10.5161952972,
        "median": 9.46237182617,
        "min": 2.13868951797,
        "var": 26.6753749847
    },
    "erbbands_flatness_db": {
        "dmean": 0.0222555436194,
        "dmean2": 0.0315377041698,
        "dvar": 0.000491846119985,
        "dvar2": 0.000906313827727,
        "max": 0.447042763233,
        "mean": 0.173761874437,
        "median": 0.168862134218,
        "min": 0.0354788862169,
        "var": 0.00471364846453
    },
    "erbbands_kurtosis": {
        "dmean": 1.41342270374,
        "dmean2": 2.20397830009,
        "dvar": 6.06006526947,
        "dvar2": 14.4979743958,
        "max": 67.1800003052,
        "mean": 1.23524832726,
        "median": -0.0251493453979,
        "min": -1.8594315052,
        "var": 18.5048179626
    },
    "erbbands_skewness": {
        "dmean": 0.455184876919,
        "dmean2": 0.685491025448,
        "dvar": 0.193952932954,
        "dvar2": 0.445244401693,
        "max": 6.76035785675,
        "mean": 0.177545845509,
        "median": 0.0876780226827,
        "min": -3.16243314743,
        "var": 1.09984183311
    },
    "erbbands_spread": {
        "dmean": 10.9473276138,
        "dmean2": 16.5571174622,
        "dvar": 198.81817627,
        "dvar2": 462.610839844,
        "max": 193.625686646,
        "mean": 39.3081436157,
        "median": 35.0075378418,
        "min": 1.32811403275,
        "var": 559.818603516
    },
    "hfc": {
        "dmean": 8.49938774109,
        "dmean2": 12.9559726715,
        "dvar": 223.940490723,
        "dvar2": 536.337219238,
        "max": 202.889724731,
        "mean": 20.0576839447,
        "median": 11.2094516754,
        "min": 1.16746762878e-16,
        "var": 524.451293945
    },
    "melbands_crest": {
        "dmean": 3.26302218437,
        "dmean2": 5.06404876709,
        "dvar": 10.2313146591,
        "dvar2": 24.1077423096,
        "max": 39.63463974,
        "mean": 17.7014026642,
        "median": 16.8413162231,
        "min": 2.24405145645,
        "var": 45.0561599731
    },
    "melbands_flatness_db": {
        "dmean": 0.0335971079767,
        "dmean2": 0.0482293888927,
        "dvar": 0.00118161318824,
        "dvar2": 0.00257605314255,
        "max": 0.570474088192,
        "mean": 0.243833467364,
        "median": 0.237080961466,
        "min": 0.00911245681345,
        "var": 0.00630668504164
    },
    "melbands_kurtosis": {
        "dmean": 14.0004577637,
        "dmean2": 22.0951404572,
        "dvar": 1245.93127441,
        "dvar2": 3237.06079102,
        "max": 731.01348877,
        "mean": 22.7905044556,
        "median": 9.33641052246,
        "min": -1.85381674767,
        "var": 2042.38330078
    },
    "melbands_skewness": {
        "dmean": 1.03240346909,
        "dmean2": 1.53992164135,
        "dvar": 1.71002864838,
        "dvar2": 3.96294784546,
        "max": 23.5947799683,
        "mean": 3.2791492939,
        "median": 2.73718452454,
        "min": -1.38877546787,
        "var": 6.28177642822
    },
    "melbands_spread": {
        "dmean": 7.73793935776,
        "dmean2": 11.5174636841,
        "dvar": 99.7844390869,
        "dvar2": 212.914260864,
        "max": 185.527740479,
        "mean": 23.0156784058,
        "median": 15.4755420685,
        "min": 0.307551115751,
        "var": 419.727783203
    },
    "pitch_salience": {
        "dmean": 0.0768114551902,
        "dmean2": 0.119179114699,
        "dvar": 0.00609522219747,
        "dvar2": 0.0142103740945,
        "max": 0.957764565945,
        "mean": 0.45036610961,
        "median": 0.452650368214,
        "min": 0.0176460370421,
        "var": 0.0205326061696
    },
    "silence_rate_20dB": {
        "dmean": 0,
        "dmean2": 0,
        "dvar": 0,
        "dvar2": 0,
        "max": 1,
        "mean": 1,
        "median": 1,
        "min": 1,
        "var": 0
    },
    "silence_rate_30dB": {
        "dmean": 0,
        "dmean2": 0,
        "dvar": 0,
        "dvar2": 0,
        "max": 1,
        "mean": 1,
        "median": 1,
        "min": 1,
        "var": 0
    },
    "silence_rate_60dB": {
        "dmean": 0.0287216305733,
        "dmean2": 0.0574506297708,
        "dvar": 0.0278957486153,
        "dvar2": 0.0628660321236,
        "max": 1,
        "mean": 0.0821794867516,
        "median": 0,
        "min": 0,
        "var": 0.075421564281
    },
    "spectral_centroid": {
        "dmean": 320.357910156,
        "dmean2": 467.1199646,
        "dvar": 139492.078125,
        "dvar2": 270690.71875,
        "max": 11116.4375,
        "mean": 1678.75720215,
        "median": 1578.29150391,
        "min": 179.556777954,
        "var": 871448.75
    },
    "spectral_complexity": {
        "dmean": 3.51250171661,
        "dmean2": 5.51013088226,
        "dvar": 21.8279647827,
        "dvar2": 48.7852058411,
        "max": 57,
        "mean": 13.3180770874,
        "median": 12,
        "min": 0,
        "var": 66.3122177124
    },
    "spectral_decrease": {
        "dmean": 1.69201430644e-09,
        "dmean2": 2.34678432243e-09,
        "dvar": 4.84948820257e-18,
        "dvar2": 9.8920362242e-18,
        "max": -4.29101886064e-29,
        "mean": -6.0314420125e-09,
        "median": -4.75448391768e-09,
        "min": -2.67800359666e-08,
        "var": 2.07081307999e-17
    },
    "spectral_energy": {
        "dmean": 0.00686179194599,
        "dmean2": 0.00955958478153,
        "dvar": 8.07654796517e-05,
        "dvar2": 0.000163469827385,
        "max": 0.111804001033,
        "mean": 0.024583267048,
        "median": 0.019383257255,
        "min": 1.07512371986e-20,
        "var": 0.000339590013027
    },
    "spectral_energyband_high": {
        "dmean": 0.000830486416817,
        "dmean2": 0.0012944486225,
        "dvar": 2.42298256126e-06,
        "dvar2": 5.76496358917e-06,
        "max": 0.0211485140026,
        "mean": 0.00152303359937,
        "median": 0.000485871918499,
        "min": 7.71122081608e-21,
        "var": 5.5905688896e-06
    },
    "spectral_energyband_low": {
        "dmean": 0.00456160167232,
        "dmean2": 0.00640261918306,
        "dvar": 4.63296746602e-05,
        "dvar2": 0.000101309546153,
        "max": 0.0709970891476,
        "mean": 0.0137043101713,
        "median": 0.00764881726354,
        "min": 4.70039772705e-23,
        "var": 0.000208857498365
    },
    "spectral_energyband_middle_high": {
        "dmean": 0.00156505289488,
        "dmean2": 0.00221666321158,
        "dvar": 6.02828140472e-06,
        "dvar2": 1.06273209894e-05,
        "max": 0.0457731038332,
        "mean": 0.00429121917114,
        "median": 0.00211132853292,
        "min": 1.82812145838e-21,
        "var": 2.85545538645e-05
    },
    "spectral_energyband_middle_low": {
        "dmean": 0.00314692081884,
        "dmean2": 0.00514340866357,
        "dvar": 4.57801870652e-05,
        "dvar2": 0.000125925042084,
        "max": 0.0716030523181,
        "mean": 0.00572150805965,
        "median": 0.00359456031583,
        "min": 1.76148285624e-22,
        "var": 4.74157095596e-05
    },
    "spectral_entropy": {
        "dmean": 0.24173733592,
        "dmean2": 0.353771716356,
        "dvar": 0.0611293800175,
        "dvar2": 0.128077730536,
        "max": 9.80068492889,
        "mean": 7.35833454132,
        "median": 7.36252260208,
        "min": 5.62655639648,
        "var": 0.317384630442
    },
    "spectral_flux": {
        "dmean": 0.0247648339719,
        "dmean2": 0.0360547527671,
        "dvar": 0.000730022438802,
        "dvar2": 0.00123743386939,
        "max": 0.294482856989,
        "mean": 0.0744626149535,
        "median": 0.0623855441809,
        "min": 1.03688176101e-10,
        "var": 0.00242757704109
    },
    "spectral_kurtosis": {
        "dmean": 2.04908657074,
        "dmean2": 3.36173152924,
        "dvar": 6.4675784111,
        "dvar2": 16.454782486,
        "max": 60.428478241,
        "mean": 5.09162855148,
        "median": 4.04292726517,
        "min": -1.31011676788,
        "var": 20.0226860046
    },
    "spectral_rms": {
        "dmean": 0.000679401156958,
        "dmean2": 0.00091019278625,
        "dvar": 5.7076607618e-07,
        "dvar2": 1.02500359844e-06,
        "max": 0.0104439966381,
        "mean": 0.00450198957697,
        "median": 0.00434861984104,
        "min": 3.2386743027e-12,
        "var": 3.71580495084e-06
    },
    "spectral_rolloff": {
        "dmean": 616.88873291,
        "dmean2": 1032.38012695,
        "dvar": 1366809.125,
        "dvar2": 3272949.25,
        "max": 18776.953125,
        "mean": 1528.44958496,
        "median": 861.328125,
        "min": 21.533203125,
        "var": 2710173.5
    },
    "spectral_skewness": {
        "dmean": 0.272513836622,
        "dmean2": 0.428992390633,
        "dvar": 0.0812263041735,
        "dvar2": 0.188122987747,
        "max": 5.9801402092,
        "mean": 1.51757514477,
        "median": 1.34149849415,
        "min": -0.107932768762,
        "var": 0.421962559223
    },
    "spectral_spread": {
        "dmean": 879636.3125,
        "dmean2": 1306251.375,
        "dvar": 1.82534196429e+12,
        "dvar2": 3.73900260147e+12,
        "max": 40546024,
        "mean": 4678500.5,
        "median": 3955936,
        "min": 1159517,
        "var": 4.66201031475e+12
    },
    "spectral_strongpeak": {
        "dmean": 0.387946903706,
        "dmean2": 0.648312091827,
        "dvar": 0.881975471973,
        "dvar2": 2.15776586533,
        "max": 18.9049320221,
        "mean": 0.72919356823,
        "median": 0.38368844986,
        "min": 0,
        "var": 1.25895822048
    },
    "zerocrossingrate": {
        "dmean": 0.0119766332209,
        "dmean2": 0.014822948724,
        "dvar": 0.000214087849599,
        "dvar2": 0.000318326841807,
        "max": 0.53857421875,
        "mean": 0.0570924729109,
        "median": 0.04736328125,
        "min": 0,
        "var": 0.00137820246164
    },
    "barkbands": {
        "dmean": [0.000208931858651, 0.00364475115202, 0.00167836702894, 0.00112612277735, 0.00112530554179, 0.000607707595918, 0.000400237448048, 0.000339616177371, 0.000546977564227, 0.000469592952868, 0.000433644483564, 0.000354186631739, 0.000155956979143, 0.000188894526218, 0.0002240708709, 0.000180859075044, 0.000180940667633, 0.00027247730759, 0.000202119917958, 0.000304136163322, 0.000347368913935, 6.96323040756e-05, 8.4122424596e-05, 0.000109644577606, 0.000118875104818, 0.000101760175312, 6.8353979259e-06],
        "dmean2": [0.000293819641229, 0.0047106477432, 0.00289154145867, 0.00202818633988, 0.00190141028725, 0.00097008846933, 0.000669976056088, 0.000531569647137, 0.000859837455209, 0.00073816429358, 0.00067944067996, 0.000522364221979, 0.00024371832842, 0.000300951447571, 0.000343880528817, 0.000284895009827, 0.000272823002888, 0.000403767131502, 0.000309627735987, 0.000452230509836, 0.000513090286404, 0.000115892173199, 0.000143169949297, 0.000190252903849, 0.000202699709916, 0.000178451125976, 1.07242467493e-05],
        "dvar": [1.12339634484e-07, 2.89561121463e-05, 2.4880935598e-05, 1.37993692988e-05, 8.21671528684e-06, 9.32340867621e-07, 1.12474867819e-06, 7.97648169737e-07, 1.92919674191e-06, 1.63552658705e-06, 1.85574583611e-06, 1.14787474104e-06, 2.97158749163e-07, 3.14180908845e-07, 3.27107954945e-07, 1.87107573879e-07, 2.39588302975e-07, 2.68207742238e-07, 2.1137185513e-07, 3.8115038592e-07, 6.04496108281e-07, 3.69652006782e-08, 4.99151759925e-08, 1.1646990572e-07, 8.56305817365e-08, 7.10994854103e-08, 6.08551875558e-10],
        "dvar2": [2.29618663639e-07, 5.10769932589e-05, 6.83582402417e-05, 3.97739422624e-05, 2.31173344218e-05, 2.40089730141e-06, 3.02413263853e-06, 1.76757498593e-06, 4.42766622655e-06, 3.67241705135e-06, 4.40204212282e-06, 2.16454463953e-06, 6.27269457709e-07, 7.41017061046e-07, 7.11338202564e-07, 4.14915973579e-07, 4.67558777473e-07, 5.33531931524e-07, 4.617825482e-07, 7.95320886482e-07, 1.19322419323e-06, 9.29024395191e-08, 1.3115004549e-07, 3.17939452543e-07, 2.24879116217e-07, 1.91128293636e-07, 1.33855104778e-09],
        "max": [0.0066825975664, 0.0572545789182, 0.0453265532851, 0.0472449213266, 0.0492260865867, 0.0130290547386, 0.0296444837004, 0.0252572484314, 0.0314723327756, 0.0348969362676, 0.0277934651822, 0.0251516383141, 0.0214544683695, 0.0137710422277, 0.0102763175964, 0.00796014349908, 0.0170157086104, 0.0101289981976, 0.0107594523579, 0.0142925456166, 0.0165301412344, 0.00268979766406, 0.00385553413071, 0.00574107514694, 0.00362331722863, 0.00281424657442, 0.000636922486592],
        "mean": [0.000498968409374, 0.0104793570936, 0.0021442307625, 0.00107570772525, 0.00139053782914, 0.000910351460334, 0.000604504894, 0.000553220452275, 0.000998770003207, 0.000769177044276, 0.000631575938314, 0.0006087392685, 0.000221501511987, 0.000245743518462, 0.000329482980305, 0.000263550900854, 0.000298879196635, 0.000510346319061, 0.00034084613435, 0.000567439070437, 0.000677978096064, 7.60968177929e-05, 7.78390531195e-05, 0.000101188372355, 0.000117485767987, 7.93775980128e-05, 1.04475066109e-05],
        "median": [0.000160789495567, 0.00424685981125, 0.000778415822424, 0.000304656132357, 0.000545609625988, 0.000518835673574, 0.000191840314073, 0.000112280802568, 0.000206429831451, 0.000127887149574, 6.76583367749e-05, 9.53766866587e-05, 5.01537360833e-05, 4.70094491902e-05, 5.22503651155e-05, 5.99449995207e-05, 5.5270284065e-05, 0.000112304434879, 8.61053194967e-05, 0.00011872430332, 8.12953658169e-05, 1.18846601254e-05, 1.39826033774e-05, 1.09345364763e-05, 1.19617234304e-05, 4.53340408058e-06, 1.45902205873e-07],
        "min": [6.97472158212e-24, 3.52137923431e-24, 3.75962997938e-23, 4.81373061228e-24, 3.19646880558e-23, 1.95637741153e-23, 1.5106391301e-23, 3.68933489966e-23, 2.42290265113e-23, 9.304663602e-23, 5.04111116963e-23, 1.74362140451e-22, 1.69274227426e-22, 3.82270508855e-23, 1.30768386786e-22, 2.16048403204e-22, 2.19128974459e-22, 3.28155660499e-22, 2.54719071597e-22, 3.58060758949e-22, 4.66523706054e-22, 5.36905598339e-22, 7.52734811807e-22, 9.07516086683e-22, 1.04237015449e-21, 1.71925895638e-21, 2.40117768686e-21],
        "var": [6.75463525113e-07, 0.000156023699674, 1.82915810001e-05, 8.59343072079e-06, 7.26426469555e-06, 1.35922266509e-06, 2.16969942812e-06, 2.38792381424e-06, 6.06618596066e-06, 3.73991679226e-06, 3.24797724716e-06, 2.96121970678e-06, 4.77057085391e-07, 4.93906725296e-07, 6.85572388193e-07, 4.01394459004e-07, 6.7980147378e-07, 8.46062732762e-07, 4.81158451748e-07, 9.08042750325e-07, 2.26953829952e-06, 3.65552459414e-08, 4.17646681683e-08, 8.86012117007e-08, 8.24188006732e-08, 5.31928243674e-08, 1.66159730419e-09]
    },
    "erbbands": {
        "dmean": [0.142110556364, 0.752226948738, 1.79524958134, 2.93764567375, 3.8796236515, 3.55283713341, 3.41099572182, 6.19072389603, 6.41287851334, 5.68405008316, 6.78959465027, 9.15562820435, 15.7539196014, 17.3511486053, 17.0926780701, 10.8482246399, 6.45031309128, 9.61189746857, 8.73323059082, 10.5337533951, 9.17318916321, 10.4533777237, 11.3730201721, 13.5551576614, 8.10569477081, 13.4381198883, 18.2932548523, 6.46074485779, 2.42384815216, 2.14825582504, 2.52829885483, 2.4454805851, 1.77500581741, 1.3103621006, 0.92255461216, 0.567861616611, 0.151111811399, 0.0125325182453, 0.00150302681141, 5.07998811372e-05],
        "dmean2": [0.166872486472, 1.03782832623, 2.95091772079, 5.12368011475, 6.79822063446, 5.99690055847, 5.46455669403, 9.72121715546, 10.8073711395, 9.02537345886, 10.6321935654, 14.3697528839, 23.9081382751, 26.963394165, 25.6053009033, 15.7920303345, 9.96447277069, 14.9131612778, 13.4105472565, 15.985622406, 14.0932950974, 15.531545639, 16.6541461945, 20.4914989471, 12.0033712387, 19.0939922333, 25.5459938049, 9.69309997559, 3.95564174652, 3.60261511803, 4.33104419708, 4.22894477844, 3.07385754585, 2.24504232407, 1.57648837566, 0.992544829845, 0.264621734619, 0.0207404140383, 0.0024051296059, 8.00739144324e-05],
        "dvar": [0.0448113381863, 1.47520160675, 23.1377754211, 86.6394348145, 148.092514038, 73.4775543213, 42.3055114746, 94.4689331055, 265.056854248, 168.305038452, 361.907104492, 573.049316406, 1467.45983887, 2443.29052734, 1989.23950195, 1117.23779297, 502.375152588, 835.167663574, 600.778625488, 762.358337402, 481.576202393, 939.175231934, 503.431243896, 925.196166992, 260.574920654, 735.951660156, 1573.37915039, 269.001312256, 42.4090194702, 40.6910133362, 48.0363883972, 49.7144317627, 31.2098312378, 11.1439981461, 5.18860673904, 2.16756534576, 0.159890726209, 0.00104033527896, 3.13282798743e-05, 2.39792505852e-08],
        "dvar2": [0.0635998025537, 2.88935136795, 61.235824585, 244.369155884, 419.450012207, 206.959091187, 110.406074524, 235.008789062, 737.361816406, 378.970031738, 820.766845703, 1341.1706543, 3221.47949219, 5551.81738281, 4439.11328125, 2138.36328125, 1096.92126465, 1845.98791504, 1228.7767334, 1623.70324707, 1005.14312744, 1764.14367676, 975.798217773, 2082.20922852, 526.260437012, 1456.18505859, 2855.93408203, 580.784179688, 105.117897034, 107.025840759, 126.779472351, 133.935958862, 85.7307510376, 29.221206665, 13.7767438889, 5.83105516434, 0.428400486708, 0.00263066054322, 7.05359925632e-05, 5.59998944993e-08],
        "max": [2.59905004501, 13.3453674316, 44.7345085144, 125.840744019, 206.048660278, 100.622436523, 68.1280517578, 141.614776611, 352.02947998, 466.998748779, 510.604248047, 673.012145996, 1265.66503906, 1301.87438965, 1089.30639648, 1148.61425781, 1073.55029297, 807.975402832, 566.800537109, 545.868347168, 513.20715332, 1065.95507812, 453.097106934, 587.868103027, 339.413360596, 1005.95263672, 914.755310059, 403.258728027, 96.6085968018, 92.4122772217, 136.876159668, 125.183509827, 89.8760147095, 40.170753479, 29.9046096802, 16.4503631592, 4.80154371262, 0.649208009243, 0.155008122325, 0.00319750700146],
        "mean": [0.381071090698, 2.01497554779, 2.73186683655, 3.2537753582, 4.21871376038, 4.29104185104, 4.53150129318, 9.32584476471, 9.48837375641, 9.43354129791, 11.6085214615, 15.914358139, 29.535861969, 29.3624992371, 28.9706497192, 18.4591693878, 10.2652511597, 14.3865509033, 14.0788440704, 16.1578407288, 15.4564676285, 18.5129203796, 21.9331684113, 24.9459056854, 16.6422290802, 29.1618614197, 40.2597923279, 12.6255178452, 3.04451656342, 2.11202287674, 2.32271814346, 2.2335691452, 1.62038433552, 1.24166369438, 0.908248722553, 0.465652853251, 0.11593978852, 0.0135602885857, 0.00230245687999, 9.26939610508e-05],
        "median": [0.134171932936, 0.811545550823, 1.36077511311, 1.1687245369, 1.35732555389, 1.61563229561, 2.05772781372, 5.08765125275, 4.28587627411, 3.17186808586, 2.78682804108, 4.44169712067, 7.52245903015, 5.76150846481, 6.80954551697, 4.57390022278, 3.07302713394, 2.99720191956, 2.96625900269, 3.25392317772, 3.92285060883, 3.53682184219, 5.69576025009, 6.37155342102, 4.82939529419, 6.12541294098, 6.10389232635, 1.63824748993, 0.541927933693, 0.323739171028, 0.425558358431, 0.314891159534, 0.139330983162, 0.106869272888, 0.0902772545815, 0.0331606343389, 0.00557996891439, 0.000643039820716, 5.10088066221e-05, 2.99797502521e-05],
        "min": [2.48885085483e-22, 1.09203693806e-21, 3.27801272374e-20, 3.68947562487e-20, 7.91785231024e-20, 6.95617083762e-20, 2.0866363782e-19, 9.9094182357e-20, 1.38027544612e-19, 5.14447145895e-19, 8.29350617492e-19, 6.20369225995e-19, 2.3911099036e-18, 2.17796241695e-18, 3.78439721095e-18, 7.88460536234e-18, 8.09208707538e-18, 2.37376847565e-18, 4.66174260535e-18, 1.03899427047e-17, 9.60015479171e-18, 1.39316041785e-17, 1.5303201983e-17, 1.4284828498e-17, 1.50076619306e-17, 1.55700438311e-17, 1.74887091143e-17, 2.13847066384e-17, 2.11904168017e-17, 2.20123597066e-17, 1.95293074372e-17, 1.55176932245e-17, 1.76566813726e-17, 1.30453843769e-17, 7.13723361682e-18, 5.70792176661e-18, 2.94057144973e-18, 1.34452232191e-18, 3.3610100877e-19, 3.65861791062e-20],
        "var": [0.263104379177, 6.00320863724, 20.9801883698, 58.1740760803, 109.35458374, 65.459236145, 48.387298584, 155.993972778, 413.504272461, 453.586517334, 1050.77282715, 1261.93334961, 5879.97265625, 5282.11181641, 3989.46484375, 2554.35400391, 835.261047363, 1652.67358398, 1573.81628418, 1529.94250488, 1382.90905762, 2741.13623047, 1534.88916016, 2178.70166016, 772.741577148, 2115.25024414, 6941.31640625, 889.706359863, 47.961605072, 34.9478721619, 38.8173866272, 38.6195716858, 23.8970870972, 10.2514810562, 4.94146728516, 1.66494452953, 0.119660794735, 0.00136432657018, 8.11496356619e-05, 5.83000101528e-08]
    },
    "gfcc": {
        "mean": [-35.2000694275, 86.1778869629, -114.792068481, 34.3576011658, -52.6322479248, 10.8622112274, -24.1182231903, 18.8239555359, -27.6173095703, 5.85982894897, -10.6167802811, 1.34798586369, -1.38002455235],
        "cov": [[9141.49414062, -1467.21447754, 1088.44702148, 1560.59741211, 943.382751465, 607.823608398, 370.873138428, 696.785888672, -267.406555176, 655.72442627, -162.500930786, 129.835769653, -93.5610275269], [-1467.21447754, 2510.6875, 268.49029541, 247.287658691, 87.5576705933, -274.043792725, 16.9449424744, -345.687927246, 115.064605713, -205.260620117, 231.758026123, -268.237121582, 85.4057846069], [1088.44702148, 268.49029541, 1616.36853027, 578.98614502, 396.239685059, 395.595794678, -39.8489074707, 125.736076355, 30.8683872223, 90.1153030396, -6.60729932785, 107.903823853, -147.270553589], [1560.59741211, 247.287658691, 578.98614502, 977.660400391, 561.215942383, 141.855361938, 205.890258789, 234.853103638, 13.6384134293, 215.621292114, 36.2017822266, -29.871301651, 41.9918365479], [943.382751465, 87.5576705933, 396.239685059, 561.215942383, 685.606933594, 274.334899902, 283.461975098, 232.399368286, 28.0250339508, 138.303039551, 36.2125205994, 18.9128379822, 13.1790552139], [607.823608398, -274.043792725, 395.595794678, 141.855361938, 274.334899902, 476.323944092, 158.922134399, 148.330764771, 27.4118652344, 59.562664032, 1.36693835258, 78.9714736938, -86.8707275391], [370.873138428, 16.9449424744, -39.8489074707, 205.890258789, 283.461975098, 158.922134399, 371.423492432, 188.079803467, 31.746925354, 102.968788147, 48.4595222473, -36.7733268738, 50.6099624634], [696.785888672, -345.687927246, 125.736076355, 234.853103638, 232.399368286, 148.330764771, 188.079803467, 340.607269287, 45.4187774658, 140.507965088, -38.3958053589, 38.4194145203, 27.3084106445], [-267.406555176, 115.064605713, 30.8683872223, 13.6384134293, 28.0250339508, 27.4118652344, 31.746925354, 45.4187774658, 180.027313232, -13.058763504, 16.0515537262, -30.2085952759, 1.75231349468], [655.72442627, -205.260620117, 90.1153030396, 215.621292114, 138.303039551, 59.562664032, 102.968788147, 140.507965088, -13.058763504, 236.628997803, 35.6809997559, 12.9160509109, 13.1194534302], [-162.500930786, 231.758026123, -6.60729932785, 36.2017822266, 36.2125205994, 1.36693835258, 48.4595222473, -38.3958053589, 16.0515537262, 35.6809997559, 146.48928833, -1.53971624374, 17.0473613739], [129.835769653, -268.237121582, 107.903823853, -29.871301651, 18.9128379822, 78.9714736938, -36.7733268738, 38.4194145203, -30.2085952759, 12.9160509109, -1.53971624374, 155.608016968, -0.0803452432156], [-93.5610275269, 85.4057846069, -147.270553589, 41.9918365479, 13.1790552139, -86.8707275391, 50.6099624634, 27.3084106445, 1.75231349468, 13.1194534302, 17.0473613739, -0.0803452432156, 128.483566284]],
        "icov": [[0.000213553197682, 0.000104780476249, -1.76379890036e-05, -0.000322639272781, 3.57004355465e-05, -9.18852601899e-05, -1.31260378566e-06, -5.28684868186e-05, 0.000287455884973, -0.000180181101314, 0.000128572559333, 7.98594992375e-05, 0.000114523318189], [0.000104780476249, 0.00111874460708, -0.000518420652952, -0.000282962224446, -0.000249053060543, 0.000542071415111, -0.000316650985042, 0.000772681203671, -0.000179935523192, 0.000977091607638, -0.00136060267687, 0.00150592508726, -0.000732392480131], [-1.76379890036e-05, -0.000518420652952, 0.00150438770652, -0.000743337033782, 2.85363548755e-05, -0.00106101157144, 0.00098171737045, -0.00037598866038, -0.000105393177364, -0.000345248903614, 0.000571458076593, -0.00119050859939, 0.00123210065067], [-0.000322639272781, -0.000282962224446, -0.000743337033782, 0.0034529750701, -0.0019795591943, 0.000720907235518, 0.000416921044234, -0.00052394362865, -3.50584959961e-05, -0.00107930484228, -0.000164746510563, 0.00114286364987, -0.00125653785653], [3.57004355465e-05, -0.000249053060543, 2.85363548755e-05, -0.0019795591943, 0.00436836341396, -0.00119715358596, -0.00177913100924, -0.000471857463708, 0.00011181183072, 0.000298706290778, 0.000182197574759, -0.00108732213266, 0.000357940036338], [-9.18852601899e-05, 0.000542071415111, -0.00106101157144, 0.000720907235518, -0.00119715358596, 0.00543291633949, -0.00259395223111, 0.000196486857021, -0.00078721717, 0.00077356537804, -0.000486366741825, -0.00160836381838, 0.00289239082485], [-1.31260378566e-06, -0.000316650985042, 0.00098171737045, 0.000416921044234, -0.00177913100924, -0.00259395223111, 0.00761308288202, -0.0031587020494, 0.000833714788314, -0.000443779543275, -0.00211441959254, 0.00314274569973, -0.0023838004563], [-5.28684868186e-05, 0.000772681203671, -0.00037598866038, -0.00052394362865, -0.000471857463708, 0.000196486857021, -0.0031587020494, 0.00826101750135, -0.00265478878282, -0.0023305232171, 0.00314807123505, -0.00158371601719, -0.00128670758568], [0.000287455884973, -0.000179935523192, -0.000105393177364, -3.50584959961e-05, 0.00011181183072, -0.00078721717, 0.000833714788314, -0.00265478878282, 0.0072856019251, 0.0009691453306, -0.00138522672933, 0.00207491754554, -0.000101514888229], [-0.000180181101314, 0.000977091607638, -0.000345248903614, -0.00107930484228, 0.000298706290778, 0.00077356537804, -0.000443779543275, -0.0023305232171, 0.0009691453306, 0.00850871670991, -0.00420600641519, 0.00134878302924, 1.57030099217e-05], [0.000128572559333, -0.00136060267687, 0.000571458076593, -0.000164746510563, 0.000182197574759, -0.000486366741825, -0.00211441959254, 0.00314807123505, -0.00138522672933, -0.00420600641519, 0.0117616672069, -0.0037360386923, 0.000408625201089], [7.98594992375e-05, 0.00150592508726, -0.00119050859939, 0.00114286364987, -0.00108732213266, -0.00160836381838, 0.00314274569973, -0.00158371601719, 0.00207491754554, 0.00134878302924, -0.0037360386923, 0.0123344371095, -0.00422082562], [0.000114523318189, -0.000732392480131, 0.00123210065067, -0.00125653785653, 0.000357940036338, 0.00289239082485, -0.0023838004563, -0.00128670758568, -0.000101514888229, 1.57030099217e-05, 0.000408625201089, -0.00422082562, 0.0132505465299]]
    },
    "melbands": {
        "dmean": [0.00111107050907, 0.000885210232809, 0.000530249672011, 0.000269678072073, 0.000125274120364, 0.00013151296298, 9.42085534916e-05, 6.69429646223e-05, 5.03199771629e-05, 7.06859136699e-05, 8.05963281891e-05, 7.10961103323e-05, 6.29876303719e-05, 4.68784273835e-05, 1.4669214579e-05, 1.68881670106e-05, 1.79632661457e-05, 1.37652923513e-05, 1.61755579029e-05, 1.26704926515e-05, 1.13465075628e-05, 1.22395895232e-05, 8.10954225017e-06, 1.59596293088e-05, 1.18034549814e-05, 8.0467261796e-06, 5.72497128815e-06, 1.04205028038e-05, 1.55999132403e-05, 5.99379200139e-06, 3.13510577143e-06, 1.38522841553e-06, 1.32473383019e-06, 1.13624173537e-06, 1.30755267946e-06, 1.74418346433e-06, 1.48074207118e-06, 1.39941619182e-06, 9.98917926154e-07, 1.15246268706e-06],
        "dmean2": [0.00132668635342, 0.00132849230431, 0.000914548290893, 0.000463665666757, 0.00020248479268, 0.00020824742387, 0.000157972419402, 0.000105385784991, 7.86760574556e-05, 0.000111275148811, 0.000122536817798, 0.000111024412035, 9.62443591561e-05, 6.85068589519e-05, 2.25834191951e-05, 2.63954825641e-05, 2.82142282231e-05, 2.14397714444e-05, 2.50826014963e-05, 1.94808944798e-05, 1.75766726898e-05, 1.83489391929e-05, 1.26291170091e-05, 2.35112111113e-05, 1.83660722541e-05, 1.21101511468e-05, 8.50967899169e-06, 1.51808826558e-05, 2.22308426601e-05, 8.90049341251e-06, 4.91179753226e-06, 2.29472084357e-06, 2.22767221203e-06, 1.91566005014e-06, 2.23460665438e-06, 3.011091394e-06, 2.56961334344e-06, 2.45736828219e-06, 1.70309772329e-06, 1.97519534595e-06],
        "dvar": [2.54888209383e-06, 3.39925941262e-06, 2.66967663265e-06, 5.61470528737e-07, 6.01871761319e-08, 4.35314113645e-08, 5.6274341631e-08, 2.23855849413e-08, 2.01624672513e-08, 3.19907655921e-08, 3.72259805204e-08, 4.30014708286e-08, 3.28457794296e-08, 1.91784081949e-08, 3.35959904341e-09, 2.94628565989e-09, 3.14126924472e-09, 1.72049641201e-09, 1.82875736776e-09, 9.61403401334e-10, 8.87335593891e-10, 1.52497670047e-09, 3.15332260303e-10, 1.0248059068e-09, 8.57114434982e-10, 3.59787338811e-10, 1.1301302949e-10, 4.77163142332e-10, 1.22344800957e-09, 1.88317875183e-10, 7.85998488517e-11, 1.55303773314e-11, 1.29745710703e-11, 1.21604835576e-11, 1.30093574802e-11, 2.12594664095e-11, 2.05969807182e-11, 2.52647607696e-11, 6.22203764206e-12, 8.69389369523e-12],
        "dvar2": [3.95757797378e-06, 8.5747178673e-06, 7.46366958992e-06, 1.58962120622e-06, 1.59075312922e-07, 1.10275884424e-07, 1.54624274273e-07, 4.96219136892e-08, 4.49849650863e-08, 7.36636494025e-08, 8.1934054208e-08, 9.73585159159e-08, 7.59260387895e-08, 3.50575390939e-08, 6.69981314871e-09, 6.08312644701e-09, 7.12281966742e-09, 3.59050944532e-09, 4.1325982636e-09, 2.07903450011e-09, 1.87389703754e-09, 2.78513034857e-09, 7.1745009933e-10, 1.95878469e-09, 1.99244332144e-09, 7.44247663498e-10, 2.24461477183e-10, 1.02000685676e-09, 2.3909796365e-09, 3.79775572101e-10, 1.78667775019e-10, 3.92369747804e-11, 3.29678784272e-11, 3.26229390724e-11, 3.41141490057e-11, 5.68949921897e-11, 5.59127674715e-11, 7.08468075872e-11, 1.63332524589e-11, 2.27446915468e-11],
        "max": [0.0190658550709, 0.0187183730304, 0.0205290317535, 0.0119698345661, 0.00277412938885, 0.00284699071199, 0.00600381568074, 0.00468081980944, 0.00334712211043, 0.00402014050633, 0.00608682492748, 0.00570826930925, 0.0040207025595, 0.00314101949334, 0.0029980558902, 0.00177749537397, 0.00154051173013, 0.00102818093728, 0.000904804561287, 0.000684090133291, 0.00064012297662, 0.00155809451826, 0.000375197501853, 0.000629966671113, 0.000568126735743, 0.000535935687367, 0.000257250620052, 0.000746382342186, 0.000904894724954, 0.000260284694377, 0.000319235638017, 6.19427955826e-05, 5.66127055208e-05, 6.23114829068e-05, 7.6144693594e-05, 7.45155703044e-05, 8.13371734694e-05, 8.52497469168e-05, 3.23903477693e-05, 3.39816469932e-05],
        "mean": [0.0031349142082, 0.00187411764637, 0.000598856247962, 0.000314128323225, 0.000164947850863, 0.000196316148504, 0.000144177363836, 0.000111223977001, 8.45078757266e-05, 0.000125680395286, 0.000148667182657, 0.000117357718409, 9.99731346383e-05, 8.16426909296e-05, 2.05845790333e-05, 2.52181016549e-05, 2.51130713878e-05, 2.03335039259e-05, 2.2973281375e-05, 1.81337600225e-05, 1.72730797203e-05, 2.01456496143e-05, 1.24114631035e-05, 2.91746000585e-05, 1.88448393601e-05, 1.39933299579e-05, 1.10691307782e-05, 1.99436944968e-05, 3.16294426739e-05, 1.18506632134e-05, 4.99113912156e-06, 1.57989472882e-06, 1.3087201296e-06, 1.07926427972e-06, 1.22902292787e-06, 1.50468179072e-06, 1.35418429181e-06, 1.222542096e-06, 9.50671960709e-07, 1.07722473786e-06],
        "median": [0.00125841260888, 0.00106259260792, 0.000238436972722, 0.000108762600576, 7.39193637855e-05, 0.000107573461719, 6.50819856673e-05, 3.63111903425e-05, 1.81253872142e-05, 2.79442501778e-05, 3.55822994607e-05, 1.80739771167e-05, 1.81422765309e-05, 1.21568755276e-05, 5.2141786e-06, 5.81101721764e-06, 4.37048811364e-06, 3.42089242622e-06, 3.90845161746e-06, 3.61505681212e-06, 3.8063494685e-06, 2.97620545098e-06, 3.41099280377e-06, 5.76377033212e-06, 4.31390435551e-06, 3.27142470269e-06, 2.91527567242e-06, 3.94624112232e-06, 4.13412317357e-06, 1.36289440889e-06, 4.76995126064e-07, 2.61205002516e-07, 1.68127456845e-07, 1.60087878953e-07, 2.31038072229e-07, 2.32835958514e-07, 1.59995323656e-07, 9.56974801625e-08, 7.80057831662e-08, 8.98050984688e-08],
        "min": [1.46970496023e-24, 1.15604599543e-23, 7.24795775614e-24, 6.03825730735e-24, 6.00365707919e-24, 2.52548119286e-24, 2.22113155588e-24, 6.10759187004e-24, 6.21567212494e-24, 4.00862863875e-24, 1.18822260624e-23, 8.72156491545e-24, 9.70369437587e-24, 1.77088355387e-23, 2.27891281673e-23, 1.32230048225e-23, 3.07676638129e-24, 6.44127490535e-24, 1.18138144669e-23, 1.38792992303e-23, 1.1148877299e-23, 1.29306995138e-23, 1.42750691687e-23, 1.66600986078e-23, 1.02439315673e-23, 1.16253626964e-23, 1.06866229524e-23, 9.99921981476e-24, 1.17340038314e-23, 9.87562108813e-24, 1.29169378353e-23, 1.268273371e-23, 1.01669016665e-23, 1.32356865504e-23, 1.10232519887e-23, 9.17266555777e-24, 9.94569402462e-24, 1.19178320882e-23, 1.23607861639e-23, 1.09738077649e-23],
        "var": [1.52639076987e-05, 5.45543434782e-06, 1.83794827535e-06, 4.65597565835e-07, 6.59616219423e-08, 6.74958613445e-08, 9.5272667977e-08, 6.38490718075e-08, 5.70552280976e-08, 8.67158718165e-08, 1.44009220548e-07, 9.50843173086e-08, 6.16316668811e-08, 5.31524371183e-08, 5.37431565917e-09, 5.21541254628e-09, 5.72701752688e-09, 4.06194011759e-09, 3.14393600043e-09, 1.78751891067e-09, 2.29575047861e-09, 4.44537384681e-09, 6.23343043848e-10, 3.27940941069e-09, 1.65198599245e-09, 9.06439034942e-10, 3.12915804379e-10, 1.08939968158e-09, 4.68014604849e-09, 6.87925882925e-10, 1.8874918295e-10, 1.58313345072e-11, 1.2023051825e-11, 1.00293462771e-11, 1.07694235474e-11, 1.64234112421e-11, 1.57060128791e-11, 1.73853726554e-11, 5.98324775142e-12, 7.94587486086e-12]
    },
    "mfcc": {
        "mean": [-682.842407227, 118.38835907, -2.11122965813, 30.671125412, -1.39759933949, -2.20180606842, 13.3818292618, 4.85574626923, 4.53865289688, 5.53779029846, -6.43327665329, 4.94626331329, -0.000440033647465],
        "cov": [[7443.81054688, -1393.84545898, 178.498825073, 1115.76171875, 565.142150879, 430.212554932, 798.269592285, 144.467575073, 378.198059082, 447.703491211, 105.127563477, 289.451202393, -2.92435789108], [-1393.84545898, 1795.23291016, 271.771392822, 255.92628479, 47.5554962158, 23.509645462, -80.2004852295, -94.5364151001, -191.084686279, -14.9086809158, -53.5926551819, -19.4789943695, 9.84941196442], [178.498825073, 271.771392822, 1180.32287598, 158.372543335, 405.128723145, 244.408172607, -8.37171363831, 104.214744568, -19.9139270782, -74.5562362671, 127.700416565, 38.36510849, 92.0500030518], [1115.76171875, 255.92628479, 158.372543335, 972.792236328, 362.344909668, 142.181381226, 349.013458252, 10.7605161667, 153.407897949, 231.971420288, 11.3711299896, 169.158416748, -17.0874786377], [565.142150879, 47.5554962158, 405.128723145, 362.344909668, 516.815673828, 247.902420044, 185.604888916, 178.253936768, 109.846832275, 84.0477294922, 82.0601119995, 81.8955459595, 72.0014724731], [430.212554932, 23.509645462, 244.408172607, 142.181381226, 247.902420044, 327.887207031, 198.710128784, 136.494216919, 54.3533058167, 69.674041748, 93.2810592651, 48.6205673218, 52.9733695984], [798.269592285, -80.2004852295, -8.37171363831, 349.013458252, 185.604888916, 198.710128784, 465.532043457, 129.449951172, 151.411087036, 196.754684448, 66.9824905396, 127.602615356, 26.9290046692], [144.467575073, -94.5364151001, 104.214744568, 10.7605161667, 178.253936768, 136.494216919, 129.449951172, 265.000061035, 127.399230957, 47.5822219849, 61.1534156799, 34.4660797119, 50.9524917603], [378.198059082, -191.084686279, -19.9139270782, 153.407897949, 109.846832275, 54.3533058167, 151.411087036, 127.399230957, 252.864898682, 112.996337891, 55.9737358093, 80.0502700806, -9.99740409851], [447.703491211, -14.9086809158, -74.5562362671, 231.971420288, 84.0477294922, 69.674041748, 196.754684448, 47.5822219849, 112.996337891, 257.859741211, 70.760925293, 61.8095932007, -26.7656764984], [105.127563477, -53.5926551819, 127.700416565, 11.3711299896, 82.0601119995, 93.2810592651, 66.9824905396, 61.1534156799, 55.9737358093, 70.760925293, 153.764526367, 60.9557113647, 15.1090126038], [289.451202393, -19.4789943695, 38.36510849, 169.158416748, 81.8955459595, 48.6205673218, 127.602615356, 34.4660797119, 80.0502700806, 61.8095932007, 60.9557113647, 170.398574829, 54.5831108093], [-2.92435789108, 9.84941196442, 92.0500030518, -17.0874786377, 72.0014724731, 52.9733695984, 26.9290046692, 50.9524917603, -9.99740409851, -26.7656764984, 15.1090126038, 54.5831108093, 148.748748779]],
