{
"lowlevel": {
    "average_loudness": 0.888240039349,
    "barkbands_crest": {
        "dmean": 2.78590774536,
        "dmean2": 4.66418600082,
        "dvar": 6.22060537338,
        "dvar2": 16.7823448181,
        "max": 25.2552757263,
        "mean": 9.9527053833,
        "median": 9.05973434448,
        "min": 2.14759778976,
        "var": 17.490234375
    },
    "barkbands_flatness_db": {
        "dmean": 0.0218090657145,
        "dmean2": 0.0351767465472,
        "dvar": 0.000432028609794,
        "dvar2": 0.00119603879284,
        "max": 0.342462688684,
        "mean": 0.14032407105,
        "median": 0.130800068378,
        "min": 0.0339226275682,
        "var": 0.00236554048024
    },
    "barkbands_kurtosis": {
        "dmean": 2.18936181068,
        "dmean2": 3.53995203972,
        "dvar": 16.3616580963,
        "dvar2": 41.2300567627,
        "max": 86.1112670898,
        "mean": 2.89278030396,
        "median": 0.445256471634,
        "min": -1.94668495655,
        "var": 52.9101409912
    },
    "barkbands_skewness": {
        "dmean": 0.508560955524,
        "dmean2": 0.802335083485,
        "dvar": 0.302812188864,
        "dvar2": 0.739737689495,
        "max": 8.21161651611,
        "mean": 1.19829750061,
        "median": 1.04031252861,
        "min": -1.99362170696,
        "var": 1.26338493824
    },
    "barkbands_spread": {
        "dmean": 5.99215173721,
        "dmean2": 9.54227161407,
        "dvar": 52.5277023315,
        "dvar2": 124.926818848,
        "max": 134.939605713,
        "mean": 25.3942089081,
        "median": 24.8254203796,
        "min": 0.99586969614,
        "var": 205.665710449
    },
    "dissonance": {
        "dmean": 0.0154361147434,
        "dmean2": 0.0262591466308,
        "dvar": 0.000242732727202,
        "dvar2": 0.000673390750308,
        "max": 0.499999940395,
        "mean": 0.469818413258,
        "median": 0.477990686893,
        "min": 0.261235564947,
        "var": 0.000774275860749
    },
    "dynamic_complexity": 2.63710641861,
    "erbbands_crest": {
        "dmean": 2.64235043526,
        "dmean2": 4.29142379761,
        "dvar": 6.28345870972,
        "dvar2": 14.7777805328,
        "max": 32.1224746704,
        "mean": 9.50317001343,
        "median": 8.28380393982,
        "min": 2.30082678795,
        "var": 23.0640258789
    },
    "erbbands_flatness_db": {
        "dmean": 0.017277861014,
        "dmean2": 0.02430193685,
        "dvar": 0.000265434064204,
        "dvar2": 0.000477147521451,
        "max": 0.357909679413,
        "mean": 0.166171610355,
        "median": 0.156710416079,
        "min": 0.0442793034017,
        "var": 0.00341259338893
    },
    "erbbands_kurtosis": {
        "dmean": 0.895488739014,
        "dmean2": 1.41744804382,
        "dvar": 1.50835955143,
        "dvar2": 3.4161939621,
        "max": 42.9303436279,
        "mean": 0.664242565632,
        "median": -0.00298500061035,
        "min": -1.80016839504,
        "var": 6.37136316299
    },
    "erbbands_skewness": {
        "dmean": 0.336059212685,
        "dmean2": 0.522887647152,
        "dvar": 0.0863971337676,
        "dvar2": 0.200837597251,
        "max": 5.68011140823,
        "mean": 0.112786009908,
        "median": 0.0332168340683,
        "min": -3.57103347778,
        "var": 0.796873748302
    },
    "erbbands_spread": {
        "dmean": 6.77958869934,
        "dmean2": 10.0668859482,
        "dvar": 61.6120834351,
        "dvar2": 131.50050354,
        "max": 141.542449951,
        "mean": 33.1199798584,
        "median": 30.1250495911,
        "min": 3.33269357681,
        "var": 299.065338135
    },
    "hfc": {
        "dmean": 5.87303113937,
        "dmean2": 8.49489116669,
        "dvar": 71.9820404053,
        "dvar2": 143.258575439,
        "max": 215.631973267,
        "mean": 20.0150241852,
        "median": 15.0015678406,
        "min": 1.3063365629e-16,
        "var": 323.454376221
    },
    "melbands_crest": {
        "dmean": 3.70741224289,
        "dmean2": 6.13808679581,
        "dvar": 11.0259246826,
        "dvar2": 29.6289634705,
        "max": 33.8212509155,
        "mean": 14.0414085388,
        "median": 12.9996242523,
        "min": 1.83333837986,
        "var": 30.4217338562
    },
    "melbands_flatness_db": {
        "dmean": 0.0263735596091,
        "dmean2": 0.0425261855125,
        "dvar": 0.000726639351342,
        "dvar2": 0.0019778884016,
        "max": 0.438889920712,
        "mean": 0.191238120198,
        "median": 0.180292323232,
        "min": 0.00232953601517,
        "var": 0.00375641649589
    },
    "melbands_kurtosis": {
        "dmean": 5.80070495605,
        "dmean2": 9.54094982147,
        "dvar": 137.041427612,
        "dvar2": 358.789245605,
        "max": 257.418945312,
        "mean": 9.46327495575,
        "median": 4.39123058319,
        "min": -1.74649834633,
        "var": 229.362106323
    },
    "melbands_skewness": {
        "dmean": 0.704970479012,
        "dmean2": 1.11157810688,
        "dvar": 0.719569325447,
        "dvar2": 1.75250089169,
        "max": 13.1385192871,
        "mean": 2.1961991787,
        "median": 1.93368542194,
        "min": -0.857531011105,
        "var": 2.17651057243
    },
    "melbands_spread": {
        "dmean": 7.68049621582,
        "dmean2": 12.3508844376,
        "dvar": 80.3466796875,
        "dvar2": 186.656661987,
        "max": 247.869720459,
        "mean": 27.9664478302,
        "median": 23.881313324,
        "min": 0.973308265209,
        "var": 342.034820557
    },
    "pitch_salience": {
        "dmean": 0.0769809633493,
        "dmean2": 0.128627479076,
        "dvar": 0.00544881308451,
        "dvar2": 0.0146018285304,
        "max": 0.966764032841,
        "mean": 0.543140888214,
        "median": 0.543697178364,
        "min": 0.137780755758,
        "var": 0.0142631288618
    },
    "silence_rate_20dB": {
        "dmean": 0,
        "dmean2": 0,
        "dvar": 0,
        "dvar2": 0,
        "max": 1,
        "mean": 1,
        "median": 1,
        "min": 1,
        "var": 0
    },
    "silence_rate_30dB": {
        "dmean": 0.00338696013205,
        "dmean2": 0.00677473982796,
        "dvar": 0.00337546668015,
        "dvar2": 0.00914830155671,
        "max": 1,
        "mean": 0.997702002525,
        "median": 1,
        "min": 0,
        "var": 0.00229278556071
    },
    "silence_rate_60dB": {
        "dmean": 0.00919317733496,
        "dmean2": 0.0183885805309,
        "dvar": 0.00910809356719,
        "dvar2": 0.0207096841186,
        "max": 1,
        "mean": 0.0446298979223,
        "median": 0,
        "min": 0,
        "var": 0.0426317863166
    },
    "spectral_centroid": {
        "dmean": 214.008056641,
        "dmean2": 336.806884766,
        "dvar": 61237.0976562,
        "dvar2": 136692.46875,
        "max": 11271.7431641,
        "mean": 1543.61523438,
        "median": 1616.96911621,
        "min": 235.03427124,
        "var": 420118.78125
    },
    "spectral_complexity": {
        "dmean": 3.65356230736,
        "dmean2": 5.90684747696,
        "dvar": 17.5637168884,
        "dvar2": 42.2085266113,
        "max": 51,
        "mean": 19.8846149445,
        "median": 20,
        "min": 0,
        "var": 83.4305038452
    },
    "spectral_decrease": {
        "dmean": 2.10791717414e-09,
        "dmean2": 3.24282334319e-09,
        "dvar": 1.13796196398e-17,
        "dvar2": 2.61710317429e-17,
        "max": 6.12026712182e-29,
        "mean": -5.54839640898e-09,
        "median": -4.39376357519e-09,
        "min": -5.30620738459e-08,
        "var": 2.16393078678e-17
    },
    "spectral_energy": {
        "dmean": 0.00830250885338,
        "dmean2": 0.012657511048,
        "dvar": 0.000167624180904,
        "dvar2": 0.000378365046345,
        "max": 0.204802706838,
        "mean": 0.0227563809603,
        "median": 0.0180290322751,
        "min": 1.1617862371e-20,
        "var": 0.000347414897988
    },
    "spectral_energyband_high": {
        "dmean": 0.000308254093397,
        "dmean2": 0.000467134581413,
        "dvar": 3.33614224246e-07,
        "dvar2": 7.74536317749e-07,
        "max": 0.0209949053824,
        "mean": 0.000586029200349,
        "median": 0.000319843762554,
        "min": 8.35577465123e-21,
        "var": 5.79984373417e-07
    },
    "spectral_energyband_low": {
        "dmean": 0.00583467073739,
        "dmean2": 0.00960279908031,
        "dvar": 0.000161024407134,
        "dvar2": 0.000396464922233,
        "max": 0.173632755876,
        "mean": 0.00829120632261,
        "median": 0.0046099293977,
        "min": 1.42462448223e-22,
        "var": 0.000176114583155
    },
    "spectral_energyband_middle_high": {
        "dmean": 0.00208435789682,
        "dmean2": 0.00310981133953,
        "dvar": 1.2736062672e-05,
        "dvar2": 2.72494326055e-05,
        "max": 0.0772649124265,
        "mean": 0.0065686404705,
        "median": 0.00399541947991,
        "min": 1.71114891091e-21,
        "var": 6.0206719354e-05
    },
    "spectral_energyband_middle_low": {
        "dmean": 0.00291820592247,
        "dmean2": 0.00460217893124,
        "dvar": 1.74165106728e-05,
        "dvar2": 4.14150563302e-05,
        "max": 0.118966795504,
        "mean": 0.00793822109699,
        "median": 0.00559405237436,
        "min": 1.93815235804e-22,
        "var": 6.54288742226e-05
    },
    "spectral_entropy": {
        "dmean": 0.155087932944,
        "dmean2": 0.222400158644,
        "dvar": 0.0235206894577,
        "dvar2": 0.046411305666,
        "max": 9.78853321075,
        "mean": 7.56463718414,
        "median": 7.62627696991,
        "min": 5.35607051849,
        "var": 0.215979754925
    },
    "spectral_flux": {
        "dmean": 0.0237848684192,
        "dmean2": 0.0359166264534,
        "dvar": 0.000814214698039,
        "dvar2": 0.00148319406435,
        "max": 0.357659488916,
        "mean": 0.0835533589125,
        "median": 0.0717997923493,
        "min": 1.07786189696e-10,
        "var": 0.00246047833934
    },
    "spectral_kurtosis": {
        "dmean": 1.71104729176,
        "dmean2": 2.73701453209,
        "dvar": 4.16388940811,
        "dvar2": 11.3444347382,
        "max": 45.5074119568,
        "mean": 6.3181142807,
        "median": 5.42430019379,
        "min": -1.29778110981,
        "var": 18.7744102478
    },
    "spectral_rms": {
        "dmean": 0.000767277961131,
        "dmean2": 0.00114402140025,
        "dvar": 8.51531012813e-07,
        "dvar2": 1.77143749625e-06,
        "max": 0.0141353290528,
        "mean": 0.00437175994739,
        "median": 0.00419395975769,
        "min": 3.36667499434e-12,
        "var": 3.08905669044e-06
    },
    "spectral_rolloff": {
        "dmean": 461.064605713,
        "dmean2": 791.218688965,
        "dvar": 712398.5,
        "dvar2": 1625118.375,
        "max": 18927.6855469,
        "mean": 1678.32434082,
        "median": 1722.65625,
        "min": 64.599609375,
        "var": 1381079.25
    },
    "spectral_skewness": {
        "dmean": 0.202691376209,
        "dmean2": 0.321305245161,
        "dvar": 0.0417193546891,
        "dvar2": 0.101754285395,
        "max": 4.92109060287,
        "mean": 1.84155619144,
        "median": 1.7291674614,
        "min": -0.0239510089159,
        "var": 0.30175447464
    },
    "spectral_spread": {
        "dmean": 618661.5,
        "dmean2": 798994.125,
        "dvar": 684411191296,
        "dvar2": 1.03749432115e+12,
        "max": 41712100,
        "mean": 4400991,
        "median": 4083183.5,
        "min": 1344966,
        "var": 3.15387595981e+12
    },
    "spectral_strongpeak": {
        "dmean": 0.681315660477,
        "dmean2": 1.14959144592,
        "dvar": 1.6647362709,
        "dvar2": 4.07765626907,
        "max": 16.6230583191,
        "mean": 1.03893709183,
        "median": 0.458472669125,
        "min": 0,
        "var": 2.53510475159
    },
    "zerocrossingrate": {
        "dmean": 0.0102152787149,
        "dmean2": 0.0124150793999,
        "dvar": 0.000146923295688,
        "dvar2": 0.000180858260137,
        "max": 0.5703125,
        "mean": 0.0651782229543,
        "median": 0.064453125,
        "min": 0.00439453125,
        "var": 0.000911863578949
    },
    "barkbands": {
        "dmean": [0.000102180725662, 0.00423809839413, 0.00237555010244, 0.000669264001772, 0.00097685540095, 0.000905637221877, 0.000628689478617, 0.000663744809572, 0.000461279880255, 0.000565884110983, 0.000389510794776, 0.000321250670822, 0.000185296448763, 0.000491639482789, 0.000519967114087, 0.000510239973664, 0.000446424790425, 0.000310882081976, 0.000182904128451, 0.00010750968795, 6.27048357273e-05, 3.79696648451e-05, 4.39607792941e-05, 5.87578470004e-05, 7.54068096285e-05, 2.19007124542e-05, 1.58573527642e-08],
        "dmean2": [0.0001585095888, 0.00746720749885, 0.00406307540834, 0.0011954853544, 0.00156304554548, 0.00139766861685, 0.00097777985502, 0.00105237565003, 0.000744445191231, 0.000910084170755, 0.000618442019913, 0.000513135630172, 0.000294923549518, 0.000803042203188, 0.000825820723549, 0.000821257184725, 0.000709524611011, 0.000485648139147, 0.000287127884803, 0.000176134388312, 0.000104962484329, 6.02040781814e-05, 7.01635799487e-05, 8.99755468708e-05, 0.000107678759377, 3.0266266549e-05, 2.82374958971e-08],
        "dvar": [3.45930430967e-08, 8.81949599716e-05, 4.27437225881e-05, 3.16432578984e-06, 3.71263649868e-06, 5.87115846429e-06, 3.60451622328e-06, 2.78077277471e-06, 9.79679498414e-07, 1.78364621206e-06, 2.05084984373e-06, 7.86194732427e-07, 2.98488203043e-07, 4.06574690714e-06, 2.91151900456e-06, 2.04581147045e-06, 1.71865190168e-06, 4.06013725751e-07, 1.57786658406e-07, 3.69597508154e-08, 1.5016244248e-08, 5.49612533263e-09, 9.03518504458e-09, 2.3416419026e-08, 4.0054569439e-08, 1.37272038181e-09, 2.43904873579e-15],
        "dvar2": [8.12498512914e-08, 0.000249597826041, 0.000110141336336, 9.15160944714e-06, 9.3407516033e-06, 1.30856160467e-05, 7.60533748689e-06, 6.38030587652e-06, 2.31342414736e-06, 4.46689273303e-06, 5.28510463482e-06, 1.74605122538e-06, 5.69723113131e-07, 9.30298847379e-06, 6.41262477075e-06, 4.75090610053e-06, 3.93672371501e-06, 9.67958612819e-07, 3.56593233164e-07, 9.72061329207e-08, 4.09592040285e-08, 1.40613680699e-08, 2.30038992299e-08, 5.3734606098e-08, 7.46345634184e-08, 2.64078736656e-09, 6.89546525415e-15],
        "max": [0.00330340210348, 0.112420067191, 0.101182810962, 0.0252962782979, 0.0588498897851, 0.0900695472956, 0.0867522731423, 0.0461421981454, 0.0232534017414, 0.0538563989103, 0.0416598580778, 0.0258223917335, 0.0242865849286, 0.0684188231826, 0.0576655976474, 0.0478726215661, 0.0330568104982, 0.0173542965204, 0.0208956580609, 0.00430817576125, 0.00159686943516, 0.00098460924346, 0.00243643671274, 0.00663988338783, 0.0122603159398, 0.000920103804674, 1.18131947602e-06],
        "mean": [0.00017321332416, 0.00520510040224, 0.00240267906338, 0.000759546703193, 0.00226362328976, 0.00162581715267, 0.00113712472375, 0.00111179705709, 0.000830792880151, 0.00105044385418, 0.000622822844889, 0.000532173260581, 0.000308806658722, 0.000700888514984, 0.000759903574362, 0.000826686038636, 0.000740866060369, 0.000625564192887, 0.000384371494874, 0.00022642184922, 9.96721864794e-05, 5.8605306549e-05, 6.53887109365e-05, 8.72244490893e-05, 0.000119517331768, 3.72676113329e-05, 1.23059171742e-08],
        "median": [6.7235014285e-05, 0.00270660524257, 0.000727610080503, 0.000390353554394, 0.00102070486173, 0.000463151140139, 0.000337628705893, 0.000322789128404, 0.000317807833198, 0.000345489388565, 0.00014378936612, 0.000154214780196, 0.000139623793075, 0.00023997516837, 0.000250171928201, 0.000304470013361, 0.000233161117649, 0.000287687929813, 0.000186601624591, 0.000110612425487, 4.30066611443e-05, 1.97489116545e-05, 2.51520523307e-05, 3.34549986292e-05, 4.73571126349e-05, 1.3847734408e-05, 1.26886201546e-09],
        "min": [2.99595330079e-23, 9.28164842732e-23, 1.35268771986e-23, 1.38172553201e-23, 6.89071957086e-23, 7.25472618271e-24, 5.14265776297e-23, 2.51534121423e-23, 1.6137228978e-23, 8.07380140723e-23, 5.70754559553e-23, 1.44861468899e-22, 8.76003908175e-23, 1.2525618019e-22, 1.25065742856e-22, 1.85307983097e-22, 3.47837626488e-22, 2.38683460526e-22, 1.5953921685e-22, 3.22504967793e-22, 5.19830003537e-22, 5.22003776025e-22, 5.6645726186e-22, 1.05762109509e-21, 1.26417512184e-21, 1.99634769987e-21, 2.75717837026e-21],
        "var": [6.85678429591e-08, 7.6669959526e-05, 3.42763560184e-05, 2.14795545617e-06, 1.66520148923e-05, 1.628042628e-05, 1.19306005217e-05, 6.65865900373e-06, 2.37939025283e-06, 6.80829907651e-06, 4.5289375521e-06, 2.00782960746e-06, 6.11391385519e-07, 6.4746454882e-06, 4.67058680442e-06, 3.80379992748e-06, 2.93619450531e-06, 1.07862683763e-06, 3.89605048667e-07, 9.82252217341e-08, 2.07410302266e-08, 8.52186143874e-09, 1.07957554007e-08, 2.962470802e-08, 7.34871434815e-08, 3.07568814861e-09, 1.80542595136e-15]
    },
    "erbbands": {
        "dmean": [0.0936156883836, 1.07630300522, 2.80470013618, 2.48540186882, 1.71548211575, 3.47301840782, 8.13774585724, 7.46904563904, 9.95714569092, 8.01237106323, 14.0004472733, 10.257727623, 15.1253938675, 17.0104656219, 14.1097793579, 10.4943275452, 7.99816465378, 11.664768219, 33.6441688538, 17.7863273621, 27.5627822876, 19.1431407928, 16.7093772888, 11.4836511612, 6.41475248337, 5.21149206161, 3.48177361488, 1.71605682373, 1.3183311224, 1.38538181782, 1.2337872982, 1.30801427364, 0.931346535683, 0.838668525219, 0.553764522076, 0.161980509758, 0.0304199773818, 0.00241416366771, 5.1869013987e-05, 1.15414914035e-05],
        "dmean2": [0.15776874125, 1.90976274014, 4.77402734756, 4.34980201721, 2.91777610779, 5.49059247971, 12.6199588776, 11.6479349136, 15.2774295807, 12.5166893005, 21.9708709717, 16.3482017517, 24.68176651, 26.8211097717, 22.4130249023, 16.6346950531, 12.4759225845, 18.76836586, 51.9765548706, 28.3246383667, 42.4477996826, 29.5115890503, 26.0495929718, 17.8719177246, 10.1143054962, 8.40723514557, 5.86874008179, 2.78886914253, 2.10098385811, 2.20334434509, 1.96539652348, 2.04640674591, 1.4133297205, 1.22699582577, 0.793282389641, 0.226027205586, 0.0426407530904, 0.00342169264331, 7.16057402315e-05, 1.66938225448e-05],
        "dvar": [0.0282964296639, 6.59953975677, 58.1737251282, 47.2784309387, 11.3155956268, 61.8717079163, 393.427947998, 593.956542969, 962.165649414, 514.366394043, 1192.23120117, 515.900268555, 1329.64001465, 2587.38964844, 1615.16162109, 797.682373047, 681.214904785, 1187.88842773, 13650.5439453, 2010.37878418, 6632.65820312, 1909.57507324, 1157.64050293, 586.79296875, 143.533599854, 93.1505279541, 48.353729248, 11.6546154022, 6.50548410416, 7.45170307159, 6.88425111771, 7.91903686523, 8.62070465088, 5.47545433044, 2.33489990234, 0.0878569707274, 0.00270471372642, 1.72145719262e-05, 7.30136884286e-09, 2.56856647063e-10],
        "dvar2": [0.0781936720014, 18.4381046295, 149.714828491, 131.486724854, 31.4740447998, 153.332336426, 909.41204834, 1282.45227051, 2037.63635254, 1164.51879883, 2579.81591797, 1165.95666504, 3305.16357422, 6680.74023438, 4196.25, 1813.77355957, 1166.54602051, 2727.31176758, 29944.6347656, 4433.91503906, 14191.6826172, 4186.26074219, 2693.26611328, 1424.68884277, 330.393981934, 234.444595337, 133.670974731, 31.1321334839, 16.4682273865, 18.6624946594, 17.5187339783, 19.0976333618, 19.5128059387, 10.3401985168, 4.49367713928, 0.174417242408, 0.00508032273501, 3.25981782225e-05, 1.32032313971e-08, 5.06261976785e-10],
        "max": [2.65968871117, 31.5112133026, 120.505966187, 87.1085357666, 74.9153137207, 270.104278564, 585.725341797, 1062.83288574, 1655.55163574, 589.22668457, 769.929992676, 691.057861328, 1242.35205078, 1603.0411377, 1176.53625488, 745.095947266, 1334.71594238, 1190.80285645, 3762.85742188, 1047.03833008, 3032.55322266, 1257.1940918, 1048.47924805, 754.75390625, 542.70703125, 300.151611328, 114.313430786, 49.6378517151, 35.485496521, 40.0326309204, 56.7539596558, 83.9197692871, 159.404876709, 145.134124756, 95.9064407349, 9.77945709229, 1.01144576073, 0.0793426707387, 0.00252117752098, 0.000363538536476],
        "mean": [0.141431316733, 1.18775093555, 2.86775302887, 2.86480808258, 2.86330842972, 7.40962219238, 15.7163543701, 13.9280662537, 19.5039253235, 13.9996509552, 24.2090587616, 19.0790424347, 28.6524391174, 30.905921936, 24.6146526337, 18.7012310028, 14.4172668457, 21.0670070648, 56.6914291382, 32.040802002, 50.9020271301, 38.9747276306, 35.9351844788, 25.3298683167, 14.4168128967, 10.9289054871, 6.11888170242, 2.82640171051, 2.08379101753, 1.9871352911, 1.86589634418, 1.87231683731, 1.40423619747, 1.32177579403, 0.843540430069, 0.255345076323, 0.0533516258001, 0.00442559830844, 0.000105451799755, 3.34583710355e-05],
        "median": [0.0727597251534, 0.55601978302, 0.91006731987, 1.4486310482, 1.81373369694, 2.98995494843, 4.67058420181, 4.18816184998, 5.57544708252, 5.60907649994, 8.65215969086, 7.77802801132, 10.6999168396, 9.86836242676, 7.60934638977, 6.3392663002, 6.63645124435, 9.22215747833, 17.0645141602, 16.3588180542, 17.994594574, 15.0479412079, 16.3283233643, 13.2790555954, 7.77520179749, 5.24246311188, 2.79018211365, 1.21220624447, 0.72614133358, 0.640384733677, 0.746469855309, 0.729557394981, 0.524293422699, 0.524333059788, 0.313656628132, 0.0918009653687, 0.0191289074719, 0.00143048493192, 4.72604369861e-05, 2.6735899155e-05],
        "min": [4.49406863293e-21, 1.38873365869e-20, 2.11585142808e-20, 2.91509369233e-20, 1.54628891485e-19, 2.21832236849e-19, 1.09035238959e-19, 6.5820376928e-20, 4.39320379615e-19, 8.39186156867e-19, 5.03901316868e-19, 4.18292104276e-19, 1.28452804945e-18, 3.18889044923e-18, 3.11550877555e-18, 6.26749208021e-18, 4.14043849406e-18, 6.28522931409e-18, 4.99884848346e-18, 8.12447946817e-18, 1.20148521641e-17, 1.72397641459e-17, 1.58515896419e-17, 1.14286656599e-17, 7.19612804926e-18, 1.60401223015e-17, 1.87554088366e-17, 2.06849316925e-17, 2.02846424505e-17, 1.45749174301e-17, 1.85014164121e-17, 1.75832227711e-17, 2.05616453853e-17, 1.15000629273e-17, 1.04722852259e-17, 7.51042194044e-18, 3.53061695825e-18, 1.3735055932e-18, 3.67278531731e-19, 4.1025402191e-20],
        "var": [0.0391432233155, 5.20192146301, 47.2455215454, 33.5779380798, 19.5054912567, 212.348342896, 1322.01940918, 1629.75952148, 3755.0300293, 1208.99719238, 2865.68701172, 1300.08496094, 3983.27001953, 6665.00683594, 4072.25927734, 2037.40856934, 1478.39404297, 2137.52685547, 32373.0761719, 3553.85839844, 15069.7236328, 5187.04541016, 3461.0222168, 1501.07922363, 393.772033691, 258.069366455, 72.1684036255, 17.0767879486, 10.736125946, 9.79700374603, 8.44356155396, 9.61507511139, 10.8995838165, 9.45781517029, 4.24742031097, 0.167459353805, 0.00634170044214, 4.55584595329e-05, 1.96965945776e-08, 7.07613523332e-10]
    },
    "gfcc": {
        "mean": [-5.51742219925, 83.6272277832, -126.224525452, 25.3893432617, -49.0338516235, 15.483130455, -45.9267921448, 26.6888122559, -25.1808319092, 6.20887565613, -15.0474939346, 0.866151154041, -7.0651011467],
        "cov": [[5242.86669922, -713.23248291, 974.13458252, 1217.80957031, 326.460540771, 366.105895996, -175, 336.690826416, -65.2880020142, 260.037994385, -82.931678772, 160.193084717, -22.1644363403], [-713.23248291, 1093.62561035, 437.647857666, -75.0090789795, 163.198379517, -167.342910767, -42.2385787964, -93.1556625366, -76.416633606, -49.4840354919, 103.935050964, -48.9334983826, 45.8329772949], [974.13458252, 437.647857666, 1752.34606934, 600.866516113, 268.082092285, 153.256240845, -271.115447998, 43.3429298401, -152.859466553, 141.144958496, 56.5135993958, 132.829742432, -17.8653831482], [1217.80957031, -75.0090789795, 600.866516113, 771.368469238, 269.527832031, 106.382926941, -38.9347343445, 113.247383118, 11.2436962128, 83.3746948242, 0.281371414661, 74.7104873657, -13.4828100204], [326.460540771, 163.198379517, 268.082092285, 269.527832031, 266.525787354, 65.2407531738, 30.7322673798, 60.8641242981, -11.011847496, 44.8091163635, 14.9904584885, -0.618532955647, -6.6765332222], [366.105895996, -167.342910767, 153.256240845, 106.382926941, 65.2407531738, 252.14302063, 76.4083023071, 7.91025257111, -16.6432056427, 38.1554336548, -40.0802078247, -1.29401767254, -22.1173820496], [-175, -42.2385787964, -271.115447998, -38.9347343445, 30.7322673798, 76.4083023071, 212.479171753, 20.9058647156, 51.1027030945, -13.5750436783, -30.300617218, -24.7467956543, -12.7729787827], [336.690826416, -93.1556625366, 43.3429298401, 113.247383118, 60.8641242981, 7.91025257111, 20.9058647156, 163.980880737, 45.3116455078, 21.6472320557, -0.890663087368, 13.5473489761, 8.51828289032], [-65.2880020142, -76.416633606, -152.859466553, 11.2436962128, -11.011847496, -16.6432056427, 51.1027030945, 45.3116455078, 128.710968018, 28.8323822021, -9.98034000397, -8.01688289642, -12.5927429199], [260.037994385, -49.4840354919, 141.144958496, 83.3746948242, 44.8091163635, 38.1554336548, -13.5750436783, 21.6472320557, 28.8323822021, 117.979316711, 31.8733596802, 12.4894485474, -10.5035676956], [-82.931678772, 103.935050964, 56.5135993958, 0.281371414661, 14.9904584885, -40.0802078247, -30.300617218, -0.890663087368, -9.98034000397, 31.8733596802, 89.2633285522, 21.6742343903, 17.8644580841], [160.193084717, -48.9334983826, 132.829742432, 74.7104873657, -0.618532955647, -1.29401767254, -24.7467956543, 13.5473489761, -8.01688289642, 12.4894485474, 21.6742343903, 107.528152466, 29.5970401764], [-22.1644363403, 45.8329772949, -17.8653831482, -13.4828100204, -6.6765332222, -22.1173820496, -12.7729787827, 8.51828289032, -12.5927429199, -10.5035676956, 17.8644580841, 29.5970401764, 76.7938156128]],
        "icov": [[0.000477281952044, -0.000201979783014, 0.000354305142537, -0.000790146412328, 0.000451075786259, -0.000611119845416, 0.000698740012012, -0.000953133450821, 0.000947612687014, -0.00112359330524, 0.000903188192751, -0.000467697129352, 0.00025901189656], [-0.000201979783014, 0.00381030212156, -0.00250118109398, 0.00187693594489, -0.00332329422235, 0.00374043709598, -0.00302300369367, 0.00325863831677, -0.00186702003703, 0.00356515799649, -0.00357783772051, 0.00376021116972, -0.00309610390104], [0.000354305142537, -0.00250118109398, 0.00317477621138, -0.00200336356647, 0.00151639967225, -0.00342755322345, 0.00399893475696, -0.00262782420032, 0.00269416463561, -0.00346270576119, 0.00263711530715, -0.003693113802, 0.00286125368439], [-0.000790146412328, 0.00187693594489, -0.00200336356647, 0.00476490100846, -0.00437020370737, 0.00204316293821, -0.00156025157776, 0.0021289314609, -0.00324460235424, 0.00312450900674, -0.00192960794084, 0.000676916504744, -0.00118161726277], [0.000451075786259, -0.00332329422235, 0.00151639967225, -0.00437020370737, 0.0108366617933, -0.00316088250838, -4.99369452882e-05, -0.00459080468863, 0.00392946973443, -0.00459271576256, 0.00184386572801, -0.00053239002591, 0.00202427711338], [-0.000611119845416, 0.00374043709598, -0.00342755322345, 0.00204316293821, -0.00316088250838, 0.0109831821173, -0.00735585950315, 0.00413517281413, -3.9784819819e-05, 0.00107335811481, -0.000549216521904, 0.00412591546774, -0.0029633003287], [0.000698740012012, -0.00302300369367, 0.00399893475696, -0.00156025157776, -4.99369452882e-05, -0.00735585950315, 0.0127095291391, -0.00379455229267, -0.000408046442317, -0.00202931696549, 0.00367078208365, -0.00448495987803, 0.00360437529162], [-0.000953133450821, 0.00325863831677, -0.00262782420032, 0.0021289314609, -0.00459080468863, 0.00413517281413, -0.00379455229267, 0.0121094100177, -0.00602345354855, 0.00461809942499, -0.00380565295927, 0.00328011484817, -0.00437500700355], [0.000947612687014, -0.00186702003703, 0.00269416463561, -0.00324460235424, 0.00392946973443, -3.9784819819e-05, -0.000408046442317, -0.00602345354855, 0.0158502813429, -0.00898092146963, 0.00536801852286, -0.00245277094655, 0.00344269839115], [-0.00112359330524, 0.00356515799649, -0.00346270576119, 0.00312450900674, -0.00459271576256, 0.00107335811481, -0.00202931696549, 0.00461809942499, -0.00898092146963, 0.0192993506789, -0.0109836850315, 0.00405314611271, -0.00148904172238], [0.000903188192751, -0.00357783772051, 0.00263711530715, -0.00192960794084, 0.00184386572801, -0.000549216521904, 0.00367078208365, -0.00380565295927, 0.00536801852286, -0.0109836850315, 0.0211305413395, -0.00631088763475, 0.000600232102443], [-0.000467697129352, 0.00376021116972, -0.003693113802, 0.000676916504744, -0.00053239002591, 0.00412591546774, -0.00448495987803, 0.00328011484817, -0.00245277094655, 0.00405314611271, -0.00631088763475, 0.0172533094883, -0.00811664666981], [0.00025901189656, -0.00309610390104, 0.00286125368439, -0.00118161726277, 0.00202427711338, -0.0029633003287, 0.00360437529162, -0.00437500700355, 0.00344269839115, -0.00148904172238, 0.000600232102443, -0.00811664666981, 0.0191594846547]]
    },
    "melbands": {
        "dmean": [0.00100682408083, 0.0014127503382, 0.000396942574298, 0.000163763703313, 0.000258226151345, 0.000167795733432, 0.000139686089824, 0.00010313270468, 0.000107235355244, 6.72180321999e-05, 8.07072719908e-05, 7.5060816016e-05, 4.8829264415e-05, 4.33328350482e-05, 1.95295324374e-05, 1.90872706298e-05, 2.52699410339e-05, 6.35914475424e-05, 3.09417227982e-05, 2.88939336315e-05, 3.82841390092e-05, 2.48826800089e-05, 1.83198299055e-05, 1.53689179569e-05, 1.00459319583e-05, 7.22457389202e-06, 3.87561658499e-06, 3.78761137654e-06, 2.65431413027e-06, 1.46910542753e-06, 9.29434690988e-07, 7.74195143549e-07, 7.4925452509e-07, 8.00752559371e-07, 7.21839683138e-07, 7.89856471783e-07, 8.30952330944e-07, 6.71472434988e-07, 6.01102897235e-07, 8.06709067547e-07],
        "dmean2": [0.0017470017774, 0.00240420782939, 0.000686288403813, 0.0002609633666, 0.000404999853345, 0.000260475935647, 0.000214199462789, 0.000162314274348, 0.000167594262166, 0.000107698848296, 0.000131185908685, 0.000118050826131, 7.67543970142e-05, 6.90692831995e-05, 3.12530755764e-05, 3.08397320623e-05, 4.10581124015e-05, 9.96516828309e-05, 4.80664602946e-05, 4.56478883279e-05, 5.86569003644e-05, 3.8107711589e-05, 2.79689193121e-05, 2.43813374254e-05, 1.56939659064e-05, 1.12409716166e-05, 6.38420624455e-06, 6.16077386439e-06, 4.51658297607e-06, 2.44355533141e-06, 1.52033589984e-06, 1.25388964989e-06, 1.19086132599e-06, 1.29280704186e-06, 1.17416493595e-06, 1.25484928049e-06, 1.31263595904e-06, 1.0394040828e-06, 8.92079299319e-07, 1.19784590424e-06],
        "dvar": [4.03815693062e-06, 1.31912729557e-05, 1.09737766252e-06, 1.19116840835e-07, 3.35610025104e-07, 2.5003410542e-07, 1.76043386091e-07, 7.57337446089e-08, 6.75506441894e-08, 2.25165717183e-08, 3.63903147615e-08, 4.34933049576e-08, 2.34286527956e-08, 1.62221311939e-08, 3.15800763317e-09, 3.09709546897e-09, 7.38503169728e-09, 5.47401839412e-08, 8.06584132818e-09, 6.12625727925e-09, 1.56637209869e-08, 4.64422456048e-09, 1.64410085546e-09, 1.24510168842e-09, 4.9211862363e-10, 2.79181011642e-10, 5.21495450989e-11, 5.36657142336e-11, 2.88203714366e-11, 8.35957518486e-12, 3.32875979385e-12, 2.30921163268e-12, 2.20799854095e-12, 2.51377109232e-12, 2.27057175145e-12, 3.28676517426e-12, 3.20577678986e-12, 4.44817837078e-12, 3.22937791959e-12, 5.53765063319e-12],
        "dvar2": [1.14721315185e-05, 3.38024947268e-05, 3.01770273836e-06, 3.01199804653e-07, 7.86195130331e-07, 5.33629702204e-07, 3.62149023658e-07, 1.70030716617e-07, 1.40406598348e-07, 5.16971745412e-08, 8.92865585911e-08, 1.11646777157e-07, 6.03487961826e-08, 3.52491014155e-08, 7.02593361268e-09, 5.93508797664e-09, 1.70033676028e-08, 1.22151732285e-07, 1.54376600392e-08, 1.30736621529e-08, 3.36915420007e-08, 9.68662128287e-09, 3.71843866809e-09, 3.01706437611e-09, 1.17702714242e-09, 6.14282347211e-10, 1.32644090156e-10, 1.30857963354e-10, 7.94651358604e-11, 2.27164866778e-11, 8.89621275951e-12, 5.96812052903e-12, 5.51415510475e-12, 6.37898631486e-12, 5.90895821856e-12, 8.28850096196e-12, 7.65537633285e-12, 1.01539618727e-11, 6.70801088287e-12, 1.08124559653e-11],
        "max": [0.025840561837, 0.0519176758826, 0.0134806251153, 0.0116421263665, 0.0190926659852, 0.0214480124414, 0.0214682258666, 0.00827229302377, 0.00607430515811, 0.00425461027771, 0.00684406608343, 0.00598743418232, 0.00398017279804, 0.00391256203875, 0.00179090013262, 0.00246866815723, 0.00305505888537, 0.00801833998412, 0.00319770001806, 0.0030541063752, 0.0046197231859, 0.00185029988643, 0.00144740729593, 0.00113590399269, 0.000693689857144, 0.000926382897887, 0.000228960474487, 0.00025280364207, 9.09773589228e-05, 3.42305502272e-05, 2.53320849879e-05, 2.20475722017e-05, 1.99684600375e-05, 3.13948694384e-05, 3.14517674269e-05, 6.09702510701e-05, 5.42544767086e-05, 9.49721143115e-05, 0.000117934905575, 0.000139639727422],
        "mean": [0.00136228569318, 0.0015700639924, 0.000485232449137, 0.000330554932589, 0.000537935993634, 0.000315861485433, 0.000271355733275, 0.000173698572326, 0.000183587399079, 0.000119989192171, 0.000149421844981, 0.000133419889607, 8.06566240499e-05, 7.18378068996e-05, 3.06542751787e-05, 3.10673713102e-05, 3.85170278605e-05, 0.00010142885003, 4.59987895738e-05, 4.69137194159e-05, 6.37626799289e-05, 4.16653529101e-05, 3.4547643736e-05, 2.91428241326e-05, 1.98788111447e-05, 1.38320992846e-05, 7.5360808296e-06, 7.16939848644e-06, 4.28439216194e-06, 2.2865056053e-06, 1.41834857459e-06, 1.17160811897e-06, 1.10010046228e-06, 1.09559641714e-06, 1.04894331798e-06, 1.1328478422e-06, 1.14314138955e-06, 9.6479811873e-07, 9.45572764977e-07, 1.20227537082e-06],
        "median": [0.00073194806464, 0.000683885649778, 0.000268696283456, 0.000177014837391, 0.000165514400578, 9.55457871896e-05, 7.99646295491e-05, 6.18134799879e-05, 6.86583298375e-05, 4.33515597251e-05, 5.34943064849e-05, 4.21344084316e-05, 2.2040316253e-05, 1.87254918274e-05, 1.26158756757e-05, 1.42702374433e-05, 1.53597447934e-05, 2.66570423264e-05, 1.79913240572e-05, 2.01029215532e-05, 1.80100905709e-05, 1.35795817187e-05, 1.40118991112e-05, 1.2859407434e-05, 9.70957626123e-06, 6.29857731838e-06, 3.94003245674e-06, 3.07657546728e-06, 1.80617166734e-06, 9.36029607601e-07, 5.41561348655e-07, 3.963934887e-07, 3.42706670153e-07, 3.44349871284e-07, 4.00670444378e-07, 4.36192920006e-07, 4.28434390187e-07, 3.42273693832e-07, 3.58143694257e-07, 4.56386658243e-07],
        "min": [3.42982932301e-23, 1.30826514791e-23, 7.11992089806e-24, 1.70790247692e-23, 4.55239243287e-24, 1.32494356071e-24, 8.35300831167e-24, 8.87266885526e-24, 3.21750863311e-24, 2.77962890513e-24, 6.36504451506e-24, 1.28660878613e-23, 8.81575411867e-24, 1.44826358278e-23, 1.29021364381e-23, 1.02166748453e-23, 1.19873039127e-23, 7.2460053254e-24, 1.236236783e-23, 1.15317722386e-23, 1.4674401603e-23, 1.91990916074e-23, 1.75652249886e-23, 1.12894357463e-23, 9.53348106949e-24, 3.40797929589e-24, 8.93348529789e-24, 1.03166637539e-23, 1.22438036137e-23, 1.04811657073e-23, 1.22965547424e-23, 1.15362584906e-23, 9.3371714555e-24, 7.44293971722e-24, 1.17497234627e-23, 8.23292317151e-24, 1.15634260713e-23, 1.49244799763e-23, 1.16104690025e-23, 9.19932353434e-24],
        "var": [4.18148056269e-06, 1.11945400931e-05, 8.18219632492e-07, 3.54132481561e-07, 1.39143401157e-06, 7.31238856133e-07, 6.87517115239e-07, 1.818225428e-07, 1.6076718623e-07, 5.44909397604e-08, 1.14642389804e-07, 1.20488124367e-07, 5.41056905945e-08, 4.06435773925e-08, 5.30532906495e-09, 5.93660587356e-09, 1.04375503795e-08, 1.25521765426e-07, 1.48518628507e-08, 1.10170317313e-08, 3.20426991607e-08, 9.01047680912e-09, 4.22825463531e-09, 2.86537260585e-09, 1.10227726946e-09, 6.14237161134e-10, 1.1340731132e-10, 1.37663422328e-10, 4.12018474893e-11, 1.14277875357e-11, 4.8403087094e-12, 3.63217355498e-12, 3.14858837787e-12, 3.10462831658e-12, 2.68210063534e-12, 3.7390051992e-12, 3.83658729786e-12, 5.44154781998e-12, 4.80542298661e-12, 8.99984600733e-12]
    },
    "mfcc": {
        "mean": [-648.17980957, 118.686248779, -14.9397096634, 15.165930748, 15.2792158127, -8.88142204285, 3.02045655251, 5.14283800125, 2.73746871948, 6.89344882965, -0.711214363575, -1.36462831497, -0.856197059155],
        "cov": [[4529.87060547, -1228.42431641, 461.401611328, 739.408447266, 478.82434082, 224.423370361, 154.518173218, 132.809616089, 224.771224976, 111.511146545, -52.0840377808, 113.977546692, 236.391830444], [-1228.42431641, 1231.45349121, 226.97088623, -16.2701206207, 78.5617904663, -98.8064880371, 54.0937194824, -110.71975708, -147.486083984, -41.9868392944, -28.9271278381, -56.9464378357, -44.7908210754], [461.401611328, 226.97088623, 1260.02978516, 434.199829102, 519.949523926, 147.339752197, 100.445053101, -50.6067886353, -75.1664962769, -43.2885360718, -7.80749368668, 6.53514432907, 63.0071372986], [739.408447266, -16.2701206207, 434.199829102, 621.442626953, 370.936553955, 65.0017089844, 81.2582473755, 37.6099891663, 36.5060920715, -0.349003404379, 2.78737783432, 78.7507171631, 87.3941421509], [478.82434082, 78.5617904663, 519.949523926, 370.936553955, 413.567810059, 55.9106941223, 95.37890625, -7.58716630936, -9.17999649048, 5.67860841751, -4.18523311615, 37.3284873962, 63.8198013306], [224.423370361, -98.8064880371, 147.339752197, 65.0017089844, 55.9106941223, 269.475189209, 80.8526306152, 32.992401123, 25.9050445557, 31.9158477783, 24.8899002075, -12.3136100769, 3.32507801056], [154.518173218, 54.0937194824, 100.445053101, 81.2582473755, 95.37890625, 80.8526306152, 165.920944214, 34.5978431702, 9.14559745789, 32.4735603333, -1.36820328236, -3.48624634743, 11.4094762802], [132.809616089, -110.71975708, -50.6067886353, 37.6099891663, -7.58716630936, 32.992401123, 34.5978431702, 130.663162231, 72.2791748047, 8.32315444946, 8.60456371307, 7.5067949295, -3.72359633446], [224.771224976, -147.486083984, -75.1664962769, 36.5060920715, -9.17999649048, 25.9050445557, 9.14559745789, 72.2791748047, 129.558883667, 46.7061500549, 18.4345626831, 20.1451854706, 8.50706672668], [111.511146545, -41.9868392944, -43.2885360718, -0.349003404379, 5.67860841751, 31.9158477783, 32.4735603333, 8.32315444946, 46.7061500549, 105.354309082, 38.9270133972, 14.7585668564, 11.4246330261], [-52.0840377808, -28.9271278381, -7.80749368668, 2.78737783432, -4.18523311615, 24.8899002075, -1.36820328236, 8.60456371307, 18.4345626831, 38.9270133972, 84.6079177856, 28.6604328156, -0.118264518678], [113.977546692, -56.9464378357, 6.53514432907, 78.7507171631, 37.3284873962, -12.3136100769, -3.48624634743, 7.5067949295, 20.1451854706, 14.7585668564, 28.6604328156, 82.6314086914, 38.5631980896], [236.391830444, -44.7908210754, 63.0071372986, 87.3941421509, 63.8198013306, 3.32507801056, 11.4094762802, -3.72359633446, 8.50706672668, 11.4246330261, -0.118264518678, 38.5631980896, 83.3743057251]],
