{
"lowlevel": {
    "average_loudness": 0.584718346596,
    "barkbands_crest": {
        "dmean": 2.56957221031,
        "dmean2": 4.25974750519,
        "dvar": 5.53798675537,
        "dvar2": 14.5272884369,
        "max": 25.4479598999,
        "mean": 9.56662082672,
        "median": 8.82120800018,
        "min": 2.42620205879,
        "var": 14.8765439987
    },
    "barkbands_flatness_db": {
        "dmean": 0.0197141095996,
        "dmean2": 0.0315841920674,
        "dvar": 0.000313235330395,
        "dvar2": 0.000834319274873,
        "max": 0.437322407961,
        "mean": 0.15694449842,
        "median": 0.143865898252,
        "min": 0.0374042205513,
        "var": 0.00335475872271
    },
    "barkbands_kurtosis": {
        "dmean": 2.26571011543,
        "dmean2": 3.68428730965,
        "dvar": 14.2566576004,
        "dvar2": 39.6597633362,
        "max": 95.3522262573,
        "mean": 3.28174972534,
        "median": 1.40733861923,
        "min": -1.88742339611,
        "var": 30.7774600983
    },
    "barkbands_skewness": {
        "dmean": 0.478797197342,
        "dmean2": 0.74873226881,
        "dvar": 0.235942468047,
        "dvar2": 0.605430960655,
        "max": 9.13975143433,
        "mean": 1.37608361244,
        "median": 1.2533557415,
        "min": -3.50032329559,
        "var": 1.13796281815
    },
    "barkbands_spread": {
        "dmean": 4.8892455101,
        "dmean2": 7.5567817688,
        "dvar": 35.8256721497,
        "dvar2": 72.4792098999,
        "max": 108.892494202,
        "mean": 20.0359592438,
        "median": 18.187707901,
        "min": 1.09239399433,
        "var": 133.022415161
    },
    "dissonance": {
        "dmean": 0.0200349520892,
        "dmean2": 0.0337121598423,
        "dvar": 0.00039048717008,
        "dvar2": 0.00109299272299,
        "max": 0.500000119209,
        "mean": 0.460205703974,
        "median": 0.467857450247,
        "min": 0.17344468832,
        "var": 0.00109524757136
    },
    "dynamic_complexity": 4.05316829681,
    "erbbands_crest": {
        "dmean": 2.72368955612,
        "dmean2": 4.43015766144,
        "dvar": 6.82762432098,
        "dvar2": 16.7457695007,
        "max": 29.6575050354,
        "mean": 9.1618976593,
        "median": 8.17720890045,
        "min": 2.27196621895,
        "var": 18.4811286926
    },
    "erbbands_flatness_db": {
        "dmean": 0.0156088052318,
        "dmean2": 0.0227298196405,
        "dvar": 0.000209993071621,
        "dvar2": 0.000410446518799,
        "max": 0.431918650866,
        "mean": 0.179830119014,
        "median": 0.168466046453,
        "min": 0.0740682035685,
        "var": 0.00369107304141
    },
    "erbbands_kurtosis": {
        "dmean": 0.807743012905,
        "dmean2": 1.27417218685,
        "dvar": 1.12880682945,
        "dvar2": 2.77362751961,
        "max": 20.2212047577,
        "mean": 0.496899574995,
        "median": -0.0435926914215,
        "min": -1.79709196091,
        "var": 3.12164783478
    },
    "erbbands_skewness": {
        "dmean": 0.349765568972,
        "dmean2": 0.544620335102,
        "dvar": 0.102828748524,
        "dvar2": 0.237168505788,
        "max": 3.47233057022,
        "mean": 0.425087273121,
        "median": 0.375910490751,
        "min": -3.65317392349,
        "var": 0.411695152521
    },
    "erbbands_spread": {
        "dmean": 6.54366016388,
        "dmean2": 9.77616596222,
        "dvar": 50.3214759827,
        "dvar2": 103.125793457,
        "max": 150.23840332,
        "mean": 34.9763221741,
        "median": 33.4555740356,
        "min": 3.11394429207,
        "var": 297.442932129
    },
    "hfc": {
        "dmean": 5.50154495239,
        "dmean2": 7.32507944107,
        "dvar": 99.7317810059,
        "dvar2": 194.236068726,
        "max": 468.155487061,
        "mean": 17.0344924927,
        "median": 10.2962341309,
        "min": 1.0994506846e-16,
        "var": 341.308837891
    },
    "melbands_crest": {
        "dmean": 3.24374818802,
        "dmean2": 5.40549564362,
        "dvar": 8.71470737457,
        "dvar2": 23.631526947,
        "max": 33.3381576538,
        "mean": 12.9762907028,
        "median": 12.0348205566,
        "min": 1.52838766575,
        "var": 24.5751399994
    },
    "melbands_flatness_db": {
        "dmean": 0.0219695586711,
        "dmean2": 0.0344695262611,
        "dvar": 0.000454535795143,
        "dvar2": 0.00115997716784,
        "max": 0.436130642891,
        "mean": 0.188504189253,
        "median": 0.178945034742,
        "min": 0.00206661317497,
        "var": 0.00306938774884
    },
    "melbands_kurtosis": {
        "dmean": 5.22503042221,
        "dmean2": 8.42301273346,
        "dvar": 81.5946502686,
        "dvar2": 224.93421936,
        "max": 196.191162109,
        "mean": 10.1514987946,
        "median": 5.82940769196,
        "min": -1.85422372818,
        "var": 178.912094116
    },
    "melbands_skewness": {
        "dmean": 0.630615592003,
        "dmean2": 0.978782296181,
        "dvar": 0.458845704794,
        "dvar2": 1.19185996056,
        "max": 11.5960912704,
        "mean": 2.25700306892,
        "median": 2.06315684319,
        "min": -1.35163021088,
        "var": 2.14461159706
    },
    "melbands_spread": {
        "dmean": 5.9831829071,
        "dmean2": 9.38518810272,
        "dvar": 65.3566131592,
        "dvar2": 142.241836548,
        "max": 259.807281494,
        "mean": 22.368642807,
        "median": 19.9446468353,
        "min": 1.21180999279,
        "var": 210.181945801
    },
    "pitch_salience": {
        "dmean": 0.0666872859001,
        "dmean2": 0.109426535666,
        "dvar": 0.00345093291253,
        "dvar2": 0.00929218251258,
        "max": 0.962989270687,
        "mean": 0.568968653679,
        "median": 0.572817206383,
        "min": 0.118416666985,
        "var": 0.0104343295097
    },
    "silence_rate_20dB": {
        "dmean": 0,
        "dmean2": 0,
        "dvar": 0,
        "dvar2": 0,
        "max": 1,
        "mean": 1,
        "median": 1,
        "min": 1,
        "var": 0
    },
    "silence_rate_30dB": {
        "dmean": 0.00406752107665,
        "dmean2": 0.00813586916775,
        "dvar": 0.00405073678121,
        "dvar2": 0.00990078505129,
        "max": 1,
        "mean": 0.996034562588,
        "median": 1,
        "min": 0,
        "var": 0.00394936604425
    },
    "silence_rate_60dB": {
        "dmean": 0.0209477320313,
        "dmean2": 0.0418997257948,
        "dvar": 0.020512200892,
        "dvar2": 0.0472746901214,
        "max": 1,
        "mean": 0.115810878575,
        "median": 0,
        "min": 0,
        "var": 0.102410793304
    },
    "spectral_centroid": {
        "dmean": 199.99230957,
        "dmean2": 311.1199646,
        "dvar": 60254.640625,
        "dvar2": 122260.203125,
        "max": 11348.9267578,
        "mean": 1208.68518066,
        "median": 1176.44543457,
        "min": 240.955581665,
        "var": 325258.96875
    },
    "spectral_complexity": {
        "dmean": 2.75655889511,
        "dmean2": 4.21926164627,
        "dvar": 7.32625961304,
        "dvar2": 15.1875400543,
        "max": 46,
        "mean": 16.2829685211,
        "median": 16,
        "min": 0,
        "var": 64.8503799438
    },
    "spectral_decrease": {
        "dmean": 1.98222593895e-09,
        "dmean2": 2.97716207243e-09,
        "dvar": 9.00032394334e-18,
        "dvar2": 2.05065733544e-17,
        "max": 1.17955385003e-28,
        "mean": -5.34117283735e-09,
        "median": -3.84294551736e-09,
        "min": -4.67477612176e-08,
        "var": 2.5400236724e-17
    },
    "spectral_energy": {
        "dmean": 0.00788601487875,
        "dmean2": 0.0117598809302,
        "dvar": 0.000139878320624,
        "dvar2": 0.000312351679895,
        "max": 0.18641115725,
        "mean": 0.0217038784176,
        "median": 0.0155681343749,
        "min": 1.031103898e-20,
        "var": 0.00041463636444
    },
    "spectral_energyband_high": {
        "dmean": 0.000184429853107,
        "dmean2": 0.000252103782259,
        "dvar": 5.48851346593e-07,
        "dvar2": 1.26506438392e-06,
        "max": 0.0526024065912,
        "mean": 0.000474280357594,
        "median": 0.000254404323641,
        "min": 7.29659168728e-21,
        "var": 8.11284508018e-07
    },
    "spectral_energyband_low": {
        "dmean": 0.00323381344788,
        "dmean2": 0.00559146888554,
        "dvar": 5.7748380641e-05,
        "dvar2": 0.00017225695774,
        "max": 0.110991403461,
        "mean": 0.00531749660149,
        "median": 0.00366575084627,
        "min": 2.07793551277e-23,
        "var": 5.62855129829e-05
    },
    "spectral_energyband_middle_high": {
        "dmean": 0.00228984700516,
        "dmean2": 0.00307303946465,
        "dvar": 2.01910370379e-05,
        "dvar2": 3.42572420777e-05,
        "max": 0.110420241952,
        "mean": 0.00597123522311,
        "median": 0.00256707449444,
        "min": 1.41939366548e-21,
        "var": 7.73227657191e-05
    },
    "spectral_energyband_middle_low": {
        "dmean": 0.00464012520388,
        "dmean2": 0.00704609323293,
        "dvar": 6.26082692179e-05,
        "dvar2": 0.00013181999384,
        "max": 0.163165137172,
        "mean": 0.0106396367773,
        "median": 0.00634620897472,
        "min": 1.80604971085e-22,
        "var": 0.000168277983903
    },
    "spectral_entropy": {
        "dmean": 0.137993305922,
        "dmean2": 0.200228959322,
        "dvar": 0.0164435170591,
        "dvar2": 0.0322436019778,
        "max": 9.81433677673,
        "mean": 7.51771879196,
        "median": 7.58502340317,
        "min": 5.08825540543,
        "var": 0.245581284165
    },
    "spectral_flux": {
        "dmean": 0.0220629572868,
        "dmean2": 0.0349469669163,
        "dvar": 0.000722396653146,
        "dvar2": 0.00159931089729,
        "max": 0.362240493298,
        "mean": 0.0749988853931,
        "median": 0.0653105676174,
        "min": 6.54199749928e-11,
        "var": 0.0023286298383
    },
    "spectral_kurtosis": {
        "dmean": 1.54921674728,
        "dmean2": 2.62437319756,
        "dvar": 6.14299821854,
        "dvar2": 19.1961898804,
        "max": 51.9736976624,
        "mean": 4.45761013031,
        "median": 3.65852832794,
        "min": -1.26240873337,
        "var": 18.5819549561
    },
    "spectral_rms": {
        "dmean": 0.000750717590563,
        "dmean2": 0.0010976708727,
        "dvar": 7.97096959104e-07,
        "dvar2": 1.71400120053e-06,
        "max": 0.0134857157245,
        "mean": 0.00413330690935,
        "median": 0.00389723293483,
        "min": 3.1716794989e-12,
        "var": 4.0903446461e-06
    },
    "spectral_rolloff": {
        "dmean": 390.650634766,
        "dmean2": 649.356445312,
        "dvar": 583071.125,
        "dvar2": 1198552,
        "max": 19078.4179688,
        "mean": 1395.48486328,
        "median": 1291.9921875,
        "min": 107.666015625,
        "var": 1543788.125
    },
    "spectral_skewness": {
        "dmean": 0.196046084166,
        "dmean2": 0.315534859896,
        "dvar": 0.0448615849018,
        "dvar2": 0.125599637628,
        "max": 5.31878137589,
        "mean": 1.61206972599,
        "median": 1.5736784935,
        "min": -0.170996293426,
        "var": 0.233386576176
    },
    "spectral_spread": {
        "dmean": 402765.40625,
        "dmean2": 569614.8125,
        "dvar": 436076576768,
        "dvar2": 750495596544,
        "max": 41864028,
        "mean": 4463681.5,
        "median": 4255712,
        "min": 1160247.5,
        "var": 3.39904639795e+12
    },
    "spectral_strongpeak": {
        "dmean": 0.638554573059,
        "dmean2": 1.02741348743,
        "dvar": 1.12059164047,
        "dvar2": 2.64277386665,
        "max": 17.4352703094,
        "mean": 1.10370779037,
        "median": 0.483973115683,
        "min": 0,
        "var": 2.23871564865
    },
    "zerocrossingrate": {
        "dmean": 0.0083189541474,
        "dmean2": 0.00989890564233,
        "dvar": 0.000145419791806,
        "dvar2": 0.000152500317199,
        "max": 0.80517578125,
        "mean": 0.0587704442441,
        "median": 0.0546875,
        "min": 0.009765625,
        "var": 0.00108915613964
    },
    "barkbands": {
        "dmean": [0.000162889919011, 0.0019743393641, 0.00126692687627, 0.000627140398137, 0.00119658163749, 0.00132937519811, 0.00169577857014, 0.000723422504961, 0.000909520778805, 0.000819802633487, 0.000430987682194, 0.000438892719103, 0.000513155362569, 0.00060279580066, 0.000442510616267, 0.000217458247789, 0.00015619401529, 0.000103068465251, 7.19525487511e-05, 5.92481883359e-05, 4.25974430982e-05, 3.3309624996e-05, 4.03258709412e-05, 4.76673667436e-05, 3.87942673115e-05, 3.92481751987e-06, 6.03434724411e-09],
        "dmean2": [0.000258153973846, 0.00348024489358, 0.00218827812932, 0.00103185430635, 0.00194925267715, 0.00209473096766, 0.0026754422579, 0.00115049444139, 0.00140174070839, 0.00122145412024, 0.000639264413621, 0.000676037976518, 0.000771416758653, 0.000938330835197, 0.000672139343806, 0.000337099423632, 0.000244143768214, 0.000161370408023, 0.000111077162728, 9.00279119378e-05, 6.44517858746e-05, 5.10441495862e-05, 5.88376933592e-05, 6.97081850376e-05, 5.56884733669e-05, 5.39674329048e-06, 1.06668682776e-08],
        "dvar": [1.79088559094e-07, 2.23403876589e-05, 1.05009012259e-05, 1.06817446976e-06, 6.35978040009e-06, 2.0135223167e-05, 1.85826611414e-05, 6.57165537632e-06, 9.50440607994e-06, 5.44572367289e-06, 2.05427454603e-06, 1.57189708716e-06, 3.45103831023e-06, 3.56101350008e-06, 2.07036919164e-06, 4.2741706352e-07, 2.49036560263e-07, 4.32713029852e-08, 1.68253162514e-08, 1.19342953298e-08, 9.5800727351e-09, 1.41213245541e-08, 1.85951964937e-08, 6.83144349978e-08, 7.78199122919e-08, 4.67113070446e-10, 1.13717476597e-14],
        "dvar2": [4.14797426629e-07, 6.68855936965e-05, 3.02386579278e-05, 2.88953515337e-06, 1.59691644512e-05, 4.55374502053e-05, 4.02199439122e-05, 1.47026576087e-05, 2.17563319893e-05, 1.16125429486e-05, 4.13524139731e-06, 3.39535563398e-06, 7.02855095369e-06, 7.76380238676e-06, 4.11407518186e-06, 9.32712055146e-07, 4.97394466947e-07, 1.01452570789e-07, 3.80152407331e-08, 2.54986112225e-08, 2.21298908087e-08, 3.24699342968e-08, 4.19538501717e-08, 1.78556376795e-07, 2.0004527812e-07, 1.06381725651e-09, 3.05339148334e-14],
        "max": [0.00781123666093, 0.0670266002417, 0.0634534955025, 0.02065814659, 0.0610185004771, 0.153176605701, 0.134068891406, 0.0945788249373, 0.0993328988552, 0.0499630719423, 0.0465052612126, 0.0344530045986, 0.089190416038, 0.0577701851726, 0.0647360756993, 0.0186152663082, 0.0238625369966, 0.00423312373459, 0.00359463202767, 0.00269042351283, 0.00265396037139, 0.00612451834604, 0.00827596150339, 0.018468990922, 0.0200635846704, 0.00153648084961, 7.61175988373e-06],
        "mean": [0.000181855590199, 0.00288467202336, 0.00168245763052, 0.00114585016854, 0.0021931945812, 0.00201665540226, 0.00250932970084, 0.00104139209725, 0.00142567360308, 0.00125855673105, 0.000671975431032, 0.000757897796575, 0.000776598870289, 0.000935019226745, 0.000686952436808, 0.000360603327863, 0.000292890501441, 0.000199016008992, 0.000150045947521, 0.000119177959277, 8.62711385707e-05, 6.91054301569e-05, 8.63273453433e-05, 9.5763723948e-05, 7.0907510235e-05, 5.73121997149e-06, 4.24915569397e-09],
        "median": [2.83269127976e-05, 0.00173103343695, 0.000782171147875, 0.000673872011248, 0.000996037037112, 0.000537246698514, 0.000679402553942, 0.000235889907344, 0.000271315511782, 0.000280963780824, 0.000136408212711, 0.0002420545934, 0.000192878957023, 0.000229998389841, 0.000185583383427, 0.000132204906549, 0.00012654713646, 9.37322693062e-05, 7.72449275246e-05, 5.93780350755e-05, 4.38212045992e-05, 3.32237796101e-05, 4.21673139499e-05, 4.18269955844e-05, 2.49035110755e-05, 8.05691456662e-07, 2.21422602475e-10],
        "min": [1.5075134857e-24, 5.50209931565e-24, 7.0889304974e-24, 6.13340063784e-24, 1.61673492651e-23, 2.26662394155e-23, 2.38447281882e-23, 1.7552559038e-23, 2.8172488534e-23, 2.37157383861e-23, 2.41784542164e-23, 4.68026883664e-23, 3.84196875631e-23, 9.29229741845e-23, 8.84178084875e-23, 6.41914735696e-23, 1.09702089815e-22, 1.689855422e-22, 1.37333236752e-22, 2.38160388948e-22, 2.57049227872e-22, 4.02955451532e-22, 5.12261735121e-22, 7.86239059738e-22, 9.92610070767e-22, 1.42064473576e-21, 2.17992060549e-21],
        "var": [2.04944640814e-07, 2.11489423236e-05, 8.76457306731e-06, 2.2590440949e-06, 1.54660192493e-05, 3.56898599421e-05, 3.16696714435e-05, 1.05955941763e-05, 1.86905472219e-05, 9.89444652078e-06, 4.93386733069e-06, 3.77588412448e-06, 6.16743682258e-06, 6.37939547232e-06, 3.87832596971e-06, 8.34129593841e-07, 6.11832604136e-07, 1.01323955448e-07, 4.41568666076e-08, 2.95095876623e-08, 1.93895974832e-08, 2.16723670121e-08, 2.8703478705e-08, 6.78230165363e-08, 7.37293461839e-08, 5.88891380104e-10, 8.16294968631e-15]
    },
    "erbbands": {
        "dmean": [0.0573863983154, 0.46995139122, 1.38436079025, 1.78771138191, 3.01643466949, 4.32405519485, 5.96419906616, 13.4064121246, 21.6511268616, 23.8560123444, 14.2658634186, 18.6420135498, 25.1055736542, 21.4556236267, 14.5396823883, 16.8310317993, 20.070432663, 26.4452571869, 25.7143211365, 17.1548995972, 11.1011743546, 8.03461170197, 5.42154455185, 4.4103178978, 2.70935916901, 2.63513755798, 2.06028294563, 1.48344862461, 1.18478095531, 1.168171525, 1.23504936695, 0.991161108017, 0.836097002029, 0.555127263069, 0.214026868343, 0.0440338291228, 0.00131757045165, 5.24219758518e-05, 8.26875930215e-06, 9.49822242546e-06],
        "dmean2": [0.10088391602, 0.828735768795, 2.40028095245, 2.97718143463, 4.93965196609, 7.04264879227, 9.43465805054, 21.4566822052, 34.2075157166, 37.6655235291, 21.9301834106, 28.9895114899, 38.3057746887, 31.1102600098, 21.1639499664, 25.5770435333, 29.9117221832, 40.0128479004, 38.5741653442, 25.3625907898, 16.6368408203, 12.4242839813, 8.41829013824, 6.7644443512, 4.1493563652, 4.02884817123, 3.10736179352, 2.29088139534, 1.84333503246, 1.73692715168, 1.82278287411, 1.45579123497, 1.25344419479, 0.826265692711, 0.296907931566, 0.0591550581157, 0.00177411164623, 7.2384820669e-05, 1.16991786854e-05, 1.39768499139e-05],
        "dvar": [0.0202257409692, 1.38232183456, 13.2708759308, 11.7810964584, 32.9003868103, 106.471351624, 377.97769165, 2622.91625977, 3626.06884766, 4680.70507812, 2246.80664062, 5048.57714844, 4907.05517578, 4124.22363281, 1967.1673584, 2707.24243164, 5627.21191406, 8030.59814453, 5928.18798828, 2715.85546875, 1092.89306641, 410.574035645, 118.808448792, 71.0316619873, 20.748708725, 24.0001811981, 19.6628017426, 17.1680793762, 17.7932796478, 14.9935588837, 21.5390625, 24.6399650574, 26.0161876678, 19.060251236, 1.16362607479, 0.0574888624251, 5.50866316189e-05, 9.67554854014e-08, 1.27839727693e-09, 2.24569418616e-10],
        "dvar2": [0.0574477054179, 4.09789609909, 38.2171173096, 32.9798316956, 89.2887649536, 251.199478149, 873.204711914, 6297.99560547, 8307.06445312, 10881.859375, 4832.7421875, 11860.4824219, 11482.6533203, 7854.16308594, 3849.9753418, 5703.01123047, 10973.8867188, 17139.9042969, 12285.4033203, 5619.54052734, 2337.41381836, 832.894897461, 270.552276611, 156.079208374, 46.9239273071, 50.8997688293, 44.1977806091, 39.2509803772, 40.76537323, 35.6586036682, 50.296421051, 62.0030136108, 69.8034744263, 50.358745575, 2.68601059914, 0.131735101342, 0.000122952551465, 2.33712384556e-07, 3.18301607294e-09, 5.02985542106e-10],
        "max": [2.55821728706, 17.5702342987, 62.0184059143, 83.4104690552, 136.6537323, 284.901153564, 763.412414551, 1859.07104492, 1493.52026367, 1894.40991211, 1737.02368164, 2751.39038086, 1747.19824219, 1939.84265137, 1482.94885254, 1693.71154785, 4396.15332031, 3283.25976562, 2006.93444824, 2150.40332031, 915.999267578, 752.153442383, 279.556335449, 215.221679688, 117.160545349, 110.54838562, 113.903884888, 180.783325195, 219.044403076, 242.896560669, 299.672973633, 356.742126465, 356.989776611, 312.529327393, 71.4849395752, 17.2566375732, 0.530962586403, 0.0207263305783, 0.00218393118121, 0.000550281489268],
        "mean": [0.0757324248552, 0.665324211121, 1.88763105869, 3.14044070244, 5.51152276993, 7.37321281433, 9.91951847076, 19.6527709961, 31.9300842285, 33.9715003967, 22.9683799744, 28.8998985291, 40.8465499878, 36.1378898621, 26.0861949921, 29.9597492218, 33.557182312, 44.4985275269, 43.2178840637, 28.558139801, 21.094039917, 16.3646697998, 11.3456335068, 9.52971839905, 6.23815393448, 5.39516496658, 4.23360776901, 2.95310997963, 2.42897605896, 2.4759888649, 2.53225517273, 2.01272106171, 1.58881914616, 0.974945664406, 0.387371271849, 0.0743846967816, 0.00219746073708, 9.53858616413e-05, 2.15825093619e-05, 2.75286893157e-05],
        "median": [0.0284228734672, 0.3994384408, 1.04988729954, 1.88256573677, 2.84869146347, 2.90353965759, 3.13106751442, 5.34727191925, 10.087726593, 7.46461486816, 6.66514587402, 6.59574460983, 9.36017608643, 9.53328704834, 7.9081401825, 9.65886878967, 9.60670852661, 10.4217967987, 12.9799003601, 8.66549777985, 8.21575069427, 7.62186861038, 5.75734567642, 4.77555608749, 3.56803798676, 2.66298890114, 2.04537677765, 1.48609900475, 1.17342555523, 1.24142551422, 1.22287380695, 0.89129191637, 0.660084009171, 0.356515526772, 0.121145963669, 0.0186571292579, 0.000542900757864, 3.20049039146e-05, 1.40003712659e-05, 2.06505756069e-05],
        "min": [2.43583309111e-22, 1.08251547528e-21, 7.83714937082e-21, 1.50276082925e-20, 3.06798154957e-20, 4.43078131891e-20, 1.16381959891e-19, 1.3468967697e-19, 2.03702079259e-19, 3.15376127769e-19, 4.62225579464e-19, 4.47709955581e-19, 7.58171570686e-19, 1.01522720012e-18, 1.60527508679e-18, 1.76043245621e-18, 1.76812296116e-18, 4.69178911392e-18, 5.29061328348e-18, 2.88918947162e-18, 5.02309521517e-18, 6.66721635788e-18, 9.74061005973e-18, 6.00673290468e-18, 7.82773007778e-18, 1.14296748203e-17, 1.02097579518e-17, 1.27159431543e-17, 1.44118652421e-17, 1.32794053527e-17, 1.56407909346e-17, 1.41713062307e-17, 1.12678154267e-17, 9.34658919238e-18, 8.02831724042e-18, 4.35854989157e-18, 2.71954506774e-18, 1.14676556453e-18, 2.66094748975e-19, 2.90381043178e-20],
        "var": [0.0207979660481, 1.15630924702, 10.3051424026, 18.3159561157, 67.5630493164, 266.929321289, 912.265869141, 3714.17553711, 5274.66015625, 7423.97558594, 4261.21630859, 8733.96386719, 9365.57617188, 8102.32421875, 5374.87597656, 6272.12451172, 10551.7216797, 14986.4296875, 12842.8525391, 5120.74267578, 2700.95849609, 1176.55566406, 312.240936279, 196.292709351, 60.2508850098, 60.0537948608, 42.540802002, 30.5670509338, 28.2024173737, 22.2007427216, 29.0685272217, 26.3090267181, 23.458398819, 16.4278068542, 1.53774893284, 0.0736473351717, 7.19399467926e-05, 1.11971523609e-07, 1.59183566328e-09, 6.61654897538e-10]
    },
    "gfcc": {
        "mean": [-31.8626403809, 104.909347534, -143.081375122, 34.8501281738, -71.8676757812, 23.9820098877, -48.9457588196, 7.75090169907, -19.1618461609, -4.44300460815, -6.78604078293, -12.0881462097, -1.12085819244],
        "cov": [[9385.49609375, 138.783798218, 1437.11828613, 1009.95159912, 188.829879761, 1067.17272949, -98.922416687, 833.008972168, 34.1854934692, 675.009887695, 210.357070923, 165.103042603, -183.422927856], [138.783798218, 774.17175293, 201.728607178, 116.808509827, 184.310241699, -67.6295166016, 65.6996612549, -96.7247009277, 36.4903488159, -56.861114502, 84.0303878784, -34.5385093689, 22.7565956116], [1437.11828613, 201.728607178, 1560.91320801, 705.327819824, 279.952087402, 362.009613037, -175.074478149, 265.351409912, -103.075210571, 295.438537598, -42.263256073, 155.893508911, -70.2048568726], [1009.95159912, 116.808509827, 705.327819824, 657.345581055, 198.561660767, 226.356918335, -45.9155502319, 156.384994507, 9.12409877777, 143.80847168, 19.0779685974, 72.5328292847, -20.6872196198], [188.829879761, 184.310241699, 279.952087402, 198.561660767, 249.668670654, 115.284927368, 21.0739307404, 64.5054092407, -2.41422176361, 49.8427581787, 8.03464889526, 22.7359848022, -3.13604068756], [1067.17272949, -67.6295166016, 362.009613037, 226.356918335, 115.284927368, 388.157501221, 94.0629043579, 189.740753174, 0.851407885551, 139.000473022, 20.4119281769, 4.07210493088, -43.4009628296], [-98.922416687, 65.6996612549, -175.074478149, -45.9155502319, 21.0739307404, 94.0629043579, 228.197128296, 22.483379364, 50.9253044128, -15.1785707474, 38.4138679504, -48.3432273865, -12.5550518036], [833.008972168, -96.7247009277, 265.351409912, 156.384994507, 64.5054092407, 189.740753174, 22.483379364, 259.785339355, 55.3862686157, 121.38168335, 8.46526241302, 34.8184623718, -36.5222206116], [34.1854934692, 36.4903488159, -103.075210571, 9.12409877777, -2.41422176361, 0.851407885551, 50.9253044128, 55.3862686157, 139.809249878, 12.5205001831, 45.8028297424, -19.6549739838, -0.382003873587], [675.009887695, -56.861114502, 295.438537598, 143.80847168, 49.8427581787, 139.000473022, -15.1785707474, 121.38168335, 12.5205001831, 185.000274658, 27.2873859406, 52.7630271912, -43.0172729492], [210.357070923, 84.0303878784, -42.263256073, 19.0779685974, 8.03464889526, 20.4119281769, 38.4138679504, 8.46526241302, 45.8028297424, 27.2873859406, 111.064735413, 7.46388483047, 3.48271274567], [165.103042603, -34.5385093689, 155.893508911, 72.5328292847, 22.7359848022, 4.07210493088, -48.3432273865, 34.8184623718, -19.6549739838, 52.7630271912, 7.46388483047, 100.319480896, 9.4941701889], [-183.422927856, 22.7565956116, -70.2048568726, -20.6872196198, -3.13604068756, -43.4009628296, -12.5550518036, -36.5222206116, -0.382003873587, -43.0172729492, 3.48271274567, 9.4941701889, 71.2881240845]],
        "icov": [[0.000300151237752, -0.000599611434154, 0.000413774192566, -0.000302110915072, 0.000696918170433, -0.00094963615993, 0.000790805148426, -0.000770658487454, 0.000472407205962, -0.000513438717462, -5.46433693671e-05, -0.000248933705734, 0.000208999641472], [-0.000599611434154, 0.00443579535931, -0.00244876882061, 0.000952120753936, -0.00369551847689, 0.00382180674933, -0.00321778026409, 0.00285153696314, -0.00187548983376, 0.00236574653536, -0.00280211120844, 0.00244613690302, -0.000807042117231], [0.000413774192566, -0.00244876882061, 0.00354505819269, -0.0019811836537, 0.00138023926411, -0.00290023325942, 0.00307547813281, -0.00207342673093, 0.00228647398762, -0.00256199226715, 0.00207415292971, -0.0020641789306, 0.00117685995065], [-0.000302110915072, 0.000952120753936, -0.0019811836537, 0.00390881113708, -0.00197443016805, 0.000280915293843, -0.000565573805943, 0.00117074139416, -0.00203701970167, 0.00116820761468, -0.000800550100394, -6.50764486636e-05, -0.000571892247535], [0.000696918170433, -0.00369551847689, 0.00138023926411, -0.00197443016805, 0.009112207219, -0.00400823680684, 0.00183763157111, -0.00272449548356, 0.00179672229569, -0.00168568047229, 0.00180876336526, -0.00208773929626, -0.000170308951056], [-0.00094963615993, 0.00382180674933, -0.00290023325942, 0.000280915293843, -0.00400823680684, 0.0115106645972, -0.00689303828403, -0.000504810072016, 0.00119185703807, -0.000451655359939, -0.0023239988368, 0.00530452746898, -0.00193822931033], [0.000790805148426, -0.00321778026409, 0.00307547813281, -0.000565573805943, 0.00183763157111, -0.00689303828403, 0.0106971114874, -0.00214560632594, -9.38433367992e-05, -0.000522098329384, -4.06104300055e-05, -0.00098588434048, 0.00241325236857], [-0.000770658487454, 0.00285153696314, -0.00207342673093, 0.00117074139416, -0.00272449548356, -0.000504810072016, -0.00214560632594, 0.0115550989285, -0.00661023613065, 0.000301175314235, 0.00118441309314, -0.00139761914033, 0.000794076127931], [0.000472407205962, -0.00187548983376, 0.00228647398762, -0.00203701970167, 0.00179672229569, 0.00119185703807, -9.38433367992e-05, -0.00661023613065, 0.0137207647786, -0.00293988804333, -0.00316385482438, 0.00285921758041, -0.00105033873115], [-0.000513438717462, 0.00236574653536, -0.00256199226715, 0.00116820761468, -0.00168568047229, -0.000451655359939, -0.000522098329384, 0.000301175314235, -0.00293988804333, 0.0147336646914, -0.00394870620221, -0.00366505119018, 0.00500888098031], [-5.46433693671e-05, -0.00280211120844, 0.00207415292971, -0.000800550100394, 0.00180876336526, -0.0023239988368, -4.06104300055e-05, 0.00118441309314, -0.00316385482438, -0.00394870620221, 0.0149321518838, -0.00384479062632, -0.000788606121205], [-0.000248933705734, 0.00244613690302, -0.0020641789306, -6.50764486636e-05, -0.00208773929626, 0.00530452746898, -0.00098588434048, -0.00139761914033, 0.00285921758041, -0.00366505119018, -0.00384479062632, 0.0180499646813, -0.00563744083047], [0.000208999641472, -0.000807042117231, 0.00117685995065, -0.000571892247535, -0.000170308951056, -0.00193822931033, 0.00241325236857, 0.000794076127931, -0.00105033873115, 0.00500888098031, -0.000788606121205, -0.00563744083047, 0.0192664992064]]
    },
    "melbands": {
        "dmean": [0.000513436156325, 0.000689067295752, 0.000325079861796, 0.000261065579252, 0.000203361792956, 0.000289758492727, 0.000336803408572, 0.000238218519371, 0.000111793124233, 0.000128950909129, 0.000130980915856, 9.43127161008e-05, 5.49211763428e-05, 4.75008127978e-05, 4.95093590871e-05, 5.36742663826e-05, 5.03826595377e-05, 4.7266286856e-05, 3.42890489264e-05, 1.60797026183e-05, 1.37440956678e-05, 9.93667163129e-06, 5.38870654054e-06, 5.43230498806e-06, 3.8791258703e-06, 2.62821686192e-06, 2.06412073567e-06, 1.88651824828e-06, 1.52738709858e-06, 1.0876296983e-06, 8.90598357728e-07, 7.19651040981e-07, 6.99531597093e-07, 6.93759318438e-07, 7.92325351995e-07, 6.43130874778e-07, 6.52819778679e-07, 6.29252895123e-07, 5.75482317799e-07, 4.71724177942e-07],
        "dmean2": [0.000907072273549, 0.00119314913172, 0.000536885345355, 0.00042242888594, 0.00032412566361, 0.000461461168015, 0.000531703815795, 0.000375781848561, 0.000173217034899, 0.000200165508431, 0.000200140624656, 0.00013691787899, 8.06917450973e-05, 7.2059352533e-05, 7.58229361963e-05, 8.01634450909e-05, 7.6882482972e-05, 7.16391587048e-05, 5.18634842592e-05, 2.44123548327e-05, 2.09253885259e-05, 1.54814388225e-05, 8.39628319227e-06, 8.62153592607e-06, 6.04964316153e-06, 4.11175005866e-06, 3.23774315802e-06, 2.95131849271e-06, 2.35753668676e-06, 1.68672170275e-06, 1.41297573464e-06, 1.14264992135e-06, 1.09943664484e-06, 1.04485286556e-06, 1.19950937005e-06, 9.59643898568e-07, 9.76144974629e-07, 9.51484139478e-07, 8.76607941791e-07, 7.08029176621e-07],
        "dvar": [1.47469904732e-06, 3.22527671415e-06, 3.20871066606e-07, 2.94769080256e-07, 3.5526886677e-07, 1.08242090846e-06, 7.958070114e-07, 4.92719152589e-07, 1.3713089686e-07, 2.41675763846e-07, 1.30176715629e-07, 8.14846785602e-08, 3.48393491834e-08, 1.98913649996e-08, 2.69135682629e-08, 4.43932215433e-08, 3.01393896507e-08, 2.26873311249e-08, 1.60720059483e-08, 2.4088293582e-09, 1.9423611608e-09, 7.88194787216e-10, 1.54770210536e-10, 1.42502204481e-10, 5.8849806972e-11, 2.11267166955e-11, 1.29649268751e-11, 1.35515557109e-11, 1.22776485159e-11, 6.64934600436e-12, 7.57841445848e-12, 6.2251150415e-12, 7.46131628704e-12, 3.93026496764e-12, 8.72046445471e-12, 5.55249292725e-12, 1.26107388421e-11, 1.02011151262e-11, 1.77079843844e-11, 1.32926508342e-11],
        "dvar2": [4.3318286771e-06, 9.35928983381e-06, 8.93982360139e-07, 7.59104636927e-07, 8.27113240121e-07, 2.54882502304e-06, 1.76730372914e-06, 1.14465228762e-06, 2.99352024058e-07, 5.64878121168e-07, 3.03311367134e-07, 1.57763068387e-07, 6.88750461109e-08, 4.28624353788e-08, 5.61142350364e-08, 8.94539624596e-08, 6.35485406519e-08, 4.82679993752e-08, 3.3028236146e-08, 4.91179541484e-09, 4.02332611671e-09, 1.60972368768e-09, 3.31698279954e-10, 3.35650174321e-10, 1.31779531731e-10, 4.88889762007e-11, 3.0610246976e-11, 2.95794604088e-11, 2.76619595285e-11, 1.6515372403e-11, 1.75721763529e-11, 1.44698454607e-11, 1.91027003243e-11, 9.09201793714e-12, 2.09209836954e-11, 1.26351810958e-11, 3.31282466737e-11, 2.69415843801e-11, 4.83246220817e-11, 3.47143008783e-11],
        "max": [0.0179863013327, 0.0267565529794, 0.0126174548641, 0.0103045608848, 0.021154653281, 0.0362993441522, 0.0229423567653, 0.0179662760347, 0.0113767506555, 0.0189307332039, 0.00865249149501, 0.00809671916068, 0.00689955661073, 0.00416011689231, 0.00428517581895, 0.0115145631135, 0.00597101636231, 0.00408561015502, 0.00692108459771, 0.00122690782882, 0.0013935265597, 0.00112340343185, 0.000528896518517, 0.000283609610051, 0.000206904922379, 9.0322268079e-05, 7.55138607929e-05, 7.8306751675e-05, 0.000107932231913, 8.04472147138e-05, 0.000136268427013, 0.000133023320814, 0.000160087802215, 0.000107571984699, 0.000185040975339, 0.000159566072398, 0.000250730459811, 0.000215979976929, 0.00029821874341, 0.000257014326053],
        "mean": [0.000742366770282, 0.000987578532659, 0.000615995959379, 0.00047149969032, 0.000345536856912, 0.000431814754847, 0.000505310134031, 0.0003429853532, 0.000175341017894, 0.0001975253399, 0.000209952515434, 0.000153849905473, 9.12764589884e-05, 8.08387558209e-05, 7.76575470809e-05, 8.20774730528e-05, 8.06299722171e-05, 7.3327915743e-05, 5.12930055265e-05, 2.61663171841e-05, 2.4262964871e-05, 1.81222258107e-05, 1.05575727503e-05, 9.91754131974e-06, 7.58884152674e-06, 5.29430326424e-06, 4.001742127e-06, 3.46720548805e-06, 2.87427064904e-06, 2.04023399419e-06, 1.58773593739e-06, 1.37151562285e-06, 1.30869443637e-06, 1.39779376696e-06, 1.51153892602e-06, 1.27894770685e-06, 1.21586674595e-06, 1.14319766453e-06, 9.89791942629e-07, 7.6744282751e-07],
        "median": [0.000409711676184, 0.000627832952887, 0.000411072047427, 0.000224495626753, 0.000116614311992, 0.000121229757497, 0.000158120674314, 7.59577669669e-05, 4.57315618405e-05, 3.767700764e-05, 4.51565465482e-05, 3.79276680178e-05, 2.21484096983e-05, 2.4199280233e-05, 2.00615450012e-05, 1.97023746296e-05, 1.80212900887e-05, 1.99791757041e-05, 1.32705326905e-05, 8.78739319887e-06, 8.40851498651e-06, 7.71596751292e-06, 5.3624157772e-06, 4.48043692813e-06, 3.6030485262e-06, 2.74488661489e-06, 2.14514830077e-06, 1.53473501996e-06, 1.27436726416e-06, 9.9316230262e-07, 7.35580101718e-07, 6.28627333299e-07, 6.1831298126e-07, 6.7177541041e-07, 7.12676978765e-07, 5.84572774187e-07, 5.09441122176e-07, 4.53576348036e-07, 3.76702530502e-07, 2.45693968282e-07],
        "min": [2.12986587117e-24, 3.19295454857e-24, 2.91336271946e-24, 2.39669767794e-24, 4.39314232092e-24, 2.95115250947e-24, 3.79194235315e-24, 2.80764332803e-24, 3.34678222788e-24, 3.68392481269e-24, 3.7219554025e-24, 3.96165946602e-24, 4.65560462712e-24, 5.60970112641e-24, 2.88887430759e-24, 4.3606759615e-24, 8.915086695e-24, 6.77392019414e-24, 5.15614436567e-24, 3.90477510057e-24, 5.63740473811e-24, 6.14955532589e-24, 6.63311956661e-24, 7.36467682682e-24, 4.5277886501e-24, 4.23902729903e-24, 7.6150983546e-24, 7.25273904209e-24, 6.03655455109e-24, 4.49858580825e-24, 7.30981233972e-24, 7.33046945138e-24, 7.48050921783e-24, 7.30019139212e-24, 8.98088242766e-24, 6.63714749039e-24, 7.87909460083e-24, 6.24493097591e-24, 8.19039568011e-24, 7.72932541367e-24],
        "var": [1.5296118363e-06, 2.50876541941e-06, 5.5142771771e-07, 6.81412757331e-07, 8.86187933702e-07, 1.65097253557e-06, 1.25008443774e-06, 7.84269388987e-07, 2.59699675098e-07, 4.35092800899e-07, 2.47195487191e-07, 1.58409335427e-07, 9.19721969694e-08, 4.73126462452e-08, 5.20005158933e-08, 7.87658933632e-08, 5.56499450965e-08, 4.57702959977e-08, 2.67189061987e-08, 4.69852867724e-09, 4.86102491593e-09, 1.96795424401e-09, 3.89293930425e-10, 2.85938023259e-10, 1.43462491886e-10, 5.27529929462e-11, 2.93586925604e-11, 2.96322202886e-11, 2.40342763053e-11, 1.18312087558e-11, 1.1854048125e-11, 9.73674266214e-12, 8.57369990975e-12, 6.49705679881e-12, 1.10486775978e-11, 7.84236564577e-12, 1.17748545289e-11, 1.01128931618e-11, 1.42488408225e-11, 1.17654748791e-11]
    },
    "mfcc": {
        "mean": [-657.916259766, 117.903953552, -6.80937433243, 6.65481948853, 4.75749778748, 1.68048346043, -4.86312294006, -0.145221605897, -4.2840886116, 2.24321985245, -2.50015258789, -1.56940412521, -2.69870209694],
        "cov": [[7103.171875, -86.2158966064, 1086.15820312, 348.751739502, 622.965209961, 393.427032471, 516.42010498, 294.183898926, 168.038131714, 492.764038086, 363.217773438, 509.365875244, 352.655670166], [-86.2158966064, 670.328308105, 66.3276824951, 110.277229309, 74.8677139282, 17.5622596741, 25.6946372986, -14.711312294, -40.4965248108, -40.5112876892, 1.45335555077, -18.4462394714, -4.54978752136], [1086.15820312, 66.3276824951, 1093.95239258, 432.214752197, 469.602905273, 242.616516113, 178.230422974, 48.4472084045, 74.8432235718, 57.5113372803, 105.525398254, 142.825454712, 118.60219574], [348.751739502, 110.277229309, 432.214752197, 473.072753906, 286.665924072, 131.581390381, 44.9193305969, 30.5316085815, 33.5773200989, -13.2005195618, 21.118850708, 81.8490982056, 94.4945449829], [622.965209961, 74.8677139282, 469.602905273, 286.665924072, 414.516021729, 128.233398438, 100.598983765, 49.4780654907, 52.5082130432, 56.0698852539, 37.4368476868, 82.3636169434, 80.6711120605], [393.427032471, 17.5622596741, 242.616516113, 131.581390381, 128.233398438, 222.815811157, 145.960235596, 48.9034957886, 44.9092483521, 50.657787323, 59.693157196, 49.3301849365, 33.8845825195], [516.42010498, 25.6946372986, 178.230422974, 44.9193305969, 100.598983765, 145.960235596, 226.820037842, 84.392868042, 53.0954589844, 82.4316940308, 66.0913314819, 57.3645133972, 32.9035682678], [294.183898926, -14.711312294, 48.4472084045, 30.5316085815, 49.4780654907, 48.9034957886, 84.392868042, 137.5105896, 67.8825759888, 67.1385498047, 39.8639144897, 43.5506362915, 24.8493423462], [168.038131714, -40.4965248108, 74.8432235718, 33.5773200989, 52.5082130432, 44.9092483521, 53.0954589844, 67.8825759888, 121.851036072, 59.2811431885, 43.2548980713, 39.2557830811, 20.2541980743], [492.764038086, -40.5112876892, 57.5113372803, -13.2005195618, 56.0698852539, 50.657787323, 82.4316940308, 67.1385498047, 59.2811431885, 151.675506592, 67.3037796021, 57.6281204224, 26.7364273071], [363.217773438, 1.45335555077, 105.525398254, 21.118850708, 37.4368476868, 59.693157196, 66.0913314819, 39.8639144897, 43.2548980713, 67.3037796021, 127.563354492, 84.7298202515, 31.9547615051], [509.365875244, -18.4462394714, 142.825454712, 81.8490982056, 82.3636169434, 49.3301849365, 57.3645133972, 43.5506362915, 39.2557830811, 57.6281204224, 84.7298202515, 173.172515869, 81.0871124268], [352.655670166, -4.54978752136, 118.60219574, 94.4945449829, 80.6711120605, 33.8845825195, 32.9035682678, 24.8493423462, 20.2541980743, 26.7364273071, 31.9547615051, 81.0871124268, 118.108322144]],
