{
"lowlevel": {
    "average_loudness": 0.749299049377,
    "barkbands_crest": {
        "dmean": 2.32803750038,
        "dmean2": 3.81803274155,
        "dvar": 4.4978556633,
        "dvar2": 11.008436203,
        "max": 25.6800308228,
        "mean": 9.1896276474,
        "median": 8.26958847046,
        "min": 1.98551464081,
        "var": 15.6132307053
    },
    "barkbands_flatness_db": {
        "dmean": 0.0184456966817,
        "dmean2": 0.028730256483,
        "dvar": 0.000303349224851,
        "dvar2": 0.00066027342109,
        "max": 0.365188598633,
        "mean": 0.148843988776,
        "median": 0.145333483815,
        "min": 0.0321355573833,
        "var": 0.00226460047998
    },
    "barkbands_kurtosis": {
        "dmean": 2.75141596794,
        "dmean2": 4.28150987625,
        "dvar": 20.5604343414,
        "dvar2": 47.1654319763,
        "max": 77.717010498,
        "mean": 4.80542516708,
        "median": 2.09934353828,
        "min": -1.89859116077,
        "var": 57.5598831177
    },
    "barkbands_skewness": {
        "dmean": 0.48829177022,
        "dmean2": 0.738811314106,
        "dvar": 0.266233026981,
        "dvar2": 0.577812314034,
        "max": 7.51639032364,
        "mean": 1.59564721584,
        "median": 1.42917704582,
        "min": -3.30404090881,
        "var": 1.50249803066
    },
    "barkbands_spread": {
        "dmean": 4.89960622787,
        "dmean2": 7.16292905807,
        "dvar": 55.2363510132,
        "dvar2": 94.2676696777,
        "max": 109.304023743,
        "mean": 19.5659751892,
        "median": 14.6430397034,
        "min": 1.23205435276,
        "var": 251.471191406
    },
    "dissonance": {
        "dmean": 0.0196619089693,
        "dmean2": 0.0334804952145,
        "dvar": 0.00038124981802,
        "dvar2": 0.00107215053868,
        "max": 0.5,
        "mean": 0.461468458176,
        "median": 0.467902868986,
        "min": 0.228964984417,
        "var": 0.000841748376843
    },
    "dynamic_complexity": 3.24064397812,
    "erbbands_crest": {
        "dmean": 2.38465809822,
        "dmean2": 3.90777897835,
        "dvar": 4.90746164322,
        "dvar2": 12.1705379486,
        "max": 34.1820983887,
        "mean": 8.50547027588,
        "median": 7.552734375,
        "min": 2.25896239281,
        "var": 17.5216464996
    },
    "erbbands_flatness_db": {
        "dmean": 0.0153883583844,
        "dmean2": 0.022434419021,
        "dvar": 0.000233988554101,
        "dvar2": 0.000440790696302,
        "max": 0.384209990501,
        "mean": 0.163383245468,
        "median": 0.159584909678,
        "min": 0.0565677322447,
        "var": 0.00283505721018
    },
    "erbbands_kurtosis": {
        "dmean": 0.90087211132,
        "dmean2": 1.43171787262,
        "dvar": 2.51067233086,
        "dvar2": 5.55177116394,
        "max": 108.323509216,
        "mean": 0.917008340359,
        "median": 0.12561583519,
        "min": -1.8329962492,
        "var": 18.2595710754
    },
    "erbbands_skewness": {
        "dmean": 0.326207011938,
        "dmean2": 0.507923185825,
        "dvar": 0.086181730032,
        "dvar2": 0.199102967978,
        "max": 4.50069522858,
        "mean": 0.47736543417,
        "median": 0.478949487209,
        "min": -2.40372729301,
        "var": 0.442400515079
    },
    "erbbands_spread": {
        "dmean": 7.42016601562,
        "dmean2": 11.0865802765,
        "dvar": 87.1755905151,
        "dvar2": 175.308532715,
        "max": 144.282226562,
        "mean": 36.3195648193,
        "median": 31.9920749664,
        "min": 0.971131205559,
        "var": 445.192810059
    },
    "hfc": {
        "dmean": 6.01694011688,
        "dmean2": 8.26648521423,
        "dvar": 138.225326538,
        "dvar2": 255.33241272,
        "max": 225.163040161,
        "mean": 19.7872943878,
        "median": 11.5336265564,
        "min": 1.18958657071e-16,
        "var": 552.125671387
    },
    "melbands_crest": {
        "dmean": 2.95667099953,
        "dmean2": 4.80484247208,
        "dvar": 6.5603928566,
        "dvar2": 16.5904026031,
        "max": 31.8622837067,
        "mean": 12.985748291,
        "median": 12.1960811615,
        "min": 1.91247797012,
        "var": 23.7653503418
    },
    "melbands_flatness_db": {
        "dmean": 0.0216637458652,
        "dmean2": 0.0329259447753,
        "dvar": 0.000463188625872,
        "dvar2": 0.000939294230193,
        "max": 0.4811386168,
        "mean": 0.202467754483,
        "median": 0.196152418852,
        "min": 0.00591685110703,
        "var": 0.0040533086285
    },
    "melbands_kurtosis": {
        "dmean": 5.93185710907,
        "dmean2": 9.35324192047,
        "dvar": 108.779411316,
        "dvar2": 261.673309326,
        "max": 201.789749146,
        "mean": 12.2980928421,
        "median": 7.154961586,
        "min": -1.78852760792,
        "var": 254.667907715
    },
    "melbands_skewness": {
        "dmean": 0.631940305233,
        "dmean2": 0.974736630917,
        "dvar": 0.456954181194,
        "dvar2": 1.05689311028,
        "max": 12.126001358,
        "mean": 2.47025799751,
        "median": 2.28823161125,
        "min": -3.12192606926,
        "var": 2.43832135201
    },
    "melbands_spread": {
        "dmean": 5.52931451797,
        "dmean2": 8.32299232483,
        "dvar": 72.8867645264,
        "dvar2": 141.190307617,
        "max": 219.653533936,
        "mean": 20.4986991882,
        "median": 16.5920143127,
        "min": 1.52128386497,
        "var": 260.526885986
    },
    "pitch_salience": {
        "dmean": 0.065017208457,
        "dmean2": 0.106925442815,
        "dvar": 0.00340135139413,
        "dvar2": 0.00890641007572,
        "max": 0.955427408218,
        "mean": 0.593362748623,
        "median": 0.601619005203,
        "min": 0.161006391048,
        "var": 0.01232066378
    },
    "silence_rate_20dB": {
        "dmean": 0,
        "dmean2": 0,
        "dvar": 0,
        "dvar2": 0,
        "max": 1,
        "mean": 1,
        "median": 1,
        "min": 1,
        "var": 0
    },
    "silence_rate_30dB": {
        "dmean": 0.00845512747765,
        "dmean2": 0.016912298277,
        "dvar": 0.0083829164505,
        "dvar2": 0.0202515106648,
        "max": 1,
        "mean": 0.991304337978,
        "median": 1,
        "min": 0,
        "var": 0.00862053688616
    },
    "silence_rate_60dB": {
        "dmean": 0.0135282035917,
        "dmean2": 0.0270596761256,
        "dvar": 0.0133452909067,
        "dvar2": 0.0314012691379,
        "max": 1,
        "mean": 0.0420289859176,
        "median": 0,
        "min": 0,
        "var": 0.0402657352388
    },
    "spectral_centroid": {
        "dmean": 187.333404541,
        "dmean2": 282.312133789,
        "dvar": 61800.2851562,
        "dvar2": 107374.851562,
        "max": 11333.0673828,
        "mean": 1101.30944824,
        "median": 989.50012207,
        "min": 204.714141846,
        "var": 371758.75
    },
    "spectral_complexity": {
        "dmean": 2.72810721397,
        "dmean2": 4.15825080872,
        "dvar": 9.35540103912,
        "dvar2": 16.9573898315,
        "max": 60,
        "mean": 17.2009658813,
        "median": 16,
        "min": 0,
        "var": 76.7436218262
    },
    "spectral_decrease": {
        "dmean": 1.81787052078e-09,
        "dmean2": 2.70693778504e-09,
        "dvar": 7.9104539293e-18,
        "dvar2": 1.58995247584e-17,
        "max": 1.2370071088e-28,
        "mean": -5.92199222993e-09,
        "median": -4.32312141641e-09,
        "min": -4.98603220933e-08,
        "var": 2.98497818597e-17
    },
    "spectral_energy": {
        "dmean": 0.0072363531217,
        "dmean2": 0.0107590956613,
        "dvar": 0.00012198168406,
        "dvar2": 0.000244183524046,
        "max": 0.201297104359,
        "mean": 0.0241457764059,
        "median": 0.0176663063467,
        "min": 1.07126036635e-20,
        "var": 0.000477226160001
    },
    "spectral_energyband_high": {
        "dmean": 0.000364409555914,
        "dmean2": 0.000484108721139,
        "dvar": 1.2757921013e-06,
        "dvar2": 2.32357706409e-06,
        "max": 0.0220011193305,
        "mean": 0.000771943770815,
        "median": 0.000173427106347,
        "min": 7.88028716288e-21,
        "var": 3.54258304469e-06
    },
    "spectral_energyband_low": {
        "dmean": 0.00295135960914,
        "dmean2": 0.00448863208294,
        "dvar": 5.30186953256e-05,
        "dvar2": 0.000106478721136,
        "max": 0.11935275048,
        "mean": 0.00634135166183,
        "median": 0.0029094570782,
        "min": 3.28537753167e-23,
        "var": 0.000130812841235
    },
    "spectral_energyband_middle_high": {
        "dmean": 0.00185503077228,
        "dmean2": 0.00263129593804,
        "dvar": 1.45172743942e-05,
        "dvar2": 2.82476285065e-05,
        "max": 0.121695697308,
        "mean": 0.00590488081798,
        "median": 0.00234636827372,
        "min": 1.45706037268e-21,
        "var": 8.20145578473e-05
    },
    "spectral_energyband_middle_low": {
        "dmean": 0.00493963668123,
        "dmean2": 0.00783993676305,
        "dvar": 5.79560764891e-05,
        "dvar2": 0.000144156176248,
        "max": 0.13314011693,
        "mean": 0.0122861275449,
        "median": 0.008749704808,
        "min": 2.24375921842e-22,
        "var": 0.000146553662489
    },
    "spectral_entropy": {
        "dmean": 0.156315937638,
        "dmean2": 0.22540988028,
        "dvar": 0.0290308203548,
        "dvar2": 0.051748085767,
        "max": 9.80858039856,
        "mean": 7.47447729111,
        "median": 7.48241138458,
        "min": 5.61590528488,
        "var": 0.222856104374
    },
    "spectral_flux": {
        "dmean": 0.0192298032343,
        "dmean2": 0.0298613961786,
        "dvar": 0.000586498237681,
        "dvar2": 0.0011676690774,
        "max": 0.360606759787,
        "mean": 0.0759389624,
        "median": 0.0660013258457,
        "min": 7.24335730284e-11,
        "var": 0.00192379043438
    },
    "spectral_kurtosis": {
        "dmean": 1.66889369488,
        "dmean2": 2.68085241318,
        "dvar": 3.1230700016,
        "dvar2": 8.33587551117,
        "max": 30.2899703979,
        "mean": 5.9260225296,
        "median": 5.59958744049,
        "min": -1.24496304989,
        "var": 13.9293622971
    },
    "spectral_rms": {
        "dmean": 0.000674163980875,
        "dmean2": 0.000996351591311,
        "dvar": 6.13029669694e-07,
        "dvar2": 1.17637500807e-06,
        "max": 0.014013829641,
        "mean": 0.00444089947268,
        "median": 0.0041515561752,
        "min": 3.23285018547e-12,
        "var": 3.83526321457e-06
    },
    "spectral_rolloff": {
        "dmean": 472.159942627,
        "dmean2": 758.358337402,
        "dvar": 1288725.625,
        "dvar2": 2373836.75,
        "max": 18820.0195312,
        "mean": 1548.49304199,
        "median": 1055.12695312,
        "min": 64.599609375,
        "var": 3510759.75
    },
    "spectral_skewness": {
        "dmean": 0.210800245404,
        "dmean2": 0.322962015867,
        "dvar": 0.044108569622,
        "dvar2": 0.0935732871294,
        "max": 4.3452911377,
        "mean": 1.88755273819,
        "median": 1.89693975449,
        "min": -0.0496710054576,
        "var": 0.303166508675
    },
    "spectral_spread": {
        "dmean": 635231.375,
        "dmean2": 842801.5,
        "dvar": 1.04371270451e+12,
        "dvar2": 1.60777777971e+12,
        "max": 41338592,
        "mean": 4725736.5,
        "median": 4036939.25,
        "min": 1422064.75,
        "var": 5.06756438426e+12
    },
    "spectral_strongpeak": {
        "dmean": 0.485284507275,
        "dmean2": 0.817023932934,
        "dvar": 0.658604502678,
        "dvar2": 1.6708509922,
        "max": 16.0385894775,
        "mean": 0.893502891064,
        "median": 0.464714229107,
        "min": 0,
        "var": 1.6586741209
    },
    "zerocrossingrate": {
        "dmean": 0.0108225159347,
        "dmean2": 0.0119297998026,
        "dvar": 0.000277562183328,
        "dvar2": 0.000275069469353,
        "max": 0.55419921875,
        "mean": 0.0611065104604,
        "median": 0.0517578125,
        "min": 0.00390625,
        "var": 0.00200436939485
    },
    "barkbands": {
        "dmean": [0.000100561293948, 0.00200683181174, 0.00113517488353, 0.00163735984825, 0.00233733304776, 0.000839082233142, 0.000619599421043, 0.000942293088883, 0.000935660209507, 0.000700521341059, 0.000533621525392, 0.000470003724331, 0.000443805387476, 0.000355960131856, 0.000267664639978, 0.000173519394593, 0.000145711324876, 0.000123115329188, 9.25263520912e-05, 7.28228042135e-05, 4.67631762149e-05, 5.64441434108e-05, 6.41168153379e-05, 9.14792908588e-05, 9.70659602899e-05, 3.87349246012e-05, 4.8708230338e-08],
        "dmean2": [0.000142684148159, 0.00305002345704, 0.00197842973284, 0.00276623666286, 0.00385226379149, 0.00136924674734, 0.000982570694759, 0.00147212273441, 0.00147763779387, 0.00109645852353, 0.000826182309538, 0.000753215921577, 0.000706983497366, 0.000565355992876, 0.000426206854172, 0.000269330601441, 0.000226886724704, 0.000187781755812, 0.000143179073348, 0.000108725311293, 6.88658401486e-05, 8.23770169518e-05, 9.27250148379e-05, 0.00013050159032, 0.000134325353429, 5.54697508051e-05, 8.65502158831e-08],
        "dvar": [1.0962389041e-07, 4.55219851574e-05, 8.53292203828e-06, 1.14741878861e-05, 1.39799367389e-05, 2.51072901847e-06, 2.04890739042e-06, 6.79479762766e-06, 5.5945170061e-06, 3.14284125125e-06, 3.21596644426e-06, 2.99591147268e-06, 1.44112925682e-06, 9.07182595711e-07, 6.08261075286e-07, 2.01356314733e-07, 1.26503479692e-07, 7.51026121293e-08, 4.96627841073e-08, 3.11960413057e-08, 3.21154267624e-08, 3.75749600323e-08, 3.35411485253e-08, 8.54611386103e-08, 1.23701326515e-07, 1.72802732124e-08, 8.79031615835e-14],
        "dvar2": [2.09860886002e-07, 9.51490364969e-05, 2.43687536567e-05, 3.18614074786e-05, 3.74574701709e-05, 6.14561804468e-06, 4.68930920761e-06, 1.51477916006e-05, 1.42174421853e-05, 7.22821823729e-06, 7.18103410691e-06, 6.43219573249e-06, 3.51590006176e-06, 2.18573177335e-06, 1.46311197113e-06, 4.35958497746e-07, 2.95226840308e-07, 1.71724707343e-07, 1.12752715609e-07, 6.54463931937e-08, 6.68135484716e-08, 7.76242785605e-08, 6.52202416518e-08, 1.7931611751e-07, 2.3983312758e-07, 3.37675736262e-08, 2.49620989027e-13],
        "max": [0.00749286776409, 0.10718960315, 0.050024881959, 0.0718264207244, 0.0633903220296, 0.0420966334641, 0.0314998626709, 0.0806052908301, 0.0565387941897, 0.0463341921568, 0.0945743322372, 0.116402827203, 0.0284934584051, 0.025639615953, 0.0292886961251, 0.0117527423427, 0.00958920735866, 0.00739500438794, 0.00558890402317, 0.00396669050679, 0.00361053808592, 0.00377108552493, 0.00403560092673, 0.00598094752058, 0.0101798744872, 0.00278785731643, 9.8397513284e-06],
        "mean": [0.000181887822691, 0.00321964733303, 0.00202387501486, 0.00237744534388, 0.00403630034998, 0.00142963847611, 0.00104703207035, 0.00149971921928, 0.00143764785025, 0.00122551992536, 0.000925896747503, 0.000933157862164, 0.000773748557549, 0.000620532198809, 0.000482510920847, 0.000341089355061, 0.000289639719995, 0.000250287732342, 0.000195731117856, 0.000159640942002, 8.26293107821e-05, 0.000104173064756, 0.000117222800327, 0.000156929148943, 0.000170827464899, 6.3033287006e-05, 3.57628842096e-08],
        "median": [8.23528171168e-06, 0.000672094058245, 0.000949493492953, 0.00123674015049, 0.00247342232615, 0.000682679354213, 0.000344633532222, 0.000422044482548, 0.000433180190157, 0.000282601249637, 0.000225972456974, 0.000194307998754, 0.000199476198759, 0.000151534302859, 0.000157965696417, 0.000102362253529, 9.23595507629e-05, 8.90843803063e-05, 6.33049057797e-05, 4.4208158215e-05, 1.82494168257e-05, 2.42835376412e-05, 2.50582379522e-05, 3.02090920741e-05, 2.10614671232e-05, 6.59462693875e-06, 1.79347758866e-09],
        "min": [1.40668067343e-23, 3.68197474853e-24, 4.81536592094e-24, 2.48248910183e-23, 2.29474194189e-23, 1.50316719738e-23, 3.26224560558e-23, 3.80358467793e-23, 4.54301587438e-23, 4.45496669112e-23, 4.30308666995e-23, 6.67060970782e-23, 7.78446679095e-23, 3.77669083195e-23, 4.34755286591e-23, 1.46200689659e-22, 8.97708059141e-23, 2.01553771957e-22, 1.55566980337e-22, 1.9656570979e-22, 3.2701710071e-22, 4.60803467371e-22, 4.65144449025e-22, 7.59272689041e-22, 1.02831414253e-21, 1.76759247666e-21, 2.50255598146e-21],
        "var": [3.06456740873e-07, 8.42700173962e-05, 9.99785333988e-06, 1.34013280331e-05, 2.39937435254e-05, 5.20474759469e-06, 5.16811769558e-06, 1.31822498588e-05, 8.40908523969e-06, 7.53195809011e-06, 8.24040671432e-06, 1.61271800607e-05, 3.25645146404e-06, 2.18121886064e-06, 1.25872395529e-06, 6.05085347161e-07, 3.73040506929e-07, 2.01795216981e-07, 1.4049408037e-07, 9.56940624519e-08, 5.56642874017e-08, 7.41197112575e-08, 8.59309068346e-08, 1.79995993221e-07, 3.37500665637e-07, 4.07381044454e-08, 5.85141879611e-14]
    },
    "erbbands": {
        "dmean": [0.0684058070183, 0.456299394369, 1.09158670902, 3.22443461418, 8.23999023438, 8.18307685852, 4.85867643356, 8.92696762085, 7.50420284271, 15.984418869, 15.3863048553, 21.5537967682, 22.5368328094, 18.5216503143, 22.7270431519, 16.7403869629, 18.2115573883, 18.4933872223, 15.6090393066, 9.7992477417, 7.65330028534, 7.06603240967, 6.84179878235, 4.6848025322, 4.58171844482, 3.39363050461, 2.11508202553, 1.85908746719, 1.9461735487, 1.96249461174, 1.92412137985, 1.88908970356, 1.57520794868, 1.16262114048, 0.680824398994, 0.238987714052, 0.0607206076384, 0.00531721347943, 0.000104496495624, 1.30042153614e-05],
        "dmean2": [0.0924760848284, 0.721004903316, 1.86155021191, 5.53352022171, 13.8464698792, 13.3864421844, 7.85158109665, 14.6050662994, 12.0312976837, 24.978181839, 23.9587135315, 34.2011108398, 35.3776855469, 28.2539920807, 34.861656189, 26.3556270599, 28.9886188507, 29.3306713104, 24.6919193268, 15.2713222504, 11.7758617401, 10.7710208893, 10.4866762161, 6.99807548523, 6.95488071442, 5.05731201172, 3.1798119545, 2.74739670753, 2.84143877029, 2.88221430779, 2.78806877136, 2.71461820602, 2.26311779022, 1.65290725231, 0.94726896286, 0.337815254927, 0.0860909372568, 0.00763804093003, 0.000146896214574, 1.85490189324e-05],
        "dvar": [0.0499499998987, 2.56563973427, 8.53158569336, 51.9010429382, 219.556900024, 188.858276367, 68.7761993408, 300.717895508, 306.546020508, 1929.2052002, 1688.0222168, 3158.40844727, 2880.23730469, 3332.16918945, 5762.56347656, 5205.53857422, 2055.32739258, 2403.12207031, 1617.4354248, 656.814880371, 406.446777344, 283.951660156, 221.11505127, 123.436096191, 135.669723511, 72.8317260742, 54.5530738831, 50.8747558594, 40.3008728027, 42.2990493774, 29.6950912476, 34.4899215698, 26.1769809723, 17.8684825897, 6.89437770844, 0.621122062206, 0.0467150323093, 0.000381180143449, 1.35744684826e-07, 6.36205310656e-10],
        "dvar2": [0.0796550735831, 6.05483150482, 23.3229942322, 145.811065674, 598.435668945, 481.73336792, 172.073760986, 738.183959961, 693.420837402, 4274.44042969, 3858.9753418, 8246.04589844, 6932.02294922, 7235.98242188, 13054.9121094, 10133.4970703, 4951.03710938, 5776.25244141, 3883.96899414, 1536.97253418, 882.348693848, 615.309387207, 515.442993164, 248.693771362, 306.325622559, 156.288330078, 116.872406006, 106.729606628, 82.6555252075, 87.1428604126, 59.5465698242, 72.5762405396, 53.8013153076, 34.7311935425, 14.3507013321, 1.14855968952, 0.0960138514638, 0.000795990286861, 2.75489242085e-07, 1.2258490889e-09],
        "max": [4.08580446243, 25.5339946747, 50.3739738464, 137.612884521, 252.352722168, 202.822174072, 154.938552856, 423.375640869, 546.034484863, 1659.40917969, 1101.57568359, 1498.61206055, 1086.00830078, 2269.51220703, 3018.63183594, 5997.97021484, 1289.70092773, 1471.10778809, 1136.81140137, 842.896911621, 667.196594238, 543.242553711, 399.468292236, 466.360961914, 232.782333374, 227.364868164, 130.110321045, 202.843505859, 110.607254028, 141.596389771, 119.242156982, 136.848068237, 113.805259705, 119.393119812, 92.541519165, 21.0148010254, 4.18211603165, 0.477541416883, 0.00882575754076, 0.000556913844775],
        "mean": [0.120008848608, 0.626483023167, 1.91442811489, 5.42120075226, 12.5735034943, 13.1884365082, 9.01214885712, 14.5318346024, 13.809636116, 27.3660011292, 25.5458660126, 34.0501670837, 40.2696990967, 34.1960029602, 42.5615844727, 38.0751419067, 34.3740692139, 34.6645507812, 30.9789409637, 20.1994285583, 17.6214733124, 15.1587104797, 14.5511293411, 10.4935541153, 9.76117134094, 7.54048299789, 4.15508174896, 3.28008699417, 3.63067793846, 3.52307963371, 3.40008378029, 3.30902147293, 2.60308790207, 1.99388945103, 1.15715765953, 0.40639513731, 0.09193110466, 0.00754594663158, 0.000168989325175, 3.859573917e-05],
        "median": [0.0130873080343, 0.180393993855, 0.949964284897, 3.16230154037, 7.05600881577, 7.05241298676, 4.95968580246, 6.64904212952, 5.49054431915, 9.09593009949, 7.9467754364, 10.8357419968, 10.6935825348, 8.43980789185, 11.1985139847, 8.66597175598, 10.4377613068, 9.15476989746, 9.14655685425, 6.95118522644, 5.4428062439, 5.08421707153, 5.42501211166, 4.01797199249, 2.91224765778, 2.13902330399, 0.957411885262, 0.739892721176, 0.852665305138, 0.776171684265, 0.726673185825, 0.675682425499, 0.446597874165, 0.246841102839, 0.136419892311, 0.0465224832296, 0.00868850387633, 0.000618643127382, 2.86750855594e-05, 2.49477743637e-05],
        "min": [2.42467771438e-22, 1.31905368853e-21, 7.25529162558e-21, 5.22762605185e-20, 1.37868790558e-19, 5.91809471178e-20, 7.3604682867e-20, 1.58798734803e-19, 3.4893913622e-19, 3.76791470667e-19, 8.12550941143e-19, 1.01419529231e-18, 1.11812288485e-18, 1.48947073161e-18, 1.18099419488e-18, 3.22077474633e-18, 2.91685307964e-18, 2.47924703184e-18, 2.78972637963e-18, 4.73598454686e-18, 6.40101640187e-18, 6.49022245426e-18, 1.03157561843e-17, 1.00159181015e-17, 1.01089039557e-17, 9.03144495953e-18, 1.11357411527e-17, 1.61558895369e-17, 1.38745866188e-17, 1.47001575379e-17, 1.43019991132e-17, 1.06518495933e-17, 1.44387750818e-17, 9.27885881664e-18, 9.42689354061e-18, 5.57953589092e-18, 3.07654071048e-18, 1.28164367065e-18, 3.54164694643e-19, 3.42002154034e-20],
        "var": [0.134723350406, 3.20722532272, 9.23027992249, 58.8145751953, 317.061676025, 328.913085938, 148.204650879, 579.926513672, 870.035644531, 4094.30957031, 3116.65576172, 4563.67626953, 6584.76513672, 7986.69287109, 15855.7382812, 36258.2304688, 5087.046875, 6134.9375, 4134.27539062, 1644.85229492, 1537.64941406, 834.270324707, 610.163024902, 360.744598389, 359.908996582, 217.332321167, 105.05291748, 89.5947494507, 84.7113494873, 87.7816925049, 72.9186477661, 73.3206253052, 55.4164543152, 44.3393173218, 17.0014324188, 1.72039961815, 0.0926276221871, 0.000679290911648, 2.70167390681e-07, 2.02838879027e-09]
    },
    "gfcc": {
        "mean": [-11.64727211, 93.3804168701, -119.800476074, 16.7978153229, -63.0658035278, 18.2925033569, -50.0930633545, 9.74226760864, -31.9268836975, -3.45073246956, -19.5249099731, -5.27874660492, -15.8759965897],
        "cov": [[5268.52050781, -736.199951172, 625.045532227, 526.874633789, -118.503494263, 355.160491943, -38.044719696, 305.798828125, -25.6153011322, 315.502532959, 54.4866905212, 158.359161377, -21.2138938904], [-736.199951172, 1347.21228027, 331.35244751, 98.9657897949, 290.205444336, -155.921676636, 24.4968891144, -62.2182579041, 68.6504898071, -102.042388916, 81.0520095825, -102.384910583, 21.2601356506], [625.045532227, 331.35244751, 1620.21081543, 546.840148926, 114.621757507, 168.431900024, -174.897064209, -25.2225837708, -20.3310413361, 131.574234009, -11.5223960876, 103.377311707, -78.6461486816], [526.874633789, 98.9657897949, 546.840148926, 515.218261719, 137.923019409, 68.3726959229, -37.4900817871, 31.4241638184, 44.0086975098, 92.2799911499, 52.4622154236, 63.525062561, 32.9234848022], [-118.503494263, 290.205444336, 114.621757507, 137.923019409, 251.906799316, 38.1361122131, 54.2424850464, 39.807472229, 36.6953811646, 13.0747737885, 49.7142066956, 5.44566679001, 24.9854927063], [355.160491943, -155.921676636, 168.431900024, 68.3726959229, 38.1361122131, 276.935913086, 111.603721619, 34.5117378235, -18.3599338531, 55.9994544983, 25.6532344818, 34.9843978882, -1.0364896059], [-38.044719696, 24.4968891144, -174.897064209, -37.4900817871, 54.2424850464, 111.603721619, 217.543121338, 49.559425354, 9.69310283661, 22.8266468048, 38.8468360901, 0.651350498199, 24.2220954895], [305.798828125, -62.2182579041, -25.2225837708, 31.4241638184, 39.807472229, 34.5117378235, 49.559425354, 134.829574585, 50.5614967346, 41.3093147278, 23.3476486206, 18.0547924042, 13.9285039902], [-25.6153011322, 68.6504898071, -20.3310413361, 44.0086975098, 36.6953811646, -18.3599338531, 9.69310283661, 50.5614967346, 118.061828613, 28.1836452484, 11.1830224991, 7.10004520416, 21.9476795197], [315.502532959, -102.042388916, 131.574234009, 92.2799911499, 13.0747737885, 55.9994544983, 22.8266468048, 41.3093147278, 28.1836452484, 108.919723511, 20.9348621368, 38.3155288696, 6.47717428207], [54.4866905212, 81.0520095825, -11.5223960876, 52.4622154236, 49.7142066956, 25.6532344818, 38.8468360901, 23.3476486206, 11.1830224991, 20.9348621368, 93.2625274658, 19.7377071381, 22.5314102173], [158.359161377, -102.384910583, 103.377311707, 63.525062561, 5.44566679001, 34.9843978882, 0.651350498199, 18.0547924042, 7.10004520416, 38.3155288696, 19.7377071381, 86.8635406494, 17.4526500702], [-21.2138938904, 21.2601356506, -78.6461486816, 32.9234848022, 24.9854927063, -1.0364896059, 24.2220954895, 13.9285039902, 21.9476795197, 6.47717428207, 22.5314102173, 17.4526500702, 74.0564880371]],
        "icov": [[0.000342146260664, -0.000162292082678, 0.00019187120779, -0.000439501454821, 0.000515102234203, -0.000497555767652, 0.000489537953399, -0.000968217966147, 0.000612979929429, -0.000681806006469, 0.000171871564817, -0.000196345834411, 0.000256936211372], [-0.000162292082678, 0.00285024102777, -0.00186686078086, 0.00126818311401, -0.00259441253729, 0.00278164469637, -0.0024114230182, 0.00216128490865, -0.00230568973348, 0.00293728546239, -0.00297227338888, 0.00344999460503, -0.00159694999456], [0.00019187120779, -0.00186686078086, 0.00276305130683, -0.00221818895079, 0.00131906778552, -0.00278426497243, 0.0028816559352, -0.00122537394054, 0.00191971205641, -0.00271466257982, 0.00259420298971, -0.00308033684269, 0.002920439234], [-0.000439501454821, 0.00126818311401, -0.00221818895079, 0.00528499111533, -0.00285099772736, 0.00161760789342, -0.000777833804023, 0.00192541372962, -0.00212051719427, 0.000315838638926, -0.0025057492312, 0.00147055613343, -0.00330176507123], [0.000515102234203, -0.00259441253729, 0.00131906778552, -0.00285099772736, 0.00861979089677, -0.00273038912565, 0.000896893267054, -0.00374066433869, 0.00154236715753, -0.00139042176306, 0.000770514481701, -0.0020270019304, 0.000932222756092], [-0.000497555767652, 0.00278164469637, -0.00278426497243, 0.00161760789342, -0.00273038912565, 0.00924252811819, -0.00648203492165, 0.00243799388409, -0.00114878453314, 0.00214216811582, -0.00288082682528, 0.00240007229149, -0.0014409548603], [0.000489537953399, -0.0024114230182, 0.0028816559352, -0.000777833804023, 0.000896893267054, -0.00648203492165, 0.0111971525475, -0.00388395087793, 0.00269975466654, -0.00440820958465, 0.00115271226969, -0.00197930214927, 0.000614595599473], [-0.000968217966147, 0.00216128490865, -0.00122537394054, 0.00192541372962, -0.00374066433869, 0.00243799388409, -0.00388395087793, 0.0143711678684, -0.00659681111574, 0.000974646303803, -0.00275677233003, 0.00156431819778, -0.000851634715218], [0.000612979929429, -0.00230568973348, 0.00191971205641, -0.00212051719427, 0.00154236715753, -0.00114878453314, 0.00269975466654, -0.00659681111574, 0.0142882186919, -0.00564665906131, 0.00324620353058, -0.00215014908463, -0.000581398780923], [-0.000681806006469, 0.00293728546239, -0.00271466257982, 0.000315838638926, -0.00139042176306, 0.00214216811582, -0.00440820958465, 0.000974646303803, -0.00564665906131, 0.0188512392342, -0.0042509585619, 7.36109213904e-05, -0.00100358529016], [0.000171871564817, -0.00297227338888, 0.00259420298971, -0.0025057492312, 0.000770514481701, -0.00288082682528, 0.00115271226969, -0.00275677233003, 0.00324620353058, -0.0042509585619, 0.0172771923244, -0.00573496241122, 0.000117429401143], [-0.000196345834411, 0.00344999460503, -0.00308033684269, 0.00147055613343, -0.0020270019304, 0.00240007229149, -0.00197930214927, 0.00156431819778, -0.00215014908463, 7.36109213904e-05, -0.00573496241122, 0.0200811102986, -0.00625786324963], [0.000256936211372, -0.00159694999456, 0.002920439234, -0.00330176507123, 0.000932222756092, -0.0014409548603, 0.000614595599473, -0.000851634715218, -0.000581398780923, -0.00100358529016, 0.000117429401143, -0.00625786324963, 0.0199281629175]]
    },
    "melbands": {
        "dmean": [0.000566551694646, 0.000538044492714, 0.000710247259121, 0.0005819836515, 0.000206072800211, 0.00018363824347, 0.000118287935038, 0.000193194689928, 0.000123127872939, 0.000143117344123, 0.000115000751975, 7.88063043728e-05, 7.20222451491e-05, 5.6866218074e-05, 3.90877357859e-05, 4.60019582533e-05, 3.64520601579e-05, 2.783932905e-05, 1.92999868887e-05, 1.38279920066e-05, 9.07113280846e-06, 8.07935975899e-06, 7.9487945186e-06, 5.85041880186e-06, 3.96965651817e-06, 3.65925779988e-06, 3.20658091368e-06, 2.24873247134e-06, 1.58023613039e-06, 1.14138026674e-06, 1.14563965781e-06, 1.15977172754e-06, 1.15606133022e-06, 1.11909764655e-06, 1.10806513476e-06, 1.19564617762e-06, 1.24649579902e-06, 1.18717434816e-06, 1.04185096461e-06, 1.01896750948e-06],
        "dmean2": [0.000826466537546, 0.000882089196239, 0.00120291172061, 0.000967418600339, 0.000332433468429, 0.00030035173404, 0.000188778285519, 0.000301258463878, 0.000191719373106, 0.000227393073146, 0.000181076407898, 0.000121794757433, 0.000110667293484, 9.01666207938e-05, 6.18235353613e-05, 7.32221596991e-05, 5.79215302423e-05, 4.40047806478e-05, 3.06637448375e-05, 2.12725062738e-05, 1.42937096825e-05, 1.26027744045e-05, 1.22296942209e-05, 8.99046517588e-06, 6.05541299592e-06, 5.6848971326e-06, 4.85342889078e-06, 3.44975001099e-06, 2.4304629278e-06, 1.78254992989e-06, 1.71575675267e-06, 1.73962132521e-06, 1.74159322341e-06, 1.66124573298e-06, 1.65057974755e-06, 1.74041508672e-06, 1.8403602553e-06, 1.77023275683e-06, 1.49015886564e-06, 1.4812808331e-06],
        "dvar": [3.55967995347e-06, 2.26372753787e-06, 2.08232631849e-06, 9.2367332627e-07, 1.11434445671e-07, 1.21982324686e-07, 7.08262390958e-08, 2.92204475727e-07, 1.1241015585e-07, 1.27556845086e-07, 7.51180877501e-08, 5.94102793627e-08, 6.39677395498e-08, 3.61456820031e-08, 1.84718835783e-08, 1.61322315506e-08, 9.79088898845e-09, 5.22833376593e-09, 3.98742638907e-09, 1.40666855941e-09, 7.0240291361e-10, 4.30464192069e-10, 3.64968388844e-10, 1.92396945597e-10, 8.93827026283e-11, 8.128170359e-11, 6.87422271883e-11, 3.38340466755e-11, 2.58107198808e-11, 2.17142206993e-11, 1.85694307153e-11, 1.50352941902e-11, 1.40374404808e-11, 1.27872322106e-11, 1.04921236629e-11, 1.19555728165e-11, 1.55177381361e-11, 1.60440983415e-11, 1.22485676116e-11, 1.51723182629e-11],
        "dvar2": [6.6374295784e-06, 5.57951534574e-06, 5.78112803851e-06, 2.48169703809e-06, 2.79589158936e-07, 2.99188798181e-07, 1.61275721666e-07, 6.43240241516e-07, 2.62029345777e-07, 3.28420128426e-07, 1.81003130706e-07, 1.30283950739e-07, 1.42456045182e-07, 8.16442877749e-08, 3.84453784363e-08, 3.99275528196e-08, 2.39194068996e-08, 1.26793349153e-08, 9.82775993918e-09, 3.04366820636e-09, 1.6157267746e-09, 9.70071245554e-10, 8.52444004273e-10, 4.39432240595e-10, 1.85019374821e-10, 1.8199457219e-10, 1.52585374891e-10, 7.39271005523e-11, 5.62767853152e-11, 5.1764387915e-11, 3.79607352496e-11, 3.26850144172e-11, 2.94291709058e-11, 2.66198521559e-11, 2.30849558219e-11, 2.33499920788e-11, 3.49338856453e-11, 3.54071424957e-11, 2.40896105147e-11, 3.10701117612e-11],
        "max": [0.0300303380936, 0.0208676997572, 0.0262144561857, 0.0159958582371, 0.00543398084119, 0.0095229530707, 0.00752197112888, 0.0200841259211, 0.0110133253038, 0.00889283046126, 0.00529777118936, 0.00939784944057, 0.0129968170077, 0.0105485059321, 0.00912589021027, 0.00359525159001, 0.00312408641912, 0.00169423955958, 0.00240982579999, 0.00118744617794, 0.00081674521789, 0.00079647655366, 0.000617373210844, 0.000494903768413, 0.000378638535039, 0.000335642078426, 0.000162641546922, 0.000182312418474, 0.000119644209917, 8.34259117255e-05, 0.000130519503728, 7.51177722123e-05, 9.44674611674e-05, 7.9431119957e-05, 8.29360142234e-05, 6.83625694364e-05, 9.67732121353e-05, 0.000102334648545, 0.000102887293906, 9.77190138656e-05],
        "mean": [0.000962003483437, 0.000952575879637, 0.00119974359404, 0.000961099925917, 0.000380780402338, 0.000304444052745, 0.000214809042518, 0.000323969434248, 0.000197723857127, 0.000220014000661, 0.000200233480427, 0.000136857270263, 0.000133404362714, 0.000110587367089, 7.96323947725e-05, 7.89928089944e-05, 6.28860507277e-05, 5.12602855451e-05, 3.41297200066e-05, 2.57872907241e-05, 1.93685718841e-05, 1.59963947226e-05, 1.48044682646e-05, 1.15489938253e-05, 8.05193121778e-06, 7.39533106753e-06, 6.29658825346e-06, 4.72553483633e-06, 2.89574677481e-06, 1.8490684397e-06, 1.89388629224e-06, 2.00042427423e-06, 2.06695199267e-06, 1.90588798432e-06, 1.86095905974e-06, 2.05975902645e-06, 2.0420607143e-06, 1.85980900369e-06, 1.68731116901e-06, 1.67751557001e-06],
        "median": [0.000162829615874, 0.000440974574303, 0.00073840492405, 0.000566219619941, 0.000221391834202, 0.000142187054735, 8.11442587292e-05, 0.000104794235085, 5.81513377256e-05, 6.74984330544e-05, 5.03756527905e-05, 3.09767201543e-05, 3.22004634654e-05, 2.77172548522e-05, 1.89731290448e-05, 1.96007204067e-05, 1.51466565512e-05, 1.33160529003e-05, 1.15275815915e-05, 7.80524078436e-06, 5.61112210562e-06, 4.86015778733e-06, 5.33761249244e-06, 4.02537807531e-06, 2.95362588076e-06, 2.13193152376e-06, 1.70262137544e-06, 1.17327067528e-06, 5.83046926295e-07, 3.66570219512e-07, 4.00004722678e-07, 4.46670753718e-07, 4.80893049826e-07, 3.95510994622e-07, 3.80490462248e-07, 4.15405395415e-07, 4.02970613322e-07, 3.1220261576e-07, 2.25701398904e-07, 1.84127259217e-07],
        "min": [4.81157583872e-24, 3.40853741498e-24, 1.30956574288e-23, 6.73154258631e-24, 2.71132558087e-24, 3.23205601706e-24, 6.98067117107e-24, 3.3984530116e-24, 6.11392208437e-24, 6.86633761577e-24, 6.09798551636e-24, 5.72564080252e-24, 5.06377822e-24, 4.70998199261e-24, 3.77274542302e-24, 6.56059169498e-24, 4.33706298803e-24, 4.51072558872e-24, 4.50063724103e-24, 9.957125408e-24, 5.96623549e-24, 5.36399225368e-24, 1.05716496309e-23, 7.13708335591e-24, 6.29293907845e-24, 7.10295959973e-24, 6.60345129683e-24, 5.78377906237e-24, 5.87366976252e-24, 5.64332868908e-24, 9.38705428598e-24, 6.56458530332e-24, 1.04560846637e-23, 6.96308272832e-24, 7.40008642627e-24, 8.68247764646e-24, 5.45595055826e-24, 1.01956217255e-23, 8.2682594069e-24, 6.93376155734e-24],
        "var": [7.97645952844e-06, 2.87323814518e-06, 2.53955340668e-06, 1.47060950439e-06, 2.45262413046e-07, 2.54181628634e-07, 2.08387831435e-07, 6.07518643392e-07, 1.94190548086e-07, 1.89330265243e-07, 1.69839807995e-07, 1.37659526445e-07, 1.81972538371e-07, 1.47872256662e-07, 1.04936397349e-07, 3.50116948766e-08, 2.29846612854e-08, 1.28879307226e-08, 7.40716732395e-09, 3.70314090503e-09, 2.39822894876e-09, 1.23192667179e-09, 7.79506570403e-10, 4.76300054952e-10, 2.37572211903e-10, 2.40322789447e-10, 1.57134819045e-10, 1.00823321914e-10, 5.38668311345e-11, 3.05010391943e-11, 3.25493278164e-11, 2.77287654643e-11, 2.92689449066e-11, 2.63900342551e-11, 2.31228734077e-11, 2.7528429189e-11, 2.93563402753e-11, 2.96574327596e-11, 2.65859070869e-11, 3.52505316603e-11]
    },
    "mfcc": {
        "mean": [-654.278015137, 127.717208862, -1.80416560173, 2.84540343285, 6.81789493561, -1.6383420229, -2.41841650009, 2.49522233009, -7.90518093109, 0.390902131796, -3.84788918495, -6.4783244133, -5.95590353012],
        "cov": [[4389.296875, -955.683227539, 364.201629639, 107.539810181, 66.4553756714, 46.6074180603, 182.225479126, 53.9725570679, 89.1779937744, 201.037445068, 128.808853149, 71.7625427246, 113.76537323], [-955.683227539, 1234.88879395, 87.8313217163, 190.708648682, 164.121276855, -22.688829422, -0.681761860847, 21.1344528198, -54.9327011108, 24.3002300262, -1.97149610519, -37.9587478638, -8.12309455872], [364.201629639, 87.8313217163, 1322.93566895, 386.76083374, 357.237915039, 228.665863037, 9.37774753571, -35.1089630127, -29.4774799347, -31.7572803497, 25.8605766296, 53.5969696045, 54.822227478], [107.539810181, 190.708648682, 386.76083374, 467.895263672, 249.200744629, 59.0324668884, -9.82442092896, -13.3415260315, 13.0581417084, 13.3333301544, -4.03836250305, 43.8103904724, 96.0267105103], [66.4553756714, 164.121276855, 357.237915039, 249.200744629, 317.988616943, 67.0527114868, 5.86084365845, 12.6173877716, -3.017111063, 23.2498130798, -0.192067652941, 23.8241920471, 65.3386917114], [46.6074180603, -22.688829422, 228.665863037, 59.0324668884, 67.0527114868, 215.221984863, 99.071647644, 27.6487693787, 31.7071628571, 5.18972158432, 24.3212909698, 30.2828636169, 10.9095592499], [182.225479126, -0.681761860847, 9.37774753571, -9.82442092896, 5.86084365845, 99.071647644, 213.503753662, 59.030166626, 20.3077087402, 31.1137275696, 26.9749584198, 36.4936256409, 10.1219491959], [53.9725570679, 21.1344528198, -35.1089630127, -13.3415260315, 12.6173877716, 27.6487693787, 59.030166626, 103.292648315, 31.8034667969, 31.5255508423, 21.1417636871, 17.0835285187, 14.4791507721], [89.1779937744, -54.9327011108, -29.4774799347, 13.0581417084, -3.017111063, 31.7071628571, 20.3077087402, 31.8034667969, 106.485305786, 36.5518035889, 26.2728786469, 18.7128887177, 15.7887325287], [201.037445068, 24.3002300262, -31.7572803497, 13.3333301544, 23.2498130798, 5.18972158432, 31.1137275696, 31.5255508423, 36.5518035889, 101.973396301, 36.304473877, 9.69191932678, 9.36522483826], [128.808853149, -1.97149610519, 25.8605766296, -4.03836250305, -0.192067652941, 24.3212909698, 26.9749584198, 21.1417636871, 26.2728786469, 36.304473877, 86.0411224365, 19.9529533386, 3.6299943924], [71.7625427246, -37.9587478638, 53.5969696045, 43.8103904724, 23.8241920471, 30.2828636169, 36.4936256409, 17.0835285187, 18.7128887177, 9.69191932678, 19.9529533386, 80.1776733398, 38.1721191406], [113.76537323, -8.12309455872, 54.822227478, 96.0267105103, 65.3386917114, 10.9095592499, 10.1219491959, 14.4791507721, 15.7887325287, 9.36522483826, 3.6299943924, 38.1721191406, 96.7472305298]],
