{
"lowlevel": {
    "average_loudness": 0.935779035091,
    "barkbands_crest": {
        "dmean": 3.43997192383,
        "dmean2": 5.72025775909,
        "dvar": 8.76926231384,
        "dvar2": 22.4061069489,
        "max": 25.6320266724,
        "mean": 10.6137294769,
        "median": 9.74433231354,
        "min": 2.16074132919,
        "var": 21.8494873047
    },
    "barkbands_flatness_db": {
        "dmean": 0.0256461407989,
        "dmean2": 0.0391753129661,
        "dvar": 0.000556440791115,
        "dvar2": 0.00123673712369,
        "max": 0.343191772699,
        "mean": 0.134183704853,
        "median": 0.125507518649,
        "min": 0.0285522006452,
        "var": 0.00275477091782
    },
    "barkbands_kurtosis": {
        "dmean": 3.38532304764,
        "dmean2": 5.35419559479,
        "dvar": 36.5078277588,
        "dvar2": 86.1270904541,
        "max": 101.299095154,
        "mean": 4.34098482132,
        "median": 1.57287502289,
        "min": -1.84854328632,
        "var": 69.299621582
    },
    "barkbands_skewness": {
        "dmean": 0.621100604534,
        "dmean2": 0.963461220264,
        "dvar": 0.394652396441,
        "dvar2": 0.903650641441,
        "max": 9.23297309875,
        "mean": 1.57524514198,
        "median": 1.33161818981,
        "min": -2.15197896957,
        "var": 1.66013300419
    },
    "barkbands_spread": {
        "dmean": 6.57529115677,
        "dmean2": 10.2210350037,
        "dvar": 56.0748405457,
        "dvar2": 120.909812927,
        "max": 117.998550415,
        "mean": 22.9527454376,
        "median": 20.9875411987,
        "min": 1.20653259754,
        "var": 186.879058838
    },
    "dissonance": {
        "dmean": 0.0177948474884,
        "dmean2": 0.0304706338793,
        "dvar": 0.00033732119482,
        "dvar2": 0.000932014314458,
        "max": 0.500000059605,
        "mean": 0.472485274076,
        "median": 0.478967040777,
        "min": 0.215250939131,
        "var": 0.000571110867895
    },
    "dynamic_complexity": 2.64836502075,
    "erbbands_crest": {
        "dmean": 2.69631457329,
        "dmean2": 4.42066287994,
        "dvar": 6.88263082504,
        "dvar2": 16.6236591339,
        "max": 31.2995300293,
        "mean": 8.45045280457,
        "median": 6.87376832962,
        "min": 2.25120663643,
        "var": 24.4214477539
    },
    "erbbands_flatness_db": {
        "dmean": 0.0167945157737,
        "dmean2": 0.0249956976622,
        "dvar": 0.000269493350061,
        "dvar2": 0.000528411415871,
        "max": 0.37835329771,
        "mean": 0.147471413016,
        "median": 0.126455038786,
        "min": 0.0515378937125,
        "var": 0.00442173145711
    },
    "erbbands_kurtosis": {
        "dmean": 0.942113697529,
        "dmean2": 1.49467265606,
        "dvar": 2.37111616135,
        "dvar2": 5.33343029022,
        "max": 55.0665817261,
        "mean": 0.702252805233,
        "median": -0.017721414566,
        "min": -1.66121947765,
        "var": 6.85823869705
    },
    "erbbands_skewness": {
        "dmean": 0.341214179993,
        "dmean2": 0.541014611721,
        "dvar": 0.095042206347,
        "dvar2": 0.225148022175,
        "max": 6.36953830719,
        "mean": 0.407514721155,
        "median": 0.368367731571,
        "min": -2.56194233894,
        "var": 0.353999614716
    },
    "erbbands_spread": {
        "dmean": 8.11784744263,
        "dmean2": 12.3972530365,
        "dvar": 73.4389877319,
        "dvar2": 145.178192139,
        "max": 134.672088623,
        "mean": 38.1121520996,
        "median": 36.2814369202,
        "min": 3.31041717529,
        "var": 426.374694824
    },
    "hfc": {
        "dmean": 9.19498825073,
        "dmean2": 13.5966892242,
        "dvar": 141.058654785,
        "dvar2": 316.812225342,
        "max": 144.897064209,
        "mean": 24.1113128662,
        "median": 18.8815898895,
        "min": 1.14589502311e-16,
        "var": 368.75894165
    },
    "melbands_crest": {
        "dmean": 4.04707193375,
        "dmean2": 6.65641498566,
        "dvar": 13.2199573517,
        "dvar2": 32.5670814514,
        "max": 34.5029754639,
        "mean": 14.9906597137,
        "median": 14.120139122,
        "min": 1.7542308569,
        "var": 37.6007041931
    },
    "melbands_flatness_db": {
        "dmean": 0.0316861085594,
        "dmean2": 0.0474061965942,
        "dvar": 0.00083683966659,
        "dvar2": 0.00180839200038,
        "max": 0.455542713404,
        "mean": 0.185673341155,
        "median": 0.181030958891,
        "min": 0.0022854229901,
        "var": 0.0037065022625
    },
    "melbands_kurtosis": {
        "dmean": 8.72072410583,
        "dmean2": 13.6111316681,
        "dvar": 223.018737793,
        "dvar2": 518.350769043,
        "max": 277.83416748,
        "mean": 14.618478775,
        "median": 6.86011219025,
        "min": -1.69699680805,
        "var": 481.468505859
    },
    "melbands_skewness": {
        "dmean": 0.869875192642,
        "dmean2": 1.33012998104,
        "dvar": 0.777432799339,
        "dvar2": 1.75162506104,
        "max": 13.2961807251,
        "mean": 2.6757171154,
        "median": 2.28032207489,
        "min": -1.57594442368,
        "var": 3.67966222763
    },
    "melbands_spread": {
        "dmean": 7.00571298599,
        "dmean2": 11.0650939941,
        "dvar": 60.0383224487,
        "dvar2": 138.420120239,
        "max": 176.764083862,
        "mean": 22.5865745544,
        "median": 19.568063736,
        "min": 0.891229867935,
        "var": 214.338241577
    },
    "pitch_salience": {
        "dmean": 0.0867200121284,
        "dmean2": 0.13447137177,
        "dvar": 0.00559796113521,
        "dvar2": 0.0132104046643,
        "max": 0.963103711605,
        "mean": 0.552682816982,
        "median": 0.571756899357,
        "min": 0.0964388921857,
        "var": 0.0209922101349
    },
    "silence_rate_20dB": {
        "dmean": 0,
        "dmean2": 0,
        "dvar": 0,
        "dvar2": 0,
        "max": 1,
        "mean": 1,
        "median": 1,
        "min": 1,
        "var": 0
    },
    "silence_rate_30dB": {
        "dmean": 0.0196126494557,
        "dmean2": 0.0392301082611,
        "dvar": 0.019226597622,
        "dvar2": 0.047249045223,
        "max": 1,
        "mean": 0.981002569199,
        "median": 1,
        "min": 0,
        "var": 0.0186381991953
    },
    "silence_rate_60dB": {
        "dmean": 0.0120127480477,
        "dmean2": 0.0240284409374,
        "dvar": 0.0118690542877,
        "dvar2": 0.02860176377,
        "max": 1,
        "mean": 0.0273317806423,
        "median": 0,
        "min": 0,
        "var": 0.0265854652971
    },
    "spectral_centroid": {
        "dmean": 242.701309204,
        "dmean2": 379.874084473,
        "dvar": 67882.6796875,
        "dvar2": 137239.21875,
        "max": 10877.5263672,
        "mean": 1360.85632324,
        "median": 1333.74975586,
        "min": 203.371078491,
        "var": 243281.0625
    },
    "spectral_complexity": {
        "dmean": 4.65555286407,
        "dmean2": 7.02022790909,
        "dvar": 22.2963600159,
        "dvar2": 45.3313560486,
        "max": 49,
        "mean": 21.4813098907,
        "median": 21,
        "min": 0,
        "var": 75.9869842529
    },
    "spectral_decrease": {
        "dmean": 3.48698847574e-09,
        "dmean2": 5.55205126318e-09,
        "dvar": 1.77609127472e-17,
        "dvar2": 4.09675326612e-17,
        "max": 5.76674943976e-29,
        "mean": -8.65010019169e-09,
        "median": -6.49886322535e-09,
        "min": -6.40196233803e-08,
        "var": 5.06260442179e-17
    },
    "spectral_energy": {
        "dmean": 0.0137452147901,
        "dmean2": 0.0218593999743,
        "dvar": 0.00026881985832,
        "dvar2": 0.000617323967163,
        "max": 0.249435156584,
        "mean": 0.034834459424,
        "median": 0.0267351493239,
        "min": 1.04455980012e-20,
        "var": 0.000774990301579
    },
    "spectral_energyband_high": {
        "dmean": 0.000557884806767,
        "dmean2": 0.000805808289442,
        "dvar": 1.01063244529e-06,
        "dvar2": 2.34647654906e-06,
        "max": 0.010501421988,
        "mean": 0.000947498134337,
        "median": 0.000484882591991,
        "min": 7.45613576351e-21,
        "var": 1.45161368437e-06
    },
    "spectral_energyband_low": {
        "dmean": 0.00942917913198,
        "dmean2": 0.0143384374678,
        "dvar": 0.000208907396882,
        "dvar2": 0.000495699816383,
        "max": 0.169678688049,
        "mean": 0.0159567296505,
        "median": 0.00870370771736,
        "min": 6.49369976121e-23,
        "var": 0.000451596773928
    },
    "spectral_energyband_middle_high": {
        "dmean": 0.00308045954444,
        "dmean2": 0.004697737284,
        "dvar": 2.23001934501e-05,
        "dvar2": 4.76454006275e-05,
        "max": 0.116199783981,
        "mean": 0.00822940282524,
        "median": 0.00465645780787,
        "min": 1.21991338601e-21,
        "var": 0.000100629244116
    },
    "spectral_energyband_middle_low": {
        "dmean": 0.00672446703538,
        "dmean2": 0.0103282704949,
        "dvar": 0.000120626478747,
        "dvar2": 0.00025211146567,
        "max": 0.192221179605,
        "mean": 0.0110496552661,
        "median": 0.00638526445255,
        "min": 3.47984796379e-22,
        "var": 0.000191662387806
    },
    "spectral_entropy": {
        "dmean": 0.150428488851,
        "dmean2": 0.228297606111,
        "dvar": 0.023169580847,
        "dvar2": 0.0460622422397,
        "max": 9.80588340759,
        "mean": 7.8141283989,
        "median": 7.84490299225,
        "min": 6.24012851715,
        "var": 0.115582235157
    },
    "spectral_flux": {
        "dmean": 0.0321566238999,
        "dmean2": 0.0507918260992,
        "dvar": 0.00118632148951,
        "dvar2": 0.00251407874748,
        "max": 0.420044332743,
        "mean": 0.110381476581,
        "median": 0.0975244119763,
        "min": 6.93681709296e-11,
        "var": 0.00319619686343
    },
    "spectral_kurtosis": {
        "dmean": 1.28493952751,
        "dmean2": 2.1090285778,
        "dvar": 2.3529818058,
        "dvar2": 6.50063419342,
        "max": 28.295797348,
        "mean": 4.09179925919,
        "median": 3.47487926483,
        "min": -1.20321178436,
        "var": 7.04483604431
    },
    "spectral_rms": {
        "dmean": 0.00110598024912,
        "dmean2": 0.00172951456625,
        "dvar": 1.25958024455e-06,
        "dvar2": 2.67816835731e-06,
        "max": 0.0155997239053,
        "mean": 0.00538711668923,
        "median": 0.005107158795,
        "min": 3.19230752943e-12,
        "var": 4.96392476634e-06
    },
    "spectral_rolloff": {
        "dmean": 513.656433105,
        "dmean2": 850.738891602,
        "dvar": 778309.375,
        "dvar2": 1764817.25,
        "max": 18949.21875,
        "mean": 1393.98425293,
        "median": 1270.45898438,
        "min": 64.599609375,
        "var": 1624705.375
    },
    "spectral_skewness": {
        "dmean": 0.193741634488,
        "dmean2": 0.307553470135,
        "dvar": 0.0385355353355,
        "dvar2": 0.0888434350491,
        "max": 3.64227843285,
        "mean": 1.59511482716,
        "median": 1.55626404285,
        "min": -0.0129854464903,
        "var": 0.140295833349
    },
    "spectral_spread": {
        "dmean": 535829.25,
        "dmean2": 788916.5,
        "dvar": 616464449536,
        "dvar2": 949498806272,
        "max": 41675456,
        "mean": 5096770,
        "median": 5054177.5,
        "min": 1435749.375,
        "var": 3.14163750502e+12
    },
    "spectral_strongpeak": {
        "dmean": 0.590081512928,
        "dmean2": 1.00246500969,
        "dvar": 1.35543453693,
        "dvar2": 3.36434268951,
        "max": 20.8558273315,
        "mean": 0.945958256721,
        "median": 0.406305402517,
        "min": 0,
        "var": 2.31062507629
    },
    "zerocrossingrate": {
        "dmean": 0.0117492750287,
        "dmean2": 0.0134161515161,
        "dvar": 0.000187193509191,
        "dvar2": 0.000230990932323,
        "max": 0.6025390625,
        "mean": 0.0647257789969,
        "median": 0.06005859375,
        "min": 0.0048828125,
        "var": 0.00121335790027
    },
    "barkbands": {
        "dmean": [0.000665076950099, 0.00694195972756, 0.00348429637961, 0.00198016292416, 0.00315201841295, 0.00148388987873, 0.00102167960722, 0.000747381185647, 0.00112747249659, 0.00117362686433, 0.00105976988561, 0.000577819650061, 0.000515748397447, 0.000697520619724, 0.000412161723943, 0.000229284210945, 0.000160725438036, 0.000162592768902, 0.00011113149958, 9.33765622904e-05, 0.000106653351395, 9.64513092185e-05, 0.000146287711686, 0.000103978061816, 5.93308905081e-05, 4.71334169561e-05, 3.9542957353e-08],
        "dmean2": [0.00103669147938, 0.0108376918361, 0.00507768103853, 0.00327316229232, 0.00550859747455, 0.00241912784986, 0.00168718968052, 0.00126669928432, 0.00186598033179, 0.00191094761249, 0.00168749177828, 0.000928445835598, 0.000834479054902, 0.00111729232594, 0.000658759556245, 0.000376162934117, 0.000263279798673, 0.000257489853539, 0.000178651855094, 0.000146901016706, 0.000169433114934, 0.000146286562085, 0.000228501448873, 0.000150168358232, 8.65378169692e-05, 7.09197920514e-05, 6.98563198398e-08],
        "dvar": [1.35199456963e-06, 0.000141704760608, 6.27446497674e-05, 2.49304921454e-05, 7.17313305358e-05, 1.25730348373e-05, 9.88431293081e-06, 6.78390097164e-06, 9.90255466604e-06, 8.72022064868e-06, 8.24319340609e-06, 1.6780934402e-06, 1.66122310929e-06, 3.19160380968e-06, 1.33077310238e-06, 2.70067005204e-07, 1.09430231987e-07, 4.30085691505e-08, 2.29887735514e-08, 5.47679448459e-08, 3.42767982886e-08, 2.89333659254e-08, 8.51228350029e-08, 4.52181296851e-08, 1.15264242595e-08, 9.50244150033e-09, 1.22441119743e-14],
        "dvar2": [3.33509819939e-06, 0.000339892023476, 0.000133042034577, 6.4055864641e-05, 0.000191935687326, 2.73805035249e-05, 2.36170235439e-05, 1.78827649506e-05, 2.53910020547e-05, 1.92914540094e-05, 1.79089784069e-05, 3.99540431317e-06, 3.93382879338e-06, 7.07381286702e-06, 3.07940445055e-06, 6.92534058544e-07, 2.39649665446e-07, 1.03638583937e-07, 5.6437396978e-08, 1.0444026799e-07, 8.63798774731e-08, 6.90855941343e-08, 2.0528010225e-07, 1.02744017738e-07, 2.50749003783e-08, 2.14572501989e-08, 3.37993352653e-14],
        "max": [0.0245489142835, 0.136437609792, 0.0978117734194, 0.0544041916728, 0.0682959407568, 0.186600446701, 0.145701080561, 0.110669612885, 0.119016721845, 0.114035740495, 0.0912445262074, 0.0429180935025, 0.0584187358618, 0.0525697022676, 0.0403992347419, 0.0139362318441, 0.0142138088122, 0.00420461734757, 0.00311574689113, 0.0201365686953, 0.0020797830075, 0.00239391834475, 0.00244649965316, 0.00375799438916, 0.00201812246814, 0.00177092174999, 2.33644891523e-06],
        "mean": [0.000920063524973, 0.0102167734876, 0.00379962055013, 0.00187484023627, 0.00272730202414, 0.00211153854616, 0.00127074727789, 0.000739270646591, 0.00167678296566, 0.00192706694361, 0.00164208456408, 0.00092998042237, 0.000849806936458, 0.00119861622807, 0.000717664079275, 0.000392839603592, 0.00030191038968, 0.000308328686515, 0.000202484894544, 0.000155057336087, 0.000162059077411, 0.000158440845553, 0.000197832996491, 0.000166075013112, 0.000108647931484, 7.85638840171e-05, 3.09602050663e-08],
        "median": [0.000284587731585, 0.0055595478043, 0.000844324356876, 0.000463169359136, 0.000759110494982, 0.00107558234595, 0.000555033097044, 0.000255026854575, 0.000606941990554, 0.000522830174305, 0.000456942681922, 0.00039015270886, 0.000379066506866, 0.000401324708946, 0.000297180347843, 0.000201589762582, 0.000185082884855, 0.000217195789446, 0.000136078495416, 8.77368584042e-05, 8.34300080896e-05, 8.18712360342e-05, 8.74990291777e-05, 7.53146523493e-05, 5.10549325554e-05, 2.48418455158e-05, 4.13520373499e-09],
        "min": [3.16485039275e-24, 2.36177823721e-23, 4.3986079437e-24, 3.61120248685e-24, 6.09718545363e-23, 3.77877815791e-23, 4.77921660662e-23, 1.38215561897e-23, 2.96796356924e-23, 5.31819414497e-23, 5.92207978969e-23, 3.61048288793e-23, 5.67882790313e-23, 7.95818595296e-23, 7.43972321577e-23, 6.87004510425e-23, 1.39229570016e-22, 1.31602888028e-22, 1.38340391247e-22, 2.24914391985e-22, 3.51907391453e-22, 4.90461052823e-22, 4.5088043022e-22, 9.25557651129e-22, 9.9560577321e-22, 1.72917987307e-21, 2.24679016086e-21],
        "var": [2.39790074374e-06, 0.000226084244787, 7.83317300375e-05, 2.05991073017e-05, 5.12725382578e-05, 2.38899174292e-05, 1.15469565571e-05, 5.4274314607e-06, 1.73221105797e-05, 2.58364452748e-05, 2.06616041396e-05, 3.55361203219e-06, 4.0023683141e-06, 9.26049233385e-06, 3.01924819723e-06, 4.79981679291e-07, 2.87152971623e-07, 9.1518238321e-08, 4.39798810703e-08, 1.74078081727e-07, 4.21507948545e-08, 4.02347559714e-08, 9.50135188305e-08, 6.34576409198e-08, 2.20743636703e-08, 1.66338125496e-08, 9.02690211669e-15]
    },
    "erbbands": {
        "dmean": [0.223907381296, 1.56507301331, 3.72537016869, 5.42690849304, 8.22835826874, 11.4743061066, 10.106341362, 13.2882032394, 13.8759479523, 16.6198406219, 15.3896064758, 24.7164516449, 35.2763137817, 34.006187439, 39.9403152466, 23.3404655457, 23.3869819641, 35.6615829468, 21.0147724152, 19.2433261871, 9.25191116333, 8.23298549652, 8.41020870209, 6.43684434891, 4.92616796494, 4.31720066071, 4.84614896774, 3.80200457573, 3.46846222878, 4.39639425278, 4.02021932602, 2.49460911751, 1.60898387432, 0.784618973732, 0.391116440296, 0.220544815063, 0.0931708440185, 0.0069050588645, 0.000134547255584, 2.07482371479e-05],
        "dmean2": [0.367170572281, 2.37928795815, 5.57982063293, 8.4968547821, 13.6844911575, 20.9572105408, 17.6526584625, 21.3930625916, 22.6929607391, 27.547077179, 26.2102947235, 41.2761764526, 58.2466392517, 54.6465339661, 63.0781097412, 37.0029411316, 37.5632629395, 56.7227020264, 33.41614151, 31.2686157227, 15.2274303436, 13.2601242065, 13.2481975555, 10.1800327301, 7.88153409958, 6.7363576889, 7.87200260162, 5.9624376297, 5.3381896019, 7.05289983749, 6.24274539948, 3.66073250771, 2.34656453133, 1.16181576252, 0.579669237137, 0.327306270599, 0.144083425403, 0.0108617637306, 0.000207802004297, 3.22622036038e-05],
        "dvar": [0.142017811537, 7.77340698242, 68.5510101318, 164.08430481, 434.050872803, 1100.18054199, 561.546630859, 1179.02099609, 1372.6842041, 2471.18139648, 3003.90185547, 6757.03466797, 10217.8291016, 5502.03466797, 12560.7949219, 3231.2722168, 3821.5534668, 8521.68066406, 2742.7109375, 2733.8137207, 251.798843384, 283.660247803, 129.321136475, 65.4272766113, 53.8341331482, 156.012542725, 79.6995849609, 54.012714386, 37.1046943665, 87.4420776367, 65.0311279297, 21.4411277771, 12.6966114044, 2.1734457016, 0.494778305292, 0.1822334975, 0.0441331490874, 0.000202191557037, 7.34050615847e-08, 5.89930992945e-10],
        "dvar2": [0.377622872591, 17.8211917877, 142.474868774, 360.499176025, 1076.31506348, 3134.78173828, 1542.09082031, 2343.16674805, 3209.1027832, 6156.06347656, 8147.34716797, 18172.7695312, 24133.9023438, 12540.0136719, 26696.2636719, 7391.88867188, 9087.15722656, 18651.515625, 5975.02929688, 7061.578125, 587.602600098, 584.901672363, 309.736755371, 156.22567749, 130.450485229, 274.140991211, 210.737533569, 132.67918396, 86.1249313354, 224.691818237, 157.890701294, 47.8453636169, 29.33659935, 4.97709798813, 1.0603569746, 0.38389056921, 0.107295788825, 0.000482268165797, 1.72888462657e-07, 1.36355871039e-09],
        "max": [3.69708061218, 31.5617218018, 96.5019378662, 127.194412231, 211.132568359, 295.709686279, 736.55657959, 1732.87658691, 1426.85583496, 1988.49206543, 2766.86279297, 3386.5480957, 3619.56738281, 1917.94543457, 4004.12939453, 2192.99414062, 3180.61279297, 3152.76904297, 1689.09387207, 1701.43481445, 686.112426758, 753.006103516, 293.654907227, 104.423088074, 229.185653687, 1153.56884766, 124.386573792, 104.924842834, 76.1762084961, 97.3829803467, 81.1580886841, 75.1399459839, 70.252822876, 27.4070091248, 15.0624542236, 10.6726808548, 3.41277909279, 0.350207149982, 0.00617348914966, 0.000382156518754],
        "mean": [0.300028920174, 2.24653363228, 4.57327890396, 5.91382789612, 7.73691082001, 9.25650405884, 10.6179151535, 18.8385219574, 18.5618209839, 19.0606689453, 17.2430419922, 37.0469970703, 57.2453269958, 59.4487838745, 66.0951690674, 40.1681556702, 41.7110939026, 64.4390640259, 39.611541748, 35.0983810425, 18.2448883057, 16.8161945343, 16.6773872375, 12.709728241, 9.07569599152, 7.55417203903, 7.24652862549, 5.78232383728, 5.54780387878, 6.21308898926, 5.40428352356, 4.01883983612, 2.42607331276, 1.34018552303, 0.720542490482, 0.393082529306, 0.139745116234, 0.0109798628837, 0.000232213904383, 5.2445455367e-05],
        "median": [0.129502251744, 1.10505473614, 1.43761408329, 1.73879361153, 2.18055915833, 2.30833411217, 4.09817028046, 9.24902534485, 8.41420173645, 7.32392168045, 6.97319459915, 13.5394468307, 17.0269966125, 19.2913684845, 21.2444171906, 18.6003932953, 19.0954608917, 23.046295166, 16.9798698425, 16.1908454895, 11.4425516129, 10.7166471481, 11.7513475418, 9.01617336273, 5.89997434616, 4.29269504547, 3.82496929169, 2.88364195824, 2.78189277649, 3.02157497406, 2.41392564774, 1.84134984016, 1.0268419981, 0.604315519333, 0.333359032869, 0.140640050173, 0.04141895473, 0.00345788081177, 9.25581261981e-05, 4.32399465353e-05],
        "min": [4.55888094003e-22, 6.09186451741e-21, 8.07937273422e-21, 3.17652961792e-20, 9.66678806746e-20, 2.07631419813e-19, 2.4351625962e-19, 3.57927487551e-19, 6.71146690174e-19, 3.67089546811e-19, 6.29199534131e-19, 6.09715243103e-19, 1.99984065256e-18, 3.01993984309e-18, 2.11430673291e-18, 1.15649413911e-18, 2.86134739938e-18, 4.57184751151e-18, 2.19741853214e-18, 5.7292340751e-18, 4.25638274616e-18, 8.80846022744e-18, 7.01775399479e-18, 9.2621572129e-18, 8.15758075474e-18, 1.0992072288e-17, 1.13082447063e-17, 1.81031090948e-17, 1.83952577066e-17, 1.18279598037e-17, 1.20419605271e-17, 1.60439670369e-17, 1.61531846563e-17, 9.6396212331e-18, 7.7123226659e-18, 5.5786235107e-18, 3.35687366764e-18, 1.238194975e-18, 3.07254584172e-19, 2.99893135547e-20],
        "var": [0.19496794045, 12.5922679901, 91.5877532959, 179.13444519, 370.112365723, 676.800170898, 582.298950195, 2226.55639648, 1893.05969238, 2463.04760742, 2324.07788086, 11130.2998047, 23964.2597656, 16286.8164062, 32890.3046875, 6310.56689453, 9885.00195312, 25990.984375, 6915.20703125, 5895.83056641, 575.431762695, 862.913085938, 288.705078125, 144.798629761, 115.960388184, 544.47076416, 92.0131378174, 63.1184272766, 50.9335250854, 88.4772033691, 72.6105728149, 32.654045105, 16.1654396057, 3.53009152412, 1.02593302727, 0.382102757692, 0.0606023073196, 0.00034005579073, 1.24411727143e-07, 1.49847922959e-09]
    },
    "gfcc": {
        "mean": [19.801568985, 75.2956771851, -123.939476013, 22.6282367706, -58.9593238831, 28.1020927429, -37.5336837769, 14.4351844788, -22.4711322784, 7.35716772079, -13.6606903076, 6.92533254623, -10.7090148926],
        "cov": [[4405.6953125, -153.88041687, 1438.97338867, 664.899597168, 109.919769287, 332.122802734, -167.202316284, 86.9712524414, -209.081619263, 227.895385742, -107.513069153, 179.115371704, -196.591384888], [-153.88041687, 963.376586914, 377.367645264, 312.28225708, 277.367034912, 48.2365989685, 97.6860122681, -31.8076210022, 89.91015625, -25.7964859009, 110.186210632, -44.4486236572, 47.3645820618], [1438.97338867, 377.367645264, 2162.765625, 1047.56005859, 396.080413818, 345.403045654, -107.268104553, 77.9286499023, -52.3821258545, 265.506561279, 15.3659610748, 198.437057495, -130.294204712], [664.899597168, 312.28225708, 1047.56005859, 758.708129883, 279.752319336, 189.501907349, -5.82533884048, 21.3368701935, -9.48321723938, 97.5600967407, 17.9730949402, 60.5387077332, -47.3850135803], [109.919769287, 277.367034912, 396.080413818, 279.752319336, 289.224578857, 157.230270386, 56.9545593262, 35.2497177124, 40.2546348572, 34.0214920044, 22.0230846405, 15.5122499466, -8.70154476166], [332.122802734, 48.2365989685, 345.403045654, 189.501907349, 157.230270386, 234.167266846, 64.8764648438, 44.3618888855, -4.46540307999, 46.5209693909, 10.7912969589, 26.0867500305, -23.585308075], [-167.202316284, 97.6860122681, -107.268104553, -5.82533884048, 56.9545593262, 64.8764648438, 155.158538818, 34.228225708, 27.111322403, -27.3580627441, 19.9954605103, -36.0244522095, 19.0647716522], [86.9712524414, -31.8076210022, 77.9286499023, 21.3368701935, 35.2497177124, 44.3618888855, 34.228225708, 105.650436401, 48.7744636536, 27.581867218, -4.20751142502, 10.216550827, 0.715986728668], [-209.081619263, 89.91015625, -52.3821258545, -9.48321723938, 40.2546348572, -4.46540307999, 27.111322403, 48.7744636536, 106.18447113, 18.5911159515, 25.4975299835, -11.1171264648, 23.5763530731], [227.895385742, -25.7964859009, 265.506561279, 97.5600967407, 34.0214920044, 46.5209693909, -27.3580627441, 27.581867218, 18.5911159515, 112.277526855, 37.132434845, 53.8476867676, -17.0675163269], [-107.513069153, 110.186210632, 15.3659610748, 17.9730949402, 22.0230846405, 10.7912969589, 19.9954605103, -4.20751142502, 25.4975299835, 37.132434845, 98.9687271118, 31.0935840607, 22.4764404297], [179.115371704, -44.4486236572, 198.437057495, 60.5387077332, 15.5122499466, 26.0867500305, -36.0244522095, 10.216550827, -11.1171264648, 53.8476867676, 31.0935840607, 95.048538208, 5.58656263351], [-196.591384888, 47.3645820618, -130.294204712, -47.3850135803, -8.70154476166, -23.585308075, 19.0647716522, 0.715986728668, 23.5763530731, -17.0675163269, 22.4764404297, 5.58656263351, 69.9804992676]],
        "icov": [[0.000415552116465, -0.000319640035741, 0.000170824365341, -0.000313268887112, 0.000486183125759, -0.000572432938498, 0.000379667297238, -0.000695156806614, 0.000926020031329, -0.000761882576626, 0.00077608297579, -0.000539976055734, 0.000556914543267], [-0.000319640035741, 0.00355321960524, -0.00180890364572, 0.000894837197848, -0.00293664052151, 0.00226526032202, -0.00134560954757, 0.00269430782646, -0.00278091384098, 0.00385129987262, -0.00478619011119, 0.00371705088764, -0.00221087178215], [0.000170824365341, -0.00180890364572, 0.00352964852937, -0.0031546424143, 0.00100043532439, -0.00182128511369, 0.00175340368878, -0.00235053547658, 0.00245912373066, -0.00416240887716, 0.00329566956498, -0.00385911692865, 0.00260272691958], [-0.000313268887112, 0.000894837197848, -0.0031546424143, 0.00560549087822, -0.00267924461514, 0.00121264439076, -0.00109359563794, 0.00210393802263, -0.00122057809494, 0.00218045897782, -0.00209029554389, 0.00290168286301, -0.00182895769831], [0.000486183125759, -0.00293664052151, 0.00100043532439, -0.00267924461514, 0.0110362824053, -0.00603728136048, 0.000224424904445, -0.00106639869045, -0.00185077323113, -0.00115398492198, 0.00378643604927, -0.00354084558785, 0.00209784018807], [-0.000572432938498, 0.00226526032202, -0.00182128511369, 0.00121264439076, -0.00603728136048, 0.0115611795336, -0.00514611043036, 0.000151005981024, 0.00113647582475, 0.000435752444901, -0.00284189824015, 0.00186925998423, -0.000678079202771], [0.000379667297238, -0.00134560954757, 0.00175340368878, -0.00109359563794, 0.000224424904445, -0.00514611043036, 0.0131448302418, -0.00586601579562, 0.00257822172716, 0.0011990746716, -0.00249325670302, 0.00316165061668, -0.000753841013648], [-0.000695156806614, 0.00269430782646, -0.00235053547658, 0.00210393802263, -0.00106639869045, 0.000151005981024, -0.00586601579562, 0.0197741407901, -0.012175003998, 0.00131003325805, 0.00167693954427, -0.000707009807229, -0.00147505174391], [0.000926020031329, -0.00278091384098, 0.00245912373066, -0.00122057809494, -0.00185077323113, 0.00113647582475, 0.00257822172716, -0.012175003998, 0.0226900093257, -0.00914143957198, 0.000482283619931, 0.00269183563069, -0.00243278010748], [-0.000761882576626, 0.00385129987262, -0.00416240887716, 0.00218045897782, -0.00115398492198, 0.000435752444901, 0.0011990746716, 0.00131003325805, -0.00914143957198, 0.0257097519934, -0.0123425768688, -0.000795189698692, 0.0020206971094], [0.00077608297579, -0.00478619011119, 0.00329566956498, -0.00209029554389, 0.00378643604927, -0.00284189824015, -0.00249325670302, 0.00167693954427, 0.000482283619931, -0.0123425768688, 0.0241051390767, -0.0110665485263, 0.00028403964825], [-0.000539976055734, 0.00371705088764, -0.00385911692865, 0.00290168286301, -0.00354084558785, 0.00186925998423, 0.00316165061668, -0.000707009807229, 0.00269183563069, -0.000795189698692, -0.0110665485263, 0.0257697869092, -0.00952111929655], [0.000556914543267, -0.00221087178215, 0.00260272691958, -0.00182895769831, 0.00209784018807, -0.000678079202771, -0.000753841013648, -0.00147505174391, -0.00243278010748, 0.0020206971094, 0.00028403964825, -0.00952111929655, 0.0231921300292]]
    },
    "melbands": {
        "dmean": [0.00194474414457, 0.00183690071572, 0.000877467275131, 0.000732437125407, 0.000376967625925, 0.000290900439722, 0.000211028222111, 0.000179296621354, 0.000129994950839, 0.00016416242579, 0.000178443850018, 0.00013948972628, 0.000152304201038, 7.12059263606e-05, 5.40733417438e-05, 5.27134034201e-05, 7.21419564798e-05, 3.75814961444e-05, 3.06392248604e-05, 1.94011372514e-05, 1.11772314995e-05, 9.08148012968e-06, 9.73081205302e-06, 7.80062600825e-06, 5.3653084251e-06, 4.39349605585e-06, 3.14346084451e-06, 2.86455474452e-06, 3.65164146388e-06, 1.96331347979e-06, 2.52520112554e-06, 1.96538940145e-06, 2.0649263206e-06, 2.80786252915e-06, 2.4579849196e-06, 2.01257216759e-06, 1.37443282711e-06, 1.10847031465e-06, 1.0451116168e-06, 6.09305402577e-07],
        "dmean2": [0.00308816786855, 0.0027563481126, 0.0013024751097, 0.00126976077445, 0.000669786939397, 0.000467347534141, 0.000347657012753, 0.000297105958452, 0.000219444453251, 0.000271809927654, 0.000294248340651, 0.000224901232286, 0.000241324640228, 0.000113647824037, 8.78106802702e-05, 8.37138941279e-05, 0.000115189075586, 6.0052399931e-05, 4.89817939524e-05, 3.23247040797e-05, 1.85982717085e-05, 1.48670214912e-05, 1.55991401698e-05, 1.24580401462e-05, 8.5961582954e-06, 7.04180638422e-06, 5.01795921082e-06, 4.52804852102e-06, 6.08151822235e-06, 3.062996484e-06, 4.04897400585e-06, 3.05677212964e-06, 3.27262728206e-06, 4.59828106614e-06, 3.91329467675e-06, 3.06600782096e-06, 2.03962372325e-06, 1.63319248259e-06, 1.61009302246e-06, 9.24537232549e-07],
        "dvar": [1.09022694232e-05, 1.26102868307e-05, 3.86717920264e-06, 3.85479506804e-06, 8.08890433746e-07, 5.20947253335e-07, 3.4931744608e-07, 2.73892140967e-07, 1.75676191816e-07, 2.61178257688e-07, 2.57807698745e-07, 1.02448296957e-07, 1.94948583498e-07, 2.28718786133e-08, 1.66888245445e-08, 1.46726799599e-08, 3.8867767671e-08, 9.23793308516e-09, 9.83384573772e-09, 2.47667397701e-09, 4.84435991321e-10, 3.63229557543e-10, 2.95136165507e-10, 1.022187196e-10, 4.70278364861e-11, 4.11972539416e-11, 6.34408359179e-11, 5.40728468945e-11, 5.16681662732e-11, 8.31639705018e-12, 2.71843641347e-11, 1.09233065301e-11, 1.51315730779e-11, 3.82975907931e-11, 2.48196966451e-11, 1.58457830191e-11, 6.37012621471e-12, 5.76604215763e-12, 5.8083793851e-12, 1.19690466305e-12],
        "dvar2": [2.70108303084e-05, 2.70610544248e-05, 7.81431117503e-06, 1.01720488601e-05, 2.26506722356e-06, 1.05607705336e-06, 8.14117811387e-07, 6.64687377139e-07, 4.59837877997e-07, 6.89322860126e-07, 6.03730939019e-07, 2.33355123669e-07, 4.17104871531e-07, 5.37011857205e-08, 4.06288229726e-08, 3.24379101357e-08, 8.62476028374e-08, 2.03902779106e-08, 2.35556303352e-08, 6.67911681518e-09, 1.11449149909e-09, 7.77954478615e-10, 7.02135849462e-10, 2.4872656712e-10, 1.14747336633e-10, 1.014349299e-10, 1.25307514365e-10, 9.61444951431e-11, 1.3806202015e-10, 1.92652265668e-11, 6.81513248613e-11, 2.52032682918e-11, 3.82417535139e-11, 1.00069015574e-10, 6.14806608401e-11, 3.80363553154e-11, 1.35755712227e-11, 1.27350413201e-11, 1.46963396314e-11, 2.73315701668e-12],
        "max": [0.0374561585486, 0.0417977459729, 0.0206063576043, 0.0165029931813, 0.0221006441861, 0.0353086702526, 0.0266177449375, 0.0200595930219, 0.0214804876596, 0.0198132004589, 0.0186884459108, 0.00854577869177, 0.0147630162537, 0.00451145181432, 0.00494257267565, 0.004703422077, 0.00659555429593, 0.00266819819808, 0.00452481629327, 0.00137277133763, 0.00110810645856, 0.00086865859339, 0.000779810943641, 0.000208915196708, 8.83669927134e-05, 0.000160509749549, 0.000717993301805, 0.000647206383292, 0.000112215690024, 2.68003914243e-05, 7.67920428189e-05, 4.14155474573e-05, 6.16803299636e-05, 6.19381607976e-05, 5.01916183566e-05, 3.93217524106e-05, 5.70903866901e-05, 6.5318767156e-05, 3.15370998578e-05, 2.29445704463e-05],
        "mean": [0.00284164003097, 0.00267725321464, 0.00106682465412, 0.000638384371996, 0.000376167008653, 0.000421151024057, 0.000280741194729, 0.000197867353563, 0.000148266102769, 0.000244766823016, 0.000285591551801, 0.000235023311689, 0.000240991066676, 0.000119042590086, 8.8511769718e-05, 9.11276001716e-05, 0.000124227532069, 6.25436659902e-05, 5.30167162651e-05, 3.47904024238e-05, 1.93702708202e-05, 1.68015412783e-05, 1.75016994035e-05, 1.40099073178e-05, 9.86744453257e-06, 7.64655669627e-06, 5.40055725651e-06, 4.68161260869e-06, 4.96271377415e-06, 3.21896072819e-06, 3.50936875293e-06, 3.0258154311e-06, 3.18491197504e-06, 3.62189439329e-06, 3.11611006509e-06, 2.90983462037e-06, 2.22859694077e-06, 1.67110954408e-06, 1.46199852225e-06, 1.04153480152e-06],
        "median": [0.00151168496814, 0.00113141536713, 0.000341500213835, 0.000166180136148, 0.000146731152199, 0.000211276172195, 0.000128811152535, 7.3598443123e-05, 5.89023838984e-05, 8.51203003549e-05, 8.08318873169e-05, 7.09079758963e-05, 6.86295461492e-05, 4.77525827591e-05, 4.15162139689e-05, 3.97255134885e-05, 4.01945180784e-05, 2.44950315391e-05, 2.2259355319e-05, 1.60173913173e-05, 1.16156697914e-05, 1.0047863725e-05, 1.07865289465e-05, 9.60784836934e-06, 6.77323487253e-06, 4.8231186156e-06, 3.12077690978e-06, 2.5330139124e-06, 2.50848484029e-06, 1.7678344193e-06, 1.6004283907e-06, 1.47500963976e-06, 1.66284621628e-06, 1.60055219567e-06, 1.3289219396e-06, 1.29359341372e-06, 1.02883916497e-06, 7.18899912044e-07, 5.58915473903e-07, 4.88121770559e-07],
        "min": [6.12914749427e-24, 5.16599802723e-24, 7.12220386152e-24, 1.1388232686e-23, 1.04393545016e-23, 9.71220855162e-24, 1.0009773196e-23, 3.32031949438e-24, 6.09618651907e-24, 4.10592871495e-24, 9.8638134181e-24, 1.15909762496e-23, 7.95225356118e-24, 3.92467766678e-24, 4.01976774916e-24, 6.49571735186e-24, 8.68066247751e-24, 2.42397234652e-24, 7.56644220282e-24, 7.24698745723e-24, 4.68601560945e-24, 9.08868815897e-24, 7.06673195152e-24, 4.31628478621e-24, 7.55564506361e-24, 4.47292297971e-24, 6.84395447644e-24, 7.04633200851e-24, 6.54620997182e-24, 6.84556454155e-24, 1.26580250087e-23, 1.12674691255e-23, 7.37368325177e-24, 5.77774230429e-24, 6.81809719369e-24, 5.98019596144e-24, 1.08410732402e-23, 1.24693894336e-23, 9.86693257412e-24, 7.0567623274e-24],
        "var": [1.66767786141e-05, 2.08048568311e-05, 4.98673853144e-06, 2.83808230961e-06, 7.082785487e-07, 1.00916940937e-06, 4.63625184466e-07, 2.79642335954e-07, 1.54655964479e-07, 4.47025058747e-07, 6.29956218745e-07, 3.05953932411e-07, 4.93305094551e-07, 5.67077975688e-08, 3.61986352004e-08, 3.71293680246e-08, 1.11703052141e-07, 1.94031262168e-08, 1.90408790957e-08, 5.29585619802e-09, 9.4823993102e-10, 9.93023552276e-10, 6.85640710874e-10, 1.99612756879e-10, 9.71336761024e-11, 7.76852887574e-11, 2.1099512415e-10, 1.79858183902e-10, 5.51058851328e-11, 1.35278810723e-11, 2.88681353128e-11, 1.52617970345e-11, 1.83133092024e-11, 3.53825753419e-11, 2.57746029381e-11, 2.01449933124e-11, 1.01436931771e-11, 7.78388985212e-12, 6.24651198822e-12, 2.08957373973e-12]
    },
    "mfcc": {
        "mean": [-620.193054199, 108.98638916, -5.62485694885, 4.16805505753, 3.30141782761, 8.7440290451, 1.15850329399, 8.19658565521, -1.29458379745, 3.63281083107, 1.80886471272, 0.979485809803, -0.62961858511],
        "cov": [[2985.56103516, -265.36126709, 816.328308105, 304.929229736, 229.35760498, 187.80682373, 125.25188446, 6.76913404465, -43.5542945862, 9.24282741547, -5.45675134659, 11.5425758362, 26.0045166016], [-265.36126709, 703.422546387, 120.210899353, 174.770263672, 152.593185425, 89.4755859375, 58.3263244629, 46.5821228027, 10.6326160431, 37.5067863464, 31.9946498871, 21.3794631958, 39.07289505], [816.328308105, 120.210899353, 1600.05322266, 759.964599609, 613.402404785, 377.488616943, 178.855987549, 30.2261066437, -2.96254897118, 25.9090080261, 57.6243896484, 118.440582275, 138.813034058], [304.929229736, 174.770263672, 759.964599609, 581.111938477, 373.936157227, 222.085617065, 103.788314819, 32.9041786194, 21.7984046936, 17.0048503876, 26.9692745209, 60.2708587646, 82.1793289185], [229.35760498, 152.593185425, 613.402404785, 373.936157227, 410.667480469, 222.399291992, 92.9430465698, 54.008480072, 32.063419342, 39.4105911255, 39.7482643127, 51.8250160217, 70.3097076416], [187.80682373, 89.4755859375, 377.488616943, 222.085617065, 222.399291992, 235.860549927, 131.034973145, 51.2889633179, 13.5825309753, 26.8555755615, 27.627122879, 28.633890152, 36.9065361023], [125.25188446, 58.3263244629, 178.855987549, 103.788314819, 92.9430465698, 131.034973145, 157.020584106, 62.7615737915, 19.7911319733, 23.6524391174, 24.5298595428, 19.5352745056, 15.4072389603], [6.76913404465, 46.5821228027, 30.2261066437, 32.9041786194, 54.008480072, 51.2889633179, 62.7615737915, 97.5572052002, 48.9128036499, 31.5262432098, 16.7423324585, 2.96328830719, -2.53592634201], [-43.5542945862, 10.6326160431, -2.96254897118, 21.7984046936, 32.063419342, 13.5825309753, 19.7911319733, 48.9128036499, 94.87059021, 48.027381897, 14.1417837143, 0.520863175392, -3.68820500374], [9.24282741547, 37.5067863464, 25.9090080261, 17.0048503876, 39.4105911255, 26.8555755615, 23.6524391174, 31.5262432098, 48.027381897, 79.6704406738, 30.0240936279, 6.01286125183, -1.96114873886], [-5.45675134659, 31.9946498871, 57.6243896484, 26.9692745209, 39.7482643127, 27.627122879, 24.5298595428, 16.7423324585, 14.1417837143, 30.0240936279, 68.446647644, 35.7413253784, 11.3108768463], [11.5425758362, 21.3794631958, 118.440582275, 60.2708587646, 51.8250160217, 28.633890152, 19.5352745056, 2.96328830719, 0.520863175392, 6.01286125183, 35.7413253784, 77.2695922852, 43.505405426], [26.0045166016, 39.07289505, 138.813034058, 82.1793289185, 70.3097076416, 36.9065361023, 15.4072389603, -2.53592634201, -3.68820500374, -1.96114873886, 11.3108768463, 43.505405426, 75.7976531982]],
