{
"lowlevel": {
    "average_loudness": 0.92289352417,
    "barkbands_crest": {
        "dmean": 3.95745325089,
        "dmean2": 6.24498987198,
        "dvar": 12.6852264404,
        "dvar2": 27.3318977356,
        "max": 26.3476676941,
        "mean": 13.0420322418,
        "median": 12.404507637,
        "min": 2.30983400345,
        "var": 36.2518577576
    },
    "barkbands_flatness_db": {
        "dmean": 0.0317358449101,
        "dmean2": 0.0495170429349,
        "dvar": 0.000798796594609,
        "dvar2": 0.00182145379949,
        "max": 0.37016159296,
        "mean": 0.148506253958,
        "median": 0.141521349549,
        "min": 0.0274362172931,
        "var": 0.0031485198997
    },
    "barkbands_kurtosis": {
        "dmean": 6.23547410965,
        "dmean2": 10.0415058136,
        "dvar": 132.868179321,
        "dvar2": 328.823120117,
        "max": 242.371612549,
        "mean": 8.13722038269,
        "median": 2.45574808121,
        "min": -1.90597903728,
        "var": 270.938323975
    },
    "barkbands_skewness": {
        "dmean": 0.946582198143,
        "dmean2": 1.5018992424,
        "dvar": 0.90297716856,
        "dvar2": 2.24180293083,
        "max": 14.9074487686,
        "mean": 2.06637811661,
        "median": 1.7243219614,
        "min": -2.45266819,
        "var": 3.46331548691
    },
    "barkbands_spread": {
        "dmean": 8.21563053131,
        "dmean2": 13.1833229065,
        "dvar": 94.9837265015,
        "dvar2": 232.457885742,
        "max": 119.306419373,
        "mean": 22.6197795868,
        "median": 20.0452289581,
        "min": 0.774799883366,
        "var": 226.742019653
    },
    "dissonance": {
        "dmean": 0.0147464117035,
        "dmean2": 0.0250429045409,
        "dvar": 0.000223061928409,
        "dvar2": 0.00060246209614,
        "max": 0.500000119209,
        "mean": 0.476414740086,
        "median": 0.481979936361,
        "min": 0.147436544299,
        "var": 0.000450831488706
    },
    "dynamic_complexity": 3.11296224594,
    "erbbands_crest": {
        "dmean": 2.50715327263,
        "dmean2": 4.10798692703,
        "dvar": 5.98481893539,
        "dvar2": 14.761054039,
        "max": 29.0936107635,
        "mean": 7.78574609756,
        "median": 6.64413118362,
        "min": 2.16081118584,
        "var": 16.6173400879
    },
    "erbbands_flatness_db": {
        "dmean": 0.0191088207066,
        "dmean2": 0.0290472507477,
        "dvar": 0.000338360987371,
        "dvar2": 0.00072085915599,
        "max": 0.354329407215,
        "mean": 0.14276625216,
        "median": 0.125801235437,
        "min": 0.0376935340464,
        "var": 0.00401612417772
    },
    "erbbands_kurtosis": {
        "dmean": 0.893063604832,
        "dmean2": 1.42910909653,
        "dvar": 1.8760727644,
        "dvar2": 4.33889389038,
        "max": 41.7103309631,
        "mean": 0.343096733093,
        "median": -0.105254888535,
        "min": -1.78670406342,
        "var": 3.56757879257
    },
    "erbbands_skewness": {
        "dmean": 0.378893494606,
        "dmean2": 0.579769909382,
        "dvar": 0.118603393435,
        "dvar2": 0.262793421745,
        "max": 5.97369289398,
        "mean": 0.100845806301,
        "median": 0.0685698762536,
        "min": -2.65684056282,
        "var": 0.558603405952
    },
    "erbbands_spread": {
        "dmean": 10.2483234406,
        "dmean2": 16.0782699585,
        "dvar": 110.224456787,
        "dvar2": 264.010772705,
        "max": 169.431793213,
        "mean": 42.7510719299,
        "median": 39.0598373413,
        "min": 3.37404727936,
        "var": 517.189880371
    },
    "hfc": {
        "dmean": 6.56270027161,
        "dmean2": 9.25845241547,
        "dvar": 105.97077179,
        "dvar2": 209.89793396,
        "max": 283.41229248,
        "mean": 17.7879676819,
        "median": 11.1267118454,
        "min": 1.21982948505e-16,
        "var": 426.506652832
    },
    "melbands_crest": {
        "dmean": 4.66204881668,
        "dmean2": 7.52551937103,
        "dvar": 18.3551120758,
        "dvar2": 42.6053466797,
        "max": 38.9162597656,
        "mean": 17.3899345398,
        "median": 17.3076133728,
        "min": 1.43941116333,
        "var": 50.1055412292
    },
    "melbands_flatness_db": {
        "dmean": 0.0400776937604,
        "dmean2": 0.0630338490009,
        "dvar": 0.00137324281968,
        "dvar2": 0.0032319938764,
        "max": 0.462524563074,
        "mean": 0.20454365015,
        "median": 0.198912203312,
        "min": 0.00121225218754,
        "var": 0.00500256521627
    },
    "melbands_kurtosis": {
        "dmean": 17.7290744781,
        "dmean2": 28.6096000671,
        "dvar": 881.86126709,
        "dvar2": 2230.48754883,
        "max": 464.878204346,
        "mean": 27.9337425232,
        "median": 12.1564874649,
        "min": -1.66259860992,
        "var": 1979.74023438
    },
    "melbands_skewness": {
        "dmean": 1.37085402012,
        "dmean2": 2.18185591698,
        "dvar": 1.97540509701,
        "dvar2": 4.88682985306,
        "max": 18.6957855225,
        "mean": 3.66882824898,
        "median": 3.1248524189,
        "min": -1.48670649529,
        "var": 7.81548976898
    },
    "melbands_spread": {
        "dmean": 9.54296112061,
        "dmean2": 15.8878250122,
        "dvar": 153.590255737,
        "dvar2": 383.53414917,
        "max": 196.957626343,
        "mean": 21.259349823,
        "median": 16.4371261597,
        "min": 0.664418280125,
        "var": 297.05255127
    },
    "pitch_salience": {
        "dmean": 0.110695742071,
        "dmean2": 0.1706494838,
        "dvar": 0.00998408067971,
        "dvar2": 0.0221949759871,
        "max": 0.986983895302,
        "mean": 0.489714205265,
        "median": 0.48866301775,
        "min": 0.0483770221472,
        "var": 0.0308456663042
    },
    "silence_rate_20dB": {
        "dmean": 0.000244558585109,
        "dmean2": 0.000489176949486,
        "dvar": 0.000244555965764,
        "dvar2": 0.000733754888643,
        "max": 1,
        "mean": 0.999877750874,
        "median": 1,
        "min": 0,
        "var": 0.000122234981973
    },
    "silence_rate_30dB": {
        "dmean": 0.0154071897268,
        "dmean2": 0.0308181475848,
        "dvar": 0.0151691585779,
        "dvar2": 0.0398937873542,
        "max": 1,
        "mean": 0.983738839626,
        "median": 1,
        "min": 0,
        "var": 0.0159974507987
    },
    "silence_rate_60dB": {
        "dmean": 0.0210320372134,
        "dmean2": 0.0420692190528,
        "dvar": 0.0205898471177,
        "dvar2": 0.0527736619115,
        "max": 1,
        "mean": 0.0473162978888,
        "median": 0,
        "min": 0,
        "var": 0.0450767092407
    },
    "spectral_centroid": {
        "dmean": 324.963043213,
        "dmean2": 521.407409668,
        "dvar": 109680.53125,
        "dvar2": 256564.390625,
        "max": 11003.8076172,
        "mean": 1532.92236328,
        "median": 1543.87915039,
        "min": 209.759231567,
        "var": 339532.625
    },
    "spectral_complexity": {
        "dmean": 3.89728546143,
        "dmean2": 5.83514738083,
        "dvar": 17.2623977661,
        "dvar2": 32.4132766724,
        "max": 49,
        "mean": 16.7805347443,
        "median": 16,
        "min": 0,
        "var": 73.5629348755
    },
    "spectral_decrease": {
        "dmean": 4.04148003952e-09,
        "dmean2": 6.69174404777e-09,
        "dvar": 2.91297310626e-17,
        "dvar2": 7.5312088238e-17,
        "max": 9.89886463551e-29,
        "mean": -7.55998552648e-09,
        "median": -4.83943418672e-09,
        "min": -1.21045573565e-07,
        "var": 5.89068004377e-17
    },
    "spectral_energy": {
        "dmean": 0.0156601928174,
        "dmean2": 0.0258520264179,
        "dvar": 0.000433299981523,
        "dvar2": 0.00111238379031,
        "max": 0.462743371725,
        "mean": 0.0301465969533,
        "median": 0.0196491442621,
        "min": 1.06905985589e-20,
        "var": 0.000898428726941
    },
    "spectral_energyband_high": {
        "dmean": 0.000293473509373,
        "dmean2": 0.000391101784771,
        "dvar": 3.02952088305e-07,
        "dvar2": 6.23288826773e-07,
        "max": 0.01313587185,
        "mean": 0.000589945353568,
        "median": 0.000305934576318,
        "min": 7.9128073163e-21,
        "var": 6.6898365958e-07
    },
    "spectral_energyband_low": {
        "dmean": 0.0121689131483,
        "dmean2": 0.0202999152243,
        "dvar": 0.000303518347209,
        "dvar2": 0.000794864841737,
        "max": 0.445043116808,
        "mean": 0.0182923320681,
        "median": 0.00930473487824,
        "min": 6.01092509137e-23,
        "var": 0.00058811577037
    },
    "spectral_energyband_middle_high": {
        "dmean": 0.00179211201612,
        "dmean2": 0.00260294112377,
        "dvar": 1.3000596482e-05,
        "dvar2": 2.60833257926e-05,
        "max": 0.102151073515,
        "mean": 0.00487731909379,
        "median": 0.00224845297635,
        "min": 1.43980681086e-21,
        "var": 5.97261823714e-05
    },
    "spectral_energyband_middle_low": {
        "dmean": 0.00515372958034,
        "dmean2": 0.00864829681814,
        "dvar": 0.000115197442938,
        "dvar2": 0.000302006897982,
        "max": 0.243070363998,
        "mean": 0.00727479159832,
        "median": 0.00328291323967,
        "min": 3.04006747546e-22,
        "var": 0.00012743192201
    },
    "spectral_entropy": {
        "dmean": 0.15227419138,
        "dmean2": 0.223136901855,
        "dvar": 0.0212695635855,
        "dvar2": 0.0432275831699,
        "max": 9.7945766449,
        "mean": 7.80251073837,
        "median": 7.82806253433,
        "min": 5.87856483459,
        "var": 0.133481398225
    },
    "spectral_flux": {
        "dmean": 0.0364252589643,
        "dmean2": 0.0589841492474,
        "dvar": 0.00146239018068,
        "dvar2": 0.00349448923953,
        "max": 0.50251865387,
        "mean": 0.0987176373601,
        "median": 0.0868699997663,
        "min": 1.03395347839e-10,
        "var": 0.00314989732578
    },
    "spectral_kurtosis": {
        "dmean": 1.19516801834,
        "dmean2": 1.93245959282,
        "dvar": 1.65462040901,
        "dvar2": 4.63679695129,
        "max": 20.2179775238,
        "mean": 4.07735824585,
        "median": 3.58000469208,
        "min": -1.52268457413,
        "var": 5.81077528
    },
    "spectral_rms": {
        "dmean": 0.00137504830491,
        "dmean2": 0.00222383486107,
        "dvar": 2.05665287467e-06,
        "dvar2": 5.083072665e-06,
        "max": 0.0212475173175,
        "mean": 0.00484450580552,
        "median": 0.00437834393233,
        "min": 3.22952819001e-12,
        "var": 5.9419239733e-06
    },
    "spectral_rolloff": {
        "dmean": 720.408935547,
        "dmean2": 1259.36816406,
        "dvar": 2126367.25,
        "dvar2": 5244376,
        "max": 18949.21875,
        "mean": 1415.4453125,
        "median": 1033.59375,
        "min": 21.533203125,
        "var": 2942473.5
    },
    "spectral_skewness": {
        "dmean": 0.173377141356,
        "dmean2": 0.271550506353,
        "dvar": 0.0245909765363,
        "dvar2": 0.059971023351,
        "max": 3.24534058571,
        "mean": 1.55896317959,
        "median": 1.53991281986,
        "min": 0.0103587545455,
        "var": 0.1095828861
    },
    "spectral_spread": {
        "dmean": 649193.75,
        "dmean2": 896232.125,
        "dvar": 816317399040,
        "dvar2": 1.40110843085e+12,
        "max": 39981888,
        "mean": 5123434,
        "median": 4916338.5,
        "min": 1849622.125,
        "var": 3.98002906726e+12
    },
    "spectral_strongpeak": {
        "dmean": 0.467951387167,
        "dmean2": 0.798425614834,
        "dvar": 0.850146949291,
        "dvar2": 2.11888837814,
        "max": 26.404088974,
        "mean": 0.75218719244,
        "median": 0.380077242851,
        "min": 0,
        "var": 1.568775177
    },
    "zerocrossingrate": {
        "dmean": 0.0151364803314,
        "dmean2": 0.0177270509303,
        "dvar": 0.000355898868293,
        "dvar2": 0.000454206514405,
        "max": 0.65576171875,
        "mean": 0.0664782449603,
        "median": 0.0615234375,
        "min": 0.00146484375,
        "var": 0.00191296089906
    },
    "barkbands": {
        "dmean": [0.000448545382824, 0.00978170894086, 0.00309488316998, 0.00191624381114, 0.0014110179618, 0.000821226683911, 0.00057138846023, 0.000511829333846, 0.000982814817689, 0.000375412113499, 0.000317445403198, 0.000237720189034, 0.000452436419437, 0.000265746057266, 0.000333534000674, 0.00027467662585, 0.000300842599245, 0.000312397140078, 0.000163203076227, 6.2465434894e-05, 4.91523678647e-05, 4.9178765039e-05, 4.82508476125e-05, 5.31723271706e-05, 7.43796554161e-05, 3.54644689651e-05, 7.53778266471e-08],
        "dmean2": [0.000764996919315, 0.0158721189946, 0.00511431181803, 0.00349539192393, 0.00244040158577, 0.00133821822237, 0.000964262988418, 0.000832077523228, 0.00156336778309, 0.000621285289526, 0.000518706801813, 0.000375704752514, 0.000731523963623, 0.000435222900705, 0.000534205173608, 0.00042887107702, 0.000450770981843, 0.00047292993986, 0.0002475430083, 9.19668091228e-05, 7.49239479774e-05, 6.94654445397e-05, 6.63741884637e-05, 7.56724839448e-05, 0.000105004837678, 5.1327260735e-05, 1.28872628125e-07],
        "dvar": [7.5224960483e-07, 0.000215542153455, 4.57493442809e-05, 3.2599651604e-05, 2.44083221332e-05, 6.49888397675e-06, 1.81726568371e-06, 2.5157055461e-06, 8.32983641885e-06, 1.4999867517e-06, 1.07024129647e-06, 5.6754902289e-07, 3.32604645337e-06, 6.88688373884e-07, 1.41405075738e-06, 1.18308230412e-06, 1.35663867695e-06, 1.12653390261e-06, 2.07899375937e-07, 1.29526167569e-08, 8.00334110096e-09, 6.27948759657e-09, 6.24917806391e-09, 9.67968372123e-09, 5.33445891904e-08, 1.99912442156e-08, 4.13390838488e-14],
        "dvar2": [1.96739574676e-06, 0.00054670101963, 0.000111266679596, 9.16693970794e-05, 6.52901435387e-05, 1.31899496409e-05, 4.48878199677e-06, 5.47096260561e-06, 1.92567858903e-05, 3.6628516682e-06, 2.28399699154e-06, 1.24642156152e-06, 8.09224457043e-06, 1.78947357199e-06, 3.3461633393e-06, 2.8916069823e-06, 2.39521955336e-06, 2.64167215391e-06, 4.35935362475e-07, 2.58080614657e-08, 1.78088654934e-08, 1.12110045691e-08, 1.15319069849e-08, 2.24262350912e-08, 1.24695631598e-07, 4.68082177463e-08, 1.08130952109e-13],
        "max": [0.0193635690957, 0.358269751072, 0.121106624603, 0.0789593011141, 0.202254727483, 0.13199044764, 0.0436936691403, 0.0485217794776, 0.071994356811, 0.0483545772731, 0.0490843914449, 0.0353451296687, 0.0592505857348, 0.018933929503, 0.0570486858487, 0.0587156377733, 0.073271676898, 0.0426105558872, 0.0193513873965, 0.00281189056113, 0.00177823391277, 0.00153764570132, 0.00116146891378, 0.00275922147557, 0.00785979628563, 0.00414104387164, 3.75002446162e-06],
        "mean": [0.000539334083442, 0.0143104186282, 0.00265381089412, 0.00145833904389, 0.00154848734383, 0.00115702615585, 0.000710151158273, 0.000547284609638, 0.00164236850105, 0.000572468910832, 0.000497730390634, 0.00037295371294, 0.000713337620255, 0.000407329644077, 0.000499692687299, 0.000462765805423, 0.000524825416505, 0.000561706372537, 0.000317229685606, 0.000113666435936, 8.5857383965e-05, 0.000102592195617, 8.25513125164e-05, 8.85727858986e-05, 0.000121802346257, 5.41726549272e-05, 6.27548715215e-08],
        "median": [0.000145876096212, 0.00722865294665, 0.000514950137585, 0.000243639398832, 0.000531612837221, 0.000300906394841, 0.000179867944098, 0.000149445084389, 0.000269533979008, 0.000149928062456, 0.000163299133419, 0.000144397679833, 0.000175506167579, 0.000132300454425, 0.000184427437489, 0.000145076250192, 0.000164806260727, 0.000168878163095, 9.87468229141e-05, 5.43569476577e-05, 4.47117927251e-05, 5.78921753913e-05, 3.93008522224e-05, 4.18212985096e-05, 4.11932160205e-05, 1.25266242321e-05, 6.83393786005e-09],
        "min": [1.27307556176e-23, 2.67182770977e-23, 2.21303330704e-23, 6.17747902978e-24, 1.47074343645e-23, 2.90607112034e-23, 7.57286084846e-23, 8.89413155168e-23, 6.60385377366e-23, 6.06646026801e-23, 8.04178122754e-23, 7.60806171532e-23, 8.36999343359e-23, 1.41431564792e-22, 4.98024108446e-23, 9.81924325028e-23, 2.45411648875e-22, 2.88336536846e-22, 2.20727623171e-22, 2.49077416082e-22, 4.97435996864e-22, 5.59316114292e-22, 5.15298130165e-22, 8.47936767282e-22, 1.27423033422e-21, 1.54498436055e-21, 2.73069627181e-21],
        "var": [1.28623821638e-06, 0.000436523871031, 4.09338863392e-05, 2.13165276364e-05, 2.08935653063e-05, 1.39107760333e-05, 3.75932586394e-06, 3.14366138809e-06, 2.20257534238e-05, 2.89812714982e-06, 2.24518771574e-06, 9.87821977105e-07, 7.09945152266e-06, 1.15263105727e-06, 2.43656768362e-06, 1.98552993425e-06, 4.16866396336e-06, 2.56250677921e-06, 6.83540520185e-07, 3.19652997405e-08, 1.36762663416e-08, 1.66157967385e-08, 1.29750690192e-08, 1.67156031239e-08, 9.73838325535e-08, 3.25937641321e-08, 3.38763576652e-14]
    },
    "erbbands": {
        "dmean": [0.320267915726, 2.12805485725, 3.03016352654, 5.66996097565, 5.25986051559, 4.5895242691, 4.74355506897, 7.99457645416, 7.5586233139, 8.86113643646, 14.5889863968, 21.4922122955, 14.6687688828, 11.7073774338, 10.9152421951, 9.55636024475, 19.030216217, 14.0494384766, 15.4397993088, 14.8455038071, 14.7199029922, 16.4941425323, 16.0685405731, 11.7545528412, 6.27360105515, 2.92394113541, 2.03650665283, 1.94487202168, 1.72255504131, 1.59783399105, 1.40465223789, 1.18505084515, 0.902092337608, 0.798512756824, 0.565947830677, 0.220716536045, 0.0561276599765, 0.00496377423406, 0.000100167511846, 2.08642341022e-05],
        "dmean2": [0.5107665658, 3.43184518814, 4.8458237648, 10.0718832016, 9.38906478882, 7.86957979202, 7.92487812042, 12.8445444107, 12.664484024, 14.8195981979, 23.2351169586, 33.7702445984, 23.7426776886, 19.0464401245, 17.5878658295, 15.0136947632, 30.4875583649, 22.6539382935, 24.3922119141, 23.4312973022, 22.4278087616, 24.2774372101, 24.3254585266, 17.5805606842, 9.22672271729, 4.33724784851, 2.99911618233, 2.8931388855, 2.44858384132, 2.14724826813, 1.98514914513, 1.6580632925, 1.33701825142, 1.16856217384, 0.802324414253, 0.317293822765, 0.081705994904, 0.00745857739821, 0.000147907208884, 3.35454788001e-05],
        "dvar": [0.259687840939, 10.4809436798, 32.722278595, 251.399032593, 282.08682251, 258.002868652, 167.357177734, 637.60925293, 359.37097168, 390.008056641, 3517.45507812, 3821.32128906, 2178.57128906, 1423.8269043, 861.942993164, 956.387451172, 5847.17138672, 1924.50708008, 2790.61474609, 2759.99511719, 2869.50341797, 5229.39013672, 2848.91943359, 1030.94921875, 533.840942383, 28.24858284, 11.9775495529, 11.4520759583, 7.81693077087, 7.0410528183, 5.48276758194, 3.57602834702, 4.22644853592, 4.65838766098, 4.06895637512, 0.743335127831, 0.0489228181541, 0.00044508848805, 1.52260227537e-07, 8.99797514275e-10],
        "dvar2": [0.686472713947, 25.3400382996, 75.0876312256, 689.563842773, 770.217529297, 676.788146973, 372.228912354, 1314.79223633, 878.124633789, 947.652282715, 7744.79199219, 8494.97753906, 5335.703125, 3330.80249023, 1768.27172852, 2054.21484375, 13693.3710938, 4700.70996094, 6128.20849609, 6904.58447266, 6717.27490234, 8595.88671875, 6544.22119141, 2266.04541016, 1178.96826172, 58.8287353516, 23.8674049377, 24.1956577301, 14.9402341843, 13.0174417496, 10.320813179, 7.18647909164, 10.6583795547, 10.9991903305, 9.60967445374, 1.76838672161, 0.113794393837, 0.00106655969284, 3.6331223896e-07, 2.22283680351e-09],
        "max": [14.8346481323, 85.3548965454, 169.316772461, 220.146362305, 574.444396973, 617.553894043, 761.296264648, 1223.94433594, 785.172546387, 592.181762695, 1970.84460449, 1801.42285156, 1811.90039062, 2132.45410156, 1464.29394531, 1544.19042969, 3178.55932617, 1473.10205078, 2094.71118164, 2973.16015625, 2710.46948242, 4888.35986328, 1920.91540527, 1132.07702637, 1243.12304688, 153.800643921, 81.8566741943, 64.9253845215, 68.5321960449, 37.7524909973, 35.284992218, 32.7667274475, 72.7471466064, 66.1027908325, 77.5626220703, 28.1958961487, 6.96912002563, 0.705909311771, 0.01295419503, 0.00063697778387],
        "mean": [0.43648609519, 3.07314062119, 3.58885169029, 4.47339248657, 4.79852819443, 5.21589231491, 5.91903018951, 11.2214021683, 9.64897918701, 10.6059246063, 17.0462341309, 36.733379364, 25.433057785, 19.1099720001, 18.7214946747, 16.105928421, 30.9443645477, 23.7834606171, 24.9474582672, 25.4490509033, 27.0124835968, 30.1526699066, 30.6502075195, 22.8002548218, 11.9671182632, 5.44126796722, 3.70113277435, 3.47559690475, 3.57298254967, 2.98723316193, 2.35857844353, 1.96358907223, 1.45905721188, 1.27374684811, 0.889368772507, 0.339236080647, 0.0824943184853, 0.00676241097972, 0.000153386121383, 4.30540530942e-05],
        "median": [0.168828576803, 1.46847307682, 1.11039972305, 0.912734389305, 1.20739996433, 1.76194262505, 2.14227390289, 2.62920761108, 2.69280457497, 3.24016666412, 4.47452402115, 6.174451828, 6.04984378815, 5.83321285248, 6.79908132553, 6.57195949554, 8.45259857178, 7.64367485046, 9.31877994537, 9.51326751709, 8.62059307098, 9.52062797546, 9.65651988983, 7.29343414307, 3.85106658936, 2.6719558239, 1.93416011333, 1.85809314251, 2.01229166985, 1.59645366669, 1.08987939358, 0.935946047306, 0.648944199085, 0.469147861004, 0.253064066172, 0.08827906847, 0.0168063323945, 0.001244436251, 4.63860596938e-05, 3.0378187148e-05],
        "min": [8.66811570793e-22, 5.99771092652e-21, 2.51092613645e-20, 2.37567952136e-20, 2.12997408301e-20, 6.57844721195e-20, 1.57227854196e-19, 2.55523096403e-19, 9.9429922043e-19, 1.09598639429e-18, 2.10019606564e-18, 1.1327723569e-18, 2.65545904299e-18, 2.60758699901e-18, 2.54487885037e-18, 3.20583296933e-18, 3.88486367302e-18, 7.14508438802e-18, 3.63615114234e-18, 2.8454322376e-18, 6.88954803088e-18, 1.53512214719e-17, 1.65925466017e-17, 1.27936369205e-17, 1.21893136542e-17, 1.08361338533e-17, 2.03533067131e-17, 1.65170448641e-17, 1.76323903867e-17, 1.71021510704e-17, 1.45796720643e-17, 1.37783019684e-17, 1.60061301414e-17, 1.34638980622e-17, 1.02431619865e-17, 5.09219705636e-18, 2.89386076733e-18, 1.31525450048e-18, 3.73344014519e-19, 4.25214100276e-20],
        "var": [0.465121746063, 21.1905231476, 41.2135696411, 171.299087524, 213.493560791, 248.623748779, 258.030303955, 1515.30358887, 675.329040527, 623.633239746, 4100.47753906, 11998.0527344, 5099.19287109, 3730.68115234, 2115.81860352, 1697.78796387, 12825.2617188, 4129.32568359, 5387.91943359, 4912.84277344, 6125.85058594, 15848.2792969, 6899.35058594, 2760.90112305, 1302.25585938, 68.2636871338, 25.8545608521, 20.693901062, 20.6061630249, 15.7537288666, 11.0236959457, 7.04868745804, 6.09472513199, 8.25086212158, 6.97521305084, 1.15002799034, 0.0818649753928, 0.000667310727295, 2.38301907984e-07, 1.8760080156e-09]
    },
    "gfcc": {
        "mean": [-7.70828104019, 71.7714614868, -121.232543945, 33.4902610779, -52.5725708008, 25.673625946, -40.9943199158, 21.2698535919, -20.7272987366, 5.74303722382, -15.4264535904, 5.48772954941, -10.3264665604],
        "cov": [[3951.24072266, 126.100059509, 1129.50585938, 666.592163086, 268.939849854, 282.311553955, -4.26127624512, 322.688568115, 22.9783363342, 261.934204102, 27.4132080078, 103.480445862, -117.919792175], [126.100059509, 990.078186035, 541.347290039, 395.290893555, 243.657165527, 107.732933044, 107.924507141, -29.6294059753, 150.748062134, 24.2946033478, 98.1015014648, -11.4718065262, 48.4476394653], [1129.50585938, 541.347290039, 2267.13818359, 1010.2244873, 463.723510742, 382.517059326, -69.1800689697, 124.16053009, 39.8441123962, 298.306396484, 6.04239845276, 177.24798584, -25.8973293304], [666.592163086, 395.290893555, 1010.2244873, 825.861328125, 373.742095947, 273.397888184, 52.9742851257, 60.7922744751, 105.400375366, 139.746734619, 59.6563110352, 71.0975875854, 29.961769104], [268.939849854, 243.657165527, 463.723510742, 373.742095947, 353.915466309, 194.91897583, 83.0030975342, 68.5124206543, 86.1369781494, 83.1792984009, 55.9007453918, 53.1122894287, 32.1283340454], [282.311553955, 107.732933044, 382.517059326, 273.397888184, 194.91897583, 303.423400879, 150.252502441, 47.5748596191, 24.0729923248, 84.4750518799, 41.5098648071, 21.9783821106, 11.1880311966], [-4.26127624512, 107.924507141, -69.1800689697, 52.9742851257, 83.0030975342, 150.252502441, 237.399414062, 53.2100143433, 46.3114929199, 6.47298145294, 59.4417762756, -24.0823917389, 11.9902820587], [322.688568115, -29.6294059753, 124.16053009, 60.7922744751, 68.5124206543, 47.5748596191, 53.2100143433, 152.816085815, 57.4139175415, 43.9963378906, 20.6387081146, 27.2822856903, -4.09131336212], [22.9783363342, 150.748062134, 39.8441123962, 105.400375366, 86.1369781494, 24.0729923248, 46.3114929199, 57.4139175415, 149.974212646, 37.6477775574, 45.5275878906, 9.69663715363, 39.3749046326], [261.934204102, 24.2946033478, 298.306396484, 139.746734619, 83.1792984009, 84.4750518799, 6.47298145294, 43.9963378906, 37.6477775574, 122.287712097, 39.8264961243, 41.0120124817, -1.56588470936], [27.4132080078, 98.1015014648, 6.04239845276, 59.6563110352, 55.9007453918, 41.5098648071, 59.4417762756, 20.6387081146, 45.5275878906, 39.8264961243, 97.5649185181, 27.1383895874, 22.5899620056], [103.480445862, -11.4718065262, 177.24798584, 71.0975875854, 53.1122894287, 21.9783821106, -24.0823917389, 27.2822856903, 9.69663715363, 41.0120124817, 27.1383895874, 92.4247817993, 30.0746498108], [-117.919792175, 48.4476394653, -25.8973293304, 29.961769104, 32.1283340454, 11.1880311966, 11.9902820587, -4.09131336212, 39.3749046326, -1.56588470936, 22.5899620056, 30.0746498108, 80.3801498413]],
        "icov": [[0.000428946572356, -0.000222367540118, 0.000192356848856, -0.00043109265971, 0.000253577483818, -0.000247869174927, 0.000366506894352, -0.00110645918176, 0.000574452802539, -0.000654025003314, 0.000266790186288, -0.000228914199397, 0.000524652365129], [-0.000222367540118, 0.00259780767374, -0.00139381038025, 0.000513311824761, -0.00100248411763, 0.00111518264748, -0.00124819739722, 0.00258320826106, -0.00258445460349, 0.00282087293454, -0.00285435584374, 0.00214076694101, -0.000647071341518], [0.000192356848856, -0.00139381038025, 0.00242232275195, -0.00197024270892, 0.000485648168251, -0.00110240513459, 0.00131648732349, -0.00187908299267, 0.00208896119148, -0.00349242240191, 0.00306379678659, -0.00264279078692, 0.00134087121114], [-0.00043109265971, 0.000513311824761, -0.00197024270892, 0.00485306885093, -0.00232768803835, -0.00082676805323, 0.000132973844302, 0.00216821604408, -0.00252991775051, 0.00233080633916, -0.00210421648808, 0.00169769581407, -0.00100871862378], [0.000253577483818, -0.00100248411763, 0.000485648168251, -0.00232768803835, 0.00758030777797, -0.00299267540686, 0.00063884165138, -0.00212969258428, -0.000753603584599, -0.00030865953886, 0.000390308792703, -0.00240674312226, 0.00033726519905], [-0.000247869174927, 0.00111518264748, -0.00110240513459, -0.00082676805323, -0.00299267540686, 0.01135645248, -0.00769728934392, 0.00221975031309, 0.00230977172032, -0.00387204904109, 0.00127595593221, 0.00136871519499, -0.00228370446712], [0.000366506894352, -0.00124819739722, 0.00131648732349, 0.000132973844302, 0.00063884165138, -0.00769728934392, 0.0122097777203, -0.00497031118721, 0.000148683044245, 0.0025980330538, -0.00456066569313, 0.00290148286149, 0.000580203603022], [-0.00110645918176, 0.00258320826106, -0.00187908299267, 0.00216821604408, -0.00212969258428, 0.00221975031309, -0.00497031118721, 0.0147557202727, -0.00744567764923, 0.00203663972206, -0.000568383315112, -0.00208854256198, 0.00206914101727], [0.000574452802539, -0.00258445460349, 0.00208896119148, -0.00252991775051, -0.000753603584599, 0.00230977172032, 0.000148683044245, -0.00744567764923, 0.0161649230868, -0.00744142336771, 0.000950900604948, 0.00223659421317, -0.005572471302], [-0.000654025003314, 0.00282087293454, -0.00349242240191, 0.00233080633916, -0.00030865953886, -0.00387204904109, 0.0025980330538, 0.00203663972206, -0.00744142336771, 0.0225812401623, -0.010453610681, 0.000110365632281, 0.00270644552074], [0.000266790186288, -0.00285435584374, 0.00306379678659, -0.00210421648808, 0.000390308792703, 0.00127595593221, -0.00456066569313, -0.000568383315112, 0.000950900604948, -0.010453610681, 0.0223933532834, -0.00864893849939, 0.000474217609735], [-0.000228914199397, 0.00214076694101, -0.00264279078692, 0.00169769581407, -0.00240674312226, 0.00136871519499, 0.00290148286149, -0.00208854256198, 0.00223659421317, 0.000110365632281, -0.00864893849939, 0.0231042020023, -0.0101853916422], [0.000524652365129, -0.000647071341518, 0.00134087121114, -0.00100871862378, 0.00033726519905, -0.00228370446712, 0.000580203603022, 0.00206914101727, -0.005572471302, 0.00270644552074, 0.000474217609735, -0.0101853916422, 0.0210705008358]]
    },
    "melbands": {
        "dmean": [0.00282229762524, 0.00181126373354, 0.000943814171478, 0.00035287157516, 0.000165900346474, 0.000170049897861, 0.000117573399621, 9.38118901104e-05, 0.000137740324135, 0.000137171184178, 7.3099770816e-05, 4.82858922624e-05, 3.95572169509e-05, 2.69444262813e-05, 3.03091219394e-05, 4.99642119394e-05, 2.47483058047e-05, 2.58879681496e-05, 2.54379483522e-05, 1.90893570107e-05, 1.86122360901e-05, 1.97556655621e-05, 1.62815067597e-05, 1.54984936671e-05, 9.93989669951e-06, 6.31238208371e-06, 2.93093694381e-06, 1.91501885638e-06, 1.36294886488e-06, 1.30806597554e-06, 1.17423394386e-06, 9.65191929936e-07, 1.19162621104e-06, 8.30335466162e-07, 7.84485621352e-07, 8.87944622718e-07, 7.04257956841e-07, 6.25966436019e-07, 6.96451195381e-07, 6.92778428402e-07],
        "dmean2": [0.00453349901363, 0.0029360386543, 0.00165654649027, 0.000616938050371, 0.000274512538454, 0.000274056714261, 0.000196745473659, 0.000157107482664, 0.000217611945118, 0.000217061053263, 0.000118777643365, 7.88454053691e-05, 6.42344821244e-05, 4.25812031608e-05, 4.77689609397e-05, 8.11871941551e-05, 4.0385293687e-05, 4.12958870584e-05, 4.02401892643e-05, 3.00776700897e-05, 2.90804982797e-05, 2.94540222967e-05, 2.45790633926e-05, 2.38773627643e-05, 1.51943995661e-05, 9.4456027e-06, 4.41844167653e-06, 2.90509342449e-06, 1.99802707357e-06, 2.10163057091e-06, 1.7423431018e-06, 1.42198746289e-06, 1.7456036403e-06, 1.15071406981e-06, 1.12965540211e-06, 1.31792160118e-06, 1.00458805719e-06, 9.48882586727e-07, 1.06054983462e-06, 1.0280278957e-06],
        "dvar": [1.84952150448e-05, 8.03097645985e-06, 6.41188762529e-06, 1.67412429164e-06, 1.61949117228e-07, 2.75861765431e-07, 8.02086006502e-08, 4.03413693562e-08, 3.55816922593e-07, 1.51083298761e-07, 5.5504081331e-08, 2.3037332042e-08, 1.40189948539e-08, 5.34207433844e-09, 1.18604353005e-08, 4.87599791654e-08, 6.20976425836e-09, 8.69028404793e-09, 9.73611413713e-09, 6.00863048206e-09, 3.86421916687e-09, 9.13274078584e-09, 3.8511669409e-09, 3.15520609639e-09, 7.38470729011e-10, 4.58535570624e-10, 5.75312124329e-11, 1.13149073444e-11, 5.03251390213e-12, 6.71532404337e-12, 3.84603286718e-12, 2.64048049918e-12, 3.83490114664e-12, 2.01426830944e-12, 1.77829008029e-12, 2.19157526328e-12, 1.31233197052e-12, 1.91610789735e-12, 2.74870816212e-12, 4.10251129943e-12],
        "dvar2": [4.80467133457e-05, 1.89402762771e-05, 1.7341106286e-05, 4.48022456112e-06, 3.64398999864e-07, 5.59823774893e-07, 1.97402044932e-07, 9.7908554153e-08, 7.88275656305e-07, 3.40791046938e-07, 1.35475630714e-07, 5.46314353755e-08, 2.94659017186e-08, 1.11433928751e-08, 2.80990590795e-08, 1.18891584577e-07, 1.5179647761e-08, 1.97658618362e-08, 2.39493935794e-08, 1.48473473516e-08, 9.21631926332e-09, 1.51388750425e-08, 8.5001197192e-09, 7.87948817305e-09, 1.60826718609e-09, 1.02318142847e-09, 1.22125823343e-10, 2.50101796911e-11, 9.69441540932e-12, 1.64583954104e-11, 7.92865426091e-12, 5.55013326964e-12, 7.82381017611e-12, 4.01087670021e-12, 3.34241835598e-12, 4.58152266125e-12, 2.77087922919e-12, 4.90246124946e-12, 6.91971176539e-12, 9.65516382123e-12],
        "max": [0.115625843406, 0.102466084063, 0.0339002534747, 0.0522483326495, 0.0209396388382, 0.0260852836072, 0.0102105652913, 0.00572548434138, 0.0200242735445, 0.0125003214926, 0.00913967099041, 0.00800621043891, 0.00693691940978, 0.00254058977589, 0.00398479308933, 0.00711368396878, 0.00233349646442, 0.00385172734968, 0.00577679974958, 0.0042559094727, 0.00224759569392, 0.00682194205001, 0.00365855148993, 0.00227593956515, 0.000751876679715, 0.000980004202574, 0.000339727004757, 8.36847539176e-05, 6.82691679685e-05, 4.8549285566e-05, 3.3677155443e-05, 4.92111685162e-05, 2.81146876659e-05, 2.00677532121e-05, 1.99245168915e-05, 1.93353116629e-05, 2.62623743765e-05, 4.79023474327e-05, 4.97634428029e-05, 5.73289871681e-05],
        "mean": [0.00404867716134, 0.00271326978691, 0.000781337381341, 0.000369731191313, 0.000210306694498, 0.000238749300479, 0.000151263011503, 0.000109401720692, 0.000159115166753, 0.000240140070673, 0.000122806392028, 7.48612656025e-05, 6.49310459266e-05, 4.33326458733e-05, 4.61207309854e-05, 7.84527946962e-05, 3.86538049497e-05, 3.90374734707e-05, 3.83742044505e-05, 3.16315927194e-05, 3.09822753479e-05, 3.2476051274e-05, 2.71906628768e-05, 2.72561937891e-05, 1.78081299964e-05, 1.10292294266e-05, 5.00617170474e-06, 3.26486133417e-06, 2.36920027419e-06, 2.00654130822e-06, 2.03734452953e-06, 1.89509592019e-06, 2.19519392886e-06, 1.43042802847e-06, 1.29695797568e-06, 1.35644927468e-06, 1.15408829515e-06, 1.00485613075e-06, 1.01549710507e-06, 1.08689130229e-06],
        "median": [0.00192189821973, 0.00118532252964, 0.000170403014636, 0.000114191730972, 7.96973909019e-05, 5.734548904e-05, 4.18351446569e-05, 3.39327307302e-05, 3.40144833899e-05, 3.84093327739e-05, 2.74516660284e-05, 2.10613616218e-05, 2.24949999392e-05, 1.65364817803e-05, 1.63783279277e-05, 1.71843348653e-05, 1.23178351714e-05, 1.32410314109e-05, 1.3639268218e-05, 1.06582456283e-05, 9.37051390792e-06, 9.25563654164e-06, 9.19982630876e-06, 7.42949077903e-06, 5.60642229175e-06, 3.18736238114e-06, 1.92060656445e-06, 1.52490179062e-06, 1.17199624583e-06, 1.0052607422e-06, 1.07327298338e-06, 1.05944343431e-06, 1.19248124975e-06, 7.39444317333e-07, 5.72391684273e-07, 6.32862679595e-07, 5.34899641025e-07, 4.46707019819e-07, 3.97521972673e-07, 3.74357085775e-07],
        "min": [8.19219270525e-24, 1.12371957994e-23, 3.96202549748e-24, 2.85671146241e-24, 5.30155746291e-24, 6.4426420013e-24, 1.44716327959e-23, 1.35508491038e-23, 1.58037506521e-23, 7.80384831453e-24, 1.32791527862e-23, 1.00450210789e-23, 9.74017919273e-24, 7.13965504246e-24, 9.2370373965e-24, 8.94212411366e-24, 1.43082313034e-23, 6.64666588608e-24, 3.70786476901e-24, 4.09721337967e-24, 8.7355151317e-24, 1.57096963441e-23, 1.63387087864e-23, 1.23652771491e-23, 1.00773943527e-23, 9.5640991278e-24, 7.14245944298e-24, 7.5121875052e-24, 9.15364059932e-24, 1.73134978961e-23, 7.68587732159e-24, 9.43998606386e-24, 1.12671677806e-23, 8.6509665976e-24, 8.26885973005e-24, 8.30207235188e-24, 8.93386789543e-24, 1.12709535241e-23, 1.01931533797e-23, 1.22019427098e-23],
        "var": [3.60509184247e-05, 1.52954053192e-05, 4.5933952606e-06, 1.41121472552e-06, 2.57691624483e-07, 6.39486358978e-07, 1.57762713116e-07, 6.03373422337e-08, 4.14369708324e-07, 5.15197939421e-07, 1.28129116206e-07, 5.96569691425e-08, 3.16515453846e-08, 1.11997726648e-08, 1.89030107123e-08, 1.03897541237e-07, 1.15478036022e-08, 1.60861493015e-08, 1.66260676338e-08, 9.94977167323e-09, 7.89178411509e-09, 2.62075801061e-08, 6.90032475603e-09, 7.0581998024e-09, 1.74021907995e-09, 1.04844943838e-09, 1.34505351301e-10, 2.40442995375e-11, 1.17166259334e-11, 8.55031496994e-12, 7.32146288041e-12, 6.15088232084e-12, 8.63051730776e-12, 3.89684161675e-12, 3.6226633672e-12, 3.63197319442e-12, 2.51000826026e-12, 2.68943634724e-12, 3.88767577159e-12, 7.18845816206e-12]
    },
    "mfcc": {
        "mean": [-648.162719727, 102.804924011, -6.02984714508, 14.6193637848, 12.7991199493, 4.7870016098, 0.296792715788, 11.1890954971, 3.21188187599, 2.33212399483, 5.58175706863, 0.739725291729, -0.919475734234],
        "cov": [[2877.34350586, -94.1668014526, 480.149108887, 339.830505371, 273.023834229, 72.2689590454, 171.298980713, 104.768707275, 82.8887710571, 136.00579834, 156.694259644, 108.840682983, 91.7610244751], [-94.1668014526, 694.813110352, 312.741668701, 203.435043335, 154.935974121, 120.766036987, 23.090675354, 38.6061782837, 33.4390792847, 19.6620006561, 43.6587753296, 58.4613456726, 44.3107719421], [480.149108887, 312.741668701, 1616.23828125, 717.207580566, 617.787536621, 396.159881592, 171.542068481, 23.2797737122, 126.292602539, 30.5373668671, 59.9375305176, 182.016967773, 176.119613647], [339.830505371, 203.435043335, 717.207580566, 590.912963867, 425.091674805, 251.880157471, 86.1182479858, 67.0872116089, 86.5639953613, 50.9222717285, 48.8036766052, 111.374847412, 113.777160645], [273.023834229, 154.935974121, 617.787536621, 425.091674805, 469.250030518, 227.243179321, 75.099647522, 55.1513252258, 92.3670806885, 39.3071517944, 45.0042190552, 90.7186813354, 114.804580688], [72.2689590454, 120.766036987, 396.159881592, 251.880157471, 227.243179321, 351.725799561, 171.563903809, 64.211479187, 71.8401489258, 58.7632789612, 33.6428451538, 84.228263855, 65.0620880127], [171.298980713, 23.090675354, 171.542068481, 86.1182479858, 75.099647522, 171.563903809, 221.562530518, 84.918182373, 36.9645385742, 55.3128395081, 63.3326644897, 39.8348121643, 13.9765357971], [104.768707275, 38.6061782837, 23.2797737122, 67.0872116089, 55.1513252258, 64.211479187, 84.918182373, 128.324920654, 59.5226593018, 42.3427886963, 47.8015098572, 24.8859157562, 14.9361763], [82.8887710571, 33.4390792847, 126.292602539, 86.5639953613, 92.3670806885, 71.8401489258, 36.9645385742, 59.5226593018, 109.390228271, 52.9866981506, 18.9808559418, 33.730255127, 34.7548599243], [136.00579834, 19.6620006561, 30.5373668671, 50.9222717285, 39.3071517944, 58.7632789612, 55.3128395081, 42.3427886963, 52.9866981506, 101.886634827, 58.8736953735, 28.2600002289, 10.4731531143], [156.694259644, 43.6587753296, 59.9375305176, 48.8036766052, 45.0042190552, 33.6428451538, 63.3326644897, 47.8015098572, 18.9808559418, 58.8736953735, 120.499168396, 40.725112915, 6.9432015419], [108.840682983, 58.4613456726, 182.016967773, 111.374847412, 90.7186813354, 84.228263855, 39.8348121643, 24.8859157562, 33.730255127, 28.2600002289, 40.725112915, 93.3401031494, 57.6624984741], [91.7610244751, 44.3107719421, 176.119613647, 113.777160645, 114.804580688, 65.0620880127, 13.9765357971, 14.9361763, 34.7548599243, 10.4731531143, 6.9432015419, 57.6624984741, 101.932540894]],
