{
"lowlevel": {
    "average_loudness": 0.412213563919,
    "barkbands_crest": {
        "dmean": 2.11381459236,
        "dmean2": 3.40581893921,
        "dvar": 4.08499956131,
        "dvar2": 10.2803010941,
        "max": 26.5956344604,
        "mean": 11.7134094238,
        "median": 10.7866382599,
        "min": 2.80320906639,
        "var": 21.9192829132
    },
    "barkbands_flatness_db": {
        "dmean": 0.0174561273307,
        "dmean2": 0.0268986746669,
        "dvar": 0.000280498061329,
        "dvar2": 0.000646939268336,
        "max": 0.454581260681,
        "mean": 0.206018030643,
        "median": 0.195430293679,
        "min": 0.0487747080624,
        "var": 0.00382158905268
    },
    "barkbands_kurtosis": {
        "dmean": 3.35336947441,
        "dmean2": 5.17312383652,
        "dvar": 63.8488006592,
        "dvar2": 141.297302246,
        "max": 410.741638184,
        "mean": 8.05889415741,
        "median": 2.9509832859,
        "min": -1.91049695015,
        "var": 293.99017334
    },
    "barkbands_skewness": {
        "dmean": 0.441189318895,
        "dmean2": 0.676582634449,
        "dvar": 0.264013469219,
        "dvar2": 0.600185751915,
        "max": 16.6790924072,
        "mean": 1.69891417027,
        "median": 1.43540906906,
        "min": -2.75869560242,
        "var": 2.37996149063
    },
    "barkbands_spread": {
        "dmean": 2.89296650887,
        "dmean2": 4.38595199585,
        "dvar": 17.0362606049,
        "dvar2": 37.1903419495,
        "max": 83.976776123,
        "mean": 13.7436447144,
        "median": 10.3802919388,
        "min": 0.35767275095,
        "var": 116.603614807
    },
    "dissonance": {
        "dmean": 0.0264678206295,
        "dmean2": 0.0450284890831,
        "dvar": 0.000633041723631,
        "dvar2": 0.00175690418109,
        "max": 0.5,
        "mean": 0.439777851105,
        "median": 0.45031195879,
        "min": 0.192777141929,
        "var": 0.00218760501593
    },
    "dynamic_complexity": 5.23330068588,
    "erbbands_crest": {
        "dmean": 2.72476935387,
        "dmean2": 4.34324455261,
        "dvar": 6.67243146896,
        "dvar2": 16.0199928284,
        "max": 33.3998641968,
        "mean": 12.1114349365,
        "median": 10.7154369354,
        "min": 2.80227947235,
        "var": 32.2362174988
    },
    "erbbands_flatness_db": {
        "dmean": 0.0155399804935,
        "dmean2": 0.023273838684,
        "dvar": 0.000236271953327,
        "dvar2": 0.000511222810019,
        "max": 0.431520104408,
        "mean": 0.218073934317,
        "median": 0.21127872169,
        "min": 0.0545026697218,
        "var": 0.00328730186448
    },
    "erbbands_kurtosis": {
        "dmean": 1.63445901871,
        "dmean2": 2.58232355118,
        "dvar": 14.4192285538,
        "dvar2": 38.4181594849,
        "max": 119.226287842,
        "mean": 2.59965729713,
        "median": 0.615387678146,
        "min": -1.88467729092,
        "var": 46.983505249
    },
    "erbbands_skewness": {
        "dmean": 0.369410336018,
        "dmean2": 0.561958372593,
        "dvar": 0.152711138129,
        "dvar2": 0.364928036928,
        "max": 9.44358921051,
        "mean": 0.910065710545,
        "median": 0.774827539921,
        "min": -2.86416387558,
        "var": 1.21958637238
    },
    "erbbands_spread": {
        "dmean": 5.19611930847,
        "dmean2": 7.96069097519,
        "dvar": 43.99061203,
        "dvar2": 93.2407531738,
        "max": 150.491577148,
        "mean": 26.3598365784,
        "median": 23.0949764252,
        "min": 0.98581302166,
        "var": 276.364593506
    },
    "hfc": {
        "dmean": 2.94811105728,
        "dmean2": 4.18937063217,
        "dvar": 36.2401275635,
        "dvar2": 75.8178329468,
        "max": 137.877090454,
        "mean": 12.6283330917,
        "median": 4.91778278351,
        "min": 1.15465784364e-16,
        "var": 320.081390381
    },
    "melbands_crest": {
        "dmean": 2.58327436447,
        "dmean2": 4.14862346649,
        "dvar": 6.32729721069,
        "dvar2": 15.616648674,
        "max": 34.305316925,
        "mean": 14.715672493,
        "median": 13.6360836029,
        "min": 1.359192729,
        "var": 32.6138496399
    },
    "melbands_flatness_db": {
        "dmean": 0.0183374155313,
        "dmean2": 0.0277011692524,
        "dvar": 0.00035198580008,
        "dvar2": 0.000761829083785,
        "max": 0.552015125751,
        "mean": 0.255400568247,
        "median": 0.240861162543,
        "min": 0.00151378812734,
        "var": 0.00640465551987
    },
    "melbands_kurtosis": {
        "dmean": 5.38350820541,
        "dmean2": 8.48131752014,
        "dvar": 190.075866699,
        "dvar2": 483.6953125,
        "max": 527.747192383,
        "mean": 13.2927150726,
        "median": 6.09329748154,
        "min": -1.77695071697,
        "var": 603.332336426
    },
    "melbands_skewness": {
        "dmean": 0.53090262413,
        "dmean2": 0.82900172472,
        "dvar": 0.390784293413,
        "dvar2": 0.93305003643,
        "max": 16.1303672791,
        "mean": 2.19240260124,
        "median": 1.90021705627,
        "min": -2.94988059998,
        "var": 2.85402107239
    },
    "melbands_spread": {
        "dmean": 3.68584895134,
        "dmean2": 5.64563751221,
        "dvar": 37.8416557312,
        "dvar2": 77.7267913818,
        "max": 199.479187012,
        "mean": 17.2609348297,
        "median": 12.7185182571,
        "min": 0.453765869141,
        "var": 242.205841064
    },
    "pitch_salience": {
        "dmean": 0.0545333474874,
        "dmean2": 0.0877875611186,
        "dvar": 0.00254305894487,
        "dvar2": 0.00626389030367,
        "max": 0.964340388775,
        "mean": 0.532704174519,
        "median": 0.528465092182,
        "min": 0.0828255861998,
        "var": 0.0161122605205
    },
    "silence_rate_20dB": {
        "dmean": 0,
        "dmean2": 0,
        "dvar": 0,
        "dvar2": 0,
        "max": 1,
        "mean": 1,
        "median": 1,
        "min": 1,
        "var": 0
    },
    "silence_rate_30dB": {
        "dmean": 0.0016800671583,
        "dmean2": 0.00336053757928,
        "dvar": 0.00167726760264,
        "dvar2": 0.00406944891438,
        "max": 1,
        "mean": 0.998440146446,
        "median": 1,
        "min": 0,
        "var": 0.0015575211728
    },
    "silence_rate_60dB": {
        "dmean": 0.0261610466987,
        "dmean2": 0.0523283742368,
        "dvar": 0.025478547439,
        "dvar2": 0.0570353493094,
        "max": 1,
        "mean": 0.220302373171,
        "median": 0,
        "min": 0,
        "var": 0.1717749089
    },
    "spectral_centroid": {
        "dmean": 149.735961914,
        "dmean2": 226.77444458,
        "dvar": 47481.7851562,
        "dvar2": 80260.1953125,
        "max": 11300.7978516,
        "mean": 1116.78820801,
        "median": 919.907409668,
        "min": 196.413284302,
        "var": 478788.09375
    },
    "spectral_complexity": {
        "dmean": 1.52310097218,
        "dmean2": 2.52904462814,
        "dvar": 2.57253503799,
        "dvar2": 6.59018754959,
        "max": 43,
        "mean": 10.3516921997,
        "median": 9,
        "min": 0,
        "var": 40.7313537598
    },
    "spectral_decrease": {
        "dmean": 9.03563002197e-10,
        "dmean2": 1.34798794349e-09,
        "dvar": 2.55534640743e-18,
        "dvar2": 5.65772348396e-18,
        "max": 1.43641121467e-29,
        "mean": -3.8057010876e-09,
        "median": -2.51701104403e-09,
        "min": -4.00701587466e-08,
        "var": 1.60701969342e-17
    },
    "spectral_energy": {
        "dmean": 0.00363481114618,
        "dmean2": 0.00539709068835,
        "dvar": 4.10204556829e-05,
        "dvar2": 8.98518701433e-05,
        "max": 0.159822031856,
        "mean": 0.0155090782791,
        "median": 0.0100765153766,
        "min": 1.04188810368e-20,
        "var": 0.000271858647466
    },
    "spectral_energyband_high": {
        "dmean": 0.000126253085909,
        "dmean2": 0.000191032042494,
        "dvar": 1.67916667237e-07,
        "dvar2": 4.23830186946e-07,
        "max": 0.0140202566981,
        "mean": 0.000326410750858,
        "median": 3.76120588044e-05,
        "min": 7.439021849e-21,
        "var": 4.7689297844e-07
    },
    "spectral_energyband_low": {
        "dmean": 0.000952855567448,
        "dmean2": 0.00153577409219,
        "dvar": 9.31067552301e-06,
        "dvar2": 2.26898464462e-05,
        "max": 0.121972322464,
        "mean": 0.00351157109253,
        "median": 0.000849375093821,
        "min": 4.23986357048e-23,
        "var": 3.44862201018e-05
    },
    "spectral_energyband_middle_high": {
        "dmean": 0.00142817548476,
        "dmean2": 0.00201581208967,
        "dvar": 1.16814544526e-05,
        "dvar2": 2.321653119e-05,
        "max": 0.0790012180805,
        "mean": 0.00532989343628,
        "median": 0.00088369945297,
        "min": 1.42092726156e-21,
        "var": 0.000107301537355
    },
    "spectral_energyband_middle_low": {
        "dmean": 0.00222844677046,
        "dmean2": 0.00336843729019,
        "dvar": 2.39621658693e-05,
        "dvar2": 5.30491925019e-05,
        "max": 0.149232938886,
        "mean": 0.00677069788799,
        "median": 0.00420911051333,
        "min": 3.65594569921e-22,
        "var": 8.67760318215e-05
    },
    "spectral_entropy": {
        "dmean": 0.14857159555,
        "dmean2": 0.219978809357,
        "dvar": 0.0232000127435,
        "dvar2": 0.0489426217973,
        "max": 9.81203365326,
        "mean": 6.89844083786,
        "median": 6.9538807869,
        "min": 4.34767246246,
        "var": 0.35756289959
    },
    "spectral_flux": {
        "dmean": 0.012943867594,
        "dmean2": 0.0211288891733,
        "dvar": 0.000306646106765,
        "dvar2": 0.000780557165854,
        "max": 0.249675184488,
        "mean": 0.0455547347665,
        "median": 0.0382649675012,
        "min": 1.04146628821e-10,
        "var": 0.00115043274127
    },
    "spectral_kurtosis": {
        "dmean": 2.88897299767,
        "dmean2": 4.88525009155,
        "dvar": 15.782412529,
        "dvar2": 40.0037460327,
        "max": 166.515655518,
        "mean": 9.03140449524,
        "median": 6.76659250259,
        "min": -1.28882753849,
        "var": 106.424804688
    },
    "spectral_rms": {
        "dmean": 0.000405324273743,
        "dmean2": 0.000599225226324,
        "dvar": 2.60947729203e-07,
        "dvar2": 5.60247940484e-07,
        "max": 0.0124869504943,
        "mean": 0.00337382755242,
        "median": 0.00313540222123,
        "min": 3.18822247249e-12,
        "var": 3.74802903025e-06
    },
    "spectral_rolloff": {
        "dmean": 249.150146484,
        "dmean2": 430.195922852,
        "dvar": 393752.25,
        "dvar2": 906337.1875,
        "max": 18755.4199219,
        "mean": 1157.5423584,
        "median": 796.728515625,
        "min": 64.599609375,
        "var": 1170882.5
    },
    "spectral_skewness": {
        "dmean": 0.283356338739,
        "dmean2": 0.466904819012,
        "dvar": 0.083310931921,
        "dvar2": 0.212802872062,
        "max": 10.8706293106,
        "mean": 2.11195540428,
        "median": 1.91822957993,
        "min": -0.0827029943466,
        "var": 0.839189648628
    },
    "spectral_spread": {
        "dmean": 390554,
        "dmean2": 582784.1875,
        "dvar": 560262086656,
        "dvar2": 819592822784,
        "max": 41000648,
        "mean": 3525365,
        "median": 3267305.5,
        "min": 641701.875,
        "var": 2.0431217623e+12
    },
    "spectral_strongpeak": {
        "dmean": 0.469774603844,
        "dmean2": 0.761266648769,
        "dvar": 0.857658088207,
        "dvar2": 2.00110936165,
        "max": 14.4125976562,
        "mean": 1.24946069717,
        "median": 0.482587486506,
        "min": 0,
        "var": 3.36494874954
    },
    "zerocrossingrate": {
        "dmean": 0.00582111161202,
        "dmean2": 0.0069142896682,
        "dvar": 9.39019519137e-05,
        "dvar2": 0.000112978967081,
        "max": 0.6025390625,
        "mean": 0.0457169860601,
        "median": 0.0400390625,
        "min": 0.00341796875,
        "var": 0.000914433854632
    },
    "barkbands": {
        "dmean": [5.48492644157e-05, 0.000720121257473, 0.000245556235313, 0.000287352828309, 0.000672884576488, 0.000538204214536, 0.00034743885044, 0.000213356790482, 0.000855585327372, 0.000699834781699, 0.000371159636416, 0.000151984917466, 0.000307234906359, 0.000190213948372, 0.000240922221565, 0.000106883009721, 7.77573513915e-05, 8.80291263456e-05, 9.88382744254e-05, 0.000109749453259, 4.12726876675e-05, 8.65142555995e-06, 8.84413475433e-06, 9.96960716293e-06, 1.33784460559e-05, 6.95162134434e-06, 8.18524181767e-09],
        "dmean2": [9.39853416639e-05, 0.00118578970432, 0.000375391158741, 0.000460929702967, 0.00107876420952, 0.000806847354397, 0.00053524033865, 0.000331129267579, 0.0012733679032, 0.00101950182579, 0.000563074660022, 0.000236783685978, 0.000461284944322, 0.000273476471193, 0.000345654465491, 0.000162635406014, 0.000118204443424, 0.000132983259391, 0.000150903564645, 0.000171559862792, 6.63389582769e-05, 1.38793393489e-05, 1.3943351405e-05, 1.47600048876e-05, 2.07808698178e-05, 1.12135976451e-05, 1.47493199876e-08],
        "dvar": [6.51812257502e-08, 6.58177577861e-06, 4.84339750528e-07, 7.44851263335e-07, 1.94608787751e-06, 1.74694469024e-06, 1.48265735334e-06, 9.88201122709e-07, 1.51224148794e-05, 5.66765766052e-06, 3.79436892217e-06, 2.9857443451e-07, 1.45699209497e-06, 6.87848682901e-07, 8.91627962574e-07, 2.21029537784e-07, 1.23046334011e-07, 8.26845294455e-08, 8.61519140472e-08, 1.07845089303e-07, 4.77326587145e-08, 3.60197760507e-09, 1.69559066787e-09, 1.14079090618e-09, 5.04348074415e-09, 3.16649839682e-09, 1.07806313179e-14],
        "dvar2": [1.81668298183e-07, 1.66062691278e-05, 1.0446400438e-06, 2.00552949536e-06, 5.07628783453e-06, 4.09119775213e-06, 3.7033451008e-06, 2.4536291221e-06, 3.34996293532e-05, 9.96091330308e-06, 8.16734154796e-06, 5.83829944389e-07, 2.9942953006e-06, 1.24441646676e-06, 1.6964132783e-06, 4.16026495031e-07, 2.65533572019e-07, 1.61179571023e-07, 2.02488152468e-07, 2.60816847231e-07, 1.32594820457e-07, 9.69689573083e-09, 3.97233845817e-09, 2.48187070895e-09, 1.32821567078e-08, 8.25577384234e-09, 3.04844447211e-14],
        "max": [0.00928935036063, 0.100482590497, 0.0239597223699, 0.0300275795162, 0.0276935733855, 0.0319886729121, 0.0429172106087, 0.0453732870519, 0.143954828382, 0.110726781189, 0.0746708512306, 0.0231328848749, 0.0417040809989, 0.0269373189658, 0.0372553393245, 0.0214012563229, 0.0129442019388, 0.0137741230428, 0.00711249141023, 0.00838567502797, 0.00919510051608, 0.00274324091151, 0.00242107617669, 0.00134563015308, 0.00325825950131, 0.00195612781681, 5.57509747523e-06],
        "mean": [0.000108528161945, 0.0024168943055, 0.000673505710438, 0.000634162221104, 0.00167945190333, 0.00136517267674, 0.00072433880996, 0.000367941654986, 0.00176915968768, 0.00188496802002, 0.000842683075462, 0.000271416211035, 0.000587934977375, 0.000362528546248, 0.000572551973164, 0.000192174542462, 0.000167263540789, 0.000198215348064, 0.000228952776524, 0.000302428583382, 7.01381941326e-05, 1.57795057021e-05, 1.9754657842e-05, 2.20229303523e-05, 2.39244163822e-05, 7.14504631105e-06, 5.65577096268e-09],
        "median": [2.5202471079e-06, 0.000276680919342, 0.000126970931888, 0.000165870675119, 0.000702461926267, 0.000364912964869, 0.000177535926923, 7.29768580641e-05, 0.000186096178368, 0.000114560651127, 3.55321535608e-05, 4.6821867727e-05, 6.21675862931e-05, 3.4062526538e-05, 3.85531202483e-05, 3.04261593556e-05, 2.02697883651e-05, 2.50748653343e-05, 2.72045745078e-05, 1.72541385837e-05, 6.59217812427e-06, 3.1180049973e-06, 2.48927153734e-06, 2.76805803878e-06, 2.23060101234e-06, 4.15672019471e-07, 2.98585434155e-10],
        "min": [6.97034044587e-25, 1.93215953951e-23, 6.20911156322e-24, 1.94949870221e-23, 7.22503692922e-23, 2.86493581066e-23, 3.17775891817e-23, 4.57404966239e-23, 8.38707637427e-23, 6.34190777692e-23, 3.93064713503e-23, 1.0325880647e-22, 4.66048641395e-23, 5.47112398223e-23, 8.57102043579e-23, 8.88449735122e-23, 1.45977094924e-22, 1.49096667462e-22, 2.67939143435e-22, 2.52553250827e-22, 2.54988294047e-22, 4.30253068079e-22, 5.39205992469e-22, 6.22730888036e-22, 9.42299980598e-22, 2.00758653176e-21, 2.49709368136e-21],
        "var": [1.50239714003e-07, 2.04480693355e-05, 2.37932704295e-06, 2.00345357371e-06, 6.40789039608e-06, 6.66750202072e-06, 2.61580566985e-06, 1.96640689865e-06, 4.95073436468e-05, 3.30505281454e-05, 1.8978755179e-05, 7.84608175763e-07, 4.77288722323e-06, 1.86375905287e-06, 5.11312600793e-06, 5.39794655197e-07, 4.41425811459e-07, 3.06651941173e-07, 3.59929657634e-07, 5.53661720915e-07, 5.72231897422e-08, 4.38530811664e-09, 3.90251475579e-09, 4.01486577317e-09, 5.53225598665e-09, 2.54140752887e-09, 6.45254791438e-15]
    },
    "erbbands": {
        "dmean": [0.0226353127509, 0.159597888589, 0.294395744801, 0.588335216045, 1.77412211895, 2.30611181259, 3.76927781105, 4.28150844574, 4.67044639587, 4.91591024399, 5.82101774216, 21.1539764404, 17.0311546326, 23.0789794922, 14.371178627, 6.50564908981, 13.8257513046, 7.37074661255, 14.9286718369, 5.77349090576, 5.52712488174, 4.1808848381, 3.33928871155, 5.54693031311, 4.2054810524, 5.63897037506, 2.68190670013, 0.469005078077, 0.285192549229, 0.267176777124, 0.280788600445, 0.217242330313, 0.167937904596, 0.150393813848, 0.0941712632775, 0.031712770462, 0.0127994557843, 0.00177214958239, 3.23787644447e-05, 5.14443399879e-06],
        "dmean2": [0.0381552539766, 0.258781611919, 0.460358679295, 0.921930253506, 2.91521263123, 3.71867346764, 5.69529438019, 6.28803062439, 7.12356328964, 7.58812093735, 8.85959339142, 31.5108470917, 24.2804965973, 32.7715606689, 20.6496562958, 9.95135116577, 20.818977356, 10.6128406525, 21.4579353333, 8.22871017456, 8.47761058807, 6.24809169769, 5.04041576385, 8.37336349487, 6.54718542099, 8.81388187408, 4.11602306366, 0.782274723053, 0.455021202564, 0.430319786072, 0.444107025862, 0.323663026094, 0.251645475626, 0.224684908986, 0.150093302131, 0.0506145097315, 0.0205940436572, 0.0029003622476, 5.24339229742e-05, 7.72028306528e-06],
        "dvar": [0.00940534938127, 0.271887272596, 0.620426177979, 2.53542876244, 25.4959964752, 20.2665042877, 95.1643371582, 112.381454468, 115.644638062, 1072.85998535, 393.784820557, 12378.4306641, 5331.68212891, 5273.12255859, 6661.20556641, 439.911376953, 2994.11694336, 1056.87133789, 3362.47045898, 429.902496338, 733.971801758, 366.239593506, 146.156341553, 252.770965576, 228.509796143, 311.879699707, 94.9232940674, 36.9787254333, 3.59949755669, 3.87266564369, 1.37952125072, 0.750661313534, 0.27856361866, 0.290981382132, 0.713521659374, 0.0557150319219, 0.0109293609858, 0.000234099032241, 7.07329022021e-08, 1.46284720448e-10],
        "dvar2": [0.0245681628585, 0.668282628059, 1.34039890766, 6.28768444061, 67.3887252808, 53.0402030945, 224.61567688, 234.300582886, 262.652008057, 3024.48876953, 912.302490234, 27166.3671875, 7479.36181641, 10208.2431641, 12317.2832031, 867.38873291, 6510.41357422, 1788.75964355, 6409.98193359, 685.189453125, 1396.13781738, 790.57409668, 283.145507812, 547.325805664, 584.222412109, 780.216064453, 229.690505981, 109.703826904, 9.94818973541, 10.2503070831, 3.25553536415, 1.60908508301, 0.624687433243, 0.686007738113, 1.93257701397, 0.147152721882, 0.0282778330147, 0.000611736555584, 1.8449857464e-07, 3.45925371681e-10],
        "max": [3.30688691139, 20.5344352722, 27.2504844666, 63.3697052002, 160.981201172, 89.5918426514, 449.033935547, 257.605041504, 314.428253174, 1265.7376709, 786.389770508, 4482.48486328, 4282.06689453, 2311.72583008, 3296.23754883, 1108.48461914, 1778.28430176, 1535.38317871, 2732.29785156, 914.072998047, 1416.86401367, 722.867431641, 688.60748291, 459.764068604, 429.248779297, 539.079467773, 286.635437012, 312.972869873, 96.0512084961, 99.7998199463, 62.369052887, 46.3465652466, 18.642824173, 22.2576465607, 49.7163581848, 8.27182579041, 3.45525813103, 0.528650999069, 0.00920348241925, 0.000375580129912],
        "mean": [0.0696237757802, 0.532248914242, 0.881752550602, 1.55849885941, 3.61894989014, 5.80069971085, 9.39978218079, 10.9335718155, 10.5900096893, 9.47407245636, 11.6757411957, 42.8810577393, 37.3060913086, 65.8745117188, 30.7634353638, 13.7492666245, 28.5053462982, 15.4361162186, 38.0168609619, 13.4730949402, 10.8169641495, 9.98036575317, 8.22527694702, 13.0012655258, 12.2455463409, 16.0939178467, 6.69769191742, 0.852074921131, 0.534860014915, 0.488238632679, 0.630785048008, 0.48369204998, 0.370501250029, 0.322103023529, 0.134445413947, 0.0355708524585, 0.0127366343513, 0.00162786548026, 3.85163693863e-05, 1.99102578335e-05],
        "median": [0.00392829719931, 0.0710931271315, 0.190958112478, 0.521886229515, 1.30488610268, 2.36049318314, 2.697732687, 3.14594316483, 3.57710886002, 2.01018261909, 2.95896244049, 4.59422492981, 4.77140617371, 4.92052698135, 3.1188788414, 2.95651578903, 3.28374671936, 2.29783821106, 2.62115931511, 1.87432849407, 1.79987800121, 1.33321988583, 1.47368240356, 1.50340533257, 1.30921375751, 0.861212253571, 0.469375908375, 0.198518455029, 0.127814084291, 0.0729377940297, 0.0777772516012, 0.0622371584177, 0.0444467514753, 0.0301348865032, 0.0104985432699, 0.00240717898123, 0.000623942585662, 6.39709178358e-05, 7.8676330304e-06, 1.2306327335e-05],
        "min": [9.39155139268e-22, 3.1011703945e-21, 9.04998678811e-21, 3.1379445504e-20, 1.25713720424e-19, 1.80553791708e-19, 3.70709289171e-19, 3.32819066292e-19, 3.1636378142e-19, 6.20670733329e-19, 1.24991415973e-18, 1.76771371355e-18, 1.9192134971e-18, 2.26674309171e-18, 2.58537947431e-18, 4.24367642477e-18, 2.84940849481e-18, 3.11303550552e-18, 3.05541058853e-18, 5.54338520302e-18, 6.14090614953e-18, 7.34843516109e-18, 8.18324899633e-18, 1.0123863517e-17, 1.38174044503e-17, 1.13884969422e-17, 9.26625423847e-18, 1.17389361446e-17, 1.52067510692e-17, 1.61819639242e-17, 1.52724093575e-17, 1.29098227094e-17, 1.05244952118e-17, 1.02844490524e-17, 6.79315832846e-18, 6.79360748753e-18, 3.84250127231e-18, 1.27120940761e-18, 3.1358538514e-19, 3.4053174356e-20],
        "var": [0.0214476883411, 1.06512892246, 3.35597491264, 9.09912109375, 57.3178710938, 78.4039077759, 398.289428711, 436.673797607, 371.891143799, 1561.5690918, 1091.46630859, 37136.8476562, 16107.9628906, 40049.890625, 23289.0488281, 1589.46862793, 10551.5351562, 2928.0690918, 18504.7910156, 1797.9744873, 1792.16223145, 1556.51135254, 519.947387695, 903.197570801, 1188.62353516, 1622.33984375, 305.47253418, 21.1832065582, 3.82716536522, 5.09186935425, 3.57724094391, 2.40747594833, 0.973808765411, 0.698368430138, 0.541275918484, 0.0464649759233, 0.0087829772383, 0.000175224558916, 5.40125313364e-08, 5.25735288637e-10]
    },
    "gfcc": {
        "mean": [-94.2111968994, 111.296592712, -130.606338501, 14.7796020508, -63.5536499023, 3.72896623611, -38.5142974854, 8.99739742279, -30.9855461121, -2.4501080513, -9.28499603271, -8.53687953949, -3.2149014473],
        "cov": [[9046.3828125, -986.015258789, -659.249023438, 892.411804199, 684.577331543, 816.97442627, 300.122894287, 554.466125488, -418.832397461, 282.528015137, 426.506195068, -177.112609863, 382.20123291], [-986.015258789, 1742.96972656, 1095.23120117, 343.762023926, 363.064117432, -191.282455444, 128.940887451, -211.018218994, 127.393463135, -39.5358276367, 108.898117065, -67.4300994873, 6.92463684082], [-659.249023438, 1095.23120117, 2001.41345215, 550.150695801, 163.563323975, -141.906784058, -182.825546265, -172.445205688, -17.4163532257, 87.1336746216, 25.0886096954, 76.8124160767, -75.4579467773], [892.411804199, 343.762023926, 550.150695801, 846.284912109, 435.3359375, 204.738433838, 90.2018890381, 29.9020862579, 36.1906585693, 75.6270446777, 96.4754104614, 22.9044322968, 65.4443969727], [684.577331543, 363.064117432, 163.563323975, 435.3359375, 561.035522461, 209.362503052, 187.102981567, 102.615478516, 52.7197151184, 69.6056365967, 70.0990219116, -23.7829971313, 66.6880645752], [816.97442627, -191.282455444, -141.906784058, 204.738433838, 209.362503052, 391.82321167, 205.442901611, 94.5050354004, 14.9925899506, 70.3822937012, 33.930316925, -2.09923171997, 29.3142948151], [300.122894287, 128.940887451, -182.825546265, 90.2018890381, 187.102981567, 205.442901611, 351.1668396, 70.2476882935, 37.9416389465, 35.4423522949, 52.4725761414, -16.9317264557, 21.5540084839], [554.466125488, -211.018218994, -172.445205688, 29.9020862579, 102.615478516, 94.5050354004, 70.2476882935, 265.605712891, 60.2639732361, 39.1177253723, 1.95206487179, -10.9548091888, 35.4361495972], [-418.832397461, 127.393463135, -17.4163532257, 36.1906585693, 52.7197151184, 14.9925899506, 37.9416389465, 60.2639732361, 259.896606445, -17.0441246033, -51.0386238098, 47.2344932556, -21.661775589], [282.528015137, -39.5358276367, 87.1336746216, 75.6270446777, 69.6056365967, 70.3822937012, 35.4423522949, 39.1177253723, -17.0441246033, 162.219558716, 67.5086669922, -0.307267129421, 24.2765445709], [426.506195068, 108.898117065, 25.0886096954, 96.4754104614, 70.0990219116, 33.930316925, 52.4725761414, 1.95206487179, -51.0386238098, 67.5086669922, 220.140487671, -18.9132595062, 66.393913269], [-177.112609863, -67.4300994873, 76.8124160767, 22.9044322968, -23.7829971313, -2.09923171997, -16.9317264557, -10.9548091888, 47.2344932556, -0.307267129421, -18.9132595062, 157.300994873, -11.9215974808], [382.20123291, 6.92463684082, -75.4579467773, 65.4443969727, 66.6880645752, 29.3142948151, 21.5540084839, 35.4361495972, -21.661775589, 24.2765445709, 66.393913269, -11.9215974808, 141.834075928]],
        "icov": [[0.000216361528146, 2.36722025875e-05, 7.13826302672e-05, -0.000196853361558, -1.44680170706e-05, -0.000273642566754, 0.000133547539008, -0.000358501652954, 0.000386357714888, 9.81915400189e-06, -0.000190034930711, 7.94207153376e-05, -0.000169786464539], [2.36722025875e-05, 0.00310541712679, -0.00176577467937, 0.000703020719811, -0.0021662581712, 0.00235482328571, -0.00252377055585, 0.00233069737442, -0.00218850537203, 0.00170882150996, -0.00133712531533, 0.00213873037137, -0.000967179716099], [7.13826302672e-05, -0.00176577467937, 0.00188156112563, -0.00113455101382, 0.00110766163561, -0.000929735193495, 0.00177617813461, -0.00108943611849, 0.0014869129518, -0.00156290538143, 0.000760948110837, -0.00143370928708, 0.00110987888183], [-0.000196853361558, 0.000703020719811, -0.00113455101382, 0.00309966667555, -0.00213680975139, -0.000279941770714, -0.0001988910808, 0.00109946343582, -0.00111177423969, 0.000778382876888, -0.00071694428334, 0.000108532680315, -0.000677904579788], [-1.44680170706e-05, -0.0021662581712, 0.00110766163561, -0.00213680975139, 0.00546520156786, -0.00200383551419, 0.000499113986734, -0.00233383779414, 0.00111790490337, -0.00142929551657, 0.00103418994695, -0.000702268851455, -5.60228872928e-05], [-0.000273642566754, 0.00235482328571, -0.000929735193495, -0.000279941770714, -0.00200383551419, 0.00703678419814, -0.00416680425406, 0.00170163612347, -0.00164519739337, -0.000130585365696, -7.46402802179e-05, 0.00113075331319, -0.000146095320815], [0.000133547539008, -0.00252377055585, 0.00177617813461, -0.0001988910808, 0.000499113986734, -0.00416680425406, 0.00704809417948, -0.00207090331241, 0.00146695564035, -0.00114102393854, -0.000109916138172, -0.00149924226571, 0.00121769576799], [-0.000358501652954, 0.00233069737442, -0.00108943611849, 0.00109946343582, -0.00233383779414, 0.00170163612347, -0.00207090331241, 0.00740147009492, -0.00346007710323, 0.000111256973469, -0.000183834374184, 0.00184606097173, -0.00132975890301], [0.000386357714888, -0.00218850537203, 0.0014869129518, -0.00111177423969, 0.00111790490337, -0.00164519739337, 0.00146695564035, -0.00346007710323, 0.00711872382089, -0.000804978772067, 0.00155471556354, -0.00287362304516, 0.00108141428791], [9.81915400189e-06, 0.00170882150996, -0.00156290538143, 0.000778382876888, -0.00142929551657, -0.000130585365696, -0.00114102393854, 0.000111256973469, -0.000804978772067, 0.00920280441642, -0.00301024899818, 0.000907593930606, -0.000668609282002], [-0.000190034930711, -0.00133712531533, 0.000760948110837, -0.00071694428334, 0.00103418994695, -7.46402802179e-05, -0.000109916138172, -0.000183834374184, 0.00155471556354, -0.00301024899818, 0.00728153018281, -0.000657737487927, -0.00180633994751], [7.94207153376e-05, 0.00213873037137, -0.00143370928708, 0.000108532680315, -0.000702268851455, 0.00113075331319, -0.00149924226571, 0.00184606097173, -0.00287362304516, 0.000907593930606, -0.000657737487927, 0.0086467191577, -0.00082771142479], [-0.000169786464539, -0.000967179716099, 0.00110987888183, -0.000677904579788, -5.60228872928e-05, -0.000146095320815, 0.00121769576799, -0.00132975890301, 0.00108141428791, -0.000668609282002, -0.00180633994751, -0.00082771142479, 0.00971781648695]]
    },
    "melbands": {
        "dmean": [0.000199110974791, 0.000169645616552, 0.000127766252263, 0.000154952387675, 0.000118554882647, 9.58200180321e-05, 7.0326430432e-05, 5.24404276803e-05, 6.19939746684e-05, 0.000134645946673, 8.41389701236e-05, 0.000100378754723, 5.59767140658e-05, 1.89184120245e-05, 2.94245728583e-05, 2.44317452598e-05, 1.33690136863e-05, 2.52967402048e-05, 1.36667231345e-05, 6.25877100902e-06, 6.92287630955e-06, 4.58410204374e-06, 4.12742747358e-06, 4.16264947489e-06, 4.96835218655e-06, 4.15613840232e-06, 3.1144697914e-06, 4.26864744441e-06, 2.45593514592e-06, 5.02525153934e-07, 2.10460839867e-07, 1.52727238856e-07, 2.08615844599e-07, 1.35337273832e-07, 1.8023521875e-07, 1.48601515093e-07, 1.50552821765e-07, 1.24899656839e-07, 1.30343977389e-07, 1.34352049486e-07],
        "dmean2": [0.000331591116264, 0.000267278577667, 0.000204656360438, 0.000250620912993, 0.000180345406989, 0.000141359647387, 0.000107415464299, 8.08142358437e-05, 9.3917864433e-05, 0.000198143883608, 0.000121234057588, 0.000142340897582, 8.23702212074e-05, 2.90009302262e-05, 4.46970916528e-05, 3.7110359699e-05, 1.92638490262e-05, 3.63574290532e-05, 1.87303448911e-05, 9.4549741334e-06, 1.06564830276e-05, 6.80086168359e-06, 6.34705656921e-06, 6.2090443862e-06, 7.54836446504e-06, 6.41415681457e-06, 4.88420891998e-06, 6.60414389131e-06, 3.70821021534e-06, 8.42198971895e-07, 3.56966296522e-07, 2.46351902433e-07, 3.42425835242e-07, 2.18217394377e-07, 2.88027166562e-07, 2.30468316431e-07, 2.29087333992e-07, 1.89712295651e-07, 1.99845828774e-07, 2.01512605713e-07],
        "dvar": [6.13109705228e-07, 2.03442297675e-07, 1.25357772163e-07, 1.16590086918e-07, 8.04142956667e-08, 5.47782441629e-08, 2.86853172327e-08, 1.07103588221e-07, 6.65866295435e-08, 4.62386282152e-07, 1.31384723545e-07, 1.00240619361e-07, 1.00841702988e-07, 5.13716491568e-09, 1.47802872164e-08, 8.61500204508e-09, 3.9555287934e-09, 1.0251961946e-08, 2.92568547167e-09, 6.90103751921e-10, 1.19567911128e-09, 4.87873352828e-10, 3.80291048652e-10, 2.32241947895e-10, 2.19764650922e-10, 2.08457917594e-10, 1.45859282985e-10, 1.95260224656e-10, 6.86718182319e-11, 3.91806760647e-11, 5.53499216946e-12, 5.7720370367e-13, 3.35807206694e-12, 7.92936679858e-13, 8.62181094748e-13, 3.18966803924e-13, 4.29687833708e-13, 1.93567357238e-13, 2.00577483225e-13, 2.45968284802e-13],
        "dvar2": [1.56904570758e-06, 4.66075249506e-07, 3.22204442682e-07, 3.13079397074e-07, 1.87313716538e-07, 1.18369648305e-07, 6.62674040086e-08, 3.03216836528e-07, 1.56240062665e-07, 9.7112513231e-07, 1.8592911033e-07, 1.93108093072e-07, 2.04429525752e-07, 9.66556168436e-09, 2.99900229095e-08, 1.82355925915e-08, 6.79246925372e-09, 1.91215026035e-08, 4.9344004438e-09, 1.28608446115e-09, 2.29581642586e-09, 1.04431641113e-09, 7.91401999489e-10, 4.69874916753e-10, 4.79543682541e-10, 4.93183160977e-10, 3.73816921861e-10, 4.6775794349e-10, 1.47990938948e-10, 1.15644632759e-10, 1.63103159451e-11, 1.46015545575e-12, 9.0416528431e-12, 1.99644315836e-12, 2.02783623227e-12, 7.36610154383e-13, 9.78705289555e-13, 4.32687631384e-13, 4.85874903679e-13, 5.73531781962e-13],
        "max": [0.0294731948525, 0.0139525616542, 0.012567197904, 0.00686976360157, 0.0128055922687, 0.00576514331624, 0.00451524462551, 0.0124872773886, 0.0121124703437, 0.0286243017763, 0.0212661083788, 0.0101576652378, 0.0115668401122, 0.0029946884606, 0.00531401159242, 0.00308811850846, 0.00277260201983, 0.00553829735145, 0.00266324728727, 0.00122211151756, 0.00178292091005, 0.000747009355109, 0.00110537675209, 0.000667903223075, 0.000386912695831, 0.000440332631115, 0.000374048599042, 0.000484272080939, 0.000304232438793, 0.000328801485011, 0.000115862712846, 3.20084654959e-05, 8.77633210621e-05, 4.11630244344e-05, 5.95162528043e-05, 2.51920373557e-05, 2.92793592962e-05, 1.98700727196e-05, 1.20971071738e-05, 2.10650614463e-05],
        "mean": [0.000660051067825, 0.000561007356737, 0.00031518843025, 0.000359910220141, 0.000313739554258, 0.000247436779318, 0.00015749350132, 9.84585130936e-05, 0.000120956479805, 0.00026762552443, 0.000184482589248, 0.000280126056168, 0.000121917430079, 3.22624473483e-05, 5.94546363573e-05, 4.81654351461e-05, 2.46688523475e-05, 6.12191579421e-05, 3.14513672492e-05, 1.20467511806e-05, 1.19596170407e-05, 9.81379434961e-06, 8.20366039989e-06, 9.23316747503e-06, 1.04565515358e-05, 9.83416884992e-06, 8.37572588352e-06, 1.10187438622e-05, 5.65127993468e-06, 7.39639006042e-07, 3.25712989024e-07, 2.82674108121e-07, 3.28217964807e-07, 2.36841003698e-07, 3.76114542178e-07, 3.26366802028e-07, 2.89978771661e-07, 2.62617703584e-07, 2.54268343269e-07, 2.82931210904e-07],
        "median": [5.81467684242e-05, 0.00012469747162, 0.000114997586934, 0.00014634267427, 0.000104820719571, 7.10689564585e-05, 5.06656542711e-05, 1.8730708689e-05, 2.30175883189e-05, 2.50325665547e-05, 1.86841680261e-05, 1.6948350094e-05, 7.47428066461e-06, 5.65224900129e-06, 6.23584219284e-06, 6.10164079262e-06, 2.65451490122e-06, 3.70631096303e-06, 2.56476369032e-06, 1.77628521669e-06, 1.72804016074e-06, 9.97547658699e-07, 1.21828577448e-06, 1.14577846944e-06, 1.06941615741e-06, 1.06562038127e-06, 6.05932029885e-07, 5.05646653437e-07, 3.04022648834e-07, 1.14055495715e-07, 6.93552095754e-08, 6.66331203547e-08, 4.52108324112e-08, 3.00736964221e-08, 3.99343278445e-08, 3.90578946963e-08, 3.31445662027e-08, 2.8368223326e-08, 2.57179344487e-08, 2.22253042637e-08],
        "min": [7.80861145667e-24, 4.20254484875e-24, 8.47093118409e-24, 1.04962376838e-23, 1.3165182107e-23, 6.28895809189e-24, 5.44678754442e-24, 8.0457548777e-24, 9.35122974569e-24, 1.13759359223e-23, 9.48626537773e-24, 9.34525727978e-24, 5.97437929555e-24, 1.277989613e-23, 8.04035354708e-24, 5.06224388553e-24, 6.12025032655e-24, 4.19107993878e-24, 7.60192279976e-24, 6.4380453088e-24, 8.32365558625e-24, 8.69279200279e-24, 6.09901340212e-24, 6.49896588107e-24, 8.13472497717e-24, 9.92994993868e-24, 9.92564828016e-24, 6.93995569317e-24, 5.52402097135e-24, 5.986303717e-24, 7.27491471099e-24, 8.57000264745e-24, 8.30784365826e-24, 1.00800678024e-23, 9.86266168118e-24, 7.11429395322e-24, 7.54333488919e-24, 6.70086930773e-24, 7.8671638685e-24, 9.14378457117e-24],
        "var": [1.60677200256e-06, 1.04946479951e-06, 3.67716779692e-07, 3.25432864656e-07, 3.54801215963e-07, 2.14786552988e-07, 8.35246467545e-08, 1.70567190594e-07, 1.91246428471e-07, 1.33830917548e-06, 4.12438538433e-07, 7.60861780691e-07, 4.10997330391e-07, 1.22236922806e-08, 5.35038466865e-08, 2.8081917236e-08, 1.00509414125e-08, 4.73463224182e-08, 1.52186547808e-08, 2.16273465803e-09, 2.62340038581e-09, 1.90113480514e-09, 1.10307529777e-09, 7.71673558386e-10, 6.57546350702e-10, 8.77336647775e-10, 5.77701275706e-10, 8.21509971161e-10, 2.56506704766e-10, 2.3122557688e-11, 3.32073019256e-12, 9.2813322132e-13, 3.58225905536e-12, 1.14189289534e-12, 1.6140234765e-12, 1.01952127296e-12, 1.1250128433e-12, 7.25655971943e-13, 4.28870778951e-13, 6.10631228741e-13]
    },
    "mfcc": {
        "mean": [-737.255004883, 142.560333252, -10.0008525848, 11.4578943253, -2.36185359955, -11.9846591949, 5.63586521149, -4.34118366241, -7.30852937698, 3.03342366219, -6.78348302841, -5.82996177673, -4.10147047043],
        "cov": [[8657.78515625, -1409.61315918, -1087.41162109, 298.455963135, 464.203887939, 211.45652771, 1111.5168457, 222.823165894, 65.413230896, 637.686767578, -236.706604004, 5.61976528168, 277.743103027], [-1409.61315918, 1529.65734863, 751.969848633, 416.986602783, 183.961181641, 106.52571106, -25.8375205994, -80.5250015259, -18.7570304871, -74.4991226196, 63.8568572998, 71.5871505737, 17.7284469604], [-1087.41162109, 751.969848633, 1542.92419434, 547.012939453, 302.902282715, 117.106567383, -67.537361145, -158.662872314, -123.314506531, -137.940002441, 11.7550182343, 49.111000061, 42.4557533264], [298.455963135, 416.986602783, 547.012939453, 736.811645508, 423.223205566, 210.416381836, 172.853210449, 28.6145915985, 40.9377212524, 40.9493255615, -3.05740213394, 80.8860549927, 104.317825317], [464.203887939, 183.961181641, 302.902282715, 423.223205566, 480.5284729, 123.838226318, 146.350021362, 23.6317062378, 58.7935180664, 92.7716751099, -18.2471389771, 51.8312263489, 80.1644210815], [211.45652771, 106.52571106, 117.106567383, 210.416381836, 123.838226318, 418.200012207, 137.701034546, 130.15927124, 80.7709274292, 64.2353210449, 56.9062538147, 9.47121620178, 64.0372467041], [1111.5168457, -25.8375205994, -67.537361145, 172.853210449, 146.350021362, 137.701034546, 510.80456543, 11.2233638763, -17.2463626862, 194.586807251, -41.9103393555, 0.924429476261, 106.23160553], [222.823165894, -80.5250015259, -158.662872314, 28.6145915985, 23.6317062378, 130.15927124, 11.2233638763, 272.754608154, 139.45916748, 27.1568660736, 76.1530990601, 32.1241798401, -2.71174931526], [65.413230896, -18.7570304871, -123.314506531, 40.9377212524, 58.7935180664, 80.7709274292, -17.2463626862, 139.45916748, 246.524475098, 43.9565811157, 66.7489547729, 48.6238441467, -23.4911384583], [637.686767578, -74.4991226196, -137.940002441, 40.9493255615, 92.7716751099, 64.2353210449, 194.586807251, 27.1568660736, 43.9565811157, 239.916946411, 8.47112369537, 4.80098199844, 59.6729202271], [-236.706604004, 63.8568572998, 11.7550182343, -3.05740213394, -18.2471389771, 56.9062538147, -41.9103393555, 76.1530990601, 66.7489547729, 8.47112369537, 145.60585022, 46.4509429932, -3.79561948776], [5.61976528168, 71.5871505737, 49.111000061, 80.8860549927, 51.8312263489, 9.47121620178, 0.924429476261, 32.1241798401, 48.6238441467, 4.80098199844, 46.4509429932, 146.905288696, 31.9251766205], [277.743103027, 17.7284469604, 42.4557533264, 104.317825317, 80.1644210815, 64.0372467041, 106.23160553, -2.71174931526, -23.4911384583, 59.6729202271, -3.79561948776, 31.9251766205, 146.474365234]],
