{
"lowlevel": {
    "average_loudness": 0.845242142677,
    "barkbands_crest": {
        "dmean": 2.89912581444,
        "dmean2": 4.63397693634,
        "dvar": 6.50230169296,
        "dvar2": 15.5960216522,
        "max": 26.0754547119,
        "mean": 9.99230384827,
        "median": 9.07548809052,
        "min": 2.05494475365,
        "var": 20.5760116577
    },
    "barkbands_flatness_db": {
        "dmean": 0.0208826456219,
        "dmean2": 0.0316083207726,
        "dvar": 0.000348541128915,
        "dvar2": 0.000792154518422,
        "max": 0.42056670785,
        "mean": 0.142542779446,
        "median": 0.131233245134,
        "min": 0.0566616728902,
        "var": 0.00280676758848
    },
    "barkbands_kurtosis": {
        "dmean": 2.24091911316,
        "dmean2": 3.52684545517,
        "dvar": 14.6238021851,
        "dvar2": 35.8178482056,
        "max": 102.286338806,
        "mean": 2.86009669304,
        "median": 0.965755820274,
        "min": -1.87037825584,
        "var": 48.7723884583
    },
    "barkbands_skewness": {
        "dmean": 0.521047055721,
        "dmean2": 0.785982847214,
        "dvar": 0.247846215963,
        "dvar2": 0.584416687489,
        "max": 9.05312156677,
        "mean": 1.24995267391,
        "median": 1.09937167168,
        "min": -2.39867520332,
        "var": 1.37985181808
    },
    "barkbands_spread": {
        "dmean": 7.26575183868,
        "dmean2": 10.8594837189,
        "dvar": 67.1352844238,
        "dvar2": 138.082183838,
        "max": 102.436920166,
        "mean": 26.711063385,
        "median": 23.7655448914,
        "min": 0.822671711445,
        "var": 262.039520264
    },
    "dissonance": {
        "dmean": 0.019411386922,
        "dmean2": 0.032831504941,
        "dvar": 0.000423789810156,
        "dvar2": 0.00116839399561,
        "max": 0.500000059605,
        "mean": 0.46701207757,
        "median": 0.4748057127,
        "min": 0.251089394093,
        "var": 0.000803308968898
    },
    "dynamic_complexity": 3.2986497879,
    "erbbands_crest": {
        "dmean": 2.80929636955,
        "dmean2": 4.51290607452,
        "dvar": 6.78520441055,
        "dvar2": 16.4740486145,
        "max": 34.0528640747,
        "mean": 9.32018566132,
        "median": 8.1078338623,
        "min": 2.288595438,
        "var": 26.9237861633
    },
    "erbbands_flatness_db": {
        "dmean": 0.0184648819268,
        "dmean2": 0.0266799535602,
        "dvar": 0.00029341399204,
        "dvar2": 0.000537838728633,
        "max": 0.497473925352,
        "mean": 0.171136662364,
        "median": 0.155890524387,
        "min": 0.0570454373956,
        "var": 0.00403466960415
    },
    "erbbands_kurtosis": {
        "dmean": 1.10045897961,
        "dmean2": 1.74834358692,
        "dvar": 3.51865386963,
        "dvar2": 8.85756111145,
        "max": 76.8087997437,
        "mean": 1.18758654594,
        "median": 0.145180106163,
        "min": -1.82725167274,
        "var": 19.3386173248
    },
    "erbbands_skewness": {
        "dmean": 0.362775415182,
        "dmean2": 0.561845600605,
        "dvar": 0.106892131269,
        "dvar2": 0.250486463308,
        "max": 8.26793766022,
        "mean": 0.469686031342,
        "median": 0.404554367065,
        "min": -2.46206021309,
        "var": 0.781649947166
    },
    "erbbands_spread": {
        "dmean": 9.17300224304,
        "dmean2": 13.6058549881,
        "dvar": 93.2507629395,
        "dvar2": 194.452774048,
        "max": 126.712860107,
        "mean": 38.5635032654,
        "median": 36.7468490601,
        "min": 1.65017831326,
        "var": 444.114227295
    },
    "hfc": {
        "dmean": 10.5505504608,
        "dmean2": 15.0721502304,
        "dvar": 233.440414429,
        "dvar2": 488.561462402,
        "max": 176.345108032,
        "mean": 25.5628452301,
        "median": 17.1529750824,
        "min": 1.09075979568e-16,
        "var": 641.450012207
    },
    "melbands_crest": {
        "dmean": 3.58890128136,
        "dmean2": 5.75963878632,
        "dvar": 9.67850875854,
        "dvar2": 23.6113491058,
        "max": 36.8928718567,
        "mean": 13.5558023453,
        "median": 12.5555334091,
        "min": 2.57045531273,
        "var": 31.4566001892
    },
    "melbands_flatness_db": {
        "dmean": 0.0270745754242,
        "dmean2": 0.0398171879351,
        "dvar": 0.00058711564634,
        "dvar2": 0.00129557808395,
        "max": 0.442975908518,
        "mean": 0.159405827522,
        "median": 0.155175372958,
        "min": 0.0074131633155,
        "var": 0.00335946399719
    },
    "melbands_kurtosis": {
        "dmean": 5.59873914719,
        "dmean2": 8.78192901611,
        "dvar": 89.6114349365,
        "dvar2": 221.54347229,
        "max": 244.093780518,
        "mean": 10.4639368057,
        "median": 5.60270357132,
        "min": -1.72178113461,
        "var": 306.632171631
    },
    "melbands_skewness": {
        "dmean": 0.695374965668,
        "dmean2": 1.04948663712,
        "dvar": 0.492668420076,
        "dvar2": 1.17476165295,
        "max": 13.1432409286,
        "mean": 2.29232621193,
        "median": 2.09362411499,
        "min": -1.40171909332,
        "var": 2.62417006493
    },
    "melbands_spread": {
        "dmean": 8.77380561829,
        "dmean2": 13.2152147293,
        "dvar": 109.657966614,
        "dvar2": 230.3046875,
        "max": 211.028594971,
        "mean": 29.3210830688,
        "median": 25.812461853,
        "min": 0.814570426941,
        "var": 378.462310791
    },
    "pitch_salience": {
        "dmean": 0.0769200026989,
        "dmean2": 0.122393481433,
        "dvar": 0.00427535315976,
        "dvar2": 0.0106443241239,
        "max": 0.925490260124,
        "mean": 0.579523861408,
        "median": 0.591546237469,
        "min": 0.0926284343004,
        "var": 0.014034206979
    },
    "silence_rate_20dB": {
        "dmean": 0,
        "dmean2": 0,
        "dvar": 0,
        "dvar2": 0,
        "max": 1,
        "mean": 1,
        "median": 1,
        "min": 1,
        "var": 0
    },
    "silence_rate_30dB": {
        "dmean": 0.00129048910458,
        "dmean2": 0.0025813113898,
        "dvar": 0.00128887465689,
        "dvar2": 0.00360677670687,
        "max": 1,
        "mean": 0.999225795269,
        "median": 1,
        "min": 0,
        "var": 0.000773562816903
    },
    "silence_rate_60dB": {
        "dmean": 0.0296812485904,
        "dmean2": 0.0593701601028,
        "dvar": 0.0288026332855,
        "dvar2": 0.065665833652,
        "max": 1,
        "mean": 0.0797419324517,
        "median": 0,
        "min": 0,
        "var": 0.0733745396137
    },
    "spectral_centroid": {
        "dmean": 268.362670898,
        "dmean2": 404.166137695,
        "dvar": 82183.6875,
        "dvar2": 164916.109375,
        "max": 10828.4833984,
        "mean": 1442.25305176,
        "median": 1391.01953125,
        "min": 214.081268311,
        "var": 310459.21875
    },
    "spectral_complexity": {
        "dmean": 4.43979883194,
        "dmean2": 6.57769727707,
        "dvar": 28.7169761658,
        "dvar2": 53.141746521,
        "max": 58,
        "mean": 18.2874832153,
        "median": 17,
        "min": 0,
        "var": 99.8585968018
    },
    "spectral_decrease": {
        "dmean": 1.8036553362e-09,
        "dmean2": 2.62661670192e-09,
        "dvar": 4.80926240938e-18,
        "dvar2": 1.03112017278e-17,
        "max": -1.18171871566e-28,
        "mean": -5.31942268012e-09,
        "median": -4.09292422177e-09,
        "min": -3.35857919254e-08,
        "var": 1.96068754719e-17
    },
    "spectral_energy": {
        "dmean": 0.00755199696869,
        "dmean2": 0.0109387235716,
        "dvar": 8.2043276052e-05,
        "dvar2": 0.00017380999634,
        "max": 0.135456159711,
        "mean": 0.022395350039,
        "median": 0.0173623710871,
        "min": 1.03395177422e-20,
        "var": 0.000339937600074
    },
    "spectral_energyband_high": {
        "dmean": 0.000807122385595,
        "dmean2": 0.00116125703789,
        "dvar": 2.21874915951e-06,
        "dvar2": 4.61857780465e-06,
        "max": 0.0166899338365,
        "mean": 0.00124090583995,
        "median": 0.000523720984347,
        "min": 7.19192022026e-21,
        "var": 3.63553203897e-06
    },
    "spectral_energyband_low": {
        "dmean": 0.00255448557436,
        "dmean2": 0.00386858126149,
        "dvar": 2.91500473395e-05,
        "dvar2": 6.71527377563e-05,
        "max": 0.0756985470653,
        "mean": 0.00469765579328,
        "median": 0.00115330610424,
        "min": 1.38006368607e-22,
        "var": 6.6621832957e-05
    },
    "spectral_energyband_middle_high": {
        "dmean": 0.00300431833602,
        "dmean2": 0.00435354327783,
        "dvar": 2.13232142414e-05,
        "dvar2": 4.57216410723e-05,
        "max": 0.0927373096347,
        "mean": 0.00791818182915,
        "median": 0.00378844002262,
        "min": 1.78815708334e-21,
        "var": 0.000107872889203
    },
    "spectral_energyband_middle_low": {
        "dmean": 0.00400237133726,
        "dmean2": 0.00620835926384,
        "dvar": 3.3083550079e-05,
        "dvar2": 7.52543419367e-05,
        "max": 0.106391511858,
        "mean": 0.00907108467072,
        "median": 0.00618251692504,
        "min": 3.85174627703e-22,
        "var": 8.23215668788e-05
    },
    "spectral_entropy": {
        "dmean": 0.181297361851,
        "dmean2": 0.259437710047,
        "dvar": 0.0311906915158,
        "dvar2": 0.059610914439,
        "max": 9.79677772522,
        "mean": 7.80594921112,
        "median": 7.83784389496,
        "min": 5.83303594589,
        "var": 0.187406003475
    },
    "spectral_flux": {
        "dmean": 0.0223348606378,
        "dmean2": 0.0342408716679,
        "dvar": 0.000508805038407,
        "dvar2": 0.00109225313645,
        "max": 0.279200285673,
        "mean": 0.082787938416,
        "median": 0.0762469470501,
        "min": 1.0168341863e-10,
        "var": 0.00188424938824
    },
    "spectral_kurtosis": {
        "dmean": 1.20478093624,
        "dmean2": 1.86912345886,
        "dvar": 1.61966252327,
        "dvar2": 4.08121204376,
        "max": 26.5085258484,
        "mean": 3.07080006599,
        "median": 2.57520747185,
        "min": -1.18332195282,
        "var": 6.02175188065
    },
    "spectral_rms": {
        "dmean": 0.000760319817346,
        "dmean2": 0.00107797177043,
        "dvar": 5.60771013625e-07,
        "dvar2": 1.09544089355e-06,
        "max": 0.0114957531914,
        "mean": 0.00426591606811,
        "median": 0.00411568954587,
        "min": 3.17605642307e-12,
        "var": 3.65111327483e-06
    },
    "spectral_rolloff": {
        "dmean": 804.333679199,
        "dmean2": 1287.77026367,
        "dvar": 1707476,
        "dvar2": 3549096,
        "max": 19013.8183594,
        "mean": 2144.52416992,
        "median": 1571.92382812,
        "min": 43.06640625,
        "var": 3760432.75
    },
    "spectral_skewness": {
        "dmean": 0.205028653145,
        "dmean2": 0.304450660944,
        "dvar": 0.0379062816501,
        "dvar2": 0.079428255558,
        "max": 4.25211668015,
        "mean": 1.48441886902,
        "median": 1.47372698784,
        "min": -0.0150701580569,
        "var": 0.17969968915
    },
    "spectral_spread": {
        "dmean": 740834.875,
        "dmean2": 1050545.125,
        "dvar": 679495008256,
        "dvar2": 1.19601587814e+12,
        "max": 40009576,
        "mean": 5547239,
        "median": 5442320.5,
        "min": 2102537.25,
        "var": 2.74265407488e+12
    },
    "spectral_strongpeak": {
        "dmean": 0.693486154079,
        "dmean2": 1.13953578472,
        "dvar": 1.33301711082,
        "dvar2": 3.16875433922,
        "max": 16.2983951569,
        "mean": 1.31005942822,
        "median": 0.558846235275,
        "min": 0,
        "var": 3.4655148983
    },
    "zerocrossingrate": {
        "dmean": 0.0158839803189,
        "dmean2": 0.0177526921034,
        "dvar": 0.000301371212117,
        "dvar2": 0.000352319824742,
        "max": 0.64697265625,
        "mean": 0.0829340964556,
        "median": 0.072265625,
        "min": 0.00732421875,
        "var": 0.00190600543283
    },
    "barkbands": {
        "dmean": [0.000168768892763, 0.00204942096025, 0.000556282815523, 0.00063073419733, 0.00146783876698, 0.00132064125501, 0.000581329746637, 0.00059093645541, 0.00115787191316, 0.000838971638586, 0.000576631049626, 0.000403227517381, 0.000775278371293, 0.000762335315812, 0.000543017638847, 0.000444607139798, 0.000285330082988, 0.00017326870875, 0.000121613797091, 8.65522524691e-05, 0.000125935519463, 0.000131180902827, 0.000170841143699, 0.00018523268227, 0.000214284824324, 6.86717953613e-07, 9.84820336392e-10],
        "dmean2": [0.000265351409325, 0.00301167252474, 0.000921692699194, 0.00106353184674, 0.00238560279831, 0.00211314903572, 0.000954347371589, 0.00095607485855, 0.0018503543688, 0.00133115658537, 0.000913706258871, 0.00064025312895, 0.00119821110275, 0.00115075625945, 0.000848164141644, 0.000677271804307, 0.000439363182522, 0.000268119736575, 0.000192577586859, 0.000133684836328, 0.000193345156731, 0.000193514846615, 0.000249140080996, 0.000279158091871, 0.000323318265146, 1.15842055948e-06, 1.81751746986e-09],
        "dvar": [4.53248503618e-07, 2.33496102737e-05, 2.05697733691e-06, 2.24519453695e-06, 9.18324349186e-06, 7.87275348557e-06, 1.56891212555e-06, 3.23559970639e-06, 6.15924227532e-06, 3.98056363338e-06, 2.70768578048e-06, 1.43673912589e-06, 4.32633760283e-06, 5.77644686928e-06, 1.9837561922e-06, 1.71501233126e-06, 3.92664048832e-07, 1.23120713624e-07, 4.7254058444e-08, 3.36412036006e-08, 7.60730856086e-08, 6.10113914945e-08, 9.57738848228e-08, 1.16053861632e-07, 1.64824427884e-07, 2.65948959903e-12, 2.24511314587e-18],
        "dvar2": [1.10470966774e-06, 5.18127453688e-05, 5.22301525052e-06, 6.03184844294e-06, 2.28197586694e-05, 1.88819722098e-05, 3.86122337659e-06, 7.59945123718e-06, 1.46652164403e-05, 9.45520696405e-06, 6.42797340333e-06, 3.20476874549e-06, 9.85372753348e-06, 1.21349485198e-05, 4.72227020509e-06, 3.96304903916e-06, 8.42098813791e-07, 2.82409700958e-07, 1.1489439089e-07, 7.51970645751e-08, 1.7342337344e-07, 1.2995310783e-07, 1.99843583459e-07, 2.5869181286e-07, 3.81319921416e-07, 6.95240956819e-12, 7.16456449144e-18],
        "max": [0.0140004288405, 0.0717683658004, 0.0267835203558, 0.0385800376534, 0.0737514197826, 0.0756861120462, 0.0263493116945, 0.0404169037938, 0.0409706793725, 0.0595861822367, 0.0405617617071, 0.0441219806671, 0.0545833148062, 0.0606077127159, 0.0453589893878, 0.0455704033375, 0.0228965766728, 0.0129231866449, 0.00274989474565, 0.00242749787867, 0.00375812198035, 0.00291387294419, 0.00387882813811, 0.00693112611771, 0.00583311496302, 2.87089224003e-05, 1.83147310651e-08],
        "mean": [0.00021087191999, 0.00340900733136, 0.000734343542717, 0.000737204507459, 0.00244998070411, 0.00205430574715, 0.000864756351802, 0.000807345961221, 0.0017636148259, 0.00154920772184, 0.00100599485449, 0.00062413176056, 0.00119455810636, 0.0012226809049, 0.000780910835601, 0.000700710108504, 0.000506182841491, 0.000286013528239, 0.000197610424948, 0.000122463068692, 0.000175581735675, 0.000204093521461, 0.000244451424805, 0.000258619955275, 0.000289988151053, 6.96566985425e-07, 1.14421783159e-09],
        "median": [7.19093804946e-06, 0.000253957055975, 0.000227386612096, 0.000312602554914, 0.00100309052505, 0.000768250087276, 0.000320233870298, 0.000217809167225, 0.000496931490488, 0.000312269257847, 0.000203915958991, 0.000166289974004, 0.000286619353574, 0.000201738526812, 0.000260730448645, 0.00019945569511, 0.000183087744517, 0.000131037901156, 0.000100335833849, 5.39591201232e-05, 7.2187227488e-05, 9.08820802579e-05, 9.21093160287e-05, 0.00010014927102, 0.000104502199974, 1.70006032363e-07, 6.41313613325e-10],
        "min": [9.67268898685e-24, 4.80186133222e-23, 6.24407135418e-23, 2.70556634406e-23, 4.46150950347e-23, 4.45440912424e-23, 1.2338213698e-22, 8.42518277361e-23, 4.04439582885e-23, 8.19091759049e-23, 3.65910638086e-23, 4.54162243047e-23, 3.57108685878e-23, 1.16456443103e-22, 2.3766662513e-22, 1.68876313364e-22, 1.09902397376e-22, 2.22570705168e-22, 5.02694379575e-22, 4.35482673144e-22, 3.32549830311e-22, 5.30797719718e-22, 7.92088848315e-22, 7.52614753488e-22, 1.06076593642e-21, 1.51173547636e-21, 2.20413441961e-21],
        "var": [5.19476657246e-07, 4.93615189043e-05, 2.34492699747e-06, 2.04423372452e-06, 1.93420182768e-05, 1.37899460242e-05, 2.6131967843e-06, 5.26068333784e-06, 1.13842343126e-05, 1.35990703711e-05, 7.09765390638e-06, 2.9650043416e-06, 9.09184200282e-06, 1.5713423636e-05, 3.3743547192e-06, 3.049736506e-06, 1.0264714092e-06, 2.78226991668e-07, 7.50312239006e-08, 4.51327721862e-08, 9.50397875954e-08, 1.01921557416e-07, 1.56023290288e-07, 1.74862378799e-07, 2.30785843769e-07, 2.5413462567e-12, 1.83887295972e-18]
    },
    "erbbands": {
        "dmean": [0.0796529948711, 0.423081874847, 0.610923230648, 1.36489093304, 2.98272848129, 5.78174209595, 9.21702480316, 10.6763744354, 7.69238328934, 10.3632030487, 14.0460300446, 28.5182285309, 24.1011886597, 24.2427330017, 21.6269245148, 16.6818962097, 32.0412902832, 37.9734802246, 28.0382919312, 25.4639205933, 19.7073955536, 13.8110456467, 9.79405593872, 6.30053043365, 5.5455288887, 4.20196199417, 4.51265001297, 5.44839906693, 4.73090457916, 4.87005519867, 4.74826812744, 4.04273366928, 3.08376193047, 2.34225821495, 1.62819433212, 0.113461382687, 0.00277375173755, 0.000173099149833, 2.46575145866e-05, 1.27736484501e-05],
        "dmean2": [0.118245489895, 0.628805935383, 1.00630378723, 2.26002240181, 5.01541423798, 9.39670753479, 14.7575426102, 17.0073337555, 12.438293457, 16.8961200714, 22.4034671783, 45.3291854858, 38.4560546875, 37.6675300598, 33.4259529114, 25.7865715027, 49.8579483032, 57.3436965942, 43.3066139221, 39.6134376526, 29.3682918549, 20.9539642334, 14.847910881, 9.86615371704, 8.81107139587, 6.53054714203, 6.91676044464, 8.40390300751, 7.05511140823, 7.16129302979, 6.95109272003, 6.03790712357, 4.7468791008, 3.59750151634, 2.4738650322, 0.174447745085, 0.00422137370333, 0.000259817839833, 3.63245417248e-05, 1.85297358257e-05],
        "dvar": [0.0382602438331, 1.00071132183, 2.08717393875, 10.2761363983, 41.2835769653, 182.701171875, 401.444610596, 551.067321777, 301.331298828, 751.522277832, 1594.26733398, 4200.28662109, 3724.44287109, 3423.84106445, 4087.8059082, 2496.86694336, 8390.98242188, 14775.5146484, 6419.78808594, 4948.73779297, 3187.20092773, 717.462158203, 375.76272583, 131.599411011, 109.218261719, 82.6929550171, 88.7423782349, 157.180282593, 84.2822647095, 81.4451217651, 74.242515564, 52.7693023682, 34.5567474365, 20.3256931305, 10.1737117767, 0.0528270304203, 3.00775409414e-05, 1.10035074385e-07, 1.9055710343e-09, 2.76009964884e-10],
        "dvar2": [0.0844019949436, 2.28566408157, 5.44840860367, 26.6118030548, 110.357337952, 460.324310303, 937.686157227, 1326.06091309, 725.942749023, 1882.96691895, 3594.33691406, 9942.5078125, 8931.80371094, 8098.078125, 9027.65429688, 5346.81347656, 18956.5039062, 31929.8574219, 14608.2822266, 11594.5371094, 7124.94482422, 1544.13476562, 821.396057129, 317.023498535, 270.290985107, 189.424026489, 193.363250732, 370.078948975, 182.274276733, 170.986968994, 160.42817688, 116.132156372, 78.5733413696, 48.0340766907, 23.6950569153, 0.124358743429, 6.99790689396e-05, 2.52621816799e-07, 4.27942214998e-09, 5.80663128691e-10],
        "max": [2.4760529995, 15.8066129684, 32.7242546082, 69.5351867676, 130.110076904, 327.543823242, 422.217895508, 470.510803223, 432.760314941, 960.590087891, 877.471191406, 1095.79394531, 1855.20666504, 2229.80908203, 1936.72912598, 1739.18005371, 2788.82421875, 3133.72436523, 2759.81347656, 2438.28881836, 2294.08544922, 602.461120605, 719.015319824, 162.07774353, 135.663131714, 121.084724426, 133.150390625, 206.730728149, 113.090187073, 119.661270142, 102.085334778, 152.842514038, 90.3563919067, 58.0338745117, 47.2695083618, 4.04815864563, 0.0906881988049, 0.00491972919554, 0.000602266634814, 0.000215179345105],
        "mean": [0.117262020707, 0.68062287569, 0.936278581619, 1.79725730419, 4.16269874573, 9.58476734161, 14.5717144012, 16.4909744263, 12.0485343933, 14.8943834305, 20.9251022339, 43.0523948669, 40.8805427551, 49.7366294861, 38.6664924622, 28.8296890259, 54.3046112061, 68.1395568848, 43.6283988953, 42.5386924744, 35.7734298706, 27.1675834656, 17.6149635315, 10.9229259491, 8.75378894806, 6.01499032974, 6.53848266602, 7.30290603638, 7.10763597488, 7.55229043961, 6.67249393463, 5.76826334, 4.08516025543, 3.07701349258, 2.16954803467, 0.150122642517, 0.00373634253629, 0.000239931192482, 4.32783381257e-05, 3.4125365346e-05],
        "median": [0.0052301120013, 0.057287491858, 0.292189896107, 0.838871121407, 2.08237552643, 3.2586555481, 4.90295124054, 6.28333759308, 4.90488529205, 5.41223287582, 6.64838123322, 12.0220327377, 11.5697860718, 11.0441513062, 10.4598369598, 8.5676279068, 13.9525566101, 12.1750383377, 14.366815567, 12.9955825806, 11.3924789429, 9.97408866882, 8.2261505127, 5.70353031158, 4.42453479767, 2.69895553589, 2.74051952362, 2.89675879478, 3.12477016449, 3.13841342926, 2.47285413742, 2.20303916931, 1.52401101589, 1.09632062912, 0.734137356281, 0.0477446578443, 0.00124543649144, 8.7163891294e-05, 2.53716279985e-05, 2.67479008471e-05],
        "min": [1.45509531386e-21, 1.03828187086e-20, 6.07283112382e-20, 1.00625448767e-19, 6.18084152478e-20, 1.8838243582e-19, 2.78284806265e-19, 4.6693135827e-19, 2.06200575714e-18, 1.11899462982e-18, 1.79622228657e-18, 9.15387327365e-19, 1.97085376236e-18, 2.66869434638e-18, 9.50694084246e-19, 1.97570827858e-18, 1.51683614102e-18, 5.27384343734e-18, 9.39541270086e-18, 1.16081712975e-17, 9.68533288811e-18, 6.84799171767e-18, 1.16701833736e-17, 2.11253739358e-17, 2.35715091345e-17, 2.01208987395e-17, 1.73746475253e-17, 1.30041031012e-17, 1.68992453205e-17, 1.82275898508e-17, 2.46015491749e-17, 1.71844059105e-17, 1.20507195426e-17, 9.32976351154e-18, 9.18303821449e-18, 5.70733281402e-18, 2.58981667791e-18, 1.40909814098e-18, 2.37808920188e-19, 3.62435292309e-20],
        "var": [0.0670107528567, 2.01096558571, 2.94812297821, 10.5480642319, 50.030040741, 403.440307617, 798.335327148, 981.081726074, 500.687652588, 1226.74267578, 2791.56274414, 7473.46533203, 8197.23828125, 14769.5410156, 9816.38476562, 5450.47265625, 18265.3769531, 49251.1953125, 10322.5302734, 10210.0761719, 6976.64208984, 2311.55517578, 960.598754883, 223.003051758, 157.718551636, 107.867370605, 120.871376038, 185.393432617, 130.23890686, 141.412719727, 117.47442627, 85.2089614868, 46.5627365112, 26.6721286774, 14.0181007385, 0.0721553340554, 4.21946024289e-05, 1.59142089728e-07, 3.05205061224e-09, 8.2200324325e-10]
    },
    "gfcc": {
        "mean": [-7.56659507751, 76.716217041, -143.143447876, 29.8854675293, -81.148223877, 29.8714313507, -56.7457962036, 9.87925720215, -23.5311489105, -4.90454244614, -12.285990715, -8.08666133881, 1.49895453453],
        "cov": [[5648.16308594, -176.74281311, 945.715393066, 764.498046875, 269.087127686, 625.472473145, -263.852874756, 225.565139771, 2.90226554871, 397.87210083, 100.682815552, 283.813598633, -4.74723958969], [-176.74281311, 803.69732666, 196.892974854, 114.771011353, 240.250823975, 33.4995346069, 78.4568252563, -3.17720770836, 85.3250579834, -24.3250331879, 99.7967834473, -12.8091306686, 22.600440979], [945.715393066, 196.892974854, 1238.97338867, 698.312316895, 198.287246704, 250.13722229, -217.621582031, 8.24305057526, -80.4647521973, 215.935012817, 6.57676744461, 146.583587646, -48.026714325], [764.498046875, 114.771011353, 698.312316895, 709.579956055, 283.751831055, 194.86277771, -69.4243927002, 64.0809936523, 37.206489563, 160.474411011, 36.2986717224, 89.9813156128, -1.50494706631], [269.087127686, 240.250823975, 198.287246704, 283.751831055, 352.457275391, 190.294174194, 76.6033782959, 94.736831665, 103.541770935, 81.4850311279, 68.2355957031, 49.5916786194, 16.3615932465], [625.472473145, 33.4995346069, 250.13722229, 194.86277771, 190.294174194, 323.959350586, 133.058761597, 88.5949935913, 14.1624069214, 116.055351257, 54.6098060608, 50.1647224426, -23.2973384857], [-263.852874756, 78.4568252563, -217.621582031, -69.4243927002, 76.6033782959, 133.058761597, 382.055358887, 119.561698914, 51.0975036621, -7.18879032135, 60.2820777893, -41.2926902771, 12.1078958511], [225.565139771, -3.17720770836, 8.24305057526, 64.0809936523, 94.736831665, 88.5949935913, 119.561698914, 152.764480591, 82.196685791, 52.1857643127, 35.286781311, 25.5517711639, 15.0959739685], [2.90226554871, 85.3250579834, -80.4647521973, 37.206489563, 103.541770935, 14.1624069214, 51.0975036621, 82.196685791, 162.305953979, 38.6528396606, 39.3378639221, 13.5356416702, 36.1292304993], [397.87210083, -24.3250331879, 215.935012817, 160.474411011, 81.4850311279, 116.055351257, -7.18879032135, 52.1857643127, 38.6528396606, 139.655838013, 45.8324890137, 57.6741065979, -1.37339234352], [100.682815552, 99.7967834473, 6.57676744461, 36.2986717224, 68.2355957031, 54.6098060608, 60.2820777893, 35.286781311, 39.3378639221, 45.8324890137, 99.0388565063, 41.7020301819, 18.1321125031], [283.813598633, -12.8091306686, 146.583587646, 89.9813156128, 49.5916786194, 50.1647224426, -41.2926902771, 25.5517711639, 13.5356416702, 57.6741065979, 41.7020301819, 106.523841858, 29.8165206909], [-4.74723958969, 22.600440979, -48.026714325, -1.50494706631, 16.3615932465, -23.2973384857, 12.1078958511, 15.0959739685, 36.1292304993, -1.37339234352, 18.1321125031, 29.8165206909, 76.3954467773]],
        "icov": [[0.000373363291146, -0.000278561841697, 0.000434157380369, -0.000504005525727, 0.00073540530866, -0.00119401502889, 0.000940775615163, -0.000948124332353, 0.000406064209528, -0.000275458092801, 9.27573855733e-05, -0.00026187201729, -0.000231556798099], [-0.000278561841697, 0.00384462252259, -0.00303551997058, 0.0022481023334, -0.00373393297195, 0.00234838970937, -0.00171181058977, 0.00277431868017, -0.00256182369776, 0.00362926954404, -0.00477365218103, 0.00318710971624, -0.000613866723143], [0.000434157380369, -0.00303551997058, 0.00551857240498, -0.00434046657756, 0.00357555737719, -0.00334721175022, 0.00281457742676, -0.00272806524299, 0.00383247737773, -0.00427869474515, 0.00441233022138, -0.00404141563922, 0.00125594390556], [-0.000504005525727, 0.0022481023334, -0.00434046657756, 0.00640656426549, -0.00535072246566, 0.00325559289195, -0.00189871829934, 0.00208651530556, -0.00178599054925, 0.00072742899647, -0.00215271161869, 0.00285627972335, -0.00101758225355], [0.00073540530866, -0.00373393297195, 0.00357555737719, -0.00535072246566, 0.0121198371053, -0.00778878713027, 0.00342821585946, -0.003970596008, -0.00133844569791, -6.17086261627e-05, 0.00184833363164, -0.00300171296112, -7.22322729416e-05], [-0.00119401502889, 0.00234838970937, -0.00334721175022, 0.00325559289195, -0.00778878713027, 0.0138789769262, -0.00725756026804, 0.00366029213183, 0.000790785183199, -0.00338417291641, -0.000539368891623, -0.000266835035291, 0.00331586552784], [0.000940775615163, -0.00171181058977, 0.00281457742676, -0.00189871829934, 0.00342821585946, -0.00725756026804, 0.00966530479491, -0.00777192041278, 0.00276872166432, 0.000993471127003, -0.00268642557785, 0.00334226852283, -0.00260506523773], [-0.000948124332353, 0.00277431868017, -0.00272806524299, 0.00208651530556, -0.003970596008, 0.00366029213183, -0.00777192041278, 0.0181158911437, -0.00805679429322, 6.66584310238e-05, 0.000278102117591, -0.00194242526777, 0.00156860565767], [0.000406064209528, -0.00256182369776, 0.00383247737773, -0.00178599054925, -0.00133844569791, 0.000790785183199, 0.00276872166432, -0.00805679429322, 0.0158164333552, -0.00732300104573, 0.00184286327567, 0.000262514193309, -0.0033131770324], [-0.000275458092801, 0.00362926954404, -0.00427869474515, 0.00072742899647, -6.17086261627e-05, -0.00338417291641, 0.000993471127003, 6.66584310238e-05, -0.00732300104573, 0.0221095886081, -0.0100122727454, 0.00107330188621, 0.000862429733388], [9.27573855733e-05, -0.00477365218103, 0.00441233022138, -0.00215271161869, 0.00184833363164, -0.000539368891623, -0.00268642557785, 0.000278102117591, 0.00184286327567, -0.0100122727454, 0.0243510585278, -0.0115986494347, 0.00165561470203], [-0.00026187201729, 0.00318710971624, -0.00404141563922, 0.00285627972335, -0.00300171296112, -0.000266835035291, 0.00334226852283, -0.00194242526777, 0.000262514193309, 0.00107330188621, -0.0115986494347, 0.0235015954822, -0.00955236982554], [-0.000231556798099, -0.000613866723143, 0.00125594390556, -0.00101758225355, -7.22322729416e-05, 0.00331586552784, -0.00260506523773, 0.00156860565767, -0.0033131770324, 0.000862429733388, 0.00165561470203, -0.00955236982554, 0.0200737416744]]
    },
    "melbands": {
        "dmean": [0.000628390058409, 0.000374710158212, 0.000261795299593, 0.000310184812406, 0.000304065702949, 0.000237641856074, 0.000116862334835, 0.000116685005196, 0.000126550148707, 0.000181263327249, 0.000121633223898, 0.000103650287201, 7.9968420323e-05, 4.7702487791e-05, 6.00991115789e-05, 7.80571208452e-05, 7.20736934454e-05, 4.86601857119e-05, 3.87293039239e-05, 3.43773172062e-05, 2.38892498601e-05, 1.61110419867e-05, 1.27633466036e-05, 7.53058839109e-06, 5.25123277839e-06, 4.84745714857e-06, 3.01289605886e-06, 2.88760452349e-06, 2.85540409095e-06, 2.96771827379e-06, 3.38924178322e-06, 2.76177274827e-06, 2.62413209384e-06, 2.96362532026e-06, 2.84792645289e-06, 2.79673076875e-06, 2.4493501769e-06, 2.24223026635e-06, 1.98147245101e-06, 2.042047754e-06],
        "dmean2": [0.000922659179196, 0.000596015888732, 0.00043014192488, 0.000507975928485, 0.000484474556288, 0.000379346078262, 0.000189086335013, 0.000189916885574, 0.000202369876206, 0.000288430775981, 0.00019503456133, 0.000161407879204, 0.000124774029246, 7.53168933443e-05, 9.20225138543e-05, 0.000121954770293, 0.000108059211925, 7.58306559874e-05, 6.11044451944e-05, 5.33528727829e-05, 3.5382607166e-05, 2.49937711487e-05, 1.95099619305e-05, 1.17663930723e-05, 8.41628934722e-06, 7.75532134867e-06, 4.78238325741e-06, 4.51325513495e-06, 4.43739509137e-06, 4.53075017504e-06, 5.3468038459e-06, 4.21278855356e-06, 3.96574023398e-06, 4.4707348934e-06, 4.26735505243e-06, 4.17875435232e-06, 3.7340723793e-06, 3.49081074091e-06, 3.07904701913e-06, 3.16965747515e-06],
        "dvar": [2.2564736355e-06, 6.57304553897e-07, 3.35262541284e-07, 4.454061866e-07, 4.008447263e-07, 2.60818097786e-07, 6.47117204267e-08, 1.03858980083e-07, 1.11307500106e-07, 1.67221429592e-07, 9.5738904804e-08, 6.35878265598e-08, 5.93126330273e-08, 1.90526474597e-08, 3.89775749454e-08, 4.09552249891e-08, 5.57489663322e-08, 2.33457182475e-08, 1.06690736246e-08, 1.12101288252e-08, 4.23238821767e-09, 1.19208098948e-09, 6.90949852888e-10, 2.35412522809e-10, 9.52903866924e-11, 7.82470269134e-11, 3.86684295695e-11, 4.0759003811e-11, 3.50711196195e-11, 4.1534109485e-11, 6.60512755601e-11, 3.12573161798e-11, 2.30270455481e-11, 3.19773860169e-11, 2.79000485909e-11, 2.61572898758e-11, 2.03489395473e-11, 1.77565115389e-11, 1.55073922453e-11, 1.58708549775e-11],
        "dvar2": [4.88185378344e-06, 1.71860631326e-06, 8.62215131292e-07, 1.14053455036e-06, 9.20551087802e-07, 6.26926691893e-07, 1.55244137545e-07, 2.59192916019e-07, 2.49025077892e-07, 3.95376844153e-07, 2.30206808283e-07, 1.49288595708e-07, 1.3607977678e-07, 4.33616520468e-08, 8.63055618083e-08, 9.50844096792e-08, 1.16685576756e-07, 5.20843705942e-08, 2.54141685474e-08, 2.59075001452e-08, 8.87214302026e-09, 2.66796229553e-09, 1.60189006504e-09, 5.33422139792e-10, 2.34535391108e-10, 1.92931420839e-10, 9.40100913782e-11, 9.35511876299e-11, 7.74067823728e-11, 9.33141480752e-11, 1.62130003867e-10, 7.04869981827e-11, 5.01359856409e-11, 6.84321210809e-11, 6.21850348992e-11, 5.79021483538e-11, 4.65967091301e-11, 4.08392208939e-11, 3.61877507127e-11, 3.83055739905e-11],
        "max": [0.020858662203, 0.013948822394, 0.0154554694891, 0.0154511053115, 0.0168153773993, 0.0117696551606, 0.00631708791479, 0.00994579680264, 0.00814731232822, 0.00726454611868, 0.00928414054215, 0.00916243623942, 0.00662276614457, 0.0060161370784, 0.0053341453895, 0.00439676782116, 0.00564363971353, 0.00624773651361, 0.00290722167119, 0.00320083997212, 0.00219022994861, 0.000934199313633, 0.000930452661123, 0.000538574997336, 0.000143685814692, 0.000126024562633, 9.07851499505e-05, 8.6400861619e-05, 8.6948472017e-05, 9.20393722481e-05, 0.000149091152707, 7.07716026227e-05, 6.18175181444e-05, 8.13812876004e-05, 6.39598802081e-05, 0.000109295164293, 8.43938905746e-05, 5.57709208806e-05, 6.54361429042e-05, 5.26156763954e-05],
        "mean": [0.00100505980663, 0.000642096856609, 0.000361110578524, 0.000501328497194, 0.00050930865109, 0.000370821158867, 0.000180636110599, 0.000163369913935, 0.000185834112926, 0.000271049968433, 0.000202064766199, 0.000204842333915, 0.000140102900332, 7.64056239859e-05, 9.17249853956e-05, 0.000131528111524, 0.000121985831356, 6.86319690431e-05, 5.76412166993e-05, 5.3198524256e-05, 4.0121281927e-05, 2.94026940537e-05, 2.11062961171e-05, 1.20812819659e-05, 8.36337858345e-06, 7.60111061027e-06, 4.35554829892e-06, 3.84505892725e-06, 4.06068056691e-06, 4.01337274525e-06, 4.30169438914e-06, 3.90929835703e-06, 4.07333664043e-06, 4.35048832514e-06, 3.86043939216e-06, 3.81713880415e-06, 3.3776843793e-06, 2.89546323984e-06, 2.548467819e-06, 2.60811998487e-06],
        "median": [6.29801797913e-05, 0.000133866677061, 0.000189431157196, 0.000204521216801, 0.000188108766451, 0.000143320095958, 7.23994526197e-05, 5.56925442652e-05, 5.22607042512e-05, 7.23275297787e-05, 5.04266281496e-05, 4.04819147661e-05, 3.15577599395e-05, 2.15341642615e-05, 2.32448946917e-05, 2.8431728424e-05, 1.85799690371e-05, 2.0666688215e-05, 1.87195582839e-05, 1.43466058944e-05, 1.21716839203e-05, 9.92924287857e-06, 8.57075974636e-06, 5.68547784496e-06, 4.11216387874e-06, 3.64314223589e-06, 2.0295556169e-06, 1.58829561769e-06, 1.6404840153e-06, 1.62965181971e-06, 1.63857521329e-06, 1.67660368788e-06, 1.78410948593e-06, 1.69871009348e-06, 1.39410758493e-06, 1.38830910146e-06, 1.28898045659e-06, 1.09677534965e-06, 8.58415091898e-07, 9.07495575575e-07],
        "min": [1.24033807085e-23, 2.68753803247e-23, 1.55762573665e-23, 8.59927254248e-24, 9.31656088663e-24, 1.05533354361e-23, 2.94615188075e-23, 1.39452653569e-23, 1.34470681408e-23, 5.43009919197e-24, 9.87917175107e-24, 1.11497482015e-23, 3.78393502053e-24, 4.37390437002e-24, 3.82783000231e-24, 4.91074433198e-24, 1.00922580699e-23, 1.36914320057e-23, 1.79035248324e-23, 1.1277430861e-23, 1.23742512307e-23, 6.97342232821e-24, 7.05704868391e-24, 1.18202539385e-23, 1.73575841766e-23, 2.05581395972e-23, 1.37908489901e-23, 1.29350098498e-23, 1.22710950456e-23, 7.92208594244e-24, 7.27761340415e-24, 9.87551143647e-24, 9.20147791347e-24, 1.026528051e-23, 1.41909355754e-23, 1.40344886807e-23, 9.65486940786e-24, 9.16565652863e-24, 7.64065350362e-24, 7.59942921044e-24],
        "var": [4.53836764791e-06, 1.27348221213e-06, 3.66002467445e-07, 8.6054797066e-07, 8.73848364336e-07, 4.63059478761e-07, 1.10367082584e-07, 1.67431011278e-07, 2.05974444611e-07, 2.99280912941e-07, 2.1912592274e-07, 2.67722441549e-07, 1.48199376326e-07, 4.1163335851e-08, 7.35878415981e-08, 1.0693948127e-07, 1.7639352734e-07, 3.48659092708e-08, 1.89103808168e-08, 2.05025934008e-08, 1.04548734114e-08, 3.44096462435e-09, 1.58899104985e-09, 4.63198285283e-10, 1.48016862656e-10, 1.23188764745e-10, 4.91564532135e-11, 5.06287858859e-11, 4.88339334248e-11, 5.15806702905e-11, 7.24103416117e-11, 4.31064940687e-11, 3.94887456068e-11, 5.10926995156e-11, 4.18740458974e-11, 3.93004274957e-11, 3.03547985359e-11, 2.33296350988e-11, 2.00430054498e-11, 1.97966712467e-11]
    },
    "mfcc": {
        "mean": [-634.605224609, 94.4601821899, -3.78285336494, -4.20369815826, 3.47302508354, 0.833901941776, -9.64541339874, 0.864430308342, -2.61355447769, -2.9698278904, -3.22859716415, -4.97966861725, -6.10615968704],
        "cov": [[4925.04882812, -397.86340332, 651.256347656, 254.653121948, 561.137878418, 344.783447266, 162.846786499, 57.1108055115, 70.855140686, 51.1406097412, 150.279602051, 176.993637085, 199.911575317], [-397.86340332, 680.379638672, -24.2872028351, 10.948225975, 67.8708953857, 21.6089324951, 44.6932449341, 57.326259613, -3.37537717819, -0.421328693628, 49.0126571655, 24.6447963715, 6.27600193024], [651.256347656, -24.2872028351, 988.282043457, 422.074188232, 389.23135376, 249.902297974, 59.0487937927, -75.7598571777, -47.5488090515, -61.003326416, 1.52680838108, 93.3159103394, 98.1008987427], [254.653121948, 10.948225975, 422.074188232, 469.411865234, 325.54977417, 149.04284668, 36.8902359009, 5.76539230347, 39.6394233704, 14.3964233398, 9.43269348145, 73.1760482788, 92.5410842896], [561.137878418, 67.8708953857, 389.23135376, 325.54977417, 482.186645508, 192.552566528, 2.37432146072, 4.96902132034, 26.7886428833, -4.77641010284, 44.5108680725, 85.012008667, 102.346046448], [344.783447266, 21.6089324951, 249.902297974, 149.04284668, 192.552566528, 253.937561035, 145.661895752, 49.821559906, 33.9067420959, 37.618309021, 59.7380104065, 74.1880569458, 54.0167045593], [162.846786499, 44.6932449341, 59.0487937927, 36.8902359009, 2.37432146072, 145.661895752, 263.768005371, 113.012413025, 50.2592964172, 76.2835388184, 65.6220169067, 52.2121353149, 24.3530025482], [57.1108055115, 57.326259613, -75.7598571777, 5.76539230347, 4.96902132034, 49.821559906, 113.012413025, 147.520996094, 74.5342636108, 59.9482727051, 56.621761322, 32.3133049011, 26.7456893921], [70.855140686, -3.37537717819, -47.5488090515, 39.6394233704, 26.7886428833, 33.9067420959, 50.2592964172, 74.5342636108, 121.683662415, 78.2974472046, 31.0144767761, 26.2958850861, 26.3722820282], [51.1406097412, -0.421328693628, -61.003326416, 14.3964233398, -4.77641010284, 37.618309021, 76.2835388184, 59.9482727051, 78.2974472046, 127.292198181, 60.0249481201, 21.2116508484, 14.573302269], [150.279602051, 49.0126571655, 1.52680838108, 9.43269348145, 44.5108680725, 59.7380104065, 65.6220169067, 56.621761322, 31.0144767761, 60.0249481201, 107.175956726, 51.3750305176, 27.1055793762], [176.993637085, 24.6447963715, 93.3159103394, 73.1760482788, 85.012008667, 74.1880569458, 52.2121353149, 32.3133049011, 26.2958850861, 21.2116508484, 51.3750305176, 94.5975799561, 60.3345298767], [199.911575317, 6.27600193024, 98.1008987427, 92.5410842896, 102.346046448, 54.0167045593, 24.3530025482, 26.7456893921, 26.3722820282, 14.573302269, 27.1055793762, 60.3345298767, 97.8168563843]],
