{
"lowlevel": {
    "average_loudness": 0.772158324718,
    "barkbands_crest": {
        "dmean": 2.7413713932,
        "dmean2": 4.37138462067,
        "dvar": 5.83748245239,
        "dvar2": 13.7322874069,
        "max": 25.2434329987,
        "mean": 9.57003116608,
        "median": 8.75956535339,
        "min": 2.16174864769,
        "var": 16.8664302826
    },
    "barkbands_flatness_db": {
        "dmean": 0.0216259025037,
        "dmean2": 0.0331184901297,
        "dvar": 0.000379872129997,
        "dvar2": 0.000827748735901,
        "max": 0.326047092676,
        "mean": 0.153927221894,
        "median": 0.146690681577,
        "min": 0.0516156591475,
        "var": 0.00216433894821
    },
    "barkbands_kurtosis": {
        "dmean": 1.90853142738,
        "dmean2": 3.04423809052,
        "dvar": 8.05286884308,
        "dvar2": 19.1321640015,
        "max": 44.365901947,
        "mean": 2.17429161072,
        "median": 0.660238265991,
        "min": -1.77678930759,
        "var": 20.05900383
    },
    "barkbands_skewness": {
        "dmean": 0.502352595329,
        "dmean2": 0.780674099922,
        "dvar": 0.225869327784,
        "dvar2": 0.540104925632,
        "max": 5.91532087326,
        "mean": 1.03210377693,
        "median": 0.911013662815,
        "min": -2.30438113213,
        "var": 1.02764177322
    },
    "barkbands_spread": {
        "dmean": 6.07680368423,
        "dmean2": 9.09519290924,
        "dvar": 47.3061637878,
        "dvar2": 95.5338745117,
        "max": 92.6265258789,
        "mean": 23.0912017822,
        "median": 21.7150726318,
        "min": 1.1483631134,
        "var": 167.101593018
    },
    "dissonance": {
        "dmean": 0.0210131201893,
        "dmean2": 0.0352741554379,
        "dvar": 0.000461231946247,
        "dvar2": 0.00121223775204,
        "max": 0.499999940395,
        "mean": 0.464949369431,
        "median": 0.47318944335,
        "min": 0.121715441346,
        "var": 0.000954760005698
    },
    "dynamic_complexity": 3.43004393578,
    "erbbands_crest": {
        "dmean": 2.97791934013,
        "dmean2": 4.79965639114,
        "dvar": 7.24547100067,
        "dvar2": 17.507478714,
        "max": 32.2007751465,
        "mean": 9.99265480042,
        "median": 9.00342464447,
        "min": 2.04437828064,
        "var": 22.6664810181
    },
    "erbbands_flatness_db": {
        "dmean": 0.0199515800923,
        "dmean2": 0.0278687011451,
        "dvar": 0.000347388588125,
        "dvar2": 0.000598258513492,
        "max": 0.406124413013,
        "mean": 0.190404683352,
        "median": 0.179217264056,
        "min": 0.057409837842,
        "var": 0.00339079787955
    },
    "erbbands_kurtosis": {
        "dmean": 1.24618029594,
        "dmean2": 1.93121361732,
        "dvar": 4.11721086502,
        "dvar2": 9.34269237518,
        "max": 79.501663208,
        "mean": 1.39125216007,
        "median": 0.434423685074,
        "min": -1.70424687862,
        "var": 11.1560707092
    },
    "erbbands_skewness": {
        "dmean": 0.389553785324,
        "dmean2": 0.602470517159,
        "dvar": 0.127856597304,
        "dvar2": 0.301169842482,
        "max": 6.75783014297,
        "mean": 0.411123752594,
        "median": 0.306802719831,
        "min": -3.20259547234,
        "var": 0.739209592342
    },
    "erbbands_spread": {
        "dmean": 8.13877296448,
        "dmean2": 11.9430084229,
        "dvar": 88.8942947388,
        "dvar2": 179.595230103,
        "max": 130.184875488,
        "mean": 30.8202190399,
        "median": 27.8825645447,
        "min": 1.95613121986,
        "var": 334.039672852
    },
    "hfc": {
        "dmean": 7.72905635834,
        "dmean2": 11.575504303,
        "dvar": 126.668815613,
        "dvar2": 297.265930176,
        "max": 171.139144897,
        "mean": 19.1759815216,
        "median": 11.9198141098,
        "min": 1.20891625961e-16,
        "var": 420.6534729
    },
    "melbands_crest": {
        "dmean": 3.54486322403,
        "dmean2": 5.77988004684,
        "dvar": 9.33885955811,
        "dvar2": 23.4062175751,
        "max": 37.1386795044,
        "mean": 13.4337291718,
        "median": 12.6312026978,
        "min": 1.72213172913,
        "var": 25.4828853607
    },
    "melbands_flatness_db": {
        "dmean": 0.0278338901699,
        "dmean2": 0.0420695841312,
        "dvar": 0.000702061050106,
        "dvar2": 0.00153646292165,
        "max": 0.381205886602,
        "mean": 0.172504708171,
        "median": 0.169440120459,
        "min": 0.0032934800256,
        "var": 0.00284143188037
    },
    "melbands_kurtosis": {
        "dmean": 4.66404628754,
        "dmean2": 7.43922328949,
        "dvar": 58.4316177368,
        "dvar2": 141.612945557,
        "max": 162.966308594,
        "mean": 7.53891277313,
        "median": 3.92802858353,
        "min": -1.74429345131,
        "var": 127.310180664
    },
    "melbands_skewness": {
        "dmean": 0.677467465401,
        "dmean2": 1.03849053383,
        "dvar": 0.49152263999,
        "dvar2": 1.14123213291,
        "max": 12.1599006653,
        "mean": 1.88141393661,
        "median": 1.69552052021,
        "min": -2.07593631744,
        "var": 2.05218076706
    },
    "melbands_spread": {
        "dmean": 8.14309215546,
        "dmean2": 12.8070516586,
        "dvar": 84.1786956787,
        "dvar2": 193.637496948,
        "max": 205.209442139,
        "mean": 27.8151721954,
        "median": 25.7298679352,
        "min": 1.84427964687,
        "var": 268.663482666
    },
    "pitch_salience": {
        "dmean": 0.0790252313018,
        "dmean2": 0.124266110361,
        "dvar": 0.00469239288941,
        "dvar2": 0.0114532373846,
        "max": 0.975260853767,
        "mean": 0.565206408501,
        "median": 0.569379508495,
        "min": 0.113340295851,
        "var": 0.0137357423082
    },
    "silence_rate_20dB": {
        "dmean": 0,
        "dmean2": 0,
        "dvar": 0,
        "dvar2": 0,
        "max": 1,
        "mean": 1,
        "median": 1,
        "min": 1,
        "var": 0
    },
    "silence_rate_30dB": {
        "dmean": 0.00419442402199,
        "dmean2": 0.00838988274336,
        "dvar": 0.00417677639052,
        "dvar2": 0.0110333692282,
        "max": 1,
        "mean": 0.99506598711,
        "median": 1,
        "min": 0,
        "var": 0.00490967137739
    },
    "silence_rate_60dB": {
        "dmean": 0.031581543386,
        "dmean2": 0.0631708800793,
        "dvar": 0.0305811297148,
        "dvar2": 0.0732463076711,
        "max": 1,
        "mean": 0.0620451457798,
        "median": 0,
        "min": 0,
        "var": 0.0581917017698
    },
    "spectral_centroid": {
        "dmean": 240.513031006,
        "dmean2": 375.864593506,
        "dvar": 70126.9609375,
        "dvar2": 154945.796875,
        "max": 11574.8574219,
        "mean": 1401.2512207,
        "median": 1361.78405762,
        "min": 286.350708008,
        "var": 249316.734375
    },
    "spectral_complexity": {
        "dmean": 4.14187002182,
        "dmean2": 6.41011714935,
        "dvar": 19.3451766968,
        "dvar2": 42.3053741455,
        "max": 55,
        "mean": 16.3283576965,
        "median": 15,
        "min": 0,
        "var": 63.7400932312
    },
    "spectral_decrease": {
        "dmean": 1.6982903972e-09,
        "dmean2": 2.65759547702e-09,
        "dvar": 5.75538208144e-18,
        "dvar2": 1.3814710323e-17,
        "max": 7.54590005011e-29,
        "mean": -4.69109817658e-09,
        "median": -3.33651928308e-09,
        "min": -5.13663280799e-08,
        "var": 2.06244714071e-17
    },
    "spectral_energy": {
        "dmean": 0.00699847470969,
        "dmean2": 0.0109275560826,
        "dvar": 9.75582370302e-05,
        "dvar2": 0.000232905687881,
        "max": 0.20861761272,
        "mean": 0.0194446053356,
        "median": 0.0137536590919,
        "min": 1.06804235911e-20,
        "var": 0.000353457260644
    },
    "spectral_energyband_high": {
        "dmean": 0.000425237580203,
        "dmean2": 0.000627934176009,
        "dvar": 6.47051763281e-07,
        "dvar2": 1.58964849106e-06,
        "max": 0.00884795095772,
        "mean": 0.000594999350142,
        "median": 0.000234667109908,
        "min": 7.84662559716e-21,
        "var": 8.03922546311e-07
    },
    "spectral_energyband_low": {
        "dmean": 0.00229236693121,
        "dmean2": 0.00353660411201,
        "dvar": 1.556236748e-05,
        "dvar2": 3.92290967284e-05,
        "max": 0.0766379982233,
        "mean": 0.00406940886751,
        "median": 0.00243944069371,
        "min": 7.87742616002e-23,
        "var": 2.62086523435e-05
    },
    "spectral_energyband_middle_high": {
        "dmean": 0.00266598700546,
        "dmean2": 0.00399249000475,
        "dvar": 1.47378304973e-05,
        "dvar2": 3.18255479215e-05,
        "max": 0.0678581818938,
        "mean": 0.00655156141147,
        "median": 0.00360067212023,
        "min": 1.29295337351e-21,
        "var": 6.37477423879e-05
    },
    "spectral_energyband_middle_low": {
        "dmean": 0.00436735479161,
        "dmean2": 0.00698133604601,
        "dvar": 6.10979623161e-05,
        "dvar2": 0.000146201869939,
        "max": 0.195471972227,
        "mean": 0.00876979995519,
        "median": 0.004229972139,
        "min": 3.6752216732e-22,
        "var": 0.000167632912053
    },
    "spectral_entropy": {
        "dmean": 0.182251259685,
        "dmean2": 0.256496608257,
        "dvar": 0.0341953001916,
        "dvar2": 0.0629383400083,
        "max": 9.807472229,
        "mean": 7.66816282272,
        "median": 7.66692876816,
        "min": 6.08248901367,
        "var": 0.143069952726
    },
    "spectral_flux": {
        "dmean": 0.0235539432615,
        "dmean2": 0.0363244377077,
        "dvar": 0.000688988249749,
        "dvar2": 0.00138911372051,
        "max": 0.308971077204,
        "mean": 0.0777206420898,
        "median": 0.0667094439268,
        "min": 1.03346137204e-10,
        "var": 0.00197402830236
    },
    "spectral_kurtosis": {
        "dmean": 1.62343025208,
        "dmean2": 2.57070374489,
        "dvar": 2.77135634422,
        "dvar2": 7.02824401855,
        "max": 24.4475059509,
        "mean": 3.9752395153,
        "median": 3.55106592178,
        "min": -1.21658360958,
        "var": 7.27504968643
    },
    "spectral_rms": {
        "dmean": 0.000739682058338,
        "dmean2": 0.00112670240924,
        "dvar": 6.70149290727e-07,
        "dvar2": 1.564907393e-06,
        "max": 0.014266371727,
        "mean": 0.00395425083116,
        "median": 0.00366308656521,
        "min": 3.22799100817e-12,
        "var": 3.33420598508e-06
    },
    "spectral_rolloff": {
        "dmean": 528.298950195,
        "dmean2": 870.346130371,
        "dvar": 788802,
        "dvar2": 1756722.125,
        "max": 19143.0175781,
        "mean": 1682.45678711,
        "median": 1507.32421875,
        "min": 43.06640625,
        "var": 1362537.5
    },
    "spectral_skewness": {
        "dmean": 0.23139308393,
        "dmean2": 0.348891556263,
        "dvar": 0.0474431328475,
        "dvar2": 0.101533867419,
        "max": 3.82986140251,
        "mean": 1.57748138905,
        "median": 1.55056631565,
        "min": -0.0773472487926,
        "var": 0.179218709469
    },
    "spectral_spread": {
        "dmean": 647724.1875,
        "dmean2": 860670.4375,
        "dvar": 618978869248,
        "dvar2": 945604526080,
        "max": 40589520,
        "mean": 4520870,
        "median": 4222881.5,
        "min": 1891377,
        "var": 2.24079118336e+12
    },
    "spectral_strongpeak": {
        "dmean": 0.682719230652,
        "dmean2": 1.1072602272,
        "dvar": 1.09572255611,
        "dvar2": 2.56202435493,
        "max": 14.1127243042,
        "mean": 1.35567760468,
        "median": 0.481333434582,
        "min": 0,
        "var": 3.68561315536
    },
    "zerocrossingrate": {
        "dmean": 0.0115279797465,
        "dmean2": 0.0131346751004,
        "dvar": 0.000180515096872,
        "dvar2": 0.000228663091548,
        "max": 0.6591796875,
        "mean": 0.066245675087,
        "median": 0.06103515625,
        "min": 0.0087890625,
        "var": 0.000881057290826
    },
    "barkbands": {
        "dmean": [2.03744875762e-05, 0.00154501816723, 0.000992293935269, 0.000952930888161, 0.00114893261343, 0.00073299423093, 0.000379916979, 0.000717749528121, 0.00187873851974, 0.000629062007647, 0.000481888826471, 0.000406039966037, 0.000712832843419, 0.000588844239246, 0.000610741961282, 0.000306741363602, 0.000205974967685, 0.000130333108245, 0.000101822544821, 6.10060160398e-05, 5.16415493621e-05, 7.03156110831e-05, 0.000115153379738, 0.000143168246723, 4.77202847833e-05, 8.10779710037e-08, 7.83532461135e-10],
        "dmean2": [3.02178959828e-05, 0.00240086042322, 0.00165064481553, 0.00172292254865, 0.00204094103537, 0.00118661788292, 0.000593564414885, 0.00112567434553, 0.00281879701652, 0.000977891962975, 0.000757160887588, 0.000631234550383, 0.00110965711065, 0.000925027183257, 0.000951131340116, 0.000475724693388, 0.000324777094647, 0.000208531389944, 0.000160950832651, 9.6463758382e-05, 8.24998787721e-05, 0.000107381099951, 0.000173269800143, 0.000223432332859, 6.93181573297e-05, 1.36457202871e-07, 1.42885636656e-09],
        "dvar": [8.37228675277e-10, 8.51084132591e-06, 4.2314577513e-06, 6.04347542321e-06, 7.4687545748e-06, 2.56878524851e-06, 1.06092318219e-06, 8.01672467787e-06, 3.45691623806e-05, 2.49478648584e-06, 1.40523400205e-06, 1.32026252686e-06, 2.78363813777e-06, 2.86585259346e-06, 2.3412264909e-06, 4.36750269728e-07, 1.28390482246e-07, 4.94892695713e-08, 3.99141946161e-08, 1.0599517708e-08, 7.3521424504e-09, 1.68590172933e-08, 5.01257950702e-08, 1.11292500549e-07, 7.04287561604e-09, 4.90525453372e-14, 1.53975038815e-18],
        "dvar2": [1.79434989089e-09, 2.04058796953e-05, 1.118752607e-05, 1.70037892531e-05, 2.06641670957e-05, 5.82995107834e-06, 2.49683444054e-06, 1.782725667e-05, 7.31556356186e-05, 5.40910241398e-06, 3.20805929732e-06, 2.76680930256e-06, 5.91750358581e-06, 6.71909447192e-06, 4.91235732625e-06, 8.78891171396e-07, 2.98601918303e-07, 1.12775687455e-07, 8.82369164401e-08, 2.42418796148e-08, 1.82196409071e-08, 4.20580299476e-08, 1.2155726381e-07, 2.89349657123e-07, 1.5289273847e-08, 1.21895915128e-13, 4.72760313931e-18],
        "max": [0.00032597524114, 0.0294787772, 0.0541382431984, 0.031368046999, 0.0449230819941, 0.0566818937659, 0.0357695296407, 0.069690734148, 0.193012520671, 0.0463318489492, 0.0359956733882, 0.0352003313601, 0.0475043021142, 0.041902448982, 0.0344332195818, 0.0287068411708, 0.00942352693528, 0.00427960371599, 0.00666152965277, 0.00299564260058, 0.00130324449856, 0.00184296839871, 0.00219757528976, 0.00390819041058, 0.00188792683184, 6.27191229796e-06, 1.92930365017e-08],
        "mean": [2.79650412267e-05, 0.00220810738392, 0.00143683177885, 0.000860534841195, 0.00127807480749, 0.00118621974252, 0.000649047258776, 0.00101728481241, 0.00349317654036, 0.000974815629888, 0.000783804105595, 0.000581657630391, 0.00107795826625, 0.000831717217807, 0.00109884154517, 0.000576618767809, 0.000341817270964, 0.000205390068004, 0.000169378894498, 0.000100491226476, 7.57648813305e-05, 0.000102099926153, 0.000143374505569, 0.00015806821466, 6.54780233162e-05, 7.88670817542e-08, 9.42804723181e-10],
        "median": [1.3857362319e-05, 0.000892447540537, 0.000688675732818, 0.000219987094169, 0.000491213286296, 0.000419131334638, 0.000163179647643, 0.000151246567839, 0.000602242129389, 0.000248827069299, 0.000259567372268, 0.000153588945977, 0.000269718992058, 0.000186836841749, 0.000228599528782, 0.00018475894467, 0.000159790113685, 9.4347538834e-05, 6.98712101439e-05, 4.96016946272e-05, 3.45213447872e-05, 4.03583944717e-05, 4.43905228167e-05, 3.95572533307e-05, 2.14898464037e-05, 1.85054069846e-08, 5.42458467034e-10],
        "min": [5.85024453794e-24, 5.12739393554e-23, 1.839077897e-23, 1.90221406401e-23, 6.3982242414e-23, 5.02418000579e-23, 2.79072072333e-23, 7.95233386722e-23, 9.67980482776e-23, 4.32216732198e-23, 7.39675869543e-23, 6.15096683471e-23, 9.381966922e-23, 8.22198608838e-23, 1.8371933083e-22, 7.22505964842e-23, 1.46346168232e-22, 1.73853874214e-22, 2.6360783006e-22, 2.52273829983e-22, 4.69959555017e-22, 5.95782187824e-22, 7.1894970415e-22, 8.44202034699e-22, 9.43151798914e-22, 1.9986163881e-21, 2.31756842735e-21],
        "var": [1.41845957202e-09, 1.23761728901e-05, 4.82231098431e-06, 4.58092972622e-06, 6.17727118879e-06, 5.20533058079e-06, 2.17997990148e-06, 1.35645832415e-05, 0.00011803048983, 5.90329545958e-06, 3.3857870676e-06, 2.76563309853e-06, 6.85288114255e-06, 5.79349443797e-06, 8.245439858e-06, 1.84801160685e-06, 2.59182399986e-07, 9.68621662878e-08, 9.86555974691e-08, 2.13072155475e-08, 1.06256452526e-08, 2.18626610149e-08, 5.96075793169e-08, 1.05621673185e-07, 1.16785763282e-08, 4.93056387819e-14, 1.28217751234e-18]
    },
    "erbbands": {
        "dmean": [0.0336891077459, 0.401553183794, 1.1579720974, 1.92987632751, 4.13107633591, 3.54973053932, 4.53904867172, 6.60788726807, 4.08860015869, 10.2829055786, 17.1612529755, 42.3084869385, 26.8097839355, 18.8360271454, 19.5851039886, 14.2197532654, 29.9425868988, 27.0128364563, 34.9193572998, 19.716085434, 14.9977388382, 10.5272159576, 7.72038459778, 5.99534225464, 3.89870929718, 2.91441750526, 2.18814468384, 2.13905930519, 2.55269956589, 2.55980324745, 3.71605658531, 3.57673120499, 1.91993534565, 0.73393446207, 0.251325637102, 0.0142348399386, 0.000404754217016, 3.34406540787e-05, 8.5622396e-06, 9.40358768275e-06],
        "dmean2": [0.0458096042275, 0.634558796883, 1.91521453857, 3.34031200409, 7.60554933548, 6.18721628189, 7.44192218781, 10.6912536621, 6.43421602249, 15.9013147354, 25.9311103821, 64.1772766113, 40.0259513855, 28.9616127014, 30.416841507, 22.312002182, 46.4199142456, 42.0322113037, 52.3258972168, 30.590959549, 23.4228076935, 16.4245643616, 12.3501148224, 9.20104503632, 6.36234378815, 4.59710168839, 3.48505830765, 3.40731596947, 3.95089507103, 3.77453684807, 5.68468475342, 5.67046642303, 2.95587110519, 1.08199095726, 0.367871254683, 0.0213148016483, 0.000594458775595, 4.83021394757e-05, 1.25636843222e-05, 1.4648619981e-05],
        "dvar": [0.00315682287328, 0.623105585575, 5.54171705246, 20.9465713501, 127.596946716, 64.1282272339, 114.946815491, 239.616744995, 101.472465515, 1025.43530273, 3867.44946289, 17706.4980469, 6742.34716797, 2622.93041992, 1977.09875488, 1078.20263672, 4665.37695312, 5565.23144531, 8344.41699219, 1527.27038574, 1065.81420898, 345.037872314, 161.998672485, 166.647903442, 48.9345054626, 28.076965332, 12.9290866852, 12.9954566956, 23.4618167877, 19.5269184113, 57.083190918, 69.9875564575, 20.1018257141, 1.67268037796, 0.257194727659, 0.000912578427233, 6.4237474362e-07, 3.80393272437e-09, 1.88376855781e-10, 1.82515724756e-10],
        "dvar2": [0.00595330260694, 1.53468132019, 14.4169836044, 57.5276298523, 363.031585693, 173.500762939, 292.50189209, 547.990539551, 234.987701416, 2490.82714844, 8474.20410156, 38740.2890625, 13731.5019531, 5739.35400391, 4390.26757812, 2402.90991211, 10405.0449219, 13216.3837891, 17096.8515625, 3537.90307617, 2211.87695312, 792.961181641, 379.573791504, 342.767333984, 122.918548584, 61.0377807617, 31.7759990692, 32.7674865723, 59.5483169556, 42.8892860413, 142.326919556, 182.669509888, 52.4476661682, 3.6765165329, 0.599451303482, 0.00207584514283, 1.43824706811e-06, 8.50150616571e-09, 4.50829318321e-10, 4.38782316037e-10],
        "max": [0.629331767559, 8.02398395538, 47.63073349, 75.7998580933, 115.796302795, 204.776428223, 322.106140137, 698.119262695, 503.942657471, 759.79309082, 1568.30969238, 4859.04248047, 2410.56933594, 1328.35998535, 1413.45812988, 690.048156738, 1522.23974609, 1933.71606445, 2483.58374023, 1277.39123535, 1386.05932617, 661.429382324, 257.554779053, 501.250152588, 168.759246826, 193.307723999, 69.423210144, 41.1734962463, 66.8046417236, 51.3337287903, 78.3708343506, 93.2675476074, 67.733581543, 16.7159805298, 19.3259506226, 1.11683797836, 0.0278024934232, 0.00170526618604, 0.000206840180908, 0.000245801609708],
        "mean": [0.0502059198916, 0.550054132938, 1.68418550491, 2.21898555756, 3.59024500847, 4.28496599197, 6.63093805313, 10.9396743774, 7.85557031631, 16.5847187042, 26.3832530975, 79.5923538208, 49.2135772705, 30.3209056854, 36.0604667664, 22.8260173798, 46.4215431213, 42.7811737061, 65.8158340454, 38.4653244019, 28.6031627655, 18.6370849609, 12.9975795746, 10.4266386032, 6.47849988937, 4.92309713364, 3.3773920536, 3.10500597954, 3.61463618279, 3.58739948273, 4.45096635818, 3.83040046692, 2.20067167282, 0.976554572582, 0.348067134619, 0.0194937046617, 0.000573358905967, 4.91641258122e-05, 1.84228574653e-05, 2.54513415712e-05],
        "median": [0.0191439390182, 0.230895712972, 0.828965485096, 0.969046652317, 1.03770649433, 1.73490202427, 2.49983787537, 3.5811419487, 2.48072957993, 3.57295441628, 5.84000396729, 15.3607826233, 11.3640842438, 10.476934433, 12.2205181122, 7.62947463989, 12.9257717133, 12.1509380341, 13.2985572815, 12.0914716721, 9.86781787872, 8.9901304245, 6.6165060997, 4.21741199493, 3.06981253624, 2.42670249939, 1.65464389324, 1.36579060555, 1.39099395275, 1.29584336281, 1.30955564976, 0.969786643982, 0.548454463482, 0.304977834225, 0.117620453238, 0.00649453466758, 0.000200544178369, 1.88871435967e-05, 1.19031992654e-05, 1.79287617357e-05],
        "min": [1.6745814088e-21, 1.03860741167e-20, 2.30828336536e-20, 3.74241873837e-20, 1.85060594803e-19, 1.82803567878e-19, 3.21542681687e-19, 4.40015831715e-19, 3.87978209572e-19, 1.18770666215e-18, 1.16762509502e-18, 2.58888506575e-18, 2.10355173059e-18, 1.71594885422e-18, 2.22872855909e-18, 3.30119159112e-18, 4.73352699326e-18, 4.53465623039e-18, 9.73607545561e-18, 4.72337417843e-18, 5.20770414351e-18, 8.75582010762e-18, 9.66475594319e-18, 9.59194419695e-18, 1.45835201085e-17, 1.15762280637e-17, 1.947350087e-17, 1.78688747064e-17, 1.96511478327e-17, 2.4281857103e-17, 2.00078363846e-17, 1.82868623048e-17, 1.25071801385e-17, 9.22847607271e-18, 7.14499339815e-18, 6.63929570349e-18, 3.87273182857e-18, 1.57032060545e-18, 2.92114490625e-19, 3.31983284293e-20],
        "var": [0.00643601361662, 0.806830883026, 6.46255254745, 18.0765323639, 80.1360778809, 63.5000457764, 180.64831543, 475.001434326, 274.478668213, 1944.1661377, 6893.05810547, 61130.3632812, 20346.8691406, 5097.02880859, 6608.70019531, 2226.28442383, 10808.4355469, 10484.484375, 30032.8613281, 5572.40771484, 4354.74072266, 769.343811035, 320.67855835, 443.482635498, 93.365814209, 59.4049339294, 20.1203670502, 17.9026260376, 29.1004142761, 28.9436683655, 63.5257301331, 64.0703125, 19.6849651337, 2.60325336456, 0.378513395786, 0.00136689702049, 1.00932845726e-06, 6.05927574782e-09, 3.73732184089e-10, 5.8485138954e-10]
    },
    "gfcc": {
        "mean": [-27.9435920715, 98.1126785278, -152.981079102, 35.4642295837, -72.8862762451, 33.9652404785, -45.3809814453, 11.1388959885, -13.8681259155, -10.2409420013, -7.16364908218, -14.8583955765, 2.4764046669],
        "cov": [[4621.64501953, -6.78907966614, 753.551940918, 695.551147461, 149.090499878, 500.574920654, -361.529266357, 37.1829376221, -87.7064743042, 151.174102783, 64.5156784058, 22.7578010559, -92.6581878662], [-6.78907966614, 918.370300293, 427.511474609, 198.615325928, 276.164001465, -43.7583122253, 42.6055221558, -15.2000169754, 104.634727478, 15.0948009491, 117.549942017, 16.511220932, 28.1701755524], [753.551940918, 427.511474609, 1229.44311523, 699.796813965, 223.965637207, 274.49319458, -165.123138428, 40.2811965942, -23.8344898224, 121.975196838, 84.5668563843, 120.027816772, -56.325504303], [695.551147461, 198.615325928, 699.796813965, 720.262084961, 249.598800659, 197.517807007, -106.144432068, 12.8873100281, -1.67022299767, 84.2119293213, 70.4696960449, 89.6675567627, -28.9743480682], [149.090499878, 276.164001465, 223.965637207, 249.598800659, 326.478668213, 124.790519714, 20.3811798096, 37.9934806824, 41.1698608398, 43.6756210327, 40.6227684021, 15.1119527817, 13.8564796448], [500.574920654, -43.7583122253, 274.49319458, 197.517807007, 124.790519714, 309.124664307, 63.1030960083, 54.3077316284, -30.7680950165, 34.4392547607, 15.2962379456, 28.9031658173, -25.7656936646], [-361.529266357, 42.6055221558, -165.123138428, -106.144432068, 20.3811798096, 63.1030960083, 284.578277588, 85.553062439, 24.0229358673, -27.541519165, 12.778837204, -11.2544546127, 13.9810771942], [37.1829376221, -15.2000169754, 40.2811965942, 12.8873100281, 37.9934806824, 54.3077316284, 85.553062439, 133.956436157, 43.5469436646, 26.8623199463, 1.08447730541, 7.26638317108, 2.0368578434], [-87.7064743042, 104.634727478, -23.8344898224, -1.67022299767, 41.1698608398, -30.7680950165, 24.0229358673, 43.5469436646, 141.478713989, 46.0137214661, 11.6672363281, -13.7117528915, 17.6816082001], [151.174102783, 15.0948009491, 121.975196838, 84.2119293213, 43.6756210327, 34.4392547607, -27.541519165, 26.8623199463, 46.0137214661, 126.633079529, 41.8474311829, 19.8373775482, 2.96800994873], [64.5156784058, 117.549942017, 84.5668563843, 70.4696960449, 40.6227684021, 15.2962379456, 12.778837204, 1.08447730541, 11.6672363281, 41.8474311829, 110.86530304, 50.8908691406, 6.91271686554], [22.7578010559, 16.511220932, 120.027816772, 89.6675567627, 15.1119527817, 28.9031658173, -11.2544546127, 7.26638317108, -13.7117528915, 19.8373775482, 50.8908691406, 91.3413085938, 20.3418159485], [-92.6581878662, 28.1701755524, -56.325504303, -28.9743480682, 13.8564796448, -25.7656936646, 13.9810771942, 2.0368578434, 17.6816082001, 2.96800994873, 6.91271686554, 20.3418159485, 70.7283477783]],
        "icov": [[0.000466627592687, -0.000654763483908, 0.000687391671818, -0.000657669908833, 0.000942828541156, -0.00147414766252, 0.00136568839662, -0.0010310721118, 0.000567062350456, -0.000354335235897, -0.000157172020408, 0.000574617821258, -8.87022542884e-05], [-0.000654763483908, 0.00557707855478, -0.00447391346097, 0.00276234443299, -0.00540837971494, 0.00561427604407, -0.00455823400989, 0.0045263376087, -0.00356538454071, 0.00327396695502, -0.00369822513312, 0.00154783611652, -0.000964604550973], [0.000687391671818, -0.00447391346097, 0.00589851848781, -0.00396363949403, 0.00457526976243, -0.0056903809309, 0.0050029377453, -0.00462568970397, 0.00308284955099, -0.00298598501831, 0.00247798487544, -0.0018122518668, 0.0015646595275], [-0.000657669908833, 0.00276234443299, -0.00396363949403, 0.00566112343222, -0.00479351123795, 0.00309742381796, -0.00250584306195, 0.00335918343626, -0.00223181094043, 0.00149583327584, -0.001167509472, -0.00162226962857, 0.000742739241105], [0.000942828541156, -0.00540837971494, 0.00457526976243, -0.00479351123795, 0.0108058713377, -0.00756140984595, 0.00497804488987, -0.00528343720362, 0.00243683462031, -0.00274441973306, 0.00145100033842, 0.00161446281709, -0.00173445243854], [-0.00147414766252, 0.00561427604407, -0.0056903809309, 0.00309742381796, -0.00756140984595, 0.0132983187214, -0.0084827048704, 0.00487459124997, -0.0016480962513, 0.00165717711207, -0.000953439099248, -0.00092962034978, 0.00113521935418], [0.00136568839662, -0.00455823400989, 0.0050029377453, -0.00250584306195, 0.00497804488987, -0.0084827048704, 0.0119408844039, -0.00869646016508, 0.0027292096056, -7.70140686654e-05, -0.00106104696169, 0.00155213917606, -0.000634886731859], [-0.0010310721118, 0.0045263376087, -0.00462568970397, 0.00335918343626, -0.00528343720362, 0.00487459124997, -0.00869646016508, 0.0164933111519, -0.00627288082615, 0.000368971872376, 0.000943114922848, -0.00255546742119, 0.000789246987551], [0.000567062350456, -0.00356538454071, 0.00308284955099, -0.00223181094043, 0.00243683462031, -0.0016480962513, 0.0027292096056, -0.00627288082615, 0.0131497513503, -0.00578315276653, 0.00139223120641, 0.00240874732845, -0.00160641421098], [-0.000354335235897, 0.00327396695502, -0.00298598501831, 0.00149583327584, -0.00274441973306, 0.00165717711207, -7.70140686654e-05, 0.000368971872376, -0.00578315276653, 0.0142683209851, -0.00673919497058, 0.00195183511823, -0.00144306919537], [-0.000157172020408, -0.00369822513312, 0.00247798487544, -0.001167509472, 0.00145100033842, -0.000953439099248, -0.00106104696169, 0.000943114922848, 0.00139223120641, -0.00673919497058, 0.01892044954, -0.0112231224775, 0.00362649792805], [0.000574617821258, 0.00154783611652, -0.0018122518668, -0.00162226962857, 0.00161446281709, -0.00092962034978, 0.00155213917606, -0.00255546742119, 0.00240874732845, 0.00195183511823, -0.0112231224775, 0.0231380965561, -0.00910145323724], [-8.87022542884e-05, -0.000964604550973, 0.0015646595275, 0.000742739241105, -0.00173445243854, 0.00113521935418, -0.000634886731859, 0.000789246987551, -0.00160641421098, -0.00144306919537, 0.00362649792805, -0.00910145323724, 0.0195383448154]]
    },
    "melbands": {
        "dmean": [0.0003614758607, 0.000568532792386, 0.000402521283831, 0.000279029161902, 0.000153991219122, 0.000140991483931, 6.68966531521e-05, 0.000125808714074, 0.000158082359121, 0.000283011002466, 0.000135389680509, 7.94191873865e-05, 6.56255942886e-05, 4.95747117384e-05, 4.72413266834e-05, 7.59627582738e-05, 5.06991964357e-05, 6.0527210735e-05, 3.88824846596e-05, 2.36821160797e-05, 1.6908701582e-05, 1.19040851132e-05, 9.46404361457e-06, 6.33004674455e-06, 5.12187261847e-06, 3.35144909513e-06, 2.29943657359e-06, 1.98594761969e-06, 1.52551740484e-06, 1.35647019306e-06, 1.22427491078e-06, 1.62890819411e-06, 1.33000071401e-06, 1.46705599491e-06, 2.31978469856e-06, 2.01759962692e-06, 2.27161604016e-06, 1.54743315761e-06, 8.09871153251e-07, 5.73764054934e-07],
        "dmean2": [0.000528055825271, 0.000926961365622, 0.000705416838173, 0.000502318784129, 0.000253381411312, 0.000228235541726, 0.000105256600364, 0.000195559943677, 0.000235462503042, 0.000426630256698, 0.00020208733622, 0.000122393888887, 0.000102709447674, 7.6601296314e-05, 7.45270226616e-05, 0.000117724346637, 7.98339315224e-05, 9.05973793124e-05, 6.05545865255e-05, 3.62968930858e-05, 2.69356678473e-05, 1.87905479834e-05, 1.51621406985e-05, 1.00199695225e-05, 7.91272213974e-06, 5.50496724827e-06, 3.72248837266e-06, 3.14967905979e-06, 2.44933630711e-06, 2.23109259423e-06, 1.95035477191e-06, 2.59434727923e-06, 2.04262482839e-06, 2.19352818931e-06, 3.57632302439e-06, 3.21509901369e-06, 3.58460260941e-06, 2.43789168053e-06, 1.19970684409e-06, 8.60742147779e-07],
        "dvar": [4.09169331306e-07, 1.26324232497e-06, 9.70937207967e-07, 4.72472265756e-07, 1.17589799231e-07, 1.03331998957e-07, 2.87117014608e-08, 1.8195190421e-07, 3.08465956778e-07, 8.26608129501e-07, 1.74728455704e-07, 4.58835955897e-08, 2.22177956033e-08, 2.01071479466e-08, 1.28194024285e-08, 3.31637259876e-08, 2.04311891849e-08, 2.85156591673e-08, 8.30862934009e-09, 2.58971355471e-09, 1.28026200752e-09, 4.98077412647e-10, 2.49956610965e-10, 1.32887770232e-10, 1.4295395423e-10, 4.09253776701e-11, 1.63549538496e-11, 1.2598869864e-11, 6.3958920625e-12, 5.87606395833e-12, 4.14321441738e-12, 1.06600292829e-11, 5.91213189516e-12, 6.42180839755e-12, 2.25853814817e-11, 1.90919051402e-11, 2.93805153817e-11, 1.48255921428e-11, 2.36553181557e-12, 9.85911547714e-13],
        "dvar2": [8.77923525877e-07, 3.26551980834e-06, 2.68322241936e-06, 1.3307254676e-06, 2.98408849631e-07, 2.34469695215e-07, 6.62853594235e-08, 4.26435576628e-07, 6.56817576328e-07, 1.78109814897e-06, 3.52402452108e-07, 9.92828503854e-08, 5.02276229497e-08, 4.17591898838e-08, 2.78572755974e-08, 6.80304950151e-08, 4.88228550921e-08, 5.89687303432e-08, 1.78202768097e-08, 5.31793231673e-09, 2.84898704628e-09, 1.16690312968e-09, 5.65757996007e-10, 2.87610518734e-10, 2.96821067725e-10, 1.04457033301e-10, 4.04440057833e-11, 2.7802572744e-11, 1.57059920625e-11, 1.53155786664e-11, 1.03547673908e-11, 2.77226748502e-11, 1.44439460392e-11, 1.39502610852e-11, 5.59641985531e-11, 4.99669680631e-11, 7.61685090001e-11, 3.94493535061e-11, 5.40938821514e-12, 2.20939672807e-12],
        "max": [0.00633883988485, 0.0184394549578, 0.0123578617349, 0.00806549657136, 0.0110809421167, 0.0137886730954, 0.00796326529235, 0.0093793310225, 0.0152707621455, 0.0349307917058, 0.0122512113303, 0.0058999103494, 0.00476778531447, 0.00440875673667, 0.00259770965204, 0.00524138938636, 0.00341241294518, 0.00466374121606, 0.00339527358301, 0.00196981290355, 0.00124615803361, 0.000742655014619, 0.000403910613386, 0.000277882238152, 0.000476404879009, 0.000156125650392, 8.01704227342e-05, 0.000120394724945, 4.1272440285e-05, 4.01565412176e-05, 2.97251281154e-05, 3.96342220483e-05, 3.64953593817e-05, 3.00891897496e-05, 5.28986565769e-05, 4.36362679466e-05, 6.61852391204e-05, 6.2246559537e-05, 1.94669664779e-05, 1.53533856064e-05],
        "mean": [0.000539039901923, 0.000842263572849, 0.000442083168309, 0.000284414796624, 0.000230165271205, 0.000233868006035, 0.000123615449411, 0.000196167369722, 0.000237189800828, 0.000534292135853, 0.0002393622417, 0.000120166856505, 0.000116395494842, 7.61863484513e-05, 6.62433158141e-05, 0.000115370712592, 7.17822549632e-05, 0.000106274848804, 7.06224673195e-05, 4.45271616627e-05, 2.92842341878e-05, 1.95499378606e-05, 1.49382749441e-05, 9.90399803413e-06, 8.45346039569e-06, 5.28565169589e-06, 3.58248712473e-06, 3.18377760777e-06, 2.2504775643e-06, 1.79668347755e-06, 1.74844080902e-06, 2.16695002564e-06, 1.84996986263e-06, 1.98632346837e-06, 2.7497424071e-06, 2.2002195692e-06, 2.41338398155e-06, 1.70846260517e-06, 1.03270315321e-06, 7.45119109524e-07],
        "median": [0.000207233853871, 0.000457044108771, 0.000181146257091, 0.000106288396637, 9.56288422458e-05, 8.00567868282e-05, 3.6294284655e-05, 3.6126402847e-05, 4.84012416564e-05, 9.26717984839e-05, 4.85040618514e-05, 3.47205277649e-05, 3.90591412724e-05, 2.15664822463e-05, 1.88853191503e-05, 2.76951705018e-05, 1.84246418939e-05, 1.97187473532e-05, 1.58225630003e-05, 1.42093576869e-05, 9.81639277597e-06, 8.72649525263e-06, 7.34736795494e-06, 4.17031560573e-06, 3.08437074636e-06, 2.3340419375e-06, 1.63323750257e-06, 1.44212424402e-06, 1.03529055195e-06, 7.60048806114e-07, 7.36879769647e-07, 7.73921101427e-07, 7.01727287833e-07, 6.84410110807e-07, 7.71636337049e-07, 5.94184200509e-07, 5.65139600894e-07, 4.02564296564e-07, 2.84797067707e-07, 2.36956907429e-07],
        "min": [1.44865533111e-23, 1.31470067517e-23, 1.1516910888e-23, 1.37108979374e-23, 1.08259073893e-23, 1.01203470402e-23, 5.03650019875e-24, 1.53148272848e-23, 8.2749505251e-24, 1.74084893708e-23, 9.84051283355e-24, 6.20922042603e-24, 8.71421746498e-24, 6.57830241117e-24, 9.54926144304e-24, 9.05755103018e-24, 7.64143920908e-24, 1.47826049202e-23, 1.15060040972e-23, 4.16036603387e-24, 6.42031329337e-24, 9.36968435771e-24, 9.10773047236e-24, 7.36912679118e-24, 7.52652347444e-24, 1.05730616919e-23, 9.53802964147e-24, 7.01339233256e-24, 1.13925564327e-23, 1.33301494883e-23, 8.9509191239e-24, 1.17789815248e-23, 1.03532408675e-23, 1.50791692889e-23, 1.30887288635e-23, 8.90307470999e-24, 1.18900555068e-23, 9.01568065991e-24, 8.18022095216e-24, 7.58495755713e-24],
        "var": [7.28325744603e-07, 1.50924063291e-06, 7.71952159084e-07, 3.33407001563e-07, 1.87049636224e-07, 2.09079203728e-07, 7.24703212995e-08, 3.42392610264e-07, 5.94251673647e-07, 2.96281677947e-06, 5.25625068803e-07, 9.27646794935e-08, 6.84435406129e-08, 4.63885179158e-08, 2.36019133126e-08, 8.51604795571e-08, 3.60995144888e-08, 9.06857522409e-08, 3.49007187594e-08, 1.01292316756e-08, 4.24137613919e-09, 1.00884045562e-09, 4.94051022315e-10, 2.84540030426e-10, 3.679208882e-10, 7.49326156679e-11, 2.93076257707e-11, 2.55446965663e-11, 9.94511677871e-12, 7.07458700996e-12, 6.09526144835e-12, 1.2076553299e-11, 7.71939890482e-12, 9.49946284828e-12, 2.54634993646e-11, 1.80893112989e-11, 2.71277635772e-11, 1.34161744214e-11, 3.30461634619e-12, 1.51217059707e-12]
    },
    "mfcc": {
        "mean": [-649.753601074, 108.396385193, -11.9047250748, -1.08807623386, 5.96379327774, 5.118019104, -4.67973232269, 7.91844129562, 1.06242501736, 5.36936330795, -2.10159850121, -2.35977530479, -5.27846670151],
        "cov": [[3955.49047852, -390.043884277, 572.38269043, 193.319122314, 511.86505127, 281.112670898, 88.8009567261, -50.146648407, -113.242660522, 48.5916481018, 28.5573768616, 37.5745849609, 39.4412231445], [-390.043884277, 832.634216309, 76.2331161499, 156.064346313, 116.690422058, 2.66997694969, 6.65423965454, 15.779135704, 12.0646476746, 12.2859163284, 38.3503608704, 39.9793281555, 77.4715576172], [572.38269043, 76.2331161499, 1055.90942383, 415.052459717, 433.955078125, 240.093002319, 82.4229507446, 29.4265556335, -59.9108009338, -44.9598312378, 38.1457099915, 108.930435181, 106.463478088], [193.319122314, 156.064346313, 415.052459717, 474.72479248, 322.301757812, 138.79989624, 30.4897823334, 13.3825426102, -13.2437877655, -2.67519140244, 28.6513252258, 55.9342346191, 85.0933456421], [511.86505127, 116.690422058, 433.955078125, 322.301757812, 490.918457031, 198.297790527, 38.959564209, -0.14305755496, -13.9540681839, 14.3522844315, 25.3953437805, 45.6780204773, 71.397315979], [281.112670898, 2.66997694969, 240.093002319, 138.79989624, 198.297790527, 229.425842285, 111.230308533, 47.7507171631, 8.60370540619, 12.7759943008, 28.0784244537, 38.8535461426, 23.5542106628], [88.8009567261, 6.65423965454, 82.4229507446, 30.4897823334, 38.959564209, 111.230308533, 220.281738281, 107.056289673, 21.4873504639, 14.5443220139, 20.5180606842, 26.5392990112, 16.7112751007], [-50.146648407, 15.779135704, 29.4265556335, 13.3825426102, -0.14305755496, 47.7507171631, 107.056289673, 159.197128296, 49.9429130554, 10.9708776474, 20.0204620361, 18.8396339417, 4.05184841156], [-113.242660522, 12.0646476746, -59.9108009338, -13.2437877655, -13.9540681839, 8.60370540619, 21.4873504639, 49.9429130554, 127.201049805, 59.1814079285, 22.9518814087, -0.850579619408, -7.00689601898], [48.5916481018, 12.2859163284, -44.9598312378, -2.67519140244, 14.3522844315, 12.7759943008, 14.5443220139, 10.9708776474, 59.1814079285, 110.197479248, 46.1474952698, 1.09644019604, -1.79374623299], [28.5573768616, 38.3503608704, 38.1457099915, 28.6513252258, 25.3953437805, 28.0784244537, 20.5180606842, 20.0204620361, 22.9518814087, 46.1474952698, 91.8532714844, 39.6708717346, 12.9501285553], [37.5745849609, 39.9793281555, 108.930435181, 55.9342346191, 45.6780204773, 38.8535461426, 26.5392990112, 18.8396339417, -0.850579619408, 1.09644019604, 39.6708717346, 90.7295150757, 47.3508605957], [39.4412231445, 77.4715576172, 106.463478088, 85.0933456421, 71.397315979, 23.5542106628, 16.7112751007, 4.05184841156, -7.00689601898, -1.79374623299, 12.9501285553, 47.3508605957, 94.4462203979]],
