{
"lowlevel": {
    "average_loudness": 0.882447838783,
    "barkbands_crest": {
        "dmean": 2.22516298294,
        "dmean2": 3.6517765522,
        "dvar": 4.53602838516,
        "dvar2": 11.6948165894,
        "max": 26.5087985992,
        "mean": 9.85778141022,
        "median": 8.95708274841,
        "min": 2.3204331398,
        "var": 18.2499465942
    },
    "barkbands_flatness_db": {
        "dmean": 0.0187263246626,
        "dmean2": 0.028851525858,
        "dvar": 0.00035732233664,
        "dvar2": 0.000779143127147,
        "max": 0.38068562746,
        "mean": 0.1603487432,
        "median": 0.15020519495,
        "min": 0.0335322953761,
        "var": 0.0030487626791
    },
    "barkbands_kurtosis": {
        "dmean": 2.94896364212,
        "dmean2": 4.63775014877,
        "dvar": 43.0410041809,
        "dvar2": 98.2636871338,
        "max": 246.802886963,
        "mean": 6.06307554245,
        "median": 1.31213498116,
        "min": -1.95964694023,
        "var": 191.78918457
    },
    "barkbands_skewness": {
        "dmean": 0.47589251399,
        "dmean2": 0.734672486782,
        "dvar": 0.331370234489,
        "dvar2": 0.713151156902,
        "max": 14.8193912506,
        "mean": 1.53017532825,
        "median": 1.21743369102,
        "min": -4.4734249115,
        "var": 2.48995518684
    },
    "barkbands_spread": {
        "dmean": 4.66054010391,
        "dmean2": 7.25624704361,
        "dvar": 69.5244598389,
        "dvar2": 145.983840942,
        "max": 127.980354309,
        "mean": 19.3583927155,
        "median": 16.9385108948,
        "min": 0.793475568295,
        "var": 225.361862183
    },
    "dissonance": {
        "dmean": 0.0189306158572,
        "dmean2": 0.0318150706589,
        "dvar": 0.000318570644595,
        "dvar2": 0.000841585861053,
        "max": 0.500000059605,
        "mean": 0.460702687502,
        "median": 0.467851281166,
        "min": 0.274919450283,
        "var": 0.000919758400414
    },
    "dynamic_complexity": 3.72415423393,
    "erbbands_crest": {
        "dmean": 2.53427195549,
        "dmean2": 4.10483217239,
        "dvar": 5.54706430435,
        "dvar2": 13.6128530502,
        "max": 31.6484394073,
        "mean": 9.60305309296,
        "median": 8.49317169189,
        "min": 2.50160622597,
        "var": 20.2119827271
    },
    "erbbands_flatness_db": {
        "dmean": 0.0172412768006,
        "dmean2": 0.0246957596391,
        "dvar": 0.000281627173536,
        "dvar2": 0.000528345874045,
        "max": 0.343334764242,
        "mean": 0.176618009806,
        "median": 0.175672933459,
        "min": 0.0526396743953,
        "var": 0.00257664406672
    },
    "erbbands_kurtosis": {
        "dmean": 0.993843317032,
        "dmean2": 1.57325327396,
        "dvar": 2.63479495049,
        "dvar2": 5.86842632294,
        "max": 37.7666435242,
        "mean": 0.900929450989,
        "median": 0.0898703336716,
        "min": -1.75250923634,
        "var": 7.97920465469
    },
    "erbbands_skewness": {
        "dmean": 0.340376198292,
        "dmean2": 0.525221467018,
        "dvar": 0.120700851083,
        "dvar2": 0.249934136868,
        "max": 5.81234884262,
        "mean": 0.417482793331,
        "median": 0.338541507721,
        "min": -5.80332374573,
        "var": 0.843148708344
    },
    "erbbands_spread": {
        "dmean": 6.45552206039,
        "dmean2": 9.82897663116,
        "dvar": 80.7866973877,
        "dvar2": 166.611282349,
        "max": 152.391738892,
        "mean": 31.2513370514,
        "median": 28.1097202301,
        "min": 3.90815639496,
        "var": 317.161193848
    },
    "hfc": {
        "dmean": 5.83964633942,
        "dmean2": 8.57798480988,
        "dvar": 192.050933838,
        "dvar2": 403.061706543,
        "max": 509.621307373,
        "mean": 19.7135562897,
        "median": 11.0021371841,
        "min": 1.21522678742e-16,
        "var": 680.511962891
    },
    "melbands_crest": {
        "dmean": 2.95947623253,
        "dmean2": 4.81255197525,
        "dvar": 9.23048210144,
        "dvar2": 22.8711624146,
        "max": 36.9112701416,
        "mean": 13.6794719696,
        "median": 12.5501766205,
        "min": 1.45901155472,
        "var": 34.7794342041
    },
    "melbands_flatness_db": {
        "dmean": 0.0204145330936,
        "dmean2": 0.0313464328647,
        "dvar": 0.000519265013281,
        "dvar2": 0.00110132736154,
        "max": 0.502978384495,
        "mean": 0.216984853148,
        "median": 0.202257499099,
        "min": 0.00222634151578,
        "var": 0.00493905227631
    },
    "melbands_kurtosis": {
        "dmean": 5.7442946434,
        "dmean2": 9.13070297241,
        "dvar": 160.870147705,
        "dvar2": 391.77331543,
        "max": 386.599060059,
        "mean": 12.6336212158,
        "median": 5.24041891098,
        "min": -1.97287321091,
        "var": 522.374267578
    },
    "melbands_skewness": {
        "dmean": 0.598501324654,
        "dmean2": 0.930867671967,
        "dvar": 0.545665800571,
        "dvar2": 1.27149796486,
        "max": 15.7178544998,
        "mean": 2.33043670654,
        "median": 2.00427770615,
        "min": -0.998372137547,
        "var": 3.09604215622
    },
    "melbands_spread": {
        "dmean": 5.64527893066,
        "dmean2": 8.77166366577,
        "dvar": 134.235427856,
        "dvar2": 239.307510376,
        "max": 326.722167969,
        "mean": 23.3754005432,
        "median": 18.5465660095,
        "min": 0.668079555035,
        "var": 520.483947754
    },
    "pitch_salience": {
        "dmean": 0.0614902973175,
        "dmean2": 0.0996123328805,
        "dvar": 0.00339487241581,
        "dvar2": 0.00833262130618,
        "max": 0.959627330303,
        "mean": 0.555299699306,
        "median": 0.560617446899,
        "min": 0.0920374169946,
        "var": 0.0130151836202
    },
    "silence_rate_20dB": {
        "dmean": 0,
        "dmean2": 0,
        "dvar": 0,
        "dvar2": 0,
        "max": 1,
        "mean": 1,
        "median": 1,
        "min": 1,
        "var": 0
    },
    "silence_rate_30dB": {
        "dmean": 0.00196729367599,
        "dmean2": 0.00393507117406,
        "dvar": 0.00196338049136,
        "dvar2": 0.00514912325889,
        "max": 1,
        "mean": 0.998524725437,
        "median": 1,
        "min": 0,
        "var": 0.00147317361552
    },
    "silence_rate_60dB": {
        "dmean": 0.0164760854095,
        "dmean2": 0.0329562239349,
        "dvar": 0.0162072144449,
        "dvar2": 0.0370361916721,
        "max": 1,
        "mean": 0.0995820015669,
        "median": 0,
        "min": 0,
        "var": 0.0896501690149
    },
    "spectral_centroid": {
        "dmean": 184.75553894,
        "dmean2": 286.542022705,
        "dvar": 86309.9765625,
        "dvar2": 155866.09375,
        "max": 11159.4638672,
        "mean": 1219.52502441,
        "median": 1195.375,
        "min": 206.479736328,
        "var": 500054.125
    },
    "spectral_complexity": {
        "dmean": 2.47952795029,
        "dmean2": 4.03443193436,
        "dvar": 7.0133357048,
        "dvar2": 15.6603708267,
        "max": 49,
        "mean": 17.2058029175,
        "median": 17,
        "min": 0,
        "var": 101.57509613
    },
    "spectral_decrease": {
        "dmean": 1.53255819146e-09,
        "dmean2": 2.32792896071e-09,
        "dvar": 6.10423351067e-18,
        "dvar2": 1.30965752763e-17,
        "max": -3.26975508625e-30,
        "mean": -5.47913803217e-09,
        "median": -4.63684513008e-09,
        "min": -3.82511800012e-08,
        "var": 1.97009705753e-17
    },
    "spectral_energy": {
        "dmean": 0.00612281821668,
        "dmean2": 0.00927776377648,
        "dvar": 9.17353390832e-05,
        "dvar2": 0.000197751083761,
        "max": 0.155116572976,
        "mean": 0.0224676132202,
        "median": 0.0190298818052,
        "min": 1.10347937432e-20,
        "var": 0.000324001623085
    },
    "spectral_energyband_high": {
        "dmean": 0.00029897710192,
        "dmean2": 0.00043646528502,
        "dvar": 1.72881721028e-06,
        "dvar2": 3.53820087184e-06,
        "max": 0.0471830926836,
        "mean": 0.000517405453138,
        "median": 0.000118542833661,
        "min": 8.49274332065e-21,
        "var": 4.01518536819e-06
    },
    "spectral_energyband_low": {
        "dmean": 0.00272498489358,
        "dmean2": 0.00436083646491,
        "dvar": 5.99333725404e-05,
        "dvar2": 0.000139662384754,
        "max": 0.115979485214,
        "mean": 0.00617988454178,
        "median": 0.0039753858,
        "min": 1.29826512109e-22,
        "var": 8.71548472787e-05
    },
    "spectral_energyband_middle_high": {
        "dmean": 0.00193730939645,
        "dmean2": 0.00290690269321,
        "dvar": 1.35050358949e-05,
        "dvar2": 2.87629754894e-05,
        "max": 0.120266914368,
        "mean": 0.00670747831464,
        "median": 0.00275824358687,
        "min": 1.26853003794e-21,
        "var": 8.5522486188e-05
    },
    "spectral_energyband_middle_low": {
        "dmean": 0.00340518075973,
        "dmean2": 0.00522597366944,
        "dvar": 2.35790048464e-05,
        "dvar2": 4.96205793752e-05,
        "max": 0.11511939019,
        "mean": 0.00978566519916,
        "median": 0.00742917973548,
        "min": 4.15575029827e-22,
        "var": 8.20559944259e-05
    },
    "spectral_entropy": {
        "dmean": 0.158091247082,
        "dmean2": 0.226314529777,
        "dvar": 0.03310444206,
        "dvar2": 0.0583754964173,
        "max": 9.80531215668,
        "mean": 7.3600564003,
        "median": 7.42206859589,
        "min": 5.31163930893,
        "var": 0.257547944784
    },
    "spectral_flux": {
        "dmean": 0.0174333360046,
        "dmean2": 0.0278236661106,
        "dvar": 0.000479558482766,
        "dvar2": 0.00109628820792,
        "max": 0.30788731575,
        "mean": 0.0703221708536,
        "median": 0.0642815083265,
        "min": 1.05046624177e-10,
        "var": 0.0017842334928
    },
    "spectral_kurtosis": {
        "dmean": 2.14460039139,
        "dmean2": 3.56835007668,
        "dvar": 5.87900972366,
        "dvar2": 15.9869594574,
        "max": 85.6747131348,
        "mean": 7.44557905197,
        "median": 6.75529623032,
        "min": -1.55433118343,
        "var": 24.7968883514
    },
    "spectral_rms": {
        "dmean": 0.000586233916692,
        "dmean2": 0.000876213249285,
        "dvar": 5.12444387368e-07,
        "dvar2": 1.02756416709e-06,
        "max": 0.0123017579317,
        "mean": 0.00428939424455,
        "median": 0.00430879741907,
        "min": 3.28110542208e-12,
        "var": 3.52074812326e-06
    },
    "spectral_rolloff": {
        "dmean": 419.870544434,
        "dmean2": 712.567504883,
        "dvar": 1376837,
        "dvar2": 2877346,
        "max": 18303.2226562,
        "mean": 1470.40026855,
        "median": 1162.79296875,
        "min": 43.06640625,
        "var": 2981120.75
    },
    "spectral_skewness": {
        "dmean": 0.236910745502,
        "dmean2": 0.383207470179,
        "dvar": 0.0577213615179,
        "dvar2": 0.135825976729,
        "max": 7.25399208069,
        "mean": 1.98151135445,
        "median": 1.91699719429,
        "min": -0.663165390491,
        "var": 0.369601219893
    },
    "spectral_spread": {
        "dmean": 604105.0625,
        "dmean2": 828791.375,
        "dvar": 1.17689706086e+12,
        "dvar2": 1.86352677683e+12,
        "max": 39329740,
        "mean": 4091064.25,
        "median": 3461696,
        "min": 1147947.125,
        "var": 5.04677269504e+12
    },
    "spectral_strongpeak": {
        "dmean": 0.574083447456,
        "dmean2": 0.976668357849,
        "dvar": 1.17856633663,
        "dvar2": 3.03118515015,
        "max": 17.3621463776,
        "mean": 0.994386911392,
        "median": 0.433466762304,
        "min": 0,
        "var": 1.92756426334
    },
    "zerocrossingrate": {
        "dmean": 0.00970582850277,
        "dmean2": 0.0113111082464,
        "dvar": 0.000346076179994,
        "dvar2": 0.000331747549353,
        "max": 0.55908203125,
        "mean": 0.0564373061061,
        "median": 0.0517578125,
        "min": 0.00244140625,
        "var": 0.00212536985055
    },
    "barkbands": {
        "dmean": [0.000444156903541, 0.00196852418594, 0.000617322803009, 0.000695396389347, 0.00140360754449, 0.00113511143718, 0.000490609207191, 0.000528020667844, 0.000721276330296, 0.000714954046998, 0.000397027441068, 0.000515840190928, 0.000467312172987, 0.000523895258084, 0.000364518607967, 0.000190270744497, 0.000207760254852, 0.000310464180075, 0.000159494811669, 4.83609874209e-05, 2.52953723248e-05, 3.37848287018e-05, 4.31739390478e-05, 5.56409868295e-05, 0.000113421621791, 4.40396252088e-05, 3.79553029006e-08],
        "dmean2": [0.000708492356353, 0.00325567577966, 0.0010194145143, 0.00113569945097, 0.00222325907089, 0.00172723853029, 0.000779435096774, 0.000820896704681, 0.00112556188833, 0.00113885675091, 0.000636458047666, 0.000808654236607, 0.000745017663576, 0.000845170754474, 0.000600365456194, 0.000300607964164, 0.000337785080774, 0.000487897050334, 0.000254383747233, 7.87977478467e-05, 4.14406313212e-05, 5.38850144949e-05, 6.93933980074e-05, 8.21876601549e-05, 0.00016648939345, 6.3912688347e-05, 6.5266434035e-08],
        "dvar": [3.19053674502e-06, 4.27353879786e-05, 2.71189674095e-06, 2.35730408349e-06, 7.20410753274e-06, 5.77795526624e-06, 1.24771634091e-06, 1.82804831184e-06, 3.30305942953e-06, 3.71491000806e-06, 1.57978070092e-06, 2.40719782596e-06, 1.46293314174e-06, 1.82134112947e-06, 9.80509184956e-07, 4.49855548368e-07, 3.45893880649e-07, 7.28055056243e-07, 1.24528170886e-07, 1.9997573375e-08, 7.70407027062e-09, 2.26870664477e-08, 6.25931519949e-08, 9.58111456839e-08, 5.95002688897e-07, 4.15183478708e-08, 4.78297922915e-14],
        "dvar2": [7.60711691328e-06, 0.000107383129944, 7.25648442312e-06, 6.01001420364e-06, 1.6693433281e-05, 1.25690912682e-05, 2.90157163363e-06, 4.26345377491e-06, 7.39226607038e-06, 8.8912092906e-06, 3.62851073987e-06, 5.15117335453e-06, 3.57567819265e-06, 4.70712302558e-06, 2.4372225198e-06, 8.26746941129e-07, 9.14505733363e-07, 1.74100330241e-06, 3.02278237996e-07, 5.62948549998e-08, 1.99832097536e-08, 5.8807501091e-08, 1.66780765198e-07, 2.03665166509e-07, 1.23081883885e-06, 8.09214952824e-08, 1.14350084848e-13],
        "max": [0.037081643939, 0.0964020267129, 0.0564781948924, 0.0309450924397, 0.0598583593965, 0.102422825992, 0.0332296527922, 0.0306835211813, 0.0568918175995, 0.069644369185, 0.0401051789522, 0.103878505528, 0.0269112829119, 0.0348701141775, 0.0260712243617, 0.0409934408963, 0.0174538176507, 0.0263878442347, 0.00836163666099, 0.00500756548718, 0.00264703761786, 0.00519310915843, 0.0133109111339, 0.00839481316507, 0.0319397598505, 0.00748844724149, 1.04889795693e-05],
        "mean": [0.000470812548883, 0.00401972839609, 0.00114730140194, 0.0012435298413, 0.00277309352532, 0.00231118965894, 0.000886250578333, 0.000883990840521, 0.00126081821509, 0.00124840496574, 0.00067780847894, 0.000918345525861, 0.000811107456684, 0.000878866412677, 0.000626529334113, 0.000370862602722, 0.000404154066928, 0.000622409279458, 0.000337978359312, 9.40470490605e-05, 4.17028859374e-05, 5.67361603316e-05, 6.34075840935e-05, 8.54007230373e-05, 0.000171283027157, 6.18199483142e-05, 3.04229210712e-08],
        "median": [1.82382791536e-05, 0.00231680413708, 0.000513255828992, 0.000369973597117, 0.00146726251114, 0.0011759144254, 0.000358338234946, 0.000251626857789, 0.000340320169926, 0.000275930651696, 0.000109944281576, 0.000228108663578, 0.000171261577634, 0.000160330106155, 0.00018811794871, 0.000118806885439, 0.000130057480419, 0.000146049118484, 8.51536897244e-05, 3.42664934578e-05, 1.44060159073e-05, 1.78440386662e-05, 1.61820171343e-05, 9.9726339613e-06, 1.12258212539e-05, 4.90384081786e-06, 1.46206458052e-09],
        "min": [8.81017766093e-24, 3.94824883063e-23, 4.49097345828e-23, 6.24288553847e-23, 1.01049434266e-22, 4.22608248601e-23, 6.87642478016e-23, 9.18838929111e-23, 2.59017555737e-23, 8.51511291681e-23, 2.34884454712e-23, 6.04689714865e-23, 7.81036541001e-23, 1.32274050886e-22, 6.34120979279e-23, 1.32232765061e-22, 8.74466008063e-23, 2.65830575033e-22, 2.56285130888e-22, 2.8908000985e-22, 3.49560624923e-22, 7.32171063409e-22, 8.17397020767e-22, 8.69377930955e-22, 1.04662328859e-21, 2.16728772385e-21, 2.59087750474e-21],
        "var": [3.47918307853e-06, 4.94935738971e-05, 4.45297337137e-06, 6.13136580796e-06, 1.66042518686e-05, 1.37817933137e-05, 3.00702959066e-06, 4.39765608462e-06, 8.42028384795e-06, 8.23906157166e-06, 4.20880951424e-06, 6.07234596828e-06, 3.22682421938e-06, 4.09745643992e-06, 2.26432280215e-06, 1.33280252612e-06, 8.53866879424e-07, 1.8026548787e-06, 3.52826759809e-07, 3.06020098151e-08, 9.95942972537e-09, 3.08220471368e-08, 6.44702495833e-08, 1.92778074393e-07, 1.31154388328e-06, 9.70222799879e-08, 5.1099007431e-14]
    },
    "erbbands": {
        "dmean": [0.0915942341089, 0.346567571163, 0.672441244125, 1.46685087681, 3.78172683716, 4.45134305954, 9.0642118454, 8.6670627594, 7.78615570068, 6.02151060104, 13.6403236389, 15.1094150543, 20.1480426788, 19.9315166473, 16.3523464203, 20.3675174713, 17.4831085205, 26.84790802, 20.4686222076, 12.5184516907, 10.7234144211, 9.05054759979, 12.7967319489, 13.5380048752, 5.09899568558, 2.33010149002, 1.08154404163, 1.07127165794, 1.19617581367, 1.33938264847, 1.16975104809, 0.967891216278, 1.12699961662, 1.33026432991, 0.791084110737, 0.27817773819, 0.0623271986842, 0.00707736006007, 0.00013357285934, 1.25459946503e-05],
        "dmean2": [0.153271108866, 0.577866971493, 1.12208890915, 2.39514565468, 6.13010215759, 7.04693460464, 13.6443691254, 13.4752788544, 12.4991922379, 9.44948196411, 21.176782608, 23.4690895081, 31.894618988, 32.134601593, 25.8332481384, 31.9990386963, 27.7199497223, 43.1108436584, 33.9862251282, 20.2739810944, 16.7547569275, 14.2563848495, 20.3069591522, 21.3602371216, 8.18086528778, 3.80744218826, 1.76988053322, 1.75041162968, 1.89900374413, 2.22529554367, 1.83455955982, 1.50347721577, 1.67814230919, 1.98951399326, 1.14644610882, 0.403980821371, 0.090270884335, 0.0107413930818, 0.000198753084987, 1.84534255823e-05],
        "dvar": [0.129176527262, 1.00920629501, 3.0682425499, 10.0137310028, 59.8347587585, 110.222473145, 472.572540283, 348.266479492, 257.334564209, 320.527008057, 1239.11706543, 1630.49365234, 3227.43676758, 3092.47998047, 2192.57104492, 5058.73388672, 2097.49169922, 4247.38720703, 2976.56958008, 1912.90527344, 1407.72839355, 612.135681152, 1112.14672852, 1363.48254395, 134.94859314, 53.3436851501, 14.2457666397, 14.4333429337, 25.3174552917, 64.06640625, 38.0427970886, 26.808172226, 44.2377700806, 79.3736953735, 31.7207927704, 2.08175969124, 0.0804469436407, 0.000861489388626, 3.01401399838e-07, 1.12582398959e-09],
        "dvar2": [0.334994643927, 2.68451976776, 8.33880710602, 25.261636734, 147.470916748, 241.157043457, 975.798461914, 790.880493164, 600.175292969, 664.358215332, 2949.72119141, 3534.91723633, 7772.83935547, 7217.09326172, 4917.71435547, 10249.6103516, 5215.92529297, 10749.7158203, 7941.71728516, 4017.01489258, 2408.41137695, 1447.21130371, 2705.55883789, 3319.05615234, 339.398803711, 155.382949829, 37.5591697693, 37.3039398193, 64.2735748291, 177.35194397, 97.2913894653, 63.0298156738, 88.5816955566, 157.538909912, 71.3821411133, 4.23448467255, 0.157295897603, 0.00184046488721, 6.16974148215e-07, 2.27505814188e-09],
        "max": [5.36738681793, 17.3732795715, 61.865978241, 58.4324302673, 154.577606201, 255.230651855, 823.194396973, 501.585449219, 471.078216553, 902.012084961, 842.959472656, 1713.50048828, 1695.78771973, 2036.88598633, 1485.56506348, 5352.12158203, 1230.04418945, 1940.10791016, 1185.1361084, 3166.30078125, 2845.15039062, 857.262634277, 1146.89416504, 1149.03662109, 354.413360596, 311.400024414, 149.801269531, 77.5883331299, 192.827133179, 396.364898682, 324.257568359, 133.33795166, 196.827835083, 293.399414062, 257.342834473, 59.6930809021, 10.9889745712, 0.928963541985, 0.0162200108171, 0.00121419411153],
        "mean": [0.148206964135, 0.770180761814, 1.38027632236, 2.95453882217, 6.5887966156, 8.47186088562, 18.2185268402, 16.8745212555, 14.5157852173, 11.4487228394, 23.9203891754, 28.1296920776, 37.7772979736, 35.8250427246, 32.0413169861, 37.5863761902, 34.2315864563, 50.9617652893, 38.4807167053, 24.745716095, 22.9864215851, 20.2185497284, 28.3533744812, 29.8176002502, 11.3302536011, 4.72648000717, 1.98056435585, 1.65513563156, 1.95338857174, 2.03327012062, 1.75570881367, 1.48833954334, 1.7018392086, 1.97461104393, 1.14829242229, 0.3925999403, 0.0873857960105, 0.00883229449391, 0.000185933997273, 3.66421481885e-05],
        "median": [0.0509225316346, 0.446053981781, 0.737271666527, 1.20292401314, 2.70035219193, 3.97189497948, 7.41476583481, 8.2501783371, 7.3678894043, 4.57150316238, 7.79931640625, 8.31041526794, 9.08395195007, 8.7847328186, 7.37387561798, 10.0164136887, 8.80516052246, 9.69879341125, 10.6023483276, 8.01072692871, 8.09983062744, 7.04148578644, 7.820125103, 6.50659656525, 3.46673297882, 1.81950175762, 0.770919978619, 0.545410454273, 0.612230300903, 0.563108682632, 0.445188611746, 0.265340268612, 0.140828192234, 0.125648185611, 0.0749228596687, 0.0289409570396, 0.00710685830563, 0.000629458925687, 2.75675047305e-05, 2.57246156252e-05],
        "min": [1.60535996246e-21, 7.41225237799e-21, 4.05697549204e-20, 1.60277009955e-19, 1.78805506709e-19, 3.93707262495e-19, 5.89198113683e-19, 2.09943841989e-19, 5.84221743419e-19, 1.60723250631e-18, 1.93828807523e-18, 8.6449028389e-19, 2.13848646299e-18, 1.57056524412e-18, 1.71600448211e-18, 2.80732547435e-18, 3.55230687468e-18, 5.86156808385e-18, 4.63756949271e-18, 4.58961245593e-18, 6.56329641676e-18, 4.73636380918e-18, 1.67083303808e-17, 1.4391928535e-17, 9.16296915846e-18, 1.48382619586e-17, 1.32532325309e-17, 1.99899246156e-17, 2.20110643418e-17, 2.10882103652e-17, 2.47663847642e-17, 2.13223190222e-17, 1.30757162628e-17, 9.74961143915e-18, 9.40768309806e-18, 7.54477309692e-18, 4.12728425437e-18, 1.34945666105e-18, 3.65520049146e-19, 3.73612699584e-20],
        "var": [0.122011326253, 1.33218359947, 5.02675294876, 25.7624015808, 135.463989258, 244.068572998, 1231.24353027, 777.457641602, 573.720947266, 814.241455078, 2797.52563477, 4756.37060547, 8961.42285156, 6677.62841797, 6335.60693359, 11655.0146484, 4845.37451172, 11178.5712891, 7244.57763672, 5405.24755859, 4881.98925781, 1880.51574707, 3046.23022461, 3682.54443359, 359.973388672, 74.943977356, 18.8331356049, 18.5256481171, 35.8913459778, 63.3203926086, 44.7961502075, 42.0141334534, 96.0611953735, 172.9349823, 63.0957641602, 4.92983293533, 0.178915172815, 0.00158217386343, 6.20803234597e-07, 3.1641556042e-09]
    },
    "gfcc": {
        "mean": [-27.9790401459, 100.839172363, -122.354957581, 17.1785736084, -52.3021888733, 11.5936460495, -47.635509491, 12.091799736, -28.2718467712, -0.209729686379, -13.9529829025, 3.90054798126, -13.1238851547],
        "cov": [[7172.09082031, -812.964904785, 43.3585395813, 528.263183594, 392.157440186, 639.579162598, 312.8828125, 676.322143555, 77.7136077881, 458.571929932, 268.202270508, 349.860717773, -182.922653198], [-812.964904785, 1266.10205078, 210.973770142, 76.6313095093, 220.776382446, -174.821426392, 70.3137130737, -119.032836914, 88.0588607788, -70.4705963135, 96.8786849976, -13.3842124939, 30.328666687], [43.3585395813, 210.973770142, 1634.30871582, 400.381072998, 113.171516418, 42.8645095825, -264.36416626, -24.7385787964, -46.1586265564, 121.446853638, -49.0834312439, 87.6238708496, -36.9269638062], [528.263183594, 76.6313095093, 400.381072998, 420.360687256, 150.40713501, 85.3509979248, 30.4401531219, 50.4976615906, 58.5428199768, 111.715377808, 54.3404808044, 72.3795700073, 9.05014896393], [392.157440186, 220.776382446, 113.171516418, 150.40713501, 284.134155273, 103.061233521, 85.2951202393, 83.1210327148, 56.3032646179, 75.0176544189, 79.4289855957, 60.9102325439, 5.12294578552], [639.579162598, -174.821426392, 42.8645095825, 85.3509979248, 103.061233521, 273.640106201, 164.453094482, 115.982978821, 20.6026477814, 93.4197616577, 60.2154426575, 41.4137191772, -0.159961462021], [312.8828125, 70.3137130737, -264.36416626, 30.4401531219, 85.2951202393, 164.453094482, 355.847686768, 110.110328674, 42.2417144775, 57.661315918, 79.9521560669, 20.2952861786, 6.46158075333], [676.322143555, -119.032836914, -24.7385787964, 50.4976615906, 83.1210327148, 115.982978821, 110.110328674, 208.898651123, 60.2355041504, 68.8106079102, 54.8307380676, 46.8783493042, -9.88467693329], [77.7136077881, 88.0588607788, -46.1586265564, 58.5428199768, 56.3032646179, 20.6026477814, 42.2417144775, 60.2355041504, 144.311752319, 42.0481300354, 36.6695632935, 26.9151535034, 24.0672931671], [458.571929932, -70.4705963135, 121.446853638, 111.715377808, 75.0176544189, 93.4197616577, 57.661315918, 68.8106079102, 42.0481300354, 153.703079224, 56.7467575073, 52.1991996765, 6.43021965027], [268.202270508, 96.8786849976, -49.0834312439, 54.3404808044, 79.4289855957, 60.2154426575, 79.9521560669, 54.8307380676, 36.6695632935, 56.7467575073, 127.603935242, 54.3949356079, 17.9632453918], [349.860717773, -13.3842124939, 87.6238708496, 72.3795700073, 60.9102325439, 41.4137191772, 20.2952861786, 46.8783493042, 26.9151535034, 52.1991996765, 54.3949356079, 111.685325623, 19.5917739868], [-182.922653198, 30.328666687, -36.9269638062, 9.05014896393, 5.12294578552, -0.159961462021, 6.46158075333, -9.88467693329, 24.0672931671, 6.43021965027, 17.9632453918, 19.5917739868, 89.7476959229]],
        "icov": [[0.000322542095091, -0.000123942649225, 0.000275888189208, -0.000378002936486, 0.000169547885889, -0.000542536959983, 0.000450284947874, -0.000816923275124, 0.000472367770271, -0.00050316558918, 0.000197939749341, -0.000733169144951, 0.000747688463889], [-0.000123942649225, 0.00272692553699, -0.00127844768576, 0.000844596419483, -0.00273717893288, 0.00327180861495, -0.00259231333621, 0.002445576014, -0.00217527919449, 0.00234650331549, -0.00308848288842, 0.00192374153994, -0.000553826743271], [0.000275888189208, -0.00127844768576, 0.00191297836136, -0.00161353324074, 0.00111143488903, -0.00219403789379, 0.00246777385473, -0.00153687270358, 0.00185400107875, -0.0019326787442, 0.00225137919188, -0.00190802698489, 0.0011370468419], [-0.000378002936486, 0.000844596419483, -0.00161353324074, 0.00493692513555, -0.00203059893101, 0.00144011387601, -0.00171777792275, 0.00200597103685, -0.00219456129707, -8.01402129582e-05, -0.00128429499455, 0.000775346008595, -0.00107245601248], [0.000169547885889, -0.00273717893288, 0.00111143488903, -0.00203059893101, 0.0082391500473, -0.00411792937666, 0.00230739382096, -0.0030603792984, 0.00136002490763, -0.00215869909152, 0.00123546633404, -0.00262413430028, 0.00106730125844], [-0.000542536959983, 0.00327180861495, -0.00219403789379, 0.00144011387601, -0.00411792937666, 0.0114033566788, -0.00605097319931, 0.0017497894587, -0.00164092727937, 0.00117211195175, -0.00374951050617, 0.00328434933908, -0.00198608357459], [0.000450284947874, -0.00259231333621, 0.00246777385473, -0.00171777792275, 0.00230739382096, -0.00605097319931, 0.00819334667176, -0.00389298913069, 0.00248487759382, -0.0027853033971, 0.00176174927037, -0.00181386654731, 0.00139777117874], [-0.000816923275124, 0.002445576014, -0.00153687270358, 0.00200597103685, -0.0030603792984, 0.0017497894587, -0.00389298913069, 0.0118183558807, -0.00526730716228, 0.00204775179736, -0.00312276487239, 0.00135305442382, 2.90917141683e-05], [0.000472367770271, -0.00217527919449, 0.00185400107875, -0.00219456129707, 0.00136002490763, -0.00164092727937, 0.00248487759382, -0.00526730716228, 0.0117557309568, -0.00381812918931, 0.00231945957057, -0.00214368640445, -0.0010328006465], [-0.00050316558918, 0.00234650331549, -0.0019326787442, -8.01402129582e-05, -0.00215869909152, 0.00117211195175, -0.0027853033971, 0.00204775179736, -0.00381812918931, 0.0137655818835, -0.00504458881915, 0.000972110894509, -0.00121915154159], [0.000197939749341, -0.00308848288842, 0.00225137919188, -0.00128429499455, 0.00123546633404, -0.00374951050617, 0.00176174927037, -0.00312276487239, 0.00231945957057, -0.00504458881915, 0.0168291069567, -0.00657275971025, -0.000239136832533], [-0.000733169144951, 0.00192374153994, -0.00190802698489, 0.000775346008595, -0.00262413430028, 0.00328434933908, -0.00181386654731, 0.00135305442382, -0.00214368640445, 0.000972110894509, -0.00657275971025, 0.0164766609669, -0.00434847781435], [0.000747688463889, -0.000553826743271, 0.0011370468419, -0.00107245601248, 0.00106730125844, -0.00198608357459, 0.00139777117874, 2.90917141683e-05, -0.0010328006465, -0.00121915154159, -0.000239136832533, -0.00434847781435, 0.0146289672703]]
    },
    "melbands": {
        "dmean": [0.000657518627122, 0.000367470202036, 0.000305046065478, 0.000303197128233, 0.000275899801636, 0.000193765139556, 0.000117485426017, 6.84231345076e-05, 0.000115900344099, 9.96442031465e-05, 0.000103313366708, 8.54871759657e-05, 5.61914857826e-05, 6.33411837043e-05, 3.66851454601e-05, 5.10890931764e-05, 5.22061454831e-05, 3.54386720574e-05, 2.31626872846e-05, 1.41647815326e-05, 1.41723658089e-05, 9.71565987129e-06, 1.28443698486e-05, 1.63411696121e-05, 1.16318869914e-05, 5.5029277064e-06, 2.38700681621e-06, 1.51350764099e-06, 7.53445704049e-07, 5.7623833527e-07, 7.06755315605e-07, 6.78833544043e-07, 7.49119863031e-07, 8.16939632386e-07, 6.92031733251e-07, 6.81355345478e-07, 5.9561426724e-07, 7.55892017423e-07, 1.04095749975e-06, 1.21895050142e-06],
        "dmean2": [0.00107762729749, 0.000612283300143, 0.000496428052429, 0.000484415912069, 0.000420553988079, 0.000300157640595, 0.000187534606084, 0.000107201274659, 0.000179979688255, 0.000155577567057, 0.00016385789786, 0.00013770951773, 8.88871145435e-05, 9.87217354123e-05, 5.8600497141e-05, 8.14199956949e-05, 8.3815662947e-05, 5.87456888752e-05, 3.78796103178e-05, 2.26788633881e-05, 2.25613839575e-05, 1.55393427121e-05, 2.04320840567e-05, 2.6094750865e-05, 1.85847111425e-05, 8.88125669007e-06, 3.91433150071e-06, 2.50201310337e-06, 1.2559210063e-06, 9.5529412647e-07, 1.16234014058e-06, 1.08227879991e-06, 1.2177406461e-06, 1.38348525525e-06, 1.11041083528e-06, 1.07712560293e-06, 9.3166880788e-07, 1.13639396204e-06, 1.54793235652e-06, 1.84051828001e-06],
        "dvar": [5.64015454074e-06, 8.80154573224e-07, 3.61248055469e-07, 4.14627379541e-07, 3.94518821167e-07, 1.6577273243e-07, 6.06876824349e-08, 3.86961147569e-08, 8.74134045148e-08, 6.81948861825e-08, 8.40197103003e-08, 5.89754840519e-08, 3.03091134413e-08, 3.17451309684e-08, 1.80735835187e-08, 1.90117788179e-08, 1.73451546459e-08, 1.03078914293e-08, 4.71016781134e-09, 2.53473819711e-09, 2.55847698583e-09, 7.23608506448e-10, 1.31967203831e-09, 2.21456120109e-09, 1.00592245644e-09, 1.48816653445e-10, 3.91729496063e-11, 2.61284761188e-11, 5.70562260632e-12, 4.45094395368e-12, 6.20682324981e-12, 7.36164341292e-12, 1.21439186831e-11, 2.78602522996e-11, 1.33943030278e-11, 1.43308056394e-11, 1.04854319671e-11, 2.08020215636e-11, 4.44449962944e-11, 7.1352833364e-11],
        "dvar2": [1.40891243063e-05, 2.38099596572e-06, 9.13426958959e-07, 9.50131209265e-07, 8.32286332297e-07, 3.76153280968e-07, 1.40803322779e-07, 7.8386442226e-08, 2.03403615728e-07, 1.5078285287e-07, 2.02681036399e-07, 1.40033137086e-07, 6.85569006009e-08, 7.05102110032e-08, 4.40400569346e-08, 4.60777727085e-08, 4.4254328202e-08, 2.76600733429e-08, 1.1167968772e-08, 5.21162446532e-09, 4.63044402821e-09, 1.78048120691e-09, 3.16556603153e-09, 5.60689450424e-09, 2.47249154484e-09, 3.67443714344e-10, 1.02119777912e-10, 7.73632963247e-11, 1.48455206461e-11, 1.17866862104e-11, 1.62161863798e-11, 1.87007874464e-11, 3.2133528477e-11, 7.81748416001e-11, 3.42535479148e-11, 3.7450247764e-11, 2.45875802357e-11, 4.37782900209e-11, 9.21666423737e-11, 1.5023464417e-10],
        "max": [0.0356037728488, 0.0261754058301, 0.010979630053, 0.0147778447717, 0.0218997374177, 0.0123949637637, 0.00733139645308, 0.0098344637081, 0.00859257671982, 0.00951130781323, 0.00825302861631, 0.00893559586257, 0.0059565147385, 0.0105047840625, 0.0068340767175, 0.0030698957853, 0.00413101213053, 0.00215867557563, 0.00257060583681, 0.00334209040739, 0.00356528186239, 0.00115684792399, 0.000990650733002, 0.00184296933003, 0.000947492721025, 0.000264049740508, 0.000250247743679, 0.000232513135416, 7.65589211369e-05, 7.32009357307e-05, 5.645939018e-05, 9.68450331129e-05, 0.000123497375171, 0.00026397019974, 0.000194583306438, 0.000154246794409, 8.14804297988e-05, 0.000134413014166, 0.000292192038614, 0.00029900498339],
        "mean": [0.00122790923342, 0.00082890142221, 0.00060708692763, 0.000559301290195, 0.000565615249798, 0.000382972095395, 0.000218532339204, 0.000126655839267, 0.000201070201001, 0.000179257738637, 0.000188344158232, 0.000146111909999, 0.000102698366391, 0.00011423991964, 6.45635373075e-05, 9.25383283175e-05, 9.2442613095e-05, 6.2186474679e-05, 4.01230354328e-05, 2.64501250058e-05, 2.78952738881e-05, 1.97029767151e-05, 2.37419062614e-05, 3.09131210088e-05, 2.40015688178e-05, 1.09531410999e-05, 4.56225507151e-06, 2.69524275609e-06, 1.25579038013e-06, 9.03103170913e-07, 9.93961180029e-07, 1.05113679183e-06, 1.19150774935e-06, 1.12196528335e-06, 9.93590219878e-07, 9.76760816229e-07, 8.71210090736e-07, 1.0837956097e-06, 1.47958962771e-06, 1.74014962795e-06],
        "median": [0.000626190216281, 0.000506866432261, 0.000269435695373, 0.000253160251305, 0.000254293670878, 0.000194962223759, 0.000106378050987, 4.85764321638e-05, 6.1091297539e-05, 4.87909055664e-05, 4.31192420365e-05, 3.20842045767e-05, 1.99403293664e-05, 2.74756348517e-05, 1.90560094779e-05, 1.83796983038e-05, 1.61853513418e-05, 1.49692477862e-05, 1.23813024402e-05, 8.1891703303e-06, 9.16553472052e-06, 6.49579760648e-06, 6.50053425488e-06, 6.83835742166e-06, 4.70012764708e-06, 2.92898948828e-06, 1.40650763569e-06, 9.81336370387e-07, 4.27256566127e-07, 3.01170871353e-07, 2.88501922796e-07, 3.14167294846e-07, 3.39335741728e-07, 2.80208098502e-07, 2.46792524194e-07, 2.14160962742e-07, 1.253944788e-07, 8.62114575284e-08, 9.93171624941e-08, 1.04025843939e-07],
        "min": [1.23405668701e-23, 1.72302320498e-23, 2.65781659346e-23, 2.0554136917e-23, 1.98036809161e-23, 5.91048313995e-24, 9.9752818306e-24, 1.81307877706e-23, 1.41701743341e-23, 4.27987885544e-24, 1.09071632179e-23, 6.94230492094e-24, 4.50530374771e-24, 6.89209076888e-24, 9.13176075325e-24, 6.34479130018e-24, 1.22485912105e-23, 7.96410777401e-24, 5.44099493879e-24, 9.31083848962e-24, 7.30028132226e-24, 3.46753908309e-24, 1.17948407844e-23, 1.46271551456e-23, 1.19111812019e-23, 6.14017221985e-24, 6.33474712871e-24, 1.13825868085e-23, 7.69847700797e-24, 9.86416761665e-24, 1.29025663673e-23, 1.40849584237e-23, 1.1106245678e-23, 1.11134716439e-23, 1.38572063918e-23, 1.58634090469e-23, 1.12846994254e-23, 9.00733687811e-24, 7.38286243726e-24, 8.68966574703e-24],
        "var": [6.06284811511e-06, 1.35693244374e-06, 9.48128217715e-07, 9.94110791908e-07, 1.01236230421e-06, 3.76237210276e-07, 1.39724889436e-07, 1.00965038996e-07, 1.97656802925e-07, 1.81770047902e-07, 2.26430856287e-07, 1.18323740139e-07, 8.63398526008e-08, 8.81296102762e-08, 2.70347211284e-08, 4.30174829091e-08, 4.18707664096e-08, 2.3486544265e-08, 1.07652819992e-08, 6.27562046773e-09, 8.03909738778e-09, 2.02952410433e-09, 3.00986235935e-09, 4.85351048241e-09, 2.52212450924e-09, 3.84540704834e-10, 7.27880603013e-11, 3.20039619806e-11, 8.02515519316e-12, 5.16331422062e-12, 7.566338181e-12, 1.01108886888e-11, 1.57448377253e-11, 2.45430498841e-11, 1.54954764298e-11, 1.58013723633e-11, 1.70396492055e-11, 4.04870893755e-11, 8.92091192584e-11, 1.42799744252e-10]
    },
    "mfcc": {
        "mean": [-672.338195801, 137.688461304, -11.6189088821, 10.8805370331, 10.6860046387, -3.27099180222, -3.17262482643, 5.54301977158, -9.36999511719, -1.56715381145, 1.23309588432, -7.02469873428, -1.754763484],
        "cov": [[6745.92041016, -891.924194336, -484.280609131, 124.608909607, 151.102645874, 210.187789917, 475.376739502, 492.65713501, 62.851474762, 388.69519043, 571.893249512, 150.578994751, 144.621658325], [-891.924194336, 1101.24975586, 119.074142456, 191.780410767, 108.204338074, 4.87234067917, -36.9557647705, 8.13641357422, -67.9010162354, -44.6691131592, 4.92905902863, -11.6836242676, 40.3284187317], [-484.280609131, 119.074142456, 1224.9375, 324.131713867, 343.513763428, 85.094078064, -41.4254379272, -131.882843018, 9.20367145538, -96.0442962646, -50.9410362244, 38.1682929993, 75.2413101196], [124.608909607, 191.780410767, 324.131713867, 398.278533936, 179.206787109, 88.4329833984, 5.80364608765, 1.86983025074, 14.8495950699, -3.77227568626, 33.7120513916, 56.0891647339, 86.2104721069], [151.102645874, 108.204338074, 343.513763428, 179.206787109, 361.377960205, 38.7471199036, -19.2721920013, -10.455945015, 8.00375270844, -11.0888204575, 20.7336158752, 29.4437885284, 80.4290237427], [210.187789917, 4.87234067917, 85.094078064, 88.4329833984, 38.7471199036, 209.344558716, 114.032920837, 39.5948410034, 37.3119506836, 45.9782180786, 54.1367340088, 39.1516227722, 29.662405014], [475.376739502, -36.9557647705, -41.4254379272, 5.80364608765, -19.2721920013, 114.032920837, 272.242950439, 99.0958023071, 35.7225494385, 84.8646621704, 93.0087814331, 38.7045555115, 14.3772859573], [492.65713501, 8.13641357422, -131.882843018, 1.86983025074, -10.455945015, 39.5948410034, 99.0958023071, 187.701019287, 33.5652770996, 66.0746917725, 92.8641815186, 26.7693099976, 14.1207456589], [62.851474762, -67.9010162354, 9.20367145538, 14.8495950699, 8.00375270844, 37.3119506836, 35.7225494385, 33.5652770996, 129.199768066, 49.1239051819, 13.1714897156, 33.8608169556, 24.845199585], [388.69519043, -44.6691131592, -96.0442962646, -3.77227568626, -11.0888204575, 45.9782180786, 84.8646621704, 66.0746917725, 49.1239051819, 130.600509644, 84.3641433716, 24.2364330292, 13.7952671051], [571.893249512, 4.92905902863, -50.9410362244, 33.7120513916, 20.7336158752, 54.1367340088, 93.0087814331, 92.8641815186, 13.1714897156, 84.3641433716, 168.831222534, 49.3171539307, 19.0957508087], [150.578994751, -11.6836242676, 38.1682929993, 56.0891647339, 29.4437885284, 39.1516227722, 38.7045555115, 26.7693099976, 33.8608169556, 24.2364330292, 49.3171539307, 96.8353500366, 44.8398284912], [144.621658325, 40.3284187317, 75.2413101196, 86.2104721069, 80.4290237427, 29.662405014, 14.3772859573, 14.1207456589, 24.845199585, 13.7952671051, 19.0957508087, 44.8398284912, 105.311203003]],
