{
"lowlevel": {
    "average_loudness": 0.802728593349,
    "barkbands_crest": {
        "dmean": 2.44747567177,
        "dmean2": 3.96245670319,
        "dvar": 5.28304958344,
        "dvar2": 13.5134344101,
        "max": 24.9294948578,
        "mean": 10.6734695435,
        "median": 9.85029411316,
        "min": 2.28086829185,
        "var": 18.0123786926
    },
    "barkbands_flatness_db": {
        "dmean": 0.0197510719299,
        "dmean2": 0.0302828028798,
        "dvar": 0.00042597547872,
        "dvar2": 0.000920338905416,
        "max": 0.372429430485,
        "mean": 0.187095433474,
        "median": 0.182717457414,
        "min": 0.0521205626428,
        "var": 0.00331630068831
    },
    "barkbands_kurtosis": {
        "dmean": 4.39556837082,
        "dmean2": 6.92578220367,
        "dvar": 76.5644454956,
        "dvar2": 185.7394104,
        "max": 217.915084839,
        "mean": 9.31187057495,
        "median": 3.91213083267,
        "min": -1.91340184212,
        "var": 205.431549072
    },
    "barkbands_skewness": {
        "dmean": 0.549944639206,
        "dmean2": 0.844470620155,
        "dvar": 0.440284371376,
        "dvar2": 0.974324643612,
        "max": 12.9007091522,
        "mean": 2.01235938072,
        "median": 1.74487042427,
        "min": -2.63786458969,
        "var": 2.22686243057
    },
    "barkbands_spread": {
        "dmean": 4.1740527153,
        "dmean2": 6.23150587082,
        "dvar": 40.9545478821,
        "dvar2": 78.8416442871,
        "max": 106.597381592,
        "mean": 16.5741672516,
        "median": 12.4845647812,
        "min": 0.869723141193,
        "var": 186.344711304
    },
    "dissonance": {
        "dmean": 0.0209504701197,
        "dmean2": 0.035266160965,
        "dvar": 0.00040373680531,
        "dvar2": 0.00110163458157,
        "max": 0.500000059605,
        "mean": 0.455638796091,
        "median": 0.464573383331,
        "min": 0.272585332394,
        "var": 0.00122629245743
    },
    "dynamic_complexity": 3.10996747017,
    "erbbands_crest": {
        "dmean": 2.78466391563,
        "dmean2": 4.47085380554,
        "dvar": 6.40127038956,
        "dvar2": 15.4724636078,
        "max": 31.6114864349,
        "mean": 10.4756879807,
        "median": 9.35747909546,
        "min": 2.39077734947,
        "var": 23.9923877716
    },
    "erbbands_flatness_db": {
        "dmean": 0.016116630286,
        "dmean2": 0.0231913290918,
        "dvar": 0.000227419135626,
        "dvar2": 0.000444009696366,
        "max": 0.389146268368,
        "mean": 0.188111975789,
        "median": 0.182033404708,
        "min": 0.05664755404,
        "var": 0.00256682583131
    },
    "erbbands_kurtosis": {
        "dmean": 1.2846968174,
        "dmean2": 1.98268294334,
        "dvar": 3.56713294983,
        "dvar2": 8.11540222168,
        "max": 44.7044830322,
        "mean": 1.67195272446,
        "median": 0.394027352333,
        "min": -1.82775056362,
        "var": 13.5662927628
    },
    "erbbands_skewness": {
        "dmean": 0.373289883137,
        "dmean2": 0.566272437572,
        "dvar": 0.129155114293,
        "dvar2": 0.277070492506,
        "max": 5.1846408844,
        "mean": 0.840965747833,
        "median": 0.736793458462,
        "min": -2.76232671738,
        "var": 0.944339990616
    },
    "erbbands_spread": {
        "dmean": 7.75562620163,
        "dmean2": 11.5472517014,
        "dvar": 86.7657546997,
        "dvar2": 180.249328613,
        "max": 163.363220215,
        "mean": 36.6296386719,
        "median": 33.139465332,
        "min": 3.24211788177,
        "var": 423.364746094
    },
    "hfc": {
        "dmean": 4.08331489563,
        "dmean2": 5.77563285828,
        "dvar": 41.4587097168,
        "dvar2": 83.8610458374,
        "max": 139.10446167,
        "mean": 15.1865186691,
        "median": 9.44057273865,
        "min": 1.14972586196e-16,
        "var": 259.02645874
    },
    "melbands_crest": {
        "dmean": 2.97564148903,
        "dmean2": 4.82341384888,
        "dvar": 7.32134437561,
        "dvar2": 19.1303348541,
        "max": 33.0812683105,
        "mean": 14.0491695404,
        "median": 13.4044647217,
        "min": 1.90307486057,
        "var": 24.3223285675
    },
    "melbands_flatness_db": {
        "dmean": 0.0231164265424,
        "dmean2": 0.0341770909727,
        "dvar": 0.000684196769726,
        "dvar2": 0.00134561827872,
        "max": 0.457157611847,
        "mean": 0.225821405649,
        "median": 0.218856841326,
        "min": 0.00566775398329,
        "var": 0.00635581556708
    },
    "melbands_kurtosis": {
        "dmean": 9.14236164093,
        "dmean2": 14.2578125,
        "dvar": 317.678771973,
        "dvar2": 746.212463379,
        "max": 377.898071289,
        "mean": 20.5316028595,
        "median": 10.5243396759,
        "min": -1.75823271275,
        "var": 848.419616699
    },
    "melbands_skewness": {
        "dmean": 0.711254656315,
        "dmean2": 1.08602619171,
        "dvar": 0.725731194019,
        "dvar2": 1.61057531834,
        "max": 14.4797992706,
        "mean": 2.8720395565,
        "median": 2.4886598587,
        "min": -0.73361492157,
        "var": 3.5491964817
    },
    "melbands_spread": {
        "dmean": 4.89059066772,
        "dmean2": 7.41698455811,
        "dvar": 72.0927963257,
        "dvar2": 136.696914673,
        "max": 240.066345215,
        "mean": 18.1678714752,
        "median": 12.7912931442,
        "min": 0.721762061119,
        "var": 309.976867676
    },
    "pitch_salience": {
        "dmean": 0.0637057647109,
        "dmean2": 0.102616421878,
        "dvar": 0.00338889984414,
        "dvar2": 0.00861386023462,
        "max": 0.85340231657,
        "mean": 0.552732646465,
        "median": 0.552829861641,
        "min": 0.177031621337,
        "var": 0.0132579170167
    },
    "silence_rate_20dB": {
        "dmean": 0,
        "dmean2": 0,
        "dvar": 0,
        "dvar2": 0,
        "max": 1,
        "mean": 1,
        "median": 1,
        "min": 1,
        "var": 0
    },
    "silence_rate_30dB": {
        "dmean": 0.0134425023571,
        "dmean2": 0.0268882922828,
        "dvar": 0.0132626863196,
        "dvar2": 0.03618966043,
        "max": 1,
        "mean": 0.991080164909,
        "median": 1,
        "min": 0,
        "var": 0.00883942469954
    },
    "silence_rate_60dB": {
        "dmean": 0.0212635956705,
        "dmean2": 0.0425323881209,
        "dvar": 0.020812317729,
        "dvar2": 0.0453661493957,
        "max": 1,
        "mean": 0.0595063529909,
        "median": 0,
        "min": 0,
        "var": 0.0559641681612
    },
    "spectral_centroid": {
        "dmean": 198.092895508,
        "dmean2": 297.698364258,
        "dvar": 73862.65625,
        "dvar2": 132002.4375,
        "max": 10883.3017578,
        "mean": 1104.79589844,
        "median": 919.924072266,
        "min": 170.018997192,
        "var": 521038.625
    },
    "spectral_complexity": {
        "dmean": 2.42233896255,
        "dmean2": 3.79613780975,
        "dvar": 7.8746843338,
        "dvar2": 16.1218929291,
        "max": 57,
        "mean": 13.6978254318,
        "median": 11,
        "min": 0,
        "var": 74.3915328979
    },
    "spectral_decrease": {
        "dmean": 2.09311390442e-09,
        "dmean2": 3.25601878792e-09,
        "dvar": 1.92372680132e-17,
        "dvar2": 4.77307962687e-17,
        "max": 3.06913216765e-29,
        "mean": -5.68801494794e-09,
        "median": -4.39110703354e-09,
        "min": -5.62837421114e-08,
        "var": 2.92964211909e-17
    },
    "spectral_energy": {
        "dmean": 0.00819555297494,
        "dmean2": 0.0126908170059,
        "dvar": 0.000282323569991,
        "dvar2": 0.000698807183653,
        "max": 0.214568778872,
        "mean": 0.02284533903,
        "median": 0.0177077166736,
        "min": 1.03125172422e-20,
        "var": 0.000450219056802
    },
    "spectral_energyband_high": {
        "dmean": 0.000194990469026,
        "dmean2": 0.000268700474408,
        "dvar": 2.55087115875e-07,
        "dvar2": 4.90870547765e-07,
        "max": 0.02109195292,
        "mean": 0.00050184968859,
        "median": 0.000152997730765,
        "min": 7.83757023127e-21,
        "var": 1.05927108507e-06
    },
    "spectral_energyband_low": {
        "dmean": 0.00402343505993,
        "dmean2": 0.00657884310931,
        "dvar": 0.000216118220123,
        "dvar2": 0.000550252501853,
        "max": 0.205320432782,
        "mean": 0.00656117172912,
        "median": 0.00331229856238,
        "min": 7.33632690138e-23,
        "var": 0.000195755477762
    },
    "spectral_energyband_middle_high": {
        "dmean": 0.00129077665042,
        "dmean2": 0.0019461173797,
        "dvar": 6.20493801762e-06,
        "dvar2": 1.42150502143e-05,
        "max": 0.0669619888067,
        "mean": 0.00423252210021,
        "median": 0.00151237589307,
        "min": 1.32666158932e-21,
        "var": 3.92318106606e-05
    },
    "spectral_energyband_middle_low": {
        "dmean": 0.00485094077885,
        "dmean2": 0.00755968037993,
        "dvar": 6.01115571044e-05,
        "dvar2": 0.000144649908179,
        "max": 0.165025487542,
        "mean": 0.0128449192271,
        "median": 0.0087623083964,
        "min": 2.96817940158e-22,
        "var": 0.000178198955837
    },
    "spectral_entropy": {
        "dmean": 0.165485337377,
        "dmean2": 0.242913991213,
        "dvar": 0.0315910764039,
        "dvar2": 0.0607392713428,
        "max": 9.78912448883,
        "mean": 7.35232925415,
        "median": 7.41956424713,
        "min": 5.57820367813,
        "var": 0.252153098583
    },
    "spectral_flux": {
        "dmean": 0.022274279967,
        "dmean2": 0.0343541204929,
        "dvar": 0.00113683345262,
        "dvar2": 0.00253224465996,
        "max": 0.418106496334,
        "mean": 0.069148465991,
        "median": 0.0594072416425,
        "min": 1.01550566567e-10,
        "var": 0.00221261102706
    },
    "spectral_kurtosis": {
        "dmean": 1.63671159744,
        "dmean2": 2.72286963463,
        "dvar": 3.53551673889,
        "dvar2": 9.84970188141,
        "max": 32.0092926025,
        "mean": 4.36069583893,
        "median": 3.55127072334,
        "min": -1.4331086874,
        "var": 11.1249570847
    },
    "spectral_rms": {
        "dmean": 0.000725356396288,
        "dmean2": 0.00108218670357,
        "dvar": 1.15219677355e-06,
        "dvar2": 2.57335841525e-06,
        "max": 0.0144684277475,
        "mean": 0.00433321017772,
        "median": 0.00415641907603,
        "min": 3.17190674767e-12,
        "var": 3.51136236532e-06
    },
    "spectral_rolloff": {
        "dmean": 360.916534424,
        "dmean2": 598.260864258,
        "dvar": 720747.9375,
        "dvar2": 1520633.375,
        "max": 18303.2226562,
        "mean": 1241.60791016,
        "median": 732.12890625,
        "min": 64.599609375,
        "var": 1901177.5
    },
    "spectral_skewness": {
        "dmean": 0.219333827496,
        "dmean2": 0.34085097909,
        "dvar": 0.0456943325698,
        "dvar2": 0.104648634791,
        "max": 4.49248743057,
        "mean": 1.60044384003,
        "median": 1.54668164253,
        "min": 0.0125825237483,
        "var": 0.309873998165
    },
    "spectral_spread": {
        "dmean": 474627.3125,
        "dmean2": 671065.375,
        "dvar": 447116050432,
        "dvar2": 712621162496,
        "max": 39415492,
        "mean": 4541248.5,
        "median": 4333580,
        "min": 1703266.625,
        "var": 2.21558577562e+12
    },
    "spectral_strongpeak": {
        "dmean": 0.483786165714,
        "dmean2": 0.801088988781,
        "dvar": 0.65156275034,
        "dvar2": 1.59161877632,
        "max": 14.0527820587,
        "mean": 1.03904426098,
        "median": 0.527652561665,
        "min": 0,
        "var": 1.68318641186
    },
    "zerocrossingrate": {
        "dmean": 0.008335031569,
        "dmean2": 0.00964722502977,
        "dvar": 0.000166132347658,
        "dvar2": 0.000157165763085,
        "max": 0.58740234375,
        "mean": 0.0514852143824,
        "median": 0.04443359375,
        "min": 0.0048828125,
        "var": 0.00134648475796
    },
    "barkbands": {
        "dmean": [9.1800095106e-05, 0.00271965074353, 0.00105946720578, 0.0014630536316, 0.00212011719123, 0.000658746284898, 0.000747682817746, 0.000870022049639, 0.000675581919495, 0.000635110598523, 0.000439324765466, 0.000287831353489, 0.000175364402821, 0.0002305876842, 0.000142346165376, 8.45028553158e-05, 8.61233056639e-05, 9.40987520153e-05, 0.000188013582374, 8.5338979261e-05, 5.56830782443e-05, 4.13347624999e-05, 3.22886880895e-05, 5.29642638867e-05, 3.39552789228e-05, 9.84631398637e-08, 1.01275832165e-09],
        "dmean2": [0.000157312111696, 0.00443394249305, 0.00188417662866, 0.00243450980633, 0.00341976876371, 0.000979915494099, 0.00110235332977, 0.00132844271138, 0.00104437291157, 0.00101511995308, 0.000694842077792, 0.000453732063761, 0.000281347951386, 0.000368437147699, 0.00022573149181, 0.00013351412781, 0.000136927497806, 0.000149221508764, 0.000290823489195, 0.000129311389173, 8.53723540786e-05, 6.17091864115e-05, 4.74616608699e-05, 7.8679069702e-05, 4.87914694531e-05, 1.6099296829e-07, 1.86162218974e-09],
        "dvar": [8.05825806083e-08, 0.000142152683111, 1.26418517539e-05, 9.97738698061e-06, 1.60707350005e-05, 2.40238705373e-06, 6.16602392256e-06, 1.3403405319e-05, 3.93566961066e-06, 3.54796111424e-06, 1.31091837829e-06, 9.31036879592e-07, 2.26761315503e-07, 6.61004207814e-07, 1.27805563466e-07, 4.09067020257e-08, 4.80491308963e-08, 5.94815183774e-08, 2.82168343801e-07, 7.10385847924e-08, 1.78146883911e-08, 1.06230562125e-08, 8.36066149645e-09, 3.41981589713e-08, 2.44201920907e-08, 1.51254985099e-13, 2.22525357334e-18],
        "dvar2": [2.1746028267e-07, 0.000363875849871, 3.68776745745e-05, 2.69149022643e-05, 4.04906422773e-05, 5.29909493707e-06, 1.25677333926e-05, 3.06082038151e-05, 8.84220207809e-06, 7.94209154265e-06, 3.29429667545e-06, 1.96567521016e-06, 5.53211748411e-07, 1.65384460615e-06, 3.01762412391e-07, 1.02988764183e-07, 1.18499542623e-07, 1.43596551538e-07, 6.82725101342e-07, 1.60765239343e-07, 4.03736315491e-08, 2.0869554973e-08, 1.75270695735e-08, 7.96920360813e-08, 5.25346699476e-08, 2.9030128453e-13, 6.93619481357e-18],
        "max": [0.00345944752917, 0.17193326354, 0.068939268589, 0.0494531057775, 0.0776127651334, 0.0547780655324, 0.0880333334208, 0.144900858402, 0.0663134530187, 0.0632821470499, 0.0302671026438, 0.0515626296401, 0.0199192427099, 0.0303465425968, 0.0102417320013, 0.00869874097407, 0.00717450352386, 0.00894758477807, 0.0148147931322, 0.00919998902828, 0.00456868577749, 0.00482743931934, 0.00360123766586, 0.00494735874236, 0.00893579330295, 2.02662777156e-05, 1.96446752199e-08],
        "mean": [0.000102006575617, 0.00345752155408, 0.00192264840007, 0.00235662073828, 0.00439666723832, 0.00147654593457, 0.00124436500482, 0.00146247586235, 0.00136460701469, 0.00116379489191, 0.000756479566917, 0.000540798122529, 0.000316648656735, 0.000431044609286, 0.000268572272034, 0.000173506778083, 0.000183227530215, 0.000190826249309, 0.000413982052123, 0.000190351172932, 0.000121749792015, 9.47090011323e-05, 6.79911026964e-05, 9.03755062609e-05, 5.77198043175e-05, 1.07800133264e-07, 1.25296806264e-09],
        "median": [1.41799619087e-05, 0.000809592893347, 0.00103997753467, 0.000776287633926, 0.00210322113708, 0.0006654469762, 0.000262083020061, 0.000201571907382, 0.000240264998865, 0.000170539773535, 0.000146070495248, 8.0363577581e-05, 6.54346658848e-05, 5.54408361495e-05, 6.54575269436e-05, 4.62501993752e-05, 4.09137865063e-05, 4.98175868415e-05, 6.64856052026e-05, 3.75878662453e-05, 3.66281456081e-05, 2.7420999686e-05, 1.54635672516e-05, 1.86295837921e-05, 1.07954756459e-05, 1.20774039658e-08, 7.38952676826e-10],
        "min": [2.64467866729e-24, 1.94241173361e-23, 3.7912314317e-23, 2.48024715914e-23, 8.60368369489e-23, 3.88699977668e-23, 6.31333523493e-23, 2.2423172438e-23, 4.36422780773e-23, 1.26138366496e-22, 5.45896416469e-23, 4.16095602294e-23, 3.93865091777e-23, 9.91148759582e-23, 8.46780713713e-23, 1.04928881804e-22, 2.33095245604e-22, 2.30379468875e-22, 2.13851936765e-22, 2.61741927894e-22, 4.46323868658e-22, 4.7246588602e-22, 7.8534064183e-22, 1.04530931138e-21, 9.59388752532e-22, 1.41978302197e-21, 2.81326448736e-21],
        "var": [7.45819619397e-08, 0.000118093536003, 9.83152040135e-06, 1.73842199729e-05, 4.49293984275e-05, 6.60887099002e-06, 1.21541006592e-05, 3.53723662556e-05, 1.61940224643e-05, 1.01803325379e-05, 3.17378862746e-06, 3.92453921449e-06, 6.31159025488e-07, 1.85486112514e-06, 3.77494217219e-07, 1.47333011569e-07, 1.68461653516e-07, 1.75210345787e-07, 1.05571518816e-06, 2.64559190555e-07, 5.69079574575e-08, 5.15869764683e-08, 3.07094936147e-08, 5.45344285285e-08, 4.27740793896e-08, 2.55327389006e-13, 1.94874446536e-18]
    },
    "erbbands": {
        "dmean": [0.075886271894, 0.629784524441, 1.24107384682, 3.01718306541, 5.62628602982, 8.93486022949, 5.87613582611, 5.92794513702, 6.87049674988, 19.5346546173, 13.2997026443, 14.4757108688, 22.9514369965, 14.7821292877, 15.7393016815, 9.92180919647, 7.950694561, 10.2078905106, 8.13117694855, 6.14530420303, 3.88460755348, 4.48762845993, 4.43045186996, 7.65097141266, 8.26391983032, 3.34708809853, 2.33639836311, 2.1770658493, 1.5284460783, 1.02851188183, 0.940007269382, 1.02906453609, 0.918510973454, 0.45738697052, 0.21888615191, 0.0139456484467, 0.000356893549906, 2.44973434746e-05, 6.55879057376e-06, 9.64268656389e-06],
        "dmean2": [0.123942561448, 1.03891646862, 2.19303107262, 5.13306617737, 9.24980545044, 14.3703241348, 9.2125043869, 8.80428791046, 10.1020746231, 30.1535301208, 19.6723384857, 21.9362201691, 35.6752853394, 23.9665222168, 25.1921005249, 15.3586349487, 12.6520328522, 16.3838310242, 12.8338012695, 9.54490566254, 6.13015365601, 7.09572505951, 6.99137067795, 11.8023862839, 12.5550174713, 4.9131436348, 3.58186745644, 3.28442239761, 2.30246734619, 1.53792631626, 1.40111875534, 1.54632556438, 1.38718628883, 0.66376554966, 0.32628595829, 0.0209908057004, 0.000528565316927, 3.54840994987e-05, 9.54291408561e-06, 1.46834236148e-05],
        "dvar": [0.114730343223, 7.50309371948, 20.7586479187, 47.4500999451, 111.036705017, 357.982177734, 136.89289856, 242.131607056, 417.974212646, 5146.71875, 2975.875, 2015.35302734, 4643.63964844, 1749.53686523, 1415.42785645, 1206.79541016, 448.909393311, 1147.92102051, 451.479400635, 258.349822998, 76.8415298462, 133.276107788, 111.564346313, 514.595947266, 579.805969238, 83.7174835205, 31.9061832428, 31.8225631714, 14.8233785629, 8.33477783203, 7.540538311, 9.72891426086, 12.4036092758, 2.75048756599, 1.96324288845, 0.0086229396984, 5.01160002386e-06, 1.81067605354e-08, 3.20439397239e-10, 3.48445772236e-10],
        "dvar2": [0.290365815163, 19.4905204773, 59.5016899109, 133.022094727, 284.267150879, 894.057983398, 297.825195312, 562.178527832, 817.546264648, 11553.6904297, 5425.6328125, 4225.58984375, 10267.8154297, 4353.31835938, 3530.27026367, 2511.04052734, 1068.43054199, 2888.55615234, 1087.95800781, 590.304504395, 187.462280273, 322.93145752, 253.294677734, 1285.94836426, 1331.28967285, 180.561279297, 76.4529724121, 70.2294998169, 30.1306247711, 17.5023651123, 16.3433609009, 22.1388549805, 29.621509552, 5.51043844223, 4.83774423599, 0.0216618552804, 1.23120389617e-05, 4.30894466774e-08, 7.31866400816e-10, 8.49488701604e-10],
        "max": [5.14461946487, 40.9037284851, 75.055770874, 115.379585266, 186.220336914, 370.571899414, 482.519042969, 583.266845703, 549.956604004, 2689.53955078, 2604.01123047, 1836.76489258, 2960.484375, 1406.37487793, 860.763427734, 1726.81945801, 908.598754883, 1164.64831543, 541.795532227, 670.978210449, 219.689605713, 376.08001709, 577.22869873, 695.351745605, 647.24822998, 428.954559326, 205.877639771, 195.533309937, 159.967086792, 128.956436157, 108.704689026, 91.4506454468, 91.202835083, 82.8487701416, 83.1782455444, 5.82272338867, 0.140051960945, 0.00830536801368, 0.00098425836768, 0.000234198756516],
        "mean": [0.0822613313794, 0.834070682526, 2.26486778259, 5.22709226608, 9.77442264557, 17.897567749, 12.7663354874, 12.9892921448, 12.8164558411, 33.2184562683, 24.0970935822, 29.491394043, 45.7712287903, 28.5534934998, 30.2114753723, 20.5533752441, 15.5697860718, 20.516834259, 16.2107696533, 13.3684854507, 8.93115711212, 10.3683853149, 10.1454668045, 16.5814762115, 20.1761074066, 8.36117458344, 5.20572042465, 4.90702390671, 3.57040834427, 2.20789575577, 1.91320765018, 1.81978499889, 1.49998986721, 0.772791802883, 0.346661865711, 0.0210957694799, 0.000579355924856, 4.4620319386e-05, 1.81327268365e-05, 2.80975473288e-05],
        "median": [0.011359738186, 0.255568116903, 1.28846001625, 2.35889148712, 5.11369609833, 6.75834608078, 6.09710264206, 5.60319519043, 4.3927488327, 5.03292369843, 5.34610462189, 5.86011505127, 7.55156993866, 6.38209247589, 6.82493686676, 3.56571865082, 3.4520983696, 3.23911237717, 3.67062330246, 3.35578680038, 2.64760112762, 2.52309513092, 2.78187084198, 3.51145029068, 2.97574424744, 1.84136986732, 1.48799395561, 1.38352203369, 1.05255675316, 0.629406750202, 0.419950425625, 0.41974234581, 0.27601146698, 0.150240004063, 0.058611638844, 0.0032476442866, 0.000106134619273, 1.07593323264e-05, 1.22896317407e-05, 2.19876819756e-05],
        "min": [5.92996259273e-22, 4.77683273207e-21, 2.98880033167e-20, 8.18859627955e-20, 2.36322760971e-19, 2.12872991936e-19, 4.48786634545e-19, 1.52387141552e-19, 4.52319781436e-19, 1.13115273726e-18, 8.77959886189e-19, 7.6632183296e-19, 1.62118487189e-18, 4.233418558e-18, 2.50954541691e-18, 2.13706164438e-18, 2.4111415297e-18, 4.79597995669e-18, 4.36013849194e-18, 3.53020709026e-18, 8.73256227033e-18, 1.42920911438e-17, 1.16782591379e-17, 1.12642734393e-17, 1.2143980848e-17, 1.0621277825e-17, 1.69594888846e-17, 1.79337157402e-17, 1.99083331744e-17, 2.27330490871e-17, 2.04376791356e-17, 2.40139895509e-17, 1.54893457449e-17, 1.06779124e-17, 6.91829338434e-18, 4.61453954369e-18, 2.86146878814e-18, 1.40583274211e-18, 4.23741492603e-19, 3.69723528988e-20],
        "var": [0.0999077111483, 5.96813392639, 15.2724676132, 67.690826416, 213.51940918, 1047.65356445, 571.296142578, 557.286437988, 947.211364746, 11928.8066406, 9394.81933594, 8399.99121094, 18379.6640625, 4707.29345703, 3736.12329102, 5934.36767578, 1338.41210938, 3447.51806641, 1218.41418457, 1015.44012451, 278.103393555, 515.517700195, 408.982177734, 1701.66430664, 2687.32519531, 397.548980713, 109.189224243, 114.1563797, 69.0275344849, 31.9910850525, 24.6184043884, 16.9204730988, 19.0268936157, 5.68680429459, 2.45515394211, 0.00983396731317, 6.1861951508e-06, 2.52318876903e-08, 5.88786963629e-10, 6.30029306503e-10]
    },
    "gfcc": {
        "mean": [-42.9343757629, 114.660545349, -128.108322144, 45.266746521, -77.6502304077, 19.0555229187, -41.8496589661, 4.8386759758, -25.2599811554, -12.830737114, -6.3581032753, -17.7079219818, 3.0355026722],
        "cov": [[4186.67871094, -703.750244141, -319.815155029, 184.676452637, -364.29486084, 95.4454193115, -105.254966736, 232.628829956, -227.126525879, 155.760070801, 5.7153263092, 20.2107830048, -23.6378498077], [-703.750244141, 1255.96960449, 859.657592773, 220.681106567, 275.080810547, -92.3271102905, 112.207443237, -131.564590454, 108.874694824, -50.9767684937, 109.707099915, -51.9565467834, 38.9696159363], [-319.815155029, 859.657592773, 2030.79602051, 762.764648438, 121.621681213, 91.4711380005, -125.373779297, -12.0245227814, 19.3491592407, 180.06590271, 92.8814086914, 13.3151016235, -0.538114011288], [184.676452637, 220.681106567, 762.764648438, 641.188964844, 145.37286377, 46.5165519714, -29.0896053314, 11.3124361038, 9.65037345886, 118.926696777, 45.5546989441, -7.95802879333, 30.7207202911], [-364.29486084, 275.080810547, 121.621681213, 145.37286377, 298.643493652, 48.7948684692, 59.4899101257, -8.350730896, 48.2879447937, -15.2239694595, 14.2714300156, -11.2489423752, 28.9702625275], [95.4454193115, -92.3271102905, 91.4711380005, 46.5165519714, 48.7948684692, 243.871948242, 75.310798645, 26.7250480652, -35.4289360046, 21.4059944153, -1.42683053017, 36.4462776184, -8.37210941315], [-105.254966736, 112.207443237, -125.373779297, -29.0896053314, 59.4899101257, 75.310798645, 236.261444092, 12.012843132, 15.3501996994, -31.056848526, 25.8201904297, -9.95363235474, 15.3782167435], [232.628829956, -131.564590454, -12.0245227814, 11.3124361038, -8.350730896, 26.7250480652, 12.012843132, 140.788803101, 26.8293190002, 47.7011413574, -6.35437917709, 6.71985054016, -7.83573246002], [-227.126525879, 108.874694824, 19.3491592407, 9.65037345886, 48.2879447937, -35.4289360046, 15.3501996994, 26.8293190002, 156.50491333, 30.0030879974, 2.97137880325, -18.9891624451, 5.00607156754], [155.760070801, -50.9767684937, 180.06590271, 118.926696777, -15.2239694595, 21.4059944153, -31.056848526, 47.7011413574, 30.0030879974, 140.163070679, 27.1268844604, 6.28615856171, -5.18635940552], [5.7153263092, 109.707099915, 92.8814086914, 45.5546989441, 14.2714300156, -1.42683053017, 25.8201904297, -6.35437917709, 2.97137880325, 27.1268844604, 88.9929733276, 25.2602386475, 3.70006394386], [20.2107830048, -51.9565467834, 13.3151016235, -7.95802879333, -11.2489423752, 36.4462776184, -9.95363235474, 6.71985054016, -18.9891624451, 6.28615856171, 25.2602386475, 94.3924484253, 20.5637817383], [-23.6378498077, 38.9696159363, -0.538114011288, 30.7207202911, 28.9702625275, -8.37210941315, 15.3782167435, -7.83573246002, 5.00607156754, -5.18635940552, 3.70006394386, 20.5637817383, 72.542175293]],
        "icov": [[0.000442634220235, -0.000446799676865, 0.000530154909939, -0.000677955104038, 0.000907537760213, -0.000552420271561, 0.00054183928296, -0.000997000141069, 0.000719328061678, -0.000272702571237, -5.31095101906e-05, 0.00017339491751, -8.9033448603e-05], [-0.000446799676865, 0.00435009226203, -0.0029694524128, 0.00247963285074, -0.00368837825954, 0.00304818921722, -0.00295999087393, 0.00329892733134, -0.0020695310086, 0.00201791920699, -0.00264462456107, 0.00125993601978, -0.00068115897011], [0.000530154909939, -0.0029694524128, 0.00314988219179, -0.00306807155721, 0.00297980755568, -0.00263629620895, 0.00268879160285, -0.00235738884658, 0.00140976195689, -0.00142495927867, 0.000988197163679, -0.000667524756864, 0.000711356871761], [-0.000677955104038, 0.00247963285074, -0.00306807155721, 0.00555333262309, -0.00411603739485, 0.00217677699402, -0.00198553712107, 0.00248039024882, -0.00073286757106, -0.000908805057406, -0.00120146060362, 0.00129088794347, -0.00166271766648], [0.000907537760213, -0.00368837825954, 0.00297980755568, -0.00411603739485, 0.00875068455935, -0.00429125549272, 0.00257703685202, -0.00348346703686, 0.00041891328874, 0.000372868060367, 0.000852514931466, 0.000275472819339, -0.000993995694444], [-0.000552420271561, 0.00304818921722, -0.00263629620895, 0.00217677699402, -0.00429125549272, 0.00890282168984, -0.00522313499823, 0.00232962891459, 0.000390344153857, -0.000653942872304, 0.00138271925971, -0.00300855142996, 0.00204985355958], [0.00054183928296, -0.00295999087393, 0.00268879160285, -0.00198553712107, 0.00257703685202, -0.00522313499823, 0.00882968585938, -0.0036511218641, 0.000609806855209, 0.000993159017526, -0.00239973608404, 0.00230799871497, -0.00177362142131], [-0.000997000141069, 0.00329892733134, -0.00235738884658, 0.00248039024882, -0.00348346703686, 0.00232962891459, -0.0036511218641, 0.0125460159034, -0.00360627868213, -0.00185706943739, 0.000673935632221, -0.00102084409446, 0.000995334237814], [0.000719328061678, -0.0020695310086, 0.00140976195689, -0.00073286757106, 0.00041891328874, 0.000390344153857, 0.000609806855209, -0.00360627868213, 0.0100497575477, -0.00388823216781, 0.00161308108363, 0.000555841543246, -0.000185448676348], [-0.000272702571237, 0.00201791920699, -0.00142495927867, -0.000908805057406, 0.000372868060367, -0.000653942872304, 0.000993159017526, -0.00185706943739, -0.00388823216781, 0.0135677326471, -0.0054790135473, 0.001694232109, -0.000396569026634], [-5.31095101906e-05, -0.00264462456107, 0.000988197163679, -0.00120146060362, 0.000852514931466, 0.00138271925971, -0.00239973608404, 0.000673935632221, 0.00161308108363, -0.0054790135473, 0.0182681884617, -0.00725880824029, 0.00294301891699], [0.00017339491751, 0.00125993601978, -0.000667524756864, 0.00129088794347, 0.000275472819339, -0.00300855142996, 0.00230799871497, -0.00102084409446, 0.000555841543246, 0.001694232109, -0.00725880824029, 0.016298878938, -0.00639602262527], [-8.9033448603e-05, -0.00068115897011, 0.000711356871761, -0.00166271766648, -0.000993995694444, 0.00204985355958, -0.00177362142131, 0.000995334237814, -0.000185448676348, -0.000396569026634, 0.00294301891699, -0.00639602262527, 0.0175958815962]]
    },
    "melbands": {
        "dmean": [0.000729654217139, 0.000706802355126, 0.000583690358326, 0.000516182859428, 0.000243719274295, 0.000127665611217, 0.0001178522798, 0.000220742658712, 9.97539973469e-05, 9.84050857369e-05, 0.000115521688713, 6.18605627096e-05, 5.78326362302e-05, 3.80980382033e-05, 1.92337520275e-05, 1.77703132067e-05, 2.12979521166e-05, 1.53801265697e-05, 1.05882672869e-05, 6.9119400905e-06, 4.81077449876e-06, 5.12518363394e-06, 4.72668307339e-06, 4.45920977654e-06, 7.03202476871e-06, 7.76307206252e-06, 4.60536739411e-06, 2.06405002245e-06, 1.62897970313e-06, 1.39741530347e-06, 1.39628730267e-06, 1.01241630546e-06, 6.62434274545e-07, 5.93863717313e-07, 5.57970793125e-07, 6.02437921771e-07, 6.91825675858e-07, 7.580986221e-07, 4.91657772272e-07, 3.74506896605e-07],
        "dmean2": [0.00118124450091, 0.00120653992053, 0.000981098390184, 0.000833306170534, 0.000389221444493, 0.000188500576769, 0.000173224354512, 0.00034029854578, 0.000146906982991, 0.000150103645865, 0.00017969457258, 0.000100534634839, 9.18599253055e-05, 5.96366953687e-05, 3.08973503707e-05, 2.82457331195e-05, 3.42261155311e-05, 2.42257410719e-05, 1.66496338352e-05, 1.09568627522e-05, 7.69346206653e-06, 8.15795647213e-06, 7.64020842325e-06, 7.08016887074e-06, 1.09545526357e-05, 1.19260339488e-05, 6.94884101904e-06, 3.15006514029e-06, 2.54057022175e-06, 2.14533702092e-06, 2.15460408981e-06, 1.56569058163e-06, 1.01079342585e-06, 8.96709877907e-07, 8.47985688779e-07, 9.27370990667e-07, 1.05366791558e-06, 1.16677131246e-06, 7.31463046577e-07, 5.4722073628e-07],
        "dvar": [1.0433247553e-05, 7.62062609283e-06, 1.56870919454e-06, 1.01453338175e-06, 2.15489180277e-07, 1.03142447472e-07, 1.25262033634e-07, 6.62039042254e-07, 1.5272264875e-07, 9.04407215785e-08, 1.15010990953e-07, 3.15382813199e-08, 2.10726174288e-08, 1.80077659451e-08, 2.53684850904e-09, 2.83915446708e-09, 5.81341907946e-09, 2.15442463869e-09, 8.38874580911e-10, 3.33435307143e-10, 1.35652919453e-10, 2.0027546288e-10, 1.1763734431e-10, 1.50099113694e-10, 4.95164964587e-10, 6.06391603597e-10, 2.05949438059e-10, 4.07606413899e-11, 1.62354765049e-11, 1.20487612942e-11, 1.43355492407e-11, 6.58441096785e-12, 3.18189355072e-12, 2.96948967152e-12, 3.00086713291e-12, 2.66342546976e-12, 5.01936296346e-12, 1.04606783305e-11, 3.38115234595e-12, 2.02124601778e-12],
        "dvar2": [2.6474635888e-05, 2.08026085602e-05, 4.2983451749e-06, 2.56760836237e-06, 4.9733864671e-07, 2.35565721596e-07, 2.48520478863e-07, 1.56507633164e-06, 2.67896609785e-07, 1.98035323251e-07, 2.5612004606e-07, 7.73867938619e-08, 5.23680192543e-08, 3.68261758865e-08, 6.2848863891e-09, 7.08350667011e-09, 1.46502676657e-08, 5.20338661048e-09, 1.88532678358e-09, 8.65485239032e-10, 3.33809729858e-10, 4.76920392067e-10, 3.15903608827e-10, 3.39779232528e-10, 1.26469390516e-09, 1.48909695685e-09, 4.42773762099e-10, 9.33492311228e-11, 4.06556247001e-11, 2.76927179105e-11, 3.32044981788e-11, 1.41522175923e-11, 6.47410770827e-12, 6.56531166238e-12, 6.63305218043e-12, 6.10901043294e-12, 1.16605544664e-11, 2.60601453611e-11, 7.67583219208e-12, 4.2925801802e-12],
        "max": [0.0486821010709, 0.0368785187602, 0.0200669039041, 0.0204157941043, 0.01448235102, 0.011911640875, 0.00934285949916, 0.0336019694805, 0.0228999704123, 0.012749325484, 0.0143306683749, 0.00595315080136, 0.00337304244749, 0.00790745392442, 0.00208128592931, 0.00270912307315, 0.00280138896778, 0.00136206008028, 0.00106687191874, 0.000931198010221, 0.000360774021829, 0.000521664042026, 0.000264733447693, 0.000560913118534, 0.000641475780867, 0.000920338789001, 0.00046948750969, 0.000391786976252, 0.000166543090018, 0.000131280554342, 0.000133443492814, 9.50597968767e-05, 7.78507528594e-05, 7.18886221875e-05, 7.8811426647e-05, 3.6470406485e-05, 7.60901602916e-05, 9.87120074569e-05, 0.0001052751104, 7.58523019613e-05],
        "mean": [0.000859470455907, 0.00118246930651, 0.00104011769872, 0.0010176866781, 0.000547781703062, 0.000280816515442, 0.000213330291444, 0.000377876975108, 0.000175426655915, 0.000199301866814, 0.000226380871027, 0.000112580964924, 0.000105390856334, 7.257690595e-05, 3.54863914254e-05, 3.22745436279e-05, 3.99837299483e-05, 2.78490751953e-05, 2.04519674298e-05, 1.41787722896e-05, 9.74866088654e-06, 1.0696055142e-05, 9.84579946817e-06, 8.85152439878e-06, 1.3543474779e-05, 1.72398176801e-05, 1.04966302388e-05, 4.38030519945e-06, 3.26513077198e-06, 2.86881413558e-06, 2.90697926175e-06, 2.22899006985e-06, 1.36311859933e-06, 1.16643298043e-06, 1.08146491584e-06, 1.08045276193e-06, 1.13947544378e-06, 1.15563705094e-06, 7.94610059529e-07, 6.02760280799e-07],
        "median": [0.000164920696989, 0.000649051333312, 0.000505574629642, 0.000497022061609, 0.000249115983024, 0.000119000687846, 6.54077666695e-05, 5.4531461501e-05, 3.63614817616e-05, 3.39987673215e-05, 3.43947649526e-05, 2.18109598791e-05, 2.24002651521e-05, 1.08504173113e-05, 7.00707278156e-06, 6.3411789597e-06, 5.11738426212e-06, 4.95699259773e-06, 4.74622174806e-06, 3.34832475346e-06, 2.77218487099e-06, 2.37085464505e-06, 2.31772537518e-06, 2.24921313929e-06, 2.60916522166e-06, 2.3743782549e-06, 1.47202013068e-06, 1.02892659015e-06, 8.70885060067e-07, 8.07182004792e-07, 7.34985121653e-07, 6.22272295914e-07, 4.12049985243e-07, 2.98366899187e-07, 2.23613938033e-07, 2.41772966092e-07, 2.53248913396e-07, 1.96942153252e-07, 1.44462546814e-07, 1.12069358238e-07],
        "min": [5.74831069278e-24, 1.29695848344e-23, 1.74695945365e-23, 1.88276248958e-23, 1.28006053064e-23, 4.29305322699e-24, 9.33168335018e-24, 1.11763067816e-23, 8.52448616208e-24, 4.23707250171e-24, 8.42047721831e-24, 1.79684291522e-23, 7.77301884149e-24, 5.60529652155e-24, 4.99023429552e-24, 4.69418308083e-24, 9.68336385262e-24, 6.80192791172e-24, 5.67864244193e-24, 4.19394350387e-24, 1.1628092944e-23, 1.72255793482e-23, 9.46870217853e-24, 1.06822763288e-23, 9.31679675604e-24, 6.7756241337e-24, 8.9706674678e-24, 7.03788409708e-24, 1.04479649184e-23, 9.62004829864e-24, 1.00472882652e-23, 1.11163991067e-23, 9.54003965905e-24, 1.49877040224e-23, 1.27977346416e-23, 9.39843360454e-24, 1.6846725743e-23, 1.08115098889e-23, 7.94626295147e-24, 9.87706154815e-24],
        "var": [8.85908320925e-06, 5.73746774535e-06, 2.48545825343e-06, 2.43743079409e-06, 9.25167398691e-07, 2.52452508676e-07, 2.73023147201e-07, 1.63428114774e-06, 5.01322460877e-07, 3.74054309304e-07, 4.49108625844e-07, 8.13013798506e-08, 5.33885788911e-08, 7.62751284356e-08, 8.26924750896e-09, 7.66529950624e-09, 1.64899649491e-08, 5.47774225979e-09, 2.79496625843e-09, 1.31555633054e-09, 3.8666889135e-10, 6.57092658063e-10, 4.02173766512e-10, 4.36350205968e-10, 1.41762990236e-09, 2.48757059396e-09, 9.15293785209e-10, 1.24689286674e-10, 4.93914804889e-11, 3.42141592835e-11, 4.55933936439e-11, 2.78439094697e-11, 1.25187612013e-11, 9.93130751248e-12, 9.59797692712e-12, 5.9061440634e-12, 7.47623924574e-12, 1.33086779444e-11, 5.86023634133e-12, 3.90252500454e-12]
    },
    "mfcc": {
        "mean": [-672.296020508, 123.002120972, 10.1979084015, 19.243314743, -1.23343968391, 0.879508256912, 2.15321516991, 1.41466116905, -3.45325112343, -1.38078868389, -5.0091791153, -6.68523263931, -7.21703243256],
        "cov": [[4280.31982422, -1088.45849609, -493.892944336, -210.119308472, -311.092376709, -226.143630981, 87.1482620239, -49.7163047791, -56.4018478394, 57.3710136414, -5.21442985535, -46.4733581543, -69.5558166504], [-1088.45849609, 1163.9375, 470.919464111, 250.390060425, 182.380142212, 96.7225341797, 30.9081916809, 25.3591747284, -1.41956007481, -30.7687206268, 35.7209663391, 22.5337619781, 25.0672454834], [-493.892944336, 470.919464111, 1714.66955566, 651.596374512, 394.554229736, 194.355895996, 79.6147766113, -108.293014526, -24.9379253387, 38.2009925842, 32.0267486572, 93.0130462646, 159.515762329], [-210.119308472, 250.390060425, 651.596374512, 615.67767334, 272.906829834, 106.622711182, 52.6096000671, -69.9989624023, 13.9862537384, 79.8286743164, 4.73496389389, 18.6509380341, 89.6110076904], [-311.092376709, 182.380142212, 394.554229736, 272.906829834, 337.2137146, 94.2823791504, 11.6029434204, -18.9230327606, 23.6921024323, 30.4097175598, -0.235173031688, 24.8364505768, 59.8753471375], [-226.143630981, 96.7225341797, 194.355895996, 106.622711182, 94.2823791504, 218.570343018, 98.3040084839, 35.906211853, 25.1993560791, 3.99019932747, 15.94718647, 18.3231124878, 3.71605920792], [87.1482620239, 30.9081916809, 79.6147766113, 52.6096000671, 11.6029434204, 98.3040084839, 205.223068237, 56.3061981201, 5.95994710922, 9.996925354, 20.1091690063, -4.86076068878, -14.4675865173], [-49.7163047791, 25.3591747284, -108.293014526, -69.9989624023, -18.9230327606, 35.906211853, 56.3061981201, 136.800170898, 32.7694358826, -16.8262939453, 12.5694999695, 2.10174059868, -19.8101921082], [-56.4018478394, -1.41956007481, -24.9379253387, 13.9862537384, 23.6921024323, 25.1993560791, 5.95994710922, 32.7694358826, 113.575767517, 45.537651062, 7.78289222717, 17.2366065979, 9.50036239624], [57.3710136414, -30.7687206268, 38.2009925842, 79.8286743164, 30.4097175598, 3.99019932747, 9.996925354, -16.8262939453, 45.537651062, 125.199310303, 26.1394462585, 4.97469234467, 20.1049728394], [-5.21442985535, 35.7209663391, 32.0267486572, 4.73496389389, -0.235173031688, 15.94718647, 20.1091690063, 12.5694999695, 7.78289222717, 26.1394462585, 101.200500488, 36.9429969788, 4.92391347885], [-46.4733581543, 22.5337619781, 93.0130462646, 18.6509380341, 24.8364505768, 18.3231124878, -4.86076068878, 2.10174059868, 17.2366065979, 4.97469234467, 36.9429969788, 100.458320618, 39.8182182312], [-69.5558166504, 25.0672454834, 159.515762329, 89.6110076904, 59.8753471375, 3.71605920792, -14.4675865173, -19.8101921082, 9.50036239624, 20.1049728394, 4.92391347885, 39.8182182312, 103.384002686]],
