{
"lowlevel": {
    "average_loudness": 0.709518194199,
    "barkbands_crest": {
        "dmean": 2.75874066353,
        "dmean2": 4.54915523529,
        "dvar": 6.30348062515,
        "dvar2": 16.0859413147,
        "max": 24.1145324707,
        "mean": 8.7300825119,
        "median": 7.79876613617,
        "min": 2.05343914032,
        "var": 16.7273769379
    },
    "barkbands_flatness_db": {
        "dmean": 0.0193494036794,
        "dmean2": 0.0304755773395,
        "dvar": 0.000314741628245,
        "dvar2": 0.000787982949987,
        "max": 0.28333479166,
        "mean": 0.0877071917057,
        "median": 0.0776336491108,
        "min": 0.00774958683178,
        "var": 0.00249358220026
    },
    "barkbands_kurtosis": {
        "dmean": 1.71846234798,
        "dmean2": 2.85495090485,
        "dvar": 8.72312068939,
        "dvar2": 24.1063842773,
        "max": 52.3210678101,
        "mean": 1.52616012096,
        "median": 0.467053174973,
        "min": -1.88507008553,
        "var": 14.3312644958
    },
    "barkbands_skewness": {
        "dmean": 0.48965087533,
        "dmean2": 0.787151038647,
        "dvar": 0.254364073277,
        "dvar2": 0.641535639763,
        "max": 6.40349340439,
        "mean": 1.02362918854,
        "median": 0.892916679382,
        "min": -3.51193785667,
        "var": 0.856812179089
    },
    "barkbands_spread": {
        "dmean": 7.42698287964,
        "dmean2": 11.2997493744,
        "dvar": 62.1912117004,
        "dvar2": 132.481445312,
        "max": 135.452957153,
        "mean": 30.6277084351,
        "median": 27.5815811157,
        "min": 3.68576622009,
        "var": 292.940338135
    },
    "dissonance": {
        "dmean": 0.0138092888519,
        "dmean2": 0.0236304551363,
        "dvar": 0.00020678351575,
        "dvar2": 0.000577973958571,
        "max": 0.500000059605,
        "mean": 0.478771597147,
        "median": 0.483958303928,
        "min": 0.339816868305,
        "var": 0.000361422396963
    },
    "dynamic_complexity": 3.87769293785,
    "erbbands_crest": {
        "dmean": 2.42956638336,
        "dmean2": 3.9975168705,
        "dvar": 5.4100561142,
        "dvar2": 14.1565876007,
        "max": 32.7856636047,
        "mean": 7.76383733749,
        "median": 6.68633031845,
        "min": 1.97545492649,
        "var": 16.6635017395
    },
    "erbbands_flatness_db": {
        "dmean": 0.0180825963616,
        "dmean2": 0.0266558676958,
        "dvar": 0.000301551190205,
        "dvar2": 0.000626114022452,
        "max": 0.369729489088,
        "mean": 0.133101165295,
        "median": 0.117124699056,
        "min": 0.0421176366508,
        "var": 0.00414841994643
    },
    "erbbands_kurtosis": {
        "dmean": 0.783036112785,
        "dmean2": 1.27457606792,
        "dvar": 1.22265601158,
        "dvar2": 3.14935874939,
        "max": 37.577999115,
        "mean": 0.418352156878,
        "median": -0.0446317195892,
        "min": -1.67919147015,
        "var": 3.06806468964
    },
    "erbbands_skewness": {
        "dmean": 0.325715869665,
        "dmean2": 0.517678797245,
        "dvar": 0.090007185936,
        "dvar2": 0.211775705218,
        "max": 3.56185507774,
        "mean": 0.242771923542,
        "median": 0.214878857136,
        "min": -5.70080947876,
        "var": 0.493119120598
    },
    "erbbands_spread": {
        "dmean": 8.03638839722,
        "dmean2": 12.5792207718,
        "dvar": 70.7892074585,
        "dvar2": 167.822616577,
        "max": 122.411369324,
        "mean": 37.045124054,
        "median": 35.2504081726,
        "min": 4.40801286697,
        "var": 318.123138428
    },
    "hfc": {
        "dmean": 9.26834774017,
        "dmean2": 13.1902456284,
        "dvar": 240.430496216,
        "dvar2": 509.751281738,
        "max": 190.25894165,
        "mean": 24.1278877258,
        "median": 15.4359054565,
        "min": 1.23185933813e-16,
        "var": 640.428405762
    },
    "melbands_crest": {
        "dmean": 3.63140058517,
        "dmean2": 5.98960638046,
        "dvar": 9.66425037384,
        "dvar2": 25.0535812378,
        "max": 34.1770629883,
        "mean": 12.6204833984,
        "median": 11.7190055847,
        "min": 2.64266300201,
        "var": 26.1676654816
    },
    "melbands_flatness_db": {
        "dmean": 0.0257940366864,
        "dmean2": 0.0411583594978,
        "dvar": 0.000562846485991,
        "dvar2": 0.00141487817746,
        "max": 0.348599463701,
        "mean": 0.147853687406,
        "median": 0.144442230463,
        "min": 0.00864309445024,
        "var": 0.00254038441926
    },
    "melbands_kurtosis": {
        "dmean": 5.17454385757,
        "dmean2": 8.60951805115,
        "dvar": 92.9969482422,
        "dvar2": 248.661270142,
        "max": 151.321136475,
        "mean": 7.98761796951,
        "median": 3.95677495003,
        "min": -1.76861178875,
        "var": 158.320953369
    },
    "melbands_skewness": {
        "dmean": 0.716927170753,
        "dmean2": 1.15389275551,
        "dvar": 0.599586129189,
        "dvar2": 1.53029417992,
        "max": 10.9283485413,
        "mean": 2.06431674957,
        "median": 1.76998639107,
        "min": -2.36112117767,
        "var": 2.19704723358
    },
    "melbands_spread": {
        "dmean": 9.54753494263,
        "dmean2": 15.2002048492,
        "dvar": 135.556777954,
        "dvar2": 307.58706665,
        "max": 201.478271484,
        "mean": 32.136844635,
        "median": 28.6163597107,
        "min": 2.29076623917,
        "var": 387.782562256
    },
    "pitch_salience": {
        "dmean": 0.0737589821219,
        "dmean2": 0.119538329542,
        "dvar": 0.00419835932553,
        "dvar2": 0.0104259196669,
        "max": 0.879386782646,
        "mean": 0.607721865177,
        "median": 0.622187972069,
        "min": 0.127867475152,
        "var": 0.0133299035951
    },
    "silence_rate_20dB": {
        "dmean": 0,
        "dmean2": 0,
        "dvar": 0,
        "dvar2": 0,
        "max": 1,
        "mean": 1,
        "median": 1,
        "min": 1,
        "var": 0
    },
    "silence_rate_30dB": {
        "dmean": 0.000484437448904,
        "dmean2": 0.000968992244452,
        "dvar": 0.000484204647364,
        "dvar2": 0.00145255716052,
        "max": 1,
        "mean": 0.999757826328,
        "median": 1,
        "min": 0,
        "var": 0.000242109934334
    },
    "silence_rate_60dB": {
        "dmean": 0.0356061533093,
        "dmean2": 0.0712209269404,
        "dvar": 0.0343435294926,
        "dvar2": 0.0748639181256,
        "max": 1,
        "mean": 0.112739160657,
        "median": 0,
        "min": 0,
        "var": 0.100016735494
    },
    "spectral_centroid": {
        "dmean": 280.052032471,
        "dmean2": 437.140991211,
        "dvar": 89957.90625,
        "dvar2": 183644.625,
        "max": 11002.8818359,
        "mean": 1763.02746582,
        "median": 1702.19995117,
        "min": 333.010437012,
        "var": 347638.71875
    },
    "spectral_complexity": {
        "dmean": 4.15889549255,
        "dmean2": 6.13287305832,
        "dvar": 20.9268875122,
        "dvar2": 40.1817245483,
        "max": 56,
        "mean": 20.7272949219,
        "median": 20,
        "min": 0,
        "var": 126.834602356
    },
    "spectral_decrease": {
        "dmean": 2.17363149702e-09,
        "dmean2": 3.50658635462e-09,
        "dvar": 9.73019916454e-18,
        "dvar2": 2.59368172069e-17,
        "max": -2.2806200363e-29,
        "mean": -4.88628693063e-09,
        "median": -3.2875768774e-09,
        "min": -3.29887441808e-08,
        "var": 2.2232158139e-17
    },
    "spectral_energy": {
        "dmean": 0.00888409744948,
        "dmean2": 0.0141976242885,
        "dvar": 0.000158253300469,
        "dvar2": 0.000411611283198,
        "max": 0.13516651094,
        "mean": 0.0206305086613,
        "median": 0.014063263312,
        "min": 1.12593983211e-20,
        "var": 0.000381156452931
    },
    "spectral_energyband_high": {
        "dmean": 0.000616267439909,
        "dmean2": 0.000842393434141,
        "dvar": 1.42969838635e-06,
        "dvar2": 2.94876508633e-06,
        "max": 0.0162594616413,
        "mean": 0.00117390719242,
        "median": 0.000478409056086,
        "min": 7.98585931973e-21,
        "var": 3.04666173179e-06
    },
    "spectral_energyband_low": {
        "dmean": 0.00441251229495,
        "dmean2": 0.0076594511047,
        "dvar": 6.58518256387e-05,
        "dvar2": 0.000198304187506,
        "max": 0.0801324620843,
        "mean": 0.00586217222735,
        "median": 0.00317600579001,
        "min": 1.07559909628e-22,
        "var": 7.40709583624e-05
    },
    "spectral_energyband_middle_high": {
        "dmean": 0.00243267905898,
        "dmean2": 0.00384490587749,
        "dvar": 1.90195114556e-05,
        "dvar2": 4.98406407132e-05,
        "max": 0.0901887193322,
        "mean": 0.00711856223643,
        "median": 0.00327911321074,
        "min": 1.64422190123e-21,
        "var": 9.60021789069e-05
    },
    "spectral_energyband_middle_low": {
        "dmean": 0.00412679556757,
        "dmean2": 0.00656203879043,
        "dvar": 4.58817012259e-05,
        "dvar2": 0.000115356284368,
        "max": 0.0990985408425,
        "mean": 0.00698376633227,
        "median": 0.00356366625056,
        "min": 3.99627443011e-22,
        "var": 8.09785196907e-05
    },
    "spectral_entropy": {
        "dmean": 0.121329374611,
        "dmean2": 0.182117983699,
        "dvar": 0.0146133955568,
        "dvar2": 0.0303654614836,
        "max": 9.82184410095,
        "mean": 7.94208812714,
        "median": 7.95018053055,
        "min": 6.18778705597,
        "var": 0.0932713225484
    },
    "spectral_flux": {
        "dmean": 0.0226361639798,
        "dmean2": 0.0343494489789,
        "dvar": 0.000757929810788,
        "dvar2": 0.00149683444761,
        "max": 0.286642462015,
        "mean": 0.0830634981394,
        "median": 0.0740680098534,
        "min": 7.70233270941e-07,
        "var": 0.00220100558363
    },
    "spectral_kurtosis": {
        "dmean": 0.985018491745,
        "dmean2": 1.60886144638,
        "dvar": 1.22763967514,
        "dvar2": 3.48531746864,
        "max": 19.2178611755,
        "mean": 4.25056219101,
        "median": 4.00636100769,
        "min": -1.22272229195,
        "var": 4.35311460495
    },
    "spectral_rms": {
        "dmean": 0.000879793020431,
        "dmean2": 0.00135053996928,
        "dvar": 1.02453168438e-06,
        "dvar2": 2.44720718001e-06,
        "max": 0.0114834560081,
        "mean": 0.00401525851339,
        "median": 0.00370408641174,
        "min": 3.31432927977e-12,
        "var": 4.00497947339e-06
    },
    "spectral_rolloff": {
        "dmean": 723.870056152,
        "dmean2": 1184.48193359,
        "dvar": 1169373.25,
        "dvar2": 2472339.5,
        "max": 19056.8847656,
        "mean": 2270.29760742,
        "median": 1787.25585938,
        "min": 86.1328125,
        "var": 3238806.5
    },
    "spectral_skewness": {
        "dmean": 0.146616339684,
        "dmean2": 0.231234177947,
        "dvar": 0.0179316103458,
        "dvar2": 0.0449304133654,
        "max": 3.1188082695,
        "mean": 1.57366132736,
        "median": 1.59150326252,
        "min": -0.00212213722989,
        "var": 0.0870607867837
    },
    "spectral_spread": {
        "dmean": 612047.875,
        "dmean2": 870155.0625,
        "dvar": 586272145408,
        "dvar2": 1.03313099981e+12,
        "max": 41893248,
        "mean": 5231999.5,
        "median": 5094992.5,
        "min": 1802225.25,
        "var": 2.64665982566e+12
    },
    "spectral_strongpeak": {
        "dmean": 0.542961001396,
        "dmean2": 0.917047441006,
        "dvar": 0.793661653996,
        "dvar2": 2.07356715202,
        "max": 11.9906759262,
        "mean": 0.883822858334,
        "median": 0.306118786335,
        "min": 0,
        "var": 1.80675256252
    },
    "zerocrossingrate": {
        "dmean": 0.0139124970883,
        "dmean2": 0.0162465889007,
        "dvar": 0.000240547698922,
        "dvar2": 0.000286030030111,
        "max": 0.63134765625,
        "mean": 0.0911688134074,
        "median": 0.079833984375,
        "min": 0.00732421875,
        "var": 0.00188761763275
    },
    "barkbands": {
        "dmean": [0.000402941048378, 0.00267796823755, 0.00176842801739, 0.00076583691407, 0.0014982256107, 0.000502124195918, 0.000518514658324, 0.000892613083124, 0.00115718273446, 0.000793868035544, 0.00110220594797, 0.000485049880808, 0.000510508194566, 0.000286419730401, 0.00027213388239, 0.000207092147321, 0.000190513528651, 0.000218197790673, 0.00016595532361, 9.17933211895e-05, 0.000106376210169, 9.11300085136e-05, 9.49496461544e-05, 0.000100008386653, 0.000108870211989, 0.000100033976196, 4.92396720801e-05],
        "dmean2": [0.000683708291035, 0.00441335188225, 0.00323748867959, 0.00137361441739, 0.00256727915257, 0.000841858971398, 0.000831122510135, 0.00142610375769, 0.00185657839756, 0.00130754371639, 0.00183593737893, 0.000811046571471, 0.000831678917166, 0.000482982693939, 0.000454064225778, 0.000345844076946, 0.000311735813739, 0.000352722010575, 0.000256279687164, 0.000145400757901, 0.000162155207363, 0.000137880706461, 0.000141911383253, 0.000148238555994, 0.000156228619744, 0.000144356745295, 7.24026249372e-05],
        "dvar": [4.93575385008e-07, 2.34375056607e-05, 2.33316750382e-05, 3.14163025905e-06, 1.01921259557e-05, 1.13802025226e-06, 1.57425154157e-06, 7.75355510996e-06, 1.03669262899e-05, 5.08608036398e-06, 8.90309274837e-06, 1.77611968866e-06, 2.37413928517e-06, 3.274590199e-07, 5.76116804041e-07, 1.13912804522e-07, 1.05125472771e-07, 1.6919894108e-07, 8.37574063439e-08, 2.04391135128e-08, 3.49583189063e-08, 2.42123530114e-08, 3.03784339906e-08, 5.12631501692e-08, 6.71277362585e-08, 5.65904834104e-08, 1.61385571573e-08],
        "dvar2": [1.22017081594e-06, 6.43041057629e-05, 6.65946281515e-05, 9.07116282178e-06, 2.74944359262e-05, 2.96344046546e-06, 3.76640855393e-06, 1.96978471649e-05, 2.64579375653e-05, 1.34207393785e-05, 2.52474492299e-05, 4.7790708777e-06, 5.85746875004e-06, 9.07372395886e-07, 1.6255638684e-06, 2.89328539793e-07, 2.6473784942e-07, 3.99372680704e-07, 1.90579996229e-07, 4.73313868099e-08, 8.25069363941e-08, 5.46683232017e-08, 6.67279422828e-08, 1.13470093765e-07, 1.34611113367e-07, 1.20215915445e-07, 3.59184753052e-08],
        "max": [0.00802542921156, 0.054085560143, 0.0477367974818, 0.0235834792256, 0.0428617373109, 0.0162050034851, 0.0200932528824, 0.0723132118583, 0.0907920897007, 0.0535242930055, 0.0530364625156, 0.0372760556638, 0.0521739758551, 0.0112441023812, 0.0238943155855, 0.00669543305412, 0.00788896810263, 0.0130235832185, 0.00856968015432, 0.00282532838173, 0.00301212910563, 0.00245407433249, 0.00370785710402, 0.00309633067809, 0.00379885686561, 0.00325725087896, 0.00154582876712],
        "mean": [0.00041222589789, 0.00362104014494, 0.00149795319885, 0.000732607091777, 0.00168452726211, 0.000566194241401, 0.000619064085186, 0.00115254777484, 0.00185563252307, 0.00133063376416, 0.00174668023828, 0.000787171593402, 0.000847923685797, 0.000517619715538, 0.000467023812234, 0.000372975482605, 0.000361305166734, 0.000413565605413, 0.000367584027117, 0.00019490843988, 0.000201143178856, 0.000175784633029, 0.000165436591487, 0.000166899830219, 0.000184562668437, 0.000130019543576, 5.74230252823e-05],
        "median": [0.000127241568407, 0.00159531540703, 0.000349101086613, 0.000262366433162, 0.000638552824967, 0.000211466191104, 0.000162221986102, 0.000186990830116, 0.000370369583834, 0.000285572634311, 0.000359035271686, 0.000228133401833, 0.000251527642831, 0.000197178611415, 0.000224969102419, 0.000199844915187, 0.000202784460271, 0.000210801517824, 0.000204300915357, 0.000101892233943, 9.28789522732e-05, 8.37031984702e-05, 6.65573752485e-05, 5.22330228705e-05, 5.05465759488e-05, 2.88190167339e-05, 8.3679369709e-06],
        "min": [1.25740136889e-23, 5.82742152977e-23, 4.30586156707e-23, 2.38374785564e-23, 1.83278704683e-22, 1.47766079996e-23, 1.99038962278e-23, 5.62877625642e-23, 5.74490667909e-23, 8.4214896424e-23, 3.30352038586e-23, 1.32665755035e-22, 6.43842711748e-23, 1.04299017392e-22, 1.45386963858e-22, 1.57336994882e-22, 1.77710179729e-22, 2.75333307094e-22, 3.78473500437e-22, 3.4012978649e-22, 3.60691666866e-22, 3.98599096556e-22, 7.86916546105e-22, 8.97581336525e-22, 1.4341076253e-21, 1.88073951574e-21, 2.4145830211e-21],
        "var": [5.08028449531e-07, 3.23734057019e-05, 1.48843855641e-05, 2.19616640607e-06, 9.67224787018e-06, 1.09137567961e-06, 1.9902661279e-06, 1.45905305544e-05, 2.1901445507e-05, 1.1814345271e-05, 1.78646441782e-05, 3.35951631314e-06, 5.11623602506e-06, 8.08520610462e-07, 8.25871552479e-07, 2.52026410408e-07, 2.41649956934e-07, 4.53183986338e-07, 2.77604414123e-07, 5.46806262491e-08, 7.87111602563e-08, 5.51916059521e-08, 5.9878559e-08, 8.64850591142e-08, 1.31801755288e-07, 8.08239235539e-08, 1.95926102009e-08]
    },
    "erbbands": {
        "dmean": [0.0975382998586, 0.562728226185, 1.73478209972, 2.51348209381, 3.2295498848, 5.88996553421, 5.37351703644, 3.81957983971, 5.4055814743, 13.4445457458, 19.3633098602, 29.2918376923, 20.4039783478, 27.7745132446, 44.4523735046, 18.6013507843, 23.8290328979, 12.8007850647, 15.6281967163, 12.3139657974, 9.47355651855, 9.68943309784, 11.6383180618, 8.94539928436, 6.81099700928, 4.53575897217, 3.83795976639, 4.31565284729, 3.29233336449, 3.18591189384, 2.61093354225, 2.16470193863, 1.66707074642, 1.12207508087, 0.841613471508, 0.445917695761, 0.181778773665, 0.0566339790821, 0.00980102643371, 0.000333806732669],
        "dmean2": [0.158447235823, 0.95556730032, 3.16382312775, 4.56266641617, 5.5731921196, 10.142747879, 9.30341243744, 6.30487442017, 8.63428878784, 21.2788352966, 30.4629611969, 46.5476150513, 33.5129776001, 45.8526992798, 74.2925262451, 31.1230697632, 38.6953315735, 21.1900672913, 26.1072387695, 20.3521137238, 15.6540250778, 15.7080993652, 19.034286499, 13.7385816574, 10.466632843, 7.19592475891, 5.86963558197, 6.61744022369, 4.92799472809, 4.93762636185, 3.88837885857, 3.22967028618, 2.49316358566, 1.64079737663, 1.22478067875, 0.642648875713, 0.265723973513, 0.0841012299061, 0.0143531961367, 0.000493619474582],
        "dvar": [0.0339838005602, 0.988586366177, 18.9070301056, 44.4948234558, 40.1547393799, 177.52355957, 151.990447998, 80.474899292, 173.542221069, 1264.05749512, 4205.99072266, 7414.41992188, 2642.52441406, 6053.78466797, 15374.4414062, 2729.98217773, 4818.28466797, 607.446228027, 1939.23364258, 387.1065979, 257.704528809, 277.077728271, 467.227325439, 244.579788208, 134.991317749, 51.3132209778, 43.5386238098, 57.1371459961, 31.5498161316, 33.4362297058, 25.8485336304, 21.509059906, 15.2411556244, 5.76228952408, 4.56790542603, 1.16701817513, 0.19627200067, 0.0217428170145, 0.000646572269034, 7.57843281463e-07],
        "dvar2": [0.0899139270186, 2.79984664917, 54.300113678, 127.33896637, 109.6484375, 477.480407715, 408.159423828, 202.210296631, 402.772766113, 3060.96923828, 10903.9326172, 19085.1640625, 6712.15039062, 16089.2607422, 43654.75, 7404.29638672, 12001.1708984, 1595.81359863, 5424.55419922, 986.02557373, 651.161865234, 676.380493164, 1127.83239746, 539.919250488, 306.584442139, 121.401298523, 102.930763245, 134.839248657, 69.6655273438, 79.841003418, 56.1567878723, 45.8715515137, 34.8403587341, 10.8358268738, 9.74594402313, 2.44122886658, 0.425985991955, 0.0501533672214, 0.00143426400609, 1.67834241438e-06],
        "max": [2.11725831032, 10.5585775375, 40.4139137268, 72.5035552979, 78.0794296265, 187.093109131, 229.743423462, 160.692199707, 306.607971191, 742.765014648, 2002.0234375, 2677.53320312, 1804.23937988, 2189.19384766, 2254.3293457, 1892.80761719, 2116.91015625, 707.184997559, 1472.73010254, 313.573577881, 401.080413818, 491.249267578, 684.420776367, 666.359008789, 325.857543945, 137.054107666, 105.057952881, 126.878181458, 95.1834869385, 81.8989105225, 103.956222534, 77.9024887085, 52.5628242493, 38.6581954956, 27.229549408, 14.5125265121, 5.5342373848, 2.20585346222, 0.339704930782, 0.010670219548],
        "mean": [0.118572555482, 0.757025659084, 1.66178250313, 2.34107732773, 3.53987145424, 6.37489175797, 5.80381727219, 4.37566995621, 6.59495782852, 17.2952270508, 27.3766174316, 47.0895614624, 36.1154174805, 50.0092163086, 71.3623046875, 33.8411445618, 40.7293701172, 26.3959083557, 27.5661659241, 23.4517650604, 18.7338123322, 19.7482681274, 22.7968349457, 20.6334877014, 15.4483585358, 9.64093399048, 7.44308376312, 8.20478057861, 6.52541160583, 5.42614126205, 4.58917093277, 3.7021791935, 2.6795668602, 1.96024465561, 1.3320633173, 0.652843356133, 0.216552093625, 0.0637836381793, 0.011480204761, 0.000410179694882],
        "median": [0.0421311482787, 0.343884706497, 0.636747479439, 0.793509066105, 1.51269721985, 2.02477169037, 1.84461164474, 1.77061021328, 1.92439591885, 3.68116569519, 5.45383548737, 9.04944229126, 8.6569480896, 11.6114845276, 15.6430301666, 10.9042367935, 12.5541944504, 10.870798111, 11.5742282867, 12.7665481567, 10.43359375, 11.3872928619, 12.1529312134, 11.3576011658, 8.93729019165, 5.11241722107, 3.55543899536, 3.87450027466, 3.09882831573, 2.35829496384, 1.73400783539, 1.18309760094, 0.813040435314, 0.581692814827, 0.348718434572, 0.162064611912, 0.0423064343631, 0.0101594841108, 0.00170609122142, 8.1041464e-05],
        "min": [1.59366694863e-21, 1.41079417789e-20, 4.68893954133e-20, 4.885546802e-20, 2.2578817643e-19, 7.35537944573e-19, 5.77711004818e-19, 1.4858253725e-19, 1.28526586871e-19, 6.7648691651e-19, 1.31533184187e-18, 1.62720757393e-18, 2.87566072591e-18, 1.31794749037e-18, 2.79327601844e-18, 4.69120016132e-18, 2.85468115083e-18, 6.43086935018e-18, 6.97420128117e-18, 6.41579232915e-18, 8.93837473291e-18, 1.0292017755e-17, 1.65437627979e-17, 1.71771002514e-17, 1.71856830774e-17, 1.66883407341e-17, 1.56515426282e-17, 1.48727620076e-17, 1.4772363788e-17, 1.34275848333e-17, 2.79732233784e-17, 2.17565723002e-17, 1.27967570458e-17, 1.47553106324e-17, 1.0938524751e-17, 7.03423308695e-18, 3.37137910687e-18, 1.26287907846e-18, 2.74218231277e-19, 3.79470592349e-20],
        "var": [0.0423281118274, 1.34485352039, 12.7987499237, 28.9763965607, 35.7876281738, 173.125946045, 137.391555786, 77.2462387085, 229.035507202, 1980.21191406, 8181.29248047, 15525.1650391, 6125.23486328, 15705.7460938, 29906.6152344, 5236.53271484, 10746.8105469, 1882.26306152, 3063.79272461, 899.003662109, 573.477355957, 696.074829102, 1188.33679199, 1068.83459473, 410.566162109, 132.571136475, 99.8706359863, 127.323425293, 75.66847229, 60.0776901245, 50.5622558594, 39.8057937622, 23.9014053345, 12.6234292984, 7.77843761444, 1.90184152126, 0.254358500242, 0.0251652915031, 0.000785591138992, 9.20695470086e-07]
    },
    "gfcc": {
        "mean": [11.3748540878, 47.9314041138, -119.188850403, 15.9502334595, -48.913646698, 16.7639446259, -30.2101860046, 11.3103675842, -24.7226543427, -0.727795124054, -18.6091938019, 1.94340407848, -13.0406227112],
        "cov": [[5857.08300781, -465.749084473, 1499.05004883, 234.059432983, 161.799240112, 149.92729187, 212.410400391, 200.126480103, 100.896629333, 262.200653076, 84.8872756958, 91.749961853, -16.5797424316], [-465.749084473, 835.940979004, 118.686210632, 137.681442261, 147.249481201, 69.1051940918, 58.7624130249, 38.9473190308, 58.9400100708, 19.1756496429, 32.7651977539, 6.26524829865, -5.43070363998], [1499.05004883, 118.686210632, 2024.13635254, 771.97857666, 352.0184021, 75.6869659424, -100.005325317, -23.4135932922, 61.5035705566, 265.827209473, 36.1660118103, 105.646492004, -19.5892868042], [234.059432983, 137.681442261, 771.97857666, 555.797058105, 214.850326538, 74.0174636841, -42.458782196, -6.68285608292, 47.577495575, 112.854690552, 14.1369943619, 38.1622657776, 3.7822060585], [161.799240112, 147.249481201, 352.0184021, 214.850326538, 224.415252686, 103.774261475, 44.3487930298, 31.177312851, 33.7543411255, 49.1108932495, 16.478937149, 17.3979625702, 3.56974649429], [149.92729187, 69.1051940918, 75.6869659424, 74.0174636841, 103.774261475, 216.955215454, 136.079772949, 75.0218048096, 20.4911136627, 23.274269104, 17.6900978088, 15.1450824738, 6.86687231064], [212.410400391, 58.7624130249, -100.005325317, -42.458782196, 44.3487930298, 136.079772949, 203.711990356, 89.854347229, 25.2763519287, 0.655664503574, 31.8898887634, 6.76101016998, 7.21062803268], [200.126480103, 38.9473190308, -23.4135932922, -6.68285608292, 31.177312851, 75.0218048096, 89.854347229, 121.643768311, 58.6370315552, 28.4739494324, 20.366985321, 2.77727937698, 2.6050131321], [100.896629333, 58.9400100708, 61.5035705566, 47.577495575, 33.7543411255, 20.4911136627, 25.2763519287, 58.6370315552, 114.716453552, 62.4398269653, 17.8091182709, -1.45384502411, 8.803814888], [262.200653076, 19.1756496429, 265.827209473, 112.854690552, 49.1108932495, 23.274269104, 0.655664503574, 28.4739494324, 62.4398269653, 108.86680603, 34.7845687866, 22.4941501617, 2.14609360695], [84.8872756958, 32.7651977539, 36.1660118103, 14.1369943619, 16.478937149, 17.6900978088, 31.8898887634, 20.366985321, 17.8091182709, 34.7845687866, 67.9663467407, 34.4913215637, 7.66643571854], [91.749961853, 6.26524829865, 105.646492004, 38.1622657776, 17.3979625702, 15.1450824738, 6.76101016998, 2.77727937698, -1.45384502411, 22.4941501617, 34.4913215637, 61.8815956116, 20.9529724121], [-16.5797424316, -5.43070363998, -19.5892868042, 3.7822060585, 3.56974649429, 6.86687231064, 7.21062803268, 2.6050131321, 8.803814888, 2.14609360695, 7.66643571854, 20.9529724121, 53.340675354]],
        "icov": [[0.000296256795991, 0.000199866321054, -0.000364178529708, 0.000267766066827, 5.51945668121e-05, 0.000151166837895, -0.000433327717474, -0.000378561380785, 4.12329609389e-05, -0.00011550054478, -6.02206891926e-05, 9.07159919734e-05, -1.55236793944e-05], [0.000199866321054, 0.00158746482339, -0.000164813376614, -5.06459255121e-05, -0.000869915878866, 0.000206139098736, -0.000459381059045, -8.72994933161e-05, -0.000855133694131, 0.000784065865446, -0.000789121550042, 8.45793983899e-05, 0.000454639346572], [-0.000364178529708, -0.000164813376614, 0.00202891160734, -0.00162273354363, -0.00112084648572, 0.000352505478077, 0.000495468266308, 0.000574745528866, 0.00100437062792, -0.00278967944905, 0.00162672414444, -0.00202351482585, 0.00117231684271], [0.000267766066827, -5.06459255121e-05, -0.00162273354363, 0.00517463171855, -0.00212859618478, -0.0010562450625, 0.00109555805102, 0.00043974048458, -0.000743697455619, -0.000617567216977, 4.31680273323e-05, 0.000349091598764, -0.000771672464907], [5.51945668121e-05, -0.000869915878866, -0.00112084648572, -0.00212859618478, 0.0101280491799, -0.00320630939677, -0.000508800207172, -9.57009833655e-05, -0.00107910402585, 0.00184426375199, -0.00131875451189, 0.00155348354019, -0.000840480497573], [0.000151166837895, 0.000206139098736, 0.000352505478077, -0.0010562450625, -0.00320630939677, 0.0111521491781, -0.00657507358119, -0.00264689838514, 0.00257386965677, -0.00241721561179, 0.00305326189846, -0.00197563646361, 7.89737750893e-05], [-0.000433327717474, -0.000459381059045, 0.000495468266308, 0.00109555805102, -0.000508800207172, -0.00657507358119, 0.0130880596116, -0.00423814449459, -0.000163517936016, 0.00277398736216, -0.0048982440494, 0.00166691688355, -0.000794359191786], [-0.000378561380785, -8.72994933161e-05, 0.000574745528866, 0.00043974048458, -9.57009833655e-05, -0.00264689838514, -0.00423814449459, 0.0175118464977, -0.00758298765868, -0.000374881812604, 5.99025661359e-05, -0.00100545829628, 0.00177117367275], [4.12329609389e-05, -0.000855133694131, 0.00100437062792, -0.000743697455619, -0.00107910402585, 0.00257386965677, -0.000163517936016, -0.00758298765868, 0.0193907562643, -0.0120511529967, 0.00128261151258, 0.00431546894833, -0.00411443552002], [-0.00011550054478, 0.000784065865446, -0.00278967944905, -0.000617567216977, 0.00184426375199, -0.00241721561179, 0.00277398736216, -0.000374881812604, -0.0120511529967, 0.0266865752637, -0.0105202198029, 0.00052436516853, 0.00111566542182], [-6.02206891926e-05, -0.000789121550042, 0.00162672414444, 4.31680273323e-05, -0.00131875451189, 0.00305326189846, -0.0048982440494, 5.99025661359e-05, 0.00128261151258, -0.0105202198029, 0.0287701655179, -0.0157087985426, 0.00309689901769], [9.07159919734e-05, 8.45793983899e-05, -0.00202351482585, 0.000349091598764, 0.00155348354019, -0.00197563646361, 0.00166691688355, -0.00100545829628, 0.00431546894833, 0.00052436516853, -0.0157087985426, 0.0318024717271, -0.0117249982432], [-1.55236793944e-05, 0.000454639346572, 0.00117231684271, -0.000771672464907, -0.000840480497573, 7.89737750893e-05, -0.000794359191786, 0.00177117367275, -0.00411443552002, 0.00111566542182, 0.00309689901769, -0.0117249982432, 0.0241359304637]]
    },
    "melbands": {
        "dmean": [0.00079888937762, 0.000820372195449, 0.000435539783211, 0.000328646769049, 0.000206284254091, 8.61296939547e-05, 8.84445835254e-05, 0.00015706186241, 0.000172005398781, 0.000177107125637, 0.000102135199995, 0.00011197799904, 0.000162466996699, 6.38364217593e-05, 5.47902964172e-05, 4.46302692581e-05, 2.42964579229e-05, 2.76470091194e-05, 1.92765110114e-05, 1.69965205714e-05, 1.08536587504e-05, 9.72301404545e-06, 1.41723194247e-05, 9.79513970378e-06, 7.75672197051e-06, 6.8538852247e-06, 3.62619812222e-06, 3.15750480695e-06, 2.4261685212e-06, 2.70909845312e-06, 2.72465536e-06, 2.00335648515e-06, 1.75730076535e-06, 1.86870011021e-06, 1.57264639711e-06, 1.4507825199e-06, 1.32646141537e-06, 1.23034885746e-06, 1.05769254333e-06, 9.70046130533e-07],
        "dmean2": [0.00128882413264, 0.00148033734877, 0.000781460257713, 0.0005681362818, 0.000355086958734, 0.000142352480907, 0.000141613258165, 0.000247632357059, 0.000269391312031, 0.000283453060547, 0.000168259051861, 0.000184564982192, 0.000271854922175, 0.000106394283648, 9.08025613171e-05, 7.22466065781e-05, 4.05249193136e-05, 4.62058487756e-05, 3.21856750816e-05, 2.8216472856e-05, 1.8097962311e-05, 1.58455804922e-05, 2.34967119468e-05, 1.58657221618e-05, 1.20688800962e-05, 1.06506795419e-05, 5.78750996283e-06, 5.08157881995e-06, 3.81497238777e-06, 4.21298500441e-06, 4.2998385652e-06, 3.05173807646e-06, 2.7433568448e-06, 2.95385325444e-06, 2.38997449742e-06, 2.19980688598e-06, 2.03117883757e-06, 1.89548597973e-06, 1.61405716881e-06, 1.41741509196e-06],
        "dvar": [2.15854856833e-06, 3.01548925563e-06, 1.1740158925e-06, 4.72628016723e-07, 2.24843347496e-07, 3.71794470766e-08, 4.63849829657e-08, 1.84234451694e-07, 3.16727351901e-07, 2.50714776939e-07, 6.8533225317e-08, 1.11572056483e-07, 2.15573152218e-07, 2.80613647874e-08, 2.33005970074e-08, 2.09565840237e-08, 2.04576333651e-09, 5.12942843756e-09, 2.03283612166e-09, 7.08246128411e-10, 3.28332083743e-10, 2.78248563079e-10, 7.31758764694e-10, 3.96225774413e-10, 2.06816633264e-10, 1.56110388505e-10, 3.39778448433e-11, 2.57446026303e-11, 1.6907617667e-11, 2.39058686041e-11, 2.32466632749e-11, 1.15189134273e-11, 9.7267237667e-12, 1.14338321797e-11, 9.45350048243e-12, 8.56622585366e-12, 8.91521058366e-12, 8.42084561803e-12, 5.46184278361e-12, 4.26439612788e-12],
        "dvar2": [5.72865428694e-06, 8.86251564225e-06, 3.34039305017e-06, 1.27616215195e-06, 6.01316685334e-07, 9.36683974828e-08, 1.08743861915e-07, 4.44006360567e-07, 8.23812683848e-07, 6.4649742626e-07, 1.75302176331e-07, 2.98267423204e-07, 6.1475543589e-07, 7.64644667584e-08, 5.98080660552e-08, 5.02855925788e-08, 5.55459855889e-09, 1.41990295077e-08, 5.64656366109e-09, 1.75780257017e-09, 8.36214875122e-10, 6.63049892768e-10, 1.8283309311e-09, 8.84619766328e-10, 4.5449413677e-10, 3.59615476286e-10, 7.94482674094e-11, 6.31377866656e-11, 4.07742138664e-11, 5.69245241222e-11, 5.76746150838e-11, 2.61007691155e-11, 2.29036928312e-11, 2.78291105438e-11, 2.0971793746e-11, 1.85916768092e-11, 1.963169384e-11, 1.96137966979e-11, 1.23948620465e-11, 7.87755624621e-12],
        "max": [0.0166558530182, 0.0183526724577, 0.0119011476636, 0.0104936221614, 0.00806179828942, 0.00358376512304, 0.00462956819683, 0.0116487266496, 0.01540097408, 0.0147409113124, 0.00881283823401, 0.00937089603394, 0.00873211957514, 0.00400082487613, 0.00628927722573, 0.00692311208695, 0.0011223424226, 0.00222800159827, 0.00147511379328, 0.000486784789246, 0.000412165158195, 0.000487126002554, 0.000684771221131, 0.000855299877003, 0.000643724750262, 0.00033315573819, 0.000138261981192, 8.33464728203e-05, 6.54394680168e-05, 9.15465643629e-05, 6.92445610184e-05, 5.96540849074e-05, 5.47948220628e-05, 6.10646238783e-05, 7.58116439101e-05, 4.28580315202e-05, 4.57065070805e-05, 3.80139936169e-05, 3.20352810377e-05, 3.43918472936e-05],
        "mean": [0.00105524284299, 0.000938369252253, 0.000432339758845, 0.000367973872926, 0.000227702083066, 9.87187086139e-05, 0.000106407038402, 0.000203353003599, 0.000248144002398, 0.000281439191895, 0.000173043619725, 0.000192399515072, 0.000256769824773, 0.000104679682408, 8.91253948794e-05, 7.79130277806e-05, 4.54927467217e-05, 4.55793342553e-05, 3.29495524056e-05, 3.02904154523e-05, 1.98715188162e-05, 1.87323930732e-05, 2.45658739004e-05, 1.84179243661e-05, 1.65315213962e-05, 1.40614165502e-05, 7.62896434026e-06, 5.99270560997e-06, 4.3855839067e-06, 4.88838622914e-06, 4.74779017168e-06, 3.7820043417e-06, 3.1186882552e-06, 2.96240546049e-06, 2.68788039648e-06, 2.36392634179e-06, 2.21389927901e-06, 1.91136450667e-06, 1.66951792835e-06, 1.64683615367e-06],
        "median": [0.000427387014497, 0.000480138027342, 0.000172729807673, 0.000142418866744, 7.49124446884e-05, 3.926417412e-05, 2.98711765936e-05, 3.94178641727e-05, 4.50404040748e-05, 5.6160861277e-05, 3.93158079532e-05, 4.32775050285e-05, 5.14146195201e-05, 3.07304871967e-05, 2.76074788417e-05, 2.37687054323e-05, 1.86046854651e-05, 1.76425310201e-05, 1.58544316946e-05, 1.61140196724e-05, 1.06944471554e-05, 1.06249572127e-05, 1.24534526549e-05, 9.22078106669e-06, 8.62042725203e-06, 7.33563138056e-06, 4.03783906222e-06, 3.02188709611e-06, 2.13205839827e-06, 2.06115419132e-06, 2.2499334591e-06, 1.80047391041e-06, 1.3894643871e-06, 1.25755923364e-06, 1.02389049061e-06, 8.0790721313e-07, 6.78977926327e-07, 5.71505665903e-07, 4.91168066219e-07, 4.75582424997e-07],
        "min": [1.62796388818e-23, 2.25802094006e-23, 1.5234570154e-23, 3.09338614228e-23, 2.80776011888e-23, 2.8612667397e-24, 2.30790842482e-24, 8.75118585358e-24, 9.85727691664e-24, 1.01063029495e-23, 1.42857613894e-23, 5.39056976644e-24, 6.10500637842e-24, 1.75477864295e-23, 6.66824438728e-24, 6.13270289037e-24, 1.29718070555e-23, 1.01102046555e-23, 1.00512215256e-23, 9.34842140087e-24, 9.91878992345e-24, 9.40502138196e-24, 1.28389739232e-23, 1.50326675162e-23, 1.3781871753e-23, 1.3700997733e-23, 9.2742195664e-24, 1.2450807815e-23, 1.00212353449e-23, 8.51106606036e-24, 8.98129184647e-24, 8.28969906858e-24, 7.30379727532e-24, 7.34721144637e-24, 1.88472722655e-23, 1.1159766735e-23, 1.44074873602e-23, 9.4691447295e-24, 6.80505968951e-24, 1.50746506936e-23],
        "var": [2.96210032502e-06, 2.50248558586e-06, 8.03807381544e-07, 4.46913134056e-07, 2.11825152974e-07, 3.67002961355e-08, 6.04388290526e-08, 3.12239990308e-07, 6.11475115875e-07, 5.18294996255e-07, 1.54512690642e-07, 2.72822660463e-07, 4.22927371346e-07, 5.50918564102e-08, 4.30353743752e-08, 5.19252374431e-08, 5.62679858263e-09, 8.52646753202e-09, 3.20971538237e-09, 1.66554037229e-09, 6.91692148003e-10, 6.99998115028e-10, 1.48733980687e-09, 1.16443543696e-09, 8.38001001924e-10, 4.6783560359e-10, 9.33738850128e-11, 5.5873788235e-11, 3.53679273368e-11, 5.15264948764e-11, 4.42029954306e-11, 2.57132162784e-11, 1.96287881782e-11, 1.86975660649e-11, 1.77670777396e-11, 1.52525301417e-11, 1.55209126801e-11, 1.24388182046e-11, 9.22226531253e-12, 9.2685538064e-12]
    },
    "mfcc": {
        "mean": [-635.200439453, 93.499168396, -13.230966568, 8.01926803589, 2.25671267509, 5.10129070282, 4.2792801857, 9.57508563995, 1.81440198421, 0.476973950863, 0.841009914875, -2.78930711746, -3.30782651901],
        "cov": [[4448.4609375, -261.855194092, 687.220581055, 121.341064453, 26.6448020935, 55.4069290161, 199.12538147, 82.7758636475, 121.873176575, 166.633590698, 152.036407471, 110.242027283, 92.6460342407], [-261.855194092, 627.585998535, 68.0241317749, 61.5094070435, 78.3758392334, 41.1162147522, 44.8222846985, 47.8063583374, 23.8973331451, 18.1860847473, 56.8289299011, 25.0367641449, 20.125213623], [687.220581055, 68.0241317749, 1354.80554199, 654.919433594, 477.882446289, 245.27532959, 50.6684036255, -98.3449478149, 36.5677185059, 35.2460708618, 40.8313140869, 111.824279785, 127.231880188], [121.341064453, 61.5094070435, 654.919433594, 504.814056396, 320.305908203, 147.770050049, 2.8772084713, -63.4371528625, 19.7359752655, 22.7051525116, 13.6501636505, 49.6702194214, 79.3600769043], [26.6448020935, 78.3758392334, 477.882446289, 320.305908203, 327.278442383, 138.130371094, 20.5758800507, -29.7589073181, 35.0225944519, 28.6214580536, 13.1109790802, 48.4752082825, 50.3607444763], [55.4069290161, 41.1162147522, 245.27532959, 147.770050049, 138.130371094, 177.599136353, 90.6517105103, 34.2929649353, 37.5945854187, 29.3925323486, 24.0639514923, 28.2423038483, 27.5146427155], [199.12538147, 44.8222846985, 50.6684036255, 2.8772084713, 20.5758800507, 90.6517105103, 171.125839233, 96.3087844849, 33.5203208923, 26.4615402222, 36.6604156494, 12.8083839417, 5.32898139954], [82.7758636475, 47.8063583374, -98.3449478149, -63.4371528625, -29.7589073181, 34.2929649353, 96.3087844849, 129.381286621, 47.2955322266, 29.8175964355, 34.9345779419, 5.60353279114, -2.24502706528], [121.873176575, 23.8973331451, 36.5677185059, 19.7359752655, 35.0225944519, 37.5945854187, 33.5203208923, 47.2955322266, 95.7766571045, 59.9494743347, 26.9975376129, 20.8520431519, 15.7434177399], [166.633590698, 18.1860847473, 35.2460708618, 22.7051525116, 28.6214580536, 29.3925323486, 26.4615402222, 29.8175964355, 59.9494743347, 96.0525436401, 46.163433075, 20.4385890961, 16.6062355042], [152.036407471, 56.8289299011, 40.8313140869, 13.6501636505, 13.1109790802, 24.0639514923, 36.6604156494, 34.9345779419, 26.9975376129, 46.163433075, 92.5000991821, 40.0891799927, 17.8421936035], [110.242027283, 25.0367641449, 111.824279785, 49.6702194214, 48.4752082825, 28.2423038483, 12.8083839417, 5.60353279114, 20.8520431519, 20.4385890961, 40.0891799927, 71.9953079224, 38.6420593262], [92.6460342407, 20.125213623, 127.231880188, 79.3600769043, 50.3607444763, 27.5146427155, 5.32898139954, -2.24502706528, 15.7434177399, 16.6062355042, 17.8421936035, 38.6420593262, 76.9440460205]],
