{
"lowlevel": {
    "average_loudness": 0.911230683327,
    "barkbands_crest": {
        "dmean": 2.38388705254,
        "dmean2": 3.93224549294,
        "dvar": 4.28141546249,
        "dvar2": 11.2048711777,
        "max": 24.0075931549,
        "mean": 9.12300491333,
        "median": 8.4818572998,
        "min": 2.60528516769,
        "var": 11.5934734344
    },
    "barkbands_flatness_db": {
        "dmean": 0.019112367183,
        "dmean2": 0.0306132175028,
        "dvar": 0.000310631934553,
        "dvar2": 0.000802921655122,
        "max": 0.331482470036,
        "mean": 0.156522452831,
        "median": 0.149201601744,
        "min": 0.0526825450361,
        "var": 0.00179343821947
    },
    "barkbands_kurtosis": {
        "dmean": 2.53527951241,
        "dmean2": 4.03017759323,
        "dvar": 17.5642566681,
        "dvar2": 42.8086013794,
        "max": 107.00100708,
        "mean": 3.48352050781,
        "median": 1.21523427963,
        "min": -1.96103644371,
        "var": 43.0533485413
    },
    "barkbands_skewness": {
        "dmean": 0.522816479206,
        "dmean2": 0.803687274456,
        "dvar": 0.269223809242,
        "dvar2": 0.625032961369,
        "max": 7.91414642334,
        "mean": 1.5176153183,
        "median": 1.3588026762,
        "min": -3.03459668159,
        "var": 1.16845571995
    },
    "barkbands_spread": {
        "dmean": 5.20858430862,
        "dmean2": 7.77974081039,
        "dvar": 43.7892036438,
        "dvar2": 78.247505188,
        "max": 113.014450073,
        "mean": 24.6289920807,
        "median": 21.3348960876,
        "min": 1.39125049114,
        "var": 299.136138916
    },
    "dissonance": {
        "dmean": 0.0165843144059,
        "dmean2": 0.0280686058104,
        "dvar": 0.000296490674373,
        "dvar2": 0.000824609189294,
        "max": 0.5,
        "mean": 0.471917062998,
        "median": 0.479092180729,
        "min": 0.3016692698,
        "var": 0.000636213284452
    },
    "dynamic_complexity": 2.72329187393,
    "erbbands_crest": {
        "dmean": 2.54000043869,
        "dmean2": 4.17868518829,
        "dvar": 5.83262300491,
        "dvar2": 14.8445138931,
        "max": 29.5717830658,
        "mean": 8.23854732513,
        "median": 7.43396377563,
        "min": 2.35574483871,
        "var": 15.3507118225
    },
    "erbbands_flatness_db": {
        "dmean": 0.0156559534371,
        "dmean2": 0.0230918936431,
        "dvar": 0.000210959115066,
        "dvar2": 0.000428484956501,
        "max": 0.374518215656,
        "mean": 0.16587382555,
        "median": 0.156254291534,
        "min": 0.0560320280492,
        "var": 0.00246981205419
    },
    "erbbands_kurtosis": {
        "dmean": 0.812971413136,
        "dmean2": 1.29387819767,
        "dvar": 1.35741889477,
        "dvar2": 3.40745472908,
        "max": 40.0592956543,
        "mean": 0.402683645487,
        "median": -0.0948233604431,
        "min": -1.73868000507,
        "var": 3.50017881393
    },
    "erbbands_skewness": {
        "dmean": 0.326779812574,
        "dmean2": 0.506090581417,
        "dvar": 0.0937892049551,
        "dvar2": 0.213255122304,
        "max": 5.6998591423,
        "mean": 0.175553902984,
        "median": 0.120965391397,
        "min": -3.62422657013,
        "var": 0.555441141129
    },
    "erbbands_spread": {
        "dmean": 8.32864665985,
        "dmean2": 12.5232925415,
        "dvar": 80.1560592651,
        "dvar2": 170.472671509,
        "max": 161.995605469,
        "mean": 40.9377861023,
        "median": 38.3304634094,
        "min": 3.26263022423,
        "var": 448.065612793
    },
    "hfc": {
        "dmean": 6.78631258011,
        "dmean2": 9.41473484039,
        "dvar": 113.210411072,
        "dvar2": 209.422653198,
        "max": 285.666870117,
        "mean": 24.010717392,
        "median": 17.5963897705,
        "min": 1.13329567271e-16,
        "var": 565.30267334
    },
    "melbands_crest": {
        "dmean": 3.27371191978,
        "dmean2": 5.38520812988,
        "dvar": 8.2646188736,
        "dvar2": 22.0201320648,
        "max": 36.8188400269,
        "mean": 14.1342229843,
        "median": 13.4882555008,
        "min": 2.81903028488,
        "var": 21.9491271973
    },
    "melbands_flatness_db": {
        "dmean": 0.0236933808774,
        "dmean2": 0.0371788144112,
        "dvar": 0.000491046055686,
        "dvar2": 0.00122254074086,
        "max": 0.415698558092,
        "mean": 0.187756448984,
        "median": 0.180336862803,
        "min": 0.00669231964275,
        "var": 0.00298437406309
    },
    "melbands_kurtosis": {
        "dmean": 7.09524440765,
        "dmean2": 11.3313417435,
        "dvar": 127.209075928,
        "dvar2": 317.590057373,
        "max": 181.708282471,
        "mean": 13.1913375854,
        "median": 8.09875392914,
        "min": -1.79793488979,
        "var": 270.584472656
    },
    "melbands_skewness": {
        "dmean": 0.771126866341,
        "dmean2": 1.19861912727,
        "dvar": 0.647386193275,
        "dvar2": 1.53959333897,
        "max": 12.352604866,
        "mean": 2.78609585762,
        "median": 2.57866573334,
        "min": -0.500420808792,
        "var": 2.45406579971
    },
    "melbands_spread": {
        "dmean": 6.54597139359,
        "dmean2": 10.1539640427,
        "dvar": 87.8980331421,
        "dvar2": 196.015884399,
        "max": 238.919036865,
        "mean": 23.6638679504,
        "median": 20.2094535828,
        "min": 1.13540637493,
        "var": 302.126556396
    },
    "pitch_salience": {
        "dmean": 0.0707163214684,
        "dmean2": 0.116831630468,
        "dvar": 0.00401002774015,
        "dvar2": 0.0108849378303,
        "max": 0.905371487141,
        "mean": 0.554979681969,
        "median": 0.557270228863,
        "min": 0.124556213617,
        "var": 0.0121487807482
    },
    "silence_rate_20dB": {
        "dmean": 0,
        "dmean2": 0,
        "dvar": 0,
        "dvar2": 0,
        "max": 1,
        "mean": 1,
        "median": 1,
        "min": 1,
        "var": 0
    },
    "silence_rate_30dB": {
        "dmean": 0.00641025649384,
        "dmean2": 0.0128220347688,
        "dvar": 0.00636973092332,
        "dvar2": 0.0164586044848,
        "max": 1,
        "mean": 0.995252251625,
        "median": 1,
        "min": 0,
        "var": 0.00472549954429
    },
    "silence_rate_60dB": {
        "dmean": 0.0099715096876,
        "dmean2": 0.0199453867972,
        "dvar": 0.00987183209509,
        "dvar2": 0.024295469746,
        "max": 1,
        "mean": 0.0409495532513,
        "median": 0,
        "min": 0,
        "var": 0.0392742268741
    },
    "spectral_centroid": {
        "dmean": 224.539199829,
        "dmean2": 349.400970459,
        "dvar": 59571.3398438,
        "dvar2": 126454.015625,
        "max": 10510.9287109,
        "mean": 1358.44213867,
        "median": 1340.36047363,
        "min": 233.324325562,
        "var": 347133.3125
    },
    "spectral_complexity": {
        "dmean": 3.68850898743,
        "dmean2": 5.70390605927,
        "dvar": 13.648645401,
        "dvar2": 28.6061210632,
        "max": 54,
        "mean": 21.5145397186,
        "median": 21,
        "min": 0,
        "var": 110.323898315
    },
    "spectral_decrease": {
        "dmean": 2.59822208193e-09,
        "dmean2": 4.16062961861e-09,
        "dvar": 1.47665553257e-17,
        "dvar2": 3.70906231569e-17,
        "max": -4.01911998313e-29,
        "mean": -7.30009208638e-09,
        "median": -6.25683727051e-09,
        "min": -4.93085288156e-08,
        "var": 2.90256949026e-17
    },
    "spectral_energy": {
        "dmean": 0.0101911732927,
        "dmean2": 0.0162591766566,
        "dvar": 0.000222594942898,
        "dvar2": 0.000556690094527,
        "max": 0.193431422114,
        "mean": 0.0297302044928,
        "median": 0.0258644353598,
        "min": 1.04310173273e-20,
        "var": 0.000456642970676
    },
    "spectral_energyband_high": {
        "dmean": 0.000417815987021,
        "dmean2": 0.000544907525182,
        "dvar": 9.94014499156e-07,
        "dvar2": 1.58394050231e-06,
        "max": 0.0285911001265,
        "mean": 0.0011507528834,
        "median": 0.000508366036229,
        "min": 7.39996018328e-21,
        "var": 4.96864868182e-06
    },
    "spectral_energyband_low": {
        "dmean": 0.00655622268096,
        "dmean2": 0.011108065024,
        "dvar": 0.000135244103149,
        "dvar2": 0.000367886445019,
        "max": 0.149875238538,
        "mean": 0.0113418726251,
        "median": 0.00833502877504,
        "min": 7.35202775774e-23,
        "var": 0.000147253915202
    },
    "spectral_energyband_middle_high": {
        "dmean": 0.002129745204,
        "dmean2": 0.00310329021886,
        "dvar": 1.0941281289e-05,
        "dvar2": 2.22661929001e-05,
        "max": 0.0694248750806,
        "mean": 0.0063467938453,
        "median": 0.00381453498267,
        "min": 1.61852699761e-21,
        "var": 5.01719696331e-05
    },
    "spectral_energyband_middle_low": {
        "dmean": 0.00535911787301,
        "dmean2": 0.00845920853317,
        "dvar": 5.99469822191e-05,
        "dvar2": 0.000137265320518,
        "max": 0.155330404639,
        "mean": 0.0128197986633,
        "median": 0.00931216683239,
        "min": 3.72376375568e-22,
        "var": 0.0001538474462
    },
    "spectral_entropy": {
        "dmean": 0.135941892862,
        "dmean2": 0.201086431742,
        "dvar": 0.0194370411336,
        "dvar2": 0.0401502810419,
        "max": 9.79936122894,
        "mean": 7.71019268036,
        "median": 7.74875307083,
        "min": 5.9881196022,
        "var": 0.135345101357
    },
    "spectral_flux": {
        "dmean": 0.0238863155246,
        "dmean2": 0.0378386601806,
        "dvar": 0.00076276762411,
        "dvar2": 0.00160597451031,
        "max": 0.345732688904,
        "mean": 0.0897332504392,
        "median": 0.0821186453104,
        "min": 1.02132351187e-10,
        "var": 0.00195966707543
    },
    "spectral_kurtosis": {
        "dmean": 1.27940428257,
        "dmean2": 2.14512467384,
        "dvar": 1.88944733143,
        "dvar2": 5.38734149933,
        "max": 17.6605243683,
        "mean": 3.52883958817,
        "median": 3.07275390625,
        "min": -1.32893514633,
        "var": 5.65818119049
    },
    "spectral_rms": {
        "dmean": 0.000845745322295,
        "dmean2": 0.0013189939782,
        "dvar": 9.65419076238e-07,
        "dvar2": 2.32012826018e-06,
        "max": 0.0137373059988,
        "mean": 0.00503879226744,
        "median": 0.00502330530435,
        "min": 3.19007862661e-12,
        "var": 3.61560773854e-06
    },
    "spectral_rolloff": {
        "dmean": 477.826660156,
        "dmean2": 772.551696777,
        "dvar": 961349.5,
        "dvar2": 1810483.875,
        "max": 18755.4199219,
        "mean": 1628.49047852,
        "median": 1270.45898438,
        "min": 43.06640625,
        "var": 3292933.5
    },
    "spectral_skewness": {
        "dmean": 0.181009531021,
        "dmean2": 0.290285289288,
        "dvar": 0.0296921785921,
        "dvar2": 0.0748222470284,
        "max": 3.13014268875,
        "mean": 1.41850244999,
        "median": 1.3756942749,
        "min": -0.128761932254,
        "var": 0.169254422188
    },
    "spectral_spread": {
        "dmean": 509796.34375,
        "dmean2": 701084.25,
        "dvar": 469072379904,
        "dvar2": 681626828800,
        "max": 41716324,
        "mean": 4595142.5,
        "median": 4326616,
        "min": 1981966.75,
        "var": 3.00813359514e+12
    },
    "spectral_strongpeak": {
        "dmean": 0.500579535961,
        "dmean2": 0.862706720829,
        "dvar": 0.799293220043,
        "dvar2": 2.08032536507,
        "max": 13.8134994507,
        "mean": 0.784081101418,
        "median": 0.442998468876,
        "min": 0,
        "var": 1.13475775719
    },
    "zerocrossingrate": {
        "dmean": 0.00959121435881,
        "dmean2": 0.010934590362,
        "dvar": 0.00020507251611,
        "dvar2": 0.000192003790289,
        "max": 0.66552734375,
        "mean": 0.0625292062759,
        "median": 0.0556640625,
        "min": 0.0068359375,
        "var": 0.00181197666097
    },
    "barkbands": {
        "dmean": [7.84195526649e-06, 0.00229121581651, 0.0041698529385, 0.00224039051682, 0.00207522092387, 0.00136505358387, 0.00055674201576, 0.00071276538074, 0.00100022030529, 0.0008965220768, 0.000434417714132, 0.000489629339427, 0.00040940445615, 0.000389448076021, 0.000262724643108, 0.000234631806961, 0.000281773827737, 0.000211160047911, 0.000111829154775, 0.000125272665173, 7.99641857157e-05, 6.00842831773e-05, 6.88365180395e-05, 0.000106613093521, 0.000150523497723, 4.23832375418e-07, 1.22084609089e-09],
        "dmean2": [1.38493132908e-05, 0.00390584836714, 0.00706859584898, 0.00382977211848, 0.0033515158575, 0.00212359335274, 0.00089229864534, 0.00116767606232, 0.00161600764841, 0.0014147493057, 0.000669313943945, 0.000767149962485, 0.000652276095934, 0.000610674440395, 0.000429512088886, 0.000379739271011, 0.000443299650215, 0.000334511103574, 0.000182299816515, 0.000204346535611, 0.0001288762287, 9.17635843507e-05, 9.96130838757e-05, 0.000146507722093, 0.000196657798369, 7.22562504052e-07, 2.24866969489e-09],
        "dvar": [1.45313400202e-10, 1.74568394868e-05, 5.78797917115e-05, 1.67150428751e-05, 1.42032822623e-05, 1.104488274e-05, 2.0557508833e-06, 3.92155016016e-06, 8.44838814373e-06, 5.46741375729e-06, 1.28676367694e-06, 1.83793338238e-06, 8.66095660967e-07, 7.92599394117e-07, 3.37984744192e-07, 2.74190398386e-07, 3.68964379049e-07, 1.40550184824e-07, 2.88155224126e-08, 4.13085565754e-08, 2.0750579921e-08, 1.38016327256e-08, 2.02661567528e-08, 1.17181485848e-07, 4.16626107835e-07, 5.43246871099e-12, 2.77418262195e-18],
        "dvar2": [4.12764045166e-10, 4.79516784253e-05, 0.000159304472618, 4.56594898424e-05, 3.55236115865e-05, 2.30112600548e-05, 5.04700119563e-06, 9.89099862636e-06, 2.02067458304e-05, 1.23076479213e-05, 2.52460381489e-06, 4.07366906074e-06, 2.04000571102e-06, 1.82326709819e-06, 8.39373171857e-07, 7.08136667527e-07, 8.81992491486e-07, 3.33832019805e-07, 7.2924279948e-08, 1.06369135722e-07, 5.35810222857e-08, 3.00689144694e-08, 3.96792394497e-08, 2.01758084017e-07, 7.96913013801e-07, 1.5486058616e-11, 8.63145102098e-18],
        "max": [0.000212201484828, 0.0611776821315, 0.085579380393, 0.0610000863671, 0.0978628247976, 0.0800148993731, 0.0419255383313, 0.0617940351367, 0.100459314883, 0.0587653070688, 0.0512867234647, 0.063520476222, 0.0315898507833, 0.0159929990768, 0.0158945843577, 0.0206525698304, 0.017422683537, 0.00855530053377, 0.00397551292554, 0.00591524178162, 0.00280530261807, 0.00430514663458, 0.00413087848574, 0.00995149370283, 0.0217079371214, 9.62331614573e-05, 2.20579625676e-08],
        "mean": [8.86554335011e-06, 0.00344612705521, 0.00619065063074, 0.00316310953349, 0.00379687128589, 0.00227851630189, 0.000833487836644, 0.000950453220867, 0.00139402225614, 0.00136920192745, 0.000696301343851, 0.000835600425489, 0.000725633464754, 0.000647514418233, 0.000438324379502, 0.000420935306465, 0.000554344791453, 0.000429245061241, 0.000252210244071, 0.000294201017823, 0.00017641526938, 0.000145795362187, 0.000160758194397, 0.000239939225139, 0.000281155138509, 4.26514390028e-07, 1.32763777749e-09],
        "median": [5.0594530876e-06, 0.00191869016271, 0.00377564923838, 0.00187380658463, 0.0021363038104, 0.00083996047033, 0.000327838410158, 0.00034204122494, 0.000460910698166, 0.000331323215505, 0.000250348210102, 0.000229198893066, 0.00029354551225, 0.000213948718738, 0.000213506689761, 0.000205328236916, 0.000242224661633, 0.000225631592912, 0.00017685329658, 0.000201072907657, 0.000107446125185, 7.62511554058e-05, 6.99184602126e-05, 5.92084979871e-05, 3.92853362428e-05, 4.68235263895e-08, 7.33328231473e-10],
        "min": [1.93490603764e-23, 2.59988864393e-23, 1.54863146016e-23, 2.08215434089e-23, 2.96298869683e-23, 6.20663706433e-23, 4.7420322279e-23, 2.25616096382e-23, 1.72543973837e-22, 2.83781571937e-23, 9.18735367451e-23, 8.0696892331e-23, 5.18041422362e-23, 2.35531222836e-22, 2.99162914396e-22, 1.15644029967e-22, 2.49339267416e-22, 2.02694073551e-22, 2.03261346584e-22, 2.52481483417e-22, 4.00145289174e-22, 6.81301424734e-22, 5.45148929741e-22, 8.47906273074e-22, 1.04436247635e-21, 1.48248547325e-21, 2.39754726062e-21],
        "var": [1.4798910708e-10, 2.0370920538e-05, 6.11518626101e-05, 1.83274078154e-05, 3.09810493491e-05, 2.51691017183e-05, 3.047611699e-06, 4.68016969535e-06, 1.07991545519e-05, 9.6091080195e-06, 2.79577966467e-06, 5.37200639883e-06, 2.06579443329e-06, 1.76339676727e-06, 5.86817691328e-07, 4.97412941058e-07, 9.55829818849e-07, 3.79207648393e-07, 7.64432712685e-08, 1.25345650304e-07, 5.0970371035e-08, 5.69604026168e-08, 7.40404999533e-08, 4.86163514779e-07, 1.25267195017e-06, 4.83364520285e-12, 2.41141098378e-18]
    },
    "erbbands": {
        "dmean": [0.022712495178, 0.680713653564, 4.05948114395, 6.22505474091, 7.1480255127, 6.76475572586, 12.4249448776, 8.82424926758, 6.81425523758, 10.8393392563, 16.8438148499, 23.4778614044, 26.179983139, 20.2593307495, 14.8863143921, 20.6412200928, 18.5502338409, 19.844789505, 12.996181488, 12.3037376404, 12.4042387009, 15.5505065918, 12.1095342636, 6.87748908997, 5.61192941666, 6.01189613342, 4.1606259346, 2.40220808983, 2.17883133888, 2.09556674957, 2.00471973419, 2.12093186378, 1.95686757565, 1.96546137333, 1.00044071674, 0.0640839636326, 0.00160240300465, 0.000102613747003, 1.67123343999e-05, 1.34932051878e-05],
        "dmean2": [0.036576833576, 1.16105222702, 6.88143157959, 10.6606903076, 11.9283790588, 10.8937835693, 19.4834632874, 13.8471279144, 10.8776569366, 17.7481555939, 27.369512558, 38.0188713074, 41.2099151611, 31.8675308228, 22.5928230286, 32.113407135, 28.9949054718, 30.9900398254, 20.579284668, 19.5150775909, 19.8380031586, 24.661523819, 19.0249595642, 11.2446804047, 9.03138160706, 9.80288982391, 6.78396177292, 3.79536914825, 3.34012413025, 3.12394285202, 2.86183309555, 2.95959448814, 2.69627380371, 2.67950248718, 1.3567353487, 0.0916033312678, 0.00220455066301, 0.000135411144583, 2.2289388653e-05, 2.06008498935e-05],
        "dvar": [0.00126679835375, 1.56985628605, 56.207901001, 137.691940308, 136.388198853, 227.141784668, 1063.62573242, 370.699951172, 271.981994629, 1017.51593018, 2472.39624023, 5549.72119141, 4908.72412109, 1765.28161621, 2017.41552734, 3777.91333008, 1843.89245605, 2074.17480469, 680.536560059, 700.307678223, 741.92791748, 1131.93579102, 492.045501709, 117.414848328, 77.1952362061, 103.826065063, 54.9037895203, 19.5508975983, 20.0437374115, 15.7491445541, 19.363199234, 39.0329742432, 49.3642921448, 81.2887878418, 18.8281059265, 0.08945761621, 4.98552435602e-05, 1.7748006087e-07, 2.71022226883e-09, 4.00635108422e-10],
        "dvar2": [0.00323697924614, 4.30451202393, 153.637908936, 381.473724365, 358.100708008, 555.861022949, 2248.93432617, 789.426208496, 660.875305176, 2467.28955078, 6063.53222656, 13394.5029297, 11341.8310547, 4120.86132812, 4145.48193359, 8319.84277344, 4364.98681641, 4731.51611328, 1601.60070801, 1607.91552734, 1929.54907227, 2831.16577148, 1158.18286133, 305.496185303, 192.070724487, 268.188415527, 145.06137085, 49.0581970215, 43.8932914734, 34.1537666321, 36.9639816284, 76.0557556152, 88.2510986328, 171.984954834, 37.4628677368, 0.193272814155, 0.000101045763586, 3.30177755359e-07, 4.8111230555e-09, 9.14959552567e-10],
        "max": [0.648027539253, 18.8299064636, 94.574760437, 142.032409668, 173.510375977, 420.414733887, 1387.6796875, 476.283569336, 411.659484863, 715.548522949, 2274.07836914, 2827.37182617, 2099.01855469, 887.642822266, 1952.85253906, 3148.33837891, 1249.87341309, 828.57598877, 604.611816406, 635.33001709, 1245.33728027, 813.381408691, 550.055908203, 251.422454834, 252.717330933, 364.515930176, 149.366027832, 87.7830200195, 181.109680176, 120.853263855, 123.716911316, 174.484100342, 233.757202148, 354.041870117, 179.405685425, 17.0583744049, 0.381096750498, 0.0202376190573, 0.00220812414773, 0.000468950340291],
        "mean": [0.0448668599129, 1.04156303406, 6.04046440125, 9.81945037842, 11.5486431122, 11.7912435532, 21.4125843048, 14.7045269012, 10.9030189514, 15.5298471451, 23.4106998444, 33.3355522156, 40.5406036377, 35.4670944214, 26.0381202698, 36.7241439819, 35.7329177856, 36.0724754333, 24.3786239624, 22.9717273712, 25.3988742828, 31.7668647766, 24.9234790802, 15.8914966583, 13.2078771591, 13.9897117615, 9.41958808899, 5.46446466446, 5.20808982849, 4.86656188965, 4.64995241165, 4.81653213501, 4.07049751282, 3.61497330666, 1.70462942123, 0.100939936936, 0.00269889784977, 0.000189868413145, 4.14266978623e-05, 4.09248968936e-05],
        "median": [0.0289185829461, 0.614758551121, 3.70593523979, 6.61799573898, 7.47514867783, 5.65923547745, 5.58854103088, 6.66479063034, 4.74475383759, 6.27320384979, 9.41524982452, 11.1354961395, 11.8719673157, 12.0120449066, 9.27142333984, 10.0800132751, 14.4892072678, 13.0952224731, 11.6628103256, 11.6823177338, 12.8431243896, 14.0573549271, 12.7394647598, 10.1115703583, 9.59243202209, 9.43053817749, 5.96056509018, 3.2219991684, 2.70886564255, 2.35276985168, 1.95300114155, 1.40090286732, 0.846787512302, 0.49111482501, 0.239485472441, 0.0147756729275, 0.000418751034886, 3.44583568221e-05, 2.05834403459e-05, 3.35065633408e-05],
        "min": [1.55230902872e-21, 3.28905651388e-21, 1.28293023054e-20, 5.58048352971e-20, 2.6724024549e-20, 6.92579650703e-20, 4.78098348238e-19, 5.470180029e-19, 5.59093857566e-19, 6.57372323517e-19, 7.36676713782e-19, 4.44419451783e-18, 2.27878353271e-18, 1.63682747766e-18, 3.44556604087e-18, 3.90889326982e-18, 2.66877706444e-18, 8.18646590173e-18, 1.24121329502e-17, 1.65159198985e-17, 6.42106974146e-18, 1.40147225951e-17, 1.08801241454e-17, 1.44603132106e-17, 7.48466436335e-18, 1.27993651463e-17, 1.71009963263e-17, 1.575167615e-17, 2.17146772565e-17, 1.96793679265e-17, 1.86541354598e-17, 1.5829629651e-17, 1.40780862844e-17, 1.24361435219e-17, 7.36344683484e-18, 5.18795810151e-18, 3.00013672564e-18, 1.23194345413e-18, 3.49054295271e-19, 3.33657129499e-20],
        "var": [0.00238778721541, 1.76486337185, 58.1665344238, 150.308868408, 198.927993774, 452.611968994, 2753.00732422, 756.260314941, 433.817596436, 1300.11401367, 3003.60888672, 7014.38427734, 7607.85107422, 4167.13574219, 4310.71240234, 10606.3779297, 4540.02783203, 4747.28173828, 1503.26904297, 1474.26599121, 1615.79577637, 2843.3762207, 1301.70593262, 345.768005371, 209.303283691, 294.15020752, 132.671463013, 55.5677833557, 80.0405197144, 57.5804443359, 68.6616821289, 145.623901367, 182.127182007, 211.976257324, 49.6499290466, 0.182625830173, 0.000120080956549, 5.18853084941e-07, 9.27636278902e-09, 1.18529963622e-09]
    },
    "gfcc": {
        "mean": [0.112960085273, 105.01348877, -137.929443359, 49.6885375977, -68.3621673584, 27.480052948, -43.4613571167, 10.3179636002, -23.5076942444, -11.1539983749, -8.86520957947, -17.8171329498, -1.94068861008],
        "cov": [[4992.03613281, -244.862457275, 1040.43847656, 961.260131836, 129.140762329, 306.593292236, -359.919494629, 111.800376892, -354.8777771, 175.531692505, -23.9277153015, 115.561958313, -105.547058105], [-244.862457275, 1008.94775391, 187.988891602, 38.3298225403, 196.61126709, -90.064666748, 151.836105347, -81.0504608154, 56.2566299438, -105.127784729, 108.812385559, -63.1311950684, 18.0475730896], [1040.43847656, 187.988891602, 1299.50256348, 685.817199707, 194.104125977, 177.78843689, -165.542526245, 13.3925237656, -129.312332153, 127.546669006, 18.8172264099, 70.645866394, -39.6439628601], [961.260131836, 38.3298225403, 685.817199707, 660.123413086, 205.215988159, 106.019165039, -126.374359131, 7.80024719238, -60.0633811951, 101.888221741, -3.72754645348, 61.9425315857, -15.6207895279], [129.140762329, 196.61126709, 194.104125977, 205.215988159, 226.811294556, 67.025970459, 12.4769773483, 6.44712781906, -1.56917488575, 10.7216339111, 5.33103275299, -2.3249361515, -10.3737897873], [306.593292236, -90.064666748, 177.78843689, 106.019165039, 67.025970459, 234.631530762, 70.440788269, 23.225692749, -65.4836349487, 33.8001556396, 1.21972572803, 12.3860006332, -33.1142349243], [-359.919494629, 151.836105347, -165.542526245, -126.374359131, 12.4769773483, 70.440788269, 205.814926147, 10.304775238, 14.0956707001, -45.5906982422, 21.5234050751, -29.8586826324, -1.72553372383], [111.800376892, -81.0504608154, 13.3925237656, 7.80024719238, 6.44712781906, 23.225692749, 10.304775238, 90.8277359009, 21.3919754028, 16.4343280792, -18.9967956543, 1.67142856121, -4.74124860764], [-354.8777771, 56.2566299438, -129.312332153, -60.0633811951, -1.56917488575, -65.4836349487, 14.0956707001, 21.3919754028, 121.543380737, 2.58412861824, -0.583111822605, -22.0963077545, 13.3860626221], [175.531692505, -105.127784729, 127.546669006, 101.888221741, 10.7216339111, 33.8001556396, -45.5906982422, 16.4343280792, 2.58412861824, 95.5690994263, -0.0878609195352, 28.6647548676, -9.54224395752], [-23.9277153015, 108.812385559, 18.8172264099, -3.72754645348, 5.33103275299, 1.21972572803, 21.5234050751, -18.9967956543, -0.583111822605, -0.0878609195352, 71.9860992432, 12.7829370499, 2.6550245285], [115.561958313, -63.1311950684, 70.645866394, 61.9425315857, -2.3249361515, 12.3860006332, -29.8586826324, 1.67142856121, -22.0963077545, 28.6647548676, 12.7829370499, 68.3618774414, 18.7312259674], [-105.547058105, 18.0475730896, -39.6439628601, -15.6207895279, -10.3737897873, -33.1142349243, -1.72553372383, -4.74124860764, 13.3860626221, -9.54224395752, 2.6550245285, 18.7312259674, 50.353099823]],
        "icov": [[0.000571260403376, -0.00077658216469, 0.000647779321298, -0.00109623419121, 0.00112110527698, -0.00112757761963, 0.00165908120107, -0.00167394184973, 0.00166914868169, -0.000294635508908, 0.000102592843177, 0.000164616838447, 0.000468165177153], [-0.00077658216469, 0.00498818280175, -0.00277448212728, 0.00229463702999, -0.00502471020445, 0.00523676676676, -0.00614589080215, 0.00476204510778, -0.00339327193797, 0.00259138736874, -0.00385067798197, 0.00167061225511, -0.00126700068358], [0.000647779321298, -0.00277448212728, 0.00364679051563, -0.00340057979338, 0.00306175625883, -0.00369755108841, 0.00459045637399, -0.00360285770148, 0.00345247471705, -0.00169412174728, 0.000793599814642, -5.29298340552e-05, 0.000924677762669], [-0.00109623419121, 0.00229463702999, -0.00340057979338, 0.00714090652764, -0.00577356573194, 0.00278987456113, -0.00291389017366, 0.00421588867903, -0.003485979978, -0.000518075830769, 0.000100238903542, -0.00166142662056, -0.00119867606554], [0.00112110527698, -0.00502471020445, 0.00306175625883, -0.00577356573194, 0.0126640200615, -0.00692629022524, 0.00585962599143, -0.00543104438111, 0.00259478972293, -0.000709842366632, 0.00280816596933, 0.00010975611076, 0.00150065624621], [-0.00112757761963, 0.00523676676676, -0.00369755108841, 0.00278987456113, -0.00692629022524, 0.0148764066398, -0.0119085209444, 0.00414750538766, 0.000135357666295, -0.00095269002486, -0.00236328551546, 0.000166607802385, 0.00189872854389], [0.00165908120107, -0.00614589080215, 0.00459045637399, -0.00291389017366, 0.00585962599143, -0.0119085209444, 0.0182540882379, -0.00842156819999, 0.00432439148426, 0.000467601581477, 0.00042452980415, 0.00103886902798, 0.00012907650671], [-0.00167394184973, 0.00476204510778, -0.00360285770148, 0.00421588867903, -0.00543104438111, 0.00414750538766, -0.00842156819999, 0.0202464796603, -0.00958570837975, 0.00105540524237, 0.0018510898808, -0.00181311648339, -0.000192702165805], [0.00166914868169, -0.00339327193797, 0.00345247471705, -0.003485979978, 0.00259478972293, 0.000135357666295, 0.00432439148426, -0.00958570837975, 0.0193054992706, -0.00671811401844, -0.000166085344972, 0.00552142038941, -0.00222962885164], [-0.000294635508908, 0.00259138736874, -0.00169412174728, -0.000518075830769, -0.000709842366632, -0.00095269002486, 0.000467601581477, 0.00105540524237, -0.00671811401844, 0.0193201303482, -0.00260450737551, -0.00541624194011, 0.00390111445449], [0.000102592843177, -0.00385067798197, 0.000793599814642, 0.000100238903542, 0.00280816596933, -0.00236328551546, 0.00042452980415, 0.0018510898808, -0.000166085344972, -0.00260450737551, 0.020983889699, -0.00761277973652, 0.00274039339274], [0.000164616838447, 0.00167061225511, -5.29298340552e-05, -0.00166142662056, 0.00010975611076, 0.000166607802385, 0.00103886902798, -0.00181311648339, 0.00552142038941, -0.00541624194011, -0.00761277973652, 0.0269465483725, -0.0129306418821], [0.000468165177153, -0.00126700068358, 0.000924677762669, -0.00119867606554, 0.00150065624621, 0.00189872854389, 0.00012907650671, -0.000192702165805, -0.00222962885164, 0.00390111445449, 0.00274039339274, -0.0129306418821, 0.0291931815445]]
    },
    "melbands": {
        "dmean": [0.000414468260715, 0.00168245646637, 0.00108028994873, 0.000457156274933, 0.000391459092498, 0.000208680925425, 0.000106323619548, 0.000124778598547, 0.000145501777297, 0.000153154935106, 0.000136282658787, 9.07531502889e-05, 5.35591389053e-05, 4.62545722257e-05, 5.40144683328e-05, 4.43506214651e-05, 3.91141729779e-05, 2.2694677682e-05, 2.16547487071e-05, 1.67582420545e-05, 1.52831707965e-05, 1.9015313228e-05, 1.33234407258e-05, 9.38006087381e-06, 5.96056997892e-06, 4.37403241449e-06, 4.9182363e-06, 4.31561920777e-06, 3.0718083508e-06, 1.94055610336e-06, 1.40771908264e-06, 1.28537226374e-06, 1.36050925903e-06, 1.24874054563e-06, 1.27658972815e-06, 1.24094788134e-06, 1.44898103827e-06, 1.44056480167e-06, 1.66155450643e-06, 1.76865660251e-06],
        "dmean2": [0.000695469498169, 0.00285152369179, 0.00183317426126, 0.000749250873923, 0.000614057295024, 0.00032608784386, 0.00016967204283, 0.000204055642826, 0.000236179839703, 0.000247634889092, 0.000214670653804, 0.00014326031669, 8.12546932139e-05, 7.31656764401e-05, 8.51838267408e-05, 7.07301587681e-05, 6.13755692029e-05, 3.61351449101e-05, 3.55232405127e-05, 2.65426842816e-05, 2.44440998358e-05, 3.03959986923e-05, 2.13080202229e-05, 1.4949450815e-05, 9.89462932921e-06, 7.17551620255e-06, 8.01562873676e-06, 7.07780509401e-06, 5.06373226017e-06, 3.2010684663e-06, 2.25055396186e-06, 2.04453931474e-06, 2.10639768738e-06, 1.91579192688e-06, 1.90189075511e-06, 1.8166559812e-06, 2.06076651921e-06, 2.09352197089e-06, 2.35041602537e-06, 2.45251817432e-06],
        "dvar": [5.23736105151e-07, 9.41042708291e-06, 3.58953934665e-06, 6.06905985023e-07, 9.46055024542e-07, 2.15420442373e-07, 6.79276013216e-08, 1.33311559125e-07, 2.10843580817e-07, 2.45246980057e-07, 1.33482998876e-07, 3.9461088619e-08, 2.38842474687e-08, 1.65113256401e-08, 1.97630463106e-08, 1.00698871464e-08, 8.7946343541e-09, 2.36393704611e-09, 2.68998534558e-09, 1.3085376116e-09, 1.39889055895e-09, 1.98827954101e-09, 6.47296716227e-10, 3.36784683475e-10, 9.15410941493e-11, 4.72778136085e-11, 6.54944640188e-11, 6.13433054353e-11, 3.00258255759e-11, 1.22435967614e-11, 6.35968881724e-12, 5.80752329907e-12, 9.3722122077e-12, 5.86252704368e-12, 8.03629818941e-12, 1.02099856347e-11, 2.02444328662e-11, 2.75014854639e-11, 5.72330759174e-11, 6.56694629231e-11],
        "dvar2": [1.40589327202e-06, 2.57033007074e-05, 9.77276249614e-06, 1.54485110215e-06, 2.05990158975e-06, 4.47237539447e-07, 1.65951263398e-07, 3.27326603156e-07, 5.11932285008e-07, 5.86502551414e-07, 3.06805759465e-07, 9.2317819167e-08, 4.57341933213e-08, 3.75117537033e-08, 4.43541594564e-08, 2.4530217857e-08, 1.9916789995e-08, 5.44089173715e-09, 6.7030323514e-09, 3.04617464586e-09, 3.66149333075e-09, 4.95268581702e-09, 1.57062862716e-09, 8.11147815583e-10, 2.42886433188e-10, 1.20196949616e-10, 1.68149896784e-10, 1.64219804422e-10, 7.91858731364e-11, 3.24667896734e-11, 1.61829733641e-11, 1.38177394873e-11, 2.0191173386e-11, 1.34775888366e-11, 1.71137166938e-11, 2.1685628987e-11, 4.05786550195e-11, 5.5652565889e-11, 1.25995672229e-10, 1.38287145623e-10],
        "max": [0.0104478932917, 0.0427037924528, 0.0217436626554, 0.0169581025839, 0.0393396243453, 0.0110267186537, 0.00765437493101, 0.00830208696425, 0.0219294279814, 0.0190489087254, 0.010750955902, 0.00437310431153, 0.00811247527599, 0.0049013197422, 0.00564967328683, 0.00238037621602, 0.00177417928353, 0.00132911629044, 0.00162227312103, 0.00108751456719, 0.00190837855916, 0.00116568931844, 0.000540046661627, 0.000549502961803, 0.000213669758523, 0.000190034304978, 0.000193106912775, 0.000301887834212, 0.00011093573994, 5.46153496543e-05, 5.0417464081e-05, 7.90693884483e-05, 0.000117985699035, 7.32810949557e-05, 8.35376267787e-05, 0.00010327462951, 0.000113913833047, 0.000170841696672, 0.000383732898626, 0.000241331159486],
        "mean": [0.000695561349858, 0.0026158655528, 0.00180996430572, 0.000811372883618, 0.000700921053067, 0.000349710026057, 0.000166143217939, 0.000174591463292, 0.000195362765226, 0.00021247008408, 0.000205305113923, 0.00015049247304, 8.795010217e-05, 7.95554806245e-05, 9.60831093835e-05, 7.78992398409e-05, 6.53018432786e-05, 3.8534282794e-05, 3.48428693542e-05, 2.91596970783e-05, 2.90554689855e-05, 3.54697913281e-05, 2.52605786955e-05, 1.86859651876e-05, 1.22379151435e-05, 9.08451420401e-06, 1.01622008515e-05, 9.03778709471e-06, 6.37870971332e-06, 3.95745792048e-06, 2.89094145955e-06, 2.86884051093e-06, 2.9263946999e-06, 2.62527760242e-06, 2.64431082542e-06, 2.72162287729e-06, 3.05033177028e-06, 2.80883182313e-06, 2.93732455248e-06, 3.0964195048e-06],
        "median": [0.000415035610786, 0.00175259343814, 0.00127541041002, 0.000495397835039, 0.000207852179301, 0.000157541464432, 7.00339587638e-05, 6.87524952809e-05, 7.53700587666e-05, 6.36865515844e-05, 5.47198833374e-05, 4.55046683783e-05, 3.15237848554e-05, 2.23126789933e-05, 2.95977570204e-05, 3.05863759422e-05, 2.13544535654e-05, 1.62912692758e-05, 1.62507531059e-05, 1.40439551615e-05, 1.41773425639e-05, 1.46250367834e-05, 1.21599605336e-05, 9.79275318969e-06, 7.37932350603e-06, 6.2095678004e-06, 6.84331644152e-06, 5.47889658264e-06, 3.83390033676e-06, 2.26495603783e-06, 1.53726819008e-06, 1.47196783473e-06, 1.32944171582e-06, 1.23234485727e-06, 1.10600501557e-06, 9.57410179581e-07, 7.9705449707e-07, 6.03558021339e-07, 4.56153941286e-07, 3.8134575675e-07],
        "min": [1.21037105944e-23, 5.66736685859e-24, 8.64975254067e-24, 1.59075428563e-24, 1.41454577442e-23, 1.16199818762e-23, 8.99509217914e-24, 6.59451586935e-24, 5.13332222525e-24, 3.04467776792e-23, 1.0077869247e-23, 5.39859169299e-24, 1.29905551238e-23, 8.71107069883e-24, 8.99436563825e-24, 5.82270422045e-24, 1.74784234678e-23, 2.08483993896e-23, 2.28875432984e-23, 1.51790453904e-23, 6.40166501601e-24, 1.43312265988e-23, 1.03480130863e-23, 1.12116603719e-23, 1.23938607351e-23, 5.05459982336e-24, 5.43112116127e-24, 9.66891586514e-24, 1.0199594429e-23, 9.94968250536e-24, 9.26051941906e-24, 1.18805513107e-23, 1.34772136714e-23, 8.97674879651e-24, 1.04600944437e-23, 1.07934725843e-23, 8.71792826668e-24, 8.42217090267e-24, 1.04252599238e-23, 1.1278111648e-23],
        "var": [7.22960635358e-07, 9.72378984443e-06, 4.12628469348e-06, 1.16999035527e-06, 2.46132208304e-06, 4.5797625603e-07, 1.05479806223e-07, 1.64270332448e-07, 2.49219937132e-07, 3.08520441195e-07, 2.09416015196e-07, 8.58790443203e-08, 5.09662960724e-08, 4.46059367221e-08, 6.37904520318e-08, 2.2886622375e-08, 1.89505460213e-08, 4.92934271179e-09, 4.3132191152e-09, 2.67623390116e-09, 2.71079314551e-09, 4.45743886246e-09, 1.44374479039e-09, 8.75181538351e-10, 2.24242971414e-10, 1.04100596199e-10, 1.64887908882e-10, 1.4817561067e-10, 6.58912507889e-11, 2.66390381976e-11, 1.79851515625e-11, 2.11362021635e-11, 3.22461710112e-11, 1.70580546216e-11, 2.21146382456e-11, 3.26012966623e-11, 7.02708100042e-11, 8.60210236375e-11, 1.30722141445e-10, 1.67391198125e-10]
    },
    "mfcc": {
        "mean": [-625.000366211, 112.920875549, -2.02248072624, 18.072013855, 7.7588224411, 4.87951040268, 3.29495978355, 6.57207298279, -1.46207332611, 2.98906803131, -3.28645801544, -1.49200248718, -5.09396028519],
        "cov": [[4234.375, -550.324829102, 714.126403809, 537.719787598, 457.293365479, 183.395812988, 197.357254028, -43.2982139587, -107.397895813, -74.7298278809, -51.264705658, 73.0071182251, 53.0744285583], [-550.324829102, 922.857116699, -34.8899688721, 53.6671714783, -18.7275238037, -3.02064085007, 57.7215232849, 74.2612457275, -48.335067749, 34.4547309875, 19.1313648224, -20.899263382, -16.2173633575], [714.126403809, -34.8899688721, 1043.9309082, 463.850952148, 388.860473633, 196.785552979, 132.709197998, -45.4113044739, -32.6381111145, -52.3273086548, 1.57468903065, 56.3383750916, 87.8191604614], [537.719787598, 53.6671714783, 463.850952148, 519.393188477, 322.626983643, 120.491653442, 21.6130924225, -31.7246665955, 2.79942321777, -28.8590049744, -24.2202510834, 59.3477401733, 79.5531234741], [457.293365479, -18.7275238037, 388.860473633, 322.626983643, 357.61340332, 113.739112854, 39.1504135132, -22.1492366791, 6.18567466736, -14.112077713, -4.04654359818, 45.9757766724, 50.2283325195], [183.395812988, -3.02064085007, 196.785552979, 120.491653442, 113.739112854, 203.299636841, 120.652862549, 23.8249931335, 2.34479808807, -5.02518415451, 18.2342777252, 23.9421329498, 10.2260379791], [197.357254028, 57.7215232849, 132.709197998, 21.6130924225, 39.1504135132, 120.652862549, 197.200836182, 67.2351760864, -12.6967935562, 4.13674259186, 17.1215019226, -2.05580615997, -6.96502923965], [-43.2982139587, 74.2612457275, -45.4113044739, -31.7246665955, -22.1492366791, 23.8249931335, 67.2351760864, 94.7346878052, 21.2841873169, 18.8359870911, 11.6491966248, -6.13735961914, -11.6510305405], [-107.397895813, -48.335067749, -32.6381111145, 2.79942321777, 6.18567466736, 2.34479808807, -12.6967935562, 21.2841873169, 94.2905578613, 28.7162590027, 11.3909330368, 5.2716345787, 0.132699072361], [-74.7298278809, 34.4547309875, -52.3273086548, -28.8590049744, -14.112077713, -5.02518415451, 4.13674259186, 18.8359870911, 28.7162590027, 73.6345214844, 29.7963581085, -3.52690935135, -11.9645080566], [-51.264705658, 19.1313648224, 1.57468903065, -24.2202510834, -4.04654359818, 18.2342777252, 17.1215019226, 11.6491966248, 11.3909330368, 29.7963581085, 62.0227546692, 15.7281332016, -5.34015512466], [73.0071182251, -20.899263382, 56.3383750916, 59.3477401733, 45.9757766724, 23.9421329498, -2.05580615997, -6.13735961914, 5.2716345787, -3.52690935135, 15.7281332016, 62.2788772583, 34.0146141052], [53.0744285583, -16.2173633575, 87.8191604614, 79.5531234741, 50.2283325195, 10.2260379791, -6.96502923965, -11.6510305405, 0.132699072361, -11.9645080566, -5.34015512466, 34.0146141052, 67.3552093506]],
