{
"lowlevel": {
    "average_loudness": 0.848915159702,
    "barkbands_crest": {
        "dmean": 2.66396760941,
        "dmean2": 4.36514377594,
        "dvar": 5.46467542648,
        "dvar2": 14.2893686295,
        "max": 25.3666553497,
        "mean": 9.60273838043,
        "median": 8.81459140778,
        "min": 2.19524049759,
        "var": 15.6594371796
    },
    "barkbands_flatness_db": {
        "dmean": 0.0194350574166,
        "dmean2": 0.0298339445144,
        "dvar": 0.000303131790133,
        "dvar2": 0.00069889461156,
        "max": 0.320488512516,
        "mean": 0.132159352303,
        "median": 0.124681726098,
        "min": 0.0352376773953,
        "var": 0.00206548185088
    },
    "barkbands_kurtosis": {
        "dmean": 1.87016963959,
        "dmean2": 2.88049769402,
        "dvar": 11.6174583435,
        "dvar2": 25.7917976379,
        "max": 98.9948120117,
        "mean": 2.13706016541,
        "median": 0.439880490303,
        "min": -1.94382941723,
        "var": 31.1263637543
    },
    "barkbands_skewness": {
        "dmean": 0.479661554098,
        "dmean2": 0.711898565292,
        "dvar": 0.234369441867,
        "dvar2": 0.490031182766,
        "max": 8.39954471588,
        "mean": 1.07391393185,
        "median": 0.924480080605,
        "min": -3.97801709175,
        "var": 1.26194453239
    },
    "barkbands_spread": {
        "dmean": 6.97613334656,
        "dmean2": 10.3119316101,
        "dvar": 84.2974243164,
        "dvar2": 164.453994751,
        "max": 128.461135864,
        "mean": 27.6790943146,
        "median": 24.6022014618,
        "min": 1.33856832981,
        "var": 313.76751709
    },
    "dissonance": {
        "dmean": 0.0167445968837,
        "dmean2": 0.0285291224718,
        "dvar": 0.000295829231618,
        "dvar2": 0.000823270936962,
        "max": 0.499999970198,
        "mean": 0.470982193947,
        "median": 0.476938933134,
        "min": 0.278337061405,
        "var": 0.000555626291316
    },
    "dynamic_complexity": 3.22002482414,
    "erbbands_crest": {
        "dmean": 2.62958645821,
        "dmean2": 4.28012418747,
        "dvar": 6.21549415588,
        "dvar2": 15.5090789795,
        "max": 32.0629882812,
        "mean": 8.86195278168,
        "median": 7.77037811279,
        "min": 2.09295654297,
        "var": 18.9233837128
    },
    "erbbands_flatness_db": {
        "dmean": 0.0177790932357,
        "dmean2": 0.0255779977888,
        "dvar": 0.000291941774776,
        "dvar2": 0.000561285007279,
        "max": 0.387087672949,
        "mean": 0.162202700973,
        "median": 0.149533003569,
        "min": 0.048457365483,
        "var": 0.0041591534391
    },
    "erbbands_kurtosis": {
        "dmean": 0.89734005928,
        "dmean2": 1.42811870575,
        "dvar": 1.71168756485,
        "dvar2": 3.8653626442,
        "max": 34.6793136597,
        "mean": 0.585530340672,
        "median": -0.0541520118713,
        "min": -1.7873095274,
        "var": 5.23219251633
    },
    "erbbands_skewness": {
        "dmean": 0.362791061401,
        "dmean2": 0.554240763187,
        "dvar": 0.117065504193,
        "dvar2": 0.257095217705,
        "max": 4.41501092911,
        "mean": 0.191430971026,
        "median": 0.153284043074,
        "min": -4.6137471199,
        "var": 0.574005067348
    },
    "erbbands_spread": {
        "dmean": 7.89076709747,
        "dmean2": 11.7688379288,
        "dvar": 87.2686691284,
        "dvar2": 184.20425415,
        "max": 147.886962891,
        "mean": 35.749420166,
        "median": 30.6675796509,
        "min": 1.91441822052,
        "var": 434.889343262
    },
    "hfc": {
        "dmean": 7.79507732391,
        "dmean2": 10.8364200592,
        "dvar": 259.5909729,
        "dvar2": 440.674377441,
        "max": 936.036010742,
        "mean": 22.8442630768,
        "median": 15.2027225494,
        "min": 1.17090737664e-16,
        "var": 750.335327148
    },
    "melbands_crest": {
        "dmean": 3.64296913147,
        "dmean2": 5.77386379242,
        "dvar": 10.2514810562,
        "dvar2": 26.2153892517,
        "max": 35.0147094727,
        "mean": 14.060336113,
        "median": 13.25390625,
        "min": 1.46111357212,
        "var": 31.5942459106
    },
    "melbands_flatness_db": {
        "dmean": 0.0230629239231,
        "dmean2": 0.0344729796052,
        "dvar": 0.000460773386294,
        "dvar2": 0.000996512826532,
        "max": 0.381070882082,
        "mean": 0.171097800136,
        "median": 0.168282851577,
        "min": 0.00185185775626,
        "var": 0.00246005668305
    },
    "melbands_kurtosis": {
        "dmean": 5.1089053154,
        "dmean2": 7.85817956924,
        "dvar": 92.2821273804,
        "dvar2": 207.32572937,
        "max": 220.159042358,
        "mean": 9.39912605286,
        "median": 3.87751507759,
        "min": -1.93650329113,
        "var": 268.962860107
    },
    "melbands_skewness": {
        "dmean": 0.661484360695,
        "dmean2": 0.993196189404,
        "dvar": 0.496871113777,
        "dvar2": 1.0719422102,
        "max": 11.8140640259,
        "mean": 2.12953186035,
        "median": 1.78201341629,
        "min": -2.83032560349,
        "var": 2.80002045631
    },
    "melbands_spread": {
        "dmean": 8.49627304077,
        "dmean2": 12.7726860046,
        "dvar": 175.200408936,
        "dvar2": 335.631591797,
        "max": 321.445251465,
        "mean": 30.7511024475,
        "median": 26.9108200073,
        "min": 1.27535820007,
        "var": 493.922363281
    },
    "pitch_salience": {
        "dmean": 0.0722005665302,
        "dmean2": 0.114509388804,
        "dvar": 0.00410305894911,
        "dvar2": 0.0101264109835,
        "max": 0.938623309135,
        "mean": 0.546903133392,
        "median": 0.544687867165,
        "min": 0.103636406362,
        "var": 0.0134004019201
    },
    "silence_rate_20dB": {
        "dmean": 0,
        "dmean2": 0,
        "dvar": 0,
        "dvar2": 0,
        "max": 1,
        "mean": 1,
        "median": 1,
        "min": 1,
        "var": 0
    },
    "silence_rate_30dB": {
        "dmean": 0.00096443638904,
        "dmean2": 0.00192910537589,
        "dvar": 0.000963513099123,
        "dvar2": 0.00264882505871,
        "max": 1,
        "mean": 0.999397277832,
        "median": 1,
        "min": 0,
        "var": 0.000602369662374
    },
    "silence_rate_60dB": {
        "dmean": 0.0238698013127,
        "dmean2": 0.0477453581989,
        "dvar": 0.0233001168817,
        "dvar2": 0.0553543418646,
        "max": 1,
        "mean": 0.070395372808,
        "median": 0,
        "min": 0,
        "var": 0.0654293969274
    },
    "spectral_centroid": {
        "dmean": 253.535690308,
        "dmean2": 373.499694824,
        "dvar": 95356.84375,
        "dvar2": 162722.921875,
        "max": 11226.4404297,
        "mean": 1654.83618164,
        "median": 1635.80810547,
        "min": 241.379318237,
        "var": 382547.0625
    },
    "spectral_complexity": {
        "dmean": 3.08764314651,
        "dmean2": 4.7902097702,
        "dvar": 9.63854217529,
        "dvar2": 20.5636444092,
        "max": 46,
        "mean": 18.0348358154,
        "median": 18,
        "min": 0,
        "var": 71.1724319458
    },
    "spectral_decrease": {
        "dmean": 1.61622926154e-09,
        "dmean2": 2.42584419219e-09,
        "dvar": 4.21944210078e-18,
        "dvar2": 8.75748687655e-18,
        "max": -1.1197369486e-29,
        "mean": -4.9555675119e-09,
        "median": -3.80211329087e-09,
        "min": -3.4355871037e-08,
        "var": 1.61487575857e-17
    },
    "spectral_energy": {
        "dmean": 0.00659989425912,
        "dmean2": 0.00985931791365,
        "dvar": 6.92707108101e-05,
        "dvar2": 0.000143362558447,
        "max": 0.146466389298,
        "mean": 0.0207755081356,
        "median": 0.0161615852267,
        "min": 1.06627377588e-20,
        "var": 0.000274048128631
    },
    "spectral_energyband_high": {
        "dmean": 0.000438391085481,
        "dmean2": 0.000601118023042,
        "dvar": 2.16369744521e-06,
        "dvar2": 3.51092307938e-06,
        "max": 0.0907941311598,
        "mean": 0.000790914753452,
        "median": 0.000337624340318,
        "min": 7.96147445533e-21,
        "var": 4.70012810183e-06
    },
    "spectral_energyband_low": {
        "dmean": 0.00321139162406,
        "dmean2": 0.00482287351042,
        "dvar": 2.51147012023e-05,
        "dvar2": 6.13108932157e-05,
        "max": 0.0543784536421,
        "mean": 0.00591430906206,
        "median": 0.00401520915329,
        "min": 3.00716459197e-23,
        "var": 5.15840074513e-05
    },
    "spectral_energyband_middle_high": {
        "dmean": 0.00265504745767,
        "dmean2": 0.00381017732434,
        "dvar": 2.47770294663e-05,
        "dvar2": 4.87665893161e-05,
        "max": 0.138716816902,
        "mean": 0.00795719772577,
        "median": 0.00383099168539,
        "min": 1.3665698227e-21,
        "var": 0.000117755553219
    },
    "spectral_energyband_middle_low": {
        "dmean": 0.003321925411,
        "dmean2": 0.00499324360862,
        "dvar": 2.89623567369e-05,
        "dvar2": 5.63486100873e-05,
        "max": 0.0727751776576,
        "mean": 0.0067489487119,
        "median": 0.0039740903303,
        "min": 1.72921592086e-22,
        "var": 6.38832352706e-05
    },
    "spectral_entropy": {
        "dmean": 0.156800985336,
        "dmean2": 0.218033522367,
        "dvar": 0.0243554171175,
        "dvar2": 0.0415977239609,
        "max": 9.78344154358,
        "mean": 7.68483877182,
        "median": 7.65971422195,
        "min": 6.0844244957,
        "var": 0.151854246855
    },
    "spectral_flux": {
        "dmean": 0.02131713368,
        "dmean2": 0.0323255807161,
        "dvar": 0.00057690020185,
        "dvar2": 0.00117524922825,
        "max": 0.345703929663,
        "mean": 0.0840718671679,
        "median": 0.0741809457541,
        "min": 1.04622317754e-10,
        "var": 0.0021710251458
    },
    "spectral_kurtosis": {
        "dmean": 1.41864407063,
        "dmean2": 2.27512979507,
        "dvar": 2.21203970909,
        "dvar2": 6.25789499283,
        "max": 22.6652374268,
        "mean": 4.89597654343,
        "median": 4.80159902573,
        "min": -1.55117881298,
        "var": 8.24216461182
    },
    "spectral_rms": {
        "dmean": 0.00069179199636,
        "dmean2": 0.00101771659683,
        "dvar": 5.59725606308e-07,
        "dvar2": 1.08862741399e-06,
        "max": 0.0119538297877,
        "mean": 0.00414753099903,
        "median": 0.0039708185941,
        "min": 3.22531714878e-12,
        "var": 3.06667220684e-06
    },
    "spectral_rolloff": {
        "dmean": 646.75213623,
        "dmean2": 1068.55273438,
        "dvar": 1753953.375,
        "dvar2": 3436377.75,
        "max": 18647.7539062,
        "mean": 2090.34033203,
        "median": 1722.65625,
        "min": 64.599609375,
        "var": 3813643
    },
    "spectral_skewness": {
        "dmean": 0.192202121019,
        "dmean2": 0.296693921089,
        "dvar": 0.0342334955931,
        "dvar2": 0.0776452347636,
        "max": 3.63039088249,
        "mean": 1.68521857262,
        "median": 1.71709859371,
        "min": -0.46811401844,
        "var": 0.152683272958
    },
    "spectral_spread": {
        "dmean": 719569.5625,
        "dmean2": 978496,
        "dvar": 1.23049764454e+12,
        "dvar2": 1.72810502144e+12,
        "max": 43531672,
        "mean": 5061602.5,
        "median": 4429545,
        "min": 1771837.125,
        "var": 5.92781770752e+12
    },
    "spectral_strongpeak": {
        "dmean": 0.68279582262,
        "dmean2": 1.14678275585,
        "dvar": 1.57917892933,
        "dvar2": 3.93907976151,
        "max": 22.528547287,
        "mean": 1.1310069561,
        "median": 0.397509813309,
        "min": 0,
        "var": 2.96920013428
    },
    "zerocrossingrate": {
        "dmean": 0.0142275560647,
        "dmean2": 0.0155273908749,
        "dvar": 0.000410708627896,
        "dvar2": 0.000411661108956,
        "max": 0.6064453125,
        "mean": 0.0807783529162,
        "median": 0.07080078125,
        "min": 0.009765625,
        "var": 0.00230465712957
    },
    "barkbands": {
        "dmean": [0.000399030075641, 0.00202745827846, 0.00147672463208, 0.000976069713943, 0.00132883887272, 0.00100004556589, 0.000590508338064, 0.000414405803895, 0.00081736408174, 0.000922623847146, 0.000895990116987, 0.00044183144928, 0.000557340215892, 0.000523580238223, 0.000409098080127, 0.00028621617821, 0.000264611007879, 0.000257180887274, 0.000238691471168, 6.51753289276e-05, 3.71000169253e-05, 3.94665221393e-05, 5.42012166989e-05, 0.000111661407573, 0.000166313766385, 6.191542343e-05, 4.04315017022e-08],
        "dmean2": [0.000558706058655, 0.0031804041937, 0.00244201277383, 0.00165903638117, 0.00226758304052, 0.00171960308217, 0.000979035627097, 0.000684633792844, 0.00128185853828, 0.00144844315946, 0.0014069438912, 0.000692900794093, 0.000876367790624, 0.000829067255836, 0.000639591307845, 0.000457282731077, 0.000409185566241, 0.000395315728383, 0.000364578037988, 0.000102819401945, 5.84225454077e-05, 6.15531462245e-05, 8.13424412627e-05, 0.000162397584063, 0.000225626616157, 8.85649278644e-05, 7.26773805582e-08],
        "dvar": [5.91638467995e-07, 1.10631817734e-05, 1.55744128278e-05, 7.98855216999e-06, 1.11419049063e-05, 4.95852737004e-06, 1.77454512595e-06, 1.05189428723e-06, 5.19880859429e-06, 7.83799896453e-06, 1.08899321276e-05, 1.88941226043e-06, 5.18075012224e-06, 2.38450797951e-06, 1.20044660434e-06, 4.68394745212e-07, 2.88988275088e-07, 2.83955671421e-07, 2.72589488759e-07, 1.33049962159e-08, 4.77765382811e-09, 7.85574183482e-09, 2.01610053097e-08, 1.19966387047e-07, 9.98122573037e-07, 4.2686174595e-08, 2.33836821434e-13],
        "dvar2": [1.26689576518e-06, 2.71764492936e-05, 3.98800475523e-05, 2.06183467526e-05, 2.914790457e-05, 1.35340796987e-05, 4.12210738432e-06, 2.64209415946e-06, 1.20431523101e-05, 1.77210094989e-05, 2.45867067861e-05, 4.51680489277e-06, 1.10851824502e-05, 5.38054246135e-06, 2.56019461631e-06, 1.1729042626e-06, 6.21500475972e-07, 6.6164875534e-07, 6.43740804662e-07, 3.00903444383e-08, 1.12067839453e-08, 1.81799482135e-08, 4.56013324879e-08, 2.07604657021e-07, 1.83330769232e-06, 6.98029154478e-08, 6.87007308681e-13],
        "max": [0.0090657863766, 0.0363185927272, 0.0436607673764, 0.0270529668778, 0.0361392721534, 0.0338238105178, 0.0594812557101, 0.0203323289752, 0.0608824528754, 0.0804258435965, 0.0894994363189, 0.0481110848486, 0.0872167497873, 0.0440284200013, 0.0316858887672, 0.0241943597794, 0.0208077766001, 0.0126796951517, 0.0164249520749, 0.00284808129072, 0.00200215936638, 0.00291900709271, 0.00703925453126, 0.0135963670909, 0.0665311813354, 0.00920465122908, 3.10591749439e-05],
        "mean": [0.000549785152543, 0.00348040368408, 0.00151807337534, 0.00085830304306, 0.00146243651398, 0.00124154798687, 0.000868957664352, 0.000532051315531, 0.00128909188788, 0.00160170695744, 0.00140176306013, 0.000714957830496, 0.000877823855262, 0.000791892758571, 0.000672725669574, 0.000487206300022, 0.000521732261404, 0.000521877780557, 0.00051634258125, 0.000138306422741, 6.7655237217e-05, 6.33224481135e-05, 9.12366740522e-05, 0.000173028543941, 0.00024894910166, 8.42898807605e-05, 2.84059549216e-08],
        "median": [5.13014965691e-05, 0.0020844892133, 0.000339475722285, 0.000160554161994, 0.000581875734497, 0.000439596245997, 0.000255585473496, 0.000126212034957, 0.000306721805828, 0.000276398379356, 0.000254822894931, 0.00020955139189, 0.000203854127903, 0.000216875196202, 0.000225596304517, 0.000173918611836, 0.000201372575248, 0.000205494347028, 0.00017394288443, 7.42052361602e-05, 3.60219273716e-05, 3.31488954544e-05, 4.30634681834e-05, 5.68583018321e-05, 5.14868406754e-05, 2.04687821679e-05, 1.73822334304e-09],
        "min": [3.77156923141e-24, 1.02772846064e-23, 6.18919519195e-24, 1.15693961706e-23, 1.15279068202e-23, 2.65625338669e-23, 2.74042263647e-23, 4.41565081024e-23, 3.5093780567e-23, 3.14848334335e-23, 9.68016517942e-23, 4.20702108218e-23, 6.06496332555e-23, 1.29183394833e-22, 5.50861633225e-23, 1.17570100131e-22, 1.25867667298e-22, 1.79348372461e-22, 2.30555315437e-22, 3.05994803245e-22, 5.84161622979e-22, 4.03983671769e-22, 6.80181015056e-22, 8.70985743076e-22, 1.23831623613e-21, 1.78737251384e-21, 2.22178026618e-21],
        "var": [1.11765677957e-06, 1.94869353436e-05, 1.34343354148e-05, 6.10816414337e-06, 8.96367600944e-06, 5.21635638506e-06, 6.76994750393e-06, 1.48337744577e-06, 1.02969906948e-05, 2.16275202547e-05, 2.0116007363e-05, 4.24506470154e-06, 9.25118456507e-06, 4.25809503213e-06, 2.29135139307e-06, 9.74223667072e-07, 8.76928083926e-07, 8.12294729258e-07, 8.62016008796e-07, 3.44400916674e-08, 1.01122887841e-08, 1.23087922077e-08, 2.95492288416e-08, 2.41911209287e-07, 1.73076750798e-06, 9.74865130843e-08, 1.35047273928e-13]
    },
    "erbbands": {
        "dmean": [0.0754626467824, 0.423927634954, 1.37093389034, 2.57341194153, 3.86186623573, 4.64304876328, 7.84514951706, 7.70644235611, 7.62650775909, 8.87213897705, 9.91815853119, 17.555891037, 26.5892810822, 33.338104248, 23.9251003265, 17.6605396271, 22.0195941925, 23.338180542, 21.6448822021, 17.5051746368, 13.9326410294, 14.5380725861, 13.0326871872, 14.3568334579, 7.26658582687, 2.60298395157, 2.04608559608, 1.13471257687, 1.41638791561, 1.42610239983, 1.59670805931, 2.36083078384, 1.93451583385, 2.16952848434, 0.998231589794, 0.392069071531, 0.0897776782513, 0.00800867937505, 0.000159961055033, 1.56483947649e-05],
        "dmean2": [0.113961838186, 0.673002302647, 2.16441726685, 4.1332116127, 6.74086666107, 8.10378265381, 13.8882865906, 13.170539856, 12.8343162537, 14.4799909592, 16.040643692, 27.337972641, 41.2355194092, 51.9540290833, 36.5585098267, 27.5044155121, 33.7836647034, 37.2642822266, 33.3493614197, 26.8995723724, 21.9684715271, 22.3947486877, 19.7830257416, 21.9706134796, 11.0344238281, 4.0464220047, 3.18536877632, 1.79764103889, 2.20529198647, 2.20738101006, 2.38041353226, 3.46662664413, 2.74090862274, 2.99187421799, 1.3705316782, 0.559124231339, 0.129120960832, 0.0118126552552, 0.000230491452385, 2.23746028496e-05],
        "dvar": [0.0172417182475, 0.575764358044, 11.161614418, 47.5626373291, 125.197288513, 141.19480896, 434.996368408, 304.306518555, 286.822875977, 498.972930908, 554.672607422, 2534.81616211, 6133.65771484, 10714.390625, 7350.84716797, 3342.00170898, 5836.56201172, 5647.98046875, 3243.52539062, 1973.14489746, 1116.17651367, 838.60949707, 680.450317383, 1025.69482422, 248.467529297, 19.7805175781, 13.6483602524, 5.73779582977, 10.5994005203, 8.74520969391, 16.863275528, 52.8558273315, 50.5178413391, 205.612609863, 25.1286621094, 1.7496547699, 0.114300303161, 0.00112298736349, 3.95072135007e-07, 1.52938939291e-09],
        "dvar2": [0.0402677617967, 1.38608503342, 27.6342182159, 111.430999756, 338.769836426, 391.304168701, 1233.77258301, 817.27734375, 697.765075684, 1160.44628906, 1346.71777344, 6004.15429688, 13989.7392578, 23802.6484375, 16209.2158203, 8000.16455078, 11432.2294922, 12858.0791016, 7010.15966797, 3784.6574707, 2702.66992188, 1869.02746582, 1548.06872559, 2538.97900391, 524.396728516, 45.2017021179, 31.9694805145, 13.6969223022, 24.3251495361, 20.0779972076, 36.8310585022, 109.828300476, 84.3194732666, 397.036437988, 43.2441177368, 2.98847723007, 0.197832256556, 0.00235580466688, 7.7038106383e-07, 2.60486787695e-09],
        "max": [1.37804186344, 8.70639133453, 42.0718612671, 82.2844924927, 104.616676331, 141.688842773, 313.470123291, 404.43862915, 341.183532715, 1028.41381836, 440.418395996, 1486.03344727, 1941.95422363, 3054.5871582, 3508.94995117, 2316.99707031, 2261.96582031, 2815.97021484, 1934.35632324, 2127.96655273, 1191.47131348, 771.270751953, 812.012756348, 1209.74621582, 494.52166748, 101.64050293, 91.1548538208, 86.4234924316, 125.331985474, 80.7398223877, 191.011199951, 332.283660889, 363.374847412, 1029.59472656, 242.47593689, 53.7434806824, 17.1174907684, 1.70305585861, 0.0330385528505, 0.00229684240185],
        "mean": [0.123038105667, 0.692083835602, 1.68568003178, 2.55565738678, 3.54766201973, 5.16320943832, 8.30087184906, 9.83778572083, 10.6969461441, 13.3555030823, 14.5990133286, 27.6267662048, 47.3367576599, 59.2274971008, 40.2325057983, 30.7751331329, 37.6468467712, 41.3905220032, 36.7136230469, 33.4256210327, 26.9859657288, 29.9735870361, 28.439289093, 32.1488113403, 16.7991333008, 6.00094461441, 4.0932507515, 2.02589797974, 2.28331112862, 2.37513375282, 2.61115336418, 3.53559827805, 2.95547008514, 3.08500695229, 1.52943170071, 0.54995661974, 0.11883751303, 0.0100241098553, 0.00021933435346, 3.86081264878e-05],
        "median": [0.0447323098779, 0.366055548191, 0.547504007816, 0.639326930046, 1.04154849052, 2.06652641296, 2.76271247864, 3.37546491623, 3.43627762794, 3.95559835434, 4.43551921844, 7.57583475113, 10.0405521393, 11.9510307312, 9.9862575531, 9.99161243439, 10.6998710632, 12.654132843, 12.7611217499, 12.9823207855, 10.4722824097, 12.3826656342, 11.4748325348, 11.9337520599, 6.53365468979, 3.39577412605, 2.09870767593, 1.14766120911, 1.19453108311, 1.20177006721, 1.16544771194, 1.30554044247, 0.819544553757, 0.617800116539, 0.318853437901, 0.144152611494, 0.0243906453252, 0.00173279689625, 5.56954219064e-05, 2.72616234724e-05],
        "min": [2.85963971409e-22, 2.26443398795e-21, 6.43252439318e-21, 2.72384081053e-20, 4.52517845956e-20, 2.53888419492e-20, 1.44645571124e-19, 2.40998476931e-19, 2.6688217322e-19, 7.0304122363e-19, 1.07981263517e-18, 7.51100003629e-19, 5.74505679944e-19, 9.47450915859e-19, 5.04851695693e-18, 2.27032581774e-18, 3.44456535913e-18, 6.06556157626e-18, 2.70589762161e-18, 4.13159386536e-18, 6.87253333927e-18, 8.68778202069e-18, 7.51992376414e-18, 1.1763577855e-17, 1.16395305417e-17, 1.67735750788e-17, 1.89085001157e-17, 2.06837240088e-17, 1.72513761073e-17, 1.60276037501e-17, 1.90538870345e-17, 1.76255893077e-17, 1.47245941076e-17, 1.09289732965e-17, 9.04885628424e-18, 5.74402241009e-18, 2.95278146275e-18, 1.35760769881e-18, 2.8863061268e-19, 2.94553232328e-20],
        "var": [0.0302186608315, 0.915246248245, 11.6796865463, 44.0838508606, 87.4008102417, 107.666244507, 327.764129639, 363.496520996, 507.097106934, 1945.34924316, 940.548156738, 4559.33447266, 17821.2675781, 25972.9140625, 13932.3964844, 7783.55175781, 12261.9101562, 11687.9453125, 6594.34375, 4872.22216797, 2537.88085938, 2499.91308594, 2206.45922852, 2935.64941406, 921.791137695, 54.9777793884, 34.7959861755, 10.3290996552, 17.1232776642, 14.134352684, 26.1838970184, 81.9646835327, 102.414535522, 313.024383545, 51.5800819397, 4.06249141693, 0.22575609386, 0.00170564837754, 6.80409868892e-07, 3.49104323227e-09]
    },
    "gfcc": {
        "mean": [-4.90251922607, 66.1082611084, -132.440093994, 19.2420005798, -56.5452156067, 21.4950428009, -47.8642158508, 21.6100578308, -29.8527145386, 1.94277155399, -13.9732084274, 2.4764316082, -10.8476858139],
        "cov": [[4432.2578125, 45.4372673035, 1232.19104004, 701.655029297, 459.756835938, 395.808288574, -77.590927124, 354.155822754, 76.5656204224, 358.774536133, 92.7934951782, 253.655212402, -5.58504867554], [45.4372673035, 859.766235352, 158.350067139, 217.496063232, 186.448867798, -27.3075027466, 79.9900665283, -27.013879776, 46.2879943848, 5.53071832657, 52.8752441406, -27.4367542267, 14.63301754], [1232.19104004, 158.350067139, 2130.50463867, 934.369445801, 395.717407227, 439.724945068, -148.710021973, 73.6636657715, 25.2961578369, 317.430480957, -16.6047096252, 219.320480347, -47.7910118103], [701.655029297, 217.496063232, 934.369445801, 677.968444824, 301.470855713, 211.270019531, -35.8949775696, 78.9706573486, 71.4069290161, 156.987442017, 15.6366605759, 110.224060059, 6.74581670761], [459.756835938, 186.448867798, 395.717407227, 301.470855713, 347.352661133, 170.900848389, 42.0278053284, 99.9579467773, 45.2684211731, 94.4358596802, 16.9995269775, 51.0894470215, 3.06924629211], [395.808288574, -27.3075027466, 439.724945068, 211.270019531, 170.900848389, 327.251312256, 104.16519165, 40.0154418945, 16.8269538879, 80.2800216675, 9.64326381683, 46.488948822, -6.5656247139], [-77.590927124, 79.9900665283, -148.710021973, -35.8949775696, 42.0278053284, 104.16519165, 208.602462769, 37.3837509155, 18.7136325836, -13.4234571457, 16.8730125427, -14.1339635849, 8.69663047791], [354.155822754, -27.013879776, 73.6636657715, 78.9706573486, 99.9579467773, 40.0154418945, 37.3837509155, 174.808456421, 61.9464988708, 37.293888092, 22.765504837, 29.2596359253, 8.81545257568], [76.5656204224, 46.2879943848, 25.2961578369, 71.4069290161, 45.2684211731, 16.8269538879, 18.7136325836, 61.9464988708, 132.635681152, 59.7040863037, 12.2558135986, 18.0938148499, 19.0364208221], [358.774536133, 5.53071832657, 317.430480957, 156.987442017, 94.4358596802, 80.2800216675, -13.4234571457, 37.293888092, 59.7040863037, 163.954696655, 40.5181770325, 60.437915802, 7.96384191513], [92.7934951782, 52.8752441406, -16.6047096252, 15.6366605759, 16.9995269775, 9.64326381683, 16.8730125427, 22.765504837, 12.2558135986, 40.5181770325, 105.414085388, 36.5119285583, 7.03048181534], [253.655212402, -27.4367542267, 219.320480347, 110.224060059, 51.0894470215, 46.488948822, -14.1339635849, 29.2596359253, 18.0938148499, 60.437915802, 36.5119285583, 113.796798706, 27.8222198486], [-5.58504867554, 14.63301754, -47.7910118103, 6.74581670761, 3.06924629211, -6.5656247139, 8.69663047791, 8.81545257568, 19.0364208221, 7.96384191513, 7.03048181534, 27.8222198486, 99.074005127]],
        "icov": [[0.000398267497076, -0.000246665120358, 0.000203976145713, -0.000192123028683, 0.000248917756835, -0.000630539550912, 0.000617967743892, -0.00101068802178, 0.000655331765302, -0.000768959638663, 0.000361442129361, -0.000536738021765, 0.000217518638237], [-0.000246665120358, 0.00276099005714, -0.00112826575059, -0.000132102912175, -0.00239329319447, 0.00319846044295, -0.00286118220538, 0.00296467589214, -0.00205461378209, 0.00225557060912, -0.00282300403342, 0.00243582297117, -0.000953724724241], [0.000203976145713, -0.00112826575059, 0.00285588670522, -0.00233474490233, 0.00163207214791, -0.00324395671487, 0.00284274783917, -0.00178360880818, 0.00255702994764, -0.00317202880979, 0.00286179734394, -0.00260911532678, 0.00165163597558], [-0.000192123028683, -0.000132102912175, -0.00233474490233, 0.00561266159639, -0.00255887885578, 0.000768690544646, -0.000270328338956, 0.000872551521752, -0.00251489738002, 0.00161637132987, -0.00109046127182, 0.000183131734957, -0.00104415416718], [0.000248917756835, -0.00239329319447, 0.00163207214791, -0.00255887885578, 0.00832601170987, -0.00460399873555, 0.00235024327412, -0.00503293564543, 0.00294808042236, -0.00355641008355, 0.00300971302204, -0.00186943204608, 0.00103832408786], [-0.000630539550912, 0.00319846044295, -0.00324395671487, 0.000768690544646, -0.00460399873555, 0.0115046780556, -0.00837756786495, 0.00495430268347, -0.00275025470182, 0.0027948259376, -0.00346002005972, 0.00310506834649, -0.00124816375319], [0.000617967743892, -0.00286118220538, 0.00284274783917, -0.000270328338956, 0.00235024327412, -0.00837756786495, 0.0120118046179, -0.0050052003935, 0.00209834217094, -0.00215813657269, 0.00223291781731, -0.00225080363452, 0.0008540074341], [-0.00101068802178, 0.00296467589214, -0.00178360880818, 0.000872551521752, -0.00503293564543, 0.00495430268347, -0.0050052003935, 0.0130539676175, -0.00669850828126, 0.00461733434349, -0.00430946052074, 0.00205973302945, -0.00100925716106], [0.000655331765302, -0.00205461378209, 0.00255702994764, -0.00251489738002, 0.00294808042236, -0.00275025470182, 0.00209834217094, -0.00669850828126, 0.0144622027874, -0.00814144406468, 0.00426023220643, -0.00201322347857, 2.19951070903e-05], [-0.000768959638663, 0.00225557060912, -0.00317202880979, 0.00161637132987, -0.00355641008355, 0.0027948259376, -0.00215813657269, 0.00461733434349, -0.00814144406468, 0.0161025710404, -0.00708161387593, 0.00118745479267, -0.00150366011076], [0.000361442129361, -0.00282300403342, 0.00286179734394, -0.00109046127182, 0.00300971302204, -0.00346002005972, 0.00223291781731, -0.00430946052074, 0.00426023220643, -0.00708161387593, 0.0161559320986, -0.00717910891399, 0.00237721554004], [-0.000536738021765, 0.00243582297117, -0.00260911532678, 0.000183131734957, -0.00186943204608, 0.00310506834649, -0.00225080363452, 0.00205973302945, -0.00201322347857, 0.00118745479267, -0.00717910891399, 0.0175223555416, -0.00550293456763], [0.000217518638237, -0.000953724724241, 0.00165163597558, -0.00104415416718, 0.00103832408786, -0.00124816375319, 0.0008540074341, -0.00100925716106, 2.19951070903e-05, -0.00150366011076, 0.00237721554004, -0.00550293456763, 0.0125076510012]]
    },
    "melbands": {
        "dmean": [0.00059938011691, 0.000612915784586, 0.000424700439908, 0.000292242766591, 0.000258654501522, 0.000176355941221, 0.000117357296403, 9.43383201957e-05, 8.74481920619e-05, 0.000118182717415, 0.000136863294756, 0.00013680527627, 9.99319963739e-05, 4.75332381029e-05, 5.1708000683e-05, 5.63729045098e-05, 4.6850698709e-05, 3.93802074541e-05, 3.16025652864e-05, 2.22995604418e-05, 1.62042779266e-05, 1.66782192537e-05, 1.38744135256e-05, 1.27058438011e-05, 1.3036900782e-05, 8.55999223859e-06, 3.17708509101e-06, 1.71943759142e-06, 1.64164589478e-06, 8.45905617552e-07, 6.30278236713e-07, 8.29111343137e-07, 8.31190220651e-07, 8.21789228667e-07, 8.41106100324e-07, 1.39509586461e-06, 1.48740934947e-06, 1.28676936129e-06, 1.70555733803e-06, 1.92965308088e-06],
        "dmean2": [0.000924157793634, 0.000952941307332, 0.000660586520098, 0.000501359871123, 0.000458910100861, 0.000301535736071, 0.000196731736651, 0.000153965374921, 0.000140116055263, 0.000184397795238, 0.000213427629205, 0.000214356405195, 0.000154972440214, 7.35689754947e-05, 8.10923665995e-05, 8.68099523359e-05, 7.45392535464e-05, 6.08314621786e-05, 4.91676255479e-05, 3.51497474185e-05, 2.57311148744e-05, 2.59571770584e-05, 2.13816365431e-05, 1.95963675651e-05, 2.02457267733e-05, 1.31262831928e-05, 4.98016106576e-06, 2.72935540124e-06, 2.57814895122e-06, 1.36500705139e-06, 1.00820329862e-06, 1.31450917706e-06, 1.30566638745e-06, 1.27880605305e-06, 1.27499617975e-06, 2.13319071918e-06, 2.22268499783e-06, 1.85769783911e-06, 2.50595621765e-06, 2.67579775937e-06],
        "dvar": [9.64178411778e-07, 1.60004537975e-06, 1.17094884899e-06, 5.56771681204e-07, 4.8087366622e-07, 1.5122078878e-07, 6.49179838774e-08, 5.25367802595e-08, 4.68428140721e-08, 1.14254220307e-07, 1.65581809597e-07, 1.74834752897e-07, 1.26972594217e-07, 2.38169945987e-08, 2.77643010804e-08, 6.36888373151e-08, 2.31018653096e-08, 1.18047109865e-08, 7.67582886141e-09, 2.81354206599e-09, 1.45100309545e-09, 1.12989451129e-09, 1.10818065835e-09, 7.73759167849e-10, 9.43190303637e-10, 4.11641137843e-10, 4.23652814219e-11, 9.81540369815e-12, 9.39501688252e-12, 3.16713257183e-12, 1.92268358352e-12, 3.9196727461e-12, 3.35567489594e-12, 2.75404764098e-12, 3.7122037215e-12, 2.24689537809e-11, 2.02330530802e-11, 1.9238952445e-11, 9.80659095595e-11, 1.69350297674e-10],
        "dvar2": [2.36051914726e-06, 3.85848852602e-06, 2.46423383032e-06, 1.47347486745e-06, 1.36878520607e-06, 4.07082637821e-07, 1.56409868168e-07, 1.25300644527e-07, 1.07477291067e-07, 2.74098312047e-07, 3.74706672801e-07, 3.8701452354e-07, 2.81545965208e-07, 5.44065876795e-08, 6.28267429192e-08, 1.27995491539e-07, 5.18517389025e-08, 2.52264769074e-08, 1.5385145602e-08, 6.6896439499e-09, 3.48720563537e-09, 2.56449705915e-09, 2.41692998948e-09, 1.83001158671e-09, 2.39306152672e-09, 8.85741313628e-10, 8.89324031084e-11, 2.34741254213e-11, 2.1912797965e-11, 7.91492045515e-12, 4.66974375835e-12, 9.12424042571e-12, 7.97013149922e-12, 6.35589801276e-12, 7.86891298649e-12, 5.61651072872e-11, 3.84358274375e-11, 3.44526837615e-11, 1.95430824301e-10, 3.20129811548e-10],
        "max": [0.00970980152488, 0.0170438606292, 0.0118871359155, 0.00669777998701, 0.0106439916417, 0.00795076880604, 0.00748130492866, 0.00896064098924, 0.00499606970698, 0.00878413487226, 0.00990697275847, 0.0112495934591, 0.0112694175914, 0.00457558734342, 0.00554556027055, 0.00989238917828, 0.00546357547864, 0.00442468328401, 0.00320326955989, 0.00173245952465, 0.00107254227623, 0.000728228013031, 0.00144511274993, 0.000832638179418, 0.00126149749849, 0.000576514459681, 0.00022666285804, 7.50657272874e-05, 7.41368494346e-05, 6.53716051602e-05, 5.94498378632e-05, 8.98502330529e-05, 6.26743931207e-05, 3.36092853104e-05, 6.16838369751e-05, 0.000262758316239, 0.000197969988221, 0.0001883640507, 0.000650880450848, 0.000931109010708],
        "mean": [0.00104670901783, 0.000911741750315, 0.000472319952678, 0.000311994022923, 0.000278321647784, 0.000227529235417, 0.000169830207597, 0.000137405091664, 0.000127681632875, 0.000183412543265, 0.00023894511105, 0.000239365821471, 0.000160689742188, 7.82599308877e-05, 8.26008908916e-05, 9.08300717128e-05, 7.49659884605e-05, 6.02850959694e-05, 5.2179035265e-05, 3.84913982998e-05, 2.88967039523e-05, 3.17802223435e-05, 2.59576918324e-05, 2.5427161745e-05, 2.70075161097e-05, 1.72391137312e-05, 6.41490623821e-06, 3.34835181093e-06, 3.06209881273e-06, 1.4763144236e-06, 1.00570105133e-06, 1.27955024709e-06, 1.26422685298e-06, 1.35161712933e-06, 1.33113155698e-06, 2.0211177798e-06, 2.18332183977e-06, 1.96994074031e-06, 2.35182096731e-06, 2.69498673333e-06],
        "median": [0.000592949916609, 0.000427264487371, 0.000131348031573, 0.000117243987916, 0.000103803322418, 8.17525942693e-05, 5.50691838725e-05, 3.88331754948e-05, 3.40519036399e-05, 4.40861040261e-05, 4.46847407147e-05, 4.45905607194e-05, 3.26289009536e-05, 2.06160802918e-05, 2.37802341871e-05, 1.97474982997e-05, 2.08109031519e-05, 1.71827305167e-05, 1.78105474333e-05, 1.43673933053e-05, 1.05197723315e-05, 1.25858350657e-05, 9.48049819272e-06, 9.68373569776e-06, 9.43364284467e-06, 5.37021969649e-06, 2.91499395644e-06, 1.67214216162e-06, 1.4521126559e-06, 7.68746417634e-07, 5.25922814631e-07, 6.56058318782e-07, 5.99279246671e-07, 6.51835591725e-07, 5.66480650832e-07, 8.08340530511e-07, 7.32989292374e-07, 5.52875917492e-07, 4.96181883136e-07, 4.93231027576e-07],
        "min": [3.07106429745e-24, 3.3933005666e-24, 5.98683107051e-24, 2.21584046858e-24, 4.102854524e-24, 5.1239868453e-24, 4.76869493764e-24, 7.48601467809e-24, 9.02005331591e-24, 4.12699090669e-24, 2.85351835068e-24, 3.2767004167e-24, 1.51706172005e-23, 4.47699665742e-24, 6.00046100923e-24, 8.62103721485e-24, 1.13750855302e-23, 3.0863033152e-24, 4.74516479456e-24, 6.25751251849e-24, 8.72320574613e-24, 8.03815656946e-24, 6.79747242533e-24, 5.70373255746e-24, 9.70069907101e-24, 8.53702905047e-24, 1.03273954177e-23, 1.14481790151e-23, 1.05440797311e-23, 1.43605422478e-23, 8.90360876883e-24, 1.01982194444e-23, 7.46130913226e-24, 9.90868145981e-24, 1.11002243027e-23, 1.15019572407e-23, 9.58690825202e-24, 1.03073015527e-23, 8.25566760913e-24, 9.59677847966e-24],
        "var": [1.77181561867e-06, 2.19485173147e-06, 1.27527130189e-06, 4.3544895334e-07, 3.48314301846e-07, 1.77295788717e-07, 1.53303162165e-07, 1.67396763118e-07, 8.45009040518e-08, 2.13270183735e-07, 4.7793628255e-07, 4.34311857589e-07, 2.41697961201e-07, 5.66173312677e-08, 6.29479970371e-08, 1.27218868329e-07, 4.10650784488e-08, 2.49242742001e-08, 1.58422004404e-08, 6.2877507645e-09, 3.07296743607e-09, 3.11776382489e-09, 2.90443402662e-09, 2.18455142864e-09, 2.32421326629e-09, 1.27777022296e-09, 1.20106702362e-10, 2.24063042426e-11, 2.30795695055e-11, 6.10490477615e-12, 3.28221564511e-12, 6.23177941542e-12, 4.7567665952e-12, 4.53328216979e-12, 6.41224703543e-12, 2.44952773343e-11, 3.48713696807e-11, 3.72614925026e-11, 1.44697961946e-10, 2.6147947696e-10]
    },
    "mfcc": {
        "mean": [-645.28692627, 103.062278748, -15.7064371109, 2.94104909897, 11.5868053436, -6.13299751282, 2.96425485611, 6.99014759064, -4.4794754982, 2.81141209602, -0.995499312878, -3.7510831356, -2.67371535301],
        "cov": [[3272.19775391, -43.3201179504, 518.963745117, 387.624786377, 489.695861816, 135.670715332, 163.277923584, 118.793952942, 98.6716384888, 179.201538086, 100.390327454, 149.409454346, 109.480300903], [-43.3201179504, 634.020935059, -17.2108402252, 167.300323486, 55.7839355469, 37.9817695618, 43.6143951416, 6.75370264053, -16.2502269745, 26.1921539307, 16.7682380676, 14.5359334946, 0.0756396055222], [518.963745117, -17.2108402252, 1590.70751953, 565.195922852, 606.398498535, 436.931671143, 131.341201782, -17.0633201599, 82.7357254028, 10.1770420074, 42.7071762085, 166.14743042, 133.29385376], [387.624786377, 167.300323486, 565.195922852, 519.322692871, 378.23626709, 169.419265747, 49.7362442017, 23.004655838, 68.3810501099, 36.30727005, 31.1721038818, 98.4627685547, 66.1149215698], [489.695861816, 55.7839355469, 606.398498535, 378.23626709, 507.021331787, 197.183288574, 82.6888275146, 35.8812294006, 78.3660507202, 49.3414497375, 51.0894432068, 91.1316299438, 72.9690933228], [135.670715332, 37.9817695618, 436.931671143, 169.419265747, 197.183288574, 342.391815186, 130.373519897, 34.5340270996, 66.0940704346, 37.1926422119, 22.0059337616, 77.5212249756, 44.6424827576], [163.277923584, 43.6143951416, 131.341201782, 49.7362442017, 82.6888275146, 130.373519897, 198.517684937, 74.0212249756, 25.7373523712, 36.572353363, 20.9459438324, 27.3077278137, 17.2409725189], [118.793952942, 6.75370264053, -17.0633201599, 23.004655838, 35.8812294006, 34.5340270996, 74.0212249756, 154.825424194, 35.1724090576, 36.6605224609, 36.7749671936, -3.52927565575, -5.12426567078], [98.6716384888, -16.2502269745, 82.7357254028, 68.3810501099, 78.3660507202, 66.0940704346, 25.7373523712, 35.1724090576, 148.858917236, 52.1196746826, 1.38155162334, 30.1216850281, 18.8445014954], [179.201538086, 26.1921539307, 10.1770420074, 36.30727005, 49.3414497375, 37.1926422119, 36.572353363, 36.6605224609, 52.1196746826, 105.293716431, 38.0440330505, 21.5631008148, 9.0898065567], [100.390327454, 16.7682380676, 42.7071762085, 31.1721038818, 51.0894432068, 22.0059337616, 20.9459438324, 36.7749671936, 1.38155162334, 38.0440330505, 112.101013184, 39.2006797791, 9.98208236694], [149.409454346, 14.5359334946, 166.14743042, 98.4627685547, 91.1316299438, 77.5212249756, 27.3077278137, -3.52927565575, 30.1216850281, 21.5631008148, 39.2006797791, 126.357032776, 51.2771606445], [109.480300903, 0.0756396055222, 133.29385376, 66.1149215698, 72.9690933228, 44.6424827576, 17.2409725189, -5.12426567078, 18.8445014954, 9.0898065567, 9.98208236694, 51.2771606445, 101.698005676]],
