{
"lowlevel": {
    "average_loudness": 0.824655652046,
    "barkbands_crest": {
        "dmean": 2.72674322128,
        "dmean2": 4.40262317657,
        "dvar": 5.55392789841,
        "dvar2": 13.9800281525,
        "max": 25.9992675781,
        "mean": 11.0348157883,
        "median": 10.2124652863,
        "min": 2.54867815971,
        "var": 20.8670368195
    },
    "barkbands_flatness_db": {
        "dmean": 0.0210162587464,
        "dmean2": 0.0320283733308,
        "dvar": 0.000357868964784,
        "dvar2": 0.000771165767219,
        "max": 0.393290042877,
        "mean": 0.167920127511,
        "median": 0.164945572615,
        "min": 0.0586393475533,
        "var": 0.00234666164033
    },
    "barkbands_kurtosis": {
        "dmean": 2.17597866058,
        "dmean2": 3.45166707039,
        "dvar": 12.2241926193,
        "dvar2": 30.4541568756,
        "max": 109.850204468,
        "mean": 3.321798563,
        "median": 1.46426486969,
        "min": -1.91018819809,
        "var": 38.0203170776
    },
    "barkbands_skewness": {
        "dmean": 0.482098072767,
        "dmean2": 0.733655869961,
        "dvar": 0.227362051606,
        "dvar2": 0.521242320538,
        "max": 9.23171520233,
        "mean": 1.12763988972,
        "median": 1.03407502174,
        "min": -2.74768447876,
        "var": 1.31869149208
    },
    "barkbands_spread": {
        "dmean": 5.65783214569,
        "dmean2": 8.5619020462,
        "dvar": 63.6384429932,
        "dvar2": 126.322570801,
        "max": 118.558677673,
        "mean": 19.9292469025,
        "median": 15.5832796097,
        "min": 0.823188126087,
        "var": 228.025665283
    },
    "dissonance": {
        "dmean": 0.0250170435756,
        "dmean2": 0.04243632406,
        "dvar": 0.000592456315644,
        "dvar2": 0.00160917441826,
        "max": 0.5,
        "mean": 0.453235805035,
        "median": 0.462096750736,
        "min": 0.253950506449,
        "var": 0.00134788826108
    },
    "dynamic_complexity": 4.03352022171,
    "erbbands_crest": {
        "dmean": 2.9852206707,
        "dmean2": 4.73904800415,
        "dvar": 7.28605175018,
        "dvar2": 17.2924919128,
        "max": 33.5435142517,
        "mean": 11.8339548111,
        "median": 10.9250898361,
        "min": 2.24860072136,
        "var": 33.1094055176
    },
    "erbbands_flatness_db": {
        "dmean": 0.0194796118885,
        "dmean2": 0.0277908761054,
        "dvar": 0.000339232792612,
        "dvar2": 0.00062450452242,
        "max": 0.426476866007,
        "mean": 0.204746946692,
        "median": 0.203157633543,
        "min": 0.0572510138154,
        "var": 0.00383287039585
    },
    "erbbands_kurtosis": {
        "dmean": 1.39695298672,
        "dmean2": 2.18265008926,
        "dvar": 6.55027627945,
        "dvar2": 16.3579673767,
        "max": 103.026763916,
        "mean": 1.83770787716,
        "median": 0.508905291557,
        "min": -1.88403713703,
        "var": 19.9480247498
    },
    "erbbands_skewness": {
        "dmean": 0.41192778945,
        "dmean2": 0.626957416534,
        "dvar": 0.137498036027,
        "dvar2": 0.297818243504,
        "max": 6.00316095352,
        "mean": 0.638519704342,
        "median": 0.565887212753,
        "min": -3.95507979393,
        "var": 0.827765882015
    },
    "erbbands_spread": {
        "dmean": 7.39695119858,
        "dmean2": 10.9493484497,
        "dvar": 87.1676177979,
        "dvar2": 175.670333862,
        "max": 134.578491211,
        "mean": 31.4624385834,
        "median": 23.8593196869,
        "min": 0.982426226139,
        "var": 487.093109131
    },
    "hfc": {
        "dmean": 6.69034576416,
        "dmean2": 9.70241260529,
        "dvar": 146.965087891,
        "dvar2": 328.663848877,
        "max": 546.801452637,
        "mean": 20.5770435333,
        "median": 14.0361442566,
        "min": 1.16183591847e-16,
        "var": 527.043945312
    },
    "melbands_crest": {
        "dmean": 3.18917751312,
        "dmean2": 5.15599298477,
        "dvar": 7.93262910843,
        "dvar2": 19.4139404297,
        "max": 36.9798278809,
        "mean": 13.8725128174,
        "median": 12.9572105408,
        "min": 2.04319906235,
        "var": 28.3336143494
    },
    "melbands_flatness_db": {
        "dmean": 0.0249301753938,
        "dmean2": 0.0372340753675,
        "dvar": 0.000556855462492,
        "dvar2": 0.00118555501103,
        "max": 0.400746375322,
        "mean": 0.184743195772,
        "median": 0.181461334229,
        "min": 0.00659079430625,
        "var": 0.00296296807937
    },
    "melbands_kurtosis": {
        "dmean": 4.48840808868,
        "dmean2": 7.19444131851,
        "dvar": 66.4820251465,
        "dvar2": 172.792358398,
        "max": 224.814788818,
        "mean": 8.83361053467,
        "median": 4.61201095581,
        "min": -1.82305538654,
        "var": 172.206115723
    },
    "melbands_skewness": {
        "dmean": 0.589011132717,
        "dmean2": 0.91168409586,
        "dvar": 0.385147184134,
        "dvar2": 0.943079531193,
        "max": 12.6443166733,
        "mean": 1.84104907513,
        "median": 1.6130617857,
        "min": -2.27107262611,
        "var": 2.35289955139
    },
    "melbands_spread": {
        "dmean": 7.27082443237,
        "dmean2": 11.2809276581,
        "dvar": 132.587432861,
        "dvar2": 272.591766357,
        "max": 265.415130615,
        "mean": 24.4878959656,
        "median": 20.4967498779,
        "min": 1.32739722729,
        "var": 382.930389404
    },
    "pitch_salience": {
        "dmean": 0.0670789703727,
        "dmean2": 0.10834351182,
        "dvar": 0.00351842539385,
        "dvar2": 0.00882013887167,
        "max": 0.935553789139,
        "mean": 0.553241074085,
        "median": 0.554699659348,
        "min": 0.104742705822,
        "var": 0.01430760324
    },
    "silence_rate_20dB": {
        "dmean": 0,
        "dmean2": 0,
        "dvar": 0,
        "dvar2": 0,
        "max": 1,
        "mean": 1,
        "median": 1,
        "min": 1,
        "var": 0
    },
    "silence_rate_30dB": {
        "dmean": 0.00190453522373,
        "dmean2": 0.00380952376872,
        "dvar": 0.00190102308989,
        "dvar2": 0.00522396154702,
        "max": 1,
        "mean": 0.998452723026,
        "median": 1,
        "min": 0,
        "var": 0.00154509593267
    },
    "silence_rate_60dB": {
        "dmean": 0.031424831599,
        "dmean2": 0.0628571435809,
        "dvar": 0.0304382294416,
        "dvar2": 0.0691384151578,
        "max": 1,
        "mean": 0.147464886308,
        "median": 0,
        "min": 0,
        "var": 0.125706493855
    },
    "spectral_centroid": {
        "dmean": 214.485458374,
        "dmean2": 331.854949951,
        "dvar": 92284.765625,
        "dvar2": 182646.984375,
        "max": 10969.6025391,
        "mean": 1293.66503906,
        "median": 1224.04223633,
        "min": 306.785949707,
        "var": 313639.25
    },
    "spectral_complexity": {
        "dmean": 2.83394837379,
        "dmean2": 4.42857122421,
        "dvar": 11.1112337112,
        "dvar2": 24.8804988861,
        "max": 48,
        "mean": 12.8018331528,
        "median": 12,
        "min": 0,
        "var": 37.9237632751
    },
    "spectral_decrease": {
        "dmean": 1.41370903872e-09,
        "dmean2": 2.09634376525e-09,
        "dvar": 3.40310355131e-18,
        "dvar2": 7.12989073453e-18,
        "max": 5.91204400217e-29,
        "mean": -4.76154582429e-09,
        "median": -3.64231733663e-09,
        "min": -3.16622674745e-08,
        "var": 1.87352388645e-17
    },
    "spectral_energy": {
        "dmean": 0.00581160746515,
        "dmean2": 0.00861239433289,
        "dvar": 5.68372161069e-05,
        "dvar2": 0.000119630734844,
        "max": 0.125993281603,
        "mean": 0.019837660715,
        "median": 0.0152631700039,
        "min": 1.04163970716e-20,
        "var": 0.000316379853757
    },
    "spectral_energyband_high": {
        "dmean": 0.000365247076843,
        "dmean2": 0.000527137075551,
        "dvar": 1.08676238142e-06,
        "dvar2": 2.40121312345e-06,
        "max": 0.0502838790417,
        "mean": 0.000631347240414,
        "median": 0.000257561245235,
        "min": 7.64461338973e-21,
        "var": 2.43202521233e-06
    },
    "spectral_energyband_low": {
        "dmean": 0.00115775642917,
        "dmean2": 0.00185128382873,
        "dvar": 3.84462964576e-06,
        "dvar2": 9.92628338281e-06,
        "max": 0.0228404924273,
        "mean": 0.00218832446262,
        "median": 0.000869020004757,
        "min": 6.47191962716e-23,
        "var": 8.85005192686e-06
    },
    "spectral_energyband_middle_high": {
        "dmean": 0.00258484692313,
        "dmean2": 0.00374927301891,
        "dvar": 2.30672540056e-05,
        "dvar2": 4.74643638881e-05,
        "max": 0.112293764949,
        "mean": 0.00793127436191,
        "median": 0.00274319201708,
        "min": 1.27816792396e-21,
        "var": 0.000147367041791
    },
    "spectral_energyband_middle_low": {
        "dmean": 0.00377710256726,
        "dmean2": 0.00576459569857,
        "dvar": 3.46555716533e-05,
        "dvar2": 7.64602955314e-05,
        "max": 0.120152242482,
        "mean": 0.00964180286974,
        "median": 0.00514755956829,
        "min": 2.44375653626e-22,
        "var": 0.000143720360938
    },
    "spectral_entropy": {
        "dmean": 0.188385531306,
        "dmean2": 0.265474647284,
        "dvar": 0.0372117906809,
        "dvar2": 0.0686369389296,
        "max": 9.81296348572,
        "mean": 7.5135216713,
        "median": 7.5148601532,
        "min": 5.42604637146,
        "var": 0.225112825632
    },
    "spectral_flux": {
        "dmean": 0.0205328185111,
        "dmean2": 0.0325588099658,
        "dvar": 0.000513018399943,
        "dvar2": 0.00117362395395,
        "max": 0.258477121592,
        "mean": 0.0685390755534,
        "median": 0.0604664199054,
        "min": 1.02317883333e-10,
        "var": 0.00159376161173
    },
    "spectral_kurtosis": {
        "dmean": 1.54698622227,
        "dmean2": 2.48942184448,
        "dvar": 2.74362635612,
        "dvar2": 7.15849590302,
        "max": 21.6886024475,
        "mean": 4.22738838196,
        "median": 3.75107645988,
        "min": -1.71090137959,
        "var": 9.52954292297
    },
    "spectral_rms": {
        "dmean": 0.000617734971456,
        "dmean2": 0.000904627493583,
        "dvar": 4.28686718124e-07,
        "dvar2": 8.7299201823e-07,
        "max": 0.0110869416967,
        "mean": 0.00395341031253,
        "median": 0.00385887268931,
        "min": 3.1878423512e-12,
        "var": 3.72427848561e-06
    },
    "spectral_rolloff": {
        "dmean": 537.684509277,
        "dmean2": 908.027160645,
        "dvar": 1536338.125,
        "dvar2": 3129921.75,
        "max": 19056.8847656,
        "mean": 1815.41040039,
        "median": 1507.32421875,
        "min": 43.06640625,
        "var": 3239340.5
    },
    "spectral_skewness": {
        "dmean": 0.221854105592,
        "dmean2": 0.337623775005,
        "dvar": 0.0462648980319,
        "dvar2": 0.100014194846,
        "max": 3.75595521927,
        "mean": 1.64335298538,
        "median": 1.63854718208,
        "min": -0.294992893934,
        "var": 0.238620847464
    },
    "spectral_spread": {
        "dmean": 623546.5625,
        "dmean2": 843097.625,
        "dvar": 954504511488,
        "dvar2": 1.2822109225e+12,
        "max": 42870260,
        "mean": 5002547.5,
        "median": 4633757,
        "min": 1938670.25,
        "var": 4.68578258125e+12
    },
    "spectral_strongpeak": {
        "dmean": 0.75601875782,
        "dmean2": 1.21746528149,
        "dvar": 1.49064421654,
        "dvar2": 3.76147389412,
        "max": 25.3925914764,
        "mean": 1.89946568012,
        "median": 1.0179605484,
        "min": 0,
        "var": 4.87490797043
    },
    "zerocrossingrate": {
        "dmean": 0.0124968262389,
        "dmean2": 0.0137406997383,
        "dvar": 0.000380988029065,
        "dvar2": 0.000385680992622,
        "max": 0.67041015625,
        "mean": 0.0705464109778,
        "median": 0.060546875,
        "min": 0.01025390625,
        "var": 0.00222824327648
    },
    "barkbands": {
        "dmean": [2.69111078524e-05, 0.000829694967251, 0.000474662374472, 0.000486495759105, 0.000931341957767, 0.00112773629371, 0.000588546914514, 0.000447024096502, 0.00132246303838, 0.00106318062171, 0.000670861045364, 0.000566448958125, 0.000339220423484, 0.00043276080396, 0.000411727640312, 0.000354417570634, 0.000154583744006, 0.000117628682347, 6.15201424807e-05, 5.09527526447e-05, 4.96815155202e-05, 4.32352571806e-05, 7.01064200257e-05, 8.43939997139e-05, 0.000140452204505, 3.5545059518e-07, 9.3632934739e-10],
        "dmean2": [4.05975515605e-05, 0.00136856280733, 0.000752939668018, 0.000889679184183, 0.00156859017443, 0.00170672847889, 0.000898667320143, 0.000661239551846, 0.00197277823463, 0.00159702741075, 0.00100632349495, 0.000863362743985, 0.00051842367975, 0.000630465510767, 0.000615377328359, 0.000539964181371, 0.000232948863413, 0.000181073133717, 9.80005570455e-05, 8.04430383141e-05, 8.06792377261e-05, 6.6142216383e-05, 0.000107843959995, 0.00012102418259, 0.000203847084776, 5.45241334748e-07, 1.72624592398e-09],
        "dvar": [1.36321567368e-08, 2.64877348854e-06, 1.11776660106e-06, 1.68739643414e-06, 5.5798741414e-06, 6.52690550851e-06, 2.76505215879e-06, 2.41984753302e-06, 1.31298547785e-05, 9.95138543658e-06, 5.60607577427e-06, 5.54959888177e-06, 1.28783858599e-06, 1.50363689499e-06, 1.60319189035e-06, 1.47780156112e-06, 2.96271792877e-07, 7.6099262003e-08, 1.31909771994e-08, 8.40277358805e-09, 1.17915135434e-08, 8.43020764307e-09, 1.88568272108e-08, 9.11924971092e-08, 7.56692486448e-07, 1.05280029486e-11, 1.50105289386e-17],
        "dvar2": [3.15557109332e-08, 7.62185163694e-06, 2.72427860182e-06, 4.93912011734e-06, 1.42683456943e-05, 1.39033772939e-05, 5.17135094924e-06, 4.78472202303e-06, 2.6443904062e-05, 2.03614072234e-05, 1.17647223306e-05, 1.36742110044e-05, 2.52148447544e-06, 2.90072648568e-06, 3.15026136377e-06, 3.25868950313e-06, 5.89050898725e-07, 1.59061855243e-07, 3.14173611571e-08, 2.04080947697e-08, 3.08739664945e-08, 1.96771114958e-08, 4.36705533957e-08, 1.97925217549e-07, 1.80948745765e-06, 1.85055061552e-11, 4.49616371146e-17],
        "max": [0.00739291403443, 0.0157834924757, 0.0160925686359, 0.0119877019897, 0.0398188866675, 0.0860305428505, 0.0701308846474, 0.0572009198368, 0.107143223286, 0.0932255610824, 0.0907963737845, 0.0804913565516, 0.0410497821867, 0.0377290993929, 0.0419110767543, 0.0331036895514, 0.0213296785951, 0.00838899798691, 0.0026594537776, 0.00172151206061, 0.00205720588565, 0.00314252590761, 0.00268063158728, 0.0135122593492, 0.0485032908618, 0.000220002315473, 2.37886467858e-07],
        "mean": [4.0171911678e-05, 0.001232764218, 0.000669184606522, 0.000535471190233, 0.0013972207671, 0.00246824021451, 0.00127880927175, 0.000781443726737, 0.00250089354813, 0.00218060286716, 0.00143923982978, 0.00113443878945, 0.000551323639229, 0.000838796026073, 0.000785079086199, 0.000695301278029, 0.000294715253403, 0.000229969577049, 0.000110866116302, 9.57029769779e-05, 7.79122565291e-05, 6.24591993983e-05, 9.97717434075e-05, 0.00013821903849, 0.000198616660782, 3.86387398521e-07, 1.06727271465e-09],
        "median": [6.57541204419e-06, 0.000244395545451, 0.000187510668184, 0.000174850487383, 0.000361185055226, 0.000573062163312, 0.000284872861812, 0.000131813649205, 0.000352340575773, 0.000207909237361, 0.00014954629296, 0.000108018459287, 0.000120511504065, 0.000141975615406, 0.000117477800814, 9.46963118622e-05, 5.93357399339e-05, 7.15731439414e-05, 4.866944073e-05, 5.04265190102e-05, 3.57745411748e-05, 2.01574221137e-05, 3.60072372132e-05, 4.55063491245e-05, 3.34270444e-05, 2.94132291856e-08, 5.6350246691e-10],
        "min": [2.03392973548e-24, 1.78241007387e-23, 3.99209813736e-23, 7.51724962563e-24, 1.73926695542e-23, 3.10426200981e-23, 2.55720132931e-23, 1.12235840045e-23, 1.26706712379e-22, 2.84043883965e-23, 3.3897485626e-23, 9.49782597652e-23, 6.82718345137e-23, 7.14119300568e-23, 1.04268321236e-22, 1.22997172858e-22, 6.95116714212e-23, 1.87803825405e-22, 1.8161020707e-22, 3.38666948071e-22, 3.79927251179e-22, 4.01367455597e-22, 4.82188590365e-22, 9.96898242917e-22, 1.17346465006e-21, 1.66394852306e-21, 2.13342420973e-21],
        "var": [1.92408542432e-08, 4.17973978983e-06, 1.40060160447e-06, 1.19052708669e-06, 1.04918699435e-05, 2.87442271656e-05, 1.39760941238e-05, 7.18816318113e-06, 4.6640427172e-05, 4.08771702496e-05, 2.63865513261e-05, 1.85175795195e-05, 3.26383292304e-06, 5.52352003069e-06, 5.06659125676e-06, 5.3972889873e-06, 8.67032326823e-07, 2.18437151034e-07, 3.19028110596e-08, 1.73109775403e-08, 1.49010936923e-08, 1.28450379222e-08, 2.55945646899e-08, 1.99159700287e-07, 1.28319004489e-06, 1.86008222713e-11, 8.32418237474e-18]
    },
    "erbbands": {
        "dmean": [0.0246256552637, 0.193942397833, 0.477534621954, 0.991278707981, 2.60752940178, 2.99236798286, 6.8433380127, 8.925573349, 7.41099357605, 9.94648265839, 10.6890325546, 31.5271244049, 33.4738616943, 27.1060600281, 23.9801502228, 21.914358139, 15.0295705795, 16.338891983, 21.6397819519, 19.189157486, 15.0961484909, 7.05171966553, 5.23550081253, 5.05933523178, 2.13029098511, 2.43203353882, 2.39310264587, 1.529915452, 1.56050503254, 1.76623737812, 2.08165097237, 1.54563999176, 1.6002985239, 1.57563591003, 1.03241276741, 0.0587331876159, 0.0015079054283, 9.86514496617e-05, 1.48137241922e-05, 9.02959982341e-06],
        "dmean2": [0.0376749746501, 0.330754101276, 0.76024633646, 1.72947585583, 4.7744178772, 4.90457344055, 10.3036527634, 13.4527320862, 11.3216505051, 14.6911859512, 15.6344194412, 46.0754318237, 49.9507293701, 40.2093200684, 36.1364784241, 33.0372314453, 22.821390152, 23.2326030731, 31.1378059387, 29.3159065247, 22.4441547394, 10.3889083862, 8.01476192474, 7.88850259781, 3.41272187233, 3.847448349, 3.86303114891, 2.43834733963, 2.42413759232, 2.66858530045, 3.19597172737, 2.27598190308, 2.283608675, 2.30392289162, 1.55825531483, 0.0875265002251, 0.00222241925076, 0.000143994591781, 2.15156433114e-05, 1.33770199682e-05],
        "dvar": [0.0024645505473, 0.146374076605, 1.17583560944, 5.25276327133, 64.8172683716, 62.6026954651, 344.247161865, 398.700561523, 415.83001709, 1235.59472656, 1172.51977539, 10240.6054688, 8017.43310547, 7344.46972656, 5447.21484375, 8846.83496094, 2709.82202148, 2113.45166016, 4276.68603516, 2960.11010742, 2830.24584961, 435.381744385, 135.484817505, 97.3927612305, 15.9607210159, 19.2626571655, 27.1433486938, 11.7739839554, 10.4224967957, 14.2924013138, 15.9518327713, 16.5551300049, 42.9044075012, 60.9431152344, 80.1126251221, 0.184395954013, 0.000117273259093, 4.54952925111e-07, 6.43288933233e-09, 3.5286498723e-10],
        "dvar2": [0.0056241331622, 0.44482216239, 2.85663747787, 14.572476387, 187.637374878, 147.572998047, 733.988586426, 793.095397949, 784.288208008, 2287.74023438, 2248.90136719, 19718.8105469, 15864.5273438, 15719.0595703, 11843.0693359, 21501.1601562, 5577.94335938, 3690.95263672, 8582.35449219, 6185.09716797, 6297.03173828, 835.003601074, 279.53503418, 219.606124878, 41.098690033, 46.5356483459, 70.6817321777, 30.3582782745, 25.1139278412, 32.761806488, 36.8006401062, 36.3373451233, 91.0255050659, 139.520645142, 213.181991577, 0.396563708782, 0.000267791358056, 1.08654853648e-06, 1.54556403231e-08, 8.30800150897e-10],
        "max": [0.598714113235, 3.71188235283, 17.6044864655, 24.7048797607, 78.1017990112, 219.168395996, 513.778015137, 713.596557617, 989.511413574, 1945.23059082, 1269.1394043, 3374.47485352, 2942.94506836, 2977.72705078, 2353.4831543, 3977.97753906, 2138.40332031, 2164.77075195, 1673.2388916, 1643.13745117, 1520.81115723, 647.457092285, 426.667449951, 224.58795166, 72.5367431641, 78.1488800049, 104.181175232, 71.5588378906, 89.261680603, 125.908531189, 77.0099258423, 168.057769775, 281.373626709, 255.489822388, 549.623901367, 26.2346668243, 0.595162332058, 0.0375598296523, 0.0045989304781, 0.000986157101579],
        "mean": [0.040276914835, 0.261803865433, 0.700111091137, 1.37595689297, 2.7154481411, 4.86572408676, 15.5387983322, 18.2873058319, 16.2566299438, 22.0149593353, 21.2664146423, 58.6475143433, 69.2472610474, 61.8730888367, 52.7852516174, 43.9689826965, 28.6497039795, 34.6174812317, 45.5573234558, 43.5896034241, 31.5407714844, 15.9274816513, 11.9635782242, 9.62229061127, 4.15801620483, 4.59634160995, 4.17626237869, 2.26450943947, 2.24432182312, 2.51983833313, 2.95118045807, 2.54087615013, 2.51350617409, 2.16125011444, 1.43641257286, 0.0852764323354, 0.00221812166274, 0.000148740044096, 2.99647908832e-05, 2.8025415304e-05],
        "median": [0.00657197227702, 0.0569884963334, 0.204379230738, 0.513531386852, 0.755045056343, 1.1091105938, 2.72801280022, 5.32905960083, 4.64105796814, 4.34839344025, 4.91630506516, 8.90414047241, 9.73682975769, 8.37406158447, 8.11746025085, 6.26095867157, 7.63095760345, 8.04636573792, 7.70696735382, 8.09469223022, 5.36675071716, 3.76139712334, 3.78283452988, 3.51200485229, 2.3898255825, 2.50656318665, 1.80916368961, 1.01937317848, 0.754633545876, 0.885106563568, 1.02130007744, 0.977709710598, 0.724111914635, 0.457292884588, 0.173108398914, 0.0099624376744, 0.000299601524603, 2.6381596399e-05, 1.46532875078e-05, 2.1241401555e-05],
        "min": [6.26407055585e-22, 4.50462609095e-21, 3.69144437936e-20, 3.79414854593e-20, 3.49565912942e-20, 3.71121076482e-20, 2.22380864391e-19, 2.27721452618e-19, 2.16029952593e-19, 2.41330150507e-19, 4.22963658484e-19, 3.45825871378e-18, 7.96083739701e-19, 2.25349021073e-18, 1.70613890574e-18, 4.30424920667e-18, 3.92161075815e-18, 3.84954926472e-18, 4.08892954373e-18, 6.42030584017e-18, 5.69908913203e-18, 4.60375393568e-18, 1.00665423821e-17, 1.06209833487e-17, 9.94311628139e-18, 1.85005908858e-17, 1.50065022234e-17, 1.7105112377e-17, 1.34081982012e-17, 1.5140924036e-17, 1.39922232825e-17, 1.91659253397e-17, 1.50625155858e-17, 1.25772142122e-17, 8.30291886991e-18, 5.31390131286e-18, 3.27232733044e-18, 1.34804425016e-18, 3.13911914687e-19, 2.9461630485e-20],
        "var": [0.00514626922086, 0.188611134887, 1.53505325317, 5.24223470688, 42.0686302185, 167.574111938, 1567.92663574, 1439.04528809, 1853.71582031, 7787.74121094, 3640.60009766, 35903.5585938, 32082.4824219, 32508.2441406, 23071.9335938, 25666.5957031, 7404.63232422, 10112.9179688, 15975.4785156, 12427.9970703, 9095.6796875, 1671.92480469, 667.146728516, 245.656982422, 26.2187767029, 40.3298873901, 42.8056678772, 13.5867385864, 14.7646465302, 21.0153026581, 21.9683666229, 34.5853767395, 91.7987136841, 92.3525314331, 117.162979126, 0.414907038212, 0.000249256292591, 8.97818097201e-07, 1.25105588111e-08, 1.00357522292e-09]
    },
    "gfcc": {
        "mean": [-39.7648353577, 91.1145401001, -149.743637085, 23.5609016418, -81.1929244995, 25.547990799, -51.1266136169, 11.3185358047, -20.6406421661, -5.21465682983, -4.47620773315, -13.6550655365, 6.29968738556],
        "cov": [[5196.19921875, -187.687088013, 927.82434082, 767.817749023, 173.663360596, 539.556640625, -165.265838623, 220.245483398, -95.2941207886, 86.0836639404, -48.6457366943, 84.890007019, 49.2978210449], [-187.687088013, 818.641235352, 52.8800849915, 67.6196060181, 222.948577881, -37.2627067566, 171.564331055, -51.0099143982, 62.102268219, -23.0362148285, 113.001342773, -64.4376831055, 50.7619056702], [927.82434082, 52.8800849915, 1386.29040527, 647.741088867, 67.8996582031, 278.000701904, -161.864318848, 69.0888137817, -89.4905776978, 132.199111938, -32.6590080261, 106.822158813, -79.6546096802], [767.817749023, 67.6196060181, 647.741088867, 740.132995605, 211.520309448, 180.535919189, -44.6870918274, 84.2889099121, 37.314743042, 12.0808162689, -56.2982940674, 81.2712936401, -37.3375816345], [173.663360596, 222.948577881, 67.8996582031, 211.520309448, 396.908813477, 165.797058105, 113.700759888, 107.29057312, 79.1697540283, 3.4086420536, 3.0370516777, 8.07288551331, 30.8470020294], [539.556640625, -37.2627067566, 278.000701904, 180.535919189, 165.797058105, 396.194213867, 129.254364014, 60.2529067993, 2.84718751907, 47.9402809143, -13.306476593, 7.62440347672, -39.1893119812], [-165.265838623, 171.564331055, -161.864318848, -44.6870918274, 113.700759888, 129.254364014, 262.048370361, 49.3197860718, 43.3020248413, -12.8018817902, 37.8646659851, -32.8036727905, -0.0834927707911], [220.245483398, -51.0099143982, 69.0888137817, 84.2889099121, 107.29057312, 60.2529067993, 49.3197860718, 184.897247314, 78.6211013794, 7.02858686447, -26.5143299103, 30.6810894012, 11.2825126648], [-95.2941207886, 62.102268219, -89.4905776978, 37.314743042, 79.1697540283, 2.84718751907, 43.3020248413, 78.6211013794, 149.501235962, 9.04547119141, 4.29938411713, -6.16693115234, 13.7303380966], [86.0836639404, -23.0362148285, 132.199111938, 12.0808162689, 3.4086420536, 47.9402809143, -12.8018817902, 7.02858686447, 9.04547119141, 120.983795166, 41.2382545471, 9.36624240875, -3.93606591225], [-48.6457366943, 113.001342773, -32.6590080261, -56.2982940674, 3.0370516777, -13.306476593, 37.8646659851, -26.5143299103, 4.29938411713, 41.2382545471, 138.616912842, 24.2593746185, 25.6618919373], [84.890007019, -64.4376831055, 106.822158813, 81.2712936401, 8.07288551331, 7.62440347672, -32.8036727905, 30.6810894012, -6.16693115234, 9.36624240875, 24.2593746185, 115.437820435, 31.0482273102], [49.2978210449, 50.7619056702, -79.6546096802, -37.3375816345, 30.8470020294, -39.1893119812, -0.0834927707911, 11.2825126648, 13.7303380966, -3.93606591225, 25.6618919373, 31.0482273102, 109.807220459]],
        "icov": [[0.000365467829397, -0.000291335367365, 0.000317532976624, -0.000504041148815, 0.000501514121424, -0.000935160031077, 0.000941208330914, -0.00106207176577, 0.000786908785813, -9.94462752715e-05, -0.000308011076413, 0.000453640095657, -0.000493486004416], [-0.000291335367365, 0.00428325915709, -0.00239216419868, 0.000903070846107, -0.00319897057489, 0.00372037943453, -0.00445433333516, 0.00443621212617, -0.00291449320503, 0.00212529720739, -0.0019895976875, 0.00213082623668, -0.00120718497783], [0.000317532976624, -0.00239216419868, 0.00355007476173, -0.00237412401475, 0.0024430770427, -0.00338168442249, 0.00401923060417, -0.00398413976654, 0.00365747255273, -0.0027061663568, 0.00037501839688, -0.000818724976853, 0.000840002961922], [-0.000504041148815, 0.000903070846107, -0.00237412401475, 0.00428518746048, -0.00263279629871, 0.00172612303868, -0.00172606424894, 0.00295394076966, -0.00323308655061, 0.00176685419865, 0.00121484720148, -0.00209032860585, 0.00136925547849], [0.000501514121424, -0.00319897057489, 0.0024430770427, -0.00263279629871, 0.00733432499692, -0.00478074187413, 0.00324100581929, -0.005516233854, 0.00215722131543, -0.00135328306351, 0.000311744399369, 0.00019470351981, -0.00151280662976], [-0.000935160031077, 0.00372037943453, -0.00338168442249, 0.00172612303868, -0.00478074187413, 0.00974896177649, -0.00830096006393, 0.00581271294504, -0.0030525631737, -5.86814421695e-05, 0.000875587225892, -0.000224406539928, 0.00129100645427], [0.000941208330914, -0.00445433333516, 0.00401923060417, -0.00172606424894, 0.00324100581929, -0.00830096006393, 0.0135281793773, -0.00819692667574, 0.00419677235186, -0.000232965496252, -0.00231139035895, 0.00122807139996, 0.000604572705925], [-0.00106207176577, 0.00443621212617, -0.00398413976654, 0.00295394076966, -0.005516233854, 0.00581271294504, -0.00819692667574, 0.0163044407964, -0.00932842493057, 0.00173090118915, 0.00261346949264, -0.0029682549648, -6.00227649556e-05], [0.000786908785813, -0.00291449320503, 0.00365747255273, -0.00323308655061, 0.00215722131543, -0.0030525631737, 0.00419677235186, -0.00932842493057, 0.0143557554111, -0.00365475495346, -0.000647701730486, 0.00172926275991, -0.000449569080956], [-9.94462752715e-05, 0.00212529720739, -0.0027061663568, 0.00176685419865, -0.00135328306351, -5.86814421695e-05, -0.000232965496252, 0.00173090118915, -0.00365475495346, 0.0133980792016, -0.0054121776484, 0.00208314345218, -0.000505868170876], [-0.000308011076413, -0.0019895976875, 0.00037501839688, 0.00121484720148, 0.000311744399369, 0.000875587225892, -0.00231139035895, 0.00261346949264, -0.000647701730486, -0.0054121776484, 0.0131510486826, -0.00592701742426, 0.000187258367077], [0.000453640095657, 0.00213082623668, -0.000818724976853, -0.00209032860585, 0.00019470351981, -0.000224406539928, 0.00122807139996, -0.0029682549648, 0.00172926275991, 0.00208314345218, -0.00592701742426, 0.0155267044902, -0.00546887423843], [-0.000493486004416, -0.00120718497783, 0.000840002961922, 0.00136925547849, -0.00151280662976, 0.00129100645427, 0.000604572705925, -6.00227649556e-05, -0.000449569080956, -0.000505868170876, 0.000187258367077, -0.00546887423843, 0.0133944153786]]
    },
    "melbands": {
        "dmean": [0.000227149314014, 0.000231617144891, 0.000213337567402, 0.000202457638807, 0.000210147365578, 0.000205172138521, 0.000111554974865, 0.000105620842078, 0.000101359706605, 0.000207173434319, 0.000169049060787, 0.000117265975859, 9.01948369574e-05, 7.10078238626e-05, 4.17716983065e-05, 3.2229036151e-05, 3.24472748616e-05, 3.84917002521e-05, 3.01172785839e-05, 2.74243284366e-05, 1.69692084455e-05, 8.96409164852e-06, 5.57281646252e-06, 5.57835755899e-06, 4.4380772124e-06, 1.890439421e-06, 1.61443165325e-06, 1.69574877873e-06, 1.8354697886e-06, 1.13649252853e-06, 8.15676287402e-07, 8.75736077433e-07, 9.27319376842e-07, 1.10380540264e-06, 1.35613765906e-06, 9.88041847449e-07, 9.90868556983e-07, 1.2041834907e-06, 1.15202976758e-06, 1.47893922531e-06],
        "dmean2": [0.000366879190551, 0.000386498286389, 0.000376752344891, 0.00035723412293, 0.00031580432551, 0.000309327675495, 0.000169739039848, 0.000156156762387, 0.000149503219291, 0.000304079439957, 0.000254359969404, 0.000174919317942, 0.000134976493428, 0.000107194049633, 6.41997830826e-05, 4.944912871e-05, 4.59546827187e-05, 5.58176980121e-05, 4.49187937193e-05, 4.18318086304e-05, 2.51333021879e-05, 1.33878420456e-05, 8.52348694025e-06, 8.65923720994e-06, 6.95825838193e-06, 3.05794287669e-06, 2.60422439169e-06, 2.70202963293e-06, 2.99351745525e-06, 1.84440625617e-06, 1.30040007207e-06, 1.38533755489e-06, 1.42181977481e-06, 1.71412466443e-06, 2.13549697037e-06, 1.49597190102e-06, 1.49196864641e-06, 1.76221510628e-06, 1.687859708e-06, 2.20826200348e-06],
        "dvar": [2.04481921173e-07, 2.2269793476e-07, 3.10231428102e-07, 3.20902188378e-07, 2.8327596624e-07, 1.99660590283e-07, 8.91849296636e-08, 1.35851195182e-07, 1.04930236944e-07, 4.27567130146e-07, 2.15050718566e-07, 1.41897103845e-07, 8.56272066585e-08, 1.01321667501e-07, 2.31660379768e-08, 1.05629514024e-08, 8.78047767827e-09, 1.50517980302e-08, 9.87229853422e-09, 9.10721276171e-09, 3.47096285047e-09, 9.2620433545e-10, 2.51059839584e-10, 1.49505172131e-10, 8.14450659692e-11, 1.08115027347e-11, 1.01756979579e-11, 9.56258683349e-12, 1.76640577165e-11, 5.48642858575e-12, 3.39873463574e-12, 3.37248068014e-12, 3.83889317904e-12, 5.60867021229e-12, 7.09798886334e-12, 3.48429726911e-12, 1.27467984085e-11, 3.43520385748e-11, 3.06814712525e-11, 6.15354503464e-11],
        "dvar2": [5.51153732431e-07, 5.56184488687e-07, 8.74147303875e-07, 8.95398841294e-07, 5.97199004915e-07, 4.07575470263e-07, 1.67086824376e-07, 2.55482319744e-07, 2.05919377549e-07, 8.24761343665e-07, 4.31911445276e-07, 2.99654061564e-07, 1.82616759048e-07, 2.47134209985e-07, 5.40328315424e-08, 2.0735770434e-08, 1.48535708178e-08, 3.06852498966e-08, 1.94698959177e-08, 1.95950402571e-08, 7.42823580424e-09, 1.72367620177e-09, 5.58929125205e-10, 3.27877891504e-10, 1.86433757321e-10, 2.67955119898e-11, 2.62083497266e-11, 2.2290006646e-11, 4.60870334951e-11, 1.43030760846e-11, 8.66394022497e-12, 8.40971996902e-12, 8.44749964424e-12, 1.3383326565e-11, 1.68718650162e-11, 7.69299381143e-12, 2.92306352734e-11, 8.02989966187e-11, 6.89789822483e-11, 1.42196171504e-10],
        "max": [0.00468392996117, 0.00692515168339, 0.00528761465102, 0.00925288535655, 0.0152721973136, 0.0160453133285, 0.0138103645295, 0.0206092447042, 0.0132394367829, 0.0194079764187, 0.0154238166288, 0.0109339402989, 0.00968015473336, 0.00953798182309, 0.00756532233208, 0.00348499137908, 0.00400758488104, 0.00333436205983, 0.00443553738296, 0.00307154841721, 0.00142250047065, 0.00106952153146, 0.000982992001809, 0.000458310300019, 0.000188383317436, 6.32619485259e-05, 6.24375461484e-05, 6.4889783971e-05, 8.11187710497e-05, 4.509547216e-05, 4.05034988944e-05, 4.33585519204e-05, 7.44913486415e-05, 6.61077719997e-05, 4.84942393086e-05, 4.52666135971e-05, 0.000162262760568, 0.000299431034364, 0.000287047005259, 0.000285328918835],
        "mean": [0.000349875161191, 0.000362025224604, 0.000281813234324, 0.000252199504757, 0.000483745039674, 0.000434336601757, 0.000244234804995, 0.000223664726946, 0.000195711501874, 0.000378270866349, 0.000347066379618, 0.000256027822616, 0.000191750077647, 0.000143596538692, 7.91214260971e-05, 5.58609353902e-05, 6.30925205769e-05, 7.49878017814e-05, 6.10455681453e-05, 5.61754059163e-05, 3.22039777529e-05, 1.72138352355e-05, 1.15283901323e-05, 1.0744215615e-05, 7.70152291807e-06, 3.35145591635e-06, 2.72187526207e-06, 3.06335368805e-06, 2.9847155929e-06, 1.76114360784e-06, 1.09798384074e-06, 1.20314405194e-06, 1.32333195779e-06, 1.46995580508e-06, 1.76245919192e-06, 1.55156510573e-06, 1.55534132773e-06, 1.8115340481e-06, 1.65738435953e-06, 1.89967636288e-06],
        "median": [6.58920616843e-05, 0.000116554932902, 0.000101265191915, 6.50641013635e-05, 9.17986762943e-05, 0.000121616278193, 6.4050371293e-05, 3.7610574509e-05, 3.65320811397e-05, 4.9776830565e-05, 3.70919442503e-05, 2.65380094788e-05, 2.35125990002e-05, 1.22226010717e-05, 1.53043183673e-05, 1.25121905512e-05, 1.22348737932e-05, 1.02247449831e-05, 8.71241991263e-06, 8.18706212158e-06, 5.09411393068e-06, 3.57110798177e-06, 2.99328939946e-06, 3.31088176608e-06, 2.67620362138e-06, 1.67836083165e-06, 1.51447886765e-06, 1.49917332237e-06, 1.11474810183e-06, 8.54745167089e-07, 4.17076364556e-07, 3.79652476568e-07, 4.46696219569e-07, 5.0441434496e-07, 5.64165134165e-07, 6.1937657847e-07, 5.66223775422e-07, 4.91273453918e-07, 4.52367260095e-07, 3.41778616075e-07],
        "min": [5.38412871715e-24, 1.49599329631e-23, 7.02214395544e-24, 1.96581435732e-24, 6.36123037259e-24, 5.61787056995e-24, 4.09164441611e-24, 2.25597376713e-24, 3.49940196392e-24, 1.98091335227e-23, 3.04697366869e-24, 8.50789720611e-24, 4.7339448259e-24, 1.0022953484e-23, 1.29395110901e-23, 5.27578182726e-24, 7.20762882008e-24, 5.0090328509e-24, 1.00089646135e-23, 9.03689155193e-24, 5.46901567258e-24, 3.39969980626e-24, 8.76061747456e-24, 7.44219661025e-24, 9.09576029698e-24, 5.3198420754e-24, 8.34433951918e-24, 1.1388902429e-23, 8.29367256096e-24, 1.00513974416e-23, 1.0017009417e-23, 7.14497669813e-24, 7.53342048533e-24, 8.434759545e-24, 8.28383625433e-24, 7.96803077929e-24, 1.32941916305e-23, 1.03209614681e-23, 9.07786577621e-24, 1.09885050325e-23],
        "var": [3.56089600473e-07, 3.28178202835e-07, 2.59063199337e-07, 3.59149908036e-07, 1.2993917835e-06, 7.98165842752e-07, 4.07826576065e-07, 7.75426542532e-07, 3.40751256545e-07, 1.40769509471e-06, 8.77443596892e-07, 5.9526428231e-07, 3.76366159571e-07, 3.41840120655e-07, 9.90141515445e-08, 2.75868963229e-08, 3.80516951282e-08, 5.31986792396e-08, 3.08128988991e-08, 3.83735709875e-08, 1.02174686489e-08, 2.69657940422e-09, 1.27502797209e-09, 4.64420835122e-10, 1.8482584907e-10, 2.21202344636e-11, 1.3928930058e-11, 2.13384032666e-11, 2.72726650291e-11, 7.26403919654e-12, 3.88248894839e-12, 4.36108310922e-12, 6.35967016896e-12, 7.32650398683e-12, 8.76131632521e-12, 5.73324547559e-12, 2.27447002205e-11, 5.93870647103e-11, 5.25966770137e-11, 8.28009327769e-11]
    },
    "mfcc": {
        "mean": [-666.548828125, 107.359062195, -8.19335365295, -5.87228250504, 0.444065541029, -5.68029117584, -4.1201133728, -2.59687805176, -3.30355000496, 2.41414523125, -5.65345907211, -3.30704712868, -2.99302887917],
        "cov": [[4262.89501953, -460.894134521, 678.667602539, 340.388366699, 481.361816406, 261.378417969, 182.73664856, 166.580307007, 71.4240036011, 97.1537475586, -85.1065979004, 5.36809682846, 41.150932312], [-460.894134521, 751.110351562, -159.082260132, 21.7661151886, -13.2072343826, 2.94303870201, 103.262763977, -27.0377998352, -21.4791126251, 56.2191581726, 5.79423379898, 19.0442047119, 12.407201767], [678.667602539, -159.082260132, 1208.27807617, 347.441925049, 301.580780029, 232.935089111, 59.9024009705, 5.80719566345, -49.299621582, -14.8212127686, 29.3538208008, 28.8220367432, 56.2089653015], [340.388366699, 21.7661151886, 347.441925049, 484.571960449, 269.243347168, 88.8952636719, -1.54635417461, 92.6351776123, 46.5755119324, -0.997909843922, -0.500956714153, 50.6576919556, 13.8172607422], [481.361816406, -13.2072343826, 301.580780029, 269.243347168, 397.414733887, 137.593643188, 50.7620048523, 99.3973388672, 88.2612991333, 44.6222801208, 7.53755187988, 45.7232246399, 30.8297328949], [261.378417969, 2.94303870201, 232.935089111, 88.8952636719, 137.593643188, 299.958709717, 144.55821228, 77.5958633423, 33.4334869385, 59.3397903442, 39.1214256287, 17.0778045654, 26.8080940247], [182.73664856, 103.262763977, 59.9024009705, -1.54635417461, 50.7620048523, 144.55821228, 225.571472168, 68.9800033569, 24.7447032928, 48.7352294922, 14.8260231018, 29.3581829071, 33.2198677063], [166.580307007, -27.0377998352, 5.80719566345, 92.6351776123, 99.3973388672, 77.5958633423, 68.9800033569, 216.85925293, 102.85559845, 35.8831214905, 17.3126907349, 39.3460578918, 28.6301956177], [71.4240036011, -21.4791126251, -49.299621582, 46.5755119324, 88.2612991333, 33.4334869385, 24.7447032928, 102.85559845, 165.494110107, 47.2096672058, 17.9597988129, 12.4223890305, 9.98835849762], [97.1537475586, 56.2191581726, -14.8212127686, -0.997909843922, 44.6222801208, 59.3397903442, 48.7352294922, 35.8831214905, 47.2096672058, 152.573074341, 47.3137168884, 5.91136264801, -22.2985076904], [-85.1065979004, 5.79423379898, 29.3538208008, -0.500956714153, 7.53755187988, 39.1214256287, 14.8260231018, 17.3126907349, 17.9597988129, 47.3137168884, 112.841743469, 26.7616729736, -13.4086894989], [5.36809682846, 19.0442047119, 28.8220367432, 50.6576919556, 45.7232246399, 17.0778045654, 29.3581829071, 39.3460578918, 12.4223890305, 5.91136264801, 26.7616729736, 109.954551697, 57.9639282227], [41.150932312, 12.407201767, 56.2089653015, 13.8172607422, 30.8297328949, 26.8080940247, 33.2198677063, 28.6301956177, 9.98835849762, -22.2985076904, -13.4086894989, 57.9639282227, 126.721832275]],
