{
"lowlevel": {
    "average_loudness": 0.704679787159,
    "barkbands_crest": {
        "dmean": 2.61426973343,
        "dmean2": 4.2196354866,
        "dvar": 5.09813785553,
        "dvar2": 12.472700119,
        "max": 25.5450115204,
        "mean": 10.7224607468,
        "median": 10.0366706848,
        "min": 2.66647768021,
        "var": 18.1759872437
    },
    "barkbands_flatness_db": {
        "dmean": 0.0208215583116,
        "dmean2": 0.0311679057777,
        "dvar": 0.000360066303983,
        "dvar2": 0.000746375997551,
        "max": 0.308590471745,
        "mean": 0.141489490867,
        "median": 0.138697236776,
        "min": 0.0377734750509,
        "var": 0.00187051761895
    },
    "barkbands_kurtosis": {
        "dmean": 2.6310904026,
        "dmean2": 4.14690113068,
        "dvar": 20.3355941772,
        "dvar2": 49.2294998169,
        "max": 96.869758606,
        "mean": 4.50172615051,
        "median": 2.31947135925,
        "min": -1.87145030499,
        "var": 53.053817749
    },
    "barkbands_skewness": {
        "dmean": 0.486407965422,
        "dmean2": 0.747813105583,
        "dvar": 0.256229311228,
        "dvar2": 0.56987285614,
        "max": 9.07887744904,
        "mean": 1.43816554546,
        "median": 1.28614938259,
        "min": -6.74787092209,
        "var": 1.33953499794
    },
    "barkbands_spread": {
        "dmean": 5.80746459961,
        "dmean2": 8.88803100586,
        "dvar": 68.0084686279,
        "dvar2": 146.818984985,
        "max": 101.787475586,
        "mean": 19.9422359467,
        "median": 15.9360847473,
        "min": 1.12195730209,
        "var": 204.435195923
    },
    "dissonance": {
        "dmean": 0.0228099543601,
        "dmean2": 0.0378880500793,
        "dvar": 0.000491441693157,
        "dvar2": 0.00135016883723,
        "max": 0.500000059605,
        "mean": 0.453967034817,
        "median": 0.461324483156,
        "min": 0.248818472028,
        "var": 0.0012006405741
    },
    "dynamic_complexity": 3.61194562912,
    "erbbands_crest": {
        "dmean": 3.14697051048,
        "dmean2": 4.99473333359,
        "dvar": 7.84006214142,
        "dvar2": 18.4999275208,
        "max": 30.616727829,
        "mean": 11.7923879623,
        "median": 10.7238788605,
        "min": 2.2399096489,
        "var": 31.1465206146
    },
    "erbbands_flatness_db": {
        "dmean": 0.0190535951406,
        "dmean2": 0.0276209525764,
        "dvar": 0.000314729375532,
        "dvar2": 0.000606322370004,
        "max": 0.355418652296,
        "mean": 0.169131755829,
        "median": 0.163977727294,
        "min": 0.0444711968303,
        "var": 0.00286198011599
    },
    "erbbands_kurtosis": {
        "dmean": 1.34479212761,
        "dmean2": 2.11859059334,
        "dvar": 3.43137526512,
        "dvar2": 7.9126830101,
        "max": 34.1793022156,
        "mean": 1.68117129803,
        "median": 0.720599651337,
        "min": -1.68576467037,
        "var": 9.51110553741
    },
    "erbbands_skewness": {
        "dmean": 0.414495587349,
        "dmean2": 0.634800374508,
        "dvar": 0.150260165334,
        "dvar2": 0.337717145681,
        "max": 4.62375831604,
        "mean": 0.743121445179,
        "median": 0.709875881672,
        "min": -4.20114469528,
        "var": 0.816474676132
    },
    "erbbands_spread": {
        "dmean": 7.41883802414,
        "dmean2": 11.149061203,
        "dvar": 85.726600647,
        "dvar2": 188.095581055,
        "max": 145.057434082,
        "mean": 31.3815574646,
        "median": 26.804265976,
        "min": 3.21706295013,
        "var": 341.420013428
    },
    "hfc": {
        "dmean": 6.41519880295,
        "dmean2": 9.14385128021,
        "dvar": 160.481628418,
        "dvar2": 315.47543335,
        "max": 604.375610352,
        "mean": 18.6933784485,
        "median": 10.5846796036,
        "min": 1.16398301465e-16,
        "var": 552.148925781
    },
    "melbands_crest": {
        "dmean": 3.18438339233,
        "dmean2": 5.08221817017,
        "dvar": 7.72930526733,
        "dvar2": 18.6810836792,
        "max": 32.054309845,
        "mean": 13.9710626602,
        "median": 13.2057733536,
        "min": 1.67690479755,
        "var": 27.3089771271
    },
    "melbands_flatness_db": {
        "dmean": 0.0228453036398,
        "dmean2": 0.0343332700431,
        "dvar": 0.000506175041664,
        "dvar2": 0.00108155759517,
        "max": 0.398345142603,
        "mean": 0.18827880919,
        "median": 0.186400145292,
        "min": 0.00171483925078,
        "var": 0.00254030525684
    },
    "melbands_kurtosis": {
        "dmean": 4.74637317657,
        "dmean2": 7.51530742645,
        "dvar": 63.4998435974,
        "dvar2": 156.41784668,
        "max": 186.16859436,
        "mean": 9.93091011047,
        "median": 5.46109104156,
        "min": -1.8898717165,
        "var": 175.555252075
    },
    "melbands_skewness": {
        "dmean": 0.568585753441,
        "dmean2": 0.878578543663,
        "dvar": 0.35488986969,
        "dvar2": 0.812066733837,
        "max": 10.8921823502,
        "mean": 2.02300190926,
        "median": 1.75874602795,
        "min": -1.62464082241,
        "var": 2.05873656273
    },
    "melbands_spread": {
        "dmean": 6.77992343903,
        "dmean2": 10.414232254,
        "dvar": 142.367675781,
        "dvar2": 270.98425293,
        "max": 291.497558594,
        "mean": 22.5272254944,
        "median": 17.9089946747,
        "min": 1.20387220383,
        "var": 452.694366455
    },
    "pitch_salience": {
        "dmean": 0.0639132112265,
        "dmean2": 0.101883947849,
        "dvar": 0.00309305079281,
        "dvar2": 0.0075679384172,
        "max": 0.962753474712,
        "mean": 0.548957884312,
        "median": 0.547270476818,
        "min": 0.140323191881,
        "var": 0.0138514079154
    },
    "silence_rate_20dB": {
        "dmean": 0,
        "dmean2": 0,
        "dvar": 0,
        "dvar2": 0,
        "max": 1,
        "mean": 1,
        "median": 1,
        "min": 1,
        "var": 0
    },
    "silence_rate_30dB": {
        "dmean": 0.00406990665942,
        "dmean2": 0.00814078748226,
        "dvar": 0.00405363086611,
        "dvar2": 0.0104691907763,
        "max": 1,
        "mean": 0.996289670467,
        "median": 1,
        "min": 0,
        "var": 0.00369631662033
    },
    "silence_rate_60dB": {
        "dmean": 0.0325592532754,
        "dmean2": 0.0651262998581,
        "dvar": 0.0314944759011,
        "dvar2": 0.0723719447851,
        "max": 1,
        "mean": 0.0760023966432,
        "median": 0,
        "min": 0,
        "var": 0.0702261254191
    },
    "spectral_centroid": {
        "dmean": 210.083221436,
        "dmean2": 317.202178955,
        "dvar": 86759.6796875,
        "dvar2": 157735.25,
        "max": 11258.0751953,
        "mean": 1190.19189453,
        "median": 1099.39331055,
        "min": 254.516662598,
        "var": 339617.875
    },
    "spectral_complexity": {
        "dmean": 2.73880767822,
        "dmean2": 4.19130849838,
        "dvar": 8.72319221497,
        "dvar2": 18.6431350708,
        "max": 43,
        "mean": 13.8166370392,
        "median": 13,
        "min": 0,
        "var": 48.4612197876
    },
    "spectral_decrease": {
        "dmean": 1.44034228988e-09,
        "dmean2": 2.09893524783e-09,
        "dvar": 4.594149128e-18,
        "dvar2": 1.01112920261e-17,
        "max": -7.06503446345e-29,
        "mean": -4.70828620536e-09,
        "median": -3.34469696384e-09,
        "min": -3.78352282837e-08,
        "var": 2.039458468e-17
    },
    "spectral_energy": {
        "dmean": 0.00591084873304,
        "dmean2": 0.00858786236495,
        "dvar": 7.63509378885e-05,
        "dvar2": 0.000166777550476,
        "max": 0.161150708795,
        "mean": 0.019465688616,
        "median": 0.0137146469206,
        "min": 1.08243239372e-20,
        "var": 0.000347021443304
    },
    "spectral_energyband_high": {
        "dmean": 0.000316053425195,
        "dmean2": 0.000459819100797,
        "dvar": 1.11901908895e-06,
        "dvar2": 2.14267220144e-06,
        "max": 0.0615913011134,
        "mean": 0.000545085407794,
        "median": 0.000210115496884,
        "min": 7.89974529432e-21,
        "var": 2.19232811105e-06
    },
    "spectral_energyband_low": {
        "dmean": 0.00113961962052,
        "dmean2": 0.00178944703657,
        "dvar": 5.48811749468e-06,
        "dvar2": 1.35865266202e-05,
        "max": 0.0490157678723,
        "mean": 0.00248420494609,
        "median": 0.00125121639576,
        "min": 1.21309376552e-22,
        "var": 1.17026856969e-05
    },
    "spectral_energyband_middle_high": {
        "dmean": 0.00198536342941,
        "dmean2": 0.00294088991359,
        "dvar": 1.77670135599e-05,
        "dvar2": 3.79587763746e-05,
        "max": 0.127838000655,
        "mean": 0.00558814546093,
        "median": 0.00237791938707,
        "min": 1.67387125728e-21,
        "var": 8.83534012246e-05
    },
    "spectral_energyband_middle_low": {
        "dmean": 0.00425760401413,
        "dmean2": 0.0063948999159,
        "dvar": 5.00437672599e-05,
        "dvar2": 0.000116543022159,
        "max": 0.139110565186,
        "mean": 0.0111952433363,
        "median": 0.00743899028748,
        "min": 3.44934113486e-22,
        "var": 0.000161018615472
    },
    "spectral_entropy": {
        "dmean": 0.182654365897,
        "dmean2": 0.258350819349,
        "dvar": 0.035072401166,
        "dvar2": 0.0652799978852,
        "max": 9.79967880249,
        "mean": 7.54566669464,
        "median": 7.5535736084,
        "min": 5.85755300522,
        "var": 0.182517185807
    },
    "spectral_flux": {
        "dmean": 0.0183635279536,
        "dmean2": 0.028586871922,
        "dvar": 0.000435495574493,
        "dvar2": 0.00102056923788,
        "max": 0.316089630127,
        "mean": 0.066606938839,
        "median": 0.0573543868959,
        "min": 1.04040012716e-10,
        "var": 0.0014695127029
    },
    "spectral_kurtosis": {
        "dmean": 1.30002236366,
        "dmean2": 2.05076050758,
        "dvar": 1.77071774006,
        "dvar2": 4.50448131561,
        "max": 21.781085968,
        "mean": 5.08827733994,
        "median": 4.8169670105,
        "min": -1.39969801903,
        "var": 6.99260854721
    },
    "spectral_rms": {
        "dmean": 0.000616691075265,
        "dmean2": 0.000874948338605,
        "dvar": 4.31880323504e-07,
        "dvar2": 8.56301426211e-07,
        "max": 0.012538747862,
        "mean": 0.00395016884431,
        "median": 0.00365788768977,
        "min": 3.24966399276e-12,
        "var": 3.38702352565e-06
    },
    "spectral_rolloff": {
        "dmean": 492.23336792,
        "dmean2": 826.614868164,
        "dvar": 1304517,
        "dvar2": 2793628.75,
        "max": 18217.0898438,
        "mean": 1591.54223633,
        "median": 1335.05859375,
        "min": 86.1328125,
        "var": 3030684.25
    },
    "spectral_skewness": {
        "dmean": 0.194089010358,
        "dmean2": 0.29213348031,
        "dvar": 0.0376922264695,
        "dvar2": 0.0791835039854,
        "max": 3.75267982483,
        "mean": 1.86819386482,
        "median": 1.87462759018,
        "min": -0.625102996826,
        "var": 0.188071325421
    },
    "spectral_spread": {
        "dmean": 635535.1875,
        "dmean2": 919808.25,
        "dvar": 791409197056,
        "dvar2": 1.44553987277e+12,
        "max": 40070540,
        "mean": 5335066.5,
        "median": 5092159,
        "min": 1913762.625,
        "var": 3.58332419277e+12
    },
    "spectral_strongpeak": {
        "dmean": 0.647876381874,
        "dmean2": 1.04175412655,
        "dvar": 0.985345005989,
        "dvar2": 2.31834387779,
        "max": 15.641828537,
        "mean": 1.48955309391,
        "median": 0.909074604511,
        "min": 0,
        "var": 3.0542075634
    },
    "zerocrossingrate": {
        "dmean": 0.0121343797073,
        "dmean2": 0.0140037871897,
        "dvar": 0.000311285315547,
        "dvar2": 0.000299076811643,
        "max": 0.578125,
        "mean": 0.0683003515005,
        "median": 0.05908203125,
        "min": 0.01123046875,
        "var": 0.00221963785589
    },
    "barkbands": {
        "dmean": [5.37925407116e-05, 0.00074647431029, 0.000467045669211, 0.000280132691842, 0.00090949999867, 0.00085913942894, 0.00110842147842, 0.000802943890449, 0.00169506238308, 0.000647994573228, 0.000418292242102, 0.000378037831979, 0.00054459774401, 0.000526025134604, 0.000317549944157, 0.000190390128409, 0.000160641837283, 0.000114657028462, 6.28924244666e-05, 3.77693140763e-05, 3.38099744113e-05, 3.74574992748e-05, 5.52480887563e-05, 6.47058550385e-05, 0.000100890334579, 4.71868515888e-05, 6.23366531727e-08],
        "dmean2": [8.5395789938e-05, 0.0011987175094, 0.000750085921027, 0.000476234796224, 0.00142398593016, 0.00131233758293, 0.00166096154135, 0.00121212750673, 0.00257692649029, 0.00101263239048, 0.000659658806399, 0.000594261742663, 0.000835144950543, 0.000810391735286, 0.000488513498567, 0.000306496833218, 0.000261814013356, 0.000183665688382, 9.90623375401e-05, 6.02183463343e-05, 5.37807391083e-05, 5.91752323089e-05, 8.63862005644e-05, 9.77136733127e-05, 0.000148887527757, 7.05224229023e-05, 1.07649555048e-07],
        "dvar": [1.7024644805e-08, 2.73070554613e-06, 9.4856375199e-07, 1.84193959285e-06, 3.58442684956e-06, 3.894969268e-06, 6.84045926391e-06, 6.59164470562e-06, 2.78754596366e-05, 7.23846960682e-06, 1.80611368705e-06, 2.40022563958e-06, 4.19809884988e-06, 2.21747382056e-06, 1.22296034988e-06, 2.37778394307e-07, 1.53640542067e-07, 9.57130126267e-08, 1.37115172549e-08, 6.68990240982e-09, 5.96951110765e-09, 7.18803550015e-09, 3.49353719287e-08, 7.03772897737e-08, 2.91555693366e-07, 2.18637588034e-08, 6.33324366258e-14],
        "dvar2": [3.82558376089e-08, 7.16187787475e-06, 2.34825961343e-06, 5.21140100318e-06, 8.36869821796e-06, 8.89072543941e-06, 1.54403569468e-05, 1.37869119499e-05, 6.50666115689e-05, 1.52914526552e-05, 4.18982745032e-06, 5.40933160664e-06, 8.87220721779e-06, 4.96592747368e-06, 2.76220225714e-06, 5.70936435906e-07, 3.88779682226e-07, 2.6473517778e-07, 3.42567112455e-08, 1.75659646828e-08, 1.49716150588e-08, 1.85930844054e-08, 7.82570310776e-08, 1.38052740795e-07, 5.82410734751e-07, 3.92937415938e-08, 1.60633320339e-13],
        "max": [0.0036984719336, 0.0268022567034, 0.0169334858656, 0.0658912062645, 0.0490550026298, 0.0450522638857, 0.0496189109981, 0.0773567482829, 0.134434491396, 0.0888694822788, 0.0512403510511, 0.0606812573969, 0.075953386724, 0.0575920045376, 0.0565580092371, 0.0161591507494, 0.0119137987494, 0.0110740810633, 0.00302272406407, 0.0013537077466, 0.00105793436524, 0.00143439113162, 0.0112525951117, 0.0186421349645, 0.0281489174813, 0.00785751733929, 8.67349353939e-06],
        "mean": [8.76538979355e-05, 0.00149705563672, 0.000740483636037, 0.000398242176743, 0.00179621216375, 0.00166749814525, 0.00227594352327, 0.00135944806971, 0.00323367072269, 0.00114498194307, 0.00071567716077, 0.000602760002948, 0.000895197154023, 0.0010290251812, 0.00054958241526, 0.00031094107544, 0.000253889214946, 0.000208716272027, 0.000120008015074, 5.77070422878e-05, 4.86307144456e-05, 6.44074025331e-05, 8.11868885648e-05, 0.0001018275143, 0.000154631328769, 7.02868346707e-05, 5.01397892094e-08],
        "median": [1.23435811474e-05, 0.000484628370032, 0.000277622166323, 0.000138584116939, 0.000864935456775, 0.00045061801211, 0.000327210407704, 0.000152886495925, 0.000374611554435, 0.000123214776977, 0.000134552508825, 0.000121891367598, 0.00015990389511, 0.000193106956431, 0.000127124338178, 0.000101686011476, 0.000103824961116, 0.000101845806057, 6.76837589708e-05, 2.72891120403e-05, 2.07664670597e-05, 2.97068872896e-05, 2.98045670206e-05, 3.22476735164e-05, 4.00343669753e-05, 1.95587781491e-05, 4.00405797407e-09],
        "min": [3.42100985809e-23, 5.54051471181e-23, 4.33950364478e-23, 4.57485919145e-24, 8.33233636942e-23, 7.10466937686e-23, 6.23530742507e-23, 6.55232033062e-23, 5.02618718348e-23, 5.52433422801e-23, 7.95183088951e-23, 9.97647900591e-23, 2.01793408968e-22, 7.29120279542e-23, 2.04377704671e-22, 1.80431434308e-22, 1.87328173834e-22, 2.44374113769e-22, 2.76565040822e-22, 2.70529131559e-22, 5.31470106888e-22, 4.19518778995e-22, 3.86796449993e-22, 1.04000735831e-21, 1.20017010344e-21, 1.78669578478e-21, 2.43456379498e-21],
        "var": [3.9778662142e-08, 5.95637720835e-06, 1.59266301125e-06, 1.42510191381e-06, 7.74792260927e-06, 1.05568542494e-05, 2.1359328457e-05, 1.54559620569e-05, 8.16737447167e-05, 2.24280629482e-05, 4.75004799227e-06, 4.39063251179e-06, 1.07402865979e-05, 7.34742161512e-06, 3.17292483487e-06, 4.7583071705e-07, 2.28674451819e-07, 2.06715910167e-07, 2.54720475823e-08, 8.23337487077e-09, 6.52277343249e-09, 9.38755029267e-09, 4.44673453615e-08, 1.18959711415e-07, 5.42026100447e-07, 5.03070864966e-08, 6.1379991801e-14]
    },
    "erbbands": {
        "dmean": [0.0198834929615, 0.182624354959, 0.536122620106, 0.63972222805, 1.47385883331, 4.05045700073, 5.25312852859, 7.78206539154, 9.59279346466, 24.7516078949, 17.2184829712, 36.221988678, 30.7929477692, 16.17420578, 14.8975725174, 14.3663825989, 23.2050304413, 24.7213973999, 17.7104892731, 13.6450252533, 9.66748046875, 8.56403160095, 6.22021722794, 3.91885042191, 2.67147731781, 1.74694764614, 1.40713632107, 1.28667831421, 1.37193763256, 1.43564808369, 1.56439352036, 1.45838940144, 1.10420238972, 1.14230561256, 0.725288569927, 0.280792117119, 0.0741104334593, 0.00686708604917, 0.000131776425405, 1.25375690914e-05],
        "dmean2": [0.0322592742741, 0.294674366713, 0.849713146687, 1.05718827248, 2.43759632111, 6.27281618118, 8.29166603088, 11.665687561, 14.5041503906, 36.9121932983, 26.0934085846, 54.8440742493, 46.1967506409, 24.7911891937, 23.1583957672, 22.1815319061, 35.1233596802, 38.4062538147, 26.7486934662, 20.6466007233, 15.6464834213, 14.0317926407, 9.93913936615, 6.15335607529, 4.186814785, 2.79610610008, 2.25356817245, 2.0079908371, 2.18635892868, 2.29494857788, 2.42576217651, 2.23544430733, 1.63736176491, 1.68682491779, 1.09744715691, 0.42211830616, 0.109671495855, 0.010393967852, 0.000196520151803, 1.79799662874e-05],
        "dvar": [0.00218276679516, 0.165339753032, 1.28517615795, 6.21301269531, 35.1405448914, 74.1013565063, 129.913818359, 368.258544922, 610.348754883, 4364.65820312, 4053.24023438, 17491.7617188, 11946.3847656, 5253.97558594, 1929.05285645, 3228.37475586, 9081.73828125, 5061.78320312, 3512.87231445, 1761.1550293, 601.81817627, 440.904846191, 271.328918457, 60.1025733948, 30.9920158386, 14.7430419922, 11.5991735458, 7.80435848236, 11.6361141205, 10.0655469894, 36.864200592, 28.5863304138, 25.4454975128, 36.3750038147, 15.9226551056, 1.02809143066, 0.045100685209, 0.000298030936392, 1.18424203777e-07, 6.71018185461e-10],
        "dvar2": [0.00583370868117, 0.435681641102, 3.12488627434, 17.0742340088, 96.9746322632, 161.296295166, 318.113555908, 806.415039062, 1364.5546875, 9690.75097656, 8516.04882812, 41891.265625, 25264.1679688, 10871.1748047, 4418.04394531, 7310.65527344, 18556.9648438, 11837.2734375, 7714.19335938, 3798.14086914, 1569.76928711, 1156.10302734, 767.022094727, 141.296508789, 76.9484863281, 38.6785888672, 29.5408992767, 19.4571914673, 30.9520111084, 25.3088684082, 80.5764083862, 55.9730415344, 49.3641853333, 67.0177001953, 34.8850326538, 1.89613771439, 0.0829505845904, 0.000610216811765, 2.30532776868e-07, 1.26912080844e-09],
        "max": [0.97449272871, 7.02674341202, 18.869178772, 105.185531616, 318.320831299, 230.042114258, 228.365921021, 474.649963379, 754.251281738, 1370.1496582, 1915.42346191, 4166.97021484, 3786.33837891, 3906.57495117, 1105.80981445, 2180.69775391, 3701.27587891, 3147.75683594, 2307.20288086, 1219.51660156, 829.36505127, 424.495269775, 627.524291992, 254.555740356, 186.337936401, 62.8563652039, 52.8748931885, 36.6852722168, 69.1908187866, 67.6904830933, 386.721679688, 342.055023193, 359.389343262, 365.937927246, 244.295883179, 54.0831184387, 9.28712844849, 0.607632160187, 0.0136764273047, 0.00125977711286],
        "mean": [0.0432036407292, 0.331826299429, 0.879363059998, 1.06984817982, 2.43532013893, 7.59384632111, 10.1347084045, 15.0193796158, 18.7070064545, 52.0520172119, 30.3831710815, 66.7872619629, 60.7920303345, 30.9484195709, 27.210111618, 25.0017089844, 42.7151641846, 53.1208534241, 33.522983551, 26.0273227692, 16.7018852234, 14.4582328796, 11.7488536835, 8.02795219421, 5.08093166351, 2.76873087883, 1.95308923721, 1.97794425488, 2.26339864731, 2.28249669075, 2.33459162712, 2.21018004417, 1.69658327103, 1.7103446722, 1.08610808849, 0.424296468496, 0.106261752546, 0.0090349111706, 0.000191074184841, 3.37651108566e-05],
        "median": [0.00805023312569, 0.116740450263, 0.356413960457, 0.489557743073, 1.06138050556, 3.25147938728, 3.98761153221, 3.83422470093, 4.5379948616, 6.11022663116, 6.51785898209, 8.46285152435, 6.67477464676, 5.17602729797, 6.32468271255, 5.93985891342, 9.05438804626, 10.466301918, 8.03806400299, 7.11964607239, 5.78961372375, 6.39634227753, 5.81003665924, 4.507127285, 2.80698990822, 1.37044131756, 0.804460823536, 0.884873747826, 0.996270179749, 0.972259223461, 0.835844099522, 0.703373432159, 0.508091807365, 0.404169380665, 0.288127422333, 0.121014468372, 0.027550727129, 0.00216901977547, 5.64132897125e-05, 2.16857515625e-05],
        "min": [1.90025217325e-21, 1.18725709918e-20, 4.86495743645e-20, 3.02467379774e-20, 5.25809537896e-20, 4.40439968575e-19, 5.16808436352e-19, 4.91676362897e-19, 6.96888033849e-19, 1.47604259174e-18, 1.1789152832e-18, 1.05565037928e-18, 1.35505181412e-18, 2.40297126e-18, 4.06209704543e-18, 4.05518553782e-18, 8.09697240408e-18, 6.62937904871e-18, 7.38901746912e-18, 1.07554713358e-17, 9.13881548458e-18, 1.10699563057e-17, 1.41757051772e-17, 1.28229191142e-17, 1.37309533229e-17, 1.31137889048e-17, 1.45122568443e-17, 2.58162953373e-17, 1.57928366573e-17, 1.37608385313e-17, 1.15496325527e-17, 1.85690847493e-17, 1.75078451106e-17, 1.13633721583e-17, 9.66966608731e-18, 7.99670487895e-18, 3.28434006089e-18, 1.42921217495e-18, 3.3418699038e-19, 3.292038605e-20],
        "var": [0.00588635122404, 0.304246842861, 2.17310285568, 5.5170044899, 31.2076358795, 177.065841675, 285.404663086, 998.94934082, 1502.24584961, 15212.8876953, 8444.36816406, 42048.0234375, 42350.2578125, 13922.1152344, 4599.97460938, 6051.70751953, 25500.8417969, 18785.6328125, 8742.84179688, 5278.50537109, 1226.03234863, 643.153991699, 630.226745605, 149.485656738, 51.0072860718, 18.1358680725, 11.9811954498, 9.21152877808, 12.9094333649, 13.9083566666, 46.8371620178, 47.5716705322, 42.9092216492, 70.9858322144, 26.4021720886, 2.29861903191, 0.10074673593, 0.000555721402634, 2.45546544875e-07, 1.8761872056e-09]
    },
    "gfcc": {
        "mean": [-16.0179901123, 70.7573242188, -119.04927063, 11.1554536819, -61.9135169983, 19.2645645142, -52.2435455322, 16.2189388275, -26.0591926575, 6.49752426147, -18.7617511749, 4.15145921707, -16.0852947235],
        "cov": [[4089.76049805, -207.275299072, 538.107055664, 74.3279800415, -12.2114038467, 220.547821045, -46.8426513672, 217.945053101, 73.5959625244, 240.302612305, -18.6376457214, 48.3003807068, -94.5660934448], [-207.275299072, 914.062988281, 240.87538147, 79.6640548706, 61.2954368591, -95.6344451904, 43.2620849609, -52.6298751831, 64.5801925659, 48.8344078064, 122.465797424, 35.1045455933, 19.1493091583], [538.107055664, 240.87538147, 1386.70617676, 564.392944336, 161.186660767, 30.9760990143, -197.5184021, -21.7804946899, -27.8466529846, 191.599899292, 32.1847763062, 137.718078613, -55.1774902344], [74.3279800415, 79.6640548706, 564.392944336, 605.305358887, 183.434677124, -10.5426101685, -116.949295044, -23.5838813782, 42.4209327698, 101.705917358, 17.212726593, 62.8397331238, 20.8983325958], [-12.2114038467, 61.2954368591, 161.186660767, 183.434677124, 219.220169067, 96.1677322388, 8.31128025055, 30.9819164276, 48.8005027771, 42.191444397, -15.2070169449, 12.1003808975, 8.6250667572], [220.547821045, -95.6344451904, 30.9760990143, -10.5426101685, 96.1677322388, 236.602050781, 108.263122559, 73.448928833, 10.6476411819, 9.9969329834, -15.405418396, -21.1549243927, -22.889421463], [-46.8426513672, 43.2620849609, -197.5184021, -116.949295044, 8.31128025055, 108.263122559, 240.677947998, 79.1937332153, 7.8395113945, -9.85832500458, 24.1520347595, -27.9630069733, -25.7362365723], [217.945053101, -52.6298751831, -21.7804946899, -23.5838813782, 30.9819164276, 73.448928833, 79.1937332153, 132.528366089, 62.4609222412, 24.0771465302, -11.3832130432, -15.2567749023, -9.25672340393], [73.5959625244, 64.5801925659, -27.8466529846, 42.4209327698, 48.8005027771, 10.6476411819, 7.8395113945, 62.4609222412, 172.573318481, 99.0834503174, 20.7372741699, -11.9336566925, 0.226231396198], [240.302612305, 48.8344078064, 191.599899292, 101.705917358, 42.191444397, 9.9969329834, -9.85832500458, 24.0771465302, 99.0834503174, 191.228668213, 76.600112915, 17.5819969177, -36.4267807007], [-18.6376457214, 122.465797424, 32.1847763062, 17.212726593, -15.2070169449, -15.405418396, 24.1520347595, -11.3832130432, 20.7372741699, 76.600112915, 134.606582642, 50.408706665, 2.91604804993], [48.3003807068, 35.1045455933, 137.718078613, 62.8397331238, 12.1003808975, -21.1549243927, -27.9630069733, -15.2567749023, -11.9336566925, 17.5819969177, 50.408706665, 114.116668701, 50.0298461914], [-94.5660934448, 19.1493091583, -55.1774902344, 20.8983325958, 8.6250667572, -22.889421463, -25.7362365723, -9.25672340393, 0.226231396198, -36.4267807007, 2.91604804993, 50.0298461914, 109.382804871]],
        "icov": [[0.000361654092558, -0.000164857774507, 0.000112497415103, -9.84538055491e-05, 0.000536587904207, -0.000591748335864, 0.000523747061379, -0.000835783837829, 0.000469631631859, -0.000811932375655, 0.000600307539571, -0.000540253589861, 0.000263183057541], [-0.000164857774507, 0.00242302473634, -0.00153868203051, 0.00103274069261, -0.00193923665211, 0.00238442234695, -0.00235684518702, 0.00237283599563, -0.00268590589985, 0.00270691863261, -0.0032841663342, 0.00232811132446, -0.00131232885178], [0.000112497415103, -0.00153868203051, 0.00299082952552, -0.00203896733001, 0.00138075521681, -0.00218866043724, 0.00275470339693, -0.00237166229635, 0.00336965895258, -0.0035133168567, 0.0030441863928, -0.00387145229615, 0.00265806191601], [-9.84538055491e-05, 0.00103274069261, -0.00203896733001, 0.00427856901661, -0.00354983168654, 0.0021887421608, -0.000883230182808, 0.00166583422106, -0.00172623072285, 0.0011829045834, -0.00195834063925, 0.00194356485736, -0.00188006425742], [0.000536587904207, -0.00193923665211, 0.00138075521681, -0.00354983168654, 0.0110368803144, -0.00618592975661, 0.00189659500029, -0.00189424853306, 0.000513843609951, -0.00331801781431, 0.00506476312876, -0.00338612054475, 0.000607022084296], [-0.000591748335864, 0.00238442234695, -0.00218866043724, 0.0021887421608, -0.00618592975661, 0.0107385404408, -0.00538317626342, 0.000920088437852, -0.0016443192726, 0.00312618957832, -0.0034020061139, 0.00394238391891, -0.00157305633184], [0.000523747061379, -0.00235684518702, 0.00275470339693, -0.000883230182808, 0.00189659500029, -0.00538317626342, 0.0110232578591, -0.00722080655396, 0.00448038149625, -0.0025749062188, 0.000354350340785, -0.00259856740013, 0.00344258802943], [-0.000835783837829, 0.00237283599563, -0.00237166229635, 0.00166583422106, -0.00189424853306, 0.000920088437852, -0.00722080655396, 0.0175041221082, -0.00894808769226, 0.00416748551652, -0.00108536158223, 0.00236621010117, -0.00217531016096], [0.000469631631859, -0.00268590589985, 0.00336965895258, -0.00172623072285, 0.000513843609951, -0.0016443192726, 0.00448038149625, -0.00894808769226, 0.016472145915, -0.0114373611286, 0.00470016291365, -0.00129278225359, -0.000558799947612], [-0.000811932375655, 0.00270691863261, -0.0035133168567, 0.0011829045834, -0.00331801781431, 0.00312618957832, -0.0025749062188, 0.00416748551652, -0.0114373611286, 0.0190626699477, -0.011709661223, 0.00396160036325, 0.00236067199148], [0.000600307539571, -0.0032841663342, 0.0030441863928, -0.00195834063925, 0.00506476312876, -0.0034020061139, 0.000354350340785, -0.00108536158223, 0.00470016291365, -0.011709661223, 0.0198920145631, -0.0105519276112, 0.00227065314539], [-0.000540253589861, 0.00232811132446, -0.00387145229615, 0.00194356485736, -0.00338612054475, 0.00394238391891, -0.00259856740013, 0.00236621010117, -0.00129278225359, 0.00396160036325, -0.0105519276112, 0.0212181154639, -0.0106196179986], [0.000263183057541, -0.00131232885178, 0.00265806191601, -0.00188006425742, 0.000607022084296, -0.00157305633184, 0.00344258802943, -0.00217531016096, -0.000558799947612, 0.00236067199148, 0.00227065314539, -0.0106196179986, 0.0171323958784]]
    },
    "melbands": {
        "dmean": [0.000188183257706, 0.000257893552771, 0.00013160938397, 0.000182461488293, 0.000188335863641, 0.000170605751919, 0.000163502190844, 0.000248461117735, 0.000160441952175, 0.000237526852288, 0.000152232300024, 6.78189026075e-05, 5.57809471502e-05, 4.3568725232e-05, 4.79055925098e-05, 5.52454475837e-05, 4.66058809252e-05, 3.22130908899e-05, 2.31616359088e-05, 1.42759945447e-05, 1.23013132907e-05, 9.5705536296e-06, 8.02541489975e-06, 5.22663958691e-06, 3.23037261296e-06, 2.47227649197e-06, 1.67344899182e-06, 1.11339932118e-06, 9.00310510588e-07, 8.39664664909e-07, 7.62912179653e-07, 7.83739096732e-07, 8.05525360192e-07, 8.5422078655e-07, 8.81400012531e-07, 1.03584420685e-06, 8.92380398909e-07, 7.63416494465e-07, 8.57537429511e-07, 1.04662512967e-06],
        "dmean2": [0.000302627653582, 0.000408045831136, 0.000218479312025, 0.000286454858724, 0.000294524536002, 0.000256930099567, 0.000246984651312, 0.000373698683688, 0.00024745054543, 0.00035684008617, 0.000229696219321, 0.000104179765913, 8.67665221449e-05, 6.72908427077e-05, 7.43366690585e-05, 8.32220175653e-05, 7.28516679374e-05, 4.86212557007e-05, 3.49533329427e-05, 2.21720893023e-05, 2.03833424166e-05, 1.58122875291e-05, 1.29176069095e-05, 8.39858785184e-06, 5.12686028742e-06, 3.92898755308e-06, 2.6767095278e-06, 1.81762140983e-06, 1.44240402733e-06, 1.36881317303e-06, 1.1901910284e-06, 1.2454146372e-06, 1.31024648908e-06, 1.39094026963e-06, 1.38233906455e-06, 1.6515812149e-06, 1.38064103794e-06, 1.15540217394e-06, 1.26057500438e-06, 1.56616260938e-06],
        "dvar": [1.79280675638e-07, 2.94958965696e-07, 3.09619053951e-07, 1.87987879485e-07, 1.36656140626e-07, 1.64747945064e-07, 1.48731089666e-07, 4.35507615748e-07, 3.58497032948e-07, 6.57089572087e-07, 2.98717083069e-07, 9.55337924324e-08, 2.54806060696e-08, 3.78650355515e-08, 4.07863218754e-08, 3.90781735859e-08, 2.07662633755e-08, 1.22384546941e-08, 7.76905118016e-09, 1.76288394993e-09, 1.09385422942e-09, 5.69377767157e-10, 5.69435498754e-10, 2.04141051285e-10, 3.96472750464e-11, 2.26140790122e-11, 1.19292032849e-11, 6.92175570333e-12, 4.80157146682e-12, 3.94875321677e-12, 2.50967150707e-12, 3.35307649701e-12, 3.43237829652e-12, 3.97125735074e-12, 1.09114366847e-11, 1.76499665577e-11, 1.1002909521e-11, 1.13523418097e-11, 1.89421742181e-11, 3.11359861505e-11],
        "dvar2": [4.69017578553e-07, 7.29357338969e-07, 8.69057089403e-07, 4.49155123761e-07, 3.26031852182e-07, 3.63556381444e-07, 3.35037526611e-07, 9.72786210696e-07, 8.1302499666e-07, 1.50399409904e-06, 6.36455126823e-07, 1.94583691382e-07, 5.93141571414e-08, 8.46270538091e-08, 9.55324068741e-08, 7.45256016899e-08, 4.93427414483e-08, 2.57185863717e-08, 1.7122353313e-08, 3.91833365754e-09, 2.89778445683e-09, 1.48261036781e-09, 1.56358026526e-09, 5.26584720273e-10, 9.31414528837e-11, 5.61038888958e-11, 3.07477827921e-11, 1.8470992097e-11, 1.22899702568e-11, 1.01925221735e-11, 6.19257683326e-12, 8.72626537002e-12, 9.22296787553e-12, 1.01060236568e-11, 2.52819449403e-11, 3.50029415175e-11, 2.33868670957e-11, 2.30796371598e-11, 3.59425891827e-11, 5.85826873123e-11],
        "max": [0.00684759439901, 0.00831972807646, 0.028626434505, 0.0134058864787, 0.00755818607286, 0.00973376445472, 0.010859888047, 0.0132404351607, 0.0163658577949, 0.023756403476, 0.01826896891, 0.0163426585495, 0.00366071006283, 0.00883465539664, 0.00612136395648, 0.0100786834955, 0.00720142293721, 0.00281203584746, 0.00430537899956, 0.00142089219298, 0.00119837617967, 0.000582014909014, 0.00104209862184, 0.000820970628411, 0.000186307399417, 0.000139306168421, 8.95780030987e-05, 4.90028469358e-05, 3.56832424586e-05, 2.90403695544e-05, 2.50514440268e-05, 3.442061643e-05, 3.20586332236e-05, 4.26303304266e-05, 0.000208601355553, 0.000235286977841, 0.000225058756769, 0.000240268025664, 0.00028954030131, 0.000320245977491],
        "mean": [0.000399235519581, 0.000464088807348, 0.000221886366489, 0.000345473410562, 0.000377116666641, 0.00033205570071, 0.000326198438415, 0.000514972722158, 0.000263342692051, 0.000445825047791, 0.000296631042147, 0.000121839468193, 9.8325581348e-05, 6.88431900926e-05, 7.86327582318e-05, 0.000100302262581, 9.46800864767e-05, 5.52579440409e-05, 4.15042413806e-05, 2.38414086198e-05, 1.90592854779e-05, 1.46238890011e-05, 1.32889908855e-05, 9.41796952247e-06, 6.15445014773e-06, 4.50001653007e-06, 2.61637228505e-06, 1.5951484329e-06, 1.18122659387e-06, 1.13216606223e-06, 1.16163676012e-06, 1.2526431874e-06, 1.28534895794e-06, 1.26502800413e-06, 1.29403542815e-06, 1.42577187034e-06, 1.33108346745e-06, 1.14712008781e-06, 1.25099211346e-06, 1.51860672304e-06],
        "median": [0.000112284666102, 0.000206892189453, 0.000108137202915, 0.000155393252498, 0.000165158548043, 8.43336383696e-05, 7.13195113349e-05, 5.06227297592e-05, 3.82030957553e-05, 5.11855687364e-05, 2.69854226644e-05, 1.7496298824e-05, 2.10021607927e-05, 1.23048848764e-05, 1.5776942746e-05, 1.85216995305e-05, 1.71807696461e-05, 1.0699752238e-05, 9.32489729166e-06, 7.22023560229e-06, 6.18044623479e-06, 6.26126484349e-06, 5.18467550137e-06, 4.53442316939e-06, 3.30194825438e-06, 2.40391887019e-06, 1.28780595787e-06, 7.08412130734e-07, 4.52935410067e-07, 4.64215219154e-07, 5.11547398219e-07, 5.34075354608e-07, 5.80242669912e-07, 4.97450059811e-07, 4.71561946824e-07, 4.36647496826e-07, 4.04310071644e-07, 3.4732991594e-07, 3.17837617558e-07, 3.328882201e-07],
        "min": [1.79289261536e-23, 2.23973908859e-23, 5.61170443868e-24, 1.58463712291e-23, 1.94827107687e-23, 1.16883966271e-23, 1.16671455031e-23, 1.64205105068e-23, 7.82687753093e-24, 7.29350106278e-24, 6.5442319031e-24, 9.25511966617e-24, 1.229562152e-23, 1.0466649089e-23, 1.17610775377e-23, 2.24337794617e-23, 1.01779173202e-23, 1.0247710211e-23, 1.50755026634e-23, 1.42249717681e-23, 9.1648298024e-24, 1.11244241887e-23, 1.17531550076e-23, 1.25698769023e-23, 1.01192686673e-23, 9.83177146586e-24, 7.67471099548e-24, 9.17507395011e-24, 9.76983641847e-24, 7.41795412577e-24, 1.85104807238e-23, 9.65630592357e-24, 6.5749300308e-24, 7.75173300768e-24, 5.93367683386e-24, 7.83769912483e-24, 1.29702317003e-23, 1.30770166456e-23, 1.0813840184e-23, 8.83941994583e-24],
        "var": [4.53331068684e-07, 5.16403076745e-07, 2.49142686926e-07, 3.43909221101e-07, 3.28242322212e-07, 4.57702128642e-07, 3.91618243611e-07, 1.47794889926e-06, 6.9924641366e-07, 1.76075491254e-06, 1.07804441996e-06, 2.52800958833e-07, 6.75729694422e-08, 6.7624675637e-08, 8.60857980456e-08, 1.03880296365e-07, 6.67015740419e-08, 2.99060083364e-08, 2.25568594914e-08, 3.4554847872e-09, 1.98983096666e-09, 6.90280721471e-10, 1.18452403441e-09, 4.60621901732e-10, 8.81260828201e-11, 4.17345810688e-11, 1.6690485799e-11, 7.37040463383e-12, 4.8922046969e-12, 3.98847795069e-12, 3.18955755904e-12, 4.01772625586e-12, 4.09221007774e-12, 5.04675207874e-12, 1.27250042101e-11, 2.52566318554e-11, 1.71220173456e-11, 1.81028178559e-11, 3.32886947174e-11, 6.07906364136e-11]
    },
    "mfcc": {
        "mean": [-662.302124023, 111.673492432, -3.78395819664, -0.952848911285, 8.68137836456, -2.64595937729, -6.84719085693, 2.79080510139, -5.04753112793, -0.23211248219, 4.01333618164, -3.09438252449, -3.94251513481],
        "cov": [[3268.84814453, -221.204177856, 171.510681152, -81.8208084106, 32.5844688416, 0.364026963711, 11.7066860199, 29.6762619019, 73.5341644287, 176.121902466, 155.981582642, 47.5249099731, -8.96170425415], [-221.204177856, 782.297485352, 142.429748535, 56.8310432434, -25.1708469391, -4.23251152039, 7.83403635025, -10.7307310104, -57.8939361572, -22.420917511, 54.0692939758, 36.2209701538, 40.3275985718], [171.510681152, 142.429748535, 1025.50268555, 469.746643066, 335.111541748, 131.962356567, 0.340894252062, -91.4927520752, -58.5603256226, -59.8721389771, 0.654038131237, 116.137290955, 118.986000061], [-81.8208084106, 56.8310432434, 469.746643066, 548.448913574, 268.17074585, 91.8435592651, -55.1642456055, -89.3804321289, -7.99918079376, -39.8073234558, -34.6224975586, 91.4811325073, 115.326293945], [32.5844688416, -25.1708469391, 335.111541748, 268.17074585, 361.255859375, 120.067260742, -45.9172973633, -28.5192928314, 42.8964233398, 11.1353769302, -11.5967340469, 22.8425426483, 43.016078949], [0.364026963711, -4.23251152039, 131.962356567, 91.8435592651, 120.067260742, 160.289932251, 60.3482551575, 14.5524845123, 20.9291610718, 27.5079402924, 30.8656368256, 26.2485618591, 8.36654758453], [11.7066860199, 7.83403635025, 0.340894252062, -55.1642456055, -45.9172973633, 60.3482551575, 196.865371704, 86.0236968994, 1.07183265686, 13.909070015, 28.8537826538, -6.73401165009, -20.338760376], [29.6762619019, -10.7307310104, -91.4927520752, -89.3804321289, -28.5192928314, 14.5524845123, 86.0236968994, 149.769836426, 55.2107582092, 22.081911087, 5.15689277649, -38.7233886719, -37.8865509033], [73.5341644287, -57.8939361572, -58.5603256226, -7.99918079376, 42.8964233398, 20.9291610718, 1.07183265686, 55.2107582092, 137.15838623, 69.4799499512, 22.0148658752, -9.41534614563, -15.3574447632], [176.121902466, -22.420917511, -59.8721389771, -39.8073234558, 11.1353769302, 27.5079402924, 13.909070015, 22.081911087, 69.4799499512, 144.745605469, 88.2139892578, 16.0270614624, -15.230758667], [155.981582642, 54.0692939758, 0.654038131237, -34.6224975586, -11.5967340469, 30.8656368256, 28.8537826538, 5.15689277649, 22.0148658752, 88.2139892578, 148.739776611, 70.6538772583, 12.0887441635], [47.5249099731, 36.2209701538, 116.137290955, 91.4811325073, 22.8425426483, 26.2485618591, -6.73401165009, -38.7233886719, -9.41534614563, 16.0270614624, 70.6538772583, 147.834747314, 84.0468063354], [-8.96170425415, 40.3275985718, 118.986000061, 115.326293945, 43.016078949, 8.36654758453, -20.338760376, -37.8865509033, -15.3574447632, -15.230758667, 12.0887441635, 84.0468063354, 128.208709717]],
