{
"lowlevel": {
    "average_loudness": 0.849368870258,
    "barkbands_crest": {
        "dmean": 2.85464739799,
        "dmean2": 4.57916021347,
        "dvar": 6.47986507416,
        "dvar2": 15.8449735641,
        "max": 25.2555122375,
        "mean": 9.45931243896,
        "median": 8.50882434845,
        "min": 2.07715654373,
        "var": 19.4319972992
    },
    "barkbands_flatness_db": {
        "dmean": 0.0207763910294,
        "dmean2": 0.031707726419,
        "dvar": 0.000340416008839,
        "dvar2": 0.000769485195633,
        "max": 0.349765300751,
        "mean": 0.120891496539,
        "median": 0.113193161786,
        "min": 0.0252170283347,
        "var": 0.00218563224189
    },
    "barkbands_kurtosis": {
        "dmean": 1.6819537878,
        "dmean2": 2.67417764664,
        "dvar": 9.45046710968,
        "dvar2": 23.2437915802,
        "max": 72.4814147949,
        "mean": 1.62181842327,
        "median": 0.132637262344,
        "min": -1.93975412846,
        "var": 20.3532505035
    },
    "barkbands_skewness": {
        "dmean": 0.471025884151,
        "dmean2": 0.727012276649,
        "dvar": 0.218944549561,
        "dvar2": 0.492277055979,
        "max": 7.14368343353,
        "mean": 0.956601083279,
        "median": 0.7880448699,
        "min": -3.09625267982,
        "var": 1.05686783791
    },
    "barkbands_spread": {
        "dmean": 7.58719158173,
        "dmean2": 11.2931118011,
        "dvar": 84.8082427979,
        "dvar2": 170.148590088,
        "max": 128.335647583,
        "mean": 28.8747386932,
        "median": 26.3523139954,
        "min": 1.27950310707,
        "var": 278.434967041
    },
    "dissonance": {
        "dmean": 0.0160849560052,
        "dmean2": 0.0273266136646,
        "dvar": 0.000276817678241,
        "dvar2": 0.000738432281651,
        "max": 0.500000059605,
        "mean": 0.474406450987,
        "median": 0.480317264795,
        "min": 0.203027710319,
        "var": 0.000532759295311
    },
    "dynamic_complexity": 2.85363221169,
    "erbbands_crest": {
        "dmean": 2.69630527496,
        "dmean2": 4.38683176041,
        "dvar": 6.05234527588,
        "dvar2": 15.1340112686,
        "max": 31.7585468292,
        "mean": 8.67276096344,
        "median": 7.58936738968,
        "min": 2.19184160233,
        "var": 18.4084033966
    },
    "erbbands_flatness_db": {
        "dmean": 0.0185962729156,
        "dmean2": 0.0266145709902,
        "dvar": 0.00029874916072,
        "dvar2": 0.000567768584006,
        "max": 0.424096882343,
        "mean": 0.153774350882,
        "median": 0.14231826365,
        "min": 0.0456059649587,
        "var": 0.00392399542034
    },
    "erbbands_kurtosis": {
        "dmean": 0.978115260601,
        "dmean2": 1.54626631737,
        "dvar": 2.36733198166,
        "dvar2": 5.4559636116,
        "max": 45.2540817261,
        "mean": 0.730650424957,
        "median": 0.114519834518,
        "min": -1.72928714752,
        "var": 6.3278169632
    },
    "erbbands_skewness": {
        "dmean": 0.368229657412,
        "dmean2": 0.577035188675,
        "dvar": 0.112510360777,
        "dvar2": 0.255768865347,
        "max": 5.15988302231,
        "mean": 0.233630567789,
        "median": 0.267742067575,
        "min": -3.90192461014,
        "var": 0.570768237114
    },
    "erbbands_spread": {
        "dmean": 7.95823478699,
        "dmean2": 11.67669487,
        "dvar": 89.1662902832,
        "dvar2": 183.069839478,
        "max": 132.532791138,
        "mean": 33.5494194031,
        "median": 29.3932304382,
        "min": 2.66450500488,
        "var": 352.41595459
    },
    "hfc": {
        "dmean": 11.4641103745,
        "dmean2": 16.1028327942,
        "dvar": 331.921112061,
        "dvar2": 679.465820312,
        "max": 261.915527344,
        "mean": 26.8651638031,
        "median": 18.549407959,
        "min": 1.18302696228e-16,
        "var": 735.767028809
    },
    "melbands_crest": {
        "dmean": 3.76853203773,
        "dmean2": 6.04660654068,
        "dvar": 11.3857326508,
        "dvar2": 26.2166595459,
        "max": 33.6573257446,
        "mean": 13.8505382538,
        "median": 12.5876178741,
        "min": 1.21668457985,
        "var": 39.4070930481
    },
    "melbands_flatness_db": {
        "dmean": 0.0259423870593,
        "dmean2": 0.0387782044709,
        "dvar": 0.000556493760087,
        "dvar2": 0.00121402414516,
        "max": 0.371579378843,
        "mean": 0.162155985832,
        "median": 0.160373419523,
        "min": 0.000203970863367,
        "var": 0.00314135150984
    },
    "melbands_kurtosis": {
        "dmean": 4.36124897003,
        "dmean2": 6.9391541481,
        "dvar": 70.2327270508,
        "dvar2": 168.099029541,
        "max": 228.507781982,
        "mean": 7.29949045181,
        "median": 2.86799716949,
        "min": -1.91615247726,
        "var": 175.236953735
    },
    "melbands_skewness": {
        "dmean": 0.631428360939,
        "dmean2": 0.980167388916,
        "dvar": 0.441309005022,
        "dvar2": 0.98541790247,
        "max": 13.4771242142,
        "mean": 1.8990855217,
        "median": 1.53617811203,
        "min": -1.6005769968,
        "var": 2.09683394432
    },
    "melbands_spread": {
        "dmean": 9.04906272888,
        "dmean2": 14.0060539246,
        "dvar": 134.255813599,
        "dvar2": 277.259857178,
        "max": 268.405334473,
        "mean": 32.6755599976,
        "median": 29.8598499298,
        "min": 1.68510353565,
        "var": 419.21862793
    },
    "pitch_salience": {
        "dmean": 0.0781326442957,
        "dmean2": 0.123930089176,
        "dvar": 0.00472903577611,
        "dvar2": 0.0110823698342,
        "max": 0.990827918053,
        "mean": 0.561803400517,
        "median": 0.565451800823,
        "min": 0.124326556921,
        "var": 0.0148824099451
    },
    "silence_rate_20dB": {
        "dmean": 0,
        "dmean2": 0,
        "dvar": 0,
        "dvar2": 0,
        "max": 1,
        "mean": 1,
        "median": 1,
        "min": 1,
        "var": 0
    },
    "silence_rate_30dB": {
        "dmean": 0.00048111617798,
        "dmean2": 0.000962348130997,
        "dvar": 0.000480888644233,
        "dvar2": 0.00144261179958,
        "max": 1,
        "mean": 0.999759495258,
        "median": 1,
        "min": 0,
        "var": 0.000240455046878
    },
    "silence_rate_60dB": {
        "dmean": 0.0240558087826,
        "dmean2": 0.0481174066663,
        "dvar": 0.0234782211483,
        "dvar2": 0.0530231781304,
        "max": 1,
        "mean": 0.0428141914308,
        "median": 0,
        "min": 0,
        "var": 0.0409792326391
    },
    "spectral_centroid": {
        "dmean": 235.13520813,
        "dmean2": 353.245513916,
        "dvar": 65810.03125,
        "dvar2": 123619.375,
        "max": 10998.8779297,
        "mean": 1669.86132812,
        "median": 1695.28857422,
        "min": 264.92489624,
        "var": 335792
    },
    "spectral_complexity": {
        "dmean": 3.91147470474,
        "dmean2": 5.83158922195,
        "dvar": 16.7776679993,
        "dvar2": 30.1052417755,
        "max": 52,
        "mean": 20.7806377411,
        "median": 20,
        "min": 0,
        "var": 87.8053512573
    },
    "spectral_decrease": {
        "dmean": 1.5823854449e-09,
        "dmean2": 2.40856135036e-09,
        "dvar": 3.28046885562e-18,
        "dvar2": 7.21162196931e-18,
        "max": 5.93238483165e-29,
        "mean": -5.0230113402e-09,
        "median": -4.2333994088e-09,
        "min": -3.65925103551e-08,
        "var": 1.27392274614e-17
    },
    "spectral_energy": {
        "dmean": 0.00667642569169,
        "dmean2": 0.0100031271577,
        "dvar": 5.81255953875e-05,
        "dvar2": 0.000123043762869,
        "max": 0.143126830459,
        "mean": 0.0213947948068,
        "median": 0.0179662611336,
        "min": 1.05064935193e-20,
        "var": 0.000227944299695
    },
    "spectral_energyband_high": {
        "dmean": 0.00076987920329,
        "dmean2": 0.00108077307232,
        "dvar": 2.58329282588e-06,
        "dvar2": 5.49736523681e-06,
        "max": 0.027057511732,
        "mean": 0.00109228794463,
        "median": 0.000382990867365,
        "min": 7.921483827e-21,
        "var": 4.18416129833e-06
    },
    "spectral_energyband_low": {
        "dmean": 0.00297540263273,
        "dmean2": 0.00490064453334,
        "dvar": 2.17213091673e-05,
        "dvar2": 5.57226849196e-05,
        "max": 0.0528205521405,
        "mean": 0.00610250374302,
        "median": 0.00467502139509,
        "min": 1.1606805848e-22,
        "var": 4.81515307911e-05
    },
    "spectral_energyband_middle_high": {
        "dmean": 0.00267735752277,
        "dmean2": 0.00398507108912,
        "dvar": 1.52439306476e-05,
        "dvar2": 3.25707915181e-05,
        "max": 0.0970982015133,
        "mean": 0.0076645440422,
        "median": 0.00465914560482,
        "min": 1.28615700234e-21,
        "var": 7.08843072061e-05
    },
    "spectral_energyband_middle_low": {
        "dmean": 0.00321116880514,
        "dmean2": 0.00510723795742,
        "dvar": 2.26107495109e-05,
        "dvar2": 5.40828805242e-05,
        "max": 0.0937214568257,
        "mean": 0.00690949568525,
        "median": 0.00447540683672,
        "min": 3.26965730088e-22,
        "var": 5.47179552086e-05
    },
    "spectral_entropy": {
        "dmean": 0.165657624602,
        "dmean2": 0.226344764233,
        "dvar": 0.0265657603741,
        "dvar2": 0.0480453260243,
        "max": 9.79533958435,
        "mean": 7.7946228981,
        "median": 7.78878831863,
        "min": 6.15384435654,
        "var": 0.157219573855
    },
    "spectral_flux": {
        "dmean": 0.0208765603602,
        "dmean2": 0.0319251418114,
        "dvar": 0.000449830520665,
        "dvar2": 0.000901155581232,
        "max": 0.293646901846,
        "mean": 0.0850969031453,
        "median": 0.0795245990157,
        "min": 1.02501188093e-10,
        "var": 0.00155956670642
    },
    "spectral_kurtosis": {
        "dmean": 1.54066407681,
        "dmean2": 2.28935003281,
        "dvar": 2.66499066353,
        "dvar2": 6.74581623077,
        "max": 29.9090309143,
        "mean": 5.03143501282,
        "median": 4.61810541153,
        "min": -1.45665645599,
        "var": 10.2337608337
    },
    "spectral_rms": {
        "dmean": 0.000697463168763,
        "dmean2": 0.00102826114744,
        "dvar": 4.62586797312e-07,
        "dvar2": 9.00215979982e-07,
        "max": 0.0118167651817,
        "mean": 0.00427969591692,
        "median": 0.00418665260077,
        "min": 3.20159914205e-12,
        "var": 2.55719555753e-06
    },
    "spectral_rolloff": {
        "dmean": 850.827392578,
        "dmean2": 1397.31555176,
        "dvar": 2551260.5,
        "dvar2": 5753266.5,
        "max": 18604.6875,
        "mean": 2281.31860352,
        "median": 1937.98828125,
        "min": 64.599609375,
        "var": 4001359.5
    },
    "spectral_skewness": {
        "dmean": 0.206786006689,
        "dmean2": 0.299592524767,
        "dvar": 0.0391674265265,
        "dvar2": 0.0844120308757,
        "max": 3.56187176704,
        "mean": 1.75062823296,
        "median": 1.75612449646,
        "min": -0.119249939919,
        "var": 0.174389436841
    },
    "spectral_spread": {
        "dmean": 857886.625,
        "dmean2": 1118826.125,
        "dvar": 1.23874220442e+12,
        "dvar2": 2.22724305715e+12,
        "max": 41047456,
        "mean": 5312967.5,
        "median": 4824286,
        "min": 1656689.5,
        "var": 5.54243928883e+12
    },
    "spectral_strongpeak": {
        "dmean": 0.711434721947,
        "dmean2": 1.21624481678,
        "dvar": 1.66719543934,
        "dvar2": 4.27024316788,
        "max": 20.1259975433,
        "mean": 1.05990457535,
        "median": 0.368854045868,
        "min": 0,
        "var": 2.75160622597
    },
    "zerocrossingrate": {
        "dmean": 0.0169794894755,
        "dmean2": 0.0192691069096,
        "dvar": 0.000395848677726,
        "dvar2": 0.000466599740321,
        "max": 0.52880859375,
        "mean": 0.0861225947738,
        "median": 0.07861328125,
        "min": 0.01025390625,
        "var": 0.00206337915733
    },
    "barkbands": {
        "dmean": [0.000189693499124, 0.00253329332918, 0.000859332096297, 0.000433713692473, 0.000955126888584, 0.000526999298017, 0.000854140904266, 0.00103046989534, 0.000895003904589, 0.000559984939173, 0.000650007859804, 0.000527186086401, 0.000522348680533, 0.000478366273455, 0.000568030984141, 0.000544889946468, 0.00045563004096, 0.000292504555546, 0.000219781097258, 7.19800591469e-05, 5.27521879121e-05, 8.05239396868e-05, 0.000104519654997, 0.000174821703695, 0.000222162576392, 0.000155513349455, 1.62218427135e-07],
        "dmean2": [0.000305701978505, 0.00418644584715, 0.00152049167082, 0.000754319073167, 0.00157178775407, 0.000867141818162, 0.00139986607246, 0.00167293276172, 0.00143936718814, 0.000922674662434, 0.00106398086064, 0.000849918462336, 0.000855099293403, 0.000764450873248, 0.000889061659109, 0.000850163341966, 0.000711320666596, 0.000459372851765, 0.000351255963324, 0.00011390268628, 8.08238837635e-05, 0.000120642813272, 0.000153580360347, 0.000251118239248, 0.000320492807077, 0.000231294965488, 2.7876689046e-07],
        "dvar": [1.50109570995e-07, 1.89487382158e-05, 4.0187533159e-06, 8.39339691083e-07, 4.43686667495e-06, 1.2591497125e-06, 4.45082105216e-06, 7.05956381353e-06, 4.79323171021e-06, 1.78855134436e-06, 1.91434355656e-06, 1.16125136174e-06, 1.6834866301e-06, 1.0127070027e-06, 2.09029576581e-06, 2.4084697543e-06, 1.19400942822e-06, 5.73559759687e-07, 2.48415119586e-07, 2.58469636805e-08, 9.88519044398e-09, 2.43365771979e-08, 8.03597401955e-08, 1.84438022188e-07, 2.63781771537e-07, 1.56230413495e-07, 5.15092851185e-13],
        "dvar2": [3.82069458738e-07, 5.02537586726e-05, 1.12641064334e-05, 2.28499948207e-06, 1.13016085379e-05, 3.06065453515e-06, 1.15398242997e-05, 1.71884948941e-05, 1.13050891741e-05, 4.62788420919e-06, 4.84913198306e-06, 2.72828901871e-06, 4.25452071795e-06, 2.41347879637e-06, 4.9003924687e-06, 5.97905363975e-06, 2.71782255368e-06, 1.50591176862e-06, 6.34413538592e-07, 6.37240020751e-08, 2.28785701495e-08, 5.61935991072e-08, 1.86077599551e-07, 3.7481089521e-07, 5.32751130322e-07, 3.44870755953e-07, 1.34684765511e-12],
        "max": [0.00680029392242, 0.0497135780752, 0.0276660006493, 0.0212999843061, 0.0600568167865, 0.0265767984092, 0.0673909559846, 0.0617576912045, 0.0693259090185, 0.0400303862989, 0.0390443876386, 0.0350747182965, 0.0429872684181, 0.0203878134489, 0.0325792506337, 0.0455065108836, 0.0346637889743, 0.0309019964188, 0.0127413906157, 0.00575413322076, 0.00115583371371, 0.00268721184693, 0.00799724087119, 0.0136628560722, 0.0125222485512, 0.00435996521264, 1.58125894814e-05],
        "mean": [0.000354764197255, 0.00464387517422, 0.000878773164004, 0.000473160500405, 0.00148158019874, 0.000735550362151, 0.00111780571751, 0.00131197820883, 0.00150154146831, 0.000845785194542, 0.000992242945358, 0.000792961276602, 0.000797235523351, 0.000718150753528, 0.00087149097817, 0.000909926719032, 0.000795262691099, 0.000564017507713, 0.000441615819, 0.000129824198666, 8.52126249811e-05, 0.0001214461372, 0.000144503384945, 0.00022633948538, 0.00028250910691, 0.000177113994141, 1.22752595644e-07],
        "median": [4.96249922435e-05, 0.00284967198968, 0.000364612205885, 0.000163290387718, 0.000640371174086, 0.000289293791866, 0.000325378816342, 0.000307111709844, 0.000611527531873, 0.000249119242653, 0.000344084575772, 0.000346625631209, 0.000260870059719, 0.000251706514973, 0.000305408349959, 0.000276961363852, 0.000271957396762, 0.000228711927775, 0.000173833948793, 6.2205537688e-05, 4.50833176728e-05, 5.47336603631e-05, 5.09283563588e-05, 5.28233649675e-05, 6.30365248071e-05, 3.20641884173e-05, 3.90804055783e-09],
        "min": [1.66885354657e-23, 2.90835850142e-23, 2.92360150292e-23, 5.03796866333e-23, 7.01389294369e-23, 5.42748798349e-23, 5.46395165888e-23, 2.18807769231e-23, 6.16716940661e-23, 5.80427950626e-23, 3.39573948786e-23, 9.43092110543e-23, 7.71750512187e-23, 4.9701452426e-23, 1.13378143768e-22, 1.8187794015e-22, 2.13743414748e-22, 1.1284497477e-22, 2.52291248032e-22, 2.96683770695e-22, 4.85494838948e-22, 4.2693823669e-22, 5.26376110168e-22, 9.89377078963e-22, 1.24309746528e-21, 1.74959564378e-21, 2.59921292461e-21],
        "var": [3.92076145772e-07, 3.48868052242e-05, 3.01760383081e-06, 9.54412826104e-07, 7.27771066522e-06, 1.9024116682e-06, 6.47243723506e-06, 1.152535242e-05, 1.16698347483e-05, 3.62807850252e-06, 4.24689324063e-06, 2.12057716453e-06, 3.09877532345e-06, 1.78371726633e-06, 3.37047777066e-06, 5.35816843694e-06, 2.66195070253e-06, 1.26063719108e-06, 6.64903438974e-07, 4.9350301623e-08, 1.36501894232e-08, 3.48381448134e-08, 1.09215498867e-07, 3.25363686215e-07, 4.72497475812e-07, 1.87520697637e-07, 3.7737708466e-13]
    },
    "erbbands": {
        "dmean": [0.0935021489859, 0.519703626633, 0.907474935055, 1.24481379986, 1.6735637188, 4.01592206955, 4.78028583527, 4.45955610275, 8.25668430328, 20.225687027, 18.0973148346, 20.1453552246, 18.3572463989, 18.7559394836, 26.3405075073, 19.9391555786, 22.8360233307, 21.3989295959, 26.2877292633, 29.5272750854, 25.7565689087, 24.229932785, 16.0313491821, 11.483505249, 8.81351947784, 3.22279572487, 2.05910754204, 2.30565905571, 2.58151078224, 3.04301452637, 2.98301744461, 3.24989509583, 3.1639187336, 2.51181602478, 1.62054026127, 0.793219327927, 0.255388110876, 0.0301027391106, 0.000548595271539, 3.07493610308e-05],
        "dmean2": [0.152039557695, 0.860750675201, 1.54979646206, 2.19762063026, 2.8797109127, 6.65555763245, 7.62147331238, 7.42971658707, 13.4251565933, 32.8918457031, 29.3964824677, 32.340637207, 29.7957706451, 30.6983318329, 43.0354728699, 31.8406486511, 36.9847183228, 34.1741714478, 41.061050415, 45.4864463806, 38.7576751709, 37.1527023315, 24.7414531708, 17.9235916138, 13.9825458527, 5.06236219406, 3.18859767914, 3.48837018013, 3.83377242088, 4.56574821472, 4.33969783783, 4.70553779602, 4.59379577637, 3.58233165741, 2.40319395065, 1.18113183975, 0.381948381662, 0.0460893437266, 0.000831652199849, 4.45295008831e-05],
        "dvar": [0.029676342383, 0.837701976299, 3.71060156822, 7.34170675278, 15.0406780243, 96.5049057007, 107.268966675, 108.471160889, 400.468444824, 3018.00732422, 2220.86083984, 3194.43383789, 1900.19421387, 1886.32299805, 3535.87133789, 1523.65551758, 3048.03930664, 1851.04077148, 3284.92285156, 6247.39306641, 5097.80859375, 3594.62084961, 1604.92370605, 518.06048584, 587.406188965, 62.3291854858, 15.0482206345, 18.6770610809, 25.1944065094, 51.5102882385, 65.2499465942, 60.5976409912, 69.0999145508, 39.5297393799, 13.5921897888, 3.61331343651, 0.464165717363, 0.00881785247475, 2.72613783636e-06, 4.59359528193e-09],
        "dvar2": [0.0756855159998, 2.2099776268, 9.994972229, 20.4616909027, 41.0243644714, 247.862915039, 246.652236938, 273.074310303, 953.665771484, 7849.01708984, 5454.79443359, 7630.64111328, 4726.10791016, 4923.05224609, 9109.51269531, 3526.90673828, 7730.69677734, 4489.13378906, 7781.27490234, 14434, 11617.1757812, 8311.1796875, 4050.87060547, 1277.6751709, 1495.60693359, 149.8828125, 34.6681861877, 42.5446472168, 56.5202598572, 124.928588867, 146.981277466, 126.146743774, 140.588928223, 77.6527252197, 29.2926902771, 7.93158769608, 1.03289783001, 0.020551847294, 6.31271859675e-06, 9.99570204385e-09],
        "max": [2.28983783722, 10.4263916016, 27.8695030212, 45.1970062256, 118.310020447, 253.372955322, 266.882598877, 226.383300781, 694.327087402, 1679.81164551, 1213.02258301, 1898.54016113, 1496.27722168, 1447.99719238, 1909.39111328, 1393.51489258, 2039.24133301, 798.56640625, 1550.18737793, 2260.45141602, 2443.86889648, 1509.00952148, 1626.65112305, 748.87713623, 887.605712891, 303.735595703, 76.4884262085, 50.1710548401, 83.5892486572, 184.452209473, 227.107055664, 302.873046875, 280.023223877, 172.827804565, 65.3100738525, 24.2758865356, 7.2356505394, 1.19373607635, 0.0210678745061, 0.000719374394976],
        "mean": [0.176730915904, 0.858089268208, 1.14536416531, 1.36720311642, 2.17465853691, 5.86806726456, 7.14996290207, 6.20050477982, 11.2796144485, 27.1453342438, 24.9958820343, 33.7649497986, 31.8738574982, 29.6009521484, 42.5008621216, 32.3462295532, 37.5252761841, 34.9733009338, 44.3257789612, 48.9171485901, 46.7462997437, 45.0120697021, 33.1518325806, 24.8815002441, 18.168258667, 6.25255155563, 3.52145218849, 3.6419210434, 4.0150437355, 4.37531757355, 4.11384057999, 4.17637586594, 4.09014463425, 3.26178216934, 1.96277713776, 0.933279395103, 0.284995824099, 0.0307835396379, 0.000585159636103, 5.40918699699e-05],
        "median": [0.0683231130242, 0.418188810349, 0.540813684464, 0.575223088264, 0.95201677084, 2.25775456429, 2.74351334572, 2.60095715523, 3.64765405655, 8.09272384644, 6.9670290947, 12.4090166092, 14.310377121, 10.0214319229, 17.1489963531, 15.3096256256, 13.7835969925, 14.3920879364, 17.4915027618, 15.5583667755, 16.0773048401, 16.2474784851, 13.4894552231, 12.0919466019, 6.64173984528, 3.07062125206, 1.9100035429, 1.8450448513, 1.81561887264, 1.82709848881, 1.39038276672, 1.09326803684, 0.867161333561, 0.717514038086, 0.425823509693, 0.185018584132, 0.0460710078478, 0.00420981831849, 9.82455167104e-05, 3.136849773e-05],
        "min": [1.96236160307e-21, 2.37280979432e-21, 1.83269247944e-20, 1.52560203246e-19, 8.0911860689e-20, 3.58452617993e-19, 3.73247234387e-19, 4.20734406733e-19, 4.20061960594e-19, 1.176654185e-18, 5.06697394134e-19, 1.1548475327e-18, 1.67421841949e-18, 2.55574386771e-18, 1.6185820447e-18, 4.28288850812e-18, 3.67189527097e-18, 2.11857043538e-18, 4.72655923737e-18, 6.4353526691e-18, 1.02930426318e-17, 1.32013823686e-17, 7.09391003224e-18, 1.06907336995e-17, 1.30032734391e-17, 1.40111458662e-17, 2.03781270946e-17, 1.66064779776e-17, 1.61058815058e-17, 1.2437998888e-17, 1.60844178233e-17, 1.85677960019e-17, 1.68053272338e-17, 1.37485408371e-17, 9.06336751373e-18, 7.7312915717e-18, 2.89124894455e-18, 1.15057979773e-18, 3.80092489998e-19, 3.72282037397e-20],
        "var": [0.0586546622217, 1.3711373806, 3.62678313255, 6.54821968079, 16.8222675323, 141.537399292, 195.06578064, 146.542358398, 616.637512207, 4366.75537109, 3829.28173828, 7807.05810547, 3973.0637207, 3551.24707031, 7449.65625, 2933.11938477, 6138.49365234, 3427.78344727, 6015.30908203, 13216.4169922, 12223.7734375, 7856.96142578, 4292.76416016, 1546.23522949, 1518.05627441, 107.691062927, 23.757434845, 25.9712791443, 37.528793335, 67.1298294067, 93.7299194336, 105.049209595, 119.785064697, 73.8937225342, 20.6843891144, 4.66283988953, 0.537721276283, 0.00869201589376, 2.76203309113e-06, 6.1041744992e-09]
    },
    "gfcc": {
        "mean": [9.8996553421, 61.1655960083, -127.553153992, 14.8992567062, -54.076713562, 24.6713695526, -43.996006012, 24.1534938812, -23.7450027466, 6.6750793457, -17.3585910797, 6.98252439499, -13.8822698593],
        "cov": [[4301.53417969, -341.778381348, 1032.21789551, 424.365783691, 198.315567017, 223.702056885, -233.100570679, 192.408660889, -24.3164596558, 248.99659729, -16.0743179321, 133.308258057, -143.391662598], [-341.778381348, 1042.67626953, 276.959655762, 166.721191406, 186.885345459, -49.0582237244, 64.6044921875, -2.34318351746, 89.8726730347, 33.9371986389, 98.4946212769, 20.1404895782, 46.5288009644], [1032.21789551, 276.959655762, 2031.88305664, 590.591674805, 176.230758667, 325.858612061, -138.287994385, 74.3045654297, -8.01841068268, 295.789093018, -21.29662323, 121.758453369, -73.6263198853], [424.365783691, 166.721191406, 590.591674805, 414.586151123, 166.015151978, 128.451721191, -16.9022369385, 52.9829559326, 31.1842250824, 92.6549606323, 33.217414856, 56.6513519287, 6.15512514114], [198.315567017, 186.885345459, 176.230758667, 166.015151978, 304.921966553, 110.201942444, 65.4140472412, 99.7683258057, 69.872833252, 59.8009986877, 31.6836776733, 45.2819252014, 13.8206424713], [223.702056885, -49.0582237244, 325.858612061, 128.451721191, 110.201942444, 237.013793945, 95.815574646, 65.473197937, 8.13062667847, 56.9297676086, 10.9676885605, 26.3192024231, -7.7988820076], [-233.100570679, 64.6044921875, -138.287994385, -16.9022369385, 65.4140472412, 95.815574646, 267.151947021, 80.4770507812, 1.00835824013, -19.0622959137, 36.7030143738, 8.85840797424, -0.0366344116628], [192.408660889, -2.34318351746, 74.3045654297, 52.9829559326, 99.7683258057, 65.473197937, 80.4770507812, 147.938919067, 52.6409339905, 38.6332588196, 21.861749649, 25.1089801788, -15.4194202423], [-24.3164596558, 89.8726730347, -8.01841068268, 31.1842250824, 69.872833252, 8.13062667847, 1.00835824013, 52.6409339905, 110.140457153, 44.5602378845, 17.0931339264, 0.613694787025, 17.2632427216], [248.99659729, 33.9371986389, 295.789093018, 92.6549606323, 59.8009986877, 56.9297676086, -19.0622959137, 38.6332588196, 44.5602378845, 128.088546753, 18.7320098877, 23.7194023132, -10.5956077576], [-16.0743179321, 98.4946212769, -21.29662323, 33.217414856, 31.6836776733, 10.9676885605, 36.7030143738, 21.861749649, 17.0931339264, 18.7320098877, 90.9356842041, 32.6143493652, 14.6529579163], [133.308258057, 20.1404895782, 121.758453369, 56.6513519287, 45.2819252014, 26.3192024231, 8.85840797424, 25.1089801788, 0.613694787025, 23.7194023132, 32.6143493652, 82.2838897705, 20.8321628571], [-143.391662598, 46.5288009644, -73.6263198853, 6.15512514114, 13.8206424713, -7.7988820076, -0.0366344116628, -15.4194202423, 17.2632427216, -10.5956077576, 14.6529579163, 20.8321628571, 83.3516082764]],
        "icov": [[0.000368681910913, 2.43597605731e-05, 0.000103397404018, -0.000235324463574, -2.80236490653e-05, -0.00026271524257, 0.00059099245118, -0.000600482919253, 0.000549159012735, -0.000486768956762, 0.000167523161508, -0.000432350556366, 0.00050159660168], [2.43597605731e-05, 0.00213978928514, -0.00117683131248, 0.000175314897206, -0.00166289892513, 0.00253750197589, -0.00173635687679, 0.00182025332469, -0.00199769693427, 0.00153743033297, -0.00249428977259, 0.00152748648543, -0.000690009794198], [0.000103397404018, -0.00117683131248, 0.00234489492141, -0.00175780139398, 0.00138906727079, -0.00278420047835, 0.00196389830671, -0.00124283344485, 0.00228627445176, -0.0034097910393, 0.00270845997147, -0.00233684317209, 0.00151697476394], [-0.000235324463574, 0.000175314897206, -0.00175780139398, 0.00564523460343, -0.00214428687468, 0.000122750992887, -9.38282391871e-05, 0.000570450327359, -0.000872238422744, 0.00150486861821, -0.00230125989765, 0.000879753846675, -0.00144313066266], [-2.80236490653e-05, -0.00166289892513, 0.00138906727079, -0.00214428687468, 0.00731564080343, -0.00338400155306, 0.000941205769777, -0.00306079396978, -0.000677187810652, -0.00158098270185, 0.00254506641068, -0.00288227223791, 0.000382180063752], [-0.00026271524257, 0.00253750197589, -0.00278420047835, 0.000122750992887, -0.00338400155306, 0.0115616833791, -0.00583365513012, 0.00197053374723, -0.00180987035856, 0.00139558932278, -0.00257964315824, 0.00320289423689, -0.00212675565854], [0.00059099245118, -0.00173635687679, 0.00196389830671, -9.38282391871e-05, 0.000941205769777, -0.00583365513012, 0.0092156259343, -0.00579498289153, 0.0044807237573, -0.00112623884343, 0.000208412078791, -0.00134113128297, 0.00118515058421], [-0.000600482919253, 0.00182025332469, -0.00124283344485, 0.000570450327359, -0.00306079396978, 0.00197053374723, -0.00579498289153, 0.0157697685063, -0.00851941574365, 0.0018949189689, -0.00189298205078, -0.00169806589838, 0.00318009871989], [0.000549159012735, -0.00199769693427, 0.00228627445176, -0.000872238422744, -0.000677187810652, -0.00180987035856, 0.0044807237573, -0.00851941574365, 0.0196375660598, -0.00865070521832, 0.00157244526781, 0.00251036998816, -0.00355802453123], [-0.000486768956762, 0.00153743033297, -0.0034097910393, 0.00150486861821, -0.00158098270185, 0.00139558932278, -0.00112623884343, 0.0018949189689, -0.00865070521832, 0.0181405618787, -0.00535926176235, 0.00117848219816, 0.000669372733682], [0.000167523161508, -0.00249428977259, 0.00270845997147, -0.00230125989765, 0.00254506641068, -0.00257964315824, 0.000208412078791, -0.00189298205078, 0.00157244526781, -0.00535926176235, 0.0185827556998, -0.00819084513932, 0.00100289518014], [-0.000432350556366, 0.00152748648543, -0.00233684317209, 0.000879753846675, -0.00288227223791, 0.00320289423689, -0.00134113128297, -0.00169806589838, 0.00251036998816, 0.00117848219816, -0.00819084513932, 0.0213503371924, -0.0075290473178], [0.00050159660168, -0.000690009794198, 0.00151697476394, -0.00144313066266, 0.000382180063752, -0.00212675565854, 0.00118515058421, 0.00318009871989, -0.00355802453123, 0.000669372733682, 0.00100289518014, -0.0075290473178, 0.0175458975136]]
    },
    "melbands": {
        "dmean": [0.000754338456318, 0.000492459221277, 0.000216078013182, 0.000192504056031, 0.000176772475243, 9.87757812254e-05, 0.000139305673656, 0.000231197685935, 0.000142270801007, 0.000131385939312, 9.31644899538e-05, 7.68450481701e-05, 9.03722393559e-05, 6.08145237493e-05, 5.63651992707e-05, 4.88699843118e-05, 4.27963495895e-05, 4.57416681456e-05, 4.28421080869e-05, 4.29232604802e-05, 3.08378293994e-05, 2.70465752692e-05, 2.2891748813e-05, 1.26385984913e-05, 9.82747314993e-06, 9.2314048743e-06, 3.84583336199e-06, 2.12130908039e-06, 1.41638793139e-06, 1.15225032005e-06, 1.51290373651e-06, 1.42051067087e-06, 1.81485381745e-06, 1.71206863797e-06, 1.69161648955e-06, 1.98269412977e-06, 2.06235449696e-06, 2.29649822359e-06, 2.12898612517e-06, 2.22399671657e-06],
        "dmean2": [0.00124431855511, 0.000816487998236, 0.000375779491151, 0.000322533684084, 0.000281953572994, 0.000163617383805, 0.000226958029089, 0.000374163297238, 0.000230744990404, 0.000211673526792, 0.000151369255036, 0.000126465398353, 0.00014735753939, 9.84344733297e-05, 9.08050642465e-05, 7.97075699666e-05, 6.88192812959e-05, 7.21648975741e-05, 6.65152911097e-05, 6.78803771734e-05, 4.68789876322e-05, 4.19609095843e-05, 3.57539865945e-05, 1.98675079446e-05, 1.55290435941e-05, 1.46599168147e-05, 6.13355496171e-06, 3.37664437211e-06, 2.23564370572e-06, 1.79137737177e-06, 2.31476315093e-06, 2.14569968193e-06, 2.7800974749e-06, 2.63346214524e-06, 2.55135478255e-06, 2.89604236059e-06, 3.07877121486e-06, 3.45495868714e-06, 3.04607624457e-06, 3.26611984747e-06],
        "dvar": [1.75272634806e-06, 7.60317220738e-07, 2.05154691457e-07, 2.02285448836e-07, 1.43815981346e-07, 4.98104277824e-08, 1.07021612905e-07, 3.57461459544e-07, 1.25100584114e-07, 1.22623958987e-07, 4.84406648127e-08, 3.27160556424e-08, 3.77488049708e-08, 1.77500716347e-08, 1.92915265984e-08, 1.22083161358e-08, 8.3128766093e-09, 1.05298534336e-08, 1.40465674647e-08, 1.60584807674e-08, 6.93383306327e-09, 4.35613278782e-09, 5.029073602e-09, 9.2296209564e-10, 4.02637589936e-10, 6.74624578423e-10, 8.42286865255e-11, 3.87289714188e-11, 7.43296917072e-12, 4.9613724587e-12, 8.0072797351e-12, 7.15657437825e-12, 1.36387828115e-11, 2.09986299182e-11, 2.74135540657e-11, 2.42722456717e-11, 2.58443006579e-11, 3.81776554814e-11, 3.93324227355e-11, 2.9825655834e-11],
        "dvar2": [4.63054357169e-06, 1.8807890001e-06, 5.60409205264e-07, 5.31847717866e-07, 3.36766248665e-07, 1.23875935287e-07, 2.60798969975e-07, 9.09943878469e-07, 3.01300872252e-07, 2.94452775051e-07, 1.19194965009e-07, 8.57840802837e-08, 9.61150590228e-08, 4.39617799941e-08, 4.83280970798e-08, 2.94164141934e-08, 2.03953920419e-08, 2.5075909349e-08, 3.18185264803e-08, 4.11512921517e-08, 1.51526151626e-08, 1.03122053119e-08, 1.29086270562e-08, 2.26855290109e-09, 1.0129527217e-09, 1.71989111841e-09, 2.1338965317e-10, 9.64622826061e-11, 1.75582812179e-11, 1.16949245427e-11, 1.8619336975e-11, 1.63377592705e-11, 3.22509068063e-11, 5.25001951635e-11, 6.47410458576e-11, 5.31181418295e-11, 5.4709830416e-11, 8.2343569463e-11, 8.17848774815e-11, 6.02939434491e-11],
        "max": [0.0167353246361, 0.0123066892847, 0.0077763129957, 0.0111312735826, 0.01243371889, 0.00504728779197, 0.0104980161414, 0.017071640119, 0.0105648487806, 0.0104784881696, 0.00753238517791, 0.0054358872585, 0.00623511523008, 0.00406221207231, 0.00401856703684, 0.00277387211099, 0.00163570896257, 0.00218678219244, 0.00272977771237, 0.00362318195403, 0.00242537166923, 0.00167131435592, 0.0038571653422, 0.00101065600757, 0.000644471438136, 0.000684675294906, 0.000262492569163, 0.000202355979127, 7.76657179813e-05, 2.75383736152e-05, 3.51668350049e-05, 3.93486552639e-05, 6.80236917106e-05, 0.000139431387652, 0.000133365174406, 0.000212450933759, 0.00017533711798, 0.000264837406576, 0.000218827626668, 0.000134325702675],
        "mean": [0.00141987903044, 0.000793764251284, 0.00025416482822, 0.000281161366729, 0.000273532466963, 0.00013640767429, 0.000187608617125, 0.000308476592181, 0.00019597481878, 0.00021958258003, 0.000156522539328, 0.000114115442557, 0.000142599907122, 9.42774495343e-05, 8.5321291408e-05, 7.58055102779e-05, 6.33833842585e-05, 7.04256744939e-05, 6.55930271023e-05, 6.72165115247e-05, 5.04953350173e-05, 4.54831679235e-05, 4.11804103351e-05, 2.41983652813e-05, 1.95815482584e-05, 1.69813702087e-05, 7.30380907044e-06, 3.46277533936e-06, 2.24816926675e-06, 1.81457699e-06, 2.24675250138e-06, 2.13181897379e-06, 2.59254329649e-06, 2.34651793107e-06, 2.25429653256e-06, 2.58074510384e-06, 2.54631845564e-06, 2.84378711513e-06, 2.81372058453e-06, 2.78036486634e-06],
        "median": [0.000816234096419, 0.000448964943644, 0.000113766509457, 0.000120545642858, 0.000109945831355, 5.4627940699e-05, 5.75852536713e-05, 8.94436307135e-05, 5.16409854754e-05, 8.37056431919e-05, 6.72626993037e-05, 3.40916994901e-05, 5.30987199454e-05, 4.11253422499e-05, 3.31942101184e-05, 2.57144511124e-05, 2.27580003411e-05, 2.63122365141e-05, 2.10980961128e-05, 1.91379840544e-05, 1.63792155945e-05, 1.54490408022e-05, 1.26362792798e-05, 9.87090425042e-06, 9.00332179299e-06, 5.51442826691e-06, 2.80577091871e-06, 1.49528409565e-06, 1.11386930257e-06, 9.0615606041e-07, 1.06896970919e-06, 9.83166387414e-07, 1.01721764167e-06, 9.49222112467e-07, 7.68748463997e-07, 7.37590880817e-07, 6.06462378983e-07, 5.66497192267e-07, 6.21478477569e-07, 5.65747825476e-07],
        "min": [1.29537602846e-23, 7.57416120678e-24, 2.14983623998e-23, 1.44257305575e-23, 1.36443038775e-23, 9.26878115932e-24, 8.54558582471e-24, 1.11267529061e-23, 3.74250838452e-24, 8.72262356679e-24, 8.22394277897e-24, 1.01463936495e-23, 4.63078114659e-24, 9.787681241e-24, 1.21368861398e-23, 4.74481966791e-24, 4.26462938528e-24, 6.61198440524e-24, 1.00127369464e-23, 8.98236311958e-24, 1.26785858793e-23, 1.6423492401e-23, 5.28674817713e-24, 6.32321989873e-24, 9.20191967558e-24, 8.35524788778e-24, 8.39891055002e-24, 9.51273797198e-24, 1.43687732225e-23, 1.10133667727e-23, 8.65727196281e-24, 9.97527946401e-24, 7.06708062804e-24, 6.53504127913e-24, 8.67232342889e-24, 1.17946814345e-23, 1.14128861671e-23, 1.27028891061e-23, 9.70332834441e-24, 1.22463287575e-23],
        "var": [3.35210370395e-06, 1.1841250398e-06, 2.0552866431e-07, 2.75450389609e-07, 2.73085220215e-07, 7.01619313759e-08, 1.67670449969e-07, 5.55065696517e-07, 2.48344719012e-07, 2.98853052527e-07, 1.01612165793e-07, 5.94789106856e-08, 8.65389822025e-08, 3.02571372401e-08, 3.35300889276e-08, 2.38979627198e-08, 1.37743443318e-08, 1.78380883398e-08, 2.3414223449e-08, 3.21863886654e-08, 1.43119311957e-08, 8.34207014577e-09, 1.25229115966e-08, 2.31887864466e-09, 1.07655662163e-09, 1.5458740954e-09, 2.14817344468e-10, 5.18152222517e-11, 1.13979702412e-11, 6.85946091594e-12, 1.06997145519e-11, 1.00932612962e-11, 1.92974056873e-11, 2.47174589824e-11, 3.45469278185e-11, 3.71333935822e-11, 4.30991041467e-11, 6.04193500786e-11, 6.5484576095e-11, 5.33180860574e-11]
    },
    "mfcc": {
        "mean": [-632.969421387, 102.547737122, -14.5893230438, -0.802653670311, 10.3835725784, -1.899061203, -0.453219920397, 10.1591148376, 1.57839488983, 2.49021816254, 5.15831899643, -0.99214476347, 1.04188907146],
        "cov": [[3198.74975586, -391.152374268, 381.698547363, 174.810440063, 338.515411377, 25.9534683228, 23.0769004822, 6.03131341934, -12.9899816513, 43.9354782104, 93.198387146, 39.615070343, 46.6699905396], [-391.152374268, 855.834472656, 154.760467529, 202.936660767, 112.664916992, 46.445350647, 17.6869373322, 17.7296924591, 1.67948198318, 30.6075363159, 70.0542144775, 21.9686737061, 34.5703964233], [381.698547363, 154.760467529, 1596.44519043, 389.845336914, 425.024414062, 262.26751709, 96.2034378052, -90.4730529785, 41.7433052063, 17.1152629852, 62.705406189, 121.597587585, 68.0914535522], [174.810440063, 202.936660767, 389.845336914, 343.205810547, 223.903320312, 92.0625534058, 38.7067832947, 17.4385948181, 25.4049930573, 27.4626102448, 44.7722129822, 34.1817321777, 54.069152832], [338.515411377, 112.664916992, 425.024414062, 223.903320312, 389.144744873, 112.974273682, 5.70761060715, 0.235662311316, 52.7044677734, 43.9972229004, 59.6499824524, 37.647102356, 47.7062339783], [25.9534683228, 46.445350647, 262.26751709, 92.0625534058, 112.974273682, 183.437515259, 98.9080810547, 26.5271968842, 46.3069114685, 29.9465637207, 19.2138175964, 32.4822387695, 24.568655014], [23.0769004822, 17.6869373322, 96.2034378052, 38.7067832947, 5.70761060715, 98.9080810547, 204.828735352, 108.906547546, 34.9969902039, 26.2514228821, 43.9883499146, 36.7040138245, 13.9630355835], [6.03131341934, 17.7296924591, -90.4730529785, 17.4385948181, 0.235662311316, 26.5271968842, 108.906547546, 158.835464478, 46.2277259827, 12.7995605469, 45.2069244385, 22.0713710785, 7.84279298782], [-12.9899816513, 1.67948198318, 41.7433052063, 25.4049930573, 52.7044677734, 46.3069114685, 34.9969902039, 46.2277259827, 102.110748291, 49.7177238464, 18.1122093201, 18.4866790771, 13.72448349], [43.9354782104, 30.6075363159, 17.1152629852, 27.4626102448, 43.9972229004, 29.9465637207, 26.2514228821, 12.7995605469, 49.7177238464, 107.347564697, 44.8367347717, 9.07418727875, 11.6808805466], [93.198387146, 70.0542144775, 62.705406189, 44.7722129822, 59.6499824524, 19.2138175964, 43.9883499146, 45.2069244385, 18.1122093201, 44.8367347717, 112.86882019, 42.3647918701, 11.3462381363], [39.615070343, 21.9686737061, 121.597587585, 34.1817321777, 37.647102356, 32.4822387695, 36.7040138245, 22.0713710785, 18.4866790771, 9.07418727875, 42.3647918701, 81.0607528687, 26.6558132172], [46.6699905396, 34.5703964233, 68.0914535522, 54.069152832, 47.7062339783, 24.568655014, 13.9630355835, 7.84279298782, 13.72448349, 11.6808805466, 11.3462381363, 26.6558132172, 72.8634033203]],
