{
"lowlevel": {
    "average_loudness": 0.848671317101,
    "barkbands_crest": {
        "dmean": 2.43797779083,
        "dmean2": 4.06320285797,
        "dvar": 4.89079475403,
        "dvar2": 13.6950187683,
        "max": 23.9747905731,
        "mean": 8.7868347168,
        "median": 8.02265930176,
        "min": 2.28903722763,
        "var": 12.5032320023
    },
    "barkbands_flatness_db": {
        "dmean": 0.0184813048691,
        "dmean2": 0.0291035640985,
        "dvar": 0.000276523438515,
        "dvar2": 0.000696492556017,
        "max": 0.291056901217,
        "mean": 0.120775982738,
        "median": 0.113122493029,
        "min": 0.0329761393368,
        "var": 0.00169059983455
    },
    "barkbands_kurtosis": {
        "dmean": 1.37801158428,
        "dmean2": 2.23901581764,
        "dvar": 6.43557310104,
        "dvar2": 17.0589294434,
        "max": 86.5741577148,
        "mean": 1.35209989548,
        "median": 0.144456028938,
        "min": -1.93679893017,
        "var": 13.9783811569
    },
    "barkbands_skewness": {
        "dmean": 0.398188650608,
        "dmean2": 0.634030401707,
        "dvar": 0.156224817038,
        "dvar2": 0.397111147642,
        "max": 8.32697296143,
        "mean": 0.873127937317,
        "median": 0.72578394413,
        "min": -2.53710579872,
        "var": 0.831909298897
    },
    "barkbands_spread": {
        "dmean": 5.32391691208,
        "dmean2": 8.24498653412,
        "dvar": 38.4727096558,
        "dvar2": 80.0885772705,
        "max": 119.827697754,
        "mean": 26.4203929901,
        "median": 25.520740509,
        "min": 2.3082909584,
        "var": 198.367111206
    },
    "dissonance": {
        "dmean": 0.0164938904345,
        "dmean2": 0.0279906224459,
        "dvar": 0.000264735077508,
        "dvar2": 0.000716815004125,
        "max": 0.500000119209,
        "mean": 0.471464812756,
        "median": 0.477626979351,
        "min": 0.224582850933,
        "var": 0.000549268850591
    },
    "dynamic_complexity": 3.20536708832,
    "erbbands_crest": {
        "dmean": 2.7516784668,
        "dmean2": 4.50155735016,
        "dvar": 6.49396657944,
        "dvar2": 16.3817768097,
        "max": 29.4595527649,
        "mean": 9.10063838959,
        "median": 8.08028411865,
        "min": 2.57347178459,
        "var": 18.5626544952
    },
    "erbbands_flatness_db": {
        "dmean": 0.0167060494423,
        "dmean2": 0.0254358369857,
        "dvar": 0.000234543360421,
        "dvar2": 0.000506828015205,
        "max": 0.343729823828,
        "mean": 0.156282618642,
        "median": 0.151570796967,
        "min": 0.049092553556,
        "var": 0.00253980862908
    },
    "erbbands_kurtosis": {
        "dmean": 0.901510953903,
        "dmean2": 1.45477735996,
        "dvar": 1.3471326828,
        "dvar2": 3.36253714561,
        "max": 24.0918445587,
        "mean": 0.781670451164,
        "median": 0.218396067619,
        "min": -1.71231007576,
        "var": 3.76857113838
    },
    "erbbands_skewness": {
        "dmean": 0.332032591105,
        "dmean2": 0.517145991325,
        "dvar": 0.0829218402505,
        "dvar2": 0.192270085216,
        "max": 4.16190958023,
        "mean": 0.194018766284,
        "median": 0.15898783505,
        "min": -3.52398395538,
        "var": 0.578480184078
    },
    "erbbands_spread": {
        "dmean": 6.08198690414,
        "dmean2": 9.44167041779,
        "dvar": 42.1681289673,
        "dvar2": 96.5626678467,
        "max": 134.343780518,
        "mean": 29.870475769,
        "median": 27.0008392334,
        "min": 5.89547348022,
        "var": 222.135803223
    },
    "hfc": {
        "dmean": 6.53398370743,
        "dmean2": 9.93986701965,
        "dvar": 73.8096923828,
        "dvar2": 164.146560669,
        "max": 178.110244751,
        "mean": 24.6081829071,
        "median": 19.7956314087,
        "min": 1.1774037223e-16,
        "var": 407.588287354
    },
    "melbands_crest": {
        "dmean": 3.07146787643,
        "dmean2": 5.09928560257,
        "dvar": 7.8081612587,
        "dvar2": 20.9725437164,
        "max": 33.9701423645,
        "mean": 12.4762916565,
        "median": 11.7463665009,
        "min": 1.4180880785,
        "var": 21.6425609589
    },
    "melbands_flatness_db": {
        "dmean": 0.0217814184725,
        "dmean2": 0.0347367674112,
        "dvar": 0.000435618654592,
        "dvar2": 0.00110639585182,
        "max": 0.407229304314,
        "mean": 0.17162746191,
        "median": 0.1634324193,
        "min": 0.000387040170608,
        "var": 0.00255432119593
    },
    "melbands_kurtosis": {
        "dmean": 3.30822777748,
        "dmean2": 5.37026643753,
        "dvar": 37.536895752,
        "dvar2": 102.368911743,
        "max": 158.378890991,
        "mean": 5.62941646576,
        "median": 2.51508283615,
        "min": -1.73766279221,
        "var": 85.8976898193
    },
    "melbands_skewness": {
        "dmean": 0.531410753727,
        "dmean2": 0.847803115845,
        "dvar": 0.301970511675,
        "dvar2": 0.798144340515,
        "max": 10.3915615082,
        "mean": 1.72458124161,
        "median": 1.47620999813,
        "min": -0.922891259193,
        "var": 1.6016472578
    },
    "melbands_spread": {
        "dmean": 6.79039573669,
        "dmean2": 10.7624416351,
        "dvar": 56.2755737305,
        "dvar2": 120.412567139,
        "max": 255.565002441,
        "mean": 30.7967243195,
        "median": 29.6028900146,
        "min": 1.44591140747,
        "var": 269.656555176
    },
    "pitch_salience": {
        "dmean": 0.0662660896778,
        "dmean2": 0.109933614731,
        "dvar": 0.00333938002586,
        "dvar2": 0.00926128402352,
        "max": 0.980437397957,
        "mean": 0.567899048328,
        "median": 0.567605733871,
        "min": 0.159252882004,
        "var": 0.00946844089776
    },
    "silence_rate_20dB": {
        "dmean": 0,
        "dmean2": 0,
        "dvar": 0,
        "dvar2": 0,
        "max": 1,
        "mean": 1,
        "median": 1,
        "min": 1,
        "var": 0
    },
    "silence_rate_30dB": {
        "dmean": 0.001215805416,
        "dmean2": 0.00243190652691,
        "dvar": 0.00121437490452,
        "dvar2": 0.00315542495809,
        "max": 1,
        "mean": 0.998905897141,
        "median": 1,
        "min": 0,
        "var": 0.00109292007983
    },
    "silence_rate_60dB": {
        "dmean": 0.0162917934358,
        "dmean2": 0.0325875468552,
        "dvar": 0.0160216800869,
        "dvar2": 0.0380973108113,
        "max": 1,
        "mean": 0.0449793338776,
        "median": 0,
        "min": 0,
        "var": 0.042948871851
    },
    "spectral_centroid": {
        "dmean": 198.689880371,
        "dmean2": 308.922637939,
        "dvar": 61505.7890625,
        "dvar2": 114544.046875,
        "max": 11226.6552734,
        "mean": 1515.84887695,
        "median": 1550.00231934,
        "min": 276.116271973,
        "var": 253204.171875
    },
    "spectral_complexity": {
        "dmean": 3.66589665413,
        "dmean2": 5.90175104141,
        "dvar": 12.8220853806,
        "dvar2": 30.123670578,
        "max": 58,
        "mean": 22.4162406921,
        "median": 23,
        "min": 0,
        "var": 89.698600769
    },
    "spectral_decrease": {
        "dmean": 1.70217451245e-09,
        "dmean2": 2.72839906224e-09,
        "dvar": 4.99764948517e-18,
        "dvar2": 1.25535609826e-17,
        "max": 2.64349773789e-29,
        "mean": -5.99207927721e-09,
        "median": -5.09725461839e-09,
        "min": -3.75025237531e-08,
        "var": 1.78384476947e-17
    },
    "spectral_energy": {
        "dmean": 0.00688104471192,
        "dmean2": 0.0109979854897,
        "dvar": 7.99489425845e-05,
        "dvar2": 0.000198730325792,
        "max": 0.156174391508,
        "mean": 0.0248475410044,
        "median": 0.0209544487298,
        "min": 1.06540450922e-20,
        "var": 0.000303034874378
    },
    "spectral_energyband_high": {
        "dmean": 0.000315844226861,
        "dmean2": 0.00048137610429,
        "dvar": 4.05322793995e-07,
        "dvar2": 9.06438117454e-07,
        "max": 0.0178037174046,
        "mean": 0.000703046796843,
        "median": 0.000412153836805,
        "min": 7.65126476196e-21,
        "var": 1.04281559743e-06
    },
    "spectral_energyband_low": {
        "dmean": 0.00328464619815,
        "dmean2": 0.00567397568375,
        "dvar": 3.30887560267e-05,
        "dvar2": 9.63528000284e-05,
        "max": 0.0692950636148,
        "mean": 0.00671552633867,
        "median": 0.00523218419403,
        "min": 2.5431187422e-23,
        "var": 3.91130306525e-05
    },
    "spectral_energyband_middle_high": {
        "dmean": 0.00283371238038,
        "dmean2": 0.00437331665307,
        "dvar": 1.85948538274e-05,
        "dvar2": 4.50476909464e-05,
        "max": 0.103103995323,
        "mean": 0.0091600175947,
        "median": 0.00575727690011,
        "min": 1.43918178059e-21,
        "var": 0.000102240526758
    },
    "spectral_energyband_middle_low": {
        "dmean": 0.00345348846167,
        "dmean2": 0.00541077135131,
        "dvar": 2.55201684922e-05,
        "dvar2": 5.95429301029e-05,
        "max": 0.0910273715854,
        "mean": 0.00883924867958,
        "median": 0.00622601853684,
        "min": 3.20664056742e-22,
        "var": 8.25240058475e-05
    },
    "spectral_entropy": {
        "dmean": 0.138065412641,
        "dmean2": 0.2034920156,
        "dvar": 0.0195167139173,
        "dvar2": 0.0391537733376,
        "max": 9.80613422394,
        "mean": 7.71876955032,
        "median": 7.72669219971,
        "min": 6.11149597168,
        "var": 0.113653644919
    },
    "spectral_flux": {
        "dmean": 0.0182405095547,
        "dmean2": 0.0287495087832,
        "dvar": 0.000389039254515,
        "dvar2": 0.000841152272187,
        "max": 0.258541554213,
        "mean": 0.0824420303106,
        "median": 0.0768622681499,
        "min": 6.5964886331e-11,
        "var": 0.00148259534035
    },
    "spectral_kurtosis": {
        "dmean": 1.4647974968,
        "dmean2": 2.4074447155,
        "dvar": 2.63074350357,
        "dvar2": 7.48333501816,
        "max": 25.6172790527,
        "mean": 5.49287414551,
        "median": 5.10733938217,
        "min": -1.23339414597,
        "var": 7.13243722916
    },
    "spectral_rms": {
        "dmean": 0.000640644691885,
        "dmean2": 0.00101190339774,
        "dvar": 4.82692485093e-07,
        "dvar2": 1.17173647141e-06,
        "max": 0.0123436320573,
        "mean": 0.00461734831333,
        "median": 0.00452143372968,
        "min": 3.22400222838e-12,
        "var": 2.92156414616e-06
    },
    "spectral_rolloff": {
        "dmean": 388.637268066,
        "dmean2": 643.692993164,
        "dvar": 612639.125,
        "dvar2": 1190065.625,
        "max": 19379.8828125,
        "mean": 1743.05456543,
        "median": 1593.45703125,
        "min": 86.1328125,
        "var": 2090848.875
    },
    "spectral_skewness": {
        "dmean": 0.189048528671,
        "dmean2": 0.303316503763,
        "dvar": 0.0383026637137,
        "dvar2": 0.0941574126482,
        "max": 3.91325211525,
        "mean": 1.77453756332,
        "median": 1.76436233521,
        "min": 0.0111672095954,
        "var": 0.128316000104
    },
    "spectral_spread": {
        "dmean": 531829.4375,
        "dmean2": 764172.125,
        "dvar": 763774959616,
        "dvar2": 1.40963191194e+12,
        "max": 50232640,
        "mean": 4459062,
        "median": 4249729,
        "min": 1807936.875,
        "var": 3.25867719885e+12
    },
    "spectral_strongpeak": {
        "dmean": 0.828827023506,
        "dmean2": 1.41869270802,
        "dvar": 1.70918083191,
        "dvar2": 4.31571531296,
        "max": 20.3473873138,
        "mean": 1.24014556408,
        "median": 0.345518648624,
        "min": 0,
        "var": 3.04816794395
    },
    "zerocrossingrate": {
        "dmean": 0.00911646336317,
        "dmean2": 0.0106844175607,
        "dvar": 0.000158102935529,
        "dvar2": 0.000166895755683,
        "max": 0.57275390625,
        "mean": 0.0686833560467,
        "median": 0.0654296875,
        "min": 0.00927734375,
        "var": 0.00134883075953
    },
    "barkbands": {
        "dmean": [0.000242033565883, 0.00255544693209, 0.000851078948472, 0.000618019956164, 0.000854450452607, 0.000765861070249, 0.000516762665939, 0.000997586525045, 0.00128397054505, 0.000823339738417, 0.000882631517015, 0.00067039206624, 0.000617022975348, 0.000606619054452, 0.000569871335756, 0.000384116458008, 0.000372681039153, 0.000207200544537, 0.000112499474199, 9.04375410755e-05, 4.65396406071e-05, 5.15955798619e-05, 7.83362993388e-05, 5.61097949685e-05, 5.96441641392e-05, 4.00868375436e-05, 4.41357101977e-08],
        "dmean2": [0.000390285887988, 0.00448353216052, 0.00145501503721, 0.00106022821274, 0.00139487115666, 0.00125335832126, 0.000820921384729, 0.00157820840832, 0.00197487347759, 0.00134140218142, 0.00145469536074, 0.00109807541594, 0.000991017441265, 0.000968112493865, 0.000907170993742, 0.000601508654654, 0.000597357575316, 0.000330561713781, 0.000181824565516, 0.000150148713146, 7.76137894718e-05, 8.67117560119e-05, 0.00012651317229, 8.38232008391e-05, 8.85189656401e-05, 6.00726452831e-05, 7.83392835046e-08],
        "dvar": [1.55546899805e-07, 2.18890672841e-05, 2.51873962043e-06, 2.16465105041e-06, 3.06521178572e-06, 2.65459811999e-06, 9.4962484809e-07, 6.13334032096e-06, 8.86499947228e-06, 4.34883713751e-06, 7.1478011705e-06, 3.19689706885e-06, 2.27299142352e-06, 1.61695913903e-06, 2.08093888432e-06, 8.12634766589e-07, 4.29878838304e-07, 1.03866383938e-07, 2.74648126464e-08, 2.44998616949e-08, 7.34720018158e-09, 9.39351441076e-09, 2.15132480719e-08, 3.69669344025e-08, 3.0148704866e-08, 9.82793935123e-09, 2.08950712229e-14],
        "dvar2": [3.68895655356e-07, 6.62861712044e-05, 6.94816571922e-06, 5.79039897275e-06, 7.59576141718e-06, 6.33661011307e-06, 2.24065729526e-06, 1.40761003422e-05, 1.96314522327e-05, 1.0974234101e-05, 1.79365615622e-05, 8.61494663695e-06, 5.61158503842e-06, 3.85432667827e-06, 4.94265987072e-06, 1.81029884061e-06, 1.00919328361e-06, 2.53808366324e-07, 7.06437575104e-08, 6.44954454287e-08, 1.8989995354e-08, 2.52909693188e-08, 5.49535279504e-08, 6.8012802501e-08, 5.56233992199e-08, 2.03778487418e-08, 5.96225000794e-14],
        "max": [0.00568179786205, 0.0575396716595, 0.0220029428601, 0.0414273105562, 0.0440221466124, 0.0660329908133, 0.0221139639616, 0.0544449463487, 0.0811880528927, 0.0583748631179, 0.0595915801823, 0.0540272369981, 0.0429107137024, 0.0352366492152, 0.0461288169026, 0.0228372532874, 0.0135147655383, 0.00912908837199, 0.00312091992237, 0.00404262216762, 0.00132822874002, 0.00116767431609, 0.00226604077034, 0.00828270055354, 0.00613764440641, 0.00399818224832, 3.66325366485e-06],
        "mean": [0.00038403403596, 0.00472208298743, 0.00124222412705, 0.000786630902439, 0.00155042763799, 0.00127798458561, 0.000840000109747, 0.00166048621759, 0.00232948269695, 0.00136382062919, 0.00138474931009, 0.00112018943764, 0.00102861865889, 0.00110850355122, 0.000994976377115, 0.000748380552977, 0.000805508461781, 0.000441084383056, 0.000258066109382, 0.000186303994269, 9.28617373575e-05, 0.000100203164038, 0.000124732541735, 0.000110543012852, 0.000115714487038, 6.99083902873e-05, 3.21825019967e-08],
        "median": [0.000184311327757, 0.00359590025619, 0.000798838795163, 0.000260358589003, 0.000772226310801, 0.000643043895252, 0.000359621626558, 0.000420315365773, 0.000634459429421, 0.0004100096412, 0.00027854955988, 0.000342995743267, 0.000353338371497, 0.000334377400577, 0.000335119548254, 0.000345678767189, 0.000408416526625, 0.000267522846116, 0.000168939965079, 0.000105161641841, 5.45921611774e-05, 5.33343772986e-05, 5.90284726059e-05, 4.90488928335e-05, 4.95659005537e-05, 3.07554691972e-05, 2.4321265002e-09],
        "min": [5.10463411514e-24, 2.85069620079e-24, 2.00186076474e-24, 1.95177519701e-23, 1.76175327775e-23, 1.05563812281e-23, 1.91630643299e-23, 2.16422380071e-23, 5.18991274001e-23, 3.91819733222e-23, 3.37751806312e-23, 5.55809305713e-23, 4.45341736831e-23, 4.86076778482e-23, 5.78320366723e-23, 1.11158516372e-22, 1.99698497326e-22, 1.85210517754e-22, 1.98231014094e-22, 2.37668013525e-22, 4.44872162644e-22, 4.22683436511e-22, 4.30894153248e-22, 8.29277392217e-22, 1.10584667396e-21, 1.51325412827e-21, 2.16233534343e-21],
        "var": [2.94057798556e-07, 2.34734325204e-05, 2.56959424405e-06, 2.74890999208e-06, 6.40257712803e-06, 5.27523161509e-06, 2.10338930628e-06, 1.66905028891e-05, 3.16768309858e-05, 1.03605898403e-05, 1.44252690006e-05, 6.97706218489e-06, 4.97562950841e-06, 4.90730508318e-06, 4.28740440839e-06, 2.11336487155e-06, 1.41624855132e-06, 2.81866562091e-07, 8.04283217803e-08, 5.49354339796e-08, 1.48244838627e-08, 1.75274479375e-08, 3.27255662569e-08, 9.73932046122e-08, 9.01552468235e-08, 2.65104898034e-08, 1.43648757982e-14]
    },
    "erbbands": {
        "dmean": [0.0930643305182, 0.533073425293, 0.9894130826, 1.44997882843, 2.0943748951, 3.21672844887, 5.99279880524, 6.18616199493, 6.44162416458, 12.8034067154, 22.0672092438, 28.9723796844, 24.9319152832, 28.968996048, 32.3828620911, 24.0796375275, 25.314037323, 31.5462684631, 25.6028175354, 24.1187839508, 19.5301971436, 18.2917137146, 11.1687746048, 7.48192024231, 4.64492607117, 4.4243888855, 2.20079851151, 1.89008796215, 1.8049916029, 1.784678936, 2.30233287811, 1.54099237919, 0.885401844978, 0.675823271275, 0.425136804581, 0.214062467217, 0.0660372823477, 0.00718264142051, 0.000133164649014, 1.25308570205e-05],
        "dmean2": [0.159577414393, 0.935519874096, 1.69552612305, 2.48735451698, 3.56293773651, 5.27196550369, 9.64736557007, 10.1755285263, 10.3376312256, 19.7645339966, 34.6273193359, 44.7172317505, 39.3108978271, 47.6008377075, 53.1819915771, 39.451789856, 40.7327232361, 50.1676177979, 40.4118270874, 37.7814903259, 30.3918552399, 29.250623703, 17.930185318, 12.1909599304, 7.48264789581, 7.37983608246, 3.66510748863, 3.17692494392, 3.02903270721, 3.02085042, 3.68160223961, 2.30423569679, 1.33256018162, 1.01437354088, 0.636919260025, 0.324381411076, 0.0999990478158, 0.0113614685833, 0.000208003315493, 1.97152075998e-05],
        "dvar": [0.0278653185815, 1.03207802773, 3.6149494648, 9.92707443237, 32.7150115967, 50.5896072388, 132.444030762, 240.502029419, 166.502716064, 1054.68579102, 2963.90820312, 4996.86083984, 4320.12841797, 5653.046875, 9346.828125, 3427.57421875, 3353.81469727, 4760.90429688, 3341.05493164, 3679.36083984, 1739.71972656, 1045.8536377, 279.386871338, 122.680732727, 51.997379303, 68.517288208, 15.9473896027, 13.8970565796, 10.4244508743, 14.1299762726, 18.9338855743, 20.8057327271, 8.67878437042, 3.59178853035, 1.87735962868, 0.397261321545, 0.0246143676341, 0.000228359218454, 7.91389282995e-08, 3.50360629398e-10],
        "dvar2": [0.0822116062045, 3.0868434906, 10.0171918869, 26.9261112213, 87.6404876709, 117.489860535, 336.148864746, 534.158874512, 395.663909912, 2195.53442383, 6887.09570312, 11068.4638672, 9742.50878906, 14834.7021484, 25125.5546875, 8732.33300781, 8348.92578125, 11290.8417969, 8034.77099609, 8686.76074219, 3923.52441406, 2480.35473633, 712.926574707, 320.307250977, 133.743484497, 185.754638672, 40.9261322021, 37.0158195496, 27.9401607513, 38.4280014038, 47.6150741577, 41.3057441711, 17.1246757507, 6.67849779129, 3.57170391083, 0.835394859314, 0.0498121716082, 0.000529025797732, 1.79528612421e-07, 7.97708732403e-10],
        "max": [1.6933400631, 13.3913602829, 26.786529541, 68.3478012085, 186.717453003, 215.449829102, 244.981994629, 776.390014648, 304.998199463, 991.382995605, 1540.82263184, 2152.26049805, 2111.29003906, 1911.20483398, 2418.0324707, 2029.16357422, 1236.32568359, 1943.21105957, 1777.37072754, 1448.98364258, 1402.53552246, 670.093200684, 409.765808105, 222.554229736, 160.257080078, 257.321044922, 69.6986236572, 48.659526825, 45.2491073608, 47.9119033813, 79.6639633179, 171.217651367, 129.956100464, 68.858505249, 52.8752746582, 29.9577331543, 7.85058164597, 0.454878300428, 0.00889216270298, 0.000501974078361],
        "mean": [0.164386689663, 0.934457182884, 1.60130250454, 2.0614862442, 2.90134811401, 5.69975757599, 10.3810501099, 10.206618309, 11.0168952942, 22.3821201324, 38.4964637756, 53.0768280029, 45.4465065002, 50.5694046021, 55.2642478943, 43.628200531, 45.5633049011, 61.2297668457, 49.996837616, 46.8048782349, 44.6579246521, 42.008846283, 25.7246932983, 17.9952754974, 11.0290260315, 9.07931900024, 4.57134008408, 3.62806034088, 3.62539291382, 3.04537963867, 3.5927324295, 2.79541707039, 1.73506009579, 1.34458184242, 0.776209533215, 0.365461498499, 0.115704268217, 0.0111134126782, 0.000225085066631, 4.08352898376e-05],
        "median": [0.113112792373, 0.695429205894, 1.12431287766, 0.983788430691, 1.27066802979, 2.52342009544, 4.59789657593, 5.02176856995, 4.96615886688, 7.60845994949, 12.1522960663, 15.2819976807, 14.170217514, 14.3596858978, 13.4741287231, 14.8383932114, 17.4729804993, 20.1800193787, 19.2216491699, 18.4478225708, 21.731420517, 23.1807289124, 16.7959880829, 12.2107048035, 7.1802110672, 5.00089645386, 2.67553544044, 2.01961135864, 1.95115113258, 1.56769347191, 1.62529921532, 1.2940967083, 0.769566297531, 0.594710111618, 0.316548377275, 0.15523417294, 0.04928143695, 0.00415418064222, 9.88213869277e-05, 3.41104750987e-05],
        "min": [3.78808987203e-23, 8.36070027348e-22, 4.00389949651e-21, 2.94706648482e-20, 3.62893214327e-20, 9.50914618352e-20, 1.71090044169e-19, 1.10896123918e-19, 3.38248395489e-19, 2.0850341035e-19, 8.19492589145e-19, 9.01762421906e-19, 1.76548198026e-18, 1.97110460488e-18, 6.70780300861e-19, 2.16524306746e-18, 1.63936733573e-18, 2.13620054936e-18, 3.43138899236e-18, 5.64718065346e-18, 7.72659070428e-18, 1.1341112728e-17, 9.55432154115e-18, 1.03577372547e-17, 9.13591787089e-18, 1.11323563296e-17, 1.26229961776e-17, 1.42609163609e-17, 1.32284220756e-17, 1.41268932493e-17, 1.28851752087e-17, 1.64230539855e-17, 1.20016495343e-17, 1.2482029712e-17, 7.88331247904e-18, 5.14452987858e-18, 2.83319947711e-18, 1.29056719171e-18, 2.94483897791e-19, 3.38208303079e-20],
        "var": [0.0335699208081, 1.04797875881, 3.64323973656, 11.9925928116, 37.0236091614, 128.527893066, 297.172698975, 489.202941895, 360.532897949, 3285.25976562, 7824.26708984, 17156.0917969, 12384.5683594, 12887.9101562, 18954.296875, 8219.59179688, 7315.81103516, 14538.1943359, 7694.28662109, 7958.83789062, 6229.53222656, 3483.07739258, 797.40222168, 386.773071289, 146.58694458, 139.812026978, 36.133102417, 24.0447273254, 22.4667682648, 19.3256492615, 29.4046287537, 47.6325187683, 22.3949584961, 11.2548742294, 4.86801815033, 0.907253146172, 0.0745485052466, 0.000496885622852, 1.85438523204e-07, 1.14968035092e-09]
    },
    "gfcc": {
        "mean": [13.9250411987, 82.2109832764, -127.51512146, 21.809923172, -47.9873123169, 23.4680538177, -39.8865737915, 22.6590251923, -20.9708938599, 7.61319446564, -15.5518379211, 6.1213054657, -11.5338373184],
        "cov": [[5100.25537109, -841.226257324, 632.868041992, 239.378723145, -106.691520691, 349.1222229, -94.9011230469, 257.609436035, 6.64259290695, 355.589202881, -47.5437164307, 221.569656372, -136.470901489], [-841.226257324, 1040.85217285, 202.533584595, 133.313293457, 215.456665039, -126.312133789, 48.090549469, -71.7063674927, 2.63441824913, -38.9921951294, 85.6229095459, -58.0702514648, 47.9806213379], [632.868041992, 202.533584595, 1341.56738281, 460.744842529, 214.468826294, 123.345054626, -153.120697021, 67.3231658936, -55.3191070557, 194.507263184, 21.4257392883, 100.99206543, -71.9130020142], [239.378723145, 133.313293457, 460.744842529, 371.332702637, 153.130905151, 14.3025484085, -70.6890945435, 11.9747447968, 4.07451057434, 60.2243270874, 11.1389474869, 49.033203125, 2.1265501976], [-106.691520691, 215.456665039, 214.468826294, 153.130905151, 217.943954468, 11.007730484, -27.2389526367, 4.17838287354, 3.62509584427, 41.6659584045, 13.6990060806, 12.5260925293, 8.38245391846], [349.1222229, -126.312133789, 123.345054626, 14.3025484085, 11.007730484, 192.680938721, 87.2873458862, 29.9662265778, -21.4017524719, 40.4922370911, 5.90370845795, 25.5114784241, -24.9286422729], [-94.9011230469, 48.090549469, -153.120697021, -70.6890945435, -27.2389526367, 87.2873458862, 220.424606323, 8.45438766479, -20.8541908264, -31.1290683746, 15.5061168671, -3.52933549881, -4.67444372177], [257.609436035, -71.7063674927, 67.3231658936, 11.9747447968, 4.17838287354, 29.9662265778, 8.45438766479, 102.209281921, 34.1696968079, 28.709022522, -5.15605020523, 7.67889738083, -4.9065079689], [6.64259290695, 2.63441824913, -55.3191070557, 4.07451057434, 3.62509584427, -21.4017524719, -20.8541908264, 34.1696968079, 100.6616745, 25.8892650604, -3.78262114525, -10.5384664536, 9.42957687378], [355.589202881, -38.9921951294, 194.507263184, 60.2243270874, 41.6659584045, 40.4922370911, -31.1290683746, 28.709022522, 25.8892650604, 115.193405151, 21.9527645111, 27.9619293213, -20.6451663971], [-47.5437164307, 85.6229095459, 21.4257392883, 11.1389474869, 13.6990060806, 5.90370845795, 15.5061168671, -5.15605020523, -3.78262114525, 21.9527645111, 64.004119873, 20.9960269928, 5.76075744629], [221.569656372, -58.0702514648, 100.99206543, 49.033203125, 12.5260925293, 25.5114784241, -3.52933549881, 7.67889738083, -10.5384664536, 27.9619293213, 20.9960269928, 83.4718170166, 9.05810928345], [-136.470901489, 47.9806213379, -71.9130020142, 2.1265501976, 8.38245391846, -24.9286422729, -4.67444372177, -4.9065079689, 9.42957687378, -20.6451663971, 5.76075744629, 9.05810928345, 61.7152137756]],
        "icov": [[0.000430585932918, -0.000245310453465, 0.000407097715652, -0.000516643107403, 0.000774130690843, -0.000727350590751, 0.000560117827263, -0.00100141519215, 0.000744334422052, -0.00146331707947, 0.00111825612839, -0.00104785338044, 0.000645077205263], [-0.000245310453465, 0.00316533446312, -0.0018122253241, 0.00097965518944, -0.00309967179783, 0.00317200645804, -0.00288880825974, 0.00257505569607, -0.00216258061118, 0.00307339732535, -0.00492733856663, 0.00378228025511, -0.0021972337272], [0.000407097715652, -0.0018122253241, 0.00339665170759, -0.00286129768938, 0.00185669725761, -0.0028414176777, 0.00299099227414, -0.0031400595326, 0.00367484963499, -0.00439125066623, 0.0034150343854, -0.0030185575597, 0.00303642801009], [-0.000516643107403, 0.00097965518944, -0.00286129768938, 0.00699565093964, -0.00404946086928, 0.00191497826017, -0.00123602000531, 0.00259420694783, -0.00317959603854, 0.00354541698471, -0.00206005317159, 0.000307304464513, -0.00222404580563], [0.000774130690843, -0.00309967179783, 0.00185669725761, -0.00404946086928, 0.0106167765334, -0.00377949234098, 0.00297116837464, -0.00323673291132, 0.00311911478639, -0.00614668009803, 0.00510612502694, -0.00301817012951, 0.000857331440784], [-0.000727350590751, 0.00317200645804, -0.0028414176777, 0.00191497826017, -0.00377949234098, 0.0125825144351, -0.00752426311374, 0.00228337291628, -0.00121423078235, 0.00140631606337, -0.00396230025217, 0.00319911143743, -0.00168766907882], [0.000560117827263, -0.00288880825974, 0.00299099227414, -0.00123602000531, 0.00297116837464, -0.00752426311374, 0.0105987116694, -0.00426555611193, 0.0033542860765, -0.00125000823755, 0.00219753012061, -0.00378005299717, 0.00345214107074], [-0.00100141519215, 0.00257505569607, -0.0031400595326, 0.00259420694783, -0.00323673291132, 0.00228337291628, -0.00426555611193, 0.016729157418, -0.00828344933689, 0.00403315387666, -0.00350033608265, 0.00362270977348, -0.00318599864841], [0.000744334422052, -0.00216258061118, 0.00367484963499, -0.00317959603854, 0.00311911478639, -0.00121423078235, 0.0033542860765, -0.00828344933689, 0.0179756805301, -0.0102073680609, 0.00562569964677, -0.00096233934164, -0.00014473812189], [-0.00146331707947, 0.00307339732535, -0.00439125066623, 0.00354541698471, -0.00614668009803, 0.00140631606337, -0.00125000823755, 0.00403315387666, -0.0102073680609, 0.0243935771286, -0.0125598143786, 0.0028865726199, 0.00123314745724], [0.00111825612839, -0.00492733856663, 0.0034150343854, -0.00206005317159, 0.00510612502694, -0.00396230025217, 0.00219753012061, -0.00350033608265, 0.00562569964677, -0.0125598143786, 0.0287995636463, -0.0109811555594, 0.00181036954746], [-0.00104785338044, 0.00378228025511, -0.0030185575597, 0.000307304464513, -0.00301817012951, 0.00319911143743, -0.00378005299717, 0.00362270977348, -0.00096233934164, 0.0028865726199, -0.0109811555594, 0.0224136989564, -0.00823375675827], [0.000645077205263, -0.0021972337272, 0.00303642801009, -0.00222404580563, 0.000857331440784, -0.00168766907882, 0.00345214107074, -0.00318599864841, -0.00014473812189, 0.00123314745724, 0.00181036954746, -0.00823375675827, 0.0236371289939]]
    },
    "melbands": {
        "dmean": [0.000751413812395, 0.000545163929928, 0.000265431765001, 0.000176087327418, 0.000193032552488, 0.000137759605423, 9.92920977296e-05, 0.000158319220645, 0.000190238541109, 0.000186173623661, 0.000128237370518, 0.000120000986499, 0.000116301664093, 8.35656537674e-05, 5.54506368644e-05, 6.37310367892e-05, 6.29660789855e-05, 4.34105168097e-05, 4.41689553554e-05, 2.97513615806e-05, 2.47247735388e-05, 2.22208145715e-05, 1.68252172443e-05, 8.78715491126e-06, 6.48714649287e-06, 4.30397903983e-06, 3.54365442945e-06, 3.09150004796e-06, 1.62824676408e-06, 1.13848341243e-06, 1.18855746223e-06, 1.09007783067e-06, 1.05891126623e-06, 1.06061497718e-06, 1.26588383864e-06, 1.53469420638e-06, 8.12530061012e-07, 6.04572733209e-07, 7.18993703686e-07, 5.62083187106e-07],
        "dmean2": [0.00131056411192, 0.000937788165174, 0.000452655833215, 0.000291756266961, 0.000311649171636, 0.000226035408559, 0.000159140152391, 0.000245683710091, 0.00029543886194, 0.000287953618681, 0.000202253533644, 0.000197835164727, 0.000190459817532, 0.000137634458952, 8.87472633622e-05, 0.00010403367196, 9.99186740955e-05, 6.89245134708e-05, 6.94642803865e-05, 4.69898950541e-05, 3.90239511034e-05, 3.55931260856e-05, 2.70062482741e-05, 1.41467144203e-05, 1.06738525574e-05, 6.98678104527e-06, 5.82886968914e-06, 5.20518551639e-06, 2.73072510026e-06, 1.95240068024e-06, 1.99568899006e-06, 1.83917393315e-06, 1.79363860298e-06, 1.82028236395e-06, 2.08053211281e-06, 2.38114716922e-06, 1.21756909266e-06, 9.2174383326e-07, 1.1159817177e-06, 8.53151334468e-07],
        "dvar": [1.86201077668e-06, 1.08316885417e-06, 3.62865762327e-07, 1.78983114552e-07, 1.20284724403e-07, 1.04165124526e-07, 3.66634722582e-08, 1.64199406072e-07, 2.00615716039e-07, 2.09669721585e-07, 1.16439316855e-07, 9.36403665719e-08, 1.22546438774e-07, 5.27411749829e-08, 1.77618435515e-08, 2.65241730801e-08, 1.96602361058e-08, 9.1099128241e-09, 1.54782213713e-08, 5.8919611412e-09, 2.77365197476e-09, 1.89006743589e-09, 7.27134130685e-10, 1.7991183543e-10, 9.69136160212e-11, 4.84453831218e-11, 3.43853071016e-11, 3.54788108614e-11, 9.04825953746e-12, 4.82362630741e-12, 5.36353557054e-12, 3.59449557792e-12, 4.07108981942e-12, 5.59406991216e-12, 6.27223316688e-12, 8.97824349588e-12, 9.47721155026e-12, 4.59240458162e-12, 4.04140046081e-12, 2.61380262052e-12],
        "dvar2": [5.62718059882e-06, 3.04510786009e-06, 9.73888063527e-07, 4.53848286952e-07, 3.01596543295e-07, 2.36437401213e-07, 8.6966522872e-08, 3.51460641923e-07, 4.52086140967e-07, 4.83879773583e-07, 2.62126434336e-07, 2.47661375852e-07, 3.20927114217e-07, 1.45954757613e-07, 4.09300788817e-08, 6.70734792152e-08, 4.5636557644e-08, 2.17020392768e-08, 3.57870710843e-08, 1.29748434219e-08, 6.41815001146e-09, 4.38492886445e-09, 1.81599268956e-09, 4.62781368782e-10, 2.5582752583e-10, 1.24829133141e-10, 8.76216668666e-11, 9.75164740624e-11, 2.34897205853e-11, 1.30375909721e-11, 1.42565690156e-11, 9.7128980206e-12, 1.09842924687e-11, 1.53407269526e-11, 1.64688800791e-11, 2.02592959769e-11, 1.89009311674e-11, 9.47850391925e-12, 8.59289462501e-12, 4.91648432036e-12],
        "max": [0.0150625007227, 0.0152254030108, 0.0168845765293, 0.0119379851967, 0.00660888152197, 0.0153331393376, 0.00462543638423, 0.0120124295354, 0.013032278046, 0.0119301499799, 0.0106884995475, 0.00700314017013, 0.00934596918523, 0.0073069720529, 0.00502194091678, 0.00492823962122, 0.00446108914912, 0.00288081145845, 0.00431196158752, 0.00244022998959, 0.00182123528793, 0.000970165012404, 0.00075087021105, 0.000337613426382, 0.000178427348146, 0.000176652509253, 0.000139987823786, 0.000216728818486, 5.85805246374e-05, 3.60480589734e-05, 3.72011381842e-05, 2.92245604214e-05, 2.17585329665e-05, 3.19896389556e-05, 5.36724219273e-05, 8.53614546941e-05, 0.000125232487335, 9.78195675998e-05, 7.43678538129e-05, 5.05511634401e-05],
        "mean": [0.0013906332897, 0.000990361324511, 0.000388407643186, 0.000287586502964, 0.00035308036604, 0.00023075772333, 0.000166417914443, 0.000272409728495, 0.000325945729855, 0.000336984841852, 0.000223672672291, 0.000200661743293, 0.000189710219274, 0.000139562020195, 9.32527182158e-05, 0.000107065221528, 0.00011551057105, 7.676883979e-05, 7.66261509852e-05, 5.34993450856e-05, 5.24338611285e-05, 4.61246781924e-05, 3.21345796692e-05, 1.8762455511e-05, 1.42096268974e-05, 9.08813035494e-06, 6.87236797603e-06, 5.77926221013e-06, 3.06765900859e-06, 2.00304407372e-06, 2.12967415791e-06, 2.07867765312e-06, 1.86322097306e-06, 1.62684546012e-06, 1.86745546671e-06, 2.42221244662e-06, 1.46099455378e-06, 1.14476699764e-06, 1.26172255932e-06, 1.09544862426e-06],
        "median": [0.00102200289257, 0.000760839961004, 0.000184202406672, 0.000137944094604, 0.000165090721566, 0.00011823947716, 7.51733168727e-05, 8.37979314383e-05, 9.7030919278e-05, 9.14088741411e-05, 6.57843484078e-05, 5.49054384464e-05, 4.0814782551e-05, 4.00736244046e-05, 3.22051055264e-05, 3.74541850761e-05, 3.36647208314e-05, 2.78674524452e-05, 2.47005682468e-05, 2.31706471823e-05, 2.38606953644e-05, 2.2711494239e-05, 1.84821983567e-05, 1.15844977699e-05, 9.28171539272e-06, 5.53341851628e-06, 4.0118184188e-06, 2.91535252472e-06, 1.65752226167e-06, 1.18024331641e-06, 1.08541530608e-06, 1.0844788676e-06, 9.54724782787e-07, 7.93089270701e-07, 8.71617714893e-07, 9.89706450127e-07, 6.1657152628e-07, 4.90247771268e-07, 5.03158503307e-07, 4.84280462842e-07],
        "min": [6.85717144648e-25, 1.22421292564e-24, 8.98793405529e-24, 4.6259059862e-24, 6.15533097101e-24, 2.53843586665e-24, 5.08272153134e-24, 2.1552928303e-24, 7.76764669873e-24, 5.9802018779e-24, 7.94806392091e-24, 6.75837805659e-24, 2.70096882326e-24, 2.8515576369e-24, 1.85199612541e-24, 5.19888287736e-24, 3.50710755724e-24, 5.14208331446e-24, 5.9821318261e-24, 8.3451039254e-24, 1.06513577145e-23, 1.1108950682e-23, 6.4182011183e-24, 9.11601903389e-24, 8.10558603305e-24, 6.97129240377e-24, 6.90847540988e-24, 6.90792478497e-24, 7.02182052247e-24, 9.76627155604e-24, 6.78201627361e-24, 6.31101030407e-24, 9.90005684353e-24, 5.90832915525e-24, 6.86719116327e-24, 8.67757882024e-24, 1.03513625897e-23, 7.14817237366e-24, 1.0975253747e-23, 9.95956377706e-24],
        "var": [2.09973677556e-06, 1.13658268219e-06, 4.41877091362e-07, 3.16413462542e-07, 2.92268623525e-07, 2.11488995205e-07, 7.88790543993e-08, 5.02975410654e-07, 5.42991926977e-07, 7.39896563573e-07, 3.25273447288e-07, 2.09320859312e-07, 2.4674739052e-07, 1.11950328119e-07, 3.74613584597e-08, 5.73110021662e-08, 6.17470305997e-08, 2.0045909821e-08, 3.13883319336e-08, 1.19998810888e-08, 9.61049373416e-09, 5.47863665545e-09, 1.7312469236e-09, 4.86080120599e-10, 2.70245853473e-10, 1.24160723369e-10, 7.23177906448e-11, 6.7541666704e-11, 1.91243045705e-11, 6.87363143834e-12, 9.5782123552e-12, 7.83398779874e-12, 6.52293800571e-12, 6.59915915316e-12, 8.29040568834e-12, 1.69849811299e-11, 2.10341050133e-11, 1.09558109113e-11, 1.00476033743e-11, 7.96069200143e-12]
    },
    "mfcc": {
        "mean": [-627.60534668, 118.529220581, -16.6402893066, 8.49100399017, 12.1606931686, 1.66016471386, 1.20684397221, 9.84368896484, 2.69918203354, 5.33190393448, 3.27511906624, 1.93900156021, 0.998994350433],
        "cov": [[4126.93505859, -860.864013672, 350.567749023, -112.319213867, 1.38456881046, 75.9635238647, 19.3466110229, 53.0522956848, 57.6993293762, 165.658569336, 85.0746536255, 97.2984619141, 106.737464905], [-860.864013672, 878.285949707, 79.4680023193, 215.495178223, 119.103141785, 16.3986148834, 66.5130310059, -38.3696784973, -30.2642936707, -32.5787849426, 21.5693435669, -9.65958786011, 28.7203788757], [350.567749023, 79.4680023193, 942.281555176, 323.619140625, 327.9737854, 119.966178894, 77.0955429077, -34.1608200073, -23.5519752502, 27.4857959747, 26.4000644684, 57.3436813354, 98.1185684204], [-112.319213867, 215.495178223, 323.619140625, 404.071716309, 252.32484436, 49.9958534241, -2.51911234856, -31.5433769226, -8.33153247833, -13.9222421646, -9.26200199127, 20.8633747101, 54.2622756958], [1.38456881046, 119.103141785, 327.9737854, 252.32484436, 350.987701416, 37.2223358154, -27.6529140472, -57.8287010193, 3.52455258369, 20.278875351, 5.19844770432, 13.9010124207, 55.652256012], [75.9635238647, 16.3986148834, 119.966178894, 49.9958534241, 37.2223358154, 161.769241333, 83.2867660522, 22.2072029114, -5.34761762619, 6.25889492035, 17.4333457947, 11.514541626, 6.24545764923], [19.3466110229, 66.5130310059, 77.0955429077, -2.51911234856, -27.6529140472, 83.2867660522, 174.128112793, 52.0743370056, -2.80275797844, -6.24957275391, 19.831867218, 10.0132064819, 4.60868740082], [53.0522956848, -38.3696784973, -34.1608200073, -31.5433769226, -57.8287010193, 22.2072029114, 52.0743370056, 100.774398804, 25.0870056152, -0.59790956974, -0.9129306674, 5.06933736801, -7.43249893188], [57.6993293762, -30.2642936707, -23.5519752502, -8.33153247833, 3.52455258369, -5.34761762619, -2.80275797844, 25.0870056152, 78.712562561, 31.1495914459, 6.41336107254, 1.89601409435, 1.7679694891], [165.658569336, -32.5787849426, 27.4857959747, -13.9222421646, 20.278875351, 6.25889492035, -6.24957275391, -0.59790956974, 31.1495914459, 87.7758255005, 28.236951828, 6.7208738327, 2.43919730186], [85.0746536255, 21.5693435669, 26.4000644684, -9.26200199127, 5.19844770432, 17.4333457947, 19.831867218, -0.9129306674, 6.41336107254, 28.236951828, 73.0933074951, 19.7142066956, 4.35271120071], [97.2984619141, -9.65958786011, 57.3436813354, 20.8633747101, 13.9010124207, 11.514541626, 10.0132064819, 5.06933736801, 1.89601409435, 6.7208738327, 19.7142066956, 59.9995155334, 26.2828826904], [106.737464905, 28.7203788757, 98.1185684204, 54.2622756958, 55.652256012, 6.24545764923, 4.60868740082, -7.43249893188, 1.7679694891, 2.43919730186, 4.35271120071, 26.2828826904, 77.1289901733]],
