{
"lowlevel": {
    "average_loudness": 0.685591161251,
    "barkbands_crest": {
        "dmean": 2.97819042206,
        "dmean2": 4.81045103073,
        "dvar": 7.22169351578,
        "dvar2": 16.5905513763,
        "max": 26.3393135071,
        "mean": 11.3328790665,
        "median": 10.3308668137,
        "min": 2.25196909904,
        "var": 24.6258983612
    },
    "barkbands_flatness_db": {
        "dmean": 0.0215267706662,
        "dmean2": 0.0328382924199,
        "dvar": 0.000360519479727,
        "dvar2": 0.000775783671997,
        "max": 0.347299695015,
        "mean": 0.159317389131,
        "median": 0.154186621308,
        "min": 0.0608449056745,
        "var": 0.00209933868609
    },
    "barkbands_kurtosis": {
        "dmean": 2.78033828735,
        "dmean2": 4.30388879776,
        "dvar": 30.6327533722,
        "dvar2": 68.9843902588,
        "max": 176.665542603,
        "mean": 3.95511054993,
        "median": 1.66542339325,
        "min": -1.9368493557,
        "var": 67.945640564
    },
    "barkbands_skewness": {
        "dmean": 0.52147436142,
        "dmean2": 0.790596067905,
        "dvar": 0.308196991682,
        "dvar2": 0.653774380684,
        "max": 12.3273954391,
        "mean": 1.19396424294,
        "median": 1.03966832161,
        "min": -2.95908784866,
        "var": 1.56452906132
    },
    "barkbands_spread": {
        "dmean": 6.22236204147,
        "dmean2": 9.30383300781,
        "dvar": 70.2441253662,
        "dvar2": 150.08291626,
        "max": 118.04322052,
        "mean": 21.7393093109,
        "median": 18.0503425598,
        "min": 0.948951661587,
        "var": 248.311401367
    },
    "dissonance": {
        "dmean": 0.0233271103352,
        "dmean2": 0.0394449569285,
        "dvar": 0.000578738050535,
        "dvar2": 0.00158027280122,
        "max": 0.499999970198,
        "mean": 0.458370894194,
        "median": 0.465959191322,
        "min": 0.0171355064958,
        "var": 0.00105953670572
    },
    "dynamic_complexity": 3.80161070824,
    "erbbands_crest": {
        "dmean": 3.29932355881,
        "dmean2": 5.30394744873,
        "dvar": 9.34851551056,
        "dvar2": 22.1770191193,
        "max": 33.1052360535,
        "mean": 11.8704633713,
        "median": 10.3836812973,
        "min": 2.56823325157,
        "var": 38.8766479492
    },
    "erbbands_flatness_db": {
        "dmean": 0.0195970386267,
        "dmean2": 0.0287969317287,
        "dvar": 0.000311746436637,
        "dvar2": 0.00062370748492,
        "max": 0.391716212034,
        "mean": 0.191820472479,
        "median": 0.185364037752,
        "min": 0.0537508279085,
        "var": 0.00338097615167
    },
    "erbbands_kurtosis": {
        "dmean": 1.76297831535,
        "dmean2": 2.77753996849,
        "dvar": 9.05622768402,
        "dvar2": 21.6704406738,
        "max": 72.806350708,
        "mean": 2.260461092,
        "median": 0.791660308838,
        "min": -1.78849995136,
        "var": 24.7638072968
    },
    "erbbands_skewness": {
        "dmean": 0.460641145706,
        "dmean2": 0.693134367466,
        "dvar": 0.204321578145,
        "dvar2": 0.448066711426,
        "max": 7.51955318451,
        "mean": 0.857409775257,
        "median": 0.746058642864,
        "min": -3.47118926048,
        "var": 1.00488328934
    },
    "erbbands_spread": {
        "dmean": 7.73717260361,
        "dmean2": 11.7090864182,
        "dvar": 96.7613677979,
        "dvar2": 211.694595337,
        "max": 139.414779663,
        "mean": 31.8709545135,
        "median": 27.5091209412,
        "min": 1.48319113255,
        "var": 437.244506836
    },
    "hfc": {
        "dmean": 6.08151769638,
        "dmean2": 8.67800807953,
        "dvar": 85.4467849731,
        "dvar2": 176.556503296,
        "max": 372.482879639,
        "mean": 19.5372714996,
        "median": 13.8961458206,
        "min": 1.17324915804e-16,
        "var": 384.2003479
    },
    "melbands_crest": {
        "dmean": 3.75053119659,
        "dmean2": 5.97681856155,
        "dvar": 10.8756074905,
        "dvar2": 26.5662212372,
        "max": 36.722038269,
        "mean": 15.1080207825,
        "median": 14.186668396,
        "min": 2.63633775711,
        "var": 36.0683441162
    },
    "melbands_flatness_db": {
        "dmean": 0.0248157456517,
        "dmean2": 0.0367313846946,
        "dvar": 0.000512455939315,
        "dvar2": 0.001031581196,
        "max": 0.403640329838,
        "mean": 0.181817218661,
        "median": 0.179566249251,
        "min": 0.00760680995882,
        "var": 0.00273180170916
    },
    "melbands_kurtosis": {
        "dmean": 5.8801407814,
        "dmean2": 9.04433441162,
        "dvar": 149.611968994,
        "dvar2": 325.588348389,
        "max": 382.951568604,
        "mean": 10.8197402954,
        "median": 5.28837203979,
        "min": -1.79053843021,
        "var": 390.617645264
    },
    "melbands_skewness": {
        "dmean": 0.668785631657,
        "dmean2": 1.01500296593,
        "dvar": 0.546001553535,
        "dvar2": 1.20367944241,
        "max": 14.9627447128,
        "mean": 1.95931243896,
        "median": 1.7724891901,
        "min": -2.68829464912,
        "var": 3.04667019844
    },
    "melbands_spread": {
        "dmean": 7.46637535095,
        "dmean2": 11.1564416885,
        "dvar": 134.224411011,
        "dvar2": 239.51348877,
        "max": 275.391357422,
        "mean": 25.2003440857,
        "median": 21.5541133881,
        "min": 0.829166829586,
        "var": 472.258789062
    },
    "pitch_salience": {
        "dmean": 0.0726678445935,
        "dmean2": 0.114086523652,
        "dvar": 0.00426455028355,
        "dvar2": 0.0100715504959,
        "max": 0.956874847412,
        "mean": 0.528373658657,
        "median": 0.533594548702,
        "min": 0.0917252004147,
        "var": 0.0148996859789
    },
    "silence_rate_20dB": {
        "dmean": 0,
        "dmean2": 0,
        "dvar": 0,
        "dvar2": 0,
        "max": 1,
        "mean": 1,
        "median": 1,
        "min": 1,
        "var": 0
    },
    "silence_rate_30dB": {
        "dmean": 0.00217391294427,
        "dmean2": 0.00434835115448,
        "dvar": 0.00216912361793,
        "dvar2": 0.006020615343,
        "max": 1,
        "mean": 0.998188614845,
        "median": 1,
        "min": 0,
        "var": 0.00180773658212
    },
    "silence_rate_60dB": {
        "dmean": 0.0321256034076,
        "dmean2": 0.0642589703202,
        "dvar": 0.0310963578522,
        "dvar2": 0.0712423622608,
        "max": 1,
        "mean": 0.092380143702,
        "median": 0,
        "min": 0,
        "var": 0.0838502123952
    },
    "spectral_centroid": {
        "dmean": 228.34046936,
        "dmean2": 336.961547852,
        "dvar": 83379.6875,
        "dvar2": 150125.3125,
        "max": 10675.8408203,
        "mean": 1345.24169922,
        "median": 1248.96704102,
        "min": 272.20199585,
        "var": 363347.46875
    },
    "spectral_complexity": {
        "dmean": 2.82439613342,
        "dmean2": 4.33675575256,
        "dvar": 8.09359836578,
        "dvar2": 16.1199626923,
        "max": 48,
        "mean": 14.8972349167,
        "median": 15,
        "min": 0,
        "var": 50.1503181458
    },
    "spectral_decrease": {
        "dmean": 1.67123703765e-09,
        "dmean2": 2.4576951585e-09,
        "dvar": 5.12565940727e-18,
        "dvar2": 1.0921775998e-17,
        "max": 7.55032472369e-30,
        "mean": -5.25018384323e-09,
        "median": -3.93139476529e-09,
        "min": -6.1941797469e-08,
        "var": 2.23995348272e-17
    },
    "spectral_energy": {
        "dmean": 0.00673749437556,
        "dmean2": 0.00989750493318,
        "dvar": 8.20267596282e-05,
        "dvar2": 0.000175431909156,
        "max": 0.240754142404,
        "mean": 0.0215875767171,
        "median": 0.0162969082594,
        "min": 1.06132305144e-20,
        "var": 0.00036680244375
    },
    "spectral_energyband_high": {
        "dmean": 0.000269144948106,
        "dmean2": 0.000350699061528,
        "dvar": 5.60870773825e-07,
        "dvar2": 9.86461031971e-07,
        "max": 0.0381807982922,
        "mean": 0.000576968246605,
        "median": 0.000279155327007,
        "min": 7.72673610712e-21,
        "var": 1.82036103524e-06
    },
    "spectral_energyband_low": {
        "dmean": 0.00173201388679,
        "dmean2": 0.00266433670186,
        "dvar": 7.97441771283e-06,
        "dvar2": 1.75576569745e-05,
        "max": 0.0542474128306,
        "mean": 0.00357504095882,
        "median": 0.00222315033898,
        "min": 4.29604498197e-23,
        "var": 1.92001461983e-05
    },
    "spectral_energyband_middle_high": {
        "dmean": 0.00313622038811,
        "dmean2": 0.00476549984887,
        "dvar": 4.07403167628e-05,
        "dvar2": 9.4627335784e-05,
        "max": 0.108699396253,
        "mean": 0.00853383727372,
        "median": 0.00296959560364,
        "min": 1.38419486859e-21,
        "var": 0.000177560010343
    },
    "spectral_energyband_middle_low": {
        "dmean": 0.00416741101071,
        "dmean2": 0.00622679991648,
        "dvar": 5.12298793183e-05,
        "dvar2": 0.000106533159851,
        "max": 0.209191083908,
        "mean": 0.0098475497216,
        "median": 0.00548693258315,
        "min": 3.83102839152e-22,
        "var": 0.000158302675118
    },
    "spectral_entropy": {
        "dmean": 0.16906376183,
        "dmean2": 0.240227490664,
        "dvar": 0.0273660980165,
        "dvar2": 0.0511417426169,
        "max": 9.8119802475,
        "mean": 7.62019538879,
        "median": 7.6157746315,
        "min": 5.78521537781,
        "var": 0.16377055645
    },
    "spectral_flux": {
        "dmean": 0.0227254312485,
        "dmean2": 0.0357955545187,
        "dvar": 0.000579326064326,
        "dvar2": 0.0013642043341,
        "max": 0.368550509214,
        "mean": 0.075853779912,
        "median": 0.0681154280901,
        "min": 1.03020536546e-10,
        "var": 0.00168709899299
    },
    "spectral_kurtosis": {
        "dmean": 1.37932777405,
        "dmean2": 2.22127485275,
        "dvar": 2.14165043831,
        "dvar2": 5.71730327606,
        "max": 21.7317066193,
        "mean": 3.81062841415,
        "median": 3.34585952759,
        "min": -1.55354738235,
        "var": 7.20083379745
    },
    "spectral_rms": {
        "dmean": 0.000679283344653,
        "dmean2": 0.000977314077318,
        "dvar": 4.92489277804e-07,
        "dvar2": 9.56870280788e-07,
        "max": 0.0153258629143,
        "mean": 0.00416487082839,
        "median": 0.00398740777746,
        "min": 3.21782097495e-12,
        "var": 3.71492637896e-06
    },
    "spectral_rolloff": {
        "dmean": 550.816833496,
        "dmean2": 912.299072266,
        "dvar": 1491369,
        "dvar2": 3211464.25,
        "max": 18690.8203125,
        "mean": 1641.7545166,
        "median": 1270.45898438,
        "min": 43.06640625,
        "var": 3143028.5
    },
    "spectral_skewness": {
        "dmean": 0.20859849453,
        "dmean2": 0.313931882381,
        "dvar": 0.0373397655785,
        "dvar2": 0.0830549523234,
        "max": 3.50401878357,
        "mean": 1.56057286263,
        "median": 1.55150592327,
        "min": -0.378238648176,
        "var": 0.203520148993
    },
    "spectral_spread": {
        "dmean": 599189.8125,
        "dmean2": 841400.25,
        "dvar": 783749480448,
        "dvar2": 1.36222906778e+12,
        "max": 41989000,
        "mean": 4959844,
        "median": 4590943.5,
        "min": 1506349.25,
        "var": 3.71990305178e+12
    },
    "spectral_strongpeak": {
        "dmean": 0.681817948818,
        "dmean2": 1.11158633232,
        "dvar": 0.939417243004,
        "dvar2": 2.25076150894,
        "max": 15.1167612076,
        "mean": 1.5833619833,
        "median": 0.817162454128,
        "min": 0,
        "var": 3.67118382454
    },
    "zerocrossingrate": {
        "dmean": 0.0116580687463,
        "dmean2": 0.0132715897635,
        "dvar": 0.000337678939104,
        "dvar2": 0.000374273397028,
        "max": 0.68798828125,
        "mean": 0.0667701736093,
        "median": 0.0556640625,
        "min": 0.01123046875,
        "var": 0.00195411010645
    },
    "barkbands": {
        "dmean": [0.00016471593699, 0.00138477317523, 0.000597804784775, 0.000491191807669, 0.000959276512731, 0.00153259874787, 0.000892708776519, 0.000453266547993, 0.00103260495234, 0.00166326481849, 0.00144539168105, 0.000231464669923, 0.000307784823235, 0.00037051725667, 0.000353654933861, 0.000153243949171, 0.000126979721244, 0.000121094912174, 7.83382929512e-05, 5.96625359321e-05, 3.79758530471e-05, 3.75634845113e-05, 5.02840412082e-05, 7.18183800927e-05, 9.22347535379e-05, 2.99285687788e-07, 9.17270537304e-10],
        "dmean2": [0.000265361100901, 0.00207868381403, 0.0010297736153, 0.000862961809617, 0.00148414180148, 0.00233011157252, 0.00141242251266, 0.00070028367918, 0.00156361970585, 0.00250288448296, 0.0023259059526, 0.000370867259335, 0.000502098817378, 0.000596430501901, 0.000558506813832, 0.000243761038291, 0.000199145477382, 0.000187937170267, 0.000122371377074, 9.19246085687e-05, 5.70007832721e-05, 5.01669783262e-05, 6.97970826877e-05, 9.87392049865e-05, 0.00013131382002, 4.98696294926e-07, 1.6912823364e-09],
        "dvar": [2.79947670379e-07, 5.88676130064e-06, 2.68247708846e-06, 1.97682334147e-06, 8.2914630184e-06, 1.82241219591e-05, 1.15832335723e-05, 2.75021648122e-06, 9.91906563286e-06, 2.69490792562e-05, 1.78375103133e-05, 3.41472372156e-07, 1.0406271258e-06, 1.15906493647e-06, 7.32665000669e-07, 1.78110070692e-07, 9.70067759454e-08, 8.44249825604e-08, 1.85705584244e-08, 9.90324888761e-09, 5.01306196554e-09, 1.00900132693e-08, 1.4447762986e-08, 9.80416032803e-08, 1.83165084877e-07, 2.93051975915e-12, 2.02018164421e-18],
        "dvar2": [7.41986411867e-07, 1.2412662727e-05, 7.32045282348e-06, 5.26833764525e-06, 1.58395814651e-05, 3.88006810681e-05, 2.74525718851e-05, 6.17293790128e-06, 1.9509359845e-05, 5.80642044952e-05, 4.541580347e-05, 8.78384810221e-07, 2.48293326877e-06, 2.78441848423e-06, 1.6807114207e-06, 4.18981016992e-07, 2.16924632923e-07, 1.92277866518e-07, 4.13618259643e-08, 2.3106606406e-08, 1.04613269158e-08, 1.80784027748e-08, 2.55399008608e-08, 1.82969912998e-07, 3.68439543763e-07, 7.78592034595e-12, 6.29404250992e-18],
        "max": [0.0152354035527, 0.0511836372316, 0.0251541174948, 0.0204744040966, 0.198764413595, 0.121356673539, 0.10829642415, 0.0628899931908, 0.111450634897, 0.104148931801, 0.0994619354606, 0.0202659480274, 0.0392192974687, 0.0468189381063, 0.0230412520468, 0.0139083163813, 0.00986167509109, 0.0119779109955, 0.00339765707031, 0.00209670024924, 0.00264907861128, 0.0037098696921, 0.00438022427261, 0.0186192430556, 0.018151756376, 6.06009962212e-05, 1.82148731653e-08],
        "mean": [0.000200309092179, 0.00241245236248, 0.000785928103141, 0.000470917118946, 0.00142263434827, 0.00262382416986, 0.0013882284984, 0.000753049564082, 0.0017568001058, 0.00342085724697, 0.00261131604202, 0.000442165706772, 0.000507973134518, 0.000741505238693, 0.000572650984395, 0.000229589029914, 0.000232031132327, 0.000225396448513, 0.000148385501234, 0.000120846016216, 7.32403859729e-05, 7.49944520066e-05, 8.98233993212e-05, 0.000133006295073, 0.000149289015098, 2.9462216844e-07, 1.03566910603e-09],
        "median": [4.25893304055e-05, 0.00103101402055, 0.000262187037151, 0.000129471649416, 0.000353624171112, 0.000646644737571, 0.00034042657353, 0.000154094086611, 0.000404325837735, 0.000371438654838, 0.000195847795112, 0.000118565912999, 0.000164527678862, 0.000150311680045, 0.000203109302674, 9.85143124126e-05, 0.000102456877357, 9.71412591753e-05, 8.19264605525e-05, 6.65178449708e-05, 4.07435218222e-05, 3.64109764632e-05, 4.17025548813e-05, 4.64863842353e-05, 3.82940961572e-05, 3.81209126488e-08, 5.54400858555e-10],
        "min": [1.68390311937e-23, 1.3027259244e-23, 1.40726821703e-23, 1.59784091897e-23, 7.60716367607e-23, 1.44515846849e-22, 2.59980470913e-23, 2.32569242619e-23, 6.89117269256e-23, 5.99493708963e-23, 3.97573432229e-23, 3.93775761168e-23, 1.67134836651e-22, 5.15261634304e-23, 1.45283831339e-22, 1.34968004566e-22, 2.78071146684e-22, 1.27718814609e-22, 2.02575794903e-22, 3.26020561127e-22, 4.05154795736e-22, 5.13589899206e-22, 8.05250632798e-22, 9.06670629741e-22, 1.06439474707e-21, 1.76787459857e-21, 2.26652051873e-21],
        "var": [3.52621327693e-07, 1.29164536702e-05, 2.33512469094e-06, 1.47778598603e-06, 2.58668205788e-05, 3.55397060048e-05, 2.28618864639e-05, 8.97328482097e-06, 2.35780971707e-05, 9.2200229119e-05, 4.86529461341e-05, 9.69269308371e-07, 1.74570868694e-06, 3.09584902425e-06, 1.45029002852e-06, 2.45812344701e-07, 2.54015020573e-07, 2.57177163121e-07, 3.81485598666e-08, 2.53102818704e-08, 1.23142571695e-08, 2.76564264823e-08, 3.73285935495e-08, 2.93735183732e-07, 3.92414165162e-07, 2.75100493601e-12, 1.67169262349e-18]
    },
    "erbbands": {
        "dmean": [0.0483147799969, 0.307142734528, 0.632672429085, 1.17211771011, 2.12091112137, 2.99530386925, 10.6095666885, 11.4115533829, 12.1782388687, 11.2893781662, 11.0934696198, 25.0714263916, 44.7374649048, 52.1433334351, 39.3884086609, 10.4906539917, 12.975646019, 15.823592186, 18.8155250549, 13.9328947067, 7.49674797058, 6.16614627838, 5.86659955978, 5.19221782684, 2.99357438087, 3.02585077286, 1.84747934341, 1.34213888645, 1.38272821903, 1.35929846764, 1.55473327637, 1.4905602932, 1.23812437057, 0.982817590237, 0.724239706993, 0.0485453382134, 0.00118628295604, 7.313308015e-05, 1.13801024781e-05, 9.06011155166e-06],
        "dmean2": [0.0682719796896, 0.462781518698, 1.0506311655, 2.02721905708, 3.65318584442, 4.66699171066, 15.6691036224, 17.2644767761, 19.0472927094, 18.0064983368, 17.1907615662, 37.5459480286, 68.6103210449, 77.5024108887, 62.2785873413, 16.6376266479, 20.9306926727, 25.5497398376, 29.2970237732, 22.3039970398, 11.7422122955, 9.52574253082, 8.988489151, 8.06820106506, 4.55765962601, 4.68900585175, 2.83326363564, 1.92341375351, 1.90810418129, 1.92069900036, 2.16646957397, 2.0305044651, 1.73618972301, 1.43784511089, 1.04100227356, 0.0706405416131, 0.00170356978197, 0.000103299476905, 1.58308066602e-05, 1.30854023155e-05],
        "dvar": [0.00723852356896, 0.313123494387, 2.43304038048, 10.159491539, 35.2131729126, 141.654251099, 1302.64233398, 978.838378906, 2261.91186523, 1889.60180664, 1385.10107422, 7113.33984375, 18694.7265625, 19466.8320312, 13709.9355469, 541.121398926, 1760.93554688, 3122.31933594, 2060.57226562, 1014.00036621, 427.739349365, 236.488189697, 188.80821228, 107.555862427, 24.2219390869, 25.9004478455, 10.217959404, 8.42295646667, 13.9123735428, 13.714887619, 12.9356689453, 18.7476863861, 43.8439216614, 22.761554718, 12.6026554108, 0.0552490651608, 3.19878236041e-05, 1.15035724946e-07, 1.66437141846e-09, 1.7493351212e-10],
        "dvar2": [0.0128561370075, 0.715203642845, 6.31516265869, 26.6937026978, 93.1379318237, 228.322647095, 2563.24804688, 2103.72631836, 5094.74609375, 4480.16259766, 3270.4831543, 13724.4589844, 43076.0820312, 42119.9882812, 35304.234375, 1364.52990723, 3891.36669922, 7476.67480469, 4646.08642578, 2432.62573242, 975.024047852, 552.13684082, 436.06652832, 231.797866821, 52.331817627, 62.42162323, 23.0936069489, 15.9889497757, 25.8197021484, 25.6271381378, 23.9433917999, 33.122844696, 84.4720458984, 47.3101234436, 25.8001060486, 0.115405902267, 6.53859897284e-05, 2.30410407198e-07, 3.30100879964e-09, 3.63499369493e-10],
        "max": [2.12620401382, 10.0724363327, 25.012796402, 44.4105033875, 92.1614151001, 969.187316895, 1529.85876465, 664.232177734, 1245.50891113, 1938.58605957, 1738.81420898, 3063.00830078, 3352.25439453, 3992.44873047, 2489.70556641, 932.805175781, 1851.81433105, 3203.5324707, 1004.18652344, 905.616271973, 721.027954102, 677.179199219, 448.37802124, 463.019012451, 109.244911194, 107.095367432, 103.808677673, 111.464416504, 132.42829895, 126.789039612, 107.046508789, 220.176193237, 412.271209717, 266.529388428, 143.193634033, 6.92350769043, 0.181802123785, 0.0124488817528, 0.00173101562541, 0.000472261890536],
        "mean": [0.0821851864457, 0.487429320812, 0.938076496124, 1.2840474844, 2.15091848373, 4.82855653763, 18.7810554504, 18.2425289154, 17.1640205383, 20.7661075592, 20.1723251343, 42.0300254822, 97.4437942505, 104.006591797, 73.9830932617, 22.5346717834, 23.2035160065, 35.1781349182, 33.978351593, 24.1191310883, 13.5311307907, 12.0504779816, 11.8465442657, 10.2674207687, 6.2291431427, 6.1018743515, 3.71711087227, 2.55821204185, 2.68601822853, 2.55729484558, 2.67798995972, 2.69529938698, 2.2347278595, 1.66563796997, 1.06326937675, 0.0686810687184, 0.00175536621828, 0.000116941155284, 2.65768358076e-05, 2.89390045509e-05],
        "median": [0.0270658247173, 0.211543038487, 0.45446446538, 0.538368999958, 0.684686720371, 1.2352707386, 3.26460194588, 5.07453203201, 5.08453226089, 4.67684793472, 6.01499080658, 11.1080999374, 13.5771741867, 13.9383974075, 8.18196392059, 7.1338057518, 8.53385829926, 9.30320549011, 10.507153511, 10.7952423096, 6.31062936783, 5.81489467621, 5.61959934235, 5.34680891037, 3.73838877678, 3.31875228882, 2.2210085392, 1.32255983353, 1.3187828064, 1.21099448204, 1.19908213615, 1.02965557575, 0.711467444897, 0.495605617762, 0.205926299095, 0.0116219613701, 0.000343770283507, 2.93217017315e-05, 1.62965479831e-05, 2.25076801144e-05],
        "min": [1.93846146529e-22, 3.97019471382e-21, 2.02565497554e-20, 3.12960779767e-20, 8.39433548494e-20, 2.93906086283e-19, 7.1828016526e-19, 1.1805492751e-18, 6.62453538924e-19, 6.03135383222e-19, 4.90133154066e-19, 1.71856171098e-18, 1.87271333217e-18, 1.58528885222e-18, 1.90446900268e-18, 1.77245387205e-18, 8.39497249156e-18, 3.13089723008e-18, 7.53093519245e-18, 6.30149251211e-18, 1.03979696653e-17, 1.29686914992e-17, 6.94055901848e-18, 7.77405929091e-18, 1.19567352814e-17, 1.57201440251e-17, 2.58150810361e-17, 8.9784508064e-18, 2.16945883482e-17, 2.69678879142e-17, 1.97129531137e-17, 1.70428339487e-17, 1.52796504966e-17, 1.3167012187e-17, 7.4303442397e-18, 6.96966254115e-18, 3.01316482029e-18, 1.46876805524e-18, 3.39676755461e-19, 2.90641249642e-20],
        "var": [0.0198487285525, 0.530505359173, 2.45213603973, 8.00055885315, 30.5512065887, 604.803649902, 3142.56616211, 1707.78271484, 2857.77758789, 7482.23535156, 5325.3828125, 15030.2900391, 64201.25, 82225.109375, 35248.9492188, 1782.87084961, 2991.94970703, 9531.91992188, 4494.83398438, 1965.96069336, 791.504089355, 555.322387695, 555.841552734, 262.038513184, 61.8067398071, 65.5277404785, 24.3525829315, 20.9288692474, 35.8233261108, 35.3927459717, 31.0036735535, 54.2740859985, 126.880935669, 48.3093261719, 24.2857017517, 0.107162125409, 6.4883097366e-05, 2.4854753633e-07, 3.95604082826e-09, 6.89597101644e-10]
    },
    "gfcc": {
        "mean": [-26.827337265, 94.2579040527, -144.757797241, 31.6019458771, -76.4185943604, 30.6864929199, -42.9619636536, 17.5152931213, -17.46824646, -2.14335179329, -2.06636452675, -9.36456203461, 8.33211326599],
        "cov": [[3988.22631836, 110.768745422, 565.673522949, 337.387268066, 115.878868103, 349.268829346, -201.413040161, 104.523872375, -161.319335938, -5.27450656891, 85.3554229736, 46.0277862549, -69.2621078491], [110.768745422, 885.929077148, 2.25390768051, 60.276889801, 255.744598389, -41.2916069031, 133.446807861, -51.6146812439, 77.9448699951, -84.9749069214, 116.559822083, -8.71082019806, 81.8433456421], [565.673522949, 2.25390768051, 1326.28100586, 626.44519043, 90.6067810059, 159.893951416, -345.825592041, 15.2573328018, -77.11378479, 100.70375061, 21.7565250397, 188.408416748, -38.4781799316], [337.387268066, 60.276889801, 626.44519043, 621.160583496, 126.072120667, 41.1519432068, -137.956344604, -13.8727073669, 15.7752494812, 72.650100708, 21.5405979156, 91.6357498169, -31.9643306732], [115.878868103, 255.744598389, 90.6067810059, 126.072120667, 259.596801758, 92.0176696777, 73.6097412109, 42.8900032043, 21.4779415131, 0.686701893806, 45.6338882446, 10.7358884811, 19.0454940796], [349.268829346, -41.2916069031, 159.893951416, 41.1519432068, 92.0176696777, 289.220367432, 100.347328186, 54.8696670532, -44.570930481, 15.4963560104, 3.77125692368, -3.00346493721, -18.5516147614], [-201.413040161, 133.446807861, -345.825592041, -137.956344604, 73.6097412109, 100.347328186, 330.524841309, 50.6753883362, 34.415222168, -24.9870109558, 20.2204151154, -79.0510177612, 19.9151992798], [104.523872375, -51.6146812439, 15.2573328018, -13.8727073669, 42.8900032043, 54.8696670532, 50.6753883362, 145.438537598, 48.5695533752, 30.0515594482, 14.3500423431, 8.24761009216, -8.61064243317], [-161.319335938, 77.9448699951, -77.11378479, 15.7752494812, 21.4779415131, -44.570930481, 34.415222168, 48.5695533752, 153.353866577, 39.828453064, 33.2805557251, 9.66615009308, 15.0864915848], [-5.27450656891, -84.9749069214, 100.70375061, 72.650100708, 0.686701893806, 15.4963560104, -24.9870109558, 30.0515594482, 39.828453064, 127.179214478, 41.5128631592, 32.4090156555, -20.9245929718], [85.3554229736, 116.559822083, 21.7565250397, 21.5405979156, 45.6338882446, 3.77125692368, 20.2204151154, 14.3500423431, 33.2805557251, 41.5128631592, 120.100402832, 46.7620277405, 26.1581020355], [46.0277862549, -8.71082019806, 188.408416748, 91.6357498169, 10.7358884811, -3.00346493721, -79.0510177612, 8.24761009216, 9.66615009308, 32.4090156555, 46.7620277405, 122.603752136, 42.1863059998], [-69.2621078491, 81.8433456421, -38.4781799316, -31.9643306732, 19.0454940796, -18.5516147614, 19.9151992798, -8.61064243317, 15.0864915848, -20.9245929718, 26.1581020355, 42.1863059998, 104.602027893]],
        "icov": [[0.000416975846747, -0.000389282999095, 0.000375277013518, -0.000477234309074, 0.00051436224021, -0.000920595426578, 0.000939252146054, -0.000865580805112, 0.000653141585644, 9.57634401857e-05, -0.0004461434728, 0.00029044909752, -1.47184309753e-05], [-0.000389282999095, 0.00378618016839, -0.00178543792572, 0.00134176178835, -0.00370623567142, 0.00267272815108, -0.00260539748706, 0.00343361799605, -0.0028017393779, 0.0028676467482, -0.00256124068983, 0.00121662626043, -0.000411846034694], [0.000375277013518, -0.00178543792572, 0.00371714914218, -0.00286544440314, 0.00197840225883, -0.00337689416483, 0.0038865194656, -0.00277672009543, 0.00248863338493, -0.001262203441, 0.000673002912663, -0.00153807143215, 5.01367503603e-05], [-0.000477234309074, 0.00134176178835, -0.00286544440314, 0.00493467785418, -0.00324999773875, 0.00255517847836, -0.00245045730844, 0.00343521265313, -0.00266196578741, -0.000158783310326, 0.000686336192302, -0.00098680506926, 0.00146080297418], [0.00051436224021, -0.00370623567142, 0.00197840225883, -0.00324999773875, 0.00975504983217, -0.00430715968832, 0.00216253311373, -0.0049099419266, 0.00259994715452, -0.00111045525409, -7.04105841578e-05, 0.000166254292708, -0.0010274508968], [-0.000920595426578, 0.00267272815108, -0.00337689416483, 0.00255517847836, -0.00430715968832, 0.0096718063578, -0.00656143389642, 0.00221530348063, -0.000310174043989, 0.0002496165107, 0.000355588068487, -0.000457689282484, 0.000959319469985], [0.000939252146054, -0.00260539748706, 0.0038865194656, -0.00245045730844, 0.00216253311373, -0.00656143389642, 0.0107655115426, -0.00483114132658, 0.00191518990323, -0.000727797159925, -0.00145551748574, 0.00357877393253, -0.00216462579556], [-0.000865580805112, 0.00343361799605, -0.00277672009543, 0.00343521265313, -0.0049099419266, 0.00221530348063, -0.00483114132658, 0.0138998292387, -0.00668408442289, 0.000887752568815, -0.000127356441226, -0.00162717245985, 0.00194920483045], [0.000653141585644, -0.0028017393779, 0.00248863338493, -0.00266196578741, 0.00259994715452, -0.000310174043989, 0.00191518990323, -0.00668408442289, 0.0126705793664, -0.00453362381086, 0.000234505961998, -0.000232614576817, -0.00141579716001], [9.57634401857e-05, 0.0028676467482, -0.001262203441, -0.000158783310326, -0.00111045525409, 0.0002496165107, -0.000727797159925, 0.000887752568815, -0.00453362381086, 0.0146263707429, -0.00652583828196, -0.000282857654383, 0.00309070665389], [-0.0004461434728, -0.00256124068983, 0.000673002912663, 0.000686336192302, -7.04105841578e-05, 0.000355588068487, -0.00145551748574, -0.000127356441226, 0.000234505961998, -0.00652583828196, 0.0160385947675, -0.00686184642836, -7.42787015042e-05], [0.00029044909752, 0.00121662626043, -0.00153807143215, -0.00098680506926, 0.000166254292708, -0.000457689282484, 0.00357877393253, -0.00162717245985, -0.000232614576817, -0.000282857654383, -0.00686184642836, 0.0193125437945, -0.00864956527948], [-1.47184309753e-05, -0.000411846034694, 5.01367503603e-05, 0.00146080297418, -0.0010274508968, 0.000959319469985, -0.00216462579556, 0.00194920483045, -0.00141579716001, 0.00309070665389, -7.42787015042e-05, -0.00864956527948, 0.0155965965241]]
    },
    "melbands": {
        "dmean": [0.00040226164856, 0.000323645275785, 0.000221374604735, 0.000172326894244, 0.000301938242046, 0.00026391321444, 0.000184200252988, 0.000112983274448, 9.7572003142e-05, 0.000166341284057, 0.000231337951845, 0.000217384513235, 0.000186111443327, 2.98301238217e-05, 2.54989827226e-05, 3.10606155836e-05, 3.09614588332e-05, 3.37349010806e-05, 2.32710717682e-05, 1.45006806633e-05, 9.40371319302e-06, 7.20798561815e-06, 6.27322469882e-06, 6.20356468062e-06, 4.46248895969e-06, 2.7544290333e-06, 2.07221091841e-06, 2.0611803393e-06, 1.38276811867e-06, 9.36520962114e-07, 7.86139537468e-07, 8.11274560419e-07, 7.99140991603e-07, 7.9528842889e-07, 9.72136717792e-07, 8.71990664564e-07, 9.65805156738e-07, 9.24996811591e-07, 8.30793339901e-07, 9.03427292087e-07],
        "dmean2": [0.00059304817114, 0.000506674230564, 0.000377416639822, 0.000283973407932, 0.000441322714323, 0.000399721262511, 0.000289825780783, 0.000179064270924, 0.000151725500473, 0.000248877797276, 0.000355426367605, 0.00032183053554, 0.000298048311379, 4.72239516967e-05, 4.07014740631e-05, 4.95651038364e-05, 5.00515416206e-05, 5.25703071617e-05, 3.66373751604e-05, 2.29665456573e-05, 1.48826065924e-05, 1.13110572784e-05, 9.6212615972e-06, 9.82166784524e-06, 6.96465986039e-06, 4.2982164814e-06, 3.19750506605e-06, 3.23084032061e-06, 2.16958414967e-06, 1.41973350765e-06, 1.13234295895e-06, 1.16590160815e-06, 1.12489135518e-06, 1.17018714718e-06, 1.39986684644e-06, 1.21072764614e-06, 1.35435072934e-06, 1.30194030135e-06, 1.2056578953e-06, 1.33817127335e-06],
        "dvar": [4.90816830734e-07, 4.13075667893e-07, 3.54527514901e-07, 2.60463082213e-07, 9.90848434412e-07, 4.87301463181e-07, 5.03387525441e-07, 1.80299466024e-07, 9.16815352525e-08, 3.26438225784e-07, 5.16937745942e-07, 3.67910047316e-07, 3.16544486623e-07, 6.30680885294e-09, 3.14814352365e-09, 1.4956667016e-08, 9.97778393241e-09, 6.86305057229e-09, 4.11342648832e-09, 1.24980426008e-09, 7.94374344082e-10, 3.98331673201e-10, 2.02079811218e-10, 3.02565417165e-10, 7.54949297521e-11, 2.39007043323e-11, 1.14585615302e-11, 1.39716840528e-11, 6.14826158735e-12, 3.05835803731e-12, 3.19743970884e-12, 4.8777895785e-12, 5.12553324436e-12, 5.11756956256e-12, 5.3172713628e-12, 3.95910821488e-12, 1.12299735483e-11, 2.93837489063e-11, 2.02336480903e-11, 1.98313292871e-11],
        "dvar2": [9.56190092438e-07, 9.87137582342e-07, 9.06683169433e-07, 5.08695507051e-07, 1.85424039501e-06, 1.04068135443e-06, 1.14226975256e-06, 4.14448066977e-07, 2.13224780055e-07, 6.22901893621e-07, 1.17461001992e-06, 7.90733736267e-07, 8.24730534532e-07, 1.55670623059e-08, 7.46658379569e-09, 3.53690765564e-08, 2.40482389557e-08, 1.54894284066e-08, 9.57373291754e-09, 2.91835045019e-09, 1.78711201393e-09, 9.2758822845e-10, 4.52776732773e-10, 7.64723617763e-10, 1.62176258534e-10, 5.28100375929e-11, 2.67021960099e-11, 3.44852098266e-11, 1.47987178067e-11, 6.57150635991e-12, 6.16402588693e-12, 9.53282071336e-12, 1.01992737173e-11, 1.05202461326e-11, 1.08608001065e-11, 7.02425964616e-12, 2.05503097178e-11, 5.85795231767e-11, 3.99893208824e-11, 4.44300152225e-11],
        "max": [0.0156858172268, 0.00966631621122, 0.00802119262516, 0.0366723015904, 0.0411742143333, 0.0135236047208, 0.017384339124, 0.0188561156392, 0.0136683965102, 0.0204109568149, 0.0174101162702, 0.0174051858485, 0.0123197026551, 0.00270733539946, 0.00161360821221, 0.00512553192675, 0.00536873796955, 0.0021295954939, 0.00205082097091, 0.00100568041671, 0.00113053177483, 0.00079550256487, 0.000509060162585, 0.000737506663427, 0.000365836953279, 0.000149376763147, 7.72258281359e-05, 7.45381039451e-05, 6.53356837574e-05, 6.38625206193e-05, 7.33572524041e-05, 7.70586484578e-05, 0.000103061975096, 8.80244770087e-05, 7.22851327737e-05, 6.25785905868e-05, 0.000184706004802, 0.000363708677469, 0.00030666886596, 0.000243944406975],
        "mean": [0.00070191611303, 0.000552816723939, 0.000250588753261, 0.000218509594561, 0.000564227171708, 0.000433572306065, 0.000269818672678, 0.000204313386348, 0.00016886391677, 0.00027591601247, 0.000490171601996, 0.00041703984607, 0.000337185279932, 5.71328673686e-05, 4.64590884803e-05, 5.3758652939e-05, 6.67245112709e-05, 5.78782019147e-05, 3.79567754862e-05, 2.17821798287e-05, 1.54571680469e-05, 1.27351931951e-05, 1.09197462734e-05, 1.1541823369e-05, 8.00671023171e-06, 5.11914913659e-06, 4.02619707529e-06, 3.92104720959e-06, 2.54410429079e-06, 1.64226173638e-06, 1.41378802709e-06, 1.47412492879e-06, 1.49527465965e-06, 1.38291068197e-06, 1.5561741975e-06, 1.51710082719e-06, 1.68222766206e-06, 1.59274077305e-06, 1.39389419473e-06, 1.42295812111e-06],
        "median": [0.000294457713608, 0.000338218320394, 0.000102901300124, 6.25794928055e-05, 0.000107914056571, 0.000119729033031, 7.5403972005e-05, 4.31911030319e-05, 4.88939185743e-05, 6.31450093351e-05, 5.97230464336e-05, 5.05280549987e-05, 2.69847878371e-05, 1.37154647746e-05, 1.76845187525e-05, 1.64355660672e-05, 1.44769765029e-05, 1.49462466652e-05, 1.38288896778e-05, 9.59061071626e-06, 6.17660271018e-06, 5.66625021747e-06, 4.86034696223e-06, 4.5530373427e-06, 3.86794181395e-06, 2.82831751974e-06, 2.32559068536e-06, 1.99060787054e-06, 1.42460055486e-06, 8.64502680997e-07, 6.81942481151e-07, 7.13169299615e-07, 6.7975327056e-07, 6.42147881535e-07, 6.9733420105e-07, 6.22682762241e-07, 6.12491362517e-07, 4.87806346428e-07, 4.37631285877e-07, 3.94590216501e-07],
        "min": [3.8022906305e-24, 8.44863797491e-24, 6.59440227338e-24, 1.21748800476e-23, 2.31037669171e-23, 2.70918374462e-23, 9.76043398534e-24, 6.49221480944e-24, 4.40637309602e-24, 1.11841441147e-23, 9.19595430941e-24, 6.20500435892e-24, 6.29094010492e-24, 4.89560648564e-24, 9.07596383256e-24, 1.73471096815e-23, 4.14413522074e-24, 1.11221925012e-23, 9.25479781092e-24, 1.03712489842e-23, 1.32651047512e-23, 1.46570151086e-23, 8.59789440248e-24, 5.97952424638e-24, 5.86552871798e-24, 8.33835995352e-24, 9.21083301495e-24, 1.00015051448e-23, 1.84705375407e-23, 7.69973129681e-24, 4.32226159086e-24, 1.19578920227e-23, 1.10874234568e-23, 1.71948279724e-23, 1.14257225117e-23, 8.59699983421e-24, 1.10333588747e-23, 1.22227473384e-23, 6.14608473234e-24, 1.40173719768e-23],
        "var": [1.21401762954e-06, 5.77401067403e-07, 2.96634851793e-07, 8.70183612278e-07, 2.69782412943e-06, 8.9136420911e-07, 7.06378557425e-07, 6.77051843923e-07, 3.36885818797e-07, 6.9773074074e-07, 1.71851115738e-06, 1.50622679485e-06, 8.11161726233e-07, 1.76162977539e-08, 6.43655884147e-09, 2.99440294782e-08, 3.09098204809e-08, 1.482946832e-08, 8.12037548314e-09, 1.70709557601e-09, 1.47256040695e-09, 8.63020044317e-10, 3.94038163209e-10, 1.11201869935e-09, 1.54647031292e-10, 5.17311610215e-11, 2.77441663393e-11, 3.09262962461e-11, 1.26287305266e-11, 6.6227249379e-12, 7.67128895129e-12, 1.14081270472e-11, 1.22709334013e-11, 1.14714696076e-11, 1.08030476925e-11, 1.04840329126e-11, 2.99705746332e-11, 7.71077368622e-11, 4.4969122176e-11, 3.55337183289e-11]
    },
    "mfcc": {
        "mean": [-653.161254883, 108.955467224, -5.70097637177, 0.321982115507, 1.38910579681, -1.72467565536, 0.585011482239, 4.1826543808, 1.08986330032, 6.24156904221, -1.29500675201, -2.56422686577, -0.994004309177],
        "cov": [[3359.44384766, -40.7064819336, 317.402069092, 51.508266449, 277.426055908, 104.171958923, 185.140731812, 93.2814025879, -120.013122559, 65.8775787354, 6.28771209717, -103.66292572, 78.9992675781], [-40.7064819336, 784.137451172, -201.295150757, 14.3650512695, 46.5982246399, 12.8704309464, 82.7801818848, 72.9757003784, 0.670148432255, 21.0734901428, -2.51451158524, -34.8376617432, 2.97367954254], [317.402069092, -201.295150757, 1132.07348633, 388.728088379, 432.878143311, 152.117523193, -49.6142845154, -28.9761543274, -97.1800460815, -98.5628356934, -14.5769472122, 25.4305648804, 94.4539337158], [51.508266449, 14.3650512695, 388.728088379, 496.828521729, 250.475524902, 83.7472610474, -54.3944473267, -19.2051048279, -24.414396286, -53.9609031677, 12.5572566986, 74.8232421875, 58.3486747742], [277.426055908, 46.5982246399, 432.878143311, 250.475524902, 382.712036133, 82.1167831421, -1.04519379139, 21.9413890839, -29.6429901123, -39.4270515442, 0.0182638913393, 20.7313766479, 76.7923202515], [104.171958923, 12.8704309464, 152.117523193, 83.7472610474, 82.1167831421, 201.627304077, 101.378578186, 32.9782371521, 10.3024778366, 20.1267433167, 10.4814882278, -2.89714670181, 20.7526054382], [185.140731812, 82.7801818848, -49.6142845154, -54.3944473267, -1.04519379139, 101.378578186, 240.794540405, 81.9145812988, 19.8977413177, 68.7109069824, 16.6942768097, -40.5108642578, 4.67884016037], [93.2814025879, 72.9757003784, -28.9761543274, -19.2051048279, 21.9413890839, 32.9782371521, 81.9145812988, 125.658569336, 51.0003585815, 36.6580924988, 14.347533226, -11.4590272903, 7.56263685226], [-120.013122559, 0.670148432255, -97.1800460815, -24.414396286, -29.6429901123, 10.3024778366, 19.8977413177, 51.0003585815, 118.852050781, 45.6514968872, 18.0015563965, 13.6982698441, -10.5989274979], [65.8775787354, 21.0734901428, -98.5628356934, -53.9609031677, -39.4270515442, 20.1267433167, 68.7109069824, 36.6580924988, 45.6514968872, 122.18938446, 53.0089797974, -4.72686767578, -1.78904700279], [6.28771209717, -2.51451158524, -14.5769472122, 12.5572566986, 0.0182638913393, 10.4814882278, 16.6942768097, 14.347533226, 18.0015563965, 53.0089797974, 102.001731873, 47.0340919495, 15.6213035583], [-103.66292572, -34.8376617432, 25.4305648804, 74.8232421875, 20.7313766479, -2.89714670181, -40.5108642578, -11.4590272903, 13.6982698441, -4.72686767578, 47.0340919495, 123.67578125, 44.0792198181], [78.9992675781, 2.97367954254, 94.4539337158, 58.3486747742, 76.7923202515, 20.7526054382, 4.67884016037, 7.56263685226, -10.5989274979, -1.78904700279, 15.6213035583, 44.0792198181, 108.168991089]],
