{
"lowlevel": {
    "average_loudness": 0.837130427361,
    "barkbands_crest": {
        "dmean": 2.69338417053,
        "dmean2": 4.26104211807,
        "dvar": 5.9783449173,
        "dvar2": 13.3579778671,
        "max": 26.1152648926,
        "mean": 9.42595100403,
        "median": 8.11353302002,
        "min": 2.27049541473,
        "var": 22.8006572723
    },
    "barkbands_flatness_db": {
        "dmean": 0.0203673113137,
        "dmean2": 0.0305470749736,
        "dvar": 0.000373694172595,
        "dvar2": 0.000773727835622,
        "max": 0.35037574172,
        "mean": 0.114878073335,
        "median": 0.105521589518,
        "min": 0.023672727868,
        "var": 0.00238848128356
    },
    "barkbands_kurtosis": {
        "dmean": 2.26698231697,
        "dmean2": 3.45876693726,
        "dvar": 26.2322444916,
        "dvar2": 57.5940856934,
        "max": 162.393890381,
        "mean": 2.96885919571,
        "median": 0.499916791916,
        "min": -1.88989698887,
        "var": 73.4337463379
    },
    "barkbands_skewness": {
        "dmean": 0.488426476717,
        "dmean2": 0.736794531345,
        "dvar": 0.297244817019,
        "dvar2": 0.619508385658,
        "max": 12.032119751,
        "mean": 1.3070756197,
        "median": 1.06133294106,
        "min": -2.70250034332,
        "var": 1.59631431103
    },
    "barkbands_spread": {
        "dmean": 7.65662050247,
        "dmean2": 11.4237623215,
        "dvar": 84.9969863892,
        "dvar2": 187.48046875,
        "max": 110.162025452,
        "mean": 30.4628868103,
        "median": 28.0204410553,
        "min": 1.48585367203,
        "var": 302.657653809
    },
    "dissonance": {
        "dmean": 0.0144444229081,
        "dmean2": 0.0244329664856,
        "dvar": 0.000205087329959,
        "dvar2": 0.000554342870601,
        "max": 0.500000059605,
        "mean": 0.475184977055,
        "median": 0.480649471283,
        "min": 0.294550955296,
        "var": 0.000446901889518
    },
    "dynamic_complexity": 3.85362029076,
    "erbbands_crest": {
        "dmean": 2.42644524574,
        "dmean2": 3.97050976753,
        "dvar": 5.59012269974,
        "dvar2": 13.6591091156,
        "max": 30.5284366608,
        "mean": 7.45835733414,
        "median": 6.53450107574,
        "min": 2.17392325401,
        "var": 14.42827034
    },
    "erbbands_flatness_db": {
        "dmean": 0.0164386592805,
        "dmean2": 0.0232255253941,
        "dvar": 0.000263481430011,
        "dvar2": 0.000463647098513,
        "max": 0.333767592907,
        "mean": 0.13259793818,
        "median": 0.118397302926,
        "min": 0.0414808951318,
        "var": 0.00323222670704
    },
    "erbbands_kurtosis": {
        "dmean": 0.653937518597,
        "dmean2": 1.02936792374,
        "dvar": 0.84627622366,
        "dvar2": 1.879778862,
        "max": 25.4560470581,
        "mean": -0.0377876758575,
        "median": -0.443964958191,
        "min": -1.77470362186,
        "var": 2.37273001671
    },
    "erbbands_skewness": {
        "dmean": 0.315309613943,
        "dmean2": 0.488204419613,
        "dvar": 0.0833013579249,
        "dvar2": 0.188641369343,
        "max": 3.48495340347,
        "mean": 0.083249412477,
        "median": 0.0405876338482,
        "min": -3.30549907684,
        "var": 0.376450836658
    },
    "erbbands_spread": {
        "dmean": 8.87252616882,
        "dmean2": 12.9703063965,
        "dvar": 85.3506011963,
        "dvar2": 174.12171936,
        "max": 165.078262329,
        "mean": 44.8350296021,
        "median": 43.1572265625,
        "min": 2.31606626511,
        "var": 484.244110107
    },
    "hfc": {
        "dmean": 10.2737398148,
        "dmean2": 14.2189626694,
        "dvar": 262.06338501,
        "dvar2": 549.055908203,
        "max": 231.955627441,
        "mean": 23.1631088257,
        "median": 14.8893613815,
        "min": 1.15170077221e-16,
        "var": 591.265136719
    },
    "melbands_crest": {
        "dmean": 3.76420331001,
        "dmean2": 6.07935762405,
        "dvar": 11.5586643219,
        "dvar2": 26.2245864868,
        "max": 36.3410987854,
        "mean": 13.9181928635,
        "median": 12.4177627563,
        "min": 1.92595303059,
        "var": 40.4909172058
    },
    "melbands_flatness_db": {
        "dmean": 0.0242358595133,
        "dmean2": 0.0361932329834,
        "dvar": 0.000591431453358,
        "dvar2": 0.00123370566871,
        "max": 0.463340461254,
        "mean": 0.161461785436,
        "median": 0.152155935764,
        "min": 0.00387525255792,
        "var": 0.00369906867854
    },
    "melbands_kurtosis": {
        "dmean": 7.26956319809,
        "dmean2": 11.1320505142,
        "dvar": 272.437591553,
        "dvar2": 615.706054688,
        "max": 469.400299072,
        "mean": 14.2349691391,
        "median": 5.90613079071,
        "min": -1.76566827297,
        "var": 752.298400879
    },
    "melbands_skewness": {
        "dmean": 0.727522134781,
        "dmean2": 1.08137893677,
        "dvar": 0.747884690762,
        "dvar2": 1.54100191593,
        "max": 19.486907959,
        "mean": 2.66370034218,
        "median": 2.23667359352,
        "min": -2.82279682159,
        "var": 4.160176754
    },
    "melbands_spread": {
        "dmean": 8.21538829803,
        "dmean2": 12.8353090286,
        "dvar": 106.58278656,
        "dvar2": 253.754852295,
        "max": 223.886444092,
        "mean": 29.2561950684,
        "median": 26.3630981445,
        "min": 0.908297181129,
        "var": 353.694061279
    },
    "pitch_salience": {
        "dmean": 0.0755612328649,
        "dmean2": 0.11826132983,
        "dvar": 0.00473992293701,
        "dvar2": 0.0107832681388,
        "max": 0.922855734825,
        "mean": 0.568594396114,
        "median": 0.591232597828,
        "min": 0.0692888274789,
        "var": 0.017709614709
    },
    "silence_rate_20dB": {
        "dmean": 0,
        "dmean2": 0,
        "dvar": 0,
        "dvar2": 0,
        "max": 1,
        "mean": 1,
        "median": 1,
        "min": 1,
        "var": 0
    },
    "silence_rate_30dB": {
        "dmean": 0.0036891293712,
        "dmean2": 0.00737916631624,
        "dvar": 0.00367529410869,
        "dvar2": 0.00929158274084,
        "max": 1,
        "mean": 0.997049033642,
        "median": 1,
        "min": 0,
        "var": 0.00294287316501
    },
    "silence_rate_60dB": {
        "dmean": 0.0191834717989,
        "dmean2": 0.0383716635406,
        "dvar": 0.0188138820231,
        "dvar2": 0.044026453048,
        "max": 1,
        "mean": 0.109184801579,
        "median": 0,
        "min": 0,
        "var": 0.0972613021731
    },
    "spectral_centroid": {
        "dmean": 271.985839844,
        "dmean2": 426.464996338,
        "dvar": 85641.859375,
        "dvar2": 196740.578125,
        "max": 10774.6601562,
        "mean": 1720.20129395,
        "median": 1719.484375,
        "min": 297.408050537,
        "var": 338155.84375
    },
    "spectral_complexity": {
        "dmean": 4.23979330063,
        "dmean2": 6.2668800354,
        "dvar": 24.3347244263,
        "dvar2": 48.9562568665,
        "max": 59,
        "mean": 19.3407115936,
        "median": 19,
        "min": 0,
        "var": 131.653091431
    },
    "spectral_decrease": {
        "dmean": 1.83989201652e-09,
        "dmean2": 2.66314281738e-09,
        "dvar": 6.92144742402e-18,
        "dvar2": 1.37532201978e-17,
        "max": -3.75642163409e-29,
        "mean": -5.17880272e-09,
        "median": -3.63490570976e-09,
        "min": -4.13454195325e-08,
        "var": 2.40866722569e-17
    },
    "spectral_energy": {
        "dmean": 0.00759960664436,
        "dmean2": 0.0108914459124,
        "dvar": 0.000112951536721,
        "dvar2": 0.000219536712393,
        "max": 0.166157871485,
        "mean": 0.0216469317675,
        "median": 0.0153094641864,
        "min": 1.05880427032e-20,
        "var": 0.000401683355449
    },
    "spectral_energyband_high": {
        "dmean": 0.000783011491876,
        "dmean2": 0.00111774913967,
        "dvar": 2.27704663303e-06,
        "dvar2": 5.10086329086e-06,
        "max": 0.0192909408361,
        "mean": 0.00127209280618,
        "median": 0.000592248863541,
        "min": 7.56097202042e-21,
        "var": 3.46701858689e-06
    },
    "spectral_energyband_low": {
        "dmean": 0.00398025801405,
        "dmean2": 0.0059339418076,
        "dvar": 5.71562668483e-05,
        "dvar2": 0.000115771668789,
        "max": 0.121634542942,
        "mean": 0.00826855190098,
        "median": 0.00340330693871,
        "min": 8.83091918071e-23,
        "var": 0.000165069286595
    },
    "spectral_energyband_middle_high": {
        "dmean": 0.00217878352851,
        "dmean2": 0.00303036021069,
        "dvar": 1.82744697668e-05,
        "dvar2": 3.31263508997e-05,
        "max": 0.11717223376,
        "mean": 0.0055309520103,
        "median": 0.00281726964749,
        "min": 1.54865648914e-21,
        "var": 6.70862864354e-05
    },
    "spectral_energyband_middle_low": {
        "dmean": 0.0041688955389,
        "dmean2": 0.00650841742754,
        "dvar": 5.31929508725e-05,
        "dvar2": 0.000130334810819,
        "max": 0.119302988052,
        "mean": 0.00774031644687,
        "median": 0.00480298791081,
        "min": 4.61051964867e-22,
        "var": 8.72699674801e-05
    },
    "spectral_entropy": {
        "dmean": 0.146201476455,
        "dmean2": 0.210003197193,
        "dvar": 0.023822799325,
        "dvar2": 0.0473900139332,
        "max": 9.7991399765,
        "mean": 7.86883497238,
        "median": 7.88158512115,
        "min": 5.99283599854,
        "var": 0.12321844697
    },
    "spectral_flux": {
        "dmean": 0.0234113913029,
        "dmean2": 0.034847881645,
        "dvar": 0.000677944801282,
        "dvar2": 0.00138175487518,
        "max": 0.336311340332,
        "mean": 0.0832955688238,
        "median": 0.0739341378212,
        "min": 1.02898217724e-10,
        "var": 0.00259495456703
    },
    "spectral_kurtosis": {
        "dmean": 1.03506565094,
        "dmean2": 1.650583148,
        "dvar": 1.25986325741,
        "dvar2": 3.36837887764,
        "max": 23.0079154968,
        "mean": 3.79044604301,
        "median": 3.32430934906,
        "min": -1.2072378397,
        "var": 5.08919811249
    },
    "spectral_rms": {
        "dmean": 0.000741562980693,
        "dmean2": 0.00104337674566,
        "dvar": 7.00792156749e-07,
        "dvar2": 1.24807547763e-06,
        "max": 0.0127320550382,
        "mean": 0.00411431957036,
        "median": 0.00386472023092,
        "min": 3.2140002465e-12,
        "var": 4.19134403273e-06
    },
    "spectral_rolloff": {
        "dmean": 801.15032959,
        "dmean2": 1289.8972168,
        "dvar": 1775371.375,
        "dvar2": 4208298,
        "max": 18669.2871094,
        "mean": 2165.74072266,
        "median": 1808.7890625,
        "min": 64.599609375,
        "var": 3532302.5
    },
    "spectral_skewness": {
        "dmean": 0.151332601905,
        "dmean2": 0.239257052541,
        "dvar": 0.0209037736058,
        "dvar2": 0.0504058040679,
        "max": 3.58594274521,
        "mean": 1.44690716267,
        "median": 1.43002295494,
        "min": 0.0292335022241,
        "var": 0.110773086548
    },
    "spectral_spread": {
        "dmean": 711804.8125,
        "dmean2": 943379.3125,
        "dvar": 802383986688,
        "dvar2": 1.4546656297e+12,
        "max": 40894300,
        "mean": 5270138,
        "median": 5018747,
        "min": 1388933.375,
        "var": 3.61119901286e+12
    },
    "spectral_strongpeak": {
        "dmean": 0.464464694262,
        "dmean2": 0.775572240353,
        "dvar": 0.646942257881,
        "dvar2": 1.58303880692,
        "max": 13.7968711853,
        "mean": 0.755404174328,
        "median": 0.388125479221,
        "min": 0,
        "var": 1.07472717762
    },
    "zerocrossingrate": {
        "dmean": 0.015046171844,
        "dmean2": 0.0170828178525,
        "dvar": 0.000274437537882,
        "dvar2": 0.000320750899846,
        "max": 0.57177734375,
        "mean": 0.0852518156171,
        "median": 0.0771484375,
        "min": 0.0048828125,
        "var": 0.00200789910741
    },
    "barkbands": {
        "dmean": [0.000249513133895, 0.00274494988844, 0.0020374415908, 0.00166773376986, 0.000970671360847, 0.000926833134145, 0.000633557327092, 0.000524356437381, 0.000939192599617, 0.000717487244401, 0.000512011349201, 0.000543612579349, 0.000317618600093, 0.000417484727222, 0.000306956208078, 0.000224901843467, 0.00021936527628, 0.000264777365373, 0.000187362878933, 0.000132461253088, 0.000119872958749, 0.000124058569781, 0.000122670055134, 0.000129994325107, 0.000141810247442, 0.000162925993209, 1.28537834598e-07],
        "dmean2": [0.000397653668188, 0.0039509255439, 0.00312233041041, 0.0028933591675, 0.00160367949866, 0.0014914405765, 0.00101833778899, 0.000850984011777, 0.00144144787919, 0.00109997403342, 0.000783770577982, 0.000832915480714, 0.000496865832247, 0.00066204299219, 0.000500236463267, 0.000352391623892, 0.000348615722032, 0.000411295884987, 0.000289374002023, 0.000206910612178, 0.000188118967344, 0.000193515093997, 0.000185590368346, 0.000187945479411, 0.000209538877243, 0.000238265114604, 2.27965443855e-07],
        "dvar": [3.00461550751e-07, 3.0044995583e-05, 3.29013601004e-05, 2.65477901848e-05, 3.03816136693e-06, 3.96042196371e-06, 3.5186999412e-06, 2.23368806473e-06, 6.91325203661e-06, 4.07731931773e-06, 3.62564924217e-06, 3.97953135689e-06, 1.69508496128e-06, 1.28057581605e-06, 4.86628323415e-07, 2.77665520798e-07, 3.19855814723e-07, 5.64444292195e-07, 1.12346029368e-07, 5.7760551897e-08, 5.40471596366e-08, 6.34870289673e-08, 7.50637880742e-08, 6.87346002337e-08, 1.03627336046e-07, 1.16084706292e-07, 1.54442729222e-13],
        "dvar2": [7.33720810331e-07, 6.22594234301e-05, 7.62826821301e-05, 7.34911882319e-05, 7.9438323155e-06, 9.44468411035e-06, 8.67548806127e-06, 5.76314869249e-06, 1.49112775034e-05, 8.90237970452e-06, 7.84733038017e-06, 8.48833769851e-06, 3.81542531613e-06, 2.78338757198e-06, 1.24041991967e-06, 6.28681448234e-07, 7.62469255733e-07, 1.36805522288e-06, 2.59223412513e-07, 1.31405954562e-07, 1.26189988237e-07, 1.58481356038e-07, 1.8054214479e-07, 1.54197380198e-07, 2.51057770129e-07, 2.56296573298e-07, 4.20382397512e-13],
        "max": [0.0102729918435, 0.0870019719005, 0.0961013138294, 0.0862316638231, 0.0280084982514, 0.0591523088515, 0.0564184263349, 0.0319127067924, 0.0623672865331, 0.0627129375935, 0.0715394616127, 0.0702214762568, 0.0574191063643, 0.0451674722135, 0.0167280472815, 0.0120521364734, 0.0205893367529, 0.0392773076892, 0.0108756786212, 0.00539314094931, 0.0035404167138, 0.00382235297002, 0.00564430421218, 0.00373800774105, 0.00884431228042, 0.00573857268319, 8.64805861056e-06],
        "mean": [0.00031506337109, 0.00481111183763, 0.00219660135917, 0.00153667118866, 0.00158194452524, 0.00132914364804, 0.000872959732078, 0.000699356372934, 0.00129797949921, 0.00101731845643, 0.0007147360011, 0.000764641794376, 0.00043119219481, 0.000601077103056, 0.00047583412379, 0.000337159173796, 0.000394130329369, 0.000489816011395, 0.000379950157367, 0.000253909616731, 0.000210998667171, 0.00019388119108, 0.000177781417733, 0.000186425691936, 0.000183827040019, 0.000193311920157, 9.36159949561e-08],
        "median": [6.5144697146e-05, 0.00129143462982, 0.000561068125535, 0.000427217368269, 0.0010023546638, 0.000591288611759, 0.000278141436866, 0.000191541766981, 0.000299057195662, 0.000251073011896, 0.000183070776984, 0.000170125931618, 0.000106895415229, 0.00020505215798, 0.00019280530978, 0.000117644616694, 0.000178508154931, 0.000221523805521, 0.000204686148209, 0.000140034026117, 0.000107854328235, 8.58452476677e-05, 6.81154342601e-05, 7.23145640222e-05, 5.25996765646e-05, 3.76035786758e-05, 4.87580242847e-09],
        "min": [3.46320760564e-23, 3.35537284425e-23, 3.01636113241e-23, 2.07465337809e-23, 3.4679139498e-23, 3.56246839562e-23, 3.53829422649e-23, 1.68647215535e-22, 1.2928188254e-22, 6.63901425084e-23, 6.80509029732e-23, 1.1899453049e-22, 1.33565624447e-22, 7.7082855467e-23, 1.16106150996e-22, 2.46387892645e-22, 1.48866231725e-22, 2.97697299186e-22, 2.0039104147e-22, 2.76970452218e-22, 4.60616362186e-22, 6.00882949815e-22, 5.11851981834e-22, 6.39104762664e-22, 1.47162256829e-21, 1.43356418218e-21, 2.54981089538e-21],
        "var": [4.31800998513e-07, 7.81295457273e-05, 3.3410400647e-05, 1.80737479241e-05, 4.26447604696e-06, 6.47297838441e-06, 4.65255061499e-06, 3.45417629433e-06, 1.22915707834e-05, 7.07130584487e-06, 5.83225482842e-06, 6.74987495586e-06, 2.31624335356e-06, 2.08732558349e-06, 8.27947133075e-07, 4.57312211211e-07, 7.21356570921e-07, 9.75747411758e-07, 2.75482449297e-07, 1.21349245319e-07, 8.9640650458e-08, 8.61024105347e-08, 9.54402139541e-08, 1.01117713314e-07, 1.2915469938e-07, 1.50307982949e-07, 1.09025771267e-13]
    },
    "erbbands": {
        "dmean": [0.100008368492, 0.632620513439, 1.93195331097, 4.47811508179, 3.27933096886, 3.80703282356, 5.54195737839, 8.12484455109, 9.44521427155, 7.89130544662, 14.0961761475, 20.0982990265, 24.7327327728, 18.3313503265, 18.7771091461, 21.3637714386, 14.2185058594, 19.888217926, 15.3024845123, 14.4280157089, 11.1516199112, 11.1698665619, 12.588142395, 12.1660223007, 8.04654121399, 6.28128623962, 5.18688964844, 4.56603336334, 4.71175432205, 3.79058432579, 3.43457961082, 2.7253036499, 2.21967577934, 1.75992119312, 0.950696051121, 0.601642608643, 0.338257372379, 0.0379777848721, 0.000660472607706, 3.40872902598e-05],
        "dmean2": [0.146014079452, 0.866208136082, 2.85536360741, 7.42297554016, 5.49226903915, 6.3116145134, 9.15010643005, 13.1287183762, 15.368894577, 12.505115509, 22.5943641663, 30.3526611328, 38.2409439087, 27.8176746368, 28.2353000641, 32.4522895813, 21.7849349976, 31.225692749, 24.5435390472, 22.9561157227, 17.2291603088, 17.260181427, 19.4207038879, 18.8736400604, 12.3664922714, 9.87399101257, 8.27140903473, 7.14125156403, 7.4510474205, 5.84571886063, 5.21133947372, 3.98203706741, 3.22614264488, 2.63175368309, 1.39964067936, 0.876251459122, 0.498312830925, 0.0573849529028, 0.000988635700196, 4.87795805384e-05],
        "dvar": [0.0465585552156, 1.73707139492, 26.1368255615, 175.167282104, 60.791305542, 58.2678451538, 119.992469788, 374.366912842, 650.205383301, 629.758422852, 1577.29211426, 3530.32763672, 5399.96044922, 2549.93579102, 5923.71337891, 6750.92138672, 3067.2409668, 2986.99023438, 1504.35510254, 962.073730469, 717.284790039, 789.096130371, 987.364746094, 763.683898926, 202.352737427, 124.22328949, 94.9721603394, 93.718170166, 96.558631897, 63.091594696, 58.6787605286, 31.3135166168, 19.9125862122, 17.3973484039, 4.43471956253, 1.53484201431, 0.517726898193, 0.00834669265896, 2.36981622947e-06, 4.10902911696e-09],
        "dvar2": [0.0961248576641, 3.29656338692, 56.2415924072, 447.309906006, 165.735565186, 154.581192017, 303.70300293, 859.213806152, 1611.75585938, 1511.97802734, 3915.59277344, 7268.91748047, 12213.0986328, 5505.84423828, 12980.0146484, 14325.5107422, 6622.17822266, 6483.82373047, 3631.82177734, 2363.07666016, 1582.34631348, 1778.56945801, 2364.00317383, 1805.45727539, 464.703277588, 285.340118408, 226.403717041, 221.208557129, 245.541641235, 151.489730835, 141.420593262, 68.9814300537, 45.8768386841, 43.3388977051, 10.3814373016, 3.46702623367, 1.15591049194, 0.0195374134928, 5.47300169274e-06, 8.96869689626e-09],
        "max": [3.3466053009, 23.7777671814, 88.75365448, 214.466690063, 199.590560913, 127.563865662, 223.557785034, 611.060424805, 739.52532959, 863.158935547, 930.865905762, 1432.33361816, 2392.21655273, 1391.42822266, 3369.7956543, 2829.36962891, 2445.15185547, 2596.57055664, 1402.3380127, 669.331726074, 832.601379395, 888.985595703, 1583.81384277, 1256.35302734, 339.211730957, 237.542160034, 174.202011108, 114.577941895, 122.38293457, 185.270385742, 140.815689087, 75.9225463867, 66.395652771, 107.658981323, 56.2195549011, 30.5372409821, 12.9238862991, 2.134090662, 0.0348552018404, 0.00126361160073],
        "mean": [0.151977166533, 1.02114927769, 2.35742878914, 4.58266448975, 4.19590425491, 5.74752473831, 8.35317897797, 11.0762729645, 13.3554201126, 11.5613183975, 20.8115100861, 28.1294250488, 34.3439369202, 28.6836071014, 27.1803245544, 31.388469696, 21.6497268677, 30.0834178925, 24.9165554047, 23.7146892548, 19.5596103668, 21.274564743, 24.3326263428, 24.6977214813, 16.3270168304, 12.2601327896, 9.689868927, 7.47445297241, 7.08022403717, 5.84680318832, 4.97107982635, 3.90895438194, 3.10330724716, 2.19524621964, 1.24564099312, 0.760412454605, 0.389498859644, 0.0406773984432, 0.000734538887627, 5.78468134336e-05],
        "median": [0.0379325151443, 0.263883054256, 0.671604931355, 1.44858562946, 2.0858669281, 3.21800041199, 3.9872815609, 4.42826652527, 4.63380384445, 4.62559366226, 5.70502948761, 6.66757822037, 8.69559764862, 7.5619597435, 7.4375872612, 7.24173879623, 6.05339336395, 10.3247690201, 10.6777086258, 10.052482605, 8.08583831787, 9.87289524078, 11.8097019196, 12.5589866638, 8.75508499146, 6.73620557785, 5.67222881317, 3.36264777184, 3.0631146431, 2.48143696785, 1.85272848606, 1.51484763622, 1.15129232407, 0.623889446259, 0.357679396868, 0.180076211691, 0.0673913732171, 0.00630104215816, 0.000133300971356, 3.372847641e-05],
        "min": [1.87473518616e-21, 4.72076378059e-21, 2.90585059522e-20, 4.9134664095e-20, 1.05616540261e-19, 7.74444035717e-20, 2.74428309303e-19, 2.90262303986e-19, 3.43084300145e-19, 1.88740509383e-18, 3.5304399416e-18, 2.63735681567e-18, 3.25368516098e-18, 1.78684247201e-18, 3.14217893966e-18, 5.85124776494e-18, 5.80117190502e-18, 3.26708734806e-18, 7.45264833774e-18, 6.38469447403e-18, 1.40359364691e-17, 8.55624624123e-18, 1.73457408716e-17, 1.35169410189e-17, 8.8437121836e-18, 1.07069869714e-17, 1.69029395092e-17, 2.04865258051e-17, 2.17217066374e-17, 1.81411527855e-17, 1.578823257e-17, 1.2342280029e-17, 1.0463867836e-17, 1.30060651736e-17, 1.2082097812e-17, 4.41814535957e-18, 2.81563801912e-18, 1.22344861943e-18, 3.75163708469e-19, 3.71596511464e-20],
        "var": [0.0932887792587, 4.00597810745, 32.8867530823, 142.601074219, 55.7762451172, 69.3711090088, 205.966964722, 571.50213623, 854.76550293, 882.807434082, 2980.01318359, 6564.35351562, 8306.72070312, 5314.91308594, 8476.40820312, 11749.5292969, 4791.06005859, 5102.96679688, 2399.82885742, 1737.67163086, 1403.22814941, 1935.01989746, 1955.06408691, 1606.21252441, 506.087554932, 268.638824463, 163.67817688, 135.734359741, 121.537574768, 89.639175415, 74.5581436157, 44.6493797302, 29.3499965668, 19.3921356201, 6.04748344421, 2.1025583744, 0.647856652737, 0.00887053925544, 2.62531534645e-06, 5.92403193167e-09]
    },
    "gfcc": {
        "mean": [2.33335471153, 60.1998405457, -117.17326355, 29.1342735291, -57.8341331482, 15.3652439117, -40.7761993408, 15.6105155945, -29.7659740448, 6.06926441193, -20.1213302612, 4.9238409996, -14.6338043213],
        "cov": [[7416.44970703, -719.121582031, 1341.92224121, 484.608581543, 58.3294448853, 264.646118164, -55.0297164917, 270.384033203, -85.9032745361, 292.612457275, -102.589187622, 56.9790229797, -275.129333496], [-719.121582031, 900.870178223, -100.269447327, 33.4230461121, 147.473205566, -3.15646600723, 131.407196045, 5.20290756226, 71.6284408569, -56.9550132751, 129.617034912, -15.2695379257, 83.1097259521], [1341.92224121, -100.269447327, 1654.04968262, 673.974609375, 261.250976562, 218.412216187, 6.35937309265, 96.091796875, -16.4028320312, 222.367095947, -28.316028595, 110.262153625, -112.473182678], [484.608581543, 33.4230461121, 673.974609375, 576.169128418, 182.018325806, 118.080856323, 28.7918701172, 52.3233261108, 55.8363227844, 92.9365005493, 15.3949546814, 49.8396644592, -22.5614109039], [58.3294448853, 147.473205566, 261.250976562, 182.018325806, 235.23109436, 115.97253418, 83.6390457153, 37.0276756287, 30.2939434052, 42.7859649658, 14.3038187027, 23.3136730194, -7.61879348755], [264.646118164, -3.15646600723, 218.412216187, 118.080856323, 115.97253418, 222.755645752, 112.868423462, 15.5139780045, 0.950481593609, 44.3606147766, 14.514298439, 7.15998935699, -15.6717443466], [-55.0297164917, 131.407196045, 6.35937309265, 28.7918701172, 83.6390457153, 112.868423462, 164.464859009, 46.2503585815, 19.248500824, 4.90340137482, 36.5979194641, 4.5415892601, 6.9007806778], [270.384033203, 5.20290756226, 96.091796875, 52.3233261108, 37.0276756287, 15.5139780045, 46.2503585815, 126.619255066, 58.9135932922, 24.3369655609, 6.68779039383, 14.0659265518, -1.07697546482], [-85.9032745361, 71.6284408569, -16.4028320312, 55.8363227844, 30.2939434052, 0.950481593609, 19.248500824, 58.9135932922, 120.191741943, 27.671087265, 18.3072605133, 2.48037981987, 24.1708393097], [292.612457275, -56.9550132751, 222.367095947, 92.9365005493, 42.7859649658, 44.3606147766, 4.90340137482, 24.3369655609, 27.671087265, 115.159317017, 22.5475940704, 26.339553833, -12.9764556885], [-102.589187622, 129.617034912, -28.316028595, 15.3949546814, 14.3038187027, 14.514298439, 36.5979194641, 6.68779039383, 18.3072605133, 22.5475940704, 102.056297302, 30.7274246216, 26.8149051666], [56.9790229797, -15.2695379257, 110.262153625, 49.8396644592, 23.3136730194, 7.15998935699, 4.5415892601, 14.0659265518, 2.48037981987, 26.339553833, 30.7274246216, 74.4392089844, 21.8011188507], [-275.129333496, 83.1097259521, -112.473182678, -22.5614109039, -7.61879348755, -15.6717443466, 6.9007806778, -1.07697546482, 24.1708393097, -12.9764556885, 26.8149051666, 21.8011188507, 83.6372680664]],
        "icov": [[0.000214069659705, -2.58332947851e-05, 7.87477165431e-06, -9.75418879534e-05, 0.00021713359456, -0.000363482860848, 0.000361185928341, -0.000690965389367, 0.000420490279794, -0.000353823881596, 0.000121558288811, -0.00010783525795, 0.000439833849669], [-2.58332947851e-05, 0.00270104734227, -0.000811778998468, 0.00051078206161, -0.00214524264447, 0.00221731630154, -0.00215558055788, 0.00156384019647, -0.00150059536099, 0.00241193547845, -0.00374370184727, 0.00308615714312, -0.00210111355409], [7.87477165431e-06, -0.000811778998468, 0.00227854261175, -0.00185491482262, 0.000242380046984, -0.00149500835687, 0.00161725177895, -0.00172104476951, 0.00215022987686, -0.00266842823476, 0.00213648751378, -0.00258785905316, 0.00193682918325], [-9.75418879534e-05, 0.00051078206161, -0.00185491482262, 0.00431153317913, -0.00182262412272, 0.000281610700767, -0.000113763591798, 0.00132101052441, -0.00276121916249, 0.00159194739535, -0.00160239741672, 0.0007935782196, -0.000894822936971], [0.00021713359456, -0.00214524264447, 0.000242380046984, -0.00182262412272, 0.00944892410189, -0.00361384171993, -0.000613447104115, -0.00143308774568, 0.000331071263645, -0.00216203182936, 0.00367097812705, -0.00345041183755, 0.00218733609654], [-0.000363482860848, 0.00221731630154, -0.00149500835687, 0.000281610700767, -0.00361384171993, 0.0122754117474, -0.0091850142926, 0.00482763769105, -0.00129845843185, 0.00024005160958, -0.00227601313964, 0.00396920414641, -0.00243498268537], [0.000361185928341, -0.00215558055788, 0.00161725177895, -0.000113763591798, -0.000613447104115, -0.0091850142926, 0.0164800621569, -0.00764796789736, 0.00295834150165, -0.000213746301597, -0.000956733711064, -0.00177147379145, 0.00211948598735], [-0.000690965389367, 0.00156384019647, -0.00172104476951, 0.00132101052441, -0.00143308774568, 0.00482763769105, -0.00764796789736, 0.0164865404367, -0.00911102071404, 0.00260707340203, -0.000856411934365, -0.000178109068656, -0.000809111341368], [0.000420490279794, -0.00150059536099, 0.00215022987686, -0.00276121916249, 0.000331071263645, -0.00129845843185, 0.00295834150165, -0.00911102071404, 0.0166614428163, -0.00642952835187, 0.00164521834813, 0.00129017350264, -0.00222988659516], [-0.000353823881596, 0.00241193547845, -0.00266842823476, 0.00159194739535, -0.00216203182936, 0.00024005160958, -0.000213746301597, 0.00260707340203, -0.00642952835187, 0.0175498407334, -0.00715698627755, 0.000832874211483, -0.000161911186296], [0.000121558288811, -0.00374370184727, 0.00213648751378, -0.00160239741672, 0.00367097812705, -0.00227601313964, -0.000956733711064, -0.000856411934365, 0.00164521834813, -0.00715698627755, 0.0195908024907, -0.00961714982986, 0.00117659475654], [-0.00010783525795, 0.00308615714312, -0.00258785905316, 0.0007935782196, -0.00345041183755, 0.00396920414641, -0.00177147379145, -0.000178109068656, 0.00129017350264, 0.000832874211483, -0.00961714982986, 0.0247742701322, -0.00973214954138], [0.000439833849669, -0.00210111355409, 0.00193682918325, -0.000894822936971, 0.00218733609654, -0.00243498268537, 0.00211948598735, -0.000809111341368, -0.00222988659516, -0.000161911186296, 0.00117659475654, -0.00973214954138, 0.0201909113675]]
    },
    "melbands": {
        "dmean": [0.000774714979343, 0.000842061592266, 0.000707587052602, 0.000217365261051, 0.000189298109035, 0.000183663039934, 0.000138199669891, 8.56866536196e-05, 0.000129350140924, 0.000129375883262, 0.00012537719158, 7.77812820161e-05, 6.50546935503e-05, 6.02212130616e-05, 5.34972459718e-05, 2.69619995379e-05, 4.27048216807e-05, 2.69755691988e-05, 2.47691095865e-05, 1.7413038222e-05, 1.40652937262e-05, 1.35657282954e-05, 1.10278206193e-05, 1.31791875901e-05, 1.04944983832e-05, 7.32028911443e-06, 5.12069937031e-06, 4.38486495113e-06, 3.4806714666e-06, 3.14525595968e-06, 2.65934636445e-06, 2.83153599412e-06, 2.36985601987e-06, 2.19587695938e-06, 2.08868050322e-06, 1.87630143955e-06, 1.66110805822e-06, 1.5726395759e-06, 1.58664693117e-06, 1.5007010461e-06],
        "dmean2": [0.00112720788456, 0.00117569766007, 0.0011569444323, 0.000357106298907, 0.000312498683343, 0.00029527550214, 0.00022410452948, 0.000136611459311, 0.000208168567042, 0.000196067223442, 0.0001944299147, 0.000118943498819, 9.79792894213e-05, 9.35211937758e-05, 8.15153471194e-05, 4.21813165303e-05, 6.79078730172e-05, 4.3325835577e-05, 4.03193189413e-05, 2.78530842479e-05, 2.22217277042e-05, 2.13689309021e-05, 1.75483528437e-05, 2.05769865715e-05, 1.6586152924e-05, 1.1501141671e-05, 8.0147801782e-06, 7.01876342646e-06, 5.64402671444e-06, 4.97220071338e-06, 4.23027950092e-06, 4.57235228168e-06, 3.72843783225e-06, 3.44704767485e-06, 3.26724216393e-06, 2.8000272323e-06, 2.48379569712e-06, 2.33701621255e-06, 2.3781674372e-06, 2.29483794101e-06],
        "dvar": [2.3827772111e-06, 3.81880954592e-06, 3.99806276619e-06, 1.50527441178e-07, 1.32705295641e-07, 1.69112894355e-07, 1.42905463463e-07, 6.30581808991e-08, 1.23151252751e-07, 1.47088499602e-07, 1.38819245876e-07, 4.5818982386e-08, 6.6389780784e-08, 4.43158540975e-08, 5.73999123787e-08, 8.71134187008e-09, 1.49652485959e-08, 5.63140778453e-09, 3.34868843765e-09, 1.62742885834e-09, 1.26139676482e-09, 1.18444209996e-09, 1.47447298815e-09, 1.32545763254e-09, 5.44664091606e-10, 1.86441362349e-10, 9.9298708145e-11, 6.27514984419e-11, 4.3963339913e-11, 3.38213103357e-11, 3.27154588142e-11, 3.6009899923e-11, 2.16171750639e-11, 2.37234936556e-11, 2.28320053836e-11, 1.64902362598e-11, 1.15099483763e-11, 1.03047180164e-11, 1.12780227865e-11, 1.41923452157e-11],
        "dvar2": [4.93231846121e-06, 7.28304485165e-06, 1.00691113403e-05, 3.93901785856e-07, 3.40514475283e-07, 3.9362669213e-07, 3.52931010639e-07, 1.53008429038e-07, 2.94058224881e-07, 3.12381928325e-07, 3.14038146598e-07, 9.87095418736e-08, 1.37026205493e-07, 1.03456301304e-07, 1.20888387301e-07, 2.01497485364e-08, 3.31073053417e-08, 1.32744251147e-08, 8.51384029943e-09, 3.8054377427e-09, 2.89994295244e-09, 2.67185829017e-09, 3.82163989343e-09, 3.12320524998e-09, 1.30885957628e-09, 4.47095360734e-10, 2.14944548271e-10, 1.50203877114e-10, 1.07196210242e-10, 7.80102718534e-11, 7.99975224952e-11, 9.39630040442e-11, 5.25099130844e-11, 5.80078624024e-11, 5.67481305003e-11, 3.7314738105e-11, 2.59692874843e-11, 2.39117441125e-11, 2.72677679047e-11, 3.61702300056e-11],
        "max": [0.0241671837866, 0.0341302156448, 0.0334473475814, 0.00785439088941, 0.00722688436508, 0.0127828419209, 0.0108289793134, 0.0075837620534, 0.00850215088576, 0.0100830020383, 0.0118486499414, 0.00571794062853, 0.0106650684029, 0.00479837181047, 0.00820554606616, 0.00384093541652, 0.0057853423059, 0.00252721621655, 0.000997525989078, 0.000703203724697, 0.00101618049666, 0.000918042263947, 0.00228511705063, 0.0016277107643, 0.000965850485954, 0.000434541056165, 0.000297179416521, 0.000159339571837, 0.000123783713207, 7.45334109524e-05, 6.46669941489e-05, 7.08256557118e-05, 8.49238640512e-05, 0.000129733758513, 9.71467525233e-05, 6.79216100252e-05, 4.71191451652e-05, 5.71240816498e-05, 6.49925859761e-05, 9.80181939667e-05],
        "mean": [0.00135585968383, 0.00131028192118, 0.000775978784077, 0.000335445685778, 0.000293582386803, 0.000257486884948, 0.000198251975235, 0.000122910612845, 0.000192732273717, 0.000174288681592, 0.00016998211504, 0.000114823269541, 9.24232444959e-05, 8.20765344542e-05, 7.22109616618e-05, 3.9089260099e-05, 6.03067237535e-05, 3.96031173295e-05, 3.76888929168e-05, 2.62401099462e-05, 2.26873980864e-05, 2.32002494158e-05, 2.00652339117e-05, 2.36381401919e-05, 1.98390389414e-05, 1.36162161652e-05, 9.31774229684e-06, 7.80551908974e-06, 6.11234509051e-06, 5.23667767993e-06, 3.97754592996e-06, 4.02509567721e-06, 3.61677734873e-06, 3.1609463349e-06, 2.92626896226e-06, 2.57755118582e-06, 2.3220429739e-06, 2.17263414015e-06, 2.08370238397e-06, 1.76544506303e-06],
        "median": [0.000376877665985, 0.000428441475378, 0.00028994953027, 0.000202070106752, 0.0001565781713, 0.000109281856567, 7.09496016498e-05, 4.58595059172e-05, 4.80744092783e-05, 3.95191600546e-05, 4.05900027545e-05, 2.84012203338e-05, 2.41703455686e-05, 1.9570643417e-05, 1.51835374709e-05, 1.05356693894e-05, 1.91602575796e-05, 1.54409444804e-05, 1.43618462971e-05, 9.72669113253e-06, 8.8054812295e-06, 9.96678772935e-06, 9.46818090597e-06, 1.02853373392e-05, 9.61768364505e-06, 6.79611775922e-06, 4.58167505712e-06, 4.05872833653e-06, 3.50378286385e-06, 2.50751850217e-06, 1.66002962487e-06, 1.72670752363e-06, 1.48403785261e-06, 1.30133037146e-06, 1.07562857465e-06, 9.06180105176e-07, 9.16848136967e-07, 8.14619113498e-07, 6.70816120873e-07, 4.47758566224e-07],
        "min": [1.40161366206e-23, 1.1868191438e-23, 1.15025788631e-23, 5.60499754327e-24, 8.79393028173e-24, 6.33006129493e-24, 5.44768447927e-24, 2.5550592564e-23, 2.71030298048e-23, 1.72433444958e-23, 1.60402558847e-23, 6.75882691844e-24, 8.72800123158e-24, 1.28199544867e-23, 2.15618515031e-23, 7.03419538349e-24, 6.14782653722e-24, 1.16996844378e-23, 7.05318405434e-24, 1.47591867953e-23, 1.67281252391e-23, 9.41033988218e-24, 1.12807125224e-23, 1.42670716968e-23, 1.13994818426e-23, 5.00367648535e-24, 7.139918522e-24, 7.44905970013e-24, 1.04080051693e-23, 1.22973333482e-23, 1.15251805169e-23, 1.28921857467e-23, 9.32677900194e-24, 1.01123937445e-23, 8.56762659841e-24, 8.0954696808e-24, 8.01732590839e-24, 7.17981121798e-24, 8.25977599673e-24, 1.23841001591e-23],
        "var": [6.19692809778e-06, 7.16023714631e-06, 3.43325791619e-06, 1.95227286781e-07, 2.12315271142e-07, 2.67070788595e-07, 1.88477926599e-07, 9.43186506674e-08, 2.67795854825e-07, 2.44601864097e-07, 2.12051332937e-07, 8.96829703834e-08, 1.0312196963e-07, 6.75263365224e-08, 8.38703400063e-08, 1.58026853825e-08, 2.28717969009e-08, 8.11984879334e-09, 5.5573146085e-09, 2.59862353857e-09, 2.29644547822e-09, 2.67579580715e-09, 2.08148742686e-09, 2.4218269612e-09, 1.08692355116e-09, 4.03333311194e-10, 2.16865608804e-10, 1.18674875482e-10, 7.05016600655e-11, 5.72413297317e-11, 4.24542588584e-11, 4.16934611835e-11, 3.15381054605e-11, 3.03445636674e-11, 2.70838629302e-11, 2.17984137685e-11, 1.58416699897e-11, 1.50369126872e-11, 1.42092769842e-11, 1.45696926745e-11]
    },
    "mfcc": {
        "mean": [-641.40020752, 96.3868560791, -3.75122499466, 17.9020061493, 3.73275113106, 0.835817396641, 1.27502524853, 4.66297340393, -1.65618658066, 1.86203980446, -0.551379203796, -3.35563898087, -3.86298084259],
        "cov": [[6105.31787109, -600.11920166, 787.979736328, 225.147720337, 199.019607544, 36.9594764709, 117.355041504, -4.67340993881, 58.7034645081, 122.787513733, 149.85458374, 85.6060638428, 22.8634166718], [-600.11920166, 734.172912598, -147.082580566, -4.00872087479, 5.87645721436, -4.97365760803, 73.1258773804, 61.9807434082, -17.1404800415, 33.144821167, 16.4147510529, -9.00918769836, -2.02415204048], [787.979736328, -147.082580566, 1179.96569824, 504.411834717, 359.447998047, 231.683761597, 128.174362183, 12.6924152374, 54.6086349487, 39.6608123779, 105.336799622, 87.4023132324, 42.6261672974], [225.147720337, -4.00872087479, 504.411834717, 458.747619629, 243.192092896, 111.648002625, 47.1577720642, 38.2295265198, 47.9473190308, 25.2226924896, 57.4020690918, 72.257194519, 39.39503479], [199.019607544, 5.87645721436, 359.447998047, 243.192092896, 246.900009155, 118.732887268, 49.9606666565, 29.3388710022, 47.9086227417, 26.9999217987, 49.3010368347, 43.9570426941, 20.8788089752], [36.9594764709, -4.97365760803, 231.683761597, 111.648002625, 118.732887268, 242.587249756, 125.637168884, 34.052444458, 27.0136699677, 22.0312042236, 41.4163475037, 22.8368797302, 26.0085010529], [117.355041504, 73.1258773804, 128.174362183, 47.1577720642, 49.9606666565, 125.637168884, 177.822509766, 65.1329116821, 5.55272769928, 30.590341568, 34.172744751, 7.54460334778, 23.3698291779], [-4.67340993881, 61.9807434082, 12.6924152374, 38.2295265198, 29.3388710022, 34.052444458, 65.1329116821, 118.857872009, 46.0514030457, 15.1909198761, 24.9731121063, 28.2381401062, 11.8207759857], [58.7034645081, -17.1404800415, 54.6086349487, 47.9473190308, 47.9086227417, 27.0136699677, 5.55272769928, 46.0514030457, 109.094779968, 37.5483360291, 23.918466568, 25.6689586639, 9.0851020813], [122.787513733, 33.144821167, 39.6608123779, 25.2226924896, 26.9999217987, 22.0312042236, 30.590341568, 15.1909198761, 37.5483360291, 90.5975189209, 36.7739105225, 3.55180096626, 11.5962047577], [149.85458374, 16.4147510529, 105.336799622, 57.4020690918, 49.3010368347, 41.4163475037, 34.172744751, 24.9731121063, 23.918466568, 36.7739105225, 82.7623291016, 44.2365722656, 11.86398983], [85.6060638428, -9.00918769836, 87.4023132324, 72.257194519, 43.9570426941, 22.8368797302, 7.54460334778, 28.2381401062, 25.6689586639, 3.55180096626, 44.2365722656, 88.8486557007, 27.1101264954], [22.8634166718, -2.02415204048, 42.6261672974, 39.39503479, 20.8788089752, 26.0085010529, 23.3698291779, 11.8207759857, 9.0851020813, 11.5962047577, 11.86398983, 27.1101264954, 62.1749649048]],
