{
"lowlevel": {
    "average_loudness": 0.898891866207,
    "barkbands_crest": {
        "dmean": 2.45846104622,
        "dmean2": 3.95144867897,
        "dvar": 5.51239538193,
        "dvar2": 13.4293498993,
        "max": 24.5340900421,
        "mean": 8.97460079193,
        "median": 8.1276140213,
        "min": 2.26781773567,
        "var": 13.8590965271
    },
    "barkbands_flatness_db": {
        "dmean": 0.0209117271006,
        "dmean2": 0.0322335734963,
        "dvar": 0.000480462767882,
        "dvar2": 0.00121804652736,
        "max": 0.357110530138,
        "mean": 0.128047332168,
        "median": 0.115505136549,
        "min": 0.0269905924797,
        "var": 0.00306678051129
    },
    "barkbands_kurtosis": {
        "dmean": 2.53666591644,
        "dmean2": 3.93322825432,
        "dvar": 22.159406662,
        "dvar2": 53.5392189026,
        "max": 139.215515137,
        "mean": 4.01847839355,
        "median": 1.78043460846,
        "min": -1.90212476254,
        "var": 50.3661766052
    },
    "barkbands_skewness": {
        "dmean": 0.493805110455,
        "dmean2": 0.74684715271,
        "dvar": 0.29100844264,
        "dvar2": 0.685208201408,
        "max": 9.47143268585,
        "mean": 1.53488838673,
        "median": 1.39129149914,
        "min": -2.49282383919,
        "var": 1.17268764973
    },
    "barkbands_spread": {
        "dmean": 7.73615598679,
        "dmean2": 11.3265829086,
        "dvar": 98.2173919678,
        "dvar2": 201.527648926,
        "max": 105.664810181,
        "mean": 25.7469902039,
        "median": 22.3228397369,
        "min": 1.09065830708,
        "var": 307.742828369
    },
    "dissonance": {
        "dmean": 0.018746169284,
        "dmean2": 0.0318140387535,
        "dvar": 0.000375626812456,
        "dvar2": 0.00102138449438,
        "max": 0.500000059605,
        "mean": 0.465822815895,
        "median": 0.473956227303,
        "min": 0.252015292645,
        "var": 0.000898080295883
    },
    "dynamic_complexity": 3.00449132919,
    "erbbands_crest": {
        "dmean": 2.49263715744,
        "dmean2": 3.99420046806,
        "dvar": 6.92510843277,
        "dvar2": 16.3107738495,
        "max": 29.8801364899,
        "mean": 8.21070384979,
        "median": 6.91308546066,
        "min": 2.18393993378,
        "var": 21.5183029175
    },
    "erbbands_flatness_db": {
        "dmean": 0.0170575398952,
        "dmean2": 0.0236952397972,
        "dvar": 0.000319052895065,
        "dvar2": 0.000577434897423,
        "max": 0.368411421776,
        "mean": 0.13885961473,
        "median": 0.120028942823,
        "min": 0.0446831509471,
        "var": 0.00402208510786
    },
    "erbbands_kurtosis": {
        "dmean": 0.916962504387,
        "dmean2": 1.43248605728,
        "dvar": 3.07294917107,
        "dvar2": 6.98160743713,
        "max": 51.6998252869,
        "mean": 0.493998706341,
        "median": -0.166707038879,
        "min": -1.80538785458,
        "var": 6.17679405212
    },
    "erbbands_skewness": {
        "dmean": 0.355031222105,
        "dmean2": 0.535640180111,
        "dvar": 0.122916437685,
        "dvar2": 0.269595175982,
        "max": 5.99653244019,
        "mean": 0.451572537422,
        "median": 0.435826808214,
        "min": -2.02565073967,
        "var": 0.478148162365
    },
    "erbbands_spread": {
        "dmean": 10.173242569,
        "dmean2": 13.9067287445,
        "dvar": 133.939102173,
        "dvar2": 234.619689941,
        "max": 151.938186646,
        "mean": 45.0487594604,
        "median": 41.0264167786,
        "min": 2.80883812904,
        "var": 665.467468262
    },
    "hfc": {
        "dmean": 11.3004846573,
        "dmean2": 15.6521091461,
        "dvar": 322.11227417,
        "dvar2": 635.929443359,
        "max": 279.627166748,
        "mean": 23.2378120422,
        "median": 13.2366504669,
        "min": 1.16936061507e-16,
        "var": 685.533081055
    },
    "melbands_crest": {
        "dmean": 3.07073068619,
        "dmean2": 4.93844842911,
        "dvar": 9.06937026978,
        "dvar2": 22.8878517151,
        "max": 32.9894371033,
        "mean": 12.3434925079,
        "median": 11.4067211151,
        "min": 1.7547096014,
        "var": 21.3225345612
    },
    "melbands_flatness_db": {
        "dmean": 0.0253866370767,
        "dmean2": 0.0385152846575,
        "dvar": 0.000762488110922,
        "dvar2": 0.00197801366448,
        "max": 0.469471424818,
        "mean": 0.185252428055,
        "median": 0.17434348166,
        "min": 0.00268152356148,
        "var": 0.00419037556276
    },
    "melbands_kurtosis": {
        "dmean": 7.90613651276,
        "dmean2": 12.3593959808,
        "dvar": 281.47833252,
        "dvar2": 673.412475586,
        "max": 263.273529053,
        "mean": 15.3194026947,
        "median": 8.43297958374,
        "min": -1.64260876179,
        "var": 507.314056396
    },
    "melbands_skewness": {
        "dmean": 0.757781088352,
        "dmean2": 1.1238527298,
        "dvar": 0.949389100075,
        "dvar2": 2.04522180557,
        "max": 14.3881378174,
        "mean": 2.74511384964,
        "median": 2.43457794189,
        "min": -2.29851365089,
        "var": 3.24317073822
    },
    "melbands_spread": {
        "dmean": 6.89741754532,
        "dmean2": 10.7238855362,
        "dvar": 77.3731460571,
        "dvar2": 177.864273071,
        "max": 174.016921997,
        "mean": 22.5155010223,
        "median": 19.391084671,
        "min": 0.869679629803,
        "var": 244.804733276
    },
    "pitch_salience": {
        "dmean": 0.0699725821614,
        "dmean2": 0.11405428499,
        "dvar": 0.00481890607625,
        "dvar2": 0.0120479529724,
        "max": 0.933923661709,
        "mean": 0.592373132706,
        "median": 0.60596871376,
        "min": 0.145668923855,
        "var": 0.0123870754614
    },
    "silence_rate_20dB": {
        "dmean": 0,
        "dmean2": 0,
        "dvar": 0,
        "dvar2": 0,
        "max": 1,
        "mean": 1,
        "median": 1,
        "min": 1,
        "var": 0
    },
    "silence_rate_30dB": {
        "dmean": 0.0269992277026,
        "dmean2": 0.0540053993464,
        "dvar": 0.0262726526707,
        "dvar2": 0.0672984421253,
        "max": 1,
        "mean": 0.980717301369,
        "median": 1,
        "min": 0,
        "var": 0.0189098101109
    },
    "silence_rate_60dB": {
        "dmean": 0.0210851114243,
        "dmean2": 0.0421756468713,
        "dvar": 0.0206392686814,
        "dvar2": 0.047853551805,
        "max": 1,
        "mean": 0.0383082665503,
        "median": 0,
        "min": 0,
        "var": 0.0368391722441
    },
    "spectral_centroid": {
        "dmean": 267.511383057,
        "dmean2": 404.545074463,
        "dvar": 99171.3359375,
        "dvar2": 207491.609375,
        "max": 11192.3017578,
        "mean": 1352.58886719,
        "median": 1336.46875,
        "min": 190.604019165,
        "var": 370891.21875
    },
    "spectral_complexity": {
        "dmean": 4.00771427155,
        "dmean2": 5.9462518692,
        "dvar": 25.0670490265,
        "dvar2": 47.4534225464,
        "max": 59,
        "mean": 17.6372280121,
        "median": 16,
        "min": 0,
        "var": 90.9499206543
    },
    "spectral_decrease": {
        "dmean": 2.99657565428e-09,
        "dmean2": 4.51631132492e-09,
        "dvar": 3.66720499146e-17,
        "dvar2": 8.41862605205e-17,
        "max": 9.72188972921e-29,
        "mean": -6.13311268438e-09,
        "median": -4.11229450492e-09,
        "min": -7.80198377015e-08,
        "var": 4.75044730357e-17
    },
    "spectral_energy": {
        "dmean": 0.0121655873954,
        "dmean2": 0.0181408897042,
        "dvar": 0.000568948104046,
        "dvar2": 0.00128602958284,
        "max": 0.304153054953,
        "mean": 0.0252555646002,
        "median": 0.0168325323611,
        "min": 1.08023907262e-20,
        "var": 0.000771549181081
    },
    "spectral_energyband_high": {
        "dmean": 0.000881929998286,
        "dmean2": 0.0012110969983,
        "dvar": 2.35594893638e-06,
        "dvar2": 4.60612818642e-06,
        "max": 0.0193725600839,
        "mean": 0.00130995630752,
        "median": 0.000433392939158,
        "min": 7.90624964813e-21,
        "var": 4.00324961447e-06
    },
    "spectral_energyband_low": {
        "dmean": 0.00778576219454,
        "dmean2": 0.0126748457551,
        "dvar": 0.000441164680524,
        "dvar2": 0.00110334088095,
        "max": 0.274611502886,
        "mean": 0.00998380966485,
        "median": 0.00531957205385,
        "min": 3.97088629871e-23,
        "var": 0.000396942836232
    },
    "spectral_energyband_middle_high": {
        "dmean": 0.00245091435499,
        "dmean2": 0.00359522690997,
        "dvar": 3.90285167668e-05,
        "dvar2": 8.32494406495e-05,
        "max": 0.187210783362,
        "mean": 0.00595027487725,
        "median": 0.00256855017506,
        "min": 1.21242948153e-21,
        "var": 0.000114875278086
    },
    "spectral_energyband_middle_low": {
        "dmean": 0.00440676603466,
        "dmean2": 0.00726688932627,
        "dvar": 7.21479082131e-05,
        "dvar2": 0.000191208993783,
        "max": 0.11688554287,
        "mean": 0.00900317914784,
        "median": 0.00657904474065,
        "min": 2.11265810904e-22,
        "var": 8.34347883938e-05
    },
    "spectral_entropy": {
        "dmean": 0.172780543566,
        "dmean2": 0.237187847495,
        "dvar": 0.0378166139126,
        "dvar2": 0.0702432766557,
        "max": 9.80426311493,
        "mean": 7.72581005096,
        "median": 7.79066705704,
        "min": 5.54421854019,
        "var": 0.251260221004
    },
    "spectral_flux": {
        "dmean": 0.0296995025128,
        "dmean2": 0.0426423214376,
        "dvar": 0.00176752253901,
        "dvar2": 0.00302590988576,
        "max": 0.434990793467,
        "mean": 0.0855323672295,
        "median": 0.0633239522576,
        "min": 1.03934548468e-10,
        "var": 0.00409424724057
    },
    "spectral_kurtosis": {
        "dmean": 1.29946219921,
        "dmean2": 2.01415467262,
        "dvar": 3.12255740166,
        "dvar2": 7.83688831329,
        "max": 56.9164886475,
        "mean": 4.09828329086,
        "median": 3.08568286896,
        "min": -1.23820328712,
        "var": 15.2067499161
    },
    "spectral_rms": {
        "dmean": 0.000963868689723,
        "dmean2": 0.00135681871325,
        "dvar": 1.94735343939e-06,
        "dvar2": 3.8348553062e-06,
        "max": 0.0172259882092,
        "mean": 0.00448398338631,
        "median": 0.00405240477994,
        "min": 3.24636996972e-12,
        "var": 4.5334513743e-06
    },
    "spectral_rolloff": {
        "dmean": 756.882446289,
        "dmean2": 1232.45361328,
        "dvar": 1819391.75,
        "dvar2": 3883128,
        "max": 18949.21875,
        "mean": 1673.19238281,
        "median": 1162.79296875,
        "min": 86.1328125,
        "var": 3222084.5
    },
    "spectral_skewness": {
        "dmean": 0.197029128671,
        "dmean2": 0.287045627832,
        "dvar": 0.0456914715469,
        "dvar2": 0.0939330160618,
        "max": 5.73431444168,
        "mean": 1.57029819489,
        "median": 1.47609078884,
        "min": 0.0123960664496,
        "var": 0.314864635468
    },
    "spectral_spread": {
        "dmean": 698259,
        "dmean2": 871696.5625,
        "dvar": 981785444352,
        "dvar2": 1.23787935744e+12,
        "max": 54344284,
        "mean": 5564502.5,
        "median": 5338624,
        "min": 1041227.3125,
        "var": 4.31949453722e+12
    },
    "spectral_strongpeak": {
        "dmean": 0.56991070509,
        "dmean2": 0.936594486237,
        "dvar": 1.28860390186,
        "dvar2": 3.00033307076,
        "max": 17.4839820862,
        "mean": 0.918690741062,
        "median": 0.394851475954,
        "min": 0,
        "var": 2.456843853
    },
    "zerocrossingrate": {
        "dmean": 0.0141019616276,
        "dmean2": 0.0155993839726,
        "dvar": 0.000283459958155,
        "dvar2": 0.000346180255292,
        "max": 0.68701171875,
        "mean": 0.0723985061049,
        "median": 0.06494140625,
        "min": 0.00439453125,
        "var": 0.00185890251305
    },
    "barkbands": {
        "dmean": [0.000277780549368, 0.00383444596082, 0.00417526299134, 0.00153505569324, 0.0013868319802, 0.000813950551674, 0.000860648578964, 0.000707988336217, 0.000517537468113, 0.000771098886617, 0.000576940481551, 0.000316531572025, 0.000375899806386, 0.000671085668728, 0.000471099483548, 0.000251124321949, 0.00012491819507, 0.000141188560519, 0.000143243712955, 0.000125899008708, 0.000144208330312, 0.000154286361067, 0.000146844511619, 0.000164588884218, 0.000166351179359, 0.000104543032649, 1.68719651583e-07],
        "dmean2": [0.000486567267217, 0.00619538780302, 0.00761684402823, 0.00275899050757, 0.00234753172845, 0.00131054513622, 0.00136356987059, 0.00115649320651, 0.000830755103379, 0.00121914374176, 0.000904697808437, 0.000494269421324, 0.000584233319387, 0.00102331745438, 0.000740027870052, 0.000403415120672, 0.000200946349651, 0.000217306209379, 0.000227489552344, 0.000192220162717, 0.000210985715967, 0.000220880989218, 0.000209784906474, 0.000234295439441, 0.000231968748267, 0.000147672049934, 2.95057276389e-07],
        "dvar": [2.00392477723e-07, 9.41474645515e-05, 0.000191070997971, 2.13260009332e-05, 8.33399735711e-06, 2.53893358604e-06, 7.84798521636e-06, 7.25712970961e-06, 2.57039823737e-06, 6.83250573275e-06, 3.53569907929e-06, 1.25765927805e-06, 5.67662027606e-06, 1.46621241583e-05, 4.09922358813e-06, 1.29413854211e-06, 9.18598601629e-08, 1.02141939351e-07, 1.09671049131e-07, 4.61174387567e-08, 7.59709308795e-08, 8.67542908622e-08, 7.04711524691e-08, 8.26154504807e-08, 9.15708895377e-08, 4.58546693949e-08, 3.3688584691e-13],
        "dvar2": [5.58630972591e-07, 0.000229971934459, 0.000540415698197, 6.09075650573e-05, 2.283440881e-05, 6.45767204333e-06, 1.88151789189e-05, 1.81631730811e-05, 6.55614940115e-06, 1.70129260368e-05, 8.43517409521e-06, 2.69318979917e-06, 1.24521848193e-05, 3.14317221637e-05, 9.98006908048e-06, 3.16592945637e-06, 2.40474150814e-07, 2.18651081241e-07, 2.60049603185e-07, 1.08638403162e-07, 1.59936334398e-07, 1.80337821121e-07, 1.3799795795e-07, 1.71791270986e-07, 1.93855910879e-07, 9.77586864792e-08, 9.19616921675e-13],
        "max": [0.00866324082017, 0.125893965364, 0.186488777399, 0.0567802488804, 0.0516710169613, 0.0349865667522, 0.110110737383, 0.0917354300618, 0.0486283935606, 0.0868379995227, 0.0816884785891, 0.0425765290856, 0.156465038657, 0.132003366947, 0.0482917688787, 0.0363832972944, 0.0106730638072, 0.0112219955772, 0.00948336161673, 0.00362625531852, 0.00597158074379, 0.0032286203932, 0.0034415316768, 0.00453928578645, 0.00715369870886, 0.00364067382179, 1.65186211234e-05],
        "mean": [0.000318138016155, 0.0053223813884, 0.0034949881956, 0.00158628937788, 0.00242715701461, 0.00151529617142, 0.00135329412296, 0.0010458441684, 0.000817017920781, 0.00131705938838, 0.000969547661953, 0.000498528359458, 0.000547559524421, 0.00088211579714, 0.000680975674186, 0.000372939248336, 0.000216941989493, 0.000248557160376, 0.000238824199187, 0.000207534831134, 0.000216377156903, 0.000206961951335, 0.000197552901227, 0.000221658061491, 0.00022737350082, 0.000124480604427, 1.32813923415e-07],
        "median": [0.000169275168446, 0.0030417686794, 0.00116346473806, 0.000722424709238, 0.00153709610458, 0.000721930409782, 0.000481383438455, 0.000326527835568, 0.000317777507007, 0.00031587498961, 0.000238420834648, 0.000175248438609, 0.000161832824233, 0.000129847321659, 0.000185087730642, 0.000100578130514, 0.000102180347312, 0.0001108341894, 0.000111222529085, 0.000112204455945, 9.40039535635e-05, 5.82493885304e-05, 5.21662077517e-05, 5.52546116523e-05, 5.19552522746e-05, 2.00537742785e-05, 6.17277251536e-09],
        "min": [6.7327534878e-24, 2.42809304034e-23, 4.95557608608e-24, 2.00886762452e-24, 3.40814953207e-23, 3.80472726407e-23, 3.97426009903e-23, 3.52761273429e-23, 3.22326041518e-23, 4.16703435398e-23, 4.15401814905e-23, 6.46489119204e-23, 1.59077991967e-22, 7.91333952604e-23, 6.71981758891e-23, 1.05596693581e-22, 8.01650675523e-23, 1.57739061508e-22, 1.83803013195e-22, 3.41702964462e-22, 2.91749742345e-22, 3.638767969e-22, 6.48538832271e-22, 1.10768087022e-21, 1.18019245976e-21, 1.54609992347e-21, 2.27999471738e-21],
        "var": [2.10014931668e-07, 9.53372000367e-05, 0.000115752758575, 1.36891385409e-05, 9.58396594797e-06, 5.5826985772e-06, 1.23450645333e-05, 8.88732392923e-06, 3.3003182125e-06, 2.06613221962e-05, 9.67979667621e-06, 2.15026875594e-06, 7.00238433637e-06, 2.05506185011e-05, 5.93652157477e-06, 1.59480066486e-06, 1.63824807942e-07, 1.95549120008e-07, 1.85087387194e-07, 7.1937236612e-08, 1.15415481616e-07, 1.2926460613e-07, 1.07748995504e-07, 1.29286476636e-07, 1.64380509204e-07, 6.30028935689e-08, 2.39419947626e-13]
    },
    "erbbands": {
        "dmean": [0.0648861899972, 1.04153633118, 4.33245992661, 5.37564277649, 5.02856969833, 4.2812204361, 6.06305742264, 6.57680702209, 9.06379985809, 15.6280841827, 13.4191474915, 11.6042642593, 16.1780719757, 28.0845890045, 17.732383728, 10.7942876816, 16.1037139893, 27.1174106598, 28.7287940979, 20.8220005035, 10.3825044632, 6.33825302124, 6.60738277435, 8.97656345367, 5.38887357712, 6.20317554474, 5.95745706558, 5.89422178268, 5.3392624855, 5.29337882996, 4.30530881882, 3.50577402115, 2.74170804024, 1.89397919178, 1.18964350224, 0.528076410294, 0.186017170548, 0.0210027564317, 0.000387269159546, 3.05818357447e-05],
        "dmean2": [0.105377219617, 1.68073165417, 7.65234994888, 9.72946834564, 8.63310718536, 7.2628326416, 9.60990619659, 10.647187233, 14.40229702, 25.6155128479, 21.8244762421, 18.6667423248, 25.6407928467, 43.7318725586, 27.1799411774, 16.9856014252, 24.9658374786, 41.1740150452, 44.6709861755, 32.6427459717, 16.0979118347, 9.92964744568, 10.2224283218, 13.9036283493, 8.44796943665, 9.42481231689, 8.83741474152, 8.7719745636, 7.78797006607, 7.49260520935, 6.19951820374, 4.98491811752, 3.9725484848, 2.6884636879, 1.68164944649, 0.748539805412, 0.266398638487, 0.0310877338052, 0.00056562887039, 4.3499385356e-05],
        "dvar": [0.0151142571121, 7.63904809952, 188.602600098, 288.810455322, 150.752105713, 67.4400024414, 133.505935669, 226.344604492, 622.118652344, 3896.49829102, 1801.23266602, 1594.18310547, 2061.20678711, 9472.51660156, 3637.39306641, 1173.64196777, 7342.38232422, 18601.8632812, 18054.3847656, 7571.10888672, 1903.96691895, 236.545211792, 154.439331055, 454.769439697, 148.345504761, 114.166908264, 118.276504517, 143.9815979, 113.163833618, 96.5335693359, 64.2473983765, 38.2431907654, 23.4997787476, 12.2177648544, 4.89527225494, 1.05009269714, 0.16529288888, 0.00275606033392, 8.50085768889e-07, 2.81408363279e-09],
        "dvar2": [0.0378648117185, 18.5118808746, 518.481445312, 816.73260498, 412.339416504, 187.682434082, 317.082458496, 569.859741211, 1478.68652344, 9713.67382812, 4648.60839844, 4133.79003906, 4994.42089844, 22951.8320312, 8259.609375, 2568.74487305, 15706.96875, 42327.1054688, 38262.7578125, 18948.140625, 4462.09326172, 584.387817383, 357.152984619, 1013.91192627, 383.027099609, 265.030181885, 245.744689941, 337.297973633, 250.588973999, 186.102539062, 132.244338989, 78.4645614624, 50.77891922, 26.2811489105, 10.4190540314, 2.2301595211, 0.357924282551, 0.00643927557394, 1.95352072296e-06, 5.97193228202e-09],
        "max": [2.03817844391, 35.545715332, 186.199890137, 201.06477356, 180.326049805, 135.38923645, 365.766174316, 396.396789551, 868.862426758, 1736.38781738, 1125.26538086, 1467.50048828, 1186.51269531, 3417.24243164, 4003.09082031, 1601.33435059, 4984.75488281, 3161.01464844, 4001.61743164, 2352.52929688, 1512.79223633, 686.704711914, 283.295806885, 642.36895752, 403.534698486, 158.256851196, 168.343444824, 219.456375122, 115.910507202, 106.874282837, 100.733428955, 70.3053588867, 90.8430633545, 71.0716934204, 48.3660087585, 16.8289661407, 6.02389287949, 0.883046686649, 0.0152509901673, 0.000832747318782],
        "mean": [0.116520889103, 1.31415009499, 3.93959140778, 5.2180018425, 7.20919561386, 7.25301933289, 11.0927495956, 11.7305669785, 15.4849424362, 25.2001647949, 20.2597980499, 18.649520874, 28.3163909912, 48.3042640686, 34.399066925, 19.1474571228, 25.6388130188, 38.9588165283, 41.3750991821, 30.5109958649, 17.4348125458, 12.0515394211, 12.6516532898, 15.9404201508, 9.4869556427, 10.0232229233, 9.48532772064, 8.01238536835, 7.11304521561, 6.74150323868, 5.66970825195, 4.65396976471, 3.6727643013, 2.55789256096, 1.58882987499, 0.663607537746, 0.21346719563, 0.0226040631533, 0.000437579088612, 5.11720354552e-05],
        "median": [0.0813302174211, 0.6584597826, 1.3221950531, 2.27921628952, 3.86992025375, 4.34736013412, 5.6563782692, 5.12255859375, 7.29308462143, 7.42162275314, 8.54660892487, 7.94441366196, 9.02631950378, 13.7371854782, 9.06399059296, 8.15765666962, 8.67222499847, 8.22722530365, 9.7585811615, 8.27195739746, 6.03216695786, 5.79710578918, 5.96538114548, 6.70784044266, 5.45388126373, 5.37483310699, 4.5590929985, 3.100451231, 2.07702922821, 1.53118503094, 1.51618456841, 1.14856040478, 0.913337409496, 0.632153272629, 0.334710687399, 0.120473593473, 0.0291279945523, 0.00300643709488, 7.35464273021e-05, 2.71225962933e-05],
        "min": [8.59253955154e-22, 4.72229818447e-21, 5.25324756743e-21, 2.46586207985e-20, 2.92274091247e-20, 1.24366178582e-19, 1.55873333018e-19, 3.801734503e-19, 6.77647089018e-19, 6.42688678572e-19, 8.62833906412e-19, 8.67888548641e-19, 1.00319110182e-18, 2.00701375604e-18, 1.65796980053e-18, 3.90501213838e-18, 7.48131759059e-18, 4.76842532972e-18, 2.92994238565e-18, 3.35771966662e-18, 6.06270780314e-18, 5.94357228824e-18, 7.62704696219e-18, 9.00692732617e-18, 1.00030554429e-17, 1.6041146351e-17, 1.23665213841e-17, 1.34346398567e-17, 1.37421492125e-17, 1.66811674238e-17, 1.74896587176e-17, 1.63505201719e-17, 1.73743100356e-17, 1.1176847066e-17, 9.34442611508e-18, 5.65842410594e-18, 3.05355274088e-18, 1.1811807241e-18, 2.95957856094e-19, 3.65780494717e-20],
        "var": [0.0236133597791, 7.38089513779, 125.61894989, 180.703857422, 137.186187744, 91.5797576904, 352.612518311, 453.20098877, 1090.16699219, 5201.18798828, 1878.5958252, 1822.55444336, 6062.55517578, 19298.1445312, 14663.6992188, 2194.19921875, 10668.0576172, 27260.3144531, 26816.328125, 8869.97167969, 2642.27612305, 491.191131592, 344.504699707, 981.563110352, 185.549316406, 172.294494629, 193.636169434, 186.06137085, 157.512634277, 144.169113159, 91.3762283325, 56.9435844421, 37.0132446289, 20.9911499023, 8.89396762848, 1.57205879688, 0.210507363081, 0.00301387347281, 9.72305429059e-07, 4.06039113443e-09]
    },
    "gfcc": {
        "mean": [5.00990200043, 75.5719451904, -108.448516846, 28.3482151031, -62.9884376526, 21.3017787933, -41.6721878052, 14.8826036453, -28.6723842621, 6.54834604263, -17.9181957245, 1.0688533783, -10.5673208237],
        "cov": [[5569.45019531, -1222.08483887, 860.814575195, 620.735107422, 69.0628051758, 363.312591553, 17.1570301056, 231.773117065, -115.103981018, 407.412353516, -183.927505493, 162.63621521, -253.441207886], [-1222.08483887, 1397.75146484, 207.998886108, -32.9885749817, 137.002075195, -125.230422974, 30.7554073334, -85.2756347656, 65.6479034424, -109.804992676, 132.06578064, -86.1541595459, 124.81288147], [860.814575195, 207.998886108, 1990.7980957, 833.367248535, 169.244827271, 190.228866577, -45.087436676, 40.4311103821, -29.6227664948, 256.414428711, -28.2057495117, 159.105834961, -87.9820785522], [620.735107422, -32.9885749817, 833.367248535, 603.773071289, 145.221755981, 131.976928711, 10.0331163406, 25.8130760193, 8.58572101593, 121.66381073, -32.36536026, 89.7792739868, -40.1782684326], [69.0628051758, 137.002075195, 169.244827271, 145.221755981, 192.437911987, 81.1304397583, 14.2091026306, 7.05326271057, 19.5925178528, 14.324678421, 7.95064258575, -1.45256185532, -5.29269170761], [363.312591553, -125.230422974, 190.228866577, 131.976928711, 81.1304397583, 182.91796875, 57.7663993835, 18.9199333191, -10.4989051819, 53.8267021179, -11.3504695892, 13.5162973404, -37.4136657715], [17.1570301056, 30.7554073334, -45.087436676, 10.0331163406, 14.2091026306, 57.7663993835, 134.666687012, 13.7634048462, 3.97180891037, -6.23828554153, -4.85395669937, -2.61804628372, -9.38932132721], [231.773117065, -85.2756347656, 40.4311103821, 25.8130760193, 7.05326271057, 18.9199333191, 13.7634048462, 102.332702637, 29.1494979858, 19.6769962311, -12.1698989868, 10.4041795731, -6.11771678925], [-115.103981018, 65.6479034424, -29.6227664948, 8.58572101593, 19.5925178528, -10.4989051819, 3.97180891037, 29.1494979858, 86.0962600708, 10.4263896942, 9.70039749146, -9.06180667877, 8.11561012268], [407.412353516, -109.804992676, 256.414428711, 121.66381073, 14.324678421, 53.8267021179, -6.23828554153, 19.6769962311, 10.4263896942, 140.352874756, 12.5376720428, 33.9737854004, -45.0003051758], [-183.927505493, 132.06578064, -28.2057495117, -32.36536026, 7.95064258575, -11.3504695892, -4.85395669937, -12.1698989868, 9.70039749146, 12.5376720428, 86.0767745972, 5.11194944382, 11.7743806839], [162.63621521, -86.1541595459, 159.105834961, 89.7792739868, -1.45256185532, 13.5162973404, -2.61804628372, 10.4041795731, -9.06180667877, 33.9737854004, 5.11194944382, 84.5729675293, 9.82332706451], [-253.441207886, 124.81288147, -87.9820785522, -40.1782684326, -5.29269170761, -37.4136657715, -9.38932132721, -6.11771678925, 8.11561012268, -45.0003051758, 11.7743806839, 9.82332706451, 82.2250289917]],
        "icov": [[0.000342664658092, 9.08765105123e-06, 0.000143496014061, -0.000237346932408, 1.40011807161e-05, -0.00024950838997, 0.000183275304153, -0.000678115233313, 0.000677647360135, -0.00075664545875, 0.000548839394469, -0.000242393565713, 0.000407192768762], [9.08765105123e-06, 0.00241505587474, -0.00137236074079, 0.0008456351934, -0.00194056460168, 0.00236774864607, -0.00221371441148, 0.00154812727123, -0.00122537603602, 0.00115888647269, -0.00304171582684, 0.00340252486058, -0.00309404195286], [0.000143496014061, -0.00137236074079, 0.00223301886581, -0.00227627973072, 0.00114473723806, -0.00148511223961, 0.00189792434685, -0.00138146255631, 0.0017459038645, -0.0019024311332, 0.00182935642079, -0.00237868214026, 0.00212315912358], [-0.000237346932408, 0.0008456351934, -0.00227627973072, 0.00567268161103, -0.00281619676389, 0.000473466934636, -0.00142505124677, 0.00165738235228, -0.00221390975639, 0.000408649677411, 0.000474947883049, -0.00108672853094, -0.00118024018593], [1.40011807161e-05, -0.00194056460168, 0.00114473723806, -0.00281619676389, 0.00991426222026, -0.00552580924705, 0.00266969157383, -0.00111574714538, -0.00089167553233, 0.000915214477573, 0.000430497864727, -0.000590567360632, 0.00178108073305], [-0.00024950838997, 0.00236774864607, -0.00148511223961, 0.000473466934636, -0.00552580924705, 0.0127244908363, -0.00624561868608, 0.00104744231794, 0.00100902852137, -0.00116828654427, -0.00241143279709, 0.00365920527838, -0.00175283290446], [0.000183275304153, -0.00221371441148, 0.00189792434685, -0.00142505124677, 0.00266969157383, -0.00624561868608, 0.0116054173559, -0.00255767023191, 0.0005942931748, 0.000356710021151, 0.00265859859064, -0.00364250736311, 0.00391562376171], [-0.000678115233313, 0.00154812727123, -0.00138146255631, 0.00165738235228, -0.00111574714538, 0.00104744231794, -0.00255767023191, 0.0143335377797, -0.00688508665189, 0.00148835254367, -0.00068054231815, 0.000678033567965, -0.00241871923208], [0.000677647360135, -0.00122537603602, 0.0017459038645, -0.00221390975639, -0.00089167553233, 0.00100902852137, 0.0005942931748, -0.00688508665189, 0.0175594259053, -0.00524636311457, 0.00108827662189, 0.00115007988643, -0.000205169097171], [-0.00075664545875, 0.00115888647269, -0.0019024311332, 0.000408649677411, 0.000915214477573, -0.00116828654427, 0.000356710021151, 0.00148835254367, -0.00524636311457, 0.0160804986954, -0.00610643206164, -0.00131797196809, 0.00410178815946], [0.000548839394469, -0.00304171582684, 0.00182935642079, 0.000474947883049, 0.000430497864727, -0.00241143279709, 0.00265859859064, -0.00068054231815, 0.00108827662189, -0.00610643206164, 0.0187607947737, -0.00637330347672, 0.00230733864009], [-0.000242393565713, 0.00340252486058, -0.00237868214026, -0.00108672853094, -0.000590567360632, 0.00365920527838, -0.00364250736311, 0.000678033567965, 0.00115007988643, -0.00131797196809, -0.00637330347672, 0.0228371005505, -0.0103772189468], [0.000407192768762, -0.00309404195286, 0.00212315912358, -0.00118024018593, 0.00178108073305, -0.00175283290446, 0.00391562376171, -0.00241871923208, -0.000205169097171, 0.00410178815946, 0.00230733864009, -0.0103772189468, 0.0225671995431]]
    },
    "melbands": {
        "dmean": [0.000815936597064, 0.0019432870904, 0.000903686683159, 0.000338530226145, 0.00019105199317, 0.000145906931721, 0.000154547247803, 0.000169570717844, 0.00010901526548, 7.22777185729e-05, 8.54570535012e-05, 0.000118602671137, 6.67448111926e-05, 3.79871453333e-05, 2.77902054222e-05, 4.16438597313e-05, 5.79175102757e-05, 5.39159955224e-05, 3.79212506232e-05, 2.30243367696e-05, 1.1337217984e-05, 7.0482483352e-06, 7.09700589141e-06, 6.79775985191e-06, 8.1203170339e-06, 4.65441553388e-06, 3.99490909331e-06, 4.36060190623e-06, 3.97278154196e-06, 3.17796207128e-06, 3.80377605325e-06, 3.13688406095e-06, 2.95249674309e-06, 2.88504975288e-06, 2.50537095781e-06, 2.36375785789e-06, 2.08832284443e-06, 2.04570869755e-06, 1.63822642207e-06, 1.6796672071e-06],
        "dmean2": [0.0013098489726, 0.00327338115312, 0.00160098122433, 0.000579865125474, 0.000305395282339, 0.000236058840528, 0.000245419738349, 0.000279006722849, 0.000177192705451, 0.00011664404883, 0.000135197129566, 0.000185630182386, 0.000103964746813, 5.82519896852e-05, 4.51373307442e-05, 6.39158897684e-05, 8.81959349499e-05, 8.40810971567e-05, 5.89446281083e-05, 3.74009396182e-05, 1.78684931598e-05, 1.13089799925e-05, 1.12766601887e-05, 1.05486715256e-05, 1.27009525386e-05, 7.52548749006e-06, 6.29457008472e-06, 6.72980604577e-06, 6.07273477726e-06, 4.6954046411e-06, 5.8975401771e-06, 4.7032826842e-06, 4.23265782956e-06, 4.17156161348e-06, 3.66358653991e-06, 3.4203173982e-06, 3.03340607388e-06, 3.04896366288e-06, 2.34072831518e-06, 2.45926526077e-06],
        "dvar": [3.43230021826e-06, 3.29322720063e-05, 7.34171544536e-06, 5.61812441902e-07, 1.18845555619e-07, 1.02446570338e-07, 1.93907553125e-07, 4.58737304143e-07, 1.13662082413e-07, 6.00929581651e-08, 6.26938856385e-08, 1.72933781073e-07, 4.9552678405e-08, 1.39463738336e-08, 1.19196954529e-08, 8.9465075348e-08, 9.47899607695e-08, 8.67200000698e-08, 3.14048769212e-08, 1.12737232882e-08, 2.05990713376e-09, 4.0175490712e-10, 2.25741661475e-10, 2.48807668912e-10, 4.01282479467e-10, 1.29411523164e-10, 6.17482107113e-11, 5.60009850992e-11, 5.51095731549e-11, 3.70268260497e-11, 6.86250847814e-11, 4.43932494931e-11, 2.91214656556e-11, 3.01462292629e-11, 2.23582315856e-11, 1.76783483685e-11, 1.39790965262e-11, 1.36527386618e-11, 9.28897670588e-12, 1.14416219554e-11],
        "dvar2": [8.35719310999e-06, 8.59451829456e-05, 2.04930729524e-05, 1.56758096637e-06, 2.9010527669e-07, 2.60911832584e-07, 4.59055428337e-07, 1.14826332265e-06, 2.93790634487e-07, 1.54358374971e-07, 1.50141602262e-07, 4.21209534807e-07, 1.14707525256e-07, 2.57421088889e-08, 2.69864202096e-08, 1.9300530596e-07, 2.16443012846e-07, 1.80803937155e-07, 7.76881279307e-08, 2.82954868425e-08, 4.78728612308e-09, 1.02213892905e-09, 5.70544944622e-10, 5.42859701635e-10, 9.08768893471e-10, 3.22878085379e-10, 1.57899179842e-10, 1.31726352048e-10, 1.21628984662e-10, 8.15718603775e-11, 1.69527974991e-10, 1.0475257467e-10, 5.92857013482e-11, 5.8301474759e-11, 4.72527919571e-11, 3.51475203109e-11, 3.02122250828e-11, 3.04038912102e-11, 1.96890871662e-11, 2.57024262984e-11],
        "max": [0.0237042568624, 0.0769544094801, 0.0316854529083, 0.0133983874694, 0.0100803049281, 0.00795986782759, 0.0148257119581, 0.0212230607867, 0.0104451728985, 0.00927408505231, 0.00675938325003, 0.0149130867794, 0.0110810119659, 0.0061502577737, 0.0057678502053, 0.0199602339417, 0.00790633354336, 0.00990662164986, 0.00505312439054, 0.00318941986188, 0.00133400957566, 0.000978758209385, 0.000356902106432, 0.00046947246301, 0.000555002014153, 0.000420917611336, 0.000175518987817, 0.000131483728183, 0.000120155891636, 0.000188013698789, 9.84968864941e-05, 8.21629728307e-05, 7.29704406695e-05, 6.03843036515e-05, 6.62083475618e-05, 5.33267811988e-05, 4.48627652077e-05, 7.33308988856e-05, 0.000101897931017, 8.94450422493e-05],
        "mean": [0.00127563963179, 0.00204196712002, 0.000962145335507, 0.000540204811841, 0.000362288876204, 0.000262446352281, 0.000259403052041, 0.000273634796031, 0.000161236457643, 0.000114319882414, 0.000145807396621, 0.000201164250029, 0.000121595367091, 6.55795665807e-05, 4.45446385129e-05, 5.83654582442e-05, 7.77666573413e-05, 7.05987768015e-05, 5.11643120262e-05, 3.22663327097e-05, 1.73055432242e-05, 1.20868835438e-05, 1.19119267765e-05, 1.17473719001e-05, 1.35092568598e-05, 7.4625831985e-06, 6.27741792414e-06, 6.64618573865e-06, 6.15490944256e-06, 4.76851255371e-06, 4.70694112664e-06, 4.02629302698e-06, 3.82861435355e-06, 3.60465173799e-06, 3.21832635564e-06, 3.13750956593e-06, 2.68651911028e-06, 2.62262847173e-06, 2.27224813898e-06, 2.14107762986e-06],
        "median": [0.000821244902909, 0.00084452808369, 0.000471906329039, 0.00031221791869, 0.000208304612897, 0.000118749194371, 0.000112209272629, 7.77383902459e-05, 6.83398830006e-05, 4.51543928648e-05, 4.05439350288e-05, 5.15162100783e-05, 2.9395781894e-05, 2.01128932531e-05, 1.69971754076e-05, 1.59564006026e-05, 1.31690221679e-05, 1.31203905767e-05, 1.38359173434e-05, 7.65533695812e-06, 6.23028472546e-06, 5.57772182219e-06, 5.40920473213e-06, 5.10314748681e-06, 5.23785229234e-06, 3.83286487704e-06, 3.45279318026e-06, 3.34372293764e-06, 2.92432719107e-06, 2.07306811717e-06, 1.59820683621e-06, 1.17461411264e-06, 9.48367642195e-07, 7.79788365435e-07, 8.4752150542e-07, 8.06389493846e-07, 6.25698987733e-07, 6.00254054461e-07, 6.39507504729e-07, 4.69338857556e-07],
        "min": [7.8023999659e-24, 4.24941304728e-24, 4.28677271089e-24, 4.99853745098e-24, 6.48094514255e-24, 9.1355330861e-24, 9.4559139544e-24, 7.33111316188e-24, 6.81274319473e-24, 4.97178402224e-24, 4.82895050016e-24, 8.05773609712e-24, 5.2365718904e-24, 7.66857523536e-24, 1.59432228379e-23, 1.34388671428e-23, 7.55351671689e-24, 3.80053225955e-24, 3.67969020735e-24, 5.09256888202e-24, 7.68644845689e-24, 4.45746880014e-24, 6.58104054737e-24, 6.45965023684e-24, 7.46666707553e-24, 7.37620445122e-24, 8.02535020152e-24, 1.18302196183e-23, 8.20074316861e-24, 7.0282465834e-24, 7.61190583451e-24, 7.49034000243e-24, 7.27801651207e-24, 1.04625422791e-23, 8.73495661818e-24, 1.21401977779e-23, 8.21203019044e-24, 1.24823819727e-23, 9.66074721047e-24, 9.15342839574e-24],
        "var": [3.99062173528e-06, 2.55702725553e-05, 4.88211162519e-06, 5.87148804243e-07, 2.93733535273e-07, 2.01223443241e-07, 3.4186797393e-07, 6.19130219093e-07, 1.15043562232e-07, 7.29048394987e-08, 1.97036371219e-07, 3.88704506804e-07, 1.73209116383e-07, 4.08032221344e-08, 1.76608150326e-08, 1.03992512379e-07, 1.36382070082e-07, 1.17370539954e-07, 3.71792339138e-08, 1.28749864103e-08, 2.83713275095e-09, 6.89667822851e-10, 4.39680986064e-10, 4.59723925594e-10, 8.42434177972e-10, 1.6087645105e-10, 7.68546337682e-11, 8.27152651928e-11, 8.50637893457e-11, 5.40565474327e-11, 7.73031985646e-11, 5.61348641182e-11, 4.36289580852e-11, 4.37278060983e-11, 3.07353725804e-11, 2.66387988057e-11, 1.95620377536e-11, 1.97152988379e-11, 1.54702674282e-11, 1.76736923707e-11]
    },
    "mfcc": {
        "mean": [-640.281921387, 108.33757782, 9.28988456726, 13.2316637039, 3.9931666851, 2.61460614204, 2.55794835091, 1.78465270996, 0.0561105944216, 3.21320700645, -2.04103970528, -1.99407064915, -1.79297423363],
        "cov": [[4544.36083984, -1245.68383789, 301.624603271, 200.603378296, 61.2838783264, 213.26008606, 152.382064819, 27.7443637848, 124.447715759, 139.984664917, 118.562225342, 89.2206039429, 60.3436470032], [-1245.68383789, 1223.15136719, 63.5424041748, 38.0634841919, 64.9521865845, -79.4305114746, 5.76708030701, -40.3601646423, -42.2256507874, -11.3468265533, -36.6040496826, -17.5465221405, -18.6166687012], [301.624603271, 63.5424041748, 1530.50646973, 654.82409668, 380.626708984, 289.627624512, 108.277275085, -21.870470047, 40.2699966431, 0.0465200282633, 81.2022247314, 105.191986084, 94.2619857788], [200.603378296, 38.0634841919, 654.82409668, 475.991394043, 226.967041016, 164.559204102, 43.3175926208, 17.5383529663, 38.9154434204, 6.83183431625, 25.5928840637, 58.583896637, 45.3102760315], [61.2838783264, 64.9521865845, 380.626708984, 226.967041016, 287.570251465, 100.998809814, 32.9692802429, 5.99230337143, 16.7652893066, 24.8703079224, 12.1983833313, 28.4811420441, 30.7283058167], [213.26008606, -79.4305114746, 289.627624512, 164.559204102, 100.998809814, 230.434295654, 83.2179641724, 22.4255371094, 19.2766418457, 18.4127750397, 43.227104187, 23.1787719727, 10.3105010986], [152.382064819, 5.76708030701, 108.277275085, 43.3175926208, 32.9692802429, 83.2179641724, 117.893409729, 26.574962616, 3.21773576736, 13.3752689362, 19.1631183624, 11.4826822281, 5.55012512207], [27.7443637848, -40.3601646423, -21.870470047, 17.5383529663, 5.99230337143, 22.4255371094, 26.574962616, 101.718208313, 37.339931488, 12.0259027481, -11.1120223999, -7.52725362778, -5.40265226364], [124.447715759, -42.2256507874, 40.2699966431, 38.9154434204, 16.7652893066, 19.2766418457, 3.21773576736, 37.339931488, 81.5857391357, 27.7490329742, 6.49037265778, 0.300529271364, 0.184730753303], [139.984664917, -11.3468265533, 0.0465200282633, 6.83183431625, 24.8703079224, 18.4127750397, 13.3752689362, 12.0259027481, 27.7490329742, 78.891494751, 25.8953781128, 3.38356947899, -0.0692079514265], [118.562225342, -36.6040496826, 81.2022247314, 25.5928840637, 12.1983833313, 43.227104187, 19.1631183624, -11.1120223999, 6.49037265778, 25.8953781128, 81.2309341431, 37.5231819153, 12.2025003433], [89.2206039429, -17.5465221405, 105.191986084, 58.583896637, 28.4811420441, 23.1787719727, 11.4826822281, -7.52725362778, 0.300529271364, 3.38356947899, 37.5231819153, 78.7575759888, 37.3439559937], [60.3436470032, -18.6166687012, 94.2619857788, 45.3102760315, 30.7283058167, 10.3105010986, 5.55012512207, -5.40265226364, 0.184730753303, -0.0692079514265, 12.2025003433, 37.3439559937, 67.2179412842]],
