{
"lowlevel": {
    "average_loudness": 0.564740538597,
    "barkbands_crest": {
        "dmean": 2.34579014778,
        "dmean2": 3.81346058846,
        "dvar": 5.12609815598,
        "dvar2": 12.9108171463,
        "max": 26.7675495148,
        "mean": 11.3370857239,
        "median": 9.66280937195,
        "min": 3.08055639267,
        "var": 31.8509597778
    },
    "barkbands_flatness_db": {
        "dmean": 0.0202992595732,
        "dmean2": 0.0301238875836,
        "dvar": 0.000375766627258,
        "dvar2": 0.000806896190625,
        "max": 0.452047556639,
        "mean": 0.15302555263,
        "median": 0.12917843461,
        "min": 0.0236000176519,
        "var": 0.00620778184384
    },
    "barkbands_kurtosis": {
        "dmean": 4.20797967911,
        "dmean2": 6.6041135788,
        "dvar": 145.732666016,
        "dvar2": 338.021942139,
        "max": 428.899719238,
        "mean": 9.05059242249,
        "median": 1.48613762856,
        "min": -1.8595764637,
        "var": 605.346984863
    },
    "barkbands_skewness": {
        "dmean": 0.519440412521,
        "dmean2": 0.813749849796,
        "dvar": 0.439375638962,
        "dvar2": 1.09458506107,
        "max": 15.60019207,
        "mean": 1.69219732285,
        "median": 1.15180444717,
        "min": -5.71569395065,
        "var": 3.68180990219
    },
    "barkbands_spread": {
        "dmean": 3.87587356567,
        "dmean2": 5.86907577515,
        "dvar": 26.4984722137,
        "dvar2": 54.5209922791,
        "max": 108.789878845,
        "mean": 17.8136959076,
        "median": 16.6565990448,
        "min": 0.140087336302,
        "var": 168.172546387
    },
    "dissonance": {
        "dmean": 0.0236897859722,
        "dmean2": 0.0398457981646,
        "dvar": 0.000657197437249,
        "dvar2": 0.00180385517888,
        "max": 0.5,
        "mean": 0.455827146769,
        "median": 0.467374742031,
        "min": 0.203581705689,
        "var": 0.00164012552705
    },
    "dynamic_complexity": 3.02320575714,
    "erbbands_crest": {
        "dmean": 2.61786770821,
        "dmean2": 4.16927194595,
        "dvar": 5.89493322372,
        "dvar2": 13.5893239975,
        "max": 34.2214736938,
        "mean": 11.5561857224,
        "median": 9.57561206818,
        "min": 2.12113237381,
        "var": 40.5069236755
    },
    "erbbands_flatness_db": {
        "dmean": 0.0176391750574,
        "dmean2": 0.0258473251015,
        "dvar": 0.000277145940345,
        "dvar2": 0.000544471142348,
        "max": 0.489853918552,
        "mean": 0.196320861578,
        "median": 0.163501679897,
        "min": 0.0204453188926,
        "var": 0.00819309148937
    },
    "erbbands_kurtosis": {
        "dmean": 2.15026545525,
        "dmean2": 3.27952551842,
        "dvar": 24.7699813843,
        "dvar2": 54.5389633179,
        "max": 139.620178223,
        "mean": 4.30775022507,
        "median": 0.479308843613,
        "min": -1.81209862232,
        "var": 131.881011963
    },
    "erbbands_skewness": {
        "dmean": 0.404278993607,
        "dmean2": 0.616546392441,
        "dvar": 0.169139921665,
        "dvar2": 0.373599499464,
        "max": 9.74773693085,
        "mean": 0.910852611065,
        "median": 0.544160962105,
        "min": -2.60322761536,
        "var": 2.38741779327
    },
    "erbbands_spread": {
        "dmean": 5.22023677826,
        "dmean2": 8.04315757751,
        "dvar": 43.7438926697,
        "dvar2": 92.2818527222,
        "max": 126.076675415,
        "mean": 25.5382766724,
        "median": 24.1450958252,
        "min": 0.505174934864,
        "var": 260.089752197
    },
    "hfc": {
        "dmean": 5.95021104813,
        "dmean2": 8.67349338531,
        "dvar": 90.4560241699,
        "dvar2": 189.161453247,
        "max": 326.980316162,
        "mean": 21.0938892365,
        "median": 16.0255699158,
        "min": 9.27620433799e-08,
        "var": 440.497375488
    },
    "melbands_crest": {
        "dmean": 2.82567477226,
        "dmean2": 4.52438163757,
        "dvar": 7.22158765793,
        "dvar2": 18.5084648132,
        "max": 37.3115386963,
        "mean": 14.2462148666,
        "median": 12.9673929214,
        "min": 3.93948292732,
        "var": 33.3441047668
    },
    "melbands_flatness_db": {
        "dmean": 0.0229413025081,
        "dmean2": 0.0340963937342,
        "dvar": 0.0004989914014,
        "dvar2": 0.001070954022,
        "max": 0.496853083372,
        "mean": 0.214699998498,
        "median": 0.198345184326,
        "min": 0.0306106675416,
        "var": 0.00505489157513
    },
    "melbands_kurtosis": {
        "dmean": 5.98668289185,
        "dmean2": 9.32515621185,
        "dvar": 146.434997559,
        "dvar2": 338.861022949,
        "max": 281.243499756,
        "mean": 14.7545318604,
        "median": 4.57063102722,
        "min": -1.59910809994,
        "var": 882.950866699
    },
    "melbands_skewness": {
        "dmean": 0.585740804672,
        "dmean2": 0.911756515503,
        "dvar": 0.41918322444,
        "dvar2": 1.00997686386,
        "max": 12.8851232529,
        "mean": 2.33339977264,
        "median": 1.79493904114,
        "min": -4.68084287643,
        "var": 3.87342405319
    },
    "melbands_spread": {
        "dmean": 4.86689329147,
        "dmean2": 7.50077056885,
        "dvar": 37.6910362244,
        "dvar2": 83.966178894,
        "max": 144.794921875,
        "mean": 20.1682548523,
        "median": 18.0632896423,
        "min": 0.431194365025,
        "var": 197.804153442
    },
    "pitch_salience": {
        "dmean": 0.0659975633025,
        "dmean2": 0.105533637106,
        "dvar": 0.00363166583702,
        "dvar2": 0.00910835992545,
        "max": 0.862611889839,
        "mean": 0.519183278084,
        "median": 0.528621792793,
        "min": 0.0389809682965,
        "var": 0.0224118251354
    },
    "silence_rate_20dB": {
        "dmean": 0,
        "dmean2": 0,
        "dvar": 0,
        "dvar2": 0,
        "max": 1,
        "mean": 1,
        "median": 1,
        "min": 1,
        "var": 0
    },
    "silence_rate_30dB": {
        "dmean": 0.00288149830885,
        "dmean2": 0.00576368859038,
        "dvar": 0.00287308031693,
        "dvar2": 0.00741161359474,
        "max": 1,
        "mean": 0.995798289776,
        "median": 1,
        "min": 0,
        "var": 0.00418418832123
    },
    "silence_rate_60dB": {
        "dmean": 0.015367991291,
        "dmean2": 0.030739672482,
        "dvar": 0.0151321198791,
        "dvar2": 0.0357996337116,
        "max": 1,
        "mean": 0.0575029999018,
        "median": 0,
        "min": 0,
        "var": 0.0541877746582
    },
    "spectral_centroid": {
        "dmean": 170.353805542,
        "dmean2": 258.974975586,
        "dvar": 36168.8984375,
        "dvar2": 74584.4765625,
        "max": 4141.16552734,
        "mean": 1207.20654297,
        "median": 1149.49816895,
        "min": 228.685256958,
        "var": 238832.671875
    },
    "spectral_complexity": {
        "dmean": 3.13603067398,
        "dmean2": 4.76789140701,
        "dvar": 12.2718391418,
        "dvar2": 24.1904525757,
        "max": 58,
        "mean": 18.1781520844,
        "median": 19,
        "min": 0,
        "var": 94.7135314941
    },
    "spectral_decrease": {
        "dmean": 1.76341818925e-09,
        "dmean2": 2.7701212435e-09,
        "dvar": 6.80838465558e-18,
        "dvar2": 1.79029826718e-17,
        "max": -2.04191866858e-17,
        "mean": -6.4366152408e-09,
        "median": -5.46493339471e-09,
        "min": -7.89548479929e-08,
        "var": 2.46521660109e-17
    },
    "spectral_energy": {
        "dmean": 0.00705105438828,
        "dmean2": 0.0110377306119,
        "dvar": 0.000106057217636,
        "dvar2": 0.000274168152828,
        "max": 0.301685899496,
        "mean": 0.0262065473944,
        "median": 0.0222576893866,
        "min": 8.54804907413e-11,
        "var": 0.000408540101489
    },
    "spectral_energyband_high": {
        "dmean": 0.000257841165876,
        "dmean2": 0.000357777840691,
        "dvar": 5.52091989903e-07,
        "dvar2": 1.14044314614e-06,
        "max": 0.0188826564699,
        "mean": 0.000528086849954,
        "median": 0.000219015957555,
        "min": 6.66044866829e-12,
        "var": 1.41527164033e-06
    },
    "spectral_energyband_low": {
        "dmean": 0.00297466036864,
        "dmean2": 0.00482562789693,
        "dvar": 5.86862370255e-05,
        "dvar2": 0.000169072998688,
        "max": 0.262159109116,
        "mean": 0.00700232433155,
        "median": 0.00460120942444,
        "min": 3.95140656306e-11,
        "var": 9.30228488869e-05
    },
    "spectral_energyband_middle_high": {
        "dmean": 0.00253062532283,
        "dmean2": 0.00394248915836,
        "dvar": 2.26659612963e-05,
        "dvar2": 5.03060728079e-05,
        "max": 0.215714007616,
        "mean": 0.00785458087921,
        "median": 0.00498025678098,
        "min": 1.78184420344e-12,
        "var": 0.000118670584925
    },
    "spectral_energyband_middle_low": {
        "dmean": 0.00412745494395,
        "dmean2": 0.00646808603778,
        "dvar": 3.40276201314e-05,
        "dvar2": 8.18427142804e-05,
        "max": 0.0925476700068,
        "mean": 0.011312527582,
        "median": 0.00828786753118,
        "min": 7.4173982928e-12,
        "var": 0.000111883477075
    },
    "spectral_entropy": {
        "dmean": 0.164206251502,
        "dmean2": 0.234347388148,
        "dvar": 0.0261031873524,
        "dvar2": 0.0494303703308,
        "max": 8.76187705994,
        "mean": 7.40153932571,
        "median": 7.51693677902,
        "min": 4.87474966049,
        "var": 0.272570043802
    },
    "spectral_flux": {
        "dmean": 0.0190586559474,
        "dmean2": 0.0309792775661,
        "dvar": 0.000462626252556,
        "dvar2": 0.00109336315654,
        "max": 0.47436478734,
        "mean": 0.0757165700197,
        "median": 0.0712067037821,
        "min": 6.16535908193e-05,
        "var": 0.00175710173789
    },
    "spectral_kurtosis": {
        "dmean": 1.70161795616,
        "dmean2": 2.84518718719,
        "dvar": 3.6135764122,
        "dvar2": 10.4573097229,
        "max": 44.378993988,
        "mean": 6.35147762299,
        "median": 5.69160223007,
        "min": -1.04227900505,
        "var": 10.955247879
    },
    "spectral_rms": {
        "dmean": 0.000635679985862,
        "dmean2": 0.000979587901384,
        "dvar": 4.86029875901e-07,
        "dvar2": 1.21422158372e-06,
        "max": 0.017155982554,
        "mean": 0.00469021173194,
        "median": 0.00465991627425,
        "min": 2.88782956659e-07,
        "var": 3.56928376277e-06
    },
    "spectral_rolloff": {
        "dmean": 305.735748291,
        "dmean2": 514.737487793,
        "dvar": 431698.25,
        "dvar2": 987333.5625,
        "max": 10572.8027344,
        "mean": 1322.71447754,
        "median": 1098.19335938,
        "min": 21.533203125,
        "var": 1046660.125
    },
    "spectral_skewness": {
        "dmean": 0.201885014772,
        "dmean2": 0.323379546404,
        "dvar": 0.038907893002,
        "dvar2": 0.0936531350017,
        "max": 5.34109354019,
        "mean": 1.91888713837,
        "median": 1.86592626572,
        "min": 0.033632773906,
        "var": 0.203866451979
    },
    "spectral_spread": {
        "dmean": 436090.0625,
        "dmean2": 630739.9375,
        "dvar": 267434180608,
        "dvar2": 495971008512,
        "max": 13866299,
        "mean": 4122871.75,
        "median": 3982754.75,
        "min": 1685838.25,
        "var": 1.6949828649e+12
    },
    "spectral_strongpeak": {
        "dmean": 0.652510404587,
        "dmean2": 1.10315513611,
        "dvar": 1.19610261917,
        "dvar2": 2.82443833351,
        "max": 25.4059448242,
        "mean": 1.34092760086,
        "median": 0.727308213711,
        "min": 0,
        "var": 2.97772407532
    },
    "zerocrossingrate": {
        "dmean": 0.00716440891847,
        "dmean2": 0.00847550202161,
        "dvar": 9.9410302937e-05,
        "dvar2": 0.000109527703898,
        "max": 0.41845703125,
        "mean": 0.0531512014568,
        "median": 0.0498046875,
        "min": 0.00390625,
        "var": 0.000675259099808
    },
    "barkbands": {
        "dmean": [0.000215544816456, 0.00215172814205, 0.00103413464967, 0.000618576712441, 0.00162957690191, 0.000851418531965, 0.000791880709585, 0.000790761434473, 0.00148116715718, 0.000925687898416, 0.000780938833486, 0.000425545091275, 0.000547490722965, 0.000524399394635, 0.000366462598322, 0.000323356623994, 0.000174805623828, 0.000156758687808, 0.000105911931314, 5.86364149058e-05, 4.87827855977e-05, 3.98318770749e-05, 7.23718185327e-05, 4.35914080299e-05, 4.36211812485e-05, 1.76783087227e-05, 5.20359753864e-06],
        "dmean2": [0.000348007160937, 0.00346359075047, 0.00173456547782, 0.00106765201781, 0.00269062514417, 0.00133821438067, 0.00122409081087, 0.00124430016149, 0.00228953175247, 0.00151432643179, 0.0012637518812, 0.000701441778801, 0.000853330420796, 0.000853087287396, 0.000588724797126, 0.000521025795024, 0.000282436609268, 0.000244546594331, 0.000166523663211, 9.06805507839e-05, 7.4275652878e-05, 5.95568308199e-05, 0.000113744965347, 6.06621106272e-05, 6.08977316006e-05, 2.55679096881e-05, 7.60031343816e-06],
        "dvar": [2.15993395614e-07, 2.77378549072e-05, 1.53869423229e-05, 2.55235840996e-06, 9.6325238701e-06, 3.92567744711e-06, 4.71874909636e-06, 5.3694629969e-06, 9.37538970902e-06, 4.83751819047e-06, 4.71422299597e-06, 2.01396619559e-06, 1.02700723801e-05, 1.2345393543e-06, 7.51975221647e-07, 1.11762358301e-06, 1.018331659e-07, 1.64455613572e-07, 3.83749636512e-08, 1.833150165e-08, 1.29790684866e-08, 1.11171898354e-08, 1.57969935799e-07, 3.24527462681e-08, 2.01772731856e-08, 2.43741204997e-09, 5.01226615768e-10],
        "dvar2": [4.76799243643e-07, 7.82923088991e-05, 4.30114923802e-05, 7.18974524716e-06, 2.577923442e-05, 9.78042680799e-06, 1.05388062366e-05, 1.26035065477e-05, 2.20066922338e-05, 1.28412393678e-05, 1.11927311082e-05, 4.5433212108e-06, 2.03491290449e-05, 2.97443125419e-06, 1.8364717107e-06, 2.55958639173e-06, 2.44873945121e-07, 3.82002781407e-07, 8.76521397686e-08, 4.10428917519e-08, 2.70095394939e-08, 2.25684129163e-08, 4.16387138102e-07, 5.05135560047e-08, 3.93660712916e-08, 5.05864949929e-09, 1.0370234671e-09],
        "max": [0.0128027256578, 0.102860741317, 0.129617214203, 0.0450794771314, 0.0528636611998, 0.0432029888034, 0.0814040377736, 0.0665204152465, 0.076213516295, 0.0541625134647, 0.0692449882627, 0.0946031585336, 0.203422516584, 0.0276152938604, 0.0215981695801, 0.0747809484601, 0.00859000347555, 0.0195915140212, 0.00372632173821, 0.00541080348194, 0.00679080933332, 0.00438443571329, 0.00967993214726, 0.00889936648309, 0.00452409265563, 0.00133186229505, 0.00112959020771],
        "mean": [0.000421096920036, 0.00479820137843, 0.00142808957025, 0.000853098172229, 0.00270809163339, 0.00157082825899, 0.00135442789178, 0.00135396514088, 0.003115815809, 0.00176529120654, 0.00136836944148, 0.00070517527638, 0.00107575685252, 0.0009398664115, 0.000651547918096, 0.000632258190308, 0.000336440483807, 0.00031854675035, 0.000218707471504, 0.000117663985293, 0.000101415651443, 8.15654348116e-05, 0.000108524960524, 7.93343642727e-05, 7.13210247341e-05, 2.50605971814e-05, 6.12526446275e-06],
        "median": [0.000134843401611, 0.00288584223017, 0.000404019578127, 0.000302596541587, 0.00124570098706, 0.00042162311729, 0.000312008342007, 0.000396584277041, 0.00110613158904, 0.000398918113206, 0.000295478763292, 0.000291678821668, 0.000266280199867, 0.000342773273587, 0.000244015507633, 0.000251000747085, 0.000164101424161, 0.000138969233376, 0.000101908575743, 4.93821607961e-05, 4.55997942481e-05, 3.76750831492e-05, 2.84644447675e-05, 2.04554926313e-05, 1.82199473784e-05, 6.1736209318e-06, 8.03616217127e-07],
        "min": [1.55907023403e-11, 1.76530005891e-11, 4.0772745423e-12, 1.30948171143e-12, 2.54421201988e-12, 1.18160863039e-12, 7.24008526742e-13, 2.97127556934e-13, 4.95635921628e-13, 2.18320126517e-13, 2.18732258868e-13, 1.42026581468e-13, 1.1699082187e-13, 3.22209354467e-13, 1.13187291571e-13, 8.9358703e-14, 1.39168502568e-13, 1.73834918357e-13, 1.75789816189e-13, 2.87126740569e-13, 2.10362190991e-13, 2.87428284299e-13, 4.6140652063e-13, 5.2141868297e-13, 1.02228241063e-12, 1.87884170028e-12, 2.15540844721e-12],
        "var": [8.67172616381e-07, 4.68020225526e-05, 1.26084205476e-05, 3.12993529406e-06, 1.6039577531e-05, 1.05196650111e-05, 1.16743713079e-05, 1.55168581841e-05, 2.86611902993e-05, 1.40043630381e-05, 1.25769629449e-05, 3.49899983121e-06, 4.82347422803e-05, 3.42265616382e-06, 1.7599243165e-06, 2.50107018473e-06, 2.64836302222e-07, 4.70188268764e-07, 1.13839021765e-07, 5.84455541741e-08, 4.68558098987e-08, 3.03354141806e-08, 1.72519932562e-07, 1.17767164909e-07, 4.38745537679e-08, 4.18981471739e-09, 6.08299410843e-10]
    },
    "erbbands": {
        "dmean": [0.074662566185, 0.466056883335, 1.123670578, 1.51996099949, 3.92234063148, 6.14435386658, 6.77551221848, 6.6359629631, 9.2494468689, 14.1317529678, 19.9969921112, 28.3151359558, 29.6776351929, 32.6476631165, 22.9952812195, 15.3390378952, 22.0558643341, 23.6901454926, 19.998418808, 19.5761089325, 16.4499816895, 9.66062641144, 7.29364442825, 7.29103660583, 3.77097940445, 3.0383169651, 1.96539413929, 1.91958415508, 1.39799249172, 1.27680635452, 2.1873998642, 1.29526138306, 0.715114593506, 0.586859643459, 0.252460002899, 0.0913551673293, 0.0307548604906, 0.00737515510991, 0.00100066466257, 3.55889787897e-05],
        "dmean2": [0.11814686656, 0.769160568714, 1.88293004036, 2.56555223465, 6.59542131424, 10.2024364471, 10.595905304, 10.437289238, 14.4575910568, 22.0502052307, 31.112323761, 43.6588439941, 47.3127403259, 53.043170929, 37.5819015503, 24.9685192108, 34.3389930725, 38.2712478638, 31.9476318359, 31.5562858582, 26.2388267517, 15.4929151535, 11.4754066467, 11.2884531021, 5.80933952332, 4.65749359131, 3.04656839371, 2.9359896183, 2.0864546299, 1.88362777233, 3.48034501076, 1.9105682373, 0.990435361862, 0.832702636719, 0.355022609234, 0.130656093359, 0.0453191958368, 0.0110608320683, 0.00145739933942, 5.06768592459e-05],
        "dvar": [0.0292663685977, 1.51119744778, 17.1835842133, 19.8168735504, 58.3060302734, 180.397521973, 227.457717896, 271.375366211, 561.60949707, 1623.95275879, 2747.01196289, 3867.60546875, 4157.08251953, 5658.77392578, 3352.29956055, 1997.13366699, 12428.2480469, 4922.38183594, 1745.45227051, 3756.3671875, 1717.06445312, 340.888793945, 229.184814453, 225.938522339, 50.5851020813, 73.6387405396, 17.6035499573, 24.3951911926, 13.7726516724, 18.6022491455, 158.110336304, 34.4898490906, 8.80912303925, 4.83294963837, 0.595854759216, 0.0659164637327, 0.00913468096405, 0.000911472423468, 1.70585117303e-05, 1.69656324545e-08],
        "dvar2": [0.0809678435326, 4.27988862991, 47.7049026489, 55.7887840271, 161.028015137, 483.729064941, 534.958984375, 689.053344727, 1320.16943359, 3759.92407227, 6032.94873047, 9174.64257812, 10533.1943359, 14174.0146484, 8494.48730469, 4429.16064453, 24680.6191406, 10799.1787109, 4123.65771484, 8536.74023438, 4330.01953125, 804.604125977, 549.231872559, 518.071777344, 116.309684753, 162.969985962, 40.1814193726, 49.7530517578, 26.5188560486, 42.6592903137, 420.822937012, 76.3765258789, 13.9180955887, 10.0266942978, 1.10161304474, 0.124944359064, 0.0210490133613, 0.00215821666643, 3.3469616028e-05, 3.36180008276e-08],
        "max": [2.38153171539, 29.433013916, 137.390350342, 163.885253906, 131.406661987, 295.827270508, 331.962615967, 403.844970703, 771.52166748, 1031.94311523, 1574.56298828, 1700.62145996, 1773.06225586, 1846.50756836, 1392.69750977, 2848.83642578, 7027.72070312, 3427.35620117, 1206.19104004, 3328.80371094, 1874.38977051, 584.088745117, 622.502746582, 553.278198242, 161.747848511, 371.648529053, 195.389785767, 276.385101318, 181.658172607, 292.682617188, 290.770568848, 174.544082642, 187.366821289, 57.9610214233, 33.4575042725, 10.2503805161, 2.08405447006, 1.02080690861, 0.20048455894, 0.00758699793369],
        "mean": [0.16090528667, 0.983550012112, 1.71666789055, 2.37972974777, 5.9475479126, 9.53835201263, 12.0421352386, 12.148147583, 16.0687484741, 24.0810184479, 39.8625907898, 57.6517906189, 62.4449005127, 65.2119979858, 43.9474639893, 28.0439491272, 44.0339698792, 45.8269309998, 39.8086357117, 39.3474655151, 33.3471946716, 20.4147624969, 15.9927806854, 15.4560079575, 8.33017921448, 6.13673353195, 3.89783096313, 4.02070665359, 2.88147878647, 2.58158922195, 3.16768479347, 2.1239836216, 1.23111474514, 0.929970800877, 0.416948497295, 0.140814363956, 0.0406119599938, 0.00860898382962, 0.00123081170022, 6.85848935973e-05],
        "median": [0.0920461118221, 0.463168919086, 0.684118211269, 1.0930968523, 2.3050532341, 3.77601528168, 4.37985515594, 3.60298395157, 4.49383497238, 6.72081327438, 14.3968267441, 23.3653259277, 20.2565670013, 17.2990760803, 13.8023033142, 12.2879085541, 13.867980957, 17.1783943176, 17.1335697174, 14.2082691193, 15.3076553345, 11.3858394623, 8.29582118988, 7.55554771423, 4.52008533478, 2.42391180992, 1.92425954342, 1.65971815586, 1.38472080231, 1.02712869644, 0.774511933327, 0.490292966366, 0.311714112759, 0.21351775527, 0.109556302428, 0.0369158610702, 0.0098450994119, 0.00161161832511, 0.000178033675184, 3.73936636606e-05],
        "min": [6.47899900397e-10, 3.44991657464e-09, 5.00714314455e-09, 6.12705708392e-09, 7.82611042638e-09, 8.42861958006e-09, 6.32433572179e-09, 1.00369215161e-08, 1.1119756671e-08, 8.58259152636e-09, 6.97840718544e-09, 1.11094395905e-08, 9.88002479829e-09, 6.30935570456e-09, 8.77935679711e-09, 5.32195576497e-09, 6.0548477343e-09, 1.65637725758e-08, 7.12938819092e-09, 6.10441031057e-09, 5.96408389342e-09, 8.32985591614e-09, 1.05060165012e-08, 5.34211386238e-09, 1.27559607321e-08, 1.25034027576e-08, 9.58443013843e-09, 8.71722871665e-09, 1.06374011821e-08, 1.1483327178e-08, 1.34011299835e-08, 8.70481464688e-09, 1.0361129732e-08, 5.75889869125e-09, 1.05470281397e-08, 7.90735033007e-09, 3.55691343046e-09, 1.56531043682e-09, 3.37897043678e-10, 1.73299794654e-11],
        "var": [0.0501569248736, 2.32802605629, 15.0815477371, 20.3605613708, 94.7873764038, 275.267303467, 583.812133789, 641.209533691, 1327.3215332, 3607.08618164, 8598.22265625, 9210.51855469, 14013.7373047, 18870.3339844, 8928.10351562, 3953.99536133, 57807.0859375, 17781.5078125, 5195.04736328, 8003.03710938, 4022.92480469, 919.086608887, 690.726501465, 629.461975098, 145.822937012, 228.268493652, 48.1811180115, 90.8350524902, 38.7184104919, 44.2771873474, 162.426727295, 74.1988601685, 29.100353241, 9.19707775116, 1.44047379494, 0.145847633481, 0.0118668600917, 0.00095427443739, 2.2578815333e-05, 2.4216552319e-08]
    },
    "gfcc": {
        "mean": [-19.0479946136, 79.000869751, -136.519790649, 5.43109989166, -58.0986938477, 14.2697877884, -33.2306137085, 13.0802459717, -16.5655326843, -0.759537816048, -18.6793136597, -0.793704688549, -9.2481842041],
        "cov": [[9569.95214844, 897.85949707, 2530.98486328, 2072.12084961, 1162.30749512, 642.075012207, -612.10949707, -138.924087524, -449.371917725, 413.525421143, 239.277374268, 426.402160645, 109.83656311], [897.85949707, 1374.29870605, 1138.75622559, 685.908081055, 391.718658447, 48.7818260193, -189.623184204, -71.0699234009, -14.2123565674, 120.958717346, 85.32472229, 30.3941555023, -9.11246204376], [2530.98486328, 1138.75622559, 2406.27758789, 1266.02880859, 611.506591797, 263.779266357, -285.801147461, -28.4955310822, -58.1404533386, 345.806213379, 156.436813354, 167.273529053, -21.2513141632], [2072.12084961, 685.908081055, 1266.02880859, 1013.10650635, 496.153106689, 188.930404663, -178.749816895, -53.5895690918, -83.0839004517, 186.08303833, 116.919296265, 129.146774292, 28.1653594971], [1162.30749512, 391.718658447, 611.506591797, 496.153106689, 421.500946045, 139.410018921, -59.1865501404, -5.0912694931, -41.4826316833, 102.50025177, 63.4242858887, 78.4673614502, 37.1286582947], [642.075012207, 48.7818260193, 263.779266357, 188.930404663, 139.410018921, 197.898666382, 28.8989143372, 8.65039825439, -36.9380989075, 19.3474006653, 28.5055809021, 54.5987358093, 20.1649665833], [-612.10949707, -189.623184204, -285.801147461, -178.749816895, -59.1865501404, 28.8989143372, 263.105621338, 83.680519104, 63.674533844, -48.7092132568, -13.8985710144, -15.8718519211, -0.863853573799], [-138.924087524, -71.0699234009, -28.4955310822, -53.5895690918, -5.0912694931, 8.65039825439, 83.680519104, 112.626502991, 72.32396698, 31.3707370758, -2.10631847382, -8.41179466248, -1.6988055706], [-449.371917725, -14.2123565674, -58.1404533386, -83.0839004517, -41.4826316833, -36.9380989075, 63.674533844, 72.32396698, 179.86289978, 69.6569976807, 11.5331087112, -40.2809143066, -34.130065918], [413.525421143, 120.958717346, 345.806213379, 186.08303833, 102.50025177, 19.3474006653, -48.7092132568, 31.3707370758, 69.6569976807, 179.36958313, 74.706199646, 23.7333602905, -35.0849456787], [239.277374268, 85.32472229, 156.436813354, 116.919296265, 63.4242858887, 28.5055809021, -13.8985710144, -2.10631847382, 11.5331087112, 74.706199646, 89.8798751831, 41.8337516785, -8.73532962799], [426.402160645, 30.3941555023, 167.273529053, 129.146774292, 78.4673614502, 54.5987358093, -15.8718519211, -8.41179466248, -40.2809143066, 23.7333602905, 41.8337516785, 102.816719055, 42.7100830078], [109.83656311, -9.11246204376, -21.2513141632, 28.1653594971, 37.1286582947, 20.1649665833, -0.863853573799, -1.6988055706, -34.130065918, -35.0849456787, -8.73532962799, 42.7100830078, 97.9829101562]],
        "icov": [[0.000274467020063, 7.92687060311e-05, 8.73087919899e-05, -0.000399166834541, -0.000150070074596, -0.000441157986643, 0.000455462926766, -0.00029779135366, 0.000437790120486, -0.000330406182911, 0.000269764277618, -0.000348538684193, 0.000190047838259], [7.92687060311e-05, 0.00171350024175, -0.000803498143796, -0.000171207095264, -0.00114745204337, 0.000873770273756, 0.000392268004362, 0.000569570343941, -0.000787326251157, 0.00170754420105, -0.00145896605682, 0.00112590484787, -6.99087031535e-05], [8.73087919899e-05, -0.000803498143796, 0.00194719887804, -0.00171967409551, 0.000681883655488, -0.00120671431068, 0.000577423896175, -0.000890375522431, 0.000680867990013, -0.00225700088777, 0.00184329703916, -0.00133059092332, 0.000896984594874], [-0.000399166834541, -0.000171207095264, -0.00171967409551, 0.00533475494012, -0.00259978603572, 0.000463167176349, -0.000385803665267, 0.00167585292365, -0.000262884655967, 0.000425990729127, -0.00166172976606, 0.000442011834821, -0.000839306274429], [-0.000150070074596, -0.00114745204337, 0.000681883655488, -0.00259978603572, 0.00727966427803, -0.00211835140362, -0.000748070655391, -0.000832170131616, 0.000961594865657, -0.002631833544, 0.00105843495112, -0.000187745245057, -0.00181806960609], [-0.000441157986643, 0.000873770273756, -0.00120671431068, 0.000463167176349, -0.00211835140362, 0.0095426235348, -0.00269085913897, 0.00022032178822, 0.000126353275846, 0.00253196875565, -0.00188692752272, -0.000698663818184, 8.68116330821e-05], [0.000455462926766, 0.000392268004362, 0.000577423896175, -0.000385803665267, -0.000748070655391, -0.00269085913897, 0.0081978905946, -0.00523833278567, -0.00155563873705, 0.00360985565931, -0.001717035193, -0.00104588153772, 0.00163429044187], [-0.00029779135366, 0.000569570343941, -0.000890375522431, 0.00167585292365, -0.000832170131616, 0.00022032178822, -0.00523833278567, 0.0173349715769, -0.00460395310074, -0.00375154288486, 0.00294730509631, 0.000510188401677, -0.00267032603733], [0.000437790120486, -0.000787326251157, 0.000680867990013, -0.000262884655967, 0.000961594865657, 0.000126353275846, -0.00155563873705, -0.00460395310074, 0.0126887997612, -0.00739123066887, 0.00101365963928, 0.00250950525515, -5.49060168851e-05], [-0.000330406182911, 0.00170754420105, -0.00225700088777, 0.000425990729127, -0.002631833544, 0.00253196875565, 0.00360985565931, -0.00375154288486, -0.00739123066887, 0.0203881282359, -0.0116902142763, 0.000477964262245, 0.00383550813422], [0.000269764277618, -0.00145896605682, 0.00184329703916, -0.00166172976606, 0.00105843495112, -0.00188692752272, -0.001717035193, 0.00294730509631, 0.00101365963928, -0.0116902142763, 0.0247999951243, -0.00969818979502, 0.00306807062589], [-0.000348538684193, 0.00112590484787, -0.00133059092332, 0.000442011834821, -0.000187745245057, -0.000698663818184, -0.00104588153772, 0.000510188401677, 0.00250950525515, 0.000477964262245, -0.00969818979502, 0.0213257446885, -0.00882076285779], [0.000190047838259, -6.99087031535e-05, 0.000896984594874, -0.000839306274429, -0.00181806960609, 8.68116330821e-05, 0.00163429044187, -0.00267032603733, -5.49060168851e-05, 0.00383550813422, 0.00306807062589, -0.00882076285779, 0.0165339894593]]
    },
    "melbands": {
        "dmean": [0.000621033774223, 0.000563959940337, 0.000302330241539, 0.000377015821869, 0.000235490762861, 0.00015176134184, 0.000146872625919, 0.000161077769008, 0.000179737675353, 0.000189316779142, 0.000154975932674, 0.000137933995575, 9.47058942984e-05, 5.02675138705e-05, 4.11276196246e-05, 6.27243134659e-05, 4.49419640063e-05, 3.84316372219e-05, 3.08144662995e-05, 2.31680824072e-05, 1.96267974388e-05, 1.13906817205e-05, 6.43889370622e-06, 8.68635197548e-06, 6.21364142717e-06, 3.95096049033e-06, 2.24744690058e-06, 2.10780945054e-06, 1.33372589062e-06, 1.23118456941e-06, 1.16851879284e-06, 8.4617192897e-07, 8.074488278e-07, 7.28544307549e-07, 1.10131861675e-06, 1.54733788804e-06, 6.28410987247e-07, 5.24511108324e-07, 5.27606687228e-07, 4.82332723095e-07],
        "dmean2": [0.000986807164736, 0.000943995662965, 0.000508961558808, 0.000625874730758, 0.000372585491277, 0.000238641427131, 0.000229184355703, 0.000253587262705, 0.000279189873254, 0.000292580312816, 0.000247480376856, 0.000224433591939, 0.000153836968821, 8.24036687845e-05, 6.78508076817e-05, 9.74649083219e-05, 7.3553826951e-05, 6.1671838921e-05, 4.95615968248e-05, 3.71425339836e-05, 3.13030432153e-05, 1.85613971553e-05, 1.02484373201e-05, 1.3523040252e-05, 9.71059671429e-06, 6.08897880738e-06, 3.53639597961e-06, 3.24657344208e-06, 2.10019379665e-06, 1.91169897334e-06, 1.81157417956e-06, 1.29222758005e-06, 1.21212679005e-06, 1.10135124487e-06, 1.74850276835e-06, 2.51472101809e-06, 8.9105162715e-07, 7.54549148496e-07, 7.5910668329e-07, 6.983555636e-07],
        "dvar": [2.15225963984e-06, 3.33182356371e-06, 6.05488651217e-07, 5.30842783064e-07, 2.42676179596e-07, 1.27486501356e-07, 1.50992235604e-07, 2.06106321343e-07, 2.09250501371e-07, 1.63470858183e-07, 1.11223990018e-07, 9.96248132878e-08, 6.43273949663e-08, 4.25722390673e-08, 8.496489734e-09, 1.70116706499e-07, 1.16895000346e-08, 8.03514499381e-09, 6.04174488217e-09, 9.59755119823e-09, 2.18443330091e-09, 4.49497855604e-10, 1.35483346764e-10, 6.60576537914e-10, 1.54680809827e-10, 6.51584619593e-11, 1.92083605965e-11, 3.86689048837e-11, 7.55163293009e-12, 9.86998156816e-12, 9.21084649524e-12, 4.87797476023e-12, 5.31983615146e-12, 6.81144507117e-12, 2.69462351737e-11, 1.10668085807e-10, 8.1602502533e-12, 6.61584285619e-12, 3.90554385707e-12, 3.00620986438e-12],
        "dvar2": [5.9899371081e-06, 9.4457227533e-06, 1.70007194811e-06, 1.41670409448e-06, 6.00193402533e-07, 3.22872381275e-07, 3.47231861042e-07, 4.93695665682e-07, 4.69090508659e-07, 3.88081417668e-07, 2.81805483837e-07, 2.51366998327e-07, 1.58301574515e-07, 9.44315843299e-08, 2.15066560116e-08, 3.32810458303e-07, 2.78060721115e-08, 1.88806286161e-08, 1.46320511263e-08, 2.06724237728e-08, 5.42368416845e-09, 1.08630549001e-09, 3.1914426657e-10, 1.53212531551e-09, 3.57058493883e-10, 1.42030234795e-10, 4.52048849742e-11, 8.42545824775e-11, 1.75720132889e-11, 2.30476523283e-11, 2.01302099989e-11, 9.69819537178e-12, 1.20039013451e-11, 1.59205530703e-11, 6.91496165883e-11, 2.99168523288e-10, 1.47065519485e-11, 1.17931523921e-11, 7.72395428866e-12, 6.29678123878e-12],
        "max": [0.0220529418439, 0.0623698048294, 0.0269123967737, 0.0112507939339, 0.00961495470256, 0.00785049051046, 0.0147367920727, 0.0123794386163, 0.0115228807554, 0.0103822061792, 0.00874633900821, 0.00765935331583, 0.00680825812742, 0.0144009357318, 0.00351178203709, 0.0268818959594, 0.00315552577376, 0.00243302085437, 0.00231120362878, 0.00764426169917, 0.00207847147249, 0.000582135864533, 0.000320195307722, 0.00129234604537, 0.000365906133084, 0.000198102017748, 0.000116283103125, 0.000253818958299, 9.92306158878e-05, 0.000164448632859, 0.000163075601449, 9.48387823883e-05, 0.000110396751552, 0.000181491108378, 0.000185459037311, 0.000223730719881, 0.000108498330519, 0.000149091123603, 8.36245671962e-05, 4.14021233155e-05],
        "mean": [0.00141238758806, 0.00105622666888, 0.00050155777717, 0.00059272517683, 0.00041939842049, 0.000282153458102, 0.00025471978006, 0.000274610036286, 0.000359593337635, 0.000386626110412, 0.000314961944241, 0.000268288713414, 0.000173307562363, 8.32103833091e-05, 6.73652320984e-05, 0.000122793862829, 7.97475149739e-05, 6.94437912898e-05, 5.48145580979e-05, 4.60114024463e-05, 3.62258579116e-05, 2.16430071305e-05, 1.27335297293e-05, 1.70162711584e-05, 1.22294859466e-05, 7.83176164987e-06, 4.34099274571e-06, 3.81499830837e-06, 2.37264771386e-06, 2.32274101108e-06, 2.27318582802e-06, 1.60835350016e-06, 1.546723297e-06, 1.37511119647e-06, 1.66968152371e-06, 1.9967606022e-06, 1.08486551653e-06, 8.78834896412e-07, 8.08921129192e-07, 7.5388481946e-07],
        "median": [0.000893844466191, 0.000510984915309, 0.000241528818151, 0.000241187997744, 0.000168895057868, 8.13106744317e-05, 6.80614539306e-05, 7.35618523322e-05, 0.000119703698147, 0.000141782831633, 9.08859656192e-05, 6.38636556687e-05, 4.39032301074e-05, 3.1061565096e-05, 2.77418694168e-05, 2.84748621198e-05, 2.93234843411e-05, 2.36654304899e-05, 1.84431337402e-05, 1.51414860738e-05, 1.52994907694e-05, 1.06277993837e-05, 6.49918365525e-06, 6.5468793764e-06, 5.57234398002e-06, 3.47780928678e-06, 1.9694493858e-06, 1.28156398205e-06, 1.12518432616e-06, 9.65222398008e-07, 9.17890019991e-07, 7.58256192057e-07, 6.34392165466e-07, 4.87147417516e-07, 4.3792164206e-07, 3.55293025223e-07, 2.51728437206e-07, 2.00648656801e-07, 1.93570969031e-07, 1.57986534077e-07],
        "min": [6.14749310485e-12, 3.25910392424e-12, 1.15158360278e-12, 6.05588496017e-13, 2.81718523292e-13, 2.28142266363e-13, 1.65909468238e-13, 8.62555198707e-14, 5.8000215145e-14, 7.17458048267e-14, 4.78582119409e-14, 2.39256111125e-14, 3.10146636292e-14, 1.54265706112e-14, 1.31517179417e-14, 1.67381079564e-14, 3.22113551652e-14, 1.1754584529e-14, 8.47986282836e-15, 6.08252665357e-15, 7.5044993074e-15, 7.90415401587e-15, 1.22557468189e-14, 5.87048804886e-15, 3.56101290762e-15, 8.77358166722e-15, 8.68859122833e-15, 8.65296671663e-15, 6.59980162765e-15, 5.02745606173e-15, 5.34851543005e-15, 6.87791939017e-15, 4.49399047638e-15, 6.78937395399e-15, 8.07446777761e-15, 6.30500790398e-15, 5.01835511623e-15, 8.10397501736e-15, 4.94592363484e-15, 4.85378000271e-15],
        "var": [3.76867228624e-06, 3.65003120351e-06, 7.11015786692e-07, 8.96261781236e-07, 5.54017105969e-07, 3.20283021438e-07, 3.54490339305e-07, 4.70370906669e-07, 6.50427352866e-07, 4.27501390732e-07, 3.65880453046e-07, 3.31400741516e-07, 1.79043965431e-07, 6.95193946854e-08, 2.07919370609e-08, 8.03850355169e-07, 3.11213703696e-08, 2.37310686657e-08, 1.47536765027e-08, 2.01031333802e-08, 4.40605552043e-09, 1.17648801812e-09, 3.48467588118e-10, 1.94983851287e-09, 4.01468774891e-10, 1.88009829927e-10, 5.22308862827e-11, 1.093366786e-10, 1.7761918672e-11, 2.80285707838e-11, 3.02275947328e-11, 1.30372249454e-11, 1.20330759246e-11, 1.54730186996e-11, 3.52703283246e-11, 9.78452319167e-11, 2.5676388099e-11, 1.98103356636e-11, 7.94438386603e-12, 5.76196599114e-12]
    },
    "mfcc": {
        "mean": [-660.768493652, 119.204475403, -21.2911510468, -0.870730638504, -3.33693933487, 0.0362686701119, -4.49904251099, 8.14337348938, 3.62432336807, 5.40503692627, 2.04637336731, -4.01450490952, -5.04321908951],
        "cov": [[8445.90332031, 386.449645996, 1430.63696289, 1252.46520996, 1312.57727051, 707.328063965, 396.503326416, -178.924621582, -209.042739868, -340.465423584, -209.456848145, 42.1352767944, 300.361358643], [386.449645996, 1020.18261719, 717.67376709, 488.951538086, 431.829711914, 146.06451416, 40.825176239, -81.909866333, -25.1768894196, -61.7868499756, 49.56615448, 71.2722625732, 102.088813782], [1430.63696289, 717.67376709, 1696.70056152, 896.07611084, 771.471130371, 373.416564941, 146.85748291, -124.424201965, -41.5978012085, -33.4069747925, 65.9739456177, 154.998275757, 231.567871094], [1252.46520996, 488.951538086, 896.07611084, 767.804382324, 562.956481934, 268.036102295, 122.943809509, -82.4154663086, -22.0865421295, -23.9929447174, 30.9324436188, 80.6735229492, 149.824676514], [1312.57727051, 431.829711914, 771.471130371, 562.956481934, 619.784545898, 255.471633911, 107.033203125, -95.9235992432, -21.1596889496, -48.8433532715, 2.89334869385, 60.2527351379, 150.056106567], [707.328063965, 146.06451416, 373.416564941, 268.036102295, 255.471633911, 225.99659729, 108.626022339, 15.8230075836, -14.6030311584, -11.5896615982, 0.484686046839, 32.0444793701, 55.9028015137], [396.503326416, 40.825176239, 146.85748291, 122.943809509, 107.033203125, 108.626022339, 168.49710083, 55.9269447327, 8.41233921051, -12.4099521637, -16.6709423065, 0.999574124813, 21.3144664764], [-178.924621582, -81.909866333, -124.424201965, -82.4154663086, -95.9235992432, 15.8230075836, 55.9269447327, 146.429656982, 47.2861976624, 31.9448947906, -12.1501655579, -27.5182056427, -40.3859634399], [-209.042739868, -25.1768894196, -41.5978012085, -22.0865421295, -21.1596889496, -14.6030311584, 8.41233921051, 47.2861976624, 105.547302246, 60.1124458313, 14.2455291748, -9.54846572876, -6.91241407394], [-340.465423584, -61.7868499756, -33.4069747925, -23.9929447174, -48.8433532715, -11.5896615982, -12.4099521637, 31.9448947906, 60.1124458313, 146.700912476, 78.8277893066, 32.8207015991, -22.469127655], [-209.456848145, 49.56615448, 65.9739456177, 30.9324436188, 2.89334869385, 0.484686046839, -16.6709423065, -12.1501655579, 14.2455291748, 78.8277893066, 145.393997192, 86.2764434814, 4.1244931221], [42.1352767944, 71.2722625732, 154.998275757, 80.6735229492, 60.2527351379, 32.0444793701, 0.999574124813, -27.5182056427, -9.54846572876, 32.8207015991, 86.2764434814, 132.510650635, 60.7162094116], [300.361358643, 102.088813782, 231.567871094, 149.824676514, 150.056106567, 55.9028015137, 21.3144664764, -40.3859634399, -6.91241407394, -22.469127655, 4.1244931221, 60.7162094116, 139.437713623]],
