{
"lowlevel": {
    "average_loudness": 0.633219778538,
    "barkbands_crest": {
        "dmean": 2.71250343323,
        "dmean2": 4.23442411423,
        "dvar": 6.10131406784,
        "dvar2": 13.4559812546,
        "max": 25.7270793915,
        "mean": 10.1168498993,
        "median": 9.22330188751,
        "min": 2.17216992378,
        "var": 18.0630626678
    },
    "barkbands_flatness_db": {
        "dmean": 0.0223263762891,
        "dmean2": 0.0316921211779,
        "dvar": 0.000418370007537,
        "dvar2": 0.00080471241381,
        "max": 0.355290144682,
        "mean": 0.161693051457,
        "median": 0.157228201628,
        "min": 0.0419518835843,
        "var": 0.00198407936841
    },
    "barkbands_kurtosis": {
        "dmean": 2.588722229,
        "dmean2": 3.87214875221,
        "dvar": 31.3747692108,
        "dvar2": 67.55418396,
        "max": 126.131454468,
        "mean": 3.39614152908,
        "median": 1.24229812622,
        "min": -1.95019006729,
        "var": 59.1602172852
    },
    "barkbands_skewness": {
        "dmean": 0.521932065487,
        "dmean2": 0.754038751125,
        "dvar": 0.346723377705,
        "dvar2": 0.670887231827,
        "max": 10.5096616745,
        "mean": 1.15567100048,
        "median": 0.971708893776,
        "min": -4.15976762772,
        "var": 1.65991258621
    },
    "barkbands_spread": {
        "dmean": 5.00651979446,
        "dmean2": 7.40715265274,
        "dvar": 42.1286506653,
        "dvar2": 83.5861282349,
        "max": 118.04246521,
        "mean": 19.6103591919,
        "median": 17.0450172424,
        "min": 1.07315564156,
        "var": 165.344985962
    },
    "dissonance": {
        "dmean": 0.0207688212395,
        "dmean2": 0.0349265411496,
        "dvar": 0.000399573007599,
        "dvar2": 0.00107519177254,
        "max": 0.5,
        "mean": 0.461107343435,
        "median": 0.468474656343,
        "min": 0.291998386383,
        "var": 0.000870530377142
    },
    "dynamic_complexity": 3.82795405388,
    "erbbands_crest": {
        "dmean": 2.68779206276,
        "dmean2": 4.3338136673,
        "dvar": 5.74294996262,
        "dvar2": 14.4753332138,
        "max": 29.9467811584,
        "mean": 9.76958847046,
        "median": 9.0355014801,
        "min": 2.28643608093,
        "var": 17.6612129211
    },
    "erbbands_flatness_db": {
        "dmean": 0.0180086884648,
        "dmean2": 0.0255980361253,
        "dvar": 0.000257754232734,
        "dvar2": 0.000493787985761,
        "max": 0.376417666674,
        "mean": 0.191101521254,
        "median": 0.18766772747,
        "min": 0.0570110827684,
        "var": 0.00272216857411
    },
    "erbbands_kurtosis": {
        "dmean": 0.992938697338,
        "dmean2": 1.56154167652,
        "dvar": 2.13604736328,
        "dvar2": 5.35540914536,
        "max": 33.1716690063,
        "mean": 1.04544579983,
        "median": 0.3286652565,
        "min": -1.79955077171,
        "var": 6.01944637299
    },
    "erbbands_skewness": {
        "dmean": 0.365887612104,
        "dmean2": 0.563115417957,
        "dvar": 0.104840941727,
        "dvar2": 0.242249712348,
        "max": 5.24539041519,
        "mean": 0.383581995964,
        "median": 0.353290855885,
        "min": -4.5518078804,
        "var": 0.629587471485
    },
    "erbbands_spread": {
        "dmean": 6.39478874207,
        "dmean2": 9.47962188721,
        "dvar": 60.7260398865,
        "dvar2": 126.836784363,
        "max": 150.397155762,
        "mean": 30.4521827698,
        "median": 26.1106796265,
        "min": 4.26665449142,
        "var": 358.516845703
    },
    "hfc": {
        "dmean": 5.69268321991,
        "dmean2": 7.46121406555,
        "dvar": 80.9032363892,
        "dvar2": 127.111076355,
        "max": 458.273284912,
        "mean": 19.1131038666,
        "median": 12.9544763565,
        "min": 1.1686250199e-16,
        "var": 420.086212158
    },
    "melbands_crest": {
        "dmean": 3.29980063438,
        "dmean2": 5.26944971085,
        "dvar": 8.59851741791,
        "dvar2": 20.8105297089,
        "max": 36.8441085815,
        "mean": 12.9957771301,
        "median": 12.0899839401,
        "min": 1.89675462246,
        "var": 25.6035842896
    },
    "melbands_flatness_db": {
        "dmean": 0.0269232746214,
        "dmean2": 0.0372115634382,
        "dvar": 0.000673281610943,
        "dvar2": 0.00120379228611,
        "max": 0.4459156394,
        "mean": 0.193612158298,
        "median": 0.187452793121,
        "min": 0.00476593803614,
        "var": 0.00320425839163
    },
    "melbands_kurtosis": {
        "dmean": 6.15151071548,
        "dmean2": 9.15406513214,
        "dvar": 225.712905884,
        "dvar2": 456.859069824,
        "max": 292.845428467,
        "mean": 10.2968797684,
        "median": 3.77539277077,
        "min": -1.85855972767,
        "var": 465.263000488
    },
    "melbands_skewness": {
        "dmean": 0.668596923351,
        "dmean2": 0.973839104176,
        "dvar": 0.721437215805,
        "dvar2": 1.35560667515,
        "max": 15.281329155,
        "mean": 2.00208878517,
        "median": 1.63789701462,
        "min": -1.481164217,
        "var": 3.56411314011
    },
    "melbands_spread": {
        "dmean": 6.8094701767,
        "dmean2": 10.0563840866,
        "dvar": 103.000747681,
        "dvar2": 186.507583618,
        "max": 298.527374268,
        "mean": 24.0064716339,
        "median": 20.9728355408,
        "min": 0.900192379951,
        "var": 362.060394287
    },
    "pitch_salience": {
        "dmean": 0.0717189759016,
        "dmean2": 0.110352404416,
        "dvar": 0.00441713863984,
        "dvar2": 0.00943504553288,
        "max": 0.855890393257,
        "mean": 0.542687773705,
        "median": 0.552856445312,
        "min": 0.0950631797314,
        "var": 0.0136633766815
    },
    "silence_rate_20dB": {
        "dmean": 0,
        "dmean2": 0,
        "dvar": 0,
        "dvar2": 0,
        "max": 1,
        "mean": 1,
        "median": 1,
        "min": 1,
        "var": 0
    },
    "silence_rate_30dB": {
        "dmean": 0.00300037511624,
        "dmean2": 0.00600150041282,
        "dvar": 0.0029913817998,
        "dvar2": 0.00771534955129,
        "max": 1,
        "mean": 0.997624993324,
        "median": 1,
        "min": 0,
        "var": 0.00236940407194
    },
    "silence_rate_60dB": {
        "dmean": 0.0292536560446,
        "dmean2": 0.0585146285594,
        "dvar": 0.0283968206495,
        "dvar2": 0.0625874400139,
        "max": 1,
        "mean": 0.0715000033379,
        "median": 0,
        "min": 0,
        "var": 0.0663981661201
    },
    "spectral_centroid": {
        "dmean": 220.24899292,
        "dmean2": 330.592956543,
        "dvar": 70458.96875,
        "dvar2": 132063.25,
        "max": 11284.4853516,
        "mean": 1318.98547363,
        "median": 1272.65783691,
        "min": 244.761459351,
        "var": 296203.96875
    },
    "spectral_complexity": {
        "dmean": 3.35291910172,
        "dmean2": 5.15979003906,
        "dvar": 12.7927045822,
        "dvar2": 27.7072029114,
        "max": 48,
        "mean": 15.9962501526,
        "median": 15,
        "min": 0,
        "var": 64.4245681763
    },
    "spectral_decrease": {
        "dmean": 1.70513614339e-09,
        "dmean2": 2.37420594296e-09,
        "dvar": 4.42477148987e-18,
        "dvar2": 8.46099308497e-18,
        "max": -7.98709509104e-29,
        "mean": -5.5677351618e-09,
        "median": -4.35423919143e-09,
        "min": -5.07196666888e-08,
        "var": 2.18614588019e-17
    },
    "spectral_energy": {
        "dmean": 0.00684546446428,
        "dmean2": 0.00948549900204,
        "dvar": 7.08291554474e-05,
        "dvar2": 0.000134245536174,
        "max": 0.211159840226,
        "mean": 0.0227474942803,
        "median": 0.0178527180105,
        "min": 1.09012137678e-20,
        "var": 0.000362267834134
    },
    "spectral_energyband_high": {
        "dmean": 0.000187001031009,
        "dmean2": 0.000237963715335,
        "dvar": 3.85077242981e-07,
        "dvar2": 5.17568309988e-07,
        "max": 0.0470252744853,
        "mean": 0.000364170933608,
        "median": 0.000171570951352,
        "min": 7.790465365e-21,
        "var": 1.28544752442e-06
    },
    "spectral_energyband_low": {
        "dmean": 0.00327875511721,
        "dmean2": 0.00468195974827,
        "dvar": 3.26503104588e-05,
        "dvar2": 6.40305152046e-05,
        "max": 0.0704877898097,
        "mean": 0.00571655994281,
        "median": 0.00260419421829,
        "min": 2.0578676802e-23,
        "var": 7.04857593519e-05
    },
    "spectral_energyband_middle_high": {
        "dmean": 0.00248973770067,
        "dmean2": 0.00352288642898,
        "dvar": 1.69954491867e-05,
        "dvar2": 3.26493282046e-05,
        "max": 0.0993137955666,
        "mean": 0.00781389139593,
        "median": 0.00328326923773,
        "min": 1.7155766294e-21,
        "var": 0.000105426253867
    },
    "spectral_energyband_middle_low": {
        "dmean": 0.00378699344583,
        "dmean2": 0.00573090231046,
        "dvar": 3.05002504319e-05,
        "dvar2": 6.64477411192e-05,
        "max": 0.123074829578,
        "mean": 0.00956651382148,
        "median": 0.0062282779254,
        "min": 4.01615422979e-22,
        "var": 0.00010779195145
    },
    "spectral_entropy": {
        "dmean": 0.155890390277,
        "dmean2": 0.222449764609,
        "dvar": 0.0225522425026,
        "dvar2": 0.0438257157803,
        "max": 9.78628158569,
        "mean": 7.54042100906,
        "median": 7.53290557861,
        "min": 6.04194831848,
        "var": 0.140326544642
    },
    "spectral_flux": {
        "dmean": 0.0215118154883,
        "dmean2": 0.0321245826781,
        "dvar": 0.000457269605249,
        "dvar2": 0.00100746145472,
        "max": 0.364001393318,
        "mean": 0.0815149024129,
        "median": 0.0749776363373,
        "min": 1.04408877377e-10,
        "var": 0.00190790335182
    },
    "spectral_kurtosis": {
        "dmean": 1.61031711102,
        "dmean2": 2.62383842468,
        "dvar": 2.57689285278,
        "dvar2": 7.07448291779,
        "max": 24.9678039551,
        "mean": 5.24037504196,
        "median": 4.77936887741,
        "min": -1.30394363403,
        "var": 8.82622432709
    },
    "spectral_rms": {
        "dmean": 0.000680648721755,
        "dmean2": 0.000922060047742,
        "dvar": 4.4225464535e-07,
        "dvar2": 7.83502969171e-07,
        "max": 0.0143530350178,
        "mean": 0.0043052053079,
        "median": 0.00417340220883,
        "min": 3.26118537557e-12,
        "var": 3.65780010725e-06
    },
    "spectral_rolloff": {
        "dmean": 388.275085449,
        "dmean2": 623.827758789,
        "dvar": 699454.9375,
        "dvar2": 1292754.5,
        "max": 18669.2871094,
        "mean": 1496.39916992,
        "median": 1378.125,
        "min": 43.06640625,
        "var": 1997260.125
    },
    "spectral_skewness": {
        "dmean": 0.211678355932,
        "dmean2": 0.330423265696,
        "dvar": 0.0366822890937,
        "dvar2": 0.0873261615634,
        "max": 3.80148410797,
        "mean": 1.73636889458,
        "median": 1.72934746742,
        "min": -0.263543337584,
        "var": 0.207909569144
    },
    "spectral_spread": {
        "dmean": 497266.03125,
        "dmean2": 710341.6875,
        "dvar": 470279618560,
        "dvar2": 759323885568,
        "max": 41390100,
        "mean": 4156865.5,
        "median": 3905428.5,
        "min": 1791614.25,
        "var": 2.16096728678e+12
    },
    "spectral_strongpeak": {
        "dmean": 0.69265973568,
        "dmean2": 1.15001904964,
        "dvar": 1.18316483498,
        "dvar2": 2.86862182617,
        "max": 15.3694601059,
        "mean": 1.33129072189,
        "median": 0.616976499557,
        "min": 0,
        "var": 2.8110332489
    },
    "zerocrossingrate": {
        "dmean": 0.00964445527643,
        "dmean2": 0.0105704525486,
        "dvar": 0.000226925258175,
        "dvar2": 0.000209436620935,
        "max": 0.6787109375,
        "mean": 0.0588698126376,
        "median": 0.0537109375,
        "min": 0.00537109375,
        "var": 0.00152518402319
    },
    "barkbands": {
        "dmean": [3.19203063555e-05, 0.00256625888869, 0.00162229256239, 0.000713257235475, 0.000827357347589, 0.000838137697428, 0.00074733607471, 0.000675574643537, 0.00153601309285, 0.00091901718406, 0.000611207331531, 0.000484093354316, 0.000603873690125, 0.000730148109142, 0.000426949583925, 0.000240176814259, 0.000184366916073, 0.000120861062896, 8.39810891193e-05, 6.34928874206e-05, 3.37557939929e-05, 2.1116607968e-05, 2.91525848297e-05, 3.75314521079e-05, 6.87159626978e-05, 2.66406516403e-07, 9.95597604359e-10],
        "dmean2": [4.3115196604e-05, 0.00386637519114, 0.00268334546126, 0.00125110812951, 0.00136971031316, 0.00127299665473, 0.00117156177294, 0.00101847364567, 0.00232269451953, 0.00141371169593, 0.000960897654295, 0.00076842145063, 0.000917821191251, 0.00110410887282, 0.000660475692712, 0.000358885125024, 0.000280056265183, 0.000188215446542, 0.000126686660224, 9.92288405541e-05, 5.3278006817e-05, 3.08395028696e-05, 4.17344490415e-05, 5.02095317643e-05, 8.78389182617e-05, 4.39877624103e-07, 1.83288961786e-09],
        "dvar": [3.0135314244e-09, 2.53457219515e-05, 1.55711659318e-05, 3.25402379531e-06, 2.77441677099e-06, 4.19438947574e-06, 4.56137786387e-06, 3.84519944419e-06, 1.31769766085e-05, 4.71326075058e-06, 1.91350204659e-06, 1.24572750337e-06, 2.70009195447e-06, 5.39517122888e-06, 1.31957938265e-06, 4.97724784054e-07, 1.92419221889e-07, 4.96365188951e-08, 2.1537411854e-08, 8.07197952923e-09, 2.96081426043e-09, 4.13505052421e-09, 1.91243678671e-08, 4.23087627155e-08, 1.18266548554e-07, 1.78057004904e-12, 2.6622295163e-18],
        "dvar2": [5.59677815204e-09, 5.5511474784e-05, 3.89414308302e-05, 8.79635354067e-06, 6.63291939418e-06, 9.55987252382e-06, 1.15778584586e-05, 8.46412967803e-06, 2.79908035736e-05, 1.02338926808e-05, 4.63999776912e-06, 2.97149085782e-06, 5.56550094188e-06, 1.09871807581e-05, 2.92638560495e-06, 9.12455504931e-07, 3.95674106812e-07, 1.08159049717e-07, 3.85821685711e-08, 1.81552533007e-08, 7.24418658393e-09, 7.28928917226e-09, 3.22265769626e-08, 7.59433973485e-08, 1.44580312167e-07, 4.60328563462e-12, 8.28786749148e-18],
        "max": [0.0010903502116, 0.0595794990659, 0.0346902087331, 0.0188564658165, 0.053119558841, 0.0578736811876, 0.0539820119739, 0.0571964979172, 0.100233636796, 0.056767180562, 0.0292270407081, 0.0210386458784, 0.0518510341644, 0.0577418506145, 0.0385582335293, 0.0377595163882, 0.0182580966502, 0.0080139497295, 0.00738351326436, 0.00127930205781, 0.000753993692342, 0.0037116878666, 0.00711668701842, 0.014750039205, 0.029373049736, 7.18815281289e-05, 3.70967470076e-08],
        "mean": [5.55077458557e-05, 0.00360508984886, 0.0016391731333, 0.000685433042236, 0.00125171151012, 0.00183695123997, 0.00137699733023, 0.0010759975994, 0.0028231467586, 0.00172278343234, 0.00102190230973, 0.000860068656038, 0.0011770138517, 0.00123026373331, 0.000755466578994, 0.000428687111707, 0.000354334857548, 0.000239368295297, 0.000170603248989, 0.000122526442283, 5.19728237123e-05, 3.71941459889e-05, 5.37519772479e-05, 6.59170327708e-05, 0.000105385741335, 2.67156565315e-07, 1.16835585651e-09],
        "median": [1.68849583133e-05, 0.00127432774752, 0.000481368391775, 0.000249625911238, 0.000417590315919, 0.000589931965806, 0.000339652964612, 0.000197617744561, 0.00053456594469, 0.000304263492581, 0.000197758476133, 0.000175073655555, 0.000184193020687, 0.000212698068935, 0.000177524314495, 0.000134398753289, 0.000135698152008, 0.00012624610099, 0.0001008585823, 7.87113385741e-05, 2.69045813184e-05, 1.85639073607e-05, 2.38612665271e-05, 2.23317692871e-05, 2.41794841713e-05, 3.9709412647e-08, 6.34767904906e-10],
        "min": [6.78565775416e-25, 1.52356224945e-23, 2.99712870354e-24, 4.87848741513e-24, 4.63721564834e-23, 4.29285766837e-23, 9.35640404214e-23, 9.79623691084e-23, 9.57746558698e-23, 8.71857592148e-23, 6.58918096082e-23, 1.29965818634e-22, 1.0010814019e-22, 1.36808057338e-22, 1.43001928108e-22, 1.43194839309e-22, 1.50758955161e-22, 3.68067554195e-22, 2.69526508281e-22, 3.79287100021e-22, 4.82040713656e-22, 4.60053632992e-22, 7.32714758967e-22, 7.6148700267e-22, 1.24886107238e-21, 1.82375755558e-21, 2.2222932151e-21],
        "var": [8.28197688207e-09, 3.90515306208e-05, 1.34701358547e-05, 2.33319406107e-06, 5.28881446371e-06, 1.54910376295e-05, 1.17534027595e-05, 7.03502610122e-06, 3.63565668522e-05, 1.36398475661e-05, 4.61994932266e-06, 3.39238999914e-06, 8.66257687449e-06, 1.28871051857e-05, 3.75116269424e-06, 1.34107494887e-06, 5.81747258366e-07, 1.19295762602e-07, 6.49661089369e-08, 1.75867302943e-08, 4.46549641708e-09, 8.3113702587e-09, 3.82410618727e-08, 1.11920954282e-07, 3.84899436767e-07, 1.83448373679e-12, 2.18399235682e-18]
    },
    "erbbands": {
        "dmean": [0.053608737886, 0.65828961134, 1.67588579655, 2.23237013817, 2.60366654396, 2.70173621178, 4.95729207993, 7.18091344833, 10.9880905151, 10.0616922379, 18.4491081238, 37.077922821, 29.2982711792, 23.9088497162, 18.8346614838, 19.187286377, 24.4182033539, 32.2816543579, 26.8614597321, 16.4169521332, 10.7980556488, 10.0101461411, 7.28595876694, 4.41541433334, 4.00236558914, 2.88219285011, 1.69441974163, 1.09066665173, 0.744205832481, 0.826771497726, 0.84198063612, 0.745082318783, 0.691442370415, 0.745132982731, 0.520459234715, 0.0426362901926, 0.000993625144474, 5.81979111303e-05, 9.39364690566e-06, 8.83718621481e-06],
        "dmean2": [0.0766326412559, 0.99283182621, 2.62812209129, 3.77357459068, 4.50384092331, 4.38034200668, 7.36777448654, 10.9993486404, 17.4072284698, 15.1858711243, 27.5923633575, 56.4218254089, 43.5483093262, 37.8635673523, 29.6703624725, 30.0130558014, 36.9881858826, 47.9798049927, 41.0364570618, 24.4721031189, 15.981918335, 14.9269208908, 11.2943315506, 6.72494459152, 5.98393821716, 4.44872045517, 2.66833901405, 1.6958091259, 1.09497845173, 1.19764232635, 1.21533501148, 1.02609503269, 0.922715961933, 0.945188641548, 0.707331836224, 0.0607712306082, 0.00138665456325, 7.86264208728e-05, 1.21977554954e-05, 1.1904119674e-05],
        "dvar": [0.00928778108209, 1.7811820507, 14.1746301651, 30.9596557617, 32.5855102539, 37.8984565735, 133.559524536, 407.691955566, 1237.10876465, 785.388061523, 2230.7421875, 8912.41503906, 4135.20410156, 3283.17260742, 2007.6081543, 2195.24902344, 4124.00439453, 10186.8574219, 5761.85986328, 2123.68920898, 936.185913086, 659.334777832, 185.776779175, 49.0034255981, 48.8621711731, 16.6800689697, 7.52328443527, 3.30568790436, 6.91662836075, 10.9209775925, 19.8610515594, 12.0306024551, 17.7907466888, 24.4071655273, 5.06184864044, 0.0315627008677, 1.67421803781e-05, 5.72806655441e-08, 8.77289463297e-10, 1.3956887035e-10],
        "dvar2": [0.0199048053473, 3.86384558678, 33.1109313965, 81.205947876, 87.5753097534, 94.4983673096, 269.074859619, 956.505615234, 3384.69604492, 1606.66674805, 5017.68164062, 19514.6738281, 8246.46582031, 7988.50634766, 5026.13818359, 5229.72119141, 9463.99707031, 20503.4921875, 12136.3320312, 4392.93554688, 1711.12915039, 1311.14538574, 384.823059082, 101.331047058, 87.9796524048, 37.0042991638, 18.3898715973, 7.78499603271, 13.3922538757, 18.8049621582, 35.6526145935, 21.8207817078, 31.8630905151, 37.7021026611, 6.65037488937, 0.0534862503409, 2.56980238191e-05, 7.67150254433e-08, 1.08154940559e-09, 2.28924865175e-10],
        "max": [1.13255035877, 16.0304050446, 37.105594635, 58.9962120056, 73.295173645, 220.028076172, 350.205413818, 647.605285645, 1011.34191895, 1064.7800293, 1034.79992676, 2748.42260742, 1732.00415039, 1432.74243164, 875.177001953, 958.953186035, 2157.24316406, 3221.14550781, 2343.91845703, 1603.90344238, 1777.51525879, 1318.43164062, 506.428100586, 278.797027588, 332.828613281, 60.0800437927, 41.8705062866, 46.9101066589, 196.258575439, 207.904190063, 254.535949707, 201.222427368, 308.082244873, 394.392730713, 176.920318604, 10.7703666687, 0.265311866999, 0.0181350652128, 0.00243469676934, 0.000615832104813],
        "mean": [0.0800243094563, 0.88035929203, 1.93284463882, 2.36152100563, 2.59082126617, 4.46536874771, 10.7074975967, 14.7945833206, 21.0454082489, 17.7745399475, 32.2516098022, 65.6602478027, 57.9773902893, 48.2943191528, 35.8286209106, 37.219165802, 51.3933830261, 63.1960983276, 51.187412262, 32.4863166809, 21.6802310944, 19.8833904266, 14.7895889282, 9.56681919098, 8.17197704315, 5.66861915588, 2.78762435913, 1.69359958172, 1.31044268608, 1.44557189941, 1.54598796368, 1.34552514553, 1.15813875198, 1.15139353275, 0.746897339821, 0.0572491511703, 0.00139463099185, 8.79882354639e-05, 2.26816628128e-05, 2.90750376735e-05],
        "median": [0.0277811530977, 0.282323122025, 0.668555855751, 0.864105761051, 0.818339407444, 1.53877878189, 3.27880096436, 4.97307491302, 5.15217971802, 5.17859554291, 7.53568601608, 12.8842754364, 12.6924571991, 10.187169075, 8.50968170166, 8.44222450256, 9.87928962708, 11.6508607864, 12.3880558014, 9.37118530273, 7.80168533325, 7.87867069244, 7.77398109436, 5.69877433777, 5.03365325928, 3.63527488708, 1.63519227505, 0.853800177574, 0.645217955112, 0.6615254879, 0.658344447613, 0.519145131111, 0.339155256748, 0.281924784184, 0.145385101438, 0.00955123640597, 0.000264368427452, 2.17592678382e-05, 1.42685003084e-05, 2.32602433243e-05],
        "min": [4.6620558685e-22, 3.12138684215e-21, 3.39685313226e-21, 1.41462457343e-20, 1.30918082344e-19, 1.00588742628e-19, 1.39691689833e-19, 5.82620114958e-19, 1.61527414943e-18, 1.58386785933e-18, 1.53563836993e-18, 2.80948462254e-18, 1.68990517603e-18, 3.18274966716e-18, 3.7654175518e-18, 4.42420983424e-18, 4.29734514369e-18, 6.53915308263e-18, 6.06741818314e-18, 8.00647967225e-18, 7.6373246813e-18, 9.52242959264e-18, 1.75499072447e-17, 1.66105890653e-17, 1.37844454388e-17, 1.76058527783e-17, 2.07661327045e-17, 1.64424364816e-17, 1.5996043501e-17, 2.13406212204e-17, 1.94016850492e-17, 2.02144528668e-17, 1.1963195562e-17, 1.29649940019e-17, 9.47256218223e-18, 7.34806706571e-18, 3.20196217766e-18, 1.25349616198e-18, 2.79608424492e-19, 3.32502727868e-20],
        "var": [0.0178112536669, 2.5723388195, 15.1294698715, 24.5091457367, 26.7932872772, 73.2613677979, 596.529785156, 1033.6081543, 3279.67871094, 1669.54638672, 4870.20507812, 22042.8925781, 12956.9648438, 9431.12304688, 4905.75097656, 6016.15917969, 13370.1513672, 30249.2636719, 16506.421875, 5507, 2799.35424805, 1882.52172852, 485.368988037, 145.260543823, 143.645874023, 37.45677948, 11.0893030167, 5.55992794037, 11.8964757919, 20.7536811829, 36.0939102173, 32.1605987549, 43.5840301514, 62.0233955383, 16.0987091064, 0.0801291763783, 4.78306974401e-05, 1.84897245958e-07, 3.08659120485e-09, 6.76257716492e-10]
    },
    "gfcc": {
        "mean": [-28.2544364929, 105.475646973, -145.595214844, 31.3981838226, -65.4392089844, 25.8701343536, -43.8474006653, 18.8568515778, -19.7982273102, -1.60056602955, -2.79447984695, -12.6759262085, 2.71766805649],
        "cov": [[4529.33544922, 92.0967254639, 64.3557357788, 28.1840896606, 84.0397262573, 299.205200195, -123.452026367, 222.013656616, -60.7975769043, 107.783866882, -14.6891775131, 40.3043365479, -23.6148414612], [92.0967254639, 944.736755371, 134.145904541, 45.4743118286, 215.220062256, -42.432636261, 129.955963135, -28.2934513092, 136.970901489, -53.2887687683, 139.774749756, -44.9608840942, 49.285533905], [64.3557357788, 134.145904541, 1052.97229004, 638.981445312, 200.349304199, 109.190872192, -94.8465194702, 25.9600543976, -42.6078681946, 79.0122451782, -46.1077270508, 131.494216919, -23.8034591675], [28.1840896606, 45.4743118286, 638.981445312, 705.969909668, 225.446273804, 35.6221694946, -77.791305542, -15.1993055344, -23.5552272797, 27.556142807, -86.3913192749, 94.8209075928, 8.57130050659], [84.0397262573, 215.220062256, 200.349304199, 225.446273804, 341.280151367, 124.879768372, 54.0035591125, 48.6642723083, 27.3136901855, 10.509016037, 4.8691740036, 2.51033687592, 14.9616994858], [299.205200195, -42.432636261, 109.190872192, 35.6221694946, 124.879768372, 340.648010254, 166.155578613, 49.8216781616, -43.7194709778, 12.3553466797, 19.7735881805, -9.039894104, -44.2163085938], [-123.452026367, 129.955963135, -94.8465194702, -77.791305542, 54.0035591125, 166.155578613, 286.920532227, 47.4635887146, 3.97800064087, -21.1983337402, 47.3707580566, -50.3120307922, -34.3571815491], [222.013656616, -28.2934513092, 25.9600543976, -15.1993055344, 48.6642723083, 49.8216781616, 47.4635887146, 154.190002441, 50.352191925, 26.6466960907, -7.54971694946, -6.9164056778, -7.79632425308], [-60.7975769043, 136.970901489, -42.6078681946, -23.5552272797, 27.3136901855, -43.7194709778, 3.97800064087, 50.352191925, 161.564697266, 19.6814823151, 34.0952835083, -23.5787410736, 24.1319522858], [107.783866882, -53.2887687683, 79.0122451782, 27.556142807, 10.509016037, 12.3553466797, -21.1983337402, 26.6466960907, 19.6814823151, 101.111473083, 16.1923294067, 27.5209789276, -8.68185520172], [-14.6891775131, 139.774749756, -46.1077270508, -86.3913192749, 4.8691740036, 19.7735881805, 47.3707580566, -7.54971694946, 34.0952835083, 16.1923294067, 145.860717773, 22.5867080688, 30.5914325714], [40.3043365479, -44.9608840942, 131.494216919, 94.8209075928, 2.51033687592, -9.039894104, -50.3120307922, -6.9164056778, -23.5787410736, 27.5209789276, 22.5867080688, 112.139144897, 36.7863540649], [-23.6148414612, 49.285533905, -23.8034591675, 8.57130050659, 14.9616994858, -44.2163085938, -34.3571815491, -7.79632425308, 24.1319522858, -8.68185520172, 30.5914325714, 36.7863540649, 87.830329895]],
        "icov": [[0.000393929949496, -0.000616503297351, 0.000506832730025, -0.000389827619074, 0.00056305876933, -0.00100620975718, 0.00108462118078, -0.00111461663619, 0.000710795691703, -0.000580304244068, 0.000163731485372, -9.69943357632e-05, 8.10732526588e-05], [-0.000616503297351, 0.00375710357912, -0.00218798662536, 0.00160204234999, -0.00299937510863, 0.00347962067463, -0.00352157186717, 0.00341516640037, -0.00289141293615, 0.0026732806582, -0.00215709209442, 0.00127048615832, -0.000557211518753], [0.000506832730025, -0.00218798662536, 0.00400454457849, -0.00329770543613, 0.00192685215734, -0.00295795872808, 0.00318207009695, -0.0030418089591, 0.0020599081181, -0.00212424248457, 0.000249973498285, -0.00168522854801, 0.00177136913408], [-0.000389827619074, 0.00160204234999, -0.00329770543613, 0.0054350332357, -0.00341803301126, 0.00236201076768, -0.00233572884463, 0.00341422855854, -0.00211472832598, 0.00148699793499, 0.00202462077141, -0.00153717922512, -0.000600514526013], [0.00056305876933, -0.00299937510863, 0.00192685215734, -0.00341803301126, 0.00758578488603, -0.00463340431452, 0.00293811387382, -0.0040770880878, 0.00194817269221, -0.00220751087181, 0.000680756755173, 0.00108592736069, -0.00159256288316], [-0.00100620975718, 0.00347962067463, -0.00295795872808, 0.00236201076768, -0.00463340431452, 0.00952946674079, -0.00683846371248, 0.00330509105697, -0.0011474940693, 0.00203901040368, -0.00195558555424, 0.000592821743339, 0.000899429142009], [0.00108462118078, -0.00352157186717, 0.00318207009695, -0.00233572884463, 0.00293811387382, -0.00683846371248, 0.0107820415869, -0.00579446833581, 0.00320954201743, -0.00100119481795, -0.00108064059168, 0.000717079790775, 0.00221346388571], [-0.00111461663619, 0.00341516640037, -0.0030418089591, 0.00341422855854, -0.0040770880878, 0.00330509105697, -0.00579446833581, 0.0136078586802, -0.00662144040689, 0.000850299082231, 0.00160603492986, -0.000739505980164, -0.000420329713961], [0.000710795691703, -0.00289141293615, 0.0020599081181, -0.00211472832598, 0.00194817269221, -0.0011474940693, 0.00320954201743, -0.00662144040689, 0.0121990200132, -0.00427259830758, -0.00147533009294, 0.00355574372225, -0.00241305679083], [-0.000580304244068, 0.0026732806582, -0.00212424248457, 0.00148699793499, -0.00220751087181, 0.00203901040368, -0.00100119481795, 0.000850299082231, -0.00427259830758, 0.0151682617143, -0.00326730124652, -0.00285042217001, 0.00371456844732], [0.000163731485372, -0.00215709209442, 0.000249973498285, 0.00202462077141, 0.000680756755173, -0.00195558555424, -0.00108064059168, 0.00160603492986, -0.00147533009294, -0.00326730124652, 0.0128956884146, -0.0047099487856, -0.00269250385463], [-9.69943357632e-05, 0.00127048615832, -0.00168522854801, -0.00153717922512, 0.00108592736069, 0.000592821743339, 0.000717079790775, -0.000739505980164, 0.00355574372225, -0.00285042217001, -0.0047099487856, 0.0180188752711, -0.00788256060332], [8.10732526588e-05, -0.000557211518753, 0.00177136913408, -0.000600514526013, -0.00159256288316, 0.000899429142009, 0.00221346388571, -0.000420329713961, -0.00241305679083, 0.00371456844732, -0.00269250385463, -0.00788256060332, 0.0190808400512]]
    },
    "melbands": {
        "dmean": [0.000611917464994, 0.000806151831057, 0.000366977124941, 0.000188624238945, 0.00015522033209, 0.000166473037098, 0.000156277354108, 0.000112013192847, 0.00017490243772, 0.000237484200625, 0.000151645479491, 0.000103944636066, 7.00516975485e-05, 4.96399006806e-05, 5.53692771064e-05, 6.13875090494e-05, 6.57578493701e-05, 5.08923476445e-05, 3.14475655614e-05, 1.9423014237e-05, 1.21409748317e-05, 1.18038606161e-05, 8.0398594946e-06, 5.77262244406e-06, 3.7853046706e-06, 3.32282570525e-06, 2.8405690955e-06, 1.89642560144e-06, 1.18173488772e-06, 8.61838543642e-07, 5.93177503561e-07, 4.31144627555e-07, 4.49760563015e-07, 5.03175556332e-07, 5.00688145166e-07, 5.19069601523e-07, 4.66164919999e-07, 4.81633435356e-07, 5.70905058339e-07, 6.65786615173e-07],
        "dmean2": [0.000893309130333, 0.00116318603978, 0.000592523720115, 0.000320312596159, 0.000231068261201, 0.000255965569522, 0.000247268500971, 0.000168215163285, 0.000264171190793, 0.000361420155969, 0.000225250027142, 0.00016462734493, 0.000109762884676, 7.81276758062e-05, 8.46056354931e-05, 9.4327442639e-05, 9.83295904007e-05, 7.73556603235e-05, 4.81061179016e-05, 2.90917105303e-05, 1.8415870727e-05, 1.79313246917e-05, 1.26088143588e-05, 9.06496097741e-06, 5.90123136135e-06, 5.09198162035e-06, 4.37220114691e-06, 2.99330258713e-06, 1.88731985418e-06, 1.37977349368e-06, 9.30536941723e-07, 6.57527948533e-07, 6.63226046527e-07, 7.48802335693e-07, 7.4203001077e-07, 7.48121692595e-07, 6.62044271849e-07, 6.68424490868e-07, 7.65368270095e-07, 8.56495375956e-07],
        "dvar": [1.30570674628e-06, 2.49690924647e-06, 7.12366954758e-07, 1.4714532881e-07, 1.22394880009e-07, 1.95633987232e-07, 2.232105345e-07, 1.03835112952e-07, 1.83795762609e-07, 3.88359921999e-07, 1.10747720328e-07, 6.40389856699e-08, 2.50994567352e-08, 1.3412353006e-08, 1.79069434836e-08, 3.52941889048e-08, 4.21411563423e-08, 2.43773747854e-08, 7.60304796898e-09, 3.61052787667e-09, 1.00147967697e-09, 1.00755326304e-09, 3.61144864014e-10, 1.00854234686e-10, 3.74376224466e-11, 4.44905015606e-11, 1.89938152012e-11, 7.56881883557e-12, 3.9619913253e-12, 1.87981076018e-12, 1.1614651298e-12, 2.88870208136e-12, 2.49922001497e-12, 4.60906139643e-12, 8.25802707466e-12, 5.23590719392e-12, 5.36058870904e-12, 7.30639073548e-12, 1.79925588317e-11, 1.82931413073e-11],
        "dvar2": [2.82510586658e-06, 5.18617571288e-06, 1.74671720288e-06, 3.88040632515e-07, 2.42165270947e-07, 4.64301308511e-07, 5.99124064138e-07, 2.13553335016e-07, 4.17361036398e-07, 8.34580646369e-07, 2.22504638714e-07, 1.51235354906e-07, 6.05599979053e-08, 3.29572316105e-08, 4.2521605792e-08, 7.79097248937e-08, 8.36890947653e-08, 5.15031608472e-08, 1.77189125594e-08, 6.60388366214e-09, 1.97458249751e-09, 2.07485206793e-09, 7.86090414984e-10, 2.20317222799e-10, 8.26104393226e-11, 8.25316273656e-11, 4.03102135005e-11, 1.77527437195e-11, 9.80087885849e-12, 4.66441728991e-12, 2.65248435195e-12, 6.38493641639e-12, 5.01244835568e-12, 8.38607915749e-12, 1.56982430527e-11, 1.03330261014e-11, 1.03700156101e-11, 1.34601262428e-11, 3.22510421147e-11, 2.83423163411e-11],
        "max": [0.0125336870551, 0.0186451599002, 0.00872406270355, 0.00891732424498, 0.0128078144044, 0.0127808088437, 0.0132816005498, 0.00938729289919, 0.00734824454412, 0.0188905764371, 0.00834910012782, 0.00702178152278, 0.00262766331434, 0.0021704104729, 0.00475561665371, 0.00678916694596, 0.00576724065468, 0.0048101679422, 0.00303436885588, 0.00280916318297, 0.00161660625599, 0.00155046919826, 0.000803202507086, 0.000287289323751, 0.000217785142013, 0.000422557466663, 0.000154106732225, 3.55740849045e-05, 3.41561717505e-05, 1.78823211172e-05, 4.29216925113e-05, 0.0001306100894, 8.11301288195e-05, 0.000125423437566, 0.000159812479978, 0.000124173733639, 0.000154054607265, 0.000160588620929, 0.000347999477526, 0.000315174780553],
        "mean": [0.000879241270013, 0.0011233149562, 0.000415252958192, 0.000240100605879, 0.00034298634273, 0.000357428914867, 0.000302707863739, 0.000189768208656, 0.000297548918752, 0.000421461794758, 0.000289741234155, 0.000201946590096, 0.000125613005366, 9.09859445528e-05, 0.000103563797893, 0.000125349819427, 0.000117625677376, 8.81160231074e-05, 5.47095878574e-05, 3.50163754774e-05, 2.27487089433e-05, 2.21223235712e-05, 1.47532218762e-05, 1.11505432869e-05, 7.38800781619e-06, 6.16394709141e-06, 5.3844746617e-06, 3.37249935001e-06, 1.86487943665e-06, 1.22714004647e-06, 8.89371278845e-07, 7.18612113815e-07, 7.38445180559e-07, 8.31430099879e-07, 8.66949733336e-07, 9.02125123048e-07, 7.95183666469e-07, 7.72199086896e-07, 9.01582893675e-07, 9.842738109e-07],
        "median": [0.000313902099151, 0.000431182794273, 0.000166384212207, 7.63336574892e-05, 0.000117527524708, 0.000118792333524, 7.84917210694e-05, 4.75719352835e-05, 6.2534949393e-05, 7.25584905013e-05, 5.5509590311e-05, 3.8157661038e-05, 2.6361682103e-05, 1.83945230674e-05, 2.18127061089e-05, 1.69373142853e-05, 1.97867884708e-05, 1.80057031685e-05, 1.35322497954e-05, 9.79147898761e-06, 7.96864333097e-06, 8.04988030723e-06, 6.99976499163e-06, 5.89231240156e-06, 4.22027824243e-06, 3.50843265551e-06, 3.30038847096e-06, 2.08371056942e-06, 1.05983610865e-06, 6.01365059083e-07, 4.31102591847e-07, 3.53835332589e-07, 3.34206589514e-07, 3.59661953553e-07, 3.58369277365e-07, 3.69111546661e-07, 2.80548022147e-07, 2.14738662407e-07, 2.2593975757e-07, 2.22246669068e-07],
        "min": [4.15848657276e-24, 2.86043212487e-24, 5.5632593072e-24, 9.05197299471e-24, 5.05184236007e-24, 1.38490606141e-23, 2.10462804145e-23, 1.95108857248e-23, 1.2392698743e-23, 1.64782188375e-23, 8.11969954351e-24, 1.30331662345e-23, 1.14777999532e-23, 1.31484148684e-23, 1.1767694503e-23, 9.24939332486e-24, 1.31026980124e-23, 9.52508522287e-24, 1.23735278453e-23, 8.75170886836e-24, 9.37436151402e-24, 9.08351165371e-24, 1.20943010615e-23, 1.92173032503e-23, 1.25468658297e-23, 1.06128731352e-23, 8.61440289464e-24, 1.29067418081e-23, 1.28241472824e-23, 1.19958756753e-23, 9.07269952614e-24, 8.13167760749e-24, 9.91083978325e-24, 1.27027920762e-23, 9.50689251268e-24, 1.41120936611e-23, 1.21659201654e-23, 7.74840164808e-24, 8.96568265574e-24, 1.17379213147e-23],
        "var": [2.21794812205e-06, 3.82766620532e-06, 6.5134719307e-07, 1.82300183837e-07, 5.28161820057e-07, 5.86511362144e-07, 6.15185285824e-07, 2.12290231616e-07, 4.25707924023e-07, 9.92362174657e-07, 3.42626094607e-07, 1.78480604518e-07, 6.10510895172e-08, 3.70403796524e-08, 4.59088163041e-08, 1.24254682987e-07, 1.16331129618e-07, 6.18836750732e-08, 1.71257443782e-08, 9.47050615707e-09, 2.85843260173e-09, 2.78409562071e-09, 7.78861863893e-10, 2.37481811993e-10, 9.61953086631e-11, 1.16406467798e-10, 4.51871526308e-11, 1.45808452118e-11, 5.53296080827e-12, 2.64575384171e-12, 1.97678635613e-12, 3.98430420601e-12, 4.27364827554e-12, 8.2919435207e-12, 1.3465936699e-11, 1.03485128453e-11, 1.43171889275e-11, 1.77704326948e-11, 3.85054974017e-11, 4.62275218105e-11]
    },
    "mfcc": {
        "mean": [-656.266601562, 123.009033203, -14.5285520554, 6.48663949966, 7.08966732025, -3.06597280502, 3.29522585869, 3.97507739067, -0.836144447327, 7.34434223175, 0.555258154869, -1.23653423786, -0.276937097311],
        "cov": [[3878.45629883, 47.4845581055, -126.53314209, -211.153717041, 114.216926575, -27.6487998962, 110.114242554, 51.4614944458, 25.7134666443, 97.6134643555, 34.1280975342, -24.8563785553, 0.531945109367], [47.4845581055, 857.03137207, -69.0838012695, 5.6027636528, 50.3287582397, -14.5136423111, 53.8582344055, 49.5178184509, -13.2412576675, 77.0186843872, 60.5649871826, 19.6104106903, 26.7004928589], [-126.53314209, -69.0838012695, 808.634460449, 426.297607422, 251.483657837, 172.474685669, 24.785741806, 24.707857132, 19.7056999207, -93.1836166382, 13.6223840714, 61.4283065796, 52.322265625], [-211.153717041, 5.6027636528, 426.297607422, 655.869934082, 300.801452637, 119.121360779, -58.9219436646, -1.95236241817, 60.163433075, -85.8757781982, -39.6359329224, 19.7969379425, 56.4519729614], [114.216926575, 50.3287582397, 251.483657837, 300.801452637, 400.909118652, 107.150695801, 10.4431266785, 21.9960784912, 62.6300468445, -15.5950775146, -6.84138679504, 5.39374923706, 47.2040481567], [-27.6487998962, -14.5136423111, 172.474685669, 119.121360779, 107.150695801, 271.41015625, 157.242874146, 68.2621536255, 20.1871261597, -11.2254257202, 38.2822990417, 11.8303194046, -18.0360927582], [110.114242554, 53.8582344055, 24.785741806, -58.9219436646, 10.4431266785, 157.242874146, 286.438354492, 116.441650391, 12.9525003433, 30.8815937042, 55.5424613953, 11.8511190414, -22.6842727661], [51.4614944458, 49.5178184509, 24.707857132, -1.95236241817, 21.9960784912, 68.2621536255, 116.441650391, 147.239059448, 50.2864837646, 41.8146438599, 28.1751461029, 6.98187255859, 0.660301446915], [25.7134666443, -13.2412576675, 19.7056999207, 60.163433075, 62.6300468445, 20.1871261597, 12.9525003433, 50.2864837646, 118.658874512, 52.2828140259, 17.0505523682, 2.45597481728, 4.90903377533], [97.6134643555, 77.0186843872, -93.1836166382, -85.8757781982, -15.5950775146, -11.2254257202, 30.8815937042, 41.8146438599, 52.2828140259, 136.336120605, 49.9876022339, 8.67147159576, -2.88461589813], [34.1280975342, 60.5649871826, 13.6223840714, -39.6359329224, -6.84138679504, 38.2822990417, 55.5424613953, 28.1751461029, 17.0505523682, 49.9876022339, 102.755882263, 36.4475593567, -3.55541157722], [-24.8563785553, 19.6104106903, 61.4283065796, 19.7969379425, 5.39374923706, 11.8303194046, 11.8511190414, 6.98187255859, 2.45597481728, 8.67147159576, 36.4475593567, 86.7352600098, 31.6938533783], [0.531945109367, 26.7004928589, 52.322265625, 56.4519729614, 47.2040481567, -18.0360927582, -22.6842727661, 0.660301446915, 4.90903377533, -2.88461589813, -3.55541157722, 31.6938533783, 85.9923782349]],
