{
"lowlevel": {
    "average_loudness": 0.798748135567,
    "barkbands_crest": {
        "dmean": 2.72882628441,
        "dmean2": 4.34370851517,
        "dvar": 5.79515647888,
        "dvar2": 13.4074287415,
        "max": 25.9775428772,
        "mean": 9.15566921234,
        "median": 8.11324501038,
        "min": 2.14101052284,
        "var": 18.6747112274
    },
    "barkbands_flatness_db": {
        "dmean": 0.0232590418309,
        "dmean2": 0.0332313366234,
        "dvar": 0.000424528698204,
        "dvar2": 0.00079559214646,
        "max": 0.356193512678,
        "mean": 0.116948701441,
        "median": 0.106864087284,
        "min": 0.0278158802539,
        "var": 0.00256081833504
    },
    "barkbands_kurtosis": {
        "dmean": 2.19781303406,
        "dmean2": 3.35823869705,
        "dvar": 26.0750331879,
        "dvar2": 51.6734962463,
        "max": 233.873458862,
        "mean": 2.65144586563,
        "median": 0.796978712082,
        "min": -1.94747126102,
        "var": 60.3052825928
    },
    "barkbands_skewness": {
        "dmean": 0.516226768494,
        "dmean2": 0.760782897472,
        "dvar": 0.289150506258,
        "dvar2": 0.556252598763,
        "max": 13.8934364319,
        "mean": 1.17498981953,
        "median": 0.990593612194,
        "min": -4.95802545547,
        "var": 1.26347315311
    },
    "barkbands_spread": {
        "dmean": 7.44478702545,
        "dmean2": 11.1522626877,
        "dvar": 72.6229095459,
        "dvar2": 151.514907837,
        "max": 124.801475525,
        "mean": 26.2809371948,
        "median": 23.8973293304,
        "min": 0.761243164539,
        "var": 240.768051147
    },
    "dissonance": {
        "dmean": 0.0182083211839,
        "dmean2": 0.0307787712663,
        "dvar": 0.0003547592205,
        "dvar2": 0.000955761293881,
        "max": 0.500000119209,
        "mean": 0.469410091639,
        "median": 0.477540165186,
        "min": 0.250020712614,
        "var": 0.000756139750592
    },
    "dynamic_complexity": 3.04603672028,
    "erbbands_crest": {
        "dmean": 2.82610940933,
        "dmean2": 4.63812303543,
        "dvar": 7.02847766876,
        "dvar2": 17.4369354248,
        "max": 28.5922985077,
        "mean": 8.72162914276,
        "median": 7.64136838913,
        "min": 2.19099450111,
        "var": 18.7803039551
    },
    "erbbands_flatness_db": {
        "dmean": 0.0214736945927,
        "dmean2": 0.029895555228,
        "dvar": 0.000374422466848,
        "dvar2": 0.000673056405503,
        "max": 0.376072615385,
        "mean": 0.149855822325,
        "median": 0.135088950396,
        "min": 0.0484550185502,
        "var": 0.00377126666717
    },
    "erbbands_kurtosis": {
        "dmean": 0.92299246788,
        "dmean2": 1.43381595612,
        "dvar": 1.42683625221,
        "dvar2": 3.20575380325,
        "max": 26.0723228455,
        "mean": 0.731307446957,
        "median": 0.0947737693787,
        "min": -1.62853145599,
        "var": 4.05724573135
    },
    "erbbands_skewness": {
        "dmean": 0.366113066673,
        "dmean2": 0.564558804035,
        "dvar": 0.107375837862,
        "dvar2": 0.245798036456,
        "max": 3.97685909271,
        "mean": 0.400447785854,
        "median": 0.362592667341,
        "min": -3.78601360321,
        "var": 0.473050683737
    },
    "erbbands_spread": {
        "dmean": 8.97068977356,
        "dmean2": 13.0918674469,
        "dvar": 94.9340744019,
        "dvar2": 198.10383606,
        "max": 137.916717529,
        "mean": 35.7602005005,
        "median": 32.9462394714,
        "min": 3.69766306877,
        "var": 382.476318359
    },
    "hfc": {
        "dmean": 9.68164825439,
        "dmean2": 13.9732942581,
        "dvar": 150.642715454,
        "dvar2": 331.754699707,
        "max": 273.569854736,
        "mean": 24.0279998779,
        "median": 17.4840240479,
        "min": 1.14390939259e-16,
        "var": 461.500549316
    },
    "melbands_crest": {
        "dmean": 3.59560751915,
        "dmean2": 5.81290102005,
        "dvar": 9.43409252167,
        "dvar2": 22.9977779388,
        "max": 32.7094345093,
        "mean": 12.8331804276,
        "median": 11.5526399612,
        "min": 2.12310123444,
        "var": 30.1768512726
    },
    "melbands_flatness_db": {
        "dmean": 0.0269486680627,
        "dmean2": 0.0389865003526,
        "dvar": 0.000607524998486,
        "dvar2": 0.00116977386642,
        "max": 0.47054836154,
        "mean": 0.163092583418,
        "median": 0.157492339611,
        "min": 0.00762729067355,
        "var": 0.00311977183446
    },
    "melbands_kurtosis": {
        "dmean": 5.55298423767,
        "dmean2": 8.50483512878,
        "dvar": 144.434997559,
        "dvar2": 305.513336182,
        "max": 477.145782471,
        "mean": 9.3975353241,
        "median": 4.06552696228,
        "min": -1.78311741352,
        "var": 353.78793335
    },
    "melbands_skewness": {
        "dmean": 0.702369213104,
        "dmean2": 1.0270305872,
        "dvar": 0.575686514378,
        "dvar2": 1.13460707664,
        "max": 16.2796173096,
        "mean": 2.06984210014,
        "median": 1.7258900404,
        "min": -1.66140151024,
        "var": 2.74475860596
    },
    "melbands_spread": {
        "dmean": 8.11104774475,
        "dmean2": 12.542345047,
        "dvar": 111.094810486,
        "dvar2": 236.786529541,
        "max": 253.878799438,
        "mean": 28.0584907532,
        "median": 25.0650138855,
        "min": 0.634226024151,
        "var": 337.898254395
    },
    "pitch_salience": {
        "dmean": 0.0754530057311,
        "dmean2": 0.116606384516,
        "dvar": 0.00414706580341,
        "dvar2": 0.00897385831922,
        "max": 0.946733355522,
        "mean": 0.593732953072,
        "median": 0.611962854862,
        "min": 0.0922446250916,
        "var": 0.0164310131222
    },
    "silence_rate_20dB": {
        "dmean": 0,
        "dmean2": 0,
        "dvar": 0,
        "dvar2": 0,
        "max": 1,
        "mean": 1,
        "median": 1,
        "min": 1,
        "var": 0
    },
    "silence_rate_30dB": {
        "dmean": 0.00293040298857,
        "dmean2": 0.00586152169853,
        "dvar": 0.00292197917588,
        "dvar2": 0.00802553445101,
        "max": 1,
        "mean": 0.997802436352,
        "median": 1,
        "min": 0,
        "var": 0.00219274591655
    },
    "silence_rate_60dB": {
        "dmean": 0.0249084252864,
        "dmean2": 0.0498229339719,
        "dvar": 0.024289669469,
        "dvar2": 0.054419528693,
        "max": 1,
        "mean": 0.0611646920443,
        "median": 0,
        "min": 0,
        "var": 0.0574339143932
    },
    "spectral_centroid": {
        "dmean": 266.761749268,
        "dmean2": 410.408447266,
        "dvar": 89788.75,
        "dvar2": 173289.125,
        "max": 10828.8818359,
        "mean": 1515.43225098,
        "median": 1492.51806641,
        "min": 190.185287476,
        "var": 306121.5625
    },
    "spectral_complexity": {
        "dmean": 4.39682531357,
        "dmean2": 6.47966766357,
        "dvar": 19.8361930847,
        "dvar2": 37.1043586731,
        "max": 58,
        "mean": 19.7789039612,
        "median": 19,
        "min": 0,
        "var": 87.609085083
    },
    "spectral_decrease": {
        "dmean": 2.13591855314e-09,
        "dmean2": 3.08461989285e-09,
        "dvar": 7.48575624176e-18,
        "dvar2": 1.51525326888e-17,
        "max": -6.44999836536e-29,
        "mean": -5.76302428001e-09,
        "median": -4.23730561749e-09,
        "min": -3.92405432592e-08,
        "var": 2.54433493776e-17
    },
    "spectral_energy": {
        "dmean": 0.0087015600875,
        "dmean2": 0.0125533565879,
        "dvar": 0.000120706106827,
        "dvar2": 0.000244715251029,
        "max": 0.156976118684,
        "mean": 0.0239304658026,
        "median": 0.0178457722068,
        "min": 1.06190361268e-20,
        "var": 0.000417297997046
    },
    "spectral_energyband_high": {
        "dmean": 0.000605011184234,
        "dmean2": 0.000882472726516,
        "dvar": 9.52643347318e-07,
        "dvar2": 2.06794857149e-06,
        "max": 0.0236613061279,
        "mean": 0.000950868939981,
        "median": 0.000448616163339,
        "min": 7.42075682866e-21,
        "var": 1.90242110421e-06
    },
    "spectral_energyband_low": {
        "dmean": 0.00344801088795,
        "dmean2": 0.00493572326377,
        "dvar": 4.71081148135e-05,
        "dvar2": 8.83244283614e-05,
        "max": 0.0939482748508,
        "mean": 0.00641081854701,
        "median": 0.00241342326626,
        "min": 6.57602717855e-23,
        "var": 0.000120120981592
    },
    "spectral_energyband_middle_high": {
        "dmean": 0.00280339410529,
        "dmean2": 0.00408850610256,
        "dvar": 1.7155025489e-05,
        "dvar2": 3.87557083741e-05,
        "max": 0.123443074524,
        "mean": 0.00745827099308,
        "median": 0.00456889439374,
        "min": 1.74742045766e-21,
        "var": 7.91609854787e-05
    },
    "spectral_energyband_middle_low": {
        "dmean": 0.00535008404404,
        "dmean2": 0.00829454697669,
        "dvar": 6.53719471302e-05,
        "dvar2": 0.000148128572619,
        "max": 0.116156294942,
        "mean": 0.00978118181229,
        "median": 0.00577159877867,
        "min": 2.39488502546e-22,
        "var": 0.000127219289425
    },
    "spectral_entropy": {
        "dmean": 0.185310408473,
        "dmean2": 0.254810422659,
        "dvar": 0.0301959440112,
        "dvar2": 0.0539834722877,
        "max": 9.80198001862,
        "mean": 7.79485177994,
        "median": 7.8007774353,
        "min": 6.30780649185,
        "var": 0.123903468251
    },
    "spectral_flux": {
        "dmean": 0.0245588831604,
        "dmean2": 0.0365611091256,
        "dvar": 0.000658475386444,
        "dvar2": 0.00128134514671,
        "max": 0.306374639273,
        "mean": 0.0894781500101,
        "median": 0.0796825662255,
        "min": 1.03048708455e-10,
        "var": 0.00212526717223
    },
    "spectral_kurtosis": {
        "dmean": 1.36831259727,
        "dmean2": 2.0699968338,
        "dvar": 1.92342245579,
        "dvar2": 4.77412796021,
        "max": 22.0027236938,
        "mean": 4.47695827484,
        "median": 4.06895208359,
        "min": -1.25906252861,
        "var": 6.06977272034
    },
    "spectral_rms": {
        "dmean": 0.000843813235406,
        "dmean2": 0.00118809437845,
        "dvar": 7.6185784792e-07,
        "dvar2": 1.41212763083e-06,
        "max": 0.0123752746731,
        "mean": 0.0044169453904,
        "median": 0.00417259009555,
        "min": 3.21870091344e-12,
        "var": 3.83738415621e-06
    },
    "spectral_rolloff": {
        "dmean": 727.452026367,
        "dmean2": 1206.86694336,
        "dvar": 1891317.875,
        "dvar2": 4316156,
        "max": 18690.8203125,
        "mean": 1983.52307129,
        "median": 1614.99023438,
        "min": 64.599609375,
        "var": 3279861.25
    },
    "spectral_skewness": {
        "dmean": 0.19420941174,
        "dmean2": 0.291906327009,
        "dvar": 0.0327990986407,
        "dvar2": 0.0702067762613,
        "max": 3.53887796402,
        "mean": 1.68407261372,
        "median": 1.67498648167,
        "min": -0.0197177212685,
        "var": 0.138449251652
    },
    "spectral_spread": {
        "dmean": 938780,
        "dmean2": 1252917.375,
        "dvar": 1.18697662874e+12,
        "dvar2": 2.12209316659e+12,
        "max": 41936084,
        "mean": 5359509.5,
        "median": 5150521.5,
        "min": 1929955.625,
        "var": 3.89971522355e+12
    },
    "spectral_strongpeak": {
        "dmean": 0.658846974373,
        "dmean2": 1.0782135725,
        "dvar": 0.999105870724,
        "dvar2": 2.39710426331,
        "max": 16.0216999054,
        "mean": 1.14604496956,
        "median": 0.531932115555,
        "min": 0,
        "var": 2.40023636818
    },
    "zerocrossingrate": {
        "dmean": 0.0164530519396,
        "dmean2": 0.0191609095782,
        "dvar": 0.000333639414748,
        "dvar2": 0.000386480416637,
        "max": 0.58154296875,
        "mean": 0.0825002193451,
        "median": 0.0732421875,
        "min": 0.00341796875,
        "var": 0.00187869928777
    },
    "barkbands": {
        "dmean": [0.000200525231776, 0.00232763728127, 0.00189997290727, 0.00112596398685, 0.00183297437616, 0.000946240907069, 0.000766971206758, 0.000890983326826, 0.00164986646269, 0.000841686618514, 0.00075024185935, 0.000561787106562, 0.000835536106024, 0.000477914640214, 0.000476705317851, 0.000240818044404, 0.000179327267688, 0.000206259384868, 0.000138464994961, 0.000108778767753, 6.78490105201e-05, 7.96974854893e-05, 9.00001105038e-05, 0.000104987841041, 0.000158292750712, 0.000125027159811, 1.62602219689e-07],
        "dmean2": [0.000332880212227, 0.00341662438586, 0.00299473898485, 0.00194666010793, 0.00306793651544, 0.00153016636614, 0.00127329106908, 0.00140423281118, 0.00260593183339, 0.00135378807317, 0.00117906276137, 0.000887227302883, 0.00130649970379, 0.000765161821619, 0.000755815592129, 0.000380978075555, 0.00028917673626, 0.000319462822517, 0.000216036874917, 0.000171880703419, 0.000105264552985, 0.00012423832959, 0.000135523194331, 0.000154554451001, 0.000239068467636, 0.000200225738809, 2.86201839117e-07],
        "dvar": [4.10037188203e-07, 2.53110574704e-05, 2.98133254546e-05, 8.25945971883e-06, 1.51647218445e-05, 4.55338067695e-06, 3.96241148337e-06, 6.11212544754e-06, 1.82119838428e-05, 3.0613623494e-06, 3.37312098964e-06, 2.17727119889e-06, 5.07839831698e-06, 2.25304438572e-06, 1.72701913925e-06, 3.53403663667e-07, 9.89717605648e-08, 1.06320293014e-07, 4.5156685502e-08, 4.24507859975e-08, 1.43687444165e-08, 1.9653601413e-08, 2.74460916216e-08, 6.03562071433e-08, 1.19816149891e-07, 6.74891609265e-08, 1.41190919091e-13],
        "dvar2": [1.07834910068e-06, 5.30399374838e-05, 6.92948597134e-05, 2.19880639634e-05, 3.95305432903e-05, 1.05295966932e-05, 1.04477048808e-05, 1.41472992254e-05, 4.30119616794e-05, 7.5264329098e-06, 8.39698350319e-06, 4.97070914207e-06, 1.15176053441e-05, 5.67347069591e-06, 3.80140158995e-06, 8.0404839764e-07, 2.47928994668e-07, 2.55146915151e-07, 1.0917922566e-07, 1.05183346477e-07, 3.41211361388e-08, 4.92640666039e-08, 5.50721743764e-08, 1.32813866571e-07, 2.80995891444e-07, 1.72894615957e-07, 3.82176332681e-13],
        "max": [0.0221511945128, 0.0755041986704, 0.0688813924789, 0.0347287133336, 0.0645170584321, 0.0608148649335, 0.029478315264, 0.0716650187969, 0.0996578484774, 0.0377800501883, 0.0571189299226, 0.0406333506107, 0.0519602894783, 0.0676839873195, 0.0478698126972, 0.0173941310495, 0.0112907020375, 0.00696995994076, 0.003695508698, 0.00451892986894, 0.00200526695698, 0.00217806897126, 0.00703895930201, 0.00829097256064, 0.00922321714461, 0.0117038888857, 5.37995356353e-06],
        "mean": [0.000238192951656, 0.00376768317074, 0.00192958151456, 0.00104500423186, 0.00214807782322, 0.00128857255913, 0.000925054075196, 0.00120133068413, 0.00281546451151, 0.00127123226412, 0.00122849142645, 0.000865995883942, 0.00136972672772, 0.000748552498408, 0.000691279594321, 0.000393299735151, 0.000311082229018, 0.000393256370444, 0.000260765780695, 0.000180903778528, 0.000108804881165, 0.000126462444314, 0.000138859366416, 0.000152266511577, 0.000200738417334, 0.000129580555949, 1.22734107322e-07],
        "median": [4.84645097458e-05, 0.00129480485339, 0.000459371309262, 0.000293701508781, 0.000738536124118, 0.000440332631115, 0.000324237073073, 0.00030370883178, 0.000530519115273, 0.000368162960513, 0.000334797543474, 0.00025763764279, 0.000321983010508, 0.000237570973695, 0.000256169529166, 0.000166200217791, 0.000178542599315, 0.000224226052524, 0.000159339717356, 9.6246272733e-05, 5.1495135267e-05, 5.84385488764e-05, 5.81245694775e-05, 5.56938030059e-05, 7.40028626751e-05, 4.12855260947e-05, 1.34528761464e-08],
        "min": [4.31583750208e-24, 2.32701771251e-23, 2.52665726615e-23, 9.4335402814e-24, 4.12374324523e-23, 1.45864231017e-23, 2.57620672401e-23, 1.69909090061e-23, 5.61108368404e-23, 6.79654535599e-23, 8.50678128347e-23, 2.09414313339e-23, 8.59757223168e-23, 7.52755940658e-23, 1.24711904031e-22, 9.87415869779e-23, 1.78615123094e-22, 2.56166334747e-22, 2.95396728351e-22, 3.59415580222e-22, 4.56604758358e-22, 3.43713688868e-22, 4.16628291664e-22, 9.18476330773e-22, 1.43865388749e-21, 1.18833057605e-21, 2.28863871439e-21],
        "var": [5.1695383263e-07, 5.18920605828e-05, 2.93512239296e-05, 6.39000381852e-06, 1.55007619469e-05, 7.09310006641e-06, 3.91722687709e-06, 9.89911859506e-06, 4.93681545777e-05, 5.91257366978e-06, 8.2829128587e-06, 5.29131921212e-06, 1.220212107e-05, 3.9132000893e-06, 2.72070997198e-06, 6.18369369931e-07, 1.93355489841e-07, 2.58157655253e-07, 9.5180041626e-08, 6.71562787602e-08, 2.34353567663e-08, 3.02621501191e-08, 5.62107942415e-08, 1.12557508203e-07, 1.86998576623e-07, 6.87068606453e-08, 1.02743083952e-13]
    },
    "erbbands": {
        "dmean": [0.0616894066334, 0.581556499004, 1.95187520981, 2.95116257668, 5.24584627151, 6.19535684586, 6.45203113556, 9.05699062347, 8.40307331085, 15.23042202, 21.5771789551, 40.9006271362, 27.2797279358, 25.2309055328, 31.3854808807, 20.5967006683, 36.8055114746, 26.55128479, 27.3654174805, 16.860080719, 9.91679763794, 9.20777416229, 11.1019010544, 7.50496006012, 6.62324762344, 5.01660633087, 3.27181100845, 2.62249135971, 2.81801581383, 2.77647781372, 2.64184546471, 2.20239710808, 1.83130049706, 1.70607411861, 1.15790939331, 0.639874458313, 0.215500369668, 0.0230061169714, 0.000417551782448, 2.60548786173e-05],
        "dmean2": [0.0918205529451, 0.833174049854, 2.99853420258, 4.85260534286, 8.9156255722, 10.3640613556, 10.4833183289, 14.6789665222, 13.6123342514, 25.0936412811, 33.6638412476, 64.3583679199, 43.6629219055, 39.2470283508, 49.2366447449, 32.6057128906, 57.8538398743, 41.0768508911, 43.324962616, 26.417514801, 15.5137834549, 14.6487760544, 17.2553024292, 11.5708208084, 10.4433116913, 7.92268753052, 5.04919672012, 4.08308458328, 4.40054178238, 4.2675151825, 3.98877859116, 3.26420855522, 2.70747613907, 2.5473690033, 1.78148818016, 1.01273190975, 0.348538100719, 0.0379088148475, 0.000680984987412, 4.00509998144e-05],
        "dvar": [0.0151853570715, 1.74029529095, 29.0122528076, 59.3067550659, 139.473632812, 190.372848511, 272.801727295, 436.832336426, 308.028808594, 1930.81689453, 4115.20117188, 12018.5966797, 4105.57470703, 3135.23486328, 5853.96337891, 3175.31079102, 8988.57421875, 7906.07910156, 5653.17236328, 1369.82702637, 542.625305176, 246.524703979, 309.664886475, 149.097686768, 121.54549408, 77.7528610229, 36.1511154175, 20.4560546875, 23.0183563232, 26.2411975861, 24.6429672241, 26.4548473358, 19.4694232941, 16.6065883636, 5.76380681992, 1.80459153652, 0.188656151295, 0.00203092209995, 6.22950437901e-07, 1.54252677298e-09],
        "dvar2": [0.0326263271272, 3.51582169533, 63.4382705688, 147.265029907, 369.87902832, 493.64440918, 685.28704834, 1019.59240723, 762.125305176, 5035.86523438, 9489.08789062, 28816.9492188, 9957.20507812, 7885.20751953, 14386.5517578, 6959.24951172, 20782.2832031, 20312.0898438, 12708.1708984, 3237.28833008, 1201.73632812, 601.400878906, 739.551696777, 371.205841064, 298.648895264, 185.836120605, 86.7225265503, 49.0867271423, 57.2308807373, 61.6747245789, 50.7543792725, 57.3851699829, 42.9270553589, 37.4407997131, 13.8744010925, 4.47024774551, 0.494400650263, 0.00528774457052, 1.60707509167e-06, 3.75243036643e-09],
        "max": [2.0149204731, 19.8228969574, 67.8627471924, 96.0522232056, 154.764755249, 220.700759888, 431.220550537, 444.656158447, 405.830383301, 712.418029785, 1966.13195801, 2666.45556641, 1333.68786621, 1308.33239746, 2100.28686523, 2101.8371582, 2638.62695312, 4579.68798828, 2623.37768555, 907.961120605, 844.989868164, 534.454711914, 381.374145508, 342.51071167, 191.782989502, 200.493804932, 112.980674744, 58.7666244507, 74.0012664795, 152.958862305, 185.350997925, 147.009567261, 212.101989746, 131.405059814, 69.0832290649, 66.2427062988, 15.022895813, 1.08569192886, 0.0165349431336, 0.00110894697718],
        "mean": [0.100213713944, 0.872758567333, 2.24637746811, 3.01437401772, 5.45218229294, 7.08076238632, 8.4434709549, 11.9262685776, 11.7595529556, 18.209394455, 31.1901092529, 72.0463027954, 43.7273216248, 42.5256881714, 56.0775718689, 35.344833374, 62.9301948547, 45.6640663147, 43.3048439026, 27.610162735, 17.977766037, 17.6033859253, 21.4677295685, 15.6462907791, 11.778342247, 8.54661655426, 5.42758369446, 4.24523544312, 4.54255962372, 4.28198623657, 3.95099830627, 3.28697776794, 2.53563833237, 2.2101495266, 1.40223491192, 0.689642250538, 0.216304495931, 0.0219306573272, 0.000421635544626, 4.89008489239e-05],
        "median": [0.0327075086534, 0.280026197433, 0.619100689888, 0.951192855835, 1.58839786053, 2.2899954319, 2.86107945442, 3.96412920952, 5.19354486465, 5.63955163956, 9.48601913452, 13.916343689, 14.9425230026, 14.869143486, 16.3729419708, 13.2112264633, 16.7494812012, 15.3194465637, 16.2344970703, 12.3272333145, 8.82282543182, 10.5382556915, 12.5674057007, 9.62402057648, 7.18991327286, 4.57989406586, 2.66265392303, 2.01795649529, 2.12402510643, 1.86573839188, 1.64153838158, 1.26937317848, 0.847490012646, 0.749196767807, 0.522747635841, 0.242212429643, 0.0621615685523, 0.00496949953958, 0.000117093768495, 3.4486700315e-05],
        "min": [5.56964172835e-22, 6.01480989685e-21, 2.2647542781e-20, 4.16440880527e-20, 6.06405590075e-20, 1.93460859492e-19, 2.62459445279e-19, 1.03911727481e-19, 2.07868911122e-19, 1.41275275417e-19, 6.63658689377e-19, 1.29855155257e-18, 2.105650081e-18, 1.97073051245e-18, 2.19916553759e-18, 1.40793378087e-18, 3.64020143221e-18, 3.82203020651e-18, 5.92337501922e-18, 5.4404421622e-18, 9.56460505053e-18, 7.56899211807e-18, 1.25021508804e-17, 1.59476650157e-17, 1.60320374381e-17, 1.60011472053e-17, 1.84291324071e-17, 1.66100547066e-17, 1.36741698554e-17, 1.2140779659e-17, 1.25618311344e-17, 1.80560392092e-17, 1.56241100103e-17, 1.74209084282e-17, 8.66844915542e-18, 4.97997511702e-18, 2.19157718945e-18, 1.21355223058e-18, 3.07755028442e-19, 3.1988605864e-20],
        "var": [0.0331753157079, 3.28259038925, 33.6025352478, 52.8413696289, 125.479705811, 197.059341431, 340.74420166, 636.792541504, 432.994049072, 1887.33325195, 6857.14013672, 33126.4023438, 7706.93066406, 6916.21679688, 16307.3769531, 8149.20654297, 23333.3378906, 14459.7900391, 9414.75488281, 2316.91040039, 1061.37609863, 543.932434082, 722.790283203, 369.15814209, 197.156433105, 135.946456909, 63.129322052, 34.4792175293, 37.5746841431, 43.9102706909, 47.4417495728, 51.0397033691, 34.1577110291, 27.6740818024, 8.09579277039, 2.04863238335, 0.186103835702, 0.00185422087088, 6.00897521963e-07, 2.34758967821e-09]
    },
    "gfcc": {
        "mean": [11.5741729736, 62.4245872498, -124.873046875, 14.7213630676, -58.9524726868, 22.1716632843, -42.0897064209, 18.4570102692, -30.0939979553, 6.42263460159, -19.7244415283, 3.58703303337, -15.8645486832],
        "cov": [[4722.52685547, -44.0032653809, 1247.53430176, 362.812408447, 23.2327194214, 204.455917358, -46.5379714966, 197.307922363, -58.5576515198, 295.522918701, -0.0452247411013, 153.35798645, -153.256393433], [-44.0032653809, 925.771728516, 308.692199707, 249.903717041, 245.526077271, 34.418888092, 74.5583343506, 40.0585632324, 85.3316802979, 32.5354652405, 82.4921417236, -13.7355298996, -7.50310611725], [1247.53430176, 308.692199707, 1905.19042969, 710.239685059, 265.161590576, 120.3073349, -211.706634521, 72.4599304199, -86.6501083374, 255.611328125, -27.6538639069, 86.3087615967, -121.469917297], [362.812408447, 249.903717041, 710.239685059, 562.885192871, 200.381088257, 61.0460853577, -39.6460838318, 36.1410102844, 20.5762729645, 97.9708328247, 16.8751354218, 24.7690849304, -6.59753513336], [23.2327194214, 245.526077271, 265.161590576, 200.381088257, 275.446868896, 81.7866363525, 23.9912052155, 50.376285553, 53.5205192566, 54.5163650513, 13.5013065338, 11.5723323822, -2.4521150589], [204.455917358, 34.418888092, 120.3073349, 61.0460853577, 81.7866363525, 203.359024048, 126.046562195, 55.1646728516, 25.7317619324, 35.8486747742, 39.075504303, 15.0193433762, -8.64988517761], [-46.5379714966, 74.5583343506, -211.706634521, -39.6460838318, 23.9912052155, 126.046562195, 270.249389648, 74.160369873, 43.110080719, -5.33291959763, 66.1933441162, 10.0171165466, 6.960958004], [197.307922363, 40.0585632324, 72.4599304199, 36.1410102844, 50.376285553, 55.1646728516, 74.160369873, 125.4245224, 62.0909042358, 40.2852325439, 31.8454418182, 19.5127182007, 2.5206758976], [-58.5576515198, 85.3316802979, -86.6501083374, 20.5762729645, 53.5205192566, 25.7317619324, 43.110080719, 62.0909042358, 133.573364258, 35.3411064148, 34.8209838867, 4.55125617981, 28.4343585968], [295.522918701, 32.5354652405, 255.611328125, 97.9708328247, 54.5163650513, 35.8486747742, -5.33291959763, 40.2852325439, 35.3411064148, 124.323554993, 38.7711868286, 35.8729095459, -6.24812793732], [-0.0452247411013, 82.4921417236, -27.6538639069, 16.8751354218, 13.5013065338, 39.075504303, 66.1933441162, 31.8454418182, 34.8209838867, 38.7711868286, 95.3826217651, 34.7922821045, 14.3535890579], [153.35798645, -13.7355298996, 86.3087615967, 24.7690849304, 11.5723323822, 15.0193433762, 10.0171165466, 19.5127182007, 4.55125617981, 35.8729095459, 34.7922821045, 76.385307312, 22.7269287109], [-153.256393433, -7.50310611725, -121.469917297, -6.59753513336, -2.4521150589, -8.64988517761, 6.960958004, 2.5206758976, 28.4343585968, -6.24812793732, 14.3535890579, 22.7269287109, 83.2144851685]],
        "icov": [[0.000342352082953, -0.000122342447867, 6.3559411501e-05, -0.000173832217115, 0.000443480006652, -0.000430688669439, 0.000233199665672, -0.000611982482951, 0.000318381062243, -0.00068505294621, 0.000659722078126, -0.000757390866056, 0.000598637270741], [-0.000122342447867, 0.00218462035991, -0.000971344241407, 0.000347630877513, -0.00194688746706, 0.00172163650859, -0.00133629981428, 0.0013555965852, -0.0015640584752, 0.00208883779123, -0.00315593881533, 0.00212854868732, -0.000572052435018], [6.3559411501e-05, -0.000971344241407, 0.00287942192517, -0.00238004792482, 0.000790040998254, -0.00210986589082, 0.00251367455348, -0.00228953314945, 0.00295151630417, -0.00361683010124, 0.00288674468175, -0.00282962014899, 0.00270175049081], [-0.000173832217115, 0.000347630877513, -0.00238004792482, 0.00484788883477, -0.00215431349352, 0.00135877530556, -0.00136584753636, 0.00176982174162, -0.00168769899756, 0.00163597823121, -0.00228946609423, 0.0025344369933, -0.0028380046133], [0.000443480006652, -0.00194688746706, 0.000790040998254, -0.00215431349352, 0.00793066434562, -0.00352467340417, 0.00145928259008, -0.00210356083699, -0.000337125587976, -0.00256842537783, 0.00425773765892, -0.0027153394185, 0.00136214727536], [-0.000430688669439, 0.00172163650859, -0.00210986589082, 0.00135877530556, -0.00352467340417, 0.0108720147982, -0.0061080805026, 0.00193703349214, -0.00181082054041, 0.00207385094836, -0.00379987061024, 0.00314950104803, -0.00156179652549], [0.000233199665672, -0.00133629981428, 0.00251367455348, -0.00136584753636, 0.00145928259008, -0.0061080805026, 0.00983253866434, -0.00526821101084, 0.00266212737188, -0.000786146498285, -0.000860032218043, -0.0021782561671, 0.00238971668296], [-0.000611982482951, 0.0013555965852, -0.00228953314945, 0.00176982174162, -0.00210356083699, 0.00193703349214, -0.00526821101084, 0.0162184871733, -0.00793726742268, 0.00199894560501, -0.0025100891944, 0.000972409790847, -0.00108821329195], [0.000318381062243, -0.0015640584752, 0.00295151630417, -0.00168769899756, -0.000337125587976, -0.00181082054041, 0.00266212737188, -0.00793726742268, 0.016069304198, -0.00695805903524, 0.00107113039121, 0.000787014956586, -0.00197352096438], [-0.00068505294621, 0.00208883779123, -0.00361683010124, 0.00163597823121, -0.00256842537783, 0.00207385094836, -0.000786146498285, 0.00199894560501, -0.00695805903524, 0.0198434423655, -0.00933097861707, 0.00044130065362, -0.000721611606423], [0.000659722078126, -0.00315593881533, 0.00288674468175, -0.00228946609423, 0.00425773765892, -0.00379987061024, -0.000860032218043, -0.0025100891944, 0.00107113039121, -0.00933097861707, 0.023814311251, -0.0108680604026, 0.00263511366211], [-0.000757390866056, 0.00212854868732, -0.00282962014899, 0.0025344369933, -0.0027153394185, 0.00314950104803, -0.0021782561671, 0.000972409790847, 0.000787014956586, 0.00044130065362, -0.0108680604026, 0.0248341336846, -0.00987604167312], [0.000598637270741, -0.000572052435018, 0.00270175049081, -0.0028380046133, 0.00136214727536, -0.00156179652549, 0.00238971668296, -0.00108821329195, -0.00197352096438, -0.000721611606423, 0.00263511366211, -0.00987604167312, 0.0193606354296]]
    },
    "melbands": {
        "dmean": [0.000584494264331, 0.000856429396663, 0.000534987600986, 0.000413895875681, 0.000235910410993, 0.000192102233996, 0.000135524998768, 0.000168298662174, 0.000189068188774, 0.000262349727564, 0.000136461167131, 0.000105850660475, 0.000104097722215, 6.85383274686e-05, 5.94423581788e-05, 8.81262676558e-05, 4.78946967633e-05, 4.67361605843e-05, 3.10087707476e-05, 2.10093858186e-05, 1.07076721179e-05, 9.67886080616e-06, 1.35129730552e-05, 8.87920850801e-06, 6.3708853304e-06, 5.58669125894e-06, 4.28602425018e-06, 3.42203975379e-06, 2.3697900815e-06, 1.66395341239e-06, 1.58698162522e-06, 1.62756975897e-06, 1.68710641901e-06, 1.5893734826e-06, 1.60122510806e-06, 1.4627426026e-06, 1.35625543862e-06, 1.22296921745e-06, 1.45908916238e-06, 1.46513662003e-06],
        "dmean2": [0.000854884099681, 0.00124541274272, 0.000849966250826, 0.000703141558915, 0.000382104684832, 0.00031050783582, 0.000221176233026, 0.00027555032284, 0.000295105419355, 0.000413005735027, 0.000218728149775, 0.000165965611814, 0.000163069184055, 0.000107831925561, 9.44778003031e-05, 0.000137992901728, 7.51562183723e-05, 7.47640879126e-05, 4.86948119942e-05, 3.34098403982e-05, 1.70985422301e-05, 1.57569720614e-05, 2.12674458453e-05, 1.39448793561e-05, 9.98323685053e-06, 8.88526392373e-06, 6.84243605065e-06, 5.4908682614e-06, 3.70524981008e-06, 2.63044989879e-06, 2.5066121907e-06, 2.55840132013e-06, 2.69310203294e-06, 2.47882690019e-06, 2.44986813414e-06, 2.2301107947e-06, 2.04252910407e-06, 1.84376563084e-06, 2.17130855162e-06, 2.22330140787e-06],
        "dvar": [1.4237675714e-06, 4.39295627075e-06, 1.46640411458e-06, 8.16478859633e-07, 3.20144096122e-07, 1.89088950719e-07, 8.31137114687e-08, 2.02315575848e-07, 3.03390635281e-07, 5.20646267432e-07, 1.05590459043e-07, 5.6336357801e-08, 6.33870342881e-08, 2.99247133739e-08, 1.7410451747e-08, 6.75767140024e-08, 2.64887916046e-08, 1.59028719082e-08, 6.56685594791e-09, 2.72995226425e-09, 6.11476203005e-10, 2.80565876087e-10, 5.61355517625e-10, 2.03344868721e-10, 1.14543881324e-10, 7.82148235068e-11, 7.85949846871e-11, 4.16268512715e-11, 2.19650634486e-11, 1.04103149712e-11, 7.77545996339e-12, 7.71321808507e-12, 9.76944827119e-12, 9.78188797324e-12, 9.66735112101e-12, 1.01801969632e-11, 1.084736901e-11, 9.88755605169e-12, 1.27334852731e-11, 1.28559758325e-11],
        "dvar2": [2.94421079161e-06, 8.74206307344e-06, 3.3803066799e-06, 2.15689624383e-06, 8.00580096438e-07, 4.38606349462e-07, 2.09318272937e-07, 5.16171155596e-07, 7.04716285327e-07, 1.22389724311e-06, 2.55112496461e-07, 1.41416492738e-07, 1.56170401056e-07, 6.96943089906e-08, 3.77393902795e-08, 1.60174010944e-07, 6.71607409686e-08, 3.67295491799e-08, 1.42109195522e-08, 6.46874998012e-09, 1.41743639048e-09, 6.93751112113e-10, 1.37539080125e-09, 5.0393422768e-10, 2.9218316655e-10, 1.89641871651e-10, 2.00529245986e-10, 1.04091159303e-10, 5.6298441603e-11, 2.57465264386e-11, 1.90856341148e-11, 1.92908189423e-11, 2.49005694536e-11, 2.27192657049e-11, 2.02226759644e-11, 2.29620350511e-11, 2.34044485181e-11, 2.36328647624e-11, 2.71116289141e-11, 2.98431557244e-11],
        "max": [0.0168682448566, 0.0283246785402, 0.0145451072603, 0.0151663711295, 0.0145133053884, 0.0103963408619, 0.00536609627306, 0.00878796353936, 0.0155824581161, 0.0187093671411, 0.00668047508225, 0.00520425196737, 0.00791774317622, 0.00452696112916, 0.00348627613857, 0.00652586435899, 0.00779727334157, 0.00354749895632, 0.00253400113434, 0.00151498161722, 0.000756231835112, 0.000446612073574, 0.000689463398885, 0.000290924828732, 0.000287151458906, 0.000179873415618, 0.000164106662851, 0.000162772208569, 0.000120135235193, 5.69313087908e-05, 4.22296288889e-05, 4.48471837444e-05, 5.98438200541e-05, 0.000121965480503, 0.000127340637846, 9.82759956969e-05, 9.72409106907e-05, 0.000155228117364, 0.000171092542587, 0.000114359638246],
        "mean": [0.000987622421235, 0.00120057479944, 0.000596644822508, 0.000464327749796, 0.000308883201797, 0.00025728874607, 0.000181403258466, 0.000204334879527, 0.000272008735919, 0.00045773742022, 0.000208128418308, 0.000167178615811, 0.000182788979146, 0.00011051139154, 9.51252877712e-05, 0.000145256824908, 7.59108006605e-05, 7.01467433828e-05, 4.55026674899e-05, 3.29114373017e-05, 1.80772931344e-05, 1.66481077031e-05, 2.31072608585e-05, 1.65851397469e-05, 1.22409855976e-05, 9.66345214692e-06, 6.67864333082e-06, 5.47600620848e-06, 3.76797970603e-06, 2.45246428676e-06, 2.44851116804e-06, 2.57100737144e-06, 2.4387643407e-06, 2.35314792008e-06, 2.2898352654e-06, 2.13409884964e-06, 1.94137669496e-06, 1.66288566561e-06, 1.87218336123e-06, 1.86282113646e-06],
        "median": [0.000346133689163, 0.000382804486435, 0.00020005753322, 0.000146742473589, 0.000110549641249, 8.83403263288e-05, 7.6790638559e-05, 6.10163369856e-05, 7.33249326004e-05, 7.87441967987e-05, 6.05211498623e-05, 4.84478805447e-05, 5.09947785758e-05, 3.4345946915e-05, 3.22072555718e-05, 3.20071885653e-05, 2.18663062697e-05, 2.45477203862e-05, 1.78950285772e-05, 1.37112911034e-05, 8.98882990441e-06, 9.31819704419e-06, 1.20678541862e-05, 9.55891027843e-06, 6.95643984727e-06, 5.59329464522e-06, 3.76374509869e-06, 2.72059423878e-06, 1.72662191744e-06, 1.1362845953e-06, 1.09767165668e-06, 1.17421939194e-06, 1.09620464173e-06, 9.79976448434e-07, 9.21451658087e-07, 8.59336637404e-07, 7.16647491572e-07, 5.57539692636e-07, 5.83268274568e-07, 6.35762319234e-07],
        "min": [5.87454697585e-24, 1.44776391828e-23, 7.72335452548e-24, 8.73448330163e-24, 9.74635676248e-24, 2.06848953452e-24, 3.98637290046e-24, 1.07989240076e-24, 7.53205812255e-24, 7.38849490413e-24, 1.09236748655e-23, 7.81886112641e-24, 7.68335769986e-24, 2.96990176104e-24, 7.65485063333e-24, 1.00079730154e-23, 6.67916616651e-24, 8.8845207015e-24, 7.89079893008e-24, 6.25907367422e-24, 1.33061365624e-23, 8.40793038561e-24, 6.76460059141e-24, 1.25818707435e-23, 1.27562965671e-23, 9.50684754761e-24, 1.19806995692e-23, 1.02252363527e-23, 9.78719451382e-24, 1.30996324989e-23, 8.32069262469e-24, 7.86242360332e-24, 6.50313264437e-24, 7.06126199001e-24, 6.61708084112e-24, 9.28276687431e-24, 1.10415022858e-23, 9.39299361974e-24, 1.29971578896e-23, 1.44925786307e-23],
        "var": [3.23683093484e-06, 7.05241018295e-06, 1.55215479936e-06, 7.89937928403e-07, 3.93346738292e-07, 2.83217303831e-07, 1.08071546379e-07, 2.17940069547e-07, 5.06295009473e-07, 1.47019557062e-06, 1.97790967604e-07, 1.17878812489e-07, 1.7674035746e-07, 7.28219760049e-08, 4.21188843802e-08, 1.53163512095e-07, 5.01856582957e-08, 2.55464538412e-08, 1.03886916847e-08, 4.49902559652e-09, 1.10539188913e-09, 5.66837632388e-10, 1.09773190538e-09, 4.56172821739e-10, 2.58711330137e-10, 1.40307543361e-10, 9.32486102223e-11, 7.00203159343e-11, 3.68574372411e-11, 1.39842651348e-11, 1.2808813038e-11, 1.27052075458e-11, 1.33533887073e-11, 1.59167835162e-11, 1.71412693067e-11, 1.77409770902e-11, 2.091540309e-11, 1.49839706615e-11, 2.15656589808e-11, 2.06714749484e-11]
    },
    "mfcc": {
        "mean": [-632.073852539, 103.25869751, -10.976726532, 1.79893887043, 3.41376328468, 0.0219205636531, 2.30467915535, 5.58938360214, -2.12412452698, 2.52865433693, 2.25659275055, -3.56466031075, -2.36513614655],
        "cov": [[3396.91455078, -102.775550842, 669.595397949, 177.293640137, 82.4585723877, 73.1300430298, 95.5837097168, 37.5019454956, -2.49747776985, 96.701965332, 127.648597717, 78.6738204956, 49.1968078613], [-102.775550842, 717.905578613, 159.002304077, 189.869842529, 174.741317749, 65.8790588379, 52.361656189, 39.7692146301, 7.55446958542, 40.1819610596, 72.2360076904, 51.7416038513, 36.7096366882], [669.595397949, 159.002304077, 1375.71337891, 566.943054199, 458.059753418, 165.331497192, 101.247070312, -93.9214019775, -11.0794410706, 16.0066890717, 31.9533996582, 83.4818267822, 135.503097534], [177.293640137, 189.869842529, 566.943054199, 508.48147583, 311.034881592, 101.559791565, 44.7193260193, -33.022441864, 29.5369911194, 34.4443702698, 6.69300699234, 42.4601402283, 98.0078277588], [82.4585723877, 174.741317749, 458.059753418, 311.034881592, 394.045349121, 100.241012573, 2.84265947342, -36.4776382446, 35.1670532227, 41.8476142883, 9.20858955383, 22.3619022369, 60.5846595764], [73.1300430298, 65.8790588379, 165.331497192, 101.559791565, 100.241012573, 170.483581543, 94.5247879028, 34.1671524048, 25.5222511292, 30.0510063171, 33.7606315613, 33.0216903687, 22.6975231171], [95.5837097168, 52.361656189, 101.247070312, 44.7193260193, 2.84265947342, 94.5247879028, 179.430557251, 79.2900161743, 16.4259548187, 23.9603672028, 48.8754386902, 38.3997421265, 20.1555652618], [37.5019454956, 39.7692146301, -93.9214019775, -33.022441864, -36.4776382446, 34.1671524048, 79.2900161743, 140.034835815, 42.9753875732, 32.1414604187, 45.2414550781, 24.9642658234, 1.59713983536], [-2.49747776985, 7.55446958542, -11.0794410706, 29.5369911194, 35.1670532227, 25.5222511292, 16.4259548187, 42.9753875732, 93.3724822998, 44.8170661926, 11.8405895233, 13.0932779312, 13.1511526108], [96.701965332, 40.1819610596, 16.0066890717, 34.4443702698, 41.8476142883, 30.0510063171, 23.9603672028, 32.1414604187, 44.8170661926, 94.1295776367, 48.4727020264, 21.7615642548, 11.9240589142], [127.648597717, 72.2360076904, 31.9533996582, 6.69300699234, 9.20858955383, 33.7606315613, 48.8754386902, 45.2414550781, 11.8405895233, 48.4727020264, 111.289665222, 51.4404373169, 11.0425844193], [78.6738204956, 51.7416038513, 83.4818267822, 42.4601402283, 22.3619022369, 33.0216903687, 38.3997421265, 24.9642658234, 13.0932779312, 21.7615642548, 51.4404373169, 85.6259155273, 41.8220901489], [49.1968078613, 36.7096366882, 135.503097534, 98.0078277588, 60.5846595764, 22.6975231171, 20.1555652618, 1.59713983536, 13.1511526108, 11.9240589142, 11.0425844193, 41.8220901489, 84.2259216309]],
