{
"lowlevel": {
    "average_loudness": 0.809963583946,
    "barkbands_crest": {
        "dmean": 2.71170949936,
        "dmean2": 4.4145565033,
        "dvar": 5.64517974854,
        "dvar2": 14.5071258545,
        "max": 24.7433948517,
        "mean": 9.67841911316,
        "median": 8.85371780396,
        "min": 1.92113220692,
        "var": 17.3248939514
    },
    "barkbands_flatness_db": {
        "dmean": 0.0213664080948,
        "dmean2": 0.0329727679491,
        "dvar": 0.000399412238039,
        "dvar2": 0.0008739035693,
        "max": 0.349155217409,
        "mean": 0.128718346357,
        "median": 0.119497261941,
        "min": 0.0330270119011,
        "var": 0.0022441947367
    },
    "barkbands_kurtosis": {
        "dmean": 2.13435196877,
        "dmean2": 3.36891031265,
        "dvar": 17.9958934784,
        "dvar2": 44.2417526245,
        "max": 149.957046509,
        "mean": 2.71020054817,
        "median": 0.829292535782,
        "min": -1.85772907734,
        "var": 37.997882843
    },
    "barkbands_skewness": {
        "dmean": 0.472438305616,
        "dmean2": 0.73223733902,
        "dvar": 0.222093403339,
        "dvar2": 0.519278943539,
        "max": 10.767083168,
        "mean": 1.17665588856,
        "median": 1.03101909161,
        "min": -1.85611021519,
        "var": 1.32759141922
    },
    "barkbands_spread": {
        "dmean": 6.3157043457,
        "dmean2": 9.61099720001,
        "dvar": 51.5514640808,
        "dvar2": 100.702842712,
        "max": 105.332122803,
        "mean": 25.9225158691,
        "median": 22.9873466492,
        "min": 1.33351767063,
        "var": 249.181945801
    },
    "dissonance": {
        "dmean": 0.0168806407601,
        "dmean2": 0.0286146569997,
        "dvar": 0.000291891949018,
        "dvar2": 0.000790459685959,
        "max": 0.499999940395,
        "mean": 0.470837593079,
        "median": 0.476102828979,
        "min": 0.286493271589,
        "var": 0.000530246819835
    },
    "dynamic_complexity": 3.12016797066,
    "erbbands_crest": {
        "dmean": 2.63556599617,
        "dmean2": 4.25237512589,
        "dvar": 6.05204677582,
        "dvar2": 14.6867284775,
        "max": 32.4971313477,
        "mean": 9.13162994385,
        "median": 7.86001586914,
        "min": 2.24311971664,
        "var": 23.441318512
    },
    "erbbands_flatness_db": {
        "dmean": 0.0163063369691,
        "dmean2": 0.0243010614067,
        "dvar": 0.000222641872824,
        "dvar2": 0.000449759536423,
        "max": 0.422465503216,
        "mean": 0.155381932855,
        "median": 0.139057189226,
        "min": 0.0572668910027,
        "var": 0.00405376031995
    },
    "erbbands_kurtosis": {
        "dmean": 0.903098702431,
        "dmean2": 1.43751657009,
        "dvar": 1.80814635754,
        "dvar2": 4.40613126755,
        "max": 33.7839698792,
        "mean": 0.714391410351,
        "median": -0.000588417053223,
        "min": -1.70265924931,
        "var": 5.72787237167
    },
    "erbbands_skewness": {
        "dmean": 0.337776392698,
        "dmean2": 0.528112411499,
        "dvar": 0.0885063484311,
        "dvar2": 0.205014690757,
        "max": 4.86180925369,
        "mean": 0.287951737642,
        "median": 0.321365982294,
        "min": -4.0245513916,
        "var": 0.590710937977
    },
    "erbbands_spread": {
        "dmean": 7.70783662796,
        "dmean2": 11.5778169632,
        "dvar": 69.1056594849,
        "dvar2": 138.213241577,
        "max": 138.034667969,
        "mean": 37.5143280029,
        "median": 35.2025527954,
        "min": 2.97149586678,
        "var": 425.887054443
    },
    "hfc": {
        "dmean": 7.8872795105,
        "dmean2": 11.5623865128,
        "dvar": 118.764404297,
        "dvar2": 268.676025391,
        "max": 168.522827148,
        "mean": 22.6606864929,
        "median": 16.5368614197,
        "min": 1.19722508736e-16,
        "var": 433.903198242
    },
    "melbands_crest": {
        "dmean": 3.46425700188,
        "dmean2": 5.70636320114,
        "dvar": 9.46762466431,
        "dvar2": 25.0009117126,
        "max": 34.5159721375,
        "mean": 13.2991991043,
        "median": 12.2223587036,
        "min": 2.27999663353,
        "var": 28.4547157288
    },
    "melbands_flatness_db": {
        "dmean": 0.0259466134012,
        "dmean2": 0.0398240014911,
        "dvar": 0.000654806208331,
        "dvar2": 0.00145137833897,
        "max": 0.415508896112,
        "mean": 0.165785059333,
        "median": 0.159756436944,
        "min": 0.00412412453443,
        "var": 0.00282544526272
    },
    "melbands_kurtosis": {
        "dmean": 5.11919307709,
        "dmean2": 8.07005977631,
        "dvar": 84.327796936,
        "dvar2": 206.8412323,
        "max": 209.11579895,
        "mean": 9.96167755127,
        "median": 4.99432229996,
        "min": -1.7770421505,
        "var": 231.111618042
    },
    "melbands_skewness": {
        "dmean": 0.613691091537,
        "dmean2": 0.955871403217,
        "dvar": 0.373776942492,
        "dvar2": 0.894795536995,
        "max": 12.3929414749,
        "mean": 2.1863515377,
        "median": 1.94174993038,
        "min": -1.67955243587,
        "var": 2.57382726669
    },
    "melbands_spread": {
        "dmean": 7.56293201447,
        "dmean2": 11.8427619934,
        "dvar": 72.7600784302,
        "dvar2": 164.342010498,
        "max": 182.089309692,
        "mean": 28.8739643097,
        "median": 24.4007053375,
        "min": 0.934859395027,
        "var": 357.149017334
    },
    "pitch_salience": {
        "dmean": 0.0745493993163,
        "dmean2": 0.119963482022,
        "dvar": 0.00420907139778,
        "dvar2": 0.0106979636475,
        "max": 0.915075182915,
        "mean": 0.564665198326,
        "median": 0.564816594124,
        "min": 0.162054285407,
        "var": 0.012514764443
    },
    "silence_rate_20dB": {
        "dmean": 0,
        "dmean2": 0,
        "dvar": 0,
        "dvar2": 0,
        "max": 1,
        "mean": 1,
        "median": 1,
        "min": 1,
        "var": 0
    },
    "silence_rate_30dB": {
        "dmean": 0.000705882324837,
        "dmean2": 0.00141193077434,
        "dvar": 0.000705375627149,
        "dvar2": 0.00188054714818,
        "max": 1,
        "mean": 0.999529480934,
        "median": 1,
        "min": 0,
        "var": 0.000470318133011
    },
    "silence_rate_60dB": {
        "dmean": 0.0091764703393,
        "dmean2": 0.018355101347,
        "dvar": 0.0090919835493,
        "dvar2": 0.0220174659044,
        "max": 1,
        "mean": 0.0539936460555,
        "median": 0,
        "min": 0,
        "var": 0.0510845407844
    },
    "spectral_centroid": {
        "dmean": 233.68901062,
        "dmean2": 363.453369141,
        "dvar": 72102.3828125,
        "dvar2": 145826.515625,
        "max": 11178.0839844,
        "mean": 1477.55969238,
        "median": 1459.93994141,
        "min": 248.348709106,
        "var": 356003.59375
    },
    "spectral_complexity": {
        "dmean": 3.81364703178,
        "dmean2": 6.03341579437,
        "dvar": 18.5838775635,
        "dvar2": 41.9420280457,
        "max": 54,
        "mean": 18.2144451141,
        "median": 17,
        "min": 0,
        "var": 70.8632354736
    },
    "spectral_decrease": {
        "dmean": 1.60612645406e-09,
        "dmean2": 2.50016141123e-09,
        "dvar": 4.33907475123e-18,
        "dvar2": 9.68853986735e-18,
        "max": 5.77499663289e-29,
        "mean": -4.90809970444e-09,
        "median": -3.99669497497e-09,
        "min": -3.67002677137e-08,
        "var": 1.39353033302e-17
    },
    "spectral_energy": {
        "dmean": 0.00662176962942,
        "dmean2": 0.0102725401521,
        "dvar": 7.40278046578e-05,
        "dvar2": 0.00016449711984,
        "max": 0.148016914725,
        "mean": 0.020579688251,
        "median": 0.0166478995234,
        "min": 1.08568642854e-20,
        "var": 0.000243054848397
    },
    "spectral_energyband_high": {
        "dmean": 0.000508058350533,
        "dmean2": 0.000751702056732,
        "dvar": 7.95094251771e-07,
        "dvar2": 1.89171112197e-06,
        "max": 0.0133592234924,
        "mean": 0.000919692916796,
        "median": 0.000455821893411,
        "min": 7.77791467635e-21,
        "var": 1.43363968164e-06
    },
    "spectral_energyband_low": {
        "dmean": 0.00237909657881,
        "dmean2": 0.00387151772156,
        "dvar": 1.32229324663e-05,
        "dvar2": 3.42922285199e-05,
        "max": 0.048162303865,
        "mean": 0.00452198972926,
        "median": 0.00311781745404,
        "min": 5.19774360444e-23,
        "var": 2.52760655712e-05
    },
    "spectral_energyband_middle_high": {
        "dmean": 0.00261051021516,
        "dmean2": 0.00390295241959,
        "dvar": 2.27163254749e-05,
        "dvar2": 4.99414563819e-05,
        "max": 0.131898209453,
        "mean": 0.00760253844783,
        "median": 0.00350060034543,
        "min": 1.65068263418e-21,
        "var": 0.000108469721454
    },
    "spectral_energyband_middle_low": {
        "dmean": 0.00384887470864,
        "dmean2": 0.00597377866507,
        "dvar": 3.67670181731e-05,
        "dvar2": 8.22809015517e-05,
        "max": 0.127294048667,
        "mean": 0.00813683215529,
        "median": 0.00512570468709,
        "min": 2.19742342212e-22,
        "var": 8.42625304358e-05
    },
    "spectral_entropy": {
        "dmean": 0.164606884122,
        "dmean2": 0.242839798331,
        "dvar": 0.0288020707667,
        "dvar2": 0.0547963157296,
        "max": 9.80031204224,
        "mean": 7.76384496689,
        "median": 7.75010251999,
        "min": 5.93174934387,
        "var": 0.132346734405
    },
    "spectral_flux": {
        "dmean": 0.01946384646,
        "dmean2": 0.0306418668479,
        "dvar": 0.00046464431216,
        "dvar2": 0.00101000501309,
        "max": 0.29306858778,
        "mean": 0.0793839022517,
        "median": 0.0731276422739,
        "min": 6.90805676551e-11,
        "var": 0.00148576614447
    },
    "spectral_kurtosis": {
        "dmean": 1.31817090511,
        "dmean2": 2.10809659958,
        "dvar": 2.23250031471,
        "dvar2": 6.05741834641,
        "max": 19.4819927216,
        "mean": 4.09845638275,
        "median": 3.7095117569,
        "min": -1.22215437889,
        "var": 6.85720443726
    },
    "spectral_rms": {
        "dmean": 0.00068058562465,
        "dmean2": 0.00105098006316,
        "dvar": 5.41152701317e-07,
        "dvar2": 1.17475860861e-06,
        "max": 0.0120169362053,
        "mean": 0.00417529419065,
        "median": 0.00403011823073,
        "min": 3.25454507094e-12,
        "var": 2.64467053057e-06
    },
    "spectral_rolloff": {
        "dmean": 547.452453613,
        "dmean2": 897.643737793,
        "dvar": 926437.8125,
        "dvar2": 1909345.125,
        "max": 18992.2851562,
        "mean": 1892.26391602,
        "median": 1658.05664062,
        "min": 64.599609375,
        "var": 2404981
    },
    "spectral_skewness": {
        "dmean": 0.195605516434,
        "dmean2": 0.301548212767,
        "dvar": 0.0380382575095,
        "dvar2": 0.0871343165636,
        "max": 3.23754501343,
        "mean": 1.60909664631,
        "median": 1.62975215912,
        "min": -0.0114653129131,
        "var": 0.142544135451
    },
    "spectral_spread": {
        "dmean": 646811.4375,
        "dmean2": 893954.8125,
        "dvar": 717080166400,
        "dvar2": 1.06633835315e+12,
        "max": 41497928,
        "mean": 5268381.5,
        "median": 5138483.5,
        "min": 1752961.75,
        "var": 3.59853876838e+12
    },
    "spectral_strongpeak": {
        "dmean": 0.721723735332,
        "dmean2": 1.19487166405,
        "dvar": 1.46256566048,
        "dvar2": 3.6382291317,
        "max": 15.3368606567,
        "mean": 1.35062158108,
        "median": 0.516166448593,
        "min": 0,
        "var": 3.81374621391
    },
    "zerocrossingrate": {
        "dmean": 0.0125064337626,
        "dmean2": 0.0147700048983,
        "dvar": 0.000196768669412,
        "dvar2": 0.000255646416917,
        "max": 0.53466796875,
        "mean": 0.0772980600595,
        "median": 0.07275390625,
        "min": 0.00341796875,
        "var": 0.00136217137333
    },
    "barkbands": {
        "dmean": [8.13945516711e-05, 0.00141318130773, 0.00117722642608, 0.000679938937537, 0.00163493095897, 0.000981535762548, 0.000701922050212, 0.000510214129463, 0.000761560804676, 0.000894113094546, 0.000641439808533, 0.000404015008826, 0.000522741232999, 0.000577307771891, 0.000419713731389, 0.00035006046528, 0.000365313811926, 0.000208400320844, 0.000100091812783, 7.73895953898e-05, 0.000100760851637, 9.27949513425e-05, 0.000101208141132, 0.000103884493001, 0.000104039361759, 3.53590694431e-05, 2.31782166793e-08],
        "dmean2": [0.000127275343402, 0.00225416594185, 0.00194277858827, 0.00111182697583, 0.00271418644115, 0.00154462782666, 0.00110390898772, 0.00081498909276, 0.00122734194156, 0.00138985505328, 0.00104680215009, 0.000648888526484, 0.000824066519272, 0.000890409282874, 0.000663211045321, 0.000569783209357, 0.00057729659602, 0.000329764239723, 0.00016266068269, 0.000128598578158, 0.000168841899722, 0.000145148194861, 0.000154686145834, 0.000153478104039, 0.000152718901518, 5.35010913154e-05, 4.16697432115e-08],
        "dvar": [2.29130971974e-08, 6.26559858574e-06, 5.40549808647e-06, 2.50499920185e-06, 1.16630417324e-05, 5.03525370732e-06, 5.79478228246e-06, 1.99111059374e-06, 4.02780688091e-06, 7.79981201049e-06, 4.54783139503e-06, 1.52626444105e-06, 3.17661078952e-06, 3.36071616402e-06, 1.32564548494e-06, 9.79088099484e-07, 1.50906328145e-06, 1.537187444e-07, 2.61501469367e-08, 1.66366618259e-08, 6.53834888453e-08, 3.59705474295e-08, 2.78026135447e-08, 3.53681564036e-08, 3.08110870151e-08, 4.12458600607e-09, 9.48851305009e-15],
        "dvar2": [5.38312008302e-08, 1.66804911714e-05, 1.36945154736e-05, 5.92394826526e-06, 2.93980683637e-05, 1.15289940368e-05, 1.4316551642e-05, 4.33279910794e-06, 9.40309564612e-06, 1.65305209521e-05, 1.12651023301e-05, 3.66978952115e-06, 7.62326772019e-06, 7.37563277653e-06, 3.06532206196e-06, 2.49688969234e-06, 3.76945990865e-06, 3.68236442227e-07, 6.50814726555e-08, 4.45127987803e-08, 1.76985224698e-07, 9.10861075454e-08, 6.45715729775e-08, 7.40241361541e-08, 6.52667750956e-08, 9.51015177719e-09, 2.72161443772e-14],
        "max": [0.0034831489902, 0.0402566045523, 0.02924753353, 0.0203542113304, 0.0740504264832, 0.0615812912583, 0.108909204602, 0.0417934060097, 0.0601308830082, 0.100889869034, 0.0693480595946, 0.0401359722018, 0.052357442677, 0.0610275603831, 0.0340111814439, 0.0367445126176, 0.0444153212011, 0.00837270263582, 0.0038701640442, 0.00164312589914, 0.00520063750446, 0.00287957163528, 0.00449928315356, 0.004340082407, 0.00379356299527, 0.00152884691488, 3.62123773812e-06],
        "mean": [0.000129258201923, 0.00230227480642, 0.00165671436116, 0.000732504529878, 0.0025456068106, 0.00155431998428, 0.00110876909457, 0.000688406813424, 0.00121043296531, 0.00143059401307, 0.00110148987733, 0.000645417720079, 0.000833684694953, 0.000908595393412, 0.000719857169315, 0.000621995015536, 0.000813730817754, 0.000391400593799, 0.000192004794371, 0.000141310199979, 0.000146360485815, 0.000145008598338, 0.000166058554896, 0.000178761227289, 0.000162179552717, 5.29536155227e-05, 1.89281568197e-08],
        "median": [1.60549479915e-05, 0.00123022473417, 0.000698286574334, 0.000240513953031, 0.000924706691876, 0.000491228944156, 0.00029440986691, 0.000230563819059, 0.000309626280796, 0.000324478198308, 0.00022537575569, 0.000205764270504, 0.000199454108952, 0.000257903855527, 0.000223195238505, 0.000166300611454, 0.000124932790641, 0.000184641583473, 0.000111684428703, 7.32049666112e-05, 6.0689431848e-05, 6.0660597228e-05, 8.2359641965e-05, 6.90135129844e-05, 6.78030846757e-05, 2.19536887016e-05, 1.38018896312e-09],
        "min": [2.59689775669e-24, 1.25224852946e-23, 7.52119077472e-24, 1.32479233607e-23, 8.67728141967e-24, 1.71785127511e-23, 2.09967131284e-23, 4.93293877577e-23, 4.2259651035e-23, 2.01359301967e-23, 3.5303462951e-23, 6.6900705908e-23, 1.05703328643e-22, 4.33480234933e-23, 1.36805305791e-22, 1.63808279634e-22, 1.17213673841e-22, 1.78822991098e-22, 2.64246214169e-22, 2.77789933548e-22, 3.10738798159e-22, 4.56233678189e-22, 4.67429495078e-22, 6.50662824481e-22, 1.35586060046e-21, 1.47831160389e-21, 2.54681276956e-21],
        "var": [6.2787052002e-08, 1.12746229206e-05, 6.58552608002e-06, 2.55758800449e-06, 2.19494122575e-05, 1.02584208435e-05, 8.48160289024e-06, 3.313085017e-06, 1.04483833638e-05, 1.74849883479e-05, 1.3375758499e-05, 2.8255358302e-06, 6.6708103077e-06, 6.222081538e-06, 2.75417733064e-06, 2.41421503233e-06, 7.09877349436e-06, 3.89939231127e-07, 5.61664670329e-08, 3.22952438125e-08, 7.02654361362e-08, 5.04270225576e-08, 4.97329644134e-08, 8.10736580092e-08, 5.78477248325e-08, 6.72184974349e-09, 7.43696621755e-15]
    },
    "erbbands": {
        "dmean": [0.0475862249732, 0.309722304344, 1.12639772892, 1.78684294224, 2.19473910332, 6.77882146835, 10.5211906433, 6.81013774872, 9.03651237488, 10.8491125107, 11.2754125595, 15.1812410355, 25.4899959564, 26.0178813934, 19.4920959473, 14.4927721024, 20.4200305939, 25.4985847473, 22.0742721558, 19.4898357391, 18.9038944244, 20.811422348, 11.4014043808, 7.1153011322, 3.75160908699, 3.60491490364, 3.95578074455, 3.65856266022, 3.37563657761, 3.01156210899, 2.86996984482, 2.44682788849, 1.75444626808, 1.41393375397, 0.575810790062, 0.236850529909, 0.0481580682099, 0.00443316390738, 8.94050754141e-05, 1.21803059301e-05],
        "dmean2": [0.0767554044724, 0.498070478439, 1.82931411266, 2.90432977676, 3.59426832199, 11.317404747, 16.8562374115, 10.7128696442, 14.252374649, 17.0793819427, 18.0716152191, 24.2456226349, 39.8558082581, 40.0597000122, 31.6497020721, 23.0532798767, 32.210559845, 39.4855918884, 34.2343826294, 30.9600467682, 30.6079406738, 32.116230011, 18.2291355133, 11.3310470581, 6.07045555115, 6.02416133881, 6.68697500229, 6.02369594574, 5.29468584061, 4.72075080872, 4.42324113846, 3.71482014656, 2.58210325241, 2.12897634506, 0.84188503027, 0.360624432564, 0.0723767876625, 0.00672185746953, 0.000132890752866, 1.80728729902e-05],
        "dvar": [0.00881134811789, 0.291455179453, 4.42057561874, 14.4312419891, 24.949930191, 227.996536255, 531.603881836, 310.227539062, 1158.58911133, 878.060180664, 1006.37670898, 2032.41601562, 4527.71875, 6693.44238281, 3608.77905273, 2178.14306641, 4278.22412109, 7243.69433594, 3442.49267578, 3329.13598633, 2966.82446289, 5648.29980469, 488.548339844, 143.466110229, 32.0839500427, 39.8131484985, 99.4895248413, 77.9124526978, 51.3147010803, 29.8541908264, 22.1831474304, 18.0941791534, 10.017250061, 5.86588096619, 1.03974711895, 0.187550425529, 0.00813449546695, 6.41442384222e-05, 2.41359323638e-08, 2.80689416154e-10],
        "dvar2": [0.0243258848786, 0.742720425129, 11.210100174, 32.4734916687, 62.770149231, 568.520874023, 1219.58044434, 706.481872559, 2872.84228516, 1979.1829834, 2263.61645508, 4345.71044922, 10751.3828125, 13186.1689453, 8798.42871094, 5168.86279297, 10410.8017578, 17575.84375, 7514.21826172, 7889.36572266, 7716.79980469, 13558.2148438, 1215.48730469, 345.061553955, 80.1538848877, 108.138801575, 275.969726562, 205.772445679, 129.107589722, 75.5843811035, 52.3847999573, 40.1585731506, 20.4996109009, 12.8691854477, 2.13771700859, 0.432055354118, 0.0178775712848, 0.000141895274282, 5.28621626472e-08, 6.24664986404e-10],
        "max": [1.39691269398, 8.45417404175, 26.3985671997, 58.6785163879, 86.0377426147, 309.669921875, 592.560180664, 530.885620117, 1510.01379395, 975.608947754, 910.277587891, 1691.47094727, 1630.15026855, 4242.15136719, 1773.37536621, 1793.29589844, 2159.4387207, 3421.71679688, 1450.43664551, 1935.38000488, 1667.11535645, 2883.54418945, 551.098510742, 289.054443359, 136.50819397, 80.6956100464, 164.932128906, 225.589355469, 117.876838684, 83.4984893799, 123.473747253, 92.4159011841, 79.9529342651, 44.276638031, 25.6350250244, 8.70398235321, 2.16828966141, 0.166831240058, 0.00318464403972, 0.000214929343201],
        "mean": [0.0676946043968, 0.516402959824, 1.7573786974, 2.4256696701, 2.78649091721, 10.0185956955, 16.9816532135, 10.9681711197, 14.4394340515, 16.4384994507, 16.0855884552, 25.029718399, 42.5477523804, 46.1533927917, 35.8016586304, 25.4065151215, 36.112071991, 46.3986320496, 39.8596000671, 36.8420219421, 39.9841041565, 46.2995109558, 23.2845726013, 14.3130950928, 7.86655521393, 6.6071600914, 5.75465297699, 5.64534044266, 5.28584480286, 4.71884155273, 4.64223670959, 4.08749723434, 2.93269562721, 2.14057683945, 0.91607439518, 0.339951127768, 0.0762911215425, 0.00723446533084, 0.000156948997756, 3.44780273736e-05],
        "median": [0.0174454152584, 0.282591551542, 0.901665091515, 1.00041651726, 1.105712533, 3.36512184143, 5.44127321243, 3.80225324631, 3.63909220695, 5.78456401825, 6.09447669983, 6.62794065475, 10.8901748657, 12.0350675583, 9.26992702484, 8.66065979004, 10.0472393036, 12.7955551147, 13.788895607, 12.1295175552, 9.71020030975, 8.04063224792, 9.80817890167, 8.36985492706, 4.7610373497, 3.35336780548, 2.47749853134, 2.37159013748, 2.26949667931, 1.96307682991, 2.24379754066, 1.79175770283, 1.08502721786, 0.88079059124, 0.36743247509, 0.145547941327, 0.0268222149462, 0.00230852677487, 6.22249135631e-05, 2.77214512607e-05],
        "min": [5.80118363741e-22, 2.64640442674e-21, 8.69893828316e-21, 4.07505649701e-20, 2.44169725841e-20, 2.97886123962e-20, 8.58959922335e-20, 1.50101279628e-19, 3.29766718133e-19, 3.56509363939e-19, 8.72356874912e-19, 8.69980281615e-19, 8.70977241048e-19, 1.61123657746e-18, 1.56044003643e-18, 3.07158196951e-18, 5.10226798032e-18, 3.45854326391e-18, 4.68379524048e-18, 5.48258990954e-18, 1.02454780922e-17, 7.51682183684e-18, 1.00484635227e-17, 1.09869594846e-17, 9.13715781463e-18, 1.24911179454e-17, 1.06855315607e-17, 1.34957726399e-17, 1.80774880025e-17, 1.60187628437e-17, 1.40296267354e-17, 1.27949480018e-17, 1.2472182954e-17, 1.201282309e-17, 9.59789493428e-18, 6.67230310506e-18, 2.51609689416e-18, 1.15190980076e-18, 3.13138526664e-19, 3.74017565719e-20],
        "var": [0.014147920534, 0.526770114899, 6.09182214737, 17.9909210205, 27.8425674438, 412.745819092, 1199.6628418, 612.188476562, 1754.31420898, 1582.81567383, 1548.65820312, 5549.9609375, 10042.828125, 17772.3046875, 10710.9345703, 4189.05957031, 9373.11621094, 18715.0058594, 7815.94970703, 6376.25244141, 10515.4248047, 22864.1933594, 1558.94946289, 335.085510254, 81.1762466431, 74.9781417847, 98.6302261353, 99.0755310059, 70.4549179077, 44.6914520264, 40.0962409973, 38.5279426575, 22.4111366272, 10.723900795, 1.91942667961, 0.281370490789, 0.0154164889827, 0.000147184677189, 5.38817843676e-08, 7.53047568747e-10]
    },
    "gfcc": {
        "mean": [2.32377076149, 66.2045898438, -127.974884033, 22.3311271667, -61.9044532776, 24.9805660248, -47.8357162476, 15.2582740784, -26.2976741791, 3.01545119286, -18.8048877716, 2.61364102364, -10.9137802124],
        "cov": [[5037.07177734, -184.811477661, 1508.23242188, 745.258422852, 7.86633110046, 240.345397949, -347.483795166, 95.5538330078, -97.4721908569, 308.53704834, -34.3712806702, 214.301208496, -21.3703727722], [-184.811477661, 827.022644043, 486.776611328, 147.610351562, 176.743545532, 23.5837364197, 3.88501000404, -5.32096815109, -8.68854141235, 29.0452537537, 52.8244857788, -5.8524222374, 53.3339729309], [1508.23242188, 486.776611328, 2090.06323242, 872.278015137, 196.293411255, 250.374557495, -258.862030029, 6.69370794296, -93.1485061646, 243.911178589, -34.249786377, 127.84992981, -9.28494262695], [745.258422852, 147.610351562, 872.278015137, 553.117980957, 152.537078857, 82.0124511719, -131.028488159, 32.7623634338, 5.57872343063, 115.775627136, -6.24561786652, 92.0063171387, 12.0340957642], [7.86633110046, 176.743545532, 196.293411255, 152.537078857, 218.577209473, 81.4474868774, 19.9181556702, 41.6209754944, 28.5570411682, 34.5413780212, 20.5002117157, 24.3148803711, 23.2181015015], [240.345397949, 23.5837364197, 250.374557495, 82.0124511719, 81.4474868774, 245.093704224, 98.8022232056, -0.49913713336, -36.0149078369, 45.3588562012, 1.57139647007, -18.1006946564, -17.9486446381], [-347.483795166, 3.88501000404, -258.862030029, -131.028488159, 19.9181556702, 98.8022232056, 222.482284546, 18.0971698761, -7.1457324028, -18.4222793579, 14.4397935867, -43.6394691467, -7.97272777557], [95.5538330078, -5.32096815109, 6.69370794296, 32.7623634338, 41.6209754944, -0.49913713336, 18.0971698761, 106.279464722, 59.9900016785, 20.9799537659, 16.243516922, 25.6713790894, 21.3265209198], [-97.4721908569, -8.68854141235, -93.1485061646, 5.57872343063, 28.5570411682, -36.0149078369, -7.1457324028, 59.9900016785, 115.266479492, 29.5148410797, 25.1244983673, 24.9350204468, 19.4410762787], [308.53704834, 29.0452537537, 243.911178589, 115.775627136, 34.5413780212, 45.3588562012, -18.4222793579, 20.9799537659, 29.5148410797, 114.901542664, 40.1617012024, 38.2178382874, 2.57709169388], [-34.3712806702, 52.8244857788, -34.249786377, -6.24561786652, 20.5002117157, 1.57139647007, 14.4397935867, 16.243516922, 25.1244983673, 40.1617012024, 90.6438980103, 35.8265914917, 15.4143428802], [214.301208496, -5.8524222374, 127.84992981, 92.0063171387, 24.3148803711, -18.1006946564, -43.6394691467, 25.6713790894, 24.9350204468, 38.2178382874, 35.8265914917, 98.0268630981, 37.4416427612], [-21.3703727722, 53.3339729309, -9.28494262695, 12.0340957642, 23.2181015015, -17.9486446381, -7.97272777557, 21.3265209198, 19.4410762787, 2.57709169388, 15.4143428802, 37.4416427612, 78.9252166748]],
        "icov": [[0.000396974792238, -0.000103427533759, 0.000243779781158, -0.000351773138391, 0.000485936208861, -0.000717398419511, 0.000832058023661, -0.000932955590542, 0.000955946568865, -0.000999885494821, 0.000617107842118, -0.000691377383191, 0.000294382945867], [-0.000103427533759, 0.0030668110121, -0.00225587119348, 0.00161008886062, -0.00273036793806, 0.00279267807491, -0.00212478102185, 0.00196022493765, -0.00146579509601, 0.00223621423356, -0.00347480922937, 0.00330716953613, -0.00251952023245], [0.000243779781158, -0.00225587119348, 0.0040428750217, -0.00388121162541, 0.00242072762921, -0.00383050367236, 0.00359917269088, -0.00256365723908, 0.00382469128817, -0.00434656534344, 0.00367388571613, -0.00267090718262, 0.00188024877571], [-0.000351773138391, 0.00161008886062, -0.00388121162541, 0.00827588886023, -0.00443359743804, 0.00259732687846, -0.00118663336616, 0.00166589126457, -0.00273679173551, 0.0014037382789, -0.000640181067865, -0.000645178079139, -0.00051740964409], [0.000485936208861, -0.00273036793806, 0.00242072762921, -0.00443359743804, 0.0103452466428, -0.00533406203613, 0.0021140538156, -0.00366294989362, 0.000546302937437, -0.00123934412841, 0.00169174058829, -0.00236883433536, 0.000583621091209], [-0.000717398419511, 0.00279267807491, -0.00383050367236, 0.00259732687846, -0.00533406203613, 0.0125187216327, -0.00830465368927, 0.00396428955719, -0.00130714115221, 0.0012534132693, -0.00341777550057, 0.00498828431591, -0.00183993519749], [0.000832058023661, -0.00212478102185, 0.00359917269088, -0.00118663336616, 0.0021140538156, -0.00830465368927, 0.012763007544, -0.0060858479701, 0.00487719103694, -0.00388796580955, 0.00222350331023, -0.00158361752983, 0.00193129840773], [-0.000932955590542, 0.00196022493765, -0.00256365723908, 0.00166589126457, -0.00366294989362, 0.00396428955719, -0.0060858479701, 0.0185514744371, -0.0109149003401, 0.00434780633077, -0.00283222948201, 0.00140489183832, -0.00334805203602], [0.000955946568865, -0.00146579509601, 0.00382469128817, -0.00273679173551, 0.000546302937437, -0.00130714115221, 0.00487719103694, -0.0109149003401, 0.0202783178538, -0.00983274634928, 0.00323360809125, -0.00289742625318, 0.00116966851056], [-0.000999885494821, 0.00223621423356, -0.00434656534344, 0.0014037382789, -0.00123934412841, 0.0012534132693, -0.00388796580955, 0.00434780633077, -0.00983274634928, 0.0228200573474, -0.0113260922953, 0.00232875579968, -0.000641009537503], [0.000617107842118, -0.00347480922937, 0.00367388571613, -0.000640181067865, 0.00169174058829, -0.00341777550057, 0.00222350331023, -0.00283222948201, 0.00323360809125, -0.0113260922953, 0.0223368722945, -0.0108229089528, 0.00310518476181], [-0.000691377383191, 0.00330716953613, -0.00267090718262, -0.000645178079139, -0.00236883433536, 0.00498828431591, -0.00158361752983, 0.00140489183832, -0.00289742625318, 0.00232875579968, -0.0108229089528, 0.0240385793149, -0.00999854318798], [0.000294382945867, -0.00251952023245, 0.00188024877571, -0.00051740964409, 0.000583621091209, -0.00183993519749, 0.00193129840773, -0.00334805203602, 0.00116966851056, -0.000641009537503, 0.00310518476181, -0.00999854318798, 0.0191318653524]]
    },
    "melbands": {
        "dmean": [0.000397392606828, 0.0004913759185, 0.000298286031466, 0.000293488847092, 0.000362019171007, 0.000160700525157, 0.000136980001116, 0.000117523813969, 9.40977261052e-05, 0.000104093487607, 0.000133895126055, 0.000113340764074, 8.09895791463e-05, 4.01866018365e-05, 4.49706058134e-05, 5.45524781046e-05, 4.95174681419e-05, 4.06867548008e-05, 3.24062057189e-05, 2.3553659048e-05, 2.48474334512e-05, 2.65136313828e-05, 1.3072438378e-05, 9.93802404992e-06, 6.03543867328e-06, 3.41886993738e-06, 2.88921228275e-06, 2.42695932684e-06, 2.58087015936e-06, 2.42544319917e-06, 2.16575745071e-06, 1.80551069207e-06, 2.21538562073e-06, 1.62670210102e-06, 1.65369146998e-06, 1.87045463917e-06, 1.43601926084e-06, 1.26117720356e-06, 1.35311904614e-06, 1.15629609354e-06],
        "dmean2": [0.000634336785879, 0.000795936735813, 0.000478125264635, 0.000493661325891, 0.000583383487538, 0.000252709636698, 0.000215073436266, 0.000185129625606, 0.000151114028995, 0.000167449485161, 0.000210264101042, 0.000174370434252, 0.000131945140311, 6.47296474199e-05, 7.16297799954e-05, 8.58590938151e-05, 7.60964103392e-05, 6.32181254332e-05, 5.14545063197e-05, 3.77366413886e-05, 3.99259770347e-05, 4.1288221837e-05, 2.04653661058e-05, 1.57862978085e-05, 9.69444954535e-06, 5.52419487576e-06, 4.80075050291e-06, 4.06335584557e-06, 4.36333220932e-06, 4.20769038101e-06, 3.55228689841e-06, 2.84452858068e-06, 3.6044045828e-06, 2.58097429651e-06, 2.58696582023e-06, 2.87732200377e-06, 2.18280115405e-06, 1.87920181816e-06, 2.06755407817e-06, 1.7534066501e-06],
        "dvar": [5.58702140552e-07, 6.83390055656e-07, 3.88844370036e-07, 4.40141633362e-07, 5.63828848499e-07, 1.55394474177e-07, 2.59694076021e-07, 9.15116729061e-08, 6.53086758007e-08, 8.8084583183e-08, 1.27257891336e-07, 1.28581078229e-07, 7.7717395186e-08, 1.40971998519e-08, 2.54334207028e-08, 3.79163154207e-08, 2.49082301451e-08, 1.37580205006e-08, 9.26336074514e-09, 4.98326535592e-09, 5.98259619622e-09, 1.01117585416e-08, 1.26760746344e-09, 3.32060434705e-10, 1.06999097083e-10, 2.93124760575e-11, 2.35360862744e-11, 1.75356690973e-11, 4.21185586408e-11, 3.34291656856e-11, 3.35653449479e-11, 1.27837766414e-11, 2.41561805281e-11, 9.70796880384e-12, 7.90299596598e-12, 8.96173153048e-12, 7.17762611499e-12, 5.46472849611e-12, 5.5442538581e-12, 4.08197997973e-12],
        "dvar2": [1.51695530803e-06, 1.7430176058e-06, 8.73183125805e-07, 1.12344173431e-06, 1.31093997879e-06, 3.5622488781e-07, 6.45827356038e-07, 2.03327701342e-07, 1.48685970203e-07, 1.99669628387e-07, 3.03191285411e-07, 2.50373688004e-07, 1.87680413433e-07, 3.38208252515e-08, 6.11144486129e-08, 9.29767054458e-08, 5.81673624822e-08, 2.93672037799e-08, 2.11741326694e-08, 1.10470947945e-08, 1.53208237208e-08, 2.40826842912e-08, 2.9113882416e-09, 7.92456655851e-10, 2.62271288021e-10, 7.03923586087e-11, 6.30664756529e-11, 4.71209495034e-11, 1.16113813009e-10, 9.36430308296e-11, 8.83923489958e-11, 3.19426568529e-11, 6.28857174667e-11, 2.42774550463e-11, 1.91193814253e-11, 2.10460711358e-11, 1.59598185362e-11, 1.10971284245e-11, 1.2452040267e-11, 9.06263952771e-12],
        "max": [0.0119567923248, 0.011151294224, 0.00933738052845, 0.0112824589014, 0.021188640967, 0.0112219704315, 0.024095762521, 0.0101681044325, 0.00701387645677, 0.0102562280372, 0.00788365770131, 0.0170413516462, 0.00912991724908, 0.00348448823206, 0.00523290550336, 0.00714595569298, 0.00598997762427, 0.00335134356283, 0.00315628154203, 0.00369295966811, 0.00238468102179, 0.00406981492415, 0.000906583678443, 0.000488463731017, 0.00023095952929, 0.00020119085093, 7.52908235881e-05, 6.56961929053e-05, 0.000104570106487, 7.5684118201e-05, 0.000170838000486, 6.17053592578e-05, 8.16105675767e-05, 5.8246543631e-05, 7.69916805439e-05, 6.29217829555e-05, 6.45528925816e-05, 6.16460310994e-05, 4.2171424866e-05, 4.74094740639e-05],
        "mean": [0.000618126185145, 0.000856166530866, 0.000422255805461, 0.000408124527894, 0.000601618899964, 0.00026178456028, 0.000219005116378, 0.000174389337189, 0.000130305270432, 0.00016846905055, 0.000219889392611, 0.00019431108376, 0.000145146448631, 6.40141734038e-05, 7.28874729248e-05, 9.28888621274e-05, 8.30995559227e-05, 6.62745878799e-05, 5.57471321372e-05, 4.07829757023e-05, 4.86199569423e-05, 5.46468618268e-05, 2.42546830123e-05, 1.82367093657e-05, 1.1047532098e-05, 6.55006533634e-06, 5.03600949742e-06, 4.13700990975e-06, 3.66907511307e-06, 3.19218952427e-06, 3.30593638864e-06, 2.83575423055e-06, 3.05454295813e-06, 2.52472250395e-06, 2.56675798482e-06, 2.87758484774e-06, 2.36149207922e-06, 2.05603259928e-06, 2.01432567337e-06, 1.71415979366e-06],
        "median": [0.000273079320323, 0.000529810029548, 0.000193012936506, 0.000144646983244, 0.000209144782275, 8.76802005223e-05, 5.68093018956e-05, 5.94502780586e-05, 4.47105921921e-05, 3.97909534513e-05, 5.23501439602e-05, 4.77959220007e-05, 3.17690464726e-05, 2.0208015485e-05, 1.91181770788e-05, 2.15148229472e-05, 2.25154781219e-05, 1.97169210878e-05, 1.67738617165e-05, 1.27329321913e-05, 9.21128321352e-06, 8.14753730083e-06, 6.79271852277e-06, 8.74486522662e-06, 6.09439439359e-06, 3.77496007786e-06, 2.6040843295e-06, 1.93212463273e-06, 1.48952540258e-06, 1.33685216497e-06, 1.3101962395e-06, 1.27896100821e-06, 1.10455016511e-06, 1.04911191556e-06, 1.16207058909e-06, 1.44853947859e-06, 8.79032995726e-07, 6.85062275352e-07, 8.27870280773e-07, 6.78448145663e-07],
        "min": [5.13033757001e-24, 6.03915700322e-24, 6.10972771094e-24, 1.37398743762e-24, 2.80270348104e-24, 3.56986656985e-24, 4.87505389804e-24, 5.41371100109e-24, 7.08234666428e-24, 5.42787420979e-24, 4.23015419157e-24, 5.63176398821e-24, 4.6021813889e-24, 6.58379012206e-24, 1.02019767889e-23, 8.91383871705e-24, 5.1804523256e-24, 5.48681198017e-24, 6.4465847281e-24, 1.18465514056e-23, 1.20012975163e-23, 6.621638485e-24, 8.63643262428e-24, 6.33457160716e-24, 9.37238541745e-24, 8.15556194912e-24, 5.72272122831e-24, 9.03566881753e-24, 5.07017588194e-24, 4.34668906322e-24, 6.50888659581e-24, 1.08371691675e-23, 7.72967330133e-24, 9.29115956548e-24, 7.51811737263e-24, 7.3757287681e-24, 7.93101742561e-24, 8.14564754526e-24, 9.4272751481e-24, 9.87839708966e-24],
        "var": [9.53722178565e-07, 1.10965538624e-06, 5.03079661485e-07, 6.46649993996e-07, 1.31887520638e-06, 3.17364140301e-07, 3.72597355636e-07, 1.6931282687e-07, 1.04710146331e-07, 2.33576628261e-07, 2.84242645421e-07, 3.3043798453e-07, 2.37276253756e-07, 2.65147317435e-08, 4.81201247737e-08, 9.17117048971e-08, 6.05787704444e-08, 2.94163271519e-08, 1.87252631179e-08, 9.39523392418e-09, 2.09864001732e-08, 3.75234741057e-08, 3.64922958518e-09, 8.04999455983e-10, 2.22112078729e-10, 7.15182010835e-11, 4.42165783154e-11, 3.24773194449e-11, 4.31555381708e-11, 3.06250198812e-11, 4.37233686756e-11, 1.87252730682e-11, 2.93452623312e-11, 1.39783618708e-11, 1.32261831695e-11, 1.61815526256e-11, 1.52919222424e-11, 1.22897872434e-11, 9.83933334114e-12, 7.26099302212e-12]
    },
    "mfcc": {
        "mean": [-636.774414062, 99.7420272827, -7.30373239517, 2.08981347084, 7.58551549911, 2.07594752312, -2.44138336182, 4.96667480469, -0.997299611568, 1.00146007538, -0.905015468597, -4.03788995743, -4.5507068634],
        "cov": [[3807.1628418, -411.329101562, 980.659301758, 365.287872314, 347.739532471, 98.8534393311, 1.73088300228, -113.128562927, 9.67475318909, -4.96161794662, -70.1261138916, 110.04233551, 167.371017456], [-411.329101562, 743.024536133, 216.71257019, 117.264068604, 136.031188965, 59.4826278687, 91.3513259888, -9.2171831131, -12.3494720459, 24.7163658142, 10.3786344528, -22.73828125, 10.7816638947], [980.659301758, 216.71257019, 1665.33850098, 607.91583252, 548.229370117, 303.462524414, 98.5695266724, -116.971351624, 5.59236478806, -18.644651413, -28.8644504547, 80.6992034912, 99.0916595459], [365.287872314, 117.264068604, 607.91583252, 456.491851807, 325.076812744, 80.9910964966, -12.1128530502, -36.7074699402, 34.8365249634, -30.5619983673, -25.9464683533, 92.6854400635, 90.7639007568], [347.739532471, 136.031188965, 548.229370117, 325.076812744, 395.427825928, 97.2112121582, 1.76468217373, -21.7230415344, 36.9527702332, -1.22518670559, -25.8791370392, 68.9458770752, 86.328414917], [98.8534393311, 59.4826278687, 303.462524414, 80.9910964966, 97.2112121582, 229.35383606, 129.68572998, 10.1273384094, 5.91275453568, 44.6441650391, 16.2127952576, -12.3452634811, 2.54510903358], [1.73088300228, 91.3513259888, 98.5695266724, -12.1128530502, 1.76468217373, 129.68572998, 191.66583252, 41.1810150146, 0.101403594017, 53.1701850891, 22.5630111694, -32.3609886169, -12.4174823761], [-113.128562927, -9.2171831131, -116.971351624, -36.7074699402, -21.7230415344, 10.1273384094, 41.1810150146, 96.2344894409, 35.4178695679, 19.5721092224, 12.8469266891, -1.59216654301, -3.5910487175], [9.67475318909, -12.3494720459, 5.59236478806, 34.8365249634, 36.9527702332, 5.91275453568, 0.101403594017, 35.4178695679, 92.6355285645, 24.18110466, 1.15655827522, 12.4219856262, 6.92614507675], [-4.96161794662, 24.7163658142, -18.644651413, -30.5619983673, -1.22518670559, 44.6441650391, 53.1701850891, 19.5721092224, 24.18110466, 97.353729248, 40.4689331055, -11.234336853, -5.9850063324], [-70.1261138916, 10.3786344528, -28.8644504547, -25.9464683533, -25.8791370392, 16.2127952576, 22.5630111694, 12.8469266891, 1.15655827522, 40.4689331055, 73.78074646, 18.2349586487, -1.06008982658], [110.04233551, -22.73828125, 80.6992034912, 92.6854400635, 68.9458770752, -12.3452634811, -32.3609886169, -1.59216654301, 12.4219856262, -11.234336853, 18.2349586487, 108.183670044, 68.2501144409], [167.371017456, 10.7816638947, 99.0916595459, 90.7639007568, 86.328414917, 2.54510903358, -12.4174823761, -3.5910487175, 6.92614507675, -5.9850063324, -1.06008982658, 68.2501144409, 107.253829956]],
