{
"lowlevel": {
    "average_loudness": 0.869455933571,
    "barkbands_crest": {
        "dmean": 3.12209606171,
        "dmean2": 4.93826341629,
        "dvar": 7.78601646423,
        "dvar2": 17.3733005524,
        "max": 25.8360919952,
        "mean": 9.93257427216,
        "median": 8.71559906006,
        "min": 1.93266117573,
        "var": 23.2531394958
    },
    "barkbands_flatness_db": {
        "dmean": 0.022496830672,
        "dmean2": 0.0332472547889,
        "dvar": 0.000403363606893,
        "dvar2": 0.000841103319544,
        "max": 0.339418560266,
        "mean": 0.142361700535,
        "median": 0.135867863894,
        "min": 0.0497705228627,
        "var": 0.00216471869498
    },
    "barkbands_kurtosis": {
        "dmean": 2.15486741066,
        "dmean2": 3.38054203987,
        "dvar": 16.284822464,
        "dvar2": 37.5804672241,
        "max": 75.6664581299,
        "mean": 2.04428076744,
        "median": 0.5513651371,
        "min": -1.89670312405,
        "var": 26.99401474
    },
    "barkbands_skewness": {
        "dmean": 0.532985627651,
        "dmean2": 0.810916721821,
        "dvar": 0.301027387381,
        "dvar2": 0.663496553898,
        "max": 8.1922492981,
        "mean": 0.944242954254,
        "median": 0.843978762627,
        "min": -2.51398301125,
        "var": 1.09599792957
    },
    "barkbands_spread": {
        "dmean": 6.61869716644,
        "dmean2": 9.8164434433,
        "dvar": 53.7900657654,
        "dvar2": 107.110748291,
        "max": 106.145370483,
        "mean": 23.9686183929,
        "median": 21.9170417786,
        "min": 1.23546016216,
        "var": 202.347076416
    },
    "dissonance": {
        "dmean": 0.0186626538634,
        "dmean2": 0.0317686647177,
        "dvar": 0.000359568366548,
        "dvar2": 0.000930057431106,
        "max": 0.500000178814,
        "mean": 0.472188025713,
        "median": 0.480074882507,
        "min": 0.283061951399,
        "var": 0.000696981674992
    },
    "dynamic_complexity": 4.24717855453,
    "erbbands_crest": {
        "dmean": 3.09956336021,
        "dmean2": 5.00933074951,
        "dvar": 8.4459066391,
        "dvar2": 20.4162769318,
        "max": 32.4775505066,
        "mean": 9.88645362854,
        "median": 8.60898971558,
        "min": 2.02586007118,
        "var": 28.0790348053
    },
    "erbbands_flatness_db": {
        "dmean": 0.0204275269061,
        "dmean2": 0.0293090473861,
        "dvar": 0.000360372971045,
        "dvar2": 0.000678354059346,
        "max": 0.381299972534,
        "mean": 0.184711456299,
        "median": 0.177294611931,
        "min": 0.0303162168711,
        "var": 0.00327416742221
    },
    "erbbands_kurtosis": {
        "dmean": 1.20749485493,
        "dmean2": 1.89823722839,
        "dvar": 3.7730307579,
        "dvar2": 8.40194702148,
        "max": 48.5196380615,
        "mean": 1.03180980682,
        "median": 0.157119512558,
        "min": -1.79554367065,
        "var": 8.77270412445
    },
    "erbbands_skewness": {
        "dmean": 0.433409631252,
        "dmean2": 0.67554050684,
        "dvar": 0.169167011976,
        "dvar2": 0.379425883293,
        "max": 6.00163173676,
        "mean": 0.364559113979,
        "median": 0.254411458969,
        "min": -3.41120314598,
        "var": 0.755650520325
    },
    "erbbands_spread": {
        "dmean": 7.40831184387,
        "dmean2": 11.3486652374,
        "dvar": 71.4783248901,
        "dvar2": 158.8334198,
        "max": 117.58102417,
        "mean": 30.5498714447,
        "median": 28.0106010437,
        "min": 1.91480886936,
        "var": 286.299987793
    },
    "hfc": {
        "dmean": 6.42530727386,
        "dmean2": 8.60611724854,
        "dvar": 98.8933639526,
        "dvar2": 187.668029785,
        "max": 161.990219116,
        "mean": 16.5324115753,
        "median": 9.00129699707,
        "min": 1.22620393737e-16,
        "var": 372.083496094
    },
    "melbands_crest": {
        "dmean": 3.80391001701,
        "dmean2": 6.08426237106,
        "dvar": 10.520195961,
        "dvar2": 25.0798072815,
        "max": 37.3052330017,
        "mean": 13.2237348557,
        "median": 12.0053844452,
        "min": 2.39840865135,
        "var": 30.7333259583
    },
    "melbands_flatness_db": {
        "dmean": 0.0270667932928,
        "dmean2": 0.0396354347467,
        "dvar": 0.000586888811085,
        "dvar2": 0.0012284622062,
        "max": 0.435518324375,
        "mean": 0.164611428976,
        "median": 0.159134030342,
        "min": 0.00400154711679,
        "var": 0.00273542734794
    },
    "melbands_kurtosis": {
        "dmean": 4.85604143143,
        "dmean2": 7.64703941345,
        "dvar": 95.9024658203,
        "dvar2": 221.645141602,
        "max": 224.495620728,
        "mean": 7.10365915298,
        "median": 3.47516345978,
        "min": -1.82797038555,
        "var": 165.160171509
    },
    "melbands_skewness": {
        "dmean": 0.684380352497,
        "dmean2": 1.03697025776,
        "dvar": 0.553370952606,
        "dvar2": 1.24397826195,
        "max": 13.4042549133,
        "mean": 1.77450025082,
        "median": 1.56004047394,
        "min": -1.71602261066,
        "var": 2.20064544678
    },
    "melbands_spread": {
        "dmean": 9.09218025208,
        "dmean2": 13.8128948212,
        "dvar": 137.248840332,
        "dvar2": 277.702606201,
        "max": 255.312835693,
        "mean": 29.8238945007,
        "median": 26.9221973419,
        "min": 1.50717628002,
        "var": 422.65802002
    },
    "pitch_salience": {
        "dmean": 0.0793844237924,
        "dmean2": 0.124296069145,
        "dvar": 0.00467118201777,
        "dvar2": 0.0109913703054,
        "max": 0.974721133709,
        "mean": 0.57848995924,
        "median": 0.593218445778,
        "min": 0.0708401948214,
        "var": 0.0156286265701
    },
    "silence_rate_20dB": {
        "dmean": 0,
        "dmean2": 0,
        "dvar": 0,
        "dvar2": 0,
        "max": 1,
        "mean": 1,
        "median": 1,
        "min": 1,
        "var": 0
    },
    "silence_rate_30dB": {
        "dmean": 0.00399850076064,
        "dmean2": 0.00799800083041,
        "dvar": 0.00398236094043,
        "dvar2": 0.0106836874038,
        "max": 1,
        "mean": 0.997376322746,
        "median": 1,
        "min": 0,
        "var": 0.00261676986702
    },
    "silence_rate_60dB": {
        "dmean": 0.0692240446806,
        "dmean2": 0.138465389609,
        "dvar": 0.064431399107,
        "dvar2": 0.144030511379,
        "max": 1,
        "mean": 0.128810599446,
        "median": 0,
        "min": 0,
        "var": 0.112224176526
    },
    "spectral_centroid": {
        "dmean": 266.566864014,
        "dmean2": 409.308624268,
        "dvar": 85440.78125,
        "dvar2": 177932.28125,
        "max": 10808.5839844,
        "mean": 1537.2668457,
        "median": 1478.04675293,
        "min": 206.996871948,
        "var": 300389.8125
    },
    "spectral_complexity": {
        "dmean": 3.31425714493,
        "dmean2": 4.86553382874,
        "dvar": 9.53943634033,
        "dvar2": 18.269821167,
        "max": 51,
        "mean": 15.287481308,
        "median": 14,
        "min": 0,
        "var": 67.9646682739
    },
    "spectral_decrease": {
        "dmean": 1.69021541208e-09,
        "dmean2": 2.35345365418e-09,
        "dvar": 6.54765567214e-18,
        "dvar2": 1.32144567854e-17,
        "max": -5.10494574408e-29,
        "mean": -4.00366673148e-09,
        "median": -2.30214047825e-09,
        "min": -3.76918940503e-08,
        "var": 2.01157371325e-17
    },
    "spectral_energy": {
        "dmean": 0.00687302928418,
        "dmean2": 0.00952691584826,
        "dvar": 0.000108171596366,
        "dvar2": 0.000216840257053,
        "max": 0.151981130242,
        "mean": 0.0166102591902,
        "median": 0.00954597443342,
        "min": 1.13147095623e-20,
        "var": 0.000341024249792
    },
    "spectral_energyband_high": {
        "dmean": 0.000194874955923,
        "dmean2": 0.000273209559964,
        "dvar": 1.73355175548e-07,
        "dvar2": 3.22266743069e-07,
        "max": 0.020144790411,
        "mean": 0.000398886506446,
        "median": 0.000220905378228,
        "min": 8.19068991892e-21,
        "var": 5.75954288706e-07
    },
    "spectral_energyband_low": {
        "dmean": 0.00168370234314,
        "dmean2": 0.0023849052377,
        "dvar": 8.32344358059e-06,
        "dvar2": 1.6567277271e-05,
        "max": 0.0570089556277,
        "mean": 0.00286221387796,
        "median": 0.00127264438197,
        "min": 1.07627019603e-22,
        "var": 1.91424151126e-05
    },
    "spectral_energyband_middle_high": {
        "dmean": 0.00320092216134,
        "dmean2": 0.00437353923917,
        "dvar": 4.7170160542e-05,
        "dvar2": 9.23412517295e-05,
        "max": 0.147237196565,
        "mean": 0.00707153137773,
        "median": 0.00225689611398,
        "min": 1.71152089985e-21,
        "var": 0.000148757942952
    },
    "spectral_energyband_middle_low": {
        "dmean": 0.00394724076614,
        "dmean2": 0.00594367831945,
        "dvar": 5.99237246206e-05,
        "dvar2": 0.000128419269458,
        "max": 0.138755321503,
        "mean": 0.00680474797264,
        "median": 0.00293082883582,
        "min": 3.97137621289e-22,
        "var": 0.00012690317817
    },
    "spectral_entropy": {
        "dmean": 0.15454775095,
        "dmean2": 0.226359382272,
        "dvar": 0.0236953292042,
        "dvar2": 0.0475850701332,
        "max": 9.79178905487,
        "mean": 7.74332809448,
        "median": 7.75573348999,
        "min": 6.07582902908,
        "var": 0.118635259569
    },
    "spectral_flux": {
        "dmean": 0.0214991625398,
        "dmean2": 0.0327927470207,
        "dvar": 0.0005936359521,
        "dvar2": 0.00119212002028,
        "max": 0.35782712698,
        "mean": 0.0746283456683,
        "median": 0.0637170523405,
        "min": 1.06370620645e-10,
        "var": 0.0019996620249
    },
    "spectral_kurtosis": {
        "dmean": 1.46811544895,
        "dmean2": 2.40047359467,
        "dvar": 2.15338373184,
        "dvar2": 5.9611287117,
        "max": 22.7587051392,
        "mean": 4.15627002716,
        "median": 3.74334168434,
        "min": -1.17927098274,
        "var": 6.39412117004
    },
    "spectral_rms": {
        "dmean": 0.000759877788369,
        "dmean2": 0.00101846409962,
        "dvar": 6.89879072979e-07,
        "dvar2": 1.20397930914e-06,
        "max": 0.0121767921373,
        "mean": 0.00354783073999,
        "median": 0.00305174477398,
        "min": 3.32246014555e-12,
        "var": 3.61804859494e-06
    },
    "spectral_rolloff": {
        "dmean": 542.051025391,
        "dmean2": 874.05871582,
        "dvar": 951889,
        "dvar2": 1920913,
        "max": 18798.4863281,
        "mean": 1838.6184082,
        "median": 1679.58984375,
        "min": 43.06640625,
        "var": 2024603.625
    },
    "spectral_skewness": {
        "dmean": 0.206915378571,
        "dmean2": 0.327742159367,
        "dvar": 0.0364287756383,
        "dvar2": 0.0866698473692,
        "max": 3.75519824028,
        "mean": 1.53895843029,
        "median": 1.53744649887,
        "min": -0.0420642457902,
        "var": 0.15001142025
    },
    "spectral_spread": {
        "dmean": 547722,
        "dmean2": 768623.3125,
        "dvar": 525179650048,
        "dvar2": 789494824960,
        "max": 40009588,
        "mean": 4332776.5,
        "median": 4149549.5,
        "min": 1822106.875,
        "var": 2.12044388762e+12
    },
    "spectral_strongpeak": {
        "dmean": 0.712956905365,
        "dmean2": 1.10510623455,
        "dvar": 1.22563028336,
        "dvar2": 2.76776647568,
        "max": 13.7977695465,
        "mean": 1.19501328468,
        "median": 0.427383452654,
        "min": 0,
        "var": 2.96591615677
    },
    "zerocrossingrate": {
        "dmean": 0.0115358354524,
        "dmean2": 0.0129760652781,
        "dvar": 0.000240806286456,
        "dvar2": 0.000262656627456,
        "max": 0.6630859375,
        "mean": 0.0688557103276,
        "median": 0.06201171875,
        "min": 0.00439453125,
        "var": 0.00129559612833
    },
    "barkbands": {
        "dmean": [4.71589155495e-05, 0.0013817861909, 0.000539133965503, 0.000429776147939, 0.000721533899195, 0.000894308788702, 0.000481841067085, 0.000863141671289, 0.00164998380933, 0.00154171942268, 0.000610712042544, 0.000491683662403, 0.000430351239629, 0.000525281415321, 0.00062833877746, 0.000345469190506, 0.00015352711489, 0.000143085213494, 9.29809684749e-05, 5.43140959053e-05, 5.08134580741e-05, 3.41630075127e-05, 4.11431610701e-05, 4.19639254687e-05, 3.60892881872e-05, 1.10260565123e-07, 7.04074576419e-10],
        "dmean2": [7.93115395936e-05, 0.00176995049696, 0.000944534840528, 0.000744131859392, 0.00119510095101, 0.00144091097172, 0.000776962086093, 0.0013099045027, 0.0026106198784, 0.00239832513034, 0.000921382918023, 0.000740471063182, 0.000672090856824, 0.000794266990852, 0.000976563664153, 0.000525524432305, 0.000234099716181, 0.000218266635784, 0.000140089367051, 8.39411150082e-05, 7.61396950111e-05, 5.09734891239e-05, 6.12337826169e-05, 5.90569288761e-05, 5.21095680597e-05, 1.83109520435e-07, 1.29341792832e-09],
        "dvar": [1.10306546119e-08, 7.19751369616e-06, 1.38988650633e-06, 8.54985273691e-07, 5.54991356694e-06, 9.41714915825e-06, 3.19104015034e-06, 1.10959690574e-05, 2.95281461149e-05, 2.89447580144e-05, 5.54620282855e-06, 3.88021771869e-06, 2.02936962523e-06, 2.54303131442e-06, 3.08424728246e-06, 9.49749960455e-07, 1.22197789665e-07, 7.556334225e-08, 3.65946632996e-08, 1.02063539842e-08, 8.15236322893e-09, 4.88846074731e-09, 1.84022788119e-08, 2.61008850089e-08, 1.03083710457e-08, 1.27489924e-13, 1.30211163453e-18],
        "dvar2": [2.92942967661e-08, 1.15640241347e-05, 3.83334872822e-06, 2.39802079705e-06, 1.3523911548e-05, 2.32168458751e-05, 7.53955100663e-06, 2.16002317757e-05, 6.73193426337e-05, 6.60561709083e-05, 1.13419773697e-05, 8.17782438389e-06, 4.50400284535e-06, 5.61095203011e-06, 7.33229717298e-06, 2.12641407416e-06, 2.76122221976e-07, 1.60883175226e-07, 7.71721957449e-08, 2.22108429426e-08, 1.75930576773e-08, 9.39786648502e-09, 3.84893432681e-08, 4.74387107374e-08, 1.88568805015e-08, 3.20070521736e-13, 4.03408457399e-18],
        "max": [0.00190951954573, 0.055112361908, 0.0228062495589, 0.0284896604717, 0.0710767507553, 0.0925683155656, 0.0497214831412, 0.0898541286588, 0.132564365864, 0.131686940789, 0.115715429187, 0.0761683285236, 0.0446943119168, 0.0393547341228, 0.0341524481773, 0.027984187007, 0.0102690011263, 0.00846349261701, 0.00813818257302, 0.00421975087374, 0.00274799438193, 0.00320928869769, 0.006078873761, 0.00960439816117, 0.00453946832567, 1.64735029102e-05, 1.44726541862e-08],
        "mean": [5.59238687856e-05, 0.00205619656481, 0.000527217867784, 0.000440064410213, 0.000864032132085, 0.00112671172246, 0.000563700508792, 0.00120098434854, 0.00206164480187, 0.00207743165083, 0.000927302055061, 0.00068421108881, 0.000616633915342, 0.000749740051106, 0.000912824645638, 0.000550578348339, 0.000287234404823, 0.000277761457255, 0.000181474926649, 9.88842875813e-05, 9.38882440096e-05, 6.14063974353e-05, 6.89529988449e-05, 6.9953071943e-05, 5.54270300199e-05, 1.13983226413e-07, 8.48564218892e-10],
        "median": [2.23584866035e-05, 0.000594385783188, 0.000241230416577, 0.000204013602342, 0.000321468862239, 0.000277702347375, 0.000108500986244, 0.000154452456627, 0.000307395705022, 0.000258954591118, 0.000130107830046, 0.000117667630548, 0.00012404852896, 0.000142349308589, 0.000184089352842, 0.00014353095321, 0.000113195848826, 0.000114758047857, 8.62347806105e-05, 4.97558103234e-05, 4.70702361781e-05, 3.33780299115e-05, 2.86240065179e-05, 2.58427171502e-05, 2.08045203181e-05, 3.15939807649e-08, 4.88796114695e-10],
        "min": [4.30832951842e-24, 5.6431890607e-23, 4.05541747787e-23, 1.95196562803e-23, 6.04302857477e-23, 5.33936906493e-23, 8.39667586485e-23, 1.16119504833e-22, 3.11122828269e-23, 9.71101721388e-23, 8.34720608194e-23, 6.82246416989e-23, 1.33696474383e-22, 1.19459112766e-22, 1.5604925834e-22, 1.99900849615e-22, 2.00538476418e-22, 2.25185962085e-22, 2.37359032486e-22, 3.93637451763e-22, 5.09691638913e-22, 6.12002783622e-22, 5.31476619724e-22, 1.03634674078e-21, 1.23435633109e-21, 1.82794132041e-21, 2.35758995378e-21],
        "var": [1.09200772869e-08, 1.60523541126e-05, 1.00952183857e-06, 6.63519529098e-07, 6.47964270684e-06, 1.28393530758e-05, 4.11145265389e-06, 2.40595654759e-05, 4.71532875963e-05, 4.83870135213e-05, 1.68399928953e-05, 6.40867301627e-06, 3.26782787852e-06, 4.51575806437e-06, 4.98078043165e-06, 1.99344981411e-06, 2.96742399541e-07, 1.99687988811e-07, 9.32836172751e-08, 2.20258815631e-08, 2.10317647742e-08, 1.33926167933e-08, 4.19231156457e-08, 7.70528885141e-08, 2.26213696664e-08, 1.50901115063e-13, 1.05603739641e-18]
    },
    "erbbands": {
        "dmean": [0.0479511767626, 0.295609623194, 0.49119156599, 1.13281953335, 1.84222042561, 2.39686369896, 5.42623138428, 7.80182170868, 7.39692878723, 7.77387428284, 24.2438278198, 34.9203910828, 41.8824996948, 42.5386695862, 18.6855716705, 19.3375282288, 17.6454753876, 22.9814929962, 34.4536743164, 23.5842075348, 14.1096305847, 7.77222490311, 7.5569152832, 5.77771282196, 3.60934972763, 2.64019942284, 2.34880065918, 1.64303517342, 1.21822357178, 1.19845449924, 1.21064782143, 0.97581756115, 0.654652893543, 0.428743362427, 0.262775212526, 0.0183861218393, 0.000451032217825, 2.8822092645e-05, 6.38310984868e-06, 8.44203350425e-06],
        "dmean2": [0.0634623467922, 0.391242712736, 0.820552587509, 1.96915125847, 3.2038807869, 3.94750523567, 8.74080848694, 12.7211866379, 11.8419914246, 12.4040489197, 36.5411567688, 54.7623672485, 66.3435668945, 63.2363471985, 27.3194503784, 28.7899570465, 27.1813030243, 34.2236976624, 51.3883209229, 35.16065979, 21.3114852905, 11.6891880035, 11.4097108841, 8.68228530884, 5.37220621109, 4.1020565033, 3.55625939369, 2.4865732193, 1.820114851, 1.7892267704, 1.81617069244, 1.36847925186, 0.971074223518, 0.622548222542, 0.383432298899, 0.0272402390838, 0.000657411816064, 4.12729714299e-05, 8.8691331257e-06, 1.16429228001e-05],
        "dvar": [0.0104510113597, 0.324553906918, 1.03423082829, 5.73067426682, 22.8086853027, 91.7578582764, 378.674438477, 893.726135254, 691.999145508, 1155.87731934, 7068.90039062, 14746.4277344, 21017.2285156, 24283.9238281, 3520.98925781, 5877.60302734, 2793.26660156, 4479.37939453, 10969.5087891, 4099.73388672, 1782.98571777, 297.691467285, 213.115844727, 135.577148438, 48.1747512817, 25.4367694855, 17.8960056305, 8.22979164124, 5.23015213013, 10.2994365692, 20.2420082092, 13.0849609375, 7.53481435776, 2.14384937286, 0.512085616589, 0.00288966740482, 1.60377589964e-06, 5.94207705262e-09, 1.23717661116e-10, 1.51382004154e-10],
        "dvar2": [0.0191960185766, 0.526514470577, 2.78951501846, 15.9197740555, 63.117729187, 229.572463989, 918.452819824, 2251.56152344, 1673.29528809, 2781.55053711, 13325.3027344, 33655.2460938, 50926.7109375, 49985.6875, 7485.12695312, 12982.0488281, 6309.28027344, 9750.37109375, 24583.7324219, 8963.92285156, 4377.41699219, 671.75213623, 432.911621094, 283.007904053, 93.8568572998, 57.2360877991, 39.9552268982, 17.169052124, 9.89622688293, 20.4592113495, 45.9826431274, 20.0538482666, 16.6193714142, 4.5234503746, 0.890761554241, 0.00510809989646, 2.73035288956e-06, 9.83207915084e-09, 2.1826665475e-10, 3.01682817616e-10],
        "max": [2.25250315666, 10.0175628662, 20.4658222198, 65.4010009766, 125.069839478, 267.887298584, 551.078613281, 968.255615234, 660.268371582, 1911.67358398, 2357.671875, 4023.68603516, 3731.40429688, 4909.07177734, 2170.53515625, 2439.52807617, 1449.43225098, 1694.98522949, 2437.30737305, 1810.7442627, 1371.16870117, 650.254150391, 477.411499023, 388.435852051, 297.974395752, 212.831314087, 94.2002105713, 95.9907836914, 99.5185928345, 127.565483093, 201.371688843, 226.032943726, 154.968002319, 76.6820068359, 34.0817489624, 2.57209014893, 0.0606742501259, 0.00360534223728, 0.000494351261295, 0.000184173055459],
        "mean": [0.0648593977094, 0.438513606787, 0.592460393906, 1.19828414917, 1.97567439079, 2.734354496, 6.59454441071, 9.72704410553, 9.2558221817, 9.88326454163, 35.7400436401, 45.9342346191, 55.3339538574, 64.4655838013, 30.8337497711, 29.0366535187, 27.6721057892, 34.7317504883, 53.2953987122, 38.6609687805, 25.4641227722, 15.881734848, 15.2495107651, 12.0409803391, 7.2031211853, 4.82509708405, 4.21203756332, 3.08106184006, 2.20917987823, 2.08031892776, 1.99779713154, 1.63299429417, 1.04743933678, 0.643814444542, 0.38622200489, 0.025895351544, 0.000667216256261, 4.7033350711e-05, 1.53858673002e-05, 2.14524516196e-05],
        "median": [0.016827955842, 0.128528773785, 0.308757603168, 0.602393388748, 0.855270147324, 0.915821909904, 1.58364009857, 2.29895877838, 1.97530245781, 2.52574825287, 4.96408557892, 7.74415779114, 9.22485351562, 8.37879276276, 6.08655357361, 5.64693498611, 6.20526599884, 7.71935081482, 9.93916893005, 9.3154630661, 7.54265880585, 6.5087480545, 6.49422264099, 5.50178003311, 3.58286356926, 2.45842695236, 2.07983779907, 1.56668353081, 1.23481893539, 0.953073978424, 0.814804077148, 0.613451719284, 0.388086676598, 0.243548512459, 0.139535605907, 0.00901135243475, 0.000244450027822, 2.03037343454e-05, 1.0691348507e-05, 1.34463616632e-05],
        "min": [1.38520036963e-21, 1.36602286568e-20, 4.53839977843e-20, 5.50813301421e-20, 1.88097148982e-19, 1.53658246735e-19, 2.38818985264e-19, 4.57851500083e-19, 6.27658806842e-19, 3.07474634894e-18, 1.32660176413e-18, 8.09159862523e-19, 2.47903858233e-18, 2.26221841376e-18, 4.00459227643e-18, 3.30342994186e-18, 4.7898356591e-18, 6.7640841707e-18, 7.96888265905e-18, 7.95172776032e-18, 1.20188093961e-17, 1.18919753113e-17, 1.3677488504e-17, 1.16313952203e-17, 1.34561366265e-17, 2.09425620573e-17, 1.54941036878e-17, 2.31305904352e-17, 1.64466948074e-17, 2.39353511444e-17, 1.60257095065e-17, 1.99918387116e-17, 1.53518881795e-17, 1.25329683213e-17, 1.02415737997e-17, 6.52351978264e-18, 3.43280553915e-18, 1.14259088737e-18, 3.22106689618e-19, 4.06297578266e-20],
        "var": [0.0187598522753, 0.710075676441, 0.934998452663, 4.33728647232, 19.3285579681, 98.2898635864, 435.487457275, 1251.83642578, 938.62097168, 1325.94604492, 17380.1074219, 24625.8222656, 30647.3691406, 54491.3164062, 9085.20410156, 9748.04394531, 5036.34863281, 7838.10498047, 20185.34375, 8444.84960938, 3900.5480957, 783.173156738, 594.02532959, 387.386016846, 131.403640747, 51.824924469, 39.7666015625, 24.2374458313, 14.8280677795, 25.8770236969, 41.4680900574, 45.0702857971, 15.6550254822, 3.52707052231, 1.14618861675, 0.00578608456999, 3.51551466338e-06, 1.45927954165e-08, 3.94736271447e-10, 5.12508813166e-10]
    },
    "gfcc": {
        "mean": [-37.1308937073, 94.8930664062, -152.050094604, 38.2990608215, -68.3762741089, 30.6830787659, -42.3418197632, 17.0759181976, -16.7239494324, -4.33596467972, -8.87463474274, -11.7970333099, 3.71859312057],
        "cov": [[4097.07568359, -41.4785346985, 187.153915405, 318.848052979, 33.2879219055, 190.915115356, -143.289916992, 68.611114502, -124.022384644, 150.935012817, 77.2793884277, 44.3842506409, 71.2430343628], [-41.4785346985, 621.929138184, 70.3369750977, 12.7811336517, 152.388580322, -50.8013572693, 49.7819023132, -47.974395752, 95.7577056885, -11.4006700516, 59.6482276917, -31.2461185455, 37.5143356323], [187.153915405, 70.3369750977, 1003.9956665, 533.033691406, 40.1639595032, 143.608932495, -169.211364746, 21.8084049225, -67.2533035278, 133.64163208, -25.7569618225, 88.0925521851, -68.5035171509], [318.848052979, 12.7811336517, 533.033691406, 559.635864258, 145.999847412, 113.050521851, -72.6730422974, 14.0282449722, -42.8186683655, 90.8909835815, 8.94027614594, 65.8876495361, -21.2997760773], [33.2879219055, 152.388580322, 40.1639595032, 145.999847412, 273.767791748, 105.817398071, 67.9214019775, 27.9398117065, 34.9887809753, 34.8515014648, 46.188835144, 15.6526412964, 32.8498535156], [190.915115356, -50.8013572693, 143.608932495, 113.050521851, 105.817398071, 260.137054443, 126.442092896, 28.601436615, -39.3444671631, 36.3906364441, 17.7453327179, 22.4438419342, -17.673532486], [-143.289916992, 49.7819023132, -169.211364746, -72.6730422974, 67.9214019775, 126.442092896, 265.940124512, 41.8872070312, 19.8576049805, -29.1630001068, 32.3975982666, -17.2703475952, 9.11854839325], [68.611114502, -47.974395752, 21.8084049225, 14.0282449722, 27.9398117065, 28.601436615, 41.8872070312, 116.613624573, 46.9339752197, 15.0106315613, -6.45698547363, 8.85121917725, 5.76646471024], [-124.022384644, 95.7577056885, -67.2533035278, -42.8186683655, 34.9887809753, -39.3444671631, 19.8576049805, 46.9339752197, 148.453292847, 12.4020309448, 14.9120054245, -19.0805950165, 26.147731781], [150.935012817, -11.4006700516, 133.64163208, 90.8909835815, 34.8515014648, 36.3906364441, -29.1630001068, 15.0106315613, 12.4020309448, 109.078262329, 32.3569450378, 30.1858158112, -3.92975211143], [77.2793884277, 59.6482276917, -25.7569618225, 8.94027614594, 46.188835144, 17.7453327179, 32.3975982666, -6.45698547363, 14.9120054245, 32.3569450378, 99.8182373047, 37.1591682434, 22.617231369], [44.3842506409, -31.2461185455, 88.0925521851, 65.8876495361, 15.6526412964, 22.4438419342, -17.2703475952, 8.85121917725, -19.0805950165, 30.1858158112, 37.1591682434, 80.2554931641, 24.3016662598], [71.2430343628, 37.5143356323, -68.5035171509, -21.2997760773, 32.8498535156, -17.673532486, 9.11854839325, 5.76646471024, 26.147731781, -3.92975211143, 22.617231369, 24.3016662598, 76.2310409546]],
        "icov": [[0.000405471451813, -0.000434679590398, 0.000509290082846, -0.000529585813638, 0.000752484018449, -0.000985245453194, 0.000939311401453, -0.00102414085995, 0.000797289831098, -0.000506635464262, -0.000472871877719, 0.000783129245974, -0.000851857766975], [-0.000434679590398, 0.00435319868848, -0.00287240045145, 0.00192261883058, -0.00379734579474, 0.00386954587884, -0.00318476231769, 0.00410170294344, -0.00264234188944, 0.00181095825974, -0.00150775897782, 0.00148000230547, -0.000200654219952], [0.000509290082846, -0.00287240045145, 0.00497597688809, -0.00370864174329, 0.00368107948452, -0.00444851489738, 0.00397155340761, -0.00335566559806, 0.0015682708472, -0.00224612047896, 0.001464331639, -0.00183921249118, 0.00103221088648], [-0.000529585813638, 0.00192261883058, -0.00370864174329, 0.00591321010143, -0.00451350165531, 0.00268268398941, -0.0019317251863, 0.00252099987119, -0.000852333090734, 0.000615058699623, 0.000307978392811, -0.00121430424042, 0.0010954043828], [0.000752484018449, -0.00379734579474, 0.00368107948452, -0.00451350165531, 0.010314037092, -0.00652985647321, 0.00347731588408, -0.00459530297667, 0.00141568947583, -0.00208950648084, -0.00134651898406, 0.00165674102027, -0.00353647279553], [-0.000985245453194, 0.00386954587884, -0.00444851489738, 0.00268268398941, -0.00652985647321, 0.0133817512542, -0.00904064998031, 0.00443574693054, -0.000434338726336, -0.000145413912833, 0.000973056419753, -0.00150757096708, 0.0027641095221], [0.000939311401453, -0.00318476231769, 0.00397155340761, -0.0019317251863, 0.00347731588408, -0.00904064998031, 0.0118700582534, -0.00657256133854, 0.00217672460712, 0.00102583388798, -0.00323588005267, 0.00264254980721, -0.00137462024577], [-0.00102414085995, 0.00410170294344, -0.00335566559806, 0.00252099987119, -0.00459530297667, 0.00443574693054, -0.00657256133854, 0.017148617655, -0.00802420824766, 0.00081119989045, 0.00397735182196, -0.00459467247128, 0.0022039830219], [0.000797289831098, -0.00264234188944, 0.0015682708472, -0.000852333090734, 0.00141568947583, -0.000434338726336, 0.00217672460712, -0.00802420824766, 0.0134788732976, -0.00385565264151, -0.00223156600259, 0.00580272404477, -0.00464764190838], [-0.000506635464262, 0.00181095825974, -0.00224612047896, 0.000615058699623, -0.00208950648084, -0.000145413912833, 0.00102583388798, 0.00081119989045, -0.00385565264151, 0.0156923383474, -0.00506727956235, -0.00173683732282, 0.00260692206211], [-0.000472871877719, -0.00150775897782, 0.001464331639, 0.000307978392811, -0.00134651898406, 0.000973056419753, -0.00323588005267, 0.00397735182196, -0.00223156600259, -0.00506727956235, 0.0191834904253, -0.0114218937233, 0.00193170050625], [0.000783129245974, 0.00148000230547, -0.00183921249118, -0.00121430424042, 0.00165674102027, -0.00150757096708, 0.00264254980721, -0.00459467247128, 0.00580272404477, -0.00173683732282, -0.0114218937233, 0.0277549438179, -0.0120233558118], [-0.000851857766975, -0.000200654219952, 0.00103221088648, 0.0010954043828, -0.00353647279553, 0.0027641095221, -0.00137462024577, 0.0022039830219, -0.00464764190838, 0.00260692206211, 0.00193170050625, -0.0120233558118, 0.0223973803222]]
    },
    "melbands": {
        "dmean": [0.000411336048273, 0.000259346183157, 0.000206626937143, 0.000143691591802, 0.000172647560248, 0.000172375817783, 0.00010904098599, 0.000102221201814, 0.000220914807869, 0.000225306823268, 0.000217089764192, 0.000183774536708, 7.21760297893e-05, 5.7391833252e-05, 4.54280489066e-05, 4.09740096075e-05, 4.50421357527e-05, 5.97004145675e-05, 4.00460703531e-05, 2.94324054266e-05, 1.51718959387e-05, 8.82383028511e-06, 8.2628976088e-06, 6.90344813847e-06, 4.97054452353e-06, 3.28869032273e-06, 2.12855979953e-06, 1.80953634299e-06, 1.55770544552e-06, 1.36058883982e-06, 9.07582148102e-07, 7.01282374393e-07, 7.3737777484e-07, 6.79350307564e-07, 7.44096610106e-07, 6.50350898468e-07, 6.20000662366e-07, 5.02877639974e-07, 4.01829282737e-07, 3.65405043112e-07],
        "dmean2": [0.000521755137015, 0.000393137190258, 0.000356060889317, 0.000243442438659, 0.000277524261037, 0.000280108390143, 0.000173535954673, 0.000162130483659, 0.000334174110321, 0.000354667543434, 0.000345273234416, 0.000275574391708, 0.000107321044197, 8.56453261804e-05, 7.01745302649e-05, 6.28489724477e-05, 6.8018118327e-05, 8.85200497578e-05, 6.19492129772e-05, 4.39212890342e-05, 2.33631490119e-05, 1.35409300128e-05, 1.28053588924e-05, 1.05823219201e-05, 7.65140157455e-06, 4.98494819112e-06, 3.27774773723e-06, 2.86806130134e-06, 2.4014873361e-06, 2.10100074582e-06, 1.39454880355e-06, 1.07320522602e-06, 1.1302790881e-06, 1.04038178961e-06, 1.14423141895e-06, 9.6068390576e-07, 8.7275691385e-07, 7.597625995e-07, 5.98964447818e-07, 5.39011921319e-07],
        "dvar": [6.78827632328e-07, 2.19605780671e-07, 1.9463121248e-07, 2.05465056524e-07, 3.76594783802e-07, 3.91773312458e-07, 1.50147045019e-07, 1.98966858989e-07, 5.58505405479e-07, 5.82824043249e-07, 5.65640846162e-07, 4.60179279571e-07, 6.51418901043e-08, 6.70955984106e-08, 2.17016253856e-08, 1.76077463721e-08, 1.82994863707e-08, 3.63127199421e-08, 1.25807400053e-08, 7.00055569069e-09, 2.09304440446e-09, 3.9757455661e-10, 2.92067176e-10, 2.20621729219e-10, 1.04877419249e-10, 5.21949983234e-11, 1.60030096813e-11, 1.19279820396e-11, 8.48126083253e-12, 6.84181227298e-12, 2.46633160943e-12, 1.51810259242e-12, 3.46128464432e-12, 3.58453371152e-12, 7.87789711937e-12, 5.29352863626e-12, 5.80167597991e-12, 5.55169365341e-12, 2.38993005074e-12, 1.38654051348e-12],
        "dvar2": [1.13087912723e-06, 4.97630992413e-07, 5.40656969861e-07, 5.36414461294e-07, 8.97356585483e-07, 9.79568767434e-07, 3.5751577343e-07, 4.6190442049e-07, 1.11444649065e-06, 1.32018283239e-06, 1.36977689635e-06, 9.56457824941e-07, 1.37799730737e-07, 1.42388458357e-07, 4.93372418475e-08, 3.67389887401e-08, 4.04043767332e-08, 8.05052948749e-08, 2.99042035579e-08, 1.45283118869e-08, 5.23142373865e-09, 8.99555985256e-10, 6.40755726256e-10, 4.69537020376e-10, 2.31100472092e-10, 1.04927948275e-10, 3.39767936008e-11, 2.79507250678e-11, 1.95193999852e-11, 1.53116391094e-11, 5.38518491952e-12, 3.03103722676e-12, 7.40167302449e-12, 7.04603736468e-12, 1.87092043247e-11, 9.50600969468e-12, 8.88428393353e-12, 1.27199596342e-11, 5.14142504612e-12, 2.93101784163e-12],
        "max": [0.017777685076, 0.0100334146991, 0.0135174449533, 0.0109868301079, 0.0163616910577, 0.019280469045, 0.0107137775049, 0.0209229812026, 0.0191278029233, 0.0226284135133, 0.0195719636977, 0.0207992922515, 0.0112451435998, 0.0116186775267, 0.00321922102012, 0.00466855335981, 0.00288994424045, 0.00474908435717, 0.00217001978308, 0.00206564017572, 0.00146963831503, 0.00060104613658, 0.000402335572289, 0.000660926685669, 0.000327266898239, 0.000392117595766, 0.000177923575393, 0.000134927380714, 6.4491192461e-05, 8.1397833128e-05, 4.48032624263e-05, 3.9968166675e-05, 9.16915232665e-05, 7.26487851352e-05, 0.000119922944577, 0.000138969830004, 0.00015552646073, 0.000124310667161, 8.55411490193e-05, 5.49422838958e-05],
        "mean": [0.000591232965235, 0.000412444176618, 0.000232391626923, 0.000160218143719, 0.000214242681977, 0.000216965127038, 0.000134308851557, 0.000127955223434, 0.000317199737765, 0.000286828260869, 0.000278137915302, 0.0002710603585, 0.000113888221676, 8.02534341346e-05, 6.58254430164e-05, 5.97516627749e-05, 6.36694676359e-05, 8.81765736267e-05, 5.89212540945e-05, 4.63992764708e-05, 2.56546300079e-05, 1.63449367392e-05, 1.49979687194e-05, 1.28339852381e-05, 9.58413420449e-06, 6.15067528997e-06, 3.79961988983e-06, 3.01677027892e-06, 2.62017329078e-06, 2.35789684666e-06, 1.57955253144e-06, 1.21516347917e-06, 1.20245238122e-06, 1.12894156246e-06, 1.16015417007e-06, 1.0630194538e-06, 9.86285158433e-07, 7.71770373831e-07, 5.88483771935e-07, 5.26433041159e-07],
        "median": [0.000161576957908, 0.000192124192836, 0.000120914191939, 6.36569093331e-05, 5.52769670321e-05, 5.27877928107e-05, 2.69897245744e-05, 2.65378657787e-05, 4.0451377572e-05, 4.39299838035e-05, 4.06470935559e-05, 3.06019355776e-05, 1.86048418982e-05, 1.4209344954e-05, 1.27809998958e-05, 1.28711035359e-05, 1.29276595544e-05, 1.49889128807e-05, 1.28167666844e-05, 1.12146581159e-05, 7.78191861173e-06, 6.42059649181e-06, 6.15662156633e-06, 5.2084105846e-06, 4.17784713136e-06, 2.8026865948e-06, 1.91183016796e-06, 1.46102524923e-06, 1.24923064959e-06, 1.13377689104e-06, 7.46707769395e-07, 6.84189785716e-07, 5.9108157302e-07, 4.88566058721e-07, 4.7308651574e-07, 4.1209631263e-07, 3.58107683951e-07, 2.73077631618e-07, 2.14052349179e-07, 1.98624491077e-07],
        "min": [1.43264145473e-23, 2.24119359032e-23, 1.34379678414e-23, 1.42432843851e-23, 7.2105341948e-24, 1.05536730686e-23, 1.17534800183e-23, 3.45842900182e-23, 8.76551945623e-24, 4.71696893365e-24, 1.27739260306e-23, 8.88410023864e-24, 1.33977690674e-23, 7.22716653812e-24, 1.11714237326e-23, 1.10677587322e-23, 1.32648586266e-23, 1.2430498591e-23, 1.23502943139e-23, 9.9753544058e-24, 1.46380398484e-23, 1.27614233741e-23, 1.12868348719e-23, 1.06933046042e-23, 9.23010646458e-24, 8.83066753409e-24, 1.14705542658e-23, 1.45507697442e-23, 7.4005297661e-24, 1.35601103308e-23, 1.2604264138e-23, 8.41481635246e-24, 1.17877181593e-23, 1.27594031014e-23, 7.65469443887e-24, 1.1337394545e-23, 1.36946521359e-23, 9.92598512377e-24, 1.19091096532e-23, 9.7055158557e-24],
        "var": [1.41906696172e-06, 3.8674352254e-07, 1.56699286435e-07, 1.8972043847e-07, 4.61819524844e-07, 5.45017996956e-07, 2.04819329497e-07, 2.5714854246e-07, 1.27942757899e-06, 9.88930764834e-07, 8.24143967293e-07, 9.86536520031e-07, 1.90593780758e-07, 1.04110888799e-07, 3.70177630771e-08, 2.96601641026e-08, 3.10252730173e-08, 6.61972379135e-08, 1.97045348926e-08, 1.48975969338e-08, 4.29154134451e-09, 9.8276276006e-10, 6.77976230712e-10, 5.17700382563e-10, 2.67351918382e-10, 1.27794469451e-10, 3.56478423169e-11, 2.15173590751e-11, 1.66176898631e-11, 1.60098167362e-11, 6.74242476087e-12, 4.05349885602e-12, 7.35953051972e-12, 8.58960992611e-12, 1.35417337066e-11, 1.64163370397e-11, 1.82362666634e-11, 1.07519574841e-11, 3.61181765919e-12, 2.2464530236e-12]
    },
    "mfcc": {
        "mean": [-660.391052246, 107.457687378, -16.4519863129, 7.02796077728, 5.16387319565, 2.97759413719, -0.976250350475, 7.41561174393, 4.4273724556, 6.09889793396, 0.130382418633, -2.76135492325, -4.40882587433],
        "cov": [[3522.24755859, -162.791397095, 38.0545806885, 115.46887207, 146.518920898, 63.333568573, 132.43989563, -80.4458007812, -37.8027801514, 15.2686500549, -45.9997253418, 29.9559707642, 29.4233150482], [-162.791397095, 587.988037109, -114.302398682, -12.1619606018, 20.9137802124, -1.97424185276, -26.0739974976, -0.67131280899, 11.3861198425, 31.7990322113, 36.3255577087, 2.91338968277, -20.3504543304], [38.0545806885, -114.302398682, 906.489868164, 331.931121826, 231.824279785, 143.990234375, 7.09707593918, -37.8849105835, -38.7647628784, -53.3112373352, 18.1208171844, 66.2853927612, 65.3313980103], [115.46887207, -12.1619606018, 331.931121826, 399.334686279, 227.425704956, 88.4115524292, 12.7835979462, -20.682849884, -1.69769310951, -15.813624382, -13.332034111, 56.6837158203, 75.2083816528], [146.518920898, 20.9137802124, 231.824279785, 227.425704956, 304.172058105, 93.1329498291, 9.97121620178, -15.2920618057, 12.1421489716, 8.06593036652, -2.57426476479, 37.7462043762, 63.2974586487], [63.333568573, -1.97424185276, 143.990234375, 88.4115524292, 93.1329498291, 232.241516113, 143.912475586, 38.8912315369, 5.81645298004, 11.2152357101, 36.868724823, 16.5658855438, 20.7789230347], [132.43989563, -26.0739974976, 7.09707593918, 12.7835979462, 9.97121620178, 143.912475586, 222.751968384, 81.4378814697, 9.97655582428, 10.0452642441, 31.0238685608, 10.8064079285, 9.35197353363], [-80.4458007812, -0.67131280899, -37.8849105835, -20.682849884, -15.2920618057, 38.8912315369, 81.4378814697, 129.404785156, 53.8866729736, 26.3826351166, 15.9586582184, 5.04331016541, 5.40782117844], [-37.8027801514, 11.3861198425, -38.7647628784, -1.69769310951, 12.1421489716, 5.81645298004, 9.97655582428, 53.8866729736, 106.829231262, 52.6257247925, 10.8634681702, 3.74003577232, 3.45273017883], [15.2686500549, 31.7990322113, -53.3112373352, -15.813624382, 8.06593036652, 11.2152357101, 10.0452642441, 26.3826351166, 52.6257247925, 90.2826766968, 32.6934242249, 3.80945134163, -3.72037410736], [-45.9997253418, 36.3255577087, 18.1208171844, -13.332034111, -2.57426476479, 36.868724823, 31.0238685608, 15.9586582184, 10.8634681702, 32.6934242249, 83.7725372314, 31.2037334442, 3.67966365814], [29.9559707642, 2.91338968277, 66.2853927612, 56.6837158203, 37.7462043762, 16.5658855438, 10.8064079285, 5.04331016541, 3.74003577232, 3.80945134163, 31.2037334442, 85.3642807007, 38.7538719177], [29.4233150482, -20.3504543304, 65.3313980103, 75.2083816528, 63.2974586487, 20.7789230347, 9.35197353363, 5.40782117844, 3.45273017883, -3.72037410736, 3.67966365814, 38.7538719177, 82.8695068359]],
