{
"lowlevel": {
    "average_loudness": 0.872034192085,
    "barkbands_crest": {
        "dmean": 2.43341231346,
        "dmean2": 3.99238872528,
        "dvar": 5.51654577255,
        "dvar2": 14.7949361801,
        "max": 25.5380897522,
        "mean": 10.7136278152,
        "median": 9.75988483429,
        "min": 2.43603587151,
        "var": 20.0602302551
    },
    "barkbands_flatness_db": {
        "dmean": 0.0179846249521,
        "dmean2": 0.0280056577176,
        "dvar": 0.000293717137538,
        "dvar2": 0.000710301974323,
        "max": 0.37849855423,
        "mean": 0.145134910941,
        "median": 0.137378334999,
        "min": 0.0294710192829,
        "var": 0.00253254640847
    },
    "barkbands_kurtosis": {
        "dmean": 2.53950953484,
        "dmean2": 4.03691959381,
        "dvar": 29.1824550629,
        "dvar2": 74.3302764893,
        "max": 183.47277832,
        "mean": 4.54325532913,
        "median": 1.78868103027,
        "min": -1.95003592968,
        "var": 75.09790802
    },
    "barkbands_skewness": {
        "dmean": 0.470201402903,
        "dmean2": 0.718668222427,
        "dvar": 0.283458322287,
        "dvar2": 0.630113124847,
        "max": 12.0479917526,
        "mean": 1.4792984724,
        "median": 1.30428862572,
        "min": -3.36882615089,
        "var": 1.6103926897
    },
    "barkbands_spread": {
        "dmean": 5.53707361221,
        "dmean2": 8.38160419464,
        "dvar": 68.0614547729,
        "dvar2": 132.168670654,
        "max": 122.496528625,
        "mean": 23.4173927307,
        "median": 19.2543907166,
        "min": 1.04854810238,
        "var": 359.660797119
    },
    "dissonance": {
        "dmean": 0.0194321032614,
        "dmean2": 0.0324338003993,
        "dvar": 0.000414001289755,
        "dvar2": 0.00110225786921,
        "max": 0.500000059605,
        "mean": 0.463303565979,
        "median": 0.472221314907,
        "min": 0.118991807103,
        "var": 0.000998951378278
    },
    "dynamic_complexity": 3.50817704201,
    "erbbands_crest": {
        "dmean": 2.74239850044,
        "dmean2": 4.45450782776,
        "dvar": 6.68780374527,
        "dvar2": 16.5516872406,
        "max": 32.044342041,
        "mean": 9.44418907166,
        "median": 8.29781913757,
        "min": 2.24049806595,
        "var": 22.7503986359
    },
    "erbbands_flatness_db": {
        "dmean": 0.015964416787,
        "dmean2": 0.0236556474119,
        "dvar": 0.000236932901316,
        "dvar2": 0.000497966306284,
        "max": 0.390700519085,
        "mean": 0.157499223948,
        "median": 0.144794300199,
        "min": 0.0239448491484,
        "var": 0.00374263431877
    },
    "erbbands_kurtosis": {
        "dmean": 1.17514789104,
        "dmean2": 1.83682477474,
        "dvar": 3.60511684418,
        "dvar2": 8.26533508301,
        "max": 58.9225273132,
        "mean": 1.41449356079,
        "median": 0.360900998116,
        "min": -1.78739309311,
        "var": 12.2458076477
    },
    "erbbands_skewness": {
        "dmean": 0.358796209097,
        "dmean2": 0.54676502943,
        "dvar": 0.126353487372,
        "dvar2": 0.256109088659,
        "max": 6.44768714905,
        "mean": 0.481225132942,
        "median": 0.489557564259,
        "min": -4.74570274353,
        "var": 0.896580636501
    },
    "erbbands_spread": {
        "dmean": 7.60957098007,
        "dmean2": 11.3646326065,
        "dvar": 89.4440765381,
        "dvar2": 191.278289795,
        "max": 161.092178345,
        "mean": 36.2750701904,
        "median": 33.2886123657,
        "min": 2.64842414856,
        "var": 465.985839844
    },
    "hfc": {
        "dmean": 9.72636222839,
        "dmean2": 13.437538147,
        "dvar": 600.038757324,
        "dvar2": 1054.03283691,
        "max": 937.35168457,
        "mean": 27.4064235687,
        "median": 15.0406303406,
        "min": 1.03103444378e-16,
        "var": 2281.56420898
    },
    "melbands_crest": {
        "dmean": 2.98407149315,
        "dmean2": 4.87749576569,
        "dvar": 7.70362520218,
        "dvar2": 20.2030506134,
        "max": 33.7412986755,
        "mean": 14.7909269333,
        "median": 13.8948144913,
        "min": 1.46854841709,
        "var": 32.5650100708
    },
    "melbands_flatness_db": {
        "dmean": 0.0205486789346,
        "dmean2": 0.0312382467091,
        "dvar": 0.00042487407336,
        "dvar2": 0.000991081120446,
        "max": 0.500564098358,
        "mean": 0.197806462646,
        "median": 0.195288479328,
        "min": 0.00103987869807,
        "var": 0.00349662615918
    },
    "melbands_kurtosis": {
        "dmean": 6.24413490295,
        "dmean2": 9.9325094223,
        "dvar": 215.044555664,
        "dvar2": 523.463867188,
        "max": 478.07019043,
        "mean": 13.4387989044,
        "median": 6.49144363403,
        "min": -1.88315117359,
        "var": 488.068908691
    },
    "melbands_skewness": {
        "dmean": 0.647788226604,
        "dmean2": 0.996875286102,
        "dvar": 0.566741406918,
        "dvar2": 1.2888623476,
        "max": 17.8755378723,
        "mean": 2.49710583687,
        "median": 2.16715931892,
        "min": -1.50743639469,
        "var": 3.24897003174
    },
    "melbands_spread": {
        "dmean": 6.66049575806,
        "dmean2": 9.92322349548,
        "dvar": 177.106658936,
        "dvar2": 304.011383057,
        "max": 310.899078369,
        "mean": 24.9718990326,
        "median": 18.297618866,
        "min": 0.745954692364,
        "var": 803.971252441
    },
    "pitch_salience": {
        "dmean": 0.063080444932,
        "dmean2": 0.103331319988,
        "dvar": 0.00350029487163,
        "dvar2": 0.00905713997781,
        "max": 0.978997349739,
        "mean": 0.543856918812,
        "median": 0.550386250019,
        "min": 0.122792303562,
        "var": 0.015293800272
    },
    "silence_rate_20dB": {
        "dmean": 0,
        "dmean2": 0,
        "dvar": 0,
        "dvar2": 0,
        "max": 1,
        "mean": 1,
        "median": 1,
        "min": 1,
        "var": 0
    },
    "silence_rate_30dB": {
        "dmean": 0.0180313698947,
        "dmean2": 0.0360671952367,
        "dvar": 0.0177059099078,
        "dvar2": 0.0429216064513,
        "max": 1,
        "mean": 0.984564065933,
        "median": 1,
        "min": 0,
        "var": 0.0151967136189
    },
    "silence_rate_60dB": {
        "dmean": 0.0106212180108,
        "dmean2": 0.0212450586259,
        "dvar": 0.0105098504573,
        "dvar2": 0.023017603904,
        "max": 1,
        "mean": 0.0568041503429,
        "median": 0,
        "min": 0,
        "var": 0.0535842552781
    },
    "spectral_centroid": {
        "dmean": 216.660110474,
        "dmean2": 321.673736572,
        "dvar": 99296.2890625,
        "dvar2": 164586.421875,
        "max": 10694.0791016,
        "mean": 1327.89709473,
        "median": 1241.77709961,
        "min": 163.138809204,
        "var": 590054
    },
    "spectral_complexity": {
        "dmean": 2.90749669075,
        "dmean2": 4.45256900787,
        "dvar": 10.5718669891,
        "dvar2": 20.0833091736,
        "max": 60,
        "mean": 18.0626087189,
        "median": 18,
        "min": 0,
        "var": 83.8989639282
    },
    "spectral_decrease": {
        "dmean": 2.21170082249e-09,
        "dmean2": 3.46785822281e-09,
        "dvar": 1.62855600241e-17,
        "dvar2": 3.92763453552e-17,
        "max": -1.6668619131e-28,
        "mean": -6.80236889039e-09,
        "median": -5.06383690535e-09,
        "min": -5.73566758533e-08,
        "var": 3.87450671001e-17
    },
    "spectral_energy": {
        "dmean": 0.00904420018196,
        "dmean2": 0.0140397725627,
        "dvar": 0.000255559949437,
        "dvar2": 0.000607892055996,
        "max": 0.225944846869,
        "mean": 0.0281596053392,
        "median": 0.0212053786963,
        "min": 9.98091071287e-21,
        "var": 0.000633626477793
    },
    "spectral_energyband_high": {
        "dmean": 0.000692514237016,
        "dmean2": 0.000922722625546,
        "dvar": 6.08944219493e-06,
        "dvar2": 1.04855498648e-05,
        "max": 0.0943137332797,
        "mean": 0.00147484755144,
        "median": 0.000290861818939,
        "min": 6.99161407284e-21,
        "var": 2.3254804546e-05
    },
    "spectral_energyband_low": {
        "dmean": 0.00385458231904,
        "dmean2": 0.00644175708294,
        "dvar": 0.000126306069433,
        "dvar2": 0.000338371988619,
        "max": 0.163877934217,
        "mean": 0.00952967815101,
        "median": 0.00532661192119,
        "min": 1.36650133695e-22,
        "var": 0.000200691400096
    },
    "spectral_energyband_middle_high": {
        "dmean": 0.0024966232013,
        "dmean2": 0.00381663860753,
        "dvar": 2.33192004089e-05,
        "dvar2": 5.5087468354e-05,
        "max": 0.0830397084355,
        "mean": 0.00694318115711,
        "median": 0.00289126974531,
        "min": 1.83865023973e-21,
        "var": 9.26063439692e-05
    },
    "spectral_energyband_middle_low": {
        "dmean": 0.00478439312428,
        "dmean2": 0.00743421306834,
        "dvar": 7.87960743764e-05,
        "dvar2": 0.000183355048648,
        "max": 0.159946620464,
        "mean": 0.0109955566004,
        "median": 0.0071110134013,
        "min": 3.82771896225e-22,
        "var": 0.000170736195287
    },
    "spectral_entropy": {
        "dmean": 0.14705914259,
        "dmean2": 0.211037009954,
        "dvar": 0.0236645974219,
        "dvar2": 0.042806610465,
        "max": 9.80019569397,
        "mean": 7.6341381073,
        "median": 7.63078022003,
        "min": 5.81560087204,
        "var": 0.226015076041
    },
    "spectral_flux": {
        "dmean": 0.0213809870183,
        "dmean2": 0.0332554839551,
        "dvar": 0.000805583782494,
        "dvar2": 0.00168783217669,
        "max": 0.376123249531,
        "mean": 0.0791200250387,
        "median": 0.0699604898691,
        "min": 9.99045082772e-11,
        "var": 0.00243848003447
    },
    "spectral_kurtosis": {
        "dmean": 1.36090612411,
        "dmean2": 2.19516515732,
        "dvar": 2.23070931435,
        "dvar2": 6.14566230774,
        "max": 28.7706108093,
        "mean": 4.68899297714,
        "median": 4.27066516876,
        "min": -1.36722815037,
        "var": 10.1123533249
    },
    "spectral_rms": {
        "dmean": 0.000737554917578,
        "dmean2": 0.00111400603782,
        "dvar": 9.54342226578e-07,
        "dvar2": 2.09834661291e-06,
        "max": 0.0148470196873,
        "mean": 0.00478417472914,
        "median": 0.0045484257862,
        "min": 3.12049257961e-12,
        "var": 4.58441400042e-06
    },
    "spectral_rolloff": {
        "dmean": 480.954071045,
        "dmean2": 791.276977539,
        "dvar": 1348358,
        "dvar2": 2542587,
        "max": 18303.2226562,
        "mean": 1671.80285645,
        "median": 1119.7265625,
        "min": 43.06640625,
        "var": 4828551.5
    },
    "spectral_skewness": {
        "dmean": 0.194465756416,
        "dmean2": 0.296335548162,
        "dvar": 0.0383786745369,
        "dvar2": 0.0797334313393,
        "max": 4.24516582489,
        "mean": 1.67715597153,
        "median": 1.68476235867,
        "min": -0.484447002411,
        "var": 0.306512147188
    },
    "spectral_spread": {
        "dmean": 603826.3125,
        "dmean2": 818734.3125,
        "dvar": 859985346560,
        "dvar2": 1.26346408755e+12,
        "max": 40155304,
        "mean": 5156232.5,
        "median": 4530066,
        "min": 1782835.375,
        "var": 5.91815245824e+12
    },
    "spectral_strongpeak": {
        "dmean": 0.564886271954,
        "dmean2": 0.953413546085,
        "dvar": 1.42598617077,
        "dvar2": 3.70517301559,
        "max": 26.7097110748,
        "mean": 1.00178575516,
        "median": 0.408935695887,
        "min": 0,
        "var": 2.32418775558
    },
    "zerocrossingrate": {
        "dmean": 0.0113842440769,
        "dmean2": 0.0123469540849,
        "dvar": 0.000340497790603,
        "dvar2": 0.000266741262749,
        "max": 0.560546875,
        "mean": 0.068588681519,
        "median": 0.0546875,
        "min": 0.00439453125,
        "var": 0.0034648955334
    },
    "barkbands": {
        "dmean": [0.000190467384527, 0.00320638064295, 0.000786146731116, 0.000791997939814, 0.00185878609773, 0.000850657757837, 0.000679801800288, 0.00119059928693, 0.00105333875399, 0.00104621122591, 0.0008089664625, 0.000717620714568, 0.000411224260461, 0.000343877094565, 0.000376452866476, 0.000200739697902, 0.000143094206578, 0.000124023645185, 8.68432689458e-05, 6.18685153313e-05, 7.26650396246e-05, 9.48115775827e-05, 0.00012287030404, 0.000208891491638, 0.000201663890039, 6.56986303511e-05, 1.77970676418e-07],
        "dmean2": [0.000310457602609, 0.0054799085483, 0.00131435203366, 0.00131709105335, 0.00305233872496, 0.00134000263643, 0.00108977197669, 0.00186909397598, 0.00166569359135, 0.00165357184596, 0.00130899366923, 0.00112891267054, 0.000645649328362, 0.000541611225344, 0.000609901442658, 0.000312529649818, 0.000228821329074, 0.000197746165213, 0.000137220646138, 9.76715964498e-05, 0.000110551045509, 0.000143389741424, 0.000169971681316, 0.0002985719766, 0.00028115947498, 8.99695442058e-05, 3.046668553e-07],
        "dvar": [2.8682887887e-07, 0.000111573863251, 5.03075443703e-06, 4.44888928541e-06, 2.04391781153e-05, 5.82609118283e-06, 4.75645720144e-06, 1.43662118717e-05, 1.05519748104e-05, 6.52140897728e-06, 7.45000261304e-06, 6.78474179949e-06, 1.90482717244e-06, 7.69028815739e-07, 1.09413736027e-06, 3.73217915239e-07, 7.99138177854e-08, 6.49263043329e-08, 3.88556529174e-08, 3.67360613041e-08, 4.6602345094e-08, 1.07324723331e-07, 1.45571107169e-07, 1.07138941985e-06, 1.2955240436e-06, 5.98520770723e-08, 1.60218821717e-12],
        "dvar2": [6.46192063414e-07, 0.000316703313729, 1.32436998683e-05, 1.11546205517e-05, 5.38100321137e-05, 1.39702597153e-05, 1.12937204904e-05, 3.28616079059e-05, 2.27100990742e-05, 1.56867972692e-05, 1.93557680177e-05, 1.64606408362e-05, 4.11726796301e-06, 1.70564123891e-06, 2.7895769108e-06, 8.49434798056e-07, 1.88814397006e-07, 1.57490418928e-07, 8.99447130109e-08, 9.0150749088e-08, 1.04524289668e-07, 2.63419138946e-07, 2.86230942947e-07, 2.07432663046e-06, 2.39870064433e-06, 1.05002634143e-07, 4.37630921085e-12],
        "max": [0.0104930028319, 0.150707036257, 0.0455405414104, 0.0650978386402, 0.0890304148197, 0.118921130896, 0.104353487492, 0.0897709727287, 0.158502653241, 0.0757360160351, 0.0668819844723, 0.0770926550031, 0.0438819043338, 0.0246730670333, 0.0285099800676, 0.0169772859663, 0.00774725805968, 0.00552163319662, 0.00458816764876, 0.00440647266805, 0.00542606180534, 0.008565495722, 0.00959520787001, 0.0339608676732, 0.0586149357259, 0.00813521910459, 4.70470258733e-05],
        "mean": [0.00032092796755, 0.00745033891872, 0.00123736751266, 0.0011958242394, 0.00316084572114, 0.00143610255327, 0.00112518877722, 0.00177828012966, 0.00172234408092, 0.00169612176251, 0.00128468102776, 0.00121731858235, 0.000645100255497, 0.000599967665039, 0.000637083372567, 0.000371763686417, 0.000306903908495, 0.000264411908574, 0.000181282128324, 0.000112215850095, 0.000133657624247, 0.000168757294887, 0.000220398345846, 0.000384304061299, 0.000379798497306, 0.000128458646941, 1.4428358952e-07],
        "median": [6.95183989592e-05, 0.00358447758481, 0.000607824884355, 0.000448091333965, 0.00142609898467, 0.000623686297331, 0.000306323781842, 0.000315133773256, 0.000435416906839, 0.000347037508618, 0.00014184662723, 0.000235002313275, 0.000131173510454, 0.000161261821631, 0.000246383278864, 0.000149993487867, 0.000175560417119, 0.000150627136463, 9.96184680844e-05, 4.88697260153e-05, 4.78349538753e-05, 4.72559731861e-05, 4.48425598734e-05, 3.67842912965e-05, 2.78149927908e-05, 1.27188905026e-05, 3.27293570024e-09],
        "min": [2.12942825059e-23, 9.60453298236e-23, 1.78716296083e-23, 4.48105021918e-24, 3.88560443951e-23, 4.29835602888e-23, 7.58419709522e-23, 2.70539721228e-23, 1.71418010579e-22, 7.81411407703e-23, 9.3279242702e-23, 1.00121058577e-22, 1.36260827683e-22, 1.97474023169e-22, 1.54792508255e-22, 9.75529439877e-23, 2.14715013704e-22, 4.39496195481e-22, 2.28747347217e-22, 3.03167677222e-22, 3.95337226133e-22, 3.70761545741e-22, 7.90759169616e-22, 7.56991934392e-22, 8.66600029852e-22, 1.44613425787e-21, 2.31053274733e-21],
        "var": [4.40033915083e-07, 0.000162436117535, 5.89622231928e-06, 6.7589653554e-06, 2.90431707981e-05, 8.34785532788e-06, 1.02645308289e-05, 2.90859716188e-05, 2.97735750792e-05, 1.30102243929e-05, 1.61450589076e-05, 1.68472561199e-05, 3.32814488502e-06, 1.73943635673e-06, 1.81028565294e-06, 8.27259782454e-07, 2.10565673342e-07, 1.30158085199e-07, 6.89918309149e-08, 5.16336058354e-08, 7.81823601415e-08, 1.60239309821e-07, 4.04829762601e-07, 3.39064354193e-06, 4.06899289374e-06, 2.07232517369e-07, 1.37902373982e-12]
    },
    "erbbands": {
        "dmean": [0.107379056513, 0.68401914835, 0.929288208485, 1.70816409588, 5.27537727356, 6.40907764435, 6.16215372086, 7.2593588829, 8.05496788025, 13.9020462036, 28.9025192261, 23.3423633575, 28.9549827576, 30.9510307312, 32.5538330078, 26.9833030701, 15.9709625244, 19.242357254, 20.6046638489, 12.8819379807, 8.93564605713, 7.22003221512, 7.09227705002, 4.72145843506, 3.84032201767, 2.90283036232, 3.10838365555, 3.13905310631, 3.34258794785, 2.92375516891, 3.76087832451, 4.11039543152, 3.76286268234, 2.67622590065, 1.25533258915, 0.411037862301, 0.106832757592, 0.00905445218086, 0.000179715396371, 2.00065223908e-05],
        "dmean2": [0.184616789222, 1.165974617, 1.5233143568, 2.85734009743, 8.7429485321, 10.4339742661, 9.54112815857, 11.6906080246, 12.8785104752, 21.6346321106, 45.3858757019, 36.5454864502, 45.5160140991, 49.4025268555, 52.3036804199, 42.3986282349, 25.0535087585, 29.249464035, 33.1648979187, 19.9570465088, 13.7309341431, 11.3960552216, 11.2295999527, 7.44918775558, 5.95721244812, 4.59518718719, 4.7821393013, 4.86971664429, 5.08047533035, 4.1446480751, 5.2203578949, 6.01067781448, 5.48910427094, 3.75682759285, 1.78103804588, 0.564023971558, 0.151395887136, 0.0129718119279, 0.000249522301601, 2.83834178845e-05],
        "dvar": [0.123814687133, 5.02015447617, 7.06387710571, 19.2289638519, 202.829040527, 257.814056396, 199.963394165, 563.483093262, 518.336791992, 2182.41381836, 9251.56152344, 6408.77978516, 6446.21728516, 5519.59765625, 10450.9541016, 12381.5644531, 2124.93505859, 2890.67236328, 3500.15966797, 1075.61035156, 698.842285156, 204.138717651, 222.601547241, 115.073196411, 76.6168441772, 76.9489364624, 100.364555359, 120.003509521, 133.075332642, 62.3025817871, 147.919631958, 380.966644287, 412.425170898, 250.945022583, 41.6031799316, 2.51382279396, 0.165694966912, 0.00111340521835, 4.35689912592e-07, 2.53767029612e-09],
        "dvar2": [0.356746345758, 14.1111383438, 18.3770122528, 50.3043746948, 535.895019531, 644.602905273, 434.174041748, 1410.80541992, 1210.99108887, 4980.42578125, 21688.7089844, 13340.484375, 15521.4648438, 13546.7626953, 25456.5996094, 31294.328125, 4900.90527344, 5770.52148438, 9083.89355469, 2441.19750977, 1465.30456543, 470.338928223, 536.535949707, 272.585449219, 179.33706665, 194.854751587, 235.498657227, 297.124267578, 326.470794678, 120.500495911, 286.196807861, 792.346496582, 837.345458984, 471.870849609, 80.4201431274, 4.48493909836, 0.305698812008, 0.00210768659599, 7.83835446327e-07, 4.566848677e-09],
        "max": [4.96112537384, 32.9069786072, 55.8406143188, 118.968475342, 291.036346436, 498.804870605, 552.248046875, 1197.91101074, 604.463806152, 1563.32385254, 1951.50744629, 4439.55126953, 2927.0390625, 1478.50524902, 2587.29736328, 3889.70703125, 1423.4206543, 1538.62609863, 1750.21679688, 937.204528809, 1058.375, 365.299591064, 326.657165527, 255.808654785, 174.848312378, 171.002258301, 291.978057861, 257.738220215, 257.683685303, 260.437591553, 335.140930176, 574.315612793, 643.391601562, 794.670166016, 323.381347656, 55.4354057312, 12.1541166306, 1.1212502718, 0.0215745791793, 0.00192801374942],
        "mean": [0.258594125509, 1.48465132713, 1.69725823402, 2.84817242622, 7.99336004257, 10.5468635559, 10.9935693741, 11.4031047821, 14.1833620071, 21.3364639282, 45.4786453247, 39.7716178894, 50.6452674866, 52.3659858704, 57.3350105286, 47.2781066895, 28.6420078278, 36.109577179, 36.1044692993, 24.7305870056, 19.1530857086, 16.5757961273, 15.8523349762, 10.4931497574, 7.9365272522, 5.41537714005, 5.49327611923, 5.48393058777, 5.82161712646, 5.57576990128, 6.7521853447, 7.43007802963, 6.70670843124, 4.77861404419, 2.34380841255, 0.789466500282, 0.201163962483, 0.0168889891356, 0.000359259574907, 5.55640799575e-05],
        "median": [0.10181927681, 0.724366307259, 0.995828151703, 1.32762277126, 3.15477800369, 4.20795631409, 4.30728244781, 4.92422199249, 5.17268657684, 5.05604553223, 9.50752830505, 11.2483549118, 11.5414810181, 10.8092918396, 8.74357414246, 9.22253036499, 6.42824554443, 9.43777656555, 12.6723737717, 11.2297286987, 8.89911460876, 10.1167144775, 9.31359863281, 6.14667892456, 4.30284547806, 2.4565308094, 2.03491830826, 1.80828881264, 1.67929923534, 1.46416950226, 1.30099797249, 0.9378439188, 0.49331176281, 0.330007493496, 0.187070786953, 0.0711360275745, 0.0198863185942, 0.00164593430236, 5.03982118971e-05, 3.11552757921e-05],
        "min": [2.83415685628e-21, 2.05054632651e-20, 3.25407392294e-20, 1.28425646602e-20, 6.6030099525e-20, 1.64683233057e-19, 1.57436536355e-19, 3.66412111738e-19, 1.097082512e-18, 7.13577436683e-19, 1.40052782605e-18, 4.04477381545e-18, 2.30200745558e-18, 3.24318182835e-18, 3.8838152216e-18, 3.383046903e-18, 6.31767340566e-18, 1.00330581109e-17, 7.46533976988e-18, 8.82442977635e-18, 6.64375751571e-18, 1.14140187728e-17, 2.42063222782e-17, 1.32989888537e-17, 1.2478366129e-17, 1.24903023453e-17, 1.7164169764e-17, 1.3599795565e-17, 1.62634213622e-17, 2.067930521e-17, 1.83235080603e-17, 1.3207177596e-17, 1.46950571423e-17, 8.91669515623e-18, 7.19865095013e-18, 4.11819602098e-18, 2.40876276505e-18, 1.59929074525e-18, 3.11288924965e-19, 3.25728667951e-20],
        "var": [0.21230264008, 6.72594499588, 8.42689704895, 27.6221027374, 252.494171143, 458.6953125, 456.341369629, 657.329040527, 1154.91027832, 4034.01098633, 19902.5234375, 18904.1835938, 13750.3154297, 11566.9326172, 25412.2207031, 28974.8203125, 4214.75048828, 7319.95751953, 6002.29150391, 2089.28491211, 2287.00561523, 566.450622559, 472.597869873, 205.81388855, 139.511184692, 108.778434753, 149.659881592, 158.081665039, 191.376861572, 167.026596069, 420.792266846, 1057.85986328, 1176.40637207, 749.333007812, 126.478233337, 8.48073291779, 0.529753506184, 0.00367007241584, 1.54340887093e-06, 9.33627308797e-09]
    },
    "gfcc": {
        "mean": [-1.72790813446, 81.3450241089, -117.508033752, 23.30327034, -60.3276481628, 23.9808158875, -41.3746147156, 14.987912178, -23.6014499664, 1.80016970634, -19.1016578674, 3.19474005699, -10.8024311066],
        "cov": [[5913.78369141, -639.756164551, 1076.02709961, 516.360046387, 163.063461304, 454.083099365, -12.1336536407, 517.263916016, 128.690536499, 475.990447998, 29.6620311737, 356.796600342, -37.6259155273], [-639.756164551, 1376.94506836, 163.064987183, 159.626373291, 193.083221436, -200.181945801, 56.0894393921, -82.9652175903, 87.438835144, -49.3444709778, 78.7787780762, -39.1370010376, 13.7295722961], [1076.02709961, 163.064987183, 2207.70092773, 821.812255859, 233.923233032, 246.856658936, -268.462921143, 201.968948364, 52.0686340332, 277.310882568, -9.75933265686, 195.044921875, -44.4029083252], [516.360046387, 159.626373291, 821.812255859, 778.482727051, 172.69329834, 51.5462989807, -146.717422485, 39.107749939, 76.0187606812, 106.116012573, 5.34787940979, 64.1927947998, 35.2748146057], [163.063461304, 193.083221436, 233.923233032, 172.69329834, 238.273147583, 57.4405555725, 15.6592102051, 63.791469574, 43.4465560913, 56.683921814, 15.9408931732, 50.3535346985, 10.5231981277], [454.083099365, -200.181945801, 246.856658936, 51.5462989807, 57.4405555725, 259.096343994, 90.1683731079, 89.7722549438, -3.07666182518, 66.2123565674, 21.8534355164, 55.9131774902, -2.52476882935], [-12.1336536407, 56.0894393921, -268.462921143, -146.717422485, 15.6592102051, 90.1683731079, 242.289306641, 56.8620910645, 10.022901535, -5.35419416428, 42.5029602051, 10.2609891891, 6.80026197433], [517.263916016, -82.9652175903, 201.968948364, 39.107749939, 63.791469574, 89.7722549438, 56.8620910645, 200.628463745, 78.1953582764, 88.4087142944, 29.2849140167, 69.1978225708, 10.2758722305], [128.690536499, 87.438835144, 52.0686340332, 76.0187606812, 43.4465560913, -3.07666182518, 10.022901535, 78.1953582764, 133.541931152, 52.8735847473, 29.7042121887, 19.0956325531, 22.6521434784], [475.990447998, -49.3444709778, 277.310882568, 106.116012573, 56.683921814, 66.2123565674, -5.35419416428, 88.4087142944, 52.8735847473, 142.924423218, 30.4295597076, 64.9468917847, -3.42002940178], [29.6620311737, 78.7787780762, -9.75933265686, 5.34787940979, 15.9408931732, 21.8534355164, 42.5029602051, 29.2849140167, 29.7042121887, 30.4295597076, 82.3673248291, 36.4059524536, 17.0166721344], [356.796600342, -39.1370010376, 195.044921875, 64.1927947998, 50.3535346985, 55.9131774902, 10.2609891891, 69.1978225708, 19.0956325531, 64.9468917847, 36.4059524536, 114.677993774, 23.4724521637], [-37.6259155273, 13.7295722961, -44.4029083252, 35.2748146057, 10.5231981277, -2.52476882935, 6.80026197433, 10.2758722305, 22.6521434784, -3.42002940178, 17.0166721344, 23.4724521637, 68.0319366455]],
        "icov": [[0.00032537736115, -0.000132952613058, 0.000254216749454, -0.000287892180495, 0.000355266529368, -0.000508185359649, 0.00038005123497, -0.000731185951736, 0.000290571828373, -0.000723698467482, 0.000581571890507, -0.000756037596148, 0.000502871756908], [-0.000132952613058, 0.0020024406258, -0.00113202969078, 0.000433809094829, -0.00203794124536, 0.00280591589399, -0.0023730697576, 0.00204724725336, -0.00147623463999, 0.00152776727919, -0.00251054111868, 0.00154941820074, -0.000432378903497], [0.000254216749454, -0.00113202969078, 0.00211049709469, -0.00141715782229, 0.00121351156849, -0.00264987908304, 0.00280534802005, -0.00231464789249, 0.00146885367576, -0.00187195267063, 0.00193372007925, -0.00227265269496, 0.00198174011894], [-0.000287892180495, 0.000433809094829, -0.00141715782229, 0.00315267057158, -0.00179464707617, 0.000856232480146, -0.000213736973819, 0.00210581510328, -0.00166639382951, 0.000565142720006, -0.000996497226879, 0.00159622274805, -0.00251194415614], [0.000355266529368, -0.00203794124536, 0.00121351156849, -0.00179464707617, 0.0079782018438, -0.0032881423831, 0.00157267891336, -0.00290470686741, 0.000836821098346, -0.0021572757978, 0.00337448692881, -0.00338077777997, 0.00119107612409], [-0.000508185359649, 0.00280591589399, -0.00264987908304, 0.000856232480146, -0.0032881423831, 0.011025368236, -0.00687795970589, 0.00215187575668, -7.0370983849e-06, 0.00127401261125, -0.00371092115529, 0.00275654741563, -0.00169702304993], [0.00038005123497, -0.0023730697576, 0.00280534802005, -0.000213736973819, 0.00157267891336, -0.00687795970589, 0.0112139116973, -0.00507894344628, 0.00205813068897, -0.00107249780558, 0.000241146772169, -0.0020788917318, 0.00169638637453], [-0.000731185951736, 0.00204724725336, -0.00231464789249, 0.00210581510328, -0.00290470686741, 0.00215187575668, -0.00507894344628, 0.014117131941, -0.00735171418637, 0.000472106476082, -0.001570070046, -0.000336665165378, -0.00153516395949], [0.000290571828373, -0.00147623463999, 0.00146885367576, -0.00166639382951, 0.000836821098346, -7.0370983849e-06, 0.00205813068897, -0.00735171418637, 0.0147963827476, -0.0051378281787, -0.000870960473549, 0.00218227365986, -0.00266365939751], [-0.000723698467482, 0.00152776727919, -0.00187195267063, 0.000565142720006, -0.0021572757978, 0.00127401261125, -0.00107249780558, 0.000472106476082, -0.0051378281787, 0.0170144364238, -0.0051347585395, -0.00192713283468, 0.00270876986906], [0.000581571890507, -0.00251054111868, 0.00193372007925, -0.000996497226879, 0.00337448692881, -0.00371092115529, 0.000241146772169, -0.001570070046, -0.000870960473549, -0.0051347585395, 0.0210942551494, -0.00769997714087, -0.000427289603977], [-0.000756037596148, 0.00154941820074, -0.00227265269496, 0.00159622274805, -0.00338077777997, 0.00275654741563, -0.0020788917318, -0.000336665165378, 0.00218227365986, -0.00192713283468, -0.00769997714087, 0.0198961030692, -0.00791998486966], [0.000502871756908, -0.000432378903497, 0.00198174011894, -0.00251194415614, 0.00119107612409, -0.00169702304993, 0.00169638637453, -0.00153516395949, -0.00266365939751, 0.00270876986906, -0.000427289603977, -0.00791998486966, 0.0213378574699]]
    },
    "melbands": {
        "dmean": [0.000925128988456, 0.000601429317612, 0.000377484451747, 0.000446934340289, 0.00021437399846, 0.000159745861311, 0.000128420695546, 0.000165856108651, 0.000234244886087, 0.000148633873323, 0.000148274950334, 0.00013057848264, 0.00011725933291, 9.18047153391e-05, 3.88408952858e-05, 4.52022941317e-05, 3.55697666237e-05, 3.43685824191e-05, 2.30146088143e-05, 1.62280884979e-05, 1.04794853542e-05, 7.84177154856e-06, 8.80472089193e-06, 6.06435241934e-06, 4.04447200708e-06, 3.46593992617e-06, 2.22193784793e-06, 2.01138641387e-06, 2.19583330363e-06, 1.70353632711e-06, 2.11999622479e-06, 2.13712564801e-06, 1.73118337443e-06, 1.71230556134e-06, 2.26694623962e-06, 2.47314619628e-06, 2.74350531981e-06, 2.61445552496e-06, 2.89467448056e-06, 2.23309962166e-06],
        "dmean2": [0.00158877589274, 0.000990999047644, 0.00062611856265, 0.000740037648939, 0.00033351033926, 0.000255430844845, 0.000204113326618, 0.000257001171121, 0.000367602508049, 0.000233879472944, 0.000233407539781, 0.000208485318581, 0.000189158352441, 0.00014453624317, 6.17531841272e-05, 6.97767900419e-05, 5.45940420125e-05, 5.55053302378e-05, 3.64436673408e-05, 2.54383430729e-05, 1.6318359485e-05, 1.25499682326e-05, 1.40476686283e-05, 9.71934787231e-06, 6.49476123726e-06, 5.50424783796e-06, 3.45543662661e-06, 3.26554754793e-06, 3.50435789187e-06, 2.61141826741e-06, 3.40628434969e-06, 3.35776690008e-06, 2.58997852143e-06, 2.48321498475e-06, 3.21895777233e-06, 3.56325563189e-06, 4.12524650528e-06, 3.84232544093e-06, 4.29033343607e-06, 3.21213065035e-06],
        "dvar": [9.48330944084e-06, 3.0139278806e-06, 8.24444953196e-07, 1.3946407762e-06, 1.99399138978e-07, 2.47366813255e-07, 1.37430106406e-07, 2.79256170188e-07, 6.25848713298e-07, 2.51471561796e-07, 1.63933449926e-07, 9.86315669138e-08, 1.65476535585e-07, 1.03604655521e-07, 1.94613196669e-08, 2.58679282439e-08, 9.5925187793e-09, 9.18757692148e-09, 4.27044621887e-09, 2.40241226912e-09, 9.48305101112e-10, 2.37760949817e-10, 3.02913333305e-10, 1.50498669083e-10, 8.68054655934e-11, 5.75002302716e-11, 3.43611736286e-11, 3.97646048034e-11, 5.25410340235e-11, 2.27554450977e-11, 7.13934258934e-11, 6.29892735193e-11, 2.55883023104e-11, 2.22781151166e-11, 5.22467451247e-11, 1.03208511182e-10, 2.02716024522e-10, 1.83344478488e-10, 3.07172537406e-10, 1.81212836403e-10],
        "dvar2": [2.70463278866e-05, 7.83933046478e-06, 2.09357312997e-06, 3.70386237591e-06, 4.4302711899e-07, 6.10455515471e-07, 3.21612930065e-07, 6.26681583071e-07, 1.47962782648e-06, 5.06734807004e-07, 3.97578475031e-07, 2.40431035081e-07, 4.25314055974e-07, 2.47912453233e-07, 4.86241731323e-08, 5.52021575118e-08, 1.93687359484e-08, 2.39005792935e-08, 1.03781943039e-08, 5.59149127e-09, 1.9600112644e-09, 5.57443813332e-10, 7.07341574202e-10, 3.6782973889e-10, 2.10559014668e-10, 1.37231351283e-10, 8.05881056332e-11, 1.05215627877e-10, 1.27921784276e-10, 4.99741359405e-11, 1.91208882061e-10, 1.63097729766e-10, 5.36315748756e-11, 4.48189090008e-11, 1.11681677795e-10, 2.0344895213e-10, 4.56592957887e-10, 3.78397257972e-10, 6.54466758565e-10, 3.54818618931e-10],
        "max": [0.0428055301309, 0.0271011963487, 0.0217042248696, 0.0239868629724, 0.014502200298, 0.0250723194331, 0.0142538119107, 0.0142854517326, 0.017018077895, 0.0305621065199, 0.014125850983, 0.00695637566969, 0.0104389963672, 0.00971177127212, 0.0052659525536, 0.00528475502506, 0.00276247481816, 0.00262558809482, 0.00138378737029, 0.00152365851682, 0.00127129571047, 0.000396718853153, 0.000403380196076, 0.000359893921996, 0.000229854456848, 0.000174569853698, 0.000125245220261, 0.000133815017762, 0.000223616007133, 9.74298236542e-05, 0.000222386603127, 0.000162045034813, 0.000233412385569, 0.000122850557091, 0.000189019498066, 0.000364097300917, 0.00050866411766, 0.000507879129145, 0.000597193196882, 0.000685676641297],
        "mean": [0.00220933160745, 0.00126635550987, 0.000627910310868, 0.000720127660315, 0.00039064741577, 0.000256800791249, 0.000225064373808, 0.000248135562288, 0.000368002481991, 0.0002477413218, 0.000251726101851, 0.000209564750548, 0.000193027968635, 0.000157221293193, 6.59192737658e-05, 7.3005881859e-05, 6.32524170214e-05, 5.65112604818e-05, 3.96563555114e-05, 2.88228020509e-05, 2.08908586501e-05, 1.62676296895e-05, 1.77065194293e-05, 1.2133636119e-05, 7.97443044576e-06, 6.83931284584e-06, 4.10846223531e-06, 3.38907761943e-06, 3.54944404535e-06, 3.0211720059e-06, 3.246738288e-06, 3.38875156558e-06, 3.09065922011e-06, 3.06656124849e-06, 3.8100972688e-06, 4.21678623752e-06, 4.61888521386e-06, 4.51093410447e-06, 4.81343386127e-06, 3.77845844923e-06],
        "median": [0.000989143154584, 0.000719895237125, 0.000299080827972, 0.00028787786141, 0.000163726654137, 0.000111102446681, 7.71988270571e-05, 5.6501259678e-05, 7.448472752e-05, 6.21193976258e-05, 5.26704388903e-05, 4.05714527005e-05, 2.52386616921e-05, 2.8481352274e-05, 1.40915626616e-05, 1.47298887896e-05, 1.62808282766e-05, 1.85832250281e-05, 1.55891357281e-05, 1.25022670545e-05, 9.00443774299e-06, 9.58443524723e-06, 9.59436511039e-06, 6.80634138917e-06, 4.40994153905e-06, 3.67343864127e-06, 1.96378550754e-06, 1.41292707667e-06, 1.23989593703e-06, 1.02193757812e-06, 9.85170117929e-07, 9.34483523451e-07, 8.385997603e-07, 7.50886727019e-07, 7.57643078941e-07, 6.24271820016e-07, 5.27170016085e-07, 3.29209171923e-07, 2.82605981283e-07, 2.70366626864e-07],
        "min": [2.78725920168e-23, 2.17361550533e-23, 3.08976049812e-24, 9.42254829355e-24, 5.27184817236e-24, 9.27281302741e-24, 1.68787755839e-23, 6.45159557257e-24, 1.56892632689e-23, 2.47915348238e-23, 1.15022814626e-23, 1.27461384052e-23, 1.41410180351e-23, 7.50431940654e-24, 9.60619590115e-24, 1.79755509885e-23, 1.9509976957e-23, 1.20223348589e-23, 1.27025727729e-23, 9.03774904373e-24, 8.29271015066e-24, 9.79967587107e-24, 2.22045112391e-23, 1.89867728502e-23, 9.49023887011e-24, 1.05120220016e-23, 7.58862733806e-24, 8.80304951379e-24, 9.59179524532e-24, 1.30146990007e-23, 6.21724511358e-24, 8.55034738914e-24, 8.47651316385e-24, 1.38984717057e-23, 1.09292702559e-23, 8.84319701184e-24, 7.86034889914e-24, 1.00135368513e-23, 8.43718371456e-24, 7.66627570582e-24],
        "var": [1.47501223182e-05, 3.98538259105e-06, 1.25006681628e-06, 1.870023425e-06, 4.61522603246e-07, 3.090565599e-07, 3.185964772e-07, 4.99002680954e-07, 1.32871480218e-06, 7.94840559593e-07, 3.43432105865e-07, 2.02885260592e-07, 3.55982763267e-07, 2.67471506277e-07, 3.96241901512e-08, 4.61775044869e-08, 2.33894308366e-08, 1.55201487217e-08, 7.03518709955e-09, 3.90428711583e-09, 3.55054918799e-09, 5.67345281866e-10, 7.04308167343e-10, 2.95166169284e-10, 1.38537833982e-10, 1.02787486855e-10, 5.41237436813e-11, 4.93932499068e-11, 6.9559448479e-11, 4.06299438538e-11, 7.24303464428e-11, 7.4902722913e-11, 5.36157472586e-11, 5.53610941811e-11, 1.21461146696e-10, 2.70372446654e-10, 4.78059869469e-10, 5.33163235783e-10, 7.36673111401e-10, 4.99616514826e-10]
    },
    "mfcc": {
        "mean": [-644.474914551, 114.751251221, -0.086631976068, 6.88183307648, 5.38037824631, 4.4230465889, -2.35149312019, 8.85688591003, 0.682473242283, 2.4791572094, 0.108466900885, -3.11164045334, -4.46683645248],
        "cov": [[4885.1484375, -651.909790039, 400.655944824, 162.896697998, 217.979492188, 106.282905579, 123.402061462, 160.925994873, 193.944793701, 188.621276855, 216.790313721, 210.147262573, 195.476455688], [-651.909790039, 1166.56518555, -3.78043174744, 170.716827393, 34.3534812927, -17.9707050323, -5.57795333862, 24.6968231201, -49.2201385498, 24.2572822571, 42.9979476929, -9.39466094971, 2.50274372101], [400.655944824, -3.78043174744, 1730.20935059, 609.723632812, 617.235900879, 188.099945068, 18.7372360229, -9.0643196106, 62.5692901611, 49.6526412964, 63.0783538818, 106.935943604, 133.856506348], [162.896697998, 170.716827393, 609.723632812, 652.18145752, 364.213134766, 96.9255905151, -65.0538024902, -26.85987854, 38.2593193054, 16.9016551971, -1.15210974216, 53.440662384, 71.4255828857], [217.979492188, 34.3534812927, 617.235900879, 364.213134766, 440.986175537, 90.0823516846, -23.76222229, -2.03289055824, 53.7188034058, 33.7667236328, 26.8411216736, 46.6487388611, 69.8888626099], [106.282905579, -17.9707050323, 188.099945068, 96.9255905151, 90.0823516846, 170.99949646, 72.9418640137, 21.3293876648, 9.20835876465, 14.1671209335, 6.20178174973, 22.8043403625, 10.7553243637], [123.402061462, -5.57795333862, 18.7372360229, -65.0538024902, -23.76222229, 72.9418640137, 174.190109253, 76.9520568848, 19.8217735291, 23.2486248016, 25.9229602814, 29.8734359741, 12.1723155975], [160.925994873, 24.6968231201, -9.0643196106, -26.85987854, -2.03289055824, 21.3293876648, 76.9520568848, 128.370681763, 48.4769439697, 32.7952880859, 30.5393638611, 33.5189933777, 26.6947517395], [193.944793701, -49.2201385498, 62.5692901611, 38.2593193054, 53.7188034058, 9.20835876465, 19.8217735291, 48.4769439697, 99.9285964966, 51.3809661865, 28.0721206665, 28.89128685, 27.38904953], [188.621276855, 24.2572822571, 49.6526412964, 16.9016551971, 33.7667236328, 14.1671209335, 23.2486248016, 32.7952880859, 51.3809661865, 99.3933792114, 48.0024604797, 24.2323818207, 17.6668338776], [216.790313721, 42.9979476929, 63.0783538818, -1.15210974216, 26.8411216736, 6.20178174973, 25.9229602814, 30.5393638611, 28.0721206665, 48.0024604797, 106.541595459, 50.0799064636, 26.6022129059], [210.147262573, -9.39466094971, 106.935943604, 53.440662384, 46.6487388611, 22.8043403625, 29.8734359741, 33.5189933777, 28.89128685, 24.2323818207, 50.0799064636, 94.4534378052, 54.3144493103], [195.476455688, 2.50274372101, 133.856506348, 71.4255828857, 69.8888626099, 10.7553243637, 12.1723155975, 26.6947517395, 27.38904953, 17.6668338776, 26.6022129059, 54.3144493103, 89.129699707]],
