{
"lowlevel": {
    "average_loudness": 0.796332597733,
    "barkbands_crest": {
        "dmean": 2.49607801437,
        "dmean2": 4.00858354568,
        "dvar": 5.01791620255,
        "dvar2": 12.1159439087,
        "max": 24.9849643707,
        "mean": 9.00975513458,
        "median": 8.11532402039,
        "min": 2.57698512077,
        "var": 14.8561544418
    },
    "barkbands_flatness_db": {
        "dmean": 0.0188665539026,
        "dmean2": 0.0280851293355,
        "dvar": 0.000286302907625,
        "dvar2": 0.000591310323216,
        "max": 0.317001879215,
        "mean": 0.147921964526,
        "median": 0.142866164446,
        "min": 0.0351863354445,
        "var": 0.0015073644463
    },
    "barkbands_kurtosis": {
        "dmean": 1.68347704411,
        "dmean2": 2.63540172577,
        "dvar": 6.84350776672,
        "dvar2": 15.6330213547,
        "max": 53.313835144,
        "mean": 1.96624875069,
        "median": 0.7721824646,
        "min": -1.84982836246,
        "var": 18.5190505981
    },
    "barkbands_skewness": {
        "dmean": 0.448274672031,
        "dmean2": 0.686557233334,
        "dvar": 0.168672814965,
        "dvar2": 0.383849143982,
        "max": 6.29865026474,
        "mean": 1.10760438442,
        "median": 0.986010909081,
        "min": -1.94966232777,
        "var": 0.836766242981
    },
    "barkbands_spread": {
        "dmean": 4.69543266296,
        "dmean2": 7.07554340363,
        "dvar": 25.3964347839,
        "dvar2": 53.8234100342,
        "max": 88.6664886475,
        "mean": 19.8970031738,
        "median": 18.6606674194,
        "min": 1.69192528725,
        "var": 89.2415542603
    },
    "dissonance": {
        "dmean": 0.0192539971322,
        "dmean2": 0.0324651151896,
        "dvar": 0.000296973768855,
        "dvar2": 0.000797586049885,
        "max": 0.500000178814,
        "mean": 0.464358121157,
        "median": 0.469158649445,
        "min": 0.303169757128,
        "var": 0.000557506748009
    },
    "dynamic_complexity": 3.69424271584,
    "erbbands_crest": {
        "dmean": 2.97233319283,
        "dmean2": 4.87565994263,
        "dvar": 7.42097711563,
        "dvar2": 17.9970989227,
        "max": 29.1416683197,
        "mean": 9.3718662262,
        "median": 8.50505161285,
        "min": 2.73545026779,
        "var": 16.4976711273
    },
    "erbbands_flatness_db": {
        "dmean": 0.0182655807585,
        "dmean2": 0.025830058381,
        "dvar": 0.000262484711129,
        "dvar2": 0.000489077589009,
        "max": 0.359627872705,
        "mean": 0.204656660557,
        "median": 0.202292963862,
        "min": 0.0767335817218,
        "var": 0.00142670830246
    },
    "erbbands_kurtosis": {
        "dmean": 0.801076114178,
        "dmean2": 1.26719474792,
        "dvar": 1.03910756111,
        "dvar2": 2.50261759758,
        "max": 14.4997520447,
        "mean": 0.217243745923,
        "median": -0.241060972214,
        "min": -1.85892939568,
        "var": 2.66760659218
    },
    "erbbands_skewness": {
        "dmean": 0.351452678442,
        "dmean2": 0.546980381012,
        "dvar": 0.102058589458,
        "dvar2": 0.231241300702,
        "max": 3.41376280785,
        "mean": 0.371922940016,
        "median": 0.361984878778,
        "min": -3.11547017097,
        "var": 0.354884088039
    },
    "erbbands_spread": {
        "dmean": 6.92543077469,
        "dmean2": 10.4820327759,
        "dvar": 45.7765960693,
        "dvar2": 101.774803162,
        "max": 119.944602966,
        "mean": 33.3584709167,
        "median": 32.3821144104,
        "min": 3.49876070023,
        "var": 194.660430908
    },
    "hfc": {
        "dmean": 5.40085172653,
        "dmean2": 7.26869773865,
        "dvar": 56.8807563782,
        "dvar2": 97.255821228,
        "max": 145.833450317,
        "mean": 18.1226005554,
        "median": 11.888048172,
        "min": 1.16400551396e-16,
        "var": 328.562255859
    },
    "melbands_crest": {
        "dmean": 3.12121748924,
        "dmean2": 5.07863903046,
        "dvar": 7.69268035889,
        "dvar2": 19.0916824341,
        "max": 33.7141799927,
        "mean": 11.5703754425,
        "median": 10.5311336517,
        "min": 1.02476513386,
        "var": 22.4235668182
    },
    "melbands_flatness_db": {
        "dmean": 0.0213166307658,
        "dmean2": 0.0315477997065,
        "dvar": 0.000389368797187,
        "dvar2": 0.000809303892311,
        "max": 0.406433463097,
        "mean": 0.168310433626,
        "median": 0.162051156163,
        "min": 1.15719531095e-05,
        "var": 0.00248100748286
    },
    "melbands_kurtosis": {
        "dmean": 3.61104536057,
        "dmean2": 5.72951316833,
        "dvar": 28.9011745453,
        "dvar2": 69.6708374023,
        "max": 112.264511108,
        "mean": 6.62707328796,
        "median": 3.84624958038,
        "min": -1.81478095055,
        "var": 84.2537155151
    },
    "melbands_skewness": {
        "dmean": 0.558277726173,
        "dmean2": 0.852285802364,
        "dvar": 0.266848444939,
        "dvar2": 0.63025778532,
        "max": 8.78589248657,
        "mean": 1.85368669033,
        "median": 1.70270609856,
        "min": -1.62306702137,
        "var": 1.45414412022
    },
    "melbands_spread": {
        "dmean": 6.7349319458,
        "dmean2": 10.3861207962,
        "dvar": 58.2170448303,
        "dvar2": 126.751739502,
        "max": 152.055130005,
        "mean": 25.8411960602,
        "median": 23.7825145721,
        "min": 1.83321464062,
        "var": 201.030059814
    },
    "pitch_salience": {
        "dmean": 0.0690139010549,
        "dmean2": 0.11154589802,
        "dvar": 0.00358167826198,
        "dvar2": 0.00910247769207,
        "max": 0.997669219971,
        "mean": 0.588475942612,
        "median": 0.596130788326,
        "min": 0.140947043896,
        "var": 0.00942804291844
    },
    "silence_rate_20dB": {
        "dmean": 0,
        "dmean2": 0,
        "dvar": 0,
        "dvar2": 0,
        "max": 1,
        "mean": 1,
        "median": 1,
        "min": 1,
        "var": 0
    },
    "silence_rate_30dB": {
        "dmean": 0.000573888071813,
        "dmean2": 0.00114794087131,
        "dvar": 0.00057351734722,
        "dvar2": 0.00114667846356,
        "max": 1,
        "mean": 0.999139308929,
        "median": 1,
        "min": 0,
        "var": 0.000860065803863
    },
    "silence_rate_60dB": {
        "dmean": 0.044476326555,
        "dmean2": 0.0889654159546,
        "dvar": 0.0425026454031,
        "dvar2": 0.095696605742,
        "max": 1,
        "mean": 0.0948214009404,
        "median": 0,
        "min": 0,
        "var": 0.0858218371868
    },
    "spectral_centroid": {
        "dmean": 234.215484619,
        "dmean2": 357.497283936,
        "dvar": 59464.9296875,
        "dvar2": 119096.976562,
        "max": 11233.7265625,
        "mean": 1379.38659668,
        "median": 1356.89355469,
        "min": 241.424331665,
        "var": 288978.6875
    },
    "spectral_complexity": {
        "dmean": 3.30272603035,
        "dmean2": 4.94102430344,
        "dvar": 10.8092918396,
        "dvar2": 20.7718467712,
        "max": 47,
        "mean": 18.0261077881,
        "median": 18,
        "min": 0,
        "var": 80.3891448975
    },
    "spectral_decrease": {
        "dmean": 1.31135313719e-09,
        "dmean2": 1.8686181491e-09,
        "dvar": 2.86435730284e-18,
        "dvar2": 5.42137275395e-18,
        "max": 1.04368250172e-28,
        "mean": -4.37501279649e-09,
        "median": -3.14428172388e-09,
        "min": -3.6996645747e-08,
        "var": 1.51239717966e-17
    },
    "spectral_energy": {
        "dmean": 0.00536599615589,
        "dmean2": 0.00758986966684,
        "dvar": 4.83480798721e-05,
        "dvar2": 8.99584047147e-05,
        "max": 0.145317196846,
        "mean": 0.0181560833007,
        "median": 0.0131188686937,
        "min": 1.03109913202e-20,
        "var": 0.000261034234427
    },
    "spectral_energyband_high": {
        "dmean": 0.000229790734011,
        "dmean2": 0.000330976850819,
        "dvar": 1.98829070541e-07,
        "dvar2": 4.03652109071e-07,
        "max": 0.0121944574639,
        "mean": 0.000517596316058,
        "median": 0.000266238726908,
        "min": 7.53331963104e-21,
        "var": 5.5138798416e-07
    },
    "spectral_energyband_low": {
        "dmean": 0.000521565321833,
        "dmean2": 0.000862334331032,
        "dvar": 6.08645848388e-07,
        "dvar2": 1.50068842686e-06,
        "max": 0.0139127634466,
        "mean": 0.000931281072553,
        "median": 0.000658947858028,
        "min": 2.75912747517e-23,
        "var": 9.55631094257e-07
    },
    "spectral_energyband_middle_high": {
        "dmean": 0.00259626470506,
        "dmean2": 0.00353031582199,
        "dvar": 1.95173979591e-05,
        "dvar2": 3.4939035686e-05,
        "max": 0.0975708141923,
        "mean": 0.00702801859006,
        "median": 0.00370095670223,
        "min": 1.24200351084e-21,
        "var": 9.38302691793e-05
    },
    "spectral_energyband_middle_low": {
        "dmean": 0.00391203258187,
        "dmean2": 0.00595575198531,
        "dvar": 2.78691586573e-05,
        "dvar2": 6.14141681581e-05,
        "max": 0.126255378127,
        "mean": 0.0101889427751,
        "median": 0.00706608872861,
        "min": 2.65354229264e-22,
        "var": 9.72609996097e-05
    },
    "spectral_entropy": {
        "dmean": 0.14058072865,
        "dmean2": 0.199344187975,
        "dvar": 0.0166233908385,
        "dvar2": 0.0312425177544,
        "max": 9.81576156616,
        "mean": 7.52063894272,
        "median": 7.54490804672,
        "min": 5.96959018707,
        "var": 0.0921625867486
    },
    "spectral_flux": {
        "dmean": 0.017873140052,
        "dmean2": 0.0282416678965,
        "dvar": 0.000368938897736,
        "dvar2": 0.00078226608457,
        "max": 0.255140811205,
        "mean": 0.0721530020237,
        "median": 0.0649769827724,
        "min": 6.47315326341e-11,
        "var": 0.00152168527711
    },
    "spectral_kurtosis": {
        "dmean": 1.80348312855,
        "dmean2": 3.10001969337,
        "dvar": 3.43094587326,
        "dvar2": 9.79549980164,
        "max": 22.0939674377,
        "mean": 3.17414617538,
        "median": 2.57120704651,
        "min": -1.26667022705,
        "var": 6.1090836525
    },
    "spectral_rms": {
        "dmean": 0.000605635810643,
        "dmean2": 0.000847266172059,
        "dvar": 4.16155870653e-07,
        "dvar2": 7.3114620136e-07,
        "max": 0.0119068417698,
        "mean": 0.00381700159051,
        "median": 0.00357755436562,
        "min": 3.17167212632e-12,
        "var": 3.14365388476e-06
    },
    "spectral_rolloff": {
        "dmean": 419.161071777,
        "dmean2": 691.155090332,
        "dvar": 437990.375,
        "dvar2": 931941.375,
        "max": 19056.8847656,
        "mean": 1633.82250977,
        "median": 1485.79101562,
        "min": 64.599609375,
        "var": 1071042.5
    },
    "spectral_skewness": {
        "dmean": 0.229169815779,
        "dmean2": 0.376947700977,
        "dvar": 0.0423708036542,
        "dvar2": 0.112321101129,
        "max": 3.44656801224,
        "mean": 1.22914373875,
        "median": 1.19970715046,
        "min": -0.569477379322,
        "var": 0.125757664442
    },
    "spectral_spread": {
        "dmean": 389671.875,
        "dmean2": 563924.375,
        "dvar": 300292374528,
        "dvar2": 516874272768,
        "max": 40175840,
        "mean": 3586480.5,
        "median": 3451951,
        "min": 1692652.875,
        "var": 1.3201103913e+12
    },
    "spectral_strongpeak": {
        "dmean": 0.676130235195,
        "dmean2": 1.08196997643,
        "dvar": 0.898691236973,
        "dvar2": 2.14649534225,
        "max": 14.6055746078,
        "mean": 1.26705646515,
        "median": 0.797245502472,
        "min": 0,
        "var": 2.03532314301
    },
    "zerocrossingrate": {
        "dmean": 0.00835528410971,
        "dmean2": 0.00987247377634,
        "dvar": 0.000109981941932,
        "dvar2": 0.000136529415613,
        "max": 0.5185546875,
        "mean": 0.0622916184366,
        "median": 0.0595703125,
        "min": 0.00830078125,
        "var": 0.00069021753734
    },
    "barkbands": {
        "dmean": [1.01048835859e-05, 0.000265521492111, 0.000241187895881, 0.000527480675373, 0.00124048616271, 0.00143518357072, 0.000868592876941, 0.000733649823815, 0.00109121284913, 0.000883649219759, 0.000578836305067, 0.000749734288547, 0.000720055075362, 0.000582788779866, 0.000296342943329, 0.00021822056442, 0.000267085357336, 0.000222672402742, 0.000128598578158, 9.37284858082e-05, 6.92161556799e-05, 6.07376787229e-05, 4.94524101669e-05, 5.3814619605e-05, 6.83953840053e-06, 6.88747121558e-08, 2.07220285375e-09],
        "dmean2": [1.73744829226e-05, 0.000453595159343, 0.000405382364988, 0.00090280972654, 0.0020035628695, 0.00226495787501, 0.00139577314258, 0.00113710132428, 0.00166782829911, 0.00133665616158, 0.000889438670129, 0.00109267432708, 0.00112376501784, 0.000900034501683, 0.00046758694225, 0.00034825768671, 0.000420674739871, 0.00035255192779, 0.00020003458485, 0.000146106060129, 0.000105275561509, 9.0201079729e-05, 7.58702590247e-05, 8.11656573205e-05, 1.06864572444e-05, 1.04372524845e-07, 3.45813377933e-09],
        "dvar": [2.79125417224e-10, 1.58431845421e-07, 1.74872653247e-07, 1.10680957732e-06, 4.62045090899e-06, 5.63664707443e-06, 3.79674611395e-06, 3.82015286959e-06, 7.80910522735e-06, 6.33681565887e-06, 2.37107701651e-06, 5.21746369486e-06, 4.32096430814e-06, 3.8308717194e-06, 4.98677195537e-07, 2.06216611787e-07, 1.96119898987e-07, 1.94624405481e-07, 4.43207071044e-08, 2.71702997878e-08, 1.91723881215e-08, 2.24675691385e-08, 1.7629156801e-08, 2.37865069863e-08, 2.79965634009e-10, 2.58356331391e-14, 3.4329580299e-17],
        "dvar2": [7.3966360814e-10, 4.43508241688e-07, 4.64913853193e-07, 2.96487087326e-06, 1.14805789053e-05, 1.28706660689e-05, 9.00534723769e-06, 8.80144034454e-06, 1.81179402716e-05, 1.45170806718e-05, 5.22905838807e-06, 1.04944620034e-05, 1.0214548638e-05, 9.31037629925e-06, 1.17525166843e-06, 4.94007338148e-07, 4.64154283009e-07, 4.43828099606e-07, 1.05084232871e-07, 6.40161417209e-08, 4.13401188837e-08, 4.81536766017e-08, 4.07661211455e-08, 5.8693036209e-08, 6.45067221861e-10, 5.5782987821e-14, 8.77316823573e-17],
        "max": [0.000441213778686, 0.00659566931427, 0.00789174064994, 0.0152907278389, 0.0435977652669, 0.104334376752, 0.0579133853316, 0.0604280009866, 0.0619556009769, 0.0545529015362, 0.0318902991712, 0.0591031946242, 0.0683218613267, 0.0498933680356, 0.019476717338, 0.00888804998249, 0.00850360281765, 0.0149495061487, 0.00351752643473, 0.00333103025332, 0.00433631800115, 0.00478306645527, 0.00247606006451, 0.00406385026872, 0.000293079181574, 4.07518473367e-06, 1.34654541739e-07],
        "mean": [1.25486913021e-05, 0.000369931251043, 0.000326859968482, 0.000650888250675, 0.00236008362845, 0.00254656677134, 0.00126456725411, 0.00112462649122, 0.00167922896799, 0.00130728702061, 0.000919714162592, 0.00118413125165, 0.00108177412767, 0.00086309335893, 0.000436514324974, 0.000340431783115, 0.000465050135972, 0.000379742996302, 0.000241074536461, 0.000180971008376, 0.000138203089591, 0.000123218342196, 7.80358022894e-05, 7.23869525245e-05, 9.02410647541e-06, 1.02674874825e-07, 2.06919126278e-09],
        "median": [6.69939345244e-06, 0.000233418031712, 0.000196972730919, 0.000281577580608, 0.0010640132241, 0.00103432231117, 0.00045913568465, 0.000261296110693, 0.000530034070835, 0.000351320282789, 0.000186571996892, 0.000208392666536, 0.000285241461825, 0.000173775522853, 0.000150869949721, 0.000142799806781, 0.000218513931031, 0.000181309354957, 0.000124206635519, 9.75324292085e-05, 6.26427790849e-05, 5.86900168855e-05, 2.86062277155e-05, 1.90653809113e-05, 2.09304494092e-06, 2.55401815252e-08, 5.50830103752e-10],
        "min": [1.56369941342e-24, 7.08404981498e-24, 1.11018840661e-23, 1.18785349822e-23, 1.03808715096e-23, 2.55707858255e-23, 2.52054532962e-23, 2.54376892136e-23, 7.47608528588e-23, 5.61338905115e-23, 3.71940911727e-23, 5.28286737591e-23, 4.35557558132e-23, 7.07030407147e-23, 9.30976658543e-23, 1.05228156699e-22, 1.36573330197e-22, 1.3306589053e-22, 2.24291053031e-22, 2.35176500485e-22, 3.81136366687e-22, 4.2109432986e-22, 5.20391823963e-22, 7.86769780112e-22, 1.08348472659e-21, 1.64413193322e-21, 2.2613506399e-21],
        "var": [3.39733019494e-10, 1.90440530901e-07, 1.95068395215e-07, 1.30169917156e-06, 1.20697277453e-05, 2.02610099223e-05, 5.86188025409e-06, 7.12984956408e-06, 1.29118607219e-05, 1.01708164948e-05, 5.16076170243e-06, 1.31815904751e-05, 7.99636018201e-06, 6.83759617459e-06, 7.98355927145e-07, 3.80582179105e-07, 5.02566365412e-07, 4.14501641899e-07, 1.06008847922e-07, 6.40052775225e-08, 4.85614464196e-08, 5.49802514627e-08, 2.56692196388e-08, 2.73643383508e-08, 4.22664347965e-10, 4.64104327343e-14, 3.11379072142e-17]
    },
    "erbbands": {
        "dmean": [0.00527993729338, 0.069307141006, 0.246956691146, 0.915861368179, 3.7728126049, 4.10183525085, 5.81423568726, 14.7520837784, 13.017115593, 14.373626709, 14.1974925995, 27.4366836548, 28.0455741882, 19.9384841919, 27.7790107727, 32.4316215515, 32.6584358215, 28.8580303192, 21.7406768799, 12.3721885681, 10.6427240372, 12.8361883163, 12.7009267807, 7.89101696014, 5.20146274567, 4.58480453491, 3.08246922493, 2.60600352287, 2.28903150558, 2.07107448578, 1.1988196373, 1.42450344563, 0.603390455246, 0.145525664091, 0.00434316508472, 0.000208613622817, 0.000274057121715, 2.79694068013e-05, 3.9541755541e-06, 6.55621579426e-06],
        "dmean2": [0.00902695674449, 0.117673844099, 0.410684525967, 1.55849003792, 6.26442623138, 6.80978870392, 9.1930513382, 23.4093704224, 20.8686637878, 22.6562156677, 21.4703559875, 41.8264770508, 43.4781227112, 28.6449127197, 42.3057861328, 46.8128089905, 50.5653038025, 44.7086372375, 33.8246421814, 19.3934783936, 16.8319320679, 19.9829616547, 19.977766037, 12.3262767792, 8.00670909882, 7.09991455078, 4.731757164, 3.96465325356, 3.41741609573, 3.21814799309, 1.79318571091, 2.20161795616, 0.893733978271, 0.22234582901, 0.00661575281993, 0.000309932191158, 0.000417689414462, 4.0630427975e-05, 5.46439969185e-06, 9.17503803066e-06],
        "dvar": [4.85165255668e-05, 0.0117490263656, 0.166936829686, 2.96323919296, 43.0753898621, 73.3421859741, 132.339233398, 690.190795898, 785.633117676, 1146.01660156, 1442.01403809, 4982.78955078, 6067.05419922, 3614.49731445, 4820.29150391, 10992.8964844, 8471.66699219, 7682.56298828, 3389.92822266, 821.223266602, 367.824554443, 447.902069092, 583.44329834, 199.515014648, 80.8889160156, 69.8335876465, 39.3695716858, 29.0231819153, 31.5454864502, 32.2513198853, 9.35455799103, 19.2798595428, 2.34461808205, 0.119022719562, 0.000106030987808, 2.306079665e-07, 4.16973961137e-07, 3.86351528547e-09, 3.23657003976e-11, 7.33616778437e-11],
        "dvar2": [0.000139476673212, 0.032217476517, 0.427220463753, 7.90557289124, 105.902229309, 192.588989258, 294.358520508, 1605.95153809, 1867.18835449, 2645.78198242, 3389.11181641, 11842.3164062, 15120.9013672, 6469.52050781, 10871.0332031, 22328.9453125, 19767.6757812, 18762.4121094, 8164.10986328, 1987.30322266, 830.855102539, 1014.79248047, 1318.21569824, 453.108581543, 194.609176636, 162.570327759, 91.785446167, 59.0729522705, 68.3330764771, 76.7799072266, 19.4585037231, 48.9329490662, 5.36558866501, 0.262218564749, 0.000233374143136, 4.94861922107e-07, 9.13364715416e-07, 7.98708743588e-09, 6.15157577655e-11, 1.33414959635e-10],
        "max": [0.0734679922462, 1.86733281612, 6.56712532043, 24.8840942383, 133.504440308, 208.357192993, 408.653320312, 1067.54968262, 592.08996582, 880.759155273, 1565.90344238, 1690.16467285, 1858.73706055, 2128.74926758, 1633.58898926, 2912.23266602, 3127.8347168, 2428.81835938, 1494.30432129, 861.807556152, 527.021850586, 427.299072266, 795.712585449, 350.871582031, 139.184295654, 170.954315186, 174.634231567, 195.987182617, 189.564178467, 135.849395752, 77.916595459, 118.949783325, 36.5805549622, 7.34842443466, 0.233389139175, 0.0102536324412, 0.017046937719, 0.0012819962576, 9.96694507194e-05, 0.000163088800036],
        "mean": [0.0078854886815, 0.0933595150709, 0.363598763943, 1.30028533936, 5.93758249283, 7.06486654282, 11.0418386459, 25.0737247467, 20.471036911, 22.1577854156, 22.8057785034, 42.9743995667, 42.2803230286, 32.7303352356, 46.758392334, 53.7162322998, 52.6906661987, 45.8400878906, 32.7079849243, 20.2895336151, 19.1175403595, 23.7296199799, 23.2630577087, 14.5057516098, 10.339849472, 9.25682544708, 6.08371305466, 5.3667678833, 4.52557611465, 3.39475727081, 2.05081057549, 1.85343062878, 0.875507414341, 0.21201005578, 0.00635915528983, 0.00033619889291, 0.000403919751989, 4.78502952319e-05, 1.29043319248e-05, 2.269090146e-05],
        "median": [0.00479434616864, 0.0572158135474, 0.238485738635, 0.689074575901, 2.64926576614, 2.80018234253, 3.918664217, 9.84889698029, 7.59821891785, 8.09598922729, 6.96882200241, 14.247631073, 13.3582696915, 8.25077819824, 11.7764816284, 11.1573047638, 15.056936264, 12.4624700546, 10.1273231506, 8.9606962204, 8.9209318161, 11.9047012329, 11.9355192184, 7.69277143478, 5.19798183441, 5.0233168602, 2.81814336777, 2.55730104446, 2.09818291664, 1.42056727409, 0.751065909863, 0.516775369644, 0.221530482173, 0.0537257380784, 0.00159291794989, 0.000103449805465, 0.00010552124877, 1.53316686919e-05, 9.27537530515e-06, 1.65121437021e-05],
        "min": [1.28528299494e-22, 7.9556135091e-22, 8.35937660274e-21, 3.11846444698e-20, 2.00888308083e-20, 3.14997324285e-20, 1.32516763974e-19, 2.17483179682e-19, 2.40965596502e-19, 3.15087958723e-19, 5.9841280231e-19, 1.23779234484e-18, 2.65924215352e-18, 1.86206317499e-18, 2.05286375701e-18, 2.35843378786e-18, 2.43223153339e-18, 3.49891236614e-18, 3.9786398983e-18, 4.96329501996e-18, 7.06421259389e-18, 7.93415265385e-18, 7.89594600853e-18, 8.56376448581e-18, 8.43946736389e-18, 1.17496787392e-17, 1.10617225499e-17, 1.75738590866e-17, 1.83100911908e-17, 1.3774783142e-17, 1.43133265245e-17, 1.30319377288e-17, 1.43480499122e-17, 1.16075467761e-17, 7.26061835853e-18, 6.0298956162e-18, 3.07876127684e-18, 9.93450016133e-19, 2.62858042937e-19, 3.63371040377e-20],
        "var": [8.14020895632e-05, 0.0138007504866, 0.199289426208, 3.64973044395, 83.5238113403, 162.69581604, 522.996826172, 2289.92529297, 1312.73547363, 2112.71679688, 2527.09399414, 8262.13476562, 8843.95800781, 7527.60644531, 10717.0732422, 26149.1933594, 16314.1640625, 13473.9609375, 5431.08007812, 1306.63793945, 941.94744873, 1230.21142578, 1355.2154541, 406.853881836, 207.227874756, 173.767333984, 89.3977432251, 76.4539413452, 76.4549865723, 48.0024223328, 17.1913814545, 19.5811061859, 3.52647328377, 0.204379186034, 0.000180377450306, 4.18110602141e-07, 7.17644752513e-07, 7.84433584755e-09, 1.3743205185e-10, 4.01453814636e-10]
    },
    "gfcc": {
        "mean": [-40.4055175781, 125.238861084, -167.164611816, 43.9578742981, -78.2873001099, 6.96027326584, -35.2292137146, -11.1941757202, -7.07914304733, -21.3669433594, 3.6530725956, -13.9839963913, -0.906839430332],
        "cov": [[5153.8515625, -678.505371094, -758.181396484, -213.787261963, -463.409698486, 268.235870361, 1.73604345322, 9.61460494995, -133.568786621, 61.0530853271, -31.5374507904, -60.5594215393, -64.7846298218], [-678.505371094, 693.805480957, -22.0811405182, -49.9820327759, 189.369140625, -227.360092163, 91.5391311646, -93.3197937012, 69.1798477173, -98.5397949219, 75.4070053101, -30.3880176544, 36.8776397705], [-758.181396484, -22.0811405182, 476.873687744, 155.023284912, -10.2831306458, 56.8944549561, -120.251228333, 30.3519039154, -4.15456151962, -3.45972633362, -70.2577590942, 22.4610824585, -20.0658988953], [-213.787261963, -49.9820327759, 155.023284912, 248.263336182, 34.5922203064, -13.6228046417, -46.3863334656, 11.9542837143, 28.5773887634, -4.2437582016, -64.459815979, 10.7982788086, 0.36398178339], [-463.409698486, 189.369140625, -10.2831306458, 34.5922203064, 198.17880249, -38.0780029297, 27.2959690094, -8.37755393982, 10.361456871, -24.1315593719, 19.4913921356, -15.9032058716, 10.729757309], [268.235870361, -227.360092163, 56.8944549561, -13.6228046417, -38.0780029297, 276.035888672, 45.84034729, 22.9935379028, -63.7646751404, 45.3915252686, -40.8530082703, -11.9495716095, -55.3855323792], [1.73604345322, 91.5391311646, -120.251228333, -46.3863334656, 27.2959690094, 45.84034729, 192.265365601, -0.0392824746668, -2.52182102203, 0.989589869976, 20.6671218872, -15.3891267776, -11.9195775986], [9.61460494995, -93.3197937012, 30.3519039154, 11.9542837143, -8.37755393982, 22.9935379028, -0.0392824746668, 129.555221558, 16.4471817017, 16.880941391, -7.53905725479, 10.0918445587, 1.97171151638], [-133.568786621, 69.1798477173, -4.15456151962, 28.5773887634, 10.361456871, -63.7646751404, -2.52182102203, 16.4471817017, 101.616867065, 16.16147995, -0.144276618958, 7.65713262558, 15.7494621277], [61.0530853271, -98.5397949219, -3.45972633362, -4.2437582016, -24.1315593719, 45.3915252686, 0.989589869976, 16.880941391, 16.16147995, 98.5040817261, 27.0972938538, 8.57882499695, 3.17982959747], [-31.5374507904, 75.4070053101, -70.2577590942, -64.459815979, 19.4913921356, -40.8530082703, 20.6671218872, -7.53905725479, -0.144276618958, 27.0972938538, 111.916130066, 29.7086219788, 20.3422431946], [-60.5594215393, -30.3880176544, 22.4610824585, 10.7982788086, -15.9032058716, -11.9495716095, -15.3891267776, 10.0918445587, 7.65713262558, 8.57882499695, 29.7086219788, 73.2919769287, 30.5324764252], [-64.7846298218, 36.8776397705, -20.0658988953, 0.36398178339, 10.729757309, -55.3855323792, -11.9195775986, 1.97171151638, 15.7494621277, 3.17982959747, 20.3422431946, 30.5324764252, 70.8001327515]],
        "icov": [[0.000535199942533, -0.000540388165973, 0.00154067517724, -0.000689887441695, 0.00154494168237, -0.00102833483834, 0.00108508637641, -0.00051447795704, 0.000618629856035, -8.1580823462e-05, 0.000165805307915, 0.000137982598972, 0.000128729778226], [-0.000540388165973, 0.00713902339339, -0.00468061026186, 0.00312809483148, -0.00543250516057, 0.00458067515865, -0.00535524403676, 0.00429885648191, -0.00484691653401, 0.00497524021193, -0.00406398624182, 0.00362241035327, -0.00171000824776], [0.00154067517724, -0.00468061026186, 0.00932168401778, -0.00470079109073, 0.00611345889047, -0.00554493395612, 0.00702681252733, -0.00371156842448, 0.00381292030215, -0.00216832733713, 0.00294596143067, -0.00262400647625, 0.00207039224915], [-0.000689887441695, 0.00312809483148, -0.00470079109073, 0.00849129259586, -0.00533174490556, 0.00394755462185, -0.00304671190679, 0.00224251928739, -0.00293721794151, 3.94296985178e-05, 0.00309733115137, -0.00154534098692, 0.000112318091851], [0.00154494168237, -0.00543250516057, 0.00611345889047, -0.00533174490556, 0.0132321286947, -0.00539601361379, 0.00474098604172, -0.00368486181833, 0.00351744191721, -0.000600082217716, -0.000721864344086, 0.00167220877483, -0.000591600837652], [-0.00102833483834, 0.00458067515865, -0.00554493395612, 0.00394755462185, -0.00539601361379, 0.0117615163326, -0.006819144357, 0.00220364006236, 0.00159359467216, -0.00279422639869, 0.00239380518906, -0.00106026919093, 0.00343089690432], [0.00108508637641, -0.00535524403676, 0.00702681252733, -0.00304671190679, 0.00474098604172, -0.006819144357, 0.012265920639, -0.00372419925407, 0.0024882897269, -0.00178047583904, 0.00120854447596, -0.00123892258853, 0.00161871535238], [-0.00051447795704, 0.00429885648191, -0.00371156842448, 0.00224251928739, -0.00368486181833, 0.00220364006236, -0.00372419925407, 0.0110693564638, -0.00468665035442, 0.00200419640169, -0.00168716558255, 0.00093721941812, -0.00139320106246], [0.000618629856035, -0.00484691653401, 0.00381292030215, -0.00293721794151, 0.00351744191721, 0.00159359467216, 0.0024882897269, -0.00468665035442, 0.017803395167, -0.00864719506353, 0.00622323062271, -0.00420677289367, 0.00190355035011], [-8.1580823462e-05, 0.00497524021193, -0.00216832733713, 3.94296985178e-05, -0.000600082217716, -0.00279422639869, -0.00178047583904, 0.00200419640169, -0.00864719506353, 0.0199283789843, -0.0108664613217, 0.00615893444046, -0.00423669815063], [0.000165805307915, -0.00406398624182, 0.00294596143067, 0.00309733115137, -0.000721864344086, 0.00239380518906, 0.00120854447596, -0.00168716558255, 0.00622323062271, -0.0108664613217, 0.0211055185646, -0.0115041229874, 0.003320814576], [0.000137982598972, 0.00362241035327, -0.00262400647625, -0.00154534098692, 0.00167220877483, -0.00106026919093, -0.00123892258853, 0.00093721941812, -0.00420677289367, 0.00615893444046, -0.0115041229874, 0.0248816087842, -0.010579444468], [0.000128729778226, -0.00171000824776, 0.00207039224915, 0.000112318091851, -0.000591600837652, 0.00343089690432, 0.00161871535238, -0.00139320106246, 0.00190355035011, -0.00423669815063, 0.003320814576, -0.010579444468, 0.0221789311618]]
    },
    "melbands": {
        "dmean": [5.89090268477e-05, 0.00011176551925, 0.000244086098974, 0.000277954037301, 0.000199933085241, 0.000312877207762, 0.000194238440599, 0.000160747789778, 0.000117719959235, 0.000177574082045, 0.000140472955536, 8.47029514262e-05, 8.47791234264e-05, 8.92088501132e-05, 7.66809753259e-05, 6.82652898831e-05, 5.94282028032e-05, 4.07356346841e-05, 1.86268680409e-05, 1.78770951607e-05, 1.33226749313e-05, 1.41715308928e-05, 1.65174205904e-05, 9.4121969596e-06, 6.80979746903e-06, 4.55882127426e-06, 3.22190453517e-06, 3.28684313899e-06, 2.1780165298e-06, 1.91453432308e-06, 1.61152877354e-06, 1.48717958837e-06, 1.09164398054e-06, 1.27700229768e-06, 7.32487364985e-07, 5.82772486268e-07, 1.09250493097e-06, 5.08401626576e-07, 2.60276436848e-07, 7.06903477976e-08],
        "dmean2": [0.000100874822238, 0.00018512000679, 0.000410826934967, 0.000459465081804, 0.0003162928042, 0.000495365471579, 0.000311177922413, 0.000253600679571, 0.000176406843821, 0.000271166296443, 0.000218725777813, 0.000122302240925, 0.00012889658683, 0.000135541471536, 0.00011232336692, 0.000106569561467, 9.24819541979e-05, 6.36939657852e-05, 2.92223867291e-05, 2.87077546091e-05, 2.13610619539e-05, 2.19897174247e-05, 2.64079080807e-05, 1.49961961142e-05, 1.08150443339e-05, 7.10085942046e-06, 5.07626418766e-06, 5.16582440468e-06, 3.42165799339e-06, 2.98688019029e-06, 2.50223865805e-06, 2.26149973059e-06, 1.65228175319e-06, 2.03694594347e-06, 1.11453402951e-06, 8.7360120915e-07, 1.73080786681e-06, 7.6326494991e-07, 4.01751321988e-07, 1.11120641577e-07],
        "dvar": [6.81158285332e-09, 3.10548777804e-08, 2.02786694103e-07, 2.35668906612e-07, 1.45774123439e-07, 2.92020615689e-07, 1.72640042706e-07, 1.53501858335e-07, 9.73869518361e-08, 2.0842598758e-07, 1.58072950285e-07, 7.01708700035e-08, 4.78730370901e-08, 6.76123406151e-08, 5.41900959661e-08, 4.68248906316e-08, 3.81486131573e-08, 1.55199959551e-08, 2.08927053436e-09, 1.60124580262e-09, 6.34136354538e-10, 6.41269648494e-10, 9.45525435725e-10, 3.37234962178e-10, 1.65695623888e-10, 7.37269967299e-11, 3.16259761435e-11, 3.60734254967e-11, 2.21157744895e-11, 1.67203299817e-11, 1.17467537433e-11, 1.21435630648e-11, 9.05710229038e-12, 1.52086260252e-11, 3.29024589692e-12, 2.08081121778e-12, 1.35944814433e-11, 1.76982462973e-12, 3.8805449739e-13, 3.10849300944e-14],
        "dvar2": [1.93695228745e-08, 7.80664848321e-08, 5.30124964371e-07, 6.00826524533e-07, 3.3392004184e-07, 6.79090987887e-07, 4.06296265965e-07, 3.48231225189e-07, 2.1768873637e-07, 4.95772383147e-07, 3.95081258375e-07, 1.27328021904e-07, 1.03641184523e-07, 1.44974507066e-07, 1.08213356498e-07, 1.15931442224e-07, 9.34763519922e-08, 3.77337805446e-08, 4.84940887446e-09, 3.93400334531e-09, 1.46582479488e-09, 1.47630241365e-09, 2.19849893845e-09, 7.71208152894e-10, 3.83088200051e-10, 1.78232040238e-10, 7.61733245924e-11, 8.44385186771e-11, 5.26618922081e-11, 3.91483130635e-11, 2.46587472663e-11, 2.7479409373e-11, 2.00893988944e-11, 3.8904691968e-11, 7.09477832386e-12, 4.53107560153e-12, 3.550221922e-11, 4.1172603521e-12, 8.62842783333e-13, 7.20238484738e-14],
        "max": [0.00119268614799, 0.00280086649582, 0.00747040333226, 0.0093204267323, 0.0116011165082, 0.0221638660878, 0.0108872260898, 0.0107636768371, 0.0108354613185, 0.0107369497418, 0.009381567128, 0.00922819692641, 0.00476869381964, 0.00796011928469, 0.00793371722102, 0.00914746616036, 0.00555509980768, 0.00373516697437, 0.00107788050082, 0.000865960610099, 0.000795022351667, 0.000520731555298, 0.00114268320613, 0.000466184894321, 0.000299398991046, 0.000165939898579, 9.39698002185e-05, 0.000126737737446, 0.000112313478894, 9.10999224288e-05, 0.000132903980557, 0.000127516002976, 8.84236214915e-05, 8.4982610133e-05, 4.5626253268e-05, 3.26528206642e-05, 9.62479389273e-05, 2.72739980574e-05, 1.20573531603e-05, 3.91786898035e-06],
        "mean": [8.56067854329e-05, 0.000168809710885, 0.000363897619536, 0.00048171155504, 0.000385688239476, 0.000540182576515, 0.000302271189867, 0.000243653310463, 0.000187502999324, 0.000272219476756, 0.000205492047826, 0.000129304709844, 0.000138565839734, 0.000143325436511, 0.00012403378787, 0.000101302983239, 8.77307975315e-05, 5.73608595005e-05, 2.79977666651e-05, 2.73166770057e-05, 2.19265912165e-05, 2.39951550611e-05, 2.7711788789e-05, 1.57740705617e-05, 1.12977304525e-05, 8.15941257315e-06, 5.9447811509e-06, 6.22261131866e-06, 3.83505448553e-06, 3.4328777474e-06, 3.07888649331e-06, 2.79858249996e-06, 1.9301771772e-06, 1.84222221833e-06, 1.20903087009e-06, 9.32421414745e-07, 1.26084114527e-06, 6.9064640229e-07, 3.7264979369e-07, 9.13228461741e-08],
        "median": [5.45400980627e-05, 0.000110680484795, 0.000189151367522, 0.000224034418352, 0.000137753333547, 0.000219477413339, 0.000112152352813, 8.25075694593e-05, 5.18375381944e-05, 8.60798172653e-05, 5.97297912464e-05, 2.63996116701e-05, 3.0928196793e-05, 2.98100731015e-05, 2.66598945018e-05, 2.68872245215e-05, 1.92476563825e-05, 1.5424531739e-05, 1.02280846477e-05, 1.14086114991e-05, 9.24363303056e-06, 1.05228764369e-05, 1.34163456096e-05, 7.48331922296e-06, 5.28941063749e-06, 3.63762160305e-06, 2.85604232886e-06, 3.27347288476e-06, 1.73815453763e-06, 1.38192535815e-06, 1.45458261613e-06, 1.2725409988e-06, 7.78066521434e-07, 7.36552749458e-07, 4.40312987848e-07, 3.08279680894e-07, 2.97406387517e-07, 1.60746282063e-07, 9.83250174613e-08, 1.99168681547e-08],
        "min": [1.96156338312e-24, 3.28344221921e-24, 5.56639147943e-24, 1.7768650128e-24, 5.21032964352e-24, 4.86719487128e-24, 4.41945911515e-24, 4.06994127488e-24, 4.95024023092e-24, 1.01761392277e-23, 1.30393461708e-23, 8.05642343258e-24, 7.62351707818e-24, 6.79875747974e-24, 4.76767967365e-24, 4.11472333075e-24, 6.69861632099e-24, 6.05707124551e-24, 8.1304485622e-24, 6.05266821837e-24, 8.64639435979e-24, 7.45030846694e-24, 6.99414885963e-24, 6.09886825172e-24, 6.56148034679e-24, 8.04387896646e-24, 4.78863734132e-24, 7.98644989256e-24, 6.49145355867e-24, 9.08073170788e-24, 9.36159301141e-24, 9.99955508065e-24, 6.47071913864e-24, 8.47858234601e-24, 8.32807241846e-24, 7.86097367698e-24, 6.68535162487e-24, 8.47391386717e-24, 1.2775744355e-23, 8.7386910857e-24],
        "var": [9.31736554577e-09, 4.00477588869e-08, 2.76028231383e-07, 5.12662495566e-07, 5.63683499877e-07, 9.64171817941e-07, 2.8932782925e-07, 2.92238468091e-07, 1.80968399377e-07, 3.37438024189e-07, 2.25753339578e-07, 1.40221843026e-07, 1.09055086739e-07, 1.50461730186e-07, 1.26882582663e-07, 7.86269538366e-08, 6.44694040375e-08, 2.28796910307e-08, 3.20873638771e-09, 2.60665333762e-09, 1.47416678864e-09, 1.58354107604e-09, 2.12791584353e-09, 6.32414010049e-10, 3.06878689127e-10, 1.67985195199e-10, 7.11978184742e-11, 8.47974745977e-11, 4.22086601781e-11, 3.61310183161e-11, 2.81251359008e-11, 2.84978429743e-11, 1.8026420634e-11, 1.69315152176e-11, 6.02189825782e-12, 3.48591316403e-12, 1.19766219511e-11, 2.50086344862e-12, 6.69062407473e-13, 4.52159333196e-14]
    },
    "mfcc": {
        "mean": [-652.946899414, 123.353553772, -19.114151001, 18.4847984314, -8.77771282196, 2.28230190277, -11.9814968109, 3.40383243561, -11.0120010376, -2.04506063461, -5.7424621582, 1.73444807529, -8.78266239166],
        "cov": [[4862.21923828, -730.621826172, -434.440948486, -483.782806396, -433.648742676, 47.157913208, 46.1983947754, -39.3522071838, -24.5318412781, 24.3815460205, -10.5094680786, 78.5390777588, -42.1453475952], [-730.621826172, 728.761352539, -177.089614868, 117.992103577, 17.3150672913, -53.6643562317, -0.0827776640654, 15.891872406, -64.2832565308, -12.0161352158, -18.2980995178, -8.69645214081, 20.5922756195], [-434.440948486, -177.089614868, 473.215270996, 17.7618026733, 98.0616378784, 35.9993209839, -46.48204422, 3.09588336945, 43.2334136963, -28.1394615173, 2.62741541862, -12.1895895004, -5.40766048431], [-483.782806396, 117.992103577, 17.7618026733, 301.065612793, 83.9540100098, -41.4920043945, -83.3070220947, 6.06604194641, 26.5590991974, -13.4010334015, -34.3355712891, -4.33107948303, 10.5751247406], [-433.648742676, 17.3150672913, 98.0616378784, 83.9540100098, 213.995285034, -22.6297721863, -28.3080844879, -9.99824047089, 11.3499660492, -4.05302286148, -21.1751117706, -10.0076274872, 3.1059679985], [47.157913208, -53.6643562317, 35.9993209839, -41.4920043945, -22.6297721863, 187.984512329, 56.0671806335, 6.10221576691, 18.9525547028, -7.26754570007, 37.1548995972, -2.08693623543, -24.1283531189], [46.1983947754, -0.0827776640654, -46.48204422, -83.3070220947, -28.3080844879, 56.0671806335, 176.58215332, 29.4136352539, -9.19334506989, 15.8262672424, 35.8520927429, -6.16905498505, -4.63934135437], [-39.3522071838, 15.891872406, 3.09588336945, 6.06604194641, -9.99824047089, 6.10221576691, 29.4136352539, 96.8141326904, 28.9377002716, -10.1746177673, 7.56602859497, 10.0655231476, -8.09572601318], [-24.5318412781, -64.2832565308, 43.2334136963, 26.5590991974, 11.3499660492, 18.9525547028, -9.19334506989, 28.9377002716, 116.3959198, 9.57317447662, 14.2875614166, 2.32450437546, -7.21609020233], [24.3815460205, -12.0161352158, -28.1394615173, -13.4010334015, -4.05302286148, -7.26754570007, 15.8262672424, -10.1746177673, 9.57317447662, 96.8336105347, 19.7200336456, -13.8229064941, -9.05600452423], [-10.5094680786, -18.2980995178, 2.62741541862, -34.3355712891, -21.1751117706, 37.1548995972, 35.8520927429, 7.56602859497, 14.2875614166, 19.7200336456, 89.9630050659, 12.5460510254, -10.118563652], [78.5390777588, -8.69645214081, -12.1895895004, -4.33107948303, -10.0076274872, -2.08693623543, -6.16905498505, 10.0655231476, 2.32450437546, -13.8229064941, 12.5460510254, 72.5930023193, 23.1024951935], [-42.1453475952, 20.5922756195, -5.40766048431, 10.5751247406, 3.1059679985, -24.1283531189, -4.63934135437, -8.09572601318, -7.21609020233, -9.05600452423, -10.118563652, 23.1024951935, 80.5046844482]],
