{
"lowlevel": {
    "average_loudness": 0.906222760677,
    "barkbands_crest": {
        "dmean": 2.50131607056,
        "dmean2": 4.06865692139,
        "dvar": 4.92659854889,
        "dvar2": 12.0396270752,
        "max": 26.1418743134,
        "mean": 10.1945972443,
        "median": 9.25708961487,
        "min": 2.41765022278,
        "var": 19.3840141296
    },
    "barkbands_flatness_db": {
        "dmean": 0.0185047127306,
        "dmean2": 0.029216311872,
        "dvar": 0.000272661156487,
        "dvar2": 0.000639196776319,
        "max": 0.386817187071,
        "mean": 0.166226416826,
        "median": 0.161482810974,
        "min": 0.0204061195254,
        "var": 0.00206467858516
    },
    "barkbands_kurtosis": {
        "dmean": 1.87489211559,
        "dmean2": 2.96967363358,
        "dvar": 17.6033840179,
        "dvar2": 43.1668663025,
        "max": 166.641067505,
        "mean": 2.75833153725,
        "median": 0.997555732727,
        "min": -1.75219035149,
        "var": 49.6745796204
    },
    "barkbands_skewness": {
        "dmean": 0.41244456172,
        "dmean2": 0.640314757824,
        "dvar": 0.1790895015,
        "dvar2": 0.410634309053,
        "max": 10.3992605209,
        "mean": 1.07000887394,
        "median": 0.962878704071,
        "min": -2.85962414742,
        "var": 1.42918479443
    },
    "barkbands_spread": {
        "dmean": 3.93875169754,
        "dmean2": 6.01315259933,
        "dvar": 14.958650589,
        "dvar2": 33.5541992188,
        "max": 78.1096191406,
        "mean": 18.0989742279,
        "median": 16.6505889893,
        "min": 0.652333974838,
        "var": 77.6665878296
    },
    "dissonance": {
        "dmean": 0.0194428358227,
        "dmean2": 0.0327494852245,
        "dvar": 0.000329597445671,
        "dvar2": 0.000905612541828,
        "max": 0.5,
        "mean": 0.45925077796,
        "median": 0.464489996433,
        "min": 0.306468904018,
        "var": 0.000768175290432
    },
    "dynamic_complexity": 3.2507443428,
    "erbbands_crest": {
        "dmean": 2.99082446098,
        "dmean2": 4.86996507645,
        "dvar": 7.16503143311,
        "dvar2": 17.982175827,
        "max": 31.3184108734,
        "mean": 10.8474283218,
        "median": 9.9143819809,
        "min": 2.33027791977,
        "var": 23.1018981934
    },
    "erbbands_flatness_db": {
        "dmean": 0.0156578496099,
        "dmean2": 0.0233561918139,
        "dvar": 0.000185586206499,
        "dvar2": 0.000379105273169,
        "max": 0.380552828312,
        "mean": 0.225797116756,
        "median": 0.22702178359,
        "min": 0.0829878300428,
        "var": 0.00192218204029
    },
    "erbbands_kurtosis": {
        "dmean": 0.845324397087,
        "dmean2": 1.36067998409,
        "dvar": 1.67764818668,
        "dvar2": 4.21173143387,
        "max": 40.6096076965,
        "mean": 0.432418107986,
        "median": -0.158589363098,
        "min": -1.79424154758,
        "var": 4.93969392776
    },
    "erbbands_skewness": {
        "dmean": 0.350642353296,
        "dmean2": 0.550361931324,
        "dvar": 0.0932081788778,
        "dvar2": 0.23359246552,
        "max": 5.68315172195,
        "mean": 0.513733029366,
        "median": 0.478699684143,
        "min": -1.98407840729,
        "var": 0.502602636814
    },
    "erbbands_spread": {
        "dmean": 5.34749698639,
        "dmean2": 8.19664478302,
        "dvar": 24.888999939,
        "dvar2": 54.0965385437,
        "max": 93.0786437988,
        "mean": 30.7908611298,
        "median": 29.1860218048,
        "min": 3.9951813221,
        "var": 198.694412231
    },
    "hfc": {
        "dmean": 4.61497211456,
        "dmean2": 6.71568155289,
        "dvar": 30.0881099701,
        "dvar2": 63.2512359619,
        "max": 125.466156006,
        "mean": 20.9565544128,
        "median": 17.6235656738,
        "min": 1.18073137064e-16,
        "var": 272.152252197
    },
    "melbands_crest": {
        "dmean": 3.35641670227,
        "dmean2": 5.46440792084,
        "dvar": 9.3255147934,
        "dvar2": 23.2689437866,
        "max": 34.4394836426,
        "mean": 13.2247915268,
        "median": 11.7971124649,
        "min": 2.5381090641,
        "var": 34.5741958618
    },
    "melbands_flatness_db": {
        "dmean": 0.0201849211007,
        "dmean2": 0.0315615721047,
        "dvar": 0.000353856186848,
        "dvar2": 0.00079870497575,
        "max": 0.425175964832,
        "mean": 0.175358250737,
        "median": 0.166630893946,
        "min": 0.00683149136603,
        "var": 0.00342850876041
    },
    "melbands_kurtosis": {
        "dmean": 3.82988524437,
        "dmean2": 6.00875425339,
        "dvar": 63.4368553162,
        "dvar2": 141.201629639,
        "max": 228.030929565,
        "mean": 7.97029924393,
        "median": 3.85645627975,
        "min": -1.7726817131,
        "var": 219.545227051
    },
    "melbands_skewness": {
        "dmean": 0.519796788692,
        "dmean2": 0.797685801983,
        "dvar": 0.316874444485,
        "dvar2": 0.690203368664,
        "max": 12.622136116,
        "mean": 1.79370617867,
        "median": 1.62198185921,
        "min": -1.77218294144,
        "var": 2.44890499115
    },
    "melbands_spread": {
        "dmean": 6.02697515488,
        "dmean2": 9.35167503357,
        "dvar": 41.7175483704,
        "dvar2": 94.1282424927,
        "max": 189.874298096,
        "mean": 25.7232475281,
        "median": 23.1010818481,
        "min": 0.813712716103,
        "var": 228.08454895
    },
    "pitch_salience": {
        "dmean": 0.0675714462996,
        "dmean2": 0.108665734529,
        "dvar": 0.00348476017825,
        "dvar2": 0.00876498688012,
        "max": 0.900578320026,
        "mean": 0.538574516773,
        "median": 0.546492755413,
        "min": 0.0898553058505,
        "var": 0.0119173983112
    },
    "silence_rate_20dB": {
        "dmean": 0,
        "dmean2": 0,
        "dvar": 0,
        "dvar2": 0,
        "max": 1,
        "mean": 1,
        "median": 1,
        "min": 1,
        "var": 0
    },
    "silence_rate_30dB": {
        "dmean": 0.000262157554971,
        "dmean2": 0.00052438385319,
        "dvar": 0.000262119545368,
        "dvar2": 0.000524086586665,
        "max": 1,
        "mean": 0.999606788158,
        "median": 1,
        "min": 0,
        "var": 0.000393081223592
    },
    "silence_rate_60dB": {
        "dmean": 0.0125835631043,
        "dmean2": 0.0250393282622,
        "dvar": 0.0124268960208,
        "dvar2": 0.0283439941704,
        "max": 1,
        "mean": 0.104325033724,
        "median": 0,
        "min": 0,
        "var": 0.0934247225523
    },
    "spectral_centroid": {
        "dmean": 207.400024414,
        "dmean2": 324.44241333,
        "dvar": 42256.9882812,
        "dvar2": 94106.5859375,
        "max": 11109.1826172,
        "mean": 1559.70239258,
        "median": 1538.34423828,
        "min": 311.534790039,
        "var": 406442
    },
    "spectral_complexity": {
        "dmean": 2.97181797028,
        "dmean2": 4.64748287201,
        "dvar": 8.23001384735,
        "dvar2": 17.3854637146,
        "max": 53,
        "mean": 18.666973114,
        "median": 18,
        "min": 0,
        "var": 72.1841506958
    },
    "spectral_decrease": {
        "dmean": 1.4789240943e-09,
        "dmean2": 2.21661711208e-09,
        "dvar": 3.10455462949e-18,
        "dvar2": 6.80671085561e-18,
        "max": 7.02884985091e-29,
        "mean": -5.2487485469e-09,
        "median": -4.93303442539e-09,
        "min": -3.64052930024e-08,
        "var": 1.40271005258e-17
    },
    "spectral_energy": {
        "dmean": 0.00593284796923,
        "dmean2": 0.00885244179517,
        "dvar": 4.87920660817e-05,
        "dvar2": 0.000106370338472,
        "max": 0.143558785319,
        "mean": 0.0217107590288,
        "median": 0.0204126425087,
        "min": 1.0589327095e-20,
        "var": 0.000234407823882
    },
    "spectral_energyband_high": {
        "dmean": 0.00025345486938,
        "dmean2": 0.000357065990102,
        "dvar": 1.48324545535e-07,
        "dvar2": 2.81012205505e-07,
        "max": 0.00987031683326,
        "mean": 0.000731661624741,
        "median": 0.00043999805348,
        "min": 7.94474585835e-21,
        "var": 7.17788225302e-07
    },
    "spectral_energyband_low": {
        "dmean": 0.00160289590713,
        "dmean2": 0.00247616600245,
        "dvar": 1.45891663124e-05,
        "dvar2": 3.46062988683e-05,
        "max": 0.0496802330017,
        "mean": 0.00200320431031,
        "median": 0.000519311113749,
        "min": 8.15090845864e-23,
        "var": 1.71872197825e-05
    },
    "spectral_energyband_middle_high": {
        "dmean": 0.00212137727067,
        "dmean2": 0.00323077407666,
        "dvar": 1.16267392514e-05,
        "dvar2": 2.79218875221e-05,
        "max": 0.078047759831,
        "mean": 0.00754619017243,
        "median": 0.00413924176246,
        "min": 1.42771979572e-21,
        "var": 8.15437961137e-05
    },
    "spectral_energyband_middle_low": {
        "dmean": 0.00425410456955,
        "dmean2": 0.00658215116709,
        "dvar": 3.49684160028e-05,
        "dvar2": 8.12245270936e-05,
        "max": 0.126386240125,
        "mean": 0.0118609415367,
        "median": 0.00844721402973,
        "min": 2.55902842583e-22,
        "var": 0.000132293454953
    },
    "spectral_entropy": {
        "dmean": 0.125970542431,
        "dmean2": 0.191925287247,
        "dvar": 0.0139325838536,
        "dvar2": 0.0303283073008,
        "max": 9.80591773987,
        "mean": 7.42054462433,
        "median": 7.44040393829,
        "min": 5.62422037125,
        "var": 0.127185821533
    },
    "spectral_flux": {
        "dmean": 0.0196979641914,
        "dmean2": 0.0310561750084,
        "dvar": 0.000406285660574,
        "dvar2": 0.000929656438529,
        "max": 0.296775668859,
        "mean": 0.0754104554653,
        "median": 0.0712320953608,
        "min": 6.87403675648e-11,
        "var": 0.00147096137516
    },
    "spectral_kurtosis": {
        "dmean": 1.96793949604,
        "dmean2": 3.45173358917,
        "dvar": 3.83186626434,
        "dvar2": 11.6617994308,
        "max": 27.2532024384,
        "mean": 3.3021376133,
        "median": 2.57911467552,
        "min": -1.19267499447,
        "var": 7.46634817123
    },
    "spectral_rms": {
        "dmean": 0.000601442879997,
        "dmean2": 0.000879101338796,
        "dvar": 3.78047957383e-07,
        "dvar2": 7.5156543744e-07,
        "max": 0.0118345832452,
        "mean": 0.00425577396527,
        "median": 0.00446259696037,
        "min": 3.21419518605e-12,
        "var": 3.06962238028e-06
    },
    "spectral_rolloff": {
        "dmean": 392.228088379,
        "dmean2": 665.673522949,
        "dvar": 283669.75,
        "dvar2": 606521.375,
        "max": 18992.2851562,
        "mean": 1751.29248047,
        "median": 1593.45703125,
        "min": 64.599609375,
        "var": 1230823.875
    },
    "spectral_skewness": {
        "dmean": 0.233318910003,
        "dmean2": 0.395030468702,
        "dvar": 0.0412500649691,
        "dvar2": 0.119165763259,
        "max": 3.51727676392,
        "mean": 1.14089715481,
        "median": 1.07854306698,
        "min": -0.0263221748173,
        "var": 0.159849077463
    },
    "spectral_spread": {
        "dmean": 261938.171875,
        "dmean2": 401507.21875,
        "dvar": 228125409280,
        "dvar2": 367821029376,
        "max": 39971452,
        "mean": 3354125.75,
        "median": 3235818.5,
        "min": 1762773.875,
        "var": 884634812416
    },
    "spectral_strongpeak": {
        "dmean": 0.755161821842,
        "dmean2": 1.24964261055,
        "dvar": 0.815090179443,
        "dvar2": 2.07087016106,
        "max": 13.4604759216,
        "mean": 1.76093685627,
        "median": 1.37796282768,
        "min": 0,
        "var": 2.34070324898
    },
    "zerocrossingrate": {
        "dmean": 0.00685776257887,
        "dmean2": 0.00829085987061,
        "dvar": 6.26736000413e-05,
        "dvar2": 7.83559153206e-05,
        "max": 0.646484375,
        "mean": 0.0652595236897,
        "median": 0.0625,
        "min": 0.009765625,
        "var": 0.000894131953828
    },
    "barkbands": {
        "dmean": [7.89267414802e-06, 0.000646348344162, 0.000999910174869, 0.0004809355014, 0.00116465974133, 0.00159397372045, 0.000929629255552, 0.00111153360922, 0.000980799435638, 0.000725009304006, 0.00083110993728, 0.00058670877479, 0.000398103671614, 0.000562882167287, 0.000313281605486, 0.000284970301436, 0.000239016866544, 0.000195903616259, 0.000128278014017, 0.000144416917465, 0.000131341235829, 5.02410293848e-05, 3.84205704904e-05, 2.14800656977e-05, 4.6601367103e-06, 4.67814977867e-08, 1.71379377356e-09],
        "dmean2": [1.36749295052e-05, 0.000945261330344, 0.00171894801315, 0.000846005044878, 0.00186778511852, 0.00242424872704, 0.00141977448948, 0.00178506004158, 0.00156453286763, 0.00111570896115, 0.00132788100746, 0.000943976279814, 0.000629592803307, 0.00090791011462, 0.000501027680002, 0.000468432990601, 0.000388831656892, 0.00031804930768, 0.000209524907405, 0.000228012548178, 0.000200908383704, 7.44027493056e-05, 5.90223571635e-05, 3.00572355627e-05, 7.18126284482e-06, 6.94036614846e-08, 2.86487389367e-09],
        "dvar": [2.17096646216e-10, 2.26085899158e-06, 7.76445176598e-06, 1.92091079043e-06, 5.2498057812e-06, 1.46241345647e-05, 5.67382721783e-06, 7.27217502572e-06, 5.45265356777e-06, 3.5456328078e-06, 3.96890754928e-06, 3.42886028193e-06, 1.32440254674e-06, 1.93421328731e-06, 4.67195519605e-07, 4.73872347584e-07, 1.65876684832e-07, 1.19539507182e-07, 4.56165487606e-08, 4.7736126163e-08, 5.17594749283e-08, 1.17294662871e-08, 7.35553307152e-09, 2.01214023221e-09, 1.11193082519e-10, 1.4357801379e-14, 1.62189889916e-15],
        "dvar2": [5.90130611045e-10, 4.8837414397e-06, 2.00086597033e-05, 5.16694763064e-06, 1.30380094561e-05, 3.23790154653e-05, 1.25113065224e-05, 1.91489543795e-05, 1.32802060762e-05, 7.82382085163e-06, 1.01930945675e-05, 8.89222610567e-06, 3.20434605783e-06, 4.72556985187e-06, 1.07669825411e-06, 1.26483780605e-06, 4.21865905764e-07, 3.09188834535e-07, 1.1943224365e-07, 1.13925601397e-07, 1.11934788549e-07, 2.55862779852e-08, 1.69406657591e-08, 3.8798453339e-09, 2.52333959283e-10, 3.23389352677e-14, 4.05620022704e-15],
        "max": [0.000369825283997, 0.0189545452595, 0.0355837978423, 0.0184690840542, 0.0623360387981, 0.120556607842, 0.0575432255864, 0.0541620664299, 0.0496908277273, 0.0475449375808, 0.0359709635377, 0.059904076159, 0.0268517564982, 0.0370493978262, 0.0192919522524, 0.0265929792076, 0.0121031021699, 0.00840560067445, 0.00365299498662, 0.00366585701704, 0.00531931547448, 0.00263399654068, 0.00187797227409, 0.00113956048153, 0.000290730764391, 3.31355090566e-06, 2.48712103712e-06],
        "mean": [8.05672607385e-06, 0.000822984613478, 0.000927252229303, 0.000451230502222, 0.00236466550268, 0.00320020737126, 0.00191004259977, 0.00195926520973, 0.00155524467118, 0.00116123480257, 0.00152641755994, 0.0010586748831, 0.000676959229168, 0.000996439019218, 0.000589022762142, 0.000509635021444, 0.00047025931417, 0.000393288966734, 0.000267836963758, 0.00031895772554, 0.000295592471957, 0.000113532310934, 7.93966682977e-05, 4.68800390081e-05, 7.63616480981e-06, 8.67733120913e-08, 1.43925882323e-09],
        "median": [3.5703942558e-06, 0.000100607379864, 0.000186389675946, 0.000136546514113, 0.0010255338857, 0.00102151418105, 0.000447953294497, 0.000443345459644, 0.000432739034295, 0.000223617535084, 0.000232047284953, 0.000198511144845, 0.000166155237821, 0.000234620150877, 0.000220346293645, 0.000219078734517, 0.00022429904493, 0.000220302259549, 0.000131851033075, 0.000201157541596, 0.0001440950291, 4.34549874626e-05, 2.6341424018e-05, 1.44877158164e-05, 2.25849407798e-06, 2.6546434384e-08, 4.92433149812e-10],
        "min": [4.12297205481e-24, 2.83165850224e-23, 1.83801403918e-23, 6.02331841173e-23, 2.79883052898e-23, 1.74930647262e-23, 2.57163669501e-23, 3.69779306629e-23, 6.84370787853e-23, 1.92468618684e-23, 6.49167396641e-23, 5.6577577439e-23, 6.59429656602e-23, 1.21278894967e-22, 4.95321376322e-23, 8.67657759798e-23, 1.11544174692e-22, 2.71770710271e-22, 2.60897682643e-22, 3.60981134642e-22, 3.2903880606e-22, 5.1100046644e-22, 5.81907222595e-22, 7.63357044777e-22, 1.26539367844e-21, 1.64478564016e-21, 2.36021285949e-21],
        "var": [2.06233960465e-10, 3.40217138728e-06, 6.16730812908e-06, 1.41269219966e-06, 1.81189170689e-05, 4.67885984108e-05, 2.28150547628e-05, 1.7856607883e-05, 1.05779836304e-05, 8.07807373349e-06, 1.13787627924e-05, 1.05384960989e-05, 3.58659758604e-06, 5.03928276885e-06, 1.47646926507e-06, 1.00684883364e-06, 4.56086780787e-07, 3.3186802284e-07, 1.31241719714e-07, 1.37574588166e-07, 1.84624639132e-07, 3.4374210145e-08, 2.01789642773e-08, 7.16359194186e-09, 2.63619653884e-10, 3.2135149305e-14, 8.13222515434e-16]
    },
    "erbbands": {
        "dmean": [0.00911632087082, 0.189136624336, 1.04009187222, 1.41959023476, 1.4289689064, 4.28558444977, 11.3681697845, 13.2492923737, 12.182302475, 16.3302631378, 25.6668071747, 19.2362823486, 24.7971992493, 22.2025051117, 30.3384056091, 21.5537414551, 16.1887054443, 27.2918643951, 15.7840414047, 15.69901371, 13.6343860626, 12.6543569565, 9.37267684937, 8.9045753479, 4.83212614059, 6.41292190552, 6.80655527115, 3.52450227737, 1.80497384071, 1.42042565346, 1.07625567913, 0.583198785782, 0.30358055234, 0.0965956375003, 0.0027572165709, 0.000129619802465, 0.000181306619197, 1.83831216418e-05, 3.6474530134e-06, 6.96108781995e-06],
        "dmean2": [0.0128064835444, 0.273288905621, 1.76001417637, 2.46158647537, 2.37595176697, 6.83535480499, 17.459569931, 20.3617935181, 18.3613681793, 25.5882644653, 40.7582702637, 30.5014362335, 38.5891342163, 35.2439994812, 47.7651977539, 34.5700798035, 25.6805286407, 43.3227806091, 24.5152244568, 25.1988544464, 21.9935321808, 20.5540676117, 15.2032136917, 14.5587825775, 7.85983943939, 10.0502109528, 10.3922023773, 5.34094905853, 2.68652129173, 2.10735678673, 1.65802073479, 0.845609307289, 0.429239243269, 0.144020184875, 0.00408058380708, 0.000186179735465, 0.000271198019618, 2.60677479673e-05, 5.15135616297e-06, 1.02530520962e-05],
        "dvar": [0.000316751888022, 0.201198533177, 8.50688457489, 14.4625864029, 9.67531776428, 66.8011322021, 712.091430664, 1462.96313477, 1356.08557129, 1283.39611816, 4321.00927734, 2273.6496582, 4240.69042969, 2470.16943359, 6675.67871094, 4611.20117188, 2078.06201172, 4784.86523438, 1267.02587891, 1450.61291504, 634.008483887, 559.967529297, 246.511734009, 253.414733887, 58.2554206848, 92.6601104736, 145.118103027, 41.6444091797, 13.0077476501, 9.87590312958, 6.30620241165, 1.53274857998, 0.427911400795, 0.0461598597467, 4.07033112424e-05, 1.19010202582e-07, 1.99385326027e-07, 2.63359756225e-09, 8.20088996711e-11, 6.51360562709e-11],
        "dvar2": [0.000610189221334, 0.447353154421, 21.7673091888, 38.1157722473, 25.4984474182, 161.438262939, 1453.23742676, 3370.0534668, 2847.24511719, 3033.51806641, 11242.9755859, 5586.27978516, 9960.46386719, 6066.57177734, 17234.4980469, 12352.4208984, 5352.82714844, 12173.8173828, 2749.87109375, 3544.53515625, 1716.47131348, 1446.16113281, 641.823547363, 651.318847656, 155.763702393, 218.438827515, 311.256378174, 94.7438735962, 28.0742740631, 21.3510093689, 14.4542922974, 3.11897802353, 0.835375010967, 0.101020671427, 8.93115138751e-05, 2.62764729086e-07, 4.47835958539e-07, 5.84581938412e-09, 1.93714169705e-10, 1.38339964484e-10],
        "max": [0.29316419363, 5.52480316162, 36.3341941833, 53.0402069092, 65.3679046631, 234.767288208, 878.214904785, 1509.33459473, 943.442810059, 716.047119141, 1464.54675293, 1102.61254883, 1402.3972168, 1092.69506836, 1683.2878418, 2370.46826172, 1377.32104492, 2062.58081055, 1211.48706055, 1280.70910645, 770.381347656, 730.329650879, 416.709442139, 428.566253662, 136.932357788, 186.680786133, 312.250061035, 202.453445435, 68.0880966187, 74.2010650635, 62.1911315918, 27.3021221161, 18.0588989258, 5.66337442398, 0.169584661722, 0.0130582880229, 0.0125740962103, 0.00220056134276, 0.000508121098392, 0.000161760865012],
        "mean": [0.0130252325907, 0.230012223125, 0.964748561382, 1.42426323891, 2.24909234047, 8.50941944122, 22.548500061, 26.7437496185, 27.2346591949, 31.2259349823, 45.426940918, 32.0082244873, 42.7100639343, 43.145275116, 59.1524276733, 41.9389266968, 31.8990001678, 53.3702316284, 31.3785152435, 33.5322761536, 27.1899299622, 26.3437519073, 21.0827941895, 19.6997318268, 11.4134807587, 15.0496072769, 15.6515197754, 8.10610961914, 4.25513792038, 3.12951016426, 2.1649646759, 1.2503734827, 0.627783954144, 0.179341048002, 0.00514089455828, 0.000279195344774, 0.000336354307365, 4.18340459873e-05, 1.4562542674e-05, 2.68595777015e-05],
        "median": [0.00263995793648, 0.0297387614846, 0.198027059436, 0.466974198818, 1.08138358593, 3.44687700272, 6.10565519333, 8.29842472076, 7.21407794952, 10.234752655, 11.3865461349, 11.6448936462, 11.5090141296, 10.9977703094, 10.7695140839, 8.74104690552, 8.94582080841, 12.9380931854, 12.1334381104, 13.2928390503, 15.3278751373, 12.9307880402, 13.2324695587, 10.0907497406, 6.9653801918, 9.60848808289, 8.18597412109, 3.87914705276, 1.84407269955, 1.08370482922, 0.67429959774, 0.412786662579, 0.187111258507, 0.0546202734113, 0.00161310692783, 0.000106257102743, 0.000111776746053, 1.63040604093e-05, 1.30115749926e-05, 2.51792698691e-05],
        "min": [7.54428048098e-22, 6.55212307753e-21, 1.96096508955e-20, 1.13966514955e-19, 1.37437015203e-19, 5.47698966415e-20, 2.49816170562e-20, 2.10674785307e-19, 3.93887174278e-19, 5.28453381617e-19, 9.11823006106e-19, 1.60621021447e-18, 1.07748350136e-18, 1.54707765742e-18, 2.41362389872e-18, 2.37430738382e-18, 3.8744713894e-18, 5.24303716337e-18, 5.32458807278e-18, 4.36460857597e-18, 4.50471022427e-18, 5.79279835568e-18, 1.22363132295e-17, 1.01785815146e-17, 1.79768333568e-17, 1.68746184993e-17, 1.53736446839e-17, 1.13242936646e-17, 1.93004976992e-17, 1.36702746619e-17, 1.66281567271e-17, 1.4642982814e-17, 1.36755454568e-17, 1.13800795523e-17, 9.82174737883e-18, 5.03964089537e-18, 3.22833021404e-18, 1.41179599055e-18, 3.08941386386e-19, 3.81758360666e-20],
        "var": [0.000635103555396, 0.280943036079, 6.94372367859, 11.136097908, 13.9992990494, 207.580673218, 2659.9753418, 4085.83178711, 5784.53466797, 3372.80566406, 10054.6953125, 4179.43847656, 9566.81835938, 7158.74609375, 19239.6953125, 13848.7226562, 6565.44335938, 15285.9042969, 3690.5144043, 5304.64306641, 1397.2454834, 1553.12463379, 753.576599121, 794.701965332, 185.989242554, 291.75012207, 503.152038574, 143.494598389, 41.9674377441, 29.6305408478, 15.6678123474, 4.78906822205, 1.42209088802, 0.127704143524, 0.000107700812805, 2.66316476427e-07, 4.70503209726e-07, 5.73839464835e-09, 1.4277039273e-10, 3.49378165287e-10]
    },
    "gfcc": {
        "mean": [-39.911365509, 115.693984985, -179.240432739, 43.5612258911, -77.6838607788, 2.02600669861, -29.1049137115, -9.32677173615, -3.76213645935, -15.9046468735, 2.76945447922, -15.6782569885, 3.94806003571],
        "cov": [[5248.23486328, 368.948944092, 155.7940979, 52.6871490479, -331.58807373, -11.4389982224, -257.209228516, -185.341674805, -388.197753906, -156.067504883, -68.2895278931, -116.661880493, -24.2092189789], [368.948944092, 1173.70324707, 315.416351318, -179.537597656, 58.9961624146, -356.098999023, -11.3650369644, -224.810882568, -50.8035202026, -121.119537354, 98.5486373901, -56.3963088989, 120.502540588], [155.7940979, 315.416351318, 696.290405273, 174.005310059, -60.1757011414, -43.4226341248, -201.581481934, -12.5016832352, -55.1122970581, -62.7340698242, 9.0176897049, 51.0527191162, 7.00774526596], [52.6871490479, -179.537597656, 174.005310059, 325.426422119, 46.2865104675, 47.2157669067, -49.3657989502, 69.2890396118, 57.3187942505, 11.0069026947, -37.7741584778, 30.3545703888, -30.8519954681], [-331.58807373, 58.9961624146, -60.1757011414, 46.2865104675, 228.740859985, 85.8638916016, 96.4099655151, 14.2907705307, 22.4095840454, 22.7153816223, 2.36106801033, -19.3878955841, 12.8356313705], [-11.4389982224, -356.098999023, -43.4226341248, 47.2157669067, 85.8638916016, 427.787902832, 125.897338867, 83.1777114868, -60.4124031067, 33.966960907, -53.0883865356, 2.83818268776, -60.4947509766], [-257.209228516, -11.3650369644, -201.581481934, -49.3657989502, 96.4099655151, 125.897338867, 263.489044189, 37.4110145569, 22.9086437225, 32.9434318542, 10.454744339, -25.7531890869, 4.21887588501], [-185.341674805, -224.810882568, -12.5016832352, 69.2890396118, 14.2907705307, 83.1777114868, 37.4110145569, 200.810150146, 95.9086532593, 44.8635864258, -41.2157783508, -2.57688355446, -31.2870178223], [-388.197753906, -50.8035202026, -55.1122970581, 57.3187942505, 22.4095840454, -60.4124031067, 22.9086437225, 95.9086532593, 205.354415894, 70.8179244995, 3.26936483383, 5.81792020798, -3.11484980583], [-156.067504883, -121.119537354, -62.7340698242, 11.0069026947, 22.7153816223, 33.966960907, 32.9434318542, 44.8635864258, 70.8179244995, 137.942123413, 44.6865730286, -2.37379622459, -17.5218753815], [-68.2895278931, 98.5486373901, 9.0176897049, -37.7741584778, 2.36106801033, -53.0883865356, 10.454744339, -41.2157783508, 3.26936483383, 44.6865730286, 136.174835205, 52.0707588196, 19.3092327118], [-116.661880493, -56.3963088989, 51.0527191162, 30.3545703888, -19.3878955841, 2.83818268776, -25.7531890869, -2.57688355446, 5.81792020798, -2.37379622459, 52.0707588196, 112.06085968, 36.4444999695], [-24.2092189789, 120.502540588, 7.00774526596, -30.8519954681, 12.8356313705, -60.4947509766, 4.21887588501, -31.2870178223, -3.11484980583, -17.5218753815, 19.3092327118, 36.4444999695, 101.508659363]],
        "icov": [[0.000389987020753, -0.000816536718048, 0.000827955373097, -0.000998127041385, 0.0011384912068, -0.000699128315318, 0.000774676795118, -0.000510834390298, 0.000970581371803, -0.000355085503543, -4.39138202637e-05, 0.000288686424028, -0.000175251159817], [-0.000816536718048, 0.00621117418632, -0.00528900418431, 0.00482417875901, -0.00482102716342, 0.00417035538703, -0.00415335316211, 0.00390294054523, -0.00375186558813, 0.00373762543313, -0.00221682409756, 0.00337448040955, -0.00152601185255], [0.000827955373097, -0.00528900418431, 0.00692502874881, -0.00561823649332, 0.00467649661005, -0.00401134369895, 0.00528113404289, -0.00378494383767, 0.00391887221485, -0.00201207026839, 0.00026536747464, -0.00186751841102, 0.000315412355121], [-0.000998127041385, 0.00482417875901, -0.00561823649332, 0.00935513246804, -0.00619677407667, 0.00364349340089, -0.0032103897538, 0.00268816947937, -0.00459025241435, 0.00193653849419, 0.0012970137177, -0.00126464024652, 0.00158395839389], [0.0011384912068, -0.00482102716342, 0.00467649661005, -0.00619677407667, 0.0110823847353, -0.00518076401204, 0.00233239075169, -0.00230268668383, 0.00265848916024, -0.00204144860618, -0.000805745192338, 0.00176646094769, -0.0022588998545], [-0.000699128315318, 0.00417035538703, -0.00401134369895, 0.00364349340089, -0.00518076401204, 0.00837655737996, -0.00553805753589, 0.001009846339, 0.00104780949187, -0.000551827426534, 0.00265548145398, -0.00233260612004, 0.00272470712662], [0.000774676795118, -0.00415335316211, 0.00528113404289, -0.0032103897538, 0.00233239075169, -0.00553805753589, 0.0102909738198, -0.0034876014106, 0.00160034396686, -0.000817322405055, -0.00194554100744, 0.00130425882526, -0.00151325308252], [-0.000510834390298, 0.00390294054523, -0.00378494383767, 0.00268816947937, -0.00230268668383, 0.001009846339, -0.0034876014106, 0.011300300248, -0.00656385114416, 0.00117794179823, 0.00134485040326, 0.00114559708163, 0.000178970381967], [0.000970581371803, -0.00375186558813, 0.00391887221485, -0.00459025241435, 0.00265848916024, 0.00104780949187, 0.00160034396686, -0.00656385114416, 0.0134017728269, -0.00673607224599, 0.00292620086111, -0.00332691380754, 0.00110468373168], [-0.000355085503543, 0.00373762543313, -0.00201207026839, 0.00193653849419, -0.00204144860618, -0.000551827426534, -0.000817322405055, 0.00117794179823, -0.00673607224599, 0.0157641451806, -0.00942842103541, 0.00701397564262, -0.00167818367481], [-4.39138202637e-05, -0.00221682409756, 0.00026536747464, 0.0012970137177, -0.000805745192338, 0.00265548145398, -0.00194554100744, 0.00134485040326, 0.00292620086111, -0.00942842103541, 0.0180131942034, -0.0125077944249, 0.00470329681411], [0.000288686424028, 0.00337448040955, -0.00186751841102, -0.00126464024652, 0.00176646094769, -0.00233260612004, 0.00130425882526, 0.00114559708163, -0.00332691380754, 0.00701397564262, -0.0125077944249, 0.0221872478724, -0.00998506508768], [-0.000175251159817, -0.00152601185255, 0.000315412355121, 0.00158395839389, -0.0022588998545, 0.00272470712662, -0.00151325308252, 0.000178970381967, 0.00110468373168, -0.00167818367481, 0.00470329681411, -0.00998506508768, 0.0165427438915]]
    },
    "melbands": {
        "dmean": [0.000124206329929, 0.000432761094999, 0.000235530023929, 0.000171635547304, 0.000358927180059, 0.000294581259368, 0.000186382778338, 0.000191120270756, 0.000205460572033, 0.000126565311803, 0.000125938269775, 9.04507105588e-05, 0.000110220855277, 7.33818014851e-05, 4.74772205052e-05, 4.14304122387e-05, 5.46064984519e-05, 2.87521779683e-05, 2.37975837081e-05, 2.04816133191e-05, 1.66412155522e-05, 1.48086719491e-05, 9.6781850516e-06, 1.1330088455e-05, 7.65111417422e-06, 4.06813751397e-06, 3.8894258978e-06, 4.8647125368e-06, 5.25960695086e-06, 3.09272604682e-06, 2.03711465474e-06, 1.1290206885e-06, 1.01995908608e-06, 7.94640925506e-07, 6.9904689326e-07, 5.17291255164e-07, 3.317070707e-07, 2.46590502684e-07, 1.90564904301e-07, 4.55953674816e-08],
        "dmean2": [0.000179554990609, 0.000694933405612, 0.000399403477786, 0.00027619159664, 0.000556263141334, 0.000451494124718, 0.000282411696389, 0.000299342558719, 0.000325841247104, 0.0002003020345, 0.00019619311206, 0.000142906152178, 0.00017383658269, 0.000116766110295, 7.8308636148e-05, 6.49836438242e-05, 8.6392108642e-05, 4.43921453552e-05, 3.74925075448e-05, 3.34222313541e-05, 2.66554088739e-05, 2.41116595134e-05, 1.58414295583e-05, 1.85499320651e-05, 1.25163796838e-05, 6.67260701448e-06, 6.35115475234e-06, 7.65867844166e-06, 8.16222927824e-06, 4.80519975099e-06, 3.13636132887e-06, 1.72831619238e-06, 1.55580210048e-06, 1.21417224364e-06, 1.09653251457e-06, 8.04454032277e-07, 4.82988127715e-07, 3.59517486004e-07, 2.89137858545e-07, 7.09056351411e-08],
        "dvar": [7.14412422553e-08, 1.31522881475e-06, 3.4529884374e-07, 9.24558563042e-08, 6.35444166619e-07, 6.35219180367e-07, 2.70111286227e-07, 1.60704132668e-07, 2.75582181075e-07, 9.00258214642e-08, 1.08562225876e-07, 4.30067039758e-08, 7.6914105307e-08, 6.10169621496e-08, 2.80465641822e-08, 1.26931212208e-08, 1.87812254637e-08, 5.33292432436e-09, 3.16383785837e-09, 3.43089889832e-09, 9.41852151826e-10, 9.19060050286e-10, 2.61560467729e-10, 5.53349255306e-10, 2.12104320219e-10, 4.74726265243e-11, 4.20400519952e-11, 5.85989382018e-11, 9.33615337817e-11, 3.44317317713e-11, 1.53789845442e-11, 5.41756396688e-12, 7.58909168147e-12, 3.04519560609e-12, 2.61363673759e-12, 1.44836042031e-12, 4.995296711e-13, 2.97484937075e-13, 1.63765119629e-13, 1.35136940836e-14],
        "dvar2": [1.35687258762e-07, 3.26332792611e-06, 8.74347847457e-07, 2.27037190825e-07, 1.37662925681e-06, 1.44658099543e-06, 5.77754519782e-07, 3.84352773608e-07, 7.0804611596e-07, 2.20400096396e-07, 2.54656498555e-07, 1.03324524048e-07, 1.92425659407e-07, 1.55035976945e-07, 7.71771766495e-08, 3.09058805215e-08, 4.68959626687e-08, 1.15976579451e-08, 7.35345428993e-09, 9.21954512734e-09, 2.48146347914e-09, 2.29714935962e-09, 7.10206948806e-10, 1.43932921137e-09, 5.46427181281e-10, 1.27327245969e-10, 1.10811811116e-10, 1.36243363813e-10, 2.06818465132e-10, 7.87134801783e-11, 3.63420994687e-11, 1.22766059471e-11, 1.80313333709e-11, 6.88912989155e-12, 6.14453756972e-12, 3.42003270322e-12, 1.0528108333e-12, 6.20725530438e-13, 3.72388507834e-13, 3.11881359768e-14],
        "max": [0.00344658549875, 0.013984715566, 0.007957091555, 0.00778066180646, 0.0232014860958, 0.0294069629163, 0.0124996546656, 0.00854426156729, 0.0112237269059, 0.00604347232729, 0.00745671708137, 0.0041864993982, 0.00546946143731, 0.00802674982697, 0.00438019027933, 0.00362575706095, 0.00367254181765, 0.00270258705132, 0.00178483454511, 0.00255427020602, 0.000665797619149, 0.00107284705155, 0.000338427926181, 0.000676508410834, 0.000372404232621, 0.000129636275233, 0.00016471647541, 0.000177525434992, 0.00026144090225, 0.000156164824148, 0.000114743219456, 5.99910636083e-05, 8.84533073986e-05, 4.75893393741e-05, 3.33081370627e-05, 2.4725251933e-05, 1.51012809511e-05, 1.443387373e-05, 8.85583813215e-06, 3.24689131048e-06],
        "mean": [0.000177383815753, 0.00045068457257, 0.000266842485871, 0.000320705788909, 0.000738994858693, 0.000603080901783, 0.000409308995586, 0.00035844228114, 0.000351652968675, 0.000205022937735, 0.00021180663316, 0.000165532299434, 0.000208248675335, 0.000133194349473, 8.32881269162e-05, 7.57603993407e-05, 0.000100864657725, 4.99498346471e-05, 4.61425697722e-05, 3.96636751248e-05, 2.98085942632e-05, 2.80756594293e-05, 1.9163626348e-05, 2.16421249206e-05, 1.54415611178e-05, 8.32367550174e-06, 8.10775964055e-06, 1.03531592686e-05, 1.11925173769e-05, 6.35438846075e-06, 4.19320758738e-06, 2.41203201767e-06, 1.99892951969e-06, 1.61972218393e-06, 1.31803778913e-06, 9.80477580015e-07, 6.56788756714e-07, 4.54414816886e-07, 3.531930588e-07, 7.04028266796e-08],
        "median": [2.58227628365e-05, 9.41886028158e-05, 0.000103316291643, 0.000162468044437, 0.000227302487474, 0.000188945428818, 0.000113061527372, 0.000107767307782, 8.30044882605e-05, 6.22286897851e-05, 4.89951271447e-05, 3.65516534657e-05, 3.51576163666e-05, 2.25610783673e-05, 1.63342356245e-05, 1.98199595616e-05, 2.10729231185e-05, 1.55149791681e-05, 1.70114817593e-05, 1.42003173096e-05, 1.51801168613e-05, 1.2063241229e-05, 1.02343055914e-05, 1.0824814126e-05, 6.72463102092e-06, 4.35282072431e-06, 4.74562057207e-06, 6.01812917012e-06, 5.41419376532e-06, 2.66469623966e-06, 1.65973938238e-06, 9.25128688323e-07, 7.11202517323e-07, 5.26349708707e-07, 3.8816043002e-07, 3.15919180593e-07, 2.09599704704e-07, 1.22399484326e-07, 1.02930655999e-07, 2.05937098485e-08],
        "min": [8.53265718334e-24, 1.00863124253e-23, 2.43318008878e-23, 4.81301235443e-24, 1.03310870895e-24, 4.84434275414e-24, 5.51686915838e-24, 7.19631971015e-24, 7.26247358566e-24, 9.87001149824e-24, 4.86614292526e-24, 5.51837588271e-24, 8.13955043933e-24, 6.06641451407e-24, 6.53392109664e-24, 6.98752321689e-24, 1.00935502241e-23, 1.04115100783e-23, 4.56554077201e-24, 6.34046439812e-24, 5.38597070736e-24, 6.34312601481e-24, 8.27917566411e-24, 1.31756321474e-23, 6.77593178945e-24, 1.32325792273e-23, 1.12591726754e-23, 1.14750192185e-23, 8.76474558368e-24, 8.42296686333e-24, 5.74010062291e-24, 1.02269892017e-23, 7.09761191166e-24, 7.93489625468e-24, 9.48349884253e-24, 9.50600267758e-24, 8.90482361462e-24, 8.64103010564e-24, 1.00635246003e-23, 8.98203810888e-24],
        "var": [1.35816534907e-07, 1.24879625218e-06, 3.04714802724e-07, 2.21571866632e-07, 2.47977027357e-06, 1.8952374603e-06, 1.1416199186e-06, 4.27562895311e-07, 6.24284666628e-07, 1.80154714258e-07, 2.47266626729e-07, 1.2144668915e-07, 2.23389662324e-07, 1.72062740944e-07, 7.20476904803e-08, 4.08037692523e-08, 5.6855675723e-08, 1.39190188264e-08, 1.05535322703e-08, 9.05616470703e-09, 1.90751392459e-09, 2.32511587761e-09, 6.15609174748e-10, 1.39772160512e-09, 6.01708627368e-10, 1.30678912136e-10, 1.13117099021e-10, 1.69749464485e-10, 2.92913138189e-10, 9.44642905565e-11, 4.767270953e-11, 1.59544825268e-11, 1.45633227699e-11, 8.81347685805e-12, 6.18824652979e-12, 3.38894971114e-12, 1.41809968716e-12, 8.39863551969e-13, 4.72706292512e-13, 2.69328457377e-14]
    },
    "mfcc": {
        "mean": [-650.710754395, 115.427894592, -31.5625, 21.4163627625, -15.7476987839, 0.582259058952, -10.9333076477, -1.00957596302, -5.24649906158, 3.1758286953, -8.73241329193, 4.61490726471, -4.87759637833],
        "cov": [[4785.48730469, 77.4368057251, 275.397521973, -37.7633399963, -75.9149856567, -19.0200004578, 76.8966827393, -126.775840759, -185.606567383, -201.923461914, -168.958084106, -123.905281067, -216.742752075], [77.4368057251, 1272.68054199, 104.286231995, 96.0564117432, -42.6773033142, -128.374191284, -14.827753067, -148.946487427, -161.683822632, -49.469291687, -174.941879272, -8.33845424652, -95.8135452271], [275.397521973, 104.286231995, 688.368835449, 112.992889404, 158.09072876, -53.8012962341, -71.4217071533, 12.5709886551, -86.8273925781, -82.8795547485, -47.1940307617, -48.4997177124, -13.8986873627], [-37.7633399963, 96.0564117432, 112.992889404, 308.236480713, 83.8916244507, -64.4482421875, -103.593833923, -12.3712806702, -2.64721679688, 3.08473491669, -35.2513694763, 62.713306427, 5.00325202942], [-75.9149856567, -42.6773033142, 158.09072876, 83.8916244507, 225.527801514, 19.8454151154, -13.622209549, 19.7197589874, 25.3670005798, -14.2684640884, 12.3196907043, 2.55985569954, 2.33705163002], [-19.0200004578, -128.374191284, -53.8012962341, -64.4482421875, 19.8454151154, 240.955688477, 143.114517212, 53.3982620239, 27.9208679199, 18.6388473511, 42.585773468, -29.1807003021, -4.66305494308], [76.8966827393, -14.827753067, -71.4217071533, -103.593833923, -13.622209549, 143.114517212, 265.360717773, 41.301776886, 23.7280921936, 1.84674632549, 36.3031158447, -31.3112735748, -26.1869716644], [-126.775840759, -148.946487427, 12.5709886551, -12.3712806702, 19.7197589874, 53.3982620239, 41.301776886, 168.553085327, 67.2381210327, 24.3174285889, 20.4345417023, -24.0036411285, 19.7366962433], [-185.606567383, -161.683822632, -86.8273925781, -2.64721679688, 25.3670005798, 27.9208679199, 23.7280921936, 67.2381210327, 198.829940796, 78.4346008301, 65.2852706909, 4.48414325714, 6.85537433624], [-201.923461914, -49.469291687, -82.8795547485, 3.08473491669, -14.2684640884, 18.6388473511, 1.84674632549, 24.3174285889, 78.4346008301, 151.060455322, 49.8706626892, 34.2114372253, 9.92004108429], [-168.958084106, -174.941879272, -47.1940307617, -35.2513694763, 12.3196907043, 42.585773468, 36.3031158447, 20.4345417023, 65.2852706909, 49.8706626892, 165.033401489, 36.4735908508, 37.9199752808], [-123.905281067, -8.33845424652, -48.4997177124, 62.713306427, 2.55985569954, -29.1807003021, -31.3112735748, -24.0036411285, 4.48414325714, 34.2114372253, 36.4735908508, 154.420593262, 51.3057327271], [-216.742752075, -95.8135452271, -13.8986873627, 5.00325202942, 2.33705163002, -4.66305494308, -26.1869716644, 19.7366962433, 6.85537433624, 9.92004108429, 37.9199752808, 51.3057327271, 133.367538452]],
