{
"lowlevel": {
    "average_loudness": 0.926350176334,
    "barkbands_crest": {
        "dmean": 2.56515407562,
        "dmean2": 4.17154216766,
        "dvar": 5.17216491699,
        "dvar2": 12.7387542725,
        "max": 26.8997898102,
        "mean": 9.58125305176,
        "median": 8.60752677917,
        "min": 2.64632248878,
        "var": 18.0313243866
    },
    "barkbands_flatness_db": {
        "dmean": 0.0179382469505,
        "dmean2": 0.0282732956111,
        "dvar": 0.000261099892668,
        "dvar2": 0.000586403766647,
        "max": 0.564678251743,
        "mean": 0.183145552874,
        "median": 0.178111046553,
        "min": 0.0332387126982,
        "var": 0.00157754682004
    },
    "barkbands_kurtosis": {
        "dmean": 2.29764175415,
        "dmean2": 3.68746089935,
        "dvar": 979.969726562,
        "dvar2": 2540.13476562,
        "max": 2207.0769043,
        "mean": 2.71904587746,
        "median": 0.638706803322,
        "min": -1.86463785172,
        "var": 822.385009766
    },
    "barkbands_skewness": {
        "dmean": 0.427149325609,
        "dmean2": 0.664113521576,
        "dvar": 0.481337696314,
        "dvar2": 1.08061540127,
        "max": 46.3603935242,
        "mean": 0.974861443043,
        "median": 0.803439497948,
        "min": -2.10415935516,
        "var": 1.40605711937
    },
    "barkbands_spread": {
        "dmean": 3.49379754066,
        "dmean2": 5.39945316315,
        "dvar": 16.9034633636,
        "dvar2": 33.5157318115,
        "max": 131.749191284,
        "mean": 16.1508998871,
        "median": 14.7034950256,
        "min": 0.252161383629,
        "var": 84.2653808594
    },
    "dissonance": {
        "dmean": 0.0201475266367,
        "dmean2": 0.0339037962258,
        "dvar": 0.000367014406947,
        "dvar2": 0.000996708171442,
        "max": 0.500000059605,
        "mean": 0.458131551743,
        "median": 0.464979559183,
        "min": 0.239784881473,
        "var": 0.000911335228011
    },
    "dynamic_complexity": 2.57620835304,
    "erbbands_crest": {
        "dmean": 2.84406161308,
        "dmean2": 4.62038707733,
        "dvar": 6.71148729324,
        "dvar2": 16.7884864807,
        "max": 30.1910190582,
        "mean": 10.161989212,
        "median": 9.12637996674,
        "min": 2.82619833946,
        "var": 19.1547527313
    },
    "erbbands_flatness_db": {
        "dmean": 0.0155245456845,
        "dmean2": 0.0235148519278,
        "dvar": 0.000193307903828,
        "dvar2": 0.000398586562369,
        "max": 0.357138007879,
        "mean": 0.245254456997,
        "median": 0.248954355717,
        "min": 0.0723994970322,
        "var": 0.00113996758591
    },
    "erbbands_kurtosis": {
        "dmean": 0.922965109348,
        "dmean2": 1.4641661644,
        "dvar": 1.90330529213,
        "dvar2": 4.34242153168,
        "max": 44.6110610962,
        "mean": 0.466577857733,
        "median": -0.121705651283,
        "min": -1.81336736679,
        "var": 5.46888780594
    },
    "erbbands_skewness": {
        "dmean": 0.381551593542,
        "dmean2": 0.588627040386,
        "dvar": 0.117259897292,
        "dvar2": 0.261127799749,
        "max": 5.70994615555,
        "mean": 0.377440869808,
        "median": 0.342647492886,
        "min": -3.48828244209,
        "var": 0.69196075201
    },
    "erbbands_spread": {
        "dmean": 5.14320802689,
        "dmean2": 8.03258800507,
        "dvar": 28.4221572876,
        "dvar2": 64.8208847046,
        "max": 113.512153625,
        "mean": 26.4104633331,
        "median": 24.4552726746,
        "min": 3.52056527138,
        "var": 139.295547485
    },
    "hfc": {
        "dmean": 5.29423522949,
        "dmean2": 8.01694202423,
        "dvar": 35.5774803162,
        "dvar2": 78.1566238403,
        "max": 101.486434937,
        "mean": 22.7544059753,
        "median": 20.5493793488,
        "min": 1.11080959494e-16,
        "var": 240.524169922
    },
    "melbands_crest": {
        "dmean": 3.08099794388,
        "dmean2": 5.03367090225,
        "dvar": 7.49983119965,
        "dvar2": 18.208486557,
        "max": 39.9816131592,
        "mean": 11.8768577576,
        "median": 10.7791938782,
        "min": 1.82689249516,
        "var": 27.106306076
    },
    "melbands_flatness_db": {
        "dmean": 0.0191365089267,
        "dmean2": 0.0293399449438,
        "dvar": 0.000326068635331,
        "dvar2": 0.00070607586531,
        "max": 0.541429340839,
        "mean": 0.202954560518,
        "median": 0.19454446435,
        "min": 0.00361314532347,
        "var": 0.00357005745173
    },
    "melbands_kurtosis": {
        "dmean": 4.06123256683,
        "dmean2": 6.46388196945,
        "dvar": 2893.18188477,
        "dvar2": 7562.875,
        "max": 3773.88208008,
        "mean": 6.36065769196,
        "median": 2.52620172501,
        "min": -1.78966867924,
        "var": 2390.65136719
    },
    "melbands_skewness": {
        "dmean": 0.491926193237,
        "dmean2": 0.762771368027,
        "dvar": 0.789538323879,
        "dvar2": 1.843536973,
        "max": 59.6730461121,
        "mean": 1.54755318165,
        "median": 1.3295623064,
        "min": -1.00101578236,
        "var": 1.9918487072
    },
    "melbands_spread": {
        "dmean": 5.82989645004,
        "dmean2": 8.98972606659,
        "dvar": 53.3546791077,
        "dvar2": 101.876190186,
        "max": 197.207733154,
        "mean": 23.7522678375,
        "median": 21.4289588928,
        "min": 0.246498554945,
        "var": 266.460357666
    },
    "pitch_salience": {
        "dmean": 0.062739700079,
        "dmean2": 0.101468883455,
        "dvar": 0.00299391080625,
        "dvar2": 0.0074229342863,
        "max": 0.925488352776,
        "mean": 0.578323483467,
        "median": 0.584799289703,
        "min": 0.00245007500052,
        "var": 0.011985595338
    },
    "silence_rate_20dB": {
        "dmean": 0,
        "dmean2": 0,
        "dvar": 0,
        "dvar2": 0,
        "max": 1,
        "mean": 1,
        "median": 1,
        "min": 1,
        "var": 0
    },
    "silence_rate_30dB": {
        "dmean": 0,
        "dmean2": 0,
        "dvar": 0,
        "dvar2": 0,
        "max": 1,
        "mean": 1,
        "median": 1,
        "min": 1,
        "var": 0
    },
    "silence_rate_60dB": {
        "dmean": 0.00972627475858,
        "dmean2": 0.0194552522153,
        "dvar": 0.00963009987026,
        "dvar2": 0.0213028173894,
        "max": 1,
        "mean": 0.029313698411,
        "median": 0,
        "min": 0,
        "var": 0.0284502450377
    },
    "spectral_centroid": {
        "dmean": 196.342315674,
        "dmean2": 307.186553955,
        "dvar": 63207.046875,
        "dvar2": 127794.257812,
        "max": 11281.7529297,
        "mean": 1347.51928711,
        "median": 1348.4855957,
        "min": 273.26348877,
        "var": 405771.125
    },
    "spectral_complexity": {
        "dmean": 2.95484232903,
        "dmean2": 4.67231798172,
        "dvar": 7.67575454712,
        "dvar2": 17.5921363831,
        "max": 52,
        "mean": 21.4566555023,
        "median": 22,
        "min": 0,
        "var": 87.8593902588
    },
    "spectral_decrease": {
        "dmean": 1.51230672429e-09,
        "dmean2": 2.34930497278e-09,
        "dvar": 2.8970706417e-18,
        "dvar2": 6.60777102316e-18,
        "max": 5.85400550145e-29,
        "mean": -5.75126835045e-09,
        "median": -5.30058130721e-09,
        "min": -2.64171067244e-08,
        "var": 1.18371034581e-17
    },
    "spectral_energy": {
        "dmean": 0.00610889401287,
        "dmean2": 0.00947214104235,
        "dvar": 4.64131553599e-05,
        "dvar2": 0.000105275190435,
        "max": 0.10388610512,
        "mean": 0.0237705465406,
        "median": 0.0220074690878,
        "min": 1.02013276889e-20,
        "var": 0.00019932455325
    },
    "spectral_energyband_high": {
        "dmean": 0.000149173152749,
        "dmean2": 0.000224254690693,
        "dvar": 1.08924140818e-07,
        "dvar2": 1.96300533162e-07,
        "max": 0.0116407154128,
        "mean": 0.000403699668823,
        "median": 0.000224875548156,
        "min": 7.45812293569e-21,
        "var": 4.56097922097e-07
    },
    "spectral_energyband_low": {
        "dmean": 0.000585375528317,
        "dmean2": 0.000976747018285,
        "dvar": 1.40079339417e-06,
        "dvar2": 3.60332046512e-06,
        "max": 0.0298984348774,
        "mean": 0.00109529099427,
        "median": 0.00065012217965,
        "min": 6.09471852781e-23,
        "var": 2.32400543609e-06
    },
    "spectral_energyband_middle_high": {
        "dmean": 0.00284855323844,
        "dmean2": 0.00439743883908,
        "dvar": 1.4420907064e-05,
        "dvar2": 3.35514087055e-05,
        "max": 0.0623479001224,
        "mean": 0.0097025660798,
        "median": 0.00698071625084,
        "min": 1.24931030657e-21,
        "var": 8.43345769681e-05
    },
    "spectral_energyband_middle_low": {
        "dmean": 0.00479293474928,
        "dmean2": 0.0075516635552,
        "dvar": 3.56721284334e-05,
        "dvar2": 8.49243879202e-05,
        "max": 0.0977761000395,
        "mean": 0.0131049575284,
        "median": 0.0108957989141,
        "min": 2.07515805974e-22,
        "var": 0.000100675475551
    },
    "spectral_entropy": {
        "dmean": 0.124747276306,
        "dmean2": 0.189929589629,
        "dvar": 0.0158071462065,
        "dvar2": 0.0333704724908,
        "max": 9.81104564667,
        "mean": 7.26764965057,
        "median": 7.3202085495,
        "min": 5.59042835236,
        "var": 0.15314629674
    },
    "spectral_flux": {
        "dmean": 0.0171915069222,
        "dmean2": 0.0283364616334,
        "dvar": 0.000304647255689,
        "dvar2": 0.000749175727833,
        "max": 0.26073294878,
        "mean": 0.0793832242489,
        "median": 0.0786366313696,
        "min": 6.69003116793e-11,
        "var": 0.00105700467248
    },
    "spectral_kurtosis": {
        "dmean": 3.27036523819,
        "dmean2": 5.7919421196,
        "dvar": 10.872792244,
        "dvar2": 32.7447509766,
        "max": 48.3047294617,
        "mean": 5.39513254166,
        "median": 4.21276378632,
        "min": -1.23577189445,
        "var": 23.5497341156
    },
    "spectral_rms": {
        "dmean": 0.000607108057011,
        "dmean2": 0.000930418435019,
        "dvar": 3.44712105971e-07,
        "dvar2": 7.36441165827e-07,
        "max": 0.010067387484,
        "mean": 0.0045787319541,
        "median": 0.00463364878669,
        "min": 3.154760524e-12,
        "var": 2.22597032007e-06
    },
    "spectral_rolloff": {
        "dmean": 327.324035645,
        "dmean2": 553.145629883,
        "dvar": 304100.46875,
        "dvar2": 603764.5625,
        "max": 18798.4863281,
        "mean": 1609.8963623,
        "median": 1485.79101562,
        "min": 21.533203125,
        "var": 1265836.75
    },
    "spectral_skewness": {
        "dmean": 0.323124915361,
        "dmean2": 0.558938443661,
        "dvar": 0.0837734639645,
        "dvar2": 0.240950971842,
        "max": 5.34496974945,
        "mean": 1.36029326916,
        "median": 1.25354743004,
        "min": -0.583575189114,
        "var": 0.356352508068
    },
    "spectral_spread": {
        "dmean": 257412.328125,
        "dmean2": 402543.34375,
        "dvar": 442171785216,
        "dvar2": 845926432768,
        "max": 48563760,
        "mean": 2782292.25,
        "median": 2587854.5,
        "min": 1178963.5,
        "var": 2.03508626227e+12
    },
    "spectral_strongpeak": {
        "dmean": 0.837193250656,
        "dmean2": 1.39401340485,
        "dvar": 1.17301809788,
        "dvar2": 2.89643311501,
        "max": 16.0315208435,
        "mean": 1.71901166439,
        "median": 1.26831030846,
        "min": 0,
        "var": 2.44518923759
    },
    "zerocrossingrate": {
        "dmean": 0.00616664532572,
        "dmean2": 0.00734396465123,
        "dvar": 0.000111443499918,
        "dvar2": 0.00012514545233,
        "max": 0.68115234375,
        "mean": 0.0562618970871,
        "median": 0.0546875,
        "min": 0,
        "var": 0.000993108958937
    },
    "barkbands": {
        "dmean": [1.61412681337e-05, 0.000303220440401, 0.000273725949228, 0.000412742956541, 0.00178982538637, 0.00147424591705, 0.00115512288176, 0.00115643569734, 0.00126397144049, 0.0012368693715, 0.000990501139313, 0.000578479201067, 0.000697823532391, 0.000413072819356, 0.000399387528887, 0.000495174492244, 0.000485745142214, 0.000270550634013, 0.000135942813358, 0.000107402651338, 6.34734969935e-05, 3.41843988281e-05, 2.06666973099e-05, 7.54224447519e-06, 9.37337688356e-07, 1.74976566569e-08, 1.06540010147e-09],
        "dmean2": [2.81077191175e-05, 0.000513119215611, 0.000464482436655, 0.000724617100786, 0.00289402646013, 0.00234495685436, 0.00179249886423, 0.00181549182162, 0.00198186584748, 0.00194530177396, 0.0015481421724, 0.000943933147937, 0.00114476215094, 0.000674096751027, 0.000650734233204, 0.000785394455306, 0.000786954944488, 0.000447294703918, 0.000222896720516, 0.000175064007635, 0.000101178527984, 4.98644112668e-05, 2.97757396766e-05, 1.05084527604e-05, 1.43265242514e-06, 2.45521754039e-08, 1.96035387923e-09],
        "dvar": [7.24080240211e-10, 2.93902616022e-07, 4.73653585686e-07, 1.46149045577e-06, 9.48691558733e-06, 6.10886945651e-06, 5.66586095374e-06, 8.91743638931e-06, 6.79353979649e-06, 6.63378750687e-06, 3.23216681863e-06, 1.58445311627e-06, 1.76235676008e-06, 7.33665672215e-07, 5.49686546947e-07, 1.27118164528e-06, 8.31286513403e-07, 2.15150649296e-07, 4.25144683902e-08, 3.14783576982e-08, 2.65418869105e-08, 1.33088677856e-08, 6.22721207932e-09, 7.53219153715e-10, 1.39902317162e-11, 3.06099432402e-15, 5.3859921712e-18],
        "dvar2": [1.96507810024e-09, 8.15062833226e-07, 1.27467842503e-06, 4.04749698646e-06, 2.51478013524e-05, 1.47504588313e-05, 1.3142644093e-05, 2.05641226785e-05, 1.57528884301e-05, 1.62497490237e-05, 7.3176861406e-06, 4.02491650675e-06, 4.46978401669e-06, 1.84732880371e-06, 1.4177136336e-06, 3.03009983327e-06, 1.95258076019e-06, 5.50660445242e-07, 1.10244783968e-07, 7.94407597482e-08, 6.29439682598e-08, 2.29926424566e-08, 1.22681003134e-08, 1.29823030104e-09, 2.96207537664e-11, 5.30682235081e-15, 1.58527311511e-17],
        "max": [0.000657526659779, 0.0119612608105, 0.0190972685814, 0.0313669480383, 0.0583104975522, 0.0699750706553, 0.0467767044902, 0.0767854675651, 0.0483343489468, 0.0446390993893, 0.0393329113722, 0.0374638587236, 0.025154883042, 0.0194208752364, 0.0134183410555, 0.0370054319501, 0.0218718405813, 0.0123183503747, 0.00547019345686, 0.00475767021999, 0.00614877184853, 0.00587822403759, 0.00272374274209, 0.00114792643581, 0.000105969513243, 2.44395050686e-06, 8.40424974058e-08],
        "mean": [1.77159454324e-05, 0.00050070026191, 0.000404172809795, 0.000467664736789, 0.0032623836305, 0.00269338814542, 0.00198964681476, 0.00181180925574, 0.00218840036541, 0.00223222491331, 0.0017119445838, 0.000916961114854, 0.00113510363735, 0.000700318312738, 0.000712153443601, 0.00085047428729, 0.000874319579452, 0.000504659896251, 0.000285932677798, 0.000248156109592, 0.000133349880343, 7.14728084859e-05, 4.21223630838e-05, 1.41011605592e-05, 1.30298280965e-06, 2.91785973161e-08, 9.12222186678e-10],
        "median": [1.02314079413e-05, 0.000267925148364, 0.000165525576449, 0.000144062563777, 0.00171805650461, 0.0014611997176, 0.000725293299183, 0.000583117071074, 0.000682324462105, 0.000473339081509, 0.000667248270474, 0.000347443216015, 0.000458773283754, 0.000216586733586, 0.000271426921245, 0.000328868103679, 0.000402523291996, 0.000316915742587, 0.000176080240635, 0.000132354456582, 7.22667609807e-05, 2.43687863986e-05, 1.35792724905e-05, 3.77798733098e-06, 2.82008443264e-07, 8.18873147068e-09, 4.13338974159e-10],
        "min": [4.72639384932e-24, 4.16145505635e-24, 8.45071820111e-24, 2.31044500706e-24, 3.14210713842e-23, 6.63227075228e-24, 3.11611322496e-23, 4.30370758237e-24, 2.0309025212e-23, 3.75233711809e-23, 2.21532968114e-23, 3.46140679396e-23, 6.23594482468e-23, 5.17659929228e-23, 6.26224292291e-23, 8.05464975772e-23, 1.43165455818e-22, 1.64122826876e-22, 1.50661893716e-22, 2.67767815468e-22, 3.33460869994e-22, 4.91094211518e-22, 6.07528617003e-22, 6.65392586765e-22, 7.80578042421e-22, 1.472437632e-21, 2.14559099448e-21],
        "var": [6.83578638139e-10, 5.10843221946e-07, 6.16499050921e-07, 1.31076910748e-06, 2.09256886592e-05, 1.40479469337e-05, 1.36134804052e-05, 1.69907689269e-05, 1.62320848176e-05, 1.82307667274e-05, 8.90085266292e-06, 2.89483296001e-06, 3.29644558406e-06, 1.65203266533e-06, 1.36597009259e-06, 3.09417600874e-06, 1.89242746274e-06, 4.2996472871e-07, 1.10927715014e-07, 9.97185267693e-08, 6.39829522697e-08, 4.60454749884e-08, 1.83315282953e-08, 2.1916339854e-09, 2.32711575704e-11, 7.94056033898e-15, 3.59418496115e-18]
    },
    "erbbands": {
        "dmean": [0.00688033457845, 0.0775775909424, 0.285354316235, 0.775294244289, 2.46582508087, 6.98515939713, 12.0242519379, 13.4893712997, 12.6275806427, 22.9117832184, 19.7698345184, 30.0453834534, 33.2462348938, 40.0441856384, 34.3259735107, 18.9806346893, 30.6207618713, 21.2459888458, 19.252664566, 19.0791130066, 26.849439621, 24.9214420319, 16.9022502899, 9.28050994873, 5.02346515656, 4.69355201721, 3.60537266731, 1.72185361385, 1.28547346592, 0.921591818333, 0.551118969917, 0.231521174312, 0.0963783115149, 0.0205174647272, 0.000634343130514, 3.98038500862e-05, 6.51694790577e-05, 7.61367800806e-06, 3.37482970281e-06, 7.16393287803e-06],
        "dmean2": [0.0116263926029, 0.131253197789, 0.482044041157, 1.34560346603, 4.20390033722, 11.3550672531, 19.1209945679, 21.4869995117, 19.875749588, 35.5972137451, 31.0268268585, 47.0874214172, 52.408782959, 61.4769935608, 54.6790618896, 31.206703186, 49.9078483582, 34.5240097046, 31.4774074554, 30.2304267883, 42.8932647705, 40.2620048523, 27.8019046783, 15.1925773621, 8.19218158722, 7.56009721756, 5.76103544235, 2.71555399895, 1.91784787178, 1.33020687103, 0.808201551437, 0.330089628696, 0.135737493634, 0.0301305633038, 0.000925322936382, 5.5192525906e-05, 9.27131186472e-05, 1.04334103526e-05, 5.10440077051e-06, 1.10726041385e-05],
        "dvar": [9.8738259112e-05, 0.0221206098795, 0.425125837326, 4.61283779144, 43.9331893921, 145.748779297, 472.561645508, 578.984008789, 606.464294434, 2239.52197266, 1985.95031738, 4402.125, 5049.64355469, 6845.95263672, 4632.14746094, 1553.46728516, 3430.54760742, 1552.01501465, 1382.63525391, 1464.23205566, 3647.28076172, 2189.58447266, 943.051147461, 190.770462036, 63.4476966858, 62.9496002197, 62.368812561, 26.361497879, 18.8010559082, 11.084649086, 4.87147712708, 0.674898266792, 0.164999231696, 0.00664641382173, 6.20669561613e-06, 1.72838134915e-08, 4.35162839096e-08, 6.23465168381e-10, 1.39571852339e-11, 6.23444212922e-11],
        "dvar2": [0.000283098546788, 0.0605379864573, 1.13942086697, 12.4483089447, 118.948310852, 380.16204834, 1177.11755371, 1447.02746582, 1401.80456543, 5162.71191406, 4496.34375, 10247.9667969, 12281.6660156, 15392.2939453, 11177.3769531, 3938.59423828, 8702.42285156, 4043.87670898, 3548.15209961, 3379.93823242, 9113.77441406, 5185.70800781, 2366.02026367, 516.141357422, 161.768829346, 154.89666748, 142.421768188, 58.8447875977, 33.1828765869, 20.0619621277, 9.49418067932, 1.31276988983, 0.30809623003, 0.0125691164285, 1.17032932394e-05, 2.93810344942e-08, 8.0591952667e-08, 9.86459913754e-10, 2.98025215617e-11, 1.3999081061e-10],
        "max": [0.178293049335, 3.28108882904, 18.0592651367, 51.2336235046, 154.868164062, 261.684356689, 528.268493652, 715.898376465, 775.899108887, 1115.77380371, 1249.89782715, 1414.57141113, 1357.64477539, 1701.58056641, 1515.09069824, 912.820495605, 1141.58996582, 808.58972168, 881.588439941, 1326.17163086, 2526.27856445, 1314.2286377, 824.065368652, 358.589050293, 154.657669067, 184.000808716, 295.370758057, 196.480041504, 227.611099243, 122.101570129, 84.1346664429, 28.4439945221, 19.0740432739, 2.38702940941, 0.0751764327288, 0.00487688742578, 0.00891258753836, 0.00101629458368, 5.69754593016e-05, 0.000116490562505],
        "mean": [0.0100250476971, 0.127398863435, 0.447723299265, 1.02894449234, 3.38187122345, 12.3695793152, 22.1690406799, 23.6236629486, 22.5710372925, 40.9467048645, 33.5226783752, 52.4189147949, 62.9902038574, 78.6196594238, 60.0675964355, 34.2363853455, 51.8808746338, 39.5504188538, 36.9250183105, 37.8117828369, 50.4740371704, 47.7608184814, 32.5131950378, 20.1646175385, 11.5688095093, 11.2184123993, 8.15900039673, 3.79388070107, 2.69680428505, 1.8792039156, 1.11329424381, 0.451642870903, 0.166092246771, 0.0329152159393, 0.00106361100916, 9.05738197616e-05, 0.000116787785373, 1.68382339325e-05, 1.41696300489e-05, 2.88690407615e-05],
        "median": [0.006501538679, 0.0622158274055, 0.217347040772, 0.419246137142, 1.54149508476, 6.15873193741, 10.5034294128, 12.9973554611, 10.8637723923, 15.8985061646, 14.5255746841, 18.2752952576, 16.5404605865, 23.4641990662, 25.8979721069, 15.0942058563, 21.8762893677, 16.6769180298, 15.7216968536, 16.4827194214, 22.5017280579, 24.0515441895, 20.0850372314, 13.4299917221, 7.1426358223, 5.79158973694, 4.40186405182, 1.8395113945, 0.958734810352, 0.599859595299, 0.347444593906, 0.132456958294, 0.0387426912785, 0.00788291916251, 0.000286403519567, 4.43941753474e-05, 4.13130364905e-05, 7.72439125285e-06, 1.34240781335e-05, 2.7154750569e-05],
        "min": [1.40357603245e-22, 1.30421825675e-21, 9.16878010227e-21, 8.08270165151e-21, 3.46762869264e-20, 7.70197691118e-20, 4.55377693677e-20, 8.37127588666e-20, 3.11957209352e-19, 5.28315190756e-19, 1.47574320405e-19, 4.25565942842e-19, 9.26921430429e-19, 1.08347156521e-18, 1.36676510518e-18, 1.43648960658e-18, 2.88167743089e-18, 3.78350178794e-18, 2.71901629254e-18, 3.11710585452e-18, 6.0332618277e-18, 7.64112309467e-18, 8.52616333671e-18, 9.75842753012e-18, 6.63831053138e-18, 1.04531649461e-17, 9.66274341276e-18, 1.40319196801e-17, 1.66112905144e-17, 1.41518989192e-17, 1.93243469706e-17, 1.24367035231e-17, 1.09951204485e-17, 8.02356177908e-18, 5.57217894655e-18, 5.23210803953e-18, 2.66152827394e-18, 1.13529484418e-18, 2.76813071009e-19, 2.9207482473e-20],
        "var": [0.000138380055432, 0.038045976311, 0.576341629028, 4.95251703262, 43.0296020508, 301.730712891, 1245.69091797, 1150.26867676, 1522.80505371, 4950.42529297, 3852.49829102, 10516.0664062, 13708.0488281, 22146.09375, 10437.6083984, 2952.18481445, 6614.62548828, 3758.19702148, 3481.80224609, 4722.96728516, 7982.90478516, 5016.44384766, 1872.6595459, 500.537231445, 181.280105591, 210.541427612, 170.299209595, 73.0429992676, 63.785774231, 35.2427062988, 13.653093338, 1.99273002148, 0.395154714584, 0.0138495871797, 1.31419837999e-05, 4.61658729023e-08, 1.02301058291e-07, 1.948320838e-09, 6.91252610707e-11, 2.85876627926e-10]
    },
    "gfcc": {
        "mean": [-44.8430519104, 147.899307251, -182.277709961, 35.3463172913, -69.1796035767, -9.07814121246, -24.5623912811, -16.4550876617, -1.18210065365, -22.0616455078, 5.90358543396, -9.66058158875, 4.30285835266],
        "cov": [[6089.76904297, -132.199569702, -1506.33972168, 80.0010147095, -388.08770752, -104.356079102, -24.0673141479, 32.0275344849, -132.218902588, -156.816665649, -29.2565994263, -148.694366455, 20.7586898804], [-132.199569702, 969.663330078, 207.3800354, -115.330360413, 219.98916626, -203.681304932, 39.0860671997, -79.741317749, 23.1645069122, -76.0896453857, 35.0288925171, -58.3136291504, -1.48243761063], [-1506.33972168, 207.3800354, 971.715881348, 190.329772949, -26.9315547943, 73.9448471069, -90.8849945068, -22.6409740448, 40.6489677429, 43.2161407471, 19.9025802612, 50.7300186157, -29.2232131958], [80.0010147095, -115.330360413, 190.329772949, 309.571929932, -48.7344970703, 9.16627693176, -65.278968811, -14.7247743607, 22.1937599182, -9.12712955475, -13.9067707062, 47.7921829224, -14.4069814682], [-388.08770752, 219.98916626, -26.9315547943, -48.7344970703, 251.851501465, -26.7086849213, 13.6125068665, -8.33866405487, 19.2477092743, -21.9421920776, -22.2367019653, -12.6962184906, -5.24092674255], [-104.356079102, -203.681304932, 73.9448471069, 9.16627693176, -26.7086849213, 254.794708252, 56.0347938538, 8.55319786072, -29.5564479828, 43.3559646606, -14.4087572098, -12.8270244598, -10.0434989929], [-24.0673141479, 39.0860671997, -90.8849945068, -65.278968811, 13.6125068665, 56.0347938538, 196.833786011, 17.5458717346, -61.9375, 5.47957849503, 19.527305603, -31.9239578247, 20.4683609009], [32.0275344849, -79.741317749, -22.6409740448, -14.7247743607, -8.33866405487, 8.55319786072, 17.5458717346, 96.6726150513, 19.91563797, 6.26307153702, -2.15330934525, -5.188560009, 1.4344316721], [-132.218902588, 23.1645069122, 40.6489677429, 22.1937599182, 19.2477092743, -29.5564479828, -61.9375, 19.91563797, 124.29095459, 29.2636966705, -10.2247934341, 26.5447044373, -13.6532173157], [-156.816665649, -76.0896453857, 43.2161407471, -9.12712955475, -21.9421920776, 43.3559646606, 5.47957849503, 6.26307153702, 29.2636966705, 85.7763061523, 28.9736976624, 0.393347322941, -3.93602108955], [-29.2565994263, 35.0288925171, 19.9025802612, -13.9067707062, -22.2367019653, -14.4087572098, 19.527305603, -2.15330934525, -10.2247934341, 28.9736976624, 79.1515884399, 25.5160942078, 8.97781658173], [-148.694366455, -58.3136291504, 50.7300186157, 47.7921829224, -12.6962184906, -12.8270244598, -31.9239578247, -5.188560009, 26.5447044373, 0.393347322941, 25.5160942078, 97.127784729, 22.7804222107], [20.7586898804, -1.48243761063, -29.2232131958, -14.4069814682, -5.24092674255, -10.0434989929, 20.4683609009, 1.4344316721, -13.6532173157, -3.93602108955, 8.97781658173, 22.7804222107, 73.6231155396]],
        "icov": [[0.000885623681825, -0.00171263760421, 0.00232189008966, -0.00168931728695, 0.0023718981538, -0.00141067628283, 0.00176344625652, -0.00164878112264, 0.00140950398054, -0.000578237813897, 0.000514937739354, 4.84223528474e-05, -2.21792397497e-05], [-0.00171263760421, 0.00703591713682, -0.00608389871195, 0.00449003372341, -0.00679803499952, 0.00482927868143, -0.00527345854789, 0.00660128286108, -0.00635316316038, 0.00624414905906, -0.00535826338455, 0.00427169539034, -0.000912017130759], [0.00232189008966, -0.00608389871195, 0.00805708672851, -0.00564041407779, 0.00702542625368, -0.00505035929382, 0.00590533996001, -0.00563174579293, 0.00517378095537, -0.00405873311684, 0.00266995583661, -0.00187769590411, 0.000594164652284], [-0.00168931728695, 0.00449003372341, -0.00564041407779, 0.00798016414046, -0.00441312883049, 0.00332076265477, -0.00352466176264, 0.00462441984564, -0.00385573180392, 0.00335128884763, -0.000983607722446, -0.000798038730863, 0.000749153259676], [0.0023718981538, -0.00679803499952, 0.00702542625368, -0.00441312883049, 0.012236667797, -0.00470464490354, 0.00491268467158, -0.00555728608742, 0.00436123460531, -0.0032161641866, 0.00495791528374, -0.00233157235198, 0.000844799506012], [-0.00141067628283, 0.00482927868143, -0.00505035929382, 0.00332076265477, -0.00470464490354, 0.00922441110015, -0.0055459975265, 0.00399740878493, -0.00162567838561, -0.000879566185176, 0.000794518389739, 0.000779366353527, 0.0008410999435], [0.00176344625652, -0.00527345854789, 0.00590533996001, -0.00352466176264, 0.00491268467158, -0.0055459975265, 0.01227951888, -0.00665723718703, 0.00746926851571, -0.00386726041324, 0.000612487201579, -5.66062299185e-05, -0.00151893834118], [-0.00164878112264, 0.00660128286108, -0.00563174579293, 0.00462441984564, -0.00555728608742, 0.00399740878493, -0.00665723718703, 0.0177950914949, -0.0095473760739, 0.0067658838816, -0.00515124248341, 0.00492902146652, -0.0013846430229], [0.00140950398054, -0.00635316316038, 0.00517378095537, -0.00385573180392, 0.00436123460531, -0.00162567838561, 0.00746926851571, -0.0095473760739, 0.0205766092986, -0.014345693402, 0.0107063129544, -0.0093882791698, 0.0036201919429], [-0.000578237813897, 0.00624414905906, -0.00405873311684, 0.00335128884763, -0.0032161641866, -0.000879566185176, -0.00386726041324, 0.0067658838816, -0.014345693402, 0.0282705947757, -0.0166463926435, 0.0106507595628, -0.0024866827298], [0.000514937739354, -0.00535826338455, 0.00266995583661, -0.000983607722446, 0.00495791528374, 0.000794518389739, 0.000612487201579, -0.00515124248341, 0.0107063129544, -0.0166463926435, 0.0270321015269, -0.0133054191247, 0.00292172259651], [4.84223528474e-05, 0.00427169539034, -0.00187769590411, -0.000798038730863, -0.00233157235198, 0.000779366353527, -5.66062299185e-05, 0.00492902146652, -0.0093882791698, 0.0106507595628, -0.0133054191247, 0.0220937281847, -0.00735442200676], [-2.21792397497e-05, -0.000912017130759, 0.000594164652284, 0.000749153259676, 0.000844799506012, 0.0008410999435, -0.00151893834118, -0.0013846430229, 0.0036201919429, -0.0024866827298, 0.00292172259651, -0.00735442200676, 0.0170348957181]]
    },
    "melbands": {
        "dmean": [7.191428449e-05, 0.000129582171212, 0.000180910850759, 0.00030060968129, 0.000415734335547, 0.000285415037069, 0.000216386266402, 0.00026798734325, 0.000157746268087, 0.000199573798454, 0.000170177925611, 0.000166381068993, 0.000112454625196, 7.95449886937e-05, 4.9689624575e-05, 7.54081484047e-05, 4.00643657485e-05, 3.30056755047e-05, 3.2362586353e-05, 3.17460835504e-05, 3.27745256072e-05, 2.91438354907e-05, 2.10401867662e-05, 1.13589139801e-05, 8.34511138237e-06, 4.16955208493e-06, 3.80476990358e-06, 3.55557199327e-06, 2.98474265037e-06, 1.4265332311e-06, 9.97376673695e-07, 8.31400427614e-07, 6.46413354843e-07, 5.00713724705e-07, 3.7034703837e-07, 2.3388784598e-07, 1.23350645254e-07, 8.29018418358e-08, 3.8681509551e-08, 9.72381819508e-09],
        "dmean2": [0.000121977325762, 0.000217748558498, 0.000314342672937, 0.000493411149364, 0.000662607664708, 0.000453822663985, 0.000338601617841, 0.000417682807893, 0.000247641553869, 0.000311980373226, 0.00026956043439, 0.000255921040662, 0.00017777190078, 0.000129346954054, 8.17120817374e-05, 0.000123965350213, 6.52799280942e-05, 5.4168740462e-05, 5.2348808822e-05, 5.01607610204e-05, 5.28655800736e-05, 4.6784611186e-05, 3.47619934473e-05, 1.87293208e-05, 1.36869111884e-05, 6.90056549502e-06, 6.21491017228e-06, 5.7929569266e-06, 4.79774416817e-06, 2.29418105846e-06, 1.57116585342e-06, 1.28299586777e-06, 9.45764782045e-07, 7.3916794463e-07, 5.5429677559e-07, 3.54133703695e-07, 1.7568856947e-07, 1.20814519278e-07, 5.64917748136e-08, 1.49388288406e-08],
        "dvar": [1.3251971076e-08, 7.87230618471e-08, 2.68590071073e-07, 2.84118726768e-07, 5.44193596852e-07, 2.46824328087e-07, 1.77471605411e-07, 3.46970921328e-07, 1.12834023014e-07, 1.9652446781e-07, 1.33910788236e-07, 1.2102488256e-07, 4.15347543026e-08, 3.04649283578e-08, 1.15943761259e-08, 2.36513830743e-08, 6.697171262e-09, 4.65843585928e-09, 4.07832922988e-09, 6.76745148809e-09, 5.88947779434e-09, 2.99820390737e-09, 1.63836100242e-09, 3.64225233307e-10, 1.67941827112e-10, 4.63379022653e-11, 3.88979889965e-11, 4.15378564877e-11, 3.64156309274e-11, 2.0078128396e-11, 7.64854672652e-12, 7.15850425811e-12, 6.05895368599e-12, 3.03754027139e-12, 2.16989599032e-12, 8.92428221166e-13, 1.84992659754e-13, 1.38519932829e-13, 2.16029349628e-14, 1.70031138607e-15],
        "dvar2": [3.75660960117e-08, 2.09632332826e-07, 7.29898772533e-07, 7.25124664314e-07, 1.39667849908e-06, 6.0956682546e-07, 4.09736117035e-07, 8.02877821116e-07, 2.56045098013e-07, 4.56973822338e-07, 3.28038879616e-07, 2.75754928225e-07, 9.80429106789e-08, 7.69829000546e-08, 3.07511349718e-08, 6.002088071e-08, 1.7363623428e-08, 1.16041380949e-08, 1.00142463211e-08, 1.48350807194e-08, 1.49681174122e-08, 6.97734536814e-09, 4.07128419866e-09, 9.45496014815e-10, 4.51513992861e-10, 1.21348986415e-10, 9.85659054376e-11, 1.04778741239e-10, 8.66282115486e-11, 4.89081067312e-11, 1.60522428683e-11, 1.40019697226e-11, 1.05929657407e-11, 6.09727112549e-12, 4.34108434963e-12, 2.10659701488e-12, 3.40039276034e-13, 2.76991943922e-13, 4.16255300627e-14, 3.69164317578e-15],
        "max": [0.00229953043163, 0.00788283441216, 0.013146078214, 0.0108355954289, 0.0179296378046, 0.0144942253828, 0.010600364767, 0.0155092785135, 0.00819410849363, 0.00953694060445, 0.00705161737278, 0.00739061133936, 0.00487458519638, 0.00515782414004, 0.00369323021732, 0.00338988564909, 0.00188522157259, 0.00183617742732, 0.00151017203461, 0.00310469185933, 0.00344238639809, 0.00135908322409, 0.00072839501081, 0.000401673954912, 0.00035622404539, 0.000142651377246, 0.000128328232677, 0.000165696488693, 0.000213429520954, 0.000193036394194, 0.00010864106298, 0.0001471566502, 9.35509597184e-05, 5.53970021429e-05, 6.24083841103e-05, 3.8568610762e-05, 1.58818602358e-05, 1.79392845894e-05, 4.36147274741e-06, 1.19295111745e-06],
        "mean": [0.000113884932944, 0.000219232504605, 0.000233938291785, 0.000515505264048, 0.000787627999671, 0.000504562223796, 0.000381580844987, 0.000470200524433, 0.000260546774371, 0.000341155973729, 0.000312558520818, 0.000318400503602, 0.000198555993848, 0.00012966831855, 8.16746905912e-05, 0.000120254968351, 6.82336394675e-05, 5.7354587625e-05, 5.59072286705e-05, 5.57222992938e-05, 5.79752850172e-05, 5.18367269251e-05, 3.70106645278e-05, 2.15395048144e-05, 1.62715969054e-05, 8.45145950734e-06, 7.66128687246e-06, 7.57954285291e-06, 6.21079971097e-06, 2.76277864941e-06, 1.96477708414e-06, 1.60352931289e-06, 1.21666334962e-06, 9.55831637839e-07, 6.94129425938e-07, 4.17911962813e-07, 2.20045890842e-07, 1.30981675284e-07, 6.14290200929e-08, 1.31342972054e-08],
        "median": [6.82607351337e-05, 0.000115121765702, 9.67646046774e-05, 0.000265659036813, 0.000408547464758, 0.000276747392491, 0.000165792895132, 0.000176517438376, 0.000103100159322, 0.000107954838313, 7.36104993848e-05, 8.62457163748e-05, 8.47941555548e-05, 5.04319068568e-05, 2.63359579549e-05, 4.60856972495e-05, 2.35505285673e-05, 2.06002914638e-05, 2.03354502446e-05, 1.82298826985e-05, 2.30488985835e-05, 2.23453807848e-05, 2.12603663385e-05, 1.37264833029e-05, 9.46112413658e-06, 4.85988039145e-06, 4.0293462007e-06, 3.53386258212e-06, 3.14379394695e-06, 1.33376784106e-06, 8.22274671464e-07, 5.47749209545e-07, 3.33818064746e-07, 3.09275293375e-07, 2.13890544387e-07, 1.21879992321e-07, 5.73818361715e-08, 2.73262088513e-08, 1.459901533e-08, 2.79717649043e-09],
        "min": [1.81631574945e-24, 3.79975996472e-24, 1.97924451702e-24, 4.87975590347e-24, 2.43680593015e-24, 1.62330377127e-24, 5.64653343651e-24, 6.14409838058e-24, 1.22149865248e-24, 2.51466965694e-24, 4.20193742585e-24, 3.97446307294e-24, 3.44964180131e-24, 3.15572406094e-24, 5.60340207209e-24, 7.34874025881e-24, 6.76471339852e-24, 4.7256838745e-24, 4.93520296434e-24, 2.4030878457e-24, 6.70691513771e-24, 8.34454856732e-24, 4.64221252997e-24, 7.71519060397e-24, 7.69542727171e-24, 4.28826681344e-24, 5.78079795701e-24, 5.71720314627e-24, 5.9858335559e-24, 7.43637087247e-24, 7.54743854362e-24, 7.80634348157e-24, 1.08859846692e-23, 6.65563839001e-24, 9.56633633733e-24, 9.75262031807e-24, 6.54195525053e-24, 6.84299995475e-24, 8.0296203056e-24, 6.39378666215e-24],
        "var": [2.11920774262e-08, 1.16652330462e-07, 2.51432794585e-07, 5.20086700817e-07, 1.39794872211e-06, 5.08882692429e-07, 4.33919296938e-07, 7.3255745292e-07, 2.27404086672e-07, 4.69695578431e-07, 3.54648335588e-07, 3.85413216009e-07, 1.03876651281e-07, 5.85459041247e-08, 2.10601971418e-08, 4.25619504085e-08, 1.50566226154e-08, 1.04130499778e-08, 9.94964022283e-09, 1.93554807737e-08, 1.23482326586e-08, 7.00915414598e-09, 2.96102009578e-09, 7.23229309774e-10, 4.01818162077e-10, 1.11371412093e-10, 9.75481154186e-11, 1.15504841802e-10, 9.57398049728e-11, 4.2886198065e-11, 2.22116474519e-11, 2.19079043101e-11, 1.840946319e-11, 8.73053278977e-12, 5.55688351236e-12, 1.92278224592e-12, 5.20460085619e-13, 2.89948973034e-13, 4.63612268963e-14, 2.61131723782e-15]
    },
    "mfcc": {
        "mean": [-655.380493164, 150.075531006, -41.5151519775, 25.8588733673, -17.7378444672, 0.466076076031, -15.1073637009, 4.21190595627, -10.4714584351, -1.32904851437, -10.219045639, 2.59425616264, -3.91468954086],
        "cov": [[4414.34863281, -705.284301758, -1138.3638916, -85.1123580933, -425.435516357, -156.131362915, 24.8934364319, 69.4395370483, -25.9759750366, 70.3669433594, -141.065322876, 32.1915588379, -121.507102966], [-705.284301758, 1085.53857422, -23.5372371674, 79.1613006592, 125.011993408, -69.5999984741, 58.8289299011, -33.847984314, -14.394572258, 8.2641658783, 6.11214208603, -39.2268333435, 7.35951471329], [-1138.3638916, -23.5372371674, 951.272521973, 118.028053284, 125.483016968, 98.8043746948, -45.6505012512, -9.31037807465, -32.786491394, -26.052280426, 48.1998634338, 7.82505512238, 29.4772796631], [-85.1123580933, 79.1613006592, 118.028053284, 291.788146973, 58.9237709045, -32.0165672302, -78.161819458, 18.019411087, -16.6732749939, -56.2512130737, -27.3718147278, 41.1983108521, 15.0402383804], [-425.435516357, 125.011993408, 125.483016968, 58.9237709045, 244.578277588, 18.5677566528, -85.8468475342, -1.55918049812, 28.3067054749, -40.5904464722, 16.5440368652, 26.7552814484, 27.9929046631], [-156.131362915, -69.5999984741, 98.8043746948, -32.0165672302, 18.5677566528, 178.334579468, 47.7923812866, 5.73078393936, 9.24326992035, 9.58485126495, 20.6925354004, -23.0876255035, -1.40765535831], [24.8934364319, 58.8289299011, -45.6505012512, -78.161819458, -85.8468475342, 47.7923812866, 238.467483521, 12.9177131653, -8.49928951263, 54.1175575256, -3.67718100548, -53.4023742676, -35.698009491], [69.4395370483, -33.847984314, -9.31037807465, 18.019411087, -1.55918049812, 5.73078393936, 12.9177131653, 85.4391326904, 21.1199111938, -14.876203537, -11.2171783447, 1.87175834179, 7.43766355515], [-25.9759750366, -14.394572258, -32.786491394, -16.6732749939, 28.3067054749, 9.24326992035, -8.49928951263, 21.1199111938, 88.7062454224, 18.8018512726, 0.782299160957, -7.34645557404, 5.0998468399], [70.3669433594, 8.2641658783, -26.052280426, -56.2512130737, -40.5904464722, 9.58485126495, 54.1175575256, -14.876203537, 18.8018512726, 115.214347839, 20.8821105957, -27.6094799042, -30.4119186401], [-141.065322876, 6.11214208603, 48.1998634338, -27.3718147278, 16.5440368652, 20.6925354004, -3.67718100548, -11.2171783447, 0.782299160957, 20.8821105957, 85.639755249, 21.7743415833, -1.63408875465], [32.1915588379, -39.2268333435, 7.82505512238, 41.1983108521, 26.7552814484, -23.0876255035, -53.4023742676, 1.87175834179, -7.34645557404, -27.6094799042, 21.7743415833, 104.962730408, 35.664352417], [-121.507102966, 7.35951471329, 29.4772796631, 15.0402383804, 27.9929046631, -1.40765535831, -35.698009491, 7.43766355515, 5.0998468399, -30.4119186401, -1.63408875465, 35.664352417, 93.602645874]],
