{
"lowlevel": {
    "average_loudness": 0.945308804512,
    "barkbands_crest": {
        "dmean": 2.71708655357,
        "dmean2": 4.49949741364,
        "dvar": 6.46639633179,
        "dvar2": 16.0031299591,
        "max": 25.3856506348,
        "mean": 8.31250095367,
        "median": 7.23807668686,
        "min": 2.10241222382,
        "var": 16.8063259125
    },
    "barkbands_flatness_db": {
        "dmean": 0.0205650571734,
        "dmean2": 0.0320507213473,
        "dvar": 0.000316725083394,
        "dvar2": 0.000721566437278,
        "max": 0.30249530077,
        "mean": 0.15033057332,
        "median": 0.146121099591,
        "min": 0.0383980423212,
        "var": 0.00115899753291
    },
    "barkbands_kurtosis": {
        "dmean": 1.42947340012,
        "dmean2": 2.32535934448,
        "dvar": 4.18545198441,
        "dvar2": 10.4507865906,
        "max": 47.60105896,
        "mean": 1.19651544094,
        "median": 0.293599367142,
        "min": -1.84747159481,
        "var": 8.45887088776
    },
    "barkbands_skewness": {
        "dmean": 0.408248484135,
        "dmean2": 0.650813996792,
        "dvar": 0.144914343953,
        "dvar2": 0.349540680647,
        "max": 6.62040662766,
        "mean": 0.894260585308,
        "median": 0.844125926495,
        "min": -3.52533984184,
        "var": 0.56909263134
    },
    "barkbands_spread": {
        "dmean": 5.4729347229,
        "dmean2": 8.49244689941,
        "dvar": 28.8087654114,
        "dvar2": 62.0082931519,
        "max": 75.9304580688,
        "mean": 22.8650283813,
        "median": 21.7262458801,
        "min": 2.36329102516,
        "var": 98.8800964355
    },
    "dissonance": {
        "dmean": 0.0188416782767,
        "dmean2": 0.031939778477,
        "dvar": 0.000310063682264,
        "dvar2": 0.000881598039996,
        "max": 0.5,
        "mean": 0.468529850245,
        "median": 0.473972201347,
        "min": 0.332579493523,
        "var": 0.000562894216273
    },
    "dynamic_complexity": 2.19881486893,
    "erbbands_crest": {
        "dmean": 3.04022455215,
        "dmean2": 5.03989505768,
        "dvar": 8.03217697144,
        "dvar2": 20.3727836609,
        "max": 29.8914756775,
        "mean": 9.05529403687,
        "median": 7.84507846832,
        "min": 2.44661021233,
        "var": 19.5661468506
    },
    "erbbands_flatness_db": {
        "dmean": 0.0185331963003,
        "dmean2": 0.0265279300511,
        "dvar": 0.000262301648036,
        "dvar2": 0.000499301881064,
        "max": 0.375003397465,
        "mean": 0.200613826513,
        "median": 0.200094491243,
        "min": 0.100838989019,
        "var": 0.00130483822431
    },
    "erbbands_kurtosis": {
        "dmean": 0.884347379208,
        "dmean2": 1.44088625908,
        "dvar": 1.61451303959,
        "dvar2": 4.01487445831,
        "max": 26.4218444824,
        "mean": 0.287764400244,
        "median": -0.22369146347,
        "min": -1.77546358109,
        "var": 3.45899915695
    },
    "erbbands_skewness": {
        "dmean": 0.385679334402,
        "dmean2": 0.611247479916,
        "dvar": 0.118688412011,
        "dvar2": 0.290225565434,
        "max": 4.40602970123,
        "mean": 0.484092593193,
        "median": 0.430319130421,
        "min": -3.71235322952,
        "var": 0.483114868402
    },
    "erbbands_spread": {
        "dmean": 6.90663862228,
        "dmean2": 10.630197525,
        "dvar": 42.7012825012,
        "dvar2": 95.2286071777,
        "max": 106.750259399,
        "mean": 33.6691398621,
        "median": 31.3927211761,
        "min": 3.34273576736,
        "var": 174.303161621
    },
    "hfc": {
        "dmean": 7.70894622803,
        "dmean2": 11.1004152298,
        "dvar": 84.1457672119,
        "dvar2": 177.315643311,
        "max": 183.730682373,
        "mean": 27.7150230408,
        "median": 24.6836795807,
        "min": 1.18741128422e-16,
        "var": 339.404083252
    },
    "melbands_crest": {
        "dmean": 3.49851131439,
        "dmean2": 5.75302457809,
        "dvar": 9.64301967621,
        "dvar2": 24.4104595184,
        "max": 33.9593772888,
        "mean": 11.4740009308,
        "median": 10.3713521957,
        "min": 1.85941553116,
        "var": 25.4294681549
    },
    "melbands_flatness_db": {
        "dmean": 0.0240711718798,
        "dmean2": 0.0350898839533,
        "dvar": 0.0004718870332,
        "dvar2": 0.000970316235907,
        "max": 0.33042421937,
        "mean": 0.138989597559,
        "median": 0.133991613984,
        "min": 0.00564970914274,
        "var": 0.00242322334088
    },
    "melbands_kurtosis": {
        "dmean": 2.9729180336,
        "dmean2": 4.82910060883,
        "dvar": 18.2708301544,
        "dvar2": 45.8050308228,
        "max": 139.53163147,
        "mean": 5.08329820633,
        "median": 3.45627737045,
        "min": -1.76094675064,
        "var": 37.9991493225
    },
    "melbands_skewness": {
        "dmean": 0.478267997503,
        "dmean2": 0.759503006935,
        "dvar": 0.215035066009,
        "dvar2": 0.520060896873,
        "max": 10.2268238068,
        "mean": 1.60570025444,
        "median": 1.49389851093,
        "min": -1.27406716347,
        "var": 0.843530476093
    },
    "melbands_spread": {
        "dmean": 8.44318771362,
        "dmean2": 13.4060211182,
        "dvar": 80.7919464111,
        "dvar2": 182.600906372,
        "max": 176.429702759,
        "mean": 32.0413780212,
        "median": 29.0711708069,
        "min": 2.43526029587,
        "var": 335.406280518
    },
    "pitch_salience": {
        "dmean": 0.0706428587437,
        "dmean2": 0.114593483508,
        "dvar": 0.00367005798034,
        "dvar2": 0.00930824689567,
        "max": 0.987643182278,
        "mean": 0.604153513908,
        "median": 0.612173080444,
        "min": 0.171153053641,
        "var": 0.00936471857131
    },
    "silence_rate_20dB": {
        "dmean": 0,
        "dmean2": 0,
        "dvar": 0,
        "dvar2": 0,
        "max": 1,
        "mean": 1,
        "median": 1,
        "min": 1,
        "var": 0
    },
    "silence_rate_30dB": {
        "dmean": 0,
        "dmean2": 0,
        "dvar": 0,
        "dvar2": 0,
        "max": 1,
        "mean": 1,
        "median": 1,
        "min": 1,
        "var": 0
    },
    "silence_rate_60dB": {
        "dmean": 0.00728597445413,
        "dmean2": 0.014573845081,
        "dvar": 0.00723315868527,
        "dvar2": 0.0185262952,
        "max": 1,
        "mean": 0.0149603225291,
        "median": 0,
        "min": 0,
        "var": 0.0147347263992
    },
    "spectral_centroid": {
        "dmean": 279.992767334,
        "dmean2": 442.097015381,
        "dvar": 79494.578125,
        "dvar2": 176301.84375,
        "max": 11037.7998047,
        "mean": 1714.91772461,
        "median": 1669.33190918,
        "min": 374.169952393,
        "var": 376545.3125
    },
    "spectral_complexity": {
        "dmean": 4.32058286667,
        "dmean2": 6.38620710373,
        "dvar": 20.4319076538,
        "dvar2": 38.7522163391,
        "max": 55,
        "mean": 24.3243141174,
        "median": 24,
        "min": 0,
        "var": 86.3626937866
    },
    "spectral_decrease": {
        "dmean": 1.67157776509e-09,
        "dmean2": 2.53900078739e-09,
        "dvar": 3.41374088719e-18,
        "dvar2": 7.62193250446e-18,
        "max": 5.53370228683e-29,
        "mean": -5.34507060834e-09,
        "median": -4.97461138949e-09,
        "min": -2.77218568101e-08,
        "var": 1.00786762945e-17
    },
    "spectral_energy": {
        "dmean": 0.00688465917483,
        "dmean2": 0.010395495221,
        "dvar": 5.70052143303e-05,
        "dvar2": 0.000125476974063,
        "max": 0.111861273646,
        "mean": 0.0226874276996,
        "median": 0.0212941206992,
        "min": 1.08204788398e-20,
        "var": 0.000175882974872
    },
    "spectral_energyband_high": {
        "dmean": 0.000510704587214,
        "dmean2": 0.000744564691558,
        "dvar": 7.03653824985e-07,
        "dvar2": 1.55713223648e-06,
        "max": 0.0185120180249,
        "mean": 0.00127201806754,
        "median": 0.000847953080665,
        "min": 7.45467123378e-21,
        "var": 1.69148086115e-06
    },
    "spectral_energyband_low": {
        "dmean": 0.000975776754785,
        "dmean2": 0.00151348253712,
        "dvar": 3.76269440494e-06,
        "dvar2": 9.41012331168e-06,
        "max": 0.0635886490345,
        "mean": 0.00182481203228,
        "median": 0.000931983580813,
        "min": 2.76339363494e-23,
        "var": 7.29916655473e-06
    },
    "spectral_energyband_middle_high": {
        "dmean": 0.00316550140269,
        "dmean2": 0.00475136237219,
        "dvar": 1.65983092302e-05,
        "dvar2": 3.81534591725e-05,
        "max": 0.0682665556669,
        "mean": 0.00936812534928,
        "median": 0.00689285667613,
        "min": 1.62455465223e-21,
        "var": 6.75687260809e-05
    },
    "spectral_energyband_middle_low": {
        "dmean": 0.0049817613326,
        "dmean2": 0.00784249417484,
        "dvar": 4.05467326345e-05,
        "dvar2": 9.77754752967e-05,
        "max": 0.0975216254592,
        "mean": 0.0108933281153,
        "median": 0.00810040254146,
        "min": 2.63136507757e-22,
        "var": 8.74166362337e-05
    },
    "spectral_entropy": {
        "dmean": 0.136540770531,
        "dmean2": 0.195799395442,
        "dvar": 0.0166690014303,
        "dvar2": 0.0313504599035,
        "max": 9.83007907867,
        "mean": 7.70656061172,
        "median": 7.70356225967,
        "min": 6.46043729782,
        "var": 0.0692952871323
    },
    "spectral_flux": {
        "dmean": 0.0194216780365,
        "dmean2": 0.0306812804192,
        "dvar": 0.000379908684408,
        "dvar2": 0.000851344841067,
        "max": 0.270202666521,
        "mean": 0.0852642357349,
        "median": 0.0826389938593,
        "min": 6.78533965126e-11,
        "var": 0.000985101680271
    },
    "spectral_kurtosis": {
        "dmean": 1.25621116161,
        "dmean2": 2.16967201233,
        "dvar": 1.46647500992,
        "dvar2": 4.31600570679,
        "max": 14.0507125854,
        "mean": 2.16249346733,
        "median": 1.85512447357,
        "min": -1.21959912777,
        "var": 2.33394861221
    },
    "spectral_rms": {
        "dmean": 0.000705438840669,
        "dmean2": 0.00104107044172,
        "dvar": 4.67263703285e-07,
        "dvar2": 9.38173684517e-07,
        "max": 0.0104466713965,
        "mean": 0.00448729284108,
        "median": 0.00455793272704,
        "min": 3.24908676352e-12,
        "var": 1.99829491976e-06
    },
    "spectral_rolloff": {
        "dmean": 578.288757324,
        "dmean2": 958.34161377,
        "dvar": 560792.125,
        "dvar2": 1209495.25,
        "max": 19099.9511719,
        "mean": 2169.41748047,
        "median": 1873.38867188,
        "min": 215.33203125,
        "var": 1817823.25
    },
    "spectral_skewness": {
        "dmean": 0.187699973583,
        "dmean2": 0.308504641056,
        "dvar": 0.0285516586155,
        "dvar2": 0.0741864666343,
        "max": 2.45789051056,
        "mean": 1.06833696365,
        "median": 1.05073356628,
        "min": -0.261571913958,
        "var": 0.0790452957153
    },
    "spectral_spread": {
        "dmean": 399528.6875,
        "dmean2": 545140.75,
        "dvar": 357120802816,
        "dvar2": 556474695680,
        "max": 41335596,
        "mean": 3999535,
        "median": 3836434.25,
        "min": 1672912.25,
        "var": 1.41951945933e+12
    },
    "spectral_strongpeak": {
        "dmean": 0.839705526829,
        "dmean2": 1.37338638306,
        "dvar": 0.924705326557,
        "dvar2": 2.32386755943,
        "max": 12.8887262344,
        "mean": 1.59704554081,
        "median": 1.1908441782,
        "min": 0,
        "var": 2.03097057343
    },
    "zerocrossingrate": {
        "dmean": 0.00968030560762,
        "dmean2": 0.0113748880103,
        "dvar": 0.000111144014227,
        "dvar2": 0.000152339445776,
        "max": 0.51806640625,
        "mean": 0.0779524818063,
        "median": 0.07373046875,
        "min": 0.0166015625,
        "var": 0.0010102581
    },
    "barkbands": {
        "dmean": [7.58701798986e-06, 0.00036253646249, 0.000595509714913, 0.00044545167475, 0.00102583668195, 0.001228969777, 0.00104822020512, 0.00138555467129, 0.00168371736072, 0.00116485124454, 0.00133134284988, 0.000742460542824, 0.000539203523658, 0.000514109386131, 0.000415659626015, 0.000295627454761, 0.000340838829288, 0.00028618768556, 0.000293822668027, 0.000245691800956, 0.000147054131958, 0.000171163628693, 0.000112026842544, 7.64295691624e-05, 2.0287143343e-05, 4.90913834028e-08, 8.77937167409e-10],
        "dmean2": [1.34320416691e-05, 0.000590173585806, 0.000932845694479, 0.00076982245082, 0.00168494856916, 0.00200488977134, 0.00167167384643, 0.00217586313374, 0.0027258398477, 0.00188629806507, 0.00213934388012, 0.00120047957171, 0.000862230954226, 0.000838154111989, 0.000673360191286, 0.000465862103738, 0.000545904331375, 0.00046580992057, 0.000478533766, 0.000395148614189, 0.000228822987992, 0.00026661233278, 0.000170746905496, 0.000111188863229, 2.95570134767e-05, 8.3660609107e-08, 1.61159219303e-09],
        "dvar": [1.49954507145e-10, 7.12335179287e-07, 1.50260325427e-06, 1.28796216359e-06, 2.63528181677e-06, 5.06576816406e-06, 8.26441555546e-06, 9.44583098317e-06, 1.65934307006e-05, 5.91240359427e-06, 9.23138941289e-06, 1.62095147971e-06, 1.14939814466e-06, 7.85517897839e-07, 5.76170805289e-07, 2.51288327036e-07, 3.07449340653e-07, 1.87302688914e-07, 2.37898760247e-07, 1.34349988912e-07, 4.92587552969e-08, 1.33286079063e-07, 4.71813912384e-08, 1.52902224215e-08, 1.20454179964e-09, 2.35638657024e-13, 2.2525358511e-18],
        "dvar2": [4.13082679174e-10, 1.82915277946e-06, 3.75742411052e-06, 3.60211583939e-06, 6.69504424877e-06, 1.18304942589e-05, 1.8661865397e-05, 2.33302598645e-05, 4.19866300945e-05, 1.50621244757e-05, 2.29109409702e-05, 3.95602364733e-06, 2.78287598121e-06, 2.00997260436e-06, 1.46376657995e-06, 6.22650873083e-07, 7.78005187385e-07, 5.10659560859e-07, 6.36588140424e-07, 3.54428664195e-07, 1.17203114769e-07, 3.22890514326e-07, 1.06957642743e-07, 3.31175833423e-08, 2.53177345755e-09, 6.08094737758e-13, 6.43112081309e-18],
        "max": [0.000238850319874, 0.0241725910455, 0.0353226736188, 0.0298561546952, 0.0340037085116, 0.0500021912158, 0.0894624814391, 0.0539964810014, 0.0931577086449, 0.0502865873277, 0.0513966009021, 0.0301669221371, 0.0253458153456, 0.0259363204241, 0.0188191924244, 0.00975647009909, 0.0137328868732, 0.00990659371018, 0.0159277338535, 0.00636575464159, 0.00387660949491, 0.00989532843232, 0.00675306422636, 0.00237260363065, 0.000429402047303, 1.95208212972e-05, 5.82665400373e-08],
        "mean": [7.30570491214e-06, 0.000539399741683, 0.00103041366674, 0.000514735293109, 0.00165325636044, 0.00191445578821, 0.00152438378427, 0.00199180888012, 0.00241794809699, 0.00183008506428, 0.00202293554321, 0.00119923381135, 0.000846630893648, 0.000820773129817, 0.000665400293656, 0.000498362176586, 0.00061378092505, 0.000530488963705, 0.000548002892174, 0.000496141903568, 0.000305301538901, 0.000321775121847, 0.000218636865611, 0.000146456994116, 2.9648463169e-05, 5.99003371349e-08, 7.19398873805e-10],
        "median": [3.65360165233e-06, 0.000149728759425, 0.000456224195659, 0.000208229976124, 0.000947133055888, 0.000973211892415, 0.000506296637468, 0.000742030853871, 0.00078305916395, 0.000563785899431, 0.000601725187153, 0.000601547770202, 0.000412227236666, 0.000366128282622, 0.000325955799781, 0.000219023233512, 0.000317327096127, 0.000329943344695, 0.000304887973471, 0.000292783835903, 0.000176828965778, 0.000196513603441, 0.000136644608574, 7.52196792746e-05, 8.79868002812e-06, 6.83888501385e-10, 3.03388536516e-10],
        "min": [1.00172381867e-23, 7.4241806049e-24, 5.06452329912e-24, 1.01051474655e-24, 2.56687418395e-23, 2.75429459772e-23, 3.18260189304e-23, 2.54463682612e-23, 5.24228363778e-23, 4.2098101788e-23, 5.52258611225e-23, 2.57686321405e-23, 6.84437367713e-23, 1.29930174742e-22, 7.73860052465e-23, 9.04942166078e-23, 1.34577360646e-22, 1.25815286934e-22, 2.51461770256e-22, 2.46986896818e-22, 3.6203447221e-22, 4.82459807056e-22, 3.87404163191e-22, 7.95791269154e-22, 1.15392028666e-21, 1.44877382432e-21, 2.48239264623e-21],
        "var": [1.34185940137e-10, 1.18096147617e-06, 2.94895153274e-06, 1.11356507659e-06, 4.71912107969e-06, 9.14676729735e-06, 1.73676507984e-05, 1.57519134518e-05, 2.83565623249e-05, 1.13985115604e-05, 1.8803664716e-05, 3.42553630617e-06, 1.97805206881e-06, 1.4902429939e-06, 1.02511125988e-06, 5.71734574351e-07, 6.70358815569e-07, 3.75313305767e-07, 4.54602457012e-07, 3.28351148937e-07, 1.20657759339e-07, 1.80731944965e-07, 7.25145952174e-08, 3.45585782213e-08, 2.35442509933e-09, 3.33771096699e-13, 1.59986077609e-18]
    },
    "erbbands": {
        "dmean": [0.0035736404825, 0.107819326222, 0.602666735649, 1.00187587738, 2.45759081841, 3.89392495155, 7.38155221939, 10.4196510315, 13.5166769028, 23.2242412567, 27.1970748901, 37.5949707031, 36.9372558594, 42.7119102478, 42.5718269348, 30.2117366791, 23.3448143005, 27.2968730927, 21.1665611267, 15.6376943588, 15.7791481018, 18.1092643738, 15.3166532516, 15.3103694916, 14.6483249664, 11.2061405182, 6.79451084137, 5.46209049225, 6.32493782043, 5.03070926666, 3.05932331085, 1.97815358639, 1.01351928711, 0.362128555775, 0.082508534193, 0.00297216163017, 0.000148976352648, 1.43961451613e-05, 5.79417655899e-06, 8.75636669662e-06],
        "dmean2": [0.00595320900902, 0.173881143332, 0.949668884277, 1.63114607334, 4.13033342361, 6.48755979538, 12.0404224396, 16.9928703308, 21.4837970734, 36.8322067261, 43.2268714905, 61.0657463074, 59.9386787415, 68.85546875, 67.3771972656, 48.8495788574, 37.4026412964, 44.2071342468, 34.0986824036, 24.927362442, 24.6349124908, 29.0528964996, 24.8802623749, 25.0404682159, 23.9304904938, 18.018404007, 10.530629158, 8.49848365784, 9.89518928528, 7.82717514038, 4.63384723663, 2.92523550987, 1.4821741581, 0.521980583668, 0.121053829789, 0.00439022062346, 0.000219099412789, 1.99937094294e-05, 8.21781668492e-06, 1.30033595269e-05],
        "dvar": [4.63417818537e-05, 0.0639269500971, 1.70202302933, 4.37236261368, 34.665725708, 37.8272438049, 135.619155884, 566.763183594, 1405.77416992, 2797.09741211, 3301.9140625, 9540.63574219, 6711.66015625, 11428.6738281, 7922.11132812, 2670.00097656, 2116.04394531, 2112.3112793, 1399.0456543, 657.930664062, 604.620300293, 1106.28662109, 543.126647949, 702.41003418, 618.745727539, 301.888916016, 100.2605896, 84.7428283691, 155.977416992, 138.23449707, 31.8067741394, 10.6099319458, 2.76022911072, 0.362265467644, 0.0229900889099, 4.57732639916e-05, 3.22962051769e-07, 6.67570276836e-10, 5.30570587465e-11, 9.20632667323e-11],
        "dvar2": [0.000124024372781, 0.163988128304, 4.3802781105, 11.3374538422, 91.2364730835, 98.9195175171, 325.035675049, 1320.89404297, 3243.34594727, 6849.94970703, 8072.73583984, 24805.3007812, 17429.1933594, 29410.4335938, 18297.6679688, 6850.04638672, 5221.12646484, 5406.66992188, 3602.36572266, 1618.93908691, 1418.92199707, 2847.67089844, 1461.91137695, 1878.25366211, 1677.0637207, 800.347290039, 244.222579956, 196.918670654, 375.757080078, 340.623321533, 72.6986618042, 23.7299747467, 6.14294672012, 0.761117696762, 0.0497124195099, 0.000105241357232, 8.324918781e-07, 1.47657663874e-09, 1.06457176408e-10, 1.94733631997e-10],
        "max": [0.164031758904, 7.61139917374, 42.1290893555, 47.8676681519, 176.962982178, 81.2539825439, 281.583129883, 616.310241699, 1080.54431152, 957.852233887, 1511.45544434, 2013.51782227, 1677.03991699, 2262.17675781, 2552.81420898, 1008.3505249, 1179.15844727, 1316.44421387, 864.619567871, 619.989501953, 538.710327148, 963.523498535, 497.607513428, 717.101806641, 599.687988281, 339.854553223, 171.247039795, 233.222457886, 295.812255859, 495.873748779, 183.978530884, 77.2678375244, 23.3777198792, 7.54918003082, 2.64004325867, 0.159899845719, 0.0270606707782, 0.000895582081284, 0.000125864040456, 0.00013081326324],
        "mean": [0.0054719876498, 0.165524959564, 1.02843129635, 1.5856102705, 3.20656108856, 5.79287433624, 11.248497963, 16.0026836395, 20.8880653381, 34.7292060852, 41.0268745422, 55.5627555847, 62.076587677, 68.4273452759, 68.8697357178, 52.2098579407, 40.3985786438, 45.8150634766, 37.4143295288, 28.4744911194, 29.6432647705, 33.6865730286, 29.5931282043, 29.7251720428, 27.3747177124, 22.7993583679, 14.4380931854, 11.2766742706, 11.5803070068, 9.6229352951, 5.9859290123, 3.77689886093, 1.86525130272, 0.592192530632, 0.108841843903, 0.00390224158764, 0.000243852133281, 3.01700110867e-05, 1.92251463886e-05, 3.01605105051e-05],
        "median": [0.00240866630338, 0.0524367429316, 0.453434407711, 0.738661885262, 1.30750536919, 3.15706300735, 6.11921405792, 7.02182865143, 7.30421876907, 12.0280990601, 19.1439743042, 19.3763809204, 20.3722286224, 21.8143882751, 27.4511108398, 28.3405513763, 22.7853851318, 24.6475448608, 20.0179691315, 16.8749427795, 15.443312645, 17.7465953827, 19.3789768219, 16.7699604034, 15.9930419922, 13.4288387299, 8.45657253265, 6.52725028992, 7.15523004532, 5.81463050842, 3.76097035408, 2.16336584091, 0.892057538033, 0.215753570199, 0.0200804434717, 0.000713193614502, 7.45333018131e-05, 1.68956958078e-05, 1.71438368852e-05, 2.85121313937e-05],
        "min": [2.33907709227e-22, 1.81044956046e-21, 7.74845525276e-21, 1.24114282699e-20, 2.81455764369e-20, 1.41748022062e-19, 2.16130106071e-19, 1.9981237875e-19, 3.03984351469e-19, 4.55488555266e-19, 8.7704895354e-19, 1.21977490353e-18, 9.22070222932e-19, 1.76420708814e-18, 2.24051939834e-18, 1.15400784098e-18, 3.00324423641e-18, 5.38671099115e-18, 6.75909172211e-18, 3.67511424433e-18, 5.61879843229e-18, 8.94725120806e-18, 5.03020317817e-18, 1.07131436767e-17, 1.32225813533e-17, 1.1572931749e-17, 1.28136422836e-17, 1.53276335896e-17, 1.65287428524e-17, 1.4096247862e-17, 1.23020881502e-17, 1.36661453763e-17, 1.44449690102e-17, 1.10382893503e-17, 8.70015002521e-18, 5.60042054703e-18, 2.72543955679e-18, 1.13115304745e-18, 3.5001814163e-19, 3.55646368991e-20],
        "var": [7.3072304076e-05, 0.106145136058, 2.96366000175, 7.13831138611, 46.3562469482, 57.5353889465, 254.942825317, 983.875244141, 2983.64013672, 4821.60839844, 5408.21826172, 15706.1425781, 13751.8066406, 22249.765625, 18177.3476562, 5572.95068359, 3524.15698242, 3943.01513672, 2710.29589844, 1334.44897461, 1579.0958252, 2184.57592773, 1087.97924805, 1631.87072754, 1065.58361816, 710.199951172, 254.89276123, 187.608337402, 223.564849854, 174.46661377, 50.6163864136, 20.7970676422, 6.0274143219, 0.799430131912, 0.0410938262939, 6.78431242704e-05, 7.8210234733e-07, 1.6480944387e-09, 1.56732113399e-10, 3.01554586857e-10]
    },
    "gfcc": {
        "mean": [-3.25360631943, 106.447822571, -177.185531616, 46.7059364319, -90.8803634644, 14.5134992599, -33.5517692566, -7.9824256897, -9.87308216095, -21.3679141998, 1.90138423443, -17.3769702911, -1.33043313026],
        "cov": [[3172.72729492, -597.527832031, -241.662063599, 61.1716918945, -192.304992676, 326.739837646, -226.008117676, 241.040084839, -275.096618652, 34.4807929993, -62.5519332886, -140.327911377, 61.2169418335], [-597.527832031, 1041.32897949, -56.2854881287, 28.3493461609, 186.004592896, -287.935424805, 251.38243103, -245.116622925, 280.301391602, -163.714538574, 102.914405823, -2.2074110508, -52.4046173096], [-241.662063599, -56.2854881287, 522.376586914, 96.4199295044, -56.7435073853, 92.9871673584, -129.190887451, 125.887954712, -57.2115516663, 100.765640259, -39.3183860779, 26.5080299377, -9.54972076416], [61.1716918945, 28.3493461609, 96.4199295044, 203.624542236, 65.5878677368, -3.51962208748, -12.7019033432, -4.89194583893, 24.4350337982, 8.24029254913, -7.66595840454, 5.77467679977, -1.06868517399], [-192.304992676, 186.004592896, -56.7435073853, 65.5878677368, 199.866104126, -18.3829135895, 64.5291671753, -41.748210907, 58.978099823, -25.0804786682, 11.7004556656, 12.8936395645, -5.93016529083], [326.739837646, -287.935424805, 92.9871673584, -3.51962208748, -18.3829135895, 257.828338623, -30.8830108643, 103.754379272, -122.236961365, 49.2342414856, -30.4883136749, -19.2562007904, 11.377448082], [-226.008117676, 251.38243103, -129.190887451, -12.7019033432, 64.5291671753, -30.8830108643, 255.366333008, -80.0606994629, 87.7425842285, -74.0985870361, 29.7304649353, -2.25398945808, -34.8441123962], [241.040084839, -245.116622925, 125.887954712, -4.89194583893, -41.748210907, 103.754379272, -80.0606994629, 199.205047607, -62.31980896, 69.8622360229, -32.2946853638, -9.71054935455, 24.2510356903], [-275.096618652, 280.301391602, -57.2115516663, 24.4350337982, 58.978099823, -122.236961365, 87.7425842285, -62.31980896, 197.431137085, -23.3826274872, 30.4088821411, 13.6851348877, -17.5933761597], [34.4807929993, -163.714538574, 100.765640259, 8.24029254913, -25.0804786682, 49.2342414856, -74.0985870361, 69.8622360229, -23.3826274872, 107.777046204, -4.76508522034, 13.3167638779, 5.94380807877], [-62.5519332886, 102.914405823, -39.3183860779, -7.66595840454, 11.7004556656, -30.4883136749, 29.7304649353, -32.2946853638, 30.4088821411, -4.76508522034, 83.2882614136, 14.5508852005, 0.365646392107], [-140.327911377, -2.2074110508, 26.5080299377, 5.77467679977, 12.8936395645, -19.2562007904, -2.25398945808, -9.71054935455, 13.6851348877, 13.3167638779, 14.5508852005, 78.4464111328, 17.6578521729], [61.2169418335, -52.4046173096, -9.54972076416, -1.06868517399, -5.93016529083, 11.377448082, -34.8441123962, 24.2510356903, -17.5933761597, 5.94380807877, 0.365646392107, 17.6578521729, 71.9075088501]],
        "icov": [[0.000838460691739, -0.00117550685536, 0.00200733053498, -0.00166461267509, 0.00179950939491, -0.00163439393509, 0.0011917426018, -0.00152178830467, 0.000954481132794, -0.000593414122704, 0.000668051536195, -0.000244157592533, 0.000508208409883], [-0.00117550685536, 0.00690482463688, -0.00648897094652, 0.00445988681167, -0.00615331437439, 0.00535959703848, -0.00370932929218, 0.00491285556927, -0.00462181633338, 0.00538341235369, -0.00471085403115, 0.00402630353346, -0.00211298558861], [0.00200733053498, -0.00648897094652, 0.0106412777677, -0.00718241278082, 0.0078240018338, -0.00663755275309, 0.0050861001946, -0.00677071837708, 0.00443073315546, -0.00560462055728, 0.00481648789719, -0.00488948682323, 0.00403553806245], [-0.00166461267509, 0.00445988681167, -0.00718241278082, 0.0108200581744, -0.00758461793885, 0.00456089852378, -0.00272011919878, 0.00499302893877, -0.00386689207517, 0.00307680829428, -0.00240695453249, 0.00281295808963, -0.00235374155454], [0.00179950939491, -0.00615331437439, 0.0078240018338, -0.00758461793885, 0.0132896695286, -0.0066384691745, 0.00323565374129, -0.00493617821485, 0.00280235544778, -0.00389399123378, 0.00411367835477, -0.00449818791822, 0.00238015246578], [-0.00163439393509, 0.00535959703848, -0.00663755275309, 0.00456089852378, -0.0066384691745, 0.0123440222815, -0.00567498011515, 0.00251504755579, 0.000680797791574, 0.00144707830623, -0.00299541791901, 0.00417531607673, -0.00257818284445], [0.0011917426018, -0.00370932929218, 0.0050861001946, -0.00272011919878, 0.00323565374129, -0.00567498011515, 0.00956242531538, -0.00280453427695, -0.000358280318324, 0.00127164123114, 0.00127302901819, -0.00281250360422, 0.00415284093469], [-0.00152178830467, 0.00491285556927, -0.00677071837708, 0.00499302893877, -0.00493617821485, 0.00251504755579, -0.00280453427695, 0.0131890270859, -0.00368818058632, -2.80680542346e-05, -0.00160333118401, 0.00427629146725, -0.0045031150803], [0.000954481132794, -0.00462181633338, 0.00443073315546, -0.00386689207517, 0.00280235544778, 0.000680797791574, -0.000358280318324, -0.00368818058632, 0.0126076005399, -0.00564760714769, 0.00220665265806, -0.00242348690517, 0.00167911592871], [-0.000593414122704, 0.00538341235369, -0.00560462055728, 0.00307680829428, -0.00389399123378, 0.00144707830623, 0.00127164123114, -2.80680542346e-05, -0.00564760714769, 0.0204377025366, -0.00565318064764, 0.00018871978682, 0.0007167327567], [0.000668051536195, -0.00471085403115, 0.00481648789719, -0.00240695453249, 0.00411367835477, -0.00299541791901, 0.00127302901819, -0.00160333118401, 0.00220665265806, -0.00565318064764, 0.01732853055, -0.0047488422133, 0.000657989701722], [-0.000244157592533, 0.00402630353346, -0.00488948682323, 0.00281295808963, -0.00449818791822, 0.00417531607673, -0.00281250360422, 0.00427629146725, -0.00242348690517, 0.00018871978682, -0.0047488422133, 0.0188184380531, -0.00650756154209], [0.000508208409883, -0.00211298558861, 0.00403553806245, -0.00235374155454, 0.00238015246578, -0.00257818284445, 0.00415284093469, -0.0045031150803, 0.00167911592871, 0.0007167327567, 0.000657989701722, -0.00650756154209, 0.0185166615993]]
    },
    "melbands": {
        "dmean": [6.40870857751e-05, 0.000256508967141, 0.000215489213588, 0.000209639634704, 0.000235581042944, 0.000235382016399, 0.000212311992073, 0.000272869394394, 0.000234095714404, 0.000245668488787, 0.000183669690159, 0.000168198705069, 0.000150899810251, 9.17330544326e-05, 6.82555983076e-05, 5.26250187249e-05, 5.61530468985e-05, 3.53184586857e-05, 3.04253662762e-05, 2.29599318118e-05, 1.87776331586e-05, 2.16156968236e-05, 1.56235291797e-05, 1.30147627715e-05, 1.35318241519e-05, 1.13665237222e-05, 1.05798108052e-05, 7.89900332165e-06, 4.76771811009e-06, 4.24581457992e-06, 3.13122723128e-06, 3.80015558221e-06, 3.69833992409e-06, 2.62450430455e-06, 2.00530712391e-06, 1.48768606323e-06, 1.21485368254e-06, 8.05777176538e-07, 5.18271917826e-07, 2.81839362515e-07],
        "dmean2": [0.000105293729575, 0.000402118545026, 0.000356398551958, 0.000347755907569, 0.000385846011341, 0.000382560072467, 0.000337431789376, 0.000429593055742, 0.000372022710508, 0.000399305077735, 0.000297734455671, 0.000271082477411, 0.000238021966652, 0.000147988961544, 0.000109275344585, 8.43654197524e-05, 9.14936026675e-05, 5.72296521568e-05, 4.92441140523e-05, 3.64993466064e-05, 2.94388300972e-05, 3.47888380929e-05, 2.54426322499e-05, 2.12814902625e-05, 2.22771577683e-05, 1.86764173122e-05, 1.72155268956e-05, 1.28280398712e-05, 7.52462437958e-06, 6.73531212669e-06, 4.9425866564e-06, 6.01222109253e-06, 5.89516685068e-06, 4.11262590205e-06, 3.10079462906e-06, 2.28166823035e-06, 1.80776294201e-06, 1.20611525745e-06, 7.76872241204e-07, 4.21448305588e-07],
        "dvar": [2.01313419268e-08, 3.08411358674e-07, 2.33294272789e-07, 1.36892026603e-07, 1.20368923717e-07, 2.48173705586e-07, 3.46985558508e-07, 4.01346369472e-07, 2.74239994269e-07, 4.14623798406e-07, 1.70373809283e-07, 1.74133447217e-07, 1.04688126612e-07, 2.49315679213e-08, 1.74417120746e-08, 1.39799203325e-08, 1.02394279722e-08, 3.90269327966e-09, 3.79630815672e-09, 1.61567481616e-09, 8.78593642284e-10, 1.58666024763e-09, 5.36501953974e-10, 4.50384507467e-10, 5.71733937971e-10, 4.60587651352e-10, 2.97331326227e-10, 1.65475910752e-10, 5.2470236489e-11, 4.39703724819e-11, 3.03293258563e-11, 5.60208754385e-11, 8.23633314329e-11, 3.56457259543e-11, 1.32796273977e-11, 7.51505281615e-12, 3.86996207649e-12, 1.7894435933e-12, 7.38759910451e-13, 2.40121697482e-13],
        "dvar2": [5.24027470306e-08, 7.89923433331e-07, 6.23592654847e-07, 3.50442235231e-07, 2.90223169941e-07, 5.80678317874e-07, 7.93284982592e-07, 9.8434247775e-07, 6.49376659112e-07, 1.08326048576e-06, 4.42879979801e-07, 4.45878811206e-07, 2.4425409606e-07, 5.98483751446e-08, 4.14788736691e-08, 3.43026052008e-08, 2.63681823043e-08, 1.0018671226e-08, 9.6268726324e-09, 4.09508693622e-09, 2.04367434087e-09, 4.09764000509e-09, 1.38900135838e-09, 1.22830501326e-09, 1.52200674286e-09, 1.27701382802e-09, 7.88636433935e-10, 4.44949577183e-10, 1.31632593714e-10, 1.08917666553e-10, 6.9615105347e-11, 1.36689340402e-10, 2.14086637307e-10, 8.66859570237e-11, 3.08856343278e-11, 1.82807918109e-11, 8.81566174227e-12, 4.11939449566e-12, 1.7400365003e-12, 5.20945157671e-13],
        "max": [0.00377577031031, 0.0182794518769, 0.0138661749661, 0.00828168727458, 0.00811470858753, 0.011934094131, 0.0184047631919, 0.0119125405326, 0.014428133145, 0.0123629327863, 0.00816028565168, 0.00848735589534, 0.00680592143908, 0.00417477125302, 0.00347426603548, 0.00349608086981, 0.00302682770416, 0.00132523186039, 0.00200271746144, 0.000838999112602, 0.000557721941732, 0.001159833977, 0.000553506484721, 0.000644577958155, 0.000567059672903, 0.000634118623566, 0.000370156543795, 0.000213748440729, 0.000122703058878, 0.00010708431364, 0.000165545250638, 0.000218249930185, 0.000273515819572, 0.000258255429799, 0.000111920657218, 9.13468829822e-05, 5.69978510612e-05, 1.71860756382e-05, 1.25503574964e-05, 6.40105190541e-06],
        "mean": [9.63418351603e-05, 0.000443309836555, 0.000324354419718, 0.00031185374246, 0.000372372858692, 0.00036485097371, 0.00032386337989, 0.000403398735216, 0.000344111438608, 0.000357040058589, 0.000299120263662, 0.000260096188867, 0.000238077089307, 0.000149764673552, 0.000113969341328, 8.15702805994e-05, 8.75237601576e-05, 5.83826185903e-05, 4.75432207168e-05, 3.76868556486e-05, 3.28008864017e-05, 3.70151137759e-05, 2.83175559161e-05, 2.38335906033e-05, 2.40394547291e-05, 1.9615101337e-05, 1.82372114068e-05, 1.48831859406e-05, 9.33081446419e-06, 7.79854781285e-06, 5.92199376115e-06, 6.51594473311e-06, 6.36213599137e-06, 4.82215546072e-06, 3.65657820112e-06, 2.64175332632e-06, 2.19507887778e-06, 1.40325971643e-06, 8.57557267864e-07, 3.98455370032e-07],
        "median": [3.11930998578e-05, 0.000194269421627, 0.000159120914759, 0.000158656795975, 0.000219089633902, 0.000167431324371, 0.000109069369501, 0.000134871748742, 0.000147912927787, 0.000114498070616, 8.52417651913e-05, 7.05789789208e-05, 7.87541430327e-05, 7.4739989941e-05, 5.61953202123e-05, 3.705799827e-05, 3.9148137148e-05, 2.78608858935e-05, 2.41226589424e-05, 1.75879322342e-05, 1.59707324201e-05, 1.75617260538e-05, 1.7464715711e-05, 1.44669593283e-05, 1.17141307783e-05, 9.98411542241e-06, 1.06083134597e-05, 7.92797982285e-06, 5.0979565458e-06, 4.3083618948e-06, 3.23729886986e-06, 3.82638609153e-06, 3.67892585018e-06, 2.89858144242e-06, 2.24424115913e-06, 1.5842515495e-06, 1.14285182917e-06, 6.77017169437e-07, 3.55386930551e-07, 1.02589964968e-07],
        "min": [2.825024892e-24, 4.2017114172e-24, 2.04904707143e-24, 6.67907702523e-24, 7.09881098023e-24, 4.56002742314e-24, 5.60064421436e-24, 4.33662714238e-24, 9.05674087003e-24, 7.19736889515e-24, 4.35798752354e-24, 7.15602232852e-24, 8.13902742455e-24, 3.23969988202e-24, 3.68254391167e-24, 7.38259264683e-24, 1.08225539415e-23, 1.07969041292e-23, 6.05548721282e-24, 3.39067720966e-24, 7.59891881743e-24, 7.46308249158e-24, 4.62186741279e-24, 4.9181028265e-24, 8.90610078043e-24, 1.02381492169e-23, 9.73763353859e-24, 6.9005449912e-24, 7.26301789968e-24, 7.35343634778e-24, 9.2472010804e-24, 7.66218940633e-24, 8.52288792989e-24, 5.94129841349e-24, 6.12884654384e-24, 6.42641434362e-24, 8.59820521367e-24, 1.04197165983e-23, 9.34663857522e-24, 9.1205770722e-24],
        "var": [3.22059108271e-08, 5.3907280062e-07, 2.97365971846e-07, 2.22401141059e-07, 2.28059832352e-07, 4.40185004891e-07, 7.51869436044e-07, 6.94113793998e-07, 4.59380572693e-07, 7.04878630131e-07, 3.4613381672e-07, 3.4155905837e-07, 2.32241859521e-07, 5.70244580445e-08, 3.56402232171e-08, 2.34725678894e-08, 1.8306486993e-08, 7.47546113899e-09, 6.36884900374e-09, 3.30647154101e-09, 2.11520934101e-09, 2.98394864373e-09, 1.13320219874e-09, 8.01482380464e-10, 1.31141764115e-09, 7.79364128789e-10, 5.04409902735e-10, 3.92878951594e-10, 1.23509785732e-10, 9.51082199108e-11, 6.29185731293e-11, 7.90412804652e-11, 9.10116773611e-11, 4.54273459127e-11, 2.02034725755e-11, 1.07591270962e-11, 8.24062259402e-12, 3.4947899609e-12, 1.58820222598e-12, 4.58177278669e-13]
    },
    "mfcc": {
        "mean": [-610.828369141, 102.642036438, -21.5939540863, 14.2597818375, -20.0406589508, 5.10433340073, -11.7507047653, 7.45222949982, -12.4547338486, 2.40544390678, -7.18826913834, 0.179823800921, -5.1713809967],
        "cov": [[2726.05004883, -672.985351562, -90.1492233276, -257.931274414, 95.2110519409, -99.3398284912, 213.76789856, -61.0780220032, 54.2865638733, 6.91330480576, -10.170293808, -86.8202362061, -81.1747817993], [-672.985351562, 915.95300293, -156.165039062, 241.418045044, -102.637619019, 90.3231124878, -148.87387085, 114.183311462, -72.0564956665, 47.433681488, -12.9932460785, 59.1532592773, 30.8071632385], [-90.1492233276, -156.165039062, 543.622131348, -49.177570343, 116.089401245, -67.6639328003, 52.989112854, -62.2210998535, 57.0847587585, -41.6051521301, 62.149433136, -1.23573958874, 42.4675140381], [-257.931274414, 241.418045044, -49.177570343, 293.474365234, 1.78190660477, 56.2523002625, -96.7307357788, 44.505241394, -13.8341817856, 27.2325115204, -18.7279129028, 42.2298583984, 25.9960727692], [95.2110519409, -102.637619019, 116.089401245, 1.78190660477, 227.911911011, -31.6368961334, 30.4027748108, -48.7436981201, 54.7423248291, -28.4292430878, 5.73844671249, 20.0543651581, 26.3838729858], [-99.3398284912, 90.3231124878, -67.6639328003, 56.2523002625, -31.6368961334, 181.666305542, 12.5664644241, 55.9252700806, -24.217792511, 26.4118671417, -5.21411371231, 7.64833974838, -20.5416984558], [213.76789856, -148.87387085, 52.989112854, -96.7307357788, 30.4027748108, 12.5664644241, 192.852416992, 8.72304439545, 21.9152698517, -9.91441822052, 15.7153177261, -19.5555534363, -20.5425834656], [-61.0780220032, 114.183311462, -62.2210998535, 44.505241394, -48.7436981201, 55.9252700806, 8.72304439545, 122.119674683, 4.28268146515, 31.8683986664, -2.16004133224, 12.7446098328, -7.98677825928], [54.2865638733, -72.0564956665, 57.0847587585, -13.8341817856, 54.7423248291, -24.217792511, 21.9152698517, 4.28268146515, 107.781829834, 11.7135715485, 17.4166755676, -6.79169559479, 14.3008928299], [6.91330480576, 47.433681488, -41.6051521301, 27.2325115204, -28.4292430878, 26.4118671417, -9.91441822052, 31.8683986664, 11.7135715485, 94.9454879761, 13.9046468735, 5.664539814, -16.4054584503], [-10.170293808, -12.9932460785, 62.149433136, -18.7279129028, 5.73844671249, -5.21411371231, 15.7153177261, -2.16004133224, 17.4166755676, 13.9046468735, 85.302406311, 9.70276355743, 10.5917768478], [-86.8202362061, 59.1532592773, -1.23573958874, 42.2298583984, 20.0543651581, 7.64833974838, -19.5555534363, 12.7446098328, -6.79169559479, 5.664539814, 9.70276355743, 85.2908401489, 19.8512115479], [-81.1747817993, 30.8071632385, 42.4675140381, 25.9960727692, 26.3838729858, -20.5416984558, -20.5425834656, -7.98677825928, 14.3008928299, -16.4054584503, 10.5917768478, 19.8512115479, 83.2726135254]],
