{
"lowlevel": {
    "average_loudness": 0.909456551075,
    "barkbands_crest": {
        "dmean": 2.34890890121,
        "dmean2": 3.73653101921,
        "dvar": 5.70942735672,
        "dvar2": 12.8710813522,
        "max": 26.4817905426,
        "mean": 8.69175815582,
        "median": 7.11998844147,
        "min": 2.44238042831,
        "var": 21.4437122345
    },
    "barkbands_flatness_db": {
        "dmean": 0.0181911475956,
        "dmean2": 0.0269937701523,
        "dvar": 0.00037899625022,
        "dvar2": 0.000696070143022,
        "max": 0.412748157978,
        "mean": 0.139908015728,
        "median": 0.131868690252,
        "min": 0.0436456128955,
        "var": 0.00254889484495
    },
    "barkbands_kurtosis": {
        "dmean": 1.50626838207,
        "dmean2": 2.35938072205,
        "dvar": 11.2746276855,
        "dvar2": 25.3504257202,
        "max": 94.7279434204,
        "mean": 1.77728593349,
        "median": -0.0191884040833,
        "min": -1.88390922546,
        "var": 31.3695869446
    },
    "barkbands_skewness": {
        "dmean": 0.417674005032,
        "dmean2": 0.637477219105,
        "dvar": 0.248870700598,
        "dvar2": 0.496156066656,
        "max": 9.22461605072,
        "mean": 0.453747212887,
        "median": 0.412871629,
        "min": -7.36496639252,
        "var": 1.78988587856
    },
    "barkbands_spread": {
        "dmean": 4.52843856812,
        "dmean2": 6.97805929184,
        "dvar": 24.9528770447,
        "dvar2": 57.3673439026,
        "max": 88.5708694458,
        "mean": 21.5534725189,
        "median": 21.3558921814,
        "min": 0.97689384222,
        "var": 97.4382247925
    },
    "dissonance": {
        "dmean": 0.0176333282143,
        "dmean2": 0.0292041674256,
        "dvar": 0.00037556811003,
        "dvar2": 0.000917172117624,
        "max": 0.500000119209,
        "mean": 0.467078179121,
        "median": 0.477186381817,
        "min": 0.246204063296,
        "var": 0.00111434352584
    },
    "dynamic_complexity": 3.43206214905,
    "erbbands_crest": {
        "dmean": 2.61779093742,
        "dmean2": 4.16420221329,
        "dvar": 7.44142818451,
        "dvar2": 16.8483524323,
        "max": 32.0744628906,
        "mean": 9.31850719452,
        "median": 7.96546173096,
        "min": 2.53952598572,
        "var": 27.2780094147
    },
    "erbbands_flatness_db": {
        "dmean": 0.0165963191539,
        "dmean2": 0.0238864757121,
        "dvar": 0.000281300744973,
        "dvar2": 0.000504071475007,
        "max": 0.406369030476,
        "mean": 0.208294808865,
        "median": 0.212726980448,
        "min": 0.081120736897,
        "var": 0.0031101454515
    },
    "erbbands_kurtosis": {
        "dmean": 1.00277090073,
        "dmean2": 1.55185973644,
        "dvar": 3.45552825928,
        "dvar2": 7.40094089508,
        "max": 47.1921463013,
        "mean": 0.618375778198,
        "median": -0.141671895981,
        "min": -1.91683602333,
        "var": 9.24176692963
    },
    "erbbands_skewness": {
        "dmean": 0.373061656952,
        "dmean2": 0.562279999256,
        "dvar": 0.163260117173,
        "dvar2": 0.32611939311,
        "max": 6.5092587471,
        "mean": 0.215522840619,
        "median": 0.129819601774,
        "min": -5.12351036072,
        "var": 0.960081458092
    },
    "erbbands_spread": {
        "dmean": 5.6916475296,
        "dmean2": 8.87491703033,
        "dvar": 37.6300926208,
        "dvar2": 86.7971572876,
        "max": 120.865310669,
        "mean": 29.1949939728,
        "median": 28.4549655914,
        "min": 2.45679426193,
        "var": 131.71887207
    },
    "hfc": {
        "dmean": 5.69085454941,
        "dmean2": 7.82538938522,
        "dvar": 57.0918426514,
        "dvar2": 103.42049408,
        "max": 170.43888855,
        "mean": 21.4912490845,
        "median": 18.5812721252,
        "min": 1.04067314933e-16,
        "var": 342.657348633
    },
    "melbands_crest": {
        "dmean": 2.98274946213,
        "dmean2": 4.77172327042,
        "dvar": 9.46885204315,
        "dvar2": 21.5414295197,
        "max": 34.8226127625,
        "mean": 10.4154596329,
        "median": 9.06913948059,
        "min": 1.4305883646,
        "var": 36.9223022461
    },
    "melbands_flatness_db": {
        "dmean": 0.0195697266608,
        "dmean2": 0.0287594124675,
        "dvar": 0.000564964488149,
        "dvar2": 0.00100104871672,
        "max": 0.451133191586,
        "mean": 0.123642802238,
        "median": 0.117244578898,
        "min": 0.00244864774868,
        "var": 0.00477597722784
    },
    "melbands_kurtosis": {
        "dmean": 2.66639184952,
        "dmean2": 4.21224451065,
        "dvar": 34.9978027344,
        "dvar2": 79.6959152222,
        "max": 166.280700684,
        "mean": 4.28584766388,
        "median": 1.30589747429,
        "min": -1.90953707695,
        "var": 100.301582336
    },
    "melbands_skewness": {
        "dmean": 0.469239652157,
        "dmean2": 0.726855278015,
        "dvar": 0.321889042854,
        "dvar2": 0.682187855244,
        "max": 10.8195505142,
        "mean": 1.27187812328,
        "median": 1.03687977791,
        "min": -3.45996713638,
        "var": 1.44014942646
    },
    "melbands_spread": {
        "dmean": 9.54437828064,
        "dmean2": 15.0365104675,
        "dvar": 150.900253296,
        "dvar2": 323.46282959,
        "max": 237.281951904,
        "mean": 46.1704368591,
        "median": 35.2655410767,
        "min": 1.01253640652,
        "var": 1414.71447754
    },
    "pitch_salience": {
        "dmean": 0.0611851513386,
        "dmean2": 0.0967601984739,
        "dvar": 0.00351348984987,
        "dvar2": 0.00825936719775,
        "max": 0.924455106258,
        "mean": 0.614248275757,
        "median": 0.616582274437,
        "min": 0.0670068562031,
        "var": 0.0171577371657
    },
    "silence_rate_20dB": {
        "dmean": 0,
        "dmean2": 0,
        "dvar": 0,
        "dvar2": 0,
        "max": 1,
        "mean": 1,
        "median": 1,
        "min": 1,
        "var": 0
    },
    "silence_rate_30dB": {
        "dmean": 0.000641231192276,
        "dmean2": 0.00128259940539,
        "dvar": 0.000640862679575,
        "dvar2": 0.0019224245334,
        "max": 1,
        "mean": 0.99967944622,
        "median": 1,
        "min": 0,
        "var": 0.000320432998706
    },
    "silence_rate_60dB": {
        "dmean": 0.03761889413,
        "dmean2": 0.075245834887,
        "dvar": 0.0362001918256,
        "dvar2": 0.0772897526622,
        "max": 1,
        "mean": 0.211049363017,
        "median": 0,
        "min": 0,
        "var": 0.166517212987
    },
    "spectral_centroid": {
        "dmean": 281.413452148,
        "dmean2": 438.687042236,
        "dvar": 103093.78125,
        "dvar2": 201405.984375,
        "max": 12027.15625,
        "mean": 2967.09594727,
        "median": 2200.72558594,
        "min": 375.613861084,
        "var": 7925124.5
    },
    "spectral_complexity": {
        "dmean": 3.0862455368,
        "dmean2": 4.69965791702,
        "dvar": 12.2823839188,
        "dvar2": 26.4839286804,
        "max": 53,
        "mean": 17.5245780945,
        "median": 18,
        "min": 0,
        "var": 127.848228455
    },
    "spectral_decrease": {
        "dmean": 1.14733333945e-09,
        "dmean2": 1.60614221922e-09,
        "dvar": 3.14461209143e-18,
        "dvar2": 5.85964033944e-18,
        "max": 3.72713003343e-21,
        "mean": -3.71169828206e-09,
        "median": -2.90255774971e-09,
        "min": -3.33858878321e-08,
        "var": 1.2360388667e-17
    },
    "spectral_energy": {
        "dmean": 0.00477870320901,
        "dmean2": 0.00666171405464,
        "dvar": 5.15193860338e-05,
        "dvar2": 9.53402268351e-05,
        "max": 0.133636504412,
        "mean": 0.0159581489861,
        "median": 0.012847840786,
        "min": 9.87862223687e-21,
        "var": 0.000213239123696
    },
    "spectral_energyband_high": {
        "dmean": 0.000308156886604,
        "dmean2": 0.000454806897324,
        "dvar": 4.88797923026e-07,
        "dvar2": 9.27629457692e-07,
        "max": 0.0291852597147,
        "mean": 0.000813338032458,
        "median": 0.000515832216479,
        "min": 6.8319455964e-21,
        "var": 1.67215318925e-06
    },
    "spectral_energyband_low": {
        "dmean": 0.000257064733887,
        "dmean2": 0.000422212237027,
        "dvar": 7.3607776585e-07,
        "dvar2": 1.87770058346e-06,
        "max": 0.025269029662,
        "mean": 0.000368268229067,
        "median": 0.000131620705361,
        "min": 1.05952515603e-23,
        "var": 8.25312952202e-07
    },
    "spectral_energyband_middle_high": {
        "dmean": 0.00224515516311,
        "dmean2": 0.00320449983701,
        "dvar": 9.85607766779e-06,
        "dvar2": 1.94579024537e-05,
        "max": 0.0649171322584,
        "mean": 0.00723948841915,
        "median": 0.00490874424577,
        "min": 1.05323649258e-21,
        "var": 5.53314930585e-05
    },
    "spectral_energyband_middle_low": {
        "dmean": 0.00337260053493,
        "dmean2": 0.00491864979267,
        "dvar": 4.05524515372e-05,
        "dvar2": 7.9345118138e-05,
        "max": 0.117365077138,
        "mean": 0.00778626091778,
        "median": 0.00401647016406,
        "min": 1.14015959898e-22,
        "var": 0.000124902260723
    },
    "spectral_entropy": {
        "dmean": 0.130992367864,
        "dmean2": 0.182639047503,
        "dvar": 0.0241838190705,
        "dvar2": 0.0394683405757,
        "max": 9.83055591583,
        "mean": 7.82977867126,
        "median": 7.68490409851,
        "min": 5.41754484177,
        "var": 0.578077077866
    },
    "spectral_flux": {
        "dmean": 0.018666125834,
        "dmean2": 0.029626885429,
        "dvar": 0.000519459019415,
        "dvar2": 0.00123951234855,
        "max": 0.323876738548,
        "mean": 0.0678169801831,
        "median": 0.0661496967077,
        "min": 6.21333609563e-11,
        "var": 0.00184624025133
    },
    "spectral_kurtosis": {
        "dmean": 1.4641572237,
        "dmean2": 2.51048278809,
        "dvar": 3.77415847778,
        "dvar2": 10.0658998489,
        "max": 50.1806640625,
        "mean": 2.7980132103,
        "median": 2.34264159203,
        "min": -1.30487751961,
        "var": 10.5557794571
    },
    "spectral_rms": {
        "dmean": 0.000553267542273,
        "dmean2": 0.000753073079977,
        "dvar": 4.97126336541e-07,
        "dvar2": 8.26929067443e-07,
        "max": 0.0114182783291,
        "mean": 0.00340257934295,
        "median": 0.00354040646926,
        "min": 3.10446134945e-12,
        "var": 3.99143618779e-06
    },
    "spectral_rolloff": {
        "dmean": 522.503173828,
        "dmean2": 857.729064941,
        "dvar": 470573.375,
        "dvar2": 955746.8125,
        "max": 20004.3457031,
        "mean": 4277.17871094,
        "median": 2799.31640625,
        "min": 172.265625,
        "var": 25695164
    },
    "spectral_skewness": {
        "dmean": 0.194091230631,
        "dmean2": 0.318202167749,
        "dvar": 0.0406514257193,
        "dvar2": 0.0989482924342,
        "max": 5.19521570206,
        "mean": 0.989366948605,
        "median": 1.00358533859,
        "min": -0.419328540564,
        "var": 0.297917872667
    },
    "spectral_spread": {
        "dmean": 391935,
        "dmean2": 615985.375,
        "dvar": 393990144000,
        "dvar2": 875257069568,
        "max": 43214032,
        "mean": 7400390,
        "median": 3547904,
        "min": 1153358.25,
        "var": 1.27189399896e+14
    },
    "spectral_strongpeak": {
        "dmean": 0.833195209503,
        "dmean2": 1.33747911453,
        "dvar": 1.13558042049,
        "dvar2": 2.79613518715,
        "max": 16.3588256836,
        "mean": 1.68605172634,
        "median": 1.2959446907,
        "min": 0,
        "var": 2.65133738518
    },
    "zerocrossingrate": {
        "dmean": 0.0101684294641,
        "dmean2": 0.0123298326507,
        "dvar": 0.000165837132954,
        "dvar2": 0.000188586243894,
        "max": 0.7275390625,
        "mean": 0.130164727569,
        "median": 0.08935546875,
        "min": 0.0166015625,
        "var": 0.017009569332
    },
    "barkbands": {
        "dmean": [2.52785025623e-06, 8.67731432663e-05, 0.000129065971123, 0.000247430842137, 0.000462968921056, 0.000494765758049, 0.000821353984065, 0.00110949366353, 0.00137549580541, 0.000748012971599, 0.00045601950842, 0.00060838018544, 0.000597361824475, 0.000416418275563, 0.000306573405396, 0.000238268752582, 0.000280497712083, 0.000293828139547, 0.000297444523312, 0.000248211494181, 9.92797213257e-05, 0.000111186505819, 5.50506629224e-05, 2.8079139156e-05, 4.7902717597e-06, 1.46984675098e-07, 6.99016622363e-10],
        "dmean2": [4.48806758868e-06, 0.000146142439917, 0.000217957567656, 0.000434274203144, 0.000747020589188, 0.000746236531995, 0.00118484441191, 0.00163111987058, 0.00208690017462, 0.00115059432574, 0.000701436656527, 0.00094032502966, 0.000939140445553, 0.00065385986818, 0.000481505063362, 0.000384994084015, 0.000439891155111, 0.000464903801912, 0.000468005018774, 0.000389022170566, 0.000154995141202, 0.000168152735569, 8.38165869936e-05, 4.18329836975e-05, 7.01561430105e-06, 2.27528289543e-07, 1.28551846945e-09],
        "dvar": [3.1819109847e-11, 9.96025022459e-08, 2.51227930903e-07, 8.0055934859e-07, 1.17504930586e-06, 4.68295593237e-06, 9.93244429992e-06, 1.08920421553e-05, 1.42177459566e-05, 3.0876128676e-06, 1.28537828914e-06, 2.50943617175e-06, 1.80674328476e-06, 7.76378271894e-07, 5.61568356261e-07, 2.32255572996e-07, 2.56442802993e-07, 2.402421444e-07, 3.24783769656e-07, 2.63088566044e-07, 1.11342181697e-07, 1.44530503121e-07, 1.81422699086e-08, 8.06938782461e-09, 2.02590291765e-10, 2.60485778997e-13, 5.452362662e-18],
        "dvar2": [9.20203913068e-11, 2.67139625976e-07, 6.94372090493e-07, 2.26253382607e-06, 2.97458814202e-06, 8.25019651529e-06, 1.92431671167e-05, 2.1122268663e-05, 3.03920242004e-05, 6.66222877044e-06, 2.78037305179e-06, 5.37907953913e-06, 4.04569163948e-06, 1.7476204448e-06, 1.27734608668e-06, 5.63160881484e-07, 5.98073370384e-07, 5.71804662286e-07, 7.48852755805e-07, 6.28336920272e-07, 2.70146927051e-07, 3.42251951224e-07, 3.80370508424e-08, 1.56440922439e-08, 4.13493600471e-10, 4.73099261589e-13, 1.81611573215e-17],
        "max": [0.000233318161918, 0.010489102453, 0.0148227550089, 0.0186550039798, 0.0209909994155, 0.113085955381, 0.0942255035043, 0.107121400535, 0.0980847775936, 0.0465536080301, 0.0271908342838, 0.0474041104317, 0.0270378533751, 0.0211932659149, 0.0222611669451, 0.0139596341178, 0.0109054120257, 0.00853709876537, 0.0185775756836, 0.012861023657, 0.0205485075712, 0.0191283896565, 0.00473092636093, 0.00464951433241, 0.000816503888927, 3.4215652704e-05, 1.12662888796e-07],
        "mean": [2.40016788666e-06, 0.000103805163235, 0.000156859066919, 0.000261239969404, 0.000720338604879, 0.000763567688409, 0.00133329269011, 0.00173597503453, 0.0026541762054, 0.00120624131523, 0.000726568105165, 0.00101896945853, 0.000957663694862, 0.000647961336654, 0.000509776407853, 0.000400101271225, 0.000498984416481, 0.000557564606424, 0.000593517208472, 0.000479450070998, 0.000213936626096, 0.000240642097197, 0.000113569716632, 5.1855451602e-05, 9.42421775108e-06, 2.80276054809e-07, 6.7306360485e-10],
        "median": [9.4934154049e-07, 3.023176032e-05, 4.13573507103e-05, 6.48692730465e-05, 0.000291332660709, 0.000227055264986, 0.000218437722651, 0.000241994537646, 0.000378808414098, 0.000310015166178, 0.000110870620119, 0.000233154103626, 0.000223043345613, 0.00018632991123, 0.000126639337395, 0.000165595876751, 0.000214159386815, 0.000275606638752, 0.00027333421167, 0.000171600928297, 0.000117564748507, 0.000121631273942, 6.39089630567e-05, 2.17948145291e-05, 3.60242256647e-06, 1.54294241383e-07, 2.78756462357e-10],
        "min": [8.46974315956e-26, 1.14796074308e-24, 5.07158626663e-25, 3.86498554816e-25, 2.66382530754e-24, 4.56181655967e-24, 3.36634795048e-24, 4.06705364954e-24, 6.97465768439e-24, 6.6389997358e-24, 8.44869003973e-24, 1.90696647764e-23, 2.25925014313e-23, 1.74762335899e-23, 3.5690427624e-23, 3.19994641999e-23, 5.34599612762e-23, 6.49883114363e-23, 9.12061477975e-23, 1.19970382985e-22, 2.29167223167e-22, 2.62066004576e-22, 3.57309107035e-22, 4.51982412107e-22, 7.68844134042e-22, 1.19634085901e-21, 1.80957431613e-21],
        "var": [2.57712583912e-11, 1.03505279014e-07, 2.14924355646e-07, 5.94402706611e-07, 1.68814153767e-06, 8.73128374224e-06, 2.22539838433e-05, 2.42275928031e-05, 4.81328861497e-05, 6.7586647674e-06, 2.8788151667e-06, 6.39782592771e-06, 3.80511050935e-06, 1.56716805577e-06, 1.24443783989e-06, 4.46290016498e-07, 5.84804752179e-07, 5.96612039772e-07, 9.11223821731e-07, 6.65901040975e-07, 2.07589962997e-07, 2.97453453868e-07, 4.4796848897e-08, 1.97275316083e-08, 6.2238980636e-10, 8.42490682253e-13, 3.5755250073e-18]
    },
    "erbbands": {
        "dmean": [0.00101368501782, 0.0247496943921, 0.122480608523, 0.476556390524, 1.42787063122, 1.45885324478, 2.42782092094, 4.92988729477, 9.45420455933, 16.0610866547, 24.8664131165, 31.6897583008, 27.1131916046, 20.2750606537, 21.7129840851, 20.1163024902, 25.111700058, 21.0438137054, 20.2681045532, 10.1747331619, 13.5488653183, 14.9970359802, 15.717420578, 12.6036863327, 14.7105646133, 11.3958177567, 4.84808731079, 3.62353420258, 4.3908996582, 2.7792828083, 1.32618904114, 0.865284979343, 0.29297593236, 0.0837533548474, 0.0183543618768, 0.00154827407096, 0.000155358779011, 7.1067056524e-06, 3.41357736033e-06, 6.01859983362e-06],
        "dmean2": [0.00170430913568, 0.0414902865887, 0.20414274931, 0.824039757252, 2.45350456238, 2.34274339676, 3.76005244255, 7.2679028511, 13.8005561829, 23.1031608582, 35.5518341064, 47.5260353088, 40.5887870789, 30.9606628418, 33.1622123718, 30.6478633881, 39.2387733459, 33.0380249023, 30.9615325928, 16.0760707855, 21.7041816711, 23.4819698334, 24.6161727905, 19.4873523712, 22.9643802643, 17.7520198822, 7.58620452881, 5.66633415222, 6.73077869415, 4.19547843933, 2.01298141479, 1.30690848827, 0.435533285141, 0.12335793674, 0.0272253956646, 0.00230721593834, 0.000231369020185, 9.95320897346e-06, 4.69656788482e-06, 8.32783189253e-06],
        "dvar": [1.10884557216e-05, 0.00805493071675, 0.217662513256, 2.82847166061, 22.3287200928, 10.819653511, 45.458694458, 592.862365723, 1506.39611816, 3104.69506836, 5007.12695312, 9151.3203125, 4997.28808594, 2100.89868164, 2581.65405273, 2753.27124023, 3429.86499023, 1939.86108398, 2279.17041016, 625.099365234, 704.957275391, 828.287719727, 685.688842773, 659.565856934, 752.16204834, 569.975097656, 119.458854675, 293.010406494, 263.206512451, 56.2781257629, 11.7939796448, 8.6711473465, 0.803675532341, 0.0628465786576, 0.00241912156343, 2.25246658374e-05, 4.3551412432e-07, 5.93118665293e-10, 2.49387992896e-11, 7.38699726388e-11],
        "dvar2": [2.87246293738e-05, 0.0211262106895, 0.580192327499, 7.98478412628, 61.0887413025, 26.4565181732, 99.8834075928, 1034.92895508, 2950.2878418, 6043.59423828, 9211.42480469, 19699.2910156, 10091.46875, 4411.78173828, 6020.8515625, 5786.90234375, 7709.49121094, 4561.14160156, 4867.58935547, 1530.86206055, 1741.86035156, 1938.87280273, 1646.42224121, 1505.54089355, 1699.69067383, 1349.52148438, 255.096893311, 743.68951416, 636.723327637, 122.209129333, 24.554561615, 17.4464874268, 1.48988771439, 0.118753485382, 0.00490809837356, 4.12745175709e-05, 7.64507149142e-07, 9.32290245004e-10, 4.48927908736e-11, 1.35822450509e-10],
        "max": [0.186308920383, 2.9821228981, 16.0391368866, 42.8348503113, 87.6547470093, 69.1938171387, 291.289398193, 1395.98547363, 1460.63598633, 1453.64331055, 2281.72363281, 2490.26733398, 1731.7265625, 1216.54919434, 1523.64294434, 2251.51757812, 1426.12219238, 789.441223145, 1182.1907959, 755.961547852, 597.859741211, 769.202514648, 498.570373535, 567.499084473, 891.449707031, 483.110809326, 498.837646484, 1215.90808105, 865.531555176, 240.019287109, 164.040298462, 157.913803101, 38.5196266174, 16.1406497955, 2.79154586792, 0.284111827612, 0.0467002540827, 0.00188828411046, 0.000156477486598, 0.000153012559167],
        "mean": [0.00132648926228, 0.0301172304899, 0.155248194933, 0.561092197895, 1.68209946156, 2.27895712852, 3.75574755669, 7.64157438278, 15.8162565231, 27.5188751221, 38.9094238281, 57.3923721313, 50.8246459961, 35.5195808411, 38.2120132446, 36.3538208008, 43.0879478455, 35.4442138672, 36.152217865, 19.1347999573, 24.6489810944, 28.8220539093, 31.9598407745, 26.7605648041, 31.1035041809, 23.3814334869, 10.561999321, 7.86167812347, 9.17923927307, 5.93414545059, 2.77203392982, 1.56374633312, 0.554403781891, 0.167590036988, 0.037899158895, 0.00345036224462, 0.000314910983434, 1.94732037926e-05, 1.25750630104e-05, 2.11263832171e-05],
        "median": [0.000492786988616, 0.00889190658927, 0.0469699427485, 0.166630685329, 0.457441061735, 0.849427580833, 1.47218704224, 2.08063340187, 3.15995550156, 4.7852139473, 8.67837715149, 10.3396263123, 13.0580863953, 11.885679245, 10.5529174805, 10.8615970612, 11.4932231903, 12.8024463654, 10.1962900162, 7.90209102631, 11.39752388, 14.2931194305, 16.7156715393, 14.1512889862, 15.0451517105, 8.59346008301, 5.67180681229, 4.27633953094, 4.48633575439, 3.14688682556, 1.5771214962, 0.706823170185, 0.222000360489, 0.0618814677, 0.016864400357, 0.00196751928888, 0.000145482539665, 1.24213565869e-05, 1.11157241918e-05, 1.78126283572e-05],
        "min": [3.09851878687e-23, 4.04826301433e-22, 9.84535972117e-22, 3.46344036378e-21, 5.48634972977e-21, 1.06948217037e-20, 2.33753470133e-20, 4.4290901223e-20, 4.36574133519e-20, 1.39027528425e-19, 1.65538589509e-19, 1.92388303506e-19, 3.09035012892e-19, 4.60866883609e-19, 6.86832464431e-19, 8.24349380111e-19, 1.25817004263e-18, 9.23681880958e-19, 1.76616895376e-18, 2.53394807216e-18, 2.78731514815e-18, 3.45579164761e-18, 4.27181669562e-18, 4.0551991863e-18, 4.62943541216e-18, 6.19777274869e-18, 7.34237110001e-18, 8.02139042997e-18, 7.66553898481e-18, 7.12579784486e-18, 1.06064009817e-17, 8.79073126537e-18, 8.17548590628e-18, 7.42505028378e-18, 5.57291968679e-18, 3.8902022967e-18, 1.94964216312e-18, 9.03305423941e-19, 2.22089128128e-19, 2.29335178595e-20],
        "var": [1.54775352712e-05, 0.008465860039, 0.201662987471, 2.22677850723, 19.5042285919, 18.5055027008, 75.7456665039, 1078.01037598, 3138.63720703, 8082.56787109, 10267.96875, 24452.6054688, 15708.8027344, 4926.27636719, 5556.73144531, 7384.37939453, 7349.33886719, 3826.31884766, 5542.55566406, 1184.70263672, 1465.69067383, 1801.22314453, 1830.36291504, 1764.79577637, 2191.57104492, 1561.99755859, 318.441040039, 439.600463867, 497.791503906, 129.336532593, 29.101190567, 18.9915046692, 2.08160495758, 0.214612528682, 0.00745814340189, 8.14957311377e-05, 1.60841375418e-06, 2.64227040248e-09, 1.20380524993e-10, 3.33583022316e-10]
    },
    "gfcc": {
        "mean": [-150.019714355, 73.3593215942, -168.17880249, 32.0691680908, -80.9218673706, 7.07483577728, -32.5500831604, 0.430392295122, -14.8978528976, -11.5010414124, -4.76121520996, -10.7096786499, -4.65171337128],
        "cov": [[116786.257812, 8815.77832031, -19460.1992188, 3938.45043945, -9202.91796875, 915.323059082, -3436.70751953, -129.27772522, -1787.51269531, -1606.49401855, -595.037109375, -1449.88342285, -652.028381348], [8815.77832031, 1381.18652344, -1258.64379883, 215.630844116, -639.188415527, -131.389007568, -233.249572754, -80.0511016846, -74.8260955811, -176.159301758, -32.6869430542, -163.614868164, -86.5191802979], [-19460.1992188, -1258.64379883, 3821.34350586, -404.809173584, 1533.39196777, -105.595039368, 569.522949219, -18.2875728607, 265.638702393, 226.41746521, 44.8127555847, 223.836288452, 28.2542686462], [3938.45043945, 215.630844116, -404.809173584, 567.565673828, -205.314758301, 124.315750122, -87.4078903198, -22.2993564606, -130.798339844, -88.8787307739, -94.1375274658, -43.8459854126, -67.1088790894], [-9202.91796875, -639.188415527, 1533.39196777, -205.314758301, 919.650939941, -29.2143383026, 313.338775635, 8.39205646515, 132.025619507, 95.0710220337, 22.3338127136, 93.2045211792, 51.6994514465], [915.323059082, -131.389007568, -105.595039368, 124.315750122, -29.2143383026, 262.000366211, 56.8979187012, 23.2372379303, -82.64453125, -16.8832645416, -46.7307662964, -13.283164978, -24.741060257], [-3436.70751953, -233.249572754, 569.522949219, -87.4078903198, 313.338775635, 56.8979187012, 376.382110596, 15.191327095, 25.5991802216, -3.73437166214, -6.32537651062, -4.98349761963, -24.5522060394], [-129.27772522, -80.0511016846, -18.2875728607, -22.2993564606, 8.39205646515, 23.2372379303, 15.191327095, 107.322868347, 33.6744346619, 12.0946846008, -9.02814865112, 5.83131074905, 17.6522636414], [-1787.51269531, -74.8260955811, 265.638702393, -130.798339844, 132.025619507, -82.64453125, 25.5991802216, 33.6744346619, 164.774505615, 48.9378890991, 10.5999984741, 12.4600219727, 17.0649375916], [-1606.49401855, -176.159301758, 226.41746521, -88.8787307739, 95.0710220337, -16.8832645416, -3.73437166214, 12.0946846008, 48.9378890991, 116.288154602, 51.1861228943, 35.1110420227, 15.860253334], [-595.037109375, -32.6869430542, 44.8127555847, -94.1375274658, 22.3338127136, -46.7307662964, -6.32537651062, -9.02814865112, 10.5999984741, 51.1861228943, 94.922492981, 44.3913040161, 12.2507295609], [-1449.88342285, -163.614868164, 223.836288452, -43.8459854126, 93.2045211792, -13.283164978, -4.98349761963, 5.83131074905, 12.4600219727, 35.1110420227, 44.3913040161, 104.81111145, 44.1554450989], [-652.028381348, -86.5191802979, 28.2542686462, -67.1088790894, 51.6994514465, -24.741060257, -24.5522060394, 17.6522636414, 17.0649375916, 15.860253334, 12.2507295609, 44.1554450989, 101.43145752]],
        "icov": [[0.000520948844496, -0.00101260910742, 0.00131269230042, -0.00132797367405, 0.00164114846848, -0.00122189638205, 0.000681947974954, -0.000270697317319, -0.000206584489206, 0.00081370031694, -0.000768713187426, 0.000787692784797, -2.40968565777e-05], [-0.00101260910742, 0.00369593966752, -0.0024072737433, 0.00222868705168, -0.00263485964388, 0.00326666142792, -0.00110371084884, 0.00121548096649, -0.000140724063385, 0.000317759666359, 0.000287255301373, 0.000118755197036, 0.000337036501151], [0.00131269230042, -0.0024072737433, 0.00435806205496, -0.00318724056706, 0.00281868921593, -0.00256492290646, 0.00133082270622, -0.000200599184609, -0.000580896914471, 0.0011688581435, -0.000599273422267, 0.000451017316664, 0.00114801269956], [-0.00132797367405, 0.00222868705168, -0.00318724056706, 0.00650078477338, -0.00447812862694, 0.00252424110658, -0.00109393242747, 0.00068510469282, 0.00218133418821, -0.00219432660379, 0.00508500775322, -0.00368819735013, 0.00203502434306], [0.00164114846848, -0.00263485964388, 0.00281868921593, -0.00447812862694, 0.00935586355627, -0.00385352456942, 0.000851089542266, -0.000363285042113, -0.00170469621662, 0.00302939210087, -0.00322949467227, 0.00341878319159, -0.0021702114027], [-0.00122189638205, 0.00326666142792, -0.00256492290646, 0.00252424110658, -0.00385352456942, 0.00967638660222, -0.00302828545682, -0.000727781967726, 0.00374905578792, -0.00374752935022, 0.00529510201886, -0.00281724589877, 0.00157642539125], [0.000681947974954, -0.00110371084884, 0.00133082270622, -0.00109393242747, 0.000851089542266, -0.00302828545682, 0.0058621019125, -0.0011904152343, -0.000284834153717, 0.00376603147015, -0.0028192193713, 0.00304399803281, 0.00127592915669], [-0.000270697317319, 0.00121548096649, -0.000200599184609, 0.00068510469282, -0.000363285042113, -0.000727781967726, -0.0011904152343, 0.0120293889195, -0.00346893817186, -0.000909048889298, 0.00184617342893, -0.00100679206662, -0.00162710773293], [-0.000206584489206, -0.000140724063385, -0.000580896914471, 0.00218133418821, -0.00170469621662, 0.00374905578792, -0.000284834153717, -0.00346893817186, 0.0114815011621, -0.00467193406075, 0.00452692527324, -0.000951940426603, 0.00114162208047], [0.00081370031694, 0.000317759666359, 0.0011688581435, -0.00219432660379, 0.00302939210087, -0.00374752935022, 0.00376603147015, -0.000909048889298, -0.00467193406075, 0.0194669198245, -0.0120435738936, 0.004761305172, -0.000540065811947], [-0.000768713187426, 0.000287255301373, -0.000599273422267, 0.00508500775322, -0.00322949467227, 0.00529510201886, -0.0028192193713, 0.00184617342893, 0.00452692527324, -0.0120435738936, 0.0258954558522, -0.0127629050985, 0.00431867782027], [0.000787692784797, 0.000118755197036, 0.000451017316664, -0.00368819735013, 0.00341878319159, -0.00281724589877, 0.00304399803281, -0.00100679206662, -0.000951940426603, 0.004761305172, -0.0127629050985, 0.0220242645591, -0.00754923699424], [-2.40968565777e-05, 0.000337036501151, 0.00114801269956, 0.00203502434306, -0.0021702114027, 0.00157642539125, 0.00127592915669, -0.00162710773293, 0.00114162208047, -0.000540065811947, 0.00431867782027, -0.00754923699424, 0.0157579053193]]
    },
    "melbands": {
        "dmean": [1.63955810422e-05, 5.17253465659e-05, 0.000111152221507, 0.000101939753222, 8.04084920674e-05, 0.000107534513518, 0.000149475163198, 0.000192572420929, 0.000203741583391, 0.000207754477742, 0.000138319621328, 8.81596715772e-05, 6.85919221723e-05, 7.84654330346e-05, 4.27117338404e-05, 6.54406321701e-05, 3.79507182515e-05, 3.65194282494e-05, 1.8438538973e-05, 1.37625975185e-05, 1.76141838892e-05, 1.63156946655e-05, 1.78408536158e-05, 1.49037159645e-05, 1.07962086986e-05, 1.27414114104e-05, 1.10549108285e-05, 7.46244222682e-06, 3.70281281903e-06, 2.4184000722e-06, 2.259950179e-06, 2.77153708339e-06, 2.19503181142e-06, 1.50019889134e-06, 8.71510792422e-07, 6.22249331172e-07, 5.36054642453e-07, 2.3200641408e-07, 1.24985106709e-07, 6.36207531102e-08],
        "dmean2": [2.7479874916e-05, 8.51899094414e-05, 0.000192710649571, 0.000167962250998, 0.000124465368572, 0.000159992458066, 0.000217868378968, 0.000282610591967, 0.000290121359285, 0.000314156757668, 0.000208001045394, 0.000134822781547, 0.000105416445876, 0.000121211676742, 6.70912995702e-05, 0.000102199483081, 6.00224884693e-05, 5.57126695639e-05, 2.92283020826e-05, 2.19298108277e-05, 2.82848050119e-05, 2.58698910329e-05, 2.82189575955e-05, 2.3730313842e-05, 1.67954331118e-05, 2.01108905458e-05, 1.73051921593e-05, 1.17100671559e-05, 5.85338602832e-06, 3.87193813367e-06, 3.56946793545e-06, 4.32917386206e-06, 3.36881635121e-06, 2.31039507526e-06, 1.34895651627e-06, 9.55068230724e-07, 8.24630319585e-07, 3.52593644948e-07, 1.90454301219e-07, 9.65247721751e-08],
        "dvar": [3.32243921264e-09, 3.56645841748e-08, 1.51407562043e-07, 7.26204731905e-08, 4.34396412174e-08, 2.48054959684e-07, 3.51126629994e-07, 3.78991472871e-07, 3.14393730605e-07, 3.7957354948e-07, 1.29896278622e-07, 4.03099207347e-08, 2.75284701701e-08, 4.63126248462e-08, 1.09538476067e-08, 2.30672689838e-08, 6.85605394679e-09, 7.70369368297e-09, 2.10368877873e-09, 1.10693521016e-09, 1.36717592802e-09, 1.13675868718e-09, 1.06304431924e-09, 6.92903734389e-10, 5.79489400909e-10, 6.35550778672e-10, 5.8939697567e-10, 2.50774540023e-10, 6.80267786546e-11, 4.9144122799e-11, 1.14283291164e-10, 1.08976820623e-10, 4.65155136631e-11, 1.4596922629e-11, 4.30173258126e-12, 4.62224789693e-12, 3.08647356805e-12, 4.55630433556e-13, 1.90058635063e-13, 3.81428693968e-14],
        "dvar2": [8.92877860537e-09, 9.10851625235e-08, 4.23224150836e-07, 1.87421392184e-07, 9.50588656679e-08, 4.35870020965e-07, 6.89482931193e-07, 7.55356438731e-07, 5.80111361614e-07, 8.35744970118e-07, 2.63206487716e-07, 8.49588559504e-08, 6.20867979251e-08, 9.97030582539e-08, 2.48013520832e-08, 5.04719288585e-08, 1.63802322817e-08, 1.6145733639e-08, 5.13240072664e-09, 2.59611310227e-09, 3.37500605241e-09, 2.69727040703e-09, 2.58112953233e-09, 1.6469833275e-09, 1.33821864701e-09, 1.46860501538e-09, 1.40569134111e-09, 5.94546689658e-10, 1.49821974271e-10, 1.17983386949e-10, 2.91865975832e-10, 2.76353856465e-10, 1.07377669256e-10, 3.28351582035e-11, 9.5986326526e-12, 9.36829606946e-12, 6.44215670392e-12, 9.02193142242e-13, 3.71824099288e-13, 9.18065943363e-14],
        "max": [0.00200751004741, 0.00639893393964, 0.00785835273564, 0.00578601658344, 0.00885467976332, 0.0271326526999, 0.0210597347468, 0.0137664824724, 0.0160118937492, 0.0152734741569, 0.00874218344688, 0.00574715295807, 0.00430454174057, 0.00652498425916, 0.00315475626849, 0.00318595068529, 0.00152601406444, 0.00211027567275, 0.00129689171445, 0.00144663406536, 0.000863001390826, 0.000929867266677, 0.000677726580761, 0.000682937097736, 0.000528336910065, 0.000925992091652, 0.000689815904479, 0.000291101750918, 0.000350762478774, 0.000334783835569, 0.000759592046961, 0.000524001196027, 0.000295816367725, 0.000130507018184, 8.25503229862e-05, 0.000118128460599, 8.30598946777e-05, 2.74492904282e-05, 2.45251139859e-05, 1.27488947328e-05],
        "mean": [2.04308707907e-05, 6.87112406013e-05, 0.000131023742142, 0.000143415090861, 0.000128239727928, 0.000168884143932, 0.000249481236096, 0.000330222479533, 0.000309706258122, 0.000383137114113, 0.000251699530054, 0.00014569114137, 0.00011546513997, 0.000130332278786, 7.3204493674e-05, 0.000101409255876, 5.89589617448e-05, 6.14202072029e-05, 3.08756243612e-05, 2.32321926887e-05, 2.96474190691e-05, 2.81087231997e-05, 3.16024816129e-05, 2.69592801487e-05, 2.0295046852e-05, 2.42255773628e-05, 2.07270877581e-05, 1.39218163895e-05, 7.0199835136e-06, 4.6293930609e-06, 4.40513849753e-06, 5.41129656995e-06, 4.31303305959e-06, 2.94427150038e-06, 1.69412612649e-06, 1.10278779175e-06, 8.81500795913e-07, 4.11986093241e-07, 2.21300126668e-07, 1.16146871676e-07],
        "median": [6.64154731567e-06, 2.19879402721e-05, 3.96818613808e-05, 4.81071256218e-05, 5.34391801921e-05, 4.64838376502e-05, 4.69560691272e-05, 5.35521066922e-05, 6.09821763646e-05, 5.5748878367e-05, 5.72202188778e-05, 4.0440230805e-05, 2.64048449026e-05, 2.76116952591e-05, 1.76361390913e-05, 2.57708525169e-05, 1.77246874955e-05, 1.4162743355e-05, 8.4869661805e-06, 8.59410465637e-06, 1.18191410365e-05, 1.20419217637e-05, 1.3695387679e-05, 1.29280588226e-05, 8.90947467269e-06, 1.04675391412e-05, 7.50130584493e-06, 4.16541024606e-06, 3.22002506437e-06, 2.35147945205e-06, 2.15873114939e-06, 2.45942351285e-06, 2.11115275306e-06, 1.55673274094e-06, 9.40132167671e-07, 5.08181472014e-07, 3.61151364814e-07, 1.60684493267e-07, 7.73319825953e-08, 4.23185184673e-08],
        "min": [6.31518554763e-25, 6.45874492035e-25, 6.88956306133e-25, 5.4583031387e-25, 6.02281298855e-25, 1.00345286372e-24, 6.05967990992e-25, 1.09560325594e-24, 1.17492706565e-24, 9.43722879778e-25, 1.71020725238e-24, 1.63079745683e-24, 1.50944570188e-24, 2.0424642244e-24, 2.27721798852e-24, 1.73061271742e-24, 1.62829657054e-24, 2.03078750528e-24, 2.54895670733e-24, 2.39242954601e-24, 2.88468525897e-24, 2.86331915857e-24, 2.81588554398e-24, 2.85436539008e-24, 2.83682506785e-24, 2.67651452963e-24, 3.37314398718e-24, 3.52429683636e-24, 3.78149349603e-24, 3.5696807931e-24, 3.80529658498e-24, 3.25912360966e-24, 4.30069334485e-24, 3.3050749546e-24, 4.82035941047e-24, 4.47782811682e-24, 3.91547757648e-24, 4.39347679794e-24, 4.92072145028e-24, 5.32539250073e-24],
        "var": [3.81220210954e-09, 3.7335933456e-08, 1.19755696915e-07, 8.97488945384e-08, 7.54532791802e-08, 4.67704921903e-07, 7.51693505663e-07, 9.74513000074e-07, 6.25463371762e-07, 1.11159954486e-06, 3.98997087814e-07, 9.36399757734e-08, 5.85679664766e-08, 1.11609203657e-07, 2.31687025121e-08, 4.5525418102e-08, 1.26932482303e-08, 1.80559140972e-08, 4.03551636552e-09, 2.01685179668e-09, 2.59069077302e-09, 2.20591811484e-09, 2.31684738061e-09, 1.61149860123e-09, 1.38938283101e-09, 1.62793911684e-09, 1.40199052368e-09, 6.43921083121e-10, 1.59325427851e-10, 1.07497163948e-10, 1.61242866281e-10, 1.89456464406e-10, 8.81901981997e-11, 3.09835698764e-11, 9.60401983635e-12, 1.01820574541e-11, 6.20184415975e-12, 1.04412832547e-12, 4.94954229512e-13, 1.00536637663e-13]
    },
    "mfcc": {
        "mean": [-697.658630371, 79.7578430176, -33.2491226196, 9.86290931702, -22.5325984955, -3.39482831955, -11.1003570557, 4.8452091217, -9.86666965485, 0.355625599623, -1.19411087036, -2.17991614342, -4.88620185852],
        "cov": [[26718.109375, 4168.82177734, -1955.58532715, 677.037109375, -1313.74694824, 54.1972579956, -369.79675293, 438.221252441, -572.053405762, 49.6123428345, -90.2766647339, -247.938674927, -320.476531982], [4168.82177734, 1521.63024902, -279.093719482, 125.077896118, -251.05506897, -137.064102173, -199.755508423, 7.25997161865, -141.360336304, 2.91970658302, 24.7595558167, -15.9377002716, -51.5995292664], [-1955.58532715, -279.093719482, 680.436218262, 118.04536438, 144.77305603, 90.0851516724, 45.054813385, 0.92770242691, 31.4132232666, -29.5535488129, 2.87718319893, 30.42694664, 8.08162975311], [677.037109375, 125.077896118, 118.04536438, 363.649871826, 43.5559234619, 72.7394485474, 8.39651870728, 57.9365653992, -9.96364784241, -7.15091896057, -12.7978029251, -31.5895996094, -11.0185251236], [-1313.74694824, -251.05506897, 144.77305603, 43.5559234619, 282.507568359, 21.0657444, -15.8622150421, -29.8353710175, 47.2889099121, -11.0759019852, -26.7514953613, 4.66359329224, 5.49457979202], [54.1972579956, -137.064102173, 90.0851516724, 72.7394485474, 21.0657444, 209.078918457, 120.391990662, 62.114692688, 10.8890295029, 5.18124914169, 10.6356592178, -26.196023941, -19.7871112823], [-369.79675293, -199.755508423, 45.054813385, 8.39651870728, -15.8622150421, 120.391990662, 241.105377197, 67.7067718506, 24.1194019318, 0.538261294365, -11.0751657486, -3.32034277916, 5.94982481003], [438.221252441, 7.25997161865, 0.92770242691, 57.9365653992, -29.8353710175, 62.114692688, 67.7067718506, 144.991714478, 36.590007782, 11.2931699753, 6.56688833237, -28.6465072632, -14.4010648727], [-572.053405762, -141.360336304, 31.4132232666, -9.96364784241, 47.2889099121, 10.8890295029, 24.1194019318, 36.590007782, 120.441207886, 39.7675552368, -14.5369606018, -11.5315952301, -5.90254640579], [49.6123428345, 2.91970658302, -29.5535488129, -7.15091896057, -11.0759019852, 5.18124914169, 0.538261294365, 11.2931699753, 39.7675552368, 105.551673889, 35.8564491272, -24.6805400848, -28.7002239227], [-90.2766647339, 24.7595558167, 2.87718319893, -12.7978029251, -26.7514953613, 10.6356592178, -11.0751657486, 6.56688833237, -14.5369606018, 35.8564491272, 105.766609192, 16.3048877716, -15.8308086395], [-247.938674927, -15.9377002716, 30.42694664, -31.5895996094, 4.66359329224, -26.196023941, -3.32034277916, -28.6465072632, -11.5315952301, -24.6805400848, 16.3048877716, 96.8137130737, 43.1816902161], [-320.476531982, -51.5995292664, 8.08162975311, -11.0185251236, 5.49457979202, -19.7871112823, 5.94982481003, -14.4010648727, -5.90254640579, -28.7002239227, -15.8308086395, 43.1816902161, 97.5433197021]],
