{
"lowlevel": {
    "average_loudness": 0.555148303509,
    "barkbands_crest": {
        "dmean": 2.0257062912,
        "dmean2": 3.20004320145,
        "dvar": 4.6012468338,
        "dvar2": 10.430182457,
        "max": 26.2067165375,
        "mean": 8.90943717957,
        "median": 7.71494674683,
        "min": 2.06528067589,
        "var": 17.2577476501
    },
    "barkbands_flatness_db": {
        "dmean": 0.0157180074602,
        "dmean2": 0.0238425433636,
        "dvar": 0.000315453624353,
        "dvar2": 0.0006125200307,
        "max": 0.433193355799,
        "mean": 0.133778840303,
        "median": 0.126413598657,
        "min": 0.0363837145269,
        "var": 0.00224192836322
    },
    "barkbands_kurtosis": {
        "dmean": 1.63864302635,
        "dmean2": 2.50013327599,
        "dvar": 9.91287136078,
        "dvar2": 21.1518039703,
        "max": 98.2832565308,
        "mean": 2.56037855148,
        "median": 1.35281467438,
        "min": -1.88892877102,
        "var": 26.3459949493
    },
    "barkbands_skewness": {
        "dmean": 0.39717066288,
        "dmean2": 0.588208675385,
        "dvar": 0.235856518149,
        "dvar2": 0.442373871803,
        "max": 8.33828926086,
        "mean": 0.743896067142,
        "median": 0.907037317753,
        "min": -6.22028493881,
        "var": 2.06401491165
    },
    "barkbands_spread": {
        "dmean": 4.75192737579,
        "dmean2": 7.28359556198,
        "dvar": 31.5542449951,
        "dvar2": 68.8030929565,
        "max": 92.6529769897,
        "mean": 24.014465332,
        "median": 22.9086112976,
        "min": 0.640328645706,
        "var": 158.887863159
    },
    "dissonance": {
        "dmean": 0.0171933379024,
        "dmean2": 0.0284220613539,
        "dvar": 0.000369465356926,
        "dvar2": 0.000930679147132,
        "max": 0.500000059605,
        "mean": 0.457912683487,
        "median": 0.466690301895,
        "min": 0.206049159169,
        "var": 0.00143838080112
    },
    "dynamic_complexity": 4.65744256973,
    "erbbands_crest": {
        "dmean": 2.38533163071,
        "dmean2": 3.74388766289,
        "dvar": 6.52140951157,
        "dvar2": 14.9723262787,
        "max": 32.6176223755,
        "mean": 9.21132946014,
        "median": 7.95302248001,
        "min": 2.56283640862,
        "var": 25.9894695282
    },
    "erbbands_flatness_db": {
        "dmean": 0.0135161196813,
        "dmean2": 0.0202826187015,
        "dvar": 0.000242696230998,
        "dvar2": 0.00046952906996,
        "max": 0.447731345892,
        "mean": 0.183927938342,
        "median": 0.182849645615,
        "min": 0.0787197500467,
        "var": 0.00252965767868
    },
    "erbbands_kurtosis": {
        "dmean": 0.983152151108,
        "dmean2": 1.50656211376,
        "dvar": 3.43340468407,
        "dvar2": 7.36121892929,
        "max": 49.2446403503,
        "mean": 0.746471047401,
        "median": -0.101545214653,
        "min": -1.83691608906,
        "var": 10.3736429214
    },
    "erbbands_skewness": {
        "dmean": 0.344768553972,
        "dmean2": 0.509553253651,
        "dvar": 0.152996093035,
        "dvar2": 0.297418326139,
        "max": 5.47472715378,
        "mean": 0.310294061899,
        "median": 0.313049584627,
        "min": -5.33606290817,
        "var": 1.0443187952
    },
    "erbbands_spread": {
        "dmean": 6.27427959442,
        "dmean2": 9.67402744293,
        "dvar": 50.2212905884,
        "dvar2": 111.834434509,
        "max": 123.49446106,
        "mean": 37.4186477661,
        "median": 36.0296325684,
        "min": 1.34496819973,
        "var": 277.31427002
    },
    "hfc": {
        "dmean": 4.18448400497,
        "dmean2": 5.99390220642,
        "dvar": 61.8259963989,
        "dvar2": 114.757583618,
        "max": 214.871353149,
        "mean": 16.2515220642,
        "median": 9.53111457825,
        "min": 1.01940580638e-16,
        "var": 376.055877686
    },
    "melbands_crest": {
        "dmean": 2.58278751373,
        "dmean2": 4.04907178879,
        "dvar": 7.39529800415,
        "dvar2": 17.0398578644,
        "max": 32.8591995239,
        "mean": 11.1624965668,
        "median": 10.5335168839,
        "min": 1.45960974693,
        "var": 37.0988121033
    },
    "melbands_flatness_db": {
        "dmean": 0.0175722762942,
        "dmean2": 0.0256843678653,
        "dvar": 0.000482489267597,
        "dvar2": 0.000859701249283,
        "max": 0.481585294008,
        "mean": 0.131733104587,
        "median": 0.136449158192,
        "min": 0.00213778321631,
        "var": 0.00512498850003
    },
    "melbands_kurtosis": {
        "dmean": 3.26219296455,
        "dmean2": 4.99061870575,
        "dvar": 37.7787895203,
        "dvar2": 81.7288589478,
        "max": 254.149261475,
        "mean": 7.11340808868,
        "median": 4.18169021606,
        "min": -1.87242281437,
        "var": 120.188247681
    },
    "melbands_skewness": {
        "dmean": 0.469100624323,
        "dmean2": 0.711296498775,
        "dvar": 0.332163214684,
        "dvar2": 0.675983607769,
        "max": 13.8568534851,
        "mean": 1.77763700485,
        "median": 1.68105697632,
        "min": -4.69451522827,
        "var": 2.02853655815
    },
    "melbands_spread": {
        "dmean": 9.23267459869,
        "dmean2": 14.2117080688,
        "dvar": 176.53237915,
        "dvar2": 368.10144043,
        "max": 215.965942383,
        "mean": 45.2571640015,
        "median": 29.9932098389,
        "min": 0.935286164284,
        "var": 1686.8873291
    },
    "pitch_salience": {
        "dmean": 0.0513638444245,
        "dmean2": 0.0810114145279,
        "dvar": 0.00262702791952,
        "dvar2": 0.00629140017554,
        "max": 0.977316379547,
        "mean": 0.626102566719,
        "median": 0.62108540535,
        "min": 0.0680807083845,
        "var": 0.0162070058286
    },
    "silence_rate_20dB": {
        "dmean": 0,
        "dmean2": 0,
        "dvar": 0,
        "dvar2": 0,
        "max": 1,
        "mean": 1,
        "median": 1,
        "min": 1,
        "var": 0
    },
    "silence_rate_30dB": {
        "dmean": 0.00124177325051,
        "dmean2": 0.00248385500163,
        "dvar": 0.00124052050523,
        "dvar2": 0.00297405128367,
        "max": 1,
        "mean": 0.99888253212,
        "median": 1,
        "min": 0,
        "var": 0.00111596251372
    },
    "silence_rate_60dB": {
        "dmean": 0.0310443304479,
        "dmean2": 0.0620963722467,
        "dvar": 0.0300785172731,
        "dvar2": 0.0674229562283,
        "max": 1,
        "mean": 0.29488453269,
        "median": 0,
        "min": 0,
        "var": 0.207930862904
    },
    "spectral_centroid": {
        "dmean": 278.88684082,
        "dmean2": 425.246154785,
        "dvar": 127858.507812,
        "dvar2": 254312.3125,
        "max": 11954.2753906,
        "mean": 2892.12304688,
        "median": 1839.36572266,
        "min": 299.262268066,
        "var": 9245856
    },
    "spectral_complexity": {
        "dmean": 2.23171496391,
        "dmean2": 3.5342772007,
        "dvar": 7.24571561813,
        "dvar2": 16.7651309967,
        "max": 60,
        "mean": 13.5869131088,
        "median": 13,
        "min": 0,
        "var": 105.159545898
    },
    "spectral_decrease": {
        "dmean": 9.58078727464e-10,
        "dmean2": 1.35113320532e-09,
        "dvar": 3.85773876638e-18,
        "dvar2": 7.10318355409e-18,
        "max": 2.35096342381e-28,
        "mean": -3.18990123205e-09,
        "median": -1.87092030757e-09,
        "min": -5.61971766899e-08,
        "var": 1.55753096629e-17
    },
    "spectral_energy": {
        "dmean": 0.00392733095214,
        "dmean2": 0.00553729152307,
        "dvar": 6.12062067376e-05,
        "dvar2": 0.000112527595775,
        "max": 0.221115678549,
        "mean": 0.0135135035962,
        "median": 0.00827365554869,
        "min": 9.86652068145e-21,
        "var": 0.000260045373579
    },
    "spectral_energyband_high": {
        "dmean": 0.00037087086821,
        "dmean2": 0.000544112583157,
        "dvar": 1.01860598534e-06,
        "dvar2": 1.85899432381e-06,
        "max": 0.0326358191669,
        "mean": 0.00107110093813,
        "median": 0.000385555904359,
        "min": 6.68291253006e-21,
        "var": 4.20109381594e-06
    },
    "spectral_energyband_low": {
        "dmean": 0.000299281760817,
        "dmean2": 0.0004793604312,
        "dvar": 1.49603874888e-06,
        "dvar2": 4.06927711083e-06,
        "max": 0.0556625686586,
        "mean": 0.000560270505957,
        "median": 0.000142339908052,
        "min": 9.31698213835e-24,
        "var": 2.32263687394e-06
    },
    "spectral_energyband_middle_high": {
        "dmean": 0.00111125374679,
        "dmean2": 0.00165407487657,
        "dvar": 5.64825631955e-06,
        "dvar2": 1.26257591546e-05,
        "max": 0.0681161209941,
        "mean": 0.00358965643682,
        "median": 0.001758110011,
        "min": 9.80985214519e-22,
        "var": 3.22282212437e-05
    },
    "spectral_energyband_middle_low": {
        "dmean": 0.00316931097768,
        "dmean2": 0.00449553364888,
        "dvar": 5.1390779845e-05,
        "dvar2": 9.49612440309e-05,
        "max": 0.207911923528,
        "mean": 0.00863391719759,
        "median": 0.00351239740849,
        "min": 1.09261047149e-22,
        "var": 0.000174811269972
    },
    "spectral_entropy": {
        "dmean": 0.112884134054,
        "dmean2": 0.163917735219,
        "dvar": 0.0200343988836,
        "dvar2": 0.0356587320566,
        "max": 9.8306055069,
        "mean": 7.88639879227,
        "median": 7.69396877289,
        "min": 4.8572640419,
        "var": 0.602694928646
    },
    "spectral_flux": {
        "dmean": 0.0128132663667,
        "dmean2": 0.0205447133631,
        "dvar": 0.000400643330067,
        "dvar2": 0.000919409329072,
        "max": 0.321859508753,
        "mean": 0.0500188283622,
        "median": 0.0453173182905,
        "min": 6.22824569696e-11,
        "var": 0.00163513724692
    },
    "spectral_kurtosis": {
        "dmean": 1.00113427639,
        "dmean2": 1.69500136375,
        "dvar": 3.00507736206,
        "dvar2": 7.59900617599,
        "max": 55.8584518433,
        "mean": 2.23239541054,
        "median": 1.82332253456,
        "min": -1.28064596653,
        "var": 10.6094884872
    },
    "spectral_rms": {
        "dmean": 0.000444119737949,
        "dmean2": 0.000618005404249,
        "dvar": 4.62448554117e-07,
        "dvar2": 7.93295157564e-07,
        "max": 0.0146874981001,
        "mean": 0.00298098474741,
        "median": 0.00284110195935,
        "min": 3.10255922516e-12,
        "var": 4.29758301834e-06
    },
    "spectral_rolloff": {
        "dmean": 565.93548584,
        "dmean2": 913.836120605,
        "dvar": 649998,
        "dvar2": 1291949.75,
        "max": 19789.0136719,
        "mean": 4287.19970703,
        "median": 2411.71875,
        "min": 150.732421875,
        "var": 29824272
    },
    "spectral_skewness": {
        "dmean": 0.159494206309,
        "dmean2": 0.253328561783,
        "dvar": 0.0364257059991,
        "dvar2": 0.0796967670321,
        "max": 6.00975942612,
        "mean": 0.982749938965,
        "median": 0.991483151913,
        "min": -0.418297350407,
        "var": 0.356207281351
    },
    "spectral_spread": {
        "dmean": 421584.0625,
        "dmean2": 681360.8125,
        "dvar": 504822759424,
        "dvar2": 1.17263184691e+12,
        "max": 45421776,
        "mean": 8602761,
        "median": 4501741,
        "min": 1115931.75,
        "var": 1.33472760889e+14
    },
    "spectral_strongpeak": {
        "dmean": 0.512276470661,
        "dmean2": 0.829039812088,
        "dvar": 0.763968646526,
        "dvar2": 1.95119738579,
        "max": 13.4828472137,
        "mean": 1.11276602745,
        "median": 0.646078467369,
        "min": 0,
        "var": 1.85582506657
    },
    "zerocrossingrate": {
        "dmean": 0.0108772786334,
        "dmean2": 0.01315018069,
        "dvar": 0.000205080214073,
        "dvar2": 0.000235542916926,
        "max": 0.78466796875,
        "mean": 0.134084671736,
        "median": 0.08203125,
        "min": 0.0078125,
        "var": 0.0192070901394
    },
    "barkbands": {
        "dmean": [4.12438703279e-06, 7.46791920392e-05, 0.00014977696992, 0.000243711125222, 0.000601553008892, 0.000760893570259, 0.001226185821, 0.00103661697358, 0.000656030606478, 0.000442902499344, 0.000384408253012, 0.000175603228854, 0.000197483735974, 0.000128973377286, 0.000127616949612, 0.000106992076326, 0.000123065430671, 0.000127235543914, 0.000152252847329, 0.000167692982359, 0.000125695209135, 0.000135779569973, 8.13811420812e-05, 4.42288765043e-05, 1.06893539851e-05, 2.44235508262e-07, 6.36857677705e-10],
        "dmean2": [7.41587291486e-06, 0.000125893202494, 0.00024314019538, 0.000388849904994, 0.000933431030717, 0.00112294929568, 0.00176680611912, 0.00151874392759, 0.000951146939769, 0.000670214241836, 0.000602340325713, 0.000282461260213, 0.000305910449242, 0.000207748104003, 0.000209913559956, 0.000177225621883, 0.000200170790777, 0.000208250959986, 0.000252244411968, 0.000268583389698, 0.00019650766626, 0.000205961681786, 0.000123101563076, 6.67776912451e-05, 1.66614918271e-05, 3.9286319975e-07, 1.16355713953e-09],
        "dvar": [3.7961266075e-11, 1.1104977915e-07, 5.18976094099e-07, 1.04336402273e-06, 1.73485830146e-06, 9.50989124249e-06, 1.74159868038e-05, 1.17972094813e-05, 5.02289367432e-06, 2.09970494325e-06, 2.31361786973e-06, 5.40383041425e-07, 5.79360005304e-07, 1.35660044975e-07, 1.1164816982e-07, 7.29661877585e-08, 8.48831973599e-08, 8.9655230795e-08, 1.43254538898e-07, 2.13036145169e-07, 1.18250085279e-07, 2.04874936571e-07, 5.98703380206e-08, 1.55238577548e-08, 1.22619714382e-09, 2.63895323779e-13, 1.7587007536e-18],
        "dvar2": [1.12196349433e-10, 3.01768977806e-07, 1.39298015256e-06, 2.69368251793e-06, 4.21964250563e-06, 1.92459847312e-05, 3.60248850484e-05, 2.42818932747e-05, 9.79884316621e-06, 4.80526432511e-06, 5.61538081456e-06, 1.40864688092e-06, 1.22662811464e-06, 3.56994917183e-07, 2.9437643434e-07, 1.91212620848e-07, 2.16390404262e-07, 2.28038089745e-07, 3.81117530424e-07, 5.14695159382e-07, 2.37910199985e-07, 4.07452972695e-07, 1.13569868176e-07, 2.9618609787e-08, 2.91898993865e-09, 5.95666799306e-13, 5.40630276396e-18],
        "max": [9.66634324868e-05, 0.0147834150121, 0.0334237664938, 0.0480577498674, 0.0318065322936, 0.154418587685, 0.130142077804, 0.0682640224695, 0.0557400621474, 0.041719160974, 0.0658852756023, 0.0322347320616, 0.0366971343756, 0.0105522340164, 0.00941845588386, 0.00627733906731, 0.00897410139441, 0.00660212617368, 0.0109712099656, 0.0186722166836, 0.0110797416419, 0.0175506919622, 0.0119720166549, 0.00500324973837, 0.00115403451491, 1.63720542332e-05, 2.43564741709e-08],
        "mean": [4.28201155955e-06, 0.000103270220279, 0.000256556377281, 0.000449364975793, 0.00147230434231, 0.00139393866993, 0.00200004340149, 0.0017433114117, 0.0012903092429, 0.000790506426711, 0.000708264007699, 0.000280355860014, 0.000340893137036, 0.000217654116568, 0.000228552438784, 0.000204062278499, 0.000232502192375, 0.000246957119089, 0.000311813055305, 0.000377650925657, 0.000271388562396, 0.000291256030323, 0.000180666087545, 9.50659596128e-05, 2.19316061703e-05, 6.26669134363e-07, 6.8201011505e-10],
        "median": [2.33546893469e-06, 3.48255962308e-05, 4.18753770646e-05, 3.92447145714e-05, 0.000413455767557, 0.000221048685489, 0.000272878620308, 0.00023149169283, 0.00021284315153, 0.000165415593074, 0.000128622152261, 5.85003217566e-05, 6.26999972155e-05, 4.88592013426e-05, 6.01495230512e-05, 5.71463388042e-05, 7.92232021922e-05, 8.66116024554e-05, 0.000111969122372, 0.00011168524361, 8.93344695214e-05, 7.47693775338e-05, 4.82267059851e-05, 2.77177896351e-05, 6.39688005322e-06, 4.93693733006e-07, 2.86621337775e-10],
        "min": [2.1660684484e-26, 5.52825488643e-25, 3.15441366436e-25, 6.1163146995e-25, 4.66764501112e-24, 2.98472761289e-24, 5.40943971372e-24, 3.62849076802e-24, 6.96423919841e-24, 1.05355284789e-23, 5.13907262682e-24, 1.6987693609e-23, 2.20199146318e-23, 2.04869606777e-23, 2.4361296397e-23, 3.37732053235e-23, 4.24297483789e-23, 7.40134986589e-23, 9.31212180854e-23, 1.23261321355e-22, 2.13941475633e-22, 2.64166444555e-22, 3.59815539012e-22, 5.18977781324e-22, 8.39517942727e-22, 1.09044770519e-21, 1.75154161849e-21],
        "var": [3.52612973542e-11, 9.64938990933e-08, 8.39374081352e-07, 2.37940616898e-06, 6.56176644043e-06, 1.89343372767e-05, 3.48663015757e-05, 2.61972782027e-05, 1.52924640133e-05, 6.17702789896e-06, 8.29386772239e-06, 1.07072162336e-06, 1.2927272337e-06, 2.96094128771e-07, 2.85218362706e-07, 2.05092021588e-07, 2.11237477288e-07, 2.30107204402e-07, 3.67596214801e-07, 5.70205656913e-07, 3.55645482841e-07, 6.15183637365e-07, 2.10198308537e-07, 4.6209503779e-08, 2.75439959729e-09, 6.29949000949e-13, 1.41251419011e-18]
    },
    "erbbands": {
        "dmean": [0.00117396598216, 0.0211095940322, 0.13276450336, 0.524170517921, 1.2342672348, 2.45156931877, 3.43681168556, 7.59356546402, 14.3709516525, 22.7553348541, 19.5332260132, 16.1140384674, 11.8303995132, 13.6755638123, 14.0914154053, 7.8128824234, 8.95935821533, 7.07537603378, 6.30685424805, 6.37832307816, 4.92782735825, 5.85416269302, 7.2003235817, 6.05805110931, 8.11716461182, 8.37901496887, 5.62122821808, 4.78952264786, 4.74554014206, 3.75859975815, 2.29083132744, 1.26664066315, 0.574004411697, 0.185724273324, 0.043473046273, 0.00282335560769, 0.000302079279209, 1.30861299112e-05, 3.46520437233e-06, 5.03595128976e-06],
        "dmean2": [0.00203202106059, 0.035160664469, 0.216327771544, 0.845274627209, 1.97640609741, 3.79722547531, 5.07320594788, 11.242143631, 20.6185798645, 33.3888092041, 27.7028484344, 22.7892780304, 17.4237937927, 20.2804107666, 21.8175830841, 12.4853658676, 13.5778398514, 11.2577066422, 10.2487487793, 10.5165882111, 8.01882457733, 9.4321603775, 11.6501913071, 9.95325946808, 13.3074064255, 13.5035524368, 8.88079833984, 7.448595047, 7.16005897522, 5.80336427689, 3.45981192589, 1.90458035469, 0.885430932045, 0.285681933165, 0.0679960548878, 0.00439574522898, 0.000475977081805, 1.95712982531e-05, 4.92333629154e-06, 7.10089989298e-06],
        "dvar": [9.27729161049e-06, 0.0104365125299, 0.47323140502, 4.03399133682, 18.1389465332, 32.3811225891, 113.701690674, 1303.5892334, 3642.93945312, 5140.1484375, 5124.41796875, 3072.10571289, 2046.20007324, 2059.45947266, 2496.59326172, 1161.36584473, 1312.20043945, 377.333190918, 298.490875244, 251.484115601, 148.071350098, 211.077194214, 301.784515381, 200.834579468, 511.236541748, 577.16394043, 217.377532959, 213.801925659, 268.860046387, 173.25642395, 48.1195983887, 13.8976173401, 2.74179840088, 0.347681224346, 0.0193220898509, 4.68974612886e-05, 7.10354129296e-07, 1.64916380552e-09, 4.91884206977e-11, 8.78454808895e-11],
        "dvar2": [2.58631062025e-05, 0.0283489730209, 1.29749417305, 10.7639417648, 48.9670906067, 77.2153930664, 242.08984375, 2690.88061523, 7400.77001953, 11358.9628906, 9777.0546875, 5742.54248047, 4197.30029297, 4222.609375, 6052.71044922, 3019.54174805, 2718.54296875, 960.64251709, 778.59161377, 674.840759277, 376.446807861, 537.216003418, 746.410339355, 533.152709961, 1353.00390625, 1416.9185791, 470.574859619, 449.44317627, 541.819702148, 383.529205322, 86.683265686, 26.3701000214, 5.90995931625, 0.804551422596, 0.0447868034244, 0.000100592755189, 1.61259015385e-06, 3.50399798066e-09, 8.83263392981e-11, 1.60849555897e-10],
        "max": [0.096240542829, 4.88005304337, 35.1477775574, 79.1951217651, 195.573196411, 177.513153076, 431.82043457, 1940.1505127, 2292.91357422, 2337.20214844, 1833.42077637, 1740.96899414, 1584.39477539, 2055.68334961, 1985.88781738, 1585.96643066, 1828.15344238, 577.114624023, 530.551879883, 345.347381592, 428.292266846, 462.453033447, 460.454589844, 353.20135498, 722.831115723, 1046.70935059, 399.38470459, 461.471862793, 715.006591797, 723.965637207, 322.178375244, 153.511856079, 47.6788520813, 17.8364009857, 3.73853158951, 0.202879905701, 0.0362210646272, 0.00135685468558, 0.000204886775464, 0.000248941243626],
        "mean": [0.00179336976726, 0.0297462958843, 0.222690030932, 0.998565077782, 2.69744229317, 5.83842992783, 7.39388608932, 13.163105011, 22.6936092377, 38.6873435974, 35.7029495239, 32.1605682373, 24.5595722198, 25.3694458008, 27.416683197, 13.7117204666, 16.324804306, 12.9585475922, 11.7630281448, 12.2276258469, 10.5856533051, 12.0213165283, 14.6145143509, 12.992857933, 17.2204189301, 19.0972366333, 12.8799724579, 10.0232524872, 9.99894142151, 8.04624652863, 5.09653997421, 2.70669126511, 1.18179655075, 0.38127464056, 0.0918977856636, 0.00795784126967, 0.000711931323167, 3.51740563929e-05, 1.28011870402e-05, 1.83170122909e-05],
        "median": [0.00115548609756, 0.00768404360861, 0.0473074652255, 0.159507378936, 0.46795630455, 1.2600440979, 2.10505247116, 2.06259465218, 3.56320285797, 6.10107564926, 5.46784210205, 6.18195676804, 5.43977642059, 4.85106754303, 6.2330160141, 3.84592103958, 3.37482714653, 3.20062232018, 3.21611499786, 3.70517921448, 3.5485496521, 4.24586343765, 5.4938826561, 5.28945922852, 5.77086782455, 5.94210147858, 4.31312179565, 3.1298365593, 2.44694757462, 2.15062832832, 1.36267995834, 0.725995779037, 0.352614879608, 0.108225814998, 0.0301586799324, 0.0054251071997, 0.000435390451457, 1.74515371327e-05, 7.64544711274e-06, 1.1564576198e-05],
        "min": [4.4150878791e-23, 1.79266848419e-22, 9.15721855684e-22, 2.29800285936e-21, 4.86225245891e-21, 1.72411403805e-20, 2.8115930413e-20, 3.39957660827e-20, 5.36934826329e-20, 9.77308465359e-20, 1.79679862466e-19, 2.05042086002e-19, 4.15230165992e-19, 4.57115929724e-19, 5.58298678504e-19, 9.42657714402e-19, 1.44785227646e-18, 1.2879775994e-18, 1.86307233534e-18, 2.21864440025e-18, 2.53933860142e-18, 3.0932309405e-18, 3.90005649933e-18, 5.02768689475e-18, 6.34373579881e-18, 6.53131389196e-18, 7.47496567067e-18, 8.40997920223e-18, 9.53669928538e-18, 9.73070705343e-18, 9.9779438939e-18, 9.2304307005e-18, 8.73383778284e-18, 6.94688281426e-18, 5.48240958417e-18, 3.96821535463e-18, 2.0655826929e-18, 8.70541006673e-19, 2.27772091581e-19, 2.31170727918e-20],
        "var": [9.02902775124e-06, 0.00897626113147, 0.553179979324, 8.65679073334, 40.4657669067, 133.831130981, 295.009063721, 2311.48486328, 6304.12402344, 10578.3544922, 13546.6923828, 9355.60839844, 6846.67089844, 6636.21582031, 9264.65527344, 2391.0246582, 2996.81176758, 896.624328613, 793.826660156, 705.689086914, 480.455108643, 540.568115234, 800.216064453, 542.984313965, 1238.10131836, 1485.13293457, 665.768432617, 571.138305664, 765.651611328, 461.368988037, 164.950592041, 41.6767196655, 7.2703461647, 0.821584582329, 0.0468476004899, 0.000139267067425, 1.5384167682e-06, 4.43376002579e-09, 2.40969272314e-10, 4.22105378428e-10]
    },
    "gfcc": {
        "mean": [-172.866653442, 67.2643814087, -140.689666748, 34.1847076416, -86.3994064331, 8.81748485565, -36.3408050537, 5.32570743561, -18.0797100067, -4.28746461868, -6.54818820953, -7.34653377533, -2.63597202301],
        "cov": [[126010.757812, 8754.57226562, -17971.8496094, 4674.21337891, -11404.9873047, 818.820556641, -4638.81933594, 230.651153564, -2326.8737793, -970.769470215, -796.626098633, -1229.66162109, -310.719146729], [8754.57226562, 1555.68017578, -908.85345459, 138.83921814, -771.561279297, -155.914291382, -314.580627441, -45.5722007751, -234.868515015, -141.144134521, -92.7406616211, -143.526290894, -81.7232589722], [-17971.8496094, -908.85345459, 3303.41308594, -387.252380371, 1564.80639648, -138.190139771, 691.79284668, -116.449966431, 219.749816895, 40.1733856201, -20.4564247131, 113.778945923, -47.7402458191], [4674.21337891, 138.83921814, -387.252380371, 718.284912109, -371.759185791, 44.1811065674, -171.771026611, -54.8550186157, -160.096969604, -97.1782684326, -116.24659729, -74.1210098267, -41.2862243652], [-11404.9873047, -771.561279297, 1564.80639648, -371.759185791, 1244.18640137, 35.2482528687, 437.719299316, 32.8416519165, 174.960494995, 115.945205688, 47.0142974854, 122.594421387, -0.396609634161], [818.820556641, -155.914291382, -138.190139771, 44.1811065674, 35.2482528687, 354.554656982, 92.0559234619, 101.539955139, -58.4753761292, 57.7952270508, -60.1891899109, 11.7662630081, -54.6348381042], [-4638.81933594, -314.580627441, 691.79284668, -171.771026611, 437.719299316, 92.0559234619, 362.45602417, 37.3175849915, 44.7114372253, 26.809797287, -11.9936180115, 8.70513916016, -29.6018886566], [230.651153564, -45.5722007751, -116.449966431, -54.8550186157, 32.8416519165, 101.539955139, 37.3175849915, 167.384017944, 27.8618221283, 65.6778030396, -18.9981117249, 24.4238891602, -11.4066038132], [-2326.8737793, -234.868515015, 219.749816895, -160.096969604, 174.960494995, -58.4753761292, 44.7114372253, 27.8618221283, 184.193328857, 66.4066162109, 47.3765563965, 30.8212795258, 36.4065437317], [-970.769470215, -141.144134521, 40.1733856201, -97.1782684326, 115.945205688, 57.7952270508, 26.809797287, 65.6778030396, 66.4066162109, 139.662185669, 30.7285614014, 45.607460022, 3.91212391853], [-796.626098633, -92.7406616211, -20.4564247131, -116.24659729, 47.0142974854, -60.1891899109, -11.9936180115, -18.9981117249, 47.3765563965, 30.7285614014, 120.785491943, 46.5999488831, 35.4765625], [-1229.66162109, -143.526290894, 113.778945923, -74.1210098267, 122.594421387, 11.7662630081, 8.70513916016, 24.4238891602, 30.8212795258, 45.607460022, 46.5999488831, 108.137786865, 40.3917427063], [-310.719146729, -81.7232589722, -47.7402458191, -41.2862243652, -0.396609634161, -54.6348381042, -29.6018886566, -11.4066038132, 36.4065437317, 3.91212391853, 35.4765625, 40.3917427063, 91.2156600952]],
        "icov": [[0.000580457563046, -0.00115018419456, 0.00138351798523, -0.00127614301164, 0.00207718624733, -0.00142575718928, 0.00105391733814, -0.000490002159495, 0.000297605321975, 0.000224799528951, 0.000118601725262, 0.000247371790465, 0.000244999071583], [-0.00115018419456, 0.00379665172659, -0.00266604498029, 0.00323221157305, -0.00355576653965, 0.00400380417705, -0.00158433918841, 0.00065119942883, 0.00105922436342, -0.000489375903271, 0.00085616169963, -0.00023254394182, 0.000869314768352], [0.00138351798523, -0.00266604498029, 0.00457714730874, -0.00310141011141, 0.00390873523429, -0.00236824830063, 0.0012179473415, 0.0001209847469, 0.000222514005145, 0.000609259644989, 0.00184684607666, -0.000863060995471, 0.00187388400082], [-0.00127614301164, 0.00323221157305, -0.00310141011141, 0.00539010204375, -0.0040643857792, 0.00330911483616, -0.00116079556756, 0.00146989536006, 0.000975034781732, -0.000192844934645, 0.0018005137099, -0.000296793557936, 0.00018696578627], [0.00207718624733, -0.00355576653965, 0.00390873523429, -0.0040643857792, 0.0105078779161, -0.0050963643007, 0.00288723548874, -0.00220023328438, 0.00122582563199, 0.000105342405732, 0.000175617387868, -5.91591242483e-06, 0.00119169114623], [-0.00142575718928, 0.00400380417705, -0.00236824830063, 0.00330911483616, -0.0050963643007, 0.0101305106655, -0.00475701596588, 0.000164465047419, 0.00210055732168, -0.00282217026688, 0.00324996025302, -0.00299277785234, 0.00285503128543], [0.00105391733814, -0.00158433918841, 0.0012179473415, -0.00116079556756, 0.00288723548874, -0.00475701596588, 0.00956242717803, -0.00286669749767, 0.00159331865143, 0.00173420738429, -0.000814232218545, 0.00409846007824, -1.77748534043e-05], [-0.000490002159495, 0.00065119942883, 0.0001209847469, 0.00146989536006, -0.00220023328438, 0.000164465047419, -0.00286669749767, 0.0111336726695, -0.00263981148601, -0.00308377458714, 0.00396585231647, -0.00387015775777, 0.00155100668781], [0.000297605321975, 0.00105922436342, 0.000222514005145, 0.000975034781732, 0.00122582563199, 0.00210055732168, 0.00159331865143, -0.00263981148601, 0.0119215156883, -0.00375780393369, -0.000295474339509, 0.00309028988704, -0.00187953363638], [0.000224799528951, -0.000489375903271, 0.000609259644989, -0.000192844934645, 0.000105342405732, -0.00282217026688, 0.00173420738429, -0.00308377458714, -0.00375780393369, 0.0131004145369, -0.00225792499259, -0.00230665528215, 0.00188372621778], [0.000118601725262, 0.00085616169963, 0.00184684607666, 0.0018005137099, 0.000175617387868, 0.00324996025302, -0.000814232218545, 0.00396585231647, -0.000295474339509, -0.00225792499259, 0.0164768416435, -0.00631945021451, 0.00173646316398], [0.000247371790465, -0.00023254394182, -0.000863060995471, -0.000296793557936, -5.91591242483e-06, -0.00299277785234, 0.00409846007824, -0.00387015775777, 0.00309028988704, -0.00230665528215, -0.00631945021451, 0.0191582217813, -0.00805845484138], [0.000244999071583, 0.000869314768352, 0.00187388400082, 0.00018696578627, 0.00119169114623, 0.00285503128543, -1.77748534043e-05, 0.00155100668781, -0.00187953363638, 0.00188372621778, 0.00173646316398, -0.00805845484138, 0.0191076789051]]
    },
    "melbands": {
        "dmean": [1.52884222189e-05, 5.48487259948e-05, 0.000106529834738, 0.000127471575979, 0.000120003365737, 0.00016563636018, 0.000221864509513, 0.000242316862568, 0.000156325477292, 9.48844390223e-05, 5.91200077906e-05, 5.62284512853e-05, 5.35131985089e-05, 2.29998750001e-05, 1.9318977138e-05, 1.91851631826e-05, 1.35913778649e-05, 1.04808004835e-05, 8.33745707496e-06, 9.15135296964e-06, 6.2359522417e-06, 6.2424578573e-06, 8.2021815615e-06, 6.22500238023e-06, 5.1518491091e-06, 6.76828949508e-06, 5.31514206159e-06, 6.16577563051e-06, 4.19462685386e-06, 3.22915457218e-06, 3.00566216538e-06, 2.87570264845e-06, 3.01762020172e-06, 1.87427292531e-06, 1.55626219112e-06, 1.03239801774e-06, 7.42511247154e-07, 4.69459308761e-07, 2.75395592553e-07, 1.34491898507e-07],
        "dmean2": [2.6033812901e-05, 8.87418646016e-05, 0.000170042854734, 0.000199961883482, 0.000178777379915, 0.000243696733378, 0.000319347018376, 0.000356663716957, 0.000222261907766, 0.000135018824949, 8.70270960149e-05, 8.37326224428e-05, 8.32096629892e-05, 3.66425301763e-05, 2.98485974781e-05, 2.97210244753e-05, 2.18177228817e-05, 1.71699448401e-05, 1.36789412863e-05, 1.50318610395e-05, 1.02586154753e-05, 1.01007262856e-05, 1.34203328344e-05, 1.01845835161e-05, 8.56430870044e-06, 1.12439147415e-05, 8.60645468492e-06, 1.00003608168e-05, 6.76183481119e-06, 5.16275031259e-06, 4.7303633437e-06, 4.39937048213e-06, 4.63461765321e-06, 2.96531698041e-06, 2.40253029915e-06, 1.56965029419e-06, 1.15326326977e-06, 7.4434990438e-07, 4.31131837786e-07, 2.10254327726e-07],
        "dvar": [3.36042704774e-09, 7.81203937095e-08, 1.71352425582e-07, 8.9906123435e-08, 1.04336756124e-07, 5.2673050277e-07, 7.37011532692e-07, 5.69442420328e-07, 3.18374532071e-07, 1.07591667131e-07, 5.08886515149e-08, 3.61992782416e-08, 4.53229098696e-08, 7.15858838873e-09, 5.68235236642e-09, 4.92632068472e-09, 1.57176616167e-09, 8.28870194702e-10, 5.1560800074e-10, 5.4896442947e-10, 2.5049859409e-10, 2.56242721486e-10, 3.62467028614e-10, 2.2620240403e-10, 1.65924371465e-10, 4.32557739627e-10, 1.68703814807e-10, 3.1427804803e-10, 1.21101240147e-10, 1.06403219569e-10, 8.93556964532e-11, 1.08163547563e-10, 1.17447440662e-10, 3.98151962788e-11, 2.07285785758e-11, 1.1108492598e-11, 4.90909353099e-12, 1.83330651007e-12, 6.52765927249e-13, 2.03852952856e-13],
        "dvar2": [9.15210751629e-09, 2.12650519416e-07, 4.56306395336e-07, 2.24664617576e-07, 2.23681183797e-07, 1.08552819711e-06, 1.48924152654e-06, 1.25851420307e-06, 6.12139899658e-07, 1.98634950266e-07, 1.03678168273e-07, 7.53321813818e-08, 1.10422767818e-07, 1.83115087538e-08, 1.2146335493e-08, 1.11246833967e-08, 4.04784294972e-09, 2.1991557464e-09, 1.34677125008e-09, 1.44641187916e-09, 6.42817965524e-10, 6.594803037e-10, 9.0739704639e-10, 5.82579151587e-10, 4.42904102282e-10, 1.17965737179e-09, 4.05909333923e-10, 7.74786068636e-10, 2.78423228917e-10, 2.31398900041e-10, 2.04778208279e-10, 2.31104399506e-10, 2.60299726218e-10, 9.23904633354e-11, 3.96027551031e-11, 2.23248069336e-11, 1.03165496979e-11, 4.17939858069e-12, 1.50672616744e-12, 4.89213324798e-13],
        "max": [0.00233386270702, 0.014498014003, 0.0193050913513, 0.00814340822399, 0.0118552455679, 0.0374388024211, 0.0308410581201, 0.0223524328321, 0.0143884643912, 0.011107839644, 0.00784359592944, 0.00794814433903, 0.00958115886897, 0.002933481941, 0.0034024186898, 0.00256143696606, 0.00132116035093, 0.000821237859782, 0.000604181201197, 0.000654704752378, 0.000556191487703, 0.00054941320559, 0.000427228980698, 0.000303183274809, 0.000301513733575, 0.000673372240271, 0.000461238174466, 0.000742366013583, 0.000301075022435, 0.000346365210135, 0.000347190536559, 0.000453176820884, 0.000536125793587, 0.000305017718347, 0.000218934175791, 0.000120780576253, 8.8195578428e-05, 3.5462759115e-05, 2.31755948334e-05, 1.41985183291e-05],
        "mean": [2.1965639462e-05, 9.18366131373e-05, 0.000214024286834, 0.000313035474392, 0.000268597359536, 0.000289561285172, 0.000362098915502, 0.000411138607888, 0.00028268242022, 0.000188797537703, 0.000117938754556, 0.000100222190667, 0.000100902259874, 3.96319846914e-05, 3.30058901454e-05, 3.32583149429e-05, 2.28581338888e-05, 1.82875392056e-05, 1.50860842041e-05, 1.66788868228e-05, 1.18884554468e-05, 1.17794734251e-05, 1.48051685755e-05, 1.18911029858e-05, 9.72851194092e-06, 1.28904439407e-05, 1.11372264655e-05, 1.31285769385e-05, 8.81020605448e-06, 6.23917003395e-06, 5.65297659705e-06, 5.48306752535e-06, 5.94674747845e-06, 3.78948288926e-06, 3.20975459545e-06, 2.10416942537e-06, 1.44530883972e-06, 8.97056622762e-07, 5.09249218794e-07, 2.61283730651e-07],
        "median": [1.03261472759e-05, 2.01274415303e-05, 3.53892755811e-05, 6.22865845799e-05, 8.59597930685e-05, 4.26617843914e-05, 5.39759857929e-05, 6.37318444205e-05, 4.01084143959e-05, 3.3505832107e-05, 2.37312906393e-05, 1.67134876392e-05, 1.92078841792e-05, 1.08201984403e-05, 7.93857088865e-06, 6.24699350738e-06, 5.12622182214e-06, 4.83609665025e-06, 3.96856148654e-06, 4.53332449979e-06, 3.63080880561e-06, 3.88994749301e-06, 4.56845782537e-06, 3.73986972591e-06, 3.16090904562e-06, 3.66797917195e-06, 3.68353039448e-06, 3.51011476596e-06, 2.5235888188e-06, 1.70871146565e-06, 1.4994132016e-06, 1.24843586491e-06, 1.21500283967e-06, 1.02141450498e-06, 8.13245208064e-07, 4.47593919262e-07, 3.9005550434e-07, 2.53199232247e-07, 1.27818452711e-07, 6.8794577146e-08],
        "min": [2.8142694145e-25, 4.78940233918e-25, 4.70574265411e-25, 1.00026596427e-24, 9.83271731008e-25, 7.05501332417e-25, 9.96215064918e-25, 8.80333764524e-25, 9.71115976104e-25, 1.30568490221e-24, 1.77650272843e-24, 1.4630638361e-24, 1.00012337767e-24, 1.87479085291e-24, 1.83557657732e-24, 2.19629683408e-24, 2.03668226839e-24, 2.60040838493e-24, 2.46488720901e-24, 2.19633647434e-24, 2.44238002131e-24, 2.70072664296e-24, 2.59811260248e-24, 3.15259326922e-24, 3.29951269636e-24, 2.97693859753e-24, 3.56928794037e-24, 3.7634325256e-24, 3.3073894725e-24, 4.35871130342e-24, 4.26571683004e-24, 4.42242010455e-24, 4.37211128919e-24, 3.87463430311e-24, 4.78077949784e-24, 4.50606460406e-24, 4.2030260539e-24, 5.1317310928e-24, 5.19973760815e-24, 5.37782453522e-24],
        "var": [3.00617375437e-09, 8.97286724921e-08, 3.57506110049e-07, 3.57508525894e-07, 2.89854028779e-07, 9.86517306956e-07, 1.37188692406e-06, 1.14419606234e-06, 8.30540784591e-07, 3.27444411141e-07, 1.69586130028e-07, 1.14796073092e-07, 1.71341795863e-07, 1.63108886397e-08, 1.21107452955e-08, 1.13608171759e-08, 3.34638627919e-09, 2.03270622556e-09, 1.28676125311e-09, 1.46025713743e-09, 6.91735280167e-10, 5.98228078186e-10, 8.16324341457e-10, 5.7048021862e-10, 3.83705595075e-10, 9.98901739102e-10, 4.15181306002e-10, 8.08859090817e-10, 3.36600108897e-10, 2.57595195174e-10, 2.02675182193e-10, 2.57189686215e-10, 2.94730712058e-10, 1.0147062357e-10, 6.4744813677e-11, 3.23120905033e-11, 1.17741250777e-11, 4.34789790976e-12, 1.47445348032e-12, 4.29049021788e-13]
    },
    "mfcc": {
        "mean": [-720.910644531, 75.8899002075, -8.77036571503, 11.1073255539, -20.706577301, -5.65363359451, -10.2909355164, -0.526602089405, -6.65016460419, 0.345432519913, -4.14479875565, 0.632826566696, -2.26281452179],
        "cov": [[27585.7636719, 3814.51000977, -475.659912109, 855.969604492, -1502.34082031, -356.930999756, -804.89276123, -113.300979614, -670.196166992, 17.0847530365, -515.058776855, -265.875671387, -183.369369507], [3814.51000977, 1877.33728027, 29.4650020599, 64.5190353394, -259.959228516, -194.252746582, -104.796279907, -45.7389373779, -110.399703979, -44.4667205811, -39.5534439087, 15.337018013, -38.849281311], [-475.659912109, 29.4650020599, 709.020996094, 280.79864502, -10.3285112381, 86.9012451172, 26.6325111389, 23.4462757111, -2.84882473946, -42.6800384521, -50.6075897217, -63.8110847473, -53.9775085449], [855.969604492, 64.5190353394, 280.79864502, 480.249603271, 25.9985141754, 28.3521614075, -29.3930263519, -11.7698736191, -42.3871574402, -27.9558429718, -103.356033325, -70.0695419312, -35.3500366211], [-1502.34082031, -259.959228516, -10.3285112381, 25.9985141754, 280.550445557, 66.1897735596, 46.8896865845, 14.3945970535, 49.852191925, -13.9774341583, 32.4502639771, 24.8230361938, 9.687458992], [-356.930999756, -194.252746582, 86.9012451172, 28.3521614075, 66.1897735596, 218.677230835, 131.387390137, 52.3204650879, 53.0744514465, 10.2910680771, 30.4908561707, -17.1198768616, -9.06507492065], [-804.89276123, -104.796279907, 26.6325111389, -29.3930263519, 46.8896865845, 131.387390137, 254.100570679, 90.8140029907, 60.8310127258, 13.4847421646, 45.3962135315, -6.15586519241, -20.19090271], [-113.300979614, -45.7389373779, 23.4462757111, -11.7698736191, 14.3945970535, 52.3204650879, 90.8140029907, 118.210449219, 52.1467819214, 8.11611461639, 20.4324321747, -7.5473780632, -9.40843391418], [-670.196166992, -110.399703979, -2.84882473946, -42.3871574402, 49.852191925, 53.0744514465, 60.8310127258, 52.1467819214, 151.462402344, 43.5858840942, 40.6963729858, 28.9281997681, 13.6405992508], [17.0847530365, -44.4667205811, -42.6800384521, -27.9558429718, -13.9774341583, 10.2910680771, 13.4847421646, 8.11611461639, 43.5858840942, 109.898696899, 29.2565860748, 7.0541510582, -3.83011054993], [-515.058776855, -39.5534439087, -50.6075897217, -103.356033325, 32.4502639771, 30.4908561707, 45.3962135315, 20.4324321747, 40.6963729858, 29.2565860748, 127.62387085, 58.1487846375, 2.09792494774], [-265.875671387, 15.337018013, -63.8110847473, -70.0695419312, 24.8230361938, -17.1198768616, -6.15586519241, -7.5473780632, 28.9281997681, 7.0541510582, 58.1487846375, 123.723258972, 36.8219223022], [-183.369369507, -38.849281311, -53.9775085449, -35.3500366211, 9.687458992, -9.06507492065, -20.19090271, -9.40843391418, 13.6405992508, -3.83011054993, 2.09792494774, 36.8219223022, 85.1945266724]],
