{
"lowlevel": {
    "average_loudness": 0.900972902775,
    "barkbands_crest": {
        "dmean": 2.49416995049,
        "dmean2": 4.13198661804,
        "dvar": 5.02930355072,
        "dvar2": 13.1455221176,
        "max": 22.5751190186,
        "mean": 7.55200242996,
        "median": 6.70464229584,
        "min": 2.01523137093,
        "var": 11.9715118408
    },
    "barkbands_flatness_db": {
        "dmean": 0.0174965169281,
        "dmean2": 0.0285441055894,
        "dvar": 0.000233966187807,
        "dvar2": 0.000603210821282,
        "max": 0.270154565573,
        "mean": 0.118560701609,
        "median": 0.115482881665,
        "min": 0.0524794608355,
        "var": 0.00069806718966
    },
    "barkbands_kurtosis": {
        "dmean": 1.52805936337,
        "dmean2": 2.521889925,
        "dvar": 6.50321006775,
        "dvar2": 17.1040992737,
        "max": 37.7549438477,
        "mean": 1.12606859207,
        "median": -0.172091841698,
        "min": -1.82491242886,
        "var": 14.8795051575
    },
    "barkbands_skewness": {
        "dmean": 0.451967179775,
        "dmean2": 0.721465826035,
        "dvar": 0.209336876869,
        "dvar2": 0.536094546318,
        "max": 5.6692070961,
        "mean": 0.977829098701,
        "median": 0.828052937984,
        "min": -1.85401856899,
        "var": 0.84911262989
    },
    "barkbands_spread": {
        "dmean": 6.93481206894,
        "dmean2": 10.8902873993,
        "dvar": 46.0301170349,
        "dvar2": 112.691581726,
        "max": 99.8209533691,
        "mean": 30.3502006531,
        "median": 28.9734973907,
        "min": 4.42506694794,
        "var": 165.885971069
    },
    "dissonance": {
        "dmean": 0.0151078980416,
        "dmean2": 0.0256322417408,
        "dvar": 0.000191484883544,
        "dvar2": 0.000526875432115,
        "max": 0.500000119209,
        "mean": 0.473381727934,
        "median": 0.477391779423,
        "min": 0.318229734898,
        "var": 0.000368139124475
    },
    "dynamic_complexity": 3.35042572021,
    "erbbands_crest": {
        "dmean": 2.79370641708,
        "dmean2": 4.65077066422,
        "dvar": 7.0910987854,
        "dvar2": 17.6730861664,
        "max": 28.3799190521,
        "mean": 7.93223953247,
        "median": 6.83449172974,
        "min": 2.31379580498,
        "var": 15.9486045837
    },
    "erbbands_flatness_db": {
        "dmean": 0.0152234146371,
        "dmean2": 0.022641800344,
        "dvar": 0.000173199689016,
        "dvar2": 0.000354570889613,
        "max": 0.282972663641,
        "mean": 0.16414514184,
        "median": 0.162560403347,
        "min": 0.0838802605867,
        "var": 0.000999739160761
    },
    "erbbands_kurtosis": {
        "dmean": 0.589098155499,
        "dmean2": 0.978232264519,
        "dvar": 0.551010727882,
        "dvar2": 1.42572534084,
        "max": 8.82341957092,
        "mean": -0.456429064274,
        "median": -0.717345118523,
        "min": -1.82317888737,
        "var": 1.0054012537
    },
    "erbbands_skewness": {
        "dmean": 0.370045393705,
        "dmean2": 0.589283883572,
        "dvar": 0.106841295958,
        "dvar2": 0.268887042999,
        "max": 2.97660374641,
        "mean": 0.219731852412,
        "median": 0.206075206399,
        "min": -2.7984893322,
        "var": 0.381164580584
    },
    "erbbands_spread": {
        "dmean": 8.68922996521,
        "dmean2": 13.3488759995,
        "dvar": 75.6317062378,
        "dvar2": 176.916091919,
        "max": 120.093788147,
        "mean": 46.1033096313,
        "median": 43.7742080688,
        "min": 9.58676719666,
        "var": 290.272399902
    },
    "hfc": {
        "dmean": 7.69688940048,
        "dmean2": 10.8375234604,
        "dvar": 125.633171082,
        "dvar2": 268.827697754,
        "max": 180.432815552,
        "mean": 25.8054523468,
        "median": 19.3118534088,
        "min": 1.13049980224e-16,
        "var": 468.177398682
    },
    "melbands_crest": {
        "dmean": 3.28911280632,
        "dmean2": 5.50228500366,
        "dvar": 8.22710323334,
        "dvar2": 21.6678657532,
        "max": 30.0511474609,
        "mean": 10.8680686951,
        "median": 10.009267807,
        "min": 1.73354721069,
        "var": 19.8601093292
    },
    "melbands_flatness_db": {
        "dmean": 0.0229323916137,
        "dmean2": 0.036808591336,
        "dvar": 0.000460256240331,
        "dvar2": 0.00115671183448,
        "max": 0.299933314323,
        "mean": 0.122019730508,
        "median": 0.116779059172,
        "min": 0.00378540949896,
        "var": 0.00189835368656
    },
    "melbands_kurtosis": {
        "dmean": 4.55435419083,
        "dmean2": 7.41334247589,
        "dvar": 56.7288551331,
        "dvar2": 147.243942261,
        "max": 138.720535278,
        "mean": 8.02770805359,
        "median": 4.18898296356,
        "min": -1.7670314312,
        "var": 138.256591797
    },
    "melbands_skewness": {
        "dmean": 0.591171503067,
        "dmean2": 0.941254556179,
        "dvar": 0.404761105776,
        "dvar2": 1.02257370949,
        "max": 9.88132572174,
        "mean": 2.115711689,
        "median": 1.83805918694,
        "min": -0.4409930408,
        "var": 1.62988162041
    },
    "melbands_spread": {
        "dmean": 10.8221216202,
        "dmean2": 17.4099941254,
        "dvar": 153.479553223,
        "dvar2": 384.282531738,
        "max": 220.747741699,
        "mean": 38.3442878723,
        "median": 35.0536499023,
        "min": 2.90709114075,
        "var": 530.249023438
    },
    "pitch_salience": {
        "dmean": 0.0683762207627,
        "dmean2": 0.112661078572,
        "dvar": 0.00335069349967,
        "dvar2": 0.00861306022853,
        "max": 0.898187756538,
        "mean": 0.609807670116,
        "median": 0.613006949425,
        "min": 0.245316550136,
        "var": 0.00854179169983
    },
    "silence_rate_20dB": {
        "dmean": 0,
        "dmean2": 0,
        "dvar": 0,
        "dvar2": 0,
        "max": 1,
        "mean": 1,
        "median": 1,
        "min": 1,
        "var": 0
    },
    "silence_rate_30dB": {
        "dmean": 0,
        "dmean2": 0,
        "dvar": 0,
        "dvar2": 0,
        "max": 1,
        "mean": 1,
        "median": 1,
        "min": 1,
        "var": 0
    },
    "silence_rate_60dB": {
        "dmean": 0.0158730167896,
        "dmean2": 0.031750831753,
        "dvar": 0.0156208872795,
        "dvar2": 0.0355799198151,
        "max": 1,
        "mean": 0.0719467923045,
        "median": 0,
        "min": 0,
        "var": 0.06678147614
    },
    "spectral_centroid": {
        "dmean": 324.961120605,
        "dmean2": 518.890380859,
        "dvar": 106746.34375,
        "dvar2": 254268.28125,
        "max": 11113.3876953,
        "mean": 1990.71240234,
        "median": 2021.05249023,
        "min": 365.292602539,
        "var": 450490
    },
    "spectral_complexity": {
        "dmean": 4.27996969223,
        "dmean2": 6.58920478821,
        "dvar": 23.6173095703,
        "dvar2": 51.5480461121,
        "max": 56,
        "mean": 22.4470977783,
        "median": 22,
        "min": 0,
        "var": 126.325714111
    },
    "spectral_decrease": {
        "dmean": 1.47273038209e-09,
        "dmean2": 2.21906892861e-09,
        "dvar": 3.91580519102e-18,
        "dvar2": 9.08492632203e-18,
        "max": 2.71355283777e-29,
        "mean": -4.18842693861e-09,
        "median": -3.47992834548e-09,
        "min": -2.26438103823e-08,
        "var": 9.99738511984e-18
    },
    "spectral_energy": {
        "dmean": 0.00608625402674,
        "dmean2": 0.00907024182379,
        "dvar": 6.51317532174e-05,
        "dvar2": 0.000146972815855,
        "max": 0.089411906898,
        "mean": 0.0181487165391,
        "median": 0.0150729119778,
        "min": 1.01515562961e-20,
        "var": 0.000181470750249
    },
    "spectral_energyband_high": {
        "dmean": 0.000706833729055,
        "dmean2": 0.00103128340561,
        "dvar": 1.23508482375e-06,
        "dvar2": 2.68573944595e-06,
        "max": 0.0153187206015,
        "mean": 0.00172295281664,
        "median": 0.0011519654654,
        "min": 7.24902153192e-21,
        "var": 3.08495987156e-06
    },
    "spectral_energyband_low": {
        "dmean": 0.00143202801701,
        "dmean2": 0.00235995277762,
        "dvar": 6.54489122098e-06,
        "dvar2": 1.75044679054e-05,
        "max": 0.0332409106195,
        "mean": 0.00208718492649,
        "median": 0.00101693696342,
        "min": 4.79186299356e-23,
        "var": 8.84959627001e-06
    },
    "spectral_energyband_middle_high": {
        "dmean": 0.00232794997282,
        "dmean2": 0.00346294115297,
        "dvar": 1.12726684165e-05,
        "dvar2": 2.48574815487e-05,
        "max": 0.0725123137236,
        "mean": 0.00670697772875,
        "median": 0.00389648554847,
        "min": 1.4563176065e-21,
        "var": 5.90422168898e-05
    },
    "spectral_energyband_middle_low": {
        "dmean": 0.00420395471156,
        "dmean2": 0.00668404111639,
        "dvar": 4.27750455856e-05,
        "dvar2": 0.000107164756628,
        "max": 0.0756600573659,
        "mean": 0.00835712533444,
        "median": 0.00593030080199,
        "min": 2.704258602e-22,
        "var": 6.81980673107e-05
    },
    "spectral_entropy": {
        "dmean": 0.133710712194,
        "dmean2": 0.198957845569,
        "dvar": 0.0161521267146,
        "dvar2": 0.0352467745543,
        "max": 9.78801631927,
        "mean": 7.8533449173,
        "median": 7.83982515335,
        "min": 6.90595006943,
        "var": 0.0620153732598
    },
    "spectral_flux": {
        "dmean": 0.0172320753336,
        "dmean2": 0.0264930929989,
        "dvar": 0.000397297029849,
        "dvar2": 0.000798426102847,
        "max": 0.258414596319,
        "mean": 0.0793247893453,
        "median": 0.0749091506004,
        "min": 1.00754932175e-10,
        "var": 0.00144015694968
    },
    "spectral_kurtosis": {
        "dmean": 0.774251461029,
        "dmean2": 1.30778884888,
        "dvar": 0.480752170086,
        "dvar2": 1.34041237831,
        "max": 8.20425033569,
        "mean": 1.72200131416,
        "median": 1.57965755463,
        "min": -1.18379759789,
        "var": 0.992187440395
    },
    "spectral_rms": {
        "dmean": 0.000663871818688,
        "dmean2": 0.000962972699199,
        "dvar": 5.19438287938e-07,
        "dvar2": 1.06557115487e-06,
        "max": 0.00933976098895,
        "mean": 0.00389897846617,
        "median": 0.00383474631235,
        "min": 3.147055316e-12,
        "var": 2.50407242675e-06
    },
    "spectral_rolloff": {
        "dmean": 854.163085938,
        "dmean2": 1413.68896484,
        "dvar": 1005393.6875,
        "dvar2": 2360533.25,
        "max": 19056.8847656,
        "mean": 2812.05981445,
        "median": 2842.3828125,
        "min": 172.265625,
        "var": 2960571.25
    },
    "spectral_skewness": {
        "dmean": 0.137763991952,
        "dmean2": 0.223688736558,
        "dvar": 0.0143048129976,
        "dvar2": 0.0370633788407,
        "max": 2.02084207535,
        "mean": 0.984302163124,
        "median": 0.971713542938,
        "min": -0.0419664420187,
        "var": 0.0461514219642
    },
    "spectral_spread": {
        "dmean": 493733.84375,
        "dmean2": 697616.3125,
        "dvar": 430498938880,
        "dvar2": 702070194176,
        "max": 40918916,
        "mean": 4814445.5,
        "median": 4605039.5,
        "min": 2830814.5,
        "var": 1.20858070221e+12
    },
    "spectral_strongpeak": {
        "dmean": 0.69536781311,
        "dmean2": 1.15993237495,
        "dvar": 0.892346441746,
        "dvar2": 2.41150617599,
        "max": 14.873374939,
        "mean": 1.14542543888,
        "median": 0.731417298317,
        "min": 0,
        "var": 1.57494211197
    },
    "zerocrossingrate": {
        "dmean": 0.0116755682975,
        "dmean2": 0.0143213905394,
        "dvar": 0.000129109161207,
        "dvar2": 0.000171685111127,
        "max": 0.509765625,
        "mean": 0.0953347012401,
        "median": 0.0908203125,
        "min": 0.02099609375,
        "var": 0.00123268039897
    },
    "barkbands": {
        "dmean": [4.84229303765e-06, 0.000554223312065, 0.000767228542827, 0.000984062091447, 0.00144024495967, 0.00120544247329, 0.000745883618947, 0.000631560280453, 0.000924847379792, 0.000902350118849, 0.000629326386843, 0.000611609313637, 0.000263899535639, 0.000380002951715, 0.000363074883353, 0.000232986043557, 0.000183017546078, 0.000305486726575, 0.000291817181278, 0.000298133614706, 0.000211679798667, 0.00016261683777, 0.000153971443069, 0.000166752026416, 5.19188615726e-05, 6.8574343004e-07, 1.98094252113e-09],
        "dmean2": [8.55035705172e-06, 0.000945547886658, 0.00131728756242, 0.00169011345133, 0.00238011800684, 0.00204798113555, 0.00121058546938, 0.00101287278812, 0.00147185241804, 0.00141708203591, 0.00100431218743, 0.000984760350548, 0.000435268128058, 0.000605660490692, 0.000579151848797, 0.000384367333027, 0.000311774434522, 0.000499481742736, 0.000468161975732, 0.000461728690425, 0.000326608249452, 0.000251103425398, 0.000233636063058, 0.000245308416197, 7.714855019e-05, 9.94813035504e-07, 3.61028518192e-09],
        "dvar": [6.79028985817e-11, 1.11522820134e-06, 2.29204215429e-06, 4.55034569313e-06, 6.99300517226e-06, 7.05157481207e-06, 1.55866200657e-06, 2.54020119428e-06, 4.7154285312e-06, 3.33165598931e-06, 3.8110404148e-06, 3.68020528185e-06, 3.56225541509e-07, 7.81426081176e-07, 5.15626936703e-07, 2.60029992205e-07, 9.89831292486e-08, 2.45995295245e-07, 2.215089836e-07, 2.14775880636e-07, 1.10654539753e-07, 8.12976423958e-08, 7.50458184484e-08, 1.03365358939e-07, 1.04627488895e-08, 1.80652465643e-12, 2.79984331965e-16],
        "dvar2": [1.94871077608e-10, 3.12799693347e-06, 6.46451826469e-06, 1.23551135403e-05, 1.79928520083e-05, 1.95433131012e-05, 4.02244859288e-06, 6.34071739114e-06, 1.15385946629e-05, 8.3061904661e-06, 9.8050250017e-06, 8.33761623653e-06, 9.115112789e-07, 1.98216844183e-06, 1.23641041228e-06, 6.51898005799e-07, 2.72048936267e-07, 6.53044480714e-07, 5.48026491742e-07, 5.15144222391e-07, 2.57857408315e-07, 1.94117475871e-07, 1.73986563823e-07, 2.22787747362e-07, 2.28423022719e-08, 3.73634673548e-12, 8.03318053303e-16],
        "max": [0.000114919341286, 0.0140773225576, 0.021984513849, 0.0339286327362, 0.0294915381819, 0.032925285399, 0.0267928224057, 0.0400574244559, 0.0361532345414, 0.0372367687523, 0.0526943057775, 0.0632423087955, 0.0193970911205, 0.0266768597066, 0.0196359716356, 0.0128231029958, 0.00584489572793, 0.0130497831851, 0.00882788654417, 0.00929447170347, 0.00490601593629, 0.00421810010448, 0.00456721056253, 0.00412951875478, 0.00140420987736, 1.96145374503e-05, 7.11393568054e-07],
        "mean": [4.96054735777e-06, 0.000693038280588, 0.000903140404262, 0.00106070237234, 0.00190920196474, 0.00156585953664, 0.00116935092956, 0.000920646591112, 0.00126497994643, 0.00133317254949, 0.000944515166339, 0.000942325219512, 0.000405819708249, 0.00061621889472, 0.000565359485336, 0.000358051009243, 0.000307118549244, 0.000574533187319, 0.000579347542953, 0.000622573599685, 0.000433410925325, 0.000318142934702, 0.000308681512251, 0.000267184223048, 7.91657948866e-05, 1.24124926515e-06, 1.44217882081e-09],
        "median": [2.33949776884e-06, 0.000276991428109, 0.000344908999978, 0.000338971032761, 0.000902723753825, 0.000707708648406, 0.000644364045002, 0.000336720841005, 0.000402394565754, 0.000449112383649, 0.000173562584678, 0.000206498050829, 0.000144369550981, 0.000165926088812, 0.000205801887205, 0.00013066540123, 0.000147100930917, 0.000322988664266, 0.000335720716976, 0.000386119936593, 0.000243779679295, 0.000175330904312, 0.000182098476216, 0.000109785876703, 2.31349331443e-05, 4.69740029985e-07, 2.40407915797e-10],
        "min": [3.30920113101e-23, 9.30074895865e-24, 1.06487323854e-23, 2.94904984017e-23, 5.99808937781e-23, 4.12656452737e-23, 2.46392736251e-23, 2.53720875407e-23, 8.63721154554e-23, 4.17850155165e-23, 9.74498114684e-23, 8.14972706055e-23, 1.53341042054e-22, 6.56216531472e-23, 1.21808719195e-22, 1.52010340992e-22, 1.52751680917e-22, 1.84590460461e-22, 2.49170135638e-22, 3.44851339889e-22, 4.89288338512e-22, 5.15813149051e-22, 5.85879395999e-22, 9.28714205466e-22, 9.37603973671e-22, 1.60015979138e-21, 2.29315953109e-21],
        "var": [6.07717695611e-11, 1.23102722682e-06, 2.361721954e-06, 4.33740569861e-06, 8.1969283201e-06, 8.00524048827e-06, 2.62865114564e-06, 4.51883261121e-06, 7.16863951311e-06, 5.83983637625e-06, 7.23429002392e-06, 8.40806114866e-06, 6.51320647194e-07, 1.65788014783e-06, 1.00069632936e-06, 4.33484103723e-07, 1.96245736106e-07, 5.80331743549e-07, 5.2325907518e-07, 5.42282293736e-07, 2.72933903034e-07, 1.6166484329e-07, 1.4076310606e-07, 1.66110140754e-07, 1.81108177344e-08, 3.59357140399e-12, 1.62803080889e-16]
    },
    "erbbands": {
        "dmean": [0.00649040425196, 0.157697871327, 0.727591335773, 2.08138227463, 5.19904375076, 4.54058694839, 6.21632099152, 10.557510376, 9.01808166504, 12.2502737045, 14.8435201645, 18.3296051025, 29.6101646423, 25.3075962067, 26.0915298462, 20.1338367462, 11.8237895966, 17.458732605, 17.4590759277, 17.1313285828, 10.9324331284, 9.24955463409, 14.4130363464, 15.8747768402, 13.6233949661, 14.7178525925, 11.0692901611, 6.36158895493, 5.36897754669, 5.34771728516, 4.54038095474, 4.01436328888, 2.29487895966, 0.905890226364, 0.193914249539, 0.0102386148646, 0.00122737779748, 6.33469171589e-05, 9.03302588995e-06, 8.47511728352e-06],
        "dmean2": [0.010923746042, 0.267547369003, 1.22861766815, 3.53669929504, 8.65046596527, 7.56537103653, 10.4510946274, 17.955488205, 14.7550926208, 19.6733360291, 23.7925186157, 28.9566669464, 46.7293777466, 39.7046661377, 42.4127845764, 31.9631881714, 19.3073139191, 27.7171554565, 27.71326828, 27.6586990356, 18.0413188934, 15.5575551987, 23.5974617004, 25.3491001129, 21.8031787872, 22.8625946045, 17.2080841064, 9.84300136566, 8.32472038269, 8.22365665436, 6.93897724152, 5.99798297882, 3.43570327759, 1.345459342, 0.287942171097, 0.0146900750697, 0.00176278699655, 9.2450165539e-05, 1.27305247588e-05, 1.23051913761e-05],
        "dvar": [0.00013596113422, 0.0908561274409, 2.03813123703, 16.5694141388, 129.071273804, 68.171836853, 189.904541016, 564.632995605, 223.848495483, 576.48059082, 1711.53076172, 2102.31054688, 4168.56396484, 2988.36743164, 6938.2421875, 2857.35913086, 718.022460938, 1747.99060059, 1211.38598633, 1683.43823242, 432.140472412, 262.146453857, 559.809692383, 703.234008789, 481.591033936, 551.887023926, 329.933319092, 114.838027954, 94.5765609741, 88.8935852051, 69.6661911011, 58.8772544861, 20.5543823242, 3.26453638077, 0.157345607877, 0.000387323787436, 6.99018073647e-06, 2.95501045855e-08, 2.49434667365e-10, 1.35696370807e-10],
        "dvar2": [0.000378155615181, 0.252676904202, 5.55899477005, 44.8515968323, 328.848175049, 182.32800293, 511.251098633, 1555.72094727, 565.471618652, 1497.93054199, 4177.73291016, 5189.21240234, 10340.5507812, 7050.92041016, 17180.7421875, 6317.20703125, 1824.19274902, 4324.02294922, 3103.22924805, 4103.83105469, 1108.97375488, 703.311218262, 1497.08422852, 1709.49633789, 1219.09033203, 1338.67028809, 767.46685791, 276.914489746, 223.448455811, 207.640197754, 165.447143555, 128.658508301, 45.8233985901, 7.19003582001, 0.347932368517, 0.000792888517026, 1.49270972543e-05, 7.09610645799e-08, 5.17428433433e-10, 2.79566952921e-10],
        "max": [0.18529252708, 4.01095676422, 20.864692688, 60.9339103699, 175.75793457, 108.192214966, 251.456863403, 380.932952881, 392.387451172, 448.08505249, 1333.39147949, 912.29864502, 1549.97265625, 981.072937012, 2333.06347656, 1809.3704834, 824.428466797, 1494.39160156, 681.981994629, 1104.50305176, 359.427001953, 389.503265381, 633.594299316, 555.672058105, 407.268615723, 578.494873047, 314.543579102, 212.570617676, 166.526031494, 182.573226929, 131.900299072, 116.79335022, 61.819229126, 29.7709827423, 7.06762981415, 0.231271743774, 0.0532309636474, 0.00486074294895, 0.000224234099733, 0.00014550612832],
        "mean": [0.00866332184523, 0.20048391819, 0.921117126942, 2.50266695023, 5.76922607422, 5.94111967087, 8.07546424866, 13.7495803833, 14.6744127274, 19.0628261566, 22.5455932617, 26.0514354706, 42.4920349121, 41.8470001221, 44.9575500488, 33.2639884949, 20.2015304565, 29.9532661438, 29.4978160858, 27.2815685272, 18.9374332428, 17.3345069885, 28.1890830994, 31.3533992767, 29.651134491, 31.1916179657, 22.5346336365, 13.6053037643, 10.4162826538, 10.7092065811, 8.90305042267, 6.61579465866, 3.62738108635, 1.38550710678, 0.296682268381, 0.0184737145901, 0.00201149005443, 0.00010179066885, 2.32731872529e-05, 2.66011029453e-05],
        "median": [0.00384040782228, 0.084653660655, 0.39016777277, 0.911365032196, 2.02488303185, 2.75077581406, 3.91305136681, 5.90235233307, 8.39846229553, 8.99435424805, 8.37142276764, 9.56409072876, 14.0448989868, 15.1560630798, 9.93187236786, 9.33637619019, 8.26423835754, 9.33104896545, 10.612531662, 9.81702899933, 8.1600112915, 8.81580924988, 16.6072120667, 16.7323188782, 19.4519424438, 19.3775196075, 13.0126209259, 7.41674804688, 5.74743270874, 6.46837186813, 5.11059761047, 3.11256122589, 1.32645750046, 0.423930555582, 0.0839352011681, 0.00675671501085, 0.000521388486959, 3.30059519911e-05, 1.55971720233e-05, 2.13392158912e-05],
        "min": [1.78063968068e-22, 2.67408912786e-21, 1.35601317247e-20, 6.4141116274e-20, 9.79264230519e-20, 2.94710260935e-19, 3.30672661849e-19, 2.77177288973e-19, 2.12469599216e-19, 4.36751983813e-19, 7.83706894689e-19, 1.81349278378e-18, 1.53479888501e-18, 2.79517274358e-18, 3.61224934495e-18, 3.3058517199e-18, 6.11478916246e-18, 5.31464039874e-18, 5.70592453902e-18, 6.02308833334e-18, 9.17591039915e-18, 8.87109186188e-18, 8.91639737121e-18, 1.2370601866e-17, 1.45301090563e-17, 1.48883758689e-17, 1.87616474328e-17, 2.20617010302e-17, 1.8092168804e-17, 1.78383136915e-17, 1.59541550747e-17, 1.82862601173e-17, 1.41240676003e-17, 8.71723874949e-18, 7.71852155741e-18, 5.65872271814e-18, 2.95719591889e-18, 1.26250446904e-18, 3.31464945779e-19, 3.34192728946e-20],
        "var": [0.000172375977854, 0.101519018412, 2.23710203171, 18.2437572479, 131.526901245, 77.0028076172, 208.269210815, 706.627502441, 400.43371582, 951.397094727, 3236.08642578, 3092.51098633, 6266.23291016, 6846.52636719, 17498.9453125, 7249.54150391, 1445.64038086, 3615.20410156, 2451.00683594, 3206.92602539, 897.410766602, 561.539367676, 1316.81872559, 1582.28417969, 1196.87963867, 1350.32873535, 759.623413086, 293.108184814, 173.807174683, 167.879821777, 123.904418945, 91.9583511353, 33.0225486755, 5.43517684937, 0.265688240528, 0.000790060556028, 1.30564103529e-05, 3.8959129256e-08, 5.40139655225e-10, 4.01202682188e-10]
    },
    "gfcc": {
        "mean": [-4.45111274719, 80.2858963013, -151.076629639, 53.6241722107, -92.1616516113, 18.4560337067, -42.3870544434, 5.83904504776, -24.3506603241, -10.0264415741, -5.85838270187, -13.8067417145, -3.19090270996],
        "cov": [[5805.66064453, 86.6850814819, -872.659790039, -85.6025695801, -124.688163757, 41.9406700134, 35.6505203247, -76.2650299072, 82.266242981, -148.400802612, 141.923858643, -191.886428833, 63.7181510925], [86.6850814819, 853.640808105, 261.610137939, 143.829116821, 81.1516189575, -126.498817444, 75.8752288818, -59.2734603882, 53.5961532593, -54.6804847717, 58.3426856995, -73.7196426392, 5.44457149506], [-872.659790039, 261.610137939, 793.827209473, 243.444747925, 5.1831445694, -1.14818775654, -91.7953796387, 35.3474388123, -48.8946800232, 3.69267320633, -46.0963821411, 23.5714378357, -40.0693740845], [-85.6025695801, 143.829116821, 243.444747925, 243.417114258, 68.9682846069, -23.8192100525, -7.23848438263, 9.22754001617, 25.2558689117, -3.79416275024, -6.72433853149, 4.31370258331, 5.63160276413], [-124.688163757, 81.1516189575, 5.1831445694, 68.9682846069, 143.427764893, 40.151676178, 28.8973941803, 1.94510948658, 8.00185680389, -2.88383030891, -10.5411195755, 5.72344064713, 19.5791378021], [41.9406700134, -126.498817444, -1.14818775654, -23.8192100525, 40.151676178, 150.490539551, 45.0678863525, 0.607082903385, -30.9664745331, 10.1339855194, -16.7380332947, 11.1306591034, -0.197086274624], [35.6505203247, 75.8752288818, -91.7953796387, -7.23848438263, 28.8973941803, 45.0678863525, 138.889663696, 6.90189790726, 10.8051366806, 0.901259183884, 22.8024024963, -12.6654233932, 8.81566238403], [-76.2650299072, -59.2734603882, 35.3474388123, 9.22754001617, 1.94510948658, 0.607082903385, 6.90189790726, 90.3564376831, 33.351474762, 19.4581928253, -9.79274654388, 6.42888212204, 3.52908635139], [82.266242981, 53.5961532593, -48.8946800232, 25.2558689117, 8.00185680389, -30.9664745331, 10.8051366806, 33.351474762, 95.7042007446, 33.8725204468, 14.9563789368, -7.89595746994, 7.09199857712], [-148.400802612, -54.6804847717, 3.69267320633, -3.79416275024, -2.88383030891, 10.1339855194, 0.901259183884, 19.4581928253, 33.8725204468, 74.7970733643, 20.173582077, 6.61654090881, -9.12679862976], [141.923858643, 58.3426856995, -46.0963821411, -6.72433853149, -10.5411195755, -16.7380332947, 22.8024024963, -9.79274654388, 14.9563789368, 20.173582077, 77.0509872437, 10.8083963394, -7.76603317261], [-191.886428833, -73.7196426392, 23.5714378357, 4.31370258331, 5.72344064713, 11.1306591034, -12.6654233932, 6.42888212204, -7.89595746994, 6.61654090881, 10.8083963394, 71.1449813843, 20.4191932678], [63.7181510925, 5.44457149506, -40.0693740845, 5.63160276413, 19.5791378021, -0.197086274624, 8.81566238403, 3.52908635139, 7.09199857712, -9.12679862976, -7.76603317261, 20.4191932678, 59.8182830811]],
        "icov": [[0.000447735394118, -0.000636215438135, 0.0011914386414, -0.00123517925385, 0.00148335809354, -0.00188763707411, 0.00157795264386, -0.000981806311756, 0.000339340040227, 0.000808251672424, -0.00102153257467, 0.00105884484947, -0.000581984175369], [-0.000636215438135, 0.00772880762815, -0.00758044281974, 0.00623288471252, -0.00830758735538, 0.00918845366687, -0.00825172755867, 0.00855240598321, -0.00816209241748, 0.00563786365092, -0.00527132768184, 0.00565105676651, -0.00301486183889], [0.0011914386414, -0.00758044281974, 0.0110291047022, -0.0104672312737, 0.0104109207168, -0.0110417306423, 0.0105156041682, -0.0102658001706, 0.0100004058331, -0.00465524801984, 0.00402313005179, -0.00401636119932, 0.0034034862183], [-0.00123517925385, 0.00623288471252, -0.0104672312737, 0.015523060225, -0.0124417999759, 0.0113392928615, -0.00933580286801, 0.00901784561574, -0.00999387912452, 0.00388938025571, -0.00220564426854, 0.00181268260349, -0.00189782329835], [0.00148335809354, -0.00830758735538, 0.0104109207168, -0.0124417999759, 0.0209240783006, -0.015317090787, 0.00999069772661, -0.00962460879236, 0.00783970300108, -0.00334511254914, 0.00383469066583, -0.00325217097998, -0.000314356089802], [-0.00188763707411, 0.00918845366687, -0.0110417306423, 0.0113392928615, -0.015317090787, 0.0248673502356, -0.0166004318744, 0.0111708426848, -0.00485780602321, -0.000802506168839, 0.0017279231688, -3.02035041386e-05, 0.000281459069811], [0.00157795264386, -0.00825172755867, 0.0105156041682, -0.00933580286801, 0.00999069772661, -0.0166004318744, 0.021659007296, -0.0118631282821, 0.0076084989123, -0.00132992886938, -0.00268215266988, 0.00106861791573, -0.000641756865662], [-0.000981806311756, 0.00855240598321, -0.0102658001706, 0.00901784561574, -0.00962460879236, 0.0111708426848, -0.0118631282821, 0.0245841778815, -0.0151181481779, 0.00367524474859, -0.000941914506257, 0.00264401384629, -0.00264487811364], [0.000339340040227, -0.00816209241748, 0.0100004058331, -0.00999387912452, 0.00783970300108, -0.00485780602321, 0.0076084989123, -0.0151181481779, 0.028809055686, -0.0155294779688, 0.00571203930303, -0.00407253252342, 0.00155646877829], [0.000808251672424, 0.00563786365092, -0.00465524801984, 0.00388938025571, -0.00334511254914, -0.000802506168839, -0.00132992886938, 0.00367524474859, -0.0155294779688, 0.0283793006092, -0.0136229172349, 0.00741034233943, -0.00191420083866], [-0.00102153257467, -0.00527132768184, 0.00402313005179, -0.00220564426854, 0.00383469066583, 0.0017279231688, -0.00268215266988, -0.000941914506257, 0.00571203930303, -0.0136229172349, 0.0282912906259, -0.0156335756183, 0.00992569886148], [0.00105884484947, 0.00565105676651, -0.00401636119932, 0.00181268260349, -0.00325217097998, -3.02035041386e-05, 0.00106861791573, 0.00264401384629, -0.00407253252342, 0.00741034233943, -0.0156335756183, 0.0295289512724, -0.0142483608797], [-0.000581984175369, -0.00301486183889, 0.0034034862183, -0.00189782329835, -0.000314356089802, 0.000281459069811, -0.000641756865662, -0.00264487811364, 0.00155646877829, -0.00191420083866, 0.00992569886148, -0.0142483608797, 0.0261003319174]]
    },
    "melbands": {
        "dmean": [0.00010570671293, 0.000318067584885, 0.000440823205281, 0.000345469743479, 0.000201620176085, 0.000232152888202, 0.000143282974022, 0.000128763189423, 0.000119080745208, 0.000128504863824, 0.000149201456225, 0.000104787053715, 9.09839509404e-05, 7.71954728407e-05, 3.01488944388e-05, 2.75154507108e-05, 3.49795518559e-05, 2.99597086268e-05, 2.70184227702e-05, 1.80259994522e-05, 1.34747024276e-05, 9.5597906693e-06, 1.28813744595e-05, 1.72151994775e-05, 1.37563474709e-05, 1.16355959108e-05, 9.97416736936e-06, 1.03357415355e-05, 8.62537217472e-06, 4.96380653203e-06, 3.76473690267e-06, 3.20570302392e-06, 3.39919984071e-06, 3.05452886096e-06, 2.89532908937e-06, 2.44837087848e-06, 2.57396527559e-06, 1.7491277049e-06, 1.25318570099e-06, 6.53733764011e-07],
        "dmean2": [0.000178763453732, 0.000533653830644, 0.000741789815947, 0.000575805141125, 0.000334317941451, 0.000393967871787, 0.000233518832829, 0.000206303331652, 0.000191005208762, 0.0002038354869, 0.000235413172049, 0.000164867131389, 0.000146005419083, 0.000124200378195, 4.92223298352e-05, 4.51128398709e-05, 5.59437430638e-05, 4.80476301163e-05, 4.31785956607e-05, 2.91183532681e-05, 2.24421837629e-05, 1.61791194841e-05, 2.15308118641e-05, 2.81820066448e-05, 2.20516503759e-05, 1.87430887308e-05, 1.58869261213e-05, 1.62032374647e-05, 1.36956496135e-05, 7.75304124545e-06, 5.93863705944e-06, 5.05199341205e-06, 5.34764876647e-06, 4.71298517368e-06, 4.52121412309e-06, 3.74095043298e-06, 3.86697593058e-06, 2.67085511041e-06, 1.89561421848e-06, 9.84316784525e-07],
        "dvar": [3.79373545911e-08, 3.69775904119e-07, 8.57491500028e-07, 4.33182265169e-07, 1.69734377664e-07, 2.63761904762e-07, 5.20747285293e-08, 5.95925051528e-08, 1.15981812598e-07, 1.02205120811e-07, 1.04535018863e-07, 5.40584181863e-08, 7.4487346069e-08, 6.46042934704e-08, 4.65542271399e-09, 3.23771032207e-09, 7.76597453012e-09, 4.00935284972e-09, 3.25534621481e-09, 2.18278262132e-09, 7.52405027171e-10, 3.15757697766e-10, 5.28636079355e-10, 9.02384278412e-10, 5.86467707731e-10, 3.86864595914e-10, 2.27513882733e-10, 2.84468698597e-10, 2.2595818272e-10, 6.86426054886e-11, 4.40422004422e-11, 3.59088661583e-11, 3.47899417608e-11, 2.7794398727e-11, 2.64275840794e-11, 2.26325468783e-11, 2.440170635e-11, 1.23124947737e-11, 6.24649290626e-12, 1.78475192524e-12],
        "dvar2": [1.06172208802e-07, 1.00894624211e-06, 2.24630298362e-06, 1.12411692044e-06, 4.49265115776e-07, 7.27731503503e-07, 1.31496648237e-07, 1.54979332478e-07, 2.81270473579e-07, 2.50624367482e-07, 2.58859017777e-07, 1.28205442707e-07, 1.85943463293e-07, 1.44542852354e-07, 1.12734870328e-08, 8.14790190873e-09, 1.93162570383e-08, 1.04909689824e-08, 7.68078933788e-09, 5.36009414631e-09, 1.88036120008e-09, 8.35772895336e-10, 1.45948186869e-09, 2.36790453911e-09, 1.4021653838e-09, 9.79267444912e-10, 5.66323432594e-10, 6.82387923945e-10, 5.35773869714e-10, 1.60481503086e-10, 1.08814492139e-10, 8.64874560857e-11, 8.39237221384e-11, 6.51826648213e-11, 6.41071570828e-11, 5.23193710578e-11, 5.38237961145e-11, 2.86072086159e-11, 1.38810785782e-11, 4.07059889268e-12],
        "max": [0.00252426369116, 0.00880490802228, 0.0142247211188, 0.00781309325248, 0.00703464122489, 0.00764762144536, 0.00520263891667, 0.00414847675711, 0.0120872491971, 0.00616983324289, 0.00761545263231, 0.00431862799451, 0.00787362270057, 0.00962882768363, 0.00336878909729, 0.0013340084115, 0.00338808400556, 0.00151140929665, 0.00188314903062, 0.00128145411145, 0.000570607197005, 0.000498714623973, 0.000542358146049, 0.00104417267721, 0.000492416729685, 0.000391498411773, 0.000250537443208, 0.000424472091254, 0.000351111579221, 0.000136956659844, 0.000131504930323, 0.0001037053662, 8.45005633892e-05, 9.63969141594e-05, 7.69162725192e-05, 8.19372726255e-05, 6.29391506664e-05, 5.18364176969e-05, 3.78904987883e-05, 2.37577805819e-05],
        "mean": [0.00013699955889, 0.00042111123912, 0.000540320936125, 0.000429543142673, 0.000275802682154, 0.000304733024677, 0.000236457461142, 0.000200391179533, 0.000177296664333, 0.00017706953804, 0.000210839993088, 0.000166070502019, 0.000146695776493, 0.000122371959151, 4.87869147037e-05, 4.44113102276e-05, 5.68451141589e-05, 4.69356855319e-05, 4.16776783823e-05, 2.74771609838e-05, 2.1425767045e-05, 1.59118426382e-05, 2.20236688619e-05, 3.04314489767e-05, 2.4300559744e-05, 2.27429609367e-05, 1.99817895918e-05, 2.02488172363e-05, 1.5926803826e-05, 9.2789714472e-06, 7.37563959774e-06, 5.72767157792e-06, 6.24721496933e-06, 5.76557977183e-06, 5.50426830159e-06, 4.1886123654e-06, 3.91338699046e-06, 2.68169287665e-06, 1.8397400936e-06, 9.51207084654e-07],
        "median": [5.66405979043e-05, 0.000192376595805, 0.000202778115636, 0.000185832352145, 0.00014032368199, 0.000133643479785, 0.000137826704304, 9.75949806161e-05, 5.97377693339e-05, 5.71339005546e-05, 6.75918054185e-05, 5.55098013137e-05, 3.00341016555e-05, 2.49415170401e-05, 1.70790244738e-05, 1.60525887622e-05, 1.58190705406e-05, 1.52587672346e-05, 1.43756087709e-05, 9.0025469035e-06, 8.64098910824e-06, 7.23897528587e-06, 1.17679946925e-05, 1.58139300765e-05, 1.17762883747e-05, 1.32981322167e-05, 1.2973050616e-05, 1.1579081729e-05, 8.3937375166e-06, 4.75232400277e-06, 3.61015486305e-06, 2.91815172204e-06, 3.50561981577e-06, 3.37540518558e-06, 3.13547207043e-06, 2.18719469558e-06, 1.64856487572e-06, 9.82638312053e-07, 5.78503886572e-07, 2.74427804925e-07],
        "min": [3.40615229403e-24, 5.73608926521e-24, 1.06872808624e-23, 1.49779442353e-23, 1.10524642969e-23, 6.41997881635e-24, 3.83297534756e-24, 4.28354666422e-24, 6.31679344337e-24, 1.31993271624e-23, 7.70382390719e-24, 1.1027702742e-23, 1.33130343621e-23, 9.67576475552e-24, 8.67091610103e-24, 1.65251844603e-23, 8.30254882387e-24, 8.03847763584e-24, 9.21092215623e-24, 7.86722539965e-24, 1.14325674578e-23, 1.00525460231e-23, 7.12340529668e-24, 7.78103919031e-24, 1.02293770836e-23, 9.89054396988e-24, 1.08423993153e-23, 9.63934304752e-24, 1.14660522366e-23, 1.08662702463e-23, 1.43113315268e-23, 1.11647988787e-23, 7.60141398447e-24, 1.16146215663e-23, 9.18330255822e-24, 9.70556239849e-24, 1.20982138116e-23, 9.99190155215e-24, 9.63177156056e-24, 6.4287351724e-24],
        "var": [4.48499868355e-08, 4.25489872669e-07, 9.28942824885e-07, 4.84272391077e-07, 1.98669738438e-07, 3.28032172092e-07, 9.56340855396e-08, 9.92447297676e-08, 2.24588944775e-07, 1.48438999759e-07, 1.5762877581e-07, 1.18913419556e-07, 1.71366437485e-07, 1.62866129472e-07, 1.10839115663e-08, 6.5802283622e-09, 1.54171022615e-08, 7.90805554374e-09, 6.39426511739e-09, 3.78168873993e-09, 1.43386869045e-09, 6.18683160258e-10, 1.01287722654e-09, 2.26180407736e-09, 1.16638609882e-09, 9.29395560512e-10, 4.79694894917e-10, 6.73071876012e-10, 4.88308615765e-10, 1.55296914217e-10, 1.04032865655e-10, 6.0369292898e-11, 6.56969895152e-11, 5.09251876779e-11, 4.86534076916e-11, 3.386111877e-11, 3.59733319522e-11, 1.87604671381e-11, 9.65796713437e-12, 2.77797294716e-12]
    },
    "mfcc": {
        "mean": [-622.063598633, 82.2888565063, 0.0149791100994, 19.2662315369, -12.6148777008, -1.68566203117, -2.88360714912, 2.36258149147, -9.65711116791, 3.93844437599, -6.52526855469, -3.83995819092, -4.83811330795],
        "cov": [[6343.52392578, -165.061035156, -747.360107422, -287.773925781, -182.235992432, -48.1336364746, -12.8829517365, -7.52213525772, -81.8891143799, 120.20110321, -40.2953224182, -69.786315918, -4.24776124954], [-165.061035156, 658.204162598, 177.283874512, 194.384857178, 25.529920578, 3.95182085037, 17.702589035, 5.99486589432, -31.6668128967, 30.286359787, 0.0476050078869, 0.000268351694103, 1.60324263573], [-747.360107422, 177.283874512, 665.651550293, 209.259368896, 128.63293457, -2.40960741043, 6.2686624527, -2.55351853371, 0.595436573029, -40.9628448486, 7.92040061951, 19.3588924408, -4.00216722488], [-287.773925781, 194.384857178, 209.259368896, 293.978149414, 93.0254364014, -1.81840324402, -19.0187702179, 11.6392040253, 16.2752189636, 5.86732625961, -4.63281059265, 22.5526008606, 16.5514316559], [-182.235992432, 25.529920578, 128.63293457, 93.0254364014, 158.517089844, 18.8837184906, -9.57632827759, 5.45309972763, 32.5089569092, -19.1823101044, -15.3427476883, 7.63103437424, 4.77489423752], [-48.1336364746, 3.95182085037, -2.40960741043, -1.81840324402, 18.8837184906, 135.164245605, 59.9282989502, 17.8946876526, 10.484416008, -2.1091542244, 3.61381006241, -10.2183141708, -12.4443378448], [-12.8829517365, 17.702589035, 6.2686624527, -19.0187702179, -9.57632827759, 59.9282989502, 113.911392212, 32.3742294312, -2.39523100853, 6.35777807236, -1.17828786373, -6.95447444916, -11.7493028641], [-7.52213525772, 5.99486589432, -2.55351853371, 11.6392040253, 5.45309972763, 17.8946876526, 32.3742294312, 68.8906860352, 23.0364303589, -0.0432982817292, -7.51968812943, -5.48533916473, 5.46639156342], [-81.8891143799, -31.6668128967, 0.595436573029, 16.2752189636, 32.5089569092, 10.484416008, -2.39523100853, 23.0364303589, 103.279449463, 16.5905532837, -4.01600646973, -5.66783475876, -0.51664018631], [120.20110321, 30.286359787, -40.9628448486, 5.86732625961, -19.1823101044, -2.1091542244, 6.35777807236, -0.0432982817292, 16.5905532837, 95.6554412842, 34.8154563904, -4.53402471542, -6.84523820877], [-40.2953224182, 0.0476050078869, 7.92040061951, -4.63281059265, -15.3427476883, 3.61381006241, -1.17828786373, -7.51968812943, -4.01600646973, 34.8154563904, 75.453338623, 26.1699829102, 1.30206012726], [-69.786315918, 0.000268351694103, 19.3588924408, 22.5526008606, 7.63103437424, -10.2183141708, -6.95447444916, -5.48533916473, -5.66783475876, -4.53402471542, 26.1699829102, 69.8135070801, 32.8169441223], [-4.24776124954, 1.60324263573, -4.00216722488, 16.5514316559, 4.77489423752, -12.4443378448, -11.7493028641, 5.46639156342, -0.51664018631, -6.84523820877, 1.30206012726, 32.8169441223, 70.4067840576]],
