{
"lowlevel": {
    "average_loudness": 0.755545079708,
    "barkbands_crest": {
        "dmean": 2.59156227112,
        "dmean2": 4.24942922592,
        "dvar": 5.64992380142,
        "dvar2": 13.8605737686,
        "max": 25.9100322723,
        "mean": 8.3854341507,
        "median": 7.39850091934,
        "min": 2.50332570076,
        "var": 14.8992891312
    },
    "barkbands_flatness_db": {
        "dmean": 0.0210035331547,
        "dmean2": 0.0316707976162,
        "dvar": 0.000496279739309,
        "dvar2": 0.000944425235502,
        "max": 0.421564400196,
        "mean": 0.133314818144,
        "median": 0.119630865753,
        "min": 0.0287544317544,
        "var": 0.00266275205649
    },
    "barkbands_kurtosis": {
        "dmean": 1.66408002377,
        "dmean2": 2.67508363724,
        "dvar": 11.756937027,
        "dvar2": 27.3588581085,
        "max": 85.5282516479,
        "mean": 1.35635375977,
        "median": 0.155978441238,
        "min": -1.90083646774,
        "var": 20.5175056458
    },
    "barkbands_skewness": {
        "dmean": 0.490075975657,
        "dmean2": 0.756608724594,
        "dvar": 0.263201236725,
        "dvar2": 0.573973298073,
        "max": 8.2463092804,
        "mean": 0.695959568024,
        "median": 0.533451259136,
        "min": -6.03367614746,
        "var": 0.972378492355
    },
    "barkbands_spread": {
        "dmean": 4.66383981705,
        "dmean2": 7.31207370758,
        "dvar": 22.0804023743,
        "dvar2": 50.2883491516,
        "max": 106.960273743,
        "mean": 20.4376125336,
        "median": 20.0829238892,
        "min": 0.671162188053,
        "var": 94.1691360474
    },
    "dissonance": {
        "dmean": 0.0176871437579,
        "dmean2": 0.0296783726662,
        "dvar": 0.000389470777009,
        "dvar2": 0.00103074300569,
        "max": 0.500000119209,
        "mean": 0.469562470913,
        "median": 0.476971954107,
        "min": 0.0359794273973,
        "var": 0.000833260011859
    },
    "dynamic_complexity": 5.0681681633,
    "erbbands_crest": {
        "dmean": 3.03962683678,
        "dmean2": 5.00232458115,
        "dvar": 7.83153963089,
        "dvar2": 19.5923957825,
        "max": 30.5128250122,
        "mean": 9.47521972656,
        "median": 8.30219745636,
        "min": 2.83627343178,
        "var": 19.0876750946
    },
    "erbbands_flatness_db": {
        "dmean": 0.021359026432,
        "dmean2": 0.0314360931516,
        "dvar": 0.000484177202452,
        "dvar2": 0.000897382793482,
        "max": 0.464859187603,
        "mean": 0.202919185162,
        "median": 0.193950757384,
        "min": 0.0653123557568,
        "var": 0.00274531077594
    },
    "erbbands_kurtosis": {
        "dmean": 1.05344986916,
        "dmean2": 1.72903490067,
        "dvar": 2.71730017662,
        "dvar2": 6.60273647308,
        "max": 33.9104766846,
        "mean": 0.468905568123,
        "median": -0.113767385483,
        "min": -1.89052164555,
        "var": 4.3881688118
    },
    "erbbands_skewness": {
        "dmean": 0.419881731272,
        "dmean2": 0.654551923275,
        "dvar": 0.163083657622,
        "dvar2": 0.368514448404,
        "max": 4.08752679825,
        "mean": 0.171621993184,
        "median": 0.141680642962,
        "min": -3.55892157555,
        "var": 0.556800842285
    },
    "erbbands_spread": {
        "dmean": 6.48554039001,
        "dmean2": 10.165435791,
        "dvar": 38.5008621216,
        "dvar2": 90.2631454468,
        "max": 92.8201446533,
        "mean": 28.3574104309,
        "median": 27.3404159546,
        "min": 1.32362449169,
        "var": 168.227630615
    },
    "hfc": {
        "dmean": 6.08533334732,
        "dmean2": 8.77052402496,
        "dvar": 91.9900588989,
        "dvar2": 182.255157471,
        "max": 258.735534668,
        "mean": 17.2878837585,
        "median": 9.12026023865,
        "min": 1.0818108926e-16,
        "var": 400.793395996
    },
    "melbands_crest": {
        "dmean": 3.22501111031,
        "dmean2": 5.28249502182,
        "dvar": 8.46433162689,
        "dvar2": 20.9237174988,
        "max": 39.0719947815,
        "mean": 10.8241672516,
        "median": 9.9287147522,
        "min": 1.81355154514,
        "var": 23.7369117737
    },
    "melbands_flatness_db": {
        "dmean": 0.0234431736171,
        "dmean2": 0.0348745621741,
        "dvar": 0.000613865850028,
        "dvar2": 0.00115335581359,
        "max": 0.498496949673,
        "mean": 0.15706884861,
        "median": 0.143494859338,
        "min": 0.00532797258347,
        "var": 0.00486959330738
    },
    "melbands_kurtosis": {
        "dmean": 3.14645004272,
        "dmean2": 5.05717754364,
        "dvar": 35.7236061096,
        "dvar2": 86.2521743774,
        "max": 146.959381104,
        "mean": 4.29224681854,
        "median": 1.77541208267,
        "min": -1.78942072392,
        "var": 65.6131896973
    },
    "melbands_skewness": {
        "dmean": 0.573827445507,
        "dmean2": 0.887543201447,
        "dvar": 0.347008883953,
        "dvar2": 0.784998238087,
        "max": 9.49670314789,
        "mean": 1.38711750507,
        "median": 1.21597695351,
        "min": -4.57109117508,
        "var": 1.31876051426
    },
    "melbands_spread": {
        "dmean": 8.21148490906,
        "dmean2": 12.8604669571,
        "dvar": 78.3449859619,
        "dvar2": 173.765075684,
        "max": 192.036895752,
        "mean": 31.4782428741,
        "median": 29.4559421539,
        "min": 0.977754473686,
        "var": 310.704833984
    },
    "pitch_salience": {
        "dmean": 0.0677854940295,
        "dmean2": 0.109391964972,
        "dvar": 0.00376041186973,
        "dvar2": 0.00927203614265,
        "max": 0.957998752594,
        "mean": 0.620699703693,
        "median": 0.616572380066,
        "min": 0.0477266572416,
        "var": 0.015395058319
    },
    "silence_rate_20dB": {
        "dmean": 0,
        "dmean2": 0,
        "dvar": 0,
        "dvar2": 0,
        "max": 1,
        "mean": 1,
        "median": 1,
        "min": 1,
        "var": 0
    },
    "silence_rate_30dB": {
        "dmean": 0.000198767636903,
        "dmean2": 0.000397574796807,
        "dvar": 0.000198694964638,
        "dvar2": 0.00059607141884,
        "max": 1,
        "mean": 0.999900639057,
        "median": 1,
        "min": 0,
        "var": 9.93557769107e-05
    },
    "silence_rate_60dB": {
        "dmean": 0.0741403326392,
        "dmean2": 0.148295402527,
        "dvar": 0.0686407312751,
        "dvar2": 0.145174786448,
        "max": 1,
        "mean": 0.275265812874,
        "median": 0,
        "min": 0,
        "var": 0.199516683817
    },
    "spectral_centroid": {
        "dmean": 263.955169678,
        "dmean2": 406.331878662,
        "dvar": 79555.8984375,
        "dvar2": 162605.03125,
        "max": 11512.5673828,
        "mean": 1731.84912109,
        "median": 1791.03198242,
        "min": 187.346176147,
        "var": 584614.9375
    },
    "spectral_complexity": {
        "dmean": 3.23573851585,
        "dmean2": 4.87009239197,
        "dvar": 10.9195756912,
        "dvar2": 22.4150066376,
        "max": 55,
        "mean": 16.5839214325,
        "median": 16,
        "min": 0,
        "var": 122.079017639
    },
    "spectral_decrease": {
        "dmean": 1.20890553124e-09,
        "dmean2": 1.76922199113e-09,
        "dvar": 3.78223041134e-18,
        "dvar2": 7.61686685039e-18,
        "max": 1.39549681912e-28,
        "mean": -3.08876013655e-09,
        "median": -1.98050220668e-09,
        "min": -3.43805943714e-08,
        "var": 1.12560057691e-17
    },
    "spectral_energy": {
        "dmean": 0.00505382940173,
        "dmean2": 0.00737001234666,
        "dvar": 6.32077862974e-05,
        "dvar2": 0.000127113540657,
        "max": 0.136446923018,
        "mean": 0.0132257584482,
        "median": 0.00837016385049,
        "min": 1.02487847532e-20,
        "var": 0.00019915883604
    },
    "spectral_energyband_high": {
        "dmean": 0.00026872343733,
        "dmean2": 0.000395468290662,
        "dvar": 4.72070070145e-07,
        "dvar2": 9.08572303615e-07,
        "max": 0.0309191420674,
        "mean": 0.000648680666927,
        "median": 0.000184652599273,
        "min": 7.23471227667e-21,
        "var": 1.49743402744e-06
    },
    "spectral_energyband_low": {
        "dmean": 0.000374728406314,
        "dmean2": 0.000598320970312,
        "dvar": 7.45441411709e-07,
        "dvar2": 1.70551163592e-06,
        "max": 0.0194550659508,
        "mean": 0.000588260940276,
        "median": 0.000173411390278,
        "min": 1.30661319428e-23,
        "var": 1.15745910989e-06
    },
    "spectral_energyband_middle_high": {
        "dmean": 0.00241760467179,
        "dmean2": 0.00363385793753,
        "dvar": 1.43160013977e-05,
        "dvar2": 3.2557240047e-05,
        "max": 0.0745993107557,
        "mean": 0.00603431276977,
        "median": 0.00293717859313,
        "min": 1.16876854216e-21,
        "var": 5.39568936802e-05
    },
    "spectral_energyband_middle_low": {
        "dmean": 0.00327208149247,
        "dmean2": 0.00493441103026,
        "dvar": 4.25692196586e-05,
        "dvar2": 8.84509499883e-05,
        "max": 0.124600447714,
        "mean": 0.00622314913198,
        "median": 0.00298353726976,
        "min": 2.00757098174e-22,
        "var": 9.36503492994e-05
    },
    "spectral_entropy": {
        "dmean": 0.158974036574,
        "dmean2": 0.229848563671,
        "dvar": 0.0276477374136,
        "dvar2": 0.0498381406069,
        "max": 9.81826305389,
        "mean": 7.486784935,
        "median": 7.54118585587,
        "min": 5.0918598175,
        "var": 0.205617696047
    },
    "spectral_flux": {
        "dmean": 0.0174943394959,
        "dmean2": 0.0275318175554,
        "dvar": 0.000489532656502,
        "dvar2": 0.00104485289194,
        "max": 0.286644548178,
        "mean": 0.0656067878008,
        "median": 0.0580487027764,
        "min": 6.50789352963e-11,
        "var": 0.0017921711551
    },
    "spectral_kurtosis": {
        "dmean": 2.83228635788,
        "dmean2": 4.67707157135,
        "dvar": 33.3723106384,
        "dvar2": 85.8024215698,
        "max": 152.675354004,
        "mean": 6.45951223373,
        "median": 3.97159433365,
        "min": -1.25336480141,
        "var": 90.4489822388
    },
    "spectral_rms": {
        "dmean": 0.000641963910311,
        "dmean2": 0.0009113564156,
        "dvar": 6.17577825324e-07,
        "dvar2": 1.09180984964e-06,
        "max": 0.0115377185866,
        "mean": 0.00307329930365,
        "median": 0.00285762385465,
        "min": 3.16209016436e-12,
        "var": 3.45805369761e-06
    },
    "spectral_rolloff": {
        "dmean": 459.19708252,
        "dmean2": 761.281188965,
        "dvar": 363520.625,
        "dvar2": 759841.625,
        "max": 19099.9511719,
        "mean": 2125.59643555,
        "median": 2153.3203125,
        "min": 21.533203125,
        "var": 1671454.375
    },
    "spectral_skewness": {
        "dmean": 0.288180828094,
        "dmean2": 0.467134416103,
        "dvar": 0.146676898003,
        "dvar2": 0.360843151808,
        "max": 10.7317867279,
        "mean": 1.58173894882,
        "median": 1.3546487093,
        "min": -0.16959784925,
        "var": 0.716153681278
    },
    "spectral_spread": {
        "dmean": 441655,
        "dmean2": 653981.5,
        "dvar": 445840162816,
        "dvar2": 789360214016,
        "max": 41768056,
        "mean": 3573724.75,
        "median": 3507823,
        "min": 532003.5625,
        "var": 3.8683148288e+12
    },
    "spectral_strongpeak": {
        "dmean": 0.750743985176,
        "dmean2": 1.22066307068,
        "dvar": 1.31869530678,
        "dvar2": 3.19417190552,
        "max": 15.6865825653,
        "mean": 1.222853899,
        "median": 0.669983506203,
        "min": 0,
        "var": 2.45917963982
    },
    "zerocrossingrate": {
        "dmean": 0.00836507976055,
        "dmean2": 0.0100063439459,
        "dvar": 0.000104840248241,
        "dvar2": 0.000121324199426,
        "max": 0.66064453125,
        "mean": 0.0752893984318,
        "median": 0.07373046875,
        "min": 0.00390625,
        "var": 0.00124221737497
    },
    "barkbands": {
        "dmean": [1.30275138872e-05, 0.0001602214179, 0.000201702525374, 0.000383380480343, 0.000603629800025, 0.000817248830572, 0.00125523400493, 0.000751771905925, 0.000602163607255, 0.000435719121015, 0.000597905775066, 0.000355827040039, 0.00035860639764, 0.000414131500293, 0.000546569703147, 0.000472734565847, 0.000433524866821, 0.000321864383295, 0.000129529056721, 0.000181302151759, 0.000120339340356, 4.59487200715e-05, 3.07685877488e-05, 2.7015195883e-05, 1.7730615582e-05, 1.44726163853e-06, 1.29741450916e-09],
        "dmean2": [2.28628196055e-05, 0.000268031144515, 0.000338290177751, 0.000655163195916, 0.00097724061925, 0.00126795773394, 0.00199050060473, 0.0011460876558, 0.000935811840463, 0.000697864510585, 0.000949061126448, 0.00058327417355, 0.00059163197875, 0.000674910494126, 0.000883019878529, 0.000771117978729, 0.000692654051818, 0.000518981425557, 0.00020892136672, 0.000285415560938, 0.000188512625755, 7.27584701963e-05, 4.67329227831e-05, 4.04051534133e-05, 2.5546985853e-05, 2.24112091018e-06, 2.26859353525e-09],
        "dvar": [3.05213188057e-10, 1.79259288302e-07, 2.27478153647e-07, 9.63704565038e-07, 1.64295818195e-06, 6.77789284964e-06, 1.47768723764e-05, 7.50436129238e-06, 3.34369087795e-06, 1.38708367103e-06, 2.07988387046e-06, 1.16789965432e-06, 8.58396276726e-07, 1.16669139061e-06, 2.01655393539e-06, 1.66926326983e-06, 1.67027849329e-06, 5.46921285149e-07, 1.68686270285e-07, 1.73426059291e-07, 8.39463183411e-08, 1.92491782514e-08, 1.83728001701e-08, 3.32078293752e-08, 1.50899044371e-08, 9.52434242585e-11, 1.61271665173e-17],
        "dvar2": [8.47103442947e-10, 4.59923114704e-07, 5.81435131153e-07, 2.63371521214e-06, 4.17158344135e-06, 1.47189648487e-05, 3.48393405147e-05, 1.49595925905e-05, 7.62908803154e-06, 3.19200216836e-06, 5.1861720749e-06, 2.85844407699e-06, 2.26285442295e-06, 2.88402725346e-06, 4.76576315123e-06, 4.00935869038e-06, 3.94984635932e-06, 1.27267412608e-06, 4.1828167241e-07, 4.01079290668e-07, 1.96721742896e-07, 4.52616610858e-08, 3.57487444091e-08, 6.31163388221e-08, 2.53367513636e-08, 2.19724530237e-10, 4.55628485274e-17],
        "max": [0.000233655766351, 0.00704061379656, 0.0116801187396, 0.025307873264, 0.021466769278, 0.0767374187708, 0.0837644860148, 0.0824797227979, 0.0456150323153, 0.0416270829737, 0.0332237780094, 0.0262728203088, 0.0208494961262, 0.0225023366511, 0.0353395119309, 0.0361815989017, 0.0474800392985, 0.0167361516505, 0.0167557876557, 0.0118400435895, 0.00813697930425, 0.00686548976228, 0.00775541178882, 0.0114915100858, 0.00950574409217, 0.000851796648931, 2.64123315219e-07],
        "mean": [1.42168364619e-05, 0.000170365237864, 0.000249554403126, 0.000475510692922, 0.000948294182308, 0.00113411142956, 0.00162365217693, 0.000968496024143, 0.000856159022078, 0.000623978849035, 0.000885743298568, 0.000505322183017, 0.000510004465468, 0.000579834741075, 0.00081746163778, 0.000678857672028, 0.000651475682389, 0.000506244949065, 0.000213288440136, 0.000337165023666, 0.000220270143473, 9.29774905671e-05, 6.66709529469e-05, 5.76106067456e-05, 3.60844969691e-05, 2.43115437115e-06, 1.69045977216e-09],
        "median": [8.15252587927e-06, 3.86814426747e-05, 5.09414967382e-05, 8.16308674985e-05, 0.000260042841546, 0.000256883213297, 0.000308563874569, 0.000133835303131, 0.000211236925679, 0.000154565685079, 0.000201656177524, 0.000115948794701, 0.000133726483909, 0.000133699533762, 0.0001979029621, 0.000166301615536, 0.000192093502847, 0.000140788572025, 6.08801638009e-05, 9.34961135499e-05, 5.65931186429e-05, 2.63147285295e-05, 1.35085592774e-05, 8.47553565109e-06, 4.51588903161e-06, 3.7653339291e-07, 1.09508602186e-09],
        "min": [9.08812136241e-25, 1.91879410585e-24, 2.04825604116e-24, 6.62361734258e-25, 8.35667335944e-24, 9.0812902214e-24, 1.83292935733e-23, 8.78631382969e-24, 1.98302813058e-23, 1.79978363091e-23, 2.10843003547e-23, 2.86102590047e-23, 6.0458533279e-23, 4.0037401466e-23, 5.01089337934e-23, 5.08139514062e-23, 5.31066525649e-23, 1.57996242785e-22, 1.77570115897e-22, 1.52685580684e-22, 2.69101608865e-22, 3.14537952278e-22, 3.93617080219e-22, 5.47348046753e-22, 8.40918252875e-22, 1.44239871749e-21, 1.91455920706e-21],
        "var": [3.23884835618e-10, 1.70444053538e-07, 2.76803149291e-07, 1.15083491892e-06, 2.97438668895e-06, 1.08618951344e-05, 2.00952435989e-05, 1.30005528263e-05, 5.65161963095e-06, 2.59078660747e-06, 4.02211981054e-06, 2.03916874852e-06, 1.33861999529e-06, 1.69119596194e-06, 3.45374655808e-06, 2.64155846708e-06, 2.62470825874e-06, 9.78881757874e-07, 2.25194852987e-07, 4.12533182725e-07, 1.83951499366e-07, 4.20607833007e-08, 4.98908470092e-08, 7.47713073679e-08, 3.23730908747e-08, 1.20400495129e-10, 1.1791899692e-17]
    },
    "erbbands": {
        "dmean": [0.00175037945155, 0.0460989549756, 0.207873851061, 0.670424342155, 1.98290109634, 2.2490234375, 2.65488958359, 8.53429031372, 15.5673942566, 19.2766056061, 14.8376922607, 13.038807869, 13.903301239, 17.5371112823, 19.5785503387, 13.0620851517, 15.3017807007, 19.5653114319, 22.3819847107, 28.4148006439, 24.5478572845, 23.0917949677, 17.52775383, 9.95777320862, 6.06029129028, 8.43818855286, 6.76742315292, 3.07228565216, 1.80151319504, 1.1854159832, 0.810268521309, 0.621079921722, 0.437940150499, 0.267892152071, 0.0939517095685, 0.0158110521734, 0.000875981582794, 3.24261854985e-05, 4.79443451695e-06, 6.49943149256e-06],
        "dmean2": [0.00292176520452, 0.0757904276252, 0.33646261692, 1.15589118004, 3.27487897873, 3.63190984726, 4.22776508331, 13.2779016495, 24.2713470459, 30.1035938263, 22.1870536804, 20.0397891998, 21.6918048859, 27.8437156677, 30.9359073639, 21.1399269104, 25.0809173584, 31.822637558, 36.3288116455, 45.9932746887, 39.1491203308, 36.5002555847, 28.1084785461, 15.66929245, 9.53738689423, 13.250825882, 10.6044654846, 4.85449409485, 2.87475991249, 1.85205090046, 1.24415028095, 0.950175225735, 0.644550323486, 0.396125525236, 0.137178450823, 0.023875547573, 0.00132011959795, 4.78282890981e-05, 6.60635532768e-06, 9.34714626055e-06],
        "dvar": [1.08615440695e-05, 0.0149083482102, 0.245073705912, 3.06412863731, 22.9535999298, 25.4182186127, 61.8227119446, 814.781738281, 2723.11401367, 3111.10766602, 3214.83422852, 1745.33276367, 1445.0390625, 1744.26916504, 3133.15356445, 1281.51123047, 1694.66052246, 2594.74389648, 4146.48144531, 4924.48583984, 5149.16455078, 4496.93066406, 1735.45117188, 750.344543457, 258.663726807, 423.976806641, 327.375946045, 44.2078399658, 28.7901268005, 24.5014362335, 12.2598276138, 17.3581352234, 8.28737258911, 3.23996305466, 0.552947819233, 0.0150610711426, 2.50974590017e-05, 3.34301546445e-08, 2.67578625923e-10, 1.05552705465e-10],
        "dvar2": [2.77914987237e-05, 0.0374730713665, 0.577953398228, 8.46083164215, 61.0329437256, 60.495098114, 147.228042603, 1762.42236328, 6199.11962891, 7018.74072266, 6611.88378906, 3929.66821289, 3464.16772461, 4166.42333984, 8070.89794922, 3115.96557617, 4500.32373047, 6466.68066406, 10040.7167969, 11921.4697266, 12013.78125, 10726.3935547, 4123.77832031, 1747.51000977, 602.849121094, 1010.59777832, 751.933776855, 108.597518921, 67.4673461914, 58.1940231323, 22.2950153351, 35.4810218811, 14.526468277, 5.08368492126, 1.14355516434, 0.0347324237227, 5.61395172554e-05, 7.22022051036e-08, 5.10208653104e-10, 2.07523373486e-10],
        "max": [0.052583117038, 2.24305987358, 13.0383281708, 48.3133277893, 79.6329345703, 100.564582825, 392.345214844, 901.533874512, 1489.4699707, 1308.07336426, 1388.55834961, 1187.02246094, 1182.5291748, 949.696105957, 2454.87597656, 930.051818848, 1125.72558594, 1118.69165039, 1815.54504395, 1374.22436523, 2439.5222168, 1932.6217041, 1321.1439209, 853.283447266, 630.299804688, 571.088256836, 479.700653076, 149.22845459, 273.214599609, 250.065826416, 200.505050659, 270.11706543, 185.588287354, 118.62310791, 67.0259780884, 10.8773546219, 0.435963720083, 0.0163983032107, 0.00136666104663, 0.00030916245305],
        "mean": [0.00217049149796, 0.0498565062881, 0.272079110146, 0.894767165184, 2.63406729698, 3.4239089489, 3.75450754166, 11.647813797, 20.3321380615, 25.7220001221, 19.9834117889, 18.7249507904, 21.2343292236, 26.9802627563, 30.3680343628, 20.1420326233, 23.3564949036, 29.5065422058, 33.6548728943, 45.8341217041, 38.3469161987, 36.3379592896, 28.5436782837, 17.2196674347, 11.705245018, 15.7770872116, 12.3115930557, 6.09018373489, 3.60727071762, 2.50841212273, 1.77747511864, 1.28568017483, 0.9065990448, 0.542710065842, 0.182635530829, 0.0296483449638, 0.00174880784471, 7.75883308961e-05, 1.39046933327e-05, 1.78992686415e-05],
        "median": [0.000944292638451, 0.0103130238131, 0.0579196102917, 0.209090024233, 0.502770125866, 0.844954788685, 1.13722980022, 2.58385920525, 4.1589307785, 4.68249893188, 3.82815623283, 4.73417901993, 5.93366289139, 8.21495437622, 7.61308765411, 5.71238040924, 6.90128707886, 8.20735263824, 8.44855499268, 12.7129936218, 11.1810855865, 11.0899572372, 9.13227939606, 5.00650310516, 3.63602161407, 4.27153301239, 2.67121577263, 1.85675990582, 1.04327905178, 0.593836724758, 0.363589793444, 0.208182752132, 0.116378821433, 0.0667120590806, 0.0238846708089, 0.00446394272149, 0.000365704821888, 2.97045826301e-05, 7.14060706741e-06, 1.08961121441e-05],
        "min": [1.17892422386e-22, 2.01882998323e-22, 2.76281414403e-21, 9.0215338753e-21, 1.09668461873e-20, 3.39977952602e-20, 7.820968781e-20, 1.07066852831e-19, 2.07762812283e-19, 2.38418397203e-19, 3.70039350423e-19, 4.72802634559e-19, 3.30635671366e-19, 6.12735434616e-19, 1.00136809915e-18, 1.5787745981e-18, 2.53395468961e-18, 2.1897489135e-18, 2.47752132629e-18, 3.99247242609e-18, 2.81893743579e-18, 3.2620806306e-18, 7.85601551882e-18, 8.85709183001e-18, 8.06333345011e-18, 7.64901026181e-18, 8.74114178765e-18, 1.10286088556e-17, 1.39621155625e-17, 1.2184879139e-17, 1.16772028283e-17, 1.12594733102e-17, 1.12227117494e-17, 1.01770073899e-17, 6.32545593446e-18, 4.41248454905e-18, 2.59642336947e-18, 9.05308958782e-19, 2.57509363849e-19, 2.96712496844e-20],
        "var": [1.28080682771e-05, 0.0148774441332, 0.327554106712, 3.44346117973, 30.7508468628, 51.7888717651, 83.2424697876, 1272.91845703, 3848.52636719, 4872.65673828, 5267.87402344, 2892.82373047, 2540.97436523, 3218.12036133, 5829.85400391, 2355.74633789, 2797.48095703, 3790.27001953, 6238.65185547, 9728.66113281, 8350.4453125, 7270.60400391, 2912.50463867, 1222.83837891, 511.283660889, 943.836730957, 692.38458252, 107.744804382, 62.3907814026, 47.1641807556, 36.0715827942, 35.1668701172, 19.7884578705, 7.49761104584, 0.875321626663, 0.0191151890904, 3.76106327167e-05, 5.81799142196e-08, 6.63162469383e-10, 3.75460329494e-10]
    },
    "gfcc": {
        "mean": [-67.5395202637, 89.5856018066, -163.165542603, 26.4342632294, -71.7169418335, 7.5415802002, -46.1206626892, 6.43866634369, -22.3987960815, -1.70708596706, -13.4070539474, -5.19613027573, -2.13757801056],
        "cov": [[11146.5537109, -706.74041748, -1576.11950684, 941.725585938, -463.98236084, 237.649368286, -274.550354004, 69.7337722778, -228.080200195, -133.007110596, -90.1008529663, -308.885101318, 137.601928711], [-706.74041748, 1105.86547852, 288.732421875, -252.292877197, 75.9878082275, -424.635009766, 77.8563919067, -134.921890259, 114.303665161, -59.5791511536, 38.9700279236, -31.0187187195, -10.0530433655], [-1576.11950684, 288.732421875, 746.537963867, 147.815933228, 4.53682661057, -53.2753105164, 15.6438522339, -48.1966133118, -70.2798461914, -59.3026046753, -54.1531066895, 19.1575508118, -40.7195091248], [941.725585938, -252.292877197, 147.815933228, 795.545227051, 24.5264663696, 69.9027099609, 2.30502533913, -16.1583003998, -214.693847656, -120.363853455, -126.209205627, -47.092124939, -6.00114631653], [-463.98236084, 75.9878082275, 4.53682661057, 24.5264663696, 215.814453125, -10.4270439148, 22.1658802032, -1.46951973438, 13.7147912979, -14.1668930054, -11.7065134048, 10.5707960129, -12.4034051895], [237.649368286, -424.635009766, -53.2753105164, 69.9027099609, -10.4270439148, 381.260437012, 25.8816642761, 40.4886894226, -100.504859924, 17.4404220581, -28.2145519257, 9.03914737701, -18.9342422485], [-274.550354004, 77.8563919067, 15.6438522339, 2.30502533913, 22.1658802032, 25.8816642761, 181.399627686, -6.38246488571, -36.359828949, -14.3840236664, 4.87801837921, -4.13067483902, -7.09985589981], [69.7337722778, -134.921890259, -48.1966133118, -16.1583003998, -1.46951973438, 40.4886894226, -6.38246488571, 111.248001099, 37.1096000671, 8.98410511017, -5.05884742737, 10.1656017303, 1.42154383659], [-228.080200195, 114.303665161, -70.2798461914, -214.693847656, 13.7147912979, -100.504859924, -36.359828949, 37.1096000671, 184.058349609, 67.1275634766, 40.7073936462, 6.35633420944, 6.48130512238], [-133.007110596, -59.5791511536, -59.3026046753, -120.363853455, -14.1668930054, 17.4404220581, -14.3840236664, 8.98410511017, 67.1275634766, 112.949836731, 53.3212966919, 5.73512649536, -8.32793331146], [-90.1008529663, 38.9700279236, -54.1531066895, -126.209205627, -11.7065134048, -28.2145519257, 4.87801837921, -5.05884742737, 40.7073936462, 53.3212966919, 103.651649475, 29.4934654236, -2.93331503868], [-308.885101318, -31.0187187195, 19.1575508118, -47.092124939, 10.5707960129, 9.03914737701, -4.13067483902, 10.1656017303, 6.35633420944, 5.73512649536, 29.4934654236, 93.1423797607, 28.6564216614], [137.601928711, -10.0530433655, -40.7195091248, -6.00114631653, -12.4034051895, -18.9342422485, -7.09985589981, 1.42154383659, 6.48130512238, -8.32793331146, -2.93331503868, 28.6564216614, 78.1412582397]],
        "icov": [[0.000329391128616, -0.000518767046742, 0.00091104733292, -0.000645346997771, 0.000774738262407, -0.000526786199771, 0.000675471150316, -0.000440440519014, 0.000200195179787, 0.000161559059052, -0.000292813754641, 0.00063990970375, -0.000401926314225], [-0.000518767046742, 0.00402110489085, -0.00254200980999, 0.00205185520463, -0.00202979054302, 0.0032451255247, -0.00253116874956, 0.00335821090266, -0.00174125027843, 0.00230370461941, -0.000500803173054, 0.000566566654015, 0.000600202358328], [0.00091104733292, -0.00254200980999, 0.00458820164204, -0.00229444634169, 0.0026643446181, -0.00180712004658, 0.00220748898573, -0.00153752218466, 0.00130619702395, -0.000364827370504, 0.000734855304472, -0.000231956015341, 0.000462376425276], [-0.000645346997771, 0.00205185520463, -0.00229444634169, 0.00384394801222, -0.0022216073703, 0.00221575656906, -0.00132362428121, 0.000937865115702, 0.00190348119941, 0.000489296333399, 0.00162246637046, 7.1731474236e-06, 0.000499436515383], [0.000774738262407, -0.00202979054302, 0.0026643446181, -0.0022216073703, 0.00720816804096, -0.00190920266323, 0.00107427069452, -0.000943555205595, -0.000893398944754, 0.000647814420518, 0.000548206211533, -0.000656675721984, 0.000793229381088], [-0.000526786199771, 0.0032451255247, -0.00180712004658, 0.00221575656906, -0.00190920266323, 0.00701862061396, -0.00239501171745, 0.000466704746941, 0.00272602029145, -0.00152652803808, 0.00197874684818, -0.00107606535312, 0.00182522879913], [0.000675471150316, -0.00253116874956, 0.00220748898573, -0.00132362428121, 0.00107427069452, -0.00239501171745, 0.0081536071375, -0.00249321432784, 0.00279984483495, -0.00018718856154, -0.00144106289372, 0.00159694603644, -0.000981969526038], [-0.000440440519014, 0.00335821090266, -0.00153752218466, 0.000937865115702, -0.000943555205595, 0.000466704746941, -0.00249321432784, 0.0146168181673, -0.00672682793811, 0.00355330924504, 0.000889746937901, -0.00171355810016, 0.00154777406715], [0.000200195179787, -0.00174125027843, 0.00130619702395, 0.00190348119941, -0.000893398944754, 0.00272602029145, 0.00279984483495, -0.00672682793811, 0.0153873180971, -0.00766590144485, 0.0016735176323, 0.000718151975889, -0.00114802550524], [0.000161559059052, 0.00230370461941, -0.000364827370504, 0.000489296333399, 0.000647814420518, -0.00152652803808, -0.00018718856154, 0.00355330924504, -0.00766590144485, 0.0188262537122, -0.00797410774976, 0.00295609887689, 0.000769471284002], [-0.000292813754641, -0.000500803173054, 0.000734855304472, 0.00162246637046, 0.000548206211533, 0.00197874684818, -0.00144106289372, 0.000889746937901, 0.0016735176323, -0.00797410774976, 0.0183371417224, -0.00749029312283, 0.00382468244061], [0.00063990970375, 0.000566566654015, -0.000231956015341, 7.1731474236e-06, -0.000656675721984, -0.00107606535312, 0.00159694603644, -0.00171355810016, 0.000718151975889, 0.00295609887689, -0.00749029312283, 0.0181511379778, -0.00804516300559], [-0.000401926314225, 0.000600202358328, 0.000462376425276, 0.000499436515383, 0.000793229381088, 0.00182522879913, -0.000981969526038, 0.00154777406715, -0.00114802550524, 0.000769471284002, 0.00382468244061, -0.00804516300559, 0.0175835918635]]
    },
    "melbands": {
        "dmean": [2.92030472338e-05, 9.01651073946e-05, 0.000160252224305, 0.000140526404721, 9.4763643574e-05, 0.000184656921192, 0.000245584466029, 0.000200396709261, 0.000117438474263, 8.28088959679e-05, 7.05034690327e-05, 6.96496281307e-05, 7.51376719563e-05, 4.3021645979e-05, 3.17211815855e-05, 3.89283741242e-05, 3.7590663851e-05, 3.64976513083e-05, 4.28186285717e-05, 3.4555541788e-05, 3.08720773319e-05, 2.64424324996e-05, 1.78675345524e-05, 1.73046664713e-05, 7.93371873442e-06, 4.73381624033e-06, 5.45988177691e-06, 6.19547563474e-06, 5.19467494087e-06, 2.94118285638e-06, 1.60544902883e-06, 1.16600062938e-06, 8.48470506298e-07, 7.0482258252e-07, 5.47449474197e-07, 4.34718174347e-07, 3.93146791566e-07, 3.36260512768e-07, 2.77309652574e-07, 2.27657466212e-07],
        "dmean2": [4.86882308905e-05, 0.000142407196108, 0.000271565833827, 0.000228410848649, 0.000150471154484, 0.000283804401988, 0.000383960752515, 0.000312230928103, 0.000175620429218, 0.000128339510411, 0.000110171196866, 0.00011099781841, 0.000119174736028, 6.96703282301e-05, 5.20364883414e-05, 6.3968487666e-05, 6.14247692283e-05, 5.99924460403e-05, 6.89084554324e-05, 5.66005510336e-05, 4.94403502671e-05, 4.18781091867e-05, 2.89785948553e-05, 2.77217914118e-05, 1.26949898913e-05, 7.61684987083e-06, 8.83324901224e-06, 9.76305454969e-06, 8.26026825962e-06, 4.64761205876e-06, 2.57050191976e-06, 1.88445835647e-06, 1.36377218496e-06, 1.11284941795e-06, 8.65321851506e-07, 6.53555105146e-07, 6.18310423306e-07, 5.05693492414e-07, 4.10448876664e-07, 3.44839094168e-07],
        "dvar": [5.05325026268e-09, 4.70413468179e-08, 1.61481764849e-07, 9.60913126846e-08, 5.49374057357e-08, 3.49828098933e-07, 6.14898112872e-07, 3.56377938715e-07, 2.05180327839e-07, 6.59296830463e-08, 3.75552637877e-08, 2.86951582495e-08, 3.62682115451e-08, 1.94746192506e-08, 8.17628720284e-09, 9.48019263092e-09, 1.01298684996e-08, 1.14707532362e-08, 1.19657110886e-08, 8.15129741483e-09, 9.21444875956e-09, 5.83106452012e-09, 3.49381834575e-09, 1.9565560283e-09, 5.82980108632e-10, 2.788617115e-10, 1.54294202415e-10, 2.66796973403e-10, 2.26103344381e-10, 5.98753407965e-11, 1.39017859724e-11, 1.17804047767e-11, 8.24338253907e-12, 1.02545723649e-11, 5.06205017139e-12, 4.56834266596e-12, 8.13906841229e-12, 4.81293086982e-12, 2.78378535501e-12, 2.67946862614e-12],
        "dvar2": [1.29387096592e-08, 1.08394502263e-07, 4.35649127439e-07, 2.46382057867e-07, 1.2932213167e-07, 7.45174475014e-07, 1.42636895362e-06, 7.71219674789e-07, 4.19155639975e-07, 1.51206606347e-07, 8.98662975146e-08, 6.75236009329e-08, 9.15521809475e-08, 4.81208246583e-08, 2.12015009993e-08, 2.44479068101e-08, 2.5177506302e-08, 2.80614038672e-08, 2.78864416003e-08, 1.98992662348e-08, 2.12604867045e-08, 1.36683109275e-08, 8.58942783566e-09, 4.45630643497e-09, 1.40605538324e-09, 6.57904952739e-10, 3.72700759144e-10, 6.38798902663e-10, 5.22436482964e-10, 1.43851625056e-10, 3.49758590146e-11, 2.83604702223e-11, 1.98961888631e-11, 2.52097544229e-11, 1.1448377836e-11, 7.67037388466e-12, 1.78737302736e-11, 9.43799986081e-12, 4.16151444901e-12, 4.62450173641e-12],
        "max": [0.00107661704533, 0.00556135736406, 0.00976581498981, 0.00459298072383, 0.0103597277775, 0.0183091517538, 0.0192425139248, 0.0152302579954, 0.0125283235684, 0.00674824928865, 0.00591874914244, 0.00484344828874, 0.00595744978637, 0.00459225196391, 0.00256262742914, 0.00191688095219, 0.00205212226138, 0.00293471594341, 0.00228105555288, 0.0024145420175, 0.00292768375948, 0.00231527513824, 0.00326092797332, 0.00111658498645, 0.000799083267339, 0.000640741025563, 0.000321360741509, 0.000368647975847, 0.000411275308579, 0.000370141118765, 0.000116237220936, 0.000151488580741, 0.000140414165799, 0.000182738338481, 0.00012133220298, 0.000149591098307, 0.000175214590854, 0.000129272288177, 0.000131463850266, 9.54465940595e-05],
        "mean": [3.34856740665e-05, 0.000116473551316, 0.000218799599679, 0.000218052256969, 0.000137137365527, 0.000255575519986, 0.000324348802678, 0.000268300354946, 0.000157660339028, 0.000117375529953, 0.000104725724668, 0.0001040033967, 0.000114419264719, 6.21389772277e-05, 4.61797644675e-05, 5.55337646801e-05, 5.33987767994e-05, 4.97259825352e-05, 6.4425279561e-05, 5.15877763974e-05, 4.433329741e-05, 3.9348637074e-05, 2.64202844846e-05, 2.6038456781e-05, 1.25080969156e-05, 7.75248554419e-06, 9.81029734248e-06, 1.04443306554e-05, 8.5957981355e-06, 5.11762618771e-06, 2.91478727377e-06, 2.11280234907e-06, 1.59064586569e-06, 1.34259028073e-06, 1.08286269551e-06, 8.46788793751e-07, 7.40724772186e-07, 6.57084569866e-07, 5.45529928786e-07, 4.26222868555e-07],
        "median": [1.07366313387e-05, 2.42890237132e-05, 4.71361345262e-05, 5.24288880115e-05, 4.149781671e-05, 5.57159073651e-05, 6.79848890286e-05, 4.59719049104e-05, 2.75910133496e-05, 2.89526797133e-05, 2.63686433755e-05, 2.88346818706e-05, 2.62515168288e-05, 1.29891186589e-05, 1.22350475067e-05, 1.46146385305e-05, 1.28921237774e-05, 9.6603844213e-06, 1.58379953064e-05, 1.32907480292e-05, 1.04044784166e-05, 1.09329421321e-05, 7.93084291217e-06, 6.28370571576e-06, 3.31039927914e-06, 2.10427810998e-06, 2.75312004305e-06, 2.46641184276e-06, 1.57890519858e-06, 1.32349680371e-06, 7.96650738266e-07, 5.64590493468e-07, 3.68832075992e-07, 2.82892330006e-07, 2.15185409047e-07, 1.45781598349e-07, 1.1074409656e-07, 8.19399303964e-08, 6.53983320831e-08, 4.99532930576e-08],
        "min": [1.07804153586e-24, 1.54565362857e-24, 1.46172563218e-24, 1.01947778415e-24, 4.19636649014e-24, 1.88894558135e-24, 2.86523313234e-24, 1.80934399399e-24, 3.10686024153e-24, 2.73449580616e-24, 1.57971762853e-24, 2.40570351124e-24, 2.80944548076e-24, 2.90967124485e-24, 2.63150488739e-24, 5.61291731232e-24, 3.66808645786e-24, 3.35100381701e-24, 3.74378712805e-24, 5.01337355803e-24, 2.4194673591e-24, 2.99174255849e-24, 4.90404019758e-24, 6.66979686554e-24, 5.84387488056e-24, 6.96974308095e-24, 4.9488695851e-24, 4.29239847243e-24, 4.36170739714e-24, 5.16978337629e-24, 5.52896752365e-24, 6.49373809985e-24, 3.95562034136e-24, 6.84628003839e-24, 5.477880497e-24, 6.42454355998e-24, 6.32453769087e-24, 6.91631353184e-24, 6.68587385079e-24, 7.59468184551e-24],
        "var": [5.02260322222e-09, 6.22556726171e-08, 2.04550019589e-07, 1.68464268313e-07, 8.41466629709e-08, 5.79897744046e-07, 8.5806630068e-07, 5.93391519033e-07, 3.36936039957e-07, 1.07900888224e-07, 6.61726460294e-08, 5.36966275888e-08, 7.16087100727e-08, 3.76429909466e-08, 1.21578569434e-08, 1.45237120108e-08, 1.43115652662e-08, 1.64370721478e-08, 2.13215276545e-08, 1.40370337576e-08, 1.45276235486e-08, 9.88490711507e-09, 4.10554434893e-09, 3.28969407271e-09, 8.2694423531e-10, 3.89267673651e-10, 3.57597756961e-10, 5.18045273346e-10, 4.13273887334e-10, 1.15996011407e-10, 3.11113045048e-11, 2.31955375046e-11, 1.57758910102e-11, 1.74898845406e-11, 1.2572537629e-11, 1.24939295021e-11, 1.41096526823e-11, 1.05165364264e-11, 6.90139785597e-12, 5.49934360203e-12]
    },
    "mfcc": {
        "mean": [-690.898254395, 110.894927979, -30.6491508484, 10.7205648422, -6.50174999237, -4.89326667786, -10.0726137161, -3.56334733963, -1.42651164532, -3.26361823082, -6.34939813614, -0.543041050434, -1.56363117695],
        "cov": [[9942.33398438, -1595.99365234, -802.561340332, 300.674926758, -32.4737129211, 66.8659667969, 104.71395874, -45.2290725708, 69.4292373657, -1.32652139664, -169.279937744, -19.8979625702, -52.0873908997], [-1595.99365234, 1464.29260254, 23.0482063293, -62.3805351257, -108.585159302, -212.682296753, -211.990783691, -100.817817688, -42.4950141907, -0.18920725584, 57.8391342163, 37.010055542, 18.8078269958], [-802.561340332, 23.0482063293, 655.534606934, 226.274505615, 8.71510791779, 53.3147163391, 64.6783828735, 25.7633094788, -23.8912734985, -55.6535987854, -55.6848182678, -56.8870201111, -36.4638252258], [300.674926758, -62.3805351257, 226.274505615, 665.435913086, 66.0750961304, 21.3953609467, 68.0285263062, 27.8824291229, 6.59567689896, -80.8794708252, -120.720779419, -28.30768013, -72.4621505737], [-32.4737129211, -108.585159302, 8.71510791779, 66.0750961304, 199.080795288, 26.2097187042, -16.0868186951, 24.7694969177, 12.8944616318, -11.4869766235, -2.10414624214, -15.0441808701, -11.6020526886], [66.8659667969, -212.682296753, 53.3147163391, 21.3953609467, 26.2097187042, 201.108688354, 128.683776855, 33.2700614929, -1.9489480257, -8.13488292694, -16.8757686615, -31.6898384094, -19.0661754608], [104.71395874, -211.990783691, 64.6783828735, 68.0285263062, -16.0868186951, 128.683776855, 216.609695435, 70.0704116821, -10.7445020676, -13.0650901794, -32.4749412537, -29.0802059174, -24.3729534149], [-45.2290725708, -100.817817688, 25.7633094788, 27.8824291229, 24.7694969177, 33.2700614929, 70.0704116821, 120.081817627, 29.1619930267, -19.2745189667, -13.793337822, -29.5008945465, -6.90546894073], [69.4292373657, -42.4950141907, -23.8912734985, 6.59567689896, 12.8944616318, -1.9489480257, -10.7445020676, 29.1619930267, 91.1929702759, 20.0549621582, -10.5541133881, -8.04002380371, -10.4139432907], [-1.32652139664, -0.18920725584, -55.6535987854, -80.8794708252, -11.4869766235, -8.13488292694, -13.0650901794, -19.2745189667, 20.0549621582, 94.5088272095, 40.8325119019, 4.93045330048, 1.88740181923], [-169.279937744, 57.8391342163, -55.6848182678, -120.720779419, -2.10414624214, -16.8757686615, -32.4749412537, -13.793337822, -10.5541133881, 40.8325119019, 108.181053162, 40.7679595947, 11.0657129288], [-19.8979625702, 37.010055542, -56.8870201111, -28.30768013, -15.0441808701, -31.6898384094, -29.0802059174, -29.5008945465, -8.04002380371, 4.93045330048, 40.7679595947, 109.441574097, 35.2115478516], [-52.0873908997, 18.8078269958, -36.4638252258, -72.4621505737, -11.6020526886, -19.0661754608, -24.3729534149, -6.90546894073, -10.4139432907, 1.88740181923, 11.0657129288, 35.2115478516, 92.3742752075]],
